meets/meet006/_saidas_enm/CCSM_SVM_0k_S_lineola2.asc
NCOLS 154 
NROWS 168 
XLLCORNER -112 
YLLCORNER -55.5 
CELLSIZE 0.5 
NODATA_value -9999 
[rows 100 to 124 of 168, columns 56 to 111 of 154]
-9999 -9999 -9999 -9999 -9999 -9999 -9999 -9999 -9999 -9999 -9999 -9999 -9999 -9999 -9999 -9999 -9999 -9999 -9999 -9999 -9999 -9999 -9999 -9999 -9999 -9999 -9999 -9999 0.0132330457739016 0.0257442267707013 0.105291248593145 0.0101847032839154 0.0162571574088203 0.0334074181650187 0.0273045501991818 0.0130467681475682 0.0031640126939303 0.0207005945466349 0.10589595769242 0.526307853700955 0.935692716726855 0.674602169146084 0.219728320524001 0.0349583515745455 0.0287033110013815 0.0278616995870615 -0.0432014636692534 -0.0992548334359035 -0.0947833791826769 -0.0714420535040939 -0.0547324573191114 -0.0367950544669011 -0.00705098567238693 0.0508305328060952 0.140591730766336 0.249302897166342
-9999 -9999 -9999 -9999 -9999 -9999 -9999 -9999 -9999 -9999 -9999 -9999 -9999 -9999 -9999 -9999 -9999 -9999 -9999 -9999 -9999 -9999 -9999 -9999 -9999 -9999 -9999 -9999 0.0255555205214438 0.0176872117103456 0.0632878363737339 0.00832279960336613 0.0175860897064649 0.0283122106089439 0.019675202579175 0.0181955873090949 0.0151565716696783 0.0381143429478183 0.143710553911679 0.620531843892879 0.911315717372953 0.562235658944729 0.14800258553009 0.00403974567022447 0.0213137021164078 0.0268061116787668 -0.059897451242765 -0.111280925053632 -0.0967679271210249 -0.0700456298948066 0.00773433300183884 -0.00082279651133893 0.0157195577592419 0.0662514033080964 0.152031728908193 0.285987559373062
-9999 -9999 -9999 -9999 -9999 -9999 -9999 -9999 -9999 -9999 -9999 -9999 -9999 -9999 -9999 -9999 -9999 -9999 -9999 -9999 -9999 -9999 -9999 -9999 -9999 -9999 -9999 0.0666423676272789 0.0307395494985433 0.0273192813484801 0.0650021379538731 0.0108254510792092 0.0138218759437156 0.018348769880246 0.0151374467889465 0.0291111198961531 0.0338506298593969 0.061478056518037 0.237840944937494 0.733192457436827 0.873182847701759 0.459517216927188 0.105431188772501 -0.00992417201468532 0.0186598308906856 0.0305215539316394 -0.0349463481999557 -0.0882080028544997 -0.086341947017738 -0.0641052388214728 -0.0248487886629379 0.00144014164985456 0.00616205628138233 0.0465369060382801 0.137327938696669 0.245552777795749
-9999 -9999 -9999 -9999 -9999 -9999 -9999 -9999 -9999 -9999 -9999 -9999 -9999 -9999 -9999 -9999 -9999 -9999 -9999 -9999 -9999 -9999 -9999 -9999 -9999 -9999 -9999 0.0722611406975154 0.0373151951077653 0.0491829563003191 0.0564220063875632 0.0130302762987295 0.0112011766413185 0.0132225896090585 0.0179978058296421 0.0471852432610061 0.0508111245634245 0.0810303457136712 0.316913174702768 0.8103868724419 0.793407240446377 0.391551851859755 0.100193945432444 0.00396973437646619 0.0426054482398708 0.062183609375035 0.0096090880872482 -0.0490549927565878 -0.0610080101332852 -0.0502353213992469 -0.0289995043677652 -0.0164566334782211 -0.0193322450912299 0.0361588507830398 0.126510561576817 0.221025558475341
-9999 -9999 -9999 -9999 -9999 -9999 -9999 -9999 -9999 -9999 -9999 -9999 -9999 -9999 -9999 -9999 -9999 -9999 -9999 -9999 -9999 -9999 -9999 -9999 -9999 -9999 -9999 0.0725001891287028 0.0371121376739819 0.0783706111405104 0.0446614013730415 0.0121631998834879 0.00827087037850166 0.0108915679723767 0.0255710245982219 0.0558490950231655 0.055056797137162 0.106100708567486 0.394078202750945 0.84985958920858 0.762018948399667 0.373153036417537 0.145255320687908 0.0611527185364737 0.0692865917304466 0.0910092682845811 0.0396472912528483 -0.0124782404439253 -0.029530384980705 -0.0225907697252625 -0.000816392042029435 0.00186522520822902 0.0166515170259913 0.0719312272815517 0.155532679861617 0.250475976257896
-9999 -9999 -9999 -9999 -9999 -9999 -9999 -9999 -9999 -9999 -9999 -9999 -9999 -9999 -9999 -9999 -9999 -9999 -9999 -9999 -9999 -9999 -9999 -9999 -9999 -9999 -9999 0.0697820786442768 0.0407133556518172 0.0951035922199643 0.0302920207224777 0.0146361504623366 0.00956550763367758 0.0129765626039103 0.0320235549759088 0.0536357299997032 0.0536413364294942 0.127455383366281 0.428292704555607 0.851279794831065 0.704668950544225 0.354781531551806 0.178942751128055 0.091073397439651 0.0789727057110637 0.0786052264956411 0.028210182859286 -0.00647575284662072 -0.0187891343973429 -0.0195735756015628 0.00160280135375102 0.0139474823111612 0.0430565978506744 0.0982102068775281 0.156403699798298 0.235071239453814
-9999 -9999 -9999 -9999 -9999 -9999 -9999 -9999 -9999 -9999 -9999 -9999 -9999 -9999 -9999 -9999 -9999 -9999 -9999 -9999 -9999 -9999 -9999 -9999 -9999 -9999 -9999 0.074170121140035 0.0490443101185906 0.0983847832563273 0.0290486680731991 0.0275664482412065 0.0194379685847812 0.0192644849478786 0.0392222431087956 0.0518800646449857 0.0599713190786104 0.132898601398636 0.421151296186467 0.821381733751497 0.633307149930839 0.33945292629099 0.19279928010581 0.113806377101807 0.0705651020963239 0.0272282373194369 0.0105710193878785 -0.0149940325127479 -0.0192551936800377 -0.0117232551741671 -0.00149893818086139 0.0153938198018316 0.0424435114739048 0.0950555651525197 0.149111439046314 0.205979612499734
-9999 -9999 -9999 -9999 -9999 -9999 -9999 -9999 -9999 -9999 -9999 -9999 -9999 -9999 -9999 -9999 -9999 -9999 -9999 -9999 -9999 -9999 -9999 -9999 -9999 -9999 -9999 0.106891714776318 0.070667749288451 0.0936898673775496 0.0462530828828428 0.0487447514475647 0.0312730049573791 0.0261840612197629 0.0516286815060026 0.0749062519191228 0.0776299841251258 0.135908375989104 0.411365454981695 0.77628346434997 0.573716053511608 0.313817775828263 0.207582721875796 0.135481274650326 0.0916384508698397 0.048481036346453 0.0276384961943756 0.0100888035283181 0.0038908987265075 0.0092212747890984 0.0213187672527113 0.0280136851472066 0.0555162215465701 0.0973034921581051 0.13010139373936 0.170994875279744
-9999 -9999 -9999 -9999 -9999 -9999 -9999 -9999 -9999 -9999 -9999 -9999 -9999 -9999 -9999 -9999 -9999 -9999 -9999 -9999 -9999 -9999 -9999 -9999 -9999 -9999 -9999 0.170515169008733 0.106121209800766 0.0880254782486745 0.07547990023692 0.0694802135300768 0.040688729696176 0.0278033165692746 0.0603836228671283 0.10995494630432 0.0951597472194161 0.143986940014509 0.39787606356593 0.71419646218051 0.496419709020952 0.284491772050147 0.209923020385973 0.162456788626573 0.133339687232373 0.120624835416826 0.0806366797051713 0.0547333084720644 0.0431371491311811 0.0371278801779047 0.0472982693838668 0.0577659385489697 0.0705712693076576 0.102330250257092 0.121486495807936 0.15043172261052
-9999 -9999 -9999 -9999 -9999 -9999 -9999 -9999 -9999 -9999 -9999 -9999 -9999 -9999 -9999 -9999 -9999 -9999 -9999 -9999 -9999 -9999 -9999 -9999 -9999 -9999 -9999 0.230565564785495 0.126713825667102 0.0897099797550274 0.0838303289794113 0.0741215688265239 0.0307501922778187 0.0190393915685567 0.0534666524236036 0.103688715606416 0.10750929039435 0.182616282165521 0.424136100483655 0.610341443386583 0.406558500460893 0.241083048956959 0.195660160977461 0.16507203691549 0.143981904509555 0.131146689586417 0.0977282423418976 0.0749603684364334 0.063151432352673 0.0545271760445636 0.0596594604778627 0.0612985720842949 0.0687737827415851 0.0884135280009209 0.0976850793307131 0.119438203702339
-9999 -9999 -9999 -9999 -9999 -9999 -9999 -9999 -9999 -9999 -9999 -9999 -9999 -9999 -9999 -9999 -9999 -9999 -9999 -9999 -9999 -9999 -9999 -9999 -9999 -9999 0.368839960913967 0.254926558202328 0.134185275120032 0.0917203706253031 0.0987084535334314 0.0768662312367478 0.0293559039145098 0.0191084197815399 0.0413712653298123 0.101778567458397 0.137060117007776 0.247408132305574 0.408069543567738 0.465198535550867 0.277949004488473 0.184167455790066 0.16196909942799 0.147977659853003 0.124346798407115 0.107655401984888 0.0886803027482623 0.0681030960253753 0.0652633941966341 0.0635161301346093 0.0647225449044813 0.0697081248338048 0.0593849721751386 0.0709860987862078 0.0799817530435345 0.0894501359601514
-9999 -9999 -9999 -9999 -9999 -9999 -9999 -9999 -9999 -9999 -9999 -9999 -9999 -9999 -9999 -9999 -9999 -9999 -9999 -9999 -9999 -9999 -9999 -9999 -9999 -9999 0.368134004565055 0.232451346735051 0.114401182756379 0.0967552145697217 0.105609194486564 0.0837729478098821 0.0440034701377575 0.0502213717938901 0.06155430202184 0.103228516247256 0.224129210070924 0.402630685446835 0.440529239866122 0.319011759903973 0.189047516662274 0.12965611579906 0.120327832400835 0.110501005714757 0.093061124823114 0.0789326820817853 0.0676380801747549 0.0623738934197499 0.0649386644586452 0.0639938921796061 0.0640122362457112 0.0600310777025697 0.0533032279008573 0.0603888192823276 0.061551729396901 0.0664005898255868
-9999 -9999 -9999 -9999 -9999 -9999 -9999 -9999 -9999 -9999 -9999 -9999 -9999 -9999 -9999 -9999 -9999 -9999 -9999 -9999 -9999 -9999 -9999 -9999 -9999 -9999 0.342789156336339 0.16049258023042 0.0879786725358033 0.0995528994728747 0.12863938192584 0.0926672042502645 0.074886123604971 0.125993347947217 0.204457661800856 0.224275588029097 0.4155782040857 0.519817845095977 0.358828407417265 0.207233797320049 0.119054680053995 0.0936764914190014 0.0879848362439948 0.0814418964596864 0.0669827113328491 0.0576608503926901 0.0566663881615298 0.0570890003392987 0.0636218749649889 0.0603927270721426 0.0635262987518708 0.0591816713304594 0.049989472724485 0.0546673160576788 0.0501701130627882 0.0503378202111576
-9999 -9999 -9999 -9999 -9999 -9999 -9999 -9999 -9999 -9999 -9999 -9999 -9999 -9999 -9999 -9999 -9999 -9999 -9999 -9999 -9999 -9999 -9999 -9999 -9999 -9999 0.267187423917365 0.096747747959134 0.0666264321289077 0.0855117073694251 0.0964339649912758 0.101850256375609 0.164879258802678 0.360815069633974 0.517883817677486 0.498426209860529 0.50846752173703 0.416591218665239 0.218776834714516 0.134039011592069 0.104943616906995 0.0865333575460105 0.0781958212374917 0.0716305589696002 0.063176109859908 0.05763180617333 0.0502278113210867 0.0479813192327988 0.0531678321425375 0.0494067121358887 0.0474056333459995 0.0436486482140372 0.037398735129944 0.0412208778992341 0.0376265138020972 0.0342787309019584
-9999 -9999 -9999 -9999 -9999 -9999 -9999 -9999 -9999 -9999 -9999 -9999 -9999 -9999 -9999 -9999 -9999 -9999 -9999 -9999 -9999 -9999 -9999 -9999 -9999 0.400853481931777 0.176181779809966 0.0652945276468386 0.066444630472459 0.0613616646405345 0.0828400879985972 0.141493442912777 0.366005270480462 0.616528497282713 0.588816525041738 0.402234237864037 0.375891732016871 0.23864068155374 0.123935630747387 0.109341091842509 0.112745778918076 0.0938395216165556 0.085221874517139 0.0828438483140862 0.0833327628680916 0.096892553462992 0.0655345649335244 0.0425478863832633 0.0418135742650916 0.0338373254276313 0.0322661999236122 0.0351156932877467 0.0257292932936957 0.0277212816290381 0.0227945981812642 0.0228864603883183
-9999 -9999 -9999 -9999 -9999 -9999 -9999 -9999 -9999 -9999 -9999 -9999 -9999 -9999 -9999 -9999 -9999 -9999 -9999 -9999 -9999 -9999 -9999 -9999 -9999 0.319489438772408 0.127243914984104 0.0655468442786937 0.0689880281820133 0.0483481634257362 0.0710519204368573 0.197717759334298 0.453986218874192 0.598218493310594 0.440672848435901 0.32221165316073 0.255347598927388 0.168724867384868 0.113701352827907 0.105268181566864 0.106026445840005 0.0969388018977888 0.0891558151026074 0.088628157518195 0.0974081313045081 0.103209541110027 0.0706095428016341 0.0406180659536514 0.0362377445366064 0.0298790369416757 0.0268490476587251 0.022541354538424 0.0161661464738097 0.0198703969682431 0.0175465846902154 0.0173541296000863
-9999 -9999 -9999 -9999 -9999 -9999 -9999 -9999 -9999 -9999 -9999 -9999 -9999 -9999 -9999 -9999 -9999 -9999 -9999 -9999 -9999 -9999 -9999 -9999 -9999 0.269641619077137 0.104988357283068 0.0726721922551135 0.0753236034641678 0.032417532343046 0.0827497586893326 0.233233328867832 0.415901114508071 0.397403881123574 0.292864003068829 0.21153560224282 0.185689086932708 0.145861128164589 0.118771536297105 0.115000406215304 0.104671888030459 0.0971009272368691 0.0863116046653339 0.082483645761827 0.0883999702557725 0.103251068187584 0.0653361330502372 0.0361403657294943 0.0296832661118411 0.0218658725441062 0.0236029275336316 0.0166471384185634 0.0085858617765881 0.0101079135036838 0.00764977289644997 0.011852739658384
-9999 -9999 -9999 -9999 -9999 -9999 -9999 -9999 -9999 -9999 -9999 -9999 -9999 -9999 -9999 -9999 -9999 -9999 -9999 -9999 -9999 -9999 -9999 -9999 -9999 0.267211151290652 0.0933726829436215 0.0550700504956153 0.0477459504074793 0.0050683912906016 0.0583544946214205 0.218667692933464 0.297100761123253 0.257434361384555 0.205269390847929 0.168937011192745 0.151951587421406 0.13393410005691 0.121812676946655 0.121911052122054 0.119272293430692 0.100262088373942 0.0814621043768777 0.0713232048325256 0.0631290797023486 0.0565152134745674 0.0441404590046548 0.0319025469472497 0.0282772936795073 0.0195384516958188 0.0141625399304037 0.0087651840231836 0.00364622445688134 0.00758107767901639 0.00645679829565654 0.00886561547889464
-9999 -9999 -9999 -9999 -9999 -9999 -9999 -9999 -9999 -9999 -9999 -9999 -9999 -9999 -9999 -9999 -9999 -9999 -9999 -9999 -9999 -9999 -9999 -9999 -9999 0.254798097038109 0.0838229228825549 0.040491180329878 0.0264091992420886 -0.0195516264097182 0.0503695464430409 0.184982117890517 0.209141324609801 0.17805843416436 0.159534955842847 0.139159072365199 0.128640655840181 0.10927054933298 0.10321878139273 0.115120735505036 0.119188777001507 0.0952639159319661 0.0713558676474318 0.0609873507751386 0.0479307025731783 0.0412935150656322 0.0360581328345022 0.0284825543407877 0.0251464633329408 0.0130912850069995 0.00887213005139437 0.00427094866442651 -8.1936381495451e-05 0.00281738127657444 0.000733107755556739 0.00717302252325691
-9999 -9999 -9999 -9999 -9999 -9999 -9999 -9999 -9999 -9999 -9999 -9999 -9999 -9999 -9999 -9999 -9999 -9999 -9999 -9999 -9999 -9999 -9999 -9999 -9999 0.233487116520698 0.0729889189706355 0.0286104809928832 0.00956788802884284 -0.0287250696688746 0.0417658598566013 0.146287034470767 0.159704591547361 0.145497193177156 0.137317866741847 0.129215031083859 0.114177402179992 0.0940842635254089 0.0875506490512367 0.0966085022222276 0.0992643203331982 0.0780933626855193 0.0577378190610734 0.0521142558060573 0.0450749851147075 0.0400121697730951 0.0324599921295716 0.0250891238151128 0.0223985794059724 0.0129675528440633 0.00583770820872648 -0.000330564207757567 -0.00473189680382347 -0.000293184434307703 0.00158255314416411 0.00552690581656584
-9999 -9999 -9999 -9999 -9999 -9999 -9999 -9999 -9999 -9999 -9999 -9999 -9999 -9999 -9999 -9999 -9999 -9999 -9999 -9999 -9999 -9999 -9999 -9999 -9999 0.222967087021698 0.0607335690124152 0.0278034868666952 0.0111169989833517 -0.0293871886144509 0.0248511734872305 0.102279667032303 0.12037387347036 0.116315116647372 0.114922267927784 0.111969843683053 0.0939192582984644 0.0741544594449755 0.068129747507621 0.0753722435428665 0.0794073083669576 0.0627595847655527 0.049198773139807 0.0474674078825947 0.0401499169371755 0.0380240212066457 0.0319179907120094 0.0231959468225481 0.0195118487023196 0.00875452853915065 0.00480142091353647 -0.000238823162312218 -0.00568814855086475 -0.00247551999153856 -0.00109721352098779 0.00601783326967503
-9999 -9999 -9999 -9999 -9999 -9999 -9999 -9999 -9999 -9999 -9999 -9999 -9999 -9999 -9999 -9999 -9999 -9999 -9999 -9999 -9999 -9999 -9999 -9999 -9999 0.214090340123419 0.0505709100541025 0.0316456591685611 0.0227423773436218 -0.0230526402343837 -0.00365348380887054 0.0595833898751888 0.0815890098544208 0.0826999913522071 0.0808520313775557 0.0712291360048422 0.0621685003041329 0.0495985634680995 0.0473387105503083 0.0564116988097232 0.0597110159259449 0.0505595231273634 0.043631329845648 0.0425192754037036 0.0374460677132554 0.0339705507834731 0.0277776887832835 0.0212969158237108 0.0169386871831726 0.00925497512079793 0.00330647817937224 -0.00186491168959729 -0.00502464722744483 -0.00156544592422819 0.00122525567654652 0.00564566402406891
-9999 -9999 -9999 -9999 -9999 -9999 -9999 -9999 -9999 -9999 -9999 -9999 -9999 -9999 -9999 -9999 -9999 -9999 -9999 -9999 -9999 -9999 -9999 -9999 -9999 0.209756161322226 0.0416013549938257 0.0248359725933096 0.033413378252536 -0.0135425868978397 -0.0211008207717739 0.0224020073608667 0.049872802959698 0.0558709030986285 0.0535315269160097 0.0449606656634923 0.0409631312959783 0.0339406595268997 0.0347904515761217 0.0457882461464521 0.0493680592434763 0.0431332976046356 0.0379265735544581 0.0377402958603327 0.0312742616350091 0.0285227817438112 0.0247597698813648 0.0181756630879088 0.0157779968422291 0.00774382526040884 0.00413571513769273 0.00110932554193177 -0.00389770186769139 -0.00266542095817324 -0.000760850063166119 0.00329480600906434
-9999 -9999 -9999 -9999 -9999 -9999 -9999 -9999 -9999 -9999 -9999 -9999 -9999 -9999 -9999 -9999 -9999 -9999 -9999 -9999 -9999 -9999 -9999 -9999 -9999 0.206058382798201 0.0375128065038203 0.0189791016483579 0.0383609862311175 -0.00231473855907932 -0.0229324925765935 -0.00113685518611606 0.0280150090680323 0.0374435279724393 0.0383474321228758 0.0352846211496052 0.0308179866927339 0.0267515851861473 0.0309882127919934 0.0428532224493238 0.0502611956663753 0.0403275326860382 0.0327936047455578 0.032162937632567 0.0260911554180177 0.0227342314258657 0.0194403973689964 0.0156798822146781 0.0138107104632409 0.00866255320546971 0.00776715456500005 0.00345951692510116 -0.00319892017392032 0.00107632179280626 0.00561727677082807 0.00443395763056259
-9999 -9999 -9999 -9999 -9999 -9999 -9999 -9999 -9999 -9999 -9999 -9999 -9999 -9999 -9999 -9999 -9999 -9999 -9999 -9999 -9999 -9999 -9999 -9999 0.237391940431526 0.183974244799503 0.0286483679867152 0.017773230037282 0.0467080626895993 0.00869110654517813 -0.0240396718970062 -0.0155334358657953 0.0135188771148282 0.0249655065837612 0.0253869394427177 0.0237357769295606 0.0216450118889912 0.0204211181451917 0.0265031997654004 0.041150047665284 0.0501856949466933 0.0387496317677997 0.028356660371039 0.0266066931577955 0.0217251633026341 0.0177284910652077 0.0140713836539928 0.0112076672869225 0.0112905090274028 0.00966406751187826 0.00886594465375551 0.00466150698756695 7.45223790670768e-05 0.0151500293575441 0.0550316634154113 0.0848161205849454
