meets/meet006/_saidas_enm/CCSM_Maxent_0k_T_nigriceps4.asc
NCOLS 154 
NROWS 168 
XLLCORNER -112 
YLLCORNER -55.5 
CELLSIZE 0.5 
NODATA_value -9999 
[rows 100 to 124 of 168, columns 55 to 109 of 154]
-9999 -9999 -9999 -9999 -9999 -9999 -9999 -9999 -9999 -9999 -9999 -9999 -9999 -9999 -9999 -9999 -9999 -9999 -9999 -9999 -9999 -9999 -9999 -9999 -9999 -9999 -9999 -9999 -9999 0.00743649760261178 0.328934460878372 0.63022118806839 0.187381431460381 0.0895782560110092 0.0514723397791386 0.0693126171827316 0.131690472364426 0.180855840444565 0.421523362398148 0.433667689561844 0.54632043838501 0.482029736042023 0.498098909854889 0.0809158384799957 0.0131043596193194 0.0141682047396898 0.0147195626050234 0.017714861780405 0.0232193451374769 0.0247989594936371 0.0291248001158237 0.0337734520435333 0.0351581610739231 0.041034035384655 0.0291937254369259
-9999 -9999 -9999 -9999 -9999 -9999 -9999 -9999 -9999 -9999 -9999 -9999 -9999 -9999 -9999 -9999 -9999 -9999 -9999 -9999 -9999 -9999 -9999 -9999 -9999 -9999 -9999 -9999 -9999 0.00697581702843308 0.292513787746429 0.514326810836792 0.164365813136101 0.0909395217895508 0.0569159276783466 0.0831927210092545 0.150353536009789 0.421058863401413 0.429936081171036 0.47564759850502 0.519802510738373 0.479840397834778 0.484957784414291 0.0305124875158072 0.0161160416901112 0.0147083951160312 0.0155500201508403 0.0190319661051035 0.0201807115226984 0.025847127661109 0.0314213782548904 0.0419680699706078 0.0435065813362598 0.0457844473421574 0.0347643494606018
-9999 -9999 -9999 -9999 -9999 -9999 -9999 -9999 -9999 -9999 -9999 -9999 -9999 -9999 -9999 -9999 -9999 -9999 -9999 -9999 -9999 -9999 -9999 -9999 -9999 -9999 -9999 -9999 0.00286687514744699 0.00589601648971438 0.0362375266849995 0.450593531131744 0.155206024646759 0.10462698340416 0.0714631453156471 0.10139349848032 0.172985807061195 0.496786266565323 0.465188264846802 0.584746420383453 0.516501009464264 0.480088472366333 0.477259159088135 0.0303491838276386 0.0114037021994591 0.010421703569591 0.0114995315670967 0.012177630327642 0.0230193100869656 0.0302253440022469 0.0348783656954765 0.0399486050009727 0.0457661859691143 0.0466199181973934 0.0345353931188583
-9999 -9999 -9999 -9999 -9999 -9999 -9999 -9999 -9999 -9999 -9999 -9999 -9999 -9999 -9999 -9999 -9999 -9999 -9999 -9999 -9999 -9999 -9999 -9999 -9999 -9999 -9999 -9999 0.00315700843930244 0.00472266133874655 0.0251943282783031 0.254447907209396 0.145425096154213 0.114450491964817 0.0823534429073334 0.115947104990482 0.19167760014534 0.465658932924271 0.435762166976929 0.571310937404633 0.504748284816742 0.502689778804779 0.449411541223526 0.0584621280431747 0.012018883600831 0.0116384690627456 0.0128897773101926 0.0135956639423966 0.0170079171657562 0.0227922555059195 0.0256384648382664 0.0281628910452127 0.0293634403496981 0.0301033072173595 0.0354823023080826
-9999 -9999 -9999 -9999 -9999 -9999 -9999 -9999 -9999 -9999 -9999 -9999 -9999 -9999 -9999 -9999 -9999 -9999 -9999 -9999 -9999 -9999 -9999 -9999 -9999 -9999 -9999 -9999 0.00299615226686001 0.00489750970155001 0.0192186869680882 0.19472448527813 0.112609721720219 0.11174551397562 0.0864573866128922 0.123258143663406 0.21554896235466 0.542367100715637 0.447440475225449 0.541395008563995 0.485003262758255 0.536409854888916 0.438018918037415 0.0602629482746124 0.0135067822411656 0.0129245240241289 0.0143215414136648 0.0151782259345055 0.0163592733442783 0.0238170381635427 0.0289557371288538 0.0318824276328087 0.0332571342587471 0.0336580872535706 0.0396271385252476
-9999 -9999 -9999 -9999 -9999 -9999 -9999 -9999 -9999 -9999 -9999 -9999 -9999 -9999 -9999 -9999 -9999 -9999 -9999 -9999 -9999 -9999 -9999 -9999 -9999 -9999 -9999 -9999 0.00377466110512614 0.0053181629627943 0.0158575102686882 0.0209146775305271 0.0598660819232464 0.0962414667010307 0.0794499740004539 0.120352692902088 0.223856225609779 0.599344074726105 0.540538191795349 0.50004905462265 0.471340894699097 0.59757125377655 0.439207404851913 0.0546008758246899 0.0148864770308137 0.0144618880003691 0.015711622312665 0.016559761017561 0.0180170834064484 0.023370673879981 0.0324570499360561 0.0356651805341244 0.0372838526964188 0.038444522768259 0.040309090167284
-9999 -9999 -9999 -9999 -9999 -9999 -9999 -9999 -9999 -9999 -9999 -9999 -9999 -9999 -9999 -9999 -9999 -9999 -9999 -9999 -9999 -9999 -9999 -9999 -9999 -9999 -9999 -9999 0.00384126068092883 0.00542872166261077 0.0274815075099468 0.00762151135131717 0.0406650118529797 0.0723028630018234 0.0692091435194016 0.11213742941618 0.243492171168327 0.547148704528809 0.543710768222809 0.490396738052368 0.471170336008072 0.616819024085999 0.433865964412689 0.092730849981308 0.0412691906094551 0.039284635335207 0.0169212780892849 0.018044475466013 0.0197537858039141 0.0256008543074131 0.0357147082686424 0.0394310802221298 0.0418701693415642 0.0373142585158348 0.092614583671093
-9999 -9999 -9999 -9999 -9999 -9999 -9999 -9999 -9999 -9999 -9999 -9999 -9999 -9999 -9999 -9999 -9999 -9999 -9999 -9999 -9999 -9999 -9999 -9999 -9999 -9999 -9999 -9999 0.0131099736317992 0.0174604952335358 0.0239648949354887 0.00488246092572808 0.00352319143712521 0.0588399544358253 0.061893492937088 0.105204433202744 0.251409202814102 0.447389662265778 0.527089655399323 0.493967950344086 0.470640122890472 0.60905647277832 0.427508324384689 0.174461498856544 0.0466412231326103 0.0440111383795738 0.0457974262535572 0.0487243980169296 0.0531846098601818 0.0679208859801292 0.0925597548484802 0.0916513875126839 0.0948823913931847 0.0992133170366287 0.105709545314312
-9999 -9999 -9999 -9999 -9999 -9999 -9999 -9999 -9999 -9999 -9999 -9999 -9999 -9999 -9999 -9999 -9999 -9999 -9999 -9999 -9999 -9999 -9999 -9999 -9999 -9999 -9999 -9999 0.0134125277400017 0.0168156437575817 0.0211365949362516 0.00313928094692528 0.00272686220705509 0.0418786630034447 0.0609598234295845 0.110957495868206 0.265655159950256 0.570775270462036 0.536596953868866 0.502969086170197 0.474138617515564 0.511249780654907 0.416303634643555 0.234680265188217 0.0839461386203766 0.0501987412571907 0.0517166145145893 0.055401686578989 0.0596640631556511 0.0665066093206406 0.0848732143640518 0.100892849266529 0.106703281402588 0.111443318426609 0.181412011384964
-9999 -9999 -9999 -9999 -9999 -9999 -9999 -9999 -9999 -9999 -9999 -9999 -9999 -9999 -9999 -9999 -9999 -9999 -9999 -9999 -9999 -9999 -9999 -9999 -9999 -9999 -9999 -9999 0.0155558809638023 0.0332755707204342 0.0195874255150557 0.00332008767873049 0.00299724261276424 0.0602504834532738 0.0790156051516533 0.142429992556572 0.453742206096649 0.557676434516907 0.555225551128387 0.518456995487213 0.565939664840698 0.500885009765625 0.350200325250626 0.238839507102966 0.208436533808708 0.106325462460518 0.111164435744286 0.0973774418234825 0.105849869549274 0.105304792523384 0.129569426178932 0.168896064162254 0.176947832107544 0.301342397928238 0.315202713012695
-9999 -9999 -9999 -9999 -9999 -9999 -9999 -9999 -9999 -9999 -9999 -9999 -9999 -9999 -9999 -9999 -9999 -9999 -9999 -9999 -9999 -9999 -9999 -9999 -9999 -9999 -9999 0.0145186688750982 0.0205984283238649 0.0219335630536079 0.0157134532928467 0.0039774221368134 0.00442995131015778 0.0935489758849144 0.119370013475418 0.214252725243568 0.493385195732117 0.549440324306488 0.549990892410278 0.521949291229248 0.473551511764526 0.473103016614914 0.299222528934479 0.238276675343513 0.218454346060753 0.22065095603466 0.226246818900108 0.240321233868599 0.237284734845161 0.249821960926056 0.300732523202896 0.363154321908951 0.380262583494186 0.387536555528641 0.401659250259399
-9999 -9999 -9999 -9999 -9999 -9999 -9999 -9999 -9999 -9999 -9999 -9999 -9999 -9999 -9999 -9999 -9999 -9999 -9999 -9999 -9999 -9999 -9999 -9999 -9999 -9999 -9999 0.0169485453516245 0.0182386711239815 0.0178936906158924 0.0123199028894305 0.010822594165802 0.00770837254822254 0.156204372644424 0.287220001220703 0.409323126077652 0.526607036590576 0.546272158622742 0.537310659885406 0.581689178943634 0.530259668827057 0.447489738464355 0.287328124046326 0.247584983706474 0.235413953661919 0.23899944126606 0.245346799492836 0.25818744301796 0.247190892696381 0.267227500677109 0.287472903728485 0.338939726352692 0.397943407297134 0.405734539031982 0.39657860994339
-9999 -9999 -9999 -9999 -9999 -9999 -9999 -9999 -9999 -9999 -9999 -9999 -9999 -9999 -9999 -9999 -9999 -9999 -9999 -9999 -9999 -9999 -9999 -9999 -9999 -9999 -9999 0.0183517523109913 0.0154586574062705 0.0130021488294005 0.0127939451485872 0.0130538633093238 0.163160264492035 0.37272772192955 0.356308907270432 0.498466074466705 0.535362184047699 0.539597451686859 0.515053331851959 0.613975763320923 0.523813724517822 0.32406160235405 0.277686387300491 0.261352270841599 0.265417337417603 0.270118623971939 0.274533152580261 0.25694528222084 0.270732969045639 0.287526786327362 0.30690786242485 0.360373020172119 0.419603079557419 0.407840847969055 0.417665034532547
-9999 -9999 -9999 -9999 -9999 -9999 -9999 -9999 -9999 -9999 -9999 -9999 -9999 -9999 -9999 -9999 -9999 -9999 -9999 -9999 -9999 -9999 -9999 -9999 -9999 -9999 -9999 0.0172484219074249 0.0125424861907959 0.00950055290013552 0.0114933326840401 0.0246538128703833 0.278197914361954 0.484874725341797 0.474351704120636 0.507912337779999 0.530256986618042 0.515537679195404 0.505708575248718 0.543238401412964 0.46342808008194 0.312790513038635 0.280686557292938 0.273593932390213 0.274963170289993 0.279375314712524 0.285112738609314 0.259996682405472 0.274894088506699 0.288488864898682 0.305846035480499 0.323936611413956 0.351563513278961 0.408788472414017 0.421132236719131
-9999 -9999 -9999 -9999 -9999 -9999 -9999 -9999 -9999 -9999 -9999 -9999 -9999 -9999 -9999 -9999 -9999 -9999 -9999 -9999 -9999 -9999 -9999 -9999 -9999 -9999 0.021044947206974 0.0154983960092068 0.00956867728382349 0.00406581489369273 0.0140117788687348 0.0321664586663246 0.420590877532959 0.53785103559494 0.500198304653168 0.50735467672348 0.645395040512085 0.535063028335571 0.594978392124176 0.445021212100983 0.320281803607941 0.284191012382507 0.283277839422226 0.292853713035583 0.299696147441864 0.293753266334534 0.258423000574112 0.272914081811905 0.272790521383286 0.289089322090149 0.305267512798309 0.301411539316177 0.349421918392181 0.392797976732254 0.4228555560112
-9999 -9999 -9999 -9999 -9999 -9999 -9999 -9999 -9999 -9999 -9999 -9999 -9999 -9999 -9999 -9999 -9999 -9999 -9999 -9999 -9999 -9999 -9999 -9999 -9999 -9999 0.0185385029762983 0.0134158870205283 0.00905825849622488 0.00902947131544352 0.0178334433585405 0.262125909328461 0.472303360700607 0.567578852176666 0.584586799144745 0.575818479061127 0.676585078239441 0.672560214996338 0.632813572883606 0.453515380620956 0.421112477779388 0.414481431245804 0.295498430728912 0.301962226629257 0.308209508657455 0.307953000068665 0.267758071422577 0.282581329345703 0.281076729297638 0.288256913423538 0.309037327766418 0.304132550954819 0.316848695278168 0.361540883779526 0.403652191162109
-9999 -9999 -9999 -9999 -9999 -9999 -9999 -9999 -9999 -9999 -9999 -9999 -9999 -9999 -9999 -9999 -9999 -9999 -9999 -9999 -9999 -9999 -9999 -9999 -9999 -9999 0.0165869891643524 0.0134119493886828 0.0113903367891908 0.0111918663606048 0.0226789880543947 0.315744161605835 0.50189995765686 0.577258586883545 0.572687685489655 0.696849226951599 0.638821125030518 0.562196135520935 0.494729578495026 0.441762983798981 0.44017481803894 0.423547804355621 0.308893382549286 0.312566757202148 0.313893109560013 0.320249199867249 0.277382045984268 0.288991034030914 0.286524444818497 0.369397759437561 0.341118097305298 0.356427878141403 0.373541206121445 0.334833115339279 0.328288912773132
-9999 -9999 -9999 -9999 -9999 -9999 -9999 -9999 -9999 -9999 -9999 -9999 -9999 -9999 -9999 -9999 -9999 -9999 -9999 -9999 -9999 -9999 -9999 -9999 -9999 -9999 0.0139505956321955 0.0135002750903368 0.0128678856417537 0.0131114581599832 0.0258313212543726 0.39508393406868 0.519047260284424 0.541162014007568 0.531507432460785 0.566098749637604 0.495002686977386 0.471223920583725 0.450435191392899 0.463119059801102 0.470114529132843 0.540560603141785 0.422937214374542 0.406292349100113 0.397338330745697 0.364837467670441 0.361537903547287 0.364022523164749 0.344133913516998 0.286277860403061 0.273071676492691 0.281975865364075 0.289761811494827 0.305157601833344 0.314713835716248
-9999 -9999 -9999 -9999 -9999 -9999 -9999 -9999 -9999 -9999 -9999 -9999 -9999 -9999 -9999 -9999 -9999 -9999 -9999 -9999 -9999 -9999 -9999 -9999 -9999 -9999 0.0142357591539621 0.01380779966712 0.0104361530393362 0.0141175864264369 0.20952208340168 0.483273297548294 0.522095203399658 0.466714352369308 0.535532772541046 0.479684412479401 0.453554093837738 0.441888749599457 0.467791676521301 0.464797466993332 0.475966155529022 0.469552606344223 0.339869260787964 0.311551481485367 0.300275593996048 0.270092070102692 0.263749480247498 0.270659744739532 0.274157881736755 0.278771489858627 0.264365792274475 0.270696043968201 0.277526199817657 0.2850701212883 0.300897419452667
-9999 -9999 -9999 -9999 -9999 -9999 -9999 -9999 -9999 -9999 -9999 -9999 -9999 -9999 -9999 -9999 -9999 -9999 -9999 -9999 -9999 -9999 -9999 -9999 -9999 -9999 0.015413885936141 0.014874529093504 0.0114609971642494 0.0146244410425425 0.223924905061722 0.407954782247543 0.509878158569336 0.412930965423584 0.486469507217407 0.463495880365372 0.445642828941345 0.445452451705933 0.438956707715988 0.468173772096634 0.476721972227097 0.470522165298462 0.329255431890488 0.297841101884842 0.285032868385315 0.258357346057892 0.258149564266205 0.262568950653076 0.265894949436188 0.27117070555687 0.256576657295227 0.261333882808685 0.266757696866989 0.272466003894806 0.280510872602463
-9999 -9999 -9999 -9999 -9999 -9999 -9999 -9999 -9999 -9999 -9999 -9999 -9999 -9999 -9999 -9999 -9999 -9999 -9999 -9999 -9999 -9999 -9999 -9999 -9999 -9999 0.0174485575407743 0.0166938845068216 0.0114143807440996 0.0140787484124303 0.216739222407341 0.322144597768784 0.437220454216003 0.396896451711655 0.473077714443207 0.455443501472473 0.442893266677856 0.441453278064728 0.431827366352081 0.462116897106171 0.471801102161407 0.478568255901337 0.318627297878265 0.285941034555435 0.24441023170948 0.251657545566559 0.253256618976593 0.257615268230438 0.259975790977478 0.264185577630997 0.24845677614212 0.253193765878677 0.257975161075592 0.262469530105591 0.269093900918961
-9999 -9999 -9999 -9999 -9999 -9999 -9999 -9999 -9999 -9999 -9999 -9999 -9999 -9999 -9999 -9999 -9999 -9999 -9999 -9999 -9999 -9999 -9999 -9999 -9999 -9999 0.0193171724677086 0.0183757282793522 0.0108843706548214 0.0104431789368391 0.0213478468358517 0.294673502445221 0.343809247016907 0.368128418922424 0.490599781274796 0.452417194843292 0.443053275346756 0.441458582878113 0.453232198953629 0.449617743492126 0.464445233345032 0.334175944328308 0.310672849416733 0.281042665243149 0.240387514233589 0.246940478682518 0.256815046072006 0.252057492733002 0.253582507371902 0.239848420023918 0.242207482457161 0.246269926428795 0.250433921813965 0.254734396934509 0.260810285806656
-9999 -9999 -9999 -9999 -9999 -9999 -9999 -9999 -9999 -9999 -9999 -9999 -9999 -9999 -9999 -9999 -9999 -9999 -9999 -9999 -9999 -9999 -9999 -9999 -9999 -9999 0.0226492024958134 0.021318968385458 0.0117084849625826 0.00499736377969384 0.0185322165489197 0.260151714086533 0.296539813280106 0.334982067346573 0.460000872612 0.459119468927383 0.453594654798508 0.456551432609558 0.442347884178162 0.442040324211121 0.459628343582153 0.330140948295593 0.307311534881592 0.247938424348831 0.237742468714714 0.243795469403267 0.252440184354782 0.255347281694412 0.247245356440544 0.250152885913849 0.23522837460041 0.239454358816147 0.24346125125885 0.246836349368095 0.250323981046677
-9999 -9999 -9999 -9999 -9999 -9999 -9999 -9999 -9999 -9999 -9999 -9999 -9999 -9999 -9999 -9999 -9999 -9999 -9999 -9999 -9999 -9999 -9999 -9999 -9999 -9999 0.0457419827580452 0.02382967248559 0.0128791881725192 0.00451315054669976 0.0158718395978212 0.220629975199699 0.257676243782043 0.274536788463593 0.305198729038239 0.442798465490341 0.449902832508087 0.45000097155571 0.440267503261566 0.443352162837982 0.457549303770065 0.463432759046555 0.275069624185562 0.246723130345345 0.0346119217574596 0.241534322500229 0.24927294254303 0.250770747661591 0.249706745147705 0.252607494592667 0.230297610163689 0.233886629343033 0.238572612404823 0.238159418106079 0.244175180792809
-9999 -9999 -9999 -9999 -9999 -9999 -9999 -9999 -9999 -9999 -9999 -9999 -9999 -9999 -9999 -9999 -9999 -9999 -9999 -9999 -9999 -9999 -9999 -9999 -9999 0.0400081723928452 0.0508654341101646 0.0277494918555021 0.0233963876962662 0.00396170048043132 0.0137356966733932 0.0288266967982054 0.237294167280197 0.255082339048386 0.259337335824966 0.390058904886246 0.400382936000824 0.394615143537521 0.068675808608532 0.070174016058445 0.0741701871156693 0.415717273950577 0.0696900188922882 0.036501832306385 0.0347134508192539 0.0353355333209038 0.246368676424026 0.246821478009224 0.24672169983387 0.250926852226257 0.238657936453819 0.24350905418396 0.245031327009201 0.244654685258865 0.254561811685562
