meets/meet006/_saidas_enm/CCSM_Maha_0k_T_nigriceps1.asc
NCOLS 154 
NROWS 168 
XLLCORNER -112 
YLLCORNER -55.5 
CELLSIZE 0.5 
NODATA_value -9999 
[rows 100 to 124 of 168, columns 56 to 111 of 154]
-9999 -9999 -9999 -9999 -9999 -9999 -9999 -9999 -9999 -9999 -9999 -9999 -9999 -9999 -9999 -9999 -9999 -9999 -9999 -9999 -9999 -9999 -9999 -9999 -9999 -9999 -9999 -9999 -5.4894845359136 -3.69618112666694 -7.58641669936355 -8.14237215797562 -10.849735493077 -12.5951364192958 -11.2770831239482 -6.34273898785358 -0.55195166812329 -0.151984242340079 0.895664932693835 0.7152612511226 0.884609929210384 0.439996375363748 0.706337536374245 -0.238624047865356 -0.502710837622767 -0.551432428606119 -1.04724154291021 -0.126191935737751 0.30684919746555 0.300372268690505 0.26329214051619 0.299202136700232 0.228746002233669 0.0349114289404023 -0.133932761567371 0.0957142309267862
-9999 -9999 -9999 -9999 -9999 -9999 -9999 -9999 -9999 -9999 -9999 -9999 -9999 -9999 -9999 -9999 -9999 -9999 -9999 -9999 -9999 -9999 -9999 -9999 -9999 -9999 -9999 -9999 -6.1566262598437 -4.79939570073876 -9.63255256129607 -8.14161186337359 -9.3967982844134 -10.4319705208443 -9.89341377577731 -4.93174098698637 0.179260537843635 0.530359104804694 0.918011174735503 0.863422129260638 1 -0.0291213659282052 0.411897585464985 -0.132111650830458 -0.199610959591235 -0.206791468474122 -0.640739184808101 -0.0123675917625334 0.326797426774439 -0.0777514646423023 -0.351416472831696 -0.433072020653545 -0.375163358200387 -0.121517109673043 0.163580540895008 0.366507008769436
-9999 -9999 -9999 -9999 -9999 -9999 -9999 -9999 -9999 -9999 -9999 -9999 -9999 -9999 -9999 -9999 -9999 -9999 -9999 -9999 -9999 -9999 -9999 -9999 -9999 -9999 -9999 -12.5440806636628 -6.99121241415904 -5.83091195107227 -9.09149919731404 -7.57237061381086 -8.32408334507735 -8.83364007077294 -9.19772627735633 -3.06341838269227 0.526347713859257 0.667097255916354 0.852683982891552 1 0.915879908557226 -0.271803041890553 0.392882176894939 0.0552435344050295 0.0626538754608152 0.148593390962136 -0.0858765781812667 -0.797634528356818 -0.318097729207836 -0.519628438496907 -0.437925699074422 -0.315601964167116 -0.335422428883419 -0.131059665381805 0.203556512202407 0.397073796555667
-9999 -9999 -9999 -9999 -9999 -9999 -9999 -9999 -9999 -9999 -9999 -9999 -9999 -9999 -9999 -9999 -9999 -9999 -9999 -9999 -9999 -9999 -9999 -9999 -9999 -9999 -9999 -12.709810840722 -6.93083358174018 -6.87767072128636 -7.89509976776071 -7.3205775169451 -7.5896631137585 -7.78146462075405 -8.54677942364039 -1.91307323855157 0.613571681127586 0.707562676285453 1 0.950996242737789 0.812667562504411 -0.376804956353505 0.296487201402984 0.215360680419949 0.295518374247409 0.357863846572261 0.35390149310415 -0.00605236038951795 -0.35156246153102 -0.327899443666734 -0.365128428220547 -0.509547018159897 -0.555864858931212 -0.239483031023416 0.0270012020679058 0.392851256509195
-9999 -9999 -9999 -9999 -9999 -9999 -9999 -9999 -9999 -9999 -9999 -9999 -9999 -9999 -9999 -9999 -9999 -9999 -9999 -9999 -9999 -9999 -9999 -9999 -9999 -9999 -9999 -12.0391216735886 -6.44519284394947 -8.70895300982556 -7.09260435947601 -7.31168791540325 -7.83836296400653 -7.35516597001699 -7.15346105703744 -0.794897124837598 0.42478915901894 1 1 0.934819160871223 0.780513103974488 -0.2714837385928 0.226291929066469 0.356581464827633 0.366867274740516 0.39157231559363 0.561922500333015 0.504607596376187 0.339352078471834 0.294216513841819 0.33036896725343 0.15711490407805 -0.0109910862143825 0.138978903672328 0.433085200332785 0.680811454280872
-9999 -9999 -9999 -9999 -9999 -9999 -9999 -9999 -9999 -9999 -9999 -9999 -9999 -9999 -9999 -9999 -9999 -9999 -9999 -9999 -9999 -9999 -9999 -9999 -9999 -9999 -9999 -10.9090213801102 -6.35546883712832 -11.7003776942258 -6.76229090123685 -8.22228922502044 -8.82767014230157 -7.43992864054638 -6.15209897416561 0.0906188760584551 0.638070792249809 1 1 1 0.691199712423763 -0.220660551615578 -0.0447368080044552 0.320001024016432 0.390946028025262 0.472218350375366 0.651054841160464 0.662582708989706 0.604267976000525 0.585208067921721 0.676108770822796 0.633345196291491 0.566432678444014 0.464022606855977 0.63625216727089 0.802709248839803
-9999 -9999 -9999 -9999 -9999 -9999 -9999 -9999 -9999 -9999 -9999 -9999 -9999 -9999 -9999 -9999 -9999 -9999 -9999 -9999 -9999 -9999 -9999 -9999 -9999 -9999 -9999 -9.9531649307478 -6.84238078161364 -11.2562545253792 -7.96415448153055 -9.90628697132676 -10.5420926659712 -7.99427554104721 -5.25012184659109 0.797884185940049 1 1 1 0.831478177038876 0.502098315725997 -0.15248345222406 -0.225976366856892 0.191310764875514 0.398677633762396 0.525151551280949 0.629919584566337 0.649423888840897 0.584326061233785 0.608413810661778 0.584606500473552 0.810222678560724 0.888429015914105 0.808189659221779 0.670477420079127 0.792011579628159
-9999 -9999 -9999 -9999 -9999 -9999 -9999 -9999 -9999 -9999 -9999 -9999 -9999 -9999 -9999 -9999 -9999 -9999 -9999 -9999 -9999 -9999 -9999 -9999 -9999 -9999 -9999 -9.73631873769626 -8.35589185742169 -10.0850931624153 -9.67318649524895 -11.8229926847968 -11.8418781579119 -8.19914998579133 -4.27508600123382 1 1 0.583546601725586 1 0.428807694612244 0.351151358317526 -0.124359704756243 -0.497043961251732 -0.0143160315165975 0.259261038922854 0.475899446745055 0.638516461660147 0.700095714417685 0.687018968702163 0.651314972790659 0.637420648124666 0.894616189402087 1 0.936876654033017 0.83733550740815 0.749963694745809
-9999 -9999 -9999 -9999 -9999 -9999 -9999 -9999 -9999 -9999 -9999 -9999 -9999 -9999 -9999 -9999 -9999 -9999 -9999 -9999 -9999 -9999 -9999 -9999 -9999 -9999 -9999 -10.625314797709 -10.233341621251 -9.48102274644488 -11.4055958857448 -12.7974615949388 -12.5476774155637 -7.95135135110636 -2.83726529957243 0.714559404648611 0.712564690937114 1 0.700435182356764 0.293768332912133 0.187789752796019 -0.186850969347073 -0.526771662839506 -0.293387804456295 0.0145707207838449 0.222054099423055 0.450390873091874 0.60215064518095 0.683961237540933 0.65494900979778 0.655307509579547 0.811056982486511 0.953926802070434 1 0.972139508883468 0.873894154919858
-9999 -9999 -9999 -9999 -9999 -9999 -9999 -9999 -9999 -9999 -9999 -9999 -9999 -9999 -9999 -9999 -9999 -9999 -9999 -9999 -9999 -9999 -9999 -9999 -9999 -9999 -9999 -12.7841848291466 -12.8762143314073 -9.02398915757996 -10.3454531287326 -11.3210478306402 -10.2061479436796 -6.36369109833528 -1.15333734911628 0.170786465679306 1 0.55111037128699 0.0157184011726985 -0.237846122065564 -0.126073706826273 -0.321558990175313 -0.478042280740218 -0.553260087177309 -0.261010760768195 -0.0447837125706028 0.267059257164555 0.448568965111693 0.53165335080707 0.536793137375088 0.580846189210938 0.747972986386092 0.872038482867576 0.968695737811591 1 0.962120449281496
-9999 -9999 -9999 -9999 -9999 -9999 -9999 -9999 -9999 -9999 -9999 -9999 -9999 -9999 -9999 -9999 -9999 -9999 -9999 -9999 -9999 -9999 -9999 -9999 -9999 -9999 -23.7022194327069 -14.100058569415 -13.6895143776468 -7.74626231541912 -8.48295282264458 -8.41153113752503 -7.55765615832495 -5.07528669152652 0.254322507565355 0.50593221582062 1 1 0.335026244068369 -1.12835690235897 -0.575784675640385 -0.642386253041832 -0.586808772341308 -0.751741935908181 -0.531279890458949 -0.275110495526515 -0.08173163786551 0.0845202240800168 0.188331354882642 0.320724935727561 0.477758570598994 0.628420585898331 0.808181407840512 0.897420532067843 0.923413227258087 0.881045037902743
-9999 -9999 -9999 -9999 -9999 -9999 -9999 -9999 -9999 -9999 -9999 -9999 -9999 -9999 -9999 -9999 -9999 -9999 -9999 -9999 -9999 -9999 -9999 -9999 -9999 -9999 -21.0808391643376 -13.5145336383483 -10.4821561628071 -5.48017560849144 -5.3508674638609 -5.4835969618664 -5.26244979488761 -4.58102181176572 0.620935001354271 0.382778765145103 1 0.744730463569695 -0.0742066969524027 -1.05241361554067 -1.27574782638381 -1.08492414834291 -0.859749012572511 -0.89230370662517 -0.963338980272259 -0.7467204355275 -0.496174188623677 -0.271970838541184 -0.0941352815312506 0.110252188938503 0.302055130775236 0.507603559670067 0.648991403438321 0.718299659200645 0.778333429289297 0.921020322043406
-9999 -9999 -9999 -9999 -9999 -9999 -9999 -9999 -9999 -9999 -9999 -9999 -9999 -9999 -9999 -9999 -9999 -9999 -9999 -9999 -9999 -9999 -9999 -9999 -9999 -9999 -17.2039272246546 -14.6140313240228 -6.48606772895951 -3.76019681361888 -3.41551021057721 -3.31529455890079 -4.44585301914892 -2.48330926945973 -0.272636482434299 0.337452508089885 0.652285901556324 0.537621630721374 -0.189105170826518 -0.780850668905334 -0.91325959027716 -1.37713114487933 -1.44171504462697 -1.30067781282961 -1.37570734126311 -1.43931801553897 -1.03180101365765 -0.625658619125476 -0.391466273146769 -0.202582445923795 -0.0619090663598436 0.183895933437098 0.45426105276895 0.664494675973405 0.802250570033737 0.896432407283628
-9999 -9999 -9999 -9999 -9999 -9999 -9999 -9999 -9999 -9999 -9999 -9999 -9999 -9999 -9999 -9999 -9999 -9999 -9999 -9999 -9999 -9999 -9999 -9999 -9999 -9999 -13.7585881052291 -10.2839232836029 -5.51942665735388 -3.12058658393571 -1.95197759768066 -2.2308209550827 -3.95023435664069 -1.12835037559266 -1.63490607007354 0.0122942471415752 1 0.439880574985763 -0.439433464539099 -0.460022795084988 -0.302494922881193 -0.45168630750563 -0.763709667890068 -1.10658470892757 -1.34579622768025 -1.67849005990298 -1.57056291921315 -1.01307894688377 -0.762678378159859 -0.595982938115483 -0.375786193555258 -0.004909526426226 0.333882012516163 0.53055085914338 0.647294907032216 0.687097876700937
-9999 -9999 -9999 -9999 -9999 -9999 -9999 -9999 -9999 -9999 -9999 -9999 -9999 -9999 -9999 -9999 -9999 -9999 -9999 -9999 -9999 -9999 -9999 -9999 -9999 -10.7691776004023 -12.7694600845491 -8.36324954384307 -6.35242864232796 -2.32169284894837 -1.27463650144628 -2.21527166296518 -2.36738913585545 -2.60647141001877 0.392246577300685 -0.0732116959087221 0.467029548023881 0.0118598708666449 -0.377329547025533 -0.143327571265199 -0.159255389360071 -0.0180349511435112 -0.0888331801091382 -0.260773899758908 -0.516084825203231 -0.754183590945074 -1.59674915801936 -1.47807832699756 -1.22008573449959 -0.827821929126883 -0.554602556673478 -0.275022022513855 0.0253565812343149 0.19251192632912 0.261140231861896 0.359975232324687
-9999 -9999 -9999 -9999 -9999 -9999 -9999 -9999 -9999 -9999 -9999 -9999 -9999 -9999 -9999 -9999 -9999 -9999 -9999 -9999 -9999 -9999 -9999 -9999 -9999 -10.3406965402525 -9.38004448788716 -5.04718890316081 -3.91369166529929 -1.26930048511396 -0.793497976720816 -2.93203406283382 -3.40205282319481 -0.724179979363393 1 0.0809324960027261 -0.207061584760662 0.223580842147365 0.0350846908759714 0.0899406817623521 0.142915728688026 0.322572267436171 0.243756270394487 0.116486955027456 -0.0404212646448738 -0.349638708243852 -1.22838728661892 -2.09268594082953 -1.72103581914065 -1.29023024680168 -0.987654409813703 -0.687482779117819 -0.454740730114264 -0.12901262601579 0.193347101884487 0.416618048401189
-9999 -9999 -9999 -9999 -9999 -9999 -9999 -9999 -9999 -9999 -9999 -9999 -9999 -9999 -9999 -9999 -9999 -9999 -9999 -9999 -9999 -9999 -9999 -9999 -9999 -10.0706737571026 -6.96204699555395 -3.23556834313907 -2.33548151601963 -0.334916672724806 -0.784730536958844 -3.82124478900795 -1.09833986731601 0.479081932777794 0.711692519012246 -0.212723544050415 0.144773743393053 0.683325373118739 0.643247192919765 0.722625159041523 0.576376683874098 0.628350198723756 0.432132863915395 0.231781391937445 0.126887567479176 -0.0397837071887537 -1.11742112743848 -2.40311924455953 -2.26041807793744 -1.8224716397409 -1.56311919732503 -0.956105853186438 -0.473631715652929 -0.160954510922411 0.104299600508919 0.244813676704058
-9999 -9999 -9999 -9999 -9999 -9999 -9999 -9999 -9999 -9999 -9999 -9999 -9999 -9999 -9999 -9999 -9999 -9999 -9999 -9999 -9999 -9999 -9999 -9999 -9999 -11.7290183384888 -6.48434381363888 -2.52300319477826 -1.16131876093043 0.452381554651274 -0.620274175760136 -1.55994225219097 0.178209276844739 0.682433240773249 0.30078966357371 -0.0886985545240588 0.265426250327122 0.815372039054561 0.786499501246476 0.954586108116394 1 0.846144538808202 0.348266510420713 -0.102266492207168 -0.386530804852291 -0.816111610125656 -1.86824572526248 -2.69277944552401 -2.833066707282 -2.23354394933101 -1.66697842506913 -1.12016492100663 -0.692678024392412 -0.4439263096623 -0.238556926741196 -0.0940321662163111
-9999 -9999 -9999 -9999 -9999 -9999 -9999 -9999 -9999 -9999 -9999 -9999 -9999 -9999 -9999 -9999 -9999 -9999 -9999 -9999 -9999 -9999 -9999 -9999 -9999 -13.0613775593949 -6.62995282928302 -2.38030265475968 -0.630949349579313 0.874645944795896 -1.03176431241957 -0.254379910395635 0.760552750968936 0.806153260368141 0.409090774876588 0.0821120363536684 0.569489364058234 0.94454997334514 1 1 0.888959930276167 0.621957789609519 -0.180180488772357 -0.937440907763996 -1.53748537907453 -2.22383177965036 -2.78654823002548 -3.05221118522986 -2.9563081291293 -2.31118815156078 -1.65856911699845 -1.0510727089293 -0.540825664096331 -0.182647978632819 0.129858781725253 0.335104179459709
-9999 -9999 -9999 -9999 -9999 -9999 -9999 -9999 -9999 -9999 -9999 -9999 -9999 -9999 -9999 -9999 -9999 -9999 -9999 -9999 -9999 -9999 -9999 -9999 -9999 -13.7148015319901 -6.72899818672933 -2.53007763437204 -0.369434070734027 1 -1.44503509204656 0.393887008727156 0.925482106885896 0.844912961087121 0.481715277578811 0.201808384287946 0.544138284160996 0.952545253263487 1 1 0.933512353487652 0.41830041279164 -1.00595351924082 -1.95007160458395 -2.41626746798768 -2.75638419265927 -3.43154658306738 -3.57847377476355 -3.06328363853835 -2.14966210413588 -1.41077149173767 -0.792156554976094 -0.300574241791747 0.0370151674125527 0.345221962109737 0.553350893714546
-9999 -9999 -9999 -9999 -9999 -9999 -9999 -9999 -9999 -9999 -9999 -9999 -9999 -9999 -9999 -9999 -9999 -9999 -9999 -9999 -9999 -9999 -9999 -9999 -9999 -13.6743765357797 -6.26765133631604 -2.70452366772917 -0.512627732396087 0.907322883570096 -1.5872727146367 0.668606447298761 0.907817379353751 0.911149206037526 0.799260904492957 0.561865451039327 0.825392150601284 0.963662095412906 1 0.949106708861622 0.900324073824678 0.178576549801224 -1.52957462951782 -2.7351884305165 -3.03611001193016 -3.20285682154535 -3.75157253225694 -3.7409731140507 -2.99052516998556 -2.03023870648593 -1.3873717394637 -0.787274597221963 -0.255608949766874 0.098688613328317 0.418983824623446 0.600791430980155
-9999 -9999 -9999 -9999 -9999 -9999 -9999 -9999 -9999 -9999 -9999 -9999 -9999 -9999 -9999 -9999 -9999 -9999 -9999 -9999 -9999 -9999 -9999 -9999 -9999 -13.8062158846187 -5.87518091857773 -2.81665392893628 -0.88252116084531 0.721719472459352 -1.21852137189549 0.633961766695603 0.695823628058999 0.684462981531889 0.805424045645767 0.881511566453774 0.925633308509902 1 1 0.991740863144128 0.931479302534696 0.270837637519483 -1.38071438559878 -2.65797019488066 -2.94260965712652 -2.96801561046991 -3.4836892573988 -3.75736726938113 -2.99814486424428 -2.18107686787747 -1.49061284237704 -0.836329218601762 -0.32148037643872 0.0377618506881391 0.340705051936478 0.537673518096386
-9999 -9999 -9999 -9999 -9999 -9999 -9999 -9999 -9999 -9999 -9999 -9999 -9999 -9999 -9999 -9999 -9999 -9999 -9999 -9999 -9999 -9999 -9999 -9999 -9999 -12.8596229617495 -5.49703988670489 -2.78548130158014 -1.46186560660509 0.500071774158662 -0.757752577933136 0.11464509118854 0.613737490686505 0.342141626705553 0.628165012425627 0.88838839201227 0.965010738776779 0.993776629522514 1 0.980279458729343 0.973630970637939 0.464704126291311 -0.990317112993985 -2.1678908237836 -2.44484205297505 -2.45250817594258 -2.88704305936733 -3.62141615333367 -3.14444251548501 -2.27987011079345 -1.68399713669483 -1.09626426992218 -0.509406075329214 -0.168583352102549 0.162948970217852 0.353202582644626
-9999 -9999 -9999 -9999 -9999 -9999 -9999 -9999 -9999 -9999 -9999 -9999 -9999 -9999 -9999 -9999 -9999 -9999 -9999 -9999 -9999 -9999 -9999 -9999 -9999 -11.9290075059003 -5.74133272432218 -3.04031523898177 -2.05703432599277 0.187205826577428 -0.412821903114547 -0.899480096311347 0.509906187789194 0.272980952333999 0.681406462613808 0.908718865690971 0.966883942570234 0.97585986247459 0.979196641722137 0.970289968384632 0.980819201975969 0.616137582676444 -0.642255086822939 -1.60100951918891 -1.81442900767754 -1.80205709196519 -2.30904450881203 -3.13606042081932 -3.34244998520203 -2.51743650494959 -1.9415538676975 -1.37155872787578 -0.866142764758434 -0.491871599531728 -0.0826833271742446 0.117832394273373
-9999 -9999 -9999 -9999 -9999 -9999 -9999 -9999 -9999 -9999 -9999 -9999 -9999 -9999 -9999 -9999 -9999 -9999 -9999 -9999 -9999 -9999 -9999 -9999 -18.2311477688588 -11.027307299812 -5.24303048171053 -3.53608833757448 -3.18680663351833 -0.335425097789977 -0.0140775435549736 -1.83088725927784 0.173902862565199 0.107666142573263 0.464640398045384 0.829656824218761 0.883692701419248 0.92183138807691 0.971505294158448 0.964995209745004 0.951799435360281 0.592760863492931 -0.318342067791781 -1.0148209815522 -1.20594072496342 -1.29617581017809 -1.81747514658553 -2.50489094478735 -2.90417107734739 -3.00788861108464 -2.29767448206637 -1.69627094301356 -1.20119760704767 -0.916640112454977 -0.761149867099824 -0.611109073954065
