meets/meet006/_saidas_enm/CCSM_Maxent_0k_S_lineola2.asc
NCOLS 154 
NROWS 168 
XLLCORNER -112 
YLLCORNER -55.5 
CELLSIZE 0.5 
NODATA_value -9999 
[rows 75 to 99 of 168, columns 56 to 111 of 154]
-9999 -9999 -9999 -9999 -9999 -9999 -9999 -9999 -9999 -9999 -9999 0.778919339179993 0.438240647315979 0.265061378479004 0.26337718963623 0.330974847078323 0.561841547489166 0.461784899234772 0.364961057901382 0.323398798704147 0.29201540350914 0.266690850257874 0.249662712216377 0.242923527956009 0.249135553836823 0.25314536690712 0.253586232662201 0.253238171339035 0.253432065248489 0.255742877721786 0.256374925374985 0.25722599029541 0.258246541023254 0.262389063835144 0.270417004823685 0.278293460607529 0.288339376449585 0.297963976860046 0.310684353113174 0.326147705316544 0.340276122093201 0.356528133153915 0.370197176933289 0.385255724191666 0.401396811008453 0.405180603265762 0.405461430549622 0.401982575654984 0.394075155258179 0.391301721334457 0.390206128358841 0.395342856645584 0.403262794017792 0.409042835235596 0.334590941667557 0.334195077419281
-9999 -9999 -9999 -9999 -9999 -9999 -9999 -9999 -9999 -9999 -9999 0.784178555011749 0.48580613732338 0.288348436355591 0.280520498752594 0.312601625919342 0.393613547086716 0.548120856285095 0.475280523300171 0.419398188591003 0.317782878875732 0.290653616189957 0.268913149833679 0.253132492303848 0.253063678741455 0.249190434813499 0.250600039958954 0.250532805919647 0.249546632170677 0.250650703907013 0.249798700213432 0.249668151140213 0.252356886863708 0.256386190652847 0.264009028673172 0.273814737796783 0.280301928520203 0.291108310222626 0.303663671016693 0.319032520055771 0.338449150323868 0.350215166807175 0.366134911775589 0.381859421730042 0.394909113645554 0.409469336271286 0.409006476402283 0.405508518218994 0.404994547367096 0.399116307497025 0.399572193622589 0.403096884489059 0.328968942165375 0.3267882168293 0.32489413022995 0.322160243988037
-9999 -9999 -9999 -9999 -9999 -9999 -9999 -9999 -9999 -9999 -9999 -9999 0.574866414070129 0.373767018318176 0.316754549741745 0.311331033706665 0.34894210100174 0.427659779787064 0.582077980041504 0.517602741718292 0.434207767248154 0.353796720504761 0.297342628240585 0.264093995094299 0.263085454702377 0.259910941123962 0.256208091974258 0.250967562198639 0.246196210384369 0.244432240724564 0.243793055415154 0.243571043014526 0.245139718055725 0.248712420463562 0.255948394536972 0.264413475990295 0.271312981843948 0.279990583658218 0.291690647602081 0.306396424770355 0.323213309049606 0.336746394634247 0.351019352674484 0.366967588663101 0.38360670208931 0.399344682693481 0.411225885152817 0.41096892952919 0.411204516887665 0.412428230047226 0.329676032066345 0.325337767601013 0.321806818246841 0.318949580192566 0.315256208181381 0.311700463294983
-9999 -9999 -9999 -9999 -9999 -9999 -9999 -9999 -9999 -9999 -9999 -9999 0.775054097175598 0.556805670261383 0.375257015228271 0.29873913526535 0.280814796686172 0.296219885349274 0.347380787134171 0.439693093299866 0.546393156051636 0.467198520898819 0.348251581192017 0.282682687044144 0.286871641874313 0.280706822872162 0.264080315828323 0.252291440963745 0.242937669157982 0.238379314541817 0.235599309206009 0.234906136989594 0.236138612031937 0.239365011453629 0.246210768818855 0.252400547266006 0.258607059717178 0.265466958284378 0.27543318271637 0.289132505655289 0.301952213048935 0.316784381866455 0.330064028501511 0.347119301557541 0.367584496736526 0.383609026670456 0.403405696153641 0.410370320081711 0.336391180753708 0.334361672401428 0.330298990011215 0.322002291679382 0.316189587116241 0.311911374330521 0.30752158164978 0.302091538906097
-9999 -9999 -9999 -9999 -9999 -9999 -9999 -9999 -9999 -9999 -9999 -9999 -9999 0.763397097587585 0.493508577346802 0.273644655942917 0.208499133586884 0.224553570151329 0.24368616938591 0.268502980470657 0.363191664218903 0.56707227230072 0.448433220386505 0.368389159440994 0.337415933609009 0.306337922811508 0.283925503492355 0.256305873394012 0.237022086977959 0.234444305300713 0.231079757213593 0.230702415108681 0.231713116168976 0.234271198511124 0.239757180213928 0.245635434985161 0.250962197780609 0.25714036822319 0.264683961868286 0.275511562824249 0.287383556365967 0.300422608852386 0.313644737005234 0.330989480018616 0.285171210765839 0.303866744041443 0.319254547357559 0.329242497682571 0.331757128238678 0.330382496118546 0.327315926551819 0.322553545236588 0.311451137065887 0.305260360240936 0.299822777509689 0.294234484434128
-9999 -9999 -9999 -9999 -9999 -9999 -9999 -9999 -9999 -9999 -9999 -9999 -9999 0.766305863857269 0.552619218826294 0.22890567779541 0.158879816532135 0.139728218317032 0.1268659979105 0.166618436574936 0.207910493016243 0.320517271757126 0.497681200504303 0.419091075658798 0.379090040922165 0.35151743888855 0.31958344578743 0.272562444210052 0.232961297035217 0.230391964316368 0.227185562252998 0.222940698266029 0.227187857031822 0.229052037000656 0.233680114150047 0.239745289087296 0.244839072227478 0.251069843769073 0.258213192224503 0.268365681171417 0.278256207704544 0.288063019514084 0.234902575612068 0.251097738742828 0.275596648454666 0.301135540008545 0.312429845333099 0.322029143571854 0.329418569803238 0.327352553606033 0.32576110959053 0.318430870771408 0.311035394668579 0.304754674434662 0.295264095067978 0.289064228534698
-9999 -9999 -9999 -9999 -9999 -9999 -9999 -9999 -9999 -9999 -9999 -9999 -9999 -9999 0.759903252124786 0.448907434940338 0.243496492505074 0.106119468808174 0.0781931504607201 0.109420299530029 0.156317695975304 0.259397208690643 0.347688347101212 0.540765702724457 0.479187905788422 0.401070088148117 0.373148590326309 0.312796741724014 0.269281536340714 0.255484908819199 0.225110054016113 0.226628631353378 0.222520291805267 0.220804959535599 0.228080540895462 0.232495993375778 0.23709262907505 0.242917507886887 0.250205278396606 0.26162314414978 0.272901952266693 0.219906061887741 0.228707149624825 0.2446368932724 0.266016989946365 0.286434054374695 0.300402134656906 0.307734847068787 0.314547806978226 0.318441540002823 0.317117780447006 0.313105404376984 0.307356953620911 0.30251282453537 0.298436045646667 0.292630821466446
-9999 -9999 -9999 -9999 -9999 -9999 -9999 -9999 -9999 -9999 -9999 -9999 -9999 -9999 0.70143735408783 0.637243926525116 0.37359282374382 0.123945690691471 0.0743445828557014 0.0718314275145531 0.110623940825462 0.152174293994904 0.242435127496719 0.337310492992401 0.413755506277084 0.528321862220764 0.492093622684479 0.378506690263748 0.329755932092667 0.34150493144989 0.262094616889954 0.245422407984734 0.229112103581429 0.218809828162193 0.224272876977921 0.225953534245491 0.229672119021416 0.234846100211143 0.244005903601646 0.255923628807068 0.265559703111649 0.215959042310715 0.224385544657707 0.238189667463303 0.255993187427521 0.274072021245956 0.287020176649094 0.293162643909454 0.300158143043518 0.305928319692612 0.307851791381836 0.310598492622375 0.306438654661179 0.303378582000732 0.30043888092041 0.295874267816544
-9999 -9999 -9999 -9999 -9999 -9999 -9999 -9999 -9999 -9999 -9999 -9999 -9999 -9999 -9999 0.765561163425446 0.501581430435181 0.190007656812668 0.0895874127745628 0.0665981695055962 0.0792813450098038 0.0776391997933388 0.0833752825856209 0.109616175293922 0.161291167140007 0.243125200271606 0.336220413446426 0.444368302822113 0.547623872756958 0.461718440055847 0.414304345846176 0.358169376850128 0.265037417411804 0.219050019979477 0.222447231411934 0.22832840681076 0.231400191783905 0.23432819545269 0.242288440465927 0.253921240568161 0.206137701869011 0.212270811200142 0.219352260231972 0.23196730017662 0.247222185134888 0.262628704309464 0.274876803159714 0.284369498491287 0.293033480644226 0.299534171819687 0.304403811693192 0.308180153369904 0.309499770402908 0.307185679674149 0.304572701454163 0.303092241287231
-9999 -9999 -9999 -9999 -9999 -9999 -9999 -9999 -9999 -9999 -9999 -9999 -9999 -9999 -9999 0.495945483446121 0.569876432418823 0.262256622314453 0.129477351903915 0.0740331560373306 0.0615499839186668 0.0332181304693222 0.0313572995364666 0.0303339753299952 0.0449105501174927 0.0603034235537052 0.11375367641449 0.17879530787468 0.289989203214645 0.410770297050476 0.521416664123535 0.429807215929031 0.316404193639755 0.235168054699898 0.229038342833519 0.235974729061127 0.231862485408783 0.233772039413452 0.241510704159737 0.25234591960907 0.206062406301498 0.209638327360153 0.215094000101089 0.229477673768997 0.23983795940876 0.254389762878418 0.267132222652435 0.278260976076126 0.288491785526276 0.295797765254974 0.30200782418251 0.30533242225647 0.308387666940689 0.309170573949814 0.306039750576019 0.306964159011841
-9999 -9999 -9999 -9999 -9999 -9999 -9999 -9999 -9999 -9999 -9999 -9999 -9999 -9999 -9999 0.360595494508743 0.59991854429245 0.375065952539444 0.232512459158897 0.122572012245655 0.0543938018381596 0.0316989868879318 0.0218398794531822 0.020757757127285 0.019986629486084 0.0201620887964964 0.038475289940834 0.0541756227612495 0.103968143463135 0.218396067619324 0.315572828054428 0.494390875101089 0.403105616569519 0.291474759578705 0.255587607622147 0.240125715732574 0.238034516572952 0.23820161819458 0.242279455065727 0.257750421762466 0.207635566592216 0.207594960927963 0.214431405067444 0.228757873177528 0.237756848335266 0.247921541333199 0.258415549993515 0.270430982112885 0.280270606279373 0.288089364767075 0.297189950942993 0.295845836400986 0.296977311372757 0.297364354133606 0.295745581388474 0.297731935977936
-9999 -9999 -9999 -9999 -9999 -9999 -9999 -9999 -9999 -9999 -9999 -9999 -9999 -9999 -9999 -9999 0.491792589426041 0.420073240995407 0.246856555342674 0.22826075553894 0.105154469609261 0.0634018704295158 0.0285109598189592 0.0205112583935261 0.0190247502177954 0.017821105197072 0.0185586791485548 0.0198901537805796 0.0348216220736504 0.117216162383556 0.241530567407608 0.338452458381653 0.473123967647552 0.372224628925323 0.326937615871429 0.271319359540939 0.248351395130157 0.244691610336304 0.24752976000309 0.258209466934204 0.265992999076843 0.21158067882061 0.219639226794243 0.230004116892815 0.235032051801682 0.240273609757423 0.246625617146492 0.255291432142258 0.262253016233444 0.267812937498093 0.277720063924789 0.271575003862381 0.271487295627594 0.273526728153229 0.273425817489624 0.281955450773239
-9999 -9999 -9999 -9999 -9999 -9999 -9999 -9999 -9999 -9999 -9999 -9999 -9999 -9999 -9999 -9999 -9999 0.493260413408279 0.409124553203583 0.248054295778275 0.173817709088326 0.158756986260414 0.0832197144627571 0.0438817106187344 0.030976302921772 0.0224970858544111 0.0194278955459595 0.0196788292378187 0.0260222516953945 0.0703271105885506 0.151106804609299 0.273108303546906 0.343289136886597 0.465144902467728 0.404327243566513 0.344880372285843 0.296180486679077 0.271615952253342 0.254930227994919 0.267333209514618 0.276896774768829 0.221599236130714 0.227035000920296 0.230595856904984 0.228975206613541 0.229749500751495 0.232941582798958 0.233685716986656 0.235773086547852 0.237996727228165 0.235653176903725 0.23611406981945 0.233261078596115 0.237949922680855 0.249155029654503 0.262824892997742
-9999 -9999 -9999 -9999 -9999 -9999 -9999 -9999 -9999 -9999 -9999 -9999 -9999 -9999 -9999 -9999 -9999 -9999 -9999 0.400491535663605 0.270650714635849 0.210918411612511 0.22212065756321 0.124556049704552 0.0731847956776619 0.0430442690849304 0.0286062881350517 0.0209664478898048 0.0225372426211834 0.0350138619542122 0.0855482593178749 0.163853451609612 0.22228567302227 0.350172251462936 0.481047183275223 0.411114096641541 0.365774184465408 0.315823316574097 0.280028015375137 0.279094874858856 0.290009170770645 0.289585113525391 0.291419386863708 0.228956565260887 0.225841134786606 0.224025905132294 0.225244477391243 0.221857681870461 0.220338732004166 0.218485698103905 0.212030664086342 0.213643983006477 0.211192041635513 0.217674106359482 0.233103334903717 0.249236717820168
-9999 -9999 -9999 -9999 -9999 -9999 -9999 -9999 -9999 -9999 -9999 -9999 -9999 -9999 -9999 -9999 -9999 -9999 -9999 -9999 -9999 0.384938180446625 0.342778444290161 0.358534842729568 0.161705523729324 0.0739451721310616 0.0463451631367207 0.0286269746720791 0.0229600518941879 0.0251752566546202 0.0336427092552185 0.0635175406932831 0.159128963947296 0.274856150150299 0.339123010635376 0.505829572677612 0.44925594329834 0.389529198408127 0.322196066379547 0.312737733125687 0.293411910533905 0.286634057760239 0.294103264808655 0.289531111717224 0.225936770439148 0.224064752459526 0.224800899624825 0.224453628063202 0.220713585615158 0.215498134493828 0.209832116961479 0.208619341254234 0.21025837957859 0.216788440942764 0.226686656475067 0.242793276906013
-9999 -9999 -9999 -9999 -9999 -9999 -9999 -9999 -9999 -9999 -9999 -9999 -9999 -9999 -9999 -9999 -9999 -9999 -9999 -9999 -9999 -9999 -9999 0.393231570720673 0.413684099912643 0.241978019475937 0.107065990567207 0.0515307113528252 0.0330228246748447 0.0283031594008207 0.026340389624238 0.0377077870070934 0.0790721401572227 0.14108607172966 0.240707233548164 0.316320359706879 0.539008796215057 0.503196239471436 0.429758161306381 0.392288774251938 0.333665430545807 0.302090525627136 0.294210165739059 0.290901631116867 0.228212371468544 0.227934390306473 0.229261547327042 0.229413017630577 0.226010859012604 0.219563126564026 0.212985932826996 0.210867360234261 0.211634740233421 0.216062784194946 0.223806366324425 0.235560745000839
-9999 -9999 -9999 -9999 -9999 -9999 -9999 -9999 -9999 -9999 -9999 -9999 -9999 -9999 -9999 -9999 -9999 -9999 -9999 -9999 -9999 -9999 -9999 -9999 -9999 0.430449962615967 0.201615303754807 0.123725764453411 0.0615185759961605 0.0426862053573132 0.035404484719038 0.0287789423018694 0.0300508495420218 0.045099101960659 0.109797559678555 0.190763711929321 0.311794549226761 0.368299454450607 0.54584014415741 0.493433922529221 0.395142823457718 0.325311779975891 0.300482958555222 0.283555626869202 0.29117339849472 0.233294665813446 0.234683737158775 0.236587554216385 0.232399374246597 0.223280146718025 0.216830864548683 0.212376475334167 0.21180659532547 0.215648248791695 0.220217078924179 0.228094294667244
-9999 -9999 -9999 -9999 -9999 -9999 -9999 -9999 -9999 -9999 -9999 -9999 -9999 -9999 -9999 -9999 -9999 -9999 -9999 -9999 -9999 -9999 -9999 -9999 -9999 0.550551652908325 0.361535578966141 0.175673812627792 0.146669775247574 0.083798386156559 0.0506139174103737 0.0341543257236481 0.0277126207947731 0.0293465405702591 0.0462156236171722 0.0766396820545197 0.138508751988411 0.220657914876938 0.344898134469986 0.570315957069397 0.474666863679886 0.359683185815811 0.308892279863358 0.279264539480209 0.284218817949295 0.299018442630768 0.239482119679451 0.240788072347641 0.236205399036407 0.226089715957642 0.217889860272408 0.213219344615936 0.213042080402374 0.217017620801926 0.22154176235199 0.227937325835228
-9999 -9999 -9999 -9999 -9999 -9999 -9999 -9999 -9999 -9999 -9999 -9999 -9999 -9999 -9999 -9999 -9999 -9999 -9999 -9999 -9999 -9999 -9999 -9999 -9999 -9999 -9999 0.322582095861435 0.163443520665169 0.0874848216772079 0.0783821269869804 0.0486370623111725 0.0362565442919731 0.0326864942908287 0.0351473763585091 0.0484976842999458 0.084151066839695 0.132440447807312 0.230437576770782 0.383579105138779 0.534787952899933 0.397838234901428 0.314067155122757 0.2670978307724 0.277488380670547 0.296222567558289 0.300973802804947 0.241155534982681 0.23590724170208 0.223266661167145 0.215146690607071 0.212538316845894 0.21449388563633 0.218844994902611 0.224890723824501 0.233463495969772
-9999 -9999 -9999 -9999 -9999 -9999 -9999 -9999 -9999 -9999 -9999 -9999 -9999 -9999 -9999 -9999 -9999 -9999 -9999 -9999 -9999 -9999 -9999 -9999 -9999 -9999 -9999 0.347227692604065 0.14714802801609 0.0888145714998245 0.111896060407162 0.0669926553964615 0.0457892306149006 0.039338443428278 0.0419922918081284 0.0537524186074734 0.070712573826313 0.104222044348717 0.177859768271446 0.311508148908615 0.571084141731262 0.43679940700531 0.330615162849426 0.26955571770668 0.266486972570419 0.281933009624481 0.286321133375168 0.290331095457077 0.226253122091293 0.21814589202404 0.212629750370979 0.212221086025238 0.215997993946075 0.223066955804825 0.232297524809837 0.244245886802673
-9999 -9999 -9999 -9999 -9999 -9999 -9999 -9999 -9999 -9999 -9999 -9999 -9999 -9999 -9999 -9999 -9999 -9999 -9999 -9999 -9999 -9999 -9999 -9999 -9999 -9999 -9999 -9999 0.146028593182564 0.105614885687828 0.107041575014591 0.0817540884017944 0.0489872433245182 0.0400271937251091 0.0482997894287109 0.0637242794036865 0.0805546566843987 0.0966862738132477 0.158717721700668 0.269921123981476 0.416156500577927 0.470321208238602 0.338859856128693 0.264727473258972 0.261008143424988 0.265406399965286 0.26651456952095 0.266661107540131 0.268299698829651 0.268793523311615 0.208513379096985 0.212820842862129 0.218449175357819 0.22816601395607 0.241052225232124 0.256799280643463
-9999 -9999 -9999 -9999 -9999 -9999 -9999 -9999 -9999 -9999 -9999 -9999 -9999 -9999 -9999 -9999 -9999 -9999 -9999 -9999 -9999 -9999 -9999 -9999 -9999 -9999 -9999 -9999 0.214779645204544 0.112777173519135 0.114785887300968 0.0639133006334305 0.0501431487500668 0.0416447930037975 0.0532603040337563 0.0717907398939133 0.0878375917673111 0.103693023324013 0.158215835690498 0.258224338293076 0.388667851686478 0.494697481393814 0.351741164922714 0.267277985811234 0.248250469565392 0.25286141037941 0.249675244092941 0.252138733863831 0.256199270486832 0.264600038528442 0.270608395338058 0.276641547679901 0.223683878779411 0.235635712742805 0.253749758005142 0.274979084730148
-9999 -9999 -9999 -9999 -9999 -9999 -9999 -9999 -9999 -9999 -9999 -9999 -9999 -9999 -9999 -9999 -9999 -9999 -9999 -9999 -9999 -9999 -9999 -9999 -9999 -9999 -9999 -9999 0.213285341858864 0.122599326074123 0.124427504837513 0.0638279169797897 0.03291305154562 0.0269333962351084 0.0514061897993088 0.0750877261161804 0.0859338119626045 0.106641225516796 0.159528642892838 0.251984298229218 0.364370316267014 0.500714361667633 0.351901739835739 0.265769332647324 0.248176142573357 0.244347378611565 0.238879039883614 0.243248537182808 0.250518560409546 0.263069212436676 0.272151678800583 0.282207638025284 0.290837436914444 0.308230996131897 0.269496947526932 0.294530928134918
-9999 -9999 -9999 -9999 -9999 -9999 -9999 -9999 -9999 -9999 -9999 -9999 -9999 -9999 -9999 -9999 -9999 -9999 -9999 -9999 -9999 -9999 -9999 -9999 -9999 -9999 -9999 -9999 0.218640848994255 0.122016601264477 0.117923513054848 0.0611648038029671 0.0323832295835018 0.0263303183019161 0.0337415002286434 0.0671060755848885 0.0823182240128517 0.11444491147995 0.173372954130173 0.247445866465569 0.380741208791733 0.500244319438934 0.347469210624695 0.264518290758133 0.246854215860367 0.245441406965256 0.24021877348423 0.239751055836678 0.248774722218513 0.262912660837173 0.276374459266663 0.28652560710907 0.297747910022736 0.319685578346252 0.350639194250107 0.382931560277939
-9999 -9999 -9999 -9999 -9999 -9999 -9999 -9999 -9999 -9999 -9999 -9999 -9999 -9999 -9999 -9999 -9999 -9999 -9999 -9999 -9999 -9999 -9999 -9999 -9999 -9999 -9999 -9999 0.219670251011848 0.120111532509327 0.113361738622189 0.0561259686946869 0.0301386713981628 0.0242207385599613 0.031623899936676 0.0591138899326324 0.0828211978077888 0.121765129268169 0.187233343720436 0.261653304100037 0.395328432321548 0.484239250421524 0.332251310348511 0.256146043539047 0.245586186647415 0.24445341527462 0.241319954395294 0.241737350821495 0.24633452296257 0.263208627700806 0.278837472200394 0.29057314991951 0.304199039936066 0.327867090702057 0.360029369592667 0.393493741750717
