meets/meet006/_saidas_enm/CCSM_Gower_0k_T_subalaris5.asc
NCOLS 154 
NROWS 168 
XLLCORNER -112 
YLLCORNER -55.5 
CELLSIZE 0.5 
NODATA_value -9999 
[rows 52 to 77 of 168, columns 59 to 117 of 154]
-9999 -9999 -9999 -9999 -9999 -9999 -9999 -9999 0 0 0 0 0.0548705089094599 0.151540586485092 0.236836189260488 0.241766296004946 0.161274350468229 0.154400224970512 0.141294474166604 0.137366849990484 0.138922406748512 0.148823346091766 0.0176873936628344 0 0 0 0 0 0 0 0 0 0.142237086953664 0.341008853244954 0.487733653235907 0.501412129166215 0.511309935751443 0.55144697397935 0.524769716716867 0.486928787233451 0.452607751915542 0.43552881319373 0.422153696552566 0.403691561734595 0.408215522056 0.393957104891612 0.291921182409716 0.270989232464354 0.345966384690478 0.403388984919511 0.436555154877582 0.409937981089764 0.393031008762026 0.391731699543134 0.392684144534851 0.407612191000478 0.431748350457671 0.447586764970922 0.389585483464345
-9999 -9999 -9999 -9999 -9999 -9999 -9999 0 0 0.0623044098963226 0.127745010907732 0.132058442178458 0.0018477990670952 0.0423037228158938 0.118568593057049 0.135094176440673 0.0852987028203466 0.0691188620043258 0.0649605529190143 0.0647948015398175 0.0340827043708061 0 0 0 0 0 0 0 0 0 0 0.0172917685145144 0.190677075422934 0.368755925055319 0.417293589020063 0.438813643085771 0.4482557757763 0.49113497406365 0.499912962052656 0.486653294456846 0.467687653740058 0.442776297192546 0.414255383327158 0.367412676544481 0.331750498360609 0.266554955876566 0.282135300724873 0.361482365601159 0.42360381807309 0.446592281264465 0.437890064605508 0.40821122715696 0.384987480937409 0.386109676700679 0.396701306769618 0.412862193778527 0.43474146048519 0.456598565285567 0.437147585408278
-9999 -9999 -9999 -9999 -9999 -9999 -9999 0.00443229640377518 0.246842787988076 0.155423212864111 0.226833862475664 0.191784964120752 0 0 0 0.014491251526902 0 0 0 0 0 0 0 0 0 0 0 0 0 0 0 0.10852369292464 0.237198767028583 0.326015842395824 0.346256022409796 0.367023929753066 0.376319392408739 0.401184662453905 0.416359457535931 0.424194485359094 0.404771385597554 0.355057648482089 0.305507953968716 0.232773571693064 0.255660647442868 0.337887571333651 0.406640502954372 0.500169278618424 0.495734875518714 0.470372195723503 0.443500961046152 0.413008424864866 0.388941242281595 0.396755504305114 0.412528827805476 0.429595432895259 0.44998290675631 0.469662085865212 0.493125962957837
-9999 -9999 -9999 -9999 -9999 0 0.11551516522684 0.378783889244817 0.322431967214017 0.228632065582619 0.260313647500112 0.227004533371315 0 0 0 0 0 0 0 0 0 0 0 0 0 0 0 0 0 0 0 0.11234127186549 0.198755806676686 0.251328327889018 0.281954455147915 0.299542043502371 0.292269772939161 0.288195763524368 0.276274195254309 0.286764947495014 0.26379556564798 0.208056680459859 0.259126047412053 0.328616316353633 0.398571657463991 0.459612593213118 0.527418964969781 0.526310943509557 0.502795235052666 0.47831550355612 0.45338219720263 0.427484484336355 0.41587373608109 0.417812576218835 0.433287358787299 0.449103185313009 0.46452654555521 0.480712855412269 0.498963949344643
-9999 -9999 -9999 -9999 -9999 0.0450186069893741 0.380766218422056 0.5367534844486 0.404630411486381 0.315388672782893 0.29353426799695 0.257532770681739 0.0538667093971252 0 0 0 0 0 0 0 0 0 0 0 0 0 0 0 0 0 0 0 0.132114069169342 0.158504707577013 0.18906561650973 0.206793324586806 0.194416082422048 0.175039119642346 0.151262340613142 0.14665576233392 0.214546900701292 0.293460505785246 0.378892241136683 0.439659487752806 0.440924587341775 0.438869226521283 0.411526459363523 0.386674174613761 0.367606753948855 0.364201438127882 0.444289533254136 0.439359090509453 0.434592420103118 0.437103115253888 0.450040990152842 0.464194986166676 0.478704339627345 0.493325422954954 0.505308350344959
-9999 -9999 -9999 -9999 0.0580643943327362 0.117993974398793 0.415636287299197 0.663427334327816 0.519848979741916 0.383589954194844 0.296651077436691 0.278655660946479 0.134561779954895 0.0817364361618519 0.0165862122577801 0.00940051973456291 0 0 0 0 0 0 0 0 0 0 0 0 0 0 0 0 0.100962632858825 0.101990607175535 0.090572843355302 0.0974156412727585 0.094233328710655 0.118715832684274 0.159705408289544 0.219421756986018 0.294456337212324 0.303836838802064 0.282397701670547 0.264524771181052 0.228929838052975 0.176605580258642 0.140708830068973 0.140524133791554 0.147018143243639 0.188521221657801 0.35005514458276 0.442733977862091 0.44545764546681 0.448367462290275 0.459173394186675 0.473222920758136 0.491689810642901 0.508757052014022 0.509385683774401
-9999 -9999 -9999 -9999 0 0.110476704676902 0.445811755349791 0.71547049472661 0.57517448326869 0.364441682751044 0.230161990684071 0.208555073782186 0.22845321357895 0.123465663444141 0.0750580016293575 0.0827953443613446 0.0909433631909291 0.0692886742101306 0.0350727880026811 0 0.00991724800573024 0.0330073047744093 0.0232337449967369 0.0302365119102819 0.00831205254245315 0.0162602691227827 0.0479786292679993 0.0417986848515246 0.0350096727864204 0 0 0 0 0.0635206640964693 0.155292776211754 0.164154779075095 0.17524075534075 0.172903950238278 0.151604271193883 0.155459890594213 0.0982222933771292 0.0217687280800719 0 0 0 0 0 0.00931887391123709 0.056242305695348 0.0856688744611706 0.264532864206749 0.435171035605372 0.444348212257365 0.451117146416358 0.463317684864896 0.478435703918386 0.49631570948403 0.509995156081062 0.505592313616891
-9999 -9999 -9999 0.0476141763092638 0 0.150179165161969 0.485492668662599 0.709018864368134 0.559111551286278 0.251121281063114 0.103331997203055 0.136011789746123 0.193070705247949 0.162643650521799 0.134937253743186 0.150680217212664 0.153577163998212 0.163616229490797 0.187270830956985 0.191777990063707 0.203485107157209 0.195278385529064 0.197723373694889 0.187158723379703 0.194524373728175 0.20479936820741 0.187723738234662 0.191817858423149 0.171412232445519 0.15634117893618 0.13968527096328 0.0951696323740846 0.0643993952841865 0.0274465403892797 0.0115985769250859 0 0 0 0 0 0.0147842099491291 0.0343471373671098 0.0787063246099206 0.065423063814545 0.0671426478673331 0.075345686272998 0.11653639797535 0.170723645745311 0.193188028163997 0.229930847707554 0.262364513637058 0.421177527356632 0.433242586169139 0.443367853262434 0.460148509541641 0.474936784312738 0.487503974201882 0.499672849132172 0.492127251223029
-9999 -9999 -9999 0.00567440110462747 0.00352955966600355 0.183015260087139 0.509287480327969 0.659790989542892 0.507835707100548 0.189600178947449 0.107465244224158 0.137117083736952 0.189206875417087 0.183616611117684 0.175544063276909 0.197700921610458 0.204756177481318 0.217377205179741 0.242692453195922 0.266268735711458 0.27886726451133 0.277712415984452 0.273465820082043 0.279810509473356 0.286481860087932 0.28461245793493 0.276004778064068 0.265442257184948 0.256976975406179 0.250367425563572 0.241666902136665 0.232185182776534 0.235092114858268 0.220602581472229 0.197912370640818 0.192757728844298 0.162872394853404 0.132998736847578 0.127103490370746 0.140158981895787 0.12746949303287 0.0990921664339255 0.078863711043717 0.0721122637358679 0.0740408852861973 0.0882190742658213 0.128686908265508 0.186441859008897 0.279981724980997 0.389276195297391 0.395198910181867 0.400284860577799 0.409554916999258 0.420914924958229 0.434275583242177 0.448003432669652 0.461310379150733 0.469982149581517 0.469612472964008
-9999 -9999 -9999 0 0.00275296366583211 0.190866959878468 0.51564808587234 0.617617516199957 0.474537906837796 0.213384647473626 0.15106155930329 0.165201405051981 0.192951090850591 0.193124531726761 0.207378865541494 0.238212039626295 0.252448146485241 0.265797113230445 0.303903127470823 0.334719783376941 0.346324943086369 0.335200234539664 0.319148267210343 0.326201244711729 0.32630604970751 0.326733528779975 0.32774740319568 0.316226827952955 0.318961725709701 0.310145859828198 0.306204280639053 0.300257451517048 0.288619825042623 0.317374556575228 0.30729336435196 0.268954510677984 0.231704687001936 0.212272130287048 0.212066983251164 0.190414169994745 0.164549183827955 0.141180228080984 0.129740175942812 0.127554185390499 0.138869144223055 0.156203545039214 0.192330371994398 0.240439671222747 0.31276649573891 0.385394269232132 0.384360016639666 0.385355001583772 0.38273899903083 0.400296955341526 0.403768869917302 0.416113841389288 0.435553619644332 0.436066487968568 0.419687155683907
-9999 -9999 -9999 -9999 0.0238142771171107 0.21970261278734 0.53476775969005 0.604188664125089 0.483022839553273 0.253458033754367 0.21071980957819 0.204465970169632 0.201404695985808 0.205146633049838 0.243566777481375 0.281467738469139 0.302697300426977 0.326539582578543 0.362730342480266 0.394671373721553 0.406392445477945 0.394086117563049 0.378918157589444 0.378515740581188 0.381521479509095 0.384088632313355 0.38815124988078 0.385945218638069 0.384442064377931 0.37917703732087 0.378346856443965 0.379422531631639 0.385410371404166 0.401705839470967 0.39500157793202 0.360568448496286 0.336743410936497 0.318743292277417 0.287455601092088 0.256220880038563 0.238494440393801 0.22916586150388 0.21930264340228 0.227447474516217 0.236367255665779 0.254326075578029 0.286482686411334 0.327833954473644 0.383793457161915 0.385420447664371 0.385893500115701 0.388783149093148 0.390472271529607 0.402163395752608 0.409164285705683 0.420829231496444 0.435161960074664 0.424577465987877 0.275874594535388
-9999 -9999 -9999 -9999 -9999 0.251058985584244 0.578414100864234 0.61557837552118 0.486185216382483 0.283811895861181 0.263424476219984 0.244718778046411 0.225501016333669 0.237059184672707 0.282506959745237 0.32526255648865 0.348047390408331 0.379990984815276 0.412061883116552 0.444134029732654 0.441675770981531 0.441583200568308 0.436353004054397 0.441102600797701 0.440630673200882 0.438678425706348 0.435260379163231 0.431340153254269 0.431787879435867 0.431787476078946 0.430244434180115 0.428126878521235 0.424253697663786 0.421310873745853 0.415995424887204 0.4107832581245 0.406531921632591 0.38672566818684 0.36029970737561 0.337493970770189 0.270844227611734 0.211959995555572 0.145923748273939 0.130653835899854 0.109425232597286 0.112162471639894 0.146395092667106 0.177203658535952 0.261800101322261 0.345349411390035 0.39620003069603 0.403312178986122 0.412024892984864 0.42360946280789 0.43612578143586 0.447228180668723 0.419621317102004 0.314077431684479 0.187689200869673
-9999 -9999 -9999 0.0953728850889809 0.185556330082305 0.396006364471741 0.582240561394549 0.564393808512482 0.459261439518015 0.298896980145188 0.28027871440016 0.277503945177627 0.282780079285872 0.284971870719374 0.306925384577414 0.347426819522988 0.382626203907556 0.414099884610593 0.443519313786028 0.442243697525395 0.440263013367976 0.438499738590629 0.437179753068756 0.436238721373561 0.435589921767164 0.434216894810264 0.432329587779908 0.430957569215309 0.430956762501468 0.43132966597434 0.430526582345906 0.429295909135934 0.426680929178001 0.423529086840154 0.418897549523765 0.412962408089445 0.406636635361549 0.376512607802312 0.295599983306603 0.213851956986433 0.147007840378224 0.0956580858551325 0.0507172683808547 0.0334144401573808 0.0250836150495682 0.0332921898814386 0.0650289301219724 0.104880574848306 0.170325771224221 0.243233172326254 0.316963854968353 0.391949061861982 0.435491704357057 0.449306073843949 0.462569054420711 0.432365870960695 0.339552623519777 0.239423063664912 0.106359848077149
-9999 -9999 0.127594735971626 0.20225508931682 0.343717961257113 0.529834788348058 0.546192484381104 0.52988320369937 0.427338350436332 0.304551893178401 0.29548170430442 0.314469920292706 0.351097272744787 0.333048599368133 0.348045396835042 0.370981172732342 0.41420582879111 0.438078633965775 0.436928461707373 0.43904124525621 0.437994735726341 0.4345266729251 0.432673852911434 0.430774243495006 0.430043965790697 0.429642827333401 0.429583735544569 0.430514078281375 0.429785212326288 0.430741773262917 0.430671790837235 0.430254316424664 0.4301371412393 0.42632792938077 0.423077099846018 0.416927827016737 0.386042293633318 0.286777314065349 0.217208228332068 0.136460050657976 0.0773702226665086 0.0341482410793155 0 0 0 0 0.0270189700912288 0.0536333190265852 0.110840163575633 0.172351205416576 0.224349021071988 0.278693383639672 0.315796866104126 0.333816885970919 0.336223585405747 0.312842808640661 0.270756841857572 0.199846743917445 0.0864652242238155
-9999 -9999 0.304623609855802 0.350037716954076 0.48684138679085 0.509939496513136 0.507224249693099 0.464024086106171 0.391636300786674 0.339447115238258 0.350525117210756 0.354960817779466 0.363547422732698 0.354292401135179 0.383154216033038 0.41518125572195 0.430547556905765 0.429917715074625 0.43029485379516 0.431407715538429 0.430840192351485 0.429602894998286 0.426651069403728 0.426008470699846 0.425410866176377 0.425218004757612 0.425971248241506 0.426594417640209 0.427269125827384 0.428216662363057 0.428698713650469 0.429133316529446 0.428914276678441 0.426674793607945 0.423340315801427 0.417931401758923 0.361508443886089 0.271092169725855 0.198424929814626 0.127000243503672 0.0728617761375748 0.0379186969583754 0.00790378526774016 0.00217792350616752 0.00156786919158192 0.00952341438254867 0.0297589025303694 0.0509930422591429 0.0863215764087549 0.121491200162956 0.154844127956063 0.185540917868814 0.202458440755016 0.205242066071237 0.189099792486941 0.155754346350869 0.105695028033071 0.0383845049253376 0
-9999 -9999 -9999 0.526879173548568 0.499733255660434 0.516673217492049 0.448870365941775 0.427815953637213 0.379970479490014 0.34348096839108 0.368168525617313 0.36304219430195 0.372075644468172 0.358172749144724 0.419317350704895 0.420304435737641 0.425445838925697 0.423857339838159 0.430842814171467 0.428270655379551 0.42771661340348 0.428730414095759 0.423452187695451 0.424775834675565 0.422690149894476 0.421937929005592 0.42322373997036 0.422896918605369 0.424306668085271 0.424886479455578 0.425502081651212 0.426708334724252 0.427017567455082 0.424864800441379 0.422201758518006 0.417819120826895 0.373853327626002 0.282781660309553 0.223902665413315 0.157007374270991 0.109384233116738 0.0794131639363239 0.0467238591221694 0.047176499372751 0.043144634396909 0.0456743322733827 0.057052137025028 0.0612046063122648 0.0801430743966006 0.0916678188924017 0.101134658804319 0.112171748894617 0.108485536473765 0.0931057933744148 0.0646542487376892 0.0215839951551539 0 0 0
-9999 -9999 -9999 0.532509309313757 0.502308382757851 0.492522216276824 0.455401312037547 0.420239520749292 0.400422832661205 0.352401639268363 0.323915470537446 0.326919785484433 0.317640271415074 0.362085563919267 0.438038427872415 0.391832527411057 0.413164881901298 0.442458081728565 0.440497363738704 0.433247829809104 0.431080794754478 0.432991093129296 0.434074913174298 0.42854593795607 0.422482358588574 0.419737918102456 0.420470505167161 0.422143675121475 0.420917992743257 0.420398514478502 0.420572355630093 0.421588815069396 0.422732280808862 0.421237451424181 0.419207395811601 0.416589143549638 0.413661863075846 0.345289857400042 0.28488370666994 0.228121272548736 0.184038900402586 0.154294226164034 0.128947569196587 0.118043802234642 0.110020473230944 0.10582745336258 0.104537316423567 0.0996350354683421 0.0962210057304013 0.0856009432032008 0.074597221303276 0.0587756115394741 0.0323275050234221 0.00434206761994016 0 0 0 0 0
-9999 -9999 -9999 0.446054567356911 0.492133754281593 0.48172473854575 0.465653974668272 0.44819653816999 0.421897319337443 0.390061947480489 0.350506035866416 0.320691292936267 0.307440580874608 0.338201701524809 0.424826732887989 0.361078391542585 0.403381306408755 0.457348405800513 0.452151151881696 0.43501070122953 0.43093639297699 0.435722222837042 0.441499907364254 0.432203337063836 0.421264038894424 0.416636182920068 0.417416013874205 0.419276727753235 0.41581033519051 0.413105980428759 0.412843173511353 0.41449261926145 0.417152388880793 0.416865039683163 0.415941636389711 0.414857685679791 0.414095647878816 0.412929685049145 0.371833280226712 0.316829334774875 0.275831051291448 0.248721715926695 0.217698725767244 0.204803640969021 0.18724060071389 0.173705534972944 0.163233010722462 0.144463478453963 0.125529050464426 0.0961324229111139 0.0642743301934821 0.0264545538845531 0 0 0 0 0 0 0
-9999 -9999 -9999 -9999 -9999 0.413846131210482 0.473058390660945 0.519135280504344 0.480851268648849 0.403619954624886 0.389289010636606 0.363827946974122 0.339100518282102 0.33039145096967 0.373599588849755 0.318082128854652 0.382854143228884 0.461378748148734 0.455047456248329 0.424687482466756 0.417887225654518 0.429560542521648 0.438751634987393 0.430411423945144 0.417410082823151 0.411172048747059 0.411567997534683 0.412163556868133 0.406666495135822 0.400978412655763 0.399998766636797 0.403809364679673 0.408721093028627 0.410158043535778 0.411623013146186 0.412843991587361 0.413168767762333 0.414445579891019 0.414378702177407 0.415118651926179 0.376023756331683 0.341893933272124 0.311861514504028 0.28721244723847 0.264626820983001 0.242339712843205 0.217751695899048 0.190327831672568 0.158415422124867 0.118537142699491 0.0735770225500642 0.0188834162320143 0 0 0 0 0 0 0
-9999 -9999 -9999 -9999 -9999 0.423200603473722 0.489587391598779 0.56952113661449 0.513947148417013 0.418893858779009 0.424646172107214 0.404786479795316 0.368636160951748 0.352070136509969 0.379710745370036 0.296413863266003 0.379512711776302 0.468557291260351 0.454020106172177 0.413135226646026 0.404577538050704 0.421910318940339 0.435510057096933 0.427342343630055 0.4122036425925 0.405412384616344 0.406176876645341 0.405121967633686 0.397362312183667 0.388301711362742 0.38668887451398 0.392319282635512 0.39872727200216 0.401883000201042 0.404943422545052 0.407836752864533 0.410265416011761 0.413463684163032 0.415286152988712 0.417918926099808 0.419617660929356 0.420698952892252 0.402593813857396 0.373087355578819 0.339650782860068 0.306785210206183 0.27199789912644 0.234144754627137 0.19441176898137 0.145687776811074 0.0898571082569345 0.0234626392364936 0 0 0 0 0 0 0
-9999 -9999 -9999 -9999 -9999 -9999 0.504561974963321 0.590075874013896 0.525527246062233 0.427816238433397 0.381404058056945 0.448064962332895 0.406913052902638 0.399983107352821 0.431240912548244 0.314855347345869 0.383358896125503 0.467806442353104 0.452705767647189 0.407012541286989 0.396495151615731 0.415754910541003 0.431174575238462 0.424105421387429 0.408673031063187 0.401038950280317 0.401084762536736 0.399404843455361 0.388651847893946 0.3771087954283 0.37417394775144 0.379757316502541 0.387038192969178 0.391017928226601 0.394222536466931 0.399274564851169 0.404143139690728 0.409560029974305 0.4134710468471 0.416884673507342 0.421079358235734 0.424231814130586 0.426801595389105 0.429414123959558 0.406173337848938 0.364190169033502 0.315998122678352 0.268495585835493 0.221208520715225 0.171704939881944 0.111236242499035 0.0367087633827711 0 0 0 0 0 0 0
-9999 -9999 -9999 -9999 -9999 -9999 -9999 0.384829068128618 0.494857009873144 0.389186400913464 0.304434462238077 0.427303558873783 0.462636843892997 0.46724484615314 0.496454112395707 0.373068113508319 0.413018037257954 0.472348442954799 0.450932207268374 0.408053952044521 0.397843545395072 0.415180007626741 0.428369029019451 0.421079971792739 0.406342741555859 0.398239698701698 0.396965340801034 0.393191760697497 0.381206742668806 0.368251077457232 0.363958632645946 0.368967916558792 0.375042539952389 0.379126170862764 0.382975218477992 0.388760038445936 0.395801832199385 0.40308250414702 0.409378417100643 0.414950946344644 0.421164438140512 0.426533675496653 0.431192322942958 0.435298294713745 0.436982511534701 0.417867467059998 0.361429437587806 0.305178599174614 0.252817923153033 0.196578307225393 0.134546542054856 0.0632680473223542 0 0 0 0 0 0 0
-9999 -9999 -9999 -9999 -9999 -9999 -9999 -9999 0.299491043497058 0.410805374582119 0.278446059397181 0.371023852346734 0.534562689801743 0.53765272840017 0.566482503727309 0.460682150747275 0.462776379877775 0.470634579400196 0.445734549992636 0.420861954536744 0.407786032152069 0.41762523681312 0.424322211529413 0.417323366766358 0.405873984003569 0.397160656447822 0.392368980752967 0.385932563245058 0.374507109205489 0.36292110774945 0.358492254444999 0.360934989635772 0.364141063595615 0.370364781341577 0.373243999849929 0.380887079468881 0.390259162729657 0.397091733544191 0.407900562793117 0.41452329711173 0.423361790296623 0.432436477363803 0.438024382459987 0.443582640822525 0.445398553677978 0.446081235265684 0.40593901235062 0.342884803929761 0.284944008825638 0.222355309105459 0.161794288074746 0.100760127053176 0.0423773156514601 0 0 0 0 0 0
-9999 -9999 -9999 -9999 -9999 -9999 -9999 -9999 0.26069296571431 0.445031568154243 0.31458481415506 0.349308396838945 0.531993921536194 0.574960458936273 0.611460222697839 0.59800564204298 0.526794568457066 0.490253658327965 0.451664501757284 0.428142012927373 0.412784067519812 0.4179289475309 0.419507425187347 0.411593766928918 0.40211001629312 0.393654382679731 0.387820887189341 0.380585822979123 0.369514800369798 0.360112266502076 0.357142559697563 0.360944840634362 0.365939194660073 0.370449043170348 0.374686472370131 0.383927254431705 0.39600553312525 0.407150591613253 0.417022314795602 0.424418335460293 0.434106173335626 0.444342161903559 0.452128362215696 0.455765633245027 0.456541288602876 0.456889385625146 0.454673141026237 0.395582453784172 0.334388933467769 0.269433486361326 0.211008328780796 0.158588547668643 0.106871443785162 0.0658341060520153 0.0287292768892943 0 0 0 0
-9999 -9999 -9999 -9999 -9999 -9999 -9999 -9999 0.359532388630161 0.423679816776888 0.37528355707447 0.366920746682514 0.450266236587445 0.532441562884912 0.518333701481411 0.599839322113667 0.627474027338479 0.515185754610693 0.47859724836499 0.451926683755517 0.420289710369507 0.423496772837859 0.412699601172039 0.409306835449988 0.39993904708825 0.388906269532275 0.382399702006725 0.375196951798803 0.362343955126168 0.356547693456285 0.35559990127186 0.36174982742573 0.374759894691802 0.373346054831863 0.379619061657275 0.390064256120873 0.403607913462829 0.425873283639609 0.425546053236614 0.434978836032821 0.445690785766777 0.452660793350569 0.46955801977976 0.468955807897665 0.466287400191034 0.467625133417403 0.466979358987909 0.459757264795645 0.394699767887252 0.331055107093237 0.275698177062517 0.225829042466534 0.182836747750298 0.141682696167415 0.106469978068695 0.076170464144471 0.0483162550053726 0.0248048485084662 0
-9999 -9999 -9999 -9999 -9999 -9999 -9999 -9999 -9999 0.534780328873867 0.495588002469953 0.415052362204698 0.431478237667033 0.366471475896433 0.267209488991278 0.320674307957997 0.543586688102787 0.624435679247482 0.572528587836514 0.480291952465875 0.421123943378142 0.427415561432725 0.431641460873777 0.420208516325763 0.399327535272654 0.381894540072101 0.371117206749463 0.362874272898021 0.350018248207942 0.343583392997965 0.343457062746725 0.351074293436274 0.363248133633443 0.365442622523528 0.371007175526456 0.380888306582892 0.393375009723174 0.409311539387031 0.410650729811287 0.416270298425719 0.428544710842059 0.443709294895517 0.462210268440052 0.469488440710998 0.473325776772827 0.47782018125792 0.479507624934239 0.480842332983704 0.46006939952712 0.402155538388321 0.350864589689519 0.304673587324792 0.261609468701025 0.224748990457047 0.189801871183049 0.160516421053269 0.135977034879835 0.11075457341916 0.0866968563256008
