meets/meet006/_saidas_enm/CCSM_Maha_0k_T_nigriceps2.asc
NCOLS 154 
NROWS 168 
XLLCORNER -112 
YLLCORNER -55.5 
CELLSIZE 0.5 
NODATA_value -9999 
[rows 75 to 99 of 168, columns 56 to 111 of 154]
-9999 -9999 -9999 -9999 -9999 -9999 -9999 -9999 -9999 -9999 -9999 -8.52059212012551 -1.48262758661022 -0.490173802364457 -1.01492685553566 -0.184626760194936 0.0226049092342304 0.298533558665276 0.286943749539496 0.0396672105360379 0.00942871267735368 -0.0346252047027114 -0.0739608798106797 -0.107628901631926 0.0695482888776442 0.163983977960372 0.280721672045493 0.377103671721174 0.445416231666768 0.521572351131249 0.535831293465548 0.494618404508135 0.415913273294887 0.345424632454347 0.312041812185581 0.260378340077239 0.180308287028594 0.0781272237681301 -0.0115092588465164 0.0180275884319642 0.114485258902374 0.225812669048867 0.306505859250978 0.371249802001061 0.430472911384615 0.482101709698401 0.540285948866755 0.549717223263753 0.493049774820683 0.389405670823602 0.207125841645617 0.102713961987893 0.00161754196503172 -0.0305358758139405 0.0369958416470567 0.0638794764983355
-9999 -9999 -9999 -9999 -9999 -9999 -9999 -9999 -9999 -9999 -9999 -9.60577721737363 -2.13353591990511 -0.519916500338762 -0.43847047269687 -0.641748915720809 0.0427222739460417 0.639091565482349 0.805457024799038 0.508060098898071 -0.0523493319033006 0.114656246824735 0.185574183909504 0.0443049175675386 0.175696815592924 0.147713985064734 0.283939071609501 0.394669894467885 0.456670055960271 0.522667175130958 0.535443302236023 0.493728201560666 0.448207262214728 0.396079819552683 0.397223952123631 0.40422942363554 0.319058893386577 0.253329725645593 0.20055246755311 0.168593697552731 0.138452631995852 0.021791606784954 0.157957089290844 0.254735044772323 0.306639173553197 0.307293206651529 0.384738773360711 0.467555517647639 0.470090014022413 0.432997740578369 0.335820959637707 0.248942423452139 0.186462880115691 0.160656903856279 0.180865524763819 0.103367058297321
-9999 -9999 -9999 -9999 -9999 -9999 -9999 -9999 -9999 -9999 -9999 -9999 -5.20193249457107 -0.759557413704581 0.0137719463520576 -0.246186744584002 0.528025928989058 0.385677086170483 0.238059809834476 0.650944074290071 0.610149175864411 0.371254465440897 0.224359537023785 0.00535871448919167 0.250726910866093 0.341188509081956 0.416304140426307 0.445667441573443 0.458385747497394 0.491179224327156 0.505965544098839 0.481554762151358 0.450998602659112 0.420975754098759 0.432442983164709 0.439538680451985 0.379211698199348 0.31239132315696 0.260112341261101 0.218453252926403 0.132319804826281 0.0386066806453108 0.26096367995337 0.361713164294703 0.375926055270111 0.309303658507906 0.311844424755068 0.339648628262317 0.374618067184683 0.406150567651644 0.38617270111841 0.349886348299737 0.320207223026612 0.282358355977309 0.251009819835611 0.144111243748069
-9999 -9999 -9999 -9999 -9999 -9999 -9999 -9999 -9999 -9999 -9999 -9999 -11.5839038133656 -4.45562342060647 -0.611088079928847 -0.371271025177939 0.255718644249007 1 0.539122101967966 0.189980333769208 0.522873275991474 0.672763118881032 0.224218215281311 -0.183141602792578 0.472618687690863 0.512855212735961 0.513991269840077 0.463652718528446 0.416843151846574 0.424026064812602 0.424176157535809 0.400636705314019 0.383482507477447 0.376245664015353 0.403750678748859 0.412683859065321 0.368050645819254 0.299192475336576 0.244697023450521 0.194905055529359 0.0675827057063416 0.0462416890930362 0.320398437818227 0.420910032759199 0.392229966463087 0.283986897560587 0.22184988852558 0.169394453987797 0.156346988719335 0.224171771195083 0.284105684860785 0.278301750600133 0.25823532544991 0.265483932023669 0.177613155184922 -0.00471384287732035
-9999 -9999 -9999 -9999 -9999 -9999 -9999 -9999 -9999 -9999 -9999 -9999 -9999 -10.1667801976031 -1.9325065104868 -0.12487359212612 0.494674253604715 1 0.745559000233901 -0.220521045952078 -0.481172300770768 0.153351420677486 0.503069300303899 -0.282755703901264 -0.126760608675348 0.273980583704942 0.433308132608122 0.262729441824997 0.196253048360756 0.276513319125364 0.304449440069839 0.299057228800637 0.287167635078722 0.293796763684066 0.329572653543607 0.354678449340497 0.322245666249632 0.264021840344667 0.209383339957508 0.16037119636508 0.0312308377449593 0.0529346441222578 0.345176998242711 0.39543666885192 0.426849267781736 0.343891604505856 0.201854910644217 0.0201485170438135 -0.052369010324945 0.0528406410591634 0.136237327909984 0.158150627574659 0.0742335488390109 0.0338940077360019 -0.0248493977835698 -0.123334134551169
-9999 -9999 -9999 -9999 -9999 -9999 -9999 -9999 -9999 -9999 -9999 -9999 -9999 -16.4096642180681 -3.62161251775945 -0.349369902522067 0.520844787238849 -1.46063834309626 -1.35306494335106 0.400690251778858 0.0727009653044066 0.131286798875313 0.299912961102236 -0.204006826773197 -0.882371440681335 -0.747482617102044 -0.402543698741392 -0.406609179244622 -0.595338436494205 -0.0906663941554038 0.0442134751927825 -0.0900091429986363 0.0969755564468969 0.136458319312667 0.191725923062171 0.252365370010727 0.221252147555587 0.193266316228184 0.152121941590786 0.11218626682123 0.0300590957834166 -0.103948052801386 0.315908644946446 0.385658708087395 0.378752568137641 0.393501400647232 0.113501537739329 0.00319462618215771 0.0548777979678514 -0.132602833199637 -0.170725443545738 -0.150062491413364 -0.179209897463528 -0.22671251610779 -0.191040438252834 -0.272210713598649
-9999 -9999 -9999 -9999 -9999 -9999 -9999 -9999 -9999 -9999 -9999 -9999 -9999 -9999 -6.24011127100774 -2.23387808994584 0.663754471492894 -1.76961014173807 -2.10928228089064 0.1048622256207 0.540768467019278 0.621805595077574 -0.096787128156002 0.0279850295237675 -0.352981556037957 -1.1132084889802 -1.5691053259871 -2.66372614011872 -2.75148899853441 -1.48430184944865 -1.15901096401514 -0.565327142557661 -0.419745004599584 -0.267728024918982 -0.062397807620491 0.00435007510477925 -0.034227046164212 -0.0861768584672211 -0.0781964061736069 -0.0272800267761917 -0.00397050876521066 -0.155957410730831 0.0779644230960765 0.153484111284106 0.231823558981456 0.218709162101283 0.00634748417564535 0.0114435544500786 0.00471734374005639 -0.160535262456144 -0.417784008243852 -0.42175114154742 -0.410351401120337 -0.349225909420403 -0.187160800110613 -0.12794968702094
-9999 -9999 -9999 -9999 -9999 -9999 -9999 -9999 -9999 -9999 -9999 -9999 -9999 -9999 -12.8836858071088 -3.93691984831345 -0.737552745435065 -1.15431239931989 -2.25868143396471 -0.420150894051183 1 -0.143715336494797 -0.0181982046384699 -3.20855152220152 -1.4614649369443 1 0.376522759433371 -1.65648666062776 -3.23431506393457 -2.38935408339209 -2.7885996141845 -1.39252426027104 -0.899782127800224 -0.788782588819946 -0.474541900864017 -0.418238316812232 -0.394133464678324 -0.130074405625674 0.0183542700334898 0.039986270041466 -0.111440239359377 -0.0490069382078111 -0.0872885512234784 -0.114636267251026 -0.0192196777065075 0.0311169673701244 -0.141112640368073 -0.0689098163837105 -0.0833823215287455 -0.236818499993277 -0.442493824684522 -0.527472486627493 -0.51393100213745 -0.414766732024498 -0.0958771701480203 0.119091343606452
-9999 -9999 -9999 -9999 -9999 -9999 -9999 -9999 -9999 -9999 -9999 -9999 -9999 -9999 -9999 -12.4307979819454 -3.33318415659712 0.17173292375075 -1.4931306015229 -1.27330161604317 -0.741393228860263 0.609636889055027 -0.593101495228528 1 1 -0.539710688282776 -1.52696628010268 -1.29689268432813 -0.364549742047058 -0.030760400336906 -0.595156094472474 -0.823223559044503 -0.93178443677414 -1.28366655579342 -0.894939744142111 -0.449811975903318 -0.242951280822692 -0.0879125767275701 0.130665243803322 0.332666154570601 0.454028559995367 0.372379147463408 -0.00284850558887584 -0.115898277697083 -0.15648623528555 -0.166435045381155 -0.181470014279996 -0.15192561613725 -0.185119233390224 -0.297757350892531 -0.249951005259269 -0.21532136714152 -0.276008591061853 -0.206448045143772 -0.0224776551739285 0.022737410073307
-9999 -9999 -9999 -9999 -9999 -9999 -9999 -9999 -9999 -9999 -9999 -9999 -9999 -9999 -9999 -20.7044506391012 -7.18505392760269 -0.0135903872919894 -2.10329985939163 -2.29565816861359 -5.24223896029334 -2.59162335627235 -3.702754098237 -2.5311739298112 -2.76515733248672 -0.939551848197172 0.453453467672562 -0.925800331541561 -2.6793729722203 0.458122351722003 0.795452686024271 -0.146520901435484 -1.00478372505049 -1.3313239209247 -1.02590618616315 -0.380143331504799 -0.238502683427708 -0.126832671845682 0.0754959939066944 0.140171911210134 0.186326478701941 0.628715844429196 0.144356114501922 -0.0418475594135872 -0.0332786376505707 -0.114282493926884 -0.131944672864824 -0.214873165748209 -0.19844602103683 -0.0386258377170969 0.143373175745259 0.17241803603243 0.116898508983237 0.18710175066963 0.279857566541361 0.18832345048735
-9999 -9999 -9999 -9999 -9999 -9999 -9999 -9999 -9999 -9999 -9999 -9999 -9999 -9999 -9999 -20.4885934503427 -12.5426038188397 -1.92509289619917 -1.54728308634815 -2.76191275159776 -4.71231984846397 -6.68335759900252 -9.57979070465635 -9.67636114259482 -7.18310946820909 -5.76084344389722 -3.96571071528873 -2.53482801180503 -1.0032061484402 0.068096858871999 0.153790543749994 -0.156422153823641 -0.353914562206996 -0.877621046253034 -0.550363273863784 -0.742981178428878 -0.541501101991693 -0.097723606572611 0.147500094240768 -0.00711768044067584 -0.0634344221209246 0.684355795559433 0.169642992312888 0.0290725614472587 0.119769013047716 0.0655233858531324 -0.0799448565967444 -0.146597138398988 0.0103469742661473 0.181588784030989 0.265891686241974 0.489067525231158 0.623960921208479 0.717204865149161 0.772686674983918 0.83234006870881
-9999 -9999 -9999 -9999 -9999 -9999 -9999 -9999 -9999 -9999 -9999 -9999 -9999 -9999 -9999 -9999 -20.5346525358171 -6.37371117128813 -0.884198236772626 -2.90004437841454 -6.48964881626519 -6.37656864701236 -6.78709278616201 -7.61713909511034 -8.48835962206962 -9.35346075721233 -10.428728042375 -8.38754051100182 -4.54786304970415 -2.71616968969074 -0.868958602457531 -0.58784475163425 -0.0567910293307601 -0.876939242607944 -0.557328215639131 -0.187322034055903 -0.471448591571687 -0.122733452879454 0.282876523807708 0.33090402596861 0.13773505329553 0.674826006411229 -0.158560619313188 0.164899455247063 0.222778906482149 0.146976746445532 -0.118444051346132 0.155550945194033 0.366616183642326 0.541069415007669 0.577883155674492 0.794444282218247 0.901888963076617 0.938631658232598 0.942479898087093 0.972682062130024
-9999 -9999 -9999 -9999 -9999 -9999 -9999 -9999 -9999 -9999 -9999 -9999 -9999 -9999 -9999 -9999 -9999 -18.7037560654906 -9.57966546678466 -1.05962565081485 -2.05918959424185 -5.54543186135742 -5.917572563742 -8.15595942679436 -8.72565290542995 -11.1668944421421 -13.9317639326953 -14.9658182194386 -9.04089566297096 -2.68074464635821 -2.31964440024612 -0.219527050110104 0.55412070077468 0.663736889879249 -0.163797702001829 -0.154698446418087 0.087017624876083 -0.120553286665431 -0.348172744342839 0.0569870504746208 0.0285397650266195 -0.112872066681654 0.195589947340516 0.283195444128245 0.210189439192656 -0.027702870009864 0.192298920932657 0.527453919856958 0.71656360984737 0.813955886591931 0.863330219074567 0.8973814692026 0.884109059170771 0.886329739643452 0.93053013658919 0.967883091131547
-9999 -9999 -9999 -9999 -9999 -9999 -9999 -9999 -9999 -9999 -9999 -9999 -9999 -9999 -9999 -9999 -9999 -9999 -9999 -11.5823518447933 -2.85458084604024 -2.01829068995666 -2.9147534930469 -4.47842069356008 -6.88811088415935 -10.9995973480983 -14.6518883028549 -17.3212427725231 -14.1527597786884 -5.91614377294818 -2.46034670846114 -1.56952846483312 0.827326359430376 1 0.814330830713176 -0.0971239638857233 -0.561812660832515 -0.00284827624903317 0.0604041948390902 0.261042228180137 0.518647080701271 0.411293623161707 0.383491578053135 0.32586096871178 0.0622609035164153 0.0372251828285741 0.322030797565046 0.589967583453789 0.731757803262493 0.828579892650097 0.850042993639236 0.821500779605015 0.872602464481312 0.867718330838758 0.834793555017742 0.859760958697873
-9999 -9999 -9999 -9999 -9999 -9999 -9999 -9999 -9999 -9999 -9999 -9999 -9999 -9999 -9999 -9999 -9999 -9999 -9999 -9999 -9999 -14.8053034411927 -8.80116128422765 -5.37279601025111 -4.17182749872691 -5.93708368982453 -10.5986131021026 -14.8313568850661 -14.3269417791096 -11.8711459097641 -6.85960699226142 -2.80392671528522 -0.979451882445595 1 0.73882006490646 1 0.454912256999591 -0.0571932239038724 -0.0495366765234779 0.516113878239825 0.41187848870842 0.369860224170139 0.28596626359294 0.0488218937491638 -0.0820901584953886 0.160653552975369 0.371706902537964 0.511494924609102 0.655896545982936 0.793798121869731 0.815905285162946 0.854900345829812 0.876128349463503 0.869089731614676 0.858145640546306 0.880554359952522
-9999 -9999 -9999 -9999 -9999 -9999 -9999 -9999 -9999 -9999 -9999 -9999 -9999 -9999 -9999 -9999 -9999 -9999 -9999 -9999 -9999 -9999 -9999 -14.8018201228918 -6.89220121059151 -3.39620094166737 -6.09655219771046 -11.5077245358653 -12.5616642492426 -12.4672010737158 -12.1359383342134 -4.60969333331097 -1.44340324901963 -0.0244900757273276 0.601848692560815 0.38575001118167 0.450228493768653 0.397907753182702 0.356485596837689 0.710639872166554 0.63603337478535 0.444298719030974 0.158409881174714 -0.18233946103925 0.0852116885459645 0.287739160978559 0.440499575647195 0.553929597957945 0.670569972784414 0.805967530821776 0.862146212321821 0.897841543728419 0.895307022093254 0.865354953954214 0.852084230956774 0.853523949217986
-9999 -9999 -9999 -9999 -9999 -9999 -9999 -9999 -9999 -9999 -9999 -9999 -9999 -9999 -9999 -9999 -9999 -9999 -9999 -9999 -9999 -9999 -9999 -9999 -9999 -7.32551533494561 -2.82034859292974 -6.02721203740968 -10.6245676827911 -11.1432883070943 -11.0192003425966 -9.94599337072761 -6.21858830708925 -1.19689212009639 -0.608348804390282 1 1 1 1 1 0.967502554594775 0.80730906133256 0.254912393873377 -0.191453577506827 0.138597848140499 0.374558865506575 0.498656052420237 0.628328936035086 0.702073166987956 0.798460091410283 0.864828897831261 0.92035133351347 0.896768462875538 0.850168597757337 0.803219163620784 0.719982258832598
-9999 -9999 -9999 -9999 -9999 -9999 -9999 -9999 -9999 -9999 -9999 -9999 -9999 -9999 -9999 -9999 -9999 -9999 -9999 -9999 -9999 -9999 -9999 -9999 -9999 -20.0797441112143 -6.71805486312059 -2.7733265448252 -7.59596980483018 -11.0657373086822 -9.7248136923536 -9.56613333283195 -10.2249187390555 -8.82480991254342 -1.77211392584251 0.23867052136607 -0.190803822464087 1 1 0.652911547323618 1 1 0.367402134857378 -0.147724062922802 0.078374402617852 0.281495222661951 0.400832836621747 0.528456945812731 0.633826172308316 0.807088266130653 0.915463382358394 0.933103915012745 0.88080766584507 0.837094170392707 0.794668656308558 0.669571597047374
-9999 -9999 -9999 -9999 -9999 -9999 -9999 -9999 -9999 -9999 -9999 -9999 -9999 -9999 -9999 -9999 -9999 -9999 -9999 -9999 -9999 -9999 -9999 -9999 -9999 -9999 -9999 -5.79316523972422 -3.16332699212517 -10.2320643077122 -8.71349780075718 -8.61553394900189 -9.20186431303856 -8.67014794074258 -7.73376438420705 -4.69627307206669 -0.491571693784102 -0.76001358347265 0.407572211391963 0.686871800032387 1 0.827776440189041 0.35972449470155 0.15048524856512 0.0997470981157212 0.113402639509324 0.271419065624473 0.315969759212883 0.447387086967412 0.800634254256307 0.932136581144851 0.917777901480814 0.862344189018371 0.840610304716552 0.799481410388235 0.682363580686848
-9999 -9999 -9999 -9999 -9999 -9999 -9999 -9999 -9999 -9999 -9999 -9999 -9999 -9999 -9999 -9999 -9999 -9999 -9999 -9999 -9999 -9999 -9999 -9999 -9999 -9999 -9999 -9.19920111687879 -2.89174726718265 -6.82073498131364 -7.86797525056819 -7.39293877816088 -9.17835649092791 -9.51799104496617 -8.08772318546579 -6.58153289737139 -2.64471777320516 -0.83940280545833 0.430269795369925 0.753319887397058 1 0.914097523745885 0.888628202467266 -0.256546443125111 0.0244736506868642 0.205853607668071 0.293827855778512 0.297844196038238 0.471112590493709 0.754898877633513 0.872617195873117 0.887005222246042 0.869964355140554 0.856503142598268 0.832989007861361 0.808236036198956
-9999 -9999 -9999 -9999 -9999 -9999 -9999 -9999 -9999 -9999 -9999 -9999 -9999 -9999 -9999 -9999 -9999 -9999 -9999 -9999 -9999 -9999 -9999 -9999 -9999 -9999 -9999 -9999 -3.06041497070442 -4.20379310569218 -7.71715289444402 -6.34152393676455 -10.0966984290478 -11.6410958546239 -8.87938412550728 -6.12656430249672 -3.91109325467661 -1.40840141506295 -0.305671279032222 1 1 0.90424949298867 0.794534708394464 0.315463590604209 -0.317431764349663 0.317932004052809 0.378001957324807 0.556021220612781 0.694818814996514 0.714025856950318 0.720595149605405 0.840851707648007 0.816655980627592 0.800454194345139 0.872668292525215 0.927859318366454
-9999 -9999 -9999 -9999 -9999 -9999 -9999 -9999 -9999 -9999 -9999 -9999 -9999 -9999 -9999 -9999 -9999 -9999 -9999 -9999 -9999 -9999 -9999 -9999 -9999 -9999 -9999 -9999 -3.68320692898974 -3.50398657875293 -8.98914299538206 -6.68759592301664 -11.4194721014236 -13.9994647882942 -10.7132970660473 -6.58141138866675 -4.25504668986001 -1.59023360081013 -0.44089121339895 0.965244840415466 1 1 0.49279596181163 0.501415546063418 0.0927763955916744 -0.129041466650236 0.492422612515811 0.711174026040584 0.797708003070566 0.738651288968237 0.679534574600139 0.80666458012304 0.820632083270015 0.83421230510406 0.937890108379053 1
-9999 -9999 -9999 -9999 -9999 -9999 -9999 -9999 -9999 -9999 -9999 -9999 -9999 -9999 -9999 -9999 -9999 -9999 -9999 -9999 -9999 -9999 -9999 -9999 -9999 -9999 -9999 -9999 -4.3136444347692 -2.7991089164029 -8.0535248330842 -6.8698118263547 -13.7568666173252 -16.7347854493405 -11.3513496061207 -6.42097708736771 -4.06129066618534 -1.64063892011622 -0.233796302904414 0.868608547677758 1 1 0.600466127093704 0.572802011572884 0.274825331817522 0.0258979452403936 0.128862015532072 0.743604076037094 0.772727947169197 0.74070135986937 0.469833236470814 0.810484331151387 0.856977476318014 0.906125118701133 0.979784142732243 0.927317396859747
-9999 -9999 -9999 -9999 -9999 -9999 -9999 -9999 -9999 -9999 -9999 -9999 -9999 -9999 -9999 -9999 -9999 -9999 -9999 -9999 -9999 -9999 -9999 -9999 -9999 -9999 -9999 -9999 -4.43587421842279 -2.7446195533902 -7.2359049386132 -7.22640862344757 -13.19308301464 -16.2842242087037 -12.623245390113 -7.76414034167389 -3.84914158856566 -1.00384076664571 0.243569891387032 0.671823395269254 0.925861120766628 0.948225756165935 0.633827862651742 0.445491352332556 0.0580661680292798 -0.0538681886016863 -0.394688374222424 0.197698598426781 0.599253937673607 0.727595855016002 0.794715919990456 0.853942233875941 0.897428815398501 0.917040947492012 0.84169597162585 0.599957212324995
-9999 -9999 -9999 -9999 -9999 -9999 -9999 -9999 -9999 -9999 -9999 -9999 -9999 -9999 -9999 -9999 -9999 -9999 -9999 -9999 -9999 -9999 -9999 -9999 -9999 -9999 -9999 -9999 -4.89755599297457 -2.99095856354785 -6.79743697170095 -7.63808986546755 -12.8555596243395 -15.6063385029233 -12.5147227343287 -8.74344413297187 -3.36013349589362 0.0328704679412921 0.599422803608749 0.550858202332719 0.679658028649846 0.760223535544669 0.483371472043635 0.188363647360528 -0.172759701648048 -0.384710366700159 -0.294540576963041 -0.470504842927527 -0.043526154965144 0.645143878844796 0.842042344734182 0.801443704025572 0.715613007607554 0.594995863874954 0.358613012583832 0.133875360433006
