meets/meet006/_saidas_enm/CCSM_Gower_0k_T_subalaris5.asc
NCOLS 154 
NROWS 168 
XLLCORNER -112 
YLLCORNER -55.5 
CELLSIZE 0.5 
NODATA_value -9999 
[rows 78 to 103 of 168, columns 59 to 117 of 154]
-9999 -9999 -9999 -9999 -9999 -9999 -9999 -9999 -9999 0.522902849224951 0.580075178359013 0.498581777184228 0.402504573215314 0.251050905394647 0.0177324381138411 0.0338768065621072 0.293581731505002 0.550796312087423 0.633998280723922 0.548126502547136 0.427710273314422 0.460879997316711 0.470670074809188 0.432173286973269 0.398361796545815 0.370335739643311 0.356038378649707 0.345139294029038 0.331806723021347 0.323157199713101 0.322711995932526 0.330864185839054 0.340963669335405 0.346810384706833 0.351578563440806 0.36063061991232 0.370268861929699 0.376325896689135 0.381028197580172 0.378873589895452 0.394616644583538 0.422394824455773 0.445448166579182 0.469177654203862 0.480497462816798 0.490453320003542 0.494984228289927 0.493745922544427 0.495794774021387 0.47374661675172 0.427488878006246 0.380712211528865 0.340122576152658 0.305680618361623 0.273949863446717 0.245808209044356 0.21850674472696 0.193686646781595 0.174123909234308
-9999 -9999 -9999 -9999 -9999 -9999 -9999 -9999 -9999 -9999 0.538150409732037 0.514729188755374 0.316811358558146 0.143204914107635 0 0 0.0820101967261073 0.229291403708917 0.372456801523959 0.57347725465351 0.536691132176518 0.496322364873216 0.477075786061398 0.437112594141517 0.385951174474229 0.348944125772278 0.33693434390111 0.326344463605855 0.313393405752906 0.305309530874086 0.303825938672341 0.31011092122153 0.320666538902889 0.325789535380776 0.331500461497128 0.340314361272046 0.350411952967629 0.356558413660633 0.353914516988269 0.351590544845666 0.371616846671036 0.408213476865981 0.445363058268986 0.47591795002151 0.496240685096843 0.510777870185018 0.515270862920889 0.509511660251901 0.502265929128471 0.495674736132556 0.49029872128253 0.460875024356585 0.424322491116144 0.393684357394543 0.364798128484118 0.338006314643905 0.311808843638506 0.286901659205261 0.268969623625193
-9999 -9999 -9999 -9999 -9999 -9999 -9999 -9999 -9999 -9999 0.483887571310611 0.529220559898459 0.203892188058131 0.0338495678888442 0 0 0 0 0 0.00617327799568168 0.129379410440613 0.27433546805027 0.510283757957579 0.451112306133314 0.382752292765952 0.317716170506219 0.308782456682705 0.306563374382645 0.274649536238392 0.282249950921121 0.280465141997202 0.285852149782172 0.298364309857105 0.298836419248592 0.307194395038587 0.317934988794972 0.331045798712716 0.344048145386468 0.340960095933955 0.33232381523108 0.356929416811112 0.404067263141033 0.453789991049112 0.483754166591771 0.512905174582987 0.512709761759014 0.506861864136044 0.501059800518612 0.495495982234741 0.488863479633163 0.483352339482758 0.477913382491676 0.4730890486866 0.46954566798646 0.451299550784528 0.427317548060158 0.399581249835922 0.378908683284151 0.359447397006251
-9999 -9999 -9999 -9999 -9999 -9999 -9999 -9999 -9999 -9999 -9999 0.560066115987884 0.194934587174934 0.0262737970506018 0 0 0 0 0 0 0 0 0 0.111981415539662 0.428208686121984 0.319285734542834 0.295652938957373 0.243584065638238 0.248395755789859 0.241034338604068 0.238930445950729 0.255281279982628 0.26092305027093 0.260686995575186 0.263492746313198 0.277624918445207 0.301650157589844 0.325765782771142 0.332260755205503 0.339067033966129 0.36628749052026 0.403879105659311 0.446373870711404 0.480867139434306 0.507991064498639 0.504202511677154 0.498444741960995 0.493278682894846 0.487503197856473 0.481956300938082 0.477820481111153 0.472982503276188 0.468988317206894 0.46569822581104 0.463102408175158 0.45648945723861 0.446244393139969 0.427800466194247 0.402784724480295
-9999 -9999 -9999 -9999 -9999 -9999 -9999 -9999 -9999 -9999 -9999 0.479167575332077 0.180242109090765 0.130864519361943 0 0 0 0 0 0 0 0 0 0 0 0.162147721553051 0.446812052895291 0.249146380294312 0.258067692312797 0.231793732656078 0.208854176951795 0.226006503908779 0.225106847543878 0.21803823907685 0.213334801969136 0.229141007580133 0.26174072860258 0.305273796859593 0.317393092975179 0.340593717185352 0.372444944109615 0.402614155632734 0.439136235810955 0.472520273002871 0.498085639650563 0.498332546180167 0.492296160332602 0.487757472084335 0.483373271470979 0.477401576285444 0.473880965258172 0.469228344095921 0.46616384096436 0.464080915132491 0.461296158667821 0.459986588048941 0.4424072587566 0.407691544373204 0.379047226528042
-9999 -9999 -9999 -9999 -9999 -9999 -9999 -9999 -9999 -9999 -9999 -9999 0.537570635279929 0.515642699079276 0.0753424341183507 0 0 0 0 0 0 0 0 0 0 0 0 0.275169822442747 0.446935545223003 0.292846347419019 0.195394645092609 0.19488932408765 0.192161977981439 0.191201363591814 0.186673443555289 0.192209903600877 0.205723246681889 0.231666561604498 0.275511356587947 0.325858691208826 0.371666340269489 0.403232825613396 0.433594515082152 0.464455353058767 0.489962837988387 0.494368010234883 0.488888082572991 0.483903707706301 0.478949255215925 0.474508860725608 0.471313963883117 0.467690930277453 0.4647244986205 0.462338070519044 0.46037455038051 0.459181491366094 0.441773786713178 0.40136924846834 0.371679224966607
-9999 -9999 -9999 -9999 -9999 -9999 -9999 -9999 -9999 -9999 -9999 -9999 0.404982716769966 0.543139111966881 0.254896713245566 0 0 0 0 0 0 0 0 0 0 0 0 0 0.368737220912733 0.413952075539502 0.24134669593076 0.211573745654852 0.188683797170689 0.175868108172645 0.165621064216444 0.155014578114453 0.14369509332327 0.155235708604144 0.223581635725252 0.305075578179195 0.370276020094765 0.402961428897912 0.430051427893724 0.462410938507931 0.484830121176827 0.491422948359048 0.485129125807922 0.481073281647722 0.476673169797827 0.472351028646888 0.469538365032531 0.465892892835183 0.463669017030177 0.461885307156869 0.459880223272889 0.458791809977076 0.436220973669065 0.396810724435619 0.379967357517463
-9999 -9999 -9999 -9999 -9999 -9999 -9999 -9999 -9999 -9999 -9999 -9999 0.13730638682309 0.452613157394358 0.520923230948669 0.195904900118487 0 0 0 0 0 0 0 0 0 0 0 0 0.0484970118393239 0.590419317374785 0.404226174405488 0.304147544802785 0.237080054600211 0.202528835986236 0.162735857846204 0.130328890301938 0.104177897695096 0.098188876865949 0.189840738439944 0.296445603478877 0.368166406590457 0.407962327531682 0.432767028360036 0.452448627610461 0.474536855926203 0.488706986216851 0.484570875317077 0.479574792496877 0.475240079660766 0.471324567193701 0.460371364240139 0.445422553414739 0.444087442008353 0.450125090070737 0.457785846380642 0.450193660747197 0.429341721392354 0.408325348760005 0.391135117614674
-9999 -9999 -9999 -9999 -9999 -9999 -9999 -9999 -9999 -9999 -9999 -9999 -9999 0.165083198220168 0.34030976288016 0.416637703407881 0.210418900705366 0 0 0 0 0 0 0 0 0 0 0 0 0.197404581428273 0.561454082166077 0.466492708863497 0.33857327396586 0.26328527882905 0.201544679187062 0.163397357514509 0.135333964531997 0.105441620607662 0.214410185605312 0.316555445635429 0.375808259095398 0.404855274855245 0.41982463415925 0.421406588638729 0.434539580346551 0.439161243940017 0.437883610894782 0.452243520616458 0.415172031385668 0.391575856063708 0.378492161956961 0.364037167942664 0.368952577633652 0.396317220084102 0.419552623886761 0.42799741799305 0.426604234552299 0.412702259919064 0.394465300522153
-9999 -9999 -9999 -9999 -9999 -9999 -9999 -9999 -9999 -9999 -9999 -9999 -9999 -9999 0.100861215361093 0.289608922190303 0.347445900867328 0.363931175969944 0.0377735830804248 0 0 0 0 0 0 0 0 0 0 0 0 0.397586041537986 0.504647046674031 0.38672159755428 0.307620260411318 0.249763317544542 0.250908697809108 0.279822770536656 0.306656913420585 0.35074385890225 0.37692411476961 0.381251327811214 0.37476950708489 0.371381649818884 0.357526385053242 0.346420253348595 0.338884370092041 0.314785771117649 0.303817740869016 0.280836985948022 0.276984648985514 0.290121944114001 0.310937217756676 0.360943818039353 0.411298032452212 0.433270821153564 0.427873479477916 0.412694692715994 0.390031533080574
-9999 -9999 -9999 -9999 -9999 -9999 -9999 -9999 -9999 -9999 -9999 -9999 -9999 -9999 -9999 -9999 0.214084676494357 0.190444314837379 0.343805066448684 0.155886797687145 0 0 0 0 0 0 0 0 0 0 0 0 0.352960351457997 0.538031083865948 0.423958372225083 0.350266914908801 0.345304721496136 0.381252554925225 0.363102311585108 0.366356413423891 0.369820147239592 0.353253017319964 0.341280861264058 0.335389163074385 0.308850981910499 0.287245776347427 0.266327294462891 0.226754185612038 0.223911229458935 0.208857960553329 0.215370799994937 0.243475181994074 0.271130156210932 0.337682446004541 0.404123301347546 0.428105404026038 0.419372851684115 0.40093219136134 0.37916400687811
-9999 -9999 -9999 -9999 -9999 -9999 -9999 -9999 -9999 -9999 -9999 -9999 -9999 -9999 -9999 -9999 -9999 -9999 0.269361337475542 0.350773459483367 0.292209750779734 0 0 0 0 0 0 0 0 0 0 0 0 0.12603436158053 0.581399730920385 0.44451137013165 0.420233672162994 0.371931805933919 0.356205277517401 0.357482663435509 0.336977014518418 0.335177491588531 0.326355394010288 0.321272125348515 0.314849461743482 0.287902231213686 0.248501696632829 0.213071631462394 0.200349901902461 0.200355367104677 0.209842958152844 0.222520545694874 0.255767052379657 0.31594691638861 0.3793376435107 0.411493143579997 0.395905932371338 0.378498297527018 0.394683931335154
-9999 -9999 -9999 -9999 -9999 -9999 -9999 -9999 -9999 -9999 -9999 -9999 -9999 -9999 -9999 -9999 -9999 -9999 -9999 -9999 0.37430189623996 0.384877299165692 0.0608819294531701 0 0 0 0 0 0 0 0 0 0 0 0.132593380669454 0.510619963445797 0.552751796352885 0.446095352757897 0.381416374645725 0.344001060567371 0.318272990532065 0.312442880967373 0.316113605056219 0.317792473137168 0.312565217416993 0.288595260894778 0.247071074852569 0.210745557318939 0.200055621783101 0.20079090168133 0.204853648929181 0.211166588089709 0.23154548635539 0.27557147381233 0.334753728216653 0.376408317846889 0.39210269701253 0.409449998751298 0.455642206027398
-9999 -9999 -9999 -9999 -9999 -9999 -9999 -9999 -9999 -9999 -9999 -9999 -9999 -9999 -9999 -9999 -9999 -9999 -9999 -9999 -9999 -9999 0.36166064801246 0.292269762904075 0 0 0 0 0 0 0 0 0 0 0 0.0525810987812662 0.577147456328309 0.588422449723605 0.446344223977758 0.356772397347425 0.290368298613922 0.294413599254696 0.308155219628298 0.309875707326127 0.302348442273069 0.279273097313709 0.241506868395726 0.206203974276873 0.196649119201423 0.19975650706178 0.19903720237003 0.192938457096379 0.199102574596545 0.230308248653566 0.266571336761875 0.327532304287643 0.406003853569758 0.471845462449729 0.471650615944733
-9999 -9999 -9999 -9999 -9999 -9999 -9999 -9999 -9999 -9999 -9999 -9999 -9999 -9999 -9999 -9999 -9999 -9999 -9999 -9999 -9999 -9999 0.210875023498572 0.308424836487157 0.280079944659885 0 0 0 0 0 0 0 0 0 0 0 0.406083857230806 0.680881967388741 0.544591684175576 0.382367388004429 0.277291751310075 0.275669637252145 0.305334544684232 0.310928809753266 0.304929489119941 0.282303551942861 0.244188601083437 0.210250325918073 0.197309567869301 0.195921406506263 0.192346113256124 0.186479008476426 0.188387204850391 0.209071734040036 0.245779185128578 0.319283632541982 0.418458242707744 0.477468308312089 0.470329594350966
-9999 -9999 -9999 -9999 -9999 -9999 -9999 -9999 -9999 -9999 -9999 -9999 -9999 -9999 -9999 -9999 -9999 -9999 -9999 -9999 -9999 -9999 -9999 -9999 0.250891450542476 0.343938835661051 0 0 0 0 0 0 0 0 0 0 0.34050578662596 0.696684255884172 0.656140480784633 0.4070027243749 0.25433937340059 0.26871747963235 0.30751116656707 0.3036611418055 0.311975816377932 0.291284350585473 0.244623925460005 0.213000794033663 0.194743865628652 0.190472179496057 0.188331291627712 0.184880647028131 0.194554685551921 0.220219695561649 0.253183062731591 0.327710553959941 0.428316672154972 0.483167957941078 0.48241888688263
-9999 -9999 -9999 -9999 -9999 -9999 -9999 -9999 -9999 -9999 -9999 -9999 -9999 -9999 -9999 -9999 -9999 -9999 -9999 -9999 -9999 -9999 -9999 -9999 0.129591344569815 0.256880714295924 0.228693065517367 0 0 0 0 0 0 0 0 0 0.289190447725227 0.698928990049263 0.658816912051855 0.477446874428128 0.2929535494625 0.260903922063171 0.283056278448167 0.278440915176176 0.27909400684107 0.260716843987292 0.228137932773286 0.200336869497175 0.180521938060239 0.173823491943349 0.178265229944918 0.191388651867778 0.215232278138753 0.250204737723582 0.291781263587021 0.355396217389246 0.428227706389158 0.49027718343292 0.489209410582452
-9999 -9999 -9999 -9999 -9999 -9999 -9999 -9999 -9999 -9999 -9999 -9999 -9999 -9999 -9999 -9999 -9999 -9999 -9999 -9999 -9999 -9999 -9999 -9999 -9999 0.179583327557231 0.374343191686667 0.0718571065047019 0 0 0 0 0 0 0 0 0.249373517887533 0.642875608973266 0.65873653525904 0.546705274438254 0.334168320979212 0.273037721984641 0.244841692748331 0.238756820680307 0.229491621322342 0.213943541416041 0.200332034895214 0.178181149910815 0.167351221118196 0.154608681749822 0.168384144337149 0.203070942006115 0.242550722019113 0.296413232665748 0.345079597204825 0.391885906870545 0.426904877485051 0.455334646375624 0.49544669457877
-9999 -9999 -9999 -9999 -9999 -9999 -9999 -9999 -9999 -9999 -9999 -9999 -9999 -9999 -9999 -9999 -9999 -9999 -9999 -9999 -9999 -9999 -9999 -9999 -9999 0.103386611284772 0.356879774468516 0.164210090463072 0 0 0 0 0 0 0 0 0.179378725868995 0.560057705697175 0.645885598396593 0.597893696294872 0.377186512649012 0.291853572416349 0.260005947298953 0.214148276299081 0.186111578727397 0.171244967497499 0.18102179386298 0.183172561135331 0.171931060575779 0.157102495561313 0.178642539097954 0.226818296638042 0.287679208923228 0.357390595798166 0.411378203900945 0.44376899171973 0.443658270245092 0.435786154908918 0.452287889877698
-9999 -9999 -9999 -9999 -9999 -9999 -9999 -9999 -9999 -9999 -9999 -9999 -9999 -9999 -9999 -9999 -9999 -9999 -9999 -9999 -9999 -9999 -9999 -9999 -9999 0.0414341516787996 0.34463126017901 0.223432072683508 0 0 0 0 0 0 0 0 0.117914519201087 0.505621468381109 0.641824539400945 0.610832658453257 0.390884377318379 0.313186568869013 0.279107039246356 0.216078123281827 0.160963871127487 0.14508451588682 0.17751922984234 0.208383749160989 0.187017961495026 0.169958542975726 0.202194407650592 0.267247550436147 0.33780478245416 0.417343000590537 0.48445036063631 0.503442421231381 0.463949140123717 0.422367009871519 0.435018365011016
-9999 -9999 -9999 -9999 -9999 -9999 -9999 -9999 -9999 -9999 -9999 -9999 -9999 -9999 -9999 -9999 -9999 -9999 -9999 -9999 -9999 -9999 -9999 -9999 -9999 0.054221463207442 0.353526014603532 0.162379037520397 0 0 0 0 0 0 0 0 0.047296954051005 0.482267924847629 0.624555319380235 0.604863959527417 0.389176234614746 0.31724237951405 0.293077567512802 0.238177088845168 0.197659130611084 0.179032250056021 0.188839135033694 0.202282061086145 0.206476813987536 0.214354062182548 0.257310341405615 0.325063294086213 0.399036095694986 0.46944528152052 0.517302975085654 0.531045950397643 0.500982750731036 0.460445380235025 0.448446318568205
-9999 -9999 -9999 -9999 -9999 -9999 -9999 -9999 -9999 -9999 -9999 -9999 -9999 -9999 -9999 -9999 -9999 -9999 -9999 -9999 -9999 -9999 -9999 -9999 -9999 0.0554991057792078 0.376146521124938 0.086504794345804 0 0 0 0 0 0 0 0 0.0153887342312425 0.504985826799466 0.604991985198134 0.570342796685092 0.363971517343064 0.323192303127339 0.304390956501512 0.264898774683484 0.234908477519419 0.218171505930903 0.212359893973714 0.210326628549021 0.240681622861007 0.266025447140462 0.317714909305708 0.389529847968982 0.461050213937102 0.516079996903128 0.554112117566794 0.5582920917977 0.540699491572579 0.505988813469603 0.495033437834211
-9999 -9999 -9999 -9999 -9999 -9999 -9999 -9999 -9999 -9999 -9999 -9999 -9999 -9999 -9999 -9999 -9999 -9999 -9999 -9999 -9999 -9999 -9999 -9999 -9999 0.0690064893891268 0.403779155691847 0 0 0 0 0 0 0 0 0 0.0178641152776466 0.518637307123867 0.60540565302578 0.554427139321594 0.36405639272884 0.326061954691269 0.32559215750072 0.28388404638391 0.244418770176794 0.232935119119025 0.252238843948616 0.28113757206994 0.294435249863478 0.320754822938697 0.372387678789091 0.439099732009662 0.510112532944887 0.558008545417455 0.580125431733154 0.576134416263197 0.569914684183716 0.565127034075772 0.55946375851306
-9999 -9999 -9999 -9999 -9999 -9999 -9999 -9999 -9999 -9999 -9999 -9999 -9999 -9999 -9999 -9999 -9999 -9999 -9999 -9999 -9999 -9999 -9999 -9999 -9999 0.0346477650325998 0.406492279032728 0 0 0 0 0 0 0 0 0 0.0612089456733447 0.58919831094677 0.605105555150269 0.53402554796833 0.360261088162438 0.350855054747351 0.35504770564789 0.31087541893161 0.263023369522819 0.255394577828581 0.295187766168698 0.338251878035502 0.336173629792565 0.353746987520319 0.39843010589244 0.458488897492827 0.543051062418268 0.582724948007293 0.603579106058362 0.599944629830448 0.595126674381712 0.588008741479246 0.585720688249404
-9999 -9999 -9999 -9999 -9999 -9999 -9999 -9999 -9999 -9999 -9999 -9999 -9999 -9999 -9999 -9999 -9999 -9999 -9999 -9999 -9999 -9999 -9999 -9999 0 0 0.385357396160419 0 0 0 0 0 0 0 0 0 0.134782513517721 0.618677969012853 0.599461377155311 0.539337758609449 0.38772353614445 0.381953850582644 0.398382657484006 0.363392524048765 0.322962764634238 0.313919116166134 0.336945064105459 0.358306857969802 0.358608495092146 0.353216652705215 0.388970283979861 0.453673420899129 0.519652327468281 0.582849619382184 0.625012265293956 0.622094636525327 0.616084437947821 0.612347492559448 0.60706316883973
-9999 -9999 -9999 -9999 -9999 -9999 -9999 -9999 -9999 -9999 -9999 -9999 -9999 -9999 -9999 -9999 -9999 -9999 -9999 -9999 -9999 -9999 -9999 -9999 0 0 0.298687487244659 0 0 0 0 0 0 0 0 0 0.219656076880586 0.610093257616025 0.592810406261115 0.554658464515419 0.422912053011507 0.433296837674927 0.451902684018756 0.421269356388473 0.386249772216962 0.373988858054746 0.384813230747814 0.394564083200057 0.38875492547089 0.371058305276924 0.398557725749608 0.457570857142091 0.515400743849244 0.585487999722581 0.640867740265685 0.650216821602654 0.647368888245889 0.643878426688645 0.644062718894853
