meets/meet006/_saidas_enm/CCSM_Maxent_0k_T_nigriceps2.asc
NCOLS 154 
NROWS 168 
XLLCORNER -112 
YLLCORNER -55.5 
CELLSIZE 0.5 
NODATA_value -9999 
[rows 50 to 74 of 168, columns 55 to 109 of 154]
-9999 -9999 -9999 -9999 -9999 -9999 -9999 -9999 -9999 -9999 -9999 -9999 -9999 -9999 0.0101696541532874 0.0972335562109947 0.108206875622272 0.109808042645454 0.141359686851501 0.130314439535141 0.172348588705063 0.133940830826759 0.338877201080322 0.0609098300337791 0.0137431621551514 0.013646743260324 0.0174091905355453 0.0029380745254457 0.00292973662726581 0.0028608504217118 0.0027902196161449 0.00272571411915123 0.00281072384677827 0.00279771885834634 0.00305122160352767 0.0616141259670258 0.0589054562151432 0.0711485594511032 0.0739351958036423 0.152254268527031 0.092502236366272 0.0755796879529953 0.0808223113417625 0.0743492394685745 0.0176930204033852 0.0147021692246199 0.0029978530947119 0.00372911081649363 0.00287331640720367 0.00287169823423028 0.00311433314345777 0.00373666756786406 0.00406516343355179 0.0145990587770939 0.0141452513635159
-9999 -9999 -9999 -9999 -9999 -9999 -9999 -9999 -9999 -9999 -9999 -9999 -9999 -9999 0.0895635187625885 0.10937924683094 0.101372361183167 0.1034205108881 0.155949026346207 0.130991667509079 0.128516048192978 0.127653107047081 0.0957498997449875 0.017450325191021 0.00464410986751318 0.00281749502755702 0.00281202001497149 0.0027382920961827 0.00265743304044008 0.00257171783596277 0.00251345080323517 0.00247137574478984 0.00249576498754323 0.00255373236723244 0.00277192797511816 0.00309891300275922 0.0558328703045845 0.0601950772106647 0.0643322244286537 0.0659639090299606 0.0840025544166565 0.0768822580575943 0.0203175395727158 0.0183825213462114 0.0166118163615465 0.0152444830164313 0.0139270043000579 0.0140460273250937 0.0106223486363888 0.0106774345040321 0.00319952168501914 0.00414647255092859 0.00419953931123018 0.0147032309323549 0.0139992842450738
-9999 -9999 -9999 -9999 -9999 -9999 -9999 -9999 -9999 -9999 -9999 -9999 0.0106419594958425 0.0951877012848854 0.136862128973007 0.103572927415371 0.0977413132786751 0.0974458903074265 0.100283570587635 0.197810679674149 0.152739062905312 0.134956836700439 0.0310542769730091 0.012352678924799 0.0110531440004706 0.00277357245795429 0.00269771320745349 0.00258414982818067 0.00249139964580536 0.00239244941622019 0.00232582981698215 0.00229061162099242 0.00232336297631264 0.00241528009064496 0.00264772237278521 0.00299001764506102 0.0551516674458981 0.0585563033819199 0.0588483065366745 0.0621898323297501 0.0631686672568321 0.0615670941770077 0.0206904355436563 0.0191524513065815 0.0180589240044355 0.0178006011992693 0.0133044058457017 0.0126204965636134 0.0123911518603563 0.012826681137085 0.00459663383662701 0.00463966932147741 0.00438859639689326 0.0147947464138269 0.0135136097669601
-9999 -9999 -9999 -9999 -9999 -9999 -9999 -9999 -9999 -9999 -9999 0.00956747494637966 0.0733845457434654 0.105395376682281 0.102262087166309 0.0965540185570717 0.0924283936619759 0.121359668672085 0.0902010053396225 0.0755102261900902 0.0720466449856758 0.0297093000262976 0.0126579413190484 0.0116834687069058 0.0108554856851697 0.0103126000612974 0.00256969220936298 0.00243926420807838 0.0023260738234967 0.00222493265755475 0.00216713757254183 0.00216803629882634 0.00218987534753978 0.00230380287393928 0.00253385654650629 0.0028707382734865 0.0192867089062929 0.0560484379529953 0.0576830916106701 0.0607630535960197 0.0601029731333256 0.0590150654315948 0.0153449876233935 0.0147398458793759 0.0142509676516056 0.0139916939660907 0.0138919232413173 0.0135970525443554 0.00370591692626476 0.00498666428029537 0.00484227994456887 0.0167227331548929 0.015745010226965 0.0141945974901319 0.012555904686451
-9999 -9999 -9999 -9999 -9999 -9999 -9999 -9999 -9999 -9999 -9999 0.182866051793098 0.109648980200291 0.104145281016827 0.0978061705827713 0.12462455034256 0.122745417058468 0.087546169757843 0.0284754037857056 0.011670732870698 0.0117868967354298 0.0114647597074509 0.0112136797979474 0.0109728099778295 0.0104306284338236 0.00990040320903063 0.00243750074878335 0.00229151709936559 0.00216597085818648 0.00212735496461391 0.00214487034827471 0.00212450046092272 0.00208777980878949 0.00219300435855985 0.00241586798802018 0.00272664404474199 0.0116989845409989 0.0153935663402081 0.0159715432673693 0.0560063123703003 0.0547137781977654 0.0150523660704494 0.014391859062016 0.0139093911275268 0.0135729843750596 0.0135613903403282 0.00379697629250586 0.00374651723541319 0.00504433177411556 0.00494013074785471 0.017192991450429 0.0167025551199913 0.0157467927783728 0.015800453722477 0.0141751673072577
-9999 -9999 -9999 -9999 -9999 -9999 -9999 -9999 -9999 0.00712325749918818 0.044173140078783 0.277546495199203 0.103379584848881 0.175862312316895 0.127164542675018 0.123827323317528 0.18772728741169 0.0767498984932899 0.0112911984324455 0.00999975576996803 0.01001803483814 0.0103030446916819 0.0102084903046489 0.0100381746888161 0.00973993819206953 0.00927234999835491 0.00917433854192495 0.0022991350851953 0.00225023739039898 0.0022144285030663 0.00219364766962826 0.00218924484215677 0.00215219496749341 0.00213845889084041 0.00231434940360487 0.00258838757872581 0.00286675267852843 0.00410962104797363 0.0150405056774616 0.0151272555813193 0.00387950101867318 0.00376716535538435 0.00359611725434661 0.00346110668033361 0.00341274263337255 0.003437778679654 0.0034909809473902 0.00350385950878263 0.0127401743084192 0.0126892141997814 0.0135084725916386 0.0154888965189457 0.020470330491662 0.0121072996407747 0.0113457590341568
-9999 -9999 -9999 -9999 -9999 -9999 -9999 -9999 -9999 0.0406854636967182 0.231945097446442 0.430314958095551 0.418305605649948 0.153021946549416 0.122312068939209 0.123203821480274 0.126589447259903 0.0695816650986671 0.0104206455871463 0.00236541032791138 0.00241875252686441 0.00957177206873894 0.0024684218224138 0.00944534502923489 0.00245147757232189 0.00243981392122805 0.00243912218138576 0.00236580451019108 0.00229995092377067 0.00226952112279832 0.00227158865891397 0.00227440870366991 0.00224206270650029 0.00221142615191638 0.00222018733620644 0.00243457546457648 0.00264157867059112 0.00276636588387191 0.00386515585705638 0.00358381122350693 0.00353690073825419 0.00349287665449083 0.00339914229698479 0.00331763527356088 0.00326085346750915 0.00325999385677278 0.0128991538658738 0.0152204073965549 0.00975464284420013 0.00970506481826305 0.00952058099210262 0.0160895958542824 0.00888319127261639 0.0084387268871069 0.0115569643676281
-9999 -9999 -9999 -9999 -9999 -9999 -9999 -9999 0.0347612909972668 0.228340595960617 0.290035218000412 0.357969999313354 0.417262673377991 0.379100561141968 0.173070594668388 0.123908057808876 0.124223761260509 0.0895404145121574 0.0103214448317885 0.00235539930872619 0.00234180293045938 0.00237906631082296 0.00238841259852052 0.00235404656268656 0.00235071917995811 0.0023689663503319 0.0023435668554157 0.00234105670824647 0.00232621794566512 0.00231397524476051 0.00232180138118565 0.00232010520994663 0.00230551557615399 0.00228626909665763 0.00227153417654335 0.00227956497110426 0.00238803797401488 0.00247870665043592 0.00250410288572311 0.00253113941289485 0.00257476861588657 0.00405752053484321 0.00253160879947245 0.00248954584822059 0.00245466665364802 0.00879991054534912 0.00881841499358416 0.00883656553924084 0.00882437918335199 0.0178809612989426 0.0138173121958971 0.0135083785280585 0.0131051847711205 0.013620181940496 0.00803171005100012
-9999 -9999 -9999 -9999 -9999 -9999 -9999 -9999 0.103180654346943 0.277252465486526 0.502596139907837 0.618156433105469 0.413291126489639 0.365723580121994 0.150201663374901 0.191401571035385 0.118546016514301 0.0389781147241592 0.010679317638278 0.00234920810908079 0.00234116730280221 0.00237082899548113 0.0023638375569135 0.00231800903566182 0.00231657805852592 0.00235074455849826 0.00233970442786813 0.00235572131350636 0.00234014261513948 0.00234305369667709 0.00236994866281748 0.00237134704366326 0.00236485991626978 0.00233226758427918 0.00230451952666044 0.00227586925029755 0.00220979331061244 0.0022611825261265 0.00227009458467364 0.00228711706586182 0.00232503120787442 0.0023183049634099 0.00230541476048529 0.00817690324038267 0.00802808534353971 0.00792970415204763 0.00787716265767813 0.0135124614462256 0.0127035807818174 0.0122870877385139 0.0123602608218789 0.0121447406709194 0.0124139823019505 0.0133246025070548 0.0132950665429235
-9999 -9999 -9999 -9999 -9999 -9999 -9999 0.0563982985913754 0.238271862268448 0.449416130781174 0.517931282520294 0.621278047561646 0.417496621608734 0.142115488648415 0.140024676918983 0.133529961109161 0.108957782387733 0.0170952044427395 0.0037628011777997 0.0024863239377737 0.00238530873320997 0.00240551657043397 0.00238088611513376 0.00236950744874775 0.00236746645532548 0.00236899312585592 0.00238036317750812 0.00237259431742132 0.00236910604871809 0.00237736734561622 0.00237554777413607 0.00237790634855628 0.00237015984021127 0.00235906825400889 0.00233473302796483 0.00230608973652124 0.00227485620416701 0.00222552707418799 0.00219712988473475 0.00216473056934774 0.00216059060767293 0.00217740377411246 0.00778660085052252 0.00778056588023901 0.00777007499709725 0.00780778331682086 0.0127264652401209 0.0128583619371057 0.0125576835125685 0.012594897300005 0.0122581385076046 0.012118992395699 0.0120700914412737 0.0122310603037477 0.0133987236768007
-9999 -9999 -9999 -9999 -9999 -9999 -9999 0.0710553377866745 0.198652565479279 0.447991460561752 0.561127424240112 0.538051128387451 0.437880218029022 0.149141728878021 0.148818373680115 0.167930141091347 0.0975303277373314 0.0168668907135725 0.00379392504692078 0.00255136145278811 0.00245217769406736 0.00249031279236078 0.00247086933813989 0.00245431275106966 0.00245643313974142 0.00246851239353418 0.0024698895867914 0.00245431717485189 0.00242245639674366 0.00240990542806685 0.00240846443921328 0.00239659985527396 0.0023882919922471 0.00236979429610074 0.00235328846611083 0.00234253238886595 0.00233182869851589 0.00231477851048112 0.00229061208665371 0.00227434537373483 0.00820165313780308 0.00816422142088413 0.00813411734998226 0.00806932803243399 0.00805462338030338 0.0130169782787561 0.0125817116349936 0.0124960029497743 0.0125558758154511 0.0125593515112996 0.0125179914757609 0.0123256267979741 0.0123574510216713 0.0125087881460786 0.0157456211745739
-9999 -9999 -9999 -9999 -9999 -9999 -9999 0.0655292719602585 0.164391756057739 0.429783582687378 0.545270204544067 0.467565655708313 0.520009517669678 0.155968278646469 0.195582002401352 0.149435684084892 0.0660043805837631 0.0264821033924818 0.00451770657673478 0.00401395885273814 0.00400133477523923 0.00254439981654286 0.0025223414413631 0.0025114631280303 0.00251261680386961 0.00251676701009274 0.00252480269409716 0.00249292911030352 0.00246589817106724 0.00243126950226724 0.0024144989438355 0.00240737944841385 0.00238754344172776 0.00237265485338867 0.00235642609186471 0.00234719435684383 0.00234655849635601 0.00233748322352767 0.00871802121400833 0.00835088361054659 0.00830725766718388 0.0082666827365756 0.00818577688187361 0.008190693333745 0.0131525425240397 0.0126683730632067 0.0124542852863669 0.0125243896618485 0.0125966100022197 0.012605357915163 0.0125402128323913 0.0124469734728336 0.0124995606020093 0.0127279171720147 0.0134746450930834
-9999 -9999 -9999 -9999 -9999 -9999 -9999 -9999 0.0846181437373161 0.418331205844879 0.486415773630142 0.445435136556625 0.450099259614944 0.169105917215347 0.159618586301804 0.143039166927338 0.0511212274432182 0.0153950741514564 0.00375043880194426 0.00348481559194624 0.00346417911350727 0.00349614000879228 0.012491668574512 0.0124261090531945 0.0124107422307134 0.0124405222013593 0.0124176209792495 0.0123224277049303 0.0121490005403757 0.0119529478251934 0.0118222534656525 0.0117328092455864 0.0137151619419456 0.0136354072019458 0.0135713210329413 0.00856764987111092 0.00853531993925571 0.00854252185672522 0.00851471722126007 0.00845932587981224 0.00842431932687759 0.00835143495351076 0.0226131547242403 0.0211266241967678 0.0203371364623308 0.0170593149960041 0.0170414596796036 0.0171426720917225 0.0171706005930901 0.0158100053668022 0.0158020742237568 0.0159700643271208 0.0164721757173538 0.0224478952586651 0.0109678702428937
-9999 -9999 -9999 -9999 -9999 -9999 -9999 -9999 -9999 0.495143204927444 0.384790450334549 0.427909761667252 0.432707697153091 0.160712987184525 0.150503501296043 0.124501787126064 0.0228916015475988 0.0203050803393126 0.00341780274175107 0.00321403029374778 0.00320676015689969 0.0116087542846799 0.0115485042333603 0.011515730060637 0.0114961406216025 0.0114960251376033 0.0114755248650908 0.0113611426204443 0.0112317930907011 0.0110639501363039 0.0108651909977198 0.0107829477638006 0.0107705164700747 0.0107659548521042 0.0116605525836349 0.0116229495033622 0.0115642556920648 0.01154332049191 0.0115068089216948 0.011446793563664 0.0114128598943353 0.0179289765655994 0.0167240109294653 0.0161258652806282 0.0159418191760778 0.0160833969712257 0.0162985920906067 0.0163658577948809 0.0165189914405346 0.0165774803608656 0.0165259093046188 0.0168187767267227 0.0172821134328842 0.0189078375697136 0.0106592960655689
-9999 -9999 -9999 -9999 -9999 -9999 -9999 0.0458619371056557 0.0904121398925781 0.370697468519211 0.413824677467346 0.428967863321304 0.421738237142563 0.153116211295128 0.14246378839016 0.0531288646161556 0.0214668605476618 0.00510740466415882 0.00352853280492127 0.00322026247158647 0.0115069951862097 0.0115871084854007 0.0115932393819094 0.011619527824223 0.0116031151264906 0.0115704834461212 0.0114968819543719 0.0113990642130375 0.011271545663476 0.0111306440085173 0.0114263091236353 0.0152951618656516 0.0113143622875214 0.0113120414316654 0.0108590647578239 0.0108628906309605 0.0108300596475601 0.0108205229043961 0.0107802785933018 0.0107308616861701 0.0107518248260021 0.021952249109745 0.0174127053469419 0.0169320814311504 0.0167413968592882 0.0168779660016298 0.017003258690238 0.0171696990728378 0.017300171777606 0.017364913597703 0.0173413660377264 0.0175985172390938 0.0175673607736826 0.0182039104402065 0.0229886397719383
-9999 -9999 -9999 -9999 -9999 -9999 0.0183129906654358 0.0732327327132225 0.182888105511665 0.400137722492218 0.497982740402222 0.432917237281799 0.407086580991745 0.143784016370773 0.121879890561104 0.0226922128349543 0.01960114762187 0.00476089073345065 0.00462962314486504 0.0119394715875387 0.0113765001296997 0.0114334737882018 0.0114748170599341 0.0116204600781202 0.0116315884515643 0.0115422373637557 0.0114713590592146 0.0113566126674414 0.0112683298066258 0.0116319311782718 0.0155557580292225 0.0154282562434673 0.0153222987428308 0.0153449438512325 0.0154068348929286 0.0114285387098789 0.0110477292910218 0.0110634882003069 0.0111427009105682 0.0111758932471275 0.0111875170841813 0.0179738290607929 0.0180713478475809 0.0176210608333349 0.0173935201019049 0.0174796096980572 0.0175692997872829 0.0177371259778738 0.0179455000907183 0.0180413853377104 0.0179871805012226 0.017974903807044 0.0183812063187361 0.0191834587603807 0.0214363299310207
-9999 -9999 -9999 -9999 -9999 -9999 0.0192335583269596 0.0685184001922607 0.171194702386856 0.358988881111145 0.481005400419235 0.371570706367493 0.376416862010956 0.118674732744694 0.0499487221240997 0.0716106444597244 0.017094949260354 0.0163237731903791 0.0158487800508738 0.0154800675809383 0.0156543534249067 0.0158047061413527 0.0117876166477799 0.0114351566880941 0.011457422748208 0.0114549929276109 0.0118392603471875 0.0117853684350848 0.0158279836177826 0.0156823750585318 0.0155952926725149 0.0155199514701962 0.0155132729560137 0.0155626609921455 0.0156658478081226 0.0116739803925157 0.0112914685159922 0.0113593330606818 0.0114269675686955 0.0196798238903284 0.0197765026241541 0.0185460206121206 0.0179667454212904 0.0180796198546886 0.0178386513143778 0.0179350860416889 0.0180454682558775 0.018222926184535 0.0194041188806295 0.0195336695760489 0.0195907149463892 0.0200393330305815 0.0202266052365303 0.0212573725730181 0.0216563921421766
-9999 -9999 -9999 -9999 -9999 -9999 -9999 0.0647548660635948 0.0792522355914116 0.417769908905029 0.427099883556366 0.336122065782547 0.369781792163849 0.122403040528297 0.309165120124817 0.0732985883951187 0.0162026155740023 0.0160662066191435 0.0153618762269616 0.0148624517023563 0.015217924490571 0.0153286186978221 0.015716053545475 0.0158257130533457 0.0159109961241484 0.0159964840859175 0.0158598553389311 0.0158386826515198 0.0157176367938519 0.0267180856317282 0.0281427744776011 0.031229056417942 0.0267487075179815 0.0268974248319864 0.0271505452692509 0.020342605188489 0.0197079200297594 0.0232829488813877 0.0205864161252975 0.0206986740231514 0.0208552107214928 0.0190269816666842 0.0184012558311224 0.0194987393915653 0.0192243065685034 0.0193604212254286 0.0194789879024029 0.019663592800498 0.0198454950004816 0.0200095195323229 0.0201264563947916 0.0206901691854 0.0210156533867121 0.0222218949347734 0.0227205734699965
-9999 -9999 -9999 -9999 -9999 -9999 -9999 0.0634456872940063 0.0944507643580437 0.106975421309471 0.425211817026138 0.455007582902908 0.38746041059494 0.475784599781036 0.152791514992714 0.137132152915001 0.0485034286975861 0.0639914274215698 0.01446901448071 0.0135487895458937 0.0145901693031192 0.0155184017494321 0.0156452152878046 0.0156206963583827 0.0156773626804352 0.0158408284187317 0.0167996287345886 0.0284441486001015 0.0333978459239006 0.0288513265550137 0.0289221107959747 0.0263981446623802 0.0264636296778917 0.0266318824142218 0.0268941894173622 0.022262804210186 0.0196090396493673 0.0197375975549221 0.0198760647326708 0.0200267676264048 0.0202005319297314 0.0203634947538376 0.0197305772453547 0.0198365654796362 0.0195843800902367 0.0197175312787294 0.0198707301169634 0.0200589187443256 0.0202542003244162 0.0204320270568132 0.0205661207437515 0.0208046119660139 0.0216473508626223 0.022202093154192 0.0227851197123528
-9999 -9999 -9999 -9999 -9999 -9999 -9999 0.0643151476979256 0.0851541757583618 0.0990326255559921 0.461731255054474 0.545542478561401 0.40704745054245 0.401520937681198 0.157298475503922 0.234129309654236 0.146602272987366 0.0200806483626366 0.0132531989365816 0.0119128013029695 0.0137267373502254 0.0155744096264243 0.0156657062470913 0.0153444977477193 0.0154058821499348 0.0165505427867174 0.0286775976419449 0.0292025655508041 0.0261119809001684 0.0259725358337164 0.0261393561959267 0.0263158436864614 0.0263691525906324 0.0264598689973354 0.0267384275794029 0.0272066686302423 0.0204632095992565 0.019851915538311 0.0192698910832405 0.0194348711520433 0.0203955881297588 0.0205646753311157 0.019992096349597 0.0201303325593472 0.0202535111457109 0.0200606174767017 0.0202207881957293 0.0204253904521465 0.0206316765397787 0.020836029201746 0.0209910683333874 0.0212413500994444 0.028649402782321 0.029519671574235 0.0304180942475796
-9999 -9999 -9999 -9999 -9999 -9999 -9999 -9999 -9999 0.198701128363609 0.466925352811813 0.491378009319305 0.494732558727264 0.411219656467438 0.403089255094528 0.395279258489609 0.196128010749817 0.0456509627401829 0.0124997440725565 0.0105680096894503 0.0125842681154609 0.0151161318644881 0.0151386866346002 0.0144025282934308 0.0151590527966619 0.0157551802694798 0.0328904762864113 0.0283332820981741 0.0252366848289967 0.0250994432717562 0.0254798028618097 0.0259209685027599 0.0249767806380987 0.0250000786036253 0.0252410192042589 0.025746950879693 0.0263331569731236 0.0197988338768482 0.0192471984773874 0.0194663740694523 0.0196687839925289 0.0198992881923914 0.0200974605977535 0.0202990844845772 0.020473338663578 0.0206440929323435 0.0208466406911612 0.0210721101611853 0.020939476788044 0.0272436365485191 0.0273996386677027 0.027956360951066 0.0283536091446877 0.0290086064487696 0.0297687668353319
-9999 -9999 -9999 -9999 -9999 -9999 -9999 -9999 -9999 0.153184935450554 0.451727688312531 0.479220062494278 0.515245020389557 0.436251312494278 0.414755046367645 0.400228500366211 0.397211819887161 0.321071863174438 0.0123903211206198 0.0100341001525521 0.0122510474175215 0.0148242376744747 0.0145429149270058 0.0141364336013794 0.0140198655426502 0.0148724000900984 0.0314854085445404 0.0271298140287399 0.0240503773093224 0.0239592138677835 0.0245333816856146 0.0240067765116692 0.0241509303450584 0.0243474692106247 0.0246301777660847 0.0252150874584913 0.0258181672543287 0.0263348873704672 0.0268150251358747 0.0193798281252384 0.0196424350142479 0.0198906566947699 0.02013667114079 0.0203799717128277 0.020597081631422 0.0267937369644642 0.0270878542214632 0.0273291952908039 0.0273203477263451 0.0267792828381062 0.026420745998621 0.0266313645988703 0.0261200293898582 0.0263535100966692 0.0265791490674019
-9999 -9999 -9999 -9999 -9999 -9999 -9999 -9999 -9999 -9999 0.326197445392609 0.388095796108246 0.438076227903366 0.453917145729065 0.434924274682999 0.415066063404083 0.413665354251862 0.374411940574646 0.0141114015132189 0.0113206813111901 0.0123658319935203 0.0154260387644172 0.0149490963667631 0.0136522650718689 0.01134745310992 0.0243331771343946 0.0302070807665586 0.0260511822998524 0.0253774560987949 0.0228984635323286 0.0233101956546307 0.0237426273524761 0.0230744127184153 0.0298418644815683 0.030462346971035 0.0314530357718468 0.0314373597502708 0.031992819160223 0.0324337258934975 0.0331719443202019 0.0252435263246298 0.0251462124288082 0.0255554858595133 0.0258198697119951 0.0261006485670805 0.026418162509799 0.0265197269618511 0.0266123525798321 0.0260399207472801 0.0259161405265331 0.0254465956240892 0.0247287806123495 0.0242506004869938 0.0236185323446989 0.0240147896111012
-9999 -9999 -9999 -9999 -9999 -9999 -9999 -9999 -9999 -9999 -9999 0.366148889064789 0.404674917459488 0.44030973315239 0.447558611631393 0.442929834127426 0.431182146072388 0.435310423374176 0.0686543434858322 0.0134878857061267 0.0143680758774281 0.0157162863761187 0.0148861985653639 0.011316248215735 0.0190240480005741 0.0284121166914701 0.0255428981035948 0.0229351669549942 0.02233543433249 0.022100267931819 0.0223465152084827 0.0290546864271164 0.0290365945547819 0.0277534835040569 0.0280954223126173 0.0287778414785862 0.0291208121925592 0.0296990573406219 0.0302955843508244 0.0309098456054926 0.0314131453633308 0.0322117023169994 0.0249771364033222 0.0245821569114923 0.024993535131216 0.0250852778553963 0.0251652207225561 0.0246767587959766 0.0244645811617374 0.0241227652877569 0.0232068561017513 0.0226396825164557 0.0222295578569174 0.0219090506434441 0.0221888422966003
-9999 -9999 -9999 -9999 -9999 -9999 -9999 -9999 -9999 -9999 -9999 -9999 0.370669931173325 0.435979515314102 0.378201693296432 0.456583589315414 0.457347273826599 0.461361229419708 0.0892901122570038 0.0145844938233495 0.0168245937675238 0.0161086935549974 0.0124876080080867 0.0115929478779435 0.0227395426481962 0.0205635577440262 0.0190851017832756 0.0188544094562531 0.0184263940900564 0.0182339940220118 0.027784951031208 0.0275374501943588 0.0270892698317766 0.0256755631417036 0.0259259045124054 0.0263040624558926 0.0266225654631853 0.026794983074069 0.0269914958626032 0.0274926498532295 0.0282059442251921 0.028698742389679 0.0298223290592432 0.0229773726314306 0.0225515104830265 0.0230315867811441 0.0227148663252592 0.0228770673274994 0.0225874856114388 0.0222953800112009 0.0217714793980122 0.0212854687124491 0.0210288781672716 0.0205937493592501 0.0183595772832632
