meets/meet006/_saidas_enm/CCSM_SVM_0k_T_nigriceps2.asc
NCOLS 154 
NROWS 168 
XLLCORNER -112 
YLLCORNER -55.5 
CELLSIZE 0.5 
NODATA_value -9999 
[rows 72 to 95 of 168, columns 55 to 109 of 154]
-9999 -9999 -9999 -9999 -9999 -9999 -9999 -9999 -9999 -9999 0.210819532837819 0.782991608364852 0.889377015789809 0.552245458310072 0.458311647116596 0.62676194755216 0.815117884960487 0.689972069286662 0.20970969206949 -0.00518250641494883 0.0952724863843031 0.222380543611841 0.220789411023804 0.172866787902012 0.151153368916148 0.15013800111644 0.14352587983505 0.128641090233866 0.108320786406368 0.0879685147914424 0.0650570670706987 0.0404230002218159 0.0200208396962782 0.00226602205068033 -0.00870440338886141 -0.0107185025130266 -0.00875111484801333 -0.00648761453461794 -0.00503945023950386 -0.00232239488714264 -0.00114511886111129 -0.000133820202423141 -0.00173046878362665 -0.00385411938618102 -0.00489521982513813 -0.00714915133727895 -0.0076501886044526 -0.00471834583104652 -0.00238058210027975 -0.00494926448020777 -0.0148737603649402 -0.0222304479602336 -0.0244935467645266 -0.0225025831597394 -0.0075206553206662
-9999 -9999 -9999 -9999 -9999 -9999 -9999 -9999 -9999 -9999 -9999 0.417722540230795 0.642468961175886 0.414200672543531 0.376287784835813 0.555023788087805 0.82507577825297 0.841341099141968 0.341069840138747 0.0795268181769162 0.152187063845663 0.25207296680347 0.232700894351192 0.183512109196228 0.161225870680189 0.157044529984053 0.149757497409949 0.13133279668729 0.109433426022243 0.087905499828492 0.0689528888312382 0.0499084041878299 0.02615829992046 0.00607156784412172 -0.00859384547656844 -0.0150574725046408 -0.0174037286130661 -0.0161571036257901 -0.014118430837225 -0.0107877148488516 -0.00694584223249134 -0.00306879569496238 -0.000751905446766898 0.000613487698221116 0.00219226673994516 0.00200648599910003 0.00359837744109565 0.00731221815735111 0.00908568608055726 0.00559367763325458 -0.00720344881732587 -0.0150876865915406 -0.0185879439693598 -0.0178011931205739 -0.00576169759815831
-9999 -9999 -9999 -9999 -9999 -9999 -9999 -9999 -9999 -9999 -9999 -9999 0.161157699531082 0.455751191227863 0.399482263883988 0.526065039948333 0.786385670001144 0.947371750314039 0.535026567067437 0.210226082519254 0.227854427490987 0.256973684365972 0.229750313989327 0.20045561144108 0.170933198626345 0.164059142518992 0.152506149494521 0.131750125572362 0.106800210592091 0.0834767030385123 0.064711193288014 0.0440496851272308 0.0235088793896756 0.00468694529089114 -0.00658516783304203 -0.0137007516578563 -0.0207955365921659 -0.0206424096770367 -0.0212202163769673 -0.0174154745327423 -0.0115704995898225 -0.00791071731250897 -0.000384160681241974 0.00242293595237808 0.00688634438991098 0.0115487128476929 0.014274912199038 0.0164873289904264 0.0144195176941621 0.00998460945398255 -0.000512719224337543 -0.0074192134184054 -0.00691859655674859 -0.0027807253338738 0.00229728761057568
-9999 -9999 -9999 -9999 -9999 -9999 -9999 -9999 -9999 -9999 -9999 -9999 -0.0220979151104413 0.514788221731544 0.473844684753392 0.524893969316207 0.745195019885902 0.947032508816177 0.735492557244159 0.400900193767792 0.300601961957925 0.271102956005968 0.225809365189944 0.19996537808514 0.172461495987383 0.163124013352459 0.149768932218171 0.12744040078047 0.102806045330652 0.0796878764043806 0.0599860392744397 0.0389512402696378 0.017139352657579 -0.00146246814495626 -0.0118982011891143 -0.014975482587944 -0.0163826372645599 -0.0181563448703317 -0.0190617634150291 -0.0158741746206849 -0.00962710098505776 -0.00275649415008278 0.00436181051408935 0.00923565275838556 0.0152131392632738 0.0211099261862178 0.0249567541567679 0.0230076686561034 0.0180904593355759 0.012350728722981 0.00233008336920876 -0.00241073643445794 -0.00230897520036905 0.000516078620287741 0.000131668050228906
-9999 -9999 -9999 -9999 -9999 -9999 -9999 -9999 -9999 -9999 -9999 -9999 -0.0465704869349053 0.599855067063 0.583500920038005 0.560392919430997 0.656271720469403 0.877713624409068 0.876155410081354 0.644560905417252 0.486197088942199 0.279402752536772 0.246693395611348 0.217926484986607 0.170193797837562 0.166740073074748 0.145540932667195 0.127844258127923 0.102743592771144 0.0772024133474128 0.0579848178904872 0.0378429978732993 0.0136542945196551 -0.00684748941227747 -0.0168487407455025 -0.016443947198245 -0.014541616655675 -0.0183521723589598 -0.0190246776562727 -0.0147870201565317 -0.00654254977281127 0.0075977982907513 0.00686993313647893 0.0128186245429164 0.0215631046848875 0.0252220347921842 0.0356372735900289 0.0288875615057304 0.0190233188433614 0.0130117330531771 0.0048680365834064 0.000994124232631122 -0.000816680186863261 -0.00261842925772676 -0.007052632486576
-9999 -9999 -9999 -9999 -9999 -9999 -9999 -9999 -9999 -9999 -9999 -9999 -9999 0.43209644721043 0.642183591097673 0.62869890847893 0.686624379981949 0.812881806287065 0.868139757344853 0.835373575259271 0.729522184650902 0.531708236927651 0.367748802895888 0.240379322589724 0.159943288521191 0.161440578731395 0.161220450067042 0.136460546120606 0.103103105155326 0.0748300615488317 0.0538022955859495 0.0335609905867654 0.0112616808221023 -0.00685411824203158 -0.016954292005243 -0.0190961128351774 -0.0198503831732659 -0.0241876623164913 -0.0270008950727667 -0.0252553275784401 -0.0199062202627218 -0.0129614646754917 -0.0139524806800902 -0.010496294207818 -0.00154978295033553 0.00870098565742028 0.0214530792135381 0.0208213260976815 0.0162449108171745 0.0119589008649997 0.00535109800681194 0.000419598884803252 -0.0040917776482467 -0.0090219764911183 -0.0129029658635167
-9999 -9999 -9999 -9999 -9999 -9999 -9999 -9999 -9999 -9999 -9999 -9999 -9999 -0.00572387180165307 0.40153537141357 0.685752250112498 0.729990188559405 0.725993724285976 0.784778411099923 0.759118297278246 0.813405777367343 0.823527338539287 0.628538766936906 0.315771069922338 0.147909755969738 0.193099003462523 0.206243549966541 0.148027079627477 0.10547718218308 0.070194203977403 0.0493987226411239 0.0292182074945449 0.0109502674783145 -0.0041111104389901 -0.0142351292223767 -0.0194259314764838 -0.0245615855879405 -0.0295049732928177 -0.0357309761707206 -0.0375857821822032 -0.0354926164600051 -0.0358529423551874 -0.0371007022261461 -0.0373994414115915 -0.0276779043529701 -0.0145656757219351 -0.00332118299387879 0.0108608559961677 0.0132871824842428 0.0141659559682374 0.0099249953674343 0.00307922428872287 -0.0026294141142566 -0.0105171816523639 -0.0172573797144811
-9999 -9999 -9999 -9999 -9999 -9999 -9999 -9999 -9999 -9999 -9999 -9999 -9999 -9999 0.0499667362220738 0.637524274016289 0.667171407386494 0.549514067859427 0.478032669446623 0.432072775051436 0.456776055537795 0.647526738974809 0.78123560154814 0.523148021984655 0.237852273502667 0.212965974841705 0.209710195579088 0.150223241732408 0.0966130911156353 0.0604080253867019 0.0417151163402771 0.0261081327782447 0.00927900727806102 -0.00266477828535222 -0.0119412710901733 -0.0185036173188043 -0.0245331667163797 -0.0326248799467491 -0.0399757077360847 -0.0444259946870111 -0.0454526150411315 -0.0482288905193521 -0.0520786037341034 -0.0525849396596067 -0.0437128368160738 -0.0283252429241623 -0.0113642285720076 0.00413081216749278 0.0141167902745647 0.0198951442606035 0.0161560915751484 0.0089604463897236 2.09461885107287e-05 -0.0106679486011393 -0.0183857666713853
-9999 -9999 -9999 -9999 -9999 -9999 -9999 -9999 -9999 -9999 -9999 -9999 -9999 -9999 -0.110707322850104 0.511658698989202 0.608713391000495 0.423708103964046 0.187441181372411 0.179141735179339 0.299059244258439 0.456264041878512 0.606685753361705 0.657914270789535 0.356057142022885 0.269718802976301 0.210761368186323 0.142053927730556 0.0749286014847075 0.0270415730508527 0.0229250342805094 0.0205090517526574 -0.00514374762605391 -0.00628837030561075 -0.0137440211129097 -0.0190397986146576 -0.0246067506292042 -0.0333290854399504 -0.0411879260954974 -0.0471970452949673 -0.0500213353128364 -0.0544215010375683 -0.0568568244768917 -0.0583796608255485 -0.0522456892656485 -0.0350873240496862 -0.00938550364833352 0.00223467880202605 0.0178846354871943 0.0280297718890047 0.0212864139476117 0.0164977479944375 0.00141721340174672 -0.0115234097922416 -0.0211356902164468
-9999 -9999 -9999 -9999 -9999 -9999 -9999 -9999 -9999 -9999 -9999 -9999 -9999 -9999 -9999 0.207977672523707 0.603258090647114 0.434471991242126 0.141046688810774 0.11408146282872 0.291496199187393 0.55971715900309 0.778679768337351 0.886231031098847 0.762396090063342 0.645474818737174 0.392679897951588 0.193957633879852 0.0123433137269294 -0.06178646749046 -0.0486421309223287 -0.0477138837455226 -0.0244005626530518 -0.0239267581738328 -0.0240836495354506 -0.0230294509871896 -0.0275334529225422 -0.0345445519227237 -0.0406041327189396 -0.0461013437469449 -0.0500740552520644 -0.0532785436654302 -0.0557938199236347 -0.0565523762239459 -0.0521047413570927 -0.0401036488086775 -0.022606662004203 -0.00662734814474158 0.00473755008298482 0.0126111875539419 0.0101993525565255 0.00373223119134108 -0.00455856814010952 -0.0150249030199782 -0.0236390240305736
-9999 -9999 -9999 -9999 -9999 -9999 -9999 -9999 -9999 -9999 -9999 -9999 -9999 -9999 -9999 -0.0499978726785887 0.305520273029549 0.429939879420586 0.155003790305218 0.0672801606435742 0.263887150283879 0.584413783112028 0.879546544955037 0.984556585402953 0.872782786357571 0.927622147733514 0.870448064036091 0.706875525327188 0.225413664710147 -0.0267018891279274 -0.044274922789282 -0.133909294064702 -0.0607990291635327 -0.0405462710577444 -0.0343374012870826 -0.0266099508087247 -0.0292594007351956 -0.0364967403811224 -0.0390786449813893 -0.0425130919760774 -0.0463088118825678 -0.0500876605669934 -0.052346489366097 -0.0540520770725851 -0.0534431506790871 -0.0459197840663624 -0.0332533902175492 -0.0196490898822859 -0.0122625672906181 -0.00467163994616343 -0.00357449383800329 -0.00768169904907973 -0.00921981315538573 -0.0161451555079287 -0.0217307027512567
-9999 -9999 -9999 -9999 -9999 -9999 -9999 -9999 -9999 -9999 -9999 -9999 -9999 -9999 -9999 -9999 -0.0608321426666973 0.413395570020868 0.297164583279725 0.141389105410007 0.200322514278914 0.468751631461963 0.708021648648684 0.886678669436935 0.950021064555961 0.949951938744382 0.837588426196933 0.777547257152795 0.665870108037431 0.573724767632827 0.400469477998769 0.194245274264163 0.06906671766426 -0.0250536400069436 -0.0525958504846915 -0.0375759297210782 -0.0407067915836442 -0.0394826415513326 -0.0380724336048849 -0.0407389014520105 -0.045311885713545 -0.0481900493717805 -0.0479022607600045 -0.0537705606972881 -0.0554826263002139 -0.0502514809537553 -0.0407456002100757 -0.0297980978656943 -0.0212232122689709 -0.0123378370305151 -0.00816565450539092 -0.00719369775369455 -0.0091747908905388 -0.0121136037396714 -0.0161748121716798
-9999 -9999 -9999 -9999 -9999 -9999 -9999 -9999 -9999 -9999 -9999 -9999 -9999 -9999 -9999 -9999 -0.0382604666928825 0.283713462609045 0.429706093456008 0.216675630355297 0.107672772174994 0.257683353914255 0.36397805721848 0.46511119494681 0.587229073561649 0.750001781231902 0.698584748705351 0.83056712856132 0.747853167300852 0.699274399721078 0.729896336785158 0.707278175193012 0.335253204737593 0.0581268244610352 -0.0569140797789798 -0.0446958836461893 -0.0500827591197764 -0.0431726936431996 -0.0386320545243391 -0.0415486112161131 -0.0512127795198016 -0.0601448480199256 -0.0463009741717471 -0.0530439732891365 -0.0565157469448939 -0.0525787326853166 -0.0449178019863412 -0.0337603932957113 -0.0244270160171511 -0.0125637934264038 -0.00570189358304646 -0.00293179657961967 -0.00570988615858331 -0.00947302205675565 -0.0152793821488622
-9999 -9999 -9999 -9999 -9999 -9999 -9999 -9999 -9999 -9999 -9999 -9999 -9999 -9999 -9999 -9999 0.0900785057491574 -0.0260379669046242 0.646612001751877 0.319940390202327 0.11988719403408 0.0897200895827948 0.0747679429678982 0.0993264371387889 0.158639316020529 0.269681138745314 0.37982183788712 0.579088559997756 0.694546858006206 0.75243458025125 0.71236089906539 0.602698956753718 0.504998225417293 0.366643326762856 0.0750140855351141 -0.00986205647107136 -0.0342508664115026 -0.036082594067443 -0.0408584097544443 -0.045118647176804 -0.056533495128701 -0.0604067712925202 -0.0437697758419925 -0.0505277783785781 -0.0535651127100862 -0.0495754499564471 -0.0446518746939122 -0.0388502408265599 -0.028125641591013 -0.0165435368042994 -0.00912553488198525 -0.00114226364804654 -0.0128397696024987 -0.0201792635170403 -0.0262893818816793
-9999 -9999 -9999 -9999 -9999 -9999 -9999 -9999 -9999 -9999 -9999 -9999 -9999 -9999 -9999 -9999 -9999 -0.0268378786684905 0.398167278879544 0.712433271062632 0.30470248675804 0.241348078917276 0.0969908417357435 0.0285570348828977 0.0348584945062351 0.0314391194902969 0.0426159510699379 0.116710452527011 0.219325781021963 0.344875307634134 0.560660252034549 0.601231283002324 0.478090641880261 0.607507855796947 0.370568784920734 0.153605541339563 0.0146582848831753 -0.0303757495851611 -0.0458775634370756 -0.0454039033326382 -0.0506973940043814 -0.0550550582402319 -0.0436657891358697 -0.0473196934134749 -0.0466297961976475 -0.0450461290536485 -0.045148612726783 -0.0458104790361691 -0.0398085549186206 -0.0327233833544319 -0.0286447155697717 -0.0209787923409036 -0.0340682083396722 -0.0385428591741936 -0.0403579756425899
-9999 -9999 -9999 -9999 -9999 -9999 -9999 -9999 -9999 -9999 -9999 -9999 -9999 -9999 -9999 -9999 -9999 -9999 -0.0102707958456607 0.199251574172866 0.788608978513622 0.348989367389482 0.0938137809885701 -0.0498125490650401 -0.0500690192580827 -0.0713069526560039 -0.079138867275297 -0.0461748562904366 0.0109988246127139 0.102379118391236 0.369020354800879 0.534650112897219 0.605417937289017 0.729407757062719 0.662793591529298 0.452727428952091 0.210754769068938 0.0506113137786559 -0.0138191313909976 -0.0368473965319439 -0.0367577469236463 -0.0354012197518683 -0.0353562961022026 -0.0348143914381697 -0.0363339553412342 -0.041498773650172 -0.0473198878327808 -0.0497119681433982 -0.0501064308681241 -0.0486718105937587 -0.0463791878895317 -0.0443197975090417 -0.0432709368903924 -0.0400280650778428 -0.0383217083457162
-9999 -9999 -9999 -9999 -9999 -9999 -9999 -9999 -9999 -9999 -9999 -9999 -9999 -9999 -9999 -9999 -9999 -9999 -9999 -9999 0.108227005639874 0.741944602764534 0.654646933829235 0.24384696323765 -0.0272189744594531 -0.125487774244134 -0.15107625591907 -0.119857159714676 -0.0786457038501966 -0.0306110380284044 0.162600454970895 0.451174150689029 0.60666032644005 0.884725469386267 0.915385849595221 0.728715847501157 0.491860105190789 0.233656390896116 0.0838967042100266 0.0100040411809471 0.00204598884704027 0.00814641441841302 -0.00867445477701173 -0.0175963261148124 -0.0262363279364514 -0.0372700476526552 -0.044436805551922 -0.0478026141772973 -0.0487007162267709 -0.0475014981120186 -0.0433862897107256 -0.0324793453199015 -0.0282770163643795 -0.0211833964130754 -0.0223579756047845
-9999 -9999 -9999 -9999 -9999 -9999 -9999 -9999 -9999 -9999 -9999 -9999 -9999 -9999 -9999 -9999 -9999 -9999 -9999 -9999 -9999 -9999 -0.043587449866302 0.174868221105997 0.279593613972931 0.0723734464153767 -0.0752593647548997 -0.138742346353626 -0.136544569341642 -0.102439818409935 -0.0502096274742331 0.0682351666579073 0.404786765828238 0.770507170660968 0.950082823601103 0.940102163737071 0.795077932207753 0.533132731112373 0.290237065433111 0.112999662262428 0.0746126811780382 0.0263419469626595 0.00659452720488052 -0.00712657523411314 -0.0245795541437623 -0.0337709226164553 -0.0408128549413686 -0.0449575625415116 -0.0469693662624469 -0.0474587263830354 -0.0404954611289349 -0.0284987256910791 -0.0209706980075824 -0.0196313605285184 -0.0230741294542773
-9999 -9999 -9999 -9999 -9999 -9999 -9999 -9999 -9999 -9999 -9999 -9999 -9999 -9999 -9999 -9999 -9999 -9999 -9999 -9999 -9999 -9999 -9999 -9999 -0.112049284463137 0.181229811694355 0.147927303387515 -0.0856894987419052 -0.196993364073132 -0.16428752854918 -0.148050120953598 -0.0996466688330223 0.124175037710552 0.580223906411013 0.854248003542787 0.980544426388127 0.99749679549639 0.90354785460675 0.67968754707129 0.428338176595681 0.25666863513561 0.106067529560632 0.0336122156878745 -0.00598822283072092 -0.026633835226226 -0.0361477593395502 -0.0407551177811245 -0.0436972466876325 -0.0450856051157243 -0.0465708939167367 -0.041692704746307 -0.0298255383059836 -0.0230660262006487 -0.0229440437377648 -0.0247485826971374
-9999 -9999 -9999 -9999 -9999 -9999 -9999 -9999 -9999 -9999 -9999 -9999 -9999 -9999 -9999 -9999 -9999 -9999 -9999 -9999 -9999 -9999 -9999 -9999 -9999 -9999 0.208261620715265 0.415339795129036 -0.0708524087715709 -0.163278303641086 -0.202487938801508 -0.181406526820362 -0.0918006663068443 0.0914415904919482 0.376853735940858 0.757810836009722 1.00329168684738 1.0010106905548 0.982304773697316 0.826133404502359 0.628251487590684 0.313110390469949 0.100443921973641 -0.00221990991616722 -0.0421687704251004 -0.0461759069022503 -0.0482958597477101 -0.0466207598268686 -0.0468670362847926 -0.0475997031995084 -0.0423377337457423 -0.0315458495719019 -0.0244307815353443 -0.0262670173969455 -0.0268222808774979
-9999 -9999 -9999 -9999 -9999 -9999 -9999 -9999 -9999 -9999 -9999 -9999 -9999 -9999 -9999 -9999 -9999 -9999 -9999 -9999 -9999 -9999 -9999 -9999 -9999 -9999 -0.111044033701605 0.381002150767462 0.431733678748844 -0.0426058967190596 -0.176323895087697 -0.182215245359765 -0.14293134533495 -0.111029837640004 -0.0273277446014853 0.249181782618011 0.623524200296393 0.803706032519264 0.949833758894476 0.956796712084876 0.913357275634092 0.657996347726733 0.242300548614321 0.00172082889228026 -0.0631482199988722 -0.060286170370306 -0.0536946216275534 -0.047740141771882 -0.0462435288142664 -0.0478569547496818 -0.0453058850747433 -0.0354379165995595 -0.0286239143017682 -0.0284273694261419 -0.0273709167004658
-9999 -9999 -9999 -9999 -9999 -9999 -9999 -9999 -9999 -9999 -9999 -9999 -9999 -9999 -9999 -9999 -9999 -9999 -9999 -9999 -9999 -9999 -9999 -9999 -9999 -9999 -9999 -9999 0.565033807397424 0.457314943642481 -0.0592420495650365 0.00405227494542043 -0.0456322013093729 -0.0907853520864145 -0.10946240398261 -0.0970536326028428 -0.00921220895179636 0.290076203533765 0.569818077572979 0.758086023703225 0.965982883187295 0.9617077433005 0.428978517801414 -0.00118390424697051 -0.0881861357060529 -0.070265651897519 -0.0533910483540699 -0.0492666946693587 -0.0391342007857426 -0.0425824243329011 -0.0451634156591667 -0.0399730564589211 -0.0317480531259755 -0.0296241514306186 -0.0283893578439071
-9999 -9999 -9999 -9999 -9999 -9999 -9999 -9999 -9999 -9999 -9999 -9999 -9999 -9999 -9999 -9999 -9999 -9999 -9999 -9999 -9999 -9999 -9999 -9999 -9999 -9999 -9999 -9999 0.336431370384908 0.565182441325924 0.052590180403099 0.0101396323747834 -0.0289483480401935 -0.0856287741317409 -0.0981922285455473 -0.1220605695124 -0.0788571407431329 0.0677390683044616 0.273122128153485 0.5128134481509 0.855099179577411 1.0500616708688 0.620979876594944 0.111821202779834 -0.0544319363843116 -0.0698635432482926 -0.0679447657170556 -0.0603506327576499 -0.048594094045111 -0.0449273556878581 -0.0437556861984639 -0.0388044045986758 -0.0315357956149705 -0.0266292232350985 -0.0269213262811167
-9999 -9999 -9999 -9999 -9999 -9999 -9999 -9999 -9999 -9999 -9999 -9999 -9999 -9999 -9999 -9999 -9999 -9999 -9999 -9999 -9999 -9999 -9999 -9999 -9999 -9999 -9999 -9999 -9999 0.416360868830514 0.199858762923261 0.0676284642440559 -0.0796942092205462 -0.128625448362804 -0.107131498510732 -0.133182232264394 -0.088113671564755 0.045065516500811 0.189653227446678 0.402374251510225 0.754023321437401 1.05316470611432 0.768089463578742 0.259098050839155 0.0146553275833614 -0.0479258495217162 -0.0835903435929633 -0.0706374240266646 -0.0605454052802355 -0.0514962508187223 -0.0410193434439706 -0.0354099618543922 -0.0315922166202749 -0.0259251933503525 -0.0291983388882293
