meets/meet006/_saidas_enm/CCSM_Maxent_0k_S_lineola1.asc
NCOLS 154 
NROWS 168 
XLLCORNER -112 
YLLCORNER -55.5 
CELLSIZE 0.5 
NODATA_value -9999 
[rows 75 to 99 of 168, columns 56 to 111 of 154]
-9999 -9999 -9999 -9999 -9999 -9999 -9999 -9999 -9999 -9999 -9999 0.73247492313385 0.441815763711929 0.240595564246178 0.240745693445206 0.310986399650574 0.514307498931885 0.469851940870285 0.330428630113602 0.291372090578079 0.258101731538773 0.239439278841019 0.2145856320858 0.21227853000164 0.218072757124901 0.222251132130623 0.223800823092461 0.224697127938271 0.225470885634422 0.228367805480957 0.231099039316177 0.235118120908737 0.240079089999199 0.247233003377914 0.257384926080704 0.267825692892075 0.280306547880173 0.292927980422974 0.30772602558136 0.324742794036865 0.340795397758484 0.357954353094101 0.373462378978729 0.410726457834244 0.421935558319092 0.42442199587822 0.425946176052094 0.425642460584641 0.425700038671494 0.426822751760483 0.428610622882843 0.420264691114426 0.408309549093246 0.398429155349731 0.384889900684357 0.374287992715836
-9999 -9999 -9999 -9999 -9999 -9999 -9999 -9999 -9999 -9999 -9999 0.7004154920578 0.501136243343353 0.273589104413986 0.259851932525635 0.293973386287689 0.391419857740402 0.520437121391296 0.49012553691864 0.45987331867218 0.283095747232437 0.260769695043564 0.245672568678856 0.221563115715981 0.221049040555954 0.219317346811295 0.22150930762291 0.222759515047073 0.222675874829292 0.224050298333168 0.224819421768188 0.228035911917686 0.233826085925102 0.240382969379425 0.249422490596771 0.260269075632095 0.269862532615662 0.282981246709824 0.297125667333603 0.313655644655228 0.332842499017715 0.347399860620499 0.384966462850571 0.402048468589783 0.418500512838364 0.429155915975571 0.429596751928329 0.430044800043106 0.430949598550797 0.422162175178528 0.411262482404709 0.400896579027176 0.387740522623062 0.377105891704559 0.365838795900345 0.356214225292206
-9999 -9999 -9999 -9999 -9999 -9999 -9999 -9999 -9999 -9999 -9999 -9999 0.586861252784729 0.360186457633972 0.306361615657806 0.304334282875061 0.346983641386032 0.434407830238342 0.54380875825882 0.512282192707062 0.466594159603119 0.314772665500641 0.270901441574097 0.232166633009911 0.231303110718727 0.243366718292236 0.225527212023735 0.222463548183441 0.219937294721603 0.219587787985802 0.219965070486069 0.222178414463997 0.226446226239204 0.232117384672165 0.240411922335625 0.249983936548233 0.259566962718964 0.270850867033005 0.284297585487366 0.300214439630508 0.31789818406105 0.334340363740921 0.348104327917099 0.38362318277359 0.398206323385239 0.414336502552032 0.416668444871902 0.41232168674469 0.406705409288406 0.396685272455215 0.387896507978439 0.376398175954819 0.366223275661469 0.357806861400604 0.347132563591003 0.339259177446365
-9999 -9999 -9999 -9999 -9999 -9999 -9999 -9999 -9999 -9999 -9999 -9999 0.705775558948517 0.567590415477753 0.372851461172104 0.301194727420807 0.277209401130676 0.309124320745468 0.361681073904037 0.442391872406006 0.522794723510742 0.487158864736557 0.315206617116928 0.252752929925919 0.268000304698944 0.261156022548676 0.246712267398834 0.222024261951447 0.216025173664093 0.213425695896149 0.21383248269558 0.215428456664085 0.218262150883675 0.222812443971634 0.230674937367439 0.238122507929802 0.246989473700523 0.256942689418793 0.269041299819946 0.283104181289673 0.290694415569305 0.303552061319351 0.312702178955078 0.328023374080658 0.344390630722046 0.376865833997726 0.394304722547531 0.390607118606567 0.386079698801041 0.379165887832642 0.371254205703735 0.362796783447266 0.351603597402573 0.342711180448532 0.334689736366272 0.327365279197693
-9999 -9999 -9999 -9999 -9999 -9999 -9999 -9999 -9999 -9999 -9999 -9999 -9999 0.70937716960907 0.525819659233093 0.275021880865097 0.201479852199554 0.247512966394424 0.261287003755569 0.243708848953247 0.34709158539772 0.520243287086487 0.472161084413528 0.355255275964737 0.335908889770508 0.29576376080513 0.271369576454163 0.227672845125198 0.20952895283699 0.208829671144485 0.207947671413422 0.20975199341774 0.2126644551754 0.217271625995636 0.223426684737206 0.230161845684052 0.238209202885628 0.247244358062744 0.255323171615601 0.260055959224701 0.265801578760147 0.273739188909531 0.283344507217407 0.299089401960373 0.317724317312241 0.355008572340012 0.367887675762177 0.372470527887344 0.369238644838333 0.362494975328445 0.356149286031723 0.346994578838348 0.338065087795258 0.331120818853378 0.323419034481049 0.316950857639313
-9999 -9999 -9999 -9999 -9999 -9999 -9999 -9999 -9999 -9999 -9999 -9999 -9999 0.659829080104828 0.582156956195831 0.231707006692886 0.162086084485054 0.146076157689095 0.130856096744537 0.174767106771469 0.221233233809471 0.323058426380157 0.49860280752182 0.46283483505249 0.357124626636505 0.346578508615494 0.321901559829712 0.25071769952774 0.211282923817635 0.206321328878403 0.203218504786491 0.202879786491394 0.206921398639679 0.210758045315742 0.216977328062057 0.223754301667213 0.230917304754257 0.236943066120148 0.240664258599281 0.24354612827301 0.248052507638931 0.255771517753601 0.26344633102417 0.27982959151268 0.302255004644394 0.344017654657364 0.352945268154144 0.359909445047379 0.358152091503143 0.352067172527313 0.346906721591949 0.338903993368149 0.330123692750931 0.32300591468811 0.316363722085953 0.310194194316864
-9999 -9999 -9999 -9999 -9999 -9999 -9999 -9999 -9999 -9999 -9999 -9999 -9999 -9999 0.721234381198883 0.476639658212662 0.269887924194336 0.0973577201366425 0.0708083510398865 0.1148302257061 0.165892392396927 0.278464913368225 0.360285580158234 0.519451081752777 0.4985331594944 0.462830364704132 0.351844400167465 0.320425391197205 0.271207571029663 0.247571125626564 0.211659327149391 0.209516778588295 0.205398678779602 0.203777953982353 0.211734920740128 0.217994883656502 0.225269109010696 0.224083632230759 0.226181849837303 0.230036661028862 0.235822752118111 0.242096915841103 0.251135259866714 0.266695410013199 0.285969197750092 0.322077721357346 0.331928580999374 0.337285339832306 0.342900067567825 0.340593039989471 0.33576238155365 0.329352974891663 0.322375684976578 0.317016422748566 0.311308354139328 0.30549493432045
-9999 -9999 -9999 -9999 -9999 -9999 -9999 -9999 -9999 -9999 -9999 -9999 -9999 -9999 0.666598677635193 0.652664661407471 0.381792575120926 0.115788355469704 0.0678157806396484 0.0661356672644615 0.117283344268799 0.164798617362976 0.283475637435913 0.397122025489807 0.488868802785873 0.538392663002014 0.497893869876862 0.438844114542007 0.318920463323593 0.335935473442078 0.258239775896072 0.233495458960533 0.213714838027954 0.210117533802986 0.208908498287201 0.212710678577423 0.217173203825951 0.217085957527161 0.215230911970139 0.219550892710686 0.226353526115417 0.23479300737381 0.24278561770916 0.256477773189545 0.272276669740677 0.306113958358765 0.315026015043259 0.318303018808365 0.323237121105194 0.327049493789673 0.327375113964081 0.324749648571014 0.318048387765884 0.313833117485046 0.308477282524109 0.303434282541275
-9999 -9999 -9999 -9999 -9999 -9999 -9999 -9999 -9999 -9999 -9999 -9999 -9999 -9999 -9999 0.660487592220306 0.514037251472473 0.174556836485863 0.0862145200371742 0.061791718006134 0.0832814276218414 0.0825359597802162 0.0969004407525063 0.12747348845005 0.186465486884117 0.278697729110718 0.387413114309311 0.510254502296448 0.522781550884247 0.476634413003922 0.373812288045883 0.351671695709229 0.245354011654854 0.220948711037636 0.224580466747284 0.234466418623924 0.233233138918877 0.230901896953583 0.229694545269012 0.224983990192413 0.223031282424927 0.229014277458191 0.23615063726902 0.247898936271667 0.260836631059647 0.290558934211731 0.299236387014389 0.304744929075241 0.310910165309906 0.314899384975433 0.318792372941971 0.320758581161499 0.317005723714828 0.313215613365173 0.308820009231567 0.305302083492279
-9999 -9999 -9999 -9999 -9999 -9999 -9999 -9999 -9999 -9999 -9999 -9999 -9999 -9999 -9999 0.427518516778946 0.509449660778046 0.25186026096344 0.119493700563908 0.0697454884648323 0.0638572126626968 0.0306400693953037 0.0359704978764057 0.0378749892115593 0.0535669103264809 0.0744660571217537 0.131151422858238 0.205741390585899 0.329873949289322 0.445463985204697 0.505825042724609 0.454823136329651 0.286781311035156 0.220407545566559 0.220110222697258 0.24440635740757 0.253200381994247 0.249971851706505 0.255807191133499 0.263805717229843 0.268933743238449 0.228111669421196 0.232285633683205 0.241914048790932 0.250863820314407 0.279141962528229 0.287159770727158 0.294045448303223 0.300557076931 0.303768426179886 0.309021294116974 0.312706500291824 0.315341889858246 0.312469035387039 0.307778269052505 0.306163430213928
-9999 -9999 -9999 -9999 -9999 -9999 -9999 -9999 -9999 -9999 -9999 -9999 -9999 -9999 -9999 0.34434175491333 0.47479984164238 0.31026229262352 0.211639761924744 0.10850515216589 0.0510908700525761 0.0292369201779366 0.020490113645792 0.0197576731443405 0.0187749713659286 0.0200016293674707 0.0445457436144352 0.0617412403225899 0.115597918629646 0.227099612355232 0.310999423265457 0.471914350986481 0.438087224960327 0.271306753158569 0.239982128143311 0.226399913430214 0.238299190998077 0.26509964466095 0.271550863981247 0.277675747871399 0.28258866071701 0.249789625406265 0.231532841920853 0.239379972219467 0.245134204626083 0.269105821847916 0.275317400693893 0.28194996714592 0.288259923458099 0.292442440986633 0.298201888799667 0.299263954162598 0.302433252334595 0.306373566389084 0.303303271532059 0.301965951919556
-9999 -9999 -9999 -9999 -9999 -9999 -9999 -9999 -9999 -9999 -9999 -9999 -9999 -9999 -9999 -9999 0.359300792217255 0.409046411514282 0.242436900734901 0.205772921442986 0.0922917276620865 0.0534429587423801 0.0260601621121168 0.0189903546124697 0.017327006906271 0.016051709651947 0.016265545040369 0.0173514503985643 0.0298640038818121 0.117284469306469 0.249698475003242 0.335882157087326 0.453367352485657 0.420784831047058 0.323916614055634 0.255460858345032 0.239144161343575 0.253177285194397 0.280961811542511 0.287214577198029 0.290261805057526 0.238020226359367 0.234691515564919 0.237956315279007 0.23956473171711 0.243593811988831 0.246607705950737 0.26683646440506 0.270824790000916 0.273168563842773 0.279804617166519 0.26163774728775 0.264158844947815 0.269084930419922 0.272612869739532 0.278040319681168
-9999 -9999 -9999 -9999 -9999 -9999 -9999 -9999 -9999 -9999 -9999 -9999 -9999 -9999 -9999 -9999 -9999 0.356587529182434 0.369724154472351 0.232238292694092 0.200895145535469 0.135851383209229 0.0696525201201439 0.0396275073289871 0.0276908054947853 0.0193425584584475 0.0163912083953619 0.016445217654109 0.0219418294727802 0.0698264241218567 0.152718365192413 0.285635828971863 0.353960394859314 0.467364996671677 0.443065166473389 0.341620713472366 0.282567799091339 0.263206869363785 0.252415180206299 0.253664612770081 0.248020067811012 0.241380959749222 0.238817110657692 0.238472878932953 0.23454824090004 0.23309001326561 0.233261659741402 0.231614395976067 0.232902899384499 0.234071269631386 0.232928082346916 0.235974863171577 0.237305045127869 0.244393154978752 0.256082952022552 0.268653333187103
-9999 -9999 -9999 -9999 -9999 -9999 -9999 -9999 -9999 -9999 -9999 -9999 -9999 -9999 -9999 -9999 -9999 -9999 -9999 0.339859545230865 0.225432738661766 0.219759628176689 0.187087431550026 0.103676572442055 0.0595407001674175 0.0339732877910137 0.0223587471991777 0.0176679119467735 0.0190240330994129 0.0302902869880199 0.0861290693283081 0.167766526341438 0.218595325946808 0.367778360843658 0.47839942574501 0.449804782867432 0.355328112840652 0.306002467870712 0.273019224405289 0.270226269960403 0.263133823871613 0.254317998886108 0.245125263929367 0.23787048459053 0.232035756111145 0.22831417620182 0.227512523531914 0.222991466522217 0.221999734640121 0.221168980002403 0.217870682477951 0.222335666418076 0.230377525091171 0.233988255262375 0.247067481279373 0.261769413948059
-9999 -9999 -9999 -9999 -9999 -9999 -9999 -9999 -9999 -9999 -9999 -9999 -9999 -9999 -9999 -9999 -9999 -9999 -9999 -9999 -9999 0.347112238407135 0.363540977239609 0.337799489498138 0.135494619607925 0.0600678995251656 0.0367284901440144 0.0224300995469093 0.0180462580174208 0.0213518757373095 0.0287083107978106 0.0564036592841148 0.166009902954102 0.298760205507278 0.354075521230698 0.500191748142242 0.47357565164566 0.37234690785408 0.332210630178452 0.296378374099731 0.27590748667717 0.270845770835876 0.249224036931992 0.24062117934227 0.231700971722603 0.228618144989014 0.228399127721786 0.226889818906784 0.22532145678997 0.221868246793747 0.223532468080521 0.235131680965424 0.240132108330727 0.241760730743408 0.245826095342636 0.260122746229172
-9999 -9999 -9999 -9999 -9999 -9999 -9999 -9999 -9999 -9999 -9999 -9999 -9999 -9999 -9999 -9999 -9999 -9999 -9999 -9999 -9999 -9999 -9999 0.390859872102737 0.389439672231674 0.230921119451523 0.0867942422628403 0.0406179390847683 0.0259633827954531 0.0220728125423193 0.02257657982409 0.033313125371933 0.0825755298137665 0.14994503557682 0.261996775865555 0.327389180660248 0.530343651771545 0.506486713886261 0.483336359262466 0.379978537559509 0.320133447647095 0.275496602058411 0.261828988790512 0.243454217910767 0.237291544675827 0.234008878469467 0.234077408909798 0.233730629086494 0.232528641819954 0.229679733514786 0.232381045818329 0.241148680448532 0.244533315300941 0.248290494084358 0.252610087394714 0.259265214204788
-9999 -9999 -9999 -9999 -9999 -9999 -9999 -9999 -9999 -9999 -9999 -9999 -9999 -9999 -9999 -9999 -9999 -9999 -9999 -9999 -9999 -9999 -9999 -9999 -9999 0.468183696269989 0.22918638586998 0.1019022539258 0.049130879342556 0.0339519195258617 0.0289814826101065 0.025813790038228 0.0273589957505465 0.0420522168278694 0.117406368255615 0.208797082304955 0.345361083745956 0.3934445977211 0.542598187923431 0.51416689157486 0.359860509634018 0.303089052438736 0.268685668706894 0.250242084264755 0.24066074192524 0.240667775273323 0.241385340690613 0.242683410644531 0.24171556532383 0.235829502344131 0.2429009526968 0.248727068305016 0.248146235942841 0.255045115947723 0.26694518327713 0.273016273975372
-9999 -9999 -9999 -9999 -9999 -9999 -9999 -9999 -9999 -9999 -9999 -9999 -9999 -9999 -9999 -9999 -9999 -9999 -9999 -9999 -9999 -9999 -9999 -9999 -9999 0.411266088485718 0.376256883144379 0.193501681089401 0.120673201978207 0.0672197192907333 0.0407621487975121 0.0280425548553467 0.0230208989232779 0.0271406341344118 0.0432243347167969 0.0729589760303497 0.135565102100372 0.224577888846397 0.369948446750641 0.540175437927246 0.495683223009109 0.321461617946625 0.271964728832245 0.257397174835205 0.249143376946449 0.246346682310104 0.24765057861805 0.248345956206322 0.247963264584541 0.243157580494881 0.245319858193398 0.253580927848816 0.255865573883057 0.265063554048538 0.277948945760727 0.286513060331345
-9999 -9999 -9999 -9999 -9999 -9999 -9999 -9999 -9999 -9999 -9999 -9999 -9999 -9999 -9999 -9999 -9999 -9999 -9999 -9999 -9999 -9999 -9999 -9999 -9999 -9999 -9999 0.289769381284714 0.164172723889351 0.0950300469994545 0.0638937950134277 0.0393998734652996 0.0293285679072142 0.0275146495550871 0.032372023910284 0.0443994887173176 0.0794736295938492 0.129155695438385 0.236578926444054 0.394855260848999 0.524549067020416 0.42875662446022 0.276049554347992 0.250796616077423 0.251014858484268 0.250166893005371 0.249891623854637 0.250137567520142 0.249471917748451 0.243725463747978 0.246438473463058 0.259311378002167 0.265419661998749 0.274251908063889 0.286027014255524 0.291135430335999
-9999 -9999 -9999 -9999 -9999 -9999 -9999 -9999 -9999 -9999 -9999 -9999 -9999 -9999 -9999 -9999 -9999 -9999 -9999 -9999 -9999 -9999 -9999 -9999 -9999 -9999 -9999 0.29384782910347 0.141434237360954 0.0996791124343872 0.0835209935903549 0.055694967508316 0.0392255410552025 0.0337203294038773 0.036008395254612 0.0457084104418755 0.0662688612937927 0.0986143127083778 0.176348254084587 0.311213701963425 0.546589732170105 0.452490210533142 0.301561057567596 0.248384654521942 0.249686002731323 0.249185487627983 0.248364478349686 0.246552094817162 0.247165367007256 0.24530266225338 0.258111536502838 0.276386886835098 0.286832809448242 0.292463392019272 0.293405920267105 0.287629425525665
-9999 -9999 -9999 -9999 -9999 -9999 -9999 -9999 -9999 -9999 -9999 -9999 -9999 -9999 -9999 -9999 -9999 -9999 -9999 -9999 -9999 -9999 -9999 -9999 -9999 -9999 -9999 -9999 0.130977734923363 0.10854759067297 0.0910765081644058 0.0598893612623215 0.042461521923542 0.0362569130957127 0.042335718870163 0.0566296279430389 0.0703596398234367 0.0906217619776726 0.154359489679337 0.264864563941956 0.439880669116974 0.473945170640945 0.298347920179367 0.238723620772362 0.243539854884148 0.245155230164528 0.242862105369568 0.24074749648571 0.245523303747177 0.257868617773056 0.27703657746315 0.29290959239006 0.310730338096619 0.311960875988007 0.296002835035324 0.299996942281723
-9999 -9999 -9999 -9999 -9999 -9999 -9999 -9999 -9999 -9999 -9999 -9999 -9999 -9999 -9999 -9999 -9999 -9999 -9999 -9999 -9999 -9999 -9999 -9999 -9999 -9999 -9999 -9999 0.154506132006645 0.107080325484276 0.090465821325779 0.0569258406758308 0.0374882817268372 0.0347032845020294 0.0485533662140369 0.0656214877963066 0.0780657157301903 0.0981421545147896 0.153242886066437 0.252837389707565 0.410646289587021 0.49889999628067 0.310495942831039 0.239536255598068 0.231650859117508 0.23706516623497 0.241903349757195 0.265814602375031 0.283812552690506 0.280660033226013 0.284152865409851 0.300570249557495 0.322265446186066 0.317350178956985 0.300699323415756 0.319269567728043
-9999 -9999 -9999 -9999 -9999 -9999 -9999 -9999 -9999 -9999 -9999 -9999 -9999 -9999 -9999 -9999 -9999 -9999 -9999 -9999 -9999 -9999 -9999 -9999 -9999 -9999 -9999 -9999 0.138995721936226 0.114545166492462 0.0957609862089157 0.0556693449616432 0.0329801961779594 0.0295779649168253 0.0437931455671787 0.069301076233387 0.0840114280581474 0.100715965032578 0.154287993907928 0.247150853276253 0.393150210380554 0.511391162872314 0.314701348543167 0.239986672997475 0.229945570230484 0.228323146700859 0.235208764672279 0.288246214389801 0.304027020931244 0.294541746377945 0.277117490768433 0.303325325250626 0.324627488851547 0.311260342597961 0.31937649846077 0.340659588575363
-9999 -9999 -9999 -9999 -9999 -9999 -9999 -9999 -9999 -9999 -9999 -9999 -9999 -9999 -9999 -9999 -9999 -9999 -9999 -9999 -9999 -9999 -9999 -9999 -9999 -9999 -9999 -9999 0.142621576786041 0.112812116742134 0.093599259853363 0.0544946566224098 0.0322665497660637 0.0275194328278303 0.0355366840958595 0.0600424632430077 0.079859584569931 0.108915932476521 0.171530142426491 0.264518976211548 0.411163836717606 0.510542333126068 0.315007746219635 0.240216225385666 0.227514520287514 0.228947922587395 0.233254998922348 0.257262855768204 0.286433458328247 0.294381529092789 0.297913134098053 0.304071575403214 0.306206554174423 0.319158643484116 0.340645402669907 0.363976091146469
-9999 -9999 -9999 -9999 -9999 -9999 -9999 -9999 -9999 -9999 -9999 -9999 -9999 -9999 -9999 -9999 -9999 -9999 -9999 -9999 -9999 -9999 -9999 -9999 -9999 -9999 -9999 -9999 0.141818165779114 0.110727198421955 0.0951174199581146 0.0507634952664375 0.0300286505371332 0.0243465434759855 0.03223667293787 0.0486921556293964 0.0802931860089302 0.117887780070305 0.188849791884422 0.285534262657166 0.430980831384659 0.502710700035095 0.304913491010666 0.233865454792976 0.225785762071609 0.227695509791374 0.23081761598587 0.23758353292942 0.24859157204628 0.275531321763992 0.299226552248001 0.302416115999222 0.315237015485764 0.335346788167953 0.361677527427673 0.408660382032394
