meets/meet006/_saidas_enm/CCSM_Gower_0k_S_lineola2.asc
NCOLS 154 
NROWS 168 
XLLCORNER -112 
YLLCORNER -55.5 
CELLSIZE 0.5 
NODATA_value -9999 
[rows 78 to 103 of 168, columns 59 to 117 of 154]
-9999 -9999 -9999 -9999 -9999 -9999 -9999 -9999 -9999 0.557486178858131 0.379569942126067 0.252322895005234 0.161607438179004 0.121913632988351 0.188052807359109 0.310272125310657 0.489358220793947 0.708474822806962 0.71118143398675 0.681840111024662 0.656853153524384 0.645813833326599 0.636016304615946 0.639239659077513 0.642965093292522 0.643937013007822 0.643331559499729 0.637417816251756 0.626937589031498 0.620041161255759 0.619686191899784 0.626186086391181 0.634220639846774 0.638680082412484 0.640917065285242 0.644601405309293 0.652840505408709 0.659887428528093 0.663233783446773 0.661700474075327 0.672647753006356 0.691816839181888 0.683808175114163 0.677915422946937 0.671257064001965 0.668143987553702 0.670630139933427 0.673605438124933 0.66923051470335 0.664846753178834 0.663939245144867 0.665234315128352 0.666869312565584 0.6711455963485 0.674749521586583 0.671691494514548 0.658968072988036 0.654298010163526 0.672034697552849
-9999 -9999 -9999 -9999 -9999 -9999 -9999 -9999 -9999 -9999 0.541754064374648 0.305898253982021 0.0806964749806123 0 0 0 0.0968420698404104 0.346890049847385 0.642984035133692 0.69599503633507 0.661587970255479 0.64637479755195 0.638731739766201 0.643219765917452 0.644956749195814 0.640291813707774 0.631025937695169 0.622582426763148 0.61225630451117 0.605810878877513 0.6046279828839 0.609639117795918 0.618055310500826 0.622139972041819 0.626693400952341 0.631382216183984 0.636841686737685 0.645904403890946 0.644027808402728 0.642290798734638 0.656536270646977 0.68203061577617 0.682810172945738 0.670836996085666 0.656473970661389 0.649257665048644 0.652286334083 0.655821819702856 0.653855762791619 0.64934464730016 0.647918708750717 0.648462276525765 0.650200115367256 0.654999566497706 0.658212936673353 0.656171720578229 0.64558140534304 0.6450957306731 0.663478544770092
-9999 -9999 -9999 -9999 -9999 -9999 -9999 -9999 -9999 -9999 0.548350496184346 0.37165874850456 0 0 0 0 0 0 0.313961872196521 0.701833812074899 0.684671169420726 0.6775555730946 0.651772056443795 0.658830131766873 0.654990608887542 0.615702926232429 0.608579908008494 0.606810591912636 0.581252568939877 0.58742504164497 0.586001979887848 0.590297142614443 0.600273323405006 0.600649745111106 0.607313716561662 0.61587739417368 0.626330889754525 0.625183924768677 0.634217865683899 0.627349876385463 0.646161289609086 0.679169408578245 0.685820019591241 0.664146918835208 0.639052274455675 0.627177196735659 0.63007796315624 0.635524592114776 0.634165550453853 0.632800682815428 0.632991457096902 0.634451235205179 0.633245999350308 0.638563421979825 0.639624309396317 0.638536304702725 0.629004027723002 0.627898911766817 0.652600773903703
-9999 -9999 -9999 -9999 -9999 -9999 -9999 -9999 -9999 -9999 -9999 0.532665324615758 0.212378323573374 0 0 0 0 0 0.0227227336892069 0.377970277777723 0.476180613307057 0.568107317684557 0.67405187017327 0.700347628200932 0.669631754798649 0.616954369188551 0.598111496340454 0.555485173852575 0.55962450272083 0.553291732798365 0.551481827480015 0.565403507393089 0.570020173103794 0.569827009333558 0.57212295769073 0.583687326880824 0.602893191664024 0.622121033638974 0.627299597439858 0.632726371635547 0.652743676854747 0.669507489007194 0.668170909273516 0.652661260858934 0.626626051115748 0.613409529174545 0.613911894115697 0.614795487123135 0.617144673352057 0.616100506083585 0.619568823207579 0.62867440505184 0.630292858885825 0.62787218560429 0.618284772333989 0.617642692575726 0.620507498184127 0.629581899505439 0.655445323036482
-9999 -9999 -9999 -9999 -9999 -9999 -9999 -9999 -9999 -9999 -9999 0.543786588373677 0.498828392511763 0.0888731215879643 0 0 0 0 0 0 0.173093961006869 0.299938482507497 0.371772418729276 0.502521471790463 0.674276783432006 0.694947900398342 0.706372082768657 0.560270238747589 0.567683631113697 0.545213348451418 0.524997930955232 0.540113369760429 0.539320550176039 0.533091359291956 0.528946468866648 0.542875642106791 0.570689280019392 0.605782387475003 0.615445330434443 0.633933432396087 0.638147659039909 0.650758893153498 0.653316643944845 0.642286156417847 0.618887306063148 0.608826100944152 0.61109978033179 0.603404166525219 0.612011511859937 0.609164740979094 0.611993694418252 0.625827851456871 0.635302357554791 0.623300925382853 0.605308894498463 0.610043010482614 0.627623501921267 0.638113868370397 0.661824041199803
-9999 -9999 -9999 -9999 -9999 -9999 -9999 -9999 -9999 -9999 -9999 -9999 0.598043637094334 0.291819619960415 0 0 0 0 0 0 0 0 0 0.180282725567834 0.281336604884109 0.411571423078242 0.636753496245234 0.741463746019947 0.707349363893053 0.595873748068037 0.512968904919934 0.512512989554571 0.510052298262732 0.509185603911773 0.505100382245684 0.510095538155953 0.522238807658621 0.545101279327924 0.581957797308502 0.6221951112855 0.621865752183756 0.630969525123114 0.640133559583608 0.636189918745506 0.626537072550263 0.624931329939919 0.630652575650564 0.632420723155433 0.631029797508544 0.623167077284345 0.622855597983678 0.628992946143418 0.626996088959512 0.627362541586352 0.623205319598204 0.636183139426231 0.659785233555511 0.677307570401605 0.656580661663426
-9999 -9999 -9999 -9999 -9999 -9999 -9999 -9999 -9999 -9999 -9999 -9999 0.470323895185273 0.464783327625129 0.0222370787685618 0 0 0 0 0 0 0 0 0 0 0.0598626330691285 0.390173275580467 0.674894683801996 0.735240037589506 0.685990691382473 0.55356044288959 0.527394543054027 0.506914181977102 0.495351493162295 0.486106310905197 0.476411740724797 0.465723958488732 0.476620530662075 0.537976461646989 0.605624343989316 0.605942826036444 0.613193221086778 0.630387704169913 0.633636127989216 0.637826806569843 0.644078941424777 0.653208598543899 0.662097519210847 0.658348188981822 0.648829788421241 0.647343009827022 0.647912624746239 0.639643416972879 0.651776304382635 0.655801595820115 0.670183421904658 0.69256740599102 0.674161837296759 0.662478845078506
-9999 -9999 -9999 -9999 -9999 -9999 -9999 -9999 -9999 -9999 -9999 -9999 0.388118934356603 0.594591608492493 0.28362312640085 0 0 0 0 0 0 0 0 0 0 0 0 0.331591820612308 0.690789560935359 0.695333857148464 0.661641479618074 0.604884405506488 0.549871904462594 0.519405580252882 0.483503193473846 0.453103678515716 0.428412085267887 0.422757291643443 0.507958008171343 0.598743502686715 0.59752978859473 0.593867000613327 0.613872022157781 0.632695709293528 0.648285365083064 0.661605448187985 0.67122692373514 0.675844324611964 0.67883349107439 0.679610171283501 0.680605973432449 0.680870929111376 0.685186267314107 0.68793482497981 0.696971331644662 0.706585430336388 0.696610733765419 0.682107816009844 0.670245230926235
-9999 -9999 -9999 -9999 -9999 -9999 -9999 -9999 -9999 -9999 -9999 -9999 -9999 0.526735329274521 0.532941470698412 0.281038953987995 0 0 0 0 0 0 0 0 0 0 0 0.009848313493107 0.419961367686996 0.71426567116736 0.662558040324775 0.659254083668173 0.632332687491456 0.571953186861503 0.518517645252621 0.484100017789485 0.457829436307084 0.429605284034915 0.529894147603504 0.614777458440317 0.585324324986918 0.590261779808219 0.611486114616119 0.643051219980908 0.665124876381737 0.679787932857185 0.690076397272007 0.693433626992816 0.686832554990998 0.670549374442811 0.661429033925564 0.651142252743306 0.654640264839494 0.673821281238524 0.689855501618155 0.695683060756394 0.694721656749475 0.685128222227118 0.672543313933379
-9999 -9999 -9999 -9999 -9999 -9999 -9999 -9999 -9999 -9999 -9999 -9999 -9999 -9999 0.543949829818817 0.55256422732849 0.352940393229428 0.12518669311251 0 0 0 0 0 0 0 0 0 0 0.101476233947316 0.445076891834088 0.716615676538607 0.681243172406764 0.645266463048753 0.652431318082561 0.607653267040985 0.560800968301925 0.561786298912345 0.585485831227737 0.606885172348617 0.61473834093822 0.599707590590377 0.614649253729798 0.640979236205998 0.656368894683317 0.64657463546717 0.63838539486603 0.632580730289777 0.61336646363014 0.604621446620972 0.586298458070436 0.583163393805012 0.593701530021393 0.610297939579835 0.64894089496038 0.684159196990549 0.699056861804768 0.695597533623659 0.685123000273469 0.669483672496797
-9999 -9999 -9999 -9999 -9999 -9999 -9999 -9999 -9999 -9999 -9999 -9999 -9999 -9999 -9999 -9999 0.591745412334209 0.485509301351337 0.19978811173296 0 0 0 0 0 0 0 0 0 0 0.11271903620201 0.448461988003488 0.696182476230573 0.673696958935146 0.660506399939836 0.64110196198382 0.631994473456013 0.63487261226887 0.607251864785567 0.62519880885106 0.621169785528691 0.625061484178565 0.643542021169068 0.634466887598528 0.629793935931348 0.608634544462719 0.591408307312325 0.574442470995829 0.540772262111288 0.538266915176971 0.525001265243204 0.530740686271883 0.555391505058999 0.5783726570921 0.631622413586535 0.679208079262023 0.695757579446302 0.689731444935524 0.677005967294913 0.661907147004368
-9999 -9999 -9999 -9999 -9999 -9999 -9999 -9999 -9999 -9999 -9999 -9999 -9999 -9999 -9999 -9999 -9999 -9999 0.483815760919027 0.311099743217927 0.0574678005803823 0 0 0 0 0 0 0 0 0 0.0998172272118563 0.396860706128538 0.65355520606211 0.708028683853932 0.661580441299938 0.630594994893901 0.644620037573005 0.656760408893966 0.645659889439686 0.646544362249394 0.631059959781695 0.629625166270599 0.622591141780386 0.618538155975125 0.613417245365202 0.591931711136079 0.55971563992539 0.528714550614392 0.517439682300574 0.51744461316559 0.525869291545179 0.537041379109138 0.565801015383307 0.614292266615223 0.662030714128845 0.68429383871436 0.673537461001015 0.661433400255051 0.672694186053666
-9999 -9999 -9999 -9999 -9999 -9999 -9999 -9999 -9999 -9999 -9999 -9999 -9999 -9999 -9999 -9999 -9999 -9999 -9999 -9999 0.398785860493171 0.144963883288189 0 0 0 0 0 0 0 0 0 0.00199874465822036 0.311049728898351 0.569086713605591 0.725066476661034 0.691300194772681 0.687866771044011 0.693204018293474 0.663510026558971 0.636558046281902 0.616146889322126 0.61149843320441 0.614425170628107 0.615763763756612 0.611595974358884 0.592484276748283 0.558484926008247 0.526664704464658 0.517174174184306 0.517837565177667 0.521472477139784 0.527035736620624 0.544994582112828 0.582006991287386 0.62928729175613 0.659946082887532 0.670912935323877 0.68288391122917 0.712490240536902
-9999 -9999 -9999 -9999 -9999 -9999 -9999 -9999 -9999 -9999 -9999 -9999 -9999 -9999 -9999 -9999 -9999 -9999 -9999 -9999 -9999 -9999 0.457292293981965 0.0575244636289495 0 0 0 0 0 0 0 0 0 0.14628053009798 0.409504008566121 0.667116332447299 0.718279552380371 0.706289649940133 0.706666097717185 0.646052568004865 0.593897953102225 0.59712334746282 0.608079800096205 0.609451577328809 0.603449947188363 0.58503603313409 0.553698233663152 0.522662447469252 0.514100728089852 0.516904304148986 0.516255326453365 0.51075286039237 0.516314307184908 0.543904269946071 0.574642171028994 0.62352951450187 0.680505805310705 0.728963838324004 0.716096915774023
-9999 -9999 -9999 -9999 -9999 -9999 -9999 -9999 -9999 -9999 -9999 -9999 -9999 -9999 -9999 -9999 -9999 -9999 -9999 -9999 -9999 -9999 0.568432378532689 0.39104138127025 0.0460149183365176 0 0 0 0 0 0 0 0 0 0.067320026128292 0.365677174811933 0.645780550088272 0.703691522001212 0.706753147870537 0.664186807629424 0.583414695913929 0.582087318518642 0.60583082285927 0.610291235720421 0.605507864431997 0.587467778748735 0.55600523456749 0.526228283216802 0.514696604162219 0.513444164448053 0.510218430484054 0.504924957240293 0.506646587725635 0.525189652513607 0.557373558430409 0.616952693223697 0.689100294213425 0.717995926412703 0.706063401023621
-9999 -9999 -9999 -9999 -9999 -9999 -9999 -9999 -9999 -9999 -9999 -9999 -9999 -9999 -9999 -9999 -9999 -9999 -9999 -9999 -9999 -9999 -9999 -9999 0.390770470372547 0.106310058393482 0 0 0 0 0 0 0 0 0 0.109977874397152 0.42059805791398 0.673660951949718 0.695703827090393 0.681195103192354 0.564632744388258 0.576398361673789 0.607566284465087 0.604496587239384 0.611126033813958 0.594628338585388 0.556379728914008 0.528652125334032 0.512381752685673 0.508527712729392 0.506596141183544 0.50348286887165 0.512211068896644 0.535013761545882 0.563686534325866 0.623671636321449 0.695903370746823 0.712235949494981 0.707963294386164
-9999 -9999 -9999 -9999 -9999 -9999 -9999 -9999 -9999 -9999 -9999 -9999 -9999 -9999 -9999 -9999 -9999 -9999 -9999 -9999 -9999 -9999 -9999 -9999 0.537447164055026 0.332227617726442 0 0 0 0 0 0 0 0 0 0 0.274755011978407 0.584508721665967 0.67830137969706 0.706749820680588 0.595959222275566 0.570004520474149 0.588067941762779 0.584355057741069 0.584889483238951 0.569851434316082 0.54199168531784 0.517427924083997 0.499550314372415 0.493506780700197 0.49751424641795 0.509354580862912 0.530618614284473 0.561180706654262 0.59502453667676 0.64509968936653 0.695841977507978 0.717165758569584 0.716076273615974
-9999 -9999 -9999 -9999 -9999 -9999 -9999 -9999 -9999 -9999 -9999 -9999 -9999 -9999 -9999 -9999 -9999 -9999 -9999 -9999 -9999 -9999 -9999 -9999 -9999 0.492280684507268 0.178619253268126 0 0 0 0 0 0 0 0 0 0.176254091972938 0.4889694190001 0.654040271091696 0.659512129656301 0.628820535544425 0.579933619883629 0.556567066501161 0.551332463728096 0.543184619458838 0.529482918753656 0.517423562164943 0.49743838695616 0.487667308980197 0.47602849607757 0.488599242468297 0.519894684132779 0.554596224452534 0.598717692827971 0.637372723976329 0.670763333408531 0.694929123556606 0.712308640924155 0.722776962565314
-9999 -9999 -9999 -9999 -9999 -9999 -9999 -9999 -9999 -9999 -9999 -9999 -9999 -9999 -9999 -9999 -9999 -9999 -9999 -9999 -9999 -9999 -9999 -9999 -9999 0.54101140876933 0.277642941994878 0 0 0 0 0 0 0 0 0 0.143171405799099 0.441613003264405 0.621148056941271 0.623841967209613 0.640177573553501 0.595082189867721 0.569269706915426 0.529663340780571 0.504593451392267 0.491180360655728 0.500001298872761 0.50194178390537 0.491799373863941 0.478370233558713 0.497854665752737 0.540828759768587 0.59175389126512 0.646480613838887 0.672515255140452 0.675625202672126 0.698917004424827 0.700597055863415 0.710509673481691
-9999 -9999 -9999 -9999 -9999 -9999 -9999 -9999 -9999 -9999 -9999 -9999 -9999 -9999 -9999 -9999 -9999 -9999 -9999 -9999 -9999 -9999 -9999 -9999 -9999 0.507286192078076 0.336171802539673 0 0 0 0 0 0 0 0 0 0.123224028008195 0.406917752223283 0.586160699057818 0.590855662843512 0.598637349017 0.604814351848782 0.58490014766794 0.531364012884377 0.481904455316605 0.467035842029992 0.496841183343212 0.524583367817413 0.505411216390372 0.490019710890329 0.51910384924361 0.575195517287985 0.63171995474101 0.681085357676332 0.653101661300911 0.656174583319621 0.690229665295522 0.691797644973882 0.7001269212594
-9999 -9999 -9999 -9999 -9999 -9999 -9999 -9999 -9999 -9999 -9999 -9999 -9999 -9999 -9999 -9999 -9999 -9999 -9999 -9999 -9999 -9999 -9999 -9999 -9999 0.508662058371378 0.315373883611694 0 0 0 0 0 0 0 0 0 0.160304287296718 0.439393121659413 0.554697242741054 0.562939982378863 0.564494907255378 0.556305579201521 0.566781094161149 0.550833740692028 0.515011989874614 0.498206274358137 0.50705433233276 0.519182932732526 0.522902886679659 0.52984468899859 0.567063890183902 0.621560926184929 0.675697515071169 0.677397465028237 0.659061736780184 0.660339866613702 0.681770517075229 0.703008701141535 0.708241405007205
-9999 -9999 -9999 -9999 -9999 -9999 -9999 -9999 -9999 -9999 -9999 -9999 -9999 -9999 -9999 -9999 -9999 -9999 -9999 -9999 -9999 -9999 -9999 -9999 -9999 0.50000014309478 0.270098420815501 0 0 0 0 0 0 0 0 0 0.197462148168392 0.468238285066317 0.534986657136508 0.548231385500256 0.547536668238968 0.52914487208715 0.524894190012362 0.573273511973104 0.547958208405039 0.533208800323849 0.528087333999265 0.526295524690899 0.55298830377207 0.574195469059892 0.615701920653517 0.669137471083266 0.691356881941187 0.67508744457814 0.662165548701986 0.660783806099355 0.672995006054246 0.688406729157473 0.687575928469246
-9999 -9999 -9999 -9999 -9999 -9999 -9999 -9999 -9999 -9999 -9999 -9999 -9999 -9999 -9999 -9999 -9999 -9999 -9999 -9999 -9999 -9999 -9999 -9999 -9999 0.503876809193616 0.211953201856978 0 0 0 0 0 0 0 0 0.0174851230002735 0.253635870128866 0.521674020734287 0.53540343860396 0.544397607116224 0.540646085015943 0.522566080513237 0.527968106113947 0.588727936722095 0.556203240994065 0.546219191989558 0.562913879244924 0.586538121044489 0.597140609900811 0.618125701024674 0.657084827174835 0.685768905805409 0.678711463327439 0.667538705158235 0.654660562508924 0.649409384910305 0.65393194865126 0.657603270535373 0.655252872937702
-9999 -9999 -9999 -9999 -9999 -9999 -9999 -9999 -9999 -9999 -9999 -9999 -9999 -9999 -9999 -9999 -9999 -9999 -9999 -9999 -9999 -9999 -9999 -9999 -9999 0.488730876755361 0.165372603483277 0 0 0 0 0 0 0 0 0.0770087127899692 0.301638601863369 0.550615839942635 0.544208283217959 0.553434798231579 0.547223043240293 0.524085805078132 0.524418985805485 0.604573599100168 0.571738866240209 0.565496219122525 0.59774060531837 0.632076432465353 0.630419406014681 0.643904779351178 0.675279335377614 0.677074722171067 0.668061321142862 0.657621824032956 0.645546232192154 0.63648333615788 0.633481051060799 0.624936001586214 0.618252179452859
-9999 -9999 -9999 -9999 -9999 -9999 -9999 -9999 -9999 -9999 -9999 -9999 -9999 -9999 -9999 -9999 -9999 -9999 -9999 -9999 -9999 -9999 -9999 -9999 0.483771446426458 0.487999154387498 0.145417187676728 0 0 0 0 0 0 0 0 0.149902995815843 0.371907331581024 0.56607769904526 0.555504038772328 0.57076276274331 0.562039318849933 0.527121343062186 0.529989435119434 0.593375540706986 0.619886134506809 0.612675463321035 0.631034485115922 0.647115041513319 0.647323897607104 0.643515315992257 0.668751328781016 0.667358770725809 0.657851815698651 0.649741438467185 0.641220124758283 0.632187366274761 0.624870815823954 0.611662224817159 0.600925912487021
-9999 -9999 -9999 -9999 -9999 -9999 -9999 -9999 -9999 -9999 -9999 -9999 -9999 -9999 -9999 -9999 -9999 -9999 -9999 -9999 -9999 -9999 -9999 -9999 0.475717437142823 0.505106013320749 0.129474527903304 0 0 0 0 0 0 0 0 0.217161835995681 0.421539994265995 0.559387439817882 0.553074972823903 0.568151217401657 0.556923540227748 0.517457757512611 0.513248020244742 0.565657250878681 0.632393394024605 0.658224293626573 0.6582379435614 0.655146674466686 0.656670128200397 0.656138789119363 0.662192168937649 0.651372712167748 0.644432574185039 0.642207634735058 0.64071743388832 0.635839830461067 0.627889677117163 0.613523930187312 0.606039952822212
