meets/meet006/_saidas_enm/CCSM_SVM_0k_T_subalaris5.asc
NCOLS 154 
NROWS 168 
XLLCORNER -112 
YLLCORNER -55.5 
CELLSIZE 0.5 
NODATA_value -9999 
[rows 50 to 74 of 168, columns 55 to 109 of 154]
-9999 -9999 -9999 -9999 -9999 -9999 -9999 -9999 -9999 -9999 -9999 -9999 -9999 -9999 0.138635972071424 0.114670124829174 0.117924181841257 0.0998123177095691 0.0504603886235065 0.01733535741189 0.000576615754869003 8.96291711292019e-05 -0.00768019012403343 -0.00298271992506516 0.0112200155861898 0.0325008440048623 0.047336124873365 0.0645282260940191 0.090318162380418 0.0943678073960934 0.0868183803271391 0.079732148882328 0.0868247527633437 0.0945642250003342 0.0860755900267419 0.0437101071677353 0.0406551722270478 0.0915873952876708 0.148944322848858 0.184167411869602 0.166823410147634 0.0949698142053667 0.0974044525262406 0.0359155097418852 -0.0509137428338614 -0.0565455485448412 0.0624887463157384 0.0318540687088539 0.0347397608674947 0.03360637765473 0.0109060817026317 0.0163463917144783 0.014515049061865 -0.00479781094658593 0.00921186413451081
-9999 -9999 -9999 -9999 -9999 -9999 -9999 -9999 -9999 -9999 -9999 -9999 -9999 -9999 0.110666041119486 0.105360618820549 0.0969102173142505 0.0768314218929208 0.042578555955443 0.0210639061900365 0.0165221331255218 0.0176372877432409 0.0292574317827931 0.0328245246785104 0.0447089982160064 0.0572399690033945 0.0713870039836851 0.076125931126905 0.0743786703476246 0.0628687919409082 0.0546299017091025 0.0569090922792405 0.0638612804012438 0.0824856815434879 0.0962147389702089 0.0669892285656966 0.0201431152425278 0.0226997036337281 0.069463482459076 0.0779065965936717 0.0724523942904937 0.0400114513087579 0.0110696614546059 -0.0321389817593033 -0.074098310145566 -0.072095503230968 -0.0383913352429969 -0.0220414381253851 -0.031403831627644 -0.0231091655090153 -0.0112754914940221 -0.00306963686487294 -0.00489972262660499 -0.00449044834932821 0.0217002338734989
-9999 -9999 -9999 -9999 -9999 -9999 -9999 -9999 -9999 -9999 -9999 -9999 0.117565897560251 0.102736540170663 0.100328218600749 0.102810084744033 0.0834605570640777 0.0600519865904738 0.0387910166037636 0.0306218489239466 0.0415200446630916 0.0484647769283469 0.0597364578678745 0.0696687174269014 0.0757691650187981 0.0775600641759062 0.0738525818717789 0.0669394415341375 0.0540628633553416 0.0498467739566392 0.062469343216771 0.0726444123546131 0.0588554304828451 0.065495651094937 0.0892416065393197 0.0792668966543865 0.0302140376739972 -0.0114914144566109 -0.0120911651747971 0.00440412707318144 0.000796069760089946 -0.00471868079893212 -0.0370657493609885 -0.0601404984285492 -0.0817564718969677 -0.087488389010822 -0.0875948081853622 -0.0706463244926233 -0.0739696415642493 -0.0541391308882551 -0.0214353147665798 -0.0170780726463147 -0.0141425892214878 0.0112764874454091 0.04397346219868
-9999 -9999 -9999 -9999 -9999 -9999 -9999 -9999 -9999 -9999 -9999 0.111494968217692 0.0972300033645128 0.0883072341047275 0.0776969409509284 0.0686643414168284 0.0699388709947231 0.0684437073118456 0.0577515235251526 0.0571387520066065 0.0686089249187124 0.0755951146688836 0.0808787784645841 0.0830797772058154 0.0819371848329429 0.0747306654682519 0.0623360202339365 0.052584462762529 0.0570220668441653 0.0755038370237592 0.0927121664685629 0.0947450320619619 0.0683646257647511 0.0568196576587127 0.0815789077313789 0.0854819048534107 0.0427453762552327 -0.0110462485018766 -0.0474074720436701 -0.0564552502033774 -0.060173152843194 -0.0634392002045185 -0.0724507308456117 -0.080273594066656 -0.0851419857014628 -0.0789961695595276 -0.0709147222870932 -0.0524999596897363 -0.0393397630954667 -0.0181837762487188 -0.0185585914038671 -0.0163954871847948 0.00973304430225314 0.0389911974397545 0.0732571109943458
-9999 -9999 -9999 -9999 -9999 -9999 -9999 -9999 -9999 -9999 -9999 0.0702100202203255 0.0653665791819276 0.0640486363059051 0.0546053078834881 0.0529167160818246 0.0643705987770189 0.0754979720934068 0.0881264368794093 0.0879997497869058 0.0915865866682931 0.093989506920963 0.0911272355866878 0.0865194588355613 0.0767666502657949 0.0648726911492955 0.0606626836776277 0.0724681898780151 0.0931087420629009 0.0959633248453934 0.0873037617473355 0.0951620282725874 0.0786519632859919 0.0539825310984212 0.0741373796308083 0.0844477420363682 0.0550790475031274 0.0136196481004408 -0.0267925265672699 -0.0500890924611962 -0.0607684640289168 -0.0685512701804818 -0.0711605184443532 -0.0729547727394561 -0.0662388605160866 -0.0481388195023984 -0.0306467551807489 -0.00323655857026239 -0.00700754806021875 -0.0152494168593451 -0.00323426943411032 0.0337250882274516 0.0585661381539413 0.0701667972376664 0.0905003138254148
-9999 -9999 -9999 -9999 -9999 -9999 -9999 -9999 -9999 0.0998101946564169 0.0574628575381231 0.0560296115702887 0.0355535378558093 0.0381935232900368 0.0501235153471816 0.0514652280619116 0.055294128170163 0.0721458384606095 0.0931604412973156 0.103202102153458 0.0995782178547259 0.0903958292316224 0.0855521158141074 0.0760647440639292 0.0674025947689896 0.0692739033852985 0.066560321995896 0.0648588644219545 0.059975074204846 0.0584166192874833 0.0594086774709107 0.0572808685358647 0.0560183725983128 0.0551833982790322 0.066952694542927 0.0827425004202732 0.0701751187823988 0.0439640879353434 0.0164885510418575 -0.0045021084265584 -0.0105286424108741 -0.0110978002024985 -0.00759889997025498 -0.00852278716399157 -1.00049096742882e-05 0.0186976857950243 0.00721464279324707 -0.00220335514686976 -0.00207758200292818 0.00956621370611282 0.0431090065336257 0.0780675536749328 0.0913948900776638 0.0868785624859882 0.0940004456001706
-9999 -9999 -9999 -9999 -9999 -9999 -9999 -9999 -9999 0.0633306703654226 0.0697656388748851 0.145179177869178 0.0378503103794895 0.024590436764355 0.0501444568954156 0.0499106809863161 0.0499933000321921 0.0644432858810197 0.0919798010668642 0.100927097746135 0.094353091655605 0.0837677613754879 0.077436691967147 0.07046834551971 0.0656976236476398 0.0612914762982406 0.0572607312455596 0.0552378023609096 0.0532173400141784 0.0530575663505161 0.0540486639287854 0.0549641624059689 0.0563939709224973 0.05811842793126 0.0617021104911668 0.0805893416589527 0.0818829087263561 0.0732537850548933 0.0592309889549492 0.0494386529577364 0.0496690323928408 0.0551055569253655 0.0623836710515661 0.0647233297501015 0.0499354061234069 0.0349974111824656 0.022609431739172 0.0253626490573495 0.0355331691614447 0.0614883893123375 0.0869165081711198 0.105811655457387 0.108630874639583 0.102576279929749 0.104682218924234
-9999 -9999 -9999 -9999 -9999 -9999 -9999 -9999 0.0696721389614195 0.0565371059120455 0.153612840210401 0.398599036744459 0.15624069334776 0.0285220777164533 0.0430572083965122 0.044619483663544 0.0451170246599512 0.0601066948524777 0.0882472290747991 0.093760211591655 0.0891170611911161 0.0818951257864587 0.0779566105577458 0.074433863015307 0.0722914505525044 0.0695219978634662 0.0671099042944258 0.0668065857624011 0.0670457708589509 0.0671769532373995 0.0676732182247589 0.0684596895303887 0.0686037889916575 0.069167888841455 0.0706327686805294 0.0736757390492447 0.0827901065204965 0.0866690765267277 0.0883882665079918 0.0869262233465732 0.0879785191419266 0.084999705976664 0.0786320936852928 0.0689160774676844 0.0541183084974148 0.0453260417727876 0.0459638929980232 0.0573087608238179 0.0747001942004777 0.0922490554381602 0.105191675259441 0.113286849492895 0.113543432646978 0.113896357875304 0.117115810018889
-9999 -9999 -9999 -9999 -9999 -9999 -9999 -9999 0.0554261667922589 0.0820207983629987 0.263689168975328 0.593410619454906 0.267598200710502 0.0107549097740863 0.0299584274342595 0.0408475984552561 0.0421657301944025 0.0613307447043506 0.0797989821570171 0.0849971518400101 0.0835414798854205 0.0802443795178469 0.0781670985924786 0.0763528452790308 0.0752707132261518 0.0747098416099635 0.0742752063168405 0.0736887986550515 0.0732631271666472 0.0741091496156752 0.0760726706201733 0.0771294127918949 0.0779497956239008 0.0760845077952763 0.0755717186255057 0.0759356530796121 0.0755552049223603 0.0805524884163809 0.0825517377495805 0.0824800508401071 0.0816374335650462 0.0764848713403303 0.0709289767987232 0.0647879889328424 0.0656663133225245 0.0762187495888076 0.0896655569589952 0.101401342858541 0.109362519901449 0.114784136826937 0.115565243249369 0.118254668472679 0.116541861110954 0.118810909349219 0.121303847859643
-9999 -9999 -9999 -9999 -9999 -9999 -9999 0.0502658306176712 0.0984980479898435 0.139984971493254 0.381996939176822 0.756758514675862 0.276954233191951 -0.013622935580152 0.0451759895410462 0.0450629431361106 0.0451638103503558 0.0573641601892521 0.0709417421177924 0.0748208765125232 0.0743544503074891 0.0730004850576152 0.0711208258627457 0.0700202591426696 0.068761317083774 0.0685211687638272 0.0686993792164475 0.0680403732902966 0.0673927027587846 0.0677228889983103 0.0695973170508126 0.0715101881017226 0.0733332669482639 0.0746824096427859 0.0755351962235726 0.0754019004328132 0.0748088403786957 0.0750896813462367 0.0750093994356991 0.0733878764209837 0.0725579622716544 0.0716407012665038 0.0724039997778339 0.0740061325901718 0.0780608580737612 0.0863003044989842 0.093630269898363 0.0993086491749044 0.103630547207967 0.108015133631399 0.11221558186777 0.116322877980662 0.117209063272611 0.121426199534339 0.119275837755526
-9999 -9999 -9999 -9999 -9999 -9999 -9999 0.0785192324392248 0.144740205071706 0.167174307356171 0.372912413901386 0.633423300372623 0.171085974612406 -0.0155322601865141 0.0354078053773945 0.037472622197987 0.0403616062074268 0.0520618202741868 0.0625770745001453 0.0648646802865962 0.064489344361377 0.0633728831233518 0.0610455517719004 0.0589552048037243 0.0576329028883409 0.0582361001161846 0.0597045500411545 0.0585589263132487 0.0574507287998334 0.0576374497800149 0.0589105315690011 0.060873413380737 0.0623951875468735 0.0640300076107871 0.0657067720607372 0.0675707483239754 0.0679655209238027 0.0677265718162777 0.06667838441462 0.064029391258826 0.0614333470222133 0.0592099405066875 0.0569756721217377 0.0583849739469418 0.0654724660714514 0.075930754723573 0.0902100766793967 0.0980993449884935 0.104958673444045 0.110165633133965 0.114243516947341 0.117114817419962 0.114363439113441 0.110259538970717 0.0994396565939172
-9999 -9999 -9999 -9999 -9999 -9999 -9999 0.105988813857778 0.155376641001867 0.178257962564468 0.295164201801333 0.455708175193545 0.106266886755569 -0.0323541922545987 0.0166991516212195 0.0232433694016366 0.0343947159563047 0.0440061206940179 0.0514500135421131 0.0520118405054004 0.052190394170238 0.0524964885869407 0.048198191680448 0.0444721230096701 0.0428586500259729 0.0454087320980467 0.0479825393952547 0.0472315502032918 0.0466767490470588 0.0468748927455531 0.0482204006492737 0.0500326330183645 0.0511582222677146 0.0530506823937494 0.0545628447405903 0.0564956355975636 0.0587712066983077 0.0567329337519771 0.0538466302776922 0.0494062520398778 0.0466458677853452 0.0452299995022317 0.0499099980491433 0.0568472740221465 0.0693165456710583 0.0846184187223693 0.101365806351256 0.109666567260167 0.116719998398047 0.118908174684432 0.118906290495327 0.116509484306196 0.103384413774231 0.0822150638575112 0.0705790583056113
-9999 -9999 -9999 -9999 -9999 -9999 -9999 -9999 0.133619946067579 0.156140439283223 0.199321387839132 0.345852762708238 0.105382613851147 -0.0502587511582904 -0.0128968888181219 0.00180659921974952 0.0190128396157617 0.0305214808903526 0.0349795383333433 0.0348296853145362 0.0333692923280206 0.0319364963528919 0.0276757991981175 0.0241955891427786 0.0226470447004535 0.0243887217202813 0.0276376877489299 0.0274312616147288 0.028006398230243 0.0293034448370811 0.0310541757555959 0.0337260518464277 0.0352891534714777 0.0379941035040766 0.0394044383325066 0.0401847933560145 0.0409954363420471 0.0396957155236189 0.0384785341679106 0.0348147518613876 0.0332583071429385 0.0390231819402126 0.0488895616547387 0.0658481505599176 0.0859535862060279 0.102961487436043 0.117472286957737 0.123765928341507 0.124453991559953 0.121463058960215 0.116866020422119 0.104705632767524 0.0819262217662727 0.0550685418446032 0.0369983413051752
-9999 -9999 -9999 -9999 -9999 -9999 -9999 -9999 -9999 0.111034668907247 0.125968306417008 0.440761592247467 0.122155838976438 -0.0604554475976594 -0.0305439993973328 -0.0137511500135921 0.00542412812078674 0.0146513041296609 0.0179953889500272 0.0164800966427843 0.0139093875445425 0.0105244777073986 0.00653185301380532 0.00178848927317915 -0.000159056574319805 0.00167829670645181 0.00314833735059561 0.00360720276019838 0.00446140014886248 0.00702043107194583 0.0124943657231726 0.0145698630996154 0.0179299119850047 0.0201123182152387 0.0220947855999377 0.0234613687055066 0.0235055926593064 0.0238605199485537 0.0225594675865952 0.0222127747754755 0.025786219868938 0.0374780636096974 0.057431525640494 0.0826113650403971 0.102982698272943 0.115082138595918 0.123286384186465 0.117636112446204 0.105044477947242 0.0951110761150776 0.0893323480349233 0.071303368563839 0.0555871144106485 0.0332859355763067 0.014696914246847
-9999 -9999 -9999 -9999 -9999 -9999 -9999 0.0801020347487227 0.0482805821917103 0.0115264492097922 0.125012297461628 0.291826726402059 0.0817763865548351 -0.0640834755234914 -0.0443015531082604 -0.0299075214713914 -0.012988620808514 -0.00228963962708406 0.00288069770072191 0.000873758380031509 -0.00605599729551598 -0.0119863326587475 -0.0175822452174351 -0.0210142778340849 -0.0240247238303142 -0.0268646623620199 -0.0269757944246618 -0.0265152620872195 -0.0231651187823899 -0.0191889539887179 -0.0137640799797902 -0.00787146432473707 -0.00549259864906437 -0.00200345556858672 -9.06570638269377e-05 0.000695821111805939 0.00272167306388504 0.00246923306622066 0.00380406581301607 0.00375325050741815 0.00834695445880457 0.0257107144253415 0.0454685318036888 0.0673640048509859 0.0861802070680725 0.096845629664233 0.0995985511360185 0.0917807482684849 0.0782221570869513 0.0671324109292976 0.0592091441969442 0.0482449614784905 0.0310466319585276 0.012264536407436 -0.00675221950871496
-9999 -9999 -9999 -9999 -9999 -9999 0.161780236194349 0.0378792851442962 -0.0250138630207359 0.00795315670073454 0.16324751801817 0.285087549034791 0.0580848473754872 -0.062979012706963 -0.0490258396830685 -0.0258709886978292 -0.00973886943727298 -0.00753216683674851 -0.010109577617408 -0.0128456146366838 -0.0185729146264003 -0.0266635192721686 -0.0316286797641653 -0.0391904181915855 -0.0438298902983473 -0.0445405891879489 -0.0442892114722063 -0.0409731138532952 -0.0393081583311329 -0.035711702415958 -0.0285450713381977 -0.0253960102605071 -0.0204323132775655 -0.0186109347877295 -0.0181610994991939 -0.0165255547195163 -0.0184175965133215 -0.0158407311608831 -0.0148004535777361 -0.0146895651438549 -0.00989544533482123 0.00879969197507768 0.0310043929057858 0.0465598936065474 0.0630726130875107 0.0719236223640212 0.0750647018058707 0.0665889255232303 0.0504214089184119 0.0389552953904057 0.0344273030580634 0.0272217305705295 0.00827360573497565 -0.00837953306527017 -0.0279866564737362
-9999 -9999 -9999 -9999 -9999 -9999 0.117074066148245 0.00788425283805155 -0.05068075330967 0.0457331353064568 0.17431199124762 0.166239665256804 0.0499287372288975 -0.0269726513985566 -0.0226719187044508 -0.0049551616208795 0.00863807714800952 -0.00124539547886837 -0.00816092113648526 -0.0141606626587876 -0.0216790116613411 -0.0246703908361839 -0.0309800711707108 -0.0397955707364569 -0.0425640525123522 -0.0420836106315244 -0.0378828649440285 -0.0329954019432818 -0.0297619337762699 -0.0252514235402691 -0.0213667731340423 -0.0180546329174054 -0.0179021680003909 -0.0189225922686448 -0.0218333005924553 -0.0272211575401246 -0.0287272927474669 -0.0266424306934296 -0.022322228215049 -0.0231927051785393 -0.026125137485942 -0.00668682920422359 0.0126028929128274 0.029591595715349 0.0433769278517314 0.0497215668332365 0.0489709955656371 0.041130146960264 0.0281846600154368 0.0171555121028922 0.00780993023650239 -0.00347415312265098 -0.0174333454665654 -0.0322682655736222 -0.0466784400879962
-9999 -9999 -9999 -9999 -9999 -9999 -9999 -0.00475914004112332 -0.0527439062995897 0.0775570372318229 0.12525720782584 0.136848151542985 0.078298323968641 0.0177918427879572 0.0237384812015626 0.0195953003678246 0.0408965796284187 0.00954552186642466 0.00981732274567781 0.00449755777623234 0.00133185291515331 0.0136519289950116 -0.00303201958101329 -0.0103881118161629 -0.012258332260652 -0.0113924689547794 -0.00427982697831641 0.00099946879065782 0.00708444656919871 0.0101566943748127 0.0124024481288811 0.0177244873905212 0.00731152128046492 0.00316509205494064 -0.00481660121274918 -0.0169489884605685 -0.0214995379155914 -0.0194080359378391 -0.0154718852389256 -0.0197615069918422 -0.0330985320835514 -0.0215237117904177 -0.00311427964746169 0.012659984567784 0.0256933619724123 0.0275152352720179 0.0273498188357986 0.0206483665139263 0.00929450360394701 -0.00193174151641218 -0.0133613522230015 -0.0286750690962669 -0.0395270940423746 -0.0514222366483441 -0.0624701150092519
-9999 -9999 -9999 -9999 -9999 -9999 -9999 0.027299960358848 -0.055364170402486 0.0297364895422524 0.159827943727913 0.20177002980486 0.139232762408302 0.0190655094066136 -0.02173638491687 -0.0166168280065483 -0.00731222847632296 0.0146888366424177 0.0424766414166993 0.0433535205828121 0.0397651197975812 0.0573649287025326 0.0585993490555261 0.0577654701930498 0.0542662019877063 0.0477363296685274 0.0502820809853693 0.0598091767067654 0.0702639292603278 0.0720549426985876 0.0633935201078629 0.0555149566093031 0.049099795054958 0.0410718296492205 0.0319294586748667 0.0203113688715355 0.0130057138313909 0.0148933487081953 0.0160374718199919 0.00502124689014366 -0.0157878730797888 -0.0295991715672674 -0.0129338529239048 0.00104790508949043 0.0120072123775602 0.0153857697476665 0.0140261470245539 0.00924642899036354 0.00138202777378682 -0.00788181299736568 -0.0196213207634929 -0.0307599882131255 -0.0451797409986585 -0.0564087403235504 -0.0643352928609336
-9999 -9999 -9999 -9999 -9999 -9999 -9999 0.0632558104059809 -0.0158814470129411 -0.0368598489150991 0.140005909450015 0.310915820852467 0.216918545685891 0.0440999578432029 -0.0143141324802475 -0.0322573220293063 -0.0297109310705096 0.000766542232208789 0.0490026872387907 0.0518715663293521 0.0515866718498471 0.100134769191749 0.121688893938239 0.127594923377268 0.11879499481942 0.102554497737318 0.107552954228351 0.115763644384616 0.128857199012544 0.125997012144211 0.107679966811918 0.101072821132044 0.0944663391994118 0.0900652028384098 0.0817296484990647 0.0710912600910501 0.0645674259312825 0.064161306473459 0.0647553601210635 0.0485320933901666 0.0169212094710935 -0.00795015129811549 -0.0121783131457243 -0.00173557090857335 0.00799807089330268 0.00902192205993602 0.00816579745542961 0.00377929065755256 -0.000735347552177634 -0.00977963808434346 -0.0238110075237059 -0.0308512410283054 -0.0491822926498755 -0.0582218462740015 -0.0673754430606328
-9999 -9999 -9999 -9999 -9999 -9999 -9999 -9999 -9999 0.0195391900155565 0.054819519905548 0.4764570894169 0.312181315529573 0.0565826209270852 0.019801783414471 -0.00361535277306657 -0.00965883685610036 0.000822081165454291 0.0218005991090482 0.0251396119652748 0.0546178660388342 0.142697963153054 0.175071434342155 0.160549068065192 0.150928998991842 0.146940165341109 0.152029289568213 0.155609766103207 0.155779837551213 0.151200036003365 0.14407919353823 0.146186282321524 0.139833865950338 0.137754048641689 0.135596511030929 0.129364074153322 0.129110563817746 0.125339770405785 0.11951874171714 0.101136040312015 0.0715156498174551 0.0438014673963115 0.0210906123430015 0.0123672324692691 0.0164548732873974 0.0132357157128022 0.0095381796715982 0.00348569710978081 -0.00335361862761629 -0.0132083417343752 -0.0283705074293898 -0.0401350872161567 -0.0508997124560272 -0.0571968368157463 -0.057797927362673
-9999 -9999 -9999 -9999 -9999 -9999 -9999 -9999 -9999 0.121593890662419 0.0245153259915063 0.583647496266669 0.359925034763881 0.0560967770403452 0.0418860407516452 0.0270459856031259 0.0186582721805014 0.0191300692553537 0.0198936204923866 0.0152522198917484 0.05212948482677 0.178275982335487 0.203769092684148 0.19188692454931 0.176939437156506 0.157179203653124 0.171246338082506 0.164810888128717 0.1558064128647 0.147462663799567 0.14320204890243 0.156425283066019 0.147791435454283 0.147712907112186 0.150079875385609 0.153696000760049 0.167826831590416 0.166342575030661 0.163407075027004 0.148669897767988 0.122396651321337 0.0985185901852667 0.0724859085548268 0.0541909971833359 0.036359349679252 0.0195863025822602 0.0123074264661898 0.0118732679045334 0.0153516370398816 0.0119750949717714 -0.00263007990160746 -0.0124300335275818 -0.0250412109220791 -0.0304109511172915 -0.0333691750899833
-9999 -9999 -9999 -9999 -9999 -9999 -9999 -9999 -9999 -9999 0.0345960760761149 0.39213814731489 0.254171209848429 0.0403864488145915 0.0478465883054492 0.0484257378735246 0.0566447986263558 0.0879756431917028 0.0554523566811954 0.0276112519890209 0.0772089981214819 0.199994258548457 0.234180692105742 0.199683796264342 0.183654683532901 0.184013308899636 0.179209076191648 0.167421478305798 0.144144598414539 0.127428744036345 0.128470359291665 0.135137794134916 0.127597678879759 0.118326479203537 0.125700606878513 0.144320172374075 0.168514187234509 0.17413294052864 0.174954934899484 0.170908649446613 0.155736937897448 0.139718496782641 0.116090558101966 0.0947275652322392 0.0769308669556593 0.0582282375952536 0.0502820596359544 0.0574724070046607 0.0657691668397594 0.0592995429187612 0.0370973835602452 0.0161538171937051 -0.00271426479143522 -0.0180368919531961 -0.0233383666527117
-9999 -9999 -9999 -9999 -9999 -9999 -9999 -9999 -9999 -9999 -9999 0.100879759284871 0.0957548367210618 0.0410495346417704 0.0417762234272399 0.0594541322012036 0.112602481233264 0.237101444698183 0.165917972001774 0.0830968346842915 0.125214471212675 0.218309883632986 0.228268048154913 0.205412003623504 0.191085135384623 0.187152262820096 0.188237997064194 0.169737896755783 0.141513788717888 0.121157937372995 0.107113757326709 0.0998267752205136 0.0896404464469446 0.0811817969089468 0.0853363260475776 0.103265713528529 0.128299644263257 0.140523976768259 0.149825385686394 0.154921217556548 0.15237132002546 0.148725076066014 0.135139164298244 0.120737899667626 0.109062775870666 0.0936050138520546 0.0898451154173647 0.0990158090550426 0.105586427917935 0.0942926287006562 0.061763342727843 0.0354343736865446 0.0129996833669196 -0.00552860197513028 -0.015863674201901
-9999 -9999 -9999 -9999 -9999 -9999 -9999 -9999 -9999 -9999 -9999 -9999 0.0834891907650593 0.0421800431454699 0.0211941350004832 0.0632574966508137 0.163827830851807 0.408998276099724 0.39948280768631 0.218556595376698 0.200530505655068 0.220784822327494 0.218725596215543 0.213449994792614 0.193021658960071 0.19051255677539 0.188260031713634 0.164809747303515 0.133197391591935 0.110159258363433 0.0922196390175501 0.0806020136483189 0.0669883934346661 0.052168424481228 0.0511647254052301 0.0600963000831632 0.0761861212006935 0.0941225384233398 0.100956980435598 0.115904524615986 0.128820666099857 0.133320924773042 0.135293115538673 0.127071583303746 0.125664494572068 0.124864517032765 0.129044862904639 0.130186542046744 0.12618415626491 0.111857065950776 0.0800104533700337 0.0524164169515988 0.0331100215199733 0.0153914931080036 -0.00301186413999277
