meets/meet006/_saidas_enm/CCSM_Maha_0k_T_nigriceps5.asc
NCOLS 154 
NROWS 168 
XLLCORNER -112 
YLLCORNER -55.5 
CELLSIZE 0.5 
NODATA_value -9999 
[rows 50 to 74 of 168, columns 56 to 111 of 154]
-9999 -9999 -9999 -9999 -9999 -9999 -9999 -9999 -9999 -9999 -9999 -9999 -9999 -80.4030199672431 -51.8945998061608 -25.503289780901 -11.3080337707897 -4.23344970920475 -1.33715804440963 -0.834791308174264 -2.44848986497661 -4.24637326611903 -4.38220890650182 -2.90366677936625 -3.63111695557241 -5.10505380652978 -8.78016659882909 -15.2800743252302 -22.6206931008636 -31.5230710031722 -38.275068777958 -31.7226689972019 -22.9290285584186 -12.6287570403931 -3.79998447560923 -0.637009490327676 -1.19729165112009 -0.337878362865986 -0.0894081603110644 0.0170566551797555 -0.00424877887992547 0.00977919830855145 -0.268141392955228 -1.05777692153685 -2.27754049920501 -6.1164012539941 -4.60903037786 -5.58727330719715 -6.12853864948675 -5.75059032355186 -6.95952613688252 -7.63816556713461 -6.50729908278828 -5.33719122725155 -5.03508394124926 -4.41939447567603
-9999 -9999 -9999 -9999 -9999 -9999 -9999 -9999 -9999 -9999 -9999 -9999 -9999 -36.5555275257051 -33.6332939072595 -24.4302024784039 -13.8755280733172 -5.67780399605623 -2.89835601080722 -2.9927844828786 -4.64234396555582 -8.99867315175849 -8.79247309535797 -8.23655477103886 -10.1719140686061 -14.4336520550454 -19.1517127441681 -26.6688445597906 -36.8264969289671 -48.4392611131854 -54.5726084929024 -47.4996139925454 -34.4482465845941 -20.7870846673913 -7.66951339920718 -1.87323648076331 -1.82788499847699 -0.732862177295001 -0.411435647248299 -0.142065538942895 -0.193502586094894 -0.415420785745318 -0.882738841458205 -1.73410101998642 -2.76068495020813 -4.06334275823581 -4.41953898203032 -4.46274556604913 -4.85962523930147 -5.47117033466674 -6.53487734727637 -7.14912789587802 -6.17173379851526 -5.14551527535889 -4.63136915050123 -3.68334072806292
-9999 -9999 -9999 -9999 -9999 -9999 -9999 -9999 -9999 -9999 -9999 -28.4344117107351 -22.0908426959234 -20.8982208774082 -23.451809720554 -24.5639927316511 -18.8399263730913 -9.0441470911703 -6.82878780376711 -8.25456313282539 -10.9615833873865 -13.2565801610937 -15.4447160398012 -16.8160976018 -20.0858672191429 -24.0996439282886 -32.8006059441673 -43.8451156746606 -56.9999977992331 -70.6831320579485 -77.2767406821973 -64.2703064809198 -45.1039355131773 -26.8849270710665 -11.9894523975287 -3.8393492019571 -2.44449737091758 -1.69360964775382 -0.958037585769891 -0.672236282704106 -0.483053315347792 -0.847629937915186 -1.24404572372268 -1.78942586010399 -2.2230567251772 -2.33324003155534 -2.81949023103421 -2.96374965070106 -3.70947544239971 -5.21434924764775 -6.07030072495959 -6.10955274891661 -5.90797930222865 -5.32073627541486 -4.32851121612263 -2.89531538481264
-9999 -9999 -9999 -9999 -9999 -9999 -9999 -9999 -9999 -9999 -26.6062934775451 -19.5060045195805 -15.0367769120276 -14.7131738702322 -20.6095620033607 -24.839693707736 -25.9271341316262 -18.2696098795271 -15.0396420985286 -16.147049074624 -17.273457112026 -19.9693565450895 -23.4667393139687 -27.1263516919982 -32.3346327173277 -39.9641334803953 -51.4298791974079 -65.9220174505136 -80.8919159878138 -92.3095173481636 -94.0621444326446 -76.4610751665365 -52.3387427841613 -30.5890115881655 -15.5181971803063 -6.05322721383344 -3.96895484597118 -3.43460505127384 -2.32973834667445 -1.45536588438205 -1.18417023025886 -1.43735750588172 -1.75471916972321 -1.96798648264773 -2.22512261134127 -2.32758924843884 -3.05291877523379 -3.79152885979203 -5.07090530097831 -5.8530773877591 -5.79515076145374 -5.38257755154226 -5.80416675031597 -5.35224826513663 -3.65106507386116 -2.28627071053313
-9999 -9999 -9999 -9999 -9999 -9999 -9999 -9999 -9999 -9999 -14.9289347435091 -11.8281664897247 -6.51089786225843 -8.2520497097616 -14.9800794927396 -21.6506078524012 -31.6399696672236 -29.4388405085092 -25.5291750270072 -25.9491765195289 -27.1510540648614 -30.9821036107861 -35.9641797234906 -41.4979037565271 -49.9991458549936 -60.474525885544 -75.0807518945028 -91.088353132174 -94.0911469164427 -88.8610888465272 -95.0015949649663 -84.5254131276568 -58.9212106112202 -34.8748418756607 -18.5385887394294 -8.48278732770156 -5.71012968921978 -5.49180007092625 -4.21024843943978 -2.92050938775788 -2.18482793499558 -2.40247382958495 -2.55427609116889 -2.88166817798225 -3.45675068224069 -3.83638316919222 -5.25352105939369 -5.51164967074708 -6.0781862530563 -5.550538952189 -4.24643750784567 -4.60326125102183 -5.42703507205588 -5.11216838980541 -3.17196561673795 -2.13976591207606
-9999 -9999 -9999 -9999 -9999 -9999 -9999 -9999 -26.234857361733 -13.4367608788866 -5.48313748758714 -6.7936310713535 -3.1275538097976 -4.53052793670902 -13.406321704036 -20.0358521851485 -31.9923891557873 -39.052520638834 -38.465143537717 -39.6303733299302 -42.2484162749618 -46.1299734714345 -49.9287878124131 -56.4940948342446 -67.9765892361632 -68.6114704981137 -69.8304590640977 -67.3522434530963 -67.391401971393 -69.1322475106652 -67.9025194478417 -66.3873106738218 -62.2964766437192 -39.6408137643119 -22.0880874672232 -12.2147638940801 -8.27844573817539 -7.62787782849416 -7.22211157405962 -6.1252249170308 -5.57145535524888 -5.70550896581844 -5.86970186641424 -6.32255572605573 -7.24987577184539 -7.36876277852161 -7.16606817273295 -5.71665207351195 -4.72035340752972 -3.62202689329661 -3.63030960811284 -4.16027396725273 -5.02419136830829 -4.95163410995539 -2.83177271772404 -2.32722179516679
-9999 -9999 -9999 -9999 -9999 -9999 -9999 -9999 -16.1148261976434 -5.85313677237368 -3.32226773505858 -2.40533801809237 -0.733492612391438 -4.31204260325817 -12.5780502746299 -18.6426553545085 -26.9552976860794 -38.9187379062214 -42.2183498964659 -44.2260932671621 -47.0853651746057 -48.6842976482085 -50.6689043647333 -49.3935974552081 -49.1300996913758 -48.5292203994784 -48.2011569954393 -49.2297404119225 -48.7985611190874 -47.2488688228459 -46.0716876952642 -45.8801295285084 -46.054930009748 -45.3039125417737 -27.5648893033468 -17.4685769461998 -12.686086108968 -10.3760827119392 -9.67760885923627 -10.1490832152208 -10.8477144416321 -11.2809126959021 -11.2872382758104 -9.28497334734705 -7.21325018345181 -5.50453591237426 -4.88380689856345 -4.50656367942522 -4.45469526306378 -5.46745137669369 -6.22432574992111 -7.03669508229968 -7.39923888017856 -5.80621316069024 -2.47539062038841 -1.99660677336777
-9999 -9999 -9999 -9999 -9999 -9999 -9999 -16.1142214318981 -8.42693363052341 -2.33052440814148 -0.822630696099055 -1.18642057456562 -0.129697218780905 -3.35584319682617 -10.2192766091874 -17.5249324125694 -22.9804267788632 -30.8860959463006 -31.5280640268 -33.7218705321161 -35.9481207067319 -36.0679421219308 -36.8072090045168 -36.2565402974418 -36.1953234826825 -36.6974657057554 -35.8534692429081 -34.6120112531969 -34.3903649204113 -34.5285547332378 -35.1004975723623 -34.8002645420667 -34.7489963158842 -34.3777304754771 -33.1909804739029 -23.2380115676942 -18.1851856634841 -15.3479085571553 -13.8106091120453 -13.4685475420486 -12.4268817533053 -11.4930747553658 -10.2889036282069 -8.74638101155862 -7.9255526252435 -7.58473991353796 -8.86793939950587 -10.4199427206512 -12.5648177053358 -14.562717676029 -15.2336210755989 -15.3151339176579 -14.1329026354467 -8.76070227786844 -3.08433170726932 -1.63924763188806
-9999 -9999 -9999 -9999 -9999 -9999 -9999 -9.2451627911977 -2.92704309816926 -0.380087762338558 0.185076392579547 -0.727975405994092 0.352027283412278 -2.47393850176043 -7.8399416610568 -15.5340688589921 -19.8155142369207 -23.9499195996345 -23.80052879807 -24.1343493254471 -25.100513741577 -25.6864687992262 -26.6414712854156 -25.5673821703486 -24.2208509382487 -24.2452194894054 -23.7015678745783 -24.5085986050253 -24.3726394531081 -23.5157511580131 -24.1018738003983 -24.7372889198368 -26.1371428847969 -27.0155781426335 -27.7756830341869 -30.0431720151076 -24.0517491579129 -19.4950849597983 -17.475066859275 -16.9347864575457 -15.7650526706736 -16.1127852225402 -15.8095882003145 -16.6021900267259 -19.1666981650083 -21.5172802665654 -25.2326230911544 -25.6866501320749 -25.5759448218002 -23.0693933071852 -22.6454255065402 -20.6236843825166 -19.7272474128194 -12.1893552389919 -4.87688264087824 -1.76987203333925
-9999 -9999 -9999 -9999 -9999 -9999 -14.5246674926374 -5.28296560519702 -0.523769874106212 -0.582265464704357 0.651903286141728 -0.274614519805365 0.220626729429051 -3.04737280796213 -6.85575687246728 -13.7961164882263 -15.9915003548599 -18.0103327985215 -17.6670027127538 -17.9499980145526 -18.8380128278323 -18.5528259358071 -18.113371234923 -17.3141168066695 -17.2342834840225 -17.0194108377609 -17.0487614346833 -16.6413554972249 -16.4322170101678 -17.2859614976051 -17.6332057917985 -18.6724723774263 -19.53214518787 -20.3161808358792 -21.7739609212253 -22.6293023936318 -23.9651639519867 -24.3946884567618 -25.2837979431021 -25.6137718521859 -24.4808538684335 -23.649255937663 -21.4204063170737 -19.2719073715403 -18.501106473596 -16.9917066699215 -16.992401326857 -15.9914530955519 -15.79789325011 -15.9582192386645 -15.3139075767374 -14.7849332010412 -13.4968726365558 -12.1451266575635 -6.24454472665568 -2.3484201127266
-9999 -9999 -9999 -9999 -9999 -9999 -13.3453729771476 -6.30392170227032 -1.6186175932139 0.433398171544173 0.551894435283395 0.35386341707049 -0.169188507587807 -2.38994242361546 -5.09313425572814 -10.4682223698233 -13.4201194765498 -14.5969458930207 -13.7042663163564 -13.1727801793993 -12.9799943798445 -12.3674844453579 -11.8340349113727 -11.2051388915596 -11.0104835109503 -11.219213861052 -11.145014159473 -11.2892139128405 -11.4032384186516 -11.6896877831851 -12.3052196226812 -12.8224525133527 -13.6378005520784 -14.3448371414168 -15.1259572311118 -15.6096064499292 -15.5597506488914 -15.5992942836589 -14.9282822716482 -13.9755267627578 -13.3411852929127 -11.996368534554 -10.9940961445882 -10.0930043814035 -9.29166590622482 -9.26720389762398 -8.82717611909922 -8.90357221796973 -9.01722221276598 -8.70285015654113 -8.59803622638366 -7.8074918311728 -7.32594744211652 -6.89025604000432 -6.82426762307321 -3.56435813803156
-9999 -9999 -9999 -9999 -9999 -9999 -12.1803488645744 -5.66051178753691 -1.0030617150152 0.190357471362755 0.661622996388231 0.407101316125745 -0.114988089411817 -1.96343277317501 -4.28946703565836 -9.84154164366392 -11.8930746868563 -12.2579763788717 -10.7196024032653 -10.0371760422277 -9.6597732103898 -8.65080658878611 -7.79265089306776 -7.33628399799957 -7.63435816093941 -7.95448137883645 -8.10528427840486 -8.28194579376639 -8.55936537423776 -8.79127336464727 -9.11954458912303 -9.42930323033305 -9.84410479039249 -10.2868606033087 -10.9121056991541 -11.2437586820402 -10.9263962616809 -10.1991630285899 -9.2478382573103 -8.44131615173982 -7.30915000098849 -6.76523049704062 -5.85978500950334 -5.51689081999836 -5.45927379464501 -5.18797392376799 -5.37138947073343 -5.08244808687286 -4.96287197041124 -4.99019691901146 -4.50717253975934 -4.23546452795225 -3.70792614425972 -3.50978536803139 -3.97741170789208 -4.05489962592594
-9999 -9999 -9999 -9999 -9999 -9999 -9999 -6.88839531771116 -1.35862539446922 0.899868031053924 0.642185714518894 0.569961468810809 -0.156359456180973 -1.25209346262596 -3.44707626585353 -7.9975065020025 -10.8107204405945 -10.1473847779845 -8.53093765309024 -7.61914688011199 -6.89591349908929 -5.92846084308961 -5.18412011808556 -4.89311644990416 -5.12797537431137 -5.54171431964452 -5.70626918175485 -5.94092790430459 -6.25599262390067 -6.35480543903151 -6.49909364290771 -6.58250287722199 -6.83775336923547 -6.95781461114586 -6.98781712063363 -6.96208285838328 -6.5697244967579 -6.19261945271839 -5.19748582408291 -4.18076230485376 -3.43566781770493 -2.81534931876029 -2.59068060922696 -2.53769574827882 -2.45287961293891 -2.57654342957925 -2.40541076259021 -2.31427387010654 -2.14428020476114 -1.88725436590943 -1.66061592208762 -1.37710313275499 -1.41698488527731 -1.66842160376784 -1.82954746213731 -2.22216543927991
-9999 -9999 -9999 -9999 -9999 -9999 -9999 -9999 -1.84325403720824 1 0.536283212182347 0.760186954689484 -0.0176610211957531 -1.04943552426572 -3.585729373457 -7.65134803849754 -9.30221701178855 -8.46843081632297 -6.94421634018753 -6.13609649091392 -5.26548867841656 -4.51859647300943 -3.78961118361376 -3.55681409693563 -3.84604834994309 -4.20321143699457 -4.26879473945576 -4.46502954416509 -4.7234737979711 -4.88783263962673 -4.84517749936339 -4.87832625395486 -4.93170649733156 -4.89965156376068 -4.70609082697626 -4.33840805166764 -4.15267890853868 -3.70978065909053 -3.21435243152542 -2.39215105578309 -1.70201321817991 -1.4332106422592 -1.29310157500259 -1.46809487556829 -1.72764478562992 -2.04025225479453 -2.0072601265399 -1.84544828810597 -1.64007783139286 -1.38184490274306 -1.04187810115436 -0.712557479350725 -0.606763839920929 -0.793741518558253 -1.18510955044136 -1.43718937518224
-9999 -9999 -9999 -9999 -9999 -9999 -9.59755786983283 -3.33603190483109 0.261373940814754 1 0.81463675588113 0.654538774755923 -0.127133574499048 -1.22755848909319 -3.68413370716868 -6.42370592516705 -7.9950993432641 -7.49057274979356 -6.32386529193581 -5.2702582902135 -4.51294282306229 -3.88172669788936 -3.50418644071082 -3.25479170315114 -3.19381050180224 -3.2499624761464 -3.31929682579787 -3.51500348607794 -3.73801451865312 -3.93417185143312 -4.06051506915026 -3.93816428636013 -3.85524332954166 -3.75323074729695 -3.57480951745287 -3.29782867516606 -2.93947193140327 -2.52657735806922 -2.18418998466196 -1.5068128639239 -1.00572189503374 -0.856193597550459 -0.993750035708288 -1.33210085635561 -1.69983061710273 -2.00328166519568 -1.97235137301803 -1.79082639354647 -1.5598304554655 -1.29996849568315 -0.995376770937877 -0.633319540240764 -0.439047592676199 -0.503814941417474 -0.813539435761347 -1.46209664666049
-9999 -9999 -9999 -9999 -9999 -10.0137865570229 -4.86709182927969 -0.345709344691989 1 1 1 0.53249485982763 -0.313327240193374 -1.69223331379745 -4.20780553278558 -6.07711754433933 -6.6714848169841 -6.35900240449151 -5.82080449334688 -4.59733106745306 -3.93148284536933 -3.38997528780297 -3.3943261578677 -3.17957649635963 -2.77316470846608 -2.67888874642863 -2.75195187892829 -3.02384689899547 -3.23671222107696 -3.22646184907032 -3.33243348096197 -3.3202797367186 -3.39015496454842 -3.44102043809758 -3.23165352572863 -3.10988067635237 -2.47128820773396 -1.94159116254159 -1.55013430028763 -1.18018535182523 -0.959166774305047 -0.930932389825655 -1.19904824062826 -1.57047700362359 -1.95505429669041 -2.33971047857544 -2.18969354741562 -2.02357940180171 -1.8188156352309 -1.61586923496781 -1.42145962518309 -0.999660398430079 -0.782295785005478 -0.807439869909355 -1.12907761711827 -2.06042279882013
-9999 -9999 -9999 -9999 -9999 -8.51238157149675 -3.03538866587467 0.429218255844741 0.814540963978695 1 0.857476094534561 0.264664934226268 -0.557699570595997 -1.80759972750222 -3.95533434872862 -5.65736191551652 -6.17801147044822 -5.5726796042966 -4.82322517024008 -3.90891054309142 -3.17035401326459 -2.84874892162253 -2.7818300996608 -2.60413422162828 -2.48247928496497 -2.42612982594398 -2.28206864054604 -2.20187507591325 -2.16128339928469 -2.17121032299422 -2.26885713000359 -2.39020075398387 -2.58708487150933 -2.75136196968089 -2.85466954467421 -2.5876576036896 -2.16210555326285 -1.69533058501781 -1.40558572972858 -1.25790471416394 -1.0986007059325 -1.18963772886803 -1.43914825720517 -1.78394002419508 -2.14098115612971 -2.38578389860687 -2.39063824980884 -2.27071581277833 -2.11012371640621 -1.99129810754643 -1.80871119246641 -1.55736498717847 -1.38205749060139 -1.40866172799321 -1.63238505093023 -2.05606543025907
-9999 -9999 -9999 -9999 -9999 -9999 -2.21238553120684 0.644707731743557 0.83882187777598 1 0.632269879901429 0.32387571239436 -0.173873373753596 -1.54049365216686 -3.34309013487001 -5.21831338508214 -5.66544304726747 -4.9523783450696 -4.06077690814842 -3.34978676597043 -2.45678207091184 -2.56213243024512 -2.42249652645103 -2.11130646991791 -1.71341446321567 -1.43675507923085 -1.25622753235604 -1.13685908850949 -1.07086506978588 -1.08207657068528 -1.13881667048938 -1.25890750740566 -1.40130256103689 -1.53298739229261 -1.72152812886007 -1.93331842343537 -2.02414776730599 -1.89084513001625 -1.64794197556934 -1.58334662569648 -1.44360792033218 -1.55217714407636 -1.76081093908611 -2.02767174785443 -2.34544658055571 -2.56245198568434 -2.58966582733137 -2.55468976969822 -2.4672545946097 -2.34200117655068 -2.13972745310434 -1.86713565204424 -1.70635671332213 -1.59058523474095 -1.5284652515677 -1.64233118244197
-9999 -9999 -9999 -9999 -9999 -9999 -4.0022780981711 0.320919076958829 0.678622952138847 0.964663072437552 0.270353688529394 0.781670749478524 1 0.731515974669157 -0.851542812606634 -3.71075848579583 -5.24460316172169 -4.3762589635283 -3.76194773184992 -3.11907093663264 -2.32233601448107 -2.13779619842292 -1.928611524273 -1.50826890524567 -1.10099839526452 -0.824086472255365 -0.617934065071438 -0.445716143086759 -0.379473722581365 -0.406147073568715 -0.501721005962414 -0.557496058359825 -0.641339220986581 -0.75649910931432 -0.906766121448286 -1.09935640603507 -1.24140662586684 -1.46819522404678 -1.72666024857863 -1.77257913589003 -1.85140563451927 -1.80332787767186 -1.87619712915353 -1.97819452048461 -1.97826581707958 -1.99090370815171 -1.89371512013703 -1.78923175383801 -1.69303470184921 -1.5674886253639 -1.44524512426266 -1.21472261600612 -1.07859318274003 -1.00456003016894 -0.968689481677265 -1.00666647011535
-9999 -9999 -9999 -9999 -9999 -9999 -9.3566795860123 -1.52891036108458 0.667059100810523 1 0.577176251754184 1 1 1 0.640374703728696 -0.977192755723488 -3.65717190572308 -4.17776795501987 -3.75380199869353 -2.77552909722584 -1.81119139243297 -1.49890929646849 -1.4017225767911 -1.16311185116269 -0.658619153684879 -0.424884677139327 -0.177021784177097 -0.0126681930291339 0.0880249964905128 0.0954433867250913 -0.0170712954722627 -0.0128751330322128 -0.0674240184047248 -0.156269403392766 -0.286863141434751 -0.500382869616178 -0.628595954717594 -0.848980150226554 -0.85032630820718 -0.828917099822015 -0.992577728621706 -0.919684389754124 -0.992034755159611 -1.04706591691183 -0.958723302173667 -1.03858391159154 -0.92800508324659 -0.938708910754904 -0.908780818342024 -0.82436996551263 -0.892698773939671 -0.621949461062575 -0.574187669477989 -0.545692936722508 -0.524254426454752 -0.648325214817864
-9999 -9999 -9999 -9999 -9999 -9999 -9999 -9999 -4.47691928305076 0.229297158791788 0.771850586512564 0.688355190499435 1 0.8047461855468 0.88267615492668 0.19931959504841 -2.85781548528403 -4.7788938342008 -4.27600496873448 -2.62613476591284 -1.23425114119723 -1.02931350608522 -1.1176528181755 -0.909067022711253 -0.580860869612914 -0.201087240853443 0.00222320435868073 0.179109897845298 0.3022265605705 0.365192030330566 0.352028478770886 0.349514758586179 0.342469213465255 0.266847730216547 0.13193256218184 -0.0536857485851852 -0.201088342077852 -0.319683567554722 -0.304681576723918 -0.322500616820531 -0.363888574129621 -0.387636555796705 -0.405130379140652 -0.412496368507927 -0.39754739402513 -0.38875670385218 -0.356268437485497 -0.329404195255411 -0.335694219920225 -0.357088190290817 -0.342644785011868 -0.264865234333391 -0.219666865960079 -0.250198998179252 -0.334417950220218 -0.50277591521956
-9999 -9999 -9999 -9999 -9999 -9999 -9999 -9999 -10.685785911673 -1.06881695334802 1 0.171725296218086 0.588825722197904 0.577187654235556 0.420945565484571 0.285323407401076 -1.68271461302639 -4.31948985503999 -4.13351732058572 -2.09531007609856 -0.817231041737648 -0.670637763093584 -0.868235945898676 -0.667442334614588 -0.34035906617867 -0.107952025535465 0.101605252356136 0.246948621199834 0.406020764814869 0.540294819795434 0.551085756421046 0.586771837725336 0.580627338562382 0.53033415849475 0.427999304676977 0.255795469373819 0.134437501464614 0.0154349077684143 0.0591903727378952 0.102926042939734 0.0586238447729777 0.0796059071621814 0.0403173311713554 0.0260871640287086 0.066031363495223 0.0460990432092259 0.0969411263021864 0.0813075573638256 0.029732819255842 -0.0144082985083518 -0.120713304110707 -0.0834148188874746 -0.0901755077964128 -0.134589015400429 -0.227724376633058 -0.432639856816314
-9999 -9999 -9999 -9999 -9999 -9999 -9999 -9999 -9999 -2.43178811893523 0.067220999700879 -0.0418326086094281 -0.520163399984104 -0.498444065743062 0.42394287812182 0.274094348090313 -1.22268225893188 -2.9023954451581 -3.08942927789143 -1.78950977535134 -0.526289592399681 -0.449296629066997 -0.711055048045434 -0.524709238663041 -0.178583366777903 0.0136558644714948 0.138674403626628 0.260342663924455 0.419204770516495 0.56360660674969 0.647769130903405 0.699492540578106 0.728803239285551 0.691642492339752 0.60952364864028 0.475859890774535 0.383056513073508 0.279047176822746 0.223714465311497 0.252280813907659 0.280485568463064 0.287951932458953 0.304761342998834 0.310197499205595 0.291776142843474 0.303838110649146 0.320617908147879 0.294517940046339 0.198032397639587 0.0353718107346124 -0.118823588479046 -0.190824098748167 -0.222442954348686 -0.250532626632743 -0.239058310857363 -0.309121445550785
-9999 -9999 -9999 -9999 -9999 -9999 -9999 -9999 -9999 -9999 -0.41297002746188 -2.073452973745 -1.35775353993812 -0.976412308443526 0.169137294299982 0.0392270855938583 -0.537761486284267 -1.41338821731993 -1.83786282139887 -1.00933866348881 -0.249635825977232 -0.221161816427201 -0.491824270929172 -0.393491361056698 -0.0096395946186707 0.159261437948787 0.258111406496795 0.299307289019949 0.418566645809533 0.586157334519295 0.68906018507199 0.765981199582937 0.798495923810561 0.792280908027448 0.745334641105125 0.64146693114091 0.571506111809494 0.493993447138921 0.416091856530826 0.340278608056461 0.391415591923412 0.421745701127885 0.42970948461996 0.448546311176374 0.480223551790248 0.493213225516922 0.501174034519833 0.432313088804189 0.299402099560386 0.142071381311864 -0.0782272946140545 -0.218632426698978 -0.343537491856153 -0.334864491748918 -0.191116719343537 -0.189214440930513
-9999 -9999 -9999 -9999 -9999 -9999 -9999 -9999 -9999 -9999 -9999 -6.25410655940921 -1.34811240729784 -0.923449639869415 -0.586519365019035 -0.266105057427812 -0.256996922971793 -0.2278063318499 -0.666544929685547 -0.374698998389162 -0.155934718738118 -0.138309235774233 -0.214672650740607 -0.168111585829463 0.0744006465467933 0.205695942374444 0.273477386429348 0.364836421599893 0.441625717226655 0.564784969520852 0.664245326335655 0.747435418354201 0.806214446584981 0.828831259266014 0.821223834128525 0.750189730893964 0.69933776654493 0.654057409869754 0.595350921883534 0.534383790836618 0.469734685608362 0.423465816496888 0.442519778609795 0.488904442544665 0.52551587448804 0.558070944009929 0.566421663832571 0.529351266040435 0.415039827195735 0.237001562921318 -0.00278054264957706 -0.152641458244273 -0.240807400542625 -0.24897805237169 -0.152600256081471 -0.0990224677926002
