meets/meet006/_saidas_enm/CCSM_Maxent_0k_T_subalaris4.asc
NCOLS 154 
NROWS 168 
XLLCORNER -112 
YLLCORNER -55.5 
CELLSIZE 0.5 
NODATA_value -9999 
[rows 96 to 119 of 168, columns 56 to 111 of 154]
-9999 -9999 -9999 -9999 -9999 -9999 -9999 -9999 -9999 -9999 -9999 -9999 -9999 -9999 -9999 -9999 -9999 -9999 -9999 -9999 -9999 -9999 -9999 -9999 -9999 -9999 -9999 -9999 0.00432225922122598 0.00986623298376799 0.0735076665878296 0.19340468943119 0.196627542376518 0.182047799229622 0.0334292612969875 0.0374303683638573 0.0200461726635695 0.0183079000562429 0.0221662279218435 0.0399859547615051 0.072877049446106 0.340162962675095 0.0617488920688629 0.0612587593495846 0.0652323588728905 0.122761629521847 0.133014753460884 0.138000726699829 0.138893008232117 0.13358299434185 0.132545188069344 0.137133926153183 0.144693419337273 0.149828851222992 0.151983827352524 0.152625352144241
-9999 -9999 -9999 -9999 -9999 -9999 -9999 -9999 -9999 -9999 -9999 -9999 -9999 -9999 -9999 -9999 -9999 -9999 -9999 -9999 -9999 -9999 -9999 -9999 -9999 -9999 -9999 -9999 0.00383952492848039 0.010606462135911 0.067610003054142 0.239138796925545 0.192892014980316 0.176312893629074 0.0339631214737892 0.0383309721946716 0.0201709140092134 0.0169723480939865 0.0202551875263453 0.0367260910570621 0.0907130166888237 0.427395761013031 0.055824737995863 0.0543932393193245 0.0566269271075726 0.0575294457376003 0.126336991786957 0.138083443045616 0.140840426087379 0.134547680616379 0.13021357357502 0.137852936983109 0.145445480942726 0.149183973670006 0.150116682052612 0.152009814977646
-9999 -9999 -9999 -9999 -9999 -9999 -9999 -9999 -9999 -9999 -9999 -9999 -9999 -9999 -9999 -9999 -9999 -9999 -9999 -9999 -9999 -9999 -9999 -9999 -9999 -9999 -9999 -9999 0.0039562564343214 0.013590513728559 0.132120549678802 0.243474632501602 0.191315606236458 0.174078688025475 0.031813457608223 0.0348621346056461 0.0183496531099081 0.0171653889119625 0.0231499392539263 0.0343382619321346 0.0808897539973259 0.386802345514297 0.0858864933252335 0.0817684754729271 0.0733119025826454 0.0791966840624809 0.117105275392532 0.125595957040787 0.131726890802383 0.135620713233948 0.138449728488922 0.141082167625427 0.143648624420166 0.145509853959084 0.147660434246063 0.150194153189659
-9999 -9999 -9999 -9999 -9999 -9999 -9999 -9999 -9999 -9999 -9999 -9999 -9999 -9999 -9999 -9999 -9999 -9999 -9999 -9999 -9999 -9999 -9999 -9999 -9999 -9999 -9999 -9999 0.00398247502744198 0.015887213870883 0.18017615377903 0.235125735402107 0.184526532888412 0.0280845928937197 0.0296047311276197 0.0180818568915129 0.0179676823318005 0.0199085474014282 0.0269561838358641 0.0373322069644928 0.0734865590929985 0.3656045794487 0.0814728811383247 0.0742583274841309 0.0634883865714073 0.0636943951249123 0.0919305458664894 0.11973163485527 0.12170735001564 0.136036232113838 0.145765528082848 0.142612338066101 0.140024125576019 0.140970632433891 0.144492357969284 0.149855375289917
-9999 -9999 -9999 -9999 -9999 -9999 -9999 -9999 -9999 -9999 -9999 -9999 -9999 -9999 -9999 -9999 -9999 -9999 -9999 -9999 -9999 -9999 -9999 -9999 -9999 -9999 -9999 -9999 0.00410533556714654 0.0166486762464046 0.170975908637047 0.221791297197342 0.184367135167122 0.0287811327725649 0.0295187477022409 0.0339519307017326 0.0195855405181646 0.0230374149978161 0.0314466431736946 0.0788304060697556 0.0860829874873161 0.372685223817825 0.0831738114356995 0.0730195567011833 0.0167767722159624 0.0656213834881783 0.0987631306052208 0.132196187973022 0.133905529975891 0.133186146616936 0.135131672024727 0.136167854070663 0.136954888701439 0.139014929533005 0.142534464597702 0.146947890520096
-9999 -9999 -9999 -9999 -9999 -9999 -9999 -9999 -9999 -9999 -9999 -9999 -9999 -9999 -9999 -9999 -9999 -9999 -9999 -9999 -9999 -9999 -9999 -9999 -9999 -9999 -9999 -9999 0.00385350780561566 0.0164807885885239 0.249247491359711 0.20493358373642 0.153884530067444 0.0253207180649042 0.0313164852559566 0.0368608348071575 0.0232804678380489 0.0271809585392475 0.0381457693874836 0.0926714390516281 0.0904305130243301 0.38072207570076 0.0867267772555351 0.0198875349014997 0.0168078299611807 0.0175161864608526 0.106061838567257 0.134496405720711 0.138400435447693 0.13565120100975 0.124909549951553 0.130539119243622 0.133714988827705 0.13676093518734 0.139908120036125 0.143864706158638
-9999 -9999 -9999 -9999 -9999 -9999 -9999 -9999 -9999 -9999 -9999 -9999 -9999 -9999 -9999 -9999 -9999 -9999 -9999 -9999 -9999 -9999 -9999 -9999 -9999 -9999 -9999 0.00228441902436316 0.00358888995833695 0.0143501413986087 0.241612896323204 0.179558798670769 0.151199653744698 0.0277726240456104 0.033951710909605 0.0413096770644188 0.0276363026350737 0.0300306864082813 0.0516874119639397 0.107497967779636 0.097973920404911 0.391345381736755 0.0943397656083107 0.02109644562006 0.01674191839993 0.0177286732941866 0.0977231785655022 0.130931317806244 0.137660995125771 0.139279246330261 0.134320884943008 0.130963250994682 0.131345704197884 0.133613839745522 0.135157629847527 0.136547207832336
-9999 -9999 -9999 -9999 -9999 -9999 -9999 -9999 -9999 -9999 -9999 -9999 -9999 -9999 -9999 -9999 -9999 -9999 -9999 -9999 -9999 -9999 -9999 -9999 -9999 -9999 -9999 0.00217810249887407 0.00319745298475027 0.013485292904079 0.0626886337995529 0.158404871821404 0.147555008530617 0.177144110202789 0.036946278065443 0.0449842102825642 0.052402313798666 0.0314927324652672 0.0957816690206528 0.104315645992756 0.417871475219727 0.382447928190231 0.0900251865386963 0.0197058785706758 0.0154469031840563 0.0157677829265594 0.0225999262183905 0.126635044813156 0.13592030107975 0.138409405946732 0.139895424246788 0.13706162571907 0.135589927434921 0.132425159215927 0.0800994336605072 0.0803772434592247
-9999 -9999 -9999 -9999 -9999 -9999 -9999 -9999 -9999 -9999 -9999 -9999 -9999 -9999 -9999 -9999 -9999 -9999 -9999 -9999 -9999 -9999 -9999 -9999 -9999 -9999 -9999 0.00212546158581972 0.00292730098590255 0.0133138950914145 0.0459083020687103 0.143431678414345 0.14763805270195 0.191169172525406 0.0389713533222675 0.0473352447152138 0.0553955100476742 0.0326772332191467 0.0750007554888725 0.0902678892016411 0.389538526535034 0.355585604906082 0.0717394575476646 0.0159834306687117 0.0140934828668833 0.0141405798494816 0.0201437994837761 0.106447994709015 0.133978366851807 0.137231647968292 0.139347836375237 0.141726478934288 0.13864529132843 0.134845018386841 0.130132615566254 0.0712740644812584
-9999 -9999 -9999 -9999 -9999 -9999 -9999 -9999 -9999 -9999 -9999 -9999 -9999 -9999 -9999 -9999 -9999 -9999 -9999 -9999 -9999 -9999 -9999 -9999 -9999 -9999 -9999 0.00223443610593677 0.00327684148214757 0.014483492821455 0.0326783172786236 0.0309746135026217 0.145085677504539 0.190263867378235 0.0387127175927162 0.0467921979725361 0.0327025763690472 0.028723131865263 0.063562199473381 0.0805378183722496 0.368705928325653 0.335599422454834 0.0165301989763975 0.0145079884678125 0.0142563581466675 0.01536984462291 0.0217590890824795 0.0297088176012039 0.131379753351212 0.137744382023811 0.140025362372398 0.142079621553421 0.140773668885231 0.131412282586098 0.128114372491837 0.122960992157459
-9999 -9999 -9999 -9999 -9999 -9999 -9999 -9999 -9999 -9999 -9999 -9999 -9999 -9999 -9999 -9999 -9999 -9999 -9999 -9999 -9999 -9999 -9999 -9999 -9999 -9999 -9999 0.0033404678106308 0.00451807025820017 0.0166848637163639 0.0243109595030546 0.024175314232707 0.139927759766579 0.187835618853569 0.0372802019119263 0.0431576482951641 0.0302428603172302 0.0335923880338669 0.07076396048069 0.0825898125767708 0.380941092967987 0.328703761100769 0.0156731605529785 0.0144657315686345 0.0163637530058622 0.0219185501337051 0.0258214343339205 0.0337859988212585 0.130307272076607 0.138987958431244 0.142493486404419 0.143454402685165 0.14412747323513 0.140117198228836 0.135739624500275 0.137637123465538
-9999 -9999 -9999 -9999 -9999 -9999 -9999 -9999 -9999 -9999 -9999 -9999 -9999 -9999 -9999 -9999 -9999 -9999 -9999 -9999 -9999 -9999 -9999 -9999 -9999 -9999 -9999 0.00580005068331957 0.00643087783828378 0.0257073100656271 0.0168155822902918 0.0178397987037897 0.128798887133598 0.0301057118922472 0.0361419506371021 0.0243937578052282 0.0297790635377169 0.0682733282446861 0.0827329605817795 0.0855470225214958 0.378314852714539 0.323350191116333 0.08369430154562 0.013660479336977 0.0157706867903471 0.0208893101662397 0.0247686430811882 0.0317903384566307 0.128346279263496 0.139405652880669 0.142862811684608 0.144314661622047 0.144681110978127 0.144497528672218 0.145790100097656 0.150135517120361
-9999 -9999 -9999 -9999 -9999 -9999 -9999 -9999 -9999 -9999 -9999 -9999 -9999 -9999 -9999 -9999 -9999 -9999 -9999 -9999 -9999 -9999 -9999 -9999 -9999 -9999 -9999 0.0099048288539052 0.0102277798578143 0.0217426978051662 0.0100187165662646 0.012229323387146 0.110167875885963 0.0284583400934935 0.0363734401762486 0.02467055991292 0.0341018065810204 0.0933863446116447 0.0995471552014351 0.0921236723661423 0.36078867316246 0.308295220136642 0.0756761729717255 0.0701223462820053 0.0129033122211695 0.0142871607095003 0.0194190982729197 0.0250050127506256 0.117280222475529 0.138074114918709 0.142082422971725 0.143732815980911 0.144954085350037 0.146157816052437 0.149061843752861 0.524951577186584
-9999 -9999 -9999 -9999 -9999 -9999 -9999 -9999 -9999 -9999 -9999 -9999 -9999 -9999 -9999 -9999 -9999 -9999 -9999 -9999 -9999 -9999 -9999 -9999 -9999 -9999 -9999 0.0145582668483257 0.0138331986963749 0.0180001389235258 0.00845898035913706 0.0101415133103728 0.105993315577507 0.0290497168898582 0.0391753874719143 0.0275327041745186 0.0758950039744377 0.120548315346241 0.137939244508743 0.108644314110279 0.367528319358826 0.296491682529449 0.072442002594471 0.0665501356124878 0.0693686231970787 0.0767842084169388 0.0982111990451813 0.124411754310131 0.158633053302765 0.49014601111412 0.503759920597076 0.508813738822937 0.512373685836792 0.516497790813446 0.521972358226776 0.526662349700928
-9999 -9999 -9999 -9999 -9999 -9999 -9999 -9999 -9999 -9999 -9999 -9999 -9999 -9999 -9999 -9999 -9999 -9999 -9999 -9999 -9999 -9999 -9999 -9999 -9999 -9999 0.0345959886908531 0.0288709681481123 0.0249724164605141 0.0145429726690054 0.00660779094323516 0.00934040360152721 0.101662188768387 0.0306682866066694 0.0443880669772625 0.0530807338654995 0.0915526151657104 0.135755270719528 0.143795892596245 0.131449460983276 0.368332326412201 0.096889354288578 0.0747431442141533 0.0691588521003723 0.0746847987174988 0.0841122940182686 0.10321718454361 0.129991754889488 0.159665331244469 0.473678231239319 0.501943528652191 0.507754981517792 0.513207018375397 0.517945349216461 0.52349865436554 0.528172671794891
-9999 -9999 -9999 -9999 -9999 -9999 -9999 -9999 -9999 -9999 -9999 -9999 -9999 -9999 -9999 -9999 -9999 -9999 -9999 -9999 -9999 -9999 -9999 -9999 -9999 -9999 0.0324293412268162 0.0274418983608484 0.0237406548112631 0.0101586850360036 0.00802008341997862 0.0122240073978901 0.103599466383457 0.0325873829424381 0.0536670386791229 0.0723848789930344 0.104613855481148 0.14371694624424 0.143775686621666 0.51983380317688 0.411611378192902 0.102619506418705 0.0838815122842789 0.0790165364742279 0.084236167371273 0.0944316163659096 0.11133236438036 0.132087469100952 0.156406819820404 0.463825285434723 0.499485373497009 0.508692264556885 0.51436322927475 0.519347190856934 0.52490758895874 0.529313504695892
-9999 -9999 -9999 -9999 -9999 -9999 -9999 -9999 -9999 -9999 -9999 -9999 -9999 -9999 -9999 -9999 -9999 -9999 -9999 -9999 -9999 -9999 -9999 -9999 -9999 -9999 0.0294434726238251 0.0234935712069273 0.0195110384374857 0.00738767394796014 0.00934449583292007 0.0166674572974443 0.115883596241474 0.0421945378184319 0.0714642256498337 0.0926830098032951 0.12149852514267 0.143998757004738 0.533673942089081 0.504473686218262 0.160881668329239 0.12193114310503 0.100872509181499 0.0960013940930367 0.102989666163921 0.107154004275799 0.123280912637711 0.135862424969673 0.151642590761185 0.177009284496307 0.493648290634155 0.509284198284149 0.515373528003693 0.520494103431702 0.526029109954834 0.530467927455902
-9999 -9999 -9999 -9999 -9999 -9999 -9999 -9999 -9999 -9999 -9999 -9999 -9999 -9999 -9999 -9999 -9999 -9999 -9999 -9999 -9999 -9999 -9999 -9999 -9999 -9999 0.0265567656606436 0.0197944082319736 0.0130585767328739 0.00826228503137827 0.0134296510368586 0.0244985781610012 0.216313526034355 0.0746253281831741 0.0913509204983711 0.113979756832123 0.140493020415306 0.539880216121674 0.510670840740204 0.491184532642365 0.162678182125092 0.145385697484016 0.130994021892548 0.127703011035919 0.142146423459053 0.14776299893856 0.150496080517769 0.141360029578209 0.147196412086487 0.167705401778221 0.483716458082199 0.505804121494293 0.516461610794067 0.521682977676392 0.526936829090118 0.531525015830994
-9999 -9999 -9999 -9999 -9999 -9999 -9999 -9999 -9999 -9999 -9999 -9999 -9999 -9999 -9999 -9999 -9999 -9999 -9999 -9999 -9999 -9999 -9999 -9999 -9999 0.0359135381877422 0.0240883026272058 0.0166522469371557 0.0092424564063549 0.00988253019750118 0.018053324893117 0.167394831776619 0.36263170838356 0.096589058637619 0.113195657730103 0.138115122914314 0.542796790599823 0.514871001243591 0.490393787622452 0.164725884795189 0.147869169712067 0.141252219676971 0.138059064745903 0.13928048312664 0.144149720668793 0.148337692022324 0.154571503400803 0.147431597113609 0.141381904482841 0.160398349165916 0.18492428958416 0.496140956878662 0.515102088451385 0.52258837223053 0.527925968170166 0.532482147216797
-9999 -9999 -9999 -9999 -9999 -9999 -9999 -9999 -9999 -9999 -9999 -9999 -9999 -9999 -9999 -9999 -9999 -9999 -9999 -9999 -9999 -9999 -9999 -9999 -9999 0.0334770381450653 0.0224810093641281 0.0131482053548098 0.00748864049091935 0.0122194243595004 0.0291303116828203 0.250135183334351 0.403984546661377 0.465109676122665 0.503156900405884 0.531772613525391 0.518121957778931 0.497583329677582 0.163575738668442 0.148362964391708 0.140159532427788 0.137213408946991 0.136654958128929 0.138513833284378 0.143230587244034 0.148452028632164 0.154654622077942 0.155326932668686 0.144344910979271 0.157365053892136 0.184368714690208 0.196548461914062 0.503382563591003 0.517568647861481 0.527337789535522 0.532324075698853
-9999 -9999 -9999 -9999 -9999 -9999 -9999 -9999 -9999 -9999 -9999 -9999 -9999 -9999 -9999 -9999 -9999 -9999 -9999 -9999 -9999 -9999 -9999 -9999 -9999 0.0321428850293159 0.0222033597528934 0.00918913073837757 0.00797818507999182 0.0159182213246822 0.0442044250667095 0.325921088457108 0.433954656124115 0.48695433139801 0.51130747795105 0.506570875644684 0.489535599946976 0.164643719792366 0.146614253520966 0.13987934589386 0.135508120059967 0.135543003678322 0.135049074888229 0.136883929371834 0.142686367034912 0.148240387439728 0.153278276324272 0.147861376404762 0.140513449907303 0.15559858083725 0.181899413466454 0.190300405025482 0.199210807681084 0.504625797271729 0.518318831920624 0.530082941055298
-9999 -9999 -9999 -9999 -9999 -9999 -9999 -9999 -9999 -9999 -9999 -9999 -9999 -9999 -9999 -9999 -9999 -9999 -9999 -9999 -9999 -9999 -9999 -9999 -9999 0.0326933972537518 0.0227880720049143 0.0113983089104295 0.0091326953843236 0.0217367094010115 0.226710364222527 0.375349998474121 0.451674044132233 0.49845090508461 0.491195410490036 0.178617909550667 0.164305701851845 0.151791825890541 0.142872616648674 0.14078688621521 0.139885619282722 0.137587159872055 0.134531259536743 0.129467040300369 0.139856040477753 0.145531415939331 0.146060988306999 0.136990919709206 0.138594314455986 0.150854840874672 0.169766962528229 0.184539213776588 0.192446708679199 0.199949741363525 0.505347788333893 0.516642928123474
-9999 -9999 -9999 -9999 -9999 -9999 -9999 -9999 -9999 -9999 -9999 -9999 -9999 -9999 -9999 -9999 -9999 -9999 -9999 -9999 -9999 -9999 -9999 -9999 -9999 0.0352787524461746 0.024367168545723 0.0140092317014933 0.0114175584167242 0.0307331494987011 0.296213269233704 0.391286253929138 0.461873233318329 0.181180492043495 0.167621061205864 0.15397846698761 0.147099778056145 0.133897244930267 0.133667841553688 0.141681626439095 0.143540501594543 0.139064908027649 0.118168525397778 0.100273229181767 0.102481469511986 0.102824375033379 0.115744739770889 0.123521126806736 0.132008761167526 0.144497558474541 0.157873779535294 0.175452291965485 0.185524091124535 0.192246526479721 0.199531614780426 0.206294342875481
-9999 -9999 -9999 -9999 -9999 -9999 -9999 -9999 -9999 -9999 -9999 -9999 -9999 -9999 -9999 -9999 -9999 -9999 -9999 -9999 -9999 -9999 -9999 -9999 -9999 0.035899680107832 0.0252331271767616 0.0182555429637432 0.0149677749723196 0.0340600870549679 0.2912338078022 0.399539411067963 0.171097606420517 0.168476283550262 0.1573386490345 0.148845031857491 0.134202182292938 0.122011691331863 0.120992638170719 0.130783647298813 0.141654208302498 0.138154372572899 0.0966554060578346 0.0795168951153755 0.0843870118260384 0.0952110141515732 0.104163229465485 0.113072283565998 0.123988762497902 0.135980069637299 0.149120032787323 0.165179178118706 0.178506076335907 0.184352606534958 0.191035360097885 0.19698740541935
