meets/meet006/_saidas_enm/CCSM_Maha_0k_T_nigriceps4.asc
NCOLS 154 
NROWS 168 
XLLCORNER -112 
YLLCORNER -55.5 
CELLSIZE 0.5 
NODATA_value -9999 
[rows 100 to 124 of 168, columns 56 to 111 of 154]
-9999 -9999 -9999 -9999 -9999 -9999 -9999 -9999 -9999 -9999 -9999 -9999 -9999 -9999 -9999 -9999 -9999 -9999 -9999 -9999 -9999 -9999 -9999 -9999 -9999 -9999 -9999 -9999 -5.28185420838504 -3.80313869535969 -7.65574888422557 -13.0398812327356 -19.699271567059 -21.5361900058119 -15.5113068484032 -6.32533953227712 -0.508963564576651 0.566800938515694 0.897250856322352 0.69984931460712 0.893907684488742 0.458131508903612 0.722360510576491 -0.131237565087159 -0.267538402685336 -0.157365775605194 0.472423324300267 0.768310796570999 0.745650286497575 0.793383505623034 0.842630423669463 0.830506822198568 0.861492532579576 0.881025067849298 0.792996082929482 0.56319285124515
-9999 -9999 -9999 -9999 -9999 -9999 -9999 -9999 -9999 -9999 -9999 -9999 -9999 -9999 -9999 -9999 -9999 -9999 -9999 -9999 -9999 -9999 -9999 -9999 -9999 -9999 -9999 -9999 -5.90090090399193 -4.91988781203158 -9.74231622039665 -14.5442215228155 -18.8451398193199 -19.1394575356345 -12.7507102204886 -4.95676025363033 0.196977247279517 0.804671611661164 1 0.87165542841626 1 0.0201168580224474 0.41915554012086 -0.328603299357677 -0.50962363411669 -0.452884038441407 0.317959828071949 0.463730559903633 0.495215225293491 0.895359420819211 0.974207418565369 1 0.990349028242954 0.947718981101083 0.815929453353371 0.428049301547058
-9999 -9999 -9999 -9999 -9999 -9999 -9999 -9999 -9999 -9999 -9999 -9999 -9999 -9999 -9999 -9999 -9999 -9999 -9999 -9999 -9999 -9999 -9999 -9999 -9999 -9999 -9999 -11.8070424020219 -6.71141407602754 -5.94616136360462 -10.6632624095417 -15.2103059641775 -17.6363904558019 -16.3860679898404 -10.5521585475619 -3.10554760999836 0.541410898140583 0.734056649876013 0.852576881336585 1 0.923642487184759 -0.263387260819729 0.0911964899045754 -0.51460837920538 -0.421690140646272 -0.215365680809177 -0.00871897619525597 0.44771027496189 0.615181941572585 0.797670587925748 0.899645113318468 0.963128591713262 0.987448880682277 0.961828150780556 0.815889193199801 0.531816693918419
-9999 -9999 -9999 -9999 -9999 -9999 -9999 -9999 -9999 -9999 -9999 -9999 -9999 -9999 -9999 -9999 -9999 -9999 -9999 -9999 -9999 -9999 -9999 -9999 -9999 -9999 -9999 -12.0061473031299 -6.69063737022939 -6.99022252480824 -12.147340896206 -16.698591198703 -17.503950584187 -14.946857201697 -8.62766902435544 -1.95369061818272 0.634655710663547 0.722514286801634 1 0.949984775759659 0.824748391616661 -0.362414028141893 -0.0794646905961973 -0.432193553046846 -0.212477783669401 -0.0363400782435583 -0.0453375608237132 0.120970569120699 0.423119945828582 0.525690964949687 0.62802519321434 0.759817749135097 0.864922146683583 0.852524268740499 0.649557274515318 0.38330527191887
-9999 -9999 -9999 -9999 -9999 -9999 -9999 -9999 -9999 -9999 -9999 -9999 -9999 -9999 -9999 -9999 -9999 -9999 -9999 -9999 -9999 -9999 -9999 -9999 -9999 -9999 -9999 -11.4283090886071 -6.32197933538717 -8.80250757020927 -14.236738966965 -18.9456783548477 -19.0772482386296 -14.6412411756844 -7.25304940880167 -0.815471982534462 0.697738809975955 1 1 0.933321295902928 0.785032564719357 -0.282908282194912 -0.0228684760734086 -0.119000978227404 -0.07744824983307 0.0635885813853514 0.0969662923124123 -0.0159164927757136 -0.125622084538321 0.0324868244691537 0.103565080154532 0.307231692061107 0.38629355239734 0.368433294248492 0.260439259981801 0.480192309083422
-9999 -9999 -9999 -9999 -9999 -9999 -9999 -9999 -9999 -9999 -9999 -9999 -9999 -9999 -9999 -9999 -9999 -9999 -9999 -9999 -9999 -9999 -9999 -9999 -9999 -9999 -9999 -10.4594285833161 -6.35445837881871 -11.7981190610005 -17.5562741371179 -23.0588826006093 -22.0049066444951 -15.6377703395092 -6.24455670308157 0.0830847791052602 1 1 1 1 0.691844886895826 -0.251253152519908 -0.147162573741656 -0.0298313439965676 0.0775410598742784 0.209806414739708 0.202533876968807 0.0875734766600464 -0.0489442153550381 -0.0940912525561539 0.0536255881435346 0.0174224420424645 0.0278227738561071 0.200942880984209 0.345498026152767 0.578081964361073
-9999 -9999 -9999 -9999 -9999 -9999 -9999 -9999 -9999 -9999 -9999 -9999 -9999 -9999 -9999 -9999 -9999 -9999 -9999 -9999 -9999 -9999 -9999 -9999 -9999 -9999 -9999 -9.69894442378918 -6.98518720846019 -14.8626231500317 -22.2002312618962 -27.8223663338622 -26.3678292442914 -17.2519457184109 -5.31826622975565 0.795167867924742 1 1 1 0.839908770927157 0.499886007088441 -0.168176382404794 -0.298154365489591 -0.0107956727343721 0.115617541626413 0.109973023881246 0.176896943674479 0.112269576256884 -0.0198614321752182 0.00905632070513407 -0.0343790207669974 0.294150379498838 0.515112530882661 0.542293602830154 0.507803193270749 0.613101764194709
-9999 -9999 -9999 -9999 -9999 -9999 -9999 -9999 -9999 -9999 -9999 -9999 -9999 -9999 -9999 -9999 -9999 -9999 -9999 -9999 -9999 -9999 -9999 -9999 -9999 -9999 -9999 -9.6501667325991 -8.60330762626712 -17.056200799955 -26.9107552389314 -32.4003826674588 -29.4279624693457 -17.9397638815275 -4.32057277083155 1 1 0.601766795023585 1 0.456810212952653 0.354776030973832 -0.143789925381871 -0.56782179887919 -0.086210608492808 0.144720007551551 0.232487345748346 0.359089178501669 0.347143290794024 0.268931598063036 0.210014949386603 0.190196340803353 0.567791343325394 0.821750803758684 0.884839349976714 0.843628504393956 0.763442447746855
-9999 -9999 -9999 -9999 -9999 -9999 -9999 -9999 -9999 -9999 -9999 -9999 -9999 -9999 -9999 -9999 -9999 -9999 -9999 -9999 -9999 -9999 -9999 -9999 -9999 -9999 -9999 -10.6155725212665 -10.5415442187844 -19.3235706664216 -31.6541964517301 -35.1588381679347 -31.1993340166504 -17.4973274351678 -2.86388723782652 0.714474714013515 0.721709313939257 1 1 0.279483598507224 0.184606167814256 -0.216982617799391 -0.60969296566769 -0.35756377175704 -0.0423141148316941 0.174762755870647 0.413061483068762 0.580858213591549 0.594805610694387 0.485869886598937 0.491106998099171 0.72885654559515 0.957606186297136 1 0.973032911142767 0.879481528177085
-9999 -9999 -9999 -9999 -9999 -9999 -9999 -9999 -9999 -9999 -9999 -9999 -9999 -9999 -9999 -9999 -9999 -9999 -9999 -9999 -9999 -9999 -9999 -9999 -9999 -9999 -9999 -12.8213332946628 -13.1949190168763 -20.1711857668246 -30.3383712215114 -33.0615069025809 -27.0956425238043 -13.507030803225 -1.17334228452371 0.611826716310351 0.557371011624885 0.59983622048359 0.689508437329428 0.0511270754659353 -0.11319264432631 -0.355872373664356 -0.563974856401284 -0.606234667564333 -0.305400682469152 -0.0794460398997765 0.237016178203946 0.428035460421952 0.522146271092079 0.544447346949839 0.596189374990243 0.759146306780805 0.876480975129291 0.969127074338266 1 0.964052897392567
-9999 -9999 -9999 -9999 -9999 -9999 -9999 -9999 -9999 -9999 -9999 -9999 -9999 -9999 -9999 -9999 -9999 -9999 -9999 -9999 -9999 -9999 -9999 -9999 -9999 -9999 -22.7007971096107 -14.0991475548919 -14.1692853244285 -20.0612099229023 -28.1070689181084 -28.136841536906 -21.5241524502269 -9.01447716713995 0.236280277776416 0.498645467487522 1 1 0.291990112201403 -0.584490081136415 -0.548285258115339 -0.653174963117104 -0.655820669423406 -0.844040780641362 -0.570142030101859 -0.306522758035873 -0.105029333002411 0.0744607706236634 0.186899956668346 0.327782882239473 0.483664312242942 0.636502019557864 0.815548995998371 0.901305271292019 0.924822058097318 0.881422746472015
-9999 -9999 -9999 -9999 -9999 -9999 -9999 -9999 -9999 -9999 -9999 -9999 -9999 -9999 -9999 -9999 -9999 -9999 -9999 -9999 -9999 -9999 -9999 -9999 -9999 -9999 -20.4130573006281 -13.8367785149447 -15.7487129974843 -19.4714178914313 -23.5269231179531 -22.3920007844157 -15.2298795124463 -5.08838614125066 0.592776401599177 0.42707995585392 1 0.733483930203363 -0.154011771433557 -1.17055239621274 -1.17432676858938 -1.04216270893061 -0.878419840961787 -0.93645581713922 -0.993461729515376 -0.765249543435911 -0.516318595182676 -0.290895741072499 -0.10299824319878 0.111808940087206 0.309778452031114 0.517627093971746 0.659097645283085 0.725383236927561 0.789088623661425 0.925510176033148
-9999 -9999 -9999 -9999 -9999 -9999 -9999 -9999 -9999 -9999 -9999 -9999 -9999 -9999 -9999 -9999 -9999 -9999 -9999 -9999 -9999 -9999 -9999 -9999 -9999 -9999 -17.0146578335986 -15.2011825777717 -17.4164319874197 -19.7866430572748 -21.8632670838983 -16.8698417596242 -10.5052744313107 -2.60386204684963 0.408834592800454 0.330915076418535 0.647513526610255 0.525712917629347 -0.264618782591561 -0.917979347437447 -0.931855405628941 -1.38275306780334 -1.37084768262966 -1.26221947144273 -1.33719640818648 -1.41186877458872 -1.04706446451134 -0.6339229954551 -0.394542586840248 -0.194481037604419 -0.0484902289842026 0.199076430437268 0.467864053304063 0.674505913932229 0.811121468753875 0.900479654244663
-9999 -9999 -9999 -9999 -9999 -9999 -9999 -9999 -9999 -9999 -9999 -9999 -9999 -9999 -9999 -9999 -9999 -9999 -9999 -9999 -9999 -9999 -9999 -9999 -9999 -9999 -14.0458052406263 -19.0745576506874 -21.6801415751413 -20.6049941776733 -16.9911216799059 -11.2687680992842 -4.8795263377091 -1.26270262793011 -0.908481686224837 0.0157513656641887 1 0.399914051131098 -0.554403809020432 -0.483183201549984 -0.323561533841371 -0.474366862097296 -0.77294284425178 -1.108080310359 -1.35579218761194 -1.69360679863805 -1.55579130016514 -1.00780707845139 -0.753033843555466 -0.576000437651196 -0.363952051926769 0.0120468105784434 0.351029055145736 0.543522084532546 0.657202064399115 0.693145164829629
-9999 -9999 -9999 -9999 -9999 -9999 -9999 -9999 -9999 -9999 -9999 -9999 -9999 -9999 -9999 -9999 -9999 -9999 -9999 -9999 -9999 -9999 -9999 -9999 -9999 -10.5595662496179 -13.3578162695328 -23.76188198439 -27.279207493002 -20.0437395934502 -13.5952878197349 -7.09178395475328 -2.59980462321944 -1.71586626364263 -1.87612983291791 -0.602341950406569 0.496866811381888 -0.0440996651634091 -0.397596552533749 -0.151541139800297 -0.145390667509077 -0.0355529738665885 -0.106036216889135 -0.275471388598097 -0.540686430339393 -0.785370277690127 -1.6143810349596 -1.46028424681357 -1.23238070837735 -0.823074059780681 -0.538483223610389 -0.255801275805873 0.0485946160824399 0.211371076467213 0.276888531969883 0.399200164783813
-9999 -9999 -9999 -9999 -9999 -9999 -9999 -9999 -9999 -9999 -9999 -9999 -9999 -9999 -9999 -9999 -9999 -9999 -9999 -9999 -9999 -9999 -9999 -9999 -9999 -10.4996390807268 -14.5173903654649 -21.9677416970929 -24.7210356110466 -18.682665637652 -10.3273355313668 -5.13768706472123 -3.01238560762378 -1.47619451165096 -0.888468331112259 -0.827559844121314 -0.170153103310126 0.245808702872721 0.0404590988250684 0.091278303029793 0.147321454157498 0.309793084648524 0.229025776271954 0.102917133684446 -0.0611381189205922 -0.379905634130247 -1.2495202878509 -2.06036084556204 -1.72144434814564 -1.27983312542998 -0.966037186403811 -0.661568677484674 -0.408786746360294 -0.085819295722019 0.231818858824042 0.449857765146122
-9999 -9999 -9999 -9999 -9999 -9999 -9999 -9999 -9999 -9999 -9999 -9999 -9999 -9999 -9999 -9999 -9999 -9999 -9999 -9999 -9999 -9999 -9999 -9999 -9999 -10.4022747173842 -14.4556992586917 -21.0795725015905 -22.0558919491529 -15.5503617233486 -8.39436563523876 -3.55150953965757 -1.00245115011826 -0.00298779636341173 -0.139742032102979 -0.628153344929786 0.183342605248885 0.70649094294548 0.653876376640165 0.726757623653133 0.574182711866823 0.618852958075446 0.42817612456573 0.231428127795861 0.112839443694413 -0.0677498694247207 -1.11845907830821 -2.37878725999477 -2.25265422966775 -1.80200209967524 -1.5314667839181 -0.923504727818367 -0.436459449310975 -0.125776235143394 0.180425109448571 0.385627105917222
-9999 -9999 -9999 -9999 -9999 -9999 -9999 -9999 -9999 -9999 -9999 -9999 -9999 -9999 -9999 -9999 -9999 -9999 -9999 -9999 -9999 -9999 -9999 -9999 -9999 -11.9360706862568 -14.6572604512332 -19.2459612926618 -18.9870957047295 -12.7937893728848 -5.59722879656004 -1.44247176545903 0.220973589198798 0.679000095395482 0.248669014187711 -0.130085817130398 0.331664685987692 0.82749806736665 0.787695379934718 0.954191868206999 1 0.851885891436971 0.379096246978816 -0.0548684542656128 -0.34626072183228 -0.775832427700786 -1.79112310006109 -2.6823108183158 -2.64591284021617 -1.72266716175596 -1.04962086192963 -0.457755325963309 0.00707347187201202 0.285807445075174 0.569228561299398 0.749170597761078
-9999 -9999 -9999 -9999 -9999 -9999 -9999 -9999 -9999 -9999 -9999 -9999 -9999 -9999 -9999 -9999 -9999 -9999 -9999 -9999 -9999 -9999 -9999 -9999 -9999 -13.087524221671 -14.0804681707154 -18.5022257600533 -17.385638742569 -10.4752241180313 -3.72988985539308 -0.209925572368065 0.769930337113771 0.810368895945293 0.458144593741959 0.160484989578249 0.593482281970377 0.946747848689793 1 1 0.890059089867882 0.655715519223129 -0.0868185611227721 -0.804878858031271 -1.39413672766938 -2.04869190569932 -2.60451754514992 -3.05082810998726 -2.39611328276892 -1.42202493184368 -0.819333447187222 -0.246143593923768 0.230010513255109 0.512778083974653 0.780614252025621 0.895089269194574
-9999 -9999 -9999 -9999 -9999 -9999 -9999 -9999 -9999 -9999 -9999 -9999 -9999 -9999 -9999 -9999 -9999 -9999 -9999 -9999 -9999 -9999 -9999 -9999 -9999 -13.7243136413753 -14.0873060990794 -18.1011635164892 -16.099035527755 -9.02986414677319 -2.30438552780748 0.412610147565686 0.923890332831657 0.853429929772509 0.529784833198337 0.257750917860481 0.582505995564179 0.956368578457925 1 1 0.938344115248946 0.431302644643378 -0.853602772021695 -1.73254152127473 -2.18314957544817 -2.51365633321448 -3.19670216567188 -3.07883734087103 -2.35460598865985 -1.46506857844926 -0.767080192656187 -0.180253329588197 0.270108875677337 0.510410446396006 0.739993484159444 0.858501210919481
-9999 -9999 -9999 -9999 -9999 -9999 -9999 -9999 -9999 -9999 -9999 -9999 -9999 -9999 -9999 -9999 -9999 -9999 -9999 -9999 -9999 -9999 -9999 -9999 -9999 -13.6321622465143 -13.5402725885013 -18.8329004752936 -16.5010727005345 -8.64165802189632 -1.8273920577392 0.684758855653683 0.910365754305024 0.914699253913791 0.814974677412 0.579167373825453 0.83493608886385 0.967186639406182 1 0.948486477508429 0.90544801241768 0.184794699027418 -1.43594139976542 -2.46716073803433 -2.74173499985901 -2.90179984510872 -3.43596237406987 -3.15644889714182 -2.46374493730598 -1.51485207431767 -0.934071364299162 -0.369077912383875 0.125429165363005 0.377815297021014 0.610702223355611 0.668509985936396
-9999 -9999 -9999 -9999 -9999 -9999 -9999 -9999 -9999 -9999 -9999 -9999 -9999 -9999 -9999 -9999 -9999 -9999 -9999 -9999 -9999 -9999 -9999 -9999 -9999 -13.7001793615005 -13.3470812107796 -20.1429648087012 -18.0116521369821 -9.62019108648782 -2.13258995168716 0.666575471125989 0.690245601058652 0.70544669456871 0.809167771971368 0.888866679336684 0.928064359942692 1 1 0.992048253020889 0.930502995022202 0.255142810356633 -1.4280204501222 -2.66192408243387 -2.94689535481444 -3.0439356912827 -3.56171319777468 -3.33021634060344 -2.61733340142945 -1.84289920037716 -1.2036786205714 -0.58031065542156 -0.106488931224864 0.142908164059701 0.328456783108632 0.528450372047477
-9999 -9999 -9999 -9999 -9999 -9999 -9999 -9999 -9999 -9999 -9999 -9999 -9999 -9999 -9999 -9999 -9999 -9999 -9999 -9999 -9999 -9999 -9999 -9999 -9999 -12.8791534513936 -12.4050857164274 -20.1113896651615 -19.5667335636843 -10.9146907121261 -3.18773573867372 0.202394520685359 0.608276729138996 0.329818504214342 0.624131505993776 0.889312231388082 0.967056272997799 0.994078154751388 1 0.97982446516083 0.973363752663222 0.454978995390473 -1.02575092903458 -2.22467839010672 -2.50377382167805 -2.5261799914485 -2.96481234873809 -3.56929718163441 -2.91433323465325 -2.07074208852351 -1.54490571621646 -1.01130258721552 -0.464380887312514 -0.219503081539497 0.135865097147351 0.344304716650505
-9999 -9999 -9999 -9999 -9999 -9999 -9999 -9999 -9999 -9999 -9999 -9999 -9999 -9999 -9999 -9999 -9999 -9999 -9999 -9999 -9999 -9999 -9999 -9999 -9999 -12.0752139107753 -12.140103157876 -19.5469202775533 -20.4389270938122 -12.4920135855416 -4.92911659788251 -0.720510693528978 0.526211420779542 0.269575123973567 0.682770314871141 0.912187110446143 0.968611891847084 0.976295388823315 0.978484174454925 0.971559118280525 0.979459082277047 0.609251537420782 -0.681172625966084 -1.65771656730044 -1.87287159341406 -1.85792527334018 -2.36568568023097 -3.19076435797471 -3.25838345259334 -2.46073350489438 -1.93708327041834 -1.45060199071914 -0.949610614944919 -0.553327057363494 -0.119477034191609 0.101620235682446
-9999 -9999 -9999 -9999 -9999 -9999 -9999 -9999 -9999 -9999 -9999 -9999 -9999 -9999 -9999 -9999 -9999 -9999 -9999 -9999 -9999 -9999 -9999 -9999 -20.7342790858404 -11.0529649023671 -11.2196915654563 -19.3636325890978 -22.2228456743881 -14.5436786838878 -6.66544392807389 -1.59192630372222 0.227612703638575 0.101475003101725 0.459755323133894 0.832241976589955 0.886462735564313 0.924847470957333 0.971605587193953 0.963972932612395 0.949844792995884 0.585431216459984 -0.349956397239699 -1.05544261261252 -1.2459036255261 -1.33431482267645 -1.85418307713449 -2.53808344208539 -2.93630921714933 -3.17857732012608 -2.46622175824373 -1.82888175034551 -1.29855993740519 -0.999001647363154 -0.81800640205662 -0.645699502963556
