meets/meet006/_saidas_enm/CCSM_Maxent_0k_T_nigriceps2.asc
NCOLS 154 
NROWS 168 
XLLCORNER -112 
YLLCORNER -55.5 
CELLSIZE 0.5 
NODATA_value -9999 
[rows 75 to 99 of 168, columns 55 to 109 of 154]
-9999 -9999 -9999 -9999 -9999 -9999 -9999 -9999 -9999 -9999 -9999 -9999 0.346972495317459 0.416308850049973 0.453911781311035 0.383968621492386 0.383746355772018 0.389452368021011 0.36265555024147 0.0727821812033653 0.0203301496803761 0.0150733981281519 0.0131393764168024 0.0120218778029084 0.0196613036096096 0.0204888917505741 0.0186401028186083 0.0183440744876862 0.0179748199880123 0.0227591022849083 0.0223975498229265 0.0218340959399939 0.0206441003829241 0.0202651042491198 0.0199692733585835 0.0235832873731852 0.0238995011895895 0.0243604760617018 0.0247596520930529 0.0250988397747278 0.0255997944623232 0.0262862592935562 0.0268783308565617 0.0281060505658388 0.0288982950150967 0.0218080207705498 0.0209586881101131 0.0209093224257231 0.0208496898412704 0.0206834934651852 0.0201252996921539 0.0198210459202528 0.0172450002282858 0.0170298721641302 0.0169518291950226
-9999 -9999 -9999 -9999 -9999 -9999 -9999 -9999 -9999 -9999 -9999 -9999 0.298504948616028 0.382645130157471 0.448618113994598 0.391525834798813 0.388800442218781 0.396598398685455 0.527776837348938 0.355131685733795 0.0975072160363197 0.0198551397770643 0.0147468028590083 0.013122565113008 0.0205006618052721 0.0239223968237638 0.0201273318380117 0.0180739648640156 0.0227586887776852 0.0220417473465204 0.0212426017969847 0.0189209412783384 0.0200549308210611 0.0185749083757401 0.0182858258485794 0.018248163163662 0.0185843985527754 0.0187897104769945 0.0191341042518616 0.0236014574766159 0.0245068408548832 0.0250146463513374 0.02519391477108 0.0255854371935129 0.0268418081104755 0.0274993348866701 0.0206306185573339 0.0198290534317493 0.0195591915398836 0.0193864144384861 0.0190130043774843 0.0165790002793074 0.0164299998432398 0.0160738304257393 0.0157984662801027
-9999 -9999 -9999 -9999 -9999 -9999 -9999 -9999 -9999 -9999 -9999 -9999 -9999 0.35618582367897 0.403414577245712 0.446470022201538 0.593754291534424 0.53639280796051 0.406810104846954 0.408456891775131 0.390922665596008 0.198659867048264 0.0807357653975487 0.0150559740141034 0.0126411188393831 0.0211140140891075 0.0272525772452354 0.0262081623077393 0.0247022286057472 0.0193437002599239 0.0184035450220108 0.0177255868911743 0.0167616326361895 0.0160103011876345 0.0151782622560859 0.0164506137371063 0.0166459660977125 0.0166657492518425 0.0169324744492769 0.0176089722663164 0.0183035861700773 0.0222831126302481 0.0223668850958347 0.0225751530379057 0.0232294518500566 0.0240352842956781 0.0256482269614935 0.0163845997303724 0.0161690451204777 0.0161723848432302 0.0158590450882912 0.0156143559142947 0.0153294950723648 0.0171772353351116 0.0199162065982819
-9999 -9999 -9999 -9999 -9999 -9999 -9999 -9999 -9999 -9999 -9999 -9999 -9999 0.295342296361923 0.369131714105606 0.568088173866272 0.562616407871246 0.520283460617065 0.522710084915161 0.542232990264893 0.40386176109314 0.418404519557953 0.324655681848526 0.0782931670546532 0.0140853133052588 0.0306314304471016 0.0305671412497759 0.0268713776022196 0.0278902798891068 0.0234414860606194 0.0190807301551104 0.0139021910727024 0.0131436130031943 0.0123540796339512 0.0141378277912736 0.0140411118045449 0.0135496677830815 0.0149861574172974 0.0149530693888664 0.0154376700520515 0.016020730137825 0.0162169933319092 0.0176371317356825 0.0175460930913687 0.0181336291134357 0.0192431882023811 0.0202204938977957 0.0157828237861395 0.0129535840824246 0.013013374991715 0.0128935044631362 0.0155583219602704 0.0149919735267758 0.017779927700758 0.0204291790723801
-9999 -9999 -9999 -9999 -9999 -9999 -9999 -9999 -9999 -9999 -9999 -9999 -9999 -9999 0.304346978664398 0.503266394138336 0.549428045749664 0.573960721492767 0.539488136768341 0.395904630422592 0.397087454795837 0.399930655956268 0.405092746019363 0.314406991004944 0.0133756492286921 0.0291089620441198 0.0267931055277586 0.0299286693334579 0.0143595524132252 0.0110419169068336 0.0148719912394881 0.0103926006704569 0.011507953517139 0.00943041872233152 0.0083047179505229 0.0108259068801999 0.0126449391245842 0.0121993888169527 0.0133772203698754 0.0137629387900233 0.0125920502468944 0.0130271967500448 0.013128099963069 0.0157652050256729 0.0164896808564663 0.0176460854709148 0.0190218724310398 0.0169369913637638 0.0128878457471728 0.0130801880732179 0.0151076847687364 0.0169400721788406 0.0194341652095318 0.0218799319118261 0.0240235980600119
-9999 -9999 -9999 -9999 -9999 -9999 -9999 -9999 -9999 -9999 -9999 -9999 -9999 -9999 0.371411323547363 0.473755478858948 0.525540113449097 0.581081509590149 0.212160333991051 0.188598990440369 0.388439059257507 0.37812003493309 0.412253260612488 0.492964565753937 0.256086677312851 0.132822647690773 0.0126875201240182 0.0157438032329082 0.0132285244762897 0.0132798999547958 0.010264677926898 0.0080084316432476 0.00549403112381697 0.00849124137312174 0.00974289700388908 0.00823218654841185 0.00978098157793283 0.0114519260823727 0.0114857759326696 0.0124558014795184 0.0114555936306715 0.0119350403547287 0.0121291438117623 0.0122804939746857 0.0155852921307087 0.0169400759041309 0.0185256712138653 0.0175063796341419 0.0148162906989455 0.0159446578472853 0.0179306138306856 0.0202344134449959 0.0221706610172987 0.0247204378247261 0.0269390977919102
-9999 -9999 -9999 -9999 -9999 -9999 -9999 -9999 -9999 -9999 -9999 -9999 -9999 -9999 -9999 0.435642570257187 0.501810908317566 0.629576146602631 0.20633639395237 0.141253352165222 0.16773396730423 0.38517901301384 0.403879702091217 0.424787789583206 0.61204594373703 0.536489188671112 0.239108428359032 0.130543440580368 0.0113262189552188 0.0126602035015821 0.0118854641914368 0.0119972610846162 0.0088292034342885 0.00662840995937586 0.00447511533275247 0.00734409084543586 0.00741317821666598 0.0065936241298914 0.0102029610425234 0.00938605424016714 0.0104278493672609 0.0110689392313361 0.011560345068574 0.0121051790192723 0.0128413056954741 0.0148390745744109 0.0175505504012108 0.0203575119376183 0.02310636267066 0.019093181937933 0.0216081794351339 0.0230274442583323 0.0255044028162956 0.0278377663344145 0.0295148063451052
-9999 -9999 -9999 -9999 -9999 -9999 -9999 -9999 -9999 -9999 -9999 -9999 -9999 -9999 -9999 0.410482585430145 0.461873948574066 0.409810423851013 0.302562952041626 0.139083370566368 0.133119374513626 0.271469265222549 0.374808490276337 0.540990233421326 0.541455090045929 0.550939798355103 0.540808856487274 0.548797130584717 0.0751117914915085 0.0146727729588747 0.0141887115314603 0.0134038524702191 0.0163122490048409 0.0123209999874234 0.00531960651278496 0.00473567564040422 0.0066538923420012 0.00792380422353745 0.00616631284356117 0.00992452725768089 0.00985783245414495 0.0103656565770507 0.0109930001199245 0.0117891943082213 0.0133960749953985 0.0158402137458324 0.0185441020876169 0.0213676579296589 0.0247534178197384 0.0278112273663282 0.0318652205169201 0.0260264314711094 0.0271486174315214 0.030054297298193 0.0316866338253021
-9999 -9999 -9999 -9999 -9999 -9999 -9999 -9999 -9999 -9999 -9999 -9999 -9999 -9999 -9999 -9999 0.301326096057892 0.364914029836655 0.437768578529358 0.226757526397705 0.119242019951344 0.0966240391135216 0.096146248281002 0.179557621479034 0.270271271467209 0.526551425457001 0.526791155338287 0.538387179374695 0.563475787639618 0.426860123872757 0.377651810646057 0.0687751471996307 0.0140993092209101 0.0169050935655832 0.00985078047960997 0.00494737224653363 0.00763191701844335 0.00857904274016619 0.00639273133128881 0.00916014052927494 0.0104264989495277 0.0107876332476735 0.0120457028970122 0.0113619789481163 0.0136276772245765 0.0162588749080896 0.0190917029976845 0.0224402137100697 0.026011323556304 0.0292104855179787 0.0330242328345776 0.0366994813084602 0.0300096217542887 0.0314068160951138 0.0335486605763435
-9999 -9999 -9999 -9999 -9999 -9999 -9999 -9999 -9999 -9999 -9999 -9999 -9999 -9999 -9999 -9999 0.15580627322197 0.353920251131058 0.379630655050278 0.395180642604828 0.136600986123085 0.0630197376012802 0.0431804396212101 0.0370136871933937 0.039993904531002 0.0781290307641029 0.100130118429661 0.273282647132874 0.503528654575348 0.554889738559723 0.411711812019348 0.537858963012695 0.153267383575439 0.0174572188407183 0.0145839024335146 0.0106746954843402 0.0106023913249373 0.00983148347586393 0.0195362195372581 0.00957869179546833 0.00941786449402571 0.00974470935761929 0.0109880408272147 0.0110415266826749 0.0136650810018182 0.0164720416069031 0.0192061141133308 0.0228841602802277 0.026683496311307 0.0302947498857975 0.0346782468259335 0.0376203693449497 0.0409656912088394 0.0331844314932823 0.0353964380919933
-9999 -9999 -9999 -9999 -9999 -9999 -9999 -9999 -9999 -9999 -9999 -9999 -9999 -9999 -9999 -9999 0.0230898801237345 0.164764791727066 0.372638821601868 0.375092417001724 0.279400408267975 0.100703857839108 0.0488049909472466 0.0417911075055599 0.029093898832798 0.0352546088397503 0.0436067916452885 0.0792838335037231 0.136129289865494 0.181672185659409 0.393819481134415 0.393986791372299 0.515260338783264 0.0698308870196342 0.0142753161489964 0.0142268128693104 0.0109846014529467 0.00764579046517611 0.0114647066220641 0.0106442021206021 0.00916225370019674 0.00916500110179186 0.0105156227946281 0.0108678760007024 0.0133319292217493 0.0164941940456629 0.0192533116787672 0.0226897615939379 0.0266591217368841 0.0299463793635368 0.0337685719132423 0.0445842519402504 0.0467689894139767 0.0500603690743446 0.0413674265146255
-9999 -9999 -9999 -9999 -9999 -9999 -9999 -9999 -9999 -9999 -9999 -9999 -9999 -9999 -9999 -9999 -9999 0.0464045703411102 0.0518419221043587 0.362259060144424 0.341035425662994 0.207992598414421 0.117986239492893 0.0369336530566216 0.0379789881408215 0.0399290099740028 0.0337330438196659 0.024311114102602 0.023792739957571 0.0552205964922905 0.206983059644699 0.378545761108398 0.386482894420624 0.391405522823334 0.056497473269701 0.0162525326013565 0.0149416336789727 0.0106333382427692 0.0159291177988052 0.0122161861509085 0.0102852256968617 0.00967278052121401 0.0117575125768781 0.0114837763831019 0.0130110140889883 0.0159423109143972 0.0184227339923382 0.0208493769168854 0.0246172901242971 0.0324771143496037 0.0361660905182362 0.0402081832289696 0.040915060788393 0.04350845515728 0.0479676872491837
-9999 -9999 -9999 -9999 -9999 -9999 -9999 -9999 -9999 -9999 -9999 -9999 -9999 -9999 -9999 -9999 -9999 -9999 0.0328853316605091 0.00493743177503347 0.117578230798244 0.401492267847061 0.375242531299591 0.17562609910965 0.0659373551607132 0.0415144637227058 0.026392500847578 0.023622827604413 0.0211179163306952 0.035012636333704 0.092729851603508 0.384731531143188 0.380456000566483 0.394306302070618 0.409166932106018 0.156247287988663 0.0174724757671356 0.01707773655653 0.0114601450040936 0.0153473671525717 0.0149770230054855 0.0116344187408686 0.011669403873384 0.0121432095766068 0.0126391798257828 0.0144200995564461 0.0164863225072622 0.019024983048439 0.0247454307973385 0.0267468951642513 0.0296641960740089 0.0313130840659142 0.0336574837565422 0.0356027744710445 0.0396285131573677
-9999 -9999 -9999 -9999 -9999 -9999 -9999 -9999 -9999 -9999 -9999 -9999 -9999 -9999 -9999 -9999 -9999 -9999 -9999 -9999 0.00423505296930671 0.0548030994832516 0.162296041846275 0.412951946258545 0.270908802747726 0.119095005095005 0.0615708492696285 0.0346098877489567 0.0219249315559864 0.0277143158018589 0.0503830946981907 0.120153151452541 0.37542125582695 0.535995543003082 0.548144638538361 0.612620055675507 0.251572608947754 0.0231558904051781 0.0191167648881674 0.0229811016470194 0.0221848115324974 0.0154588846489787 0.0131657272577286 0.0126788234338164 0.0123430853709579 0.013027130626142 0.0142812225967646 0.0195101983845234 0.0215919893234968 0.0232852343469858 0.0250064544379711 0.0258073601871729 0.0282826889306307 0.0302117504179478 0.0338519066572189
-9999 -9999 -9999 -9999 -9999 -9999 -9999 -9999 -9999 -9999 -9999 -9999 -9999 -9999 -9999 -9999 -9999 -9999 -9999 -9999 -9999 -9999 0.0671772658824921 0.150784239172935 0.464608311653137 0.43585529923439 0.118408210575581 0.0643817037343979 0.0342006497085094 0.0253210756927729 0.0352925732731819 0.0547765232622623 0.134623154997826 0.565779268741608 0.518770039081573 0.586507797241211 0.673148691654205 0.484629303216934 0.0918320044875145 0.034287266433239 0.0272426307201385 0.0197916757315397 0.0174576807767153 0.0126453228294849 0.0118859698995948 0.0114569617435336 0.0152693167328835 0.0175138618797064 0.0203004404902458 0.0217806920409203 0.0232564006000757 0.0245439540594816 0.0262140668928623 0.0287936124950647 0.0310610737651587
-9999 -9999 -9999 -9999 -9999 -9999 -9999 -9999 -9999 -9999 -9999 -9999 -9999 -9999 -9999 -9999 -9999 -9999 -9999 -9999 -9999 -9999 -9999 -9999 0.333032369613647 0.451627314090729 0.416834503412247 0.231585666537285 0.0780492201447487 0.0369351841509342 0.0359675139188766 0.0377879440784454 0.0638852268457413 0.198934599757195 0.357654839754105 0.516652405261993 0.525655448436737 0.525959074497223 0.549370408058167 0.144553154706955 0.193104684352875 0.0324989669024944 0.027484955266118 0.0166825111955404 0.0135519225150347 0.0131755266338587 0.012661631219089 0.0152633031830192 0.0181337893009186 0.0199062097817659 0.0211527999490499 0.0222675390541553 0.0243519861251116 0.0275763962417841 0.0299308001995087
-9999 -9999 -9999 -9999 -9999 -9999 -9999 -9999 -9999 -9999 -9999 -9999 -9999 -9999 -9999 -9999 -9999 -9999 -9999 -9999 -9999 -9999 -9999 -9999 -9999 -9999 0.415138691663742 0.398609787225723 0.276927411556244 0.0882383286952972 0.0526024550199509 0.0463816821575165 0.0409550853073597 0.0428951755166054 0.125184059143066 0.266622275114059 0.497112035751343 0.517594575881958 0.537773549556732 0.535196185112 0.499751359224319 0.188424125313759 0.0346534363925457 0.0194836501032114 0.0130340727046132 0.0126959988847375 0.012503931298852 0.0127482293173671 0.0153871374204755 0.0169748105108738 0.0190535504370928 0.0200837198644876 0.0223914794623852 0.0252710748463869 0.0271502733230591
-9999 -9999 -9999 -9999 -9999 -9999 -9999 -9999 -9999 -9999 -9999 -9999 -9999 -9999 -9999 -9999 -9999 -9999 -9999 -9999 -9999 -9999 -9999 -9999 -9999 -9999 0.00442289607599378 0.134293973445892 0.449993938207626 0.361501336097717 0.143628150224686 0.0601187609136105 0.0373833775520325 0.0337730273604393 0.0680255144834518 0.151029109954834 0.23235659301281 0.512498795986176 0.519085466861725 0.533776700496674 0.5838383436203 0.642328202724457 0.159238561987877 0.019658962264657 0.0135026462376118 0.0125861661508679 0.0125346276909113 0.0128814848139882 0.0129669355228543 0.0143251894041896 0.0158260371536016 0.0174809601157904 0.0195200182497501 0.0221364013850689 0.0238769538700581
-9999 -9999 -9999 -9999 -9999 -9999 -9999 -9999 -9999 -9999 -9999 -9999 -9999 -9999 -9999 -9999 -9999 -9999 -9999 -9999 -9999 -9999 -9999 -9999 -9999 -9999 -9999 -9999 0.057665079832077 0.148089364171028 0.394563615322113 0.106917947530746 0.0622366704046726 0.0360170304775238 0.0342427976429462 0.0566285289824009 0.0961529910564423 0.20836552977562 0.545899093151093 0.588219106197357 0.544449806213379 0.894300520420074 0.176670700311661 0.0207955781370401 0.0128026204183698 0.0128593109548092 0.0131471138447523 0.0132734393700957 0.0137059651315212 0.013585495762527 0.013717133551836 0.0148607585579157 0.0168313477188349 0.0191140919923782 0.0207799822092056
-9999 -9999 -9999 -9999 -9999 -9999 -9999 -9999 -9999 -9999 -9999 -9999 -9999 -9999 -9999 -9999 -9999 -9999 -9999 -9999 -9999 -9999 -9999 -9999 -9999 -9999 -9999 -9999 0.00483050663024187 0.0523977540433407 0.271488636732101 0.182326421141624 0.0951859280467033 0.108632311224937 0.0867535844445229 0.0459993034601212 0.0759937688708305 0.160355716943741 0.264330297708511 0.412931740283966 0.410761475563049 0.533658564090729 0.581534266471863 0.0265410020947456 0.0149053847417235 0.0130046214908361 0.0121412519365549 0.0122643960639834 0.012954774312675 0.0130095528438687 0.0126360543072224 0.0121206091716886 0.0135227590799332 0.0153715712949634 0.0170050021260977
-9999 -9999 -9999 -9999 -9999 -9999 -9999 -9999 -9999 -9999 -9999 -9999 -9999 -9999 -9999 -9999 -9999 -9999 -9999 -9999 -9999 -9999 -9999 -9999 -9999 -9999 -9999 -9999 -9999 0.00614423211663961 0.175315409898758 0.286631464958191 0.173640593886375 0.0885783657431602 0.0708075016736984 0.0929275006055832 0.190064653754234 0.136410996317863 0.244516000151634 0.419284850358963 0.41376855969429 0.566784739494324 0.593450367450714 0.060277808457613 0.0174343232065439 0.0132131660357118 0.0116417733952403 0.0114016141742468 0.0114447884261608 0.0115785310044885 0.0123137617483735 0.012134344317019 0.0119237769395113 0.0122722648084164 0.0138043267652392
-9999 -9999 -9999 -9999 -9999 -9999 -9999 -9999 -9999 -9999 -9999 -9999 -9999 -9999 -9999 -9999 -9999 -9999 -9999 -9999 -9999 -9999 -9999 -9999 -9999 -9999 -9999 -9999 -9999 0.0068024517968297 0.234547346830368 0.349127560853958 0.198924481868744 0.0834435299038887 0.0588824078440666 0.0734951198101044 0.137695729732513 0.16311502456665 0.30336207151413 0.491779834032059 0.439249694347382 0.565403342247009 0.61428427696228 0.110266357660294 0.010100144892931 0.0148861119523644 0.0126769701018929 0.0125391352921724 0.0108267022296786 0.0110401539131999 0.0122984424233437 0.0127225331962109 0.0125407483428717 0.0115840341895819 0.0119567941874266
-9999 -9999 -9999 -9999 -9999 -9999 -9999 -9999 -9999 -9999 -9999 -9999 -9999 -9999 -9999 -9999 -9999 -9999 -9999 -9999 -9999 -9999 -9999 -9999 -9999 -9999 -9999 -9999 -9999 0.00692186504602432 0.0823465436697006 0.393699556589127 0.245532736182213 0.0754759758710861 0.0466800853610039 0.0571823604404926 0.125896096229553 0.148157551884651 0.269310861825943 0.452006846666336 0.434249550104141 0.533474862575531 0.59352171421051 0.127833038568497 0.0200316626578569 0.0128471367061138 0.0118986377492547 0.0133453635498881 0.0119761284440756 0.0107978377491236 0.0126627897843719 0.0139622204005718 0.0134532647207379 0.0123442085459828 0.012979450635612
-9999 -9999 -9999 -9999 -9999 -9999 -9999 -9999 -9999 -9999 -9999 -9999 -9999 -9999 -9999 -9999 -9999 -9999 -9999 -9999 -9999 -9999 -9999 -9999 -9999 -9999 -9999 -9999 -9999 0.00703206192702055 0.271739989519119 0.433884263038635 0.242599502205849 0.0850135609507561 0.0361088067293167 0.0454911403357983 0.0987330377101898 0.133763775229454 0.265870809555054 0.448662757873535 0.43448194861412 0.529332518577576 0.572242617607117 0.0985551849007607 0.0140656149014831 0.0113459918648005 0.0108285173773766 0.0105324015021324 0.0137077830731869 0.01393589284271 0.014931901358068 0.0153002748265862 0.0156586933881044 0.014064128510654 0.0151518965139985
-9999 -9999 -9999 -9999 -9999 -9999 -9999 -9999 -9999 -9999 -9999 -9999 -9999 -9999 -9999 -9999 -9999 -9999 -9999 -9999 -9999 -9999 -9999 -9999 -9999 -9999 -9999 -9999 -9999 0.00730532547459006 0.300799280405045 0.646149277687073 0.220404803752899 0.0802190527319908 0.0349321253597736 0.0350661352276802 0.0755733177065849 0.129119336605072 0.284082114696503 0.453335464000702 0.5692178606987 0.515232503414154 0.540493130683899 0.0863241925835609 0.0125774620100856 0.00703288707882166 0.0107398340478539 0.0108416182920337 0.01222756318748 0.0142497783526778 0.0154209304600954 0.0156514514237642 0.0173205062747002 0.0189885161817074 0.0208562389016151
