meets/meet006/_saidas_enm/CCSM_SVM_0k_S_lineola3.asc
NCOLS 154 
NROWS 168 
XLLCORNER -112 
YLLCORNER -55.5 
CELLSIZE 0.5 
NODATA_value -9999 
[rows 100 to 124 of 168, columns 56 to 111 of 154]
-9999 -9999 -9999 -9999 -9999 -9999 -9999 -9999 -9999 -9999 -9999 -9999 -9999 -9999 -9999 -9999 -9999 -9999 -9999 -9999 -9999 -9999 -9999 -9999 -9999 -9999 -9999 -9999 0.0919533450315286 0.0579365196061246 0.115100317696661 0.0377741610514321 0.0609578122540281 0.08609451349444 0.074103125663061 0.0473347107338151 0.0348670773996678 0.0576517539940382 0.109905972701016 0.456478741113547 0.907266257068932 0.726902650028606 0.262418072032273 0.0554864325395093 0.0424068273526975 0.0417697172532693 -0.0221387975143379 -0.0739590618909267 -0.0735493135938878 -0.0534221197309128 -0.0252261446828427 -0.00118881515271296 0.0369784739018795 0.114441617440847 0.234598462456888 0.376208393188578
-9999 -9999 -9999 -9999 -9999 -9999 -9999 -9999 -9999 -9999 -9999 -9999 -9999 -9999 -9999 -9999 -9999 -9999 -9999 -9999 -9999 -9999 -9999 -9999 -9999 -9999 -9999 -9999 0.107067017822112 0.0538231448115477 0.0822918747208972 0.0323977096381022 0.0484071372295012 0.067824853419782 0.0611360063509506 0.0544207829500352 0.0458404129131471 0.0744573146604912 0.140476244387022 0.550395356282521 0.913951695784573 0.639780561968605 0.206996015707843 0.0391155648163588 0.0466385003919336 0.0507027911053036 -0.0225374400668555 -0.0598590697386155 -0.0506514100723441 -0.0432232423127674 0.0141912936377776 0.0129351489563533 0.0411273415078913 0.108817503138542 0.216428827357624 0.383310454590028
-9999 -9999 -9999 -9999 -9999 -9999 -9999 -9999 -9999 -9999 -9999 -9999 -9999 -9999 -9999 -9999 -9999 -9999 -9999 -9999 -9999 -9999 -9999 -9999 -9999 -9999 -9999 0.151694339909935 0.114405043722725 0.0662285908410048 0.0793801454858595 0.0277716302413866 0.0383128163721234 0.0531006913024907 0.0541327094062352 0.0643977235833949 0.0618706275294152 0.0854910986796312 0.208172070076686 0.672925822451783 0.911213107490192 0.548577123086995 0.179691814325704 0.0416925836104641 0.0541869047079382 0.0633114605313474 0.00804037088100196 -0.0368003433352643 -0.038104069957688 -0.0239215164480153 0.0032544226097968 0.0155701435177393 0.0147015919451111 0.0657254967792166 0.172418745595193 0.296222436459491
-9999 -9999 -9999 -9999 -9999 -9999 -9999 -9999 -9999 -9999 -9999 -9999 -9999 -9999 -9999 -9999 -9999 -9999 -9999 -9999 -9999 -9999 -9999 -9999 -9999 -9999 -9999 0.157867800705844 0.120277616168305 0.0868051844560097 0.0684858769506785 0.0249564080775667 0.0306703547757052 0.0460464844765447 0.0580034737732584 0.0848541635738915 0.0760062935184969 0.0991497371335989 0.273264929708658 0.764796330069469 0.847512485020463 0.479054955657104 0.173972641863152 0.0599756127514152 0.080962341543507 0.0954762652875116 0.0499831545584551 0.000230354411198341 -0.0111919614031413 -0.000614955221496516 0.0170986973756539 0.0167640310236982 0.00316781938273669 0.0461045861480959 0.139542802193774 0.243658567095933
-9999 -9999 -9999 -9999 -9999 -9999 -9999 -9999 -9999 -9999 -9999 -9999 -9999 -9999 -9999 -9999 -9999 -9999 -9999 -9999 -9999 -9999 -9999 -9999 -9999 -9999 -9999 0.157896424950796 0.116341178550694 0.115141022951123 0.0572539859535237 0.0208410007906012 0.0269599722584681 0.0471207113212139 0.0675018283033101 0.094110460334958 0.0831826867296239 0.122632775136338 0.344816892607604 0.816724912304519 0.816165271870163 0.44451562051217 0.202342761295244 0.107741621571798 0.106741371071126 0.122012164630409 0.0800227749477651 0.0368713454067244 0.024880681643565 0.0360892424900605 0.0549389496880625 0.0518191375341028 0.0530549118521531 0.0952664554042369 0.168331551901381 0.255326689815873
-9999 -9999 -9999 -9999 -9999 -9999 -9999 -9999 -9999 -9999 -9999 -9999 -9999 -9999 -9999 -9999 -9999 -9999 -9999 -9999 -9999 -9999 -9999 -9999 -9999 -9999 -9999 0.150721059969516 0.115639548555744 0.132497070350312 0.0434275118399828 0.0206270249451444 0.0286558428037197 0.0545261958575862 0.0757284476329726 0.0977576758058217 0.0953903076262851 0.153908070663881 0.380432422784606 0.829553186564665 0.761768913002589 0.416371529412097 0.224081148152603 0.132643290004147 0.117439493685397 0.115742047233234 0.0764290147776205 0.0498268727494394 0.0427700552008681 0.0484991347981625 0.067481308473111 0.0730399090878504 0.090042070853973 0.130516651786246 0.174917404502095 0.241914523318726
-9999 -9999 -9999 -9999 -9999 -9999 -9999 -9999 -9999 -9999 -9999 -9999 -9999 -9999 -9999 -9999 -9999 -9999 -9999 -9999 -9999 -9999 -9999 -9999 -9999 -9999 -9999 0.145713566808109 0.117635832878408 0.13718528566798 0.0412460136742883 0.0315976555608238 0.0403202659565421 0.0684508470209727 0.0846777628837619 0.109187779743927 0.125192774138595 0.178028030102117 0.376277696016943 0.823897923862634 0.707900828078282 0.396302323837829 0.23234618758601 0.152638649125353 0.114328491486174 0.0823124974588141 0.0684845225792943 0.0496911556711732 0.0520189959409312 0.0649949383730017 0.0787957808979311 0.0858259514234047 0.0964299128630238 0.134061575107685 0.174466429079528 0.219105062005666
-9999 -9999 -9999 -9999 -9999 -9999 -9999 -9999 -9999 -9999 -9999 -9999 -9999 -9999 -9999 -9999 -9999 -9999 -9999 -9999 -9999 -9999 -9999 -9999 -9999 -9999 -9999 0.165269856384054 0.132555721059814 0.13424936365137 0.0565139702999741 0.0501612869296933 0.0509857305465928 0.0779675031895368 0.101254327345136 0.14594337531035 0.162295218135479 0.19558592446568 0.36524640692038 0.806157014624255 0.657132535103705 0.366346579150769 0.241339367165344 0.17107255677752 0.130654425735084 0.0976509777968538 0.0808204100110412 0.0707235980353813 0.0724404398158102 0.0849136776450812 0.100546426409471 0.0982092571762978 0.111596782839739 0.137608409388826 0.155834889677734 0.182598366072291
-9999 -9999 -9999 -9999 -9999 -9999 -9999 -9999 -9999 -9999 -9999 -9999 -9999 -9999 -9999 -9999 -9999 -9999 -9999 -9999 -9999 -9999 -9999 -9999 -9999 -9999 -9999 0.217002929870515 0.157444688107066 0.128436629524666 0.0842194954063001 0.0683501712813419 0.0553065130699764 0.0779537012590961 0.11354411183303 0.191545647418481 0.192083777139082 0.206940451069917 0.347500635988583 0.777161824935826 0.578009589289115 0.33339401618825 0.238634369980521 0.191193360466334 0.161994532348292 0.147832997549018 0.118836595900208 0.0999822240495409 0.0977894638258051 0.10370265702614 0.116639972183715 0.120856074763187 0.118911227517499 0.137940910736098 0.146014860164801 0.159593238502026
-9999 -9999 -9999 -9999 -9999 -9999 -9999 -9999 -9999 -9999 -9999 -9999 -9999 -9999 -9999 -9999 -9999 -9999 -9999 -9999 -9999 -9999 -9999 -9999 -9999 -9999 -9999 0.271396172641181 0.173183081984136 0.130470107975289 0.0973299672951931 0.0742273077610994 0.0401977257350096 0.0578095335164004 0.104318728914159 0.186616954101417 0.201129444753912 0.207512319585576 0.386205231909469 0.734883097037167 0.49796997944691 0.287870499436311 0.224114856871032 0.191777589762478 0.169279486092704 0.155243131316475 0.129214961003485 0.113118245094512 0.10879824101009 0.107714228591938 0.113813661163206 0.110548803494421 0.108010330957362 0.117563748425894 0.116753509657068 0.125189518142066
-9999 -9999 -9999 -9999 -9999 -9999 -9999 -9999 -9999 -9999 -9999 -9999 -9999 -9999 -9999 -9999 -9999 -9999 -9999 -9999 -9999 -9999 -9999 -9999 -9999 -9999 0.388728134570445 0.293751095477181 0.177538583082426 0.132167351152391 0.120556520058645 0.0840794325350903 0.0357267536142083 0.0383587886608158 0.0831080752215957 0.18665092275004 0.203889544508527 0.229801404183073 0.469648657182896 0.637810453747049 0.366879006491386 0.238072057897042 0.197096041315269 0.17798925240012 0.154725015781446 0.138047283653503 0.123344052909904 0.106740198887577 0.106839251826575 0.105268704549109 0.104426777161591 0.107048638520124 0.090512487063369 0.0947068030660483 0.0944823778502862 0.0931738485900134
-9999 -9999 -9999 -9999 -9999 -9999 -9999 -9999 -9999 -9999 -9999 -9999 -9999 -9999 -9999 -9999 -9999 -9999 -9999 -9999 -9999 -9999 -9999 -9999 -9999 -9999 0.395538575434659 0.268313907673629 0.157444011787992 0.136735004122441 0.13607539665146 0.0993947638246745 0.049936618851951 0.0499695020125355 0.0787099849630716 0.152697572099663 0.230341844917508 0.40790803374441 0.598287844314287 0.487185164306301 0.281043706329941 0.189570342528978 0.165977795894682 0.151398181729543 0.132417321966174 0.116895210302847 0.104263916787506 0.096774080919278 0.0977663699927334 0.094661502154154 0.0915489648163893 0.0841550580209553 0.0729371203785857 0.0737397036832032 0.0678501882493736 0.0650157147365634
-9999 -9999 -9999 -9999 -9999 -9999 -9999 -9999 -9999 -9999 -9999 -9999 -9999 -9999 -9999 -9999 -9999 -9999 -9999 -9999 -9999 -9999 -9999 -9999 -9999 -9999 0.375789688425144 0.197385786076028 0.131414098896623 0.13880265854633 0.170150402323371 0.109616592022962 0.074561473400314 0.108073390238804 0.188398984766141 0.223344970963912 0.404542866473276 0.622838846024527 0.524257945821001 0.33540501281322 0.201282141242642 0.160160659329342 0.142204775838319 0.130505642996396 0.113240581957197 0.100615163036835 0.0940643262238267 0.0864825204787386 0.0873832756208909 0.0810682660150835 0.0804820257460316 0.0730244440259752 0.0592030200109697 0.0589744101198883 0.0501313069931181 0.0450879407250973
-9999 -9999 -9999 -9999 -9999 -9999 -9999 -9999 -9999 -9999 -9999 -9999 -9999 -9999 -9999 -9999 -9999 -9999 -9999 -9999 -9999 -9999 -9999 -9999 -9999 -9999 0.298908199873383 0.13839460518466 0.102809080275934 0.117409219061314 0.12350258405664 0.103686820082215 0.138603811650683 0.33395913807807 0.515761767144266 0.533091038033808 0.604733040232792 0.564340597976423 0.347257169846566 0.229786170687253 0.179538923978589 0.150481942571707 0.133702625763403 0.122744135242302 0.111719356464343 0.102996071828626 0.0872474121485576 0.0734844746272523 0.0702726912129711 0.0617081457613982 0.0564670015828948 0.0492594144279764 0.0398603146040777 0.0398198363055361 0.0329739159842801 0.0269036782703941
-9999 -9999 -9999 -9999 -9999 -9999 -9999 -9999 -9999 -9999 -9999 -9999 -9999 -9999 -9999 -9999 -9999 -9999 -9999 -9999 -9999 -9999 -9999 -9999 -9999 0.427616251910909 0.210147280137063 0.106350541115757 0.0919443907694534 0.0850107301501087 0.0970144343828931 0.119584966765723 0.328462337301089 0.623334318864237 0.659771395910948 0.486102560315072 0.489555563151512 0.348120879865242 0.216793775906282 0.183079570982498 0.177165946433871 0.153376846291954 0.136761664639175 0.129874276721654 0.127969209196307 0.140608892308517 0.10058477000763 0.063886296854594 0.0529294188013945 0.0396998686592951 0.0353889127954748 0.0343125637048408 0.0229381786127048 0.0220344422974768 0.0150564369244121 0.0140893581033982
-9999 -9999 -9999 -9999 -9999 -9999 -9999 -9999 -9999 -9999 -9999 -9999 -9999 -9999 -9999 -9999 -9999 -9999 -9999 -9999 -9999 -9999 -9999 -9999 -9999 0.34306801410013 0.166849110247547 0.105475289644848 0.0952624734849295 0.0694072245945367 0.0695027518274307 0.162287550188015 0.425931439662854 0.626603575126492 0.497389418512203 0.378550977796838 0.318075647403449 0.237642829693431 0.182537844199884 0.168537391457318 0.164423965510732 0.149114545536952 0.135547408274283 0.130665969679582 0.136132785036363 0.139483621897319 0.0994402357240106 0.0573697159867265 0.0429746005225798 0.0301693752282683 0.0235693195728536 0.0160711331605434 0.00802698853346329 0.00932890256985403 0.00583512466630531 0.00532649783395162
-9999 -9999 -9999 -9999 -9999 -9999 -9999 -9999 -9999 -9999 -9999 -9999 -9999 -9999 -9999 -9999 -9999 -9999 -9999 -9999 -9999 -9999 -9999 -9999 -9999 0.289148555538065 0.146652984400595 0.11332482401092 0.105741831852143 0.0502158135728485 0.0707059713647059 0.198029019243146 0.39920162695994 0.416492591661092 0.321030371885607 0.241864921046422 0.219463691095141 0.187316765621197 0.167406686632839 0.160943883107045 0.153849783114441 0.14088897971305 0.125215986127395 0.117880795952492 0.120287908710221 0.13307469467942 0.0873610207622331 0.0470285979448281 0.0316129978123737 0.0177721225754824 0.0150044990840077 0.005541686838893 -0.00354128311512036 -0.00355993657179532 -0.00600303892904241 -0.00203068245695465
-9999 -9999 -9999 -9999 -9999 -9999 -9999 -9999 -9999 -9999 -9999 -9999 -9999 -9999 -9999 -9999 -9999 -9999 -9999 -9999 -9999 -9999 -9999 -9999 -9999 0.282357102574144 0.131426856486445 0.0937085097928581 0.0764352289376793 0.0217670969809268 0.0492653786130125 0.193837760375053 0.287774603890263 0.269443564767366 0.222157892908893 0.18898190111199 0.17023524417611 0.149439407188398 0.140283662617449 0.145476371794423 0.146858761020185 0.129973415114604 0.110784518344008 0.0996899124906376 0.0890948078275041 0.0784566225864151 0.058769168796265 0.0374720246080722 0.0260888257816844 0.0118044597510354 0.00260443239459851 -0.00519412292664789 -0.0110760835481057 -0.00845077114044357 -0.00889510429510687 -0.00544010320366506
-9999 -9999 -9999 -9999 -9999 -9999 -9999 -9999 -9999 -9999 -9999 -9999 -9999 -9999 -9999 -9999 -9999 -9999 -9999 -9999 -9999 -9999 -9999 -9999 -9999 0.265224423403229 0.115367213659463 0.0777517485461545 0.0555735280961208 -0.000473149434017495 0.0502599284821196 0.16902184515338 0.207378049314583 0.191023764796762 0.173120434494283 0.155431224028174 0.13868243009318 0.111392624022229 0.105687629708767 0.121886835294422 0.131431343005523 0.113716168006702 0.0942510325262599 0.0852348007504491 0.0702174435045334 0.0594222843206226 0.0460111463307434 0.0301310321719809 0.0198299282761163 0.00339324701301985 -0.00437159245855201 -0.0110145202666997 -0.0157535867120072 -0.0134145604124433 -0.0136103169892273 -0.00662185316592789
-9999 -9999 -9999 -9999 -9999 -9999 -9999 -9999 -9999 -9999 -9999 -9999 -9999 -9999 -9999 -9999 -9999 -9999 -9999 -9999 -9999 -9999 -9999 -9999 -9999 0.240511507412274 0.0994761653145804 0.0645856808505102 0.0406272989642465 -0.00336668330492418 0.042705837772281 0.135913139525997 0.161127641950999 0.158058070379021 0.152371518320295 0.143348636853334 0.120865593723625 0.0944405327718911 0.0870554855434111 0.0976759098864417 0.104640866141673 0.091610909818546 0.0806032850882694 0.078169270618682 0.0664630771679001 0.054180758584561 0.0392972311477687 0.0246983404792017 0.0154941787855313 0.00183357272461937 -0.00808520834901372 -0.0154260459344524 -0.0196347616154352 -0.0158692984783361 -0.0125988691768512 -0.00674357942438819
-9999 -9999 -9999 -9999 -9999 -9999 -9999 -9999 -9999 -9999 -9999 -9999 -9999 -9999 -9999 -9999 -9999 -9999 -9999 -9999 -9999 -9999 -9999 -9999 -9999 0.223944821369247 0.0825225233489137 0.0635565075156755 0.0444692940686691 0.00235891449005271 0.0302392450782349 0.0958840511339296 0.123589237586829 0.128938183299669 0.127264571031939 0.122918609101448 0.0989698784498421 0.0748263695796291 0.0679781161057783 0.0749346506437857 0.0815131233751756 0.0734481668082133 0.0725551294958123 0.0745050072261091 0.06032663164573 0.0499490756127601 0.0368759266474655 0.021852043848966 0.012360487939944 -0.00189335610641761 -0.00886267421156739 -0.0150222513478026 -0.0197404200840486 -0.0167039940401602 -0.0133191832106518 -0.00495590612933017
-9999 -9999 -9999 -9999 -9999 -9999 -9999 -9999 -9999 -9999 -9999 -9999 -9999 -9999 -9999 -9999 -9999 -9999 -9999 -9999 -9999 -9999 -9999 -9999 -9999 0.211077050782018 0.0688464258582457 0.0675911771654107 0.0578326170501482 0.0148107740835742 0.0104774290091727 0.0594085281159522 0.0866342196778255 0.0943989373383496 0.0920772382250211 0.0797072018611226 0.0677100572106157 0.0534238365037566 0.0499584131117575 0.056419108940597 0.0602653445471331 0.0591155769645086 0.0647855183387588 0.0677280531701259 0.056634870403552 0.0443121559450309 0.0317515504672585 0.020122311890402 0.0103804007516187 -0.000811096226054242 -0.00908082626258966 -0.0153741061161938 -0.01836857284042 -0.0150350965253142 -0.010527200535638 -0.00387655966669687
-9999 -9999 -9999 -9999 -9999 -9999 -9999 -9999 -9999 -9999 -9999 -9999 -9999 -9999 -9999 -9999 -9999 -9999 -9999 -9999 -9999 -9999 -9999 -9999 -9999 0.201088035842588 0.0547665284765892 0.0593848831342735 0.0704149321343225 0.0281343526439924 0.00266710923324309 0.0294663106558521 0.058231609855746 0.0684844056176206 0.0646860089841751 0.054486292996287 0.047972138948421 0.0398094516699021 0.0389780760831663 0.0459196638002181 0.0491912502495562 0.0498526076926828 0.0568267472889341 0.0611187064547208 0.0490101949615024 0.0385164581548321 0.0292148617796779 0.0180096623162829 0.0103181157907011 -0.00102916923819968 -0.00738284103015796 -0.0120797628263649 -0.0163160917013564 -0.0146165232216714 -0.0107247237028807 -0.00461569203208745
-9999 -9999 -9999 -9999 -9999 -9999 -9999 -9999 -9999 -9999 -9999 -9999 -9999 -9999 -9999 -9999 -9999 -9999 -9999 -9999 -9999 -9999 -9999 -9999 -9999 0.193537163978648 0.0464430204486549 0.0527011217470127 0.0781427170044987 0.0422740596263294 0.0109808339636672 0.0162894552195949 0.0408843939752234 0.0517509053598617 0.0498516103692662 0.0435976102884906 0.038426441604653 0.0326627048803768 0.0343902342174697 0.0430345593579038 0.0489293784830276 0.0453555484639917 0.0496795166660834 0.053249162655013 0.0429782710776192 0.0336823386339826 0.0252990745630244 0.0171072185516566 0.00989083707826943 0.00062756083785015 -0.00376453362227469 -0.00924534378245823 -0.0138135157128307 -0.0103978556993775 -0.00469941738118373 -0.00289529815069844
-9999 -9999 -9999 -9999 -9999 -9999 -9999 -9999 -9999 -9999 -9999 -9999 -9999 -9999 -9999 -9999 -9999 -9999 -9999 -9999 -9999 -9999 -9999 -9999 0.249836298987038 0.170147058743536 0.0357834454706985 0.0506007382368321 0.0881485610588059 0.0544520046374518 0.0173174488459369 0.0100109113919675 0.0313331109241358 0.0423127078278611 0.0396228952707347 0.0348129169063196 0.0315988903301094 0.0287008049632737 0.0318685544738544 0.0425257184510691 0.0501856096979507 0.044123430828402 0.0432005363914215 0.0450404352143709 0.0371276528519977 0.028433546458302 0.0209196284055428 0.0140217722638987 0.00849316164748815 0.00163865771386668 -0.00288666913939672 -0.00744217172001205 -0.0106501214605226 0.00161185089328475 0.0405440648180909 0.0725864979186887
