meets/meet006/_saidas_enm/CCSM_Maxent_0k_S_lineola2.asc
NCOLS 154 
NROWS 168 
XLLCORNER -112 
YLLCORNER -55.5 
CELLSIZE 0.5 
NODATA_value -9999 
[rows 50 to 74 of 168, columns 56 to 111 of 154]
-9999 -9999 -9999 -9999 -9999 -9999 -9999 -9999 -9999 -9999 -9999 -9999 -9999 0.820421040058136 0.66305673122406 0.530416309833527 0.480564326047897 0.398373037576675 0.423660278320312 0.566591620445251 0.564942896366119 0.495465844869614 0.414985299110413 0.487577676773071 0.473498165607452 0.37183666229248 0.376552104949951 0.387385100126266 0.404374927282333 0.429827511310577 0.44131937623024 0.405749291181564 0.353099197149277 0.317410081624985 0.251839220523834 0.364105552434921 0.419733673334122 0.44967719912529 0.465406805276871 0.475257724523544 0.452051222324371 0.469675123691559 0.459582924842834 0.445421516895294 0.31830832362175 0.335609972476959 0.352660119533539 0.33258518576622 0.32632052898407 0.337729007005692 0.313241302967072 0.311744928359985 0.295453310012817 0.316261470317841 0.290373742580414 0.282908231019974
-9999 -9999 -9999 -9999 -9999 -9999 -9999 -9999 -9999 -9999 -9999 -9999 -9999 0.645519196987152 0.577915668487549 0.54067724943161 0.537724554538727 0.549195230007172 0.576560080051422 0.560617625713348 0.524900376796722 0.461634159088135 0.404113918542862 0.374544382095337 0.379618644714355 0.398122698068619 0.391222149133682 0.409950226545334 0.436188101768494 0.467786222696304 0.472267270088196 0.428158551454544 0.363616049289703 0.313997328281403 0.240887328982353 0.36297482252121 0.392820030450821 0.422795444726944 0.437887579202652 0.447451144456863 0.442391902208328 0.444853603839874 0.435340493917465 0.424174308776855 0.414583146572113 0.290760457515717 0.345877856016159 0.338143527507782 0.333856374025345 0.329702377319336 0.258517235517502 0.246737882494926 0.228497877717018 0.301787257194519 0.286326587200165 0.279958844184875
-9999 -9999 -9999 -9999 -9999 -9999 -9999 -9999 -9999 -9999 -9999 0.657608866691589 0.613189101219177 0.557228863239288 0.569306552410126 0.560180485248566 0.554345846176147 0.551753997802734 0.534629642963409 0.508792757987976 0.475953251123428 0.437051892280579 0.402560949325562 0.38770267367363 0.400024235248566 0.421290725469589 0.421028316020966 0.448529690504074 0.483419358730316 0.521235048770905 0.526815295219421 0.46220326423645 0.384935557842255 0.326993316411972 0.249914318323135 0.274755001068115 0.395657271146774 0.42242220044136 0.436278879642487 0.445172995328903 0.443895190954208 0.440153300762177 0.429905444383621 0.422465175390244 0.42225569486618 0.418576866388321 0.306908994913101 0.475631713867188 0.355485081672668 0.277465224266052 0.262446999549866 0.238958835601807 0.216148987412453 0.286237746477127 0.276335090398788 0.272882699966431
-9999 -9999 -9999 -9999 -9999 -9999 -9999 -9999 -9999 -9999 0.636704921722412 0.645956099033356 0.599339425563812 0.580177903175354 0.584875881671906 0.610705971717834 0.560741484165192 0.48971301317215 0.451536864042282 0.434692353010178 0.422420382499695 0.414573431015015 0.412297606468201 0.416359335184097 0.432687669992447 0.457746177911758 0.465264320373535 0.502875864505768 0.541675806045532 0.569316923618317 0.56362372636795 0.487224727869034 0.395395517349243 0.333780884742737 0.255365997552872 0.27831107378006 0.295353204011917 0.314690113067627 0.440025418996811 0.445731431245804 0.445247024297714 0.437438726425171 0.42955556511879 0.425871282815933 0.426045566797256 0.321240365505219 0.379546463489532 0.373849958181381 0.357966542243958 0.276014655828476 0.251655071973801 0.231242761015892 0.295984178781509 0.277181059122086 0.273321479558945 0.27213042974472
-9999 -9999 -9999 -9999 -9999 -9999 -9999 -9999 -9999 -9999 0.594387829303741 0.595175206661224 0.575144946575165 0.414729297161102 0.556653738021851 0.6255002617836 0.562057018280029 0.442829489707947 0.393177688121796 0.393601268529892 0.394590198993683 0.414884090423584 0.436205387115479 0.455727636814117 0.483587235212326 0.513204753398895 0.530773222446442 0.571870148181915 0.567036092281342 0.555828928947449 0.560701727867126 0.509002864360809 0.408525675535202 0.342398881912231 0.338228970766068 0.283410400152206 0.297499388456345 0.316653192043304 0.330828964710236 0.333611965179443 0.333555907011032 0.323156356811523 0.31597512960434 0.312632501125336 0.376097023487091 0.383243411779404 0.372050344944 0.35816216468811 0.342911452054977 0.267979979515076 0.348226577043533 0.331150412559509 0.308987468481064 0.289360702037811 0.285182297229767 0.28137218952179
-9999 -9999 -9999 -9999 -9999 -9999 -9999 -9999 0.649721920490265 0.65522575378418 0.60413783788681 0.546904444694519 0.413361340761185 0.37412491440773 0.554224610328674 0.570850193500519 0.528807759284973 0.437818676233292 0.38665372133255 0.399163097143173 0.435177713632584 0.451561748981476 0.468706637620926 0.497821658849716 0.538858294487 0.548224627971649 0.520077764987946 0.503493905067444 0.494926065206528 0.494870632886887 0.481534510850906 0.455626457929611 0.420958399772644 0.360722661018372 0.350947111845016 0.349786669015884 0.359499573707581 0.374469310045242 0.382984459400177 0.388973534107208 0.387693107128143 0.377212166786194 0.367907673120499 0.364702343940735 0.366697400808334 0.370496571063995 0.369514584541321 0.367834150791168 0.472871452569962 0.392829179763794 0.382421761751175 0.363505184650421 0.346098184585571 0.323911726474762 0.306300014257431 0.300837129354477
-9999 -9999 -9999 -9999 -9999 -9999 -9999 -9999 0.664685904979706 0.579966843128204 0.502909183502197 0.425289839506149 0.34967628121376 0.361607760190964 0.548243165016174 0.534826815128326 0.489490836858749 0.423303961753845 0.388763189315796 0.414776265621185 0.454454928636551 0.460800856351852 0.467246264219284 0.469791442155838 0.477702558040619 0.48637267947197 0.477818727493286 0.447437584400177 0.439328372478485 0.431816816329956 0.423090189695358 0.408470451831818 0.415940850973129 0.405407339334488 0.368895620107651 0.35708549618721 0.355272382497787 0.362880349159241 0.366474956274033 0.36623403429985 0.367136508226395 0.358221411705017 0.352486729621887 0.349640637636185 0.348556786775589 0.35204553604126 0.463824152946472 0.464682072401047 0.457946747541428 0.445402264595032 0.370206981897354 0.36186471581459 0.357917666435242 0.337663233280182 0.316709995269775 0.311299085617065
-9999 -9999 -9999 -9999 -9999 -9999 -9999 0.732039570808411 0.629334151744843 0.570648968219757 0.524696826934814 0.507580637931824 0.435070008039474 0.465711742639542 0.513909578323364 0.517392575740814 0.463367164134979 0.405963599681854 0.375524699687958 0.391477227210999 0.4197598695755 0.422698587179184 0.41801506280899 0.418940812349319 0.428566634654999 0.434121668338776 0.430976033210754 0.422916263341904 0.418395191431046 0.417811900377274 0.415625751018524 0.407588928937912 0.399421662092209 0.393956512212753 0.38779890537262 0.365903377532959 0.353208392858505 0.343258112668991 0.342485576868057 0.347365975379944 0.347789376974106 0.34803718328476 0.347330719232559 0.346338868141174 0.347053587436676 0.459656298160553 0.460631549358368 0.459163784980774 0.45184400677681 0.439121723175049 0.357584744691849 0.34345555305481 0.32996067404747 0.320558726787567 0.312402635812759 0.306748986244202
-9999 -9999 -9999 -9999 -9999 -9999 -9999 0.673535048961639 0.611643493175507 0.513490319252014 0.530306041240692 0.505894303321838 0.437852323055267 0.476608395576477 0.489117711782455 0.478984773159027 0.434402942657471 0.389194548130035 0.36344176530838 0.375507295131683 0.390367418527603 0.391858518123627 0.387712746858597 0.38575404882431 0.390113264322281 0.393793165683746 0.392870247364044 0.391030132770538 0.388212591409683 0.385905742645264 0.386204481124878 0.383126139640808 0.383644461631775 0.382848381996155 0.382982403039932 0.385212898254395 0.365348637104034 0.348806858062744 0.34456604719162 0.34889629483223 0.351467877626419 0.356799155473709 0.360200136899948 0.475763589143753 0.478801131248474 0.480239480733871 0.481827616691589 0.47491666674614 0.457065522670746 0.43487748503685 0.348539263010025 0.332181990146637 0.312462419271469 0.305162042379379 0.311566770076752 0.310292750597
-9999 -9999 -9999 -9999 -9999 -9999 0.646598696708679 0.638984978199005 0.600424647331238 0.512608826160431 0.510979473590851 0.51125293970108 0.466021537780762 0.482482522726059 0.467832267284393 0.439287483692169 0.398379176855087 0.365345686674118 0.354477137327194 0.366437435150146 0.376841992139816 0.375073999166489 0.369976282119751 0.369167178869247 0.373066306114197 0.377025306224823 0.374961584806442 0.370672851800919 0.368921846151352 0.369793057441711 0.369622230529785 0.369143456220627 0.368502974510193 0.369296193122864 0.374138623476028 0.37768891453743 0.375154733657837 0.373966842889786 0.375337153673172 0.377465397119522 0.382176846265793 0.380095094442368 0.49154406785965 0.485385864973068 0.476670175790787 0.467531830072403 0.458451718091965 0.447066336870193 0.432038903236389 0.41696760058403 0.336885124444962 0.321891605854034 0.307567983865738 0.301375657320023 0.310706347227097 0.320378363132477
-9999 -9999 -9999 -9999 -9999 -9999 0.612275421619415 0.63688325881958 0.614680171012878 0.52751237154007 0.519041359424591 0.513191223144531 0.481262415647507 0.481463074684143 0.45897850394249 0.422916024923325 0.387134313583374 0.358141720294952 0.350213915109634 0.357789546251297 0.364272832870483 0.361909240484238 0.358749181032181 0.358618766069412 0.361324101686478 0.363906860351562 0.361973643302917 0.358980894088745 0.357574909925461 0.35768061876297 0.358191639184952 0.357467174530029 0.357690185308456 0.359026074409485 0.362236142158508 0.36637818813324 0.365496873855591 0.365936756134033 0.364874511957169 0.362843334674835 0.476852297782898 0.471490919589996 0.468761533498764 0.463771671056747 0.457210391759872 0.446298599243164 0.436875343322754 0.428551644086838 0.417458206415176 0.406220436096191 0.395026981830597 0.324757218360901 0.318954050540924 0.315015941858292 0.319663375616074 0.331277072429657
-9999 -9999 -9999 -9999 -9999 -9999 0.58969384431839 0.652870297431946 0.639120638370514 0.542634904384613 0.521882236003876 0.50811767578125 0.475346058607101 0.470312744379044 0.444558322429657 0.413173913955688 0.382714003324509 0.363180339336395 0.350874722003937 0.353077799081802 0.355177581310272 0.35330992937088 0.350693225860596 0.351203829050064 0.353775173425674 0.356248915195465 0.354512393474579 0.352559208869934 0.351648658514023 0.351309150457382 0.351745396852493 0.351013094186783 0.350722789764404 0.351977914571762 0.35453587770462 0.357209026813507 0.357734650373459 0.357621610164642 0.356057912111282 0.465489953756332 0.461321204900742 0.456713497638702 0.452574819326401 0.448355197906494 0.441823929548264 0.434709012508392 0.425750613212585 0.418899238109589 0.411525011062622 0.403496623039246 0.397218286991119 0.396837890148163 0.39845484495163 0.334122478961945 0.334946125745773 0.401677250862122
-9999 -9999 -9999 -9999 -9999 -9999 -9999 0.67302542924881 0.659617364406586 0.554160356521606 0.517032861709595 0.493518561124802 0.458444833755493 0.454770863056183 0.429656207561493 0.397828310728073 0.37605008482933 0.36071839928627 0.346941620111465 0.348200440406799 0.348446995019913 0.347721606492996 0.346810102462769 0.34786856174469 0.350203365087509 0.351855307817459 0.35109806060791 0.34954822063446 0.353353232145309 0.353144377470016 0.353148251771927 0.352325409650803 0.351609945297241 0.352022141218185 0.348884969949722 0.350192278623581 0.35070338845253 0.350394040346146 0.460298746824265 0.456729501485825 0.451979607343674 0.447078883647919 0.442583352327347 0.434315115213394 0.428976327180862 0.424116760492325 0.420643270015717 0.417264819145203 0.413481056690216 0.409747868776321 0.408860206604004 0.412246108055115 0.413496524095535 0.413384974002838 0.416769564151764 0.419829815626144
-9999 -9999 -9999 -9999 -9999 -9999 -9999 -9999 0.670997202396393 0.557488560676575 0.485796898603439 0.47585341334343 0.442908823490143 0.434538871049881 0.406902253627777 0.376874566078186 0.361253350973129 0.351653635501862 0.341035753488541 0.342778921127319 0.346145570278168 0.342488527297974 0.455174386501312 0.457072138786316 0.458716034889221 0.461280673742294 0.459644585847855 0.463871598243713 0.463873028755188 0.463134616613388 0.464325994253159 0.462592273950577 0.461962640285492 0.462099254131317 0.462138682603836 0.462753087282181 0.458493113517761 0.458290964365005 0.455870747566223 0.452265650033951 0.447756677865982 0.442609518766403 0.433500468730927 0.424569368362427 0.419861406087875 0.415060669183731 0.415002763271332 0.416592866182327 0.416265159845352 0.414995908737183 0.418312102556229 0.421310812234879 0.42504471540451 0.428118020296097 0.42871966958046 0.438278466463089
-9999 -9999 -9999 -9999 -9999 -9999 0.657318949699402 0.676209449768066 0.656350135803223 0.555531024932861 0.489674150943756 0.464591681957245 0.425216853618622 0.414305597543716 0.380023688077927 0.290011018514633 0.280043721199036 0.282803267240524 0.336900621652603 0.336319416761398 0.3396155834198 0.453331977128983 0.457397699356079 0.455119132995605 0.460722237825394 0.461651623249054 0.461431384086609 0.461907416582108 0.462383925914764 0.457247942686081 0.453701794147491 0.457160592079163 0.460884243249893 0.462243497371674 0.462816566228867 0.463281214237213 0.46344980597496 0.46258819103241 0.460431575775146 0.453169822692871 0.449074745178223 0.444660872220993 0.434382021427155 0.425640046596527 0.420346528291702 0.394236475229263 0.395430266857147 0.397995978593826 0.399164229631424 0.422377020120621 0.424087017774582 0.428403943777084 0.434443145990372 0.439959496259689 0.446471810340881 0.456205546855927
-9999 -9999 -9999 -9999 -9999 0.614708721637726 0.641944646835327 0.649530172348022 0.642538964748383 0.535086452960968 0.474919766187668 0.336078643798828 0.33772075176239 0.320514440536499 0.279680758714676 0.253464311361313 0.249385297298431 0.262469410896301 0.268383711576462 0.269600749015808 0.374521136283875 0.377603143453598 0.451498061418533 0.455406039953232 0.454204618930817 0.455814331769943 0.455724895000458 0.458337098360062 0.454189479351044 0.447368085384369 0.444520235061646 0.442773550748825 0.445838958024979 0.451505839824677 0.458792984485626 0.465939193964005 0.464828431606293 0.464445918798447 0.457583129405975 0.454906612634659 0.452553898096085 0.445711076259613 0.438244163990021 0.430056720972061 0.401292204856873 0.396904826164246 0.398806899785995 0.403512686491013 0.342511922121048 0.34232622385025 0.342540442943573 0.370134860277176 0.377280235290527 0.385150045156479 0.461642503738403 0.477434635162354
-9999 -9999 -9999 -9999 -9999 0.641891717910767 0.628617584705353 0.625711739063263 0.553624987602234 0.491636604070663 0.431432813405991 0.304964631795883 0.293065190315247 0.273975491523743 0.244121938943863 0.216425523161888 0.220234870910645 0.231414541602135 0.238486438989639 0.342936426401138 0.350604265928268 0.361397743225098 0.372479915618896 0.377072542905807 0.380039542913437 0.380484044551849 0.378130227327347 0.375245362520218 0.372649997472763 0.371450513601303 0.43679004907608 0.438654601573944 0.443542838096619 0.451154112815857 0.462062031030655 0.466099888086319 0.465954184532166 0.46003332734108 0.458403319120407 0.456859976053238 0.454354912042618 0.44835752248764 0.44049346446991 0.433482229709625 0.343110173940659 0.340875655412674 0.34191107749939 0.344729721546173 0.346830993890762 0.349108904600143 0.352738827466965 0.379316031932831 0.387353032827377 0.396334171295166 0.405147165060043 0.482892274856567
-9999 -9999 -9999 -9999 -9999 -9999 0.626956403255463 0.613892436027527 0.509119749069214 0.454961657524109 0.292388945817947 0.298615545034409 0.279337257146835 0.261190712451935 0.239952683448792 0.193392813205719 0.203803479671478 0.207056850194931 0.299663513898849 0.314082205295563 0.320507824420929 0.336084216833115 0.344226032495499 0.351549863815308 0.358046144247055 0.35850578546524 0.359365731477737 0.357037633657455 0.357435762882233 0.360368460416794 0.363477408885956 0.369087606668472 0.375203013420105 0.384333699941635 0.462639778852463 0.467230409383774 0.467331618070602 0.461214601993561 0.459858030080795 0.459222584962845 0.45722359418869 0.451785981655121 0.37927371263504 0.373494893312454 0.371717423200607 0.347244948148727 0.348106950521469 0.349730104207993 0.351473718881607 0.354234784841537 0.360345840454102 0.387286275625229 0.395963370800018 0.406148582696915 0.413533747196198 0.421791017055511
-9999 -9999 -9999 -9999 -9999 -9999 0.654599130153656 0.590708673000336 0.475014001131058 0.447093456983566 0.315868884325027 0.329331994056702 0.340750902891159 0.328381776809692 0.29412841796875 0.251394391059875 0.214789405465126 0.265492498874664 0.258153855800629 0.285011738538742 0.311058968305588 0.316935151815414 0.317283153533936 0.323051452636719 0.334658980369568 0.343153834342957 0.341227382421494 0.33774521946907 0.339114159345627 0.346302092075348 0.355232954025269 0.360251545906067 0.367062598466873 0.376905113458633 0.389464437961578 0.398806393146515 0.39875915646553 0.397949248552322 0.393055319786072 0.393221288919449 0.392966270446777 0.388706982135773 0.383935809135437 0.379797577857971 0.377877563238144 0.376459777355194 0.375854760408401 0.375716745853424 0.375547587871552 0.375569105148315 0.37831112742424 0.387899518013 0.399381458759308 0.409159868955612 0.393617212772369 0.401024788618088
-9999 -9999 -9999 -9999 -9999 -9999 0.636775434017181 0.600733518600464 0.562746703624725 0.481961607933044 0.474381148815155 0.382547289133072 0.380377173423767 0.392227917909622 0.364293128252029 0.310808628797531 0.23340205848217 0.170838460326195 0.229570895433426 0.265983700752258 0.302328199148178 0.301571816205978 0.292335778474808 0.296904444694519 0.313796818256378 0.327263981103897 0.324277579784393 0.317927092313766 0.320486068725586 0.331873029470444 0.343047231435776 0.348682940006256 0.353708297014236 0.363947302103043 0.378274440765381 0.392916083335876 0.396199315786362 0.393286377191544 0.393738090991974 0.392903000116348 0.393038809299469 0.39281040430069 0.389147490262985 0.385921329259872 0.38618928194046 0.383932739496231 0.383701264858246 0.381031900644302 0.379654079675674 0.378497332334518 0.376632809638977 0.391161918640137 0.403526991605759 0.413169890642166 0.398244857788086 0.400527328252792
-9999 -9999 -9999 -9999 -9999 -9999 -9999 -9999 0.555624067783356 0.551333725452423 0.530651807785034 0.372876346111298 0.24015673995018 0.237312346696854 0.367643803358078 0.339793831110001 0.244103029370308 0.167315080761909 0.213226616382599 0.248362302780151 0.28873136639595 0.284422218799591 0.267317622900009 0.26971635222435 0.289213895797729 0.305569887161255 0.304186820983887 0.297957956790924 0.300234735012054 0.311333894729614 0.321391940116882 0.325997918844223 0.329965710639954 0.33945107460022 0.354624569416046 0.370645731687546 0.382171154022217 0.386498421430588 0.388740301132202 0.391383320093155 0.389936566352844 0.390842199325562 0.390823572874069 0.3897944688797 0.389937430620193 0.389838457107544 0.388520091772079 0.386994868516922 0.384721636772156 0.381966710090637 0.384324371814728 0.393329292535782 0.405975669622421 0.415147006511688 0.396781951189041 0.399472773075104
-9999 -9999 -9999 -9999 -9999 -9999 -9999 -9999 0.688236236572266 0.674203038215637 0.592372000217438 0.388671219348907 0.217138051986694 0.248201474547386 0.228170320391655 0.376013398170471 0.261891067028046 0.166977345943451 0.205937519669533 0.24437427520752 0.281772255897522 0.271409302949905 0.248202487826347 0.249510571360588 0.272018671035767 0.28885555267334 0.288305699825287 0.280929625034332 0.283297389745712 0.295105755329132 0.302131116390228 0.306333482265472 0.307614415884018 0.316573590040207 0.333056420087814 0.348073691129684 0.360822707414627 0.371989846229553 0.38268980383873 0.387728750705719 0.390564203262329 0.393951058387756 0.390363395214081 0.392024487257004 0.395605385303497 0.395623207092285 0.394196599721909 0.390733599662781 0.38703265786171 0.38424077630043 0.383215934038162 0.390288710594177 0.400402218103409 0.41145920753479 0.397955507040024 0.404048234224319
-9999 -9999 -9999 -9999 -9999 -9999 -9999 -9999 -9999 0.70823472738266 0.628638744354248 0.444883435964584 0.270276516675949 0.310014367103577 0.280776649713516 0.255488872528076 0.287157565355301 0.261637806892395 0.212186112999916 0.239744588732719 0.273932576179504 0.260958164930344 0.238787472248077 0.239305734634399 0.258133262395859 0.275607913732529 0.275427043437958 0.269905984401703 0.27162954211235 0.280591398477554 0.287230432033539 0.288851529359818 0.29019370675087 0.297049939632416 0.310037851333618 0.324054360389709 0.336088299751282 0.347949981689453 0.361496716737747 0.375514358282089 0.38430717587471 0.387688338756561 0.391394376754761 0.395551472902298 0.394329100847244 0.39679366350174 0.394043534994125 0.390050441026688 0.385739922523499 0.380450069904327 0.378357946872711 0.381502002477646 0.388150244951248 0.400594115257263 0.397483110427856 0.415779501199722
-9999 -9999 -9999 -9999 -9999 -9999 -9999 -9999 -9999 -9999 0.712072789669037 0.564483821392059 0.394060343503952 0.303073763847351 0.265415072441101 0.336819440126419 0.444177716970444 0.297052055597305 0.234645918011665 0.251950860023499 0.272796124219894 0.258121252059937 0.236085698008537 0.235092982649803 0.252609491348267 0.266607999801636 0.26665273308754 0.261744916439056 0.262941002845764 0.270810812711716 0.276334643363953 0.276791602373123 0.276009172201157 0.281309694051743 0.292807370424271 0.304115831851959 0.315017998218536 0.325171828269958 0.338418930768967 0.35396683216095 0.368608027696609 0.381709098815918 0.386724025011063 0.392013192176819 0.399028092622757 0.402527689933777 0.395732939243317 0.390289336442947 0.385420620441437 0.381158530712128 0.378400802612305 0.38020983338356 0.38491216301918 0.398303240537643 0.39871883392334 0.418381035327911
-9999 -9999 -9999 -9999 -9999 -9999 -9999 -9999 -9999 -9999 -9999 0.642147958278656 0.407776325941086 0.249749928712845 0.258032590150833 0.332433372735977 0.51448380947113 0.357404172420502 0.27681428194046 0.276460826396942 0.272561371326447 0.255971103906631 0.241205051541328 0.239044293761253 0.249500766396523 0.257990330457687 0.258841216564178 0.257455438375473 0.258293181657791 0.26227593421936 0.264246553182602 0.265064239501953 0.265915513038635 0.270434737205505 0.278915524482727 0.286254853010178 0.297325879335403 0.307473063468933 0.320211082696915 0.335154473781586 0.34832227230072 0.364141762256622 0.37725430727005 0.38989332318306 0.397994220256805 0.401920020580292 0.40103006362915 0.392907708883286 0.388876765966415 0.384621798992157 0.382224261760712 0.385698795318604 0.394098728895187 0.405347853899002 0.418293386697769 0.404021888971329
