meets/meet006/_saidas_enm/CCSM_Maha_0k_T_subalaris5.asc
NCOLS 154 
NROWS 168 
XLLCORNER -112 
YLLCORNER -55.5 
CELLSIZE 0.5 
NODATA_value -9999 
[rows 50 to 74 of 168, columns 56 to 111 of 154]
-9999 -9999 -9999 -9999 -9999 -9999 -9999 -9999 -9999 -9999 -9999 -9999 -9999 -1098.44369915008 -773.619281378437 -425.179467487137 -285.285155515768 -230.827368402802 -197.983887276269 -173.919190190051 -172.291554560097 -172.205555793128 -159.748250691604 -172.287957700264 -208.876159877056 -252.823126335265 -323.315585184799 -435.536293035009 -511.74252704411 -582.796587701021 -615.273516346609 -542.266223587334 -459.657152667168 -335.752301610118 -175.992799339837 -75.8711438400334 -49.8518354614626 -37.653740146215 -29.1447217293745 -27.1778342690262 -26.9833298449453 -26.0232413030003 -29.8635881886982 -45.9461395922894 -85.5018617728351 -167.887732718123 -161.846898591099 -172.319840237981 -186.064729449334 -183.244395852931 -190.102595714696 -206.574307238188 -160.036186108158 -130.804204009889 -116.664220303384 -98.6005934284978
-9999 -9999 -9999 -9999 -9999 -9999 -9999 -9999 -9999 -9999 -9999 -9999 -9999 -737.425801333538 -621.105511661394 -420.66503408645 -290.937921648857 -228.144695799889 -207.929227699905 -216.30285252032 -227.953605937136 -253.406465258874 -246.190069199834 -265.328262520581 -311.174807582594 -386.943411521406 -438.870883373965 -496.68790722332 -559.925344573834 -631.357375450791 -652.627414853812 -603.953038750225 -514.180774997563 -418.107449318787 -240.081363934062 -123.305281588242 -69.1421040475894 -46.2760453785021 -39.7532324092675 -33.3573725119646 -30.0497164237769 -31.0579022692048 -35.9810095877194 -49.6041861338663 -77.2744682577307 -104.44629901735 -123.068046985677 -125.128346055452 -139.863429975428 -161.895514168676 -180.332279434732 -180.210344415705 -145.431840712864 -121.472122278294 -105.891303258739 -93.3947686061692
-9999 -9999 -9999 -9999 -9999 -9999 -9999 -9999 -9999 -9999 -9999 -685.121857433839 -523.748922010893 -471.048794357354 -496.59984762279 -424.576257637382 -326.129183734794 -247.094238009162 -234.381319862808 -283.190547129636 -303.489294569704 -335.520696673588 -367.978936268174 -403.922707927743 -442.692466163286 -469.94379898855 -535.900315851455 -599.827994531357 -660.194393352039 -721.441168655826 -731.390018417097 -656.536336539919 -550.548510980547 -445.768986288232 -302.135842738292 -169.524046461761 -103.739192116074 -68.2514097337415 -54.898953625179 -48.3306321070442 -38.0337587053965 -41.0519269135112 -44.5331332839545 -54.2992920843026 -69.8428328042207 -78.6722330752844 -102.909628597758 -105.264003521873 -124.910052323172 -165.956223573813 -173.93180741913 -149.604489324431 -133.973856369279 -116.350970924524 -96.2038524244744 -79.9503987590093
-9999 -9999 -9999 -9999 -9999 -9999 -9999 -9999 -9999 -9999 -629.210916224188 -526.450775807129 -409.335844946967 -357.448710957663 -365.387361175965 -415.359737740988 -427.69418847971 -359.608950127129 -334.352548328592 -368.772461030452 -395.321930788949 -433.440169771095 -475.463279193719 -513.067736885972 -547.483122513094 -586.014342487611 -651.01967143277 -723.021406983693 -779.585462799562 -810.381215474228 -791.46892398832 -697.390587059026 -572.663133501299 -458.549295081405 -353.474174357905 -212.312447680858 -142.055301312892 -108.245416791283 -88.0202213017885 -78.6190883170033 -66.8991101270834 -64.0792723412516 -64.0743542625513 -72.3590957459395 -91.5117563356527 -105.578882791167 -129.302065037923 -148.280365227701 -179.574439400102 -174.336089618194 -142.186370045814 -125.763639487822 -125.875723828949 -107.522895882688 -79.5741113336142 -63.1399858187717
-9999 -9999 -9999 -9999 -9999 -9999 -9999 -9999 -9999 -9999 -403.038744164239 -334.579167734864 -298.969123002264 -252.96331494618 -284.582445458099 -360.528179141715 -474.754715110379 -508.443753204186 -467.787664233276 -489.724071985982 -514.237791757729 -556.220836588971 -600.601746134099 -630.796850089878 -669.560334819619 -714.334658659946 -778.804966560297 -830.425997852369 -840.109276814873 -821.689827923555 -810.334879124115 -730.049912598014 -600.610057480846 -481.657921048867 -385.961038216317 -258.423688782247 -190.417130759416 -158.144484052978 -135.144322035636 -123.23459894199 -110.719219659916 -105.804412919437 -103.446697073705 -112.767641646632 -136.352559249422 -161.484572953386 -202.964228684557 -196.892924182775 -163.812159597285 -138.88392202844 -106.457699755387 -105.001056038438 -113.270664771033 -101.96609975946 -70.3002875064724 -51.2639343763532
-9999 -9999 -9999 -9999 -9999 -9999 -9999 -9999 -517.449772718395 -280.744166176147 -167.336947275885 -188.68453281573 -220.591763583216 -223.518728208711 -255.185205195778 -330.946977157022 -459.470125357568 -574.304310129031 -608.029846513282 -633.17558250915 -653.065689256527 -680.814492908034 -678.788427410302 -689.912110631661 -734.068277273017 -733.268903767392 -731.329172398632 -712.308878865716 -712.374386200418 -724.233698230277 -706.376259468747 -682.292255920778 -635.477929496922 -521.617659505722 -424.875332209925 -328.395178385921 -257.084506509269 -217.890298140977 -193.254482472008 -188.088277941487 -187.049201783508 -189.804106840683 -185.918553593358 -197.970850446595 -229.302937455577 -210.530806519806 -187.151617885396 -165.398541579605 -144.412425375326 -112.01842286256 -97.2093099266278 -96.8802090450122 -109.098839378177 -104.112995688697 -67.4615766951058 -47.4797486193762
-9999 -9999 -9999 -9999 -9999 -9999 -9999 -9999 -347.912972631236 -150.661853897952 -66.6078883001281 -95.5625378958221 -151.351984922598 -198.129740949433 -238.979969318485 -308.266536420904 -422.756421186354 -566.384905555766 -631.189708783671 -661.749387438162 -683.1396941027 -677.483480938063 -663.503353685144 -643.973286082576 -644.017346503191 -636.079870262139 -625.572828582611 -618.526131296579 -614.156950021089 -612.472791357705 -601.721330381568 -586.67956550806 -569.412570902511 -563.402489659871 -483.830010818669 -412.67947111198 -352.974517612277 -305.299625048947 -279.994411284605 -279.702204402882 -289.589165180662 -303.832671505882 -308.078179413785 -275.306450252561 -242.239012484408 -205.207417564229 -186.483715363632 -160.133199561559 -130.104478645371 -115.880152418709 -105.421493359766 -106.327841350126 -113.373046478542 -103.064613807608 -65.1507109510663 -44.3619074063865
-9999 -9999 -9999 -9999 -9999 -9999 -9999 -383.141929925704 -219.00096275256 -77.2963454170181 -23.3042624890102 -45.1176806799578 -105.986266671481 -181.583101950025 -240.416171000074 -297.499445751697 -399.313121625444 -515.457446159549 -540.955238881567 -569.252551468848 -589.793017527906 -579.300616729485 -568.76067640014 -559.533783758071 -561.093324254914 -565.816651352184 -555.92317116273 -538.431203169982 -533.786386070905 -539.468654653832 -549.035286414121 -534.294645207155 -523.888687878577 -518.077835528334 -517.965790324047 -473.222655498931 -442.665846157829 -417.207339926283 -396.911142997093 -396.442983633103 -382.399759152523 -364.285041911233 -336.444311490789 -290.169899076205 -248.865419010116 -211.495202146035 -191.421502353514 -169.024014537694 -153.673943134459 -142.504471032772 -131.531569344641 -129.503106002738 -124.903787072624 -105.55519574142 -65.4155478875158 -42.2385971264616
-9999 -9999 -9999 -9999 -9999 -9999 -9999 -243.190676942043 -123.568645210297 -33.2606127637559 -8.71634280852185 -27.0902172126939 -110.101967320305 -207.021555773509 -264.786010765896 -296.932118475563 -386.997526084742 -444.645637301441 -457.791158132697 -476.268984387225 -491.755744742108 -489.452716655321 -482.983921242532 -471.485120521466 -466.570556721389 -468.803812831311 -460.800652316805 -460.412541285662 -461.800176226731 -465.285415638165 -474.575733840175 -479.324822010347 -478.699819002742 -480.226015784377 -487.55458860028 -503.789807242124 -473.779422674636 -442.489033347472 -427.129539810452 -422.63225460061 -399.285700241579 -378.722100550548 -338.229402036735 -297.027506774286 -267.861040150175 -240.287860186706 -230.675482220402 -206.067637662701 -184.160232709613 -164.640525024806 -152.487369034478 -143.628590784619 -134.253221358469 -110.685954451823 -75.5695274279046 -50.2139252912561
-9999 -9999 -9999 -9999 -9999 -9999 -286.437729785972 -137.745305582584 -56.7308353745934 -16.677144976614 -4.32572215175697 -25.4074218759809 -160.720744016161 -285.567300163462 -298.892489636199 -300.486931406162 -336.003091752417 -370.632549755341 -378.386181812259 -398.023306477973 -416.364156384632 -409.513422198387 -399.200051052237 -390.363884726016 -392.593118880194 -395.99518297504 -390.474291356346 -381.954043755764 -381.336602224781 -393.251395630838 -403.519165832219 -415.170168552399 -424.416193098286 -433.340275454059 -444.285057793987 -449.135596618063 -454.952038259448 -455.335788204475 -447.117095420795 -438.76772641314 -414.085098941115 -371.601093188692 -324.428725570198 -269.100174954393 -228.430836056056 -191.800891836694 -175.831717076043 -158.453796432456 -146.860097714954 -138.297024975329 -127.390858373616 -121.677217724711 -112.287574382256 -110.911971035322 -89.111212464525 -65.7996420948568
-9999 -9999 -9999 -9999 -9999 -9999 -220.359421787666 -101.908077964173 -39.1798852600548 -14.5967232929941 -9.17412513098911 -35.6904714448041 -191.046064347308 -277.556168214211 -284.634555074863 -278.567786665108 -301.308907316146 -322.241222015301 -322.283823748988 -332.603957675382 -341.531185151137 -333.913579897747 -322.858532139306 -316.497977495099 -320.335459342062 -328.224409962919 -322.833760251017 -316.90981985012 -316.744626696155 -322.75209141351 -332.872865388232 -339.920832428404 -349.353894979111 -360.0160556813 -373.61095670419 -380.405362249615 -377.490789288942 -370.201420092089 -349.78412027829 -327.286803218356 -300.002180985315 -264.525373220091 -229.018861207274 -192.714341639772 -163.604698620006 -140.735472893291 -127.563363827259 -119.721130856799 -113.533717704414 -107.008010350437 -101.706074415613 -99.1721677117754 -100.634625226026 -107.272538475071 -104.989724326084 -90.2783750299486
-9999 -9999 -9999 -9999 -9999 -9999 -182.902267141766 -98.2924385095873 -37.5564782078736 -16.8537944409241 -14.6919470263911 -43.9428161237558 -177.556745524451 -247.207785269807 -256.230146495387 -263.387615572341 -276.746378492747 -284.914672911466 -279.655652606978 -284.082798981225 -290.535395390937 -273.93753474624 -258.670570741372 -253.542874962786 -263.648806073165 -273.70427478036 -270.634417008716 -267.208215357388 -265.281116801876 -269.789703439923 -277.727736521858 -281.486252647834 -289.609852299938 -297.375476643393 -309.167341919494 -322.472787959152 -314.245764753409 -300.233255441585 -273.790668138147 -247.56197665593 -214.840854336069 -186.154969202351 -159.608451281209 -139.442886108187 -122.152356704777 -106.103977197082 -99.5740721300855 -92.2049352232211 -88.4391359186073 -86.4951633763022 -83.6654909243085 -89.7012114798102 -99.6343101635255 -105.936074049084 -106.228553429124 -111.201309423793
-9999 -9999 -9999 -9999 -9999 -9999 -9999 -108.157649517926 -46.661018078416 -21.8927307544932 -18.0848431297684 -43.298687296129 -155.570181703434 -203.973768292124 -221.547857873359 -238.653611601417 -250.58800129507 -246.267467815832 -238.154432025434 -235.232201182823 -231.404412811508 -217.181013517755 -204.8290167226 -200.884437611863 -207.530008265297 -216.396346428092 -215.339378004656 -213.45287735379 -211.985776766644 -212.550517454355 -218.208565903455 -221.664676502322 -228.748680325599 -232.924297091338 -236.422508444163 -240.175961707648 -236.32267624271 -230.664023066837 -205.807309650925 -178.049143805053 -150.10340395228 -127.003892954393 -109.38389684294 -93.4195110884741 -81.7568000136988 -74.8338794033155 -69.7392000340379 -67.9884846913642 -66.9902678981512 -65.926206476651 -68.6392743418987 -76.3338180908419 -88.5416691533316 -101.577259312074 -101.439329067421 -108.37416190112
-9999 -9999 -9999 -9999 -9999 -9999 -9999 -9999 -59.0935627768143 -27.6958073247735 -13.0251341853993 -40.9997491158295 -138.679104338573 -172.75190250866 -193.004020802786 -213.682060259859 -220.260957117026 -212.425111714901 -202.37075009994 -197.696819938042 -188.06986814164 -176.691997722512 -163.838631890726 -159.323942298458 -165.476026666143 -170.8840374473 -167.974093683364 -165.438761541773 -163.982027956959 -164.015200589941 -166.32251563859 -171.539989763618 -176.085643919978 -178.437968130629 -178.324160821597 -173.250136249929 -172.975938703278 -166.331039094505 -155.935168497259 -133.355792065681 -108.963553036718 -92.2996349529979 -76.0592027298727 -66.8641965843944 -63.2200903741699 -61.1440748138078 -62.4967570043674 -64.5355707600494 -65.7615722700703 -65.3103102452044 -67.9029825854523 -71.2614590794897 -78.7169743356516 -86.6468797520424 -92.5218347608055 -96.3498947557146
-9999 -9999 -9999 -9999 -9999 -9999 -158.894969543008 -127.645818612831 -62.0775261901386 -30.8070784318887 -20.9482171059982 -48.196415777848 -129.033767549639 -157.196620551939 -166.370564699263 -173.838982634341 -184.36932629762 -187.74131953882 -178.709979938666 -166.371656783739 -155.176179096516 -144.670923992662 -138.15390437006 -131.945840619339 -127.496121724796 -125.391344446118 -121.989650795887 -120.980258341684 -120.10093044334 -120.178300510589 -122.362339374143 -125.665082817856 -129.646275673854 -131.377892600248 -132.004515399357 -130.603274592366 -125.871739462568 -120.042055658033 -114.475227549308 -100.228637980852 -85.5830075293969 -74.3933201418345 -65.0563097825834 -59.813893826351 -57.2445770276716 -57.5848088447921 -58.0771651812736 -59.8729589205687 -60.4654123263914 -58.984658345479 -59.2531801191664 -60.2170843298436 -65.0310160440581 -71.8369406792756 -77.958609570083 -90.1677112691723
-9999 -9999 -9999 -9999 -9999 -76.0125780475576 -154.495896675498 -97.0245177146995 -49.0187081557423 -28.2904662119406 -22.7406488192801 -54.7490922189539 -122.14192274935 -142.535173415351 -141.041769733692 -135.085399948759 -152.689039370237 -158.09649984843 -155.719510790389 -140.464778696763 -127.691777709405 -118.567976163935 -115.797264949419 -108.184688506669 -97.1836179979789 -89.1470679471698 -86.8085124382429 -85.4225913299964 -84.3500805528013 -85.2573069164669 -87.8589002212975 -88.7465097447706 -91.9912284805591 -94.3139155797261 -97.1440349309043 -99.7311426185424 -93.7166335083117 -89.4732259566802 -87.8706259973266 -83.1389383631981 -74.3320416260838 -64.1048629059753 -58.31826754284 -55.0821217611779 -53.6065309656517 -54.1375000676843 -54.0213242278417 -54.356440000756 -54.283521280334 -52.7143469118846 -51.2499892105517 -52.0395599314746 -53.3276258094144 -59.424579399196 -68.0129157003248 -83.2130334281079
-9999 -9999 -9999 -9999 -9999 -87.3281074093646 -130.853457112016 -76.7018693122617 -40.5593131350055 -29.3857528585025 -36.1326092739486 -61.4931850188276 -93.5207751135463 -101.560211399262 -107.753155894037 -113.889940510105 -129.399534367851 -130.777817797524 -125.896786442009 -110.890346622071 -97.6525773988815 -91.0371535294452 -86.9289364206553 -79.7074438334809 -70.9396221888122 -64.4407794974818 -60.3038711372924 -58.6360597575179 -57.2364164801929 -56.6545020138445 -57.3575878387486 -59.0481533324211 -61.9520621840966 -64.6562443895636 -68.1985367850183 -70.3293271242526 -68.3536917552204 -66.8329454193313 -67.0505858219615 -67.8057768779506 -61.6163441484125 -54.2788444594897 -50.4929322973302 -48.5169309013392 -47.2362425212715 -47.5692412335545 -46.9294501211349 -47.0468111912805 -46.7498626457343 -45.4921753589133 -45.442709396113 -45.0667311520472 -46.9581658013375 -51.0151635701048 -56.5136682908085 -64.5790512025921
-9999 -9999 -9999 -9999 -9999 -9999 -99.5634644045288 -64.4034245832098 -33.8134219284921 -38.1690986274351 -42.4077107337761 -58.3671599280917 -79.1206229846985 -81.2434939990413 -92.6870892342664 -98.2563158592454 -114.800989644975 -105.649613616538 -96.200444992962 -84.048955849365 -69.4037953118331 -68.2404036131746 -63.2913295983309 -56.4823823852245 -50.1980159277583 -44.4548124990567 -41.0991426998359 -38.5638837427571 -36.9317030243992 -36.2514990659923 -35.6455250446915 -38.1671406710087 -40.1379672573203 -42.3073798805456 -45.9058897588591 -48.3690548667215 -47.4938126254984 -47.3410371174037 -48.8412019429196 -52.3948729552434 -50.103141758868 -44.3925631796269 -41.6857362012269 -40.2830724117372 -39.3859835808 -39.8722672853388 -38.6382915702372 -38.4761547895355 -38.1045503473838 -37.312372998824 -38.6664675111965 -38.1339555640374 -40.0835286093523 -42.8369632987909 -44.6862586319834 -48.8865021404203
-9999 -9999 -9999 -9999 -9999 -9999 -112.213391458909 -69.4642707073516 -39.8906392943557 -34.6894436682329 -38.1192747564117 -48.5567460616231 -73.6328639192017 -91.9489443257079 -98.9365888590604 -111.531961482987 -105.027503735258 -89.1166264549157 -79.2022747207483 -68.6702138324226 -53.8206921973067 -48.8042438077234 -44.556074221896 -40.2992639391788 -35.8789440556458 -31.4339617959355 -27.6560903724649 -24.3705288269805 -22.9093082352631 -23.215457359568 -24.0634165081843 -24.7692298022318 -25.9568451287145 -27.3535583572747 -29.3284142747445 -31.1645178871606 -31.2305411269969 -31.889354534947 -34.0163360316758 -37.222843378036 -39.5968411631434 -35.6182359551275 -33.4554319170856 -32.2017350352474 -31.3397325916029 -31.182724579316 -30.4053899284388 -29.8978520200722 -29.5458856655571 -29.0929122571434 -29.361654934403 -30.4717581011724 -32.7527902803375 -34.909573349524 -36.5662586718293 -39.0999183726854
-9999 -9999 -9999 -9999 -9999 -9999 -122.216783684244 -99.0984715632392 -56.3978307302619 -35.4828392619602 -28.0371046064501 -38.6217363256928 -63.5785275092912 -85.362897794466 -99.0212919977014 -112.902182965673 -106.375211904392 -87.024121582255 -74.5828852146446 -62.8750024679659 -44.5484743799547 -36.8903778070309 -33.4627048424426 -30.2711224594996 -26.4876980871036 -22.5197953327074 -18.7745699544852 -15.6242944475752 -14.212560066203 -14.5875969498583 -15.2419263217851 -14.8647106578549 -15.3569406658459 -15.9619200323688 -16.860935708827 -18.5982782804926 -18.6977490217342 -20.0226458610763 -21.2464113926596 -23.729996870168 -27.3023393151163 -26.5585584540233 -25.4455668139668 -24.3596082157401 -23.2271696591748 -23.5296970422655 -22.4800374604696 -22.2399898448054 -22.1269923257106 -21.7190282760371 -22.4520745551097 -23.8460489036606 -26.6318868153538 -29.0084079422609 -30.7955128179888 -33.7857098886187
-9999 -9999 -9999 -9999 -9999 -9999 -9999 -9999 -135.949977435661 -45.010132262211 -15.5618060199466 -26.509249546991 -60.6383493882082 -73.4323470652146 -82.2184346627917 -91.7303124964679 -102.776142590175 -103.332277545166 -87.9880088892594 -60.6694810347366 -36.8774212526604 -30.1522166632104 -29.934326740261 -26.7687305510097 -21.8636867749978 -17.1705702950705 -14.3947128877957 -12.0151407466816 -10.529354761747 -9.76548108734286 -8.86397628314736 -8.63454352436632 -8.15746809713803 -8.18134983330358 -8.90893780583886 -9.66058584897772 -10.4760573379149 -11.4611722905649 -12.2361365355145 -14.1027587414092 -16.2957849473024 -17.8511966534241 -18.3385992877924 -17.746609109962 -17.6192098084067 -17.5525560265935 -17.152508404559 -16.8187433503379 -16.8932467173862 -17.2974761660841 -18.1862423588998 -19.6862992770699 -21.9115197683092 -24.0593530483487 -26.5969522299797 -30.2814523931795
-9999 -9999 -9999 -9999 -9999 -9999 -9999 -9999 -96.2013629965617 -56.2648448997153 -11.1470722130045 -21.9468174925757 -59.3831422163142 -67.5146766063227 -68.2989759505082 -75.209563143718 -86.1375884976532 -96.9616642630136 -87.4118842442084 -54.3755906966746 -31.4104796189013 -25.8490207058139 -23.9285251719712 -21.1423633862393 -19.2802205706399 -14.6631184399442 -12.5608629455712 -10.8438978296711 -9.24572475389175 -7.78469781993916 -6.25153016342009 -5.68948162416187 -5.03513598915845 -4.65962812335454 -4.62624806445697 -4.81925026730148 -5.20938891362486 -5.7988380323436 -6.12305287659211 -7.12774392309371 -8.66253093768014 -9.82198155206094 -11.0136322987753 -12.1008610308031 -12.788608692582 -13.2471175742473 -12.2795121215417 -11.6383692260605 -11.7046133814136 -12.2945376096621 -13.7480700857861 -15.2089018688216 -17.5558014258129 -20.4852088776415 -24.4849898145714 -29.8931533032289
-9999 -9999 -9999 -9999 -9999 -9999 -9999 -9999 -9999 -73.2101224223724 -13.3037093029323 -26.3871170004403 -66.0239265804282 -66.5927099264538 -56.926482405683 -57.5416822007667 -62.2313494583662 -70.2042231222854 -66.8112885733515 -47.3628694148376 -27.3226996544466 -21.4373782220053 -20.5081687007766 -17.1793153177381 -15.012365497974 -13.0219512740307 -11.6266172433626 -10.6025618531447 -9.7540289102569 -7.9852499443901 -6.17192643198153 -5.40226048527593 -4.68790909025478 -3.9861011624866 -3.39905658877538 -2.98781413579397 -3.07934359871961 -3.2491688721069 -2.9899340763703 -3.45037534484622 -4.0901960730665 -4.99253260903728 -5.84261157217645 -6.75309596986857 -7.98350722187192 -8.31584932393079 -7.38836064383339 -6.85393866524923 -7.64475591003538 -9.481503777134 -11.7016898161034 -13.9664679746965 -16.5216314991593 -19.9754238980652 -24.4620481365801 -29.8022722832765
-9999 -9999 -9999 -9999 -9999 -9999 -9999 -9999 -9999 -9999 -35.6364177991005 -39.9378012213982 -63.7039951555163 -56.6012121350398 -44.6903335848116 -39.7453047973238 -36.0892540654129 -42.2365233188271 -44.291919773893 -33.9820760406425 -23.0328795143437 -19.0809751285243 -16.5479925806876 -14.0499561546778 -11.9216487361565 -10.1826290839705 -9.4872139204321 -9.10610591284476 -8.65476745278357 -8.00209989741638 -7.17565569910009 -6.30800423904202 -5.47083074084976 -4.56412647197288 -3.62622549294575 -2.98753094945703 -2.69435269819649 -2.37551439316901 -1.88570419445406 -1.91829673983433 -1.85993111435411 -2.15043638104945 -2.66810532423383 -3.22115580286157 -3.9387987203363 -4.14137259198162 -3.54870658654017 -3.74648363841611 -5.21896245554534 -7.62450659748371 -10.773841955296 -13.7274272160005 -17.1940850595515 -20.5605923568158 -23.8897575661057 -28.1866025846724
-9999 -9999 -9999 -9999 -9999 -9999 -9999 -9999 -9999 -9999 -9999 -74.7658661181809 -46.6376089144006 -31.7545209146046 -27.4012933654943 -28.337871056832 -20.5282772836419 -19.9470926310715 -21.5318317937603 -22.3531659455583 -20.5710626844453 -17.3400548622925 -13.4729075507063 -11.2129121785583 -9.86315498155338 -8.48706080021395 -8.33513073050653 -8.20360866866887 -8.01848358239338 -7.8220307583752 -7.30452963273824 -6.82991711323936 -6.26923521761207 -5.5163071870324 -4.56513569563524 -3.87228206751549 -3.27182747966788 -2.92657161256649 -2.13140390824496 -1.43124559163029 -1.03954465824559 -1.18168899680995 -1.07572989304353 -1.10425261858605 -1.40231266793498 -1.28415711568877 -1.18301263216676 -1.74723718812392 -3.45001074629269 -6.3163378005545 -10.08701405384 -13.5500259376271 -17.3373743038705 -20.365292138412 -22.4138036600264 -24.8116366155494
