meets/meet006/_saidas_enm/CCSM_Maxent_0k_T_nigriceps5.asc
NCOLS 154 
NROWS 168 
XLLCORNER -112 
YLLCORNER -55.5 
CELLSIZE 0.5 
NODATA_value -9999 
[rows 50 to 74 of 168, columns 55 to 109 of 154]
-9999 -9999 -9999 -9999 -9999 -9999 -9999 -9999 -9999 -9999 -9999 -9999 -9999 -9999 0.0207580011337996 0.134911864995956 0.164307653903961 0.158840149641037 0.143830627202988 0.140410676598549 0.184998020529747 0.142740160226822 0.31320783495903 0.0771981626749039 0.0178940128535032 0.01801404543221 0.019367840141058 0.00573753425851464 0.00581686571240425 0.00580443814396858 0.00577170075848699 0.00573368044570088 0.00591097911819816 0.00569899659603834 0.00615890696644783 0.0730374306440353 0.0733581185340881 0.15128481388092 0.155175909399986 0.157049506902695 0.188342064619064 0.0880778506398201 0.0955887883901596 0.0860306769609451 0.0212148334830999 0.0164285954087973 0.00356838130392134 0.00447153113782406 0.00338037265464664 0.00342470314353704 0.00391679350286722 0.00400242675095797 0.00524631375446916 0.0181034915149212 0.018150145187974
-9999 -9999 -9999 -9999 -9999 -9999 -9999 -9999 -9999 -9999 -9999 -9999 -9999 -9999 0.121800631284714 0.139639377593994 0.15185259282589 0.149903684854507 0.14653554558754 0.14088474214077 0.138410657644272 0.122068285942078 0.104965209960938 0.0228022895753384 0.00568370101973414 0.0054835993796587 0.00555440038442612 0.00550119951367378 0.00545314466580749 0.0053918375633657 0.00537440087646246 0.00533465575426817 0.00531420391052961 0.00528447097167373 0.0055908327922225 0.00619741529226303 0.07003253698349 0.075318232178688 0.075538158416748 0.0764089673757553 0.0947766602039337 0.0868067592382431 0.0249480195343494 0.0220707710832357 0.0192560814321041 0.016887741163373 0.0159775428473949 0.0155675001442432 0.0119795277714729 0.012220355682075 0.00408665416762233 0.00528816180303693 0.00559661677107215 0.0186224728822708 0.018492428585887
-9999 -9999 -9999 -9999 -9999 -9999 -9999 -9999 -9999 -9999 -9999 -9999 0.0192596353590488 0.12195960432291 0.204706072807312 0.149208515882492 0.14386348426342 0.142157644033432 0.142541706562042 0.194800764322281 0.127070292830467 0.119862355291843 0.0519041605293751 0.0233820956200361 0.020443607121706 0.00560814375057817 0.00553303118795156 0.00537741277366877 0.00528500881046057 0.00517599936574697 0.00512498477473855 0.00510098785161972 0.00507561536505818 0.0051080328412354 0.00544294016435742 0.00603741221129894 0.0700221061706543 0.0735443383455276 0.0726731419563293 0.0720652192831039 0.0720575079321861 0.0687402784824371 0.0242708567529917 0.0222108270972967 0.0204518046230078 0.0196176376193762 0.014721417799592 0.013847972266376 0.0137568265199661 0.0142247201874852 0.00608313782140613 0.00632333336398005 0.00616011628881097 0.0195081830024719 0.0186832174658775
-9999 -9999 -9999 -9999 -9999 -9999 -9999 -9999 -9999 -9999 -9999 0.016316732391715 0.0972591191530228 0.143799543380737 0.145899385213852 0.14129251241684 0.136314168572426 0.184576138854027 0.12006027251482 0.111406840384007 0.103306509554386 0.049803152680397 0.0246608164161444 0.0225880965590477 0.0208746455609798 0.0199523810297251 0.00545966578647494 0.00524256657809019 0.00507925264537334 0.00495971692726016 0.00496157445013523 0.00496641313657165 0.0048714391887188 0.00492282584309578 0.00524059822782874 0.00578636070713401 0.022449342533946 0.0700973942875862 0.0712690204381943 0.0704835802316666 0.0685269683599472 0.0660772249102592 0.0181485377252102 0.0170848462730646 0.0163069944828749 0.0159496143460274 0.0159412212669849 0.0156421698629856 0.00494249491021037 0.00547166354954243 0.00674612959846854 0.0218663793057203 0.0209587104618549 0.0197240132838488 0.0175782553851604
-9999 -9999 -9999 -9999 -9999 -9999 -9999 -9999 -9999 -9999 -9999 0.228719785809517 0.127305909991264 0.143145173788071 0.140175208449364 0.180139571428299 0.147770404815674 0.117210119962692 0.0772731676697731 0.0229127313941717 0.0229853931814432 0.0221223905682564 0.0218864195048809 0.0216854196041822 0.0207310616970062 0.0198802314698696 0.00535353971645236 0.00508600892499089 0.00495012849569321 0.00484463851898909 0.00482564652338624 0.00482605071738362 0.00471534207463264 0.00470724329352379 0.0050106761045754 0.00549212284386158 0.0213942509144545 0.0212395824491978 0.0217478442937136 0.0682395324110985 0.0656553730368614 0.0182352866977453 0.0170628856867552 0.0161930602043867 0.0156689882278442 0.0157288294285536 0.00510208727791905 0.00506088510155678 0.00709481118246913 0.00712827639654279 0.0229536257684231 0.0227840542793274 0.0215753260999918 0.0200344249606133 0.0185806658118963
-9999 -9999 -9999 -9999 -9999 -9999 -9999 -9999 -9999 0.0118950912728906 0.133813738822937 0.324046611785889 0.146150439977646 0.18043851852417 0.182460576295853 0.17988409101963 0.216427847743034 0.11043019592762 0.0233782064169645 0.0193806476891041 0.0194122046232224 0.0203167423605919 0.0203039385378361 0.020240431651473 0.0199188068509102 0.0191876366734505 0.0189040042459965 0.00507842237129807 0.00490546179935336 0.00479081785306334 0.00473630242049694 0.00472194701433182 0.00462362030521035 0.00458414619788527 0.00480522401630878 0.00520680332556367 0.00564873963594437 0.0055749393068254 0.0203163027763367 0.02016931027174 0.00548258749768138 0.0052360245026648 0.00489795720204711 0.00465749762952328 0.00457823136821389 0.00462876353412867 0.0047983075492084 0.00492473226040602 0.0167459882795811 0.0170107111334801 0.0169644579291344 0.0177935510873795 0.0171182099729776 0.0217843875288963 0.0203630868345499
-9999 -9999 -9999 -9999 -9999 -9999 -9999 -9999 -9999 0.0670505240559578 0.303567260503769 0.436760365962982 0.428662180900574 0.178146362304688 0.182907491922379 0.180685147643089 0.162480682134628 0.106167644262314 0.0210195071995258 0.00489879166707397 0.00504491431638598 0.0187416728585958 0.00526807829737663 0.0188096016645432 0.00528255896642804 0.00523218745365739 0.00521975895389915 0.00500955618917942 0.0048444839194417 0.00474987318739295 0.0047228978946805 0.00471976678818464 0.00464824307709932 0.00459397677332163 0.0046212887391448 0.00488994875922799 0.00516151217743754 0.00530322641134262 0.00509285088628531 0.00507069658488035 0.00492848549038172 0.00480329291895032 0.00461664237082005 0.00446837721392512 0.00442637922242284 0.00450896006077528 0.0152795221656561 0.0166850537061691 0.0173594281077385 0.0176591333001852 0.0243717525154352 0.033248208463192 0.0227709356695414 0.0154034476727247 0.0207207705825567
-9999 -9999 -9999 -9999 -9999 -9999 -9999 -9999 0.0584095269441605 0.292081624269485 0.333989441394806 0.442877769470215 0.429840594530106 0.399765402078629 0.174250692129135 0.181897550821304 0.161013871431351 0.133132517337799 0.0200631525367498 0.00470616808161139 0.00469821598380804 0.00483288383111358 0.00487807672470808 0.00481764739379287 0.00480643613263965 0.00484862877056003 0.00477822776883841 0.0047624995931983 0.00471461564302444 0.00467926310375333 0.00469345087185502 0.00468685058876872 0.00466347392648458 0.00462900521233678 0.00459452532231808 0.00458828918635845 0.00464395340532064 0.00470050191506743 0.0046210098080337 0.0046066609211266 0.00466880900785327 0.00460593774914742 0.00458727031946182 0.00454145576804876 0.00454315077513456 0.0151094114407897 0.0154650676995516 0.0158906783908606 0.0162374023348093 0.0326111242175102 0.028799457475543 0.0282085835933685 0.0275612622499466 0.0282720159739256 0.0202587582170963
-9999 -9999 -9999 -9999 -9999 -9999 -9999 -9999 0.211077556014061 0.328457832336426 0.49590790271759 0.617883145809174 0.431424289941788 0.380368322134018 0.162664383649826 0.220626294612885 0.157551527023315 0.10254917293787 0.0199853219091892 0.00458011496812105 0.00454937340691686 0.00464636599645019 0.00465737469494343 0.00457922508940101 0.00456155324354768 0.00461570639163256 0.00458246842026711 0.00462060794234276 0.00460439780727029 0.00460320012643933 0.0046370760537684 0.00464181927964091 0.00463563110679388 0.00459851091727614 0.00455081462860107 0.00448623951524496 0.00434863427653909 0.0043493858538568 0.00425932742655277 0.00424674060195684 0.00432947650551796 0.00432078447192907 0.00435630092397332 0.0142103098332882 0.0142045170068741 0.0143581870943308 0.0145467733964324 0.0282853040844202 0.026628702878952 0.0248431283980608 0.024893382564187 0.0244192816317081 0.0238591991364956 0.0253562200814486 0.0270770397037268
-9999 -9999 -9999 -9999 -9999 -9999 -9999 0.0918412208557129 0.339223057031631 0.463520675897598 0.511307239532471 0.611983954906464 0.434342324733734 0.161339193582535 0.160286620259285 0.167373299598694 0.151275053620338 0.0340028814971447 0.00755584193393588 0.00471142400056124 0.00456189224496484 0.00463843904435635 0.00459375372156501 0.00457129254937172 0.0045528314076364 0.0045511769130826 0.00456438725814223 0.00455927569419146 0.00455067027360201 0.00456202263012528 0.00456618191674352 0.0045611853711307 0.00455765100196004 0.0045430101454258 0.00449340185150504 0.00445464579388499 0.00439553428441286 0.00429512513801455 0.00422827852889895 0.00417854869738221 0.00418434245511889 0.00423361593857408 0.0138518400490284 0.0138806095346808 0.0139491446316242 0.0196098033338785 0.025464728474617 0.0239225570112467 0.0243091862648726 0.0244449395686388 0.0242802370339632 0.0239373631775379 0.023318825289607 0.0226224083453417 0.027293685823679
-9999 -9999 -9999 -9999 -9999 -9999 -9999 0.0807271599769592 0.216232985258102 0.438241302967072 0.507184207439423 0.538816630840302 0.436209440231323 0.167994886636734 0.168898344039917 0.15619458258152 0.140746131539345 0.0323753096163273 0.00747530581429601 0.0047660730779171 0.00460833450779319 0.00470686377957463 0.00467235688120127 0.00464512594044209 0.00463494658470154 0.00464409543201327 0.00464223558083177 0.00461447145789862 0.00456065963953733 0.00453478237614036 0.00453015137463808 0.00450966274365783 0.00449905637651682 0.00447502732276917 0.00444461172446609 0.00442510982975364 0.00441069435328245 0.00437368871644139 0.00433085625991225 0.00430405233055353 0.0141240768134594 0.0141271809116006 0.0141024673357606 0.0140416258946061 0.019535306841135 0.0250996220856905 0.0233512558043003 0.0236857198178768 0.0238887444138527 0.0239592920988798 0.0238781962543726 0.0234633460640907 0.0229636915028095 0.0222606770694256 0.026752220466733
-9999 -9999 -9999 -9999 -9999 -9999 -9999 0.073370948433876 0.18302994966507 0.421809166669846 0.497668981552124 0.414840698242188 0.526755213737488 0.17472143471241 0.232128098607063 0.153028026223183 0.108234912157059 0.0253190267831087 0.00542472302913666 0.00472031254321337 0.00469012418761849 0.00474822055548429 0.0047086481936276 0.00468675000593066 0.00467507634311914 0.00467749172821641 0.00468132412061095 0.0046313963830471 0.00458118878304958 0.00451476592570543 0.00448996480554342 0.00446878606453538 0.00444279331713915 0.00441185338422656 0.00438378052785993 0.00437419209629297 0.00435809232294559 0.0043519982136786 0.0142354946583509 0.0141646889969707 0.0141347944736481 0.0140906563028693 0.014012330211699 0.0194531828165054 0.0248058475553989 0.0229250956326723 0.0229246057569981 0.0231661107391119 0.0233112871646881 0.0233439430594444 0.023265840485692 0.022997198626399 0.0225943606346846 0.0240489523857832 0.0252776592969894
-9999 -9999 -9999 -9999 -9999 -9999 -9999 -9999 0.108242712914944 0.416530311107635 0.477713793516159 0.403799533843994 0.403893887996674 0.164907872676849 0.159930318593979 0.150315150618553 0.0643741339445114 0.0211522933095694 0.00497783999890089 0.00449379906058311 0.00444072019308805 0.00449543073773384 0.0146247567608953 0.0145447421818972 0.0144931050017476 0.014491518959403 0.0144543088972569 0.0143492193892598 0.0141703942790627 0.0139425611123443 0.013787648640573 0.0136824455112219 0.0144622633233666 0.0143967671319842 0.014327491633594 0.0142997531220317 0.0142402527853847 0.0142423557117581 0.0141919003799558 0.0141212046146393 0.0140786450356245 0.0139983166009188 0.0267447587102652 0.0247646290808916 0.0228508971631527 0.0215646345168352 0.0215373896062374 0.021663598716259 0.0217098351567984 0.0217197202146053 0.0216983482241631 0.0214736647903919 0.0212594084441662 0.0254599861800671 0.0126642743125558
-9999 -9999 -9999 -9999 -9999 -9999 -9999 -9999 -9999 0.485852003097534 0.36534196138382 0.397228091955185 0.396034985780716 0.161842212080956 0.155548468232155 0.138829916715622 0.0331645905971527 0.0224338099360466 0.00486999331042171 0.00447173416614532 0.00444419775158167 0.0146815301850438 0.0145756835117936 0.0145083889365196 0.0144553603604436 0.0144341187551618 0.0143782598897815 0.0142640778794885 0.0141159994527698 0.0139074940234423 0.0136700747534633 0.0135418884456158 0.0135637940838933 0.0135771883651614 0.0135367559269071 0.0135051179677248 0.0134273525327444 0.0133925089612603 0.013314344920218 0.0132304662838578 0.0132153332233429 0.0251281782984734 0.0235437005758286 0.0214817356318235 0.0216275304555893 0.0218166913837194 0.0220897365361452 0.0221641417592764 0.0223146043717861 0.0223709288984537 0.0222966596484184 0.0221977308392525 0.0219624694436789 0.0238266903907061 0.01839036680758
-9999 -9999 -9999 -9999 -9999 -9999 -9999 0.0480960533022881 0.171669527888298 0.351576685905457 0.374843448400497 0.396055638790131 0.391798079013824 0.158102631568909 0.151542320847511 0.103455610573292 0.0305254403501749 0.00747303804382682 0.00492054084315896 0.0044478178024292 0.0144067611545324 0.0145162623375654 0.0144912712275982 0.0145062254741788 0.0144643587991595 0.0143994297832251 0.0142998825758696 0.0141830593347549 0.0140385385602713 0.0138699728995562 0.0140904746949673 0.0154361519962549 0.0139848561957479 0.0140085397288203 0.0136039033532143 0.0136067755520344 0.0135644543915987 0.0135349845513701 0.013466602191329 0.0133656980469823 0.0133661478757858 0.0266796201467514 0.0220249369740486 0.0222287029027939 0.0223840307444334 0.0225350316613913 0.0226786863058805 0.0228694975376129 0.0230168513953686 0.0230783820152283 0.0230075810104609 0.0229026470333338 0.0228393003344536 0.0247231982648373 0.0269280131906271
-9999 -9999 -9999 -9999 -9999 -9999 0.0211335644125938 0.0756211504340172 0.272481560707092 0.368305146694183 0.457962572574615 0.398046493530273 0.387422919273376 0.154295861721039 0.137986093759537 0.0336820408701897 0.0274667087942362 0.0068963416852057 0.0064963074401021 0.0147532969713211 0.0141905499622226 0.0142357759177685 0.0142736313864589 0.0144164692610502 0.0144094629213214 0.0142933027818799 0.0141959451138973 0.0140535654500127 0.0139366071671247 0.0142333321273327 0.0193553417921066 0.019281767308712 0.0191921945661306 0.0192194525152445 0.0192441958934069 0.0140815991908312 0.0137516092509031 0.0137624181807041 0.0138406781479716 0.0138346375897527 0.0191364828497171 0.0246722269803286 0.0226450283080339 0.0228763353079557 0.0229831002652645 0.0230540912598372 0.0231177601963282 0.023350678384304 0.0235902350395918 0.0236975960433483 0.0236056745052338 0.0235600993037224 0.0236853174865246 0.0238734856247902 0.0296469200402498
-9999 -9999 -9999 -9999 -9999 -9999 0.0241449754685163 0.0747414827346802 0.179421365261078 0.345322787761688 0.447778880596161 0.37601301074028 0.36243411898613 0.137457251548767 0.102221831679344 0.0972137972712517 0.0235556829720736 0.0215700287371874 0.0203831065446138 0.0194899439811707 0.0195797681808472 0.019680256024003 0.0144604565575719 0.0141492858529091 0.0141589213162661 0.0141351604834199 0.0144267855212092 0.0143590616062284 0.0195440221577883 0.0194371305406094 0.0193927306681871 0.0193470362573862 0.019348319619894 0.0193877425044775 0.0194467231631279 0.0142834596335888 0.0139674516394734 0.0140384994447231 0.0195691864937544 0.0269636977463961 0.0269641019403934 0.0249937959015369 0.0231602396816015 0.0232831388711929 0.0233679488301277 0.0234400928020477 0.0235411692410707 0.023751275613904 0.0239626299589872 0.0241155251860619 0.0241578947752714 0.0242720358073711 0.0245407335460186 0.024962555617094 0.0280258562415838
-9999 -9999 -9999 -9999 -9999 -9999 -9999 0.0714032500982285 0.0950901582837105 0.401237934827805 0.423074930906296 0.334342360496521 0.350826889276505 0.136262997984886 0.324721068143845 0.177033767104149 0.0232913587242365 0.0218651480972767 0.0200204625725746 0.0189272537827492 0.0192940644919872 0.0193598959594965 0.0197570826858282 0.019748218357563 0.0197811294347048 0.0198557768017054 0.0196332056075335 0.0271959025412798 0.0270173456519842 0.0369109623134136 0.0369220711290836 0.0368360616266727 0.0369383990764618 0.0370413735508919 0.0372060686349869 0.0275115221738815 0.0269532296806574 0.0270833130925894 0.0284336358308792 0.0285110101103783 0.0285911653190851 0.0254823323339224 0.0235646590590477 0.02363371104002 0.0237025991082191 0.0238112136721611 0.0239186007529497 0.0241258926689625 0.0243310388177633 0.0245213862508535 0.0246368199586868 0.0248915757983923 0.0253593046218157 0.0259912572801113 0.0289313308894634
-9999 -9999 -9999 -9999 -9999 -9999 -9999 0.0667490437626839 0.109993025660515 0.222565859556198 0.430925369262695 0.421451598405838 0.351162552833557 0.481056153774261 0.152065739035606 0.149004280567169 0.0654960945248604 0.0853163003921509 0.0198540836572647 0.0176899433135986 0.0186755750328302 0.0200585462152958 0.020093709230423 0.0198933407664299 0.0198627561330795 0.0199927762150764 0.0277548804879189 0.0376490540802479 0.0387759394943714 0.0384988822042942 0.0346461124718189 0.0347428396344185 0.0347002185881138 0.0347592271864414 0.0349014513194561 0.0257938094437122 0.0253106020390987 0.0251480881124735 0.0253081526607275 0.0254471506923437 0.025582505390048 0.0257158130407333 0.0238457378000021 0.0239551328122616 0.0240649431943893 0.0241857655346394 0.0243422500789165 0.0245452281087637 0.024762662127614 0.0249663162976503 0.0250832233577967 0.0253917369991541 0.0260497108101845 0.0268850401043892 0.0277724340558052
-9999 -9999 -9999 -9999 -9999 -9999 -9999 0.0711068361997604 0.0961342751979828 0.121907293796539 0.444497048854828 0.558218598365784 0.396354824304581 0.397886753082275 0.169363155961037 0.213523492217064 0.156388208270073 0.0308602079749107 0.0180407874286175 0.0170201994478703 0.0181950125843287 0.0206225011497736 0.0205357447266579 0.0199009533971548 0.0198053121566772 0.027775289490819 0.0386231355369091 0.0395684503018856 0.0348641946911812 0.0341195948421955 0.0341773070394993 0.0343000553548336 0.0341514088213444 0.0340752005577087 0.0316098593175411 0.031917542219162 0.0236684419214725 0.0231859162449837 0.0233601778745651 0.0235277395695448 0.0237282421439886 0.023901429027319 0.0240452196449041 0.0242291130125523 0.0243747681379318 0.0245316568762064 0.0247312113642693 0.0249343737959862 0.0251789633184671 0.0254027973860502 0.0254953857511282 0.0258301012217999 0.034003634005785 0.0353253707289696 0.0366264805197716
-9999 -9999 -9999 -9999 -9999 -9999 -9999 -9999 -9999 0.202507361769676 0.430922985076904 0.495264679193497 0.488705605268478 0.408879965543747 0.403471499681473 0.411273866891861 0.233463510870934 0.0615468546748161 0.0167246237397194 0.0145691335201263 0.0165212005376816 0.020778140053153 0.0206340085715055 0.0194069165736437 0.0192014630883932 0.027335025370121 0.039978850632906 0.03939413651824 0.0345979034900665 0.0337688066065311 0.0312612317502499 0.0313449613749981 0.0310793593525887 0.0308559313416481 0.0309342630207539 0.0313537158071995 0.0318796150386333 0.0236081574112177 0.0232138186693192 0.0234683267772198 0.0236796550452709 0.0239395685493946 0.0241450052708387 0.0243848916143179 0.0246040374040604 0.0247851144522429 0.0250174440443516 0.0252603627741337 0.0255374852567911 0.0328341163694859 0.0329860411584377 0.0333850644528866 0.0343328714370728 0.0356820076704025 0.0371726378798485
-9999 -9999 -9999 -9999 -9999 -9999 -9999 -9999 -9999 0.272449821233749 0.411052465438843 0.470866531133652 0.505898356437683 0.433824002742767 0.41622269153595 0.41790896654129 0.415266513824463 0.332385838031769 0.0162915401160717 0.0134609350934625 0.0159247387200594 0.0205360390245914 0.0199718773365021 0.0179290417581797 0.0244075451046228 0.0260106530040503 0.0391178987920284 0.0385416187345982 0.0335065871477127 0.032804399728775 0.0309621971100569 0.030946783721447 0.0305590741336346 0.0301360208541155 0.0301800426095724 0.0307119730859995 0.0313113331794739 0.0317393057048321 0.0235856138169765 0.0232340823858976 0.0235258378088474 0.0238517262041569 0.0241209380328655 0.0244372822344303 0.0246948171406984 0.0317344069480896 0.0321117639541626 0.0324378125369549 0.0327221788465977 0.0329352729022503 0.0328705012798309 0.0333358459174633 0.0330839678645134 0.0337768867611885 0.0345902442932129
-9999 -9999 -9999 -9999 -9999 -9999 -9999 -9999 -9999 -9999 0.294596880674362 0.375494480133057 0.421690434217453 0.42883288860321 0.416204482316971 0.42808786034584 0.432011187076569 0.373400866985321 0.0193464942276478 0.0146667808294296 0.0161182060837746 0.0201572813093662 0.0193958077579737 0.0238269381225109 0.0232121255248785 0.0340317115187645 0.0373126566410065 0.036821037530899 0.035459827631712 0.031489834189415 0.0316589698195457 0.0297725424170494 0.029832374304533 0.0374685637652874 0.0374201908707619 0.0380396395921707 0.038756038993597 0.0393020287156105 0.0397698767483234 0.0404585972428322 0.0302748735994101 0.0299646146595478 0.0304441712796688 0.0308333430439234 0.0312629677355289 0.0316583514213562 0.0319528728723526 0.0323529504239559 0.0326223708689213 0.0327262952923775 0.0321770831942558 0.0313952527940273 0.031009990721941 0.0305453538894653 0.031581312417984
-9999 -9999 -9999 -9999 -9999 -9999 -9999 -9999 -9999 -9999 -9999 0.319605976343155 0.391093611717224 0.405534833669662 0.415662825107574 0.42558965086937 0.437769651412964 0.407110929489136 0.0858443006873131 0.0165239553898573 0.0180378425866365 0.0204991288483143 0.0191802959889174 0.0226964503526688 0.0302116721868515 0.0347917228937149 0.0361931137740612 0.0319804921746254 0.0308032426983118 0.0299015361815691 0.030132383108139 0.035685122013092 0.0354830026626587 0.0352727919816971 0.0359964966773987 0.0366343781352043 0.0372075289487839 0.0377053916454315 0.0382746271789074 0.038948018103838 0.0394559018313885 0.0403061397373676 0.0303600877523422 0.0301751364022493 0.0307450778782368 0.0310097225010395 0.0312131587415934 0.0313271395862103 0.0312072560191154 0.0308895092457533 0.0297959558665752 0.0291767325252295 0.0288251098245382 0.0286840032786131 0.0295456387102604
-9999 -9999 -9999 -9999 -9999 -9999 -9999 -9999 -9999 -9999 -9999 -9999 0.352702438831329 0.411066919565201 0.342054754495621 0.429489433765411 0.445036470890045 0.448443084955215 0.112085342407227 0.0210223626345396 0.0216645989567041 0.020921254530549 0.0187698192894459 0.0228937268257141 0.0301463566720486 0.0333290509879589 0.031292337924242 0.0308761205524206 0.0294113699346781 0.0289946496486664 0.0340667776763439 0.0337520875036716 0.0333179458975792 0.0329713635146618 0.0367738232016563 0.0376620031893253 0.0347273647785187 0.0349247753620148 0.0346488505601883 0.0352135449647903 0.0360376536846161 0.0365652441978455 0.037883598357439 0.0283020511269569 0.028186297044158 0.0288931932300329 0.0291360560804605 0.0294851940125227 0.0292490795254707 0.028980253264308 0.0283665414899588 0.0278425142168999 0.0277222115546465 0.0274854432791471 0.0279384292662144
