meets/meet006/_saidas_enm/CCSM_Maha_0k_S_lineola3.asc
NCOLS 154 
NROWS 168 
XLLCORNER -112 
YLLCORNER -55.5 
CELLSIZE 0.5 
NODATA_value -9999 
[rows 75 to 99 of 168, columns 56 to 111 of 154]
-9999 -9999 -9999 -9999 -9999 -9999 -9999 -9999 -9999 -9999 -9999 -20.6274360230792 -20.3106348139082 -16.882003426024 -12.7355146823623 -7.15432000205744 -1.05852127399731 0.181415057878531 -0.0519249796820986 0.57135587654571 0.750103412763134 0.594232053772987 -0.0224447105895147 -0.541428461106076 -0.468233869460949 -0.476314624426383 -0.536116158913001 -0.680791077444853 -0.811796770194311 -0.828772677191154 -0.992352630924226 -1.18021241826517 -1.45985494029635 -1.58677531654077 -1.52593892332721 -1.52690958949226 -1.44076979373644 -1.41903504061347 -1.3029072823141 -1.0154166383663 -0.659107195843889 -0.231656438253163 0.0345499054874147 0.254180657221836 0.429419417330947 0.456911186103217 0.411489597496357 0.217744098632614 -0.0640321929047698 -0.397518015178257 -0.792394180584885 -0.948616247204591 -1.07871656177401 -1.11072366439241 -1.01243140727315 -1.03596751680925
-9999 -9999 -9999 -9999 -9999 -9999 -9999 -9999 -9999 -9999 -9999 -18.4847971450684 -16.5630330692218 -14.8530962720775 -13.8299694817308 -10.8009666577825 -3.08795241933603 0.642984081786337 0.431119158441251 0.171789704202494 0.494624558544915 0.683381277123849 0.399307232645751 -0.205426656903803 -0.314266012218837 -0.56572329877357 -0.649855557798874 -0.758586490311411 -0.929629253636419 -1.00755992526769 -1.22690224258211 -1.47106763609804 -1.7013256345219 -1.82679921366762 -1.71654429801042 -1.61468417463779 -1.61873648964301 -1.5135607324229 -1.34721661012651 -1.11720601484564 -0.729241502219449 -0.398210879670765 -0.0609964714193214 0.201667751232618 0.337754789301668 0.365418600861814 0.343814154474038 0.232121876829178 0.0470255372560424 -0.193220903180316 -0.466398219366893 -0.633112196223601 -0.72621099344682 -0.756561549332963 -0.707134071278614 -0.802300084300346
-9999 -9999 -9999 -9999 -9999 -9999 -9999 -9999 -9999 -9999 -9999 -9999 -16.9070687808335 -14.7704323654645 -13.9482944985493 -10.4218944797094 -6.24054567399924 -2.11584656418702 0.0555546364438796 0.571170109688851 -0.145946443089554 0.0830586801351076 0.667538793909876 0.149299986226767 -0.0656304227323747 -0.29534152605897 -0.467438492913325 -0.653977466040182 -0.915946297122479 -1.11197415562223 -1.38574539398155 -1.61885918561836 -1.83504076453272 -1.94822433034646 -1.85882491774786 -1.79450640994432 -1.80842071561234 -1.79455693750541 -1.63835221291863 -1.38162304578195 -1.17680140239288 -0.783958032709571 -0.43213328841079 -0.10089437630478 0.168406525791488 0.285530586414455 0.313976692629389 0.261914565844519 0.156255671986411 0.0337722957766344 -0.142486172773585 -0.270554025733257 -0.370009974702035 -0.4673503359065 -0.523256004033535 -0.68446230927718
-9999 -9999 -9999 -9999 -9999 -9999 -9999 -9999 -9999 -9999 -9999 -9999 -20.9238253599521 -16.7415420214227 -11.8695586458097 -7.78744284762171 -11.5849625833839 -13.3122847168971 -9.38840330274239 -2.51672947309042 0.577462036289709 0.10085340957534 0.23397463536442 0.43067811736762 0.321015558071222 0.00938258083836419 -0.196128765815462 -0.437370383496689 -0.807883930234119 -1.10320571169671 -1.52498558495107 -1.74288882641959 -1.95500984816897 -2.1046522513112 -2.04143153391314 -2.0705485609058 -2.15558003584781 -2.26061640929471 -2.16611303004814 -1.86283521463767 -1.66138154716735 -1.46537032445776 -1.07525063079425 -0.643416752299558 -0.221762707168495 -0.0555748679046444 0.0978202210428645 0.112824924906074 0.0950191536606445 0.0669367496804286 -0.0168436187418819 -0.137938767916094 -0.284321809922227 -0.360574359145577 -0.582205544693093 -0.945582900853721
-9999 -9999 -9999 -9999 -9999 -9999 -9999 -9999 -9999 -9999 -9999 -9999 -9999 -19.8842673691785 -13.5647040969156 -13.0291550087015 -22.0088458795308 -34.0981349819457 -31.7965482152461 -21.1029197349377 -7.6184751766277 -0.200602538066578 0.182803833861532 -0.135370684029066 0.06898336342082 0.184321456509737 0.148020898836742 -0.19088398463471 -0.712183455861799 -0.985175048308897 -1.37996842407768 -1.66617955835518 -1.93141003025729 -2.15676968824663 -2.21903329182897 -2.34610434508453 -2.44593790399876 -2.58628547625012 -2.55301798139991 -2.33816817308504 -2.20665363751263 -2.09227436025287 -1.6916733862588 -1.0903389364237 -0.483421569241069 -0.171585095939341 -0.0273308781113091 -0.0499362585311158 -0.0717883270832529 -0.043599491573926 -0.06451687947528 -0.0965118500031543 -0.30184020848622 -0.583468218561308 -0.826999023432177 -1.12761222178553
-9999 -9999 -9999 -9999 -9999 -9999 -9999 -9999 -9999 -9999 -9999 -9999 -9999 -17.6833226649594 -15.4014768437245 -17.7042780136473 -33.3356857718361 -58.1074771059746 -61.1065041747419 -44.845365494962 -33.2544338057364 -10.0742367064223 -0.708572672371437 -0.646438902869112 -0.54160723408759 -0.243088330898021 0.158649218749885 0.153744100539297 -0.64443133675211 -0.944457509983028 -1.23541141056357 -1.75881812341913 -1.84717325461456 -2.13420024062097 -2.28813921735155 -2.57238505495297 -2.59420689258716 -2.72775689149803 -2.76718603657092 -2.66571792069694 -2.70406550044261 -2.46537501076658 -2.20732728162878 -1.47325591040659 -0.667805750458214 -0.157020695784432 -0.143308327843905 -0.232680529098682 -0.269527345063905 -0.248407811311512 -0.277802891216384 -0.421613996821229 -0.616540867348063 -0.810762090891138 -0.972358649539618 -1.31612391457829
-9999 -9999 -9999 -9999 -9999 -9999 -9999 -9999 -9999 -9999 -9999 -9999 -9999 -9999 -14.8276382765007 -19.966941347809 -35.5773441573496 -59.8524364106298 -68.0117127898914 -61.2068097506025 -48.5112731744157 -29.1152365390248 -8.17786274461789 -1.51379434314505 -2.94299716882247 -3.82714250283762 -1.39113422318581 -0.732991938091766 -0.648178763582114 -0.412673718042729 -1.24718963844102 -1.36458652661669 -1.79144038909006 -2.18647387223111 -2.19459556848646 -2.39845739032071 -2.49474946856158 -2.59736650936122 -2.63233443185218 -2.5871042709438 -2.57360501827995 -2.45142909532899 -2.29578895915529 -1.6748829370434 -0.863776421365382 -0.40654472639411 -0.27555099731631 -0.432630539347971 -0.536982797334441 -0.555068521478675 -0.655460637165985 -0.710927396358422 -0.848405361277742 -0.907357785023818 -0.791605772505877 -0.874896575122131
-9999 -9999 -9999 -9999 -9999 -9999 -9999 -9999 -9999 -9999 -9999 -9999 -9999 -9999 -13.1138039959334 -16.5343168249561 -29.2213793119618 -49.8223604328606 -64.9184056220325 -69.7485905523168 -67.3297408610393 -60.724382234682 -41.0826526036314 -24.7133185098779 -10.3770253852824 -3.70545391501936 -2.00037257357605 -3.20722701405937 -1.6166799234328 -0.515813818056803 -0.248058193740197 -0.499295500727836 -1.22108310152791 -1.98138533982041 -2.04931659003773 -2.27913571614819 -2.41256979351543 -2.4913059194612 -2.45495183067084 -2.34014131662189 -2.35218916423516 -2.24815990115448 -2.23058051701383 -2.03434676009416 -1.26008498482342 -0.774147403417876 -0.604551629225026 -0.722243909542913 -0.764068270641009 -0.716928810032449 -0.940541746553036 -0.815408294755414 -0.897999836669217 -0.86851131214401 -0.554913151539583 -0.336918070403485
-9999 -9999 -9999 -9999 -9999 -9999 -9999 -9999 -9999 -9999 -9999 -9999 -9999 -9999 -9999 -15.2359166776892 -20.1322663834727 -33.7097377401734 -52.0329455236241 -71.2674435992398 -91.3150853338168 -97.6685395606559 -96.8507536977011 -82.3601783483495 -59.2976319778695 -41.9047608528146 -22.0310433361316 -9.50097292958563 -1.28036871275575 -2.95777738219901 -0.348104241275243 0.209630114387531 -0.116661532639477 -1.73490414306901 -2.01470910376649 -2.13870566786367 -2.29301888491706 -2.39452993506263 -2.35375006044494 -2.1540693764925 -1.97815781468846 -1.9807572114942 -2.24779231706804 -2.29966937713321 -1.70391078399746 -1.13333564770473 -0.85332893827783 -0.767893342950696 -0.656448216552928 -0.497036744067492 -0.448583174323708 -0.450186962682511 -0.543450547935497 -0.512856470469048 -0.354218220366946 -0.290355442318532
-9999 -9999 -9999 -9999 -9999 -9999 -9999 -9999 -9999 -9999 -9999 -9999 -9999 -9999 -9999 -12.5193336193396 -17.3907897363084 -21.4037778300589 -37.4703208535781 -63.5450259324267 -103.953792446303 -109.779716964879 -131.264350152611 -127.00672683952 -110.286280495732 -108.289453894679 -76.6425392488879 -62.6881361358992 -34.0559186528515 -7.44477441277976 -2.60776880435561 -0.514021354039146 0.45974942374808 -0.835767652641498 -1.4818397196241 -1.83013746361019 -2.20760929285966 -2.36877380076046 -2.3979947117631 -2.32796366227117 -2.15132564594855 -2.02602603032151 -2.33275787605379 -2.4613664726732 -2.0781755920758 -1.40863453451244 -1.00868853203125 -0.731417203973379 -0.470921170860151 -0.204835440900329 -0.00911941362379265 0.000772276092704471 -0.077684050022313 -0.0566144111000961 0.00428571884213813 -0.0548544814805363
-9999 -9999 -9999 -9999 -9999 -9999 -9999 -9999 -9999 -9999 -9999 -9999 -9999 -9999 -9999 -8.1431115113953 -21.377093906572 -15.8925072380542 -22.9888530082303 -39.5109607722608 -63.9230619944639 -85.6480384532634 -105.918555924167 -115.697503434428 -111.127083629192 -108.218618270091 -103.096705475693 -96.0608657371831 -66.5917691467685 -31.3267897175592 -9.79196135293955 -1.12232471872249 0.169670587490345 0.368482053777998 -0.349636713108387 -1.19188892163129 -1.7434569537146 -2.19796832888207 -2.55282828172832 -2.71199791194004 -2.85158692081995 -2.24944041566013 -2.2863496189812 -2.42657153604102 -2.20172288514374 -1.68628277531217 -1.15407476759365 -0.710058427926721 -0.356045840145804 -0.045712974538489 0.157492672368888 0.265111044895356 0.349497961480638 0.405784936569306 0.411233986909807 0.513516056347765
-9999 -9999 -9999 -9999 -9999 -9999 -9999 -9999 -9999 -9999 -9999 -9999 -9999 -9999 -9999 -9999 -14.2218055918803 -21.5585540566828 -16.244980442154 -20.6133259249899 -32.8791908774917 -51.9526867011794 -71.7029760616776 -86.3718066398812 -89.245065464675 -91.8312565619776 -100.927087444303 -110.76683267169 -90.8061713897257 -55.6580098122182 -25.7314911741964 -6.34495652090687 -0.437328375378523 -0.130182780757588 0.320243648222102 -0.194906893532946 -1.08793562032985 -1.74290876176372 -2.22042242980514 -2.37598084690887 -2.77090677016849 -2.07635878556373 -2.16636755959901 -2.27085370003307 -2.04092769310927 -1.82757118034803 -1.27542621537932 -0.76171911434071 -0.376504405594316 -0.0389270225383476 0.210181377689115 0.242860054559067 0.352263785043517 0.430349479912294 0.434207939689808 0.628032753957748
-9999 -9999 -9999 -9999 -9999 -9999 -9999 -9999 -9999 -9999 -9999 -9999 -9999 -9999 -9999 -9999 -9999 -12.4712580951662 -27.2698554774309 -16.4799568474988 -15.4228430907261 -27.3797179429721 -46.0670684983829 -63.6714408602568 -73.3779051212814 -82.8049370436021 -95.2622594812207 -103.46135243699 -92.1795602000055 -71.5601535977127 -45.9073752438534 -19.249762154576 -4.89300616317994 -1.62818446632475 -0.049539129856919 0.12613830657972 -0.0136792273432558 -0.694413404107422 -1.51481209753449 -1.44403709342403 -1.47374550887656 -1.51100042880034 -1.69491253384838 -1.7990765599517 -1.70556925046215 -1.61728219505067 -1.37238558988284 -1.02889345617155 -0.762108292208101 -0.54244535032162 -0.499199228772031 -0.489533127501359 -0.627325109853818 -0.482623979790689 -0.120172702414198 0.258335243703216
-9999 -9999 -9999 -9999 -9999 -9999 -9999 -9999 -9999 -9999 -9999 -9999 -9999 -9999 -9999 -9999 -9999 -9999 -9999 -31.1991950398926 -21.4295317049247 -23.2925761207316 -33.1388986717973 -49.0624012177425 -63.514437774509 -75.5636532101911 -90.0749598501018 -99.6926095682351 -93.4981393544298 -81.6839584793726 -65.2218480954493 -38.6020719638703 -16.3450074274835 -4.09480821178062 -2.10288304885788 -0.149442482860335 -0.458977345185144 -0.0646445678679213 -0.710720066012792 -0.848192981224878 -0.976986649366535 -1.06284184793375 -1.21537696007217 -1.30438878578535 -1.36780352897122 -1.45626610018393 -1.4689531951618 -1.36879363854976 -1.26408965655026 -1.24817177261214 -1.51930702188078 -1.53944248116732 -1.83260188054316 -1.57147296553187 -0.875910516794469 -0.251330898803183
-9999 -9999 -9999 -9999 -9999 -9999 -9999 -9999 -9999 -9999 -9999 -9999 -9999 -9999 -9999 -9999 -9999 -9999 -9999 -9999 -9999 -38.3555004337564 -34.2363510485185 -36.8125522402457 -47.9150021939076 -68.4320537293499 -78.6920402012843 -87.901575701501 -89.843076281706 -82.667769735331 -75.1153103139596 -60.7287651802422 -38.6831077135963 -18.5133392049895 -5.71481263097036 -3.25838726342681 -1.18879470785057 0.173158774093832 -0.213998185915483 -0.00600937301633975 -0.267851644157005 -0.566756775074171 -0.69349982618469 -0.951762004409114 -1.09183727238103 -1.25231259803013 -1.34484571412821 -1.35226389938924 -1.3888752395017 -1.46170216048883 -1.77881808233973 -1.99181406306027 -2.10511981899954 -1.87173248423975 -1.35359180560489 -0.625912240986009
-9999 -9999 -9999 -9999 -9999 -9999 -9999 -9999 -9999 -9999 -9999 -9999 -9999 -9999 -9999 -9999 -9999 -9999 -9999 -9999 -9999 -9999 -9999 -38.1200603515889 -35.3392118069199 -44.4333448826126 -55.7597845012539 -67.1804229126393 -75.8969013885458 -77.5171469641312 -79.1569859538773 -72.502740216964 -67.0459025888019 -45.8166069873705 -25.069959215494 -9.23398670431906 -3.47715363176809 -0.486783670313732 0.536269343743194 0.216715673069052 0.299500419058971 0.0227422251192012 -0.356220602192725 -0.685015397291933 -0.900475911590911 -1.01642917930588 -1.11797219727189 -1.1535431124429 -1.17999999805306 -1.37352452076016 -1.73608107535233 -1.99055505855972 -2.17755777091506 -2.07410236181931 -1.67693835645716 -1.15148051722618
-9999 -9999 -9999 -9999 -9999 -9999 -9999 -9999 -9999 -9999 -9999 -9999 -9999 -9999 -9999 -9999 -9999 -9999 -9999 -9999 -9999 -9999 -9999 -9999 -9999 -25.9483677673731 -31.7523592811086 -43.6702119348929 -55.11763067862 -63.5788415405368 -70.1585252981175 -74.875114001271 -82.9317021580067 -77.7400344510766 -58.5194028908731 -39.9376070169278 -17.4719183780657 -6.30002663031729 -0.809933485780835 0.391430778258063 0.172678798102947 0.305834590327847 -0.182620939935519 -0.677467015551386 -0.802713740813484 -0.840396222506712 -0.920078713440106 -0.856935780488386 -0.921325324314874 -1.23111079556686 -1.59459798424001 -2.00789335534692 -2.26889297315764 -2.246200690409 -1.96096327305985 -1.72025544819962
-9999 -9999 -9999 -9999 -9999 -9999 -9999 -9999 -9999 -9999 -9999 -9999 -9999 -9999 -9999 -9999 -9999 -9999 -9999 -9999 -9999 -9999 -9999 -9999 -9999 -35.6912918042976 -28.9735791570183 -28.6044589133235 -35.3879511231167 -45.5945082137269 -54.9689979114465 -65.7398726455994 -78.8777815094883 -79.6007750788812 -71.3356265988109 -61.8407380485332 -38.5817623303995 -20.0050543896453 -5.11707893287101 0.544448840380163 0.329966390397319 0.0575997812076003 0.00102122458457032 -0.730074957433201 -0.845915247998085 -0.71689818648635 -0.730479340400647 -0.809802767747179 -0.912041373689936 -1.29180834690523 -1.75059718207269 -2.16776904786709 -2.33274099539721 -2.26964175560755 -1.9990542875532 -1.88931089518682
-9999 -9999 -9999 -9999 -9999 -9999 -9999 -9999 -9999 -9999 -9999 -9999 -9999 -9999 -9999 -9999 -9999 -9999 -9999 -9999 -9999 -9999 -9999 -9999 -9999 -9999 -9999 -28.1717747308317 -23.4567293555209 -28.7258145210312 -38.741659577877 -51.5673415976322 -60.6086031144037 -67.3966444749815 -67.382359338873 -60.1245764963817 -47.680681877937 -33.2533635907772 -13.6667403156964 -1.09974633374857 0.867724615441549 0.164053206468142 0.103913657980545 -1.28819678223882 -0.970810098350363 -0.625926411886107 -0.693124951481219 -0.667706863776278 -0.992576800234678 -1.62466326777626 -2.27656611893174 -2.42261665602103 -2.35509800444057 -2.14963388050263 -1.87463158229284 -1.7508907071998
-9999 -9999 -9999 -9999 -9999 -9999 -9999 -9999 -9999 -9999 -9999 -9999 -9999 -9999 -9999 -9999 -9999 -9999 -9999 -9999 -9999 -9999 -9999 -9999 -9999 -9999 -9999 -32.2068370667501 -20.0513629216994 -20.3575043783373 -27.9677107480028 -41.8971063988041 -54.4158435269831 -62.0833701745887 -61.9842314756216 -54.6471693964657 -48.9132832651613 -39.7606065660995 -20.2289153910844 -4.19617382862483 0.867028502237556 0.120834804060598 0.318431651349177 -0.801854247852695 -1.18772394672666 -0.959505127593537 -1.010309511097 -1.03472119775814 -1.33182576282465 -2.07400012362849 -2.58529496263451 -2.6207873738488 -2.33462280676698 -1.96258335609869 -1.61790989854814 -1.25290431202222
-9999 -9999 -9999 -9999 -9999 -9999 -9999 -9999 -9999 -9999 -9999 -9999 -9999 -9999 -9999 -9999 -9999 -9999 -9999 -9999 -9999 -9999 -9999 -9999 -9999 -9999 -9999 -9999 -19.0119797516989 -15.2040912552999 -20.3414626387506 -35.4417978123388 -53.892471525489 -63.8819230893807 -59.9348214998271 -50.3749471408556 -47.5643803307924 -42.7658812902954 -26.0863304749096 -7.24200946110043 0.460588137142356 0.53385365069387 -0.0791182495940781 -0.508007528077849 -1.1476330028412 -1.68453689493056 -1.83622806698408 -2.10858410053738 -2.33149746507813 -2.43429241363231 -2.83086443564113 -2.69886495430574 -2.30162666656529 -1.80120381852491 -1.2644355984095 -0.75116875186127
-9999 -9999 -9999 -9999 -9999 -9999 -9999 -9999 -9999 -9999 -9999 -9999 -9999 -9999 -9999 -9999 -9999 -9999 -9999 -9999 -9999 -9999 -9999 -9999 -9999 -9999 -9999 -9999 -20.4976866034711 -13.7758649030392 -17.7423810813749 -33.2262920872034 -53.7726152185041 -65.6404185759157 -62.3640591228556 -50.8103643049447 -48.1819331900006 -44.1699435780092 -27.7410607932097 -8.6571736273068 0.0237124097456238 0.808384004780844 -0.151917339483284 -0.491959458043462 -1.33040327874979 -1.77925439356505 -2.59304714122688 -3.06000119066075 -3.19071416158631 -2.73670346135494 -2.7049480827974 -2.60615404905526 -2.22509351415778 -1.64204824470388 -0.849399341984479 -0.186129638492032
-9999 -9999 -9999 -9999 -9999 -9999 -9999 -9999 -9999 -9999 -9999 -9999 -9999 -9999 -9999 -9999 -9999 -9999 -9999 -9999 -9999 -9999 -9999 -9999 -9999 -9999 -9999 -9999 -22.3912250201404 -13.2816331418354 -15.9413806002207 -32.4025881448849 -57.2622996660319 -70.6311173238977 -65.3435571041166 -50.9607189369752 -49.5187508681109 -46.2252519247167 -29.1144923477498 -9.51401118653582 -0.278994047473173 0.79767014995596 -0.17645679858331 -1.02628817828267 -2.24630308452742 -2.83426635095185 -2.96369175941945 -3.61678537066291 -3.70347481830102 -2.72127341525073 -2.32520247016053 -2.39221293948884 -2.13696144192196 -1.36886265301342 -0.415415250761827 0.155241886230228
-9999 -9999 -9999 -9999 -9999 -9999 -9999 -9999 -9999 -9999 -9999 -9999 -9999 -9999 -9999 -9999 -9999 -9999 -9999 -9999 -9999 -9999 -9999 -9999 -9999 -9999 -9999 -9999 -22.9721399725037 -13.9506273351023 -18.254548936328 -34.6384960154254 -59.043819751898 -73.1998663578795 -71.5905680669602 -59.6339790416015 -54.2530756690394 -46.4596915054116 -26.3589159525986 -8.0187512214167 -0.137179309883185 0.508555037777601 -0.3235586785947 -1.97121327535499 -3.62349676361068 -3.8634951397197 -3.61502509130368 -2.95452486962979 -2.91715371047444 -2.59625580569818 -2.32558129789858 -2.04694788514217 -1.63342046917115 -0.859666728995767 -0.0998562021369307 0.303082377414723
-9999 -9999 -9999 -9999 -9999 -9999 -9999 -9999 -9999 -9999 -9999 -9999 -9999 -9999 -9999 -9999 -9999 -9999 -9999 -9999 -9999 -9999 -9999 -9999 -9999 -9999 -9999 -9999 -24.2991333982159 -15.5807471454527 -20.9136281329166 -38.7544301126171 -62.38854551096 -76.0496880500453 -74.9824595145208 -67.5026588460115 -57.4597214665205 -44.3212326896715 -23.9349443896485 -6.33008288128188 -0.281235668202776 0.20161766274499 -0.784272443146643 -3.46519458561341 -4.90950517318331 -5.46978338183473 -4.37886001705721 -3.14088311393112 -2.3585333477628 -2.35412760199967 -2.38050902710608 -1.75287774877153 -1.2462133188206 -0.569706235199886 0.00173347847520045 0.252785628672718
