meets/meet006/_saidas_enm/CCSM_Gower_0k_T_nigriceps1.asc
NCOLS 154 
NROWS 168 
XLLCORNER -112 
YLLCORNER -55.5 
CELLSIZE 0.5 
NODATA_value -9999 
[rows 100 to 124 of 168, columns 56 to 111 of 154]
-9999 -9999 -9999 -9999 -9999 -9999 -9999 -9999 -9999 -9999 -9999 -9999 -9999 -9999 -9999 -9999 -9999 -9999 -9999 -9999 -9999 -9999 -9999 -9999 -9999 -9999 -9999 -9999 0.439463937556327 0.60682299662646 0.65149904424956 0.479133691850526 0.364102144248189 0.314301878651853 0.34615561771794 0.429173061359424 0.531211075990729 0.648153430658886 0.739639942516927 0.750047659969849 0.743811511083944 0.723382434219713 0.608097730517329 0.509865456533214 0.490750635950239 0.490514670432383 0.46956110513752 0.44968903560057 0.443906638154258 0.453626700928495 0.468178164644155 0.474865458403698 0.48808501742907 0.514133839923842 0.548370129512495 0.58517127114398
-9999 -9999 -9999 -9999 -9999 -9999 -9999 -9999 -9999 -9999 -9999 -9999 -9999 -9999 -9999 -9999 -9999 -9999 -9999 -9999 -9999 -9999 -9999 -9999 -9999 -9999 -9999 -9999 0.423221369269127 0.59776202465683 0.605508984289904 0.464249696886203 0.379599815087342 0.342207050593688 0.376790512139996 0.450967657386613 0.561119611208089 0.67488540612847 0.738874587743343 0.749671107275373 0.742401988436808 0.716672716413365 0.597563772793314 0.50792786987598 0.503203491803053 0.50530933888097 0.483122879022268 0.45905706561184 0.455215717125257 0.475243425541918 0.496873281279755 0.495829437398307 0.504656025849878 0.52747620537567 0.558418225287693 0.602241087744912
-9999 -9999 -9999 -9999 -9999 -9999 -9999 -9999 -9999 -9999 -9999 -9999 -9999 -9999 -9999 -9999 -9999 -9999 -9999 -9999 -9999 -9999 -9999 -9999 -9999 -9999 -9999 0.382473854803565 0.422444597642265 0.571645568812711 0.621984092608356 0.475193062927483 0.407206418051355 0.379723095352124 0.408183213710175 0.488941789276175 0.593153096118085 0.705618015098874 0.744667326146857 0.748989981113557 0.740511742710303 0.706107078611662 0.600316733014646 0.521990888444715 0.519034894634988 0.527451896043713 0.509525335449013 0.489194002574284 0.484651639961215 0.496216906503689 0.50694631666815 0.507097820255677 0.504389654037105 0.522629637098222 0.555922688795485 0.590115102745707
-9999 -9999 -9999 -9999 -9999 -9999 -9999 -9999 -9999 -9999 -9999 -9999 -9999 -9999 -9999 -9999 -9999 -9999 -9999 -9999 -9999 -9999 -9999 -9999 -9999 -9999 -9999 0.375409408507409 0.439090929304718 0.542831723540563 0.616344474951606 0.480285974677416 0.425510401782065 0.402815904805104 0.431567752057601 0.512932912038684 0.626547005281254 0.733339845117243 0.747960409647458 0.748083359459778 0.73652849513875 0.695642721527574 0.608216697958058 0.540019087194582 0.545362881052039 0.555005035388374 0.539177481357152 0.521235832211583 0.514954175095809 0.520499846230245 0.52549551872914 0.522519302069983 0.513452759502615 0.527541589096108 0.55794246693813 0.58791179392164
-9999 -9999 -9999 -9999 -9999 -9999 -9999 -9999 -9999 -9999 -9999 -9999 -9999 -9999 -9999 -9999 -9999 -9999 -9999 -9999 -9999 -9999 -9999 -9999 -9999 -9999 -9999 0.371881809088047 0.426300005622538 0.514130506828141 0.597952382581082 0.472875769691098 0.421090384887985 0.407718564332717 0.441882756551814 0.533351156544782 0.649698405556176 0.733990201405399 0.750780906701704 0.747423963131305 0.733380227253111 0.686244834524802 0.629587689551312 0.572567541984877 0.569542212198746 0.580566386011417 0.56574304348024 0.550718088941965 0.544743621776739 0.548399498602176 0.553700880580409 0.549140728438535 0.546891118878779 0.557455838889894 0.577576173713302 0.604007822825258
-9999 -9999 -9999 -9999 -9999 -9999 -9999 -9999 -9999 -9999 -9999 -9999 -9999 -9999 -9999 -9999 -9999 -9999 -9999 -9999 -9999 -9999 -9999 -9999 -9999 -9999 -9999 0.369347057089868 0.415417836873957 0.491008982716204 0.566052070932826 0.443554991557921 0.399785575875417 0.392064987221811 0.435089614406176 0.536936750247701 0.667372830444207 0.727353439759207 0.750497494255702 0.747005354578563 0.728945946713383 0.679020790254745 0.640277183697746 0.595616319953371 0.590556057156254 0.594987236142733 0.579790352236041 0.569909064528924 0.566070493152732 0.568388560910854 0.575935058246508 0.575218807813828 0.576906014983645 0.587557588067802 0.600570289639436 0.621556298236639
-9999 -9999 -9999 -9999 -9999 -9999 -9999 -9999 -9999 -9999 -9999 -9999 -9999 -9999 -9999 -9999 -9999 -9999 -9999 -9999 -9999 -9999 -9999 -9999 -9999 -9999 -9999 0.370388466949151 0.409228657109188 0.473655916258256 0.527403935315421 0.407170114011157 0.363546761230907 0.366512446742078 0.420529550972539 0.529784434804421 0.682247842375574 0.707216726511079 0.747669018488896 0.74698126456967 0.725813693368494 0.673503566462963 0.6368999921569 0.619792945612554 0.605123337058069 0.594548685607854 0.589134321473232 0.581060121170323 0.579394339848849 0.585677443746558 0.588863624169768 0.596281461899026 0.602214854145232 0.61205280152854 0.623927245688786 0.63840253742319
-9999 -9999 -9999 -9999 -9999 -9999 -9999 -9999 -9999 -9999 -9999 -9999 -9999 -9999 -9999 -9999 -9999 -9999 -9999 -9999 -9999 -9999 -9999 -9999 -9999 -9999 -9999 0.372783587654724 0.406022467953871 0.459184304390073 0.48801217299321 0.375002591081597 0.339187464696305 0.348466295786651 0.409828644056865 0.528527905224664 0.648794423605033 0.686064725606134 0.745694031814896 0.746736276024579 0.72293908745961 0.667243421020417 0.63285473128978 0.620850456894324 0.618099898142462 0.616189383456294 0.610055870284996 0.60600745080242 0.604813108971566 0.60862566798316 0.613161988809404 0.621203129853308 0.62982676535853 0.639270468378408 0.646709021563267 0.657569560996722
-9999 -9999 -9999 -9999 -9999 -9999 -9999 -9999 -9999 -9999 -9999 -9999 -9999 -9999 -9999 -9999 -9999 -9999 -9999 -9999 -9999 -9999 -9999 -9999 -9999 -9999 -9999 0.376248625898701 0.403942709462595 0.448111377601471 0.452628143854931 0.362247939209691 0.328814643636617 0.347537076413746 0.41701017592701 0.531784836441193 0.616500750324119 0.675111745370666 0.746038017091744 0.746045291768914 0.714033241914753 0.661109189115985 0.628563585503162 0.618531078527405 0.616683562644914 0.61938097189292 0.62531177369306 0.633242075694886 0.640385642535231 0.641447777040292 0.646680231557738 0.65229077417647 0.659991429920627 0.667023401835668 0.670477994792851 0.678713552663582
-9999 -9999 -9999 -9999 -9999 -9999 -9999 -9999 -9999 -9999 -9999 -9999 -9999 -9999 -9999 -9999 -9999 -9999 -9999 -9999 -9999 -9999 -9999 -9999 -9999 -9999 -9999 0.379375239088419 0.404009551573016 0.440696755602561 0.476674516497857 0.390869494119671 0.368716408925864 0.391916013645781 0.459153080642373 0.579005080039131 0.623496437246836 0.69906583163758 0.750915366698791 0.744164662886656 0.705664785826744 0.650470243935624 0.623289503162562 0.615933830488036 0.614531074870939 0.617209207593728 0.62305705320326 0.630989940060313 0.64034043286473 0.650431348830764 0.660520356378177 0.668989907344884 0.676898027330201 0.684135146923789 0.690089162647257 0.696620249146123
-9999 -9999 -9999 -9999 -9999 -9999 -9999 -9999 -9999 -9999 -9999 -9999 -9999 -9999 -9999 -9999 -9999 -9999 -9999 -9999 -9999 -9999 -9999 -9999 -9999 -9999 0.369563163261054 0.382074093596301 0.403486629113712 0.43679617805739 0.481677458454819 0.449983743807376 0.436075830063764 0.466295344877202 0.529660381344251 0.629437769208513 0.662165673445756 0.734765923305231 0.734050514639252 0.740145652832068 0.682801735862263 0.63946975436479 0.617360331715301 0.611783891908568 0.611325072247171 0.613618499232381 0.620023561094714 0.627808822162547 0.636847429526801 0.64707901724095 0.6566778084732 0.665308561859527 0.673005017233085 0.679882939718109 0.686483194460011 0.691631734194418
-9999 -9999 -9999 -9999 -9999 -9999 -9999 -9999 -9999 -9999 -9999 -9999 -9999 -9999 -9999 -9999 -9999 -9999 -9999 -9999 -9999 -9999 -9999 -9999 -9999 -9999 0.369687432613596 0.384027528630266 0.407291181911241 0.439440600117554 0.489234098015522 0.516557071340177 0.509110826920369 0.546066377176172 0.617548887488248 0.703086267345185 0.726109776746577 0.741326628284107 0.699404787648647 0.707964207646491 0.666860032032546 0.6263427704925 0.611501725776767 0.607931847571027 0.607657238604336 0.610409197541611 0.61650474170502 0.624422157259164 0.633369954767249 0.642977245998745 0.65244747916461 0.661408253908656 0.669112749958839 0.675819155697985 0.681748520017058 0.6869680557586
-9999 -9999 -9999 -9999 -9999 -9999 -9999 -9999 -9999 -9999 -9999 -9999 -9999 -9999 -9999 -9999 -9999 -9999 -9999 -9999 -9999 -9999 -9999 -9999 -9999 -9999 0.369287769727 0.388263889858232 0.413861255944259 0.449413100730172 0.494725780331474 0.585091882632774 0.575811192332144 0.624656203742514 0.702762131357162 0.735762911582969 0.750925658381259 0.704994600884735 0.673640296484553 0.671344647611295 0.638436054163224 0.615752055732338 0.605862392710149 0.603439795477031 0.603768445153872 0.606386119596752 0.613040241837131 0.62107966532849 0.629747956417707 0.639031530695573 0.648053986644026 0.657031908651116 0.66527032848613 0.671750229033398 0.677295787399186 0.682344079612156
-9999 -9999 -9999 -9999 -9999 -9999 -9999 -9999 -9999 -9999 -9999 -9999 -9999 -9999 -9999 -9999 -9999 -9999 -9999 -9999 -9999 -9999 -9999 -9999 -9999 -9999 0.371354143320836 0.396049876992531 0.430689943734089 0.477331217236954 0.541023643656476 0.630627467860524 0.67087604087159 0.720935710071972 0.74795595537421 0.742578166748392 0.682343670831306 0.664218318315067 0.647357518916797 0.639094752096925 0.622174878850741 0.6050784998653 0.599875753508362 0.598937100641902 0.599957651461425 0.60326413225361 0.609655533357202 0.617644262464335 0.626016642374832 0.634587841687744 0.643110023855274 0.651534620611877 0.659720314142149 0.666004198321805 0.67126652453944 0.657653639438313
-9999 -9999 -9999 -9999 -9999 -9999 -9999 -9999 -9999 -9999 -9999 -9999 -9999 -9999 -9999 -9999 -9999 -9999 -9999 -9999 -9999 -9999 -9999 -9999 -9999 0.369858143866585 0.37466209702496 0.406056933334016 0.449663866265523 0.51028671079746 0.579419092938201 0.657982542906293 0.721634991208439 0.739926084258895 0.71804185743041 0.568064936235383 0.589655186297602 0.619703957211155 0.619611280265336 0.606947659413043 0.591933498661093 0.597478228438548 0.594223682963559 0.594505318857718 0.596614068473031 0.599490806201503 0.606696135991851 0.614528926641263 0.622192736009921 0.630313775445919 0.637689490804956 0.645416030931008 0.652992782652697 0.659324672785994 0.6503545274173 0.631074603279948
-9999 -9999 -9999 -9999 -9999 -9999 -9999 -9999 -9999 -9999 -9999 -9999 -9999 -9999 -9999 -9999 -9999 -9999 -9999 -9999 -9999 -9999 -9999 -9999 -9999 0.376472472829513 0.37967723234917 0.415532409682772 0.468803286397221 0.539696899246399 0.611156417036993 0.669182578292324 0.707913576946897 0.726351001520816 0.621267344562766 0.52920320422519 0.531600228036097 0.569673910455342 0.582821528285382 0.58558147503274 0.585238501821362 0.591655657347883 0.591109556265593 0.59207951180077 0.594932000534304 0.598951968447848 0.604962150211605 0.611884781980845 0.618814318774043 0.625887806136147 0.632630692299669 0.639327197854156 0.645704031168699 0.651492949911159 0.629023948361309 0.605223920357
-9999 -9999 -9999 -9999 -9999 -9999 -9999 -9999 -9999 -9999 -9999 -9999 -9999 -9999 -9999 -9999 -9999 -9999 -9999 -9999 -9999 -9999 -9999 -9999 -9999 0.384892952465581 0.386236857818215 0.422704413475207 0.48368442244928 0.563907245391146 0.636618132382258 0.671402386053928 0.689995585251088 0.66152713195775 0.561432788756041 0.480943275291692 0.50302193067161 0.544030570207096 0.562874361109957 0.572162207472382 0.579786583349654 0.5894884420529 0.589500650518871 0.590873323461375 0.594121109472015 0.598325058658713 0.603806682150276 0.609719308925704 0.615498276921254 0.621579128728129 0.627606620044306 0.632979489515088 0.638436621589961 0.631312593310248 0.602509822927926 0.581284577524061
-9999 -9999 -9999 -9999 -9999 -9999 -9999 -9999 -9999 -9999 -9999 -9999 -9999 -9999 -9999 -9999 -9999 -9999 -9999 -9999 -9999 -9999 -9999 -9999 -9999 0.392418373885502 0.392779715627375 0.432284173507726 0.498823722002636 0.582578652988868 0.646177702225954 0.668851568493212 0.668832325214407 0.614500178881626 0.531597971144723 0.483791779963328 0.502187906723023 0.550552370761517 0.571134629506928 0.568864185097887 0.570448094058897 0.591688435965471 0.590159745711577 0.591088358481395 0.594638359915005 0.599016113509724 0.60341090615681 0.607894502899787 0.612586600943702 0.617581963803735 0.622457793026804 0.62718852084364 0.631701947130278 0.614393145867848 0.585382314330847 0.555449967486506
-9999 -9999 -9999 -9999 -9999 -9999 -9999 -9999 -9999 -9999 -9999 -9999 -9999 -9999 -9999 -9999 -9999 -9999 -9999 -9999 -9999 -9999 -9999 -9999 -9999 0.404052430013572 0.404060545454664 0.437661601892705 0.506793839832463 0.593878267718054 0.657854048615475 0.663954972996664 0.64699516318987 0.577692469162427 0.511923007663861 0.472675875221864 0.500586744879292 0.557050462009791 0.578041603765169 0.566379035522338 0.562882547210774 0.59367481299863 0.590701372380966 0.591146161417292 0.594869184210025 0.599423602949271 0.602692442996002 0.606037166538778 0.609472204971113 0.613413209033981 0.61744420857577 0.621017961267175 0.624756200557505 0.598641729254267 0.562045100759088 0.53446397334324
-9999 -9999 -9999 -9999 -9999 -9999 -9999 -9999 -9999 -9999 -9999 -9999 -9999 -9999 -9999 -9999 -9999 -9999 -9999 -9999 -9999 -9999 -9999 -9999 -9999 0.415472136455906 0.414629034069567 0.441677071124533 0.511263029717139 0.593470833209676 0.648562122881627 0.656556908216911 0.607936193417442 0.547275980002604 0.496459198314547 0.469907598493618 0.500434096953646 0.546300387413298 0.568029786126154 0.567443018781833 0.569985953347024 0.593798593278608 0.590839552779387 0.590946837457957 0.594587684072047 0.59899734122175 0.601772408546303 0.603920661611874 0.606528708341488 0.60960852165242 0.612697349855742 0.615654388004574 0.616663539429624 0.591407527383054 0.554920142051955 0.519829427421624
-9999 -9999 -9999 -9999 -9999 -9999 -9999 -9999 -9999 -9999 -9999 -9999 -9999 -9999 -9999 -9999 -9999 -9999 -9999 -9999 -9999 -9999 -9999 -9999 -9999 0.433103689562981 0.431054431737341 0.442122745426488 0.509497148000879 0.589502229723424 0.643530827523656 0.647367973312976 0.591161221078918 0.540123788653096 0.505873923266278 0.483553267579507 0.513256420121884 0.551354900816841 0.570533246128921 0.572818557712495 0.576348210640244 0.592908513206452 0.589702242053975 0.589483056560449 0.593318559742603 0.597838017802098 0.599899257336131 0.6014561455021 0.6033594747039 0.605809569276869 0.608318298745218 0.610332666859409 0.612330769806053 0.587802450051666 0.545788262963608 0.514854278824168
-9999 -9999 -9999 -9999 -9999 -9999 -9999 -9999 -9999 -9999 -9999 -9999 -9999 -9999 -9999 -9999 -9999 -9999 -9999 -9999 -9999 -9999 -9999 -9999 -9999 0.446705105057472 0.44384010456438 0.440883862491285 0.505371368294065 0.580203474888913 0.631240515707505 0.637632861616574 0.598515528867814 0.562454004832992 0.539705340475201 0.538437890796876 0.548090204858684 0.57198264981799 0.583689088756765 0.583180231172589 0.589946520068311 0.591872433542154 0.588065544385014 0.587514981570345 0.591193314845559 0.595282038149899 0.597423642625773 0.59870044671647 0.600374969424696 0.602591657351556 0.6045688323747 0.606155817867126 0.60721472247173 0.590268753329707 0.551789263154968 0.514727461405917
-9999 -9999 -9999 -9999 -9999 -9999 -9999 -9999 -9999 -9999 -9999 -9999 -9999 -9999 -9999 -9999 -9999 -9999 -9999 -9999 -9999 -9999 -9999 -9999 -9999 0.468121982628172 0.46423954923224 0.454260522253113 0.497794309922179 0.568004013581193 0.617618522069469 0.625120427806931 0.609060670715362 0.578776356957224 0.565027919582453 0.565419726832818 0.567157756022948 0.58185158961152 0.584222043895752 0.584621376301383 0.591904701869893 0.589930578835425 0.585956833184225 0.585257718689084 0.58838077519207 0.592250612540266 0.594297592507192 0.595708111907323 0.597352861867842 0.599421487220094 0.601172156944801 0.602128678105858 0.602646031591413 0.597378287381543 0.558579735131898 0.524022349513386
-9999 -9999 -9999 -9999 -9999 -9999 -9999 -9999 -9999 -9999 -9999 -9999 -9999 -9999 -9999 -9999 -9999 -9999 -9999 -9999 -9999 -9999 -9999 -9999 -9999 0.491190211623364 0.47940767534256 0.467205899732943 0.488538869914017 0.552816532837901 0.600231599922082 0.611004755858002 0.605677625777402 0.590193910683618 0.573267594429988 0.565083994373051 0.57023856415987 0.579700604618498 0.581890739794506 0.578811241381773 0.581152289611806 0.586877902321928 0.583339654720264 0.582715511629309 0.585456410114126 0.58875897502247 0.590934770715472 0.59257315494719 0.594372529919052 0.596560675162156 0.598242852963224 0.598679962611254 0.598343561672063 0.597551201861263 0.571034348950865 0.539459636812766
-9999 -9999 -9999 -9999 -9999 -9999 -9999 -9999 -9999 -9999 -9999 -9999 -9999 -9999 -9999 -9999 -9999 -9999 -9999 -9999 -9999 -9999 -9999 -9999 0.472815686136368 0.509627547779943 0.501712723368007 0.485077248977586 0.478240029717373 0.536007929037519 0.580983976280097 0.595029861346997 0.594063083401548 0.590939326113222 0.581903631864447 0.571749090648471 0.574763844847022 0.581441733867824 0.580350681688098 0.5726137156028 0.57089138310516 0.581853030767419 0.57956237676737 0.579552707176412 0.582076088721988 0.585174206580112 0.587293412618125 0.589122924609676 0.591025817931838 0.593139846427311 0.594719134842644 0.594716846381309 0.593844488244947 0.591117695242906 0.587773069308185 0.555612548426436
