meets/meet006/_saidas_enm/CCSM_SVM_0k_T_nigriceps3.asc
NCOLS 154 
NROWS 168 
XLLCORNER -112 
YLLCORNER -55.5 
CELLSIZE 0.5 
NODATA_value -9999 
[rows 72 to 95 of 168, columns 55 to 109 of 154]
-9999 -9999 -9999 -9999 -9999 -9999 -9999 -9999 -9999 -9999 0.147296418102154 0.638087444211253 0.802152701300317 0.572991580179604 0.545306068463718 0.71926024386057 0.889767223949406 0.721506433030302 0.197630557232389 -0.037728502159869 0.0572919040921723 0.186455145877273 0.183032348560785 0.133647467069492 0.11601131922049 0.118525671401583 0.115119632868681 0.102018077888331 0.0840700629363683 0.0658002741878689 0.0455301569021397 0.023990356738549 0.00539058580839885 -0.0107389255033786 -0.0205782815838017 -0.0217858089010862 -0.018822258403957 -0.0156951779352833 -0.0134031873778573 -0.00935850919045034 -0.00660138587374548 -0.00395343102119139 -0.00469220041138141 -0.00596131218286122 -0.00593123906868331 -0.00685785216468937 -0.00612670324412656 -0.00330346670434212 -0.00181178780422153 -0.00514277859436307 -0.0145625563897337 -0.0210188941853567 -0.0219763371768965 -0.0193480085498678 -0.00432297130702175
-9999 -9999 -9999 -9999 -9999 -9999 -9999 -9999 -9999 -9999 -9999 0.338525301579823 0.550356045206059 0.438184654555016 0.474792068120992 0.660899114903015 0.903988724452113 0.861858326674793 0.322816641121829 0.0454460541851286 0.114518449144849 0.214936766629953 0.19623161042864 0.14897508856478 0.130651042055548 0.129808095938601 0.124580467054124 0.108266322572745 0.0893577945329487 0.069792124030757 0.0517586270420443 0.0338487987513503 0.0122756675468619 -0.00542477906412819 -0.0190283470810668 -0.0256490202074762 -0.0284663299297697 -0.0272511655483871 -0.0249022647052711 -0.021199075225886 -0.0167636894739557 -0.0121096987361868 -0.00894671704088545 -0.00660283304235965 -0.00398839996712053 -0.00289428941676584 0.000232516812323058 0.0045428853229218 0.00600522032247713 0.00229309803352284 -0.00949145729470247 -0.0162195688996946 -0.0182618307872855 -0.0162186240701516 -0.00310362711347356
-9999 -9999 -9999 -9999 -9999 -9999 -9999 -9999 -9999 -9999 -9999 -9999 0.12971360578752 0.459020278349476 0.482547257004147 0.629586484129524 0.863861751524427 0.965278084120723 0.523379922789378 0.18737075084147 0.197380587218889 0.223038208017975 0.196828418162081 0.172201536465942 0.147550570033365 0.142114739679112 0.13235078444278 0.113220762159654 0.0912084011736255 0.0696621557394481 0.0516412476248184 0.0322100965640869 0.0131809231883287 -0.00333041331430595 -0.013735118285627 -0.0206746233446823 -0.0279203279567724 -0.0287772494536183 -0.0294099921615252 -0.0263627260935692 -0.0211556155774775 -0.0175933667348888 -0.0101727109368063 -0.0069428187879832 -0.00245451555586018 0.00256487791084675 0.00640314666354863 0.00977288440800456 0.0085379585785787 0.00482605480412462 -0.00414658147679703 -0.0102783923442783 -0.00951446056221139 -0.00611747561309706 0.000944320430834589
-9999 -9999 -9999 -9999 -9999 -9999 -9999 -9999 -9999 -9999 -9999 -9999 -0.0214739317783411 0.484312280830284 0.503702678135864 0.593481988844172 0.809058249701761 0.9662573757186 0.735511637206463 0.394231703051248 0.281565074604917 0.244472952218392 0.198979078271795 0.177805661180209 0.153918619794456 0.146623047774202 0.13475933277345 0.113591080767029 0.0912513196644995 0.0695165985012555 0.0508620904649863 0.0313322645503138 0.0108424084052602 -0.00592475579275409 -0.0156664274581502 -0.0183301490992475 -0.019210559301669 -0.0217913824813735 -0.0230986231516519 -0.0214711231415542 -0.0171831876657093 -0.0114018565566731 -0.0058112460748132 -0.00129202919528404 0.00388679784229995 0.00890881333298721 0.0134905993473943 0.0131394435326748 0.010431081702127 0.00640116676019808 -0.00212737144851649 -0.00640105973700333 -0.00683815664795473 -0.00480268302643705 -0.00319127993931101
-9999 -9999 -9999 -9999 -9999 -9999 -9999 -9999 -9999 -9999 -9999 -9999 -0.0431236254246044 0.533975404301796 0.565391290415741 0.59884127675053 0.713251928233737 0.902066302663074 0.886064021765409 0.64586602873293 0.471661280108523 0.258469616086543 0.224135787388127 0.198878487852508 0.155514434681374 0.154187065738796 0.134792130244466 0.118104127906166 0.0944414211321192 0.070287921539341 0.0524084624286274 0.0337862083527843 0.0108443962649477 -0.00862021300877436 -0.0180879436247635 -0.0167611772045061 -0.0149478858200558 -0.0184830089923652 -0.0199042348081427 -0.0174434157220306 -0.0107973224966847 -0.000478331422889 -0.00330832064192366 0.000421948835663155 0.00811092750959469 0.0123483737813271 0.0236603769973284 0.0194942113487465 0.0121207087263737 0.00789246750836581 0.00101477406715172 -0.00337835664657171 -0.00427833976863601 -0.00647065906408806 -0.0094358897118999
-9999 -9999 -9999 -9999 -9999 -9999 -9999 -9999 -9999 -9999 -9999 -9999 -9999 0.377596537484427 0.598350074202116 0.63578388975355 0.72281654244786 0.850509817740132 0.895188945505716 0.84794164491993 0.720139010557096 0.510307670048801 0.345268868142368 0.220005653829388 0.14472504324449 0.151902165630357 0.154424141246353 0.13051527802956 0.0973492695215885 0.0701870143862275 0.0510328243384481 0.0331856812566071 0.0122193136299784 -0.00467154731790098 -0.0140957284639714 -0.0153899314724069 -0.0157548262011624 -0.0195667137428209 -0.022711731079896 -0.0228866711293311 -0.0197884365310136 -0.0174892895610509 -0.0234954333218133 -0.0239399409257586 -0.0159132451985673 -0.00383691870944147 0.0118868000256911 0.0143981310394072 0.0129080188616009 0.0104210592428898 0.00329114153173843 -0.00227715513815319 -0.00600445649057202 -0.00964453777071628 -0.0132468365843592
-9999 -9999 -9999 -9999 -9999 -9999 -9999 -9999 -9999 -9999 -9999 -9999 -9999 -0.00283883200366963 0.390473189215677 0.695771860383627 0.756188263763639 0.777100401029526 0.846370669435976 0.80323667581432 0.835884967317706 0.819030872620508 0.606466416972426 0.295565085054839 0.132915046747106 0.185264236281711 0.202444519415025 0.143316360989512 0.100000761610913 0.066179859585803 0.0479656354440871 0.0317331858473207 0.0144947118765188 0.00186854438134337 -0.00663971303429378 -0.0108921751275309 -0.0151008636024058 -0.0189755091313599 -0.0238633295036083 -0.0273342524598401 -0.0280306560255139 -0.0331167924886996 -0.0424053424876144 -0.0501887448993675 -0.0426068670284204 -0.0263044809391644 -0.00990292261004233 0.0077261215094464 0.0148875182356696 0.0178597339010752 0.0114788882649117 0.00172889756843836 -0.00140549651763344 -0.00747944743705942 -0.0135007640218037
-9999 -9999 -9999 -9999 -9999 -9999 -9999 -9999 -9999 -9999 -9999 -9999 -9999 -9999 0.0466107025028269 0.64750102896305 0.699406618773564 0.594970346701648 0.522689284781267 0.470659216145205 0.506154573214563 0.694376033941308 0.802639099413391 0.53191420453667 0.247735594450031 0.219511150177543 0.21003821295998 0.145875244689396 0.0889597955989794 0.0539662818889617 0.039052338793834 0.0279766121993568 0.0138614231129098 0.0050907510177674 -0.00154689754961945 -0.00589793990283305 -0.0089843725979798 -0.0160710766834395 -0.0220298039187263 -0.0275628561021947 -0.030363433800752 -0.0374455008983858 -0.0500499651437868 -0.0588282562222647 -0.0543825297700353 -0.040221327554262 -0.0212189023308609 0.00043007573762277 0.0187668765500582 0.0283666488820033 0.0221995572053313 0.0124518118194755 0.00491162302133308 -0.00489023077573281 -0.0148004715732548
-9999 -9999 -9999 -9999 -9999 -9999 -9999 -9999 -9999 -9999 -9999 -9999 -9999 -9999 -0.102008245626649 0.534484652709124 0.629292162241071 0.451484688209608 0.19740601363847 0.178517906212624 0.310140737914051 0.464274467245656 0.631173247557561 0.701432241774606 0.403735724374933 0.301931607098018 0.222732802779604 0.139025318762676 0.0625440766810906 0.0122104656062621 0.0154404876424669 0.0174972461159476 -0.0058127835711308 -0.000538194774486023 -0.0040414513305751 -0.0054914827144642 -0.00524493782070279 -0.0148954950747435 -0.0209821731118779 -0.0270928777208076 -0.0297070447559536 -0.0344433760424465 -0.0454536233343336 -0.0556589170731548 -0.0555731290744218 -0.0445420212042387 -0.0247452499128793 -0.00120774708040461 0.0278780182530855 0.0438473610173454 0.0347684399156651 0.0244516609971577 0.00898787777636945 -0.00552758698499178 -0.0171768642790806
-9999 -9999 -9999 -9999 -9999 -9999 -9999 -9999 -9999 -9999 -9999 -9999 -9999 -9999 -9999 0.243358172513696 0.64720894148627 0.464414755265749 0.137083745365954 0.0896062116420507 0.239586369633847 0.488799375963956 0.726124817487486 0.88116060252316 0.769172968847278 0.649010568258426 0.400871621197566 0.21346584791501 0.0202612413365715 -0.0706739207006233 -0.0627745826931764 -0.0641417507323822 -0.0330974418501324 -0.0267442105190164 -0.0207859043044127 -0.0137939554971739 -0.0141216397952797 -0.0203169775816786 -0.0254386871823449 -0.030181598717624 -0.0323814852421461 -0.0334463735277906 -0.0393326582865628 -0.0445190274146008 -0.0456751916316375 -0.0421054601304128 -0.0277825443945163 -0.00529427295789187 0.0181988187033775 0.0309626341448284 0.0258220355337436 0.0158129770355529 0.0046869961396227 -0.00658393608075702 -0.0169516538433339
-9999 -9999 -9999 -9999 -9999 -9999 -9999 -9999 -9999 -9999 -9999 -9999 -9999 -9999 -9999 -0.01883211965913 0.357720603690961 0.449068572692399 0.15191486946463 0.0371890378688552 0.186420110814288 0.454874468440688 0.751178547008081 1.05485444283768 1.06950188279439 1.05803499776014 0.949921655129544 0.700209951227175 0.237965040461227 -0.00389690402695919 -0.0332025785777137 -0.154268090754992 -0.0838380231930478 -0.0557403148637411 -0.0387257922302722 -0.023068536511911 -0.021793765162279 -0.0281603192960985 -0.0294723422432309 -0.0320223773134871 -0.0344665057144008 -0.0331874685993261 -0.0368913172570365 -0.0359364625150679 -0.0380907714319152 -0.0392765229693387 -0.0317162053254328 -0.0151095719370398 0.00196174950090072 0.0121373046854188 0.00915217909373589 0.00503197799096428 -0.00116658675000547 -0.00741677265132212 -0.0132612597204484
-9999 -9999 -9999 -9999 -9999 -9999 -9999 -9999 -9999 -9999 -9999 -9999 -9999 -9999 -9999 -9999 -0.0440982511683352 0.407714231171764 0.302857986678661 0.106449143619081 0.13316829826289 0.326249847217581 0.511973163466665 0.721112709141269 0.857253074830958 0.953065737108899 0.950082344223737 0.921668121515792 0.773163073483988 0.575686962820667 0.38446258323976 0.19808734330144 0.050219737893819 -0.0500234487161162 -0.066065771825384 -0.0412152289063328 -0.0382736380194324 -0.0333706698903283 -0.0301507204497388 -0.03208120954821 -0.0372391687809406 -0.041816207378933 -0.0394426407193328 -0.0354573431559052 -0.0331639181379233 -0.035042449252139 -0.0332185961302216 -0.0237505728066834 -0.0133924392280627 -0.00631367395887628 -0.00649051970441683 -0.00799424705039153 -0.0100104369771552 -0.00965948801834804 -0.0119951256860754
-9999 -9999 -9999 -9999 -9999 -9999 -9999 -9999 -9999 -9999 -9999 -9999 -9999 -9999 -9999 -9999 -0.0475184653416658 0.230825879264289 0.395854318153904 0.164416220492668 0.0666859308313114 0.158377294071447 0.205413251076291 0.29435188501092 0.403868214757387 0.577926567758559 0.616845589462972 0.806600362017348 0.853257986279961 0.868215970548589 0.690947517564491 0.692188682711944 0.340031640857713 0.034996790127814 -0.0770280085787582 -0.0564716382016717 -0.0499002067623976 -0.0396773165099695 -0.0323991119204702 -0.0323073186725105 -0.0368148900199761 -0.0429612301316695 -0.0402213922610022 -0.0352815653077927 -0.0268937328845278 -0.0292928677667561 -0.0331310012208147 -0.0279732907358488 -0.0240545724007311 -0.0180146354107314 -0.0162523565694629 -0.0171659849756791 -0.0177617614775909 -0.0168279162404652 -0.0199198866699247
-9999 -9999 -9999 -9999 -9999 -9999 -9999 -9999 -9999 -9999 -9999 -9999 -9999 -9999 -9999 -9999 0.0703046093041573 -0.0600069365576686 0.530787864117567 0.260487772144573 0.0750759724928191 0.0475771443374354 0.0362046256523063 0.0647660456547055 0.0972721797548773 0.149459908493887 0.226835819292463 0.395767717897546 0.530793875594031 0.618866582712595 0.605373105356239 0.520933956658926 0.501906086726006 0.375168716989592 0.0637866453684837 -0.0247844988303039 -0.0441295078257964 -0.0380723792193778 -0.0372113392845357 -0.0346600931957037 -0.0341141518311656 -0.0310678064255413 -0.0357770492648108 -0.031750429798783 -0.019057413471526 -0.0168863065488255 -0.0247943911798258 -0.0317943976442637 -0.033269581679928 -0.030410725728798 -0.0271948958601694 -0.0216861191233573 -0.030764668931229 -0.0353262976200972 -0.0393062823777558
-9999 -9999 -9999 -9999 -9999 -9999 -9999 -9999 -9999 -9999 -9999 -9999 -9999 -9999 -9999 -9999 -9999 -0.0551452849092615 0.29279470103639 0.598851497366939 0.261027519054852 0.180570407403255 0.0656285957842092 0.0396673247006877 0.0564380052562271 0.032034515445178 0.0466058124061598 0.0453673157317335 0.101788940676458 0.176643056471154 0.389311769125267 0.48026799043099 0.402886793167213 0.628284079893144 0.386948167426719 0.151699709106768 0.00784595958558709 -0.035738821407974 -0.0478382292613292 -0.0407607467504749 -0.0386249998738979 -0.0310849246458192 -0.0374934175565601 -0.0213611880203459 -0.00661177729810158 -0.00946340938749957 -0.021829446165563 -0.0390508955961144 -0.0473319215983661 -0.0486978802501717 -0.0473201520884917 -0.0418205691190463 -0.049645142795591 -0.0505755425906805 -0.0510439828633026
-9999 -9999 -9999 -9999 -9999 -9999 -9999 -9999 -9999 -9999 -9999 -9999 -9999 -9999 -9999 -9999 -9999 -9999 -0.0494278183203735 0.126310349131708 0.69069995976287 0.372378753763827 0.0858973891910801 -0.0610751866049036 -0.0557513222838705 -0.0607668254099225 -0.0482240313689465 -0.0273108934788654 0.002840179822866 0.0285180385933895 0.207729460762235 0.385045395652112 0.493480568107235 0.675454453136424 0.666323052295481 0.477832118989148 0.220623387077063 0.0507691938386969 -0.0137045307817664 -0.0335707188543873 -0.0328743899397802 -0.0258042653567039 -0.0198480408478046 -0.00475057081600261 -0.00131077481949682 -0.0139257961583025 -0.0314867562506359 -0.0444890196490433 -0.0529251717374696 -0.0559829853355008 -0.0556324043073385 -0.0515388649518828 -0.0477421041679403 -0.0404894879335341 -0.0386603504935797
-9999 -9999 -9999 -9999 -9999 -9999 -9999 -9999 -9999 -9999 -9999 -9999 -9999 -9999 -9999 -9999 -9999 -9999 -9999 -9999 0.050205304580802 0.682673369486221 0.60221288084078 0.261502984638846 -0.00983432012864827 -0.108086399879357 -0.119972918201399 -0.0755912770092451 -0.0271077765957682 -0.0203270116662425 0.0658741954528506 0.284140192346053 0.462587528312165 0.811762259525417 0.869452942109391 0.735590683869462 0.526015814066505 0.249353528263089 0.0938004410401478 0.0231635909479342 0.0171601795463472 0.0372244068971052 0.0144914134683098 0.00828050404104669 -0.00172139930688542 -0.020832461030357 -0.0338058160536066 -0.0425848704100724 -0.0468884202819215 -0.0474425814243393 -0.0436322550822452 -0.0297025808988185 -0.0252476677775594 -0.0157615065907667 -0.0173739953909344
-9999 -9999 -9999 -9999 -9999 -9999 -9999 -9999 -9999 -9999 -9999 -9999 -9999 -9999 -9999 -9999 -9999 -9999 -9999 -9999 -9999 -9999 -0.0704977856589438 0.145990749134018 0.297972081808244 0.119780643195469 -0.076161230901502 -0.113444275827062 -0.0805863109965335 -0.0515967991932608 -0.0500833902860417 -0.00533118973916824 0.241176407360243 0.638231109602752 0.905165972584343 0.912582328621784 0.797358990731557 0.56154117380598 0.313641191100289 0.129472324338109 0.0813638201644014 0.0286622200342757 0.012890857026796 0.00114663802879178 -0.0167359052415549 -0.0262085521711511 -0.0344503876582067 -0.0409572589055142 -0.0438864481040249 -0.0451599895863766 -0.0380523715144633 -0.0242574117531136 -0.0159288633760707 -0.0129643172324152 -0.0161907461151956
-9999 -9999 -9999 -9999 -9999 -9999 -9999 -9999 -9999 -9999 -9999 -9999 -9999 -9999 -9999 -9999 -9999 -9999 -9999 -9999 -9999 -9999 -9999 -9999 -0.114071266597596 0.198107185867558 0.186960021584012 -0.0499964797737565 -0.146753836818881 -0.106655861533979 -0.0946720303410518 -0.0805672029325948 0.0300332232198897 0.395747235169988 0.714201299589156 0.920599786587874 0.983340840905175 0.909836988464667 0.708324166784659 0.441166160367465 0.243431541057297 0.0821805031913934 0.0185629672924479 -0.0144219749207507 -0.0294508115714827 -0.036326597574312 -0.040485787223042 -0.0437554335944176 -0.044601978769336 -0.0453687063657787 -0.038907587667637 -0.0249280764667387 -0.01681766327205 -0.0139535925057328 -0.0144438253109314
-9999 -9999 -9999 -9999 -9999 -9999 -9999 -9999 -9999 -9999 -9999 -9999 -9999 -9999 -9999 -9999 -9999 -9999 -9999 -9999 -9999 -9999 -9999 -9999 -9999 -9999 0.150822985556015 0.408937979704065 -0.0440362590546218 -0.132369172979326 -0.142904885754101 -0.119694678972912 -0.0802206586564262 0.0185146842331467 0.226410419163658 0.598282791422193 0.928279070679041 0.986117145406335 1.0074342027693 0.851589074059057 0.618108445443673 0.273670243708441 0.070752168019934 -0.0206649344026719 -0.0476909819057583 -0.0490035898984729 -0.0517105322968511 -0.0499611441457618 -0.0499145559174156 -0.0480557935461977 -0.0391938021029032 -0.0259585757642604 -0.0168383036470802 -0.0137160222466816 -0.012665464452685
-9999 -9999 -9999 -9999 -9999 -9999 -9999 -9999 -9999 -9999 -9999 -9999 -9999 -9999 -9999 -9999 -9999 -9999 -9999 -9999 -9999 -9999 -9999 -9999 -9999 -9999 -0.13465384846321 0.308684367187008 0.422791948351009 -0.00881191237320611 -0.135008867487917 -0.134146250964374 -0.0931989150103302 -0.0706368682755099 -0.0446188501525381 0.14008899820026 0.478193317630478 0.730811815477304 0.949944815592136 1.00175852332702 0.929420162135754 0.617907781756291 0.201745937190953 -0.0198048097047124 -0.0650874256520505 -0.0610725782087608 -0.057488823763211 -0.0526059638738944 -0.0506740685880214 -0.0491306039184253 -0.042388223002775 -0.0297863804436206 -0.0196326712103952 -0.014428128550937 -0.0123771913529195
-9999 -9999 -9999 -9999 -9999 -9999 -9999 -9999 -9999 -9999 -9999 -9999 -9999 -9999 -9999 -9999 -9999 -9999 -9999 -9999 -9999 -9999 -9999 -9999 -9999 -9999 -9999 -9999 0.482584455353847 0.45833087613164 -0.00435125348686483 0.00929254070804442 -0.0263518002186328 -0.0501205359922856 -0.0673680288143194 -0.0875942479297364 -0.0398279566405825 0.225067533376126 0.528894809524671 0.792067227031682 0.998749918525022 0.949915947474763 0.387433881260036 -0.0199726043837534 -0.0816521141179698 -0.0682695265643175 -0.0578998003796302 -0.053788051296871 -0.0446670027418129 -0.0439391195778129 -0.0409529950649135 -0.03320787855485 -0.0215975194979899 -0.0155848622068172 -0.0143775069978038
-9999 -9999 -9999 -9999 -9999 -9999 -9999 -9999 -9999 -9999 -9999 -9999 -9999 -9999 -9999 -9999 -9999 -9999 -9999 -9999 -9999 -9999 -9999 -9999 -9999 -9999 -9999 -9999 0.281645741959124 0.563319943119021 0.125545768939976 0.0192105815352407 -0.0251043968326053 -0.0537231749950584 -0.0569146823125839 -0.090221356715077 -0.0794066661418011 0.0321445908001374 0.230299355268578 0.522036737850025 0.88631753666865 1.04882658399825 0.583765833424637 0.0826168975654951 -0.0581992560998699 -0.0676179879997318 -0.0671858662793648 -0.060491906933261 -0.0494338160382403 -0.0430027604653745 -0.0371935621445514 -0.0295950932218284 -0.0217170993827314 -0.016819674060024 -0.0178246203772698
-9999 -9999 -9999 -9999 -9999 -9999 -9999 -9999 -9999 -9999 -9999 -9999 -9999 -9999 -9999 -9999 -9999 -9999 -9999 -9999 -9999 -9999 -9999 -9999 -9999 -9999 -9999 -9999 -9999 0.47985125011897 0.269871827151296 0.06466887508865 -0.0801212088604476 -0.0971221469856469 -0.066706553543762 -0.10099621195907 -0.0888782989716991 0.0130851672964158 0.141647149274241 0.378606991170628 0.766997259587988 1.05197751874829 0.745176776234967 0.239097321807819 0.00890504651785873 -0.0483825492305835 -0.0759247369495097 -0.0654365678920037 -0.055820132421565 -0.0459092380945881 -0.0331417595596677 -0.0249136274561772 -0.0226199597360888 -0.0184283148949865 -0.022710566307629
