meets/meet006/_saidas_enm/CCSM_SVM_0k_S_lineola4.asc
NCOLS 154 
NROWS 168 
XLLCORNER -112 
YLLCORNER -55.5 
CELLSIZE 0.5 
NODATA_value -9999 
[rows 72 to 95 of 168, columns 56 to 111 of 154]
-9999 -9999 -9999 -9999 -9999 -9999 -9999 -9999 -9999 1.00545291942845 1.0011674536395 0.82751678288378 0.452775250586574 0.357534830406615 0.318329386942144 0.210406947050059 0.0474385893525855 -0.106283282343817 -0.148119177079102 -0.12554883978419 -0.0588505056439859 -0.0816555466837761 -0.11438442504309 -0.107390219370347 -0.0689333004254715 -0.0202162192922695 -0.0179138013027402 -0.0294777255909658 -0.024866560492556 -0.00476906448721287 0.0145294690872858 0.012253861247018 0.00367414856881065 0.0128460549831552 0.0433477872934677 0.0762272434557885 0.0964679711683092 0.112139864124444 0.137082020648795 0.16379524784518 0.194067711135488 0.208273223251692 0.222098212109332 0.238135130253762 0.251486701386377 0.25117740578396 0.201543369055744 0.137529516132768 0.0773788259694735 0.019799739391757 -0.02120111210256 -0.0345441508552032 -0.038733867742996 -0.0235103139021039 0.0125553990756792 0.0378464736331944
-9999 -9999 -9999 -9999 -9999 -9999 -9999 -9999 -9999 -9999 1.1354483811954 0.908096872414486 0.5350404504937 0.423106215641125 0.419992830510631 0.371992047023812 0.252247529748104 -0.00478743523891673 -0.107362473827802 -0.0842303154319015 -0.0421668526519209 -0.0653055423441797 -0.100305774440465 -0.100575517959676 -0.0671818804454974 -0.0350817374141625 -0.0324875936026504 -0.0411820257599387 -0.0386847502232305 -0.0201073716546883 -0.00862213120754263 -0.0143235796175455 -0.0290293929432627 -0.0272985775274891 -0.00745843857565742 0.00944506579145804 0.0247561960465235 0.0342878951319566 0.0577086074793149 0.0910179221436524 0.121019561165534 0.144156747349394 0.162157312301264 0.187092354130411 0.218885831353667 0.226549041269254 0.184768347601908 0.117272099167382 0.0568225019776971 0.000572487670214838 -0.0422575455905203 -0.0597819588984931 -0.0672044505080807 -0.0445860270200018 0.00550216107311141 0.0444727695590178
-9999 -9999 -9999 -9999 -9999 -9999 -9999 -9999 -9999 -9999 -9999 0.945787277643274 0.6446915008805 0.494535658836478 0.505388020601893 0.54144914080812 0.504668872835003 0.192121672682906 -0.00324834554254727 -0.0110045332469424 -0.0222071466903798 -0.0512889991393075 -0.0723674031706043 -0.0759508556545188 -0.0604727788423935 -0.0453358316055954 -0.0424377709549101 -0.0428573541163808 -0.042175162386487 -0.0336515675005683 -0.0313406843259155 -0.0359216478904584 -0.0426325774630721 -0.042635804461111 -0.0346975526850813 -0.0331107634157902 -0.0195712122623629 -0.00998408130086081 0.00923762129778777 0.0360378030122344 0.057988968052999 0.0913810929369965 0.112591309494896 0.142976738871466 0.182172013267256 0.191731072573315 0.163028676605419 0.11226452492299 0.0602134360302786 0.00777562693560058 -0.0336596541991847 -0.0465204852075988 -0.0471028250831376 -0.0301550585822764 0.00364240184347164 0.0351834206995097
-9999 -9999 -9999 -9999 -9999 -9999 -9999 -9999 -9999 -9999 -9999 0.943481911269762 0.718329773967587 0.570937341750311 0.575539042639599 0.661968991264514 0.716020373698878 0.498503585304942 0.224004225822294 0.111916660878009 0.0432830551837369 -0.00886862930035748 -0.0394355716732964 -0.0548302204317808 -0.0451893632100318 -0.0400231413736056 -0.0405994348482198 -0.0412985229265039 -0.043357858441635 -0.0387408925814963 -0.0396707193741825 -0.0433672836922598 -0.0491584112466362 -0.049257321247168 -0.0399999239368535 -0.0331988169681379 -0.0224435657237935 -0.0144497984891814 0.00286055999254087 0.0292150221422248 0.0517536441690418 0.0857174389286557 0.109503050400846 0.137782827175258 0.170132159296781 0.175925289801525 0.158930316712201 0.118939610778526 0.0776827774779676 0.0346166512558013 3.9381471630795e-05 -0.00970816781928741 -0.0136037284335009 -0.00691422579242518 0.0115495411425417 0.0278113621560121
-9999 -9999 -9999 -9999 -9999 -9999 -9999 -9999 -9999 -9999 -9999 0.935452788878353 0.846717533262486 0.671542803288043 0.632354855416649 0.694062119943936 0.819649201923748 0.785408940346495 0.58067901820936 0.379647835408034 0.106616139535188 0.0552751707605238 0.011790322344262 -0.0239053921112174 -0.0208795344625005 -0.0307713195946598 -0.0324339642074617 -0.0347243348478046 -0.0399741584098464 -0.0387601307722611 -0.0430369069352141 -0.0500454839047743 -0.0515893089202052 -0.0507737318745126 -0.0401598992376183 -0.0253832168272219 -0.023625367677219 -0.0113331932182568 0.00597361924257006 0.0320079072848612 0.0726638091664575 0.0879421623236697 0.117992304700944 0.150023671721539 0.165205386047088 0.178722222893188 0.161246600396445 0.131166026211543 0.103727519175157 0.0719678909103073 0.0457864470392806 0.0351284944535044 0.028071335603912 0.0250162314072586 0.0260958674810063 0.00955279115339158
-9999 -9999 -9999 -9999 -9999 -9999 -9999 -9999 -9999 -9999 -9999 -9999 0.923697195311878 0.830088292159772 0.757817789295556 0.754029405617943 0.804362353418605 0.840217284872682 0.829790743470452 0.712537088527051 0.421285008959014 0.209250994329727 0.069475080567406 -0.00207359656673706 0.00745429932770109 0.00462161855035387 -0.00535698434224102 -0.0203733829358335 -0.0336092745567687 -0.0381714376164217 -0.043246305362905 -0.050073285794407 -0.0533470934424548 -0.0527226377898594 -0.0422457716306396 -0.0303431254502184 -0.0260349991545529 -0.0194784507432941 -0.00617061000663277 0.0159222696372276 0.0433420882384362 0.0588780922367452 0.0790849900075424 0.106426466444934 0.136261803948083 0.163583609960589 0.166000855703787 0.154061306669923 0.139525520884692 0.119255077338094 0.0968399321444704 0.0856404157886872 0.0756440445125183 0.0637895045559181 0.0493973511893669 0.0232478001819056
-9999 -9999 -9999 -9999 -9999 -9999 -9999 -9999 -9999 -9999 -9999 -9999 0.831313161817579 0.945986709832993 0.896662484234208 0.772715347116947 0.641182250248194 0.610016460582696 0.694592005578217 0.831127947972432 0.770875627429879 0.52022907219713 0.183587961778451 0.025307013022397 0.0693071299166201 0.0564492328731485 0.0218222700197623 -0.0056337630270078 -0.0270313637640994 -0.0351085607177265 -0.0434993670985412 -0.0514866629781887 -0.0537845554362305 -0.0544678140470354 -0.0464940153836766 -0.0395312095970995 -0.0366200110118666 -0.0328815866729918 -0.0259746458519642 -0.0111954172145322 0.000210631888969914 0.011020882523413 0.0214717929760679 0.0467450946965962 0.0820101030163606 0.110969027058193 0.148891917930509 0.164241607617233 0.172561981457797 0.163867798800757 0.141136967138353 0.131592202764135 0.116596719119192 0.101283334046374 0.0741571312338642 0.0364846023752427
-9999 -9999 -9999 -9999 -9999 -9999 -9999 -9999 -9999 -9999 -9999 -9999 -9999 0.865536276602957 0.970445324111711 0.659492787499445 0.412298259036356 0.338308917375258 0.3650002329896 0.485760808626367 0.663901858381223 0.747580866334733 0.484233276811184 0.200302334693002 0.129734932361307 0.0925985715237828 0.0535689304536216 0.00124580548532371 -0.0274985051121862 -0.0307576544615543 -0.0379181917511441 -0.044313190624366 -0.0476030079462346 -0.0503009433874927 -0.046497777913127 -0.0408036864844563 -0.0396699725576708 -0.0379586675084601 -0.0347772657537718 -0.0253211841500324 -0.0220171418594698 -0.0239087388780851 -0.0201192316524648 0.00749420677227502 0.0542222020794546 0.101205370910914 0.151044177368668 0.187807006628774 0.212123402578055 0.211392099530975 0.195013821785369 0.183790375771026 0.155807465948398 0.120769197299955 0.090691659662139 0.0548037221248444
-9999 -9999 -9999 -9999 -9999 -9999 -9999 -9999 -9999 -9999 -9999 -9999 -9999 0.647755473991536 1.02306186504616 0.493748744189169 0.282461389647763 0.178121540590425 0.16955450653797 0.226495637397145 0.292963974019226 0.538234003206871 0.591163052497006 0.368977248026995 0.241326085957862 0.140117485586568 0.0630763788357975 -0.0033989912965946 -0.0581146178811495 -0.0397042149392999 -0.0413555454276918 -0.0593954128261179 -0.0452889529876443 -0.0488088370985867 -0.0462651203953902 -0.0403581332188852 -0.0456485576916598 -0.0438071263111761 -0.0420561762469532 -0.0335758225551659 -0.0278878489647363 -0.0359357782154074 -0.0420281550175708 -0.0152829303718849 0.0426980927446084 0.109818567589613 0.158032342389459 0.219247828304674 0.258937633970036 0.252413392366549 0.24052717430878 0.206311786536871 0.172696824425088 0.140230147219503 0.110490553356957 0.0774234977190086
-9999 -9999 -9999 -9999 -9999 -9999 -9999 -9999 -9999 -9999 -9999 -9999 -9999 -9999 1.07162955117136 0.787097232627807 0.369640099372333 0.137817167189186 0.0974480787088798 0.134247052737177 0.207257163592594 0.332833483497892 0.506426044816098 0.545801481966619 0.413411419849118 0.260469692781864 0.179923291230003 0.0249959350645034 -0.0736845650389433 -0.0624245810181995 -0.0861112971995648 -0.0557208413787494 -0.0597814766166063 -0.0606074639516391 -0.0498208049519472 -0.0503371171667224 -0.0541959060188917 -0.0569868939611442 -0.0562901762226982 -0.0464316533443333 -0.0328144555501986 -0.0319574982560417 -0.0289131457592556 -0.00311921862742343 0.0429854680151485 0.099937379033399 0.159459018184504 0.212388939914947 0.247042111888487 0.250020199830548 0.237222936616262 0.21870464584315 0.194464902960655 0.166196589955919 0.137955333786491 0.107817335595883
-9999 -9999 -9999 -9999 -9999 -9999 -9999 -9999 -9999 -9999 -9999 -9999 -9999 -9999 0.850053620448189 1.00796194533505 0.600690701048809 0.143821141051326 0.0402068663690115 0.101988062936477 0.175613357045469 0.277525136170644 0.419132487298122 0.517265413554777 0.607384529802628 0.605519767597211 0.518394091658292 0.279007668745949 0.0998768898174196 0.12595881099069 -0.0607746307039101 -0.0714127878898236 -0.0636941688713248 -0.0590054792627597 -0.0454038880634116 -0.0504056386244481 -0.0547664353436499 -0.0534870961909416 -0.0548147271368851 -0.0521109257224821 -0.0380165333525783 -0.0333638854627074 -0.016677887978311 0.00762578506114031 0.0398522276948742 0.0851397267932779 0.138193622425137 0.185999064762982 0.220658799882845 0.2304628408896 0.230481706909532 0.221230086941669 0.211902274798154 0.196608492641188 0.172953835460913 0.145030208108034
-9999 -9999 -9999 -9999 -9999 -9999 -9999 -9999 -9999 -9999 -9999 -9999 -9999 -9999 -9999 0.816560516883044 0.867657561166189 0.318966465928348 0.0239305965187778 0.0672937167143015 0.183991602786933 0.240408866360525 0.289382220414732 0.316789724503491 0.354913438682787 0.421211477137544 0.54411697731302 0.705852839484134 0.762598235140827 0.493242325981087 0.3463842806564 0.1305026515016 -0.016206710948281 -0.0685938849557708 -0.049888073680032 -0.0361731940786046 -0.0348419556600245 -0.0341701281918952 -0.0323271145260799 -0.0220242407786416 -0.022494113747947 -0.0397540139522067 -0.0250324308084333 0.0130888855143177 0.04338423243778 0.0785661511761614 0.123292983741135 0.164064160110582 0.194706919737606 0.208588815393542 0.214771472294749 0.216035970446783 0.220658435421179 0.215042973934628 0.20206913802865 0.205442760545757
-9999 -9999 -9999 -9999 -9999 -9999 -9999 -9999 -9999 -9999 -9999 -9999 -9999 -9999 -9999 0.351532341897875 0.784690476954133 0.607627026210463 0.091208238241748 0.0168299090354708 0.154145656992974 0.176762444861923 0.243708220367159 0.267950729400096 0.28642439740255 0.299694320701492 0.322724615369251 0.345695241752894 0.462853490478989 0.594107309461015 0.526944101803042 0.382654931307338 0.0590401073201167 -0.0645152753600554 -0.057244746899998 -0.0111384832388972 -0.0261673844671839 -0.0201279509972674 0.00233183689536143 0.0571987782130216 0.0933012805422174 -0.0235964631030692 -0.0398217248007529 0.0215848480542674 0.051908845144243 0.0766401257970872 0.119300977759698 0.150534071268511 0.182366708269606 0.203564103397592 0.210660009296152 0.212945898149429 0.216837336529338 0.207335626918264 0.197752253868551 0.217964027103851
-9999 -9999 -9999 -9999 -9999 -9999 -9999 -9999 -9999 -9999 -9999 -9999 -9999 -9999 -9999 0.613048552292171 0.400193276170989 0.717737269186121 0.486163445919964 0.0701904279830847 -0.0560998369596356 0.0289384040687971 0.132122951527791 0.194278134252485 0.224468866043335 0.245474425669631 0.26796942469673 0.287198520452772 0.309543351059937 0.380920173155059 0.488819751377445 0.49063201208315 0.295734255973152 0.0151867986876696 -0.0383710552356775 -0.0431252900366219 -0.0310795266249363 -0.015309247643307 0.0176070225299952 0.107320551157859 0.148634968774604 -0.0118500907003029 -0.0411154636408365 0.0312244015770236 0.0740830867822733 0.0910281035285397 0.108494436280086 0.135571217456994 0.160843380004716 0.184957496075124 0.215660198437912 0.191017526147391 0.176335132377102 0.158899946544503 0.131265856609965 0.133947662987922
-9999 -9999 -9999 -9999 -9999 -9999 -9999 -9999 -9999 -9999 -9999 -9999 -9999 -9999 -9999 -9999 0.489814913576637 0.279848618597282 0.573661098949465 0.487606918536112 0.0419375690499302 -0.06086341317099 -0.0112173218856111 0.0655647725530248 0.107567189477621 0.139332412428498 0.186771946777233 0.223075992805967 0.226976667598696 0.266417837431005 0.366799038100039 0.457088030648403 0.450549410520286 0.229857827160346 0.0900061924463972 0.00156805690278411 -0.0490556663818075 -0.0472657163932353 -0.0228641246796449 0.041324068675922 0.114812466804856 -0.0368639203294094 -0.0146213658032249 0.0555762135124764 0.0817007585012001 0.0834438289323158 0.0739182745248748 0.0899151392566523 0.106637700549904 0.126003761098433 0.160493459714995 0.115822501502525 0.0977037376368083 0.0834705084697972 0.0582119263858433 0.0788289348686211
-9999 -9999 -9999 -9999 -9999 -9999 -9999 -9999 -9999 -9999 -9999 -9999 -9999 -9999 -9999 -9999 -9999 0.531093157573199 0.155660272873446 0.406445394292351 0.549885111385534 0.258212613386642 -0.0148158912847743 -0.0502857278465338 -0.00830758980397128 0.0485664122126169 0.11639257659142 0.164334129951629 0.179191841185641 0.21791240338398 0.293901043378777 0.38455216611526 0.453019006354907 0.446709051986108 0.343938356919027 0.159526832331303 0.0435690439552003 -0.0112330791956284 -0.0500516789671368 -0.0324476517224829 -0.025462342513755 -0.0099240125348693 0.0332707119950904 0.0601875315428904 0.0541107534197524 0.0359685748168008 0.0314509782331688 0.0291893289877931 0.0343675258369595 0.0418884301905176 0.0336067804023245 0.00871497481175076 -0.0255225440715036 -0.031978932842378 -0.0156848593011036 0.017936830212041
-9999 -9999 -9999 -9999 -9999 -9999 -9999 -9999 -9999 -9999 -9999 -9999 -9999 -9999 -9999 -9999 -9999 -9999 -9999 0.0517634386454029 0.118242764259655 0.404323540848884 0.362682974323303 0.118084616632061 0.00423528564702219 -0.00336729772818045 0.0468070138858456 0.112570250934928 0.136475206719439 0.173689808722312 0.236285259288908 0.288500327385606 0.381213596760144 0.461644814360395 0.460080723031264 0.380632426839617 0.190045367543593 0.0806584754410689 0.0187317705788311 0.0250227250694888 0.0799071863894574 0.0521891281968822 0.0551148074486469 0.0530605308877317 0.028453527226297 0.0139125068497417 0.011389867080155 0.00253914659190346 -0.000813139383752326 -0.00604001490065165 -0.0205539682804925 -0.0550280400485598 -0.0974517111594131 -0.102816923732017 -0.0784845959931511 -0.0386291821864716
-9999 -9999 -9999 -9999 -9999 -9999 -9999 -9999 -9999 -9999 -9999 -9999 -9999 -9999 -9999 -9999 -9999 -9999 -9999 -9999 -9999 0.151716965369164 0.356303954336399 0.453716321021527 0.246144687028258 0.0118609978111063 0.0025561475089555 0.0461424054134857 0.0823523467553017 0.112539844497373 0.136515907326953 0.186514138379585 0.30078456520292 0.411307362522315 0.471812744346983 0.463109280400503 0.426896412356106 0.285444067834211 0.099083949825605 0.100466868084855 0.0592700461260642 0.0425970644494031 0.0504324342898239 0.027501379837478 0.0248326146723349 0.015384941969864 0.0119947017452889 0.00675434751674647 -0.0131531037085533 -0.0245537214932622 -0.0496169523897626 -0.085623489212278 -0.120117653339559 -0.127775370925699 -0.116443486543334 -0.0836058186403844
-9999 -9999 -9999 -9999 -9999 -9999 -9999 -9999 -9999 -9999 -9999 -9999 -9999 -9999 -9999 -9999 -9999 -9999 -9999 -9999 -9999 -9999 -9999 0.316698626125772 0.517722880772821 0.328768045683418 0.0883044357765733 -0.00568109362340996 0.0117660236285626 0.0436351545211225 0.0742646642963413 0.118693840246919 0.205069779822588 0.275192537789675 0.354415228049766 0.471297085063813 0.523957354557212 0.584996006359283 0.429542620314 0.277945281998121 0.156302379623191 0.0837988342991157 0.0645842062040408 0.0438703455541741 0.032288179373195 0.031085711416952 0.029228925507216 0.0213377377335872 0.00145283154636644 -0.0211779100204695 -0.0541342948877358 -0.0937622229516486 -0.128443969833702 -0.140205318842516 -0.135722900844824 -0.1217033087542
-9999 -9999 -9999 -9999 -9999 -9999 -9999 -9999 -9999 -9999 -9999 -9999 -9999 -9999 -9999 -9999 -9999 -9999 -9999 -9999 -9999 -9999 -9999 -9999 -9999 0.423991293051538 0.429404391172542 0.122821538793033 -0.0148128166852233 -0.00726252135855099 0.0180938314538927 0.0495053573431519 0.111726782885087 0.1504120956259 0.220336004640438 0.324127260888056 0.403988762263565 0.52994372099469 0.690222117974451 0.645336166723615 0.355876434752651 0.159516330214286 0.115386437744138 0.070498316249981 0.0635879734158767 0.0682096650541925 0.0597506437501945 0.0609714002567501 0.0338157671038727 -0.00556612765886333 -0.0417663794284954 -0.0965786337756553 -0.129287565120212 -0.14271030521581 -0.149207797409982 -0.152826064824081
-9999 -9999 -9999 -9999 -9999 -9999 -9999 -9999 -9999 -9999 -9999 -9999 -9999 -9999 -9999 -9999 -9999 -9999 -9999 -9999 -9999 -9999 -9999 -9999 -9999 0.0500264809553525 0.304246451982801 0.401886115518541 0.214659468672003 0.0615546879296016 -0.0063846631975466 -0.013248018294919 0.0220824220565238 0.0502943671130578 0.0974172929703119 0.172468543923037 0.217908823263604 0.327942177392354 0.588099434463454 0.847823349565332 0.637389232973041 0.270999654148862 0.152622677717575 0.0917642091198699 0.0829715136425186 0.0966216166138299 0.0863259490091513 0.0814550943120974 0.046728275649688 -0.00689801969489789 -0.0564483912677382 -0.104869998356727 -0.127567828696532 -0.140234149271103 -0.149037849346101 -0.159789039728642
-9999 -9999 -9999 -9999 -9999 -9999 -9999 -9999 -9999 -9999 -9999 -9999 -9999 -9999 -9999 -9999 -9999 -9999 -9999 -9999 -9999 -9999 -9999 -9999 -9999 -9999 -9999 0.199361843641316 0.389530810604607 0.271440209336415 0.115345001525878 0.0172135486561887 -0.00882371409811522 -0.019851081966223 -0.0145316469828174 -0.0263137566324734 0.0420742915736587 0.144609166974266 0.396842128231765 0.849413691810381 0.845417400707617 0.411696663440947 0.168104704793389 0.079838703229697 0.0822758179886018 0.10275428116236 0.0880631784796194 0.0752130140438088 0.0352942911083785 -0.0289913886777793 -0.0885265359645946 -0.113139382266683 -0.123981588655327 -0.131930873145127 -0.141341971941957 -0.151599527347116
-9999 -9999 -9999 -9999 -9999 -9999 -9999 -9999 -9999 -9999 -9999 -9999 -9999 -9999 -9999 -9999 -9999 -9999 -9999 -9999 -9999 -9999 -9999 -9999 -9999 -9999 -9999 0.0201351803319063 0.249877699446602 0.427229807789178 0.229196997743998 0.0601646226428441 -0.00326148068826848 -0.0232476380576933 -0.0395412800542938 -0.0525919470821112 -0.0277839500133839 0.0442363283166421 0.261294157527513 0.728574488510791 0.946153435855627 0.570978404639925 0.185659755145069 0.0348976918810783 0.0450973287334517 0.0812094191265235 0.0627766290776463 0.0359620951408456 -0.000448042720173791 -0.0534660380806865 -0.0951982832742334 -0.113997914876949 -0.117699194462686 -0.118303568900776 -0.122085341975 -0.122962422869569
-9999 -9999 -9999 -9999 -9999 -9999 -9999 -9999 -9999 -9999 -9999 -9999 -9999 -9999 -9999 -9999 -9999 -9999 -9999 -9999 -9999 -9999 -9999 -9999 -9999 -9999 -9999 -9999 0.122216212179677 0.469802589410084 0.385745051142993 0.0919892619213242 -0.00632174101336358 -0.0137934858840397 -0.0337246330800698 -0.0404224878435711 -0.0340587056066669 0.00333109031433754 0.180659247424002 0.625286532122032 0.988878765365258 0.714115868329455 0.256139317828399 0.0210382651432984 0.00726709263719882 0.0642381436852942 0.022085868704078 -0.0169025320183948 -0.0468447967444262 -0.0736666272874863 -0.0986011883330847 -0.106342976912523 -0.0911274527262894 -0.083409665206266 -0.0910644871578583 -0.0864392238112769
