meets/meet006/_saidas_enm/CCSM_Maxent_0k_T_nigriceps3.asc
NCOLS 154 
NROWS 168 
XLLCORNER -112 
YLLCORNER -55.5 
CELLSIZE 0.5 
NODATA_value -9999 
[rows 100 to 124 of 168, columns 55 to 109 of 154]
-9999 -9999 -9999 -9999 -9999 -9999 -9999 -9999 -9999 -9999 -9999 -9999 -9999 -9999 -9999 -9999 -9999 -9999 -9999 -9999 -9999 -9999 -9999 -9999 -9999 -9999 -9999 -9999 -9999 0.00980224460363388 0.252338707447052 0.536700129508972 0.100721761584282 0.0676155462861061 0.041044570505619 0.0476400069892406 0.0845553949475288 0.0690230205655098 0.333381652832031 0.399657875299454 0.588177263736725 0.479270875453949 0.443390280008316 0.0659302994608879 0.00863030925393105 0.00805240590125322 0.00839369185268879 0.0104921106249094 0.0130014317110181 0.0166925583034754 0.0182401742786169 0.0201764963567257 0.0212788321077824 0.0245305057615042 0.019476780667901
-9999 -9999 -9999 -9999 -9999 -9999 -9999 -9999 -9999 -9999 -9999 -9999 -9999 -9999 -9999 -9999 -9999 -9999 -9999 -9999 -9999 -9999 -9999 -9999 -9999 -9999 -9999 -9999 -9999 0.00902851391583681 0.217391893267632 0.397315263748169 0.0904924720525742 0.0639114081859589 0.0418266095221043 0.0507085025310516 0.0803914666175842 0.370454162359238 0.374120622873306 0.411965996026993 0.520054996013641 0.467067122459412 0.420783191919327 0.0166769754141569 0.00864176079630852 0.0080830343067646 0.00870934966951609 0.0110310651361942 0.0137099456042051 0.0178643222898245 0.020529555156827 0.0267847906798124 0.0313227325677872 0.027501879259944 0.0237905811518431
-9999 -9999 -9999 -9999 -9999 -9999 -9999 -9999 -9999 -9999 -9999 -9999 -9999 -9999 -9999 -9999 -9999 -9999 -9999 -9999 -9999 -9999 -9999 -9999 -9999 -9999 -9999 -9999 0.00257837725803256 0.00737465266138315 0.0226507000625134 0.322558969259262 0.0805969163775444 0.0646195560693741 0.0439673885703087 0.053024984896183 0.0809365063905716 0.388337582349777 0.375546008348465 0.600864946842194 0.505424976348877 0.451901704072952 0.403806149959564 0.0157267805188894 0.00681247981265187 0.00650635361671448 0.00725955003872514 0.00787336193025112 0.0138133922591805 0.0196054726839066 0.0228249300271273 0.0226450078189373 0.0253790356218815 0.0350747518241405 0.0300082508474588
-9999 -9999 -9999 -9999 -9999 -9999 -9999 -9999 -9999 -9999 -9999 -9999 -9999 -9999 -9999 -9999 -9999 -9999 -9999 -9999 -9999 -9999 -9999 -9999 -9999 -9999 -9999 -9999 0.00270995986647904 0.0056298328563571 0.0143619915470481 0.147552356123924 0.0636609420180321 0.0573310889303684 0.0433339476585388 0.0622933767735958 0.0837960913777351 0.398796141147614 0.385075032711029 0.554134786128998 0.486545443534851 0.459834635257721 0.379146188497543 0.0458820797502995 0.00687860324978828 0.00698145711794496 0.00793691631406546 0.00867683533579111 0.011364464648068 0.0152862807735801 0.0182510744780302 0.0197832472622395 0.0208540167659521 0.0211712270975113 0.029914166778326
-9999 -9999 -9999 -9999 -9999 -9999 -9999 -9999 -9999 -9999 -9999 -9999 -9999 -9999 -9999 -9999 -9999 -9999 -9999 -9999 -9999 -9999 -9999 -9999 -9999 -9999 -9999 -9999 0.00245615560561419 0.00583079131320119 0.00775831751525402 0.0870769619941711 0.0430030450224876 0.0535551384091377 0.0429314263164997 0.0637595131993294 0.0890902206301689 0.47936350107193 0.344146519899368 0.531011283397675 0.466346710920334 0.503440797328949 0.365374326705933 0.0465348996222019 0.00742691708728671 0.007559216581285 0.00864592473953962 0.00954152829945087 0.0107228243723512 0.015797222033143 0.0207598861306906 0.0219149198383093 0.0240561179816723 0.0245206151157618 0.0266025867313147
-9999 -9999 -9999 -9999 -9999 -9999 -9999 -9999 -9999 -9999 -9999 -9999 -9999 -9999 -9999 -9999 -9999 -9999 -9999 -9999 -9999 -9999 -9999 -9999 -9999 -9999 -9999 -9999 0.00461854366585612 0.00638786191120744 0.00699577480554581 0.00809065625071526 0.0244717337191105 0.0496006309986115 0.0423027984797955 0.0657944232225418 0.0933761447668076 0.467414736747742 0.529864490032196 0.497411847114563 0.450743019580841 0.576583325862885 0.356596946716309 0.039690338075161 0.00800113566219807 0.00821905117481947 0.00931245088577271 0.0102342367172241 0.0116449873894453 0.0160581525415182 0.0235446132719517 0.0251373089849949 0.0259245615452528 0.0254853293299675 0.0270296484231949
-9999 -9999 -9999 -9999 -9999 -9999 -9999 -9999 -9999 -9999 -9999 -9999 -9999 -9999 -9999 -9999 -9999 -9999 -9999 -9999 -9999 -9999 -9999 -9999 -9999 -9999 -9999 -9999 0.00365900318138301 0.00656413147225976 0.0147601244971156 0.00164497620426118 0.0191839504987001 0.0451986938714981 0.0414785295724869 0.0607070960104465 0.125063136219978 0.476544499397278 0.553464531898499 0.492617458105087 0.446624994277954 0.568125367164612 0.354268014431 0.0958983600139618 0.032057948410511 0.0322902612388134 0.00962148327380419 0.0108700459823012 0.0126753589138389 0.0179387480020523 0.0237545538693666 0.0291869565844536 0.0276732034981251 0.0246478412300348 0.090970978140831
-9999 -9999 -9999 -9999 -9999 -9999 -9999 -9999 -9999 -9999 -9999 -9999 -9999 -9999 -9999 -9999 -9999 -9999 -9999 -9999 -9999 -9999 -9999 -9999 -9999 -9999 -9999 -9999 0.00551473582163453 0.0091366870328784 0.0102287903428078 0.00128496601246297 0.00187789264600724 0.0407012328505516 0.0409795194864273 0.0618810020387173 0.120656535029411 0.40607550740242 0.507644653320312 0.490115910768509 0.438772469758987 0.558325290679932 0.35442054271698 0.119155623018742 0.035459641367197 0.0357367843389511 0.0388485677540302 0.044246070086956 0.0494919531047344 0.0674469470977783 0.0833435133099556 0.0971646159887314 0.0930907800793648 0.0971728712320328 0.097831204533577
-9999 -9999 -9999 -9999 -9999 -9999 -9999 -9999 -9999 -9999 -9999 -9999 -9999 -9999 -9999 -9999 -9999 -9999 -9999 -9999 -9999 -9999 -9999 -9999 -9999 -9999 -9999 -9999 0.00588307762518525 0.00857497844845057 0.00896786339581013 0.00122337101493031 0.00156612554565072 0.0320735573768616 0.0410628281533718 0.0652332305908203 0.131864190101624 0.517506062984467 0.526014506816864 0.488940060138702 0.43882742524147 0.438377290964127 0.351484656333923 0.201120167970657 0.0904852002859116 0.0403311885893345 0.0442482829093933 0.0497765615582466 0.0537378937005997 0.0595034137368202 0.0806385353207588 0.0963492169976234 0.100598722696304 0.104951359331608 0.222873732447624
-9999 -9999 -9999 -9999 -9999 -9999 -9999 -9999 -9999 -9999 -9999 -9999 -9999 -9999 -9999 -9999 -9999 -9999 -9999 -9999 -9999 -9999 -9999 -9999 -9999 -9999 -9999 -9999 0.00895735900849104 0.0163651462644339 0.00828420557081699 0.00104126334190369 0.00153588003013283 0.0383603125810623 0.0448520183563232 0.0713971853256226 0.399302124977112 0.505544185638428 0.534724771976471 0.479989022016525 0.50912469625473 0.426606595516205 0.294951647520065 0.203968107700348 0.189657092094421 0.101974181830883 0.113154411315918 0.12033699452877 0.129938870668411 0.129441604018211 0.165404319763184 0.211311876773834 0.225787937641144 0.261427074670792 0.270257890224457
-9999 -9999 -9999 -9999 -9999 -9999 -9999 -9999 -9999 -9999 -9999 -9999 -9999 -9999 -9999 -9999 -9999 -9999 -9999 -9999 -9999 -9999 -9999 -9999 -9999 -9999 -9999 0.00630490249022841 0.0101466244086623 0.0113331330940127 0.00663357134908438 0.000976898823864758 0.00171570817474276 0.0440650545060635 0.0498695448040962 0.0800014212727547 0.429488480091095 0.514346480369568 0.541515111923218 0.507290065288544 0.3840451836586 0.387851357460022 0.240232512354851 0.202673405408859 0.196563452482224 0.211262434720993 0.224399328231812 0.237373426556587 0.234286740422249 0.253411084413528 0.310975223779678 0.353476494550705 0.400935113430023 0.407799750566483 0.41736301779747
-9999 -9999 -9999 -9999 -9999 -9999 -9999 -9999 -9999 -9999 -9999 -9999 -9999 -9999 -9999 -9999 -9999 -9999 -9999 -9999 -9999 -9999 -9999 -9999 -9999 -9999 -9999 0.0072111957706511 0.0089351637288928 0.0085536977276206 0.00493235560134053 0.00418402394279838 0.00225839391350746 0.0577534213662148 0.186889246106148 0.272520273923874 0.455342888832092 0.523334205150604 0.520768940448761 0.572417676448822 0.456113517284393 0.374873667955399 0.224761143326759 0.206702202558517 0.20808020234108 0.224528923630714 0.232030048966408 0.244525775313377 0.242009058594704 0.261589109897614 0.283062338829041 0.342128813266754 0.401940315961838 0.42034575343132 0.429222285747528
-9999 -9999 -9999 -9999 -9999 -9999 -9999 -9999 -9999 -9999 -9999 -9999 -9999 -9999 -9999 -9999 -9999 -9999 -9999 -9999 -9999 -9999 -9999 -9999 -9999 -9999 -9999 0.00832954328507185 0.00708857364952564 0.00519850943237543 0.00429571652784944 0.00525489915162325 0.0875852331519127 0.231193274259567 0.216817766427994 0.399963289499283 0.495239943265915 0.522781074047089 0.495155036449432 0.542326867580414 0.430718630552292 0.248165443539619 0.213086843490601 0.210096821188927 0.217984840273857 0.231933265924454 0.237736195325851 0.230970978736877 0.247799813747406 0.266864657402039 0.288168042898178 0.34773924946785 0.398666352033615 0.431835621595383 0.439838916063309
-9999 -9999 -9999 -9999 -9999 -9999 -9999 -9999 -9999 -9999 -9999 -9999 -9999 -9999 -9999 -9999 -9999 -9999 -9999 -9999 -9999 -9999 -9999 -9999 -9999 -9999 -9999 0.007773342076689 0.00478115910664201 0.0027832705527544 0.00454065902158618 0.0121126808226109 0.176646754145622 0.334483712911606 0.340464413166046 0.43799814581871 0.506218194961548 0.498545110225677 0.477297127246857 0.452829718589783 0.362551391124725 0.234412878751755 0.214680224657059 0.214064553380013 0.227166682481766 0.234337985515594 0.24918720126152 0.23324179649353 0.250386565923691 0.269196093082428 0.289345592260361 0.309248477220535 0.377947509288788 0.428324371576309 0.387858301401138
-9999 -9999 -9999 -9999 -9999 -9999 -9999 -9999 -9999 -9999 -9999 -9999 -9999 -9999 -9999 -9999 -9999 -9999 -9999 -9999 -9999 -9999 -9999 -9999 -9999 -9999 0.0100169079378247 0.0066826306283474 0.00251588691025972 0.000839680142235011 0.00695545505732298 0.017866987735033 0.307845622301102 0.414062798023224 0.422120183706284 0.476650297641754 0.676585912704468 0.505978524684906 0.526987791061401 0.35886362195015 0.257131904363632 0.221389546990395 0.209782257676125 0.226209089159966 0.243991672992706 0.265692919492722 0.243939995765686 0.245544031262398 0.253672778606415 0.271584838628769 0.291123569011688 0.308090209960938 0.376795142889023 0.337133944034576 0.383857190608978
-9999 -9999 -9999 -9999 -9999 -9999 -9999 -9999 -9999 -9999 -9999 -9999 -9999 -9999 -9999 -9999 -9999 -9999 -9999 -9999 -9999 -9999 -9999 -9999 -9999 -9999 0.00895592197775841 0.00500410934910178 0.00262133264914155 0.00403319112956524 0.0107138603925705 0.185901179909706 0.373299270868301 0.495097547769547 0.548003196716309 0.557836890220642 0.731917917728424 0.718244910240173 0.61882746219635 0.425095736980438 0.387985795736313 0.370510190725327 0.233224153518677 0.235444262623787 0.248383730649948 0.270369499921799 0.253668397665024 0.273301064968109 0.259958207607269 0.277029782533646 0.294749140739441 0.311550229787827 0.284947842359543 0.335712432861328 0.366800755262375
-9999 -9999 -9999 -9999 -9999 -9999 -9999 -9999 -9999 -9999 -9999 -9999 -9999 -9999 -9999 -9999 -9999 -9999 -9999 -9999 -9999 -9999 -9999 -9999 -9999 -9999 0.00838975422084332 0.00421326421201229 0.00379872391931713 0.00539023242890835 0.0150496196001768 0.246409103274345 0.411183208227158 0.524308800697327 0.544173181056976 0.717876136302948 0.702382445335388 0.630448937416077 0.496946394443512 0.413172394037247 0.397847324609756 0.384365797042847 0.250568091869354 0.252752244472504 0.257467120885849 0.282942593097687 0.263934344053268 0.261966705322266 0.267623484134674 0.377265334129333 0.397044569253922 0.413482129573822 0.378392249345779 0.391673713922501 0.324700474739075
-9999 -9999 -9999 -9999 -9999 -9999 -9999 -9999 -9999 -9999 -9999 -9999 -9999 -9999 -9999 -9999 -9999 -9999 -9999 -9999 -9999 -9999 -9999 -9999 -9999 -9999 0.00678716320544481 0.0046012275852263 0.00464725913479924 0.00717948190867901 0.0182797815650702 0.336917370557785 0.449064254760742 0.527234435081482 0.528069198131561 0.638661205768585 0.557970583438873 0.527013719081879 0.496757477521896 0.471554189920425 0.467719256877899 0.559093177318573 0.362518846988678 0.365770131349564 0.352054089307785 0.333491593599319 0.354616761207581 0.35480859875679 0.366177320480347 0.298827201128006 0.309622287750244 0.269187688827515 0.279191762208939 0.299270927906036 0.309601217508316
-9999 -9999 -9999 -9999 -9999 -9999 -9999 -9999 -9999 -9999 -9999 -9999 -9999 -9999 -9999 -9999 -9999 -9999 -9999 -9999 -9999 -9999 -9999 -9999 -9999 -9999 0.005945626180619 0.00532366242259741 0.0040553156286478 0.00878990534693003 0.150634214282036 0.413446724414825 0.503361523151398 0.471900463104248 0.573266088962555 0.544825077056885 0.514243602752686 0.496382147073746 0.489498823881149 0.484919160604477 0.489013582468033 0.498948335647583 0.302848041057587 0.280174136161804 0.277611374855042 0.262435883283615 0.270098119974136 0.277827858924866 0.284768223762512 0.292079657316208 0.300854593515396 0.259131282567978 0.267080843448639 0.285879522562027 0.294557839632034
-9999 -9999 -9999 -9999 -9999 -9999 -9999 -9999 -9999 -9999 -9999 -9999 -9999 -9999 -9999 -9999 -9999 -9999 -9999 -9999 -9999 -9999 -9999 -9999 -9999 -9999 0.00667131878435612 0.00613604485988617 0.00474223680794239 0.00956166442483664 0.175732612609863 0.373723655939102 0.481374680995941 0.420963257551193 0.560985803604126 0.5330451130867 0.509862005710602 0.495131850242615 0.486840933561325 0.486243546009064 0.50058114528656 0.509551584720612 0.300123661756516 0.276433020830154 0.272836118936539 0.258381813764572 0.267870128154755 0.274127423763275 0.27922785282135 0.285483449697495 0.292621910572052 0.250091522932053 0.256723791360855 0.263207882642746 0.280162483453751
-9999 -9999 -9999 -9999 -9999 -9999 -9999 -9999 -9999 -9999 -9999 -9999 -9999 -9999 -9999 -9999 -9999 -9999 -9999 -9999 -9999 -9999 -9999 -9999 -9999 -9999 0.0081226509064436 0.00743149919435382 0.00510179297998548 0.00929576624184847 0.171337485313416 0.301643669605255 0.437563925981522 0.407480031251907 0.551528990268707 0.529350280761719 0.513567924499512 0.497289627790451 0.484141856431961 0.485028862953186 0.498398125171661 0.507492423057556 0.285802692174911 0.27149885892868 0.246902942657471 0.254852175712585 0.264816731214523 0.269934296607971 0.273901790380478 0.278758615255356 0.284498274326324 0.241876557469368 0.246909409761429 0.251983195543289 0.266895979642868
-9999 -9999 -9999 -9999 -9999 -9999 -9999 -9999 -9999 -9999 -9999 -9999 -9999 -9999 -9999 -9999 -9999 -9999 -9999 -9999 -9999 -9999 -9999 -9999 -9999 -9999 0.00967991445213556 0.00885804463177919 0.00534443929791451 0.00776799768209457 0.0165295396000147 0.272637486457825 0.330560356378555 0.36204332113266 0.515827178955078 0.527164995670319 0.515100657939911 0.498721033334732 0.455879300832748 0.454143106937408 0.468115746974945 0.302321046590805 0.28222119808197 0.268083035945892 0.24345688521862 0.250763773918152 0.259927093982697 0.264888763427734 0.267976254224777 0.272256731987 0.277612775564194 0.234930604696274 0.239213436841965 0.242814034223557 0.256182760000229
-9999 -9999 -9999 -9999 -9999 -9999 -9999 -9999 -9999 -9999 -9999 -9999 -9999 -9999 -9999 -9999 -9999 -9999 -9999 -9999 -9999 -9999 -9999 -9999 -9999 -9999 0.0126378452405334 0.0113625070080161 0.0062135080806911 0.0019593748729676 0.0144839780405164 0.239510327577591 0.293823748826981 0.327580511569977 0.485571652650833 0.489827036857605 0.482007831335068 0.467633992433548 0.453018814325333 0.451734215021133 0.464852094650269 0.299295634031296 0.278843909502029 0.243955045938492 0.240055993199348 0.246531084179878 0.254738926887512 0.258983641862869 0.261834591627121 0.26570650935173 0.270716071128845 0.22841788828373 0.23166435956955 0.234374850988388 0.2452662140131
-9999 -9999 -9999 -9999 -9999 -9999 -9999 -9999 -9999 -9999 -9999 -9999 -9999 -9999 -9999 -9999 -9999 -9999 -9999 -9999 -9999 -9999 -9999 -9999 -9999 -9999 0.034241184592247 0.0138592980802059 0.00728933187201619 0.00180687825195491 0.0123452274128795 0.201341882348061 0.255180448293686 0.281401097774506 0.294732391834259 0.466388404369354 0.478110671043396 0.463356912136078 0.447506308555603 0.447376608848572 0.461368501186371 0.46831202507019 0.253763794898987 0.240645229816437 0.0358767360448837 0.242379486560822 0.24945917725563 0.253292798995972 0.255737394094467 0.259676605463028 0.264895439147949 0.222840651869774 0.225683435797691 0.226089492440224 0.236318990588188
-9999 -9999 -9999 -9999 -9999 -9999 -9999 -9999 -9999 -9999 -9999 -9999 -9999 -9999 -9999 -9999 -9999 -9999 -9999 -9999 -9999 -9999 -9999 -9999 -9999 0.0263439659029245 0.0389343649148941 0.0178762227296829 0.0193078890442848 0.00164546177256852 0.0104036200791597 0.0236738566309214 0.218606412410736 0.251155585050583 0.254154533147812 0.41908210515976 0.42138671875 0.412102043628693 0.0746379792690277 0.0787526965141296 0.0810557901859283 0.429002612829208 0.0759803280234337 0.0358017347753048 0.0352579616010189 0.0361173152923584 0.244256749749184 0.247618287801743 0.250490754842758 0.254756718873978 0.260198622941971 0.218954548239708 0.220202267169952 0.219875022768974 0.228664055466652
