meets/meet006/_saidas_enm/CCSM_Maha_0k_T_nigriceps5.asc
NCOLS 154 
NROWS 168 
XLLCORNER -112 
YLLCORNER -55.5 
CELLSIZE 0.5 
NODATA_value -9999 
[rows 75 to 99 of 168, columns 56 to 111 of 154]
-9999 -9999 -9999 -9999 -9999 -9999 -9999 -9999 -9999 -9999 -9999 -8.45211401870736 -1.51171247192115 -0.522494171324046 -1.04487613014355 -0.214587269269788 0.0284662962716455 0.189766511231969 0.307656921932655 0.0699095729821322 0.0336654654896141 0.00326956751772001 -0.0196787661288458 -0.0403995460946505 0.134664655979335 0.219304828549118 0.290698928986329 0.389902683766216 0.461943724134039 0.541417500307124 0.635398080972816 0.727017633175377 0.77395793046371 0.793018700874067 0.806350572062004 0.7938831716945 0.780056441154633 0.748405544714683 0.701027809130238 0.642532257651766 0.583502755587727 0.534557188544147 0.490178269330897 0.410515962752394 0.466513597216074 0.5105268938084 0.558467294849179 0.553825127006767 0.48324889828099 0.366459032491306 0.172735973176498 0.0628200621828913 -0.0428126563247997 -0.0770313025563869 -0.00759318953116761 0.0202855422298803
-9999 -9999 -9999 -9999 -9999 -9999 -9999 -9999 -9999 -9999 -9999 -9.5991563677522 -2.05805350186597 -0.542202883327436 -0.461056291614581 -0.663337248301201 0.0299627887222532 0.595588938749768 0.808767653276087 0.507952116001875 -0.0307795145880401 0.140412317360212 0.224119529551017 0.104166816709146 0.230434227482099 0.193357655344194 0.291488260049141 0.404591271141468 0.47058152227567 0.539235503500965 0.59428983246731 0.696079490198647 0.746956793977393 0.757637528649946 0.769552893897288 0.737555634827382 0.751139163019682 0.733109411797099 0.70382762912337 0.678730740119887 0.59145821267055 0.542731434470563 0.447953073209406 0.404719251257176 0.369558922798877 0.321986967537985 0.424178264009615 0.489653265493209 0.477368257368269 0.425128938197269 0.315836013825479 0.22077208900243 0.15276522475401 0.124029586208069 0.144120935592353 0.0645225439657555
-9999 -9999 -9999 -9999 -9999 -9999 -9999 -9999 -9999 -9999 -9999 -9999 -5.2599313044513 -0.737258051690454 0.0203058030824385 -0.196089577381688 0.521378756924776 0.36614653604573 0.246238844769716 0.657271219875742 0.606097931641277 0.377426919865481 0.256426771155744 0.0516059916668101 0.2559512028074 0.347641549784253 0.418746993677531 0.451961402358392 0.469308041765854 0.521092208024636 0.599635648718307 0.703436039703159 0.762006605024274 0.779237323380938 0.78081514507022 0.748249580448412 0.744798288489581 0.719054243294706 0.689340314663548 0.659744244536223 0.572223245720369 0.448726295384988 0.279561013147167 0.360338944355144 0.377696789676897 0.365830564822468 0.325012937846309 0.384321122055184 0.405377734546286 0.42148577455841 0.387377312504028 0.341533884770412 0.303691326116824 0.259075448381144 0.222990558591789 0.110420817916471
-9999 -9999 -9999 -9999 -9999 -9999 -9999 -9999 -9999 -9999 -9999 -9999 -11.6765402207045 -4.3544244396439 -0.513022697992789 -0.304595910786942 0.303144987707894 1 0.566782327531842 0.159149702498259 0.542655538156807 0.674186886981434 0.243233359937293 -0.107196648579564 0.473881805829132 0.547050262067221 0.512925108114356 0.465673154813247 0.439731962184857 0.525278061082371 0.597044892512124 0.697840881370919 0.769424953335622 0.800346119944229 0.812474774095395 0.783791708923164 0.759992962107263 0.72290388025708 0.691896382288911 0.681736493281345 0.628768420227979 0.458862560755582 0.338841364496309 0.414304375816271 0.388398670786125 0.282765894007457 0.266834174020487 0.233090308962762 0.204890227959894 0.26355163691269 0.308416301951783 0.2917231754146 0.260147906302695 0.257749023023121 0.158305952097698 -0.0357831079174695
-9999 -9999 -9999 -9999 -9999 -9999 -9999 -9999 -9999 -9999 -9999 -9999 -9999 -10.2130354046119 -1.90636194872273 -0.0756062405194091 0.496544246348004 1 0.753544073994883 -0.160002686360536 -0.468982847864135 0.13835672806101 0.511361033594579 -0.227993299571442 -0.0972793286886278 0.286315345502084 0.441762164849395 0.32082176510367 0.379398090722596 0.515547800317436 0.595821083875112 0.697657870038922 0.75957808951473 0.799640054588348 0.819874399817457 0.792967110148046 0.780847323852797 0.741849086070383 0.707359693127885 0.685115755712187 0.634382052697972 0.507814647585536 0.378684475937162 0.429142728126841 0.421519909906143 0.342085071287312 0.205836149375955 0.14963242539326 0.0841712639201169 0.0541783543506351 0.129560443506936 0.146009551571541 0.0986514146253451 0.0394000059150582 -0.0338138671597024 -0.145573948902575
-9999 -9999 -9999 -9999 -9999 -9999 -9999 -9999 -9999 -9999 -9999 -9999 -9999 -16.6734706737354 -3.47235636393302 -0.318850851432173 0.540974074719795 -1.46287029827773 -1.33154850655632 0.372141626707135 0.0817443445115309 0.155034228417575 0.215417071536272 -0.16750512225262 0.0351145908517204 -0.612639431418828 -0.0755522008348795 0.0698712533422224 0.0564787522803373 0.439671919661618 0.513723116138517 0.651412807234052 0.734172095782613 0.796088630412314 0.8274699466224 0.793989461302281 0.834667264326913 0.79959817007425 0.753406056333299 0.70607848229964 0.621226149393051 0.580403544961369 0.410125747763118 0.41852868892631 0.373547137986841 0.393772730653978 0.121554654198302 0.0818335973833222 0.0907366524238126 -0.0842373502620388 -0.163598471625149 -0.157438487856666 -0.197930804388277 -0.205008348117888 -0.185713289504432 -0.281785775002958
-9999 -9999 -9999 -9999 -9999 -9999 -9999 -9999 -9999 -9999 -9999 -9999 -9999 -9999 -6.28678371295838 -2.2543732876409 0.66111426791662 -1.75869019670359 -1.97973378285484 0.139883120829846 0.5743440188719 0.622931168755213 -0.0618688525248425 0.0534712542468806 0.136402418381658 0.777461158400098 0.704336115042487 -0.126352878501243 -1.18921710167956 -0.128414250596453 0.203954652757016 0.563230358554107 0.669811727019537 0.758527433477409 0.828431045588238 0.867791095590443 0.892071160322228 0.883164886063815 0.851206634098989 0.787759248962264 0.701195092935552 0.639851977132632 0.548546801052433 0.415403137982101 0.228772612212236 0.221779881131491 0.0642319280575702 0.0531584784216679 0.0391710283040673 -0.123304497341642 -0.373413189451831 -0.422801053514816 -0.422704751433146 -0.370051758344895 -0.201672244789736 -0.116367576752157
-9999 -9999 -9999 -9999 -9999 -9999 -9999 -9999 -9999 -9999 -9999 -9999 -9999 -9999 -13.1213115644998 -3.98479754637568 -0.730420751531538 -0.989412329108741 -2.09349074104508 -0.331877867402677 1 -0.379262629251106 0.113801836410654 -0.651740130451897 -1.29177006551801 1 0.36275894602795 1 0.64397405943039 -0.322901545707855 -0.727408417042329 0.146398658251393 0.498339585542092 0.594237329966574 0.694368217663313 0.770791605698632 0.780109411954006 0.722199183918234 0.736347797115802 0.76066319143564 0.754777962173745 0.695128514261876 0.6200747155296 0.474809012879287 0.294861802916167 0.10743635559645 0.0255994207288402 -0.0237950663657176 -0.0457955752570136 -0.197702926178347 -0.40126348574174 -0.52118010240609 -0.516847190003207 -0.424867117315262 -0.108607705482741 0.104754846546805
-9999 -9999 -9999 -9999 -9999 -9999 -9999 -9999 -9999 -9999 -9999 -9999 -9999 -9999 -9999 -12.6378948733223 -3.31718087251066 0.204325817691937 -1.40580167113469 -1.12419486480412 -0.652192072983786 0.611284299166558 -0.491419787985558 1 1 1 -0.223322000084111 -1.1745070407021 -0.352115631260597 0.101574458625428 -0.555701998169029 -0.0602919581388945 0.315132829551634 0.367516007566395 0.535848944098654 0.520660544639891 0.504338324112927 0.452898832351252 0.417100449707352 0.32923470748925 0.45876296491058 0.593663382626361 0.650388601987428 0.494293664856447 0.335204635379135 0.154771194347773 0.00250273927699285 -0.102838780953199 -0.141649209863451 -0.253374683829775 -0.228115839788917 -0.199230237216981 -0.265718026365893 -0.20250284467696 -0.0234672206692998 0.0198158697241663
-9999 -9999 -9999 -9999 -9999 -9999 -9999 -9999 -9999 -9999 -9999 -9999 -9999 -9999 -9999 -21.1663630694689 -7.14044139824195 -0.0273254284984474 -0.795930550987245 -2.12137384227526 -4.87196514425686 -2.24736188376113 -3.35293355732231 -2.45159213057884 -2.46501234503571 -0.964005647405235 0.467781640607236 0.622129812348272 0.0993509475991795 0.461175256237081 0.795462250777197 -0.187819881290238 -0.334172570041061 0.162434176725316 0.538784727822853 0.32398374056532 0.358751956695658 0.22041157235999 0.0496591107369709 0.108397310807874 0.158502321719401 0.62699344980206 0.668798896158622 0.502168585586683 0.358439469009781 0.185667691553407 -0.0210443605839117 -0.163971933869632 -0.168630112819679 -0.00603409128922383 0.172315806224206 0.196664205832248 0.136284579371701 0.19902338743446 0.286232679841669 0.194885226435534
-9999 -9999 -9999 -9999 -9999 -9999 -9999 -9999 -9999 -9999 -9999 -9999 -9999 -9999 -9999 -20.4143217052284 -12.6236477381591 -1.90900791042598 -1.52300548489737 -1.97450172718501 -3.69370982632341 -6.07392848535598 -9.04658094585675 -9.22250246951124 -6.81079605447262 -5.63851708405316 -4.04100819248882 -2.34169153716068 -0.998162828619386 0.131478927512043 0.131897896202704 -0.204665035246528 -0.308612497792908 -0.311397598358221 0.491409032210312 0.650284778003933 0.507272543461277 0.158882257364124 0.116116977325161 -0.040108096017458 -0.0849123500640425 0.673216096745266 0.704065524026025 0.542224120008855 0.369698400313797 0.228745808520655 0.0287324436615336 -0.120803689632776 0.0404936346787435 0.213451720722254 0.301221900643345 0.509981236886103 0.636316054899254 0.722958333320264 0.773019459938455 0.831867691944347
-9999 -9999 -9999 -9999 -9999 -9999 -9999 -9999 -9999 -9999 -9999 -9999 -9999 -9999 -9999 -9999 -20.6944553671689 -6.48992822079335 -0.854323502653387 -2.75992172621793 -3.94842175326016 -5.72127061367025 -6.48997380778604 -7.20926540269612 -8.10650756502735 -8.92339310172162 -9.80076467765953 -7.83444008368834 -4.41030134402239 -2.78029310002739 -0.771327978985472 -0.540142757321904 -0.0538446385136322 -0.84441903403471 -0.312313409445185 0.613866826518026 0.806341924700111 0.631420791284578 0.264466689096617 0.305478138435134 0.120450771081701 0.670236148847735 0.771537833423137 0.551021524558811 0.428814990995017 0.332430658778505 0.180687493883678 0.171116193334816 0.382078818927456 0.555198580063322 0.595838200883142 0.798225858250979 0.90134453119526 0.937944166034033 0.944125594730492 0.973892259752805
-9999 -9999 -9999 -9999 -9999 -9999 -9999 -9999 -9999 -9999 -9999 -9999 -9999 -9999 -9999 -9999 -9999 -18.8239292243352 -9.7816178664191 -1.04866474600859 -1.92202511712453 -4.71374440738526 -5.2577205654902 -7.53114639716712 -8.43869062822945 -10.6624277763205 -13.326661265671 -13.7114755114384 -8.36187169772797 -2.61794494132526 -2.80506841875532 -0.182835589249069 0.569054924659728 0.661831262250148 -0.185766228830266 -0.125041838756125 0.664810751980058 0.911919410811718 0.886285785492887 0.784193682906958 0.848698138600088 0.852877755285661 0.777008533385238 0.646977053328857 0.598631395874899 0.511741637681574 0.32211438865773 0.525772113848152 0.713485077984431 0.811391396194782 0.863004829126421 0.89541140597108 0.882732232470733 0.887552371525056 0.933400277660592 0.970725409236691
-9999 -9999 -9999 -9999 -9999 -9999 -9999 -9999 -9999 -9999 -9999 -9999 -9999 -9999 -9999 -9999 -9999 -9999 -9999 -11.8759284327203 -2.94139603883151 -1.91714283277109 -2.66702557781248 -4.4170129934006 -6.46984020263082 -10.1375272195463 -14.1441013227745 -16.582695505103 -12.9660815239605 -5.48612156284512 -2.46003077667194 -2.03652732679889 0.831829561381867 1 0.815805340015076 -0.11309094539243 -0.495547350744975 0.454865973767343 0.787686699217511 0.901499351118099 0.732100990981925 0.827268943524422 0.787706120455908 0.735865446824331 0.687878068803102 0.56842628637755 0.390910814918656 0.582308706548098 0.726474339294012 0.8234365412467 0.849484632453069 0.823401950665383 0.876977799450466 0.873747009511908 0.840420518398488 0.872017864260298
-9999 -9999 -9999 -9999 -9999 -9999 -9999 -9999 -9999 -9999 -9999 -9999 -9999 -9999 -9999 -9999 -9999 -9999 -9999 -9999 -9999 -15.0735829251062 -8.89042460096735 -5.2609397402037 -3.96247027517192 -5.57724633096648 -9.7761981227002 -14.2962673501397 -13.6865808133253 -10.9516987941989 -6.44674702707315 -2.81697852666468 -1.45468314755159 1 0.741428208722763 1 0.459915590192071 -0.0341163753981362 0.276123613312162 0.775791103058002 0.856894200269193 0.853701413976784 0.764797048292886 0.748119667799893 0.641258790726231 0.541191942614546 0.396191692015271 0.503966675203021 0.649673103144885 0.788417565353831 0.816762005932782 0.859197068621271 0.882815171313705 0.876821834301552 0.866452073290785 0.88483974770539
-9999 -9999 -9999 -9999 -9999 -9999 -9999 -9999 -9999 -9999 -9999 -9999 -9999 -9999 -9999 -9999 -9999 -9999 -9999 -9999 -9999 -9999 -9999 -14.989842871476 -6.87963871185888 -3.324200226717 -5.92718085598296 -10.7015828577887 -12.0944152491408 -11.9521718916967 -11.1785040953519 -4.32331576298837 -1.47627341314161 -0.608689237552929 0.611229580001561 0.382528316824232 0.289342152736485 0.390633359167524 0.361070991823349 0.719058778753976 0.663244898041685 0.647121447004091 0.535640901654942 0.513312788120039 0.488869869870538 0.399003842214752 0.432996807472563 0.54592457049327 0.664042655446947 0.806616279178158 0.862164676349297 0.901074900970489 0.900753307064296 0.872883764614549 0.861637980608503 0.862208394423657
-9999 -9999 -9999 -9999 -9999 -9999 -9999 -9999 -9999 -9999 -9999 -9999 -9999 -9999 -9999 -9999 -9999 -9999 -9999 -9999 -9999 -9999 -9999 -9999 -9999 -7.41991904466148 -2.68587919883953 -5.92046228067508 -10.3992670508438 -10.7991478374809 -10.6433740706018 -9.63501178253353 -5.67508795512193 -1.07723298893893 -0.60016643004552 0.0746330072747698 1 1 0.402728188690765 1 0.966746075630574 0.824018971415948 0.302650771846185 0.17909539068916 0.176586817777374 0.363724441410399 0.488635241424724 0.618151813139244 0.69557755867668 0.796708147222387 0.863453048423671 0.922414715245875 0.899736375753841 0.856368162021094 0.817525907966033 0.74150920873403
-9999 -9999 -9999 -9999 -9999 -9999 -9999 -9999 -9999 -9999 -9999 -9999 -9999 -9999 -9999 -9999 -9999 -9999 -9999 -9999 -9999 -9999 -9999 -9999 -9999 -20.4569989611611 -6.82691543113848 -2.54049234670249 -6.86466363649173 -10.9985949622618 -9.4070994026467 -9.10230229264131 -9.76820085546724 -8.05341506720075 -1.60623575883327 0.222878800930047 -0.295843988661549 1 1 0.657618434812512 1 1 0.4066290524535 0.0144637980401259 0.0584666840656018 0.268535904539127 0.389682930764334 0.516784104220639 0.624751165085174 0.805687338011546 0.913187920314754 0.933654159580224 0.882832123610228 0.843411629738135 0.810610640833503 0.696703078484982
-9999 -9999 -9999 -9999 -9999 -9999 -9999 -9999 -9999 -9999 -9999 -9999 -9999 -9999 -9999 -9999 -9999 -9999 -9999 -9999 -9999 -9999 -9999 -9999 -9999 -9999 -9999 -5.87451151905296 -2.87664391015007 -9.34766838648522 -8.4607525446768 -8.15175739802097 -8.64735809237093 -8.2189193739347 -7.52377224479611 -4.37833026518799 -0.495317194538705 -0.724863509124188 0.416152666315275 0.687606099698493 1 0.839877960452237 0.404660010728881 0.131167550696557 0.0791672178279338 0.10097118876315 0.258396005971315 0.305625165871906 0.436509587627408 0.800840925382419 0.930117438871079 0.917505437277335 0.863993223531012 0.846814520771862 0.816548069017009 0.708557127570347
-9999 -9999 -9999 -9999 -9999 -9999 -9999 -9999 -9999 -9999 -9999 -9999 -9999 -9999 -9999 -9999 -9999 -9999 -9999 -9999 -9999 -9999 -9999 -9999 -9999 -9999 -9999 -9.45507187907036 -2.79452495616108 -6.26431915855197 -7.85544039705076 -7.12470920398397 -8.68770490370927 -9.00782844423943 -7.77836244572812 -6.4589677086291 -2.52193747794137 -0.853590814209807 0.454345958683873 0.776378213994637 1 0.915392821422712 0.896187309451935 0.526315018097695 0.262907650695346 0.189050599934506 0.277519159647406 0.290382806550123 0.481827940687021 0.753198318702338 0.868625332095173 0.887093972425875 0.875417084085881 0.866713501686981 0.84859290894295 0.824367989420354
-9999 -9999 -9999 -9999 -9999 -9999 -9999 -9999 -9999 -9999 -9999 -9999 -9999 -9999 -9999 -9999 -9999 -9999 -9999 -9999 -9999 -9999 -9999 -9999 -9999 -9999 -9999 -9999 -3.07179950753226 -3.90162440773252 -7.70897617209498 -6.27956678792429 -9.72936421010354 -11.1249876367146 -8.58337679398237 -6.06292470722551 -3.03942702025948 -1.40236516125981 -0.202088155124277 1 1 0.80621410575817 0.798736991642939 0.653880947208013 0.581411077586898 0.300168451059457 0.38450139366711 0.558397751697571 0.691607376766441 0.708116944744933 0.71463763244613 0.84075671290757 0.829028931345895 0.817036618895832 0.884593301793064 0.93407975083307
-9999 -9999 -9999 -9999 -9999 -9999 -9999 -9999 -9999 -9999 -9999 -9999 -9999 -9999 -9999 -9999 -9999 -9999 -9999 -9999 -9999 -9999 -9999 -9999 -9999 -9999 -9999 -9999 -3.75439222303643 -3.29986689076181 -7.21883658923518 -6.7414726770551 -11.1870355345537 -13.6075105775827 -10.4939126308678 -6.57872556749097 -2.62634928669258 -0.964645842723959 -0.322590131132645 0.966143320691512 0.933636442083028 0.913388682418166 0.711340949017303 0.537456349021 0.831907751135003 0.765149644013844 0.4933229603167 0.704526787307566 0.790809276300153 0.731231552759076 0.67396418071821 0.804704343844882 0.830746140014462 0.846693095416303 0.942634539849895 1
-9999 -9999 -9999 -9999 -9999 -9999 -9999 -9999 -9999 -9999 -9999 -9999 -9999 -9999 -9999 -9999 -9999 -9999 -9999 -9999 -9999 -9999 -9999 -9999 -9999 -9999 -9999 -9999 -4.43505866320321 -2.66170209441816 -6.82068753853154 -6.95841649355478 -13.5560321974562 -16.3491434438335 -11.1520706715567 -6.44452581943136 -1.99364337535796 -0.668689145423521 -0.138820563191238 0.870036223744038 1 1 0.922439333192818 0.568450436438765 0.705956308335215 0.767751908812104 0.807907670717814 0.735729763658261 0.769895526245976 0.733431505069204 0.520405244325519 0.80732996722858 0.863304884286876 0.910462448355277 0.979331414060296 0.933767963853564
-9999 -9999 -9999 -9999 -9999 -9999 -9999 -9999 -9999 -9999 -9999 -9999 -9999 -9999 -9999 -9999 -9999 -9999 -9999 -9999 -9999 -9999 -9999 -9999 -9999 -9999 -9999 -9999 -4.57779414389275 -2.59480643038033 -6.01199741410308 -7.31194024617324 -12.9687573717451 -15.8649875569043 -12.3769831735984 -7.13672649586419 -1.70334013541724 -0.284588122810662 0.280911913812534 0.670103252841982 0.929009648014073 0.948045843101866 1 0.448090111087926 0.35148874182006 0.494486277614469 0.823047924418402 0.750911452468123 0.591285912249589 0.721159567871428 0.790165080541539 0.850513969460277 0.895254533268568 0.916285001314761 0.851588766880907 0.634864271274281
-9999 -9999 -9999 -9999 -9999 -9999 -9999 -9999 -9999 -9999 -9999 -9999 -9999 -9999 -9999 -9999 -9999 -9999 -9999 -9999 -9999 -9999 -9999 -9999 -9999 -9999 -9999 -9999 -5.06725409161203 -2.80927110222048 -5.24620322617981 -7.69144591477447 -12.5383290560938 -15.0901821142907 -12.2281386183109 -8.07965427030003 -1.20966210155631 -0.0359258418889143 0.621317074331255 0.569332419159989 0.689204861806841 0.763024814552811 0.921147980466904 0.203965923558189 -0.00565428465971562 -0.0285574932772057 0.579994931462806 0.850942745148412 0.833021220924759 0.641933207085181 0.839618054525388 0.800245378784068 0.71968409024641 0.630730175912547 0.68922100191746 0.573039622490734
