meets/meet006/_saidas_enm/CCSM_Maxent_0k_T_nigriceps3.asc
NCOLS 154 
NROWS 168 
XLLCORNER -112 
YLLCORNER -55.5 
CELLSIZE 0.5 
NODATA_value -9999 
[rows 50 to 74 of 168, columns 55 to 109 of 154]
-9999 -9999 -9999 -9999 -9999 -9999 -9999 -9999 -9999 -9999 -9999 -9999 -9999 -9999 0.015260991640389 0.112418226897717 0.135755956172943 0.119745060801506 0.278203010559082 0.265763342380524 0.327668935060501 0.269479840993881 0.219012066721916 0.051927674561739 0.0121880546212196 0.0125631783157587 0.0162187479436398 0.00296008284203708 0.00310015701688826 0.00317516759969294 0.003241500351578 0.00329818250611424 0.00332584837451577 0.00314464583061635 0.00319981062784791 0.051652941852808 0.0487945266067982 0.15009368956089 0.149623230099678 0.149735763669014 0.16141240298748 0.0603549107909203 0.0653050765395164 0.0597335286438465 0.0144186550751328 0.0118606900796294 0.0081391641870141 0.00983463600277901 0.00929493270814419 0.00943330023437738 0.0105195809155703 0.00991914235055447 0.00846369750797749 0.0119053162634373 0.0119180539622903
-9999 -9999 -9999 -9999 -9999 -9999 -9999 -9999 -9999 -9999 -9999 -9999 -9999 -9999 0.0919069647789001 0.110633328557014 0.11832245439291 0.1098672747612 0.316653698682785 0.281171500682831 0.262479513883591 0.227857053279877 0.196598574519157 0.0362294614315033 0.0109504219144583 0.00269562262110412 0.00277997530065477 0.00283571914769709 0.00290741631761193 0.00297624571248889 0.00307224993593991 0.00312216160818934 0.00310744158923626 0.00302552687935531 0.00302672199904919 0.00308201857842505 0.0482683293521404 0.0486117824912071 0.0593917593359947 0.0593462027609348 0.0649145171046257 0.0611203722655773 0.0167781095951796 0.0150577360764146 0.0135462917387486 0.012419612146914 0.0143686532974243 0.0139542175456882 0.0123757431283593 0.0126115214079618 0.0108446758240461 0.0108578782528639 0.0088550141081214 0.0121390782296658 0.011878271587193
-9999 -9999 -9999 -9999 -9999 -9999 -9999 -9999 -9999 -9999 -9999 -9999 0.0114378677681088 0.0878423228859901 0.156993225216866 0.111723221838474 0.106485493481159 0.102388329803944 0.0993893891572952 0.385205090045929 0.269356399774551 0.247967064380646 0.0312349796295166 0.0114063890650868 0.0104659181088209 0.00282341241836548 0.00285707111470401 0.00287067284807563 0.00291837030090392 0.00295242434367537 0.00302032916806638 0.00306978216394782 0.00302507821470499 0.00296436413191259 0.00298469443805516 0.00304151931777596 0.0488925278186798 0.048642311245203 0.05854582041502 0.0569573417305946 0.0568872429430485 0.0548131838440895 0.0163178462535143 0.0153265967965126 0.01439119130373 0.0138949444517493 0.0120701370760798 0.0115552404895425 0.0115085989236832 0.0127619709819555 0.0120643498376012 0.00971429329365492 0.0095166303217411 0.0124748237431049 0.011577214114368
-9999 -9999 -9999 -9999 -9999 -9999 -9999 -9999 -9999 -9999 -9999 0.00957511365413666 0.0741790235042572 0.105056330561638 0.106081329286098 0.102934792637825 0.0989369824528694 0.131865903735161 0.0793532803654671 0.0717992559075356 0.0678516328334808 0.0304800979793072 0.0120044890791178 0.0114163933321834 0.0109386248514056 0.0107918037101626 0.00290292780846357 0.00288894143886864 0.00289705512113869 0.00290751294232905 0.00294051738455892 0.00296888221055269 0.00291591277346015 0.00286646420136094 0.00287815998308361 0.00294030923396349 0.0437791049480438 0.0470538735389709 0.0461388453841209 0.0567577220499516 0.0550032220780849 0.0535375066101551 0.0142029728740454 0.0135575151070952 0.013087896630168 0.0129108959808946 0.0129102701321244 0.012745613232255 0.0104565070942044 0.00817305129021406 0.0102403089404106 0.0137581573799253 0.0133301354944706 0.0121964514255524 0.0111068291589618
-9999 -9999 -9999 -9999 -9999 -9999 -9999 -9999 -9999 -9999 -9999 0.0842551961541176 0.0880126506090164 0.0998962819576263 0.0982746183872223 0.126955881714821 0.103796571493149 0.0817481204867363 0.0377851314842701 0.0112653467804193 0.0113990502431989 0.0111563382670283 0.011240728199482 0.0113544929772615 0.0111487153917551 0.0110327713191509 0.00292817782610655 0.00287938816472888 0.0028569046407938 0.00283292215317488 0.00284567917697132 0.00286678830161691 0.00279267737641931 0.00274700298905373 0.00276356493122876 0.00281119346618652 0.0107394261285663 0.0342547111213207 0.0338511653244495 0.0444140359759331 0.0539375953376293 0.0143056744709611 0.0136025622487068 0.0130725400522351 0.0127506572753191 0.0128072667866945 0.0107261817902327 0.00834380555897951 0.0106722451746464 0.0107274949550629 0.014434446580708 0.0143729038536549 0.0138209545984864 0.0129703190177679 0.0116522964090109
-9999 -9999 -9999 -9999 -9999 -9999 -9999 -9999 -9999 0.00280133867636323 0.0375010520219803 0.110465340316296 0.101729862391949 0.326192855834961 0.124106824398041 0.125996455550194 0.172933146357536 0.0737361833453178 0.0116271385923028 0.0100975222885609 0.0102521562948823 0.0107824495062232 0.0109152626246214 0.0110186384990811 0.0110521148890257 0.0109669733792543 0.0109315058216453 0.00285998126491904 0.00279345456510782 0.00276169925928116 0.00275780889205635 0.00275894999504089 0.00270489999093115 0.00266101094894111 0.00265665375627577 0.00270548206754029 0.00276552536524832 0.0089679965749383 0.0327542386949062 0.0320350416004658 0.00842086505144835 0.00807522609829903 0.00763415219262242 0.00733197573572397 0.00722866272553802 0.00730740278959274 0.00754324626177549 0.00774708297103643 0.0108719458803535 0.0110688172280788 0.0110730342566967 0.0137359788641334 0.0143541339784861 0.00424241926521063 0.00399491563439369
-9999 -9999 -9999 -9999 -9999 -9999 -9999 -9999 -9999 0.0143758403137326 0.0995703190565109 0.404737025499344 0.398103028535843 0.305753946304321 0.119830884039402 0.126139655709267 0.112495228648186 0.0751917809247971 0.0106892343610525 0.00250870524905622 0.00260587618686259 0.010209065862 0.00276570580899715 0.0104363625869155 0.00280818901956081 0.00280757178552449 0.00281899957917631 0.00274462928064167 0.00269483611918986 0.00266207894310355 0.00265169190242887 0.00265028839930892 0.00261224340647459 0.00258032837882638 0.00257177487947047 0.00258178869262338 0.00260478910058737 0.00259820581413805 0.00833274703472853 0.00821449793875217 0.00798285100609064 0.00781157054007053 0.00758390454575419 0.00739570986479521 0.00734407734125853 0.0074876956641674 0.0104334251955152 0.0134402299299836 0.00346202636137605 0.0035269248764962 0.00353006576187909 0.00728344218805432 0.00482354732230306 0.00312554952688515 0.00412908336147666
-9999 -9999 -9999 -9999 -9999 -9999 -9999 -9999 0.0140367662534118 0.0984450206160545 0.114760063588619 0.352492660284042 0.393782615661621 0.359561949968338 0.343388855457306 0.125103086233139 0.109284833073616 0.0881837010383606 0.0101270228624344 0.0023853627499193 0.00242729554884136 0.00252117356285453 0.00255628558807075 0.0025526569224894 0.00255724135786295 0.00258998991921544 0.0025791076477617 0.00257792696356773 0.00256123719736934 0.00255262153223157 0.00256185862235725 0.00256117642857134 0.00254660495556891 0.00252303341403604 0.00249255355447531 0.00247458158992231 0.00243679923005402 0.00241013686172664 0.00234206579625607 0.00232068076729774 0.00234649865888059 0.00938654970377684 0.00232737208716571 0.00231763115152717 0.0023208106867969 0.00319092511199415 0.00327041302807629 0.00336864334531128 0.00344680598936975 0.00750899594277143 0.00619609793648124 0.00606618821620941 0.0070526679046452 0.00650729797780514 0.00301151536405087
-9999 -9999 -9999 -9999 -9999 -9999 -9999 -9999 0.0489625595510006 0.112197548151016 0.484592914581299 0.595837235450745 0.382694095373154 0.336423605680466 0.289793133735657 0.165148198604584 0.102723263204098 0.0488403253257275 0.0107267489656806 0.00229706312529743 0.00231568235903978 0.00238720374181867 0.0024141906760633 0.00240394519641995 0.00240036402828991 0.00242624618113041 0.00242586457170546 0.00244553224183619 0.00244999025017023 0.00244962307624519 0.00245512323454022 0.00245840288698673 0.00245447084307671 0.00244407868012786 0.00242397515103221 0.00239483756013215 0.00234495336189866 0.00232063909061253 0.00226678606122732 0.00225896411575377 0.00230404548346996 0.00230780825950205 0.00233841850422323 0.00316466460935771 0.00317072565667331 0.00322398031130433 0.00328104780055583 0.00698246574029326 0.00605859700590372 0.00568439112976193 0.00564884068444371 0.00551823573186994 0.00533937197178602 0.00663863914087415 0.00623477296903729
-9999 -9999 -9999 -9999 -9999 -9999 -9999 0.0239185728132725 0.281823605298996 0.469704836606979 0.49005800485611 0.646275579929352 0.441886484622955 0.284343272447586 0.286246538162231 0.107943907380104 0.0943746566772461 0.0155694168061018 0.00350802624598145 0.00248935469426215 0.00227676308713853 0.00233899615705013 0.00233770278282464 0.00234009465202689 0.00233644689433277 0.00234773359261453 0.0023606987670064 0.00236562103964388 0.00236265384592116 0.00236566714011133 0.00237300712615252 0.00236811581999063 0.00237071118317544 0.00236498680897057 0.00234514777548611 0.00234199990518391 0.00232965499162674 0.00230964878574014 0.00229892157949507 0.00229485426098108 0.00231290608644485 0.00234377081505954 0.00317423488013446 0.00317033147439361 0.00316484016366303 0.00320776482112706 0.00579250324517488 0.00547890225425363 0.00553262466564775 0.00554563757032156 0.00548936706036329 0.00538454530760646 0.00520744454115629 0.00499824527651072 0.00631523504853249
-9999 -9999 -9999 -9999 -9999 -9999 -9999 0.0633501932024956 0.187010005116463 0.395159721374512 0.537889420986176 0.545563280582428 0.443771988153458 0.290763437747955 0.294162452220917 0.274639248847961 0.0886011272668839 0.0149063421413302 0.00344416848383844 0.0024805418215692 0.00226361397653818 0.00233042729087174 0.00233264151029289 0.00233394489623606 0.00233694701455534 0.00234961556270719 0.00235910760238767 0.00234226533211768 0.00230982224456966 0.0022947785910219 0.00229469034820795 0.00229098903946579 0.0022898034658283 0.0022862374316901 0.00227891164831817 0.00228009186685085 0.00229440210387111 0.00229777791537344 0.00230016303248703 0.00230177538469434 0.00313374050892889 0.00314774084836245 0.00314107700251043 0.00312257744371891 0.00312987668439746 0.00561292096972466 0.00526867574080825 0.00532045727595687 0.00535193644464016 0.00535339629277587 0.00530729908496141 0.0051982426084578 0.00504961609840393 0.00486440910026431 0.00615201890468597
-9999 -9999 -9999 -9999 -9999 -9999 -9999 0.057964738458395 0.176349699497223 0.43941342830658 0.519713044166565 0.417151004076004 0.529944539070129 0.296786308288574 0.370452582836151 0.264075070619583 0.174872562289238 0.0562509372830391 0.0109348893165588 0.00916730705648661 0.00921953096985817 0.00233184010721743 0.00232913275249302 0.0023289923556149 0.00232934346422553 0.00233859219588339 0.00234251865185797 0.00231641763821244 0.00228147930465639 0.00223969691433012 0.00223847362212837 0.00223167054355145 0.0022294819355011 0.00222151004709303 0.00221655401401222 0.0022256444208324 0.00223258463665843 0.00224856426939368 0.00225854688324034 0.0030628798995167 0.00307205622084439 0.00306783337146044 0.00305443699471653 0.00443806126713753 0.0054528471082449 0.00509312469512224 0.00508580636233091 0.00512791564688087 0.00513635901734233 0.00512792775407434 0.00509543437510729 0.00501421373337507 0.00490826833993196 0.00614718580618501 0.00581233482807875
-9999 -9999 -9999 -9999 -9999 -9999 -9999 -9999 0.118692196905613 0.432123810052872 0.494209200143814 0.397626131772995 0.406753033399582 0.274107873439789 0.267433494329453 0.253556549549103 0.116344690322876 0.0354463867843151 0.00788941700011492 0.00734269060194492 0.00733030354604125 0.0074612065218389 0.0100808385759592 0.0100739607587457 0.0100623955950141 0.0100670605897903 0.0100439870730042 0.00994567200541496 0.0097952401265502 0.00960695091634989 0.0095151299610734 0.00948729459196329 0.0118551487103105 0.0118574528023601 0.0118449479341507 0.00294575467705727 0.00295523041859269 0.00297357328236103 0.0029833628796041 0.00298295053653419 0.00298038590699434 0.00297174160368741 0.0247093979269266 0.0212650876492262 0.0198393147438765 0.0158858820796013 0.0158704668283463 0.015898747369647 0.0159008670598269 0.0158670172095299 0.01578713580966 0.0155898854136467 0.0153714641928673 0.0194511711597443 0.00899990182369947
-9999 -9999 -9999 -9999 -9999 -9999 -9999 -9999 -9999 0.485590726137161 0.332693129777908 0.382296502590179 0.392357736825943 0.315628826618195 0.25730949640274 0.240123122930527 0.0485311225056648 0.0427455268800259 0.00770856160670519 0.00726465508341789 0.00727263372391462 0.00996009912341833 0.00993731804192066 0.00992963742464781 0.00991074182093143 0.00989618897438049 0.00984693225473166 0.00974686723202467 0.00961349159479141 0.00944950897246599 0.00929989479482174 0.00925092212855816 0.00929847452789545 0.00933517795056105 0.0093426862731576 0.00936925783753395 0.00936207454651594 0.00938574783504009 0.00938074570149183 0.00936582777649164 0.00939460285007954 0.0193676669150591 0.0200529489666224 0.015536418184638 0.015707902610302 0.0158988311886787 0.0161433387547731 0.016209352761507 0.0163151584565639 0.0163346063345671 0.0162267833948135 0.0161005314439535 0.0158201362937689 0.0200747288763523 0.00928296148777008
-9999 -9999 -9999 -9999 -9999 -9999 -9999 0.046885073184967 0.154569953680038 0.330076307058334 0.336283415555954 0.384000062942505 0.382448732852936 0.306464374065399 0.247147992253304 0.141041621565819 0.0451947078108788 0.0112269716337323 0.00831668637692928 0.00716952327638865 0.00963939446955919 0.00973076466470957 0.00974391680210829 0.00977705884724855 0.00976080447435379 0.00970984902232885 0.00963566079735756 0.00953715387731791 0.00942257232964039 0.00929483585059643 0.0101215289905667 0.0100482637062669 0.0100916363298893 0.0101432772353292 0.00921346247196198 0.00924804620444775 0.00926370359957218 0.00927998125553131 0.0092818234115839 0.00925536081194878 0.00932001229375601 0.020095644518733 0.0157629661262035 0.0159990862011909 0.0161873828619719 0.0163396801799536 0.0164897125214338 0.0166091565042734 0.0166986864060163 0.0167074706405401 0.0165906306356192 0.0164532531052828 0.016285065561533 0.0173114221543074 0.020143685862422
-9999 -9999 -9999 -9999 -9999 -9999 0.0188997909426689 0.0565296187996864 0.202331453561783 0.337908804416656 0.411814957857132 0.386795669794083 0.367337614297867 0.293060123920441 0.230667725205421 0.0479101948440075 0.041458997875452 0.0104737160727382 0.0100714396685362 0.0104547888040543 0.00942686200141907 0.0094597740098834 0.00950297527015209 0.00958827324211597 0.0095839137211442 0.0095098540186882 0.00943203642964363 0.00933109875768423 0.00923520885407925 0.0100994305685163 0.012633727863431 0.0125770550221205 0.0125403413549066 0.012579389847815 0.0126277571544051 0.0100893117487431 0.00921960733830929 0.00928797852247953 0.00940546300262213 0.00948187150061131 0.013825748115778 0.0205688010901213 0.0161136798560619 0.0163589492440224 0.0165106747299433 0.0166083592921495 0.0167081970721483 0.0168234743177891 0.0169350374490023 0.0216840356588364 0.0215378236025572 0.0214209500700235 0.0213605649769306 0.0213275142014027 0.0277123060077429
-9999 -9999 -9999 -9999 -9999 -9999 0.0205180980265141 0.0550485476851463 0.158293291926384 0.315059810876846 0.399560570716858 0.350604832172394 0.342853158712387 0.269425898790359 0.131141260266304 0.0579444579780102 0.0142434583976865 0.0135522941127419 0.0130606815218925 0.0126667208969593 0.012721455655992 0.012789536267519 0.0102170873433352 0.00931463669985533 0.00931794941425323 0.00928647816181183 0.0101611623540521 0.0100959492847323 0.0126248579472303 0.0125446626916528 0.0125082293525338 0.0124882236123085 0.0125035429373384 0.0125591922551394 0.0126317068934441 0.010122393257916 0.00927707925438881 0.00937730353325605 0.00949627906084061 0.0197932533919811 0.0199637040495872 0.0173069722950459 0.0162984151393175 0.0210715942084789 0.0212368685752153 0.0213356073945761 0.0214539859443903 0.0215812791138887 0.0217080544680357 0.0217756945639849 0.0217303838580847 0.0217462796717882 0.021823288872838 0.0220181457698345 0.0287977587431669
-9999 -9999 -9999 -9999 -9999 -9999 -9999 0.051409337669611 0.0648939460515976 0.366978704929352 0.375154495239258 0.32011541724205 0.336228132247925 0.267508953809738 0.318964034318924 0.134178295731544 0.013440964743495 0.0132712451741099 0.0127349132671952 0.0122258542105556 0.0124197397381067 0.0124807730317116 0.0126815726980567 0.0126752676442266 0.016227975487709 0.0162472035735846 0.0160843133926392 0.0160536170005798 0.0159379132091999 0.0325176417827606 0.032516784965992 0.0325014516711235 0.0326214209198952 0.0328068509697914 0.0330396592617035 0.0266318619251251 0.0244877580553293 0.0247304402291775 0.0259013567119837 0.0261678136885166 0.0264362972229719 0.022257212549448 0.0209008529782295 0.0210838224738836 0.0212233290076256 0.0213305093348026 0.0214597452431917 0.0215622130781412 0.0216853991150856 0.021784532815218 0.0218080263584852 0.0219679065048695 0.0222120843827724 0.0226064212620258 0.0247154887765646
-9999 -9999 -9999 -9999 -9999 -9999 -9999 0.050440352410078 0.075973354279995 0.188231065869331 0.37326791882515 0.374878734350204 0.339074164628983 0.483226925134659 0.306063741445541 0.23932047188282 0.108170606195927 0.0516128465533257 0.0119068184867501 0.0111155370250344 0.0119923576712608 0.0127011174336076 0.0127176214009523 0.0161170829087496 0.0160734038800001 0.0161389540880919 0.0233289282768965 0.0327729843556881 0.0334583632647991 0.0332431048154831 0.0332754775881767 0.0334075801074505 0.0334398001432419 0.0335884429514408 0.0338262394070625 0.0272742602974176 0.0250971056520939 0.0210777055472136 0.021340187638998 0.0215935911983252 0.0218458715826273 0.0221083238720894 0.0208142511546612 0.0210013315081596 0.0211575366556644 0.0212758928537369 0.021412393078208 0.0215357579290867 0.0216653104871511 0.0217823870480061 0.0218298397958279 0.0220288094133139 0.0224662180989981 0.0230517145246267 0.0236651357263327
-9999 -9999 -9999 -9999 -9999 -9999 -9999 0.0551679953932762 0.0666502714157104 0.0801287665963173 0.388663500547409 0.522346675395966 0.39625158905983 0.409612059593201 0.344054728746414 0.37596121430397 0.252518475055695 0.0421494096517563 0.0110377697274089 0.0126477554440498 0.0111168911680579 0.0127763245254755 0.0163615085184574 0.0158939305692911 0.0158337447792292 0.0159899294376373 0.0331476591527462 0.033682681620121 0.0330775491893291 0.0272948313504457 0.027348730713129 0.0275102686136961 0.0274380743503571 0.0274891648441553 0.0258290451020002 0.0261381100863218 0.0211520325392485 0.0193911753594875 0.019651809707284 0.0198933575302362 0.0201442297548056 0.0204278621822596 0.0206056479364634 0.0208460725843906 0.021020358428359 0.0211449284106493 0.0213346183300018 0.0214497372508049 0.0216191075742245 0.0217625219374895 0.0217950791120529 0.0220429468899965 0.0252101700752974 0.0260743666440248 0.0269060004502535
-9999 -9999 -9999 -9999 -9999 -9999 -9999 -9999 -9999 0.169587567448616 0.389071881771088 0.45576536655426 0.454761743545532 0.417864978313446 0.416218727827072 0.423254996538162 0.370644599199295 0.103602312505245 0.0104127330705523 0.0112293288111687 0.0131181860342622 0.0157013200223446 0.0156752876937389 0.0147407855838537 0.0145817026495934 0.0218213051557541 0.0328983813524246 0.0324681922793388 0.0316504612565041 0.0261103715747595 0.0247315969318151 0.0251882895827293 0.0250716581940651 0.0249833296984434 0.0251178052276373 0.0255026053637266 0.0259781144559383 0.0209599398076534 0.019293125718832 0.0195748098194599 0.0198334269225597 0.0201284047216177 0.0203626397997141 0.0206107385456562 0.0208303779363632 0.0210036560893059 0.0211996864527464 0.0213764868676662 0.0215670820325613 0.0241970326751471 0.0243090633302927 0.0246742758899927 0.0253828186541796 0.0263534747064114 0.0274043008685112
-9999 -9999 -9999 -9999 -9999 -9999 -9999 -9999 -9999 0.170799538493156 0.369962334632874 0.437600284814835 0.485826224088669 0.438035577535629 0.425181359052658 0.428353130817413 0.366806715726852 0.216820150613785 0.0125573948025703 0.013002629391849 0.012702876701951 0.015414034947753 0.0150437550619245 0.0138135869055986 0.0135873202234507 0.020549988374114 0.031301811337471 0.0308735109865665 0.0300040263682604 0.0247351638972759 0.0234535057097673 0.0238558314740658 0.0239491630345583 0.0241682659834623 0.024359866976738 0.0247853547334671 0.0252998769283295 0.0256641786545515 0.0207719821482897 0.0191372241824865 0.0194207262247801 0.0197586603462696 0.0200089849531651 0.0203131288290024 0.0205599833279848 0.0231053382158279 0.0234002657234669 0.0236207079142332 0.0239079985767603 0.0241570770740509 0.0243015643209219 0.0246931128203869 0.024210711941123 0.0244524367153645 0.0246519017964602
-9999 -9999 -9999 -9999 -9999 -9999 -9999 -9999 -9999 -9999 0.255410045385361 0.347915858030319 0.409521549940109 0.436583191156387 0.418168306350708 0.440859347581863 0.380032807588577 0.360510796308517 0.0147621864452958 0.0143153313547373 0.0127859553322196 0.0151418652385473 0.0146775227040052 0.0133511144667864 0.0188802387565374 0.028132189065218 0.0301373023539782 0.0297675579786301 0.0288430955260992 0.0285190138965845 0.0239993631839752 0.0226675663143396 0.0226575694978237 0.0252242051064968 0.0257874596863985 0.0267542023211718 0.0273025296628475 0.027735847979784 0.0281485188752413 0.0286616403609514 0.0232561659067869 0.0214989129453897 0.0218615103513002 0.0221890639513731 0.022541631013155 0.0228670835494995 0.0231619663536549 0.0235196147114038 0.0238275974988937 0.0239487830549479 0.0234268866479397 0.0226369146257639 0.0220843032002449 0.0213699769228697 0.0217222142964602
-9999 -9999 -9999 -9999 -9999 -9999 -9999 -9999 -9999 -9999 -9999 0.290334284305573 0.37706458568573 0.382178723812103 0.412694543600082 0.436051070690155 0.457891166210175 0.409605324268341 0.0643699914216995 0.0129335224628448 0.013826496899128 0.0152579443529248 0.0144856842234731 0.0117740649729967 0.0236724484711885 0.0285392720252275 0.0293704885989428 0.0289275832474232 0.0280480422079563 0.0229690875858068 0.0230634286999702 0.0240516904741526 0.0239046066999435 0.0238325987011194 0.0242498908191919 0.0251953694969416 0.0263030398637056 0.0268887411803007 0.027310024946928 0.0278193186968565 0.0281216558068991 0.0287268348038197 0.0235055405646563 0.0218015592545271 0.0222216676920652 0.0224255863577127 0.0225317422300577 0.022498769685626 0.0222781170159578 0.0219039805233479 0.0209144875407219 0.0202972646802664 0.0198350809514523 0.0194523278623819 0.0196582563221455
-9999 -9999 -9999 -9999 -9999 -9999 -9999 -9999 -9999 -9999 -9999 -9999 0.337985932826996 0.395855277776718 0.339699238538742 0.433753699064255 0.465882182121277 0.464100867509842 0.0836094990372658 0.0147571703419089 0.0158581379801035 0.0154177127406001 0.012882768176496 0.0172852277755737 0.0238703191280365 0.0253503825515509 0.0258602518588305 0.0254772454500198 0.0205900855362415 0.0202592983841896 0.0232152622193098 0.0230512842535973 0.0228790305554867 0.0227673444896936 0.0297413226217031 0.0300048254430294 0.0233895909041166 0.024008996784687 0.0241329316049814 0.0244481042027473 0.024963516741991 0.025271937251091 0.0261857397854328 0.0211910344660282 0.0196762941777706 0.0201770756393671 0.0203003697097301 0.0204575005918741 0.0201507639139891 0.0198381766676903 0.0192839615046978 0.0187700595706701 0.0184789467602968 0.0179985612630844 0.017970584332943
