meets/meet006/_saidas_enm/CCSM_Maha_0k_T_nigriceps3.asc
NCOLS 154 
NROWS 168 
XLLCORNER -112 
YLLCORNER -55.5 
CELLSIZE 0.5 
NODATA_value -9999 
[rows 50 to 74 of 168, columns 56 to 111 of 154]
-9999 -9999 -9999 -9999 -9999 -9999 -9999 -9999 -9999 -9999 -9999 -9999 -9999 -77.98604930276 -50.1532479246985 -24.7568543265588 -10.6700742950953 -3.99268653128911 -1.20145309009552 -0.754329090792236 -2.33236733725546 -4.0076314641185 -4.14364697022374 -2.73315867907063 -3.37321235388253 -4.73445557415951 -8.18043468422516 -14.3556101490226 -21.4962345241883 -30.2542578715133 -37.0139063696745 -30.6498013105135 -22.0506831876868 -12.0189940184735 -3.54110780611754 -0.567677876809475 -1.09280454935022 -0.242558178977556 -0.0367923683481945 0.0656562141417719 0.0714915635789807 0.0749647822785672 -0.18677645909395 -1.13255552420485 -2.31138228721433 -6.31346878469789 -4.73359500637604 -5.74392143621024 -6.15731508321959 -5.60811295665035 -6.85795120505575 -7.51631066338239 -6.11524314351388 -5.04639719809963 -4.76089701605885 -4.19119408316385
-9999 -9999 -9999 -9999 -9999 -9999 -9999 -9999 -9999 -9999 -9999 -9999 -9999 -34.7105075957778 -32.1160512504294 -23.3822561591812 -13.1390485848445 -5.41961069970241 -2.69780204498066 -2.78515405464427 -4.46688139392039 -8.60381015325522 -8.14314139196205 -7.70704309755496 -9.49017331454402 -13.51404307559 -18.0758028219048 -25.4632594428505 -35.526827225177 -47.0725151659768 -53.2886486740412 -46.3894723748219 -33.5389041002664 -19.9886378633468 -7.26749965389381 -1.71130987727299 -1.70562418695889 -0.637446626088051 -0.310231828098869 -0.05310366126893 -0.110390909922718 -0.329041220100346 -0.789621391964924 -1.63666802149643 -2.86980628668213 -4.17376674616046 -4.49104734996799 -4.54636953158255 -4.88981031772404 -5.39045237970267 -6.32899845435968 -6.68101954999661 -5.79973898850625 -4.84888730097278 -4.38127781329967 -3.51336278399438
-9999 -9999 -9999 -9999 -9999 -9999 -9999 -9999 -9999 -9999 -9999 -26.7774035258833 -20.9784497458877 -19.6876413423505 -22.0244114290654 -22.9651295364625 -17.2909223256265 -8.76719323044792 -6.60485796808952 -7.98758089454306 -10.7597691889724 -12.3284685726159 -14.5336919759225 -15.8244538123293 -18.9646863301293 -22.9068629434481 -31.4509603851867 -42.4018943694033 -55.5164649293033 -69.2079537650925 -75.947715951825 -63.1292513488264 -44.1545624522846 -26.0381535726284 -11.3930411713242 -3.56489241944615 -2.34576667943794 -1.54913493286721 -0.829049814827345 -0.545398533019936 -0.385209648258394 -0.743390033700775 -1.13748379439931 -1.67846178986899 -2.33330513326268 -2.43236121848722 -2.86765485661184 -3.01421337759819 -3.69126859967866 -5.12957964888905 -6.09030547869795 -5.69362285219733 -5.52265935239948 -5.00771399250257 -4.10833055154327 -2.79300240835961
-9999 -9999 -9999 -9999 -9999 -9999 -9999 -9999 -9999 -9999 -25.1474194964611 -18.3384025180578 -14.0092090026042 -14.1930282964573 -19.1226719765138 -22.441143863723 -23.255424925791 -17.1290570093004 -14.0230724612553 -15.0348428200748 -16.1191509612102 -18.7848085191151 -22.2555165065068 -25.7739372838749 -30.8855703858414 -38.4425738018374 -49.8034531523943 -64.2191271628588 -79.2019207300577 -90.7061898116098 -92.64784660312 -75.2568089686992 -51.3298032174904 -29.6827148621681 -14.7453860145643 -5.6518393585657 -3.78694167360598 -3.16241719277632 -2.11748474910279 -1.49482178012206 -1.22171457646698 -1.41970576191316 -1.62686460351639 -2.02035075945401 -2.26181411822434 -2.30841027662558 -2.96157797024898 -3.71926826620467 -5.03076355856257 -5.83871444402787 -5.38913620313804 -5.0234528038616 -5.43266560630123 -5.07023782505896 -3.50305453321132 -2.25440577362163
-9999 -9999 -9999 -9999 -9999 -9999 -9999 -9999 -9999 -9999 -14.2719608191708 -11.0528125810851 -6.11267519778326 -8.00637004762998 -14.5389439742166 -19.6264157384571 -28.3010605117859 -27.8393184424074 -24.1705489195142 -24.5560736347503 -25.8120913411457 -29.5001020152057 -34.3428172878387 -39.783980597333 -48.2071968910009 -58.6282686414396 -73.1622448864445 -89.2071690252113 -92.271390921145 -87.1072809674192 -93.4496485618278 -83.1897450846503 -57.803874688429 -33.8760340875167 -17.6422860574377 -7.9408357183733 -5.39733894068201 -5.11902796998745 -4.08021590914412 -2.87154279087864 -2.16440933985708 -2.36117005627569 -2.54554527810565 -2.85318244779709 -3.36528951972562 -3.7052604651248 -5.13336374785915 -5.39778155203968 -5.83018090265203 -5.17261342731008 -3.97462262193801 -4.35041151760258 -5.14866877953852 -4.83139897408843 -3.09113265228066 -2.19158068022713
-9999 -9999 -9999 -9999 -9999 -9999 -9999 -9999 -24.8545827142932 -13.0753555929232 -5.13618050612068 -6.62681235183769 -2.94709003232374 -4.32544672794746 -13.0123222784847 -18.0334883381335 -29.0091687545009 -37.3473256897618 -36.7828582902478 -37.8752201008344 -40.4432378174707 -44.2537203596228 -48.0784240178926 -54.6459230908566 -66.0719148205021 -66.7428549821057 -68.036152836154 -65.6560091706825 -65.7492022526631 -67.5036814566772 -66.366033356934 -64.9467413829363 -60.9892978976026 -38.4718086758557 -21.0633607512388 -11.4553602823041 -7.77038209806324 -7.08414318097701 -6.76106815125896 -5.96480212055135 -5.40454588905353 -5.54103493676049 -5.73889432969393 -6.1534006000443 -7.11614842817561 -7.16294463086658 -6.72345920603279 -5.35281618532632 -4.49491834065806 -3.41609088652486 -3.41938688225162 -3.92301168170455 -4.74196485676585 -4.66805908818612 -2.68082563380394 -2.36319736163308
-9999 -9999 -9999 -9999 -9999 -9999 -9999 -9999 -15.2576583555516 -5.63601705737548 -3.02766799501028 -2.36442216305617 -0.665610816046472 -4.14969917040941 -12.2289271026625 -16.7497837643187 -25.5179933212299 -37.2946081320111 -40.4337809819174 -42.3595504843584 -45.1725373537654 -46.8097455983036 -48.8707535248934 -47.6653681390788 -47.4189304182556 -46.8575691123953 -46.5978805963223 -47.7026203807042 -47.3118579226698 -45.7715589881324 -44.6364809678101 -44.5036865105292 -44.7439975085112 -43.9818434126134 -26.3404110276294 -16.4352304458064 -11.8594441196827 -9.74148286116958 -9.15189949064279 -9.64261510221881 -10.3290951245849 -10.7030293634835 -10.6847497105192 -8.76619468933722 -6.77111425977169 -5.14774212996803 -4.54700795239566 -4.20994434846382 -4.20882141173932 -5.23891167405352 -6.00558799718071 -6.80224592985427 -7.11699143498008 -5.53211873895385 -2.30605917580252 -2.03772721443417
-9999 -9999 -9999 -9999 -9999 -9999 -9999 -15.2813189897394 -8.22117010967681 -2.21975073727671 -0.734189745570873 -1.14262408474269 -0.104521090429627 -3.24106311747705 -9.90403311791332 -15.8552511295766 -21.7053355391854 -29.3782289449564 -30.0001231369657 -32.1225786314402 -34.3051076215406 -34.471299236589 -35.2693216607697 -34.7592187068848 -34.7054218125671 -35.2137253328761 -34.4126568544593 -33.2418189406214 -33.0499394693615 -33.1734163757265 -33.7177177618485 -33.4679111251946 -33.4454076830803 -33.0738993266387 -31.8669550723555 -22.0105357536983 -17.0515298854916 -14.3088282521574 -12.8525195998238 -12.529873920889 -11.5460690520838 -10.6648929088457 -9.54327202688633 -8.13251317286394 -7.42410336785195 -7.19308550077923 -8.53387799066823 -10.1541036949436 -12.3574604669379 -14.3958027474417 -15.0965711978317 -15.1556372507776 -13.9334960784456 -8.5379961077511 -2.90829799786295 -1.51646670596689
-9999 -9999 -9999 -9999 -9999 -9999 -9999 -8.88079613623229 -2.91697085874731 -0.323603987258239 0.229767587859847 -0.653740769457504 0.371605205322644 -2.3403247836041 -7.51478901104447 -15.0090836820112 -18.5752911632916 -22.6698489522942 -22.5336024892296 -22.8228958283212 -23.7570497587197 -24.3627938832456 -25.3529694591094 -24.3229443217956 -22.9997410985451 -23.0311093348681 -22.5193651388035 -23.3387983116512 -23.2004455977034 -22.3263365142969 -22.8823007577616 -23.4999329898244 -24.9031678160865 -25.7749788723932 -26.5074276998902 -28.7297758736932 -22.8276587825817 -18.3803687471441 -16.4208387468303 -15.9078173833673 -14.8281957829742 -15.2559740381639 -15.0967991393233 -16.0298190541329 -18.7208504001171 -21.201215393842 -24.9960630309028 -25.5360525913667 -25.5000494778504 -23.0326620412762 -22.6371694278988 -20.5850957024404 -19.6483884126988 -12.0450203997288 -4.71402368703697 -1.63076468751074
-9999 -9999 -9999 -9999 -9999 -9999 -14.3582905081678 -5.34329718837909 -0.529750057990061 -0.232613643586277 0.674116640038553 -0.209382344125259 0.26574830795119 -2.79819028924634 -6.49356830763853 -13.587688600267 -14.9429649279241 -16.9701992400069 -16.6662921738967 -16.8981337079342 -17.7381952948683 -17.4822269859844 -17.0799482804256 -16.3153968500624 -16.2386558508808 -16.0230681956771 -16.0726835554426 -15.6942745335774 -15.48796459634 -16.3046257305076 -16.6175541810982 -17.6175739753022 -18.4437728453273 -19.1960537181818 -20.6222311859839 -21.4706779388225 -22.8145504841932 -23.2719438225818 -24.2181872119596 -24.6045267828722 -23.5730695313404 -22.9033905506483 -20.8324993883997 -18.8559031689566 -18.2536763263606 -16.8725189012989 -16.9289006644741 -15.9687397573393 -15.8129740261788 -15.9918654247826 -15.3632977600756 -14.8084742397293 -13.4823736832017 -12.0496226347517 -6.0858778377943 -2.1955861554208
-9999 -9999 -9999 -9999 -9999 -9999 -12.8283776831016 -6.12260746505467 -0.988141711145956 0.58602759097612 0.572578280313861 0.388294848516046 -0.0895928093241272 -2.16530075751638 -4.78494586573944 -10.3413658081026 -12.5255629180958 -13.7345350420034 -12.9108976436844 -12.3621556408715 -12.1563246118953 -11.5702187635158 -11.0689989540246 -10.4692548161914 -10.2757090470577 -10.4677876559824 -10.4035574151471 -10.5511315782901 -10.6607583612549 -10.9289583878088 -11.5111409704277 -12.0032212827983 -12.7842967702094 -13.4567161260323 -14.1978730673993 -14.6723371088851 -14.6499719713461 -14.7353748266123 -14.1518257618755 -13.2936441664725 -12.7700461147662 -11.5522517127297 -10.668035748952 -9.90106434229545 -9.21409889414408 -9.26958322940985 -8.86435180620245 -8.96003623198451 -9.08703573829377 -8.77260227535681 -8.66158308880765 -7.83374321467721 -7.30090899156977 -6.78633710877385 -6.66247759349538 -3.38719296306176
-9999 -9999 -9999 -9999 -9999 -9999 -11.6641040474935 -5.77884602220109 -1.01791690857641 0.183983553438699 0.257574998788594 0.415093490603383 -0.0631309339509312 -1.81254600052065 -4.06742667762644 -9.79958117204 -11.1096470654497 -11.5609228586987 -10.0941264114561 -9.40788109082323 -9.02544619570523 -8.06406760155871 -7.25314434975665 -6.82184606125642 -7.09687487505914 -7.39389323081966 -7.54077967703285 -7.71537514350039 -7.98758701755402 -8.20116951516064 -8.50702439470117 -8.79842435718426 -9.18700300157136 -9.60449502992999 -10.1950658767856 -10.4987013872643 -10.2182322673124 -9.55273839932164 -8.70039485569631 -7.99473653503106 -6.98167394094712 -6.53561967349616 -5.73175482463504 -5.47375356973868 -5.48241871215658 -5.26543193301661 -5.46093102512843 -5.18007055848287 -5.05830448087799 -5.07113005753824 -4.57334871377755 -4.25479914906211 -3.66424884213133 -3.40369980087644 -3.831533501712 -3.8709174625805
-9999 -9999 -9999 -9999 -9999 -9999 -9999 -6.45384779325224 -1.42687479265976 0.902536883904643 0.599900107036118 0.151868293701085 -0.113740373815739 -1.12917765732637 -3.32793383613473 -8.02423272855736 -10.1758032794528 -9.42209482888784 -8.05436130732317 -7.16359228204194 -6.46285093002331 -5.53867628791667 -4.83239671320989 -4.56153661754085 -4.78593426252242 -5.17526636534064 -5.3354086422011 -5.56162738944947 -5.87157311665611 -5.96375832130237 -6.08801556270983 -6.15674672852391 -6.38505091730383 -6.49228697017107 -6.51541907656474 -6.48490333131442 -6.11594337538599 -5.76759890770541 -4.85852169541084 -3.93602496843463 -3.28355097760823 -2.74837315461431 -2.59397852920926 -2.59425391058646 -2.54697092206907 -2.69466964189413 -2.52705494660289 -2.43121024993715 -2.25021537111924 -1.97604806403714 -1.72653661317735 -1.40409663521202 -1.39195702062772 -1.58503701690913 -1.72212871104059 -2.08179797154557
-9999 -9999 -9999 -9999 -9999 -9999 -9999 -9999 -1.9439009754673 1 0.549387382039404 0.402774671435453 0.00380691025499769 -0.989072090887206 -3.56913356337407 -7.40306009676265 -8.97266276674223 -7.8722460070083 -6.57739418852727 -5.79531534938801 -4.96031351009524 -4.25186380545418 -3.56868974741464 -3.35792479389026 -3.63449254860857 -3.98330650209724 -4.04520228704378 -4.24040476060422 -4.49726244023481 -4.65064417429053 -4.6059276274433 -4.61377881715591 -4.64979607650335 -4.60912066391107 -4.4152246530907 -4.06721248400302 -3.88951637795966 -3.47917916343313 -3.02164430311513 -2.27415581787906 -1.66775272573816 -1.45237477823339 -1.36327343417534 -1.58401941534292 -1.87584549384034 -2.21970980572681 -2.18901239195459 -2.02945608985219 -1.81509423281595 -1.53814649421346 -1.1786754368404 -0.805702161716804 -0.654523885856806 -0.788968726951168 -1.12865994383417 -1.36305006235055
-9999 -9999 -9999 -9999 -9999 -9999 -10.0447627243935 -3.47032218844176 0.233644649586616 1 0.762200018576202 0.392911530623245 -0.126682604762948 -1.2213455109291 -3.59824095590835 -6.31381858914945 -7.4273914008502 -6.97436438378335 -6.02682315389584 -5.01520144240194 -4.29836050117284 -3.70646967670317 -3.36057042670525 -3.13778582172429 -3.09321771161322 -3.15679004900705 -3.23139415668563 -3.42618105942184 -3.64897573648981 -3.84024310712325 -3.955911162412 -3.82132840656497 -3.72271644920426 -3.61608873453973 -3.43851405345798 -3.16771452636716 -2.8289158294653 -2.43817807722154 -2.11858276115447 -1.4991032178331 -1.06049611131816 -0.964082063077762 -1.14462352141241 -1.51659328521847 -1.90966464263208 -2.2296331405665 -2.20073974521832 -2.01452127954815 -1.77373473603685 -1.50096095847085 -1.177583968112 -0.785256282510977 -0.555248947218782 -0.581598117740643 -0.856032305946066 -1.47011618291925
-9999 -9999 -9999 -9999 -9999 -10.0023215613991 -5.05294850391319 -0.369600554467525 1 1 0.740569344897081 0.383582839658704 -0.338842224203542 -1.74919370615408 -4.27711230181694 -5.65368965614004 -6.20061569924413 -5.93669366123741 -5.57548811829394 -4.38935474192754 -3.76947395083941 -3.26129040368235 -3.29941165644251 -3.11712784025445 -2.73521229376774 -2.66487866677646 -2.74172237032219 -3.0236765194825 -3.24184766285457 -3.25335087849429 -3.34654659237014 -3.33204306516133 -3.39527432872087 -3.42497320851226 -3.20196385074738 -3.08444332385053 -2.46400169748725 -1.95781842821921 -1.58617798997939 -1.25107417794943 -1.08531811582509 -1.09224275261542 -1.39530693341664 -1.79083324405158 -2.19257486306733 -2.61337164751489 -2.43440764841125 -2.26261417161045 -2.04887416315183 -1.83607324689995 -1.63109983138249 -1.18189187552711 -0.939231421666351 -0.939908404203587 -1.23819147950515 -2.14939930330995
-9999 -9999 -9999 -9999 -9999 -8.30681899124619 -3.16302529120482 0.415115649979631 0.812944576619397 1 0.750825089735495 0.165549148084762 -0.644314560352658 -1.98450867544803 -4.32694520808227 -5.20375601419696 -5.75086818200217 -5.20990097884659 -4.60822582411879 -3.74533322961417 -3.04456665367673 -2.75387013269143 -2.71842418808158 -2.57088440110373 -2.47774825600264 -2.28447581027041 -2.10314979504312 -2.03162666406702 -1.99839869644438 -2.01201588799782 -2.10770063304766 -2.22296078929959 -2.4081754146264 -2.56248398247882 -2.73551857254428 -2.64779232830834 -2.23434451594748 -1.78104184786902 -1.5059428465943 -1.3786189661448 -1.25555292583421 -1.37711209502477 -1.65017102601432 -2.01197879062925 -2.3804334750323 -2.63155182699511 -2.63224914986643 -2.50641466690269 -2.33773845501475 -2.21204989971694 -2.02028428438706 -1.75137682107164 -1.55871175235581 -1.57132500839915 -1.78679991669378 -2.20546131530627
-9999 -9999 -9999 -9999 -9999 -9999 -2.38001459176026 0.626698772470117 0.834737134006322 1 0.608683310664199 0.284414137302498 -0.247063475709237 -1.99753756872234 -3.89744102987947 -4.5880777162811 -5.21479066950409 -4.63726543202614 -3.87661338494167 -3.21236317834967 -2.3501977792482 -2.48373122078472 -2.36918675799696 -1.94348866002221 -1.56758652623594 -1.30882782857452 -1.14216648501155 -1.03233727519503 -0.974580034037075 -0.990809350822352 -1.04868160039235 -1.16468736461141 -1.29859216370792 -1.42417352499852 -1.60228403166773 -1.80361932523933 -1.89579928362949 -2.02439474440077 -1.79120717386054 -1.73844498727914 -1.61853985690009 -1.74819871408093 -1.97330633566561 -2.25011676327466 -2.57510366423121 -2.79504381083492 -2.81559834562323 -2.77527938423236 -2.68080764662838 -2.62826462240504 -2.55042954622604 -2.3857572682222 -2.28658018888574 -2.35349049388373 -2.51617326408438 -2.57268849993478
-9999 -9999 -9999 -9999 -9999 -9999 -4.26266717101182 0.281489504465116 0.672931402470037 0.964109024062466 0.184915931851917 0.791621654514945 1 0.731570868779949 -0.915142179468935 -4.11787658813204 -4.74902371086839 -4.06120220130006 -3.56500695961555 -2.97641192006166 -2.25876813227505 -2.10430403595586 -1.80433520835342 -1.39611394461028 -1.00218880888494 -0.73952867166502 -0.544592771388003 -0.381898137469084 -0.321356400562982 -0.35149727416692 -0.449126739210686 -0.503818187516559 -0.583827500313608 -0.69566504002981 -0.840842807380843 -1.02785986057336 -1.1680085852171 -1.39267299494553 -1.67031522413982 -1.9631927579905 -2.02639151914323 -2.06164559245327 -2.18403127985037 -2.367461318624 -2.61252799928946 -2.77740686857616 -2.86212320145066 -2.87539438943687 -2.80259820397366 -2.7516000863648 -2.68789900210978 -2.44567526999149 -2.20466229734981 -2.05191703625848 -1.95770100950888 -1.95685597748529
-9999 -9999 -9999 -9999 -9999 -9999 -9.9218510313875 -1.64429104793863 0.679824799164382 1 0.555186703337323 1 1 1 0.653052640811297 -1.00781979326517 -4.03480455186306 -3.86206786537725 -3.56772891826236 -2.62506727240684 -1.72468384258344 -1.44862368597522 -1.37411608327647 -1.09275191527296 -0.596281359980235 -0.371150749357131 -0.13284594564024 0.0257710483583287 0.122200406659087 0.124949897185283 0.0112674093520823 0.0114361251582999 -0.0389302375742657 -0.127934484905794 -0.259565109713534 -0.467683072935758 -0.596760129776922 -0.815769455042738 -1.0515963657871 -1.26642974767207 -1.57809209010641 -1.7976242601161 -2.11843323214479 -2.18613847451515 -2.02942292339419 -2.14203439498633 -1.99274163995358 -2.04343550980051 -2.0404894209378 -1.96419687168948 -2.10611323733341 -1.65734969048036 -1.5005589410115 -1.39149248945766 -1.2975969969228 -1.45247654445993
-9999 -9999 -9999 -9999 -9999 -9999 -9999 -9999 -4.63896117024342 0.198318263028813 0.36982381815437 0.683690101255461 1 0.809982094259029 0.881034265006524 0.202388857490778 -3.15103805931481 -4.38934355523286 -4.04726171751315 -2.49141048110065 -1.16756284237203 -0.993001207774947 -1.09714509345702 -0.908382187346537 -0.539609799857193 -0.16751487602281 0.0309379806824058 0.202931454020067 0.324266451071125 0.385567996915298 0.36949306200227 0.365929351330499 0.358535644876149 0.281840651975869 0.145801956911111 -0.040190056442778 -0.185625094303013 -0.356599118267231 -0.550597055261989 -0.745274104053484 -0.962381709101336 -1.12529344462233 -1.31568180506547 -1.36246877907972 -1.32810371857313 -1.31047864501268 -1.28816357355512 -1.27968006716599 -1.33466967936154 -1.41633119777064 -1.39200282372759 -1.21888275626204 -1.02427493930348 -0.968587212849974 -1.00728569983162 -1.15120771117846
-9999 -9999 -9999 -9999 -9999 -9999 -9999 -9999 -10.3150240190855 -1.16002868245289 -0.382424471277714 0.171128639537696 0.563735410783937 0.557331166551466 0.404997650925967 0.275060182050395 -1.81956741159353 -3.9551450392271 -3.91455684117151 -1.98040060581767 -0.761763329207192 -0.644234556787339 -0.876804467132076 -0.694663142841309 -0.368251577056431 -0.0803533492218647 0.117294750887671 0.259412445656666 0.418217774473855 0.552435176415821 0.564154652374372 0.598240674326474 0.592659457402223 0.540860615233177 0.435337500021915 0.263155939276518 0.140733389747454 0.00546279913333669 -0.142542043106052 -0.293035019821904 -0.47023769806031 -0.582104179346731 -0.713136430041683 -0.755886057282559 -0.6688133754177 -0.713552017889088 -0.660611338203427 -0.712332702339275 -0.814641172424024 -0.890326296144613 -1.04255954577666 -0.919115485191817 -0.813250941345171 -0.749415584779356 -0.742681449754125 -0.905377307686757
-9999 -9999 -9999 -9999 -9999 -9999 -9999 -9999 -9999 -2.58432820376495 0.0698493914769864 -0.472549900239122 -0.598119156309645 -0.59368766336086 0.42083238554597 0.259225044941436 -1.32853934418201 -2.63409288523833 -2.95053424273164 -1.69990086631832 -0.480600410395106 -0.43687151606974 -0.736042497080418 -0.573804151723725 -0.224521062345927 0.0382514822195014 0.152721157897299 0.264328376759129 0.42417836369126 0.570835551637121 0.656954398516291 0.7095216661816 0.738555284719914 0.701366702386771 0.619045199056313 0.485560742825167 0.392406194610116 0.28828543404012 0.175193753182553 0.069778966694731 -0.0599453904353737 -0.147303060719524 -0.250409047768858 -0.327725580084488 -0.344000260172711 -0.303006666999366 -0.310914709320355 -0.355316366055304 -0.509490517299447 -0.780419457862927 -0.985815295710661 -1.04716944902499 -1.00725163828195 -0.927641462828434 -0.709240896200004 -0.579417264812397
-9999 -9999 -9999 -9999 -9999 -9999 -9999 -9999 -9999 -9999 -0.448903078555824 -2.49732453114127 -1.42984373175051 -1.07685268707238 0.164774009204504 0.0500659202594541 -0.958065878653465 -1.24842743070865 -1.7632114405749 -0.956928415204749 -0.212396492030262 -0.213825927780723 -0.531047294027497 -0.45440559512747 -0.0654212890562296 0.160548289870791 0.261540650384776 0.292498244621586 0.419026230735539 0.588776298383998 0.693386927492543 0.772480513078356 0.806227406570069 0.801057375150224 0.755408030846147 0.653728185870499 0.583683846099605 0.506698687127172 0.428043490389327 0.350492732630952 0.256221547155574 0.193599858213946 0.119310553334788 -0.00265853186496856 -0.0161000926543913 0.0378127000149512 0.0240600787316197 -0.103208763140607 -0.310786112732665 -0.547516507708082 -0.833729059034672 -0.985684917996071 -1.08635979442656 -0.974405056914018 -0.589064599200455 -0.400535519883117
-9999 -9999 -9999 -9999 -9999 -9999 -9999 -9999 -9999 -9999 -9999 -6.51209202112604 -1.28779402852274 -0.930269129135634 -0.563508032118892 -0.258706616597993 -0.278105206204496 -0.147344342574144 -0.63301923727342 -0.335785403347511 -0.123732098566295 -0.137588949435919 -0.253877496202224 -0.230625803811099 0.0137780627426128 0.150874703101617 0.268701440044542 0.353029610711856 0.423257903823524 0.566056812125222 0.668640830747895 0.753876190402138 0.81373988584732 0.837087394856795 0.830930337591988 0.763430135142961 0.713826670230783 0.668653943665609 0.61023533209045 0.548913098367648 0.48394435569796 0.436934155492797 0.385601871132556 0.276266386723336 0.0982024895798436 0.191172700013191 0.171181603082765 0.0927628316584079 -0.0815928077852863 -0.341481243533167 -0.632335172312967 -0.761108050897368 -0.755143679188193 -0.699490165228456 -0.559384363142025 -0.471029912685485
