meets/meet006/_saidas_enm/CCSM_Maha_0k_S_lineola1.asc
NCOLS 154 
NROWS 168 
XLLCORNER -112 
YLLCORNER -55.5 
CELLSIZE 0.5 
NODATA_value -9999 
[rows 50 to 74 of 168, columns 56 to 111 of 154]
-9999 -9999 -9999 -9999 -9999 -9999 -9999 -9999 -9999 -9999 -9999 -9999 -9999 -16.4235074406406 -10.9870351342814 -6.88229056547024 -3.92488137610132 -4.28871056429708 -5.69916821559433 -4.20137659399866 -0.993654466919869 0.187655299800251 -1.69956324442342 -0.464894008552922 -1.28319202836509 -2.16147485359682 -1.2428642521404 -1.42570621306963 -1.62294863432052 -2.70909111363297 -4.28016247862151 -3.35352798251744 -1.74213693647391 -1.04458464209839 -1.54341821136094 -0.804396995328942 -0.396567847891002 -1.07004705950196 -1.03156073957242 -1.20173633050213 -1.34916037964136 -0.949414634787718 -0.822270629120373 -0.528228884028197 -0.897051079314879 -1.42756171442442 -1.09997636171957 -1.25369895492436 -1.4316439368852 -1.4639969690059 -1.60996848360142 -0.79283818954747 -0.00774820208352489 0.150153915431038 -0.120809875565007 -0.175388056503916
-9999 -9999 -9999 -9999 -9999 -9999 -9999 -9999 -9999 -9999 -9999 -9999 -9999 -9.0060425114667 -5.13647618892548 -3.11221725308394 -3.7867570338361 -2.91753357492698 -3.4757603247659 -2.81471666112834 -1.77751106775957 -1.89294035820538 -0.320182218336772 0.173321383264231 -0.11302665432859 -0.0898005867187368 0.30029736392477 -0.317519726368997 -2.2903320800289 -2.23160745723348 -1.48797458833929 -2.49697277461228 -3.86519786826954 -0.86727252966088 -1.03209989501973 -0.67955459740714 0.02847190629603 -0.151935294950538 -0.678644459459818 -1.01217769374591 -1.1069759280172 -0.957518690225042 -0.941942539930534 -0.760579937606528 -0.706251655012401 -1.02002258134451 -0.815455294580901 -1.0100045374096 -1.26410127910858 -1.63635021408131 -1.16796472289947 -0.483485535791732 0.0389436148570307 0.0417501995587863 -0.127740811147539 -0.216107642799361
-9999 -9999 -9999 -9999 -9999 -9999 -9999 -9999 -9999 -9999 -9999 -9.53998378120193 -6.41314485293651 -4.20330283737903 -5.55443191176371 -1.81291379117459 -1.61065901227962 -3.16395937351227 -2.06714138616459 -2.6135307249631 -2.68424084050289 -2.23936536291239 -0.576383439736952 -0.304460517671255 0.192364912460858 0.329487182737041 -0.617667707651677 -2.83605860450173 -0.663409572828334 0.196857717364091 -0.0890937181089919 -0.577209097224407 -2.3772590015955 -1.56943858814916 -0.135796097474576 -0.474141422284226 0.214452625732771 0.226410190582655 -0.244590807880291 -0.652076646902598 -0.688002748353322 -0.642742719791038 -0.730287592991367 -0.593375535928336 -0.386503587848616 -0.338496586158427 -0.46543589556698 -0.425306756148953 -0.679652233216775 -1.10977130407377 -0.608737672934293 -0.197034946634617 -0.128977396400719 -0.305984436707912 -0.0434569489292771 -0.0721511942349014
-9999 -9999 -9999 -9999 -9999 -9999 -9999 -9999 -9999 -9999 -8.67537937768198 -5.89065888279243 -4.33216029950358 -5.18595916123734 -3.09993484703158 -1.01873448469348 -0.157520284313825 -0.687960807975792 -1.74569832820834 -2.47792028047059 -2.14311098367713 -1.49405597998487 -1.40707610808304 -0.503687691785153 -0.246377941584196 -1.19273728147121 -2.22852753544833 -0.0660429339594566 0.824151026190271 0.52548514289739 -0.117870303378752 -0.0642353586245681 -1.1846207031869 -1.81404851438989 0.3165376459815 -0.342466913612195 0.298676649914782 0.000516062623203473 -0.454024436333117 -0.698002204052802 -0.329558023768333 -0.295385091513261 -0.33273875492503 -0.31711145492927 -0.397495673506732 -0.586282911068372 -1.13979119031895 -1.32852093829466 -1.23515264439714 -0.371925047677079 0.03519192593412 0.182420826731416 -0.277995566959331 -0.189607862626434 0.236251095551638 0.201466552205548
-9999 -9999 -9999 -9999 -9999 -9999 -9999 -9999 -9999 -9999 -5.001968212357 -2.23928834693171 -6.22360051946193 -5.76468878309876 -2.90636988864446 -0.0338896764719798 1 -0.302317472835209 -1.30740233380117 -1.4442580289294 -1.44735743654686 -0.974666495093719 -1.00440612417926 -1.40270025971939 -2.28964425583252 -1.89396989918639 0.211623881112387 1 0.939924290282746 0.926533719698555 0.403131084314542 0.261609553181047 -0.410433725772255 -2.14442305185427 0.603095100100382 -0.318935800094512 0.00942228495111419 -0.351760438523069 -0.863200015222743 -1.19573402543241 -0.980321446718212 -0.690111968930336 -0.573496033877154 -0.731962478066213 -1.3407255248388 -1.71102674751452 -1.90998365029708 -0.945325852831137 0.209438286514348 0.523639105732115 0.370765871528939 -0.036545917090733 -0.55150714426155 -0.566292792343318 0.155316259587152 0.263712886104236
-9999 -9999 -9999 -9999 -9999 -9999 -9999 -9999 -3.61612499569337 -1.83599684888562 -3.1237538403366 -1.60587739281435 -5.6151849301482 -6.53527823892317 -2.39422771971029 0.461887889724624 0.47395167386072 -0.710573109793899 -1.8876317475863 -1.60770661528258 -1.32823677461759 -1.7469232286068 -2.21358168082308 -3.32249293083402 -0.876535662441523 -0.332043290147552 0.207784963514351 0.239972937410077 0.302441523060716 0.401623513510042 0.361209451875689 0.263821447546625 -0.0459714149146089 -2.27361805983978 0.669609684360054 -0.0581118386868504 0.323200297777598 -0.0214739525192418 -0.45638511190016 -0.919980826644164 -1.18325339468375 -1.19392858756015 -0.925125775101576 -0.986618158863406 -1.47167133031385 -0.506504267513679 0.341765331677078 0.653966530381315 0.714726167219501 -0.1012327314728 -0.373659870992401 0.248104027074632 0.254559602334057 0.375107360961728 -0.291673372847384 0.29813541595808
-9999 -9999 -9999 -9999 -9999 -9999 -9999 -9999 -1.89435154265506 -1.7883582382576 -2.34960796391914 -2.24801787412291 -4.89593045170165 -5.55651266717987 -1.69297822580979 0.338191196942796 0.241474616631334 -1.53054315734917 -2.20843050254327 -1.97859265267134 -1.94605746679729 -1.91253457563929 -2.21425323345749 -2.1883724302338 -2.31557209520342 -2.524699635114 -2.64452338881695 -1.87201994684878 -1.80646266045223 -2.18889515971834 -2.33075583977719 -2.20584390017999 -2.02783136577535 -2.4482191727649 0.490896393600829 0.131073706039302 0.414141412036983 0.306478449974303 0.0305704798293664 -0.321611846741861 -0.79721406554484 -0.878766015090541 -0.749464256470675 0.23220187131462 0.610060838593109 0.657864229308819 0.230781062910342 -0.842201054416023 -0.221449922587009 0.283460541219884 0.275204419432159 0.413732747519833 0.662657989010831 0.837357236339083 0.493049712789879 0.0888537951473855
-9999 -9999 -9999 -9999 -9999 -9999 -9999 -4.82560779698602 -3.21759395669117 -2.29216689674144 -0.987349220561555 -2.80399140278224 -3.72714208074712 -5.11424447112058 -2.22218758573047 0.144548968652528 -0.0935216704599529 -1.6573190774373 -1.26370513638176 -0.663229883712256 -0.471498422718678 -0.332081418992707 -0.347245523639187 -0.327368047113537 -0.391435344963518 -0.565676487801165 -0.556627069290164 -0.564865991119978 -0.634242717407968 -0.578352799061338 -0.534526375055777 -0.62078289884603 -0.683080069237427 -0.564484982480163 -0.192306490529786 0.680255582585301 0.0305549861793546 0.371239439673083 0.286036865166268 0.00656879831239576 0.09334515058781 0.380112555754367 0.380603606976798 0.35631125112721 0.178026232669705 -1.09254824484576 -0.420428519918042 -0.814220569542897 -2.06868889371048 -3.32580985844996 -3.86865795369387 -3.13879994147277 -1.83874251926741 0.133617236382254 0.751310462588917 0.0054082943055771
-9999 -9999 -9999 -9999 -9999 -9999 -9999 -6.16286899624233 -2.86621867184255 -0.560071954690032 -0.00888439014602027 -1.92407720570313 -4.42249209369314 -6.27273342467451 -4.15830121099227 -0.713619409206825 -0.965174886410731 -0.60234577221263 -0.414989609549626 -0.225200765031315 0.209317749156784 0.490184983314521 0.583039614027665 0.664219542399716 0.756763823770194 0.742423223238563 0.751407641421904 0.633633190080439 0.671022752425027 0.785495754819961 0.75720560848936 0.729786452450714 0.61991885764397 0.523672346131897 0.468913414286259 0.198375689755691 0.774004501076182 0.821813161401346 0.75061833770462 0.766500900501278 0.877101673913372 0.722302606706487 -0.363661843908801 -1.50268454116406 -1.93448977885498 -3.66703904492576 -6.09796136505188 -7.94898530046153 -9.34989911366577 -8.8117821118482 -8.73997808540285 -6.62573394657869 -5.28794472129247 -1.56497425899957 0.468172322350003 0.4565606614857
-9999 -9999 -9999 -9999 -9999 -9999 -7.23702175840712 -3.64757078913747 -0.846961478555089 -0.0927633332018547 0.339795910261392 -1.90525774278731 -7.08240506815428 -10.5058548197272 -6.43060816959963 -1.73720660753816 -0.50475490472663 0.282381635482454 0.439742710108925 0.318075089906257 0.235156544881863 0.641679615189743 0.833903023099237 0.898059484429828 0.951563308259879 0.950466267403058 0.993464799691662 1 0.996965225893845 0.992035077140954 0.949432670482347 0.931514356549346 0.901162160751339 0.877834832726202 0.877255013455458 0.838590778015471 0.656563604801041 0.461429268572402 -0.0978600832849108 -0.636380838662411 -1.34769066155235 -2.74444801649029 -2.24936691236726 -2.21924227469343 -3.34658034654599 -4.62912791819837 -5.67033270366372 -6.20874937496798 -6.78478812512197 -7.07579888277226 -6.91712000607199 -5.6024772052995 -4.19377544931564 -2.21460084294934 0.240885736808225 0.751964905439465
-9999 -9999 -9999 -9999 -9999 -9999 -4.62731664410678 -2.91206384659393 -0.42025200996897 0.323287551950264 0.247120068819927 -2.78838476261277 -8.44391184365419 -9.94480361839283 -6.0003366934635 -2.04430025324394 0.016671866742244 0.670959036570365 0.868593018053269 0.863872972902756 0.68220812809965 0.426625044499714 0.555591621575599 0.585351957660596 0.537827755340862 0.545089255470531 0.595239322040167 0.663261011653959 0.65442465451581 0.645088949166162 0.679553537742113 0.709727810301144 0.789855938027169 0.818533099787911 0.850811716083257 0.95947881267588 0.980165238935467 0.837263537917965 0.435794618044314 -0.136105960672999 -1.31819800815511 -1.2287793343785 -0.850028178383016 -1.14121074462585 -1.9899656033905 -3.28917594846924 -3.86898429526848 -4.43647737298485 -4.78628615126171 -4.58931038023414 -4.24090059910139 -2.81031300950894 -1.49300051167119 -0.115984443538258 0.268386497003549 0.951256212621044
-9999 -9999 -9999 -9999 -9999 -9999 -3.95302331087496 -3.49454425470404 -1.43888686251468 0.0763580520295489 -0.256395171269678 -2.87076491814764 -7.23049772139937 -7.70028430894133 -5.11233900569119 -1.50409318773158 0.107154459762137 0.828061865177124 1 0.942450574459026 0.764115920836203 0.414199339003033 0.154650726815858 0.189440708349018 0.108224605320736 0.0741268532308355 0.105028852455406 0.170378371064679 0.289484089935866 0.206638152403861 0.229127039696504 0.365105516927569 0.414723595400865 0.50433645632903 0.635316022797111 0.658813738860418 0.757478907565951 0.630620074459371 0.116912699100726 -0.831946931587593 -0.80735169831856 -0.287006570456883 -0.345053391330733 -0.833447111043486 -1.6549320776411 -2.4977955321906 -3.00890675778522 -3.17622208984052 -3.11999632594825 -2.84554324852421 -2.1813170189878 -0.991465786559613 0.266504002648327 0.826519418691326 0.933882682269024 1
-9999 -9999 -9999 -9999 -9999 -9999 -9999 -2.3517439871267 -1.95931711498121 -0.423896714102822 -0.667931307878717 -2.88881393462065 -5.32928623679006 -5.52759081442036 -4.54332304656612 -1.47595943615643 0.00373947063272528 0.809584654571505 0.905855699631208 0.800791086995086 0.601367792407812 0.650537710760068 0.682858707895231 0.673812498784265 0.667494457878484 0.629880981730706 0.662021309029845 0.679760156602175 0.662875783075334 0.629301361612862 0.573095605528213 0.527467650671134 0.438080536441533 0.378580448966543 0.325526251282012 0.205820151089532 0.0877476775619849 -0.048439089183679 -0.608498786058565 -1.30535117182865 -0.348257859607607 -0.087109485953669 -0.258355831313916 -0.740906133747405 -1.24749511915009 -1.75829329768545 -1.85041244082528 -1.80009898190048 -1.57158846549118 -1.1947699976391 -0.636004423812264 0.0670892542276222 0.485009463401223 0.427651817812519 0.466112640667706 0.377177216391431
-9999 -9999 -9999 -9999 -9999 -9999 -9999 -9999 -1.2813810014451 -0.508286097547328 -0.407535662331551 -2.31563940086156 -4.53822099722321 -4.35127896656373 -3.30677353912553 -0.720829411220723 0.252288979571798 0.766316042524141 0.668147026332163 0.683690751033081 0.846743071395857 0.913302746601187 0.879001374071105 0.842474979085572 0.877656586179937 0.896792414548141 0.918112949930632 0.922261654224719 0.891317215419049 0.810138104040777 0.784516545021364 0.74154595560542 0.711521917951252 0.653116000335825 0.539124187303771 0.366016952768039 0.224826855638966 0.102526177540434 -0.0822766362599168 -0.767153056936289 -0.339483536009474 -0.122387999551729 -0.376541853418933 -1.05759852338196 -1.75046684598903 -2.57014604570152 -2.565310695989 -2.45549989138234 -2.20533050541481 -1.7977095919617 -1.31021155974291 -0.649070815613635 -0.353791389279497 -0.506687846685989 -0.422812417107796 -0.082138439489422
-9999 -9999 -9999 -9999 -9999 -9999 -1.94674002020347 -1.99982259247167 -0.653978134342947 -1.04129309392696 -1.30035757663792 -2.66396109066692 -4.38065144990337 -4.44020267887414 -1.91678501045606 0.0166072620059654 0.463096181512428 0.586305622504757 0.566205553341177 0.835385616785053 0.962590535812878 1 0.978781845475499 0.936712609283962 0.91779448526259 0.910582085292419 0.894459624479557 0.874120055198382 0.843094310939792 0.843322334878155 0.821187801983065 0.811474466980646 0.782632768508016 0.766076531617574 0.754790437897453 0.725148414432029 0.686336488121897 0.563630975814814 0.423192530795511 -0.169781863931067 -0.985961621468358 -1.00282664917282 -1.41308127214564 -2.07385982185066 -2.76422706241982 -3.31012121300553 -3.38438611760333 -3.22560204438051 -2.99006208171298 -2.67259372072955 -2.25832603240109 -1.80079231208597 -1.54927729489337 -1.17851904509502 -0.184296441286936 0.477126762014202
-9999 -9999 -9999 -9999 -9999 -3.0432022591597 -0.954322750155049 -1.27788537449377 -1.28704178049783 -1.51314621274893 -2.01062690587429 -3.3266720693888 -4.99685387682443 -3.1356158308789 -0.441606180368839 0.0916090823104914 0.135878029407726 0.334692125173988 0.595968868320034 0.819995853111323 0.885491731670459 0.888565157421317 0.922843775992968 0.871182210430175 0.946789060238407 0.980068186273049 0.994014409269501 1 1 0.992938074050864 0.982928472589954 0.971974849714828 0.968700195028689 0.967638417603595 0.953640305873169 0.938010400031015 0.837865017646164 0.618269686379432 0.319777879759357 -0.281625923879441 -1.59581714411275 -1.91441055414592 -2.39762939094665 -2.9443332747813 -3.51648151803527 -4.10634954166785 -4.00505479812834 -3.91136154265683 -3.74841317985792 -3.49546927111258 -3.28431381024772 -2.7760718159362 -2.25385777223751 -1.48846334249966 -0.450851066694828 0.103512270297009
-9999 -9999 -9999 -9999 -9999 -1.06554789712535 -0.933901691496593 -1.88813237246093 -2.22817459455796 -1.99445397896095 -2.70375917586819 -3.71084744152336 -2.9664661193531 -1.39236865188577 -0.602109130709373 -0.563740875588639 -0.28953542599932 0.168000820418929 0.38240218397762 0.534385523269973 0.722783577503558 0.825929620131324 0.899892649217492 0.937376765003015 0.922493791225169 0.874082336267842 0.835701635353535 0.829582795171099 0.816840679019228 0.810707214603545 0.813346134369104 0.832637712086383 0.861673965141453 0.887162192099012 0.905850583872866 0.866251146759069 0.702008439447385 0.382104144117042 0.0346106391125609 -0.382593491815529 -1.56629353229625 -2.34152052520367 -2.9014398552099 -3.43317229438048 -3.82034800321944 -4.05103767563673 -3.84641648414868 -3.47890244048421 -3.1518548306174 -2.79587279634658 -2.4279040295134 -1.9807671274654 -1.39324257689005 -0.874677142395617 -0.60727706324388 -0.418892125449309
-9999 -9999 -9999 -9999 -9999 -9999 -0.997579789181627 -2.20288754006457 -1.37074103497249 -2.7979712568104 -3.60383022884652 -4.62668265223326 -3.36546682482261 -1.76348157595658 -1.03880455518394 -1.37676435636203 -0.863524677997652 -0.337782427934528 0.0341805322960526 0.315386750450626 0.449580491354053 0.5529569033695 0.604726029244796 0.612227695299167 0.596524776028393 0.458661565771733 0.425401070893612 0.34458691236219 0.320448788981232 0.338989216599545 0.303777825851733 0.441187882348271 0.486819485436867 0.550388523151953 0.627167643733905 0.585764769961572 0.38200728476008 0.0171064936561452 -0.324018468287041 -0.575849832572785 -1.37325548533006 -1.68425480928303 -2.08621315390313 -2.51613823339474 -2.68040183937036 -2.94669740693943 -2.77914871906157 -2.57298627814282 -2.34129439834434 -2.04478832219875 -1.71568808110277 -1.36447111185071 -0.865494353775439 -0.436305962874866 -0.211842857941417 -0.11289031470857
-9999 -9999 -9999 -9999 -9999 -9999 -0.120644844680555 -1.58890533014734 -1.30459075381549 -2.97116333470362 -4.84639289213584 -5.5288316467686 -5.76225277425205 -5.65183036251077 -2.67377238969499 -0.965929783426832 -0.948406279524479 -0.0900560391616314 0.55547266089011 0.701196327729846 0.720679678643171 0.72454768199706 0.757164071476609 0.720629342723142 0.593189104603892 0.472524667206124 0.48083690065341 0.485897210675263 0.425748660039069 0.308805414090075 0.147879723482902 0.0557558972440065 -0.0617639329020323 0.0145381504103065 0.0860412472569489 0.0706418316909333 -0.166232382165082 -0.521446210283135 -0.790645680863327 -0.94300727815087 -1.10302884683763 -1.15908506448073 -1.36497832111552 -1.62650165640879 -1.77786335533093 -1.89730611380416 -1.8937046796511 -1.8439056695921 -1.77021045907947 -1.64254094685097 -1.49038416269159 -1.14718446418293 -0.831701480719555 -0.445760449298379 -0.249795870627855 -0.132529441874417
-9999 -9999 -9999 -9999 -9999 -9999 -0.521007343715835 -1.26686239518562 -2.2341797957971 -3.52655953330995 -4.29552041962316 -5.59618609528934 -5.06914754188024 -4.75805128536712 -4.37157166276737 -3.11892548921052 -0.991337189251453 -0.296616480417463 0.384725142443409 0.743569783813083 0.860930063772229 0.919690983857088 0.949364182716349 0.929201362801012 0.827196224769246 0.677280656342885 0.635057148145093 0.559511547584996 0.468200071516963 0.389075492234667 0.248713214085697 0.147043866875538 0.0569825692450892 -0.108879330048178 -0.356140876719179 -0.607692959768446 -0.506515473364326 -0.525450078255396 -0.537677754346444 -0.520204766488046 -0.636236741393182 -0.631618522331858 -0.769103559792947 -0.921427581039673 -0.942271449223699 -1.08764163575026 -1.07847686156772 -1.15615604615134 -1.15582296510388 -1.07815004219771 -1.16547033619351 -0.854293948018736 -0.708706962985853 -0.503477913416162 -0.348282950154095 -0.440477684612063
-9999 -9999 -9999 -9999 -9999 -9999 -9999 -9999 -2.90771392535667 -3.48560277282205 -2.51158878518258 -4.26969472341673 -6.59842820320948 -6.14356535264328 -4.18587389660586 -4.71070360315904 -1.37966809862204 -1.45959193665454 -0.215803602013214 0.691492592467658 0.975930750124007 0.973313410490498 0.883775320718898 0.851379807287766 0.872224488032785 0.774197950025851 0.668458703495402 0.511387961584582 0.383590596942714 0.319473293363096 0.185344622552898 0.0848681967641218 -0.055711383085596 -0.19805803956482 -0.347718305386021 -0.359248885077555 -0.286178005232151 -0.254649773511081 -0.225897054116325 -0.206569701155684 -0.225210322604107 -0.242304463930943 -0.292972523927902 -0.380232969821368 -0.427601809710833 -0.478451767054351 -0.503864696757184 -0.537350319958317 -0.585487177034351 -0.623650115646371 -0.639209773885733 -0.625557371191956 -0.526982374958419 -0.590183141682089 -0.781625727134564 -1.08364806795765
-9999 -9999 -9999 -9999 -9999 -9999 -9999 -9999 -2.83871569492435 -3.05974757648154 -1.61756014669714 -3.49033376023321 -9.17283238390229 -8.64290609797388 -4.94591345440075 -3.90316881925715 -1.88078965853926 -1.50871341803962 -0.536108402656661 0.611236753651948 1 0.924042843214818 0.526448807939006 0.44018072218574 0.744789059055668 0.725763750157501 0.604318718623671 0.375851788001034 0.221092003853686 0.172261328805101 -0.0164543009019495 -0.14559568239355 -0.381640888112372 -0.5051705567555 -0.544770707128364 -0.46745995165627 -0.282594607573056 -0.224856282069828 -0.114335141752524 0.013615767770833 0.0211769877396916 0.0736403511869491 0.0375364910978796 0.020078966605469 0.0403420794931634 -0.0182027651619256 -0.0436716228568255 -0.17422183861741 -0.34000656209104 -0.475584695128541 -0.666394480042486 -0.683222840984071 -0.706070548848395 -0.730888049550287 -0.906269638699988 -1.26009555000525
-9999 -9999 -9999 -9999 -9999 -9999 -9999 -9999 -9999 -3.65894984159759 -1.5946206522523 -2.73816834633483 -13.3906892632723 -12.6443853894192 -6.26512801186547 -3.23790699382983 -2.26258921990189 -0.755459765212354 -0.151905572224286 0.61288746520465 0.966443984949032 0.753470450239403 0.192792425690385 -0.0182707077910043 0.364735710252852 0.565713791981362 0.449819806335978 0.215224457065635 0.113229913653519 0.0390775572330719 -0.143595762179986 -0.357816978585692 -0.628825883266023 -0.808362621278334 -0.867229970211927 -0.933476276138536 -0.697736498055279 -0.498429636366184 -0.289541727042623 -0.107928509549662 0.0443347098260869 0.130530913398307 0.196852599486914 0.230639210085551 0.223483674387893 0.202144236229239 0.0944827252868101 -0.118355743193746 -0.398413202037122 -0.718302849383579 -1.00802763274006 -1.13607601196296 -1.23656699622474 -1.30756368318418 -1.13978866917457 -1.24824593009969
-9999 -9999 -9999 -9999 -9999 -9999 -9999 -9999 -9999 -9999 -1.08502437119503 -4.19661308237062 -14.7348713315693 -13.4588135702163 -6.88775835759461 -2.7171829893541 -2.38887113460068 -0.166446119888925 0.352466294657935 0.68316691982452 0.888283736154856 0.646595951421072 -0.111283991655694 -0.399999340781998 0.0144228648824155 0.2197330272104 0.108789470954957 -0.143169296994634 -0.246782217388023 -0.189477056379354 -0.236929274780834 -0.477356629617922 -0.825232821082003 -1.04835552623023 -1.13541002354929 -1.30436882512407 -1.21565221246437 -1.01583504605485 -0.704361592186014 -0.350445611783868 -0.10196223889748 0.0745618155405645 0.179177867080247 0.27418250998864 0.366175816722211 0.359489426707638 0.226878910399576 -0.0873040469029598 -0.462431097586558 -0.822478433128995 -1.24422304473203 -1.4755867248251 -1.68754035001555 -1.72307841185625 -1.23355043316228 -1.15470489815533
-9999 -9999 -9999 -9999 -9999 -9999 -9999 -9999 -9999 -9999 -9999 -9.29800555318398 -11.9923687766749 -10.3702356567329 -6.34376516842821 -2.48804428940192 -0.777006190018051 -0.522927574459503 0.63701304093473 0.740360228263428 0.778080370142509 0.504451342475805 -0.161920951846879 -0.546142418990176 -0.311439728263739 -0.225419059360551 -0.280257552693437 -0.453604451782145 -0.564381692940465 -0.546279878702997 -0.661103509971081 -0.844758611100304 -1.10937119611352 -1.24773705134346 -1.33496567087834 -1.58383666989489 -1.58769783927923 -1.54347150808079 -1.18630098166583 -0.792936373433757 -0.497874754494728 -0.179470760522587 0.0232201408903037 0.204267656575598 0.351176020169062 0.370354828254138 0.252741385223704 -0.00392585809141788 -0.371683646614358 -0.807203545275123 -1.29592294885453 -1.55202074994429 -1.68354645775565 -1.6504426227419 -1.3295483963759 -1.18024315753411
