meets/meet006/_saidas_enm/CCSM_Gower_0k_T_nigriceps5.asc
NCOLS 154 
NROWS 168 
XLLCORNER -112 
YLLCORNER -55.5 
CELLSIZE 0.5 
NODATA_value -9999 
[rows 75 to 99 of 168, columns 56 to 111 of 154]
-9999 -9999 -9999 -9999 -9999 -9999 -9999 -9999 -9999 -9999 -9999 0.521689604110476 0.744195214630299 0.743665035968458 0.742665628422455 0.742296252273037 0.741565836494331 0.739455087715096 0.639505216075395 0.602701042143893 0.583764354796057 0.563766199566375 0.551583160321017 0.543714795386992 0.546350681398742 0.547159385812746 0.543104966455986 0.538246138730956 0.533914048125542 0.530925362455596 0.527218608458472 0.521546570710497 0.516738768443018 0.515250918486305 0.517155907188857 0.519714673940604 0.522025213074214 0.524196183112275 0.528930530292625 0.535118617436683 0.54082858612504 0.545886184551465 0.54967540167036 0.554666903065635 0.559971525050204 0.564006587133158 0.565891539205737 0.566293509023932 0.566473904215352 0.565325374227796 0.56626905220192 0.570375289907908 0.576008511244635 0.581838223288125 0.58675049095717 0.591148329233299
-9999 -9999 -9999 -9999 -9999 -9999 -9999 -9999 -9999 -9999 -9999 0.500460814850103 0.744210850015847 0.744131802751108 0.7439687679114 0.744002823695142 0.744091926896874 0.744122919462553 0.734331460059568 0.67451358028644 0.59668497747798 0.577723624275466 0.563902070799774 0.547560175445237 0.549203255766045 0.543671520584843 0.54193329856827 0.537133882012291 0.531481438424127 0.528147916497834 0.524457717994026 0.517872718136798 0.514952885121533 0.514478032668615 0.517568327579311 0.524233799707847 0.523509444484472 0.526723305819835 0.532074711861817 0.539013559193273 0.550420817995992 0.550253167430767 0.555119145240188 0.560670425771542 0.564282510253291 0.573039202213198 0.572727116441713 0.57134426083471 0.572037517674046 0.571702856374551 0.572804876593751 0.576286838240437 0.579641603509395 0.581782829631431 0.582989888765682 0.582738213434894
-9999 -9999 -9999 -9999 -9999 -9999 -9999 -9999 -9999 -9999 -9999 -9999 0.693823464957188 0.744123679788427 0.74411077002705 0.744169444963183 0.74425274233889 0.744157917572642 0.744286278528268 0.744067442957357 0.688392588565806 0.626291660372716 0.578601875024891 0.547987579604957 0.551210976066218 0.55338960895535 0.54751857714874 0.536820585018527 0.527889105937768 0.522367534572083 0.518144416834065 0.511681574022623 0.508457653388076 0.508394360790116 0.512210662229201 0.518335957604835 0.519460264207875 0.522311162069526 0.527373580449702 0.533770916455481 0.541935708545145 0.542621818483328 0.545500902596258 0.551789475297847 0.559643552796045 0.569231358639021 0.57300314407818 0.574991776353476 0.577320922842937 0.578195411004361 0.578887100098696 0.580904683398339 0.582202880775301 0.582822662632268 0.582201731095634 0.58080988708396
-9999 -9999 -9999 -9999 -9999 -9999 -9999 -9999 -9999 -9999 -9999 -9999 0.518440755698325 0.675982460366837 0.744115686340832 0.744171066421936 0.744110587369141 0.742916496186065 0.743011073317716 0.74423516466534 0.744046454829441 0.719003910575636 0.61374199560293 0.551361966356523 0.56854196890402 0.573615505275477 0.553665218526484 0.536325806287906 0.521967164066005 0.514697713798973 0.509237173870777 0.502551924280942 0.498207519317081 0.497983906356536 0.502078515161451 0.507145148149506 0.510074405407858 0.512463306060327 0.516998468187728 0.521932900481737 0.525036112444052 0.527445251066335 0.526341376875932 0.534407045568906 0.54863869248765 0.560544692622481 0.572842084408436 0.578708377168609 0.583867825966107 0.586215889911911 0.585574159624934 0.586635941055781 0.586259264190265 0.584783284530217 0.584097866415885 0.582171630391619
-9999 -9999 -9999 -9999 -9999 -9999 -9999 -9999 -9999 -9999 -9999 -9999 -9999 0.544661766603597 0.731849776088408 0.744273505294639 0.718293892393556 0.695068784759849 0.719645163642096 0.743293048917623 0.744017440162935 0.74424835942565 0.70746862483519 0.607829763139376 0.586909355783913 0.576935153056417 0.55622492804739 0.529967449038542 0.511143428971745 0.505126419679783 0.499808389629045 0.49330344848738 0.489243152341661 0.488497986961337 0.491654751607366 0.496956532551502 0.499529665258961 0.502398097990331 0.50681983893969 0.511878823666516 0.514958256040827 0.513633639905809 0.51246930885248 0.522623516028861 0.541373136117212 0.560500586729793 0.57633512478646 0.586867026668893 0.594400668495541 0.596729083370668 0.596040320733668 0.594430142101555 0.591746998790922 0.588779571053486 0.586195300194234 0.582203403356968
-9999 -9999 -9999 -9999 -9999 -9999 -9999 -9999 -9999 -9999 -9999 -9999 -9999 0.414696086704232 0.665260555386697 0.734540840627786 0.665117123689379 0.574630669901571 0.556680640482534 0.634466084411784 0.695281834143165 0.741597011170055 0.742831851174109 0.690539666806703 0.644869800990369 0.59414460347875 0.563480033845569 0.528328559981864 0.495474647983888 0.490987502357771 0.489872921609673 0.47382708203294 0.477654141757346 0.476755431537756 0.479467967812359 0.485754769041679 0.485991895911076 0.490189865003231 0.495584554070728 0.502169734046205 0.508690498536314 0.507143357843075 0.502811644716702 0.515144131973273 0.539248898674208 0.564867697203908 0.580396106920093 0.595503106780074 0.605000401478339 0.605510127636253 0.607516736720891 0.602303566528034 0.597508461668712 0.592624413409681 0.587836624693696 0.583350052050523
-9999 -9999 -9999 -9999 -9999 -9999 -9999 -9999 -9999 -9999 -9999 -9999 -9999 -9999 0.545110387870736 0.714634571746743 0.700509974045986 0.566812009381087 0.506252002032002 0.534410364161444 0.628114417268835 0.694319328556692 0.646124513020228 0.646322421056999 0.706408177515488 0.693767320584294 0.632368180309935 0.551617319123682 0.496262994526092 0.484392925992544 0.458184591943057 0.460607436794857 0.456900720200785 0.455841340788717 0.464074525555086 0.466915343161233 0.466796481828457 0.46820926995837 0.475325285207866 0.487405155160299 0.499517735011302 0.502779971492829 0.506194916682956 0.519893117010965 0.539152499599203 0.561024422592714 0.578899955607702 0.593227681685973 0.603575216756316 0.607378984193491 0.608422475265996 0.606319815670978 0.602214414095657 0.596514093272897 0.58927017072239 0.581963120306519
-9999 -9999 -9999 -9999 -9999 -9999 -9999 -9999 -9999 -9999 -9999 -9999 -9999 -9999 0.410285360537499 0.593056309482176 0.73589675472504 0.607029071997958 0.499517602575314 0.493822604724317 0.53762074959923 0.605226978479957 0.453780573651283 0.417035748161045 0.506872649569124 0.562202430607706 0.665738022816343 0.670528091838975 0.580380324953752 0.561352917428539 0.460985401015108 0.465477576158182 0.45224777002255 0.440696946364054 0.449333709279911 0.44888070259756 0.445321424860618 0.442953088990456 0.450912035365711 0.467327071197296 0.489225204181466 0.495312375500244 0.506959798777775 0.523047776740484 0.538504425383005 0.557273644936564 0.574574338117941 0.587823142086689 0.59862061997225 0.604192490221282 0.607884634214403 0.607088533303017 0.605547439967271 0.601644486529715 0.592927928841827 0.581907831166158
-9999 -9999 -9999 -9999 -9999 -9999 -9999 -9999 -9999 -9999 -9999 -9999 -9999 -9999 -9999 0.467885675539152 0.69517833819454 0.682343879788253 0.54106841980831 0.474492423262594 0.444743829005571 0.447246585082879 0.464940279904608 0.434119178993996 0.421531763354252 0.413588117049129 0.453602161031751 0.492743960573809 0.594264981555631 0.695182104704057 0.647507327431068 0.561315500581188 0.482983256375361 0.433919627699493 0.43366518189006 0.43229187308083 0.431808172020469 0.429528214790438 0.432316005212506 0.439120419603862 0.452183735199461 0.474261037032389 0.499564400227809 0.522648873176851 0.538821389732884 0.55440174512784 0.570394834462251 0.583613642243318 0.593969120554998 0.598873235950039 0.602173548209304 0.603566855449645 0.605453793332559 0.603229163176482 0.597627192223436 0.596099267945696
-9999 -9999 -9999 -9999 -9999 -9999 -9999 -9999 -9999 -9999 -9999 -9999 -9999 -9999 -9999 0.340961340279132 0.642480575653924 0.744171632475181 0.605032348195461 0.493118353973687 0.383354649615268 0.329757767296164 0.240938173317692 0.256289000664806 0.347145550303952 0.36155257261 0.359832732575496 0.278894886815261 0.374510350554641 0.591351323873057 0.692658115849541 0.688314256226634 0.544313203123242 0.457058002427415 0.442066338994022 0.430540494208664 0.424087371681497 0.418927646738052 0.413586930807032 0.40788719649598 0.413698277309329 0.448112708091218 0.489125644681091 0.521936567837852 0.53868234454535 0.552565602182951 0.569335352390738 0.580953701558696 0.591302386308707 0.595719560106513 0.595955976052627 0.596904461778086 0.59915678876251 0.595800351232218 0.59158322169651 0.597098130543847
-9999 -9999 -9999 -9999 -9999 -9999 -9999 -9999 -9999 -9999 -9999 -9999 -9999 -9999 -9999 0.266146250093904 0.540532177438029 0.722053008351427 0.731315286196038 0.598220813960481 0.439138030075497 0.334359886525988 0.233411475228626 0.195031674796592 0.233443929241237 0.262872852135557 0.335654739446599 0.398440671800371 0.475188354264111 0.530919941911578 0.598928511938667 0.667369161261338 0.66587772167561 0.539330313979945 0.48865952040309 0.454909607652095 0.437511928353466 0.417474850074044 0.401156871982579 0.387988983816381 0.384973314098261 0.431123052334753 0.48479105841663 0.520855745600167 0.541244464308401 0.553972914611966 0.564172559070571 0.575619396935447 0.582962819035336 0.586010828865812 0.591449754338778 0.580965407388035 0.574364155771506 0.568278378711226 0.560531419048142 0.55983952092114
-9999 -9999 -9999 -9999 -9999 -9999 -9999 -9999 -9999 -9999 -9999 -9999 -9999 -9999 -9999 -9999 0.394027697432975 0.619128797312168 0.681311875024153 0.73717656217221 0.573530869328106 0.46211991639691 0.327696137060064 0.251959492494849 0.247035188138605 0.225019764584104 0.252293730456772 0.253180824441925 0.375021575817013 0.492786483376052 0.515861524397513 0.579108347546557 0.692529139341914 0.651228321645981 0.571450658462095 0.50594753845898 0.468104803230454 0.437016372912632 0.417807936996791 0.403677092102548 0.388625310025329 0.443494580155622 0.494891649509795 0.524770910206187 0.53965262219159 0.547321902079411 0.54813238778067 0.554891508666078 0.557286604961904 0.556624493989917 0.56406626595952 0.544938225386721 0.532849152691553 0.526145959185841 0.518740205030234 0.52125852608312
-9999 -9999 -9999 -9999 -9999 -9999 -9999 -9999 -9999 -9999 -9999 -9999 -9999 -9999 -9999 -9999 -9999 0.410441004434783 0.571998768307147 0.634552075555969 0.668715376302892 0.66676120699561 0.525886360774227 0.409026898169239 0.3450842375959 0.292578222886996 0.255550668570317 0.244784602253049 0.318158282464254 0.458834903511754 0.450160887328257 0.525340411640288 0.604774449393825 0.685409017052503 0.690417443973986 0.591223476477002 0.530362161338044 0.490403764841788 0.461296049289104 0.461872786067639 0.476431976299143 0.489919903558418 0.512045111540359 0.525342598633604 0.527559567795498 0.524238724443201 0.522503017185106 0.515443218459476 0.509878946070396 0.506103400430663 0.4940027932705 0.488493869442234 0.476942667243616 0.475002888396081 0.481614867526625 0.492069776417518
-9999 -9999 -9999 -9999 -9999 -9999 -9999 -9999 -9999 -9999 -9999 -9999 -9999 -9999 -9999 -9999 -9999 -9999 -9999 0.525182814646382 0.520300119274865 0.631902596239587 0.699225215060854 0.591184880372392 0.47766145902808 0.380310349451453 0.300832655571936 0.251335364655093 0.287176964941418 0.371463965102326 0.480593070193624 0.501520920196578 0.55938449018809 0.606078860328989 0.694959027273291 0.699968144926991 0.608524169658379 0.549439747844616 0.511806158287826 0.509320054527341 0.527560196485118 0.518261248321707 0.519928428411266 0.521703009644172 0.513302222591696 0.507304064173337 0.504351280129179 0.49102192059438 0.480169704799273 0.469636558535825 0.449710191702603 0.448278669417837 0.440698851532344 0.443978281215983 0.45812976543337 0.472054957994948
-9999 -9999 -9999 -9999 -9999 -9999 -9999 -9999 -9999 -9999 -9999 -9999 -9999 -9999 -9999 -9999 -9999 -9999 -9999 -9999 -9999 0.523218596191869 0.611822116933314 0.692892519148961 0.640503299575903 0.475078156669167 0.386372700793751 0.301599644572791 0.270367546043414 0.319098747622206 0.380011502636589 0.509309082699765 0.520125487503854 0.574802366677222 0.647738996015414 0.708021344729647 0.729354558057501 0.632524925895594 0.560059214253913 0.547531465285942 0.52278487969789 0.514781331640539 0.515421313533726 0.505147798044818 0.504244963674378 0.499813879654517 0.497260701078098 0.494034783226612 0.480499970046289 0.460660781506984 0.4428205739516 0.43641476310364 0.436417515013393 0.441194830343909 0.447578414228482 0.464319127995019
-9999 -9999 -9999 -9999 -9999 -9999 -9999 -9999 -9999 -9999 -9999 -9999 -9999 -9999 -9999 -9999 -9999 -9999 -9999 -9999 -9999 -9999 -9999 0.484472409650826 0.645646106147277 0.676394713533802 0.55685250539037 0.417478886221611 0.335862799700298 0.318413045801735 0.326149352093736 0.398445037811036 0.490110463692753 0.582357925024279 0.623891488895161 0.662161255495488 0.719076495770695 0.743589375928645 0.678713771013853 0.616120722094357 0.560880085536311 0.527644126549333 0.508666908616275 0.495754322550688 0.492826027426198 0.494669725787857 0.495512972584774 0.492887473480512 0.480848058776655 0.459940416207899 0.44164931882382 0.436266583347731 0.436636821052139 0.43868254842515 0.441861321717453 0.452122769814172
-9999 -9999 -9999 -9999 -9999 -9999 -9999 -9999 -9999 -9999 -9999 -9999 -9999 -9999 -9999 -9999 -9999 -9999 -9999 -9999 -9999 -9999 -9999 -9999 -9999 0.607260291550467 0.669855986348609 0.599508556122961 0.460051882678501 0.388991910282802 0.349622242620623 0.336401380191687 0.339994924497183 0.415357904701135 0.553116595845819 0.643178986309917 0.690843111839864 0.731876029555394 0.74312064702531 0.734715210877019 0.634534034883597 0.561009058691706 0.515065463802431 0.481738604254557 0.483770441566023 0.490672459357645 0.491536610482319 0.487755883325988 0.476155197683641 0.457138654551703 0.439362481819408 0.434551296830398 0.436115969210118 0.435753775549602 0.432682855951065 0.435786692623951
-9999 -9999 -9999 -9999 -9999 -9999 -9999 -9999 -9999 -9999 -9999 -9999 -9999 -9999 -9999 -9999 -9999 -9999 -9999 -9999 -9999 -9999 -9999 -9999 -9999 0.434794543046232 0.606155974253177 0.653924245763823 0.637030979428337 0.513997252030699 0.412201014383499 0.342214657240704 0.298823721761531 0.329703205393185 0.424161263999707 0.52828268593278 0.664406402011573 0.721173759686785 0.74147417301383 0.744223735123337 0.73112982952264 0.611924085983358 0.528131361004518 0.47515752455564 0.474340736572532 0.489255716053797 0.492065553321002 0.489052268379118 0.477681131641459 0.458488995498768 0.441399953463161 0.434883854539732 0.434184869462571 0.432384591270956 0.429430310308855 0.430391150183244
-9999 -9999 -9999 -9999 -9999 -9999 -9999 -9999 -9999 -9999 -9999 -9999 -9999 -9999 -9999 -9999 -9999 -9999 -9999 -9999 -9999 -9999 -9999 -9999 -9999 -9999 -9999 0.564288232264878 0.633904627700495 0.649417968769529 0.494454009248515 0.391424863110808 0.341775039657726 0.327885489619579 0.368517146049362 0.44088210580255 0.562077374913454 0.664303933031136 0.741450337197608 0.744271756402683 0.738563307096198 0.669529215446791 0.540752829025879 0.463600244493494 0.470840095681857 0.490348970164487 0.488415214269615 0.49259143441471 0.482198710620022 0.458708195694831 0.442784904967499 0.433591938753568 0.431441003753862 0.430362996029621 0.428625482548902 0.433496680339055
-9999 -9999 -9999 -9999 -9999 -9999 -9999 -9999 -9999 -9999 -9999 -9999 -9999 -9999 -9999 -9999 -9999 -9999 -9999 -9999 -9999 -9999 -9999 -9999 -9999 -9999 -9999 0.476016675556923 0.568646692060211 0.657075333602009 0.599184273905491 0.457501497393936 0.371494606558994 0.338872065936109 0.367687604022977 0.434551046349312 0.51852763638226 0.612312491756693 0.73384303228782 0.744222302129853 0.741897175421618 0.714366538794379 0.577127463109844 0.483037100855945 0.466905711477099 0.478060154288538 0.475736166502466 0.476065019717902 0.466811511489414 0.450406954083425 0.436408200857307 0.42643072867852 0.423057839905975 0.425294401636061 0.431902477850836 0.443908530888023
-9999 -9999 -9999 -9999 -9999 -9999 -9999 -9999 -9999 -9999 -9999 -9999 -9999 -9999 -9999 -9999 -9999 -9999 -9999 -9999 -9999 -9999 -9999 -9999 -9999 -9999 -9999 -9999 0.512396447246581 0.628699614840569 0.680909988378173 0.514619104252775 0.384331577577442 0.330184366229159 0.373446663157734 0.450568510603658 0.515428165720039 0.587681667822849 0.701846045728211 0.744105674123398 0.743025567392656 0.724090811209873 0.613011077072142 0.503738086514994 0.473015480341288 0.458817848714203 0.45575391473273 0.451088580960608 0.443259609399823 0.436405766475603 0.425252064562944 0.419798837860116 0.41338254858656 0.420318948803357 0.437784896632388 0.457664269314449
-9999 -9999 -9999 -9999 -9999 -9999 -9999 -9999 -9999 -9999 -9999 -9999 -9999 -9999 -9999 -9999 -9999 -9999 -9999 -9999 -9999 -9999 -9999 -9999 -9999 -9999 -9999 -9999 0.479980532049816 0.597113263635957 0.676438491745902 0.542600786826029 0.394244670944421 0.333086493209313 0.372782976615284 0.458958607147268 0.519399145032373 0.589975810227167 0.697577351839185 0.743798140879803 0.744002186090839 0.730290882690421 0.639447269461361 0.525477033430594 0.482484614254184 0.46645355153621 0.443362700172862 0.429245297299334 0.421759467716161 0.4266824225782 0.427765404908531 0.422104938232796 0.414638266175208 0.425484389251673 0.449742473720855 0.48038795241119
-9999 -9999 -9999 -9999 -9999 -9999 -9999 -9999 -9999 -9999 -9999 -9999 -9999 -9999 -9999 -9999 -9999 -9999 -9999 -9999 -9999 -9999 -9999 -9999 -9999 -9999 -9999 -9999 0.44247415135172 0.588364315425219 0.674262363762083 0.548916485097275 0.378898937276417 0.310725572677508 0.361714663286968 0.460647591757927 0.523836854830704 0.592457634919192 0.697429230575285 0.74350338404745 0.744150846070847 0.733959497548601 0.647552908224298 0.532494886090912 0.493199560313075 0.476071581964235 0.444334441843579 0.416582596258104 0.408586816629238 0.424918765954831 0.440460070439965 0.429701690947535 0.421111710497472 0.437343532645143 0.47009993780109 0.505562517264067
-9999 -9999 -9999 -9999 -9999 -9999 -9999 -9999 -9999 -9999 -9999 -9999 -9999 -9999 -9999 -9999 -9999 -9999 -9999 -9999 -9999 -9999 -9999 -9999 -9999 -9999 -9999 -9999 0.444004275396843 0.5968315431216 0.674228739852922 0.531059526478354 0.368621004181852 0.299973914195435 0.337954118808922 0.427883724692844 0.510018731427217 0.603268736270067 0.713018237880068 0.743089691385675 0.744167947321729 0.733617960020494 0.64305529531392 0.531619750140438 0.495236676495187 0.483099391529562 0.455462000613589 0.435059870921215 0.42568062158557 0.430618711951248 0.437387669043868 0.439499865621672 0.443466320159316 0.465096224972081 0.499164895297355 0.536671271233873
-9999 -9999 -9999 -9999 -9999 -9999 -9999 -9999 -9999 -9999 -9999 -9999 -9999 -9999 -9999 -9999 -9999 -9999 -9999 -9999 -9999 -9999 -9999 -9999 -9999 -9999 -9999 -9999 0.43440302161946 0.610075639859237 0.67228157049973 0.501372733737286 0.345017927155131 0.281871772460811 0.324610875778008 0.395022111910202 0.507124542648272 0.618195779164472 0.726948522032306 0.742899333793544 0.744151311536233 0.731761095106616 0.625167537336434 0.518706570135585 0.498225150745037 0.488781779047241 0.468917251663568 0.453816146896167 0.445388529121508 0.442462190627665 0.441438374357014 0.45672311617906 0.469484568443335 0.49547401451941 0.531800917532484 0.568630180689396
