meets/meet006/_saidas_enm/CCSM_Maxent_0k_T_subalaris3.asc
NCOLS 154 
NROWS 168 
XLLCORNER -112 
YLLCORNER -55.5 
CELLSIZE 0.5 
NODATA_value -9999 
[rows 100 to 124 of 168, columns 55 to 109 of 154]
-9999 -9999 -9999 -9999 -9999 -9999 -9999 -9999 -9999 -9999 -9999 -9999 -9999 -9999 -9999 -9999 -9999 -9999 -9999 -9999 -9999 -9999 -9999 -9999 -9999 -9999 -9999 -9999 -9999 0.00210845516994596 0.0190444327890873 0.225766584277153 0.177265509963036 0.132729798555374 0.0172046665102243 0.0189548674970865 0.0241783875972033 0.0210330095142126 0.025373600423336 0.0367589630186558 0.0637187734246254 0.0555333010852337 0.283748924732208 0.0847811475396156 0.0442737936973572 0.0203006193041801 0.0345189571380615 0.0571178756654263 0.0798144266009331 0.0794705748558044 0.0837545096874237 0.0925250127911568 0.0972963273525238 0.10533381998539 0.123261541128159
-9999 -9999 -9999 -9999 -9999 -9999 -9999 -9999 -9999 -9999 -9999 -9999 -9999 -9999 -9999 -9999 -9999 -9999 -9999 -9999 -9999 -9999 -9999 -9999 -9999 -9999 -9999 -9999 -9999 0.00207724771462381 0.0101447403430939 0.212116330862045 0.156459018588066 0.0963985323905945 0.0135375056415796 0.0205646548420191 0.02687618881464 0.0278042741119862 0.0328773595392704 0.0498640201985836 0.0784887075424194 0.0590858608484268 0.297096788883209 0.0851022824645042 0.0286992434412241 0.0222161188721657 0.022845571860671 0.0700348764657974 0.0857522487640381 0.0873528271913528 0.0952744707465172 0.0956270545721054 0.101743169128895 0.110211253166199 0.128031745553017
-9999 -9999 -9999 -9999 -9999 -9999 -9999 -9999 -9999 -9999 -9999 -9999 -9999 -9999 -9999 -9999 -9999 -9999 -9999 -9999 -9999 -9999 -9999 -9999 -9999 -9999 -9999 -9999 0.00183956138789654 0.00195634504780173 0.0100135877728462 0.195452496409416 0.120140358805656 0.092666856944561 0.0151513032615185 0.02270333096385 0.0312594845890999 0.0364681072533131 0.0369334705173969 0.0797075405716896 0.0924599766731262 0.067094162106514 0.311728119850159 0.0991586446762085 0.0354893878102303 0.0249110385775566 0.027208911255002 0.0722278282046318 0.0986211523413658 0.100011169910431 0.108207955956459 0.11122639477253 0.108220227062702 0.107268884778023 0.120860874652863
-9999 -9999 -9999 -9999 -9999 -9999 -9999 -9999 -9999 -9999 -9999 -9999 -9999 -9999 -9999 -9999 -9999 -9999 -9999 -9999 -9999 -9999 -9999 -9999 -9999 -9999 -9999 -9999 0.0018556194845587 0.00179897516500205 0.0112128760665655 0.106799729168415 0.0945983156561852 0.0882708057761192 0.0167169775813818 0.0253036636859179 0.0353225469589233 0.0447970293462276 0.0382121093571186 0.0947979316115379 0.0847597047686577 0.342901021242142 0.29872938990593 0.0987971127033234 0.0369849875569344 0.0188495572656393 0.0270582009106874 0.0412614829838276 0.113028861582279 0.114843763411045 0.121540553867817 0.12749782204628 0.124045044183731 0.117104694247246 0.122655734419823
-9999 -9999 -9999 -9999 -9999 -9999 -9999 -9999 -9999 -9999 -9999 -9999 -9999 -9999 -9999 -9999 -9999 -9999 -9999 -9999 -9999 -9999 -9999 -9999 -9999 -9999 -9999 -9999 0.00176442298106849 0.00180444831494242 0.0146357836201787 0.0321590974926949 0.0801259577274323 0.0884801596403122 0.134638428688049 0.0272729098796844 0.0385785475373268 0.0490554161369801 0.0402798801660538 0.0616686642169952 0.0644160956144333 0.304003834724426 0.261111885309219 0.105234861373901 0.0233915541321039 0.0190311037003994 0.0270164906978607 0.0410279892385006 0.101841293275356 0.130758360028267 0.138794660568237 0.145453333854675 0.146131560206413 0.143117591738701 0.145590364933014
-9999 -9999 -9999 -9999 -9999 -9999 -9999 -9999 -9999 -9999 -9999 -9999 -9999 -9999 -9999 -9999 -9999 -9999 -9999 -9999 -9999 -9999 -9999 -9999 -9999 -9999 -9999 -9999 0.002075175056234 0.00270874029956758 0.022879583761096 0.0247535407543182 0.0312585607171059 0.0872596651315689 0.135274350643158 0.0276331063359976 0.0396181978285313 0.0477120354771614 0.0321139059960842 0.0457998067140579 0.0522707439959049 0.277362048625946 0.234410420060158 0.0610791705548763 0.0232641510665417 0.0223970972001553 0.0248659364879131 0.0518192686140537 0.0741263628005981 0.14531172811985 0.153943315148354 0.163921892642975 0.166756585240364 0.164096862077713 0.159052446484566
-9999 -9999 -9999 -9999 -9999 -9999 -9999 -9999 -9999 -9999 -9999 -9999 -9999 -9999 -9999 -9999 -9999 -9999 -9999 -9999 -9999 -9999 -9999 -9999 -9999 -9999 -9999 -9999 0.00444275233894587 0.00573481433093548 0.0401496253907681 0.0198611468076706 0.0131567306816578 0.0844156071543694 0.0193900670856237 0.0274353139102459 0.0380180776119232 0.0406438708305359 0.0412555001676083 0.0519077330827713 0.0551601275801659 0.296109199523926 0.225408658385277 0.0636664256453514 0.0357343778014183 0.0309231635183096 0.0450795106589794 0.0732166841626167 0.0985598191618919 0.15752324461937 0.168438658118248 0.176829308271408 0.186141580343246 0.192965984344482 0.192160964012146
-9999 -9999 -9999 -9999 -9999 -9999 -9999 -9999 -9999 -9999 -9999 -9999 -9999 -9999 -9999 -9999 -9999 -9999 -9999 -9999 -9999 -9999 -9999 -9999 -9999 -9999 -9999 -9999 0.012204990722239 0.0124347386881709 0.0426170118153095 0.0137146851047873 0.00995473377406597 0.0747050344944 0.0178820174187422 0.0275873765349388 0.0345186702907085 0.0387686528265476 0.0560713708400726 0.0645943433046341 0.0587399676442146 0.293681472539902 0.218399718403816 0.108366698026657 0.0379939377307892 0.0441534332931042 0.0631769672036171 0.0570229291915894 0.104092441499233 0.177717566490173 0.188118442893028 0.249649718403816 0.262754082679749 0.275531381368637 0.283858209848404
-9999 -9999 -9999 -9999 -9999 -9999 -9999 -9999 -9999 -9999 -9999 -9999 -9999 -9999 -9999 -9999 -9999 -9999 -9999 -9999 -9999 -9999 -9999 -9999 -9999 -9999 -9999 -9999 0.0322550088167191 0.0314047895371914 0.0359060056507587 0.00723214354366064 0.00634765485301614 0.059480719268322 0.0164715759456158 0.0290378890931606 0.0350314565002918 0.0478322245180607 0.0875340402126312 0.0876681432127953 0.0658731907606125 0.269699186086655 0.199573040008545 0.101716682314873 0.0626502260565758 0.0391206555068493 0.043456394225359 0.0628436207771301 0.114681161940098 0.233806565403938 0.271754592657089 0.286211669445038 0.298095047473907 0.312402755022049 0.322532087564468
-9999 -9999 -9999 -9999 -9999 -9999 -9999 -9999 -9999 -9999 -9999 -9999 -9999 -9999 -9999 -9999 -9999 -9999 -9999 -9999 -9999 -9999 -9999 -9999 -9999 -9999 -9999 -9999 0.0667521357536316 0.0561435744166374 0.0285692159086466 0.00581421470269561 0.00479577947407961 0.0521105714142323 0.0165896341204643 0.0324709638953209 0.0400598160922527 0.0757469981908798 0.130450829863548 0.142624601721764 0.0837005972862244 0.27806293964386 0.191109329462051 0.0728259086608887 0.0650503560900688 0.0666475519537926 0.0755638182163239 0.102998524904251 0.185354456305504 0.246374174952507 0.430060625076294 0.447658240795135 0.458774030208588 0.471660554409027 0.484404146671295
-9999 -9999 -9999 -9999 -9999 -9999 -9999 -9999 -9999 -9999 -9999 -9999 -9999 -9999 -9999 -9999 -9999 -9999 -9999 -9999 -9999 -9999 -9999 -9999 -9999 -9999 -9999 0.11677335947752 0.089238777756691 0.0628796890377998 0.0197078082710505 0.00393619854003191 0.00394384888932109 0.0455789975821972 0.0169327650219202 0.0376170240342617 0.0491101667284966 0.0961315855383873 0.146776929497719 0.142138913273811 0.10954736918211 0.278503924608231 0.136449366807938 0.0806372091174126 0.0745580792427063 0.0835624560713768 0.0975091308355331 0.127393200993538 0.224927544593811 0.282181531190872 0.446166276931763 0.475334644317627 0.486562728881836 0.494221895933151 0.503345131874084
-9999 -9999 -9999 -9999 -9999 -9999 -9999 -9999 -9999 -9999 -9999 -9999 -9999 -9999 -9999 -9999 -9999 -9999 -9999 -9999 -9999 -9999 -9999 -9999 -9999 -9999 -9999 0.110578402876854 0.0786820352077484 0.0516351535916328 0.00990636460483074 0.00475276447832584 0.00490095047280192 0.0452801026403904 0.0181518625468016 0.0460844412446022 0.0723364874720573 0.109607957303524 0.145031586289406 0.132387652993202 0.511704802513123 0.340651839971542 0.124056033790112 0.101973563432693 0.0954363271594048 0.105662368237972 0.123356498777866 0.151316344738007 0.18432192504406 0.285456448793411 0.443823218345642 0.477289915084839 0.4884272813797 0.49743315577507 0.50495845079422
-9999 -9999 -9999 -9999 -9999 -9999 -9999 -9999 -9999 -9999 -9999 -9999 -9999 -9999 -9999 -9999 -9999 -9999 -9999 -9999 -9999 -9999 -9999 -9999 -9999 -9999 -9999 0.0990921705961227 0.0588502213358879 0.0346980504691601 0.00542516214773059 0.00553993554785848 0.0062172650359571 0.0530894882977009 0.0257547367364168 0.0615836791694164 0.0927043035626411 0.120243795216084 0.133211970329285 0.522860705852509 0.487441718578339 0.289999693632126 0.176631733775139 0.142741113901138 0.13463032245636 0.149304211139679 0.155003786087036 0.181628122925758 0.197070732712746 0.28013026714325 0.323535650968552 0.479027152061462 0.4890196621418 0.498454540967941 0.50581818819046
-9999 -9999 -9999 -9999 -9999 -9999 -9999 -9999 -9999 -9999 -9999 -9999 -9999 -9999 -9999 -9999 -9999 -9999 -9999 -9999 -9999 -9999 -9999 -9999 -9999 -9999 -9999 0.0811197310686111 0.0414427630603313 0.0167078841477633 0.00529666431248188 0.00659680785611272 0.0233376882970333 0.141930356621742 0.0561264492571354 0.078089252114296 0.105607926845551 0.13013069331646 0.530064225196838 0.495498716831207 0.464371979236603 0.25826370716095 0.249715939164162 0.119732812047005 0.115534648299217 0.136169269680977 0.256868153810501 0.249586403369904 0.214259758591652 0.213239118456841 0.309451818466187 0.473478108644485 0.489562273025513 0.498962670564651 0.506337285041809
-9999 -9999 -9999 -9999 -9999 -9999 -9999 -9999 -9999 -9999 -9999 -9999 -9999 -9999 -9999 -9999 -9999 -9999 -9999 -9999 -9999 -9999 -9999 -9999 -9999 -9999 0.125852167606354 0.0649166330695152 0.0306932851672173 0.00878644734621048 0.00545103289186954 0.0075859003700316 0.0843670666217804 0.321449875831604 0.0757605209946632 0.09587711840868 0.123055659234524 0.535937488079071 0.501698017120361 0.463681846857071 0.261330127716064 0.256627380847931 0.138031169772148 0.137057304382324 0.138356313109398 0.142338126897812 0.146629065275192 0.264623016119003 0.232910320162773 0.206237882375717 0.299313306808472 0.343751102685928 0.48863473534584 0.498923450708389 0.506394565105438
-9999 -9999 -9999 -9999 -9999 -9999 -9999 -9999 -9999 -9999 -9999 -9999 -9999 -9999 -9999 -9999 -9999 -9999 -9999 -9999 -9999 -9999 -9999 -9999 -9999 -9999 0.104099787771702 0.0527373366057873 0.0190707147121429 0.00513950875028968 0.00596241792663932 0.02523472905159 0.166664198040962 0.364753842353821 0.443069517612457 0.491368919610977 0.529216289520264 0.511560261249542 0.476184904575348 0.262521862983704 0.255646049976349 0.139299169182777 0.13759171962738 0.137564957141876 0.139124542474747 0.14357790350914 0.147578492760658 0.266821265220642 0.255625218153 0.21788789331913 0.234172180294991 0.352955371141434 0.368732035160065 0.497600615024567 0.504738569259644
-9999 -9999 -9999 -9999 -9999 -9999 -9999 -9999 -9999 -9999 -9999 -9999 -9999 -9999 -9999 -9999 -9999 -9999 -9999 -9999 -9999 -9999 -9999 -9999 -9999 -9999 0.0893465131521225 0.0488560125231743 0.00988667272031307 0.00490240752696991 0.00730276154354215 0.0533571317791939 0.259382396936417 0.397354602813721 0.466014295816422 0.497861355543137 0.492283791303635 0.480626702308655 0.268486648797989 0.257002145051956 0.139525145292282 0.137821093201637 0.137238427996635 0.136948242783546 0.138259932398796 0.142896145582199 0.147894024848938 0.266117304563522 0.241654098033905 0.21432800590992 0.237274691462517 0.357641071081161 0.367254376411438 0.375413686037064 0.503160417079926
-9999 -9999 -9999 -9999 -9999 -9999 -9999 -9999 -9999 -9999 -9999 -9999 -9999 -9999 -9999 -9999 -9999 -9999 -9999 -9999 -9999 -9999 -9999 -9999 -9999 -9999 0.0828645601868629 0.0489349402487278 0.0129077956080437 0.00529751740396023 0.0103179486468434 0.154139786958694 0.326320946216583 0.414378762245178 0.473586797714233 0.476107031106949 0.351068556308746 0.270034492015839 0.259233951568604 0.139648631215096 0.140430316329002 0.140473693609238 0.13818933069706 0.136056244373322 0.1256472915411 0.138272568583488 0.142772421240807 0.24911068379879 0.218958035111427 0.214466094970703 0.23327961564064 0.26643443107605 0.364058554172516 0.373504370450974 0.379560142755508
-9999 -9999 -9999 -9999 -9999 -9999 -9999 -9999 -9999 -9999 -9999 -9999 -9999 -9999 -9999 -9999 -9999 -9999 -9999 -9999 -9999 -9999 -9999 -9999 -9999 -9999 0.0853714793920517 0.0503457598388195 0.0173888858407736 0.00713952723890543 0.0163591336458921 0.229975834488869 0.344113737344742 0.429071098566055 0.343570709228516 0.271418005228043 0.267196387052536 0.143714353442192 0.128325313329697 0.128365948796272 0.138628080487251 0.140852630138397 0.137965992093086 0.108476288616657 0.0824251919984818 0.0825152471661568 0.0795127302408218 0.177828535437584 0.190275579690933 0.20371125638485 0.22470586001873 0.247051507234573 0.279123306274414 0.29453444480896 0.375560075044632
-9999 -9999 -9999 -9999 -9999 -9999 -9999 -9999 -9999 -9999 -9999 -9999 -9999 -9999 -9999 -9999 -9999 -9999 -9999 -9999 -9999 -9999 -9999 -9999 -9999 -9999 0.0818145871162415 0.0499160625040531 0.0260097943246365 0.0106989135965705 0.0192388612776995 0.228158012032509 0.352651953697205 0.314757823944092 0.267674058675766 0.267023891210556 0.146352291107178 0.133541226387024 0.120338037610054 0.118529908359051 0.127330288290977 0.137675806879997 0.135602474212646 0.0770086273550987 0.0557389818131924 0.0594783499836922 0.0696610882878304 0.15141898393631 0.167993202805519 0.188416942954063 0.210064277052879 0.233893051743507 0.264252066612244 0.289479851722717 0.295675009489059
-9999 -9999 -9999 -9999 -9999 -9999 -9999 -9999 -9999 -9999 -9999 -9999 -9999 -9999 -9999 -9999 -9999 -9999 -9999 -9999 -9999 -9999 -9999 -9999 -9999 -9999 0.0820222198963165 0.0499593280255795 0.0275600515305996 0.0113621382042766 0.019980538636446 0.211035683751106 0.351344674825668 0.308129191398621 0.262288361787796 0.26108381152153 0.139096409082413 0.12576849758625 0.113446094095707 0.111143991351128 0.117464445531368 0.125392377376556 0.121696017682552 0.0592024922370911 0.0443510189652443 0.0525143966078758 0.063631534576416 0.0731062889099121 0.15734238922596 0.176725968718529 0.196090668439865 0.220449835062027 0.252860128879547 0.284317344427109 0.291366517543793
-9999 -9999 -9999 -9999 -9999 -9999 -9999 -9999 -9999 -9999 -9999 -9999 -9999 -9999 -9999 -9999 -9999 -9999 -9999 -9999 -9999 -9999 -9999 -9999 -9999 -9999 0.0824469029903412 0.0495393313467503 0.0242822971194983 0.00935663841664791 0.0169144459068775 0.122867710888386 0.208831429481506 0.225157201290131 0.248615011572838 0.242998138070107 0.122408226132393 0.114580072462559 0.107362978160381 0.105491504073143 0.108555547893047 0.113849580287933 0.0980646312236786 0.0559588223695755 0.0431926138699055 0.0495713353157043 0.0615816824138165 0.0692911967635155 0.0753762796521187 0.0850543081760406 0.182312369346619 0.208156764507294 0.240443393588066 0.278922140598297 0.284029096364975
-9999 -9999 -9999 -9999 -9999 -9999 -9999 -9999 -9999 -9999 -9999 -9999 -9999 -9999 -9999 -9999 -9999 -9999 -9999 -9999 -9999 -9999 -9999 -9999 -9999 -9999 0.0843850001692772 0.0507751442492008 0.0269340090453625 0.00889010075479746 0.0143097126856446 0.0655814409255981 0.107881598174572 0.158803701400757 0.215533033013344 0.120425708591938 0.111049354076385 0.106097206473351 0.101301468908787 0.10041581839323 0.10350826382637 0.107923395931721 0.0939999669790268 0.0552945546805859 0.0440084002912045 0.0512849502265453 0.0615221336483955 0.0667725503444672 0.070065937936306 0.076617106795311 0.0860872492194176 0.0985656306147575 0.216259583830833 0.254140734672546 0.270413041114807
-9999 -9999 -9999 -9999 -9999 -9999 -9999 -9999 -9999 -9999 -9999 -9999 -9999 -9999 -9999 -9999 -9999 -9999 -9999 -9999 -9999 -9999 -9999 -9999 -9999 -9999 0.0861155912280083 0.0513980053365231 0.0308588184416294 0.0116387326270342 0.0132480571046472 0.0199478827416897 0.068892739713192 0.11160309612751 0.0787210837006569 0.10158634185791 0.10513087362051 0.101362466812134 0.0973895713686943 0.0980989709496498 0.10298664867878 0.107821941375732 0.105021081864834 0.057803750038147 0.0462668165564537 0.0526426956057549 0.061766542494297 0.0638924688100815 0.0632214769721031 0.068859376013279 0.0780613943934441 0.0873593986034393 0.10830219835043 0.118776328861713 0.142557039856911
-9999 -9999 -9999 -9999 -9999 -9999 -9999 -9999 -9999 -9999 -9999 -9999 -9999 -9999 -9999 -9999 -9999 -9999 -9999 -9999 -9999 -9999 -9999 -9999 -9999 0.106309443712234 0.0839325413107872 0.0518623106181622 0.0316519886255264 0.0169148482382298 0.0158275328576565 0.020676901564002 0.0285586770623922 0.0412674248218536 0.0570946857333183 0.0767735466361046 0.0935506597161293 0.0945181399583817 0.0946938395500183 0.100145876407623 0.106477573513985 0.111875236034393 0.115328013896942 0.0661462023854256 0.0515732020139694 0.0553330890834332 0.0624826177954674 0.0626226514577866 0.0627622753381729 0.0703102201223373 0.0848507434129715 0.10059367865324 0.114447861909866 0.126606091856956 0.139216795563698
