meets/meet006/_saidas_enm/CCSM_Maxent_0k_T_nigriceps1.asc
NCOLS 154 
NROWS 168 
XLLCORNER -112 
YLLCORNER -55.5 
CELLSIZE 0.5 
NODATA_value -9999 
[rows 75 to 99 of 168, columns 55 to 109 of 154]
-9999 -9999 -9999 -9999 -9999 -9999 -9999 -9999 -9999 -9999 -9999 -9999 0.42845407128334 0.42725932598114 0.413214027881622 0.410766392946243 0.417382895946503 0.416460663080215 0.379893094301224 0.0689089894294739 0.0208895094692707 0.017697848379612 0.0148939667269588 0.0175753533840179 0.019877078011632 0.0203715991228819 0.020554369315505 0.019932558760047 0.0191908590495586 0.0185636952519417 0.0180767327547073 0.0176027957350016 0.0169471818953753 0.025246549397707 0.0249001737684011 0.0251897238194942 0.0166144873946905 0.016935532912612 0.0172586962580681 0.01800268702209 0.0190139338374138 0.0200222227722406 0.0209218878298998 0.0217180475592613 0.0227650385349989 0.0239066388458014 0.0247885007411242 0.0251846797764301 0.0252681542187929 0.0252896677702665 0.0249851420521736 0.0251450538635254 0.0259224567562342 0.0270967576652765 0.0283831302076578
-9999 -9999 -9999 -9999 -9999 -9999 -9999 -9999 -9999 -9999 -9999 -9999 0.423622220754623 0.422830879688263 0.41783407330513 0.415708124637604 0.419514328241348 0.422345370054245 0.421761363744736 0.445150226354599 0.174488365650177 0.019888574257493 0.0168509539216757 0.0195927433669567 0.02062195725739 0.0208613406866789 0.0199285745620728 0.0196819957345724 0.018854659050703 0.0176497753709555 0.0169407017529011 0.0148164192214608 0.0156778376549482 0.0240865852683783 0.0244150273501873 0.0161274336278439 0.0169654786586761 0.0168629828840494 0.0172880589962006 0.0181094091385603 0.0192191805690527 0.0211758967489004 0.0213017873466015 0.022195253521204 0.0233643501996994 0.0241789259016514 0.0260037928819656 0.0259785018861294 0.0256997048854828 0.0258407853543758 0.0257488433271646 0.0259420871734619 0.0266743991523981 0.0273655243217945 0.0278270225971937
-9999 -9999 -9999 -9999 -9999 -9999 -9999 -9999 -9999 -9999 -9999 -9999 -9999 0.421262860298157 0.421516686677933 0.491214007139206 0.539231836795807 0.545194804668427 0.499633699655533 0.498204052448273 0.405805051326752 0.212253049015999 0.0623231045901775 0.0170249696820974 0.0172707531601191 0.0213355720043182 0.0216116793453693 0.0206016432493925 0.0185341015458107 0.0151455504819751 0.0141246058046818 0.0134735824540257 0.0197825599461794 0.0194050464779139 0.0198309905827045 0.0231985151767731 0.0159403365105391 0.0160365365445614 0.0163843594491482 0.0170984193682671 0.0180413704365492 0.0193588025867939 0.0195862594991922 0.0201763957738876 0.0212698616087437 0.0227308161556721 0.0246275253593922 0.0253877211362123 0.0258413571864367 0.0263545773923397 0.0265254322439432 0.026675634086132 0.027071500197053 0.0273481719195843 0.0274952817708254
-9999 -9999 -9999 -9999 -9999 -9999 -9999 -9999 -9999 -9999 -9999 -9999 -9999 0.418655037879944 0.423610836267471 0.544027268886566 0.537475347518921 0.541267931461334 0.550943851470947 0.554780006408691 0.430385947227478 0.49136620759964 0.34339252114296 0.0566100068390369 0.0136690950021148 0.0247597862035036 0.0255581922829151 0.0217098109424114 0.0183120146393776 0.0141125069931149 0.0197869390249252 0.016375420615077 0.0154022481292486 0.0147967152297497 0.0169677343219519 0.0180141590535641 0.0192774552851915 0.0226965360343456 0.023015595972538 0.0238802079111338 0.0161160510033369 0.0165802612900734 0.0170390754938126 0.0169981587678194 0.0182454586029053 0.0204424969851971 0.0225073806941509 0.0249328855425119 0.0261133257299662 0.0272397045046091 0.0277825519442558 0.0276550240814686 0.0278708916157484 0.0277927257120609 0.0299311224371195
-9999 -9999 -9999 -9999 -9999 -9999 -9999 -9999 -9999 -9999 -9999 -9999 -9999 -9999 0.419693022966385 0.541456639766693 0.538253664970398 0.528896033763885 0.529104888439178 0.416907131671906 0.42718979716301 0.430184662342072 0.426125228404999 0.322609603404999 0.0291893761605024 0.0293647293001413 0.026720654219389 0.0224845930933952 0.014926734380424 0.0164003744721413 0.0159346926957369 0.0146937780082226 0.0136917624622583 0.0131504088640213 0.0131434937939048 0.0137028787285089 0.0165853276848793 0.0176006220281124 0.0207349546253681 0.0217132717370987 0.0226109605282545 0.0232384353876114 0.0231527294963598 0.0231061652302742 0.0163282081484795 0.0190726537257433 0.0222223438322544 0.0252274833619595 0.027427552267909 0.0290947966277599 0.0296455472707748 0.0295110214501619 0.0308255292475224 0.0325797200202942 0.0338662788271904
-9999 -9999 -9999 -9999 -9999 -9999 -9999 -9999 -9999 -9999 -9999 -9999 -9999 -9999 0.382068186998367 0.539515793323517 0.527106642723083 0.520668625831604 0.335232734680176 0.332176238298416 0.399162411689758 0.480097770690918 0.437328577041626 0.433186113834381 0.317495107650757 0.116233356297016 0.0260398872196674 0.0201532244682312 0.0113688781857491 0.0132992547005415 0.0106363529339433 0.0114035634323955 0.0098678395152092 0.0116374874487519 0.0115095833316445 0.0118504650890827 0.0125981150195003 0.0148607324808836 0.0160013251006603 0.0194953717291355 0.0207081865519285 0.0217973198741674 0.0216967780143023 0.0211209338158369 0.0234676543623209 0.018564211204648 0.0228617303073406 0.0258049033582211 0.028987729921937 0.0311841145157814 0.0313951969146729 0.0341943316161633 0.0350171104073524 0.0363416895270348 0.0371793061494827
-9999 -9999 -9999 -9999 -9999 -9999 -9999 -9999 -9999 -9999 -9999 -9999 -9999 -9999 -9999 0.536647021770477 0.543415248394012 0.531576573848724 0.334165126085281 0.0587128661572933 0.330556929111481 0.472816973924637 0.435589045286179 0.525214910507202 0.573932707309723 0.550982534885406 0.423205971717834 0.107788778841496 0.0142840640619397 0.0137480925768614 0.0124709634110332 0.00995837058871984 0.00852321833372116 0.00662215007469058 0.00798137485980988 0.0101873511448503 0.0105062499642372 0.0107467193156481 0.0127667970955372 0.0143101420253515 0.0183676537126303 0.0201746243983507 0.020771611481905 0.0214454922825098 0.0155791565775871 0.0183304864913225 0.0218596756458282 0.0251813922077417 0.0281231664121151 0.0315023101866245 0.0347492806613445 0.0371783748269081 0.0390610210597515 0.040180366486311 0.0402375906705856
-9999 -9999 -9999 -9999 -9999 -9999 -9999 -9999 -9999 -9999 -9999 -9999 -9999 -9999 -9999 0.447986483573914 0.544250965118408 0.425526857376099 0.338886320590973 0.0581659004092216 0.0591148361563683 0.450964331626892 0.473834067583084 0.567171275615692 0.443533897399902 0.584088802337646 0.580236911773682 0.563088357448578 0.229355335235596 0.0187830701470375 0.0158788692206144 0.0105392625555396 0.010739759542048 0.00953122600913048 0.00564844906330109 0.00739138061180711 0.00890022609382868 0.0088538397103548 0.0089027276262641 0.0113407745957375 0.0154160102829337 0.0185780487954617 0.0195531863719225 0.0214236043393612 0.0158151090145111 0.0180329289287329 0.0210613161325455 0.0241123493760824 0.0281379632651806 0.0321560129523277 0.0360721126198769 0.0390359461307526 0.0407857075333595 0.0429606102406979 0.0448900796473026
-9999 -9999 -9999 -9999 -9999 -9999 -9999 -9999 -9999 -9999 -9999 -9999 -9999 -9999 -9999 -9999 0.37959960103035 0.422496557235718 0.471900671720505 0.391248047351837 0.0581841357052326 0.0588737688958645 0.0786187201738358 0.0980914682149887 0.470804929733276 0.547068953514099 0.422571837902069 0.581022679805756 0.584455966949463 0.529960572719574 0.413324385881424 0.0788437202572823 0.0155274961143732 0.012453019618988 0.00700817815959454 0.00532389851287007 0.00808431208133698 0.0079917972907424 0.00797929149121046 0.0097529711201787 0.0123123060911894 0.0140946703031659 0.0166539736092091 0.0201589204370975 0.0156429689377546 0.0179005973041058 0.0203791577368975 0.0241070035845041 0.0284020900726318 0.0323841832578182 0.0358959250152111 0.0389745272696018 0.0415979325771332 0.0451606810092926 0.0513212084770203
-9999 -9999 -9999 -9999 -9999 -9999 -9999 -9999 -9999 -9999 -9999 -9999 -9999 -9999 -9999 -9999 0.198300033807755 0.409977823495865 0.469993025064468 0.439211994409561 0.0580739006400108 0.0557666011154652 0.0548309236764908 0.082252599298954 0.0843861997127533 0.090892493724823 0.055498294532299 0.336363166570663 0.414969921112061 0.435965240001678 0.454001277685165 0.556581795215607 0.218824937939644 0.0132879409939051 0.00998848397284746 0.00838535651564598 0.00850008614361286 0.0078910393640399 0.00756150763481855 0.00861441250890493 0.00989959482103586 0.0105595290660858 0.0136769870296121 0.0185625404119492 0.0154474657028913 0.0177283547818661 0.0199663452804089 0.0243304073810577 0.028619384393096 0.0327625349164009 0.036503478884697 0.0383566878736019 0.0405234135687351 0.0465766191482544 0.0543281212449074
-9999 -9999 -9999 -9999 -9999 -9999 -9999 -9999 -9999 -9999 -9999 -9999 -9999 -9999 -9999 -9999 0.0224605463445187 0.275620967149734 0.404104739427567 0.389591246843338 0.327436417341232 0.0551229119300842 0.0680187568068504 0.0770977884531021 0.077345997095108 0.0794491022825241 0.0823434963822365 0.0882878303527832 0.0931705012917519 0.41647282242775 0.431525975465775 0.442542314529419 0.430458694696426 0.0868326127529144 0.0125640472397208 0.012861980125308 0.00953229796141386 0.00893950182944536 0.00916347466409206 0.00921963062137365 0.00866990629583597 0.0084769856184721 0.0120146041736007 0.0179407726973295 0.0152716431766748 0.0179705061018467 0.0200532972812653 0.0235382150858641 0.0278362203389406 0.0312226135283709 0.034015703946352 0.0375963039696217 0.0365692973136902 0.0411232523620129 0.0464663691818714
-9999 -9999 -9999 -9999 -9999 -9999 -9999 -9999 -9999 -9999 -9999 -9999 -9999 -9999 -9999 -9999 -9999 0.0245415680110455 0.150075063109398 0.397321373224258 0.386678010225296 0.312321543693542 0.0534863360226154 0.0639969259500504 0.0740237459540367 0.0744423642754555 0.0731371939182281 0.0497053004801273 0.0506538823246956 0.0552407763898373 0.342682868242264 0.427440136671066 0.435343563556671 0.414488017559052 0.0767165943980217 0.016378128901124 0.0148005010560155 0.0140217514708638 0.0129581084474921 0.0109798135235906 0.00983548536896706 0.00874606054276228 0.0132414298132062 0.0193777792155743 0.0157135538756847 0.0176895428448915 0.0189204830676317 0.0204424485564232 0.0235078297555447 0.0255350135266781 0.0272814352065325 0.0304462723433971 0.0275401510298252 0.0301496274769306 0.033809419721365
-9999 -9999 -9999 -9999 -9999 -9999 -9999 -9999 -9999 -9999 -9999 -9999 -9999 -9999 -9999 -9999 -9999 -9999 0.0201824903488159 0.012036669999361 0.236514195799828 0.388560205698013 0.37820228934288 0.0556656681001186 0.0523103810846806 0.0500761084258556 0.047987911850214 0.0474936440587044 0.0477196425199509 0.0508499033749104 0.0571983605623245 0.47120526432991 0.433073222637177 0.437110126018524 0.496133178472519 0.269596815109253 0.025268092751503 0.0154044954106212 0.0166488196700811 0.0156302228569984 0.015480344183743 0.0171609614044428 0.0188869759440422 0.0221827756613493 0.0158592499792576 0.0161336343735456 0.0157628059387207 0.0166153181344271 0.0263542290776968 0.0267850458621979 0.0278340391814709 0.0268299430608749 0.0273006707429886 0.029445206746459 0.0337563566863537
-9999 -9999 -9999 -9999 -9999 -9999 -9999 -9999 -9999 -9999 -9999 -9999 -9999 -9999 -9999 -9999 -9999 -9999 -9999 -9999 0.00893926620483398 0.13392598927021 0.24019256234169 0.399022191762924 0.328400254249573 0.0553044304251671 0.0513006076216698 0.0485877990722656 0.0467656366527081 0.0484491772949696 0.0527796447277069 0.0764183178544044 0.478688716888428 0.556109428405762 0.560768783092499 0.551234424114227 0.418594002723694 0.0355909094214439 0.0179860554635525 0.0240117721259594 0.0228439103811979 0.0165541116148233 0.0153224589303136 0.0153880501165986 0.0155201740562916 0.022434389218688 0.0213943235576153 0.0212915278971195 0.0209940485656261 0.0206266790628433 0.0204144343733788 0.018447058275342 0.0190971791744232 0.0199463814496994 0.0241840705275536
-9999 -9999 -9999 -9999 -9999 -9999 -9999 -9999 -9999 -9999 -9999 -9999 -9999 -9999 -9999 -9999 -9999 -9999 -9999 -9999 -9999 -9999 0.129943355917931 0.25195899605751 0.410898625850677 0.39347580075264 0.056124072521925 0.0519978329539299 0.0481632612645626 0.047016579657793 0.0493511781096458 0.0525815188884735 0.0593472458422184 0.532264769077301 0.561172187328339 0.563851654529572 0.557417452335358 0.492025852203369 0.103468991816044 0.0236534718424082 0.020985359326005 0.0165865309536457 0.0235639736056328 0.0232611764222383 0.0213481467217207 0.0210470277816057 0.0202798470854759 0.0198745094239712 0.0205099042505026 0.019692150875926 0.0184250678867102 0.0169984102249146 0.0169017426669598 0.0177259370684624 0.0200954806059599
-9999 -9999 -9999 -9999 -9999 -9999 -9999 -9999 -9999 -9999 -9999 -9999 -9999 -9999 -9999 -9999 -9999 -9999 -9999 -9999 -9999 -9999 -9999 -9999 0.342032611370087 0.416485667228699 0.399345517158508 0.322396576404572 0.0516784340143204 0.0484753251075745 0.0480225645005703 0.0492495968937874 0.0537966676056385 0.0926887020468712 0.468192040920258 0.552438795566559 0.5667524933815 0.559215426445007 0.531183421611786 0.265197783708572 0.0909076184034348 0.0235919151455164 0.017422741279006 0.0225248113274574 0.0200814139097929 0.0194957368075848 0.0196799468249083 0.019767003133893 0.0193376373499632 0.0186733342707157 0.0170479398220778 0.0158448945730925 0.0160583518445492 0.016965402290225 0.0178796947002411
-9999 -9999 -9999 -9999 -9999 -9999 -9999 -9999 -9999 -9999 -9999 -9999 -9999 -9999 -9999 -9999 -9999 -9999 -9999 -9999 -9999 -9999 -9999 -9999 -9999 -9999 0.419019848108292 0.40816056728363 0.323598027229309 0.0521547980606556 0.049427691847086 0.0488151833415031 0.0496720708906651 0.0673501715064049 0.0872838571667671 0.45359668135643 0.53885692358017 0.559589385986328 0.560578525066376 0.5525181889534 0.496879875659943 0.104200899600983 0.0234276801347733 0.0241091586649418 0.0180659499019384 0.0183529276400805 0.0192989371716976 0.0193690489977598 0.0187878832221031 0.0171115379780531 0.0157364383339882 0.0145121635869145 0.0148758012801409 0.0159320570528507 0.0164516400545835
-9999 -9999 -9999 -9999 -9999 -9999 -9999 -9999 -9999 -9999 -9999 -9999 -9999 -9999 -9999 -9999 -9999 -9999 -9999 -9999 -9999 -9999 -9999 -9999 -9999 -9999 0.011125510558486 0.247373104095459 0.397136837244034 0.370174378156662 0.0525628291070461 0.0489436835050583 0.0475049130618572 0.0477858409285545 0.0786780416965485 0.0866130143404007 0.0948284715414047 0.530713617801666 0.551458716392517 0.555039286613464 0.542520403862 0.482119083404541 0.0865090265870094 0.0176191311329603 0.0151849305257201 0.0171383805572987 0.0192520283162594 0.0196118857711554 0.0191088952124119 0.0174238476902246 0.014900709502399 0.013420881703496 0.0136301424354315 0.0144775556400418 0.0148776965215802
-9999 -9999 -9999 -9999 -9999 -9999 -9999 -9999 -9999 -9999 -9999 -9999 -9999 -9999 -9999 -9999 -9999 -9999 -9999 -9999 -9999 -9999 -9999 -9999 -9999 -9999 -9999 -9999 0.158023476600647 0.230439573526382 0.356076776981354 0.0474211163818836 0.0465618222951889 0.0461306981742382 0.0616722889244556 0.0658929497003555 0.0543618649244308 0.396762639284134 0.524319231510162 0.545562267303467 0.541934907436371 0.530311524868011 0.133207559585571 0.019666314125061 0.0136616602540016 0.0146235739812255 0.0195173155516386 0.0191453099250793 0.0196830835193396 0.0180611163377762 0.0149166751652956 0.0130992280319333 0.012304749339819 0.0130056422203779 0.013512684032321
-9999 -9999 -9999 -9999 -9999 -9999 -9999 -9999 -9999 -9999 -9999 -9999 -9999 -9999 -9999 -9999 -9999 -9999 -9999 -9999 -9999 -9999 -9999 -9999 -9999 -9999 -9999 -9999 0.00849115196615458 0.124914079904556 0.357883363962173 0.281102567911148 0.0453725606203079 0.0711607784032822 0.0725926980376244 0.0634708181023598 0.0521772168576717 0.0572858862578869 0.338046818971634 0.414115428924561 0.492380499839783 0.530796051025391 0.456370085477829 0.0263786595314741 0.0160657372325659 0.0137860449030995 0.017301032319665 0.0173560939729214 0.0172886308282614 0.016014214605093 0.0139958467334509 0.012486208230257 0.0115412920713425 0.0112544940784574 0.0117005445063114
-9999 -9999 -9999 -9999 -9999 -9999 -9999 -9999 -9999 -9999 -9999 -9999 -9999 -9999 -9999 -9999 -9999 -9999 -9999 -9999 -9999 -9999 -9999 -9999 -9999 -9999 -9999 -9999 -9999 0.00819907151162624 0.255980491638184 0.342411488294601 0.0726823806762695 0.0695774480700493 0.0701986402273178 0.0752331912517548 0.0810839682817459 0.0733332186937332 0.332374513149261 0.40760812163353 0.488219261169434 0.531841039657593 0.503031969070435 0.0699884444475174 0.0187624357640743 0.0140362093225121 0.0128945680335164 0.0147377271205187 0.0141822369769216 0.0132983978837729 0.0125502673909068 0.0114666065201163 0.0110245449468493 0.010542088188231 0.011145519092679
-9999 -9999 -9999 -9999 -9999 -9999 -9999 -9999 -9999 -9999 -9999 -9999 -9999 -9999 -9999 -9999 -9999 -9999 -9999 -9999 -9999 -9999 -9999 -9999 -9999 -9999 -9999 -9999 -9999 0.00750829372555017 0.243576943874359 0.361405730247498 0.3792325258255 0.0697741732001305 0.0685109049081802 0.0721312910318375 0.0796029716730118 0.0736579075455666 0.334274351596832 0.407736867666245 0.419025659561157 0.531948685646057 0.513961911201477 0.10143831372261 0.0133348805829883 0.0148579031229019 0.0133164906874299 0.0130043681710958 0.0119812386110425 0.0113101219758391 0.0117109967395663 0.0117872431874275 0.0113215036690235 0.0107473582029343 0.0117693170905113
-9999 -9999 -9999 -9999 -9999 -9999 -9999 -9999 -9999 -9999 -9999 -9999 -9999 -9999 -9999 -9999 -9999 -9999 -9999 -9999 -9999 -9999 -9999 -9999 -9999 -9999 -9999 -9999 -9999 0.00701875193044543 0.132094979286194 0.394147545099258 0.389045596122742 0.0694019943475723 0.0677271410822868 0.0714378356933594 0.0783503726124763 0.072363056242466 0.337608397006989 0.410661667585373 0.419184148311615 0.531095862388611 0.516023874282837 0.106388099491596 0.0166315827518702 0.0157728455960751 0.0138414371758699 0.0128142032772303 0.0108687439933419 0.0102648260071874 0.0116485673934221 0.0131086632609367 0.0121468268334866 0.0114119565114379 0.0130411423742771
-9999 -9999 -9999 -9999 -9999 -9999 -9999 -9999 -9999 -9999 -9999 -9999 -9999 -9999 -9999 -9999 -9999 -9999 -9999 -9999 -9999 -9999 -9999 -9999 -9999 -9999 -9999 -9999 -9999 0.00728123541921377 0.324331700801849 0.407599359750748 0.404644042253494 0.0683504045009613 0.066636748611927 0.0698623955249786 0.0770797356963158 0.0555250495672226 0.339227229356766 0.416383862495422 0.422098994255066 0.530929088592529 0.509149253368378 0.101700238883495 0.0147144384682178 0.0154854841530323 0.0143361557275057 0.0124088656157255 0.0124539900571108 0.0117136854678392 0.0122733628377318 0.0130195925012231 0.013288495130837 0.0137600162997842 0.0164000298827887
-9999 -9999 -9999 -9999 -9999 -9999 -9999 -9999 -9999 -9999 -9999 -9999 -9999 -9999 -9999 -9999 -9999 -9999 -9999 -9999 -9999 -9999 -9999 -9999 -9999 -9999 -9999 -9999 -9999 0.00753308879211545 0.295366942882538 0.528514802455902 0.0832568556070328 0.067505955696106 0.0652877613902092 0.0691970884799957 0.0755061209201813 0.0557228624820709 0.344512045383453 0.423191398382187 0.541784048080444 0.527006983757019 0.498504668474197 0.0875275060534477 0.0124175399541855 0.0133980046957731 0.0144858853891492 0.0133720086887479 0.0143138160929084 0.0136438142508268 0.0135711152106524 0.0136506101116538 0.0154006443917751 0.0170441176742315 0.0210196077823639
