meets/meet006/_saidas_enm/CCSM_Maxent_0k_T_nigriceps4.asc
NCOLS 154 
NROWS 168 
XLLCORNER -112 
YLLCORNER -55.5 
CELLSIZE 0.5 
NODATA_value -9999 
[rows 75 to 99 of 168, columns 55 to 109 of 154]
-9999 -9999 -9999 -9999 -9999 -9999 -9999 -9999 -9999 -9999 -9999 -9999 0.411143332719803 0.42905056476593 0.420235306024551 0.378717988729477 0.388489216566086 0.388035953044891 0.367301851511002 0.0766888707876205 0.0262199938297272 0.0232483837753534 0.0191134437918663 0.0188053902238607 0.0264380406588316 0.0270583275705576 0.026697214692831 0.0261459555476904 0.0253387875854969 0.0288228671997786 0.026387607678771 0.0261347983032465 0.02515884116292 0.0375772751867771 0.0380204916000366 0.0393319837749004 0.0274059269577265 0.0288254022598267 0.0291297808289528 0.0298835188150406 0.0309062991291285 0.0319868102669716 0.0329793356359005 0.0338613465428352 0.0349668338894844 0.030412282794714 0.0276878196746111 0.0279332380741835 0.0279858373105526 0.0279698614031076 0.0276308320462704 0.0276668295264244 0.0280606057494879 0.0287486258894205 0.0295606292784214
-9999 -9999 -9999 -9999 -9999 -9999 -9999 -9999 -9999 -9999 -9999 -9999 0.400641411542892 0.421557068824768 0.430092394351959 0.385114789009094 0.387855529785156 0.394611239433289 0.411338746547699 0.370094656944275 0.0943300947546959 0.0254345778375864 0.0223081614822149 0.021437730640173 0.0279415585100651 0.0336121432483196 0.02607287093997 0.0251875314861536 0.0284057836979628 0.0272502508014441 0.026644891127944 0.0225764643400908 0.0236878469586372 0.0345364324748516 0.0351653397083282 0.0242090560495853 0.0257624536752701 0.0266491062939167 0.0283283870667219 0.0297564286738634 0.0308791771531105 0.0328519567847252 0.0329177565872669 0.033826544880867 0.0350424535572529 0.0359275378286839 0.031851626932621 0.0282794777303934 0.0280092619359493 0.0280476715415716 0.0278745274990797 0.0278873816132545 0.0283123608678579 0.0286215431988239 0.0288225766271353
-9999 -9999 -9999 -9999 -9999 -9999 -9999 -9999 -9999 -9999 -9999 -9999 -9999 0.410640060901642 0.424437493085861 0.464207082986832 0.569154143333435 0.53935980796814 0.433828502893448 0.431668430566788 0.367559343576431 0.185847595334053 0.0720364078879356 0.0225476138293743 0.0198262725025415 0.0290484707802534 0.0325783379375935 0.0308832935988903 0.0285651460289955 0.0242785923182964 0.020440923050046 0.0197851080447435 0.0265433341264725 0.0261917300522327 0.0292548891156912 0.0325162969529629 0.022856816649437 0.0236164927482605 0.0248606335371733 0.026937335729599 0.0289173722267151 0.0305722504854202 0.0306136161088943 0.0311000384390354 0.0323011241853237 0.0338730439543724 0.0359373167157173 0.0275014899671078 0.0278179310262203 0.0281360447406769 0.0281020235270262 0.0280862804502249 0.0282302722334862 0.0283116176724434 0.0283094234764576
-9999 -9999 -9999 -9999 -9999 -9999 -9999 -9999 -9999 -9999 -9999 -9999 -9999 0.394679844379425 0.414458036422729 0.569954633712769 0.533129692077637 0.511981308460236 0.530774891376495 0.545230090618134 0.398884505033493 0.449967324733734 0.329701542854309 0.0675749555230141 0.0191654320806265 0.0402361713349819 0.0385361537337303 0.0324805900454521 0.0348159484565258 0.0256699714809656 0.0291475672274828 0.0231760907918215 0.0222027003765106 0.0214413180947304 0.0230139046907425 0.0240397024899721 0.0276216045022011 0.0310019832104445 0.0320065431296825 0.0343039594590664 0.0248819123953581 0.0267662443220615 0.027649762108922 0.0273348819464445 0.0286473538726568 0.031159196048975 0.033430989831686 0.0303445737808943 0.0276674069464207 0.0282102860510349 0.0286066569387913 0.0285607539117336 0.0283280275762081 0.027819624170661 0.0274327769875526
-9999 -9999 -9999 -9999 -9999 -9999 -9999 -9999 -9999 -9999 -9999 -9999 -9999 -9999 0.398222386837006 0.552963972091675 0.528310358524323 0.520910143852234 0.525482952594757 0.37952134013176 0.388087749481201 0.397640079259872 0.395185142755508 0.290656238794327 0.0232453346252441 0.0403175838291645 0.0372110866010189 0.0385061427950859 0.0196179915219545 0.019500445574522 0.0237080045044422 0.0219208262860775 0.0253819264471531 0.0198466759175062 0.0192164722830057 0.0197056941688061 0.0217957980930805 0.025002870708704 0.0279265381395817 0.029866449534893 0.0322517640888691 0.0349165201187134 0.0373398922383785 0.037465862929821 0.0263761505484581 0.0293340180069208 0.0327579602599144 0.0356164202094078 0.0309334434568882 0.028210736811161 0.028583899140358 0.0285526812076569 0.0280524380505085 0.0294512826949358 0.0335022322833538
-9999 -9999 -9999 -9999 -9999 -9999 -9999 -9999 -9999 -9999 -9999 -9999 -9999 -9999 0.52885103225708 0.54308032989502 0.515260517597198 0.522166132926941 0.277873486280441 0.266698807477951 0.362593024969101 0.381882429122925 0.406045109033585 0.487540304660797 0.24064476788044 0.10510141402483 0.0210062209516764 0.023920089006424 0.0169280637055635 0.0217363238334656 0.0155462389811873 0.0140601312741637 0.0126532036811113 0.0183102153241634 0.0220218989998102 0.0180351119488478 0.0179225131869316 0.0199310760945082 0.0209465660154819 0.02650554664433 0.0287014320492744 0.0310433190315962 0.0338014326989651 0.0350034236907959 0.0376978814601898 0.0286875925958157 0.0330879986286163 0.0354254357516766 0.0309699736535549 0.0283663645386696 0.0284424070268869 0.0288619250059128 0.0302442256361246 0.0352068021893501 0.0396537743508816
-9999 -9999 -9999 -9999 -9999 -9999 -9999 -9999 -9999 -9999 -9999 -9999 -9999 -9999 -9999 0.536240220069885 0.531566798686981 0.61074686050415 0.276261836290359 0.130865529179573 0.241613104939461 0.379664838314056 0.377831161022186 0.439647138118744 0.596289455890656 0.500777781009674 0.311160176992416 0.119261540472507 0.0150399040430784 0.0214373171329498 0.0206160899251699 0.0187597200274467 0.0155324414372444 0.0104056783020496 0.0107732275500894 0.0166111458092928 0.016676539555192 0.0166261736303568 0.0199452918022871 0.0226178467273712 0.0261369366198778 0.0288320891559124 0.0314530991017818 0.033965703099966 0.0247368682175875 0.0281366631388664 0.0316737480461597 0.0338819846510887 0.0349938049912453 0.0305405184626579 0.0311479363590479 0.0319662652909756 0.0370689556002617 0.0418031625449657 0.045338973402977
-9999 -9999 -9999 -9999 -9999 -9999 -9999 -9999 -9999 -9999 -9999 -9999 -9999 -9999 -9999 0.488688290119171 0.544511079788208 0.420764565467834 0.33289423584938 0.1271633207798 0.123767718672752 0.375085890293121 0.433600574731827 0.545134663581848 0.541597127914429 0.537899434566498 0.518033683300018 0.51463907957077 0.0767967998981476 0.0165690686553717 0.0163237433880568 0.0185810793191195 0.0220404081046581 0.0172547064721584 0.00932029541581869 0.0102622732520103 0.0154948262497783 0.0153502188622952 0.014968098141253 0.0189221184700727 0.0247081387788057 0.0272055473178625 0.0299697574228048 0.033209290355444 0.024054579436779 0.0267889816313982 0.0298615861684084 0.0321436189115047 0.0331543944776058 0.0346839092671871 0.0422182641923428 0.0405850484967232 0.0408830679953098 0.0470191948115826 0.0505883358418941
-9999 -9999 -9999 -9999 -9999 -9999 -9999 -9999 -9999 -9999 -9999 -9999 -9999 -9999 -9999 -9999 0.439016848802567 0.414239585399628 0.443763881921768 0.313450425863266 0.111439093947411 0.0963619574904442 0.105985552072525 0.180868774652481 0.380924046039581 0.527077257633209 0.523730099201202 0.555078327655792 0.565058171749115 0.441551089286804 0.341150254011154 0.0633857771754265 0.0181401874870062 0.0244508776813745 0.0136699546128511 0.00882107019424438 0.0144460406154394 0.0174274053424597 0.0140942307189107 0.0168412998318672 0.0208282023668289 0.023079814389348 0.0276563987135887 0.0316118597984314 0.0232665259391069 0.0257639028131962 0.0284612290561199 0.0307918060570955 0.0325915962457657 0.0383453108370304 0.0460915677249432 0.0536290891468525 0.0518032424151897 0.0514895208179951 0.0556621551513672
-9999 -9999 -9999 -9999 -9999 -9999 -9999 -9999 -9999 -9999 -9999 -9999 -9999 -9999 -9999 -9999 0.182640135288239 0.459258913993835 0.433033734560013 0.458404034376144 0.128670245409012 0.0659269616007805 0.0447859913110733 0.0409264266490936 0.0449366867542267 0.0833920016884804 0.0767745599150658 0.286390483379364 0.407215446233749 0.465943813323975 0.398969501256943 0.516124427318573 0.145086914300919 0.0193831268697977 0.0197281390428543 0.0153339980170131 0.0151128973811865 0.0142313428223133 0.0489491373300552 0.0158078800886869 0.0192345827817917 0.0191899482160807 0.0239036828279495 0.0299200899899006 0.0225171018391848 0.0248958058655262 0.0275742709636688 0.0302756782621145 0.0345531441271305 0.0420199930667877 0.0517212897539139 0.0584817640483379 0.065271183848381 0.061378076672554 0.0599180124700069
-9999 -9999 -9999 -9999 -9999 -9999 -9999 -9999 -9999 -9999 -9999 -9999 -9999 -9999 -9999 -9999 0.021549915894866 0.252279609441757 0.468986958265305 0.394593685865402 0.325272381305695 0.0952189564704895 0.0554789640009403 0.0518898814916611 0.0306371543556452 0.0368565060198307 0.04527373239398 0.0814672708511353 0.14568954706192 0.286833256483078 0.371051788330078 0.380780845880508 0.435069501399994 0.0679189562797546 0.0182773470878601 0.0247762333601713 0.0169206522405148 0.0127216912806034 0.0169107094407082 0.0189897026866674 0.0179472919553518 0.0169646199792624 0.0221075732260942 0.0292669050395489 0.0220893695950508 0.0244494192302227 0.0269518252462149 0.0292325224727392 0.0354583635926247 0.0428129695355892 0.0513804331421852 0.0604680106043816 0.0638280510902405 0.0686876177787781 0.0631239861249924
-9999 -9999 -9999 -9999 -9999 -9999 -9999 -9999 -9999 -9999 -9999 -9999 -9999 -9999 -9999 -9999 -9999 0.0293429102748632 0.0980615764856339 0.467751115560532 0.395261734724045 0.250607579946518 0.0986418053507805 0.0432733930647373 0.0446048080921173 0.0482656322419643 0.0403726361691952 0.0253055188804865 0.0257744155824184 0.0550102852284908 0.261268377304077 0.358260750770569 0.369847357273102 0.348413586616516 0.0608917735517025 0.0218978989869356 0.0271196011453867 0.0226721670478582 0.0260773319751024 0.0224046166986227 0.0205600038170815 0.017944710329175 0.0249155946075916 0.0308042373508215 0.0222006067633629 0.0240841675549746 0.0258385557681322 0.0271795187145472 0.0323482751846313 0.0383486710488796 0.0447961203753948 0.0522088147699833 0.0523801036179066 0.0552944615483284 0.0595414973795414
-9999 -9999 -9999 -9999 -9999 -9999 -9999 -9999 -9999 -9999 -9999 -9999 -9999 -9999 -9999 -9999 -9999 -9999 0.0340160503983498 0.00939182844012976 0.187339469790459 0.457682102918625 0.373824596405029 0.157242566347122 0.0701501667499542 0.0476584732532501 0.0303938407450914 0.0248656701296568 0.0229885224252939 0.0363674238324165 0.0874243155121803 0.366783499717712 0.362344682216644 0.373730719089508 0.393444061279297 0.164574518799782 0.0274141188710928 0.0232975035905838 0.0267134234309196 0.0316582582890987 0.0306165106594563 0.03235699608922 0.033689521253109 0.0329431481659412 0.0231743883341551 0.0233572777360678 0.0238554105162621 0.0244829319417477 0.039307314902544 0.0433646366000175 0.0494451224803925 0.0528541170060635 0.0575757995247841 0.0603015348315239 0.0660674124956131
-9999 -9999 -9999 -9999 -9999 -9999 -9999 -9999 -9999 -9999 -9999 -9999 -9999 -9999 -9999 -9999 -9999 -9999 -9999 -9999 0.00706682028248906 0.0938088521361351 0.217632248997688 0.404993027448654 0.320024937391281 0.114306434988976 0.0612280629575253 0.0370476730167866 0.023884754627943 0.029491851106286 0.0504123792052269 0.124732203781605 0.375804752111435 0.50969409942627 0.55987149477005 0.600204467773438 0.333962798118591 0.0352977104485035 0.0254104938358068 0.0440970472991467 0.0408835634589195 0.0263773910701275 0.0248537007719278 0.0247183423489332 0.0230732019990683 0.0343107357621193 0.0333013460040092 0.0340586863458157 0.0316918343305588 0.0347026474773884 0.0386244244873524 0.0393736250698566 0.0437875390052795 0.0471276007592678 0.0530525632202625
-9999 -9999 -9999 -9999 -9999 -9999 -9999 -9999 -9999 -9999 -9999 -9999 -9999 -9999 -9999 -9999 -9999 -9999 -9999 -9999 -9999 -9999 0.0870264023542404 0.205316439270973 0.474811792373657 0.401211470365524 0.114243425428867 0.0641011297702789 0.0368069522082806 0.0268584005534649 0.0359650738537312 0.0530383288860321 0.118851900100708 0.543322324752808 0.512689888477325 0.579140424728394 0.519187688827515 0.496255248785019 0.0959554016590118 0.0399493090808392 0.0369425229728222 0.0303842276334763 0.046633530408144 0.037702314555645 0.0360544063150883 0.0333842262625694 0.0322520956397057 0.0324827283620834 0.0322263725101948 0.0311126410961151 0.034208495169878 0.0357308387756348 0.0385739579796791 0.0433572456240654 0.0478092096745968
-9999 -9999 -9999 -9999 -9999 -9999 -9999 -9999 -9999 -9999 -9999 -9999 -9999 -9999 -9999 -9999 -9999 -9999 -9999 -9999 -9999 -9999 -9999 -9999 0.348820388317108 0.476071149110794 0.401574164628983 0.298845499753952 0.0758979767560959 0.0448844358325005 0.0362739004194736 0.0379365347325802 0.0605586431920528 0.178531393408775 0.415097653865814 0.505241811275482 0.525269687175751 0.515009343624115 0.511419594287872 0.224936306476593 0.134982451796532 0.0416712425649166 0.0376107431948185 0.0375699885189533 0.0333287082612514 0.0306963138282299 0.0308502912521362 0.0319821238517761 0.0322242826223373 0.0300185047090054 0.0285476390272379 0.0306342542171478 0.034271065145731 0.0392444804310799 0.0435931459069252
-9999 -9999 -9999 -9999 -9999 -9999 -9999 -9999 -9999 -9999 -9999 -9999 -9999 -9999 -9999 -9999 -9999 -9999 -9999 -9999 -9999 -9999 -9999 -9999 -9999 -9999 0.480328351259232 0.441590189933777 0.32349967956543 0.0899509936571121 0.0598279237747192 0.0481994561851025 0.0406753271818161 0.0487341992557049 0.117142125964165 0.365478485822678 0.466299772262573 0.512746930122375 0.543127179145813 0.534698784351349 0.516097486019135 0.174724221229553 0.0476853214204311 0.0380732901394367 0.0297443252056837 0.0283079873770475 0.0295861754566431 0.031039897352457 0.0315200909972191 0.0294800419360399 0.026388743892312 0.0254259258508682 0.0292363949120045 0.0342467799782753 0.0374429561197758
-9999 -9999 -9999 -9999 -9999 -9999 -9999 -9999 -9999 -9999 -9999 -9999 -9999 -9999 -9999 -9999 -9999 -9999 -9999 -9999 -9999 -9999 -9999 -9999 -9999 -9999 0.00901248212903738 0.187578529119492 0.47640061378479 0.38704439997673 0.136407345533371 0.0632279142737389 0.0421062521636486 0.035910751670599 0.0689505785703659 0.146751686930656 0.214646726846695 0.485578835010529 0.505391180515289 0.538650929927826 0.536437809467316 0.618122339248657 0.153426423668861 0.0270499531179667 0.0263248980045319 0.0263333935290575 0.0287428367882967 0.0306200552731752 0.0316179692745209 0.0300229340791702 0.0269086919724941 0.0244212187826633 0.0237243734300137 0.0279866475611925 0.030786145478487
-9999 -9999 -9999 -9999 -9999 -9999 -9999 -9999 -9999 -9999 -9999 -9999 -9999 -9999 -9999 -9999 -9999 -9999 -9999 -9999 -9999 -9999 -9999 -9999 -9999 -9999 -9999 -9999 0.106747210025787 0.200349867343903 0.395780354738235 0.109240852296352 0.0549114532768726 0.0372937954962254 0.0442290976643562 0.0637093111872673 0.0885310396552086 0.300563931465149 0.512928009033203 0.532571017742157 0.539283633232117 0.905560076236725 0.167835235595703 0.0266373790800571 0.0193460043519735 0.0235273167490959 0.0291417986154556 0.0301807355135679 0.0324501767754555 0.0320332758128643 0.0271949414163828 0.0248939599841833 0.0236404146999121 0.0233871471136808 0.0249792709946632
-9999 -9999 -9999 -9999 -9999 -9999 -9999 -9999 -9999 -9999 -9999 -9999 -9999 -9999 -9999 -9999 -9999 -9999 -9999 -9999 -9999 -9999 -9999 -9999 -9999 -9999 -9999 -9999 0.0069255162961781 0.0895490497350693 0.36850968003273 0.282326489686966 0.0977999866008759 0.110299415886402 0.0946924611926079 0.0579820163547993 0.0791670233011246 0.139541015028954 0.300980567932129 0.383585304021835 0.434394836425781 0.540846645832062 0.550941169261932 0.0385967418551445 0.0257280115038157 0.0200398098677397 0.0255786515772343 0.0265395101159811 0.0286689419299364 0.0287800058722496 0.0271569639444351 0.0243449192494154 0.0229955855756998 0.0225143395364285 0.0227861311286688
-9999 -9999 -9999 -9999 -9999 -9999 -9999 -9999 -9999 -9999 -9999 -9999 -9999 -9999 -9999 -9999 -9999 -9999 -9999 -9999 -9999 -9999 -9999 -9999 -9999 -9999 -9999 -9999 -9999 0.00713961338624358 0.2447449862957 0.358080565929413 0.215017542243004 0.111348778009415 0.0878228768706322 0.103255242109299 0.195635035634041 0.15508159995079 0.289733439683914 0.383174628019333 0.429605484008789 0.569378912448883 0.596764922142029 0.0769463106989861 0.0326043739914894 0.0220900494605303 0.0183183178305626 0.0230742879211903 0.0234732329845428 0.0238147936761379 0.0253985580056906 0.0259160790592432 0.0230917874723673 0.0214926954358816 0.02230004966259
-9999 -9999 -9999 -9999 -9999 -9999 -9999 -9999 -9999 -9999 -9999 -9999 -9999 -9999 -9999 -9999 -9999 -9999 -9999 -9999 -9999 -9999 -9999 -9999 -9999 -9999 -9999 -9999 -9999 0.00715381186455488 0.240440830588341 0.34501725435257 0.378377109766006 0.121360339224339 0.08709916472435 0.0885180458426476 0.163709044456482 0.178755611181259 0.330539286136627 0.425381928682327 0.428033232688904 0.556509673595428 0.598490238189697 0.126957774162292 0.0164228789508343 0.0290502272546291 0.0197521466761827 0.0213322527706623 0.020707156509161 0.0211371909826994 0.0241417847573757 0.0266110431402922 0.023708164691925 0.0219274200499058 0.0232434310019016
-9999 -9999 -9999 -9999 -9999 -9999 -9999 -9999 -9999 -9999 -9999 -9999 -9999 -9999 -9999 -9999 -9999 -9999 -9999 -9999 -9999 -9999 -9999 -9999 -9999 -9999 -9999 -9999 -9999 0.007330103777349 0.09699647128582 0.386273741722107 0.370101720094681 0.107853561639786 0.0740858390927315 0.0812767371535301 0.159422531723976 0.175248801708221 0.336410999298096 0.42493548989296 0.417220592498779 0.533943772315979 0.583177030086517 0.150638803839684 0.0291399955749512 0.0222740452736616 0.0203393530100584 0.0221247579902411 0.019413236528635 0.0197383277118206 0.0241502821445465 0.0290010403841734 0.0250610746443272 0.0230161026120186 0.0251407846808434
-9999 -9999 -9999 -9999 -9999 -9999 -9999 -9999 -9999 -9999 -9999 -9999 -9999 -9999 -9999 -9999 -9999 -9999 -9999 -9999 -9999 -9999 -9999 -9999 -9999 -9999 -9999 -9999 -9999 0.00748528353869915 0.308563858270645 0.460676193237305 0.352589786052704 0.101582169532776 0.0585424713790417 0.0693838223814964 0.134326040744781 0.14479897916317 0.339023977518082 0.427262783050537 0.413657486438751 0.525100588798523 0.543355286121368 0.114505313336849 0.0202793590724468 0.0199925750494003 0.0192345231771469 0.0217178966850042 0.0242451727390289 0.0225907228887081 0.0249357018619776 0.0256608799099922 0.0259484723210335 0.0264968853443861 0.029874412342906
-9999 -9999 -9999 -9999 -9999 -9999 -9999 -9999 -9999 -9999 -9999 -9999 -9999 -9999 -9999 -9999 -9999 -9999 -9999 -9999 -9999 -9999 -9999 -9999 -9999 -9999 -9999 -9999 -9999 0.00790889002382755 0.351232022047043 0.681256234645844 0.221927493810654 0.0890582948923111 0.0469152890145779 0.0641095861792564 0.112310886383057 0.144394621253014 0.352429151535034 0.433809757232666 0.55240261554718 0.48854061961174 0.514954030513763 0.0903427824378014 0.0141009902581573 0.0150124430656433 0.0168248787522316 0.0189909525215626 0.0247023701667786 0.0278738755732775 0.0257281623780727 0.0264258980751038 0.0289493445307016 0.0320832990109921 0.0370842479169369
