meets/meet006/_saidas_enm/CCSM_Maha_0k_T_nigriceps4.asc
NCOLS 154 
NROWS 168 
XLLCORNER -112 
YLLCORNER -55.5 
CELLSIZE 0.5 
NODATA_value -9999 
[rows 50 to 74 of 168, columns 56 to 111 of 154]
-9999 -9999 -9999 -9999 -9999 -9999 -9999 -9999 -9999 -9999 -9999 -9999 -9999 -84.2918339257365 -57.7266487640822 -26.2735020319068 -11.3598609955823 -4.39425091690667 -1.40513382701596 -0.886657306245725 -2.53959141396378 -4.41368191559323 -4.34959976174837 -5.58321493839767 -7.35209285919131 -9.13934290629386 -13.5681835931725 -20.9914068847974 -28.9274520645324 -38.268081578524 -45.1662727687217 -38.3536398120578 -29.43981215929 -18.8646678504366 -7.87387238027205 -2.4445271180244 -1.24746623020679 -0.336253278696749 -0.0992793002345633 0.00865453690129137 -0.022773297028138 -0.00743320476534826 -0.295942217435624 -1.15067711643311 -2.40717132516642 -6.41267558160353 -4.83467792083727 -5.85948427779447 -6.4172522498675 -5.9523399016094 -7.22282664700393 -7.92979155035123 -6.60944253297927 -5.29460699447425 -5.02208785874985 -4.3823863649111
-9999 -9999 -9999 -9999 -9999 -9999 -9999 -9999 -9999 -9999 -9999 -9999 -9999 -41.4166440111325 -34.4954879703787 -24.9801355463257 -13.9119441961638 -5.89918574075014 -3.01676157912839 -3.11055004272608 -4.82605182554447 -9.34607839687361 -8.75569794880182 -10.2263568337657 -13.4851706016894 -18.5026646062694 -24.6314596911131 -33.9328339516595 -44.6593638187885 -56.5685100450497 -62.7013085630859 -55.1648906964312 -41.6494517164046 -28.0524466701056 -13.7147564013396 -4.73181213872079 -1.83032942045344 -0.756769358192692 -0.4340583493579 -0.162631415900172 -0.224019837855473 -0.454902804144255 -0.938488986705427 -1.75318329623915 -2.92918686742465 -4.27674951377538 -4.63218454441343 -4.67931463340194 -5.08073692217779 -5.68522720034174 -6.80299560830903 -7.2977791902752 -6.09601376358485 -5.13116964162192 -4.61208872368529 -3.77423870090645
-9999 -9999 -9999 -9999 -9999 -9999 -9999 -9999 -9999 -9999 -9999 -31.3021757370745 -22.662102394875 -21.2763256672157 -23.5315375054422 -24.7874159390418 -18.8453381869842 -9.39289514751774 -7.09773520467435 -8.57296821828157 -11.3879230159623 -13.2009560034705 -15.5922200336441 -19.2301592046677 -24.0719596441977 -29.4138163070434 -39.7520479362828 -52.6556194493835 -66.2363783377144 -80.2242160516112 -86.7491648332218 -73.0877549553611 -53.0671626269183 -34.5285058020608 -18.3402300361452 -6.82967622847513 -2.86560486476021 -1.74030755950861 -0.958541872848639 -0.697217674244552 -0.517564798454241 -0.895295570631799 -1.30682114174298 -1.80841572137045 -2.36792200576711 -2.47994885247098 -2.97250460580487 -3.12136311388676 -3.87784335099353 -5.42280595389111 -6.42853992089658 -6.19322587653751 -5.86155627114579 -5.33916776937109 -4.30798971792002 -2.9667526564159
-9999 -9999 -9999 -9999 -9999 -9999 -9999 -9999 -9999 -9999 -29.1622180648092 -19.767848087309 -14.9737737192973 -15.2341523676546 -20.7884600706758 -24.3987156484627 -25.3290033653474 -18.3223017958963 -15.0372328337939 -16.1276975595522 -17.3201234164176 -20.1968234791859 -24.6721997323612 -30.1190659301319 -37.0159931172241 -46.336487347288 -59.7210681736364 -76.1360080961344 -91.7993877176611 -103.366950239193 -104.822905453198 -86.2912389574412 -61.1154345810342 -38.7392784317556 -21.9523410478843 -9.10151131117542 -4.41232305298357 -3.49977814731183 -2.33182422861096 -1.552607035874 -1.26874435180061 -1.53934335879479 -1.84190171146603 -2.09620304993952 -2.35503296684752 -2.44623010975587 -3.17512799166591 -3.9532472393569 -5.34443215992852 -6.17244526567811 -5.87733462846273 -5.3381174640252 -5.80482908632297 -5.42380579848951 -3.65048654008162 -2.35374842540297
-9999 -9999 -9999 -9999 -9999 -9999 -9999 -9999 -9999 -9999 -15.1775252555561 -11.6951856116385 -6.73302954002987 -8.57061408414446 -15.5536224522388 -21.3800275710276 -30.8407124677621 -29.8149103671233 -25.9001216011616 -26.3340918182076 -27.8394722631765 -32.4479975034 -38.3625598722703 -45.3085380362698 -55.596568268485 -67.9508453798406 -84.4795062070423 -102.634408023986 -106.056068859363 -100.363055685986 -106.369051367033 -95.3553726714457 -68.5427544577717 -43.6137254020432 -24.7226823038417 -11.6078622557646 -6.59113727991519 -5.3914280581714 -4.39590179456384 -3.05741549941176 -2.30029308037065 -2.51495499307589 -2.68256003200835 -3.01686835955991 -3.60791565201214 -3.98135511375598 -5.59266424333229 -5.85597307441926 -6.34338338248571 -5.476611210578 -4.25448479387658 -4.66710803715479 -5.6718471196753 -5.64443461645863 -3.19616330566325 -2.21947474644897
-9999 -9999 -9999 -9999 -9999 -9999 -9999 -9999 -29.6208257418526 -13.8465706617019 -5.55619873570085 -7.05136184029938 -3.26204663046906 -4.72318139262342 -13.9324586345249 -19.6808861574706 -31.5461284800891 -39.861695581693 -39.7373301871784 -41.7822972570793 -44.8158664639239 -49.449540223948 -54.1271638660465 -61.9140767950398 -75.1596947340072 -76.6105203753249 -79.0821157657477 -77.3266839370367 -77.9279164281812 -79.6706440181952 -78.2615830982674 -76.8105825592624 -72.6856661563203 -48.8079604677529 -28.4047203831718 -15.9404985990228 -9.84096458406499 -7.55922067043493 -7.09231403431595 -6.3619011157379 -5.78326633773989 -5.92017894757373 -6.09973974263769 -6.55743493531195 -7.6443805064465 -7.63605457953916 -7.04804850234805 -5.66794429942719 -4.9824333281583 -4.50388265829933 -4.94186976593721 -5.84476502657726 -6.84105054550455 -6.72671203650042 -3.17390306200685 -2.32511238865059
-9999 -9999 -9999 -9999 -9999 -9999 -9999 -9999 -18.3080541249927 -6.02523350174433 -3.34135437502594 -2.50713697564859 -0.79468040299966 -4.50512649157738 -13.0760540302574 -18.2827978817746 -27.4470334286316 -39.7863557416237 -44.705607631666 -47.3803826282963 -50.8252992747481 -53.2211476786437 -55.9348982174279 -55.0931871287813 -55.4768522319584 -55.3849457606932 -55.95180759804 -57.9625834010589 -58.0088776396758 -56.5809547113958 -55.4861777501879 -55.4060722418299 -55.6185581621288 -54.281985333199 -33.8938892837077 -21.7928745288356 -15.6724283470809 -11.8560975495413 -10.4762399957416 -10.6381787776952 -11.2477626215683 -12.0000009381087 -12.2423565849266 -10.5245463202423 -8.90596106675192 -7.46306281780509 -7.38441605295889 -7.34842171774726 -7.90217082216545 -9.52709947630804 -10.4738816708212 -11.4516800719875 -11.4604194856931 -9.0240589253088 -3.9392966541086 -2.03822311649617
-9999 -9999 -9999 -9999 -9999 -9999 -9999 -17.6401759965106 -8.69403153526781 -2.41673156359973 -0.828863807542332 -1.21953468940773 -0.171877879126717 -3.51499492742738 -10.6274099489443 -17.2678539249245 -23.2997374994613 -31.4456485449668 -33.7212457741458 -37.1442134314362 -40.1042827598074 -40.705041579199 -42.2894911095466 -42.1051126055304 -42.374032021806 -43.5166040994938 -42.9451400860906 -42.0595222939524 -42.1520711593698 -42.3212726933303 -42.9163238941322 -42.6627876149712 -42.5177623923515 -41.7987363156964 -40.1967709022114 -28.8984193265359 -22.7769071709235 -19.1929065748987 -17.1697195325275 -16.6492829092225 -15.7500652050861 -15.1990014476893 -14.4488137549812 -13.2818804225824 -12.892034244973 -12.7903813416052 -13.6107023055573 -14.6412405513192 -16.4874457027042 -18.5198304835498 -19.402938021959 -20.1579415912314 -19.8118472949709 -13.9184800318253 -5.82355071791979 -2.44854609155307
-9999 -9999 -9999 -9999 -9999 -9999 -9999 -9.77479250823253 -3.01333954047886 -0.388842822241216 0.169869201192511 -0.73060656691669 0.326572581872918 -2.58633179513947 -8.14257271609629 -15.9876816826111 -19.9300182855412 -24.2981313501495 -25.7746659037904 -27.0589392005593 -28.7004878225695 -30.0038725739159 -31.8594452020713 -31.0483464629852 -29.7510197874994 -30.2260513600457 -29.8014241712333 -30.9920275798883 -30.8785943785491 -29.7056257073412 -30.251603872479 -30.8374163968823 -32.4305751375807 -33.3684443698354 -34.1207831424613 -36.7676103940416 -30.4324405293489 -26.0363196131199 -23.9603661389084 -23.5231953208443 -22.5886191578023 -23.2226920553349 -22.2344635339425 -22.4049242514057 -24.3939719380167 -26.0814538228037 -29.529969295161 -29.5172816347243 -29.1165850700987 -26.5463342744661 -26.458076793977 -25.1828514479011 -25.1860284185734 -18.0299696842334 -9.12683837023483 -3.65146428212306
-9999 -9999 -9999 -9999 -9999 -9999 -14.3599160678245 -5.35042616872991 -0.522169356121847 -0.313166685242781 0.650478934045856 -0.265506951415747 0.214252991278644 -3.1117639094782 -7.09226230991106 -14.3353713893268 -16.0046701289848 -18.1727576649695 -19.1025498712544 -20.1878135093389 -21.7432715017679 -22.1720399483557 -22.2823509318174 -21.7467916317869 -22.0215923086484 -21.9865558373859 -22.3067981186924 -22.0489760427023 -21.8022519244986 -22.7123030803325 -22.9035729143511 -23.9709501256908 -24.7801153286011 -25.5748301422128 -27.363052009337 -28.6500062382651 -30.8789882818861 -32.0393369953072 -33.333396296133 -33.3670303791423 -31.6420268782169 -30.155612518965 -27.1407596322167 -24.1158197471953 -22.406288787303 -20.0037479643422 -19.6536990871272 -18.3336150419763 -18.0679807659362 -18.4264595352705 -18.0197843536496 -18.3309738314393 -17.8522717679825 -17.4490744750647 -11.4109464548027 -5.14118065315601
-9999 -9999 -9999 -9999 -9999 -9999 -13.6862199896114 -6.2930473581301 -0.928776270892837 0.564891522216415 0.549115236652591 0.36194692257578 -0.16831495302638 -2.43460845434277 -5.26531509974198 -10.8894897605445 -13.3757221024305 -14.6617395188931 -14.8800697948999 -15.2056918198427 -15.6446647423668 -15.598343503644 -15.5166634371996 -15.0724892209779 -15.0203234845205 -15.4378020675151 -15.3037603649902 -15.318834156135 -15.3591269334349 -15.6814731307987 -16.4353743641592 -17.0651295099451 -18.1073124337209 -18.9787921558277 -19.93734496662 -21.011939245136 -21.5737725570293 -22.2668846991811 -21.5699328172337 -20.1221955319851 -18.8617327074382 -16.8956671659693 -15.2209958034777 -13.4496299833321 -11.8085335053036 -11.0908924915493 -10.3513871724538 -10.2975114311181 -10.4702968638445 -10.4016538935997 -10.6901709107512 -10.6798386013433 -11.0856886520588 -11.6386850093907 -12.0932940441257 -7.49766722901958
-9999 -9999 -9999 -9999 -9999 -9999 -12.5464354744712 -5.76917748407139 -1.01974843435541 0.182241041316607 0.665592002034439 0.411738891473899 -0.124553667221347 -2.02660382688482 -4.45190778261079 -10.245177512836 -11.8061381786715 -12.2744557909192 -11.8252098962861 -11.8135185358161 -12.0005868982353 -11.4706445043503 -10.9506172206063 -10.6188432372257 -11.0477974250003 -11.3310530522223 -11.4481108594926 -11.3298814421599 -11.277864106528 -11.7960775371636 -12.1527921756369 -12.7620738112966 -13.3245212225811 -13.9645573580532 -14.9426975936764 -15.5776377337446 -15.8350038887823 -15.5349559211159 -15.0281704348303 -13.6239459428383 -11.7947848860501 -10.639869985647 -9.00814042967403 -7.9713135310115 -7.25560800087058 -6.37289194914524 -6.45592718853582 -6.11461075961238 -6.15039120459334 -6.54486971238137 -6.47665749024364 -6.98681973975207 -7.34590430342064 -7.90211352628613 -8.81642799816622 -8.70454706805693
-9999 -9999 -9999 -9999 -9999 -9999 -9999 -6.97412888951897 -1.38379697004436 0.900366628435765 0.642751212141937 0.560798795741978 -0.161001048416746 -1.28476010862971 -3.59415247819357 -8.33792879635901 -10.746342648073 -10.0753551126078 -9.34508800722014 -8.95322152850207 -8.63174516731063 -8.07213098767663 -7.64549657207966 -7.45617615829817 -7.6378151537508 -7.97901235597019 -7.95659772550494 -7.9741351006689 -7.97133106455447 -8.07825948552495 -8.44354555512864 -8.72184021584371 -9.24422151734333 -9.55038662141919 -9.79528883948475 -10.1768334770481 -10.1604982578214 -10.2034658069773 -9.60137828139675 -8.66939696148664 -7.22783000339378 -5.92434232033406 -5.03078228773071 -4.39932517818031 -3.86245088842403 -3.64891851039407 -3.43452260171163 -3.43260746656535 -3.48440120341562 -3.56075835447361 -3.78957818691815 -4.18459548901131 -4.98731561540558 -5.82956133353767 -5.69365260640514 -5.83366035328677
-9999 -9999 -9999 -9999 -9999 -9999 -9999 -9999 -1.86452362722869 1 0.541465725183598 0.755194749664333 -0.032373483072045 -1.10204959705495 -3.75244827264519 -7.95672397062802 -9.50613634699272 -8.39042046438146 -7.61918270898049 -7.20306820615421 -6.68658167535428 -6.21716851460839 -5.72030389747366 -5.54518647060431 -5.75438597358858 -5.92961130575181 -5.84102692064539 -5.76254825923808 -5.74269996558788 -5.83393978420621 -5.93418302132379 -6.22280555837878 -6.47081177316406 -6.64716916789937 -6.77252099708289 -6.68674662839383 -6.79387850914553 -6.65244385381768 -6.4797673076822 -6.08513148246898 -4.9898301204174 -4.12644179943094 -3.39001061830611 -2.94455017247071 -2.73705013448715 -2.60233015996457 -2.59221977246364 -2.51870101125673 -2.52079045498493 -2.57200445640252 -2.64304325096716 -2.98521661924128 -3.57795764308707 -4.30487349456363 -4.06606611625515 -3.96132417761532
-9999 -9999 -9999 -9999 -9999 -9999 -9.73673049144004 -3.39559972463709 0.253711901973731 1 0.812163071019409 0.650143641506212 -0.156819628265182 -1.298248882975 -3.8618408619755 -6.6774700627654 -7.8680116573809 -7.40116940897494 -6.6769400507054 -5.98247886763536 -5.41807493147515 -4.97584379125309 -4.7137813623934 -4.50244122520163 -4.36950275728493 -4.30868483418368 -4.19679490489928 -4.16741116609263 -4.15867642085941 -4.18425508296712 -4.28679607662015 -4.36061547040751 -4.49241309029066 -4.56073297998245 -4.59642311639881 -4.59479216115701 -4.48719060881631 -4.40510414551588 -4.3508609738292 -4.23442790092938 -3.87497216085808 -3.00983705074303 -2.48260735519183 -2.26335116827243 -2.21700716388434 -2.25517841735531 -2.23327277533856 -2.20592870495834 -2.18772494263013 -2.18614913620372 -2.23674147869205 -2.41546610180113 -2.81890919324524 -3.50241927327298 -3.39904439832017 -3.34931261447871
-9999 -9999 -9999 -9999 -9999 -10.2111880424941 -4.97372430635876 -0.368442337113575 1 1 1 0.531468583939525 -0.358230071353539 -1.79240055823144 -4.37705446052572 -6.15883173126985 -6.58895259721266 -6.28540964864197 -5.9253698611533 -5.1194928591923 -4.53382941425274 -4.14594935652934 -4.05618381134394 -3.82427547101946 -3.47012612799492 -3.2585504071167 -3.198356487463 -3.21268391859506 -3.214181579091 -3.19948474099422 -3.29766697039561 -3.28843134032075 -3.35964199539559 -3.41434642303154 -3.46203695035767 -3.54895863277782 -3.40129181653796 -3.39745313733053 -3.57242406064124 -3.86198676078989 -3.33661034774026 -2.68665342768763 -2.3626215135809 -2.24782322048727 -2.29195717774558 -2.41575016067858 -2.36643770048585 -2.37090028837743 -2.36318445287744 -2.35532253065065 -2.37579176138683 -2.48442444353762 -2.76207583249083 -3.2973833649299 -3.48489197460616 -3.56170261991099
-9999 -9999 -9999 -9999 -9999 -8.61289548738683 -3.10785546473222 0.41764484021522 0.811194242125497 1 0.856209976682023 0.262977646187926 -0.618634959922965 -1.88804830783908 -4.13467021918345 -5.70714400122135 -6.12017177361425 -5.52855770761769 -4.99932335987105 -4.202407558085 -3.61830338424843 -3.33245070021237 -3.19677466715202 -2.98946789492353 -2.78687751885326 -2.5658102132978 -2.36387559401402 -2.2801037075536 -2.23757001531002 -2.24730324544968 -2.34766165733187 -2.47218515240106 -2.67482257638027 -2.76776447088872 -2.86588018158397 -2.92342672171693 -2.92790318702649 -3.01774489029202 -3.27755132939831 -3.67530880819221 -3.35261889124634 -2.84667060236185 -2.56520768789565 -2.48619206260538 -2.56315507219805 -2.64933336829543 -2.69806710276439 -2.71950908069283 -2.72963196129178 -2.79256948213815 -2.84449166438842 -2.94519986099407 -2.78121640642908 -2.63869748007534 -2.66494696234532 -2.95970114025332
-9999 -9999 -9999 -9999 -9999 -9999 -2.25406719615962 0.638135495580748 0.833724863340856 0.87910542451735 0.632338105153768 0.30201803556979 -0.217958898675802 -1.61120940971703 -3.49159136593991 -5.02612591562485 -5.84978307926591 -4.92975649888726 -4.16457971763972 -3.43443725306352 -2.82598227008057 -2.693557930925 -2.55616591355759 -2.19101866142726 -1.78321271521527 -1.50201932818316 -1.31557582737898 -1.19308650250217 -1.12413392078534 -1.13436990505271 -1.19324255493132 -1.31362274088674 -1.46030174763859 -1.59424449130956 -1.78618926714124 -2.00527025905012 -2.10108437971041 -2.33744371393909 -2.63641101030125 -2.95995325523661 -3.00152712365621 -2.9036653003582 -3.01716874213193 -2.91428503851725 -3.02124734041391 -3.07037921064422 -3.08238750300647 -2.89565151129504 -2.69511294053742 -2.42759557590507 -2.22588522209107 -1.94981829179826 -1.78863047114349 -1.67098465637175 -1.6062716366333 -1.72157671074866
-9999 -9999 -9999 -9999 -9999 -9999 -4.01379676665908 0.316446415049518 0.6703578453533 0.799448222825769 0.269447777880572 0.779355332545048 1 0.721461837335919 -0.919214237997113 -3.85708659771663 -5.17332044393791 -4.61586979772341 -4.14375076536229 -3.19710733534028 -2.33502579105013 -2.15306220932643 -2.01269817187962 -1.58085701597301 -1.1616579381714 -0.877086666203131 -0.666154503307679 -0.489928025705003 -0.420933488077587 -0.445399017397382 -0.540541923886594 -0.596593609038066 -0.681907664514959 -0.798764565611157 -0.951710176328111 -1.14874750712679 -1.2950519359186 -1.52752893739007 -1.81493586463106 -1.86323861786865 -1.94518253109791 -1.89498992446807 -1.96587389835524 -2.06420274840281 -2.05782218095203 -2.06568528461203 -1.96278735263277 -1.85412522152755 -1.75554500680288 -1.62752318034023 -1.50429948250245 -1.27286470020007 -1.13703447717189 -1.06315048699973 -1.02688935001269 -1.06624644263537
-9999 -9999 -9999 -9999 -9999 -9999 -9.37051163372686 -1.51542066186299 0.670160056324485 1 0.564140249782852 1 1 1 0.628441359165784 -1.04985883382413 -3.81527232211807 -4.36142254368715 -4.30701611438068 -3.23356963232583 -2.06510616853538 -1.82621788935041 -1.70526059278156 -1.22924146654748 -0.709672374930612 -0.470666582783744 -0.216323409154476 -0.0485199068364857 0.0563294679001436 0.0678097901014182 -0.0450603010030302 -0.0384075304651872 -0.0941782945044793 -0.183280485224582 -0.314529578828517 -0.532212839092144 -0.661543143919053 -0.891407971453108 -0.914631380437328 -0.889985137036533 -1.05815975319687 -0.982315579791665 -1.05569974106075 -1.10888030825466 -1.01377288292852 -1.09251549867486 -0.975769816636648 -0.98370786743947 -0.95113130050205 -0.862760419325706 -0.931354183664918 -0.659385535636256 -0.614056400965256 -0.586492387216238 -0.564180044538664 -0.69009539775494
-9999 -9999 -9999 -9999 -9999 -9999 -9999 -9999 -4.45366194355434 0.216090595352896 0.769319647397613 0.676321837378987 1 0.79761280659596 0.879488398332375 0.172709194160024 -2.96978833060485 -4.97786238119617 -4.69476350865725 -3.09618074360625 -1.57560365072019 -1.41431601495624 -1.57241016165671 -1.23824477185292 -0.632231088592807 -0.243493769312122 -0.0347488531004674 0.147426559727547 0.274878799776863 0.341806391045321 0.331116875723811 0.330667992610685 0.32537698608503 0.250371850588908 0.114712334220253 -0.0724666116235977 -0.221215150648197 -0.3700227562064 -0.353389742308362 -0.370110929742393 -0.41124515930851 -0.434694270237251 -0.451972526773258 -0.45804611611594 -0.44055391665906 -0.429363537635612 -0.393602138893319 -0.363377475869832 -0.367358903284779 -0.38669578570879 -0.370640439434771 -0.292017209067564 -0.247158305500931 -0.277290929932129 -0.359048204404095 -0.524723514693629
-9999 -9999 -9999 -9999 -9999 -9999 -9999 -9999 -10.6847068117442 -1.10461170565315 1 0.143861610149868 0.571200215559062 0.558181959039118 0.396793766735321 0.260313706543811 -1.77497872284938 -4.48933818254673 -4.23661512474043 -2.52452183467803 -1.12469050203808 -1.03598370145727 -1.34764009915557 -1.13503987211929 -0.505807693662557 -0.147990624489748 0.0677284145192355 0.217882885598154 0.381854643724188 0.521246608307577 0.534430620471314 0.573829392811919 0.570241034066608 0.521783999809992 0.419837311294049 0.246821129489661 0.12510272605297 -0.0144506502770736 0.0208965381566241 0.0677113564681898 0.0231153627786667 0.0460914930131745 0.00627970364458297 -0.00751809029835315 0.034886104206138 0.0151220227699348 0.0693347763010443 0.0568793995709762 0.00873722034965208 -0.0310367294369573 -0.135546032480558 -0.0957590056570827 -0.102190897990991 -0.145271120846623 -0.235652555412628 -0.437934061301447
-9999 -9999 -9999 -9999 -9999 -9999 -9999 -9999 -9999 -2.47126078990733 0.0294526932783556 -0.0741523843242307 -0.57857193618745 -0.566407746972579 0.405581557232239 0.273172083527232 -1.27592731596208 -3.02396867009625 -3.19331029392736 -2.23738407374469 -0.826774171300483 -0.821533067225237 -1.20136710889942 -1.01479827513954 -0.50183063399915 -0.123968445801349 0.0618647844152768 0.233134581860264 0.396805784581872 0.545013220724423 0.632816669305028 0.688466665404938 0.721722697861981 0.686994026487302 0.606047336129425 0.473221260893682 0.38059617188544 0.276679507142393 0.190431486597826 0.220775486456127 0.250758844351781 0.259478780822541 0.27779146148578 0.284243203173049 0.266091042367434 0.279482613623123 0.299166548844212 0.278191618686513 0.186642543579801 0.0281351654568438 -0.121616575455046 -0.190648330054875 -0.218811179000591 -0.244798658128944 -0.234210984590803 -0.30610279149022
-9999 -9999 -9999 -9999 -9999 -9999 -9999 -9999 -9999 -9999 -0.460865752023722 -2.13199727665498 -1.44203666434193 -1.06654574288806 0.150729300357711 0.0493119923801725 -0.576829969613938 -1.48283721593583 -2.27450258627587 -1.42058840520364 -0.537691982470495 -0.580008325966021 -0.979704165431935 -0.900571586057334 -0.386526475928017 -0.0679678693448635 0.101713714992222 0.237593387453529 0.396477643123639 0.568895104259043 0.675275414056728 0.756050015990432 0.792081854653197 0.788833161874777 0.744099020542016 0.641992503525315 0.57289205901385 0.496129571028157 0.417695442586445 0.340007119189936 0.365365733244673 0.397274081959028 0.406125269356011 0.42600517114097 0.459324546015345 0.473464054927267 0.484249742488076 0.420695943175285 0.293832438470547 0.143242412456481 -0.0710276976067084 -0.207360248798196 -0.328157514973231 -0.317849309827137 -0.177552173246304 -0.18014790312782
-9999 -9999 -9999 -9999 -9999 -9999 -9999 -9999 -9999 -9999 -9999 -6.48676658275264 -1.32325066760927 -0.970173631456806 -0.583083135299562 -0.294838588240007 -0.28600535453509 -0.213931385501071 -1.07923019962005 -0.715912889299005 -0.456728693859467 -0.507710903507506 -0.668758160103666 -0.651689584121997 -0.362669314563439 -0.118841120459804 0.0648654246106423 0.240356764240482 0.397292385321101 0.547576040770891 0.650354743370843 0.737360689842865 0.799919050650382 0.82516643013175 0.819849215988486 0.751190527316635 0.701683843554455 0.657555511946685 0.599054764469017 0.537383730150711 0.47182717346053 0.423410885505118 0.41997460754023 0.467633985982223 0.50506843495813 0.539220119102719 0.550689874987114 0.519386227068836 0.411887507809344 0.241694799817917 0.00952490077839607 -0.135425841973357 -0.219784753750508 -0.22744234623246 -0.134081560639564 -0.0835572530386133
