meets/meet006/_saidas_enm/CCSM_Maha_0k_T_subalaris2.asc
NCOLS 154 
NROWS 168 
XLLCORNER -112 
YLLCORNER -55.5 
CELLSIZE 0.5 
NODATA_value -9999 
[rows 50 to 74 of 168, columns 56 to 111 of 154]
-9999 -9999 -9999 -9999 -9999 -9999 -9999 -9999 -9999 -9999 -9999 -9999 -9999 -1189.2887396928 -842.489413898878 -459.949387302259 -301.883002072012 -243.674001826286 -216.13685107669 -191.422541432124 -186.610981499367 -182.276510758134 -171.773742780654 -183.797723777618 -222.286374983572 -269.497889142028 -347.471959673218 -471.405583333254 -554.422481072793 -630.692463542227 -663.207303125708 -583.301750242589 -494.025901453016 -360.576781735472 -188.43780231446 -80.5880521989048 -54.2955748543846 -40.5222035460445 -30.9829832410422 -28.721458761729 -29.6233174602283 -28.1764738795364 -32.8542613563273 -50.0313351584576 -93.8674434407257 -185.002306825718 -180.892151582935 -191.324799893547 -206.921355635773 -205.061870621671 -211.23216191311 -232.087949670569 -180.294415147448 -146.818679081877 -131.219115294434 -110.334982715104
-9999 -9999 -9999 -9999 -9999 -9999 -9999 -9999 -9999 -9999 -9999 -9999 -9999 -805.346699838469 -674.410895046869 -452.744228968337 -307.976523354994 -247.216858943531 -230.837844507534 -240.846196688019 -254.636183572669 -281.248065768623 -269.530935611545 -289.549616048954 -339.470605938707 -423.498204361881 -479.851182270901 -541.857417762987 -609.037423293088 -684.557860175096 -704.371451687099 -649.245307015855 -551.477798566279 -451.393134737538 -257.288323547224 -131.836613647123 -76.2852610295066 -51.40923516108 -43.8774634061995 -36.8052914321804 -33.2622125819973 -34.4712211055033 -38.8420292437526 -52.4230072801712 -81.376605420874 -110.658505623414 -132.93984528221 -135.54559113959 -153.098862470288 -180.427978482004 -203.010384607058 -202.625135608155 -163.952246035283 -136.282404956982 -119.010782408707 -104.00787434936
-9999 -9999 -9999 -9999 -9999 -9999 -9999 -9999 -9999 -9999 -9999 -748.06902726349 -568.967154437891 -507.680970563318 -536.628152741984 -462.895494326075 -358.399357435529 -274.727132656561 -259.983765550251 -315.329649362344 -337.833351091992 -372.996077920629 -407.312664948335 -443.569859697141 -485.838428868093 -514.698467514846 -586.333545901318 -655.001860647007 -719.04941816226 -783.078244606946 -790.061091635187 -707.085173714495 -591.499545435351 -481.392514695694 -327.770284476485 -183.677709911082 -113.69955654725 -75.4832370874958 -60.2978748717802 -53.2390175752919 -42.0776646806761 -44.772880833414 -47.457345260467 -57.4278387681364 -74.0614305434424 -83.458188960539 -111.507856671048 -114.884168977988 -139.011412101278 -186.914916762214 -195.743099482043 -168.533557429064 -150.967656256048 -130.906247602137 -107.772676132553 -88.6232754369899
-9999 -9999 -9999 -9999 -9999 -9999 -9999 -9999 -9999 -9999 -683.303059833655 -569.939655487328 -437.031424283738 -384.593136104222 -399.554833581046 -462.614748606004 -479.637416572944 -402.375526434971 -373.545304024284 -411.825296693368 -440.807692059596 -481.374977272494 -524.616190324003 -564.923801500629 -602.090734400008 -643.322221411838 -713.595456300137 -791.390146661766 -851.298188916368 -882.111060944799 -857.972457159862 -753.599032144618 -617.729269242013 -496.676216832327 -386.065315675842 -231.726682774364 -155.882914360296 -118.55646969135 -98.2105309897571 -88.8858656774991 -73.5395455239324 -69.5763237083835 -68.8576996049323 -77.5422279951252 -98.5979816410005 -117.112234478781 -145.98434916527 -167.518748168653 -202.153946586276 -196.26179861601 -160.506396977536 -142.169672780267 -141.873400935571 -120.237390447132 -89.1727042311314 -69.8766155388998
-9999 -9999 -9999 -9999 -9999 -9999 -9999 -9999 -9999 -9999 -436.938765524867 -359.962878345749 -326.077997663928 -278.594061460222 -316.41584057919 -403.78051517376 -533.339483907083 -572.250863824127 -524.334891060444 -546.958821989673 -572.308155482456 -616.111644638595 -662.867708005763 -695.577130491128 -737.573982346242 -785.727792899499 -855.503257450056 -910.128265627035 -919.315544847899 -898.01280318087 -882.118864260168 -792.78671629552 -650.866306269534 -523.331353571912 -422.366664434149 -282.947362008568 -208.796210136159 -172.974022119779 -150.235171663996 -139.788832538094 -125.515868802306 -119.519058456922 -114.964289027299 -125.848994981686 -154.315360189325 -182.125806848558 -227.996858599185 -221.029932987919 -184.623251518559 -157.326841440573 -117.745536514032 -114.406999269759 -124.161872526435 -110.645467727045 -77.4122946983048 -57.15511638181
-9999 -9999 -9999 -9999 -9999 -9999 -9999 -9999 -560.181269200782 -304.806001596409 -179.22301711956 -204.248784848383 -242.917751139945 -243.715388304758 -283.512961543252 -371.48008031746 -517.472768705943 -644.46352609961 -678.946167819311 -703.952657779755 -722.823324278385 -751.834736232594 -749.097695770098 -760.256256133142 -807.855617134106 -805.868691979766 -802.081116088348 -779.756493417075 -778.760773391062 -791.155461748352 -770.549491925438 -743.837364080459 -692.330508046418 -568.924182954175 -464.972927811288 -359.849766801455 -281.580633579458 -238.530584509701 -214.544909338598 -211.043332088702 -211.116426160243 -214.560382056141 -209.554061517857 -223.523992860976 -258.34421058457 -237.766724811877 -209.246585492218 -181.287622405246 -156.438975995315 -120.098234520238 -103.302200942144 -102.706733216381 -116.118593627797 -110.358440547495 -70.2226575140129 -50.7799980316115
-9999 -9999 -9999 -9999 -9999 -9999 -9999 -9999 -376.721235216728 -163.346019358672 -69.2286704195966 -106.85119439046 -162.927822014424 -215.59453457606 -265.493315351144 -346.32915790339 -476.402849286897 -633.97184775787 -702.646750303296 -733.69916841353 -753.645417984349 -747.070097330787 -731.04769635233 -708.571108459987 -707.819665123199 -698.283388603313 -685.522769717249 -676.445295782903 -671.004801158751 -669.100313318447 -657.044601015227 -640.329983880092 -621.199735315286 -615.597337166624 -529.880468136472 -452.204651036229 -386.524862986521 -334.973335493504 -308.348922576333 -309.671289230027 -321.519054330504 -337.275241814365 -341.711150438905 -302.883521767193 -262.856684077759 -221.490905453123 -200.052190889447 -170.322939143027 -135.458646840495 -118.322388760369 -106.297573196402 -107.727842663988 -117.573045118788 -107.701065948264 -67.218254733251 -45.4563319265958
-9999 -9999 -9999 -9999 -9999 -9999 -9999 -414.171538284489 -234.650826100876 -80.1328541781509 -21.4671622321584 -50.1716637800476 -113.092792141189 -196.529204727612 -266.189650283777 -333.89373026713 -449.522670852262 -578.550464208992 -602.275105406609 -629.424216365913 -648.76579375925 -636.938327275046 -624.759425183092 -614.024470620199 -615.084266137895 -619.6175042246 -608.349883632796 -588.488024873471 -583.028965047414 -589.45566565513 -600.293096660687 -583.829572457221 -572.344540128531 -566.167572807312 -566.771712649248 -518.176071499559 -484.973318074876 -457.231163800491 -435.274079186151 -434.632403012964 -417.656479346983 -397.188067528515 -365.668071129018 -313.54774104283 -266.633660982281 -223.331340381684 -198.982519095289 -171.504190874751 -151.904992418974 -138.296895136937 -126.300203427307 -126.468727374862 -125.174921710111 -107.881818052407 -66.3985491124332 -42.9525907230504
-9999 -9999 -9999 -9999 -9999 -9999 -9999 -263.528800273398 -132.309685806994 -32.8586967654677 -6.24814220346856 -29.8168095055482 -115.840638393736 -222.46759230871 -291.425462769658 -332.178864249338 -434.642299845885 -499.977069997358 -509.674477592772 -526.976287317043 -540.672268711491 -536.621429620465 -528.988675480682 -515.861995415499 -510.092782399556 -511.934128561483 -502.815821374212 -502.117991452573 -503.753730171965 -508.028423976246 -518.474787707254 -524.026427864558 -523.197056929065 -524.932943446728 -533.183700798248 -550.983663548822 -517.940805985535 -482.965101928532 -465.601157445288 -460.340747852215 -433.747373165569 -409.839986251528 -362.960184110902 -314.87004400137 -279.187770906518 -244.63126423752 -230.710556184104 -201.806365062794 -178.006484385409 -156.864391203773 -143.119209213071 -136.467446243857 -130.195980009516 -109.92830434924 -75.4198259985325 -50.6279400414596
-9999 -9999 -9999 -9999 -9999 -9999 -308.196571957097 -150.568717923281 -61.6545009583952 -15.3085013868589 -2.22883073822632 -27.8137733091349 -168.930146506084 -304.745649098452 -327.670249752668 -335.931955081251 -377.175344117247 -417.503136576628 -422.154441565552 -441.211156188054 -458.398440247174 -447.763519027727 -436.127859452232 -426.069333739121 -428.140161805735 -431.621133799023 -425.23611330779 -415.675577033161 -415.089979207668 -428.379409097385 -440.047657087941 -453.129019180153 -463.575839024717 -473.505253264398 -485.348594082665 -490.238881726384 -495.84232766639 -495.277435005451 -485.116138934901 -474.941264234526 -446.23394600243 -396.959136497965 -342.596213740286 -278.823119596586 -229.658229802561 -187.512718885127 -170.526270679748 -152.12243295633 -139.394319199005 -129.528690483243 -117.465874215769 -112.344447597694 -103.907249684611 -107.393131219982 -88.6455106378564 -66.4401892407264
-9999 -9999 -9999 -9999 -9999 -9999 -239.212127226388 -112.115740300529 -43.1894538347128 -12.2753599625506 -6.59682348443574 -38.8929736166843 -201.867690952661 -297.028965480429 -312.350147879496 -311.524419440243 -338.826244433273 -363.124380044429 -360.028713282728 -368.490025343842 -375.127061987156 -363.976737306068 -351.39819492754 -343.996947469639 -347.932912700781 -356.390505684258 -350.516004937599 -344.203293214521 -344.143096030882 -350.833897390273 -362.043976239918 -369.901611986661 -380.329103541139 -392.095410752388 -407.02226619485 -413.934248487636 -409.822979987622 -400.717731248896 -376.988799811599 -350.864147058445 -318.746946316564 -277.641686824458 -236.271786195252 -192.918239954184 -158.315309867138 -134.245802204924 -120.442711780377 -112.020770329694 -105.043401632128 -97.6251551103538 -92.4536619594685 -90.4600159368282 -92.5275191504988 -103.949405392213 -104.510366480217 -91.5652148022518
-9999 -9999 -9999 -9999 -9999 -9999 -198.941828050209 -107.933488816606 -41.252155207791 -14.3728095659127 -14.1193840934356 -48.1062269638301 -188.570910059227 -266.031970703909 -282.329892452435 -295.319322889362 -311.602463964049 -321.177922717057 -311.021604295387 -312.621465843281 -316.443186935584 -297.339394829439 -279.914845317836 -273.857025923594 -284.878769177876 -296.070466804107 -292.820482438264 -289.421157539 -287.547738566459 -292.369653305049 -301.15403865008 -305.161727569854 -314.101673095246 -322.570146787766 -335.395113932569 -349.804105901803 -339.784965949788 -323.225474030558 -292.731285212177 -262.132529560964 -224.031449401469 -190.24918948761 -158.583146611662 -133.530340579336 -114.821736154763 -98.1365136696026 -91.1688058174315 -83.6580551134868 -79.8996988214224 -78.0114089401904 -75.406789819922 -81.7135669212941 -94.0883292867254 -104.00842535969 -106.138346720983 -113.138790123224
-9999 -9999 -9999 -9999 -9999 -9999 -9999 -116.529300976593 -49.2348530662361 -19.2197093670696 -19.0969720978475 -47.8647007263008 -166.916620164674 -220.96854363901 -244.7797611841 -267.442150790141 -282.283835496437 -277.18634260526 -263.58080541578 -257.228960331959 -250.84507483768 -234.515354986704 -220.223936310102 -215.495829473748 -222.888147243602 -232.877140895237 -231.992494538431 -230.194264861484 -228.768246096497 -229.31488707172 -235.407996627814 -239.135502998394 -246.846343511821 -251.308244966484 -254.951986819192 -258.615567778122 -253.672814686947 -246.503450321538 -217.746295514545 -185.783406769925 -153.028389657125 -125.460715789483 -103.539391091825 -86.3837550750971 -74.505574130841 -67.4160373423046 -62.3946964512794 -60.6630838296502 -59.7018154413767 -58.6823661709702 -61.3493120958013 -68.9424328690952 -84.5416629848179 -101.182416176037 -102.198204614375 -110.792515404936
-9999 -9999 -9999 -9999 -9999 -9999 -9999 -9999 -59.8177934700771 -25.6633295490225 -13.8595586781426 -45.6058094839252 -149.799503698113 -188.496397407383 -214.137998247167 -239.851071835656 -248.403449411095 -238.248238947801 -222.603750843754 -214.682628743693 -203.003338540332 -189.86469334648 -174.968927933988 -169.6350788551 -176.595108175551 -182.799737751635 -179.838188365636 -177.322663077013 -175.861192721309 -176.207386525311 -178.166624668531 -183.870801626728 -188.814057699237 -191.229119536414 -190.755521595885 -184.628264688054 -183.806964905331 -175.661462335816 -163.227469036029 -136.701445237983 -107.928368684867 -87.6435945631127 -69.1250530119174 -60.0686347407644 -56.4658902983803 -54.3749342163191 -55.7438631108931 -57.9345505307356 -59.2700832305959 -58.9041094114378 -61.6999813143194 -64.9891416775498 -73.3441809558275 -84.6968054089144 -93.2578275174271 -98.3666274727941
-9999 -9999 -9999 -9999 -9999 -9999 -165.102196096895 -129.248163193882 -59.6387619620134 -30.2358001381119 -23.9571356106037 -53.2961505046707 -140.294186634717 -172.35412959152 -184.970946799663 -195.458668063046 -208.239823609107 -210.782975705684 -196.744409845428 -180.24817438695 -167.0171934897 -154.983261585499 -147.344776391351 -140.170880280039 -135.220630443041 -132.962667424682 -129.39407196072 -128.475612298969 -127.633097650328 -127.770358012927 -130.742404579248 -133.641381099674 -137.912753812924 -139.658743066185 -140.107247469013 -138.154220647308 -132.427252971921 -125.250925663379 -118.373712799626 -100.809134898076 -82.3437255447798 -68.3094789525338 -59.2106599831247 -53.9647407614546 -51.3737784792239 -51.6133307816268 -52.2276735233262 -54.156250905161 -54.8971951081701 -53.5951243041793 -53.9699264968696 -55.0205930302248 -59.6945379318801 -67.7023125902634 -76.6535078184039 -91.8024450228316
-9999 -9999 -9999 -9999 -9999 -79.2232455180843 -161.284124120587 -98.3000681413654 -48.5076941288457 -32.2218634135587 -25.3807890205916 -59.8192681907091 -133.069835991009 -156.840449843026 -157.449810054465 -152.422759297789 -172.698887192597 -177.040488038171 -171.77084313765 -151.795672270785 -136.998725183614 -126.625433436678 -123.365177294349 -114.713289915649 -102.344910409119 -93.4172132985739 -90.9446359300092 -89.5755245305875 -88.508627378116 -89.5675127245448 -92.4774177903057 -93.3846119291818 -96.8850627169793 -99.2990185571179 -102.175324210091 -104.732714866412 -97.2757857386726 -91.358307895959 -88.2983820348634 -81.5670804493991 -69.0912026110535 -58.8740919986815 -53.3232475697957 -50.0388904590744 -48.4990123007894 -48.9071310537896 -48.9535098314057 -49.5621737287636 -49.6609887894769 -48.1911931659961 -46.842148795908 -47.7692499899444 -49.0706087397865 -55.0672897905815 -65.3796866142954 -84.6281344221509
-9999 -9999 -9999 -9999 -9999 -91.2575075510803 -140.496968541079 -81.247696504389 -44.8493631691039 -33.0666342942103 -39.3229744095652 -66.1649240803203 -101.609665165777 -111.944029351986 -120.277143524005 -128.236582662961 -146.141725206535 -146.335523216577 -138.215666561803 -119.363917486726 -104.231536457917 -96.739863920825 -92.021879510896 -83.8357993706574 -74.0375563493498 -66.757052078962 -62.2601794900461 -60.512705199838 -59.0316263256483 -58.4259022285417 -59.1542779275267 -60.9502777698347 -63.9942642431434 -66.7531250543427 -70.334430721369 -72.1082724987575 -68.9917036276459 -65.8490697558955 -65.140710145962 -64.7270275551072 -56.6183076259926 -49.7275318372077 -46.1589074257043 -44.226793527237 -43.017428118308 -43.369534401333 -42.9120121684331 -43.1878497404824 -43.0300366688382 -41.9385300932217 -41.9931213710989 -41.7477260662591 -43.6934297558748 -47.7742243061479 -53.2311971127707 -62.5103065236874
-9999 -9999 -9999 -9999 -9999 -9999 -111.295414571193 -72.7459191572722 -38.3295122769906 -41.6472414667244 -44.5011252124827 -61.2558112440275 -84.7303040389039 -88.8295659704178 -102.863200780472 -110.169605138313 -129.086877952089 -118.647499013689 -105.049908490493 -89.8051059954055 -73.4643469229359 -72.2100227294902 -66.5819947911813 -58.9326394789228 -51.9335481499662 -45.3892933585424 -41.7851081831537 -39.0152345139076 -37.2200932648561 -36.4408727749577 -35.5929898400779 -38.2881008338932 -40.2031107309538 -42.2939104840715 -45.8633503409922 -47.8419898172971 -45.8824452902929 -44.3992311772007 -45.0912784220772 -48.0323853450212 -45.5975407659571 -40.4078044667562 -38.0513897413708 -36.8229968198421 -36.1375273909824 -36.6937878663421 -35.6824729076118 -35.6539248524231 -35.4028166279997 -34.7462734494952 -36.1435465662924 -35.76925484649 -37.8041591812568 -40.6764783420665 -42.6461853276177 -46.95493073109
-9999 -9999 -9999 -9999 -9999 -9999 -124.351103319604 -77.8085817301369 -44.6210593466765 -37.3505889315149 -39.147424372166 -49.6636530006194 -76.7900754263798 -98.0139692787187 -108.048395402074 -123.670885122336 -117.467399449781 -100.322430759785 -85.7726449868146 -72.9301590386092 -57.0986040252471 -51.4993678194051 -46.7387705649857 -41.9638373206749 -37.0008330317163 -32.0033079917822 -27.7590124761981 -24.076614298817 -22.377531908155 -22.6035589284877 -23.3615411838557 -23.9265435557295 -24.9409361402921 -26.0922936631296 -27.7568001193817 -29.0135462223101 -28.0358336728571 -27.4862901011655 -28.9875932700653 -32.3229397418529 -35.2503437889129 -31.9595252996418 -30.2954868152165 -29.3890681578907 -28.8217901095539 -28.879359053616 -28.3354534256235 -28.0126692099339 -27.7401788634045 -27.3556147546324 -27.7742886202622 -29.0032768801273 -31.4123932905856 -33.733074749469 -35.5849998747137 -38.3070028577766
-9999 -9999 -9999 -9999 -9999 -9999 -131.936416496501 -108.800745319914 -62.2013617140485 -38.0858475119247 -28.0183124539061 -38.4406501414872 -64.3733672245408 -88.8104122688846 -106.068108386759 -123.771374009246 -117.678743945955 -97.0383008086237 -81.4105383938749 -68.2273444868851 -47.5581770071381 -39.17898631914 -35.2268020355765 -31.6740352668828 -27.4880851488261 -23.0617580517488 -18.8237371707135 -15.1832931495278 -13.4880394093753 -13.7670710026825 -14.2112764116459 -13.5760727677972 -13.7102032311342 -13.9656109123147 -14.4518898622638 -15.549611888804 -14.8235162184563 -14.9060617593632 -16.4448087020939 -19.3586364760641 -23.2872754346354 -23.1098886019027 -22.5917745810717 -21.9771733544542 -21.2955390170415 -21.839467994309 -21.1442993535098 -21.0382755343241 -20.65542970095 -20.0363145369141 -20.5112581464086 -22.4255959606916 -25.5575623417025 -28.0524687566063 -29.5735674462256 -31.9840745472436
-9999 -9999 -9999 -9999 -9999 -9999 -9999 -9999 -147.253509331584 -48.7793581856483 -16.0520275280942 -26.5305145597647 -60.6290096193872 -74.6513375009164 -86.398921123585 -99.0468367989999 -112.591716351801 -113.94854420877 -97.3540379784235 -66.2273029887701 -39.3455877215081 -32.2750969108528 -31.6201227857543 -28.0734650863909 -22.8390547552767 -17.7962756005593 -14.6187065391425 -11.8431624220448 -10.028300726084 -8.99521497361282 -7.74977323605517 -7.14716297336135 -6.1989300447849 -5.76508123724812 -6.07757889140996 -6.24910189141231 -6.3586381562508 -6.72184328978271 -8.02805194066369 -10.2197432622811 -12.7324117390389 -14.6075500413373 -15.5345692655834 -15.4843032173071 -15.7687412250804 -16.0710673969502 -16.0428813352231 -16.0713682039438 -16.0881961016601 -16.152299284453 -16.8041026695376 -18.2550207951679 -20.4021726074529 -22.0691300950506 -23.6554183353792 -26.1426399644034
-9999 -9999 -9999 -9999 -9999 -9999 -9999 -9999 -103.937961484692 -61.6754428463932 -11.4698479795717 -22.9125669189807 -59.7626356787911 -68.073474614283 -70.8083316600632 -80.4263442160959 -93.939576778914 -106.532432469326 -96.3959692916007 -60.0189787340317 -33.0198262441866 -27.1426416183019 -24.9898141590076 -21.9206477123929 -19.9220611411277 -15.1364455841235 -12.8893733010453 -11.015679979577 -9.10813161911006 -7.37668049430038 -5.4099497043442 -4.45214977350764 -3.23176413799734 -2.39865158407377 -2.00693455997637 -1.61462775732696 -1.51023466348981 -1.75453594064321 -2.517630338377 -3.80239566373163 -5.59499875854037 -6.9962815741099 -8.48628739113541 -9.83589193544883 -10.8440606620277 -11.6711100496056 -11.3068923410477 -11.3301733315115 -10.9010481661479 -10.9235133880662 -11.8656844487006 -12.9668427789801 -14.9083750988722 -17.1757033328447 -20.1972936073149 -24.3780902011498
-9999 -9999 -9999 -9999 -9999 -9999 -9999 -9999 -9999 -80.7830285461513 -10.8087581965491 -22.6862253514711 -67.9524039090647 -67.5019201928805 -58.8118324314858 -61.5905638296347 -68.3665860023805 -77.6007384867836 -72.7119061430408 -51.2536293513789 -28.3281200190282 -22.1615398268651 -21.0489714428135 -17.4519035024014 -15.1953950763143 -13.086946144767 -11.5923650478041 -10.4489530690519 -9.56048712556825 -7.83358257383992 -5.80278070065674 -4.5621498409246 -3.34315418336783 -2.17219473916307 -1.1891934212157 -0.333386150369987 0.0597643317923213 0.283915407715949 0.117082181905865 -0.530665096581625 -1.41142377552677 -2.50115310757845 -3.58387686878972 -4.7593442791825 -6.20605685293881 -6.99407160557602 -6.97805877932085 -6.36287829913178 -6.5175796610677 -7.71473114661272 -9.27239333077253 -10.9998132793935 -12.9705782568511 -15.7333438948721 -19.461959499432 -23.8982713374495
-9999 -9999 -9999 -9999 -9999 -9999 -9999 -9999 -9999 -9999 -33.4137141700629 -37.4278173155497 -60.5696420457913 -55.5882536414742 -45.022256402885 -42.8724403760355 -40.3959215181807 -47.4294777817147 -46.3512493970309 -35.23493776617 -23.5850007722296 -19.3727059538051 -16.6778093568499 -14.0103457601815 -11.7460009957973 -9.93363056748612 -9.16554981973158 -8.70678481459434 -8.22014565483282 -7.55863999801088 -6.78812078161005 -5.91552769510733 -4.58115843880702 -3.27199690339394 -2.05446366903983 -1.06035489828253 -0.361340981791284 0.179226199269474 0.519726588091966 0.615431106317301 0.447410527968875 -0.00972865323173067 -0.705313318569402 -1.53209086767505 -2.55733088684225 -3.32710784190434 -3.59249003070145 -3.19989844362825 -4.06129769679212 -5.80682062344218 -8.2092714693818 -10.5261573749387 -13.2817833061795 -16.0139020606809 -18.8422687984948 -22.5018940715571
-9999 -9999 -9999 -9999 -9999 -9999 -9999 -9999 -9999 -9999 -9999 -72.9993965008303 -44.6911942553772 -34.6639756962458 -27.8937260656111 -24.2407607232852 -21.1200752680579 -21.1506822605608 -22.9663412392245 -23.2785451604202 -20.982754059421 -17.4330121814118 -13.3440814229321 -10.9612122246398 -9.52477803195076 -8.09693377787 -7.87854241077586 -7.67055862366849 -7.45217949501231 -7.23157832512536 -6.75841049174864 -6.37840260360697 -5.75895124550747 -4.70937006204145 -3.54085428685662 -2.57401967687021 -1.67955457274496 -0.968677456376057 -0.312309120239755 0.233846665445614 0.527461084898494 0.624988580201559 0.480777057463904 0.100117096390308 -0.582799906963597 -1.20323404174187 -1.14560257693742 -1.30504955647737 -2.49323225855268 -4.70354736931924 -7.70370700210671 -10.4897436913395 -13.5705965368382 -16.0172711739721 -17.6832129127906 -19.6989857639343
