meets/meet006/_saidas_enm/CCSM_SVM_0k_T_subalaris5.asc
NCOLS 154 
NROWS 168 
XLLCORNER -112 
YLLCORNER -55.5 
CELLSIZE 0.5 
NODATA_value -9999 
[rows 100 to 124 of 168, columns 55 to 109 of 154]
-9999 -9999 -9999 -9999 -9999 -9999 -9999 -9999 -9999 -9999 -9999 -9999 -9999 -9999 -9999 -9999 -9999 -9999 -9999 -9999 -9999 -9999 -9999 -9999 -9999 -9999 -9999 -9999 -9999 0.0659017280694417 0.169414036737124 0.042216991216132 0.0260103113410843 0.0588395059972407 0.0665238323492094 0.0446755571760789 0.0161191929044597 -0.00545077704041896 -0.0238858064099167 -0.0761168215916964 0.122433577262995 0.764051784788955 0.699618809408371 0.121952820138085 -0.102434245490817 -0.125177134881899 -0.119978857128521 -0.106695219514823 -0.0746724814350793 -0.0570185022689718 -0.0561045515034889 -0.046050447673487 -0.0403180142188082 -0.0284798585708796 0.0112674665465612
-9999 -9999 -9999 -9999 -9999 -9999 -9999 -9999 -9999 -9999 -9999 -9999 -9999 -9999 -9999 -9999 -9999 -9999 -9999 -9999 -9999 -9999 -9999 -9999 -9999 -9999 -9999 -9999 -9999 0.0682685844189133 0.156342369221099 0.0246549312161209 0.0292113129963458 0.0514250349403451 0.0562980314257813 0.0337181832070974 0.0139372340052736 -0.0128572196318955 -0.0305136680991845 -0.0774697972716056 0.192930954445416 0.779541729229578 0.576999108028235 0.0501277119390188 -0.12157431656354 -0.132246293435477 -0.121408144984897 -0.0940378089311461 -0.0234995073334364 -0.00289809616992931 -0.0348398505781439 -0.0296389276299406 -0.0239542500013346 -0.00557224226094855 0.0440835686768333
-9999 -9999 -9999 -9999 -9999 -9999 -9999 -9999 -9999 -9999 -9999 -9999 -9999 -9999 -9999 -9999 -9999 -9999 -9999 -9999 -9999 -9999 -9999 -9999 -9999 -9999 -9999 -9999 0.0570577458784701 0.0706861205005358 0.145528075380416 0.0330469495503813 0.0299678040852008 0.0453983474322234 0.0456634146969538 0.0239980623993029 0.00604015846625983 -0.0210185954151739 -0.050082071600454 -0.0709896140376937 0.31138986134125 0.785425143829594 0.476025328214776 0.0372029686764087 -0.115196414162868 -0.131230644201686 -0.109565047448977 -0.0786371544521035 -0.0248179853386603 0.000104755240524279 0.000215375088543635 0.0062854842606449 0.00324127501233229 -0.000225969609133125 0.039550952860898
-9999 -9999 -9999 -9999 -9999 -9999 -9999 -9999 -9999 -9999 -9999 -9999 -9999 -9999 -9999 -9999 -9999 -9999 -9999 -9999 -9999 -9999 -9999 -9999 -9999 -9999 -9999 -9999 0.0580041044304992 0.0714123402164171 0.13946059127863 0.0360570281200066 0.0363477707665696 0.045077757772461 0.0419500619531861 0.019712550224767 0.0102363010967549 -0.027683752055825 -0.0581446880523988 -0.0378280509948677 0.42445311532621 0.745712684787201 0.384588131724987 0.0154870475354419 -0.114584825447721 -0.121783159480238 -0.0918977195378198 -0.0602490832341555 -0.0131434296816108 0.0206159328157126 0.0452146100672993 0.0629655064781672 0.0613987903133101 0.0434870037917777 0.0709455660824728
-9999 -9999 -9999 -9999 -9999 -9999 -9999 -9999 -9999 -9999 -9999 -9999 -9999 -9999 -9999 -9999 -9999 -9999 -9999 -9999 -9999 -9999 -9999 -9999 -9999 -9999 -9999 -9999 0.0558926176756668 0.0732902130744363 0.129203131452197 0.0427344784007456 0.0485554729370619 0.0536496834050027 0.0458276539473802 0.0231291191675816 0.0132036686433536 -0.0259910510929641 -0.051027280286789 0.0344150673948666 0.512107235909281 0.71296475898174 0.329409653645471 0.0108290747482301 -0.107285117884455 -0.107122093682132 -0.0693161360807325 -0.0341730252782521 0.0141932437808501 0.0572653507169927 0.102923124806712 0.137980278288863 0.147919100144096 0.156718602400598 0.189900592430054
-9999 -9999 -9999 -9999 -9999 -9999 -9999 -9999 -9999 -9999 -9999 -9999 -9999 -9999 -9999 -9999 -9999 -9999 -9999 -9999 -9999 -9999 -9999 -9999 -9999 -9999 -9999 -9999 0.0500154921435745 0.0788230238266835 0.114112001065284 0.0491851542647554 0.0673511788536424 0.0663070003626595 0.0554750020012835 0.0311155855027969 0.026727863727282 -0.00882655392864173 -0.031504380998135 0.0770051231592602 0.536934641126107 0.648966177643841 0.283410714055939 0.0155993250595328 -0.089382636900368 -0.0837862470999321 -0.0470111864985259 -0.00574449350252104 0.0502928576595358 0.107376121474011 0.173474522340619 0.226394087476143 0.253554669831115 0.27662299069927 0.329034243454219
-9999 -9999 -9999 -9999 -9999 -9999 -9999 -9999 -9999 -9999 -9999 -9999 -9999 -9999 -9999 -9999 -9999 -9999 -9999 -9999 -9999 -9999 -9999 -9999 -9999 -9999 -9999 -9999 0.0443609469009892 0.088947552866493 0.0952383596465068 0.0628581798829982 0.0834510075727623 0.0839428739075216 0.0668894184719542 0.0429751944150095 0.0523370926907506 0.0246174764849544 -0.0184285410613345 0.0698315001963506 0.518208928271799 0.584268505443587 0.255791873047795 0.0346248898749326 -0.0574943351773096 -0.0543027364795472 -0.0129896573214867 0.0323055857145768 0.0997502558112284 0.166596440394385 0.24658957731021 0.314890581043079 0.351949543976046 0.398057099118021 0.455462602162996
-9999 -9999 -9999 -9999 -9999 -9999 -9999 -9999 -9999 -9999 -9999 -9999 -9999 -9999 -9999 -9999 -9999 -9999 -9999 -9999 -9999 -9999 -9999 -9999 -9999 -9999 -9999 -9999 0.0461833214802821 0.101049989142506 0.0828652346161289 0.0783114877741072 0.0953749299476161 0.09268079132517 0.0717587673171333 0.0571336638828138 0.0794738026232997 0.0549539361932256 -0.0146070907211032 0.0567337536888265 0.491259827645838 0.523711992287196 0.224469682618158 0.0483265065202809 -0.0296200090258018 -0.0216183950731317 0.0194397494662624 0.070152785165134 0.137364155092185 0.217328457612317 0.310611789538828 0.394550289919668 0.449566025463854 0.505795589347865 0.582351854223936
-9999 -9999 -9999 -9999 -9999 -9999 -9999 -9999 -9999 -9999 -9999 -9999 -9999 -9999 -9999 -9999 -9999 -9999 -9999 -9999 -9999 -9999 -9999 -9999 -9999 -9999 -9999 -9999 0.0624801433401704 0.111701503553994 0.0777837024337009 0.0939013676802041 0.101924861959687 0.095838038531636 0.0702822629968393 0.065517855956264 0.103360032719784 0.0694086159944599 -0.0189326198153025 0.0502071344945145 0.475710960976234 0.438832681286053 0.177914760532515 0.0500112805194934 -0.00457312777706531 0.00774945700894131 0.0485736152587838 0.0997981888422819 0.178939179085365 0.258543494397726 0.35522127625523 0.443908432606152 0.513269764531898 0.601009489073569 0.68286335055595
-9999 -9999 -9999 -9999 -9999 -9999 -9999 -9999 -9999 -9999 -9999 -9999 -9999 -9999 -9999 -9999 -9999 -9999 -9999 -9999 -9999 -9999 -9999 -9999 -9999 -9999 -9999 -9999 0.0963674452198744 0.11504450897207 0.078249409136953 0.0923123024445728 0.0972563193936841 0.0822121239763654 0.0497385201254532 0.0560024663326509 0.0948774746591309 0.053680473262729 -0.0301465362328456 0.117351466407343 0.479354224606551 0.361641590170785 0.122816408253353 0.0388971117340033 0.00790400291523696 0.0262967511526813 0.0725241556559407 0.132028500049629 0.210340511529025 0.292774534513671 0.384224228672209 0.474263474935489 0.559409844494019 0.649707497188441 0.739346504220822
-9999 -9999 -9999 -9999 -9999 -9999 -9999 -9999 -9999 -9999 -9999 -9999 -9999 -9999 -9999 -9999 -9999 -9999 -9999 -9999 -9999 -9999 -9999 -9999 -9999 -9999 -9999 0.125805693290824 0.125082731085714 0.109893398119352 0.0781653798792756 0.0911296774669059 0.0846061462208481 0.0567688842965041 0.0154537984176947 0.0271911002616309 0.0837558497868203 0.0209072848930937 0.0284372034181275 0.29378368749995 0.481287066205673 0.224797536883269 0.0583993414034209 0.0110343787873249 0.00537339655580699 0.029791556424789 0.0727791011876744 0.132955550257192 0.216978097059083 0.301241315865885 0.398740480566984 0.49281717000883 0.578731387140985 0.671200608766637 0.76009624082893
-9999 -9999 -9999 -9999 -9999 -9999 -9999 -9999 -9999 -9999 -9999 -9999 -9999 -9999 -9999 -9999 -9999 -9999 -9999 -9999 -9999 -9999 -9999 -9999 -9999 -9999 -9999 0.13826391513163 0.134557204782899 0.0873071999455634 0.0792365735301429 0.0839611753073685 0.068436903970708 0.0247497085160586 -0.0165587636752331 -0.0270544739499524 0.00289341932256826 -0.00918478649055077 0.175037994135727 0.463292731659543 0.410918969886529 0.154096796065691 0.00885901928516097 -0.0180256720356289 -0.0147151520046926 0.0112001053156688 0.0574239345705438 0.130029782939398 0.219599286636741 0.312094977964151 0.412256551731962 0.51092440247935 0.609586730658529 0.704025666324356 0.793794662721153
-9999 -9999 -9999 -9999 -9999 -9999 -9999 -9999 -9999 -9999 -9999 -9999 -9999 -9999 -9999 -9999 -9999 -9999 -9999 -9999 -9999 -9999 -9999 -9999 -9999 -9999 -9999 0.151156908283515 0.0925909919783026 0.0697457526194795 0.081400759409944 0.0905940432063046 0.054967288454472 0.00526839258143441 -0.0193544241924398 -0.0477677368003069 -0.0327547138306642 0.108676283693458 0.407368404448726 0.449199041997413 0.278699055341025 0.0637922898551495 -0.0123837662309487 -0.0361765530865737 -0.0304919507140931 -0.00293421023453133 0.0285507255357181 0.113065768597628 0.219029397676536 0.317741251044401 0.416501036543256 0.514978544956216 0.616510988027662 0.727928715854463 0.815909551883336
-9999 -9999 -9999 -9999 -9999 -9999 -9999 -9999 -9999 -9999 -9999 -9999 -9999 -9999 -9999 -9999 -9999 -9999 -9999 -9999 -9999 -9999 -9999 -9999 -9999 -9999 -9999 0.132752096501864 0.0526509724344046 0.06814251394862 0.0764019256201749 0.0679106666535801 0.0468207609643914 0.0488728006384722 0.0929938922296094 0.140817987840909 0.23470923148043 0.406012467098636 0.48292306302861 0.298087221757905 0.151283068108062 0.0626401382669728 0.000116108266552062 -0.0233132753683857 -0.0170691636785174 0.0132636408216825 0.0544238041493015 0.115933675986583 0.210111354339994 0.311084026863524 0.41105126861365 0.508418876546976 0.613541351047365 0.717631683714679 0.804732724157363
-9999 -9999 -9999 -9999 -9999 -9999 -9999 -9999 -9999 -9999 -9999 -9999 -9999 -9999 -9999 -9999 -9999 -9999 -9999 -9999 -9999 -9999 -9999 -9999 -9999 -9999 0.115025743240041 0.084600820150616 0.0544833526034377 0.0818052349176226 0.0656684913846471 0.057211383121592 0.07835999277964 0.196897688231765 0.348157315952667 0.437667226462605 0.423214763988521 0.481124954528909 0.334094361600047 0.129360659197312 0.0768586724077875 0.0705734829738254 0.0124847817214082 -0.00747604906061083 0.00579121383044878 0.0449946228346288 0.0989352544675621 0.11808216506849 0.19865695524827 0.299499595023481 0.401143843492223 0.489789589765694 0.592107792755477 0.694274102226081 0.779272143561371
-9999 -9999 -9999 -9999 -9999 -9999 -9999 -9999 -9999 -9999 -9999 -9999 -9999 -9999 -9999 -9999 -9999 -9999 -9999 -9999 -9999 -9999 -9999 -9999 -9999 -9999 0.138297185086535 0.0596401854440127 0.0630164392459849 0.0806868167411676 0.0572478685691656 0.0526217574402396 0.133078342927685 0.324721367022117 0.513724217932898 0.461735833874842 0.365878527209145 0.317570834409479 0.198230757849675 0.0750074443910003 0.0402667442664063 0.0316705515504644 0.00184120463591825 -0.0094680134184929 0.00516516990813226 0.0502131910531397 0.0924161501439651 0.112191601382165 0.178782959853841 0.273305523199301 0.377840224100021 0.478568050658856 0.581376264983026 0.674999758548495 0.757111219588533
-9999 -9999 -9999 -9999 -9999 -9999 -9999 -9999 -9999 -9999 -9999 -9999 -9999 -9999 -9999 -9999 -9999 -9999 -9999 -9999 -9999 -9999 -9999 -9999 -9999 -9999 0.126906272931942 0.048802088947661 0.0698675975300604 0.0806537434851383 0.0456357864094706 0.0595053442302167 0.168051730354118 0.348785867838316 0.406358934379642 0.302053988965792 0.190415666942667 0.163801308798302 0.0988400791461285 0.0414278257457795 0.0247666958391416 0.00533944026324146 -0.0120911048949444 -0.0261369675547238 -0.0167938602289214 0.02418326928339 0.0776896983030005 0.091490075765349 0.159789128418009 0.253613527893197 0.363594787977149 0.463971201266279 0.566143377041076 0.661253500477833 0.744897619166471
-9999 -9999 -9999 -9999 -9999 -9999 -9999 -9999 -9999 -9999 -9999 -9999 -9999 -9999 -9999 -9999 -9999 -9999 -9999 -9999 -9999 -9999 -9999 -9999 -9999 -9999 0.119455681837715 0.0309950755366989 0.0558547950353615 0.0647082170052021 0.0329007082474915 0.0485608148513154 0.157349555107413 0.250311285914142 0.240215688309367 0.166834569845079 0.108184119724419 0.0756222013030062 0.0388366698537686 0.0152456120245938 0.0172795452901102 0.0169459219165112 -0.0138805803951393 -0.0388527438595512 -0.0402565354899523 -0.0209044787463812 0.0116734255850519 0.0665733474299802 0.151980837530625 0.242489138423678 0.34436878322734 0.446146656869652 0.552676971582924 0.652025952968232 0.734829705205606
-9999 -9999 -9999 -9999 -9999 -9999 -9999 -9999 -9999 -9999 -9999 -9999 -9999 -9999 -9999 -9999 -9999 -9999 -9999 -9999 -9999 -9999 -9999 -9999 -9999 -9999 0.106962791715957 0.0118428094672087 0.042831993926642 0.0507061511913573 0.0156141086837559 0.036109007139968 0.126407396006968 0.152557080714008 0.120998426610277 0.0864886798148627 0.0540436601051558 0.0287432774399582 0.00211573934705028 -0.0043903762565829 0.00670122794216366 0.0142990950562752 -0.0200367590020053 -0.0505094415294876 -0.0538992996472705 -0.037774585491449 -0.00931522975691568 0.0539128189607418 0.142059610976309 0.229677266368266 0.332517152670919 0.422534701147359 0.530899280726653 0.636313221129822 0.724121488963782
-9999 -9999 -9999 -9999 -9999 -9999 -9999 -9999 -9999 -9999 -9999 -9999 -9999 -9999 -9999 -9999 -9999 -9999 -9999 -9999 -9999 -9999 -9999 -9999 -9999 -9999 0.0935172215036303 -0.0022681004482189 0.0275784104601778 0.0350872177789945 0.00435712838355207 0.0276689420151334 0.0901928253690376 0.0868592456152741 0.0648169768714513 0.0501984204081181 0.036893826776939 0.00847155263676524 -0.0145662372235608 -0.0193124392431214 -0.0107838818691082 -0.00872607172085227 -0.0352047443350452 -0.0610210911404782 -0.0617099004122451 -0.0397666215363167 -0.00236176955776035 0.0531176868700871 0.12657120495063 0.204927804866594 0.302144015878909 0.401753385498212 0.508467712191179 0.61145319253793 0.699127149714298
-9999 -9999 -9999 -9999 -9999 -9999 -9999 -9999 -9999 -9999 -9999 -9999 -9999 -9999 -9999 -9999 -9999 -9999 -9999 -9999 -9999 -9999 -9999 -9999 -9999 -9999 0.0868433125670875 -0.0132675512953967 0.0263459079953318 0.0338719372100981 -7.48723411057028e-05 0.0176353954142905 0.0535339301848207 0.038034824792676 0.019956032048476 0.0146029076825038 0.0113319645405087 -0.0131608630032712 -0.0305339413505614 -0.032971617894431 -0.0251457752626122 -0.0221574676585521 -0.0411362828042681 -0.060137703364692 -0.0592740840801386 -0.0358451083789478 -0.000321831874795953 0.0470462783034899 0.111939585282768 0.181319949379877 0.278176798542934 0.368946190055266 0.471651320747436 0.578915999194407 0.671417886394311
-9999 -9999 -9999 -9999 -9999 -9999 -9999 -9999 -9999 -9999 -9999 -9999 -9999 -9999 -9999 -9999 -9999 -9999 -9999 -9999 -9999 -9999 -9999 -9999 -9999 -9999 0.0809941833069223 -0.0216351034391548 0.0312234595327454 0.0423353747625557 0.00458438033333669 -0.000545753449878172 0.0203246460273145 0.00266662730524564 -0.0166800983976813 -0.0227354066304809 -0.0294253952016852 -0.0357389039923892 -0.0421224835166337 -0.0412649024245684 -0.0333247268143879 -0.0290857357742731 -0.0400703016991911 -0.0537568993188485 -0.0534551079907635 -0.0346042519449417 -0.000832634925346798 0.0434376893818995 0.0971826106743231 0.162773467779858 0.244185385659056 0.33391512421762 0.441990451368138 0.547352811250726 0.641005996462228
-9999 -9999 -9999 -9999 -9999 -9999 -9999 -9999 -9999 -9999 -9999 -9999 -9999 -9999 -9999 -9999 -9999 -9999 -9999 -9999 -9999 -9999 -9999 -9999 -9999 -9999 0.0804400129589662 -0.0308364833419282 0.0272281391762428 0.0487850639436773 0.010818405784046 -0.00594461292768944 0.00132347974661745 -0.0153815420585048 -0.0336679670824108 -0.0364208544546212 -0.0378264041265776 -0.0410792902656035 -0.043975919711665 -0.0429613583754864 -0.0361061322882046 -0.0313102733373214 -0.0390071693545839 -0.049124660832904 -0.0490835665660997 -0.0332251273826896 -0.00551933597351006 0.0308616651572214 0.0834134002529802 0.142437782407152 0.224866290255401 0.304661108002499 0.399671942750542 0.507568581019796 0.593129435461019
-9999 -9999 -9999 -9999 -9999 -9999 -9999 -9999 -9999 -9999 -9999 -9999 -9999 -9999 -9999 -9999 -9999 -9999 -9999 -9999 -9999 -9999 -9999 -9999 -9999 -9999 0.0819112132161628 -0.0345779677666457 0.0204847000741233 0.0479362274406704 0.0169515091628041 -0.00221406195798912 -0.00649987815575104 -0.0226373725796994 -0.0378181227896285 -0.0390631151195731 -0.037763415465028 -0.0416138276623205 -0.043817271502279 -0.0431165574120744 -0.037354680601143 -0.0316117976173925 -0.0404170282527648 -0.0478414272338226 -0.0457747440423765 -0.0342583778983142 -0.0157816219696501 0.0178512435227998 0.0675201313916376 0.124975697585337 0.204278594723507 0.283519558620252 0.368201296811941 0.453186464488761 0.5451919622679
-9999 -9999 -9999 -9999 -9999 -9999 -9999 -9999 -9999 -9999 -9999 -9999 -9999 -9999 -9999 -9999 -9999 -9999 -9999 -9999 -9999 -9999 -9999 -9999 -9999 0.101627189299088 0.0649115592954744 -0.0361074550665383 0.0190680837187571 0.0506679188549994 0.0218167809388629 -0.00570738314125774 -0.0156130600465529 -0.0246864949154362 -0.038633076838385 -0.0420706391345987 -0.041468592947922 -0.0436117856722392 -0.0452497879492239 -0.0454859629807157 -0.0406902291773776 -0.0360663404913892 -0.0448097338169652 -0.0499562721916005 -0.0457878631640355 -0.0355361653948743 -0.019046334745584 0.00986898958110211 0.051271494007866 0.0992354220027954 0.170764359249982 0.253843174175849 0.33173774135748 0.41001465623235 0.504753427922505
