meets/meet006/_saidas_enm/CCSM_Maxent_0k_S_lineola3.asc
NCOLS 154 
NROWS 168 
XLLCORNER -112 
YLLCORNER -55.5 
CELLSIZE 0.5 
NODATA_value -9999 
[rows 75 to 99 of 168, columns 56 to 111 of 154]
-9999 -9999 -9999 -9999 -9999 -9999 -9999 -9999 -9999 -9999 -9999 0.768698871135712 0.426456779241562 0.261730492115021 0.251984447240829 0.310348361730576 0.531043887138367 0.471918642520905 0.329818159341812 0.294824689626694 0.264409601688385 0.209377899765968 0.196377247571945 0.192325532436371 0.198111847043037 0.20210425555706 0.204076781868935 0.205787569284439 0.207596763968468 0.21169638633728 0.2150958776474 0.21938319504261 0.224132105708122 0.230870455503464 0.240597367286682 0.250117301940918 0.261868983507156 0.273311287164688 0.28706419467926 0.30315962433815 0.31781992316246 0.334110409021378 0.348121792078018 0.363650918006897 0.374397933483124 0.378019720315933 0.380227982997894 0.379858314990997 0.379941940307617 0.381445229053497 0.383842974901199 0.384402334690094 0.432509422302246 0.433649361133575 0.363430976867676 0.363401412963867
-9999 -9999 -9999 -9999 -9999 -9999 -9999 -9999 -9999 -9999 -9999 0.766963064670563 0.446009546518326 0.292427897453308 0.273729115724564 0.300022810697556 0.380539059638977 0.538927972316742 0.489750564098358 0.454843044281006 0.29115355014801 0.267224788665771 0.213692277669907 0.203054264187813 0.202631384134293 0.20055203139782 0.20261262357235 0.204345747828484 0.205319136381149 0.207881823182106 0.209368526935577 0.212919160723686 0.21912194788456 0.225496247410774 0.23414371907711 0.244562298059464 0.253152966499329 0.265621453523636 0.278865158557892 0.294393539428711 0.313039243221283 0.32661446928978 0.343390703201294 0.35885813832283 0.372954905033112 0.428559958934784 0.429377645254135 0.383369326591492 0.384960204362869 0.382309794425964 0.42737340927124 0.427011698484421 0.357395738363266 0.357334941625595 0.35735809803009 0.357747256755829
-9999 -9999 -9999 -9999 -9999 -9999 -9999 -9999 -9999 -9999 -9999 -9999 0.564580380916595 0.381787985563278 0.319041222333908 0.308707475662231 0.343162328004837 0.418042719364166 0.570628345012665 0.525800168514252 0.465698093175888 0.32210186123848 0.275503009557724 0.215136110782623 0.213921815156937 0.209904178977013 0.207976043224335 0.205941185355186 0.203813016414642 0.204018771648407 0.205089539289474 0.207887634634972 0.212587997317314 0.218276664614677 0.22654914855957 0.235813409090042 0.244739457964897 0.255257934331894 0.267973989248276 0.283271044492722 0.300546497106552 0.316752225160599 0.331609547138214 0.346795648336411 0.360619783401489 0.374394178390503 0.425030827522278 0.424397081136703 0.42398864030838 0.423323512077332 0.353073507547379 0.352091163396835 0.351388603448868 0.351103156805038 0.350659549236298 0.350640296936035
-9999 -9999 -9999 -9999 -9999 -9999 -9999 -9999 -9999 -9999 -9999 -9999 0.748730480670929 0.53838187456131 0.378809124231339 0.301961421966553 0.282265216112137 0.314367115497589 0.363949596881866 0.428599715232849 0.538849413394928 0.489044964313507 0.321197777986526 0.234483107924461 0.234672337770462 0.260942548513412 0.215116545557976 0.208172410726547 0.20293864607811 0.200695902109146 0.199995845556259 0.201545998454094 0.204896464943886 0.209557577967644 0.217633605003357 0.225037902593613 0.233059540390968 0.242281183600426 0.253661960363388 0.267882972955704 0.278976738452911 0.294507950544357 0.308971107006073 0.325132727622986 0.341401338577271 0.353960514068604 0.416682243347168 0.416665405035019 0.348381340503693 0.349595248699188 0.349718660116196 0.348273783922195 0.346069425344467 0.344832718372345 0.344343453645706 0.343414485454559
-9999 -9999 -9999 -9999 -9999 -9999 -9999 -9999 -9999 -9999 -9999 -9999 -9999 0.649420022964478 0.478862851858139 0.285998702049255 0.216786935925484 0.211280360817909 0.248934790492058 0.265989542007446 0.350042819976807 0.551206231117249 0.469785779714584 0.345706343650818 0.324619114398956 0.291301399469376 0.236807122826576 0.215238735079765 0.200313702225685 0.199941948056221 0.198256865143776 0.200045317411423 0.202737212181091 0.206195339560509 0.212052404880524 0.218649759888649 0.226220265030861 0.234647840261459 0.242815837264061 0.251227974891663 0.26180973649025 0.27515321969986 0.289609968662262 0.307772725820541 0.267388641834259 0.283786922693253 0.338593930006027 0.343639671802521 0.344668626785278 0.345867186784744 0.346136689186096 0.344526767730713 0.341837912797928 0.339941293001175 0.338582843542099 0.337063997983932
-9999 -9999 -9999 -9999 -9999 -9999 -9999 -9999 -9999 -9999 -9999 -9999 -9999 0.74275541305542 0.539022088050842 0.249465748667717 0.182544350624084 0.152729734778404 0.137959957122803 0.173020198941231 0.188056126236916 0.330960094928741 0.517352402210236 0.452463299036026 0.34718182682991 0.331139296293259 0.272016584873199 0.232722923159599 0.199922740459442 0.199838578701019 0.196676924824715 0.196600988507271 0.201227843761444 0.203896671533585 0.208883583545685 0.21442674100399 0.2210483700037 0.228093236684799 0.233976140618324 0.241647347807884 0.249956324696541 0.261323511600494 0.220399349927902 0.237188279628754 0.259911715984344 0.283263891935349 0.332481801509857 0.340605109930038 0.341865301132202 0.342308670282364 0.343803465366364 0.341092646121979 0.338410168886185 0.336227834224701 0.334438860416412 0.332076340913773
-9999 -9999 -9999 -9999 -9999 -9999 -9999 -9999 -9999 -9999 -9999 -9999 -9999 -9999 0.642895936965942 0.442965656518936 0.236174091696739 0.127185836434364 0.0946017205715179 0.106057330965996 0.162211626768112 0.227023094892502 0.365787178277969 0.557559311389923 0.50983077287674 0.451015383005142 0.342771023511887 0.266425043344498 0.240024209022522 0.22927363216877 0.202538594603539 0.205315187573433 0.201673284173012 0.200186654925346 0.207078337669373 0.211809188127518 0.217397093772888 0.220109045505524 0.225830405950546 0.234131395816803 0.243574395775795 0.201827600598335 0.213280603289604 0.2296032756567 0.250548124313354 0.269284009933472 0.32098525762558 0.327622562646866 0.335238695144653 0.337788581848145 0.338024079799652 0.337385565042496 0.335303336381912 0.333720266819 0.3326755464077 0.330053210258484
-9999 -9999 -9999 -9999 -9999 -9999 -9999 -9999 -9999 -9999 -9999 -9999 -9999 -9999 0.670006990432739 0.624552965164185 0.369881957769394 0.146690681576729 0.0906532257795334 0.0868334099650383 0.120790310204029 0.167919188737869 0.258463531732559 0.349965542554855 0.418873250484467 0.55842524766922 0.516706645488739 0.431538343429565 0.312074989080429 0.294278413057327 0.242163971066475 0.222067892551422 0.209180131554604 0.206526651978493 0.207173153758049 0.209563106298447 0.213450238108635 0.217609047889709 0.220796942710876 0.229488402605057 0.238255813717842 0.19854873418808 0.208260655403137 0.222456768155098 0.240796029567719 0.258214175701141 0.308518648147583 0.314717054367065 0.32237696647644 0.331122696399689 0.334174662828445 0.335606962442398 0.334219306707382 0.333313763141632 0.332765072584152 0.330542892217636
-9999 -9999 -9999 -9999 -9999 -9999 -9999 -9999 -9999 -9999 -9999 -9999 -9999 -9999 -9999 0.736973524093628 0.490849733352661 0.202641725540161 0.108319483697414 0.0820339545607567 0.092551551759243 0.0923651605844498 0.100106596946716 0.125450432300568 0.173862025141716 0.252226769924164 0.338115990161896 0.444929122924805 0.566338717937469 0.49446564912796 0.381185442209244 0.308636784553528 0.238833293318748 0.213914677500725 0.21908888220787 0.227586522698402 0.22899141907692 0.231478676199913 0.234314069151878 0.237912312150002 0.192219093441963 0.198137983679771 0.204325765371323 0.215858072042465 0.231550142168999 0.246862784028053 0.258406579494476 0.306645482778549 0.316033452749252 0.324698835611343 0.332278043031693 0.33739173412323 0.336459875106812 0.335624307394028 0.334767997264862 0.333895474672318
-9999 -9999 -9999 -9999 -9999 -9999 -9999 -9999 -9999 -9999 -9999 -9999 -9999 -9999 -9999 0.379401326179504 0.5259610414505 0.275167465209961 0.142772257328033 0.0918330997228622 0.0749330893158913 0.044417180120945 0.0408087782561779 0.0404641889035702 0.0547360442578793 0.0767526924610138 0.125003799796104 0.191295847296715 0.294239789247513 0.369138598442078 0.526382863521576 0.453808188438416 0.271717697381973 0.214254036545753 0.21556955575943 0.237482413649559 0.24258279800415 0.245649129152298 0.256524741649628 0.271585673093796 0.226661831140518 0.199618324637413 0.201538980007172 0.212386667728424 0.22350150346756 0.23813009262085 0.250170856714249 0.300171405076981 0.311050981283188 0.320055603981018 0.328627377748489 0.33469432592392 0.339126318693161 0.337613105773926 0.336131155490875 0.336504131555557
-9999 -9999 -9999 -9999 -9999 -9999 -9999 -9999 -9999 -9999 -9999 -9999 -9999 -9999 -9999 0.213986992835999 0.534774005413055 0.365404307842255 0.243075162172318 0.134582757949829 0.0686536580324173 0.0411121509969234 0.0285826288163662 0.0269141234457493 0.025563096627593 0.0261249653995037 0.040213156491518 0.0619710236787796 0.111573606729507 0.215155258774757 0.312879413366318 0.494673758745193 0.42805752158165 0.248814448714256 0.228338003158569 0.22231425344944 0.233637556433678 0.255751758813858 0.268004417419434 0.285283774137497 0.239562824368477 0.214018493890762 0.200913771986961 0.210321292281151 0.218877241015434 0.229874134063721 0.24125000834465 0.291510343551636 0.30252742767334 0.31178680062294 0.321769863367081 0.325060456991196 0.330053329467773 0.29299408197403 0.291072219610214 0.292175114154816
-9999 -9999 -9999 -9999 -9999 -9999 -9999 -9999 -9999 -9999 -9999 -9999 -9999 -9999 -9999 -9999 0.405893087387085 0.367993056774139 0.327619820833206 0.236839100718498 0.114938728511333 0.0711784213781357 0.0358511209487915 0.0259457193315029 0.023178631439805 0.0210642293095589 0.0223035886883736 0.0245994180440903 0.0409465543925762 0.117183081805706 0.226538673043251 0.327314853668213 0.457572400569916 0.397706717252731 0.276129961013794 0.242360204458237 0.229165256023407 0.242561995983124 0.267132550477982 0.284195572137833 0.299263507127762 0.203365921974182 0.20218488574028 0.208769366145134 0.214399114251137 0.221484512090683 0.230465024709702 0.240727305412292 0.249188721179962 0.256283611059189 0.265704244375229 0.265830487012863 0.269991099834442 0.275595158338547 0.2800332903862 0.287169277667999
-9999 -9999 -9999 -9999 -9999 -9999 -9999 -9999 -9999 -9999 -9999 -9999 -9999 -9999 -9999 -9999 -9999 0.419125109910965 0.451091647148132 0.321057558059692 0.255263447761536 0.165556862950325 0.090788222849369 0.0540196932852268 0.0381950736045837 0.0275809224694967 0.0236222241073847 0.0237455014139414 0.0305377896875143 0.0719964355230331 0.145060464739799 0.252901077270508 0.333295613527298 0.472537755966187 0.426590085029602 0.332684814929962 0.262632578611374 0.250293999910355 0.241217076778412 0.249782368540764 0.251404017210007 0.201075077056885 0.203860148787498 0.207185879349709 0.208587229251862 0.212993204593658 0.219301268458366 0.223795086145401 0.229211628437042 0.23467355966568 0.236788377165794 0.240693867206573 0.24233478307724 0.249823525547981 0.262970626354218 0.277413755655289
-9999 -9999 -9999 -9999 -9999 -9999 -9999 -9999 -9999 -9999 -9999 -9999 -9999 -9999 -9999 -9999 -9999 -9999 -9999 0.444618254899979 0.333356231451035 0.294879645109177 0.228982910513878 0.136323019862175 0.0824114456772804 0.0488801300525665 0.0331722013652325 0.0260231625288725 0.0270930267870426 0.0402496159076691 0.0860534682869911 0.156439408659935 0.22215960919857 0.343186497688293 0.486344248056412 0.43305367231369 0.342423647642136 0.278459697961807 0.254148006439209 0.255190193653107 0.257013738155365 0.254852175712585 0.254717022180557 0.203839644789696 0.205499544739723 0.207704246044159 0.212252795696259 0.213952705264091 0.217220097780228 0.220565617084503 0.220178514719009 0.224839210510254 0.230938240885735 0.236342594027519 0.25138047337532 0.267946839332581
-9999 -9999 -9999 -9999 -9999 -9999 -9999 -9999 -9999 -9999 -9999 -9999 -9999 -9999 -9999 -9999 -9999 -9999 -9999 -9999 -9999 0.435817986726761 0.418761193752289 0.348394364118576 0.173808544874191 0.0843009874224663 0.0534618645906448 0.0329340547323227 0.0258326008915901 0.0292669534683228 0.0377489738166332 0.068531833589077 0.156610429286957 0.242103844881058 0.339283674955368 0.513209760189056 0.465744107961655 0.362608253955841 0.281926572322845 0.277263820171356 0.264618068933487 0.260402768850327 0.256402611732483 0.254797011613846 0.204380214214325 0.206796213984489 0.211082831025124 0.214421734213829 0.216407716274261 0.218415409326553 0.221545219421387 0.230676710605621 0.235498920083046 0.239249870181084 0.246563673019409 0.261838287115097
-9999 -9999 -9999 -9999 -9999 -9999 -9999 -9999 -9999 -9999 -9999 -9999 -9999 -9999 -9999 -9999 -9999 -9999 -9999 -9999 -9999 -9999 -9999 0.463097602128983 0.398714184761047 0.219318509101868 0.117853358387947 0.0574707947671413 0.0370887070894241 0.0308593083173037 0.030933553352952 0.0427961871027946 0.0734644457697868 0.143426030874252 0.236658722162247 0.322464913129807 0.538806200027466 0.510662376880646 0.46867236495018 0.377774506807327 0.290726602077484 0.268496423959732 0.26206973195076 0.255201101303101 0.204486355185509 0.208495542407036 0.213389083743095 0.217560589313507 0.219964578747749 0.221059486269951 0.2250065356493 0.232178926467896 0.235779345035553 0.240775555372238 0.247237160801888 0.256472289562225
-9999 -9999 -9999 -9999 -9999 -9999 -9999 -9999 -9999 -9999 -9999 -9999 -9999 -9999 -9999 -9999 -9999 -9999 -9999 -9999 -9999 -9999 -9999 -9999 -9999 0.513046741485596 0.296808153390884 0.133931368589401 0.0678442493081093 0.0467868745326996 0.0388044305145741 0.0341341644525528 0.0360284373164177 0.0533378608524799 0.114679396152496 0.199174508452415 0.278313964605331 0.377834171056747 0.560737311840057 0.512227058410645 0.370873719453812 0.278643131256104 0.268115103244781 0.255007147789001 0.25684517621994 0.21156170964241 0.216558948159218 0.222789108753204 0.224656954407692 0.223513156175613 0.229680269956589 0.233991697430611 0.234353914856911 0.241462931036949 0.253924518823624 0.262243896722794
-9999 -9999 -9999 -9999 -9999 -9999 -9999 -9999 -9999 -9999 -9999 -9999 -9999 -9999 -9999 -9999 -9999 -9999 -9999 -9999 -9999 -9999 -9999 -9999 -9999 0.593337118625641 0.43325275182724 0.259438425302505 0.154430314898491 0.0903284177184105 0.054941114038229 0.0381079204380512 0.0315075777471066 0.0360286347568035 0.0543917082250118 0.0871490389108658 0.150824934244156 0.232032924890518 0.354833722114563 0.558726727962494 0.499170929193497 0.337146013975143 0.270182490348816 0.256108373403549 0.256362199783325 0.265026271343231 0.217168435454369 0.222768411040306 0.224571600556374 0.223037347197533 0.226115062832832 0.232141107320786 0.235304087400436 0.244610458612442 0.257542610168457 0.268097728490829
-9999 -9999 -9999 -9999 -9999 -9999 -9999 -9999 -9999 -9999 -9999 -9999 -9999 -9999 -9999 -9999 -9999 -9999 -9999 -9999 -9999 -9999 -9999 -9999 -9999 -9999 -9999 0.370311111211777 0.231898963451385 0.137163236737251 0.0873425304889679 0.0538419298827648 0.0398406349122524 0.0371230728924274 0.0425249338150024 0.0572686865925789 0.0949964746832848 0.144182696938515 0.241778761148453 0.373061448335648 0.533166408538818 0.432141095399857 0.272979080677032 0.249153837561607 0.253782957792282 0.262566864490509 0.267037093639374 0.218163907527924 0.219343513250351 0.21744641661644 0.219729751348495 0.23057533800602 0.237477764487267 0.246646404266357 0.260812908411026 0.268985599279404
-9999 -9999 -9999 -9999 -9999 -9999 -9999 -9999 -9999 -9999 -9999 -9999 -9999 -9999 -9999 -9999 -9999 -9999 -9999 -9999 -9999 -9999 -9999 -9999 -9999 -9999 -9999 0.395572006702423 0.194005072116852 0.127946048974991 0.115721501410007 0.0759455412626266 0.0531912557780743 0.0453984700143337 0.0481021255254745 0.0591180734336376 0.0823506712913513 0.116996586322784 0.190650135278702 0.303996562957764 0.55096298456192 0.4592424929142 0.317518144845963 0.243604049086571 0.246947810053825 0.255796700716019 0.258899867534637 0.261135429143906 0.20993883907795 0.20994359254837 0.22024704515934 0.235409259796143 0.24721322953701 0.255616039037704 0.262107789516449 0.263794898986816
-9999 -9999 -9999 -9999 -9999 -9999 -9999 -9999 -9999 -9999 -9999 -9999 -9999 -9999 -9999 -9999 -9999 -9999 -9999 -9999 -9999 -9999 -9999 -9999 -9999 -9999 -9999 -9999 0.194704473018646 0.147635251283646 0.106169499456882 0.084958553314209 0.0578527227044106 0.0492125116288662 0.0557403676211834 0.071854405105114 0.0882598385214806 0.111791260540485 0.17614783346653 0.266693353652954 0.402785390615463 0.484122186899185 0.318566650152206 0.235157907009125 0.238807931542397 0.248130694031715 0.248223483562469 0.248362004756927 0.253266453742981 0.26422581076622 0.224518924951553 0.240422233939171 0.259377151727676 0.265987902879715 0.261193454265594 0.268523395061493
-9999 -9999 -9999 -9999 -9999 -9999 -9999 -9999 -9999 -9999 -9999 -9999 -9999 -9999 -9999 -9999 -9999 -9999 -9999 -9999 -9999 -9999 -9999 -9999 -9999 -9999 -9999 -9999 0.27280467748642 0.155749142169952 0.11288882791996 0.0679778233170509 0.0582732148468494 0.0519718043506145 0.0648195445537567 0.0833661332726479 0.0993867516517639 0.123991005122662 0.179382219910622 0.259526282548904 0.378317594528198 0.506086468696594 0.32600125670433 0.233415886759758 0.225497782230377 0.232257485389709 0.238774985074997 0.260213047266006 0.274808943271637 0.273852854967117 0.278736978769302 0.296883225440979 0.260616272687912 0.263931095600128 0.259492456912994 0.276845097541809
-9999 -9999 -9999 -9999 -9999 -9999 -9999 -9999 -9999 -9999 -9999 -9999 -9999 -9999 -9999 -9999 -9999 -9999 -9999 -9999 -9999 -9999 -9999 -9999 -9999 -9999 -9999 -9999 0.27044877409935 0.167951419949532 0.122917316854 0.069910004734993 0.042287677526474 0.0366629995405674 0.0622067451477051 0.0887291729450226 0.108351811766624 0.129856660962105 0.184158310294151 0.257537811994553 0.361880123615265 0.512758314609528 0.325495183467865 0.230919793248177 0.22272153198719 0.222843065857887 0.226291954517365 0.270402520895004 0.286350309848785 0.278832226991653 0.268009305000305 0.292956233024597 0.316220670938492 0.314327239990234 0.265969336032867 0.28571942448616
-9999 -9999 -9999 -9999 -9999 -9999 -9999 -9999 -9999 -9999 -9999 -9999 -9999 -9999 -9999 -9999 -9999 -9999 -9999 -9999 -9999 -9999 -9999 -9999 -9999 -9999 -9999 -9999 0.277243167161942 0.168786555528641 0.119856134057045 0.0698735415935516 0.0425604842603207 0.0358728989958763 0.0424869917333126 0.0807638317346573 0.105892069637775 0.141401439905167 0.201636120676994 0.272501885890961 0.37675604224205 0.510963320732117 0.320168018341064 0.22900265455246 0.219515427947044 0.221732035279274 0.224374905228615 0.240832835435867 0.264822423458099 0.275146752595901 0.281534790992737 0.28973513841629 0.296206593513489 0.311338722705841 0.334069341421127 0.357493489980698
-9999 -9999 -9999 -9999 -9999 -9999 -9999 -9999 -9999 -9999 -9999 -9999 -9999 -9999 -9999 -9999 -9999 -9999 -9999 -9999 -9999 -9999 -9999 -9999 -9999 -9999 -9999 -9999 0.279621362686157 0.16797336935997 0.118998110294342 0.0665096342563629 0.040381733328104 0.0330041721463203 0.0400920398533344 0.0712252259254456 0.107984125614166 0.150520652532578 0.217603594064713 0.288073867559433 0.39371058344841 0.50218003988266 0.310039430856705 0.224138662219048 0.218394845724106 0.220120698213577 0.22189012169838 0.227346390485764 0.23603418469429 0.260205388069153 0.284233510494232 0.286302536725998 0.296784967184067 0.315234959125519 0.340286880731583 0.366544634103775
