meets/meet006/_saidas_enm/CCSM_SVM_0k_T_subalaris2.asc
NCOLS 154 
NROWS 168 
XLLCORNER -112 
YLLCORNER -55.5 
CELLSIZE 0.5 
NODATA_value -9999 
[rows 100 to 124 of 168, columns 55 to 109 of 154]
-9999 -9999 -9999 -9999 -9999 -9999 -9999 -9999 -9999 -9999 -9999 -9999 -9999 -9999 -9999 -9999 -9999 -9999 -9999 -9999 -9999 -9999 -9999 -9999 -9999 -9999 -9999 -9999 -9999 0.0767840684577294 0.300652091392886 0.0857079976088767 -0.0661233419040899 -0.0330671607497154 0.0012333584693599 0.00220416423637959 -0.0133154470881595 -0.0191492412144275 -0.0336565020812476 -0.0233435244034962 0.264300651403095 0.800019966391306 0.774133489911538 0.255196061369255 -0.0851148061600825 -0.14512624207109 -0.134178472989971 -0.139853840851419 -0.123793639320899 -0.0925444870554645 -0.0544199888306354 -0.0105183403686561 0.0156156577122501 0.0544930864549234 0.133704325895236
-9999 -9999 -9999 -9999 -9999 -9999 -9999 -9999 -9999 -9999 -9999 -9999 -9999 -9999 -9999 -9999 -9999 -9999 -9999 -9999 -9999 -9999 -9999 -9999 -9999 -9999 -9999 -9999 -9999 0.074561893949039 0.27633486280495 0.0180311205685911 -0.0619025508106946 -0.0333092455984109 -0.00855995977023194 -0.0104190928199185 -0.0215031988780747 -0.0303787922779581 -0.0438187052397815 -0.0253529398842421 0.310926716988667 0.803209849537613 0.673756900010618 0.165539027368526 -0.126660589670827 -0.146897544673144 -0.124496476687978 -0.121177443931644 -0.0858741544832525 -0.0472873122078118 -0.0144163741165536 0.0399046057806535 0.0532632935916166 0.0893586306688385 0.168459605224233
-9999 -9999 -9999 -9999 -9999 -9999 -9999 -9999 -9999 -9999 -9999 -9999 -9999 -9999 -9999 -9999 -9999 -9999 -9999 -9999 -9999 -9999 -9999 -9999 -9999 -9999 -9999 -9999 0.0304957217266669 0.0712937057634266 0.252066558777866 0.0342444085804627 -0.0603719675480245 -0.0450016677779219 -0.0287361175128532 -0.0241633687437968 -0.0347592937878766 -0.0413517242819167 -0.0506707712441606 -0.00333212023021046 0.402543617578878 0.807250840535294 0.584525360384536 0.134614234338876 -0.11867704978858 -0.134843829551014 -0.0915086452419093 -0.0776210788671463 -0.0486129716617378 -0.0107442869057506 0.0314689483244418 0.0722333440252784 0.0843760279578767 0.0865840970101861 0.150430699298852
-9999 -9999 -9999 -9999 -9999 -9999 -9999 -9999 -9999 -9999 -9999 -9999 -9999 -9999 -9999 -9999 -9999 -9999 -9999 -9999 -9999 -9999 -9999 -9999 -9999 -9999 -9999 -9999 0.0304858708080533 0.0688125611011261 0.228375299031192 0.0139098733788158 -0.0599227328907486 -0.0544084984386919 -0.0437476318902673 -0.0340305047266539 -0.0384282491492904 -0.0493597838687477 -0.0471567430714095 0.0376840065436228 0.493316747017876 0.780831265247237 0.502196447757644 0.1050995677935 -0.108186045731614 -0.100027085699316 -0.0480723721315806 -0.027784488087883 -0.000479799397377412 0.037962571745135 0.0855623235328331 0.125699661214879 0.13625511369624 0.121494137909643 0.172153165129099
-9999 -9999 -9999 -9999 -9999 -9999 -9999 -9999 -9999 -9999 -9999 -9999 -9999 -9999 -9999 -9999 -9999 -9999 -9999 -9999 -9999 -9999 -9999 -9999 -9999 -9999 -9999 -9999 0.0251924676363032 0.0684656219694676 0.192323065051784 -0.0167523360305185 -0.0637465291957857 -0.0595069077825344 -0.0528664156871596 -0.0369702313339491 -0.0380104209642406 -0.0524457950064035 -0.0319080662480604 0.110707873295222 0.561708458799054 0.760969750973148 0.454396830496171 0.116607795677765 -0.0623389115270192 -0.0633249562433444 -0.00587489957732601 0.0172603297582148 0.048275557876062 0.0909776966506707 0.149634349688916 0.20142660613302 0.218625364793859 0.235603189064427 0.285131003579696
-9999 -9999 -9999 -9999 -9999 -9999 -9999 -9999 -9999 -9999 -9999 -9999 -9999 -9999 -9999 -9999 -9999 -9999 -9999 -9999 -9999 -9999 -9999 -9999 -9999 -9999 -9999 -9999 0.00831571791464319 0.0699401477544503 0.137860353620022 -0.0518245582343244 -0.0616041977098254 -0.0568426652943139 -0.0498856790001099 -0.0284489030658319 -0.0266495441661602 -0.0488812878321374 -0.0336182144114225 0.132435242734325 0.578776583775216 0.713619021354492 0.412182805663008 0.130564347742608 -0.0248757536788786 -0.0262447119736949 0.0175717008201 0.0409466647108261 0.0820534380816837 0.13594328453857 0.203911273502384 0.269786544254917 0.304934517949826 0.338726893522773 0.400423010269067
-9999 -9999 -9999 -9999 -9999 -9999 -9999 -9999 -9999 -9999 -9999 -9999 -9999 -9999 -9999 -9999 -9999 -9999 -9999 -9999 -9999 -9999 -9999 -9999 -9999 -9999 -9999 -9999 -0.0152943908266577 0.0730451933720415 0.0713914419736329 -0.060897152887275 -0.0457560794705261 -0.0427892813830932 -0.038862245978728 -0.0110113939286735 -0.000628976664634795 -0.0354747933303574 -0.0561109006355673 0.0979434981495219 0.557980697384191 0.658793221266111 0.382915943396666 0.151765431533961 0.0231643746868719 0.00514871190141153 0.0240120998979128 0.0630113243686664 0.112482303532044 0.17276506767149 0.252540923898599 0.320038642014357 0.372005343819181 0.425168406349732 0.489353457347037
-9999 -9999 -9999 -9999 -9999 -9999 -9999 -9999 -9999 -9999 -9999 -9999 -9999 -9999 -9999 -9999 -9999 -9999 -9999 -9999 -9999 -9999 -9999 -9999 -9999 -9999 -9999 -9999 -0.0285885907264002 0.0737681439497324 0.0233660095144418 -0.0411071885320743 -0.0213121512707498 -0.0276478257003178 -0.0265924666699007 0.00568813667924545 0.0226877500444498 -0.0196375672428382 -0.0801428819967303 0.0660181280620859 0.535060177980626 0.607476266036365 0.347916203289632 0.166687055457203 0.061765645576554 0.0499598107264884 0.0677104624920716 0.106918807761756 0.158067287336109 0.223231729710423 0.303382086449113 0.378943852541079 0.44015714415262 0.501871724187851 0.575829306145912
-9999 -9999 -9999 -9999 -9999 -9999 -9999 -9999 -9999 -9999 -9999 -9999 -9999 -9999 -9999 -9999 -9999 -9999 -9999 -9999 -9999 -9999 -9999 -9999 -9999 -9999 -9999 -9999 -0.0142776280583393 0.0640178874260103 -0.00522138888481505 -0.00634348620136715 -0.000270686644480378 -0.0167450090830681 -0.0235202941972386 0.014757744232921 0.0455861615374361 -0.0132121185115429 -0.101593084726333 0.050180568973793 0.52688264802972 0.534885764093025 0.299148691136562 0.166010307560747 0.0959939614159213 0.0970600937734068 0.132231455727421 0.16280748048072 0.220916892595278 0.281593779896432 0.352866752835379 0.42863594484429 0.495137762599313 0.572921621302476 0.646211898340096
-9999 -9999 -9999 -9999 -9999 -9999 -9999 -9999 -9999 -9999 -9999 -9999 -9999 -9999 -9999 -9999 -9999 -9999 -9999 -9999 -9999 -9999 -9999 -9999 -9999 -9999 -9999 -9999 0.0246363024985787 0.0494033103672936 -0.00847488981992139 -0.00079008358504129 -0.000752202284098669 -0.0325455199369838 -0.0416022710905168 0.000724054371034233 0.0302848344328113 -0.0389821714505519 -0.104243213486091 0.136844111340863 0.541608039359965 0.462603210003784 0.237116432084778 0.147801108968251 0.107673208612441 0.1184632039771 0.158470020939283 0.199008079090694 0.256815909230493 0.319042930327253 0.387692437852989 0.463095425161861 0.534811155964262 0.610651841612453 0.685462826468951
-9999 -9999 -9999 -9999 -9999 -9999 -9999 -9999 -9999 -9999 -9999 -9999 -9999 -9999 -9999 -9999 -9999 -9999 -9999 -9999 -9999 -9999 -9999 -9999 -9999 -9999 -9999 0.0992023130359589 0.0541740852602166 0.0273494411989681 -0.00849542910964873 0.011621823661891 -0.0059026823206495 -0.0430693186286478 -0.0569471629512884 -0.0271984822735271 0.0126070851387867 -0.0779323379957783 -0.0123449669258321 0.335651189956724 0.542157875681031 0.32459749089313 0.156231947384543 0.10561288190273 0.0964287891317613 0.112223021880908 0.146957951115901 0.19404548774393 0.25836711077449 0.327257895482402 0.408317157893683 0.486765200872259 0.557958121337653 0.630854596901293 0.703049906706571
-9999 -9999 -9999 -9999 -9999 -9999 -9999 -9999 -9999 -9999 -9999 -9999 -9999 -9999 -9999 -9999 -9999 -9999 -9999 -9999 -9999 -9999 -9999 -9999 -9999 -9999 -9999 0.1030858646581 0.0455005572822445 -0.0113477278346183 -0.00248641950254591 0.0156235026769005 -0.0015675021610646 -0.0285043471137224 -0.0418756904321291 -0.0569045673681997 -0.0687388642192139 -0.0761165026059266 0.187721041201601 0.503431279556048 0.460994633827358 0.226471312634384 0.0783263417069595 0.0529809440788497 0.0563814648942924 0.0771216023614571 0.117629437125306 0.181710555431281 0.260485613957906 0.340934649626351 0.426123162363979 0.509458294400378 0.589483597445737 0.664769793668 0.737522444857653
-9999 -9999 -9999 -9999 -9999 -9999 -9999 -9999 -9999 -9999 -9999 -9999 -9999 -9999 -9999 -9999 -9999 -9999 -9999 -9999 -9999 -9999 -9999 -9999 -9999 -9999 -9999 0.0877092171599758 -0.018615751953838 -0.0373002031393993 0.00175478524353828 0.0366387014055165 0.0146708658435958 0.0142426090812909 0.00117357736907625 -0.0316111711936305 -0.0754455756861017 0.104870497146748 0.440823512798855 0.484771841547517 0.312952010440081 0.0928631276188442 0.0180453022137764 0.00498184354703196 0.0159036824144742 0.0425989297333093 0.0761426615672844 0.160382831092624 0.261607004908662 0.351666057403142 0.437724978954861 0.523493808145966 0.606274077651898 0.695270585559755 0.767221546365616
-9999 -9999 -9999 -9999 -9999 -9999 -9999 -9999 -9999 -9999 -9999 -9999 -9999 -9999 -9999 -9999 -9999 -9999 -9999 -9999 -9999 -9999 -9999 -9999 -9999 -9999 -9999 0.0292333462855643 -0.0664774677902779 -0.0420382500560209 -0.00934687671390511 0.0133721796005861 0.0437510181158959 0.0840161614043297 0.133387046348684 0.171076762393088 0.244165407451605 0.43805081350646 0.516234373393321 0.325449247738533 0.15730409615689 0.0496211187756718 -0.00778309559726142 -0.0129360828735944 0.00276973300568173 0.0344184328219185 0.0802735816776552 0.156062115977489 0.255804096062252 0.351265578451816 0.440727015038785 0.526228040684138 0.615335477052472 0.701633786856283 0.774590344779132
-9999 -9999 -9999 -9999 -9999 -9999 -9999 -9999 -9999 -9999 -9999 -9999 -9999 -9999 -9999 -9999 -9999 -9999 -9999 -9999 -9999 -9999 -9999 -9999 -9999 -9999 0.0054142017943572 -0.0403148447701024 -0.0606801790855858 -0.0213757733107908 -0.0321786931725992 0.0100590409981528 0.0908378097918074 0.230378941848047 0.386789230607695 0.472837197847381 0.508385936371549 0.528280503034486 0.358129511958981 0.126536937563388 0.0466178405065213 0.0158603110548464 -0.0203342613475835 -0.0180128289986979 0.00640424301053599 0.0486407834698993 0.0995821694146424 0.154261475366433 0.249993446312691 0.347512033059828 0.44058921378067 0.519595292973566 0.609015197100903 0.697776530030283 0.771205032874484
-9999 -9999 -9999 -9999 -9999 -9999 -9999 -9999 -9999 -9999 -9999 -9999 -9999 -9999 -9999 -9999 -9999 -9999 -9999 -9999 -9999 -9999 -9999 -9999 -9999 -9999 0.0212249787957614 -0.0666664915245867 -0.046317802881343 -0.0202506291508185 -0.0442909277744209 0.00443940239136975 0.130729346583368 0.343040902884019 0.546413259221798 0.519098401620728 0.43519159944778 0.356024835988866 0.196402411754259 0.0394206959597567 -0.00664979262464094 -0.0218999756250694 -0.0323741784988985 -0.0229781401724446 0.00352456190076572 0.0530120025998531 0.104429929982425 0.156359664140436 0.238973805026595 0.331931747138115 0.429003030577768 0.520328597805596 0.610926536798379 0.692997644168632 0.764601077520943
-9999 -9999 -9999 -9999 -9999 -9999 -9999 -9999 -9999 -9999 -9999 -9999 -9999 -9999 -9999 -9999 -9999 -9999 -9999 -9999 -9999 -9999 -9999 -9999 -9999 -9999 0.00805629079586589 -0.0750965948356834 -0.0323652702305627 -0.0168077069077469 -0.0565531738788031 0.0158043073999889 0.155849148631614 0.372897003815149 0.449591204132086 0.355385440549367 0.222705570416467 0.17689343490065 0.0827422713655471 0.00421820977608617 -0.0142106575376233 -0.0386360736827591 -0.0354008186633894 -0.0286348195540321 -0.00630644589325402 0.0421683998569846 0.0997118874318156 0.146339629945499 0.228219267073054 0.320594678888493 0.423200043177442 0.515164923627478 0.604489876102854 0.68779398653923 0.760616174077489
-9999 -9999 -9999 -9999 -9999 -9999 -9999 -9999 -9999 -9999 -9999 -9999 -9999 -9999 -9999 -9999 -9999 -9999 -9999 -9999 -9999 -9999 -9999 -9999 -9999 -9999 0.0120698892280149 -0.0884460845119858 -0.0500344996073853 -0.0434617935602062 -0.0825705121578802 -0.0265630322460116 0.143114174623689 0.284602358144987 0.284059994093866 0.19773240712488 0.117092590773594 0.0768459999049887 0.0400627259855025 0.0103075769171163 0.00617081467086938 0.00317104195719686 -0.0166267278649113 -0.0256488964433286 -0.0150585301873868 0.0161898984205798 0.0624827642421858 0.132772639857824 0.224928686813503 0.314118780647549 0.41000223289741 0.50248722640455 0.595887267990026 0.682047208244862 0.753162213450404
-9999 -9999 -9999 -9999 -9999 -9999 -9999 -9999 -9999 -9999 -9999 -9999 -9999 -9999 -9999 -9999 -9999 -9999 -9999 -9999 -9999 -9999 -9999 -9999 -9999 -9999 0.0120610746356559 -0.0975436040190751 -0.0615469363968766 -0.0604928635836443 -0.103515894423068 -0.0439253668224252 0.124931547640426 0.191942022314363 0.150955135235835 0.0971992767801311 0.0448183843777218 0.0234941176496963 0.00601544759935851 -0.000210259505503685 0.0116587121280485 0.0186404231483234 -0.00992643722520925 -0.0308418705061632 -0.0253382022749156 0.00355302594129314 0.0435862732671225 0.121952392278082 0.217014526511992 0.30404122111295 0.400706959171941 0.482435390548832 0.576758593144362 0.66735977050506 0.741816392072806
-9999 -9999 -9999 -9999 -9999 -9999 -9999 -9999 -9999 -9999 -9999 -9999 -9999 -9999 -9999 -9999 -9999 -9999 -9999 -9999 -9999 -9999 -9999 -9999 -9999 -9999 0.0107192044649934 -0.100982750425947 -0.0716993547644095 -0.0724503313720122 -0.104975455132097 -0.0326818258895689 0.0963408481575635 0.12309717511743 0.0849746379957851 0.0499151096570638 0.0249783308656756 0.00228488748097383 -0.0143595482108997 -0.017571306826825 -0.00374203013505059 0.00161312725890128 -0.0221997511395756 -0.0483379276289849 -0.0433189830916869 -0.00465605735458485 0.0502806787394134 0.120152537663487 0.201384591389245 0.281128371955882 0.373336533326941 0.463204853041633 0.555904850730586 0.643607763111997 0.717010891627859
-9999 -9999 -9999 -9999 -9999 -9999 -9999 -9999 -9999 -9999 -9999 -9999 -9999 -9999 -9999 -9999 -9999 -9999 -9999 -9999 -9999 -9999 -9999 -9999 -9999 -9999 0.0173395258042863 -0.103364701035257 -0.0678836385251169 -0.0674646523279158 -0.0948614607048566 -0.0334375951965517 0.0628497297191069 0.0676768271863917 0.0338797219456915 0.0146494915070893 0.00298239931192357 -0.0175409930678709 -0.0328250757282742 -0.0338984469276186 -0.0178862153956391 -0.0108631107655636 -0.0303987681615537 -0.0565199400416351 -0.0506717947959731 -0.00505465822352491 0.0493479004297074 0.111241719321939 0.184946483446488 0.257159321650179 0.34999982243351 0.432537390166806 0.521753019503499 0.612756253241149 0.689761773157632
-9999 -9999 -9999 -9999 -9999 -9999 -9999 -9999 -9999 -9999 -9999 -9999 -9999 -9999 -9999 -9999 -9999 -9999 -9999 -9999 -9999 -9999 -9999 -9999 -9999 -9999 0.0210852172858672 -0.10446838425124 -0.0604469832035799 -0.0550727992214024 -0.085192727994948 -0.0520900666366323 0.0185113720017354 0.0197141944563296 -0.00507754316521336 -0.0203849239029458 -0.032086473017519 -0.0398682723197811 -0.0477981138827802 -0.0455565648170448 -0.0292777422054072 -0.0195512208229552 -0.0325633666032444 -0.0535250766689509 -0.0484153859691538 -0.00959149884938171 0.0450687860879731 0.104225881285437 0.16688541883509 0.236791080131032 0.316659320937677 0.399223841346288 0.493783100511025 0.582905287723667 0.660361742045079
-9999 -9999 -9999 -9999 -9999 -9999 -9999 -9999 -9999 -9999 -9999 -9999 -9999 -9999 -9999 -9999 -9999 -9999 -9999 -9999 -9999 -9999 -9999 -9999 -9999 -9999 0.0348160575697876 -0.104142361548444 -0.0623769591092421 -0.0418958870730288 -0.0760264039087714 -0.0597602199481849 -0.0112872427823912 -0.0137533209786778 -0.0312735837561151 -0.0381379166282959 -0.0444857586609402 -0.0477878529365784 -0.0522629328701099 -0.049393175694219 -0.0321896658608996 -0.0219898750102514 -0.0319473850766225 -0.0506424148064952 -0.0474593471065661 -0.0119538411155413 0.0348435382372488 0.0856336690885496 0.148775988464129 0.213614665450138 0.296214844596188 0.370898081937766 0.454883684938742 0.546408807322553 0.617178352827884
-9999 -9999 -9999 -9999 -9999 -9999 -9999 -9999 -9999 -9999 -9999 -9999 -9999 -9999 -9999 -9999 -9999 -9999 -9999 -9999 -9999 -9999 -9999 -9999 -9999 -9999 0.0498018338264994 -0.100322280601844 -0.0632151676588752 -0.0314185771453592 -0.0649831192504767 -0.063789128716504 -0.0322194380183982 -0.0349664219426953 -0.0440326336493203 -0.0449139295415945 -0.0419574292319675 -0.0483069403765543 -0.0502673664436376 -0.0456321533014076 -0.0316735069940187 -0.0194925737084696 -0.0317051525917904 -0.0493676585492037 -0.0457112543393338 -0.0184222985519561 0.0160498045812777 0.0653671899560133 0.127307869383435 0.192718874805495 0.274393725005806 0.350124870929024 0.4251440300467 0.497733613611884 0.572846850612296
-9999 -9999 -9999 -9999 -9999 -9999 -9999 -9999 -9999 -9999 -9999 -9999 -9999 -9999 -9999 -9999 -9999 -9999 -9999 -9999 -9999 -9999 -9999 -9999 -9999 0.0881399432456065 0.0390614457259617 -0.0952532660668521 -0.0599237137892762 -0.0186827766484323 -0.0520668890046022 -0.0618950748037718 -0.0492349097542817 -0.0465748716908775 -0.0517889896936471 -0.0511010820279713 -0.0491343134709956 -0.0509196534611267 -0.0517026540439067 -0.0476920584613859 -0.0341961949462446 -0.0247513567362202 -0.0355919013249328 -0.0500451708945077 -0.045626807143441 -0.0228781251328732 0.00836819767911645 0.0516902505878076 0.10558720816378 0.163058810927303 0.239735232278453 0.32027757530689 0.389977044131803 0.456864109566345 0.5321848677235
