meets/meet006/_saidas_enm/CCSM_SVM_0k_T_nigriceps5.asc
NCOLS 154 
NROWS 168 
XLLCORNER -112 
YLLCORNER -55.5 
CELLSIZE 0.5 
NODATA_value -9999 
[rows 48 to 71 of 168, columns 55 to 109 of 154]
-9999 -9999 -9999 -9999 -9999 -9999 -9999 -9999 -9999 -9999 -9999 -9999 -9999 -9999 0.128866293273863 0.10596230821287 0.0463657142350492 -0.0585839777175083 -0.0862811032938923 0.149111307557607 0.253294099794592 0.255060489147206 0.193487575294215 0.0971965858845097 0.0462410497491883 0.0353030201076109 0.0280226210246974 0.0329707272725034 0.0379399808354817 0.0299102349402326 0.0141642415069645 0.00873848445227526 -0.014845947139553 -0.0375026348547422 -0.0683888585472873 -0.0390719900358701 0.193519083204164 0.457717201240807 0.715070260908407 0.777389490123639 0.755005749228919 0.724637801428924 0.665380021286789 0.619345865320324 0.479626161739218 0.303006245260064 0.225893093982434 0.125502866981834 0.015038910538106 -0.0356302751671806 -0.0164038619509438 -0.0260177216548464 -0.0112470491723972 -0.0199427442595491 -0.0375073723557963
-9999 -9999 -9999 -9999 -9999 -9999 -9999 -9999 -9999 -9999 -9999 -9999 -9999 -9999 0.127096010020385 0.0935685840740629 0.0557503179158531 -0.0482278674554645 -0.098536930281809 0.0499058760112227 0.1130652480157 0.0468641466928532 0.0229752623405368 0.00709704112211851 -0.0131364077776098 -0.0039759338084146 0.00938083094779285 0.0116134978456634 0.00822170043872439 0.0078131869763427 0.0222795593143724 0.0337612282863411 0.0236743803772193 -0.0068280758539439 -0.0596306695145897 -0.0732969584004624 0.108269824230212 0.343546856311149 0.554516240892325 0.608271905945775 0.585072589728946 0.535694098308876 0.476475594741512 0.396155895846116 0.269670357534579 0.153521212657399 0.112123583863416 0.118254683185775 0.106982393173531 0.0765816545861329 0.0457693915349411 0.016302100640871 0.000954928117343712 -0.0204270537588837 -0.037027423173756
-9999 -9999 -9999 -9999 -9999 -9999 -9999 -9999 -9999 -9999 -9999 -9999 -9999 -9999 0.108665277529254 0.0731040622325698 0.0499113859666514 -0.0299748015389287 -0.0886614380270037 -0.00924622887649623 0.0131949440021304 -0.0599002042886579 -0.0444834864232032 -0.0432256666387621 -0.0467744703134506 -0.0243021969646672 -0.00384085052231925 0.0201564870507707 0.0460787018422038 0.0434559317675761 0.0367803104515971 0.0319714342007658 0.0222859125652661 0.012263537330819 -0.0278360337474311 -0.0969033615566451 0.00343132410029007 0.239729364930142 0.349090296944062 0.365397975120368 0.344131233652513 0.207422047429349 0.235191997284771 0.164498735032458 0.0813645763537596 0.038838481981123 0.015089723535724 0.0291995236067692 0.00396110086802198 -0.0030666725623047 0.00257772928653721 -0.0230735129788662 -0.00790851346887572 -0.0233946542152029 -0.0285677610391408
-9999 -9999 -9999 -9999 -9999 -9999 -9999 -9999 -9999 -9999 -9999 -9999 -9999 -9999 0.0776323342389867 0.0733882709585885 0.0574270367633981 -0.00589635041154707 -0.078468487700924 -0.061945490015229 -0.0599898179505943 -0.0627020392907583 -0.0499663522754625 -0.0428027191713949 -0.0227417728001804 0.00972996903763962 0.042764742149239 0.044401902613555 0.0301358154689635 0.022824044026278 0.0282806791788431 0.0315409481301068 0.0232887107992443 0.00767657966458329 -0.0005004050871808 -0.0868151998376394 -0.0807309703109044 0.0780647103552229 0.235410671373714 0.252336874055817 0.221393844978019 0.151512323993309 0.118135910047903 0.0644686599179823 0.0169304723645991 -0.00145056923616255 -0.0178254283101054 -0.0142911701329756 -0.028611714713416 -0.0253191477599365 -0.00793680796089674 -0.00445614024423074 -0.00398967174353521 -0.018751413194501 -0.0161395533776345
-9999 -9999 -9999 -9999 -9999 -9999 -9999 -9999 -9999 -9999 -9999 -9999 0.0939284076475737 0.0741116558410653 0.0692270601014254 0.0693928528166885 0.0601782693899252 0.0303806524727324 -0.036478794755222 -0.0639830157048458 -0.0511886078594478 -0.03920798401833 -0.0138089583037311 0.0113657622172048 0.035330696509567 0.0464390545266908 0.0375853111210034 0.0285943371303707 0.0258534626861973 0.0326465885868152 0.044560660660338 0.0500148280133011 0.0356555296288034 0.0131793707392428 0.000375171926103424 -0.0487461941347991 -0.0946862467407023 -0.0131420656045759 0.135982382663693 0.211434134510817 0.190869043831726 0.134964237741869 0.0873160551034441 0.0441521903734512 0.0148914015894293 0.00854197866483242 0.00386831750616617 0.00316255692480272 -0.00694016996191077 0.00664083172954055 0.0353874340045191 0.0297976521800648 0.00772026842682239 -0.0029717412041475 -0.000306412425801483
-9999 -9999 -9999 -9999 -9999 -9999 -9999 -9999 -9999 -9999 -9999 0.0920172146531165 0.0870758725339925 0.0459154050730849 0.0172757094026965 0.0570279636881584 0.0749328654904213 0.0644888461900089 0.0220116113613535 -0.00610322446743533 -0.000899664767029462 0.0127181494580326 0.0376307452757245 0.0522847428622042 0.0521637416158284 0.0415252798532505 0.0311118620680246 0.0317677387193775 0.0412775509929721 0.0541767269645082 0.0647766217902396 0.0654155061239972 0.0465460894421018 0.0194559958056763 0.00158302572582608 -0.0175549309088797 -0.0895915719480991 -0.0536864941257715 0.0500948437577479 0.135165156982026 0.158243186135009 0.117201249392109 0.0765557330323623 0.045557733214713 0.0316690297527637 0.034247191885957 0.0467241467728476 0.0510126155656341 0.0543842742027071 0.0546005690815299 0.0360768868456932 0.0199198647334196 0.00640027511127511 0.00421292404534923 0.0169137383186777
-9999 -9999 -9999 -9999 -9999 -9999 -9999 -9999 -9999 -9999 -9999 0.053120036561481 -0.00679245412613344 -0.08651015360609 -0.0369115099864628 0.0550187693182511 0.0873276516877372 0.0653962844022857 0.053946642848524 0.0382375659827626 0.0457911337427044 0.0532032211535067 0.058745379926017 0.0547225264472463 0.0451463460893213 0.0386211967186949 0.0406030764865758 0.051612778537949 0.065653177345514 0.0675503721177764 0.0617295154685998 0.0663218267021012 0.0546236796076445 0.0265662315490793 0.0058567430310682 0.00314645342789577 -0.0642994189592291 -0.0719425363375093 -0.0145350832338501 0.0437640892692757 0.0846662851935419 0.0935112299480526 0.0662157799488339 0.044810231477809 0.0391374501060878 0.0507183351221411 0.0658309107072776 0.0558877257017287 0.0424332030485012 0.0149466209194346 -0.00422186846040123 0.0170940958307552 0.0203366081362972 0.0174203203821318 0.0371558025603464
-9999 -9999 -9999 -9999 -9999 -9999 -9999 -9999 -9999 0.0724881808148846 0.0343392797888509 0.0334421410896575 -0.049121000233635 -0.0864259543997113 -0.072151250139418 0.0537177189560906 0.0815897460635579 0.0570757013066711 0.0536783585588599 0.0568577566924293 0.0575617814390492 0.0535021641558743 0.050009903020712 0.0436791787406868 0.040884585300654 0.0469801207496411 0.0465718308606085 0.0460106847130784 0.0423405956098213 0.0413631859497024 0.0424935369481153 0.0402543140584588 0.037375007407847 0.0319117108741162 0.0140031117674233 0.0186193191191033 -0.0149987885020319 -0.0536255493849664 -0.0501416619081965 -0.0246053317829359 -0.000590304083166127 0.0131499501966145 0.0180987013373393 0.0110951564640648 0.012076039710135 0.012043875055552 -0.00320281914984327 -0.0274644739394121 -0.040407340595412 -0.0336351171943387 0.00707155371812229 0.0494994756557511 0.0589792377561794 0.0479901898216525 0.0545126811607998
-9999 -9999 -9999 -9999 -9999 -9999 -9999 -9999 -9999 0.0299750647965848 0.0761079013907528 0.297586113358279 0.216146447457205 0.0612811685466092 -0.0448622596000436 0.050918893302314 0.0757455177910346 0.0539710343679034 0.0503525081454567 0.0529249061577072 0.0517504434128457 0.0474947385620559 0.0433039083865007 0.0389846861980055 0.0358108574960397 0.0342872474683357 0.0324673352063504 0.0297811095443598 0.0274807444900563 0.026134323698369 0.025589847657846 0.024097186476586 0.0218998389006917 0.0196379998543093 0.0202404396800734 0.0298999531225814 0.0306782015151388 -0.000584928319219802 -0.0272223288373849 -0.0349461729092725 -0.0322030363543555 -0.0270873172273261 -0.0277762387846441 -0.0279147230655117 -0.0302625240885211 -0.0361327793766927 -0.0402683723482714 -0.0345419774054913 -0.016961847661304 0.0248159241186135 0.0627959746547755 0.0933332313378126 0.0885555780449541 0.0751669052075571 0.072472751944462
-9999 -9999 -9999 -9999 -9999 -9999 -9999 -9999 0.0446088209839463 0.0273282489779454 0.281649591457786 0.654331193331014 0.548200681050643 0.270873759692909 -0.000300915283158787 0.0119423073467144 0.0626517767806854 0.0488117963218669 0.0506473305214538 0.0507178560553099 0.0500977191823515 0.0461184115746283 0.0417330700589117 0.0356005920650546 0.0331034317161825 0.0319797858471882 0.0301495108190216 0.0284264842318125 0.0252273533334397 0.0235723263940436 0.0248198722169664 0.0265129946126391 0.0233127616561348 0.0212645117447666 0.0216375663641588 0.0252883654199033 0.0432259491551635 0.0459002972184991 0.0293343397997479 0.0159295795719075 0.0149068185990127 0.0148597678097249 0.0190594291130812 0.0190620222421487 0.00576946314987081 -0.0106968813580476 -0.0224763175013558 -0.0225534639691456 -0.00554376285523211 0.018462776900189 0.0411288914621233 0.0584463480078268 0.0570144442715145 0.0575063702669816 0.066497727405774
-9999 -9999 -9999 -9999 -9999 -9999 -9999 -9999 0.0108594108904652 0.112457505931781 0.531729799477942 0.867993772371014 0.734582756595468 0.374284374933535 0.03498996117943 -0.0269905308869965 0.0218894934693041 0.0337007086352686 0.0400567660473693 0.0420296957396409 0.0495240933637879 0.0515721881671766 0.0458207982471054 0.0368807302647294 0.0351345054456884 0.0377269836573209 0.0366407038986437 0.0346287663370045 0.0296032543142298 0.030732638337351 0.037157948370378 0.039022301482881 0.0387689876366002 0.0325611009647625 0.0301865631713095 0.0308180371481384 0.0289697910903352 0.0391808665838061 0.0439704533926294 0.0450668714258328 0.0453701359598944 0.0385043468911365 0.0210191579132792 -0.00668369117998829 -0.0338916498035532 -0.0466494713096743 -0.0412668631986889 -0.0261775642806818 -0.00778638061206866 0.00845277991607002 0.0179245584621341 0.0282397147265627 0.0283617969633749 0.037407754025465 0.054619289864744
-9999 -9999 -9999 -9999 -9999 -9999 -9999 0.0500225645057177 0.0498772150260789 0.325542665152364 0.689750476973721 0.989340124843141 0.834872751993065 0.382311575404341 0.0500741329023671 -0.0271572351407367 -0.00282382491692929 0.00634516459023265 0.0146582429698674 0.0217249757649247 0.0362680570390587 0.0457867968996217 0.0419532015721727 0.0369557556732369 0.0354878355174378 0.0366630807833255 0.0394105150107028 0.0347873930058415 0.031020990353371 0.0314432641218364 0.0334075545368862 0.0377301767793243 0.0384400555813018 0.0391619334801518 0.0403583845770935 0.0383724028227509 0.035482051146724 0.029031815510611 0.0244141588424697 0.0143122081165596 0.00682399443064874 -0.00356738902479886 -0.0226000610601259 -0.0386317634564536 -0.0495322057037865 -0.0502500804830174 -0.0352029804731956 -0.0214853600383894 -0.00325699371110716 0.0106241453883927 0.0232038749640291 0.0368612257291709 0.0392508014753282 0.0499768660742643 0.0470831289992354
-9999 -9999 -9999 -9999 -9999 -9999 -9999 0.0267347022842395 0.0816368281044759 0.360403290861628 0.636437549994141 0.88678831239826 0.809325935032231 0.395649108877778 0.0869298684809406 -0.0148528263109572 -0.0250561862481111 -0.0159030687311721 -0.00765192797616127 -0.00155820361511355 0.0106970048814216 0.0222843188493225 0.0219827281765333 0.0184587921618273 0.017546783388444 0.0211905928046346 0.0258622707076992 0.023122584574423 0.0196683467309354 0.0191014512699391 0.0210769717409505 0.024540235418601 0.0258885444621412 0.0279375733071583 0.0313341406688383 0.035915804183786 0.0367764964066291 0.0327290724675168 0.024520260924413 0.0116025116651362 -0.00164909535723962 -0.0204369846018516 -0.0366902346149749 -0.0466322341291261 -0.0463274862908001 -0.0320098422511557 -0.00792367581939651 0.0116353833186175 0.0270622736211473 0.0389290506652086 0.0496264138421297 0.0541562031788977 0.0500069386864772 0.0414488701449643 0.0240637384930375
-9999 -9999 -9999 -9999 -9999 -9999 -9999 0.0330845743969145 0.070674187368152 0.29392606898127 0.49760350866962 0.742855105404004 0.764359940910372 0.425281138606087 0.112315886739089 0.0112873144966587 -0.0258915970127677 -0.027630976927484 -0.0250842354239919 -0.0214377872360296 -0.0137312488201318 -0.00406506750759478 -0.00557183837837377 -0.00960213569274687 -0.0100517579213911 -0.00441933085785512 0.00032446644849754 -0.000417562211865785 -0.00276007280859897 -0.00330828569270519 0.000138039146530322 0.0034020431991395 0.00601449557185574 0.0094300332097495 0.0137391064691916 0.0192948143266495 0.0261463873840798 0.0222673499875964 0.0157499126680325 0.00138261507039561 -0.0142545185004577 -0.0274204133562354 -0.0329146179019855 -0.028317197314257 -0.0159039705477046 0.00246608484667188 0.0257728884027336 0.0405743250460722 0.053885838851821 0.058924871573339 0.060343212428683 0.0566027463392553 0.0394317282938108 0.0118893150385516 -0.000936759680518817
-9999 -9999 -9999 -9999 -9999 -9999 -9999 -9999 0.0127536512131316 0.174407813705675 0.362893440866876 0.621494709190105 0.70209857658942 0.431024031892892 0.176716377061621 0.0598574235266137 -0.00280719284913095 -0.0252296903254662 -0.0357205322526391 -0.0380085649620799 -0.0367906692309697 -0.0341399638581822 -0.0349017071497171 -0.0357992795346831 -0.0354505337060492 -0.0330602557040238 -0.0293933037886523 -0.0297911964755697 -0.0296350147870656 -0.0288363392549908 -0.026695815295439 -0.0225443630448537 -0.0202018179029801 -0.0160243720770217 -0.0127230262735256 -0.00950325838851079 -0.00513773824989455 -0.00500699759456175 -0.00599688552517824 -0.0145313896569066 -0.0222263067290484 -0.0230687220396256 -0.0160579758753478 -0.000375776005689554 0.0202668241946443 0.0382284768805965 0.0528968207492156 0.0614301120689474 0.0630193996833036 0.0604286232117193 0.05579794689966 0.041848102574843 0.0186630814187353 -0.00945675265864071 -0.0279024309248324
-9999 -9999 -9999 -9999 -9999 -9999 -9999 -9999 -9999 0.0795693419997022 0.311897404013194 0.623938734400454 0.684981461495656 0.446666854433497 0.20120896568703 0.0927860861244141 0.0185523555844157 -0.0160166337335799 -0.0385792621983774 -0.0471704704218268 -0.0491687496530307 -0.0501475268742131 -0.050927843371159 -0.0517795813934787 -0.0516726538096744 -0.0504290911766506 -0.0487052364942313 -0.0485146279029973 -0.0478913431941683 -0.0466567285653623 -0.0443823446848885 -0.0431069452161318 -0.0401876478223328 -0.0380025573357174 -0.0356506927481492 -0.0332691813851255 -0.0321524175416555 -0.0306003803907157 -0.0312976714700433 -0.0323494630570766 -0.0311266876880539 -0.0221700718453798 -0.00386500694120223 0.0199828728506216 0.0406108538570905 0.0549484215770928 0.0681751911664072 0.0641765675124003 0.0551613988871216 0.0462555415465855 0.0386965778885524 0.0202602981421366 0.00188094783323556 -0.0207860212716753 -0.0381851472502591
-9999 -9999 -9999 -9999 -9999 -9999 -9999 -0.0515871611705335 -0.0621301769299237 0.102411817608568 0.394428516386431 0.627273746153721 0.679186713251714 0.452630040056674 0.253066162171724 0.14905441584447 0.0523032236984343 -0.00335793391763478 -0.0316085278870782 -0.0463210534562785 -0.0521694801333156 -0.0548399618417396 -0.0572752861493032 -0.0583612051593197 -0.0591352799222518 -0.0595588794745966 -0.0592166231197231 -0.0584360580518784 -0.0572215397651309 -0.0564660013358947 -0.0558510859353745 -0.0554738790399502 -0.0546962805137366 -0.0533622299215963 -0.0528771946592311 -0.0526191511647867 -0.0516909403646013 -0.0517143126009379 -0.0505079167664914 -0.050213042905595 -0.0446993941186991 -0.0276894592197981 -0.00645136115363948 0.0182756015847261 0.0402402912082658 0.0550552582109129 0.0618363884701408 0.0581965973385333 0.0472168200137317 0.0364494150976786 0.0265476465966979 0.0131590696756257 -0.00522881078038856 -0.0234637343736211 -0.0390538342110208
-9999 -9999 -9999 -9999 -9999 -9999 0.0825155122956612 -0.0501155191243708 0.0580900867138378 0.290597234726944 0.504560872951578 0.730604283026126 0.712120101032116 0.479373633874714 0.2954289767685 0.170971142445869 0.0670177139512368 0.00196571427751363 -0.0244576383668605 -0.0398975295232352 -0.0491013390667167 -0.0505375973501787 -0.0536986621633166 -0.0542436211337211 -0.0556023239740488 -0.056257938455805 -0.0555817056534734 -0.0548154779063405 -0.0548725744627295 -0.0548751937435776 -0.0538998038086779 -0.0548373593237698 -0.0551902540548748 -0.056116027416714 -0.0577895122418996 -0.0584052678298942 -0.0602612450754227 -0.0588878182317422 -0.0562718326342175 -0.0544735905640947 -0.0490245023474815 -0.0306240939415377 -0.0066869237080292 0.0139503971533658 0.0334682459599597 0.0447375781553977 0.0500553716627566 0.0446716596466765 0.0322636415521184 0.0215155053434213 0.0146381902793504 0.00587813671260928 -0.0116558010348515 -0.0251552570117408 -0.0380695974025555
-9999 -9999 -9999 -9999 -9999 -9999 0.00463835209363089 -0.0135129590894259 0.132081951516363 0.379394223940516 0.589257703488054 0.716225619245319 0.748195065321944 0.591295826285548 0.412153737672171 0.252381697822855 0.101934799220762 0.0266034704415644 -0.0110657891508694 -0.0325243454100252 -0.0333857177828419 -0.0350028149645286 -0.037585785005302 -0.0400904087948826 -0.0415529377928409 -0.0406165648929572 -0.0406449966295127 -0.0388521514177722 -0.0388245294963197 -0.0392281907716013 -0.0396692906301141 -0.0416495358390666 -0.0435754445092211 -0.0464051262322312 -0.0499768493641519 -0.053765965887822 -0.0558041918512497 -0.0542432486782004 -0.0502351196589328 -0.0494722689533816 -0.0504718183769061 -0.0324988464550718 -0.0122289014727813 0.00701155154340805 0.0227132644035636 0.0309453069660286 0.0319681658032827 0.0269425446814078 0.0167266255566371 0.00719105696008232 -0.00156139411222006 -0.0111525937104468 -0.021573455149223 -0.0305095302281722 -0.0368304614781244
-9999 -9999 -9999 -9999 -9999 -9999 -9999 -0.0275582799434295 0.150986319451842 0.400889430151107 0.624949382060275 0.742560442902635 0.84538027445279 0.735380720744352 0.559610134358116 0.369657372345504 0.15109244577015 0.0781923830955973 0.0237764449618952 -0.00519091327669047 -0.00120355945646361 -0.00162525308696754 -0.00310771798747927 -0.00836594789742512 -0.0103696986283481 -0.0108041099871246 -0.0144007142157703 -0.0125699638722916 -0.0125410850000265 -0.0147035650801917 -0.0170453934094884 -0.0195680064931896 -0.0252634765460769 -0.0287137999878194 -0.0336741642401479 -0.0396777386231459 -0.0425519261622938 -0.0409259889878522 -0.0368632689484107 -0.0380458923395582 -0.0459589809088369 -0.0355366449195431 -0.0182399060359463 -0.00211649923145335 0.0114903248632258 0.0157111053846046 0.0168363839883496 0.0125674834109652 0.00385675406764457 -0.00513965025593849 -0.0144881345436355 -0.0249575714018891 -0.0298937431581222 -0.0336842497913685 -0.0359548484913536
-9999 -9999 -9999 -9999 -9999 -9999 -9999 -0.0580500855052492 0.0862043596295784 0.362685597336397 0.673945361966453 0.901888521885781 1.01710075089748 0.949938961350433 0.782922384777775 0.563456353792615 0.343019699823777 0.190342862012415 0.0719124639436353 0.0131288496342056 0.0271079518488133 0.051964209452538 0.0491939806203803 0.0459919894148135 0.0409681992750178 0.0329802703418846 0.0267724779608371 0.0241473538473661 0.0221832776784051 0.0165296752778485 0.00839289110936448 0.000990895638124378 -0.00423615275703254 -0.00906229204034298 -0.0142534177263815 -0.019221611570474 -0.0217518968920371 -0.0196171564379519 -0.0165648878890548 -0.0199698325138719 -0.0302404712104986 -0.037619088326127 -0.0233200030373364 -0.00976702940114688 0.0016267750644659 0.00680368367094031 0.00769698981231176 0.00495835703933933 -0.000702740544590241 -0.00820374804895191 -0.0187496815025296 -0.0253275131785259 -0.0287109120062951 -0.0279092146924479 -0.0258099237531514
-9999 -9999 -9999 -9999 -9999 -9999 -9999 -0.0419908335271944 -0.0189723618966482 0.250251395116186 0.676929853265443 1.0022982338692 1.12964355740711 1.00785792526096 0.838551155933317 0.697516773234191 0.481481530480604 0.321840931453298 0.106770939983838 0.0160500104388888 0.050720043793542 0.0993155074640921 0.10597236891156 0.10072648001466 0.0926601520176485 0.0767475648584228 0.0668916767771387 0.0590531586626368 0.0536890818488815 0.0428767055291143 0.0289652355676873 0.0203288913727603 0.0130197754468096 0.00845662148084358 0.00343952905648054 -0.000447942963473336 -0.000734587143278953 0.00100112509937395 0.00466090877947029 0.000426616722325357 -0.012290101531215 -0.0232559567621372 -0.0233674573883645 -0.0131241864692657 -0.00346949774512856 0.00036299721714278 0.0020423409686845 -6.39707570217474e-05 -0.0032696966147075 -0.0101349443584222 -0.0223496306196454 -0.0269982653511969 -0.0277953873869284 -0.0220902445577991 -0.0200090007145651
-9999 -9999 -9999 -9999 -9999 -9999 -9999 -9999 -9999 0.0137572903676244 0.530707289344749 0.977947773143996 1.09430998121998 0.949887977612252 0.810740071747676 0.745057604663819 0.660042378319769 0.437426676538426 0.11277247964495 -0.0232732562380177 0.0498489857046178 0.142802919424152 0.152218948931543 0.132733577633303 0.122186786487919 0.111116564236916 0.0988990428255141 0.0881496717267273 0.0772838296280244 0.0617977915593881 0.0463172983404094 0.0358609965925965 0.0262336564609275 0.0191250068800011 0.0149505359417579 0.0140274449221622 0.0175383692331771 0.0190395139317808 0.0207843163403906 0.0176606986841883 0.00842125609937766 -5.11330526142828e-07 -0.00874347874415954 -0.0100133907687829 -0.00390879672781713 -0.00272186048679041 -0.00203237361334357 -0.00466843694378499 -0.00823975812120153 -0.0148459685256708 -0.0266064625710873 -0.0307591183612259 -0.0281812402740889 -0.0187115021476733 -0.00662064924769329
-9999 -9999 -9999 -9999 -9999 -9999 -9999 -9999 -9999 -0.0189948360459571 0.312209380587232 0.86912002897075 0.975673927715241 0.796374179536128 0.658838522874084 0.721740236995432 0.761035391616761 0.573545947163944 0.132870971087577 -0.0350997357760098 0.0675537598434148 0.183437919628127 0.185552272696799 0.154720387695381 0.139830641391681 0.132200412444102 0.122617821616223 0.108286477383001 0.0946202156109631 0.075284538920812 0.0550088735420147 0.041524242776712 0.027548092238805 0.0174033584029855 0.0123216212580763 0.0140321517915447 0.0217420691752369 0.0242298859352433 0.0272060724744617 0.02636993910917 0.0207239116306964 0.016571906729392 0.00878490838365775 0.0047177580711445 -0.000399971283253475 -0.00560740225605744 -0.0059708692551696 -0.00458703616688555 -0.00066456657474917 -0.00165183248951911 -0.010673351178824 -0.0132151391988279 -0.0119122562761098 -0.00105655836618163 0.0133909856833836
