meets/meet006/_saidas_enm/CCSM_Maxent_0k_T_subalaris1.asc
NCOLS 154 
NROWS 168 
XLLCORNER -112 
YLLCORNER -55.5 
CELLSIZE 0.5 
NODATA_value -9999 
[rows 100 to 124 of 168, columns 55 to 109 of 154]
-9999 -9999 -9999 -9999 -9999 -9999 -9999 -9999 -9999 -9999 -9999 -9999 -9999 -9999 -9999 -9999 -9999 -9999 -9999 -9999 -9999 -9999 -9999 -9999 -9999 -9999 -9999 -9999 -9999 0.0150498757138848 0.102133743464947 0.260770499706268 0.154768884181976 0.0949031710624695 0.0124469371512532 0.0133544690907001 0.017180634662509 0.0128827355802059 0.0170922689139843 0.0267323274165392 0.0526809357106686 0.0503346771001816 0.265931755304337 0.0724154263734818 0.0231622029095888 0.012728264555335 0.016418756917119 0.0249260049313307 0.0323577076196671 0.0311935916543007 0.0351130254566669 0.0417813062667847 0.045504417270422 0.0528969317674637 0.0704881325364113
-9999 -9999 -9999 -9999 -9999 -9999 -9999 -9999 -9999 -9999 -9999 -9999 -9999 -9999 -9999 -9999 -9999 -9999 -9999 -9999 -9999 -9999 -9999 -9999 -9999 -9999 -9999 -9999 -9999 0.0148642593994737 0.025232307612896 0.221627056598663 0.132797971367836 0.0662279278039932 0.0095073115080595 0.0146526554599404 0.018679317086935 0.0156743321567774 0.0206430982798338 0.0330786891281605 0.0633939653635025 0.0558320321142673 0.286550998687744 0.0706789344549179 0.0199747197329998 0.014937799423933 0.0154176875948906 0.0332220606505871 0.0370280556380749 0.0362772531807423 0.0442164167761803 0.0537852942943573 0.055204700678587 0.0617382004857063 0.0797443464398384
-9999 -9999 -9999 -9999 -9999 -9999 -9999 -9999 -9999 -9999 -9999 -9999 -9999 -9999 -9999 -9999 -9999 -9999 -9999 -9999 -9999 -9999 -9999 -9999 -9999 -9999 -9999 -9999 0.0108910277485847 0.0132784517481923 0.022581122815609 0.203731015324593 0.0980208590626717 0.0650600418448448 0.010890232399106 0.016233840957284 0.0214006491005421 0.0191165935248137 0.0235967077314854 0.0647711381316185 0.07602409273386 0.0659799873828888 0.306877374649048 0.0859642401337624 0.0272556897252798 0.0184845626354218 0.0209411513060331 0.0394751019775867 0.0504238978028297 0.0490493066608906 0.0555117838084698 0.0619456358253956 0.0620295889675617 0.0609667338430882 0.0749001577496529
-9999 -9999 -9999 -9999 -9999 -9999 -9999 -9999 -9999 -9999 -9999 -9999 -9999 -9999 -9999 -9999 -9999 -9999 -9999 -9999 -9999 -9999 -9999 -9999 -9999 -9999 -9999 -9999 0.0114307450130582 0.0116099342703819 0.0204076059162617 0.125150173902512 0.071954071521759 0.064033530652523 0.0809141919016838 0.0177373979240656 0.0234416536986828 0.0321233980357647 0.0255908593535423 0.074575237929821 0.0718957707285881 0.319527626037598 0.295907199382782 0.0895065814256668 0.0314355865120888 0.022501228377223 0.0241245552897453 0.034241009503603 0.0678914412856102 0.0668234974145889 0.0718900188803673 0.0764308348298073 0.0743312388658524 0.0680078193545341 0.0786132141947746
-9999 -9999 -9999 -9999 -9999 -9999 -9999 -9999 -9999 -9999 -9999 -9999 -9999 -9999 -9999 -9999 -9999 -9999 -9999 -9999 -9999 -9999 -9999 -9999 -9999 -9999 -9999 -9999 0.0102624893188477 0.0125710815191269 0.0195126459002495 0.0249591525644064 0.0624123327434063 0.0658687576651573 0.0943346694111824 0.0185749474912882 0.0250618364661932 0.0346304476261139 0.0261356588453054 0.0464818179607391 0.0551969744265079 0.284479200839996 0.259212404489517 0.0925345420837402 0.0324570760130882 0.0258245598524809 0.0275849215686321 0.0391829907894135 0.0702110603451729 0.0889662280678749 0.0962425395846367 0.101470060646534 0.0990640297532082 0.0969887226819992 0.105737552046776
-9999 -9999 -9999 -9999 -9999 -9999 -9999 -9999 -9999 -9999 -9999 -9999 -9999 -9999 -9999 -9999 -9999 -9999 -9999 -9999 -9999 -9999 -9999 -9999 -9999 -9999 -9999 -9999 0.0122945141047239 0.016651002690196 0.0247810482978821 0.0196333471685648 0.0450046807527542 0.0657069608569145 0.0951571390032768 0.0182895455509424 0.0250532794743776 0.0242545008659363 0.0193188190460205 0.0332575216889381 0.0453963093459606 0.261849045753479 0.233131274580956 0.0775058194994926 0.0362891517579556 0.0341339707374573 0.0386017896234989 0.0541225001215935 0.0741443634033203 0.111571490764618 0.119844935834408 0.130765900015831 0.130817487835884 0.12518373131752 0.12833870947361
-9999 -9999 -9999 -9999 -9999 -9999 -9999 -9999 -9999 -9999 -9999 -9999 -9999 -9999 -9999 -9999 -9999 -9999 -9999 -9999 -9999 -9999 -9999 -9999 -9999 -9999 -9999 -9999 0.0191823858767748 0.0235087368637323 0.0495362244546413 0.0158754792064428 0.00958038028329611 0.0635305121541023 0.0945540517568588 0.0173744596540928 0.0236478447914124 0.0230650492012501 0.0318330004811287 0.0369841083884239 0.0489333085715771 0.283167660236359 0.224836379289627 0.0879613384604454 0.0547090023756027 0.0508832931518555 0.0703913643956184 0.0808077827095985 0.10518005490303 0.130309551954269 0.142354652285576 0.150487795472145 0.163917452096939 0.171305939555168 0.195627838373184
-9999 -9999 -9999 -9999 -9999 -9999 -9999 -9999 -9999 -9999 -9999 -9999 -9999 -9999 -9999 -9999 -9999 -9999 -9999 -9999 -9999 -9999 -9999 -9999 -9999 -9999 -9999 -9999 0.0336174480617046 0.0330508798360825 0.0497816726565361 0.0108632845804095 0.00721984170377254 0.0558457896113396 0.0131590329110622 0.0167593955993652 0.0226420499384403 0.0229920540004969 0.0401133447885513 0.0475645698606968 0.0526793785393238 0.282224863767624 0.218694984912872 0.124471001327038 0.0658655911684036 0.0703146085143089 0.0952568650245667 0.0955312103033066 0.124498009681702 0.166005790233612 0.176939204335213 0.213389009237289 0.232690423727036 0.253423601388931 0.26359498500824
-9999 -9999 -9999 -9999 -9999 -9999 -9999 -9999 -9999 -9999 -9999 -9999 -9999 -9999 -9999 -9999 -9999 -9999 -9999 -9999 -9999 -9999 -9999 -9999 -9999 -9999 -9999 -9999 0.0546279177069664 0.049625538289547 0.0405788384377956 0.00586722884327173 0.00459222821518779 0.0441299825906754 0.0119722997769713 0.0170456171035767 0.0229457691311836 0.0267976708710194 0.0615315586328506 0.0671467557549477 0.0604478716850281 0.261972665786743 0.200311347842216 0.128822430968285 0.0929479077458382 0.0732817351818085 0.0791734158992767 0.108026728034019 0.141203194856644 0.224624589085579 0.265086472034454 0.282932221889496 0.300485670566559 0.3240886926651 0.337369948625565
-9999 -9999 -9999 -9999 -9999 -9999 -9999 -9999 -9999 -9999 -9999 -9999 -9999 -9999 -9999 -9999 -9999 -9999 -9999 -9999 -9999 -9999 -9999 -9999 -9999 -9999 -9999 -9999 0.07454564422369 0.0851904824376106 0.0325623825192451 0.00460520619526505 0.00350328348577023 0.0388363748788834 0.0119873639196157 0.0193099901080132 0.0266678482294083 0.0509561933577061 0.0978038534522057 0.119087383151054 0.0809911265969276 0.272496253252029 0.193041130900383 0.130707889795303 0.105633929371834 0.103369809687138 0.115398921072483 0.150858163833618 0.200170680880547 0.221047714352608 0.386927932500839 0.409441202878952 0.422259718179703 0.439801156520844 0.456243604421616
-9999 -9999 -9999 -9999 -9999 -9999 -9999 -9999 -9999 -9999 -9999 -9999 -9999 -9999 -9999 -9999 -9999 -9999 -9999 -9999 -9999 -9999 -9999 -9999 -9999 -9999 -9999 0.118631117045879 0.109506368637085 0.0811887979507446 0.0207967776805162 0.00314325024373829 0.00292218336835504 0.0339366309344769 0.0121741974726319 0.0237723775207996 0.0326420329511166 0.0643252059817314 0.114900469779968 0.129310041666031 0.112096793949604 0.277753472328186 0.177813082933426 0.145632773637772 0.129876226186752 0.140683546662331 0.159497618675232 0.204069644212723 0.268298149108887 0.333831667900085 0.437448263168335 0.470193833112717 0.484897553920746 0.490424692630768 0.503898441791534
-9999 -9999 -9999 -9999 -9999 -9999 -9999 -9999 -9999 -9999 -9999 -9999 -9999 -9999 -9999 -9999 -9999 -9999 -9999 -9999 -9999 -9999 -9999 -9999 -9999 -9999 -9999 0.11876916885376 0.0899898484349251 0.0600262843072414 0.0088792908936739 0.0038319299928844 0.00360882538370788 0.0338168479502201 0.0136093934997916 0.0313892923295498 0.0462583117187023 0.0791300982236862 0.124621145427227 0.12997430562973 0.50890040397644 0.345171213150024 0.216532155871391 0.182409837841988 0.171985566616058 0.187260270118713 0.215371429920197 0.258634090423584 0.309521317481995 0.362037718296051 0.458903163671494 0.492319971323013 0.505570828914642 0.514415442943573 0.521078944206238
-9999 -9999 -9999 -9999 -9999 -9999 -9999 -9999 -9999 -9999 -9999 -9999 -9999 -9999 -9999 -9999 -9999 -9999 -9999 -9999 -9999 -9999 -9999 -9999 -9999 -9999 -9999 0.112298473715782 0.0647792518138885 0.035714827477932 0.004726174287498 0.00453607318922877 0.0045964727178216 0.0423323661088943 0.020157303661108 0.044233538210392 0.0661045461893082 0.0980656668543816 0.126244321465492 0.51161140203476 0.495148807764053 0.364591538906097 0.298965603113174 0.249049216508865 0.0685552805662155 0.260020136833191 0.268697202205658 0.307995736598969 0.329499810934067 0.356663644313812 0.405366778373718 0.496914327144623 0.50789475440979 0.516944825649261 0.523029923439026
-9999 -9999 -9999 -9999 -9999 -9999 -9999 -9999 -9999 -9999 -9999 -9999 -9999 -9999 -9999 -9999 -9999 -9999 -9999 -9999 -9999 -9999 -9999 -9999 -9999 -9999 -9999 0.0916110202670097 0.0380137227475643 0.0148079507052898 0.00447503942996264 0.00529342424124479 0.025007912889123 0.114531151950359 0.0481157451868057 0.0651913210749626 0.0896751657128334 0.120825558900833 0.510392606258392 0.500629603862762 0.478047013282776 0.413662493228912 0.407194644212723 0.12033935636282 0.11618684232235 0.13757549226284 0.145563259720802 0.403440952301025 0.354578822851181 0.352070569992065 0.390386402606964 0.490446180105209 0.509893476963043 0.518628180027008 0.524691045284271
-9999 -9999 -9999 -9999 -9999 -9999 -9999 -9999 -9999 -9999 -9999 -9999 -9999 -9999 -9999 -9999 -9999 -9999 -9999 -9999 -9999 -9999 -9999 -9999 -9999 -9999 0.161906495690346 0.0721803978085518 0.0278222728520632 0.0073644514195621 0.00447039073333144 0.005989960860461 0.0701746940612793 0.28713983297348 0.348599076271057 0.0888889506459236 0.11845688521862 0.514431834220886 0.504822432994843 0.477430105209351 0.415545910596848 0.410309761762619 0.140012249350548 0.140138015151024 0.141496226191521 0.144648805260658 0.14766526222229 0.425803571939468 0.380935698747635 0.343123018741608 0.379795879125595 0.429258614778519 0.510358393192291 0.519789457321167 0.525990664958954
-9999 -9999 -9999 -9999 -9999 -9999 -9999 -9999 -9999 -9999 -9999 -9999 -9999 -9999 -9999 -9999 -9999 -9999 -9999 -9999 -9999 -9999 -9999 -9999 -9999 -9999 0.1251110881567 0.0513666421175003 0.0171587783843279 0.00426679803058505 0.00480994582176208 0.0397625155746937 0.148225367069244 0.341209799051285 0.415613919496536 0.466440975666046 0.515129923820496 0.506899416446686 0.485021531581879 0.416213870048523 0.410045921802521 0.140183508396149 0.139679163694382 0.140411138534546 0.141915053129196 0.145245507359505 0.148482605814934 0.428021609783173 0.41179096698761 0.360168397426605 0.381714463233948 0.44065847992897 0.461563229560852 0.520143330097198 0.526001274585724
-9999 -9999 -9999 -9999 -9999 -9999 -9999 -9999 -9999 -9999 -9999 -9999 -9999 -9999 -9999 -9999 -9999 -9999 -9999 -9999 -9999 -9999 -9999 -9999 -9999 -9999 0.101372666656971 0.0476876497268677 0.00881428737193346 0.00406400160863996 0.00586919439956546 0.0607379749417305 0.238982632756233 0.38227766752243 0.454912155866623 0.489799916744232 0.489392876625061 0.483254820108414 0.420680403709412 0.141983166337013 0.140322998166084 0.139379292726517 0.139688700437546 0.140358492732048 0.14179265499115 0.145301952958107 0.148900106549263 0.428248077630997 0.393857508897781 0.355956256389618 0.386844456195831 0.446671634912491 0.460062295198441 0.468522489070892 0.524711072444916
-9999 -9999 -9999 -9999 -9999 -9999 -9999 -9999 -9999 -9999 -9999 -9999 -9999 -9999 -9999 -9999 -9999 -9999 -9999 -9999 -9999 -9999 -9999 -9999 -9999 -9999 0.0801016464829445 0.0471291095018387 0.0114954737946391 0.00437584100291133 0.00826719310134649 0.137328505516052 0.310759902000427 0.408100664615631 0.473608791828156 0.477308660745621 0.422213792800903 0.415743350982666 0.407691210508347 0.138497248291969 0.139723151922226 0.141037687659264 0.140755757689476 0.140290752053261 0.127409383654594 0.140831217169762 0.147054851055145 0.138775676488876 0.362764745950699 0.355154305696487 0.379823803901672 0.422443151473999 0.45262935757637 0.465416222810745 0.470420181751251
-9999 -9999 -9999 -9999 -9999 -9999 -9999 -9999 -9999 -9999 -9999 -9999 -9999 -9999 -9999 -9999 -9999 -9999 -9999 -9999 -9999 -9999 -9999 -9999 -9999 -9999 0.0788894966244698 0.04758270829916 0.0154593996703625 0.00589275127276778 0.01319669932127 0.208403050899506 0.332088500261307 0.429715633392334 0.418606489896774 0.416744828224182 0.411705940961838 0.138788893818855 0.123631991446018 0.125008925795555 0.136818811297417 0.13924016058445 0.139022961258888 0.108266055583954 0.0819162502884865 0.082081638276577 0.0787074863910675 0.0931942388415337 0.320130705833435 0.33902183175087 0.367951154708862 0.397491425275803 0.438512682914734 0.46166118979454 0.466840982437134
-9999 -9999 -9999 -9999 -9999 -9999 -9999 -9999 -9999 -9999 -9999 -9999 -9999 -9999 -9999 -9999 -9999 -9999 -9999 -9999 -9999 -9999 -9999 -9999 -9999 -9999 0.0744694173336029 0.04622782766819 0.0231716949492693 0.00887227058410645 0.0156620964407921 0.209631651639938 0.343810111284256 0.382727771997452 0.415115922689438 0.413147687911987 0.140561476349831 0.127590775489807 0.115233451128006 0.114236503839493 0.123699203133583 0.135954827070236 0.137137085199356 0.0760411471128464 0.0547503717243671 0.0584607869386673 0.0685892477631569 0.0776509493589401 0.287099480628967 0.317022770643234 0.34771141409874 0.380218297243118 0.420021325349808 0.454571843147278 0.462355941534042
-9999 -9999 -9999 -9999 -9999 -9999 -9999 -9999 -9999 -9999 -9999 -9999 -9999 -9999 -9999 -9999 -9999 -9999 -9999 -9999 -9999 -9999 -9999 -9999 -9999 -9999 0.0739418789744377 0.0456235185265541 0.0244401413947344 0.00941450707614422 0.0163751095533371 0.194324031472206 0.345377802848816 0.377570956945419 0.410878717899323 0.408076256513596 0.133216217160225 0.1204494535923 0.108746908605099 0.106929905712605 0.113508224487305 0.122511900961399 0.120070084929466 0.0580317154526711 0.0433233566582203 0.051439568400383 0.0624468997120857 0.0719904005527496 0.0810128003358841 0.0922599881887436 0.328063994646072 0.36207503080368 0.405601471662521 0.447068840265274 0.457925498485565
-9999 -9999 -9999 -9999 -9999 -9999 -9999 -9999 -9999 -9999 -9999 -9999 -9999 -9999 -9999 -9999 -9999 -9999 -9999 -9999 -9999 -9999 -9999 -9999 -9999 -9999 0.0736836045980453 0.0446139834821224 0.0213657133281231 0.00770529778674245 0.0138380089774728 0.144692614674568 0.251745522022247 0.359210699796677 0.395034611225128 0.129968136548996 0.118401028215885 0.110453918576241 0.103764243423939 0.101980224251747 0.104444302618504 0.110472805798054 0.0952195376157761 0.0547336004674435 0.0421586073935032 0.0484730899333954 0.060388658195734 0.06813795119524 0.0743118673563004 0.0840882435441017 0.0955443531274796 0.345089733600616 0.388576745986938 0.438222914934158 0.447375923395157
-9999 -9999 -9999 -9999 -9999 -9999 -9999 -9999 -9999 -9999 -9999 -9999 -9999 -9999 -9999 -9999 -9999 -9999 -9999 -9999 -9999 -9999 -9999 -9999 -9999 -9999 0.0746579393744469 0.0450703948736191 0.0234396364539862 0.00730748428031802 0.0117012048140168 0.105884790420532 0.176519587635994 0.261127680540085 0.347423046827316 0.117990709841251 0.107647977769375 0.102326095104218 0.0978168547153473 0.0968337953090668 0.0990263968706131 0.104011155664921 0.0906943902373314 0.0535528510808945 0.0429617688059807 0.050198320299387 0.0603417493402958 0.0656115189194679 0.0689691677689552 0.0751171931624413 0.0844945758581161 0.0968919023871422 0.115130983293056 0.139162138104439 0.151989981532097
-9999 -9999 -9999 -9999 -9999 -9999 -9999 -9999 -9999 -9999 -9999 -9999 -9999 -9999 -9999 -9999 -9999 -9999 -9999 -9999 -9999 -9999 -9999 -9999 -9999 -9999 0.0752788633108139 0.0448213890194893 0.0269572716206312 0.00962790288031101 0.0108472416177392 0.0166559498757124 0.115012258291245 0.188650071620941 0.0748995691537857 0.096997544169426 0.101040557026863 0.0973730906844139 0.093302458524704 0.0938083305954933 0.0983992591500282 0.10346370190382 0.101574666798115 0.055865291506052 0.0448199957609177 0.0511008612811565 0.0599952824413776 0.0620964393019676 0.0614725165069103 0.0670513808727264 0.0761544778943062 0.0853539854288101 0.106404781341553 0.116960562765598 0.143280014395714
-9999 -9999 -9999 -9999 -9999 -9999 -9999 -9999 -9999 -9999 -9999 -9999 -9999 -9999 -9999 -9999 -9999 -9999 -9999 -9999 -9999 -9999 -9999 -9999 -9999 0.0918011516332626 0.0728218033909798 0.0444767251610756 0.0268744900822639 0.0140775572508574 0.0130122043192387 0.0173259843140841 0.024913439527154 0.0377903655171394 0.0539552122354507 0.0729969963431358 0.0886427015066147 0.0896293148398399 0.0897997096180916 0.0968643203377724 0.102794446051121 0.108375132083893 0.112811960279942 0.0641035661101341 0.0498908832669258 0.0535311140120029 0.0604526661336422 0.0605680458247662 0.0607265345752239 0.0682058557868004 0.0827300399541855 0.0985159203410149 0.112508870661259 0.12480615824461 0.138796329498291
