meets/meet006/_saidas_enm/CCSM_Maha_0k_T_subalaris2.asc
NCOLS 154 
NROWS 168 
XLLCORNER -112 
YLLCORNER -55.5 
CELLSIZE 0.5 
NODATA_value -9999 
[rows 75 to 99 of 168, columns 56 to 111 of 154]
-9999 -9999 -9999 -9999 -9999 -9999 -9999 -9999 -9999 -9999 -9999 -92.0003809124336 -40.4378419773761 -27.3058534544297 -22.9643352683785 -16.9045878764931 -11.8847364109874 -10.1022279383993 -10.9044192454557 -15.177026749589 -17.5403519986248 -15.961424046914 -11.9349395793357 -10.0185794841159 -8.67188708223522 -7.76261146318377 -7.73538407636273 -7.63613271724966 -7.58039879949474 -7.5083990398488 -7.23174005131734 -7.00099735951921 -6.62241762675856 -6.04653943465315 -5.15496799871562 -4.28549076437982 -3.35234258150576 -2.5065664088087 -1.70852279953915 -0.99602196255326 -0.472071675155035 0.0708279958820904 0.347114378692488 0.3339701961234 0.0643123316507915 0.170922588656407 0.28665958815147 -0.144131194066706 -1.39623869159348 -3.51529351588055 -6.50611343046581 -9.22603336315636 -12.1912279948413 -14.3109730215161 -15.2948569677277 -16.6152234988936
-9999 -9999 -9999 -9999 -9999 -9999 -9999 -9999 -9999 -9999 -9999 -104.424971745427 -30.1245406578984 -20.2432765949926 -22.1053986676627 -18.2743958465275 -10.1652837555555 -4.76604157226227 -5.97637465105676 -10.6353377117339 -18.7011030259084 -14.6760697230134 -10.87886838131 -9.54626954245215 -8.5243718200692 -8.35718223556558 -7.89878230592966 -7.96794209682727 -8.11197716020372 -8.16926861952132 -8.07426234062862 -7.93989026563159 -7.53868815390411 -7.07692500902201 -6.37464819237275 -5.67106906435847 -5.09603684510892 -4.30780222365589 -3.4151707338513 -2.50500929079871 -1.58842277371601 -0.910500126903125 -0.357594804039669 -0.190144408840362 0.079463141030824 0.604490085018161 0.713152714252175 0.349292172147318 -0.685077643752252 -2.46633464152668 -4.89182788852605 -7.32975216977412 -9.77092033255786 -11.4739625210401 -12.5109433126013 -14.473261496357
-9999 -9999 -9999 -9999 -9999 -9999 -9999 -9999 -9999 -9999 -9999 -9999 -44.8845947897798 -23.012260550193 -18.0408260815304 -15.2859153429831 -14.3814072153222 -13.4020786018587 -9.85711691274379 -7.75298891185344 -11.7258948022245 -11.627494698238 -11.1963947307992 -10.7241394892885 -8.18700122670651 -7.14260054191452 -7.50262143166805 -8.52010615224008 -9.17731922315831 -9.46373892972297 -9.32119741244034 -9.29889510541881 -8.92517796010634 -8.3914343028179 -7.68273355163644 -6.9740231518302 -6.42570627892351 -5.30222026845427 -4.30576101152204 -3.53642639868895 -2.80469683431226 -1.6619704441431 -0.696554786643582 -0.0234140395939166 0.279410593562752 0.391858191551681 0.646588283092286 0.526355375173743 -0.182804953695807 -1.51102798780813 -3.36334000406948 -5.27966598641903 -7.09013437311384 -8.8632041682903 -10.4813061624329 -12.8482861929085
-9999 -9999 -9999 -9999 -9999 -9999 -9999 -9999 -9999 -9999 -9999 -9999 -89.8148576717801 -36.7301136435063 -15.2050194950689 -10.4069414640719 -20.4515844757815 -29.8251011924922 -28.3427685275305 -15.8477305560657 -5.70097790907237 -9.94611279245549 -12.9714169892 -12.5480837541243 -6.33171588655934 -4.51126770162035 -7.25536447537579 -9.72586411962834 -11.1823609021864 -11.6799559469582 -11.2164492036263 -11.2871930890477 -11.0261782404957 -10.2838807371138 -9.31558867051648 -8.58015355438627 -7.87696126956109 -6.73339705917864 -5.45944133102595 -4.53265513098544 -3.86864830587199 -2.96981741271484 -1.71302956358017 -0.709128902803252 0.0390353080884783 0.331541906055171 0.404149717662493 0.181593743888819 -0.380042457197971 -1.38044034336013 -2.77812162950021 -4.20041766083344 -5.9894782391205 -7.32952286262399 -10.1157506864174 -13.485423726542
-9999 -9999 -9999 -9999 -9999 -9999 -9999 -9999 -9999 -9999 -9999 -9999 -9999 -79.6952798108075 -18.2245904905402 -19.3188787277758 -34.2866724957019 -52.86843951551 -54.4644047603858 -44.2676378978611 -27.6467642927027 -14.5475388838467 -11.0383850919554 -8.38658053571272 -4.48185880176578 -3.51794369923237 -6.34853385508236 -11.907546238859 -15.7159907435669 -15.3162120677654 -14.4804762169272 -14.1726587860576 -13.5718323710322 -12.4944894405496 -11.2613070929206 -10.1414120436283 -9.34887671397284 -8.57914109252065 -6.94783301336965 -5.67601284006575 -4.64640307267 -4.06416216283076 -2.81353414435696 -1.47676152947341 -0.516444194175735 -0.238647301101252 -0.30889119380242 -0.672603047684307 -1.27831728834258 -2.01159659364883 -2.99018815203358 -3.81999455928032 -5.79797899089073 -7.3647655978579 -8.98263545696335 -10.9301146211529
-9999 -9999 -9999 -9999 -9999 -9999 -9999 -9999 -9999 -9999 -9999 -9999 -9999 -130.893898167292 -22.4375706538504 -35.4749772538767 -46.862872890234 -77.1420995856084 -85.1788233263903 -71.2806506097006 -61.7656569242868 -46.1922661118528 -26.3372733506574 -22.8356994955218 -19.355500253704 -6.43191172227838 -6.68019406670468 -14.3507954458873 -21.4131275107817 -20.7499946807513 -19.1332413144259 -19.5518018451009 -17.5705059706405 -15.7090542269322 -13.8780082663108 -12.0484395404704 -10.9855171041467 -10.0030160422231 -8.91407966494883 -7.02128891010268 -5.38301308526148 -4.67647900972465 -3.82223157201736 -2.15447647817781 -0.997921311526091 -0.924010629478694 -1.13639560863097 -1.79869144718568 -2.43597229778405 -3.08529563323226 -3.18053863068171 -3.89392420784607 -4.87639025974746 -6.08364222537168 -7.38965294786609 -9.08874150359441
-9999 -9999 -9999 -9999 -9999 -9999 -9999 -9999 -9999 -9999 -9999 -9999 -9999 -9999 -37.324638148058 -28.15347507111 -48.1989561819909 -79.3658968003395 -91.0799210934113 -94.094220779117 -92.3306611144328 -98.3325991532601 -115.199494612703 -114.63054624534 -76.6470815861903 -48.277549650774 -31.3036860633013 -16.8270664518748 -17.8933698559854 -20.8123498877754 -26.3882769717698 -25.5796401862616 -23.6475054115504 -21.6683353868717 -17.9123569351452 -15.453740089239 -13.8221873821777 -12.1180484935619 -10.2014137129872 -8.71367804754757 -6.77972156325158 -5.44609645462963 -4.42097933193971 -2.85760833639496 -1.56034371061573 -1.32500565445394 -1.61926045327551 -2.23605538771635 -2.56383699387092 -2.71846414728504 -3.02430753466426 -3.57494729641211 -4.44315991502256 -5.2173000763989 -5.60748699430571 -6.41243013524448
-9999 -9999 -9999 -9999 -9999 -9999 -9999 -9999 -9999 -9999 -9999 -9999 -9999 -9999 -71.0113354456972 -34.7016630183507 -45.0936366220305 -65.1230305649382 -85.435912396859 -106.52525303755 -125.267707123792 -168.039764283919 -259.693500792403 -283.476700145446 -208.655598190253 -168.562518293078 -109.650457501342 -62.7214336152238 -39.8388132566274 -29.8854550625416 -36.9790764655451 -27.5872219138549 -28.0327541622124 -27.72451060744 -23.3676061889179 -20.4660391892334 -17.663269770997 -15.8298136742506 -12.5906880078089 -9.31089814154923 -7.78869474018298 -6.2846278557645 -4.73344494349885 -3.17323930759991 -2.43025487304506 -2.06078761353597 -1.73125199646858 -1.69287507582329 -2.07352258352453 -2.70134966779441 -3.24176789892666 -3.3586675307641 -4.01712036258008 -4.39266293244604 -4.2178054542771 -4.48201833357254
-9999 -9999 -9999 -9999 -9999 -9999 -9999 -9999 -9999 -9999 -9999 -9999 -9999 -9999 -9999 -84.6378432911238 -36.7186926887443 -39.4642364293926 -71.0269970600549 -102.626666656203 -145.983750471646 -193.769033950536 -269.120449864008 -305.21771279994 -305.103024711089 -308.419326635694 -269.838194192656 -240.725561732853 -172.362627298889 -76.6478607069983 -32.9511601907352 -21.8047785582299 -28.4727997850563 -32.9959585759164 -28.0059492180187 -23.6875552284776 -21.0319080092819 -19.4398362578543 -16.0246921058586 -12.1575563666785 -8.42652623775156 -5.71816619513226 -5.50576980348802 -3.36433893765381 -2.50581112648663 -1.76743713507691 -1.41287830016544 -1.42933152445858 -1.75064730763972 -2.22878189325102 -2.30630963798592 -2.45122906619637 -2.8675465753753 -3.13967170798498 -3.26137766301955 -3.51499903913223
-9999 -9999 -9999 -9999 -9999 -9999 -9999 -9999 -9999 -9999 -9999 -9999 -9999 -9999 -9999 -125.786595980495 -55.0739394215119 -19.9259654605152 -53.2634453230552 -84.5290105619701 -138.546120470384 -183.386990057606 -254.317212059358 -293.920004133312 -320.89317578051 -398.61247655991 -369.167402107953 -426.547546626883 -342.185264552766 -148.360357786162 -49.5668318842911 -30.4231459107208 -28.9593588642156 -32.1869669609284 -27.7422371998172 -24.7704031458335 -23.4009016578545 -22.8035259708435 -20.6976261665276 -18.5721878486541 -14.5811948005885 -6.52352250783631 -5.1354800289983 -3.60077883275168 -2.47842654378112 -1.69050105042352 -1.21101544269641 -1.24283314653801 -1.45696583084068 -1.7613010113851 -1.9405930892433 -1.97881473427926 -2.0595964488667 -2.35411540275918 -2.6973659464144 -2.83060217633747
-9999 -9999 -9999 -9999 -9999 -9999 -9999 -9999 -9999 -9999 -9999 -9999 -9999 -9999 -9999 -46.4921478020077 -113.870899124596 -38.0520712992838 -23.8514138656238 -48.7436484161419 -98.215463003604 -137.201585849317 -184.991794647828 -225.117422445782 -240.652091743893 -261.029916409859 -278.469235101323 -303.225351796555 -257.746563406457 -165.057542946112 -94.8622581135398 -46.8739580717721 -20.8214756914197 -15.9876403399153 -19.2372470341801 -23.2656687406485 -23.3157428977027 -22.8806299039921 -21.3783830229425 -20.5804290212326 -16.6543620941556 -7.26043224673347 -4.88150632026905 -3.83025770038766 -2.59072331226386 -1.70062461799952 -1.29876948016379 -1.17317149525762 -1.30947641359447 -1.56031022320283 -1.15854237545153 -1.21436579525426 -0.8329644419739 -0.348969394922704 -0.108737714282388 0.124532282150539
-9999 -9999 -9999 -9999 -9999 -9999 -9999 -9999 -9999 -9999 -9999 -9999 -9999 -9999 -9999 -9999 -83.0590972231511 -114.20959250149 -46.1289385499425 -23.1529449820187 -57.7868033229318 -83.0660139867552 -123.835251948204 -157.929346821403 -161.824490651993 -173.820899594982 -187.84028345839 -204.762058904519 -185.616856153101 -154.181002730766 -114.591588443263 -79.5700421479474 -26.6683208173254 -14.2270359842249 -10.2628449729243 -14.0996489576399 -15.81498854072 -17.3095356729372 -16.6895868083773 -16.3099926911892 -14.9057232933516 -6.33810545249826 -5.25445657931611 -3.9897494080222 -3.13471473220891 -2.4646844013537 -2.30038345890541 -1.96280537985674 -2.11437032320068 -1.69968055820767 -1.29834137060029 -0.473225252782076 0.208711463216952 0.563871006271182 0.825257553254302 0.907211083895567
-9999 -9999 -9999 -9999 -9999 -9999 -9999 -9999 -9999 -9999 -9999 -9999 -9999 -9999 -9999 -9999 -9999 -74.838791888133 -157.891882699306 -63.6898197679655 -33.9740234233296 -31.1648749065266 -57.0213300945373 -89.3875672296187 -105.04878397842 -115.076236185585 -131.845544383881 -145.417290520894 -147.224669557218 -139.087889072145 -130.971524724861 -101.682704939998 -66.0975013632216 -36.30417345176 -15.620720017084 -6.2648404405119 -7.44583838003941 -10.0657719024641 -11.3788598177459 -9.66120684617638 -6.78213030042594 -5.64152488433243 -5.26568309303756 -4.64200478894147 -4.14443971452954 -4.03250493768959 -3.89722541224023 -3.82253180591686 -3.11151923251588 -2.41345803091043 -2.00501236654029 -1.32202656826461 -0.629848966465503 -0.13022463240864 0.253805669793728 0.742174394263864
-9999 -9999 -9999 -9999 -9999 -9999 -9999 -9999 -9999 -9999 -9999 -9999 -9999 -9999 -9999 -9999 -9999 -9999 -9999 -213.205458496656 -130.416338396552 -69.4851255865774 -54.3450614396333 -57.7115221395535 -72.5808912103075 -90.29221600245 -108.349232645158 -120.052433166536 -121.601099483741 -131.089339427959 -135.612338401802 -124.90328608351 -109.673223657575 -81.8108310179159 -37.6793007718867 -13.6511567111272 -6.91593957701313 -4.34834260766841 -6.09554227699512 -6.52954807781628 -5.14761669323977 -5.33613714819098 -5.10012399430846 -5.10968506804907 -5.28529223119799 -5.41895099694082 -4.84621176847172 -4.03255710481167 -3.27703694195686 -2.61341917339597 -2.01364870078981 -1.21293505612137 -0.68787402808554 -0.202240401059195 0.00216268548995813 0.427446009103517
-9999 -9999 -9999 -9999 -9999 -9999 -9999 -9999 -9999 -9999 -9999 -9999 -9999 -9999 -9999 -9999 -9999 -9999 -9999 -9999 -9999 -202.685891536255 -124.867141114238 -79.9028561880401 -64.1011131999203 -80.4772199988475 -91.8647815268464 -103.830183080362 -110.628459376012 -113.647619004478 -125.427817680918 -130.096336773057 -152.280814509361 -136.445140462621 -85.2248558195471 -47.7148435416638 -21.3571020049275 -6.16565501670947 -2.87066833781523 -4.07307831333207 -7.05393821702465 -7.17396453391923 -6.38450088731244 -6.31756231851255 -5.84081827240127 -5.38075799285835 -4.59223068466856 -3.93064062630928 -3.11642699511423 -2.29524611701227 -1.67955396813786 -1.05806372745937 -0.54959727560906 -0.187599844392389 0.176534591082882 0.269100297001358
-9999 -9999 -9999 -9999 -9999 -9999 -9999 -9999 -9999 -9999 -9999 -9999 -9999 -9999 -9999 -9999 -9999 -9999 -9999 -9999 -9999 -9999 -9999 -155.51443069581 -85.0070676698717 -63.7341986896418 -66.7124847620602 -77.2573271508077 -91.6649617297545 -96.5691032047807 -104.601128902579 -122.576482435926 -150.008273054951 -153.369777918828 -124.361172115423 -94.529511312873 -47.4816252678958 -16.0175992564669 -6.4499847575084 -3.28622180083956 -6.37177847389192 -8.93251262055443 -9.72457881404594 -9.15780894356895 -7.52998863812717 -5.89709913889426 -4.67426802667498 -3.64653435807239 -2.73934140707922 -1.95859332626845 -1.335206109789 -0.775488912514463 -0.332858547690512 -0.0122076766943744 0.319052332924571 0.316323246403692
-9999 -9999 -9999 -9999 -9999 -9999 -9999 -9999 -9999 -9999 -9999 -9999 -9999 -9999 -9999 -9999 -9999 -9999 -9999 -9999 -9999 -9999 -9999 -9999 -9999 -121.551612932272 -68.6085264581752 -51.9545362870606 -65.1420112445757 -76.1088448106653 -84.5366447469919 -99.4720059490223 -125.286511422591 -141.71899211745 -138.913478356539 -137.17821656582 -85.7101703063576 -46.8906393214822 -17.3364059822763 -2.93378427544854 -2.70296767512554 -7.83388058106346 -12.6529387780223 -13.9165856560959 -9.92172519681688 -6.90798533138922 -5.19190727663686 -3.86800632126428 -2.74589974885357 -1.93357825153763 -1.29426490773939 -0.687015873351746 -0.22717986856077 0.140677344638446 0.409407898889279 0.200420134985058
-9999 -9999 -9999 -9999 -9999 -9999 -9999 -9999 -9999 -9999 -9999 -9999 -9999 -9999 -9999 -9999 -9999 -9999 -9999 -9999 -9999 -9999 -9999 -9999 -9999 -279.058732221836 -125.644334488215 -64.2756826652636 -44.5751604119765 -54.3603480742919 -72.4735725012618 -90.6278757370948 -106.592083708292 -113.169269156866 -121.847861343215 -126.534774381112 -97.6512022335444 -68.2942088490615 -30.0255416956897 -4.25195066077554 -0.783090402841255 -4.76870532071095 -11.0973629205533 -15.1289100851806 -12.3562908734241 -8.58614769640361 -6.54023736252524 -5.01085001997542 -3.4743901924599 -2.24024722486735 -1.41228557058495 -0.786921806859713 -0.278255408213473 0.175669747724237 0.475722418803079 0.248712749925679
-9999 -9999 -9999 -9999 -9999 -9999 -9999 -9999 -9999 -9999 -9999 -9999 -9999 -9999 -9999 -9999 -9999 -9999 -9999 -9999 -9999 -9999 -9999 -9999 -9999 -9999 -9999 -130.079753553911 -60.245028303287 -41.8506275955781 -66.9746220890336 -90.8349565138002 -98.5161654679757 -101.390793041463 -95.4423972623182 -90.7089396890694 -88.3005147021989 -75.4079989546553 -39.2519817939374 -8.6066740335716 0.516141470006741 -1.29139181592292 -7.33647259917972 -11.7485536234915 -12.5521347169107 -10.4239117455145 -8.3115923668198 -6.58121145389328 -4.60464062569915 -2.79584781751359 -1.60849316588732 -1.03697552193686 -0.52359706443503 0.0379868012081466 0.511744252697629 0.281119784332038
-9999 -9999 -9999 -9999 -9999 -9999 -9999 -9999 -9999 -9999 -9999 -9999 -9999 -9999 -9999 -9999 -9999 -9999 -9999 -9999 -9999 -9999 -9999 -9999 -9999 -9999 -9999 -213.624172643497 -85.6427525119116 -42.6271092137751 -51.7519525101797 -88.9608827304955 -108.113584852558 -111.484025217165 -93.4228670196063 -78.514712547097 -73.8372070948503 -71.9634060183537 -44.903071993379 -13.6662829318528 0.25641645784157 -0.735207681128856 -5.59999164929615 -12.3905015670177 -12.6106172637134 -10.5307991379418 -8.97666187210107 -7.53246528525044 -5.95992446978696 -3.96775036616204 -2.51186351369872 -1.66509133301226 -0.97646390543279 -0.216104000081303 0.551256033175241 0.629237515676734
-9999 -9999 -9999 -9999 -9999 -9999 -9999 -9999 -9999 -9999 -9999 -9999 -9999 -9999 -9999 -9999 -9999 -9999 -9999 -9999 -9999 -9999 -9999 -9999 -9999 -9999 -9999 -9999 -115.129106522844 -40.3057299248938 -40.8702487454518 -81.6247895058109 -120.340425865219 -130.993148377344 -101.451060764787 -77.935891743451 -67.9604864178974 -68.0338409667494 -49.7791869313467 -18.7193505733011 -1.00898962865138 -0.885357695262172 -6.27867010808484 -14.5751361249693 -13.7329543763061 -10.5192073727823 -9.00509028494843 -7.5240533309129 -6.28228781800307 -5.48304360623996 -4.71407383464857 -2.83363751999089 -1.65005427329801 -0.472809947350155 0.572046328155065 0.882833946050932
-9999 -9999 -9999 -9999 -9999 -9999 -9999 -9999 -9999 -9999 -9999 -9999 -9999 -9999 -9999 -9999 -9999 -9999 -9999 -9999 -9999 -9999 -9999 -9999 -9999 -9999 -9999 -9999 -138.562210818517 -43.5550841229556 -37.8700579507056 -82.3954055683904 -135.857635692862 -154.515226410331 -117.124270183273 -83.9309479492282 -70.3890279675396 -68.3549282866926 -52.1613825134733 -21.9616486598006 -3.12056295885848 -0.579688152476072 -2.70575782453021 -10.9376562637996 -14.1605522737906 -11.8795923388757 -9.50056091305756 -7.81111328298531 -6.5240178768096 -6.08604847342023 -5.05252776399632 -3.63912971802398 -2.21801542673448 -0.611358793781454 0.565529878244608 1
-9999 -9999 -9999 -9999 -9999 -9999 -9999 -9999 -9999 -9999 -9999 -9999 -9999 -9999 -9999 -9999 -9999 -9999 -9999 -9999 -9999 -9999 -9999 -9999 -9999 -9999 -9999 -9999 -162.559166984817 -46.5407305108157 -35.2098709103575 -86.7159377061891 -162.601158434187 -185.680700450895 -128.696399170662 -92.2028355557195 -75.3472190896417 -76.1479781834924 -60.0228153165383 -25.275310971138 -6.57501189847657 -0.19394694091537 -2.08973081808976 -8.46577949075772 -11.275183983691 -12.0204143003386 -10.6293674320118 -8.29196605319174 -6.82167876954178 -6.3669794078877 -5.26425284437013 -3.66207109770982 -2.18595526345221 -0.65518538268294 0.539388602156609 0.908163440257503
-9999 -9999 -9999 -9999 -9999 -9999 -9999 -9999 -9999 -9999 -9999 -9999 -9999 -9999 -9999 -9999 -9999 -9999 -9999 -9999 -9999 -9999 -9999 -9999 -9999 -9999 -9999 -9999 -168.634447973839 -46.7090628123696 -36.0427347054894 -95.2224554842834 -166.558845458631 -188.550850177859 -138.958594749192 -102.250886423579 -84.8856915227481 -82.7204806075153 -63.3662869133789 -28.2625604638695 -7.85567826117601 -1.32357059779237 -2.32072423432141 -8.42102566657544 -11.5027077927336 -11.5651540082679 -10.6843913069804 -10.5585071619225 -8.48515157823522 -6.16628945424645 -4.28078306930478 -3.14110876061289 -2.08523919996788 -0.724989081422952 0.446701447577464 0.51198963276077
-9999 -9999 -9999 -9999 -9999 -9999 -9999 -9999 -9999 -9999 -9999 -9999 -9999 -9999 -9999 -9999 -9999 -9999 -9999 -9999 -9999 -9999 -9999 -9999 -9999 -9999 -9999 -9999 -181.0285516596 -47.2560806951157 -40.2404949119971 -105.814251263067 -174.764693531312 -192.522833227986 -142.421228399112 -113.470339374796 -92.4659552666724 -93.1104590250228 -68.8014518969643 -30.2833033571814 -10.2853000992781 -2.35532122590507 -2.32635563276257 -8.75285248868213 -10.568128297911 -10.5549708511123 -11.1189562785955 -10.4092550701276 -10.3582376109812 -5.91355902514288 -2.89101676022417 -2.73616734986769 -2.45504252096915 -1.23131690820759 -0.0097506194012722 -0.289929307576469
