meets/meet006/_saidas_enm/CCSM_Maha_0k_S_lineola1.asc
NCOLS 154 
NROWS 168 
XLLCORNER -112 
YLLCORNER -55.5 
CELLSIZE 0.5 
NODATA_value -9999 
[rows 75 to 99 of 168, columns 56 to 111 of 154]
-9999 -9999 -9999 -9999 -9999 -9999 -9999 -9999 -9999 -9999 -9999 -11.8919265559692 -9.94867608166291 -8.6270964464553 -6.45153265926329 -2.92274027197104 -0.805478570474735 0.0305214445642671 0.061502782474401 0.575462820060073 0.700099401391246 0.530015879968341 -0.0423104905889475 -0.512494705151329 -0.459076607990957 -0.476440538285714 -0.532930353731815 -0.673005594554805 -0.796682465224501 -0.826913797164714 -0.989136277649682 -1.17185486169442 -1.44548266856539 -1.58905800661168 -1.58049657944716 -1.62807478554929 -1.59649060984243 -1.62214703707998 -1.47974998565157 -1.03576072973699 -0.711474686725162 -0.313873688955355 -0.0672841102306416 0.142025075909673 0.317945987950994 0.342448786581446 0.288899011023163 0.0723701847383544 -0.237669188141355 -0.600333620272127 -1.03457928808227 -1.21836593911467 -1.3720321847008 -1.40779427481613 -1.18341529321332 -1.08714675801782
-9999 -9999 -9999 -9999 -9999 -9999 -9999 -9999 -9999 -9999 -9999 -12.5748477936935 -6.8297755783516 -6.69758515458688 -6.39374181225175 -4.32198109385604 -1.6831449997637 0.577163545222501 0.296740133472269 -0.0679828864263812 0.505538856376021 0.601057147887123 0.310490132852462 -0.242800023033232 -0.353419725907984 -0.579757330868966 -0.65994132159463 -0.763203513691325 -0.919754346309332 -1.00234617081827 -1.20811812219203 -1.43526942460276 -1.6708921959672 -1.8158260365101 -1.76393157421929 -1.73206414258725 -1.76681486222228 -1.72467078413968 -1.6216856089378 -1.29713915676399 -0.798170355338268 -0.471579501085348 -0.146989567759181 0.101826886228122 0.231366709369151 0.250262861408272 0.219310066588243 0.0932859821916512 -0.113675137858333 -0.379412991391364 -0.681738320097323 -0.877027444321665 -0.984929787327391 -1.0162553866957 -0.945481085548216 -1.03464208740943
-9999 -9999 -9999 -9999 -9999 -9999 -9999 -9999 -9999 -9999 -9999 -9999 -7.93219036291298 -6.02309540475297 -5.84252549434634 -4.84112056249835 -3.26591250547121 -1.66426073458351 0.203780853248766 0.488644254029947 -0.361603171869172 0.198389307060807 0.570456781345464 0.0687385832046515 -0.159970682556149 -0.381778216421953 -0.53714105674653 -0.695036669061895 -0.922796960739932 -1.10480769425938 -1.35974424034056 -1.57443300888339 -1.7869831294738 -1.91601034866866 -1.88473808898566 -1.88320992027426 -1.93886045168837 -1.97648762496557 -1.88624701133865 -1.70763475211575 -1.22943686049162 -0.796603462765786 -0.451256027624594 -0.149768060143415 0.0845248520137497 0.175936003029266 0.193994235291568 0.127523471617454 0.0044149314114813 -0.132569717802065 -0.330006828455562 -0.477921724037919 -0.591969002161036 -0.699244094106138 -0.754662339361975 -0.927909904083212
-9999 -9999 -9999 -9999 -9999 -9999 -9999 -9999 -9999 -9999 -9999 -9999 -14.4607076384333 -7.81355305039871 -4.80023753627973 -5.71683804258058 -7.08491349135161 -6.90877610930627 -3.99350364060871 -1.23032863006755 0.515451169015473 -0.0777840245250863 0.300927863672871 0.328662967640887 0.158167892846837 -0.149634032509715 -0.319940079968003 -0.520866804111431 -0.84247900725026 -1.10995195755031 -1.49057999443391 -1.68301319565482 -1.88958162514883 -2.04424139641213 -2.03145415009051 -2.10415458752824 -2.22435350782674 -2.37425658939311 -2.34006039279432 -2.11917305750984 -1.93068772398012 -1.38781624021365 -0.975951274660625 -0.595281947280313 -0.259338087071058 -0.149079048363117 -0.0310573358041957 -0.0363024888815624 -0.0671206680979888 -0.0997166124328892 -0.192044519123568 -0.334205569110652 -0.502109383905432 -0.58821577019573 -0.833986085158768 -1.23367473046025
-9999 -9999 -9999 -9999 -9999 -9999 -9999 -9999 -9999 -9999 -9999 -9999 -9999 -12.6921655791748 -5.21423909210643 -8.35572602444347 -13.1690693759511 -18.5608001688189 -16.8842590628292 -9.60182410747957 -2.216171955185 -0.0862880538274329 0.101248010170779 -0.198678775479253 -0.100527953858538 0.00813453930217778 -0.0151426041385634 -0.304191460135887 -0.77417230437036 -1.03366188632597 -1.3853881174909 -1.64405950308122 -1.89018212197288 -2.10086151053997 -2.18785731373441 -2.34479148929658 -2.47353252443086 -2.64780686679747 -2.66753942692258 -2.53275399668415 -2.46555640071853 -2.0270989199594 -1.51502350155819 -0.980381079504566 -0.478796598208711 -0.24628956436035 -0.156015809397575 -0.216349698776371 -0.256165200864519 -0.22539077867085 -0.249758466463778 -0.289965758441264 -0.525040167075175 -0.837266292679993 -1.10364176736728 -1.42590145235695
-9999 -9999 -9999 -9999 -9999 -9999 -9999 -9999 -9999 -9999 -9999 -9999 -9999 -13.5479919051653 -6.15604503072942 -12.2501409954458 -19.280176478438 -36.3622970228634 -38.8011327780828 -26.8101040165487 -18.4759950092093 -3.98892494597215 -0.780773841150616 -0.913576834422696 -0.764548838461536 -0.398666353313038 0.0253700724986948 0.0665474450911577 -0.644350462398509 -1.00856578478261 -1.26912656691093 -1.71136521990867 -1.84600903906543 -2.09875743716412 -2.25680477063528 -2.5457225769215 -2.58110969461216 -2.74694860239896 -2.83015070165726 -2.80541111503171 -2.9104656724511 -2.64113547518149 -1.99526730732795 -1.33734900161094 -0.652464513044391 -0.224808699199927 -0.278834676033541 -0.424799973782456 -0.482969155643921 -0.460570923683647 -0.492636310285999 -0.658335477312637 -0.873594093078249 -1.08295809236757 -1.25450559695361 -1.61658948440792
-9999 -9999 -9999 -9999 -9999 -9999 -9999 -9999 -9999 -9999 -9999 -9999 -9999 -9999 -7.5225637166217 -9.0531519879323 -19.2063166165603 -37.4336761213505 -43.6618184776295 -38.627314304418 -28.9675112992353 -17.3791759882902 -6.62892602459607 -1.77871339257048 -3.13380528466754 -4.39817517877769 -1.68638129524686 -0.848934736574277 -0.590406674596891 -0.401235747836848 -1.16961108902516 -1.41798081135103 -1.79380917518696 -2.14428919641944 -2.19113561382593 -2.38028188982073 -2.47575945464856 -2.58776158666945 -2.65613095380527 -2.68947101265721 -2.76116411938049 -2.70596218588721 -2.26134584094114 -1.59115421541409 -0.863763264393602 -0.484122433710753 -0.416634728675732 -0.635637897062002 -0.775183025850366 -0.800535507137301 -0.91478139452607 -0.9773594342092 -1.12886184558295 -1.188033714652 -1.05170020204357 -1.13097534447704
-9999 -9999 -9999 -9999 -9999 -9999 -9999 -9999 -9999 -9999 -9999 -9999 -9999 -9999 -9.99581561575718 -6.49759002148759 -14.6560922799214 -30.0164245850818 -41.2393680324908 -44.5633039021707 -42.4617187749785 -40.9960227127576 -33.1359042837837 -20.981172262795 -9.17169555758672 -3.68179552021459 -2.36538688749511 -3.77291534799537 -1.74856079840459 -0.53322448833635 -0.230576987943084 -0.486435403839869 -1.25134596598715 -2.00539815141239 -2.11809710355062 -2.30468237096438 -2.40160991446137 -2.48999413584969 -2.47774707603051 -2.43357319300169 -2.53185547826214 -2.49490170856082 -2.42835381966461 -1.97865404505514 -1.2675011960898 -0.848823681081166 -0.743171905030285 -0.923412670033532 -1.00064457382632 -0.960363919049664 -1.21677722927828 -1.08182323767671 -1.17993643372358 -1.14825340200266 -0.794508935518456 -0.543684133423138
-9999 -9999 -9999 -9999 -9999 -9999 -9999 -9999 -9999 -9999 -9999 -9999 -9999 -9999 -9999 -11.4896530696694 -9.90665844734022 -18.5467133304142 -31.8001091751569 -45.6045001135355 -60.0947835555749 -64.807897807859 -71.0293445031492 -65.2209691280008 -47.7547087403896 -34.4675890556431 -18.3391530875701 -8.01452780280374 -1.23824771133052 -3.06655904312244 -0.670001523382644 0.199565720296164 -0.262281359288366 -1.74213347603856 -2.06913898661106 -2.19161324133009 -2.34611353462829 -2.45311243737967 -2.42198668138648 -2.27962070874756 -2.16081304742155 -2.21312226228779 -2.49719506627017 -2.35064967617055 -1.72038806476967 -1.20241055052654 -0.978162248986167 -0.938219865988725 -0.848957063380684 -0.687820676357082 -0.644202754276719 -0.656352990742947 -0.774038992464033 -0.746757356614215 -0.570576246175546 -0.50611941293297
-9999 -9999 -9999 -9999 -9999 -9999 -9999 -9999 -9999 -9999 -9999 -9999 -9999 -9999 -9999 -10.5343174675738 -11.5985913637687 -10.64567067072 -22.3487390814818 -40.0010160290601 -69.8065518355436 -74.1802970262913 -91.6341547587532 -94.1309147803398 -87.1289182418534 -88.8072764798099 -62.1843201089571 -52.2200859972122 -28.312247371779 -5.88135189696014 -2.78834591080273 -0.732753743027303 0.416527602972249 -0.881177039912223 -1.52508082789685 -1.94348203145386 -2.276065931102 -2.46316203208836 -2.52328276145877 -2.53612167132647 -2.31161457846204 -2.09135467449034 -2.58014764068824 -2.72216571765871 -2.1074827295952 -1.47281597873457 -1.12175666652464 -0.868980558270396 -0.618037774624405 -0.339627255367145 -0.127854995318216 -0.127827360921991 -0.230439860282173 -0.214559222006829 -0.151089875136812 -0.228362358897655
-9999 -9999 -9999 -9999 -9999 -9999 -9999 -9999 -9999 -9999 -9999 -9999 -9999 -9999 -9999 -8.33658097534144 -17.0064941417883 -9.67683994625097 -12.6445674776905 -23.4792192827164 -40.9401405119886 -57.1151033995773 -73.0590404503616 -81.4924522692104 -80.4590579973326 -81.3128480035053 -79.3428581731732 -75.5149209970524 -52.3062971758663 -24.4125943468295 -7.33735392183896 -1.46547973552454 -0.185220727786372 0.28789742113857 -0.425927309509684 -1.30043189212946 -1.88896573501466 -2.3145509448858 -2.64167660964909 -2.8953056832748 -2.52489971865784 -2.11123552453105 -2.5426355407247 -2.83357390000645 -2.44471529174919 -1.77337154830782 -1.24726397208757 -0.811154278853164 -0.454851378949318 -0.134284917380273 0.0789181218619178 0.191707639573472 0.277365185500655 0.334276785135602 0.340061983946064 0.44823537816742
-9999 -9999 -9999 -9999 -9999 -9999 -9999 -9999 -9999 -9999 -9999 -9999 -9999 -9999 -9999 -9999 -11.9398565009667 -19.0490344265223 -11.3539558996216 -11.9186747472503 -22.2373334683847 -33.6660495106747 -48.8414577806718 -60.1421993647037 -62.8162819307378 -65.6386253923146 -71.402205960328 -78.451055158843 -63.32865677956 -38.2752185311899 -17.7889021290052 -4.56090518687607 -0.697926216494227 -0.415275073715686 0.213698336261075 -0.345506499764835 -1.15552790480016 -1.79481910606839 -2.27991928253923 -2.50739617704774 -2.40460746229558 -2.1475012894713 -2.45652405316533 -2.69199670499196 -2.52375746310069 -1.94137335222297 -1.31109544534282 -0.789246340528032 -0.398798148667431 -0.0629035058945806 0.172371443791181 0.222797787790368 0.338227068563131 0.422290319328318 0.442089570189928 0.627156346262277
-9999 -9999 -9999 -9999 -9999 -9999 -9999 -9999 -9999 -9999 -9999 -9999 -9999 -9999 -9999 -9999 -9999 -10.622681684574 -23.2989405205006 -13.6959280420154 -10.7789974613351 -16.9467638901691 -29.2445428158148 -41.9624152059333 -49.6346320139164 -57.2352135298715 -66.6688327976994 -73.0486857964053 -64.7791356127099 -49.1827856976824 -31.0460099564299 -13.6405562730179 -4.27369235984937 -1.93936551396211 -0.411749008692015 -0.0136654514609735 -0.197194136752033 -0.872691373235809 -1.60734503423852 -1.63065257403336 -1.71050049671961 -1.80430959818914 -2.0619573151647 -2.22455267941061 -2.16802616340274 -1.80274573396066 -1.32631141832332 -0.943924249725875 -0.65313683109668 -0.424965244302171 -0.351496468075911 -0.340084626559295 -0.447333107706579 -0.309167352031789 0.0167708377680528 0.350630097369502
-9999 -9999 -9999 -9999 -9999 -9999 -9999 -9999 -9999 -9999 -9999 -9999 -9999 -9999 -9999 -9999 -9999 -9999 -9999 -26.7069885719553 -21.676719492514 -17.4570148779699 -20.8190566994489 -30.949510010413 -41.442523013257 -50.8632086205124 -62.0088675030286 -70.1188731709086 -65.8251916054398 -56.8868532797239 -44.7132450473283 -27.0211010858079 -13.0571959142919 -3.66976116849863 -2.37061542156501 -0.489360181141206 -0.373237512490376 -0.265202146658202 -0.901406568047674 -1.0947573107879 -1.3357630436536 -1.41663630019994 -1.59904269677147 -1.71789715221618 -1.78518142746008 -1.74395353184892 -1.42725775067026 -1.22237906489081 -1.06142887333104 -0.982633256628904 -1.1459438357543 -1.16260696361828 -1.40913420004405 -1.18728861930916 -0.596572201939504 -0.0611614403628704
-9999 -9999 -9999 -9999 -9999 -9999 -9999 -9999 -9999 -9999 -9999 -9999 -9999 -9999 -9999 -9999 -9999 -9999 -9999 -9999 -9999 -31.9979775547011 -27.8210701478245 -25.2366574783269 -30.5100259505987 -44.4913342177809 -52.8311744061097 -60.7921061775118 -62.9296997970243 -57.8687517122342 -52.0771960211795 -40.7603464608572 -30.3717044054703 -14.8114658915497 -4.83659862679625 -3.26382009277991 -1.38827151504412 0.152331658837204 -0.432927391838174 -0.275280540121165 -0.574154964209465 -0.886089190797 -1.07435743662388 -1.32257005215291 -1.49503170203927 -1.62256090929746 -1.39273284055773 -1.23946557074179 -1.1971747127854 -1.16422558083902 -1.3634352244371 -1.52592707871047 -1.63879101486703 -1.45303303372833 -1.0120765543436 -0.413728806532816
-9999 -9999 -9999 -9999 -9999 -9999 -9999 -9999 -9999 -9999 -9999 -9999 -9999 -9999 -9999 -9999 -9999 -9999 -9999 -9999 -9999 -9999 -9999 -31.4084397776531 -24.6570763057884 -27.9312461635927 -36.2135418353847 -45.28011011721 -52.2596209451726 -53.9139504522568 -54.9701929292625 -49.5402207808351 -46.1583006300923 -35.2557290442615 -19.8586923823833 -7.59667814693905 -3.55890599662995 -0.559493992646969 0.380246877432814 0.254330447644684 0.0437912914318612 -0.30538228949692 -0.737144920985427 -1.06559412936294 -1.2821076094819 -1.42734590464606 -1.20785637398086 -1.06159912299164 -1.02143009295928 -1.09719658396314 -1.33630164099208 -1.54429277802835 -1.72774720438412 -1.65115570296387 -1.30562376229335 -0.860003527899653
-9999 -9999 -9999 -9999 -9999 -9999 -9999 -9999 -9999 -9999 -9999 -9999 -9999 -9999 -9999 -9999 -9999 -9999 -9999 -9999 -9999 -9999 -9999 -9999 -9999 -20.8980468489334 -21.1006234976449 -28.005778334155 -36.7976958668794 -43.6130819348005 -48.5055009295466 -51.6482260381962 -56.9383871111864 -52.2542685330882 -40.1140137645277 -31.0412325499242 -13.9171890861017 -5.79120040136916 -0.806903988160362 0.288435590366731 0.0992208496811331 0.0305972182232414 -0.590663080417502 -1.05559107885009 -1.19575651567568 -1.24069493652949 -1.03142452525635 -0.789793841359449 -0.788724438631393 -0.981949700147804 -1.22506983354283 -1.57938614163063 -1.85004201165734 -1.83235045547557 -1.53548702295152 -1.2898534951274
-9999 -9999 -9999 -9999 -9999 -9999 -9999 -9999 -9999 -9999 -9999 -9999 -9999 -9999 -9999 -9999 -9999 -9999 -9999 -9999 -9999 -9999 -9999 -9999 -9999 -30.4720808458953 -24.521712511329 -19.652318343722 -23.4076586271269 -31.0317416703596 -38.0059342987923 -45.6031399514543 -54.5337061950237 -54.3187937940209 -47.4505913637088 -40.0328556128137 -24.7391026785575 -13.6484700245476 -4.40318871803695 0.509010497010333 0.277460823260254 -0.0513434309813299 -0.383445394468936 -1.07279234989336 -1.20818914503162 -1.15150936894583 -1.05299953162804 -0.835707101604642 -0.818482020297313 -1.0589563896113 -1.3847923109609 -1.74657463127978 -1.92837718913268 -1.86257829041639 -1.56123463812894 -1.41341626971172
-9999 -9999 -9999 -9999 -9999 -9999 -9999 -9999 -9999 -9999 -9999 -9999 -9999 -9999 -9999 -9999 -9999 -9999 -9999 -9999 -9999 -9999 -9999 -9999 -9999 -9999 -9999 -25.529441363322 -17.9964291123143 -20.6678033124268 -28.3849190745707 -36.7095024643276 -42.7202985018755 -46.659037701457 -45.5301771958444 -39.2676552165647 -29.4594325991478 -20.557933372281 -8.7391387790742 -0.668340729325606 0.855952148442595 0.079082381599172 -0.257344983135958 -1.47005037538663 -1.28288869809555 -1.04611935033643 -1.12299073874908 -1.10023039330721 -1.09237074058501 -1.38953332903955 -1.85998765424091 -1.98621195784597 -1.96113748737594 -1.76229470445274 -1.44053222826688 -1.29164411326554
-9999 -9999 -9999 -9999 -9999 -9999 -9999 -9999 -9999 -9999 -9999 -9999 -9999 -9999 -9999 -9999 -9999 -9999 -9999 -9999 -9999 -9999 -9999 -9999 -9999 -9999 -9999 -29.5779981167336 -19.4742572659585 -16.4831261667097 -20.985604028708 -30.1441404425209 -38.5676747258269 -43.3870220345993 -42.311090378333 -36.1298064775963 -30.6444719721293 -23.5949826423946 -11.7599904505237 -3.06216391498691 0.837300085983545 0.0659808199287742 0.0244350667146692 -1.0016756899378 -1.39255446900777 -1.28653580267133 -1.34548139263809 -1.38166762622809 -1.6276420203557 -1.91459614802528 -2.18168453252303 -2.15665846153724 -1.88261238586442 -1.5401466838061 -1.20799699538105 -0.897495674205
-9999 -9999 -9999 -9999 -9999 -9999 -9999 -9999 -9999 -9999 -9999 -9999 -9999 -9999 -9999 -9999 -9999 -9999 -9999 -9999 -9999 -9999 -9999 -9999 -9999 -9999 -9999 -9999 -22.439749362118 -14.248774568779 -15.2044730393986 -25.1402493411213 -37.8105836418784 -44.7314858773346 -41.0430205286634 -33.2450117170418 -29.7962728865544 -25.408450087511 -14.4973998680054 -5.37471682184005 0.609923531668038 0.49523884118448 -0.235023912853292 -0.778522875556931 -1.33597363621866 -1.85658020317985 -1.98373262153692 -2.21783817975675 -2.393988092209 -2.44440041875044 -2.59897955210771 -2.23703573126103 -1.78042592304062 -1.32929148978157 -0.903327455399197 -0.509478628228609
-9999 -9999 -9999 -9999 -9999 -9999 -9999 -9999 -9999 -9999 -9999 -9999 -9999 -9999 -9999 -9999 -9999 -9999 -9999 -9999 -9999 -9999 -9999 -9999 -9999 -9999 -9999 -9999 -25.5784773631929 -14.4627565119048 -13.5653793010713 -23.0596411536356 -37.4295040496783 -45.7141907655438 -42.388144919081 -33.1024365052027 -29.8718475425179 -25.9441648405778 -15.3736583212654 -6.41988521744495 0.293370166296334 0.790342802424708 -0.294310997916848 -0.775921511658819 -1.4958749983262 -1.86696328468704 -2.54143871874564 -2.95793444112262 -2.85471142537107 -2.68120423283564 -2.59913700606856 -2.19219513478934 -1.72393447080075 -1.20085727122703 -0.576582787908362 -0.0853209062703284
-9999 -9999 -9999 -9999 -9999 -9999 -9999 -9999 -9999 -9999 -9999 -9999 -9999 -9999 -9999 -9999 -9999 -9999 -9999 -9999 -9999 -9999 -9999 -9999 -9999 -9999 -9999 -9999 -27.1405980331943 -14.4737914652272 -12.5684142266931 -22.5073619095134 -39.9621615690299 -49.4763891712437 -44.2888257439242 -33.0348922952898 -30.3749057194511 -26.9564820442923 -16.3472458288628 -7.05189462540062 -0.139286917512936 0.797497235754537 -0.420648941394057 -1.3021005707262 -2.34093133006446 -2.84487757074487 -2.83031251164162 -3.37032858358607 -3.09727354751602 -2.65586846040544 -2.38783415562964 -2.02126316891697 -1.65840292947448 -1.00853616896736 -0.269444259191958 0.160378475134937
-9999 -9999 -9999 -9999 -9999 -9999 -9999 -9999 -9999 -9999 -9999 -9999 -9999 -9999 -9999 -9999 -9999 -9999 -9999 -9999 -9999 -9999 -9999 -9999 -9999 -9999 -9999 -9999 -26.8010130925421 -14.4079682025782 -12.8819382541187 -24.0586729853197 -41.0077302030346 -50.9504044354233 -48.4700962538762 -38.6196214781642 -33.3083712382672 -27.1185692087578 -15.5196911276362 -5.97998527889711 -0.188517986348946 0.542886144231951 -0.70894765350471 -2.19253511258927 -3.60938345419726 -3.79386078575227 -3.43828647824854 -2.80663018220329 -2.76802480429403 -2.53838536623379 -2.07472134811177 -1.6999962908013 -1.32211893619403 -0.691855481692728 -0.0846931806290652 0.225141037044
-9999 -9999 -9999 -9999 -9999 -9999 -9999 -9999 -9999 -9999 -9999 -9999 -9999 -9999 -9999 -9999 -9999 -9999 -9999 -9999 -9999 -9999 -9999 -9999 -9999 -9999 -9999 -9999 -27.2412758932068 -14.6436455151073 -13.8830966486106 -26.7586423587191 -43.2762062282206 -52.7917907825305 -50.6574106374626 -43.9623670202902 -35.1615530500962 -26.5623225360352 -14.9530372038846 -4.81072801051745 -0.322586511872601 0.126578891398244 -1.28058112996506 -3.54261091238014 -4.80701437811176 -5.28988857762752 -4.16608539953658 -3.00793169128699 -2.30748264265255 -2.3051274944634 -1.89157159175675 -1.47856793546408 -1.11943682655805 -0.577379017321366 -0.095254982401445 0.130708007900368
