meets/meet006/_saidas_enm/CCSM_SVM_0k_T_nigriceps1.asc
NCOLS 154 
NROWS 168 
XLLCORNER -112 
YLLCORNER -55.5 
CELLSIZE 0.5 
NODATA_value -9999 
[rows 72 to 95 of 168, columns 55 to 109 of 154]
-9999 -9999 -9999 -9999 -9999 -9999 -9999 -9999 -9999 -9999 0.248145255121949 0.824929807006206 0.91433825121219 0.512468405973291 0.365520075759237 0.541938051888524 0.761787370235601 0.62500906354639 0.105316858731709 -0.107252596845716 0.0117771707310996 0.177591105985984 0.181743862755596 0.129111342499526 0.120399494849704 0.132213821403065 0.136292481116766 0.12427260926697 0.104392518402492 0.0883635826662344 0.0767799694673633 0.0634818137002736 0.0460061889544786 0.029054236129088 0.0206145599386146 0.0203958964499391 0.024341129541335 0.0253741695351155 0.0250063160073731 0.0265410975147221 0.0263248124096315 0.0262686206814031 0.0224199459856926 0.018539445798939 0.0168630537887204 0.0146565987422514 0.0145740615062336 0.0165907677113128 0.0163340462708511 0.00971105767147756 -0.00499943416354248 -0.0165204435692292 -0.0210276138639742 -0.0207189563563431 -0.00508074659996677
-9999 -9999 -9999 -9999 -9999 -9999 -9999 -9999 -9999 -9999 -9999 0.479077065278353 0.668127114840798 0.345183400744458 0.267564191844454 0.45379527702737 0.75554896932949 0.772639718521702 0.234635787264688 -0.0200474080778424 0.070346706954578 0.195113808341655 0.184604784978048 0.145172176698994 0.137163289215841 0.143775574811712 0.146505490478568 0.131405332754895 0.110607939585433 0.0929312979887451 0.0768389480604785 0.0616451167540789 0.0423582525675116 0.0256837642137604 0.0140418222839898 0.00889100452688762 0.00798977626069419 0.00803056496820165 0.00917066582813431 0.0107257362943637 0.0121333087967381 0.014808958696772 0.0153869651942746 0.0158973793148478 0.0175801093236308 0.0177680310684433 0.0209456894347977 0.0248415248093016 0.0244379523114414 0.0168006291375772 -0.00147635195811041 -0.0138319933721054 -0.020075798589219 -0.0214449497176615 -0.00891954601120998
-9999 -9999 -9999 -9999 -9999 -9999 -9999 -9999 -9999 -9999 -9999 -9999 0.140590617549391 0.398816558641346 0.317646743157071 0.433779339103937 0.715368504467052 0.893736881809545 0.446839061789699 0.123235809191959 0.149356125952776 0.189562702854967 0.176714628642033 0.165649469257709 0.151764117334995 0.154141101158851 0.151919296887618 0.13448570633264 0.112191669654404 0.092737824232027 0.0755808978559998 0.0589561353959899 0.040503230014377 0.0228352794854528 0.0122187808570144 0.00522726978146609 -0.000154410534454363 -0.00106881081994709 -0.00388489534122233 -0.00172515345171603 0.00223055739889372 0.00419641529224779 0.00994923666812653 0.0109211238681149 0.0154431897250344 0.0219059707256424 0.026757188090182 0.0290141501841706 0.025072603293965 0.0173768996943667 0.00245346354794168 -0.0088791346135742 -0.0112727204568184 -0.00958232520787444 -0.0038250352452785
-9999 -9999 -9999 -9999 -9999 -9999 -9999 -9999 -9999 -9999 -9999 -9999 -0.0472793766517328 0.484767403026927 0.43026752275526 0.460159362414671 0.694345124721607 0.928235995953276 0.693480319489148 0.33956670841549 0.230120365971883 0.199718927062096 0.166489402957654 0.161954057162877 0.151470230810465 0.151353937684838 0.1460986697521 0.127832459219063 0.10754001794128 0.0892056109851571 0.0716811616818981 0.0545731173910255 0.0351245108578442 0.0187653312802343 0.00884343824436895 0.00362374658029369 0.000611041398883683 -0.00316053425686419 -0.00571949816485989 -0.00442383258946139 -0.000528702545442072 0.00476480532058532 0.00962300966051344 0.0131032436054425 0.0188000444693634 0.025280359338783 0.0308035672498459 0.0290169401196055 0.0235393088873794 0.0160281753595994 0.0028155027575914 -0.00542727990232988 -0.00806725711917994 -0.0071930092220503 -0.00698512810517898
-9999 -9999 -9999 -9999 -9999 -9999 -9999 -9999 -9999 -9999 -9999 -9999 -0.0475691231394471 0.603533348631547 0.570335308186563 0.515296491352032 0.612180690160488 0.88065325961339 0.898459111283133 0.64179959962074 0.4437919756139 0.202909391441877 0.182078012873946 0.173679049803383 0.143153778629103 0.14920490789122 0.134988145169067 0.124473855037912 0.104259755453364 0.0838052399922111 0.0675843601376332 0.0524396542246561 0.0316788667911347 0.0143699186267701 0.00490803523800376 0.00243773857655655 0.00226693092081481 -0.00315580380278441 -0.00644387673040531 -0.00466460410924602 0.000309765632812431 0.0115119766693537 0.00980151243834548 0.0143755361048829 0.0216540629477605 0.0246827905443303 0.0356809957124225 0.0298069289615982 0.0202882170864003 0.0137010729078678 0.00390061834472272 -0.00256844126906636 -0.00601476100535975 -0.0091923256576591 -0.0132065825215841
-9999 -9999 -9999 -9999 -9999 -9999 -9999 -9999 -9999 -9999 -9999 -9999 -9999 0.432349386782077 0.632533963366787 0.598320144837399 0.658501092629524 0.817261579452071 0.917931921214362 0.897779615719445 0.75209572248123 0.494105248014839 0.307767149143444 0.185698574491581 0.120930882636633 0.13647570789333 0.14768314928575 0.128878455912167 0.0987376235601386 0.0757142066251536 0.0589531032939166 0.0444075251778244 0.0258151297650258 0.0112051354067956 0.00250056666040099 -0.0012188947029324 -0.00330123337031124 -0.00905279147603516 -0.0135003550760857 -0.0142810199395054 -0.0124162129633877 -0.00861348039201232 -0.0112328919644415 -0.00866063129725841 -0.00114533337114758 0.00656625503580643 0.0178517205990965 0.0177381250896231 0.0143730792470557 0.0106566365897261 0.0032669197672674 -0.00305018775380178 -0.00850762692075352 -0.01363323605523 -0.0177747878789822
-9999 -9999 -9999 -9999 -9999 -9999 -9999 -9999 -9999 -9999 -9999 -9999 -9999 0.00101895466153362 0.371986215619758 0.660232127635868 0.703396769264673 0.702470170748032 0.776463613576347 0.773369779271363 0.857705295050752 0.850592086640834 0.604289478304852 0.254353772062249 0.0937742368533907 0.161868970214939 0.191951664047543 0.134469655972003 0.0924780095763448 0.0621536057565979 0.0470171842711389 0.035044120394 0.020431880719715 0.00870957091414193 0.00157853646705874 -0.00314478990699457 -0.00754247038353378 -0.0124949758996956 -0.0192875065847631 -0.0231094698944015 -0.0246167825675294 -0.0281460541741336 -0.0321572348525871 -0.0341773226209803 -0.0264760322558412 -0.016078153834823 -0.00601921821243029 0.00782857105128976 0.0111568619925534 0.0126656680011559 0.00767243603936252 -0.000653964359344117 -0.0061056403728707 -0.0140172579115446 -0.0205839868261667
-9999 -9999 -9999 -9999 -9999 -9999 -9999 -9999 -9999 -9999 -9999 -9999 -9999 -9999 0.0500319981441824 0.610436597523531 0.624843840924615 0.481005362138222 0.363468105273538 0.302277121215237 0.366602230316159 0.64128458712216 0.821569849712866 0.509794077409954 0.1976449965991 0.178181483247842 0.18021666128938 0.121210716374163 0.0663684057494531 0.0378114799958869 0.0279976998598078 0.021601159228692 0.0107117495778243 0.0037282996643952 -0.000647605793105022 -0.00421407513899047 -0.00746942804048384 -0.0144347390346081 -0.0212534447109393 -0.0269851165940184 -0.0308566643801689 -0.0366203669857444 -0.0442624394863918 -0.0478148359462107 -0.0423105320896011 -0.030536124834009 -0.0156713506216962 -0.000165919219162425 0.0118921784538412 0.0188652407844098 0.0141791779488384 0.00583148335821942 -0.00250229903682525 -0.0137153263690946 -0.0238313216126055
-9999 -9999 -9999 -9999 -9999 -9999 -9999 -9999 -9999 -9999 -9999 -9999 -9999 -9999 -0.0784683665922528 0.476987436392329 0.542866708877482 0.321513375083314 -0.00793331789516455 -0.0369365202353172 0.110192360570797 0.312858021264474 0.606455018772857 0.727744759880317 0.385612664938206 0.272244652906339 0.174804191926157 0.102115704694813 0.0217460062643328 -0.0199012477220831 -0.00529568476673475 0.00275504168891777 -0.0153537625400179 -0.00789483780635042 -0.00818778863533515 -0.008371283527083 -0.00799690649628165 -0.0154842864499392 -0.0217451776027707 -0.0279447692784837 -0.0324239582323423 -0.0382640852805938 -0.0451962736942595 -0.0506300586558953 -0.0490532003412658 -0.0374560923706186 -0.0164587498054233 -0.00301038658228808 0.0166778754472099 0.0290829831416343 0.0212970360725714 0.01336607938552 -0.00254544034665821 -0.0171270347765268 -0.0284157495429765
-9999 -9999 -9999 -9999 -9999 -9999 -9999 -9999 -9999 -9999 -9999 -9999 -9999 -9999 -9999 0.176518920447296 0.567648023009989 0.329571584762807 -0.0475819654631615 -0.0996207824488669 0.084263685409892 0.405081624632245 0.71881413638405 0.93221925093697 0.82771761944138 0.714395334462038 0.435991831711402 0.206431536843118 -0.0319452546655617 -0.124774717506394 -0.106778684809593 -0.091350493412439 -0.0516993557639885 -0.0387752541964712 -0.0269501105328833 -0.0184072292766187 -0.0169285612805751 -0.0206229778403327 -0.0244549857823168 -0.0288989654621652 -0.0332353680814543 -0.0371973617167542 -0.0425223841941654 -0.0466483414355538 -0.0469907274141154 -0.0410069042155934 -0.0272821121567294 -0.010698881123922 0.0045682698463036 0.0138337310195508 0.00942174804201423 0.000103019053337816 -0.0100459787265862 -0.0213282990614301 -0.0305467870520449
-9999 -9999 -9999 -9999 -9999 -9999 -9999 -9999 -9999 -9999 -9999 -9999 -9999 -9999 -9999 -0.0605064081380438 0.295362256198623 0.354448370922294 0.00256903791109769 -0.118220848480932 0.0502312671018205 0.413302522886316 0.796343750151834 1.07338864542956 1.01485509012461 1.03780634178781 0.949768735665915 0.756821080752068 0.261786172936983 -0.0399399154232483 -0.0723285395906985 -0.202450359944714 -0.114737648395931 -0.0742998634564891 -0.0490812450678154 -0.0297131583475821 -0.0256794741088616 -0.0276873032245831 -0.0280254993057105 -0.0295954206127568 -0.0328745871126423 -0.0356337306311972 -0.0398821843753603 -0.0422972694948694 -0.0450349146000326 -0.043708903639022 -0.0355681969709253 -0.0227375370751214 -0.0125206228457367 -0.00493949917947029 -0.00680320446368415 -0.0127528865841858 -0.0163857465534938 -0.0231464165691366 -0.0280982342084156
-9999 -9999 -9999 -9999 -9999 -9999 -9999 -9999 -9999 -9999 -9999 -9999 -9999 -9999 -9999 -9999 -0.0509592775691748 0.375208478496709 0.201998196858426 0.00227263707728448 0.000177935183041988 0.264898268193653 0.556636770906904 0.825919687511746 0.950225537284768 1.00638643981824 0.933036261032797 0.877910586262114 0.719117164579896 0.587849488037193 0.454206122622702 0.21804483641616 0.0223536716837412 -0.0812864616019944 -0.0834547924652952 -0.0499496840017129 -0.0415999255325388 -0.0354078765300693 -0.032215991758028 -0.0329616374608189 -0.0374136733646535 -0.0402618488786793 -0.0391716524276099 -0.0415008521073808 -0.0436669605912928 -0.044278811491771 -0.0404768334049375 -0.0323175716962844 -0.0246458142430748 -0.0178297349842563 -0.016042511227206 -0.0167013095255609 -0.01894447216569 -0.0207500381875271 -0.0231730198689519
-9999 -9999 -9999 -9999 -9999 -9999 -9999 -9999 -9999 -9999 -9999 -9999 -9999 -9999 -9999 -9999 -0.0508265978333579 0.293679043360578 0.388677847608323 0.131758880726625 -0.0507075478686752 0.0421918149348236 0.16360707779221 0.337691487922954 0.495681023288963 0.687850723284538 0.680233843108284 0.850755895449251 0.82043836109796 0.796439930305 0.737333369924106 0.76138562254786 0.345553371968993 -0.0115791037896255 -0.109219202425952 -0.0706486559370857 -0.0557060914062178 -0.0444242208392424 -0.0384209862436083 -0.0398952535495569 -0.0499145545081657 -0.0572423317667909 -0.039727866756492 -0.0403495202588699 -0.0408751109132997 -0.0426366226288498 -0.0425750708779271 -0.0365934144833026 -0.0313196488310172 -0.0230081999356671 -0.0178892643423186 -0.0155800901074934 -0.0173888622454002 -0.0195529998796531 -0.0233901353826892
-9999 -9999 -9999 -9999 -9999 -9999 -9999 -9999 -9999 -9999 -9999 -9999 -9999 -9999 -9999 -9999 0.0345631229558098 0.0525255070288147 0.67102666321651 0.341435112667958 0.0596336764979041 -0.0132868461298722 -0.0623705358170085 -0.0357795605688422 0.0281609915745349 0.124835672759921 0.245694482856386 0.465597814502992 0.613887989936055 0.696927166705429 0.671149333438462 0.563943215385775 0.519823622183066 0.328289412948714 0.0111866271656595 -0.054945242601654 -0.0594911873136473 -0.0481320870729038 -0.0456231614402394 -0.0447393367328965 -0.0548703994159634 -0.054885995299208 -0.0376298193358787 -0.0378877390136925 -0.0355145861405623 -0.0350304921797845 -0.0385635334198088 -0.0405016755190803 -0.0368729121751379 -0.0293160334319032 -0.0225754338259648 -0.014735826822152 -0.0238975296927263 -0.029167889773935 -0.033737034515721
-9999 -9999 -9999 -9999 -9999 -9999 -9999 -9999 -9999 -9999 -9999 -9999 -9999 -9999 -9999 -9999 -9999 -0.0993120687898383 0.538876955869805 0.828030045784688 0.376944587583896 0.242550295004803 0.0744540721785918 -0.0209320185670052 -0.0382270230517613 -0.0906583848723029 -0.0783265979141742 -0.0826491401150315 0.00296434762614706 0.128504982767185 0.429121805928802 0.53076790201966 0.426900785580686 0.605188340504421 0.324867445501264 0.100723357557828 -0.0255147246139598 -0.0524472613867644 -0.054523810310491 -0.0462177746915355 -0.0500876452577411 -0.0503819965115039 -0.038586578942352 -0.0329036440034156 -0.0265213833644796 -0.0288840062017958 -0.0364161796618068 -0.0453375702194684 -0.046446087849061 -0.0425133960548463 -0.0385499534091177 -0.031735847479219 -0.0414073795735919 -0.044181292269973 -0.0452404705440495
-9999 -9999 -9999 -9999 -9999 -9999 -9999 -9999 -9999 -9999 -9999 -9999 -9999 -9999 -9999 -9999 -9999 -9999 -0.106321862877022 0.383849686527731 0.942532255911158 0.54096947178671 0.158820829355758 -0.096807734589587 -0.133639034429975 -0.179279971373718 -0.206509825938913 -0.241942153925225 -0.23544802091793 -0.173841674399277 0.155499502479719 0.428245275219699 0.543913707063005 0.725327114506805 0.691746167181471 0.440701171155405 0.168276843084486 0.0169668864444801 -0.0337385381857756 -0.0445302386419061 -0.0404587434842024 -0.0338273427520973 -0.0297174439293869 -0.0214698494430127 -0.0201828649340024 -0.0289526384466781 -0.0400421347756145 -0.0471350012765224 -0.0502567502340398 -0.0498716918345533 -0.0478563708760354 -0.044348539437177 -0.0429303389411522 -0.0383544787429845 -0.0370449896457622
-9999 -9999 -9999 -9999 -9999 -9999 -9999 -9999 -9999 -9999 -9999 -9999 -9999 -9999 -9999 -9999 -9999 -9999 -9999 -9999 0.332038871847633 0.970290708893112 0.776815968386691 0.228571853979538 -0.102493252486271 -0.226662689400314 -0.262764396220378 -0.247031368318242 -0.262481421049928 -0.285425329248568 -0.105026175053044 0.276786154548282 0.517418687999051 0.902996793939962 0.950095600484298 0.771172486609659 0.489342586961104 0.205611154058005 0.0530895359385996 -0.00646412563767634 -0.00546714287430899 0.0129290867151373 -0.00403066145090597 -0.00936625661712126 -0.016955423110404 -0.0302579993683462 -0.0388787978334501 -0.0441984840388457 -0.0456989789949171 -0.0442328328999407 -0.0391264721189574 -0.0259532374179522 -0.0222845526572954 -0.0140598897809148 -0.0163235076721591
-9999 -9999 -9999 -9999 -9999 -9999 -9999 -9999 -9999 -9999 -9999 -9999 -9999 -9999 -9999 -9999 -9999 -9999 -9999 -9999 -9999 -9999 0.132736645163179 0.251193064541975 0.23482383282349 -0.038864543616994 -0.203979313932256 -0.252471544830765 -0.256792508411023 -0.266048781839378 -0.304766504214631 -0.204084950741895 0.215942209039119 0.73389032039523 0.993310991877449 0.983485801666979 0.861187775622133 0.574099915591442 0.274692848635593 0.0867967186150662 0.0514065727906514 0.0089408460946237 -0.00188655985643743 -0.0104430365598254 -0.0244043707441184 -0.0317322744429353 -0.0379326702325675 -0.0423556706038579 -0.0443515316490399 -0.0436644146694696 -0.0352428520828738 -0.021369873910865 -0.0133423083664934 -0.0114212011500075 -0.0156183118563265
-9999 -9999 -9999 -9999 -9999 -9999 -9999 -9999 -9999 -9999 -9999 -9999 -9999 -9999 -9999 -9999 -9999 -9999 -9999 -9999 -9999 -9999 -9999 -9999 -0.0238108679183929 0.137725396833333 0.0424055000829769 -0.169457177876581 -0.271895466151226 -0.247175665635922 -0.297471641427641 -0.319415683141027 -0.124166678526323 0.434821906515176 0.814338573308567 1.00010857136128 1.04586405601079 0.9772783883834 0.745602421343324 0.434966551338909 0.232289518222412 0.0734313427557711 0.0105501127706369 -0.0199615860953514 -0.0333094887693625 -0.0382120840621591 -0.041176085866802 -0.0435435462859653 -0.0445398840660711 -0.044434920875694 -0.037162574361768 -0.0232598521213815 -0.015656925041341 -0.0140913079475398 -0.0158180988707819
-9999 -9999 -9999 -9999 -9999 -9999 -9999 -9999 -9999 -9999 -9999 -9999 -9999 -9999 -9999 -9999 -9999 -9999 -9999 -9999 -9999 -9999 -9999 -9999 -9999 -9999 0.286914325297857 0.415074010255213 -0.072337458376064 -0.170970432343962 -0.255859709687819 -0.300404281626795 -0.280142180202192 -0.132647602402772 0.182275695817237 0.659036326232026 1.01037456842375 1.02304845854696 1.05002959544731 0.914616914223868 0.647963982430909 0.284479334545543 0.0717676885974978 -0.0229172916929116 -0.0512595228741777 -0.0500316946546169 -0.0499087482550292 -0.048372074922676 -0.0491920491785827 -0.0476294379619494 -0.0391600917095623 -0.0262896078331714 -0.017426441495752 -0.0165884132291226 -0.0166084149252203
-9999 -9999 -9999 -9999 -9999 -9999 -9999 -9999 -9999 -9999 -9999 -9999 -9999 -9999 -9999 -9999 -9999 -9999 -9999 -9999 -9999 -9999 -9999 -9999 -9999 -9999 0.0606810773108763 0.503596449818481 0.511263395902776 0.0533887950798388 -0.0951864059553303 -0.153842412749305 -0.167648532108249 -0.210019637645086 -0.200922397816103 0.0500303334642827 0.488051314143464 0.732011851714796 0.94995436520939 1.01469632225473 0.960336740464093 0.642210762402707 0.211165823325655 -0.0149907713316188 -0.0660077335969066 -0.0619921134675052 -0.0559211585096108 -0.0514480012729653 -0.0509956987644913 -0.0498291703757165 -0.0426462258615163 -0.0299820247849652 -0.0212108441063034 -0.0190355906557237 -0.0179030475390298
-9999 -9999 -9999 -9999 -9999 -9999 -9999 -9999 -9999 -9999 -9999 -9999 -9999 -9999 -9999 -9999 -9999 -9999 -9999 -9999 -9999 -9999 -9999 -9999 -9999 -9999 -9999 -9999 0.74724404551757 0.647872990160716 0.134796777359292 0.111462408926079 0.0351014305669347 -0.0500965521910124 -0.128152094472151 -0.220719063986738 -0.172820386712527 0.115475811022741 0.455882596178247 0.732226881370057 0.990829619563047 0.950150647815666 0.402124452036173 -0.00218627765384377 -0.0708746397143625 -0.0660173585089883 -0.0567067319566324 -0.0535279406648485 -0.0465170095792044 -0.0464011484361962 -0.0418571346455548 -0.0317221579209756 -0.0234520034440661 -0.0214739844253118 -0.0211643196570263
-9999 -9999 -9999 -9999 -9999 -9999 -9999 -9999 -9999 -9999 -9999 -9999 -9999 -9999 -9999 -9999 -9999 -9999 -9999 -9999 -9999 -9999 -9999 -9999 -9999 -9999 -9999 -9999 0.595107857195014 0.848475749323193 0.342340260885578 0.163319757374432 0.0837859277304586 0.00120451274291655 -0.044682087318388 -0.124510473208241 -0.150674048393637 -0.0807589939808941 0.115344029052078 0.42576426076847 0.847614350914798 1.04366773101277 0.593222785914033 0.0928718498632563 -0.0493011159029855 -0.0610269786767629 -0.0621318694700333 -0.0574631258500226 -0.0496323629647745 -0.0455032821307469 -0.0394133019285592 -0.0310045329691223 -0.0239486190449253 -0.0210073219979148 -0.0230001948159775
-9999 -9999 -9999 -9999 -9999 -9999 -9999 -9999 -9999 -9999 -9999 -9999 -9999 -9999 -9999 -9999 -9999 -9999 -9999 -9999 -9999 -9999 -9999 -9999 -9999 -9999 -9999 -9999 -9999 0.738756303283412 0.50994936472718 0.23364985592026 0.0208835942494557 -0.0719764062296745 -0.071246504219248 -0.109096491611426 -0.112504789698564 -0.053696838960492 0.051625407506975 0.3100692559758 0.728528044468398 1.05002221540957 0.743372202687017 0.221489520458953 -0.00250066442547953 -0.0448199537203139 -0.0652830509912352 -0.05629573231389 -0.048076268488013 -0.0415351335636397 -0.0355941338828266 -0.0302560578477568 -0.0261097448603155 -0.0212640575201137 -0.0258196906119623
