meets/meet006/_saidas_enm/CCSM_Maha_0k_T_subalaris3.asc
NCOLS 154 
NROWS 168 
XLLCORNER -112 
YLLCORNER -55.5 
CELLSIZE 0.5 
NODATA_value -9999 
[rows 100 to 124 of 168, columns 56 to 111 of 154]
-9999 -9999 -9999 -9999 -9999 -9999 -9999 -9999 -9999 -9999 -9999 -9999 -9999 -9999 -9999 -9999 -9999 -9999 -9999 -9999 -9999 -9999 -9999 -9999 -9999 -9999 -9999 -9999 -167.594278074545 -42.2190785633882 -43.3051039392678 -97.6822183472999 -137.66184596135 -148.69573929248 -119.14013344344 -98.7476156154867 -93.0104913233775 -96.3311608869122 -65.8960406460574 -32.0700384285737 -11.1053361625715 -3.22331470800475 -1.56966444044881 -7.77599800788221 -9.63594228397509 -9.45279874649704 -10.5740292328498 -9.44065520208486 -7.78541402885412 -6.48081377565998 -4.51917779214071 -3.60940348216179 -2.71498239500654 -1.46963348712182 -0.000844682338029701 0.741017327458353
-9999 -9999 -9999 -9999 -9999 -9999 -9999 -9999 -9999 -9999 -9999 -9999 -9999 -9999 -9999 -9999 -9999 -9999 -9999 -9999 -9999 -9999 -9999 -9999 -9999 -9999 -9999 -9999 -181.061532621341 -42.8270570049564 -55.0737241199252 -102.519883547744 -131.053061561037 -139.120276518625 -110.452574646478 -97.2977363758498 -92.2287348942287 -95.3163707030102 -64.2572315871313 -32.0064340163972 -13.0980392331727 -4.34022073427272 -2.40707865403282 -7.6045749272334 -8.59992600344225 -8.03864721656043 -8.77624192073825 -9.85748728419586 -7.5571107772813 -6.00075208830741 -5.71033685538736 -4.8939950726621 -3.6209955790265 -1.87009223883249 -0.141878112493349 0.919707101562052
-9999 -9999 -9999 -9999 -9999 -9999 -9999 -9999 -9999 -9999 -9999 -9999 -9999 -9999 -9999 -9999 -9999 -9999 -9999 -9999 -9999 -9999 -9999 -9999 -9999 -9999 -9999 -269.65825673861 -187.08625861283 -45.2172265716102 -58.7243976245383 -98.2520919802548 -121.764949449765 -128.282193867009 -102.503685089381 -92.5526018972876 -89.9836954549987 -84.727515526184 -56.7819929602165 -29.8942459084129 -13.5334075080346 -5.10740884045125 -3.88395952594555 -7.48047352074016 -8.24271468793355 -7.1749121055138 -6.87455594780157 -8.18576732019832 -7.44267003681276 -5.2806223860076 -4.00125910131194 -4.31338219601877 -4.77586464946366 -3.15780518504527 -1.0363456086289 0.36927684246099
-9999 -9999 -9999 -9999 -9999 -9999 -9999 -9999 -9999 -9999 -9999 -9999 -9999 -9999 -9999 -9999 -9999 -9999 -9999 -9999 -9999 -9999 -9999 -9999 -9999 -9999 -9999 -268.886689669777 -181.544255827948 -46.7455523973031 -63.3661871531019 -97.1399758826624 -116.134367246925 -125.346909948773 -98.8696481689524 -94.5824941065447 -89.3713928428531 -77.9707135171395 -52.723474327569 -27.922017189754 -11.9728461233264 -5.62692183938924 -6.08418195937042 -8.40755878655863 -8.48376211968018 -7.12360557363667 -5.90814483235311 -6.0128282508624 -6.35810068674743 -5.20038217439059 -3.77085940920543 -2.9332956593378 -3.20609098756287 -3.23416068280196 -1.79599322460303 -0.3892030033608
-9999 -9999 -9999 -9999 -9999 -9999 -9999 -9999 -9999 -9999 -9999 -9999 -9999 -9999 -9999 -9999 -9999 -9999 -9999 -9999 -9999 -9999 -9999 -9999 -9999 -9999 -9999 -257.001328891016 -158.597912770507 -50.2906769663566 -67.995823449955 -102.698763976715 -119.1652919534 -129.515857516522 -102.549021421423 -99.439693749863 -94.8210267609122 -75.2371823908733 -51.4655458700718 -27.0213952374081 -10.3370232693575 -6.00991176496971 -7.79543572113764 -9.20506830631712 -9.12815751621392 -7.71372985916373 -5.72483257712869 -4.6663174207361 -4.14890087641892 -3.49658994800232 -2.88875465552748 -2.9023810737161 -1.91432038792549 -1.23825037466856 -0.849488318082432 -0.362504208737084
-9999 -9999 -9999 -9999 -9999 -9999 -9999 -9999 -9999 -9999 -9999 -9999 -9999 -9999 -9999 -9999 -9999 -9999 -9999 -9999 -9999 -9999 -9999 -9999 -9999 -9999 -9999 -224.618369278369 -135.835723257559 -59.1964304736748 -80.9021339472445 -119.829370100304 -128.677189203725 -137.852969971916 -112.088476938255 -113.882925681295 -107.916466966326 -82.2259702071715 -55.7374234300953 -27.5141639882776 -9.83487703891209 -6.74432819944652 -9.80327473375418 -10.1113148454768 -9.77909318068103 -8.29598965598764 -6.07299745240473 -4.42881241043348 -3.19532121980537 -2.09359062337453 -1.46870581322298 -1.70805845411827 -1.43253204407906 -1.02371108588776 -0.147741645203547 0.266746725893341
-9999 -9999 -9999 -9999 -9999 -9999 -9999 -9999 -9999 -9999 -9999 -9999 -9999 -9999 -9999 -9999 -9999 -9999 -9999 -9999 -9999 -9999 -9999 -9999 -9999 -9999 -9999 -180.589747439285 -106.005009297742 -71.4281391254829 -102.379781637536 -141.268237177372 -149.481593306399 -150.410419904533 -126.08002976674 -137.025146272469 -125.159386520028 -96.5794175372543 -63.6129382111147 -29.0086965354149 -10.953691700326 -7.84911972853395 -10.0196939289456 -10.8696717340334 -10.1396718804331 -8.5318327265209 -6.54099022965367 -4.64964531456468 -3.15464638590962 -1.77194462846255 -0.883448030951637 -0.443715145337663 -0.729032791582736 -0.236200736072555 -0.256711286307752 0.181752818255668
-9999 -9999 -9999 -9999 -9999 -9999 -9999 -9999 -9999 -9999 -9999 -9999 -9999 -9999 -9999 -9999 -9999 -9999 -9999 -9999 -9999 -9999 -9999 -9999 -9999 -9999 -9999 -136.843311260736 -85.3131593836394 -75.9136631993663 -123.574705232357 -159.576972810376 -162.872866409916 -159.374769711369 -142.364354370003 -164.276654740874 -145.196133978833 -112.652827318531 -71.6080945460479 -30.4467342093659 -12.0162649922208 -9.17880304085155 -10.3734169050363 -12.1714419452448 -10.8137307047643 -9.03866572789673 -6.95408627893984 -5.1239056362956 -3.46606127279301 -2.08756447735651 -0.993092302035754 -0.0328356404398575 0.435738280155988 0.260712118847654 0.534203465145287 0.46935674122741
-9999 -9999 -9999 -9999 -9999 -9999 -9999 -9999 -9999 -9999 -9999 -9999 -9999 -9999 -9999 -9999 -9999 -9999 -9999 -9999 -9999 -9999 -9999 -9999 -9999 -9999 -9999 -102.747164388228 -73.3451240295582 -84.1282926986262 -143.733591608111 -167.088157177926 -166.733642344375 -160.081116090746 -151.729220827557 -200.181583314 -161.419682922762 -125.755212971258 -74.7134273865981 -31.5172320674892 -12.7901140079244 -10.9453257103966 -11.3692791827486 -12.1569797487805 -11.7547896951992 -10.7606523429921 -8.33021386294058 -6.05535155120617 -4.39256280882516 -3.30036781787381 -2.15928763419258 -0.753278211385231 0.384010061284341 0.889781402678555 0.671738803487037 0.901455658883048
-9999 -9999 -9999 -9999 -9999 -9999 -9999 -9999 -9999 -9999 -9999 -9999 -9999 -9999 -9999 -9999 -9999 -9999 -9999 -9999 -9999 -9999 -9999 -9999 -9999 -9999 -9999 -82.1556956242023 -74.2329653758405 -88.6203005067799 -136.040249225436 -152.835976742254 -144.081917532885 -138.535262595811 -142.293191595885 -186.416531055388 -159.947560534145 -121.772040633494 -66.9660716912749 -30.8507150607524 -13.9160036135721 -12.9866734690647 -12.8112820691279 -12.7912435343511 -11.9387335864681 -10.6439565628827 -9.32952579149961 -8.02197743593609 -6.70348720883524 -5.24259617527866 -3.78392966507376 -1.96760465650316 -0.485277984616118 0.589255135243076 1 0.604408234596362
-9999 -9999 -9999 -9999 -9999 -9999 -9999 -9999 -9999 -9999 -9999 -9999 -9999 -9999 -9999 -9999 -9999 -9999 -9999 -9999 -9999 -9999 -9999 -9999 -9999 -9999 -78.5595429607181 -72.7804516702796 -80.9773229925036 -90.6694134251684 -126.365956403881 -127.266968485629 -113.281848210018 -103.318172232988 -119.67502469198 -172.770267017085 -144.188414618104 -99.7369338061415 -58.0252830735665 -27.8057230725802 -16.2437088910576 -15.9551793481387 -14.7714792188755 -14.1411250499603 -13.1048437811206 -11.5345790692507 -10.0460965387493 -8.43991216022493 -6.99252553027849 -5.60481912302037 -4.55736561269415 -3.59135014027438 -1.6555964915111 -0.166427068084449 0.711617293281154 0.90181347150333
-9999 -9999 -9999 -9999 -9999 -9999 -9999 -9999 -9999 -9999 -9999 -9999 -9999 -9999 -9999 -9999 -9999 -9999 -9999 -9999 -9999 -9999 -9999 -9999 -9999 -9999 -71.9115561156052 -73.1708283401169 -75.7109700007377 -92.8374652553297 -106.399665100145 -101.678810710634 -86.8220247871601 -74.2311424848326 -89.7131326114961 -122.407901074149 -113.020374338584 -75.8210305980053 -48.0277827388144 -27.2004254879629 -20.7148419815051 -18.88580312835 -17.2807937660015 -16.3233077157937 -15.3782898420172 -14.1434275674153 -11.8523359790286 -9.42275104025699 -7.34115521794753 -5.57007014159347 -4.19460261145837 -3.2694802768116 -2.41805331999598 -0.686792954550599 0.349553472723626 0.74149159489524
-9999 -9999 -9999 -9999 -9999 -9999 -9999 -9999 -9999 -9999 -9999 -9999 -9999 -9999 -9999 -9999 -9999 -9999 -9999 -9999 -9999 -9999 -9999 -9999 -9999 -9999 -68.8896255327756 -73.6777914828415 -86.7974181386215 -98.1896710731868 -98.9289452661882 -79.6354491540113 -69.0818358378626 -55.0791808245347 -63.861346895202 -97.9703072994052 -81.649526273558 -58.2276826749235 -38.1753378039828 -29.7370603006939 -25.4374826527585 -23.3103974732536 -21.3029962294934 -19.6048777737315 -17.939276425295 -16.8873787263032 -13.7378293923603 -10.5806898400371 -7.83280249874564 -5.86467407302489 -4.21189892609245 -2.88941559172288 -2.19046711321473 -1.33309319992938 -0.344663123714109 0.295366789744619
-9999 -9999 -9999 -9999 -9999 -9999 -9999 -9999 -9999 -9999 -9999 -9999 -9999 -9999 -9999 -9999 -9999 -9999 -9999 -9999 -9999 -9999 -9999 -9999 -9999 -9999 -72.5382151770893 -88.5406318953379 -111.91222718979 -100.514391270674 -76.5251267377521 -57.2632587794553 -49.3924410105511 -38.8308702015268 -45.2862144358282 -71.1665144103691 -63.8580501315317 -43.1231397089467 -35.1260875985238 -31.4556624559946 -29.5610247687063 -27.4176903203627 -24.8244663184583 -22.3571141303684 -19.9965241029055 -17.5820452604432 -14.4515701187335 -11.9285480640342 -8.8041253660735 -6.44562398801234 -4.5103922841262 -2.81564150056885 -1.75509390237257 -1.38198277714247 -1.33281264220334 -0.441904596465833
-9999 -9999 -9999 -9999 -9999 -9999 -9999 -9999 -9999 -9999 -9999 -9999 -9999 -9999 -9999 -9999 -9999 -9999 -9999 -9999 -9999 -9999 -9999 -9999 -9999 -57.1224042109323 -69.7073628864852 -122.044824411099 -145.379407794918 -96.7506685539344 -64.3650035677028 -43.6288563871907 -35.5934234966392 -31.1290295005047 -49.3752770913868 -68.6055400474273 -52.5785592230515 -37.3960607607506 -35.3969152837138 -34.7687330637838 -34.4941060201972 -31.3801313403792 -28.0542362896645 -24.8504438593495 -21.7200319103376 -18.8961463220793 -15.5002553410719 -12.6835281593194 -10.1282541730397 -7.41708814518879 -5.28351494949866 -3.20395939504327 -1.72825338995291 -0.920137038579363 -0.670891038623659 -0.892631629379346
-9999 -9999 -9999 -9999 -9999 -9999 -9999 -9999 -9999 -9999 -9999 -9999 -9999 -9999 -9999 -9999 -9999 -9999 -9999 -9999 -9999 -9999 -9999 -9999 -9999 -65.3058550730264 -74.3730118323777 -119.935217834674 -132.684209986466 -88.9266255272141 -54.1283351763981 -36.7616324828355 -28.7675026192047 -28.4793919478088 -42.1724757023355 -52.6207012100108 -48.0235292804101 -40.0936434834328 -39.3167133752277 -38.5193064079852 -37.2969029813054 -34.4575946487506 -30.994288400941 -27.5490459255582 -24.0494517121855 -20.7028395170294 -17.0541311897396 -14.2192952462581 -11.9213190475305 -9.02149365936385 -6.16181368041746 -3.72616083580257 -1.98904709252792 -0.80590261811442 -0.13900598591044 0.0569305201481749
-9999 -9999 -9999 -9999 -9999 -9999 -9999 -9999 -9999 -9999 -9999 -9999 -9999 -9999 -9999 -9999 -9999 -9999 -9999 -9999 -9999 -9999 -9999 -9999 -9999 -59.0583452486389 -78.0560118467722 -119.939608272328 -125.068122089587 -78.2131049341204 -48.235807960429 -34.0134292226685 -26.1548946390184 -29.5654594368573 -43.3157413715111 -55.4615140006021 -50.9501889042563 -44.5459109695346 -43.213639977748 -41.8053422841907 -40.1853533243207 -36.9642082801094 -33.6705828228937 -30.3448818803692 -26.7146639664279 -23.2188917237898 -19.4386973700707 -16.2857320849896 -13.3625571813126 -10.678591328729 -7.43549467951018 -4.59968345142989 -2.51426167137701 -0.982085607916483 0.022036142216015 0.504733146561748
-9999 -9999 -9999 -9999 -9999 -9999 -9999 -9999 -9999 -9999 -9999 -9999 -9999 -9999 -9999 -9999 -9999 -9999 -9999 -9999 -9999 -9999 -9999 -9999 -9999 -53.5497694399117 -80.0202159315327 -118.575141831043 -120.003325576265 -79.437244412732 -51.1856215414278 -36.4264505522321 -30.9304632025217 -35.3486469767621 -47.6440238747408 -57.187294511991 -56.1212760106855 -50.8792846934615 -48.18625756256 -45.8613415005511 -43.3503614581277 -39.7805873047993 -36.2874570889436 -33.3362923009697 -30.7759854418475 -27.5034746564943 -22.6401837895733 -17.9026192248608 -14.334017377829 -11.653577283295 -9.09366556221759 -5.81078257073734 -3.27487877897675 -1.46964497323235 -0.1977396938774 0.534417105810663
-9999 -9999 -9999 -9999 -9999 -9999 -9999 -9999 -9999 -9999 -9999 -9999 -9999 -9999 -9999 -9999 -9999 -9999 -9999 -9999 -9999 -9999 -9999 -9999 -9999 -50.409732610196 -81.0863661057047 -123.94844016731 -123.878197802537 -80.3751203237167 -55.7411331023566 -40.0641221079116 -37.8490089072567 -42.6335766225826 -52.871623479232 -62.3028568762189 -61.5996356970612 -58.1262187399051 -55.1109103518592 -51.0548233709872 -48.1692160019636 -43.8551884783437 -40.4342468518262 -37.699094265568 -35.3127619866026 -32.8340098684028 -25.8729417797731 -19.838517286189 -15.6230897982774 -12.6494768462927 -10.4673662772348 -7.34290849876742 -4.39736410386783 -2.2368729736088 -0.634831833056663 0.250229158505254
-9999 -9999 -9999 -9999 -9999 -9999 -9999 -9999 -9999 -9999 -9999 -9999 -9999 -9999 -9999 -9999 -9999 -9999 -9999 -9999 -9999 -9999 -9999 -9999 -9999 -50.8975496470852 -83.771424519127 -127.086960429501 -126.869142739566 -83.8708058886038 -55.4860547792859 -44.9850437707488 -45.7571773654084 -49.9799421082066 -58.2549440630778 -65.3717392428577 -65.4053322399715 -62.533382757147 -59.8539408532383 -56.2538236728407 -52.7619888630933 -49.0899751797336 -47.3242754703301 -44.4284925478162 -39.7703899274552 -34.4630506160561 -28.3291874693676 -22.5735369257665 -17.9405380893895 -14.2971142112376 -11.4025525334129 -8.8822974032048 -5.94865782014919 -3.47965458492724 -1.50708814511089 -0.220491670415758
-9999 -9999 -9999 -9999 -9999 -9999 -9999 -9999 -9999 -9999 -9999 -9999 -9999 -9999 -9999 -9999 -9999 -9999 -9999 -9999 -9999 -9999 -9999 -9999 -9999 -48.8122295321148 -83.4440961566871 -132.755979328064 -132.678740748349 -85.386936749235 -57.9169148638829 -49.7553494407778 -52.2787803981362 -55.9836614124797 -62.2398709160084 -67.7756082795808 -67.562930775686 -65.629112541928 -63.3080004268775 -59.502669506983 -56.6733550395851 -53.4845478996153 -52.8799998590864 -49.5462156084178 -42.8426995451845 -36.6509827402174 -30.5147578387829 -24.9823579561059 -20.3166689452904 -16.1651024681432 -12.8549025497066 -9.85528518837051 -7.59750489582821 -4.86424888866682 -2.48386974171087 -1.04025521339564
-9999 -9999 -9999 -9999 -9999 -9999 -9999 -9999 -9999 -9999 -9999 -9999 -9999 -9999 -9999 -9999 -9999 -9999 -9999 -9999 -9999 -9999 -9999 -9999 -9999 -47.6971948520648 -83.8276171449012 -136.363102666021 -138.227022959933 -93.9668185012255 -65.1701136887327 -57.2755808355131 -58.4106700002259 -60.4291730225403 -65.6846682960216 -69.9500112186955 -69.9623932194 -67.9316999459138 -65.6894195945537 -62.4165262840707 -59.1727538233774 -56.7050914008847 -55.6788691096322 -52.249700352736 -45.892483893828 -38.8802565617101 -32.7391070015486 -27.3604010191606 -22.362862933569 -18.3393513291874 -14.7304080295098 -11.0304118229851 -8.17836187041504 -6.0367950780158 -3.90839579951187 -2.18096536461072
-9999 -9999 -9999 -9999 -9999 -9999 -9999 -9999 -9999 -9999 -9999 -9999 -9999 -9999 -9999 -9999 -9999 -9999 -9999 -9999 -9999 -9999 -9999 -9999 -9999 -45.2184774760566 -82.0631684113658 -139.181418222696 -147.979882699698 -102.386819503955 -71.8918652828339 -63.1461220115105 -64.1325297967147 -65.2450930452463 -68.9323315296175 -72.5270785684295 -72.1478584487027 -70.277337837545 -67.9120694479384 -64.0978339020776 -60.6742350857613 -58.2487069253814 -57.7716696821923 -54.8545768476156 -48.7922260440852 -42.1599201678079 -35.9452720272168 -29.9925991693819 -24.5504836472978 -19.807294835514 -15.9899071042783 -12.1424836653421 -9.07537261968238 -6.85039091322519 -5.10414253908864 -3.6739668725039
-9999 -9999 -9999 -9999 -9999 -9999 -9999 -9999 -9999 -9999 -9999 -9999 -9999 -9999 -9999 -9999 -9999 -9999 -9999 -9999 -9999 -9999 -9999 -9999 -9999 -43.831512653531 -84.5415861800043 -144.559242309679 -159.05008688031 -115.194270546532 -80.8688701307791 -70.2083685119508 -69.8577560374205 -68.7967485929788 -71.6654411555153 -73.8589727952608 -73.7853826924069 -71.8945881698118 -68.9870825699387 -64.8080032660273 -61.064539364549 -59.1033024663262 -59.131016982583 -56.9729679906061 -52.5461204675483 -47.3944896700523 -40.2678961221186 -33.0406639139393 -26.7385698224789 -21.137866713216 -16.3927838074729 -13.0873138158193 -10.6355571934083 -7.77949711668082 -5.54207837458532 -4.30652784411417
-9999 -9999 -9999 -9999 -9999 -9999 -9999 -9999 -9999 -9999 -9999 -9999 -9999 -9999 -9999 -9999 -9999 -9999 -9999 -9999 -9999 -9999 -9999 -9999 -41.6820099235443 -48.1267423072574 -88.1403919600985 -150.66083510252 -172.081003953758 -130.977820294283 -91.2549160752247 -78.0035110038633 -73.9037511459103 -71.0122802784384 -72.5510082619443 -75.1310902968849 -74.2264967926843 -72.0867331485536 -69.0031199076011 -64.6191719231282 -61.3375904095306 -59.7549455248705 -60.2527040365028 -58.6816399848502 -55.2375118276415 -50.5706815978503 -43.899061820288 -36.7732116858641 -30.0765936976716 -23.5847903450943 -18.1620105234565 -14.7867564751444 -12.152228125943 -8.50105980154796 -4.88456025553592 -2.62264869873852
