meets/meet006/_saidas_enm/CCSM_Maha_0k_S_lineola5.asc
NCOLS 154 
NROWS 168 
XLLCORNER -112 
YLLCORNER -55.5 
CELLSIZE 0.5 
NODATA_value -9999 
[rows 50 to 74 of 168, columns 56 to 111 of 154]
-9999 -9999 -9999 -9999 -9999 -9999 -9999 -9999 -9999 -9999 -9999 -9999 -9999 -13.6833178490046 -7.43246050856082 -5.86908037846287 -2.85701240911811 -4.17416770769891 -5.26022948656499 -3.70022656450363 -0.76730182683922 0.272701613946555 -1.25701128631871 -1.50910304716446 -1.45001147613081 -1.51413802151344 -0.928938950267666 -1.25303088461611 -1.44048985775731 -1.44142964519706 -1.87112793827751 -1.9481794388282 -1.30141053925187 -0.807627649980416 -1.26456404141003 -0.687724354052712 -0.889788574489604 -0.788947852711301 -0.658858937526736 -0.451543616834994 -0.6303831111813 -0.265718531492737 -0.238855680984462 -0.0725317280304041 0.0490846599242341 -1.15250422866692 -0.843507488018201 -0.934155184068447 -1.03150146660508 -0.79219887437095 -0.816432003431947 -0.208893458413433 -0.0181013762827005 0.269989237810851 0.0526262173545804 -0.00508383729601958
-9999 -9999 -9999 -9999 -9999 -9999 -9999 -9999 -9999 -9999 -9999 -9999 -9999 -7.07535458705575 -4.6594642793007 -2.85561653133071 -2.54206080426567 -2.59727432974122 -3.07911704599502 -2.3503348289183 -1.3502124046129 -1.5017639227501 -0.310040771687306 0.234976108578343 0.225547265062005 0.0970504837615686 0.308309299430127 -0.0777917894483469 -0.340194045146901 -1.07907475248065 -0.763047382643508 -1.42237035947679 -2.35002946141028 -0.54293122630587 -0.683694217156672 -0.846744845485708 -0.343022409465883 -0.403781063946152 -0.481901986048147 -0.38582166605117 -0.509951186492574 -0.442746200002984 -0.384381791743239 -0.106692628117491 0.166617420738216 0.0782346513341013 0.0257996086189928 0.0632828642721549 -0.10909561965436 -0.581502681892724 -0.49400962382712 -0.0895931100701697 -0.230090153979589 0.190863747462577 0.0308283304733307 -0.0484073982821995
-9999 -9999 -9999 -9999 -9999 -9999 -9999 -9999 -9999 -9999 -9999 -8.28604378011045 -4.83898850314686 -3.64936865422151 -4.35751097973314 -1.45802625585048 -1.02212386615791 -1.9860218553709 -1.47071438665276 -1.94926772573837 -1.98514390866123 -1.96451372024318 -0.59623411592469 -0.138411177941566 0.232038807804407 0.378673505235224 0.400390983530715 0.0620127227217578 -0.0271739790507584 0.376845469837224 0.0661749613518784 -0.26070533415968 -1.32365630273985 -0.84958430031459 0.020111884257426 -0.774001385173134 -0.666549364404584 -0.398434000484448 -0.15415457615644 -0.0582733154924622 -0.127013523553689 -0.165253999329127 -0.173990005114338 -0.0134967094269276 0.197467307004034 0.289173838356431 0.27217679513961 0.287848788566865 -0.0659833171322504 -0.325624910652386 -0.0747073778207463 0.0120363987510811 -0.147488490535315 -0.052733950293228 0.179567054830231 0.184940654242904
-9999 -9999 -9999 -9999 -9999 -9999 -9999 -9999 -9999 -9999 -7.60381455354313 -3.854798499285 -3.39209007524147 -4.33034717412646 -2.55691469034761 -0.794090915483626 0.155830102888253 -0.0386494791687662 -0.851107215239177 -1.34211058164105 -1.47527780279727 -1.30961604072074 -1.12777683090314 -0.429938859469408 0.4987887933938 0.797713983713727 0.399020035257509 0.364566553414179 0.867435166512492 0.617166751524079 0.11986979959615 0.0923318962394436 -0.559869783082228 -0.850163241523646 0.381555709475531 -0.238743591217991 -0.409362476567906 -0.403147068984117 -0.191122317569504 -0.0457845782291231 0.18885183395984 0.144971343446049 0.121810797801296 0.155254667371296 0.0872956097127001 -0.0932292275342792 -0.494753534742366 -0.382084321666399 -0.353438902929391 0.13043002374474 0.224359392440519 0.0902033421810547 -0.0477408802402288 0.0932773330534405 0.384199856827494 0.356173131924307
-9999 -9999 -9999 -9999 -9999 -9999 -9999 -9999 -9999 -9999 -3.61374913251922 -1.48895760877057 -5.72102440973204 -5.30159535560007 -2.2126152273104 0.00291991567212513 1 -0.174859532990814 -1.01721520238921 -1.30578370322459 -1.32691871960745 -1.10772419778902 -0.405573666292043 0.576976317458747 1 0.599046939263457 0.495677088227452 1 0.954964375765333 0.93433770786232 0.536166567092711 0.371844323801001 -0.0441339835783088 -0.929604172835197 0.63985152103127 0.0124574026856806 0.0704505016805975 -0.0390505835941888 -0.292759423920382 -0.412518159674507 -0.290764657418915 -0.108161184858127 -0.0678890956880236 -0.158611193653532 -0.450815946797918 -0.607544594141567 -0.793160749231484 -0.207151202464189 0.503718802231719 0.342940120079206 0.524680792044627 0.337603070396398 -0.057991280693299 -0.124273962294304 0.313346554288528 0.362857965479285
-9999 -9999 -9999 -9999 -9999 -9999 -9999 -9999 -2.75683573920238 -1.75848424697557 -2.97904511725315 -0.964072948212759 -5.21190562900235 -6.02823435896325 -1.65865331214897 0.564581444484657 0.511133851367361 -0.838592133943811 -1.80617322830551 -1.20091870801848 -0.293351718245878 0.216804893124102 0.806232012566682 0.909960758302016 0.189847936941981 0.145567704931202 0.526431877388994 0.56243252817432 0.59358661423778 0.641468108527861 0.595871375201363 0.50515184723732 0.263309555474369 -0.563706313523929 0.736511411580658 0.184909799660171 0.359410090404072 0.154181781714367 -0.0542802411546408 -0.27156485416263 -0.37290523862501 -0.323985599858053 -0.138411973482708 -0.176289351261383 -0.5201250170162 0.0910905876211281 0.5884103694742 0.488775217852713 0.223732835302006 0.293511641720144 -0.228921584601031 0.30626034345172 0.332550253098543 0.458775774621291 0.0655534101296621 0.387617927513478
-9999 -9999 -9999 -9999 -9999 -9999 -9999 -9999 -1.76857385663367 -1.65540756234372 -1.32113679533194 -1.61004722994872 -4.51438254639 -4.99627774913849 -0.934624168526748 0.496776375816357 0.20426636905209 -0.967383023453355 -1.09515754403605 -0.329735601557641 0.41939930426247 0.75752553009062 0.91223991969605 0.901138015090783 0.862491497533756 0.737803973823176 0.451427911973214 -0.0212262828642182 -0.206894835887244 -0.104848568116996 -0.163717633899915 -0.386345248169912 -0.70572611789658 -0.46795614117455 0.661756316696176 0.298627063577952 0.462917297788014 0.389188279437659 0.241495891803429 0.048607821533296 -0.250788539616306 -0.288786209909417 -0.182459569428645 0.490179023822216 0.683626361146751 0.198102738751626 0.0749983102296922 -0.39001307846864 -0.236268610975686 0.263062860757159 0.363716064078577 0.564843848545698 0.755707850178321 0.853065919054183 0.628793532135798 0.247749494112936
-9999 -9999 -9999 -9999 -9999 -9999 -9999 -4.6089339177408 -3.16524157000653 -1.12154162896147 -0.296245352903508 -2.02257908586843 -3.36240294062854 -4.225398469198 -1.08049753248185 0.406999263094958 -0.0899751153265591 -1.0930033089515 -0.71295631504608 -0.390325966524742 0.209162279148445 0.441160558267738 0.548614983468945 0.550388130069599 0.601780112857552 0.560195046708475 0.471749674649804 0.286933505194544 0.179677604937116 0.237258162536138 0.311352873160563 0.167741952504562 0.0568417717568485 0.108032051869889 0.314936428397013 0.731829916178309 0.302809325328956 0.474604279981498 0.405530666287144 0.184616129242498 0.256400449609529 0.460465303050961 0.458296561449058 0.595039010319781 0.330878700870958 -0.928208405544173 -0.34410117307513 -0.479095457465498 -1.20120964379772 -1.91338064843415 -2.17753876404303 -1.59194085889624 -0.695390363913956 0.486177980447199 0.796791319324132 0.301929389693501
-9999 -9999 -9999 -9999 -9999 -9999 -9999 -4.6029488599417 -1.76022620151135 -0.0692363632508299 0.313848705759927 -1.46383683066936 -3.94693033055209 -5.50392572686014 -2.16881433179468 -0.0515253735503021 -0.658711158518336 -0.235220560632782 0.0996849225592814 -0.00764324276755435 0.326999166315903 0.576920957458426 0.71069298314565 0.779727582165081 0.832501247558704 0.832404512233356 0.840729561825254 0.780533554067555 0.80136845794114 0.852100842218776 0.826225603821322 0.808115733238783 0.767819467618828 0.71906293186621 0.684342438560332 0.527895492891958 0.839717754687369 0.854771515315941 0.81220834654873 0.826038886423038 0.898639754734775 0.764589554039799 -0.0633683599325139 -1.11827810977423 -1.16170735573019 -2.17608914937078 -3.68785697882856 -4.91190629073991 -5.84884365437041 -5.5117115601449 -5.37812378598527 -3.86895743429634 -2.89887346448348 -0.573323059764004 0.628417455789667 0.59155369071173
-9999 -9999 -9999 -9999 -9999 -9999 -4.98782434050605 -2.57633551460443 -0.417577146545655 0.156304317910396 0.543461412862066 -1.70733322953801 -6.14253460049475 -9.00176376389917 -3.5107732878557 -0.799585372037799 -0.531593705841741 0.399499496314231 0.638088277793657 0.576583167895882 0.392664441505203 0.707835995916445 0.860995614864241 0.916696313412559 0.961236288876478 0.962502797665473 0.99460851634078 1 0.997923677476653 0.993298289553699 0.959729253513883 0.943014750218543 0.917261415558446 0.89879525529959 0.910383403886156 0.899358290594669 0.796234520938638 0.668889312567751 0.294957477030654 -0.0798214871282998 -0.613683808017631 -1.97912169631206 -1.52643220532034 -1.36329217785992 -2.0928432457965 -3.04213530793605 -3.78332870413258 -4.2016601961726 -4.58562042917436 -4.70710842822354 -4.5419094768347 -3.48724658006096 -2.44745635578751 -1.04888868509736 0.503259056981433 0.80649766685643
-9999 -9999 -9999 -9999 -9999 -9999 -3.63207385199529 -2.20461972353239 -0.17890949972023 0.472372406346835 0.401362871269835 -2.31716358951312 -7.09933718968118 -8.33848399226549 -4.29966526979222 -1.96732630669146 -0.014904032165642 0.695237451302484 0.908607836401972 0.912594515319366 0.774388167058693 0.599642156185417 0.728390300409888 0.755175811736396 0.731242914192168 0.734658709782129 0.76590014988934 0.801197476558215 0.791884051169668 0.786713923655727 0.805643191915571 0.820229459159819 0.864755100457541 0.879906031559481 0.900595932736293 0.974980514747412 0.981683174493625 0.859816183016793 0.534499028223858 0.0711164511046849 -0.864059651633218 -0.993507054081654 -0.62568817353526 -0.79204190446061 -1.43264490184541 -2.41451314826547 -2.8658959802162 -3.2733590250817 -3.48751946296578 -3.28339111516808 -2.94935723245291 -1.81658692088337 -0.786090369710404 0.245472078918006 0.531619664261136 0.960597564006791
-9999 -9999 -9999 -9999 -9999 -9999 -3.3825519730679 -2.74264153682904 -0.911877594779503 0.264046764936842 -0.141683888314944 -2.4773569664523 -5.96036153792862 -6.4044188797654 -4.17520515279167 -1.46435515214979 0.143702076031332 0.838459148934837 1 0.951427635962394 0.801292687353157 0.52835819111261 0.457912863883629 0.428172141448716 0.437994913831661 0.382172090662666 0.472611950892016 0.457292491885781 0.442339501215163 0.505624924040019 0.499678796619869 0.598005400583826 0.628192675072136 0.682383188967583 0.767442239209898 0.79538223256342 0.831025843331933 0.700100771923081 0.24280585683592 -0.554912786498765 -0.634846794421476 -0.194275266163331 -0.233367835823197 -0.616422727528334 -1.27216812773666 -1.96246948001579 -2.33835576047716 -2.46062335935764 -2.38559042392313 -2.11347686289478 -1.56658749821481 -0.597261768292507 0.397145371467093 0.851313753617376 0.948397933454081 1
-9999 -9999 -9999 -9999 -9999 -9999 -9999 -2.05838857792202 -1.52830045705926 -0.336876622287142 -0.478033580882732 -2.7208879617119 -4.42825335160664 -4.61797561235559 -3.94819651304025 -1.22329984660349 0.158818604286947 0.859346184199433 0.930480875994844 0.834642564187786 0.659123997181844 0.332640691179474 -0.0512589619485655 -0.0514645739822097 -0.0626760491411029 0.108977728591878 0.201491169209129 0.268198683303093 0.339507474991814 0.29645556714738 0.251622708032146 0.198079648894722 0.168557835205231 0.227316360573366 0.284246754236406 0.352696886228442 0.324993332374484 0.21725426117596 -0.313514249486518 -0.615786754449458 -0.143806166630268 0.0386320744396706 -0.128694912810484 -0.535777483686771 -0.957250815550662 -1.38135657319591 -1.44942140452974 -1.39832619435367 -1.19591787041306 -0.867515326262297 -0.391488680241478 0.213832675958551 0.600745076700996 0.612107930980839 0.650736801560963 0.588874863089782
-9999 -9999 -9999 -9999 -9999 -9999 -9999 -9999 -0.981067739156661 -0.408578977393875 -0.326289970284787 -2.07963223284588 -3.86547370214175 -3.76986104207968 -2.75018959183166 -0.469172603059766 0.433147628524811 0.847645737243953 0.736861991469929 0.596090886287014 0.332809670881056 0.191888038462513 0.377086630878142 0.412629107669332 0.328947517109771 0.236633886895236 0.350021878844712 0.428139369575497 0.479280170991413 0.52077507622547 0.526180940284241 0.494393754962935 0.457929582464009 0.445058740835014 0.441270823339279 0.447731083661342 0.396774719427345 0.345223566063228 0.220599361622508 -0.275093029920249 -0.0157047398492662 0.0958985172135476 -0.148466848194148 -0.748998366179398 -1.34730580868543 -2.04751591161917 -2.04493114935729 -1.94799348772365 -1.72870646319716 -1.37087773410175 -0.927717958068422 -0.323511836035043 0.00977310227093309 -0.0065483890959257 -0.0156245224580283 0.246635842229424
-9999 -9999 -9999 -9999 -9999 -9999 -1.30226849542266 -0.980245869589044 -0.384900530708583 -0.889400586959724 -0.741279627230539 -2.2281175507034 -3.87469863821794 -4.00143382131761 -1.39029706661842 0.244822244989717 0.626574104058879 0.715756846050546 0.546997006485479 0.289133309210099 0.331465447104813 0.515693862903724 0.5882410730451 0.649091619222369 0.693975984641561 0.735190035510641 0.799727376380957 0.839836330319208 0.864668909382336 0.872169082881384 0.856770123998442 0.852231049585517 0.833576410089952 0.823940256097852 0.814169184982496 0.79373431313381 0.761358376142209 0.666814428148883 0.55460014136434 0.0730737483062434 -0.392019491323689 -0.500291419775449 -0.927664008263459 -1.53736347733431 -2.13967946865831 -2.61510691750389 -2.6646527644571 -2.51222551754813 -2.29149358021268 -1.9909655703454 -1.60531116428892 -1.14643874032794 -0.841261116419153 -0.82344861441429 -0.018510505436784 0.503995633445295
-9999 -9999 -9999 -9999 -9999 -2.70731727075176 -0.748698286834172 -0.662969698379622 -1.05555236801241 -1.10436077355742 -1.36595492843186 -2.5209534486916 -3.90490039950001 -2.33043071229044 -0.134482159718102 0.302747785093984 0.307658940041873 0.367524207474352 0.228060662732171 0.422884242780116 0.643662407657987 0.782737651421751 0.761717202313564 0.826665754240055 0.924165728845974 0.959472820611862 0.981196072251877 0.995458154103617 1 0.994417816143546 0.985360862837043 0.977387876744397 0.975622131903586 0.975490637871618 0.966426191000233 0.948798847394596 0.859102180106559 0.661344849265605 0.39663230131113 -0.117228660565448 -1.06018062443329 -1.14914479624583 -1.62753339772518 -2.15647098796621 -2.67154304120235 -3.19137865755687 -3.08430840873358 -2.61424795840485 -2.26416225530353 -2.11696511826259 -1.92674125066784 -1.34010300191085 -0.917582839777194 -0.565448432703828 -0.31446596673581 0.0772385349877587
-9999 -9999 -9999 -9999 -9999 -0.664671042615597 -0.711920008971266 -1.57393242007732 -1.457722496766 -1.1423950551266 -1.6676489959564 -2.58887025343341 -2.09753855382239 -0.85711742691109 -0.242847266115201 -0.684550379895431 -0.529856932284667 -0.0906029932176127 0.300442731202393 0.592555974709643 0.758466631917876 0.847145139088831 0.903549634461358 0.935391791751623 0.925639077632924 0.890060844126718 0.862492345708987 0.856361757155591 0.844993266468134 0.839862293059639 0.842647498469064 0.859568752221177 0.885432741287619 0.907332456649883 0.922283252937939 0.876565297074344 0.724688041612042 0.441404811249186 0.129527555161241 -0.248123704238981 -0.755479118585537 -0.962763876110734 -1.38194358480473 -1.9064330768324 -2.27806846592184 -2.48959945376994 -2.33830961409864 -1.9989503259426 -1.71880823269561 -1.4451241689087 -1.11232788196668 -0.751674933143108 -0.383006847043925 -0.0977429666892944 -0.0139531659287244 0.102973216180242
-9999 -9999 -9999 -9999 -9999 -9999 -0.574644245373416 -1.28352986852056 -0.604793779893753 -1.75240749362716 -2.41260620617296 -3.31032097343076 -2.45850058798284 -1.19715853634231 -0.613672588194124 -1.10370713157982 -0.977004089015948 -0.185064575612048 0.146533922098921 0.395388114115152 0.55146009018693 0.617552372157525 0.659211480594967 0.667915247883162 0.65757736435999 0.542302705909233 0.514685067843556 0.444624876607863 0.423271417885814 0.441012677406773 0.414498195991424 0.530683932426543 0.571829646492046 0.626877919905663 0.689879908209348 0.640801615864601 0.455087246891229 0.13169861566118 -0.175856206502406 -0.359158697974001 -0.439656664670008 -0.592843781431849 -0.933396858496269 -1.3571129206103 -1.53544421454873 -1.78531840999114 -1.69398647863443 -1.51562292164367 -1.32164026329751 -1.07103410939103 -0.663525410760416 -0.404495036511371 -0.0856325959197115 0.159697800832731 0.260604733325836 0.26044146281214
-9999 -9999 -9999 -9999 -9999 -9999 -0.0797453307055576 -0.871737337732426 -0.518445920561055 -1.90042193033737 -3.51397259519332 -4.96931260995087 -5.11968831125256 -4.97297187841636 -2.16998646358303 -0.595172732209426 -0.76789837223659 0.12099280404922 0.648619029179858 0.772912124486596 0.767387457888553 0.766508409290873 0.796119894299282 0.766012627794278 0.661309633681776 0.559093548849626 0.563227911334302 0.563077337965231 0.511858501967398 0.421043963682915 0.291313359240105 0.213337312665026 0.110322750572668 0.176988425243758 0.241033002940293 0.217984205509632 0.00750173653478514 -0.303882195322588 -0.529893688777924 -0.478722127152424 -0.349625094795379 -0.424554917533094 -0.621821152101616 -0.883343953525876 -1.04985589655045 -1.17778650666861 -1.23362303272312 -1.23689156561637 -1.21398068377854 -1.15792143061711 -0.978733065160243 -0.509381564060901 -0.0964345700241349 0.141056208497475 0.246396785239781 0.293887648152419
-9999 -9999 -9999 -9999 -9999 -9999 -0.613776260248371 -0.911926112742264 -1.18502810295646 -2.42292903574041 -4.10638815476012 -4.82932908952866 -4.34600177703855 -4.12842986914547 -3.82672588840383 -2.72869977507445 -0.575742978775559 -0.0555146661517851 0.447847312402044 0.799625018024271 0.881377304793585 0.929370966534866 0.952827718293431 0.935177791066482 0.858467196119818 0.731922631868067 0.692760937634588 0.615730373678133 0.537169373504063 0.486850624292354 0.374119970430264 0.293728600364723 0.206790732129447 0.0668977173731725 -0.139308637260594 -0.367400635326889 -0.513839296727496 -0.569587751076788 -0.529168211191381 -0.448440760634833 -0.480081785241502 -0.378664963608538 -0.463460590149116 -0.615703779807119 -0.646892751749081 -0.781556671425238 -0.841057827436407 -1.01439939628259 -1.10406217623669 -1.17561032960217 -1.29021180320393 -0.594889864752028 -0.154461087324455 0.0735804208685006 0.155577175670074 0.0859879741302051
-9999 -9999 -9999 -9999 -9999 -9999 -9999 -9999 -3.10998314486544 -2.78435843283786 -2.52544085798855 -3.62231690363876 -5.85726332306959 -5.58210866290975 -3.73599031666091 -4.1270562583239 -0.91600572756477 -0.96174041237909 -0.0894369413342364 0.72862126814784 0.979738225957859 0.977458598748245 0.885009717818148 0.849291712179577 0.881481691024182 0.808383979763628 0.712173247110949 0.564245520955526 0.450342305035194 0.405191885647091 0.298396849215848 0.210410929862961 0.0832500217578014 -0.0371735430242506 -0.156168966696331 -0.379022353929479 -0.615713348545541 -0.732778735723988 -0.611013382778886 -0.504948038078411 -0.419667248946233 -0.400860097388577 -0.421587603227757 -0.495940466206796 -0.54619395442048 -0.603289917391818 -0.683617506683307 -0.777642088323217 -0.893710772923482 -1.0359611607309 -1.02437333201341 -0.682011396323724 -0.280483426921556 -0.16001535180589 -0.247940188738418 -0.438910058126975
-9999 -9999 -9999 -9999 -9999 -9999 -9999 -9999 -2.79359386611185 -1.87897944668806 -1.68186704684005 -2.95373133082102 -8.47270069879762 -8.2683914709654 -4.69266890362753 -3.38698813184262 -1.35999369743761 -0.988669630707305 -0.39620264434698 0.650468056728754 1 0.933396589270695 0.559218103681359 0.467681924451037 0.7561936846983 0.759169841945352 0.649261202324484 0.432210445553138 0.293273407212621 0.264857081251843 0.106320481825748 -0.00831915937629857 -0.225476949356046 -0.327368282357367 -0.340029534253383 -0.499173208355908 -0.636386360579452 -0.836722610661176 -0.931295913116365 -0.691342773446415 -0.542910310065989 -0.422899286194088 -0.380275026716539 -0.340336767249566 -0.275894275093685 -0.299470241255456 -0.381038261948638 -0.563076371934566 -0.790208451511683 -1.02827225437977 -1.19522441182713 -1.08434609379309 -0.927211861920542 -0.778196620229969 -0.772821689987545 -0.936324750806982
-9999 -9999 -9999 -9999 -9999 -9999 -9999 -9999 -9999 -2.14540313696167 -1.06411241650206 -2.33580502908926 -12.5386313483392 -12.49368260824 -6.33301770843428 -2.86781947902045 -1.78402698668213 -0.415168453114729 -0.10916202216953 0.622727236399884 0.970053591860493 0.786567226320701 0.256187879008525 0.0532190337751135 0.411752184880368 0.609481610598002 0.503377332983558 0.278910995141136 0.183609659133152 0.129849102134499 -0.0212725615071012 -0.218648149855165 -0.468682866658004 -0.621164237420776 -0.651135168410328 -0.757118766694683 -0.819979403741168 -0.926480063355547 -0.985110900490597 -1.02048293499823 -0.918030435054396 -0.722239599835754 -0.558840120019965 -0.409193101244883 -0.302494853392846 -0.252845738765542 -0.385025767323437 -0.651817598235147 -0.978430716112946 -1.36765902886602 -1.68091641709769 -1.73654595821828 -1.7038445376122 -1.5387828894093 -1.28122864815508 -1.14682255005387
-9999 -9999 -9999 -9999 -9999 -9999 -9999 -9999 -9999 -9999 -0.239903509559083 -3.33549822907464 -14.0066942746967 -13.7063422210683 -7.25525555829318 -2.51715433676985 -2.01453345325402 -0.0127581277891671 0.362961762854117 0.691876738785187 0.90287261681644 0.684277441849437 -0.0115309865674444 -0.276670659496356 0.103510055911825 0.302650235050153 0.198278521862168 -0.0436501674212486 -0.143987107672979 -0.0853414100623402 -0.122255003948439 -0.347170357568854 -0.672230482175551 -0.865115971037507 -0.915373256899989 -1.03784998826622 -1.05963237924978 -1.12222650295091 -1.09563931167871 -1.02025436501737 -1.0176037387917 -1.02311015361965 -0.92192947373798 -0.666025259682897 -0.407928219277326 -0.294366401731736 -0.409910540155705 -0.750752521354404 -1.14867476397315 -1.58482877864546 -2.00950985722003 -2.17465191906203 -2.25197501507142 -1.96834969588186 -1.42536434279068 -1.26410028420936
-9999 -9999 -9999 -9999 -9999 -9999 -9999 -9999 -9999 -9999 -9999 -6.92004424641287 -11.5501750347713 -11.0455327603292 -6.8900706151001 -2.42319445901416 -0.59207373851931 -0.524036630551966 0.677566842876646 0.773346490243929 0.806630841514002 0.552308123609649 -0.0432988381224664 -0.391359503233707 -0.174757054630343 -0.0879411157307146 -0.147213560617518 -0.317576089599369 -0.427193430427078 -0.414416940588616 -0.519516597301544 -0.695926149776688 -0.945420999010107 -1.06638169805891 -1.12382100776913 -1.32187161387887 -1.29909630507957 -1.30795901375139 -1.24104803808187 -1.13874905648048 -1.10088162424145 -0.998554983397537 -0.997274062967692 -1.00590407467852 -0.61423710038196 -0.45533897994196 -0.516307762409841 -0.781337335165954 -1.15190350499405 -1.61363257420864 -2.07262208188757 -2.19807574127909 -2.13653252079899 -1.91627533219398 -1.58206415058087 -1.40532646622531
