meets/meet006/_saidas_enm/CCSM_Maha_0k_S_lineola5.asc
NCOLS 154 
NROWS 168 
XLLCORNER -112 
YLLCORNER -55.5 
CELLSIZE 0.5 
NODATA_value -9999 
[rows 75 to 99 of 168, columns 56 to 111 of 154]
-9999 -9999 -9999 -9999 -9999 -9999 -9999 -9999 -9999 -9999 -9999 -8.46374657500169 -9.4008583366386 -9.15932156058274 -6.97042781868739 -2.99187982522917 -0.810858575189864 0.181556442082022 0.110603624394306 0.637229056513162 0.755819623728635 0.580248909712215 0.0592561669944666 -0.363419724146993 -0.308492932397505 -0.318697608798112 -0.381995208228299 -0.520772685316491 -0.64246199528732 -0.676307617185073 -0.827037818452104 -1.00326877452327 -1.25666912706038 -1.37942187952275 -1.35131787903018 -1.37068372966422 -1.3188689466182 -1.32005978625494 -1.23954386656335 -1.11756830318029 -1.06728576314663 -0.932792572446026 -0.9031851686853 -0.94478178754422 -0.750430055151641 -0.574710193710314 -0.578278177701379 -0.797436866999859 -1.09729520351819 -1.47232542949165 -1.8388870082153 -1.88696299194123 -1.85727757708794 -1.74120948326585 -1.52306569614928 -1.42043598343075
-9999 -9999 -9999 -9999 -9999 -9999 -9999 -9999 -9999 -9999 -9999 -8.41681620592825 -6.20047288404972 -6.96806662516202 -6.84197289849435 -4.62383536128071 -1.3393183256281 0.674588904456909 0.451428840151962 0.151527419512006 0.599320014894376 0.675291082952774 0.393470502935184 -0.12654079160325 -0.217189018936653 -0.430720917077004 -0.503653273491353 -0.610398076945635 -0.767007636407508 -0.849600434062453 -1.04138233203454 -1.26243923765581 -1.47165517471962 -1.59108537402466 -1.52112714091976 -1.45042096291748 -1.47340033249877 -1.40772915848002 -1.28190654353476 -1.10179510640085 -0.928914955698559 -0.900076213299581 -0.877281346213538 -0.838421634297889 -0.744807029389018 -0.564125598866051 -0.653563001051857 -0.875313183630656 -1.04888002404986 -1.29131274304115 -1.52153172569095 -1.59464353186225 -1.57981082231012 -1.53700719342488 -1.41979921109749 -1.44949590537634
-9999 -9999 -9999 -9999 -9999 -9999 -9999 -9999 -9999 -9999 -9999 -9999 -6.27347655872968 -5.82556146564487 -6.05575891291325 -5.02865530897913 -3.13299362294983 -1.33114283557331 0.192427394111894 0.597648965983492 -0.137040133028108 0.305511101725364 0.653238455598539 0.150292844506545 -0.0414024599802971 -0.227745545040942 -0.38137789680505 -0.557222439809571 -0.791570985421914 -0.973099563957942 -1.21344356195502 -1.42600896561936 -1.61992658754917 -1.72435825966959 -1.66657108415798 -1.6237007501001 -1.6550311150276 -1.66077774244588 -1.54305573853128 -1.34230142746649 -1.1799757588305 -1.16032812218067 -1.20075409302636 -1.15295419132696 -1.04269916270876 -0.702923685645163 -0.604469854202937 -0.683530783930401 -0.830486088095594 -1.04104671724293 -1.22150836643929 -1.29499896299647 -1.34775690613342 -1.40030093115478 -1.42542241581826 -1.5553262813836
-9999 -9999 -9999 -9999 -9999 -9999 -9999 -9999 -9999 -9999 -9999 -9999 -10.19515730313 -6.48157043465492 -4.73115833188661 -5.51630543633735 -7.22732108043281 -7.16775901339703 -4.05034004576658 -0.842063752062807 0.625268481952282 0.131076121727271 0.410426538866179 0.400238681446057 0.290470821773476 0.0343285607337048 -0.17090085192503 -0.404749040971444 -0.745328304633356 -1.0147723340682 -1.3807068355586 -1.57862308326448 -1.7778945918787 -1.90933399694492 -1.86354420856838 -1.89163050278643 -1.97200614566313 -2.07918233212975 -2.00940677741681 -1.77044023025692 -1.61428633647606 -1.57703274163567 -1.71385303843726 -1.64343450181138 -1.42311906207488 -1.391962408941 -0.916340547860611 -0.753543037695892 -0.688862545035833 -0.759094236663533 -0.965674795601911 -1.09098352461497 -1.28328078137016 -1.40746336572745 -1.64232128767757 -1.99547747988254
-9999 -9999 -9999 -9999 -9999 -9999 -9999 -9999 -9999 -9999 -9999 -9999 -9999 -9.02467407243032 -4.81765492834604 -8.45819250618864 -14.0495998269423 -20.1701461713471 -18.4100193488844 -10.5687482437604 -2.33943619702155 -0.0213007888763472 0.261270035613363 0.0305603427989897 0.0869896467924137 0.178030280624311 0.116973369070019 -0.21764832083996 -0.712490850477651 -0.968529991545096 -1.32035692850496 -1.58156614855959 -1.82274671521827 -2.01566222071291 -2.06915558386711 -2.17599969217065 -2.26462565158456 -2.39186579033473 -2.36800479843382 -2.20127354098535 -2.10236639544481 -2.02372635883268 -2.0615896064107 -1.9150259120496 -1.68290907324503 -1.61782498516543 -1.05462094139897 -0.781432652013016 -0.631826173235144 -0.610670709870752 -0.725587126513044 -0.815290896357765 -1.16871434666079 -1.62396242380194 -2.01030660819456 -2.34686102041718
-9999 -9999 -9999 -9999 -9999 -9999 -9999 -9999 -9999 -9999 -9999 -9999 -9999 -11.7702123146258 -5.23141473460949 -12.4962810888459 -20.8406443033707 -39.0756181658228 -41.9287470926796 -29.4192057244301 -20.4717430492884 -4.09708872795049 -0.499468523962237 -0.503280659023959 -0.180436541245368 -0.177357862335388 0.168446927205121 0.11897078564445 -0.652041700846786 -0.968099545175781 -1.23157655022907 -1.71488717277537 -1.80908739376277 -2.05743815923049 -2.18952566509415 -2.42701096374558 -2.44069273148837 -2.55549033712047 -2.58494360003627 -2.50805169184062 -2.54800635509928 -2.35943707593434 -2.28332487400036 -2.05540414140539 -1.78202793053113 -1.61298250208269 -1.1258090375691 -0.777130641969861 -0.569059014789269 -0.598885349175639 -0.697816820396251 -1.0490053642585 -1.43921491911369 -1.81067597571889 -2.12950712243756 -2.64192412260625
-9999 -9999 -9999 -9999 -9999 -9999 -9999 -9999 -9999 -9999 -9999 -9999 -9999 -9999 -5.34132550013478 -8.80603271248963 -20.3950431215594 -40.1027176741848 -47.4261545377576 -42.433277499231 -31.7437503978051 -18.4201994344829 -6.70999314754567 -1.31529536466707 -2.40775034840446 -3.14831034161183 -0.914827856360234 -0.586526567862567 -0.546498997305078 -0.43065003508376 -1.24713928802289 -1.39227192551657 -1.79248309249159 -2.15107303482967 -2.15676043844391 -2.3319768750596 -2.41070306427898 -2.49790427584264 -2.51737992734239 -2.47391630454987 -2.46314157515697 -2.36996269495374 -2.25126442272398 -2.00029795476768 -1.74805464040814 -1.67300149403391 -1.25886468112313 -1.05543230147765 -0.951501128609342 -0.959460626309099 -1.13564554509151 -1.30481660022345 -1.58777067902269 -1.81033320258956 -1.86825967386678 -2.13089889765044
-9999 -9999 -9999 -9999 -9999 -9999 -9999 -9999 -9999 -9999 -9999 -9999 -9999 -9999 -8.08374168284857 -5.08782218454315 -14.6689128238354 -32.2573632275124 -45.0543125393965 -48.8122885080509 -46.2817118056617 -43.749836690468 -34.8980677810258 -21.8665554336763 -9.45047087286869 -3.404727059234 -1.58370686141747 -2.75242351433063 -0.986861866276614 -0.26461459521222 -0.261964818513641 -0.524206290531569 -1.24093204216962 -1.98106188276828 -2.0492010497715 -2.26101940571802 -2.36737696533038 -2.44314201670177 -2.40306547572842 -2.29324012055816 -2.29434943013511 -2.20959583564129 -2.20614238975797 -2.1213983844985 -1.89313212879907 -1.82673574492701 -1.71725175308844 -1.52489556997546 -1.35736523393411 -1.25825725265083 -1.47881722113592 -1.41426785370088 -1.56346869102612 -1.63114361883784 -1.47893536685164 -1.45054669199087
-9999 -9999 -9999 -9999 -9999 -9999 -9999 -9999 -9999 -9999 -9999 -9999 -9999 -9999 -9999 -8.78016052478205 -8.73531913457343 -19.8627028651021 -34.8561733180874 -49.930613607106 -64.9434610176191 -69.9503884081734 -75.7130188265826 -69.5600091420442 -51.3049956452803 -36.9145370267265 -19.6698826829315 -8.48130861435964 -1.11027274908737 -2.43422728397784 -0.318431342831992 0.353325319659864 -0.125749673242878 -1.740851085409 -2.00806029401684 -2.11289600306249 -2.26460117978089 -2.36765712806547 -2.32900022146881 -2.14398297134446 -1.98445503846325 -1.99483289122386 -2.23222065076346 -2.27384398136487 -2.06200643453978 -1.91706901646068 -1.89607641288938 -1.71774117047982 -1.41715896444856 -1.18870263612365 -1.11106063972739 -1.11217953173812 -1.18011717766424 -1.19145879408074 -1.12399733140101 -1.04540657436568
-9999 -9999 -9999 -9999 -9999 -9999 -9999 -9999 -9999 -9999 -9999 -9999 -9999 -9999 -9999 -9.64794217117925 -8.57214642283998 -11.0363670560046 -24.2234317774574 -43.7299235711538 -75.0044683571249 -81.0975997227123 -100.032839782935 -102.054670623554 -93.5093679556558 -96.2130121933684 -67.3717777790875 -55.707713726285 -30.2632716731937 -6.40876902671643 -2.09389504838153 -0.377200046117907 0.557971176340296 -0.869714617292495 -1.49336063915365 -1.80325020988269 -2.18046667994456 -2.3430660424188 -2.36747357530416 -2.28972869858612 -2.12262888011774 -2.04511113076246 -2.31820253183059 -2.4210351083478 -2.17756540667702 -1.95930723652059 -1.87066624952103 -1.78185677297069 -1.33681573664388 -0.974253633346819 -0.765735643484263 -0.73764132928192 -0.777303962586056 -0.819036244612018 -0.824616453137797 -0.740479721009447
-9999 -9999 -9999 -9999 -9999 -9999 -9999 -9999 -9999 -9999 -9999 -9999 -9999 -9999 -9999 -5.88335534159714 -14.7148277043558 -8.30417216066627 -13.1136639729066 -25.5689570880167 -45.1202977051331 -63.2643490382302 -81.0341333664983 -90.0268443914102 -88.2870807845242 -88.5775634281825 -85.6993854919255 -81.9657060096218 -57.3056001386701 -26.0010172225597 -6.72697395367465 -0.910252439687192 0.151967852049846 0.347111087972566 -0.397515666806827 -1.22277386105443 -1.75493670370688 -2.18104040743236 -2.50916875627763 -2.64338481193475 -2.78462786702516 -2.25803263495898 -2.28717738756688 -2.39790869273501 -2.19925121175472 -1.94309078505346 -1.80621163765669 -1.72718619477082 -1.4253347212632 -1.01805234608301 -0.633130202108262 -0.729689455083253 -0.753274545908854 -0.818520201844635 -1.0057207725629 -0.889734954089289
-9999 -9999 -9999 -9999 -9999 -9999 -9999 -9999 -9999 -9999 -9999 -9999 -9999 -9999 -9999 -9999 -11.5981264588163 -14.8649689678187 -9.75948252705173 -12.2716016484305 -23.6835834049143 -36.942646254428 -54.233137633497 -66.8956976497419 -69.8621891236553 -72.7690711494712 -79.3084699907039 -87.0795364880768 -69.9716382794441 -41.6083940702952 -18.5999076778732 -3.54307986021022 -0.196362642935046 0.137737083486291 0.329382223931177 -0.258715590008641 -1.12687000343791 -1.75306271242381 -2.20725441648871 -2.3474607883125 -2.71990302878694 -2.09812308299148 -2.18159262780513 -2.26680678559186 -2.05990953408488 -1.86664250735602 -1.70027503837882 -1.58982681047734 -1.50391375290932 -1.36845418633286 -1.15083812772848 -1.41203354509572 -1.46400215286499 -1.59145487101579 -1.84226909417025 -1.59966622164526
-9999 -9999 -9999 -9999 -9999 -9999 -9999 -9999 -9999 -9999 -9999 -9999 -9999 -9999 -9999 -9999 -9999 -9.65641841762741 -20.0346900062255 -11.3046848406841 -10.3410551121938 -18.0326395354242 -32.2464155455375 -46.6635866976792 -55.4942931270331 -64.2298423853996 -74.8869666406383 -81.9547988607112 -72.6092396115499 -54.6447182713918 -33.6454033589454 -13.8098780881144 -4.23506464711363 -1.2064688010691 0.0430432840884303 0.149149685376455 -0.0709927289250349 -0.762892485963424 -1.55109993431989 -1.49565130239751 -1.53416645685724 -1.57758444004074 -1.75373922753968 -1.84459012069262 -1.75966109362532 -1.6801980504321 -1.59713913339495 -1.57134738962344 -1.60572563043704 -1.6646216555111 -1.83000179616639 -1.97950219646206 -2.25550073740792 -2.35125087463741 -2.34678138291233 -2.31656805156979
-9999 -9999 -9999 -9999 -9999 -9999 -9999 -9999 -9999 -9999 -9999 -9999 -9999 -9999 -9999 -9999 -9999 -9999 -9999 -24.5263433967963 -17.0593373078076 -15.3207207938314 -20.931553636702 -32.9196107964281 -45.1317893370825 -56.3037455240008 -68.9432046362714 -78.3690338327301 -73.8740852499091 -63.7704943608363 -49.4173120825493 -28.9074938485504 -14.4794161196558 -3.62905258736829 -1.63589929142767 -0.0340124977824547 -0.0493526241517832 -0.0978268194634031 -0.768559842393895 -0.923454434159059 -1.06768348069311 -1.1496650867665 -1.30046283742621 -1.38557941127276 -1.44581803062899 -1.53056414327536 -1.54728520276844 -1.67490179342202 -1.87282159192223 -2.17657732531866 -2.6767503360753 -2.87143366532101 -3.28091269652361 -3.27550366740808 -2.99707713190455 -2.76942480792342
-9999 -9999 -9999 -9999 -9999 -9999 -9999 -9999 -9999 -9999 -9999 -9999 -9999 -9999 -9999 -9999 -9999 -9999 -9999 -9999 -9999 -27.3726757252655 -22.2931954169486 -23.1294881612409 -31.4755801206956 -48.1913331761991 -58.0349478643005 -67.6771485355121 -70.6822455150768 -65.2172013971776 -58.5018200307218 -44.8952785840839 -32.5195299222545 -16.3430263776222 -4.96181273258574 -2.69812956395951 -0.884157888010021 0.410361629598518 -0.223271020269019 -0.0707610951305937 -0.343621156887689 -0.647074826318604 -0.778659791009293 -1.03288797545309 -1.17430398074261 -1.33331264367174 -1.42668717608947 -1.55199928096852 -1.87900718665722 -2.31540751204484 -2.89198600603517 -3.27829079469509 -3.55050065483013 -3.55145740026611 -3.34558438787662 -2.90919768458111
-9999 -9999 -9999 -9999 -9999 -9999 -9999 -9999 -9999 -9999 -9999 -9999 -9999 -9999 -9999 -9999 -9999 -9999 -9999 -9999 -9999 -9999 -9999 -25.2256814709843 -21.6764425381606 -28.2425440199671 -38.4729734643262 -49.9532121415403 -58.3756190712346 -60.6488608185732 -61.9253137339342 -55.4477250221954 -50.4223678745768 -37.3143656892714 -21.5996347651593 -7.95344855638827 -2.92550981264154 -0.298836200445821 0.557363492994311 0.339999462731043 0.356463342376332 0.00726917257498494 -0.385502073445898 -0.734967740808397 -0.962938172646109 -1.08802673181991 -1.19662357366705 -1.34337967882942 -1.66498074445217 -2.19141722977015 -2.8178948112408 -3.21516187237794 -3.53941556552405 -3.64976220624847 -3.52887627966919 -3.32761844394947
-9999 -9999 -9999 -9999 -9999 -9999 -9999 -9999 -9999 -9999 -9999 -9999 -9999 -9999 -9999 -9999 -9999 -9999 -9999 -9999 -9999 -9999 -9999 -9999 -9999 -15.8644535700371 -19.7811508516082 -29.8358539543866 -40.6039633972138 -48.6738604613772 -54.4958257129435 -58.155837185734 -63.7113116988051 -57.8168522123663 -43.4723476344031 -32.4531220422356 -13.7356510871969 -5.41879743266545 -0.564771341660967 0.410350701621309 0.22266511105056 0.388842804443975 -0.109309598401919 -0.672672754062101 -0.830301858428941 -0.887177130235485 -0.982081937327247 -1.07427145547676 -1.42427523960266 -2.02265420737461 -2.63384554414535 -3.12444747538361 -3.44044079895881 -3.6286370856669 -3.73116593961415 -3.89605640227656
-9999 -9999 -9999 -9999 -9999 -9999 -9999 -9999 -9999 -9999 -9999 -9999 -9999 -9999 -9999 -9999 -9999 -9999 -9999 -9999 -9999 -9999 -9999 -9999 -9999 -26.9409852468074 -19.1137628522876 -18.5287097431137 -24.5454690244258 -33.6779934539618 -42.1820771327259 -51.088581333657 -61.2263842836277 -60.8358202208053 -52.6748625430978 -43.7674309690033 -26.5185479743256 -13.8129602377796 -4.24397336792787 0.593360208133927 0.373000191566992 0.298818043854832 0.0902782521005392 -0.709715396502456 -0.846309675534381 -0.737946005420788 -0.770275841447571 -0.859410430380385 -1.21221485780084 -1.8969364686841 -2.59880454365182 -3.09798465846229 -3.34904980128183 -3.53035133989167 -3.69466499085523 -4.03903620001288
-9999 -9999 -9999 -9999 -9999 -9999 -9999 -9999 -9999 -9999 -9999 -9999 -9999 -9999 -9999 -9999 -9999 -9999 -9999 -9999 -9999 -9999 -9999 -9999 -9999 -9999 -9999 -20.0295603715207 -16.463559041728 -21.3419350032798 -30.2173106179345 -40.3350409805928 -47.5859083526772 -52.2170903995595 -50.9976234169003 -43.7671065365904 -32.4852166904511 -22.245418948107 -8.8644872175103 -0.703188611739426 0.872985760521359 0.209072840450017 0.119021186715968 -1.25474151023119 -0.966655126919652 -0.630146001630838 -0.71833560844303 -0.709843428268054 -1.06343977335432 -1.93040106104481 -2.85100672315937 -3.15295502370439 -3.23667568953919 -3.32671597458989 -3.57418404823798 -3.9313909307305
-9999 -9999 -9999 -9999 -9999 -9999 -9999 -9999 -9999 -9999 -9999 -9999 -9999 -9999 -9999 -9999 -9999 -9999 -9999 -9999 -9999 -9999 -9999 -9999 -9999 -9999 -9999 -26.0626519461331 -16.1775338477409 -15.7705620370474 -21.5774927256007 -32.3843660676927 -42.4292515905422 -48.1311112065178 -47.1154326401371 -40.2097427597119 -33.9669416020024 -25.9704220946539 -12.5798065036598 -3.2073041477396 0.869520990187508 0.151607458910315 0.382579067414366 -0.802249558398668 -1.17555766596394 -0.966429461334219 -1.03375864676641 -1.08068574525678 -1.39019382423181 -2.10978472954831 -2.81306478602157 -3.16488297816838 -3.21929589956206 -3.20005331640581 -3.31547260730828 -3.37303475078251
-9999 -9999 -9999 -9999 -9999 -9999 -9999 -9999 -9999 -9999 -9999 -9999 -9999 -9999 -9999 -9999 -9999 -9999 -9999 -9999 -9999 -9999 -9999 -9999 -9999 -9999 -9999 -9999 -18.3780295936871 -12.8029443028094 -15.0963708671277 -26.7408531767429 -41.3495389280945 -49.3575946855096 -45.4016358373679 -36.7319574027487 -32.8924084600944 -27.9657544708858 -15.7010807341971 -5.43905372048097 0.522394427431269 0.562344476961078 0.150578710520576 -0.548883229957824 -1.15067052611771 -1.63914725654463 -1.80027216382756 -2.06979800494746 -2.30013477702961 -2.43851083980998 -2.83226957139157 -3.06482747822206 -3.24755085312936 -3.16490303244331 -2.96052043334871 -2.75233800217784
-9999 -9999 -9999 -9999 -9999 -9999 -9999 -9999 -9999 -9999 -9999 -9999 -9999 -9999 -9999 -9999 -9999 -9999 -9999 -9999 -9999 -9999 -9999 -9999 -9999 -9999 -9999 -9999 -20.9260681596406 -12.6065852693331 -13.1283498234644 -24.3618932773292 -40.677534449297 -49.9852193731054 -46.4526389746693 -36.2831780285831 -32.6980329535983 -28.2852529696753 -16.5351449653549 -6.44413656760136 0.135319306067649 0.822390571239311 0.0192821899340163 -0.559910311951755 -1.36236614775998 -1.75190532590608 -2.47583270204676 -2.90562051905276 -3.04920148020431 -2.69367330453027 -2.6983106898622 -2.80760252187313 -3.0419613028027 -2.90992513216126 -2.44062310778919 -1.98067141795861
-9999 -9999 -9999 -9999 -9999 -9999 -9999 -9999 -9999 -9999 -9999 -9999 -9999 -9999 -9999 -9999 -9999 -9999 -9999 -9999 -9999 -9999 -9999 -9999 -9999 -9999 -9999 -9999 -23.4110180050058 -12.4423109344927 -11.8658190581371 -23.7004658794254 -43.2326022764231 -53.8786447228851 -48.4341226564506 -36.0173357984954 -33.0143903920569 -29.1854898270082 -17.4101947930385 -7.27310392342574 -0.157194614416744 0.85379315899644 -0.107679800744482 -1.07698580635176 -2.19774687179457 -2.74503201897409 -2.82460840632118 -3.38843894122212 -3.49087564670397 -2.66096749233184 -2.34171215055226 -2.50798222045386 -2.84094993359082 -2.47369444151037 -1.78703826032768 -1.44716865815429
-9999 -9999 -9999 -9999 -9999 -9999 -9999 -9999 -9999 -9999 -9999 -9999 -9999 -9999 -9999 -9999 -9999 -9999 -9999 -9999 -9999 -9999 -9999 -9999 -9999 -9999 -9999 -9999 -23.392824811273 -12.3507891266496 -12.5538140148392 -25.4517023326826 -44.4060377572883 -55.5042185708995 -52.9026158220556 -42.106607954716 -36.1159108795867 -29.1268683438488 -16.2180624777537 -6.344499894503 -0.0323666784458665 0.66329950896116 -0.332803104596793 -1.89808561463157 -3.36309983697525 -3.59296655885162 -3.39603652398145 -2.84110446782022 -2.80043599227702 -2.52112008891058 -2.28830742640771 -2.2012606312479 -2.10052332150009 -1.61425095753124 -1.134195939583 -0.950737435743265
-9999 -9999 -9999 -9999 -9999 -9999 -9999 -9999 -9999 -9999 -9999 -9999 -9999 -9999 -9999 -9999 -9999 -9999 -9999 -9999 -9999 -9999 -9999 -9999 -9999 -9999 -9999 -9999 -24.1893072313255 -12.5472580891431 -13.9064448492225 -28.4830322259706 -46.9941719203648 -57.6311670086909 -55.2939747731134 -47.895914426944 -37.9995696508872 -28.3114544933283 -15.2894712745618 -5.09161339953987 -0.160135085278976 0.297114423140838 -0.78834559336406 -3.14702622876177 -4.39725581575076 -4.8807547277701 -4.00217273286875 -2.99663371224222 -2.3162923483739 -2.26946291440122 -2.49155705337358 -1.78669063526405 -1.33895203170529 -0.860443277153029 -0.583561385797309 -0.537765191457709
