meets/meet006/_saidas_enm/CCSM_Gower_0k_T_nigriceps1.asc
NCOLS 154 
NROWS 168 
XLLCORNER -112 
YLLCORNER -55.5 
CELLSIZE 0.5 
NODATA_value -9999 
[rows 50 to 74 of 168, columns 56 to 111 of 154]
-9999 -9999 -9999 -9999 -9999 -9999 -9999 -9999 -9999 -9999 -9999 -9999 -9999 0 0 0 0.185926050958716 0.469009286535369 0.536211797030299 0.580135662633885 0.60727379072741 0.607593765040945 0.607512143266157 0.574214534460758 0.483982453451501 0.397195183941193 0.240943398754932 0.0742869375602024 0 0 0 0 0 0.156953124921106 0.449371784124246 0.617069555820743 0.663274266200086 0.66946895511569 0.670909780415207 0.666609953259153 0.623329193148908 0.639377373201807 0.617443260867774 0.579491121973563 0.525884677603669 0.431932020393861 0.468139532064935 0.454756889095352 0.460006792004536 0.493723062433326 0.477416419854446 0.515557193222602 0.532469677460897 0.53712742928926 0.535819230972489 0.537341917231145
-9999 -9999 -9999 -9999 -9999 -9999 -9999 -9999 -9999 -9999 -9999 -9999 -9999 0 0 0 0.138852877753612 0.38340344556786 0.493583354623973 0.518168298541144 0.510200462401118 0.484451800225857 0.446017987121902 0.378503675288538 0.263367495682904 0.129564650397328 0 0 0 0 0 0 0 0 0.307164590475501 0.56265039467155 0.63038169934022 0.634947633569706 0.634596684434205 0.628670074077794 0.608314817573515 0.601805777216367 0.580469917435704 0.552168671133001 0.520125985469793 0.483615925540561 0.477705913120647 0.477081000413628 0.484138111424817 0.502145817280514 0.513419438952777 0.530736694524487 0.539458610398714 0.542216776541475 0.537429305088269 0.533012131821003
-9999 -9999 -9999 -9999 -9999 -9999 -9999 -9999 -9999 -9999 -9999 0 0 0 0 0 0.0441405902320043 0.266426239856766 0.379701542388678 0.396537340252201 0.381305726670875 0.313275652890088 0.232338615287435 0.130923046763256 0 0 0 0 0 0 0 0 0 0 0.186868368153935 0.476452633779302 0.627057219933655 0.628328522393122 0.627287375775831 0.622496317343285 0.607590225994675 0.592767100188991 0.573156700556163 0.555370424489884 0.546519563313599 0.539630557009673 0.530171816901282 0.532489585965517 0.536583088860295 0.544943143457169 0.556053752277548 0.555067118090404 0.552782286526298 0.546842212628874 0.53337205662822 0.524710075831061
-9999 -9999 -9999 -9999 -9999 -9999 -9999 -9999 -9999 -9999 0 0 0.111298935451521 0.126741944517494 0 0 0 0.0880020591047913 0.206980620886574 0.231739626519894 0.208416243198969 0.113372561125511 0 0 0 0 0 0 0 0 0 0 0 0 0.113477441534233 0.415748635544424 0.593638561097789 0.626320596774061 0.625212550418959 0.617435896710588 0.605051562455642 0.588103476877066 0.57301393124476 0.563185319769668 0.560272136009258 0.563834575232649 0.563161803594657 0.568084627413374 0.570966142724769 0.572282421427406 0.574370866801084 0.568439669397879 0.539118917410572 0.495094198373616 0.532487385551849 0.520589120156227
-9999 -9999 -9999 -9999 -9999 -9999 -9999 -9999 -9999 -9999 0 0.220935108440567 0.360801160424381 0.229918333470391 0.0274066570980557 0 0 0 0.00907289611026574 0.0100872755556793 0 0 0 0 0 0 0 0 0 0 0 0 0 0 0.0389501574882948 0.351510873053817 0.521167528059819 0.620473352248281 0.619661427988454 0.611820467555365 0.600290499414967 0.583132366512326 0.569465601726376 0.562773420899802 0.566314643307517 0.576009891941211 0.551885050573905 0.568540252881671 0.589014441238841 0.58082186144763 0.543048931150481 0.495980541733948 0.454864045915403 0.435717677021871 0.534945142838047 0.522614758110558
-9999 -9999 -9999 -9999 -9999 -9999 -9999 -9999 0 0 0.257580369147775 0.363548520340067 0.436029571610264 0.336049159932459 0.0621761190728903 0 0 0 0 0 0 0 0 0 0 0 0 0 0 0 0 0 0 0 0 0.24259027361925 0.437168703714397 0.557321556749521 0.600473276432069 0.595181157037213 0.587605665581159 0.572831027661338 0.561863815250362 0.559117648590699 0.533898269370037 0.571062066423735 0.579298811920137 0.550193650809896 0.500531264694908 0.456657080130179 0.416676218446525 0.38314931291135 0.348608646251396 0.35577746316008 0.534410329139188 0.536413133099799
-9999 -9999 -9999 -9999 -9999 -9999 -9999 -9999 0 0.213972724633953 0.47355268254061 0.528442302405493 0.542560898438972 0.348660742209339 0.0923142044870534 0 0 0 0 0 0 0 0 0 0 0 0 0 0 0 0 0 0 0 0 0.106342934518556 0.291152886326783 0.435124000778941 0.507594841849924 0.523971840917481 0.50987099034426 0.49256834018102 0.489216077356982 0.538621281270933 0.502116787628982 0.469394702323062 0.408374162173146 0.351922132774672 0.298423600175232 0.244339848664976 0.219805176947469 0.200981438557879 0.197619642787259 0.276684209372914 0.483941713599082 0.546034293977697
-9999 -9999 -9999 -9999 -9999 -9999 -9999 0 0.112750507847956 0.368244138976663 0.583278723113384 0.625055229187663 0.594036149318039 0.410215086040007 0.174438088990602 0 0 0 0 0 0 0 0 0 0 0 0 0 0 0 0 0 0 0 0 0 0.115488184862512 0.257050114915053 0.336545219020979 0.367684231524287 0.38686518380986 0.359748575090785 0.328082724072975 0.290495260919354 0.239688391063248 0.193345249762185 0.122277412720808 0.0640768182961743 0.0124212662705789 0 0 0 0.0241846253731951 0.183654139347886 0.426151641655794 0.551665006922423
-9999 -9999 -9999 -9999 -9999 -9999 -9999 0.116187923081758 0.341301557031431 0.567501780929869 0.686316599185135 0.689340024021607 0.629680094400671 0.470214245773181 0.273437162408336 0.111457174055053 0.0580074096981811 0.01027890606177 0.00346695793987728 0 0 0 0 0 0 0 0 0 0 0 0 0 0 0 0 0 0 0.0206605747908313 0.0756292690932848 0.0807836707118971 0.0819504365717347 0.0308856113996449 0 0 0 0 0 0 0 0 0 0 0 0.0992248365821424 0.337074440514446 0.526454462392477
-9999 -9999 -9999 -9999 -9999 -9999 0.188398199236091 0.375196236228654 0.57196169832908 0.669212721508531 0.729586356570269 0.694562292428843 0.565236900971171 0.457688848589241 0.349058920566306 0.204290679375331 0.188042018942135 0.166264646285017 0.153378011120054 0.113331366304142 0.0522602157475546 0.0319312025203019 0.0273997721696931 0.0389572719142695 0.0308554324636557 0.0332691735987547 0.0228395398687676 0.0301110569588596 0.0402547366641892 0.0233973338149391 0.0274391310101656 0.00729428961661072 0 0 0 0 0 0 0 0 0 0 0 0 0 0 0 0 0 0 0.0126555833325172 0.0287917899357918 0.0650650350138102 0.0970841976054241 0.272849533772594 0.461584141500538
-9999 -9999 -9999 -9999 -9999 -9999 0.256935468150957 0.51622015125424 0.691820716052189 0.743964652900403 0.729550654186517 0.696774645481827 0.520467249612723 0.460696662522178 0.444239389255977 0.344388185165162 0.302369811615026 0.283088799233357 0.283706721553894 0.26707181663956 0.234042635057162 0.217727305567656 0.20661629342739 0.216854640897704 0.222989341566336 0.214357706878225 0.213161106328816 0.204780542028326 0.204092737684909 0.199791608188027 0.182858700624401 0.169142546340557 0.14193526018152 0.122314132338742 0.0998906091547996 0.0701603409973107 0.0558559843336948 0.0334557551573794 0.0283669898558233 0.0362851164679633 0.0292442444780164 0.0495472097262974 0.0616794862403395 0.0825983083306493 0.116604231750079 0.13424066424355 0.160982184998862 0.169089073396942 0.175744618896199 0.190524838858472 0.195876837921089 0.213133910861784 0.222373943719531 0.232438446748692 0.233241917888599 0.37326229810122
-9999 -9999 -9999 -9999 -9999 -9999 0.244191115848343 0.469812322072979 0.671800563353366 0.743860471859608 0.729983996121012 0.701982162219322 0.537775495516071 0.492422229189307 0.499896467110107 0.41263024241038 0.404663132581406 0.388547335735693 0.390812192451884 0.373687382033498 0.348504913330734 0.339280486310609 0.340757303444373 0.351339897332814 0.343994137765213 0.346659637780768 0.33099091781331 0.330978869188675 0.328744365688615 0.306406215616368 0.302041859527357 0.275839772909249 0.262318232600454 0.242027660223225 0.213098109234299 0.204731544288146 0.184769841989034 0.183832803238893 0.180435550087206 0.179876952899393 0.196730224791625 0.19978426426444 0.231184586545068 0.251899614755847 0.269102985255314 0.301858835181719 0.304863532667936 0.325745520391506 0.333281762977138 0.327604680547003 0.342721458757398 0.335392223017867 0.345675322522538 0.355251684130795 0.335840546603074 0.335766304125565
-9999 -9999 -9999 -9999 -9999 -9999 -9999 0.418909169434422 0.619428899985962 0.7309826174381 0.730990333033964 0.705393185660308 0.566937384215142 0.535836260694153 0.531285265989174 0.503580264279373 0.489391482670721 0.474057677368862 0.474712164151992 0.474702595712078 0.464788316413077 0.463279395496811 0.461773699194549 0.467666110778928 0.472024490727113 0.466523803670236 0.463596647905396 0.453356464454185 0.447859688203421 0.43815975162156 0.421793949625263 0.408916440872858 0.387576745469993 0.374499642529321 0.364031018075332 0.346710242004233 0.343440360027253 0.336271887364987 0.339068201019431 0.354503292417787 0.362058326198874 0.385717853636892 0.40128496511835 0.41883402056609 0.442772388321768 0.454277711870514 0.470430113872945 0.474076523781788 0.476789600694225 0.48109756881732 0.47964178493839 0.481043906638831 0.475383187992379 0.473363179632683 0.467902747837403 0.452645313042603
-9999 -9999 -9999 -9999 -9999 -9999 -9999 -9999 0.595432473639893 0.719878593677264 0.728111386443738 0.706609276315542 0.589026257417536 0.57419008514418 0.560577721957435 0.545812468922273 0.542364786690035 0.531190610796272 0.532488005805376 0.534404271753907 0.531176266907926 0.534285256247899 0.541534778378877 0.547459923570032 0.547521428930071 0.549486782018369 0.542526256378369 0.538707077906275 0.533594326653165 0.517801075615847 0.510341187575974 0.49172593669471 0.479063584829544 0.466846612336798 0.453655460586561 0.448330432238615 0.442305910698949 0.446674121657625 0.449220177656594 0.456972844255377 0.476153595371051 0.484847509470357 0.507120866586133 0.523109117714766 0.522375332147096 0.521860121003839 0.521859701877426 0.522101223472954 0.522360243596226 0.522545392689197 0.52234463113734 0.522990609721472 0.523766307930448 0.526333666773662 0.529977447027224 0.534441248107943
-9999 -9999 -9999 -9999 -9999 -9999 0.377914416842805 0.526881002625271 0.685169496615035 0.72952206773126 0.723184773646551 0.702589208449645 0.600003856011887 0.586455118462667 0.584435885282167 0.588275391994879 0.582814349937654 0.574387693930759 0.556437745286401 0.552033217964935 0.552342690828085 0.55066050044227 0.549999434633617 0.548972979723453 0.548059193420678 0.54737513401868 0.54688746080711 0.546551231762614 0.545839684564936 0.544861620717129 0.544150596101118 0.544150178035785 0.544343428736212 0.543927244696677 0.543289740158915 0.541950002579561 0.540335213291634 0.537962329104081 0.534921566977312 0.531680671988307 0.528311105190491 0.52617156963341 0.524341139805963 0.522542563585908 0.52120397860419 0.520297722517546 0.520998187535376 0.521906539254086 0.522491220600308 0.522543297057131 0.522916319564757 0.524560447701598 0.527503972500536 0.532626011612969 0.538947800082794 0.546500332308256
-9999 -9999 -9999 -9999 -9999 0.398855587922215 0.527438015492749 0.667435575551168 0.726254808099254 0.732964247724306 0.705943952109248 0.68972093112756 0.604119004737332 0.597518518405342 0.611336473228652 0.609128200454892 0.579929463475775 0.564735715059085 0.552197204092014 0.548434616090193 0.547840963316572 0.547244906667283 0.548339819775813 0.547797484521884 0.546000221653014 0.545040030098216 0.544055590754073 0.543677137110889 0.543469254123789 0.543438630838107 0.543920764684007 0.543543042655158 0.544038763624398 0.544002496456713 0.543786147646609 0.543725423656913 0.541769149532324 0.540103645948417 0.53695317748303 0.532731841032267 0.528584794738221 0.526597611632288 0.524802178860332 0.522684018750317 0.520712657666478 0.518761938558481 0.520671164151584 0.52248807715221 0.52357738669976 0.523501629600599 0.523640570006529 0.527139856429188 0.531327977111715 0.537972388137994 0.546778345755057 0.55766852962833
-9999 -9999 -9999 -9999 -9999 0.444025119133572 0.59271330161757 0.672949375013823 0.712285853169485 0.719176849352186 0.689720673550244 0.665692653771467 0.629512680597662 0.637574207244141 0.640678587040209 0.591618779234102 0.570355035723473 0.556285674021327 0.544671191957704 0.543938114395349 0.543611709886191 0.543807155429619 0.544383876557231 0.544089767595089 0.543448559889778 0.541934704465484 0.541605480668023 0.541299308823281 0.541200499771401 0.541586410416229 0.541905679961379 0.542251354470553 0.542736807638482 0.542983777877379 0.543206438784319 0.543094217687221 0.541946859131463 0.54023849987182 0.537467340810254 0.533999069742162 0.530590209843121 0.527851952204981 0.525489231832944 0.523326434759938 0.521641756142634 0.520667915921883 0.521729039218154 0.52332999733445 0.524730193898888 0.525556292059034 0.52743963659613 0.531104582733552 0.536639356581249 0.544040331369398 0.55180140073749 0.560973440606264
-9999 -9999 -9999 -9999 -9999 -9999 0.602231452352077 0.657249362476446 0.693345499791885 0.699876909924052 0.665335373012623 0.657738080402086 0.63244816440846 0.649687777440027 0.646191024222916 0.591298227639613 0.573919565273532 0.552971461089723 0.538683121752945 0.54131722647744 0.540503387764875 0.544091126307423 0.542764469981744 0.542480616618498 0.543000019025885 0.540295815408806 0.540973961945141 0.539905399155038 0.539520012418228 0.540178774357958 0.54001133335594 0.54073359294725 0.541030648792508 0.541346041418338 0.541964043314398 0.542122473098536 0.541019541942562 0.53965518068644 0.537409815710061 0.534855449785652 0.532299826482003 0.529682696377238 0.527024596665595 0.525051873420914 0.523980586309126 0.522917681725599 0.524041569202226 0.525206950193747 0.526544068233019 0.527622375712226 0.530415119784065 0.535074443336477 0.541567864072451 0.548812129086375 0.555562734543311 0.563161803594657
-9999 -9999 -9999 -9999 -9999 -9999 0.519662330098468 0.626062540110999 0.66575783955117 0.690781342878641 0.661701301846732 0.655100622147491 0.6389329301286 0.618210114577773 0.620396390962983 0.613643576150271 0.609532911404304 0.552313530771071 0.524096055635924 0.535025300764545 0.550110535496004 0.549094427702846 0.545337483583026 0.544214455580816 0.545204434290629 0.545766105066234 0.54290550601974 0.539798941046121 0.538392876711899 0.538768204414797 0.539625422711113 0.538997466562742 0.538731321290447 0.538820385653223 0.539341150221453 0.539926984165311 0.539161135427043 0.538121073233028 0.536779659148022 0.535279920060481 0.533665549898967 0.531856809863396 0.530202622692642 0.528893586123044 0.528055438078523 0.527746856256905 0.528206428368828 0.528965885429298 0.529836410989228 0.529956700269777 0.532169687730747 0.538235075617381 0.545833204552266 0.553348242471572 0.559227495257085 0.565422700918418
-9999 -9999 -9999 -9999 -9999 -9999 0.377850028435012 0.611736246490089 0.65807539829817 0.694839423647341 0.665012428451988 0.659352431355262 0.662749426941712 0.637560391121322 0.615863841475397 0.606221137771287 0.628606377949778 0.550168751093699 0.508339731608063 0.530012863209128 0.557827185422407 0.555133799511103 0.546251060853135 0.544139621886113 0.546619794477314 0.549613978396097 0.544796193492431 0.539174757035467 0.536803758916773 0.537203291170025 0.538156594196535 0.536380650802786 0.534995123662805 0.534860479302609 0.535705542932946 0.537068227683415 0.536921009530827 0.536447920592083 0.535892578094775 0.535502161841007 0.53490480192079 0.53402212169488 0.533481029495617 0.532816609349309 0.53242357355546 0.532523535204975 0.532724191975229 0.53316155038726 0.533568522134343 0.532563247432613 0.534008185741646 0.541647812435743 0.550439552913497 0.557884042307768 0.5632521057067 0.568720295753015
-9999 -9999 -9999 -9999 -9999 -9999 -9999 -9999 0.549091207496295 0.713065363747509 0.69060798926852 0.679155200062538 0.671946697211219 0.664094400694523 0.646726998785472 0.629260457793529 0.622922763996987 0.545857556857945 0.486742600623911 0.519496143252564 0.559915839828752 0.55663475857483 0.540928696292531 0.537444707983949 0.543426611459768 0.548189734321074 0.543867565870315 0.53720025250353 0.534004308822325 0.534207166006247 0.534512290034957 0.531695970102383 0.52878178415236 0.528279880272718 0.530232171104763 0.53274860608879 0.533484801633334 0.534235352257526 0.534860898429022 0.535027291615007 0.535681443164195 0.535647179579927 0.536026279420542 0.536300283313081 0.536278593521206 0.536729783104867 0.536968056470693 0.537419141272752 0.537583229263466 0.536416590892706 0.538622557986257 0.54510409861058 0.554174235054305 0.562836548765166 0.569272560058615 0.575089939174765
-9999 -9999 -9999 -9999 -9999 -9999 -9999 -9999 0.356439601618201 0.718598470458486 0.722484959165262 0.711614569729552 0.684068617063673 0.682718963379391 0.674625853677798 0.650006759039054 0.638692900770957 0.545172765841613 0.475859258591426 0.51778422141841 0.56363599419922 0.556102352372572 0.535010107432072 0.530625730806628 0.539505866901787 0.546509843294594 0.542288866284522 0.534532827229197 0.531053449311159 0.531445122944165 0.530904659434521 0.52692914062502 0.522287106037147 0.521460798313794 0.524345435851697 0.527628453045215 0.529245233183604 0.530813185094871 0.532295530436269 0.533539811975049 0.535178386686916 0.536112095553616 0.537460949132455 0.538331265129179 0.538885245465644 0.540006094275777 0.540307027040356 0.540959606865494 0.541018179781719 0.539530804923364 0.541098652053027 0.546380138524865 0.555156061490114 0.565926156096328 0.57580942961378 0.58567347212589
-9999 -9999 -9999 -9999 -9999 -9999 -9999 -9999 -9999 0.633036792317102 0.741798894267111 0.737638068127181 0.690040805094684 0.704028523858496 0.69807198439983 0.67604927376869 0.67137092182644 0.569356277641656 0.485121881758319 0.519754744249423 0.563246879890031 0.555421219427909 0.531873260575109 0.526484866627174 0.536352254988301 0.54426305567584 0.540630487849637 0.532723982412022 0.528812799506927 0.528836270586058 0.527975594496834 0.522466492141938 0.516552618453626 0.515049002446764 0.517909540215916 0.521639765292172 0.523678710510117 0.525320533451687 0.527908848615554 0.530403174681292 0.533178420225386 0.535182158824634 0.53693106856474 0.539080139247718 0.540695242880455 0.542011823725487 0.543350732601731 0.543871642007317 0.543901115613331 0.542478416204829 0.542383693635477 0.545662738412517 0.551371420541948 0.563922368952692 0.58318096660735 0.602172106964878
-9999 -9999 -9999 -9999 -9999 -9999 -9999 -9999 -9999 -9999 0.720942633293119 0.744193345375835 0.720206265083602 0.726317016015861 0.718671832096857 0.713034123309254 0.702903051165736 0.60590258935292 0.514482448317907 0.534950067573401 0.565600692234171 0.55450210279213 0.532406808498937 0.527175691737504 0.536057713901521 0.542814869932915 0.539080453592528 0.531530100824414 0.52737865370303 0.526725759533082 0.524792434171228 0.518652127438259 0.512014527216192 0.509815370926853 0.512381786735638 0.515494009915833 0.517586184188238 0.519558173961697 0.522521921610065 0.526129656992104 0.529859777286757 0.533085374161686 0.535940358505864 0.539123728394677 0.541874559825209 0.544272253113177 0.546400101144541 0.54727291704463 0.547481845195065 0.545528225891452 0.545393086272387 0.547924367350612 0.553194080879831 0.565911837358655 0.585698451529568 0.604912888115403
-9999 -9999 -9999 -9999 -9999 -9999 -9999 -9999 -9999 -9999 -9999 0.604402261136716 0.743303021922895 0.73774978970988 0.733533143271025 0.730982101989664 0.724649089789974 0.661737920399412 0.559554840413244 0.560640138019102 0.564712512433074 0.55180850784816 0.538968756403447 0.532269544598659 0.537310482750165 0.540741556349098 0.537155825103745 0.531289941389729 0.5268258259642 0.52437089778129 0.521073315944918 0.515219691678484 0.509283813853486 0.507039435946337 0.508266351061772 0.509908836116966 0.513097445085942 0.514572560496715 0.518488353792355 0.523289970762002 0.5267905145639 0.532328222296488 0.535721260173436 0.540249501940163 0.544917014373823 0.547812848422892 0.550693318570953 0.551634383636742 0.551988171425247 0.550813094289011 0.550875699572708 0.554928111367003 0.561749996963306 0.571382953862304 0.582303656504925 0.592653595450936
