meets/meet006/_saidas_enm/CCSM_Maxent_0k_T_subalaris1.asc
NCOLS 154 
NROWS 168 
XLLCORNER -112 
YLLCORNER -55.5 
CELLSIZE 0.5 
NODATA_value -9999 
[rows 50 to 74 of 168, columns 55 to 109 of 154]
-9999 -9999 -9999 -9999 -9999 -9999 -9999 -9999 -9999 -9999 -9999 -9999 -9999 -9999 0.00881786178797483 0.0194145273417234 0.020535109564662 0.0176761019974947 0.0152842188253999 0.0162004083395004 0.127290278673172 0.0244159307330847 0.0279021523892879 0.0138359107077122 0.00713040539994836 0.00723186880350113 0.0069537004455924 0.00536294560879469 0.00382899050600827 0.00354340951889753 0.00351333641447127 0.00369245139881968 0.00424265721812844 0.00378809892572463 0.00481542758643627 0.0106126125901937 0.0138114942237735 0.0209705606102943 0.0212548486888409 0.0227325838059187 0.0224584396928549 0.0137889543548226 0.0177978631108999 0.0138186700642109 0.00692733423784375 0.00282506598159671 0.00420149741694331 0.00677416287362576 0.00575580401346087 0.00590230012312531 0.00933598075062037 0.00800496805459261 0.0108393980190158 0.0198725871741772 0.0281092878431082
-9999 -9999 -9999 -9999 -9999 -9999 -9999 -9999 -9999 -9999 -9999 -9999 -9999 -9999 0.0177945047616959 0.0183175895363092 0.0179005824029446 0.0176505744457245 0.0186204705387354 0.118178151547909 0.117077670991421 0.0188801027834415 0.0174009688198566 0.00834982004016638 0.00478521175682545 0.00421105232089758 0.00363189214840531 0.00365399103611708 0.00373415159992874 0.00382095971144736 0.00381089863367379 0.00394230475649238 0.00387276802212 0.00360949197784066 0.00329781672917306 0.005939279217273 0.0094620231539011 0.0149205001071095 0.0159030593931675 0.0153399920091033 0.0151313990354538 0.0109225297346711 0.0102245360612869 0.00779300183057785 0.00513563444837928 0.00296319392509758 0.0017028694273904 0.00147636095061898 0.010782765224576 0.0107684405520558 0.0112200658768415 0.0112356664612889 0.0143544059246778 0.0226197876036167 0.0308033768087626
-9999 -9999 -9999 -9999 -9999 -9999 -9999 -9999 -9999 -9999 -9999 -9999 0.0109384832903743 0.0207743253558874 0.0173296947032213 0.0168590657413006 0.0173040889203548 0.0166764408349991 0.127690061926842 0.0202947836369276 0.0153014278039336 0.015368795953691 0.0116640264168382 0.00572658749297261 0.00361567712388933 0.00348991481587291 0.00370617583394051 0.00349724432453513 0.00354514666832983 0.00358637562021613 0.00355515605770051 0.00377026596106589 0.00380764110013843 0.00379077973775566 0.00355451507493854 0.00470043392851949 0.00952631328254938 0.0126579580828547 0.014021635055542 0.0913713052868843 0.0135043365880847 0.0112232761457562 0.00921994727104902 0.00713609531521797 0.00545396283268929 0.00448335520923138 0.00402597058564425 0.00317256641574204 0.0238248277455568 0.0214177723973989 0.0165531914681196 0.0176607985049486 0.0234115868806839 0.0278519373387098 0.0337678752839565
-9999 -9999 -9999 -9999 -9999 -9999 -9999 -9999 -9999 -9999 -9999 0.010487237945199 0.0199705194681883 0.0159150753170252 0.0157863385975361 0.0165418405085802 0.0172936655580997 0.112251922488213 0.0167725216597319 0.0162486657500267 0.0142577663064003 0.0110649382695556 0.00703482702374458 0.00589673919603229 0.00504750851541758 0.00406063999980688 0.00395611999556422 0.00379700539633632 0.0036360623780638 0.00343435001559556 0.0033349609002471 0.00328511232510209 0.00341997481882572 0.00357398297637701 0.00349197397008538 0.00362041173502803 0.00622759573161602 0.00967829115688801 0.0109367547556758 0.0113076725974679 0.0695323199033737 0.00907252356410027 0.00769834173843265 0.00651237368583679 0.00548691209405661 0.00463251862674952 0.00440155109390616 0.0258099008351564 0.0244027525186539 0.0202674828469753 0.0221528224647045 0.0306874886155128 0.0360983125865459 0.0348935723304749 0.0409586019814014
-9999 -9999 -9999 -9999 -9999 -9999 -9999 -9999 -9999 -9999 -9999 0.0281392708420753 0.0210353620350361 0.0146756777539849 0.114385858178139 0.134582191705704 0.136713922023773 0.117247670888901 0.0144978053867817 0.00657871551811695 0.00640031602233648 0.00578355183824897 0.00591909512877464 0.0060628647916019 0.00570176960900426 0.00543233286589384 0.00433139363303781 0.00391647033393383 0.0035759515594691 0.00331226689741015 0.00321164797060192 0.00310298288241029 0.00296895625069737 0.00315890228375793 0.00323286792263389 0.00318422098644078 0.00480757374316454 0.00742248212918639 0.00815901067107916 0.00846490915864706 0.0529828704893589 0.0436768792569637 0.0381443426012993 0.0336727350950241 0.0293348301202059 0.0258216299116611 0.0242691598832607 0.0193291120231152 0.023342864587903 0.0331248454749584 0.042466402053833 0.0596999414265156 0.0605364181101322 0.0518318004906178 0.0531208291649818
-9999 -9999 -9999 -9999 -9999 -9999 -9999 -9999 -9999 0.00687447376549244 0.0283143259584904 0.0479833520948887 0.0269113779067993 0.114768303930759 0.123530074954033 0.154556974768639 0.150249898433685 0.118056796491146 0.00855315569788218 0.00422625476494431 0.00419772136956453 0.00556449871510267 0.00568189471960068 0.00583719788119197 0.00587034225463867 0.00470634177327156 0.00446602050215006 0.0038725333288312 0.00346703617833555 0.00319783319719136 0.00306654558517039 0.00298867747187614 0.00281694415025413 0.00274133053608239 0.00285418890416622 0.002876877784729 0.00347784953191876 0.00434183655306697 0.00497263623401523 0.00508123775944114 0.00441014068201184 0.00386211555451155 0.00312215113081038 0.00287276995368302 0.0178419183939695 0.0153036788105965 0.0206542052328587 0.00424600997939706 0.00623331964015961 0.00833234749734402 0.0118567189201713 0.0933059230446815 0.0873224884271622 0.07372035831213 0.0688502639532089
-9999 -9999 -9999 -9999 -9999 -9999 -9999 -9999 -9999 0.0175082497298717 0.0626557543873787 0.297637939453125 0.198558762669563 0.139574006199837 0.13737428188324 0.16296212375164 0.158427327871323 0.114425323903561 0.0065873246639967 0.00343312555924058 0.00366171565838158 0.00414586625993252 0.00412099249660969 0.00425339257344604 0.0041356822475791 0.00395810464397073 0.00386616308242083 0.00344282505102456 0.00314712338149548 0.00295459688641131 0.00284855230711401 0.00280601880513132 0.00271992338821292 0.00269868108443916 0.00275049079209566 0.0027089265640825 0.00270760711282492 0.00264792633242905 0.00284462608397007 0.00289167044684291 0.00253439927473664 0.00218711816705763 0.0019020022591576 0.00175837578717619 0.00210568215698004 0.00301291723735631 0.00456974329426885 0.00635243020951748 0.00956159550696611 0.0144383143633604 0.0179230235517025 0.0201467648148537 0.0174752119928598 0.0908092707395554 0.0789218172430992
-9999 -9999 -9999 -9999 -9999 -9999 -9999 -9999 0.0207992419600487 0.0593502447009087 0.0831680223345757 0.398479729890823 0.259967714548111 0.165875971317291 0.134928271174431 0.144007489085197 0.153891906142235 0.103397451341152 0.0368714816868305 0.002849823795259 0.00284207449294627 0.003061234485358 0.00311401393264532 0.00301130954176188 0.00295994756743312 0.00298533821478486 0.00285093113780022 0.00278785172849894 0.00267497263848782 0.00263942196033895 0.00260675954632461 0.0025976886972785 0.00257700006477535 0.00255873426795006 0.002543959999457 0.0025194501504302 0.0023050254676491 0.00217303982935846 0.00193238188512623 0.00182777119334787 0.00183827884029597 0.00174384552519768 0.00174624309875071 0.00211551901884377 0.00305259600281715 0.0046258270740509 0.00714406231418252 0.0103036090731621 0.0150560792535543 0.0286069344729185 0.0312289800494909 0.0303728543221951 0.0282516088336706 0.0155993327498436 0.0820367038249969
-9999 -9999 -9999 -9999 -9999 -9999 -9999 -9999 0.06129065528512 0.0811988115310669 0.0976753160357475 0.420535147190094 0.288193225860596 0.151221692562103 0.106630750000477 0.112282834947109 0.130144476890564 0.0849082842469215 0.0274817943572998 0.0172508731484413 0.00240689376369119 0.00253201811574399 0.00254118116572499 0.00244836579076946 0.00239015626721084 0.00246594380587339 0.00248547620140016 0.00260071759112179 0.00265935366041958 0.00258173630572855 0.00242535024881363 0.0023456159979105 0.00235660257749259 0.00237062992528081 0.00235995789989829 0.00230007944628596 0.00218938058242202 0.00201083719730377 0.0017637888668105 0.00167624966707081 0.00179168512113392 0.00207732059061527 0.00265882513485849 0.00372840510681272 0.00554081611335278 0.00826629903167486 0.0121741425246 0.0160209909081459 0.0278842262923717 0.0288992524147034 0.0284506194293499 0.0273439176380634 0.0255632866173983 0.0239256378263235 0.0132882744073868
-9999 -9999 -9999 -9999 -9999 -9999 -9999 0.0328847914934158 0.130321100354195 0.149532243609428 0.140421286225319 0.405976623296738 0.271696716547012 0.105352722108364 0.0847665891051292 0.0956070944666862 0.113923363387585 0.0516829192638397 0.0239228121936321 0.0160716865211725 0.00227114954032004 0.00237523252144456 0.00250277691520751 0.00260230293497443 0.0026683765463531 0.00271246326155961 0.0027109885122627 0.00281841424293816 0.00287408428266644 0.00282978382892907 0.00271780812181532 0.00253508659079671 0.0024332576431334 0.00234024063684046 0.00224956590682268 0.00227260962128639 0.00230060634203255 0.00225483905524015 0.00225293333642185 0.00246113375760615 0.0026984082069248 0.00326251029036939 0.00430514244362712 0.00573783321306109 0.00831675622612238 0.011958684772253 0.0221696328371763 0.0232299603521824 0.0240461193025112 0.0243066549301147 0.0241456367075443 0.0233294572681189 0.0220650359988213 0.0206371769309044 0.0192518122494221
-9999 -9999 -9999 -9999 -9999 -9999 -9999 0.0496309772133827 0.116876922547817 0.144849047064781 0.0917056128382683 0.359107226133347 0.236199796199799 0.087496280670166 0.0857117772102356 0.094617523252964 0.104641370475292 0.0450715869665146 0.02257533185184 0.0172834526747465 0.00246393540874124 0.00268333568237722 0.00286718341521919 0.00305681279860437 0.00312578165903687 0.00307542318478227 0.00300785899162292 0.00305966567248106 0.00311470124870539 0.00307292188517749 0.0029736733995378 0.00285292719490826 0.00276976684108377 0.00270788976922631 0.00260568037629128 0.00250597693957388 0.00255973008461297 0.0026362317148596 0.00284213968552649 0.00324842100962996 0.00374532910063863 0.00468499772250652 0.00587058113887906 0.00769107323139906 0.0106435772031546 0.0192215163260698 0.0198047887533903 0.0203756764531136 0.0208532493561506 0.0210124608129263 0.0208221729844809 0.020096542313695 0.0190506502985954 0.0178216900676489 0.0109319612383842
-9999 -9999 -9999 -9999 -9999 -9999 -9999 0.0466891005635262 0.10268210619688 0.140605717897415 0.088820107281208 0.321056544780731 0.21712227165699 0.0960789620876312 0.0868121162056923 0.0946228504180908 0.0881856381893158 0.0396319031715393 0.02308682911098 0.0192459598183632 0.00282426667399704 0.00301509606651962 0.00336284772492945 0.00367006054148078 0.00374771934002638 0.00358992232941091 0.00337773351930082 0.00345245795324445 0.00343612558208406 0.00340879778377712 0.00339964241720736 0.00322844251058996 0.00324958353303373 0.00311059039086103 0.00304588279686868 0.00298307649791241 0.00280031049624085 0.00307183223776519 0.00340075325220823 0.00411089509725571 0.00501917861402035 0.00636802241206169 0.00816011894494295 0.0102898543700576 0.0176627393811941 0.0178441014140844 0.0178687553852797 0.0183592941612005 0.018525367602706 0.018504211679101 0.0184263344854116 0.0177881810814142 0.0171114299446344 0.0158194378018379 0.009070192463696
-9999 -9999 -9999 -9999 -9999 -9999 -9999 -9999 0.0701775625348091 0.130362525582314 0.0799492746591568 0.309016823768616 0.223386183381081 0.111459828913212 0.101157829165459 0.106337897479534 0.0753446593880653 0.036590151488781 0.0246280841529369 0.00311011518351734 0.00318717840127647 0.00353077775798738 0.00390197383239865 0.00428239861503243 0.00438664201647043 0.00417480478063226 0.00395756307989359 0.0039465525187552 0.00398200424388051 0.00397989619523287 0.00398596236482263 0.00390729401260614 0.00386856659315526 0.00378071586601436 0.00373661681078374 0.00372515385970473 0.00374815985560417 0.00391445308923721 0.0041511207818985 0.00502230133861303 0.00619109440594912 0.0079648420214653 0.00995781738311052 0.0166589301079512 0.0167192332446575 0.0167021714150906 0.0166813991963863 0.0168023183941841 0.0168286077678204 0.0167616438120604 0.0166435725986958 0.0162130389362574 0.015727024525404 0.0141718778759241 0.00783590413630009
-9999 -9999 -9999 -9999 -9999 -9999 -9999 -9999 -9999 0.0767953395843506 0.0670411959290504 0.314053416252136 0.224588245153427 0.123286023736 0.120534762740135 0.117378890514374 0.0542554259300232 0.0355752594769001 0.0256095379590988 0.00344260619021952 0.00361059140414 0.00407081050798297 0.00443807942792773 0.0049177436158061 0.00509942742064595 0.00485189165920019 0.00462625315412879 0.00472967000678182 0.00479407282546163 0.00483208894729614 0.0334418602287769 0.0332608334720135 0.00480012502521276 0.004733607172966 0.00475049624219537 0.00488405907526612 0.00515711959451437 0.00525810150429606 0.0055284658446908 0.00599931133911014 0.00741890631616116 0.00940716825425625 0.016071381047368 0.0160675514489412 0.0160363707691431 0.0160684064030647 0.0160800497978926 0.0160211399197578 0.0158873908221722 0.0157952290028334 0.0157189443707466 0.0154115287587047 0.0152546716853976 0.0148503184318542 0.00863397959619761
-9999 -9999 -9999 -9999 -9999 -9999 -9999 0.0147930979728699 0.0261499173939228 0.0570796318352222 0.0548119582235813 0.27717050909996 0.206521347165108 0.12996581196785 0.126887589693069 0.10483942180872 0.0523120239377022 0.0310335960239172 0.0258827786892653 0.0246237125247717 0.00385488639585674 0.00433050701394677 0.00472426554188132 0.00508729042485356 0.0053886491805315 0.00551766203716397 0.00560592813417315 0.00573545508086681 0.00582472654059529 0.0401277728378773 0.0404319278895855 0.0404103435575962 0.0402527526021004 0.0400886908173561 0.040279183536768 0.0407053269445896 0.00619246158748865 0.00648939330130816 0.0068866079673171 0.00714192911982536 0.00830602832138538 0.0102266231551766 0.0155661441385746 0.0155491027981043 0.0154820187017322 0.0153748774901032 0.0152801517397165 0.0152915436774492 0.0152871003374457 0.0152416927739978 0.0151158012449741 0.0150226633995771 0.015035011805594 0.0152431046590209 0.00998712424188852
-9999 -9999 -9999 -9999 -9999 -9999 0.0156344193965197 0.00900649838149548 0.0311709083616734 0.0454074144363403 0.261918127536774 0.245271012187004 0.183821469545364 0.131191432476044 0.127024129033089 0.0721459090709686 0.0435594655573368 0.0298152100294828 0.0266594905406237 0.0252062194049358 0.0282281581312418 0.0314381644129753 0.00503040943294764 0.00525213731452823 0.00566809112206101 0.00622079661116004 0.00670594070106745 0.0463363192975521 0.0471062697470188 0.0480295643210411 0.0486200489103794 0.0485325902700424 0.0490584149956703 0.0487990006804466 0.0486912131309509 0.0486279763281345 0.0483922064304352 0.00772985676303506 0.00825162325054407 0.00846423674374819 0.00907171238213778 0.0153691759333014 0.0153407314792275 0.0152318365871906 0.015083534643054 0.0148667767643929 0.0146122165024281 0.0148110520094633 0.0149066895246506 0.0149421561509371 0.0148550709709525 0.01477041374892 0.01508226711303 0.0155227892100811 0.0161233525723219
-9999 -9999 -9999 -9999 -9999 -9999 0.0185553636401892 0.00840530078858137 0.0269387364387512 0.232652902603149 0.233487650752068 0.197258874773979 0.159507125616074 0.139602407813072 0.12121407687664 0.0661878660321236 0.0356508307158947 0.028378814458847 0.0273421909660101 0.0269964337348938 0.0309143420308828 0.0349903367459774 0.0377438217401505 0.0398804657161236 0.0433623678982258 0.0472330115735531 0.0504241213202477 0.0528557598590851 0.05422293394804 0.0559262745082378 0.0574587918817997 0.0587090738117695 0.0588488839566708 0.0587023161351681 0.0584289841353893 0.0575149543583393 0.0580642744898796 0.00908175203949213 0.00959732662886381 0.00973169319331646 0.00975674670189619 0.0154246697202325 0.0152095537632704 0.0150266932323575 0.0148354927077889 0.0146270273253322 0.014478194527328 0.0145495506003499 0.0146650094538927 0.0147626046091318 0.014770052395761 0.0149350585415959 0.0153399463742971 0.016059460118413 0.0171349253505468
-9999 -9999 -9999 -9999 -9999 -9999 -9999 0.0104225212708116 0.0187208745628595 0.211118832230568 0.18389730155468 0.164727285504341 0.147341504693031 0.137107670307159 0.142856240272522 0.0822297185659409 0.03510757163167 0.0285367965698242 0.0290748998522758 0.0298150070011616 0.0352631025016308 0.0412804149091244 0.0433295369148254 0.044993095099926 0.0488074272871017 0.0532399564981461 0.0564196929335594 0.0595887787640095 0.0612155310809612 0.0632570087909698 0.0657710507512093 0.0684295743703842 0.0675865635275841 0.0676546841859818 0.067375622689724 0.0662168189883232 0.0669870227575302 0.0104777384549379 0.0158103834837675 0.0158994123339653 0.0153360879048705 0.015417673625052 0.0151865975931287 0.0149359423667192 0.0147579861804843 0.0145964929834008 0.0144474366679788 0.0145318228751421 0.0146025894209743 0.0146956220269203 0.0147333815693855 0.015029015019536 0.0156372655183077 0.0165891516953707 0.0177305769175291
-9999 -9999 -9999 -9999 -9999 -9999 -9999 0.0697267949581146 0.0875034779310226 0.123226203024387 0.188279911875725 0.161821857094765 0.154622659087181 0.138833090662956 0.132322236895561 0.13940854370594 0.10046424716711 0.04134202003479 0.0293235629796982 0.0264055114239454 0.0355678796768188 0.0514208897948265 0.0536656118929386 0.0525821968913078 0.0547903217375278 0.0598451606929302 0.0656239464879036 0.0673243030905724 0.0684476494789124 0.0986457541584969 0.100905306637287 0.103208780288696 0.102687150239944 0.102534092962742 0.102780215442181 0.103114157915115 0.104367643594742 0.016229311004281 0.0161563437432051 0.015951668843627 0.0156396329402924 0.0153523776680231 0.0152374794706702 0.0151208732277155 0.0150198703631759 0.0149090588092804 0.014851120300591 0.014861305244267 0.0148972887545824 0.0149411791935563 0.0148381805047393 0.0150825064629316 0.015934944152832 0.0171512179076672 0.0184599924832582
-9999 -9999 -9999 -9999 -9999 -9999 -9999 0.0945382341742516 0.0739705413579941 0.111065156757832 0.19597589969635 0.174565315246582 0.160861954092979 0.150240182876587 0.139475122094154 0.135176867246628 0.134904146194458 0.0648839399218559 0.0260738972574472 0.0207897368818521 0.032136581838131 0.0584923923015594 0.0607964247465134 0.0550698339939117 0.055625282227993 0.0624596141278744 0.071944534778595 0.101188845932484 0.0993800386786461 0.0972820296883583 0.0982738062739372 0.100680023431778 0.0991923287510872 0.0981170758605003 0.0981245413422585 0.0990120396018028 0.100941233336926 0.101056009531021 0.0157523453235626 0.0156775079667568 0.0155131109058857 0.0154008446261287 0.0152638545259833 0.0153180444613099 0.0153118474408984 0.0152355683967471 0.0152760902419686 0.0152345765382051 0.0152623085305095 0.0152428615838289 0.0149391777813435 0.0151169877499342 0.0162354614585638 0.0177759416401386 0.0191407613456249
-9999 -9999 -9999 -9999 -9999 -9999 -9999 -9999 -9999 0.142518684267998 0.209177792072296 0.220867902040482 0.192875221371651 0.136016771197319 0.136088237166405 0.148466989398003 0.145151689648628 0.106327086687088 0.0200752858072519 0.0137274991720915 0.0278336983174086 0.0606041327118874 0.0621647499501705 0.0492824465036392 0.0491024889051914 0.0592413656413555 0.0705402493476868 0.099297858774662 0.093725249171257 0.0911437720060349 0.0925319194793701 0.0943654105067253 0.0927212983369827 0.0911934971809387 0.0914363265037537 0.0934708639979362 0.0963030755519867 0.0973058417439461 0.0983546152710915 0.0153611674904823 0.0153541769832373 0.0154312383383512 0.0153765184804797 0.0154525497928262 0.0155711732804775 0.0155753139406443 0.0156431403011084 0.0156312566250563 0.0156407970935106 0.0155870253220201 0.0152779622003436 0.0155552951619029 0.0165907759219408 0.0182563830167055 0.0200470574200153
-9999 -9999 -9999 -9999 -9999 -9999 -9999 -9999 -9999 0.315378487110138 0.223198726773262 0.263260334730148 0.204676061868668 0.122499570250511 0.125421583652496 0.14459453523159 0.155089482665062 0.14439083635807 0.0199765898287296 0.0115688284859061 0.026936799287796 0.0631956607103348 0.060674361884594 0.0474545024335384 0.0469247698783875 0.0544649511575699 0.0672287195920944 0.0937709882855415 0.0877270624041557 0.0850228518247604 0.0865864083170891 0.0879637822508812 0.0852218046784401 0.082464687526226 0.0832265242934227 0.0870916843414307 0.0906860455870628 0.0922370031476021 0.0940348729491234 0.0954727828502655 0.0149150788784027 0.0151961091905832 0.0152787761762738 0.0154965491965413 0.015612686984241 0.015645444393158 0.0158459339290857 0.0158831607550383 0.0160227511078119 0.0160235650837421 0.0156892631202936 0.0159308053553104 0.0167772751301527 0.0184425711631775 0.0207052491605282
-9999 -9999 -9999 -9999 -9999 -9999 -9999 -9999 -9999 -9999 0.234224796295166 0.053106315433979 0.212083742022514 0.115700468420982 0.115115083754063 0.140302836894989 0.173354402184486 0.172392398118973 0.031254917383194 0.0148882232606411 0.0283904243260622 0.0611592754721642 0.0604417324066162 0.0462644658982754 0.0464652106165886 0.0552487261593342 0.0638059303164482 0.0886027589440346 0.0824041739106178 0.0802605673670769 0.0814836919307709 0.0821675360202789 0.0785024389624596 0.0746003687381744 0.0748471543192863 0.0789512619376183 0.0840420797467232 0.0862806141376495 0.0877835750579834 0.0901932492852211 0.092474527657032 0.0950455218553543 0.0149678373709321 0.0152113288640976 0.0155455712229013 0.015813160687685 0.0160562321543694 0.0163500551134348 0.0165044125169516 0.0165193770080805 0.0162181984633207 0.0161364246159792 0.0166325550526381 0.0175945293158293 0.020111195743084
-9999 -9999 -9999 -9999 -9999 -9999 -9999 -9999 -9999 -9999 -9999 0.0580755844712257 0.0396814160048962 0.125571310520172 0.122839994728565 0.150414258241653 0.187350079417229 0.214536145329475 0.0590922012925148 0.0249911155551672 0.0367745347321033 0.0610142797231674 0.0576903149485588 0.0478117093443871 0.048349030315876 0.0566100589931011 0.0909921750426292 0.0884369537234306 0.0811155512928963 0.0776298642158508 0.0774176418781281 0.0765163972973824 0.0725195705890656 0.0684325620532036 0.0680148527026176 0.0713272616267204 0.0754293575882912 0.078596904873848 0.0814607441425323 0.0840259864926338 0.0870604068040848 0.0904125943779945 0.0932233035564423 0.0958673357963562 0.0153511138632894 0.015806658193469 0.0162757989019156 0.0167494229972363 0.0170133747160435 0.0170797016471624 0.016646409407258 0.0165709815919399 0.0169543083757162 0.0178618654608727 0.0203871782869101
-9999 -9999 -9999 -9999 -9999 -9999 -9999 -9999 -9999 -9999 -9999 -9999 0.0434734113514423 0.0247087199240923 0.140767559409142 0.163772255182266 0.207688346505165 0.263311684131622 0.155578643083572 0.050440602004528 0.052293237298727 0.058046467602253 0.0546889901161194 0.0522211901843548 0.052412573248148 0.0824317634105682 0.0890505984425545 0.0855173990130424 0.0799078717827797 0.0761566087603569 0.0742476135492325 0.0720813050866127 0.0682717114686966 0.0645320937037468 0.0637937784194946 0.0656628459692001 0.0681463032960892 0.0718780010938644 0.0741929262876511 0.0787568464875221 0.083219513297081 0.0862537920475006 0.0911694467067719 0.0941333025693893 0.0986239686608315 0.0161537528038025 0.0167614407837391 0.0173602066934109 0.0176037028431892 0.0177127830684185 0.0174643192440271 0.0174547098577023 0.0181416273117065 0.01941192522645 0.0214425213634968
