meets/meet006/_saidas_enm/CCSM_Maha_0k_S_lineola4.asc
NCOLS 154 
NROWS 168 
XLLCORNER -112 
YLLCORNER -55.5 
CELLSIZE 0.5 
NODATA_value -9999 
[rows 100 to 124 of 168, columns 56 to 111 of 154]
-9999 -9999 -9999 -9999 -9999 -9999 -9999 -9999 -9999 -9999 -9999 -9999 -9999 -9999 -9999 -9999 -9999 -9999 -9999 -9999 -9999 -9999 -9999 -9999 -9999 -9999 -9999 -9999 -25.4461032710525 -13.855484727981 -18.438702811164 -31.9373399668933 -45.2672906834924 -53.6611268615429 -53.3392802188582 -45.0869638346962 -36.4220543967674 -25.5593103906164 -13.2248527726993 -3.47097107149308 -0.0367285738249781 0.172866247272955 -2.59559470671493 -5.39392372468136 -6.68673057516272 -6.36925936122113 -5.35404373671725 -4.03873529278218 -2.9982731927259 -2.19161493544157 -1.65201879866511 -1.24678452305491 -0.869066777809364 -0.411872880968109 -0.0541731165735195 0.0181215448374136
-9999 -9999 -9999 -9999 -9999 -9999 -9999 -9999 -9999 -9999 -9999 -9999 -9999 -9999 -9999 -9999 -9999 -9999 -9999 -9999 -9999 -9999 -9999 -9999 -9999 -9999 -9999 -9999 -27.0059926689222 -14.5854047609344 -21.9980665074835 -32.9339494516305 -42.0974460249843 -48.5748811011662 -49.0038980341432 -43.0149760576229 -33.4499956215863 -22.9342903632076 -11.6387759212275 -2.43419829363729 -0.3579617120926 -0.239298307856597 -2.99004671418948 -5.93925721488005 -6.70042070926057 -6.39106319950177 -5.15919151922668 -3.90023107627565 -2.94296943211147 -2.25616103435795 -1.99007606656549 -1.52630280545151 -1.09913553509651 -0.657879123546481 -0.31911494414189 0.0325123536029083
-9999 -9999 -9999 -9999 -9999 -9999 -9999 -9999 -9999 -9999 -9999 -9999 -9999 -9999 -9999 -9999 -9999 -9999 -9999 -9999 -9999 -9999 -9999 -9999 -9999 -9999 -9999 -27.2326821747476 -28.2807106132815 -15.1387840120234 -20.2763274201048 -30.9547939794499 -38.1644813549594 -43.3466055471584 -45.0115504221971 -38.7837848069866 -30.3212855681304 -19.6051632272699 -9.4725530653006 -1.58707676548441 -0.389702224332458 -0.743984605722286 -3.18791675356346 -5.75094945932685 -6.55307541672101 -5.93287678857049 -4.91372416017243 -3.7649372389239 -2.89101652265054 -2.31580911532913 -1.94066284247661 -1.66166652893581 -1.40715736631972 -0.999193398108713 -0.662882288642465 -0.311143664225412
-9999 -9999 -9999 -9999 -9999 -9999 -9999 -9999 -9999 -9999 -9999 -9999 -9999 -9999 -9999 -9999 -9999 -9999 -9999 -9999 -9999 -9999 -9999 -9999 -9999 -9999 -9999 -28.1302328269949 -28.0314805694299 -15.0292304825023 -19.9544122551882 -29.6319635069655 -35.3007520297333 -39.9457453120593 -42.4524127688919 -36.8078644937002 -27.0459484336991 -16.5049819999361 -6.75379849567799 -1.36856707157972 -0.526118167207042 -1.21780692476493 -3.49621640997738 -5.74641387596878 -6.27940721660609 -5.81476445515386 -4.89150266437288 -3.79181612212565 -3.00233475944474 -2.53558680128151 -2.11251906697217 -1.84934265343665 -1.68145216269039 -1.31832119368344 -1.06348336146164 -0.619749493027201
-9999 -9999 -9999 -9999 -9999 -9999 -9999 -9999 -9999 -9999 -9999 -9999 -9999 -9999 -9999 -9999 -9999 -9999 -9999 -9999 -9999 -9999 -9999 -9999 -9999 -9999 -9999 -28.372562783319 -26.0665340077497 -14.9577520557818 -19.0076287124804 -28.4173898275091 -35.0624647529117 -38.9831042068776 -41.3539247918655 -35.4598143871649 -24.847631702776 -13.7828679405533 -4.71574488951688 -1.2180436045247 -0.540169407502394 -1.42497524556569 -3.87464624044143 -5.56672042757224 -6.12307486461378 -5.75761533276232 -4.89443784008176 -4.01049855531267 -3.26689046118643 -2.68835420185333 -2.36889731893717 -2.04777960147325 -1.88351231037807 -1.57368781750575 -1.33772084959861 -0.574936034597652
-9999 -9999 -9999 -9999 -9999 -9999 -9999 -9999 -9999 -9999 -9999 -9999 -9999 -9999 -9999 -9999 -9999 -9999 -9999 -9999 -9999 -9999 -9999 -9999 -9999 -9999 -9999 -26.9745915177486 -23.9054217551662 -15.2678425982121 -19.4056638976585 -29.1986263813407 -36.3414944394894 -40.4428660167943 -42.7307944978346 -36.6076679416928 -23.9273786727726 -12.8036623484692 -4.31462730713115 -1.22406509440869 -0.87223436778857 -1.67538259791212 -4.09713242469235 -5.44668299346641 -5.75285839774284 -5.45545090276789 -4.72898963901317 -4.05047076462579 -3.39520788240428 -2.87522520816752 -2.52893586697369 -2.21538329860809 -2.0778551159548 -1.82087487436849 -1.49350628581285 -0.708256431655029
-9999 -9999 -9999 -9999 -9999 -9999 -9999 -9999 -9999 -9999 -9999 -9999 -9999 -9999 -9999 -9999 -9999 -9999 -9999 -9999 -9999 -9999 -9999 -9999 -9999 -9999 -9999 -24.7431905255155 -20.7239931784856 -15.5762166166998 -21.6686446992194 -31.3252535067488 -38.9165899623803 -43.3934390808751 -45.4366231969124 -39.6105812710583 -24.3612023730968 -11.7750454059709 -4.80006574163895 -1.77539807808271 -1.1697792924267 -1.85771219326955 -3.91555442610974 -5.0560338122123 -5.18823373294292 -4.77850429659405 -4.45471038379629 -3.99710235664988 -3.4485214453837 -3.0121258200715 -2.58568082463788 -2.38002728219186 -2.33240258066501 -2.08110537159889 -1.61373601500062 -0.870081904050201
-9999 -9999 -9999 -9999 -9999 -9999 -9999 -9999 -9999 -9999 -9999 -9999 -9999 -9999 -9999 -9999 -9999 -9999 -9999 -9999 -9999 -9999 -9999 -9999 -9999 -9999 -9999 -20.7040010864178 -18.2193798203099 -15.7973316697873 -24.1025082654018 -33.6618865127456 -40.9169402660179 -45.6754859884974 -47.8410388863031 -42.4223133247882 -25.5044459102608 -9.89476139121214 -5.34181759374256 -2.07803363061107 -1.37956646717592 -2.1567696858794 -3.67708070958947 -5.04875992957415 -5.04011697630462 -4.67880225436359 -4.45798944140809 -4.04453000216519 -3.6163249533785 -3.30296892619126 -3.02956413915455 -2.8782198108651 -2.74721032442837 -2.52321852124312 -1.89849045504897 -1.24962907919017
-9999 -9999 -9999 -9999 -9999 -9999 -9999 -9999 -9999 -9999 -9999 -9999 -9999 -9999 -9999 -9999 -9999 -9999 -9999 -9999 -9999 -9999 -9999 -9999 -9999 -9999 -9999 -17.1518037677166 -15.6693283393724 -16.220262437809 -26.3944794417707 -34.2438617083208 -41.6840891128797 -45.8771797439756 -48.4224055792012 -45.7625875892655 -25.6588685904258 -8.43255171106159 -5.93376331355224 -2.68475462169307 -1.67342859007649 -2.63608313113005 -3.81115952826344 -5.02815171484514 -5.36913852104703 -5.1870852539411 -4.69800074720279 -4.37895805654097 -3.97160320910469 -3.77338909844059 -3.39397940220821 -3.11467752409582 -3.03881104631103 -2.66034986218569 -2.30203844158815 -1.69960116290344
-9999 -9999 -9999 -9999 -9999 -9999 -9999 -9999 -9999 -9999 -9999 -9999 -9999 -9999 -9999 -9999 -9999 -9999 -9999 -9999 -9999 -9999 -9999 -9999 -9999 -9999 -9999 -15.2900567122781 -14.9118565404381 -16.0562777214993 -24.3035441007525 -31.2670891626903 -37.4339718496244 -40.9239274692757 -43.7369836366461 -40.5000654215638 -21.2199272276316 -7.62202521789374 -5.88966979232642 -2.39524837324936 -2.05223502757943 -3.26224923435118 -4.08266119540885 -4.99805071648034 -5.30994786016362 -5.18448945931224 -5.09862994536808 -4.8060117361577 -4.26880250756982 -3.91861833170108 -3.64167894806416 -3.4961575027516 -3.34477699614021 -3.00547086360642 -2.69560275149348 -2.33155927564087
-9999 -9999 -9999 -9999 -9999 -9999 -9999 -9999 -9999 -9999 -9999 -9999 -9999 -9999 -9999 -9999 -9999 -9999 -9999 -9999 -9999 -9999 -9999 -9999 -9999 -9999 -14.4289886517301 -14.4144742614702 -13.6586065092668 -14.8692725459538 -21.100568334368 -25.8471169551275 -31.1022617536531 -32.900491594725 -35.5981659267111 -34.851516703067 -15.4456205093623 -7.49499894542227 -5.55632061029595 -2.21199371274846 -2.71301084748935 -4.04603900784825 -4.63498452189006 -5.09904067142292 -5.3852359756957 -5.34823408485139 -5.11201589235119 -4.81558198819181 -4.38068471409839 -4.1433329735608 -3.95073478194404 -3.72440041516107 -3.58736148956784 -3.26888302082158 -2.97001074998602 -2.71232177112695
-9999 -9999 -9999 -9999 -9999 -9999 -9999 -9999 -9999 -9999 -9999 -9999 -9999 -9999 -9999 -9999 -9999 -9999 -9999 -9999 -9999 -9999 -9999 -9999 -9999 -9999 -13.5736385803725 -13.0773436580556 -11.4486654750328 -12.8384706587231 -16.283223147328 -20.4114118100988 -25.243794003012 -25.3201300546997 -24.9860463539533 -21.2719431552944 -10.6786951504292 -5.43952024800501 -4.03354852820854 -2.58254070356893 -3.32703985266037 -4.59828795685248 -5.11669574722893 -5.53043023882732 -5.6815037907789 -5.59277314079753 -5.32183858266823 -4.97933377616094 -4.56935216720986 -4.37295933689964 -4.24135500268436 -4.0423089437621 -3.77782608015849 -3.45963568645731 -3.19776486992016 -3.01032406830438
-9999 -9999 -9999 -9999 -9999 -9999 -9999 -9999 -9999 -9999 -9999 -9999 -9999 -9999 -9999 -9999 -9999 -9999 -9999 -9999 -9999 -9999 -9999 -9999 -9999 -9999 -12.1981958498628 -10.5215587311899 -10.6937030153111 -11.7565776332708 -12.7513155544305 -15.3836722220368 -20.5373097885075 -18.6131501295178 -15.7101380752681 -11.959222695532 -5.78838023958461 -4.09480974991173 -3.32731260133805 -3.39373082849201 -4.40112813268481 -5.09268348216944 -5.40376207374167 -5.61526660864637 -5.7992060717283 -5.95949719446852 -5.49033994622334 -5.14895778890531 -4.76636859176917 -4.68650426347864 -4.53500288603306 -4.347257131623 -4.01912316975324 -3.70951631448932 -3.55296123181208 -3.3992936980125
-9999 -9999 -9999 -9999 -9999 -9999 -9999 -9999 -9999 -9999 -9999 -9999 -9999 -9999 -9999 -9999 -9999 -9999 -9999 -9999 -9999 -9999 -9999 -9999 -9999 -9999 -9.31044767240607 -10.8534542709774 -12.7749410887183 -12.4616112315334 -10.8977498745683 -11.245614860866 -11.6628864559717 -8.89830474438673 -6.51428574925774 -4.99423238822332 -3.66368549969442 -4.00099984922111 -3.72890228618467 -4.58701958921775 -5.160385749533 -5.55571333623257 -5.60279839598771 -5.67260189831419 -5.86311642326294 -5.92517812153864 -5.71128149090847 -5.49354732844577 -5.20442433430136 -5.17125597097911 -5.06134959474842 -4.77428998540218 -4.46630589633442 -4.17110413032888 -4.00239367859485 -3.87780987165588
-9999 -9999 -9999 -9999 -9999 -9999 -9999 -9999 -9999 -9999 -9999 -9999 -9999 -9999 -9999 -9999 -9999 -9999 -9999 -9999 -9999 -9999 -9999 -9999 -9999 -6.6458542983405 -7.15817266000025 -13.3092852217536 -16.5733599071215 -12.783664498012 -9.51147300732417 -7.36203983696678 -5.09157665216546 -2.75067064946428 -2.7786413676284 -4.75880246903393 -4.68066845218953 -4.08571024969104 -5.21482484286282 -5.79145504592349 -6.27925918927398 -6.08717658832108 -5.91301645473217 -5.83164551466454 -6.14114551169201 -6.31612058857122 -5.87842865107403 -5.83675743546312 -5.71866470555355 -5.81504917229699 -5.57269900982049 -5.27948861160509 -5.05227784625474 -4.80504261822823 -4.68906376358063 -4.54654252575401
-9999 -9999 -9999 -9999 -9999 -9999 -9999 -9999 -9999 -9999 -9999 -9999 -9999 -9999 -9999 -9999 -9999 -9999 -9999 -9999 -9999 -9999 -9999 -9999 -9999 -6.01324194600713 -6.95971270496353 -11.7080095103673 -14.4251686385499 -11.9491225878518 -7.77504801108091 -4.1868505374551 -1.3990681934308 -0.691269517301822 -2.36480865611748 -4.4958386659985 -6.08411193996675 -5.35742216038742 -6.25284084426176 -6.57318763204229 -6.6720942405641 -6.34576137056384 -6.17090736607918 -6.0626078724812 -6.30198654621273 -6.50890961007914 -6.28994203371567 -6.26366579463239 -6.15153877951763 -6.23520972889807 -6.11045148934913 -5.90653223787626 -5.73380028790147 -5.53593561964804 -5.45212488874358 -5.42102822364139
-9999 -9999 -9999 -9999 -9999 -9999 -9999 -9999 -9999 -9999 -9999 -9999 -9999 -9999 -9999 -9999 -9999 -9999 -9999 -9999 -9999 -9999 -9999 -9999 -9999 -5.2514382879913 -6.80728507553397 -10.7662894911924 -12.7529309399211 -10.298654523875 -6.46688152980618 -2.43088660300723 -0.730474030676237 -1.57735624073408 -3.72726459067486 -5.2710538874315 -6.79460007665848 -6.1156857759629 -6.39297320630654 -6.26578200693029 -6.62433478712766 -6.28434170116533 -6.20013659747203 -6.18221387174854 -6.47089779930368 -6.74538818060647 -6.58372228527655 -6.69934867570584 -6.65299547475084 -6.7851731430864 -6.73499040904952 -6.56625486212813 -6.46652860771864 -6.34171435426971 -6.34177324781534 -6.37720320201708
-9999 -9999 -9999 -9999 -9999 -9999 -9999 -9999 -9999 -9999 -9999 -9999 -9999 -9999 -9999 -9999 -9999 -9999 -9999 -9999 -9999 -9999 -9999 -9999 -9999 -4.40231187626801 -6.30133656116732 -10.128533992101 -11.6129989819276 -9.4032842142524 -5.12380676488661 -1.84776078234244 -1.99431295386126 -3.46747061888517 -5.47097254564938 -6.16177531987028 -7.00011373030463 -6.19495105347546 -5.82208731440454 -5.89909823423086 -6.02112113040353 -6.01742889183293 -6.10388116449851 -6.27112864470914 -6.68464290988079 -6.94168866488525 -6.99369465323456 -7.00345383805307 -6.90675033571841 -7.14796994517934 -7.37210729344633 -7.32683400598348 -7.25685966693776 -7.19046362239853 -7.25732581637709 -7.37539976933346
-9999 -9999 -9999 -9999 -9999 -9999 -9999 -9999 -9999 -9999 -9999 -9999 -9999 -9999 -9999 -9999 -9999 -9999 -9999 -9999 -9999 -9999 -9999 -9999 -9999 -3.84813704734567 -5.91552415553271 -10.1701434904422 -11.4559929173726 -8.8546658428045 -4.97621742356518 -2.35394339404438 -3.30674179310035 -5.4943083765601 -6.77522861831055 -6.70611198184132 -6.9962380987207 -5.89527646679687 -6.02188991514536 -6.33594452292098 -6.2760940917379 -6.20640405289814 -6.39386219255592 -6.70059488151277 -7.2637922269865 -7.49413379480966 -7.32309804125268 -7.29106698788193 -7.21814445059997 -7.63377021374847 -7.85759433769415 -8.04603935730248 -8.05637566249566 -8.07047614494149 -8.20296450409255 -8.38503954006612
-9999 -9999 -9999 -9999 -9999 -9999 -9999 -9999 -9999 -9999 -9999 -9999 -9999 -9999 -9999 -9999 -9999 -9999 -9999 -9999 -9999 -9999 -9999 -9999 -9999 -4.25116008697895 -6.33258371822961 -10.5126723022563 -11.4988305466513 -8.60727128075152 -4.39472734409263 -3.34355425249573 -4.48621102553075 -6.53374841685207 -7.38136213523512 -6.78450286951385 -6.77255335695783 -5.90331341623562 -5.75575316907663 -6.26265850542836 -6.85454224607546 -6.7359332381619 -7.19523102183098 -7.59824952276527 -7.72347879840567 -7.64250249737233 -7.6579963365486 -7.67809768979962 -7.60310323743749 -7.92698307546952 -8.26373428275229 -8.57876072457982 -8.84989853640938 -8.90172164586721 -9.07893713828411 -8.8932642118249
-9999 -9999 -9999 -9999 -9999 -9999 -9999 -9999 -9999 -9999 -9999 -9999 -9999 -9999 -9999 -9999 -9999 -9999 -9999 -9999 -9999 -9999 -9999 -9999 -9999 -4.29053072027312 -6.6264457158107 -11.341126262532 -12.1681398081662 -8.84629760273083 -4.73788732972092 -4.3223091488608 -5.58835247634628 -7.36511218172963 -7.97960653744778 -7.50653178550901 -7.01298622796993 -6.10142593639495 -5.8857299028625 -6.12892788456157 -6.81255803005231 -7.29890024345614 -7.88651408055386 -8.26120593201404 -8.16357407631111 -7.85758004768085 -7.82315560745074 -7.96714492480695 -7.97306665616064 -8.37429444762431 -8.54197673188793 -8.80953328377902 -9.2505675332187 -9.39951535353727 -9.11684993404543 -8.57172506640051
-9999 -9999 -9999 -9999 -9999 -9999 -9999 -9999 -9999 -9999 -9999 -9999 -9999 -9999 -9999 -9999 -9999 -9999 -9999 -9999 -9999 -9999 -9999 -9999 -9999 -4.48752694773431 -7.07591662161306 -12.317055192072 -13.1250094896166 -9.76968001754098 -5.6562646854099 -5.15190355382288 -6.37234490396562 -7.83812387848643 -8.35171106911481 -7.64689971835134 -7.02632931004395 -6.53215406656376 -6.25455995725485 -6.00034229295812 -6.34771909055429 -7.85283563697941 -8.23837160901386 -8.55282898454967 -8.40999589368498 -8.13023421839499 -8.15671091884584 -8.2405259065582 -8.25520680479442 -8.54810755969304 -8.84909130091616 -9.13351118129621 -9.42938040573753 -9.06627650842847 -8.73776872997905 -8.44692466901308
-9999 -9999 -9999 -9999 -9999 -9999 -9999 -9999 -9999 -9999 -9999 -9999 -9999 -9999 -9999 -9999 -9999 -9999 -9999 -9999 -9999 -9999 -9999 -9999 -9999 -4.73947123261846 -7.28340163601661 -13.1085180647319 -14.2234858134866 -10.6288196153282 -6.70400251074757 -6.13217850149104 -7.10619143648641 -8.48994398299018 -8.32254860882709 -7.59218021531604 -7.05986995409802 -6.67383920651782 -6.35645957820209 -5.97224373985313 -6.15198531828098 -7.93846166770799 -8.49657747741388 -8.77976819381607 -8.75431747781201 -8.52373431792395 -8.44972023797326 -8.55236300100306 -8.45714552214534 -8.75583252902653 -8.94804263186486 -9.1361331929976 -9.12847637101867 -8.74562396908484 -8.54363764902433 -8.29569340085482
-9999 -9999 -9999 -9999 -9999 -9999 -9999 -9999 -9999 -9999 -9999 -9999 -9999 -9999 -9999 -9999 -9999 -9999 -9999 -9999 -9999 -9999 -9999 -9999 -9999 -5.30584860333953 -8.01225013152765 -13.9053666433207 -15.3183192094636 -11.8010087340338 -7.78892804585804 -7.09966180972313 -7.65518465377997 -8.97916424873857 -8.2604466007161 -7.35689607751577 -7.07681159306723 -6.63419793443567 -6.32773843903559 -6.13088383655167 -6.16406697272824 -7.7142077478839 -8.68418024666621 -9.00252308249236 -9.10390294052977 -8.96828055298977 -8.86946178593312 -8.83142563560725 -8.70415450739465 -8.85550343231452 -8.86696416368492 -8.6655191978027 -8.71397095744958 -8.2270799357214 -8.11633038816617 -8.02815773409468
-9999 -9999 -9999 -9999 -9999 -9999 -9999 -9999 -9999 -9999 -9999 -9999 -9999 -9999 -9999 -9999 -9999 -9999 -9999 -9999 -9999 -9999 -9999 -9999 -8.55127476235222 -5.65902055236088 -8.90302758843119 -15.3812881658926 -17.0771057921263 -13.5163041889019 -9.16287939869583 -7.82582061849322 -8.12950291953399 -9.49869349050804 -8.96987548744512 -7.94819427351013 -7.65980923062132 -7.23745638002039 -6.91194485244016 -6.7220512188301 -6.80068765945813 -8.1329117227132 -8.88376757052847 -9.11510711458319 -9.2700648894648 -9.3038035635782 -9.28940326911841 -9.2245139514769 -8.99943503575009 -8.97312969094077 -8.52962100171474 -8.42978631130303 -8.41187462195672 -7.6471015463688 -7.0461702266579 -6.83541243435917
