meets/meet006/_saidas_enm/CCSM_Maxent_0k_T_nigriceps5.asc
NCOLS 154 
NROWS 168 
XLLCORNER -112 
YLLCORNER -55.5 
CELLSIZE 0.5 
NODATA_value -9999 
[rows 75 to 99 of 168, columns 55 to 109 of 154]
-9999 -9999 -9999 -9999 -9999 -9999 -9999 -9999 -9999 -9999 -9999 -9999 0.323368549346924 0.398664563894272 0.413259953260422 0.353355139493942 0.367695569992065 0.371645510196686 0.330018281936646 0.101205855607986 0.0256606321781874 0.0230834055691957 0.0194622669368982 0.0235328432172537 0.0302570294588804 0.0323400907218456 0.0294378511607647 0.028993085026741 0.0279093272984028 0.0349216908216476 0.0318650230765343 0.0315086580812931 0.0313629023730755 0.0339944362640381 0.0337276719510555 0.0339113660156727 0.0315751135349274 0.0324231386184692 0.0323930606245995 0.0328301973640919 0.0334517098963261 0.0343270115554333 0.0350354947149754 0.035847932100296 0.0298040118068457 0.0275933481752872 0.0274263732135296 0.0274658761918545 0.0274554789066315 0.0273100417107344 0.026640921831131 0.0263517033308744 0.0260236505419016 0.0259512811899185 0.0260542389005423
-9999 -9999 -9999 -9999 -9999 -9999 -9999 -9999 -9999 -9999 -9999 -9999 0.30033940076828 0.373382151126862 0.4207823574543 0.359921842813492 0.36496165394783 0.377857387065887 0.439192861318588 0.402583867311478 0.201302066445351 0.0249203965067863 0.0221482068300247 0.0262386538088322 0.031625222414732 0.0323967002332211 0.0311141945421696 0.0278216656297445 0.034331388771534 0.0321521870791912 0.0309165362268686 0.0276291631162167 0.030240174382925 0.0300579741597176 0.0305489301681519 0.0307062063366175 0.028867706656456 0.0293752662837505 0.030397292226553 0.0315283536911011 0.0321619026362896 0.0335063338279724 0.0335060656070709 0.0339946933090687 0.0349627062678337 0.0356890112161636 0.0272219628095627 0.0264608878642321 0.026113498955965 0.0259636901319027 0.0255312584340572 0.025172833353281 0.0251064579933882 0.0247405860573053 0.0244275256991386
-9999 -9999 -9999 -9999 -9999 -9999 -9999 -9999 -9999 -9999 -9999 -9999 -9999 0.348179072141647 0.389616161584854 0.503253161907196 0.590884864330292 0.544370830059052 0.468552201986313 0.469160914421082 0.342979431152344 0.210826307535172 0.0954456180334091 0.0223788637667894 0.0246304757893085 0.0325481034815311 0.0417210757732391 0.0399332940578461 0.0330436490476131 0.0299575515091419 0.0275954231619835 0.0263738725334406 0.0254957638680935 0.0249070208519697 0.0254129860550165 0.0266074165701866 0.025220176205039 0.025421841070056 0.0261130500584841 0.0276940856128931 0.0291192587465048 0.0303111895918846 0.0300309974700212 0.0302286893129349 0.0310838967561722 0.0321682132780552 0.0273409634828568 0.0243871863931417 0.0245855953544378 0.0246968995779753 0.0243215057998896 0.0240314584225416 0.0237150471657515 0.0238515697419643 0.0240989830344915
-9999 -9999 -9999 -9999 -9999 -9999 -9999 -9999 -9999 -9999 -9999 -9999 -9999 0.298848450183868 0.360173553228378 0.556784808635712 0.548757016658783 0.491707414388657 0.52203780412674 0.551876604557037 0.384480506181717 0.450105935335159 0.308740377426147 0.0910788923501968 0.0196100883185863 0.0478026121854782 0.0478203520178795 0.04137859120965 0.0358581729233265 0.0309099648147821 0.0305334869772196 0.0195255149155855 0.0182436648756266 0.0172506794333458 0.0206425655633211 0.0215171575546265 0.0225183926522732 0.0242404136806726 0.0242824964225292 0.0254886113107204 0.0247205793857574 0.0261783413589001 0.0268984977155924 0.0262833312153816 0.0271993521600962 0.029028320685029 0.0306537263095379 0.0238319728523493 0.0234801489859819 0.0236313510686159 0.0236724391579628 0.0235357731580734 0.0235319212079048 0.0239706765860319 0.026842974126339
-9999 -9999 -9999 -9999 -9999 -9999 -9999 -9999 -9999 -9999 -9999 -9999 -9999 -9999 0.309793621301651 0.519943177700043 0.53451019525528 0.537551939487457 0.519822895526886 0.353453934192657 0.365962713956833 0.383324176073074 0.385420441627502 0.298332750797272 0.0263348706066608 0.0438984557986259 0.0403416380286217 0.0461042150855064 0.0269427131861448 0.0221944097429514 0.0208661798387766 0.018541669473052 0.0178004745393991 0.0168025195598602 0.0148522146046162 0.0149177610874176 0.0183921083807945 0.0194449201226234 0.0207790024578571 0.021972244605422 0.0230995398014784 0.0245466977357864 0.0261228382587433 0.0260409098118544 0.0246649775654078 0.0266925040632486 0.0291159022599459 0.030884325504303 0.0228050444275141 0.0225166976451874 0.0230175275355577 0.0233013946563005 0.0253642275929451 0.0286924242973328 0.0320328585803509
-9999 -9999 -9999 -9999 -9999 -9999 -9999 -9999 -9999 -9999 -9999 -9999 -9999 -9999 0.397315859794617 0.491098910570145 0.508907735347748 0.526630580425262 0.311993777751923 0.304088145494461 0.334180951118469 0.427563339471817 0.396709769964218 0.489757359027863 0.29383173584938 0.149216890335083 0.0242572743445635 0.0296626351773739 0.0177518166601658 0.0188944786787033 0.0148419821634889 0.0135266780853271 0.0120655316859484 0.0144708743318915 0.0145656140521169 0.014470161870122 0.0128657668828964 0.0163035485893488 0.0172939281910658 0.0193019770085812 0.0204600635915995 0.0215345732867718 0.0232725087553263 0.0241325572133064 0.0255406349897385 0.0257153734564781 0.0286301169544458 0.0301790423691273 0.0224531106650829 0.0223401393741369 0.0231966394931078 0.0259422026574612 0.0287078246474266 0.0326505191624165 0.0361796505749226
-9999 -9999 -9999 -9999 -9999 -9999 -9999 -9999 -9999 -9999 -9999 -9999 -9999 -9999 -9999 0.475847214460373 0.493911027908325 0.579769909381866 0.312602490186691 0.170564115047455 0.2723388671875 0.424100399017334 0.386117875576019 0.511025190353394 0.608272612094879 0.529161214828491 0.389611154794693 0.149470970034599 0.0155075313523412 0.0173751730471849 0.0166418924927711 0.0169966910034418 0.0132852615788579 0.00819300394505262 0.0094440383836627 0.0125340623781085 0.0130057018250227 0.0119760986417532 0.0160727109760046 0.0165293775498867 0.0188143532723188 0.0200070738792419 0.0213890001177788 0.0227668285369873 0.0223172307014465 0.0250223353505135 0.0276557262986898 0.0289868377149105 0.0297921691089869 0.0233335047960281 0.0266301482915878 0.0294145997613668 0.0333963893353939 0.0370074510574341 0.039818961173296
-9999 -9999 -9999 -9999 -9999 -9999 -9999 -9999 -9999 -9999 -9999 -9999 -9999 -9999 -9999 0.441799998283386 0.472680002450943 0.384265691041946 0.388077110052109 0.163858219981194 0.157017469406128 0.442222237586975 0.522263407707214 0.555189788341522 0.420799612998962 0.569192945957184 0.568065404891968 0.538877904415131 0.220501258969307 0.018688540905714 0.0164896417409182 0.0154744768515229 0.0197649132460356 0.0152297457680106 0.00713908346369863 0.00851948373019695 0.0115072084590793 0.0120278000831604 0.0108065893873572 0.0154422661289573 0.0173423159867525 0.0190183650702238 0.0204814691096544 0.0219151210039854 0.0213982444256544 0.0237359497696161 0.0261162370443344 0.0280303042382002 0.0306220557540655 0.034280177205801 0.0328342318534851 0.0330522544682026 0.0359103232622147 0.0403844267129898 0.0431193187832832
-9999 -9999 -9999 -9999 -9999 -9999 -9999 -9999 -9999 -9999 -9999 -9999 -9999 -9999 -9999 -9999 0.319820374250412 0.357564032077789 0.471517205238342 0.426503330469131 0.132563367486 0.100742444396019 0.145260289311409 0.234470188617706 0.441811442375183 0.531477689743042 0.383937001228333 0.578887641429901 0.60583233833313 0.516035497188568 0.359667539596558 0.0816332623362541 0.0161613095551729 0.0211365930736065 0.0122174471616745 0.00661677867174149 0.0111353043466806 0.0110848266631365 0.0110368179157376 0.0139453699812293 0.0147436270490289 0.0167753417044878 0.0193512961268425 0.0209522228688002 0.0206089299172163 0.0226741600781679 0.0249443966895342 0.0283538196235895 0.0327713191509247 0.0376031212508678 0.0439046435058117 0.0498431660234928 0.0410311445593834 0.0436406582593918 0.046339713037014
-9999 -9999 -9999 -9999 -9999 -9999 -9999 -9999 -9999 -9999 -9999 -9999 -9999 -9999 -9999 -9999 0.0879842638969421 0.379919737577438 0.430887520313263 0.52871173620224 0.157129809260368 0.0538215264678001 0.0333956889808178 0.0224672481417656 0.0271048173308372 0.0704473704099655 0.0604702346026897 0.314097166061401 0.380890011787415 0.45532488822937 0.42191943526268 0.565406084060669 0.164370805025101 0.0201619956642389 0.0177243631333113 0.0126718450337648 0.0122790886089206 0.0112462798133492 0.0240499023348093 0.0146330911666155 0.0141297290101647 0.0139188608154655 0.0171035155653954 0.0201283637434244 0.0198536664247513 0.02178437076509 0.0244610346853733 0.0288922376930714 0.0346990749239922 0.0408844724297523 0.0487811900675297 0.0543741956353188 0.0594776123762131 0.0476860962808132 0.0485114827752113
-9999 -9999 -9999 -9999 -9999 -9999 -9999 -9999 -9999 -9999 -9999 -9999 -9999 -9999 -9999 -9999 0.014198194257915 0.156238943338394 0.40222555398941 0.342693984508514 0.37624591588974 0.0988777130842209 0.0484003350138664 0.0248853210359812 0.0153735717758536 0.02105169929564 0.0291690044105053 0.0753144174814224 0.13850799202919 0.408386319875717 0.382585465908051 0.401724517345428 0.447464406490326 0.0850457176566124 0.019182039424777 0.0213596951216459 0.0138047495856881 0.0132594713941216 0.0156823955476284 0.0157069340348244 0.0136781185865402 0.0126742077991366 0.0160527359694242 0.0197724737226963 0.0194079242646694 0.0211514607071877 0.0238779075443745 0.0285743176937103 0.0355858914554119 0.0419146381318569 0.0490559116005898 0.0561871007084846 0.058910459280014 0.0623143538832664 0.0475506111979485
-9999 -9999 -9999 -9999 -9999 -9999 -9999 -9999 -9999 -9999 -9999 -9999 -9999 -9999 -9999 -9999 -9999 0.0287707727402449 0.0581050142645836 0.397359609603882 0.346665292978287 0.286787569522858 0.119877554476261 0.0356600917875767 0.0253282096236944 0.0259906332939863 0.0200081542134285 0.0150443064048886 0.0149821452796459 0.0518851689994335 0.330582231283188 0.37014377117157 0.393528431653976 0.357121497392654 0.0786415189504623 0.022270267829299 0.0225204713642597 0.0223589725792408 0.0221935734152794 0.019177095964551 0.0156426727771759 0.0134423961862922 0.0175293814390898 0.0198938399553299 0.0192757081240416 0.0207834634929895 0.0227708555757999 0.0266073793172836 0.0333839543163776 0.0386323072016239 0.0438102595508099 0.0496301017701626 0.0499777235090733 0.0518318451941013 0.0532679855823517
-9999 -9999 -9999 -9999 -9999 -9999 -9999 -9999 -9999 -9999 -9999 -9999 -9999 -9999 -9999 -9999 -9999 -9999 0.0185639839619398 0.00872522406280041 0.146707639098167 0.402435511350632 0.342178732156754 0.235070198774338 0.0665802732110023 0.0355360582470894 0.0202136505395174 0.0144038833677769 0.0126361455768347 0.0269554927945137 0.110857233405113 0.417931020259857 0.37818831205368 0.401135683059692 0.450192421674728 0.220396637916565 0.0327318944036961 0.031448770314455 0.0245707165449858 0.0261593852192163 0.0248494222760201 0.0231096670031548 0.0226717367768288 0.0209141075611115 0.019524522125721 0.0204679314047098 0.0214912183582783 0.02467299439013 0.0310235805809498 0.0336120761930943 0.0374611914157867 0.0396452583372593 0.0427682846784592 0.0443020835518837 0.0463505797088146
-9999 -9999 -9999 -9999 -9999 -9999 -9999 -9999 -9999 -9999 -9999 -9999 -9999 -9999 -9999 -9999 -9999 -9999 -9999 -9999 0.00521471444517374 0.0538805983960629 0.176120892167091 0.37187859416008 0.369997769594193 0.131140783429146 0.0512958019971848 0.0225415676832199 0.0130790648981929 0.0189222302287817 0.0458758510649204 0.210025012493134 0.432460427284241 0.565717458724976 0.584865093231201 0.65199887752533 0.452178955078125 0.036581140011549 0.0341140665113926 0.0368919633328915 0.0316497422754765 0.0265330988913774 0.0229123011231422 0.0218239966779947 0.0198891498148441 0.0218542441725731 0.0222767051309347 0.0239813569933176 0.0259505603462458 0.0279948934912682 0.030620900914073 0.0311912298202515 0.0342466980218887 0.0366411805152893 0.0395919233560562
-9999 -9999 -9999 -9999 -9999 -9999 -9999 -9999 -9999 -9999 -9999 -9999 -9999 -9999 -9999 -9999 -9999 -9999 -9999 -9999 -9999 -9999 0.0475856401026249 0.163128241896629 0.435676753520966 0.378587186336517 0.129461407661438 0.0544463992118835 0.022356515750289 0.0160296335816383 0.0267809052020311 0.051106683909893 0.18192458152771 0.537332952022552 0.545517325401306 0.587900936603546 0.639592409133911 0.504821956157684 0.133582636713982 0.0482470914721489 0.0412607006728649 0.0319258533418179 0.0311740282922983 0.025615718215704 0.0240575149655342 0.021652003750205 0.0217997469007969 0.0221177320927382 0.0242960751056671 0.0256486069411039 0.027775090187788 0.0289074834436178 0.0309705510735512 0.0343327410519123 0.0373486429452896
-9999 -9999 -9999 -9999 -9999 -9999 -9999 -9999 -9999 -9999 -9999 -9999 -9999 -9999 -9999 -9999 -9999 -9999 -9999 -9999 -9999 -9999 -9999 -9999 0.288150101900101 0.428199142217636 0.369176149368286 0.356092125177383 0.0727209150791168 0.0314332619309425 0.0265287477523088 0.0289762690663338 0.0625895857810974 0.27356031537056 0.503029227256775 0.52964848279953 0.560886144638062 0.554176568984985 0.530945420265198 0.278577446937561 0.205843523144722 0.0455536656081676 0.0339596010744572 0.0290404800325632 0.0229390542954206 0.0206729453057051 0.0207751896232367 0.0216134283691645 0.0223023518919945 0.0230535697191954 0.0239530559629202 0.0255124308168888 0.028155280277133 0.0317052118480206 0.0347219333052635
-9999 -9999 -9999 -9999 -9999 -9999 -9999 -9999 -9999 -9999 -9999 -9999 -9999 -9999 -9999 -9999 -9999 -9999 -9999 -9999 -9999 -9999 -9999 -9999 -9999 -9999 0.413258820772171 0.366676151752472 0.371343702077866 0.099398598074913 0.0510299354791641 0.0356009788811207 0.0322058796882629 0.047538798302412 0.142666220664978 0.46194264292717 0.48607936501503 0.537279784679413 0.549256265163422 0.54076886177063 0.495176523923874 0.218733847141266 0.043962124735117 0.0300645548850298 0.0214865282177925 0.0195870734751225 0.0203481037169695 0.0208537932485342 0.021370192989707 0.0204451587051153 0.021080145612359 0.0218847468495369 0.0247389245778322 0.0283920038491488 0.0306937489658594
-9999 -9999 -9999 -9999 -9999 -9999 -9999 -9999 -9999 -9999 -9999 -9999 -9999 -9999 -9999 -9999 -9999 -9999 -9999 -9999 -9999 -9999 -9999 -9999 -9999 -9999 0.00753932818770409 0.148326978087425 0.424599379301071 0.34784722328186 0.184709966182709 0.0567313730716705 0.0294467341154814 0.0218884348869324 0.0581408515572548 0.153912380337715 0.331620007753372 0.506824135780334 0.528700947761536 0.546545326709747 0.550233006477356 0.627085149288177 0.192070305347443 0.0276009179651737 0.0200807489454746 0.018902326002717 0.020234240218997 0.0209972187876701 0.0211999677121639 0.0205411706119776 0.0190175082534552 0.0188437104225159 0.0208625737577677 0.0240697171539068 0.0261383932083845
-9999 -9999 -9999 -9999 -9999 -9999 -9999 -9999 -9999 -9999 -9999 -9999 -9999 -9999 -9999 -9999 -9999 -9999 -9999 -9999 -9999 -9999 -9999 -9999 -9999 -9999 -9999 -9999 0.0685989111661911 0.158711090683937 0.341485619544983 0.0970436707139015 0.0449123755097389 0.0248895604163408 0.0353812612593174 0.0628622472286224 0.0973707959055901 0.403125405311584 0.522030472755432 0.545813798904419 0.552575945854187 0.885576546192169 0.224562302231789 0.0280319172888994 0.0176074709743261 0.0177562106400728 0.0203551836311817 0.0206392779946327 0.0215472616255283 0.0212061814963818 0.0191027726978064 0.0179983898997307 0.0180817954242229 0.020054517313838 0.0219956990331411
-9999 -9999 -9999 -9999 -9999 -9999 -9999 -9999 -9999 -9999 -9999 -9999 -9999 -9999 -9999 -9999 -9999 -9999 -9999 -9999 -9999 -9999 -9999 -9999 -9999 -9999 -9999 -9999 0.00510779302567244 0.0477555468678474 0.281589210033417 0.244274958968163 0.0867706686258316 0.0769133940339088 0.0636269748210907 0.0538247264921665 0.082060381770134 0.198068231344223 0.347053647041321 0.371671080589294 0.472512751817703 0.540147125720978 0.609613120555878 0.0387196019291878 0.0202818643301725 0.0172361489385366 0.0186324678361416 0.0194250959903002 0.0198979116976261 0.0198756884783506 0.0188426524400711 0.0175543986260891 0.0169187672436237 0.0167883075773716 0.0177486333996058
-9999 -9999 -9999 -9999 -9999 -9999 -9999 -9999 -9999 -9999 -9999 -9999 -9999 -9999 -9999 -9999 -9999 -9999 -9999 -9999 -9999 -9999 -9999 -9999 -9999 -9999 -9999 -9999 -9999 0.00574861094355583 0.159638091921806 0.26789191365242 0.252684235572815 0.0854650512337685 0.0501181371510029 0.0954264253377914 0.209247887134552 0.248200252652168 0.338271290063858 0.368790507316589 0.466257870197296 0.611350774765015 0.618905663490295 0.117646083235741 0.0265905745327473 0.0186151694506407 0.0160179566591978 0.0175253562629223 0.0176983438432217 0.017825935035944 0.0182079877704382 0.0186684839427471 0.0165177527815104 0.01595114544034 0.0165208596736193
-9999 -9999 -9999 -9999 -9999 -9999 -9999 -9999 -9999 -9999 -9999 -9999 -9999 -9999 -9999 -9999 -9999 -9999 -9999 -9999 -9999 -9999 -9999 -9999 -9999 -9999 -9999 -9999 -9999 0.0050961971282959 0.165382638573647 0.287096381187439 0.372144937515259 0.0948368906974792 0.054603636264801 0.0661309435963631 0.182410418987274 0.292727917432785 0.401282250881195 0.433340102434158 0.437750101089478 0.596379399299622 0.617471933364868 0.167128786444664 0.0188373159617186 0.0217716731131077 0.0167039353400469 0.016443382948637 0.0163008328527212 0.0165471527725458 0.0179202724248171 0.0195883978158236 0.0173460841178894 0.0164305474609137 0.0170798748731613
-9999 -9999 -9999 -9999 -9999 -9999 -9999 -9999 -9999 -9999 -9999 -9999 -9999 -9999 -9999 -9999 -9999 -9999 -9999 -9999 -9999 -9999 -9999 -9999 -9999 -9999 -9999 -9999 -9999 0.00462491950020194 0.0588305220007896 0.333316385746002 0.398855596780777 0.0771741047501564 0.0406289994716644 0.0559806115925312 0.1670882999897 0.273049235343933 0.40427577495575 0.431541293859482 0.42141517996788 0.545377671718597 0.572952389717102 0.16668489575386 0.0247002094984055 0.0196945667266846 0.0181922800838947 0.0166289769113064 0.0157430544495583 0.0159094799309969 0.0183458998799324 0.0219147484749556 0.0186965595930815 0.0175895616412163 0.018729105591774
-9999 -9999 -9999 -9999 -9999 -9999 -9999 -9999 -9999 -9999 -9999 -9999 -9999 -9999 -9999 -9999 -9999 -9999 -9999 -9999 -9999 -9999 -9999 -9999 -9999 -9999 -9999 -9999 -9999 0.00481999665498734 0.213135749101639 0.403887391090393 0.392803996801376 0.0705899447202682 0.0263407062739134 0.0415398590266705 0.123743467032909 0.185696616768837 0.393288224935532 0.431313782930374 0.41719388961792 0.533332765102386 0.523104250431061 0.140638291835785 0.0203848425298929 0.0155938491225243 0.0152842830866575 0.0168053153902292 0.0190966371446848 0.0177948195487261 0.0192658621817827 0.0201978143304586 0.0202478878200054 0.0204430520534515 0.0224098414182663
-9999 -9999 -9999 -9999 -9999 -9999 -9999 -9999 -9999 -9999 -9999 -9999 -9999 -9999 -9999 -9999 -9999 -9999 -9999 -9999 -9999 -9999 -9999 -9999 -9999 -9999 -9999 -9999 -9999 0.0050522149540484 0.247651800513268 0.612745225429535 0.281882613897324 0.0583468340337276 0.021611001342535 0.0360524021089077 0.096112847328186 0.180846005678177 0.405386060476303 0.439904808998108 0.578984677791595 0.489089727401733 0.50165718793869 0.110277906060219 0.0151880048215389 0.0100039420649409 0.0129312332719564 0.0160586573183537 0.0193487592041492 0.0242261756211519 0.0208184793591499 0.0212431624531746 0.022923655807972 0.0242183711379766 0.0271851401776075
