meets/meet006/_saidas_enm/CCSM_Gower_0k_T_subalaris1.asc
NCOLS 154 
NROWS 168 
XLLCORNER -112 
YLLCORNER -55.5 
CELLSIZE 0.5 
NODATA_value -9999 
[rows 78 to 103 of 168, columns 59 to 117 of 154]
-9999 -9999 -9999 -9999 -9999 -9999 -9999 -9999 -9999 0.528938773541703 0.577256262369871 0.498767794317785 0.402690590348871 0.248231989405505 0.0149135221246985 0.0310578905729647 0.290762815515859 0.547977396098281 0.636227666048869 0.55056348138017 0.428451568059686 0.462088152132414 0.472016118040278 0.43297712192498 0.398695473558181 0.370280165865365 0.35585236151615 0.344953276895481 0.331620705887791 0.322971182579544 0.322525978798969 0.330678168705498 0.340777652201848 0.346624367573276 0.351392546307249 0.360444602778763 0.370212359294619 0.376353519536825 0.38112113016246 0.378936597371008 0.394898305596428 0.423062293522445 0.446438971666187 0.470502677426426 0.481981919963488 0.492078000490891 0.496672724386944 0.49541697771545 0.497494686255466 0.470927700762578 0.424669962017103 0.377893295539723 0.337303660163515 0.302861702372481 0.271130947457574 0.242989293055214 0.215687828737817 0.190867730792453 0.171304993245166
-9999 -9999 -9999 -9999 -9999 -9999 -9999 -9999 -9999 -9999 0.543663896421813 0.511910272766232 0.316997375691703 0.140385998118493 0 0 0.0791912807369649 0.226472487719775 0.369637885534817 0.570658338664368 0.538967049455035 0.498029707964363 0.478512050577731 0.437985996799823 0.386112481735601 0.348758108638721 0.336748326767554 0.326158446472298 0.313207388619349 0.30512351374053 0.303639921538785 0.309924904087974 0.320480521769332 0.325603518247219 0.331314444363571 0.340128344138489 0.350225935834072 0.356372396527076 0.353728499854712 0.351404527712109 0.371579066046253 0.408683982771683 0.446352664647398 0.477337906987985 0.497946877768605 0.512688811942528 0.517245086266229 0.512766272224688 0.505520541101257 0.498929348105343 0.493504176019317 0.458056108367443 0.421503575127001 0.3908654414054 0.361979212494975 0.335187398654763 0.308989927649364 0.284082743216118 0.266150707636051
-9999 -9999 -9999 -9999 -9999 -9999 -9999 -9999 -9999 -9999 0.49470781696773 0.526401643909316 0.202989062620177 0.0340355850224009 0 0 0 0 0 0.00335436200653927 0.126560494451471 0.271516552061128 0.512187740387942 0.452182887833758 0.382869171114709 0.317530153372663 0.308596439549148 0.306377357249089 0.274463519104836 0.282063933787564 0.280279124863645 0.285666132648616 0.298178292723548 0.298650402115036 0.307008377905031 0.317748971661415 0.33085978157916 0.343862128252912 0.340774078800399 0.332137798097523 0.356743399677555 0.404480182745 0.45489828662161 0.485284492805715 0.514846078374272 0.5159643737318 0.51011647610883 0.504314412491398 0.498750594207527 0.492047512852795 0.486455995762319 0.480939516737598 0.47604723456907 0.471059826825805 0.448480634795386 0.424498632071015 0.396762333846779 0.376089767295008 0.356628481017108
-9999 -9999 -9999 -9999 -9999 -9999 -9999 -9999 -9999 -9999 -9999 0.56332072796067 0.192115671185792 0.0234548810614593 0 0 0 0 0 0 0 0 0 0.109162499550519 0.428956903267352 0.319099717409278 0.295466921823816 0.243398048504681 0.248209738656302 0.240848321470512 0.238744428817173 0.255095262849071 0.260737033137373 0.260500978441629 0.263306729179642 0.277438901311651 0.301464140456288 0.325579765637585 0.332074738071946 0.338881016832573 0.366175691060049 0.404289411964921 0.447377713884779 0.482356803293919 0.510393495184521 0.507457123649941 0.501699353933781 0.496528614670623 0.49066692836302 0.485040013809862 0.480845306886927 0.475939188519075 0.47188874630796 0.468552315596671 0.465919937149016 0.457635773461664 0.447246412685577 0.428543013618398 0.403179831047307
-9999 -9999 -9999 -9999 -9999 -9999 -9999 -9999 -9999 -9999 -9999 0.492081190578303 0.177423193101623 0.128045603372801 0 0 0 0 0 0 0 0 0 0 0 0.159328805563909 0.443993136906149 0.248960363160756 0.25788167517924 0.231607715522522 0.208668159818238 0.225820486775222 0.224920830410321 0.217852221943294 0.21314878483558 0.228954990446577 0.261554711469023 0.305087779726036 0.317207075841622 0.340407700051796 0.372418664838146 0.403006893187974 0.440038140464605 0.47389237536345 0.499817817597728 0.501587158152953 0.495531427592524 0.490924997728611 0.486477226778943 0.48042050199325 0.476850304895172 0.472132153857395 0.469024488709898 0.46691222589448 0.464110298489492 0.462800727870612 0.443355234155964 0.408154801216506 0.379112645623494
-9999 -9999 -9999 -9999 -9999 -9999 -9999 -9999 -9999 -9999 -9999 -9999 0.540825247252715 0.512823783090133 0.0755284512519074 0 0 0 0 0 0 0 0 0 0 0 0 0.272350906453605 0.447947299304992 0.292660330285462 0.195208627959052 0.194703306954094 0.191975960847882 0.191015346458257 0.186487426421733 0.192023886467321 0.205537229548333 0.231480544470941 0.27532533945439 0.325672674075269 0.371629247055796 0.403634155807257 0.434418367331171 0.465713864997598 0.491580610278339 0.497622622207669 0.49207248300068 0.48701524067477 0.481990010291674 0.47748704396074 0.474247148571172 0.470573086323174 0.467564873938659 0.465152210340715 0.463188690202181 0.461995631187765 0.442712839971085 0.401744695646297 0.37164231070704
-9999 -9999 -9999 -9999 -9999 -9999 -9999 -9999 -9999 -9999 -9999 -9999 0.418941189179038 0.546393723939667 0.255082730379123 0 0 0 0 0 0 0 0 0 0 0 0 0 0.365918304923591 0.414502284204559 0.241160678797204 0.211387728521295 0.188497780037132 0.175682091039089 0.165435047082887 0.154828560980897 0.143509076189714 0.155049691470587 0.223395618591695 0.304889561045638 0.370219616878644 0.403358989692947 0.430825377506287 0.463640655875623 0.486375601680701 0.494645182604439 0.488258164749271 0.484144379958211 0.479681836259328 0.475298819880912 0.47244654128607 0.468749724409887 0.466494526410444 0.46469944697854 0.46269436309456 0.461605949798747 0.437081818292548 0.397122858779788 0.380045556209991
-9999 -9999 -9999 -9999 -9999 -9999 -9999 -9999 -9999 -9999 -9999 -9999 0.140125302812233 0.461057465647919 0.527026984284632 0.196090917252044 0 0 0 0 0 0 0 0 0 0 0 0 0.0456780958501815 0.587600401385643 0.40464130111035 0.303961527669228 0.236894037466654 0.20234281885268 0.162549840712648 0.130142873168382 0.103991880561539 0.0980028597323923 0.189654721306387 0.296259586345321 0.368080703186776 0.408429345252186 0.433579225866491 0.45353803074016 0.475937360863167 0.490307070453683 0.487691939251414 0.482624483819497 0.47822856175414 0.473481087650686 0.461572355209693 0.44641299775295 0.445059081960558 0.451181767319595 0.458950421605696 0.451251303780231 0.4301056751387 0.408797408442013 0.39136842408633
-9999 -9999 -9999 -9999 -9999 -9999 -9999 -9999 -9999 -9999 -9999 -9999 -9999 0.16790211420931 0.352601999391096 0.426314663324068 0.210604917838922 0 0 0 0 0 0 0 0 0 0 0 0 0.194585665439131 0.558635166176935 0.467779915954507 0.338387256832304 0.263099261695493 0.201358662053506 0.163211340380952 0.13514794739844 0.105255603474105 0.214224168471755 0.316369428501873 0.375828692532064 0.405279139066354 0.42045640613847 0.422060332207941 0.435376743373942 0.440063500820837 0.438767872943979 0.453330034915257 0.415739183881921 0.391815283902712 0.37854987182226 0.363894114002209 0.368877793272238 0.396622500201167 0.420180617945529 0.42874270085885 0.427330167648089 0.413235110033836 0.394744859534191
-9999 -9999 -9999 -9999 -9999 -9999 -9999 -9999 -9999 -9999 -9999 -9999 -9999 -9999 0.103680131350236 0.303638356391542 0.35949362698632 0.364117193103501 0.0379596002139814 0 0 0 0 0 0 0 0 0 0 0 0 0.394767125548844 0.506471638804626 0.386893605136208 0.307434243277761 0.249577300410985 0.250722680675552 0.2796367534031 0.306470896287028 0.350557841768693 0.376960046201751 0.381347359424489 0.3747755134103 0.371340602571154 0.357340367919686 0.346234236215039 0.338698352958484 0.314599753984093 0.30363172373546 0.280650968814465 0.276798631851958 0.289935926980444 0.310751200623119 0.360757800905796 0.411811379407722 0.434090114333167 0.42861704097545 0.413227437730724 0.390249511989256
-9999 -9999 -9999 -9999 -9999 -9999 -9999 -9999 -9999 -9999 -9999 -9999 -9999 -9999 -9999 -9999 0.23070184974291 0.20787149401699 0.355977540975331 0.156072814820701 0 0 0 0 0 0 0 0 0 0 0 0 0.350141435468855 0.540325873703472 0.424647557232995 0.350080897775245 0.345118704362579 0.38134860358175 0.362946273528576 0.366245571226231 0.369757412456039 0.353067000186408 0.341094844130501 0.335203145940828 0.308664964776942 0.287059759213871 0.266141277329334 0.226568168478482 0.223725212325379 0.208671943419773 0.21518478286138 0.243289164860518 0.270944139077375 0.337496428870984 0.404536999259937 0.428852186697852 0.419998348906736 0.4013015683017 0.37923104792287
-9999 -9999 -9999 -9999 -9999 -9999 -9999 -9999 -9999 -9999 -9999 -9999 -9999 -9999 -9999 -9999 -9999 -9999 0.28408452856369 0.362707171178466 0.292395767913291 0 0 0 0 0 0 0 0 0 0 0 0 0.123215445591387 0.578580814931242 0.445488980902493 0.420871125225599 0.371898399743342 0.356019260383844 0.357296646301952 0.336790997384861 0.334991474454974 0.326169376876732 0.321086108214958 0.314663444609926 0.287716214080129 0.248315679499272 0.212885614328838 0.200163884768904 0.200169349971121 0.209656941019288 0.222334528561317 0.2555810352461 0.315760899255053 0.379407096175356 0.412009200412283 0.396205500159059 0.378556092608567 0.394966526886261
-9999 -9999 -9999 -9999 -9999 -9999 -9999 -9999 -9999 -9999 -9999 -9999 -9999 -9999 -9999 -9999 -9999 -9999 -9999 -9999 0.385429436963654 0.385063316299249 0.0610679465867268 0 0 0 0 0 0 0 0 0 0 0 0.129774464680311 0.507801047456654 0.555253920169098 0.447095273143194 0.381514698576146 0.343815043433814 0.318086973398509 0.312256863833816 0.315927587922662 0.317606456003611 0.312379200283436 0.288409243761222 0.246885057719012 0.210559540185382 0.199869604649544 0.200604884547774 0.204667631795624 0.210980570956152 0.231359469221833 0.275385456678774 0.334567711083096 0.376437085432882 0.392349442086934 0.409937678572074 0.456776589134801
-9999 -9999 -9999 -9999 -9999 -9999 -9999 -9999 -9999 -9999 -9999 -9999 -9999 -9999 -9999 -9999 -9999 -9999 -9999 -9999 -9999 -9999 0.373221324497308 0.292455780037632 0 0 0 0 0 0 0 0 0 0 0 0.0497621827921237 0.574328540339167 0.591349902050169 0.447347649591504 0.356586380213868 0.290182281480366 0.29422758212114 0.307969202494741 0.309689690192571 0.302162425139512 0.279087080180152 0.24132085126217 0.206017957143316 0.196463102067867 0.199570489928223 0.198851185236473 0.192752439962822 0.198916557462988 0.23012223152001 0.266385319628318 0.327346287154087 0.406443670263012 0.474786133033088 0.47458854221112
-9999 -9999 -9999 -9999 -9999 -9999 -9999 -9999 -9999 -9999 -9999 -9999 -9999 -9999 -9999 -9999 -9999 -9999 -9999 -9999 -9999 -9999 0.227602171289856 0.321809568107281 0.280265961793442 0 0 0 0 0 0 0 0 0 0 0 0.403264941241664 0.684183122945954 0.546978876834362 0.38247892045372 0.277105734176518 0.275483620118589 0.305148527550675 0.310742792619709 0.304743471986385 0.282117534809305 0.244002583949881 0.210064308784516 0.197123550735745 0.195735389372706 0.192160096122567 0.18629299134287 0.188201187716834 0.208885716906479 0.245593167995021 0.319097615408425 0.419071037027915 0.475429563433321 0.467510678361823
-9999 -9999 -9999 -9999 -9999 -9999 -9999 -9999 -9999 -9999 -9999 -9999 -9999 -9999 -9999 -9999 -9999 -9999 -9999 -9999 -9999 -9999 -9999 -9999 0.266247488038764 0.344124852794608 0 0 0 0 0 0 0 0 0 0 0.337686870636818 0.699808034389714 0.659067933111197 0.407456414273781 0.254153356267034 0.268531462498794 0.307325149433513 0.303475124671943 0.311789799244375 0.291098333451916 0.244437908326448 0.212814776900106 0.194557848495096 0.1902861623625 0.188145274494156 0.184694629894574 0.194368668418364 0.220033678428092 0.252997045598034 0.327524536826385 0.429066389106354 0.486268980198615 0.485509208125046
-9999 -9999 -9999 -9999 -9999 -9999 -9999 -9999 -9999 -9999 -9999 -9999 -9999 -9999 -9999 -9999 -9999 -9999 -9999 -9999 -9999 -9999 -9999 -9999 0.149103570820806 0.272031537539006 0.228879082650923 0 0 0 0 0 0 0 0 0 0.286371531736084 0.701920163334845 0.662162693327807 0.478888365541175 0.292767532328944 0.260717904929615 0.28287026131461 0.278254898042619 0.278907989707513 0.260530826853736 0.227951915639729 0.200150852363618 0.180335920926682 0.173637474809792 0.178079212811361 0.191202634734221 0.215046261005196 0.250018720590026 0.291595246453464 0.35521020025569 0.428976187704904 0.493482316709265 0.492398606950581
-9999 -9999 -9999 -9999 -9999 -9999 -9999 -9999 -9999 -9999 -9999 -9999 -9999 -9999 -9999 -9999 -9999 -9999 -9999 -9999 -9999 -9999 -9999 -9999 -9999 0.197382644195724 0.385469317476138 0.0720431236382585 0 0 0 0 0 0 0 0 0.24655460189839 0.640056692984123 0.662082316534992 0.549122235973979 0.333982303845655 0.272851704851084 0.244655675614774 0.23857080354675 0.229305604188786 0.213757524282484 0.200146017761657 0.177995132777258 0.167165203984639 0.154422664616265 0.168198127203593 0.202884924872558 0.242364704885557 0.296227215532191 0.344893580071268 0.392129640970755 0.427634986177129 0.456464697656946 0.498701306551556
-9999 -9999 -9999 -9999 -9999 -9999 -9999 -9999 -9999 -9999 -9999 -9999 -9999 -9999 -9999 -9999 -9999 -9999 -9999 -9999 -9999 -9999 -9999 -9999 -9999 0.106205527273915 0.368604261303748 0.164396107596629 0 0 0 0 0 0 0 0 0.176559809879852 0.557238789708033 0.649231379672545 0.600821148621436 0.377226088496145 0.291667555282793 0.259819930165396 0.213962259165525 0.18592556159384 0.171058950363943 0.180835776729423 0.182986544001775 0.171745043442222 0.156916478427756 0.178456521964398 0.226632279504485 0.287493191789671 0.35720457866461 0.4118926643488 0.444736146456603 0.444623865524575 0.436640875324512 0.453375029095669
-9999 -9999 -9999 -9999 -9999 -9999 -9999 -9999 -9999 -9999 -9999 -9999 -9999 -9999 -9999 -9999 -9999 -9999 -9999 -9999 -9999 -9999 -9999 -9999 -9999 0.0442530676679421 0.356775426263025 0.223618089817065 0 0 0 0 0 0 0 0 0.115095603211945 0.502802552391967 0.6407486226381 0.614087270426043 0.39111420128592 0.313000551735456 0.278921022112799 0.215892106148271 0.16077785399393 0.144898498753264 0.177333212708784 0.208197732027433 0.186831944361469 0.169772525842169 0.202008390517036 0.26706153330259 0.337618765320604 0.417940305436858 0.485990492400176 0.505250046806446 0.465200522302899 0.42303409262452 0.435862271484386
-9999 -9999 -9999 -9999 -9999 -9999 -9999 -9999 -9999 -9999 -9999 -9999 -9999 -9999 -9999 -9999 -9999 -9999 -9999 -9999 -9999 -9999 -9999 -9999 -9999 0.0570403791965846 0.365365413614027 0.162565054653954 0 0 0 0 0 0 0 0 0.0444780380618625 0.479449008858486 0.609520219647026 0.60779141185398 0.389382334378069 0.317056362380493 0.292891550379245 0.237991071711611 0.197473113477527 0.178846232922464 0.188653117900137 0.202096043952588 0.20629079685398 0.214168045048991 0.257124324272058 0.324877276952656 0.399379137973313 0.47077407414191 0.519305819729089 0.533242358073641 0.502755733059617 0.46164741368338 0.449479351148014
-9999 -9999 -9999 -9999 -9999 -9999 -9999 -9999 -9999 -9999 -9999 -9999 -9999 -9999 -9999 -9999 -9999 -9999 -9999 -9999 -9999 -9999 -9999 -9999 -9999 0.0583180217683502 0.387210858200605 0.0866908114793608 0 0 0 0 0 0 0 0 0.0125698182421001 0.502166910810323 0.589956885464926 0.573092681069364 0.363827551588725 0.323006285993782 0.304204939367956 0.264712757549927 0.234722460385862 0.217985488797347 0.212173876840157 0.210140611415464 0.24049560572745 0.265839430006905 0.317528892172151 0.389740859028892 0.462260766169994 0.518065616501738 0.556633400836724 0.561546703770487 0.543031864617238 0.50783230372408 0.4967226270234
-9999 -9999 -9999 -9999 -9999 -9999 -9999 -9999 -9999 -9999 -9999 -9999 -9999 -9999 -9999 -9999 -9999 -9999 -9999 -9999 -9999 -9999 -9999 -9999 -9999 0.0718254053782692 0.413896696850652 0 0 0 0 0 0 0 0 0 0.0150451992885041 0.515818391134725 0.590370553292572 0.556952859517647 0.363913605799304 0.325875937557713 0.325406140367163 0.283698029250353 0.244232753043237 0.232749101985468 0.252052826815059 0.280951554936383 0.294249232729921 0.32056880580514 0.372360604165948 0.440001122525266 0.512014103755353 0.560584707952887 0.58338004370594 0.579389028235983 0.573169296156503 0.568381646048559 0.562718370485847
-9999 -9999 -9999 -9999 -9999 -9999 -9999 -9999 -9999 -9999 -9999 -9999 -9999 -9999 -9999 -9999 -9999 -9999 -9999 -9999 -9999 -9999 -9999 -9999 -9999 0.0374666810217422 0.406678296166284 0 0 0 0 0 0 0 0 0 0.0583900296842023 0.586379394957627 0.599109619754677 0.536263921807295 0.360075071028881 0.350669037613794 0.354861688514333 0.310689401798054 0.262837352389263 0.255208560695025 0.295001749035142 0.338065860901946 0.335987612659008 0.353560970386762 0.398764731645732 0.459663374846222 0.545416556179063 0.585650619314215 0.606833718031149 0.603199241803235 0.598381286354498 0.591263353452032 0.58897530022219
-9999 -9999 -9999 -9999 -9999 -9999 -9999 -9999 -9999 -9999 -9999 -9999 -9999 -9999 -9999 -9999 -9999 -9999 -9999 -9999 -9999 -9999 -9999 -9999 0 0 0.385543413293976 0 0 0 0 0 0 0 0 0 0.131963597528579 0.620815656235812 0.602715989128098 0.541650952316599 0.387909459540131 0.382059639456633 0.398716624231625 0.363240516720894 0.322776747500681 0.313733099032577 0.336759046971902 0.358120840836246 0.35842247795859 0.353030635571658 0.3891735233177 0.454780074638528 0.521688261581894 0.585777071708748 0.628340061866888 0.625369385302465 0.619339049920608 0.615602104532234 0.610317780812517
-9999 -9999 -9999 -9999 -9999 -9999 -9999 -9999 -9999 -9999 -9999 -9999 -9999 -9999 -9999 -9999 -9999 -9999 -9999 -9999 -9999 -9999 -9999 -9999 0 0 0.301506403233802 0 0 0 0 0 0 0 0 0 0.216837160891443 0.613347869588811 0.596065018233902 0.557187442812794 0.423586705808119 0.434116497284408 0.452984397802093 0.421921193954209 0.386415226669205 0.373984022032514 0.384958733235208 0.394845014193732 0.388955173718327 0.371012767132778 0.398894124000916 0.458732404349701 0.517376796503434 0.588415452049145 0.643795192592249 0.653562602878607 0.650714669521841 0.647224207964598 0.647408500170805
