meets/meet006/_saidas_enm/CCSM_SVM_0k_S_lineola4.asc
NCOLS 154 
NROWS 168 
XLLCORNER -112 
YLLCORNER -55.5 
CELLSIZE 0.5 
NODATA_value -9999 
[rows 48 to 71 of 168, columns 56 to 111 of 154]
-9999 -9999 -9999 -9999 -9999 -9999 -9999 -9999 -9999 -9999 -9999 -9999 -9999 0.297218868365695 0.336897934579978 0.461519912582229 0.52355307962697 0.425104016223747 0.432281392846882 0.527288872536514 0.784222129143961 0.882537719495003 0.893222823117344 0.906788072191 0.944507079027582 0.961229732085399 1.05874320241191 1.11112973721 1.09509287602356 0.99017631502164 0.890541408476931 0.927055111161031 0.949669221743856 0.831519950684153 0.614093012843227 0.554057439695462 0.621420911781933 0.696591686842268 0.735982679161643 0.749059471056104 0.763188373241183 0.732479915184123 0.719529773852612 0.691760449386307 0.643682697896782 0.628506786889855 0.489968499657506 0.431813023660743 0.37629885506947 0.287746639271074 0.2793009414374 0.150122309491578 0.0603976461691366 0.00574798367632512 -0.0319246371005695 -0.0423770809607015
-9999 -9999 -9999 -9999 -9999 -9999 -9999 -9999 -9999 -9999 -9999 -9999 -9999 0.310395036875902 0.396741880407196 0.46757185164609 0.444097688209405 0.342790680532466 0.30013539140816 0.337714592947064 0.568090791027616 0.711146449141373 0.784365352373903 0.780700361502435 0.807626993051817 0.845231973846003 0.84345493829956 0.797376135418604 0.697829302126086 0.592781088626061 0.543294359297328 0.55601911889656 0.600559251667817 0.589668766159264 0.465646433661272 0.435102118469989 0.503233455380034 0.588518154605587 0.667187362918488 0.689458367429403 0.678694665460354 0.67886836805838 0.646573658632505 0.598831891727431 0.541432365635958 0.466147523410826 0.383083874990635 0.321786934556112 0.269420275836358 0.223591109711503 0.187195635541908 0.112690811707815 0.0650446549114755 0.0288851114997047 -0.0183945742540793 -0.0391867264491426
-9999 -9999 -9999 -9999 -9999 -9999 -9999 -9999 -9999 -9999 -9999 -9999 -9999 0.376630795442136 0.513377109552591 0.484442658426198 0.397580024820687 0.27017037873925 0.207035939463582 0.18976591240875 0.347664621128693 0.423909519974815 0.503178983691312 0.488153461457099 0.493823055231451 0.486582559042366 0.4058008735749 0.394515353104186 0.417129229777521 0.476412102503506 0.512575453080054 0.45837164284448 0.38713284882617 0.339024164616994 0.25803873318332 0.194220993902919 0.314539679919239 0.416147340640579 0.493958898694251 0.53194218468165 0.463224633016501 0.531221340813212 0.504526974234478 0.476896324253358 0.462239273243731 0.390203706237458 0.387363633773837 0.329707650886036 0.284399375637091 0.255543339647341 0.201697092188245 0.0915712802643565 0.0535359574626251 0.0168735414101889 -0.0302394413671748 -0.0288073493493977
-9999 -9999 -9999 -9999 -9999 -9999 -9999 -9999 -9999 -9999 -9999 -9999 -9999 0.512032328347311 0.580726282932945 0.552807477421706 0.377847503174748 0.249661194277274 0.177991613437815 0.182965834427937 0.200811649313874 0.21569520310958 0.23781900009648 0.24371993794631 0.270863599515131 0.32018538954747 0.38582435629248 0.473804809781678 0.575730249222609 0.659612048746866 0.665702564788882 0.575701478219482 0.444820645555218 0.343811584176194 0.259074394253184 0.199621095156875 0.236651272261352 0.305498480768711 0.384230906675785 0.445590960673145 0.443408444647584 0.461862366690939 0.438734725572558 0.432937217028211 0.451619445747774 0.437227630225221 0.428830812852564 0.388234325956026 0.325404762784345 0.224091136077799 0.119083807034447 0.0445568487440317 -0.00285542594799515 -0.0318984694657566 -0.040213997070891 -0.0204815196132878
-9999 -9999 -9999 -9999 -9999 -9999 -9999 -9999 -9999 -9999 -9999 0.410707032472328 0.486573737274222 0.519108053074446 0.517764542657925 0.567137965421233 0.434090914194299 0.25342351915919 0.215986335982179 0.211985888226314 0.223555541042657 0.24451783258023 0.272551012718825 0.315183599147678 0.388127938618543 0.458472049896347 0.57382690630434 0.686609104993219 0.780599400087137 0.819088421199511 0.795518567672047 0.712605706099786 0.543638835628956 0.382488507982667 0.263556052127999 0.220596591898829 0.239984202537224 0.294356748041413 0.343085108439109 0.425392523398277 0.465183578517741 0.469602432768038 0.443946743624768 0.443931353821348 0.469698600782563 0.464635527552818 0.445493502489078 0.404849688657068 0.301682168255664 0.132987221511634 0.0487361932851498 -0.00454161251622959 -0.0574044406017089 -0.0737846828573323 -0.0458417541866879 0.00641317550744652
-9999 -9999 -9999 -9999 -9999 -9999 -9999 -9999 -9999 -9999 0.391398592173241 0.45584475048831 0.447343393175426 0.422490833695704 0.514505687947061 0.629245375321402 0.605909914853032 0.389952579939252 0.281496097316943 0.281594608303693 0.300337987456269 0.359420637471997 0.433952706297187 0.509445587430263 0.596454866460794 0.694735742927435 0.80188788365045 0.885019546459717 0.909109915585113 0.886063667155446 0.852118566139049 0.800883296438695 0.631769379261673 0.425343333790315 0.281216194246327 0.20744013875517 0.224369821503942 0.279275019445662 0.31882361036756 0.367098295398054 0.451166568104937 0.463191979907433 0.456870422150061 0.453015592895672 0.449049670559738 0.421603643832967 0.343781715482172 0.244509458840771 0.132491446728027 0.0606419062963574 0.00640410995570756 -0.0320859500226878 -0.0732737852762314 -0.0720686382751679 -0.0138054547229954 0.0776707351148223
-9999 -9999 -9999 -9999 -9999 -9999 -9999 -9999 -9999 -9999 0.419633268076473 0.393365411964577 0.298943840734442 0.299603122622051 0.410079708499952 0.609627350461752 0.745620202299837 0.566968973377674 0.436908527474669 0.440969236341971 0.460305032241078 0.55547970481919 0.652512898232979 0.741534143872662 0.83706771840137 0.909359007919377 0.959845448001459 0.950007664107283 0.932916548186475 0.921432269549689 0.889011877061003 0.868649405237096 0.723823580173907 0.491063504003213 0.31175881306157 0.206885017627654 0.206674934261372 0.245347350084972 0.288052396521182 0.296811599789347 0.333250015742655 0.352663333956873 0.368358345297865 0.346784898014775 0.290829352765901 0.2384720606557 0.136862651261177 0.0889506234591897 0.0759759444301188 0.0467523421104681 0.0178520780615849 -0.00488874130505479 -0.0285684964823963 -0.028107578450198 0.040037490065469 0.143017336917484
-9999 -9999 -9999 -9999 -9999 -9999 -9999 -9999 0.443890494808388 0.382286701037029 0.290236744061277 0.235561383659741 0.183506118999769 0.194225670174846 0.360880417771583 0.554419895343097 0.728550025846848 0.709290660585128 0.61788828656745 0.655865227427176 0.73009095476223 0.784638802316588 0.839222607067895 0.903773653063136 0.962184522287282 0.953365925111503 0.936205476372433 0.904967830584526 0.885994196458741 0.881552218257254 0.858638329543931 0.839405451997702 0.800242691629274 0.587348070124305 0.369048319172558 0.239679082033253 0.206694159575215 0.227402339070437 0.249052366919927 0.25741179520961 0.257087042658217 0.229893107872919 0.221367821617008 0.187336114519353 0.148372819707249 0.162749396208081 0.178757603940191 0.185014495572163 0.165570680757894 0.128179607363697 0.0885567524987607 0.0572900463834293 0.0534808715717315 0.0402003256526633 0.0640658445199035 0.14582166728555
-9999 -9999 -9999 -9999 -9999 -9999 -9999 -9999 0.402718036857756 0.269385209310841 0.138889310364784 0.113496731494214 0.0927545994715416 0.158849654635638 0.320018286575112 0.493308741787947 0.613066433156727 0.693815718953089 0.680078811481885 0.736794183390089 0.804428726565544 0.825134358734133 0.84492993971346 0.83051704999708 0.821876102220187 0.808079653215173 0.783500240456702 0.768455012717063 0.749340991315564 0.726912962454275 0.705939807300979 0.694519292643425 0.686465437854879 0.686081464728039 0.467949067931842 0.308800728932755 0.232927533986473 0.208096964617551 0.212494896022075 0.21093353866877 0.217115559825148 0.208089153278739 0.202572229965359 0.205987498596243 0.217850265808445 0.234580520995241 0.226980039838631 0.214153121058184 0.186784788457288 0.145839902000715 0.113690017207412 0.0914161884470331 0.0855735258162951 0.0500753037861021 0.028051084166296 0.0917314626669749
-9999 -9999 -9999 -9999 -9999 -9999 -9999 0.394621596325731 0.377386697336059 0.232904698421617 0.286109984243543 0.212486014206717 0.0794243275265426 0.0924964661555376 0.257217093113911 0.42910972646274 0.511083163867131 0.558820514780167 0.538336683739065 0.598755594940512 0.654855681699889 0.657327696153806 0.657047550125717 0.645272772220486 0.644253033902719 0.643303190016067 0.623836428006554 0.594281755583128 0.582125461004763 0.583138336223203 0.590158377090791 0.580276413848999 0.577360612628156 0.576529771038602 0.563803725612396 0.408044928161456 0.311593527846521 0.25112444241738 0.230929678034729 0.236120725071325 0.242130213434607 0.247960738607244 0.252186695011995 0.250124418023848 0.247499467836683 0.245219660037874 0.233424193510624 0.218240587428341 0.200400507917703 0.181805240563582 0.158712014611082 0.142230315997573 0.110130779285839 0.0318033651839287 -0.0330433368823557 -0.00843879788694513
-9999 -9999 -9999 -9999 -9999 -9999 -9999 0.43928529402953 0.428757613299439 0.370325868810894 0.486119194869143 0.331093410455687 0.0537151872446746 0.0517227282911745 0.19433497102028 0.320753827086258 0.388921797210725 0.41621758217944 0.398722788898457 0.427042333835456 0.466274619247114 0.478600558634121 0.487988694255158 0.468069898880735 0.448324048023489 0.447140132359424 0.436702262272184 0.443687202216499 0.439444458333098 0.427314986723715 0.436211209935346 0.444120156520702 0.46553062219399 0.478737837733258 0.491694090031582 0.52491459708502 0.420467651521856 0.33831273867931 0.308691671411295 0.307788906027868 0.301291829406698 0.308369697431518 0.302826554217308 0.296618691918416 0.293587463175596 0.283611816176852 0.283577813034881 0.266037479729242 0.246882830279137 0.220531721239961 0.198067847626336 0.170818339764742 0.142801708281165 0.0537120924630672 -0.0392356349896441 -0.0409598769930294
-9999 -9999 -9999 -9999 -9999 -9999 0.414932979433032 0.597582161436299 0.57226400740059 0.498190210215067 0.571437609851693 0.377051882231505 0.0119644737254475 0.0513880440287049 0.150000183277976 0.239699362134934 0.248619236061217 0.261699851875254 0.261759912087351 0.298704117060119 0.343454751009658 0.345975085433108 0.339230471567683 0.327816980967029 0.331751912056014 0.33241173910965 0.332259081656193 0.323666103362936 0.319139668509797 0.330709515943361 0.334179310982541 0.348012057905572 0.359830761334635 0.372495427275231 0.398798901249297 0.412900479813915 0.423778797207878 0.420730587700146 0.422916387322948 0.417501650452947 0.394652556851029 0.365681051228537 0.329512585586629 0.295739772169464 0.271672045316396 0.252694997184903 0.242431497962493 0.229499428531907 0.212736684252196 0.192654038331136 0.16637803199534 0.134898246747571 0.0943257289301944 0.066665118907578 -0.00154355988686733 -0.0155140416216905
-9999 -9999 -9999 -9999 -9999 -9999 0.544868067963227 0.821725521899411 0.781907800414257 0.680833611367105 0.645225078638958 0.376163490082966 -0.00590218391823571 0.0225172702166656 0.0866350661250211 0.137949892289311 0.158044633114328 0.167192488446004 0.169494144276433 0.199079962679718 0.231614107537456 0.239184483453014 0.241615805932473 0.243200717165002 0.251051759699759 0.260032997340217 0.255006941517324 0.24689615461221 0.243534661674204 0.24583403427467 0.252459608143559 0.256888705792345 0.267344462264172 0.277831999768981 0.292124579287903 0.306371564726863 0.308093933535599 0.310358502589535 0.303581496132386 0.295664585441949 0.291768328465509 0.282671574963818 0.276022365553332 0.269692967103207 0.263434983782331 0.251380575017597 0.238802066314276 0.223024952321266 0.20082712187252 0.174745354649893 0.147951634570249 0.118447157116582 0.0906221010272742 0.0732079288084196 0.0562220230649037 0.0437854276996044
-9999 -9999 -9999 -9999 -9999 -9999 0.624759634376091 0.946988070010302 1.00508655657152 0.825364420245537 0.665889320464722 0.373013963052231 0.0117891808443184 0.00693662237327947 0.0513300318080928 0.10129066139317 0.106290456026664 0.119019887397408 0.134229066605608 0.167369756040319 0.201198970892599 0.213824711706583 0.222602504932226 0.234178276936898 0.243127691738811 0.248105885823122 0.236446539283998 0.219628717266053 0.203802447746102 0.209292713351987 0.210764728297547 0.215524598626807 0.218769281450454 0.225871519861511 0.239036141019329 0.250970888986938 0.260663467532389 0.267327537358157 0.272626077354105 0.277055609447223 0.282020743496867 0.278166004288967 0.282644935707665 0.278763065102563 0.27273764021602 0.267865026357589 0.242298636579255 0.224383162492311 0.202470522456061 0.175228881632034 0.154837780497221 0.143927877902105 0.145143727652053 0.132699512436868 0.10665605290384 0.10992392721784
-9999 -9999 -9999 -9999 -9999 -9999 -9999 1.03932694420658 1.15799267623347 0.93461128992397 0.665323657259765 0.37812525957707 0.0395634240389097 0.0102866852936103 0.0287035629247122 0.0551345793645398 0.0736394825671505 0.0968284998400696 0.125843450869312 0.162997332334562 0.200540743169788 0.227837325999333 0.248681408203874 0.266398810224922 0.273636488266636 0.267845200218867 0.251215437360259 0.225703384172627 0.202148686570018 0.197245912408449 0.200303048835547 0.201215013240521 0.201946388027638 0.206795924702723 0.216334189846308 0.231811945817313 0.249967427423094 0.266248438862582 0.28580133539273 0.303502543420182 0.310598200602531 0.315552406336089 0.306962678491623 0.292053088815454 0.285662085223993 0.273075199939043 0.260637815984963 0.246449702934308 0.230078828347734 0.21233084180649 0.206484182885204 0.209569203959534 0.217483240583854 0.208632852054826 0.186525923548851 0.181114852215794
-9999 -9999 -9999 -9999 -9999 -9999 -9999 -9999 1.22649502260943 0.922978999317013 0.608658398797625 0.369294164683034 0.0654199332391368 0.0259692106264984 0.0193359747562412 0.0294711046709926 0.0526827119491699 0.0867320441548198 0.125829776212328 0.165641179600762 0.209074844863135 0.242549873483699 0.280456372250648 0.303191321651283 0.301960195664607 0.300615958591441 0.27708860144003 0.253848685493181 0.232474256175683 0.214674336831862 0.225903972752759 0.218599791096113 0.217296566448043 0.222515917233131 0.234612981249781 0.254866024243005 0.270946274235074 0.296630159711411 0.31401003589568 0.336585436578074 0.351471666730033 0.337116752196915 0.316189812187806 0.290544922209822 0.27102198259374 0.244010523312096 0.24339385929718 0.250514414653574 0.25023036210208 0.245942118911614 0.265309780615892 0.274957243874071 0.297309279347094 0.302345403824056 0.269066731112256 0.268752218639409
-9999 -9999 -9999 -9999 -9999 -9999 1.04901145836228 1.15661071120022 1.12705037407373 0.824471135431793 0.570072043467453 0.308693251186645 0.0687455477826697 0.0302915178075632 0.00642076073507913 0.00320677637427591 0.0263654718848977 0.0720095734224985 0.117294019688678 0.15631353420103 0.199879151261412 0.243930955247354 0.286708340021402 0.316065354516855 0.326862880375204 0.327793875680794 0.317037687319385 0.301206118645559 0.28571995243749 0.267803390483103 0.257838129620541 0.257640537039808 0.256966048560879 0.264885002583919 0.279411420289756 0.298207674159335 0.323892662407874 0.348173400818593 0.36641335102603 0.403276494201141 0.411918447202015 0.393361200236588 0.348159394877032 0.296253548948974 0.255529259729062 0.225014722184684 0.223513798651156 0.237478950228617 0.246752542524897 0.254082500994588 0.272454581190491 0.301876587185002 0.340896408156758 0.378269302870226 0.397338113866877 0.413166295833239
-9999 -9999 -9999 -9999 -9999 0.971934872335101 1.12212606283321 1.04971540543906 0.908190494331287 0.703842742601846 0.502486491582726 0.24104548012771 0.0466258041683049 0.00475657671016017 -0.0377432956197081 -0.0395665069686409 -0.0183301946600305 0.0432121526596246 0.0915416742185111 0.118262609183208 0.162681833239503 0.204857191424695 0.262093758213417 0.300815056530896 0.313164557520756 0.330352778160188 0.3247376046473 0.330109575109233 0.328596887837058 0.309753081370779 0.305584740963939 0.299520771677034 0.301677034949444 0.313998357998794 0.324208381794798 0.350563070037876 0.385522974454731 0.422896647070458 0.445664332457138 0.463261615407821 0.458498777689351 0.408056188889066 0.353274223986547 0.286674116701903 0.231104338928158 0.184893168040252 0.189959694773582 0.210700183510259 0.2251421921182 0.231491404132275 0.237504042347652 0.289788285921293 0.338344304727086 0.405862123576158 0.476570857099478 0.551369223442128
-9999 -9999 -9999 -9999 -9999 1.16860293374118 1.07585142681952 0.936005898943134 0.750962393266222 0.547704171963114 0.324947025849014 0.14618757605728 0.0155443593597864 -0.0315352958394706 -0.076243698505143 -0.100771246225495 -0.0772197463606288 -0.0262141478084017 0.0206349290321413 0.0638960910768754 0.0999257989823906 0.14537771860919 0.198247268382735 0.238982590051634 0.269208783806266 0.288259914873338 0.298430057384045 0.307455788540536 0.317061207960508 0.32557541872016 0.335688786099606 0.341981738363704 0.352326844201567 0.371870095982047 0.395578608482654 0.423211050424656 0.449198799929997 0.467076571355015 0.477467574990093 0.484355265153234 0.4571625962566 0.403632443258363 0.334356859341795 0.265316207451077 0.212142138269903 0.176222057104001 0.167237067043147 0.179523577244805 0.192067925491469 0.208399217466256 0.239624956998174 0.276303786394021 0.333871056304003 0.406642008211452 0.478533217311104 0.554968042910592
-9999 -9999 -9999 -9999 -9999 -9999 1.1020355545362 0.852860400610111 0.635662649354475 0.401929279961524 0.233158104409612 0.152284605992195 0.0248720972541451 -0.0282640499344904 -0.0787157964233182 -0.129800603511481 -0.111572684626742 -0.0854147678637768 -0.0478308788072782 0.000450457015203465 0.0277140818989159 0.0836168871055019 0.122990399480714 0.166528685304798 0.209998553290664 0.230539203467559 0.252648278219916 0.258554763028343 0.278972700256402 0.306677523442242 0.329223547492892 0.355095903339136 0.371142764857077 0.399722770280231 0.431682503343571 0.46038554993325 0.476866464686963 0.478844045395699 0.476823878978465 0.477858420601706 0.445486688449376 0.391650931011528 0.31984228637438 0.252533385973191 0.210384578635419 0.165783719314768 0.153334287884097 0.15211600395893 0.15640719765513 0.171248804944232 0.21671170759376 0.244682849369567 0.301867005903704 0.366764654499098 0.419621673400435 0.474586402949628
-9999 -9999 -9999 -9999 -9999 -9999 0.985404025632313 0.813423619664978 0.528527350894248 0.391745959437898 0.301520371098164 0.233487836577074 0.118632948339413 0.0356613483946819 -0.0253377654422012 -0.0814862001549801 -0.110654044518233 -0.136050848822627 -0.129206098069181 -0.0667671192760475 0.00908239582227821 0.0329264139777522 0.0410243788020405 0.0724253708525885 0.132081203817971 0.18349833825115 0.186490050360922 0.180958052855663 0.200468456522122 0.245465570094803 0.296074610317068 0.316745830037472 0.337148015004021 0.368768196717762 0.403191907030988 0.437018892210283 0.44325293428466 0.438513155598959 0.435421920203176 0.435020129317933 0.426392475481028 0.377838850863832 0.320800568457091 0.264501635085113 0.221993689249213 0.18581589457783 0.157029585865727 0.135828124441694 0.121147329641237 0.110180171795936 0.118489098348198 0.170968452861337 0.235439300533353 0.28604218503057 0.314051154407284 0.338802670736287
-9999 -9999 -9999 -9999 -9999 -9999 0.726171210639122 0.8332066719452 0.618406470997536 0.472177202107735 0.45501847909091 0.374967884069697 0.256233203522804 0.141181500794789 0.048989153182798 -0.0302188335906753 -0.0978566941820018 -0.155141103506886 -0.163687430490031 -0.101559764725989 -0.00826224827762279 -0.00482572957682692 -0.0285640796038572 -0.00426481695134773 0.0690112940093539 0.131564750818467 0.12774911086937 0.101267682604911 0.119067154692309 0.179983658104413 0.236386311598866 0.259280549843381 0.266714232309464 0.299783254437192 0.344066471511258 0.379143501223209 0.392232004870575 0.378565459931833 0.379212734929412 0.394099583342372 0.389161372069304 0.370589112552674 0.32598804408081 0.279866257113667 0.250003366930141 0.211710496147844 0.179399040610779 0.137355672566687 0.107648562892317 0.0777539261057673 0.0541778828383093 0.12064477294048 0.181554770579994 0.216011931057437 0.219745304734486 0.205752198864002
-9999 -9999 -9999 -9999 -9999 -9999 -9999 -9999 0.693606995559711 0.651188472593615 0.671006583124277 0.551823187173714 0.333475900663694 0.23888550515428 0.141288632501974 0.0222526967821469 -0.0901288079756708 -0.154031842731442 -0.1661909358005 -0.128521097788629 -0.0379077533549401 -0.0487174934156165 -0.0846910200799296 -0.0694960995181826 -0.00638650027474119 0.0587210705794575 0.0554528255667178 0.0321204355995827 0.0424957717373511 0.0899325684147174 0.139009078723674 0.153290472157437 0.155974055348875 0.18329218317901 0.231394481614853 0.277432284141656 0.291404884430578 0.296824983127727 0.308504796940847 0.320836923884403 0.333881996149218 0.327132786933143 0.311287272476883 0.284796211219187 0.263621531799597 0.238628951356257 0.201253995415949 0.162096574637684 0.12345636646747 0.0844794161518988 0.0752210319035555 0.10105317941645 0.142448750928288 0.150098299961101 0.121063871680977 0.0836852357820504
-9999 -9999 -9999 -9999 -9999 -9999 -9999 -9999 0.828698708210374 0.854046255590146 0.887659805180276 0.729142506428971 0.402267455710213 0.312035631316845 0.232410511202307 0.0968927045587774 -0.0433933178708547 -0.145401770162788 -0.15969352014059 -0.122112124965951 -0.0509852973193397 -0.0699781710627192 -0.112125770540547 -0.101140525213149 -0.0413542590010232 0.0111292637672966 0.0120055585083194 -0.0118992237240685 -0.00526861132285972 0.0348299543539173 0.0623226408693563 0.072852675402403 0.0611540383610187 0.0826487908735261 0.134119004197195 0.173890169284236 0.199037687901373 0.206935151520933 0.227159161853448 0.253491512182628 0.269846678970247 0.279719607308929 0.276069194856147 0.274626754661722 0.279832423411097 0.262621613232651 0.222265457966564 0.167032337732045 0.113025476506865 0.0627434172103791 0.0329095857373206 0.0356895832387847 0.0536852846940197 0.0598281097480482 0.0458562610474858 0.0255897629342667
