meets/meet006/_saidas_enm/CCSM_SVM_0k_S_lineola5.asc
NCOLS 154 
NROWS 168 
XLLCORNER -112 
YLLCORNER -55.5 
CELLSIZE 0.5 
NODATA_value -9999 
[rows 50 to 74 of 168, columns 56 to 111 of 154]
-9999 -9999 -9999 -9999 -9999 -9999 -9999 -9999 -9999 -9999 -9999 -9999 -9999 0.328493041348509 0.468353227767017 0.452299317550568 0.347738822447941 0.125374956621087 0.0401674835190216 0.0394741092188974 0.181468860172649 0.231590152006125 0.299085821647935 0.285488214764576 0.333171651408641 0.375357180773932 0.351906385281721 0.39411751789065 0.420769910683947 0.459958840565989 0.481772358055222 0.440671621088622 0.387432741327919 0.310415861540648 0.111074848624218 0.0411591770123756 0.217850951444123 0.373532928339363 0.479253664209123 0.529875990453296 0.47371204784729 0.538258919739915 0.506523534367456 0.454881366426411 0.382161607358674 0.219032410637019 0.216882762406329 0.133179764351974 0.0646372921242243 0.0245260911884065 -0.0446844361565177 -0.144278067210669 -0.141886885322211 -0.134212609421752 -0.131853557587829 -0.0981551202084582
-9999 -9999 -9999 -9999 -9999 -9999 -9999 -9999 -9999 -9999 -9999 -9999 -9999 0.475871430718785 0.540696063595558 0.523706581727191 0.323056091166559 0.125204835000549 0.0311312425294299 0.0250012899116927 0.0311276611227806 0.032639419672457 0.0502453532358285 0.0787647671849563 0.165541627735928 0.279490857140298 0.386130432156193 0.476474779699244 0.556168587349327 0.623956922075749 0.628028346970334 0.536919817561219 0.42501261506997 0.338484742264464 0.165503211155682 0.0191237274016267 0.0925099612384025 0.241039700949382 0.348846189478066 0.429084930784026 0.439264949028258 0.456958279506907 0.427298460665123 0.39781832812676 0.371617446449967 0.311921089397128 0.27174887113066 0.2142101969105 0.126268264256353 0.00575684565077128 -0.104040965555522 -0.162872029982874 -0.167398779034537 -0.152759104026777 -0.127117033898794 -0.0779875318365167
-9999 -9999 -9999 -9999 -9999 -9999 -9999 -9999 -9999 -9999 -9999 0.389238296481144 0.480140184983 0.500931076107818 0.481885125379413 0.537155376081295 0.398202551826137 0.165640757519302 0.0891447161931924 0.0733579486505344 0.085129657994366 0.128162367652938 0.188071922428089 0.269513654492363 0.380194380734844 0.46437415987453 0.565714610617179 0.656321819237229 0.745663521946468 0.79710149472616 0.780446647590325 0.67810947934633 0.507989000223512 0.377141211169972 0.211482973864624 0.0477535234010387 0.0500810399276342 0.169063803086459 0.274029099782027 0.372259261956856 0.432318865456134 0.43462260811986 0.406234875032022 0.388476925991728 0.385365407886624 0.361635846210935 0.29900652349506 0.240432068626943 0.113540201255104 -0.0722502611650074 -0.149917437725335 -0.169284229961773 -0.18027346552457 -0.159678864746464 -0.111330980671706 -0.0314617242152955
-9999 -9999 -9999 -9999 -9999 -9999 -9999 -9999 -9999 -9999 0.37317801770554 0.453540700613851 0.413582842599632 0.368397398806325 0.484810754775435 0.611568787832806 0.588613058243836 0.351708821436156 0.208748152664678 0.198841961325491 0.226069014647046 0.316714001079288 0.418239240164393 0.504862066971748 0.587560051152106 0.670241724473837 0.763530420738923 0.852781920394246 0.897824645469147 0.890897243141951 0.85749186538433 0.780278724953447 0.591803874092755 0.417067012920053 0.248177615725649 0.0484272528812347 0.0108836013289678 0.0913704945013658 0.180101478273467 0.257683298998187 0.357802247021567 0.374566269086773 0.369424186574877 0.352633019142018 0.318997150836554 0.269449349044954 0.161799172443561 0.0457793455348049 -0.0803207922374142 -0.139119464980268 -0.153113580695559 -0.158078144592177 -0.163271082082457 -0.12936925602528 -0.0641495246650298 0.0484301267531352
-9999 -9999 -9999 -9999 -9999 -9999 -9999 -9999 -9999 -9999 0.410449936750345 0.328190903863807 0.185978562135911 0.219170107712447 0.38094852362216 0.605948720955267 0.73096516009556 0.548885577105991 0.413625929316069 0.41563900114204 0.438418944849155 0.541192946395216 0.632000852953983 0.710722723476059 0.794565057475075 0.86735544629236 0.935273178034232 0.949709893603999 0.936965116296838 0.919618858999181 0.894418980034402 0.858052945828116 0.684042452127377 0.477472687346344 0.294021355027456 0.0702662330533617 -0.00566983841666857 0.0178018392399868 0.0807761418606527 0.114677109822466 0.17387346239582 0.193615386786978 0.209886676733404 0.177110314217734 0.0998053852384138 0.0335866694690958 -0.0868240300043072 -0.123340966467874 -0.114719944136222 -0.119742931550908 -0.106621150065134 -0.109915046274049 -0.11144850125731 -0.0883498041640509 -0.027969038319327 0.0976713481606681
-9999 -9999 -9999 -9999 -9999 -9999 -9999 -9999 0.450919342492644 0.371411474384077 0.200431928931966 0.119782134245828 0.0570797738250294 0.105208778920369 0.331189300974687 0.557867780813116 0.721220644514884 0.6886226120768 0.596905040422831 0.631617762815454 0.69974810277785 0.74588628390435 0.79518577772172 0.857725127321204 0.92553434753242 0.921479237020672 0.90798705265839 0.875201297879562 0.856250275493204 0.853261923088657 0.828163016393798 0.804659287137145 0.760613965860335 0.566504166374155 0.365260680451003 0.150215955965381 0.0208744325231058 -0.00560645914138103 0.00574225489035618 0.0145589952974317 0.0165173523043212 -0.0105714712932986 -0.0196271237004062 -0.0556003508461073 -0.0993264824849388 -0.0820286659822285 -0.0603553102318338 -0.0394995219428423 -0.0355981638128317 -0.034680802954658 -0.0391770610591093 -0.0465426375411733 -0.0368990934810188 -0.0404330880099089 -0.0344059129412668 0.0744477551519411
-9999 -9999 -9999 -9999 -9999 -9999 -9999 -9999 0.405149822249892 0.194209188420592 0.0664661782880044 0.0236484354106271 -0.00786575066710304 0.0793477388226039 0.291587499668502 0.499719433110658 0.617130136168464 0.678556408367477 0.658449713093194 0.708552999253789 0.768915831042876 0.786652996240885 0.80377648833353 0.79236119211934 0.785152533673605 0.773883600197123 0.751233791733467 0.736356334797371 0.717666669693433 0.695858394821218 0.675805517498108 0.664917628836071 0.657350023138551 0.65735383583432 0.468965796386709 0.270524406868027 0.118418723320922 0.020915496667377 -0.00957822031829869 -0.02558354222786 -0.0251751328681774 -0.0339107284054984 -0.0402127848544809 -0.038674517452512 -0.0179899113619728 0.010483236548372 0.0335245794052703 0.0541290179067912 0.0649014557821232 0.0627786429873684 0.0539385466832831 0.0463991854603208 0.0450224871251295 -0.0110044509178743 -0.0743700747027253 0.00427802349757861
-9999 -9999 -9999 -9999 -9999 -9999 -9999 0.387155067905595 0.332842811557494 0.145017129954523 0.250076147445754 0.177217961290418 0.0168826025926833 0.0171909113933597 0.214194983311697 0.426846542689982 0.512570668806569 0.553885223793158 0.534329942038102 0.594822181162479 0.646902625621881 0.648793372437644 0.646795925293773 0.636415075630361 0.635000636669904 0.632984873445949 0.615364034466065 0.588981048750355 0.577117903390106 0.576881963613782 0.581641934493611 0.573356179218686 0.571764280851498 0.572999732614776 0.56221272058447 0.406194511351754 0.26905064345886 0.153140577062626 0.0970231862543776 0.091478118326579 0.0873845180003225 0.101267470503667 0.113059995162931 0.118172075732735 0.134376929760621 0.153889000936118 0.177429282937533 0.188895106525871 0.192676572111474 0.189636976121202 0.17459338180662 0.166168448095996 0.138138022792303 0.0195078600056198 -0.111921559900234 -0.0869621473468319
-9999 -9999 -9999 -9999 -9999 -9999 -9999 0.402490553800726 0.330447912947981 0.278289755371426 0.474132119244652 0.330972206123724 0.00275118509002925 -0.0408894599372401 0.123910895283651 0.289056366550055 0.365483660617893 0.401730988601378 0.385846513470235 0.421370329681576 0.469387459674931 0.485243812714686 0.497357207059772 0.478221669154298 0.457580752108623 0.457316572193662 0.446781829817194 0.454738614375885 0.449579938903627 0.434599247457036 0.44295211968273 0.450327771968843 0.473829806057914 0.487629626945372 0.500466451325871 0.532435508916687 0.424815238525621 0.323317504173324 0.279369165457405 0.278502462000833 0.271738394302063 0.293043889766887 0.295031275890737 0.298857207267422 0.306288600518835 0.298518011295831 0.299323044722259 0.280711527149058 0.262026180102373 0.237814510339928 0.221571794322559 0.2021787566758 0.18682684825611 0.0703828276264434 -0.094070808374876 -0.128671461663204
-9999 -9999 -9999 -9999 -9999 -9999 0.390240076909215 0.548373977409369 0.470116956099343 0.428180586970054 0.57519163791633 0.381847607157028 -0.0828518466085318 -0.0697459635020999 0.0542409351676031 0.181590166549211 0.19054872471439 0.205564111287673 0.205565016727835 0.254599707009983 0.319512097737723 0.328305822384346 0.323050957207661 0.308091330840713 0.314488357974901 0.314614680441984 0.317551132136824 0.306806762663889 0.299318078332673 0.316093852428647 0.31839519036982 0.337402869024126 0.352411204260845 0.368350705018763 0.402464621375907 0.420897735417549 0.434781898735385 0.432557248097902 0.436849629513173 0.431964699535467 0.410340790662869 0.382833207425182 0.344670611788379 0.305434533145126 0.274911819795867 0.247782001573012 0.236687252651402 0.220567714410466 0.203834105789068 0.186740303573116 0.160841183315381 0.134928903310509 0.0979048585428083 0.0726714153382746 -0.0501757973636965 -0.119934029030382
-9999 -9999 -9999 -9999 -9999 -9999 0.553754740624385 0.822347357173127 0.722837504595704 0.628161922355818 0.649146623866357 0.372435044382238 -0.123006003815412 -0.111835394385833 -0.03856043164392 0.0290736499381979 0.0538897811182887 0.0629675096810904 0.0549919020450012 0.0852156330645416 0.131180255149135 0.144671753767323 0.151086487333674 0.146943358894867 0.152747774667908 0.167418153818603 0.161356868899979 0.155224179164431 0.151923349795085 0.15704214931606 0.17258915912384 0.184125614159514 0.207272201852943 0.226468240575099 0.250265408449103 0.275880821261176 0.28274035438654 0.291974010191845 0.28562153091425 0.273946942892074 0.26925813885342 0.250014044605248 0.235227254366592 0.221531785773208 0.209454729119779 0.199937749510843 0.185992636436086 0.172320636508185 0.151358877468686 0.122522980566857 0.0941375907079388 0.0570690767812151 0.0257048510351779 0.00476340646369017 -0.00354423864270392 -0.0702639327496295
-9999 -9999 -9999 -9999 -9999 -9999 0.675930648234379 1.0090121171578 1.01128639261861 0.787466322546097 0.670656132851897 0.364117203913185 -0.0974222804090281 -0.127135413335514 -0.0899733711307703 -0.0371394992463076 -0.0435040125250409 -0.0370369662433996 -0.0363530504672498 -0.00312939267801216 0.0396148689327512 0.0529360613431822 0.0586023801948864 0.0641053547262896 0.0783745214751607 0.0839826871770792 0.0774596211187077 0.058991223319018 0.043939641141293 0.060430488224898 0.064767031237374 0.0828713919515765 0.0936574821233703 0.111293844663227 0.139799995123101 0.15734753324074 0.175876481158681 0.181825921009374 0.185466611490509 0.188129706577489 0.183562684440668 0.178911959903829 0.17618896122095 0.175282124245226 0.176395793395638 0.175562902398121 0.155478318710734 0.13594826577847 0.111593499796791 0.0818208327990125 0.0514173419481599 0.0296117786376482 0.0100242746771381 -0.0133876228229608 -0.0251947723125262 -0.0238665746223055
-9999 -9999 -9999 -9999 -9999 -9999 -9999 1.14635785780085 1.20149335787945 0.912170139612652 0.671934500647558 0.375408301459679 -0.0581297540404928 -0.11809098684417 -0.122779021512101 -0.112579192508598 -0.110245491326424 -0.0988567341796143 -0.0860833976908983 -0.0583541483979795 -0.0214825964888147 0.00294904701262638 0.0227053494246509 0.0371508547570114 0.0426187240972288 0.0390191156050034 0.0225967530027715 0.00158469574258069 -0.0172755003149088 -0.0175660788905604 -0.00849110181663981 -0.00220162948532437 0.00828482164797922 0.0183914291584563 0.0316486128223509 0.0540353446943985 0.0728647819021606 0.092387899690982 0.109295196929613 0.121709552205555 0.132818801324049 0.142581939710631 0.147346961005715 0.145801563380914 0.148053085591568 0.145088175078481 0.132743392434989 0.116800602444498 0.0951451218356376 0.0691735921693577 0.0511493694331012 0.035459247069347 0.0234273998962074 0.00168385208608607 -0.0161708729939851 -0.0189178136460895
-9999 -9999 -9999 -9999 -9999 -9999 -9999 -9999 1.28227281431993 0.904681957823282 0.635995170751706 0.374240272314409 -0.021072034456469 -0.0915134879567902 -0.128966792186561 -0.143714912549875 -0.143128616557563 -0.12625150756046 -0.103841278310666 -0.0737232948908588 -0.035019785535059 -0.00531006091187636 0.0296865861050915 0.0504327058331141 0.047741309796106 0.0443187638980842 0.0238959632191505 0.00476906081248518 -0.0104246641658838 -0.0199630634444095 -0.0104483823381626 -0.0140337640591247 -0.013016888484496 -0.00570211673910559 0.00844749915843113 0.0279950891373607 0.0444432047087073 0.0671608570115015 0.0849673548593605 0.113344452133797 0.138835022566995 0.141932834727122 0.139277731309522 0.137306123151487 0.137475373476967 0.132001193501253 0.132553401078644 0.139836120809544 0.133613650008404 0.116918012703332 0.119904389014546 0.102088900331584 0.0971950100577572 0.0804442555521664 0.0418591234637506 0.0403953899507567
-9999 -9999 -9999 -9999 -9999 -9999 1.13230622999953 1.20122198092956 1.1232833206717 0.809413574118852 0.590209678364603 0.311388260785941 -0.0129484918764714 -0.0829008955616108 -0.130822505933802 -0.158351261673189 -0.162374025157148 -0.142109940311497 -0.114023652400742 -0.0830196311739803 -0.0447008596401683 -0.00477235090667993 0.0350717665790901 0.0640355017150643 0.0759641173648497 0.077928001037445 0.0709231261938034 0.0596671286036958 0.0504100687570581 0.0393627844225147 0.0315565011095975 0.0272542835650056 0.0229167976438982 0.0275804989316809 0.0379083446134098 0.0537183879415375 0.076595757870274 0.100079495297131 0.118289979935925 0.163872504928855 0.1962864227575 0.207964517496428 0.197265702988316 0.176054144643625 0.15950923341579 0.146302386636399 0.150270248167727 0.162676988959564 0.165406277305624 0.161363546131326 0.162431621096726 0.166559514028167 0.176856015903712 0.18769156814872 0.18641753347511 0.184790371340257
-9999 -9999 -9999 -9999 -9999 1.09907450833437 1.1362808468401 1.03247586961568 0.884108575802738 0.705244111126679 0.537372701357317 0.250229691732588 -0.0237374514108786 -0.0941512287472835 -0.145471798045167 -0.164110281115904 -0.179906609799117 -0.153171991069678 -0.124893236481028 -0.0998407223453884 -0.0585876815183164 -0.0202750967295077 0.0315036745460161 0.0717330256573901 0.0911439852499034 0.115228570062335 0.113783771805595 0.124107000347631 0.127925002549179 0.11233336687395 0.110033557527404 0.102864952320634 0.0993747416330943 0.104008986779081 0.104312758979319 0.12083848968222 0.150473566074489 0.186370535928436 0.212370082766685 0.244524300882167 0.273483781968077 0.257219310635445 0.241009089674719 0.204329653936345 0.170899422614128 0.143963906294525 0.148250826951757 0.17004951560885 0.17958831739665 0.175890230035874 0.173112633637861 0.200728783536007 0.226757342788743 0.270910377214104 0.314540951734083 0.364148308222539
-9999 -9999 -9999 -9999 -9999 1.24345236900377 1.05920951054354 0.900981452630795 0.739814545438575 0.569969771838992 0.366976139047718 0.167759164630495 -0.00274112144546224 -0.0679387564963816 -0.129953246051303 -0.176427792781418 -0.193577153233441 -0.176957785013072 -0.151461994231624 -0.110498878998289 -0.0747615725639893 -0.0346461290639989 0.0132150708645616 0.0555355892111487 0.0939034351914656 0.119646745806891 0.136840646209858 0.150302760974669 0.163439678287597 0.173435169207774 0.180748447278116 0.182220490328362 0.183017374789368 0.192051201134516 0.203316933341118 0.21924807117107 0.241261593562608 0.260052218958516 0.276551694684528 0.297348249458385 0.301942026809251 0.283461630762822 0.247917605432787 0.205613856758305 0.172130262324747 0.149804551403439 0.145857942817163 0.158970773329652 0.168759798070066 0.180483883206216 0.203632781122125 0.227648814379529 0.269616238291934 0.326211379054052 0.382208605568609 0.442150832951244
-9999 -9999 -9999 -9999 -9999 -9999 1.08450867265594 0.823537239934699 0.650124788512925 0.43726850710159 0.289792314716284 0.187328988510721 0.0357856396300039 -0.0239792314079034 -0.0973214709603594 -0.161041975956044 -0.185698441914607 -0.180038514841811 -0.158813042912922 -0.114768040801535 -0.0870127011163309 -0.0407331116640195 -0.00382207344621233 0.0420905579473281 0.0902383673150871 0.115061371413787 0.143484800480523 0.154674230777386 0.176877669853222 0.202304827805212 0.218487126217825 0.236756445493732 0.241704653088217 0.259326273535664 0.278453655206106 0.29477831831776 0.309025642066528 0.312259123627365 0.315972928767419 0.327604706882461 0.319374861279575 0.294252845854036 0.25162976516226 0.20621036102864 0.18149911939965 0.150258247537831 0.142105803788001 0.144306165656207 0.149361817440124 0.163744550901257 0.207262940000983 0.230495993016431 0.281103589420344 0.340325445840136 0.389026913941719 0.438148331069257
-9999 -9999 -9999 -9999 -9999 -9999 0.993986599383728 0.790110866472275 0.554045001105948 0.436228431967655 0.341318573959988 0.260180503772278 0.116623496407666 0.0119753009003468 -0.0570386714614565 -0.127507006713048 -0.154581770741786 -0.175916934111501 -0.181545672865323 -0.131452300567026 -0.0589215680052232 -0.0369571359196111 -0.0237379605582655 0.00873898813661406 0.0656343311652117 0.115962125235154 0.124795761003509 0.125535176461216 0.143939570862771 0.181630442555367 0.221716358206832 0.235085323915827 0.246018064505929 0.266563699863261 0.289427744286811 0.312333927560782 0.315080495129487 0.310295994585561 0.31054291221384 0.316644758261258 0.318932870416743 0.292280033253482 0.256492808690674 0.218231021733249 0.190788429323839 0.166188766486938 0.145197781761979 0.129651197414716 0.117988891297219 0.109947890701499 0.121025816152154 0.176790297713654 0.244367927067008 0.296999466644426 0.328955597621103 0.358067876496
-9999 -9999 -9999 -9999 -9999 -9999 0.776046392357147 0.826532854271612 0.633740277746687 0.511528199531937 0.467962113927881 0.361477766242057 0.219273552767438 0.0893134914266626 -0.00602575357070412 -0.0873460292050209 -0.128054519467048 -0.167047875931747 -0.185020326355739 -0.131427816586528 -0.038609130836298 -0.0269802667791643 -0.0419880666233891 -0.0156986111773829 0.0514067618483882 0.106452071109155 0.108297459795246 0.0866454292424117 0.101831242701087 0.153540975039445 0.195670759131491 0.213790618876124 0.211861075057849 0.235200906555981 0.269958794234275 0.29223078267635 0.303082511178447 0.2854537379134 0.28659936939903 0.306755699094764 0.304594600533209 0.299098297276957 0.267289028586082 0.234029519138361 0.218775086421391 0.189405414448527 0.167283181732374 0.131704696137333 0.107777461110295 0.0850248574527679 0.0639555206112629 0.141656959696466 0.209784811975859 0.252621369342203 0.267751064922118 0.259142274452101
-9999 -9999 -9999 -9999 -9999 -9999 -9999 -9999 0.712415433344399 0.6694080346961 0.662338296996159 0.500565001851309 0.248751247732736 0.159214472623166 0.0747950011869832 -0.0176613896445064 -0.104601955426769 -0.170770005959792 -0.194381513185644 -0.139919516183247 -0.0320445410120512 -0.0357595298331832 -0.066234258667302 -0.0491369713788706 0.00951681536116289 0.0695784104159446 0.0673558457067087 0.0473052282217094 0.0537425512247461 0.0911703860548088 0.1283361407475 0.135021066046911 0.130957819047944 0.148622336178519 0.185995774701497 0.221511790138661 0.229848031808947 0.231624670110762 0.241487623682141 0.254074932511025 0.269244119617927 0.268054833111633 0.259265946173311 0.241274027640736 0.229606960940502 0.213917820344868 0.186361774496683 0.156338280825124 0.125025305682711 0.093419611097453 0.0917291637284792 0.126909550446926 0.179459577934148 0.196917855444636 0.177724808839176 0.14745938861863
-9999 -9999 -9999 -9999 -9999 -9999 -9999 -9999 0.903997588758808 0.864324967716462 0.857866130643791 0.646902540364667 0.276028183754457 0.202773088370389 0.144858792977414 0.0486725425577686 -0.0431350847217769 -0.152561133412173 -0.184932487820194 -0.115536128921342 -0.020639973921136 -0.0332216724913708 -0.0747475899806236 -0.0632942639618277 -0.00372809228309634 0.0453018758607887 0.0460048609715526 0.0224606194820745 0.0250841375740437 0.0569487259214152 0.0724943194920763 0.0759975924732526 0.056863172863393 0.0698954984329382 0.112740511750426 0.141868837648371 0.162602545184487 0.165748081422806 0.18327989480657 0.209346947779765 0.22418109785483 0.238084364918786 0.237281461775931 0.240231121318842 0.25276374051511 0.241389590058637 0.210979844364366 0.164211737788887 0.11768277694565 0.0761947919983935 0.0516115237330848 0.064351620488469 0.0918527949628479 0.107378835754171 0.102433224612296 0.0849564638571342
-9999 -9999 -9999 -9999 -9999 -9999 -9999 -9999 -9999 1.03156625873194 0.976965601563781 0.739700792113862 0.312733334460745 0.223255600188925 0.206640520943605 0.141586603980635 0.0544153253329552 -0.0894426926613068 -0.155569292057595 -0.107505083440414 -0.0128781621581364 -0.0316763385839494 -0.0705306821072407 -0.0647880219597013 -0.0231325576354077 0.0265177214233048 0.027776536263236 0.0142664235445814 0.0157834072216538 0.0298839459490041 0.0401700012004973 0.029771255953276 0.0138020177276043 0.0146627767224722 0.0371773229735625 0.0615704824621554 0.0774095012698964 0.0900416494604415 0.112225310152068 0.136969275293671 0.165958032066533 0.181679262101516 0.197797833790464 0.21613957977513 0.231385497211181 0.235238144245225 0.193007651869108 0.136138451973961 0.0820649888459508 0.0301631615677206 -0.00535637632274022 -0.0121402909820427 -0.00909745928930528 0.012375463789261 0.0572550198585791 0.0882104735135633
-9999 -9999 -9999 -9999 -9999 -9999 -9999 -9999 -9999 -9999 1.16163594271318 0.858241123070509 0.418305833906673 0.288769772777518 0.29889299091657 0.28356001859524 0.251515360341271 0.0299763076852871 -0.0925925409847441 -0.0508343659057536 0.0124450071105989 -0.00983996693653544 -0.0536991422232433 -0.0564857263465646 -0.0179785664512367 0.0161094764434 0.0166955116330576 0.00428596226558509 0.00360536393000466 0.019956941928168 0.0268843331825173 0.013222202215086 -0.0098223776806724 -0.0156149792869588 -0.00201696808812707 0.00794583248440689 0.0198278392468424 0.0266685434949244 0.0483869258998524 0.0813430280725355 0.110716519270635 0.135023495252056 0.153549153457568 0.178580041132947 0.211368707254703 0.220335347766467 0.182450271333185 0.118423620749867 0.0618201870098423 0.0111597746608392 -0.0285110270301598 -0.0419797673356097 -0.0456860542601195 -0.0174535818769495 0.0429043934533974 0.0864507716210176
-9999 -9999 -9999 -9999 -9999 -9999 -9999 -9999 -9999 -9999 -9999 0.980850226447929 0.553387318509207 0.36993414350867 0.387573251532369 0.445864997794678 0.479370492810047 0.230655744136973 0.0301759502899248 0.0325690152296667 0.0324277061157245 0.00382999728683825 -0.0227706344918696 -0.0306368848703927 -0.0115916821525347 0.00463269162010577 0.00567306996503791 0.00161442549277591 -0.0011163268907855 0.0053130509633284 0.00306804873752731 -0.00778441380050721 -0.0212235064292317 -0.0260079401001324 -0.0219226685211874 -0.0260387460962935 -0.0149388363007803 -0.00667538879427698 0.0117789128441682 0.0385947057618765 0.0607519408957364 0.0958378484955171 0.119029245367314 0.149132798404198 0.186192166975825 0.194529586264011 0.168334898916604 0.119823866948753 0.0695278024195417 0.0196505500327024 -0.0209872065610663 -0.0314927728481494 -0.0278087393560554 -0.00508300738798262 0.036399918082258 0.0715384983010759
