meets/meet006/_saidas_enm/CCSM_Maha_0k_T_subalaris5.asc
NCOLS 154 
NROWS 168 
XLLCORNER -112 
YLLCORNER -55.5 
CELLSIZE 0.5 
NODATA_value -9999 
[rows 75 to 99 of 168, columns 56 to 111 of 154]
-9999 -9999 -9999 -9999 -9999 -9999 -9999 -9999 -9999 -9999 -9999 -93.6796516134831 -41.2612495490941 -25.1358148161766 -20.6238566005885 -18.0407429101882 -14.6066238778302 -9.52516410950086 -9.69318653134659 -14.0499606576831 -17.061825858214 -15.9248402109357 -12.1768190775567 -10.3796620695614 -9.13522361986625 -8.28281427075023 -8.3204101190152 -8.28589229369576 -8.26476000079665 -8.23256283146392 -7.9135683461317 -7.6017930705229 -7.09013762851956 -6.4126181585039 -5.58511782997698 -4.8036755559604 -4.06826845485947 -3.48895406808813 -2.92028564821448 -2.06025296292795 -1.1214785385307 -0.744176370184575 -0.58440145622704 -0.327144149176244 -0.0602982207666325 0.24056569355914 0.246611019061854 -0.435578549419545 -2.06546571927623 -4.70358678329358 -8.36049823518075 -11.6813565667786 -15.3180086292226 -17.9849639197903 -19.2882529705414 -20.9512134153758
-9999 -9999 -9999 -9999 -9999 -9999 -9999 -9999 -9999 -9999 -9999 -103.319077988844 -30.2672301174079 -18.874875490643 -20.4976152715399 -17.1888128801117 -10.3418193722632 -6.18650187159444 -6.54922960957852 -9.52325174065146 -17.6674509056896 -14.4885063738911 -11.1432888793024 -9.96192324439069 -9.12092660185144 -9.0065052675868 -8.5935017286803 -8.74130731608016 -8.93505249290241 -9.04285482983035 -8.91222028473409 -8.68287155137406 -8.12355380740622 -7.50588269897084 -6.69879554223098 -5.83682696532891 -5.16800496995463 -4.46060526731643 -3.69117588561921 -2.88413927714396 -1.93571482861649 -1.14245036433898 -0.490590863090861 -0.266155027919529 0.0616472920151715 0.621187232375324 0.703477707386597 0.211291387639342 -1.06414178693006 -3.22106741718299 -6.1044894029647 -9.08197417679582 -12.0831751336634 -14.265860752396 -15.6685916720904 -18.0935355465521
-9999 -9999 -9999 -9999 -9999 -9999 -9999 -9999 -9999 -9999 -9999 -9999 -48.2098515193522 -22.2104746411638 -16.8707731967606 -14.3211910780227 -12.7068076062177 -12.9840582332548 -10.740444041363 -9.98999666216247 -10.6577221299071 -10.890010774411 -11.0345416912742 -10.9544922060446 -8.73856700824882 -7.83666802016346 -8.31432624682204 -9.4577880049447 -10.205318138912 -10.5626018955483 -10.3868866420819 -10.3032130873306 -9.79140225454988 -9.09330235255314 -8.24719635186789 -7.34330774865568 -6.64159871378827 -5.95308978342655 -4.79971949382062 -3.88224417002246 -3.02020007188001 -2.01996033281066 -0.903299361703009 -0.141596451563151 0.214950302149904 0.385511561047488 0.65925097927968 0.504040057514166 -0.329683340699086 -1.87804470601915 -4.04456253985486 -6.33437498149716 -8.57549045974938 -10.7829836941736 -12.8085622840448 -15.6729993308664
-9999 -9999 -9999 -9999 -9999 -9999 -9999 -9999 -9999 -9999 -9999 -9999 -84.3870026746766 -39.487011639279 -14.2285794764374 -10.4987753676482 -21.3651873437978 -29.1874147093169 -26.8804691278696 -16.1342718846286 -7.51056279703624 -9.09518830031493 -11.9774963050588 -12.049486538727 -6.76055660392096 -5.01818828337123 -8.13753647388384 -10.8661229767021 -12.4832768849075 -13.1079853567952 -12.5875969455988 -12.6264908607053 -12.3054649570942 -11.397284485413 -10.2491106480512 -9.2857824019381 -8.33003422892936 -7.6986804376695 -6.2035996646139 -5.09829804338915 -4.27925968680586 -3.4618511480511 -1.96805430495091 -0.82331396122181 -0.0126304401147477 0.329267097537738 0.417561557963642 0.165511691054305 -0.433307752068439 -1.50747366700627 -3.08968097093706 -4.76464605286942 -6.85786382217615 -8.53366735129159 -11.7649199104256 -16.1143246843284
-9999 -9999 -9999 -9999 -9999 -9999 -9999 -9999 -9999 -9999 -9999 -9999 -9999 -74.8547087527441 -16.8367318601771 -19.9390400000248 -35.9209226004742 -51.5321182141838 -52.3041848822155 -42.3365632583234 -27.5503814889504 -15.9885317561039 -10.44248526241 -7.81116984705688 -4.08231251235046 -3.35375191764442 -6.65039742020504 -12.7793446232408 -17.2651424677059 -17.0772403438596 -16.2712779503159 -15.9532915269462 -15.2841589816057 -14.0375042845822 -12.6040420703879 -11.2042583144237 -10.1288450082682 -9.28903528251199 -7.96506409499306 -6.46889746155888 -5.21795342630149 -4.4320229958537 -3.19775889703325 -1.64772526048241 -0.543966667491637 -0.177130673035848 -0.230322015902937 -0.605901999903544 -1.24833203751385 -2.05428505953066 -3.16315605808001 -4.13974512824634 -6.38563350661417 -9.03359397373934 -11.222414707417 -13.7760351015893
-9999 -9999 -9999 -9999 -9999 -9999 -9999 -9999 -9999 -9999 -9999 -9999 -9999 -124.764620762408 -21.6177833785112 -37.0586196478501 -48.4375085233349 -75.5747786602575 -83.3579508452228 -68.9829291699663 -60.1841238228822 -43.2920000818863 -25.2241070955945 -22.8256733581614 -19.2442564114465 -7.23449068171799 -6.95397227605553 -14.0972144922995 -21.8941267366556 -22.0483660894652 -20.688646724666 -21.4265602220157 -19.6556891218094 -17.6935111589733 -15.6697624297511 -13.5223404418816 -12.1893864481303 -10.863891730257 -9.65855723789373 -8.04303666825701 -6.10401610107829 -5.1785293672557 -4.39253473988102 -2.4347800058814 -1.022568358615 -0.777906619692077 -0.981064219750946 -1.62542298717022 -2.26428471246642 -2.93993780400392 -3.56225701416046 -4.59517732546623 -5.94618245242527 -7.53162248944363 -9.21860819761102 -11.3825107781773
-9999 -9999 -9999 -9999 -9999 -9999 -9999 -9999 -9999 -9999 -9999 -9999 -9999 -9999 -38.2871819121006 -26.8105638337689 -48.2151783787225 -77.4910937267745 -89.8948498918602 -93.5723618778878 -92.9015487305895 -101.516443974478 -124.155490992945 -126.144459921064 -84.9810950907083 -51.879682593189 -31.960762029161 -21.0137196817264 -20.2688390605704 -22.243265193692 -28.3767461553092 -26.7893026733116 -24.9572074688304 -23.0850475999536 -19.9825765663102 -17.4488247107151 -15.5579437887802 -13.6825824711789 -11.4243547364991 -9.37620397092101 -7.73204491150556 -6.11187347055141 -4.84625724283597 -3.24019630950722 -1.65522316730481 -1.22193134076862 -1.44363792176062 -2.25502187732506 -2.69996936259885 -2.96054071060353 -3.49544185131838 -4.26046957662681 -5.38687473247015 -6.38847507005513 -6.89166785461552 -7.89368327230428
-9999 -9999 -9999 -9999 -9999 -9999 -9999 -9999 -9999 -9999 -9999 -9999 -9999 -9999 -68.2394173111852 -32.5336706747102 -42.0033030755814 -63.5999085876912 -84.9698781678302 -107.798351195093 -127.588627556427 -177.562942823212 -289.590619853721 -322.635751491197 -236.805926233805 -196.807713901548 -121.395886996353 -62.6192795688527 -42.8598722973272 -32.0648569283971 -38.5345569733789 -29.3419734152445 -29.8500480441992 -28.4524997107546 -23.7877252364011 -21.8757236252797 -20.2047513693512 -18.9059030017907 -15.2668460603166 -11.1630286965008 -8.48860722045684 -7.01100135117111 -5.26844049090139 -3.45351016917349 -2.55218603961388 -2.01826779361851 -1.7147754012454 -1.74153898133953 -2.19284579806354 -2.93957099785885 -3.68173226031444 -3.91775908117968 -4.77920104791117 -5.29547069079464 -5.07857937951986 -5.23362716979776
-9999 -9999 -9999 -9999 -9999 -9999 -9999 -9999 -9999 -9999 -9999 -9999 -9999 -9999 -9999 -81.2147666244409 -38.0779913849601 -38.6682427709124 -71.9416731279999 -104.591918424936 -145.827844606608 -200.657996425764 -289.098325383834 -334.700073065515 -339.785478725353 -343.677663351894 -299.169409004367 -262.119596645124 -182.043910215501 -75.1367617076629 -32.7576235712599 -21.4786549089847 -29.3936694435278 -34.3409749713543 -28.7072572307806 -24.8262783249811 -22.8036207130699 -21.8883466430098 -19.6518038457179 -15.7600137048609 -11.5201526715249 -7.72016662766928 -6.21730449958161 -3.70899199749358 -2.5758315670995 -1.78000339363391 -1.42104037001116 -1.4588738907501 -1.80683736079843 -2.31797899871918 -2.50925689197302 -2.76823140208536 -3.34318521790611 -3.71470297708383 -3.84445495187629 -4.12416078114821
-9999 -9999 -9999 -9999 -9999 -9999 -9999 -9999 -9999 -9999 -9999 -9999 -9999 -9999 -9999 -133.584184938281 -54.6827904082559 -19.1049645602664 -53.3398955645456 -85.2111854940438 -139.025760873361 -188.020878998866 -269.477855105936 -315.35550700833 -352.520032195987 -450.083755694729 -413.097862186572 -482.629859629103 -379.758127282345 -155.302341083205 -49.4215560859302 -29.9495075558817 -27.5516414061435 -33.9708738873166 -29.5477031771375 -25.7853011071667 -25.2544483828592 -24.9990632484012 -23.8305213087365 -22.8297379648138 -19.8772930948699 -10.0998354050458 -6.41536137278992 -4.01702813482495 -2.63307559182985 -1.76055040175365 -1.24388436549675 -1.254340337271 -1.45605229760757 -1.74912809128263 -2.02756733334679 -2.02347058591138 -2.21729833537134 -2.56378973772304 -2.92325728714092 -3.17546038384375
-9999 -9999 -9999 -9999 -9999 -9999 -9999 -9999 -9999 -9999 -9999 -9999 -9999 -9999 -9999 -57.8735335347872 -121.384218589371 -36.6875242274997 -22.9912830018087 -47.926444632755 -99.9233599687995 -141.795169569802 -193.955229959701 -241.059805923329 -259.619400430593 -280.198975741673 -302.589220549459 -331.418452179088 -278.906065373596 -172.792586388134 -93.2794617135398 -45.3178561806923 -18.4640096173276 -15.6917721209128 -20.3012960979265 -25.4324067135851 -25.0636428800947 -25.7027784386379 -25.7507696613524 -26.0746646452346 -23.4943344924437 -11.8288726541089 -6.39484997348282 -4.33082628199761 -2.83058293861558 -1.84877417183773 -1.37953229488932 -1.19845262128885 -1.29773157659498 -1.59289434737688 -1.32533245734994 -1.40335653294687 -0.697189317334018 -0.243284969989621 -0.0261749352962934 0.173571231260952
-9999 -9999 -9999 -9999 -9999 -9999 -9999 -9999 -9999 -9999 -9999 -9999 -9999 -9999 -9999 -9999 -98.6506290022588 -121.948138078634 -46.5165991932324 -22.6921780785364 -56.8877396980695 -82.5499844862008 -124.714458194245 -161.462162853461 -169.08553572231 -183.194240305319 -199.386593923576 -210.967565051062 -191.312195446648 -159.298164724024 -115.767798579057 -74.5758012830014 -27.0358377352149 -13.0030144118146 -9.83750462943545 -14.6204332188952 -17.9041654286214 -20.9396476664891 -21.3923837276997 -21.9594515142202 -21.6168266946076 -10.2449786948538 -6.11563264572872 -4.59175598015598 -3.5708162128641 -2.71603826357043 -2.47503797485857 -2.0705596041953 -2.1638807578198 -1.74895633850284 -1.32347277434209 -0.610763683650931 0.0581744974915741 0.470920181917451 0.79192910150175 0.895751284956643
-9999 -9999 -9999 -9999 -9999 -9999 -9999 -9999 -9999 -9999 -9999 -9999 -9999 -9999 -9999 -9999 -9999 -90.8569726360055 -171.045358987038 -67.1310754789061 -31.7019526763386 -30.1396854724072 -55.6890517095399 -89.1897975229183 -105.452840302072 -115.498747753746 -133.161120076872 -146.670502214124 -145.834582034107 -140.394473188301 -133.361147473347 -102.033520429739 -66.0418208335065 -35.2834370494786 -16.0454893098899 -5.4816314562359 -7.65770504840479 -11.4321065258058 -13.9375710544233 -12.2886858592403 -8.7066698635555 -6.8205120616319 -5.63607398802923 -5.38497217399232 -4.80854635157394 -4.61115181313581 -4.37859246902729 -4.63576252264988 -3.83986206160622 -3.03518048273939 -2.57676800406864 -1.73995312757834 -1.29668520793102 -0.642189975773073 0.196384343626188 0.731759439225061
-9999 -9999 -9999 -9999 -9999 -9999 -9999 -9999 -9999 -9999 -9999 -9999 -9999 -9999 -9999 -9999 -9999 -9999 -9999 -231.72684444861 -139.54634941147 -70.7307180685826 -51.5277498052629 -55.6294012483923 -70.6064649675143 -88.5140179531572 -106.67094643747 -118.557741587124 -120.883686324874 -129.994097446015 -138.130025826286 -129.055010539372 -117.98205964678 -87.5172082573127 -38.1972719948477 -15.479377590408 -7.70374606790283 -4.70406095353214 -6.8033952242584 -7.08927694629875 -5.89592438910314 -6.0443891403048 -5.68169514637604 -5.53420666986052 -5.63790221376475 -5.67779168395139 -5.45376346743661 -5.54912686797231 -5.63092661234141 -4.98858155245033 -4.87883061217592 -3.48628852227704 -2.70583087317334 -1.66262084451165 -0.332627467105788 0.43102899664389
-9999 -9999 -9999 -9999 -9999 -9999 -9999 -9999 -9999 -9999 -9999 -9999 -9999 -9999 -9999 -9999 -9999 -9999 -9999 -9999 -9999 -214.819197229192 -127.495505145702 -80.1923053737989 -61.9123374129211 -78.3886576837258 -89.8635783006905 -101.989670139252 -109.582869076633 -114.129644634449 -124.702486804954 -134.207331916631 -163.459408451905 -148.982569478939 -91.4909495885318 -50.9049127521791 -21.0731845566182 -6.00579224106552 -3.27542996803476 -4.11848061272474 -7.75950706012678 -8.14170653280783 -7.36510853263963 -7.15575327086548 -6.50215370458819 -6.07255932641342 -5.60554994308325 -5.29151720369803 -5.45695631019383 -5.50996514400525 -4.87153964955374 -3.74071446292474 -2.47307958751263 -1.43271521765142 -0.689229947130636 0.0882310294003882
-9999 -9999 -9999 -9999 -9999 -9999 -9999 -9999 -9999 -9999 -9999 -9999 -9999 -9999 -9999 -9999 -9999 -9999 -9999 -9999 -9999 -9999 -9999 -160.625020443932 -83.2580526380014 -60.2268542685959 -64.5166507730453 -75.3036248933948 -89.7744964168313 -95.4131402549332 -104.756877363996 -124.783332711446 -158.091302602293 -165.80688834051 -135.252884187245 -102.534399963885 -50.5525719286834 -15.8511119464662 -6.59354694069066 -2.8628793115226 -6.690155393868 -9.9693591430086 -11.1057893090633 -10.4377841297934 -8.59805079771661 -6.96701831690879 -5.87036652509347 -5.19237835065777 -5.188197051633 -5.81077339101061 -5.03280962200453 -3.86670602599765 -2.54494084178043 -1.62859480079086 -1.05729748619863 -0.274503743248677
-9999 -9999 -9999 -9999 -9999 -9999 -9999 -9999 -9999 -9999 -9999 -9999 -9999 -9999 -9999 -9999 -9999 -9999 -9999 -9999 -9999 -9999 -9999 -9999 -9999 -121.161880980622 -70.2969489128933 -50.4828759370305 -63.2358544686054 -74.2215477876165 -82.939515542107 -100.123389418318 -130.072760975596 -145.037427505889 -147.292224522771 -149.630525644179 -92.3217532223143 -50.1834820404113 -17.4978253459104 -4.17932354408256 -2.80504622850166 -8.78709225486734 -12.576406571158 -14.3653462137732 -11.5744206570049 -8.32789580914121 -6.72466728817771 -5.86333192048522 -5.59150711505548 -6.017287562004 -5.98770400663338 -4.52143549732178 -3.23656862848557 -2.32111510370101 -1.66873844143156 -0.730922132539347
-9999 -9999 -9999 -9999 -9999 -9999 -9999 -9999 -9999 -9999 -9999 -9999 -9999 -9999 -9999 -9999 -9999 -9999 -9999 -9999 -9999 -9999 -9999 -9999 -9999 -290.469670226476 -129.319993439367 -62.7312605053338 -45.0201303694377 -53.6125027848017 -70.0862526871841 -87.8641634031829 -105.245697883548 -115.221451190622 -129.311602312293 -132.069084157768 -103.063173742551 -73.0432966836863 -31.2173444795629 -4.8292223611034 -0.925828867590178 -5.55431023062795 -11.0215690325502 -15.2671393346328 -13.8244122553315 -10.1236145380435 -8.0474302810265 -6.87712125173479 -6.15899311059774 -6.19028679443335 -6.31838954523046 -5.06397111314615 -4.12135521587404 -3.19454014875852 -2.20210726882693 -1.01838423290308
-9999 -9999 -9999 -9999 -9999 -9999 -9999 -9999 -9999 -9999 -9999 -9999 -9999 -9999 -9999 -9999 -9999 -9999 -9999 -9999 -9999 -9999 -9999 -9999 -9999 -9999 -9999 -138.111751483456 -61.5237366303314 -44.2576976012092 -64.1674831429282 -86.2307364134531 -94.0663315815805 -98.1152265931431 -95.5226546933451 -93.0794237912285 -91.7189272639983 -77.4522802420344 -39.7589073046827 -7.74181958785928 0.166006766301963 -1.83995858898234 -8.11279408211135 -14.3559538980349 -14.0373362336885 -11.6118465186074 -9.93046902928764 -8.06341265819245 -6.79625672265314 -6.51288262511444 -6.09781136913794 -5.72964856998795 -5.28090538085096 -4.24300239677995 -2.54241520658069 -0.92856216645006
-9999 -9999 -9999 -9999 -9999 -9999 -9999 -9999 -9999 -9999 -9999 -9999 -9999 -9999 -9999 -9999 -9999 -9999 -9999 -9999 -9999 -9999 -9999 -9999 -9999 -9999 -9999 -233.284492688245 -95.3977324923031 -43.7201887969143 -51.015219355691 -83.9165279321461 -101.801720102083 -105.341783057859 -89.7694981959172 -77.4795559116993 -75.8218600974083 -74.4380298501677 -44.2778844871096 -13.2756668669582 0.360058984728312 -1.08172471800209 -6.7842936813674 -13.8941742807898 -14.702015427535 -12.5484251128345 -11.1595257749052 -9.72069834709962 -8.74369283984567 -7.8610632963268 -7.51958431875637 -7.57430463583595 -6.61066313529597 -5.14242411200338 -2.76562962742755 -0.983259255344916
-9999 -9999 -9999 -9999 -9999 -9999 -9999 -9999 -9999 -9999 -9999 -9999 -9999 -9999 -9999 -9999 -9999 -9999 -9999 -9999 -9999 -9999 -9999 -9999 -9999 -9999 -9999 -9999 -131.977441705573 -43.6800315926924 -41.8330057414442 -77.0179500385439 -112.430018092546 -122.524453260082 -95.967627592873 -74.8525482325064 -68.2037050367651 -69.9848026140916 -49.7971973394527 -19.076278487835 -0.960579209045343 -1.14072524090797 -7.21095009435526 -15.5458626015484 -15.2644856397364 -13.4605168780487 -12.0943215870344 -10.8880051368855 -10.2005637121753 -9.89504928454432 -9.91585951990838 -8.9261369138412 -8.11335600411935 -5.73007505312428 -3.00225863315335 -1.11499520712379
-9999 -9999 -9999 -9999 -9999 -9999 -9999 -9999 -9999 -9999 -9999 -9999 -9999 -9999 -9999 -9999 -9999 -9999 -9999 -9999 -9999 -9999 -9999 -9999 -9999 -9999 -9999 -9999 -159.642519841723 -48.9403109944987 -40.8126541405056 -77.3773279868359 -124.103686074573 -142.929723589163 -109.671289911167 -80.0143963098247 -70.0396009523897 -70.0522244951892 -53.095384861977 -23.0208688047815 -3.22109188146772 -0.652530540873878 -3.66218757853921 -12.674919861641 -16.0379690523464 -13.9694729983844 -13.0157219583373 -12.3381957552366 -11.6884138061833 -11.029845790559 -10.1310488572883 -9.51219931171355 -9.20237653241772 -6.10137983404037 -3.31037552024256 -1.23511312936096
-9999 -9999 -9999 -9999 -9999 -9999 -9999 -9999 -9999 -9999 -9999 -9999 -9999 -9999 -9999 -9999 -9999 -9999 -9999 -9999 -9999 -9999 -9999 -9999 -9999 -9999 -9999 -9999 -186.193277745953 -52.6338057365719 -38.3596496247613 -80.7387063712987 -139.200897938023 -164.730358500847 -120.225868299173 -87.7826425153602 -75.2298727068428 -78.6985913743257 -59.8957052907182 -26.9692726776614 -7.64043294996108 -0.201707278710715 -2.64875060857 -9.89022724891373 -12.800280712275 -13.4813841759768 -13.775961376756 -13.4698247594099 -12.7907176351687 -11.4760872216483 -9.63266233027296 -9.20479541628471 -8.86210666125744 -6.26236218298925 -3.47886283801741 -0.939733877968897
-9999 -9999 -9999 -9999 -9999 -9999 -9999 -9999 -9999 -9999 -9999 -9999 -9999 -9999 -9999 -9999 -9999 -9999 -9999 -9999 -9999 -9999 -9999 -9999 -9999 -9999 -9999 -9999 -192.133523719873 -52.4936669294723 -37.798711040244 -87.8520195427797 -144.811329357159 -170.789290339224 -130.054050379649 -98.1718401758988 -85.6246147960172 -86.4098154794308 -63.7435730160678 -31.155887369953 -8.74150297183581 -1.42645441884794 -3.14083668653118 -9.37568988073537 -12.5935145808977 -12.6307051509198 -12.9195145468014 -14.3156963496437 -13.1735965422757 -11.0407450647374 -9.24450142938827 -8.37841731719615 -7.53669915078463 -5.57721872037851 -3.29970762109468 -0.843840208535906
-9999 -9999 -9999 -9999 -9999 -9999 -9999 -9999 -9999 -9999 -9999 -9999 -9999 -9999 -9999 -9999 -9999 -9999 -9999 -9999 -9999 -9999 -9999 -9999 -9999 -9999 -9999 -9999 -204.943004317923 -52.5171293210646 -39.3152215268702 -97.3155513908902 -154.134866068518 -177.761669171074 -133.781017869166 -109.521181702688 -94.1863498565259 -99.5677477198865 -70.3947804709047 -34.4388205331464 -12.3123984592941 -2.63436652236256 -3.01181756014404 -10.3345725321293 -12.286526816508 -12.1319472998263 -12.3542348857216 -12.9319770720572 -13.6857574450242 -10.1880501196819 -8.11004130819382 -7.16456555582437 -6.35091721646236 -4.21313925019488 -1.82436432355492 -0.631440993046991
