meets/meet006/_saidas_enm/CCSM_Maha_0k_T_nigriceps2.asc
NCOLS 154 
NROWS 168 
XLLCORNER -112 
YLLCORNER -55.5 
CELLSIZE 0.5 
NODATA_value -9999 
[rows 100 to 124 of 168, columns 56 to 111 of 154]
-9999 -9999 -9999 -9999 -9999 -9999 -9999 -9999 -9999 -9999 -9999 -9999 -9999 -9999 -9999 -9999 -9999 -9999 -9999 -9999 -9999 -9999 -9999 -9999 -9999 -9999 -9999 -9999 -5.12286944936537 -3.90490875423103 -9.35860237584689 -8.02783933138914 -11.0732369721541 -12.9407438544118 -11.4233500532649 -8.56464698224018 -2.56088942776038 0.548978143312952 0.896235439894156 0.714866703635546 0.887812774589008 0.441916838203941 0.350249819660211 -0.00972789346672553 -0.363874816168026 -0.306597663061788 -0.230129160263578 -0.0930904562517998 0.325524429750378 0.3233534730115 0.287485964947295 0.321880489056577 0.251559944661935 0.0529868762801671 0.337360153246058 0.620152021499921
-9999 -9999 -9999 -9999 -9999 -9999 -9999 -9999 -9999 -9999 -9999 -9999 -9999 -9999 -9999 -9999 -9999 -9999 -9999 -9999 -9999 -9999 -9999 -9999 -9999 -9999 -9999 -9999 -5.7365842048645 -5.065184942371 -9.23453775145728 -8.08695791429903 -9.58562124100961 -10.6836518480166 -9.94893995263327 -7.62921766392795 -1.81724583933939 0.804918958881446 0.915863381191171 0.862127253346767 1 -0.0196139295558346 0.185728629509815 -0.200851350580336 -0.371522949553535 -0.320781711283131 -0.153099206474451 0.00204192591589425 0.331668093948545 -0.0491384495891174 0.234731149983978 0.10482721660674 0.13808557843569 0.384561215750205 0.65552557121094 0.89889055957303
-9999 -9999 -9999 -9999 -9999 -9999 -9999 -9999 -9999 -9999 -9999 -9999 -9999 -9999 -9999 -9999 -9999 -9999 -9999 -9999 -9999 -9999 -9999 -9999 -9999 -9999 -9999 -11.4653872993448 -6.57794220106436 -6.14597415483251 -8.54786440863 -7.5232878978122 -8.45064353402354 -8.98017893285575 -9.16909708160597 -5.63250961008267 -1.03251730226472 0.731140375035044 0.846727039273502 1 0.918113137156028 -0.313445468000528 -0.0720504983650543 -0.270817110451211 -0.394747032321305 -0.231434116262335 0.0243319888763479 -0.100311540679514 -0.172499245119395 0.129619362146212 0.350671982315069 0.336858784112988 0.222878865238499 0.416399923321684 0.736532005125454 0.935935552200717
-9999 -9999 -9999 -9999 -9999 -9999 -9999 -9999 -9999 -9999 -9999 -9999 -9999 -9999 -9999 -9999 -9999 -9999 -9999 -9999 -9999 -9999 -9999 -9999 -9999 -9999 -9999 -11.6640785835037 -6.58517269401715 -7.23662626124599 -7.44719791986527 -7.29986318881694 -7.69610196114509 -7.88083378736155 -8.71382683489249 -4.46370476431423 -0.0470350248286346 0.724457607743177 1 0.948433820907591 0.813471912094075 -0.417195298949583 -0.367326320056881 -0.38060750977108 -0.472046906850656 -0.392333382605856 0.0322684690858807 0.238894065414135 0.273044460860634 0.3571191898727 0.443009529595237 0.450465779092889 0.321866481455368 0.482076187079395 0.716245989319356 0.865144344634461
-9999 -9999 -9999 -9999 -9999 -9999 -9999 -9999 -9999 -9999 -9999 -9999 -9999 -9999 -9999 -9999 -9999 -9999 -9999 -9999 -9999 -9999 -9999 -9999 -9999 -9999 -9999 -11.1108600380291 -6.2578990837529 -9.12100360627529 -6.75172185254397 -7.36498645392914 -7.99120625975287 -7.45547240102685 -8.28631670328681 -3.27984471135479 0.692841509536498 1 1 0.932265292067458 0.773346822064594 -0.316325350284344 -0.716349765772757 -0.547457757191175 -0.68322673320227 -0.56588241805207 -0.159056413553016 0.186985107838006 0.331510016206899 0.408760029158585 0.474557159299989 0.505436358486629 0.487339736974052 0.585373359634958 0.688862054540385 0.67365989244344
-9999 -9999 -9999 -9999 -9999 -9999 -9999 -9999 -9999 -9999 -9999 -9999 -9999 -9999 -9999 -9999 -9999 -9999 -9999 -9999 -9999 -9999 -9999 -9999 -9999 -9999 -9999 -10.1747264054671 -6.34345641928512 -12.1980841863896 -6.59220262760947 -8.42442214223081 -9.07834169133732 -7.59176873941377 -7.91604987302698 -2.51774342166831 1 1 1 1 0.677863147975798 -0.270703898507606 -0.8938922128653 -0.778118042074668 -0.727549164559418 -0.575407504259457 -0.286824484793494 -0.00976610192973904 0.160048760542667 0.218700513844182 0.306788102511231 0.401535923879505 0.40985233485066 0.45120503701451 0.614398893591079 0.791654897952912
-9999 -9999 -9999 -9999 -9999 -9999 -9999 -9999 -9999 -9999 -9999 -9999 -9999 -9999 -9999 -9999 -9999 -9999 -9999 -9999 -9999 -9999 -9999 -9999 -9999 -9999 -9999 -9.46002733387923 -7.04808195090117 -10.344537969943 -7.98195812559182 -10.273775281117 -10.9498465568425 -8.21860158962394 -7.60180420755087 -1.33642136263221 1 1 1 0.829208599554192 0.492847188135983 -0.207649161898653 -0.970369053940897 -0.813726311678095 -0.735969301522289 -0.599223781820609 -0.400050573391122 -0.225843085346524 -0.125095609505131 -0.0894726405308863 -0.0264746810757102 0.150494945338239 0.195358047441711 0.451323783946968 0.62945271776541 0.789980800214484
-9999 -9999 -9999 -9999 -9999 -9999 -9999 -9999 -9999 -9999 -9999 -9999 -9999 -9999 -9999 -9999 -9999 -9999 -9999 -9999 -9999 -9999 -9999 -9999 -9999 -9999 -9999 -9.457936999334 -8.73552129967056 -9.40511705760505 -9.85881588607453 -12.3367561561477 -12.3561153486207 -8.46823678425138 -7.37205404398851 -0.362817536790819 1 0.58009669207717 1 0.41914027147504 0.338845149510605 -0.184911088599257 -0.839846298585024 -1.06954947069138 -0.803745989845208 -0.707445032650184 -0.568562948183562 -0.505539787397537 -0.421808641552004 -0.455543762853408 -0.460903782665148 -0.302365922539748 0.0636704958424649 0.308966970566225 0.45374276037566 0.614996520252253
-9999 -9999 -9999 -9999 -9999 -9999 -9999 -9999 -9999 -9999 -9999 -9999 -9999 -9999 -9999 -9999 -9999 -9999 -9999 -9999 -9999 -9999 -9999 -9999 -9999 -9999 -9999 -10.4585737801794 -10.7082645145486 -8.99961879780779 -11.745345500584 -13.3717180779067 -13.1150662132116 -8.21610316811825 -6.82283443488493 0.266002840366257 0.707412018189675 1 0.705877665972777 0.2856222109579 0.167134803320592 -0.252407418747901 -0.63019998366719 -1.16740529214401 -0.967678489823651 -0.679543256111419 -0.586804963743895 -0.445761276888984 -0.541722883832028 -0.778253697394878 -0.762702677303408 -0.307484262518763 0.289068849416433 0.566263756423158 0.712444106416702 0.833054984348311
-9999 -9999 -9999 -9999 -9999 -9999 -9999 -9999 -9999 -9999 -9999 -9999 -9999 -9999 -9999 -9999 -9999 -9999 -9999 -9999 -9999 -9999 -9999 -9999 -9999 -9999 -9999 -12.6978721122782 -13.3296660936434 -8.62241136167624 -10.6022479514319 -11.7728086896997 -10.6087537188727 -6.49406537641271 -5.00854327564787 0.62887673847512 1 0.579268521904169 0.0128341936384273 -0.228286954005052 -0.149467640633481 -0.3904988308568 -0.575463532140335 -0.990520728488841 -1.09258027284686 -0.788024295082226 -0.535474867217996 -0.387724616662507 -0.378885611971526 -0.427341976734516 -0.32170958837654 0.0292993191926443 0.422006459187147 0.662438626240202 0.828775472833114 0.949616268047138
-9999 -9999 -9999 -9999 -9999 -9999 -9999 -9999 -9999 -9999 -9999 -9999 -9999 -9999 -9999 -9999 -9999 -9999 -9999 -9999 -9999 -9999 -9999 -9999 -9999 -9999 -22.3310241878994 -13.8127301183086 -14.1038093117562 -7.41993372280822 -8.61521078602739 -8.62905191536415 -7.70839465683472 -5.02933097408492 -2.56784987594052 0.516286593648503 1 1 0.295893574305809 -1.08380773107845 -0.600488101513185 -0.707504565445111 -0.678295143094949 -0.859325168569875 -1.00841575536682 -1.08912836735062 -0.914998557852044 -0.730411087194877 -0.638318230075301 -0.417313127773519 -0.157276135022522 0.0686973304911404 0.394719964970293 0.603826910865961 0.763039438652644 0.87887536340364
-9999 -9999 -9999 -9999 -9999 -9999 -9999 -9999 -9999 -9999 -9999 -9999 -9999 -9999 -9999 -9999 -9999 -9999 -9999 -9999 -9999 -9999 -9999 -9999 -9999 -9999 -20.0798046163376 -13.6627230399025 -9.62650823105144 -5.25979775899389 -5.31044991899911 -5.47304363215203 -5.1695505757698 -4.41448842177233 -0.46022256826894 0.419513517621105 1 0.738673629242376 -0.118706619965768 -1.60957361973984 -1.26020480263975 -1.12204887931677 -0.924620845211301 -0.972675862589242 -1.0780237084216 -1.15618000408035 -1.24250382961202 -1.04688211505216 -0.823479052616352 -0.546824892795515 -0.263979393092052 0.0563204651037673 0.371144575477928 0.595642259398714 0.786952226840123 0.924684216133302
-9999 -9999 -9999 -9999 -9999 -9999 -9999 -9999 -9999 -9999 -9999 -9999 -9999 -9999 -9999 -9999 -9999 -9999 -9999 -9999 -9999 -9999 -9999 -9999 -9999 -9999 -16.7540534581717 -13.7258741331672 -6.08805378659102 -3.64525932119376 -3.28406129588113 -3.16288009237045 -4.19781091775358 -4.96415153663277 0.414609062343398 0.323646993294181 0.645519112853049 -0.220828386854778 -1.25745050651222 -1.00016907783845 -0.931956985710102 -1.36913012964607 -1.45263545157137 -1.32809633536991 -1.40257977447472 -1.46614088831356 -1.37581104905677 -1.3358000218695 -1.03569293600875 -0.674320276374142 -0.382745765904458 0.0460153670476749 0.465460287383487 0.672867453778407 0.80994022848422 0.900880229030299
-9999 -9999 -9999 -9999 -9999 -9999 -9999 -9999 -9999 -9999 -9999 -9999 -9999 -9999 -9999 -9999 -9999 -9999 -9999 -9999 -9999 -9999 -9999 -9999 -9999 -9999 -13.8724185906822 -9.64276497219827 -5.46081591550945 -3.07522596346818 -1.80410495448811 -2.01930061977822 -3.69051156648497 -1.90647484983613 -0.982137298068745 -0.204151774014567 -0.59097445405644 -0.664256153770738 -0.647452901557418 -0.512152219026432 -0.345864027932772 -0.480904278622826 -0.76400962860606 -1.0945891640716 -1.34572445686748 -1.68379748458402 -1.74782392701971 -1.51142044230062 -1.08579871909818 -0.688964482633493 -0.369143498594931 0.00705225760733941 0.347494349219348 0.541809033532101 0.658112433017765 0.696997586916639
-9999 -9999 -9999 -9999 -9999 -9999 -9999 -9999 -9999 -9999 -9999 -9999 -9999 -9999 -9999 -9999 -9999 -9999 -9999 -9999 -9999 -9999 -9999 -9999 -9999 -10.3928789910401 -12.9396472008419 -8.21760927270391 -6.56316540493028 -2.30409540653088 -1.12760331608668 -2.03074782768596 -3.38257332479699 -1.72331147589565 -1.56987477087011 1 0.150986753523472 -0.0599097078589794 -0.434270809806759 -0.192544117822942 -0.201580718065432 -0.0581152685160935 -0.110109752173822 -0.276611047677713 -0.550853028913364 -0.813453759769383 -1.59975251153453 -1.72234386887498 -1.24404855296352 -0.83695581053468 -0.549917709612596 -0.264620161456468 0.044980690219324 0.211333106639661 0.282191994658296 0.379757761386949
-9999 -9999 -9999 -9999 -9999 -9999 -9999 -9999 -9999 -9999 -9999 -9999 -9999 -9999 -9999 -9999 -9999 -9999 -9999 -9999 -9999 -9999 -9999 -9999 -9999 -10.3132995315369 -8.54217970939279 -5.00999338526055 -4.04964853507079 -1.23479058750216 -0.668611247221687 -2.81319103161344 -2.93558999699408 -1.45157383922902 -0.0607941807117858 0.746519592694356 0.0724170881342145 0.213362081824023 -0.00503461402324046 0.0488842157569113 0.105467069148081 0.292534696066418 0.225137341318425 0.101578304818331 -0.0717802309109798 -0.394712430267669 -1.2279566409844 -2.02615371941466 -1.74321577076238 -1.30389294614856 -0.98485758393699 -0.675436353076326 -0.42369631235455 -0.09950778997978 0.219704279963733 0.440787302091345
-9999 -9999 -9999 -9999 -9999 -9999 -9999 -9999 -9999 -9999 -9999 -9999 -9999 -9999 -9999 -9999 -9999 -9999 -9999 -9999 -9999 -9999 -9999 -9999 -9999 -10.2374734329386 -6.34341252698769 -3.24301753545982 -2.40503289600602 -0.285114523557298 -0.687535665775075 -3.71227953893797 -1.01096717020329 0.0158498504581388 0.00472434600482075 0.146429920960843 0.192343485526288 0.693431829095735 0.632845528037738 0.71190221811045 0.5549773993958 0.614908514733523 0.434224702469255 0.240880818478465 0.119693390579721 -0.0684287532670189 -1.08440056899378 -2.30716289940846 -2.28880161123121 -1.83799629198676 -1.49782624886392 -0.92344112869698 -0.447254835518817 -0.134789709556558 0.174509865400308 0.37911629782014
-9999 -9999 -9999 -9999 -9999 -9999 -9999 -9999 -9999 -9999 -9999 -9999 -9999 -9999 -9999 -9999 -9999 -9999 -9999 -9999 -9999 -9999 -9999 -9999 -9999 -11.837225829608 -5.91654263195735 -2.53276776828636 -1.22087624433063 0.472526876295393 -0.578283549707836 -1.50432823467243 0.207868732420868 0.687062387004656 0.239301735350536 -0.159227336096876 0.306270331806215 0.817075099765174 0.77632870693876 0.952236623617875 1 0.853894362853087 0.385426334994313 -0.0424955250008567 -0.323962720723293 -0.743136522187845 -1.74419787905395 -2.57610953011266 -2.57161394487351 -1.66852797947331 -1.01294764118529 -0.434384243476993 0.0190560087904054 0.294254674091041 0.572003388904921 0.748873026304639
-9999 -9999 -9999 -9999 -9999 -9999 -9999 -9999 -9999 -9999 -9999 -9999 -9999 -9999 -9999 -9999 -9999 -9999 -9999 -9999 -9999 -9999 -9999 -9999 -9999 -13.0589988797027 -6.05680339565827 -2.40242858416921 -0.697080974794841 0.878863711463287 -1.00421077645907 -0.230513943505736 0.767658870620913 0.806099185303701 0.443519861099131 0.145802673590267 0.595418498155048 0.947345706789258 1 1 0.883807178088771 0.640747445853012 -0.0978521311087781 -0.805491015320982 -1.37546232454527 -2.021864269444 -2.56718562200741 -2.91732321639076 -2.31914086351882 -1.36973672257822 -0.779979720124461 -0.219461068521018 0.245180701785784 0.523012867568672 0.784552830870296 0.897133856205072
-9999 -9999 -9999 -9999 -9999 -9999 -9999 -9999 -9999 -9999 -9999 -9999 -9999 -9999 -9999 -9999 -9999 -9999 -9999 -9999 -9999 -9999 -9999 -9999 -9999 -13.7107895141973 -6.16661723499711 -2.54371095231769 -0.43119226607537 1 -1.47100057582426 0.404859794897475 0.924127979162049 0.846853286151975 0.513800977438234 0.255112685055483 0.576361124835436 0.955864492543874 1 1 0.937576671254441 0.442506010219074 -0.883962288613053 -1.74304906957332 -2.1815851446727 -2.50643788142347 -3.1777267781278 -2.98963795244547 -2.27735760111041 -1.40972152004111 -0.728911646272829 -0.156350778763172 0.283086997319063 0.518514181314692 0.742326110383629 0.857245747403907
-9999 -9999 -9999 -9999 -9999 -9999 -9999 -9999 -9999 -9999 -9999 -9999 -9999 -9999 -9999 -9999 -9999 -9999 -9999 -9999 -9999 -9999 -9999 -9999 -9999 -13.6433545160847 -5.74501714163582 -2.74384281000556 -0.577870342568496 0.910675595850591 -1.65396309956465 0.673403353483328 0.91076593941572 0.913707160838472 0.813579358034573 0.583773992394153 0.83564610361156 0.966183983117053 1 0.946645791361134 0.906821178063105 0.200276140759687 -1.3940762331126 -2.49186373191892 -2.75602166309133 -2.91890190272321 -3.44418238885951 -3.06902707010439 -2.39003570755966 -1.46562015150326 -0.899385113831398 -0.347871962886339 0.134142134570725 0.38008215977854 0.606083064803392 0.65939156500925
-9999 -9999 -9999 -9999 -9999 -9999 -9999 -9999 -9999 -9999 -9999 -9999 -9999 -9999 -9999 -9999 -9999 -9999 -9999 -9999 -9999 -9999 -9999 -9999 -9999 -13.7334630675639 -5.39068557808245 -2.90002713064883 -0.95650646947868 0.738444845683111 -1.28478791501327 0.6447390444642 0.685395485019511 0.709078056154856 0.808828088991575 0.891080978473641 0.927170205132537 1 1 0.991977233124593 0.92972732781921 0.255286582916945 -1.41469489099343 -2.59934707281804 -2.87768391907974 -2.99074428937984 -3.52983087657939 -3.24728584323741 -2.54988712093961 -1.79741499399831 -1.17617526234929 -0.567120935815886 -0.103242210764054 0.139129446668433 0.32060633319081 0.527755555320774
-9999 -9999 -9999 -9999 -9999 -9999 -9999 -9999 -9999 -9999 -9999 -9999 -9999 -9999 -9999 -9999 -9999 -9999 -9999 -9999 -9999 -9999 -9999 -9999 -9999 -12.7268233616146 -5.03409622976966 -2.87859211159039 -1.55095110753373 0.529114606400873 -0.817992515765501 0.156386771518549 0.606975476392328 0.334456529413921 0.615463562388908 0.890156065936631 0.967756404663241 0.993886643503836 1 0.979256590364163 0.973777151136187 0.457965313810608 -1.00960477828934 -2.19875875604193 -2.47426562987503 -2.49259378680098 -2.9469838764502 -3.49612529042732 -2.85499526693358 -2.03500600475043 -1.5255838353505 -1.00503802986165 -0.471017246809931 -0.210566113285947 0.135672249752831 0.335497449063515
-9999 -9999 -9999 -9999 -9999 -9999 -9999 -9999 -9999 -9999 -9999 -9999 -9999 -9999 -9999 -9999 -9999 -9999 -9999 -9999 -9999 -9999 -9999 -9999 -9999 -11.9445489603202 -5.26664374799749 -3.10793091307787 -2.16124880164432 0.222033725841897 -0.443492016700042 -0.805622421912274 0.533659819485213 0.279835035068984 0.687677305923375 0.910431761176385 0.968997309462527 0.97609941338109 0.97834124310294 0.971531911909415 0.980151041619467 0.612436393644527 -0.662747754340808 -1.64581347531749 -1.858278426965 -1.84035259865284 -2.33437327705631 -3.13969615970447 -3.21076954811408 -2.43444315284289 -1.92625091096014 -1.45372421739153 -0.936104613500787 -0.548827641738703 -0.12385988555595 0.086564797336155
-9999 -9999 -9999 -9999 -9999 -9999 -9999 -9999 -9999 -9999 -9999 -9999 -9999 -9999 -9999 -9999 -9999 -9999 -9999 -9999 -9999 -9999 -9999 -9999 -20.7308155825855 -10.9215877104643 -4.80690680324407 -3.57096003130268 -3.31993885480761 -0.317934652645335 0.00142312999861827 -1.73262246920442 0.232230158738396 0.113299776516795 0.463529576190076 0.835707720788028 0.88994970378097 0.926926102373438 0.972805345051082 0.965645460147983 0.95049016708837 0.590392859444445 -0.342175568295862 -1.04080645009638 -1.2251045436846 -1.30791861788662 -1.81344738531384 -2.48156634352675 -2.87322262364046 -3.14033205853279 -2.41120459374771 -1.79377263577356 -1.28461744266927 -0.985761727792161 -0.797876336422123 -0.62644796575588
