meets/meet006/_saidas_enm/CCSM_Gower_0k_T_nigriceps3.asc
NCOLS 154 
NROWS 168 
XLLCORNER -112 
YLLCORNER -55.5 
CELLSIZE 0.5 
NODATA_value -9999 
[rows 50 to 74 of 168, columns 56 to 111 of 154]
-9999 -9999 -9999 -9999 -9999 -9999 -9999 -9999 -9999 -9999 -9999 -9999 -9999 0 0 0 0.184095209443652 0.467790638377247 0.53451167861996 0.578435544223547 0.604959340216053 0.605277181609554 0.605196103918185 0.572141955376158 0.482639362495027 0.396463838357239 0.239399590782567 0.0718736584776054 0 0 0 0 0 0.154971127417322 0.448283717145699 0.617089545133345 0.664546206588742 0.670912115236171 0.672392767585209 0.667974086746268 0.623525970655015 0.639988917796414 0.617474555922011 0.578436292837169 0.523394672526259 0.427027943978545 0.464141719945979 0.450424113015755 0.455805419585294 0.490422905500944 0.473666115067716 0.512808828487912 0.530144407399637 0.534918680843689 0.533577755712109 0.535138534567705
-9999 -9999 -9999 -9999 -9999 -9999 -9999 -9999 -9999 -9999 -9999 -9999 -9999 0 0 0 0.13677644861551 0.382666788549583 0.492155006519303 0.516577196450807 0.508664826213056 0.483104175159334 0.444952221491025 0.37773577810433 0.261940677500867 0.127439763219893 0 0 0 0 0 0 0 0 0.305966268136717 0.560723893605549 0.630754811733853 0.635436762249174 0.635076114629529 0.629000391858268 0.608069948786166 0.601367240317569 0.579442120939471 0.550359243093692 0.517491916874958 0.480036759243507 0.473963599848541 0.473321436311816 0.480573360164717 0.49906188409646 0.510617594644541 0.528368070935785 0.537308180429382 0.540135346808123 0.5352281085813 0.530700432181871
-9999 -9999 -9999 -9999 -9999 -9999 -9999 -9999 -9999 -9999 -9999 0 0 0 0 0 0.0415700332503508 0.265015379590034 0.378945667530602 0.395809742235767 0.380558179679589 0.312109212856881 0.230749914902372 0.128805246538154 0 0 0 0 0 0 0 0 0 0 0.185042442845372 0.475182284413716 0.627347210848993 0.62865030021431 0.627583121373725 0.622671560350576 0.607323436055215 0.592078930641627 0.571926925640561 0.553649423348463 0.544554116673037 0.537484428578435 0.527789061934235 0.530164813949497 0.534360722809363 0.542934158822847 0.55435162346943 0.553337740150077 0.550989805484361 0.545051161698562 0.531069361122758 0.522190686084528
-9999 -9999 -9999 -9999 -9999 -9999 -9999 -9999 -9999 -9999 0 0 0.109078753370191 0.124602330871025 0 0 0 0.0856603338153737 0.20525962413936 0.230147801122905 0.206702736303135 0.111163197452324 0 0 0 0 0 0 0 0 0 0 0 0 0.111268625037464 0.4148503920266 0.591415001802431 0.626592169593182 0.625456418292726 0.617466968976133 0.60470797003707 0.587286506108489 0.571780213287358 0.56168015253857 0.55868651167413 0.562347339316092 0.56165598688742 0.566714770597675 0.569675868385232 0.571028500432258 0.573174625060149 0.56707961822859 0.537381939001224 0.493655571129067 0.530162558488723 0.517966637666434
-9999 -9999 -9999 -9999 -9999 -9999 -9999 -9999 -9999 -9999 0 0.21928691429398 0.359882958658277 0.228317006121432 0.0247487967420462 0 0 0 0.00631938584421687 0.00733905745542029 0 0 0 0 0 0 0 0 0 0 0 0 0 0 0.0363525212605809 0.350543911751212 0.51955554765717 0.620592704237914 0.619758347918701 0.611681655598851 0.599810113160369 0.582178102261206 0.568133885036086 0.561256877733319 0.564895902587799 0.574858917243845 0.550184932163566 0.566840134471332 0.588222629732586 0.578683737120948 0.541284437834045 0.494535884185217 0.453739457692545 0.434720404146065 0.532681800770368 0.520042950413226
-9999 -9999 -9999 -9999 -9999 -9999 -9999 -9999 0 0 0.256123358680977 0.362651599630136 0.435030224765865 0.335001532613203 0.0596996560805877 0 0 0 0 0 0 0 0 0 0 0 0 0 0 0 0 0 0 0 0 0.241055057633697 0.436161782117836 0.555448326453945 0.59877315802173 0.593481038626874 0.586774946124371 0.57159225822286 0.560322150346844 0.557500139307016 0.532198150959699 0.569361948013396 0.578238671512211 0.54837913570967 0.49905564595785 0.455520568979553 0.415769760476063 0.382411336603928 0.347626543607484 0.354832761281502 0.532706162615036 0.534186515315296
-9999 -9999 -9999 -9999 -9999 -9999 -9999 -9999 0 0.21228820671369 0.472303680906636 0.526779680659844 0.54079982194894 0.347678911357652 0.0899949762901945 0 0 0 0 0 0 0 0 0 0 0 0 0 0 0 0 0 0 0 0 0.104096896256178 0.289871028587792 0.434130675601904 0.506077339089912 0.522271722507142 0.508170871933921 0.490868221770681 0.487515958946643 0.536921162860594 0.500630381666559 0.468173491311114 0.40754633357705 0.350957317074125 0.2971796748128 0.242813760468088 0.218151087783175 0.199229143199843 0.195849808449456 0.275326866432063 0.482599016208697 0.544055445036199
-9999 -9999 -9999 -9999 -9999 -9999 -9999 0 0.110537898831924 0.3673835905394 0.581124221567513 0.62264874964048 0.591809939735316 0.409367219623226 0.172547313099306 0 0 0 0 0 0 0 0 0 0 0 0 0 0 0 0 0 0 0 0 0 0.113289858707501 0.255590338034442 0.335500179714474 0.366819346042621 0.386139347788812 0.358824591083416 0.326993534693768 0.289209972252519 0.238138035532371 0.191553115291387 0.120114506959589 0.0616102715294535 0.00968522494092694 0 0 0 0.0215099552068673 0.181811444937972 0.425199898739822 0.54984166854751
-9999 -9999 -9999 -9999 -9999 -9999 -9999 0.113993247563283 0.340281332235332 0.56551670816059 0.684153302298971 0.687190129099278 0.627277028125 0.468987570751597 0.272062879149006 0.10923781752764 0.0555091979399304 0.00753168772586266 0.000684200675242441 0 0 0 0 0 0 0 0 0 0 0 0 0 0 0 0 0 0 0.0179675191376738 0.07322299315044 0.0784042860354682 0.0795771390832868 0.0282459012565787 0 0 0 0 0 0 0 0 0 0 0 0.096941662162719 0.336032162233803 0.524805678448957
-9999 -9999 -9999 -9999 -9999 -9999 0.186580255279825 0.374394174132833 0.56991851940498 0.666973281618255 0.73914968873494 0.707229107410889 0.563536782560833 0.455988730178902 0.348079167069289 0.202555648810194 0.186222216741231 0.164331228348807 0.151377361725166 0.111121787711552 0.0497320200386718 0.0292969473788961 0.0247418758940063 0.0363596728035555 0.0282155648726707 0.0306418988479722 0.0201578521948167 0.0274673058520964 0.0376639066166637 0.0207185562335113 0.0247814400753008 0.00453150010059089 0 0 0 0 0 0 0 0 0 0 0 0 0 0 0 0 0 0 0.0099207644692163 0.0261411560201952 0.0626036439181057 0.0947898551596648 0.271472184768805 0.460414867452059
-9999 -9999 -9999 -9999 -9999 -9999 0.256192006234593 0.514960024348969 0.689684704271668 0.748715721749836 0.739118698236395 0.709285558912605 0.518767131202384 0.458996544111839 0.443185450557184 0.34338406375906 0.301146474214303 0.281764869973659 0.282386016085235 0.265664324441236 0.232462824792233 0.21606237584475 0.204893395930585 0.2151851583557 0.221351864654135 0.212675197466584 0.211472354077259 0.203048067148228 0.202356674429048 0.198033105311091 0.181011856294435 0.167224142829461 0.139874912282948 0.120151418149135 0.0976109081681719 0.0677255328574584 0.0533465482749469 0.0308294538298519 0.0257141396961369 0.0336735763318252 0.0265959710838802 0.0470048598685719 0.0592004322419805 0.080228390883836 0.114411728174759 0.13214017251362 0.159021207690237 0.167170390909685 0.173860659362333 0.188717989891865 0.194097911115637 0.211445016727502 0.22073325618684 0.230850267198949 0.231657930165199 0.372440620335981
-9999 -9999 -9999 -9999 -9999 -9999 0.243447734488172 0.468557928423755 0.670380820031951 0.748713454102939 0.739494433371895 0.714128956133157 0.536075377105732 0.490722110778969 0.498425167266496 0.411759520813127 0.403867544354945 0.387825731813545 0.390096286646219 0.372869733899875 0.347522269497017 0.338249717293236 0.339734239197782 0.350372044024889 0.342987960556247 0.345667366874872 0.329916900905798 0.329904789421728 0.327658628190397 0.305203936725128 0.300816811152672 0.274478024419976 0.260885940259595 0.240489509001375 0.211409028317695 0.202998813779678 0.182932968362828 0.181991040944605 0.178576063826812 0.178014552355847 0.194955750230175 0.198025723073182 0.229589865423427 0.250412966963303 0.267706089960457 0.30063283194228 0.303653205374334 0.324644137479177 0.332219697743588 0.326512997144869 0.341708641796082 0.334341168362735 0.344677916300109 0.354304239186193 0.334791830917596 0.334717201106233
-9999 -9999 -9999 -9999 -9999 -9999 -9999 0.41778347794636 0.618287790395299 0.734097124519604 0.7403668671451 0.71730513612282 0.565237265804803 0.534136142283814 0.529585147578835 0.502083901442718 0.487996137954172 0.472805298458463 0.473455405033781 0.473445900952436 0.463597735941262 0.462098848718131 0.460603164666669 0.466456394177934 0.470785709249653 0.465321682933858 0.462413991530859 0.452241901017646 0.446781676030463 0.437146239970824 0.420857671409208 0.408083437697601 0.386852699655449 0.373690384817273 0.363137834793959 0.345718235107965 0.342431293678909 0.335225422047292 0.338036324478674 0.353551943004262 0.361149862441726 0.384989131066367 0.40051872545002 0.417908453615425 0.441728204565758 0.453157022523878 0.469201995180647 0.472824018831393 0.475515996070142 0.479782347199947 0.478340626876315 0.47972920342328 0.474121915480697 0.472115445345753 0.466691457698921 0.451535478465582
-9999 -9999 -9999 -9999 -9999 -9999 -9999 -9999 0.59433200119444 0.722704302507365 0.732951498823042 0.718440413793206 0.587326139007198 0.572489966733841 0.558877603547096 0.544028627458463 0.540605083222315 0.529508857456807 0.53079722100699 0.532700147396578 0.529494613419499 0.532581960384318 0.539780885985386 0.545664547906964 0.545725622654191 0.547603284833673 0.540765422425168 0.536972982877609 0.531895840506138 0.516212529847017 0.50880457176827 0.490310225673598 0.477768012451801 0.465642345057771 0.452538908950767 0.447249289814665 0.441264828824073 0.445603993006449 0.448133118797662 0.455834233405357 0.474886134856792 0.483496061666872 0.505606644428407 0.520549677267115 0.519797534800438 0.519269434770644 0.519269005159068 0.519516568829737 0.519782068783702 0.519971849697399 0.519766065752497 0.520428204594002 0.521223308218277 0.523854893927045 0.527589829565867 0.532165300253126
-9999 -9999 -9999 -9999 -9999 -9999 0.376892375383893 0.525620567037883 0.683760820373926 0.732600338322907 0.733554848023258 0.707502342448086 0.598303737601548 0.584755000052328 0.582735766871828 0.58657527358454 0.580662943861662 0.573191916926083 0.554746221701983 0.550220048943069 0.550538068912201 0.548809419333284 0.548130096028739 0.547075292206773 0.546136268704539 0.545433316763314 0.544932174859914 0.544586659749918 0.543855460847572 0.542850384565528 0.542119722677651 0.542119293066075 0.54231788101708 0.541890202693175 0.541235152442674 0.539861899040001 0.538206713040579 0.535774467103074 0.532657635119218 0.529335663607823 0.525881801342598 0.523688741650029 0.521812520494757 0.519968949819261 0.518596877848422 0.517667950218223 0.518385938564607 0.519317014252686 0.519916322401202 0.519969701639519 0.520352055942156 0.522037314751897 0.525054476850122 0.530304652517484 0.536784591321136 0.544534354540541
-9999 -9999 -9999 -9999 -9999 0.39778059936994 0.526177563777202 0.6660391770958 0.729254023108417 0.737211934089269 0.717819302437961 0.68669959650288 0.602418886326994 0.595818399995003 0.609636354818314 0.606801388614854 0.578886740574602 0.563273367068153 0.550388564083754 0.546522059899784 0.545912011461868 0.545299492757391 0.546424645474926 0.545867331857965 0.544020431692755 0.543033721305584 0.542022093447006 0.541633187567835 0.541419563211671 0.541388094163729 0.541883543713747 0.541495389654834 0.542004801581072 0.541967532776854 0.541745208786276 0.541682807704863 0.539676521644958 0.537969352644841 0.534740069830968 0.530413129440423 0.526162337701724 0.524125441817029 0.522285093228353 0.52011394372616 0.518093265678459 0.516093746000877 0.518050734132436 0.519913100314382 0.521029660800397 0.520952008508035 0.521094424745479 0.524681251793475 0.528974145466622 0.535784777780898 0.544820046238579 0.556010998181717
-9999 -9999 -9999 -9999 -9999 0.442835925154242 0.591605872382027 0.674488746632257 0.714906779575968 0.728049963431253 0.702714643980978 0.663270928269598 0.627812562187323 0.635874088746472 0.638931579662483 0.590898895045258 0.569047883664019 0.554589950491214 0.542654696492661 0.541901372594151 0.541565953356192 0.54176679676797 0.542359445937058 0.542057214193344 0.541398297438659 0.539846218217477 0.539508758324531 0.539194927068266 0.539093646139225 0.539489210997824 0.539816467615839 0.540170789763142 0.540668387371041 0.540921535992197 0.541149767141945 0.541034738642472 0.539858676953181 0.538107580169418 0.535267095831822 0.531712060040449 0.528217921689974 0.525411161861093 0.522989334004306 0.520772430869269 0.51904560713955 0.518047404642722 0.519135073750251 0.520776082567665 0.522211307440176 0.523058071856465 0.524988531473207 0.528745162496616 0.53441839816344 0.542006412624482 0.549981829324179 0.559407185092865
-9999 -9999 -9999 -9999 -9999 -9999 0.601148377838326 0.658354799738366 0.695453080422115 0.700756575943178 0.679937137195116 0.655532933730747 0.630748045998122 0.647698824768953 0.64429597821219 0.590569490369362 0.572710859363861 0.5511842047225 0.536513291610894 0.53921329296314 0.538379094685448 0.542058610430966 0.540696741735056 0.540405787295212 0.540938183440766 0.538166329552436 0.538861441082398 0.537766146369395 0.537371118525266 0.538046360519839 0.537874730695228 0.538615058843564 0.538919546048052 0.539242828758989 0.539876291027797 0.540038684203523 0.538908161341288 0.537509668258525 0.535208131643016 0.532589863893104 0.529970307308465 0.527287705225047 0.524563108610076 0.522541034324753 0.521442947136506 0.520353452179778 0.521505455620813 0.522699990607872 0.524070558938196 0.525175842120341 0.528038451454101 0.532814335941563 0.539470200685586 0.546909999152909 0.553847044673422 0.56165598688742
-9999 -9999 -9999 -9999 -9999 -9999 0.518402103525824 0.626327660631698 0.66709842196722 0.703696677895767 0.6765262523374 0.6690713165994 0.637232803042534 0.616509996167434 0.618696272552644 0.611943457739933 0.609324893749277 0.550508103504775 0.521561305125693 0.532763963984277 0.548244265305061 0.5472000943696 0.543339389941906 0.542185345845885 0.543202666057845 0.543779849210197 0.540841306030379 0.537657025029092 0.536215785594517 0.536600502760822 0.537479165836629 0.536835500292892 0.536562696942134 0.536653989402033 0.537187781785209 0.537788271365559 0.537003263613319 0.535937182487483 0.534562210638505 0.533024953016695 0.53137019662885 0.529516207872636 0.527820638385071 0.526478854030339 0.52561973828124 0.525303436758412 0.525774505851493 0.526552962027199 0.527445265270544 0.527568563792855 0.529836912914117 0.536054036836154 0.543848801868144 0.551571392155367 0.557613019748609 0.56397932629041
-9999 -9999 -9999 -9999 -9999 -9999 0.376828149774017 0.611594886584031 0.659203663071287 0.707487488778704 0.679634875462161 0.674243622795816 0.662231626224767 0.635860272710983 0.614163723065059 0.604521019360948 0.62690625953944 0.548304088717018 0.505410809746355 0.527626131744038 0.556174035774808 0.553406263196449 0.544278198638353 0.542108445373781 0.544657116048382 0.54773399415567 0.542783150353884 0.537017225989538 0.534586913304125 0.534996440538944 0.535973592068548 0.534153220418156 0.532733031950805 0.532595019232016 0.53346122357212 0.534857998208579 0.53470709714251 0.534222173076104 0.533652937737908 0.533252754554867 0.532640450656178 0.531735688677129 0.531181060132517 0.530500018381668 0.530097150126277 0.530199612487153 0.530405289029161 0.530853588708714 0.531270741549007 0.530240318183978 0.531721404092227 0.539552149093707 0.54858236961537 0.556232462949143 0.561748782987835 0.567367994998978
-9999 -9999 -9999 -9999 -9999 -9999 -9999 -9999 0.547872293892503 0.716432123014724 0.703536188424724 0.692835265194025 0.671181881859038 0.661718552582819 0.644817558970529 0.62756033938319 0.621222645586648 0.543873826742446 0.483249746765067 0.516846318079129 0.558320375208487 0.554948676157171 0.538815043032191 0.535243896806718 0.541375742830919 0.546270414919144 0.541828875640702 0.534993325855018 0.531717430185149 0.531925362187931 0.532238119415257 0.529351344430347 0.526364255142442 0.525849795280186 0.527850926001179 0.530430313903463 0.531184926636701 0.531954253566417 0.532595448843592 0.532766004639263 0.5334365209065 0.533401400160162 0.533789983830651 0.534070842398459 0.534048609999401 0.534511086860962 0.534755321041916 0.535217690500582 0.535385883432585 0.534190059610798 0.536451212738163 0.543099559279606 0.552420197226642 0.561321749081294 0.56793551189087 0.573913556970864
-9999 -9999 -9999 -9999 -9999 -9999 -9999 -9999 0.355471856504145 0.717576729193902 0.732936970097338 0.723130989387876 0.681181202634119 0.684942032497204 0.671945567374779 0.648009239993742 0.636992775202101 0.543170122980963 0.472065968082895 0.51509156959697 0.562143273817494 0.554401565815139 0.532748390564647 0.52825433127104 0.537356619134576 0.544544128203895 0.540209239999194 0.532259170382481 0.528692749884344 0.529094221902113 0.528540237774865 0.524465264573643 0.519707101563691 0.518860122341614 0.521816924013411 0.525182071488193 0.5268392981426 0.528446475048404 0.529965903789811 0.531241313156051 0.53292087961241 0.533877946800837 0.535260544255288 0.536152632692845 0.536720471793419 0.537869360550528 0.538177821662094 0.538846726885921 0.538906765103666 0.537382181023348 0.538989250526257 0.544410841212442 0.553429140012871 0.564496686030804 0.574652918493154 0.584789388823008
-9999 -9999 -9999 -9999 -9999 -9999 -9999 -9999 -9999 0.63182335395344 0.748137202018466 0.745850103065836 0.687011581312096 0.700654316321563 0.700230775561494 0.673337764578403 0.668781033973274 0.568021541608963 0.481584287658416 0.517111388421519 0.561743412843135 0.553701621154947 0.529533070126994 0.524009876303086 0.534124114233883 0.542235288191594 0.538509374395869 0.530405074223373 0.526396046399066 0.526420104647322 0.525537897276012 0.519890975318218 0.513829155980904 0.512287924452016 0.515220023458193 0.519043566484564 0.521133519398894 0.522816415344967 0.525469481632535 0.528026207524185 0.530870880574648 0.532924746116594 0.534717407820334 0.536920241176257 0.538575749384361 0.53992526674746 0.541297768329876 0.541833064353568 0.541863351969675 0.540403531834438 0.540306439618263 0.543673627748031 0.549539973818266 0.562437557747052 0.582228044606916 0.601743687461037
-9999 -9999 -9999 -9999 -9999 -9999 -9999 -9999 -9999 -9999 0.719933710851133 0.748713191052058 0.716374211434224 0.731406403115459 0.72957066598907 0.709693616487886 0.712679268752032 0.605584743148644 0.511707197004162 0.532686848706386 0.56416223341889 0.552757120105118 0.530079965663238 0.524717983583223 0.533822204698851 0.54074840252707 0.536920563384939 0.529181325649146 0.524926022988899 0.52425679555639 0.522275104759211 0.515981187767966 0.5091775366418 0.506923364702545 0.509553983785267 0.512744064542831 0.514888578127312 0.516909900592377 0.519947791449143 0.523645780492429 0.527469216115906 0.530775506804776 0.533701913457572 0.536964920780161 0.539784568956321 0.542244739646266 0.544431355165196 0.545328276732983 0.545542975118087 0.543535400223454 0.543396528281514 0.54599771897128 0.551412972886718 0.564481971834326 0.584815058114674 0.604565100366117
-9999 -9999 -9999 -9999 -9999 -9999 -9999 -9999 -9999 -9999 -9999 0.603324747857718 0.747943436049402 0.745926134106069 0.742619541214138 0.740359731323147 0.734841995727229 0.662967399020741 0.557949405612614 0.559064677263902 0.563249523625685 0.549989132720971 0.536806071899936 0.529939267872099 0.535106313699505 0.538623221463508 0.534947787027962 0.5289351582161 0.524359365320159 0.521843022916653 0.518462946439605 0.512462883766341 0.506378509821287 0.504077972910283 0.505335593416969 0.507019168083992 0.510287545551281 0.511799563493002 0.515813317044645 0.520735054662157 0.524323170544882 0.529999413492738 0.53347733400622 0.538118857473288 0.542907308099347 0.545883120083382 0.548843143842 0.549810199499568 0.550173758295756 0.548966227558523 0.549030561892028 0.553194894301059 0.560205188595279 0.570104191126501 0.581326504714687 0.591962291098744
