meets/meet006/_saidas_enm/CCSM_SVM_0k_T_nigriceps3.asc
NCOLS 154 
NROWS 168 
XLLCORNER -112 
YLLCORNER -55.5 
CELLSIZE 0.5 
NODATA_value -9999 
[rows 48 to 71 of 168, columns 55 to 109 of 154]
-9999 -9999 -9999 -9999 -9999 -9999 -9999 -9999 -9999 -9999 -9999 -9999 -9999 -9999 0.0586368897087418 0.0899554161665331 0.0373830362535962 -0.0963510087748604 -0.151862739714289 0.149590365953312 0.289260481429365 0.252230763473931 0.162611313638929 0.0555676018914823 0.011192905079245 0.00885073804503278 0.00771596710102229 0.0347877327107095 0.0667601908587232 0.0829974399176189 0.071012182766602 0.0547083246222154 0.0315747452156641 -0.0033271103291963 -0.0565084286316468 -0.050038713343995 0.175567467967107 0.453565242432663 0.732755783009834 0.806344006450959 0.794723800468679 0.786129761962504 0.717239238694975 0.667804573917286 0.534129583442558 0.360279130739444 0.278880462223727 0.145055077327099 0.00423734666972214 -0.0569650162805307 -0.0271546551269638 -0.0271596933583597 -0.00801812102979227 -0.0140792598517644 -0.0274848033751721
-9999 -9999 -9999 -9999 -9999 -9999 -9999 -9999 -9999 -9999 -9999 -9999 -9999 -9999 0.050108294065807 0.0789889005896479 0.0380343413454793 -0.116064120129343 -0.157256702846068 0.0501278786096561 0.131276833786119 0.027309720808589 -0.00883546527134704 -0.0191105323486689 -0.0338180031852284 -0.0236061476659292 -0.00243716196576138 0.0199920215285108 0.0303791611103628 0.0280721996662484 0.0308788753642736 0.0360672538953741 0.0268946469452258 0.00489159899058678 -0.0390596560823525 -0.0613690583125105 0.109482944517172 0.343794488406359 0.560191796325917 0.619010077576618 0.602037466637385 0.556650189433552 0.50074895883274 0.422049692655391 0.304154015888522 0.190808673803246 0.128921895096206 0.110100147731699 0.0873737746143811 0.0498786237858591 0.022404942959138 0.00145663691806092 -0.00632080646807709 -0.014415288321576 -0.0243530653531803
-9999 -9999 -9999 -9999 -9999 -9999 -9999 -9999 -9999 -9999 -9999 -9999 -9999 -9999 0.0712722495961533 0.0714763694642155 0.0132725887895634 -0.124617862966756 -0.144402926511721 -0.0208421233977959 0.0129775848969381 -0.0935645861527276 -0.0697618088801423 -0.0517386614464244 -0.0443862088743872 -0.0263179190110431 -0.0103439179688355 0.00909809952118096 0.029599266842426 0.0315662233311076 0.0347715346583805 0.0358460794603476 0.0220105945318957 0.0119770412887183 -0.0109859209674962 -0.0673860905501193 -0.00462972733389544 0.23570816896253 0.341021055174273 0.357921191917351 0.342889525001915 0.201312289848078 0.241993864741183 0.175432630412486 0.100719695938579 0.0585868450344571 -0.00402997582774889 0.0150610419573411 -0.0193606881521248 -0.031270431352551 -0.0160945568608541 -0.042302604955847 -0.0186694002734525 -0.0145328914382996 -0.0157908762728818
-9999 -9999 -9999 -9999 -9999 -9999 -9999 -9999 -9999 -9999 -9999 -9999 -9999 -9999 0.071425946966842 0.051976627992099 0.00143690194427193 -0.108129800692299 -0.149691509811835 -0.0906511878313561 -0.0896724629315616 -0.0968365237531822 -0.079033679793118 -0.0565742827846781 -0.02971049606238 -0.00764172737674973 0.0115258887582359 0.0161180741612015 0.0158084394176493 0.0225179139785295 0.0344894501794032 0.0379250381405144 0.0296686638966827 0.0109619470141558 0.00732040635477543 -0.0517259184039983 -0.0645208538853704 0.0757234920327116 0.234155421714813 0.250415497687249 0.223613249352126 0.155392703400553 0.127326337670939 0.0758236992895435 0.0334545592356383 0.0173669723829982 -0.00813015992725963 -0.0108870035911596 -0.0283803635620994 -0.0328417806606051 -0.0225187247265551 -0.0197888785863792 -0.00645950209840607 -0.00691962053580297 -0.00249782926782705
-9999 -9999 -9999 -9999 -9999 -9999 -9999 -9999 -9999 -9999 -9999 -9999 0.0863101929997647 0.0358651967518423 0.00237964424504217 -0.00977772159504497 -0.0160197629729363 -0.0650031974827517 -0.11855726475154 -0.123937131398345 -0.102800009413408 -0.0890743810034621 -0.0582857789538224 -0.0246226562929366 0.00318521998320276 0.0153300987884917 0.0136525311182158 0.0207915420920193 0.0295809517327748 0.0383129052478147 0.0458046041584064 0.0483075701901345 0.0397565761610833 0.0182149226762565 0.00166054380246694 -0.0310463842755863 -0.0703096509494878 -0.00391854183000273 0.145669655657968 0.223038932977083 0.204636980003071 0.151231798017035 0.105506021508274 0.0605887109174895 0.0336113712241244 0.0307805692018168 0.0252723645602596 0.0188539647088372 0.00641797535442939 0.0105912637173083 0.0267606428333607 0.0275813034672729 0.0185531105009649 0.0140134223147669 0.0145988464895018
-9999 -9999 -9999 -9999 -9999 -9999 -9999 -9999 -9999 -9999 -9999 0.0859943145408296 0.0404262013910118 -0.06837692150133 -0.0997871219116221 -0.0450585429338581 -0.00197335365932727 -0.00690379304603617 -0.0506389097366216 -0.0589509679996217 -0.0477486963232902 -0.0322866184182919 -0.00689363332289672 0.0141576516711007 0.0252735886029112 0.0280244508456384 0.0300211616080221 0.0376581703529552 0.0449906599523226 0.0507999010688693 0.0554202525545844 0.0555259038825439 0.0458285676324323 0.0247815946683057 0.000479988661311659 -0.0124812248526088 -0.0672018958079806 -0.0380467503046004 0.0654872911138811 0.154198626087373 0.178591667228741 0.141734062244867 0.0997815776066125 0.0669632656529442 0.0524277938844615 0.0533189437945938 0.0631941219760719 0.0584237767838185 0.0561799077600315 0.0500735479242131 0.0407762354065559 0.0357020272243212 0.024320611122536 0.0232301114737982 0.0285233465985444
-9999 -9999 -9999 -9999 -9999 -9999 -9999 -9999 -9999 -9999 -9999 0.00243153207984087 -0.124036700791356 -0.188468746077461 -0.139772451410731 -0.0546730432289311 0.0103215571538459 0.0240909304610845 0.0162562729947108 0.00704358640524927 0.0136754078040336 0.022739252756203 0.0336802597941517 0.0405001045583654 0.0418795063794364 0.0432289109152353 0.0459004628952765 0.0511651372358509 0.0570351017006971 0.0576819300261436 0.0546165593384892 0.0562671804982141 0.0499854730536464 0.0313711427478842 0.00485223730702211 -0.00239724738653146 -0.0510420749808854 -0.0566840032679772 -0.00113112365020196 0.0590321979048254 0.100892216001271 0.111410071753696 0.0821535998440345 0.059105834230921 0.0499328041625932 0.0556466303835692 0.0652411775059084 0.0468735766656074 0.0442359304842442 0.0296262119990314 0.0145876640064492 0.0307537534430259 0.0313656460582266 0.0288920390013255 0.0438607894865369
-9999 -9999 -9999 -9999 -9999 -9999 -9999 -9999 -9999 0.0643666102809146 -0.0205571746072005 -0.0455991218865303 -0.117054691397884 -0.131011341999569 -0.133657547707807 -0.0561029756700719 -0.00144053335763872 0.0198627569833709 0.0381135453222846 0.0455581071482851 0.0487038840938851 0.0484274833553214 0.0500903538352911 0.0471152026005522 0.0459132416429837 0.0491820265464435 0.0483216636390852 0.0473688303529485 0.0448976367445322 0.0442734958964346 0.0450269303635527 0.0433852060704742 0.0412285635081536 0.03654845652609 0.0146950850941045 0.00659417826240327 -0.0192778021517314 -0.0479500826012657 -0.044422967958319 -0.0190042387818454 0.00254054076202992 0.0136693493362562 0.0150230247521109 0.00824228369429164 0.00635710770196773 0.000588221482938689 -0.00359444958125954 -0.0184769309916022 -0.0295668046975309 -0.0246858071368131 0.0110529538345551 0.0508126804865892 0.0609445433926644 0.0501142695580643 0.057630121971132
-9999 -9999 -9999 -9999 -9999 -9999 -9999 -9999 -9999 -0.00709747894685697 0.0111988153963198 0.311486680423868 0.269429256849648 0.0931901915699767 -0.0897691949159094 -0.0529308863627663 -0.0114674809601812 0.00261333230490862 0.03626889140038 0.0484556680461644 0.0500072723484692 0.049000401275871 0.0465936037675297 0.0433283648632022 0.0397623610772344 0.0386477837800248 0.036788776426378 0.0343460647354684 0.0324782740823047 0.031305989507488 0.0308080685337802 0.0289465388118305 0.0263394746588335 0.0234894944646639 0.0235404356175458 0.017401714412866 0.0124285153591802 -0.00998691556675702 -0.0315959925697528 -0.0382332073206432 -0.0380523640128645 -0.0378043152920502 -0.0397912310415889 -0.0394310555543091 -0.031759820719572 -0.028898777401022 -0.0313821443911062 -0.0287086353616791 -0.0172738765206678 0.0225116767687567 0.0615405908560684 0.0924950270298053 0.0866133492787907 0.0710623210920189 0.0739194149737639
-9999 -9999 -9999 -9999 -9999 -9999 -9999 -9999 0.0215945053183946 -0.0439684769432547 0.246949202013947 0.68493804002511 0.628614928188883 0.34400008305668 -0.0064526238711986 -0.0736175240101149 -0.0290315075095519 -0.010661326157442 0.0236678815564959 0.032889068406227 0.0365983451865172 0.03681224051244 0.0335419807494111 0.0298198053010658 0.0272080103249303 0.0265905167111474 0.0264214534102644 0.0241581479806708 0.0200011215988106 0.0186147620440256 0.0202870499521152 0.0228695902345088 0.0191299214639002 0.01658550353642 0.0159192238582299 0.0181378080259543 0.0247938869729929 0.0268086359759977 0.0163154916406902 0.00551983965784958 0.00230903447415443 0.00395674184475153 0.0116205560445873 0.0164182143834457 0.00778797477448284 -0.00982741779382701 -0.0239324858260261 -0.0285582615316154 -0.0131418757013723 0.0103341023533433 0.0308796421735127 0.0476609569760755 0.0415622445242245 0.0406997914180986 0.0629586574892894
-9999 -9999 -9999 -9999 -9999 -9999 -9999 -9999 -0.0392519210242324 0.0362429009514665 0.529877033130195 0.910350855909857 0.813807053170258 0.450953686249898 0.0506984859936314 -0.0840423340404579 -0.0585783876477973 -0.0233242045535212 0.00592411706524043 0.0174306018852851 0.0236976478655868 0.0255057747078536 0.0225072194718494 0.0175722820460673 0.015215070095065 0.0161351540249033 0.0161837248326875 0.0140074660554776 0.0110320345979769 0.0124270143015683 0.0175051630899891 0.0198867532494736 0.0204893771105683 0.0160686881747872 0.0147043251491007 0.0161504073668492 0.0176066776017907 0.0228286355934217 0.0293587353722486 0.0329316582217703 0.0332244043012299 0.0279911853343507 0.010011447303664 -0.0186079938009708 -0.0498360521122106 -0.0670621449577113 -0.0638311250143027 -0.0517015350933758 -0.0327219124988134 -0.0144064864570103 0.000186797925871174 0.0102950994661316 0.00878479818275918 0.0140772275086505 0.0452996703921246
-9999 -9999 -9999 -9999 -9999 -9999 -9999 0.0223779612254607 -0.050198053861943 0.270213439097261 0.70791960242406 1.02034377321496 0.90369454767991 0.430816189078796 0.0499928163447136 -0.0620597175353731 -0.0582607614807292 -0.0339787708376446 -0.0114742525107671 0.00202881762683538 0.0106987920654444 0.0153607185071518 0.0131492212002434 0.0103459847702953 0.00982960037434566 0.0110251261022029 0.0135847598006916 0.0101588053585919 0.00787229633070552 0.0088499196075511 0.0105777421632003 0.0146058377350342 0.0154971168507406 0.0163475052357426 0.0175750503133399 0.0164028150760134 0.0148335112194516 0.0122578909219088 0.0100888711538839 0.00174053837912891 -0.00480294392434744 -0.0162167450453902 -0.0373374037576576 -0.055461392153509 -0.067233229800688 -0.0631984339432933 -0.0380009881352654 -0.0198750164999648 0.00534723992986263 0.022916327997248 0.0347655373386432 0.0493786266644637 0.0442957857960711 0.0500466097985046 0.0420369528186359
-9999 -9999 -9999 -9999 -9999 -9999 -9999 -0.0629439137184911 -0.0844172999394845 0.315407228262673 0.672539093807349 0.919088697660031 0.872303798894323 0.41921893674709 0.0842379417367127 -0.0314406118902223 -0.0509733461246206 -0.035867198955514 -0.0199862291428565 -0.00898269835169707 -0.00163955327975596 0.00402711583404841 0.00494021158972474 0.00362450015188914 0.00462885469462188 0.0082658964745923 0.011842270725909 0.0096476679609338 0.00611379538735196 0.00560354472728064 0.00703477846063333 0.0089827247820784 0.00959042187522452 0.0100062950802599 0.011932030666125 0.0148741707106463 0.0154888026100591 0.0138190453875667 0.00789794410937633 -0.00224229118197161 -0.0121497275554523 -0.0286985222662125 -0.040578478574963 -0.0466448810956458 -0.0376229475640925 -0.0112080898106067 0.0232719100715947 0.0484843057801779 0.066670427438118 0.0791717533699071 0.0881307664496454 0.0888604603655828 0.0763842348808623 0.0595197278719605 0.0353754903067823
-9999 -9999 -9999 -9999 -9999 -9999 -9999 -0.096594302518014 -0.113780724494008 0.251234119180858 0.544187101426716 0.778092665507992 0.818161463575816 0.442342435900299 0.11562119652737 0.00967004724725162 -0.0350609796078376 -0.0310379197662627 -0.0252430097578104 -0.0184524877886212 -0.0136179553037142 -0.00797481600702199 -0.00722674839042003 -0.00837305547888911 -0.00770147498491136 -0.00374163579982789 -0.00060900693222149 -0.0017183230465756 -0.00409387635781266 -0.0053642662625023 -0.00314946732087296 -0.000772326259369627 0.000508555173467484 0.00285130891666729 0.00513825679767782 0.00801463801837327 0.0139444775664379 0.0114392598457933 0.00800603524986793 -0.00238208168454235 -0.0135649418778555 -0.0212375701749381 -0.0223468224500877 -0.010556669690523 0.00934985301279456 0.0349210665796496 0.0637471223121777 0.0811600051172444 0.0941910341763637 0.097836257112497 0.0968025468933852 0.0880741944857707 0.0651798739565016 0.0323565555624604 0.0160566824539239
-9999 -9999 -9999 -9999 -9999 -9999 -9999 -9999 -0.137175988139896 0.136395181629556 0.420762114912043 0.658711751303597 0.751658241884721 0.458355131425321 0.19209047541213 0.0728373317038232 0.00649223012395478 -0.0168977315793032 -0.0265758335245448 -0.0272660259147067 -0.0269897872340711 -0.0258802587612821 -0.0256696312953568 -0.0258956439785948 -0.0258443548494731 -0.0244210393750158 -0.0219256405985081 -0.0223944864169632 -0.0223442615457637 -0.0221244999333203 -0.020648143336638 -0.0173922477823721 -0.0153001514778108 -0.0119247861529944 -0.00946765213224021 -0.00709034288661603 -0.00350051679402363 -0.00244765879060738 -0.00215103284148244 -0.00820439823489005 -0.013584415427411 -0.0122784951002647 -0.0028776138840374 0.0159114971325748 0.0391991326914112 0.0570735702282852 0.0730502102738299 0.0792499365259772 0.0800120691440543 0.0758803415100838 0.068723497237809 0.0532550965180557 0.0279800691439638 0.000718590967470845 -0.0163927662310545
-9999 -9999 -9999 -9999 -9999 -9999 -9999 -9999 -9999 0.0632541888109124 0.377634170838876 0.636030789452317 0.72297783080261 0.479110543476209 0.22872113433238 0.116818829489893 0.0387346386183391 2.07175418304173e-05 -0.0234979179497566 -0.0322746181289288 -0.0351907958478163 -0.0370610307197168 -0.0384944220012585 -0.0406167772048018 -0.0416664288706856 -0.0405569425085694 -0.039519953743965 -0.0391583262808139 -0.038801282493992 -0.0382082541970351 -0.0367131110360093 -0.0364016717795701 -0.0329091573349103 -0.0305170961199417 -0.0285822785238605 -0.0266816982382992 -0.026365910637687 -0.0249799478418284 -0.0256961870309187 -0.0263873125837069 -0.0258377771962024 -0.0181727588397272 0.000745999402346265 0.0242386758051312 0.0447945157824528 0.0580667101956719 0.0682364912856838 0.0632162761590412 0.0511260104358248 0.0414938848565682 0.0343555060770163 0.0154108465548443 -0.00105883428868736 -0.0216311492812566 -0.0365026267629215
-9999 -9999 -9999 -9999 -9999 -9999 -9999 -0.114311189318851 -0.0892694967899323 0.158615256897248 0.457275425002062 0.650781663066112 0.712149400028716 0.488309838362917 0.284922324924724 0.179943402441274 0.0791632056622288 0.0178075200966102 -0.01495889442168 -0.0312666960987084 -0.0377985404754472 -0.0413891230021043 -0.0451028040122484 -0.0476075319053503 -0.0496587811843642 -0.0507202602545436 -0.0509638470177067 -0.0507080614863511 -0.0501448610611002 -0.0501589042962741 -0.0502655416031738 -0.0505219620996843 -0.0495494865638899 -0.0480854678953473 -0.0479684416725816 -0.0481870269132246 -0.0483343357440215 -0.0495719676997026 -0.0496512705622738 -0.0499353164710196 -0.0473247354390867 -0.0335564415450058 -0.0153800458019203 0.00684248537107035 0.0263620058358727 0.0379062818417963 0.0424780849534541 0.0369539631631799 0.0258981191583523 0.015742865001279 0.00650168720422217 -0.00480890166985082 -0.0202003528342554 -0.0343295945974633 -0.0455891280920603
-9999 -9999 -9999 -9999 -9999 -9999 0.0236557074101958 -0.0498942684648755 0.110793921854054 0.367801829293995 0.548426111765133 0.736682009962516 0.730180362818856 0.512784357255527 0.330731998321162 0.20580125630482 0.0927797486259046 0.0227506111144022 -0.00825982749867205 -0.026384998731566 -0.0363010242090653 -0.0394217055530615 -0.0436309173373047 -0.0446182598455857 -0.0467978556509828 -0.0490954008814574 -0.0497892891284152 -0.0497725886031292 -0.050264162209359 -0.0509389426752316 -0.0507932702281524 -0.0520218502349521 -0.0530808252928354 -0.0541190012612995 -0.0560689127838567 -0.056972704103781 -0.0591545838376237 -0.0598739093402648 -0.0591185928229193 -0.0582778792811696 -0.0551823960697991 -0.0422169430933406 -0.0224011579139618 -0.00605035664706255 0.00988414062153398 0.0180891196772012 0.0208144434638431 0.0156966987776349 0.00437750641822721 -0.00470699924018059 -0.0103001169363849 -0.0175403872308106 -0.0301322533194867 -0.0389383828553719 -0.0459676991773115
-9999 -9999 -9999 -9999 -9999 -9999 -0.0152979235739112 0.0204720716297733 0.20446952013677 0.434474028332999 0.602304318441446 0.699801332793037 0.74092000256728 0.610657004419598 0.441436780227915 0.27680948319338 0.117278078964749 0.0414187747667269 0.00129842150311243 -0.0230193897423643 -0.0271338165696655 -0.0310326059039064 -0.034119332020158 -0.0361098134458988 -0.0378709239363805 -0.0378421988661453 -0.0388834140321145 -0.0377228774821858 -0.0378560580585636 -0.0386179291122568 -0.0393829809971307 -0.0417592726182696 -0.0437265175000651 -0.0465480989039114 -0.0499666148668847 -0.0533292676997602 -0.055966675373066 -0.0559506656134839 -0.0541586946427485 -0.0545899550420118 -0.056436622029523 -0.0442053825744152 -0.0290780856127265 -0.0146186790740656 -0.00305757059829137 0.00219196378640507 0.00164869348163621 -0.00297252802002679 -0.0110769690182917 -0.0183464506016889 -0.0247461166195945 -0.0310977582006203 -0.037122615210665 -0.0407161118171048 -0.040988828741138
-9999 -9999 -9999 -9999 -9999 -9999 -9999 0.0170962950022613 0.22107665425473 0.43416481056306 0.604161849768605 0.695288268662739 0.80850415492267 0.731551450671974 0.577441512055407 0.391618096747921 0.159506056272905 0.087319846854706 0.0277000031072135 -0.00645052744470065 -0.00508784743793123 -0.00903495005398613 -0.00830420457532166 -0.0135955673677383 -0.0151857844083533 -0.0147903680443213 -0.0192475152794874 -0.0170321954228866 -0.0175477453304993 -0.019366248520418 -0.0210379433543966 -0.0238436733373255 -0.0276794208593569 -0.0307174480598925 -0.0345379754386226 -0.0389953257230985 -0.0420748329506657 -0.0417619909095144 -0.0401593861206213 -0.0425447970268524 -0.0498024183222667 -0.0440709302921408 -0.0320975169074041 -0.0213940771467775 -0.0123711316215288 -0.010201429507294 -0.0109114962146251 -0.014356373230196 -0.0210030652043117 -0.0275003966567815 -0.0337378188807883 -0.0394003945540318 -0.0402855134330206 -0.0387821260543894 -0.0352047931320518
-9999 -9999 -9999 -9999 -9999 -9999 -9999 -0.0402676982485516 0.146377925830845 0.384803717707714 0.642403759756642 0.830890096631643 0.967920352583855 0.949900342117238 0.813306916121814 0.604319183317168 0.374843421751028 0.204907776511359 0.0676673671606457 -0.00129543120076492 0.0134912530446367 0.0397163672296987 0.0356322041047005 0.0302337882357896 0.0257314667090882 0.0205858331818238 0.0161322057540894 0.012161313326122 0.00847086934240937 0.00303737187756681 -0.00273149698082287 -0.00763542976804421 -0.0117411722673807 -0.0153247557486411 -0.0188523183151201 -0.0219279942509675 -0.0235324159764754 -0.022750082042288 -0.0217096368682341 -0.0255305481563692 -0.034505693039838 -0.0416231830005905 -0.0327155509620349 -0.024334858307929 -0.0173622949990472 -0.0146197381873469 -0.0150950389958237 -0.0179314603764897 -0.0227027452966703 -0.0286063721515277 -0.0367467771929507 -0.0403440088618462 -0.0382178157984721 -0.0318801116848135 -0.0250123685238006
-9999 -9999 -9999 -9999 -9999 -9999 -9999 -0.0500526298919283 0.0153118505203546 0.29390309931621 0.66373764515447 0.905660271203767 1.05012595371788 1.01344001603619 0.887099424729246 0.7573022814719 0.536527266676549 0.343550721604469 0.098107581084995 -0.00669548625745409 0.0309859796170428 0.0837923164866264 0.08632334206106 0.0763676663449431 0.0688538060349786 0.0577183392737673 0.0504492328696844 0.0408425754117134 0.0325709017101746 0.0219667594321244 0.0113179836443323 0.0048987075657641 -0.00139504910853239 -0.00557361170063619 -0.00878413105967968 -0.0100761228134579 -0.00891809875426974 -0.00740339393939748 -0.00581131868905993 -0.00935314659810826 -0.0183835870636304 -0.0277130229051772 -0.0286437050823326 -0.023071953569999 -0.0176607647330776 -0.015553505566176 -0.01578296283295 -0.0183257581345154 -0.0222591736515509 -0.0282165982412936 -0.0382290461572442 -0.0416440099650502 -0.0361150976861596 -0.025722009449697 -0.0192539944299783
-9999 -9999 -9999 -9999 -9999 -9999 -9999 -9999 -9999 -0.00876402257283804 0.56472233562113 0.903806152562974 1.02237086088293 0.949891464116394 0.862365325848569 0.819366203258889 0.724643600628217 0.463200437134417 0.104765679524066 -0.046851981367516 0.0254088401040014 0.122087259468385 0.12690379552978 0.102502315186362 0.0923281616630868 0.0857620650317983 0.0766304381582172 0.0649630086527626 0.0529968994387012 0.0375509682492802 0.0229001185090976 0.012327397177688 0.00298886751170685 -0.00440695751565134 -0.0081273298365464 -0.00711812180062765 -0.00241973639824145 -0.000493202045594499 0.00143528001614984 0.000214918634082018 -0.00560032624403395 -0.0107313650866186 -0.0173447472125972 -0.0188197831947949 -0.0153902529739628 -0.0153152405825803 -0.0155913242029928 -0.018910641378337 -0.0228122116486775 -0.0287701150865457 -0.0385085047989597 -0.0403692255140502 -0.0346847982678972 -0.0225527622570835 -0.00982293187578798
-9999 -9999 -9999 -9999 -9999 -9999 -9999 -9999 -9999 -0.0550054231329918 0.365626482360706 0.815529324160392 0.907015757555702 0.797563430062311 0.717952874259291 0.80339980235772 0.833670178579549 0.59688280402671 0.118439806220325 -0.0626917691980232 0.038865439509062 0.159481353486859 0.156954356746467 0.121596775999619 0.108028581863928 0.105013221709042 0.0980760777621741 0.084201860082151 0.0709105217990872 0.0522939926606406 0.0319550337559261 0.0158995666801453 0.00187500708752558 -0.00901451744240722 -0.0150245097428942 -0.0136916258960612 -0.00750204427800494 -0.00470916045439018 -0.00125194318176869 3.24040020471816e-06 -0.00181758581795677 -0.00259471019824797 -0.00685378240224643 -0.00892888930002433 -0.0120332963728031 -0.0151606546361175 -0.0156442742799819 -0.0164356322592 -0.0158933964128185 -0.0186401746934539 -0.0270012695978875 -0.0285508554372754 -0.0253837218562846 -0.0140962763798067 0.000410779248587401
