meets/meet006/_saidas_enm/CCSM_Maxent_0k_T_subalaris1.asc
NCOLS 154 
NROWS 168 
XLLCORNER -112 
YLLCORNER -55.5 
CELLSIZE 0.5 
NODATA_value -9999 
[rows 75 to 99 of 168, columns 55 to 109 of 154]
-9999 -9999 -9999 -9999 -9999 -9999 -9999 -9999 -9999 -9999 -9999 -9999 0.0454399883747101 0.0276254378259182 0.0248797237873077 0.0288842432200909 0.216205015778542 0.281943619251251 0.315843343734741 0.138275161385536 0.0802647322416306 0.0632441639900208 0.0541015118360519 0.053089939057827 0.0530366189777851 0.0811579748988152 0.0853262022137642 0.0815579816699028 0.0771633833646774 0.0736292377114296 0.0712074935436249 0.0686501190066338 0.0649987533688545 0.0622266866266727 0.0618880912661552 0.0637442469596863 0.0662689432501793 0.0689384788274765 0.0716893002390862 0.0767652168869972 0.0834619402885437 0.0894310772418976 0.094073586165905 0.0976556316018105 0.102808281779289 0.108640067279339 0.113580532371998 0.0182710159569979 0.0184221658855677 0.0185168776661158 0.01828783005476 0.0184939205646515 0.0192274488508701 0.0203412510454655 0.0215687807649374
-9999 -9999 -9999 -9999 -9999 -9999 -9999 -9999 -9999 -9999 -9999 -9999 0.0421107187867165 0.0357061587274075 0.0293079409748316 0.030915942043066 0.0387609787285328 0.0521191731095314 0.0709340944886208 0.0724845603108406 0.19127368927002 0.0686245560646057 0.0605862028896809 0.058665044605732 0.0532518140971661 0.0567208789288998 0.0778767317533493 0.079372838139534 0.0751568675041199 0.0706259682774544 0.0679451674222946 0.0654179379343987 0.0613492876291275 0.0599756315350533 0.0602050311863422 0.0625615268945694 0.0678051933646202 0.0681182295084 0.071416050195694 0.0768190696835518 0.0839182287454605 0.096203476190567 0.0974027663469315 0.102419346570969 0.108059160411358 0.111805327236652 0.121990084648132 0.121880777180195 0.0190947186201811 0.0193042494356632 0.019275140017271 0.0195593480020761 0.020270885899663 0.0209357831627131 0.0213040504604578
-9999 -9999 -9999 -9999 -9999 -9999 -9999 -9999 -9999 -9999 -9999 -9999 -9999 0.0409969091415405 0.0375559851527214 0.0401930473744869 0.0469460338354111 0.0563061721622944 0.0701587274670601 0.0771662816405296 0.069936029613018 0.258469641208649 0.120445400476456 0.066205307841301 0.0501478761434555 0.0555021166801453 0.0844297334551811 0.0819265395402908 0.0732121169567108 0.0667702704668045 0.0626566782593727 0.0598916597664356 0.0560879521071911 0.0545448586344719 0.054941076785326 0.0575223714113235 0.0619200877845287 0.0633092895150185 0.0661228448152542 0.0708898603916168 0.0769996121525764 0.0855800062417984 0.08831936866045 0.0929963067173958 0.0991295650601387 0.10610818117857 0.115589648485184 0.119640968739986 0.12221971899271 0.0199533924460411 0.0202355496585369 0.02046874538064 0.0208768974989653 0.0210959371179342 0.0211901273578405
-9999 -9999 -9999 -9999 -9999 -9999 -9999 -9999 -9999 -9999 -9999 -9999 -9999 0.240834549069405 0.0489730350673199 0.082375556230545 0.0738077610731125 0.0700046867132187 0.0789719596505165 0.0589220747351646 0.0658193975687027 0.0743519365787506 0.326346725225449 0.0914965271949768 0.0491760224103928 0.0658385157585144 0.107567600905895 0.0840535536408424 0.047564547508955 0.0407144166529179 0.0544537492096424 0.0532552860677242 0.0496926456689835 0.0474739372730255 0.0476708263158798 0.0501610897481441 0.0533724091947079 0.0557249188423157 0.0577588267624378 0.0615985132753849 0.0659937933087349 0.0695244818925858 0.0736173167824745 0.0752373561263084 0.0833974108099937 0.0952246189117432 0.105971239507198 0.118811398744583 0.125083863735199 0.02101806178689 0.0216754712164402 0.0216644499450922 0.0218576192855835 0.0217056721448898 0.0227114576846361
-9999 -9999 -9999 -9999 -9999 -9999 -9999 -9999 -9999 -9999 -9999 -9999 -9999 -9999 0.250275880098343 0.090912252664566 0.0659101605415344 0.0526578761637211 0.0455914102494717 0.0274759270250797 0.0300083700567484 0.0432236380875111 0.0608772113919258 0.0601197555661201 0.0974290892481804 0.086403414607048 0.0785924270749092 0.0581849254667759 0.0393181219696999 0.0307891629636288 0.029940877109766 0.0244471859186888 0.0236992631107569 0.0337215960025787 0.0417973138391972 0.0434204041957855 0.0453171841800213 0.0470470599830151 0.0478199012577534 0.0521958097815514 0.057188406586647 0.0609316043555737 0.0619893334805965 0.0633540749549866 0.0724055767059326 0.0883128941059113 0.10615199804306 0.12249818444252 0.134221464395523 0.143677055835724 0.0239110961556435 0.0238412842154503 0.0233664102852345 0.0269674453884363 0.0302275344729424
-9999 -9999 -9999 -9999 -9999 -9999 -9999 -9999 -9999 -9999 -9999 -9999 -9999 -9999 0.226268440485001 0.101268917322159 0.0563966184854507 0.042732659727335 0.0142138032242656 0.0128921633586287 0.0192281845957041 0.02743886038661 0.0415482595562935 0.0733999758958817 0.0630360096693039 0.032142486423254 0.0919778719544411 0.066096618771553 0.0372330248355865 0.0232207197695971 0.0223152283579111 0.0232171136885881 0.0165458228439093 0.0180919859558344 0.0192445404827595 0.0300785172730684 0.0362298376858234 0.0397488214075565 0.0409010611474514 0.0438478030264378 0.0473482236266136 0.0507700107991695 0.0564132742583752 0.055698424577713 0.0653800144791603 0.0858547985553741 0.111306257545948 0.12708292901516 0.144403994083405 0.147205635905266 0.152306765317917 0.027053901925683 0.0295945182442665 0.0333136953413486 0.036442968994379
-9999 -9999 -9999 -9999 -9999 -9999 -9999 -9999 -9999 -9999 -9999 -9999 -9999 -9999 -9999 0.120242528617382 0.0798751041293144 0.0303337331861258 0.0119351018220186 0.0102084204554558 0.0148729961365461 0.0226802676916122 0.0340260453522205 0.0661188289523125 0.0926032587885857 0.139156684279442 0.110720217227936 0.0296257790178061 0.00822401791810989 0.0267285332083702 0.0215469431132078 0.0149012561887503 0.0153954774141312 0.0156359542161226 0.0135616790503263 0.0161288268864155 0.025817759335041 0.0269830599427223 0.0338137596845627 0.0371343940496445 0.0429781079292297 0.04848288372159 0.0527692437171936 0.0562074109911919 0.0668679922819138 0.0842434167861938 0.105236038565636 0.123967327177525 0.131042137742043 0.127356082201004 0.144997403025627 0.167104616761208 0.190361335873604 0.0351220928132534 0.0379839017987251
-9999 -9999 -9999 -9999 -9999 -9999 -9999 -9999 -9999 -9999 -9999 -9999 -9999 -9999 -9999 0.358105152845383 0.12302602827549 0.0324315577745438 0.0137824043631554 0.010003368370235 0.0121076926589012 0.0174109637737274 0.0228950977325439 0.0588535293936729 0.0860539302229881 0.114990472793579 0.149452492594719 0.143837124109268 0.040593758225441 0.0111743407323956 0.00777730531990528 0.0149117382243276 0.0168162658810616 0.0141576137393713 0.0104344822466373 0.0125308558344841 0.0134085267782211 0.0208329316228628 0.0210203789174557 0.0283968932926655 0.0345108471810818 0.0441582500934601 0.0482541881501675 0.0555965378880501 0.0674167424440384 0.0820592045783997 0.100573115050793 0.11862114071846 0.115521863102913 0.127233222126961 0.158169835805893 0.169179320335388 0.199336111545563 0.216090366244316 0.0404681786894798
-9999 -9999 -9999 -9999 -9999 -9999 -9999 -9999 -9999 -9999 -9999 -9999 -9999 -9999 -9999 -9999 0.281517088413239 0.0414717681705952 0.0235721785575151 0.0150806671008468 0.011446425691247 0.0113829085603356 0.0127382716163993 0.0154604809358716 0.0306998956948519 0.0433575809001923 0.0613350197672844 0.0879246070981026 0.0767804607748985 0.0807990953326225 0.0764166712760925 0.0278668384999037 0.0534787103533745 0.0194362439215183 0.0109462300315499 0.0100189428776503 0.0114365937188268 0.0121211493387818 0.0176347587257624 0.0232410952448845 0.0256935339421034 0.0302728824317455 0.0386915057897568 0.0510156936943531 0.0585038624703884 0.0781287178397179 0.0966913402080536 0.112368583679199 0.130639404058456 0.156322300434113 0.194395750761032 0.22361795604229 0.247889205813408 0.256131172180176 0.266022682189941
-9999 -9999 -9999 -9999 -9999 -9999 -9999 -9999 -9999 -9999 -9999 -9999 -9999 -9999 -9999 -9999 0.0620520710945129 0.233315080404282 0.0321710146963596 0.0197832901030779 0.011841275729239 0.00756984949111938 0.00798098184168339 0.0127064315602183 0.0137026775628328 0.0185166914016008 0.0229875445365906 0.0342909768223763 0.0478254146873951 0.0724621266126633 0.0635910555720329 0.0895549282431602 0.0492443405091763 0.0380954779684544 0.0136700849980116 0.0131082627922297 0.0139371799305081 0.0131282564252615 0.0126066906377673 0.0186181608587503 0.0188040118664503 0.020377304404974 0.0296602211892605 0.0455331839621067 0.0484780520200729 0.0638742297887802 0.0900012701749802 0.11045428365469 0.144668683409691 0.178160041570663 0.211734756827354 0.230052530765533 0.251575738191605 0.276521742343903 0.283374041318893
-9999 -9999 -9999 -9999 -9999 -9999 -9999 -9999 -9999 -9999 -9999 -9999 -9999 -9999 -9999 -9999 0.146527171134949 0.140130087733269 0.167159453034401 0.019233163446188 0.0140611510723829 0.01010203640908 0.00782668776810169 0.0110869836062193 0.0125502310693264 0.0131409261375666 0.0140631552785635 0.0170550998300314 0.0137664964422584 0.0189254563301802 0.0310855992138386 0.0505639687180519 0.0630092099308968 0.0285326763987541 0.0415844731032848 0.0227284505963326 0.0156780760735273 0.0137747479602695 0.0122515792027116 0.0181728135794401 0.0192473493516445 0.0198936797678471 0.0249939579516649 0.0432902202010155 0.0433786325156689 0.0529446192085743 0.0756831988692284 0.105836093425751 0.142980739474297 0.171131536364555 0.197536617517471 0.228199690580368 0.226198807358742 0.230030119419098 0.243607044219971
-9999 -9999 -9999 -9999 -9999 -9999 -9999 -9999 -9999 -9999 -9999 -9999 -9999 -9999 -9999 -9999 -9999 0.123763121664524 0.093796506524086 0.113574184477329 0.0164236817508936 0.00351272360421717 0.00424600299447775 0.00423944927752018 0.00880489777773619 0.00770413922145963 0.0076850694604218 0.00677945604547858 0.00637092022225261 0.00870660971850157 0.0187952220439911 0.0353080257773399 0.0513710863888264 0.0705458521842957 0.0283845402300358 0.0641718134284019 0.0284587442874908 0.0198720265179873 0.0155889177694917 0.0202449969947338 0.0193416029214859 0.0200309045612812 0.0283616837114096 0.0447950176894665 0.0397783778607845 0.0494929738342762 0.0676059573888779 0.0886312425136566 0.114623494446278 0.134336411952972 0.153983771800995 0.180868998169899 0.164830476045609 0.159924536943436 0.17182856798172
-9999 -9999 -9999 -9999 -9999 -9999 -9999 -9999 -9999 -9999 -9999 -9999 -9999 -9999 -9999 -9999 -9999 -9999 0.122228741645813 0.0188755504786968 0.0942278280854225 0.0749053955078125 0.00943870190531015 0.00914943218231201 0.00772665394470096 0.00692302454262972 0.00510115223005414 0.00437697535380721 0.00417091837152839 0.0058868546038866 0.0123888915404677 0.0248844958841801 0.0403878316283226 0.0699280351400375 0.0838519111275673 0.0590418577194214 0.0826137214899063 0.0426621027290821 0.0272378344088793 0.0207424741238356 0.0326197482645512 0.03893818333745 0.0448606908321381 0.0459919050335884 0.045517809689045 0.0550470650196075 0.0660643950104713 0.0665461122989655 0.0745176821947098 0.0807505622506142 0.0906991213560104 0.0915164425969124 0.0963633060455322 0.093219056725502 0.10183272510767
-9999 -9999 -9999 -9999 -9999 -9999 -9999 -9999 -9999 -9999 -9999 -9999 -9999 -9999 -9999 -9999 -9999 -9999 -9999 -9999 0.0137139046564698 0.0127159599214792 0.0792916864156723 0.0118987523019314 0.00915530044585466 0.00702152587473392 0.00522146187722683 0.00425963941961527 0.00373152503743768 0.00472331512719393 0.0082324119284749 0.016099825501442 0.0274665094912052 0.0767472311854362 0.122184179723263 0.0888653174042702 0.0692553669214249 0.016949474811554 0.0556569211184978 0.0345695503056049 0.0346465371549129 0.0472466312348843 0.0540792904794216 0.0529140494763851 0.0565340630710125 0.0576007291674614 0.0548705346882343 0.054086659103632 0.0527703016996384 0.0553243570029736 0.0590058751404285 0.054844681173563 0.0604188740253448 0.0620185174047947 0.0685250759124756
-9999 -9999 -9999 -9999 -9999 -9999 -9999 -9999 -9999 -9999 -9999 -9999 -9999 -9999 -9999 -9999 -9999 -9999 -9999 -9999 -9999 -9999 0.0176025703549385 0.0979834124445915 0.0946420803666115 0.0108958687633276 0.00690692011266947 0.00514979101717472 0.00437389593571424 0.00472000613808632 0.00578905176371336 0.00794055871665478 0.0156108308583498 0.0310638155788183 0.0770976468920708 0.0790127292275429 0.136919379234314 0.127118185162544 0.026410473510623 0.0628310218453407 0.0541201084852219 0.0398122631013393 0.0545758195221424 0.0574911274015903 0.0521990731358528 0.0522104203701019 0.0505417250096798 0.05002311617136 0.0489825680851936 0.0496326722204685 0.0499417819082737 0.0480723194777966 0.0502849854528904 0.0557622127234936 0.0621809847652912
-9999 -9999 -9999 -9999 -9999 -9999 -9999 -9999 -9999 -9999 -9999 -9999 -9999 -9999 -9999 -9999 -9999 -9999 -9999 -9999 -9999 -9999 -9999 -9999 0.117003098130226 0.119336843490601 0.0128353293985128 0.00736006861552596 0.00538031756877899 0.0049472120590508 0.00518507091328502 0.00592604093253613 0.0100583732128143 0.026256350800395 0.0420283302664757 0.065055251121521 0.102985806763172 0.135357111692429 0.129623100161552 0.0469811297953129 0.120833307504654 0.0629434660077095 0.0436424165964127 0.0530885495245457 0.0471424236893654 0.0463775061070919 0.0480367764830589 0.0492617562413216 0.0485963188111782 0.0436510741710663 0.0419703051447868 0.0412719994783401 0.0447232574224472 0.0502752363681793 0.0555791407823563
-9999 -9999 -9999 -9999 -9999 -9999 -9999 -9999 -9999 -9999 -9999 -9999 -9999 -9999 -9999 -9999 -9999 -9999 -9999 -9999 -9999 -9999 -9999 -9999 -9999 -9999 0.130003556609154 0.0829023718833923 0.00798786617815495 0.00543640134856105 0.00585104804486036 0.00719312392175198 0.0079778665676713 0.00939846411347389 0.0201640743762255 0.0331863090395927 0.0509739220142365 0.079675480723381 0.115055367350578 0.133449777960777 0.122113615274429 0.165782496333122 0.0645311176776886 0.0553534030914307 0.0405954122543335 0.0421529896557331 0.0463858023285866 0.0475055985152721 0.0464550778269768 0.0418024882674217 0.0354824401438236 0.0341539569199085 0.0378505438566208 0.0434702597558498 0.0468054115772247
-9999 -9999 -9999 -9999 -9999 -9999 -9999 -9999 -9999 -9999 -9999 -9999 -9999 -9999 -9999 -9999 -9999 -9999 -9999 -9999 -9999 -9999 -9999 -9999 -9999 -9999 0.0152536844834685 0.0923044234514236 0.0734140127897263 0.0553662665188313 0.00490203173831105 0.00472922995686531 0.00573711330071092 0.00699088256806135 0.00905689410865307 0.019969629123807 0.0300289820879698 0.0459080226719379 0.0684667453169823 0.105233438313007 0.0838572084903717 0.393126994371414 0.154702112078667 0.0672462582588196 0.0382607206702232 0.0381971970200539 0.045518234372139 0.0474952422082424 0.0467090234160423 0.0421638637781143 0.0350541137158871 0.0296825245022774 0.030811220407486 0.0352989062666893 0.0380107574164867
-9999 -9999 -9999 -9999 -9999 -9999 -9999 -9999 -9999 -9999 -9999 -9999 -9999 -9999 -9999 -9999 -9999 -9999 -9999 -9999 -9999 -9999 -9999 -9999 -9999 -9999 -9999 -9999 0.0577397868037224 0.0655171647667885 0.0211203806102276 0.00679301144555211 0.00115821987856179 0.00268516596406698 0.00645527895539999 0.0091933635994792 0.0104998759925365 0.0178531594574451 0.0277841314673424 0.0445836372673512 0.068776935338974 0.387021481990814 0.306366056203842 0.0791153237223625 0.034824512898922 0.0368967056274414 0.0455357618629932 0.0451920591294765 0.0475200265645981 0.0432859994471073 0.0345899388194084 0.0298695899546146 0.0272275060415268 0.0280732344835997 0.0308173522353172
-9999 -9999 -9999 -9999 -9999 -9999 -9999 -9999 -9999 -9999 -9999 -9999 -9999 -9999 -9999 -9999 -9999 -9999 -9999 -9999 -9999 -9999 -9999 -9999 -9999 -9999 -9999 -9999 0.0110079115256667 0.0119647802785039 0.0250629466027021 0.00961091928184032 0.00920138321816921 0.0194324795156717 0.00504973717033863 0.00790427159518003 0.0101064369082451 0.0133602600544691 0.0176223088055849 0.0285175759345293 0.0495784729719162 0.377073615789413 0.479268103837967 0.11274017393589 0.0418365448713303 0.0352618545293808 0.0401413328945637 0.0394686050713062 0.039676621556282 0.0363459996879101 0.031126718968153 0.0273834466934204 0.0251125656068325 0.0245403442531824 0.0251974873244762
-9999 -9999 -9999 -9999 -9999 -9999 -9999 -9999 -9999 -9999 -9999 -9999 -9999 -9999 -9999 -9999 -9999 -9999 -9999 -9999 -9999 -9999 -9999 -9999 -9999 -9999 -9999 -9999 -9999 0.0103734480217099 0.0349702686071396 0.0270415116101503 0.0279415789991617 0.0782693326473236 0.0883760377764702 0.0150216827169061 0.0124692851677537 0.0131765762344003 0.0139814671128988 0.0206178091466427 0.0401043631136417 0.11431273072958 0.375869423151016 0.0907929688692093 0.02986048348248 0.0366635136306286 0.0330550745129585 0.0320791378617287 0.030675770714879 0.0284454710781574 0.0264966171234846 0.0237743183970451 0.023248853161931 0.0225244779139757 0.0244713816791773
-9999 -9999 -9999 -9999 -9999 -9999 -9999 -9999 -9999 -9999 -9999 -9999 -9999 -9999 -9999 -9999 -9999 -9999 -9999 -9999 -9999 -9999 -9999 -9999 -9999 -9999 -9999 -9999 -9999 0.0132775316014886 0.0111449109390378 0.0446769073605537 0.106685444712639 0.108622387051582 0.0930555984377861 0.015474527142942 0.0198490209877491 0.0133223636075854 0.013149356469512 0.0178859420120716 0.0361065156757832 0.101978182792664 0.448936879634857 0.130830124020576 0.0367069654166698 0.0252664256840944 0.0340746194124222 0.0277457274496555 0.0245882254093885 0.02304975874722 0.0240504890680313 0.0244734883308411 0.0237663760781288 0.022902199998498 0.0260857399553061
-9999 -9999 -9999 -9999 -9999 -9999 -9999 -9999 -9999 -9999 -9999 -9999 -9999 -9999 -9999 -9999 -9999 -9999 -9999 -9999 -9999 -9999 -9999 -9999 -9999 -9999 -9999 -9999 -9999 0.0148417893797159 0.0157342106103897 0.0516393780708313 0.149414166808128 0.10695418715477 0.0888246148824692 0.0151904532685876 0.0198991671204567 0.0133916046470404 0.0122288186103106 0.0164285358041525 0.0317299962043762 0.0630575492978096 0.367568850517273 0.113210506737232 0.0294020213186741 0.0306275896728039 0.0257474966347218 0.0270930901169777 0.0215103551745415 0.0204073749482632 0.0237926580011845 0.0278249252587557 0.025926074013114 0.024654783308506 0.0296905376017094
-9999 -9999 -9999 -9999 -9999 -9999 -9999 -9999 -9999 -9999 -9999 -9999 -9999 -9999 -9999 -9999 -9999 -9999 -9999 -9999 -9999 -9999 -9999 -9999 -9999 -9999 -9999 -9999 -9999 0.0151168880984187 0.0244188979268074 0.148612916469574 0.164309576153755 0.102811396121979 0.0849072113633156 0.0139078805223107 0.0177191235125065 0.0120502132922411 0.0124575700610876 0.0190109480172396 0.0272438805550337 0.0513268038630486 0.299001604318619 0.126438125967979 0.0329564698040485 0.0202124305069447 0.0196840893477201 0.0273247882723808 0.024756608530879 0.0233767349272966 0.0254156310111284 0.0279967598617077 0.0292250011116266 0.0311054512858391 0.0394574329257011
-9999 -9999 -9999 -9999 -9999 -9999 -9999 -9999 -9999 -9999 -9999 -9999 -9999 -9999 -9999 -9999 -9999 -9999 -9999 -9999 -9999 -9999 -9999 -9999 -9999 -9999 -9999 -9999 -9999 0.0161040257662535 0.108382634818554 0.220712795853615 0.167459562420845 0.0949254259467125 0.0793074294924736 0.0130244642496109 0.015162649564445 0.0117279579862952 0.0145529303699732 0.0224594101309776 0.0283827409148216 0.0410469584167004 0.261872261762619 0.0927629098296165 0.0244385227560997 0.0161301624029875 0.0140508636832237 0.0204876139760017 0.0289789773523808 0.0273383259773254 0.0288460049778223 0.0303617641329765 0.0352879166603088 0.0403447262942791 0.0535381063818932
