meets/meet006/_saidas_enm/CCSM_SVM_0k_S_lineola1.asc
NCOLS 154 
NROWS 168 
XLLCORNER -112 
YLLCORNER -55.5 
CELLSIZE 0.5 
NODATA_value -9999 
[rows 96 to 119 of 168, columns 56 to 111 of 154]
-9999 -9999 -9999 -9999 -9999 -9999 -9999 -9999 -9999 -9999 -9999 -9999 -9999 -9999 -9999 -9999 -9999 -9999 -9999 -9999 -9999 -9999 -9999 -9999 -9999 -9999 -9999 -9999 0.0246644708924167 0.20075686129058 0.267437156498614 0.0404589690225821 -0.0154851352454517 0.00335131839261021 -0.0223115651510217 -0.0264299946134373 -0.0302215351134371 -0.0248074889265112 0.0808922980136128 0.4759354264471 0.945796556657495 0.813202195645528 0.341168926617791 0.061686362469224 -0.0213643582197133 -0.0532868133853552 -0.0706561022021389 -0.0654170505841841 -0.0812805889877777 -0.107415098401795 -0.115915287609607 -0.122207765638673 -0.106366696234728 -0.0911057775453195 -0.0781799736520791 -0.0466624138816635
-9999 -9999 -9999 -9999 -9999 -9999 -9999 -9999 -9999 -9999 -9999 -9999 -9999 -9999 -9999 -9999 -9999 -9999 -9999 -9999 -9999 -9999 -9999 -9999 -9999 -9999 -9999 -9999 0.050193154680592 0.184248141596106 0.316508464410767 0.0431923596008413 0.0242594899201439 0.0501118765529145 -0.00939938107926375 -0.020151600218267 -0.0302112487573124 -0.0359309330100706 0.0501769096037476 0.436689578525423 0.947639498878662 0.862495086745118 0.380785051634477 0.0878044781048514 0.00961920472349925 -0.0136470829345485 -0.0983982787139647 -0.0805119245636484 -0.0645904541982241 -0.103133186253733 -0.0965001253612017 -0.108271891594327 -0.0934233966709255 -0.0689094602984022 -0.0355234237798394 0.0164450458415351
-9999 -9999 -9999 -9999 -9999 -9999 -9999 -9999 -9999 -9999 -9999 -9999 -9999 -9999 -9999 -9999 -9999 -9999 -9999 -9999 -9999 -9999 -9999 -9999 -9999 -9999 -9999 -9999 0.0282768905720207 0.159515862498327 0.273851229525724 0.0331447563712317 0.014380559757008 0.0380063034029828 -0.00546292551076499 -0.0328682235914677 -0.0437664455882624 -0.0322201410295783 0.0668940015079473 0.45302945790038 0.966995134331532 0.863034890537711 0.372338900935967 0.0874326593672908 0.0274052806102829 0.00317673748520081 -0.0737837998903836 -0.104109714323992 -0.10671938266761 -0.0968282697679516 -0.0900682237418075 -0.0818636344075921 -0.070425045895272 -0.0386296919621133 0.0183285367290287 0.0977807682064328
-9999 -9999 -9999 -9999 -9999 -9999 -9999 -9999 -9999 -9999 -9999 -9999 -9999 -9999 -9999 -9999 -9999 -9999 -9999 -9999 -9999 -9999 -9999 -9999 -9999 -9999 -9999 -9999 0.0181013675644414 0.107889498923648 0.25298368512992 0.0156106326813102 0.00160046001667713 0.0224540792188749 -0.0110055663310832 -0.0369990906488875 -0.0439399751959639 -0.0184131786267607 0.0771283755058746 0.496045815549716 0.982541154378208 0.809428212431375 0.302003125995367 0.0482099422258281 0.0292337179329851 0.0193989770094382 -0.0433752663357646 -0.0715109120062093 -0.0853007441540798 -0.0902103806646635 -0.0442158975553955 -0.0549735411884366 -0.0398024725125001 0.00962505218255411 0.0898765314540803 0.184395071471628
-9999 -9999 -9999 -9999 -9999 -9999 -9999 -9999 -9999 -9999 -9999 -9999 -9999 -9999 -9999 -9999 -9999 -9999 -9999 -9999 -9999 -9999 -9999 -9999 -9999 -9999 -9999 -9999 0.000856322739715754 0.088967613534647 0.15263031003326 -0.00393804274704807 -0.0172417367194694 -0.00400844876931389 -0.0185004913077514 -0.0323450607822717 -0.0355871090267709 -0.00251202877215612 0.111643817126309 0.581038308252075 0.999266773291019 0.71836766182686 0.239027719518321 0.0212628844665342 0.00912440976707196 0.00926810508603676 -0.0687707413803108 -0.119245610345739 -0.103587332165984 -0.074471996187177 -0.0537119437199071 -0.0333311910920094 -0.0024772813404218 0.0572045684619988 0.147860165829465 0.256112242315826
-9999 -9999 -9999 -9999 -9999 -9999 -9999 -9999 -9999 -9999 -9999 -9999 -9999 -9999 -9999 -9999 -9999 -9999 -9999 -9999 -9999 -9999 -9999 -9999 -9999 -9999 -9999 -9999 0.0133522212420951 0.0779399113236045 0.0906394096042489 -0.0134088297588907 -0.0227006126715704 -0.0161282288676378 -0.0250911399201718 -0.0185254957832337 -0.0152336551414093 0.0199733635163493 0.150884706047013 0.672455260355632 0.96580367040899 0.599160665647792 0.156540737884723 -0.0185019730293015 -0.000307586988493369 0.00873313848246465 -0.0849570533644399 -0.125198182578043 -0.0965401447179275 -0.0690738719799814 0.00617072545121494 0.00154689055617141 0.0218835649931363 0.0767669558734839 0.164989574873721 0.298641263567476
-9999 -9999 -9999 -9999 -9999 -9999 -9999 -9999 -9999 -9999 -9999 -9999 -9999 -9999 -9999 -9999 -9999 -9999 -9999 -9999 -9999 -9999 -9999 -9999 -9999 -9999 -9999 0.0560078029047467 0.0177449182484724 0.0828784361993753 0.0910423834180442 -0.0122771717043538 -0.0239217371493639 -0.0223033379124847 -0.0232248804578671 0.00487648941113572 0.012399475675026 0.0504700226513348 0.248083759024324 0.78008694401408 0.915933790017202 0.490208116704986 0.106950226728492 -0.0351776204636911 -0.00293545472756873 0.015271786846733 -0.0545558714890059 -0.10097796996158 -0.0874801466198047 -0.059241119896288 -0.0170697832390602 0.00894711486660116 0.014560549924275 0.0588729495260359 0.152204162733221 0.26113756268594
-9999 -9999 -9999 -9999 -9999 -9999 -9999 -9999 -9999 -9999 -9999 -9999 -9999 -9999 -9999 -9999 -9999 -9999 -9999 -9999 -9999 -9999 -9999 -9999 -9999 -9999 -9999 0.0628903927091526 0.0264719331333758 0.101354411016115 0.0717793465421309 -0.0130764518766643 -0.0247629481585219 -0.0226183580383731 -0.0119012680781962 0.0316264459763504 0.0351219465716143 0.0758004490601745 0.331841945302843 0.859394131623938 0.834670176641449 0.418625186739465 0.0980649753477991 -0.0200102843561976 0.0272627217439239 0.0551355255582639 -0.00192690580466814 -0.0584993526039277 -0.0611173972297189 -0.0418460250059225 -0.0144753418562212 0.000885666907927962 -0.00171523938372387 0.054238157540206 0.147193602933028 0.243386441490512
-9999 -9999 -9999 -9999 -9999 -9999 -9999 -9999 -9999 -9999 -9999 -9999 -9999 -9999 -9999 -9999 -9999 -9999 -9999 -9999 -9999 -9999 -9999 -9999 -9999 -9999 -9999 0.0623164996953066 0.0307956203675904 0.125681375000261 0.0456046342954625 -0.0201718109646567 -0.028954562355477 -0.021112329906379 0.000712762113502685 0.0405860746831959 0.0388769764466056 0.110622383766556 0.429583578433767 0.904998851645777 0.805967773809438 0.401997638615648 0.151183027788422 0.0493885096623984 0.0613593943938453 0.092088232127987 0.0346435737306625 -0.0174916144694314 -0.0275894425395438 -0.0111017382314883 0.0187016079268665 0.0264420269106409 0.0445899830032682 0.101557772549828 0.185467980138515 0.281229517270458
-9999 -9999 -9999 -9999 -9999 -9999 -9999 -9999 -9999 -9999 -9999 -9999 -9999 -9999 -9999 -9999 -9999 -9999 -9999 -9999 -9999 -9999 -9999 -9999 -9999 -9999 -9999 0.0592657002241433 0.0413094683332345 0.132989374685722 0.0120302239182721 -0.0265662391936399 -0.0307232301489815 -0.0192607101654183 0.00377635360904149 0.0291609850398503 0.0344126118359382 0.137594470908091 0.472958620884646 0.910937699943358 0.74963319481016 0.384766008565975 0.191829028034775 0.0872410174835457 0.0747775913032877 0.078169578790271 0.0223095891285006 -0.0103272055498875 -0.0150580398908035 -0.00518958012995951 0.0259430930034082 0.0454127761739934 0.0792535582484364 0.138873467586757 0.200129858817717 0.280837700799612
-9999 -9999 -9999 -9999 -9999 -9999 -9999 -9999 -9999 -9999 -9999 -9999 -9999 -9999 -9999 -9999 -9999 -9999 -9999 -9999 -9999 -9999 -9999 -9999 -9999 -9999 -9999 0.066850275959338 0.0615686591507994 0.121420271084703 -0.0032584576349961 -0.0179770353780146 -0.0221617824178627 -0.012726137039991 0.00322046146003496 0.0168082112025491 0.0413625708363666 0.141462746340356 0.455584287224406 0.873010908471994 0.671660685579318 0.368621191799521 0.209587763566055 0.116043264903473 0.0650300648282668 0.0158904909230448 0.00198631124933007 -0.0193487969400931 -0.0156571792555931 0.00278310592953979 0.0239074760190146 0.0493583713182291 0.0839661179514658 0.142485457987853 0.201383434439275 0.260923571579684
-9999 -9999 -9999 -9999 -9999 -9999 -9999 -9999 -9999 -9999 -9999 -9999 -9999 -9999 -9999 -9999 -9999 -9999 -9999 -9999 -9999 -9999 -9999 -9999 -9999 -9999 -9999 0.116413899403478 0.0957138644122856 0.102389545593664 0.00903985594917173 0.00319823087323723 -0.0105599675413325 -0.007312727006208 0.011942881486781 0.0427831430043897 0.065933122094591 0.13992243443729 0.431381948625091 0.822324614742403 0.609623087798839 0.341492251194723 0.228397373391266 0.144059630839588 0.0924318087588202 0.0426658239779322 0.0233093358754868 0.00851547540367026 0.00826473143623008 0.0219605424186234 0.043201697992449 0.0596502986206958 0.0960493332425577 0.146145276745373 0.18574576339221 0.231024581564349
-9999 -9999 -9999 -9999 -9999 -9999 -9999 -9999 -9999 -9999 -9999 -9999 -9999 -9999 -9999 -9999 -9999 -9999 -9999 -9999 -9999 -9999 -9999 -9999 -9999 -9999 -9999 0.206044472639238 0.143211805334693 0.0852465527310577 0.0396341587947802 0.0258420762562508 -0.00252336109548967 -0.0076609050591594 0.0201572156344199 0.0895987044666126 0.0931648400724314 0.135107789609583 0.399912182645922 0.757588475589048 0.531104217533087 0.311331744866869 0.234286620181034 0.179623996247834 0.14641952102808 0.13388218977992 0.0871271055516188 0.0611673720899698 0.0511485447199642 0.0473464417846213 0.0631316405244602 0.0828204884737612 0.10597792851201 0.146736877691204 0.173179056324424 0.207752943014862
-9999 -9999 -9999 -9999 -9999 -9999 -9999 -9999 -9999 -9999 -9999 -9999 -9999 -9999 -9999 -9999 -9999 -9999 -9999 -9999 -9999 -9999 -9999 -9999 -9999 -9999 -9999 0.288456883146685 0.165077260710226 0.0837603076127448 0.0516740097067475 0.0318831496736056 -0.0154527180210794 -0.0175314765556872 0.0153154156404322 0.0849911447711903 0.101643845517357 0.14116869124955 0.424377685399214 0.650335935463676 0.434822860024918 0.26365231151606 0.218288596137293 0.184639369034138 0.161380365144042 0.148175681324752 0.108875994522369 0.0837405437646382 0.0713134269723265 0.0626801535509021 0.0713248319971414 0.0799815883079369 0.0961459063485847 0.124044284004233 0.139855820596324 0.167319936258628
-9999 -9999 -9999 -9999 -9999 -9999 -9999 -9999 -9999 -9999 -9999 -9999 -9999 -9999 -9999 -9999 -9999 -9999 -9999 -9999 -9999 -9999 -9999 -9999 -9999 -9999 0.435941292951168 0.324528167342899 0.168677963370866 0.084140666592479 0.0741214567317571 0.0402945272056916 -0.0111293558270863 -0.00683368539673934 0.0107057000933123 0.0873620823699454 0.110118237367314 0.199373911985217 0.442439090035408 0.49995084106231 0.294642737839807 0.195996936514657 0.176062307561791 0.162699632627402 0.13566241216119 0.116987862232159 0.0945564338691851 0.071021209532469 0.0681006865310138 0.068280045488211 0.072973597704255 0.0824602330097617 0.0774610494467911 0.0954400926234002 0.10905315357628 0.122714729170879
-9999 -9999 -9999 -9999 -9999 -9999 -9999 -9999 -9999 -9999 -9999 -9999 -9999 -9999 -9999 -9999 -9999 -9999 -9999 -9999 -9999 -9999 -9999 -9999 -9999 -9999 0.445518161624419 0.299960684317966 0.131294974821086 0.0884474289396137 0.0901758242962358 0.0599972515084054 0.0237755709726022 0.0500556323112042 0.0545769713210766 0.0841900591592479 0.191302271903708 0.413575662413422 0.487560216620823 0.337879950748601 0.191225741229427 0.128589480955862 0.121825151284989 0.113078304907722 0.0936364519749791 0.0780190034015247 0.0659504650095902 0.06097857405056 0.0645242408397937 0.0644551032078889 0.0662665618830057 0.0654512117599099 0.0628174850367617 0.0746126605857459 0.0778209001909468 0.0851872283943761
-9999 -9999 -9999 -9999 -9999 -9999 -9999 -9999 -9999 -9999 -9999 -9999 -9999 -9999 -9999 -9999 -9999 -9999 -9999 -9999 -9999 -9999 -9999 -9999 -9999 -9999 0.429107410250406 0.197650792897466 0.0830060940908325 0.088600462414528 0.125731693080353 0.0878607130682934 0.0837330080241006 0.162451304186021 0.238124653895025 0.213781152501182 0.425000506924451 0.56286854721443 0.382225912778774 0.20743019641101 0.107352828555278 0.0806479907280901 0.077769702416318 0.0724504506072247 0.0564947873556524 0.0473524316869462 0.0478058196896776 0.0514843422404051 0.0606608751370139 0.0562698847148165 0.0585075300311426 0.0566911554590941 0.0509272665222957 0.0584522991903031 0.0530151930331353 0.0542708603649836
-9999 -9999 -9999 -9999 -9999 -9999 -9999 -9999 -9999 -9999 -9999 -9999 -9999 -9999 -9999 -9999 -9999 -9999 -9999 -9999 -9999 -9999 -9999 -9999 -9999 -9999 0.342046774576849 0.100066192071981 0.0419401302800505 0.0661274548309188 0.0926363829341647 0.122451757969902 0.220082018531641 0.437969375045018 0.581858787538735 0.541089620348168 0.550718049216672 0.440645809028482 0.220055979230617 0.122597031764541 0.0882790083301346 0.0682865895165078 0.0609565038987113 0.054711579163466 0.0447397272921252 0.0384496056181989 0.0337683850114306 0.0374197878432241 0.0465372198354533 0.0414595646641137 0.0368606385203941 0.0323215314839611 0.0263003740714624 0.0307452700070407 0.0257551818549086 0.0214269279552903
-9999 -9999 -9999 -9999 -9999 -9999 -9999 -9999 -9999 -9999 -9999 -9999 -9999 -9999 -9999 -9999 -9999 -9999 -9999 -9999 -9999 -9999 -9999 -9999 -9999 0.49308243605338 0.219854232642576 0.0441535207903739 0.0301408775716695 0.0334138385758582 0.0860373433023557 0.187074894732536 0.440555090653826 0.678233353786955 0.630803848793476 0.428008713278497 0.390211741595262 0.236903065459565 0.112586733206701 0.0955745821131721 0.102313564999928 0.0775598564118298 0.0677791626313627 0.0649204545086731 0.0649741801732687 0.0796075864068946 0.0449203144330075 0.0278763331683813 0.0320616916601504 0.0215984960921546 0.0167328652063071 0.0169975365208037 0.00396344539409432 0.00398236054734918 -0.00334151085730428 -0.00571559267300736
-9999 -9999 -9999 -9999 -9999 -9999 -9999 -9999 -9999 -9999 -9999 -9999 -9999 -9999 -9999 -9999 -9999 -9999 -9999 -9999 -9999 -9999 -9999 -9999 -9999 0.40380292738698 0.148036851915858 0.0395112988608781 0.0338759790282251 0.0187115068848765 0.0820456880497391 0.249358033811636 0.503350287639459 0.617704573431894 0.444452177078135 0.327925869200685 0.259237929407224 0.163589495239907 0.103936367491983 0.0949674284027712 0.0968287135313914 0.0837879815075814 0.07394804716056 0.0727175813624096 0.0825601296965549 0.0882393635991072 0.0494547891720498 0.0224576760540902 0.0222762367999841 0.0144559094674965 0.00633020861586925 -0.0014370073447208 -0.011359473028737 -0.0108151691904058 -0.0164950101349812 -0.0204987309708712
-9999 -9999 -9999 -9999 -9999 -9999 -9999 -9999 -9999 -9999 -9999 -9999 -9999 -9999 -9999 -9999 -9999 -9999 -9999 -9999 -9999 -9999 -9999 -9999 -9999 0.340956564219897 0.113785513342194 0.0464896845712303 0.0430555274046948 0.00549040132548834 0.102461049273872 0.275401077986165 0.43372079485809 0.38886770575025 0.287866822131047 0.229710522894957 0.197903208184256 0.146668427604162 0.114554521805319 0.109137763170873 0.0969038431532371 0.0855014406055239 0.0723434652680728 0.0675317054350718 0.0736515260845995 0.0901048893454699 0.0451330144319689 0.0182133518365989 0.0141834912079161 0.00372830061908408 0.000273604644646097 -0.00976651540122475 -0.0213348269571773 -0.0236639085320856 -0.0300747448756862 -0.0296940870096184
-9999 -9999 -9999 -9999 -9999 -9999 -9999 -9999 -9999 -9999 -9999 -9999 -9999 -9999 -9999 -9999 -9999 -9999 -9999 -9999 -9999 -9999 -9999 -9999 -9999 0.334670627652334 0.0975526162386238 0.0242199412873899 0.00863495121174623 -0.0270610899238839 0.0659796953477635 0.24145408035312 0.296260640415655 0.24479323180549 0.206255368394177 0.187388196942129 0.162967828724445 0.130741293027138 0.115438259328776 0.116602673818443 0.114060181252177 0.0898401754553045 0.0685329656406765 0.0577492322581553 0.0482564343517038 0.0402467750487502 0.0269255147172718 0.0154427132132676 0.0122764762467031 0.00113413628299253 -0.00819217881482515 -0.0172297334689443 -0.0262995776323987 -0.0267818709624564 -0.0318527395912858 -0.0338263829018141
-9999 -9999 -9999 -9999 -9999 -9999 -9999 -9999 -9999 -9999 -9999 -9999 -9999 -9999 -9999 -9999 -9999 -9999 -9999 -9999 -9999 -9999 -9999 -9999 -9999 0.320783754689957 0.0855862873062693 0.00528567176460387 -0.0189161319227884 -0.0554985856163972 0.0499508596083446 0.191512251042637 0.199967143241545 0.168889532415055 0.167395827350536 0.162198560722134 0.137972826428051 0.102621057150013 0.0942427091036726 0.108721265832979 0.113927730416182 0.0850421723608979 0.0600518268097336 0.0504107369821182 0.0363548414968436 0.0298908994834455 0.023033526768055 0.0143196407295759 0.00988355482842868 -0.00486245346933095 -0.0114195601258686 -0.0196696166191289 -0.0279476187330485 -0.0295680937312204 -0.0353058232682973 -0.0335340264402478
-9999 -9999 -9999 -9999 -9999 -9999 -9999 -9999 -9999 -9999 -9999 -9999 -9999 -9999 -9999 -9999 -9999 -9999 -9999 -9999 -9999 -9999 -9999 -9999 -9999 0.294207130127365 0.0714749356646321 -0.00882317194063287 -0.0390993411421615 -0.0677142684976596 0.0356514799783633 0.144173423980007 0.148235832054626 0.141158050861989 0.149166150813364 0.150972150483967 0.120790017161406 0.0879460418612329 0.0784181804658845 0.0881858270412006 0.0909981908951598 0.0675345110547666 0.0479522671392829 0.043743577024525 0.0361266659710606 0.0300752995586473 0.0213648309724144 0.0126832127346034 0.0084700567074476 -0.00320777708167475 -0.0125833620756233 -0.0215470608231928 -0.0289880938543928 -0.0290412730069352 -0.031250101055511 -0.031407396054735
