meets/meet006/_saidas_enm/CCSM_Maxent_0k_S_lineola5.asc
NCOLS 154 
NROWS 168 
XLLCORNER -112 
YLLCORNER -55.5 
CELLSIZE 0.5 
NODATA_value -9999 
[rows 100 to 124 of 168, columns 56 to 111 of 154]
-9999 -9999 -9999 -9999 -9999 -9999 -9999 -9999 -9999 -9999 -9999 -9999 -9999 -9999 -9999 -9999 -9999 -9999 -9999 -9999 -9999 -9999 -9999 -9999 -9999 -9999 -9999 -9999 0.204919278621674 0.085508219897747 0.0647274181246758 0.0423999689519405 0.0318476520478725 0.0285871960222721 0.0428104028105736 0.0955998972058296 0.135635390877724 0.191474795341492 0.260096997022629 0.312742948532104 0.382454723119736 0.477680444717407 0.325170785188675 0.248778194189072 0.236046656966209 0.238483473658562 0.231297165155411 0.227378502488136 0.237090155482292 0.253681927919388 0.270507603883743 0.283309936523438 0.29940402507782 0.326581925153732 0.363422214984894 0.402039438486099
-9999 -9999 -9999 -9999 -9999 -9999 -9999 -9999 -9999 -9999 -9999 -9999 -9999 -9999 -9999 -9999 -9999 -9999 -9999 -9999 -9999 -9999 -9999 -9999 -9999 -9999 -9999 -9999 0.204518511891365 0.0794872418045998 0.0559687949717045 0.0388551205396652 0.0326364450156689 0.0311622451990843 0.0493638403713703 0.105240292847157 0.151617422699928 0.211231559514999 0.281567573547363 0.330733209848404 0.550096333026886 0.45832884311676 0.312745690345764 0.244193911552429 0.239215567708015 0.241788506507874 0.232942491769791 0.231180340051651 0.240924194455147 0.255001813173294 0.269979417324066 0.278999358415604 0.293842226266861 0.318067342042923 0.351260513067245 0.394739806652069
-9999 -9999 -9999 -9999 -9999 -9999 -9999 -9999 -9999 -9999 -9999 -9999 -9999 -9999 -9999 -9999 -9999 -9999 -9999 -9999 -9999 -9999 -9999 -9999 -9999 -9999 -9999 0.230125308036804 0.206391558051109 0.0737485289573669 0.0539653338491917 0.0383880399167538 0.0346718356013298 0.0359684377908707 0.0542009212076664 0.120816506445408 0.16995020210743 0.237792119383812 0.308203101158142 0.356553256511688 0.567221879959106 0.439486801624298 0.312459945678711 0.248601913452148 0.243519112467766 0.248325660824776 0.240835770964622 0.238832965493202 0.247501760721207 0.258980482816696 0.268852293491364 0.2751824259758 0.280186265707016 0.299776017665863 0.331712186336517 0.364187985658646
-9999 -9999 -9999 -9999 -9999 -9999 -9999 -9999 -9999 -9999 -9999 -9999 -9999 -9999 -9999 -9999 -9999 -9999 -9999 -9999 -9999 -9999 -9999 -9999 -9999 -9999 -9999 0.229887261986732 0.194190874695778 0.0844246447086334 0.0512520223855972 0.0369365550577641 0.0361752510070801 0.0396871715784073 0.0609795823693275 0.133640646934509 0.190153524279594 0.262359023094177 0.329111009836197 0.372283846139908 0.557634294033051 0.426490277051926 0.313342183828354 0.254121661186218 0.252963274717331 0.257620543241501 0.249092727899551 0.246378645300865 0.252928286790848 0.261621057987213 0.270565837621689 0.272290855646133 0.271544933319092 0.286297053098679 0.312294751405716 0.341234147548676
-9999 -9999 -9999 -9999 -9999 -9999 -9999 -9999 -9999 -9999 -9999 -9999 -9999 -9999 -9999 -9999 -9999 -9999 -9999 -9999 -9999 -9999 -9999 -9999 -9999 -9999 -9999 0.238496392965317 0.094072163105011 0.0779794678092003 0.0473655536770821 0.0350836515426636 0.0346170142292976 0.0420087948441505 0.062823161482811 0.145087987184525 0.206427335739136 0.279038459062576 0.34124767780304 0.389582097530365 0.548492074012756 0.421801507472992 0.322408884763718 0.269118368625641 0.261705011129379 0.265688478946686 0.256119936704636 0.252666175365448 0.259205430746078 0.269690603017807 0.27631402015686 0.278469204902649 0.277721673250198 0.289083868265152 0.309755921363831 0.333769738674164
-9999 -9999 -9999 -9999 -9999 -9999 -9999 -9999 -9999 -9999 -9999 -9999 -9999 -9999 -9999 -9999 -9999 -9999 -9999 -9999 -9999 -9999 -9999 -9999 -9999 -9999 -9999 0.232141077518463 0.0790107697248459 0.0629477202892303 0.0430847965180874 0.0309726428240538 0.032191839069128 0.0409531593322754 0.0640692487359047 0.150437995791435 0.222653687000275 0.299057513475418 0.366485744714737 0.406814247369766 0.537235140800476 0.418899774551392 0.334787577390671 0.280395567417145 0.269279330968857 0.268661975860596 0.258477181196213 0.259431958198547 0.265375375747681 0.274357855319977 0.282137781381607 0.284869283437729 0.28566375374794 0.294254332780838 0.306901067495346 0.325508922338486
-9999 -9999 -9999 -9999 -9999 -9999 -9999 -9999 -9999 -9999 -9999 -9999 -9999 -9999 -9999 -9999 -9999 -9999 -9999 -9999 -9999 -9999 -9999 -9999 -9999 -9999 -9999 0.233416214585304 0.0671284198760986 0.0480640307068825 0.0324824191629887 0.0274431630969048 0.0275669004768133 0.0387514568865299 0.0620962716639042 0.151343584060669 0.23929987847805 0.328263133764267 0.397442430257797 0.581694066524506 0.527366161346436 0.420190632343292 0.342789202928543 0.294457197189331 0.274730980396271 0.267276108264923 0.265162378549576 0.264360100030899 0.271738231182098 0.282016217708588 0.291543394327164 0.293958067893982 0.291502445936203 0.298760741949081 0.309107929468155 0.324732303619385
-9999 -9999 -9999 -9999 -9999 -9999 -9999 -9999 -9999 -9999 -9999 -9999 -9999 -9999 -9999 -9999 -9999 -9999 -9999 -9999 -9999 -9999 -9999 -9999 -9999 -9999 -9999 0.215112537145615 0.0572639741003513 0.037996269762516 0.0243948344141245 0.0241072978824377 0.0248543098568916 0.0371052101254463 0.0607822798192501 0.15552319586277 0.255017250776291 0.353589564561844 0.422494888305664 0.58631306886673 0.518296301364899 0.416633456945419 0.352772951126099 0.30811807513237 0.285172164440155 0.27473509311676 0.270677030086517 0.273176074028015 0.279750317335129 0.289059549570084 0.298128992319107 0.299128085374832 0.299769818782806 0.304238349199295 0.30939319729805 0.319741547107697
-9999 -9999 -9999 -9999 -9999 -9999 -9999 -9999 -9999 -9999 -9999 -9999 -9999 -9999 -9999 -9999 -9999 -9999 -9999 -9999 -9999 -9999 -9999 -9999 -9999 -9999 -9999 0.138269364833832 0.0617103464901447 0.031959056854248 0.0189543012529612 0.0227508507668972 0.0232428759336472 0.0371525771915913 0.0642688199877739 0.162416785955429 0.277710109949112 0.383831351995468 0.60147750377655 0.57281893491745 0.501702427864075 0.410648494958878 0.357137531042099 0.324383735656738 0.303756952285767 0.293699771165848 0.282270222902298 0.281056314706802 0.28859281539917 0.298000514507294 0.30539682507515 0.308379322290421 0.304954797029495 0.308964669704437 0.312436580657959 0.317939728498459
-9999 -9999 -9999 -9999 -9999 -9999 -9999 -9999 -9999 -9999 -9999 -9999 -9999 -9999 -9999 -9999 -9999 -9999 -9999 -9999 -9999 -9999 -9999 -9999 -9999 -9999 -9999 0.122417405247688 0.0556034408509731 0.0299621224403381 0.0208625588566065 0.0253373496234417 0.0278985872864723 0.0458199940621853 0.0775683000683784 0.188841953873634 0.303446829319 0.411354184150696 0.619377732276917 0.557952225208282 0.475418537855148 0.396938353776932 0.356093615293503 0.329693257808685 0.312942296266556 0.303812384605408 0.292955130338669 0.290086507797241 0.296469062566757 0.301402568817139 0.306243598461151 0.306633234024048 0.304200798273087 0.306524783372879 0.307397663593292 0.311105281114578
-9999 -9999 -9999 -9999 -9999 -9999 -9999 -9999 -9999 -9999 -9999 -9999 -9999 -9999 -9999 -9999 -9999 -9999 -9999 -9999 -9999 -9999 -9999 -9999 -9999 -9999 0.167803302407265 0.108974896371365 0.0512289889156818 0.0309558808803558 0.0239426363259554 0.0443487577140331 0.0357202216982841 0.0598738081753254 0.101340651512146 0.222312912344933 0.337110131978989 0.439604073762894 0.596331536769867 0.539340615272522 0.432886809110641 0.378101766109467 0.349521428346634 0.330510407686234 0.315767794847488 0.305308997631073 0.299314498901367 0.2959925532341 0.300444155931473 0.302136927843094 0.303415864706039 0.306020051240921 0.300924271345139 0.302741229534149 0.304137349128723 0.304822385311127
-9999 -9999 -9999 -9999 -9999 -9999 -9999 -9999 -9999 -9999 -9999 -9999 -9999 -9999 -9999 -9999 -9999 -9999 -9999 -9999 -9999 -9999 -9999 -9999 -9999 -9999 0.145663812756538 0.089899092912674 0.0454301759600639 0.0344079956412315 0.0382412187755108 0.0608649477362633 0.0528696402907372 0.0888933539390564 0.184432238340378 0.267482072114944 0.362386465072632 0.434852063655853 0.572701692581177 0.501671254634857 0.410210311412811 0.358745604753494 0.340317755937576 0.326169162988663 0.312558352947235 0.302548944950104 0.296635627746582 0.296727865934372 0.300281316041946 0.300919502973557 0.30118528008461 0.299262464046478 0.296300977468491 0.298046946525574 0.297438681125641 0.297513961791992
-9999 -9999 -9999 -9999 -9999 -9999 -9999 -9999 -9999 -9999 -9999 -9999 -9999 -9999 -9999 -9999 -9999 -9999 -9999 -9999 -9999 -9999 -9999 -9999 -9999 -9999 0.119808606803417 0.0568226650357246 0.0382777936756611 0.0405142568051815 0.0712411403656006 0.0832873955368996 0.0778211802244186 0.16678974032402 0.233036071062088 0.31676971912384 0.385242164134979 0.584063231945038 0.54540342092514 0.453515827655792 0.382806301116943 0.350069433450699 0.333208590745926 0.321259200572968 0.309147447347641 0.301694452762604 0.299674153327942 0.29732072353363 0.299956649541855 0.29935410618782 0.301074713468552 0.298290193080902 0.29367733001709 0.295635014772415 0.294165760278702 0.293245226144791
-9999 -9999 -9999 -9999 -9999 -9999 -9999 -9999 -9999 -9999 -9999 -9999 -9999 -9999 -9999 -9999 -9999 -9999 -9999 -9999 -9999 -9999 -9999 -9999 -9999 -9999 0.0990726128220558 0.0434198826551437 0.0347431227564812 0.0667934641242027 0.0808712840080261 0.109643779695034 0.161113202571869 0.22685207426548 0.291774958372116 0.35303470492363 0.404351025819778 0.567183911800385 0.472178936004639 0.406419843435287 0.369841337203979 0.345874279737473 0.334542512893677 0.324603915214539 0.312868624925613 0.304835319519043 0.299385696649551 0.295583575963974 0.296305537223816 0.294713288545609 0.294040381908417 0.291778355836868 0.288762181997299 0.290611952543259 0.289944559335709 0.289396703243256
-9999 -9999 -9999 -9999 -9999 -9999 -9999 -9999 -9999 -9999 -9999 -9999 -9999 -9999 -9999 -9999 -9999 -9999 -9999 -9999 -9999 -9999 -9999 -9999 -9999 0.259336352348328 0.0670166239142418 0.0321313217282295 0.0445346720516682 0.0617878623306751 0.0930618941783905 0.138097748160362 0.218383207917213 0.29506328701973 0.336624979972839 0.386628806591034 0.580486357212067 0.484036713838577 0.401593238115311 0.372376173734665 0.354735046625137 0.34369570016861 0.335986584424973 0.328986018896103 0.316238045692444 0.30912309885025 0.304705142974854 0.295303761959076 0.292637258768082 0.288826823234558 0.288234382867813 0.289209842681885 0.284496754407883 0.285619050264359 0.284337371587753 0.285346984863281
-9999 -9999 -9999 -9999 -9999 -9999 -9999 -9999 -9999 -9999 -9999 -9999 -9999 -9999 -9999 -9999 -9999 -9999 -9999 -9999 -9999 -9999 -9999 -9999 -9999 0.125049412250519 0.061164204031229 0.0375387892127037 0.0513217262923717 0.061856672167778 0.105149865150452 0.161582350730896 0.245437517762184 0.316439986228943 0.349196076393127 0.373338788747787 0.508136034011841 0.433901786804199 0.376007199287415 0.358374655246735 0.349223613739014 0.345262706279755 0.339187562465668 0.333534181118011 0.324343651533127 0.316156476736069 0.307406604290009 0.297990947961807 0.294610470533371 0.28902593255043 0.286521553993225 0.283179819583893 0.27946937084198 0.28073525428772 0.279434710741043 0.279260545969009
-9999 -9999 -9999 -9999 -9999 -9999 -9999 -9999 -9999 -9999 -9999 -9999 -9999 -9999 -9999 -9999 -9999 -9999 -9999 -9999 -9999 -9999 -9999 -9999 -9999 0.0921362042427063 0.0602009110152721 0.0604879893362522 0.0539554879069328 0.0679623484611511 0.115957751870155 0.179938197135925 0.25627464056015 0.306984663009644 0.322686791419983 0.475802153348923 0.45720112323761 0.410918354988098 0.378950506448746 0.373002290725708 0.355465352535248 0.353915333747864 0.346791505813599 0.339771330356598 0.33002832531929 0.323538780212402 0.312718868255615 0.298657536506653 0.291494190692902 0.284574806690216 0.284026890993118 0.278715312480927 0.273551553487778 0.273583352565765 0.271870076656342 0.273702085018158
-9999 -9999 -9999 -9999 -9999 -9999 -9999 -9999 -9999 -9999 -9999 -9999 -9999 -9999 -9999 -9999 -9999 -9999 -9999 -9999 -9999 -9999 -9999 -9999 -9999 0.114851877093315 0.0671861097216606 0.0609811693429947 0.0536065511405468 0.0686486586928368 0.118316233158112 0.184917256236076 0.252609848976135 0.29382336139679 0.443659663200378 0.436137199401855 0.42599430680275 0.413914263248444 0.411241561174393 0.399538040161133 0.387749254703522 0.370650559663773 0.354553937911987 0.342790126800537 0.330933690071106 0.321428716182709 0.309378534555435 0.297364681959152 0.291744023561478 0.283964306116104 0.27898320555687 0.274020820856094 0.269686818122864 0.270786494016647 0.269323855638504 0.269889771938324
-9999 -9999 -9999 -9999 -9999 -9999 -9999 -9999 -9999 -9999 -9999 -9999 -9999 -9999 -9999 -9999 -9999 -9999 -9999 -9999 -9999 -9999 -9999 -9999 -9999 0.123480960726738 0.100976400077343 0.0567237623035908 0.049656193703413 0.0667150989174843 0.118527621030807 0.181830987334251 0.249118819832802 0.424530059099197 0.417994290590286 0.401739865541458 0.24773545563221 0.223054602742195 0.223551362752914 0.245220690965652 0.396829456090927 0.381230264902115 0.35662841796875 0.340636849403381 0.32467594742775 0.316686481237411 0.307752311229706 0.296955317258835 0.291326105594635 0.280926436185837 0.276760578155518 0.271689146757126 0.266389578580856 0.261410355567932 0.254015505313873 0.2505222260952
-9999 -9999 -9999 -9999 -9999 -9999 -9999 -9999 -9999 -9999 -9999 -9999 -9999 -9999 -9999 -9999 -9999 -9999 -9999 -9999 -9999 -9999 -9999 -9999 -9999 0.130685910582542 0.0973735153675079 0.0531006008386612 0.0464201308786869 0.0626640841364861 0.116802431643009 0.17774872481823 0.237104251980782 0.403804838657379 0.401174336671829 0.249006405472755 0.224660336971283 0.203048899769783 0.200454160571098 0.21358834207058 0.227729320526123 0.357767224311829 0.350363880395889 0.338690489530563 0.327465921640396 0.318349093198776 0.307418048381805 0.297548145055771 0.292234718799591 0.277310967445374 0.264180988073349 0.253953605890274 0.245281100273132 0.241069540381432 0.141790837049484 0.138418763875961
-9999 -9999 -9999 -9999 -9999 -9999 -9999 -9999 -9999 -9999 -9999 -9999 -9999 -9999 -9999 -9999 -9999 -9999 -9999 -9999 -9999 -9999 -9999 -9999 -9999 0.198023617267609 0.0930180326104164 0.0480974800884724 0.0421107262372971 0.0569899417459965 0.109261326491833 0.163918167352676 0.219815015792847 0.245930165052414 0.239896163344383 0.22677880525589 0.204523101449013 0.18521423637867 0.181769132614136 0.189712017774582 0.201086014509201 0.206224367022514 0.326544970273972 0.332976520061493 0.321824550628662 0.311412215232849 0.299037516117096 0.285002827644348 0.275066733360291 0.259173393249512 0.151099681854248 0.145282700657845 0.138878688216209 0.135464861989021 0.130761101841927 0.128104239702225
-9999 -9999 -9999 -9999 -9999 -9999 -9999 -9999 -9999 -9999 -9999 -9999 -9999 -9999 -9999 -9999 -9999 -9999 -9999 -9999 -9999 -9999 -9999 -9999 -9999 0.201612055301666 0.0876409634947777 0.0429205745458603 0.0376589372754097 0.0503001734614372 0.0953619107604027 0.147104442119598 0.194959744811058 0.216530174016953 0.21092526614666 0.193779930472374 0.180882379412651 0.169110894203186 0.166434839367867 0.171134263277054 0.177869126200676 0.185822159051895 0.192689672112465 0.314857542514801 0.306856453418732 0.295030385255814 0.282208979129791 0.16655670106411 0.159589290618896 0.149921342730522 0.142116591334343 0.136275336146355 0.132044434547424 0.128964632749557 0.12402955442667 0.120525017380714
-9999 -9999 -9999 -9999 -9999 -9999 -9999 -9999 -9999 -9999 -9999 -9999 -9999 -9999 -9999 -9999 -9999 -9999 -9999 -9999 -9999 -9999 -9999 -9999 -9999 0.200118690729141 0.0860554277896881 0.0402293913066387 0.0334637351334095 0.0450799763202667 0.0796581283211708 0.124927051365376 0.170008540153503 0.190613240003586 0.183845922350883 0.169316500425339 0.161611080169678 0.154399737715721 0.154069811105728 0.158740878105164 0.164459764957428 0.173491075634956 0.180008962750435 0.18607360124588 0.17927511036396 0.172133684158325 0.165679454803467 0.156998008489609 0.150931105017662 0.141805768013 0.13534788787365 0.130572736263275 0.125092193484306 0.121331788599491 0.116967990994453 0.113966591656208
-9999 -9999 -9999 -9999 -9999 -9999 -9999 -9999 -9999 -9999 -9999 -9999 -9999 -9999 -9999 -9999 -9999 -9999 -9999 -9999 -9999 -9999 -9999 -9999 -9999 0.198341980576515 0.0827212259173393 0.0388515181839466 0.0296637825667858 0.0395338423550129 0.0681513175368309 0.105811037123203 0.148429170250893 0.169232338666916 0.165972858667374 0.154618516564369 0.149706870317459 0.144147992134094 0.146261751651764 0.154472485184669 0.1614970266819 0.168040528893471 0.170354127883911 0.174124374985695 0.167512074112892 0.161074474453926 0.155312180519104 0.1492520570755 0.143231511116028 0.135922998189926 0.131077274680138 0.125913232564926 0.118002660572529 0.116350315511227 0.11432496458292 0.110497124493122
-9999 -9999 -9999 -9999 -9999 -9999 -9999 -9999 -9999 -9999 -9999 -9999 -9999 -9999 -9999 -9999 -9999 -9999 -9999 -9999 -9999 -9999 -9999 -9999 0.196542516350746 0.191407084465027 0.0776108652353287 0.0368960201740265 0.0262969620525837 0.0334831289947033 0.0544729791581631 0.0903355255723 0.131976619362831 0.152884930372238 0.153169319033623 0.145718604326248 0.142602875828743 0.140543952584267 0.145313858985901 0.156067401170731 0.164773151278496 0.167171090841293 0.164048761129379 0.163884654641151 0.157560750842094 0.150813713669777 0.145143195986748 0.140072047710419 0.137433350086212 0.134008333086967 0.130071863532066 0.124163456261158 0.117201246321201 0.119015008211136 0.125572890043259 0.128724232316017
