meets/meet006/_saidas_enm/CCSM_SVM_0k_T_subalaris4.asc
NCOLS 154 
NROWS 168 
XLLCORNER -112 
YLLCORNER -55.5 
CELLSIZE 0.5 
NODATA_value -9999 
[rows 50 to 74 of 168, columns 55 to 109 of 154]
-9999 -9999 -9999 -9999 -9999 -9999 -9999 -9999 -9999 -9999 -9999 -9999 -9999 -9999 0.122378169371195 0.10272394974718 0.105572802148253 0.074486703298863 0.0282794707112 0.0244853790454457 0.0239372201003582 -0.00553880897524228 -0.0353406719944415 -0.0501844116826925 -0.027296720809881 0.0146548855830119 0.0482422703687265 0.0746068503240384 0.0954003520168321 0.0936099003702159 0.0832115629190728 0.0760686773996745 0.0838610481888524 0.0946374241529632 0.0837197576315934 -0.0246898531530737 -0.0231782210787368 0.112102546638138 0.224267476239346 0.271255522224374 0.254913073122291 0.185059460744467 0.18034111279608 0.11072792836318 -0.00494401606134565 -0.0589142643874687 0.0456656975896121 0.0127313733907458 0.013367009509347 0.0131714542651384 -0.0071205525606306 -0.00308760157778287 0.0135888961819421 -0.00691536866878739 0.00891288535344614
-9999 -9999 -9999 -9999 -9999 -9999 -9999 -9999 -9999 -9999 -9999 -9999 -9999 -9999 0.0991667215009077 0.0948793269675279 0.0882621490824715 0.0570690143654548 0.0234145592961606 0.0226739852200076 0.0209582367770169 0.0164615418524902 0.0195160990937861 0.0104648075978109 0.0262940823412959 0.0509482595074615 0.0726270222706095 0.0790642516625987 0.075259540322313 0.0626858617739072 0.0544230441854782 0.0560449288914524 0.0623242625297059 0.0801799718160602 0.0944486393574329 0.0355294970206035 -0.0660990161556638 -0.00239746435136734 0.130367010338882 0.154495408726074 0.151586751066665 0.120788234841384 0.0851088882386524 0.0328204894879334 -0.0338935386594321 -0.0670546945249973 -0.0530297016790692 -0.0450669696715422 -0.0590087852503144 -0.0492848904502261 -0.0267483859955724 -0.00522805703648521 0.00295909824952206 0.00322956559267673 0.0288893444657564
-9999 -9999 -9999 -9999 -9999 -9999 -9999 -9999 -9999 -9999 -9999 -9999 0.103810443720222 0.0953627107227282 0.0928249056574089 0.0934366983662345 0.0767785704829408 0.0520029870508422 0.025650574685362 0.0172973888496443 0.034531321402786 0.0410021759065333 0.0517760633363426 0.0630337212547594 0.0725876633918959 0.0776000596641062 0.0751899727188091 0.0669308513641398 0.0543797673700275 0.0499802763051901 0.0596769901481482 0.0678166002273857 0.0571618890574584 0.0639772427410593 0.0874352250062568 0.0654297291049765 -0.0384717816315856 -0.0717989398761085 0.00314932998794765 0.0568439146845613 0.0544159820113291 0.0532992179700476 0.0145343651878984 -0.0122893140847025 -0.0500988691935808 -0.0769775775584814 -0.0878435598535007 -0.0882283097595462 -0.0968471407376332 -0.0707983963164612 -0.0150789968822045 0.00128917407605528 0.00329384014801354 0.0277820496594539 0.0562891396948312
-9999 -9999 -9999 -9999 -9999 -9999 -9999 -9999 -9999 -9999 -9999 0.0983777515533046 0.0904661795384161 0.0820836463884608 0.0681555337740583 0.063346537588669 0.0670864113281612 0.0659380145151033 0.0525829407425741 0.0484861302451207 0.0612283186777432 0.0690208842549336 0.0760378154326418 0.0798624043073236 0.0795148146269414 0.0730059552765592 0.0616346637962396 0.0525375736019261 0.0553989419386378 0.069859397392754 0.0836295639751485 0.0853034634131137 0.0642822757850151 0.0560347182108353 0.0798669306661231 0.0775688532885866 -0.00424687591493733 -0.0655708503263216 -0.0636843308881235 -0.0403772414937896 -0.0352453006619056 -0.0442593341380964 -0.0545403961594595 -0.0633600391822132 -0.0767968786485981 -0.0837352984170462 -0.0813437983180351 -0.0623163550613832 -0.0407876562160704 -0.00613051994802605 -0.00142359291303351 0.00085228532338133 0.0215547951416715 0.0517059978528102 0.0833714164727697
-9999 -9999 -9999 -9999 -9999 -9999 -9999 -9999 -9999 -9999 -9999 0.0724652582216381 0.0607486556159001 0.05443968583928 0.0429359046139864 0.0486804258639634 0.0632562237011838 0.072885968698137 0.0823329301734266 0.0815642185558764 0.085167426006971 0.0876979234805871 0.0857324909273099 0.0815139862292687 0.0729847856695565 0.0626284259274038 0.0586803226371201 0.0676741427319487 0.0840054910528806 0.086269442594145 0.079279820233428 0.085590906311572 0.0723192539033172 0.0532310703744246 0.0725364673052157 0.0796598591917591 0.0262977133160809 -0.02987410130674 -0.0526843122807122 -0.060272406352438 -0.0586491103730906 -0.0668211474320582 -0.0752054601804785 -0.0805512706965745 -0.0757090443050468 -0.0541729503552333 -0.0287008665436819 0.00936463728014192 0.00812883558642902 -0.00814608116222826 -0.0061876459207888 0.0239413873311877 0.0451477360834216 0.0611239659667317 0.0893767860395812
-9999 -9999 -9999 -9999 -9999 -9999 -9999 -9999 -9999 0.0900293421272501 0.0646334828374226 0.01547414178506 0.00545357318875633 0.0367703875695305 0.0475551439174324 0.0468439944045728 0.055608593823849 0.0704703225015884 0.0865093931095872 0.0943524306120943 0.0914590499456627 0.0839239192872 0.0796412338624427 0.0717729864854259 0.0644720578529372 0.0654765217701697 0.0631613529087527 0.0616884207892484 0.0578019410918363 0.0565067520819195 0.0572235302429803 0.0555485285144132 0.0545874655226696 0.0540693651861122 0.0656386259371223 0.0804815979194603 0.0584817359093426 0.0193924510592543 -0.00882984312382507 -0.0235284435329438 -0.022272637105863 -0.0192960812561099 -0.0128401237898724 -0.0158088511525238 -0.00324045705717657 0.0219691891161806 0.00352689746588813 -0.019083285902208 -0.0332845845797184 -0.0323489648445924 -0.0067546305815136 0.0283966484062594 0.0500855577674168 0.055936780941103 0.0733480494263273
-9999 -9999 -9999 -9999 -9999 -9999 -9999 -9999 -9999 0.0693255338799805 0.0347794541407118 0.0609458249928629 0.0451713507554282 0.056198751473962 0.0501337307405857 0.0450052477912904 0.0501797320951858 0.0639913687245017 0.0856419918293202 0.0924096363366484 0.0870387156394412 0.0782923644823388 0.0730629483531957 0.0673239536598503 0.0635581932590413 0.059938056395328 0.056670397867353 0.0550555735853083 0.0533404219137951 0.0532315700697619 0.0541314522859562 0.0550000866442366 0.0562376987559402 0.0576708275399081 0.0606383895770235 0.0786394995592777 0.0779236237450629 0.0641598071547669 0.046237219445637 0.0355101740827292 0.0382816611028325 0.0462059753835157 0.0544422457178736 0.0567435547969137 0.0364061820383841 0.0124482378125779 -0.00997175360188751 -0.0114720593123856 -0.00507280019403233 0.0197791512190285 0.0472800356612621 0.0662911829567456 0.0716978386224622 0.0705895440854644 0.0731631046669845
-9999 -9999 -9999 -9999 -9999 -9999 -9999 -9999 0.0706557487886553 0.0581789144256641 0.0540559048437107 0.354836813268894 0.223831007395553 0.0940566947216116 0.0543250655916726 0.0398143059281115 0.0443677640589003 0.0593504434986135 0.0827642094349967 0.0873245606973897 0.0839079302063821 0.0780514244783388 0.0749310569635396 0.0720318464642324 0.0704455572775981 0.0682441321397458 0.0662004464908816 0.0661603644097555 0.0667222584665887 0.0669234381641054 0.0672453147843501 0.067677960017312 0.0679454946189615 0.0684412453921627 0.0696622900909921 0.07223902088498 0.0810845309399576 0.0829225426689079 0.0823489960990043 0.0800074086520996 0.0811924867672376 0.0781021331869923 0.0718370291691449 0.062079902636093 0.0455975638567664 0.0358921510464321 0.0371784139569392 0.0516324770252755 0.070385416623711 0.0875516698694273 0.0981702721692805 0.102437549791399 0.0981416515466705 0.0902657064394286 0.0770090217536972
-9999 -9999 -9999 -9999 -9999 -9999 -9999 -9999 0.0650844609706521 0.0413750801499718 0.156205512255766 0.606039429525833 0.373975708167269 0.0997811506846955 0.0548764424904253 0.0405444062226932 0.0389939580207836 0.0585161899642442 0.0749991146202261 0.0797706207267719 0.0798470553049671 0.0782246380347181 0.0768646608010075 0.0755202953345575 0.0750538787872708 0.0751725204090979 0.0752087464376363 0.0750186996778882 0.0745970967961829 0.0752536047218678 0.0768256925414505 0.0774253112897615 0.0777327391317919 0.0759275891687304 0.0752541917083913 0.075294290211485 0.0744763960317266 0.0795859810706626 0.0815526959862398 0.0816067158829208 0.0816473301545056 0.0784791146204712 0.0754207646549051 0.0719156456804562 0.0733573324185854 0.0821913434867613 0.0928241893965872 0.100801490951458 0.107094652762035 0.111438095559072 0.112139283301819 0.112464728284366 0.10659181401326 0.102391572441733 0.0863214133331981
-9999 -9999 -9999 -9999 -9999 -9999 -9999 0.0502048650518283 0.0905556740221299 0.0600492293996454 0.314467893055081 0.795936804523145 0.407991581830025 0.071729200032102 0.0683442253776796 0.0504571180079023 0.0411864175618062 0.0525792225085747 0.0648776900011745 0.0684508128651004 0.0700474537941635 0.0711673694011005 0.0702058705728232 0.0695298733852062 0.0686635114755284 0.0694628434453124 0.070343404023774 0.0700305006422962 0.0692557362770344 0.0692662929992534 0.071099670713472 0.0724788347916249 0.0739515772680155 0.0748735344665404 0.0755509493516058 0.0757789612343422 0.0756145238245539 0.0760130573984077 0.076303596242199 0.075250372187916 0.0749657725426113 0.0754328547176504 0.0772677324288381 0.0803881628275143 0.0849975829149149 0.0928423003668086 0.099857251948699 0.104372182423054 0.10775054829758 0.110146333183504 0.111508573486307 0.111822921871198 0.105850459362572 0.100650174326431 0.0893592443053347
-9999 -9999 -9999 -9999 -9999 -9999 -9999 0.0704813568675776 0.103930727833968 0.093128314658493 0.358348808300315 0.7099123454164 0.31754886190939 0.0682069248698225 0.0689061928289901 0.0520782598624858 0.0391540722063073 0.0464180544767355 0.0555408725971119 0.0563095669654597 0.0565743434864414 0.0573141734896587 0.0553516603429183 0.053300179687448 0.0520555616190235 0.053752905889922 0.0567805357279123 0.0549215364384553 0.0527274380300531 0.0524766710716008 0.0541863120837738 0.0571406372877493 0.0590973837635462 0.0616420440585035 0.0641103183101643 0.067037978210069 0.06923076614697 0.0703478623136803 0.0711334294655817 0.0703163110108216 0.0693892803113861 0.069261203825758 0.0676565740594696 0.0687071777255817 0.074890202566026 0.0837368973980825 0.0963164690118045 0.101630647133793 0.106431802058768 0.108657775533158 0.108153262981888 0.106383654013923 0.0950037128834048 0.0826636637519845 0.0641974100271262
-9999 -9999 -9999 -9999 -9999 -9999 -9999 0.0924019774263181 0.105675507043717 0.101514228064502 0.292197455983167 0.549029947409035 0.253165256542207 0.062014958706553 0.0617325504684847 0.0463707755097432 0.0350661425640484 0.0398680959773989 0.0431345734332035 0.0399304940082343 0.0386406896074625 0.0395753256949611 0.033454324950795 0.0276572522720195 0.0254881634872024 0.0306061519929643 0.0349154167599542 0.0337778400698925 0.0319532458829906 0.0316745699131158 0.0344366524264571 0.0374519534407985 0.0399399369576117 0.0431711849154288 0.0463875325170813 0.0508720786457317 0.0553129180859783 0.0552308420360433 0.0537824302212206 0.0505134860014031 0.0486110697790378 0.0461544193021595 0.0496110904041548 0.054420313499453 0.0659739030735534 0.0811695204983957 0.0961703604457523 0.102760384042114 0.10658141567577 0.105793875257746 0.102423389278553 0.094525451496916 0.0758517865576661 0.0484763181475634 0.0324339254418418
-9999 -9999 -9999 -9999 -9999 -9999 -9999 -9999 0.0966652567790975 0.0764319615108468 0.195017691282266 0.43576037357276 0.242384444266825 0.0529417674256108 0.0492877340866594 0.0375843240943984 0.0304033211724111 0.031033311575456 0.0254485772343699 0.0178634943554987 0.0119830975829237 0.00724903860599962 -0.00116022747840394 -0.00786334651501197 -0.0102850639514662 -0.00669749490615124 -0.00091863380417645 -0.00119315664291841 -0.000278553057579178 0.00215622268981508 0.0046774766721614 0.00868475352114378 0.0110509823935074 0.0155474550099283 0.0181979740306012 0.020178046984258 0.0230239258278538 0.0224031647227467 0.0222743459880425 0.0167728007334962 0.0118061368920661 0.0156631300881959 0.0235945181492438 0.0411065575416005 0.0617836193784181 0.0782435793946554 0.093276504669341 0.097528640162081 0.0971090852290316 0.092259365617689 0.0848584000902552 0.069888976596988 0.0423072256182949 0.0117224553710831 -0.00890984575506959
-9999 -9999 -9999 -9999 -9999 -9999 -9999 -9999 -9999 0.0427524657317926 0.132393142269153 0.543443876283521 0.257922361842124 0.0482043323479371 0.0383500135636111 0.0282703007622624 0.022694945850077 0.0184599061023335 0.00699448111947742 -0.00504842515306336 -0.0137733801360583 -0.0236352788684824 -0.0324210585542553 -0.0417936145605786 -0.0452221522824799 -0.0415507765568383 -0.0381698671436368 -0.0374938650582131 -0.0354048478153864 -0.030686270572767 -0.023018947127218 -0.0213838278633305 -0.017197633832075 -0.0144225070020534 -0.0121810964516715 -0.0111127212414036 -0.0120827182189606 -0.0114791547738908 -0.0139034784685435 -0.0156130368605814 -0.0143062054556053 -0.00373405522411241 0.0180292959508252 0.0448675518041822 0.0679241348627471 0.0818035372999281 0.0913756409279927 0.085826306322369 0.0729129768980331 0.0623532121070668 0.0548531590790905 0.0342951844693287 0.0137549467253954 -0.0135662712309618 -0.036129887512512
-9999 -9999 -9999 -9999 -9999 -9999 -9999 0.0815079713598093 0.0357489764314969 -0.0302115450751762 0.164878060801457 0.40174717434668 0.223283577458553 0.0481673119676357 0.0335422995120035 0.0246693346463016 0.0135783790471848 0.00569723619863793 -0.00443501714580374 -0.0189171738349251 -0.0339741364468309 -0.0470380102601844 -0.0584410768038708 -0.066151054700644 -0.0717973163481048 -0.0753461177293641 -0.0756040677668889 -0.0744500321360434 -0.0695949957279952 -0.0635883268014219 -0.0556282178599941 -0.0484158950650332 -0.0469095096301232 -0.044120303341774 -0.0433988177883107 -0.0444337653983065 -0.0443205679160756 -0.0470441013220173 -0.0476105917846045 -0.0489664999485642 -0.0457342008234739 -0.025264988288943 -0.000865664351629047 0.026736786771646 0.0501695661509878 0.0638496845069249 0.068993932184822 0.0623178275040374 0.0495955308315852 0.0388304953548816 0.030426943990247 0.017911615719334 -0.00229121818719069 -0.0265200679877023 -0.0519970959775
-9999 -9999 -9999 -9999 -9999 -9999 0.117213199068231 0.0451184792746285 -0.0402829696952132 0.0185922944336721 0.241934483216819 0.417184429229203 0.211416977300717 0.0578922276882352 0.0396953350759844 0.036521637771789 0.0230951225719583 0.0071120236561229 -0.012036955602861 -0.0262167233530107 -0.0402985703789654 -0.054301831677253 -0.0652603397926186 -0.0770792738501868 -0.0850044714707043 -0.0867126706629167 -0.0870559753180888 -0.083194209802997 -0.0817517979546418 -0.0779507193812002 -0.069185160920088 -0.0658207575372544 -0.0607491143804036 -0.060324536141194 -0.0626074576531971 -0.063809494559755 -0.0696591119393132 -0.071264344027688 -0.0729937253582672 -0.0726658342867157 -0.0648868847690067 -0.039839934719457 -0.0108682358802543 0.0116822833913339 0.033066722930125 0.045478655674589 0.05161113598505 0.0444465449423946 0.0302969903592746 0.0201674227079582 0.0159511023524636 0.00985851546843747 -0.0106768097027619 -0.0299272591625015 -0.0557236833182814
-9999 -9999 -9999 -9999 -9999 -9999 0.0630448844978632 0.000745389796184326 -0.0668874777314481 0.0937587991997074 0.285392624754366 0.31003330361245 0.213719184882298 0.122369234047895 0.0966721751971188 0.0825118474324547 0.0637996904271217 0.0323881745076068 0.00535050276926619 -0.0141709486128919 -0.0273933849403272 -0.0349835364175065 -0.0462978900167558 -0.0598796054059503 -0.0658075601720691 -0.0654221365045362 -0.0617123918780735 -0.0568150990865899 -0.0549664263007771 -0.0525470953353465 -0.0507918837846872 -0.0507202276580405 -0.0529323001193487 -0.0575128661448548 -0.0648793561902342 -0.0749613878585796 -0.0809937800406402 -0.0809729243392021 -0.0767195884173119 -0.0753866026743053 -0.0736735661286128 -0.047300871533301 -0.0205041006481216 0.00292857863171903 0.021190862630026 0.0309624412713757 0.0329919579253095 0.0280354840442325 0.0177131048131083 0.00903213493153809 0.00168856403909934 -0.00862442247297168 -0.0209778171520442 -0.0372780770401646 -0.0562461742129831
-9999 -9999 -9999 -9999 -9999 -9999 -9999 -0.0592839435186489 -0.0714548164512511 0.147832821863714 0.248493360746485 0.27871408922691 0.246796954549821 0.186999606346655 0.169284376449312 0.131366632379992 0.11074821514377 0.0641145783713321 0.043102071443661 0.0253000116285523 0.017795190981872 0.0261213306790309 0.00551643969294946 -0.00387667814152892 -0.00780967460934356 -0.00911147758438524 -0.0033290396986404 0.000111813515019044 0.00548959654943532 0.00444630802957008 0.000635197670823484 1.73121625482997e-05 -0.0158528901750216 -0.0240941693281732 -0.0374183237883896 -0.0551220897967414 -0.0643212060539378 -0.0624078835659649 -0.0566396060916196 -0.0579358947961093 -0.0666402528170597 -0.0493176790430566 -0.0246783502639153 -0.0034133561462204 0.0130858164807745 0.0182166247621036 0.0209429323394548 0.0179615662891591 0.01037438955035 0.00293902430657067 -0.00508841041114572 -0.01943121069942 -0.0269996279985502 -0.0395781202066844 -0.0529163627829928
-9999 -9999 -9999 -9999 -9999 -9999 -9999 -0.0589983557212292 -0.104239368583198 0.0962098916031551 0.289137784610015 0.354202441258114 0.318410830524048 0.206712890816212 0.151629238828996 0.127873454550278 0.0998820209683997 0.0923998284448127 0.0929488343358202 0.080348228232875 0.0725945860829542 0.0849548120939545 0.0860272954991664 0.0895690416780172 0.0856070865353881 0.0736981466367264 0.0698195376948844 0.079741257073901 0.0911097015584189 0.088022268962534 0.0708395690899937 0.0529480605116488 0.0428437174968423 0.031697639309337 0.0175804102427707 0.00114252701418482 -0.0110912609325415 -0.00855564379883267 -0.00550244920034593 -0.0143431931158269 -0.0320687277616104 -0.0424843933233219 -0.0212579496177011 -0.00373239070859965 0.00998065810567345 0.0163003353281378 0.0180286734136325 0.0178306662357923 0.014948722852535 0.0109824273296711 0.00511656691341916 -0.00233215112200325 -0.0161003990358598 -0.0299954068368247 -0.0398733382824488
-9999 -9999 -9999 -9999 -9999 -9999 -9999 -0.0159650322488349 -0.110823969745129 -0.0279007914522766 0.263421367530097 0.454070651662856 0.386268183082506 0.213205500767697 0.143693884635295 0.1200011115649 0.0956255397493518 0.10624237419318 0.108763707301892 0.0923819661548823 0.0948342660972714 0.137228609026059 0.161749866539438 0.173581997296426 0.166203610661614 0.144277756463593 0.140135497457142 0.14850681936759 0.163516960413543 0.156524615673052 0.129914089867555 0.113025523727296 0.104069324253205 0.0997289121299942 0.0879915829668972 0.0730306958474015 0.0613646431774873 0.0611596747448278 0.0638943835479951 0.0489969943915564 0.0193201658357304 -0.00407917355566623 -0.00466829046307904 0.00742704453814375 0.0189612754073062 0.0225227446187088 0.0244727781902105 0.0253385458322001 0.0268629340985622 0.0240543431450628 0.0174056731060983 0.0153768052865729 -0.00536355301926161 -0.0197637103432809 -0.0312425345458278
-9999 -9999 -9999 -9999 -9999 -9999 -9999 -9999 -9999 -0.035021993089558 0.129213913551985 0.597927079538329 0.455563019006312 0.193945435315502 0.14912491478883 0.136946376120817 0.138327915423123 0.127391435392637 0.0857084765113477 0.0595013949364298 0.0985775582707037 0.187700099360016 0.220857739530889 0.209867408410477 0.20080637062373 0.193940503073494 0.192052592288969 0.194739189128798 0.195619226888859 0.187516720785847 0.17486589069507 0.169518813123661 0.162563754376132 0.162295529259895 0.158804232773256 0.149519884385212 0.144591307204017 0.141411845136462 0.13703641616467 0.119428629313229 0.0911828062390725 0.0636984705213651 0.0447259399533661 0.0382403832548524 0.0428295609505625 0.0409370063174225 0.0396737798221951 0.0395106408425533 0.0390735089625965 0.0362474963669429 0.0283767244495882 0.0187104725309687 0.00540521793550935 -0.0081816054523477 -0.0140256459442791
-9999 -9999 -9999 -9999 -9999 -9999 -9999 -9999 -9999 0.0536319880224644 0.0293950633157444 0.667785559797039 0.466067286527226 0.15425714803852 0.131705985243028 0.145455075929631 0.167767545810285 0.166842371371102 0.0859110782184732 0.0452329076179966 0.0981245672157526 0.226768221358642 0.250534180538116 0.232644306591093 0.216543286917343 0.202552583678586 0.211798603695845 0.203994763566688 0.194297083463037 0.182998686110883 0.175378113203857 0.182833707557241 0.174508201367514 0.177188736161387 0.180071370385391 0.182742326179718 0.194360146457645 0.193869776969302 0.194257775375286 0.181139191680718 0.156197716451555 0.133074658859845 0.110114975035478 0.0947234469459126 0.0788607388672812 0.0623256107289049 0.0570301926633804 0.0612540377920577 0.068975100907095 0.0699090916727044 0.0589246300078957 0.0501439664659975 0.0346250028352514 0.0221635395753433 0.0121008278136021
-9999 -9999 -9999 -9999 -9999 -9999 -9999 -9999 -9999 -9999 -0.00937338503859364 0.438154514230739 0.325900278035011 0.0952225347582112 0.0996667289017842 0.136954957574241 0.196047153228421 0.245526600161116 0.133812664742496 0.0606013689165282 0.124073082756135 0.25151359955434 0.277142807094884 0.232819609407816 0.212836341803701 0.218970578988007 0.216911488161881 0.203813659050619 0.178121819239107 0.160157504568006 0.159104464619797 0.161785875038387 0.154651437181559 0.147321494887466 0.15589124203169 0.175663099447086 0.198835879611612 0.208486253889266 0.21328376143226 0.212539089498383 0.201475415577879 0.186702251824652 0.167891047306797 0.149141200216308 0.131568918810194 0.11198609629605 0.10232968789644 0.112795578914686 0.122335310382017 0.117986363514697 0.099515007075308 0.0782736554269861 0.057404860753997 0.0369716494169535 0.0245431850359956
-9999 -9999 -9999 -9999 -9999 -9999 -9999 -9999 -9999 -9999 -9999 0.0927771515185559 0.12438241667078 0.0712664133511974 0.0758566339736418 0.126816462102887 0.23111375609098 0.390636147412033 0.260634466959916 0.131218480855915 0.179363174807367 0.273596489008809 0.271817233595363 0.232366613489666 0.212237145611096 0.214170101092389 0.217505608167916 0.197209664441963 0.165951350309055 0.144128071663506 0.131441366382218 0.124528689252436 0.113936744912975 0.106246685486935 0.111836295612154 0.131781453478964 0.157878918087548 0.175081848743885 0.190473111431806 0.200900349627199 0.203724613353496 0.204046162562831 0.196498184528956 0.18689308645496 0.175379931833085 0.156524008937167 0.149294239094538 0.159227067009928 0.165853439934164 0.154977808106422 0.122905570066367 0.0936685133199228 0.0677329746948383 0.0438457659058094 0.0281849258214137
-9999 -9999 -9999 -9999 -9999 -9999 -9999 -9999 -9999 -9999 -9999 -9999 0.0794133368711103 0.0656300893004458 0.0498831103841459 0.112387783566812 0.245311765211561 0.526394797488865 0.506978603775639 0.295266351691604 0.270458115046328 0.280646763391736 0.262429627342807 0.239909609997909 0.21218170171991 0.211650412851261 0.209341818053378 0.184507884369846 0.150309265447212 0.125361810165799 0.107922343053654 0.0952074336278188 0.0823389148189095 0.0685665586823655 0.0707552377811966 0.0840022918843073 0.102324237227846 0.125947246787821 0.139401454635817 0.161030820134757 0.181238660109513 0.191842591555462 0.201519786289691 0.200095607752612 0.2002031129218 0.195586498145245 0.194948103597714 0.197617346078767 0.192722549397392 0.176147873813687 0.141569933528024 0.107288441081097 0.0812082475095051 0.0545508873584205 0.0331145006769531
