meets/meet006/_saidas_enm/CCSM_Maha_0k_T_nigriceps2.asc
NCOLS 154 
NROWS 168 
XLLCORNER -112 
YLLCORNER -55.5 
CELLSIZE 0.5 
NODATA_value -9999 
[rows 50 to 74 of 168, columns 56 to 111 of 154]
-9999 -9999 -9999 -9999 -9999 -9999 -9999 -9999 -9999 -9999 -9999 -9999 -9999 -82.9151560234939 -56.8811294180894 -25.9137935716078 -11.4531646229741 -4.29722395886158 -1.38787727706977 -0.888079471769365 -2.53512259637605 -4.35784212070506 -4.37552079161522 -5.71024897851139 -7.51214796309582 -9.0621765048591 -13.4583476999524 -20.8388593407208 -28.6368426231317 -37.7709804232364 -44.4730417149825 -37.771337971976 -29.042831279685 -18.6356759687754 -7.85959127527594 -2.42635706824534 -1.25343815107743 -0.338504934775256 -0.112483940298008 -0.0016179287351501 -0.0156175247644454 0.0050486493481301 -0.281386744644784 -1.31025304951027 -2.70293861070458 -6.62160701867447 -4.9843236996535 -6.01778685403212 -6.54982801329783 -6.23261035259648 -7.63143228108964 -7.94662087885694 -6.57588500835816 -5.19704971534326 -4.89603121493574 -4.25333199963489
-9999 -9999 -9999 -9999 -9999 -9999 -9999 -9999 -9999 -9999 -9999 -9999 -9999 -41.2314627446226 -34.2190863164944 -24.7321167874459 -14.0115439431768 -5.7396011196692 -2.94222767017702 -3.06371822685764 -4.83841720691101 -9.19346604660859 -8.74859143757226 -10.2146788236814 -13.4554936052058 -18.5254116755939 -24.5879592775692 -33.7353074090088 -43.887807117887 -55.4830300293996 -61.4258659486268 -54.0843916440041 -40.9119704489756 -27.6724678627312 -13.6608719918049 -4.72284642046286 -1.78241433564576 -0.766643744247899 -0.444133223754805 -0.163748046551564 -0.221467189610185 -0.450986079194155 -0.943210073424864 -1.91591899507938 -3.55609880077118 -4.91511652229868 -5.1359047969321 -5.39634510171097 -5.79907278042815 -6.01077762373877 -6.84303055946319 -7.33935403699818 -5.99014535274675 -5.01177462732722 -4.48388336572763 -3.74763766766169
-9999 -9999 -9999 -9999 -9999 -9999 -9999 -9999 -9999 -9999 -9999 -31.1171584665068 -22.6078699798302 -21.171878604361 -23.6490710463833 -24.8104191994289 -18.9823599301372 -9.14401660765447 -6.97339391349807 -8.5230284998735 -11.407040952027 -13.1419781857683 -15.5243336684686 -19.1538377919393 -23.9526751634243 -29.2096648550394 -39.3581648303949 -51.7104718694072 -64.8740123194 -78.44628532687 -84.73864374243 -71.4481300639711 -51.975474809315 -33.9589764430425 -18.2092694619487 -6.80820131984619 -2.84006291685973 -1.76336384426493 -0.968907623728339 -0.702657494475797 -0.519425592830066 -0.90151507612642 -1.32370544100819 -1.95874866714732 -2.67068448000122 -2.96947127856409 -3.7216510463967 -3.76312492705143 -4.24770221289943 -5.43655250491512 -6.4243392869088 -6.19775840516771 -5.73463623834378 -5.19007265085722 -4.17548517542432 -2.95799636610833
-9999 -9999 -9999 -9999 -9999 -9999 -9999 -9999 -9999 -9999 -28.9505136762292 -19.7936161899391 -15.0382031927359 -14.9032054606241 -20.7859145626459 -25.2140099322318 -26.3222285169498 -18.2406298428372 -14.9478676480089 -16.0534039857539 -17.2367736464486 -20.0817884445635 -24.4930073663482 -29.8538094399041 -36.6170359515495 -45.7296062121641 -58.8252055558644 -74.8207150706459 -89.7637930831625 -100.93207397042 -102.277670406396 -84.2496634242146 -59.7762826254272 -38.044207945052 -21.7723987741348 -9.06238855778394 -4.38913963890326 -3.53192673768318 -2.35372203557002 -1.55937471525554 -1.53360614140482 -1.64180049440504 -1.86292448308941 -2.28532326521605 -2.94636197118963 -2.85841948910712 -3.36343409053735 -3.98565919657954 -5.39892038301056 -6.16928317481523 -5.87362197055984 -5.22153053524564 -5.65631766126324 -5.24600540989412 -3.52675674833455 -2.36700706350432
-9999 -9999 -9999 -9999 -9999 -9999 -9999 -9999 -9999 -9999 -15.2515446487838 -11.7101049730834 -6.61146995331429 -8.32296783119563 -15.0500132872905 -21.9986862324733 -32.30206911979 -29.5586153561692 -25.6584908309851 -26.1257750978577 -27.6296431265693 -32.1562701603365 -37.953094569646 -44.7267363127864 -54.756289007876 -66.8023079870352 -82.9128191558181 -100.58652090358 -103.640059936565 -98.1116391405265 -103.835765339056 -93.0577803373005 -66.9937240369813 -42.7922682609994 -24.5823762077639 -11.5540318382168 -6.57188026580059 -5.35101113756984 -4.37712525119753 -3.05692068474269 -2.31919022785509 -2.66427951849753 -2.99624777237533 -3.30238502403714 -3.66526611402861 -4.00906053777137 -5.56811329474968 -5.79632585102075 -6.34050467045411 -5.38978404119568 -4.14436435240372 -4.53021549289774 -5.49993077706989 -5.45199020005389 -3.09692759056825 -2.25605114806884
-9999 -9999 -9999 -9999 -9999 -9999 -9999 -9999 -29.5746385971264 -13.7430966089625 -5.45462168625198 -6.85430166347223 -3.18178530061116 -4.57147810469928 -13.4406285062197 -20.3841304603429 -32.6868711092596 -39.3359284138837 -39.2995190076555 -41.3250035343973 -44.2799708344891 -48.8109805592466 -53.3206112413676 -60.8563781366061 -73.7396019105068 -75.1703147983166 -77.6158859092001 -75.9463871221595 -76.2746222004903 -77.974073307772 -76.5746927347871 -75.1384725789333 -71.0809686641068 -48.1322826021133 -28.1978057388343 -15.8599902284252 -9.82598234863498 -7.5461763277446 -7.05564363983411 -6.36309222518303 -5.80211602343417 -5.94711818427967 -6.13179792160175 -6.58070252435684 -7.65810979069806 -7.62288400526722 -7.00157361655726 -5.62987093663494 -4.93146051083942 -4.42000112827721 -4.81538335637036 -5.68010796642918 -6.64710100695066 -6.52798526343794 -3.09308720248645 -2.27947928316662
-9999 -9999 -9999 -9999 -9999 -9999 -9999 -9999 -18.2683359597811 -5.89938656315674 -3.36401277679095 -2.36733207259344 -0.74389979200725 -4.33544875629858 -12.5982387512507 -18.9844291889546 -27.0385372397382 -39.2178679786816 -44.1192883520415 -46.7648747086639 -50.1263351560974 -52.4414721978777 -55.0459762970996 -54.2096076290068 -54.6090318006092 -54.5318507245496 -55.110501923281 -57.0951377314963 -57.169296326799 -55.6727015866823 -54.4379824874254 -54.3353960448093 -54.6198298117897 -53.4679354389129 -33.5742795671985 -21.7096968348624 -15.6358506142772 -11.8558190969352 -10.4774098850856 -10.633439793025 -11.2402893639675 -11.9934454293608 -12.2367166994881 -10.525402846952 -8.91480090540338 -7.47254217080406 -7.37212366828299 -7.29538522453544 -7.7980855635563 -9.34588507910173 -10.2326272355614 -11.1626995834094 -11.1489221327885 -8.77286924577436 -3.84305870429014 -1.99838221429277
-9999 -9999 -9999 -9999 -9999 -9999 -9999 -17.7741891146339 -8.66522989928625 -2.30260171445766 -0.831153509391913 -1.12343418042671 -0.121993734509405 -3.37562142965704 -10.263749469145 -17.8077887444117 -22.9906355454914 -31.0612449125634 -33.3277929992458 -36.7095131046774 -39.6211311378417 -40.1996922001149 -41.7422183165302 -41.5673630536345 -41.8508055988166 -42.9993329498463 -42.4520530157356 -41.594907833408 -41.6987894565811 -41.8751224249151 -42.4652826623533 -42.1936957051913 -42.0228279220435 -41.2918835688721 -39.7252188672436 -28.7175004648223 -22.7209186785964 -19.1657757025492 -17.1754679852982 -16.6735447663752 -15.7868586370099 -15.2334843565558 -14.4768107839648 -13.2866859337629 -12.8567246440675 -12.4741590963565 -13.1969533720378 -14.1191272223937 -15.8462836997558 -17.7679905362514 -18.595591528824 -19.3231036122518 -19.0032489066317 -13.5340485741052 -5.67139676444696 -2.38134054150892
-9999 -9999 -9999 -9999 -9999 -9999 -9999 -9.98993693606174 -3.04345159683069 -0.32910061431269 0.179044013664213 -0.676551079389726 0.353502282717989 -2.51245741788584 -7.92214501376732 -15.751960344 -19.7307445456518 -24.01990370238 -25.5016170142899 -26.807090299182 -28.4453137101458 -29.7275055452052 -31.5444774700108 -30.7627961704598 -29.5190482799792 -30.0131397909472 -29.6010781953478 -30.7675571666244 -30.6622732612714 -29.5220288012743 -30.0590454998261 -30.623192718144 -32.1594761897877 -33.0627291123536 -33.7952647568449 -36.3866849312605 -30.2346753259722 -25.9456649366383 -23.8360515055241 -23.4175545708318 -22.4942492843974 -22.8801767401595 -21.8082668177949 -21.8538867929513 -23.6785697275904 -25.226669233045 -28.5085201830092 -28.4450928451288 -28.0257264172588 -25.5289780953815 -25.419785951043 -24.1767772324521 -24.1645187280925 -17.2798454966659 -8.90185373913768 -3.56192118584945
-9999 -9999 -9999 -9999 -9999 -9999 -14.297576250785 -5.44954685790848 -0.519915260708689 -0.263017764437027 0.651039174193803 -0.238574779193422 0.213459814525585 -3.10330604371486 -6.96917423112172 -14.0963063069863 -15.8310169452114 -17.9711205040987 -18.9191047557876 -20.0329875190546 -21.5941316686211 -22.0256056285386 -22.1439182824825 -21.6335307504364 -21.9291682174518 -21.919447042388 -22.2355999907829 -21.9823697693605 -21.7412199064859 -22.6362084053922 -22.8254006490344 -23.8679206532392 -24.6540163802663 -25.4313641405079 -27.1881090303428 -28.4619945794208 -30.6739667699058 -31.8476755776641 -32.7439799803991 -32.7413344045413 -31.0063885642098 -29.4616394147084 -26.4470658955523 -23.4131886064345 -21.6956171791896 -19.3379108731521 -18.9842761314701 -17.6953955092771 -17.4265547450522 -17.7487040108736 -17.3338524549473 -17.5973261679591 -17.103841927341 -16.7118844836136 -11.1593307478993 -5.04186496894047
-9999 -9999 -9999 -9999 -9999 -9999 -13.9573084193065 -6.43805994212978 -1.01213855658367 0.57696084919565 0.551398488134777 0.367593474770013 -0.175319557243877 -2.44358156978222 -5.21284496511694 -10.8225679813839 -13.2284247550782 -14.5051485909479 -14.7576313831679 -15.1300464721813 -15.5827644039712 -15.5087413047361 -15.4219538831712 -14.9949257470191 -14.9629721981339 -15.3882733810537 -15.2448940241877 -15.236891330312 -15.2704920577357 -15.5918293463183 -16.3365799359042 -16.955562177377 -17.9768798283438 -18.8368300157444 -19.8495057587185 -20.8873034126535 -21.4187046094225 -22.1072477095669 -21.2056873460542 -19.7519991769801 -18.467911692758 -16.5001869199992 -14.8168801976721 -13.0550192148704 -11.4517787120471 -10.7571743266343 -10.040611413659 -9.98242350892383 -10.1362822257932 -10.0460269630828 -10.2976642848423 -10.249904439468 -10.61313847192 -11.1440000581704 -11.5737656431612 -7.39092996340865
-9999 -9999 -9999 -9999 -9999 -9999 -12.7667100439396 -7.09068832034668 -2.49334979877196 0.172318781048824 0.672630146039849 0.396849637125993 -0.138398693156985 -2.05136603513102 -4.43747873903648 -10.2668336335724 -11.6737296206356 -12.1570869709071 -11.7606035925695 -11.7645542090468 -11.9666433844112 -11.442596427772 -10.93202066014 -10.6165916133036 -11.0527263264837 -11.3426143698651 -11.4418119769137 -11.3054694659942 -11.2350160334606 -11.7470924596397 -12.1042185393721 -12.7016318834526 -13.2591548418646 -13.8920200298041 -14.8630325908993 -15.51340667143 -15.7747064204605 -15.4954020933592 -14.7572288318311 -13.3404017601259 -11.5127544281954 -10.3478286090431 -8.74561291101231 -7.73650601285867 -7.05411120363209 -6.22102609903675 -6.29577580184289 -5.96020315015418 -5.97996238334513 -6.33262904872017 -6.24266723576438 -6.70343080270901 -7.03947746969094 -7.57403095858542 -8.44620196309978 -8.64594845989418
-9999 -9999 -9999 -9999 -9999 -9999 -9999 -7.14805134790892 -2.07768295170647 0.554450765924337 0.633009672415361 0.555401946287696 -0.160242736458238 -1.29098955980488 -3.62797474576185 -8.44506164530704 -10.6079562460363 -10.0228793375363 -9.29970228348307 -8.92840633990944 -8.62608369826303 -8.0846585542443 -7.6741661627253 -7.49834958784848 -7.68379767942073 -8.02005890595838 -7.98508753497693 -7.98312458581738 -7.96125280677886 -8.062780279797 -8.4282446964603 -8.70542357022533 -9.22385940721996 -9.53093736881385 -9.7819539582411 -10.1749717922308 -10.179446096299 -10.2427969011594 -9.67143973022677 -8.46125985699527 -7.02327484427584 -5.74193961798704 -4.8744682941281 -4.27229965401513 -3.76904493804948 -3.57931180369713 -3.3694362005792 -3.35900589921158 -3.39276596194989 -3.44368647848115 -3.64295792826871 -4.00351952217179 -4.77604805715088 -5.73933258347969 -5.78016867193016 -5.88848797253318
-9999 -9999 -9999 -9999 -9999 -9999 -9999 -9999 -1.95795843854332 0.781263358711565 0.536070817698797 0.756478871794974 -0.0478330823772328 -1.13005281779 -3.82461521778548 -7.81721952305375 -9.46082615321859 -8.33269940741762 -7.57683319314363 -7.18075098543758 -6.68653457076933 -6.2376999686987 -5.76527013047847 -5.60335113904138 -5.80867476426002 -5.97781862091226 -5.87610839741806 -5.78169828918382 -5.74692130722933 -5.82776844511521 -5.93541719339515 -6.22277818351693 -6.47149411963531 -6.65194955907335 -6.78713912800354 -6.71871607717843 -6.84218832400944 -6.7294309723178 -6.58405411811105 -6.23845232763142 -4.82471718592015 -3.98058477125202 -3.27398067358798 -2.87389278759388 -2.70720589531965 -2.61814974807001 -2.61045093642461 -2.53866854466274 -2.52667208806009 -2.55038958797984 -2.59487994291448 -2.88597204572421 -3.43707366666063 -4.32969057083109 -4.19299173517924 -4.06241145525991
-9999 -9999 -9999 -9999 -9999 -9999 -10.0322322260946 -3.46936601604455 0.234704647737172 1 0.803337557688887 0.649749434334759 -0.194217687534452 -1.36073772003084 -3.86127744268381 -6.59504643603975 -7.79641190809187 -7.33353849755248 -6.62747366502671 -5.95150646123133 -5.40649343482592 -4.98554156755525 -4.74319647777368 -4.54533773614367 -4.41488287541055 -4.35173821654407 -4.23190958090706 -4.19145272331286 -4.17173305595625 -4.18751566779757 -4.28647120717868 -4.36543688474771 -4.50210066545184 -4.5778042379683 -4.62536480925975 -4.64051480018346 -4.55495577662969 -4.50058990066953 -4.47321950394161 -4.4232552912718 -3.74232137365871 -2.92026372723673 -2.44193309544298 -2.27010473208234 -2.26384445242212 -2.33165154129442 -2.31159584959266 -2.27290188917518 -2.23680258820759 -2.21132344227484 -2.23093391475119 -2.36368512685186 -2.72145900346878 -3.364101770058 -3.59973242512421 -3.4876397281284
-9999 -9999 -9999 -9999 -9999 -10.4023138390899 -5.15027170148123 -0.387234271303281 1 1 1 0.527421676132922 -0.413685244504402 -1.88236639267908 -4.33569370189579 -6.13494387779485 -6.48792893762989 -6.20176858666174 -5.86074167654897 -5.07174512035207 -4.50379379689909 -4.13581750243891 -4.05962780096316 -3.84103240605458 -3.49910927088713 -3.29333818908921 -3.22897792887867 -3.23587353439094 -3.23035979317569 -3.20923961224428 -3.30011209734048 -3.29233318778568 -3.36613133109734 -3.42895545375291 -3.48940588031649 -3.59192548273519 -3.48207761541423 -3.52365836095105 -3.74589823427861 -4.10338855401192 -3.23456493554472 -2.62766986896761 -2.35244757826928 -2.2831518979588 -2.36265769986451 -2.51949682445394 -2.45590230979527 -2.44117614482306 -2.41350077275455 -2.38656439304052 -2.38625185205224 -2.44449051739132 -2.67699643981003 -3.17102802596736 -3.71733649367202 -3.71336359332034
-9999 -9999 -9999 -9999 -9999 -8.64864789754158 -3.21710227764855 0.401680546972505 0.814242687012833 1 0.858015942715152 0.2593794685042 -0.67991378530722 -1.85559144737803 -4.07829421876648 -5.71718024579358 -5.98862998335951 -5.4169358849436 -4.91046113450633 -4.13284626931198 -3.56803376495844 -3.30036599340184 -3.17966615561598 -2.98761088885704 -2.79620072492024 -2.68159966483239 -2.61883703458136 -2.62514830358437 -2.63073028618054 -2.63672101919197 -2.65477486045071 -2.68262759196408 -2.72587841220788 -2.8025075036445 -2.91427835201523 -2.99582809251103 -3.0363065566423 -3.17372817066705 -3.48061176927702 -3.93003993624565 -3.24383624794408 -2.78203759269088 -2.54712876704865 -2.50919377384795 -2.61388142818643 -2.71778867477465 -2.75913063755514 -2.76362445164353 -2.75475510492566 -2.79650928443541 -2.82312421373088 -2.88702522657056 -2.69498295659363 -2.55961502226826 -2.59646724048221 -2.90559560707485
-9999 -9999 -9999 -9999 -9999 -9999 -2.35218540425256 0.6250733121056 0.83260333875588 1 0.638078993286232 0.274176164160673 -0.245399044485943 -1.56669616119933 -3.41362032190481 -5.05078624147889 -5.7379577809616 -4.78917032199492 -4.04867689496846 -3.34136446049852 -2.75761980261565 -2.6376498012488 -2.51493910731641 -2.37170135749561 -2.29586813905064 -2.25355077851536 -2.04829359605043 -1.90376397812585 -1.77642699614122 -1.72661407047938 -1.8280471697322 -1.89880280034734 -2.13575091959802 -2.35465614410906 -2.65793070250983 -2.87728359472845 -2.97930715403107 -2.954870127807 -2.91023826037664 -2.89699033676086 -2.90725756032389 -2.80674804674662 -2.95285428545475 -2.89939416076405 -3.02409636967193 -3.09180651473551 -3.01498852244854 -2.8311809479227 -2.63195746384912 -2.36688032174634 -2.16576968785088 -1.88860534555255 -1.72705245657283 -1.61240735471809 -1.55076582910176 -1.66849540149656
-9999 -9999 -9999 -9999 -9999 -9999 -4.05087992382807 0.297120930986674 0.669698822364836 0.962454181541368 0.242092130251894 0.77881674895509 1 0.72291299592555 -0.925887366717414 -3.78420861352393 -5.20692878955488 -4.45962691466619 -3.98863466444104 -3.07901533627766 -2.24729555379655 -2.07796321115203 -2.03264235357074 -1.96134461807405 -1.70050972553942 -1.45458116836573 -1.33017740860282 -1.2011458181231 -1.16098279701403 -1.14091310291791 -1.19435561610122 -1.30916125042179 -1.49362191507386 -1.72236593317575 -2.02089379752536 -1.99062910091221 -1.84282729841882 -1.75565681382872 -1.74759996156733 -1.79435409539307 -1.87572501919091 -1.82001758274864 -1.88964607506414 -1.9901090292178 -1.98994316046585 -2.00302590095266 -1.90449483915748 -1.79885125017577 -1.7015865604193 -1.57622276526644 -1.45367174661652 -1.2225855998535 -1.08640505373582 -1.01219866595227 -0.976119209068047 -1.01429561391424
-9999 -9999 -9999 -9999 -9999 -9999 -9.32446619046007 -1.51948817273179 0.682521132153945 1 0.545296601279952 1 1 1 0.636156433744606 -1.04002112701185 -3.74599609252748 -4.23334608079224 -3.87699506286857 -2.8856281117229 -1.90621998127999 -1.6016224599527 -1.51671637348412 -1.32470526175262 -1.03244521568545 -0.832739886353432 -0.645250436387492 -0.546932121169317 -0.505616788628957 -0.568855736434956 -0.740836167694715 -0.810113929014623 -1.01939589991171 -1.22745827690123 -1.08181398011169 -1.05161254012787 -0.877985473941857 -0.863573214266812 -0.860301978369822 -0.838999566649019 -1.00415047813595 -0.928598889281377 -0.996865463262209 -1.04873078378543 -0.958972016137065 -1.03820508030458 -0.926253219518117 -0.935197315275736 -0.904466962127998 -0.820773775723074 -0.887793042109059 -0.61854192982264 -0.570906455581035 -0.542141101626883 -0.519463846020768 -0.641272692941091
-9999 -9999 -9999 -9999 -9999 -9999 -9999 -9999 -4.36601898114232 0.235679402623846 0.770743460139886 0.673335630682937 1 0.803024646224464 0.88238928974669 0.199070392873283 -2.9049074995718 -4.80710991409096 -4.39705780567489 -2.73020219810652 -1.30458331528085 -1.10922353082673 -1.21274478715162 -1.00791803079176 -0.741868052755289 -0.390661040356931 -0.258507161805906 -0.160498659669579 -0.116066756998442 -0.142391426135189 -0.252903395152949 -0.378413112178285 -0.517626349724394 -0.722020585357634 -0.59139841422761 -0.473871117973955 -0.385977919511479 -0.331110528942014 -0.311353862491145 -0.327239420994034 -0.367820615480231 -0.391265688427792 -0.406811293310276 -0.410324854257744 -0.393577204137489 -0.383338730643983 -0.34938691782635 -0.32091084876326 -0.326140900122292 -0.347871222445171 -0.333334234446755 -0.255281624861919 -0.208857458322708 -0.235443784667741 -0.314083018717103 -0.475903397014385
-9999 -9999 -9999 -9999 -9999 -9999 -9999 -9999 -10.4788555525652 -1.12216193212946 1 0.155390717793301 0.567164028209184 0.551524590259147 0.393854001074725 0.270765767057801 -1.79597274915804 -4.33267297087403 -4.24823158770621 -2.17826510294231 -0.868951151686789 -0.733013076070028 -0.955255166480825 -0.759739674486373 -0.421849932555876 -0.132651658641631 0.00875605574831528 0.0631805362699553 0.139662194519578 0.184440981114148 0.0864528690989602 -0.0162572733590995 -0.177659575865189 -0.358207471727089 -0.286937441534478 -0.163557756668274 -0.0352412778487436 0.00259183020369769 0.0508493176043038 0.0969450091313488 0.0553530201739749 0.0770086366759738 0.039340871179335 0.0260545386363316 0.0668149712881562 0.04883239188832 0.103290992671888 0.0926045596411376 0.0451691870683791 0.00316314756664304 -0.10069098474569 -0.0621959758789596 -0.0664034989488576 -0.105562908404986 -0.192321387931471 -0.388427144466939
-9999 -9999 -9999 -9999 -9999 -9999 -9999 -9999 -9999 -2.40470698818768 0.0383821446842654 -0.0950118804753313 -0.557342932179531 -0.596135951040072 0.420498920529848 0.291153849113319 -1.27475698567901 -2.90874345314953 -3.20037963985689 -1.8698696850172 -0.567967333595021 -0.503188807043744 -0.791904586483304 -0.614812212552718 -0.259375425903627 -0.00205609049573718 0.120933011068467 0.189794016680407 0.265710632762733 0.33461001113588 0.321549243986606 0.215155169133763 0.0774298132889016 -0.0933889590144175 -0.270184706013718 -0.109390905630821 0.0171312928555692 0.138151527293279 0.210806859692817 0.242264583914282 0.272608064884695 0.281659484301791 0.299866621054031 0.306707271605271 0.289948058153836 0.305194987669844 0.328674099542317 0.310612201232152 0.220701882369018 0.0628491926043301 -0.0878230935981699 -0.15784300993519 -0.186909633309114 -0.209089403289176 -0.191226966202796 -0.254403778065613
-9999 -9999 -9999 -9999 -9999 -9999 -9999 -9999 -9999 -9999 -0.428324179905973 -2.04862403418889 -1.37240316092102 -1.08924694085671 0.157952686840529 0.0575187277961081 -0.560454328046508 -1.42048433946774 -1.92694523054328 -1.07285268993731 -0.282009046368087 -0.266067088841483 -0.565775139377399 -0.477530853318799 -0.0844048151399417 0.137754521795933 0.244203757087876 0.281216632788582 0.35567190335539 0.457980161881038 0.469801534836632 0.389556788172381 0.253858865343927 0.116653605641367 -0.0124684313961081 -0.174878552310609 -0.0203269830183443 0.0860424541814284 0.204173743153448 0.311323923399033 0.375468057409844 0.407273367226796 0.417316030192682 0.438146734672434 0.472072951992456 0.489679948429812 0.505902537861091 0.448111133403387 0.32461792050996 0.174078347986121 -0.0401067875348069 -0.177042845735311 -0.297852282325878 -0.284627005571301 -0.139438397690562 -0.135114812653311
-9999 -9999 -9999 -9999 -9999 -9999 -9999 -9999 -9999 -9999 -9999 -6.46105421041203 -1.26169998112382 -0.984624636880847 -0.568953253235772 -0.257503318494369 -0.292376748061502 -0.215004823747927 -0.72560716528865 -0.417009384089662 -0.186739907608585 -0.181983473091114 -0.276169015196168 -0.242185730435818 0.00436234141783709 0.141919855197525 0.261690918535974 0.349806845588743 0.422415035314556 0.498861565688969 0.510637730075189 0.448998651941891 0.359690873525427 0.268055254981466 0.180091654582841 0.0353012690544745 -0.083274914624919 -0.0526354088176273 0.082402720475478 0.203393313348366 0.304217950202979 0.361739159372066 0.419579730192842 0.467911183625288 0.50775104788875 0.546806609056805 0.56380957539958 0.538460189211709 0.435799100535579 0.268548033563989 0.0378605504427441 -0.106764277143078 -0.191362715816913 -0.19704493762613 -0.10163891408668 -0.0491156506836947
