meets/meet006/_saidas_enm/CCSM_Maxent_0k_T_subalaris4.asc
NCOLS 154 
NROWS 168 
XLLCORNER -112 
YLLCORNER -55.5 
CELLSIZE 0.5 
NODATA_value -9999 
[rows 48 to 71 of 168, columns 56 to 111 of 154]
-9999 -9999 -9999 -9999 -9999 -9999 -9999 -9999 -9999 -9999 -9999 -9999 -9999 0.00317032705061138 0.0159556288272142 0.0150524862110615 0.0154774924740195 0.0146022429689765 0.019786486402154 0.0289012715220451 0.044142659753561 0.0480474270880222 0.0522463098168373 0.0105145899578929 0.0126669760793447 0.0259518474340439 0.0144278621301055 0.013237988576293 0.0110497884452343 0.008302241563797 0.00635141832754016 0.00521689280867577 0.0264095272868872 0.023796247318387 0.0228281207382679 0.0206909067928791 0.0264479573816061 0.0306912716478109 0.203173846006393 0.218278050422668 0.232948169112206 0.236770704388618 0.251664102077484 0.243212178349495 0.21263088285923 0.189477890729904 0.14318822324276 0.134042322635651 0.126488521695137 0.0212681498378515 0.0253107473254204 0.0205768160521984 0.0194990560412407 0.0217402782291174 0.0263761300593615 0.0315051898360252
-9999 -9999 -9999 -9999 -9999 -9999 -9999 -9999 -9999 -9999 -9999 -9999 -9999 0.00232713227160275 0.014211505651474 0.0143474088981748 0.0140538392588496 0.0131009258329868 0.0154632637277246 0.132730945944786 0.027670769020915 0.0316485241055489 0.0402913317084312 0.00797342974692583 0.00876619759947062 0.00896905455738306 0.0078277662396431 0.00620248913764954 0.00481137819588184 0.0035935565829277 0.00290560722351074 0.00280322786420584 0.0031117086764425 0.00357582350261509 0.0263387933373451 0.0291058588773012 0.0277257077395916 0.0303106997162104 0.0354593694210052 0.0378878973424435 0.221500799059868 0.236442685127258 0.240503594279289 0.0436471588909626 0.0333795957267284 0.0233882497996092 0.0177037734538317 0.0158249083906412 0.0144183887168765 0.0145279262214899 0.0160750690847635 0.0163986105471849 0.0206078477203846 0.0282726511359215 0.0339647717773914 0.037200964987278
-9999 -9999 -9999 -9999 -9999 -9999 -9999 -9999 -9999 -9999 -9999 -9999 -9999 0.00257919216528535 0.0134397484362125 0.0148918256163597 0.0135789299383759 0.0121745560318232 0.0131246987730265 0.101719871163368 0.0194187816232443 0.0222239624708891 0.00482649076730013 0.00544816022738814 0.00534623116254807 0.00487470394000411 0.00381953339092433 0.00256958045065403 0.00228557083755732 0.00219903280958533 0.00234671635553241 0.00260021351277828 0.00269072176888585 0.00306488201022148 0.00461307493969798 0.0065266927704215 0.00604584999382496 0.00581111339852214 0.0371737964451313 0.00646548857912421 0.00643577100709081 0.00696945236995816 0.00688274065032601 0.00602341489866376 0.00434316694736481 0.0171596594154835 0.0185366421937943 0.0180429387837648 0.0172916371375322 0.0188184920698404 0.019039386883378 0.0164617467671633 0.0246797446161509 0.033442135900259 0.0381230600178242 0.0419962294399738
-9999 -9999 -9999 -9999 -9999 -9999 -9999 -9999 -9999 -9999 -9999 -9999 -9999 0.0126650780439377 0.0129299266263843 0.0128830270841718 0.0133776878938079 0.014612247236073 0.0935817062854767 0.0917748734354973 0.014514965005219 0.0137825394049287 0.00287788454443216 0.00306090945377946 0.00287143816240132 0.00230181706137955 0.0023180921562016 0.0023730096872896 0.00244445097632706 0.00244083697907627 0.00262086605653167 0.00277594034560025 0.00285303685814142 0.00245702429674566 0.00380065687932074 0.0054157585836947 0.00610524555668235 0.00632476201280951 0.00618992419913411 0.00659162690863013 0.00696869427338243 0.00702039292082191 0.00675375945866108 0.00603128038346767 0.00488105090335011 0.00413633557036519 0.00378511985763907 0.0270297564566135 0.0247083865106106 0.0207055397331715 0.017811443656683 0.0182995591312647 0.0259634032845497 0.034801933914423 0.0396427065134048 0.0414279475808144
-9999 -9999 -9999 -9999 -9999 -9999 -9999 -9999 -9999 -9999 -9999 0.00289143226109445 0.0152342077344656 0.0124560426920652 0.0123295439407229 0.012599135749042 0.0122916968539357 0.0985644534230232 0.0154166789725423 0.0114603908732533 0.0114942379295826 0.0116591593250632 0.00193578738253564 0.0019734906964004 0.00202143262140453 0.00217741029337049 0.00213304511271417 0.00220478535629809 0.00227872608229518 0.00232729478739202 0.00256422371603549 0.00278040184639394 0.002968575572595 0.00261238543316722 0.00291138282045722 0.00434214109554887 0.00525507936254144 0.00589965097606182 0.0407815650105476 0.00620841886848211 0.00715908315032721 0.00692679546773434 0.00665020989254117 0.00614887522533536 0.00551906740292907 0.0053173559717834 0.0045819254592061 0.0327549576759338 0.0276602692902088 0.0186956916004419 0.017268568277359 0.0226570963859558 0.0278340056538582 0.0362961888313293 0.0426827184855938 0.0469061955809593
-9999 -9999 -9999 -9999 -9999 -9999 -9999 -9999 -9999 -9999 0.00380729627795517 0.0148704033344984 0.0118307843804359 0.0119719672948122 0.0123473703861237 0.0126140099018812 0.0814591199159622 0.0121942507103086 0.011938245035708 0.0118762403726578 0.0119245182722807 0.00198171148076653 0.00202658120542765 0.00207110191695392 0.00212132860906422 0.00217950716614723 0.00224758428521454 0.00227747089229524 0.00227751070633531 0.00227767112664878 0.00231735967099667 0.0026069930754602 0.00284155365079641 0.00261318939737976 0.00230550626292825 0.00344373797997832 0.00422357814386487 0.00458685867488384 0.00487460754811764 0.0336665064096451 0.0058088805526495 0.0059691620990634 0.00597524549812078 0.00558600900694728 0.00481389742344618 0.00435278192162514 0.0250603780150414 0.0220339559018612 0.0172379110008478 0.0181669518351555 0.0242748465389013 0.0304710678756237 0.0325959622859955 0.0439561083912849 0.0541751235723495 0.0587048642337322
-9999 -9999 -9999 -9999 -9999 -9999 -9999 -9999 -9999 -9999 0.0254083164036274 0.0158838350325823 0.0114450389519334 0.0919966772198677 0.101018235087395 0.10119790583849 0.084078922867775 0.0126876765862107 0.00203672796487808 0.00203263899311423 0.00204025558196008 0.00208155438303947 0.00212594238109887 0.00217308383435011 0.00223291013389826 0.00227541732601821 0.00227711582556367 0.00227713864296675 0.00227674026973546 0.00227671302855015 0.00227358425036073 0.00232617068104446 0.00260097393766046 0.00250749778933823 0.00213042157702148 0.00279275584034622 0.00340490648522973 0.00355931045487523 0.00377885065972805 0.0263268537819386 0.0285275932401419 0.0301714465022087 0.0309387650340796 0.0288223698735237 0.0240725353360176 0.0200036372989416 0.0152702294290066 0.01654346100986 0.0225835423916578 0.0295837540179491 0.0419253185391426 0.0467916615307331 0.0459563806653023 0.0552268922328949 0.0666213110089302 0.0758234262466431
-9999 -9999 -9999 -9999 -9999 -9999 -9999 -9999 0.00512969028204679 0.0073432195931673 0.0378482453525066 0.0210450179874897 0.0899709239602089 0.0949750319123268 0.115496918559074 0.108966410160065 0.08427544683218 0.00215507368557155 0.00212908117100596 0.00214099721051753 0.00216472521424294 0.00219373963773251 0.002229138975963 0.00227134698070586 0.00227489252574742 0.00227779266424477 0.00227772514335811 0.00227679335512221 0.00227587367407978 0.00227546482346952 0.00227276072837412 0.00226685637608171 0.00225902744568884 0.00225860625505447 0.00206275936216116 0.00221406784839928 0.0026016877964139 0.00284276949241757 0.00298415613360703 0.00286551401950419 0.00280207465402782 0.00266595091670752 0.00277523137629032 0.0174709055572748 0.0142130749300122 0.0174133125692606 0.00336035760119557 0.00446374481543899 0.00571886170655489 0.00817233603447676 0.0659663528203964 0.0689184442162514 0.0642868429422379 0.0671834573149681 0.0781269520521164 0.0825274437665939
-9999 -9999 -9999 -9999 -9999 -9999 -9999 -9999 0.00614924402907491 0.0500403493642807 0.252468079328537 0.159018874168396 0.110408298671246 0.106290325522423 0.121305286884308 0.115010984241962 0.0819515660405159 0.00215492281131446 0.00216680788435042 0.00217972230166197 0.00219972850754857 0.002217723056674 0.00224067294038832 0.00223648943938315 0.00223290710709989 0.00222832872532308 0.00222937250509858 0.00223978026770055 0.0022384284529835 0.00222792546264827 0.00222359038889408 0.002229472855106 0.00225611892528832 0.00223790807649493 0.00210090610198677 0.00199041818268597 0.00191842799540609 0.00204275990836322 0.00215041940100491 0.0020313379354775 0.00187476503197104 0.00180347124114633 0.00180491351056844 0.00219768658280373 0.00300866761244833 0.00421474641188979 0.00540330074727535 0.00732432259246707 0.0106429932639003 0.0132074793800712 0.0148958340287209 0.0145207950845361 0.0836859196424484 0.0787134617567062 0.085056871175766 0.0882941484451294
-9999 -9999 -9999 -9999 -9999 -9999 -9999 0.00666994880884886 0.0479453094303608 0.0686273500323296 0.35534393787384 0.216661855578423 0.134317547082901 0.104124128818512 0.106030836701393 0.111613310873508 0.0796667188405991 0.0143323875963688 0.00208919029682875 0.00211366475559771 0.00213344441726804 0.00214107171632349 0.00215541571378708 0.00215446809306741 0.00215314631350338 0.00215575168840587 0.00215209275484085 0.00214785058051348 0.0021818527020514 0.00214773369953036 0.0021502235904336 0.00215360871516168 0.00215744669549167 0.00215608021244407 0.00214467663317919 0.00205034180544317 0.00198195688426495 0.00192871724721044 0.00189824681729078 0.00188533018808812 0.00187720637768507 0.0018869765335694 0.00234340783208609 0.00336884311400354 0.00489997491240501 0.00721468823030591 0.00968642346560955 0.0133962733671069 0.0172466821968555 0.0319631136953831 0.0325746275484562 0.0315180942416191 0.0157873257994652 0.0866064354777336 0.089990109205246 0.0896903201937675
-9999 -9999 -9999 -9999 -9999 -9999 -9999 0.0635869354009628 0.0669578239321709 0.0836346000432968 0.380831062793732 0.246472015976906 0.122039258480072 0.0807167440652847 0.0808824077248573 0.0929749086499214 0.0771099030971527 0.0138227799907327 0.0139661263674498 0.00203786254860461 0.00205247779376805 0.00206637545488775 0.00208455510437489 0.00208227848634124 0.00213058548979461 0.00221306900493801 0.00229508732445538 0.00237244553864002 0.00231443578377366 0.00214805616997182 0.00206355890259147 0.00206868420355022 0.00208531552925706 0.00210316712036729 0.00209888094104826 0.00211605569347739 0.00206185970455408 0.0020163741428405 0.00199472531676292 0.00207245885394514 0.0024570026434958 0.00307552656158805 0.00436543580144644 0.00642679911106825 0.00928767397999763 0.0133278649300337 0.0166493318974972 0.0333730131387711 0.0350111313164234 0.035263542085886 0.0352604798972607 0.0335077680647373 0.0318244583904743 0.0154851181432605 0.0941164642572403 0.0893337354063988
-9999 -9999 -9999 -9999 -9999 -9999 0.0141027383506298 0.154445588588715 0.150301977992058 0.0888193622231483 0.365286439657211 0.231497421860695 0.0822767838835716 0.0629207193851471 0.0681422129273415 0.0808908343315125 0.0128607824444771 0.0132273091003299 0.0134854400530457 0.00198001530952752 0.00199775863438845 0.00218710233457386 0.00234139058738947 0.00246223853901029 0.00253458553925157 0.00254318444058299 0.00266616814769804 0.00275348289869726 0.0027056832332164 0.00257780263200402 0.00239946087822318 0.00228492356836796 0.00218995101749897 0.00213673221878707 0.00218019774183631 0.00227603456005454 0.00238025654107332 0.00251144263893366 0.00284590548835695 0.00315536302514374 0.00379306450486183 0.00511304894462228 0.00693657342344522 0.0101415552198887 0.0146860172972083 0.0320587605237961 0.0334566086530685 0.0345535427331924 0.0351040400564671 0.0351735055446625 0.0351050943136215 0.0341696478426456 0.0327584631741047 0.0174969062209129 0.014812801964581 0.0873907655477524
-9999 -9999 -9999 -9999 -9999 -9999 0.0272031128406525 0.155384376645088 0.150818154215813 0.0810855254530907 0.318313091993332 0.197061836719513 0.0665166303515434 0.0631140470504761 0.0678429305553436 0.0787496641278267 0.0137187298387289 0.0134741757065058 0.0148763274773955 0.00224308460019529 0.00236604968085885 0.00261710095219314 0.00287374528124928 0.00301002035848796 0.00299076805822551 0.00294502428732812 0.00301979389041662 0.00310541014187038 0.00308425724506378 0.00298589933663607 0.00287565332837403 0.00279124942608178 0.0027354194317013 0.00265419203788042 0.00256786751560867 0.00266877445392311 0.00286082271486521 0.00321658700704575 0.00381578109227121 0.00450751837342978 0.00574849965050817 0.0074125318787992 0.00996212940663099 0.0141182243824005 0.0306986290961504 0.0330881737172604 0.0337150618433952 0.0337119214236736 0.0337407737970352 0.0337182842195034 0.033752303570509 0.0331677310168743 0.0313727520406246 0.0159949995577335 0.0147750778123736 0.0854102745652199
-9999 -9999 -9999 -9999 -9999 -9999 0.0280282385647297 0.152289316058159 0.148478955030441 0.0790043696761131 0.282248765230179 0.177814677357674 0.0726917237043381 0.0634835660457611 0.0679768174886703 0.0800619050860405 0.0141390068456531 0.0151309296488762 0.0171235464513302 0.00264270440675318 0.00279311253689229 0.00324113271199167 0.00364980427548289 0.00380783760920167 0.00365127227269113 0.00342876929789782 0.00353475380688906 0.00353732774965465 0.00354492128826678 0.00357395876199007 0.00342086795717478 0.00347485160455108 0.00336717977188528 0.00332812685519457 0.00326892803423107 0.00312765291891992 0.00350673659704626 0.00400188937783241 0.00501848384737968 0.00632422231137753 0.00832279771566391 0.0110005596652627 0.0143279898911715 0.0298739597201347 0.0318813808262348 0.0327774286270142 0.0328050851821899 0.0327075608074665 0.032701313495636 0.0327882133424282 0.0327266119420528 0.0316393226385117 0.0292031448334455 0.0142519576475024 0.0135856829583645 0.0125493975356221
-9999 -9999 -9999 -9999 -9999 -9999 -9999 0.0261568333953619 0.142146751284599 0.0711371675133705 0.27166211605072 0.183405846357346 0.0847364589571953 0.0751115903258324 0.0776080787181854 0.0808093622326851 0.0145850023254752 0.0171303581446409 0.00289410492405295 0.00313943042419851 0.00344777177087963 0.00396462716162205 0.00448499852791429 0.00468463357537985 0.00446197623386979 0.00421297550201416 0.00420953845605254 0.00426899315789342 0.00431663077324629 0.004393694922328 0.00437154062092304 0.00435843970626593 0.00428990507498384 0.00428639771416783 0.00431149499490857 0.00442468840628862 0.00471285730600357 0.005135846324265 0.00645425450056791 0.00824932940304279 0.0110533395782113 0.0143012246116996 0.0292381662875414 0.03107457049191 0.0319075211882591 0.0318294577300549 0.0317279063165188 0.0317155942320824 0.0317136272788048 0.0317014269530773 0.0315297245979309 0.0297197736799717 0.0156810935586691 0.0123129962012172 0.0118610970675945 0.0110721457749605
-9999 -9999 -9999 -9999 -9999 -9999 -9999 -9999 0.0757859870791435 0.0592479258775711 0.276038736104965 0.184853792190552 0.0946049690246582 0.0908794328570366 0.0891282632946968 0.0151704074814916 0.0162045489996672 0.0195890925824642 0.00338142807595432 0.00368901109322906 0.00417425436899066 0.00471859658136964 0.00539834005758166 0.00569636281579733 0.00540922023355961 0.00515745813027024 0.00527782598510385 0.00536581873893738 0.0054707108065486 0.0379940010607243 0.0386146456003189 0.00563130574300885 0.00554016977548599 0.00560407619923353 0.00583339110016823 0.00631607649847865 0.00655479496344924 0.00713442359119654 0.00801927968859673 0.0102847386151552 0.0137134669348598 0.0284247025847435 0.0302869863808155 0.03134910389781 0.0312518402934074 0.0311122890561819 0.031091894954443 0.031010190024972 0.0309961270540953 0.0310200359672308 0.0305135678499937 0.0291187483817339 0.0270996186882257 0.0130013236775994 0.0113065717741847 0.0106227993965149
-9999 -9999 -9999 -9999 -9999 -9999 0.00961720291525126 0.00717414356768131 0.0506615526974201 0.0479889214038849 0.236793234944344 0.168718039989471 0.100155368447304 0.0963552668690681 0.0985453128814697 0.0183841343969107 0.0190156064927578 0.0210932157933712 0.0248085595667362 0.00415759393945336 0.00468564406037331 0.00524252280592918 0.00571528682485223 0.00614989921450615 0.00637877266854048 0.00653807027265429 0.00673446105793118 0.00686574308201671 0.0468282662332058 0.047200333327055 0.0472124442458153 0.0472102761268616 0.047042328864336 0.0476439073681831 0.0485352426767349 0.00764330802485347 0.00818128231912851 0.00894869305193424 0.00963505264371634 0.0117379566654563 0.0151899568736553 0.0285711046308279 0.0302049983292818 0.0306287184357643 0.0304998159408569 0.0304185766726732 0.030332513153553 0.03029615432024 0.0302734095603228 0.0302401222288609 0.0301086343824863 0.028879513964057 0.0275095608085394 0.0142833804711699 0.0121152531355619 0.0100830337032676
-9999 -9999 -9999 -9999 -9999 0.028598465025425 0.00578504335135221 0.0341213010251522 0.0393696017563343 0.228693425655365 0.206712827086449 0.149302870035172 0.101464182138443 0.100909776985645 0.0197414997965097 0.0232876688241959 0.0222482159733772 0.0240446496754885 0.0265519581735134 0.0314384661614895 0.0356383621692657 0.00586372334510088 0.00607317499816418 0.00663082813844085 0.00747148832306266 0.00818398501724005 0.056094229221344 0.0571208745241165 0.0579563155770302 0.0580945834517479 0.0571658425033092 0.0578486509621143 0.0573182553052902 0.0575525090098381 0.0581086538732052 0.05837557092309 0.00977677758783102 0.0106785567477345 0.0113782957196236 0.0128575805574656 0.0270408317446709 0.028605854138732 0.0298928320407867 0.0300500951707363 0.0299400128424168 0.0298378355801105 0.0297957118600607 0.0297069549560547 0.0296706650406122 0.0296638421714306 0.0296333506703377 0.0287027787417173 0.0275529492646456 0.0257729645818472 0.0127847334370017 0.00990349519997835
-9999 -9999 -9999 -9999 -9999 0.0258368998765945 0.00522959092631936 0.0336808040738106 0.207684740424156 0.195529878139496 0.163709223270416 0.128945857286453 0.111023619771004 0.11849170178175 0.0222192890942097 0.0235167257487774 0.0232769045978785 0.0265308544039726 0.0303298085927963 0.0357300862669945 0.0412945784628391 0.0450350902974606 0.0477492660284042 0.0524638779461384 0.0578216686844826 0.0627962499856949 0.0659065321087837 0.0674177259206772 0.0691341385245323 0.0704032927751541 0.0714733898639679 0.071382462978363 0.0711012184619904 0.0711072012782097 0.0705268234014511 0.0717762336134911 0.0116771273314953 0.0126165850088 0.0132216978818178 0.0138137442991138 0.0270065106451511 0.028352739289403 0.0295833460986614 0.0296027269214392 0.0294802524149418 0.0293903909623623 0.029298534616828 0.0292412079870701 0.0292013082653284 0.0291507560759783 0.0291390847414732 0.0282925441861153 0.027270995080471 0.0261825080960989 0.0140584874898195 0.0121396826580167
-9999 -9999 -9999 -9999 -9999 -9999 0.00658779544755816 0.0058669513091445 0.205086201429367 0.156168967485428 0.139205053448677 0.119780458509922 0.109019458293915 0.122404515743256 0.022336857393384 0.0234861001372337 0.0228098500519991 0.0292954482138157 0.0352370068430901 0.0411981269717216 0.0496095418930054 0.0507088303565979 0.054015576839447 0.0592884421348572 0.0647101849317551 0.0707801878452301 0.074062168598175 0.0766943320631981 0.079366609454155 0.081894151866436 0.0855167284607887 0.0840300545096397 0.0844196081161499 0.0845924988389015 0.0834952667355537 0.0848910138010979 0.0138545017689466 0.0147869000211358 0.025621647015214 0.0151487356051803 0.0268760230392218 0.0280334707349539 0.0291331168264151 0.0291828364133835 0.0290551818907261 0.0289735104888678 0.0288738645613194 0.0288022458553314 0.0287433341145515 0.0286795031279325 0.028594734147191 0.0279425289481878 0.0271241217851639 0.0263018682599068 0.025790398940444 0.014691156335175
-9999 -9999 -9999 -9999 -9999 -9999 0.0450481474399567 0.0389999970793724 0.0355426110327244 0.156926557421684 0.134323090314865 0.126770675182343 0.11099386960268 0.103877693414688 0.108513213694096 0.107491977512836 0.0226798243820667 0.030193230137229 0.0371382497251034 0.0446394756436348 0.055295892059803 0.0587196312844753 0.0602642595767975 0.0639959871768951 0.0698155760765076 0.0766176134347916 0.0810704231262207 0.0850974693894386 0.0887627378106117 0.144918948411942 0.148000121116638 0.148950830101967 0.150168150663376 0.151916012167931 0.153470277786255 0.15627746284008 0.02625990845263 0.026667632162571 0.0267949681729078 0.0266238432377577 0.026612214744091 0.027595242485404 0.0284838993102312 0.0288507342338562 0.0287458393722773 0.0286559052765369 0.0285495407879353 0.0284561514854431 0.0283838268369436 0.0282999407500029 0.0282521769404411 0.0279836356639862 0.0273290891200304 0.0267695095390081 0.0264116283506155 0.0261330809444189
-9999 -9999 -9999 -9999 -9999 -9999 0.0552522167563438 0.036787249147892 0.0341879390180111 0.163468912243843 0.146574169397354 0.135652810335159 0.125756233930588 0.113480158150196 0.105599030852318 0.103726848959923 0.0202646069228649 0.0276789981871843 0.0350814275443554 0.0430080257356167 0.0587520115077496 0.0631998032331467 0.0630802363157272 0.0654294937849045 0.0718850791454315 0.0805352181196213 0.0854812636971474 0.14328245818615 0.144865021109581 0.146052181720734 0.148434519767761 0.149586066603661 0.151408955454826 0.153441250324249 0.155859082937241 0.159259840846062 0.161677673459053 0.0273463204503059 0.0274074040353298 0.0270919762551785 0.0269159320741892 0.0271607432514429 0.0278481710702181 0.0284626372158527 0.0284015145152807 0.0283575616776943 0.0282231345772743 0.0281385220587254 0.0280461777001619 0.0279069524258375 0.0278667621314526 0.0278177615255117 0.0273942705243826 0.0269798915833235 0.0267512872815132 0.0268002562224865
-9999 -9999 -9999 -9999 -9999 -9999 -9999 -9999 0.150086849927902 0.173269167542458 0.190489262342453 0.168662011623383 0.119589433073997 0.117553070187569 0.121592737734318 0.113186232745647 0.108571477234364 0.0222665015608072 0.0293023660778999 0.0419987440109253 0.0602054707705975 0.0642535984516144 0.0602460950613022 0.0625807568430901 0.0712365061044693 0.0811547935009003 0.13698422908783 0.139782130718231 0.141778990626335 0.144654467701912 0.148162484169006 0.149842232465744 0.151928722858429 0.154544562101364 0.157188296318054 0.160875424742699 0.16391833126545 0.166165560483932 0.0278152264654636 0.0276149734854698 0.0274272654205561 0.0272593293339014 0.0273741688579321 0.0277910828590393 0.0280010774731636 0.028111083433032 0.0280096475034952 0.0279001127928495 0.0278016142547131 0.0276868026703596 0.0276058167219162 0.0275001749396324 0.0273119602352381 0.027359738945961 0.0274188052862883 0.0273504238575697
-9999 -9999 -9999 -9999 -9999 -9999 -9999 -9999 0.31680092215538 0.189986437559128 0.232180804014206 0.1833456158638 0.113233603537083 0.115392379462719 0.125225082039833 0.124871678650379 0.115919344127178 0.0224698130041361 0.0279651489108801 0.041795440018177 0.0608813613653183 0.0636181309819221 0.0624536089599133 0.0650341361761093 0.0688895285129547 0.0793856605887413 0.0827376618981361 0.135335430502892 0.13742583990097 0.140975505113602 0.145722717046738 0.147589817643166 0.150243043899536 0.153042778372765 0.155825689435005 0.159853398799896 0.161851242184639 0.164580494165421 0.166335374116898 0.0278583820909262 0.027740515768528 0.0274839382618666 0.0273979660123587 0.0272904094308615 0.027188777923584 0.027279494330287 0.0275185648351908 0.0276614427566528 0.0275577716529369 0.0274084191769361 0.0273426827043295 0.0272427313029766 0.0272182412445545 0.0271588023751974 0.027032719925046 0.0269837416708469
