meets/meet006/_saidas_enm/CCSM_SVM_0k_T_subalaris1.asc
NCOLS 154 
NROWS 168 
XLLCORNER -112 
YLLCORNER -55.5 
CELLSIZE 0.5 
NODATA_value -9999 
[rows 75 to 99 of 168, columns 55 to 109 of 154]
-9999 -9999 -9999 -9999 -9999 -9999 -9999 -9999 -9999 -9999 -9999 -9999 0.00530394523758243 0.00233030084895502 0.0500333826603284 0.0970729360261113 0.227534009422815 0.486565710188513 0.600193921519412 0.397440033969563 0.271720566112323 0.209911956551282 0.169635604942535 0.159254853563215 0.14120252332463 0.140964954619703 0.137899068013193 0.117253699757519 0.0930173420137522 0.0737366043079818 0.0573627251610399 0.0437531348426987 0.0271480071857354 0.0139120491734991 0.0126089402716408 0.0191946889249564 0.0286760798751078 0.0422021244773625 0.0549015669209489 0.0790800485848145 0.108342978428161 0.133239294251797 0.153330775112458 0.163510413278044 0.179406200775485 0.196287307768248 0.209131146586902 0.206805926107077 0.195444186951638 0.176750931270237 0.143226048089282 0.114615382613372 0.0965485951190601 0.0817624372352305 0.0619767159292725
-9999 -9999 -9999 -9999 -9999 -9999 -9999 -9999 -9999 -9999 -9999 -9999 0.0132568197367083 0.0978355910714246 0.14940548950339 0.104744034344363 0.151772907512482 0.370040028846338 0.596340767477089 0.58219543630079 0.456138456759132 0.229265102792895 0.197848725478429 0.178546856069159 0.13574575730841 0.133905644999119 0.113499530162262 0.102112901170653 0.0776042245222592 0.0532625738323702 0.0353063822877995 0.0208422658258383 0.00182531194544633 -0.00647896797385705 -0.00654027543318059 -7.9984929196919e-05 0.0191007402456806 0.0215980539974174 0.0358171749988567 0.0611855951248921 0.0901531467860809 0.139499752108058 0.152175036611671 0.176644238689812 0.193549868287428 0.198215653249726 0.22157405771366 0.211142207292708 0.194519736971086 0.179749699672498 0.154524128780102 0.134562469302893 0.112334834239175 0.0913955770342129 0.0667865885906618
-9999 -9999 -9999 -9999 -9999 -9999 -9999 -9999 -9999 -9999 -9999 -9999 -9999 0.0739118808784481 0.157914634251473 0.160843145771196 0.190434808174476 0.24334886420395 0.274348610507544 0.402372624994747 0.531605234566565 0.467947540602432 0.336048655979154 0.212158535510417 0.125975407702252 0.129314631866025 0.132005578009694 0.104107805694574 0.0628063068068318 0.0301069279248405 0.00669354131710925 -0.0107821390510178 -0.030656992269314 -0.0409005110643852 -0.0414752043606184 -0.0344983070980172 -0.0201971921749076 -0.0161383997469552 -0.00528895169874521 0.0172383552583181 0.0450076538363847 0.0864467361432056 0.114254564102528 0.147516379634233 0.171816071989781 0.177459354770504 0.186567557230865 0.183988434321206 0.177310951157889 0.170757696190764 0.158469401815992 0.142344711224511 0.12007748922953 0.0945135475770019 0.0727192210683246
-9999 -9999 -9999 -9999 -9999 -9999 -9999 -9999 -9999 -9999 -9999 -9999 -9999 0.0376228025296867 0.121626939343649 0.25565916645538 0.267190546317458 0.110806026334898 0.016408909894072 0.0117734453584523 0.224492446580099 0.573927236778551 0.538436491169921 0.2941306141825 0.133953173023109 0.178861855105621 0.203729919242299 0.113510263925916 0.0504934053512315 0.00402517282858322 -0.0225358065996695 -0.042262556097271 -0.060854485318341 -0.0760992548064813 -0.079831639662318 -0.0737801810298555 -0.0658283864300738 -0.0600786992449511 -0.0577562306051054 -0.0412502179478227 -0.0178566380341774 0.00701150881379159 0.0474164988881399 0.0885763415742815 0.124466104747114 0.139954243004566 0.147266297272604 0.168239157802762 0.165976879161893 0.16712897680799 0.16476625611662 0.153644847372664 0.130183125604742 0.101125905102979 0.075406650411111
-9999 -9999 -9999 -9999 -9999 -9999 -9999 -9999 -9999 -9999 -9999 -9999 -9999 -9999 0.0463780178717422 0.285464882776598 0.142979581272242 -0.0158323198653559 -0.0511681589595554 -0.075335491378542 -0.0938406772827943 0.020545028903058 0.337849734835704 0.470571617090842 0.309621245156968 0.285194253905993 0.245477625097713 0.139477612503172 0.0393387764800173 -0.0246406044404948 -0.0481471769268373 -0.0660583215099655 -0.0849502899979201 -0.09809268053855 -0.104415237826309 -0.103740643745375 -0.100616177433204 -0.098765440969936 -0.0971228815813149 -0.0856821462082252 -0.0688325799670004 -0.0490404669536815 -0.0205498397784089 0.0164800543896773 0.0636429826347771 0.111249139773245 0.146971140373946 0.165274963728368 0.16949180984683 0.175872393351787 0.17476657912753 0.16398881333752 0.140291756459411 0.109063638349783 0.0824862013034234
-9999 -9999 -9999 -9999 -9999 -9999 -9999 -9999 -9999 -9999 -9999 -9999 -9999 -9999 0.0337222351159512 0.287457010706186 0.0497873253643688 -0.0484224463990804 -0.0153903502527118 0.00019409280540944 -0.0355433131331908 -0.0526535594356143 -0.113399274505032 0.143269178237276 0.213896102631398 0.23668988469754 0.292157711913532 0.194631169323199 0.0605397985214595 -0.0337048078454449 -0.0691721715342303 -0.0783761519681596 -0.109646127430454 -0.114821851679657 -0.122392581974053 -0.124799942589086 -0.125447571456043 -0.125822145017204 -0.12429021884343 -0.116090309656575 -0.103730043101969 -0.0914136635518576 -0.0684098135995262 -0.0430993839786031 0.0081351111907495 0.0862675862741575 0.169058409650458 0.164940727139982 0.171463680235928 0.182803715957051 0.176480274941792 0.176334311079747 0.143245872507031 0.111487025766541 0.0836802890720259
-9999 -9999 -9999 -9999 -9999 -9999 -9999 -9999 -9999 -9999 -9999 -9999 -9999 -9999 -9999 0.241196456373984 0.142042834308757 -0.0471574764597015 -0.0164362430966839 0.0183732170883182 0.0231973955323079 0.00527419408604651 -0.0555245345481928 -0.101909050617109 -0.116661027039286 -0.111656178869989 -0.0192720636084361 0.0887329149948372 0.0916019246786837 -0.00986472799603288 -0.0580155823049804 -0.11439320502751 -0.123879331262612 -0.134199650875697 -0.142733263940228 -0.140211044436419 -0.142912384603732 -0.145196359387218 -0.144617848735437 -0.136357943795067 -0.1221365445841 -0.106887830731608 -0.0905347473594429 -0.0689890017549448 -0.0220546414105112 0.0499617328029321 0.111765963704352 0.137345257443368 0.143227519362447 0.153762659261752 0.155295517614231 0.146325674953551 0.13074041207032 0.104416246535425 0.082714742551074
-9999 -9999 -9999 -9999 -9999 -9999 -9999 -9999 -9999 -9999 -9999 -9999 -9999 -9999 -9999 0.124497648834007 0.16862444616538 -0.0260533429354028 -0.0500408249280789 0.00824920794266226 0.0427998221331075 0.0576341444708298 0.0638500502681145 0.0745791139180688 0.0705394301509657 0.0233315579327492 -0.0106292396018018 -0.091251914283952 -0.0743483556531772 -0.011934752340778 0.00753682713704534 -0.128257423821104 -0.112045721688161 -0.13629621666726 -0.152427828768424 -0.14894212850018 -0.153545174424346 -0.156309699957432 -0.155313375710212 -0.146871287616917 -0.131076613115766 -0.114696387986039 -0.0985156924701721 -0.0829171888228954 -0.0447594980157799 0.0140019729920848 0.071988807266732 0.104779534008591 0.109264798845138 0.123878547221149 0.134608392726394 0.122756516149139 0.125913732838115 0.106443282430006 0.0925083959257186
-9999 -9999 -9999 -9999 -9999 -9999 -9999 -9999 -9999 -9999 -9999 -9999 -9999 -9999 -9999 -9999 0.0717250377263524 0.0850155101685303 -0.0644790016393968 -0.0318700319962164 0.0402178833814609 0.0903583279603511 0.0963018517500276 0.0983701647297081 0.0969918594432596 0.0912246010195853 0.0869841215419179 0.0649482782956727 0.0333666231317901 -0.0433862983354677 -0.12179097590665 0.0860600983343739 0.0715689096125199 -0.0912208543407469 -0.155503463786945 -0.15910899917096 -0.158632037298609 -0.156944962447449 -0.156341819913129 -0.149469606433926 -0.132060070003294 -0.111504909885074 -0.104551804165201 -0.0962926507289582 -0.065226013414196 -0.0147894929232533 0.0396961524385428 0.078840153323071 0.101476792865249 0.127206205988514 0.146066404010377 0.153100215962797 0.148330814165106 0.134171370259365 0.121602651045917
-9999 -9999 -9999 -9999 -9999 -9999 -9999 -9999 -9999 -9999 -9999 -9999 -9999 -9999 -9999 -9999 0.0509751450488684 0.0952747247546861 0.064522269736291 -0.0650371228090129 0.00526933482855546 0.0949954260197866 0.0983245252471163 0.105842002667974 0.106729407047845 0.104172871555099 0.112116984013898 0.102596001888049 0.105791381329174 0.0864470831766354 -0.0452567132366394 -0.0601579960338158 0.172336481687511 0.0385610248366751 -0.123459343264369 -0.151891042582814 -0.15564525357873 -0.160681122345423 -0.159586674120934 -0.151648691059399 -0.131671441107617 -0.105415873690759 -0.10868619154647 -0.111385303213609 -0.0831206629687179 -0.0378370061108029 0.0182694624041765 0.0682994236392923 0.106664204797455 0.146981710225207 0.174685042996861 0.190031258951264 0.181143152207397 0.16433795913981 0.146120735888443
-9999 -9999 -9999 -9999 -9999 -9999 -9999 -9999 -9999 -9999 -9999 -9999 -9999 -9999 -9999 -9999 0.124854359309464 0.0173140512808033 0.15609565499258 0.0617603444066251 -0.0545399397932188 0.0161638171614057 0.0631373785572144 0.0818256315017089 0.0916571375871334 0.0950169206141188 0.0980353033032655 0.0987346218100238 0.0988625544761243 0.0850014514653915 0.0324099611967217 -0.101452843218881 -0.0200303825917858 0.321345758002572 0.0926877198020456 -0.0642952216529141 -0.137265469991181 -0.154903422914849 -0.16197484509541 -0.155370017309303 -0.127120137742884 -0.100620413461537 -0.115881481316558 -0.118877363331708 -0.0900379106757803 -0.0499496054125909 -0.000364480107813647 0.0489013682980262 0.105524550401586 0.152865445608789 0.181747114716489 0.206654964133442 0.1764331168985 0.151526479634988 0.129179201708549
-9999 -9999 -9999 -9999 -9999 -9999 -9999 -9999 -9999 -9999 -9999 -9999 -9999 -9999 -9999 -9999 -9999 0.0852052610694208 0.00222494407338725 0.165914113155939 0.116517291452195 -0.0087327781082629 -0.002934039207519 0.0390417805343592 0.0611701084419889 0.0661949015043452 0.070287428225367 0.0818051423953386 0.0905034552706023 0.0877658457415416 0.0661546735929617 0.00946333911821368 -0.120422698679173 0.192653340614962 0.383150761263596 0.202577209527278 -0.0244797670755172 -0.116652925231334 -0.159628950160112 -0.161162471772144 -0.142438015116437 -0.11160076085949 -0.125085327137366 -0.113721695378839 -0.0850630045627915 -0.0542387125483091 -0.0205702811850215 0.0175246555654224 0.0734263452353031 0.115561152388247 0.135758145176568 0.161624954687133 0.109742479823581 0.0742627505317821 0.057177417158486
-9999 -9999 -9999 -9999 -9999 -9999 -9999 -9999 -9999 -9999 -9999 -9999 -9999 -9999 -9999 -9999 -9999 -9999 0.0883705639251585 0.0021326571899557 0.110392360181127 0.250117502506439 0.0261112195048476 -0.0348612890886738 0.0127338009043521 0.0347172291055761 0.0502798291340721 0.0649263161101845 0.0763304040667574 0.0823609079100713 0.0821707981542564 0.066248076675228 -0.0184323134771065 -0.109147965868419 0.0579518511741817 0.377338091026706 0.282222415884832 0.0516564755604543 -0.07516280086931 -0.13493881103391 -0.129811602789929 -0.113684706054838 -0.100089809174257 -0.0825960844034462 -0.0686964900547611 -0.0593239068372402 -0.0462915271789054 -0.0212300691686459 0.000873433026563286 0.0239660195410089 0.0419401464788762 0.033152792858334 0.00155615670339293 -0.0400504957526804 -0.0449290373908978
-9999 -9999 -9999 -9999 -9999 -9999 -9999 -9999 -9999 -9999 -9999 -9999 -9999 -9999 -9999 -9999 -9999 -9999 -9999 -9999 0.022590212126778 0.0321837347207187 0.0356327314316594 -0.0587542121141053 -0.0603913032335777 -0.0129667880197104 0.0293742040399723 0.053642206477064 0.0661069623797589 0.0712239879197304 0.0812442123879578 0.0816851290957122 0.0439361652531193 -0.0146096423386166 -0.094477929004537 0.0235049230297357 0.40693176456207 0.315877700748564 0.12762253878483 -0.01586865046403 -0.0425895371547802 -0.0260963717795918 -0.0495428953253449 -0.0550880066807434 -0.0561826665086984 -0.0629450546740205 -0.0610869787596333 -0.0475700191057435 -0.0456821976916053 -0.0359760038677001 -0.025608933052885 -0.0339244222550662 -0.0620542188677297 -0.102623869327523 -0.104855505387666
-9999 -9999 -9999 -9999 -9999 -9999 -9999 -9999 -9999 -9999 -9999 -9999 -9999 -9999 -9999 -9999 -9999 -9999 -9999 -9999 -9999 -9999 0.0239150982473176 -0.020333603087101 -0.0636288822528175 -0.0803369979605923 0.00455110476686221 0.0325602391883658 0.0490035783597237 0.0559785716764964 0.0631591710566312 0.0694897411334879 0.0650550076984691 0.049978798880025 0.00388003693097744 -0.104463564385172 -0.0520446538094272 0.248296575041446 0.379323802107881 0.174769207444005 0.0912751287368741 -0.00623473932384211 -0.0374785945075942 -0.0433327521071941 -0.0617934315853941 -0.0602590882857846 -0.0608588597339772 -0.052962662605291 -0.0503832656275258 -0.0558960851370219 -0.0538237510500506 -0.0655128155492838 -0.0915688985366914 -0.123405521764607 -0.129896308983346
-9999 -9999 -9999 -9999 -9999 -9999 -9999 -9999 -9999 -9999 -9999 -9999 -9999 -9999 -9999 -9999 -9999 -9999 -9999 -9999 -9999 -9999 -9999 -9999 0.0196187889443843 -0.0359637875892665 -0.0815459719488028 -0.0458968355041852 0.00473567590746338 0.0301259483219126 0.0402447391871512 0.0516960765246184 0.0654042874020491 0.0742989841632139 0.0568349298120622 0.00499597660404949 -0.0749687657152867 -0.0670682600673667 0.305977273477765 0.470134499429928 0.341641927318099 0.117864821354646 0.00740926945138692 -0.0394247145045087 -0.0604261527414066 -0.0594173661126113 -0.0485320867368408 -0.0392069093653242 -0.0405295189946153 -0.0499351449534852 -0.0604771507891818 -0.0796465161058199 -0.11018177001215 -0.143632802437098 -0.156057194901202
-9999 -9999 -9999 -9999 -9999 -9999 -9999 -9999 -9999 -9999 -9999 -9999 -9999 -9999 -9999 -9999 -9999 -9999 -9999 -9999 -9999 -9999 -9999 -9999 -9999 -9999 -0.0174841701483383 -0.0537575970344233 -0.0503006704181107 -0.0124744132438853 -0.000607993074214774 0.014608934988506 0.0432901155128567 0.06998810059231 0.077203875965398 0.0651936151626292 0.0554121670794026 -0.048527514566291 -0.0699290646524408 0.229960129936875 0.621000950138998 0.385724144822147 0.106751258792307 -0.0220498621632498 -0.0738085384150811 -0.0574365232954518 -0.0286602991183497 -0.0242727977021905 -0.0222068692549783 -0.0377482722068698 -0.0624333800584448 -0.0855266758685148 -0.126752393598927 -0.165146938031367 -0.178150307597668
-9999 -9999 -9999 -9999 -9999 -9999 -9999 -9999 -9999 -9999 -9999 -9999 -9999 -9999 -9999 -9999 -9999 -9999 -9999 -9999 -9999 -9999 -9999 -9999 -9999 -9999 0.0616766855293759 -0.0174851153096059 -0.00518057302917629 -0.024318220551252 -0.0394616437870705 -0.0300494283623565 0.0068601582701262 0.0377135920624276 0.0520440064277662 0.0613759529667426 0.0593028111041203 -0.00200033524515764 -0.068733636560508 0.00746482972035295 0.590283654687652 0.724435080264225 0.281833629689773 0.0172862758829829 -0.0729888553033826 -0.0655009299612391 -0.0252016588559554 -0.0202481697314575 -0.0228268842427479 -0.0418065258392416 -0.0715379135695429 -0.102339631518364 -0.143703322963787 -0.175638756064113 -0.186164434126388
-9999 -9999 -9999 -9999 -9999 -9999 -9999 -9999 -9999 -9999 -9999 -9999 -9999 -9999 -9999 -9999 -9999 -9999 -9999 -9999 -9999 -9999 -9999 -9999 -9999 -9999 -9999 -9999 -0.000894494378209321 0.0701846322690147 0.0404482124896882 0.0139177916951206 -0.00715369948572331 -7.06418242856222e-05 0.0105804160243526 0.0187354673778677 0.0117446832455802 -0.0110830456928983 -0.0502695756432113 -0.0639042493028961 0.448398859533204 0.940451546256193 0.515121008490358 0.0865370570909793 -0.0555971501806288 -0.0637706875016141 -0.031990786283012 -0.0339910577369488 -0.0362475294556073 -0.0585701151665088 -0.0951077360738241 -0.123937546892275 -0.15652023097843 -0.181101175439814 -0.18605085749684
-9999 -9999 -9999 -9999 -9999 -9999 -9999 -9999 -9999 -9999 -9999 -9999 -9999 -9999 -9999 -9999 -9999 -9999 -9999 -9999 -9999 -9999 -9999 -9999 -9999 -9999 -9999 -9999 0.0312184640272479 0.0968465184864298 0.147286515523489 0.0186574249768583 -0.0359456888381685 -0.0319133370862231 -0.0158193362808376 -0.014934111346524 -0.0212633259270661 -0.0257166224678301 -0.0473767608685318 -0.0736353985959778 0.291914136580049 0.919389365109148 0.708277030255766 0.160296398283962 -0.06701345100683 -0.0786688605704947 -0.0432346142083785 -0.0518716600455664 -0.0675602341688998 -0.0941561930077982 -0.127560686603753 -0.152603659873901 -0.166345388831373 -0.170853890308187 -0.166984349275155
-9999 -9999 -9999 -9999 -9999 -9999 -9999 -9999 -9999 -9999 -9999 -9999 -9999 -9999 -9999 -9999 -9999 -9999 -9999 -9999 -9999 -9999 -9999 -9999 -9999 -9999 -9999 -9999 -9999 0.0888116778610186 0.214907056240563 0.0500545734126132 -0.0946610441838283 -0.0678364510906243 -0.0275998194893969 -0.0406172663655899 -0.0610958628811673 -0.0412687314232546 -0.0389228917450913 -0.060475172203686 0.200438176082846 0.854735881393118 0.843117463828315 0.250289107348675 -0.0633688713580448 -0.0978222164831446 -0.0497038210594531 -0.0711773596598702 -0.0928945292288127 -0.119324404264752 -0.154170839507621 -0.180033017984649 -0.173887505666698 -0.149838573447055 -0.131284341104285
-9999 -9999 -9999 -9999 -9999 -9999 -9999 -9999 -9999 -9999 -9999 -9999 -9999 -9999 -9999 -9999 -9999 -9999 -9999 -9999 -9999 -9999 -9999 -9999 -9999 -9999 -9999 -9999 -9999 0.0792823505386908 0.226922479590557 0.0941668392857774 -0.139435919627673 -0.0825859915466486 -0.0255891154071487 -0.0464840076756345 -0.0688911183551909 -0.0399313598671505 -0.0279177068282507 -0.0409239748506742 0.172028077274628 0.794309343257455 0.924125136841051 0.356748953360698 -0.0188417540898624 -0.109367934159639 -0.118738252073181 -0.116060892674636 -0.103116320079313 -0.117825236189074 -0.160184772194815 -0.17816240212616 -0.174371537361031 -0.145709046982617 -0.116637722122905
-9999 -9999 -9999 -9999 -9999 -9999 -9999 -9999 -9999 -9999 -9999 -9999 -9999 -9999 -9999 -9999 -9999 -9999 -9999 -9999 -9999 -9999 -9999 -9999 -9999 -9999 -9999 -9999 -9999 0.076423192946568 0.229361252210787 0.149509187952437 -0.155156054850918 -0.0518020825830476 0.00796861562829182 -0.0321490844428709 -0.0653486692407926 -0.0287436600311365 -0.0114836768579579 -0.0293468362193423 0.162449419997642 0.744226898262563 0.936700122736191 0.376113750477984 -0.0187182185477099 -0.112170119854761 -0.141991482888324 -0.159070516638715 -0.118960233864914 -0.108106137741208 -0.157269140558726 -0.17183277710241 -0.161960504164889 -0.134327775507547 -0.102885171220093
-9999 -9999 -9999 -9999 -9999 -9999 -9999 -9999 -9999 -9999 -9999 -9999 -9999 -9999 -9999 -9999 -9999 -9999 -9999 -9999 -9999 -9999 -9999 -9999 -9999 -9999 -9999 -9999 -9999 0.0703352139738296 0.222484001839215 0.0666594462168999 -0.156764280801111 -0.0437107141986619 0.0158708566998995 -0.0055663882810999 -0.0274123752253782 -0.00594978632675269 -0.00298736334286598 -0.0272254252673478 0.178138819185402 0.764714487141601 0.890351578550042 0.336112883361625 -0.0440306061277482 -0.133945940276109 -0.152801742607259 -0.170872646600654 -0.169833949898103 -0.160031058007437 -0.146572798787935 -0.137229414190243 -0.129214580332849 -0.117543731058597 -0.0839818345056077
-9999 -9999 -9999 -9999 -9999 -9999 -9999 -9999 -9999 -9999 -9999 -9999 -9999 -9999 -9999 -9999 -9999 -9999 -9999 -9999 -9999 -9999 -9999 -9999 -9999 -9999 -9999 -9999 -9999 0.066334780192942 0.195989639946824 -0.0123034673977171 -0.1429813866602 -0.0259535868814468 0.0270558101381371 0.0108299128734215 0.00555441830120657 0.0083538399973011 -0.00479749143896879 -0.0384462219782822 0.199405862066539 0.778093947243676 0.81307182064607 0.225211016616206 -0.106197708961863 -0.159941902136097 -0.174678075886887 -0.170728353611264 -0.163870860581984 -0.160747644551727 -0.131116273926691 -0.0655732242068583 -0.0915935451229478 -0.0917182936736525 -0.041927108394555
