meets/meet006/_saidas_enm/CCSM_Maha_0k_T_subalaris3.asc
NCOLS 154 
NROWS 168 
XLLCORNER -112 
YLLCORNER -55.5 
CELLSIZE 0.5 
NODATA_value -9999 
[rows 50 to 74 of 168, columns 56 to 111 of 154]
-9999 -9999 -9999 -9999 -9999 -9999 -9999 -9999 -9999 -9999 -9999 -9999 -9999 -1063.4552918547 -754.801906923734 -418.414234352744 -281.441994492346 -231.528497931093 -195.771656019962 -169.672643081701 -171.94849230845 -171.550471090948 -158.821098460302 -166.38420461068 -201.485297368549 -244.186512282964 -311.551361668069 -420.707540556992 -492.739878958869 -559.145790017032 -587.784173348471 -518.020526881753 -438.868225335624 -321.888246486695 -169.813538504814 -73.1790959321882 -49.0641446324455 -36.6998412257552 -28.459375758272 -26.4923758149761 -26.1241489687269 -25.5332186203986 -29.2993708537119 -44.8489006080278 -82.813630570742 -160.256275791888 -154.582876936495 -163.983810046983 -176.836036178983 -174.464474014072 -180.231816100288 -195.151412102014 -150.409971130253 -122.137679197143 -107.935489729422 -90.608665329499
-9999 -9999 -9999 -9999 -9999 -9999 -9999 -9999 -9999 -9999 -9999 -9999 -9999 -722.378012684906 -607.154735477101 -410.683517684224 -286.936691498305 -225.800592209826 -203.082290319273 -211.141480132761 -222.625106596152 -247.350545331615 -238.609870771101 -254.644759429252 -298.011720214386 -371.314678253968 -420.282403251324 -474.130918108284 -532.517147330322 -598.949509693341 -617.222154470605 -570.777821083342 -486.223419357754 -398.608431497056 -229.16702936269 -118.415380857301 -67.7256696972267 -44.5924230886933 -38.3347672324531 -32.4030682056982 -29.3038307045987 -30.5333821165649 -35.2523474096509 -47.3036431172225 -72.6480281912088 -97.8825834482473 -117.279809494018 -119.160201177806 -133.572265649865 -154.046454530861 -170.654247115657 -169.695077905155 -136.156966177899 -113.024264849862 -97.7506035108516 -85.5082402985748
-9999 -9999 -9999 -9999 -9999 -9999 -9999 -9999 -9999 -9999 -9999 -669.114741505383 -513.192073446511 -460.960611642037 -488.995243814082 -415.372859965129 -318.020258243696 -240.632321693426 -229.023671457727 -275.799869713321 -295.294786766497 -325.551354613087 -356.262762000602 -387.049718520325 -423.568740917929 -448.678956444963 -510.107026797618 -569.241516299756 -624.189864761513 -680.167972699548 -687.342626501866 -616.686780507051 -517.866706735736 -422.790876403163 -289.191368519925 -163.873157709035 -101.688535749208 -66.0044865488214 -52.9234597674915 -46.7587525862575 -37.1110931125071 -40.2219409259987 -43.096864036425 -51.7704611819655 -66.4824427286744 -74.5925631175785 -99.0826839910306 -101.334197483616 -119.616764785261 -157.497285262311 -164.349000127338 -140.380659934544 -124.801195906905 -107.761280585319 -88.3674740025618 -72.8091881665039
-9999 -9999 -9999 -9999 -9999 -9999 -9999 -9999 -9999 -9999 -611.058888141623 -515.245799771633 -403.004802162158 -354.248006173482 -357.925208918306 -401.593863009453 -411.04568646804 -346.772857403695 -322.890464843692 -356.319032508405 -382.033882505799 -418.87834062402 -457.060925812987 -490.770145064393 -522.229198739378 -557.256227373796 -617.152310121506 -683.440588825566 -734.493693364422 -761.334274585173 -741.668735948878 -653.059662336766 -537.177828110914 -433.458394000896 -338.225091314127 -204.844257537135 -138.516280045697 -104.822111960672 -85.4359889599007 -76.258217997228 -64.815800550155 -62.2849862541944 -61.9995082130669 -69.5596986671253 -88.1632863937168 -102.370282928832 -124.670128760463 -142.082681756415 -171.030840831088 -165.096462816711 -133.827793701532 -117.662858839912 -116.825024412697 -99.2195066826243 -72.8604934642762 -57.3088868026603
-9999 -9999 -9999 -9999 -9999 -9999 -9999 -9999 -9999 -9999 -393.767302306152 -331.84532687409 -295.919379938925 -247.882720066436 -274.669248054614 -347.521993708147 -454.704031155215 -486.175812540797 -447.705831480109 -470.337519535117 -494.416612243377 -534.317060925377 -574.266097268823 -601.448347454075 -636.65586902665 -677.06651830239 -735.676994301568 -781.663529066206 -789.950282445374 -773.192782989081 -759.924391856865 -682.849061472219 -562.385958489022 -454.026750812068 -367.869398059983 -248.571427092155 -184.602046205354 -152.866177917947 -131.428402695771 -119.249864926456 -106.834175985486 -102.16094165524 -99.9452249482012 -108.732218263598 -131.054744079694 -154.822513542082 -193.544241367535 -186.949852164831 -155.22130583171 -131.355662492148 -100.177486801228 -98.3382305241576 -105.503006153764 -94.3426323379356 -64.5757459186936 -46.679317270166
-9999 -9999 -9999 -9999 -9999 -9999 -9999 -9999 -490.580930650828 -270.701859540698 -164.648208193831 -186.173931685483 -214.362586617772 -214.029355447257 -245.66454007427 -317.587433933162 -438.781145745643 -546.770236473982 -579.231498054797 -605.103009093288 -623.531211638574 -648.372842122594 -645.484937381726 -654.395580830978 -694.36825646655 -693.376906862895 -690.175435436901 -671.374814297664 -670.979277146255 -682.011898199702 -664.654127325015 -640.84251167024 -595.604007451802 -491.045345206505 -403.529142855 -314.449284531323 -247.541344780822 -210.652721573981 -187.769851510338 -182.382294827324 -180.890102357975 -182.811814211799 -178.665686764758 -189.741177606146 -219.440459440887 -201.842515729308 -179.702084502155 -158.887235186383 -136.986188199921 -104.735389017882 -89.6625816167457 -88.4656844996845 -99.5483592085569 -94.2877214071472 -60.4324381249186 -43.5790648078795
-9999 -9999 -9999 -9999 -9999 -9999 -9999 -9999 -333.777783792509 -146.999893422945 -65.0581629382065 -92.8876587653808 -143.410784290228 -188.522372264297 -228.985051318561 -295.087649059659 -403.07400854301 -538.209199934821 -599.641245204364 -630.107624643501 -648.398513546885 -642.629513402958 -628.76600092913 -609.837353895254 -609.947013236691 -602.552957134438 -591.51123654026 -583.618116695117 -579.058080645427 -577.831679243183 -567.607136116907 -552.426694602479 -535.017377670104 -529.395214540006 -457.831050631646 -392.92565219845 -337.303168066594 -293.594601814982 -270.91714267018 -270.781025414408 -280.343635544649 -293.793942455299 -297.57685767927 -265.175074539408 -230.052367244017 -194.052920105323 -175.22408919174 -149.288857849162 -118.837601849449 -103.531729412653 -92.6437069010058 -92.9034724715009 -100.484735102614 -91.7063371845619 -57.3974459985918 -39.304338448055
-9999 -9999 -9999 -9999 -9999 -9999 -9999 -371.308335966213 -211.023504402503 -74.5360381422803 -23.2275534173188 -43.6491476291366 -99.1185992157449 -170.902947345328 -229.043014204114 -284.527757297469 -380.239151100234 -489.545434986361 -513.894300429879 -540.96336203997 -558.376378923747 -548.42262172522 -537.739377553758 -528.803912794454 -530.462534422355 -534.780930975483 -525.379089487818 -508.421508496275 -503.831382635287 -509.52616839939 -518.78090785193 -504.153697341222 -493.615162918017 -487.638564701908 -488.011197780932 -447.940457031351 -420.51395535032 -397.294849009234 -379.003882031688 -379.249360890721 -364.857849695817 -346.950607696811 -319.310114773662 -273.615849573909 -232.63795233926 -195.278606622458 -174.243102470482 -150.570146758377 -133.619185847748 -121.391587308532 -110.308344408547 -109.146506789778 -106.669174319238 -91.4794713316248 -56.3320254795989 -36.7217259697026
-9999 -9999 -9999 -9999 -9999 -9999 -9999 -235.974962614298 -120.056428705202 -31.8525618211777 -9.44248612893068 -25.9191959460929 -101.433005435773 -193.37687059377 -250.74812448049 -282.953048902005 -367.883012315232 -422.053857813656 -434.691576835514 -453.815101049136 -466.251191484756 -462.774678596109 -455.805635172673 -444.795909757102 -440.650838750819 -442.619728356887 -435.043216692671 -434.304474576541 -435.761694704675 -439.725338022793 -448.678786832109 -453.137907573734 -451.794928441593 -452.788990852429 -459.485862124105 -474.067411743257 -446.811884260808 -417.557997038296 -403.292642720952 -399.533295955339 -376.976882914905 -356.316263495737 -315.622358129642 -273.632128743767 -242.836278344286 -213.469886096917 -201.819721410329 -177.292559213107 -157.001321764989 -138.552680701992 -125.712334073442 -118.399570862396 -111.253585890641 -93.2553692952924 -63.8640858029185 -43.0507425133689
-9999 -9999 -9999 -9999 -9999 -9999 -278.9260748333 -134.370443944915 -55.4435999133805 -15.8931170034419 -4.5718428812903 -24.0253081719983 -148.217553363107 -265.418426969305 -281.77634240776 -285.41950528288 -318.608347067612 -351.300011383048 -359.019625252245 -379.191786100066 -396.049132504772 -386.768617003422 -376.729593394154 -368.282982905978 -370.44070255002 -373.906874387731 -368.336479837955 -360.038585433234 -359.601038942842 -371.0111692523 -381.061037744781 -392.106132112236 -400.822025483215 -409.082016223364 -419.043402183443 -423.15491115916 -427.815472162491 -427.553532529439 -418.824953831978 -410.492441850723 -386.588407976444 -344.268376192482 -297.788720343975 -242.971934650015 -201.522590516369 -166.147800591407 -151.981209974621 -136.390031218214 -125.37705383967 -116.2015343961 -104.973880128875 -98.8035433320695 -89.844074283111 -91.486912808305 -75.1639212389571 -56.5158761977418
-9999 -9999 -9999 -9999 -9999 -9999 -217.05206574442 -100.853142915686 -38.8667943074726 -14.304306277006 -8.74827995989661 -33.5911588945824 -176.713200081843 -258.626413171389 -268.660192620142 -264.876964429336 -286.306787933674 -305.664069256235 -306.085859346674 -317.415492645776 -325.484380298192 -315.840436340349 -304.928891448996 -298.84514088044 -302.726144534236 -310.336284500664 -304.944406103519 -298.851407439695 -298.574919452067 -304.355213730662 -313.933225962931 -320.573856264374 -329.331011866278 -339.36105875295 -352.280593137438 -358.534485951638 -355.285428868479 -347.736534456936 -327.611027475277 -305.570731262988 -278.267354664112 -243.004434694009 -207.323401989438 -170.380319398891 -141.264488786613 -121.090547689914 -109.462851684524 -102.250681932786 -96.0020892969073 -88.9398864099967 -83.5252852889189 -80.3369551848543 -80.5818047206207 -89.1977762077031 -88.9073966709567 -77.9578981346444
-9999 -9999 -9999 -9999 -9999 -9999 -181.903261791066 -98.5760488481611 -37.9809848043663 -16.9380381237191 -14.6608030085406 -41.4245657616423 -164.693063947683 -230.98869615792 -242.315905044932 -251.002163365176 -263.58949766758 -271.281563614659 -266.715395540257 -271.639607943944 -275.476414498762 -258.963322826363 -243.963530944407 -238.989740496474 -248.794860653532 -258.712330751509 -255.380103217757 -251.896362439777 -249.764445715148 -253.830170990832 -261.427521428096 -264.704687605174 -272.340090940472 -279.578494951961 -290.710329978454 -303.537108114472 -295.152244360378 -281.278692742736 -255.207532888635 -229.092016152128 -196.462796743948 -167.300339264928 -140.420269226077 -119.281780679124 -103.640274182246 -89.6279715738018 -83.6654137087884 -77.063741563278 -73.5198098633883 -71.2762903626539 -68.2768854831504 -72.6108335093051 -82.1373611300751 -89.803916594956 -90.9363479337259 -96.6002561951922
-9999 -9999 -9999 -9999 -9999 -9999 -9999 -109.540594415231 -47.2911426849989 -22.3156792923801 -18.0135281077 -40.9283494501002 -144.915512224507 -191.144202885538 -209.644455754653 -227.161874086773 -238.87600713533 -235.02308604184 -227.673140544649 -224.143756521131 -219.044098245411 -205.032524721873 -192.750598492494 -188.841659523476 -195.438669302257 -204.084629235781 -202.978160672942 -200.895749824909 -199.207495214698 -199.492922652931 -204.69757505511 -207.85887810448 -214.434237998047 -218.282441606869 -221.539262189747 -224.891958469682 -220.949770399465 -215.026543451405 -190.343970305292 -162.885504127959 -134.669143225451 -111.193808671004 -92.6320323664913 -78.0977858907086 -68.063228179806 -62.1232057395192 -57.7072460577905 -56.0699528495743 -54.9567719739685 -53.6250432194108 -55.3677930176237 -61.2492081294599 -74.0802804345435 -87.9506972233445 -88.4380571469308 -95.6043149537593
-9999 -9999 -9999 -9999 -9999 -9999 -9999 -9999 -59.3518881055101 -28.5159828156625 -12.7266726080247 -38.6759506940268 -129.403981401361 -162.151390932854 -182.531064805198 -203.053428723948 -209.746700970448 -202.729090151254 -193.499068502286 -187.250684054254 -177.452747419749 -166.215945520593 -153.508266851234 -149.029910722856 -155.113980267569 -160.505858258001 -157.563503882937 -155.033607685992 -153.461961705263 -153.473726543867 -155.177948941188 -160.037414612156 -164.302834220727 -166.386273728415 -166.016234484924 -160.803509799402 -160.256388660208 -153.436719117935 -142.796164686957 -120.064116075202 -95.4192996750002 -78.057268925675 -62.2765329606389 -55.1558283850195 -52.7478610401652 -51.7809008093993 -53.1335314604258 -55.2573749060897 -56.3074087272379 -55.4794409980652 -57.4449866651686 -59.2539527791217 -65.6472710652994 -74.7493961650496 -81.4845969024875 -85.8658688248021
-9999 -9999 -9999 -9999 -9999 -9999 -158.114279710795 -126.987883418474 -62.4293043165559 -31.3908160353809 -20.3334278059545 -45.1314573762399 -120.516397118575 -147.528052618009 -156.823719859038 -164.500729148619 -174.983111068952 -178.812597006674 -170.616313240988 -157.176071716179 -145.93789259678 -135.709350135351 -129.338090747243 -123.234742180579 -118.921545334439 -116.866081987672 -113.567834900015 -112.566695578242 -111.660072113897 -111.619508693958 -114.11182485618 -116.604771889191 -120.295622984766 -121.833444202851 -122.294201223074 -120.664587552996 -115.823042456805 -109.720377981246 -103.863237274774 -89.0610036680928 -73.6629351905093 -62.1938866748366 -55.1281911472665 -51.3515781171189 -49.7592312345455 -50.5583397528392 -51.3063738606244 -53.0571574263989 -53.5374492188659 -51.931445652299 -51.6964575862395 -51.7858845685655 -55.0704244981075 -61.415364209562 -68.7201330603284 -81.7167433453637
-9999 -9999 -9999 -9999 -9999 -76.2446222089988 -156.266640198247 -98.9706555320441 -50.427334653369 -28.1779901603541 -21.2690563824994 -50.5415178428831 -113.614628752056 -133.236474739781 -132.142809145623 -126.950135913463 -143.98270451355 -149.893258921802 -148.100436838496 -132.042795894439 -119.391180088345 -110.560150614832 -108.121066313489 -100.74601218188 -89.8942174321797 -82.0829211417915 -79.8073081875597 -78.5763310497603 -77.598670162399 -78.414644934362 -80.9548262031316 -81.6859567555345 -84.7447771670753 -86.8864058694304 -89.4193380332514 -91.8068719648573 -85.4708019256697 -80.682900458984 -78.4469439123021 -73.1872312747475 -63.1522528908082 -54.9032530314786 -50.9609012975622 -48.8017992761142 -48.0000075378953 -48.3566633950722 -48.5162083472203 -49.3641270684333 -49.3916358414446 -47.698285955731 -46.1361610627404 -46.2330572730422 -46.7028239063463 -51.520284403674 -60.249026289766 -77.1685758303687
-9999 -9999 -9999 -9999 -9999 -87.688995333622 -132.817440667926 -78.015428725144 -40.736523304459 -28.0711407778133 -32.8151993151669 -55.6571156026863 -85.6445873238355 -93.7445436045151 -99.8694466243971 -105.814566683599 -120.902198039971 -122.903904366908 -118.716274154525 -103.473935004737 -90.4243844092696 -84.1120036437624 -80.2685615908239 -73.2856407956132 -64.8250849441783 -58.4832122859019 -54.5577477257183 -53.0361473438806 -51.7542055177746 -51.2449445559562 -51.8987438859026 -53.4807436982192 -56.1640970819327 -58.640738687213 -61.8898440714036 -63.614052126187 -61.1269020825965 -58.7463066440163 -58.5982902781463 -58.8422843386187 -52.5063820751244 -47.1767740753349 -44.8111201744474 -43.7397671852117 -42.884303115541 -42.7238236030607 -42.1614801734379 -42.6204511400989 -42.6980298461786 -41.8932136001378 -41.928616711334 -41.2948444069912 -42.657342569643 -46.0066459308792 -50.6668597599175 -58.9189244222806
-9999 -9999 -9999 -9999 -9999 -9999 -100.438948200198 -64.4054895715061 -32.9964566386112 -35.0182361991014 -37.2433168618925 -51.6774108775388 -71.2304377374832 -74.0429776875648 -85.2250557578559 -90.3565180538909 -106.32954382358 -98.3222018444032 -89.7699364182206 -77.581385550357 -63.379103274488 -62.5643035188736 -57.7944914640334 -51.2791314344671 -45.3231931856759 -39.6351914675996 -36.5616863184036 -34.1528874378249 -32.6348124454897 -32.0188013508285 -31.3015948445713 -33.7231283241282 -35.4229494197455 -37.3355447620253 -40.6004250598838 -42.5240590111588 -41.0272690514942 -40.0717629881411 -41.1052168895947 -44.2282781662257 -42.8077444060096 -38.783639024019 -37.3626867327556 -36.7794263113103 -35.9729840986529 -35.9334721254459 -34.783122854118 -34.777519281499 -34.6490471548104 -34.2247076420577 -36.0813089753956 -36.0200353238177 -37.8412822275395 -40.3915005800436 -42.1478969820732 -46.1566829734366
-9999 -9999 -9999 -9999 -9999 -9999 -111.012009459513 -67.8819196878333 -37.9053573129626 -31.3165043427089 -32.9889837261714 -42.3391328786104 -65.893765960764 -83.660050627781 -91.0273623868265 -103.022068072372 -96.8883754707626 -82.0272888799744 -72.9848418431206 -62.8180299609874 -49.3996375681055 -44.5636604542541 -40.4273425523581 -36.3635286452174 -32.2060151208564 -27.9723747158157 -24.2687088023686 -21.0444713877944 -19.597020298496 -19.8678363843877 -20.6046939339749 -21.1130431376887 -22.0182572799 -23.0869345307036 -24.6567027009723 -25.9355763306526 -25.2591569337625 -25.0507320209526 -26.7359743528126 -30.1114136815096 -33.2095219261347 -30.7923517092367 -29.8167162498307 -29.4217868662108 -28.9106957874673 -28.4456860530117 -27.53590573814 -26.9804125083343 -26.6551503675671 -26.2943260957582 -26.7367069233758 -28.332347177153 -31.0733259110235 -33.5938188474958 -35.4496727638155 -38.1037868190541
-9999 -9999 -9999 -9999 -9999 -9999 -118.770588287327 -95.5040226470304 -53.5897422359048 -32.3561645039243 -23.8240520686803 -33.2894240886024 -56.8402710209382 -77.8812429572611 -91.3421097731013 -104.739479783062 -97.675532375 -79.3409390005615 -68.0596320281277 -57.7848436005063 -40.8353176093761 -33.7862299396807 -30.5048349647979 -27.4889945234425 -24.011416800138 -20.2543037238125 -16.5536172993328 -13.3323124834505 -11.8759033334052 -12.1795430673935 -12.5930922841254 -12.0375416650245 -12.1113868640537 -12.3600378204786 -12.8700670235065 -13.9601560088863 -13.460008658901 -13.7224259280929 -15.3490532799765 -18.2640908972588 -22.1408093113673 -22.313070263889 -22.2499338208804 -22.0209084912172 -21.6377082910089 -21.7702914451783 -20.5964427251998 -20.1229477146931 -19.8797934958683 -19.3925005130728 -19.9448628516714 -21.816053729744 -24.897897873538 -27.4480019600232 -29.1993860448381 -31.8538173352158
-9999 -9999 -9999 -9999 -9999 -9999 -9999 -9999 -131.560479853559 -42.7588280932655 -13.6232024386731 -23.2870033607835 -54.7307611859831 -67.0866753500465 -75.914824680821 -84.5618803120028 -93.8251708208532 -93.6797127694049 -79.8675764814167 -55.4161706839328 -33.3063056534338 -27.1781995045951 -26.8146369456913 -23.9209230585426 -19.5964957400774 -15.4194785134193 -12.889447785216 -10.5741805301418 -8.99600938443262 -8.08201056324522 -6.97116666339746 -6.38903103363419 -5.49167750434123 -5.07664216173991 -5.36795583377093 -5.58743214231846 -5.76257552651751 -6.21043601912642 -7.5547178274781 -9.73073470470343 -12.2479062334412 -14.1716175327492 -15.2652761198623 -15.4829780942273 -15.9675874630115 -16.4431609171687 -15.9682155002488 -15.459532180681 -15.3443007684076 -15.5433157916109 -16.3185285746053 -17.8754911854993 -20.1784021471004 -22.126029193006 -24.093331790501 -26.9451483647001
-9999 -9999 -9999 -9999 -9999 -9999 -9999 -9999 -96.4587700610495 -55.618601957679 -10.7500901718101 -20.5948821769552 -55.1510539678684 -62.6822536948713 -63.550362538749 -69.4485036332863 -78.434110274412 -87.6244256362294 -79.0622238485341 -49.4447625450412 -28.0298713208051 -22.9540790816389 -21.125740149856 -18.6112004828631 -16.9698505918756 -12.9134362208454 -11.032971369733 -9.51185057415464 -8.1238313760336 -6.85849783588853 -5.08079810581324 -4.17273054393847 -3.00065473434494 -2.18685703367461 -1.7884899127537 -1.41753671582576 -1.34145544373909 -1.60387306035375 -2.3807309552005 -3.66897793313373 -5.46084999040468 -6.88566943922784 -8.4217938378288 -9.8297997721643 -10.9371408349673 -11.8877684738409 -11.6026829646975 -10.696276798523 -10.4333491833892 -10.6672236590274 -11.7543675599584 -13.0254339509868 -15.1584394549176 -17.6856997465396 -20.9976765664205 -25.4347595039094
-9999 -9999 -9999 -9999 -9999 -9999 -9999 -9999 -9999 -74.1586670934969 -15.2437250240464 -26.2968730030294 -64.3961557175651 -63.6667741098435 -54.1248202865078 -53.9285466572276 -57.0072466740474 -63.5282166882068 -60.4683520888552 -43.0164582525818 -24.1224289020251 -18.8323250274437 -17.9790228551786 -15.0475242924673 -13.1103510121268 -11.3342354927706 -10.109439090149 -9.23024292477607 -8.50982834399761 -7.00243323534932 -5.44742378406279 -4.48726182314948 -3.32736444528934 -2.17867416676047 -1.18673064833062 -0.338254629026292 0.0702220787020246 0.293624327191817 0.127027445142259 -0.514341267230354 -1.40696246420363 -2.50562517993409 -3.61578784423804 -4.83706327096565 -6.33107956049719 -7.22971620415101 -6.85227104886279 -5.99801316599453 -6.3592016321494 -7.67600878503365 -9.34319987112958 -11.1765100649054 -13.2714030041215 -16.2051976752123 -20.1961860045027 -24.8875793155393
-9999 -9999 -9999 -9999 -9999 -9999 -9999 -9999 -9999 -9999 -37.938026832019 -42.9380847892619 -62.2707079110167 -53.173940966716 -43.8683299181079 -38.4532836485378 -33.7761498659989 -38.528800682588 -39.2697832435472 -29.9532703065399 -20.1548356363949 -16.6120207372259 -14.4593658618878 -12.3236028619973 -10.3952254046129 -8.84428872678524 -8.25805462402399 -7.98164965326526 -7.62258555070486 -7.04565329950173 -6.31136158861936 -5.39175266681112 -4.47726659111599 -3.41794019722645 -2.19405481759286 -1.17258731736992 -0.433205962622616 0.138673989798075 0.499170243574606 0.600356995294978 0.424193429825048 -0.0454593209257024 -0.75900165777975 -1.62350000655514 -2.70725273202045 -3.56511957872595 -3.17667802993626 -3.02841969429647 -4.01431367283165 -5.8253650464218 -8.26286712862184 -10.6208448719679 -13.4222248004147 -16.2721329011881 -19.3348573548999 -23.2237656171735
-9999 -9999 -9999 -9999 -9999 -9999 -9999 -9999 -9999 -9999 -9999 -79.0633810745738 -48.4013796267969 -31.0816594699444 -26.3869055820197 -28.1976081732783 -20.126219951641 -18.1562234917584 -19.1906859598137 -19.6976655664049 -17.9281094664428 -15.0298535356553 -11.7408755299124 -9.86859212110452 -8.66213285858044 -7.4684936235156 -7.35689568706322 -7.30016705649455 -7.14567489343175 -6.88832956875999 -6.32638221484544 -5.80227636340575 -5.17553897977381 -4.3819995666187 -3.3758533757132 -2.54383228605038 -1.82497998046158 -1.06038648091579 -0.356207847771506 0.220373186505808 0.525783867713774 0.612978857116105 0.452326805065834 0.0403491667667409 -0.697480600238944 -1.12116158647893 -0.93334787146377 -1.22645619904078 -2.47180462725512 -4.68862801551091 -7.65374006205689 -10.4245607411204 -13.5037300815268 -16.0469897889092 -17.9373302388191 -20.1720567498003
