meets/meet006/_saidas_enm/CCSM_Maha_0k_T_subalaris4.asc
NCOLS 154 
NROWS 168 
XLLCORNER -112 
YLLCORNER -55.5 
CELLSIZE 0.5 
NODATA_value -9999 
[rows 75 to 99 of 168, columns 56 to 111 of 154]
-9999 -9999 -9999 -9999 -9999 -9999 -9999 -9999 -9999 -9999 -9999 -102.960546247196 -46.5473870837031 -28.7725991156753 -23.8057351803763 -19.7156251169804 -13.52592259644 -9.22960923032289 -10.6492180390409 -14.2500157144826 -16.3589894923331 -14.6637979698078 -10.8445903218851 -9.16193021036586 -8.05357907929716 -7.3280025189601 -7.3934739304549 -7.44196610288921 -7.5114577815956 -7.54938959446004 -7.40142642284015 -7.23134261763288 -6.95854960585427 -6.46937824145878 -5.77317807886911 -5.13687137531989 -4.03340393850322 -3.01873257993127 -2.05122265675243 -1.18450156056295 -0.53898723234809 0.0669618568972639 0.363817976149198 0.341960612010621 0.0295670508374436 0.206499110873212 0.240377775164348 -0.325344421101275 -1.77587719535259 -4.16897965435695 -7.50286474090092 -10.5162645659091 -13.8069088212706 -16.2151872553455 -17.435488200175 -19.0449832779184
-9999 -9999 -9999 -9999 -9999 -9999 -9999 -9999 -9999 -9999 -9999 -115.072511647631 -34.4353998619222 -22.4813640861644 -23.7892631855746 -20.2736788168271 -12.0001102452303 -5.48328307087259 -5.51613459306429 -10.7486949723223 -17.708475203618 -13.6199699818212 -9.97799330804889 -8.78006680995751 -8.04739494777794 -7.99887714229899 -7.69865840286513 -7.90903199075086 -8.18742076063319 -8.38775920597187 -8.45741918604869 -8.39794663338169 -8.16457760270111 -7.79102051493012 -7.10546500008118 -6.1764113934144 -5.46553190561304 -4.57350279048331 -3.79715816430953 -2.87838874889901 -1.90225610825314 -1.09997640555322 -0.478789363543483 -0.109054982308305 0.0928154405176841 0.613939910735693 0.709722446655689 0.279328215018828 -0.877154173037843 -2.84713551032809 -5.49354460259011 -8.17813367517071 -10.8768062825186 -12.8282991958436 -14.1007416310576 -16.3308151373204
-9999 -9999 -9999 -9999 -9999 -9999 -9999 -9999 -9999 -9999 -9999 -9999 -51.4854642778335 -25.390907351766 -20.3141805078115 -17.3164135475688 -15.0527594304948 -15.3750068844433 -11.8408063384168 -7.97543197916944 -11.7357303632649 -11.2320518367758 -10.267098603992 -9.74255998307819 -7.67871909094695 -6.97071453458653 -7.47836530814993 -8.53052732050473 -9.28880326174562 -9.73138420805727 -9.79294845325347 -9.86916347654254 -9.64940908605224 -9.2264121473348 -8.59714941619245 -7.68724864888648 -6.60941677690421 -5.46825803185801 -4.44209239854369 -3.6220696052798 -2.87726695558677 -2.04076883046635 -0.930630411414577 -0.154766235816152 0.198066632441502 0.330703827778162 0.631631977866112 0.503808664454561 -0.255341154283029 -1.67636884282267 -3.66497682649243 -5.73242373288214 -7.72900752571674 -9.70419086529752 -11.5265642752114 -14.1449041417526
-9999 -9999 -9999 -9999 -9999 -9999 -9999 -9999 -9999 -9999 -9999 -9999 -100.171730235898 -42.406144430852 -17.3035951141493 -10.4186218652423 -22.4730337257356 -30.9342070575012 -31.1207712138143 -18.9629970989104 -6.2290982752518 -9.08505595241213 -12.3927142152572 -11.2083046438032 -5.91306695494076 -4.46387918270046 -7.27008902629942 -9.6836052060786 -11.1769933631766 -11.8525272818113 -11.6444962556571 -11.7753356728671 -11.6664781031406 -11.0860410630837 -10.2612458249768 -9.70608602530694 -8.47771653290367 -7.08079896242407 -5.79974826244951 -4.78786192176957 -4.05757465201161 -3.38848826374553 -2.12050260311991 -0.955865161878424 -0.0834478100794727 0.285093161757703 0.419267011003347 0.226847557240021 -0.319381317206117 -1.34593716434217 -2.79682517550195 -4.40030271812018 -6.30854367330728 -7.79144036554395 -10.7727832949326 -14.8586578270345
-9999 -9999 -9999 -9999 -9999 -9999 -9999 -9999 -9999 -9999 -9999 -9999 -9999 -89.1223193179537 -19.6825636378508 -19.1462107219547 -35.5578297101472 -53.0481780592418 -58.1095037661338 -49.4958182462963 -32.8186127187509 -16.6295334862872 -10.149719389615 -8.60993679315698 -4.14349837240147 -2.9501134659259 -5.81489638967616 -11.2664240273696 -15.2655941724265 -15.1607568288465 -14.6082682060612 -14.4539326124617 -14.0268181306859 -13.1622869984913 -12.1592641207468 -11.3147889546309 -10.6590820699114 -9.0219157628791 -7.41843546215974 -6.10907738651404 -5.02711049956289 -4.33804931112973 -3.40411410605051 -1.86113556650571 -0.720038818535807 -0.29985376005245 -0.263715412122667 -0.549987536656062 -1.09094791918819 -1.78607992398944 -2.76685700317418 -3.63596183015509 -5.67640151737664 -8.42999622711842 -10.5045115283439 -12.862701098616
-9999 -9999 -9999 -9999 -9999 -9999 -9999 -9999 -9999 -9999 -9999 -9999 -9999 -142.26855971247 -25.128958557951 -33.7530075007164 -48.2459692990027 -83.7513677976578 -91.1878235293459 -75.166286176312 -66.9722551603273 -51.8740616653088 -28.6416904887797 -23.9696181133472 -21.4769158643589 -7.18244990645901 -6.93085000403371 -13.0914699494343 -19.7009973664856 -19.7993372917742 -18.6355895846532 -18.9777461352959 -17.6213664445838 -16.0556248791802 -14.538884905095 -13.1566920200884 -12.1635001516703 -11.3963632956471 -9.39099785849777 -7.53083234719585 -5.95230602902446 -5.06894273809577 -4.55536784662282 -2.65885948099306 -1.27428946716798 -0.972372668825465 -1.08041514933622 -1.62291943407675 -2.15753145700553 -2.74987543279793 -3.40971199002299 -4.36204904679057 -5.6197680639783 -7.09965493978862 -8.6699694726801 -10.7102422116063
-9999 -9999 -9999 -9999 -9999 -9999 -9999 -9999 -9999 -9999 -9999 -9999 -9999 -9999 -42.6522109769399 -27.8907286040922 -51.0874669339246 -86.4508203660509 -98.6754985351406 -97.0439015096259 -98.9947314297011 -111.527345659944 -134.10423394553 -133.547016288605 -88.576993001127 -53.6474864372797 -34.0964181709891 -18.0703903271597 -17.4527531308719 -20.5873100830315 -25.694978516629 -24.5365799714659 -22.8998280986627 -21.2640715083818 -18.0773828830643 -15.9851207367983 -14.5355156354283 -13.13849603101 -11.4967083232529 -9.86476569528556 -7.24845023594278 -5.84362966297973 -4.73689001169648 -3.49992725435226 -1.94443965593045 -1.48821119085326 -1.62886710222143 -2.58692784931895 -2.88750684480971 -2.90653688054681 -3.42008042611841 -4.13272357261589 -5.19397021842022 -6.11426270741052 -6.54796682673413 -7.48470992256776
-9999 -9999 -9999 -9999 -9999 -9999 -9999 -9999 -9999 -9999 -9999 -9999 -9999 -9999 -78.6385924307276 -38.3503618898813 -47.6192844052356 -71.4671217747967 -91.5706381960937 -110.27332539864 -131.944248860077 -187.673802114772 -301.14530448866 -332.421676100448 -245.508972589093 -198.759129570078 -127.292230553699 -66.9678407851679 -45.256852010567 -32.4551394577828 -36.2319780918872 -27.384679092173 -27.2741479882711 -26.5781431491637 -22.4145028349216 -20.6019654693375 -18.4407202680338 -17.0400094784213 -14.0910189821241 -10.9092858641808 -9.07519993467875 -7.04083487597961 -5.06830966232986 -3.60480963714624 -2.89049968544177 -2.4586816183737 -2.82637288388763 -3.31650737514988 -3.03692144998598 -2.98430599807791 -3.76090485029091 -3.91894489501141 -4.72003224183599 -5.15717475012015 -4.86784602497476 -4.99988088151451
-9999 -9999 -9999 -9999 -9999 -9999 -9999 -9999 -9999 -9999 -9999 -9999 -9999 -9999 -9999 -93.3657193773314 -42.1663843624472 -41.9567149460468 -71.6377226880984 -108.402659269791 -151.660471434207 -209.958969574758 -300.64161367812 -347.832630040591 -353.299596282142 -362.184587023224 -318.116451990698 -282.787539079084 -199.299487253064 -83.9432126044408 -32.8699813378856 -23.0747616560348 -27.5670946296063 -32.2721531267124 -26.7534190786644 -23.2199085355897 -21.5149156925606 -20.6188624219559 -17.6178483782507 -13.5891383560556 -9.71711754849715 -6.92334390795917 -5.84841803641926 -3.88879995693989 -3.15166102903781 -2.9914897505122 -3.28069555467958 -3.43355326857347 -2.92086246477915 -2.58717094353188 -2.55697823033361 -2.79017663714861 -3.33228697396728 -3.64020806297116 -3.71036117360707 -3.95454644898809
-9999 -9999 -9999 -9999 -9999 -9999 -9999 -9999 -9999 -9999 -9999 -9999 -9999 -9999 -9999 -135.606992247366 -61.6656775901878 -20.5703945678884 -50.0289321848233 -86.7039451992127 -147.249103905733 -187.779462817319 -258.129218433254 -303.851364898669 -353.186822840359 -449.5651511183 -427.553939467803 -499.527770411621 -403.638182120218 -172.994157738081 -55.7309174024141 -29.9588250789415 -28.3365242519244 -31.3145731040233 -27.3713199550204 -23.9952220013277 -23.5858673470137 -23.3755634331868 -21.9229441870687 -19.44355376417 -15.3276348403759 -7.48928938482858 -6.2309769457358 -4.20114172783813 -3.44150867449627 -3.18343107541006 -3.42772478034992 -3.31616505844355 -2.77905701115175 -2.24626405856112 -1.9880026457356 -1.98538857823947 -2.18227209212501 -2.49536032146209 -2.82644488378179 -3.06113314980875
-9999 -9999 -9999 -9999 -9999 -9999 -9999 -9999 -9999 -9999 -9999 -9999 -9999 -9999 -9999 -53.1977297033623 -126.014899751065 -41.4940269661532 -24.7560735533558 -47.3073131637574 -94.5663397912338 -135.822349416654 -182.936968985905 -225.796008211083 -243.610110411472 -268.453994249258 -303.385698569494 -341.22163886326 -297.197476367656 -192.700423801846 -109.276140934447 -52.4440350893961 -19.6595453479243 -15.4772591851961 -18.5016818511841 -22.8726061349794 -23.4737862784615 -23.9642444760109 -22.0987637156244 -20.8989334162068 -16.7656607400841 -7.97430894853811 -5.96663472088971 -4.40341175003246 -3.6063618272773 -3.31533235687252 -3.38585801659721 -3.24290636459393 -2.60335064384299 -1.95973676974423 -1.52211248779645 -1.55472558536581 -0.754903292786518 -0.256826525162598 -0.0202928406356939 0.220074018953695
-9999 -9999 -9999 -9999 -9999 -9999 -9999 -9999 -9999 -9999 -9999 -9999 -9999 -9999 -9999 -9999 -94.0613831640437 -126.457470809187 -50.0010892158329 -24.1636707581242 -51.1174248548232 -75.4635849650118 -113.588422239848 -146.90945847624 -156.927008357206 -169.78513170734 -192.192285355691 -212.652023712855 -203.893310709849 -176.733863199423 -133.616624124213 -89.5066103639845 -29.4419004665825 -14.7069040109108 -10.1641547381472 -13.239218553474 -15.8397078919745 -18.0975884527312 -17.4006868268422 -16.6970606273383 -14.9440896547577 -7.11517743781239 -6.38947007040148 -4.55536848494616 -3.7977685563065 -3.43723521150343 -3.29617013816294 -3.28387557560461 -3.11088239752183 -2.57019173470509 -1.79747897576033 -0.688500690732805 0.0682766449298574 0.490710142492097 0.798339019865729 0.898712839765462
-9999 -9999 -9999 -9999 -9999 -9999 -9999 -9999 -9999 -9999 -9999 -9999 -9999 -9999 -9999 -9999 -9999 -85.3520351654332 -174.250733637042 -70.7513585893921 -32.8827726817137 -31.3858479847234 -55.2362182912964 -85.4051109846466 -100.927302243943 -113.297290701141 -136.571095625191 -157.04157342683 -154.842575999419 -154.398810897316 -151.876025474619 -118.424495063374 -75.8068706835737 -39.4593901066858 -15.5472537040034 -5.75613400206528 -6.94426396172402 -10.0701386970459 -12.2360719249509 -10.6595758719918 -7.87296780573368 -6.62561239130481 -6.2308439534997 -5.06209452042164 -4.61953876347848 -4.47414658385418 -4.29069035603432 -4.53152916418159 -3.81471872487953 -2.98511815676062 -2.43257463817234 -1.59618268198667 -0.829898013055961 -0.239261013253691 0.273096603849275 0.760904919771776
-9999 -9999 -9999 -9999 -9999 -9999 -9999 -9999 -9999 -9999 -9999 -9999 -9999 -9999 -9999 -9999 -9999 -9999 -9999 -233.169190756264 -143.727823571865 -76.8971307717265 -58.522174861453 -62.3838437116713 -75.1252854835527 -91.5086236859164 -109.175440960224 -124.359187428669 -131.663682903951 -138.554021409954 -152.226786495856 -144.240480040476 -127.923663539983 -95.367077017179 -42.0446797072758 -14.250127623423 -7.95070680749257 -4.42322489058226 -5.99767703343315 -6.32156707111331 -5.73965137096333 -5.93679723003353 -5.91391754717287 -6.09260917144165 -6.2481855779574 -6.37693970879679 -5.82465250232632 -4.9245920006322 -4.04074764193092 -3.24488860129214 -2.538401178045 -1.60328416194053 -0.993074717944376 -0.41192027461192 -0.100105503792846 0.484534420621315
-9999 -9999 -9999 -9999 -9999 -9999 -9999 -9999 -9999 -9999 -9999 -9999 -9999 -9999 -9999 -9999 -9999 -9999 -9999 -9999 -9999 -223.623181451018 -140.036730265234 -91.4114334335806 -70.7913862488552 -84.7609696208259 -94.0161586236418 -103.948813076146 -111.148540945011 -122.477443021177 -130.250611915242 -142.848921291929 -175.299359168784 -159.324195534463 -99.3664287603901 -54.6596734308662 -22.4592125424887 -7.06746678936962 -3.09762993632553 -3.59716756197513 -6.79442176440085 -7.2902464294634 -6.85580098483472 -6.85193292810412 -6.52980733979005 -6.29284137033886 -5.61895250720453 -4.82172928575871 -3.86815993463927 -2.89572878234491 -2.14489156887935 -1.41605143907119 -0.830560981526163 -0.395576970965761 0.051476447658051 0.222790585622371
-9999 -9999 -9999 -9999 -9999 -9999 -9999 -9999 -9999 -9999 -9999 -9999 -9999 -9999 -9999 -9999 -9999 -9999 -9999 -9999 -9999 -9999 -9999 -173.513781686359 -95.6080068767798 -69.2772988081167 -72.6670578518855 -78.2934625977872 -89.5054259481169 -96.6954267120274 -109.264326473747 -126.257111024122 -162.342154972431 -173.149765390874 -143.135489568167 -110.244523901729 -54.8772359366959 -17.3049766310955 -6.75925611568689 -3.16597919589965 -5.93384133590422 -8.69338556421117 -9.76890289362323 -9.33714003733714 -7.94151550056781 -6.71984999667756 -5.72233819169483 -4.50846302634486 -3.43461250198452 -2.48926466238172 -1.72137776558589 -1.0774876288774 -0.580684502310702 -0.20322426777914 0.194327823721375 0.228694054459243
-9999 -9999 -9999 -9999 -9999 -9999 -9999 -9999 -9999 -9999 -9999 -9999 -9999 -9999 -9999 -9999 -9999 -9999 -9999 -9999 -9999 -9999 -9999 -9999 -9999 -134.710521542191 -78.789571523048 -55.6107365337241 -63.3988283827977 -73.3737496658951 -81.41104042268 -99.6072432569326 -132.419699671806 -143.51343862942 -150.44891034584 -154.499056839426 -98.2400232210929 -53.7987537439544 -19.4378090223497 -2.80543899702453 -2.69699674372292 -7.67414467165825 -11.9506404402826 -13.7058291930059 -10.2993330983215 -7.66401910721969 -6.26877820699576 -4.71268289940511 -3.38753418790979 -2.40377152591535 -1.60039753761624 -0.936013863510352 -0.443373750746482 -0.0197425431630884 0.303856160810254 0.0751610352484461
-9999 -9999 -9999 -9999 -9999 -9999 -9999 -9999 -9999 -9999 -9999 -9999 -9999 -9999 -9999 -9999 -9999 -9999 -9999 -9999 -9999 -9999 -9999 -9999 -9999 -300.517672221847 -139.860664314908 -70.1876874965269 -47.6076286799171 -52.7274990512499 -65.9684670351597 -81.9285557723757 -99.6585952866493 -111.844817806668 -125.351672445502 -132.397342192464 -105.1537286654 -74.8962324308177 -33.3296074340433 -5.30054815840809 -1.1836490917575 -4.87725156757702 -10.4782967550904 -14.4384809061865 -12.8231407220955 -9.06390449067815 -7.28580779749328 -5.96371528044014 -4.17243408218733 -2.72107775492509 -1.72930626158035 -1.02282017423483 -0.450597785731973 0.0712165927759625 0.410150937282465 0.130942222199472
-9999 -9999 -9999 -9999 -9999 -9999 -9999 -9999 -9999 -9999 -9999 -9999 -9999 -9999 -9999 -9999 -9999 -9999 -9999 -9999 -9999 -9999 -9999 -9999 -9999 -9999 -9999 -144.811764801957 -66.5598558518412 -43.9054271546974 -59.1204635407422 -78.6507256111931 -85.7936977570829 -89.8306930525911 -90.5311275166485 -91.243489639446 -89.006139327731 -77.176679670538 -40.7575787568608 -8.712376412876 0.448052408305805 -1.57403471809662 -7.54708150218301 -13.0030969829354 -13.2062476465041 -10.5125394526242 -8.8331270814481 -7.1966586772742 -5.45210324127418 -3.34962397836758 -1.99978173593694 -1.27590549568784 -0.640598392660757 0.000196467362319042 0.483339268567145 0.174094209486084
-9999 -9999 -9999 -9999 -9999 -9999 -9999 -9999 -9999 -9999 -9999 -9999 -9999 -9999 -9999 -9999 -9999 -9999 -9999 -9999 -9999 -9999 -9999 -9999 -9999 -9999 -9999 -234.200567063997 -95.9243371643172 -43.265782987472 -47.6824108548281 -77.3640739968152 -93.2776823084193 -95.777298007995 -81.9018293033022 -72.0720737545054 -74.5329416842542 -72.7142044101504 -44.5566373494798 -14.1112680629349 0.249092975320281 -0.961984442130147 -5.92603812510615 -12.4892103093509 -13.4336107937517 -11.2505584242555 -10.0126830460903 -8.71536656998748 -6.84603128258669 -4.54483115914436 -2.86801637122468 -1.82932495456501 -1.00412974663445 -0.182961162638718 0.555748985633999 0.575485672659128
-9999 -9999 -9999 -9999 -9999 -9999 -9999 -9999 -9999 -9999 -9999 -9999 -9999 -9999 -9999 -9999 -9999 -9999 -9999 -9999 -9999 -9999 -9999 -9999 -9999 -9999 -9999 -9999 -128.795726060686 -43.5463209238177 -39.5080480600654 -71.8285586918778 -104.021374830236 -112.34872538904 -87.1162621621442 -67.735320991978 -64.6129725730995 -71.8320487624994 -49.3630660470789 -19.0159049486979 -0.980552631686479 -1.01434847612211 -6.78322118001176 -14.5078744857959 -13.9793454342091 -12.0758279380767 -10.3545957233003 -8.66785167698841 -7.12732223551065 -6.00080032785265 -4.94563338980176 -2.89316758415982 -1.56956982102405 -0.384298296918394 0.599222900092635 0.867316282121944
-9999 -9999 -9999 -9999 -9999 -9999 -9999 -9999 -9999 -9999 -9999 -9999 -9999 -9999 -9999 -9999 -9999 -9999 -9999 -9999 -9999 -9999 -9999 -9999 -9999 -9999 -9999 -9999 -154.297636058552 -48.2200717182317 -38.7007020399461 -72.799683575676 -117.229850621725 -132.11577061876 -99.6431597445082 -71.8870277355049 -64.9545023126606 -70.4619390067598 -52.1953316862092 -23.1596774617813 -2.84859578404851 -0.603924961136493 -3.26447616409668 -11.2923930748058 -14.3363433339549 -12.7816583585475 -10.8463790500622 -8.80185680737705 -7.17128291193343 -6.48973668468552 -5.25749738512387 -3.65281424529521 -2.09322798062376 -0.514919138737439 0.597520068567819 1
-9999 -9999 -9999 -9999 -9999 -9999 -9999 -9999 -9999 -9999 -9999 -9999 -9999 -9999 -9999 -9999 -9999 -9999 -9999 -9999 -9999 -9999 -9999 -9999 -9999 -9999 -9999 -9999 -179.661479656165 -51.8849121847757 -36.4730726656062 -76.2831970061975 -139.95904284468 -158.563942739515 -109.060100489958 -78.465148939051 -69.2702541386026 -79.0567940265372 -58.7003084795228 -26.8885406254563 -6.77786192922371 -0.373598928918709 -2.7291147802841 -9.40977325221263 -12.2759729755357 -12.8971460593066 -12.089008264294 -9.14516585318425 -7.29801431183667 -6.68804578903514 -5.50973233464469 -3.6941908823256 -2.08877429333638 -0.595859010368194 0.534983707974833 0.910984538046705
-9999 -9999 -9999 -9999 -9999 -9999 -9999 -9999 -9999 -9999 -9999 -9999 -9999 -9999 -9999 -9999 -9999 -9999 -9999 -9999 -9999 -9999 -9999 -9999 -9999 -9999 -9999 -9999 -185.980430496822 -52.0360921705246 -35.6829108810538 -82.6413399142862 -142.716726141039 -160.439778541548 -117.632127412465 -87.8645880618402 -79.3756399036786 -85.1394946907391 -61.0940123488587 -28.9029686250581 -7.61831924927506 -1.35625676484316 -2.78654750848832 -9.91241837653991 -12.9184269111865 -13.1845270114958 -12.4309964834249 -11.6207342652789 -9.09400322897021 -6.53252647892815 -4.48517976953302 -3.23089664956793 -2.10433606638885 -0.776092535426129 0.370930011560136 0.528326475345047
-9999 -9999 -9999 -9999 -9999 -9999 -9999 -9999 -9999 -9999 -9999 -9999 -9999 -9999 -9999 -9999 -9999 -9999 -9999 -9999 -9999 -9999 -9999 -9999 -9999 -9999 -9999 -9999 -198.996597205754 -52.6088247020637 -36.8145905309786 -90.9857242282902 -149.255416660601 -163.402133554743 -120.583728446553 -98.2040226621798 -87.8465543457316 -93.4487991714021 -66.8172943039582 -30.8450027857847 -10.8149151171943 -2.69569331401607 -3.00622419393352 -9.8477686625356 -11.9156087321767 -11.7998131942572 -12.9049777202221 -11.8207795547289 -11.2213774385775 -6.40788766478641 -3.14315420690195 -2.9500230024866 -2.63849987662965 -1.44177230989522 -0.167503199124713 -0.210972183317852
