meets/meet006/_saidas_enm/CCSM_Maha_0k_T_nigriceps5.asc
NCOLS 154 
NROWS 168 
XLLCORNER -112 
YLLCORNER -55.5 
CELLSIZE 0.5 
NODATA_value -9999 
[rows 100 to 124 of 168, columns 56 to 111 of 154]
-9999 -9999 -9999 -9999 -9999 -9999 -9999 -9999 -9999 -9999 -9999 -9999 -9999 -9999 -9999 -9999 -9999 -9999 -9999 -9999 -9999 -9999 -9999 -9999 -9999 -9999 -9999 -9999 -5.29694884553809 -3.64534800684156 -7.5422402759656 -8.01445987980084 -10.7471207686837 -12.4800841449601 -11.1843386076938 -6.10705191702451 -0.491682730360092 -0.102945006795711 0.898620331921745 0.707120217226333 0.893799969714544 0.457976746300006 0.721175109932391 0.0128512210056833 -0.256060544864998 -0.147165894213471 0.477063175943577 0.770256038154717 0.748113885436827 0.795901176354112 0.844497673600007 0.832832309324961 0.863649478381581 0.883575446432157 0.799739548428622 0.641657679827534
-9999 -9999 -9999 -9999 -9999 -9999 -9999 -9999 -9999 -9999 -9999 -9999 -9999 -9999 -9999 -9999 -9999 -9999 -9999 -9999 -9999 -9999 -9999 -9999 -9999 -9999 -9999 -9999 -5.9278814036507 -4.71582368768395 -9.42498709495853 -8.00862813328006 -9.25640952625986 -10.293361981778 -9.81639914089885 -4.77860001318169 0.200005288483772 0.544248470412928 1 0.873481258900587 1 0.0189388035430671 0.415820615159306 -0.127323532921384 -0.206849846192994 -0.210128817251822 0.321143336416539 0.462053530030755 0.494284868895796 0.895193515836328 0.974519486895965 1 0.990580379834773 0.949703759371152 0.823316492824745 0.904451183691891
-9999 -9999 -9999 -9999 -9999 -9999 -9999 -9999 -9999 -9999 -9999 -9999 -9999 -9999 -9999 -9999 -9999 -9999 -9999 -9999 -9999 -9999 -9999 -9999 -9999 -9999 -9999 -11.8905268083254 -6.74052078217229 -5.70745534264996 -8.73163198976994 -7.42372994980812 -8.18747496095395 -8.72803116120823 -9.1319262671622 -2.98728916336715 0.537191969557397 0.676216774547107 0.855822207108477 1 0.924338193263772 -0.225357635799084 0.379838486592594 0.056949254896177 0.0429988732670309 0.131640096582726 0.0655934833421656 0.449323649456607 0.615275128753979 0.798234561819249 0.900861474997182 0.963989007404341 0.98784360125328 0.963190158632199 0.822354116346782 0.940324811416075
-9999 -9999 -9999 -9999 -9999 -9999 -9999 -9999 -9999 -9999 -9999 -9999 -9999 -9999 -9999 -9999 -9999 -9999 -9999 -9999 -9999 -9999 -9999 -9999 -9999 -9999 -9999 -12.0886375617802 -6.70768855893694 -6.71366433664577 -7.58781228315307 -7.15869113372172 -7.4560273909701 -7.701992439059 -8.31851781412249 -1.87189342846594 0.633841409831884 0.72134085435697 1 0.951159674902911 0.826681072894403 -0.32309854835409 0.280778982480368 0.202381751549261 0.261030395997728 0.326803098698568 0.349751229646809 0.277296254809172 0.430070531602441 0.530888446942559 0.632203231548267 0.763115716562941 0.866893730756539 0.856075363449787 0.731594878662264 0.868211353326194
-9999 -9999 -9999 -9999 -9999 -9999 -9999 -9999 -9999 -9999 -9999 -9999 -9999 -9999 -9999 -9999 -9999 -9999 -9999 -9999 -9999 -9999 -9999 -9999 -9999 -9999 -9999 -11.5000478706869 -6.29580832576632 -8.46234480766903 -6.83886170706065 -7.1513243934338 -7.70779238161834 -7.30174230479179 -6.9779073099243 -0.769720615112622 0.453881080158707 1 1 0.934800714643223 0.789700756418318 -0.244849433089891 0.205127623930295 0.320337272290616 0.327862869942579 0.360988254016316 0.54176434897616 0.514344461922327 0.376118320110798 0.430684062852215 0.491721193708696 0.528241246382723 0.511161408286936 0.599772348169442 0.692897745514905 0.693529629690041
-9999 -9999 -9999 -9999 -9999 -9999 -9999 -9999 -9999 -9999 -9999 -9999 -9999 -9999 -9999 -9999 -9999 -9999 -9999 -9999 -9999 -9999 -9999 -9999 -9999 -9999 -9999 -10.4865942415812 -6.26802079803954 -11.346440892291 -6.56678715439378 -8.05789196230389 -8.68676408867919 -7.40187858035858 -5.9905048597488 0.105183615675124 0.64408564043405 1 1 1 0.698916073553518 -0.213446109114106 -0.0551785950632249 0.284789670801343 0.357258811670446 0.445194133790702 0.632224874502146 0.663308844025025 0.623037498330552 0.613992176453561 0.696721608252166 0.656022302969101 0.588911914086726 0.492978403142332 0.643793753094066 0.803523175642672
-9999 -9999 -9999 -9999 -9999 -9999 -9999 -9999 -9999 -9999 -9999 -9999 -9999 -9999 -9999 -9999 -9999 -9999 -9999 -9999 -9999 -9999 -9999 -9999 -9999 -9999 -9999 -9.65001959501945 -6.80011728473195 -10.6810040425394 -7.79047139861006 -9.70970910639199 -10.3841144716783 -7.96633796224136 -5.08579341331525 0.800371678383247 1 1 1 0.842310216446231 0.509617216462312 -0.131847668831119 -0.256048578674914 0.166966232026713 0.372105478248894 0.50931682038523 0.62167680504149 0.659814514663017 0.612236025559111 0.641344132694449 0.623840670214717 0.826709951991836 0.894286787404562 0.819388156992852 0.69337429083977 0.794626262565573
-9999 -9999 -9999 -9999 -9999 -9999 -9999 -9999 -9999 -9999 -9999 -9999 -9999 -9999 -9999 -9999 -9999 -9999 -9999 -9999 -9999 -9999 -9999 -9999 -9999 -9999 -9999 -9.50181414266217 -8.30270848997315 -9.65290669333321 -9.47287627519265 -11.5544681595308 -11.6477286449321 -8.17244409802946 -4.11566545023328 1 1 0.607061902291258 1 0.464597013598442 0.366780692236625 -0.110992176377845 -0.517080636116227 -0.0524288594380828 0.244129869428971 0.461761692084464 0.628619744119208 0.700321038899796 0.700997986235742 0.677407909942947 0.669264056304808 0.904263859008653 1 0.942690021039775 0.846366622884067 0.764412068700269
-9999 -9999 -9999 -9999 -9999 -9999 -9999 -9999 -9999 -9999 -9999 -9999 -9999 -9999 -9999 -9999 -9999 -9999 -9999 -9999 -9999 -9999 -9999 -9999 -9999 -9999 -9999 -10.3716285037163 -10.1316065691418 -9.1458076653581 -11.1230509215966 -12.4348059877466 -12.3042230022087 -7.92391534124737 -2.71180876310918 0.721267908174939 0.728607400008245 1 1 0.294359371968835 0.200810937704766 -0.18352714005758 -0.551420361110958 -0.317239714934138 -0.0120400585458769 0.198360433219356 0.431215896863979 0.593412839407805 0.687457915327312 0.669050560673235 0.673547252599578 0.820072712042125 0.957809137364252 1 0.973343274183135 0.880355621940544
-9999 -9999 -9999 -9999 -9999 -9999 -9999 -9999 -9999 -9999 -9999 -9999 -9999 -9999 -9999 -9999 -9999 -9999 -9999 -9999 -9999 -9999 -9999 -9999 -9999 -9999 -9999 -12.4669785198367 -12.6759176207472 -8.72426711733069 -10.0512911996658 -10.9375786456634 -9.97486822131557 -6.34111474108315 -1.08910090951194 0.173562459854663 0.557981156879013 0.599364489135526 0.689566500962657 0.0730164089752667 -0.0931346002306828 -0.320756613039038 -0.510619246451806 -0.558897784161662 -0.268384980972602 -0.0490887495394059 0.259859704754765 0.4456072470774 0.536105893646805 0.554557967565148 0.603251238396379 0.762649488770486 0.878233471950888 0.969676757499855 1 0.964304014923511
-9999 -9999 -9999 -9999 -9999 -9999 -9999 -9999 -9999 -9999 -9999 -9999 -9999 -9999 -9999 -9999 -9999 -9999 -9999 -9999 -9999 -9999 -9999 -9999 -9999 -9999 -22.626929129314 -13.9695778612366 -13.8010349424604 -7.49215945867696 -8.17763596129873 -8.05057825535946 -7.32973755093088 -5.01990933308778 0.262111636655012 0.512134550499844 1 1 0.317062096284354 -0.554319784849198 -0.522601734514314 -0.617832160832324 -0.606325006132263 -0.781810283305827 -0.522468592452422 -0.266492209130079 -0.0705193879856567 0.102692976595737 0.210968925659243 0.346344312669342 0.495481560287178 0.6439064625507 0.817979315723388 0.902971509582436 0.92706487198302 0.885749070675126
-9999 -9999 -9999 -9999 -9999 -9999 -9999 -9999 -9999 -9999 -9999 -9999 -9999 -9999 -9999 -9999 -9999 -9999 -9999 -9999 -9999 -9999 -9999 -9999 -9999 -9999 -20.2800124824691 -13.551668272948 -9.94728126707072 -5.29660945685623 -5.08568668357786 -5.16814503670569 -5.04029792730579 -4.46926899116361 0.604426926206562 0.431346434777022 1 0.742028446586871 -0.118515123522886 -1.08599598128426 -1.1515285007017 -1.0123531633241 -0.838701455584125 -0.88774945897685 -0.932314916840159 -0.711399826564376 -0.470021908634344 -0.252687917943898 -0.0704668800920027 0.136996589236914 0.328542017814536 0.529986314582419 0.667385683817341 0.733403635348212 0.792332905927904 0.926524426314335
-9999 -9999 -9999 -9999 -9999 -9999 -9999 -9999 -9999 -9999 -9999 -9999 -9999 -9999 -9999 -9999 -9999 -9999 -9999 -9999 -9999 -9999 -9999 -9999 -9999 -9999 -16.7923194293176 -14.0688501489427 -6.24748833354584 -3.62828446743784 -3.16759164869331 -3.07757843667708 -4.21421389350403 -2.50583145702585 -0.250838599024761 0.350629285135496 0.654895798876113 0.541372045252917 -0.21604334784011 -0.844746547118898 -1.73213947556243 -1.75278803232473 -1.34284966670741 -1.22872893405357 -1.29996504157511 -1.3698394657613 -0.987980439269626 -0.584669264243993 -0.350685105894516 -0.157689665594694 -0.0160220898531245 0.223706610268951 0.477463030968916 0.68012382017199 0.813497107426293 0.902176518330254
-9999 -9999 -9999 -9999 -9999 -9999 -9999 -9999 -9999 -9999 -9999 -9999 -9999 -9999 -9999 -9999 -9999 -9999 -9999 -9999 -9999 -9999 -9999 -9999 -9999 -9999 -13.7263847990251 -9.83407308643458 -5.40788764043565 -2.98140188952677 -1.78072489133867 -2.05527963837767 -3.73036207336596 -1.20231615353328 -1.49518139707572 0.0397639256744063 1 0.42172484220213 -0.496521193488583 -0.948300413665208 -1.20938217001659 -1.70587357853683 -2.123001786777 -1.87607213127148 -1.96756422444352 -1.99477915425347 -1.48663303081921 -0.947332299949742 -0.696994786461265 -0.525447071898496 -0.330836334494757 0.0341033491629302 0.363971702833771 0.553179005350151 0.665230697573457 0.702223298522524
-9999 -9999 -9999 -9999 -9999 -9999 -9999 -9999 -9999 -9999 -9999 -9999 -9999 -9999 -9999 -9999 -9999 -9999 -9999 -9999 -9999 -9999 -9999 -9999 -9999 -10.4567651219078 -12.9486038907174 -8.17685542621979 -6.23252169000604 -2.18602303422456 -1.14799176850202 -2.05078730897169 -2.50095145384963 -2.43580002270211 -1.40395960724829 1 0.500924244420766 -0.0275875438255333 -0.979285603362362 -1.02827834401944 -1.05287088605713 -1.33144074317661 -1.66636203687607 -1.83822919964698 -1.93331501256687 -1.8954578801364 -2.130383007869 -1.38536419709378 -1.16316444400535 -0.774356196486925 -0.499251635685789 -0.223546743895111 0.0715352206111164 0.232155628156986 0.297895462870623 0.313242070984884
-9999 -9999 -9999 -9999 -9999 -9999 -9999 -9999 -9999 -9999 -9999 -9999 -9999 -9999 -9999 -9999 -9999 -9999 -9999 -9999 -9999 -9999 -9999 -9999 -9999 -10.3050002478828 -8.75126130911605 -4.95677702334571 -3.79759425901175 -1.14339925945035 -0.700987134240898 -2.70228723770345 -3.1979800232101 -1.44976756479499 -0.00456012398062611 0.7450466203525 0.0793614114299688 -0.387178716118662 -0.967014559442311 -1.1075907916712 -1.12866158773279 -1.27210864876782 -1.53930069807318 -1.65577112206277 -1.61913163888128 -1.78891668374228 -2.4676665339069 -2.00296713705474 -1.64406201447145 -1.21413994431246 -0.909867098284557 -0.613352834101824 -0.390782299239506 -0.277710829606373 -0.261532125973934 -0.1444991559319
-9999 -9999 -9999 -9999 -9999 -9999 -9999 -9999 -9999 -9999 -9999 -9999 -9999 -9999 -9999 -9999 -9999 -9999 -9999 -9999 -9999 -9999 -9999 -9999 -9999 -10.1534144069848 -6.51628546548903 -3.18462906470197 -2.21498680151997 -0.252135521471784 -0.692046731657123 -3.55011399089947 -1.00303132509081 0.0131299413694542 0.0240992528083996 0.145972216217337 -0.224285432709726 -0.722519269697516 -0.947899044413746 -0.963893160281859 -1.15134428841374 -1.09515186846788 -1.1723212001689 -1.39372260055279 -1.69234040914758 -1.80632185831747 -2.55955972477826 -2.31059660689705 -2.15571210799454 -1.71648512661117 -1.44672283353319 -0.875724209032392 -0.407440320835925 -0.0999601544061655 0.211997247375023 0.410288225597998
-9999 -9999 -9999 -9999 -9999 -9999 -9999 -9999 -9999 -9999 -9999 -9999 -9999 -9999 -9999 -9999 -9999 -9999 -9999 -9999 -9999 -9999 -9999 -9999 -9999 -11.6480460131541 -6.04155798461825 -2.48542693662672 -1.09261611585867 0.484865103014935 -0.517632804160495 -1.43761463300905 0.221440598364353 0.68649445168645 0.25992134126567 -0.121321646698539 0.336844018526774 0.831494982701345 0.795394709581809 0.518456851944181 0.200348755866857 -0.10976386448204 -0.633985374355705 -1.1749103054868 -1.62819893950019 -2.14951068072429 -2.57035530389929 -2.59859632985383 -2.52658523955213 -1.63303722493111 -0.982637490784102 -0.409610073615565 0.0402657354792136 0.310400906308931 0.584554526742813 0.758417821404033
-9999 -9999 -9999 -9999 -9999 -9999 -9999 -9999 -9999 -9999 -9999 -9999 -9999 -9999 -9999 -9999 -9999 -9999 -9999 -9999 -9999 -9999 -9999 -9999 -9999 -12.7936085682493 -6.13090713635414 -2.34295656775186 -0.587126177802007 0.879924443846922 -0.87832942560615 -0.205219231904077 0.771927874900837 0.816250744490039 0.462430624251306 0.16424044174657 0.59840581364762 0.94760245939369 1 1 0.894002731936375 0.452844407829019 -0.539896951992575 -1.44955977018249 -2.21720008547249 -2.87275077372666 -2.84212914866556 -2.94808923865405 -2.28572940806901 -1.3439990773245 -0.760854880360202 -0.206050126286784 0.254414304983841 0.528430966917116 0.787435305835376 0.898353310717137
-9999 -9999 -9999 -9999 -9999 -9999 -9999 -9999 -9999 -9999 -9999 -9999 -9999 -9999 -9999 -9999 -9999 -9999 -9999 -9999 -9999 -9999 -9999 -9999 -9999 -13.4060487953199 -6.21399823226072 -2.47600290538929 -0.339544735705785 1 -1.2662947066305 0.415844430937639 0.925712504563369 0.855652287065542 0.530775416086009 0.263079226525139 0.584784560612355 0.956617660404389 1 1 0.939497122890439 0.442832007251711 -0.926650875811667 -2.09736094563455 -2.63705647473261 -2.96670134343625 -3.29595982314439 -2.9486218085281 -2.24585946098155 -1.38545568226813 -0.710264827487964 -0.142717228715016 0.292829581967556 0.526132579259132 0.748508397517068 0.863540758736382
-9999 -9999 -9999 -9999 -9999 -9999 -9999 -9999 -9999 -9999 -9999 -9999 -9999 -9999 -9999 -9999 -9999 -9999 -9999 -9999 -9999 -9999 -9999 -9999 -9999 -13.3203929929656 -5.77431098809574 -2.64705652641495 -0.471869261105471 0.909276896632163 -1.42068938074614 0.68611344356935 0.911717578603569 0.914613431724465 0.814438935238668 0.585589685586903 0.836730302847746 0.967266021960005 1 0.950418667484417 0.906919885585653 0.203784008162558 -1.39616391920131 -2.56118267196186 -2.89608305051956 -3.00374359786183 -3.55166869877062 -3.02284970199088 -2.35095096452272 -1.43339708768608 -0.870871481802947 -0.324391030469301 0.153649977426022 0.398785954072312 0.624526475025886 0.681317951505213
-9999 -9999 -9999 -9999 -9999 -9999 -9999 -9999 -9999 -9999 -9999 -9999 -9999 -9999 -9999 -9999 -9999 -9999 -9999 -9999 -9999 -9999 -9999 -9999 -9999 -13.3955831779116 -5.40929983040528 -2.76210062489058 -0.811854107102625 0.733223873446473 -1.08877111099456 0.668472853708471 0.701613246414089 0.707910367222455 0.810392331395789 0.889140500510094 0.928184078559603 1 1 0.992032704486125 0.933174469110333 0.28150836570848 -1.3480471231075 -2.60143288463989 -2.87567833006704 -2.90443918504791 -3.40518136697589 -3.18924269757497 -2.49799450392393 -1.74882744121547 -1.13043674501193 -0.527475637569201 -0.0691143529052622 0.173158093133348 0.353517995660117 0.537292620640039
-9999 -9999 -9999 -9999 -9999 -9999 -9999 -9999 -9999 -9999 -9999 -9999 -9999 -9999 -9999 -9999 -9999 -9999 -9999 -9999 -9999 -9999 -9999 -9999 -9999 -12.6674498764143 -5.03207838776172 -2.72537885824172 -1.36182147638887 0.526947273686553 -0.687035384104487 0.210906386560664 0.619748029837418 0.351318499135682 0.634602047346914 0.890698488833472 0.967254847015958 0.9940689102347 1 0.980624822484782 0.97414453660895 0.472604887119651 -0.962882544252961 -2.12334299708646 -2.39127847402359 -2.40279736460384 -2.8249808328307 -3.41879475455212 -2.78291222399489 -1.9672264995656 -1.45786293772364 -0.941445990390671 -0.412942936951452 -0.175300614907992 0.156932596963166 0.359235635951268
-9999 -9999 -9999 -9999 -9999 -9999 -9999 -9999 -9999 -9999 -9999 -9999 -9999 -9999 -9999 -9999 -9999 -9999 -9999 -9999 -9999 -9999 -9999 -9999 -9999 -11.8545842451062 -5.24263537315399 -2.95958630616036 -1.94646029041588 0.234549124582502 -0.383589911866888 -0.696302236331312 0.532870031720487 0.286168401256871 0.688594928265189 0.912331025519882 0.968389386055534 0.97719233517493 0.979427745467179 0.971759791763723 0.980137043621726 0.621707758439766 -0.624531773302874 -1.57016375735509 -1.77753184763762 -1.76170559730846 -2.25279758240561 -3.05276695060768 -3.11345474425909 -2.34156956749095 -1.83421693202647 -1.36357081937698 -0.894238463053079 -0.507634087506602 -0.0864869409917133 0.126304848644345
-9999 -9999 -9999 -9999 -9999 -9999 -9999 -9999 -9999 -9999 -9999 -9999 -9999 -9999 -9999 -9999 -9999 -9999 -9999 -9999 -9999 -9999 -9999 -9999 -20.0057334838666 -10.8389213913963 -4.76217589472554 -3.42293107856538 -3.05536398433237 -0.26786286273437 0.00909541759580923 -1.5418077133262 0.235765885535614 0.122678383886715 0.471915176982557 0.83406909403016 0.887828566807918 0.92623104581954 0.972340437383624 0.965094450596853 0.951650795360792 0.598908933817474 -0.304748413460431 -0.989738774098007 -1.1745738126095 -1.25968942778725 -1.76352191148042 -2.42665969515162 -2.81134459705348 -3.03242358768316 -2.35424967308446 -1.73903162400984 -1.22777014735189 -0.931728217989821 -0.754100219525266 -0.58914014944053
