meets/meet006/_saidas_enm/CCSM_Maxent_0k_T_subalaris2.asc
NCOLS 154 
NROWS 168 
XLLCORNER -112 
YLLCORNER -55.5 
CELLSIZE 0.5 
NODATA_value -9999 
[rows 72 to 95 of 168, columns 56 to 111 of 154]
-9999 -9999 -9999 -9999 -9999 -9999 -9999 -9999 -9999 0.159524947404861 0.0388157293200493 0.154729232192039 0.0771049484610558 0.0807096064090729 0.0954729095101357 0.1071682497859 0.107060700654984 0.0362099893391132 0.0261017847806215 0.0462480001151562 0.0902273207902908 0.0947661399841309 0.080996997654438 0.0854051634669304 0.0987916961312294 0.111942924559116 0.113637804985046 0.195467725396156 0.194042384624481 0.194794878363609 0.194802820682526 0.190122500061989 0.184608727693558 0.183062762022018 0.186135470867157 0.190164491534233 0.192564785480499 0.194506123661995 0.197620138525963 0.2007095515728 0.20377604663372 0.0336410328745842 0.0340166538953781 0.0344866625964642 0.0348527282476425 0.0351256988942623 0.0354073606431484 0.0354776196181774 0.0354459993541241 0.0350855179131031 0.0350085087120533 0.0357156358659267 0.0370017923414707 0.0401433110237122 0.0454872325062752 0.0514064133167267
-9999 -9999 -9999 -9999 -9999 -9999 -9999 -9999 -9999 -9999 0.0409658029675484 0.0251704286783934 0.0897265523672104 0.0913458839058876 0.108608394861221 0.122753590345383 0.146931782364845 0.064230278134346 0.0415713153779507 0.0587792880833149 0.0900502353906631 0.0915230363607407 0.0844536051154137 0.0888465866446495 0.103732042014599 0.205833598971367 0.204102993011475 0.194685712456703 0.189692333340645 0.18905583024025 0.187575131654739 0.182061597704887 0.176569432020187 0.176075160503387 0.179413199424744 0.182633608579636 0.184960320591927 0.187302768230438 0.190643131732941 0.194707781076431 0.199049755930901 0.202815055847168 0.206097051501274 0.0343655906617641 0.0349570997059345 0.0354944504797459 0.0359803177416325 0.0361675843596458 0.0361876897513866 0.0356569141149521 0.0355719551444054 0.0361150018870831 0.037326991558075 0.0405287593603134 0.0460373982787132 0.0521073900163174
-9999 -9999 -9999 -9999 -9999 -9999 -9999 -9999 -9999 -9999 -9999 0.0266092699021101 0.0172186363488436 0.115758694708347 0.130578383803368 0.151578173041344 0.197399914264679 0.125175908207893 0.0725087225437164 0.0775707960128784 0.0862293466925621 0.0883066430687904 0.088379330933094 0.0926716923713684 0.107084982097149 0.205089300870895 0.200177237391472 0.192599385976791 0.187111288309097 0.184196949005127 0.180788472294807 0.175534889101982 0.170435383915901 0.169702857732773 0.17281648516655 0.176245540380478 0.179574728012085 0.181152537465096 0.185391888022423 0.190693035721779 0.19465759396553 0.201054811477661 0.205099329352379 0.210223242640495 0.215533629059792 0.0362153016030788 0.0369004085659981 0.0370961986482143 0.0371489152312279 0.036811288446188 0.0367705710232258 0.0377088934183121 0.0393501333892345 0.0418580286204815 0.0448894798755646 0.0479549206793308
-9999 -9999 -9999 -9999 -9999 -9999 -9999 -9999 -9999 -9999 -9999 0.0286043100059032 0.0191194377839565 0.0193854514509439 0.0225398000329733 0.171467557549477 0.216720998287201 0.251030564308167 0.133329823613167 0.101241327822208 0.0901751518249512 0.08616653829813 0.0876386389136314 0.0915218442678452 0.102137461304665 0.195057466626167 0.191896364092827 0.186374798417091 0.182934194803238 0.179730340838432 0.175661519169807 0.170285508036613 0.166236594319344 0.165952324867249 0.16928169131279 0.173663750290871 0.178177490830421 0.181053534150124 0.186081275343895 0.192775383591652 0.199217170476913 0.205053925514221 0.209649115800858 0.215702280402184 0.222011864185333 0.226816445589066 0.0383125208318233 0.0383946634829044 0.0384109802544117 0.0380597896873951 0.0382457263767719 0.0392153933644295 0.0406220704317093 0.0421469211578369 0.0434441491961479 0.044648926705122
-9999 -9999 -9999 -9999 -9999 -9999 -9999 -9999 -9999 -9999 -9999 0.026401910930872 0.0254265442490578 0.0233913753181696 0.0245394464582205 0.0302388519048691 0.0374481454491615 0.0543873570859432 0.0538244545459747 0.163648173213005 0.0881321355700493 0.0904866233468056 0.0934146866202354 0.0905509814620018 0.0975088775157928 0.0979292914271355 0.183519035577774 0.179397866129875 0.174330055713654 0.171086341142654 0.167375296354294 0.163558751344681 0.162295386195183 0.162707895040512 0.166914865374565 0.17500627040863 0.176281288266182 0.181733012199402 0.18865941464901 0.196223184466362 0.209068566560745 0.209117442369461 0.214908972382545 0.22174896299839 0.226424366235733 0.237304478883743 0.236851572990417 0.0395762324333191 0.0397205762565136 0.0395787209272385 0.0398076102137566 0.0406721010804176 0.0414959527552128 0.0420171171426773 0.0422777496278286 0.0429938957095146
-9999 -9999 -9999 -9999 -9999 -9999 -9999 -9999 -9999 -9999 -9999 -9999 0.026914332062006 0.0287890490144491 0.0335406363010406 0.0401984602212906 0.0465928390622139 0.0527733080089092 0.0613064579665661 0.051781140267849 0.222080782055855 0.122500732541084 0.100175850093365 0.0855232626199722 0.0940689891576767 0.100070245563984 0.183105960488319 0.174167767167091 0.165180236101151 0.156258210539818 0.150252848863602 0.146252527832985 0.146573588252068 0.150987565517426 0.156542390584946 0.163053870201111 0.165752455592155 0.171053737401962 0.181002929806709 0.189795583486557 0.198708474636078 0.199577853083611 0.202955439686775 0.210335329174995 0.219792455434799 0.231745898723602 0.236474245786667 0.238861933350563 0.0409958474338055 0.0411711074411869 0.041306059807539 0.0417893379926682 0.0420850776135921 0.0423199571669102 0.0448423400521278 0.0475765205919743
-9999 -9999 -9999 -9999 -9999 -9999 -9999 -9999 -9999 -9999 -9999 -9999 0.168323114514351 0.0351550951600075 0.0946810096502304 0.0866959095001221 0.0831161662936211 0.0905155465006828 0.0470033325254917 0.0471829921007156 0.0567895732820034 0.26627504825592 0.111001893877983 0.0809938535094261 0.104849569499493 0.118115663528442 0.102146126329899 0.0879498720169067 0.0782955884933472 0.0729474425315857 0.130148977041245 0.125702396035194 0.123236544430256 0.127220258116722 0.136796608567238 0.144731685519218 0.148778900504112 0.151148945093155 0.158813610672951 0.169681578874588 0.180109590291977 0.182785153388977 0.181729882955551 0.190408810973167 0.206349417567253 0.220457896590233 0.235798060894012 0.243064254522324 0.0426978729665279 0.0433072559535503 0.0430672988295555 0.0433201789855957 0.0439788326621056 0.0463990643620491 0.0494431890547276 0.0518469288945198
-9999 -9999 -9999 -9999 -9999 -9999 -9999 -9999 -9999 -9999 -9999 -9999 -9999 0.17733259499073 0.10118392854929 0.0782044753432274 0.0661948695778847 0.0305236130952835 0.0234806947410107 0.022986700758338 0.0300060641020536 0.0442942082881927 0.0442647971212864 0.126404121518135 0.120430968701839 0.114987067878246 0.0972105637192726 0.0724368616938591 0.0590030029416084 0.0561492964625359 0.0549241527915001 0.0548439994454384 0.0560989454388618 0.107858784496784 0.113336287438869 0.114668235182762 0.12185675650835 0.121904954314232 0.13106994330883 0.147001564502716 0.159874588251114 0.168497309088707 0.167488723993301 0.177695319056511 0.197687447071075 0.219818189740181 0.239434853196144 0.248861253261566 0.253874003887177 0.0447056032717228 0.0453504361212254 0.0468205697834492 0.0482545159757137 0.0495114997029305 0.0518089570105076 0.053259801119566
-9999 -9999 -9999 -9999 -9999 -9999 -9999 -9999 -9999 -9999 -9999 -9999 -9999 0.151805311441422 0.108718387782574 0.068457268178463 0.056714404374361 0.0131358122453094 0.0117391347885132 0.0172022394835949 0.0239818282425404 0.0290860086679459 0.0552938096225262 0.0529625155031681 0.0310772880911827 0.124799638986588 0.103837549686432 0.0667990073561668 0.0473527982831001 0.0462700426578522 0.0442170165479183 0.0413511544466019 0.0206450615078211 0.0224969796836376 0.0951042771339417 0.0872021242976189 0.10379046946764 0.10859714448452 0.11546017229557 0.12043522298336 0.124224372208118 0.154101654887199 0.15816630423069 0.169991672039032 0.195048242807388 0.224644005298615 0.244140088558197 0.248450338840485 0.227805256843567 0.239691391587257 0.0467518158257008 0.0466946549713612 0.047172412276268 0.0481227152049541 0.0499347858130932 0.0496828742325306
-9999 -9999 -9999 -9999 -9999 -9999 -9999 -9999 -9999 -9999 -9999 -9999 -9999 -9999 0.0665709227323532 0.0904646888375282 0.029002133756876 0.0107451463118196 0.00954381190240383 0.0145845310762525 0.0213182810693979 0.0281176213175058 0.0496832244098186 0.0739345103502274 0.143949955701828 0.121828816831112 0.02998898178339 0.0128591964021325 0.0514426827430725 0.0456649027764797 0.0368229821324348 0.0380909144878387 0.0363220572471619 0.0171304289251566 0.0200732685625553 0.0230016745626926 0.0982872247695923 0.106620490550995 0.119521915912628 0.129237413406372 0.128381669521332 0.145766392350197 0.155549615621567 0.172497272491455 0.194608151912689 0.219630882143974 0.23527304828167 0.214573532342911 0.198040917515755 0.212998986244202 0.225247487425804 0.238849192857742 0.0406887158751488 0.0427217707037926 0.0484184585511684 0.051877785474062
-9999 -9999 -9999 -9999 -9999 -9999 -9999 -9999 -9999 -9999 -9999 -9999 -9999 -9999 0.296270072460175 0.125358104705811 0.0266509409993887 0.0123868435621262 0.00963346101343632 0.0120320161804557 0.0175842791795731 0.0218191407620907 0.0700101256370544 0.0925002172589302 0.116720996797085 0.149337440729141 0.146740093827248 0.0330050215125084 0.0149144986644387 0.010997504927218 0.0321200713515282 0.039623711258173 0.0363974273204803 0.030053373426199 0.0160228293389082 0.0178227629512548 0.0210783984512091 0.087149940431118 0.10113500058651 0.120548449456692 0.133698612451553 0.142049521207809 0.150714665651321 0.163817897439003 0.187192678451538 0.209366992115974 0.226192265748978 0.196184977889061 0.190770030021667 0.212201178073883 0.204591870307922 0.232794210314751 0.233005225658417 0.0409925989806652 0.0506655499339104 0.0801412239670753
-9999 -9999 -9999 -9999 -9999 -9999 -9999 -9999 -9999 -9999 -9999 -9999 -9999 -9999 -9999 0.213006764650345 0.030680138617754 0.0221963580697775 0.0159383118152618 0.0117659661918879 0.0117755047976971 0.0132469171658158 0.0162941347807646 0.0424697548151016 0.0548295862972736 0.0714096054434776 0.0955180302262306 0.0555435307323933 0.0588468611240387 0.0534989014267921 0.0244850218296051 0.0796700865030289 0.0423224717378616 0.029730087146163 0.0300059374421835 0.016636285930872 0.0182259120047092 0.0403811186552048 0.0885496959090233 0.101002290844917 0.111579455435276 0.129924952983856 0.14490033686161 0.132481142878532 0.163892403244972 0.200288489460945 0.21655435860157 0.216592878103256 0.232059046626091 0.264506161212921 0.283905476331711 0.291139870882034 0.277901887893677 0.27969878911972 0.0667254626750946 0.0937245860695839
-9999 -9999 -9999 -9999 -9999 -9999 -9999 -9999 -9999 -9999 -9999 -9999 -9999 -9999 -9999 0.0486662983894348 0.169379487633705 0.0295614395290613 0.0214404202997684 0.0124135632067919 0.00777159165591002 0.00893350224941969 0.0212936084717512 0.0220720712095499 0.0281510651111603 0.0314800031483173 0.0453502349555492 0.0582422912120819 0.0816463828086853 0.0445386581122875 0.0691648200154305 0.0371769741177559 0.0583192855119705 0.0329586863517761 0.035660095512867 0.0372666046023369 0.0359247960150242 0.0359937287867069 0.0416818112134933 0.0842326059937477 0.088107205927372 0.111031249165535 0.13825099170208 0.106698751449585 0.130137220025063 0.178310886025429 0.211919710040092 0.247507989406586 0.277329087257385 0.302479594945908 0.31775826215744 0.325355917215347 0.33049488067627 0.329965025186539 0.44015645980835 0.519228518009186
-9999 -9999 -9999 -9999 -9999 -9999 -9999 -9999 -9999 -9999 -9999 -9999 -9999 -9999 -9999 0.0602998733520508 0.0350628979504108 0.125752002000809 0.0163264963775873 0.0138676660135388 0.0114723714068532 0.00931948330253363 0.0101526603102684 0.0216154213994741 0.0221272110939026 0.0232038199901581 0.0138013185933232 0.0149731012061238 0.0178571101278067 0.0248666666448116 0.0346627533435822 0.0425830446183681 0.0223468523472548 0.0685189515352249 0.0504012741148472 0.0411067046225071 0.0388490445911884 0.0384763032197952 0.0433205105364323 0.0851782187819481 0.0865634605288506 0.100604116916656 0.13491253554821 0.094598300755024 0.102719716727734 0.146140232682228 0.205267205834389 0.252474099397659 0.280115067958832 0.296143680810928 0.314118981361389 0.307381689548492 0.305588036775589 0.322800755500793 0.403762549161911 0.482152342796326
-9999 -9999 -9999 -9999 -9999 -9999 -9999 -9999 -9999 -9999 -9999 -9999 -9999 -9999 -9999 -9999 0.0336240231990814 0.0198156535625458 0.0794751048088074 0.0133523950353265 0.00198579882271588 0.00301648047752678 0.00362068368121982 0.00653870636597276 0.00960383471101522 0.0084827383980155 0.00789673253893852 0.00706902332603931 0.00858221016824245 0.0167999025434256 0.0278710778802633 0.0326647646725178 0.0498992092907429 0.0249700453132391 0.0945000424981117 0.0590119175612926 0.0505495481193066 0.0466164536774158 0.0470324754714966 0.0863748267292976 0.0874766483902931 0.109076745808125 0.120858639478683 0.0832921490073204 0.0973010510206223 0.135657340288162 0.203409269452095 0.234580785036087 0.246776029467583 0.256891906261444 0.275007456541061 0.256898313760757 0.248512461781502 0.267298310995102 0.339632987976074 0.408326178789139
-9999 -9999 -9999 -9999 -9999 -9999 -9999 -9999 -9999 -9999 -9999 -9999 -9999 -9999 -9999 -9999 -9999 0.0497027188539505 0.00841100886464119 0.0596195906400681 0.0444903559982777 0.00632412638515234 0.00833194050937891 0.0079675167798996 0.00771749392151833 0.00539862550795078 0.00461532548069954 0.00422181421890855 0.00574446422979236 0.01188581623137 0.0219905488193035 0.0308207627385855 0.048876915127039 0.0627628564834595 0.0478070005774498 0.110393770039082 0.077695906162262 0.0645234063267708 0.0568731985986233 0.0640095546841621 0.132593438029289 0.140768766403198 0.111593812704086 0.0993267372250557 0.123267479240894 0.168858423829079 0.185707747936249 0.188429966568947 0.189903989434242 0.19461914896965 0.189348369836807 0.190021589398384 0.183433070778847 0.19622802734375 0.266696333885193 0.337501972913742
-9999 -9999 -9999 -9999 -9999 -9999 -9999 -9999 -9999 -9999 -9999 -9999 -9999 -9999 -9999 -9999 -9999 -9999 -9999 0.00337286363355815 0.00747050065547228 0.051981620490551 0.00848821084946394 0.00767709733918309 0.00651073968037963 0.00510544469580054 0.00436006765812635 0.00379901542328298 0.00468806410208344 0.00816708337515593 0.0156124271452427 0.0238959100097418 0.0456946268677711 0.0660699307918549 0.0686923190951347 0.055442426353693 0.0218940284103155 0.0898571982979774 0.064349964261055 0.0697159692645073 0.0563541315495968 0.132216885685921 0.126698777079582 0.134872555732727 0.157488971948624 0.159596636891365 0.161498755216599 0.160021647810936 0.157510444521904 0.155997827649117 0.144606754183769 0.148522093892097 0.147182106971741 0.153455823659897 0.203280940651894 0.263282418251038
-9999 -9999 -9999 -9999 -9999 -9999 -9999 -9999 -9999 -9999 -9999 -9999 -9999 -9999 -9999 -9999 -9999 -9999 -9999 -9999 -9999 0.00888009835034609 0.0594051368534565 0.066682867705822 0.00858737900853157 0.00634424760937691 0.00497098593041301 0.00450584664940834 0.00507084373384714 0.00582103012129664 0.00776588590815663 0.0150227202102542 0.0284870471805334 0.0869317501783371 0.0606881305575371 0.145310997962952 0.0711647197604179 0.0272550359368324 0.0901674404740334 0.0928011387586594 0.0824846103787422 0.084226481616497 0.163343206048012 0.155315145850182 0.154952153563499 0.151995658874512 0.152118355035782 0.1573755890131 0.152474522590637 0.144749015569687 0.136245161294937 0.135817244648933 0.140813201665878 0.148087739944458 0.157632395625114 0.20667465031147
-9999 -9999 -9999 -9999 -9999 -9999 -9999 -9999 -9999 -9999 -9999 -9999 -9999 -9999 -9999 -9999 -9999 -9999 -9999 -9999 -9999 -9999 -9999 0.0676083043217659 0.0835394635796547 0.00988706946372986 0.00605687499046326 0.00506474822759628 0.00511748902499676 0.00538205867633224 0.00609982619062066 0.0104282656684518 0.0192802287638187 0.0543736927211285 0.076221689581871 0.109221838414669 0.140800714492798 0.0753510817885399 0.0405789315700531 0.15932933986187 0.108303658664227 0.089638464152813 0.154332533478737 0.14504836499691 0.143552273511887 0.146612659096718 0.149057745933533 0.150430947542191 0.146246045827866 0.136426717042923 0.129155293107033 0.130722522735596 0.136527985334396 0.14228418469429 0.147780269384384 0.159782201051712
-9999 -9999 -9999 -9999 -9999 -9999 -9999 -9999 -9999 -9999 -9999 -9999 -9999 -9999 -9999 -9999 -9999 -9999 -9999 -9999 -9999 -9999 -9999 -9999 -9999 0.0767798647284508 0.0571993626654148 0.00648517906665802 0.00423944881185889 0.00574595481157303 0.00796996243298054 0.00899419561028481 0.0107269892469049 0.0158422254025936 0.0453024245798588 0.0612944401800632 0.0891170054674149 0.11985232681036 0.144384622573853 0.0698374211788177 0.180438861250877 0.113797299563885 0.0847015157341957 0.131801635026932 0.134609654545784 0.142194464802742 0.145097821950912 0.1441780179739 0.135779902338982 0.128167897462845 0.12061071395874 0.123387262225151 0.130421862006187 0.133903458714485 0.136270374059677 0.140824660658836
-9999 -9999 -9999 -9999 -9999 -9999 -9999 -9999 -9999 -9999 -9999 -9999 -9999 -9999 -9999 -9999 -9999 -9999 -9999 -9999 -9999 -9999 -9999 -9999 -9999 0.00629241205751896 0.0523200258612633 0.050299160182476 0.0467790737748146 0.00345173478126526 0.00377953774295747 0.00536241941154003 0.00843785796314478 0.0108610214665532 0.0157569590955973 0.042336031794548 0.0590803995728493 0.0803465992212296 0.11335027962923 0.0693396851420403 0.349751144647598 0.159731775522232 0.174280911684036 0.124946907162666 0.126178577542305 0.139827057719231 0.144518792629242 0.144406676292419 0.136114493012428 0.121628396213055 0.113784641027451 0.115578725934029 0.121337540447712 0.124082006514072 0.126059591770172 0.130164295434952
-9999 -9999 -9999 -9999 -9999 -9999 -9999 -9999 -9999 -9999 -9999 -9999 -9999 -9999 -9999 -9999 -9999 -9999 -9999 -9999 -9999 -9999 -9999 -9999 -9999 -9999 -9999 0.0123293735086918 0.0456346794962883 0.0107488837093115 0.00688310293480754 0.00115191785153002 0.00195796578191221 0.00645180465653539 0.0108176600188017 0.0113725690171123 0.0181192439049482 0.0267223343253136 0.0390034206211567 0.0550410635769367 0.355459809303284 0.377623856067657 0.188240706920624 0.114531397819519 0.121871553361416 0.13946507871151 0.140098676085472 0.146018773317337 0.139578104019165 0.121717281639576 0.11068581789732 0.107045598328114 0.111742660403252 0.115141443908215 0.119451299309731 0.125445678830147
-9999 -9999 -9999 -9999 -9999 -9999 -9999 -9999 -9999 -9999 -9999 -9999 -9999 -9999 -9999 -9999 -9999 -9999 -9999 -9999 -9999 -9999 -9999 -9999 -9999 -9999 -9999 0.00249339803121984 0.00807003490626812 0.012453343719244 0.00940480642020702 0.0110550932586193 0.0151243237778544 0.00472980039194226 0.00810257345438004 0.0107013620436192 0.01398357283324 0.0167848169803619 0.0249431375414133 0.0408978350460529 0.344770401716232 0.356249064207077 0.232864081859589 0.130071610212326 0.115997649729252 0.128500536084175 0.128574922680855 0.130851686000824 0.126059412956238 0.115919761359692 0.106579482555389 0.100358039140701 0.0991277545690536 0.102603189647198 0.111360982060432 0.123616747558117
-9999 -9999 -9999 -9999 -9999 -9999 -9999 -9999 -9999 -9999 -9999 -9999 -9999 -9999 -9999 -9999 -9999 -9999 -9999 -9999 -9999 -9999 -9999 -9999 -9999 -9999 -9999 -9999 0.00268033589236438 0.00741982460021973 0.0156644731760025 0.0201241970062256 0.111647233366966 0.149758353829384 0.0127781108021736 0.0142467888072133 0.0143209267407656 0.0133410217240453 0.0179392043501139 0.0341997593641281 0.125698387622833 0.332442432641983 0.124767884612083 0.066105842590332 0.117399498820305 0.110537581145763 0.112915307283401 0.111333824694157 0.108182974159718 0.106259942054749 0.0996524840593338 0.0964414402842522 0.0927550941705704 0.0969380810856819 0.108629070222378 0.123992159962654
