meets/meet006/_saidas_enm/CCSM_Maha_0k_T_nigriceps4.asc
NCOLS 154 
NROWS 168 
XLLCORNER -112 
YLLCORNER -55.5 
CELLSIZE 0.5 
NODATA_value -9999 
[rows 75 to 99 of 168, columns 56 to 111 of 154]
-9999 -9999 -9999 -9999 -9999 -9999 -9999 -9999 -9999 -9999 -9999 -8.69303779244749 -1.52774072516954 -0.535151389203655 -1.06498694142076 -0.191954308818923 0.0342119780707032 0.313630468824313 0.111092333629193 -0.196862605273702 -0.23605013039673 -0.342466551314827 -0.443390903134571 -0.503973316806124 -0.299171835211268 -0.115166656690658 0.0701341911234368 0.241117223556597 0.382759680572789 0.524444395554313 0.621521399020002 0.716892089124763 0.767168377245711 0.788710979710037 0.803875763771658 0.793050398381224 0.780601592098979 0.750321463153752 0.703440884422965 0.644427624564416 0.585040176875554 0.533873443020314 0.488139951112504 0.393843759305095 0.443320836244915 0.48918611103952 0.541202154024978 0.542678689815605 0.479156208415799 0.370726561731689 0.184894479363296 0.0797620587116579 -0.0225520049933441 -0.0560808892387146 0.0109326950936594 0.0366358789908673
-9999 -9999 -9999 -9999 -9999 -9999 -9999 -9999 -9999 -9999 -9999 -9.82138809779102 -2.13409267684874 -0.581835300736977 -0.496559969604365 -0.657517421720963 0.0068539196687023 0.633697772691914 0.806269039169429 0.497285338936425 -0.270380335508716 -0.145561687853434 -0.126420300943995 -0.321372077578101 -0.175822669109824 -0.115531858413044 0.0488562685522381 0.23241774839176 0.38133255524528 0.503114407202617 0.579933920968479 0.685491344609846 0.739356778787321 0.752127963637048 0.765312543996829 0.733814737832849 0.749605379453766 0.732601883576768 0.703700465387429 0.678093527290812 0.588230358283514 0.539317757017735 0.442307736745963 0.396830072414162 0.36138987834289 0.294561811939708 0.402689082448378 0.475139613245778 0.469500590736507 0.425112427836944 0.322850480382391 0.233070766146795 0.168609926226787 0.14137323550839 0.160459548420559 0.0808639319014602
-9999 -9999 -9999 -9999 -9999 -9999 -9999 -9999 -9999 -9999 -9999 -9999 -5.34987036920435 -0.784409689978352 -0.0153913826809808 -0.215156920140898 0.513050895155952 0.369112342838023 0.15656969287132 0.648246159276754 0.60383693777045 0.242782941623099 -0.0428378928542106 -0.135397053317224 -0.0260745578139137 0.0641673231844657 0.0926120948640657 0.266289801655482 0.398936376295098 0.506026038973985 0.586547394424626 0.693436780665322 0.75429468246691 0.773057980181151 0.775441459146999 0.743186773417573 0.741331956222143 0.716892349890245 0.687753388418452 0.657652694229422 0.56850115520229 0.443994832291874 0.273367649628446 0.337929896240847 0.35721612542027 0.356996775094949 0.308812088983488 0.365956656065644 0.392274985388588 0.414564701712297 0.386842713177099 0.346282024566365 0.312887878242632 0.271608268468902 0.237331013941846 0.127228822293367
-9999 -9999 -9999 -9999 -9999 -9999 -9999 -9999 -9999 -9999 -9999 -9999 -11.7289276423628 -4.41136732254007 -0.564203916846557 -0.345786492110989 0.280921199790386 1 0.548109202175102 0.170939177789598 0.527680994244744 0.676525270343875 0.0396134117847322 -0.130148162225419 0.129465110392966 0.288911545688858 0.223369648814471 0.283770336974889 0.425461343277948 0.512870383969092 0.585675263583099 0.688833957719506 0.762339476334627 0.794266531996219 0.807069766078973 0.778498083332457 0.755907044336472 0.720146974607697 0.690229333587135 0.680210923262105 0.626807487698375 0.456242275193149 0.312393866293519 0.394484500089819 0.369462214909394 0.263917880365843 0.26170577820195 0.230038723416336 0.186234511321064 0.249339849314778 0.299906312839255 0.288961050322348 0.263408987825409 0.265610965913621 0.171587911336281 -0.0158218281397773
-9999 -9999 -9999 -9999 -9999 -9999 -9999 -9999 -9999 -9999 -9999 -9999 -9999 -10.2614599634012 -1.97250929135327 -0.0966714916202562 0.494519226218827 1 0.746865712296797 -0.159769430600436 -0.502701944798637 0.144267883309848 0.497928706232993 -0.392258002293073 -0.187308131495218 -0.0174065897306304 0.259827733428871 0.308771840844137 0.370216044366056 0.508296076469224 0.588384551910141 0.691640115782127 0.754244371463496 0.794405093124824 0.81481035174096 0.787621724886324 0.776219044261739 0.738175334278808 0.704868467810625 0.683264278828597 0.633215311477991 0.506414252450949 0.35618930943457 0.407618228245257 0.404552454199417 0.32570640754004 0.189391734040278 0.144624480378948 0.080672554521696 0.0444443025258202 0.124673743607201 0.145032976606185 0.0943420678126323 0.0434033504996865 -0.0228832834511536 -0.127532056721937
-9999 -9999 -9999 -9999 -9999 -9999 -9999 -9999 -9999 -9999 -9999 -9999 -9999 -16.7284068105643 -3.5866434951072 -0.325846264738008 0.529889482502883 -1.48224078412877 -1.34387424468671 0.376881141598085 0.0527293837273464 0.162975804290667 0.291929035523879 -0.217830197188374 -0.885492212927839 -0.644493178315324 -0.100019956548196 0.0516765892446062 0.0411043963061227 0.437426834381787 0.510419394037749 0.648780083043158 0.732676511794942 0.793355040991216 0.823935864256622 0.788867681272448 0.830347749828714 0.795419433776382 0.749981663946557 0.703507655555928 0.620109372134098 0.579681653138242 0.408135140217477 0.398810272493195 0.356150551685698 0.378865049434166 0.104023833633607 0.0746792620787675 0.0218803631223574 -0.0896189263931515 -0.173381152697218 -0.160954208086819 -0.195524330768056 -0.206949084554425 -0.180143551775491 -0.268451953204133
-9999 -9999 -9999 -9999 -9999 -9999 -9999 -9999 -9999 -9999 -9999 -9999 -9999 -9999 -6.39442247028069 -2.31699589874706 0.651169862916023 -1.78126310033066 -2.02333969183831 0.125589632440591 0.555129311808646 0.621168759606553 -0.094620742046889 0.0273694165123964 -0.291188909775687 -1.17878339487438 -1.49868712241947 -1.93748581980353 -1.30371150674123 -0.157940489541399 0.189576755839122 0.566490490335886 0.672386823324817 0.760000991646927 0.828637891209042 0.866106343736325 0.889663746033925 0.879941652135377 0.847483307985282 0.783948489921532 0.698093018552868 0.637413883663701 0.546157844852458 0.412291273185828 0.208664441238617 0.203888071402688 0.0533890479920438 0.0166487177770022 -0.116327762258527 -0.27206263491082 -0.465254762672257 -0.429536665683967 -0.423678306186265 -0.366158807804859 -0.19781412351267 -0.113674140278293
-9999 -9999 -9999 -9999 -9999 -9999 -9999 -9999 -9999 -9999 -9999 -9999 -9999 -9999 -13.204778188918 -4.11810038802601 -0.759779914905018 -1.02388007832785 -2.15069837040117 -0.361233808225581 1 -0.122386766121652 0.00682406959856552 -3.34501531570979 -1.3697407641934 1 0.36682481624574 -1.77233888142968 -3.14817721686178 -1.34408831621997 -0.775446399780902 0.129418452313129 0.500094202684577 0.600183238615536 0.699576460157934 0.773125652722284 0.78028222348113 0.720330708085809 0.73251642754204 0.755493731130448 0.749905166458938 0.690697574871601 0.61684496191809 0.472578260842128 0.290240295632587 0.100391014229295 0.016804814454648 -0.069035895044546 -0.218595337757033 -0.38443419412319 -0.594843153394075 -0.531699490173747 -0.522055408224515 -0.425864387100267 -0.106786482754226 0.107630406422274
-9999 -9999 -9999 -9999 -9999 -9999 -9999 -9999 -9999 -9999 -9999 -9999 -9999 -9999 -9999 -12.6781038558312 -3.35252047297809 0.188008471704492 -1.46681387921982 -1.18011023063851 -0.702039302893884 0.597095019946783 -0.534092899373045 1 1 -0.465297685354066 -1.62407527053933 -1.20938530841037 -0.332158053226707 0.00655936066401464 -0.594384869714047 -0.0857501715984719 0.315462515294084 0.369676463975728 0.542812712583504 0.525321979252799 0.505941109478674 0.451901701719126 0.412922012561806 0.33050196913668 0.455003390880017 0.585495397094143 0.64606358822923 0.492523171502356 0.332014297695978 0.148377230730048 -0.00672492303167149 -0.143661852658288 -0.286521456143829 -0.300960328664951 -0.245218973687364 -0.212411215428099 -0.275304119279963 -0.208340886166069 -0.0260815069685845 0.0188274791905163
-9999 -9999 -9999 -9999 -9999 -9999 -9999 -9999 -9999 -9999 -9999 -9999 -9999 -9999 -9999 -21.1212086886592 -7.29518110841607 -0.0517972989931808 -0.808778406400603 -2.2027969291489 -5.03558309654997 -2.36882906539977 -3.52860733588154 -2.53979758357128 -2.59867305278665 -1.01038271182493 0.449851021243832 -0.882732554821845 -2.73727029826457 0.447158761772688 0.796333062456902 -0.189470426272222 -0.354982830881905 0.155954265601124 0.542739529936394 0.32960340413132 0.361069419494432 0.219838622362352 0.0662569409261762 0.127991843690858 0.174944519222025 0.626317978442091 0.663628919340626 0.500674805433073 0.35551345990408 0.178812064719122 -0.0330945360349824 -0.220898583381624 -0.192995555795861 -0.0281697553380205 0.153858964798488 0.181466997760951 0.124158887072681 0.190814106230844 0.281173084828901 0.190764685104201
-9999 -9999 -9999 -9999 -9999 -9999 -9999 -9999 -9999 -9999 -9999 -9999 -9999 -9999 -9999 -20.6931236283166 -12.7799441500942 -2.0025150859994 -1.55096909149852 -1.98126697732189 -3.81693173729392 -6.25659246491217 -9.34114096950722 -9.51887252497197 -6.98163821526507 -5.74606500774262 -4.10703764521278 -2.43507504919278 -1.05240151418583 0.117864210105474 0.128344077699191 -0.205441714769242 -0.557759237915457 -0.340216888440716 0.485406177666047 0.654953282833184 0.511561525588055 0.157017376944785 0.135400229194222 -0.0174643894453488 -0.0667388157995057 0.677892866006786 0.698342412152154 0.54031355407441 0.366309987076142 0.220900217997163 0.0147618850589795 -0.147398335124767 0.0156000901988721 0.191264107332601 0.280452671420798 0.496591520770868 0.627741298474878 0.717775050378439 0.77027725975343 0.830370732073738
-9999 -9999 -9999 -9999 -9999 -9999 -9999 -9999 -9999 -9999 -9999 -9999 -9999 -9999 -9999 -9999 -20.7951389939384 -6.58070069916338 -0.927077959717001 -2.80168629952179 -4.04866504637613 -5.87857182434059 -11.0735214960836 -13.7277752393932 -13.2904389723614 -15.4329078475106 -10.0475108623749 -8.07385314305676 -4.55189462062555 -2.57010812944976 -0.795477330030676 -0.535186948175086 -0.0598320676283883 -0.963892970042113 -0.341117281459534 0.61088515442929 0.805453083566758 0.629340567406223 0.274959662290075 0.321689158403585 0.135946396082292 0.671199078408913 0.767304265527604 0.548025411607529 0.423351421031487 0.323506758415351 0.166283018997623 0.148147097127629 0.362925336235989 0.54016599454274 0.581697305873659 0.791515153463863 0.898096862138375 0.935728234286387 0.943540634185886 0.973850986940307
-9999 -9999 -9999 -9999 -9999 -9999 -9999 -9999 -9999 -9999 -9999 -9999 -9999 -9999 -9999 -9999 -9999 -18.9284926063352 -9.85873647600926 -1.11036793029512 -1.94651232108902 -4.71352875829405 -5.34126856649244 -7.74514732247891 -10.3282435783151 -13.9943312265264 -14.5781821018587 -14.1038477234359 -8.61854086258804 -2.73489952704835 -2.26490453190422 -0.188036751296295 0.568031235151647 0.656720040619413 -0.219702407365484 -0.232014415982727 0.659988935448777 0.912034514248775 0.884111591727864 0.780677314685029 0.844410110865145 0.847992917430015 0.772355694490781 0.641653327083867 0.590979753165054 0.501125468032045 0.307172597800441 0.510759421400635 0.703462670837044 0.804781827239015 0.860424904124016 0.893483074701638 0.879421503358521 0.883479732473444 0.930507199790439 0.969577786211246
-9999 -9999 -9999 -9999 -9999 -9999 -9999 -9999 -9999 -9999 -9999 -9999 -9999 -9999 -9999 -9999 -9999 -9999 -9999 -11.8964305106507 -2.95750971375228 -2.01599705648253 -2.82548459848683 -4.46070467823104 -6.59830744515887 -10.3731772840287 -14.5170301121488 -17.8359904984622 -13.340488625416 -5.67939225931705 -2.57948697071618 -1.55891135654732 0.828099688289463 1 0.812937055756448 -0.148231813353865 -0.524299756036655 0.446612209946683 0.785502388946417 0.901092002020814 0.727534865276694 0.822794475908248 0.781786903635447 0.728083631616625 0.678378110373937 0.556843200469768 0.376345774179488 0.569621276178754 0.717363925486791 0.820712206170392 0.846485747657362 0.820699731870743 0.87431956880119 0.870809702989857 0.837507449900535 0.866531346058153
-9999 -9999 -9999 -9999 -9999 -9999 -9999 -9999 -9999 -9999 -9999 -9999 -9999 -9999 -9999 -9999 -9999 -9999 -9999 -9999 -9999 -15.1705400969043 -9.04888123985451 -5.47920679228149 -3.99463045360645 -5.68554576283793 -10.0033925394122 -15.5958410083028 -16.4749056121811 -11.2615247146303 -6.63620589026608 -2.92012421595389 -1.00001444169787 1 0.732689784488181 1 0.439877210704475 -0.285155516258429 0.26642466695253 0.77334846217381 0.855783682472263 0.850803555887389 0.757373629299554 0.740063603984561 0.630215595995349 0.528639780832706 0.381513851701097 0.489971046457556 0.63772814867237 0.784549589641979 0.814761523388254 0.857048772230581 0.879655533024714 0.873423117064229 0.863086963185018 0.88225648752733
-9999 -9999 -9999 -9999 -9999 -9999 -9999 -9999 -9999 -9999 -9999 -9999 -9999 -9999 -9999 -9999 -9999 -9999 -9999 -9999 -9999 -9999 -9999 -15.1747526579686 -7.09869390418 -3.32969884755521 -5.98118628418018 -10.9253040192346 -14.904781679628 -14.6466465676644 -11.486432179207 -4.46166339002027 -1.53083238127888 0.00244214434228995 0.601249871445458 0.367126688220465 0.43213543833684 0.384165064513559 0.192982977806254 0.34592087914712 0.64862722442978 0.642156259570825 0.528765947431552 0.50486801702332 0.478098116313671 0.385208565856406 0.420122314503557 0.534431954625989 0.653609088077999 0.803639253388323 0.861087054379613 0.899144730705928 0.897244455220043 0.868469178100631 0.857013741755365 0.858656285373993
-9999 -9999 -9999 -9999 -9999 -9999 -9999 -9999 -9999 -9999 -9999 -9999 -9999 -9999 -9999 -9999 -9999 -9999 -9999 -9999 -9999 -9999 -9999 -9999 -9999 -7.53099037495225 -2.83604288199419 -5.97650639844976 -10.5954746744994 -13.7722124081317 -13.5387573042974 -10.1805215615266 -5.88184409265712 -1.14062545050859 -0.630485777190646 1 1 1 1 1 0.966516130890155 0.81685771109984 0.282589697655655 0.173833661975962 0.165639171899201 0.356230059019459 0.481103052944339 0.613222068653258 0.689288585685347 0.795539305597838 0.863501456632933 0.920596278893763 0.895570715681804 0.850580263258045 0.810496823072826 0.734972885651764
-9999 -9999 -9999 -9999 -9999 -9999 -9999 -9999 -9999 -9999 -9999 -9999 -9999 -9999 -9999 -9999 -9999 -9999 -9999 -9999 -9999 -9999 -9999 -9999 -9999 -20.5035772388831 -6.93165136242801 -2.68436453773402 -7.11423064841362 -11.6414201262733 -15.0926252870897 -16.4025899167944 -14.536265078292 -8.33080207215429 -1.67856596146355 0.21233425412618 -0.157732532099347 1 1 0.566233227740017 1 1 0.394180903725789 0.0104801662862246 0.0560251249850833 0.264368831612321 0.384817401802722 0.513659425293123 0.619084796276992 0.805067692563362 0.913355653533232 0.93157632065325 0.878076361257111 0.836649866006711 0.802781325803515 0.688825964614539
-9999 -9999 -9999 -9999 -9999 -9999 -9999 -9999 -9999 -9999 -9999 -9999 -9999 -9999 -9999 -9999 -9999 -9999 -9999 -9999 -9999 -9999 -9999 -9999 -9999 -9999 -9999 -5.95493926678737 -3.01128977303072 -9.58980165529364 -15.8909011691996 -18.0700087855031 -18.7981376298711 -15.9035845351892 -9.1466040864389 -4.48705244500109 -0.518019049674194 -0.796169312780675 0.409414532066333 0.679557300464772 1 0.834057802526702 0.396730652190444 0.118690725185156 0.0741311291728068 0.0967340982151667 0.254185149701432 0.300462445409111 0.427557939529516 0.799742941085729 0.92867984804423 0.914686313959527 0.858812526846032 0.839998541578925 0.80896972678664 0.701935402192685
-9999 -9999 -9999 -9999 -9999 -9999 -9999 -9999 -9999 -9999 -9999 -9999 -9999 -9999 -9999 -9999 -9999 -9999 -9999 -9999 -9999 -9999 -9999 -9999 -9999 -9999 -9999 -9.45096837312907 -2.8705881899738 -6.42897673236866 -11.8305789093993 -15.9008175540702 -19.3152595709877 -18.7962735876429 -13.6513692581283 -7.6580750983214 -2.58297605054267 -0.8906006421527 0.431732201551042 0.768627511938596 1 0.913250411130674 0.894126889742341 0.524001063177529 0.259194524617709 0.181211773901448 0.269779416638407 0.280358965810827 0.479220672389677 0.752288980105767 0.866585969061917 0.883526940426157 0.870483605345614 0.860889968031594 0.842912233745707 0.820218467098789
-9999 -9999 -9999 -9999 -9999 -9999 -9999 -9999 -9999 -9999 -9999 -9999 -9999 -9999 -9999 -9999 -9999 -9999 -9999 -9999 -9999 -9999 -9999 -9999 -9999 -9999 -9999 -9999 -3.10433195120657 -4.01384840389023 -7.8076756564222 -12.5104517300824 -19.1771811277824 -21.3357101505253 -15.2338193931984 -8.03716078860496 -3.13167494784237 -1.43886389160618 -0.246802260340785 1 1 0.906135922653384 0.797578542291423 0.654461348067513 0.580009426040757 0.289009209284789 0.377105870416171 0.553156138906169 0.689504214386895 0.707280771192109 0.711558582945815 0.836995196752371 0.824715737574976 0.812671127736692 0.881289345633593 0.932419595651752
-9999 -9999 -9999 -9999 -9999 -9999 -9999 -9999 -9999 -9999 -9999 -9999 -9999 -9999 -9999 -9999 -9999 -9999 -9999 -9999 -9999 -9999 -9999 -9999 -9999 -9999 -9999 -9999 -3.77249735072336 -3.39511759014119 -7.27480756786973 -10.9961507101601 -19.2724038370646 -22.530364841621 -16.1131744559695 -7.40039166333335 -2.70066343810147 -0.979181749326437 -0.366679372019641 0.965764955146629 1 1 0.71409298644761 0.531971227832251 0.832248990417253 0.763107167955663 0.485408861621012 0.701984436151537 0.790183113442477 0.729646925400191 0.670223491643506 0.801394566541312 0.827561739175502 0.844278711720532 0.941825750240787 1
-9999 -9999 -9999 -9999 -9999 -9999 -9999 -9999 -9999 -9999 -9999 -9999 -9999 -9999 -9999 -9999 -9999 -9999 -9999 -9999 -9999 -9999 -9999 -9999 -9999 -9999 -9999 -9999 -4.43677412336716 -2.74379282464675 -6.87466650755436 -10.4995443697702 -21.3376568310301 -25.293130301905 -16.3516982554862 -6.77482890027745 -2.04924690075433 -0.676778528747863 -0.173577699722214 0.869213916917001 1 1 0.922974880912606 0.402634933024635 0.700767691075532 0.763031392864089 0.8035499824382 0.733328620527783 0.769951553182042 0.73163752174316 0.502647201714619 0.804764539886332 0.861343261554898 0.910095343099228 0.979544377825214 0.931469047953334
-9999 -9999 -9999 -9999 -9999 -9999 -9999 -9999 -9999 -9999 -9999 -9999 -9999 -9999 -9999 -9999 -9999 -9999 -9999 -9999 -9999 -9999 -9999 -9999 -9999 -9999 -9999 -9999 -4.57409906585497 -2.68670886312651 -6.05039260509533 -10.5873613673574 -20.7764472307583 -24.6978466494906 -17.4230631984685 -7.38850656468386 -1.74955541251141 -0.290036292285136 0.257480701855954 0.668609800431437 0.926999104225971 0.948260238617342 1 0.259831583868752 0.341991742557965 0.486657778615782 0.81717013740271 0.743545544485626 0.586369418828113 0.718180267077547 0.787748873154763 0.849076674946513 0.894570675697132 0.915805540233774 0.847896287927892 0.623094675944598
-9999 -9999 -9999 -9999 -9999 -9999 -9999 -9999 -9999 -9999 -9999 -9999 -9999 -9999 -9999 -9999 -9999 -9999 -9999 -9999 -9999 -9999 -9999 -9999 -9999 -9999 -9999 -9999 -5.05472040738102 -2.92808584219604 -5.307310666775 -11.3883308641196 -21.2586273581687 -24.6069773211736 -17.2237230929204 -8.36058837006015 -1.24247999451093 0.0806858839301419 0.615404602656016 0.554592724492056 0.685055060733108 0.76301866095097 0.920913777257466 0.101305879802682 -0.017314708750332 -0.0392732224033787 0.57282622073798 0.844929313763269 0.82683884412801 0.635573897577026 0.836947632928065 0.796462826255845 0.715893019092679 0.623845125018012 0.682815348215666 0.562877559034099
