meets/meet006/_saidas_enm/CCSM_Gower_0k_T_subalaris2.asc
NCOLS 154 
NROWS 168 
XLLCORNER -112 
YLLCORNER -55.5 
CELLSIZE 0.5 
NODATA_value -9999 
[rows 52 to 77 of 168, columns 60 to 119 of 154]
-9999 -9999 -9999 -9999 -9999 -9999 -9999 0 0 0 0 0.0591425120183502 0.188429622458213 0.270802683474572 0.275563866589108 0.197829871807679 0.191191279188214 0.17853457971593 0.174741530421691 0.170626137747203 0.036038691464426 0 0 0 0 0 0 0 0 0 0 0 0.201956690887085 0.51310347550155 0.526313276426283 0.535871947673616 0.525934316200038 0.478649180552136 0.467975815761586 0.476518465466289 0.483076415293172 0.470788540790679 0.453825607210091 0.457982203357277 0.422540057373079 0.324000261709823 0.303785517526809 0.376193676144534 0.431648766424388 0.484019226747666 0.459564791637186 0.444030734959998 0.4428369349906 0.443712037533884 0.457427865263507 0.479603630715752 0.478701445280923 0.418318223810135 0.376421957698752 0.332386170852115
-9999 -9999 -9999 -9999 -9999 -9999 0 0 0 0.149979297962962 0.1164504854914 0 0.0261154188713971 0.156587371063014 0.172546727044994 0.124457429901897 0.108831970072712 0.104816139984598 0.104656067858628 0.0178412439400338 0 0 0 0 0 0 0 0 0 0 0 0.0195552428141875 0.235622933323101 0.445076947534722 0.46585964522311 0.474978255643035 0.516388254540132 0.524865476304111 0.512292184105144 0.508838736007933 0.469686524193455 0.44214284196798 0.396905138986485 0.362464878481477 0.299503175600096 0.314549680403222 0.391178022355789 0.451170964880269 0.473371758584979 0.485245493011627 0.457978257221694 0.43664037465834 0.437671443512752 0.447402989682303 0.462251546235399 0.482353142367579 0.50243137663605 0.4642506728229 0.424116025211233 0.408365423084254
-9999 -9999 -9999 -9999 -9999 -9999 0 0.0995650830287115 0.192179215745745 0.261143073274952 0.176563194627546 0 0 0.0214642186652737 0.056076102892971 0.0394662820004782 0.0299546422540742 0.00973798532999626 0 0 0 0 0 0 0 0 0 0 0 0 0 0.0760012187655746 0.229466263309793 0.376473389807955 0.396529712093103 0.405506677934206 0.429519972171802 0.444174822838535 0.451741393727797 0.432983800959536 0.384973439727355 0.33712150039304 0.266879266160214 0.288982146330825 0.368391672712609 0.43478887546596 0.525113010519528 0.538382524440911 0.515084021219401 0.490399738929387 0.462385902756432 0.440273074329108 0.447452786155133 0.461945250949689 0.477625931309832 0.49201411928976 0.514431704628465 0.52795222797036 0.484334223871743 0.45817315775838
-9999 -9999 -9999 -9999 0 0.099800240956617 0.247790122562046 0.353465634560986 0.26287966331511 0.293475717454694 0.212010490961073 0 0 0 0 0 0 0 0 0 0 0 0 0 0 0 0 0 0 0 0 0.0995109800042071 0.216742067093737 0.314375031262345 0.331360004010203 0.32433690824279 0.320402489407747 0.308889398010689 0.319020698409686 0.296838332252124 0.243009266729542 0.292328808923262 0.359438085102962 0.426996498364635 0.485945946652125 0.56748796070028 0.566212436822461 0.539394316084651 0.504027050717056 0.499476777092668 0.475686446693772 0.465018538923795 0.466799937272589 0.481017384736039 0.495546018470148 0.509714127328948 0.524583092098999 0.541348795652918 0.520321573223107 0.478954755294699
-9999 -9999 -9999 -9999 0.0219343234621893 0.290520800247816 0.560443706604994 0.432847657141057 0.346663669359346 0.325558077038847 0.242736121555364 0.0377531708532434 0 0 0 0 0 0 0 0 0 0 0 0 0 0 0 0 0 0 0 0.129756386239853 0.195155127091091 0.224668906633268 0.241789198085554 0.229836045861088 0.211123009251602 0.188160910315477 0.183712170388401 0.249277108101916 0.325486842192411 0.348887978230427 0.325298877992773 0.32318704449937 0.320693221866513 0.341529785344067 0.372712544081685 0.353521834910414 0.350094500573742 0.430700439292958 0.486594960222186 0.48221623184196 0.484522590615196 0.496407498773429 0.509409552357208 0.522738042133326 0.536169168487513 0.547176848853051 0.533860869692362 0.483820452855745
-9999 -9999 -9999 0 0 0.292504093669578 0.654606378638168 0.544118412541222 0.412528123473516 0.328568093098317 0.311189265909929 0.118970009661414 0.0658031011728176 0.0154852659830335 0.00766569805007633 0 0 0 0 0 0 0 0 0 0 0 0 0 0 0 0 0.0851536130100231 0.140577408085881 0.129550858941126 0.136159197378706 0.133085922575297 0.14666249207481 0.129342080528716 0.122436501199702 0.145473314858356 0.156854920919347 0.130842259359183 0.109156568882949 0.102191076808679 0.102381163609538 0.125156806138696 0.124970915629054 0.131506914857298 0.173278349051568 0.335856738159683 0.48969517772651 0.492197175897652 0.494870173277381 0.504796649546155 0.517702736076794 0.534666672732758 0.550344873194149 0.550922342894219 0.528867829529385 0.484710750917194
-9999 -9999 -9999 0 0 0.329116772295797 0.70959383193185 0.59754826038194 0.394035942391786 0.264357167543132 0.24349058325952 0.262252285350815 0.161316649767563 0.114567612881939 0.122039845731325 0.112198283953039 0.0532748529295538 0.0188377293781256 0 0 0.0167588908908175 0.00692213601150971 0.0139701822886538 0 0 0.0318270188413377 0.0256071153695765 0.0187742060636288 0 0 0 0 0.0474695472967921 0.125984969702846 0.0893704755388921 0.0320766434652393 0 0 0 0.00457052056422791 0 0 0 0 0 0 0 0.0401441275782632 0.0697609663220921 0.249781477158045 0.482747755925856 0.491178035435641 0.497396070579517 0.508603651428332 0.522491269710967 0.538916086435201 0.551482212459061 0.547437701383592 0.524501601007448 0.487608826503692
-9999 -9999 0 0 0 0.377262654383883 0.72654794778265 0.582035703658787 0.284598315375791 0.141872837146563 0.173432899536187 0.228536766268166 0.19915225459404 0.172395181097556 0.187598732608463 0.190396419318709 0.200091509422539 0.181175946543953 0.176556175476773 0.18833898990793 0.180079204235652 0.182540001510864 0.171907040962191 0.179320317051231 0.189661748871126 0.172475709160661 0.176596301622026 0.156058734403238 0.140890232596662 0.124126628776893 0.0793231554203243 0.0483539602942062 0.0111621710218639 0 0 0 0 0 0 0 0 0 0 0 0 0 0 0.125389291771978 0.214955726625478 0.247599106196833 0.426791006284018 0.48097625599898 0.490277464305695 0.505692403796986 0.519277114489113 0.530821506346823 0.538143211619075 0.52251775178989 0.469573852075972 0.309692697176108
-9999 -9999 0 0 0.0102589633956679 0.406133517000327 0.679265493246453 0.532516758902648 0.225185152991421 0.14586446388917 0.174500322080668 0.224805325489765 0.219406604251521 0.211610651655974 0.233008334350664 0.239821851149024 0.252010435916153 0.276458290220814 0.29922676239288 0.298904771954476 0.249479117316957 0.210022580382565 0.239426847985565 0.302677277814124 0.316941961076218 0.308629212046484 0.298428602067169 0.290253372046 0.283870289744449 0.273320901190807 0.250460229037807 0.220150366140977 0.151874174697027 0.0836335578499264 0.033752747902232 0 0 0 0 0 0 0 0 0 0 0 0.0144165448089189 0.127910892132181 0.264281196470771 0.385592100821144 0.386411235716368 0.459212833925447 0.469650362541877 0.481925181184658 0.494535770708043 0.506759713050148 0.514725719519068 0.444949350668022 0.264229998306643 0.084195285225149
-9999 -9999 0 0 0.0197856345527646 0.413851004804453 0.638537038555803 0.500359864015852 0.248154677954009 0.1879670085134 0.201622371025884 0.228421250300971 0.228588748453404 0.242354676248773 0.272131392135327 0.2858797174976 0.298771299436513 0.335571661166513 0.312937789323725 0.280180949739193 0.248044297844952 0.233759828499399 0.281408434801856 0.357206976708004 0.357619808771716 0.358598944112699 0.347473106243759 0.350114296322258 0.341600494502001 0.337793968344923 0.332050899509233 0.295011351281674 0.224940672397649 0.161048813087299 0.114531286793774 0.0693351088638134 0.0457570834063433 0.0455081731828687 0.0192362528341403 0 0 0 0 0 0 0.0215612304576377 0.0799334919459066 0.167689505460769 0.274448934002112 0.387392628730335 0.436978051117494 0.43457447872515 0.450706656809956 0.453896637650581 0.465239146693993 0.483099202836678 0.464826584006379 0.297419117425889 0.0919145885670093 0
-9999 -9999 -9999 0 0.054772680691025 0.437049401321525 0.625568308453085 0.508554071660204 0.286855002306342 0.245581147227724 0.239541587409568 0.236585203763439 0.240198928270509 0.277302656933403 0.31390499129107 0.334407150201985 0.357432507882051 0.36748489435803 0.330038339250105 0.306131519908819 0.29535412480605 0.305321426971442 0.356188255463039 0.410530522355101 0.41300971504151 0.416933132355868 0.41480268787518 0.413351037220768 0.408266409398088 0.407464673578154 0.408503492168854 0.391137356862637 0.326312129602701 0.267467465195774 0.22568885549826 0.196781319019568 0.174941307835856 0.136979140011179 0.0990812422223223 0.0775732928903493 0.0662546859887642 0.0542873874544478 0.0641697224538396 0.0749923244462107 0.096782226788436 0.135798677375853 0.185971244237569 0.2538683613452 0.326000946434914 0.397559276939035 0.440127818957418 0.441679777708757 0.452421534587497 0.458853923498633 0.46957162774144 0.41348353996688 0.30335265785156 0.122927604157032 0 0
-9999 -9999 -9999 -9999 0.0928181816977408 0.490006639961251 0.636567766353153 0.511608093802415 0.316168829210066 0.296479957715804 0.278415185712694 0.259855895354784 0.271018038241985 0.314908605015577 0.35619923741324 0.378203378935702 0.409052468051045 0.41542580223583 0.375524458556352 0.358923363060883 0.363234902074065 0.383434393360392 0.440414137405882 0.472699565671113 0.477277848504258 0.482829828135394 0.479228655203098 0.479639942573696 0.477349633426729 0.478222112732619 0.476276675830223 0.472718013179437 0.442506363091747 0.392489387813924 0.353355835042597 0.301002625807319 0.257426089090792 0.225362784921046 0.197691992747467 0.116824129399361 0.0453783622348131 0 0 0 0 0 0.00320759638653034 0.105850656221207 0.207223202748901 0.32011697018941 0.444455342850317 0.461482237707977 0.472126092842021 0.448910309344568 0.402466130775538 0.297339233765547 0.169280098070442 0.0159299770648516 0 0
-9999 -9999 0 0.0133421095773197 0.268686598784856 0.60437222862495 0.587136971281504 0.485606824777003 0.330737042901404 0.312756707569552 0.310077012168656 0.315172366474004 0.317289059053836 0.338490364604296 0.377604071096376 0.411597394823548 0.441992671210627 0.470783100767752 0.459050813809883 0.445110025757574 0.456411385050676 0.484331813662824 0.483728546619527 0.483132550461321 0.481871269191485 0.480137563239205 0.478877208292275 0.47887646723395 0.479219021444868 0.478481297881929 0.47735077635361 0.474948143517357 0.472052243733257 0.467796806285284 0.453086409242716 0.357023221267386 0.245034317834022 0.14686093034925 0.0476739281470028 0 0 0 0 0 0 0 0 0 0.0833229193434604 0.172782270361342 0.263763768216284 0.335369302701515 0.388679300323161 0.375368503864912 0.312802531762465 0.20018980956334 0.0787000156087176 0 0 0
-9999 0 0.0336031475928644 0.205243721956382 0.463676985512549 0.569559291606731 0.553808826998761 0.454777538398894 0.336198197769535 0.327438786999982 0.345776396716085 0.381148761061146 0.363718501763555 0.378201453669582 0.400351365341123 0.442094985352999 0.47454177030985 0.484362151487746 0.486302983241977 0.485341645329348 0.48215583558844 0.48045380987957 0.478708802787828 0.478037959738756 0.47766946848645 0.477615185964114 0.478469811477885 0.477800265280883 0.47867897519023 0.478614688380501 0.478231190697105 0.478123551975341 0.474623808754697 0.471636959940975 0.369834926402271 0.256596933007197 0.136156156755883 0.0517461792867067 0 0 0 0 0 0 0 0 0 0 0 0.0604102884658838 0.126347714142308 0.171366332481781 0.193230490317369 0.196150601210414 0.167782097885257 0.116718101995634 0.0306810396083109 0 0 0
-9999 0.157809530660433 0.212911645580341 0.402529129934944 0.534548464735187 0.53192625227987 0.490206285537467 0.420298772571487 0.369897780894413 0.380596209684732 0.384879926801531 0.393172323017998 0.384234412575327 0.412107315307307 0.443036990561669 0.478500565398389 0.477921984110831 0.478268428877957 0.47929071883785 0.478769384305929 0.477632786099342 0.474920708479496 0.474330291431826 0.473781214852166 0.473604014573378 0.474296091590109 0.474868657072047 0.475488576180979 0.476359168855025 0.476802075596387 0.477201386935119 0.477000134020398 0.47494250618081 0.436660150031132 0.333384012188245 0.226829376303415 0.117124964002058 0.0289559156524721 0 0 0 0 0 0 0 0 0 0 0 0 0.0133234095386489 0.0338498791710569 0.0372273240195593 0.0176414844876776 0 0 0 0 0 0
-9999 -9999 0.434268360618985 0.524691927315302 0.541051463612206 0.475571787684001 0.455238777153621 0.409032665313812 0.373793419369041 0.397635089883948 0.392684405575609 0.401408336440953 0.387981805558722 0.447031367684447 0.469089447555469 0.473813347670483 0.472353841238512 0.478771792745487 0.476408777416637 0.47589972592646 0.476831201835212 0.471981589115204 0.473197750519571 0.47128143191609 0.47059029445545 0.471771692284444 0.471471410157717 0.472766682184957 0.473299410488631 0.473865023255495 0.474973323620599 0.475257445382559 0.473279491899499 0.438792135993394 0.341712609993986 0.241807744171302 0.131308126341995 0.0598687135595203 0 0 0 0 0 0 0 0 0 0 0 0 0 0 0 0 0 0 0 0 0 0
-9999 -9999 0.556344952554715 0.527178821066191 0.517727964721572 0.481878959492825 0.447921940783913 0.42878424547598 0.382408435179601 0.354898307592216 0.357799683634919 0.348838119922775 0.39176055287607 0.465110991740482 0.442929575221186 0.462529654838375 0.489441735779222 0.48764059351933 0.480981072878095 0.478990404951481 0.480745231066035 0.481740842926214 0.476661705916371 0.471090514118371 0.46856893348098 0.46924203146467 0.470779333140986 0.469653181210151 0.469175886715854 0.469335611251347 0.470269530005936 0.471320141627044 0.469946698533022 0.468081491780898 0.389209982003114 0.298851576698839 0.207150944347046 0.133858593752185 0.06498725909593 0.0115009727602116 0 0 0 0 0 0 0 0 0 0 0 0 0 0 0 0 0 0 0 0
-9999 -9999 0.438609494810075 0.517352812866207 0.507300448378126 0.491780328109502 0.474921047735472 0.449522937081627 0.418778362412793 0.380577782137585 0.351784602200288 0.338987908377284 0.368695039645504 0.452351978125825 0.414672801602706 0.45354054589204 0.503120190349512 0.498345922088102 0.482600470583682 0.478857755511234 0.483254084026687 0.488561543753224 0.480021587611279 0.469971126991391 0.465719071945346 0.466435577420446 0.468145193683877 0.464960286446144 0.462475536407526 0.462234070492104 0.463749574467106 0.466193359860151 0.465929344598542 0.465080925448246 0.464084995991642 0.386351236285514 0.29887336315166 0.239356768228993 0.172619053518961 0.122874772008942 0.0899823117556019 0.0523413125562541 0.0366953714631915 0.0153856788518854 0 0 0 0 0 0 0 0 0 0 0 0 0 0 0 0
-9999 -9999 -9999 -9999 0.441747612337364 0.498931041516862 0.543429167270295 0.506456906779588 0.43187182225628 0.418031909234303 0.393443235464871 0.369563059627566 0.361152397063733 0.402880064870615 0.375153021265944 0.434680272741012 0.506822517743226 0.501006506740881 0.473116572873296 0.466868524867242 0.477593880537259 0.486036943303157 0.478375511805977 0.466430127995118 0.460698647927969 0.461062444046457 0.461609641513935 0.456558963790424 0.451332776989089 0.45043268225378 0.45393384407179 0.458446719888735 0.459766984107999 0.46111299216416 0.462234822136977 0.462533225151522 0.412525299150323 0.350161396397787 0.293632087264361 0.244441181655983 0.203030581457364 0.166591468238615 0.136684115129234 0.109280388556479 0.0822388617618656 0.0524055825920746 0.0191314963068282 0 0 0 0 0 0 0 0 0 0 0 0 0
-9999 -9999 -9999 -9999 0.415755530926886 0.514893697955048 0.592088618222903 0.538418799712239 0.446622386152975 0.452177604022965 0.432998377974444 0.398086702308075 0.382088290927662 0.408781830642189 0.355236729414669 0.431610179257615 0.513416825251825 0.50006276896348 0.462502407711732 0.454639638607451 0.470564926440989 0.483059185687106 0.475555848397104 0.461646472112707 0.455406692200255 0.456109104333988 0.455139858270372 0.448010318739614 0.439685475949712 0.438203608082772 0.443376803920567 0.449264438210062 0.452163908307308 0.45497581177686 0.45763419178112 0.459865637497568 0.462804193128205 0.464478669993828 0.415415090563193 0.365543721411721 0.321997867282916 0.276679322109614 0.240878370404733 0.200308908838759 0.160432256472478 0.11822390899308 0.0722957062483498 0.024086643447084 0 0 0 0 0 0 0 0 0 0 0 0
-9999 -9999 -9999 -9999 -9999 0.52935519689574 0.530132020997234 0.549602120526758 0.455239052191638 0.412727756402568 0.474793980171558 0.435052086848353 0.428359586777531 0.458546384347625 0.372187139109558 0.435144037627596 0.512727085215456 0.498855399686817 0.456876909571664 0.44721357517433 0.464909362506005 0.479076552981809 0.472581777546222 0.458402560752451 0.451388398709684 0.451430490822567 0.449886988076049 0.440007179955317 0.429401470798573 0.426704944817012 0.431834921074615 0.438524560443504 0.442181124838987 0.445125505717389 0.449767288630038 0.454240515179937 0.459217531705903 0.462810957932062 0.465947384075492 0.469801443161332 0.425173242781508 0.377548238469606 0.328322656090489 0.281022451479386 0.230083183032161 0.171610522307144 0.113974461370436 0.0565998378675734 0 0 0 0 0 0 0 0 0 0 0 0
-9999 -9999 -9999 -9999 -9999 -9999 0.255124895011624 0.388624652637336 0.419978850671788 0.341012360995786 0.455494004750808 0.488866575356027 0.493316690473189 0.521525139586068 0.425688908860058 0.462394734583688 0.516899428852057 0.497226182958418 0.457833753494877 0.448452473836102 0.464381144071568 0.476499162712604 0.469802006894987 0.45626150033197 0.448816457865808 0.447645583065035 0.444178433177524 0.433166647878191 0.421263035937152 0.417319155289 0.421921664757039 0.427503003760823 0.431255027055166 0.434791516182202 0.440106584989759 0.44657655614454 0.45326600760221 0.459050666544117 0.464170683507154 0.469879614228114 0.474812847440233 0.470578207550998 0.415583209357458 0.356352198520513 0.295211241986302 0.226733515911005 0.158482913606361 0.094952346305285 0.0267153605336542 0 0 0 0 0 0 0 0 0 0 0
-9999 -9999 -9999 -9999 -9999 -9999 -9999 0.151582054675459 0.440122041349117 0.316798012902916 0.40305613803181 0.558327976658222 0.561312139144082 0.589154100099135 0.50618261387924 0.508106401291986 0.515325050439738 0.492451544167846 0.469601693536356 0.457587589799 0.466627810596693 0.472780963437543 0.466350453638589 0.455830807819794 0.447825038278441 0.443422466346596 0.437508712397768 0.427011052191504 0.416365881678933 0.412295812031149 0.414541041432449 0.417486772095658 0.423205098377531 0.425850512507733 0.432872942644102 0.441483974219364 0.447761712197899 0.457692820081207 0.46377776114984 0.471898532356748 0.480235753467321 0.485368879222806 0.488573272919434 0.424977346259897 0.358232187845152 0.280738138270078 0.20423283054551 0.133931759922907 0.0579912659877112 0 0 0 0 0 0 0 0 0 0 0
-9999 -9999 -9999 -9999 -9999 -9999 -9999 0.104507339851048 0.328170150920745 0.350469816157139 0.382823051686336 0.553037855328932 0.597341569312067 0.632590716625454 0.632325683774649 0.566914381556418 0.53334740364896 0.497898878653303 0.476290581260372 0.462179764150036 0.46690685875576 0.468357157538038 0.461086120859954 0.45237248975954 0.444603488353154 0.439243696675659 0.432596149419654 0.422424139354578 0.413784839050839 0.411055245988144 0.414550095577204 0.419138887526312 0.42328251779944 0.42717585032989 0.43566624290305 0.446763715717894 0.457003749643968 0.466073848325359 0.472869281710109 0.481769558936324 0.491172477498201 0.49832498719041 0.501666233915071 0.49351389575781 0.424533991944999 0.347963869523289 0.268172256944518 0.193924570393477 0.115112440422761 0.0442236802353251 0 0 0 0 0 0 0 0 0 0
-9999 -9999 -9999 -9999 -9999 -9999 -9999 0.224431777170516 0.302263516764307 0.407025061158088 0.399233123996531 0.467638307296641 0.434226966358626 0.41710953193131 0.51600241702048 0.648055829290652 0.556250366989286 0.522639666640629 0.498139722609059 0.469075917947757 0.472022553760778 0.462102156816908 0.458984897617737 0.450377812178058 0.440240941510791 0.434262734014111 0.427644876730585 0.415835596221096 0.410508477275841 0.409637318221503 0.415289714132146 0.427243310457233 0.425944280205629 0.431707893091094 0.441304894828394 0.453748751521836 0.474206082116578 0.473905424167414 0.482571198779828 0.492411341753693 0.498814085685176 0.514336108104487 0.513782908064574 0.511331672388722 0.490587248928919 0.415866977905445 0.346037220878861 0.267101271234615 0.189879552319798 0.12271355225807 0.0622060368396159 0.0100423697438772 0 0 0 0 0 0 0 0
-9999 -9999 -9999 -9999 -9999 -9999 -9999 -9999 0.437064651838499 0.416689598053194 0.423819759400032 0.370868512034832 0.232851151863009 0.112414006687165 0.17728425928293 0.447749636070554 0.645121586204902 0.608926274875588 0.52419644491772 0.469842407806905 0.475623120613229 0.479505440487636 0.469001317194121 0.449815957635559 0.43379859330509 0.423896423749389 0.416322850009959 0.404506966141463 0.398592397028477 0.398476281128797 0.405477625509171 0.416666351716878 0.418682639088456 0.423795327513982 0.432874070111412 0.444346801629056 0.458989219575756 0.460219662232708 0.465382898775937 0.476660578449062 0.490591117241922 0.507586363612135 0.514272191823921 0.517797221013283 0.521925842208685 0.48244528840234 0.415839563285646 0.346415942050391 0.276147551107019 0.213914911732726 0.157870169620784 0.105619356713763 0.0608955817024611 0.0184933347929602 0 0 0 0 0 0
