meets/meet006/_saidas_enm/CCSM_Maxent_0k_T_nigriceps3.asc
NCOLS 154 
NROWS 168 
XLLCORNER -112 
YLLCORNER -55.5 
CELLSIZE 0.5 
NODATA_value -9999 
[rows 75 to 99 of 168, columns 55 to 109 of 154]
-9999 -9999 -9999 -9999 -9999 -9999 -9999 -9999 -9999 -9999 -9999 -9999 0.305082142353058 0.384942024946213 0.380246043205261 0.358037978410721 0.391775608062744 0.391974955797195 0.339547514915466 0.0704560056328773 0.0190656501799822 0.0150574715808034 0.0132678467780352 0.012212822213769 0.024030452594161 0.0250574368983507 0.0251032467931509 0.0246677082031965 0.0200261902064085 0.0218814369291067 0.0193733591586351 0.019203694537282 0.0198451746255159 0.0253521073609591 0.0273955706506968 0.02693803422153 0.0209047887474298 0.0210276953876019 0.021336892619729 0.0220672972500324 0.0223938822746277 0.0228835381567478 0.0232811160385609 0.0238136872649193 0.0194287318736315 0.0197925623506308 0.018325187265873 0.0182661525905132 0.0182019434869289 0.0180291887372732 0.0174600668251514 0.0171448420733213 0.016685152426362 0.0164221841841936 0.0162908472120762
-9999 -9999 -9999 -9999 -9999 -9999 -9999 -9999 -9999 -9999 -9999 -9999 0.276057541370392 0.355906814336777 0.397678941488266 0.366464138031006 0.381777733564377 0.40113577246666 0.488718241453171 0.319625169038773 0.190151244401932 0.0185531266033649 0.0145826702937484 0.0131213245913386 0.0247162953019142 0.025182668119669 0.0244383588433266 0.0241917781531811 0.0251907911151648 0.0197856742888689 0.0186526905745268 0.0169886108487844 0.0169189982116222 0.022083031013608 0.0227126590907574 0.0173324383795261 0.0174371022731066 0.017409922555089 0.017478559166193 0.0200835391879082 0.0208759848028421 0.0216281823813915 0.0216837488114834 0.0218966621905565 0.0224598292261362 0.0228878725320101 0.018761895596981 0.0170119665563107 0.0167530551552773 0.016576761379838 0.0161870457231998 0.0158358048647642 0.0156445726752281 0.0152355562895536 0.0149144511669874
-9999 -9999 -9999 -9999 -9999 -9999 -9999 -9999 -9999 -9999 -9999 -9999 -9999 0.327241808176041 0.371799677610397 0.402364283800125 0.59031218290329 0.59075140953064 0.415406733751297 0.50586611032486 0.348601967096329 0.197536677122116 0.0730835720896721 0.0148644614964724 0.0124959908425808 0.0251459013670683 0.0270107463002205 0.0273106060922146 0.0246321391314268 0.0219732951372862 0.0159649252891541 0.0154828010126948 0.017607631161809 0.0168338250368834 0.0181918703019619 0.0191924385726452 0.0156220616772771 0.0154304020106792 0.0154704861342907 0.0158983245491982 0.016394192352891 0.0190480016171932 0.0190909299999475 0.0191810876131058 0.019625635817647 0.020105704665184 0.0209152735769749 0.0151792485266924 0.0152472667396069 0.015237613581121 0.0149017898365855 0.014641753397882 0.0143103273585439 0.0140215577557683 0.013939643278718
-9999 -9999 -9999 -9999 -9999 -9999 -9999 -9999 -9999 -9999 -9999 -9999 -9999 0.270757526159286 0.34308072924614 0.588739693164825 0.529682099819183 0.506370425224304 0.549854695796967 0.607649505138397 0.412966847419739 0.385081201791763 0.320666640996933 0.0705746933817863 0.0138103254139423 0.0309881307184696 0.0299594849348068 0.0280816461890936 0.0239926446229219 0.0192248374223709 0.023042444139719 0.0182011686265469 0.0141776027157903 0.0132305612787604 0.0143238324671984 0.0144133502617478 0.0159189756959677 0.0179492644965649 0.0176459364593029 0.018002949655056 0.0142740523442626 0.0145613541826606 0.0167406424880028 0.0166685786098242 0.0171260479837656 0.0179890170693398 0.0187183618545532 0.0155939972028136 0.0128540731966496 0.0129171209409833 0.0127833085134625 0.0138928359374404 0.0123014282435179 0.012525144033134 0.0159521922469139
-9999 -9999 -9999 -9999 -9999 -9999 -9999 -9999 -9999 -9999 -9999 -9999 -9999 -9999 0.283125221729279 0.504068195819855 0.51042777299881 0.499292284250259 0.531996786594391 0.357146501541138 0.383295863866806 0.416383326053619 0.410786718130112 0.300188571214676 0.0132234236225486 0.0338343381881714 0.0314243398606777 0.0302067659795284 0.0124442130327225 0.0110923433676362 0.0175782758742571 0.0158851519227028 0.0150663116946816 0.0141500253230333 0.0137707740068436 0.0113213350996375 0.0119922356680036 0.0133272046223283 0.0143539691343904 0.0152885001152754 0.0155064761638641 0.0166270397603512 0.0169591680169106 0.0190869718790054 0.0154382064938545 0.0163717437535524 0.0174938589334488 0.0164986494928598 0.0133990831673145 0.0122907981276512 0.0121613210067153 0.0121638821437955 0.0144906938076019 0.017927672713995 0.0212486702948809
-9999 -9999 -9999 -9999 -9999 -9999 -9999 -9999 -9999 -9999 -9999 -9999 -9999 -9999 0.380848348140717 0.470134854316711 0.469517171382904 0.477323174476624 0.241572260856628 0.237321153283119 0.321063995361328 0.352214217185974 0.438982516527176 0.514083623886108 0.30489045381546 0.128728955984116 0.0181958954781294 0.0221141129732132 0.0128446193411946 0.0145221846178174 0.0104234674945474 0.00772890262305737 0.00693909078836441 0.0124217774719 0.0123367486521602 0.0114978309720755 0.0094783827662468 0.0106500294059515 0.0109104886651039 0.0132211204618216 0.0141060817986727 0.0144764101132751 0.0155533673241735 0.0157392919063568 0.0187065675854683 0.0156320538371801 0.016955079510808 0.0159623567014933 0.0129966745153069 0.0114815821871161 0.0118192313238978 0.0145404916256666 0.0172568801790476 0.0211116950958967 0.0247926898300648
-9999 -9999 -9999 -9999 -9999 -9999 -9999 -9999 -9999 -9999 -9999 -9999 -9999 -9999 -9999 0.461168974637985 0.478167861700058 0.559148490428925 0.241418182849884 0.0749328806996346 0.241527125239372 0.429488360881805 0.419167965650558 0.589165925979614 0.682614147663116 0.567627131938934 0.336621969938278 0.131933033466339 0.0114670703187585 0.0158582516014576 0.0148280495777726 0.0131120262667537 0.00975252967327833 0.00629961909726262 0.00537557387724519 0.010508069768548 0.0106709273532033 0.0105991587042809 0.0105259781703353 0.0114343324676156 0.0135196400806308 0.0134444758296013 0.0145158898085356 0.0150502007454634 0.0126559222117066 0.0135275200009346 0.0144481249153614 0.0151712168008089 0.0151807181537151 0.0137734776362777 0.0169607847929001 0.018379732966423 0.0220703892409801 0.0259283557534218 0.0290396250784397
-9999 -9999 -9999 -9999 -9999 -9999 -9999 -9999 -9999 -9999 -9999 -9999 -9999 -9999 -9999 0.377313703298569 0.45261088013649 0.360356837511063 0.274045556783676 0.0750835537910461 0.0779412910342216 0.426517814397812 0.48975133895874 0.561578273773193 0.600216388702393 0.603111445903778 0.588670551776886 0.530942022800446 0.237983509898186 0.0153870135545731 0.0134091358631849 0.0155603224411607 0.0162450540810823 0.0132618667557836 0.00610795896500349 0.00518594263121486 0.0104013215750456 0.0105818444862962 0.0103388912975788 0.0108160506933928 0.0130028054118156 0.0132519956678152 0.0138346254825592 0.0145469475537539 0.0122212888672948 0.0130001986399293 0.0139006404206157 0.0148740001022816 0.017187237739563 0.0204087495803833 0.0202410221099854 0.0236739814281464 0.0247681085020304 0.029617989435792 0.0326825343072414
-9999 -9999 -9999 -9999 -9999 -9999 -9999 -9999 -9999 -9999 -9999 -9999 -9999 -9999 -9999 -9999 0.310513973236084 0.340620487928391 0.343646943569183 0.260039985179901 0.0753295570611954 0.0763245299458504 0.0862703397870064 0.156471401453018 0.456772327423096 0.524531662464142 0.543402969837189 0.655533313751221 0.65862625837326 0.449302464723587 0.327556759119034 0.0656202137470245 0.0137651264667511 0.0170928817242384 0.0101966513320804 0.00564014492556453 0.0102001298218966 0.00987511500716209 0.00964260380715132 0.0119391018524766 0.0110021913424134 0.0129413679242134 0.0141964824870229 0.0139131229370832 0.0112349567934871 0.0121251624077559 0.013543906621635 0.0154507160186768 0.0192449949681759 0.0228549297899008 0.0278329066932201 0.0329839736223221 0.0308215580880642 0.0321858488023281 0.0353080742061138
-9999 -9999 -9999 -9999 -9999 -9999 -9999 -9999 -9999 -9999 -9999 -9999 -9999 -9999 -9999 -9999 0.0777639299631119 0.339859187602997 0.39093017578125 0.409924358129501 0.0750858932733536 0.065913125872612 0.068457767367363 0.0831187441945076 0.0917154252529144 0.114747755229473 0.122065924108028 0.409374684095383 0.516550302505493 0.647095501422882 0.437369406223297 0.567848145961761 0.162120461463928 0.0159198250621557 0.0149086192250252 0.0102389547973871 0.0110757295042276 0.0101114707067609 0.0280523113906384 0.0114105110988021 0.0112214330583811 0.0112646371126175 0.0129619603976607 0.0133770061656833 0.0108921602368355 0.011785913258791 0.0127984974533319 0.0162749215960503 0.0215756371617317 0.0261296946555376 0.0325488820672035 0.0371707752346992 0.0426032766699791 0.0389664135873318 0.0382340401411057
-9999 -9999 -9999 -9999 -9999 -9999 -9999 -9999 -9999 -9999 -9999 -9999 -9999 -9999 -9999 -9999 0.010559031739831 0.141899615526199 0.362066835165024 0.288018047809601 0.259623020887375 0.0715962946414948 0.064500667154789 0.117497876286507 0.0746533125638962 0.0828570947051048 0.0914428904652596 0.135768860578537 0.154760926961899 0.270627856254578 0.369067192077637 0.402461230754852 0.453248172998428 0.0654646456241608 0.0139420069754124 0.0155004672706127 0.0115609969943762 0.00691356277093291 0.0123404040932655 0.0131824389100075 0.0114325303584337 0.0105440746992826 0.0123631646856666 0.0131985675543547 0.0107358610257506 0.0115536842495203 0.0127392923459411 0.0164484456181526 0.0221780054271221 0.0265630465000868 0.0321407169103622 0.0423308834433556 0.0466872155666351 0.0515331439673901 0.0439096502959728
-9999 -9999 -9999 -9999 -9999 -9999 -9999 -9999 -9999 -9999 -9999 -9999 -9999 -9999 -9999 -9999 -9999 0.0256126020103693 0.120495595037937 0.348171770572662 0.272664070129395 0.202378690242767 0.0636126101016998 0.0489511825144291 0.094600535929203 0.0823528245091438 0.0770318284630775 0.0493323318660259 0.0500686466693878 0.060065932571888 0.240248054265976 0.351115167140961 0.387156397104263 0.32243949174881 0.0567631609737873 0.0158144868910313 0.0167006645351648 0.0131547907367349 0.0196931511163712 0.0167959611862898 0.0127754919230938 0.0110779935494065 0.0133019089698792 0.0129987029358745 0.010761933401227 0.0112498598173261 0.011989870108664 0.0156751908361912 0.02056934684515 0.0272721126675606 0.0328613854944706 0.0385340414941311 0.0410945639014244 0.0448157303035259 0.0475059449672699
-9999 -9999 -9999 -9999 -9999 -9999 -9999 -9999 -9999 -9999 -9999 -9999 -9999 -9999 -9999 -9999 -9999 -9999 0.0147768091410398 0.0104325171560049 0.256727784872055 0.335851907730103 0.271782636642456 0.0730143263936043 0.0583693720400333 0.0539399236440659 0.0500365793704987 0.0427991040050983 0.0423078052699566 0.0479777529835701 0.0616279505193233 0.29897665977478 0.365371853113174 0.394935876131058 0.431377559900284 0.164010345935822 0.0168315377086401 0.0147753488272429 0.0180554296821356 0.0221984591335058 0.020279698073864 0.0183379407972097 0.0151149081066251 0.0137698845937848 0.0108816819265485 0.0107584670186043 0.0113794226199389 0.0139657566323876 0.0246464218944311 0.0285815484821796 0.0343658328056335 0.0386936701834202 0.0436265096068382 0.0472227409482002 0.050602275878191
-9999 -9999 -9999 -9999 -9999 -9999 -9999 -9999 -9999 -9999 -9999 -9999 -9999 -9999 -9999 -9999 -9999 -9999 -9999 -9999 0.00735545111820102 0.119655855000019 0.293458253145218 0.324501633644104 0.256386011838913 0.0682419911026955 0.0605097822844982 0.0540898256003857 0.0392826795578003 0.0423376820981503 0.0509498454630375 0.0658064261078835 0.317207545042038 0.574290931224823 0.600920140743256 0.64349889755249 0.343160271644592 0.0277001541107893 0.0230513662099838 0.0287937745451927 0.0231988076120615 0.0163316149264574 0.015279253013432 0.012084168381989 0.0108947064727545 0.0140615040436387 0.013712109066546 0.0163642782717943 0.020149739459157 0.0235597286373377 0.0281125623732805 0.0309890899807215 0.0356599017977715 0.0398702025413513 0.0440229065716267
-9999 -9999 -9999 -9999 -9999 -9999 -9999 -9999 -9999 -9999 -9999 -9999 -9999 -9999 -9999 -9999 -9999 -9999 -9999 -9999 -9999 -9999 0.101612165570259 0.287823617458344 0.391717672348022 0.323192983865738 0.069509394466877 0.0608330145478249 0.0529961101710796 0.0512371584773064 0.0453316681087017 0.0525256209075451 0.0690849050879478 0.519934058189392 0.586206078529358 0.604372143745422 0.718399822711945 0.52805894613266 0.104853577911854 0.0323611050844193 0.0281505864113569 0.0199278704822063 0.0226872097700834 0.0201055556535721 0.0156081337481737 0.0138489780947566 0.0148877976462245 0.0148915965110064 0.0178600382059813 0.020750155672431 0.0251148361712694 0.0284895710647106 0.0318819172680378 0.036671556532383 0.0406633503735065
-9999 -9999 -9999 -9999 -9999 -9999 -9999 -9999 -9999 -9999 -9999 -9999 -9999 -9999 -9999 -9999 -9999 -9999 -9999 -9999 -9999 -9999 -9999 -9999 0.260227888822556 0.391624540090561 0.319315224885941 0.244704484939575 0.0614829026162624 0.0497218742966652 0.054784532636404 0.0452569127082825 0.0547989159822464 0.139431312680244 0.434705466032028 0.511228561401367 0.608078002929688 0.642670691013336 0.562056124210358 0.282385349273682 0.154529914259911 0.0316003002226353 0.0229431204497814 0.0229814946651459 0.0169211719185114 0.0151717280969024 0.0148857664316893 0.0148104913532734 0.0151081280782819 0.0176331847906113 0.0204779673367739 0.0238870270550251 0.0277689732611179 0.0326055251061916 0.0367656722664833
-9999 -9999 -9999 -9999 -9999 -9999 -9999 -9999 -9999 -9999 -9999 -9999 -9999 -9999 -9999 -9999 -9999 -9999 -9999 -9999 -9999 -9999 -9999 -9999 -9999 -9999 0.370282679796219 0.343412458896637 0.254465878009796 0.0545428805053234 0.0515572018921375 0.0546902343630791 0.0454481989145279 0.0700098648667336 0.118562288582325 0.348503679037094 0.45381361246109 0.523624181747437 0.597328007221222 0.573049962520599 0.504004716873169 0.162307530641556 0.0295749586075544 0.0243478640913963 0.0191127825528383 0.0148465977981687 0.0149426432326436 0.0149487117305398 0.0147591447457671 0.0144713195040822 0.0171084571629763 0.0193325243890285 0.023160120472312 0.0277980733662844 0.0309957303106785
-9999 -9999 -9999 -9999 -9999 -9999 -9999 -9999 -9999 -9999 -9999 -9999 -9999 -9999 -9999 -9999 -9999 -9999 -9999 -9999 -9999 -9999 -9999 -9999 -9999 -9999 0.0103934435173869 0.266048014163971 0.370018094778061 0.259594470262527 0.0606103502213955 0.0473782382905483 0.0449944213032722 0.0531145967543125 0.115559034049511 0.116691388189793 0.119818098843098 0.559741079807281 0.559745609760284 0.629446744918823 0.59147310256958 0.594948589801788 0.136340439319611 0.0213442482054234 0.0150667866691947 0.0143444370478392 0.0151879275217652 0.0153334643691778 0.0151538699865341 0.0146896513178945 0.0138989808037877 0.0149966841563582 0.0180795192718506 0.022051103413105 0.0248779114335775
-9999 -9999 -9999 -9999 -9999 -9999 -9999 -9999 -9999 -9999 -9999 -9999 -9999 -9999 -9999 -9999 -9999 -9999 -9999 -9999 -9999 -9999 -9999 -9999 -9999 -9999 -9999 -9999 0.138834848999977 0.25733146071434 0.273581773042679 0.0507350973784924 0.0476462282240391 0.0417560115456581 0.0444387830793858 0.0605527423322201 0.0709922090172768 0.338883221149445 0.539196670055389 0.586840987205505 0.596165060997009 0.910500705242157 0.172886282205582 0.0183452423661947 0.0126950731500983 0.0133412256836891 0.0155487870797515 0.0154211865738034 0.0156074687838554 0.0152179133147001 0.0140233272686601 0.0135629838332534 0.013944348320365 0.0171241220086813 0.0195849984884262
-9999 -9999 -9999 -9999 -9999 -9999 -9999 -9999 -9999 -9999 -9999 -9999 -9999 -9999 -9999 -9999 -9999 -9999 -9999 -9999 -9999 -9999 -9999 -9999 -9999 -9999 -9999 -9999 0.00696792965754867 0.102923080325127 0.219351083040237 0.172413200139999 0.0497579872608185 0.109963729977608 0.0943673402070999 0.0466881319880486 0.0578675679862499 0.0786968171596527 0.272586345672607 0.375806748867035 0.416650652885437 0.550165414810181 0.580017507076263 0.0241496860980988 0.0156237622722983 0.0122718792408705 0.0140721956267953 0.0149866817519069 0.0149605507031083 0.014749551191926 0.0141257354989648 0.0135955410078168 0.0130449440330267 0.0128838373348117 0.0140771716833115
-9999 -9999 -9999 -9999 -9999 -9999 -9999 -9999 -9999 -9999 -9999 -9999 -9999 -9999 -9999 -9999 -9999 -9999 -9999 -9999 -9999 -9999 -9999 -9999 -9999 -9999 -9999 -9999 -9999 0.00807027518749237 0.127603650093079 0.199054583907127 0.091180220246315 0.0714211240410805 0.0842344537377357 0.102078214287758 0.125522091984749 0.0757188573479652 0.261784285306931 0.361997663974762 0.399442166090012 0.588223457336426 0.578385472297668 0.0511449389159679 0.0212305653840303 0.0131497215479612 0.0113620543852448 0.0135162277147174 0.0139113236218691 0.0138069977983832 0.0137918964028358 0.0145026100799441 0.0132847251370549 0.0127189829945564 0.0129211163148284
-9999 -9999 -9999 -9999 -9999 -9999 -9999 -9999 -9999 -9999 -9999 -9999 -9999 -9999 -9999 -9999 -9999 -9999 -9999 -9999 -9999 -9999 -9999 -9999 -9999 -9999 -9999 -9999 -9999 0.00938384048640728 0.159898445010185 0.226309686899185 0.223303154110909 0.0734504163265228 0.0719538033008575 0.0651604905724525 0.105085715651512 0.0735217332839966 0.285597324371338 0.38968899846077 0.395978301763535 0.576592922210693 0.581964492797852 0.105779685080051 0.0114096645265818 0.0149135366082191 0.0117643540725112 0.0128656700253487 0.0132667645812035 0.0132992835715413 0.0139121236279607 0.0153192980214953 0.0140903331339359 0.0134633909910917 0.0138330804184079
-9999 -9999 -9999 -9999 -9999 -9999 -9999 -9999 -9999 -9999 -9999 -9999 -9999 -9999 -9999 -9999 -9999 -9999 -9999 -9999 -9999 -9999 -9999 -9999 -9999 -9999 -9999 -9999 -9999 0.00948112178593874 0.133841946721077 0.300932914018631 0.233422338962555 0.0661887899041176 0.0643071457743645 0.0597208961844444 0.0782547742128372 0.0629017055034637 0.271634697914124 0.371098846197128 0.38056817650795 0.527634739875793 0.533571362495422 0.107221119105816 0.0153756234794855 0.0139583675190806 0.0129135884344578 0.01267652772367 0.0130764255300164 0.0130957197397947 0.0144363772124052 0.0203780438750982 0.0152844833210111 0.0145050594583154 0.0151749374344945
-9999 -9999 -9999 -9999 -9999 -9999 -9999 -9999 -9999 -9999 -9999 -9999 -9999 -9999 -9999 -9999 -9999 -9999 -9999 -9999 -9999 -9999 -9999 -9999 -9999 -9999 -9999 -9999 -9999 0.00978428777307272 0.211130544543266 0.341143816709518 0.278585374355316 0.0643444731831551 0.0483877211809158 0.05350162088871 0.0859452784061432 0.0606209374964237 0.261711180210114 0.382758885622025 0.390377640724182 0.525093376636505 0.490566700696945 0.101923540234566 0.0148013988509774 0.0110847167670727 0.0106572145596147 0.0117473416030407 0.0154259726405144 0.0144829927012324 0.0152952400967479 0.016216054558754 0.0166078321635723 0.0167169570922852 0.0179067030549049
-9999 -9999 -9999 -9999 -9999 -9999 -9999 -9999 -9999 -9999 -9999 -9999 -9999 -9999 -9999 -9999 -9999 -9999 -9999 -9999 -9999 -9999 -9999 -9999 -9999 -9999 -9999 -9999 -9999 0.0104600125923753 0.279454112052917 0.56875479221344 0.104707039892673 0.0654980316758156 0.0429651141166687 0.0471577607095242 0.0791779980063438 0.0594172962009907 0.271821439266205 0.398285657167435 0.579586446285248 0.489401876926422 0.469110488891602 0.0701540559530258 0.00906834937632084 0.0082372734323144 0.00970906112343073 0.0109538715332747 0.0169381182640791 0.0206740200519562 0.0166035797446966 0.01718645170331 0.0186286922544241 0.0195853523910046 0.0214054249227047
