meets/meet006/_saidas_enm/CCSM_SVM_0k_T_nigriceps2.asc
NCOLS 154 
NROWS 168 
XLLCORNER -112 
YLLCORNER -55.5 
CELLSIZE 0.5 
NODATA_value -9999 
[rows 48 to 71 of 168, columns 55 to 109 of 154]
-9999 -9999 -9999 -9999 -9999 -9999 -9999 -9999 -9999 -9999 -9999 -9999 -9999 -9999 0.0568006264411816 0.0817416816766938 0.0631738413676915 0.0225243399489451 -0.0587661203281037 0.176008024206761 0.29722352116546 0.285392273966184 0.231944835454403 0.12367612368434 0.0465635846076978 0.0121538451140746 -0.0149409658837482 -0.0121497583128398 -0.00777640640588056 -0.0102052706683596 -0.0164758684484876 -0.00956594742864286 0.0124799574973534 0.0353236471190996 0.0051167954686242 -0.0428777599458723 0.160169165100006 0.444751276257047 0.774209734940429 0.867109156819509 0.864883810189847 0.85092119766169 0.794547562404961 0.744906763944787 0.616821265399762 0.441550395473186 0.353148569564546 0.206760207475437 0.0573703447956831 -0.0128328558241332 -0.00763756283000466 -0.0227173301647263 -0.0233947132079544 -0.0394348789437292 -0.0558255896516527
-9999 -9999 -9999 -9999 -9999 -9999 -9999 -9999 -9999 -9999 -9999 -9999 -9999 -9999 0.0499351245531166 0.0730355688256369 0.0578369730646872 0.00346208431031808 -0.0649255419141376 0.0894587935513793 0.161053449871788 0.098076581934778 0.0779852592742327 0.0473293834559114 0.00861176140851228 0.00933538943373918 0.0195782928660299 0.0264369362978772 0.0258476289684073 0.0218194306438087 0.0295265882109151 0.0404890367765378 0.0429235922419715 0.0411357299813222 0.016080510112988 -0.0422379119441076 0.0751093661034415 0.31715749065311 0.587205084420478 0.678307035047088 0.680207346938681 0.644755418602195 0.587277942416052 0.506927360673238 0.392379801485616 0.274333686353876 0.199713548684514 0.173217994328217 0.139326792310545 0.0847781772073325 0.0371796118155712 -0.00182678557783827 -0.0223808926841022 -0.0383087729133095 -0.0505419295220508
-9999 -9999 -9999 -9999 -9999 -9999 -9999 -9999 -9999 -9999 -9999 -9999 -9999 -9999 0.0672360653134982 0.066145983205255 0.0512449183448305 -0.0021676326047097 -0.0592506593115157 0.0255075306992713 0.0494891666680798 -0.0220082093225534 -0.00703272878957534 -0.0123492244913131 -0.0211408528579971 0.00805018249463596 0.0275334278591454 0.0414335567168199 0.0549509584854749 0.0476493785308665 0.0414418486670475 0.0384645493195226 0.0310843926479873 0.0318901004348771 0.0251550225191008 -0.0381809471399848 -0.0185652348044839 0.221957757996381 0.354023285664584 0.394257295811042 0.399714609790995 0.254329573325651 0.307268035154819 0.238389786925246 0.16490335636874 0.118771636639328 0.03264139728858 0.0562604330305777 0.00921047896155519 -0.0123104324535585 -0.0077611957913068 -0.0473371553498211 -0.0352154997431949 -0.0363071830305549 -0.0395487255664597
-9999 -9999 -9999 -9999 -9999 -9999 -9999 -9999 -9999 -9999 -9999 -9999 -9999 -9999 0.0677274936861892 0.0634605143479194 0.0498407936424669 0.0032313201414097 -0.055953865611787 -0.035612220350659 -0.0376401126741361 -0.0470663815116258 -0.042534128849569 -0.0293121873015578 -0.00698077368215916 0.0220271057083708 0.0432934207244606 0.0436365851779668 0.0329660165601313 0.0297348439447446 0.0359897460483855 0.0385648849841804 0.0322509889620391 0.0211308134474006 0.0338083807375613 -0.0171631715189858 -0.0576159224150329 0.0660444619025698 0.249775217098569 0.28309169049767 0.26959093991245 0.204343561325936 0.178159117760217 0.124649249062469 0.0822800547175581 0.064595405696989 0.0283335352969167 0.0199711536500523 -0.00607196765645929 -0.018026376746294 -0.0167719126572419 -0.0273279495433335 -0.0252890825187921 -0.0269360344014735 -0.0218034633313314
-9999 -9999 -9999 -9999 -9999 -9999 -9999 -9999 -9999 -9999 -9999 -9999 0.0777175215784429 0.0535448014875183 0.0522800446338695 0.0421765351466279 0.0393389429102575 0.0170850118084494 -0.0316925865200042 -0.0501303391548453 -0.0491942469025774 -0.042832563695767 -0.0200831621305326 0.00846049536874377 0.0339451962326586 0.0450731637038477 0.0375514586320587 0.0328999795494769 0.0335022188782653 0.038803725146528 0.0455885675294889 0.0483720666746539 0.0407282802636945 0.0242149952498485 0.0235867192174864 0.00701865599194901 -0.0497864901875765 -0.00767416670936832 0.154195700947935 0.255565442496919 0.249070686007754 0.198716756394441 0.152611865113063 0.105138800653147 0.0773136290461 0.0735905080501367 0.0650710691236144 0.0506952903119525 0.0277347391388784 0.0237009526794235 0.0251690950063657 0.00973250423771571 -0.000956015920573983 -0.00373372325401028 -0.0021916288133465
-9999 -9999 -9999 -9999 -9999 -9999 -9999 -9999 -9999 -9999 -9999 0.0774967725957115 0.0570964021127617 0.0133854266486266 -0.0039995583134303 0.0291577153285025 0.0438543214822971 0.0366293780970366 0.00798247010462294 -0.00911635957657092 -0.00975639521088917 0.00161415021021061 0.027028729515189 0.0439587267396384 0.0478253138535366 0.04245098819827 0.0366005457125515 0.0382671728000181 0.043729533386469 0.0498542905230324 0.0547413928514786 0.0551489333904734 0.0463368985226544 0.029138452135588 0.0200110472813032 0.0223219055380209 -0.0452531877921181 -0.0396286364696977 0.0649755998988129 0.172091762441505 0.213886542778347 0.183341349279768 0.141165857838232 0.106938204247198 0.0912493475976093 0.089500761048836 0.0963253321974997 0.0823253897026267 0.0678586219055792 0.0461038653996618 0.0236563866726798 0.0174002629382209 0.00921131853086421 0.00672530409303301 0.00617528434818654
-9999 -9999 -9999 -9999 -9999 -9999 -9999 -9999 -9999 -9999 -9999 0.0269691881020599 -0.0329255197337017 -0.0902208746460768 -0.0397053470267484 0.0251242972281414 0.0555584341090888 0.0475359872116647 0.0397052096486596 0.0319141126930487 0.0374458712929268 0.0441811320315715 0.0511479014907231 0.0510587743424808 0.0463767913408102 0.0428159297869908 0.0436104791316789 0.0488271450720742 0.0554121989570829 0.0562517946934745 0.0534176081743406 0.0555417276698852 0.0500015493437924 0.0341256690278967 0.0207491956798915 0.030527089219352 -0.0274232033981839 -0.0522932931608152 -0.00559257515454109 0.0626721755472838 0.11481482753498 0.135814611245598 0.106354374820346 0.0836098111684831 0.0718356870487927 0.0721993620159126 0.0782699390159871 0.0448628660041085 0.0325311783038021 0.0134250671363809 0.00015556409495715 0.0249912154125672 0.0256764612919441 0.0178132603459503 0.0177325366191864
-9999 -9999 -9999 -9999 -9999 -9999 -9999 -9999 -9999 0.0605368509948954 0.0102971918557114 0.0613724449520583 -0.0197161555507823 -0.0669303800773706 -0.0676886051537436 0.0266320335132469 0.05191625498356 0.0436686118287914 0.0479050570483171 0.0522779862629426 0.0538102531583096 0.0515544220132228 0.0501030015891012 0.0460955019925766 0.0438133594319001 0.0465554736826415 0.0462411494512123 0.0458348209170727 0.0438993268000214 0.0434507442631762 0.0441359435517536 0.0429159237883762 0.0412011931505978 0.0377184677087435 0.0257040133755152 0.0353126117579556 0.00780733701208502 -0.0383790504925732 -0.045784282936994 -0.0225038181942165 0.000263762827390934 0.0136859123934629 0.0129992091805162 0.00391338839814825 -0.000980370157524446 -0.0109155077195845 -0.0165624089257934 -0.0305784255014717 -0.0331229602247499 -0.0176053989883757 0.0272821476724195 0.0688913787358 0.0710401251876512 0.0502114763178747 0.042420485852104
-9999 -9999 -9999 -9999 -9999 -9999 -9999 -9999 -9999 0.010932590792533 0.0959653316305657 0.365321794505081 0.266861464827943 0.0963796963359232 -0.033522486619681 0.0277348035137502 0.0481147670745235 0.0371537052034033 0.0462509819160535 0.0515067004166821 0.0509934823676474 0.048258989627175 0.045745014198726 0.0428586634233954 0.0405374889033434 0.0395317503311984 0.0381465174628015 0.0362908347122802 0.0347067185123835 0.033831428673622 0.0336198726035976 0.0325208824708696 0.0308664252955134 0.0290787995712313 0.029820633070675 0.0379270106309826 0.0374575816640206 0.00471972786398228 -0.0304532549545188 -0.0440670085008812 -0.0486711893347587 -0.0496996520148451 -0.0552485165506344 -0.0570341286491993 -0.0480583288895138 -0.0373721305534558 -0.0274014789792114 -0.0104142957617266 0.0121936110486197 0.0521579415725656 0.0859710357145305 0.111727394813329 0.101670792342193 0.0814309663259201 0.0741112973068586
-9999 -9999 -9999 -9999 -9999 -9999 -9999 -9999 0.0281758768126666 0.0209703772563249 0.344682073405951 0.700607207936881 0.591191703519814 0.311835878825302 0.0220772575250783 -0.00196761373892024 0.0354167786119081 0.0293017154643475 0.0411488124342217 0.0455313473821533 0.0471465406226133 0.0451282458696765 0.0424517258101167 0.0389381128355388 0.0370022143188014 0.0359770704819162 0.034775967672976 0.0333295071459578 0.0306546788959041 0.0295602358624821 0.0308854892419582 0.0327904426786561 0.0303382301866089 0.0287860241730876 0.0289701509443695 0.0320054390482629 0.0452922245130286 0.0438985166451635 0.0220140626791314 0.00414425170205196 -0.000459679611146069 0.000290309296892777 0.0120656026278217 0.0220740745084721 0.0215464300561903 0.0122631735366529 0.000472027259525942 -0.00700891281308685 -0.00203591433238931 0.0115180391491762 0.0274316153339649 0.043130819002835 0.0449733910916911 0.0543353231510914 0.0822648011403997
-9999 -9999 -9999 -9999 -9999 -9999 -9999 -9999 -0.014160336400529 0.135135479145617 0.583059214236468 0.892965072751174 0.776975960200825 0.411815701381532 0.0567446805465856 -0.0346261405441233 0.000683271156856402 0.0133799396115321 0.0285912076240978 0.0350955782844655 0.0417290069956584 0.0440069499593816 0.0415848283557483 0.0367125305947431 0.035267996554146 0.0366771532061184 0.0358065403118937 0.0344846597877866 0.0312765443481361 0.0327289661491282 0.0380673340966706 0.0397403185117247 0.0401005858260448 0.0353522215107319 0.0335167071534239 0.0339194332129288 0.0327499184086734 0.0414601074854981 0.0472785640134438 0.0492878453013383 0.0503439737147762 0.0461311318922579 0.0310296404465192 0.0028353213355764 -0.0305038179386481 -0.0527847972217915 -0.056831143362465 -0.0470289901393734 -0.0336888860530798 -0.0207892292799841 -0.0116074070426661 -0.00101831151791371 0.00549273198140349 0.0207822569084576 0.0629238677194142
-9999 -9999 -9999 -9999 -9999 -9999 -9999 0.0262248217188806 -0.0102016040255706 0.344439466435642 0.719119086885194 1.00655855001288 0.881073584230295 0.405601713158736 0.0500565647290903 -0.0361611686895812 -0.0154779055764271 -0.00582687282720934 0.0063576335122344 0.0161493057314673 0.0280295731414689 0.0365929240323343 0.0361316877072385 0.0345294713508776 0.0340362462098345 0.0350356428261318 0.0369921948461284 0.0343846934450877 0.0326306955534088 0.0335627753427552 0.0350688891195976 0.0381573093492835 0.0388553699467057 0.0393259419565767 0.0397265441333409 0.0378686526269282 0.0353866668596821 0.0314810685595736 0.0283058559942314 0.019428086719843 0.0124810074837938 0.00109341268158059 -0.0202448776601927 -0.0406683074166544 -0.0586413683382548 -0.0661266353260286 -0.055721777345458 -0.0441509277478018 -0.0261894517097319 -0.0122931128167712 -5.47652146611344e-05 0.0150533357068406 0.0221706944291657 0.0394534706430379 0.048469261741888
-9999 -9999 -9999 -9999 -9999 -9999 -9999 -0.0499113163290025 -0.0407946491558174 0.350921698064978 0.674303286161418 0.929426717234962 0.873711144883098 0.40603479298213 0.084396419751172 -0.01951452256838 -0.02876491474142 -0.0202177283337853 -0.0123904929343744 -0.00529087964833969 0.00589223990667775 0.0181311219131313 0.0219771131742965 0.0228869196497805 0.0236269506419681 0.026804850314897 0.030664888787524 0.0284169685936026 0.0248971399190073 0.0239272318217607 0.0252750295663001 0.0276881132440868 0.0288652944649888 0.0304635012047876 0.0325542356677165 0.0355750766906828 0.0368495585978387 0.0352050918235021 0.0290630883293815 0.0183115319076053 0.00722352938341225 -0.0122995452638092 -0.0288194103801995 -0.0431985732653355 -0.0481396881920583 -0.036946806243325 -0.0167776370878878 0.00347071260571324 0.0185757475545137 0.0309651254543645 0.0434052069143309 0.0486476847283321 0.0499969178081088 0.0464424702745116 0.0384007176463957
-9999 -9999 -9999 -9999 -9999 -9999 -9999 -0.0864914727367271 -0.0903347254119991 0.25337265088883 0.560455144680763 0.821810873381047 0.844824156994994 0.444363627633215 0.116298060723102 0.0126491857347276 -0.025139942295334 -0.0297649616550443 -0.0279313245083396 -0.0234478184975065 -0.0136991559475917 -0.00151958480693398 0.00253321089348607 0.00315654525889059 0.00356137321938371 0.00799023400453835 0.0102159942107268 0.00946807899286795 0.00522604939799226 0.0016304862995567 0.00605914996571627 0.00801814533970607 0.0117713554513075 0.0146054919732613 0.0180794476343994 0.0230958285771576 0.0288805631622471 0.0284313427814532 0.0251228600748779 0.0140446218227061 0.000678629114506668 -0.0124460934135919 -0.0217410770302117 -0.020051796841383 -0.0117256801715807 0.00187508353052934 0.0211095885247156 0.036558454612844 0.0504247687251795 0.0571385680568567 0.0604078961772814 0.0591991619764556 0.0466518232294519 0.0244067133104612 0.0134994319759029
-9999 -9999 -9999 -9999 -9999 -9999 -9999 -9999 -0.145356126977981 0.117347112494846 0.456283526548846 0.7207492798979 0.788939148078395 0.465059218506571 0.192817233217502 0.0675676059670879 -0.00192856558608195 -0.028928456729492 -0.0382530659859679 -0.0395210170875522 -0.0362987833859358 -0.0294896304403769 -0.0260189803907646 -0.0235720669500074 -0.0231435400958792 -0.0226562655710259 -0.0209284364743393 -0.0228928708248855 -0.0245473140067928 -0.0273791999119025 -0.0263893480272628 -0.0216889179053431 -0.0180828102217036 -0.0124598822236409 -0.0087797376568825 -0.00496853862335783 0.00093097547524279 0.00361559499902131 0.00525553607504198 -0.000896496142901049 -0.00841230363768869 -0.0123092614453695 -0.0085624497653391 0.00268044007991181 0.0180258808070843 0.0307864746003372 0.042365526874532 0.0501443241947382 0.0528804353292003 0.0524011143483121 0.0498647728921319 0.0382450302000845 0.0190322542955446 -0.00516732376976298 -0.0202192132179512
-9999 -9999 -9999 -9999 -9999 -9999 -9999 -9999 -9999 0.0395890971501484 0.436961546082871 0.697964187344758 0.76751891089405 0.490272687937094 0.226200882827371 0.104542450863787 0.019961272189345 -0.019804843506419 -0.0408539290615624 -0.0483024967473242 -0.0482682970870769 -0.0451857895918722 -0.0439769956157678 -0.0435856240838661 -0.0440790713667699 -0.0440220941322702 -0.0446913019139851 -0.0457298746153657 -0.048022632810783 -0.0508428659210203 -0.0518219271336938 -0.0514848247651403 -0.0454687758384185 -0.0411174817831134 -0.0376454526956898 -0.033380515709573 -0.0319689435261487 -0.0289071248863421 -0.029035773329513 -0.0294472558852951 -0.0294618518216493 -0.0257853466348597 -0.0113977589018314 0.00720275618852528 0.0278032010639774 0.0426969412844105 0.0573034481482028 0.055224541259281 0.0488692337088301 0.043024229178685 0.0372417735874886 0.0207585369125962 0.00340976433668888 -0.0196599279401482 -0.038155422126649
-9999 -9999 -9999 -9999 -9999 -9999 -9999 -0.136366427271062 -0.0776761799923503 0.196806543042364 0.544127037136998 0.724223522582935 0.753845262320148 0.496527174747117 0.280731062423991 0.161802917576062 0.0550799238097463 -0.00623505604918734 -0.0359405256752452 -0.0498530528243734 -0.0535048513331263 -0.0535617935154221 -0.0547427724446715 -0.0552980505990998 -0.056519942742173 -0.0579733403510209 -0.059340370618058 -0.0608910053237113 -0.063129284295974 -0.0665919000857457 -0.0703004560478608 -0.0728260500944195 -0.0704640850576241 -0.0673911784282379 -0.0662248833592791 -0.0648314415968875 -0.0636202428168344 -0.0636122029957979 -0.0625020741973351 -0.0620950012273664 -0.0568645299810054 -0.0405886429959579 -0.0199397170749264 0.00540568812578013 0.0275284481223573 0.0417627907197288 0.0494643426147423 0.0465405065078105 0.0375087105167736 0.0286223374071245 0.0190807008216772 0.00699501718245449 -0.0102101595055354 -0.0270605563878166 -0.0412153056206923
-9999 -9999 -9999 -9999 -9999 -9999 -0.0886174332032095 -0.0419661697003774 0.175554824925844 0.471500680161928 0.652386220625409 0.817665149461009 0.771451376213245 0.515683279795346 0.31814908134062 0.179426737430772 0.0711750642962436 -0.000768168883178266 -0.0287593180521047 -0.0449220760852314 -0.050837126571985 -0.0507631329497072 -0.0527042240932202 -0.0526557246310399 -0.0539689682349578 -0.0560266543183631 -0.0579087055509847 -0.0600769464647026 -0.0636095431241986 -0.067455943340553 -0.0703417864878089 -0.0743910499286899 -0.0773373027206105 -0.0785962487230858 -0.0800550916731249 -0.0793253325247728 -0.079152589419212 -0.0772086870453306 -0.0720191482033641 -0.0668104231892071 -0.0599416128586125 -0.0443823413643683 -0.0217496321103876 -0.00200800015641783 0.0169671250488633 0.0278512846248328 0.0333969372148127 0.0290620361571207 0.0170614353285032 0.00745411036681459 0.00102069406077254 -0.00716132004992837 -0.0221577646369001 -0.0334860787435144 -0.0424780761613388
-9999 -9999 -9999 -9999 -9999 -9999 -0.111768442328092 0.0451887953143423 0.290088846476669 0.55629806398619 0.708643036727467 0.768242935176583 0.768907782283793 0.60382939427085 0.422982036709739 0.252813909376988 0.0978456266815676 0.0210631695862824 -0.0145434598955345 -0.0358788203358839 -0.0348830842076569 -0.0350144570456821 -0.0370132689535677 -0.0388526274587771 -0.040620467069179 -0.0407513224269644 -0.0435810180988648 -0.0443932737195514 -0.0472721242175814 -0.0514645641107966 -0.0552086117034803 -0.0609745404470329 -0.0643945810189522 -0.0680963551577334 -0.0715163034407877 -0.0731363136440998 -0.0738081826753439 -0.071306372548444 -0.0660816911477778 -0.0627708612322693 -0.0614926251796156 -0.0470267871135172 -0.0298725447723893 -0.0122486138356417 0.002381644469646 0.00951659822072753 0.0107913578555501 0.00613511650118731 -0.0029889298048637 -0.0112959369249351 -0.0196934711918842 -0.0278760080525945 -0.0356597216160862 -0.0406406982532043 -0.0417579745470786
-9999 -9999 -9999 -9999 -9999 -9999 -9999 0.0235430895102893 0.311133330663697 0.556140535537526 0.707008957487503 0.750578864197663 0.835545191919008 0.716219009001496 0.554956571820534 0.364229507751238 0.142881356556178 0.069054104104971 0.0228699615288451 -0.00580481918578518 -0.000793356709686999 -0.000942106435106227 -0.0019925379214451 -0.00705503532319268 -0.00941127237946909 -0.010661736869869 -0.0175410374015441 -0.0175796450205337 -0.019877503918106 -0.0250056546089715 -0.0307269926582192 -0.038092317040708 -0.0433706219105202 -0.047618713799265 -0.0520396818971789 -0.0558239403578311 -0.0583836594541996 -0.0571148176847389 -0.0533779327869633 -0.0531450897723942 -0.0578023693110021 -0.050138404230293 -0.0374939573646464 -0.0242578486363097 -0.0124511708781951 -0.00949661022683795 -0.00800397271798631 -0.0118596863286632 -0.0192023218097706 -0.026651028019617 -0.034838953796454 -0.0428700952570258 -0.0448416425319069 -0.0442387832718574 -0.0411806787152948
-9999 -9999 -9999 -9999 -9999 -9999 -9999 -0.0501937904009943 0.218529359009675 0.506472904174496 0.740384798624985 0.875883781657204 0.995964580749135 0.949871004728124 0.785712768541631 0.563490852747061 0.332668801602285 0.184151185654154 0.0739755407115054 0.0160653977338199 0.0292207479860315 0.0533306520288843 0.0501938116856335 0.0476207522278723 0.0422082520690101 0.0330241003500273 0.0238205105634497 0.018877710231862 0.0146314604994908 0.00581820421286583 -0.00454415589982132 -0.0146495963077521 -0.0205212888949231 -0.0253122810110412 -0.0306163893643688 -0.034787266496536 -0.0377871490557175 -0.037128155316645 -0.0354282383487211 -0.0377615105674031 -0.0448480465812253 -0.0505961497239006 -0.0414852511571713 -0.0317769557932949 -0.0230056180832467 -0.0192972553451154 -0.0185696227933942 -0.0206988423075355 -0.0250475938074882 -0.0307287482929329 -0.0393561314631227 -0.0439293264359488 -0.0441803393542912 -0.0395331774544902 -0.0332339224573219
-9999 -9999 -9999 -9999 -9999 -9999 -9999 -0.0548810418234224 0.0443046553700128 0.411454352351031 0.791127939010066 0.968315093981939 1.08527550799303 1.0261148523763 0.863971304934896 0.714803821440944 0.488860124343649 0.313527360643096 0.106442785483349 0.0202216167265101 0.0541066032497581 0.100984327121645 0.107669657433291 0.103798476472052 0.0958829956774481 0.0788877449685438 0.0646029558803629 0.0546714115841929 0.0469439255420241 0.0335605193956942 0.0183229140292457 0.00574590824734461 -0.00188204934268649 -0.00743390937399208 -0.0129550768568042 -0.0166897425595485 -0.0188382898872149 -0.0185959073400514 -0.0174451361514119 -0.0208741583009627 -0.0295990678968132 -0.0378430763394869 -0.0391636515058477 -0.0330866598581259 -0.0267425140293365 -0.0248412653192135 -0.0233460085623042 -0.0252400713749432 -0.0272882553513996 -0.0324095616542791 -0.0425371743200352 -0.0456081969797685 -0.0430104772355618 -0.033993540049237 -0.0282872855009217
-9999 -9999 -9999 -9999 -9999 -9999 -9999 -9999 -9999 0.0388764039397824 0.718577114749181 0.998093715934429 1.06925990242734 0.950043147048789 0.825517984273087 0.76866197776428 0.671064344183068 0.426720086607684 0.102340377979256 -0.0240377586887198 0.0539878619716412 0.146500921554153 0.155960825014188 0.138601556192907 0.127654236176762 0.114421958140304 0.098223972669497 0.0857203061371595 0.0741523364190873 0.0559684722908156 0.0368190261331817 0.0211582444513908 0.0101044765900329 0.00170931024703214 -0.00448754232700904 -0.00657825215983993 -0.00556693850556816 -0.00520396131319639 -0.00439972817413009 -0.00667424865855976 -0.0130906810033636 -0.0189124695316762 -0.0251346782125323 -0.026655691651313 -0.0235328633511659 -0.0236144600665009 -0.0235213409089788 -0.0257404794522818 -0.0285709328939288 -0.0337744949485114 -0.0436596527971375 -0.0463332749174067 -0.0416482414691213 -0.030149840551962 -0.0175293375264909
-9999 -9999 -9999 -9999 -9999 -9999 -9999 -9999 -9999 -0.0726696376681243 0.49121878292041 0.941873840645795 0.983234167127874 0.783370051328655 0.656758745674291 0.735836869386748 0.768908613196404 0.562900325714877 0.119999921630126 -0.0382985295608522 0.0726050000645478 0.189625750349396 0.191765630288498 0.161475077459628 0.145561761169143 0.137845597519256 0.12465439969771 0.109451191627576 0.095396425827117 0.0739460486837448 0.050019748551147 0.0298760527423622 0.0143871342975671 0.00240883624242094 -0.00531844934570874 -0.0062080143739926 -0.00298957162590813 -0.00164275306806932 0.000465685564744411 0.000144326854727428 -0.00321278446294387 -0.00556376105239459 -0.0102092971010636 -0.0126128694507213 -0.0161334149570317 -0.0201236754108011 -0.0208285673148004 -0.021195823293388 -0.019870700800931 -0.0219512930037178 -0.0303858222160878 -0.0324204929591874 -0.0299262893547909 -0.0187331201074238 -0.00397474146367222
