meets/meet006/_saidas_enm/CCSM_Gower_0k_T_nigriceps2.asc
NCOLS 154 
NROWS 168 
XLLCORNER -112 
YLLCORNER -55.5 
CELLSIZE 0.5 
NODATA_value -9999 
[rows 50 to 74 of 168, columns 56 to 111 of 154]
-9999 -9999 -9999 -9999 -9999 -9999 -9999 -9999 -9999 -9999 -9999 -9999 -9999 0 0 0 0.184995785962798 0.468070747259002 0.538400825965937 0.582324691569524 0.606440823372309 0.606763185553854 0.606680954661344 0.573160873372833 0.483107287726261 0.396181592331082 0.240013133759013 0.073356672564284 0 0 0 0 0 0.156022859925188 0.448319404254192 0.621999362571176 0.668756389396338 0.67505494767813 0.67652222070769 0.67214455124992 0.628328652725936 0.644542254926253 0.622377965735864 0.583928855049018 0.529620964011682 0.434634633165853 0.47122313662485 0.457699675442779 0.463004820201057 0.497075868452456 0.480597640016818 0.519158388531253 0.536292100515279 0.541010779166848 0.539685468652926 0.54122807276893
-9999 -9999 -9999 -9999 -9999 -9999 -9999 -9999 -9999 -9999 -9999 -9999 -9999 0 0 0 0.137922612757694 0.382489076013693 0.492743915177379 0.517340929432304 0.509420380153643 0.48357800285856 0.444946164950386 0.377586424360216 0.262437230686986 0.128634385401409 0 0 0 0 0 0 0 0 0.306234325479583 0.56163119546847 0.635438575880005 0.640054396243463 0.639698842586639 0.633711929541835 0.613129876775484 0.60653554730314 0.584920460231871 0.556248829027548 0.523786943944832 0.486862379701255 0.480890179461892 0.48025869114118 0.487390060261187 0.505587251329585 0.516992670861647 0.534536448886143 0.543372453841556 0.546166698828177 0.541316603723565 0.536841650577799
-9999 -9999 -9999 -9999 -9999 -9999 -9999 -9999 -9999 -9999 -9999 0 0 0 0 0 0.0432103252360859 0.265495974860848 0.378787172834511 0.395529053833131 0.380391357116708 0.312345387894169 0.231408350291516 0.129992781767338 0 0 0 0 0 0 0 0 0 0 0.185938103158017 0.47555551522703 0.63208627256929 0.63336766662154 0.63231825538743 0.627488466720717 0.612395788041508 0.597378579036369 0.577511533605647 0.559492484464977 0.550525790038418 0.543546649640783 0.533964182247733 0.536312269437797 0.540459318364299 0.548928739213755 0.560184755120128 0.559185208625079 0.556870474946238 0.545870061586636 0.537206283466491 0.528430997583082
-9999 -9999 -9999 -9999 -9999 -9999 -9999 -9999 -9999 -9999 0 0 0.110368670455603 0.125811679521576 0 0 0 0.0870717941088729 0.206050355890656 0.230809361523976 0.20748597820305 0.112442296129592 0 0 0 0 0 0 0 0 0 0 0 0 0.112547176538315 0.414613295019716 0.59270383829769 0.631343802098614 0.630226960076898 0.622370505057348 0.609823850473115 0.592653921816499 0.57736689583952 0.567409655071734 0.564458345807275 0.568067407489875 0.567385831135147 0.572373081078293 0.575292307441481 0.576625812585405 0.5787415899227 0.572732769578683 0.538169752366007 0.494263620180685 0.536310040241098 0.524256136773949
-9999 -9999 -9999 -9999 -9999 -9999 -9999 -9999 -9999 -9999 0 0.220004843444649 0.359870895428463 0.228988068474473 0.0264763921021371 0 0 0 0.00814263111434732 0.00915701055976093 0 0 0 0 0 0 0 0 0 0 0 0 0 0 0.0380198924923764 0.350580608057898 0.520322359369265 0.62544421507348 0.624623747379952 0.616681474989004 0.605000438713604 0.587617753390226 0.573772128518873 0.566992365586884 0.570579932784474 0.580402065360768 0.554074079509543 0.57072928181731 0.593576808177817 0.579791491635216 0.542088069636452 0.495155162035799 0.453843505244139 0.434586142907746 0.538799946802135 0.526308271564108
-9999 -9999 -9999 -9999 -9999 -9999 -9999 -9999 0 0 0.256650104151856 0.362618255344149 0.434899845580709 0.33511889493654 0.0612458540769719 0 0 0 0 0 0 0 0 0 0 0 0 0 0 0 0 0 0 0 0 0.241660008623332 0.436045581349214 0.556318217183114 0.602662305367707 0.597370185972851 0.592149595549982 0.577181598554951 0.56607085571968 0.563288749347073 0.536087298305676 0.573251095359374 0.583734028189814 0.549211525249262 0.499732575454008 0.45564693386016 0.415533169476647 0.382234943357183 0.347678381255478 0.354847198164162 0.533486568157363 0.540287139457324
-9999 -9999 -9999 -9999 -9999 -9999 -9999 -9999 0 0.213042459638035 0.472640544404955 0.52755395997995 0.541601489403252 0.347730477213421 0.091383939491135 0 0 0 0 0 0 0 0 0 0 0 0 0 0 0 0 0 0 0 0 0.105412669522637 0.290222621330864 0.433989025063407 0.506829857698173 0.52616086985312 0.512060019279898 0.494757369116658 0.491405106292621 0.540768941519834 0.501327397642828 0.468458397341117 0.407298765533182 0.350991867778754 0.297493335179314 0.243409583669058 0.218874911951551 0.20005117356196 0.19668937779134 0.275753944376996 0.483066429098762 0.550034169871415
-9999 -9999 -9999 -9999 -9999 -9999 -9999 0 0.111820242852037 0.367313873980744 0.582266688089521 0.624383558966299 0.593104393594211 0.409125583780835 0.173507823994683 0 0 0 0 0 0 0 0 0 0 0 0 0 0 0 0 0 0 0 0 0 0.114557919866593 0.256119849919135 0.335614954025061 0.366753966528368 0.385929771222765 0.358818310094866 0.327152459077056 0.289564995923436 0.238758126067329 0.192414984766266 0.12134714772489 0.0631465533002559 0.0114910012746605 0 0 0 0.0232543603772766 0.182723874351967 0.424990223386447 0.555738573247925
-9999 -9999 -9999 -9999 -9999 -9999 -9999 0.115257658085839 0.340371292035513 0.566468143077211 0.686918866182179 0.690028323432697 0.629078764334639 0.469282698121436 0.272506897412418 0.110526909059135 0.0570771447022627 0.00934864106585154 0.00253669294395886 0 0 0 0 0 0 0 0 0 0 0 0 0 0 0 0 0 0 0.0197303097949127 0.0746990040973663 0.0798534057159785 0.0810201715758163 0.0299553464037264 0 0 0 0 0 0 0 0 0 0 0 0.098294571586224 0.336144175518528 0.525577917237042
-9999 -9999 -9999 -9999 -9999 -9999 0.187467934240172 0.374270547955792 0.570914762125129 0.669332834153954 0.73933610210296 0.706348919991889 0.56742592990681 0.45987787752488 0.348128655570387 0.203360414379413 0.187111753946217 0.165334381289099 0.152447746124135 0.112401101308223 0.0513299507516362 0.0310009375243835 0.0264695071737747 0.038027006918351 0.0299251674677373 0.0323389086028362 0.0219092748728492 0.0291807919629412 0.0393244716682708 0.0224670688190207 0.0265088660142472 0.0063640246206923 0 0 0 0 0 0 0 0 0 0 0 0 0 0 0 0 0 0 0.0117253183365987 0.0278615249398733 0.0641347700178918 0.0961539326095057 0.271919268776675 0.460602557905129
-9999 -9999 -9999 -9999 -9999 -9999 0.261244488451061 0.520460160186947 0.692579768167889 0.747565110937657 0.739306504794826 0.708496461017169 0.522656278548361 0.462885691457816 0.443157256372194 0.343457920169243 0.301439546619107 0.282158534237438 0.282776456557976 0.266141551643642 0.233112370061244 0.216797040571737 0.205686028431472 0.215924375901786 0.222059076570417 0.213427441882306 0.212230841332898 0.203850277032407 0.20316247268899 0.198861343192108 0.181928435628482 0.168212281344639 0.141004995185601 0.121383867342823 0.0989603441588812 0.0692300760013923 0.0549257193377763 0.0325254901614609 0.0274367248599049 0.0353548514720449 0.0283139794820979 0.048616944730379 0.0607492212444209 0.0816680433347309 0.11567396675416 0.133310399247631 0.160051920002944 0.168158808401023 0.17481435390028 0.189594573862553 0.19494657292517 0.212203645865866 0.221443678723613 0.231508181752773 0.232311652892681 0.372332033105301
-9999 -9999 -9999 -9999 -9999 -9999 0.248500136148447 0.474121342373083 0.675099282201468 0.747592500722439 0.739665187712416 0.713579549650187 0.539964524451709 0.494611258124946 0.499094054716217 0.411520765662613 0.403608070350164 0.387598677857844 0.389845701056585 0.372757844642791 0.347574648334815 0.33835022131469 0.339827038448454 0.350409632336895 0.343063872769294 0.34572937278485 0.330060652817391 0.330048604192757 0.327814100692696 0.30547595062045 0.301111594531438 0.274909507913331 0.261387967604535 0.241097395227307 0.212167844238381 0.203801279292227 0.183839576993116 0.182902538242975 0.179505285091288 0.178946687903474 0.195799959795707 0.198853999268521 0.230254321549149 0.250969349759928 0.268172720259396 0.300928570185801 0.303933267672017 0.324815255395588 0.332351497981219 0.326674415551084 0.341791193761479 0.334461958021948 0.344745057526619 0.354321419134876 0.334910281607155 0.334836039129646
-9999 -9999 -9999 -9999 -9999 -9999 -9999 0.423218189734526 0.623385145881989 0.737719868753503 0.74049275531271 0.716905751247816 0.569126413150781 0.538025289629792 0.533474294924813 0.502799457733983 0.488532086709969 0.47314847524965 0.473806768587158 0.473797144354591 0.463825307744698 0.462307639460801 0.460793214484323 0.466719784976437 0.471103467755332 0.465570855797551 0.462626731013784 0.452327184180247 0.446798542559913 0.437042374461635 0.420632531355916 0.40783761240958 0.38663573003518 0.373572177231716 0.363100753079414 0.345779977008315 0.342510095031334 0.335341622369068 0.338137936023512 0.353573027421868 0.361128061202955 0.384791475145647 0.400248413393756 0.417673039722642 0.441681751084743 0.453253772161308 0.469499821268291 0.473167431234744 0.475893464552783 0.480213992349706 0.478753964202908 0.480160173721717 0.474481705102998 0.472449939735935 0.466957793843947 0.451611910151786
-9999 -9999 -9999 -9999 -9999 -9999 -9999 -9999 0.599601154712833 0.726450438261941 0.736590210459132 0.718088402458799 0.591215286353175 0.576379114079819 0.562766750893074 0.544843382593447 0.541405961320234 0.530285957935176 0.531575653270635 0.533480546720955 0.530271699173763 0.533362237538425 0.540578423271907 0.546485934102374 0.546547256410746 0.549463462148543 0.541566950444019 0.537759138574521 0.532675408416063 0.516975885871548 0.509560270164257 0.490875603301316 0.478174078379459 0.465895535818701 0.452627913623535 0.447272015546036 0.441212569243821 0.445606103164576 0.448166918908466 0.455964528502026 0.475255604986685 0.483974865774327 0.506357284728062 0.523070880145993 0.526065713732766 0.525543763248428 0.525543338639533 0.525788019515351 0.526050427812541 0.526237998791964 0.526034611131198 0.526689039590815 0.527474884503475 0.530075826290589 0.533767269872617 0.538289460757966
-9999 -9999 -9999 -9999 -9999 -9999 0.38222343714291 0.531093676041641 0.688411897012724 0.736243950483112 0.73387026612078 0.712175859774495 0.602192884947525 0.588644147398306 0.586624914217805 0.590464420930517 0.58179884944233 0.578063036409213 0.560573773533561 0.556111603152804 0.556425126158296 0.55472092056107 0.554051203232555 0.553011314871551 0.552085569637842 0.551392557793553 0.550898502290809 0.550557872939689 0.549837013560633 0.548846149566918 0.548125819608675 0.548125396072024 0.548321175888692 0.547899545153175 0.547253697599707 0.545896435266427 0.544260523345719 0.541856600085945 0.538776062551784 0.535492774270198 0.532079131057808 0.529911608800397 0.528057235603145 0.526235132681922 0.524879038023104 0.523960927439611 0.524670555055595 0.525590788683564 0.526183118092269 0.526235875747489 0.526613777664154 0.528279412207521 0.531261440478013 0.536450479633162 0.542854961750618 0.550506307352498
-9999 -9999 -9999 -9999 -9999 0.403164608222319 0.531649260670998 0.670780351233439 0.732940637495917 0.740791276392236 0.717442617576524 0.69119540332197 0.606308033672971 0.599707547340981 0.613525502164291 0.608309071978353 0.584372933227009 0.568980340739908 0.556277735403941 0.552465905549941 0.55186448350631 0.551260626126939 0.552369868614453 0.551820435694664 0.549999651634403 0.549026893832495 0.548029570904861 0.547646164352046 0.547435560752613 0.547404536692968 0.547892980335093 0.547510314971416 0.548012523554681 0.547975781750255 0.54775660153365 0.547695082835173 0.545713216528179 0.54402592693116 0.540834248018698 0.536557693379182 0.532356400666327 0.530343223742296 0.528524305387787 0.526378438184028 0.524381290245789 0.522405054295634 0.524339253965171 0.526179933525555 0.527283492043996 0.527206743986201 0.527347501834937 0.530892561500369 0.535135465884947 0.541866790699428 0.550787959225043 0.56182066543247
-9999 -9999 -9999 -9999 -9999 0.448334139433676 0.596889063867651 0.678596856284496 0.718724124528443 0.730218557172019 0.701637733857588 0.667524479912485 0.6317017095333 0.639763270981097 0.642847735593697 0.59621522974176 0.574673202742694 0.560419712076962 0.548653228622641 0.547910557106086 0.547579880866252 0.547777884250335 0.548362153059623 0.548064195026035 0.547414595688416 0.545880937041755 0.545547406754631 0.545237229956739 0.545137128409713 0.545528087049903 0.545851532875767 0.546201729062025 0.546693532314808 0.546943733106263 0.5471693065818 0.54705561755013 0.545893250699714 0.544162544843168 0.541355136980798 0.537841498373605 0.534388048077296 0.531613972013194 0.529220345519127 0.527029257468037 0.525322542014066 0.524335963246234 0.525410966816477 0.527032866643646 0.528451378810049 0.529288282942348 0.531196263012611 0.534909149343843 0.54051632210847 0.54801411181712 0.555876752080133 0.565168828538396
-9999 -9999 -9999 -9999 -9999 -9999 0.606379910259866 0.662648728196982 0.699379307561493 0.705372215820433 0.678208823463354 0.659679160862502 0.634637193344099 0.651736482271593 0.648286477092144 0.595890483015032 0.578284382108545 0.557062125280564 0.542586821233344 0.545255381987006 0.544430897664889 0.548065571520149 0.546721556501887 0.546433990127661 0.546960186700949 0.544220610109576 0.544907627301895 0.543825086923764 0.543434659044693 0.544102038075612 0.543932406822008 0.544664114100539 0.544965055654962 0.545284573848546 0.545910659664414 0.546071161826773 0.544953803519241 0.543571595413372 0.541296859409941 0.538709080498577 0.536120027760527 0.533468663667118 0.530775794054209 0.52877726613706 0.52769196580111 0.526615157643063 0.527753746395351 0.528934371428258 0.530288979955943 0.531381392490887 0.534210667711356 0.538930938646282 0.545509298106293 0.552848359145293 0.559687311324181 0.567385831135147
-9999 -9999 -9999 -9999 -9999 -9999 0.523893512931574 0.631083696983007 0.671279032659843 0.702667418606081 0.674720556994148 0.668197696469067 0.641125416341335 0.620399143513412 0.622585419898621 0.61583260508591 0.614363936050007 0.556395584476927 0.527808945551718 0.538881153253328 0.55416375809741 0.553134352268505 0.549328240159286 0.54819051483203 0.549193449620283 0.549762471110155 0.546864437395098 0.543717236264401 0.542292779573467 0.542673016839055 0.543541448181817 0.54290527790469 0.542635651256283 0.542725880646498 0.543253457198696 0.543846954281863 0.543071087678238 0.542017420704975 0.540658459936115 0.539139103157119 0.537503615845306 0.535671216158376 0.533995391001525 0.532669231269813 0.531820119631779 0.53150750133274 0.531973084986249 0.532742476304223 0.533624388979406 0.533746251732308 0.53598818669859 0.54213291432445 0.549830448742551 0.557443837686777 0.563400033601977 0.56967631734075
-9999 -9999 -9999 -9999 -9999 -9999 0.382159048735117 0.616596150045977 0.663485601770308 0.70661873849635 0.677899685999708 0.672413707977798 0.666470687725201 0.63974942005696 0.618052870411036 0.608410166706925 0.630795406885417 0.554222735575985 0.511846517204906 0.533803149324256 0.561981397591313 0.559252762720825 0.55025377362467 0.548114701771601 0.550627332950362 0.553660702440845 0.548779866081124 0.54308488746733 0.540682874947585 0.541087633376866 0.542053406308838 0.540254232267952 0.538850581412879 0.538714175805319 0.539570293490123 0.540950803160411 0.540801659285997 0.54032238199562 0.539759775209574 0.539364252023761 0.538759078195979 0.537864851862837 0.537316681779225 0.536643570528222 0.536245393536814 0.536346662758303 0.536549944266846 0.536993023648913 0.537405318886083 0.536386894451116 0.537850733617074 0.545590292253039 0.55449708144131 0.562038998575774 0.567477315051643 0.573017068555293
-9999 -9999 -9999 -9999 -9999 -9999 -9999 -9999 0.553288772213297 0.721182522144321 0.702499135007195 0.691446861239582 0.675545729488561 0.665950503610922 0.648815286219372 0.631449486729167 0.625111792932626 0.549855119752439 0.490021955071735 0.523148862927676 0.564097386696934 0.560773365180083 0.544861769541221 0.541332208100461 0.547392360014268 0.552217818956944 0.547839085296324 0.541084554962377 0.537846805984794 0.538052316690036 0.53836143196569 0.53550827249487 0.532555966847038 0.532047497695121 0.534025325928632 0.536574677734987 0.537320503259281 0.538080871638234 0.538714600414214 0.53888317014558 0.539545878478653 0.539511166701476 0.53989522544712 0.540172813512311 0.540150840001988 0.540607931477594 0.540849321634475 0.541306306957858 0.541472541340301 0.540290642480709 0.542525465247997 0.549091800824176 0.558280640223893 0.567056319621101 0.573576560470531 0.579470072961465
-9999 -9999 -9999 -9999 -9999 -9999 -9999 -9999 0.360748621918305 0.721500732514219 0.733245197550035 0.722980350884631 0.685630019831229 0.689422856419675 0.676315904447886 0.65205119941074 0.640884782375738 0.549161366719011 0.479024093599826 0.521414547895522 0.567866227580914 0.560233991255742 0.53886576118088 0.534424033681158 0.543420328494482 0.550515942811295 0.546239731558139 0.538382237801551 0.534857347058637 0.535254144071135 0.534706610900866 0.530679089378343 0.525976333560341 0.525139217123594 0.52806158784432 0.531387549319866 0.533025478132827 0.534613940009505 0.536115675519352 0.537376233176767 0.539036241652274 0.539982164118398 0.541348661695147 0.542230362065883 0.542791588873019 0.543927099210818 0.544231968397521 0.544893084447237 0.544952423540331 0.543445592723742 0.545033948448196 0.550384540565495 0.559275316047462 0.570186361352048 0.580198979536879 0.59019211503579
-9999 -9999 -9999 -9999 -9999 -9999 -9999 -9999 -9999 0.63681445694894 0.747427988040804 0.745535828020862 0.691510047741948 0.705269084455125 0.704841933091174 0.677719931894488 0.673111408534939 0.573661373684782 0.488384182270376 0.523410846615971 0.567472020843512 0.559543944168006 0.53568788205751 0.530229003949507 0.540225465015307 0.548239750967644 0.544559660312337 0.536549731962398 0.532587387905277 0.532611166003405 0.531739231637257 0.526158066167456 0.520166834657185 0.518643550245909 0.521541505955165 0.525320525121814 0.527386141244393 0.529049440438838 0.531671612670708 0.534198566357845 0.537010114156942 0.53904006313233 0.54081184989948 0.542989032009255 0.544625262386635 0.545959065078459 0.547315488112212 0.547843214778666 0.547873074112522 0.546431760930961 0.546335799320662 0.549657751673332 0.555441144635151 0.568156350186468 0.587666989525841 0.606906671293092
-9999 -9999 -9999 -9999 -9999 -9999 -9999 -9999 -9999 -9999 0.723781574137062 0.747495245443887 0.721124110471262 0.736286111892318 0.729739949012623 0.714385934546833 0.714477688193799 0.610686031701611 0.518069585171918 0.538804935956652 0.569856638069677 0.558612798842004 0.536228409181009 0.530928865560903 0.539927071114255 0.546772615721526 0.542989350465926 0.535340233524623 0.531134482418369 0.530473047911982 0.528514433230975 0.52229380676511 0.515569381845175 0.513341458972432 0.515941445389531 0.519094378740313 0.521213920192573 0.523211705044156 0.526214220693837 0.529869147910885 0.53364806092531 0.536915850982223 0.539808180623619 0.543033191334348 0.545820005665304 0.548249068773954 0.550404764440554 0.551289003082519 0.551500665523579 0.549521478756052 0.549384570533796 0.551948979068074 0.557287658546926 0.57017185522177 0.590217421350654 0.609683358541062
-9999 -9999 -9999 -9999 -9999 -9999 -9999 -9999 -9999 -9999 -9999 0.608539383228397 0.747734809731266 0.745604439728139 0.74261534206703 0.740486011176374 0.735177475086452 0.667196176878123 0.563731662799275 0.564831163943829 0.568956834455808 0.55588395220319 0.542876192195374 0.536089349767854 0.541196227101796 0.544672181669546 0.541039546419493 0.535096932627714 0.530574423285694 0.528087382834699 0.524746666200047 0.518816472218451 0.512802948741185 0.510532362860806 0.511772188131121 0.513436146756046 0.516666465077964 0.518160876084371 0.522127890839339 0.526992316494161 0.530538649986279 0.536148795013172 0.53958621632369 0.544173690826665 0.548902268173102 0.551836000666568 0.55475416818813 0.55570754918828 0.556065967078719 0.554875511438482 0.554938936051886 0.559044382688807 0.565955547866596 0.575714573481974 0.586778197864883 0.597263588835773
