meets/meet006/_saidas_enm/CCSM_SVM_0k_S_lineola3.asc
NCOLS 154 
NROWS 168 
XLLCORNER -112 
YLLCORNER -55.5 
CELLSIZE 0.5 
NODATA_value -9999 
[rows 50 to 74 of 168, columns 56 to 111 of 154]
-9999 -9999 -9999 -9999 -9999 -9999 -9999 -9999 -9999 -9999 -9999 -9999 -9999 0.292939198034223 0.344622687160384 0.281972068404602 0.235142218787439 0.167925188826353 0.129515845466757 0.145593906327322 0.0502952486580058 -0.0238731572248542 -0.0409892444570187 -0.0350209956547042 -0.0237869313841312 0.0100819761772145 0.0207889412632152 0.0829247842199045 0.117066499714547 0.187473742516208 0.243510544965092 0.166917984413107 0.0937010185076586 0.0733177442580513 -0.027598205192584 -0.0773354043754271 0.0415375601374937 0.196203366703354 0.315714285062364 0.366362849907399 0.368835022131611 0.407668401162431 0.389214030346192 0.3409750757323 0.313510791096504 0.321011610899621 0.275109172287531 0.222742093101401 0.177489032259213 0.118680224293302 0.0986176918473762 0.0754925974395896 0.0433975271210374 0.0424901743994058 0.0642792177464271 0.0424873303145428
-9999 -9999 -9999 -9999 -9999 -9999 -9999 -9999 -9999 -9999 -9999 -9999 -9999 0.318838671421456 0.348686631640002 0.37717716997206 0.371983922210231 0.323983135441588 0.276915459983654 0.221955994716649 0.179747265153009 0.123359650230392 0.0503059071209323 0.043520889262984 0.0651069602764626 0.113122161839681 0.127650329792283 0.175066076848963 0.287770557035998 0.425828767505063 0.456912713714676 0.323176215241353 0.142633154519349 0.0690261643792755 0.0186982044233744 -0.0938138413647978 -0.0704522765638796 0.0484854947232608 0.166443354695559 0.272373764780406 0.322442763229663 0.354614470685137 0.341035096643553 0.321397071491672 0.320619134712095 0.311969010002874 0.284213935354917 0.218841423297521 0.145907532367237 0.0703490302017594 0.0396305363711185 0.0388442364688442 0.0253959063253649 0.0360895494654507 0.0348280882614294 0.0234346319295174
-9999 -9999 -9999 -9999 -9999 -9999 -9999 -9999 -9999 -9999 -9999 0.278600824334446 0.254525600697241 0.303484430575049 0.439723841708039 0.634194377722602 0.672400414460188 0.537111411165759 0.351809454738764 0.313827824581882 0.2791208927522 0.278539954037333 0.252518402875875 0.232855308763603 0.214526145967375 0.217608903936346 0.306408071069581 0.446101722149475 0.607200453000248 0.696573209990791 0.678835469658546 0.542408212459389 0.26706105001658 0.0796124036202059 0.0390079991878377 -0.0661874568920635 -0.106934088555073 -0.0327282359934367 0.0519954167002271 0.165888586147831 0.267100299088133 0.296304857629873 0.294619983484169 0.286738737720593 0.283545950432113 0.257241208853309 0.211771547509133 0.143452583098928 0.0588467290000419 0.0143536768513968 0.0167853624797008 0.0146662409200696 0.0428302160832563 0.0615561000319954 0.0290343750985184 0.0223235603529051
-9999 -9999 -9999 -9999 -9999 -9999 -9999 -9999 -9999 -9999 0.275186202870461 0.26848666777509 0.312111466793282 0.460957308123808 0.697547419470042 0.862941270460223 0.863191984580816 0.642162427336679 0.463652866832179 0.407756132369978 0.376818108866909 0.36349880334691 0.366485971414038 0.369258038115873 0.396511306362391 0.477406768668071 0.622303044298349 0.767466711715976 0.824578156110426 0.799639828572263 0.759585951488783 0.684208210822852 0.391857495505027 0.117336269442397 0.0717273021307908 -0.0220970152194606 -0.09193778248408 -0.0658556297182166 -0.0133034909064694 0.0472668968162051 0.146319160510238 0.19142259701117 0.211399856491799 0.207557538839507 0.18450998793062 0.140140510461136 0.0784712962357914 0.0257297471940436 0.0196699145336485 0.0212026158584619 0.00883191349374152 0.0271103887375667 0.0874497907128834 0.0974249072998829 0.0446915410250499 0.0772780566417576
-9999 -9999 -9999 -9999 -9999 -9999 -9999 -9999 -9999 -9999 0.21663291204047 0.276167796221032 0.358085023819291 0.606959051641804 0.831033185720759 0.858564578957674 0.884466298585056 0.670607408997559 0.52047287301177 0.465559958286874 0.44008548455255 0.47615863293095 0.526362930318884 0.589867576966365 0.685408064583123 0.786392629037765 0.873686011249389 0.869535374798325 0.85132507557212 0.842471421991758 0.804037317345791 0.780143690494239 0.530677945792818 0.194384889453302 0.117149561830193 0.0377248266188293 -0.0402424649095621 -0.05130924525023 -0.0315488377062826 -0.00625637026252279 0.0294535961534745 0.0501312794731193 0.0732550159027273 0.0660105514188069 0.0410295673258146 0.0323141589324517 0.0449376372650823 0.0532802888674201 0.0452431896272778 0.0365476720339605 0.008914230345132 0.0378570240460793 0.0984870143975149 0.106528694731257 0.05308156979409 0.111719111674266
-9999 -9999 -9999 -9999 -9999 -9999 -9999 -9999 0.31797535322854 0.252695998293721 0.156300608381857 0.315134852592405 0.41743065114374 0.609488024235312 0.812683150847615 0.858619635917732 0.849107747190039 0.724320863460301 0.587509047074045 0.581461685640059 0.624051165544641 0.661210874407354 0.709850588102916 0.780669401301577 0.862473720652241 0.855549773333292 0.839356488310691 0.797270892569349 0.773752645350952 0.77214736485346 0.739056342213765 0.707866781788786 0.642089817528875 0.32383084974258 0.163621535186037 0.115665025198482 0.0443521499495942 -0.000257976061100673 -0.00485035030202241 0.0118533456195218 0.0282923775398428 0.0381019336070895 0.0398298905631843 0.0479703036323512 0.0741962525914612 0.0580268829675371 0.0383318650957218 0.0164088212094251 -0.00293263467630756 -0.029563030584103 -0.0266550147327576 0.00658162778077803 0.0709857670023901 0.0852328233780058 0.0117475361949029 0.0529814967952452
-9999 -9999 -9999 -9999 -9999 -9999 -9999 -9999 0.222198913328721 0.141387135772721 0.107193435258166 0.198635647568261 0.322714545403394 0.604214168979455 0.803599837052666 0.837150079799946 0.810446789965818 0.706360034804726 0.627563291459515 0.648119761909732 0.690866471159324 0.699822968323223 0.711467596189634 0.685781790752512 0.664732932378397 0.638868568317489 0.600551427794651 0.577145504305263 0.548263447037471 0.513323828997765 0.481424933607112 0.46666953612773 0.458794565967951 0.465243224912832 0.266286967726549 0.202021018793664 0.156621763047806 0.106846883134557 0.0759526477383257 0.0812780815828035 0.0898127553880428 0.106246618249841 0.114665531034384 0.0881877051048896 0.0468056725123925 0.000656764477275251 -0.0185446852006184 -0.0311519735355031 -0.0420758044688729 -0.0272809570014937 -0.0136859293987236 0.0113602813515757 0.058185422911979 0.05012113548983 -0.0536099539648176 -0.0441791107215834
-9999 -9999 -9999 -9999 -9999 -9999 -9999 0.232709831743133 0.118508520173004 0.0624699556845937 0.195389679600963 0.161213844592395 0.232008741177934 0.532160327238979 0.773841665681236 0.821217157079118 0.774211294563296 0.650735419197148 0.560541194965283 0.540982319915432 0.542565244669464 0.522917105785121 0.496902860645133 0.469431972438188 0.449836008791127 0.430656954316186 0.399178333225943 0.355967480348058 0.334925932683869 0.334311434836389 0.343371655740762 0.334006783333903 0.338585628468089 0.353526472439877 0.355305465453213 0.255278782867445 0.228094276887952 0.204108585071763 0.175222731003979 0.153661020277816 0.125217855604058 0.102344793214801 0.0727511830333691 0.0387576333425445 0.0130397498468903 -0.0101663229193015 0.00324363164794589 0.0277133014514742 0.0557675788277796 0.0766471412167871 0.0802759597169271 0.0817829963577437 0.0859033472698792 0.0402657778925758 -0.089519536706445 -0.132681705912017
-9999 -9999 -9999 -9999 -9999 -9999 -9999 0.181066772488592 0.0427198363900378 0.11234168374131 0.348259870206356 0.192132347598481 0.175186774059189 0.455682136621971 0.702970697826892 0.770661698269916 0.711735481864381 0.600499005315895 0.509356775850775 0.457449145681431 0.419604381604031 0.386491894026032 0.356492170894073 0.323259137900255 0.288550175083589 0.261348221104859 0.24143748715326 0.233956205632259 0.22965917190421 0.229065357674047 0.239597809462919 0.254324254302125 0.273124639762246 0.29055965586793 0.310490720101408 0.33959467253006 0.255522717702704 0.185802696545238 0.14762117068284 0.119387023335367 0.0840967953637851 0.064195238925485 0.0462250306986892 0.0527077317927421 0.0730039749213972 0.0996040587169715 0.129202142974831 0.144735821683999 0.151312233733517 0.138202627309643 0.13055375712491 0.10874012256839 0.107398601390383 0.0512238419372963 -0.0684006139099242 -0.152346566646374
-9999 -9999 -9999 -9999 -9999 -9999 0.273396393063315 0.201301111176 0.108801068296447 0.24674207696587 0.412350308468613 0.160134667727356 0.133035387293003 0.42514036042134 0.616809923463029 0.680161085909523 0.615004973032544 0.537085283218342 0.46401311304017 0.416887336459579 0.375884696189094 0.334454385696353 0.296411044561856 0.266864443478712 0.237390128245226 0.215000953726505 0.200375595304401 0.188194446460506 0.185867680029878 0.19387426325143 0.207241178713878 0.222369309027319 0.241255465205298 0.258035379126218 0.263479248706109 0.254933443876773 0.229530960033336 0.197167974525598 0.175239546490266 0.150501592596768 0.115089418150445 0.0909327308649517 0.0725993688600818 0.0736235687626321 0.0840316252826289 0.097511265263263 0.107603665088724 0.108929219294966 0.107147347967041 0.101322946678962 0.0861412404425623 0.060953737678924 0.0380868514526074 0.0333488635051113 -0.038984726071797 -0.124969559424602
-9999 -9999 -9999 -9999 -9999 -9999 0.320459316799262 0.3590535432503 0.338376560326494 0.416533200645147 0.424927637657985 0.0896206492001369 0.10523111444473 0.331014322492223 0.471096857313418 0.504544715650036 0.477074181089131 0.446455016304208 0.383064448172562 0.323253808048608 0.267474666012412 0.225650356032343 0.19021978404592 0.155389603289569 0.129418154680381 0.116578019358381 0.126758693194089 0.156662592511593 0.170673370327262 0.175115422723877 0.18509015467332 0.194359872138853 0.206503401583967 0.215611737025042 0.215924024126878 0.183994258368409 0.142548578610316 0.103258198898186 0.0666391636003445 0.0354880427035907 0.0180063682176084 0.00668207835019546 0.0100789406708592 0.0192529241659866 0.0308186476872924 0.050895333060042 0.0510823481147985 0.0526917399355495 0.0460470398673154 0.0261887533876577 0.00594343529461921 -0.0328075700948459 -0.0544227622270774 -0.0515362223858942 -0.0230678880534967 -0.067761029743844
-9999 -9999 -9999 -9999 -9999 -9999 0.373324508250279 0.515715512025912 0.630310807370045 0.566835764163461 0.39113185417803 0.0441765086553416 0.0444118807019118 0.26168842372208 0.357624403543451 0.383766871844496 0.344271582580536 0.315496312874152 0.25545172732029 0.205028694976825 0.157383434782413 0.11315011629985 0.0744155984667983 0.0499001640169461 0.0476493569588643 0.0513934858420863 0.0720894349045037 0.10562245394394 0.147860001609165 0.147896510852795 0.156263621169098 0.159135588135561 0.16685320569977 0.172538322256289 0.168361319772619 0.147983132686864 0.104996889728817 0.0611034896467563 0.0219795667898139 -0.00748252482402811 -0.0280737579053917 -0.0309602630223914 -0.0360394839253494 -0.0282291051382408 -0.0111281737586524 0.00277153784977702 0.0011981250267396 -0.00981996150553521 -0.0265213073105687 -0.0468778813119693 -0.0783755148705215 -0.103631918598448 -0.119499717563722 -0.109215824845641 -0.0774912956492211 -0.0426040719822715
-9999 -9999 -9999 -9999 -9999 -9999 -9999 0.672194599488311 0.83684741920131 0.691750418400778 0.37738758351238 0.0485454423275014 0.00511509419247269 0.151644055725342 0.228859706958991 0.254560213995646 0.233173760067647 0.199840058774728 0.147898186337631 0.102040095374309 0.0617250559985147 0.0226430069493074 -0.00648883738246742 -0.0191332464373672 -0.01409311119263 5.79678600389766e-05 0.0168715776665556 0.0458122079141497 0.083234427317875 0.0977843756525586 0.103050986283748 0.103760485604612 0.109263993023899 0.10915674978619 0.100207474653193 0.0803074649949276 0.0460142515505725 0.0158875186659381 -0.022690935928356 -0.0537651410165866 -0.072520126108183 -0.0852538807898319 -0.0840246402621154 -0.0754050678210942 -0.0651317059894893 -0.0551075680846592 -0.0630704553844398 -0.0751547404297419 -0.0949708959751344 -0.119743311182196 -0.140006869962433 -0.157921410592646 -0.153864766149637 -0.136388929273673 -0.121815564298732 -0.0892670253768532
-9999 -9999 -9999 -9999 -9999 -9999 -9999 -9999 0.945394232700598 0.664007692934832 0.391073248423143 0.047665261590827 -0.0244630931214616 0.10145232337725 0.15866467314219 0.181137216995509 0.15626221419776 0.118851492720604 0.07370109804903 0.0396589869857961 0.00398322607743046 -0.0214833712226732 -0.0440352432872494 -0.0481564299302154 -0.038779320986146 -0.0245754477796619 -0.0148998606356036 0.00403893736033528 0.029472582962361 0.0537401949061317 0.0566679349973879 0.0556431401421654 0.0546318981445955 0.0523092388755411 0.0398360546811463 0.0220860830234196 0.00658282627843915 -0.016604584447677 -0.038865935993821 -0.0691134887259561 -0.0856255181081165 -0.0935323800532997 -0.0941087217861108 -0.091990783296436 -0.0851974907612645 -0.0812243031462342 -0.0856477131019041 -0.0925867142602311 -0.106135237643321 -0.124499973428176 -0.136365521151845 -0.154248827376044 -0.151712529054357 -0.136951408529315 -0.119355489839438 -0.102322638627547
-9999 -9999 -9999 -9999 -9999 -9999 0.793466711672286 0.856497450948684 0.834797367360864 0.514497223196595 0.27137924476751 0.00483383271027316 -0.0399050056920545 0.0429671714339436 0.0777448497070261 0.093034844219833 0.0883158720990658 0.0685709114934492 0.0331125661244143 -0.00190210762526338 -0.0270171482753168 -0.0428854987941641 -0.0465764638948869 -0.0445815468381724 -0.0397358313329571 -0.0322345077547666 -0.0254496302419999 -0.0127168333388807 0.003515872981466 0.0193573346700701 0.0323134103891577 0.026702891328803 0.0228740029158481 0.020345333554077 0.01331550114272 0.00528059548347831 -0.00614028668130573 -0.019265642586947 -0.03087682355605 -0.0498580923410208 -0.0657045192384244 -0.0722752622873629 -0.0801770461746247 -0.0852509063604777 -0.0864782850820109 -0.0895380763662769 -0.0907580083766123 -0.0902764061123043 -0.0949555796718871 -0.102552834790662 -0.108017488597687 -0.110405263658049 -0.103707496641349 -0.0880196581588719 -0.0728765793398786 -0.0503583363883391
-9999 -9999 -9999 -9999 -9999 0.715934225981049 0.89984552608339 0.753434802889471 0.57621346009269 0.371475540478239 0.188652237486223 -0.0319760860258851 -0.0537195911123444 0.0101193640816994 0.0465227983810428 0.0300512059389615 0.0387287290767084 0.0196506179280203 -0.000301216979560315 -0.0355913805579272 -0.056665513077216 -0.0670170468569844 -0.0537831208676751 -0.0436527959264043 -0.0443816681740816 -0.0308409054947785 -0.0239670538487947 -0.00371062381404452 0.0116066263047943 0.0133716944064238 0.0274137375440418 0.0290500401089449 0.0309160435079612 0.0322309484328532 0.0247153451004062 0.0235871641492119 0.0101274275328684 -0.00215373700321841 -0.0149714881207434 -0.0208680731869183 -0.019095381846655 -0.0362277674756977 -0.0450611000335983 -0.0642769791007531 -0.0804409678340017 -0.0935927478828025 -0.0943537891269056 -0.0832836272804685 -0.0787891037921289 -0.0818630605107381 -0.0834554392731491 -0.0646517299512153 -0.0416317834779011 -0.00317916975454668 0.0342068290568771 0.0846572049488435
-9999 -9999 -9999 -9999 -9999 1.00381159649406 0.898517531393425 0.65557232532461 0.425650495292579 0.221685677891983 0.051882515420023 -0.0532238459424491 -0.065999106085899 -0.0361844358432383 -0.00709767762379931 0.00573710665615268 0.011229390377507 -0.0147128930745134 -0.0419932630347172 -0.0785352041690213 -0.101219017961147 -0.103360513883258 -0.0898060074008582 -0.075596738719869 -0.0582075258602147 -0.0409059288568476 -0.024803651451474 -0.00738685032617115 0.0108906554377745 0.0255885297675267 0.0388086676278563 0.0434885348142134 0.0456725288697957 0.0515226683625896 0.0536834594644646 0.0531717393667352 0.0501379711817972 0.0400579560923986 0.0320581883674468 0.0331365757691458 0.0230700480922658 0.00590329827935054 -0.0222794126139502 -0.0515405773480839 -0.0716947646784278 -0.0867468162840145 -0.089041038165466 -0.0801156781249711 -0.0721494164482364 -0.0595566235309858 -0.0390750072608472 -0.0146890049225495 0.0233819524154579 0.0744577607871443 0.124333159556709 0.173187168021975
-9999 -9999 -9999 -9999 -9999 -9999 0.972079682334989 0.585422692116168 0.331490275905709 0.102679794808458 0.0170664078473829 -0.0363219941541919 -0.0484749566724748 -0.0322238282281131 -0.00691589976985951 0.0204510024451333 0.00604938766031832 -0.0434735613755131 -0.0858605804924365 -0.117152764323132 -0.143337514857369 -0.131793277945963 -0.123678289869754 -0.104128463083792 -0.0735905708232726 -0.0539654861578791 -0.0269066031262011 -0.0136455653389171 0.0115620108759161 0.0403851713540518 0.0608668938310492 0.0793292622033203 0.0826314836529256 0.0973844665677496 0.110300684147828 0.116191779321998 0.11975867694696 0.106624350249641 0.0952388302901441 0.0938355408113259 0.0725574730173246 0.0507500681557628 0.0116680785692514 -0.0260164593013216 -0.0422401693412124 -0.0679094143602558 -0.0702074622274662 -0.0669993323604177 -0.060330136963483 -0.0430233545137837 -0.00558003442606791 0.0209358538819764 0.0666522665261584 0.121705341291762 0.167053570124924 0.205316166487067
-9999 -9999 -9999 -9999 -9999 -9999 0.889259430055931 0.582311631245555 0.231412007320993 0.0997919100538817 0.0516913238373429 -0.0135656181465021 -0.0673444076447813 -0.051916012599419 -0.0140373610021116 0.0200101973093958 0.00367473709254268 -0.0413205464656384 -0.0928030923322397 -0.132724994612905 -0.143900216730687 -0.146628121256487 -0.147887337433525 -0.134549626391575 -0.097842771317753 -0.0550504019376296 -0.0431698803365659 -0.0371115884399579 -0.0144827049940514 0.0255541183115011 0.0692402203618604 0.0840452905657888 0.0945707049522118 0.115342896260014 0.136494608251331 0.15663147974491 0.156602693958662 0.145272899465492 0.135278180950645 0.12880334574018 0.118681765596934 0.0922658697329307 0.0568356542620039 0.0219262865064453 0.00112176754873239 -0.0190646809930327 -0.0322757244748225 -0.0417065265285379 -0.0484978827432254 -0.0502331513826272 -0.0394078865387123 0.0086894231834434 0.0642710541923186 0.108460996785197 0.135158392221861 0.154667640282525
-9999 -9999 -9999 -9999 -9999 -9999 0.616094550455097 0.681825457830483 0.306200852621435 0.119018472219825 0.123541325746591 0.0307266825474452 -0.0498534957293436 -0.0383960766271517 -0.0178984725302529 0.0201876498082471 0.00475394842601795 -0.0203289408819076 -0.0735094663618487 -0.125909481087613 -0.13547620349196 -0.142541797050072 -0.152619229309914 -0.143342478756484 -0.105240841689569 -0.0595179908617236 -0.0501897134978104 -0.0596916598558511 -0.0390516872230282 0.0128160233909435 0.0586225945261339 0.0835751993962278 0.0836521253757463 0.112008946218391 0.153671040434273 0.177162881190969 0.196653551180374 0.175498833228648 0.170577089180897 0.183584774702165 0.161152514998147 0.157330879212479 0.12051910747865 0.087976808635377 0.0817103223384383 0.0502406353247313 0.0391503985635905 0.00898571422769123 -0.00917260262925534 -0.020999726076261 -0.042007959515011 0.0214903286212078 0.0678997714636655 0.0976506314358551 0.10610642815244 0.0830936084811255
-9999 -9999 -9999 -9999 -9999 -9999 -9999 -9999 0.519264011643431 0.227457329713085 0.290201069506897 0.127667376824801 -0.0274685183006572 -0.00131868859513085 0.00811741366355734 0.0109873914564013 0.00657615066724621 0.00531535287986679 -0.0415949436618754 -0.118249686357695 -0.131441550567698 -0.139386938424093 -0.144109604775909 -0.14132692994783 -0.122761388821219 -0.0810524183278469 -0.0754483155327811 -0.0808233303286373 -0.0680310677201945 -0.0298780362596249 0.0152711990733148 0.0294044008451959 0.0354387130231821 0.0617205534739921 0.105352756413413 0.150597762068274 0.165933945953588 0.171848758677004 0.179641944086095 0.183673097164177 0.188032059792461 0.178443615915657 0.16490699370731 0.147398701866591 0.137293596237298 0.122726664808222 0.100396747692859 0.0766883571400562 0.0500424076929696 0.0240245037074551 0.0206564457389955 0.0444093343994862 0.0768593158825385 0.0776048671732008 0.0465980873611688 0.00269320929893885
-9999 -9999 -9999 -9999 -9999 -9999 -9999 -9999 0.655469073251022 0.461097905785935 0.539015923096581 0.264775410254088 0.00559264842091606 0.0504107126802694 0.0425153531527425 0.0198012769241233 -0.0151742719478908 -0.00819395964641567 -0.0390162548284053 -0.117300464004082 -0.122911366148815 -0.127266459409807 -0.128701937176156 -0.127234939303262 -0.115214562425582 -0.088897934714675 -0.0816608098846965 -0.0870216495607045 -0.0779825874302342 -0.0462555898382669 -0.0191762579055553 -0.00424039913467356 -0.00766237604003661 0.0170032844483563 0.0692747361944787 0.110583591543772 0.143315517826217 0.151230454356744 0.170818852897274 0.195707724546106 0.200037130840213 0.210258197982886 0.20004089345364 0.196734824057523 0.210363771701927 0.194196096733251 0.173005569880509 0.133650966151581 0.0938070556056635 0.0608157159184537 0.032569360390554 0.0380806575405143 0.044381420277886 0.0396430412750124 0.0168780759586524 -0.0219969424447802
-9999 -9999 -9999 -9999 -9999 -9999 -9999 -9999 -9999 0.7101760643517 0.731066233458846 0.365901128622286 0.0576887648519477 0.0922768406506414 0.0889304819422252 0.035360848478827 -0.012287272271728 -0.0414712128120076 -0.068156069406039 -0.112324275252945 -0.11213128574645 -0.112734099275682 -0.111554994041813 -0.112051722169475 -0.10905612959785 -0.0884518397135504 -0.0821981211803541 -0.0806458965102912 -0.0756368024345702 -0.0612063598873692 -0.0406281383133361 -0.0363987070450498 -0.033464245781808 -0.017809724278399 0.015901501284691 0.0576119273181619 0.0837667610597531 0.108937074582998 0.135719086443779 0.156749807454713 0.183473116374258 0.193610599370609 0.206668500751198 0.221449693819438 0.22923612604129 0.234024649076861 0.202461522982073 0.16235918717959 0.117303257941677 0.0666347173088028 0.0318441899859909 0.0174749406053294 0.0110755564776506 0.0100813988100394 0.0173638862620498 0.014499263860708
-9999 -9999 -9999 -9999 -9999 -9999 -9999 -9999 -9999 -9999 0.837262302098044 0.435719152023862 0.149492962355363 0.137573467167026 0.143976796316004 0.0955078745261143 0.0490936342179805 -0.0367489255039817 -0.0821851871697092 -0.0990832545344095 -0.0884389206903073 -0.0892391106577831 -0.0918906481125114 -0.0944128776559132 -0.0896889085440297 -0.0772795176849089 -0.0727186675838868 -0.0715082496643108 -0.0686515372383716 -0.0566712624831915 -0.0468656071196965 -0.0456186458577231 -0.0480138037780797 -0.0372280766407553 -0.00851491550024797 0.0214261533579553 0.0452164141414693 0.0634179995821556 0.0927647567464939 0.129315765473934 0.161083255051831 0.182851094095203 0.196909964774724 0.220256423113125 0.253691719871457 0.266402730390895 0.242307397955974 0.195325514269051 0.148826093683159 0.103092265504239 0.0627569528242541 0.0410634116975551 0.0253306239094324 0.029458231007583 0.0511694082063895 0.0587874158639296
-9999 -9999 -9999 -9999 -9999 -9999 -9999 -9999 -9999 -9999 -9999 0.518569419443448 0.247918243009679 0.200356164212698 0.22431837116026 0.227937160653068 0.22255132779308 0.0824104365104202 -0.0290674014693882 -0.051783344879846 -0.0613713612117889 -0.0693325762665576 -0.0690970018855721 -0.0711786185865435 -0.0706530282412985 -0.0652340241652106 -0.0634054412368406 -0.0601806671355057 -0.0589889429119842 -0.0536500035424609 -0.0501163363778933 -0.0502973262536707 -0.0478247796992379 -0.0409607467487884 -0.0236949005802972 -0.00663977197583265 0.0164511877228385 0.0382144565127807 0.0662380604171546 0.100156099720345 0.129697088276442 0.164322035185888 0.190081245582625 0.222392268891241 0.260575211353828 0.279381220814158 0.267424768544991 0.237897922085859 0.200049350634499 0.154185991232664 0.112076490711128 0.0908180078827517 0.0770787856547913 0.0744392674116277 0.0862742214215175 0.0959541165371335
