meets/meet006/_saidas_enm/CCSM_Maxent_0k_T_subalaris3.asc
NCOLS 154 
NROWS 168 
XLLCORNER -112 
YLLCORNER -55.5 
CELLSIZE 0.5 
NODATA_value -9999 
[rows 75 to 99 of 168, columns 55 to 109 of 154]
-9999 -9999 -9999 -9999 -9999 -9999 -9999 -9999 -9999 -9999 -9999 -9999 0.0320606790482998 0.0207371413707733 0.0213646329939365 0.0258599612861872 0.0312304105609655 0.247017607092857 0.295704126358032 0.149813994765282 0.0864369869232178 0.073996976017952 0.0746938213706017 0.086821936070919 0.0977531895041466 0.110427550971508 0.121926262974739 0.119821958243847 0.117128983139992 0.115419670939445 0.11435703933239 0.113824248313904 0.112312898039818 0.11175874620676 0.113432824611664 0.116735309362411 0.12022702395916 0.124256558716297 0.128266617655754 0.134543120861053 0.14240588247776 0.149844959378242 0.155610665678978 0.16037417948246 0.166347667574883 0.17283920943737 0.0266382321715355 0.0271793510764837 0.0274885259568691 0.0277678947895765 0.0278292205184698 0.0282602217048407 0.0291797369718552 0.0304502341896296 0.0317629687488079
-9999 -9999 -9999 -9999 -9999 -9999 -9999 -9999 -9999 -9999 -9999 -9999 0.0267090406268835 0.0303953774273396 0.0275749731808901 0.0297746770083904 0.039477352052927 0.0488796643912792 0.0716122165322304 0.0732684507966042 0.180313050746918 0.0706871226429939 0.0754960775375366 0.08808983117342 0.0938704311847687 0.104077659547329 0.107584118843079 0.116136811673641 0.113678976893425 0.111015483736992 0.109554961323738 0.108872227370739 0.107082948088646 0.108365535736084 0.110529482364655 0.113594576716423 0.119341656565666 0.120902299880981 0.125211209058762 0.131563127040863 0.139555007219315 0.151662200689316 0.155487895011902 0.16129344701767 0.167630180716515 0.17231610417366 0.181174322962761 0.0274214372038841 0.0274753272533417 0.0278566256165504 0.0280986521393061 0.0285594221204519 0.0294419713318348 0.0303201284259558 0.0309719536453485
-9999 -9999 -9999 -9999 -9999 -9999 -9999 -9999 -9999 -9999 -9999 -9999 -9999 0.0312507264316082 0.0365056209266186 0.0468725189566612 0.0610785894095898 0.0740063786506653 0.0836388617753983 0.0893228054046631 0.0689922124147415 0.288096964359283 0.137073412537575 0.0883367657661438 0.0831144154071808 0.0973967239260674 0.111287891864777 0.113835707306862 0.108528822660446 0.105196051299572 0.102277897298336 0.101193360984325 0.0992160215973854 0.099782407283783 0.101978473365307 0.105643823742867 0.11152783036232 0.113960035145283 0.117816850543022 0.123529374599457 0.130543872714043 0.139705643057823 0.144298434257507 0.150642886757851 0.157643705606461 0.164917692542076 0.173753678798676 0.178246378898621 0.0272239223122597 0.0278721768409014 0.0283254403620958 0.0287559628486633 0.0293504353612661 0.0298555120825768 0.0302475448697805
-9999 -9999 -9999 -9999 -9999 -9999 -9999 -9999 -9999 -9999 -9999 -9999 -9999 0.183349296450615 0.0470396280288696 0.0841636061668396 0.0832331702113152 0.0816780775785446 0.0918242111802101 0.0803571119904518 0.0705854967236519 0.0771876722574234 0.32951420545578 0.0967125073075294 0.0744262263178825 0.104272685945034 0.13251730799675 0.109861440956593 0.093455895781517 0.0869475826621056 0.0870216637849808 0.091935470700264 0.0896818935871124 0.0885885655879974 0.0904020294547081 0.0944858640432358 0.0994779914617538 0.103682294487953 0.107410855591297 0.112489990890026 0.118271589279175 0.123133130371571 0.129053637385368 0.132722929120064 0.142225831747055 0.153936147689819 0.163615927100182 0.174991771578789 0.180959597229958 0.0281707793474197 0.0288948062807322 0.0291304159909487 0.0295170899480581 0.0296423155814409 0.0297679621726274
-9999 -9999 -9999 -9999 -9999 -9999 -9999 -9999 -9999 -9999 -9999 -9999 -9999 -9999 0.19979003071785 0.0945392251014709 0.0795316398143768 0.0669974982738495 0.0528986677527428 0.0353602431714535 0.0310819670557976 0.0395452864468098 0.055058766156435 0.0601897574961185 0.12446353584528 0.130205377936363 0.124529711902142 0.0986673906445503 0.0710103213787079 0.0605687759816647 0.0635964572429657 0.0430430732667446 0.045013539493084 0.0475534200668335 0.080859899520874 0.0841576382517815 0.0881413295865059 0.0920015946030617 0.0940824449062347 0.101759634912014 0.107875600457191 0.11311312764883 0.116335891187191 0.119897663593292 0.13053771853447 0.146789014339447 0.162326008081436 0.175587579607964 0.184839308261871 0.029177263379097 0.0298402365297079 0.0300381854176521 0.029955567792058 0.0308455601334572 0.0324293933808804
-9999 -9999 -9999 -9999 -9999 -9999 -9999 -9999 -9999 -9999 -9999 -9999 -9999 -9999 0.148129314184189 0.103501051664352 0.0703683793544769 0.0558578260242939 0.0173775348812342 0.0151015687733889 0.0247983559966087 0.0382907539606094 0.0412102155387402 0.0827610641717911 0.0936013162136078 0.0459942780435085 0.0192106496542692 0.108782894909382 0.0619875304400921 0.0430159233510494 0.0446727499365807 0.0495518147945404 0.0302501246333122 0.0344267599284649 0.0393935181200504 0.0453701838850975 0.0734493061900139 0.0815545246005058 0.0841248258948326 0.0895058959722519 0.0949233174324036 0.0994880869984627 0.109309166669846 0.111059330403805 0.122688643634319 0.143686264753342 0.165467590093613 0.177272439002991 0.189372584223747 0.190157726407051 0.0299457125365734 0.0311166625469923 0.0315623953938484 0.0331401154398918 0.0344085358083248
-9999 -9999 -9999 -9999 -9999 -9999 -9999 -9999 -9999 -9999 -9999 -9999 -9999 -9999 -9999 0.10868027061224 0.0917616784572601 0.0481118597090244 0.0130084846168756 0.0117577034980059 0.0220545325428247 0.0366429165005684 0.0500769540667534 0.101194880902767 0.1489337682724 0.165238261222839 0.143803521990776 0.0483918525278568 0.0131451804190874 0.0521947331726551 0.0417576059699059 0.0325821973383427 0.0350384972989559 0.038779154419899 0.0277183745056391 0.034388218075037 0.0407036207616329 0.0451485142111778 0.0749854892492294 0.0811121389269829 0.0897997096180916 0.0982794240117073 0.104609966278076 0.110267423093319 0.122582234442234 0.140594735741615 0.159071609377861 0.173315837979317 0.176061809062958 0.165427148342133 0.172242313623428 0.183075577020645 0.0298364851623774 0.0307491756975651 0.032420452684164
-9999 -9999 -9999 -9999 -9999 -9999 -9999 -9999 -9999 -9999 -9999 -9999 -9999 -9999 -9999 0.380004674196243 0.126905679702759 0.0382672250270844 0.015164322219789 0.0118913296610117 0.0175394173711538 0.0311328787356615 0.0427985414862633 0.0935820117592812 0.136639177799225 0.165681526064873 0.206390857696533 0.176405295729637 0.0517805740237236 0.0161168873310089 0.0104281939566135 0.0290139112621546 0.035602655261755 0.033376932144165 0.0209885202348232 0.0266700014472008 0.0306611023843288 0.0375714860856533 0.0402488224208355 0.0698097720742226 0.0795394480228424 0.0920049548149109 0.0990885347127914 0.108387485146523 0.121573470532894 0.136731818318367 0.153778970241547 0.167492806911469 0.158511340618134 0.15536168217659 0.172411814332008 0.1717359572649 0.192905113101006 0.0301548521965742 0.0316714607179165
-9999 -9999 -9999 -9999 -9999 -9999 -9999 -9999 -9999 -9999 -9999 -9999 -9999 -9999 -9999 -9999 0.240867927670479 0.0403549298644066 0.0317405462265015 0.0234501417726278 0.017069710418582 0.0186550654470921 0.0238037668168545 0.0341690294444561 0.052401065826416 0.0735355019569397 0.0978380814194679 0.128473788499832 0.126992136240005 0.112537398934364 0.0907723903656006 0.0329943746328354 0.0765574350953102 0.0365898497402668 0.0272884387522936 0.0217391233891249 0.0289828330278397 0.0328196845948696 0.0347767360508442 0.0625057369470596 0.0685757026076317 0.0772068500518799 0.0884387567639351 0.102979503571987 0.108491584658623 0.132086470723152 0.148442476987839 0.161588236689568 0.167020931839943 0.17966416478157 0.203820094466209 0.218026101589203 0.229205176234245 0.225733414292336 0.0362946279346943
-9999 -9999 -9999 -9999 -9999 -9999 -9999 -9999 -9999 -9999 -9999 -9999 -9999 -9999 -9999 -9999 0.0570201575756073 0.186470538377762 0.041572917252779 0.0320393815636635 0.0173364598304033 0.0103059764951468 0.0144185507670045 0.0245780162513256 0.0282265357673168 0.0365895740687847 0.0430879071354866 0.0622213669121265 0.0824758559465408 0.109187088906765 0.0871070772409439 0.120464600622654 0.0552093125879765 0.0499602593481541 0.028037091717124 0.0341039709746838 0.0471483245491982 0.0467001050710678 0.0469745993614197 0.0533505044877529 0.0586528703570366 0.0639163553714752 0.0782625153660774 0.0965526774525642 0.0912903472781181 0.109829716384411 0.141639828681946 0.158040717244148 0.175057351589203 0.193543329834938 0.210250467061996 0.219598680734634 0.229307994246483 0.240062177181244 0.242867067456245
-9999 -9999 -9999 -9999 -9999 -9999 -9999 -9999 -9999 -9999 -9999 -9999 -9999 -9999 -9999 -9999 0.149174630641937 0.0436848104000092 0.125747516751289 0.0169753953814507 0.0166836343705654 0.0159430503845215 0.0138820549473166 0.0180176515132189 0.0238340385258198 0.0255037061870098 0.0273308977484703 0.0307382568717003 0.033338651061058 0.036552794277668 0.0458693578839302 0.0573399588465691 0.0567896142601967 0.0242339204996824 0.0632296577095985 0.0455069094896317 0.0394810698926449 0.041308768093586 0.0449810177087784 0.0539338104426861 0.0608714818954468 0.0651255398988724 0.0724306702613831 0.0930014178156853 0.0819836184382439 0.0912439152598381 0.12003967911005 0.151127964258194 0.171441406011581 0.188199624419212 0.20200777053833 0.217399433255196 0.216065391898155 0.217693462967873 0.238137662410736
-9999 -9999 -9999 -9999 -9999 -9999 -9999 -9999 -9999 -9999 -9999 -9999 -9999 -9999 -9999 -9999 -9999 0.120133742690086 0.0190883334726095 0.0589365251362324 0.011957973241806 0.00464976625517011 0.00598700810223818 0.00763174798339605 0.0138050662353635 0.016976336017251 0.0178354363888502 0.0129631534218788 0.0112590081989765 0.0133018009364605 0.0290282461792231 0.0490079410374165 0.048210646957159 0.0698889940977097 0.030177503824234 0.0919963046908379 0.0540054924786091 0.0498666614294052 0.0514913089573383 0.0572863817214966 0.060762919485569 0.0654428973793983 0.0759444162249565 0.0917812064290047 0.0730253756046295 0.0855255424976349 0.111288659274578 0.138163864612579 0.152241766452789 0.164701253175735 0.176229730248451 0.191863179206848 0.182794257998466 0.180116131901741 0.202095821499825
-9999 -9999 -9999 -9999 -9999 -9999 -9999 -9999 -9999 -9999 -9999 -9999 -9999 -9999 -9999 -9999 -9999 -9999 0.130377635359764 0.00605150545015931 0.0371243804693222 0.0374535582959652 0.00665794219821692 0.00900677684694529 0.00988102331757545 0.00969386007636786 0.00623031612485647 0.00513168284669518 0.00466773938387632 0.00704742502421141 0.0185909792780876 0.0392558686435223 0.0537653118371964 0.0867035463452339 0.101936317980289 0.076281376183033 0.113612338900566 0.0791292265057564 0.0644388422369957 0.0607965849339962 0.0726355612277985 0.083446741104126 0.0903689190745354 0.0857443287968636 0.081363745033741 0.0979058146476746 0.117888763546944 0.119908049702644 0.122521206736565 0.127335399389267 0.134358525276184 0.134629964828491 0.138367012143135 0.136205717921257 0.149992525577545
-9999 -9999 -9999 -9999 -9999 -9999 -9999 -9999 -9999 -9999 -9999 -9999 -9999 -9999 -9999 -9999 -9999 -9999 -9999 -9999 0.0033441933337599 0.00282906880602241 0.0322507582604885 0.00675024790689349 0.00698668323457241 0.00623514223843813 0.0048354547470808 0.00419999472796917 0.0036528545897454 0.00500203901901841 0.0111391684040427 0.0267851240932941 0.0437347292900085 0.0978216901421547 0.137898579239845 0.116578094661236 0.0910860076546669 0.0221399776637554 0.0985886603593826 0.0754517167806625 0.0795668140053749 0.0748420059680939 0.0936772376298904 0.0925094783306122 0.0994581803679466 0.105454064905643 0.105833061039448 0.107905596494675 0.104324012994766 0.105935849249363 0.10870423913002 0.104494445025921 0.109671331942081 0.111170254647732 0.11701038479805
-9999 -9999 -9999 -9999 -9999 -9999 -9999 -9999 -9999 -9999 -9999 -9999 -9999 -9999 -9999 -9999 -9999 -9999 -9999 -9999 -9999 -9999 0.0054090628400445 0.0409661196172237 0.0570763908326626 0.00791715364903212 0.00621728925034404 0.00465290667489171 0.00431635417044163 0.00541587686166167 0.00671914592385292 0.0102546466514468 0.0255828276276588 0.0595077201724052 0.105719149112701 0.126557782292366 0.149097606539726 0.12231133878231 0.0368897207081318 0.112181670963764 0.098139688372612 0.0827120244503021 0.0884688198566437 0.0991498827934265 0.09714575111866 0.0996986255049706 0.100585497915745 0.10272079706192 0.1036137342453 0.10159308463335 0.101078547537327 0.0988419502973557 0.100997611880302 0.10644093900919 0.112532064318657
-9999 -9999 -9999 -9999 -9999 -9999 -9999 -9999 -9999 -9999 -9999 -9999 -9999 -9999 -9999 -9999 -9999 -9999 -9999 -9999 -9999 -9999 -9999 -9999 0.0524157509207726 0.0775433629751205 0.00939745828509331 0.00507853692397475 0.00439192866906524 0.0048606232739985 0.00551405409350991 0.00697556510567665 0.0157307498157024 0.0385598503053188 0.0635679662227631 0.0910730212926865 0.130436688661575 0.153334692120552 0.128424167633057 0.0556355081498623 0.167084932327271 0.108544550836086 0.0920468345284462 0.0929044112563133 0.0917255878448486 0.0938274040818214 0.0982407703995705 0.101963125169277 0.103050023317337 0.0997487306594849 0.0949320718646049 0.0935591980814934 0.0968499854207039 0.102327056229115 0.10742262750864
-9999 -9999 -9999 -9999 -9999 -9999 -9999 -9999 -9999 -9999 -9999 -9999 -9999 -9999 -9999 -9999 -9999 -9999 -9999 -9999 -9999 -9999 -9999 -9999 -9999 -9999 0.055910736322403 0.0444886907935143 0.00510434899479151 0.00441910279914737 0.00550897046923637 0.00920139346271753 0.012122199870646 0.0170786678791046 0.0297708101570606 0.0509482137858868 0.0780764892697334 0.104844950139523 0.136356636881828 0.141457349061966 0.107654675841331 0.231205582618713 0.116037830710411 0.0915523320436478 0.0846381708979607 0.0894790291786194 0.0976279824972153 0.100503325462341 0.101195104420185 0.0980750545859337 0.0910520851612091 0.0872447118163109 0.0906292051076889 0.0957945510745049 0.0992782711982727
-9999 -9999 -9999 -9999 -9999 -9999 -9999 -9999 -9999 -9999 -9999 -9999 -9999 -9999 -9999 -9999 -9999 -9999 -9999 -9999 -9999 -9999 -9999 -9999 -9999 -9999 0.00373675464652479 0.0325724631547928 0.03520417958498 0.0351841747760773 0.00352411903440952 0.00492400396615267 0.00754004716873169 0.0108699481934309 0.0166378375142813 0.0284247603267431 0.0455474555492401 0.0647344067692757 0.0902923196554184 0.120396710932255 0.103678017854691 0.45631155371666 0.157531604170799 0.109888330101967 0.0838151499629021 0.0852105244994164 0.0960005968809128 0.0992139875888824 0.0996764823794365 0.0967620313167572 0.0907232165336609 0.0847184062004089 0.0834387317299843 0.0866144970059395 0.0898855850100517
-9999 -9999 -9999 -9999 -9999 -9999 -9999 -9999 -9999 -9999 -9999 -9999 -9999 -9999 -9999 -9999 -9999 -9999 -9999 -9999 -9999 -9999 -9999 -9999 -9999 -9999 -9999 -9999 0.00861140340566635 0.0265858974307775 0.0118893813341856 0.00613665720447898 0.00138372275978327 0.00375730381347239 0.0102113708853722 0.0150047522038221 0.0158648230135441 0.0298130474984646 0.0482049323618412 0.0687572509050369 0.0874635204672813 0.446234673261642 0.290257155895233 0.126868471503258 0.0852683559060097 0.084774561226368 0.0943040922284126 0.0950301289558411 0.0972455441951752 0.0946172252297401 0.0879056006669998 0.0841616466641426 0.0802306905388832 0.0787491574883461 0.081838071346283
-9999 -9999 -9999 -9999 -9999 -9999 -9999 -9999 -9999 -9999 -9999 -9999 -9999 -9999 -9999 -9999 -9999 -9999 -9999 -9999 -9999 -9999 -9999 -9999 -9999 -9999 -9999 -9999 0.00221686321310699 0.00337202847003937 0.0115225110203028 0.0082618985325098 0.0124928839504719 0.0330733582377434 0.00861090701073408 0.0123457219451666 0.0146598657593131 0.0196829382330179 0.0246757604181767 0.0375261716544628 0.0608877912163734 0.091239407658577 0.452539622783661 0.144453346729279 0.0885528102517128 0.0825554504990578 0.0901337638497353 0.0895162746310234 0.0888533517718315 0.0852920562028885 0.080800749361515 0.0778435096144676 0.0760491713881493 0.0766278877854347 0.079162672162056
-9999 -9999 -9999 -9999 -9999 -9999 -9999 -9999 -9999 -9999 -9999 -9999 -9999 -9999 -9999 -9999 -9999 -9999 -9999 -9999 -9999 -9999 -9999 -9999 -9999 -9999 -9999 -9999 -9999 0.00205284729599953 0.00782535504549742 0.0266432482749224 0.0436660312116146 0.106645256280899 0.124172955751419 0.018351212143898 0.0206114780157804 0.0194397419691086 0.017468923702836 0.0236532799899578 0.0490713119506836 0.105382323265076 0.420142650604248 0.106897488236427 0.0659215971827507 0.0803985372185707 0.0837417617440224 0.0826379582285881 0.080664835870266 0.0773022919893265 0.0729356408119202 0.0690968856215477 0.0719094499945641 0.0749707594513893 0.0800953581929207
-9999 -9999 -9999 -9999 -9999 -9999 -9999 -9999 -9999 -9999 -9999 -9999 -9999 -9999 -9999 -9999 -9999 -9999 -9999 -9999 -9999 -9999 -9999 -9999 -9999 -9999 -9999 -9999 -9999 0.00193879578728229 0.00374237820506096 0.0417026802897453 0.131291568279266 0.145566791296005 0.131175920367241 0.0207063686102629 0.0254022348672152 0.0202375240623951 0.0160433538258076 0.0189351588487625 0.0439962074160576 0.0975845381617546 0.433328181505203 0.164753541350365 0.0702979266643524 0.0665851309895515 0.0776730626821518 0.0752322524785995 0.0731656029820442 0.0717999935150146 0.0701439380645752 0.0699092298746109 0.0717777237296104 0.0752693489193916 0.082826554775238
-9999 -9999 -9999 -9999 -9999 -9999 -9999 -9999 -9999 -9999 -9999 -9999 -9999 -9999 -9999 -9999 -9999 -9999 -9999 -9999 -9999 -9999 -9999 -9999 -9999 -9999 -9999 -9999 -9999 0.00198167632333934 0.00460772076621652 0.0382771678268909 0.185863256454468 0.144315719604492 0.127081543207169 0.0211422182619572 0.0264285895973444 0.0208885036408901 0.0144286463037133 0.0168265532702208 0.0394732542335987 0.0658685490489006 0.371583968400955 0.151688441634178 0.0612285621464252 0.057251825928688 0.0528942346572876 0.0694904699921608 0.0684926584362984 0.068133682012558 0.0703329816460609 0.0727352127432823 0.0752786695957184 0.0783642902970314 0.088090680539608
-9999 -9999 -9999 -9999 -9999 -9999 -9999 -9999 -9999 -9999 -9999 -9999 -9999 -9999 -9999 -9999 -9999 -9999 -9999 -9999 -9999 -9999 -9999 -9999 -9999 -9999 -9999 -9999 -9999 0.00204451498575509 0.00689099589362741 0.131393998861313 0.192938163876534 0.140913739800453 0.123660668730736 0.0199281573295593 0.024157389998436 0.0185036864131689 0.0149812484160066 0.0216689016669989 0.0360015295445919 0.0542086325585842 0.309626281261444 0.137883365154266 0.0542633906006813 0.0404779650270939 0.0420024283230305 0.0656943991780281 0.0659849718213081 0.067999504506588 0.0732605829834938 0.0785640180110931 0.0819677412509918 0.0863594487309456 0.0986302867531776
-9999 -9999 -9999 -9999 -9999 -9999 -9999 -9999 -9999 -9999 -9999 -9999 -9999 -9999 -9999 -9999 -9999 -9999 -9999 -9999 -9999 -9999 -9999 -9999 -9999 -9999 -9999 -9999 -9999 0.00213156430982053 0.0173480566591024 0.237021461129189 0.190068513154984 0.132599800825119 0.0165408533066511 0.0187251456081867 0.0202373396605253 0.018248338252306 0.0198521465063095 0.0285983998328447 0.0421263501048088 0.0448615401983261 0.278024584054947 0.114388331770897 0.0448396094143391 0.0331297144293785 0.0304799694567919 0.0475400239229202 0.0684121996164322 0.0661378130316734 0.0781003162264824 0.0855024456977844 0.0908774808049202 0.0949732735753059 0.110059507191181
