meets/meet006/_saidas_enm/CCSM_Maxent_0k_T_subalaris3.asc
NCOLS 154 
NROWS 168 
XLLCORNER -112 
YLLCORNER -55.5 
CELLSIZE 0.5 
NODATA_value -9999 
[rows 50 to 74 of 168, columns 55 to 109 of 154]
-9999 -9999 -9999 -9999 -9999 -9999 -9999 -9999 -9999 -9999 -9999 -9999 -9999 -9999 0.00255900342017412 0.00450509181246161 0.00535961333662271 0.00419547967612743 0.00317912432365119 0.00353151792660356 0.0404338240623474 0.00770412618294358 0.0101815341040492 0.00737198069691658 0.00499932467937469 0.00492252130061388 0.00426380755379796 0.00263113621622324 0.00129440065938979 0.00104894256219268 0.000982008292339742 0.00109846040140837 0.00136576651129872 0.00136348162777722 0.00187108118552715 0.0060819061473012 0.0110996970906854 0.0120961777865887 0.0115355122834444 0.022450027987361 0.0138809271156788 0.0107838781550527 0.0137645360082388 0.0119324298575521 0.00560921197757125 0.00223021628335118 0.00046752771595493 0.00520122423768044 0.00457616569474339 0.00433393195271492 0.00609888974577188 0.00569803873077035 0.00545863155275583 0.0131382048130035 0.0237716715782881
-9999 -9999 -9999 -9999 -9999 -9999 -9999 -9999 -9999 -9999 -9999 -9999 -9999 -9999 0.00388312712311745 0.00395250506699085 0.0037270977627486 0.00382286286912858 0.00434346776455641 0.0332951135933399 0.032244760543108 0.00434389524161816 0.00401815585792065 0.00261014234274626 0.00171267241239548 0.00146760791540146 0.00100364012178034 0.00101393135264516 0.00105582072865218 0.0011088039027527 0.00110867980401963 0.00125157390721142 0.00136603228747845 0.00139611819759011 0.00110958493314683 0.00275370548479259 0.00566565524786711 0.0102694453671575 0.0108606545254588 0.0105201015248895 0.0115731228142977 0.0086061917245388 0.00849718041718006 0.0070323534309864 0.00485020084306598 0.00271293520927429 0.00160800374578685 0.00130533461924642 0.00140209042001516 0.0096141966059804 0.00764386262744665 0.00621897960081697 0.00735061196610332 0.0150084709748626 0.0262826215475798
-9999 -9999 -9999 -9999 -9999 -9999 -9999 -9999 -9999 -9999 -9999 -9999 0.00307255797088146 0.00527038285508752 0.00358287850394845 0.00336003489792347 0.00331273628398776 0.00308646098710597 0.00472814170643687 0.00479829916730523 0.00278843427076936 0.00282799755223095 0.00262289657257497 0.00121871079318225 0.000792182108853012 0.000804267299827188 0.000916279503144324 0.000858859799336642 0.00090090447338298 0.000941328704357147 0.000983953243121505 0.00117677228990942 0.00133027194533497 0.00145869876723737 0.00121643661987036 0.00165317486971617 0.00515372771769762 0.00770338391885161 0.00926827453076839 0.0711938589811325 0.00991757400333881 0.00898537412285805 0.00785427168011665 0.00653560366481543 0.00509960204362869 0.00395630346611142 0.00351609406061471 0.00249773729592562 0.00275547220371664 0.0159122981131077 0.00814168248325586 0.00753427064046264 0.0127265211194754 0.0183542519807816 0.029200553894043
-9999 -9999 -9999 -9999 -9999 -9999 -9999 -9999 -9999 -9999 -9999 0.00425032479688525 0.00481244036927819 0.00314016523770988 0.0030613299459219 0.00310524250380695 0.00313385669142008 0.0241901651024818 0.00301961204968393 0.00295904697850347 0.00289960927329957 0.00258835032582283 0.00137683725915849 0.00128688779659569 0.00121662369929254 0.000902035506442189 0.000918554200325161 0.000932154478505254 0.000933698960579932 0.000918734818696976 0.000916540564503521 0.000943854392971843 0.00113714765757322 0.00130408478435129 0.00116943730972707 0.00102729967329651 0.00238248100504279 0.00490133371204138 0.00579305458813906 0.00633899820968509 0.00630309013649821 0.00593151524662971 0.0057180542498827 0.00527839781716466 0.00439924048259854 0.00327553995884955 0.0027426453307271 0.00197357451543212 0.0124212987720966 0.0080229714512825 0.00905518513172865 0.016033660620451 0.0236692875623703 0.0255748350173235 0.0418728440999985
-9999 -9999 -9999 -9999 -9999 -9999 -9999 -9999 -9999 -9999 -9999 0.0124564785510302 0.0053252549842 0.00276342709548771 0.0317353904247284 0.0389085337519646 0.0376209244132042 0.0253680180758238 0.00301652611233294 0.00131076027173549 0.00131366797722876 0.00126126979012042 0.00130594603251666 0.00135545374359936 0.00134323840029538 0.00100752268917859 0.000993505702354014 0.000952089088968933 0.000920054619200528 0.000892564130481333 0.000886275083757937 0.00088002672418952 0.000886153604369611 0.00106541300192475 0.00103180587757379 0.000838976935483515 0.00153688760474324 0.00314494944177568 0.00350255682133138 0.00386814307421446 0.00284607685171068 0.0241009127348661 0.00313131837174296 0.0030551275704056 0.00256316130980849 0.0144596006721258 0.0108432536944747 0.0066073932684958 0.00817867275327444 0.0150286583229899 0.0244800802320242 0.0468385890126228 0.0543852373957634 0.0489680469036102 0.0641232281923294
-9999 -9999 -9999 -9999 -9999 -9999 -9999 -9999 -9999 0.00391525914892554 0.0167292300611734 0.0266005340963602 0.00863319076597691 0.0311521701514721 0.0368431359529495 0.0521515533328056 0.0445767790079117 0.0254838913679123 0.00153444218449295 0.000861570297274739 0.000878882419783622 0.00129260681569576 0.00133180886041373 0.00137478928081691 0.00140871561598033 0.00102578895166516 0.00100812176242471 0.000944523490034044 0.000897263584192842 0.000867519644089043 0.000855050282552838 0.000847635907121003 0.000819347391370684 0.000800916342996061 0.000815231818705797 0.000746732926927507 0.000929446192458272 0.00131524575408548 0.00160242174752057 0.00173017347697169 0.00152128865011036 0.00137369870208204 0.00114424200728536 0.00115228595677763 0.000961686891969293 0.000664881023112684 0.00102386984508485 0.00178631511516869 0.0031815639231354 0.00512802693992853 0.00983529072254896 0.101985543966293 0.104182705283165 0.0883268788456917 0.0921040028333664
-9999 -9999 -9999 -9999 -9999 -9999 -9999 -9999 -9999 0.0103746363893151 0.0443167686462402 0.0369105264544487 0.0991800129413605 0.0497989170253277 0.0455331318080425 0.0582578592002392 0.0502395182847977 0.0245350189507008 0.00133182876743376 0.00077647966099903 0.000824383459985256 0.000902600993867964 0.000912659685127437 0.000942082377150655 0.000932228052988648 0.000919198675546795 0.000914036703761667 0.000865642563439906 0.000834699079860002 0.000810827652458102 0.000795633823145181 0.000789843732491136 0.000775825523305684 0.000778826768510044 0.00077099323971197 0.000722495664376765 0.000689671898726374 0.000659741170238703 0.000754210923332721 0.000821346882730722 0.000711164728272706 0.000593172677326947 0.000523453578352928 0.000502074661199003 0.000714487570803612 0.00131041731219739 0.00255915708839893 0.00422172946855426 0.00781180476769805 0.0158783383667469 0.0234099999070168 0.0288043618202209 0.0253609828650951 0.0189334787428379 0.116453193128109
-9999 -9999 -9999 -9999 -9999 -9999 -9999 -9999 0.0128619223833084 0.0425527170300484 0.080107294023037 0.432059615850449 0.185425609350204 0.0742858275771141 0.0445974580943584 0.0453143678605556 0.0479693487286568 0.0235182642936707 0.00917368475347757 0.000683543446939439 0.000703827012330294 0.000749963859561831 0.00076448597246781 0.000760740018449724 0.000757774047087878 0.000767130055464804 0.00075554772047326 0.000748848542571068 0.000734355126041919 0.000747465062886477 0.000728470331523567 0.000728260667528957 0.000724226818419993 0.000718618975952268 0.000710195221472532 0.000700403528753668 0.000645105203147978 0.000607979367487133 0.000559588545002043 0.000538581691216677 0.000540945329703391 0.000527074269484729 0.000530375284142792 0.00078290730016306 0.00153515138663352 0.00313666369765997 0.00661819940432906 0.0118279159069061 0.0220812540501356 0.0354336649179459 0.0417852587997913 0.0415074080228806 0.0379016064107418 0.0258967243134975 0.0186125747859478
-9999 -9999 -9999 -9999 -9999 -9999 -9999 -9999 0.066514790058136 0.0803984627127647 0.116106569766998 0.48917219042778 0.239897042512894 0.06259386241436 0.0274897255003452 0.0269654989242554 0.0342597924172878 0.0208816025406122 0.00617888383567333 0.000620001635979861 0.000623605388682336 0.000654619303531945 0.00066546571906656 0.000661489029880613 0.000656262505799532 0.000695222290232778 0.00073972757672891 0.000798860273789614 0.000845326401758939 0.000806226511485875 0.000707720057107508 0.000658160890452564 0.000659621844533831 0.000663708138745278 0.000665802566800267 0.000651885464321822 0.000637633726000786 0.000601032108534127 0.000555663660634309 0.00054032594198361 0.000594638055190444 0.00081295904237777 0.00124873779714108 0.00237829447723925 0.00487589510157704 0.0097896559163928 0.0193789079785347 0.0298783164471388 0.0417310073971748 0.0446102023124695 0.0445179007947445 0.0431089773774147 0.0388239212334156 0.0344044491648674 0.0232624653726816
-9999 -9999 -9999 -9999 -9999 -9999 -9999 0.0442850105464458 0.148033320903778 0.150386989116669 0.129970714449883 0.463919162750244 0.215093731880188 0.0291115343570709 0.0172147341072559 0.0194388497620821 0.026231924071908 0.0102792074903846 0.00557788088917732 0.00458114175125957 0.00058779475511983 0.000615418481174856 0.000718573748599738 0.000808564655017108 0.000882087333593518 0.000931570073589683 0.000941893376875669 0.00102572294417769 0.00108392362017184 0.00105152477044612 0.000963423575740308 0.000842568289954215 0.000769401085563004 0.000708750681951642 0.000668660271912813 0.000688684755004942 0.000734740286134183 0.000774903921410441 0.000838372914586216 0.00104165193624794 0.00126346002798527 0.00180346460547298 0.0031221725512296 0.00549354497343302 0.011121878400445 0.02225536480546 0.0363935045897961 0.0390781685709953 0.0411723852157593 0.0414830334484577 0.0410982146859169 0.0399536900222301 0.0376195460557938 0.0339461676776409 0.0279053878039122
-9999 -9999 -9999 -9999 -9999 -9999 -9999 0.0556214116513729 0.142306685447693 0.149603828787804 0.111820578575134 0.373827308416367 0.160200476646423 0.0193867739289999 0.0174043010920286 0.019306980073452 0.0247880928218365 0.0104530556127429 0.00563706597313285 0.00554885296151042 0.00074136268813163 0.000845563365146518 0.00100940885022283 0.00118990417104214 0.00129178038332611 0.00128049962222576 0.00124548352323472 0.00129411311354488 0.00134228158276528 0.00131545029580593 0.00123764027375728 0.00114911049604416 0.00108464295044541 0.00103924761060625 0.000975948292762041 0.000915012380573899 0.000980862649157643 0.00110305321868509 0.00135348038747907 0.00184029701631516 0.00250284583307803 0.00392533047124743 0.00624933652579784 0.0107152825221419 0.0203720759600401 0.0327273048460484 0.0360855907201767 0.0368594378232956 0.0372023023664951 0.0372679345309734 0.036868866533041 0.0359326936304569 0.0343757271766663 0.0307283010333776 0.0230926461517811
-9999 -9999 -9999 -9999 -9999 -9999 -9999 0.0556773282587528 0.130381837487221 0.145564988255501 0.107687741518021 0.304960042238235 0.131501376628876 0.0231372769922018 0.0175370536744595 0.0193814467638731 0.0235828813165426 0.0101960208266973 0.00671379873529077 0.000918639416340739 0.0010169146116823 0.0011495245853439 0.00149702175986022 0.00185091432649642 0.00199464219622314 0.00184976041782647 0.00165008055046201 0.00172313617076725 0.00170124124269933 0.00167726795189083 0.00169295829255134 0.00155290577095002 0.00158859370276332 0.00148663716390729 0.00144575373269618 0.00139817665331066 0.001284233876504 0.0015849742339924 0.00201663514599204 0.0030428112950176 0.00464593432843685 0.00766663020476699 0.0127126295119524 0.020617512986064 0.0304550584405661 0.0329217314720154 0.0334393195807934 0.0338731780648232 0.0338637605309486 0.033778004348278 0.0336397625505924 0.0328338928520679 0.0311899278312922 0.0271415505558252 0.0184093359857798
-9999 -9999 -9999 -9999 -9999 -9999 -9999 -9999 0.0678552016615868 0.136329919099808 0.0895745754241943 0.284959733486176 0.139496952295303 0.0309906229376793 0.0242254268378019 0.0251710340380669 0.0222428012639284 0.0102938236668706 0.00832002330571413 0.00121269177179784 0.00139081652741879 0.00168527173809707 0.00216144975274801 0.00269543216563761 0.00290876883082092 0.0026604481972754 0.00238827499561012 0.002363087143749 0.00238794204778969 0.0023892552126199 0.00243637687526643 0.00239401939325035 0.00237240199930966 0.0022933806758374 0.00227861385792494 0.00230070343241096 0.00240488676354289 0.00270352349616587 0.003155019832775 0.00477704824879766 0.00746980914846063 0.0126911830157042 0.0203255489468575 0.0288110058754683 0.0308916848152876 0.0313310995697975 0.0311707034707069 0.0311527978628874 0.0311423446983099 0.0310439616441727 0.0308400467038155 0.0302931685000658 0.0280328970402479 0.0225369594991207 0.0143070360645652
-9999 -9999 -9999 -9999 -9999 -9999 -9999 -9999 -9999 0.101499676704407 0.0638938099145889 0.295429050922394 0.141524598002434 0.0383224189281464 0.0350058637559414 0.0329871475696564 0.0137968780472875 0.00884362123906612 0.0102934632450342 0.00159143283963203 0.00185802008491009 0.00236447132192552 0.00294028944335878 0.00374969700351357 0.00412473035976291 0.00374533981084824 0.00341712171211839 0.0035306797362864 0.00359366438351572 0.00365813076496124 0.0292619299143553 0.00387036334723234 0.00375434383749962 0.00365030043758452 0.003719303291291 0.00399884162470698 0.00460277125239372 0.00491730961948633 0.00570666696876287 0.00701710628345609 0.0110634779557586 0.0186088792979717 0.0271965116262436 0.0292274449020624 0.0301635228097439 0.0303160417824984 0.0304888281971216 0.0305361188948154 0.0305548347532749 0.0305339805781841 0.0303741488605738 0.0298822354525328 0.0279193967580795 0.0249576456844807 0.0166855528950691
-9999 -9999 -9999 -9999 -9999 -9999 -9999 0.0154743995517492 0.0179095156490803 0.0491874292492867 0.0424961224198341 0.226104289293289 0.118592694401741 0.0426600761711597 0.0391655154526234 0.0372250750660896 0.0178287364542484 0.0112069854512811 0.0115756066516042 0.00179431203287095 0.00226000347174704 0.00285110087133944 0.0035043612588197 0.00412417948246002 0.00470962096005678 0.00500858714804053 0.00520015694200993 0.00543616339564323 0.00556764425709844 0.0434648357331753 0.0442557968199253 0.0443228147923946 0.0439873039722443 0.043470486998558 0.0441839583218098 0.00600639777258039 0.00657152384519577 0.00743232714012265 0.00871355552226305 0.00987883191555738 0.0141760027036071 0.022729866206646 0.0275323390960693 0.0296251457184553 0.0298515167087317 0.0298267528414726 0.0298682805150747 0.029961034655571 0.0300709884613752 0.0300581827759743 0.0298163648694754 0.0295748244971037 0.0282965991646051 0.0267114359885454 0.0212747994810343
-9999 -9999 -9999 -9999 -9999 -9999 0.0270825698971748 0.00620297715067863 0.0218991450965405 0.0302328132092953 0.20738910138607 0.176555991172791 0.0937492176890373 0.0437135696411133 0.0427905209362507 0.0238677188754082 0.0181411523371935 0.0137793980538845 0.0142717799171805 0.015751238912344 0.0209948811680079 0.00341980787925422 0.00417489837855101 0.00452523026615381 0.00532621750608087 0.00656460365280509 0.00770115992054343 0.00808706972748041 0.0625837743282318 0.0646796599030495 0.0655661523342133 0.0644439607858658 0.065823070704937 0.0646009519696236 0.064491793513298 0.0647133812308311 0.0646572411060333 0.0104493461549282 0.012376269325614 0.0138817494735122 0.0172764230519533 0.0260635707527399 0.0279971268028021 0.0294801332056522 0.0295250564813614 0.0293769370764494 0.0292283017188311 0.0294669587165117 0.0296150594949722 0.0296576116234064 0.0294609759002924 0.029273783788085 0.0287773218005896 0.0276718698441982 0.0257920250296593
-9999 -9999 -9999 -9999 -9999 -9999 0.0270593222230673 0.00521002523601055 0.0195818543434143 0.170077845454216 0.159425675868988 0.112848922610283 0.0705069154500961 0.0521378666162491 0.0541387051343918 0.0269320290535688 0.0166301876306534 0.0144407181069255 0.0168629307299852 0.0199650395661592 0.0267187897115946 0.0345667563378811 0.040393091738224 0.0450791157782078 0.0535601153969765 0.0640085116028786 0.0741276443004608 0.0812282264232635 0.0852503925561905 0.0900411084294319 0.0938258692622185 0.0968456491827965 0.0966436862945557 0.0955201536417007 0.0946550741791725 0.0922264158725739 0.0130496947094798 0.0147124528884888 0.0170628409832716 0.0186043847352266 0.0201170518994331 0.0263693202286959 0.0279571805149317 0.0291389003396034 0.0290938038378954 0.0289212744683027 0.0288503132760525 0.0289350133389235 0.0290943887084723 0.0291975997388363 0.0291246175765991 0.0292504653334618 0.0290110465139151 0.0283919107168913 0.0279476325958967
-9999 -9999 -9999 -9999 -9999 -9999 -9999 0.00777340261265635 0.011089276522398 0.166595950722694 0.103497818112373 0.0827622562646866 0.0613980628550053 0.0503866821527481 0.0619033239781857 0.0307363104075193 0.0165537036955357 0.0142286783084273 0.0201363917440176 0.0262680351734161 0.035533994436264 0.049288634210825 0.0520393140614033 0.0577572025358677 0.068379208445549 0.0806016772985458 0.0937228947877884 0.102810323238373 0.109567418694496 0.116908118128777 0.124319978058338 0.133791416883469 0.129742741584778 0.12970344722271 0.128842636942863 0.124702297151089 0.0182217508554459 0.0202000048011541 0.0229364410042763 0.0243972726166248 0.0240856111049652 0.0263838544487953 0.027700025588274 0.0286743547767401 0.0286381747573614 0.0285117886960506 0.0284565817564726 0.0285083334892988 0.0286104790866375 0.0287143550813198 0.0287127010524273 0.0290454011410475 0.0292265545576811 0.0291400123387575 0.0291491001844406
-9999 -9999 -9999 -9999 -9999 -9999 -9999 0.0585368759930134 0.0686910003423691 0.0752180516719818 0.104751884937286 0.077112153172493 0.0688978731632233 0.0529404915869236 0.0459554046392441 0.0492133870720863 0.0415439903736115 0.0173500068485737 0.0212964955717325 0.0267281644046307 0.0400710888206959 0.0647355020046234 0.0719123259186745 0.0738848894834518 0.0819508507847786 0.0963865295052528 0.114267989993095 0.124947190284729 0.134566709399223 0.14429198205471 0.150551944971085 0.156645223498344 0.157044023275375 0.157760843634605 0.159225106239319 0.160049334168434 0.164284259080887 0.0248309150338173 0.0255275703966618 0.0258573610335588 0.0258037447929382 0.0259299837052822 0.027161730453372 0.0282432250678539 0.028390796855092 0.0283279418945312 0.0283307675272226 0.0283414162695408 0.0283889155834913 0.028450395911932 0.028354337438941 0.0286488570272923 0.02948216535151 0.0301533918827772 0.0307148676365614
-9999 -9999 -9999 -9999 -9999 -9999 -9999 0.093301072716713 0.0449069999158382 0.0678958296775818 0.114067204296589 0.0918073654174805 0.0784331634640694 0.0672143027186394 0.0546214431524277 0.0471956320106983 0.0448052622377872 0.0237658396363258 0.018013458698988 0.0221473816782236 0.0366465225815773 0.0756004080176353 0.085052452981472 0.0808405727148056 0.0857074037194252 0.103422105312347 0.128777280449867 0.139732480049133 0.148030564188957 0.148430824279785 0.150935709476471 0.155625060200691 0.156172767281532 0.156791865825653 0.158470436930656 0.161092311143875 0.16550050675869 0.0249805487692356 0.0257418341934681 0.0260792430490255 0.0259841494262218 0.026061337441206 0.0264743063598871 0.0275217946618795 0.0280368011444807 0.0280140154063702 0.0281680654734373 0.0281112771481276 0.0281814020127058 0.0282015111297369 0.0279153473675251 0.0281927604228258 0.0294224470853806 0.030929597094655 0.0318703688681126
-9999 -9999 -9999 -9999 -9999 -9999 -9999 -9999 -9999 0.0857499539852142 0.128243133425713 0.152111947536469 0.117491737008095 0.0654474124312401 0.0624072067439556 0.0613958947360516 0.0536386519670486 0.0442423224449158 0.0118276327848434 0.0141204046085477 0.0332340858876705 0.0803297311067581 0.0885790809988976 0.0724728107452393 0.0764884725213051 0.1002531722188 0.129931479692459 0.139702960848808 0.140060752630234 0.140450045466423 0.144913882017136 0.150346472859383 0.150972127914429 0.152020648121834 0.155232653021812 0.159107521176338 0.16455489397049 0.168004229664803 0.0254663210362196 0.0259053874760866 0.0260436944663525 0.0262477118521929 0.0263133998960257 0.0267556980252266 0.0274911187589169 0.0277045182883739 0.0279285982251167 0.0279810689389706 0.0280424673110247 0.0280645750463009 0.0278649441897869 0.0282585639506578 0.0293990075588226 0.0310922153294086 0.0329292081296444
-9999 -9999 -9999 -9999 -9999 -9999 -9999 -9999 -9999 0.362212687730789 0.148999243974686 0.219154417514801 0.144342750310898 0.0641036108136177 0.0667590498924255 0.0704981684684753 0.0645847544074059 0.0560414008796215 0.0120295248925686 0.0122266169637442 0.0328154116868973 0.0838260725140572 0.087011843919754 0.0750479251146317 0.0792007222771645 0.0928023979067802 0.124325186014175 0.131066381931305 0.130935505032539 0.131282851099968 0.136617183685303 0.142789229750633 0.142662614583969 0.142926052212715 0.146395683288574 0.152584806084633 0.158054396510124 0.160819858312607 0.164185509085655 0.167254582047462 0.0251784007996321 0.0257493704557419 0.0260106939822435 0.0263967122882605 0.0266230329871178 0.0267795920372009 0.0272656939923763 0.0275520160794258 0.0278236139565706 0.0279018357396126 0.0276837963610888 0.028071902692318 0.02902702242136 0.0307851079851389 0.0330110415816307
-9999 -9999 -9999 -9999 -9999 -9999 -9999 -9999 -9999 -9999 0.167158052325249 0.0431384183466434 0.164346724748611 0.0653099566698074 0.0687365457415581 0.0812970176339149 0.0836779847741127 0.0782962217926979 0.0199094954878092 0.0173951983451843 0.0354139991104603 0.0804129913449287 0.0883717685937881 0.0759521946310997 0.0837731212377548 0.100811660289764 0.118303835391998 0.12234503030777 0.120448000729084 0.122995384037495 0.127996683120728 0.133290141820908 0.13279315829277 0.131741434335709 0.134939581155777 0.141050219535828 0.147563487291336 0.151612043380737 0.154365375638008 0.158231854438782 0.162260755896568 0.0245700608938932 0.0251129828393459 0.0255353879183531 0.0260469205677509 0.0265218913555145 0.0269743092358112 0.0274349804967642 0.0276116114109755 0.0277261696755886 0.0276415981352329 0.0277462713420391 0.0284131802618504 0.0294904354959726 0.0319789499044418
-9999 -9999 -9999 -9999 -9999 -9999 -9999 -9999 -9999 -9999 -9999 0.0516081675887108 0.0277588646858931 0.0859601721167564 0.089020736515522 0.107041791081429 0.112302653491497 0.124790713191032 0.0395906493067741 0.0301292594522238 0.046731811016798 0.0783746168017387 0.0833401530981064 0.0812185779213905 0.0902261286973953 0.107368841767311 0.125739485025406 0.127567768096924 0.121821016073227 0.120174400508404 0.121843755245209 0.123413026332855 0.122570537030697 0.121414586901665 0.124382391571999 0.130002900958061 0.135328933596611 0.139979988336563 0.144824117422104 0.148762986063957 0.153241604566574 0.157947152853012 0.162171453237534 0.0245349835604429 0.0252467431128025 0.0259044580161572 0.0266021303832531 0.0271335188299417 0.0274538360536098 0.0276498850435019 0.0274744629859924 0.0276214331388474 0.0281957127153873 0.0292417742311954 0.0317294374108315
-9999 -9999 -9999 -9999 -9999 -9999 -9999 -9999 -9999 -9999 -9999 -9999 0.0303244329988956 0.0179716143757105 0.12710864841938 0.143948495388031 0.162901520729065 0.198818773031235 0.118372805416584 0.0583880543708801 0.0626155510544777 0.0727069526910782 0.0790780112147331 0.0880287513136864 0.0984441116452217 0.112955681979656 0.126632362604141 0.124649845063686 0.12064516544342 0.118725411593914 0.118276350200176 0.118380628526211 0.116805389523506 0.115108512341976 0.116548143327236 0.12112582474947 0.125114068388939 0.130152016878128 0.133852437138557 0.139963775873184 0.146265521645546 0.150483876466751 0.156661659479141 0.160851463675499 0.166366159915924 0.0256420224905014 0.0263798423111439 0.0270606409758329 0.0273999366909266 0.0276569481939077 0.0276914406567812 0.0279182307422161 0.0287991333752871 0.0301897432655096 0.0321699418127537
