meets/meet006/_saidas_enm/CCSM_SVM_0k_T_nigriceps5.asc
NCOLS 154 
NROWS 168 
XLLCORNER -112 
YLLCORNER -55.5 
CELLSIZE 0.5 
NODATA_value -9999 
[rows 72 to 95 of 168, columns 55 to 109 of 154]
-9999 -9999 -9999 -9999 -9999 -9999 -9999 -9999 -9999 -9999 0.111986201265865 0.626864208544786 0.818351062243002 0.566455742193629 0.488240559604477 0.633895461809635 0.81736805960372 0.696900839269433 0.219247662319199 -0.0040973647208315 0.0894607343218438 0.213623024957714 0.213674948744519 0.166214679139989 0.14615496471078 0.146170160310443 0.139925639287772 0.125557188719426 0.105602394951722 0.0858564296545285 0.0657838903758267 0.0459325679163883 0.0275451139478551 0.0109490471901533 0.003062978350659 0.00529576135960907 0.012645094093082 0.0165698519977082 0.0192279170143745 0.0225549744663375 0.0225542256911104 0.0225812733313679 0.0181085207229963 0.0137453766955954 0.0112173457423538 0.00769491970988634 0.008316684951234 0.0153685977898808 0.0222729582977554 0.0209386639382138 0.00930253495472022 0.000213508370924875 -0.00374280757248141 -0.00315530272260806 0.0116491703432646
-9999 -9999 -9999 -9999 -9999 -9999 -9999 -9999 -9999 -9999 -9999 0.2686952899128 0.517165791173723 0.437893428866729 0.432373480256865 0.592662423764537 0.8439641040927 0.84292293653777 0.348445852937743 0.0815932615574395 0.147714714488052 0.243287267759342 0.225929933486533 0.178629904334398 0.157697366166395 0.15428541386304 0.147566937959845 0.129622826044165 0.108116204593805 0.0869595781184493 0.0681889253060767 0.0502399558543094 0.0281764706820115 0.00941891402188966 -0.00302876175018812 -0.00598621820962369 -0.0038385347847702 -0.000414957511596092 0.00327214593450537 0.00807021794472756 0.0122903668038924 0.0163951438002722 0.0169263094989505 0.0166690521692962 0.0176584050691357 0.016976489396508 0.0208017805624609 0.0295904497759352 0.0363130372969132 0.0338679164414252 0.0186356489944349 0.00837910158752386 0.00272035826321165 0.00169037078815903 0.0132969587932992
-9999 -9999 -9999 -9999 -9999 -9999 -9999 -9999 -9999 -9999 -9999 -9999 0.160258355137573 0.472367458835895 0.495391211061611 0.611264498133488 0.821756724770079 0.944086884549939 0.542905042467572 0.21946353258685 0.227908054523377 0.251962271070239 0.225352269242613 0.198099665800606 0.169952258283183 0.163061946263092 0.15200976216386 0.13137566535441 0.106683927410856 0.0835539982535458 0.0646716237812197 0.0447493200598167 0.0247157605712786 0.00619900033568854 -0.00437565526395195 -0.0100483556044267 -0.0147198137074829 -0.0123058248453556 -0.011705973678919 -0.00585308047467531 0.00180932237957793 0.00645929142641155 0.0138358421303862 0.0155738279539391 0.0204035002342127 0.0264930194600333 0.0330461775167422 0.0386905778772187 0.0403263452403609 0.0374298110786078 0.0254385135066672 0.0166209945819269 0.01586566111337 0.0188912319103027 0.0222120393168069
-9999 -9999 -9999 -9999 -9999 -9999 -9999 -9999 -9999 -9999 -9999 -9999 0.0436732539943436 0.502998478346092 0.570220314416454 0.625984551116415 0.795057949338529 0.944628245309168 0.738070235342609 0.414846893098416 0.307085275106086 0.271715632352911 0.225475858213962 0.200582852539706 0.173378351935232 0.163835452932555 0.150400681002834 0.127857841476897 0.103315893957146 0.0801569745676332 0.0602431616472588 0.0395537339561571 0.0179332028010081 -0.000296883020341587 -0.0102345145627333 -0.0127624081906061 -0.0134096702005118 -0.0141201399603911 -0.0138984287279521 -0.0088450522972639 -0.000453511322459021 0.00817946384302898 0.0159048771331595 0.0205296443819102 0.0272171300294271 0.0344716967367083 0.0416590472543435 0.0424812327418079 0.0408196725180461 0.0370920913460636 0.0268025696933412 0.0213648699118278 0.0205968087540533 0.0224990279612841 0.0196226235745515
-9999 -9999 -9999 -9999 -9999 -9999 -9999 -9999 -9999 -9999 -9999 -9999 0.0165334068915863 0.542762248139562 0.65703347983423 0.646195996449268 0.715059536173932 0.889054952833037 0.86618354265363 0.643772713128459 0.483515987431008 0.285972081518863 0.249408148497099 0.220056674358674 0.172950629811694 0.169049412038478 0.147837101933486 0.129543196279454 0.103977113246619 0.0780408278000755 0.0585175831127841 0.0384245970603148 0.0140778936985628 -0.00613993783689587 -0.0157604326759792 -0.014956226943547 -0.0119985181785536 -0.0154539081207631 -0.0151794983918438 -0.00948218493684644 0.000101301959631594 0.0167852879802099 0.0173884616501155 0.0249374850398814 0.0329132080206727 0.0358372255576393 0.0485219741860548 0.0440752299345632 0.0371904847063821 0.0336860822051016 0.0266932469297771 0.0235825845119089 0.0208907970154945 0.0177705950822261 0.0107099422005604
-9999 -9999 -9999 -9999 -9999 -9999 -9999 -9999 -9999 -9999 -9999 -9999 -9999 0.365726172282026 0.618491031095086 0.668580917024812 0.743847268598228 0.852785684275415 0.868069411168614 0.812925791111193 0.69967424278002 0.51740100435733 0.365304181279764 0.242215254883684 0.163621600608259 0.165656242074968 0.165231855305279 0.13965395333177 0.105247271257098 0.0762332743417826 0.0548614072709129 0.0344956859026821 0.0115749327628877 -0.00686570637111378 -0.0169183380742664 -0.0185838919189596 -0.0185751353988289 -0.0225353021740333 -0.0247257711491037 -0.0219053792816384 -0.0152118103623016 -0.00584311241819252 -0.00339841006370317 0.00482980700202035 0.0149439785125269 0.0210287091419837 0.0307213699077744 0.0308339797330471 0.0286982186116094 0.0271831135979716 0.0229525299878979 0.0195362762287725 0.0145131529954325 0.00814695332984644 0.00286972931231017
-9999 -9999 -9999 -9999 -9999 -9999 -9999 -9999 -9999 -9999 -9999 -9999 -9999 0.0664494456137817 0.380421927115839 0.693171161485988 0.794733875090358 0.826490393314077 0.883227092753162 0.808779203250241 0.800208383147649 0.789993355957286 0.605309654654535 0.317267686243904 0.155396095502726 0.198426926385184 0.211779822617509 0.152099364332898 0.108416247208924 0.0724969999462413 0.0515442342324275 0.0314820728698768 0.0121907964547073 -0.00322707286944529 -0.0136681165981143 -0.0188103237491694 -0.0236804474143251 -0.0283005142379989 -0.034230344122778 -0.0358031428981717 -0.0329720553314624 -0.0323675603996523 -0.0299458361173527 -0.0225729952680564 -0.00909621595462046 0.000139911213079602 0.00835661386694986 0.0222048785763502 0.024994397866853 0.0272516550558912 0.0248753524973351 0.0198536481144744 0.0137589938454943 0.00494963566589413 -0.00311869193763575
-9999 -9999 -9999 -9999 -9999 -9999 -9999 -9999 -9999 -9999 -9999 -9999 -9999 -9999 0.101305421657849 0.63868723233229 0.766991926628724 0.712553534116027 0.687209100358756 0.618620836645968 0.579975852553314 0.689107138285118 0.777494807031 0.538045457570696 0.266285126808435 0.234571595536475 0.222123356933644 0.157434364673222 0.101781863644752 0.0644194032381513 0.0452209131353651 0.029901509651757 0.0123303724071477 0.000310800770098263 -0.00935497747567698 -0.016119385431906 -0.0217056763591155 -0.03028239627218 -0.0377462913989268 -0.0426307659032294 -0.0435333358414214 -0.0465296479859609 -0.0494413691964909 -0.0452767058553757 -0.0312072892677467 -0.0136840676434285 0.00279913190806957 0.0165716746582713 0.0265754076323736 0.0335066096812454 0.0303976778648365 0.0239857606891777 0.014653223151874 0.00387482793182797 -0.00423877785305077
-9999 -9999 -9999 -9999 -9999 -9999 -9999 -9999 -9999 -9999 -9999 -9999 -9999 -9999 -0.0144327096401769 0.532072558667719 0.736948902597364 0.623770024549396 0.425915958114296 0.41112073766474 0.51984935736999 0.638097995578421 0.671720413664467 0.693010463691003 0.413946865035434 0.321402376852815 0.241572413580728 0.158047000346414 0.0843544033181068 0.0328101643493533 0.0270736254638881 0.0248375213847628 -0.00251435904920722 -0.00258822780163953 -0.0101455181071152 -0.0151247364475032 -0.0190800172060379 -0.0302752599350892 -0.0385295148277373 -0.0451986227337663 -0.0477560865439862 -0.0522065515620723 -0.0561929049062934 -0.0568197448984178 -0.0462751098936988 -0.0230135013150117 0.00854459263448604 0.0149653267655462 0.0309222918123398 0.0426389462728189 0.0359114071583157 0.0315144997800228 0.0163591927660224 0.00268232086654174 -0.00801623219354614
-9999 -9999 -9999 -9999 -9999 -9999 -9999 -9999 -9999 -9999 -9999 -9999 -9999 -9999 -9999 0.268082915676129 0.688214335471604 0.623964614231044 0.365350852223497 0.334640839319954 0.528130431661513 0.759197503504741 0.879951075372507 0.85940629066732 0.699006365276049 0.609605830510339 0.406272679476263 0.236300667735942 0.0500616450701812 -0.0414265903096674 -0.0384600506934656 -0.0461126147514961 -0.0248961876053923 -0.0240177100380252 -0.0237376346144848 -0.0215123042287127 -0.0255530301181404 -0.0344623406221905 -0.0414569724146062 -0.0469836356064328 -0.0497380313237605 -0.0514918422176738 -0.0547008428761309 -0.0555230791827339 -0.0488847292539801 -0.0324245633144734 -0.0116015028461796 0.0043564824752832 0.0173609294561449 0.0268617141366683 0.0243662625679082 0.0176316675156198 0.0089889565078396 -0.00226795665063234 -0.0116504979220555
-9999 -9999 -9999 -9999 -9999 -9999 -9999 -9999 -9999 -9999 -9999 -9999 -9999 -9999 -9999 0.0328218487612864 0.391741106236496 0.534368455452937 0.359902561384844 0.265305483820091 0.498781977390892 0.79770192866412 1.00215356552652 1.01846531944345 0.911563279857922 0.910728078486575 0.800254734541696 0.633729837640604 0.245605262260873 0.025184090190558 -0.00842469118750006 -0.124072265508196 -0.0623267494946841 -0.0456357409649533 -0.0386297075503624 -0.0294354574518441 -0.0316288488244204 -0.0412472010365271 -0.0443177622900481 -0.0470695454175058 -0.0491722686910711 -0.0496816752662515 -0.0518267807533097 -0.0516860483078864 -0.0497827202423167 -0.0403180560932907 -0.0246419130332778 -0.00956192666377526 -0.000780697324312907 0.00784918633919979 0.0088611793640076 0.0042801090924241 0.00301113589958518 -0.00431766724064303 -0.0100433794425075
-9999 -9999 -9999 -9999 -9999 -9999 -9999 -9999 -9999 -9999 -9999 -9999 -9999 -9999 -9999 -9999 0.0193618923695197 0.411642610001906 0.457932234209665 0.316747952462963 0.431991599610857 0.703309441532448 0.851263330213799 0.926610069664362 0.950058734897075 0.956423692192944 0.884734716917476 0.820643562195536 0.663562876824018 0.50728835239534 0.370900944170279 0.202926588444053 0.0705800665188764 -0.0310944534023578 -0.058020099568418 -0.0448567955746587 -0.0486032810890535 -0.0464380932552194 -0.0447221911916404 -0.0466290238780776 -0.0491779477952204 -0.0501925318507302 -0.0502176131834168 -0.0520892459374558 -0.050565497942171 -0.0447738011295787 -0.0336019266191991 -0.0208717690804129 -0.0111778417717793 -0.00141102618782102 0.00351878414973661 0.00510009682255025 0.00336582832590537 0.000172383435067369 -0.00391711716516757
-9999 -9999 -9999 -9999 -9999 -9999 -9999 -9999 -9999 -9999 -9999 -9999 -9999 -9999 -9999 -9999 -0.00999227043044765 0.260649528222138 0.499201176892173 0.312377563849504 0.301559745351536 0.492773912096537 0.555558706582372 0.599166761043325 0.646351596572157 0.723720555400688 0.660814563730869 0.810162930280089 0.782125025748937 0.765517721191099 0.684382972650255 0.673230494715624 0.34261221375283 0.0633864508072091 -0.057356364112322 -0.0522799633503045 -0.0591011132782543 -0.0516156543899701 -0.0465772252160759 -0.0474583139930823 -0.0500477433344941 -0.0508598545658032 -0.0480374409911712 -0.0527264707499682 -0.0491534627209054 -0.0457882199449697 -0.0383706784074436 -0.0256166385660392 -0.014785939969613 -0.00110464678690064 0.00744224489279777 0.0117062374472087 0.00845491856332953 0.00375636696293002 -0.00264982222831539
-9999 -9999 -9999 -9999 -9999 -9999 -9999 -9999 -9999 -9999 -9999 -9999 -9999 -9999 -9999 -9999 0.0134858334891114 0.0867859041295222 0.590812386996362 0.423076964406544 0.218270675791893 0.15491763404762 0.16159100528881 0.185918539869227 0.254299364490525 0.337052162382653 0.417972661945982 0.572489711255307 0.656859684854114 0.73234341211328 0.724975154032524 0.582776015404656 0.494244546313399 0.392051967503555 0.0906146020074854 -0.00834122941507359 -0.0410438274994978 -0.0450179416231907 -0.0501321477795867 -0.0501088334114403 -0.048204505963984 -0.0406567553107167 -0.0443436608624571 -0.0501546992284672 -0.0433313755590409 -0.0390154131891757 -0.0370614445178775 -0.0315515316912362 -0.0183889294459281 -0.00326192201956649 0.0063767463367107 0.0149198476817072 0.00205371756131068 -0.00719195961748492 -0.0146242217669234
-9999 -9999 -9999 -9999 -9999 -9999 -9999 -9999 -9999 -9999 -9999 -9999 -9999 -9999 -9999 -9999 -9999 -0.0562535049623665 0.48466797684657 0.767837992282196 0.44955732635922 0.204570832934718 0.0488050842210178 -0.0407292385111073 -0.00396540056717637 0.0144111090239324 0.00928448547313931 0.133165236685545 0.236547845042907 0.350280102936993 0.581967684018928 0.622607161948315 0.445152125888281 0.628249458986126 0.410161519162026 0.1744675364974 0.0210827253772815 -0.0327154300237453 -0.0556114721876562 -0.0541156411287207 -0.0517278017755502 -0.0409496478108205 -0.0484946275367047 -0.0417920515047189 -0.0317197311472305 -0.0323040304890082 -0.0369845088885883 -0.0397924590009111 -0.0301776703332765 -0.0177740495605914 -0.0109291106069471 -0.00301583056200599 -0.0186860628806673 -0.0270526365509812 -0.0300089649788768
-9999 -9999 -9999 -9999 -9999 -9999 -9999 -9999 -9999 -9999 -9999 -9999 -9999 -9999 -9999 -9999 -9999 -9999 -0.0719440662744043 0.391238109483786 0.894221823511782 0.639897402946885 0.242773301979075 0.000627186775558508 -0.0498148662995861 -0.0869351951354143 -0.134861117893184 -0.0811693216165698 -0.0048901950887818 0.115988557515489 0.402528307399008 0.557815953045286 0.612016934029879 0.688552580917604 0.661635605918368 0.49390218743861 0.237324456238863 0.060820600589422 -0.0128860928329247 -0.0404138802461548 -0.0430763119536635 -0.0379190835512915 -0.0338427058709841 -0.0234432549015436 -0.0223274495127566 -0.0321691532627129 -0.0427475270449605 -0.0457462314445421 -0.0432417483432423 -0.0364857999407468 -0.0290396578021646 -0.0249326373883098 -0.030364314250021 -0.033684903584952 -0.0327226518206538
-9999 -9999 -9999 -9999 -9999 -9999 -9999 -9999 -9999 -9999 -9999 -9999 -9999 -9999 -9999 -9999 -9999 -9999 -9999 -9999 0.36913181536654 0.960382110160875 0.766488302706174 0.367243752010845 0.119868326139946 -0.0219409304050218 -0.131591408444801 -0.138182872396639 -0.115755935205528 -0.0311419332419774 0.209814482927889 0.48053557089675 0.636417941576798 0.880538441462764 0.852366007744382 0.72559328802517 0.539772631918588 0.266416694572844 0.103048964046887 0.0236781723292772 0.0125342108265109 0.0269814675090339 0.00290485448353023 -0.0058776402710457 -0.0167566250033017 -0.0332664074303191 -0.0426249327944231 -0.0458076386618714 -0.0452741484741551 -0.0401047174870108 -0.0308657604339569 -0.017247706947733 -0.0208551268412183 -0.0223738173170315 -0.0244109167043362
-9999 -9999 -9999 -9999 -9999 -9999 -9999 -9999 -9999 -9999 -9999 -9999 -9999 -9999 -9999 -9999 -9999 -9999 -9999 -9999 -9999 -9999 0.196120088716866 0.299926413281581 0.34723926749699 0.221857550418699 0.0525503149907004 -0.0929335705162243 -0.163487880049758 -0.137588789480163 -0.0499623348469611 0.0991200538399876 0.458858327787945 0.791722928110678 0.950225704107837 0.899224067235205 0.771822948443486 0.565367829842835 0.324875681097806 0.13689993266405 0.0855552946749583 0.0292749869803685 0.00906492150025345 -0.00520872409149803 -0.0245540908310624 -0.0335637897065934 -0.0406002867730758 -0.0439842111574543 -0.0451868880689136 -0.0443622111989248 -0.0330112290979622 -0.0206860008578493 -0.0191697992678948 -0.0248190658288818 -0.0297083419324817
-9999 -9999 -9999 -9999 -9999 -9999 -9999 -9999 -9999 -9999 -9999 -9999 -9999 -9999 -9999 -9999 -9999 -9999 -9999 -9999 -9999 -9999 -9999 -9999 0.074123812285357 0.259360366599766 0.282715592357578 0.050132365246091 -0.177289963286209 -0.210678480135275 -0.195034115167715 -0.10240263512729 0.201705827835317 0.656580494181412 0.902802293587683 1.01742257063981 0.981821847176422 0.878711031165182 0.694849325404094 0.446865176193605 0.254221045211643 0.0923253810670279 0.0235505196013291 -0.0138800544654076 -0.0316455919078407 -0.0385668609397385 -0.0409653431456268 -0.0422171835112103 -0.0431387530010349 -0.0434987643104807 -0.0360227210499282 -0.0253759973538464 -0.0252600698870054 -0.0313076145946761 -0.0349445780304776
-9999 -9999 -9999 -9999 -9999 -9999 -9999 -9999 -9999 -9999 -9999 -9999 -9999 -9999 -9999 -9999 -9999 -9999 -9999 -9999 -9999 -9999 -9999 -9999 -9999 -9999 0.280960254743177 0.480892298821828 0.0707323404310225 -0.155350212648982 -0.235237503605867 -0.181951552743378 -0.0569213085395352 0.196313500005954 0.527881375162826 0.8713392656486 1.08409394994224 1.05002751034661 0.99025791347926 0.817582086896863 0.610353447342851 0.286356533765412 0.0826837337137712 -0.0153197313277082 -0.0481654386079575 -0.0474020741291346 -0.0446717652580114 -0.0428203769554077 -0.0421193461630212 -0.0421438960627991 -0.0368706043053741 -0.0279898511280052 -0.0296095322143947 -0.0366607459607191 -0.0386302631627857
-9999 -9999 -9999 -9999 -9999 -9999 -9999 -9999 -9999 -9999 -9999 -9999 -9999 -9999 -9999 -9999 -9999 -9999 -9999 -9999 -9999 -9999 -9999 -9999 -9999 -9999 0.109408610601245 0.482255041790771 0.564522189346863 0.139742097201643 -0.10854018355405 -0.218684855977599 -0.214243865543172 -0.129345835807175 0.0561587045643759 0.416284662231505 0.783948445233256 0.95076113133922 1.04420375339989 0.994493482002688 0.905237025394516 0.621445812195703 0.217461158113828 -0.0091644713041224 -0.0634858644643961 -0.0588336340715662 -0.048608831738975 -0.0442209060506166 -0.0434519310538231 -0.044824693553026 -0.0425687484448194 -0.0361932843123393 -0.0364993532431448 -0.0393504640320059 -0.0395524307054728
-9999 -9999 -9999 -9999 -9999 -9999 -9999 -9999 -9999 -9999 -9999 -9999 -9999 -9999 -9999 -9999 -9999 -9999 -9999 -9999 -9999 -9999 -9999 -9999 -9999 -9999 -9999 -9999 0.720665285850646 0.706433077588139 0.178804198207279 0.0104171998149992 -0.120359078253919 -0.186469450144554 -0.178451176465399 -0.0725888796643203 0.0681671536043681 0.465080682580004 0.739215729113691 0.87519932137062 1.0028730952735 0.949842256365151 0.402674839633426 0.00169957921445574 -0.0735446704026262 -0.0643586693620895 -0.0503523082673924 -0.0476124583339084 -0.041564840559357 -0.044996466197674 -0.0472971759934797 -0.0449621840011591 -0.0411302519582142 -0.0408231238430869 -0.0406109587349306
-9999 -9999 -9999 -9999 -9999 -9999 -9999 -9999 -9999 -9999 -9999 -9999 -9999 -9999 -9999 -9999 -9999 -9999 -9999 -9999 -9999 -9999 -9999 -9999 -9999 -9999 -9999 -9999 0.634895258458345 0.909837286419929 0.421476674749113 0.111469681971191 -0.0492375282845144 -0.146317386140415 -0.168444912213509 -0.169567780388811 -0.0827725864008171 0.174175866599335 0.434459785906828 0.661066471171737 0.934466668872263 1.05421771468958 0.595182063457103 0.0990183904630917 -0.0550073429734054 -0.065814878969957 -0.0591079365715627 -0.0553458887437002 -0.0496634662908976 -0.0491618365622966 -0.0498511538606801 -0.0473123835950648 -0.0420890415387427 -0.0381146849568342 -0.038267218618031
-9999 -9999 -9999 -9999 -9999 -9999 -9999 -9999 -9999 -9999 -9999 -9999 -9999 -9999 -9999 -9999 -9999 -9999 -9999 -9999 -9999 -9999 -9999 -9999 -9999 -9999 -9999 -9999 -9999 0.859027691193006 0.614261665672789 0.214188350807381 -0.0724998305296997 -0.161964573276407 -0.149151682954489 -0.169285849527937 -0.093933046474927 0.113470966239395 0.319149350885272 0.545946421385903 0.848367802001751 1.06291891225502 0.755696842205179 0.25586706991345 0.0105625958453774 -0.0516324730243474 -0.0661276557109789 -0.0615983870350557 -0.0578693939166686 -0.0545081437137573 -0.0494303453610984 -0.045763159447703 -0.0429554874249237 -0.0333820778359328 -0.0332550960722838
