meets/meet006/_saidas_enm/CCSM_Maxent_0k_T_subalaris5.asc
NCOLS 154 
NROWS 168 
XLLCORNER -112 
YLLCORNER -55.5 
CELLSIZE 0.5 
NODATA_value -9999 
[rows 50 to 74 of 168, columns 55 to 109 of 154]
-9999 -9999 -9999 -9999 -9999 -9999 -9999 -9999 -9999 -9999 -9999 -9999 -9999 -9999 0.00435914471745491 0.0094730332493782 0.0103933541104198 0.00868783984333277 0.00734978029504418 0.00803351681679487 0.0804443359375 0.0141996219754219 0.0166560634970665 0.00845152698457241 0.0056464895606041 0.00563449878245592 0.00523920031264424 0.0038091114256531 0.00245557934977114 0.00218164036050439 0.002114939969033 0.00224306853488088 0.00263457070104778 0.00244453153572977 0.00319810840301216 0.0065613049082458 0.00954651180654764 0.0134914284572005 0.0136160114780068 0.0221806038171053 0.0149341747164726 0.00982510205358267 0.0125529365614057 0.0100385155528784 0.00599114689975977 0.00245560240000486 0.00416606478393078 0.00643051788210869 0.0055300360545516 0.00554590160027146 0.00842786766588688 0.00741437124088407 0.0091465450823307 0.0178841296583414 0.0275664571672678
-9999 -9999 -9999 -9999 -9999 -9999 -9999 -9999 -9999 -9999 -9999 -9999 -9999 -9999 0.00874604471027851 0.00901808775961399 0.0088834511116147 0.00877500232309103 0.00956477969884872 0.0727858021855354 0.0735234096646309 0.0101278051733971 0.00936725176870823 0.00450043240562081 0.00322371837683022 0.00280268071219325 0.00226446101441979 0.0022602581884712 0.00229701632633805 0.00234175729565322 0.00231270072981715 0.00242972071282566 0.00245481776073575 0.00236119306646287 0.00211080140434206 0.00417960667982697 0.00723295705392957 0.00999481230974197 0.0108254887163639 0.0104928212240338 0.010647976770997 0.00935003440827131 0.00885884929448366 0.00691758515313268 0.00463261501863599 0.00266773602925241 0.00155724945943803 0.00132858310826123 0.0109310559928417 0.0105389533564448 0.0102339424192905 0.00973139889538288 0.0121646635234356 0.0205778107047081 0.0307176299393177
-9999 -9999 -9999 -9999 -9999 -9999 -9999 -9999 -9999 -9999 -9999 -9999 0.00555752031505108 0.0108053982257843 0.00858690124005079 0.00848056003451347 0.00859974883496761 0.0083200978115201 0.0805216133594513 0.0109194768592715 0.00770813226699829 0.00773787964135408 0.00631036935374141 0.00278917909599841 0.00213692989200354 0.00207274639979005 0.00222273962572217 0.00207754597067833 0.0021039554849267 0.00212696287781 0.00212708697654307 0.00231598597019911 0.00240835337899625 0.00247013429179788 0.00227869162335992 0.00308361416682601 0.0058628055267036 0.00814528949558735 0.00938500836491585 0.0709012597799301 0.00937366113066673 0.0095894867554307 0.00801314041018486 0.00634423177689314 0.00488945469260216 0.0039617083966732 0.00355430762283504 0.00273225060664117 0.0230328440666199 0.0197549685835838 0.0138202616944909 0.014231251552701 0.0200928095728159 0.0259079951792955 0.0336183905601501
-9999 -9999 -9999 -9999 -9999 -9999 -9999 -9999 -9999 -9999 -9999 0.00592272914946079 0.0104343369603157 0.00800684094429016 0.00762199563905597 0.00796837266534567 0.00851393956691027 0.0649564266204834 0.00836954452097416 0.00814307387918234 0.0075054238550365 0.00603849580511451 0.00333284959197044 0.0028634883929044 0.00250499648973346 0.00236405618488789 0.00231249094940722 0.00223368383012712 0.00215263036079705 0.0020494619384408 0.00199828832410276 0.00198642746545374 0.00214760983362794 0.00230592559091747 0.00223310082219541 0.00225727236829698 0.0042371703311801 0.00594350881874561 0.0068744863383472 0.00728053972125053 0.0520195625722408 0.00734503334388137 0.00645314063876867 0.00559807615354657 0.0047132708132267 0.00385375646874309 0.00354561023414135 0.0223835650831461 0.0203436613082886 0.0158983618021011 0.0175518468022346 0.0258852001279593 0.0327874794602394 0.0333673991262913 0.0418148301541805
-9999 -9999 -9999 -9999 -9999 -9999 -9999 -9999 -9999 -9999 -9999 0.0176027324050665 0.0112821571528912 0.00703607592731714 0.0677546486258507 0.0807112455368042 0.0839957520365715 0.0676178932189941 0.00764547241851687 0.00315410317853093 0.00307848607189953 0.00282008899375796 0.00287608988583088 0.00293623120523989 0.0027853362262249 0.00267265923321247 0.00250313756987453 0.00229484145529568 0.00212206109426916 0.00198681373149157 0.00193478423170745 0.00187906494829804 0.00182730925735086 0.00201004510745406 0.00204945146106184 0.00195576576516032 0.00313331186771393 0.00434914883226156 0.0048433942720294 0.00513874320313334 0.0372926667332649 0.0368849746882915 0.0334781482815742 0.0303787961602211 0.0262847896665335 0.0220333840698004 0.0195413213223219 0.0145707512274384 0.0176925640553236 0.0267349537461996 0.0363416709005833 0.0551567599177361 0.0581439957022667 0.0519868955016136 0.0568668618798256
-9999 -9999 -9999 -9999 -9999 -9999 -9999 -9999 -9999 0.00514515722170472 0.0174759924411774 0.0314930565655231 0.0156492851674557 0.0671553611755371 0.0768287181854248 0.0978712663054466 0.0947789698839188 0.0680899694561958 0.00395886274054646 0.00245466991327703 0.00243854429572821 0.00272932765074074 0.0027790991589427 0.00284535787068307 0.00285972119309008 0.00268875993788242 0.00256920768879354 0.00227249599993229 0.00206641783006489 0.00192782352678478 0.00185963208787143 0.00181955122388899 0.0017305223736912 0.00169215037021786 0.00176633289083838 0.00176158093381673 0.0021681203506887 0.00281486450694501 0.00329374428838491 0.00343396235257387 0.0030086375772953 0.0026682938914746 0.00218708417378366 0.00206553586758673 0.0141751170158386 0.0115221394225955 0.0159824565052986 0.00306051131337881 0.00468485942110419 0.00653874361887574 0.0100134713575244 0.0919683054089546 0.0883885025978088 0.0750268623232841 0.0725195854902267
-9999 -9999 -9999 -9999 -9999 -9999 -9999 -9999 -9999 0.0108050284907222 0.0437924787402153 0.246700495481491 0.144113466143608 0.0915317311882973 0.0880177542567253 0.108823195099831 0.101956814527512 0.0662705227732658 0.00316018424928188 0.0020528263412416 0.00216751731932163 0.00240967608988285 0.00239777867682278 0.0024651070125401 0.00240556965582073 0.00231519085355103 0.00226764800027013 0.00205247104167938 0.0019005686044693 0.00180034292861819 0.00174445135053247 0.00172235502395779 0.00167799345217645 0.00167262554168701 0.00169662176631391 0.00167174718808383 0.00166855379939079 0.00163537485059351 0.00179535534698516 0.00186408450827003 0.00163584121037275 0.00140304397791624 0.00122750282753259 0.00114751630462706 0.00143365922849625 0.00217237044125795 0.00349097070284188 0.0050352718681097 0.00793721154332161 0.0128603000193834 0.0166519563645124 0.019179068505764 0.0168002862483263 0.0961448028683662 0.08454979211092
-9999 -9999 -9999 -9999 -9999 -9999 -9999 -9999 0.0129812117666006 0.0412396155297756 0.0634547173976898 0.368941694498062 0.211952924728394 0.114973366260529 0.0871988534927368 0.0965965464711189 0.0988237112760544 0.0618061684072018 0.0205997079610825 0.00174586835782975 0.00174067704938352 0.00185415928717703 0.0018818445969373 0.00182929798029363 0.00180220801848918 0.00181464105844498 0.00174360210075974 0.00171032990328968 0.00165082630701363 0.00164114567451179 0.00161482288967818 0.00161025382112712 0.00159995793364942 0.00159091642126441 0.00158337084576488 0.00157022709026933 0.00145261723082513 0.00137979106511921 0.0012466988991946 0.00118784117512405 0.00119309173896909 0.00113978434819728 0.00114118948113173 0.00144943839404732 0.00225200317800045 0.00366167421452701 0.00607968447729945 0.0091985734179616 0.0142310736700892 0.0197477210313082 0.0328976809978485 0.032302625477314 0.0300861690193415 0.0155013902112842 0.0892061144113541
-9999 -9999 -9999 -9999 -9999 -9999 -9999 -9999 0.0482238009572029 0.0613786764442921 0.079662136733532 0.400128960609436 0.249489948153496 0.102417893707752 0.0653796419501305 0.0712898820638657 0.0803728923201561 0.0522047132253647 0.0180928166955709 0.0120938019827008 0.00150704907719046 0.00157309323549271 0.00157841469626874 0.00152958650141954 0.00149896380025893 0.00155472010374069 0.00158569263294339 0.00167059025261551 0.00172042287886143 0.00166329543571919 0.0015383925056085 0.00147327873855829 0.0014796945033595 0.00148787337820977 0.00148470548447222 0.00145012722350657 0.00139013398438692 0.0012914405670017 0.00115331041160971 0.0011035546194762 0.00118482101242989 0.00142867828253657 0.00190561101771891 0.00287591153755784 0.00461651617661119 0.00737770600244403 0.0116467522457242 0.0158786848187447 0.029867535457015 0.0312488451600075 0.0309902410954237 0.029990604147315 0.0279677305370569 0.0260819960385561 0.0134927732869983
-9999 -9999 -9999 -9999 -9999 -9999 -9999 0.0255183633416891 0.119176901876926 0.131030201911926 0.0852207615971565 0.387057542800903 0.234711974859238 0.0651223883032799 0.0493604727089405 0.0581079721450806 0.0681813657283783 0.027633611112833 0.0160340443253517 0.0113678388297558 0.00143254268914461 0.00148801866453141 0.00160480267368257 0.00169922132045031 0.00176855700556189 0.00181125337257981 0.00181298784445971 0.00190469552762806 0.00195982423610985 0.00192309566773474 0.00182420364581048 0.0016758672427386 0.00158819020725787 0.00151163840200752 0.00144710042513907 0.00146633025724441 0.00150177872274071 0.00149603572208434 0.00152199412696064 0.00171254691667855 0.00192019960377365 0.00241285748779774 0.00340063939802349 0.00485491892322898 0.00764930294826627 0.0119195478037 0.0244678650051355 0.0257974453270435 0.0268657319247723 0.0273082293570042 0.0272347200661898 0.026488346979022 0.0249817743897438 0.0233598276972771 0.0141780208796263
-9999 -9999 -9999 -9999 -9999 -9999 -9999 0.0422494970262051 0.109502628445625 0.128497377038002 0.0762191563844681 0.330152839422226 0.200125455856323 0.0529061257839203 0.0513544082641602 0.0569645315408707 0.0636075884103775 0.0251192469149828 0.0154623137786984 0.0126422997564077 0.00162111059762537 0.00177367147989571 0.00194349349476397 0.00212077074684203 0.00219876132905483 0.0021641543135047 0.00211056927219033 0.00216061784885824 0.00221455353312194 0.00218364363536239 0.00209822901524603 0.00199602986685932 0.00192396971397102 0.00187041750177741 0.00178829266224056 0.0017069730674848 0.00175901444163173 0.00184717122465372 0.00205078278668225 0.00244224537163973 0.00292828539386392 0.00386558193713427 0.00513867568224669 0.00719859171658754 0.0107751255854964 0.0215928182005882 0.0226618908345699 0.0234656054526567 0.0241112429648638 0.024365184828639 0.0241768229752779 0.0233913268893957 0.0220567788928747 0.0205152649432421 0.0116458004340529
-9999 -9999 -9999 -9999 -9999 -9999 -9999 0.0405708737671375 0.0976895913481712 0.125083267688751 0.0736532956361771 0.286420822143555 0.177449256181717 0.0606158226728439 0.0521927885711193 0.056288480758667 0.0559630393981934 0.0227291937917471 0.0164461694657803 0.0146412858739495 0.00194468628615141 0.00209378451108932 0.00242196395993233 0.00272278767079115 0.00281568360514939 0.00267218542285264 0.00248056370764971 0.00255246250890195 0.00254282727837563 0.00252699619159102 0.00252482341602445 0.00237747956998646 0.00240012491121888 0.00228416756726801 0.00223118253052235 0.00217381515540183 0.00202596304006875 0.00228107208386064 0.002607875270769 0.00332367257215083 0.00428065238520503 0.00579220009967685 0.00791027024388313 0.0106180179864168 0.0200590882450342 0.0206400696188211 0.021031592041254 0.0216794963926077 0.0219488181173801 0.0219284538179636 0.0217723231762648 0.0209915731102228 0.0199698321521282 0.0182506199926138 0.0095995357260108
-9999 -9999 -9999 -9999 -9999 -9999 -9999 -9999 0.0571389384567738 0.117243647575378 0.0649118945002556 0.272825837135315 0.18274462223053 0.0734706968069077 0.0643102005124092 0.0653733089566231 0.0492254011332989 0.0215440951287746 0.0182538274675608 0.00219873618334532 0.00231008627451956 0.00260459072887897 0.00298081524670124 0.00337179470807314 0.00349661521613598 0.00329464045353234 0.0030821671243757 0.00307332468219101 0.0031101459171623 0.00311957648955286 0.00314076640643179 0.00307803112082183 0.00304579827934504 0.00296526146121323 0.00293203280307353 0.00292819598689675 0.00296727661043406 0.00314853573217988 0.0034116564784199 0.0043563642539084 0.00569140026345849 0.00783938262611628 0.0104174939915538 0.0191064178943634 0.0195300932973623 0.0197786688804626 0.0199662689119577 0.0201558023691177 0.0201793871819973 0.0200497470796108 0.0198267884552479 0.0192010775208473 0.018391827121377 0.0107428170740604 0.00810744240880013
-9999 -9999 -9999 -9999 -9999 -9999 -9999 -9999 -9999 0.0652478262782097 0.0522937402129173 0.280441522598267 0.184018537402153 0.0841705501079559 0.0809896662831306 0.0759730339050293 0.0312736481428146 0.0219474844634533 0.0198974143713713 0.00254735234193504 0.00273604667745531 0.00316650350578129 0.00356126204133034 0.00408015260472894 0.00429109204560518 0.00403674831613898 0.0038105531129986 0.00391321582719684 0.00398094579577446 0.0040336069650948 0.0315179936587811 0.0315285138785839 0.00403790408745408 0.0039631393738091 0.0039875004440546 0.00413747644051909 0.00445649307221174 0.00458863563835621 0.00493713887408376 0.00552038522437215 0.00723799876868725 0.00983897130936384 0.0184683464467525 0.0188396424055099 0.0191154461354017 0.0193531643599272 0.0195524990558624 0.0194557420909405 0.0192210767418146 0.0190227851271629 0.0188429672271013 0.0183225572109222 0.0179122313857079 0.017139345407486 0.00904967170208693
-9999 -9999 -9999 -9999 -9999 -9999 -9999 0.0130554335191846 0.0170771181583405 0.0430004894733429 0.0408249981701374 0.237597897648811 0.166663989424706 0.0904722213745117 0.0865894854068756 0.0735426843166351 0.0326947718858719 0.0236032344400883 0.0207558404654264 0.0209728088229895 0.00303533812984824 0.00349972769618034 0.00392571650445461 0.00431359745562077 0.00465234136208892 0.00481216609477997 0.0049204770475626 0.0050704013556242 0.00517026847228408 0.0400343723595142 0.0405171737074852 0.0405314192175865 0.0402812995016575 0.0399742312729359 0.0402280576527119 0.0408218093216419 0.00562161393463612 0.00599465426057577 0.00651052733883262 0.00689751328900456 0.00842851120978594 0.0110467309132218 0.0181247629225254 0.0184270963072777 0.018632335588336 0.0187139399349689 0.0187228508293629 0.0187017992138863 0.0185862872749567 0.0184337366372347 0.0182129945605993 0.0179764106869698 0.0177745968103409 0.0177248027175665 0.0106874676421285
-9999 -9999 -9999 -9999 -9999 -9999 0.0185759570449591 0.00717877363786101 0.0226384475827217 0.0322607234120369 0.220932096242905 0.209512546658516 0.144068628549576 0.0915878415107727 0.0897834897041321 0.0463427267968655 0.0347141027450562 0.0243451595306396 0.0225140880793333 0.0220986399799585 0.0258049257099628 0.0295873917639256 0.00433050841093063 0.00455424189567566 0.00501839304342866 0.0056725675240159 0.00625133793801069 0.0486097522079945 0.0496761053800583 0.0508933439850807 0.0515827089548111 0.0513176470994949 0.0520003624260426 0.0514942891895771 0.0513110235333443 0.0511935763061047 0.0508770346641541 0.00746941566467285 0.0081522585824132 0.00852380227297544 0.00945133436471224 0.0177153013646603 0.0179991126060486 0.0181502252817154 0.018239688128233 0.0181851629167795 0.0180115327239037 0.0181875508278608 0.0181721430271864 0.0181119069457054 0.0179645996540785 0.0178084727376699 0.0178959369659424 0.0181265249848366 0.0183574445545673
-9999 -9999 -9999 -9999 -9999 -9999 0.0206443816423416 0.00656528118997812 0.0199615564197302 0.19153705239296 0.191256582736969 0.159600555896759 0.118983805179596 0.0998015552759171 0.0924770757555962 0.0456956438720226 0.0305806323885918 0.0242307502776384 0.0241598095744848 0.0249096900224686 0.0295907724648714 0.0345586873590946 0.0379478819668293 0.0405707396566868 0.0450607612729073 0.050256010144949 0.0548110604286194 0.0581683404743671 0.0600814558565617 0.0623937211930752 0.0643520951271057 0.0658973827958107 0.065928690135479 0.0655027255415916 0.064997211098671 0.0636491179466248 0.0643525272607803 0.00919404719024897 0.00990609358996153 0.0101948184892535 0.0103846015408635 0.0178522560745478 0.017911821603775 0.0179694145917892 0.0179790649563074 0.0179026015102863 0.0178152918815613 0.0178700760006905 0.0179084334522486 0.0179285071790218 0.0178619939833879 0.0179186798632145 0.0181795489042997 0.0187025517225266 0.0195288117974997
-9999 -9999 -9999 -9999 -9999 -9999 -9999 0.00857669953256845 0.0121319992467761 0.181031733751297 0.150691613554955 0.127031564712524 0.107009418308735 0.0964509323239326 0.107052028179169 0.0550513342022896 0.0303276907652617 0.0252231955528259 0.0272549502551556 0.029189782217145 0.0353837199509144 0.0431117452681065 0.0451887585222721 0.04767095297575 0.0528227277100086 0.0587332248687744 0.0637724697589874 0.0680535361170769 0.0706546753644943 0.0736487731337547 0.076984167098999 0.0807272493839264 0.0792370438575745 0.0791277140378952 0.0785679519176483 0.0766764432191849 0.0776138305664062 0.0111149102449417 0.0118446378037333 0.0181183181703091 0.0116446642205119 0.017906891182065 0.0179143641144037 0.0178791638463736 0.0178765393793583 0.0178061276674271 0.0177273899316788 0.0178059786558151 0.017831813544035 0.0178672913461924 0.0178334545344114 0.0180032514035702 0.0185114331543446 0.0192997362464666 0.0202443767338991
-9999 -9999 -9999 -9999 -9999 -9999 -9999 0.0646542683243752 0.0676881298422813 0.0911313369870186 0.151711106300354 0.122333489358425 0.113587513566017 0.0977822095155716 0.0915813893079758 0.098035030066967 0.0756717398762703 0.0345093049108982 0.0284046288579702 0.0281302519142628 0.037951298058033 0.0549171715974808 0.057866133749485 0.0574741028249264 0.0608311034739017 0.0675880238413811 0.075530432164669 0.0789026021957397 0.0815919637680054 0.0848337784409523 0.126238480210304 0.129160210490227 0.128611013293266 0.128379136323929 0.12859334051609 0.128729298710823 0.130230978131294 0.018668320029974 0.0186765268445015 0.0184983033686876 0.0181565154343843 0.0178708098828793 0.017957916483283 0.0180199053138494 0.0180683266371489 0.0180522054433823 0.0180520992726088 0.0180874038487673 0.0181211866438389 0.0181401800364256 0.0179924145340919 0.0181807242333889 0.0189177114516497 0.0199987553060055 0.0211656764149666
-9999 -9999 -9999 -9999 -9999 -9999 -9999 0.0914639309048653 0.0574205964803696 0.0819316282868385 0.159774601459503 0.135991126298904 0.12028581649065 0.105182141065598 0.0959449782967567 0.0945544168353081 0.0938721895217896 0.0430470108985901 0.0245677400380373 0.0221373308449984 0.0350226350128651 0.0646897926926613 0.0684581696987152 0.0631587505340576 0.0645260959863663 0.0730442553758621 0.0849981307983398 0.0875745937228203 0.127442955970764 0.125626593828201 0.126200065016747 0.128041505813599 0.126206710934639 0.125103637576103 0.125145927071571 0.126097694039345 0.128242939710617 0.128704205155373 0.0185086596757174 0.0184410326182842 0.0182171538472176 0.0180597491562366 0.0179831478744745 0.0181747991591692 0.0182967074215412 0.0182994566857815 0.0183993447571993 0.0183947309851646 0.0184575561434031 0.0184392705559731 0.0181148834526539 0.0182890612632036 0.0192975196987391 0.020732693374157 0.0219907686114311
-9999 -9999 -9999 -9999 -9999 -9999 -9999 -9999 -9999 0.111757203936577 0.167332485318184 0.189254641532898 0.147745221853256 0.102739319205284 0.100080668926239 0.102069117128849 0.102700941264629 0.0787975043058395 0.018004534766078 0.0143984938040376 0.0304230861365795 0.0679446160793304 0.0713353827595711 0.0572920143604279 0.0580211654305458 0.0715406239032745 0.0870874524116516 0.129137724637985 0.123915247619152 0.12171034514904 0.123115718364716 0.124660156667233 0.122047744691372 0.119460381567478 0.119417704641819 0.121622085571289 0.12484397739172 0.126085177063942 0.127394765615463 0.0182903558015823 0.0182374864816666 0.0182719249278307 0.0181871857494116 0.0182913485914469 0.018500454723835 0.0185581110417843 0.0186721719801426 0.0186982322484255 0.0187419429421425 0.0187025051563978 0.0183853209018707 0.0186543837189674 0.0196560546755791 0.0212811343371868 0.0230722110718489
-9999 -9999 -9999 -9999 -9999 -9999 -9999 -9999 -9999 0.295230954885483 0.178497701883316 0.226227566599846 0.168891847133636 0.106358103454113 0.107990838587284 0.11096053570509 0.11128792911768 0.103924103081226 0.0179906021803617 0.0122040659189224 0.0294709913432598 0.0703840702772141 0.0692412406206131 0.0558129213750362 0.0561882443726063 0.0653676316142082 0.0823807865381241 0.0832632854580879 0.11521228402853 0.112913884222507 0.115917608141899 0.119128242135048 0.116735376417637 0.112827077507973 0.112573556602001 0.115627780556679 0.119851671159267 0.121625974774361 0.123671859502792 0.125132337212563 0.0179306287318468 0.0181799586862326 0.018217334523797 0.0184189733117819 0.0185170378535986 0.0185386706143618 0.0187658499926329 0.018879696726799 0.0191293712705374 0.0192162003368139 0.0189324580132961 0.0192179493606091 0.0200842227786779 0.0217745881527662 0.0240715425461531
-9999 -9999 -9999 -9999 -9999 -9999 -9999 -9999 -9999 -9999 0.188979685306549 0.0404462404549122 0.175526589155197 0.105401702225208 0.113987013697624 0.125970631837845 0.125588536262512 0.130014777183533 0.0287279356271029 0.0162199176847935 0.0313236750662327 0.0679295659065247 0.0691580250859261 0.0548082068562508 0.0564542077481747 0.0672424957156181 0.0779115706682205 0.0779756680130959 0.107429198920727 0.105884313583374 0.108424492180347 0.110632330179214 0.107566736638546 0.104204572737217 0.105463854968548 0.108953855931759 0.113531604409218 0.115728385746479 0.117467530071735 0.120036549866199 0.122245863080025 0.124803245067596 0.0180011186748743 0.0182104948908091 0.018522871658206 0.018767561763525 0.0190414264798164 0.0194642171263695 0.0197860784828663 0.0199183505028486 0.0196736436337233 0.0196477752178907 0.0201766397804022 0.0211895536631346 0.0237674694508314
-9999 -9999 -9999 -9999 -9999 -9999 -9999 -9999 -9999 -9999 -9999 0.0440319404006004 0.0274820812046528 0.122359976172447 0.129882603883743 0.14566507935524 0.148328170180321 0.174722954630852 0.055873729288578 0.027770671993494 0.0410785973072052 0.0676080659031868 0.0658954754471779 0.0571510381996632 0.0592274703085423 0.0694985315203667 0.116132378578186 0.114003531634808 0.105971306562424 0.102361232042313 0.102638006210327 0.10238291323185 0.098809726536274 0.0951742753386497 0.096010610461235 0.101522855460644 0.106266014277935 0.108516715466976 0.110656067728996 0.113486170768738 0.116638839244843 0.120156303048134 0.122909545898438 0.125509887933731 0.0183912627398968 0.0188313517719507 0.0193455349653959 0.019963089376688 0.0204180330038071 0.020621107891202 0.0202561598271132 0.0201829951256514 0.0205597169697285 0.0214762706309557 0.0240786280483007
-9999 -9999 -9999 -9999 -9999 -9999 -9999 -9999 -9999 -9999 -9999 -9999 0.0288440212607384 0.0221270658075809 0.159293919801712 0.172789394855499 0.182933494448662 0.222898438572884 0.124918632209301 0.0558556914329529 0.0581468269228935 0.064401775598526 0.0627331435680389 0.0623562298715115 0.0644010007381439 0.0722057670354843 0.114393465220928 0.110581502318382 0.104416713118553 0.100421890616417 0.0985197648406029 0.0965920463204384 0.0929393395781517 0.0893883556127548 0.0894897058606148 0.0929625853896141 0.0974644124507904 0.102760545909405 0.104158833622932 0.107945837080479 0.112502567470074 0.115803822875023 0.120936140418053 0.123915180563927 0.128666445612907 0.0192596316337585 0.0199404805898666 0.0206533782184124 0.0210567358881235 0.021312739700079 0.0211412943899632 0.0210323110222816 0.0217419266700745 0.0230370052158833 0.0250849686563015
