meets/meet006/_saidas_enm/CCSM_SVM_0k_S_lineola1.asc
NCOLS 154 
NROWS 168 
XLLCORNER -112 
YLLCORNER -55.5 
CELLSIZE 0.5 
NODATA_value -9999 
[rows 48 to 71 of 168, columns 56 to 111 of 154]
-9999 -9999 -9999 -9999 -9999 -9999 -9999 -9999 -9999 -9999 -9999 -9999 -9999 0.239484950699864 0.252661780601382 0.366147299352664 0.445775381915544 0.251009716678304 0.197032191782216 0.284175309096128 0.60775545459457 0.72269572737606 0.757586734476104 0.820327425438689 0.894921203491923 0.92750740290089 0.988462579809186 1.00341323916513 0.951005735683403 0.829891088519586 0.743920040594936 0.820872168700936 0.878488536647664 0.740395591158927 0.461612519781836 0.351094144859151 0.402326224172146 0.436448364389227 0.475798466000975 0.506365690480246 0.519529743629038 0.527836514253635 0.548215381940332 0.522335154053698 0.46225780332194 0.421491208288112 0.257480525095223 0.183418458408735 0.130538591790931 0.0728858170643106 0.0943219451539759 0.0210519114819122 -0.0109783881966805 -0.0214161228011407 -0.0279338508396575 -0.0295674433951562
-9999 -9999 -9999 -9999 -9999 -9999 -9999 -9999 -9999 -9999 -9999 -9999 -9999 0.243201124252474 0.288403999695583 0.327752555271441 0.287878754084179 0.130122011506712 0.0506678897561788 0.0774959389188366 0.322433843621042 0.475584297732902 0.583977778642966 0.593655875835506 0.59920413485915 0.610195334860563 0.580200359465502 0.544852395316177 0.485843703583205 0.421453758208483 0.3888361836808 0.395974517666179 0.423007744142874 0.381269666260558 0.266214441029675 0.274153841550224 0.335407735793448 0.403492371060972 0.489252784301907 0.514767770139815 0.511464094680913 0.534687756332106 0.51811565447491 0.461590038413126 0.384658162982523 0.293411050458522 0.191549321717398 0.123721508879804 0.0772062833752638 0.0490403903989899 0.0402389409386492 0.00212588540290554 -0.00593175434043824 -0.00162702026805828 -0.0169257846265642 -0.032069534915502
-9999 -9999 -9999 -9999 -9999 -9999 -9999 -9999 -9999 -9999 -9999 -9999 -9999 0.27826651726658 0.35591226611516 0.297689871263962 0.188347435326237 0.052006950024502 -0.0235160421751193 -0.0395834277052647 0.0860481870382722 0.154200111109644 0.250383991597549 0.2289137604509 0.173876837250115 0.136127479901761 0.0719168078767453 0.109201714519474 0.168190551389319 0.253918318360831 0.313016796447433 0.250159057592533 0.158197196486407 0.0882332160970188 0.0623409566340093 0.131666459762726 0.24397662790781 0.332003993792488 0.406604066235562 0.436084673971355 0.388471491614584 0.444867828661212 0.422851699698537 0.385209939188655 0.346605907997435 0.272658121342958 0.257306655752102 0.214777590868915 0.171270444298758 0.135026404663298 0.10238697387511 0.00317783146278389 -0.000791693944181493 -0.00240490513854724 -0.0271742740445762 -0.0291150875973546
-9999 -9999 -9999 -9999 -9999 -9999 -9999 -9999 -9999 -9999 -9999 -9999 -9999 0.319687896752222 0.333877355729821 0.320624180224138 0.174407486572243 0.0499512343707867 -0.020160655495385 -0.0286473454980862 -0.0207720112738484 -0.0128779926146509 0.0028472425043809 0.00306358515358768 0.0107892153327775 0.0548983930440352 0.123793768142676 0.22558291017274 0.350821940001245 0.464593899855993 0.494481573927496 0.400466030990858 0.249214836571448 0.112958140221761 0.0394398363375694 0.0728915619686694 0.171075690884682 0.247821570667299 0.313398814765264 0.374159920713954 0.381520854345669 0.397502592566998 0.375518272078963 0.362330507620906 0.364533559295618 0.347529706106315 0.330698461762877 0.297564190366914 0.229803029428608 0.120963181293105 0.0294310057822031 -0.0225932710035681 -0.0309153002026576 -0.030961185255845 -0.0349814025148009 -0.026601016092667
-9999 -9999 -9999 -9999 -9999 -9999 -9999 -9999 -9999 -9999 -9999 0.259163234950134 0.255425454273474 0.262455854862229 0.283935764398618 0.37294715960116 0.282635036431635 0.0979925383719034 0.0247934475660273 0.0164428386898796 0.0195227857003207 0.0414033250748191 0.0620522147591435 0.0925400802871339 0.144751769547003 0.210374787529508 0.328588738784725 0.45929972896423 0.586688928320178 0.65805852262365 0.653176489443302 0.563517192131117 0.367706539053204 0.164689679883965 0.0328856014039122 0.0361496092544756 0.124978296369387 0.217257345017247 0.261688790929668 0.340950890262855 0.402050478909203 0.406240852803271 0.3836949847151 0.378760847833087 0.392050558774363 0.382926020081484 0.346467400589029 0.311321186963072 0.196661122764972 0.0261353303969599 -0.0331978364368922 -0.0466297820532647 -0.0596084041833881 -0.0543442042483364 -0.0394400028614283 -0.0020066478911519
-9999 -9999 -9999 -9999 -9999 -9999 -9999 -9999 -9999 -9999 0.250900262832908 0.229291907929423 0.196662673390906 0.21630113182631 0.351994486206807 0.486752277769607 0.465713717303691 0.242886658152856 0.121217965577223 0.110718810805475 0.117938240496396 0.155644656679136 0.210988325658551 0.267801351058433 0.341646124070965 0.442391785538766 0.566374939748726 0.68076924524784 0.735724591996986 0.728970296788022 0.706421538347412 0.658948089061826 0.461365132883477 0.211643725024479 0.0503213050413907 0.00361025542697663 0.0707770644478888 0.153908417361786 0.201473118114158 0.248076474544216 0.354302088013602 0.379497198963304 0.381359701517937 0.371807785531293 0.347560681514006 0.301500284623784 0.20773929275575 0.106778124088628 0.0050314304022625 -0.0337742153901979 -0.0434852935251669 -0.0453298017648652 -0.0589324134063605 -0.0467526567187863 -0.0100442606331904 0.0692793507247214
-9999 -9999 -9999 -9999 -9999 -9999 -9999 -9999 -9999 -9999 0.179494802864678 0.131064611882901 0.0953329071920577 0.160629638895763 0.318514153707762 0.489546209114293 0.57042801636174 0.392386379680145 0.273587884999766 0.254131045673801 0.256951623061449 0.322085324621198 0.392800074805368 0.469009819375283 0.567139035167459 0.661558596236182 0.743299953602919 0.762691862307587 0.755106300062272 0.749054297905352 0.732172073303695 0.718145606738974 0.552128915339164 0.278970487771042 0.0869361741959344 -0.00542757153237766 0.0191144750646069 0.0782815019562323 0.131536348755216 0.148333407096604 0.194609492297352 0.230322987555189 0.256855874280511 0.230680326473403 0.155655265753419 0.0863973122479246 -0.00563547371547679 -0.0339133997427022 -0.0198027441947517 -0.0107059735108733 0.00150235111279995 -0.00337176220792573 -0.0147673869042486 -0.0106693956682287 0.0414975494932602 0.139402106151365
-9999 -9999 -9999 -9999 -9999 -9999 -9999 -9999 0.29290383103129 0.189821124174672 0.0884429919196369 0.0453524542982578 0.0186192770760842 0.0862201831989207 0.276263516110169 0.447007073657079 0.555147291884181 0.497870843571656 0.40663356051297 0.416744310412683 0.464249393049252 0.504877165938112 0.55964859179469 0.635637061388369 0.71938090082103 0.724586250311012 0.723750402074022 0.700737689150792 0.689640896136706 0.691605614133023 0.674009498064487 0.654718825409684 0.61263157037963 0.368951574928675 0.142872942334999 0.0199422547469281 -0.00523699759349633 0.0244091452657345 0.0593835853655525 0.0756753444676815 0.0817233674856581 0.0691011647296838 0.0719875575105799 0.0430338597041307 0.00511412448412529 0.0149169106590251 0.0354738725115955 0.0531170046267677 0.0585995612090539 0.0684690919393327 0.0595758163238311 0.0463197426397072 0.0432869086352728 0.0394916078504475 0.0715371614084208 0.152213431676207
-9999 -9999 -9999 -9999 -9999 -9999 -9999 -9999 0.200550080829733 0.0998260740715244 0.0541875170152992 -0.0344380476286379 -0.0599178768103746 0.062918152290016 0.242639641934659 0.395275497147795 0.469589971981428 0.489231819686669 0.455848129357933 0.48245445218581 0.529269788889188 0.550098772390742 0.576334902920976 0.569610941339957 0.565671365798597 0.559616876256671 0.544875375615095 0.542181769591616 0.526937122398089 0.501671720659061 0.481526692862069 0.473396902896756 0.47020530739353 0.464181388498726 0.239139520026245 0.0921437509753758 0.0229412358502566 -0.000580860635038372 0.00471207422576742 0.0105599660377122 0.0166294280561796 0.0170213069705534 0.0175912707588346 0.0173628648610839 0.0241692155549316 0.0437242383271392 0.0463661329152685 0.0603020392795114 0.0785494381800274 0.0785912433845272 0.0762756929945786 0.0703557831525101 0.068182331715268 0.0500752723861944 0.050703404677314 0.114462482254383
-9999 -9999 -9999 -9999 -9999 -9999 -9999 0.20772871644461 0.134853057871562 0.138459973795451 0.250295993691419 0.0734716688627503 -0.0748798648704303 0.0020021252880717 0.181685781797728 0.335311476454964 0.388650546935244 0.397488641791122 0.363525465847155 0.385529880151305 0.415528803912603 0.415197102126075 0.415312840762866 0.40486476972083 0.401441352220639 0.400531097246546 0.383581815459414 0.358982304136681 0.348583475169002 0.347026867540224 0.350916263692005 0.346216647114682 0.347740758848386 0.349566047150502 0.335655329330867 0.186293301601543 0.102799556099525 0.0550550977354928 0.0325321879248957 0.0261936399645865 0.0179122956523627 0.0109320071491779 0.00530987687329315 0.00830566722757559 0.0252434007905381 0.0500713697010752 0.0760060395236538 0.104323513028363 0.124644070263821 0.134631668207332 0.132140024924687 0.123944439896391 0.10596248329035 0.0531151153295588 0.0123767470366388 0.0357875096712721
-9999 -9999 -9999 -9999 -9999 -9999 -9999 0.198832951548715 0.213453489109807 0.333610337692396 0.462363075136122 0.192638016452206 -0.109633617545143 -0.0447626376435134 0.11594264627461 0.232586984238284 0.285805181242778 0.295282800504371 0.266248870590262 0.261519666212815 0.270698923631704 0.271765643658789 0.276792161894093 0.256109573952916 0.230261994617427 0.223505516329099 0.211867954741571 0.219380359165298 0.213844448024218 0.198626976662862 0.206109819175797 0.215626777647224 0.241442332168654 0.257963812778272 0.272201476286907 0.305202241205857 0.202852237579695 0.119984567400261 0.0831409497324429 0.0706969059352376 0.0570385987291084 0.0696094094146306 0.0834394628044741 0.114538036249535 0.152150615601636 0.176646020877161 0.199458430839622 0.200093574664082 0.196136382236139 0.181183250379012 0.172247570166692 0.153326136977543 0.139492371646522 0.0779483524278066 0.013269087775024 0.0131180284562801
-9999 -9999 -9999 -9999 -9999 -9999 0.266668283424623 0.356797992238578 0.469131061444628 0.493104378111532 0.538481152850823 0.211249731129409 -0.167481218761461 -0.0335183069194938 0.0725450213962899 0.157737705512862 0.168531224658092 0.176759606170187 0.163565299044208 0.16458905962365 0.176162060421279 0.168143885792495 0.154869728249354 0.138050640463717 0.130930251768556 0.121934082910975 0.120857001758023 0.113013116283008 0.107778180315005 0.118224437078081 0.121934242533448 0.1371699545451 0.151831150428958 0.166608999509389 0.189809161845625 0.200864608040296 0.208075510783091 0.202082906235853 0.208917574964454 0.206866676884274 0.190693506520208 0.182572864184506 0.163588309649607 0.155129920944268 0.157544906329117 0.1604721169378 0.164892140015845 0.164526768440088 0.162259655889213 0.157136827783311 0.146906218686514 0.128292710680339 0.106020286812362 0.0853315572688513 0.0356948779375713 0.0275148018027157
-9999 -9999 -9999 -9999 -9999 -9999 0.370824833695925 0.618009494295504 0.73457798168688 0.666745923406064 0.573818794190546 0.165681137828918 -0.185282852025404 -0.0846701733900027 -0.0105608987073313 0.0434563883131387 0.0716107812130072 0.0876681326333321 0.0776051763957825 0.068294554633718 0.0626851754523037 0.0560426710906426 0.0500901741141115 0.0393959334132435 0.0318697414287582 0.0305115763220297 0.0336898700341057 0.0438315973843769 0.0476455647231798 0.0493587304520007 0.0563565289136225 0.0628188876769252 0.0754073174263958 0.0855978811412486 0.0946132124031762 0.0954873431278599 0.0868841862251375 0.0828369005138267 0.0746511987739381 0.065641562925697 0.0706576666734346 0.0740952119706801 0.0903883532239199 0.113447928019906 0.135323006831844 0.154107955424631 0.1591090613774 0.159610004320845 0.153844621766623 0.143019587070441 0.130103641480657 0.108608276805589 0.0883564934620654 0.0698129537273773 0.0625123107635835 0.0553116312023332
-9999 -9999 -9999 -9999 -9999 -9999 0.463137876291669 0.760107798083512 0.967194247671103 0.797937352639784 0.553294738809723 0.14302461291241 -0.191067034190056 -0.122820214671681 -0.0626783028563358 -0.00540178025019361 0.00676496837259732 0.0199914203591686 0.0194029484372519 0.0185277734775688 0.0166241064535727 0.016433320955208 0.0172419600674833 0.0182695671644248 0.0156496500789165 0.0133408092806414 0.0169498114014668 0.0219503587909248 0.0294066029771919 0.0315889293470082 0.0317999609224694 0.0360854002524761 0.0387122855753473 0.0435143291656379 0.047954335355354 0.0436359346780301 0.0395076208469168 0.0334178805541806 0.0365766053760969 0.0457491362878746 0.0648391168839191 0.0896883297411517 0.117655064468155 0.143213063490402 0.165019970146341 0.186259059659124 0.180538790451357 0.178539853900283 0.168066020749881 0.151065312345607 0.138268907365432 0.121198975454563 0.108589657801699 0.0952201258089554 0.0827780379229709 0.083561353627529
-9999 -9999 -9999 -9999 -9999 -9999 -9999 0.828824799019781 1.08806208443813 0.871186238139146 0.543149894119111 0.168700885867697 -0.173549498469203 -0.150822942271085 -0.103749554215008 -0.0560838077876499 -0.0326981100876594 -0.0138333909604974 0.00172479980632723 0.012438499112026 0.0225575722829531 0.0381925753294732 0.0534405422982105 0.0644964193108044 0.0632290970778501 0.0547511919452494 0.0516199205092302 0.0475434454791288 0.0467931352834283 0.0478627728686003 0.0462818917089195 0.0442994125269044 0.0410451280319653 0.0407552084627557 0.0404870076255908 0.0400124869596461 0.041517626151162 0.045369679715928 0.0669321438271004 0.0986241879976212 0.134785052498844 0.1700914485058 0.195251103476455 0.213327840168693 0.231279897523693 0.236561081783677 0.237181363824253 0.22923982999829 0.21773381106897 0.205403880910513 0.196471459693644 0.188735392575479 0.176185857007047 0.153722752374581 0.140615153509648 0.130307591044079
-9999 -9999 -9999 -9999 -9999 -9999 -9999 -9999 1.11129910680496 0.815963313646204 0.520343449587121 0.179218613385075 -0.149558588414936 -0.140328466630997 -0.110883593882826 -0.0730059061506415 -0.0474588000065409 -0.0183420913343585 0.010954735595833 0.0321527000626231 0.0576588477428698 0.0851850851531945 0.120475077394745 0.140823851353468 0.133774798852249 0.129580158297045 0.120743461811285 0.114019471623327 0.108241191296607 0.101515987101425 0.107057635370522 0.0951197641156509 0.0881808061048262 0.0874947535897405 0.0909147360035331 0.104162625279951 0.10954600400446 0.127830489035104 0.14743791610678 0.187987581966744 0.23645130026995 0.255764672627256 0.272543949599055 0.269216311699371 0.262207030928183 0.247860617143257 0.24455690501359 0.246175041543791 0.242197168168777 0.238161256288965 0.249151131102202 0.252684977833156 0.261555696388979 0.254271610725764 0.220533998941357 0.214181188060738
-9999 -9999 -9999 -9999 -9999 -9999 0.742021464214965 0.906719400331201 0.97592976528331 0.664741436676228 0.427068149657943 0.115868866511156 -0.13523980129911 -0.135187623306967 -0.115148417866165 -0.0818005430524057 -0.0524182710774972 -0.0187773281482019 0.019197257906678 0.052878250621164 0.0892327089125527 0.130246756242662 0.168581762828414 0.199715284091245 0.21631786879759 0.222125375833318 0.22116869664291 0.212971119943544 0.205168764316262 0.193760135720249 0.183970608361785 0.179028129573592 0.171703005032751 0.174025601030038 0.181733118098501 0.194720830427985 0.217858526595429 0.241817916432966 0.26323472565662 0.313038247067654 0.344395847757858 0.352813593289392 0.331626820030801 0.299481744445754 0.273267344063515 0.248805911928902 0.247209295207103 0.254927091644648 0.260615302167556 0.269450032802371 0.284182148021301 0.308967924444532 0.336060228820436 0.356475268364884 0.358780465497776 0.346357607156034
-9999 -9999 -9999 -9999 -9999 0.873757671877258 0.850909094460547 0.845268890521233 0.700185833886635 0.51248129990545 0.328959087120128 0.0491369110167141 -0.136925087697182 -0.136724588210989 -0.115801067767536 -0.0799223023498293 -0.0574754643819044 -0.0185066968838816 0.0191345539682972 0.0516891963519693 0.0952027495587237 0.137020149251529 0.185098668099078 0.228343074450153 0.256863977648496 0.286033326873602 0.286023019062005 0.29400176352004 0.294989137084773 0.277282465663608 0.270257173928283 0.264135000857661 0.261492431629721 0.268784159832532 0.272442480804652 0.289687035510832 0.326699680653344 0.36356588043638 0.384199552280518 0.40761144022432 0.424458134989462 0.399189391873481 0.364099329956946 0.313043664545767 0.268976204289294 0.229254668217574 0.232732165707664 0.250904571623041 0.263315473757188 0.271113926958462 0.278767709369082 0.324119478920077 0.36675551933693 0.4179381047057 0.4615859181582 0.491447302324457
-9999 -9999 -9999 -9999 -9999 1.01429026039157 0.84309189086848 0.732931260905816 0.531407437366099 0.351112396689396 0.160191017693924 -0.0166932988288833 -0.121135373391345 -0.125640327468491 -0.117095336310031 -0.0977913989973438 -0.0792213924981545 -0.0439019994786505 -0.00456927074480179 0.0378051878831033 0.0781271462917897 0.121898998371862 0.170949601269486 0.216796710031781 0.256917784467547 0.285028008092404 0.300356640615091 0.310766243086165 0.321457089444904 0.330095656367194 0.339161992035219 0.343285934833864 0.349915073695064 0.365337736648915 0.382913665046327 0.405849622373345 0.434666238857649 0.455381851002462 0.465337724323653 0.472794650698211 0.463158952937403 0.42901195367766 0.373323334294342 0.314701230563568 0.269938323729509 0.236971595360001 0.229289033935925 0.239685379502724 0.250748549286295 0.268029392011648 0.296951415599058 0.330416701792292 0.380069466979747 0.440622363030843 0.497395720545835 0.549853061641431
-9999 -9999 -9999 -9999 -9999 -9999 0.900365336419639 0.650438342958728 0.43563100554506 0.204871659376063 0.0917092714963931 -0.00752068238836356 -0.0977482412078814 -0.110019958620377 -0.117550857333784 -0.0991757928016002 -0.096412026423938 -0.0718046515995369 -0.0361319289166517 0.0073357437216845 0.0438889888738686 0.0896703084808619 0.129208141472068 0.17605587163719 0.22334213730907 0.251286092475684 0.274960380213618 0.282854252355219 0.303945880885171 0.332074383453347 0.357277632697952 0.380384893448204 0.396623299232612 0.424423763395054 0.453321080868926 0.481728918486906 0.50411617060768 0.511652427135799 0.510808589812111 0.508740320730522 0.484305755131975 0.445483543285303 0.38318885652817 0.322313019674888 0.285000225542546 0.241477283670776 0.230103548866151 0.227482625339713 0.230122967681588 0.244446906868802 0.28609385486674 0.310462697593731 0.36058847692441 0.417381805666437 0.464159579285596 0.508543750262263
-9999 -9999 -9999 -9999 -9999 -9999 0.762442922398619 0.615757712539665 0.332717254402656 0.202337915961116 0.128858103970826 0.0298530116840587 -0.0974156509852198 -0.145227365158291 -0.142646173918213 -0.130937512466643 -0.111582322158808 -0.0992617305551495 -0.085651855064877 -0.038242237613674 0.0318584012527424 0.0573295036585472 0.0673226032073267 0.0983957208361546 0.157017909330263 0.210372172594289 0.216364551944989 0.212978059775213 0.23301136673977 0.277614789623977 0.329091040338614 0.351396942162553 0.374200782663753 0.408643484019511 0.44587107638113 0.48399286752541 0.497585200190843 0.499873287662468 0.499165636812496 0.496627056177811 0.486279225665614 0.447979946107922 0.397599344036092 0.345634692723434 0.305884378606482 0.270149338456746 0.240883893912265 0.217800918611151 0.200271539775248 0.186435346195024 0.1910930219124 0.239045518998375 0.298370228639827 0.342928380722585 0.365770176692321 0.38460288091176
-9999 -9999 -9999 -9999 -9999 -9999 0.594555451580334 0.623053199700472 0.39033758539903 0.232469966022002 0.228482684804817 0.103649205276814 -0.0532366780987233 -0.124985452560163 -0.153999972378674 -0.154119620254775 -0.129872657004021 -0.111512733881224 -0.1099071546683 -0.0700450932215092 0.0154968213475241 0.0241194529080221 0.00572993866688337 0.0271227860347089 0.0944604804173844 0.157848807676026 0.155392071663391 0.131428763890438 0.148586243854105 0.207604498322087 0.266918245379882 0.290934617426645 0.303536776835642 0.340890189924296 0.389995263446121 0.433364603276867 0.453168422190958 0.448833123829306 0.453820550228697 0.468434033831155 0.462798031001807 0.447358940547343 0.407743491514175 0.365077281962588 0.336954230821266 0.29798205534555 0.26428063393657 0.21908134307283 0.1853964511205 0.150851912053133 0.122267970475978 0.184322118817729 0.241026246960154 0.269426490969478 0.266987287461813 0.2458569911325
-9999 -9999 -9999 -9999 -9999 -9999 -9999 -9999 0.416798579439204 0.337445976234857 0.419549571634112 0.237377539180785 -0.0264310568362599 -0.0680352821070922 -0.109277261273614 -0.142578823036772 -0.139633781097371 -0.115876356415587 -0.112687402024616 -0.0926495312185361 -0.0125291779829499 -0.0162993047551808 -0.0455402218534648 -0.0333279142808915 0.0214420309036204 0.0827236986951804 0.0802840189124659 0.0575854641957861 0.066751296042268 0.112941417337483 0.163220554231508 0.179650037687169 0.185846659157096 0.217779278532028 0.271699074762445 0.325525346644762 0.346878380711481 0.359940807595995 0.377448693180419 0.39327874355112 0.40859138691595 0.402446905578706 0.388361148289153 0.364979597292496 0.344680984026537 0.319416820049329 0.27984533675968 0.237397487138337 0.194481667515184 0.150252236909916 0.136281391247302 0.157220635977232 0.194639074616248 0.19682054464583 0.160095911101748 0.11447171838982
-9999 -9999 -9999 -9999 -9999 -9999 -9999 -9999 0.66779925689545 0.529274383571177 0.636177637604497 0.389078637910375 0.0139629267540425 -0.00283004378348667 -0.0442163517882334 -0.106897018637498 -0.122879756247095 -0.111674601187805 -0.107996435003456 -0.090263386830041 -0.0254133827521619 -0.0369111559846562 -0.0684503101756275 -0.0608304184960332 -0.0138514643376374 0.0329247138972009 0.0329957409287268 0.0105675395116254 0.0148448049035771 0.0509300233041715 0.0790415369906527 0.0894376207859505 0.0810080969655122 0.1050274664637 0.159712380638755 0.207416546430055 0.23735570187568 0.253879019204981 0.280230731353936 0.310587634724541 0.333164189426395 0.34410297740839 0.343389162535374 0.342954949779983 0.347482369610656 0.331436789482012 0.290499992391625 0.23502272351045 0.17913443736446 0.124811285369347 0.0918585849681914 0.0892626986123792 0.102757716867459 0.10152360229016 0.0766387821842717 0.0454512872212622
