meets/meet006/_saidas_enm/CCSM_Gower_0k_S_lineola4.asc
NCOLS 154 
NROWS 168 
XLLCORNER -112 
YLLCORNER -55.5 
CELLSIZE 0.5 
NODATA_value -9999 
[rows 78 to 103 of 168, columns 59 to 117 of 154]
-9999 -9999 -9999 -9999 -9999 -9999 -9999 -9999 -9999 0.524724387028535 0.346280618306657 0.219033571185824 0.128318114359594 0.0886243091689413 0.154763483539699 0.276982801491247 0.456068896974537 0.688449292128679 0.693489525821009 0.661898631339026 0.634920055960483 0.622921087267144 0.612485330190347 0.615791334766313 0.61982816951586 0.620883396635329 0.620226047112256 0.616503749962056 0.620614119683579 0.621586984592432 0.62228871475531 0.624059708705131 0.623025743008453 0.620549612939675 0.617604596250813 0.621604736848354 0.630552772853452 0.643417215628394 0.660819062769499 0.679730897352262 0.684658867645155 0.676261713800845 0.664012477953674 0.657683225625914 0.65053165490724 0.64719543129832 0.649859165990882 0.653053982668946 0.648359567530085 0.643640346492611 0.642650337728283 0.644063141346631 0.645829708096765 0.650411930390555 0.654282813053681 0.650998265457793 0.637227240829922 0.632138880968989 0.651366890943374
-9999 -9999 -9999 -9999 -9999 -9999 -9999 -9999 -9999 -9999 0.508626409417529 0.272608930162611 0.0474071511612022 0 0 0 0.0635527460210004 0.313600726027975 0.615241118527476 0.67710206963539 0.640085310576223 0.623530134140382 0.615270391882917 0.620104671222927 0.621990538782291 0.621851823480202 0.622102728911288 0.617105365658396 0.618248425160364 0.616537912733627 0.61493044813273 0.614309879676012 0.608771480028507 0.608355812151161 0.605174421024049 0.607732418978078 0.613331875956234 0.624057128435375 0.646905273174059 0.665670032380722 0.673769238402181 0.672007161321422 0.6629405496987 0.650080797582567 0.634506837981369 0.626660104565364 0.629949704057828 0.6337971442912 0.631657611770148 0.626754542438438 0.625206380584758 0.625796539883381 0.627683336339857 0.632902339332654 0.636403455759359 0.634177918773223 0.622668736884994 0.62214143295763 0.642147755501256
-9999 -9999 -9999 -9999 -9999 -9999 -9999 -9999 -9999 -9999 0.572010945830234 0.33836942468515 0 0 0 0 0 0 0.280672548377111 0.680745719679486 0.664939397764428 0.657296720228959 0.629390048979869 0.637076759497745 0.632892591345123 0.625959509721178 0.629247908709187 0.623513826835523 0.613839672306531 0.619852672545378 0.618303539722355 0.61372994367777 0.600372729133022 0.607986969379705 0.604816985760988 0.604320922110188 0.603365950693075 0.601523475122789 0.625437159911746 0.650069471556374 0.659295410762428 0.663855024461008 0.666173347947574 0.642876890845019 0.615599145410583 0.603516747089771 0.606417513510352 0.611981009676327 0.610587120793329 0.60918725654879 0.609382922478508 0.610880130794689 0.60964399145636 0.615097758255864 0.616201032714266 0.615069945663967 0.605343578077114 0.604238462120929 0.630291888568593
-9999 -9999 -9999 -9999 -9999 -9999 -9999 -9999 -9999 -9999 -9999 0.499376000796348 0.179088999753964 0 0 0 0 0 0 0.344680953958313 0.49298004361059 0.581022199086277 0.683498637684427 0.681789015572325 0.648789467632191 0.631018063392319 0.630257904748875 0.588724095234233 0.592762464861798 0.586584152742321 0.584818391456125 0.59839699695325 0.602895286620091 0.602707075767041 0.604944153653516 0.616212000556685 0.619831162628777 0.609038307082025 0.61754452757089 0.628488896557722 0.637277303495338 0.648656325712775 0.64722427599812 0.630357712608108 0.60296560146986 0.589749079528657 0.590251444469809 0.591135037477247 0.593484223706169 0.592440056437697 0.595908373561691 0.605013955405951 0.606632409239936 0.604211735958402 0.594624322688101 0.593982242929838 0.596847048538239 0.605921449859551 0.633387427330734
-9999 -9999 -9999 -9999 -9999 -9999 -9999 -9999 -9999 -9999 -9999 0.567447038019565 0.465539068692353 0.0555837977685543 0 0 0 0 0 0 0.139804637187459 0.323003193873595 0.393598626586881 0.518050745120732 0.683712170449354 0.675977368073719 0.688295426505469 0.593392451229368 0.600618655963073 0.578557630686722 0.558342213190536 0.573457651995734 0.572664832411343 0.56643564152726 0.562290751101952 0.576219924342095 0.603547236948109 0.625218765879587 0.627017936375145 0.615745813375668 0.614671334727745 0.628290009364919 0.631070923613365 0.619091038051927 0.59522685641726 0.585165651298264 0.587439330685902 0.579743716879331 0.588351062214049 0.585504291333206 0.588333244772364 0.602167401810983 0.611753076794291 0.599640475736965 0.581648444852575 0.586382560836726 0.603963052275379 0.61463667763081 0.652535228940732
-9999 -9999 -9999 -9999 -9999 -9999 -9999 -9999 -9999 -9999 -9999 -9999 0.622255973848178 0.258530296141005 0 0 0 0 0 0 0 0 0 0.146993401748424 0.304413054611285 0.431486310440922 0.647913578953928 0.727734814419038 0.695545004017701 0.628079044588891 0.546258228739344 0.545802313373981 0.543341622082142 0.542474927731183 0.538389706065094 0.543384861975363 0.555576994674379 0.578445561563228 0.614526817896473 0.619391278240751 0.598205302537868 0.607309146095135 0.61675393291761 0.612663395964255 0.602876622904375 0.601270880294031 0.606992126004676 0.608797554333411 0.607370963926345 0.599506627638457 0.59919514833779 0.60533249649753 0.603335639313624 0.603702091940464 0.599544869952316 0.612656442816281 0.638118688721713 0.661280947352288 0.683560031250734
-9999 -9999 -9999 -9999 -9999 -9999 -9999 -9999 -9999 -9999 -9999 -9999 0.493984344831161 0.431494003805719 0 0 0 0 0 0 0 0 0 0 0 0.0265733092497183 0.356883951761056 0.650398635958668 0.720029270648015 0.681623574107709 0.586846308928881 0.560738825289331 0.540203505796512 0.528640816981705 0.519395634724607 0.509701064544207 0.499013282308142 0.509909854481485 0.571320743882293 0.625931746018602 0.582282376390556 0.58953277144089 0.606727254524025 0.610044123393701 0.614342255271268 0.621037490345165 0.630953344794688 0.640641182163898 0.636551003732235 0.626195552798469 0.624581336039031 0.625199775094182 0.616221778083105 0.629394671736842 0.633775135948217 0.649380539531486 0.673420540747336 0.697821584171759 0.692845074492558
-9999 -9999 -9999 -9999 -9999 -9999 -9999 -9999 -9999 -9999 -9999 -9999 0.411779384002491 0.5633875554273 0.25033380258144 0 0 0 0 0 0 0 0 0 0 0 0 0.298302496792898 0.668006790215708 0.676391914212739 0.640143684426327 0.636852579463172 0.583216186697898 0.552694904072292 0.516792517293256 0.486393002335126 0.461701409087298 0.456046615462853 0.541247331990753 0.626381332220911 0.573869338948842 0.570206550967439 0.590211572511893 0.609079591398124 0.625604464602734 0.640104377411684 0.650499282028058 0.655458712599461 0.658669298799845 0.659503510876297 0.66057307614739 0.660857658172904 0.665492651057318 0.668444805587148 0.678150683116063 0.688525841878618 0.697856564481432 0.711862507901017 0.700370628601271
-9999 -9999 -9999 -9999 -9999 -9999 -9999 -9999 -9999 -9999 -9999 -9999 -9999 0.550395778920409 0.499652146879002 0.247749630168585 0 0 0 0 0 0 0 0 0 0 0 0 0.386672043867586 0.696820501976067 0.641143568833637 0.637539252480981 0.638402833459405 0.604778735922474 0.551806969072031 0.517389341608895 0.491118760126494 0.462894607854325 0.563238429838808 0.604696392100807 0.56166387534103 0.566601330162331 0.587825664970231 0.619921678491822 0.643943753623051 0.659694439973957 0.670745012863952 0.674350926267783 0.678488589811179 0.682623116289767 0.68608690028721 0.681852015258425 0.685244026988062 0.697712096535823 0.705517325633781 0.710592330561672 0.710680771344619 0.714788526424001 0.702596896514441
-9999 -9999 -9999 -9999 -9999 -9999 -9999 -9999 -9999 -9999 -9999 -9999 -9999 -9999 0.567610279464706 0.519687971509832 0.319651069410018 0.0918973692930999 0 0 0 0 0 0 0 0 0 0 0.0681869101279063 0.411787568014678 0.698029962855547 0.661257475045727 0.622326799536911 0.630107480763232 0.639548576220445 0.593910236160428 0.594871534316935 0.617964389407523 0.633254372325667 0.591077891292332 0.576047140944489 0.59098880408391 0.617672096107634 0.642165257878423 0.664049419268362 0.66946659970746 0.663820053594269 0.645111425530938 0.636596540548327 0.618755735907015 0.615701501662304 0.625963990175053 0.642123652113536 0.679717365287103 0.704874699944759 0.708302330288809 0.71366201773693 0.714783467656403 0.699632868872752
-9999 -9999 -9999 -9999 -9999 -9999 -9999 -9999 -9999 -9999 -9999 -9999 -9999 -9999 -9999 -9999 0.576065118114836 0.452219977531927 0.16649878791355 0 0 0 0 0 0 0 0 0 0 0.0794297123825994 0.415172664184078 0.674201288627324 0.653152282798434 0.638905415686432 0.61780534123784 0.608360375154519 0.611312312398474 0.583591415139679 0.601538359205172 0.597509335882803 0.601401034532677 0.62422340101846 0.641253178692878 0.655195003598237 0.640504030552134 0.623731115432013 0.607204192258485 0.574116544346592 0.571611197412275 0.558345547478508 0.564084968507187 0.588632711045378 0.611033604352287 0.662886955751639 0.698789006069463 0.704560170493633 0.714418971104737 0.706920091958427 0.692290700602485
-9999 -9999 -9999 -9999 -9999 -9999 -9999 -9999 -9999 -9999 -9999 -9999 -9999 -9999 -9999 -9999 -9999 -9999 0.450526437099617 0.277810419398517 0.0241784767609721 0 0 0 0 0 0 0 0 0 0.0665279033924462 0.363571382309128 0.655705569846464 0.690084555677565 0.640077097170178 0.606934545248013 0.621624966163242 0.636077852876868 0.63546302076723 0.638239836460873 0.647337780706656 0.650918002771936 0.65409334899302 0.650147020708949 0.645160870904551 0.624240745470931 0.592851379207711 0.562058832849696 0.550729006119984 0.550733936985001 0.559213573780483 0.570385661344442 0.598784312430898 0.646012865279572 0.692410523268644 0.702380684532461 0.703559976486213 0.691831309815268 0.702743053880969
-9999 -9999 -9999 -9999 -9999 -9999 -9999 -9999 -9999 -9999 -9999 -9999 -9999 -9999 -9999 -9999 -9999 -9999 -9999 -9999 0.365496536673761 0.111674559468779 0 0 0 0 0 0 0 0 0 0 0.277760405078941 0.536668141736259 0.708485371909235 0.672059462031342 0.668371710619067 0.674104309516639 0.672355937742396 0.667690010806224 0.647818682125767 0.643292553800622 0.646142271818433 0.647445638811976 0.64338752808261 0.624778769882815 0.59165068270318 0.560008986699962 0.550463498003716 0.551126888997077 0.554792418190808 0.560380018855928 0.578338864348132 0.614574750491284 0.660613284495718 0.690389062671008 0.701017467236486 0.712614350144738 0.717993562749803
-9999 -9999 -9999 -9999 -9999 -9999 -9999 -9999 -9999 -9999 -9999 -9999 -9999 -9999 -9999 -9999 -9999 -9999 -9999 -9999 -9999 -9999 0.424002970162555 0.0242351398095394 0 0 0 0 0 0 0 0 0 0.11299120627857 0.376214684746711 0.641710553239747 0.701155493686119 0.688206399050662 0.688612962649879 0.676916563390846 0.626155244227442 0.629295759789074 0.63996388472158 0.641299562553326 0.635455870048155 0.617526124598328 0.586980738951869 0.556006729704556 0.547390051909262 0.550193627968396 0.549544650272775 0.54404218421178 0.549603631004318 0.577248552181375 0.607398771777978 0.655007027695518 0.704804812659396 0.712694522505243 0.698798246151264
-9999 -9999 -9999 -9999 -9999 -9999 -9999 -9999 -9999 -9999 -9999 -9999 -9999 -9999 -9999 -9999 -9999 -9999 -9999 -9999 -9999 -9999 0.592340707903866 0.35775205745084 0.0127255945171074 0 0 0 0 0 0 0 0 0 0.0340307023088819 0.332387850992523 0.618258410978469 0.685400420876627 0.688706976815499 0.694501280602539 0.615946360127402 0.614653018049943 0.637774091096143 0.642117124671475 0.637459631574852 0.619894284988517 0.589231471541466 0.559572565452106 0.547985927981629 0.546733488267463 0.543507754303464 0.538214281059703 0.539935911545045 0.558533934748911 0.590566421651631 0.648603280661507 0.697248992436065 0.700849177641038 0.687962050220829
-9999 -9999 -9999 -9999 -9999 -9999 -9999 -9999 -9999 -9999 -9999 -9999 -9999 -9999 -9999 -9999 -9999 -9999 -9999 -9999 -9999 -9999 -9999 -9999 0.357481146553137 0.0730207345740721 0 0 0 0 0 0 0 0 0 0.0766885505777415 0.38730873409457 0.6531136086289 0.676789289335551 0.710978317359073 0.597645997102389 0.609109931893419 0.639463882659702 0.636474966939939 0.64292995439413 0.626866409039996 0.589596831879533 0.561996407569336 0.545671076505083 0.541817036548802 0.539885465002954 0.53677219269106 0.545500392716054 0.568358043781186 0.596724048836469 0.655145409467212 0.69284873348155 0.694628402569898 0.690013935052376
-9999 -9999 -9999 -9999 -9999 -9999 -9999 -9999 -9999 -9999 -9999 -9999 -9999 -9999 -9999 -9999 -9999 -9999 -9999 -9999 -9999 -9999 -9999 -9999 0.532214873777905 0.298938293907032 0 0 0 0 0 0 0 0 0 0 0.241465688158997 0.552824531132844 0.658097771764934 0.688703383450354 0.628162269475169 0.602880035339924 0.620478654239034 0.616862610112821 0.617383332392808 0.602730874467961 0.575335967553144 0.550717247903407 0.532839638191825 0.526796104519607 0.530803570237361 0.542643904682322 0.563962896519777 0.594280712601732 0.627252180865805 0.675992559862763 0.691529601803571 0.69995259637047 0.698775952620571
-9999 -9999 -9999 -9999 -9999 -9999 -9999 -9999 -9999 -9999 -9999 -9999 -9999 -9999 -9999 -9999 -9999 -9999 -9999 -9999 -9999 -9999 -9999 -9999 -9999 0.458991360687858 0.145329929448716 0 0 0 0 0 0 0 0 0 0.142964768153528 0.45568009518069 0.63185840021435 0.637820757195302 0.657405181189139 0.612554542456854 0.589779600257243 0.584672670722546 0.576528901694142 0.56282720098896 0.550712885984354 0.53072771077557 0.520956632799607 0.50931781989698 0.521888566287707 0.553184007952189 0.587856827526876 0.630848148697247 0.668482058564695 0.671624042868031 0.689480723665308 0.708152655630439 0.706012696685858
-9999 -9999 -9999 -9999 -9999 -9999 -9999 -9999 -9999 -9999 -9999 -9999 -9999 -9999 -9999 -9999 -9999 -9999 -9999 -9999 -9999 -9999 -9999 -9999 -9999 0.533084840670763 0.244353618175468 0 0 0 0 0 0 0 0 0 0.109882081979689 0.408323679444995 0.597487607295383 0.600181517563725 0.616801719513494 0.62730831686753 0.602164063154502 0.563007623015875 0.537882775211677 0.524469684475138 0.533290622692172 0.53523110772478 0.525088697683351 0.511659557378123 0.531143989572147 0.574173042003891 0.624067605070261 0.668505376740655 0.651883045389318 0.65522335940482 0.680243941894131 0.702828388495885 0.706940151563076
-9999 -9999 -9999 -9999 -9999 -9999 -9999 -9999 -9999 -9999 -9999 -9999 -9999 -9999 -9999 -9999 -9999 -9999 -9999 -9999 -9999 -9999 -9999 -9999 -9999 0.52372703022347 0.302882478720263 0 0 0 0 0 0 0 0 0 0.0899347041887852 0.373628428403873 0.56250024941193 0.567195213197623 0.574976899371113 0.581153902202894 0.581780120092341 0.564708295119681 0.515193779136015 0.500325165849402 0.530130507162622 0.557927650052717 0.538700540209782 0.523309034709739 0.55239317306302 0.607937929671355 0.662981930033628 0.661087970335263 0.630836971912613 0.634181034109445 0.670909634074393 0.700224665445703 0.701672278261098
-9999 -9999 -9999 -9999 -9999 -9999 -9999 -9999 -9999 -9999 -9999 -9999 -9999 -9999 -9999 -9999 -9999 -9999 -9999 -9999 -9999 -9999 -9999 -9999 -9999 0.525102896516772 0.282084559792284 0 0 0 0 0 0 0 0 0 0.127014963477308 0.406103797840003 0.531036793095166 0.539279532732974 0.54083445760949 0.532645129555633 0.543120644515261 0.584178022927331 0.548301313694024 0.531495598177547 0.54034365615217 0.552472256551936 0.556247168914963 0.563188971233894 0.600014805826351 0.653090244334285 0.680127854199766 0.657126900453977 0.637329419512265 0.638723742967012 0.661823882282227 0.684662974348177 0.6903209111033
-9999 -9999 -9999 -9999 -9999 -9999 -9999 -9999 -9999 -9999 -9999 -9999 -9999 -9999 -9999 -9999 -9999 -9999 -9999 -9999 -9999 -9999 -9999 -9999 -9999 0.516440981240174 0.236809096996091 0 0 0 0 0 0 0 0 0 0.164172824348982 0.434948961246907 0.51132620749062 0.524570935854368 0.52387621859308 0.505484422441262 0.501233740366474 0.561088448024677 0.581302490640343 0.566553082559153 0.561431616234569 0.559639806926203 0.586288124423984 0.60696352370552 0.647385423158963 0.678807828933629 0.672120348249367 0.654645767377946 0.640715396154231 0.639208040587725 0.652398333407839 0.668951665629823 0.668059324149875
-9999 -9999 -9999 -9999 -9999 -9999 -9999 -9999 -9999 -9999 -9999 -9999 -9999 -9999 -9999 -9999 -9999 -9999 -9999 -9999 -9999 -9999 -9999 -9999 -9999 0.52031764733901 0.178663878037568 0 0 0 0 0 0 0 0 0 0.220346546309456 0.488384696914877 0.511742988958072 0.520737157470336 0.516985635370055 0.498905630867349 0.504307656468059 0.568775804968029 0.589424648543003 0.579563474224862 0.595971205424269 0.618989091960699 0.629312567952381 0.649745419836142 0.671194609930555 0.666118447955384 0.658538231960527 0.646546914446033 0.632533423227216 0.626824828986596 0.631740519911522 0.635738365427017 0.633177996340885
-9999 -9999 -9999 -9999 -9999 -9999 -9999 -9999 -9999 -9999 -9999 -9999 -9999 -9999 -9999 -9999 -9999 -9999 -9999 -9999 -9999 -9999 -9999 -9999 -9999 0.505171714900756 0.132083279663867 0 0 0 0 0 0 0 0 0.043719388970559 0.268349278043958 0.526955390296747 0.520547833572071 0.529774348585692 0.523562593594405 0.500425355432244 0.500758536159597 0.58091314945428 0.604569910701726 0.598487331458855 0.629896774016847 0.634744347738311 0.652126590261416 0.658975383978685 0.659081639487242 0.656780250718497 0.647106860143849 0.635758605606199 0.622630548892603 0.612964336900023 0.609885070133786 0.601275551940326 0.594591729806971
-9999 -9999 -9999 -9999 -9999 -9999 -9999 -9999 -9999 -9999 -9999 -9999 -9999 -9999 -9999 -9999 -9999 -9999 -9999 -9999 -9999 -9999 -9999 -9999 0.461474251776552 0.504439992532893 0.112127863857317 0 0 0 0 0 0 0 0 0.116613671996433 0.338618007761614 0.542417249399372 0.53184358912644 0.547102313097422 0.538378869204045 0.503460893416298 0.506328985473546 0.569715091061098 0.641257480953187 0.644438609440494 0.65396648827802 0.641236849659432 0.643432860211336 0.65303389730595 0.653169375048514 0.646354127554148 0.636009505605139 0.627185344276923 0.617933632250115 0.608558213942979 0.601210366178066 0.588001775171271 0.577265462841133
-9999 -9999 -9999 -9999 -9999 -9999 -9999 -9999 -9999 -9999 -9999 -9999 -9999 -9999 -9999 -9999 -9999 -9999 -9999 -9999 -9999 -9999 -9999 -9999 0.453425324822294 0.521546851466143 0.0961852040838941 0 0 0 0 0 0 0 0 0.183872512176271 0.388250670446585 0.535726990171994 0.529414523178015 0.544490767755769 0.53326309058186 0.493797307866723 0.489587570598854 0.541996801232793 0.608769524455639 0.638060803764825 0.636430736000864 0.633062427416545 0.63472039197068 0.64226724100348 0.640744436411318 0.628956441437534 0.621421434484878 0.619005785939185 0.617387853591298 0.612304331057138 0.604229227471275 0.589863480541424 0.582379503176324
