meets/meet006/_saidas_enm/CCSM_Maha_0k_T_nigriceps3.asc
NCOLS 154 
NROWS 168 
XLLCORNER -112 
YLLCORNER -55.5 
CELLSIZE 0.5 
NODATA_value -9999 
[rows 100 to 124 of 168, columns 56 to 111 of 154]
-9999 -9999 -9999 -9999 -9999 -9999 -9999 -9999 -9999 -9999 -9999 -9999 -9999 -9999 -9999 -9999 -9999 -9999 -9999 -9999 -9999 -9999 -9999 -9999 -9999 -9999 -9999 -9999 -5.16273353762992 -3.72281198589462 -7.37351770799842 -8.24593043383418 -11.3646892971954 -13.2492061739751 -11.6368702937978 -6.30210240741392 -0.489279535147745 -0.133975239957282 0.901043817236221 0.717155038020912 0.89166593112203 0.45406238284209 0.376225673051143 -0.0177716832333381 -0.246259348472302 -0.139911691143731 0.488044387961112 0.767297133491946 0.72884679466774 0.779231323358998 0.834436195694617 0.823978811338348 0.859260910592625 0.883669963482157 0.798734080489631 0.622289308982517
-9999 -9999 -9999 -9999 -9999 -9999 -9999 -9999 -9999 -9999 -9999 -9999 -9999 -9999 -9999 -9999 -9999 -9999 -9999 -9999 -9999 -9999 -9999 -9999 -9999 -9999 -9999 -9999 -5.77868595128243 -4.8345296328174 -9.37137615039591 -8.29309937989149 -9.79083784151693 -10.9017709880716 -10.0997925234475 -4.91844301542508 0.218095508770737 0.543906710068208 0.917428975657507 0.864120724281656 1 0.0123183566665717 0.417605387924591 -0.138382999204086 -0.215426525695466 -0.216044300112123 0.354026411901244 0.473425921085531 0.482954754768745 0.894294225257861 0.973794930482615 1 0.99058318532313 0.948280030428814 0.814161941204572 0.898653970673735
-9999 -9999 -9999 -9999 -9999 -9999 -9999 -9999 -9999 -9999 -9999 -9999 -9999 -9999 -9999 -9999 -9999 -9999 -9999 -9999 -9999 -9999 -9999 -9999 -9999 -9999 -9999 -11.9765826254313 -6.63022870866624 -5.8452283460491 -8.66368565869487 -7.69986015323605 -8.63064441178528 -9.17339996618423 -9.2868694398726 -3.05153163661047 0.54976390334307 0.684058097754786 0.846448067485124 1 0.918839575050871 -0.279771725192119 0.397860950585963 0.0456744182090616 0.0386872253360071 0.133884997670699 0.0500455753130619 0.488961925047747 0.636105505297849 0.812377260793458 0.905950968830264 0.963431311565075 0.987571340931267 0.960690808567425 0.807152995834608 0.937496610818507
-9999 -9999 -9999 -9999 -9999 -9999 -9999 -9999 -9999 -9999 -9999 -9999 -9999 -9999 -9999 -9999 -9999 -9999 -9999 -9999 -9999 -9999 -9999 -9999 -9999 -9999 -9999 -12.1798564383209 -6.62624402517346 -6.83547023852747 -7.57296245641655 -7.46200178390838 -7.86142202788221 -8.06426675333277 -8.50392018853929 -1.90588136225879 0.623301393823654 0.72808216164239 1 0.948794290815791 0.816916301724474 -0.376198068366571 0.304210668993278 0.205881870228401 0.273055028929587 0.340696251994539 0.351054467105368 0.253504758700519 0.470030833625222 0.55986070318629 0.649026670287139 0.768132366539182 0.867470155296449 0.849735642552791 0.722071064899117 0.868391584317262
-9999 -9999 -9999 -9999 -9999 -9999 -9999 -9999 -9999 -9999 -9999 -9999 -9999 -9999 -9999 -9999 -9999 -9999 -9999 -9999 -9999 -9999 -9999 -9999 -9999 -9999 -9999 -11.5922711810842 -6.26919840597779 -8.55121386392367 -6.90981232879551 -7.521770321738 -8.16881708050021 -7.65202608494898 -7.11078859938818 -0.783913664159768 0.408186722647345 1 1 0.931344007350493 0.776346049542542 -0.340750746957936 0.230066881706513 0.346578162000932 0.349831989182691 0.379530946280126 0.553352510735627 0.509739471768651 0.360375853021447 0.42052495344404 0.476030539121582 0.500746373404906 0.477781928672044 0.577398006954615 0.685777874501289 0.681949359693476
-9999 -9999 -9999 -9999 -9999 -9999 -9999 -9999 -9999 -9999 -9999 -9999 -9999 -9999 -9999 -9999 -9999 -9999 -9999 -9999 -9999 -9999 -9999 -9999 -9999 -9999 -9999 -10.6249785365557 -6.29516366988036 -11.3886342615136 -6.76758789536464 -8.5663660424567 -9.2639512676128 -7.80309493692689 -6.1075399358085 0.0985470849096681 0.634593114849254 1 1 1 0.683096576456044 -0.290194381674699 -0.0380010291582649 0.31574637619167 0.383929258908515 0.466484191074333 0.645427699817548 0.663122709713331 0.612584030824354 0.598556468914544 0.68899674197203 0.654188620489138 0.599871494049907 0.520781746028023 0.613751712567193 0.789746596447026
-9999 -9999 -9999 -9999 -9999 -9999 -9999 -9999 -9999 -9999 -9999 -9999 -9999 -9999 -9999 -9999 -9999 -9999 -9999 -9999 -9999 -9999 -9999 -9999 -9999 -9999 -9999 -9.86401835939443 -6.87522395426503 -10.5298977772931 -8.16080741446485 -10.3692464744517 -11.1218835345178 -8.44883332536566 -5.20463148359105 0.799464048054429 1 1 1 0.832080733965445 0.499970272952462 -0.218747167561965 -0.220886235978106 0.195807641693191 0.401121171300706 0.531191702531304 0.634327970683207 0.657676507137555 0.598505613652168 0.624411076351277 0.602937654373235 0.818450965768265 0.896510953225446 0.83016662108958 0.71106673677471 0.785850907250519
-9999 -9999 -9999 -9999 -9999 -9999 -9999 -9999 -9999 -9999 -9999 -9999 -9999 -9999 -9999 -9999 -9999 -9999 -9999 -9999 -9999 -9999 -9999 -9999 -9999 -9999 -9999 -9.77035375892885 -8.38514726912025 -9.65423054227078 -9.98386370306687 -12.3551717613729 -12.4927452124741 -8.6940513409898 -4.22339585304662 1 1 0.589389104850754 1 0.448207938464337 0.350317673818619 -0.18217554196124 -0.48775307285651 -0.00977985214685217 0.269548545074375 0.485984459331357 0.646406706368836 0.709988818106642 0.701438785540538 0.671411700045442 0.659236048146689 0.901359643578511 1 0.942085980655099 0.855660534652108 0.781814402036681
-9999 -9999 -9999 -9999 -9999 -9999 -9999 -9999 -9999 -9999 -9999 -9999 -9999 -9999 -9999 -9999 -9999 -9999 -9999 -9999 -9999 -9999 -9999 -9999 -9999 -9999 -9999 -10.645612831797 -10.1186679573143 -9.26307580705319 -11.7578218471575 -13.3083810261612 -13.2131492617941 -8.42914449654189 -2.79191564110703 0.719797389144774 0.717874975690567 1 1 0.316225510461335 0.185941035254094 -0.243466201352738 -0.644448060523721 -0.278276358409942 0.024534391246481 0.227686055037789 0.456287054229257 0.610183223595769 0.699460435412274 0.681112174312782 0.683883698857676 0.826912563235415 0.957997560439207 1 0.974706758367354 0.885205721002605
-9999 -9999 -9999 -9999 -9999 -9999 -9999 -9999 -9999 -9999 -9999 -9999 -9999 -9999 -9999 -9999 -9999 -9999 -9999 -9999 -9999 -9999 -9999 -9999 -9999 -9999 -9999 -12.7164735571271 -12.5863411571909 -8.85806213805167 -10.59427585891 -11.703425475697 -10.7117909068515 -6.65009935499605 -1.11324589305519 0.129077290528774 1 0.582029343345942 0.676486595441288 0.117979955941373 -0.127668211919493 -0.375264961056966 -0.581580316781404 -0.523135545149352 -0.235424706981973 -0.0227285388489546 0.287244144612153 0.470948997117198 0.558099568031591 0.573530424535768 0.619257220670111 0.774844024584242 0.885785056977663 0.916197132915386 0.891163415808773 0.951696418574568
-9999 -9999 -9999 -9999 -9999 -9999 -9999 -9999 -9999 -9999 -9999 -9999 -9999 -9999 -9999 -9999 -9999 -9999 -9999 -9999 -9999 -9999 -9999 -9999 -9999 -9999 -23.4152288173257 -13.9549851927613 -13.4501415083229 -7.59726807102927 -8.56900717635618 -8.5765082283675 -7.79437719989397 -5.06845805441291 0.279077621595934 0.50617094026352 1 1 0.290825422255886 -0.501594141749001 -0.567233850160435 -0.678891854298533 -0.671954505196682 -0.745301995320351 -0.479654953823938 -0.228063331777596 -0.0312170450699465 0.142484910446448 0.247212347295487 0.378376004369336 0.505288031498705 0.610571603727205 0.686846750623014 0.718360290306229 0.780735499554123 0.886906833017813
-9999 -9999 -9999 -9999 -9999 -9999 -9999 -9999 -9999 -9999 -9999 -9999 -9999 -9999 -9999 -9999 -9999 -9999 -9999 -9999 -9999 -9999 -9999 -9999 -9999 -9999 -20.8530715127697 -13.3666392474501 -10.0521221411169 -5.33711413794575 -5.25289384739423 -5.43006356357395 -5.18847826516058 -4.27400744919104 0.619839530785859 0.42263120864027 1 0.758602341854085 -0.0809746006146244 -1.17764278884404 -1.20047417332689 -1.06586934147192 -0.887552162932645 -0.953792045664301 -0.85958290079465 -0.643794774451744 -0.40988018661279 -0.234373881674353 -0.086349082549783 0.0605837865986123 0.183588184100091 0.316026733765466 0.399668397174389 0.611840449542448 0.794523353661256 0.927032626252331
-9999 -9999 -9999 -9999 -9999 -9999 -9999 -9999 -9999 -9999 -9999 -9999 -9999 -9999 -9999 -9999 -9999 -9999 -9999 -9999 -9999 -9999 -9999 -9999 -9999 -9999 -17.003486095235 -14.2738269007117 -6.34297253584547 -3.64795019951033 -3.21386346525927 -3.1156017126729 -4.11217732886704 -2.33773039040786 -0.346309439941506 0.362352201632408 0.656962521642491 0.518107443084385 -0.279842660040425 -0.900114451925519 -0.87603916175315 -1.32297373227716 -1.3713375674304 -1.26364667756409 -1.35220593068816 -1.29341539315051 -0.938133105382679 -0.654623431308876 -0.494855031623261 -0.375828361795591 -0.300494602973552 0.103078656644628 0.501357908961467 0.694601384619578 0.823758446227557 0.908056715969459
-9999 -9999 -9999 -9999 -9999 -9999 -9999 -9999 -9999 -9999 -9999 -9999 -9999 -9999 -9999 -9999 -9999 -9999 -9999 -9999 -9999 -9999 -9999 -9999 -9999 -9999 -13.5016439591502 -10.2043732697972 -5.58585735353743 -3.04700004329764 -1.75622472671372 -1.93000044569896 -3.4999014072597 -1.12352279369022 -1.47220483728273 -0.0327938234123777 1 0.40127886409273 -0.540619560411591 -0.450886617489795 -0.298995648616089 -0.444231100727362 -0.73487022399255 -1.06245853359506 -1.30326173972718 -1.62992257340373 -1.43249789527867 -1.09554422907124 -0.94485661527122 -0.568524861145086 -0.26964928212315 0.0825809703755332 0.399959295640068 0.577950940791372 0.683316081575202 0.714351028260508
-9999 -9999 -9999 -9999 -9999 -9999 -9999 -9999 -9999 -9999 -9999 -9999 -9999 -9999 -9999 -9999 -9999 -9999 -9999 -9999 -9999 -9999 -9999 -9999 -9999 -10.5991260795968 -12.3841741874501 -8.51062206997665 -6.52964960086517 -2.27339437356474 -1.07869350212018 -1.88636250088734 -2.33445552513047 -2.56660034371353 -1.51948974586897 1 0.501159199486622 0.00639193994673737 -0.382453721951353 -0.151478947831656 -0.163014928553653 -0.0291221741023791 -0.0876094247402384 -0.249218259109899 -0.510086655184197 -0.751653934107178 -1.5441165399764 -1.60475848702098 -1.07256232960553 -0.688260288848886 -0.424135851457091 -0.163526353240708 0.121368506711466 0.270016786154819 0.327710047588905 0.410309292811386
-9999 -9999 -9999 -9999 -9999 -9999 -9999 -9999 -9999 -9999 -9999 -9999 -9999 -9999 -9999 -9999 -9999 -9999 -9999 -9999 -9999 -9999 -9999 -9999 -9999 -10.1309723570035 -9.05413684512101 -5.12538087342053 -3.98182091017892 -1.20365429123904 -0.610601634832833 -2.63249701819779 -3.14862663568699 -1.37229244081827 -0.0269730502992629 0.758716038018644 0.0573195737544546 0.2478323439376 0.0272435081475515 0.0754464738051077 0.129498406736844 0.308289505345935 0.236990586378374 0.117559325371717 -0.043176950983977 -0.352893632916728 -1.19278711240071 -1.94652801984719 -1.52996333897822 -1.11847931163857 -0.826674662418667 -0.544170171824608 -0.327058113125326 -0.0244329807015269 0.276373157606382 0.483122966037548
-9999 -9999 -9999 -9999 -9999 -9999 -9999 -9999 -9999 -9999 -9999 -9999 -9999 -9999 -9999 -9999 -9999 -9999 -9999 -9999 -9999 -9999 -9999 -9999 -9999 -9.80878626420158 -6.73157828247263 -3.26552844708696 -2.32660796192356 -0.265031382764806 -0.604298187698036 -3.63822727388799 -0.922595242281041 0.0322698877697555 0.0510787582258047 0.199424508860686 0.181718843425311 0.699256453684352 0.642769670874883 0.719244794077523 0.564068732523969 0.618623971419108 0.432049103254909 0.239496716159909 0.12837868306025 -0.0445174400669359 -1.07620693081539 -2.19329756025378 -2.0308707537626 -1.61412921900862 -1.36199678484765 -0.787094031545594 -0.329392508339609 -0.0398106635127951 0.206993851436925 0.397703559275969
-9999 -9999 -9999 -9999 -9999 -9999 -9999 -9999 -9999 -9999 -9999 -9999 -9999 -9999 -9999 -9999 -9999 -9999 -9999 -9999 -9999 -9999 -9999 -9999 -9999 -11.2672360368462 -6.30337767182094 -2.5591918605381 -1.16354826239332 0.479804391484434 -0.513636399111842 -1.46575362826893 0.259556326399817 0.700853324572932 0.238653889900771 -0.163268981387185 0.308129867334171 0.821362265789644 0.782029190827246 0.953040622985807 1 0.850327114910456 0.37086025784572 -0.0656679077039826 -0.351260589685759 -0.772888941033216 -1.78156759087893 -2.4324184738794 -2.45904471239214 -1.58003809760331 -0.945733595017764 -0.386365361416948 0.0519884108520137 0.315761013173081 0.585038046267908 0.756341759108124
-9999 -9999 -9999 -9999 -9999 -9999 -9999 -9999 -9999 -9999 -9999 -9999 -9999 -9999 -9999 -9999 -9999 -9999 -9999 -9999 -9999 -9999 -9999 -9999 -9999 -12.3826486444667 -6.45732984455547 -2.42627332400831 -0.639218534832754 0.879121414489324 -0.938205438830942 -0.206154994980383 0.785108764410664 0.815945859042936 0.441191967973177 0.139246901484012 0.591137772263183 0.946412779016244 1 1 0.886138117863331 0.639374434304118 -0.125166512832618 -0.856628798218121 -1.44671658736565 -2.1080997976991 -2.61556575202992 -2.74138309467866 -2.20068614769598 -1.27717243297531 -0.707519960209406 -0.169389071819022 0.277752425667792 0.54253272290234 0.794403572118112 0.901580605119528
-9999 -9999 -9999 -9999 -9999 -9999 -9999 -9999 -9999 -9999 -9999 -9999 -9999 -9999 -9999 -9999 -9999 -9999 -9999 -9999 -9999 -9999 -9999 -9999 -9999 -12.9275979039733 -6.5709522235917 -2.57447218964282 -0.37254520968404 1 -1.38679909257624 0.423665538581168 0.930269553102942 0.851202937729908 0.51524050388041 0.25033624571095 0.572238317535277 0.955356129371283 1 1 0.936538133847437 0.419742525776876 -0.932179404397265 -1.83149843197209 -2.28031258930808 -2.60080456264736 -3.03462230323827 -2.82157183415491 -2.14382776927801 -1.30524132144425 -0.648822112619289 -0.0989481714727702 0.322029440214072 0.543487728494327 0.756561617762635 0.864942051263212
-9999 -9999 -9999 -9999 -9999 -9999 -9999 -9999 -9999 -9999 -9999 -9999 -9999 -9999 -9999 -9999 -9999 -9999 -9999 -9999 -9999 -9999 -9999 -9999 -9999 -12.7997180300811 -6.1201016658436 -2.75125543233387 -0.501765543101536 0.908948990645821 -1.57104000358878 0.688059235122224 0.910470282543178 0.914264900554815 0.817826902763568 0.590593169061321 0.838650532124755 0.966059943479969 1 0.947704375132114 0.902929895480342 0.169141109183968 -1.50042493643851 -2.60214570534217 -2.86648478175747 -3.01501500867037 -3.38214585853732 -2.88481420030975 -2.23936465696052 -1.34637046114309 -0.805441146665563 -0.278240981865314 0.183785894494384 0.414240521175284 0.628475422653651 0.675380378348932
-9999 -9999 -9999 -9999 -9999 -9999 -9999 -9999 -9999 -9999 -9999 -9999 -9999 -9999 -9999 -9999 -9999 -9999 -9999 -9999 -9999 -9999 -9999 -9999 -9999 -12.840922739115 -5.74266896925844 -2.8731034752229 -0.855672403333172 0.735978006648183 -1.22931391288675 0.649717444096075 0.694599022727416 0.695242666659346 0.804251430099651 0.890522042532787 0.926433473984941 1 1 0.992553520848485 0.932414831421144 0.249344916591338 -1.45949590490683 -2.75532517164753 -3.03041925101956 -3.06436726054556 -3.56139650688915 -3.04559218426251 -2.38299213093902 -1.65932780916519 -1.0643642303797 -0.483453945280864 -0.0422761605989346 0.183548645298191 0.35159817801525 0.545459675181931
-9999 -9999 -9999 -9999 -9999 -9999 -9999 -9999 -9999 -9999 -9999 -9999 -9999 -9999 -9999 -9999 -9999 -9999 -9999 -9999 -9999 -9999 -9999 -9999 -9999 -12.6638542210174 -5.35661680631414 -2.83474198612262 -1.41623226900238 0.532533200067373 -0.797503987347343 0.152651799102338 0.603451860612191 0.314855144514098 0.613304805372265 0.885944609931745 0.966213714339032 0.993934659387114 1 0.979640359593374 0.974173008417263 0.447941831656136 -1.05954910013791 -2.27504075276141 -2.54555014378363 -2.54786148420385 -2.96897277144864 -3.27404982435121 -2.66959982551837 -1.88261254739788 -1.39946937948307 -0.906404344229576 -0.395177295414925 -0.150055084394061 0.176843533273036 0.363743612544734
-9999 -9999 -9999 -9999 -9999 -9999 -9999 -9999 -9999 -9999 -9999 -9999 -9999 -9999 -9999 -9999 -9999 -9999 -9999 -9999 -9999 -9999 -9999 -9999 -9999 -12.5008240397387 -5.57896910999642 -3.06032288968506 -1.9892615708008 0.248371175368116 -0.461200783573939 -0.816706158518083 0.510288132987862 0.251368025254984 0.673833717952885 0.910395851660634 0.968996058956361 0.976864277707535 0.97876768942933 0.970810897146267 0.980816451359391 0.604381842391366 -0.710311680125587 -1.70102450986588 -1.9120458249391 -1.88360428124841 -2.3738106165109 -3.17542105887023 -3.0061549125749 -2.26773144140133 -1.79192573623352 -1.33465085768206 -0.83798398979023 -0.471011723239228 -0.0657683841091572 0.12866007469744
-9999 -9999 -9999 -9999 -9999 -9999 -9999 -9999 -9999 -9999 -9999 -9999 -9999 -9999 -9999 -9999 -9999 -9999 -9999 -9999 -9999 -9999 -9999 -9999 -20.1606397506172 -11.4384198197804 -5.06300372544672 -3.5154541571833 -3.10195169532696 -0.242038207156513 -0.017432816315035 -1.7219415590462 0.196684915256704 0.0780745149064992 0.44458625904586 0.828961100544636 0.88535068895715 0.924640314771447 0.972286944104945 0.965770408305319 0.95129493210137 0.582010267940122 -0.375086956860564 -1.08986297504819 -1.27714733879691 -1.35552697624203 -1.86225950117651 -2.52675255289955 -2.89709102362299 -2.92357205115413 -2.23683695855889 -1.64882564943034 -1.16415742346649 -0.887538879555113 -0.731106903403735 -0.587776382595233
