meets/meet006/_saidas_enm/CCSM_Maha_0k_S_lineola2.asc
NCOLS 154 
NROWS 168 
XLLCORNER -112 
YLLCORNER -55.5 
CELLSIZE 0.5 
NODATA_value -9999 
[rows 75 to 99 of 168, columns 56 to 111 of 154]
-9999 -9999 -9999 -9999 -9999 -9999 -9999 -9999 -9999 -9999 -9999 -7.61916714041145 -8.28410206672604 -8.24145345795018 -6.39546530747307 -2.87297515506392 -0.765610129921649 0.158432464875558 0.0780501247885682 0.62919602937065 0.749879764551087 0.561197919571324 0.0308750507058941 -0.402098932093727 -0.36030447318672 -0.382305788284295 -0.453518238678158 -0.603201538062225 -0.736004964865129 -0.779726748707378 -0.943855451203853 -1.1319205699997 -1.40148469454199 -1.53894919611983 -1.52349256957269 -1.55938016451608 -1.52576949767184 -1.38235093348173 -1.01128231905031 -0.611275704129569 -0.310453403682749 0.0105694319141851 0.216672948136931 0.385135924950302 0.513005186156973 0.5452423024124 0.524789172030126 0.39330757993306 0.174290643938867 -0.107417999049471 -0.47320529682711 -0.696090835812759 -0.926707329422597 -1.06167262035239 -0.968308171091036 -0.95912850787162
-9999 -9999 -9999 -9999 -9999 -9999 -9999 -9999 -9999 -9999 -9999 -7.70626764601438 -5.33760146547582 -6.23379518029355 -6.17449309314468 -4.204058338733 -1.36891119164033 0.632781929268601 0.446487878498222 0.0288612050029641 0.599327136454705 0.663397676219683 0.364820066340777 -0.169363455999053 -0.272334187128552 -0.494339415817305 -0.577993677605686 -0.695868025696074 -0.864173343226705 -0.957923490078033 -1.16351621130699 -1.39673521097118 -1.62614383667859 -1.76059249720432 -1.69750295249272 -1.64290115084304 -1.675806712999 -1.62684703661292 -1.33279584039204 -0.907254018407786 -0.463398777730188 -0.176780148768757 0.0974285844156695 0.296130293959602 0.413199236574528 0.450783673467846 0.465158672200542 0.407098364956877 0.268936732893906 0.0665489575762098 -0.189697279111113 -0.396689546843313 -0.566323344446066 -0.669689328346586 -0.697348536119003 -0.85204987332311
-9999 -9999 -9999 -9999 -9999 -9999 -9999 -9999 -9999 -9999 -9999 -9999 -5.48494648818312 -5.04902069713923 -5.3824621777701 -4.59722356734854 -3.00487014066603 -1.47052281991161 0.199581625382954 0.575124320485163 -0.221815508023828 0.328473950388841 0.639008992578291 0.114288855472265 -0.0935163421669238 -0.294388043791783 -0.459253881000855 -0.644048906455805 -0.889911428771052 -1.08370712638221 -1.33790135053816 -1.5615335108295 -1.76971216232225 -1.8860933254302 -1.83719899126834 -1.8076207024863 -1.85012249028614 -1.87207169207344 -1.77011133701012 -1.37313305789998 -0.888909861664811 -0.497547300938436 -0.175345467611767 0.0930751644250188 0.284774699816807 0.366547064794743 0.412230859171737 0.401734752023067 0.335547849737428 0.236658217654182 0.0760355544314989 -0.070318840148347 -0.203983014518724 -0.338806677465229 -0.442782619285208 -0.642435770769951
-9999 -9999 -9999 -9999 -9999 -9999 -9999 -9999 -9999 -9999 -9999 -9999 -9.48993038259432 -5.62067574754417 -4.18889781055028 -5.33904636520173 -6.9859805363143 -7.11790211648355 -4.05664311241006 -0.917734861975928 0.584539929991533 0.0884948469674043 0.412657295014171 0.37335764196005 0.248509195227883 -0.0297193994325713 -0.244664481166312 -0.490767748302364 -0.846412801371215 -1.13074175065436 -1.50920594047917 -1.71445845564217 -1.92395689471411 -2.06372582571465 -2.02658797813235 -2.06748531005691 -2.15890805601174 -2.28227600004016 -2.22818741999517 -1.99914375814246 -1.57693238984784 -1.05071791712095 -0.655660126721145 -0.289660170602497 0.0218985652265365 0.141518544743428 0.252258588640469 0.267352290121439 0.258473553542213 0.241156242586749 0.171629122682061 0.0558846902331589 -0.0863099333857631 -0.17955709877582 -0.407568839031565 -0.759482083002217
-9999 -9999 -9999 -9999 -9999 -9999 -9999 -9999 -9999 -9999 -9999 -9999 -9999 -8.34759794342167 -4.20013299810635 -8.08477615976587 -13.413484924699 -19.0378348955288 -17.316620520944 -9.81889028945113 -2.18312324433342 -0.0193202785877313 0.292079777948295 0.116212948615963 -0.0452895061582064 0.113893103289088 0.0673902960074816 -0.286915675561715 -0.823582573725302 -1.09746229909355 -1.46008263471245 -1.73015006840775 -1.97798351055469 -2.17483946529245 -2.23417880140079 -2.35007188201664 -2.44824398627134 -2.58832339318278 -2.57814944764037 -2.42328250375954 -2.25008158645725 -1.6724660521922 -1.17928893339534 -0.656837985604328 -0.175831504703095 0.0622666646838981 0.149295232579173 0.116488821352971 0.0937343355049407 0.121795100127499 0.112091147431795 0.0822441599969955 -0.0819504154178319 -0.316885388401753 -0.538458357527482 -0.809792206104164
-9999 -9999 -9999 -9999 -9999 -9999 -9999 -9999 -9999 -9999 -9999 -9999 -9999 -11.6342089970692 -4.52372045936763 -12.1254689838914 -19.6576053602198 -36.3319412846016 -39.1757295750095 -27.7585666892596 -19.7687803450779 -4.17745861515551 -0.934282143631175 -0.843783211168344 -0.270726933886021 -0.330299043060652 0.0625575011476989 0.0870256164849651 -0.717719248293711 -1.10269152910586 -1.38065166329031 -1.86845426458485 -1.98514720958732 -2.23233966836323 -2.36548129494694 -2.60755972653173 -2.62320346345899 -2.7476788793417 -2.78795260056784 -2.72247487511939 -2.78557798287939 -2.25664547606427 -1.66535768674249 -1.00769828298445 -0.334691341331908 0.0721797738837768 0.0480723187628608 -0.0597640550943892 -0.10620624135423 -0.0725150633707183 -0.08163895149888 -0.17494135484247 -0.318782942809863 -0.470996306640132 -0.607385098124706 -0.887453619791458
-9999 -9999 -9999 -9999 -9999 -9999 -9999 -9999 -9999 -9999 -9999 -9999 -9999 -9999 -4.70959996167643 -8.03385413164282 -18.8799783127264 -37.2119881948369 -44.4038844701898 -40.4187663350613 -31.1720789167877 -19.2618288895694 -12.0345886508719 -4.85529108347572 -3.22605465239323 -3.43250372212769 -1.16637519301074 -0.869780117121006 -0.576831971398372 -0.455733010037852 -1.32475821621659 -1.54914749833276 -1.96887480860394 -2.34529292756529 -2.35289269069716 -2.52456697578184 -2.60165452649962 -2.68947744828552 -2.71158384577961 -2.6775297929393 -2.68302465315837 -2.50565045118218 -1.94190306827951 -1.25544121269047 -0.54599690786353 -0.164090847010973 -0.0874545355709246 -0.230318567892098 -0.313996696045378 -0.313338642147872 -0.372361897535586 -0.404621405407132 -0.50193570340346 -0.540810715417677 -0.44772233709239 -0.506277297320487
-9999 -9999 -9999 -9999 -9999 -9999 -9999 -9999 -9999 -9999 -9999 -9999 -9999 -9999 -7.7731754008246 -4.57394502769932 -13.2016315340952 -29.7795025171039 -42.1547885465679 -46.524473794474 -45.4712206183777 -44.9904045823504 -44.9396744889866 -30.6851991994105 -15.6325012966827 -3.63980652845501 -2.48791166334007 -2.96883773746915 -0.973890208876262 -0.156831328902679 -0.299103289182602 -0.571741161755011 -1.37427811793418 -2.18681967742558 -2.27255375875142 -2.47710271780851 -2.57094460804036 -2.64476101017009 -2.59748074528625 -2.48728128545876 -2.50027238528631 -2.42758468780313 -2.14278550591363 -1.59738316544571 -0.899021451246793 -0.469038614091112 -0.345455077745716 -0.450434420001934 -0.484253014767574 -0.435298581985281 -0.593404068095392 -0.489921705230683 -0.550293160460393 -0.522651756202428 -0.272314376916846 -0.0903646759582497
-9999 -9999 -9999 -9999 -9999 -9999 -9999 -9999 -9999 -9999 -9999 -9999 -9999 -9999 -9999 -8.51330054807378 -7.60365116995785 -18.1101498334778 -32.6386199810166 -47.3505268023857 -62.5811772506384 -69.6032211011331 -78.2175534223073 -74.3169295768164 -61.8159881271498 -49.8454424088218 -29.7677545438871 -15.9746996138988 -5.70516775474631 -3.45275535388215 -0.509249345386048 0.234843637846516 -0.201772068365708 -1.91271676538884 -2.21944345468374 -2.32344053432399 -2.47759578413257 -2.57902874688557 -2.52666816439513 -2.33049020510576 -2.17118671838911 -2.19291378710715 -2.27667116433428 -1.93730309895241 -1.29384288211356 -0.789781145229331 -0.556952627690709 -0.48894656974554 -0.39940944515092 -0.2696498481621 -0.222995905382129 -0.217062685813395 -0.288775904409136 -0.261581713240354 -0.132937241606585 -0.0881287474598087
-9999 -9999 -9999 -9999 -9999 -9999 -9999 -9999 -9999 -9999 -9999 -9999 -9999 -9999 -9999 -9.86838621793609 -8.23218381317942 -9.8180009781143 -22.4824099196094 -40.9622865739149 -70.9350968768132 -78.7713885143977 -99.4055728249613 -103.689590704168 -97.8017586333285 -108.911561162235 -80.5781783556268 -71.0099025619621 -42.5058771798865 -13.1499841199343 -2.86801852727526 -0.392941562568724 0.510473128392726 -0.970904751234906 -1.64663415946984 -1.99443791389695 -2.3835805167056 -2.55489681531844 -2.56839727265007 -2.47570573598434 -2.30130662386607 -2.23424523931635 -2.41731945822874 -2.28121590126471 -1.65005594385685 -1.04972267277115 -0.710604007481459 -0.47470267272174 -0.268933393760501 -0.062924347576037 0.100756921645267 0.118871184797693 0.0642812507568313 0.0906036206445231 0.144330759344752 0.0875964358430713
-9999 -9999 -9999 -9999 -9999 -9999 -9999 -9999 -9999 -9999 -9999 -9999 -9999 -9999 -9999 -5.77438044573946 -15.6695951282556 -7.83053919212358 -11.7616386299956 -23.5254156305469 -42.5949806914692 -60.5322685856796 -78.5681453183582 -88.7466946345068 -88.7608830649874 -90.3263099387784 -88.7315150610525 -86.2812097522938 -61.3542250775035 -28.4725366498321 -7.82559382319211 -1.12507907391701 0.0778623595598054 0.308415632469059 -0.458463216218248 -1.36316179837521 -1.94134580473708 -2.37309453747156 -2.69321796330384 -2.82330405458336 -2.93388720245891 -2.36778180656267 -2.48097973131891 -2.46182351354261 -1.97097763736751 -1.34499245525777 -0.871023261461368 -0.48848034420188 -0.198894409339364 0.0426863909352388 0.201563631844476 0.309455628863707 0.392972676189036 0.455523998552942 0.479892777380907 0.567180088491115
-9999 -9999 -9999 -9999 -9999 -9999 -9999 -9999 -9999 -9999 -9999 -9999 -9999 -9999 -9999 -9999 -11.5549307726389 -16.28496813877 -9.74393384683825 -11.1777440504151 -22.157560710277 -34.6427717918495 -51.5860762425773 -64.3614576357493 -67.9741909255011 -71.3081872875204 -78.4434892055746 -86.3199890215551 -70.155719200197 -42.9578969456895 -20.0133403222931 -4.15627694679816 -0.344601734653883 0.187468394898018 0.237080599948195 -0.320685394940781 -1.22589003213866 -1.89098849351099 -2.36590700458833 -2.51098987346509 -2.78192790851231 -2.27691335839685 -2.37579378402837 -2.48520201902409 -2.12275268265436 -1.57547011948491 -1.03265826244082 -0.572786961592649 -0.244272831850826 0.0212427358970024 0.219558307134556 0.272378491060784 0.369132688449174 0.456910545997021 0.497108078908819 0.66209700010316
-9999 -9999 -9999 -9999 -9999 -9999 -9999 -9999 -9999 -9999 -9999 -9999 -9999 -9999 -9999 -9999 -9999 -9.76613906550215 -22.1519430959936 -12.0739160075791 -10.1970723849508 -16.5352793108079 -29.8488774441613 -43.8358320220828 -52.4943878873907 -60.9754211676912 -71.5736450771201 -78.6684864876505 -70.4018125692015 -54.3470160677843 -34.9160980498246 -15.1275888235336 -5.98718660134857 -1.64381981493762 -0.0622213197784449 0.0294094099003905 -0.133975682471609 -0.854018333393353 -1.67180139818343 -1.63524692865523 -1.68402093782618 -1.73908965604692 -1.92935266276064 -2.03828118549921 -1.97072951563514 -1.64341524993926 -1.21913432326838 -0.903357721164914 -0.644053877654179 -0.431079961009576 -0.37608681446412 -0.340727616341787 -0.427613218337607 -0.273697765836965 0.0648004426060127 0.397756158366052
-9999 -9999 -9999 -9999 -9999 -9999 -9999 -9999 -9999 -9999 -9999 -9999 -9999 -9999 -9999 -9999 -9999 -9999 -9999 -26.7659617286605 -19.4852692701647 -15.1322906008917 -19.063212045703 -30.0595958707879 -41.652295676164 -52.5114885415143 -64.6260916081633 -73.9167215058692 -70.3020139649769 -61.915561088672 -49.7226497933353 -30.385541917591 -18.11250409101 -8.84227556960502 -2.2936454891292 -0.17663348719743 0.0844123623266472 -0.193232082679615 -0.851266479464768 -1.02832594264184 -1.19406300614508 -1.28772304146 -1.45264251481171 -1.5540344669859 -1.6312663877858 -1.73448369117936 -1.43997522023808 -1.28658963643878 -1.13822096642647 -1.05136198043604 -1.22452924034284 -1.1862047358868 -1.37593401697491 -1.12073214928923 -0.512146212730788 0.0150512933782954
-9999 -9999 -9999 -9999 -9999 -9999 -9999 -9999 -9999 -9999 -9999 -9999 -9999 -9999 -9999 -9999 -9999 -9999 -9999 -9999 -9999 -28.81965102022 -21.93567942263 -21.311233325704 -28.6422422674366 -44.582780122636 -53.9821020107468 -63.332858747623 -66.6926009533673 -62.396783538226 -56.926979150291 -45.3218578901986 -35.0399145603257 -22.0198053679375 -9.84447787979903 -3.61562651547776 -1.19533990311603 0.480560301302382 -0.345630822330439 -0.144452476511833 -0.432766360487125 -0.760995086977802 -0.909529676225841 -1.18297655130461 -1.34185289882338 -1.51820059686051 -1.47499818269785 -1.30517057922328 -1.25186157099069 -1.2372934183516 -1.41840363761861 -1.52434955255626 -1.55751229186305 -1.32505741872563 -0.887650525490368 -0.297573262419604
-9999 -9999 -9999 -9999 -9999 -9999 -9999 -9999 -9999 -9999 -9999 -9999 -9999 -9999 -9999 -9999 -9999 -9999 -9999 -9999 -9999 -9999 -9999 -25.0949120079994 -20.010502048798 -25.596743790229 -35.2685418482486 -46.3204438577982 -54.5346239080341 -57.1508910709203 -58.9133585434388 -54.1312538667098 -51.3116197601739 -39.6342555935737 -24.1504967417575 -12.4062324847803 -4.24981091963445 -0.538950391979451 0.513413813114386 0.349491677975958 0.328749425019317 -0.0662857255632565 -0.496358539275043 -0.871274117246134 -1.11616350892511 -1.25722072347702 -1.34989958133015 -1.16904560434024 -1.10446990306384 -1.17313474348021 -1.3840603136275 -1.52926775838244 -1.62088913891108 -1.49294617559538 -1.14893923927066 -0.694721077459784
-9999 -9999 -9999 -9999 -9999 -9999 -9999 -9999 -9999 -9999 -9999 -9999 -9999 -9999 -9999 -9999 -9999 -9999 -9999 -9999 -9999 -9999 -9999 -9999 -9999 -15.92180463138 -18.2908097298795 -27.2867912445383 -37.5693074865528 -45.263836654927 -50.9504435960599 -55.2724581147368 -61.5862974392106 -56.9993553472727 -44.5057080426965 -34.8416382146492 -15.4022747729942 -6.57347593383312 -0.934668590868405 0.400547695015786 0.10204335617538 0.370338063993776 -0.194987878126472 -0.806429814253782 -0.974760653946927 -1.04445495024224 -1.15132949142788 -0.969215944507988 -0.928481617314632 -1.08906381001655 -1.29817076033674 -1.56920246422776 -1.74286093812858 -1.67120495786041 -1.37852214916347 -1.09727056616607
-9999 -9999 -9999 -9999 -9999 -9999 -9999 -9999 -9999 -9999 -9999 -9999 -9999 -9999 -9999 -9999 -9999 -9999 -9999 -9999 -9999 -9999 -9999 -9999 -9999 -28.0947029272815 -19.5227535465022 -17.4248166398719 -22.5724885604384 -31.0107485128308 -39.0233358255924 -47.6691283817453 -57.6095959984515 -58.012965212454 -51.4572395421309 -43.9868652189912 -27.2777260475676 -14.856224176139 -5.04381968015254 0.48923910622448 0.348494518165039 0.354834998757113 0.0289463629791619 -0.845119492448045 -0.989463028992457 -0.880867626680151 -0.917701055102554 -1.0153115179829 -0.986275147328736 -1.16359023097496 -1.43073790670592 -1.71322992694534 -1.82972347688201 -1.72168070906153 -1.40927100784957 -1.2087014640724
-9999 -9999 -9999 -9999 -9999 -9999 -9999 -9999 -9999 -9999 -9999 -9999 -9999 -9999 -9999 -9999 -9999 -9999 -9999 -9999 -9999 -9999 -9999 -9999 -9999 -9999 -9999 -21.2815263612796 -16.3178267129903 -20.1529740656335 -28.2742783326051 -37.48284481469 -44.2907065275834 -48.7979067725801 -48.2000401763439 -41.7246783835164 -31.6832838082608 -22.250183721353 -9.07007228676572 -0.807075082290061 0.855114315487697 0.0366335924810575 0.0415947752467131 -1.42115433273975 -1.11934776486157 -0.763663687195975 -0.856335345451239 -0.846062046037244 -1.22551775867601 -1.47969241819341 -1.82036576092588 -1.92862810071015 -1.88364639986369 -1.65670573925304 -1.30350502192821 -1.07606257012435
-9999 -9999 -9999 -9999 -9999 -9999 -9999 -9999 -9999 -9999 -9999 -9999 -9999 -9999 -9999 -9999 -9999 -9999 -9999 -9999 -9999 -9999 -9999 -9999 -9999 -9999 -9999 -29.8914179055652 -18.054677538046 -15.8436525715664 -20.4144655006153 -30.0296653806818 -39.1882882130134 -44.501745130969 -43.7473102704462 -37.6725103978019 -32.2578030897415 -25.0471828407475 -12.2575137861583 -3.34052388200914 0.855684621752864 0.0190311858322602 0.363635732971535 -0.942823476944741 -1.33669119575912 -1.12556286303911 -1.19188023670057 -1.2358848034508 -1.55294470951628 -2.00520270124587 -2.1762494100383 -2.12091684607918 -1.84322047812921 -1.4746437609977 -1.08000177201389 -0.705001551227676
-9999 -9999 -9999 -9999 -9999 -9999 -9999 -9999 -9999 -9999 -9999 -9999 -9999 -9999 -9999 -9999 -9999 -9999 -9999 -9999 -9999 -9999 -9999 -9999 -9999 -9999 -9999 -9999 -22.2344212023196 -13.9320464667954 -14.4854113042257 -24.7139254065067 -37.9295181244394 -45.3754235731041 -41.829468420861 -34.0241728787988 -30.8241077636553 -26.5342967484259 -14.9333601057849 -5.33227971127701 0.639303892056431 0.484234849368462 0.189440897891429 -0.683707455344071 -1.31103873096848 -1.83362718652389 -1.99201689267331 -2.26244409038041 -2.48575341985013 -2.55412587934583 -2.66558110945149 -2.25045057023407 -1.78302332004122 -1.29218991188048 -0.796342254914717 -0.341546017723043
-9999 -9999 -9999 -9999 -9999 -9999 -9999 -9999 -9999 -9999 -9999 -9999 -9999 -9999 -9999 -9999 -9999 -9999 -9999 -9999 -9999 -9999 -9999 -9999 -9999 -9999 -9999 -9999 -25.8196610276357 -14.4530790400257 -12.845444017679 -22.3958831072037 -37.2314471783897 -45.8151700111691 -42.5445806659715 -33.4401308047399 -30.4435977730847 -26.6378063290807 -15.6584261829208 -6.29019158385862 0.337893268043048 0.784754674544318 0.0719863350657198 -0.685534457248873 -1.52864274922854 -1.92696738600551 -2.66728508683104 -3.08777779185842 -2.94316485311431 -2.77099361585419 -2.64381620834237 -2.21380972889068 -1.72815590671912 -1.15294103940106 -0.480756580304087 0.0528513523220686
-9999 -9999 -9999 -9999 -9999 -9999 -9999 -9999 -9999 -9999 -9999 -9999 -9999 -9999 -9999 -9999 -9999 -9999 -9999 -9999 -9999 -9999 -9999 -9999 -9999 -9999 -9999 -9999 -28.2429203414639 -14.569293008093 -11.8456861894243 -21.7509089419712 -39.7222623392189 -49.599155903032 -44.3975579633436 -33.2208396276156 -30.7233786073447 -27.5924987335171 -16.5993961810951 -7.11162809639585 -0.0101932409178309 0.840774166807374 -0.0871355507419587 -1.21552717102002 -2.37199614396928 -2.92304271458353 -2.99567734064407 -3.52896768242927 -3.16934628614351 -2.72952892481385 -2.48378635042683 -2.01724725749367 -1.63076846498454 -0.948932196649225 -0.179160317631722 0.29290734087732
-9999 -9999 -9999 -9999 -9999 -9999 -9999 -9999 -9999 -9999 -9999 -9999 -9999 -9999 -9999 -9999 -9999 -9999 -9999 -9999 -9999 -9999 -9999 -9999 -9999 -9999 -9999 -9999 -28.4968033468179 -14.2213820424805 -11.9774025335244 -23.2955178031688 -40.7801302867606 -51.0278877034748 -48.4766981229023 -38.8441947415412 -33.7372930692198 -27.6709109663801 -15.6846938562841 -6.45926439080155 -0.107773159776259 0.65609213686415 -0.376046330315479 -2.05705695333705 -3.54925510003276 -3.77730239125111 -3.56215898811699 -2.99239603680793 -2.95190291528915 -2.63371880820247 -2.06133177762413 -1.6665625318623 -1.2707508204129 -0.620672535269087 0.0114370206171793 0.349585559481158
-9999 -9999 -9999 -9999 -9999 -9999 -9999 -9999 -9999 -9999 -9999 -9999 -9999 -9999 -9999 -9999 -9999 -9999 -9999 -9999 -9999 -9999 -9999 -9999 -9999 -9999 -9999 -9999 -28.927418242928 -13.9115178848342 -12.8535541974503 -26.0360586903143 -43.1512524058693 -52.9534358976526 -50.7112248179535 -44.2339538457231 -35.6317595194581 -27.3107460070962 -15.1385672246905 -5.29593127219374 -0.248201670790947 0.255670664579235 -0.913008438744639 -3.34450536495225 -4.60870567217766 -5.08342790213082 -4.17547772612226 -3.143466275027 -2.44786591031634 -2.42674163311565 -1.78612520713103 -1.40104425544148 -1.06162475160636 -0.509436060571648 0.00131558319994862 0.254644352533977
