meets/meet006/_saidas_enm/CCSM_SVM_0k_S_lineola5.asc
NCOLS 154 
NROWS 168 
XLLCORNER -112 
YLLCORNER -55.5 
CELLSIZE 0.5 
NODATA_value -9999 
[rows 75 to 99 of 168, columns 56 to 111 of 154]
-9999 -9999 -9999 -9999 -9999 -9999 -9999 -9999 -9999 -9999 -9999 1.01676296066935 0.639145128506761 0.45956010314307 0.469339390947957 0.567036060507201 0.654976016482568 0.505102870520196 0.257132576541389 0.153464032034113 0.0961541553070238 0.0453143725538732 0.0110205528830916 -0.00896641675232823 0.0025405433641032 0.00786330349015002 0.00539356689481663 0.00141918985631057 -0.00396076903742371 -0.0016937924912161 -0.00733508306151853 -0.0170289967202901 -0.0296920010236982 -0.0341152094975778 -0.0259582211221329 -0.0201153813417272 -0.0102190289901289 -0.00304614878262044 0.0143655448798713 0.0416213035551091 0.0651612593129486 0.101017475862418 0.126487666175703 0.155020039924228 0.186769952124828 0.191358628539776 0.175230316838634 0.135127280209483 0.0934792231177058 0.0508737921487724 0.0154938603941674 0.00801080549129202 0.00707088599973371 0.0190226832314035 0.0458425413140248 0.0671358055535938
-9999 -9999 -9999 -9999 -9999 -9999 -9999 -9999 -9999 -9999 -9999 1.00885287406191 0.785541385422547 0.574630731970357 0.537268186266438 0.612497396888288 0.741518179532898 0.73968225868429 0.574620846317105 0.406591501500994 0.150157150549006 0.110147711175836 0.0673599907902507 0.0241449015745934 0.0283150199674598 0.0149983333249687 0.0121436893048757 0.00719932629189507 -0.00187900823786208 -0.00333211294205638 -0.0123374830842738 -0.0259263641629711 -0.0341081416275619 -0.0373859315271491 -0.0263583841262671 -0.0110115304221206 -0.0104699918322193 0.00206916196970774 0.0208779545483643 0.0503804196902654 0.0937749320038085 0.107706634335724 0.138099682340992 0.173287868377836 0.191017862028863 0.206304613638294 0.188109207819149 0.156291348658025 0.127275192052809 0.0941615925548321 0.0658474372622397 0.0566769932973317 0.0523088132275519 0.0538692838062884 0.0617426842775365 0.0481062159356692
-9999 -9999 -9999 -9999 -9999 -9999 -9999 -9999 -9999 -9999 -9999 -9999 0.909384465569218 0.758200308506796 0.688478108155212 0.694469684125244 0.744994315635113 0.771948428844537 0.768166270471207 0.683530575984471 0.445057421214352 0.25878921341184 0.124798801684369 0.0460938295435557 0.0574110338803416 0.0541467188892843 0.0415513287566809 0.0223064548653014 0.00407063195219604 -0.00456436202480315 -0.0149833625352093 -0.0276400695328525 -0.036539057714446 -0.0394978838776898 -0.0291895483858444 -0.0173118137878875 -0.0142875421450088 -0.00835814242552935 0.00633886467907357 0.0316811944791149 0.0605537920798483 0.0724835321054405 0.0888482338128437 0.119705604175491 0.160510763769983 0.197435196524935 0.202545264545644 0.190020423063894 0.173430453443648 0.150171302170246 0.124959269600279 0.114319781287261 0.106098868621697 0.0955041823298025 0.0832324732046289 0.0563750599346035
-9999 -9999 -9999 -9999 -9999 -9999 -9999 -9999 -9999 -9999 -9999 -9999 0.884617407899909 0.952451551722342 0.86886895239802 0.736227894468682 0.606516206216005 0.578048829203667 0.64565143911278 0.760045282837051 0.735925788392304 0.535015874448245 0.227133961627351 0.0669712176221796 0.12561926376984 0.111606246751078 0.0723960589030003 0.039408937138095 0.0107571851442773 -0.00253676559287036 -0.0181695930389514 -0.0310620083759151 -0.0383619988461186 -0.0426076568629599 -0.0352250559964855 -0.0297368512705143 -0.0286454752966145 -0.0268846645613618 -0.0192431797497717 -0.00114918084651178 0.0108351186858804 0.0168896783588097 0.0166093156562453 0.0445004395245317 0.0962106711718935 0.137755070555062 0.183893609236908 0.203452416642108 0.212329251281607 0.200687949269255 0.173913661776906 0.164582830956574 0.149073907660726 0.134423455799928 0.103261963290016 0.0582874494204111
-9999 -9999 -9999 -9999 -9999 -9999 -9999 -9999 -9999 -9999 -9999 -9999 -9999 0.913883009804065 0.975186155550366 0.639489698137336 0.387843227103609 0.300413577645803 0.313986133584265 0.416814420263369 0.571608461798433 0.668681171160308 0.472668999158661 0.222257966035315 0.166766044594745 0.142249289269853 0.103913717170101 0.0449548778250916 0.00898399867487459 0.00146706817742492 -0.0122592943956462 -0.0243415051701119 -0.0328554170349473 -0.039762834769391 -0.037870783003815 -0.0346090364556847 -0.0358745196900023 -0.036516467116365 -0.0331790437649395 -0.0211428331779118 -0.0172799627258658 -0.0228534045421603 -0.026562591760019 0.00338113358438485 0.0620551850038611 0.12142611992756 0.183035861065924 0.22652766212793 0.252525588449534 0.250194449648533 0.23110439508201 0.220272036883408 0.188527183561713 0.147498532898684 0.11252298244505 0.0709794410712338
-9999 -9999 -9999 -9999 -9999 -9999 -9999 -9999 -9999 -9999 -9999 -9999 -9999 0.717077500369693 1.06614548537644 0.48074390497144 0.253054359761894 0.102028151948348 0.0878739756407734 0.16254034449089 0.238691495787097 0.443588697312377 0.48791749494288 0.307322920542578 0.198432095031508 0.159261603053957 0.092442494114174 0.0279442894785576 -0.0347241903272946 -0.011976333403789 -0.0158227718627919 -0.0445869591396897 -0.0308527082520728 -0.0393620509928608 -0.0397682146153765 -0.0380733024217883 -0.0450298485302827 -0.0456969714135612 -0.0445787862005357 -0.0341426696988525 -0.0276866278492192 -0.0356186035970384 -0.0458875441441745 -0.0156878894476248 0.0509606915305703 0.124441458981786 0.188064292598137 0.257697879753167 0.299495144249064 0.291113848632823 0.274360009088498 0.236351984141598 0.198308451472543 0.162036790344699 0.129580231876799 0.0906214340462392
-9999 -9999 -9999 -9999 -9999 -9999 -9999 -9999 -9999 -9999 -9999 -9999 -9999 -9999 1.15502169382872 0.806181069383874 0.331827241613906 0.0545192396872627 0.0077231879916333 0.0595174628867196 0.146691465149903 0.265820378234741 0.392672192476195 0.398728291678327 0.292469302753708 0.165069398705294 0.109519057393174 -0.00470854903056872 -0.0882957962473605 -0.0620713285093112 -0.0852012102449745 -0.0434197399478009 -0.0505283527432309 -0.0549702352046708 -0.0438685842373184 -0.0481565351578332 -0.0553003202219359 -0.0612480087693009 -0.0615095249037959 -0.0497229869749701 -0.0333577752827066 -0.0306904291703026 -0.0254752561270015 0.00587923356494358 0.0574415681891326 0.121478341431517 0.190744688323245 0.248084441567108 0.282134933589071 0.282222393168451 0.264762901093804 0.243487916865285 0.216657426873279 0.187145309631414 0.16042675560582 0.130050886005141
-9999 -9999 -9999 -9999 -9999 -9999 -9999 -9999 -9999 -9999 -9999 -9999 -9999 -9999 0.935632244403525 1.10410751731816 0.566680929573033 0.0685384250980148 -0.0439284557728448 0.0194147291510408 0.101782272166064 0.209725237693281 0.347363354311628 0.427102504102136 0.495899783711884 0.467143121645152 0.399439554193267 0.165795672698628 0.00901618459076248 0.0694836188672605 -0.103607509881751 -0.0766536003223888 -0.0579446642709974 -0.0558926258084899 -0.0391270847009672 -0.0488661415702094 -0.0591068614907031 -0.0623845701410632 -0.0644814800443019 -0.0585175290189129 -0.0388661037551508 -0.0316109006187337 -0.00985075276334213 0.0191686253077156 0.0560204633549021 0.105679073121739 0.164600301626121 0.215723176512752 0.250014374892094 0.257546360657757 0.252879379831488 0.243199116564609 0.232858894392249 0.218349239317079 0.199988041942771 0.177785893283591
-9999 -9999 -9999 -9999 -9999 -9999 -9999 -9999 -9999 -9999 -9999 -9999 -9999 -9999 -9999 0.892588787128071 0.853570451543596 0.263745998796988 -0.0288068889199472 -0.0157480317742774 0.0974244257517268 0.159676588724465 0.215730481747522 0.249052177504732 0.293259357401078 0.365122127278138 0.477939823493799 0.609923360756577 0.644292331338401 0.385712640759661 0.2764396924351 0.119910487211264 -0.00588740063331195 -0.0729813216111871 -0.0498827199207416 -0.0398466840755304 -0.0423723236831399 -0.0456574334386299 -0.0472085473301818 -0.0390754817952317 -0.0374218695524663 -0.0433402413488645 -0.0199230586397455 0.024042766768899 0.0591394368377211 0.0975576381347187 0.145796060691236 0.188720212882974 0.219744186491005 0.233542058054925 0.238709318081782 0.239665853276995 0.244316864806164 0.240541466356553 0.231500112987441 0.238723230546283
-9999 -9999 -9999 -9999 -9999 -9999 -9999 -9999 -9999 -9999 -9999 -9999 -9999 -9999 -9999 0.390106195627683 0.795808212646868 0.53716937064906 0.066468508356436 -0.0532654417856481 0.0528875303617612 0.0743139194852661 0.145563823014588 0.178026233641996 0.207435178324774 0.224053363164667 0.257058029881698 0.279906643202004 0.4036269749851 0.5150368474124 0.425566666388786 0.305471248505812 0.0592605162905747 -0.0659130637534292 -0.0558512243255909 -0.0162657373501962 -0.0368967390388231 -0.035313510345911 -0.0217120836151237 0.0188625700574457 0.0478270569681148 -0.0431280988085015 -0.037704756552575 0.0317372858612952 0.0670509967946314 0.0941102509676766 0.138823435414892 0.170744637132097 0.203386608341863 0.226513921857231 0.235291648846334 0.23935430860153 0.244707388610051 0.237620234837788 0.23115971346801 0.253147864090862
-9999 -9999 -9999 -9999 -9999 -9999 -9999 -9999 -9999 -9999 -9999 -9999 -9999 -9999 -9999 0.419497898095165 0.448276370680594 0.609133236772107 0.381381656601139 0.0268243812927075 -0.116892249812309 -0.0693551723309225 0.01871446575045 0.0830988687551972 0.121906851798213 0.150670302803094 0.184843894488468 0.212713131352386 0.249209408392848 0.333369664097228 0.411879630737271 0.36493899313546 0.269294202570761 0.0351865634091776 -0.0196578693121748 -0.0338240316442613 -0.0307858116205273 -0.0322559607824455 -0.0195455479602421 0.0459056951211679 0.0710596416777772 -0.0443039230490972 -0.0381407846607235 0.0424784224033541 0.0900485347665896 0.109293981215004 0.126402597425205 0.152082059566256 0.177245469451158 0.204772553949256 0.240082736104288 0.21828265087459 0.20758743183503 0.192701756056317 0.165696166119737 0.170909118362256
-9999 -9999 -9999 -9999 -9999 -9999 -9999 -9999 -9999 -9999 -9999 -9999 -9999 -9999 -9999 -9999 0.496259943981395 0.266037250828606 0.413233186533442 0.369460757618374 0.0330772970807898 -0.0985286709843088 -0.0916712521727953 -0.0365967129697982 -0.0019943010346119 0.0277571732976361 0.0783360673908593 0.121423683839484 0.140777754379245 0.207090278591639 0.318875244265213 0.356619720573332 0.346329547311859 0.213486708381303 0.115254611385324 0.0309760888376887 -0.0365784400084224 -0.0544352354886829 -0.0483734146095416 -0.0051521583917441 0.0410399319312645 -0.0555968303993445 -0.0053482366458798 0.0692392484449396 0.0985839231653778 0.101484715188682 0.089643395993792 0.101801748971175 0.11617487288448 0.13816949238534 0.178826727810097 0.133937288810121 0.11980350030058 0.10665838653667 0.0786806828640122 0.101208007882
-9999 -9999 -9999 -9999 -9999 -9999 -9999 -9999 -9999 -9999 -9999 -9999 -9999 -9999 -9999 -9999 -9999 0.529947482609679 0.148760891256699 0.264290878890605 0.385732259559874 0.165041198693507 -0.0742462135639121 -0.123309186662218 -0.100695446288762 -0.0623559864949582 -0.0049678346934463 0.0437643077216919 0.0717751335876421 0.137806192339206 0.24097349999918 0.330172947231266 0.35052290417478 0.329767568572677 0.301717320991526 0.194704644292682 0.0814030075092018 0.0134853526119934 -0.0431083203512185 -0.0265201799688085 -0.0144627513355323 0.00489614962141433 0.0515429025598035 0.0785863387276639 0.0721988361517326 0.0514078968358895 0.0431765711773551 0.0339699759239036 0.0318399523140095 0.034082921631427 0.0196993916867232 0.000483827420746097 -0.0313371719188078 -0.0353949823099284 -0.017168992348413 0.0165422459208492
-9999 -9999 -9999 -9999 -9999 -9999 -9999 -9999 -9999 -9999 -9999 -9999 -9999 -9999 -9999 -9999 -9999 -9999 -9999 0.0403464637448835 0.0200555012567126 0.210053163166892 0.194128360521561 0.0042136225282588 -0.0962867423128704 -0.11157450678409 -0.0739891457902306 -0.0167112666897886 0.0138205028861914 0.072886732044903 0.163721127425877 0.235508399561971 0.320440606371081 0.364262618349225 0.340242226366856 0.338569471274497 0.204447444430956 0.119804674285541 0.0501708377555017 0.0554639105423338 0.110440523685627 0.0799341573920964 0.0802839322214261 0.0760028490091366 0.0468581805622291 0.0268995252751206 0.0200051280944987 0.00185102810763349 -0.0126185495516288 -0.0301753898308611 -0.0605001745948498 -0.0874357748571652 -0.125154932494212 -0.124162782708761 -0.0920722635811991 -0.0491593182904901
-9999 -9999 -9999 -9999 -9999 -9999 -9999 -9999 -9999 -9999 -9999 -9999 -9999 -9999 -9999 -9999 -9999 -9999 -9999 -9999 -9999 0.11857609602295 0.282677175449568 0.314946947567348 0.114469503076552 -0.0890955264670412 -0.108806698076528 -0.0750474829233536 -0.0396837015491519 -0.00347672031037238 0.034919842216672 0.111233026392937 0.245634873854296 0.350477290791902 0.376685130688781 0.347477047636987 0.35334874292552 0.302368718965506 0.139001126887581 0.148202494958352 0.100625256695824 0.0773685848528842 0.0818739763240994 0.0505817833038656 0.0432159953324127 0.0283629865955928 0.0204775443062714 0.0115952455894108 -0.0194749713612471 -0.0488268631565629 -0.0876549107856205 -0.122229416055896 -0.147232405069531 -0.146482745757601 -0.127685991408254 -0.0817743075845837
-9999 -9999 -9999 -9999 -9999 -9999 -9999 -9999 -9999 -9999 -9999 -9999 -9999 -9999 -9999 -9999 -9999 -9999 -9999 -9999 -9999 -9999 -9999 0.299686815945722 0.433899147422414 0.203257261426716 -0.0398325243083942 -0.115540251276912 -0.0979629470481531 -0.0710925392111962 -0.0403842417102903 0.0220661293481257 0.128467201554483 0.213660763874485 0.294088853253376 0.394118803472349 0.42837942871175 0.516171466753365 0.431812140390526 0.32297942469502 0.212585142573616 0.130709165178833 0.0998988374732605 0.0670697203278974 0.0475837134653022 0.0422847499240731 0.0372886470368553 0.0270069986400254 -0.00242711333249424 -0.0427183701960346 -0.0884048502609389 -0.124578903668562 -0.149484252044632 -0.154046426240829 -0.144157158286179 -0.122801434519306
-9999 -9999 -9999 -9999 -9999 -9999 -9999 -9999 -9999 -9999 -9999 -9999 -9999 -9999 -9999 -9999 -9999 -9999 -9999 -9999 -9999 -9999 -9999 -9999 -9999 0.390659965105421 0.249349563670441 -0.00416747077275703 -0.102973632060184 -0.108097049981058 -0.087846308612037 -0.0557246030017372 0.00762094595309432 0.0604650900722636 0.150743314429824 0.27200894718087 0.345467675384329 0.454836015383115 0.62316561293851 0.64587624150028 0.418848157736397 0.21983094591917 0.157817465944517 0.0884401084446744 0.0741669030537583 0.0740356913131037 0.0642596063779321 0.0620979591773473 0.0261507672579581 -0.0269679961834451 -0.0748609099039568 -0.123416850155818 -0.143843027149976 -0.152503770631042 -0.161300062023623 -0.168712137876975
-9999 -9999 -9999 -9999 -9999 -9999 -9999 -9999 -9999 -9999 -9999 -9999 -9999 -9999 -9999 -9999 -9999 -9999 -9999 -9999 -9999 -9999 -9999 -9999 -9999 0.026904299321485 0.223494796715272 0.190969202639679 0.0651560193137593 -0.0415304963510787 -0.0914700171825285 -0.100566630269763 -0.0795237639292224 -0.0506777669168491 0.00882908555049888 0.0985277960016983 0.15546217979437 0.262962388288045 0.512712759237801 0.796137000902899 0.680218044207711 0.343593622240869 0.197302602514695 0.101085902440607 0.0872363874014484 0.102447144708884 0.0930719332988234 0.0863180811518099 0.0432476801918845 -0.0248355203033637 -0.0843160833324051 -0.127592126630968 -0.140267886156058 -0.149772588618059 -0.163173205110907 -0.180722388819305
-9999 -9999 -9999 -9999 -9999 -9999 -9999 -9999 -9999 -9999 -9999 -9999 -9999 -9999 -9999 -9999 -9999 -9999 -9999 -9999 -9999 -9999 -9999 -9999 -9999 -9999 -9999 0.091042949360854 0.170404792918056 0.133809726990049 0.0568146716117559 -0.0451468481247795 -0.0833689231516922 -0.100331158848726 -0.0989776654984552 -0.100932537159192 -0.0219136787535268 0.0839274851183385 0.329035509063298 0.776549981832592 0.845968015636423 0.484601075982086 0.203651099114362 0.0629962373147599 0.080630887796644 0.11357541765018 0.0962511151420562 0.0892283100765746 0.0421261926196565 -0.0412754049440609 -0.113705874054527 -0.135153042658116 -0.136951766213715 -0.142129424898122 -0.158143508265384 -0.173921189259975
-9999 -9999 -9999 -9999 -9999 -9999 -9999 -9999 -9999 -9999 -9999 -9999 -9999 -9999 -9999 -9999 -9999 -9999 -9999 -9999 -9999 -9999 -9999 -9999 -9999 -9999 -9999 -0.0290209788216087 0.0995861052672584 0.256921389104821 0.156948200950323 0.00670780021958017 -0.0679140812584336 -0.0916691214665357 -0.107630074534966 -0.110038620240545 -0.0821491890356689 -0.0124997755573087 0.199493112921914 0.651993762498898 0.912445979767286 0.630949116933391 0.249017032196028 0.0466936967495827 0.041819501836075 0.0786510370473561 0.0596712353778548 0.0381090355083923 -0.0014807867793874 -0.0657291028709598 -0.116957447114696 -0.140410668144545 -0.142927380601708 -0.140153478271541 -0.142443268282888 -0.137216238884922
-9999 -9999 -9999 -9999 -9999 -9999 -9999 -9999 -9999 -9999 -9999 -9999 -9999 -9999 -9999 -9999 -9999 -9999 -9999 -9999 -9999 -9999 -9999 -9999 -9999 -9999 -9999 -9999 0.0501312800855382 0.30063654638179 0.27935384500632 0.0295166688972976 -0.0751968626329055 -0.0871643953306728 -0.0969533773611587 -0.0829300478858126 -0.0752080028714976 -0.0491829213691446 0.123663922747103 0.555916017159677 0.939614909762139 0.750728889051426 0.329721674456879 0.0591046744804357 0.0174342787950692 0.0382893185515498 -0.00233741492933681 -0.0419023187297102 -0.0721317694002344 -0.0926829361891665 -0.120138191642104 -0.136376607601567 -0.134637792412981 -0.123918860892545 -0.113916644480145 -0.0907627007766298
-9999 -9999 -9999 -9999 -9999 -9999 -9999 -9999 -9999 -9999 -9999 -9999 -9999 -9999 -9999 -9999 -9999 -9999 -9999 -9999 -9999 -9999 -9999 -9999 -9999 -9999 -9999 -9999 0.0329307615365199 0.297087533430413 0.334839943516556 0.0495199013808255 -0.0618964170221589 -0.0633985035789495 -0.080308196836358 -0.0652558857758453 -0.0632582756160422 -0.0503252364014546 0.0961452259379649 0.508751046819457 0.933328592194375 0.838023353463101 0.401122479038066 0.092332671667186 0.000174422142029118 -0.0333805090000847 -0.0716124631138737 -0.0829373033453521 -0.102033205741702 -0.111748497872448 -0.117550521291098 -0.125055750587689 -0.121052450343943 -0.104537507618458 -0.0725263506526849 -0.0188458976133177
-9999 -9999 -9999 -9999 -9999 -9999 -9999 -9999 -9999 -9999 -9999 -9999 -9999 -9999 -9999 -9999 -9999 -9999 -9999 -9999 -9999 -9999 -9999 -9999 -9999 -9999 -9999 -9999 0.0222975533622073 0.289772790624442 0.390228425347332 0.0577412250232132 -0.0366841007274085 -0.0286687278413007 -0.0721444560185428 -0.056426124094015 -0.0597616394137609 -0.0657350770619833 0.0595949858812093 0.474666119497484 0.929549296243503 0.864245058966279 0.42259837874101 0.0984329039895795 0.00203897601575592 -0.0306472964851533 -0.103649918486179 -0.109199560570588 -0.104204575562579 -0.111389044709661 -0.0959277665784174 -0.110882140464334 -0.110692423877322 -0.0785103574895779 -0.0195464445504082 0.0502862781231412
-9999 -9999 -9999 -9999 -9999 -9999 -9999 -9999 -9999 -9999 -9999 -9999 -9999 -9999 -9999 -9999 -9999 -9999 -9999 -9999 -9999 -9999 -9999 -9999 -9999 -9999 -9999 -9999 0.00821175796479867 0.285241061329082 0.361578309295422 0.0403518692658939 -0.0453161233558348 -0.0383972701416808 -0.0729001867610677 -0.0818968684052539 -0.0837332315991702 -0.0653999986505829 0.0755025733543208 0.48886820771147 0.948970786578579 0.86035604743157 0.399673782026083 0.0808930653188089 -0.00184520768494179 -0.0282423629450868 -0.0959386292072678 -0.112803721639842 -0.117638592051308 -0.10545014038687 -0.0951826435688549 -0.0865905154424071 -0.0740320940180288 -0.028289524783442 0.046803492447379 0.136873037465618
-9999 -9999 -9999 -9999 -9999 -9999 -9999 -9999 -9999 -9999 -9999 -9999 -9999 -9999 -9999 -9999 -9999 -9999 -9999 -9999 -9999 -9999 -9999 -9999 -9999 -9999 -9999 -9999 -0.00499296573485708 0.274227389623928 0.330459850555482 0.0108849778530751 -0.0583876528767889 -0.0513992803913051 -0.0798879238750306 -0.0972697692490545 -0.0914744293044604 -0.0608282309158131 0.0775281825283693 0.524655780860517 0.962399787205426 0.807183943066634 0.321442757490881 0.0269761548257 -0.00989635480361661 -0.0262200509173915 -0.0775105044212182 -0.0900338601843917 -0.0895658700174109 -0.0953140769118703 -0.0727404311903678 -0.056830197794738 -0.0270311404577921 0.0364008994121309 0.127200948929024 0.222205566581554
