meets/meet006/_saidas_enm/CCSM_SVM_0k_T_subalaris4.asc
NCOLS 154 
NROWS 168 
XLLCORNER -112 
YLLCORNER -55.5 
CELLSIZE 0.5 
NODATA_value -9999 
[rows 100 to 124 of 168, columns 55 to 109 of 154]
-9999 -9999 -9999 -9999 -9999 -9999 -9999 -9999 -9999 -9999 -9999 -9999 -9999 -9999 -9999 -9999 -9999 -9999 -9999 -9999 -9999 -9999 -9999 -9999 -9999 -9999 -9999 -9999 -9999 0.0925927844218047 0.211933541272521 -0.0391774928486421 -0.0573569676603081 0.0123597161797159 0.0399966925353187 0.0277321450564233 0.00610187590217198 0.00114202265623137 -0.00411323966137689 -0.0437198840115266 0.107667164920412 0.686830557464364 0.69111738492769 0.127423570267269 -0.13556874174544 -0.170436608276604 -0.161909041035808 -0.137490882461861 -0.0942336723122653 -0.0672935939866766 -0.0499402405385889 -0.0240227893550889 -0.00756344918159335 0.0180544052887553 0.0760947072987374
-9999 -9999 -9999 -9999 -9999 -9999 -9999 -9999 -9999 -9999 -9999 -9999 -9999 -9999 -9999 -9999 -9999 -9999 -9999 -9999 -9999 -9999 -9999 -9999 -9999 -9999 -9999 -9999 -9999 0.0902514079307166 0.192532166456274 -0.0658415870381756 -0.0479799253606803 0.00373686700103365 0.0260150655137028 0.0138580077802136 0.00123065902360925 -0.00562964913158226 -0.00916640854905881 -0.0475830229326271 0.159147821208181 0.69575500771325 0.563873416084553 0.0434801416785026 -0.160228555014008 -0.177151687508195 -0.163191151990396 -0.125372650141673 -0.0537040746898126 -0.0268695896658276 -0.0273623506550047 0.00537559430958362 0.0196993929926576 0.047360890184381 0.111798235037905
-9999 -9999 -9999 -9999 -9999 -9999 -9999 -9999 -9999 -9999 -9999 -9999 -9999 -9999 -9999 -9999 -9999 -9999 -9999 -9999 -9999 -9999 -9999 -9999 -9999 -9999 -9999 -9999 0.0533206492913782 0.0894693090480724 0.175234547512961 -0.050667245716407 -0.0498844805142844 -0.011862776806429 0.00489819681888093 -0.00119581773751232 -0.00948373372957689 -0.0131801174409365 -0.0250295099087141 -0.0477635859666805 0.255756946863002 0.705764349578645 0.458147961191058 0.0237147847442227 -0.152062675842691 -0.173927711668125 -0.147958072622772 -0.10929660129344 -0.0498932566866427 -0.0161815840825579 0.00454990723636345 0.032545478026935 0.0449536554684364 0.0501249430925509 0.103643627462948
-9999 -9999 -9999 -9999 -9999 -9999 -9999 -9999 -9999 -9999 -9999 -9999 -9999 -9999 -9999 -9999 -9999 -9999 -9999 -9999 -9999 -9999 -9999 -9999 -9999 -9999 -9999 -9999 0.0541027792731187 0.0888399062327049 0.160275122665324 -0.0477562433449945 -0.0442798202504919 -0.0212300188153446 -0.009205393866764 -0.00977706333981232 -0.00610878090311739 -0.0171176963642719 -0.0301596098555962 -0.0237959370976264 0.353834814374503 0.671834618091865 0.364037095843393 -0.00220220470157684 -0.150328265550554 -0.161596823292209 -0.129321237454118 -0.0918573282889044 -0.0369473057646734 0.00630875460483793 0.0450558402253766 0.0798048798180577 0.0936891894607854 0.0865652011116084 0.132332807128492
-9999 -9999 -9999 -9999 -9999 -9999 -9999 -9999 -9999 -9999 -9999 -9999 -9999 -9999 -9999 -9999 -9999 -9999 -9999 -9999 -9999 -9999 -9999 -9999 -9999 -9999 -9999 -9999 0.0536283689827237 0.0914380046056993 0.136108414172259 -0.0412872789421422 -0.0308557641635631 -0.0161170469860228 -0.0118174147662616 -0.00738989201240348 0.0013990255607535 -0.011121842183882 -0.0202872587764431 0.0378446772601712 0.436620501674658 0.646662642249384 0.305958814967902 -0.00987977993297817 -0.140439460006633 -0.145048762143515 -0.106636682416646 -0.0679492126401223 -0.0143661850745768 0.0371921502844663 0.0944092539148516 0.144253082485167 0.168790114454879 0.193664972840791 0.245334796644022
-9999 -9999 -9999 -9999 -9999 -9999 -9999 -9999 -9999 -9999 -9999 -9999 -9999 -9999 -9999 -9999 -9999 -9999 -9999 -9999 -9999 -9999 -9999 -9999 -9999 -9999 -9999 -9999 0.0499208217541754 0.0963444793628674 0.103263733215847 -0.0301995149238272 -0.00333048890720344 0.000442619022959168 -2.62603176340859e-05 0.00720221960541617 0.0216242978149483 0.00807782306641042 -0.00337128871989667 0.074678421267348 0.46185543235042 0.587403530686387 0.257502760150922 -0.006995604502682 -0.121432134513686 -0.119874363867595 -0.0843193015562232 -0.0423937096950573 0.0149249786104192 0.0767552741836184 0.148955803110251 0.213316137822725 0.25479649148018 0.295286826475567 0.365732344310737
-9999 -9999 -9999 -9999 -9999 -9999 -9999 -9999 -9999 -9999 -9999 -9999 -9999 -9999 -9999 -9999 -9999 -9999 -9999 -9999 -9999 -9999 -9999 -9999 -9999 -9999 -9999 -9999 0.0452029143717342 0.104606484678723 0.0660976057123809 -0.00539705368729226 0.0254925099479528 0.02790175786247 0.0181396224256385 0.02780540282113 0.050702434601489 0.0370314603971587 0.00679553374176151 0.0683089274177847 0.447228977344202 0.525751748568534 0.227352433471218 0.0101424968632593 -0.0876401645021168 -0.0886467917049343 -0.0503143126161776 -0.00804357946489354 0.055534093291897 0.122940409583011 0.203788236078785 0.27585320761688 0.325211714615289 0.385950769888891 0.461667682751695
-9999 -9999 -9999 -9999 -9999 -9999 -9999 -9999 -9999 -9999 -9999 -9999 -9999 -9999 -9999 -9999 -9999 -9999 -9999 -9999 -9999 -9999 -9999 -9999 -9999 -9999 -9999 -9999 0.0424733125049995 0.110471164949374 0.0445039529356052 0.0233112034240981 0.0483338338072145 0.0439067495712324 0.0297655235857152 0.046665780916112 0.074505105799247 0.0602989760761186 0.0104026938182573 0.0569779240360824 0.425881936805495 0.468849651410472 0.19394703934018 0.0221399066958372 -0.060085276202349 -0.0572227166629772 -0.0208228003644929 0.0241653691595463 0.08695223936471 0.163166367274536 0.251524034106302 0.332983903715743 0.391962101385852 0.459337348364426 0.549806641598568
-9999 -9999 -9999 -9999 -9999 -9999 -9999 -9999 -9999 -9999 -9999 -9999 -9999 -9999 -9999 -9999 -9999 -9999 -9999 -9999 -9999 -9999 -9999 -9999 -9999 -9999 -9999 -9999 0.0484456770767912 0.110425498057494 0.0356513988267972 0.0510546956680996 0.0611226738517476 0.0505812184992552 0.030327661158268 0.0572520730512694 0.0935995225106018 0.0708242162641148 0.0081604911369324 0.050275288402194 0.414294976469082 0.388534455126653 0.146468457644016 0.0208610986259358 -0.0365106989263887 -0.0303809971053577 0.00460547692135221 0.0500048659801591 0.119865218172078 0.194056329854486 0.281376352295291 0.363400136164148 0.432032185034085 0.519201533913084 0.611165814238621
-9999 -9999 -9999 -9999 -9999 -9999 -9999 -9999 -9999 -9999 -9999 -9999 -9999 -9999 -9999 -9999 -9999 -9999 -9999 -9999 -9999 -9999 -9999 -9999 -9999 -9999 -9999 -9999 0.0732848077605877 0.103800314358727 0.0371581590953939 0.051241171119855 0.0556241740443842 0.0288763155134103 0.00331127467526426 0.0490880201008888 0.0872237648895899 0.0590917862213406 -0.00276840134814771 0.100541995524695 0.423747898453212 0.318044350964213 0.0920705584213736 0.00846454409521413 -0.0260595832759568 -0.0144540372552474 0.0240843589542121 0.073490016303633 0.140394479089346 0.213922931540781 0.294028063917234 0.374740218340038 0.452452476383565 0.538796455588163 0.632944192036079
-9999 -9999 -9999 -9999 -9999 -9999 -9999 -9999 -9999 -9999 -9999 -9999 -9999 -9999 -9999 -9999 -9999 -9999 -9999 -9999 -9999 -9999 -9999 -9999 -9999 -9999 -9999 0.108961568076849 0.099818335251932 0.0910270478471381 0.0378333015415789 0.0537725277329559 0.0408668622740667 -0.00515148856108705 -0.0414472551875285 0.0247553249853348 0.0788834494319248 0.0339228325812402 0.0360127311354325 0.25561699685093 0.433140225502665 0.192201173273077 0.0324871143340054 -0.0181476301449236 -0.0291264015194723 -0.0131726117199706 0.0204242631628672 0.0698147645089832 0.137631707428587 0.211146485154983 0.294686198997006 0.377197518185167 0.456255387698175 0.538705497935488 0.628423937723548
-9999 -9999 -9999 -9999 -9999 -9999 -9999 -9999 -9999 -9999 -9999 -9999 -9999 -9999 -9999 -9999 -9999 -9999 -9999 -9999 -9999 -9999 -9999 -9999 -9999 -9999 -9999 0.116542478131539 0.11325869794484 0.0581970874870807 0.0397532053474366 0.0472871672513682 0.0238989903256911 -0.0380871774930132 -0.0743086424578471 -0.0232901512433458 0.0168351063795278 0.00492297397596853 0.150778795454563 0.416790785482955 0.375680085158836 0.132273203436495 -0.00957783987925309 -0.0420926140390382 -0.0463995282005248 -0.030437202101005 0.00342391603880926 0.0601854539530438 0.132783525410122 0.211812495464924 0.296344263876887 0.381510170041586 0.469064942716848 0.555670144433205 0.645208115252915
-9999 -9999 -9999 -9999 -9999 -9999 -9999 -9999 -9999 -9999 -9999 -9999 -9999 -9999 -9999 -9999 -9999 -9999 -9999 -9999 -9999 -9999 -9999 -9999 -9999 -9999 -9999 0.124560076468733 0.0732588924671245 0.0323986678270573 0.042073938503932 0.0590605334374441 0.00627554320351964 -0.0527887054618941 -0.0873869311539587 -0.0562935951016853 -0.0181389155014098 0.0892793539360979 0.357382121066429 0.413519572154113 0.261125138204261 0.0595483494335459 -0.0182306068363486 -0.0500358586050437 -0.0533567904288879 -0.0380460646008034 -0.019418674073731 0.0454424151247724 0.127658744198472 0.210278353492832 0.292336511997202 0.378477568320044 0.468349405362077 0.570718510743483 0.658581488098895
-9999 -9999 -9999 -9999 -9999 -9999 -9999 -9999 -9999 -9999 -9999 -9999 -9999 -9999 -9999 -9999 -9999 -9999 -9999 -9999 -9999 -9999 -9999 -9999 -9999 -9999 -9999 0.110301611229308 0.0286440963345015 0.0271591342095114 0.0323273196603555 0.0196211375833886 -0.0210141190775031 -0.0594588533875071 -0.0215091584142484 0.0740136943548803 0.194208402640611 0.365007932468218 0.446443084396413 0.282589121953222 0.148832617049064 0.0672321203314442 0.00385704039722023 -0.0267380604765073 -0.0298454962081408 -0.0113260140434299 0.0154312157850885 0.0514107099485646 0.116629062813142 0.198157881035849 0.281221734029921 0.366218997528912 0.460582388080762 0.557680040082145 0.64472108144757
-9999 -9999 -9999 -9999 -9999 -9999 -9999 -9999 -9999 -9999 -9999 -9999 -9999 -9999 -9999 -9999 -9999 -9999 -9999 -9999 -9999 -9999 -9999 -9999 -9999 -9999 0.0783630070199806 0.069651860167881 0.0252870604584591 0.0431360195043707 0.0131155678226217 -0.00891560497596533 -0.0276858674284522 0.0501506500441544 0.237646013980798 0.391578814704633 0.409030424228649 0.467827679946367 0.32342498369325 0.129471313228412 0.0832464219320007 0.0768690646477335 0.0207323713565217 -0.004148140953943 0.00119968210046839 0.0288272480772578 0.0744681524259867 0.0660893096859639 0.106760337130695 0.18433495192221 0.269171780856093 0.348112766547786 0.443153788747475 0.54042041381819 0.626540998021242
-9999 -9999 -9999 -9999 -9999 -9999 -9999 -9999 -9999 -9999 -9999 -9999 -9999 -9999 -9999 -9999 -9999 -9999 -9999 -9999 -9999 -9999 -9999 -9999 -9999 -9999 0.112280381212838 0.042942092764316 0.0282429470986502 0.0387821177888396 -0.00152662870507903 -0.0419043229839826 -0.00568815903577358 0.193889098585866 0.454714775972166 0.455129167563906 0.362963015467012 0.316118640100487 0.200950934165574 0.0826421219662177 0.0499300887170264 0.0415106378431175 0.012830043277004 -0.00301465453428307 0.00475630037653441 0.0402951063318294 0.0718056682596356 0.0653106231721824 0.094202572361992 0.16482565459861 0.25299065387052 0.344802085457557 0.441315230556011 0.533253118851135 0.618435929746874
-9999 -9999 -9999 -9999 -9999 -9999 -9999 -9999 -9999 -9999 -9999 -9999 -9999 -9999 -9999 -9999 -9999 -9999 -9999 -9999 -9999 -9999 -9999 -9999 -9999 -9999 0.107997626821971 0.0293473681099725 0.033825609819793 0.0384685236465933 -0.0234773084413114 -0.0541453449575456 0.0279470717810525 0.267197322560829 0.392975138848239 0.304435920276163 0.185683724648348 0.164401326890424 0.107509851315897 0.0538328493267926 0.0390859173663795 0.0191744862148549 0.00113525603647785 -0.0182596450832304 -0.0161454564021585 0.0155418549628836 0.0605034452788359 0.0476394550354198 0.0804810552384375 0.152150301466579 0.247271951559518 0.342432272361125 0.439725723131901 0.535857661503167 0.625137186597504
-9999 -9999 -9999 -9999 -9999 -9999 -9999 -9999 -9999 -9999 -9999 -9999 -9999 -9999 -9999 -9999 -9999 -9999 -9999 -9999 -9999 -9999 -9999 -9999 -9999 -9999 0.104883705787728 0.0147599424930881 0.019951882741963 0.0183879859511248 -0.0433005026133297 -0.0750180577858408 0.0430700017763056 0.207478225082318 0.240518489346311 0.170369559552047 0.10525851083045 0.0782457127477971 0.0507612627436836 0.0307472787561132 0.0331471216284235 0.0318935745825292 -0.000571158418649964 -0.0329682848668517 -0.0433238660869598 -0.0339326036923059 -0.014437344474343 0.0171032811449271 0.0755500882406984 0.148418850623644 0.238803192359772 0.336154213056827 0.44175218540034 0.545487542551085 0.63586734312787
-9999 -9999 -9999 -9999 -9999 -9999 -9999 -9999 -9999 -9999 -9999 -9999 -9999 -9999 -9999 -9999 -9999 -9999 -9999 -9999 -9999 -9999 -9999 -9999 -9999 -9999 0.0974329870664238 3.51534654872143e-05 0.0104696933984275 0.0065483969387074 -0.0584954176282347 -0.0732711824811895 0.0456367856911438 0.134996401211202 0.128046460466736 0.0887199924268575 0.048636780240375 0.0303980220235003 0.00945958015114479 0.00352714973042145 0.0179085191331837 0.0260790738245854 -0.0094024697416174 -0.0499503522691548 -0.0640831898820243 -0.0596381838857747 -0.0435157710142291 0.00208745182468584 0.0694347646503395 0.143054755951278 0.237079395771908 0.325479078868286 0.43482675922849 0.547438183596318 0.644979222462759
-9999 -9999 -9999 -9999 -9999 -9999 -9999 -9999 -9999 -9999 -9999 -9999 -9999 -9999 -9999 -9999 -9999 -9999 -9999 -9999 -9999 -9999 -9999 -9999 -9999 -9999 0.0856154424420097 -0.0121238589169913 0.00046130739359096 -0.0038029491706254 -0.055775183157223 -0.0611545823616044 0.0305689608091672 0.0807649129016277 0.0711086223249872 0.050023108531554 0.03001096546201 0.00833572906310714 -0.0099834620436593 -0.0143902695176276 -0.00435303994911806 -0.000750502434820666 -0.0296098280994167 -0.0658209878301829 -0.0765699732349172 -0.064910964519249 -0.0385843599969766 0.00206795784924674 0.0607659273301873 0.1286081570188 0.218677550461033 0.317186773656215 0.426982452697533 0.537951182719474 0.635319679474487
-9999 -9999 -9999 -9999 -9999 -9999 -9999 -9999 -9999 -9999 -9999 -9999 -9999 -9999 -9999 -9999 -9999 -9999 -9999 -9999 -9999 -9999 -9999 -9999 -9999 -9999 0.080076308045529 -0.0237072716500359 0.00196082265650066 0.000158718936758895 -0.0450591229201317 -0.055166499426008 0.00632380778458363 0.0331033417630339 0.0253308294857019 0.0161255463264251 0.00694533835890437 -0.012365052823689 -0.0277344268268106 -0.0309538670163962 -0.0230700842749806 -0.019091152769958 -0.0410742268359109 -0.0694261579346069 -0.0765673532993847 -0.0624126454637168 -0.0360285089761984 -2.43943369609978e-05 0.0532111991469832 0.11453849932009 0.205620110700784 0.29621724508591 0.401583125267467 0.517047376373913 0.619482389006891
-9999 -9999 -9999 -9999 -9999 -9999 -9999 -9999 -9999 -9999 -9999 -9999 -9999 -9999 -9999 -9999 -9999 -9999 -9999 -9999 -9999 -9999 -9999 -9999 -9999 -9999 0.0738702713043259 -0.0326899835857345 0.00737992069178817 0.0113817505681674 -0.0300557079778674 -0.0555433491650822 -0.0217945258049825 -0.00829374289485707 -0.0140856437686235 -0.0188569014151764 -0.0271846364337235 -0.0343166326720313 -0.042535505010042 -0.0434253262589134 -0.035670675772308 -0.032051838938179 -0.0452365010927536 -0.0652193514073675 -0.0713450363792404 -0.0598647763785317 -0.0343647660871367 3.91867265120416e-05 0.0444893460817103 0.10300821270923 0.181311057621488 0.271756654775103 0.382467820103019 0.493728142549656 0.596568976838407
-9999 -9999 -9999 -9999 -9999 -9999 -9999 -9999 -9999 -9999 -9999 -9999 -9999 -9999 -9999 -9999 -9999 -9999 -9999 -9999 -9999 -9999 -9999 -9999 -9999 -9999 0.0718123751293709 -0.0426484239730784 0.00426690795911183 0.021671076542453 -0.01784714464541 -0.0476544126913988 -0.0374028351353747 -0.0326839952846839 -0.0367790195234261 -0.0375640389130937 -0.0408610397116258 -0.043953759403108 -0.0485103402268934 -0.0484201548954978 -0.0407182006463203 -0.0367617309099936 -0.0458353952149941 -0.0612065286490233 -0.0663149188377508 -0.0560764132985377 -0.0349125013454937 -0.00678217577349471 0.0367215385399368 0.0891753606770583 0.168566789125808 0.249485626974179 0.34704520637543 0.461921158703764 0.555861110026022
-9999 -9999 -9999 -9999 -9999 -9999 -9999 -9999 -9999 -9999 -9999 -9999 -9999 -9999 -9999 -9999 -9999 -9999 -9999 -9999 -9999 -9999 -9999 -9999 -9999 -9999 0.0698405692490015 -0.046201939284941 0.000903344281119878 0.0263103803708435 -0.00600439009176479 -0.035673928905574 -0.0407375055306396 -0.042492167779254 -0.0458652620962791 -0.0436346424099811 -0.0427011290794261 -0.0465171647688203 -0.0495949709522696 -0.048449051797272 -0.0415036212230161 -0.0354557783777745 -0.0453772859622168 -0.0588697520439466 -0.061637996188696 -0.0534232915611381 -0.0385062071669963 -0.0130369445029117 0.0268967723572468 0.0777331107131711 0.153845802965882 0.232136402458325 0.321851553684933 0.415284950998515 0.514454381527494
-9999 -9999 -9999 -9999 -9999 -9999 -9999 -9999 -9999 -9999 -9999 -9999 -9999 -9999 -9999 -9999 -9999 -9999 -9999 -9999 -9999 -9999 -9999 -9999 -9999 0.107114464311244 0.0521953422826048 -0.0493268434041698 0.00196320348379875 0.0330139111711164 0.00412118023762303 -0.024872495501541 -0.0417722046022551 -0.0448373558112402 -0.0492574719178727 -0.0482675263894017 -0.046826731231207 -0.0487075332595236 -0.0507121625221038 -0.0498159772825512 -0.0428934589316513 -0.0374224884106991 -0.0469331449170198 -0.0578605199761698 -0.0587087488515269 -0.0511753851702483 -0.0375963308873735 -0.0152901570520276 0.0186701358510407 0.0610875654922961 0.128770884419799 0.210326389110038 0.291375348056049 0.376308692326401 0.474395660017412
