meets/meet006/_saidas_enm/CCSM_Maha_0k_S_lineola4.asc
NCOLS 154 
NROWS 168 
XLLCORNER -112 
YLLCORNER -55.5 
CELLSIZE 0.5 
NODATA_value -9999 
[rows 50 to 74 of 168, columns 56 to 111 of 154]
-9999 -9999 -9999 -9999 -9999 -9999 -9999 -9999 -9999 -9999 -9999 -9999 -9999 -12.9639715785515 -6.75879872416047 -5.76648303318393 -2.46226680303046 -4.0566286734495 -5.28758701287574 -3.79919224931808 -0.788228778038045 0.274880037608648 -1.19571727949195 -0.43329373648141 -1.1961893507713 -1.45101828251117 -0.941665301227176 -1.30135986852996 -1.48579288652536 -1.48969996298392 -1.77007865211943 -1.61034001532372 -1.34391166752426 -0.825028529228559 -0.979984219941346 -0.532083073906014 -0.231878348747612 -0.688829435333792 -0.732653501540012 -0.529553681631106 -0.771089765851784 -0.362691643302592 -0.350397283947912 -0.157735158645115 -0.029872475069151 -1.39799504817462 -0.995405215755602 -1.09575136962898 -1.14635325326676 -0.792298892634393 -0.762635225861597 -0.16108436735139 0.108389335839192 0.251849368900689 0.0329523626958812 -0.070651462323051
-9999 -9999 -9999 -9999 -9999 -9999 -9999 -9999 -9999 -9999 -9999 -9999 -9999 -6.72603288129325 -4.84195913368052 -2.88494031131657 -2.1822025775483 -2.50673505155405 -3.10983810795711 -2.37920029141565 -1.35441963226577 -1.48372457079925 -0.310400514832051 0.208102554865292 0.265852118984586 0.110760548587124 0.312695604368471 -0.0557315205972699 -0.0435835420307327 -0.323367944071422 -0.669169910732713 -0.805759472870095 -0.551373110971476 -0.567358807638235 -0.664888097331807 -0.290530800675121 0.174542204209752 0.0936249038643387 -0.231982635080511 -0.388116432262371 -0.426293323350506 -0.425445637208758 -0.45576904068921 -0.177616258039504 0.0876781385754714 -0.026076596570737 -0.0624848999828169 -0.00143654282058314 -0.148954430931157 -0.585066218450513 -0.421688399028844 -0.044017185534676 0.0754343636019549 0.167130575041527 -0.00167686462835492 -0.158677916113559
-9999 -9999 -9999 -9999 -9999 -9999 -9999 -9999 -9999 -9999 -9999 -8.06788710353379 -4.37280578278166 -3.1017986225751 -4.28850794176248 -1.39524128914741 -0.917622102664821 -1.73519332100181 -1.39847819425085 -1.88090187388046 -1.90200332380549 -1.83270581922692 -0.55033886719694 -0.0848820648822621 0.250921266109 0.40811484870847 0.437193879561295 0.389818179906706 0.138514069620907 0.39583000105792 0.0551268228048417 -0.213359280164158 -0.358293176769006 -0.219615676429988 0.0188450334498432 -0.171882783929386 0.266859310203687 0.364636805962927 0.0980430133638879 -0.106840691667816 -0.104364604090654 -0.161240453756103 -0.203707095004668 -0.0588603148610656 0.166013215060446 0.263692128982991 0.265000874217554 0.304807651996155 -0.0287023398442727 -0.232398408634985 -0.0323670808549592 0.0536125123031109 -0.0871550598052129 -0.0769339417455102 -0.188573188135928 -0.319835331239274
-9999 -9999 -9999 -9999 -9999 -9999 -9999 -9999 -9999 -9999 -8.44948469849707 -3.53763723756996 -3.04985386731227 -3.95781883373963 -2.47641762820256 -0.771472034083226 0.17989144865924 0.030060090627829 -0.755993607333754 -1.29199448150083 -1.47173471257391 -1.33482694114545 -0.972176271020226 -0.356100040920761 0.552401444714138 0.809709140566468 0.503406695603992 0.409869211155302 0.872383319947369 0.604159472491767 0.0966115159750278 0.101025152860539 -0.206466417114721 0.32047239686794 0.375934966985026 -0.0594071472984641 0.293046999757614 0.112839843743963 -0.118783329738301 -0.0443375059258899 0.167222494789573 0.0952483660480505 0.0950094097147186 0.135213585299383 0.101984808551213 -0.0574205093289302 -0.44630649923401 -0.2364808678663 -0.269435335119615 0.183266800657707 0.266184180922338 0.225155657260919 -0.0692911059707635 -0.411976376475739 -0.410280513148362 -0.501114887932162
-9999 -9999 -9999 -9999 -9999 -9999 -9999 -9999 -9999 -9999 -3.39456494229509 -1.29583968129273 -5.58909954810126 -5.19742590721372 -2.16104667372517 -0.047001062492501 1 -0.27205191991923 -0.841374661993687 -1.11654873504148 -1.12202450356627 -1.2618281422997 -0.382809953546867 0.583988433115309 1 0.607978255902184 0.506990543865286 1 0.954434396207161 0.932090214104155 0.527189699703246 0.373977814008493 0.0502022767697758 0.692398675499885 0.636941738185714 0.0586563324909181 0.0826098644625489 0.0337566909872488 -0.171082328803014 -0.256962688977052 -0.258629656876274 -0.103503682148348 -0.0412845298713413 -0.108698288158169 -0.282615647732929 -0.469791986594954 -0.716252593638006 -0.147239326170916 0.558303960484419 0.536238973918426 0.537064858950856 0.358153084352375 -0.0275437117461075 -0.499749219714942 -0.509303647612111 -0.618358045667971
-9999 -9999 -9999 -9999 -9999 -9999 -9999 -9999 -3.0199737798923 -2.05296540294065 -2.65480352948785 -0.896788017106738 -5.25246469700365 -6.12207897971416 -1.59445697373833 0.557202542687044 0.515665114670052 -0.933179575922749 -1.4531739056871 -1.25855860899644 -0.316985233470692 0.197282955046919 0.798012412392345 0.913411393729881 0.218124685380696 0.177612871647094 0.55537700238543 0.603298087429029 0.635780147601945 0.677041318051892 0.637425464402877 0.553583471277146 0.330593921384232 0.930097852324244 0.746915837256374 0.196952643063103 0.360123772509276 0.183775297180933 0.00837228391364098 -0.186299365971838 -0.276400801896027 -0.229707107666405 -0.0449088133951698 -0.097912456584951 -0.472015329553984 0.14854879384974 0.638776591721938 0.661159258817326 0.781186644239134 0.359224039546258 -0.21669152675252 0.304075065123376 0.32002979600245 0.436460079659945 0.0672711660857153 -0.413274669989104
-9999 -9999 -9999 -9999 -9999 -9999 -9999 -9999 -2.06084059313705 -1.75666629685743 -1.1517215547753 -1.76755879498765 -4.73272414815272 -4.78111191022255 -0.839610571856821 0.526548686191305 0.219801860225863 -1.02294250411058 -1.18709600210089 -0.383380076273322 0.39945408460262 0.747363220137604 0.909473024222044 0.902117372955043 0.863956687644034 0.735498284073459 0.65723631673386 0.807642394410592 0.840297867778996 0.838990908998821 0.856697793707102 0.93335508425173 0.965591793454001 1 0.702274265587887 0.288588849113297 0.472658885067567 0.389629287087017 0.248887262880009 0.0598670442590171 -0.241058248101246 -0.290504005161232 -0.190767408783664 0.492945257514881 0.685361800150708 0.73100326313967 0.50004858919661 -0.241496006084441 -0.222740937860534 0.263530773674725 0.356805540439443 0.563389596671402 0.759232901309199 0.844930749582612 0.627089579552403 -0.0564002193979498
-9999 -9999 -9999 -9999 -9999 -9999 -9999 -5.02344832326048 -3.19797253086387 -0.864009182423744 -0.150838586996415 -2.12168105402651 -3.64997330309894 -3.87720206728821 -0.915122072208713 0.478694707665398 -0.0543760630590848 -0.861347230435881 -0.472335365636943 -0.347608993067633 0.232938592767366 0.471137813177563 0.579849412267586 0.5874722372336 0.639893338422903 0.59546473147443 0.510598427720274 0.5384417698083 0.602732247709986 0.553947219920161 0.505487227831027 0.630481029939795 0.701295368853512 0.65877688053768 0.424134314804308 0.739652950437026 0.359996012088087 0.483915386937978 0.39349749171859 0.165461849304009 0.22978870163787 0.433816681040694 0.425836446111144 0.639483750151196 0.371381523368648 -0.90304105617438 -0.326259288005229 -0.488560967522711 -1.23371034634562 -1.94887775788738 -2.20360820521867 -1.58164589057736 -0.662032567195225 0.491046669742452 0.78340751354669 0.318829121230002
-9999 -9999 -9999 -9999 -9999 -9999 -9999 -4.31278733664362 -1.5727242124072 0.0164721104209121 0.399264618453111 -1.46283914995071 -4.27095167730051 -5.26151100548761 -1.94435883032173 0.0901905727928801 -0.605915221989879 -0.116385090809207 0.223229362739569 0.133808569371783 0.333828696618785 0.597703108286716 0.743072593890973 0.80788283040987 0.855041270761227 0.855564985854573 0.861094512785245 0.804755522231172 0.825161831700898 0.871728389610605 0.848702664451114 0.833351149267792 0.801782233456651 0.758074080598933 0.727515483108822 0.586838485439458 0.853747772490244 0.843146304809818 0.795425269754409 0.812432209858867 0.88999354687937 0.756238900293481 -0.0834418190380246 -0.810436146672159 -1.06741838769422 -2.12656244852195 -3.65419986572001 -4.93329673006874 -5.9062222495966 -5.57860319536996 -5.41726448349892 -3.85671733932163 -2.84941332544033 -0.555498778341941 0.61209873952896 0.590513945195752
-9999 -9999 -9999 -9999 -9999 -9999 -5.01723858049484 -2.57342913852427 -0.42232672182553 0.157433613355064 0.58688784482724 -1.78029951518554 -6.4646109786881 -9.17863468583602 -3.27364196285039 -0.631579930612657 -0.524493224748562 0.436030013677604 0.681586738144126 0.632118127996991 0.377606141410365 0.698720919249237 0.855541385528091 0.913234890408713 0.960214105605093 0.962191190227961 0.994623054220671 1 0.997895063891496 0.993281855037153 0.959002169067523 0.942718648067686 0.917298394007375 0.899923752449293 0.91878047922542 0.913181586892022 0.816816520994539 0.690192263910465 0.420066852606588 0.479194338851092 0.321236693864381 -0.23950989209438 -1.21549281367275 -1.30093886798966 -2.11394994251216 -3.14909897197599 -3.9234186125244 -4.36981018433715 -4.75556717275695 -4.85526389202248 -4.66435248282794 -3.54555792441958 -2.46435704592431 -1.03785944040879 0.495392275402826 0.801884755425358
-9999 -9999 -9999 -9999 -9999 -9999 -3.86683332574394 -2.39986854811853 -0.278654609387432 0.475849578202054 0.420433606248391 -2.58899652657498 -7.42239612644017 -8.58460350142086 -3.99079666725531 -1.73170595836836 -0.0166001434140659 0.700948499290674 0.916704710919793 0.921941793539171 0.779549666135842 0.597593511836461 0.743980941867925 0.776719817780702 0.755391719684094 0.756792335745249 0.788447126324088 0.821995458436786 0.811541180159102 0.803992679379803 0.818108257294603 0.828730429574568 0.868678732560608 0.881027952576407 0.90004731057381 0.975314533908833 0.981578660045874 0.856226956148735 0.524393054966698 0.0522704688662857 -0.842776238851019 -0.972519950420987 -0.645587070708408 -0.868928532493823 -1.56664926895205 -2.59918158273802 -3.06595719791301 -3.47918664122202 -3.68183587371254 -3.44880009923896 -3.08036634634966 -1.89275071081643 -0.81928199288068 0.240664424855244 0.532564909959126 0.957759872552445
-9999 -9999 -9999 -9999 -9999 -9999 -3.71753542631304 -2.85711249101367 -1.08115225156199 0.2198576214079 -0.147761256594459 -2.72658354231845 -6.26571397274414 -6.6390562556517 -3.80873229717933 -1.46445967317566 0.144883671440804 0.838001694814749 1 0.948472074997476 0.789284184746756 0.50518085315279 0.526983506922732 0.505349677164134 0.510358742028147 0.452307936113057 0.538236722027727 0.521619039091788 0.470821001626321 0.560363337089711 0.550217432523303 0.641354303705755 0.665726740765862 0.714452753348978 0.792637194626307 0.817806862567531 0.853003632161297 0.722796098891699 0.263300317815848 -0.541050249989939 -0.653497747017825 -0.237649662695331 -0.309543477200622 -0.726405420703331 -1.41818917291909 -2.13749486106255 -2.51487640434534 -2.627749893899 -2.53443645152105 -2.23655989784266 -1.65655460443578 -0.650856763535332 0.376093357016289 0.846336849919523 0.947230028873113 1
-9999 -9999 -9999 -9999 -9999 -9999 -9999 -2.17433098924713 -1.55948099695756 -0.338442667573596 -0.504100533774197 -2.74761411740169 -4.70871657954701 -4.84330078862785 -4.01899796786401 -1.21142733735367 0.166420627975356 0.864439465424455 0.937416435305046 0.839829235893028 0.655806810856306 0.73887951589542 0.775622422754067 0.760129554520601 0.740040463931482 0.707564494873803 0.743157185218383 0.774896172399438 0.767977038163245 0.750131171141595 0.721084707029464 0.70115099344366 0.656429597645389 0.624149650610138 0.592205074091945 0.518121179804888 0.430313917269811 0.309285384895088 -0.184312502038098 -0.521801030024119 -0.175038893448241 -0.00626234777833079 -0.191161688709754 -0.613295384385736 -1.04205934672103 -1.47465658472633 -1.53189508805612 -1.47160578370451 -1.25425045527242 -0.906014328276032 -0.41256561196461 0.212219764465351 0.608215009785727 0.621816314976533 0.660906990419368 0.595683870053959
-9999 -9999 -9999 -9999 -9999 -9999 -9999 -9999 -0.856480944264145 -0.411726331406657 -0.157944988265204 -2.04108403623942 -4.1344340384526 -3.9761444894455 -2.73012928233934 -0.456167866720081 0.445389194079295 0.863106655058262 0.758308666456154 0.741723307286883 0.878869285680227 0.935028471561562 0.903633697476203 0.867030909299311 0.89230607956549 0.905466655958592 0.931038192965728 0.93855313455054 0.913361832597885 0.850697332430023 0.831785036583566 0.812988207351491 0.800456844213278 0.764920364282291 0.689717088672982 0.55832890497252 0.472243982019643 0.414487457438379 0.279977655026501 -0.242454417137885 -0.0239737061404341 0.0819621132112653 -0.163611468912963 -0.775419525668708 -1.38529003690431 -2.09421025855923 -2.09037692115786 -1.98484618849851 -1.75570938100156 -1.38461625356536 -0.924413090336982 -0.302618269363261 0.0426387260958758 0.0311926090116399 0.00455261779126115 0.267888321119309
-9999 -9999 -9999 -9999 -9999 -9999 -1.36214586095788 -0.920555914554248 -0.259578694686807 -0.924523373607687 -0.744849605462282 -2.19884303267819 -4.14654144625657 -4.0994097431962 -1.36065018478681 0.259749557947023 0.642743624253035 0.742652064997716 0.625959224397595 0.856720607462001 0.967358031438388 1 0.980758492424288 0.943448927974338 0.927801020672965 0.921771792230106 0.908605802053132 0.889771790628577 0.87614149324014 0.879972491121424 0.866095614173887 0.864055307248744 0.84873916119643 0.840180027297188 0.833427252835459 0.816132009974142 0.784060593483903 0.687594282718818 0.572811161040719 0.0809837748011594 -0.359785748271265 -0.469830061733837 -0.905002777212846 -1.52334029419592 -2.12817439753535 -2.60808912256319 -2.65022839874101 -2.49167503114355 -2.26196216883044 -1.94686536323122 -1.55111968023281 -1.07700358765488 -0.764239050946903 -0.792464488103553 0.0187861649337375 0.547510652386783
-9999 -9999 -9999 -9999 -9999 -2.91920907373585 -0.752083204271064 -0.581269036024372 -1.01702458454162 -1.06369446604945 -1.40544896242664 -2.53002420321773 -3.81708308766512 -2.28355383916834 -0.127794521594935 0.308776331591875 0.319265365934173 0.404756567854792 0.630761976689092 0.821429342660147 0.888313915690352 0.900519523596348 0.940124798443814 0.901493759025992 0.952253916260486 0.981544467446763 0.994804369706434 1 1 0.994374737316586 0.985044699913475 0.977162818506669 0.975706526212583 0.975664352532873 0.966730567751405 0.949338805525515 0.866461051660184 0.676057618617814 0.416698781597081 -0.0994612862838438 -0.990539081649795 -1.08081448207854 -1.56011801678342 -2.09358347946447 -2.60787570261261 -3.12837645895894 -3.01340266255786 -2.54223229297833 -2.18556246829411 -2.03317000450259 -1.83917493065315 -1.23797139105706 -0.808623599586003 -0.44770733022255 -0.193281692650545 0.157364206687846
-9999 -9999 -9999 -9999 -9999 -0.779234980844113 -0.714742885556676 -1.51263354606141 -1.40938955688706 -1.16977484341687 -1.7824216663778 -2.49221335282094 -2.05589278169637 -0.8449107728353 -0.262110262820919 -0.541742949905008 -0.272518430368339 0.176815669943296 0.386281102210811 0.559932956817413 0.734308483674889 0.830587861793739 0.899383110997446 0.937952874329954 0.930079254195844 0.892824901427091 0.862747542986314 0.858125038289305 0.84800672890912 0.843409336603801 0.845990945559903 0.862277736170645 0.887032517215282 0.907960806726563 0.921414509747877 0.884094417522177 0.741112253622808 0.464779296755585 0.159121894841951 -0.213444443551219 -0.627742190521901 -0.852731005982949 -1.28995680443121 -1.83269070678657 -2.22077037581352 -2.44162162755981 -2.29313861898496 -1.95073872046121 -1.66690076178926 -1.39136647034594 -1.05324231124718 -0.687660969821821 -0.311678734936495 -0.0187984065034785 0.0724859565181705 0.184103912580843
-9999 -9999 -9999 -9999 -9999 -9999 -0.632220881264499 -1.25756904881735 -0.619958888553262 -1.87447849286961 -2.63925335763008 -3.23715602701261 -2.45817192030564 -1.22228169760514 -0.661783550156837 -1.32321728331829 -0.844004111345789 -0.292346371421277 0.0610482083873483 0.33657919131199 0.359801455834856 0.584248286249825 0.632586566913788 0.65031783511979 0.648687159049997 0.539725534685147 0.517015239197507 0.449855318978769 0.432730373352804 0.453993742232049 0.429311997792772 0.545767313817234 0.585325601333731 0.63960614236709 0.702821546516701 0.663371477629425 0.486774413271897 0.170645543270914 -0.130355300002417 -0.27079852022135 -0.354379528858193 -0.518919949676392 -0.870767608578761 -1.30648364298107 -1.49608649361589 -1.75333192218002 -1.66588125708554 -1.48805123922633 -1.29376745815742 -1.04321214921175 -0.630497969499549 -0.370713908769034 -0.0458357693368208 0.205560105789805 0.310436325424931 0.320134472230934
-9999 -9999 -9999 -9999 -9999 -9999 -0.137815297428952 -0.876740849814825 -0.585541320217159 -2.04570021330639 -3.7284146989051 -4.9747358655448 -5.59457747463452 -4.94174964111336 -2.18274286010102 -0.645724485614394 -0.819168779372322 -0.90989017393018 -1.03409592729847 -0.310675044079338 0.118544456926334 0.118833683654876 0.0145586642131574 0.0305012931354621 0.144324706817639 0.159124421333028 -0.0202508176469842 -0.239689177787701 -0.288530939865901 -0.140984573443985 0.0175428773511838 0.0713470802762968 0.134583667619062 0.205295024578724 0.268337045057024 0.255922706996108 0.0545968125514282 -0.249199830220906 -0.381008247664678 -0.400906386130045 -0.304171474348695 -0.381253248176299 -0.582845996744135 -0.850926076698173 -1.02503311704573 -1.15852355624575 -1.21830994563114 -1.16048879158365 -1.07587215041542 -0.951071834037861 -0.8576504845143 -0.503315614695672 -0.083198343912503 0.160506715579796 0.269987763809466 0.324200380805191
-9999 -9999 -9999 -9999 -9999 -9999 -0.720888059407865 -1.08507930060652 -1.21094225641304 -2.49599850174986 -4.30090212337465 -5.35115005650034 -4.74668525988087 -4.50196567343656 -4.19834213316796 -2.73832359461515 -0.628898665298303 -1.61920725274683 -2.26516658385915 -0.891668201200134 -0.133185197521805 -0.382249268939853 -0.822869105048963 -0.811865218268606 -0.473440465159414 -0.334990459597641 -0.640862517551438 -0.811392791488679 -0.715776059434317 -0.593066430781463 -0.524374817285751 -0.42497404964285 -0.350085429399597 -0.266833744539403 -0.192079236479937 -0.175062455367319 -0.0959600953365336 -0.0727878351164435 -0.0856985306153646 -0.11525902059076 -0.179314301840058 -0.186424742514044 -0.293125231281344 -0.43256441905503 -0.479924000739169 -0.582733123872071 -0.555992809518751 -0.586787814787402 -0.571010414722182 -0.499877298014158 -0.546303089966552 -0.479015576696454 -0.16463799473566 0.0702071131357294 0.154839546129838 0.0906820955551727
-9999 -9999 -9999 -9999 -9999 -9999 -9999 -9999 -3.1877278289857 -2.88802310537665 -2.63008875544999 -4.04406117962975 -6.21621620732257 -5.94066217298328 -4.09054531993725 -4.51029106311646 -0.979151394212594 -2.25824705694557 -3.0848276184299 -1.56915975452912 -0.608084937336012 -1.04272866114581 -1.80770476861837 -1.90298830073415 -1.37959264091901 -1.10747687119221 -1.09076697311111 -1.0789044154634 -0.975917701159667 -0.742544668089249 -0.542796319428182 -0.426073100901822 -0.315579037119759 -0.172208140520507 -0.0207682427312152 0.0813060594019043 0.14534279089706 0.179301916824549 0.192012589315347 0.186554906344 0.142701967789284 0.11662595793861 0.0711428571218773 0.00415712196352069 -0.0435862690266977 -0.0894564274122167 -0.0997545013969467 -0.112134708272512 -0.128396124409842 -0.136624140047594 -0.172367052018473 -0.245770162969115 -0.275559240949208 -0.184448159555896 -0.270627996524595 -0.46019321087157
-9999 -9999 -9999 -9999 -9999 -9999 -9999 -9999 -3.04552427131081 -1.8443430875275 -1.73168307079346 -3.23779049718303 -8.74687620267963 -8.59651028524384 -5.03873595194285 -3.77409048678007 -1.4061536732618 -2.42346591772879 -3.71673720357948 -1.92769372659044 -0.986963605815611 -1.66724362014844 -2.67591344781639 -2.54936455196093 -1.93023861627002 -1.47646087549848 -1.39110451192763 -1.47899747863137 -1.3720917200305 -1.04366409602775 -0.826700776678849 -0.688123064899901 -0.635148505248325 -0.44158800773858 -0.148934438130868 0.0263321760352057 0.164457361219541 0.229376406440614 0.306245436180223 0.377432823664299 0.370043022806253 0.385742914938016 0.351238554010331 0.322113077110705 0.304088081059659 0.2549676852087 0.247143434359148 0.175746163867378 0.0788737377270787 -0.00706304694333038 -0.148459765728143 -0.223031209007143 -0.414963358068971 -0.464162288308073 -0.6377474873546 -0.948958388196458
-9999 -9999 -9999 -9999 -9999 -9999 -9999 -9999 -9999 -2.02132260169964 -1.08636487383567 -2.43412892588698 -12.6723122830562 -12.7657942196682 -6.6564405653461 -3.23402001432216 -1.80824423505677 -1.81343308628077 -3.76601604568655 -2.410249861041 -1.47418737806071 -2.40875670715449 -2.98868415419321 -2.90899239494036 -2.25915694167445 -1.77905193230692 -1.73190184029428 -1.8391135172679 -1.7549764247022 -1.46455424505123 -1.21862449593856 -1.13169512125003 -1.08395247405682 -0.904836227803672 -0.598671631855595 -0.33833257269853 -0.140074367802108 0.023748717689772 0.186587808961769 0.322053828925815 0.420347048976901 0.474812274438991 0.506420222255838 0.506750382757448 0.476341816385881 0.440751997944314 0.384041690213416 0.256858623110966 0.0783129690773267 -0.128632263201107 -0.33909764475098 -0.464525673646059 -0.595944677362196 -0.827166897239297 -0.80181828360707 -0.934990349121481
-9999 -9999 -9999 -9999 -9999 -9999 -9999 -9999 -9999 -9999 -0.0769393233508699 -3.2554471968268 -14.0395752248869 -13.9069382686276 -7.5341002617919 -2.83980653687945 -1.98498883692385 -1.13573628256812 -3.22613592197445 -2.48279565685169 -1.84693243500515 -2.60669685944035 -3.14661889613961 -3.1649817924633 -2.49514236312576 -2.04221756143782 -2.01717578667913 -2.16535144120768 -2.10957426522107 -1.83254648085813 -1.6238382540236 -1.5604728195888 -1.5861557429887 -1.42877875964779 -1.10041131307642 -0.839544062154612 -0.594693758772839 -0.407036042761022 -0.153267592270697 0.11650213976696 0.304756584544904 0.434964810409933 0.51108007758978 0.564183976601873 0.596474647307936 0.573905093918669 0.498287140908008 0.308003830206352 0.0637700554849533 -0.1829192844751 -0.487875554159088 -0.679725257049898 -0.876006429898621 -0.995874808500289 -0.879409280337196 -0.850014698613689
-9999 -9999 -9999 -9999 -9999 -9999 -9999 -9999 -9999 -9999 -9999 -6.8012382191582 -11.5059506461437 -11.1926562600502 -7.13110816904796 -2.68467011325255 -0.568942484626876 -0.650259233237391 -1.96809918628994 -1.99181496274574 -2.1146519008002 -2.68475125904589 -3.05887771016356 -3.13470284766718 -2.71070167152657 -2.40412183796489 -2.35578715124255 -2.4086710656449 -2.37120132650735 -2.20434439525445 -2.09845130972945 -2.04639805621351 -2.0381119609306 -1.89214050316371 -1.62908674395658 -1.46126869249497 -1.14867698831678 -0.89807523059663 -0.588598693484054 -0.260456176414935 -0.0200442053897256 0.228676569403141 0.382574232414964 0.510144819720431 0.596059290622678 0.601555616721199 0.53419864590235 0.377217426107344 0.135299294094686 -0.164829369915318 -0.521004553778412 -0.738851494912555 -0.900859839474213 -0.990589544545835 -0.966810852658168 -0.870933196232764
