meets/meet006/_saidas_enm/CCSM_Maha_0k_T_subalaris2.asc
NCOLS 154 
NROWS 168 
XLLCORNER -112 
YLLCORNER -55.5 
CELLSIZE 0.5 
NODATA_value -9999 
[rows 100 to 124 of 168, columns 56 to 111 of 154]
-9999 -9999 -9999 -9999 -9999 -9999 -9999 -9999 -9999 -9999 -9999 -9999 -9999 -9999 -9999 -9999 -9999 -9999 -9999 -9999 -9999 -9999 -9999 -9999 -9999 -9999 -9999 -9999 -183.69579733245 -46.642392986635 -50.8899513138616 -116.996552048865 -165.982591861006 -176.391230033836 -137.87201211238 -108.976640585857 -94.7931893097964 -94.4840649038393 -67.0041291526843 -31.5202182781236 -11.3171341207559 -3.82701357076862 -1.52777102186136 -7.68856184061439 -9.49934558249535 -9.44381070641368 -10.2910872346441 -8.89275208890468 -7.43280224287522 -6.41061053933636 -4.48446968991802 -3.66310446818369 -2.80086989214032 -1.51190761105891 -0.672000035604808 -0.219033657407809
-9999 -9999 -9999 -9999 -9999 -9999 -9999 -9999 -9999 -9999 -9999 -9999 -9999 -9999 -9999 -9999 -9999 -9999 -9999 -9999 -9999 -9999 -9999 -9999 -9999 -9999 -9999 -9999 -198.450774695618 -47.1191342561893 -65.0100204874459 -124.898132987304 -160.294908720525 -165.195316954103 -127.38290224217 -106.714234091134 -93.243839205035 -95.3652172278999 -65.0753230408625 -31.8896887263335 -13.8099435744079 -5.02312962847655 -2.27831465785068 -7.1700918836038 -8.11773894561565 -7.67265069859268 -8.88386008060696 -9.85809082317796 -7.04595347259954 -5.67368437728021 -6.10662465311479 -4.98800716449711 -3.70046706139009 -2.31209548434216 -0.76409752080656 0.206262985889677
-9999 -9999 -9999 -9999 -9999 -9999 -9999 -9999 -9999 -9999 -9999 -9999 -9999 -9999 -9999 -9999 -9999 -9999 -9999 -9999 -9999 -9999 -9999 -9999 -9999 -9999 -9999 -292.701617930973 -204.31390790845 -49.5297442114099 -68.5173061717857 -126.759962171892 -153.138549768396 -152.57874293369 -117.992267097818 -100.579429809529 -90.3337078087665 -85.9546700324697 -58.2023501384275 -30.1788092364591 -14.4911598755914 -5.02576791862021 -3.89352170340459 -6.94740256884792 -7.62584792845227 -6.66094791486903 -6.65884617836182 -8.02164576948998 -8.11410624472235 -5.99796936008613 -4.72761912159912 -4.74443709440471 -4.92262301289588 -3.58536291964734 -1.47790789211245 0.0889154303348852
-9999 -9999 -9999 -9999 -9999 -9999 -9999 -9999 -9999 -9999 -9999 -9999 -9999 -9999 -9999 -9999 -9999 -9999 -9999 -9999 -9999 -9999 -9999 -9999 -9999 -9999 -9999 -291.173472435646 -197.168753503659 -50.95659621517 -80.5527713026679 -133.198785104426 -152.888665313523 -149.435055203135 -113.287376385047 -101.810571887181 -89.1580615051089 -79.0069027642175 -54.650406873356 -28.6163947631795 -12.6021880353902 -5.62559995769278 -6.30323401039301 -7.92451575603439 -7.8905007242181 -6.58851311411241 -5.52075883521908 -5.97054994477386 -6.13195943305565 -5.13212241805871 -4.86503079023213 -3.84128303960346 -3.54048786797317 -3.84262762810065 -2.11327439222165 -0.499667797458337
-9999 -9999 -9999 -9999 -9999 -9999 -9999 -9999 -9999 -9999 -9999 -9999 -9999 -9999 -9999 -9999 -9999 -9999 -9999 -9999 -9999 -9999 -9999 -9999 -9999 -9999 -9999 -277.440226758477 -170.571549488835 -54.7882832722699 -98.4150520914315 -149.858786731272 -163.85664895488 -154.917909179535 -117.066651174323 -105.328523687403 -94.0399191573606 -77.0320482410424 -52.9425804296185 -27.5455953103474 -10.9929861139701 -6.08441055286395 -8.21932088754238 -8.88440510444221 -8.66581803833269 -7.27275954122709 -5.30017273927257 -4.39602848744477 -4.09373669077556 -3.61877657045487 -2.75486805628667 -2.93864406888635 -2.79907587434981 -1.77823234157115 -1.04766451237707 -0.49804612051156
-9999 -9999 -9999 -9999 -9999 -9999 -9999 -9999 -9999 -9999 -9999 -9999 -9999 -9999 -9999 -9999 -9999 -9999 -9999 -9999 -9999 -9999 -9999 -9999 -9999 -9999 -9999 -240.602137812867 -144.383285220827 -65.073620276501 -125.252203510541 -177.665403131925 -182.615269828418 -169.685512565932 -126.745524537909 -118.268453144234 -106.016602260252 -84.1116661766809 -56.447625717151 -28.6622188787985 -10.6881370855385 -6.91878780338498 -9.59042797107123 -9.98924369682627 -9.51306169312006 -8.00914596896996 -5.72827204216216 -4.12311179285797 -2.9956553073707 -2.01290548424336 -1.50102266189069 -1.60587157489165 -1.42722718770753 -1.75259288766467 -0.459137276347035 0.28148276862134
-9999 -9999 -9999 -9999 -9999 -9999 -9999 -9999 -9999 -9999 -9999 -9999 -9999 -9999 -9999 -9999 -9999 -9999 -9999 -9999 -9999 -9999 -9999 -9999 -9999 -9999 -9999 -190.945341447965 -111.732286999927 -85.9126997876585 -158.670733855104 -209.025713217777 -213.570017491502 -188.47190377136 -140.725003854346 -139.024005687565 -126.343128336554 -97.8715496214678 -64.982761401635 -30.4834908496217 -12.110891763548 -8.23171490461097 -9.54285495150312 -11.0343587895383 -10.0944189803302 -8.43043765514169 -6.34724954986086 -4.43202391968082 -2.99058497608817 -1.67744900426795 -0.841108967254942 -0.44848456817458 -0.717403273346235 -0.208297129296413 -0.334617776499907 -0.0821624801329555
-9999 -9999 -9999 -9999 -9999 -9999 -9999 -9999 -9999 -9999 -9999 -9999 -9999 -9999 -9999 -9999 -9999 -9999 -9999 -9999 -9999 -9999 -9999 -9999 -9999 -9999 -9999 -142.218576626971 -88.6179384515516 -105.827047567675 -188.613975638809 -234.678926936842 -232.710320856811 -198.592005660899 -156.963674215632 -164.08060557556 -145.988300726346 -113.721248890358 -73.6898085442992 -32.1525902294972 -13.3995447017703 -9.76634724350787 -10.0513723913355 -11.4593322726421 -10.9977185589981 -9.1090959091456 -6.90002083129258 -5.05348685118365 -3.4263876169839 -2.11002419283898 -1.03832004972376 -0.0231909453587857 0.448492994668088 0.181063677276579 0.552921458819772 0.428499603451417
-9999 -9999 -9999 -9999 -9999 -9999 -9999 -9999 -9999 -9999 -9999 -9999 -9999 -9999 -9999 -9999 -9999 -9999 -9999 -9999 -9999 -9999 -9999 -9999 -9999 -9999 -9999 -105.73919620506 -76.115039918899 -122.37717939056 -215.567906825243 -244.722345403914 -238.374822721805 -196.910410046706 -164.625538583955 -198.015319010463 -160.437413817401 -127.16002156696 -77.660820937481 -33.5617750621861 -14.4244090066206 -11.7281335149793 -11.2432810931398 -11.6032808875401 -11.0661354721161 -10.2306123758191 -8.55068770130386 -6.19478828692125 -4.56812583011693 -3.59832966098459 -2.46851852082635 -0.918957784913207 0.352285358320106 0.89484116536565 0.624587834840593 0.90408569153242
-9999 -9999 -9999 -9999 -9999 -9999 -9999 -9999 -9999 -9999 -9999 -9999 -9999 -9999 -9999 -9999 -9999 -9999 -9999 -9999 -9999 -9999 -9999 -9999 -9999 -9999 -9999 -83.418009371594 -78.3488531423672 -130.043451178848 -204.428145552329 -224.935841737425 -206.773562710898 -164.503572670366 -152.215224666949 -186.086597957679 -159.750980443244 -124.057654548848 -70.1485619414727 -32.4685410823618 -15.6685755147287 -13.9049948304251 -12.8846467972074 -12.4267671965798 -11.3881815295481 -10.0521411793485 -8.7670287753537 -7.53733847265041 -6.5358559450531 -5.74411034683044 -4.38609392893129 -2.35315045282913 -0.672315071259558 0.536566485142743 1 0.763098161798276
-9999 -9999 -9999 -9999 -9999 -9999 -9999 -9999 -9999 -9999 -9999 -9999 -9999 -9999 -9999 -9999 -9999 -9999 -9999 -9999 -9999 -9999 -9999 -9999 -9999 -9999 -78.5231993719774 -74.0401546055607 -87.2827858537055 -134.436475574778 -189.995344675557 -189.287489919458 -163.529983795287 -122.363527435953 -125.910345127826 -174.334883504806 -146.683892299208 -103.753224540198 -60.9445452005773 -29.928615159861 -18.2414517264131 -17.5766257958213 -15.4718059430397 -14.0414845948743 -12.8536536723104 -11.1646757222058 -9.70697292152776 -8.14305945190391 -6.73405314797659 -5.36393452968104 -4.33029437949031 -3.76569206214725 -2.03313616099644 -0.34040919373609 0.668039303452932 0.905396626507316
-9999 -9999 -9999 -9999 -9999 -9999 -9999 -9999 -9999 -9999 -9999 -9999 -9999 -9999 -9999 -9999 -9999 -9999 -9999 -9999 -9999 -9999 -9999 -9999 -9999 -9999 -72.2022124557086 -76.9501067147366 -106.442097009526 -139.850909182937 -161.252453889848 -152.66100024468 -117.955218805456 -87.37771212728 -93.8996771924855 -123.295014387645 -117.053122162175 -82.0108139383198 -51.7912674309734 -30.6820490081722 -24.4935963811402 -23.3295812765897 -20.7812367481573 -18.5087453440726 -16.7128112566917 -14.590855075578 -11.9256991932819 -9.41506618460189 -7.27764327764359 -5.45578053956027 -4.04085336207668 -3.09647785903402 -2.84310016688584 -0.933004261290199 0.266865020718845 0.740075408399559
-9999 -9999 -9999 -9999 -9999 -9999 -9999 -9999 -9999 -9999 -9999 -9999 -9999 -9999 -9999 -9999 -9999 -9999 -9999 -9999 -9999 -9999 -9999 -9999 -9999 -9999 -70.7782760525233 -104.763575410383 -131.549095335568 -149.752969326 -149.394291906226 -120.79655153485 -83.7047086247859 -64.66751387855 -67.3200244849185 -98.2166549951496 -87.1411598166721 -62.7294533441418 -43.2607223492024 -35.8289316506097 -34.1664011034578 -31.4062334943355 -28.3073180348616 -25.340942953491 -22.5095686900081 -20.4941872490018 -15.3556267670134 -10.8980928901138 -7.97579374694712 -5.9228888094085 -4.19829864059597 -2.77000033666357 -2.07242936464748 -1.66627975466168 -0.511445701048256 0.25745289713152
-9999 -9999 -9999 -9999 -9999 -9999 -9999 -9999 -9999 -9999 -9999 -9999 -9999 -9999 -9999 -9999 -9999 -9999 -9999 -9999 -9999 -9999 -9999 -9999 -9999 -9999 -84.4678261435388 -137.24772780943 -172.756186635022 -154.705166487484 -118.79350267521 -87.422280392138 -58.2525543857049 -45.8221121220574 -49.9901583944028 -77.457425873165 -69.7486055819268 -48.9529608007197 -43.0533703834386 -42.3936861984569 -42.0303809935913 -39.1938997142544 -35.2455468129427 -31.3190217623553 -27.5797158983131 -23.6110787783205 -17.9181115197582 -12.7713741110706 -9.19185183626535 -6.6767308962614 -4.60902191164607 -2.7723770731677 -1.65042679205861 -1.3217503521344 -1.5968817442999 -0.552464276550642
-9999 -9999 -9999 -9999 -9999 -9999 -9999 -9999 -9999 -9999 -9999 -9999 -9999 -9999 -9999 -9999 -9999 -9999 -9999 -9999 -9999 -9999 -9999 -9999 -9999 -56.7917228079922 -101.602627472275 -189.563678876486 -219.582772674145 -149.468416747358 -101.242816328596 -67.0143178809046 -42.3478016879848 -36.342265021574 -56.2189224000382 -78.0202100120721 -62.0888557739891 -48.028464412584 -48.0349258844025 -49.7984540325856 -50.8675526727063 -46.1123353815846 -41.3837314223553 -36.7122681519389 -31.886964091247 -27.6750068365013 -21.1740996554917 -14.909359027545 -10.8101874872372 -7.87520692462593 -5.55832808073974 -3.29832448007465 -1.69006490137149 -0.854087481474768 -0.651358269495025 -0.977319278421966
-9999 -9999 -9999 -9999 -9999 -9999 -9999 -9999 -9999 -9999 -9999 -9999 -9999 -9999 -9999 -9999 -9999 -9999 -9999 -9999 -9999 -9999 -9999 -9999 -9999 -68.0091508099288 -112.658326880263 -185.218979190109 -200.432746855874 -137.605271429283 -86.2892643284579 -57.9139474493224 -42.1650812800985 -37.8046831959961 -57.126927453639 -72.1748772395441 -67.3622120800926 -57.5388032228806 -56.7472820775919 -56.3199531125784 -55.3044026818662 -51.4520257145204 -46.4238143843975 -41.5164581761518 -36.5052767031697 -31.2749477198234 -24.4166224673347 -18.3197189045057 -13.6945599216669 -9.85476952897187 -6.70116821779826 -3.99287733496777 -2.06774951750319 -0.793826600396105 -0.101453613194567 0.0583281560847244
-9999 -9999 -9999 -9999 -9999 -9999 -9999 -9999 -9999 -9999 -9999 -9999 -9999 -9999 -9999 -9999 -9999 -9999 -9999 -9999 -9999 -9999 -9999 -9999 -9999 -78.6791057371602 -120.633534391264 -183.937577070019 -188.3151727202 -122.182933465524 -76.6896404314027 -55.149294494646 -42.47129663455 -46.6402784283028 -66.0506870979167 -84.1930662193853 -77.5488160240929 -67.8635818926643 -65.0410540699487 -63.4837202896038 -60.4344432348429 -55.8986912658431 -50.8725600486228 -45.9273469148358 -40.7424927830826 -35.6899889928132 -28.4927404365263 -22.0614667129733 -16.7271329889253 -11.8987787612191 -8.31286564876444 -5.10092608027479 -2.7548428162458 -1.06896480943174 0.0202936107476116 0.520273192562717
-9999 -9999 -9999 -9999 -9999 -9999 -9999 -9999 -9999 -9999 -9999 -9999 -9999 -9999 -9999 -9999 -9999 -9999 -9999 -9999 -9999 -9999 -9999 -9999 -9999 -83.8288797125511 -127.271141037565 -182.941588638314 -181.871264115784 -123.778959213927 -81.9093046223326 -59.7245003277279 -51.4313323954738 -57.1243049270935 -75.325514048393 -89.591594015465 -88.1507944057546 -80.4746940883389 -76.106027455989 -72.1413353915496 -67.8261770273522 -61.4120688302043 -55.2105479428724 -50.1443555357259 -45.8783026828533 -40.6485312287825 -32.7835756212986 -24.9188197615073 -19.0747892394163 -14.3013756242807 -10.3162837926853 -6.59268042113982 -3.72170135453411 -1.71270155642288 -0.295718418380927 0.508710937326718
-9999 -9999 -9999 -9999 -9999 -9999 -9999 -9999 -9999 -9999 -9999 -9999 -9999 -9999 -9999 -9999 -9999 -9999 -9999 -9999 -9999 -9999 -9999 -9999 -9999 -86.6929368230546 -132.665242739499 -191.258547339996 -187.49229058704 -125.132540578884 -87.9174240337272 -65.2374755748855 -61.4962812280747 -68.0174531603473 -84.0268881906972 -98.3466534214413 -97.9081128338772 -93.2801639778079 -88.4185329559396 -81.8550060837251 -76.6191029897451 -68.2486476579725 -61.1234351103381 -55.7835950039707 -51.3198393101035 -47.1674461197532 -37.245802276563 -28.1520156057001 -21.7242648263308 -16.5650617190691 -12.7777641248406 -8.44788744794192 -5.0956122477106 -2.66094487390075 -0.842241661691956 0.144075389076364
-9999 -9999 -9999 -9999 -9999 -9999 -9999 -9999 -9999 -9999 -9999 -9999 -9999 -9999 -9999 -9999 -9999 -9999 -9999 -9999 -9999 -9999 -9999 -9999 -9999 -90.7149111880948 -139.177035419297 -196.591553819013 -192.058880041162 -129.713191262334 -87.7623663212102 -72.1331184917359 -72.8797082501555 -78.6209205828523 -91.4791388302717 -103.195060331049 -104.004114715489 -100.359098625367 -96.2122921477169 -90.172293492109 -83.7079356440447 -75.6498106736447 -69.9395062998222 -64.0519221252594 -57.1558271777324 -49.8026081462793 -40.9733451214496 -32.6017401373715 -25.8859166028137 -20.0194561663785 -15.1683606074933 -10.6297248591736 -6.94423534485179 -4.14549022878672 -1.89239781177157 -0.418609103902033
-9999 -9999 -9999 -9999 -9999 -9999 -9999 -9999 -9999 -9999 -9999 -9999 -9999 -9999 -9999 -9999 -9999 -9999 -9999 -9999 -9999 -9999 -9999 -9999 -9999 -90.5804904818731 -140.483077243672 -204.426624230099 -199.809407962758 -131.318843863623 -90.6638901663733 -78.5139502532199 -81.6038008856926 -86.5748432752066 -96.7612096316949 -106.062560818597 -106.525680222351 -104.5280825054 -101.062385991475 -94.8549636346168 -89.5089973830356 -81.8873028079952 -77.1270019956281 -70.6510674219833 -61.4578911675954 -53.3040331844856 -44.7079751531006 -36.7037965297491 -30.0566344233173 -23.4727889347015 -18.3269559156285 -13.3044017075386 -9.08605747213234 -5.78132673518102 -3.03501441127078 -1.37483632163195
-9999 -9999 -9999 -9999 -9999 -9999 -9999 -9999 -9999 -9999 -9999 -9999 -9999 -9999 -9999 -9999 -9999 -9999 -9999 -9999 -9999 -9999 -9999 -9999 -9999 -91.1560295268541 -141.598434666102 -208.914217325384 -206.687594202503 -142.792472904638 -101.011640414036 -88.7592763634513 -89.2851092003734 -91.7044015570357 -100.080313655331 -107.257196724038 -108.494845179561 -106.300933984986 -103.37867184019 -98.9255249661827 -93.2767028045508 -86.7528808874168 -81.4834496098414 -74.8458329461498 -66.1808488663838 -57.0513406405268 -48.4104156000432 -40.6563803088396 -33.5469986871475 -27.4740217253086 -21.9196080461317 -15.9328566175714 -11.0714785517727 -7.44876726415582 -4.71157491249746 -2.69217308023486
-9999 -9999 -9999 -9999 -9999 -9999 -9999 -9999 -9999 -9999 -9999 -9999 -9999 -9999 -9999 -9999 -9999 -9999 -9999 -9999 -9999 -9999 -9999 -9999 -9999 -89.7894084217614 -139.453508846803 -212.824369994816 -219.731358011117 -154.360003539762 -110.116647359943 -96.597823778804 -96.5370921647511 -97.5932781382015 -103.815712969568 -110.011503167962 -110.905865717756 -109.066642923737 -106.238564207924 -101.516320283428 -95.8270174350329 -89.5259278825949 -85.1093435190001 -79.1646636364966 -70.9134570494883 -62.2974841837464 -53.6032046365825 -44.9271411979851 -37.2632890387561 -30.1284246922472 -24.50077537368 -18.6052059986844 -13.4761418025281 -9.83195484247018 -6.63722348570454 -4.40834316435065
-9999 -9999 -9999 -9999 -9999 -9999 -9999 -9999 -9999 -9999 -9999 -9999 -9999 -9999 -9999 -9999 -9999 -9999 -9999 -9999 -9999 -9999 -9999 -9999 -9999 -89.6738439053087 -143.357596150927 -220.642000464973 -235.299971628947 -172.262932176188 -122.338660343832 -106.083894792026 -104.344682687521 -102.130196008215 -107.632138681236 -112.484628252746 -113.235283089963 -111.647069737832 -108.232477743301 -102.607972613234 -96.9705068510228 -91.4430313600688 -87.7724683837141 -83.040569948239 -76.9713153298144 -70.3394782024114 -60.329738394202 -49.8264931655192 -40.9403352335287 -32.7451015919217 -25.7882723784484 -20.8953110745947 -16.7861688709562 -12.6452476556332 -8.97236699462825 -6.32985557671435
-9999 -9999 -9999 -9999 -9999 -9999 -9999 -9999 -9999 -9999 -9999 -9999 -9999 -9999 -9999 -9999 -9999 -9999 -9999 -9999 -9999 -9999 -9999 -9999 -89.7857294935259 -95.5998780706644 -147.876051937756 -229.122497207745 -253.922045041778 -194.971784824679 -137.847935302325 -117.799266429895 -110.10477399227 -104.869902917884 -108.18458603586 -113.579387039828 -113.08524771531 -110.960943722561 -107.345027656611 -101.759149083328 -96.9999754361032 -92.4584099911135 -90.1875346573477 -86.5614517424358 -81.770669610734 -75.6137310100072 -66.1525398572847 -55.941245783889 -46.693165664962 -37.4720775343695 -29.5830229960591 -24.4387156320499 -20.3004638477122 -15.7679365566864 -11.3952657901233 -8.06656276564357
