meets/meet006/_saidas_enm/CCSM_Maha_0k_T_nigriceps1.asc
NCOLS 154 
NROWS 168 
XLLCORNER -112 
YLLCORNER -55.5 
CELLSIZE 0.5 
NODATA_value -9999 
[rows 75 to 99 of 168, columns 56 to 111 of 154]
-9999 -9999 -9999 -9999 -9999 -9999 -9999 -9999 -9999 -9999 -9999 -8.55336030219514 -1.68201336960257 -0.554149422775915 -1.08465138242713 -0.2637000577669 0.00552957311187829 0.288158126674895 0.282899688786935 0.0271147329008662 -0.0152100308908663 -0.0402196452014112 -0.0491808953979431 -0.0662059669058048 0.106268063915811 0.186217156328599 0.165945060904703 0.11508786834867 0.0397881174843491 -0.0488414453740982 -0.16497686466717 -0.220020875216175 -0.363992256338925 -0.47845000628742 -0.518655983032832 -0.615432455385956 -0.491034220951034 -0.311667212986095 -0.150715511902422 -0.0014658129028684 0.0991970238456524 0.219775128817813 0.304555514307306 0.374886408950359 0.440990326124332 0.490540344466944 0.540133744197795 0.531927980704211 0.455280773548967 0.331458823791219 0.128042017720312 0.0137928391290817 -0.0947252480127678 -0.126810346310912 -0.0482349796327897 -0.0131662619668016
-9999 -9999 -9999 -9999 -9999 -9999 -9999 -9999 -9999 -9999 -9999 -9.78086790244624 -2.26432970910749 -0.522181747453347 -0.460775729204632 -0.717271958640182 0.0177758223274186 0.654641438075465 0.792956416343872 0.488858321028264 -0.0882100441703224 0.0922045715139156 0.19040033221704 0.0733789731018527 0.203308314687351 0.164306878082375 0.183271599792235 0.140142944112668 0.0527089124321163 -0.0244160620552201 -0.135946065377233 -0.258605222538047 -0.333978827352696 -0.426440939573542 -0.429492288949109 -0.443965580980697 -0.563807399801311 -0.554049346313443 -0.40228631247098 -0.276114350560515 -0.204232505532889 0.0200493656366786 0.141660159928481 0.224739312893928 0.282380763606689 0.275304928050326 0.381751721182987 0.450585122818983 0.437201237913466 0.38295595205894 0.268973958175823 0.170783800731477 0.102829868353219 0.0769968649745586 0.104070322064767 0.0253033431594306
-9999 -9999 -9999 -9999 -9999 -9999 -9999 -9999 -9999 -9999 -9999 -9999 -5.73309902494564 -0.797951910943647 0.0455671907908096 -0.237342101183819 0.517616685256875 0.354134880997819 0.253506588866189 0.667651354277806 0.58411717962778 0.340295303551319 0.212660185846 0.00644579907345577 0.211640793176483 0.321997266192415 0.289066025172519 0.159901929507414 0.0364342931317984 -0.0593375202972983 -0.167054191970414 -0.232227118851474 -0.287437735840659 -0.350824511477948 -0.341137939114553 -0.366105941496883 -0.465297230343079 -0.572557700155836 -0.576137810539524 -0.417650458761393 -0.26838126534514 0.00414533778078685 0.2315891221741 0.335476757764359 0.347241338545652 0.272622955934141 0.270665973794378 0.327295844242019 0.349968708837362 0.370572466015995 0.337356836958717 0.29106414670648 0.254325606617946 0.211219306183128 0.178338052282136 0.064013672474412
-9999 -9999 -9999 -9999 -9999 -9999 -9999 -9999 -9999 -9999 -9999 -9999 -11.9921361893596 -4.86838842049647 -0.589158760140013 -0.318551572437489 0.278206691587623 1 0.553004049939674 0.127545326963709 0.551424767503287 0.650268960980568 0.198913984155195 -0.264565674401377 0.371271146841589 0.529046595566452 0.357155825707699 0.142462160969594 -0.0549880948466885 -0.147721214579632 -0.211041071122166 -0.256849093274583 -0.284328434761534 -0.333313082549055 -0.311887644213679 -0.350159712913342 -0.478347746429493 -0.623494896540562 -0.708385556077896 -0.52297289950165 -0.264014908690796 0.0440021433701947 0.303934021810182 0.400217142289999 0.3638792264626 0.243248264291976 0.171770332175819 0.12220058059897 0.126045917784523 0.193713748141449 0.247457263532821 0.23018808821454 0.198979050131314 0.20063368518671 0.100354360603843 -0.100975046964309
-9999 -9999 -9999 -9999 -9999 -9999 -9999 -9999 -9999 -9999 -9999 -9999 -9999 -10.484507588667 -2.08482417955328 -0.0739631247256274 0.496892252135184 1 0.744143575664999 -0.246312428916928 -0.536684440437213 0.191560377028113 0.490615635017513 -0.267903790451981 -0.189121477413593 0.223539470066987 0.162087870053109 -0.13032516729012 -0.203200018022678 -0.106361498933971 -0.163564094246795 -0.190556767964678 -0.247342101618481 -0.310339782416968 -0.316643064406466 -0.382916091873167 -0.484169425850935 -0.635289509551403 -0.745917664108108 -0.6481785931349 -0.375584585063809 0.0450293167416622 0.34646461149048 0.398767090198704 0.402079570705356 0.307474866985809 0.150879486160038 -0.048767713992093 -0.130971017754623 -0.0220377534591241 0.0637404570600788 0.085212208207172 0.0201564964178744 -0.0378998432359197 -0.110326421369818 -0.223744287066006
-9999 -9999 -9999 -9999 -9999 -9999 -9999 -9999 -9999 -9999 -9999 -9999 -9999 -17.076662874348 -3.49107256898129 -0.343693718572756 0.527591061504671 -1.49871323276529 -1.3831145024637 0.362195227782881 0.0655200836285246 0.0978309399802488 0.27900188068434 -0.14056905659413 0.0525322841067573 -0.722651024837979 -0.623804289679875 -0.748691136520742 -1.04371655701051 -0.359538926711064 -0.269222698733427 -0.465941611730549 -0.231661533161972 -0.294662637225537 -0.318115288161161 -0.419169415128578 -0.472036547335096 -0.596662060110194 -0.729836394417436 -0.701867847466976 -0.599392193195574 -0.123101214869255 0.312023074191616 0.385899534169637 0.352340017709899 0.361743720375733 0.0591412837878098 -0.323104184836611 -0.487994439705426 -0.365154571856245 -0.260100484404514 -0.243826101192913 -0.277258526602744 -0.302041811927912 -0.276037416645974 -0.373180865981865
-9999 -9999 -9999 -9999 -9999 -9999 -9999 -9999 -9999 -9999 -9999 -9999 -9999 -9999 -6.37490426061435 -2.38922031924238 0.656701874775154 -1.80121047173823 -2.07355059039629 0.117109377019756 0.563913530899822 0.615886557095046 -0.0616501469053812 0.0404736553186683 0.128389171922175 0.766430561952397 0.717288541052281 -0.0779731016157126 -1.11434084014184 -2.22356733319671 -1.61312580563011 -0.669019617069708 -0.573175786840213 -0.471925983177144 -0.312940318871498 -0.361937593905895 -0.440324213117372 -0.537462961788257 -0.40400909476434 -0.399146734781738 -0.445404667142726 -0.187606007250849 0.0659807346147802 0.147180718438346 0.198026599680391 0.178205898118075 -0.0510564845132417 -0.463004190917425 -0.687977753313595 -0.642637976687251 -0.609678437040138 -0.528523579426152 -0.520459094357345 -0.456436536343204 -0.280959834227421 -0.19972376934696
-9999 -9999 -9999 -9999 -9999 -9999 -9999 -9999 -9999 -9999 -9999 -9999 -9999 -9999 -13.579562664807 -3.96618044212948 -0.865279923761273 -1.12478618811127 -2.2032946576208 -0.386911493970973 1 -0.141338057313103 0.122046336894331 -0.710038698750826 -1.33397370078699 1 0.34076676024965 1 0.653969472403453 -0.327797071320785 -2.34890684253846 -1.74616552480397 -0.948857630473906 -0.730556676649843 -0.408894000349575 -0.462936981550169 -0.44835266568326 -0.169893589567541 -0.00655598145673131 0.0263854499366257 -0.220443768203897 -0.0620708654578614 -0.105105111980215 -0.131975435948319 -0.0431219194986403 -0.0185261585808711 -0.204500092100742 -0.563204035569337 -0.750492257495123 -0.689620030954731 -0.83518483494309 -0.633556614496168 -0.62450319273091 -0.521876792340298 -0.18059222880413 0.0520457374613011
-9999 -9999 -9999 -9999 -9999 -9999 -9999 -9999 -9999 -9999 -9999 -9999 -9999 -9999 -9999 -13.0530703766438 -3.69536909114188 0.189336722664168 -1.40390973014083 -1.20357076251605 -0.679536942446278 0.635237541647313 -0.53642013328725 1 1 1 -0.237521748681187 -1.21949807464113 -0.437924978176701 0.103730087186859 -0.630448191450657 -1.16461020733291 -0.907070459740174 -1.24122836027245 -0.832501535806303 -0.524974470106465 -0.303237865305443 -0.141266563570721 0.0921231594821281 0.308922100636983 0.445294744844866 0.37094363579087 -0.0178575183395246 -0.343251283924564 -0.305330813939049 -0.223802386125981 -0.289603273389433 -0.445714738348165 -0.492081610519427 -0.3768445205834 -0.320698416392992 -0.289301406819044 -0.360218280571031 -0.291010139240225 -0.0972887975360117 -0.0510867217048288
-9999 -9999 -9999 -9999 -9999 -9999 -9999 -9999 -9999 -9999 -9999 -9999 -9999 -9999 -9999 -22.0816552980441 -7.72985210715237 0.0177285671591101 -0.821836339847739 -2.18794857442885 -5.02494283163359 -2.45592442154065 -3.6155966829458 -2.62885492610968 -2.72920675947749 -1.01942605632724 0.447751356965403 0.626867689432524 0.0813718587545224 0.465644293927396 0.790793117903733 -0.218525374242623 -1.20017239592198 -1.48180878148186 -0.968015236507341 -0.456730663429762 -0.311878140699663 -0.19887077808561 0.00899863267141343 0.0663645138159521 0.116548318450837 0.619563588197685 0.131023130764206 -0.570839264100108 -0.561903850364906 -0.390786921717779 -0.366235610321009 -0.315030390593889 -0.25010709120533 -0.0785284148902947 0.111774029208338 0.136317275534615 0.0700089673850693 0.13802159946592 0.232650962689657 0.132038114605908
-9999 -9999 -9999 -9999 -9999 -9999 -9999 -9999 -9999 -9999 -9999 -9999 -9999 -9999 -9999 -20.8682590744787 -13.5563901515286 -1.99711731502789 -1.57076202282622 -2.07587946946998 -3.95869543387094 -6.66006802635747 -9.06297334704454 -9.02296779894734 -7.59041022337865 -6.22622032086057 -4.26244658032216 -2.65711274370192 -1.10584030117282 -0.759994238326047 -0.476685609452494 -0.228332211815624 -0.318316317968264 -1.07637448229383 -0.936722861580618 -0.713037787892175 -0.631331638058988 -0.174864768491192 0.0731030492856712 -0.107729002919608 -0.170393595393256 0.663686216201007 0.15350757063502 -0.7173162145143 -0.918630831482488 -0.700266020029862 -0.388565927223821 -0.188583013500517 -0.0188910194636858 0.163581431241913 0.254307777098892 0.477642612928781 0.611995235523691 0.704952730536678 0.760570226663422 0.822682625890192
-9999 -9999 -9999 -9999 -9999 -9999 -9999 -9999 -9999 -9999 -9999 -9999 -9999 -9999 -9999 -9999 -21.2903709848944 -6.87305387433885 -0.855809762240739 -2.9944641301864 -4.20527769351031 -6.20024770224313 -6.68145329672715 -7.3343174674266 -8.1562690565938 -9.05702661439923 -10.94740944283 -8.70011158751413 -4.79597536675449 -2.84709568754119 -1.15185700145184 -0.628645111567905 -0.107572071234296 -0.847181277954332 -0.629194228676594 -0.633845097141588 -0.786859201961109 -0.189592569741355 0.230240279220932 0.267642220626271 0.0507959910594498 0.661334783539422 -0.221557503942165 -0.810820398361035 -0.748816223179336 -0.765201666176423 -0.188594449682974 0.133047870225731 0.356542605864281 0.53861945023026 0.578357985824684 0.793581944247445 0.901711797178193 0.939641882488379 0.939179177679068 0.971167945801263
-9999 -9999 -9999 -9999 -9999 -9999 -9999 -9999 -9999 -9999 -9999 -9999 -9999 -9999 -9999 -9999 -9999 -19.3577829243666 -10.2954889384906 -1.05828438448898 -2.13038952242179 -4.94567863973704 -5.61587906326754 -8.0972677337679 -8.58748610992768 -10.9819838240781 -13.5752453411254 -15.0954122309571 -9.21088010484073 -2.79526084988838 -2.43741980896953 -1.01712251752502 0.544617385257214 0.646249793213794 -0.141576368188062 -0.19151329609168 -0.608083810569368 -0.525536518657727 -0.421118197822353 0.0150469393007528 -0.00372140587981051 -0.141650146308153 -0.587052410698643 -0.634111575673974 -0.638064632649257 -0.265093406832918 0.168211271108441 0.520744486416997 0.71726315926002 0.816811447011623 0.86211709548628 0.894416958010031 0.882235257450579 0.886959483339352 0.932712463271981 0.968920723833676
-9999 -9999 -9999 -9999 -9999 -9999 -9999 -9999 -9999 -9999 -9999 -9999 -9999 -9999 -9999 -9999 -9999 -9999 -9999 -12.5027613933356 -3.06610492052527 -1.94449413026072 -2.75715715712207 -4.51279785148765 -6.79699253884529 -10.9195842631897 -14.4812223272114 -16.9565771924019 -14.1459850548589 -6.02066099475521 -2.5426367511997 -1.71279788972738 -0.514310188953656 1 0.805126753413353 -0.0582988647015117 -0.606959166021983 -0.632212620903619 -0.740732090264666 -0.340008748140547 -0.104007841070867 -0.141440166896754 -0.224169949325347 -0.299563330554488 -0.334563294073881 0.00217848141251176 0.30304691490446 0.584382950657608 0.733626252597629 0.823056288153389 0.847768288619294 0.8199130937525 0.871781441126145 0.867030027774824 0.828784504880309 0.866806403754149
-9999 -9999 -9999 -9999 -9999 -9999 -9999 -9999 -9999 -9999 -9999 -9999 -9999 -9999 -9999 -9999 -9999 -9999 -9999 -9999 -9999 -15.7631341239052 -9.19499842333671 -5.30539084637747 -4.1908428612934 -5.85114413975723 -10.4477322438159 -14.6628263415237 -14.0027831050353 -12.051029470129 -7.1470323500893 -2.98109193367927 -1.09147457410154 -0.333138004355442 0.73861695626758 1 0.482519284534428 -0.182433904126178 -0.530608666505082 -0.0936570913431938 0.156711757070082 0.131480411893755 0.0952071461946552 -0.187628189126495 -0.127645132511668 0.129547383695528 0.352603555180875 0.500225919074587 0.655580295895161 0.786781659309232 0.808259151549258 0.850740108739826 0.879141639483047 0.873373697869809 0.859489616837665 0.878434700085058
-9999 -9999 -9999 -9999 -9999 -9999 -9999 -9999 -9999 -9999 -9999 -9999 -9999 -9999 -9999 -9999 -9999 -9999 -9999 -9999 -9999 -9999 -9999 -15.6763392071747 -7.03339463606332 -3.48365188605557 -6.13593114102119 -11.4442579169092 -12.5183604217423 -12.3162120578454 -12.0212142188184 -4.82852676607572 -1.56300989960357 -0.0896807858947655 0.593537075516956 0.395862998932727 0.450972991157383 0.39176732397237 0.284573986946668 0.337454189495961 0.652828337568211 0.467225518169357 0.176383633123033 -0.176855569793882 0.0455832010885311 0.260797848962013 0.422279306388963 0.541490328357432 0.667324386386406 0.805361349213942 0.855660364513428 0.896843310106234 0.901403659595697 0.873439971120555 0.858790054789861 0.856557846172035
-9999 -9999 -9999 -9999 -9999 -9999 -9999 -9999 -9999 -9999 -9999 -9999 -9999 -9999 -9999 -9999 -9999 -9999 -9999 -9999 -9999 -9999 -9999 -9999 -9999 -7.87670300144253 -2.7016778214463 -6.09179581784056 -10.9360921973794 -11.240843640162 -10.8685750441989 -9.64851145822335 -6.26816632797101 -1.26532961875957 -0.622908283733533 1 1 1 1 1 0.966637180124595 0.812210461389859 0.236554715162045 -0.254029295636222 0.0975355857139227 0.350058114829794 0.479808612937958 0.613474957874734 0.694628478945103 0.79309121602174 0.855219589344564 0.920516024627173 0.903659128632229 0.85959829856764 0.813213563899416 0.725431388684207
-9999 -9999 -9999 -9999 -9999 -9999 -9999 -9999 -9999 -9999 -9999 -9999 -9999 -9999 -9999 -9999 -9999 -9999 -9999 -9999 -9999 -9999 -9999 -9999 -9999 -21.7771167473984 -7.10745205372861 -2.60696973497478 -7.44490578725941 -11.5834180295693 -9.88937462552621 -9.50254418299989 -9.94730879316549 -8.7621239107346 -1.84382337869871 0.195522368763432 -0.187648377336682 1 1 0.664990658656691 1 1 0.340858179606162 -0.204883239569211 0.0317620300991412 0.250956546319683 0.375105251405757 0.505782635983159 0.619851137748504 0.80281191783773 0.910883540179021 0.935196500330395 0.886314093162194 0.845812753390061 0.805328291592768 0.676545299200672
-9999 -9999 -9999 -9999 -9999 -9999 -9999 -9999 -9999 -9999 -9999 -9999 -9999 -9999 -9999 -9999 -9999 -9999 -9999 -9999 -9999 -9999 -9999 -9999 -9999 -9999 -9999 -6.06501205639532 -2.99128991687489 -10.2489505446172 -9.24721859609185 -8.80812663287573 -9.18976307543966 -8.53107633995013 -7.56674345490216 -4.80238580961943 -0.547941084679419 -0.663022759736366 0.40537401996462 0.702032796024987 1 0.836006673268057 0.334150416986563 0.121917612416211 0.0584711103255572 0.0755747803269644 0.237866022588179 0.282278849399765 0.422822979438308 0.797622974018938 0.933087461568481 0.920293955634543 0.865670254597022 0.847256033968079 0.808633589703518 0.686858112250567
-9999 -9999 -9999 -9999 -9999 -9999 -9999 -9999 -9999 -9999 -9999 -9999 -9999 -9999 -9999 -9999 -9999 -9999 -9999 -9999 -9999 -9999 -9999 -9999 -9999 -9999 -9999 -9.86831558779042 -2.8496642230127 -6.75091836137543 -8.46625492813291 -7.65247809917197 -9.16076182419147 -9.37965399705099 -8.02579478074911 -6.59714468706255 -2.697882750246 -0.86116714128211 0.470291242836934 0.76196509525566 1 0.91709301742508 0.888283692641016 -0.243376402819781 -0.0143172033937802 0.174901809843057 0.264256495000058 0.266567743917634 0.461229343626787 0.745625765888488 0.868945754050871 0.887824967286123 0.873007045202451 0.861310974446904 0.838415894697103 0.81082286626777
-9999 -9999 -9999 -9999 -9999 -9999 -9999 -9999 -9999 -9999 -9999 -9999 -9999 -9999 -9999 -9999 -9999 -9999 -9999 -9999 -9999 -9999 -9999 -9999 -9999 -9999 -9999 -9999 -3.13643865214368 -4.1027237775714 -7.83965267340947 -6.6009258568848 -9.99085362909826 -11.3663071774351 -8.79544475129142 -6.19178009206541 -3.22951407448933 -1.44196281349378 -0.231429978382654 1 1 0.898688464673876 0.784571225757332 0.348924271032233 -0.314718057438294 0.297375368620063 0.374616844385907 0.551607254216231 0.686387647716027 0.698274890459788 0.705471681376792 0.837662846898625 0.814810286520413 0.797671187197276 0.873134731739926 0.928890649123637
-9999 -9999 -9999 -9999 -9999 -9999 -9999 -9999 -9999 -9999 -9999 -9999 -9999 -9999 -9999 -9999 -9999 -9999 -9999 -9999 -9999 -9999 -9999 -9999 -9999 -9999 -9999 -9999 -3.84029972556519 -3.39776895740622 -7.26808653270618 -6.97546322896474 -11.3137235091938 -13.7117658051352 -10.614351971634 -6.68215402706796 -2.78028158376414 -1.05031041491668 -0.372094135015664 0.964721492868977 1 1 0.70084661684519 0.361408598925118 -0.0236086833283875 -0.149088861693379 0.485274760032997 0.703776036855527 0.789286349408289 0.724415313636827 0.661692935334915 0.799130322244314 0.816770220019568 0.829576308540995 0.935816581119831 1
-9999 -9999 -9999 -9999 -9999 -9999 -9999 -9999 -9999 -9999 -9999 -9999 -9999 -9999 -9999 -9999 -9999 -9999 -9999 -9999 -9999 -9999 -9999 -9999 -9999 -9999 -9999 -9999 -4.5649875737395 -2.69584396371944 -6.82655643520483 -7.16567956858288 -13.6521456678958 -16.4140873638912 -11.2266470632677 -6.52210904162324 -2.11066566685841 -0.752207168624075 -0.186091636941253 0.865596776468066 1 1 0.920189101681312 0.225259774269278 -0.394273728706084 -0.710198505233048 0.098206130331049 0.735490130107705 0.761160084773535 0.726937588457512 0.437287159828605 0.801511597329027 0.853454130414453 0.901805197371531 0.978719538851379 0.928693967373527
-9999 -9999 -9999 -9999 -9999 -9999 -9999 -9999 -9999 -9999 -9999 -9999 -9999 -9999 -9999 -9999 -9999 -9999 -9999 -9999 -9999 -9999 -9999 -9999 -9999 -9999 -9999 -9999 -4.72103531093529 -2.61957556468497 -6.00229456263194 -7.48850389783638 -13.0485748425268 -15.9256687573424 -12.4521052150639 -7.40948939115143 -1.82418239955271 -0.348906483250882 0.264964118843799 0.666926683859676 0.928485391835377 0.947319086312902 1 0.250970667658124 -0.354433702615233 -0.673303289495958 -0.706063621658054 0.160014158923877 0.580949250455129 0.715059133902857 0.785299180821599 0.84727100590706 0.892803369337481 0.913911938556624 0.842330430957418 0.603929047343083
-9999 -9999 -9999 -9999 -9999 -9999 -9999 -9999 -9999 -9999 -9999 -9999 -9999 -9999 -9999 -9999 -9999 -9999 -9999 -9999 -9999 -9999 -9999 -9999 -9999 -9999 -9999 -9999 -5.24495633611542 -2.83041640559652 -5.219456869004 -7.83723166625654 -12.6127261983076 -15.1694311639267 -12.3188269533352 -8.42162515773707 -1.30910510274722 -0.0725330035580212 0.603822897579456 0.572051620480008 0.686074670420637 0.758987743249669 0.918003437244836 -0.0380985559336164 -0.423895889575238 -0.727548978073494 -1.19430666856977 -0.675914621280902 -0.0997377444572463 0.632125611300215 0.838285807805724 0.796059916053228 0.704736717871401 0.585215505216776 0.356490128490647 0.0894620662553792
