meets/meet006/_saidas_enm/CCSM_Maha_0k_T_subalaris1.asc
NCOLS 154 
NROWS 168 
XLLCORNER -112 
YLLCORNER -55.5 
CELLSIZE 0.5 
NODATA_value -9999 
[rows 75 to 99 of 168, columns 56 to 111 of 154]
-9999 -9999 -9999 -9999 -9999 -9999 -9999 -9999 -9999 -9999 -9999 -77.4692506844247 -38.5973897480138 -23.4985638615729 -19.2964596165325 -16.9584861950494 -10.3508763972784 -7.95870588952859 -8.78950108576384 -13.2760699483278 -16.3776651383752 -15.2211051523114 -11.6633761872282 -9.87307361458384 -8.63959038148473 -7.76701343078607 -7.73290392779379 -7.60404860010897 -7.49407854213796 -7.38942268796293 -6.97660245556027 -6.57070928612488 -5.93304990023824 -5.16647717819095 -4.28854370595728 -3.42937903207481 -2.63971885653613 -1.98097499803636 -1.35449728805363 -0.826629266765432 -0.538968660360987 -0.360726162089785 -0.409348980921967 -0.212770084558837 0.031148362487316 0.288591603561811 0.28667926413599 -0.310692420118881 -1.72380060480482 -4.01147909016094 -7.18017806239257 -10.0682318204746 -13.2523889751721 -15.6507715773399 -16.9247210366816 -18.5233454295733
-9999 -9999 -9999 -9999 -9999 -9999 -9999 -9999 -9999 -9999 -9999 -87.6810873453129 -28.4930778304552 -17.2706212065287 -18.824918515075 -17.1962719860015 -9.5898439953575 -3.74948933666208 -4.61858703677608 -8.023287919219 -16.5089676984514 -13.9297065562641 -10.7245940613365 -9.46918635981605 -8.61277826898842 -8.42267422125847 -7.95417394687424 -8.00392513189037 -8.09081052407735 -8.11036151978588 -7.87116911470945 -7.53309009648861 -6.82365646308852 -6.09803017236772 -5.2612894368615 -4.30634086048334 -3.59863624069183 -2.82363414676737 -2.02545688221667 -1.24195061979366 -0.610042024998779 -0.309668871785359 -0.151459109105825 -0.110483093648633 0.142322438861194 0.634283234992784 0.705450256365306 0.281800638193845 -0.815058765951078 -2.67508514953763 -5.15428559285067 -7.75130209922105 -10.3826215601121 -12.3434856305046 -13.6553973730117 -15.7949220541411
-9999 -9999 -9999 -9999 -9999 -9999 -9999 -9999 -9999 -9999 -9999 -9999 -41.6544436137797 -21.1338659784864 -15.4988263436458 -13.3199158290131 -12.7634564452079 -11.6264507353939 -8.91088650189109 -5.86810581998919 -8.90521884875687 -10.1413190937059 -10.7151183124222 -10.4227957374418 -8.26114334193948 -7.32182559538771 -7.68123118784532 -8.68324027998837 -9.29772375310099 -9.54629426321329 -9.26053013969279 -9.07459167459406 -8.44993632531489 -7.66286041100022 -6.76417312645082 -5.76265433971567 -4.97707483544524 -4.17805526819946 -3.29450492292343 -2.38646076045306 -1.65122427748268 -1.20300365387354 -0.711698685328752 -0.0327366201453927 0.286115192747561 0.421463928700974 0.676775478309357 0.54557130816262 -0.167882267879502 -1.4907063385553 -3.34937797876017 -5.3364313504976 -7.30619551395618 -9.25137527415762 -11.0401521617792 -13.526390430732
-9999 -9999 -9999 -9999 -9999 -9999 -9999 -9999 -9999 -9999 -9999 -9999 -73.7209206834111 -34.9356185466716 -13.022918349467 -10.2157984355821 -20.3826573522425 -28.1095561816294 -25.0905675452697 -14.5007684221154 -4.35748040681554 -7.58800394423284 -11.1619593573295 -11.4982743542154 -6.48530720177125 -4.70541634892169 -7.55452156573889 -10.0499596347624 -11.4731149516014 -11.9740247287989 -11.3653834385427 -11.3295572123789 -10.9300223101026 -9.96282701840835 -8.76942348090905 -7.69750782977827 -6.62977635827048 -5.84738707832335 -4.92064500463675 -3.84287837956448 -3.04654825584659 -2.42708665292362 -1.67992592504485 -0.646530444642444 0.0881746192565689 0.389241509441618 0.447226119713837 0.205344938441901 -0.24695732843771 -1.15950601539389 -2.50463411113016 -3.9564161888895 -5.76936089343331 -7.24009371069431 -10.0171230391318 -13.7233632413438
-9999 -9999 -9999 -9999 -9999 -9999 -9999 -9999 -9999 -9999 -9999 -9999 -9999 -65.6669420835367 -15.5312457470432 -19.2121058253884 -34.6353164236058 -50.9281690283213 -50.7350392118586 -39.7077481470455 -25.2350491968249 -11.8962649519213 -8.71963611858509 -7.18805891999825 -4.04838318563889 -3.2966023509818 -6.29244627895621 -11.9127945498401 -15.9549304528441 -15.7040100941594 -14.8777001051416 -14.5065921247665 -13.8062800831062 -12.546258450202 -11.0893609880324 -9.60329864580768 -8.41720250087595 -7.41710828828643 -6.36201350222572 -5.2809195081054 -4.39568267896073 -3.59740473213001 -2.79003520955784 -1.3877721682041 -0.379093992226153 -0.043706233446356 -0.102083027534364 -0.450427076241454 -1.0300450479851 -1.73695567993174 -2.64197452329127 -3.39955457891224 -5.3334426260283 -7.92157190548702 -10.4778056827212 -13.2446533818174
-9999 -9999 -9999 -9999 -9999 -9999 -9999 -9999 -9999 -9999 -9999 -9999 -9999 -106.545554012301 -19.7355317004385 -34.9669007428234 -47.0726431629932 -73.5752571410658 -80.874412948895 -67.8685911007777 -58.4113563205462 -39.6714017063016 -23.3953073291948 -22.3742538024002 -17.910000339402 -6.92674034222036 -6.70675498886543 -13.2596182741689 -20.2720463033438 -20.5689489685364 -19.3443902220115 -19.6219471831639 -17.971007924233 -16.0332895684845 -14.0604713648935 -11.8857814401065 -10.5193514392818 -9.06625556642751 -7.71749098794238 -6.43592535401624 -5.58443272792544 -4.46075615244555 -3.61875341683058 -2.09281889449425 -0.800604597702641 -0.563064250516694 -0.748593157175425 -1.33239836967536 -1.91088470715434 -2.49431164169212 -3.75885413731278 -4.8176631957207 -6.07534013549202 -7.53518799136321 -9.08352138279945 -11.0274724595733
-9999 -9999 -9999 -9999 -9999 -9999 -9999 -9999 -9999 -9999 -9999 -9999 -9999 -9999 -34.9885642480969 -26.2882120691161 -46.4779395296773 -75.4056168834103 -88.0617209929056 -92.6345642911762 -90.2019816572012 -95.4801297788252 -114.619029010628 -116.359180236031 -78.9908112976601 -49.400311244428 -29.5622526415988 -19.3762546853138 -18.981786040241 -20.5757408002343 -26.019605418567 -25.2310809052869 -23.676626553163 -21.8848404901207 -18.2774819559142 -15.6998191964635 -13.8448972289473 -11.9738867684168 -9.68253379662998 -7.51270147440536 -6.01181520509905 -4.84385660778839 -3.81753237386683 -2.79089909038628 -1.35853574745026 -0.954166706204939 -1.14861125834498 -2.02547326236471 -2.55040567902593 -3.24723179522621 -3.73798665491597 -4.44565820352168 -5.49529107487655 -6.44185674056984 -6.95146390715247 -7.91881848423757
-9999 -9999 -9999 -9999 -9999 -9999 -9999 -9999 -9999 -9999 -9999 -9999 -9999 -9999 -59.2860966979793 -29.2711389994777 -41.1483429257801 -61.9523099906524 -83.7261465433452 -105.569313729663 -124.088022066759 -168.098883425185 -267.443442063736 -295.759772902498 -217.197062617197 -180.464372089075 -112.189133116277 -59.1297393099653 -39.0315283072717 -28.6190651769289 -35.186813368062 -26.8708019194977 -27.750896889017 -27.8229862664281 -23.710058772309 -21.048130550423 -18.614056833116 -16.9874983203035 -13.5099698141813 -9.48402659127415 -6.64428285685787 -5.07796202849315 -3.96985227523777 -3.50004468653261 -2.14899645228347 -1.67867090825568 -1.69776557646643 -1.7187732318165 -2.11099696279177 -2.89598612731352 -3.86706346226938 -4.08381037734228 -4.88549604392927 -5.39368667336321 -5.27062964653904 -4.74160842882134
-9999 -9999 -9999 -9999 -9999 -9999 -9999 -9999 -9999 -9999 -9999 -9999 -9999 -9999 -9999 -70.0635274532724 -34.4680901872225 -37.9120373754192 -70.7621475010537 -102.364178512791 -143.579763987125 -193.435762952111 -273.37951581374 -312.980020511242 -315.106046183474 -316.680320823142 -274.889157036024 -240.361694742075 -166.957919721562 -69.12895915191 -28.0246632021957 -19.469462842465 -26.8502477077279 -32.826734985001 -28.0327500427511 -24.7171225622998 -22.4902730553801 -21.092647399277 -17.8170536226282 -13.9819577129836 -9.90773668130867 -6.09745720386687 -4.21268088257182 -3.90094123455003 -2.55349861749352 -1.81164687685696 -1.46245758803603 -1.47791507239445 -1.76954064495617 -2.2164764821639 -2.7504050495209 -2.99875756389057 -3.54054044481673 -3.91663315335641 -4.08652738630195 -4.38008972041293
-9999 -9999 -9999 -9999 -9999 -9999 -9999 -9999 -9999 -9999 -9999 -9999 -9999 -9999 -9999 -114.182234002883 -48.3808509760591 -18.7323701878985 -52.1629287202199 -84.0858727253772 -136.565869969751 -184.911550825245 -260.704582127186 -301.400040186996 -333.205337934633 -419.233888561206 -383.598477359043 -444.36976386688 -349.007362234784 -142.796320051029 -45.4880924277897 -24.7135179114629 -25.2786239872639 -30.9718361579497 -27.954211851888 -25.4185423867472 -25.035957357996 -24.689313703659 -23.0607569596947 -21.5070533260391 -17.7461427093728 -8.50729697248124 -4.51207435160605 -4.19169282591486 -2.61471996457215 -1.80721337211628 -1.31376227472093 -1.30117240667736 -1.45765922189489 -1.7081959940832 -2.10678268195432 -2.25072491522244 -2.47096567537917 -2.83541634707998 -2.98849680443056 -3.44698420890628
-9999 -9999 -9999 -9999 -9999 -9999 -9999 -9999 -9999 -9999 -9999 -9999 -9999 -9999 -9999 -52.9057354901684 -103.927177753578 -32.5274908218124 -22.0210419880019 -47.4637529290689 -97.7474135258201 -138.519004382252 -188.108380588942 -231.238993914181 -250.184340329418 -268.616930680482 -288.251440969092 -313.266127193287 -262.006347902328 -161.086633923996 -85.5654748471991 -40.4212743639196 -16.0371500240261 -14.8403476324196 -18.6925113246777 -23.454446586254 -24.2669306048535 -24.8040453066136 -24.2450949973017 -24.2479995106013 -20.9722205391217 -10.1452097609561 -4.6240706079318 -4.32476800391339 -2.76942537620751 -1.8760285883719 -1.44357949075843 -1.26228826401584 -1.33087650360314 -1.5727813737754 -1.40544546784571 -1.16689602730387 -0.515210309440391 -0.108145350233133 0.0928712136834442 0.260050937062395
-9999 -9999 -9999 -9999 -9999 -9999 -9999 -9999 -9999 -9999 -9999 -9999 -9999 -9999 -9999 -9999 -87.1737247607515 -103.667635640612 -40.1991859946191 -21.2020130696425 -54.9169421872357 -80.5546864703298 -121.463282185019 -156.467754544377 -164.110799695054 -177.260872152985 -193.390650935463 -207.257614829654 -186.072999758014 -151.691205736492 -108.053700674706 -67.6066071297683 -23.6982060114979 -11.6942658134537 -9.54321684500508 -13.5049382547527 -16.3293580193671 -18.9518124787438 -19.2591509910841 -19.6783756994218 -19.2382945101848 -8.68244264277511 -4.41109477335617 -4.2548156237449 -3.51456401164046 -2.62816927578949 -2.42296018217476 -2.06357018227702 -2.13419006224531 -1.8616081714043 -1.37806865829831 -0.44230931386697 0.169022757020961 0.540341953909102 0.819830902597902 0.912910054139417
-9999 -9999 -9999 -9999 -9999 -9999 -9999 -9999 -9999 -9999 -9999 -9999 -9999 -9999 -9999 -9999 -9999 -80.7800290338645 -145.276192755084 -58.0725444849611 -27.6149365957395 -29.0538513275571 -55.5057164288483 -88.4717520158288 -104.740575396147 -115.375336820118 -133.049206634365 -146.047036526303 -145.54183630449 -137.068636739433 -126.564405705433 -94.8669415036472 -60.9253738133549 -32.8930812189994 -14.1601644044889 -5.47280976459476 -7.10338194776893 -10.3506669887595 -12.5223512433894 -10.8845051073978 -7.4194874748187 -5.49522507431706 -4.08524997855186 -3.83638987846734 -3.77313953444356 -3.60740618160069 -3.34571093827588 -3.09988921489165 -2.84622647924332 -2.60988316182948 -2.22595758595767 -1.46530804812714 -1.07242121511892 -0.490098444146777 0.262012619632939 0.749697374216596
-9999 -9999 -9999 -9999 -9999 -9999 -9999 -9999 -9999 -9999 -9999 -9999 -9999 -9999 -9999 -9999 -9999 -9999 -9999 -196.071636199808 -117.438512507825 -63.0346595072103 -47.6442620022708 -54.0958271936208 -70.4642102782215 -88.9274855807763 -107.59808404137 -119.825264432581 -121.095460418791 -129.657385267588 -134.03701088288 -122.204771942993 -109.99664481511 -81.0326934709822 -35.7312697870955 -13.2138003554652 -7.08310942051248 -4.37298467677742 -6.08403919328924 -6.20490678852619 -4.86568006037768 -4.90653635674534 -4.38460210025429 -4.04438576463069 -4.034311815284 -3.95010226369082 -3.63369134097916 -3.72141056321719 -3.71391168495666 -3.73768279602244 -4.32836549845307 -3.09205907754382 -2.42693107670714 -1.4919816756398 -0.269977863683322 0.446933452164873
-9999 -9999 -9999 -9999 -9999 -9999 -9999 -9999 -9999 -9999 -9999 -9999 -9999 -9999 -9999 -9999 -9999 -9999 -9999 -9999 -9999 -183.391515727192 -111.069811649805 -72.329440855294 -58.3212343846908 -77.8548744815938 -90.1861259581382 -103.173670910835 -110.912303726045 -114.009149916858 -124.283191424154 -130.220680085443 -153.965205476262 -138.406434897791 -84.6757156685241 -47.432412258814 -20.361098435594 -5.48950982458021 -2.99635734721 -3.70357744436366 -6.9584028970259 -7.16337268727142 -6.27106968805757 -5.91670763478731 -5.12349713666499 -4.57169933478229 -3.99820558408794 -3.57886461898136 -3.60336904260884 -4.0116913792658 -4.32734465322821 -3.35405193827912 -2.24788967784012 -1.31754838464285 -0.628070241963694 0.115275752852405
-9999 -9999 -9999 -9999 -9999 -9999 -9999 -9999 -9999 -9999 -9999 -9999 -9999 -9999 -9999 -9999 -9999 -9999 -9999 -9999 -9999 -9999 -9999 -138.983627819113 -76.426260665178 -57.0630815272611 -62.5584303330733 -75.6073442295474 -90.7262547705433 -96.4110169690574 -105.128288593406 -123.970853093731 -152.508486703339 -156.728647836264 -126.40109841788 -94.8835452704138 -46.8029870276525 -15.0704539214531 -5.84214772990633 -2.80467568521903 -6.27865786740063 -9.09551845256691 -9.97745329565072 -9.19830148000487 -7.31203185431802 -5.60984507216358 -4.42040409042845 -3.65094318938196 -3.50160178402079 -3.95644250213126 -4.42034972038871 -3.447139491534 -2.30721209721919 -1.50497727726537 -0.98253169035603 -0.259087314412297
-9999 -9999 -9999 -9999 -9999 -9999 -9999 -9999 -9999 -9999 -9999 -9999 -9999 -9999 -9999 -9999 -9999 -9999 -9999 -9999 -9999 -9999 -9999 -9999 -9999 -104.074871876053 -62.0098893907993 -48.6538923230174 -63.3014232038837 -74.9372131184426 -84.2374196325868 -100.501845853425 -128.214722757809 -142.335480564105 -141.22321816351 -140.609595207832 -86.1815764938048 -46.5937281677972 -16.2448573984206 -2.39213780954332 -3.02098210339435 -8.25254416676423 -12.7185089059659 -14.1573926296663 -10.2215573183473 -7.02503515367622 -5.39984830184549 -4.50835408206929 -4.08767216560906 -4.28515723062713 -4.69913652998825 -4.00151351787468 -2.90033921110812 -2.11723695313394 -1.55332211147843 -0.728227875873724
-9999 -9999 -9999 -9999 -9999 -9999 -9999 -9999 -9999 -9999 -9999 -9999 -9999 -9999 -9999 -9999 -9999 -9999 -9999 -9999 -9999 -9999 -9999 -9999 -9999 -245.664467191678 -111.139921983364 -56.502794841708 -42.33488277079 -52.8422408872418 -70.0726870758673 -88.0157760684442 -105.611780473288 -114.438333294494 -125.436262444899 -127.810660204175 -98.4829280659839 -69.0092529365922 -29.2842467898388 -4.14913537135469 -0.708869920367321 -5.61545186354096 -11.194448781499 -15.5973832322821 -13.0743068258351 -8.83372930588533 -6.80741698023548 -5.63316463225157 -4.78482615306684 -4.55846112950585 -4.70915225403546 -4.46950890527692 -3.66159907465556 -2.87352534566427 -2.0242423181449 -1.00434028045783
-9999 -9999 -9999 -9999 -9999 -9999 -9999 -9999 -9999 -9999 -9999 -9999 -9999 -9999 -9999 -9999 -9999 -9999 -9999 -9999 -9999 -9999 -9999 -9999 -9999 -9999 -9999 -117.972849131975 -53.9490672154469 -40.6849785920128 -61.4702033192438 -83.8836319710355 -92.6858186392363 -97.4215665168185 -95.0275476054743 -91.6008387858464 -89.8165325187902 -74.9074327582949 -38.1721374922286 -7.4381603730875 0.481009821108271 -2.27100209392459 -7.75237953243576 -13.0201052909216 -13.4052201737214 -10.5579861821591 -8.66637212586701 -6.87991261333545 -5.52388146732621 -4.94454243108808 -4.6788681986821 -4.8493297311544 -4.65610985593784 -3.76233470224719 -2.30961567140994 -0.910299491571036
-9999 -9999 -9999 -9999 -9999 -9999 -9999 -9999 -9999 -9999 -9999 -9999 -9999 -9999 -9999 -9999 -9999 -9999 -9999 -9999 -9999 -9999 -9999 -9999 -9999 -9999 -9999 -196.72636755929 -81.7006193432776 -39.7649976858872 -47.8068265881171 -80.0048641227265 -98.4771041729237 -102.971538584786 -88.9649641799005 -76.7714970729812 -74.327424864443 -72.6565066984783 -43.0428707911525 -13.060492349006 0.359602696118284 -1.04455575131679 -6.36333469745943 -12.6943520041533 -13.5344043980583 -11.1013414658247 -9.75290606625528 -8.37314437302029 -7.37494507387083 -6.34847548410796 -5.82532346918298 -5.81068977711007 -5.67883506636386 -4.53511946184184 -2.47371930688161 -0.903066205907331
-9999 -9999 -9999 -9999 -9999 -9999 -9999 -9999 -9999 -9999 -9999 -9999 -9999 -9999 -9999 -9999 -9999 -9999 -9999 -9999 -9999 -9999 -9999 -9999 -9999 -9999 -9999 -9999 -110.979473306563 -38.3013587047435 -38.6392003106415 -73.0986741256112 -108.173139578971 -118.851355696554 -94.2267082154886 -73.6343516219913 -67.1539877084087 -68.033180728262 -48.5757998923385 -18.2723433955869 -0.920662789024125 -1.06589920650747 -7.32633213257146 -15.0592281510024 -14.1377475171964 -11.8027520162433 -10.4623386084878 -9.25305234028781 -8.58589590863395 -8.34630798917402 -8.33506829653539 -7.20776442139223 -6.83132867215763 -5.0493891403264 -2.63440678104503 -0.954468797596935
-9999 -9999 -9999 -9999 -9999 -9999 -9999 -9999 -9999 -9999 -9999 -9999 -9999 -9999 -9999 -9999 -9999 -9999 -9999 -9999 -9999 -9999 -9999 -9999 -9999 -9999 -9999 -9999 -133.823962971262 -41.8638230452038 -37.2195800741033 -73.366517823392 -120.057291493845 -137.353937848093 -106.799507900879 -78.0982831175054 -68.6485206852126 -68.0649350019284 -51.2276860133677 -21.9415205480369 -3.06277475287717 -0.575833365423125 -3.75040721829997 -11.5633528997334 -14.4929998869058 -12.3777130519583 -11.2822176403068 -10.5101744160806 -9.87930982172446 -9.41134406493458 -8.58548141658542 -7.86953313293329 -7.32474405140585 -5.3451059751728 -2.84004009931085 -0.978664742493074
-9999 -9999 -9999 -9999 -9999 -9999 -9999 -9999 -9999 -9999 -9999 -9999 -9999 -9999 -9999 -9999 -9999 -9999 -9999 -9999 -9999 -9999 -9999 -9999 -9999 -9999 -9999 -9999 -155.698759511363 -44.5334662348732 -34.5996950856923 -76.372634920986 -135.928500876106 -161.168212761452 -116.522652492395 -84.8284683483378 -73.2867201826342 -76.0249402776389 -58.0322825469813 -25.664055738883 -7.16335641154539 -0.120936416061513 -2.43973805067105 -8.75825209800928 -11.291107206044 -11.8803674636796 -12.0866715323021 -11.5721878848951 -10.8644727582965 -9.84583876293549 -8.23075428502239 -7.62225683909164 -7.03500632469794 -5.27007212856859 -2.91139375916169 -0.678747934078033
-9999 -9999 -9999 -9999 -9999 -9999 -9999 -9999 -9999 -9999 -9999 -9999 -9999 -9999 -9999 -9999 -9999 -9999 -9999 -9999 -9999 -9999 -9999 -9999 -9999 -9999 -9999 -9999 -160.736151319074 -44.6430050314246 -35.0428626581631 -83.0813537941268 -141.140902255411 -165.366026330417 -126.071067641097 -95.2756436102958 -83.1549499068506 -82.9682324763756 -61.3435796404439 -29.4316313183188 -7.89371337460259 -1.33894502867128 -2.64199430526915 -7.88905831836873 -10.734546999245 -10.7734370488192 -11.2346579898162 -12.6625726612236 -11.5078839433726 -9.44582891101329 -7.70345600491691 -6.81955324124473 -5.94624225672305 -4.06404359519852 -1.88498936968298 -0.563511486623808
-9999 -9999 -9999 -9999 -9999 -9999 -9999 -9999 -9999 -9999 -9999 -9999 -9999 -9999 -9999 -9999 -9999 -9999 -9999 -9999 -9999 -9999 -9999 -9999 -9999 -9999 -9999 -9999 -171.457916666756 -45.2273605543502 -37.2288441667615 -92.0466849752104 -149.953887073633 -169.260072411134 -129.717906120151 -106.462083629781 -91.1516309394157 -94.6993211515463 -67.1870317684968 -32.0628893414883 -10.8760763004685 -2.74804748974177 -2.74210693572498 -9.54100253855069 -11.7529293559483 -11.646624688203 -10.467168125497 -11.3941485215847 -12.1786287069291 -8.67439516486168 -6.37622596791305 -5.71121709552639 -5.06381785205901 -3.08555784969249 -0.754664253789031 0.21943133339551
