meets/meet006/_saidas_enm/CCSM_Maxent_0k_S_lineola4.asc
NCOLS 154 
NROWS 168 
XLLCORNER -112 
YLLCORNER -55.5 
CELLSIZE 0.5 
NODATA_value -9999 
[rows 50 to 74 of 168, columns 56 to 111 of 154]
-9999 -9999 -9999 -9999 -9999 -9999 -9999 -9999 -9999 -9999 -9999 -9999 -9999 0.863520443439484 0.71749085187912 0.551847636699677 0.441414028406143 0.469367235898972 0.497359037399292 0.596699953079224 0.651919484138489 0.594634771347046 0.516110479831696 0.45685014128685 0.460827142000198 0.468754261732101 0.464735269546509 0.467906147241592 0.475913405418396 0.492095232009888 0.496070563793182 0.465733617544174 0.417638510465622 0.395027756690979 0.32701501250267 0.336014062166214 0.410416543483734 0.445187121629715 0.465640902519226 0.478161185979843 0.448658347129822 0.468514561653137 0.453633844852448 0.43066418170929 0.400574743747711 0.491465419530869 0.437572419643402 0.439264953136444 0.41987156867981 0.417226016521454 0.383253902196884 0.380043238401413 0.354418069124222 0.255123645067215 0.22507032752037 0.217324391007423
-9999 -9999 -9999 -9999 -9999 -9999 -9999 -9999 -9999 -9999 -9999 -9999 -9999 0.710121810436249 0.640618205070496 0.579737424850464 0.544276893138885 0.571850776672363 0.601209282875061 0.636307775974274 0.608653604984283 0.557189226150513 0.49357345700264 0.448552668094635 0.446143686771393 0.459595173597336 0.466439843177795 0.47477775812149 0.489876598119736 0.511109590530396 0.509420275688171 0.469196259975433 0.412843227386475 0.377378106117249 0.301783949136734 0.324771165847778 0.370409280061722 0.406491726636887 0.427546411752701 0.439691603183746 0.43283799290657 0.434672206640244 0.421087205410004 0.404392123222351 0.386874467134476 0.359297215938568 0.43115770816803 0.419420838356018 0.412708550691605 0.410664141178131 0.311818093061447 0.293041169643402 0.264757484197617 0.24057948589325 0.222171664237976 0.215171217918396
-9999 -9999 -9999 -9999 -9999 -9999 -9999 -9999 -9999 -9999 -9999 0.731097042560577 0.690049171447754 0.630991816520691 0.610994160175323 0.580693304538727 0.576828837394714 0.6054607629776 0.606800079345703 0.586946070194244 0.563064575195312 0.525203227996826 0.479447722434998 0.451157718896866 0.45474049448967 0.468429833650589 0.480018198490143 0.496033370494843 0.518739700317383 0.545530319213867 0.545265734195709 0.488198578357697 0.423801481723785 0.382979899644852 0.306392252445221 0.333526343107224 0.36618372797966 0.398874968290329 0.418908178806305 0.431272983551025 0.429812341928482 0.42424812912941 0.410959810018539 0.400284647941589 0.396475285291672 0.389740914106369 0.379914581775665 0.452931076288223 0.443594872951508 0.33983302116394 0.318971425294876 0.282401114702225 0.247663989663124 0.223364725708961 0.211243495345116 0.207647711038589
-9999 -9999 -9999 -9999 -9999 -9999 -9999 -9999 -9999 -9999 0.712358176708221 0.726749122142792 0.675684034824371 0.589900732040405 0.584761559963226 0.615334272384644 0.605110347270966 0.551836907863617 0.52453875541687 0.51623946428299 0.504926383495331 0.488685876131058 0.474939256906509 0.468136578798294 0.474509716033936 0.489044278860092 0.50750994682312 0.532075822353363 0.558404862880707 0.578267753124237 0.572060585021973 0.502708971500397 0.42719104886055 0.38513395190239 0.308354288339615 0.332935810089111 0.365896284580231 0.398384302854538 0.416708767414093 0.425118386745453 0.424683004617691 0.415110200643539 0.405234575271606 0.399247616529465 0.397866040468216 0.399450957775116 0.474971562623978 0.467713803052902 0.448179721832275 0.334972858428955 0.299441277980804 0.268064618110657 0.23408417403698 0.210450515151024 0.20625627040863 0.204933270812035
-9999 -9999 -9999 -9999 -9999 -9999 -9999 -9999 -9999 -9999 0.686961472034454 0.664604008197784 0.526478588581085 0.471987873315811 0.478347927331924 0.637249946594238 0.599413812160492 0.500341355800629 0.452043980360031 0.457164108753204 0.454668343067169 0.468756496906281 0.483195036649704 0.493394196033478 0.509971439838409 0.527587115764618 0.554886341094971 0.582346558570862 0.576035857200623 0.566039681434631 0.568663597106934 0.518547117710114 0.434152871370316 0.388876765966415 0.387066036462784 0.334193378686905 0.362152367830276 0.393703639507294 0.41038179397583 0.415449857711792 0.498661190271378 0.401841253042221 0.392254680395126 0.38666370511055 0.469864636659622 0.478452563285828 0.464653342962265 0.443179696798325 0.42047905921936 0.318131268024445 0.294110059738159 0.271842539310455 0.243774145841599 0.220375299453735 0.217506885528564 0.213994309306145
-9999 -9999 -9999 -9999 -9999 -9999 -9999 -9999 0.678858757019043 0.614752471446991 0.563893258571625 0.595803201198578 0.475230127573013 0.418432891368866 0.546479165554047 0.610506534576416 0.569238662719727 0.483330368995667 0.424346387386322 0.43936613202095 0.474116057157516 0.486050099134445 0.497835040092468 0.519023478031158 0.548305451869965 0.555902183055878 0.547084510326385 0.53001594543457 0.519895553588867 0.517899036407471 0.504548192024231 0.4778753221035 0.44535157084465 0.4033342897892 0.394263863563538 0.413512349128723 0.437292277812958 0.462695121765137 0.476900964975357 0.480411678552628 0.478963375091553 0.46590182185173 0.454531699419022 0.449846029281616 0.450332373380661 0.453422546386719 0.449635148048401 0.445665389299393 0.43434265255928 0.338478207588196 0.325697481632233 0.305662781000137 0.281271487474442 0.25560063123703 0.240922272205353 0.237249091267586
-9999 -9999 -9999 -9999 -9999 -9999 -9999 -9999 0.616391479969025 0.539981424808502 0.446291595697403 0.425338268280029 0.39563050866127 0.398078352212906 0.542187929153442 0.577943801879883 0.542452871799469 0.463173031806946 0.416128903627396 0.44575622677803 0.48418202996254 0.48742488026619 0.490873545408249 0.493199914693832 0.500286459922791 0.508665323257446 0.497526526451111 0.486985146999359 0.477843254804611 0.471312969923019 0.463071763515472 0.447084575891495 0.431153535842896 0.42087459564209 0.405375510454178 0.410929441452026 0.42032590508461 0.437531441450119 0.445610880851746 0.446514576673508 0.44765168428421 0.437012076377869 0.42912033200264 0.424116522073746 0.420978456735611 0.423049062490463 0.419855087995529 0.419039905071259 0.409549087285995 0.393511325120926 0.306204468011856 0.291390806436539 0.286042064428329 0.271191269159317 0.255048364400864 0.252103388309479
-9999 -9999 -9999 -9999 -9999 -9999 -9999 0.687816262245178 0.589147567749023 0.532057344913483 0.466494679450989 0.392313659191132 0.369074642658234 0.459317773580551 0.536791563034058 0.565076768398285 0.52207487821579 0.452787339687347 0.410930246114731 0.427438825368881 0.45380836725235 0.455760985612869 0.448067516088486 0.44864958524704 0.458395451307297 0.462312042713165 0.459255427122116 0.451035529375076 0.445919930934906 0.445498108863831 0.442965120077133 0.434329181909561 0.426372021436691 0.421092391014099 0.416640222072601 0.407712638378143 0.404661566019058 0.400719285011292 0.403773963451385 0.411154538393021 0.411734282970428 0.410159200429916 0.407016605138779 0.403670728206635 0.40202921628952 0.400654762983322 0.397486329078674 0.393109381198883 0.382753103971481 0.367571353912354 0.277752786874771 0.264470547437668 0.250629484653473 0.249895766377449 0.253278702497482 0.251094788312912
-9999 -9999 -9999 -9999 -9999 -9999 -9999 0.663508415222168 0.577619552612305 0.468975156545639 0.468443244695663 0.392250537872314 0.440123230218887 0.469272643327713 0.537342667579651 0.534432053565979 0.500614941120148 0.444296628236771 0.405058294534683 0.415112316608429 0.433153539896011 0.432389914989471 0.424445927143097 0.423660784959793 0.430086314678192 0.432960957288742 0.432540953159332 0.428884774446487 0.426265269517899 0.426064044237137 0.426121443510056 0.422386139631271 0.420339941978455 0.417955756187439 0.416915595531464 0.415401548147202 0.402305513620377 0.390001684427261 0.388022780418396 0.393539071083069 0.395990878343582 0.398976266384125 0.399892538785934 0.398833721876144 0.397284418344498 0.39541956782341 0.393250107765198 0.38653165102005 0.373113185167313 0.356059283018112 0.264517396688461 0.248415887355804 0.231895714998245 0.230794876813889 0.248315155506134 0.255668997764587
-9999 -9999 -9999 -9999 -9999 -9999 0.635417222976685 0.637537360191345 0.578960239887238 0.47838693857193 0.469197422266006 0.408227771520615 0.470885068178177 0.494255095720291 0.522680103778839 0.502530932426453 0.468352466821671 0.423910677433014 0.404480218887329 0.413786590099335 0.426840215921402 0.422945559024811 0.417467147111893 0.416861832141876 0.420409917831421 0.424829453229904 0.42175766825676 0.417287737131119 0.416040927171707 0.416098982095718 0.416233867406845 0.414595693349838 0.413028001785278 0.412621557712555 0.414935857057571 0.41633129119873 0.410098135471344 0.406875878572464 0.40552544593811 0.4064701795578 0.411828637123108 0.408693224191666 0.406948924064636 0.402252972126007 0.394300788640976 0.387748181819916 0.382307112216949 0.376464635133743 0.364396184682846 0.35020500421524 0.264440804719925 0.248336285352707 0.234157890081406 0.229507833719254 0.243397206068039 0.264098107814789
-9999 -9999 -9999 -9999 -9999 -9999 0.607556700706482 0.648539066314697 0.60610419511795 0.505389153957367 0.490704715251923 0.447136789560318 0.509649932384491 0.535529315471649 0.524699032306671 0.498636901378632 0.462393492460251 0.421622395515442 0.407973438501358 0.413590252399445 0.423204571008682 0.419906735420227 0.415231674909592 0.415259212255478 0.418417721986771 0.42062583565712 0.418290793895721 0.414331406354904 0.412637710571289 0.412507295608521 0.412016957998276 0.410423398017883 0.409008949995041 0.409168481826782 0.411250025033951 0.413673102855682 0.41113606095314 0.409495025873184 0.407328754663467 0.405115276575089 0.405035734176636 0.400248169898987 0.397660344839096 0.393316507339478 0.388255715370178 0.383553981781006 0.378814399242401 0.373069494962692 0.3632952272892 0.352666258811951 0.34050390124321 0.259795367717743 0.250510096549988 0.247027203440666 0.248019605875015 0.266004741191864
-9999 -9999 -9999 -9999 -9999 -9999 0.592054009437561 0.671262919902802 0.640325784683228 0.528313994407654 0.500691831111908 0.464038491249084 0.545644104480743 0.535026013851166 0.518581390380859 0.498078793287277 0.463903784751892 0.433262556791306 0.412606000900269 0.414102405309677 0.419879972934723 0.416529327630997 0.413137823343277 0.413904011249542 0.416295021772385 0.419211685657501 0.416251808404922 0.414017707109451 0.41271236538887 0.410860627889633 0.410968244075775 0.408486157655716 0.407186388969421 0.407228350639343 0.408304423093796 0.410439223051071 0.409421801567078 0.408668547868729 0.406032264232635 0.402088224887848 0.398132234811783 0.393028497695923 0.390024542808533 0.386358231306076 0.384784936904907 0.384171009063721 0.37748447060585 0.373102843761444 0.366045951843262 0.356592088937759 0.349053949117661 0.343501418828964 0.34122359752655 0.269492715597153 0.265569865703583 0.339562892913818
-9999 -9999 -9999 -9999 -9999 -9999 -9999 0.680312097072601 0.664303123950958 0.546620428562164 0.501326978206635 0.454451560974121 0.535841643810272 0.528621912002563 0.510877013206482 0.489102005958557 0.461253374814987 0.433411329984665 0.414001107215881 0.414267838001251 0.41873162984848 0.417040884494781 0.415331691503525 0.416490912437439 0.419322073459625 0.420854717493057 0.419804722070694 0.417349368333817 0.416149407625198 0.414983600378036 0.413658648729324 0.411834299564362 0.409635066986084 0.409127414226532 0.409713894128799 0.409798502922058 0.409795612096786 0.408533722162247 0.405654072761536 0.402210831642151 0.397051364183426 0.392796337604523 0.388550847768784 0.385462552309036 0.385139614343643 0.383670628070831 0.38219690322876 0.379003912210464 0.374529451131821 0.369654715061188 0.36583685874939 0.364298850297928 0.363659203052521 0.363801687955856 0.362553656101227 0.364811539649963
-9999 -9999 -9999 -9999 -9999 -9999 -9999 -9999 0.679093837738037 0.548862040042877 0.472933024168015 0.441215008497238 0.525527060031891 0.513008594512939 0.49168661236763 0.467280805110931 0.445364594459534 0.425671577453613 0.410458117723465 0.411688566207886 0.414982080459595 0.41518446803093 0.416267991065979 0.418184638023376 0.419871062040329 0.422621369361877 0.420442968606949 0.419582039117813 0.41901233792305 0.416850745677948 0.417100548744202 0.414274424314499 0.412872821092606 0.412058562040329 0.410994291305542 0.410762697458267 0.410539984703064 0.409951776266098 0.40702012181282 0.403168588876724 0.398889482021332 0.393697321414948 0.389528542757034 0.385771423578262 0.38470646739006 0.383675277233124 0.383310347795486 0.384324848651886 0.382728338241577 0.37986496090889 0.380501180887222 0.379151225090027 0.381537765264511 0.385284572839737 0.38595575094223 0.391474276781082
-9999 -9999 -9999 -9999 -9999 -9999 0.63706773519516 0.686116397380829 0.666920781135559 0.547151207923889 0.471272319555283 0.429135710000992 0.511212229728699 0.498408764600754 0.46804016828537 0.352710127830505 0.338187605142593 0.34007066488266 0.408719778060913 0.407596915960312 0.411466926336288 0.414121866226196 0.418296784162521 0.420922964811325 0.422092407941818 0.42286816239357 0.422477573156357 0.422411143779755 0.422313213348389 0.419288665056229 0.41345340013504 0.417486786842346 0.418149888515472 0.418000310659409 0.418032616376877 0.417618304491043 0.417445689439774 0.415942996740341 0.413410663604736 0.41087993979454 0.406432896852493 0.403014838695526 0.398533284664154 0.394469857215881 0.393027782440186 0.391748636960983 0.393483996391296 0.395023822784424 0.39500430226326 0.394497901201248 0.394006848335266 0.395380735397339 0.398447543382645 0.404916286468506 0.412377238273621 0.422933906316757
-9999 -9999 -9999 -9999 -9999 0.588738560676575 0.640246033668518 0.663797199726105 0.651566207408905 0.527340710163116 0.448536992073059 0.410113394260406 0.404848635196686 0.38557705283165 0.341295897960663 0.304543018341064 0.298001319169998 0.314507097005844 0.322984427213669 0.32104966044426 0.325457185506821 0.328628689050674 0.416243582963943 0.420660585165024 0.419343829154968 0.421193331480026 0.42070147395134 0.423330307006836 0.421760529279709 0.411850690841675 0.406800836324692 0.403703063726425 0.406823664903641 0.413492828607559 0.422217100858688 0.42616480588913 0.424363434314728 0.423790991306305 0.421273678541183 0.418158233165741 0.415550231933594 0.411296039819717 0.409109383821487 0.405050724744797 0.402289897203445 0.400304317474365 0.40207439661026 0.406397193670273 0.407754093408585 0.329030901193619 0.328574687242508 0.331757068634033 0.33611598610878 0.423340409994125 0.435298711061478 0.453196257352829
-9999 -9999 -9999 -9999 -9999 0.628969252109528 0.631178438663483 0.643695890903473 0.550852715969086 0.476561278104782 0.402614206075668 0.373333185911179 0.355463564395905 0.334293901920319 0.296881794929504 0.257435500621796 0.260707885026932 0.274862021207809 0.2838254570961 0.295875459909439 0.305555582046509 0.318063765764236 0.32713109254837 0.331944167613983 0.33554208278656 0.337132632732391 0.336679548025131 0.332267373800278 0.327994793653488 0.325583577156067 0.402116239070892 0.403725475072861 0.409119844436646 0.418209880590439 0.429998964071274 0.431385695934296 0.430921524763107 0.429231733083725 0.427210420370102 0.425591379404068 0.422676265239716 0.420101821422577 0.416477352380753 0.413064330816269 0.411770224571228 0.333004862070084 0.334778785705566 0.337265849113464 0.33884060382843 0.340696215629578 0.343194365501404 0.346677184104919 0.352374494075775 0.361176252365112 0.371169716119766 0.464916288852692
-9999 -9999 -9999 -9999 -9999 -9999 0.629949271678925 0.627244114875793 0.505867660045624 0.435965806245804 0.364744067192078 0.363561719655991 0.337472885847092 0.316788375377655 0.294348865747452 0.228437602519989 0.240366086363792 0.243191570043564 0.248478353023529 0.265130341053009 0.273153096437454 0.290986150503159 0.300812125205994 0.309273093938828 0.316623538732529 0.316854238510132 0.317260175943375 0.314084619283676 0.31369361281395 0.316132545471191 0.318877220153809 0.324874639511108 0.331860959529877 0.342637479305267 0.43559792637825 0.437402188777924 0.437281876802444 0.435384035110474 0.43361833691597 0.433010160923004 0.430551379919052 0.428850591182709 0.346213430166245 0.343465775251389 0.344082862138748 0.342861622571945 0.344687044620514 0.346494257450104 0.348146349191666 0.350680470466614 0.355565071105957 0.360199213027954 0.36747020483017 0.376543521881104 0.385265231132507 0.393730580806732
-9999 -9999 -9999 -9999 -9999 -9999 0.651384949684143 0.596833050251007 0.468794226646423 0.424204796552658 0.386182367801666 0.390275686979294 0.396944880485535 0.383104979991913 0.349254220724106 0.307500600814819 0.256448835134506 0.214125990867615 0.205820113420486 0.234181270003319 0.26299586892128 0.270443350076675 0.272082895040512 0.278763502836227 0.291475206613541 0.300575733184814 0.298473954200745 0.294637262821198 0.295546293258667 0.302809327840805 0.312076956033707 0.317738175392151 0.325780212879181 0.337431937456131 0.352710336446762 0.359052270650864 0.358695328235626 0.357488453388214 0.356985211372375 0.357043266296387 0.356679141521454 0.3555728495121 0.353807330131531 0.352300763130188 0.352603703737259 0.352801889181137 0.353574603796005 0.354334026575089 0.354552894830704 0.35472708940506 0.357361704111099 0.366438060998917 0.377421498298645 0.386909544467926 0.394171714782715 0.401110142469406
-9999 -9999 -9999 -9999 -9999 -9999 0.607000887393951 0.594121813774109 0.567951500415802 0.457983106374741 0.43362358212471 0.406092792749405 0.319098174571991 0.392634451389313 0.416445314884186 0.365285128355026 0.283252000808716 0.195850312709808 0.177288547158241 0.214446425437927 0.253602355718613 0.254419535398483 0.246047496795654 0.251504093408585 0.269530028104782 0.283857136964798 0.280910462141037 0.274503320455551 0.277016460895538 0.288857340812683 0.300497680902481 0.307183116674423 0.313476979732513 0.325820654630661 0.343281358480453 0.359635651111603 0.362191438674927 0.359856575727463 0.36027804017067 0.363377422094345 0.362202912569046 0.363595724105835 0.36207902431488 0.36102557182312 0.363547831773758 0.362509161233902 0.36405622959137 0.362636923789978 0.362120062112808 0.361821472644806 0.360329389572144 0.375007659196854 0.387360006570816 0.397622257471085 0.406064629554749 0.409549832344055
-9999 -9999 -9999 -9999 -9999 -9999 -9999 -9999 0.670565247535706 0.531885921955109 0.476559817790985 0.324818134307861 0.290963172912598 0.281034260988235 0.304115116596222 0.388901680707932 0.295552253723145 0.19037951529026 0.160293310880661 0.196140483021736 0.239997312426567 0.237100020051003 0.220456570386887 0.22347554564476 0.243786886334419 0.261082202196121 0.260072857141495 0.254100143909454 0.256383270025253 0.268244624137878 0.280580192804337 0.28652548789978 0.292391538619995 0.304167807102203 0.322232902050018 0.342174112796783 0.356793105602264 0.358769714832306 0.360885590314865 0.362795948982239 0.365312665700912 0.365952461957932 0.36659836769104 0.367218732833862 0.368708223104477 0.369935899972916 0.370070964097977 0.370025396347046 0.368786603212357 0.366736382246017 0.36999323964119 0.380041480064392 0.394181460142136 0.40484556555748 0.412296682596207 0.418194651603699
-9999 -9999 -9999 -9999 -9999 -9999 -9999 -9999 0.678705513477325 0.678436040878296 0.531898081302643 0.360122680664062 0.283056378364563 0.324627101421356 0.272274792194366 0.375909864902496 0.314614236354828 0.190830484032631 0.153794512152672 0.193251267075539 0.233128264546394 0.224567398428917 0.201622530817986 0.203387916088104 0.226571097970009 0.244050174951553 0.243929207324982 0.236934393644333 0.239406123757362 0.252144187688828 0.261997312307358 0.267688721418381 0.270796149969101 0.282066941261292 0.301598697900772 0.320419430732727 0.336602479219437 0.351334184408188 0.359807014465332 0.364447563886642 0.366510033607483 0.369655430316925 0.370436280965805 0.37209078669548 0.376241981983185 0.376970767974854 0.377599775791168 0.376497119665146 0.374781936407089 0.373762726783752 0.37401819229126 0.383072078227997 0.395312249660492 0.408737868070602 0.421924740076065 0.431714057922363
-9999 -9999 -9999 -9999 -9999 -9999 -9999 -9999 -9999 0.715346157550812 0.619932472705841 0.429285645484924 0.382752597332001 0.311441570520401 0.25194251537323 0.294047862291336 0.343154907226562 0.213696539402008 0.162347391247749 0.190438613295555 0.226935908198357 0.215186432003975 0.193027511239052 0.19391493499279 0.2129847407341 0.231128290295601 0.231318399310112 0.226059809327126 0.227833494544029 0.236947685480118 0.246040239930153 0.249291479587555 0.252427160739899 0.261645793914795 0.277661174535751 0.295527875423431 0.310609608888626 0.325843274593353 0.342516958713531 0.358396470546722 0.364267319440842 0.367104560136795 0.37062132358551 0.374811142683029 0.377982378005981 0.381363451480865 0.381225973367691 0.380516856908798 0.378605335950851 0.374677449464798 0.374338924884796 0.379223644733429 0.388451367616653 0.403467267751694 0.427673101425171 0.45140665769577
-9999 -9999 -9999 -9999 -9999 -9999 -9999 -9999 -9999 -9999 0.716055154800415 0.565764963626862 0.418628126382828 0.323037534952164 0.253519892692566 0.295636832714081 0.400872588157654 0.258223414421082 0.189054191112518 0.20675428211689 0.228445798158646 0.214060917496681 0.191681072115898 0.190758004784584 0.208561062812805 0.222894936800003 0.223014637827873 0.218212023377419 0.219293802976608 0.227282956242561 0.233558475971222 0.235603258013725 0.236698344349861 0.244333863258362 0.259005576372147 0.273998469114304 0.287702113389969 0.300772994756699 0.316968828439713 0.335457772016525 0.353166580200195 0.366098999977112 0.369261264801025 0.37460470199585 0.381926596164703 0.386493235826492 0.386994242668152 0.384781986474991 0.382431328296661 0.380040943622589 0.379304945468903 0.382975339889526 0.390175461769104 0.405986130237579 0.430279493331909 0.444981664419174
-9999 -9999 -9999 -9999 -9999 -9999 -9999 -9999 -9999 -9999 -9999 0.634902775287628 0.432664662599564 0.264023154973984 0.260875225067139 0.310093522071838 0.468883514404297 0.336551994085312 0.240462437272072 0.237395986914635 0.230781868100166 0.21338976919651 0.198408976197243 0.19627583026886 0.206682294607162 0.21527062356472 0.215889856219292 0.214416414499283 0.214976400136948 0.219042003154755 0.22195640206337 0.223769396543503 0.226080343127251 0.232248619198799 0.243275552988052 0.253897845745087 0.267816573381424 0.280656009912491 0.296375811100006 0.314525902271271 0.330699890851974 0.34954246878624 0.365577638149261 0.376066893339157 0.384661138057709 0.390067577362061 0.391446381807327 0.390798896551132 0.389363974332809 0.3871990442276 0.387174695730209 0.393071323633194 0.404452919960022 0.408203959465027 0.409816682338715 0.405886292457581
