meets/meet006/_saidas_enm/CCSM_Gower_0k_T_nigriceps1.asc
NCOLS 154 
NROWS 168 
XLLCORNER -112 
YLLCORNER -55.5 
CELLSIZE 0.5 
NODATA_value -9999 
[rows 75 to 99 of 168, columns 56 to 111 of 154]
-9999 -9999 -9999 -9999 -9999 -9999 -9999 -9999 -9999 -9999 -9999 0.520593184294312 0.744973959186775 0.742262277424742 0.740239356564596 0.739590158572896 0.73847994356642 0.735698249869725 0.630670442953736 0.593816444176166 0.57487975682833 0.554881601598648 0.54269856235329 0.534830197419265 0.537466083431015 0.538274787845019 0.534220368488259 0.529361540763229 0.525029450157815 0.522040764487869 0.518334010490745 0.51266197274277 0.507853121067639 0.506361523378037 0.50827130922113 0.510830075972877 0.513140615106487 0.515311585144548 0.520045932324898 0.526234019468956 0.531943988157313 0.537001586583738 0.540790803702633 0.545782305097908 0.551086927082477 0.555121989165431 0.55700694123801 0.557408911056205 0.557589306247625 0.556440776260069 0.557384454234193 0.561490691940181 0.567123913276908 0.572953625320398 0.577865892989443 0.582263731265572
-9999 -9999 -9999 -9999 -9999 -9999 -9999 -9999 -9999 -9999 -9999 0.499275123559462 0.745308476482316 0.743882715840183 0.743014152483346 0.743113453334523 0.743585409697441 0.743816483873343 0.726448561220836 0.665859735018123 0.587800379510253 0.568839026307739 0.555017472832047 0.53867557747751 0.540318657798318 0.534786922617116 0.533048700600543 0.528249284044564 0.5225968404564 0.519263318530107 0.515573120026299 0.508988120169071 0.5060627392995 0.505586690744686 0.508683729611584 0.51534920174012 0.514624846516745 0.517838707852108 0.52319011389409 0.530128961225546 0.541536220028265 0.54136856946304 0.546234547272461 0.551785827803815 0.555397912285564 0.564154604245471 0.563842518473986 0.562459662866983 0.563152919706319 0.562818258406824 0.563920278626024 0.56740224027271 0.570757005541668 0.572898231663704 0.574105290797955 0.573853615467167
-9999 -9999 -9999 -9999 -9999 -9999 -9999 -9999 -9999 -9999 -9999 -9999 0.693115908650487 0.743822152706206 0.743725900188677 0.744422620089706 0.746204757969277 0.747562691029929 0.74692226092683 0.743402862495466 0.679830220024569 0.617407062404989 0.569717277057164 0.53910298163723 0.542326378098491 0.544505010987623 0.538633979181013 0.5279359870508 0.519004507970041 0.513482936604356 0.509259818866338 0.502783188122256 0.499551146780821 0.499487694755662 0.503313609044719 0.509451359637108 0.510575666240148 0.513426564101799 0.518488982481975 0.524886318487754 0.533051110577418 0.533737220515601 0.536616304628531 0.54290487733012 0.550758954828318 0.560346760671294 0.564118546110453 0.566107178385749 0.56843632487521 0.569310813036634 0.570002502130969 0.572020085430612 0.573318282807574 0.573938064664541 0.573317133127907 0.571925289116233
-9999 -9999 -9999 -9999 -9999 -9999 -9999 -9999 -9999 -9999 -9999 -9999 0.517327589240861 0.675543824544128 0.743762555209994 0.744457311015319 0.747746804542816 0.750048785233013 0.749910821575621 0.747262201436712 0.743284775290527 0.710852606365218 0.604857397635203 0.542477368388796 0.559657370936293 0.56473090730775 0.544780620558757 0.527441208320179 0.513082566098278 0.505806925228018 0.500332630791186 0.493636066645088 0.489291661681226 0.489068048720681 0.493162657525596 0.498235335483715 0.501171971223826 0.503566889258292 0.508113474967877 0.51304830251401 0.516151514476325 0.518560653098608 0.517456778908205 0.525522447601179 0.539754094519923 0.551660094654754 0.563957486440709 0.569823779200882 0.57498322799838 0.577331291944184 0.576689561657207 0.577751343088054 0.577374666222538 0.57589868656249 0.575213268448158 0.573287032423893
-9999 -9999 -9999 -9999 -9999 -9999 -9999 -9999 -9999 -9999 -9999 -9999 -9999 0.543627809408382 0.730996200286736 0.74664897904607 0.725749063376995 0.703030422264895 0.727070867651267 0.749478534362224 0.747980434643172 0.746110986038981 0.699089734982478 0.598945165171649 0.578024757816186 0.56805055508869 0.547340330079663 0.521082851070815 0.502243687542282 0.496211522055631 0.490892531993191 0.484387590851525 0.480327294705806 0.479582129325482 0.482738893971512 0.488040674915647 0.490613807623106 0.493482240354477 0.497909206855234 0.502980934616637 0.506068123747559 0.504740171047968 0.503572907170828 0.513738918061134 0.532488538149485 0.551615988762066 0.567450526818733 0.577982428701166 0.585516070527814 0.587844485402941 0.587155722765941 0.585545544133828 0.582862400823195 0.579894973085759 0.577310702226507 0.573318805389241
-9999 -9999 -9999 -9999 -9999 -9999 -9999 -9999 -9999 -9999 -9999 -9999 -9999 0.413293366253827 0.664756887487727 0.741640753431765 0.673783650781247 0.583781394639018 0.565739549212723 0.64377886835589 0.703238825711503 0.750931277024828 0.750139333753205 0.681988510162285 0.636062704536545 0.585260005511023 0.554595435877842 0.519443962014137 0.486558790348033 0.482071644721916 0.480957063973818 0.464911224397086 0.468738284121492 0.467839573901902 0.470552110176505 0.476838911405824 0.477076038275222 0.481274007367376 0.486668696434873 0.493253876410351 0.499784578440767 0.498233540667696 0.493895787080848 0.506254467881346 0.530364300706481 0.555983099236181 0.571511508952366 0.586618508812347 0.596115803510612 0.596625529668526 0.598632138753164 0.593418968560307 0.588623863700985 0.583739815441954 0.578952026725969 0.574465454082796
-9999 -9999 -9999 -9999 -9999 -9999 -9999 -9999 -9999 -9999 -9999 -9999 -9999 -9999 0.54407643067552 0.713853578594427 0.708352956332954 0.575922740970092 0.515167859667857 0.543363610923947 0.637538716161614 0.710160756361999 0.664505811852453 0.664692846360969 0.721747412351049 0.68523904771149 0.623496701794746 0.542732721155955 0.487347136890237 0.475477068356689 0.449268734307202 0.451691579159002 0.447984862564931 0.446925483152862 0.455158667919232 0.457999485525379 0.457880624192603 0.459293412322515 0.466409427572011 0.478489297524444 0.490601877375447 0.493864113856974 0.497282710487022 0.511008519043238 0.530267901631476 0.552139824624987 0.570015357639975 0.584343083718246 0.594690618788589 0.598494386225764 0.599537877298269 0.597435217703251 0.59332981612793 0.58762949530517 0.580385572754663 0.573078522338792
-9999 -9999 -9999 -9999 -9999 -9999 -9999 -9999 -9999 -9999 -9999 -9999 -9999 -9999 0.408871501889703 0.592042407634132 0.735011060045299 0.616345517462241 0.508433460211168 0.502738462360172 0.546582165281422 0.622534381847052 0.482798983688077 0.447901021587655 0.533047759225892 0.585414401514782 0.675206169416629 0.661853596371449 0.571495726986025 0.552468319460812 0.452069543379254 0.456561718522327 0.443331912386696 0.431781088728199 0.440417851644056 0.439964844961705 0.436405567224763 0.434037231354601 0.441996177729856 0.458411213561441 0.480309346545611 0.486396517864389 0.498049519236993 0.514163178772757 0.529619827415278 0.548389046968837 0.565689740150214 0.578938544118962 0.589736022004523 0.595307892253555 0.599000036246676 0.59820393533529 0.596662841999544 0.592759888561988 0.5840433308741 0.573023233198431
-9999 -9999 -9999 -9999 -9999 -9999 -9999 -9999 -9999 -9999 -9999 -9999 -9999 -9999 -9999 0.466617272232269 0.694443229938495 0.690618514532097 0.550047470632237 0.483408280898449 0.453659686641425 0.456162442718733 0.473856137540462 0.464190538080803 0.452273373119995 0.444548218154537 0.482630125802659 0.519675719996011 0.615661513712246 0.696474028184434 0.638713861604844 0.552430902613461 0.474067398739506 0.425003770063639 0.424749324254206 0.423376015444975 0.422892314384614 0.420612357154583 0.423400147576652 0.430204561968007 0.443267877563606 0.465345179396534 0.490648542591954 0.513764275209124 0.529936791765157 0.545517147160113 0.561510236494524 0.574729044275591 0.585084522587271 0.589988637982312 0.593288950241577 0.594682257481918 0.596569195364832 0.594344565208755 0.588742594255709 0.587214669977969
-9999 -9999 -9999 -9999 -9999 -9999 -9999 -9999 -9999 -9999 -9999 -9999 -9999 -9999 -9999 0.339372420974118 0.641796021122174 0.744469421660117 0.614338580238759 0.502034211609542 0.392270507251123 0.338673624932019 0.249854030953547 0.26520485830066 0.356061407939807 0.393943920195676 0.39227138465318 0.313559748075791 0.406545292259005 0.596108910781096 0.69404313727947 0.679751478639239 0.535428605155515 0.44814214479156 0.433150481358167 0.42162463657281 0.415171514045642 0.410011789102197 0.404671073171177 0.398971338860126 0.404782419673475 0.439196850455363 0.480209787045236 0.513051969870125 0.529797746577623 0.543681004215224 0.560450754423011 0.57206910359097 0.58241778834098 0.586834962138785 0.5870713780849 0.588019863810359 0.590272190794783 0.586915753264491 0.582698623728783 0.58821353257612
-9999 -9999 -9999 -9999 -9999 -9999 -9999 -9999 -9999 -9999 -9999 -9999 -9999 -9999 -9999 0.264368403793472 0.539498220242813 0.717077380653836 0.738485758003212 0.607492204396439 0.448053887711352 0.343275744161843 0.242327332864481 0.203947532432447 0.242359786877092 0.271788709771412 0.344570597082454 0.407356529436226 0.480593104882041 0.536195707106559 0.603466470207123 0.669732468029156 0.657179193287342 0.530445716012218 0.479743662767236 0.445993750016241 0.428596070717612 0.408558992438189 0.392241014346725 0.379073126180527 0.376057456462407 0.422207194698899 0.475875200780776 0.51197114763244 0.532359866340674 0.545088316644239 0.555287961102844 0.56673479896772 0.574078221067609 0.577126230898085 0.582565156371051 0.572080809420308 0.565479557803779 0.559393780743499 0.551646821080415 0.550954922953413
-9999 -9999 -9999 -9999 -9999 -9999 -9999 -9999 -9999 -9999 -9999 -9999 -9999 -9999 -9999 -9999 0.392572784080369 0.614789917366259 0.682558461183126 0.740764785944529 0.582675968487172 0.471035774032765 0.336611994695918 0.260875350130703 0.255951045774459 0.233935622219959 0.261209588092626 0.26209668207778 0.383937433452868 0.498119024065813 0.521137289592494 0.584220803333625 0.693918918102042 0.642454085764021 0.562566060494368 0.497034709144095 0.459188945594599 0.428100515276778 0.408892079360937 0.394761234466694 0.379709452389475 0.434578722519767 0.48597579187394 0.51588631223846 0.530768024223863 0.538437304111684 0.539247789812943 0.546006910698351 0.548402006994177 0.54773989602219 0.555181667991793 0.536053627418994 0.523964554723826 0.517261361218114 0.509855607062507 0.512373928115393
-9999 -9999 -9999 -9999 -9999 -9999 -9999 -9999 -9999 -9999 -9999 -9999 -9999 -9999 -9999 -9999 -9999 0.409027538827131 0.568906466326757 0.635333493807919 0.669823870836302 0.675393069680419 0.53481802272541 0.417942755805094 0.354000095231755 0.30149408052285 0.264466526206172 0.253700459888904 0.327074140100109 0.467750761147609 0.455600398925666 0.530616176835269 0.609142960199813 0.687073631569515 0.681865649090233 0.582338878509275 0.521477563370317 0.481487907205933 0.452380191653249 0.452956928431785 0.467516118663288 0.481004045922564 0.503147641351623 0.516458000665877 0.518674969827771 0.515354126475474 0.513618419217378 0.506554307734012 0.500976019545464 0.497190963715203 0.485086935634645 0.479578011806379 0.468026809607762 0.466087030760226 0.472699009890771 0.483153918781664
-9999 -9999 -9999 -9999 -9999 -9999 -9999 -9999 -9999 -9999 -9999 -9999 -9999 -9999 -9999 -9999 -9999 -9999 -9999 0.523411999156036 0.521081537526815 0.632684014491536 0.70070949785039 0.600420281378232 0.486577316663935 0.389226207087308 0.30974851320779 0.260251222290947 0.296092822577273 0.38037982273818 0.485982109428038 0.506796685391559 0.564690942492345 0.610409562122364 0.696259179019557 0.691489244880376 0.599639571690652 0.540555149876889 0.502908086201729 0.500415720215147 0.518675598517391 0.509376650353979 0.511043830443539 0.512818411676445 0.504407918929538 0.498394651799798 0.495435422493324 0.482106062958525 0.471253847163418 0.46072070089997 0.440794334066749 0.439362811781982 0.43178299389649 0.435062423580128 0.449213907797516 0.463139100359093
-9999 -9999 -9999 -9999 -9999 -9999 -9999 -9999 -9999 -9999 -9999 -9999 -9999 -9999 -9999 -9999 -9999 -9999 -9999 -9999 -9999 0.522130057778187 0.610894241300607 0.694289333762919 0.649688792838838 0.483994014305022 0.395288558429606 0.310515502208645 0.279283403679268 0.32801460525806 0.388927360272443 0.518224940335619 0.525401252698836 0.58003963350398 0.650825987122679 0.708838874645134 0.72139515909867 0.623654253270306 0.551174616286186 0.538646867318215 0.513900281730163 0.505890753693869 0.506532347632127 0.496232954270451 0.495329106038523 0.490898022018662 0.488344843442243 0.485118925590757 0.471584112410434 0.451744923871129 0.433904716315745 0.427498905467786 0.427501657377538 0.432278972708055 0.438662556592628 0.455403270359165
-9999 -9999 -9999 -9999 -9999 -9999 -9999 -9999 -9999 -9999 -9999 -9999 -9999 -9999 -9999 -9999 -9999 -9999 -9999 -9999 -9999 -9999 -9999 0.483245892036145 0.644986674873411 0.684815340087571 0.565912293224947 0.426394743857466 0.344778657336153 0.32732890343759 0.335065209729591 0.407360895446891 0.499026321328607 0.587376190159819 0.627701218455099 0.66472155116477 0.719471411441553 0.749010247571992 0.670081729338192 0.60723612412663 0.551995487568584 0.518759528581606 0.499760929100275 0.486838464914833 0.483910169790343 0.485753868152002 0.48659711494892 0.483971615844657 0.4719322011408 0.451024558572045 0.432733461187965 0.427350725711877 0.427720963416284 0.429766690789295 0.432945464081598 0.443206912178318
-9999 -9999 -9999 -9999 -9999 -9999 -9999 -9999 -9999 -9999 -9999 -9999 -9999 -9999 -9999 -9999 -9999 -9999 -9999 -9999 -9999 -9999 -9999 -9999 -9999 0.606296669452193 0.670976845218558 0.608786533475351 0.468967740314355 0.397907767918656 0.358538100256477 0.345317237827542 0.348910782133038 0.42427376233699 0.562157274168659 0.646417977740699 0.692295080139002 0.744443079100276 0.749750981779363 0.726837841588971 0.625673691867502 0.552124460723979 0.506175601553902 0.472822746618702 0.474854583930168 0.481756601721791 0.482620752846465 0.478840025690133 0.467239340047786 0.448222796915848 0.430446624183553 0.425635439194543 0.427200111574263 0.426837917913748 0.42376699831521 0.426870834988096
-9999 -9999 -9999 -9999 -9999 -9999 -9999 -9999 -9999 -9999 -9999 -9999 -9999 -9999 -9999 -9999 -9999 -9999 -9999 -9999 -9999 -9999 -9999 -9999 -9999 0.433442576273458 0.606937392505127 0.654872685404731 0.646289684260648 0.522913109666554 0.421116872019354 0.351130514876559 0.307739579397385 0.338619063029039 0.433077121635562 0.537220383967486 0.673087914199057 0.735355791370396 0.750999539580195 0.745584151891596 0.723195294309819 0.603039488015631 0.519246763036791 0.466241666919786 0.465424878936677 0.480339858417942 0.483149695685147 0.480136410743264 0.468765274005604 0.449573137862913 0.432484095827306 0.425967996903877 0.425269011826716 0.423468733635101 0.420514452673001 0.42147529254739
-9999 -9999 -9999 -9999 -9999 -9999 -9999 -9999 -9999 -9999 -9999 -9999 -9999 -9999 -9999 -9999 -9999 -9999 -9999 -9999 -9999 -9999 -9999 -9999 -9999 -9999 -9999 0.565069650516828 0.634686045952445 0.658415502139828 0.50336986688437 0.400340720746663 0.350690897293581 0.336801347255434 0.377433003685217 0.449797963438404 0.571163888423341 0.672987605709172 0.750996516074797 0.746611561701584 0.73461633651052 0.660849557827367 0.531868231058152 0.454684386857639 0.461924238046002 0.481433112528633 0.479499356633761 0.483675576778855 0.473282852984167 0.449792338058976 0.433869047331644 0.424676081117713 0.422525146118007 0.421447138393767 0.419709624913047 0.4245808227032
-9999 -9999 -9999 -9999 -9999 -9999 -9999 -9999 -9999 -9999 -9999 -9999 -9999 -9999 -9999 -9999 -9999 -9999 -9999 -9999 -9999 -9999 -9999 -9999 -9999 -9999 -9999 0.476798093808873 0.569428110312161 0.658057839057384 0.608460592525312 0.466417355029791 0.380410464194849 0.347787923571964 0.376603461658832 0.443466903985167 0.527443494018115 0.621655962385982 0.740958209649237 0.747312236433774 0.738944931609327 0.709233226764534 0.568242865142117 0.474121243220091 0.457989853841244 0.469144296652683 0.466820308866611 0.467149162082047 0.457895653853559 0.441491096447571 0.427492343221453 0.417514871042665 0.414141982270121 0.416378544000206 0.422986620214982 0.434992673252168
-9999 -9999 -9999 -9999 -9999 -9999 -9999 -9999 -9999 -9999 -9999 -9999 -9999 -9999 -9999 -9999 -9999 -9999 -9999 -9999 -9999 -9999 -9999 -9999 -9999 -9999 -9999 -9999 0.513177865498531 0.624149485535305 0.689219810641282 0.523534961888629 0.393247435213296 0.339100223865013 0.382362520793588 0.459484368239513 0.524344023355894 0.596899149582912 0.709659892495628 0.747765916967154 0.740949419891629 0.719195317094504 0.604126479104415 0.494822228879139 0.464099622705434 0.449901991078349 0.446838057096875 0.442172723324754 0.434343751763968 0.427489908839748 0.416336206927089 0.410882980224261 0.404466690950705 0.411403091167503 0.428869038996533 0.448748411678595
-9999 -9999 -9999 -9999 -9999 -9999 -9999 -9999 -9999 -9999 -9999 -9999 -9999 -9999 -9999 -9999 -9999 -9999 -9999 -9999 -9999 -9999 -9999 -9999 -9999 -9999 -9999 -9999 0.480761950301765 0.593290923662919 0.671046443950216 0.551587675844419 0.403160528580276 0.342002350845168 0.381698834251139 0.467874464783122 0.528315002668227 0.599205026730986 0.70548428538923 0.748513603191007 0.743111649503572 0.725675653734527 0.630612197645814 0.516592435462867 0.473568756618329 0.457537693900355 0.434446842537008 0.420329439663479 0.412843610080307 0.417766564942345 0.418849547272677 0.413189080596941 0.405722408539354 0.416568531615818 0.440826616085 0.471472094775336
-9999 -9999 -9999 -9999 -9999 -9999 -9999 -9999 -9999 -9999 -9999 -9999 -9999 -9999 -9999 -9999 -9999 -9999 -9999 -9999 -9999 -9999 -9999 -9999 -9999 -9999 -9999 -9999 0.44325556960367 0.584782616757421 0.668853045081437 0.557935679477667 0.387814794912271 0.319641430313362 0.370630520922822 0.469563449393782 0.532763354298402 0.601699546178468 0.705339394184044 0.749146140894346 0.744024698903496 0.72960019091364 0.638759677957729 0.523610288123185 0.484283702677221 0.46715572432838 0.435418584207725 0.407666738622249 0.399670958993383 0.416002908318976 0.43154421280411 0.42078583331168 0.412195852861618 0.428427675009289 0.461184080165235 0.496648718122494
-9999 -9999 -9999 -9999 -9999 -9999 -9999 -9999 -9999 -9999 -9999 -9999 -9999 -9999 -9999 -9999 -9999 -9999 -9999 -9999 -9999 -9999 -9999 -9999 -9999 -9999 -9999 -9999 0.444785693648793 0.593016951919118 0.668919749670498 0.540004246936321 0.377536861817707 0.30888977183129 0.346869976444777 0.436799582328698 0.518934589063071 0.612565947280499 0.720588454289034 0.749796138078633 0.744390578221124 0.729229147746305 0.634238821569778 0.522735152172711 0.486320818859332 0.474183533893708 0.446546142977734 0.426144013285361 0.416764763949716 0.421702854315393 0.428471811408013 0.430584007985818 0.434550462523462 0.456180367336226 0.4902490376615 0.527786673266146
-9999 -9999 -9999 -9999 -9999 -9999 -9999 -9999 -9999 -9999 -9999 -9999 -9999 -9999 -9999 -9999 -9999 -9999 -9999 -9999 -9999 -9999 -9999 -9999 -9999 -9999 -9999 -9999 0.435184439871409 0.605936583356455 0.666970807076182 0.510288591373141 0.353933784790985 0.290787630096665 0.333526733413862 0.403937969546056 0.516040400284126 0.627569343335489 0.737961094763531 0.750067144604816 0.744034657482493 0.727223880091391 0.616282939368707 0.509821972167858 0.489309293109182 0.479865921411386 0.460001394027713 0.444900289260313 0.436472671485654 0.43354633299181 0.43252251672116 0.447807258543205 0.46056871080748 0.486558156883556 0.522916319564757 0.559745582721669
