meets/meet006/_saidas_enm/CCSM_Gower_0k_T_nigriceps3.asc
NCOLS 154 
NROWS 168 
XLLCORNER -112 
YLLCORNER -55.5 
CELLSIZE 0.5 
NODATA_value -9999 
[rows 75 to 99 of 168, columns 56 to 111 of 154]
-9999 -9999 -9999 -9999 -9999 -9999 -9999 -9999 -9999 -9999 -9999 0.519332930769032 0.748695427569078 0.7483508699111 0.747412065322524 0.747080763433796 0.746419689416444 0.738996917779279 0.631050773952739 0.593157255697378 0.573697569751031 0.553147100013229 0.540629185314731 0.532563979795651 0.535265806997094 0.53609474253298 0.531938894952575 0.52695851535494 0.522518050105438 0.519454597359899 0.515655112581784 0.509841179123821 0.50491202172235 0.503383094563029 0.505340675656573 0.507963454328033 0.510331795543609 0.512557076104378 0.517409861063943 0.523752753774852 0.529605567080443 0.534789689967996 0.538673700823688 0.543796496658767 0.549247623140801 0.553394126669427 0.555331137862702 0.555744209393023 0.555929586788066 0.554749336385909 0.555719077115827 0.559938722015267 0.565727523196035 0.571718241817521 0.576766177835482 0.581285476809179
-9999 -9999 -9999 -9999 -9999 -9999 -9999 -9999 -9999 -9999 -9999 0.497995410219815 0.748687815364167 0.748713938274465 0.748635867696352 0.748667464582925 0.748707466988068 0.748712496642543 0.72945315746654 0.667203133663229 0.586975037715892 0.567490004686561 0.553286723775428 0.536505558602526 0.538189743383327 0.532519622400429 0.530737915791877 0.525818433635138 0.520024584518353 0.516607668848663 0.5128251537278 0.506075418854422 0.503076832964722 0.502588870580706 0.505763413447354 0.512595633743324 0.511853157537107 0.51514741910185 0.520632699704176 0.527745134150589 0.539437765011598 0.539265920381199 0.544261228981101 0.549965826292973 0.553677670309585 0.562676206977518 0.562355501936036 0.560934454245533 0.56164685764143 0.561302953574844 0.562435409689172 0.566013537102754 0.56946095519434 0.571661318283701 0.572901714306498 0.572643088137748
-9999 -9999 -9999 -9999 -9999 -9999 -9999 -9999 -9999 -9999 -9999 -9999 0.691808505562744 0.748712620032664 0.748710524961228 0.748707973725102 0.748667419771986 0.748464626427313 0.748651092426254 0.74870349359144 0.681559815854568 0.617437262342981 0.568392511204836 0.536943655007149 0.540247690235246 0.542483925891203 0.536462919653609 0.525497298982081 0.516342383700485 0.510682680798304 0.506353914558561 0.499715206099633 0.496402278075263 0.49633723806799 0.500258901601362 0.506550247048792 0.507702680101403 0.510624898041333 0.515813961462009 0.522371337752235 0.530740386058439 0.531443660208345 0.534394769526761 0.540840661613015 0.548910592859431 0.558763197340446 0.562639152979088 0.564682707843211 0.567076181335982 0.567974821350073 0.56868561370256 0.57075891916832 0.572092970514684 0.572729869676099 0.57209178908285 0.570661504743463
-9999 -9999 -9999 -9999 -9999 -9999 -9999 -9999 -9999 -9999 -9999 -9999 0.516067430270017 0.674104055234479 0.748711322809327 0.748707184305728 0.748401257998199 0.746880701209161 0.747013082271884 0.748568049327613 0.748695908806555 0.713437814268076 0.604507931126057 0.540402457805499 0.558054767851627 0.563268426535029 0.542767147322678 0.524990142516617 0.510272294340333 0.502814616762356 0.497203319895287 0.490333508178041 0.485869175119636 0.485639389282368 0.489847030513119 0.495053536626607 0.498063666081343 0.500518520532223 0.505178891369496 0.510237173593996 0.513418017702675 0.515887425041504 0.514755935553223 0.523023380721704 0.53761105659046 0.549836620611492 0.562473645119435 0.568501954753821 0.573803898616091 0.576216812032676 0.575557358263521 0.576648464263659 0.576261384233686 0.574744640564629 0.574040292385783 0.572060857049378
-9999 -9999 -9999 -9999 -9999 -9999 -9999 -9999 -9999 -9999 -9999 -9999 -9999 0.542394936626174 0.730073678155848 0.748657311171002 0.71174136187155 0.687942194170872 0.713126032787194 0.747386784057682 0.748287286442825 0.748669553626222 0.701354283155527 0.598427623108812 0.576929430234361 0.566679757254231 0.545397551599612 0.518472720102959 0.499162203708344 0.492979074231574 0.487514237749702 0.480829726516682 0.476657345152367 0.475891609345271 0.479135517057398 0.484583654635321 0.487227819142344 0.490175435484511 0.494719246139975 0.499917901496675 0.503082352166671 0.501721165458719 0.500524689052048 0.510945066068344 0.530163739920557 0.549791296590225 0.566063157239782 0.576885932062291 0.584627640064646 0.587020361737159 0.586312576665705 0.584657927680754 0.581900680586007 0.578851297619582 0.576195653662558 0.572093507529154
-9999 -9999 -9999 -9999 -9999 -9999 -9999 -9999 -9999 -9999 -9999 -9999 -9999 0.412181873611386 0.663374773128056 0.728389818857948 0.657369902540736 0.564282389283518 0.545695083343679 0.626149135241816 0.688160509542411 0.745318007253855 0.746769434047301 0.683777779950512 0.636582648217388 0.584364502974348 0.552853030889459 0.516792831437917 0.483060862372866 0.478449848270085 0.477304499316342 0.460832608603918 0.464755458605761 0.463834253910655 0.466614684239966 0.473072664392621 0.47331633719267 0.477630191990315 0.483173802437358 0.489940767511891 0.496641551712668 0.495051696892624 0.490600398243989 0.50327335984194 0.527986361050512 0.554279019113086 0.57023629668612 0.585760525790549 0.59552011936536 0.596043923279394 0.598105951441285 0.5927488024915 0.587821265117711 0.58280232788113 0.577882308709921 0.573271824679219
-9999 -9999 -9999 -9999 -9999 -9999 -9999 -9999 -9999 -9999 -9999 -9999 -9999 -9999 0.542844704136769 0.71279958769789 0.693517874523112 0.556186144328072 0.493718128757189 0.522642683574936 0.619664960081429 0.698236810719667 0.651494031197772 0.651686435179591 0.7100005315807 0.687118229660187 0.623697667589419 0.540664198658175 0.483870971365724 0.471673227416744 0.444798591186683 0.447282079194654 0.443482584479389 0.442396689085052 0.450835948255729 0.453747870763873 0.453626034363849 0.455074184201357 0.462368311402084 0.474768609722253 0.487215559558014 0.490567850674971 0.494077070760345 0.508146361456514 0.527887550388032 0.550329599894948 0.568698824258522 0.583422257385293 0.594055573502787 0.597964394426994 0.599036704920681 0.596875973499206 0.592657187822918 0.586799433984203 0.579355446804014 0.57184658827585
-9999 -9999 -9999 -9999 -9999 -9999 -9999 -9999 -9999 -9999 -9999 -9999 -9999 -9999 0.407771189370114 0.590933261968523 0.734117694762947 0.597831025760336 0.48681516909011 0.48097762697186 0.525958512736603 0.604206998562597 0.467012771799294 0.431730000277903 0.518016959270073 0.57117085231385 0.670503701589089 0.663086271699842 0.570220078849126 0.550667167190788 0.447669503757865 0.452274116838738 0.438713172207388 0.426873234533813 0.435726173306709 0.435261827988719 0.431613462485594 0.429185847804438 0.437344004470697 0.45416990424214 0.476638901529924 0.482894110327597 0.494863070049568 0.511379940386147 0.527223263488648 0.546475232238 0.564253740684578 0.577868453736595 0.588964139312756 0.594689894994747 0.598484009628162 0.59766592178457 0.596082266112552 0.592071519841941 0.583114225885303 0.571789772144924
-9999 -9999 -9999 -9999 -9999 -9999 -9999 -9999 -9999 -9999 -9999 -9999 -9999 -9999 -9999 0.465370956861074 0.693152291753266 0.674942653995229 0.529528584933135 0.461163616257797 0.430670422673238 0.433235822063237 0.45137238531606 0.448124577248584 0.436102338026294 0.428377207414584 0.466841375399051 0.50444389229585 0.601876541599209 0.694395987705459 0.639307070047421 0.550628716954736 0.47022464361165 0.41992628140261 0.419665466882879 0.418257784522851 0.41776197655481 0.415424952607421 0.418282520675304 0.425257247732069 0.438647534609868 0.461277425380498 0.487263512976367 0.510971057568692 0.527548157242995 0.543524015516691 0.559958806356445 0.573542694777885 0.584184173515323 0.589223732107553 0.592615193291365 0.594046981271268 0.595986033119529 0.593699962520756 0.587943274805294 0.58637315189792
-9999 -9999 -9999 -9999 -9999 -9999 -9999 -9999 -9999 -9999 -9999 -9999 -9999 -9999 -9999 0.338447828060269 0.64053602563883 0.748706908718453 0.595763412647958 0.480255749014015 0.367744688604181 0.312806290709987 0.221763566139966 0.237498620574283 0.330629285258296 0.375902112950137 0.376100373913227 0.297388737335838 0.390374281519052 0.593868884356635 0.691933731677707 0.681478897370776 0.53317735772328 0.443643803437925 0.428276902693662 0.416462569107715 0.409847926656186 0.404559055182657 0.399084662565726 0.393242265435098 0.399198796041083 0.43447461078607 0.476536593671311 0.510240932695286 0.527405633602658 0.541637161474913 0.558870063219975 0.570809291125606 0.581443788674934 0.585982957184021 0.586225902530247 0.58720058379329 0.589515116158972 0.586065979621083 0.58173238025111 0.58739960135587
-9999 -9999 -9999 -9999 -9999 -9999 -9999 -9999 -9999 -9999 -9999 -9999 -9999 -9999 -9999 0.263624894894022 0.53825479621191 0.728131662228259 0.725084553805458 0.588710049793244 0.424924312100955 0.317523599748585 0.214048476818451 0.174708040285574 0.214081743146285 0.244247264079756 0.318850862490165 0.383208309874375 0.479282756622968 0.534479112164186 0.601177398952382 0.667495344834302 0.658282691422765 0.528069813099149 0.476057601947262 0.441441634918167 0.423608496377514 0.403069895408187 0.386343482706043 0.372846005834277 0.369754854712741 0.417059708507298 0.4720823503593 0.509133071843684 0.530031849166726 0.543083341442612 0.553564682465098 0.565327662221676 0.572873896956952 0.57600608755465 0.581595226755473 0.570821320249733 0.564037753464745 0.557783897752961 0.549822980443954 0.54911197328568
-9999 -9999 -9999 -9999 -9999 -9999 -9999 -9999 -9999 -9999 -9999 -9999 -9999 -9999 -9999 -9999 0.391513680800238 0.628440321327602 0.679704172200597 0.731090674941209 0.563143542696998 0.448481428866959 0.310693058422571 0.233060745977191 0.228013187604957 0.205446723909451 0.233403349825567 0.234312647535008 0.359203040205968 0.496659817190573 0.519525519686628 0.582060021965624 0.69180790973409 0.643150655352239 0.561043790391624 0.493822862811785 0.454967102699288 0.423100537317039 0.403411319407186 0.388926783259002 0.373498259117398 0.429740892348092 0.482461770119141 0.513146180977963 0.52840018440109 0.536261324421572 0.537092085806656 0.544027305477971 0.546488550196856 0.545808152863371 0.553455453721901 0.533818015985985 0.521426514493724 0.514555629155915 0.506964607413841 0.509545928568217
-9999 -9999 -9999 -9999 -9999 -9999 -9999 -9999 -9999 -9999 -9999 -9999 -9999 -9999 -9999 -9999 -9999 0.407926831787949 0.585077434650474 0.633633375397581 0.667279799018864 0.659044545343514 0.51386010979443 0.394059506647132 0.32851637844657 0.27469615228599 0.236741808225692 0.22570627015891 0.300916473886892 0.445114192991227 0.454470914263197 0.528938422260009 0.606816049972641 0.684913690387952 0.683651521927164 0.581362699489965 0.518877306804653 0.477849996573084 0.447987927474757 0.448579099820021 0.463502702674258 0.477352778210385 0.500088780317779 0.513732171167623 0.516004601598857 0.512600681679342 0.510821552740245 0.503580703636707 0.497862810418284 0.493983027887932 0.481548376840599 0.475887378161298 0.464026176075965 0.462037845084655 0.468818480138175 0.479561998703431
-9999 -9999 -9999 -9999 -9999 -9999 -9999 -9999 -9999 -9999 -9999 -9999 -9999 -9999 -9999 -9999 -9999 -9999 -9999 0.536584796705206 0.519381419116476 0.630983896081198 0.697417148554418 0.581424320777363 0.464411972137691 0.36462419042458 0.283157191204935 0.232420996385168 0.269159702304131 0.355556383450217 0.484619700856628 0.505284707042 0.562742388605417 0.608074208840542 0.694178366400366 0.693545142743032 0.599141207936543 0.538432151715084 0.499843229940904 0.497288488756724 0.516005246016221 0.50647366878537 0.508182556231791 0.510001531644561 0.501380598232616 0.495216840072489 0.492182535573954 0.478485216628418 0.467333985515264 0.456537197428716 0.436112078983366 0.434644726080137 0.426875187387954 0.430236700316133 0.444742392384179 0.459016128777024
-9999 -9999 -9999 -9999 -9999 -9999 -9999 -9999 -9999 -9999 -9999 -9999 -9999 -9999 -9999 -9999 -9999 -9999 -9999 -9999 -9999 0.520869759753144 0.609798495192815 0.691155327106501 0.632298567503001 0.461764010414283 0.370838280793394 0.283943377734565 0.251929548163997 0.301880478635257 0.364317863554172 0.49685172733332 0.523759800385248 0.577906723438512 0.648455065978926 0.706920516365898 0.724262927451692 0.62385915839026 0.549337734168866 0.536476130209571 0.511110466525103 0.502900543161315 0.50355819395033 0.493001042819721 0.49207328423395 0.487519879328332 0.484896219789791 0.481581249885307 0.467672805708741 0.447336759110604 0.429050015949736 0.422483869376045 0.42248669016536 0.427383580416015 0.433926943691394 0.451086673029065
-9999 -9999 -9999 -9999 -9999 -9999 -9999 -9999 -9999 -9999 -9999 -9999 -9999 -9999 -9999 -9999 -9999 -9999 -9999 -9999 -9999 -9999 -9999 0.481957533310168 0.643709720402938 0.668865024244067 0.545873049939036 0.402723045691318 0.319064130436156 0.301177613882313 0.309107557843807 0.383212785165115 0.477172572046888 0.585194375266649 0.625296691717214 0.662450127009139 0.717692826977352 0.747765490265129 0.671541827660212 0.606958621502758 0.550181276498336 0.516091275734315 0.496617310511954 0.483348257407295 0.480339126159684 0.482233720152222 0.483100244931377 0.480402268443579 0.468030503492249 0.446598363261482 0.427849444620559 0.422331980720627 0.422711485375377 0.42480841675531 0.428066753889703 0.438585043277353
-9999 -9999 -9999 -9999 -9999 -9999 -9999 -9999 -9999 -9999 -9999 -9999 -9999 -9999 -9999 -9999 -9999 -9999 -9999 -9999 -9999 -9999 -9999 -9999 -9999 0.605224009317993 0.668398627974869 0.590043510423691 0.44636163281979 0.373523048392766 0.333167968518726 0.319616191452649 0.323299681207339 0.400548976572812 0.54200450510008 0.644026998930103 0.690163119832404 0.735137246041932 0.74716645427212 0.729853249581728 0.62592908985332 0.550313811669531 0.503192519766344 0.468945632641139 0.471033559193644 0.478126108450253 0.479014114624961 0.475129019803179 0.463218996364318 0.44372647426323 0.425505368699883 0.420573761042275 0.422177596751585 0.421806337480987 0.418658553589359 0.421840078460869
-9999 -9999 -9999 -9999 -9999 -9999 -9999 -9999 -9999 -9999 -9999 -9999 -9999 -9999 -9999 -9999 -9999 -9999 -9999 -9999 -9999 -9999 -9999 -9999 -9999 0.432280138910686 0.605237274094789 0.65274449002451 0.628761705397521 0.501657240283957 0.397313070138068 0.325574973265491 0.281097974320602 0.312750363137224 0.409572681591156 0.516322593730357 0.65664597028134 0.7245221081793 0.745177039081566 0.748681542152788 0.726112986541563 0.602635024078336 0.516590699191411 0.462196351745773 0.461359119778733 0.476670255688078 0.479557659027562 0.476461191803086 0.464783124039427 0.445110613881669 0.427593837711871 0.42091464258179 0.420198162095807 0.418352823424383 0.415324597602948 0.416309487041433
-9999 -9999 -9999 -9999 -9999 -9999 -9999 -9999 -9999 -9999 -9999 -9999 -9999 -9999 -9999 -9999 -9999 -9999 -9999 -9999 -9999 -9999 -9999 -9999 -9999 -9999 -9999 0.56336953210649 0.632985927542107 0.641378938642145 0.481624835381783 0.376016897376874 0.325124352172437 0.310887150425815 0.352535806307501 0.426712041575217 0.551283417022798 0.656541596652615 0.74514928884068 0.748658162632189 0.743577874089841 0.662054486536903 0.529527914788082 0.450349796066497 0.457770858786395 0.477793689278682 0.475806551698237 0.480098057165157 0.469418440327074 0.44533530059979 0.42901345418054 0.419590390490344 0.417385618165065 0.416280628196904 0.414499625220239 0.41949274778329
-9999 -9999 -9999 -9999 -9999 -9999 -9999 -9999 -9999 -9999 -9999 -9999 -9999 -9999 -9999 -9999 -9999 -9999 -9999 -9999 -9999 -9999 -9999 -9999 -9999 -9999 -9999 0.475097975398534 0.567727991901822 0.65584410514366 0.589707715275602 0.443747412076265 0.355587791854319 0.32214871779794 0.351685501066906 0.420222517403588 0.506301018939549 0.60330202177776 0.727674766122603 0.748550828217034 0.746723292863597 0.716289299847351 0.56687737857919 0.47027997447898 0.453737998001271 0.465171633521605 0.462789476945177 0.463126561268307 0.453641440213184 0.436826281139517 0.422477142878448 0.412249937249715 0.408792625976726 0.411085168246457 0.417858642834793 0.43016520415619
-9999 -9999 -9999 -9999 -9999 -9999 -9999 -9999 -9999 -9999 -9999 -9999 -9999 -9999 -9999 -9999 -9999 -9999 -9999 -9999 -9999 -9999 -9999 -9999 -9999 -9999 -9999 -9999 0.511477747088192 0.639742282565994 0.673477799808759 0.502294657300201 0.368746068810968 0.313243567299744 0.357588707905649 0.436640894487952 0.503123969358779 0.577796734331093 0.694886970181434 0.74839467985905 0.74774550586666 0.730043030099712 0.603754900033155 0.491552414637766 0.460000692739818 0.445447698204799 0.442307074778355 0.437524968954437 0.429500040337359 0.422474647564823 0.411041771487766 0.405452051984615 0.398875164713147 0.40598518116513 0.423888296979172 0.444265245022375
-9999 -9999 -9999 -9999 -9999 -9999 -9999 -9999 -9999 -9999 -9999 -9999 -9999 -9999 -9999 -9999 -9999 -9999 -9999 -9999 -9999 -9999 -9999 -9999 -9999 -9999 -9999 -9999 0.479061831891427 0.609442243238759 0.681262010543347 0.531115355289079 0.378907284243517 0.316218333739067 0.356908409467224 0.445240992895527 0.507194341217196 0.580172325242014 0.690512766051576 0.748020367684248 0.748666928398701 0.73574474730143 0.630991072509087 0.513869969080624 0.469712236383409 0.453274520618455 0.42960571144477 0.41513495376747 0.40746175587958 0.412507930980131 0.413618020067438 0.407815873430495 0.400162312575912 0.411279911201081 0.436145169011867 0.467557695806314
-9999 -9999 -9999 -9999 -9999 -9999 -9999 -9999 -9999 -9999 -9999 -9999 -9999 -9999 -9999 -9999 -9999 -9999 -9999 -9999 -9999 -9999 -9999 -9999 -9999 -9999 -9999 -9999 0.441555451193331 0.600956810119977 0.669480046404714 0.53765527860903 0.36317745098173 0.293297725369671 0.345563059227852 0.446972252337542 0.511754020207841 0.582742261689627 0.690360983641987 0.747655592557572 0.748717028735556 0.739161697266389 0.639354152535843 0.521063385309113 0.480722970490303 0.463133287765904 0.430601775548618 0.402155308718781 0.393959396872462 0.410700130504974 0.426630429668938 0.415602770826156 0.406797785471612 0.423435885769821 0.457012174952585 0.493427211785846
-9999 -9999 -9999 -9999 -9999 -9999 -9999 -9999 -9999 -9999 -9999 -9999 -9999 -9999 -9999 -9999 -9999 -9999 -9999 -9999 -9999 -9999 -9999 -9999 -9999 -9999 -9999 -9999 0.443085575238454 0.609169010565534 0.664851175149813 0.519181789074598 0.352642263981164 0.282276955762331 0.321207794700604 0.413388314476059 0.497579138377898 0.593937187539843 0.706335307851153 0.747123125188222 0.748708702863095 0.738839623176963 0.634708362219963 0.520166356338432 0.482816321637644 0.470343984698049 0.442007854127183 0.421095064606047 0.411481055177613 0.416542744619396 0.423481126890756 0.425646191181834 0.429711925011666 0.451883220534832 0.486852979639153 0.525344249858132
-9999 -9999 -9999 -9999 -9999 -9999 -9999 -9999 -9999 -9999 -9999 -9999 -9999 -9999 -9999 -9999 -9999 -9999 -9999 -9999 -9999 -9999 -9999 -9999 -9999 -9999 -9999 -9999 0.433484321461071 0.621886440106772 0.662887112237157 0.488716733687012 0.328448408273271 0.263721722280039 0.307530573878937 0.379704184347949 0.49461250883083 0.609394182432628 0.724534901322685 0.746858140981896 0.748716802120236 0.737099928146569 0.616279131083598 0.506930131084867 0.485887293266389 0.476183235563672 0.455799886498561 0.440320805133083 0.431682246348119 0.42868266238742 0.427633220270383 0.443300535076682 0.456381403065016 0.483060211421485 0.520352055942156 0.558145415894163
