meets/meet006/_saidas_enm/CCSM_SVM_0k_S_lineola4.asc
NCOLS 154 
NROWS 168 
XLLCORNER -112 
YLLCORNER -55.5 
CELLSIZE 0.5 
NODATA_value -9999 
[rows 96 to 119 of 168, columns 56 to 111 of 154]
-9999 -9999 -9999 -9999 -9999 -9999 -9999 -9999 -9999 -9999 -9999 -9999 -9999 -9999 -9999 -9999 -9999 -9999 -9999 -9999 -9999 -9999 -9999 -9999 -9999 -9999 -9999 -9999 0.0739985778366115 0.444948376149032 0.468681409207984 0.122230695089999 0.0113903191543718 0.0113139647571867 -0.0209375373339602 -0.0333777366383117 -0.0335908262523757 -0.00504945412796526 0.151170417430121 0.571691292636799 0.990071023842752 0.820817693707681 0.336049324218185 0.0522113605075028 -0.0189072741601816 -0.0343634752288233 -0.0435813504773971 -0.0346094256273806 -0.050222100726754 -0.0823733728654386 -0.0969221415456486 -0.0970656179022402 -0.0749878002459936 -0.0616465842425535 -0.053034634058865 -0.0290132986267024
-9999 -9999 -9999 -9999 -9999 -9999 -9999 -9999 -9999 -9999 -9999 -9999 -9999 -9999 -9999 -9999 -9999 -9999 -9999 -9999 -9999 -9999 -9999 -9999 -9999 -9999 -9999 -9999 0.0502080926582351 0.425018314137778 0.521606348271456 0.128692063532899 0.0389322778623352 0.0502700515669506 -0.0154224763739099 -0.0347954304274377 -0.0362201692926639 -0.0183288862134856 0.11610830735617 0.530478871201095 0.982711137418937 0.855647975445839 0.3679209412543 0.0702171241555256 -0.00471955412582586 -0.0277617106706746 -0.0864632896029942 -0.0514155266528312 -0.0340418749895536 -0.0779338806984224 -0.0873991852398397 -0.0849166339199018 -0.0645638165463348 -0.0417336999326106 -0.0136426483611308 0.0292719718904826
-9999 -9999 -9999 -9999 -9999 -9999 -9999 -9999 -9999 -9999 -9999 -9999 -9999 -9999 -9999 -9999 -9999 -9999 -9999 -9999 -9999 -9999 -9999 -9999 -9999 -9999 -9999 -9999 0.0344164628565931 0.43054017600585 0.495111046827393 0.100837327985645 0.0240784043432794 0.0345649175892856 -0.0172847195472117 -0.054117127735578 -0.0542632867853099 -0.0159315185142307 0.133258337414853 0.546991135974347 0.999691201671984 0.853189755554329 0.355032806595628 0.0676280342789488 0.00841863171753682 -0.0145321193196507 -0.0807486401216359 -0.0934030880696531 -0.0851216659732473 -0.0728753890746199 -0.0666600117780918 -0.0577957730949002 -0.046252438932212 -0.0172536473123219 0.0334590006018309 0.102798007642288
-9999 -9999 -9999 -9999 -9999 -9999 -9999 -9999 -9999 -9999 -9999 -9999 -9999 -9999 -9999 -9999 -9999 -9999 -9999 -9999 -9999 -9999 -9999 -9999 -9999 -9999 -9999 -9999 0.0203289724794833 0.437402068112089 0.435750277544216 0.0625789900784942 0.00542360149730065 0.0154243018889299 -0.0273176035712106 -0.0617418276447862 -0.0564073876354376 -0.00548836406976039 0.146290674252885 0.585498885412826 1.00526777277994 0.796685958230153 0.288468894765157 0.033288846516699 0.0141048832530168 0.00251418829540445 -0.0581461141514895 -0.0800589978779005 -0.0816833799190317 -0.0694713061769483 -0.0196440959321426 -0.0339233299955146 -0.0231387050849522 0.0214344521884241 0.0944275235448171 0.180238279079459
-9999 -9999 -9999 -9999 -9999 -9999 -9999 -9999 -9999 -9999 -9999 -9999 -9999 -9999 -9999 -9999 -9999 -9999 -9999 -9999 -9999 -9999 -9999 -9999 -9999 -9999 -9999 -9999 0.0137307941216173 0.43724822937879 0.322012779225831 0.0312058623808393 -0.0148589020916082 -0.0147752966498058 -0.037877210354723 -0.0580957511541151 -0.0470962622063723 0.0147935058754877 0.19171130750341 0.662302703319547 1.00588194385721 0.708173531923955 0.232961242415068 0.0133578023493341 -0.000448031343516064 -0.00189631226751436 -0.0755064159361245 -0.111363337950887 -0.088304670691385 -0.0602513286470022 -0.0434751792089679 -0.0238934543303452 0.00402606266596633 0.0591354139955627 0.143424466409752 0.242857692328938
-9999 -9999 -9999 -9999 -9999 -9999 -9999 -9999 -9999 -9999 -9999 -9999 -9999 -9999 -9999 -9999 -9999 -9999 -9999 -9999 -9999 -9999 -9999 -9999 -9999 -9999 -9999 -9999 0.00733906694796721 0.424334555289594 0.22753614257083 0.0212106143144267 -0.0185619917922129 -0.0285206609886165 -0.0464523932469461 -0.0454266862738173 -0.0227920734676853 0.0478208048438398 0.245055988825803 0.737769493950144 0.962062943795819 0.597915560158101 0.162785215574944 -0.0175068902416212 -0.00231686542321385 0.00383903208991332 -0.0836395066937379 -0.108268709952994 -0.0769315233756759 -0.0609240983543241 -0.00499717184487813 -0.00471785441307637 0.0172770317749874 0.0692032773920626 0.151723476936229 0.276829911891137
-9999 -9999 -9999 -9999 -9999 -9999 -9999 -9999 -9999 -9999 -9999 -9999 -9999 -9999 -9999 -9999 -9999 -9999 -9999 -9999 -9999 -9999 -9999 -9999 -9999 -9999 -9999 -0.00846855430994953 0.0092404212015702 0.394192258369588 0.246750340406788 0.0344871024312673 -0.0108199657263122 -0.0316854841078322 -0.0444651804642647 -0.0217507951290102 0.011360831477936 0.0985436380184715 0.355824287074269 0.826635839594182 0.908220585741286 0.50276284460167 0.12439799557762 -0.0250336797488047 0.00192337180453195 0.0178233283225357 -0.0507641059214085 -0.0887208094663511 -0.0736358741925299 -0.0536793224340564 -0.0235591752914537 -0.00269332174988823 0.00370302515477 0.0452960713980802 0.13177529909107 0.233110811794923
-9999 -9999 -9999 -9999 -9999 -9999 -9999 -9999 -9999 -9999 -9999 -9999 -9999 -9999 -9999 -9999 -9999 -9999 -9999 -9999 -9999 -9999 -9999 -9999 -9999 -9999 -9999 -0.00169600159644051 0.0132134013882674 0.375152384668121 0.219109477496686 0.0454972109690197 -6.41402021216431e-05 -0.027884186309434 -0.0352544662521017 0.00395427547736393 0.0421533604534789 0.1425576092487 0.445727466147298 0.88963729305643 0.837381299431369 0.443660472706438 0.123661116228497 -0.00409955980122306 0.0389889959445509 0.0640453918002395 0.00317534344190445 -0.0504637988597255 -0.0531692449164073 -0.0407349758700466 -0.0216840046689533 -0.0135985371386189 -0.019111630644047 0.0304777659267235 0.114574868714944 0.206172408658519
-9999 -9999 -9999 -9999 -9999 -9999 -9999 -9999 -9999 -9999 -9999 -9999 -9999 -9999 -9999 -9999 -9999 -9999 -9999 -9999 -9999 -9999 -9999 -9999 -9999 -9999 -9999 0.000999035563015394 0.0340304025410834 0.356806458049321 0.180768332520368 0.0437179902968069 0.00396578230571626 -0.0245130778327266 -0.0288669081325187 0.014464391189047 0.051893765542535 0.185942566752019 0.539982693903673 0.929217669370901 0.816104900481149 0.437331632424481 0.181811659520272 0.0704540130234778 0.0792323418097495 0.107992402595368 0.045069588145133 -0.00912030542323417 -0.0213140538192601 -0.0101610473213851 0.0089336670582803 0.00948385378743238 0.0170626956864361 0.0650634820792605 0.142746944273808 0.234625212955241
-9999 -9999 -9999 -9999 -9999 -9999 -9999 -9999 -9999 -9999 -9999 -9999 -9999 -9999 -9999 -9999 -9999 -9999 -9999 -9999 -9999 -9999 -9999 -9999 -9999 -9999 -9999 0.0104585056942483 0.0703397317539419 0.331194981353569 0.123183028720282 0.0340312597283101 0.00592971207768472 -0.0242547824044508 -0.0330092240435808 0.00462699557230473 0.0513248478590502 0.219533812026538 0.587686262292369 0.933039392946321 0.769549020782287 0.428316959260495 0.230122680514333 0.11395764504189 0.0990481111985552 0.100376155573112 0.0398711091288575 0.00425358475892912 -0.00403027357549562 0.000461897223235752 0.0217846378415703 0.0316820059990072 0.0523286674973956 0.100679775191651 0.154097385546568 0.22996793715286
-9999 -9999 -9999 -9999 -9999 -9999 -9999 -9999 -9999 -9999 -9999 -9999 -9999 -9999 -9999 -9999 -9999 -9999 -9999 -9999 -9999 -9999 -9999 -9999 -9999 -9999 -9999 0.0471554599853356 0.136998620857887 0.28525080269793 0.0830205681233058 0.0356126901315031 0.0137882498660923 -0.0202105551804352 -0.0381400631192138 -0.00701840353853544 0.0574332143422331 0.233365872996129 0.58165069496198 0.888205949481655 0.696815584779618 0.420299523968352 0.254220370474888 0.149587654341442 0.0946656901811608 0.0430270597541834 0.025447302390561 0.000299241729782074 0.000598807787901501 0.0138611490560295 0.0286944240464725 0.0442244865631788 0.0648141769261212 0.111616093384314 0.161083313779104 0.215629252556947
-9999 -9999 -9999 -9999 -9999 -9999 -9999 -9999 -9999 -9999 -9999 -9999 -9999 -9999 -9999 -9999 -9999 -9999 -9999 -9999 -9999 -9999 -9999 -9999 -9999 -9999 -9999 0.13218961165467 0.206913553693258 0.235507541225559 0.0767562552667533 0.0502362192743066 0.0241229248391487 -0.0188360830127136 -0.0307832191693415 0.0200507231972913 0.0797966641384948 0.241608538000255 0.562311686794825 0.831266233393103 0.639485064807527 0.399561621961041 0.28155691058064 0.185482411149449 0.12746247776841 0.0740613130121071 0.0504465078355611 0.032059753453071 0.027513180613441 0.0355527787802655 0.0500663674608536 0.0592654693627119 0.0858097241444148 0.124966207110732 0.154662915422525 0.193125636177617
-9999 -9999 -9999 -9999 -9999 -9999 -9999 -9999 -9999 -9999 -9999 -9999 -9999 -9999 -9999 -9999 -9999 -9999 -9999 -9999 -9999 -9999 -9999 -9999 -9999 -9999 -9999 0.241663925896993 0.26621005739274 0.194364779191465 0.0920545398235112 0.0686390057466177 0.0318286627279603 -0.0221028206673766 -0.0210171134936017 0.0719295761689655 0.113145468769452 0.253430320008304 0.526980391294519 0.757108332837189 0.571557013626139 0.374330135503005 0.294882006811041 0.231124684044299 0.191478269235955 0.174024265099258 0.121697484720242 0.0908578440440952 0.0762596582297761 0.0658708015341359 0.0747920957109118 0.0887997688511948 0.104538541416981 0.136423473631785 0.153118387527483 0.179776368757968
-9999 -9999 -9999 -9999 -9999 -9999 -9999 -9999 -9999 -9999 -9999 -9999 -9999 -9999 -9999 -9999 -9999 -9999 -9999 -9999 -9999 -9999 -9999 -9999 -9999 -9999 -9999 0.332022125700888 0.283474112895992 0.182884410158935 0.105567529532095 0.0760988063199501 0.0220560449347193 -0.0361980858985629 -0.0245419300321345 0.0726750304566115 0.143855576576465 0.282354471555191 0.510395896721188 0.639050774870603 0.478733793781344 0.330041360251444 0.283491680622681 0.242899325752983 0.214601104709219 0.197620125719453 0.152626455599279 0.122791491897153 0.104596213471186 0.0882991470153817 0.0899650150856076 0.0927135426972657 0.103516354852507 0.123857923690485 0.130821190143756 0.150906717908144
-9999 -9999 -9999 -9999 -9999 -9999 -9999 -9999 -9999 -9999 -9999 -9999 -9999 -9999 -9999 -9999 -9999 -9999 -9999 -9999 -9999 -9999 -9999 -9999 -9999 -9999 0.502557849074004 0.371059672542438 0.275916644050972 0.175970838318787 0.128394481364439 0.0902781911018989 0.034905109708177 -0.0196028944737221 -0.0210715163645043 0.0875684908250035 0.190744528725112 0.325560129499937 0.454438080233972 0.492217575802358 0.349151355105593 0.26185937718796 0.242237486612044 0.225065127970091 0.194433000561922 0.172018534254082 0.145566142983767 0.11653073754536 0.107379803368739 0.100954091480998 0.0995097032782385 0.102615589005776 0.091968941940729 0.103184013119375 0.109577676820696 0.117227960308449
-9999 -9999 -9999 -9999 -9999 -9999 -9999 -9999 -9999 -9999 -9999 -9999 -9999 -9999 -9999 -9999 -9999 -9999 -9999 -9999 -9999 -9999 -9999 -9999 -9999 -9999 0.503143730699704 0.348013867346906 0.229300403434803 0.171037448443109 0.151952816989617 0.118418781562283 0.0783924761813012 0.0500271294439932 0.0436132745752822 0.124295970548739 0.298550905123527 0.46990391773329 0.46697882225184 0.35064704406837 0.243959467595885 0.18984399456829 0.185724045687391 0.175651380025441 0.153297434312351 0.134817837565424 0.118894075089333 0.109767290790746 0.10813280799538 0.102052348834313 0.0982237011980031 0.0915689614373222 0.0834193466989093 0.0892186245691911 0.0865020387560016 0.0897266983867578
-9999 -9999 -9999 -9999 -9999 -9999 -9999 -9999 -9999 -9999 -9999 -9999 -9999 -9999 -9999 -9999 -9999 -9999 -9999 -9999 -9999 -9999 -9999 -9999 -9999 -9999 0.466555997486826 0.251956467629777 0.164670270727984 0.160164154830462 0.183662499718966 0.161733053119203 0.153071875019281 0.182894003099351 0.254129179761324 0.294387300353655 0.490978712427875 0.555642589327769 0.382651912733271 0.233391029102948 0.148571108602363 0.126857964939813 0.130572417734011 0.126811177151121 0.107669490716383 0.0978312793532158 0.0970166241891303 0.100812744734914 0.108149671170409 0.0977669899021233 0.0937014710059028 0.0874668824168511 0.0770519649171829 0.0791461491308035 0.0688241546584841 0.0667700382443121
-9999 -9999 -9999 -9999 -9999 -9999 -9999 -9999 -9999 -9999 -9999 -9999 -9999 -9999 -9999 -9999 -9999 -9999 -9999 -9999 -9999 -9999 -9999 -9999 -9999 -9999 0.365296850909605 0.150539320292928 0.103100752914064 0.134682656592638 0.17518466855331 0.226640656739381 0.320625438907644 0.474610810368041 0.584293932900078 0.551182133086173 0.541337317013885 0.435353836649336 0.237550041031475 0.14134166014372 0.104789287518882 0.0904842850366953 0.0926575727972034 0.0891463306977161 0.0731424364477355 0.063529884342826 0.0689343621660379 0.0839854340163423 0.0962420080963679 0.0869919557814728 0.0758932128377114 0.0665299150126283 0.0559672007275522 0.0558342232424922 0.0466042429039528 0.0389980680783499
-9999 -9999 -9999 -9999 -9999 -9999 -9999 -9999 -9999 -9999 -9999 -9999 -9999 -9999 -9999 -9999 -9999 -9999 -9999 -9999 -9999 -9999 -9999 -9999 -9999 0.493569968041831 0.255200512050771 0.0847108844174969 0.0745211394709377 0.105798943322775 0.186742931784463 0.316677043514444 0.538857907281941 0.700493669974702 0.615257015172573 0.421432649009069 0.379466778914322 0.243674712845 0.122632199059914 0.0944451797212996 0.086431298994135 0.0782035797669712 0.0782187844101999 0.0765959004761085 0.065294548338547 0.0658486989233082 0.0600120707168141 0.0698290160376953 0.0834441313532674 0.0691948173441759 0.0580925667057073 0.0531628582271205 0.0344234602962319 0.0303002886708379 0.0192687152812431 0.0126826167113546
-9999 -9999 -9999 -9999 -9999 -9999 -9999 -9999 -9999 -9999 -9999 -9999 -9999 -9999 -9999 -9999 -9999 -9999 -9999 -9999 -9999 -9999 -9999 -9999 -9999 0.416593679566836 0.195709039154114 0.0874924689183549 0.0828876601398951 0.0946500701079286 0.201098948879817 0.38175796114585 0.58714647439678 0.638849010678809 0.446855628503538 0.316904262824366 0.240945868958234 0.151010716032172 0.0912529930699286 0.079576928808991 0.0773764824797819 0.0755882008635535 0.0742528523939925 0.0737106536925395 0.0696513652840848 0.0671023421336779 0.0536427727322894 0.0567436283093011 0.069869416487536 0.0614675556149323 0.045935146202973 0.0342513230561925 0.0200836152795354 0.0167424284551692 0.00699364432808985 -0.00167682170772565
-9999 -9999 -9999 -9999 -9999 -9999 -9999 -9999 -9999 -9999 -9999 -9999 -9999 -9999 -9999 -9999 -9999 -9999 -9999 -9999 -9999 -9999 -9999 -9999 -9999 0.361278042140386 0.165497091012802 0.0946124342109948 0.0915955007701372 0.0914003695589755 0.225325401951975 0.394783324943535 0.501837442404703 0.412531712222991 0.280423712291302 0.191974028182035 0.160499392468722 0.118635920280646 0.0909275889271238 0.0886804554423127 0.0769342894993666 0.07713804386852 0.0746496255139625 0.072262926675671 0.0640866548225687 0.0643715989124489 0.0501099887168414 0.0520636951935077 0.059957195359028 0.0478287911020031 0.0370746322887486 0.0248196859807255 0.00939857719378973 0.00303061404265098 -0.00867565034855833 -0.013072842729543
-9999 -9999 -9999 -9999 -9999 -9999 -9999 -9999 -9999 -9999 -9999 -9999 -9999 -9999 -9999 -9999 -9999 -9999 -9999 -9999 -9999 -9999 -9999 -9999 -9999 0.349362145267903 0.13873414692867 0.0706642185520701 0.0605662506174759 0.0582655652723655 0.175576721841316 0.336543645667177 0.352277961530655 0.25794954140607 0.182817502071245 0.141703801845889 0.121717346911926 0.111241097029556 0.10521117841731 0.101126059281896 0.0953696771281652 0.0850039372429024 0.0806803144441153 0.0772878701838116 0.0622680279665273 0.0522899232253395 0.0497193541937782 0.0522949879272152 0.0562653707027161 0.0436995055011521 0.0290844902235766 0.0161147918106735 0.00192038202010536 -0.00328073360768721 -0.0143002819378077 -0.0227298735593249
-9999 -9999 -9999 -9999 -9999 -9999 -9999 -9999 -9999 -9999 -9999 -9999 -9999 -9999 -9999 -9999 -9999 -9999 -9999 -9999 -9999 -9999 -9999 -9999 -9999 0.334177752185047 0.116551769545198 0.0446718516010389 0.0289487731672857 0.0246881783094316 0.134489346408541 0.260968305655396 0.236190060230648 0.16351780006382 0.129047728725508 0.106154783253211 0.0953952708565303 0.0901068674144207 0.0931435279780533 0.0957922270741261 0.0956127111080405 0.0846030701513933 0.0826570879090653 0.0841597242673409 0.068961312499383 0.0663255599078823 0.0606716398190025 0.0560041368194816 0.0540444865457753 0.0359903791272116 0.0260919007773443 0.0128459101703715 -0.00228303408837371 -0.00984552201688449 -0.0230537316836962 -0.0276297350705179
-9999 -9999 -9999 -9999 -9999 -9999 -9999 -9999 -9999 -9999 -9999 -9999 -9999 -9999 -9999 -9999 -9999 -9999 -9999 -9999 -9999 -9999 -9999 -9999 -9999 0.307216782294634 0.0958298155051577 0.0237304657279863 0.00310169064690519 -0.000361414631097789 0.112182953404487 0.199629595887919 0.162481307660775 0.118244211524278 0.100942890936955 0.0934541456634232 0.0783377447070083 0.0686827898865626 0.0705978440576552 0.0778312226717193 0.0795529987795623 0.0729412693567263 0.0755121433067473 0.0824086506291136 0.076459965626998 0.0707656971251087 0.0635159298458338 0.0562764234713872 0.0524484268570269 0.037747342616415 0.0242067403769108 0.00935361004745827 -0.00537223229525086 -0.0118138424223042 -0.0218021271590554 -0.0286901486849162
