meets/meet006/_saidas_enm/CCSM_Maxent_0k_S_lineola4.asc
NCOLS 154 
NROWS 168 
XLLCORNER -112 
YLLCORNER -55.5 
CELLSIZE 0.5 
NODATA_value -9999 
[rows 100 to 124 of 168, columns 56 to 111 of 154]
-9999 -9999 -9999 -9999 -9999 -9999 -9999 -9999 -9999 -9999 -9999 -9999 -9999 -9999 -9999 -9999 -9999 -9999 -9999 -9999 -9999 -9999 -9999 -9999 -9999 -9999 -9999 -9999 0.193071648478508 0.122349493205547 0.0895616412162781 0.0621907860040665 0.0475857928395271 0.0432867594063282 0.0528589114546776 0.0991223976016045 0.136471927165985 0.182100415229797 0.248061716556549 0.315952599048615 0.404318600893021 0.460286736488342 0.298507958650589 0.214391633868217 0.200735151767731 0.203611016273499 0.197348222136497 0.219744727015495 0.239871248602867 0.244205459952354 0.240805715322495 0.254779666662216 0.272583693265915 0.302678316831589 0.344270527362823 0.389089554548264
-9999 -9999 -9999 -9999 -9999 -9999 -9999 -9999 -9999 -9999 -9999 -9999 -9999 -9999 -9999 -9999 -9999 -9999 -9999 -9999 -9999 -9999 -9999 -9999 -9999 -9999 -9999 -9999 0.189978405833244 0.112351782619953 0.0769772976636887 0.056527454406023 0.0481089763343334 0.0463017076253891 0.0592072494328022 0.105591922998428 0.150919839739799 0.199430644512177 0.268423408269882 0.336227089166641 0.496251612901688 0.439350157976151 0.282881587743759 0.208590164780617 0.203267723321915 0.20679771900177 0.198852509260178 0.209567919373512 0.22631661593914 0.224196597933769 0.241148471832275 0.25149267911911 0.267795354127884 0.294821500778198 0.332551836967468 0.382586598396301
-9999 -9999 -9999 -9999 -9999 -9999 -9999 -9999 -9999 -9999 -9999 -9999 -9999 -9999 -9999 -9999 -9999 -9999 -9999 -9999 -9999 -9999 -9999 -9999 -9999 -9999 -9999 0.247276142239571 0.177942886948586 0.100685298442841 0.0701465308666229 0.0533658154308796 0.0497254654765129 0.0526968985795975 0.0651998370885849 0.120794072747231 0.16776567697525 0.224341869354248 0.297380089759827 0.364164799451828 0.521182179450989 0.41736227273941 0.280915141105652 0.212269112467766 0.207341581583023 0.213371306657791 0.207043096423149 0.205245867371559 0.21487931907177 0.228876441717148 0.241337433457375 0.248660162091255 0.254541486501694 0.276345312595367 0.312261372804642 0.349731028079987
-9999 -9999 -9999 -9999 -9999 -9999 -9999 -9999 -9999 -9999 -9999 -9999 -9999 -9999 -9999 -9999 -9999 -9999 -9999 -9999 -9999 -9999 -9999 -9999 -9999 -9999 -9999 0.249010011553764 0.166469618678093 0.0910444855690002 0.0621466264128685 0.0484586097300053 0.0492804050445557 0.0573016032576561 0.0714660808444023 0.128844201564789 0.185717090964317 0.246442824602127 0.319814324378967 0.382467955350876 0.53600800037384 0.400969296693802 0.279869556427002 0.217108428478241 0.21658006310463 0.222928032279015 0.21619026362896 0.214015871286392 0.221797958016396 0.233149960637093 0.244570180773735 0.24810329079628 0.248039826750755 0.264406353235245 0.293975293636322 0.32686710357666
-9999 -9999 -9999 -9999 -9999 -9999 -9999 -9999 -9999 -9999 -9999 -9999 -9999 -9999 -9999 -9999 -9999 -9999 -9999 -9999 -9999 -9999 -9999 -9999 -9999 -9999 -9999 0.257745563983917 0.11311462521553 0.0794465765357018 0.0534527786076069 0.0429548844695091 0.0452556274831295 0.0592401437461376 0.0734360069036484 0.137499362230301 0.198558136820793 0.262146711349487 0.333884209394455 0.401353865861893 0.537222683429718 0.392508864402771 0.289123117923737 0.231926947832108 0.225551724433899 0.231464460492134 0.223981574177742 0.221699997782707 0.229597643017769 0.242608249187469 0.252460241317749 0.256499379873276 0.258045017719269 0.271218150854111 0.294261008501053 0.322004944086075
-9999 -9999 -9999 -9999 -9999 -9999 -9999 -9999 -9999 -9999 -9999 -9999 -9999 -9999 -9999 -9999 -9999 -9999 -9999 -9999 -9999 -9999 -9999 -9999 -9999 -9999 -9999 0.259976595640182 0.0988505110144615 0.065062940120697 0.0445388630032539 0.0354222916066647 0.0399363525211811 0.056941069662571 0.0726079121232033 0.137228921055794 0.208628505468369 0.278899908065796 0.358080327510834 0.41923201084137 0.523251712322235 0.386763274669647 0.301191747188568 0.243527412414551 0.233569756150246 0.235042542219162 0.226642414927483 0.228901445865631 0.236629754304886 0.248541221022606 0.259919345378876 0.265111953020096 0.268750935792923 0.280287355184555 0.295557379722595 0.317690759897232
-9999 -9999 -9999 -9999 -9999 -9999 -9999 -9999 -9999 -9999 -9999 -9999 -9999 -9999 -9999 -9999 -9999 -9999 -9999 -9999 -9999 -9999 -9999 -9999 -9999 -9999 -9999 0.241206839680672 0.0856383219361305 0.0513713881373405 0.034032691270113 0.029368681833148 0.0331900306046009 0.0530486330389977 0.0690338239073753 0.131882175803185 0.215118765830994 0.302270799875259 0.386190801858902 0.515829503536224 0.509560585021973 0.385212749242783 0.309537529945374 0.258150428533554 0.239422515034676 0.233172908425331 0.232920482754707 0.233975514769554 0.243142902851105 0.25662699341774 0.269034206867218 0.275241166353226 0.276845663785934 0.287274897098541 0.301037013530731 0.319818407297134
-9999 -9999 -9999 -9999 -9999 -9999 -9999 -9999 -9999 -9999 -9999 -9999 -9999 -9999 -9999 -9999 -9999 -9999 -9999 -9999 -9999 -9999 -9999 -9999 -9999 -9999 -9999 0.169650703668594 0.074252687394619 0.0415496043860912 0.0264206696301699 0.0247950274497271 0.029498465359211 0.05024279281497 0.0663638263940811 0.12999814748764 0.221454635262489 0.323936343193054 0.410154670476913 0.536569774150848 0.497301250696182 0.379417985677719 0.315511792898178 0.272887021303177 0.250904619693756 0.241847023367882 0.239886492490768 0.244069799780846 0.252706825733185 0.265021979808807 0.27728283405304 0.282588720321655 0.287309378385544 0.295569330453873 0.304272651672363 0.318009227514267
-9999 -9999 -9999 -9999 -9999 -9999 -9999 -9999 -9999 -9999 -9999 -9999 -9999 -9999 -9999 -9999 -9999 -9999 -9999 -9999 -9999 -9999 -9999 -9999 -9999 -9999 -9999 0.155218154191971 0.0667738765478134 0.0350017920136452 0.0211645755916834 0.0225503705441952 0.0273014083504677 0.0500761605799198 0.0681691691279411 0.13623808324337 0.246967077255249 0.35243633389473 0.436822116374969 0.550432622432709 0.474987745285034 0.371779024600983 0.317379236221313 0.288385778665543 0.27096626162529 0.262972623109818 0.25377756357193 0.255144983530045 0.264627724885941 0.276655197143555 0.288017868995667 0.294253945350647 0.295696765184402 0.303029924631119 0.308795690536499 0.315994143486023
-9999 -9999 -9999 -9999 -9999 -9999 -9999 -9999 -9999 -9999 -9999 -9999 -9999 -9999 -9999 -9999 -9999 -9999 -9999 -9999 -9999 -9999 -9999 -9999 -9999 -9999 -9999 0.138544216752052 0.0599229671061039 0.032714881002903 0.0225185584276915 0.0245765037834644 0.0321591980755329 0.0591348074376583 0.0792823806405067 0.158076822757721 0.273516595363617 0.385701030492783 0.546177446842194 0.545377850532532 0.448868274688721 0.356772094964981 0.31461101770401 0.291549801826477 0.278016448020935 0.271693557500839 0.26479497551918 0.265191495418549 0.273907423019409 0.282637238502502 0.290555655956268 0.2929767370224 0.293807953596115 0.298651695251465 0.302349120378494 0.308094203472137
-9999 -9999 -9999 -9999 -9999 -9999 -9999 -9999 -9999 -9999 -9999 -9999 -9999 -9999 -9999 -9999 -9999 -9999 -9999 -9999 -9999 -9999 -9999 -9999 -9999 -9999 0.178191512823105 0.12332833558321 0.0548809096217155 0.0326338820159435 0.0251719821244478 0.0388702191412449 0.0409301854670048 0.0753538906574249 0.10023357719183 0.192538350820541 0.305388778448105 0.430511087179184 0.582122623920441 0.536929607391357 0.404241740703583 0.340016514062881 0.307295352220535 0.290583461523056 0.278852671384811 0.27136817574501 0.268664360046387 0.269991993904114 0.27755469083786 0.282760947942734 0.286829829216003 0.291619807481766 0.289333522319794 0.293710500001907 0.297711402177811 0.300558865070343
-9999 -9999 -9999 -9999 -9999 -9999 -9999 -9999 -9999 -9999 -9999 -9999 -9999 -9999 -9999 -9999 -9999 -9999 -9999 -9999 -9999 -9999 -9999 -9999 -9999 -9999 0.157609432935715 0.100798971951008 0.0468501076102257 0.03443618491292 0.0348598584532738 0.0524804927408695 0.0590377822518349 0.101393349468708 0.170204028487206 0.243528604507446 0.345396131277084 0.445536851882935 0.572835981845856 0.498196870088577 0.383227050304413 0.323290288448334 0.301735162734985 0.288457959890366 0.277746886014938 0.270878702402115 0.268401652574539 0.27143120765686 0.277467340230942 0.281317532062531 0.284474551677704 0.285214632749557 0.28462278842926 0.288049757480621 0.29007226228714 0.292281031608582
-9999 -9999 -9999 -9999 -9999 -9999 -9999 -9999 -9999 -9999 -9999 -9999 -9999 -9999 -9999 -9999 -9999 -9999 -9999 -9999 -9999 -9999 -9999 -9999 -9999 -9999 0.131987988948822 0.0566269680857658 0.0380226410925388 0.0370996780693531 0.0577283576130867 0.0718519240617752 0.0829946845769882 0.16555392742157 0.230290606617928 0.304195284843445 0.388881176710129 0.536865651607513 0.555462956428528 0.440950751304626 0.354958921670914 0.317863345146179 0.298647701740265 0.28728836774826 0.278057098388672 0.272951275110245 0.272930443286896 0.272538304328918 0.276771485805511 0.279668807983398 0.284149348735809 0.283852338790894 0.281579405069351 0.28447425365448 0.285419434309006 0.286696016788483
-9999 -9999 -9999 -9999 -9999 -9999 -9999 -9999 -9999 -9999 -9999 -9999 -9999 -9999 -9999 -9999 -9999 -9999 -9999 -9999 -9999 -9999 -9999 -9999 -9999 -9999 0.108469054102898 0.0420938432216644 0.0314772017300129 0.053561806678772 0.074590764939785 0.106165632605553 0.158451735973358 0.240038216114044 0.302407622337341 0.37067237496376 0.43823629617691 0.565606415271759 0.46382412314415 0.387959092855453 0.344179511070251 0.316387742757797 0.3030846118927 0.293788194656372 0.285321563482285 0.28005650639534 0.275316476821899 0.27189165353775 0.273611664772034 0.275071114301682 0.277435153722763 0.277730405330658 0.276957094669342 0.279748290777206 0.280339896678925 0.280845403671265
-9999 -9999 -9999 -9999 -9999 -9999 -9999 -9999 -9999 -9999 -9999 -9999 -9999 -9999 -9999 -9999 -9999 -9999 -9999 -9999 -9999 -9999 -9999 -9999 -9999 0.226124346256256 0.0658739805221558 0.030677804723382 0.0348669737577438 0.0560007840394974 0.088631197810173 0.139568015933037 0.227566674351692 0.31914034485817 0.371127784252167 0.444422364234924 0.563187479972839 0.481106728315353 0.384829103946686 0.350332617759705 0.331455707550049 0.316156148910522 0.306524723768234 0.300313144922256 0.291931599378586 0.288772463798523 0.282487988471985 0.272401571273804 0.270323783159256 0.269803076982498 0.271831154823303 0.27468353509903 0.2727892100811 0.274959146976471 0.275007218122482 0.276677072048187
-9999 -9999 -9999 -9999 -9999 -9999 -9999 -9999 -9999 -9999 -9999 -9999 -9999 -9999 -9999 -9999 -9999 -9999 -9999 -9999 -9999 -9999 -9999 -9999 -9999 0.137335553765297 0.05790726095438 0.0324524901807308 0.0435419715940952 0.0582752339541912 0.103084452450275 0.16411080956459 0.254865199327469 0.342038780450821 0.39415654540062 0.426072806119919 0.500504970550537 0.420277625322342 0.35536590218544 0.334711074829102 0.32407620549202 0.317055255174637 0.310026168823242 0.305235207080841 0.30034151673317 0.295662760734558 0.28611296415329 0.275783866643906 0.272803068161011 0.270911931991577 0.271502912044525 0.270667642354965 0.269186943769455 0.271969825029373 0.272702008485794 0.274379432201385
-9999 -9999 -9999 -9999 -9999 -9999 -9999 -9999 -9999 -9999 -9999 -9999 -9999 -9999 -9999 -9999 -9999 -9999 -9999 -9999 -9999 -9999 -9999 -9999 -9999 0.0902225747704506 0.0548212453722954 0.0446140468120575 0.0479776486754417 0.0655205622315407 0.116475380957127 0.182282641530037 0.26683783531189 0.329997003078461 0.35626283288002 0.435202687978745 0.434675723314285 0.391095399856567 0.352841526269913 0.34420508146286 0.327228903770447 0.323562949895859 0.315561085939407 0.309562742710114 0.304399102926254 0.302398175001144 0.290374159812927 0.278363555669785 0.273973226547241 0.270544797182083 0.272852778434753 0.26972708106041 0.266887128353119 0.268566876649857 0.266954720020294 0.26380330324173
-9999 -9999 -9999 -9999 -9999 -9999 -9999 -9999 -9999 -9999 -9999 -9999 -9999 -9999 -9999 -9999 -9999 -9999 -9999 -9999 -9999 -9999 -9999 -9999 -9999 0.121986605226994 0.0570398457348347 0.0498088002204895 0.0493409708142281 0.0679189413785934 0.120856694877148 0.190957605838776 0.264074504375458 0.312458455562592 0.323964506387711 0.385812014341354 0.370552867650986 0.351125627756119 0.349649608135223 0.364535957574844 0.362535893917084 0.342954963445663 0.325638473033905 0.314149051904678 0.305540680885315 0.299245178699493 0.289821922779083 0.28046390414238 0.277176827192307 0.267367988824844 0.260218441486359 0.253952890634537 0.248858124017715 0.246369272470474 0.241752669215202 0.238450706005096
-9999 -9999 -9999 -9999 -9999 -9999 -9999 -9999 -9999 -9999 -9999 -9999 -9999 -9999 -9999 -9999 -9999 -9999 -9999 -9999 -9999 -9999 -9999 -9999 -9999 0.127745240926743 0.0756971091032028 0.049190878868103 0.0473535619676113 0.0685419589281082 0.125998169183731 0.191802188754082 0.261629849672318 0.299734652042389 0.296749830245972 0.283029288053513 0.260899215936661 0.231040433049202 0.229542762041092 0.252165734767914 0.332870692014694 0.32843080163002 0.314204305410385 0.306436896324158 0.297915041446686 0.28772646188736 0.281791001558304 0.270139515399933 0.260636538267136 0.247761622071266 0.239264160394669 0.23289692401886 0.226864218711853 0.223330482840538 0.21830527484417 0.216108053922653
-9999 -9999 -9999 -9999 -9999 -9999 -9999 -9999 -9999 -9999 -9999 -9999 -9999 -9999 -9999 -9999 -9999 -9999 -9999 -9999 -9999 -9999 -9999 -9999 -9999 0.126475632190704 0.077836886048317 0.0472485572099686 0.0455814972519875 0.0659929513931274 0.124919295310974 0.189385905861855 0.251207709312439 0.282821595668793 0.281956434249878 0.265301018953323 0.236561641097069 0.210635349154472 0.206515714526176 0.220675364136696 0.235508963465691 0.236713379621506 0.28655931353569 0.285868763923645 0.278714805841446 0.269657403230667 0.26047819852829 0.25029331445694 0.242834880948067 0.231669694185257 0.2218257188797 0.214311957359314 0.162588402628899 0.160093441605568 0.156545266509056 0.1535834223032
-9999 -9999 -9999 -9999 -9999 -9999 -9999 -9999 -9999 -9999 -9999 -9999 -9999 -9999 -9999 -9999 -9999 -9999 -9999 -9999 -9999 -9999 -9999 -9999 -9999 0.168624475598335 0.0792664363980293 0.0435032397508621 0.0420171208679676 0.0610876828432083 0.118237107992172 0.176196619868279 0.233920276165009 0.260625571012497 0.254854887723923 0.241597518324852 0.215251311659813 0.192106306552887 0.187568426132202 0.19676499068737 0.208858281373978 0.212504208087921 0.211504757404327 0.270976692438126 0.263293772935867 0.255908340215683 0.246516108512878 0.23566509783268 0.227903753519058 0.169157326221466 0.16242378950119 0.157245516777039 0.151499807834625 0.148359850049019 0.144209757447243 0.141703456640244
-9999 -9999 -9999 -9999 -9999 -9999 -9999 -9999 -9999 -9999 -9999 -9999 -9999 -9999 -9999 -9999 -9999 -9999 -9999 -9999 -9999 -9999 -9999 -9999 -9999 0.183790385723114 0.07654819637537 0.0391924194991589 0.0378402993083 0.0543950237333775 0.104100495576859 0.158772855997086 0.207492589950562 0.229104906320572 0.223342061042786 0.204893007874489 0.189841032028198 0.175514608621597 0.172098711133003 0.177812740206718 0.185093834996223 0.192113101482391 0.197523534297943 0.202606007456779 0.198019564151764 0.190757304430008 0.182592004537582 0.175102531909943 0.168635070323944 0.159900277853012 0.152842983603477 0.14752733707428 0.143670737743378 0.140778586268425 0.136201098561287 0.132824242115021
-9999 -9999 -9999 -9999 -9999 -9999 -9999 -9999 -9999 -9999 -9999 -9999 -9999 -9999 -9999 -9999 -9999 -9999 -9999 -9999 -9999 -9999 -9999 -9999 -9999 0.19645681977272 0.0776131749153137 0.0378507673740387 0.0338882319629192 0.0487612187862396 0.0874486491084099 0.13507191836834 0.180682063102722 0.201456248760223 0.194556012749672 0.179132357239723 0.169974952936172 0.160884708166122 0.159946024417877 0.165600195527077 0.171719297766685 0.179848670959473 0.185104534029961 0.190697357058525 0.185304760932922 0.17916838824749 0.173284694552422 0.165165513753891 0.159309759736061 0.151055052876472 0.145096763968468 0.14063686132431 0.135644048452377 0.131900995969772 0.127859652042389 0.124877624213696
-9999 -9999 -9999 -9999 -9999 -9999 -9999 -9999 -9999 -9999 -9999 -9999 -9999 -9999 -9999 -9999 -9999 -9999 -9999 -9999 -9999 -9999 -9999 -9999 -9999 0.20107327401638 0.0770419016480446 0.0378029569983482 0.030464818701148 0.0428182333707809 0.0742820352315903 0.114152610301971 0.157488077878952 0.178662642836571 0.175819352269173 0.164504766464233 0.158126205205917 0.151162698864937 0.152879402041435 0.161667481064796 0.16913378238678 0.17459999024868 0.175680547952652 0.179073795676231 0.173828944563866 0.168436586856842 0.162966445088387 0.156946048140526 0.151104778051376 0.144393622875214 0.139640554785728 0.135085359215736 0.127478063106537 0.125878632068634 0.124288737773895 0.120173737406731
-9999 -9999 -9999 -9999 -9999 -9999 -9999 -9999 -9999 -9999 -9999 -9999 -9999 -9999 -9999 -9999 -9999 -9999 -9999 -9999 -9999 -9999 -9999 -9999 0.202112853527069 0.198628172278404 0.0754671767354012 0.0374430157244205 0.02732596360147 0.0364880636334419 0.0597948394715786 0.0971119627356529 0.139223352074623 0.160817921161652 0.161838129162788 0.154590204358101 0.150550916790962 0.14740614593029 0.151833802461624 0.163184806704521 0.172264114022255 0.173829928040504 0.169631972908974 0.169147908687592 0.163909137248993 0.158176928758621 0.15278235077858 0.147768691182137 0.145158290863037 0.142197668552399 0.138585135340691 0.13303741812706 0.126257419586182 0.127984330058098 0.134915247559547 0.138068869709969
