meets/meet006/_saidas_enm/CCSM_SVM_0k_T_subalaris1.asc
NCOLS 154 
NROWS 168 
XLLCORNER -112 
YLLCORNER -55.5 
CELLSIZE 0.5 
NODATA_value -9999 
[rows 50 to 74 of 168, columns 55 to 109 of 154]
-9999 -9999 -9999 -9999 -9999 -9999 -9999 -9999 -9999 -9999 -9999 -9999 -9999 -9999 0.113603514312733 0.0913640832672814 0.0867427715130669 0.0474739092272373 -0.0127357867605441 -0.0396041476362075 -0.0389743057169974 -0.043152752655507 -0.0439229494536403 -0.0501647084909425 -0.0296566849683626 0.0181758869057099 0.0578802686206694 0.0850604149799071 0.0952009351477312 0.0838013767982859 0.0721060252364217 0.0670869631293184 0.0713856171984569 0.0802133429237684 0.0694669765557784 -0.0477685894349827 -0.0644683128972015 0.0745863009855159 0.185866449202159 0.246659952223574 0.248423445538637 0.175584800192644 0.190646586101662 0.123793552679107 0.0129911580744856 -0.0481494726447479 0.0422221262312535 0.0196511905904771 0.0164783208271131 0.0196300237380295 -0.000414819921171539 -0.00371775616133496 0.00312463777851701 -0.0455950114732702 -0.047871348509325
-9999 -9999 -9999 -9999 -9999 -9999 -9999 -9999 -9999 -9999 -9999 -9999 -9999 -9999 0.0876646166827853 0.0809503463893523 0.0691315332942315 0.0439308482237648 0.00935633777147149 -0.007231297257425 -0.00497421956200794 0.00576685017532436 0.0237107032016647 0.0218178979644078 0.0379331902105049 0.0603210163886075 0.075091346162779 0.0700117817533996 0.0607558861013374 0.0530945058024483 0.0521032249541632 0.0550026697284601 0.0574363866010537 0.0662494158770019 0.0770412607655111 0.0138269572588106 -0.089382795611441 -0.0341406256821946 0.0852931134853816 0.122305543595875 0.136234220766169 0.110596617426089 0.0846685851984352 0.0307294971547499 -0.0351216465923754 -0.0685361023901826 -0.0648454934534776 -0.051716263679722 -0.0671426275724522 -0.0562255484293828 -0.0334918062507108 -0.0208772948222328 -0.0287968696719 -0.0536660205761132 -0.0389348838885887
-9999 -9999 -9999 -9999 -9999 -9999 -9999 -9999 -9999 -9999 -9999 -9999 0.0994444774415295 0.0879036733836724 0.0792597432912716 0.082104407445703 0.0639444946558 0.0486033496957008 0.0307309380644425 0.0154549233339306 0.0329676174473826 0.0463346847838679 0.0591013414672419 0.0668342838204051 0.0704532519718634 0.0674058286880188 0.059913555989598 0.0526663627513537 0.0481638379863948 0.0501381570862245 0.0594342006091986 0.065554202433146 0.0568487163404033 0.0560855961426726 0.0677885895902278 0.047113979272078 -0.0540108906889673 -0.0871153123621143 -0.0190582383285509 0.0364193993519425 0.0496911407568782 0.0560592318356129 0.0203868777633071 -0.0128535339391592 -0.0501305370552848 -0.0712639629127247 -0.0814933122227768 -0.081570947515073 -0.092459152918135 -0.0752346231197457 -0.0323592401874062 -0.0324913577894769 -0.0517687073475054 -0.0440479998119399 -0.0179646760402931
-9999 -9999 -9999 -9999 -9999 -9999 -9999 -9999 -9999 -9999 -9999 0.100764516876568 0.0933059651913505 0.0856063412064126 0.0662938059029771 0.0604561294390499 0.0601003431560465 0.058055197462596 0.0490496888389597 0.0457472120507581 0.0595753518908202 0.0680979992251721 0.0714707912739254 0.0687868417146293 0.0636034227447417 0.0560971731794228 0.0495025579831455 0.0485053382438269 0.0549507782164544 0.0667488531945963 0.0771479364265582 0.0784558825701657 0.062718153838266 0.0518688152597911 0.060117071985326 0.060656075132501 -0.0156446390033326 -0.0755666271103658 -0.0742724014200337 -0.0494258908005657 -0.0359163644747372 -0.0320226433264914 -0.0430063460036736 -0.0556347844357149 -0.0695462752272571 -0.0748236384141111 -0.0712226131746816 -0.0574518254020712 -0.0446596236900584 -0.0197440525597082 -0.0321003401016675 -0.0522227983599738 -0.042010081276991 -0.0196930076321741 0.0199147944377691
-9999 -9999 -9999 -9999 -9999 -9999 -9999 -9999 -9999 -9999 -9999 0.0923611335528536 0.0785679942915693 0.0524299310565608 0.0509181311037454 0.0635398637078393 0.0583414436549183 0.0564776991935187 0.0668331908590403 0.0669907159072299 0.0719170247269975 0.0742275672164414 0.0691812243622349 0.0639183516464841 0.0574611457458138 0.0531519252664091 0.0545147735611224 0.0639470187173438 0.0770580107982096 0.0789728786829819 0.0737774343966782 0.0786013261201212 0.0684458243969456 0.0510733213796777 0.0543016889273057 0.0617334086674172 0.0192929488259309 -0.0343599713890246 -0.0581986504048801 -0.0650453175055659 -0.0628249196310358 -0.065297324085512 -0.0724021413500074 -0.0776743440334929 -0.0745917062954626 -0.0547580289401758 -0.029672727198313 0.00423550720059607 -0.00799001478297046 -0.0366205412264988 -0.0440750845766774 -0.0159322993458162 0.00750123401540587 0.0185541904080939 0.0528375935478859
-9999 -9999 -9999 -9999 -9999 -9999 -9999 -9999 -9999 0.0850940144158804 0.0711113321548021 0.0298827442420875 0.00390931273117689 0.0182500662013195 0.0521813565488308 0.0661428115967972 0.0529880561698126 0.0523183906742339 0.0664323779413704 0.0752816965026028 0.0726609698993756 0.0661006512667699 0.06364820792968 0.0585298044109806 0.0557482446517747 0.0602859372685315 0.0593789448727305 0.0589867587077161 0.0561636515325727 0.0556120554339222 0.0566312549920875 0.0553452803558329 0.0540272375408991 0.0519082376758028 0.0503116297934045 0.0614041279082534 0.0547249623904371 0.0233502215128003 -0.00381193990288153 -0.0197530023492823 -0.0181162908232821 -0.013934159578604 -0.00896882030908686 -0.0134160167469038 -0.00161566131326862 0.0261312796700683 0.00508914519621317 -0.0206044870413805 -0.0365394572701102 -0.037239286039992 -0.0089481793777898 0.0317291144738575 0.0500728550930691 0.0474118200874923 0.062137110361052
-9999 -9999 -9999 -9999 -9999 -9999 -9999 -9999 -9999 0.0730035950063248 0.0507491201452261 0.10447110917371 0.0107884742480733 -0.0031758756254624 0.0508591124622337 0.065059728316594 0.0499563073398098 0.049126744551672 0.0649584354079223 0.0723206575519211 0.0682727457367335 0.0622566860113734 0.0588205976888153 0.0552743375183149 0.0523623496545327 0.0505785486505094 0.0488313005586626 0.0479551540206217 0.0474994017977487 0.0474740166999166 0.0477549868409847 0.0478457173241518 0.0478795353304711 0.0479586602415044 0.0487354954594137 0.0588164512822786 0.0706008024143895 0.0693580221308224 0.0598045334396856 0.0515584970480696 0.0563988221964256 0.0680626400537972 0.0767851801259163 0.0792950555552062 0.0553846010666539 0.0252452306786162 -0.00290928135262414 -0.00924623207827491 -0.00524116976160394 0.021967318608773 0.0529987440001664 0.0771027581414241 0.0791044629425589 0.07057647712867 0.0722843549289183
-9999 -9999 -9999 -9999 -9999 -9999 -9999 -9999 0.092027170044569 0.0688573293522413 0.107496168965613 0.423206679267077 0.185142310309024 0.0117761200821555 0.0356600495919709 0.0555740171052056 0.0488885880873048 0.0490661498728936 0.0649549336339479 0.0684820534513759 0.0643405773492394 0.0592718402272531 0.0564758528583723 0.053941714875081 0.0526829724305612 0.0516376016878229 0.0509118307637494 0.050819061158574 0.050837174966563 0.0510255649750631 0.0515599617118795 0.0521673224071235 0.0515384104584352 0.0510262735498897 0.0511036246959452 0.0528495731261063 0.0656396730003136 0.07886686020332 0.0890190911420067 0.093373485020993 0.0986595244804825 0.0988437119331949 0.0909633910618875 0.0777073964860415 0.0531077618802425 0.0335588797029671 0.0277603767860075 0.0375869159639242 0.0567696560800151 0.0765053715870828 0.0899550046304017 0.0975788764510671 0.0916209715404727 0.0829295608967598 0.0764125216101237
-9999 -9999 -9999 -9999 -9999 -9999 -9999 -9999 0.100205635196867 0.0543804958995666 0.249133459028833 0.649958460261475 0.324624205365044 -0.00268877869867823 0.0155273337932504 0.0456458602578542 0.0462949765998935 0.0539072534952956 0.0621615320853164 0.0653030321614128 0.0653977990606679 0.0626469038144338 0.0596784951003095 0.056401503907227 0.0562725492231116 0.0579638534267399 0.058285771064874 0.0582366137708238 0.0567550407613719 0.0575872623538402 0.0605225504749764 0.061043749234644 0.0607456324226562 0.0572715747013297 0.0558231743019207 0.055630150941382 0.0544682983844575 0.0624700380097308 0.0706848187827573 0.0751168002787113 0.0763926306650501 0.073385282665868 0.0651477232050929 0.0566181789973197 0.0524203198841312 0.058487283224146 0.0704863255732993 0.0801967752556944 0.0896782267607725 0.097010996694852 0.100216512585875 0.102108623169126 0.0953272576378382 0.0912487973099925 0.084052041678564
-9999 -9999 -9999 -9999 -9999 -9999 -9999 0.114585683124548 0.103883696295883 0.0891709272461937 0.408416089686734 0.795645245767436 0.34278210394213 -0.0391537475952949 0.0319717903727515 0.0456490393506019 0.043088931610486 0.0493855351305899 0.0573891679268947 0.0603470331956473 0.0637074435242655 0.0633736334492923 0.0604537851731582 0.05860834517215 0.0586454499036507 0.0598318978655008 0.0620503113791928 0.0602538651410709 0.0591426631231718 0.0597805333521106 0.060618037942292 0.0626970202440543 0.0625727898415361 0.0623283849419907 0.0620974122960374 0.0601526243359436 0.0588096924020328 0.0576358625371772 0.057660884071383 0.0556124430145679 0.0551704161284402 0.0556724195230043 0.05583605511513 0.0583404505376129 0.0631130835540809 0.0734456055731643 0.0853788312712728 0.0925739797624446 0.0996153535220169 0.104582380466478 0.107866161637704 0.111628008510121 0.10551732647078 0.103161728931028 0.088139529048246
-9999 -9999 -9999 -9999 -9999 -9999 -9999 0.10185126224596 0.0836021742708051 0.125360474608119 0.421960189858432 0.678040736462176 0.239416600554747 -0.0367574281607073 0.0237242145469945 0.0363893949362286 0.0347288304698758 0.0420693494050489 0.0504269973180884 0.0531384550429206 0.0589391678238009 0.0621600524161838 0.0588168757366268 0.0548281856843529 0.0549482035027068 0.0589926595873758 0.0627581838792597 0.0597145102322924 0.0548571418533815 0.0539306243071301 0.0556742454475191 0.0576765003254997 0.0583516661617324 0.0585642487814772 0.0599380259846218 0.062100263864707 0.0628799590702466 0.062858036673169 0.0617390259611081 0.0596903312656908 0.0582976400470088 0.0564669499657336 0.0538997941295827 0.0543028029218902 0.0618229426269026 0.0743257251523482 0.091924868079752 0.101079185231338 0.109096608897172 0.114177918736323 0.116816250008404 0.117292086892211 0.105005193199633 0.0890328906590708 0.0612167232921883
-9999 -9999 -9999 -9999 -9999 -9999 -9999 0.0864638346934558 0.065201574767249 0.126821404264687 0.362030404576502 0.523320940039985 0.179795001369994 -0.0418207825019841 0.00863842951942095 0.0201787070770653 0.0250188290792193 0.0332879733124489 0.0400308084650631 0.0406569413920482 0.0447240168960983 0.0495205734846993 0.0420780604799906 0.0349206018514254 0.0339221408671481 0.0408831572332641 0.0475662332294395 0.0437509362800396 0.0399123475149475 0.0374815751492095 0.0392217255895216 0.0429785709378188 0.0434694473946052 0.0463157849510564 0.048852777731174 0.0525565753325217 0.0587571747233748 0.0566632063990009 0.0545561441401297 0.0484162853250003 0.0432962768793655 0.0383391192909089 0.0394363805117659 0.0450061600699624 0.0588033867803077 0.0781711341881177 0.0988810860501695 0.109575730243665 0.117505209860418 0.119004800549442 0.117140563528015 0.109185191301575 0.0843244256285279 0.0466836276679418 0.0246218281005173
-9999 -9999 -9999 -9999 -9999 -9999 -9999 -9999 0.0374163819179207 0.0905499298915786 0.282192416099006 0.427989033014284 0.181479486965378 -0.0449994080910486 -0.0159592532017879 -0.00118085880439223 0.00879572550568003 0.0186189895231496 0.0197405660411953 0.0168378544266704 0.0164234549260333 0.0156281743994951 0.00707262932954039 -0.000698078344363973 -0.00253062855110542 0.00330146362872014 0.0107466463756408 0.00921769308933224 0.00722534483416859 0.00649778107706278 0.00790405959490226 0.0125410994647545 0.0148884376783279 0.0193786044225933 0.022443214854189 0.0254327554603536 0.0291661800335011 0.0289771386065206 0.0279914924749226 0.0184347589854807 0.00936074731418324 0.00952283678188059 0.0166915291450638 0.0362993110419659 0.0620709890886738 0.0839797197025736 0.104237834675754 0.11192831488561 0.11274596623534 0.107819952555139 0.0997888277266592 0.0806689293475786 0.0451755265550574 0.00574330776183174 -0.0205594318897269
-9999 -9999 -9999 -9999 -9999 -9999 -9999 -9999 -9999 0.0500241862685546 0.221862780619307 0.508960637211631 0.200687324035168 -0.0430951952535742 -0.0290726465388897 -0.0181413463690623 -0.00942116427164674 -0.00264261536966637 -0.00576949272211247 -0.0127468869485962 -0.0164321556804253 -0.022639957947349 -0.0305964359855059 -0.039842102840411 -0.0427401206867729 -0.037641948562142 -0.0326549197518563 -0.0340862317909435 -0.0345018002993482 -0.0327658812386027 -0.0279368378916658 -0.0248031094941971 -0.020179622226707 -0.0165443259740768 -0.0134512333302583 -0.011492650898412 -0.0120503927084822 -0.0106590669360523 -0.0131984716310719 -0.0166715835698319 -0.0183093120385478 -0.00875776419115049 0.0155999217078421 0.0486175311907894 0.0754585767139403 0.0912702209147164 0.101656468418297 0.0931088773930217 0.0739478202411193 0.0593024440720039 0.0506984332762453 0.0247535672104307 0.00338295610456357 -0.0250164213578955 -0.0467921730381852
-9999 -9999 -9999 -9999 -9999 -9999 -9999 0.0255012817671247 -0.0120254138625683 0.0200549703651081 0.230017488623669 0.377636029515571 0.158318144656311 -0.0387927589057671 -0.0361047165207399 -0.0325435081036776 -0.0327556563921413 -0.0292576779633701 -0.026551846366256 -0.0347458257194587 -0.047060599530162 -0.0564037078261093 -0.0650694305542101 -0.0698175692321473 -0.0741254177226911 -0.0775344437513966 -0.0775605185562387 -0.0773327505482821 -0.0736460783964185 -0.0694119982198658 -0.0639457150188611 -0.0578091731133981 -0.0554891359543137 -0.0516439448800529 -0.0494761044779107 -0.048649453690353 -0.0469147732733111 -0.0483206286082035 -0.0483923714308629 -0.0502067960859789 -0.0480411410382586 -0.0298313455912179 -0.00676673438650932 0.0206995249327292 0.0459630920028861 0.0614024071050903 0.0662790530893884 0.0562825856208636 0.03787866214679 0.022812541017712 0.0124187018280295 -0.00250670584955603 -0.0242835074984624 -0.0470326686773525 -0.0679654866242685
-9999 -9999 -9999 -9999 -9999 -9999 0.0950580293007623 0.0128197989881719 -0.0262950996681539 0.0954412084951261 0.272953669256698 0.373187620512946 0.134928862772488 -0.0313725923057657 -0.0373844964425967 -0.0366837609356255 -0.0431920970111362 -0.0481088374218928 -0.0499422656769396 -0.0551139092292311 -0.0687743463061751 -0.0786394176434503 -0.0850646195369069 -0.089719835860629 -0.0940964410287877 -0.0956886781848565 -0.0936802389556405 -0.0895794535793375 -0.0860834975997801 -0.0812628985262585 -0.0743760602203984 -0.0710702633902892 -0.0665914122237501 -0.06570297657937 -0.0662001906553747 -0.0660726652664485 -0.0690740912407869 -0.0680660063938723 -0.0691791330691898 -0.0720569372962215 -0.0697375059639831 -0.0500028273517296 -0.0229848858046281 -0.00200574247451357 0.0211043208989889 0.0353980802560289 0.0422633790302275 0.0321502887161945 0.0132476628444052 -0.000687822285540429 -0.00621800277374251 -0.0143499563443189 -0.037790460441755 -0.0559401173025543 -0.0774279778279593
-9999 -9999 -9999 -9999 -9999 -9999 0.0505022735956401 -1.62093594227031e-05 -0.00546035537393585 0.159221722628278 0.280831465827462 0.252679473653006 0.122685607707577 0.0170467577946882 -0.00422426170663603 -0.0154188726159801 -0.0312206624968786 -0.0488699541571038 -0.0597646464288534 -0.0697630938439325 -0.0783367180144957 -0.0817880736364407 -0.0857637363119805 -0.0906223977048936 -0.0901136619485596 -0.0848924223043971 -0.0768077209021182 -0.0681832927915743 -0.0624439798816259 -0.0556555581323709 -0.0502433154356879 -0.0467566102924036 -0.0477523545221721 -0.05126707663983 -0.0566476094960126 -0.0654285082993605 -0.0701898709079102 -0.0699208477571382 -0.0684129136070409 -0.0729788279909632 -0.0790744516726999 -0.0581379783170465 -0.0338126842181472 -0.011340829076923 0.00837761757057542 0.0204006888355097 0.0223899822546555 0.0160464408286368 0.00215658840994759 -0.0098359256738576 -0.0186611247830485 -0.0312345576182786 -0.0456745214087281 -0.0620591788383335 -0.0774858681702928
-9999 -9999 -9999 -9999 -9999 -9999 -9999 -0.0162203053979949 0.0128568401514134 0.195005452013987 0.229604584935618 0.219821156160162 0.15714144080459 0.0729235820760925 0.0538833321010166 0.0206511438222151 -0.000172804342290833 -0.0350101894219761 -0.0475868487184542 -0.0588866545863443 -0.0581175258779359 -0.0452713695601381 -0.054218091183921 -0.0569861114817101 -0.0517979216020805 -0.0424798344140377 -0.0304198100088431 -0.0189832897585979 -0.00975051976528141 -0.00280436126181138 0.00275106136728198 0.00959573464545871 -0.00195038123681146 -0.00866526013281321 -0.0188906567331883 -0.0348419323931487 -0.0435836776774693 -0.0428489276133562 -0.0419909839264972 -0.0502439573601438 -0.0678143000913979 -0.0573094231467 -0.0335128399837635 -0.0131963997044411 0.00462695005959812 0.0118496875246841 0.0142586331470375 0.0109330350581858 0.000680649276920853 -0.0097895184667709 -0.0195275235726574 -0.0359115823716739 -0.0446124284252416 -0.057019211560807 -0.0678928738613633
-9999 -9999 -9999 -9999 -9999 -9999 -9999 -0.00891155019784151 -0.012036826505383 0.136265283623787 0.262187799834918 0.292061735868764 0.222901473361494 0.0853496860474007 0.0267678532463343 0.0127326370742039 -0.0074020429428383 -0.0128915463539917 -0.0172426302409454 -0.0309232975354432 -0.0248267305589903 0.00831692199267897 0.012715416096351 0.0131945364863775 0.0162594451121243 0.0218099954995012 0.0352264642096281 0.0480957189851695 0.0605364723331988 0.0665176505807029 0.0632432317615688 0.0593798540481732 0.0530397424080618 0.0440790157553905 0.0343676246854301 0.0214855721347053 0.0123495408936999 0.013001710981112 0.0120356199045343 -0.0020534921346258 -0.0267364410785589 -0.0443887098818023 -0.0243103075963388 -0.00717108735425631 0.00740643820896864 0.0154313199562893 0.0172944143778933 0.0163196900965418 0.0110873067143544 0.00297642677694282 -0.00779090903386381 -0.0179726340822441 -0.0289543475803723 -0.0378568020970055 -0.044667527774467
-9999 -9999 -9999 -9999 -9999 -9999 -9999 0.0111483805310447 -0.0267166721702555 0.0421193386053628 0.250021348151671 0.401240190446796 0.295975814998145 0.0831337114069717 0.00794432053855282 -0.00394659112220941 -0.0130697360157688 -0.00387999344957224 -0.00718179898717763 -0.0264905437068007 -0.013347045516985 0.0580914130904349 0.079856672562096 0.0787868663251108 0.0760383689787846 0.0774335013640935 0.0965422396265374 0.106854878957473 0.116921972912787 0.11883167781441 0.110479006578901 0.109841786431043 0.105468173394746 0.0996544952753192 0.0932931497223102 0.0858019686590386 0.0794824909321177 0.0808526358726522 0.0793628296569387 0.0624001931760589 0.0315541315183101 0.0017721027876334 0.000162082342300307 0.0109214310606725 0.0227068720765194 0.0296682446792868 0.0295657899775422 0.0303771583755358 0.0269372446411915 0.0187662779152002 0.00593373595896068 -0.00400957189147477 -0.0123173585310931 -0.0174836657272934 -0.0245908194127863
-9999 -9999 -9999 -9999 -9999 -9999 -9999 -9999 -9999 -0.003135395760264 0.154798724857665 0.552615430900695 0.37578455447626 0.0545579440494247 0.00303229340601802 0.00645113920331597 0.0195315590380699 0.0101485806645109 -0.0263457858156537 -0.0550173456301292 -0.014335897365534 0.100989111454577 0.128643618489891 0.102597438197114 0.0974045534911633 0.111295457973099 0.134444120353641 0.139048802226963 0.136038127280524 0.135571302594656 0.138708027234254 0.149250936975173 0.143890153973582 0.141078728892376 0.141724873219901 0.141069555616261 0.145958766660484 0.144365840342673 0.140467536739382 0.124661597558088 0.0971625723699077 0.0711243427115669 0.0492264490801873 0.0415091033052772 0.0474060769862416 0.0469528637771851 0.0459360203607576 0.0425876371952893 0.0378719924766814 0.027819326727256 0.0105272952452391 0.000347581319729728 -0.00368867003197626 -0.00151515159481186 0.00193421900491902
-9999 -9999 -9999 -9999 -9999 -9999 -9999 -9999 -9999 0.0510084293170001 0.077250321189835 0.65389041621102 0.41713041260198 0.0108270668575476 -0.0217830521055796 0.0119988666742377 0.0495286586781244 0.0474983376364418 -0.023820363434334 -0.0639704735305637 -0.0115068631860419 0.136664847525566 0.154324297920699 0.128821022812659 0.118342136610692 0.117982395496125 0.147876576370464 0.143815081785721 0.13078117315221 0.126592552102156 0.133356666126229 0.151876601450391 0.144593176448069 0.140878305451207 0.14595243672256 0.157514120035631 0.176934309044683 0.180290808693852 0.180287966182126 0.170906950246016 0.151478058054512 0.131746481108541 0.110769517926085 0.094584332876007 0.079257716854678 0.0674294083710738 0.0615140645993562 0.0641558319135014 0.068224638223823 0.0638290329314555 0.0478292498079247 0.0361638384854079 0.0301985435734547 0.0331440742681816 0.0364993501497091
-9999 -9999 -9999 -9999 -9999 -9999 -9999 -9999 -9999 -9999 0.0306766213843189 0.500542735322156 0.311365610191881 -0.0508691443362441 -0.0573317820788776 0.00608049147029049 0.0900921997760464 0.133031591315034 0.0244315178509621 -0.0470788089981387 0.0142018431267769 0.155980832074612 0.180835910362963 0.136850152272025 0.125177110240254 0.139525966290537 0.151090172776869 0.142161849335431 0.118756156807072 0.105678684052394 0.113631397379619 0.12591157624195 0.117227370149763 0.105319183646072 0.113159912876817 0.136436976684493 0.165587394081554 0.175209919066 0.180403567799961 0.182922205885335 0.175251076752731 0.167456347766734 0.150429438684496 0.13542556873679 0.123843508770055 0.109809529843731 0.106148799359458 0.114674347114023 0.122699690564689 0.114035817960841 0.0864686096291263 0.0617871585107186 0.0440699272370235 0.0325458567940146 0.0350860398699033
-9999 -9999 -9999 -9999 -9999 -9999 -9999 -9999 -9999 -9999 -9999 0.159930090659181 0.0990861473808753 -0.0612870219313082 -0.0630255672296793 0.0161568570897992 0.15473196218892 0.300013222668459 0.150722223376715 0.0222629346456725 0.0733572042701818 0.176769811442749 0.179382689043896 0.146802640699947 0.135197004413918 0.145625620000649 0.159120029573618 0.144338743134654 0.116636867532993 0.0997897301781027 0.093169961801581 0.0897330580795196 0.0778809763326812 0.0648186767911459 0.0683327240333357 0.0898921468786351 0.11729088546316 0.132319411187102 0.144127119828477 0.155397345769096 0.162150346252949 0.167501680765185 0.162601436326655 0.155516874799975 0.152164228166801 0.146567633358454 0.14860652429768 0.158628549616629 0.162162883611611 0.147505322220593 0.110383857312047 0.0784680073591092 0.0546634050489115 0.0361180552456585 0.0342750435783737
-9999 -9999 -9999 -9999 -9999 -9999 -9999 -9999 -9999 -9999 -9999 -9999 -0.00597821454690506 -0.0260058015860425 -0.0138861737988231 0.0667005207813653 0.219910228734423 0.476543613555198 0.390352056418606 0.173582540352464 0.162323091630983 0.182372409570505 0.173444820888279 0.162725752344127 0.14483187333667 0.151212142531149 0.157138657097192 0.138371755024849 0.11056976384419 0.090894015122558 0.077683902473254 0.0680301866492546 0.0528281830566614 0.0354250113674434 0.0333783061932837 0.043776332219004 0.0595510540077716 0.0802935768750521 0.0895505438649589 0.109733852452692 0.130425114449166 0.142199205542453 0.155030118247926 0.155643115745186 0.164326376521621 0.174775878228207 0.185013186153797 0.188489287948287 0.18303182835935 0.16570193711151 0.129043325634868 0.0958013683583386 0.0772769873844826 0.064257342892231 0.0516786070360136
