meets/meet006/_saidas_enm/CCSM_Bioclim_0k_T_nigriceps5.asc
NCOLS 154 
NROWS 168 
XLLCORNER -112 
YLLCORNER -55.5 
CELLSIZE 0.5 
NODATA_value -9999 
[rows 87 to 115 of 168, columns 64 to 127 of 154]
-9999 -9999 -9999 -9999 -9999 -9999 -9999 -9999 -9999 0 0 0 0.0751879699248121 0.100250626566416 0.0050125313283208 0 0 0 0 0 0 0 0.135338345864662 0.150375939849624 0.150375939849624 0.167919799498747 0.0401002506265664 0.0125313283208019 0.0100250626566416 0.00250626566416035 0 0 0 0.00250626566416035 0.00501253132832091 0.0100250626566416 0.0100250626566416 0.0100250626566416 0.0100250626566416 0.00501253132832091 0.00501253132832091 0.00501253132832091 0.00250626566416035 0.00250626566416035 0 0 0.00250626566416035 0.00250626566416035 0.0050125313283208 0.0025062656641604 0.0025062656641604 0.0025062656641604 0.0025062656641604 0.0025062656641604 0 0 0 0.0025062656641604 0.0025062656641604 0.0025062656641604 0.0075187969924812 0.0075187969924812 0.0075187969924812 0.0100250626566416
-9999 -9999 -9999 -9999 -9999 -9999 -9999 -9999 -9999 -9999 -9999 0 0 0 0.0927318295739348 0.0200501253132832 0 0 0 0 0 0 0 0.152882205513784 0.160401002506266 0.30952380952381 0.333333333333333 0.0576441102756893 0.0125313283208019 0.0100250626566416 0.00501253132832091 0.00501253132832091 0.0100250626566416 0.0100250626566416 0.0100250626566416 0.0100250626566416 0.00501253132832091 0.00501253132832091 0.00250626566416035 0.00250626566416035 0 0 0 0 0 0 0 0 0.00501253132832091 0.0075187969924812 0.0025062656641604 0.0025062656641604 0.0025062656641604 0.0025062656641604 0.0025062656641604 0.0025062656641604 0.0025062656641604 0.0025062656641604 0.0025062656641604 0.0075187969924812 0.0075187969924812 0.0075187969924812 0.0087719298245614 0.0175438596491228
-9999 -9999 -9999 -9999 -9999 -9999 -9999 -9999 -9999 -9999 -9999 -9999 -9999 0 0.00250626566416035 0.0927318295739348 0.100250626566416 0 0 0 0 0 0 0 0.155388471177945 0.166666666666667 0.323308270676692 0.399749373433584 0.105263157894737 0.0250626566416041 0.0125313283208019 0.0100250626566416 0.0100250626566416 0.00501253132832091 0.00501253132832091 0.00501253132832091 0.00250626566416035 0.00250626566416035 0.00250626566416035 0.00250626566416035 0.00250626566416035 0 0 0 0 0 0 0 0.00250626566416035 0.0075187969924812 0.0075187969924812 0.0075187969924812 0.0075187969924812 0.0075187969924812 0.0075187969924812 0.0075187969924812 0.0075187969924812 0.0075187969924812 0.0075187969924812 0.0075187969924812 0.0075187969924812 0.0075187969924812 0.0100250626566416 0.0275689223057644
-9999 -9999 -9999 -9999 -9999 -9999 -9999 -9999 -9999 -9999 -9999 -9999 -9999 -9999 -9999 0.0075187969924812 0.0526315789473684 0.100250626566416 0.0200501253132832 0 0 0 0 0 0 0.0200501253132832 0.197994987468672 0.300751879699248 0.411027568922306 0.308270676691729 0.0350877192982457 0.0200501253132832 0.0125313283208019 0.0100250626566416 0.00501253132832091 0.00250626566416035 0.00250626566416035 0.00250626566416035 0.00250626566416035 0.00250626566416035 0.00250626566416035 0 0 0 0 0 0 0 0 0.00250626566416035 0.0075187969924812 0.0075187969924812 0.0075187969924812 0.0075187969924812 0.0075187969924812 0.0075187969924812 0.0075187969924812 0.0075187969924812 0.0075187969924812 0.0075187969924812 0.0075187969924812 0.0075187969924812 0.0100250626566416 0.0275689223057644
-9999 -9999 -9999 -9999 -9999 -9999 -9999 -9999 -9999 -9999 -9999 -9999 -9999 -9999 -9999 -9999 -9999 0.0451127819548872 0.0751879699248121 0.0200501253132832 0 0 0 0 0 0 0.0200501253132832 0.182957393483709 0.37593984962406 0.513784461152882 0.636591478696742 0.134085213032581 0.0250626566416041 0.0125313283208019 0.00501253132832091 0.00250626566416035 0.00250626566416035 0.00250626566416035 0.00250626566416035 0.00250626566416035 0 0 0 0 0 0 0 0 0 0 0.00250626566416035 0.0075187969924812 0.0075187969924812 0.0075187969924812 0.0075187969924812 0.0075187969924812 0.0075187969924812 0.0075187969924812 0.0075187969924812 0.0075187969924812 0.0075187969924812 0.0100250626566416 0.0100250626566416 0.0275689223057644
-9999 -9999 -9999 -9999 -9999 -9999 -9999 -9999 -9999 -9999 -9999 -9999 -9999 -9999 -9999 -9999 -9999 0 0 0.0726817042606516 0.0927318295739348 0 0 0 0 0 0 0.0050125313283208 0.167919799498747 0.209273182957393 0.56015037593985 0.338345864661654 0.106516290726817 0.0162907268170427 0.0100250626566416 0 0 0.00250626566416035 0.00250626566416035 0.00250626566416035 0 0 0 0 0 0 0 0 0 0 0.00250626566416035 0.0075187969924812 0.0075187969924812 0.0075187969924812 0.0075187969924812 0.0075187969924812 0.0075187969924812 0.0075187969924812 0.0075187969924812 0.0075187969924812 0.0075187969924812 0.0100250626566416 0.0275689223057644 0.0275689223057644
-9999 -9999 -9999 -9999 -9999 -9999 -9999 -9999 -9999 -9999 -9999 -9999 -9999 -9999 -9999 -9999 -9999 -9999 -9999 0 0 0.0551378446115289 0 0 0 0 0 0 0.0200501253132832 0.167919799498747 0.338345864661654 0.333333333333333 0.37468671679198 0.0300751879699248 0.0100250626566416 0 0 0.00250626566416035 0.00250626566416035 0.00250626566416035 0.00250626566416035 0 0 0 0 0 0 0 0 0 0.00250626566416035 0.0100250626566416 0.0100250626566416 0.0100250626566416 0.0100250626566416 0.0100250626566416 0.0100250626566416 0.0100250626566416 0.0100250626566416 0.0100250626566416 0.0100250626566416 0.0100250626566416 0.0275689223057644 0.0401002506265664
-9999 -9999 -9999 -9999 -9999 -9999 -9999 -9999 -9999 -9999 -9999 -9999 -9999 -9999 -9999 -9999 -9999 -9999 -9999 0 0 0.0476190476190476 0 0 0 0 0 0 0 0.0200501253132832 0.150375939849624 0.165413533834587 0.335839598997494 0.0977443609022557 0.0125313283208019 0.00250626566416035 0 0 0 0 0 0 0 0 0 0 0 0 0 0.00250626566416035 0.00501253132832091 0.0100250626566416 0.0125313283208019 0.0200501253132832 0.0275689223057644 0.0275689223057644 0.025062656641604 0.0100250626566416 0.0100250626566416 0.0100250626566416 0.0100250626566416 0.0250626566416041 0.0300751879699248 0.0401002506265664
-9999 -9999 -9999 -9999 -9999 -9999 -9999 -9999 -9999 -9999 -9999 -9999 -9999 -9999 -9999 -9999 -9999 -9999 -9999 -9999 0 0.0451127819548872 0 0 0 0 0 0 0 0.0200501253132832 0.147869674185464 0.160401002506266 0.590225563909774 0.245614035087719 0.0200501253132832 0.00250626566416035 0 0 0 0 0 0 0 0 0 0 0 0 0.00250626566416035 0.00501253132832091 0.0100250626566416 0.0100250626566416 0.0125313283208019 0.0125313283208019 0.0125313283208019 0.0125313283208019 0.0200501253132832 0.0200501253132832 0.0200501253132832 0.0125313283208019 0.0200501253132832 0.0225563909774436 0.0275689223057645 0.0451127819548872
-9999 -9999 -9999 -9999 -9999 -9999 -9999 -9999 -9999 -9999 -9999 -9999 -9999 -9999 -9999 -9999 -9999 -9999 -9999 -9999 0 0.0275689223057644 0.0451127819548872 0.0200501253132832 0 0 0 0 0 0.0200501253132832 0.132832080200501 0.150375939849624 0.588972431077694 0.320802005012531 0.0275689223057645 0.0100250626566416 0.00250626566416035 0 0 0 0 0 0 0 0 0 0 0.00125313283208017 0.00501253132832091 0.0100250626566416 0.0125313283208019 0.0125313283208019 0.0125313283208019 0.0125313283208019 0.0125313283208019 0.0125313283208019 0.0125313283208019 0.0125313283208019 0.0125313283208019 0.0125313283208019 0.0200501253132832 0.0300751879699248 0.0401002506265664 0.0451127819548872
-9999 -9999 -9999 -9999 -9999 -9999 -9999 -9999 -9999 -9999 -9999 -9999 -9999 -9999 -9999 -9999 -9999 -9999 -9999 -9999 0 0 0.0275689223057644 0.0200501253132832 0 0 0 0 0.0050125313283208 0.0200501253132832 0.130325814536341 0.150375939849624 0.493734335839599 0.327067669172932 0.0300751879699248 0.0100250626566416 0.00250626566416035 0 0 0 0 0 0 0 0 0 0 0.00501253132832091 0.0100250626566416 0.0125313283208019 0.0125313283208019 0.0125313283208019 0.0100250626566416 0.0125313283208019 0.0125313283208019 0.0125313283208019 0.0125313283208019 0.0125313283208019 0.0125313283208019 0.0125313283208019 0.0275689223057645 0.0401002506265664 0.0451127819548872 0.0476190476190476
-9999 -9999 -9999 -9999 -9999 -9999 -9999 -9999 -9999 -9999 -9999 -9999 -9999 -9999 -9999 -9999 -9999 -9999 -9999 -9999 0 0.0100250626566416 0.025062656641604 0.0150375939849624 0 0 0 0 0 0.0200501253132832 0.147869674185464 0.150375939849624 0.06265664160401 0.06265664160401 0.0288220551378446 0.0100250626566416 0.00250626566416035 0.00250626566416035 0 0 0 0 0 0 0 0 0.00250626566416035 0.0100250626566416 0.0125313283208019 0.0125313283208019 0.0125313283208019 0.0125313283208019 0.0125313283208019 0.0125313283208019 0.0125313283208019 0.0125313283208019 0.0125313283208019 0.0125313283208019 0.0125313283208019 0.0200501253132832 0.0300751879699248 0.0476190476190476 0.0476190476190476 0.0476190476190476
-9999 -9999 -9999 -9999 -9999 -9999 -9999 -9999 -9999 -9999 -9999 -9999 -9999 -9999 -9999 -9999 -9999 -9999 -9999 -9999 0 0.0100250626566416 0.0100250626566416 0 0 0 0 0 0 0.0200501253132832 0.147869674185464 0.330827067669173 0.0300751879699248 0.0426065162907268 0.0200501253132832 0.0100250626566416 0.00250626566416035 0 0 0 0 0 0 0 0 0.00250626566416035 0.0100250626566416 0.0125313283208019 0.0125313283208019 0.0200501253132832 0.0200501253132832 0.0125313283208019 0.0125313283208019 0.0125313283208019 0.0125313283208019 0.0125313283208019 0.0125313283208019 0.0125313283208019 0.0200501253132832 0.0300751879699248 0.0401002506265664 0.0476190476190476 0.0526315789473684 0.0526315789473684
-9999 -9999 -9999 -9999 -9999 -9999 -9999 -9999 -9999 -9999 -9999 -9999 -9999 -9999 -9999 -9999 -9999 -9999 -9999 -9999 0 0.0100250626566416 0.0100250626566416 0 0 0 0 0 0.0050125313283208 0.147869674185464 0.147869674185464 0.496240601503759 0.0551378446115289 0.0426065162907268 0.0200501253132832 0.0100250626566416 0 0.00250626566416035 0 0 0 0 0 0.00250626566416035 0.00250626566416035 0.0100250626566416 0.0125313283208019 0.0125313283208019 0.0200501253132832 0.0250626566416041 0.0300751879699248 0.0275689223057645 0.0225563909774436 0.0200501253132832 0.0200501253132832 0.0200501253132832 0.0200501253132832 0.0200501253132832 0.0300751879699248 0.0350877192982457 0.0526315789473684 0.0526315789473684 0.102756892230576 0.107769423558897
-9999 -9999 -9999 -9999 -9999 -9999 -9999 -9999 -9999 -9999 -9999 -9999 -9999 -9999 -9999 -9999 -9999 -9999 -9999 -9999 0 0.025062656641604 0.0200501253132832 0 0 0 0 0 0.0200501253132832 0.150375939849624 0.164160401002506 0.496240601503759 0.0588972431077694 0.0551378446115289 0.0125313283208019 0.00501253132832091 0 0 0.00250626566416035 0 0 0.00250626566416035 0.00501253132832091 0.00375939849624052 0.00501253132832091 0.0100250626566416 0.0125313283208019 0.0125313283208019 0.0225563909774436 0.0300751879699248 0.0300751879699248 0.0300751879699248 0.0300751879699248 0.0300751879699248 0.0300751879699248 0.0300751879699248 0.0300751879699248 0.0300751879699248 0.0401002506265664 0.0977443609022557 0.18796992481203 0.308270676691729 0.320802005012531 0.433583959899749
-9999 -9999 -9999 -9999 -9999 -9999 -9999 -9999 -9999 -9999 -9999 -9999 -9999 -9999 -9999 -9999 -9999 -9999 -9999 0 0 0 0.0200501253132832 0 0 0 0 0 0.0200501253132832 0.157894736842105 0.416040100250627 0.578947368421053 0.0651629072681705 0.06265664160401 0.0125313283208019 0.0100250626566416 0 0.0100250626566416 0.0100250626566416 0.00250626566416035 0.00250626566416035 0.00501253132832091 0.00501253132832091 0.00501253132832091 0.00501253132832091 0.0100250626566416 0.0125313283208019 0.0125313283208019 0.0238095238095237 0.0300751879699248 0.0325814536340852 0.0350877192982457 0.0375939849624061 0.0401002506265664 0.0401002506265664 0.0551378446115289 0.0576441102756893 0.0927318295739348 0.172932330827068 0.308270676691729 0.330827067669173 0.433583959899749 0.581453634085213 0.610275689223058
-9999 -9999 -9999 -9999 -9999 -9999 -9999 -9999 -9999 -9999 -9999 -9999 -9999 -9999 -9999 -9999 -9999 -9999 -9999 0 0 0 0.0200501253132832 0 0 0 0 0 0.0200501253132832 0.150375939849624 0.617794486215539 0.496240601503759 0.06265664160401 0.06265664160401 0.0200501253132832 0.0100250626566416 0 0 0.0100250626566416 0.0100250626566416 0.0100250626566416 0.0100250626566416 0.0100250626566416 0.0100250626566416 0.0100250626566416 0.0100250626566416 0.0125313283208019 0.0125313283208019 0.0250626566416041 0.0300751879699248 0.0401002506265664 0.0401002506265664 0.0551378446115289 0.0726817042606516 0.0852130325814537 0.0977443609022557 0.167919799498747 0.2468671679198 0.315789473684211 0.431077694235589 0.649122807017544 0.654135338345865 0.714285714285714 0.664160401002506
-9999 -9999 -9999 -9999 -9999 -9999 -9999 -9999 -9999 -9999 -9999 -9999 -9999 -9999 -9999 -9999 -9999 -9999 -9999 0 0 0 0.0200501253132832 0 0 0 0 0.0050125313283208 0.107769423558897 0.154135338345865 0.278195488721805 0.06265664160401 0.0551378446115289 0.0451127819548873 0.0250626566416041 0 0 0 0.0125313283208019 0.0125313283208019 0.0125313283208019 0.0125313283208019 0.0125313283208019 0.0125313283208019 0.0125313283208019 0.0125313283208019 0.0125313283208019 0.0200501253132832 0.0300751879699248 0.0300751879699248 0.0551378446115289 0.0827067669172932 0.0927318295739348 0.102756892230576 0.152882205513784 0.165413533834587 0.162907268170426 0.31077694235589 0.442355889724311 0.714285714285714 0.74937343358396 0.74937343358396 0.74937343358396 0.664160401002506
-9999 -9999 -9999 -9999 -9999 -9999 -9999 -9999 -9999 -9999 -9999 -9999 -9999 -9999 -9999 -9999 -9999 -9999 -9999 0 0 0 0 0 0 0 0 0.0050125313283208 0.102756892230576 0.240601503759398 0.0325814536340852 0.0388471177944862 0.0350877192982457 0 0 0 0 0 0.0125313283208019 0.0125313283208019 0.0125313283208019 0.0125313283208019 0.0125313283208019 0.0125313283208019 0.0125313283208019 0.0125313283208019 0.0125313283208019 0.0225563909774436 0.0300751879699248 0.0363408521303259 0.0751879699248121 0.0977443609022557 0.167919799498747 0.245614035087719 0.315789473684211 0.330827067669173 0.558897243107769 0.649122807017544 0.691729323308271 0.681704260651629 0.641604010025063 0.571428571428571 0.533834586466165 0.43734335839599
-9999 -9999 -9999 -9999 -9999 -9999 -9999 -9999 -9999 -9999 -9999 -9999 -9999 -9999 -9999 -9999 -9999 -9999 -9999 0 0 0 0 0 0 0 0 0.0050125313283208 0.06265664160401 0.135338345864662 0.0150375939849625 0.0426065162907268 0.0551378446115289 0 0 0 0.0200501253132832 0.0125313283208019 0.0125313283208019 0.0125313283208019 0.0125313283208019 0.0125313283208019 0.0125313283208019 0.0125313283208019 0.0125313283208019 0.0200501253132832 0.0250626566416041 0.0300751879699248 0.0300751879699248 0.0401002506265664 0.0927318295739348 0.172932330827068 0.308270676691729 0.330827067669173 0.606516290726817 0.667919799498747 0.641604010025063 0.641604010025063 0.533834586466165 0.521303258145363 0.411027568922306 0.411027568922306 0.37593984962406 0.0526315789473684
-9999 -9999 -9999 -9999 -9999 -9999 -9999 -9999 -9999 -9999 -9999 -9999 -9999 -9999 -9999 -9999 -9999 -9999 -9999 0 0 0 0 0 0 0 0 0.0025062656641604 0.0538847117794486 0.208020050125313 0.050125313283208 0.0551378446115289 0.0551378446115289 0 0 0 0.0250626566416041 0.0200501253132832 0.0200501253132832 0.0200501253132832 0.0200501253132832 0.0200501253132832 0.0200501253132832 0.0225563909774436 0.0263157894736843 0.0300751879699248 0.0300751879699248 0.0300751879699248 0.0350877192982457 0.0551378446115289 0.102756892230576 0.208020050125313 0.328320802005013 0.533834586466165 0.533834586466165 0.533834586466165 0.441102756892231 0.411027568922306 0.411027568922306 0.388471177944862 0.352130325814536 0.275689223057644 0.0426065162907268 0.0075187969924812
-9999 -9999 -9999 -9999 -9999 -9999 -9999 -9999 -9999 -9999 -9999 -9999 -9999 -9999 -9999 -9999 -9999 -9999 -9999 0 0 0 0 0 0 0 0 0.0050125313283208 0.0526315789473684 0.195488721804511 0.206766917293233 0.06265664160401 0.0426065162907268 0 0 0 0 0 0.0300751879699248 0.0300751879699248 0.0300751879699248 0.0300751879699248 0.0300751879699248 0.0300751879699248 0.0300751879699248 0.0338345864661653 0.0350877192982457 0.0401002506265664 0.0551378446115289 0.0852130325814537 0.159147869674185 0.275689223057644 0.342105263157895 0.411027568922306 0.411027568922306 0.411027568922306 0.390977443609023 0.358395989974937 0.350877192982456 0.323308270676692 0.298245614035088 0.0401002506265664 0.0075187969924812 -9999
-9999 -9999 -9999 -9999 -9999 -9999 -9999 -9999 -9999 -9999 -9999 -9999 -9999 -9999 -9999 -9999 -9999 -9999 -9999 0 0 0 0 0 0 0 0 0.0200501253132832 0.0551378446115288 0.235588972431078 0.273182957393484 0.263157894736842 0.0451127819548873 0 0 0 0 0 0.0401002506265664 0.0375939849624061 0.0375939849624061 0.0375939849624061 0.0401002506265664 0.0401002506265664 0.0401002506265664 0.0551378446115289 0.0563909774436091 0.0827067669172932 0.0889724310776943 0.102756892230576 0.18796992481203 0.315789473684211 0.388471177944862 0.355889724310777 0.350877192982456 0.340852130325815 0.323308270676692 0.323308270676692 0.31077694235589 0.308270676691729 0.160401002506266 0.0263157894736842 0.0075187969924812 -9999
-9999 -9999 -9999 -9999 -9999 -9999 -9999 -9999 -9999 -9999 -9999 -9999 -9999 -9999 -9999 -9999 -9999 -9999 0 0 0 0 0 0 0 0 0.0050125313283208 0.0200501253132832 0.0864661654135338 0.244360902255639 0.135338345864662 0.172932330827068 0.0551378446115289 0 0 0 0 0 0.0551378446115289 0.0726817042606516 0.0726817042606516 0.0852130325814537 0.0852130325814537 0.0852130325814537 0.0852130325814537 0.0852130325814537 0.0927318295739348 0.0977443609022557 0.105263157894737 0.166666666666667 0.245614035087719 0.320802005012531 0.334586466165413 0.323308270676692 0.320802005012531 0.320802005012531 0.308270676691729 0.308270676691729 0.160401002506266 0.155388471177945 0.140350877192982 0.0162907268170426 0.0075187969924812 -9999
-9999 -9999 -9999 -9999 -9999 -9999 -9999 -9999 -9999 -9999 -9999 -9999 -9999 -9999 -9999 -9999 -9999 -9999 0 0 0 0 0 0 0 0.0150375939849624 0.0200501253132832 0.0526315789473684 0.131578947368421 0.140350877192982 0.12781954887218 0.132832080200501 0.135338345864662 0.0551378446115289 0 0 0 0.0551378446115289 0.0651629072681705 0.0977443609022557 0.102756892230576 0.102756892230576 0.105263157894737 0.105263157894737 0.102756892230576 0.105263157894737 0.107769423558897 0.165413533834587 0.175438596491228 0.18796992481203 0.305764411027569 0.322055137844611 0.31077694235589 0.308270676691729 0.308270676691729 0.305764411027569 0.160401002506266 0.155388471177945 0.146616541353384 0.137844611528822 0.135338345864662 0.0150375939849624 0.0075187969924812 -9999
-9999 -9999 -9999 -9999 -9999 -9999 -9999 -9999 -9999 -9999 -9999 -9999 -9999 -9999 -9999 -9999 -9999 -9999 0 0 0 0 0 0 0 0.0200501253132832 0.0526315789473684 0.155388471177945 0.225563909774436 0.12781954887218 0.12280701754386 0.12280701754386 0.110275689223058 0.102756892230576 0.0651629072681705 0.06265664160401 0.0977443609022556 0.102756892230576 0.102756892230576 0.102756892230576 0.110275689223058 0.110275689223058 0.140350877192982 0.150375939849624 0.18796992481203 0.18796992481203 0.18796992481203 0.205513784461153 0.208020050125313 0.24812030075188 0.320802005012531 0.308270676691729 0.308270676691729 0.160401002506266 0.157894736842105 0.155388471177945 0.155388471177945 0.140350877192982 0.135338345864662 0.135338345864662 0.109022556390977 0.018796992481203 0.0037593984962406 -9999
-9999 -9999 -9999 -9999 -9999 -9999 -9999 -9999 -9999 -9999 -9999 -9999 -9999 -9999 -9999 -9999 -9999 -9999 0 0 0 0 0 0 0.0526315789473684 0.0526315789473684 0.155388471177945 0.140350877192982 0.12531328320802 0.12280701754386 0.120300751879699 0.117794486215539 0.102756892230576 0.102756892230576 0.0977443609022556 0.0977443609022556 0.0977443609022556 0.0977443609022556 0.102756892230576 0.102756892230576 0.102756892230576 0.110275689223058 0.112781954887218 0.140350877192982 0.197994987468672 0.24812030075188 0.24812030075188 0.298245614035088 0.300751879699248 0.303258145363409 0.308270676691729 0.160401002506266 0.157894736842105 0.155388471177945 0.140350877192982 0.139097744360902 0.135338345864662 0.135338345864662 0.130325814536341 0.0964912280701755 0.0563909774436091 0.0137844611528822 0.0075187969924812 -9999
-9999 -9999 -9999 -9999 -9999 -9999 -9999 -9999 -9999 -9999 -9999 -9999 -9999 -9999 -9999 -9999 -9999 0 0 0 0 0 0 0 0.0526315789473684 0.155388471177945 0.132832080200501 0.0588972431077694 0.105263157894737 0.107769423558897 0.107769423558897 0.102756892230576 0.102756892230576 0.0977443609022556 0.0902255639097744 0.0902255639097744 0.0977443609022556 0.0977443609022556 0.102756892230576 0.102756892230576 0.102756892230576 0.110275689223058 0.110275689223058 0.140350877192982 0.140350877192982 0.195488721804511 0.263157894736842 0.263157894736842 0.295739348370927 0.298245614035088 0.160401002506266 0.155388471177945 0.155388471177945 0.140350877192982 0.135338345864662 0.135338345864662 0.135338345864662 0.12531328320802 0.101503759398496 0.0476190476190477 0.0162907268170427 0.0075187969924812 -9999 -9999
-9999 -9999 -9999 -9999 -9999 -9999 -9999 -9999 -9999 -9999 -9999 -9999 -9999 -9999 -9999 -9999 -9999 0 0 0 0 0 0 0.0651629072681705 0.235588972431078 0.172932330827068 0.107769423558897 0.012531328320802 0.012531328320802 0.0601503759398496 0.0927318295739348 0.0977443609022556 0.0902255639097744 0.0476190476190476 0.0476190476190476 0.0476190476190476 0.0902255639097744 0.0977443609022556 0.102756892230576 0.102756892230576 0.102756892230576 0.102756892230576 0.110275689223058 0.110275689223058 0.140350877192982 0.140350877192982 0.150375939849624 0.263157894736842 0.263157894736842 0.157894736842105 0.155388471177945 0.140350877192982 0.137844611528822 0.135338345864662 0.135338345864662 0.12531328320802 0.102756892230576 0.0902255639097744 0.081453634085213 0.0338345864661653 0.00877192982456143 -9999 -9999 -9999
