meets/meet006/_saidas_enm/CCSM_Gower_0k_T_nigriceps2.asc
NCOLS 154 
NROWS 168 
XLLCORNER -112 
YLLCORNER -55.5 
CELLSIZE 0.5 
NODATA_value -9999 
[rows 100 to 124 of 168, columns 56 to 111 of 154]
-9999 -9999 -9999 -9999 -9999 -9999 -9999 -9999 -9999 -9999 -9999 -9999 -9999 -9999 -9999 -9999 -9999 -9999 -9999 -9999 -9999 -9999 -9999 -9999 -9999 -9999 -9999 -9999 0.441652966491966 0.619744391023523 0.639953800659698 0.464972820775911 0.348730859285244 0.298406572806144 0.330595491298784 0.414486481970206 0.517604999242089 0.63651056791702 0.728332001228678 0.744526492737247 0.74760537278724 0.734047471524738 0.612909944379233 0.5133921997354 0.494072164755664 0.493833716302075 0.472659668131239 0.45257849570505 0.446735253261667 0.456557594925675 0.471262175713512 0.478019836197755 0.49137849739271 0.517716416723395 0.55240057502161 0.589683341634444
-9999 -9999 -9999 -9999 -9999 -9999 -9999 -9999 -9999 -9999 -9999 -9999 -9999 -9999 -9999 -9999 -9999 -9999 -9999 -9999 -9999 -9999 -9999 -9999 -9999 -9999 -9999 -9999 0.425410398204766 0.610621095051799 0.593066296801867 0.449932209695452 0.364391603615205 0.326605375568208 0.361552739913658 0.436510410578516 0.547981561551197 0.663999176817383 0.727482760895227 0.744893600133551 0.74761992530181 0.727845373990485 0.602238026795243 0.511430145293445 0.506656055181061 0.508784060932863 0.486364145124853 0.462045100358392 0.458163331468406 0.478401780476881 0.500259235324122 0.499204407645988 0.508123873447043 0.531233310138711 0.562580172530879 0.606976554840415
-9999 -9999 -9999 -9999 -9999 -9999 -9999 -9999 -9999 -9999 -9999 -9999 -9999 -9999 -9999 -9999 -9999 -9999 -9999 -9999 -9999 -9999 -9999 -9999 -9999 -9999 -9999 0.3936813842451 0.424633626577904 0.584329585623376 0.609799488671788 0.460990726775882 0.392288695721838 0.364516181090602 0.393275769665669 0.474884123431687 0.580516852907118 0.695541931075789 0.733916122703974 0.745474435975967 0.74700979799999 0.717600953359532 0.605027015638419 0.525676241223709 0.522681580838587 0.531208682822793 0.513047629617003 0.492499151780402 0.487908992376737 0.499595953876265 0.510438263739525 0.510591361516213 0.507854698749771 0.526323345179885 0.560051976380214 0.594691874294274
-9999 -9999 -9999 -9999 -9999 -9999 -9999 -9999 -9999 -9999 -9999 -9999 -9999 -9999 -9999 -9999 -9999 -9999 -9999 -9999 -9999 -9999 -9999 -9999 -9999 -9999 -9999 0.386561799865638 0.443019985075419 0.555290847962726 0.604071526069096 0.466137228443038 0.410785282234838 0.387851983512598 0.416906370685273 0.499127691621503 0.614433879643032 0.721448304441265 0.737682188256871 0.746022654683597 0.744832296363817 0.707397406597796 0.613030471115258 0.543940262086567 0.549353970010801 0.559122313432489 0.543087647425148 0.524911308299133 0.518547482483386 0.524165695079287 0.529226714652554 0.526211566888243 0.51702642726881 0.531299549126351 0.562098187822674 0.59245973026227
-9999 -9999 -9999 -9999 -9999 -9999 -9999 -9999 -9999 -9999 -9999 -9999 -9999 -9999 -9999 -9999 -9999 -9999 -9999 -9999 -9999 -9999 -9999 -9999 -9999 -9999 -9999 0.383006667492878 0.437849598667296 0.526365617928987 0.593852910245905 0.45864904993365 0.406318755927065 0.39280623103764 0.42732991431469 0.519773032357076 0.638100622479147 0.722124710602056 0.741102387221203 0.746386918159224 0.742489131676766 0.698268886658875 0.634636829042548 0.576914664581008 0.573849741610067 0.585018191313961 0.570000852299153 0.554779262734669 0.54872660634733 0.552430328471304 0.557801090851427 0.553181258952542 0.5509022082365 0.561605191161556 0.581988845421658 0.608766430643456
-9999 -9999 -9999 -9999 -9999 -9999 -9999 -9999 -9999 -9999 -9999 -9999 -9999 -9999 -9999 -9999 -9999 -9999 -9999 -9999 -9999 -9999 -9999 -9999 -9999 -9999 -9999 0.380452131726662 0.426882494468454 0.503063630059637 0.560436821483304 0.429019745332658 0.384789768093516 0.376987939919733 0.420465291659836 0.523405459122553 0.65629075616706 0.71522211498342 0.740752266886773 0.746593531863674 0.738805201757532 0.691317538129705 0.653399523029023 0.60026508719331 0.595138599576331 0.599627770418554 0.584232001406574 0.574221395020832 0.570332587380614 0.572680992223166 0.580326252300338 0.579600628133964 0.581309916170995 0.592100888835181 0.605283890616914 0.62653855630855
-9999 -9999 -9999 -9999 -9999 -9999 -9999 -9999 -9999 -9999 -9999 -9999 -9999 -9999 -9999 -9999 -9999 -9999 -9999 -9999 -9999 -9999 -9999 -9999 -9999 -9999 -9999 0.381501669801684 0.420645008085564 0.48557512272156 0.513750985539796 0.392252009674135 0.348169632277062 0.351166524070387 0.405752020663906 0.516159724049403 0.671553544052942 0.694316719133763 0.737336699468809 0.746601256691937 0.73621206930846 0.686014800386172 0.649995972469973 0.624756648891883 0.609896565818651 0.599183480472238 0.593698257312332 0.585518388098136 0.58383080631444 0.59019613863397 0.593424017331169 0.600938934004167 0.606949977915599 0.616916854142183 0.628931452603986 0.643554629111486
-9999 -9999 -9999 -9999 -9999 -9999 -9999 -9999 -9999 -9999 -9999 -9999 -9999 -9999 -9999 -9999 -9999 -9999 -9999 -9999 -9999 -9999 -9999 -9999 -9999 -9999 -9999 0.383915484451475 0.417413794587597 0.470990559758938 0.473944725306408 0.359746005542516 0.323554016224466 0.33293048336556 0.394938513973489 0.514886782367972 0.634421278635212 0.672609383831452 0.73508154318357 0.74667981600031 0.733650005098022 0.680029945819971 0.645919138295996 0.633842066486575 0.631077739667227 0.621107653868553 0.614893749304617 0.610792267560479 0.60958227160117 0.61344480147284 0.618040579438653 0.626181671728011 0.634877802632369 0.644433947490655 0.651970095948715 0.662973127784494
-9999 -9999 -9999 -9999 -9999 -9999 -9999 -9999 -9999 -9999 -9999 -9999 -9999 -9999 -9999 -9999 -9999 -9999 -9999 -9999 -9999 -9999 -9999 -9999 -9999 -9999 -9999 0.387407567358168 0.415317803557755 0.459831208651413 0.438188369435274 0.346857143464033 0.313072047657564 0.331991486326808 0.402195613164914 0.518186253837537 0.601070005732769 0.661408874698902 0.735474435947509 0.746901390626184 0.725325407903312 0.674145807949557 0.641594500067941 0.631511078348419 0.629654314627344 0.632365225900181 0.638325714642795 0.646309505928569 0.645563752950609 0.646639822868191 0.65194092821268 0.657625082248321 0.66542677210254 0.672564503922506 0.676082509246177 0.684451867685537
-9999 -9999 -9999 -9999 -9999 -9999 -9999 -9999 -9999 -9999 -9999 -9999 -9999 -9999 -9999 -9999 -9999 -9999 -9999 -9999 -9999 -9999 -9999 -9999 -9999 -9999 -9999 0.390558583799223 0.415385167371605 0.452358715443873 0.462487768869699 0.375779867299328 0.353393677339507 0.376837398776464 0.44478196455404 0.566147207315002 0.608294375264643 0.685951204361818 0.742186462892295 0.747504442920902 0.717170496830108 0.663590825317243 0.636293321530068 0.628900829646454 0.627491052461832 0.630182590719785 0.636059708030185 0.644039792349874 0.653463265856471 0.663552081113116 0.673565240046952 0.681695560527821 0.688710050216565 0.69359594113773 0.696044982309345 0.703120028828617
-9999 -9999 -9999 -9999 -9999 -9999 -9999 -9999 -9999 -9999 -9999 -9999 -9999 -9999 -9999 -9999 -9999 -9999 -9999 -9999 -9999 -9999 -9999 -9999 -9999 -9999 0.38066992460896 0.393278502897088 0.414858163496587 0.44842769384681 0.493659273145765 0.435516143816294 0.421461884723917 0.451999382918359 0.51603405027083 0.614430381658879 0.648193424893123 0.722938527037229 0.732111098928399 0.746681132026233 0.694955141309234 0.652585791700984 0.630334471301151 0.624730118329668 0.624269002022159 0.626573908877591 0.633011031616252 0.640835262220626 0.649942999587952 0.66021275551209 0.669764014884303 0.678183158588092 0.685536699647862 0.692147059811285 0.698498872232232 0.703495416843106
-9999 -9999 -9999 -9999 -9999 -9999 -9999 -9999 -9999 -9999 -9999 -9999 -9999 -9999 -9999 -9999 -9999 -9999 -9999 -9999 -9999 -9999 -9999 -9999 -9999 -9999 0.380795163885205 0.395247184513604 0.418692410871766 0.451092755651088 0.501274892363776 0.502789985963718 0.495265388797646 0.532691201563402 0.605294805799742 0.690077501513678 0.713934686204494 0.739411095366562 0.697265916240883 0.705874430508458 0.67966430978373 0.63936187215131 0.624446539800352 0.620858792380212 0.620582808843797 0.623348542857261 0.629474598589766 0.637431645186729 0.646438383098539 0.656115471301838 0.665560389497428 0.674438019671422 0.68181271487463 0.688236673821637 0.693941952202745 0.698967610541403
-9999 -9999 -9999 -9999 -9999 -9999 -9999 -9999 -9999 -9999 -9999 -9999 -9999 -9999 -9999 -9999 -9999 -9999 -9999 -9999 -9999 -9999 -9999 -9999 -9999 -9999 0.380392381625255 0.399516610588907 0.42531376440698 0.461143091743868 0.506809437322365 0.572329360033214 0.562903287167167 0.612513458585755 0.692610082918326 0.724030034145175 0.742269438965624 0.702887762790646 0.67140365363371 0.669108004760452 0.651544023457644 0.62871814500759 0.618778978753441 0.61634318093752 0.616674395728809 0.619305327182709 0.625992756984327 0.634072422235697 0.64278811501088 0.652144147691068 0.661183942341519 0.670115661509142 0.67814655983549 0.684333853936789 0.689657656904257 0.685589531461234
-9999 -9999 -9999 -9999 -9999 -9999 -9999 -9999 -9999 -9999 -9999 -9999 -9999 -9999 -9999 -9999 -9999 -9999 -9999 -9999 -9999 -9999 -9999 -9999 -9999 -9999 0.382474883288381 0.407363367440922 0.442273800295498 0.489279109465999 0.553468655994678 0.637923032891462 0.659885291614794 0.711267284648484 0.746099693769136 0.74066626147857 0.680107027980463 0.661981675464224 0.645120876065955 0.636850854210349 0.635173117907229 0.617991162091447 0.612751321580943 0.611805342518236 0.612833858748457 0.616166146660652 0.622591106166867 0.630619823280585 0.639034111582079 0.647665775640234 0.656248908549661 0.66465107254784 0.672776427175074 0.67884810573099 0.679018677914406 0.657501100868033
-9999 -9999 -9999 -9999 -9999 -9999 -9999 -9999 -9999 -9999 -9999 -9999 -9999 -9999 -9999 -9999 -9999 -9999 -9999 -9999 -9999 -9999 -9999 -9999 -9999 0.380967207541456 0.385808655608609 0.417448528970424 0.461395814507061 0.522491821026777 0.592163782192656 0.671059706357844 0.732485586681103 0.746796523816564 0.716010164729172 0.565881912604605 0.587476907852358 0.61744219118574 0.617349772392972 0.604721346320256 0.589748891570394 0.610335083800821 0.607058543370623 0.607341597672207 0.609464179056991 0.612363369755997 0.61961689538129 0.627488893479079 0.635191064451366 0.643358350263012 0.650791633163914 0.658556221064298 0.666103577380045 0.672386252416209 0.650068799706533 0.630494482474437
-9999 -9999 -9999 -9999 -9999 -9999 -9999 -9999 -9999 -9999 -9999 -9999 -9999 -9999 -9999 -9999 -9999 -9999 -9999 -9999 -9999 -9999 -9999 -9999 -9999 0.387633161416809 0.390862934120792 0.426997961519338 0.480684618029532 0.552131556329463 0.624099502599396 0.681879309784449 0.719363196721165 0.73667128055854 0.61900122369793 0.527014175289551 0.529411199100458 0.567495154660691 0.580644826028141 0.583404772775499 0.58306179956412 0.603734439407279 0.603927284631384 0.604902238243522 0.607770428252647 0.611820326367575 0.617874230043399 0.624831513412544 0.631795736369111 0.638904630446778 0.645693350679031 0.65244212253517 0.658843103951942 0.653853392198267 0.628412638887834 0.60437565546182
-9999 -9999 -9999 -9999 -9999 -9999 -9999 -9999 -9999 -9999 -9999 -9999 -9999 -9999 -9999 -9999 -9999 -9999 -9999 -9999 -9999 -9999 -9999 -9999 -9999 0.39611936299175 0.397473757540874 0.434225942882555 0.495681901516921 0.576530864499913 0.649711912776599 0.684001121016785 0.701904641751744 0.659290489106907 0.559243759820403 0.478754246356053 0.500832901735971 0.541841541271457 0.560685332174319 0.569985505215141 0.577609881092413 0.597840875602256 0.602310088365714 0.603689834544834 0.606955453286538 0.60622823243528 0.616712931165403 0.622655200967354 0.628463095893228 0.634574385725832 0.640632047968974 0.646044870260664 0.651544595313153 0.630736092124969 0.60164130357432 0.580257660816695
-9999 -9999 -9999 -9999 -9999 -9999 -9999 -9999 -9999 -9999 -9999 -9999 -9999 -9999 -9999 -9999 -9999 -9999 -9999 -9999 -9999 -9999 -9999 -9999 -9999 0.403703520411037 0.404067682429295 0.443880473050564 0.510939363474657 0.595348002645282 0.659314937314955 0.681563627501617 0.681545275289088 0.612252886568093 0.529408942209084 0.481602751027689 0.499998877787385 0.548363341825878 0.568957927249687 0.566683281490617 0.568271391801656 0.594606039953155 0.602972579805338 0.603905977617276 0.607475308766331 0.611884972082385 0.616314066135828 0.620821260778243 0.625536845367385 0.63055721278074 0.635457448225182 0.640211855950619 0.636208609644122 0.613613419370431 0.584385977748905 0.554452198126239
-9999 -9999 -9999 -9999 -9999 -9999 -9999 -9999 -9999 -9999 -9999 -9999 -9999 -9999 -9999 -9999 -9999 -9999 -9999 -9999 -9999 -9999 -9999 -9999 -9999 0.415428380478875 0.415436559261077 0.449299872324956 0.518971688164362 0.606711356037459 0.67093210488207 0.676887440750133 0.644758520339028 0.575515766905186 0.509733978728223 0.470486846286226 0.498397715943653 0.554861433074153 0.575864901507928 0.5641900065867 0.560693518275136 0.593424455512139 0.603516997418929 0.603964078405508 0.607707295565495 0.612295641981621 0.615589995361917 0.618954627421725 0.622406860120833 0.626367591088232 0.630418768011687 0.634010409311435 0.624079982372185 0.597744343529962 0.561027703025986 0.533539893998186
-9999 -9999 -9999 -9999 -9999 -9999 -9999 -9999 -9999 -9999 -9999 -9999 -9999 -9999 -9999 -9999 -9999 -9999 -9999 -9999 -9999 -9999 -9999 -9999 -9999 0.426937217859254 0.426087535049246 0.453346682339591 0.523475760126676 0.606300741498132 0.661690107170854 0.669643952343481 0.605707134396865 0.545086951066966 0.494270169378908 0.46771856955798 0.498245068018008 0.54411135847766 0.565846576022648 0.565256704089203 0.567808025252351 0.595759839957698 0.60365588984614 0.603763727351165 0.607424377703802 0.611866053276492 0.614662780032924 0.61682752821733 0.619448629662957 0.622543859142507 0.625648148638968 0.628619988398843 0.615900819625554 0.590456155077621 0.553923949553101 0.518992199981149
-9999 -9999 -9999 -9999 -9999 -9999 -9999 -9999 -9999 -9999 -9999 -9999 -9999 -9999 -9999 -9999 -9999 -9999 -9999 -9999 -9999 -9999 -9999 -9999 -9999 0.444706385437906 0.442641133131741 0.453795835134518 0.521696095683631 0.602311675707739 0.656671801981226 0.660500590525733 0.588978759203726 0.537934759717458 0.50368489433064 0.481364238643868 0.511067391186246 0.549165871881203 0.56835654387168 0.570641855455253 0.574171508383003 0.599925081283189 0.602512718680401 0.602292403747509 0.606147670866658 0.610697681324426 0.612775008856354 0.614344048552081 0.616262233259845 0.618725890909668 0.62124717795622 0.623271629096676 0.614990307837182 0.586824174184058 0.544819248676326 0.514046577488129
-9999 -9999 -9999 -9999 -9999 -9999 -9999 -9999 -9999 -9999 -9999 -9999 -9999 -9999 -9999 -9999 -9999 -9999 -9999 -9999 -9999 -9999 -9999 -9999 -9999 0.45841396013429 0.45552659827992 0.452547282703982 0.517538114219505 0.592954286253372 0.644292323742829 0.650153381791923 0.596312638359875 0.560264975897353 0.537516311539563 0.536248861861237 0.545901175923046 0.569805947560749 0.581512386499524 0.581003528915348 0.587767432362593 0.604694092932823 0.600867578816078 0.600314175177773 0.60401147481034 0.608122228768368 0.61028007194516 0.611566841506237 0.613254433883155 0.615488423084376 0.617478943433234 0.619073872665579 0.617839162640426 0.589308882710443 0.550802388748069 0.513920512695506
-9999 -9999 -9999 -9999 -9999 -9999 -9999 -9999 -9999 -9999 -9999 -9999 -9999 -9999 -9999 -9999 -9999 -9999 -9999 -9999 -9999 -9999 -9999 -9999 -9999 0.479997996676853 0.47608526084432 0.466028347446665 0.509901916821259 0.580659608012055 0.630593954040809 0.6381334109647 0.606828488146735 0.576599654699983 0.562838890646814 0.563230697897179 0.564970713619199 0.579674887354279 0.586911056359221 0.582444674044142 0.589720174770281 0.602742232056825 0.598747986973768 0.598045265150036 0.601184436168016 0.605074220646798 0.60713282514609 0.608551151490034 0.610208738742612 0.612293509739153 0.614057843460878 0.615021830280424 0.61554322171579 0.596471472986546 0.557572650986972 0.523160238262277
-9999 -9999 -9999 -9999 -9999 -9999 -9999 -9999 -9999 -9999 -9999 -9999 -9999 -9999 -9999 -9999 -9999 -9999 -9999 -9999 -9999 -9999 -9999 -9999 -9999 0.503246273460469 0.491371774350623 0.479074763744258 0.500574237999069 0.565353588809651 0.61310994537995 0.623947082272342 0.612075457767394 0.588014135781746 0.571090892172747 0.562894965437412 0.568061306120403 0.577523902361257 0.579714037537264 0.576634539124532 0.578975587354565 0.596592347451885 0.596114944003806 0.595485929468961 0.598244981793784 0.601564587454251 0.603751598430049 0.605398425080191 0.607208139966454 0.609410369010721 0.611105676228567 0.611546197522348 0.611207170970019 0.606635762612769 0.569990180954014 0.538509457722361
-9999 -9999 -9999 -9999 -9999 -9999 -9999 -9999 -9999 -9999 -9999 -9999 -9999 -9999 -9999 -9999 -9999 -9999 -9999 -9999 -9999 -9999 -9999 -9999 0.470626657200729 0.521827513234447 0.513850913528386 0.497085599072046 0.48986029327675 0.548413793666346 0.593740879466748 0.607868781923339 0.60689713497843 0.597109063381193 0.579726929607206 0.56957238839123 0.57258714258978 0.579866088126873 0.579458281620329 0.570437013345559 0.568714680847919 0.585865544288252 0.592308184353733 0.592298439291509 0.594841515858611 0.59796132213079 0.600091462962151 0.60193041496812 0.603843114802967 0.605968036660798 0.607556490502049 0.607554190515299 0.606677312915183 0.603935465547976 0.589089755629551 0.554614295194324
