meets/meet006/_saidas_enm/CCSM_Maha_0k_S_lineola2.asc
NCOLS 154 
NROWS 168 
XLLCORNER -112 
YLLCORNER -55.5 
CELLSIZE 0.5 
NODATA_value -9999 
[rows 100 to 124 of 168, columns 56 to 111 of 154]
-9999 -9999 -9999 -9999 -9999 -9999 -9999 -9999 -9999 -9999 -9999 -9999 -9999 -9999 -9999 -9999 -9999 -9999 -9999 -9999 -9999 -9999 -9999 -9999 -9999 -9999 -9999 -9999 -28.8883682806863 -14.2457083793445 -16.5320167902773 -28.7983364775721 -41.0799515177814 -48.9525730201499 -49.0177867202642 -42.0670775145725 -34.864994878134 -25.4191050031798 -13.5920141021271 -3.87209518803605 -0.1510841314371 0.155057697537646 -1.62169861073542 -4.27624679886037 -5.45216488896792 -5.16412762309492 -4.5062698908618 -3.60417823879019 -2.72501812050236 -1.90700332957832 -1.52293751142395 -1.24138114813021 -0.93479135071453 -0.576639315506364 -0.175966008375292 -0.0589082016790679
-9999 -9999 -9999 -9999 -9999 -9999 -9999 -9999 -9999 -9999 -9999 -9999 -9999 -9999 -9999 -9999 -9999 -9999 -9999 -9999 -9999 -9999 -9999 -9999 -9999 -9999 -9999 -9999 -30.2722620404395 -14.8181612766409 -19.6892438214333 -29.7093572603967 -38.2208781792596 -44.339996868788 -45.0919924915116 -40.2141329809358 -32.1955590895787 -23.1142840016417 -12.2173654438151 -2.84863045469924 -0.501651327166743 -0.289802089744618 -2.44577327854421 -5.20193773677375 -5.70691582151754 -5.35334666643459 -4.61200805740167 -4.04617370554667 -3.14995922275207 -1.88596394187333 -0.9837736914489 -0.82730949047818 -0.644060919184114 -0.386857164661608 -0.235340176221473 0.0200166025740236
-9999 -9999 -9999 -9999 -9999 -9999 -9999 -9999 -9999 -9999 -9999 -9999 -9999 -9999 -9999 -9999 -9999 -9999 -9999 -9999 -9999 -9999 -9999 -9999 -9999 -9999 -9999 -30.2499353028638 -32.126934698398 -15.4912064663649 -18.2814223834937 -27.9197403773194 -34.604720575242 -39.5336991446007 -41.4154522389577 -36.4014221896107 -29.3427464577379 -19.7934724137294 -10.3103944856878 -1.91227672443995 -0.537267299644183 -0.835098350368418 -3.03266282863326 -5.38099520119012 -5.74655989577087 -5.00739343630174 -4.32567543928774 -3.60608681246728 -2.80783879367781 -1.99210649151532 -1.30567032786788 -0.82603495916179 -0.60956635011111 -0.342607544674983 -0.0861382217574027 -0.0934983569446695
-9999 -9999 -9999 -9999 -9999 -9999 -9999 -9999 -9999 -9999 -9999 -9999 -9999 -9999 -9999 -9999 -9999 -9999 -9999 -9999 -9999 -9999 -9999 -9999 -9999 -9999 -9999 -31.1457225623995 -32.1201354070569 -15.5134145009959 -18.1392522165243 -26.7814308101376 -31.9817923615256 -36.4219504986937 -39.1354148712389 -34.7792280682408 -26.4270850966719 -16.8325886597768 -7.86860692772458 -1.52661179569176 -0.674483016565366 -1.34366863814388 -3.38782421944744 -5.42886886113507 -5.43353144826428 -4.78306438516539 -4.06440380037579 -3.30046194234775 -2.63563215308287 -2.16066228734338 -1.67085992776701 -1.22699708783329 -1.00259157084423 -0.387879381950315 -0.0308745827034096 0.0433600849640124
-9999 -9999 -9999 -9999 -9999 -9999 -9999 -9999 -9999 -9999 -9999 -9999 -9999 -9999 -9999 -9999 -9999 -9999 -9999 -9999 -9999 -9999 -9999 -9999 -9999 -9999 -9999 -31.2364572231381 -30.3401092600758 -15.4833842411755 -17.7120922487533 -26.1542127596475 -31.8341369127486 -35.5762175553359 -38.2986217466774 -33.8717367248877 -24.6748437691212 -14.3792421138729 -5.54607878227415 -1.59596817610843 -0.67232737801397 -1.56501643191411 -3.38153182239774 -4.893913460215 -5.16789576076047 -4.57453950390754 -3.95718719912777 -3.33217205613797 -2.77410440436846 -2.31496586735786 -1.91910116013256 -1.5543074266083 -1.1706085984715 -0.59098821026797 -0.0997716908768942 0.0906914641754367
-9999 -9999 -9999 -9999 -9999 -9999 -9999 -9999 -9999 -9999 -9999 -9999 -9999 -9999 -9999 -9999 -9999 -9999 -9999 -9999 -9999 -9999 -9999 -9999 -9999 -9999 -9999 -29.4181282139166 -27.7722971873627 -15.6543289010284 -17.9419555188161 -26.7154094294877 -33.4250801216212 -36.9830878887614 -39.8977828824016 -35.495055522072 -24.285547236896 -13.9864415019757 -5.00447791870031 -1.6034599666176 -1.01277591410595 -1.83165224451706 -3.31746402158162 -4.57677593399332 -4.7558878222342 -4.38284862425636 -3.95230342443116 -3.4947439057428 -3.00143515155936 -2.67197476112466 -2.2599605848214 -1.8297278341217 -1.43936312605647 -0.871093797960049 -0.385716731512653 -0.127924857125288
-9999 -9999 -9999 -9999 -9999 -9999 -9999 -9999 -9999 -9999 -9999 -9999 -9999 -9999 -9999 -9999 -9999 -9999 -9999 -9999 -9999 -9999 -9999 -9999 -9999 -9999 -9999 -26.4871228863255 -23.8761579243486 -15.5807483653953 -19.8674885695098 -28.5594425161698 -35.7156752400947 -39.7743206745062 -42.8571541453521 -39.0771600389912 -25.3472191693558 -13.8809598838925 -5.63420355968158 -2.2616753235785 -1.2573471677937 -2.03325137147569 -3.28660765100959 -4.06691983700358 -4.30754728945071 -4.21936818720073 -3.94917478523902 -3.68453469085859 -3.35269371756759 -3.08582570501881 -2.7635413482799 -2.30486485234616 -1.85610088347895 -1.27486129002423 -0.82349510372706 -0.487975627412038
-9999 -9999 -9999 -9999 -9999 -9999 -9999 -9999 -9999 -9999 -9999 -9999 -9999 -9999 -9999 -9999 -9999 -9999 -9999 -9999 -9999 -9999 -9999 -9999 -9999 -9999 -9999 -23.0582353305645 -20.6654640804545 -15.5846356691734 -22.0605428514116 -30.6809648169447 -37.5102309564425 -41.9680781327613 -45.6200634874328 -42.5712458079121 -27.1181234321309 -14.0660733723292 -6.66399893381213 -2.62485086862305 -1.50522433964139 -2.35535899799106 -3.35217387197928 -3.95610117791481 -3.99171429071585 -3.91647656912052 -3.78702636070639 -3.605757212057 -3.45512498267939 -3.43097748867862 -3.21779081465614 -2.91937167523978 -2.39910913012634 -1.83561321299246 -1.3837362991366 -1.02015563921281
-9999 -9999 -9999 -9999 -9999 -9999 -9999 -9999 -9999 -9999 -9999 -9999 -9999 -9999 -9999 -9999 -9999 -9999 -9999 -9999 -9999 -9999 -9999 -9999 -9999 -9999 -9999 -18.7763752089198 -17.5263443475284 -15.8278287440066 -24.233974567486 -31.2907027572686 -38.2260105812063 -42.2027167159673 -46.6529220010727 -46.8315589980345 -27.8781301906024 -12.4936036198724 -7.45293620412143 -3.27279680274914 -1.80313246365885 -2.85967794904016 -3.68237921284971 -3.99984524007475 -4.01020699060463 -3.7453269771566 -3.59359651400487 -3.49362735659059 -3.4345216034229 -3.76012432492414 -3.41512970297372 -3.11491544775196 -3.01965206606319 -2.52960518016201 -2.11813423926941 -1.69601561592608
-9999 -9999 -9999 -9999 -9999 -9999 -9999 -9999 -9999 -9999 -9999 -9999 -9999 -9999 -9999 -9999 -9999 -9999 -9999 -9999 -9999 -9999 -9999 -9999 -9999 -9999 -9999 -16.2777679699856 -16.2919565325925 -15.6493605262159 -22.4787411767753 -28.6963247134829 -34.4281965516673 -37.6667489963519 -42.4157710071112 -41.7681937673734 -25.7086189254696 -9.33035835036582 -6.90069108345259 -2.70435545242194 -2.05473712311261 -3.51676998445909 -4.04717269793144 -4.24061615733126 -4.2210059700443 -4.00793113918218 -3.92431569698981 -3.90482561145722 -3.91086954863418 -3.96977815291336 -3.68257895563032 -3.51872361714813 -3.38588821236225 -3.02221331619101 -2.73009813814913 -2.40558144407742
-9999 -9999 -9999 -9999 -9999 -9999 -9999 -9999 -9999 -9999 -9999 -9999 -9999 -9999 -9999 -9999 -9999 -9999 -9999 -9999 -9999 -9999 -9999 -9999 -9999 -9999 -14.0459375686485 -15.1766669944232 -14.2371480669005 -14.507825058682 -19.7536360938359 -23.9079857272755 -28.7588702468249 -30.2242347498354 -34.6788205498899 -36.3914762082538 -21.5643968646226 -7.00227239842093 -6.56334411516213 -2.4507404044394 -2.74232246981134 -4.11273372467427 -4.63788744302948 -4.57214948674266 -4.66381455205546 -4.52202464278304 -4.55198945587865 -4.73175503576827 -4.46759685192686 -4.21748148880251 -4.01260324383354 -3.77643905231065 -3.83255736347558 -3.48711502131312 -3.2151703325417 -2.86791497327696
-9999 -9999 -9999 -9999 -9999 -9999 -9999 -9999 -9999 -9999 -9999 -9999 -9999 -9999 -9999 -9999 -9999 -9999 -9999 -9999 -9999 -9999 -9999 -9999 -9999 -9999 -13.1077627608036 -13.3217310670208 -11.8731529926989 -12.519357554559 -15.3742554062897 -19.0512719128323 -23.5538244724288 -23.2959274815627 -24.4400308205129 -22.6229547026269 -13.1918658036635 -6.79127585774483 -4.66519098779641 -2.77833693588066 -3.42967400997943 -4.72759834909721 -5.2567843146372 -5.5842927561657 -5.6493722134506 -5.63687051268303 -5.44611939422325 -5.09738578014431 -4.68150625437266 -4.47613496956899 -4.33573395317099 -4.2407322240353 -4.1695395398339 -3.7670733858415 -3.42835748350398 -3.1549366839895
-9999 -9999 -9999 -9999 -9999 -9999 -9999 -9999 -9999 -9999 -9999 -9999 -9999 -9999 -9999 -9999 -9999 -9999 -9999 -9999 -9999 -9999 -9999 -9999 -9999 -9999 -11.6996557496887 -10.2951535285563 -10.7249831453263 -11.3821512145746 -12.0488040549688 -14.2893885324547 -19.2902187996184 -17.2295777713525 -15.6003379086577 -13.7337932471905 -7.36356900819637 -4.87686992999775 -3.66066071378899 -3.60829387461474 -4.61470522532454 -5.3113563048968 -5.61040042414414 -5.81065062429546 -5.99095509456999 -6.13922877974366 -5.65505270184724 -5.29542132925406 -4.90276171302609 -4.81812421071093 -4.66672280692313 -4.58263383219512 -4.35629583335207 -3.96913336343871 -3.76029865804111 -3.53041271156137
-9999 -9999 -9999 -9999 -9999 -9999 -9999 -9999 -9999 -9999 -9999 -9999 -9999 -9999 -9999 -9999 -9999 -9999 -9999 -9999 -9999 -9999 -9999 -9999 -9999 -9999 -9.46604443948367 -10.6089307263549 -12.1398097663209 -11.895160424721 -10.2361247376174 -10.4012913967431 -10.8750582270309 -8.48112316873011 -6.78211690987949 -6.1170387332044 -4.54556488174278 -4.50557065597146 -4.00111537308797 -4.87587394471863 -5.48304990893081 -5.87446840557869 -5.89252763103333 -5.94543535464021 -6.13301921804411 -6.18144196658337 -5.92406074021484 -5.66782999966206 -5.3627767285583 -5.32781865003443 -5.28797899021079 -5.15729748907746 -4.78890487334032 -4.41839852632744 -4.18900781352419 -3.99948971352016
-9999 -9999 -9999 -9999 -9999 -9999 -9999 -9999 -9999 -9999 -9999 -9999 -9999 -9999 -9999 -9999 -9999 -9999 -9999 -9999 -9999 -9999 -9999 -9999 -9999 -6.06175517911805 -7.30581216836465 -12.458695067844 -15.3157258039711 -12.0374076740782 -8.87083505041038 -6.76303710573856 -4.6299058642624 -2.607443028126 -3.21508697183193 -5.6952882755102 -5.45472398361964 -4.38362671560361 -5.55279915045188 -6.18400899918793 -6.73040925169761 -6.48281759548231 -6.26864234349581 -6.1677112112272 -6.4761852134178 -6.65124228087257 -6.13981043074327 -6.03940071066224 -5.90043574582027 -6.01538156004249 -5.97535959874684 -5.63386418099795 -5.36459132022108 -5.04735863739702 -4.87294492065419 -4.67426003448386
-9999 -9999 -9999 -9999 -9999 -9999 -9999 -9999 -9999 -9999 -9999 -9999 -9999 -9999 -9999 -9999 -9999 -9999 -9999 -9999 -9999 -9999 -9999 -9999 -9999 -5.87860188044069 -6.99924503582516 -11.1709865560122 -13.4730498037021 -11.2185232540906 -7.25334131499443 -3.80142715128014 -1.20749528060657 -0.813026691207175 -2.7324119875354 -4.43062339921724 -5.95613987431788 -5.73977279734053 -6.69446497865534 -7.03345504502181 -7.1451312943676 -6.77048004932535 -6.55450976337227 -6.42513887563064 -6.66547721071114 -6.85966124088106 -6.57884099468855 -6.49905042281988 -6.36498756552565 -6.45229790775953 -6.48405039504178 -6.2206332112359 -6.00286349376255 -5.73406298420261 -5.58896215978164 -5.49850494474003
-9999 -9999 -9999 -9999 -9999 -9999 -9999 -9999 -9999 -9999 -9999 -9999 -9999 -9999 -9999 -9999 -9999 -9999 -9999 -9999 -9999 -9999 -9999 -9999 -9999 -5.45601005010705 -6.76639826047771 -10.4142495488602 -12.0340996141832 -9.6537107417042 -5.979523794051 -2.1832323225171 -0.815637136962423 -1.79826514784535 -4.26509200555504 -5.26095256827155 -6.8822802433918 -6.5158515062419 -6.85160680182935 -6.71475613926948 -7.09157115986496 -6.69818736667282 -6.57321511536085 -6.53577599830014 -6.82997684122691 -7.10708294790598 -6.88394165622601 -6.95502955159826 -6.89311107004275 -7.0346721473471 -7.03747868715376 -6.8142733698454 -6.67116439160404 -6.47647880919969 -6.41899391456453 -6.38732273724655
-9999 -9999 -9999 -9999 -9999 -9999 -9999 -9999 -9999 -9999 -9999 -9999 -9999 -9999 -9999 -9999 -9999 -9999 -9999 -9999 -9999 -9999 -9999 -9999 -9999 -4.49374882321344 -6.14316799156769 -9.73174546029604 -10.9292161107143 -8.77993311853238 -4.71223630665923 -1.78579484413096 -2.12913241161866 -3.82398414256479 -5.71977955247605 -6.1158681333545 -7.0489005878729 -6.58928952235118 -6.21389628302715 -6.23722052461048 -6.37191492959592 -6.36871391404552 -6.43328951449498 -6.58874753000381 -7.00867608139599 -7.25972946334646 -7.28343189456975 -7.26891602299599 -7.16444205182327 -7.41980462918939 -7.66466963111128 -7.49986710481143 -7.37755357611673 -7.23536256603503 -7.24736023438172 -7.31183683172158
-9999 -9999 -9999 -9999 -9999 -9999 -9999 -9999 -9999 -9999 -9999 -9999 -9999 -9999 -9999 -9999 -9999 -9999 -9999 -9999 -9999 -9999 -9999 -9999 -9999 -3.85408783810666 -5.64929591728505 -9.67596421236846 -10.7696095445769 -8.28996022418167 -4.66017904616037 -2.47708753119192 -3.63823645686867 -5.76766215067014 -6.63657061363202 -6.68026942220726 -7.04205881277178 -6.30985284510993 -6.2810115757312 -6.60535619841114 -6.72182458946252 -6.4934749222263 -6.68217449539214 -6.9860507613594 -7.55853648109673 -7.77895634832156 -7.59832473440784 -7.55999532036458 -7.48754551404978 -7.92600902247476 -8.17003238349601 -8.13211668376845 -8.08704002978675 -8.02505509499159 -8.11178083877126 -8.22810764197321
-9999 -9999 -9999 -9999 -9999 -9999 -9999 -9999 -9999 -9999 -9999 -9999 -9999 -9999 -9999 -9999 -9999 -9999 -9999 -9999 -9999 -9999 -9999 -9999 -9999 -4.16103557850188 -5.91044117498503 -9.91979752798886 -10.8242507595902 -8.1751419858553 -4.27554081978813 -3.61797428821137 -4.93916912655313 -6.88355853730731 -7.27664943062006 -6.74126592531757 -7.13303004580336 -6.46301454383285 -6.21862239099793 -6.60947935264549 -7.12133918311585 -7.07950216443347 -7.47339400384734 -7.87949455278993 -8.00167727080895 -7.9145850870859 -7.9283455074037 -7.95059124003119 -7.8788350098092 -8.22490369194205 -8.58840498222406 -8.80772394282254 -8.79967262609754 -8.76775904971425 -8.88078395271404 -8.9488327618165
-9999 -9999 -9999 -9999 -9999 -9999 -9999 -9999 -9999 -9999 -9999 -9999 -9999 -9999 -9999 -9999 -9999 -9999 -9999 -9999 -9999 -9999 -9999 -9999 -9999 -4.08953835183734 -5.97518407874924 -10.6557081390844 -11.4827996861224 -8.52592688213669 -4.7318775030832 -4.36410759593492 -6.07456332771323 -7.74568630710313 -7.98084350826262 -7.38034867213478 -7.6427935051757 -6.71305009728753 -6.43724735310941 -6.61376990276915 -7.14398107919567 -7.690961664448 -8.15494360208076 -8.54144259567065 -8.43982168588009 -8.11995916489005 -8.08567808491053 -8.23816990922856 -8.24950014429611 -8.68561665733477 -8.93991334102171 -9.28621389858922 -9.40267677320967 -9.39232909095136 -9.2090526880703 -8.67865325337812
-9999 -9999 -9999 -9999 -9999 -9999 -9999 -9999 -9999 -9999 -9999 -9999 -9999 -9999 -9999 -9999 -9999 -9999 -9999 -9999 -9999 -9999 -9999 -9999 -9999 -4.00769312017038 -6.22449395419542 -11.547910927226 -12.4086117079628 -9.48168507171913 -5.70744627227926 -5.22985708845021 -6.86873233421516 -8.32300698623636 -8.70949273733291 -8.22596953048112 -7.65104171422638 -7.09617474525469 -6.7657222972964 -6.50804374310275 -6.82097549069701 -8.2985474812228 -8.48309584697563 -8.82822259069838 -8.67910004784212 -8.38470133814779 -8.41350754222099 -8.5047182398968 -8.55714784217016 -8.92809171564067 -9.31338797490746 -9.65020970639751 -9.56015550753843 -9.17448668631623 -8.87134844195598 -8.59447510951754
-9999 -9999 -9999 -9999 -9999 -9999 -9999 -9999 -9999 -9999 -9999 -9999 -9999 -9999 -9999 -9999 -9999 -9999 -9999 -9999 -9999 -9999 -9999 -9999 -9999 -3.93855086595347 -6.2564495265888 -12.2270962742738 -13.4567309322832 -10.3361863218185 -6.78021511802471 -6.20498098526406 -7.54913061902199 -8.97511839119511 -8.76753740387888 -8.20486766861572 -7.62576722917684 -7.16287231065551 -6.80913599418017 -6.42455873432721 -6.62443234444387 -8.14785019432985 -8.77440906856957 -9.04387710204224 -9.01959462506798 -8.77094102223341 -8.71586795634837 -8.84955557850716 -8.81470882689279 -9.18808382358815 -9.41661761177563 -9.15186009734387 -9.21301995427723 -8.88976878459638 -8.70224746253868 -8.46767654770125
-9999 -9999 -9999 -9999 -9999 -9999 -9999 -9999 -9999 -9999 -9999 -9999 -9999 -9999 -9999 -9999 -9999 -9999 -9999 -9999 -9999 -9999 -9999 -9999 -9999 -4.14666892629955 -6.70291172483119 -12.9294905621008 -14.5007615494526 -11.4710373252862 -7.86030825500161 -7.28438896160136 -8.04691637066415 -9.30402683592865 -8.78682732543064 -7.91161023289736 -7.59010247385203 -7.07733433624151 -6.7576396559682 -6.5930151590482 -6.6561944267342 -8.02618555306477 -9.02667031740481 -9.24751594463035 -9.36531573534326 -9.28698452297596 -9.20860201285908 -9.18710150092504 -9.11404208201483 -9.34361735100594 -8.87433331222724 -8.73854239299959 -8.86847247846971 -8.40166916370239 -8.31290502246208 -8.22215490966181
-9999 -9999 -9999 -9999 -9999 -9999 -9999 -9999 -9999 -9999 -9999 -9999 -9999 -9999 -9999 -9999 -9999 -9999 -9999 -9999 -9999 -9999 -9999 -9999 -6.9129588446718 -4.29534109686588 -7.41770062084381 -14.0461161818911 -16.1148302405312 -13.0602428432137 -9.19317703857376 -8.06229563393712 -8.47376836872577 -9.80525208500564 -9.43663071154569 -8.49438442402124 -8.17865413107822 -7.71258831054959 -7.39382442595961 -7.25998862467044 -7.37927760490233 -8.4470323362948 -9.28649499925826 -9.43891630053723 -9.61937095334167 -9.70046270420104 -9.70278722046787 -9.65806322936954 -9.41798954071862 -8.98638133713741 -8.60617833735567 -8.59984239754454 -8.60788261856109 -7.87911949450609 -7.32840260171673 -7.1333460036129
