meets/meet006/_saidas_enm/CCSM_SVM_0k_T_subalaris3.asc
NCOLS 154 
NROWS 168 
XLLCORNER -112 
YLLCORNER -55.5 
CELLSIZE 0.5 
NODATA_value -9999 
[rows 50 to 74 of 168, columns 55 to 109 of 154]
-9999 -9999 -9999 -9999 -9999 -9999 -9999 -9999 -9999 -9999 -9999 -9999 -9999 -9999 0.112703842259044 0.0919110998656081 0.0882364664784487 0.0514053815229426 -0.0125618838599961 -0.0402365746392084 -0.0389263085247915 -0.0486358598156236 -0.0531560393130616 -0.0501701287009656 -0.0290767049655936 0.0147258060186879 0.049891464613064 0.0719838078050919 0.0881831496584867 0.0788680379888168 0.0691288691362612 0.0650990069710793 0.0685002501334605 0.0766201286481195 0.0701361396078654 -0.0308065250825205 -0.0616215766770825 0.0353853881526475 0.111456737146783 0.16146073263475 0.165721205343247 0.0986089870324682 0.121346081635638 0.0647504839141692 -0.0293974114772342 -0.082780315467915 0.00410651833953063 -0.023633880413588 -0.0206179963759708 -0.0176949765109853 -0.0360954381441614 -0.0305328548244223 -0.0249755879782858 -0.051714277162686 -0.0383438817426386
-9999 -9999 -9999 -9999 -9999 -9999 -9999 -9999 -9999 -9999 -9999 -9999 -9999 -9999 0.0860022178428089 0.0821803523205109 0.0711497406194552 0.0386021223669569 0.000195703450562135 -0.014764657004674 -0.0168264798645945 -0.0110510729909233 0.00448098422616078 0.00325717436351142 0.0189339156455994 0.0420845646060178 0.0621914388492594 0.0611469505229946 0.056103337745184 0.0511445028750565 0.0511950652461929 0.0541215470842987 0.0561290308078641 0.0633926416690982 0.0748201619240543 0.0187875690640461 -0.0754254143405952 -0.0478082143156505 0.0397848647179664 0.0597696140400258 0.0718217264591222 0.0535724189906237 0.0326519943088994 -0.0120318920722126 -0.0656946052891337 -0.0944977805011721 -0.0865225501378621 -0.076448191376854 -0.0833694033431729 -0.0786804518338656 -0.0653868164940459 -0.0532129230473695 -0.0525601790379483 -0.0571800307963052 -0.0293920810680719
-9999 -9999 -9999 -9999 -9999 -9999 -9999 -9999 -9999 -9999 -9999 -9999 0.0822408827642506 0.0787658187007523 0.0790391524334091 0.0830395504688066 0.0654035601484289 0.0433568285485484 0.0182302237258655 0.00193592305787199 0.0178218100649543 0.0305224808971794 0.045102651237377 0.0551781611123925 0.0609207170011735 0.0607968027146552 0.0550226294817033 0.0513965766755549 0.0482149445632837 0.0499278686707675 0.058278780162104 0.0639936106243079 0.0558980915563533 0.0544677017603923 0.0644375074450406 0.044174365732569 -0.0470031851135779 -0.0875273995500078 -0.0429492787911209 -0.000661967718123879 0.00351763368294739 0.0172449549261691 -0.0159971789246068 -0.0449349842351174 -0.0759996986931585 -0.0965895039123027 -0.102932977294681 -0.106081182835165 -0.106861765841039 -0.098391444987549 -0.0686120858646847 -0.064510814335485 -0.0643910537525216 -0.0432533497315497 -0.00839164979252904
-9999 -9999 -9999 -9999 -9999 -9999 -9999 -9999 -9999 -9999 -9999 0.0742339809646684 0.0748838049785499 0.0763793918534945 0.0589961314009009 0.0577203628986582 0.0639269904311919 0.0611662266053318 0.0425480031393726 0.0349629881023925 0.0499411461374014 0.0598013286057755 0.0658754599161029 0.0660286519243585 0.0630141082907451 0.0569888472396326 0.0510690301287263 0.0496904326141958 0.0547568850975386 0.0651093481144252 0.0747032548237146 0.0759553761069051 0.0612673576168914 0.0510162177963633 0.0569389492922225 0.0556691486022874 -0.0186126879290145 -0.0811925621960067 -0.0942432492095113 -0.07920820575544 -0.0725388662439583 -0.0627628303446651 -0.0715345612976001 -0.0813134352049376 -0.095240858546675 -0.106993334016917 -0.105964927692814 -0.0963276290719491 -0.0826443959541588 -0.0589143819086611 -0.0607418950087097 -0.0627765360632562 -0.0392136636425436 -0.0119939424316228 0.0309574428942763
-9999 -9999 -9999 -9999 -9999 -9999 -9999 -9999 -9999 -9999 -9999 0.0573015669439589 0.0588362716083794 0.0386639243574975 0.0385259395480522 0.0575734183224111 0.0628445781218608 0.0649461240576384 0.0689726439366996 0.0650276005653829 0.0704943253806448 0.0736204147482731 0.0707917322475469 0.0669619152191688 0.0608867229672068 0.0559085905524863 0.0558091204788744 0.0633191401849827 0.0748671595782197 0.0765321034866837 0.0716053146470375 0.0760731517460885 0.0666084483929569 0.0507508692211549 0.0522658198195224 0.0554189836229063 0.00988068322497893 -0.0452276248023392 -0.0790527509215453 -0.0937187696302432 -0.0962568519001658 -0.0969251863356341 -0.101627992451372 -0.105584574089998 -0.1047662477921 -0.0919275563580376 -0.0719388416874979 -0.0368131374151961 -0.038766952002285 -0.0511932494939906 -0.045596164211798 -0.00499425263754505 0.018949900199513 0.0279883252898806 0.0620096814674264
-9999 -9999 -9999 -9999 -9999 -9999 -9999 -9999 -9999 0.0627274712054535 0.0358309913452428 0.0102995103351502 -0.00461252656756106 0.0103627388209456 0.0450116846761381 0.0594346059978818 0.0556196634450268 0.0604455367014584 0.0719434418548723 0.0782839684069261 0.0759682798217567 0.0699784379824522 0.0673345158625209 0.0620969029710004 0.0585386758938578 0.0611668012193565 0.0597811249110912 0.0589278724836978 0.0561445286495808 0.0553792910780895 0.0561170659442961 0.0548689182553319 0.0537827832345963 0.0521126476705874 0.0501164553765028 0.0559906239774643 0.0432709205031445 0.00794378171964144 -0.024338725521366 -0.0465795014738747 -0.0516572696775124 -0.0512260446368423 -0.0483761612841673 -0.0507523466610611 -0.0392799029361556 -0.0121405324210477 -0.0268850840793871 -0.0420461498797933 -0.0479735179474854 -0.0420545987414328 -0.00726899484913124 0.0332095105631168 0.0501339073955763 0.0458831561245321 0.0630438803214214
-9999 -9999 -9999 -9999 -9999 -9999 -9999 -9999 -9999 0.0404252141229805 0.0262113256561564 0.136363528140088 0.0460447127701167 0.0162669923883813 0.0500977473719144 0.0592399356811467 0.0500115859974306 0.0534425719982353 0.0703064072407539 0.0763236049891639 0.0724375098629831 0.0663204170325142 0.0626079258438881 0.0587756655107067 0.0556791608013945 0.0533291774545892 0.0510533943623139 0.0496554236845597 0.0486702847049716 0.0483641523579623 0.0484778054617395 0.0484194879905519 0.0485191586476615 0.0487061742631498 0.0499541358535471 0.056447463053208 0.0622647950085077 0.0562966280792851 0.0416634650953263 0.0296713054806628 0.0317682884518289 0.0419039241726376 0.0515120154789896 0.0542832425172731 0.0302034906600814 0.00310967761916048 -0.0211322993441592 -0.0264339180720626 -0.0228323679991119 0.0021532879186561 0.0304196649525665 0.0545935669568087 0.0583085019018994 0.0530845737441138 0.0628122377262579
-9999 -9999 -9999 -9999 -9999 -9999 -9999 -9999 0.0471517756497444 0.0328863524146998 0.10226904391334 0.462170824389486 0.246563446950868 0.0554548358217301 0.044227034154885 0.0497951366433035 0.0454749053287973 0.0491083451003009 0.0671614034424787 0.0698717602542714 0.0667778235821636 0.0622410292893475 0.0591638571290138 0.0562609698893681 0.0544951714805683 0.0530026056199576 0.0517915570455563 0.0511280042063485 0.0503179234658601 0.0501520137652299 0.0508137565731124 0.0517858767645388 0.0509835676127757 0.0505287786895894 0.0508015823515554 0.052562106163261 0.0608116910898638 0.0709114273395804 0.0787848765203646 0.0813571497166057 0.0866395389649174 0.085450477812511 0.0761992985640298 0.0604925196403219 0.0319967091221303 0.00886448499806791 -0.000433781539028399 0.00650622391247863 0.0237883133738921 0.0440654591863117 0.0595832779346986 0.0689484623893712 0.0651669816717931 0.059628696181001 0.0591385894621879
-9999 -9999 -9999 -9999 -9999 -9999 -9999 -9999 0.0455835158367073 0.0309369919181283 0.258602616635981 0.673293129388108 0.384080364346805 0.0399585197487373 0.0214571825638143 0.0385719648558112 0.0388313470597056 0.0491008795513324 0.0590182347411602 0.0611461525645297 0.061696893872707 0.0596849502474515 0.0567641042045033 0.053492994416183 0.0521761522383523 0.0526583228925908 0.0525664939853239 0.0518478544067237 0.050695707982207 0.0516132469000713 0.0545161584642946 0.0557870479017764 0.0561823852470612 0.053318555863801 0.0523550462883398 0.0527445098881345 0.0527618855701681 0.0572892453279928 0.0620092458443082 0.0648870669217435 0.0658022019014226 0.0603136741172275 0.0498827490520307 0.0365493906571792 0.0282279828399594 0.0332538287899393 0.0451346159854183 0.0577334887175801 0.0673026305342402 0.074649890277237 0.0758069973022144 0.0778599098881401 0.0705129354313618 0.0683293862416269 0.0622535624577237
-9999 -9999 -9999 -9999 -9999 -9999 -9999 0.0499842906704689 0.0661849391181179 0.0863021223018616 0.408337020744982 0.793429452471696 0.386472381741908 -0.0210219459655758 0.026797830675909 0.0369216169201103 0.0340948396748305 0.0399309892552612 0.0478204014951353 0.0493953462937478 0.0528292977765584 0.0533297629311641 0.0495822539155419 0.0468350133984471 0.045588721884445 0.04641947951431 0.0483318656254826 0.046246979692594 0.0445093586045764 0.045162055648143 0.0473883495779766 0.0504371459520048 0.0517985696516174 0.0527008108937586 0.0533152771800794 0.0525079047353887 0.0514883509368977 0.0508347617138937 0.0505327506241004 0.0478992695143318 0.0466406942144759 0.0444153428246205 0.0406875449323659 0.0376960078597117 0.0365523560673459 0.0438089709811169 0.0534578711503799 0.0608376304556606 0.0672310801782922 0.0724647528295051 0.0763556938593331 0.0801870123378248 0.0752716165343235 0.0749909505231189 0.0634365845306546
-9999 -9999 -9999 -9999 -9999 -9999 -9999 0.0681246087550832 0.083174190198289 0.133559762081333 0.410302419086236 0.659099910027513 0.26399595745011 -0.0341164919566209 0.0160569209615344 0.0257695438725349 0.0228196190770929 0.0290010666669602 0.0368628559401254 0.0376060665081253 0.0418035724300201 0.0441937763273875 0.0397737430083376 0.0348632456935785 0.0341565272328035 0.0381143773849308 0.0422188520138886 0.038776047229627 0.0336336765956121 0.0328479543639097 0.0350988922772189 0.0379372533512535 0.0394168651148946 0.0406287314171967 0.0429381221272456 0.0461702814382619 0.0471680573303874 0.0465822331725392 0.0443472000058827 0.0397542240058277 0.0357056501358611 0.0302946997713706 0.0239371850677723 0.0205976355710644 0.0256364759516817 0.0375214434086618 0.0550589063896724 0.0645466277651573 0.072742638022901 0.0782213481395449 0.0814764192107396 0.0829538285306765 0.0734852723416537 0.0613344960943951 0.0381533991265084
-9999 -9999 -9999 -9999 -9999 -9999 -9999 0.0850608372611029 0.0903157690855467 0.150355664095342 0.354742325791655 0.494616764181681 0.182235263185367 -0.0457747759891011 0.000108866658333484 0.00840709046854493 0.0110314709152615 0.0173056443054876 0.0228174282856989 0.0216586354928547 0.0243084231094171 0.0282570961944373 0.0199760998143566 0.0124824267988684 0.0113600467286882 0.0182103066908947 0.0250296411796812 0.0207804743568422 0.0169700506233263 0.0148950418815134 0.0163582672885698 0.0202496342548939 0.0206396646324165 0.023744091312166 0.0263833700082693 0.0303685205479088 0.0369912738567676 0.0336809985003168 0.0298835525637278 0.0210317287958722 0.013741843407452 0.00696467752696323 0.00666926497079712 0.0126511910478498 0.0266546546746126 0.0456480081654541 0.0666580178499557 0.0768114470278795 0.0852547202781616 0.0873205564203227 0.0862118200839788 0.0811201890226927 0.0601849311541937 0.0285072695119635 0.0107303916732384
-9999 -9999 -9999 -9999 -9999 -9999 -9999 -9999 0.0812297796878016 0.129139110604546 0.280410696008621 0.395647383668512 0.173587754798722 -0.0531054182489151 -0.0255761338278884 -0.0143765572586214 -0.00748403830012456 -0.000125673709675422 0.00035413462371775 -0.00315254118955421 -0.00428762400265847 -0.00515845023875061 -0.012610199500559 -0.0190401151675407 -0.0203741766382157 -0.0154397351905038 -0.00920287863006719 -0.0107357823329889 -0.0122416692097158 -0.0117787167933431 -0.0100957790669385 -0.00655122147641563 -0.00493008783589077 -0.00153466108407729 0.000790440241506984 0.00292693280810663 0.00543541628264399 0.00458296312138684 0.00303506710767903 -0.00623201065266454 -0.0133441380566318 -0.0112063321688451 -0.00109693274874889 0.0191974568664841 0.0446323389128711 0.0668292232648275 0.0856678338203228 0.0942474540128981 0.0954770525974212 0.0919915562829253 0.0866824549806774 0.0715587363914016 0.0423224796029374 0.00678180966258018 -0.0184130715799397
-9999 -9999 -9999 -9999 -9999 -9999 -9999 -9999 -9999 0.0895268041749365 0.21248563672628 0.455513956524742 0.179407529127468 -0.0551447378542752 -0.0368516766916687 -0.0304875999363539 -0.0263734012369643 -0.0225378739517577 -0.0250641067634151 -0.0307770988310357 -0.0340405778557131 -0.0385490607413639 -0.0439475772483701 -0.0497241560963958 -0.0511480162494986 -0.0478399935832081 -0.0443520151995817 -0.0445742852554991 -0.0432613174775113 -0.0392889064833092 -0.0328994264635514 -0.0304682982624772 -0.0284091302470827 -0.0267580365765842 -0.0249814176077369 -0.024278360994629 -0.024811132449869 -0.0244754435593759 -0.0262608251624434 -0.0280266582756704 -0.0254357432542809 -0.0105729957020441 0.0147477385653316 0.0481822229075143 0.071015598871488 0.0829418425486448 0.0894793213900364 0.0816653447689105 0.0655956277038318 0.0536850129905396 0.0478837130157657 0.0282670654045061 0.0127444251138551 -0.0102376322137161 -0.0298575907173956
-9999 -9999 -9999 -9999 -9999 -9999 -9999 0.0503675417184762 0.00112098625675827 0.0271376623619195 0.201582667619819 0.333127722243315 0.133138328728617 -0.0541436207676992 -0.0478683254555564 -0.0456371522570281 -0.0478700190946442 -0.0473517512648808 -0.0450797147129516 -0.0507501026894605 -0.059957774741328 -0.0659897883800304 -0.0708401926100369 -0.0725507217131603 -0.0736672100052614 -0.0747627717432815 -0.0729677110938703 -0.0700067708254917 -0.063964268852888 -0.0570196142140498 -0.0493670638356308 -0.0432661548942459 -0.0432225467071626 -0.0422382140354454 -0.041508316957224 -0.0419170252180799 -0.0406528594971189 -0.0409247876267794 -0.0395911214315013 -0.0394782524248615 -0.0327438472054425 -0.0126912893147925 0.00953358036535695 0.0316745236259754 0.0500709001995533 0.0602720023420786 0.0612155760627351 0.05248784762051 0.0375777785918983 0.0261039988962234 0.0198440819523675 0.0100017564564895 -0.00455422318976395 -0.0216638990434517 -0.0400404254061276
-9999 -9999 -9999 -9999 -9999 -9999 0.143181808516151 -0.000399328553429945 -0.0490816961885411 0.0603657400085311 0.229269943538985 0.322532303685236 0.100873942691345 -0.0500974005771028 -0.050243685257966 -0.0456588718911706 -0.052182974657413 -0.0618383002766192 -0.0641241754472597 -0.0677428231148682 -0.0755782914455848 -0.0805156320186867 -0.0824545891320539 -0.0857234343787723 -0.0850704898810312 -0.0792548713807556 -0.0707111182030984 -0.0634544010660298 -0.0566414017921156 -0.0490194410005587 -0.0415311780300618 -0.038057992742115 -0.0336587386119854 -0.0344685725802288 -0.0363477668168524 -0.038813631898501 -0.0439697213820226 -0.041482159526991 -0.0421676527590167 -0.0456206850529445 -0.0424744030220114 -0.0224196658073361 0.000805527359402369 0.0155928295074304 0.0305634189105784 0.0384085567774084 0.0397362486653319 0.0316303166403863 0.017021761867747 0.00673529288641012 0.0042536086016281 -0.000500588040079908 -0.0157593020364887 -0.0277719583795951 -0.0458515536820737
-9999 -9999 -9999 -9999 -9999 -9999 0.0959343915243721 -0.0294296844995889 -0.0416957029261982 0.10718392690862 0.220982335142475 0.189412741420007 0.0782021510431309 -0.00715537096069196 -0.0183003642636802 -0.0286560227223912 -0.0466876868558946 -0.0633329328988476 -0.0694799440153185 -0.0748015533114392 -0.077515545269225 -0.0749957372587342 -0.0746014279703954 -0.0756882738164932 -0.0689212849414303 -0.0568425645612038 -0.0424710960235442 -0.0297071567045716 -0.0209523647862553 -0.0113602791764806 -0.00422643133094136 0.000390782586844329 -0.000713628767050944 -0.00504998950645685 -0.0111182763797616 -0.0217871895017789 -0.0284024378410831 -0.0282734316937789 -0.0279138993813574 -0.0345062926289876 -0.0423581716527257 -0.023411409942263 -0.00399310911804251 0.0103505712783533 0.0216224369136416 0.027477799097862 0.0254254333894002 0.0191982281674806 0.00795461196453406 -0.0011712859690598 -0.00653738270440229 -0.0147811247026505 -0.0243677057688816 -0.0363514543570413 -0.0491572976277873
-9999 -9999 -9999 -9999 -9999 -9999 -9999 -0.023267366882316 -0.0177088811232811 0.142763701581499 0.15444759274332 0.147478460240385 0.104351795390466 0.0404432335037289 0.034263997255447 0.00490351149992879 -0.0237615298957022 -0.0546222058039794 -0.0571668331435008 -0.0605589474574448 -0.0537399967506975 -0.0344758195034675 -0.0398683640159453 -0.038348419138469 -0.0266455065460037 -0.0108319453198945 0.0070334009512022 0.0220275234721027 0.0333929594150678 0.0434743861102697 0.0521330184031598 0.0616539706429737 0.0519529884490138 0.0459564552362546 0.036885799595816 0.0206356665380809 0.0107146218057014 0.010982024690383 0.00920660900897097 -0.00237779976163777 -0.0237460144179265 -0.0177853744464983 0.00100377402543728 0.0127831078981223 0.0222292705689259 0.024295192562482 0.0213649189062344 0.0175718220262141 0.00801300277883671 -0.0010170705447019 -0.00814398464159194 -0.0206794229782175 -0.0274068204203948 -0.0376092918420206 -0.0473160260708309
-9999 -9999 -9999 -9999 -9999 -9999 -9999 -0.002616229901797 -0.0253166418387052 0.0850976499815095 0.186786790810109 0.223254182505897 0.185290337965292 0.0736003330546251 0.0218380038313805 0.00721812666256749 -0.0205969132378517 -0.0308445157212163 -0.0346590375471905 -0.0429113965615102 -0.0260737144295968 0.0165589775221838 0.0229942629563381 0.0228741808611179 0.0302132924340098 0.0443725875321579 0.0653878933449293 0.0798335256101181 0.0925651701924774 0.102023536894791 0.105100758919101 0.10767339469071 0.104522085588083 0.0983569153558004 0.0918987419664819 0.0812370963386461 0.0729863091718006 0.0726179310141966 0.0687864451915767 0.0511080171953607 0.0223634165823409 7.84578475137021e-05 0.0148130300948836 0.0246377557728429 0.0318086918597954 0.034296092781775 0.0315215953635811 0.0275965726538481 0.0204008323010322 0.0112861578953893 0.000433901948004356 -0.00974201919279594 -0.0192774673736981 -0.0275655090720172 -0.0349906210486205
-9999 -9999 -9999 -9999 -9999 -9999 -9999 0.0327030485836051 -0.0297025259140797 0.0134509830553683 0.188385888002036 0.344110649130578 0.277616082152296 0.107635037198583 0.0356118746524003 0.0102879652246825 -0.0107972604272739 -0.0205132857598591 -0.0335208864662857 -0.0512452739320759 -0.024444300637421 0.0591735715545018 0.0770601109750179 0.0686203945958396 0.0683150425069242 0.082560678262055 0.111935998922236 0.122219412005124 0.129230842599166 0.135743097885002 0.138967384370505 0.148029199559207 0.149103098247991 0.146738937477074 0.146118105120481 0.144274317217149 0.140460460644454 0.142465353313716 0.137663522476097 0.11815286755979 0.0850676084620817 0.0502609520303031 0.044840482717648 0.0489192616666145 0.0542481077110207 0.0566851072822494 0.0510338652797074 0.0481231147107387 0.0397963875335911 0.0282126396377996 0.0129734310367572 -0.00105705766250974 -0.00926519091564348 -0.016102710665257 -0.0262650368628073
-9999 -9999 -9999 -9999 -9999 -9999 -9999 -9999 -9999 -0.0247009424888338 0.118911635460582 0.507414862973991 0.38026729879881 0.103381597727728 0.0592073767402563 0.0483245144325797 0.0384483843238642 -0.0036612192972969 -0.054193538078651 -0.0798859563878844 -0.032882789693864 0.0873870684546119 0.106989384713931 0.0695447138201407 0.0651846649902189 0.0929424123636847 0.127691895296449 0.132205415272402 0.125789083871833 0.13032201304866 0.146048642074737 0.168082274303744 0.16976592250986 0.172363204926537 0.180884853876121 0.18884903748981 0.199759376022505 0.200032453255903 0.195855561551516 0.179519583337771 0.150826253977216 0.12226911783172 0.0966211303492897 0.0843430177452767 0.0851415752947397 0.0804458118450216 0.0747669112087063 0.0662778101550496 0.0561279916608525 0.040825972041348 0.0188861010925739 0.0041542442499013 -0.00429251402539832 -0.0069494867754778 -0.0107536219924457
-9999 -9999 -9999 -9999 -9999 -9999 -9999 -9999 -9999 0.100834913549989 0.0619252305825729 0.606666462315966 0.418084744001894 0.0735907101576475 0.0536472491894417 0.0749356272053075 0.0862026080557129 0.0331858521030133 -0.0566845755787797 -0.091599839238842 -0.0382773868917438 0.108714220232735 0.114583896466657 0.0743347070911715 0.0643281996624557 0.0798019918864498 0.120938629636789 0.117565457069213 0.100539573897299 0.10177678731762 0.122533273939505 0.151421636212441 0.153125829770641 0.154900651478245 0.169698016820068 0.193162312521623 0.21978987337985 0.228334753365211 0.229553489578073 0.222168612421391 0.20451143370479 0.183229629047651 0.160612999167924 0.140271548165366 0.121535184427591 0.107335137989067 0.0964747291329206 0.0932830715972968 0.0892853211629459 0.0769940201625712 0.0543120950338707 0.0352919940725903 0.0225374621085556 0.0175823803443121 0.0105692567991508
-9999 -9999 -9999 -9999 -9999 -9999 -9999 -9999 -9999 -9999 0.0281372625709156 0.443550111555148 0.303773303689404 0.0127603142207663 0.0228931741864176 0.0819225270318688 0.138647392026767 0.123182974390086 -0.0198490510787555 -0.0849305588613981 -0.0246420346625894 0.112059722746321 0.123727621831396 0.0689146218678425 0.0576783241437733 0.0838122237213034 0.107057024385847 0.0992912993424586 0.0750439716537194 0.0676350850482894 0.0862765848991295 0.109183961031522 0.109060281605336 0.105435005542745 0.122967674824591 0.156600574620935 0.194440374281862 0.210459351317085 0.220687235772333 0.227163560134759 0.222084413254879 0.215886481615975 0.197823039345838 0.181413238098398 0.16780521363311 0.151284632699769 0.144365605610029 0.144616824691198 0.143110842962151 0.124779403291909 0.0881322880247589 0.0549821229986351 0.0293457744467452 0.00913855379194922 -2.26927613228289e-05
-9999 -9999 -9999 -9999 -9999 -9999 -9999 -9999 -9999 -9999 -9999 0.155597830273818 0.111187676757119 -0.0032044833769298 0.00931705642043001 0.0888001101988748 0.206027737210396 0.286604660192756 0.0905651676554968 -0.0325165308373707 0.0193108465450067 0.118630248695144 0.111529877526619 0.068901360701005 0.0577690903687474 0.078658229172333 0.101336983175567 0.0892788430307245 0.06228969292475 0.0512234716894153 0.0551005521729266 0.0611850053851699 0.0580465112495704 0.0523866816560215 0.0658045480141364 0.0982189704436893 0.134195055942207 0.156497413528197 0.173360635626518 0.190394521359717 0.202502199105545 0.210691028276266 0.20625209270079 0.198101819115217 0.194065695781524 0.188463516461867 0.187684270769193 0.189445732210191 0.181988155264895 0.156641961577913 0.110341333069147 0.0686731412190301 0.0362633395873266 0.00801322907323621 -0.00524867254989414
-9999 -9999 -9999 -9999 -9999 -9999 -9999 -9999 -9999 -9999 -9999 -9999 0.0357989059658417 0.0143783901054149 0.0237030345922928 0.111032780691461 0.259714789076427 0.465358541802797 0.319271373051245 0.100068813222826 0.0951805281285005 0.114156494814354 0.098914548928986 0.0796973635402938 0.0629974773403095 0.0760731822260607 0.0879826096629946 0.0737405424743756 0.0501667173501296 0.0365812011584744 0.0315876530288461 0.0295004739505569 0.022940596623754 0.0143608620153057 0.0210436327989204 0.040637246660957 0.0637237299637282 0.0922545895291856 0.108861416614348 0.13497486584974 0.160882632934805 0.176458123972784 0.190879810382261 0.191908346584425 0.201039584134568 0.21237597538473 0.220970341772998 0.216755801101674 0.202333892867458 0.175240836908697 0.128613719825369 0.0852133049951553 0.0570326881355043 0.0337912752295147 0.0113239947657065
