meets/meet006/_saidas_enm/CCSM_SVM_0k_T_subalaris1.asc
NCOLS 154 
NROWS 168 
XLLCORNER -112 
YLLCORNER -55.5 
CELLSIZE 0.5 
NODATA_value -9999 
[rows 100 to 124 of 168, columns 55 to 109 of 154]
-9999 -9999 -9999 -9999 -9999 -9999 -9999 -9999 -9999 -9999 -9999 -9999 -9999 -9999 -9999 -9999 -9999 -9999 -9999 -9999 -9999 -9999 -9999 -9999 -9999 -9999 -9999 -9999 -9999 0.0617938779854427 0.163759555362936 -0.0951824592140852 -0.124932989008626 -0.035374971049778 0.0101733608939277 0.00768310932731847 8.6716262503006e-05 0.00814721515705369 -0.0137695916146987 -0.0400331292957611 0.242570373904649 0.798831453301581 0.709015173183773 0.153592375807835 -0.136589252499262 -0.181359699788306 -0.173486648630401 -0.167107729634024 -0.144723832889409 -0.12734765337841 -0.112898349243858 -0.0869503175466505 -0.0720377733718436 -0.0440313133528664 0.0239856884023721
-9999 -9999 -9999 -9999 -9999 -9999 -9999 -9999 -9999 -9999 -9999 -9999 -9999 -9999 -9999 -9999 -9999 -9999 -9999 -9999 -9999 -9999 -9999 -9999 -9999 -9999 -9999 -9999 -9999 0.0625673023715547 0.12947953632109 -0.139822644801649 -0.115844935052892 -0.0461959177449962 -0.00843697476939287 -0.00745344737090614 -0.00589104911972249 -0.00203014796043088 -0.0277233674933238 -0.0460459196339049 0.30010673508777 0.794031260812002 0.591828653020614 0.0701091395980623 -0.167001390694307 -0.185309823652146 -0.169198271285895 -0.145965604364838 -0.0890779114265038 -0.0658647170752313 -0.0726682688830032 -0.0432956753964792 -0.0370317949225072 -0.00882741492957229 0.0613733308199743
-9999 -9999 -9999 -9999 -9999 -9999 -9999 -9999 -9999 -9999 -9999 -9999 -9999 -9999 -9999 -9999 -9999 -9999 -9999 -9999 -9999 -9999 -9999 -9999 -9999 -9999 -9999 -9999 0.0630215638262319 0.0616223742670086 0.107439452842737 -0.132495063909847 -0.123093909615755 -0.0691576325228704 -0.0369759619679216 -0.0246650996113491 -0.0183443372682731 -0.0135044452368129 -0.0417428394787461 -0.0227844474785286 0.401680185355797 0.788176962811678 0.494292712797346 0.0497574377850784 -0.156246392577516 -0.177501098426124 -0.143335018993492 -0.112226198885097 -0.0648188935574546 -0.0377343918523561 -0.0238210167677562 -0.00581936285560258 -0.00488021085322521 -0.00839717303616838 0.0468815151845979
-9999 -9999 -9999 -9999 -9999 -9999 -9999 -9999 -9999 -9999 -9999 -9999 -9999 -9999 -9999 -9999 -9999 -9999 -9999 -9999 -9999 -9999 -9999 -9999 -9999 -9999 -9999 -9999 0.0629642851992503 0.060171199424106 0.0868405988825982 -0.139002272385067 -0.123923142629735 -0.0856543926535637 -0.0568899485720878 -0.0340788390019986 -0.0178180010824736 -0.0221967007663435 -0.0473553891709932 0.020437730712482 0.497147490212098 0.74294156412965 0.404732624350853 0.024088807563534 -0.149702551533611 -0.155274550288223 -0.11354919302982 -0.0774865057765014 -0.0315650535648283 0.00300781594156263 0.0322093997565794 0.0545370040674678 0.0530688848609551 0.0310570855923351 0.0705092057467648
-9999 -9999 -9999 -9999 -9999 -9999 -9999 -9999 -9999 -9999 -9999 -9999 -9999 -9999 -9999 -9999 -9999 -9999 -9999 -9999 -9999 -9999 -9999 -9999 -9999 -9999 -9999 -9999 0.0580355690191456 0.0578692407037294 0.0556871988079705 -0.142864964124789 -0.114072299711438 -0.084458830601391 -0.0629329000065967 -0.0317991716950243 -0.0108940901685529 -0.0244541331581868 -0.0353752973129804 0.0986897742974097 0.565663558894673 0.710297157802709 0.349741621498718 0.0217387325655756 -0.128156947512971 -0.131092209961225 -0.0821716127984014 -0.0412394044422079 0.00804905646967197 0.0516206273461151 0.0991691618237582 0.134527360723632 0.142307537532116 0.147666469856757 0.186090100354947
-9999 -9999 -9999 -9999 -9999 -9999 -9999 -9999 -9999 -9999 -9999 -9999 -9999 -9999 -9999 -9999 -9999 -9999 -9999 -9999 -9999 -9999 -9999 -9999 -9999 -9999 -9999 -9999 0.0436298405100464 0.0553916056213563 0.00812393536703487 -0.133643197054805 -0.0813103278196261 -0.0667539173621254 -0.0500686586643132 -0.0133577467042053 0.00808591648663831 -0.0209957383681835 -0.0374634197721306 0.124452682387128 0.577871674800467 0.648009683227423 0.302200535179468 0.0270169442899424 -0.102079008925892 -0.0974262884083734 -0.0529753758648019 -0.0075973916920048 0.0499036684941575 0.107442630819311 0.172376570133573 0.223225087915001 0.246618252302004 0.264156821535064 0.31451158513551
-9999 -9999 -9999 -9999 -9999 -9999 -9999 -9999 -9999 -9999 -9999 -9999 -9999 -9999 -9999 -9999 -9999 -9999 -9999 -9999 -9999 -9999 -9999 -9999 -9999 -9999 -9999 -9999 0.0184137659263513 0.0470063359202068 -0.0427150283897102 -0.0978564624256416 -0.0398834091094992 -0.0302102097125857 -0.0274147141943176 0.0124889493687155 0.0349662296120317 -0.0119204051899273 -0.0612229144302641 0.0908319838250501 0.550595825475653 0.584813879527016 0.271345918184823 0.0466397790192851 -0.0600833747485583 -0.0579775124361286 -0.0128427221949567 0.035457752224375 0.104006573276974 0.171290196486667 0.251290316204784 0.317838928864345 0.347812581142111 0.380388143456997 0.429911337150373
-9999 -9999 -9999 -9999 -9999 -9999 -9999 -9999 -9999 -9999 -9999 -9999 -9999 -9999 -9999 -9999 -9999 -9999 -9999 -9999 -9999 -9999 -9999 -9999 -9999 -9999 -9999 -9999 -0.00983247463236248 0.0314250753926403 -0.0663127219211549 -0.0519345348232177 -0.0039377910475904 -0.00652113845181346 -0.0101693342223348 0.0335409743774886 0.053450185277366 -0.0015814220263467 -0.0850852089000966 0.0611019104290881 0.518689127340792 0.526101529273197 0.236715127357699 0.0585683615235825 -0.0283087413186683 -0.0180852017786909 0.0275967861891786 0.0805675195548597 0.149821569630578 0.23090753139808 0.325351264112011 0.409210374540667 0.452425915528717 0.490503158425901 0.55103941287701
-9999 -9999 -9999 -9999 -9999 -9999 -9999 -9999 -9999 -9999 -9999 -9999 -9999 -9999 -9999 -9999 -9999 -9999 -9999 -9999 -9999 -9999 -9999 -9999 -9999 -9999 -9999 -9999 -0.0193023846498483 0.00746098708556936 -0.0703002115479667 -0.00537088059673652 0.0165501161179848 0.00393443586840686 -0.00778808932687591 0.0447018595832842 0.0687009338314629 -0.000505563848133495 -0.104255061503238 0.0502514556474218 0.501774689835076 0.442043522511593 0.185862923887078 0.0554578868317533 -0.00338365553417797 0.0125231205448852 0.0586006284735562 0.11471511127469 0.196007380775812 0.277720416705242 0.380170744471954 0.471150218513334 0.52779626761027 0.593230028938788 0.65606785449841
-9999 -9999 -9999 -9999 -9999 -9999 -9999 -9999 -9999 -9999 -9999 -9999 -9999 -9999 -9999 -9999 -9999 -9999 -9999 -9999 -9999 -9999 -9999 -9999 -9999 -9999 -9999 -9999 -0.000610255266457305 -0.0134293523314927 -0.0632777847488325 -0.00780054317401346 0.00486044387452383 -0.0294346808426575 -0.0390418013449839 0.034178401429993 0.0545392953561471 -0.0265308560296514 -0.0958963849145928 0.149499369376742 0.505831978890926 0.367366113379637 0.126591364424721 0.0400615554386554 0.00758391005247028 0.0307804183997918 0.0835089125610324 0.149493949150346 0.232839587183272 0.319839614228107 0.418863777787295 0.51174901027089 0.586818976956781 0.6577029370442 0.728518375384906
-9999 -9999 -9999 -9999 -9999 -9999 -9999 -9999 -9999 -9999 -9999 -9999 -9999 -9999 -9999 -9999 -9999 -9999 -9999 -9999 -9999 -9999 -9999 -9999 -9999 -9999 -9999 0.095045663282404 0.0204016974407814 -0.0326445911046527 -0.0570213568511272 -0.00744806644094409 -0.0234745901170955 -0.0784650871953718 -0.0834797348435371 0.00851133861852349 0.0348941449409895 -0.0608074690518259 0.0194176246190688 0.365294912398244 0.505998365365982 0.229842576914244 0.056667693809544 0.00818880868047533 0.00453829938583594 0.0364253230745075 0.0877432259697791 0.157450919273029 0.252996799730459 0.345034397117156 0.447512701707505 0.540662618213429 0.620679757980827 0.701039674158848 0.774322171320233
-9999 -9999 -9999 -9999 -9999 -9999 -9999 -9999 -9999 -9999 -9999 -9999 -9999 -9999 -9999 -9999 -9999 -9999 -9999 -9999 -9999 -9999 -9999 -9999 -9999 -9999 -9999 0.098460164133441 0.0141525575537671 -0.0631508532498095 -0.0459807241371437 -0.0215572082329678 -0.0505985847392184 -0.110382153700777 -0.0963261452768152 -0.0309953349570233 -0.0427679475151284 -0.0512002151729448 0.225509315713453 0.523110694131691 0.430252923916898 0.159107520505336 0.00374317096435278 -0.0229142741203355 -0.0149806472603151 0.0218298019640307 0.0812136969660968 0.168346287377161 0.270603489291739 0.37128000436153 0.478237834955273 0.578292248550267 0.67072460401779 0.753551468642458 0.828980760221778
-9999 -9999 -9999 -9999 -9999 -9999 -9999 -9999 -9999 -9999 -9999 -9999 -9999 -9999 -9999 -9999 -9999 -9999 -9999 -9999 -9999 -9999 -9999 -9999 -9999 -9999 -9999 0.0877192507122705 -0.0439484676501363 -0.0711779059505259 -0.0345569683788961 -0.00477349327710241 -0.0677525219820787 -0.104166375210116 -0.0787551570880883 -0.0317953411618677 -0.0543457177268483 0.135152316181975 0.46509166363778 0.484011914239715 0.297129230801552 0.0628720034348983 -0.0176085531740451 -0.0379306122743175 -0.0243551168604792 0.0204210546864029 0.0657847010954794 0.168734047252151 0.28661018246789 0.390389032957546 0.500332089871959 0.605803906734884 0.699461451159777 0.796616829208512 0.872131204673951
-9999 -9999 -9999 -9999 -9999 -9999 -9999 -9999 -9999 -9999 -9999 -9999 -9999 -9999 -9999 -9999 -9999 -9999 -9999 -9999 -9999 -9999 -9999 -9999 -9999 -9999 -9999 0.0318638101461651 -0.0782518246476077 -0.0511970273643246 -0.0421644116516945 -0.0552874711356066 -0.0797385264386924 -0.0701488510172268 0.0251881876626232 0.136890905962246 0.264649792957136 0.471050988769216 0.531401357256213 0.325176820907047 0.166310852441705 0.06720952249572 0.00362255289734309 -0.0117946477993749 0.00697900118959977 0.0615611550984458 0.126676604492967 0.201293741168153 0.296922058971642 0.398699162902544 0.508933317751173 0.61529889564391 0.718893683808394 0.814678782610244 0.891595071786879
-9999 -9999 -9999 -9999 -9999 -9999 -9999 -9999 -9999 -9999 -9999 -9999 -9999 -9999 -9999 -9999 -9999 -9999 -9999 -9999 -9999 -9999 -9999 -9999 -9999 -9999 0.0406220987405581 -0.0444865387735932 -0.0528332192699404 -0.00944729199985894 -0.0653244113189586 -0.0821006926703692 -0.0600049625488764 0.0713025767522786 0.285250446011625 0.454627267908897 0.536389265591016 0.575888263800558 0.385727646121397 0.146081460972043 0.0871073597493331 0.0802703642867134 0.023031023492031 0.0174281323959606 0.0489715384932214 0.122386331884509 0.207925269342071 0.23266457320321 0.304035626651758 0.399819107378338 0.513312754131293 0.610661822248867 0.714135628502088 0.814658723595727 0.891932878886136
-9999 -9999 -9999 -9999 -9999 -9999 -9999 -9999 -9999 -9999 -9999 -9999 -9999 -9999 -9999 -9999 -9999 -9999 -9999 -9999 -9999 -9999 -9999 -9999 -9999 -9999 0.0412648161513222 -0.0774027566042996 -0.0444982271645535 -0.0189482885127215 -0.0825869387470344 -0.107946775714991 -0.021850143489294 0.209254501309406 0.486094419012706 0.537374225594887 0.491607203825955 0.426353912732906 0.25647931185117 0.0921319371304914 0.0501112105623736 0.0427787392421587 0.020609804449163 0.0244458802279427 0.0584807137718071 0.140579720355612 0.217157553633533 0.247878286834176 0.302742356994259 0.389220239472025 0.500379189071756 0.611599367862658 0.713120118851593 0.801716977299767 0.875700226661208
-9999 -9999 -9999 -9999 -9999 -9999 -9999 -9999 -9999 -9999 -9999 -9999 -9999 -9999 -9999 -9999 -9999 -9999 -9999 -9999 -9999 -9999 -9999 -9999 -9999 -9999 0.0188143380757891 -0.0880051109245088 -0.0341429840370805 -0.0216172341379971 -0.106723015486174 -0.106735646778185 0.0178317403260567 0.285885567834486 0.446742411126791 0.408954547723516 0.310178471134702 0.263877777879161 0.156756491727269 0.0689366123249869 0.0472874105058418 0.0230853477926772 0.0148714663373598 0.0122636452548027 0.0384257471552834 0.118327033586624 0.21031495178022 0.228107787907781 0.285635737213035 0.375000199796064 0.492355627167284 0.600121914066386 0.696197955286266 0.782001205580071 0.854576527733099
-9999 -9999 -9999 -9999 -9999 -9999 -9999 -9999 -9999 -9999 -9999 -9999 -9999 -9999 -9999 -9999 -9999 -9999 -9999 -9999 -9999 -9999 -9999 -9999 -9999 -9999 0.038389950417183 -0.0962604870544278 -0.0501239965584599 -0.0471189197557287 -0.126130207614876 -0.127768797412436 0.0384522145103737 0.239877065824529 0.309854405574012 0.269034937683655 0.20826046903013 0.160051842511503 0.0964318548793336 0.0552511847333394 0.0592414705420678 0.0622266374172669 0.0264679619904067 -0.00139303516857603 0.00455548686975449 0.0514590488697556 0.110417169412563 0.181460677088808 0.271773477842092 0.364071658918431 0.470441866966195 0.572872006652328 0.671171020630942 0.758016837230858 0.827825587198462
-9999 -9999 -9999 -9999 -9999 -9999 -9999 -9999 -9999 -9999 -9999 -9999 -9999 -9999 -9999 -9999 -9999 -9999 -9999 -9999 -9999 -9999 -9999 -9999 -9999 -9999 0.0525671328075975 -0.102032998537461 -0.0569788902938568 -0.0582960119534344 -0.139937543004324 -0.121708945950179 0.053977533765234 0.180450139333849 0.19740048146739 0.178847268250782 0.141077114506562 0.100983237066318 0.0451876583569715 0.0268098861938472 0.0560743525903797 0.0724620664758071 0.0233801425539775 -0.0240128118001671 -0.0288838282791859 0.0089169590097492 0.0509235011087183 0.143254566997091 0.249658221310948 0.34503191977633 0.451273073454448 0.53663429733892 0.635093322284195 0.724280750812162 0.795404426802113
-9999 -9999 -9999 -9999 -9999 -9999 -9999 -9999 -9999 -9999 -9999 -9999 -9999 -9999 -9999 -9999 -9999 -9999 -9999 -9999 -9999 -9999 -9999 -9999 -9999 -9999 0.0473746639004895 -0.104623402530188 -0.0660352559362036 -0.0678010404378385 -0.132774846613912 -0.0981464208220583 0.0479832645667262 0.135233542257549 0.145397130002008 0.136987492327432 0.119597781327231 0.0744091180120736 0.0271372043673408 0.0114507102225235 0.0309161886422942 0.0404693016574815 -0.00107061262072361 -0.052294779823345 -0.0578661071677268 -0.013565867625532 0.0501115335200459 0.130047513852922 0.221425116983274 0.309744321014353 0.40984736672515 0.503098160986563 0.597053709883563 0.681806904171552 0.752245778430728
-9999 -9999 -9999 -9999 -9999 -9999 -9999 -9999 -9999 -9999 -9999 -9999 -9999 -9999 -9999 -9999 -9999 -9999 -9999 -9999 -9999 -9999 -9999 -9999 -9999 -9999 0.0530201382303431 -0.110153181845877 -0.0612407759073343 -0.0606872443140646 -0.118877565211964 -0.0877713813456731 0.0281530779817851 0.0862424963912787 0.0912977125716571 0.0894977728513164 0.0855851212408968 0.0425940096007348 0.00123183748327915 -0.010893801320754 0.00759965537581969 0.0161069602141085 -0.0190672044414431 -0.0656870620071165 -0.0679530131888003 -0.0159504386471816 0.0442532920953146 0.114287236586177 0.196487487726122 0.27535692577079 0.373948149105231 0.458822387802854 0.550219901072109 0.637599138248768 0.710804553120677
-9999 -9999 -9999 -9999 -9999 -9999 -9999 -9999 -9999 -9999 -9999 -9999 -9999 -9999 -9999 -9999 -9999 -9999 -9999 -9999 -9999 -9999 -9999 -9999 -9999 -9999 0.0594977065110209 -0.113316060219383 -0.0530249895970162 -0.0461624057798247 -0.10223644818054 -0.0941856463375504 -0.0106567043054547 0.0263365155448689 0.0284905665543494 0.0239483191075852 0.00753615953453651 -0.00768286786665173 -0.0300982711196088 -0.0343275404591622 -0.0156213546693135 -0.00731326819982092 -0.0289465016239905 -0.0628991313296068 -0.0635750716691728 -0.021716674132136 0.0380500099310003 0.102752243773562 0.170386574452326 0.245365246006012 0.328873630070579 0.41358066647592 0.509794513056458 0.598528915873238 0.673443980417603
-9999 -9999 -9999 -9999 -9999 -9999 -9999 -9999 -9999 -9999 -9999 -9999 -9999 -9999 -9999 -9999 -9999 -9999 -9999 -9999 -9999 -9999 -9999 -9999 -9999 -9999 0.0777429560137877 -0.115416205984279 -0.0556906110521286 -0.0310218922416677 -0.0880877607288471 -0.0953200975909319 -0.0407399414853564 -0.0178541835935443 -0.0148889651609694 -0.0155093676280581 -0.0257291187742361 -0.0307415254810773 -0.0436568126909884 -0.0441009711447953 -0.0222730413334398 -0.0137969190630287 -0.0297821633808111 -0.0588100637732824 -0.0604126864571057 -0.0214990133336165 0.0274753676913134 0.0801432036048675 0.145556598948635 0.212690577791868 0.29854980600352 0.374720210338955 0.460989677229836 0.551307494351869 0.618704326220921
-9999 -9999 -9999 -9999 -9999 -9999 -9999 -9999 -9999 -9999 -9999 -9999 -9999 -9999 -9999 -9999 -9999 -9999 -9999 -9999 -9999 -9999 -9999 -9999 -9999 -9999 0.098520680070958 -0.109356180089322 -0.0590520061556145 -0.0225488234658603 -0.0718578556582904 -0.0930303214837298 -0.0616890730908838 -0.0440339828668871 -0.0379248301465688 -0.0304967288274822 -0.0259304195084478 -0.0356834695476427 -0.0430506209148683 -0.0382514566802137 -0.0191346815424339 -0.00473650051759433 -0.0249982733449827 -0.0549525302695754 -0.056006498016861 -0.0259154904746937 0.0103210093914476 0.0578707003775981 0.118006583494214 0.184650455026958 0.268792345899743 0.345954260880118 0.42378875609662 0.49051975786623 0.568048956506929
-9999 -9999 -9999 -9999 -9999 -9999 -9999 -9999 -9999 -9999 -9999 -9999 -9999 -9999 -9999 -9999 -9999 -9999 -9999 -9999 -9999 -9999 -9999 -9999 -9999 0.157224647680607 0.0787238338355679 -0.102412627502567 -0.0585218796044603 -0.0137179254384912 -0.0558841523762327 -0.0863851832535317 -0.0760671353963138 -0.0593798375346781 -0.0522297221839486 -0.0430938726590154 -0.0383128765584075 -0.0419115270831011 -0.046117555318314 -0.0398652503489199 -0.0165541194073123 -0.0016532621580384 -0.0215234667356867 -0.0501933305896929 -0.0519587608253431 -0.0285184586578716 0.0031577072466541 0.0429687435788931 0.0938469797918702 0.152000281302776 0.233027824893831 0.317310083424871 0.387426056900891 0.45016633534588 0.538942141971018
