meets/meet006/_saidas_enm/CCSM_SVM_0k_T_nigriceps4.asc
NCOLS 154 
NROWS 168 
XLLCORNER -112 
YLLCORNER -55.5 
CELLSIZE 0.5 
NODATA_value -9999 
[rows 72 to 95 of 168, columns 55 to 109 of 154]
-9999 -9999 -9999 -9999 -9999 -9999 -9999 -9999 -9999 -9999 0.175376066841465 0.750085749833792 0.903906189668219 0.57842898047532 0.503757547955622 0.687018622000283 0.888375294810085 0.738603861296614 0.220710652053169 -0.0176123723868683 0.0827399256880174 0.212939662111827 0.208892520491399 0.157111563699444 0.136225821507001 0.138866987046595 0.135426212886614 0.12096250329123 0.100518925653752 0.0809495150536317 0.0604746975349664 0.0390134886770866 0.0196487278101747 0.00213581703874871 -0.00721584461717317 -0.00631971769612916 -0.00117875093667452 0.00290113338691356 0.00569898218673115 0.0105275838265109 0.0138932641635585 0.0171215216673683 0.0165658393246294 0.0154035365183241 0.0156985502306534 0.0148646770241259 0.0154101912019642 0.0173258579061528 0.01665645516933 0.0101771092896722 -0.00408687519581741 -0.0152254903925586 -0.0184612960282778 -0.0169052282577109 0.000737166931909616
-9999 -9999 -9999 -9999 -9999 -9999 -9999 -9999 -9999 -9999 -9999 0.425372518169294 0.642576033816424 0.45949841100218 0.451211175639921 0.644338752717678 0.919139599248876 0.893114911061497 0.357549076777357 0.0737140749880617 0.143405659307931 0.242542156024702 0.221269192100893 0.16904953275088 0.146967846276111 0.146134800053618 0.141083985355784 0.123257540935634 0.101655207256332 0.0807385869907397 0.0628772321835144 0.0449101105460119 0.0219994204448941 0.00230865509402473 -0.0114725367184136 -0.016280698734496 -0.0169727800518807 -0.0142990091606023 -0.0108716986006786 -0.00570694707363151 0.000282048110372524 0.00638351415764971 0.0105753596632488 0.0137938458233061 0.0174016873155832 0.01928553805776 0.0226778702781047 0.0261833926852404 0.0251769672282002 0.017817109570158 7.73591064236467e-05 -0.0123186326843923 -0.0178785980752552 -0.0182331584031966 -0.00265996629882281
-9999 -9999 -9999 -9999 -9999 -9999 -9999 -9999 -9999 -9999 -9999 -9999 0.226397931231708 0.523113152397028 0.521107983170696 0.655690143984046 0.896365514614992 1.00964824543648 0.566931320450482 0.22169258613118 0.229177013800802 0.251728279649057 0.220986416273751 0.18978985670901 0.160390368576698 0.154649519859049 0.144253278749378 0.124010953873195 0.0997799187639763 0.0768613890236383 0.0586306905025265 0.038432698559531 0.0182926261272883 -0.000102218329045889 -0.0108163275521912 -0.0169830391507372 -0.0235016257920292 -0.0221820136859274 -0.0217395128532346 -0.0163756977073506 -0.00852569885134802 -0.00317048910827922 0.00683414263158871 0.0114888349352562 0.0180092842132791 0.0251325297263861 0.0295841498457798 0.0323621124781601 0.0286493707345264 0.0212629116610488 0.00656727745877028 -0.00520678294825938 -0.00697637627150927 -0.00439445751253287 0.00351199108022704
-9999 -9999 -9999 -9999 -9999 -9999 -9999 -9999 -9999 -9999 -9999 -9999 0.0700024075002071 0.579110131446888 0.601054984694163 0.658706269819295 0.859661208461427 1.02631681088174 0.788840357791099 0.437604022430986 0.319274686438742 0.276205373485615 0.224441777904381 0.195277477259207 0.165759828348011 0.156806443721563 0.143493101383399 0.121208029312251 0.0969685101251225 0.0737445901875141 0.0543397314835797 0.0334780238035308 0.0117883320025945 -0.00659663303742297 -0.0166148195438796 -0.0184780973411066 -0.0185586953551063 -0.0193625330842295 -0.0192060363625273 -0.0147898020644595 -0.00698041120996296 0.00167038554069682 0.0105419235720063 0.0172509769956596 0.0249846644863641 0.0326251703800674 0.0382327907400704 0.0372851667508975 0.0320238891120232 0.0245813896300454 0.0112034428488575 0.00242792564099115 0.000208134827071993 0.00126246013495024 0.00229975557882434
-9999 -9999 -9999 -9999 -9999 -9999 -9999 -9999 -9999 -9999 -9999 -9999 0.0275800356191181 0.653466946962754 0.698686834523735 0.681804982566651 0.765331201933785 0.972961812564764 0.951392305994324 0.704885378685998 0.522743825184544 0.296787647174885 0.25403802318728 0.219689855978716 0.169091257334493 0.164628393832645 0.142554264420997 0.124079970138132 0.0987196083442451 0.0726570927865293 0.0534598583060433 0.0329473518455224 0.00842806939585944 -0.0122098219578638 -0.0218972855438894 -0.0197700367472721 -0.0161444778882552 -0.0190068301055416 -0.0183800421238614 -0.012814773026865 -0.00243019677553002 0.0134725132151561 0.0128008131556691 0.019845887289195 0.0306273368580507 0.036597159134487 0.0502078012212395 0.0448443425746539 0.0349371309699775 0.0282173591544858 0.0178649553528766 0.0105770332812979 0.00754922107848405 0.00398539825143257 -0.000422136262204442
-9999 -9999 -9999 -9999 -9999 -9999 -9999 -9999 -9999 -9999 -9999 -9999 -9999 0.467369446632098 0.707756961380146 0.720901890488333 0.784431090233054 0.909396061076489 0.962944732162393 0.918553880207159 0.786035003049297 0.561924232243498 0.38505188597916 0.248242254510053 0.163377885789086 0.165182658758286 0.163116782020337 0.136820444928013 0.101981918038669 0.0722870870533371 0.0508768028434529 0.0303041503528573 0.00735436409555296 -0.0112058327864039 -0.021182622879896 -0.0217707212323255 -0.0208828258778664 -0.0239791646397417 -0.0256716485592313 -0.0228791504175414 -0.0158718122198193 -0.00851533490365575 -0.0111384033840902 -0.00823947475166098 0.00289631016868169 0.0178833784598152 0.036824839896285 0.039980717328408 0.0373523606116684 0.0333895273176189 0.024561703447993 0.0167713980704811 0.0112856468317255 0.00565879578276568 0.000119087194109246
-9999 -9999 -9999 -9999 -9999 -9999 -9999 -9999 -9999 -9999 -9999 -9999 -9999 0.06371973401777 0.478354380136334 0.767559725493065 0.810258137789824 0.819987862888278 0.878007751060487 0.854178793471963 0.905004454782412 0.87910478134256 0.660054899858946 0.335903280105526 0.159322498176919 0.203810429363718 0.213124810199957 0.152009185521386 0.107096873456026 0.0700471509609286 0.0486475737202254 0.0282131759828467 0.00888027773124517 -0.00604024583774376 -0.0161306984913027 -0.0203201958427106 -0.0245158239015932 -0.0281662674260363 -0.0328206701037291 -0.0340711335028501 -0.0310008961889451 -0.0324703685353581 -0.03727365602555 -0.0414876969762571 -0.0299132537377486 -0.00968783140246354 0.00961365603720471 0.0311550186080244 0.0394137171153361 0.0430343811731863 0.0365750995690932 0.0254076776183134 0.0203000281449925 0.0115809034366256 0.00326409577709985
-9999 -9999 -9999 -9999 -9999 -9999 -9999 -9999 -9999 -9999 -9999 -9999 -9999 -9999 0.117756310120471 0.733291718678548 0.76090720967472 0.636763938271465 0.557381387160776 0.505730341311858 0.552306478537304 0.760881586070406 0.88236765708586 0.594610793174051 0.287940701410238 0.247690228072634 0.23052339264271 0.163476308353792 0.102978014061008 0.0622992840194774 0.0431986413583234 0.0275675629281285 0.0101281831431644 -0.00152511291802393 -0.010838396306031 -0.0166690803593909 -0.0210905095539137 -0.0287564882034219 -0.0350142662688933 -0.0391575028996007 -0.0390947073769804 -0.0432808669393856 -0.0524743249046208 -0.0578894954089838 -0.0478512865790998 -0.0265079835532586 -0.00145776624140037 0.0245404730933677 0.0447538265091254 0.0558770735534952 0.0507456890478115 0.0403283517962403 0.0314924140299114 0.0177906997115992 0.00370799197793187
-9999 -9999 -9999 -9999 -9999 -9999 -9999 -9999 -9999 -9999 -9999 -9999 -9999 -9999 -0.0752919381863791 0.638079173678537 0.698094737442236 0.504730862919097 0.237927840046385 0.211308510599112 0.336686256343013 0.484876638324985 0.707217785537625 0.783697323460186 0.461212289934733 0.346641175210736 0.255272971818748 0.166579709647055 0.0865975829484807 0.0281355116194059 0.0242577805895904 0.0219246315791344 -0.00599621650466498 -0.00441664435583788 -0.0115816805814934 -0.0155776192192792 -0.0182435217401807 -0.0289776044502676 -0.0360038121509841 -0.0416609252044409 -0.0423082446094193 -0.0453476887598588 -0.0531821294709618 -0.0610021194757521 -0.0543469621776278 -0.0326557422907088 -0.00207024339874473 0.023637881714139 0.0549354874199294 0.0730190794768906 0.0643461604738584 0.0544832484577669 0.0355965539865279 0.0177886375180251 0.00291887354409309
-9999 -9999 -9999 -9999 -9999 -9999 -9999 -9999 -9999 -9999 -9999 -9999 -9999 -9999 -9999 0.359017926911782 0.749906669917212 0.538843781454977 0.194596290870547 0.140945687770251 0.303946779423949 0.551801814182593 0.765274688124062 0.890315629929351 0.793894529230772 0.69945189257096 0.455063996116547 0.258056615704912 0.0500252730813941 -0.0498567536724152 -0.0437804485448362 -0.0539045013328816 -0.0282202030488976 -0.0270497889963641 -0.0264843526184965 -0.0224955696240847 -0.0258018802737415 -0.0344614625323663 -0.0412205222334662 -0.0460635721396295 -0.0465413257622388 -0.0452797894406625 -0.0487204087525569 -0.050861906713907 -0.0454711965987203 -0.0323372302386306 -0.00922056867111187 0.0183784265914325 0.0433001111300302 0.0571494229445083 0.053060788182979 0.0426765336017545 0.0309229417788039 0.0173582448414658 0.00482910319987112
-9999 -9999 -9999 -9999 -9999 -9999 -9999 -9999 -9999 -9999 -9999 -9999 -9999 -9999 -9999 0.0582147984958507 0.49485106153351 0.552065179732248 0.229595574485816 0.099221593106135 0.277081921476161 0.574952622421182 0.850193686881301 1.00593657902786 0.947699962997896 0.970611188416251 0.922675838619366 0.727101116588722 0.290084553876324 0.0291413954348508 0.00362828557944661 -0.139389103595869 -0.0697407115996459 -0.0499949620159924 -0.0415920243828473 -0.0304969443957592 -0.0325226483858733 -0.0426910874366742 -0.0462225236282722 -0.0492639779176248 -0.0499196364314157 -0.0454298973656369 -0.0466607682767527 -0.0424862483544409 -0.0393414749600917 -0.0325013947284915 -0.0169491085113512 0.00495207240092443 0.0235504917215257 0.0357492770368025 0.035254739619979 0.0301565982837309 0.0255947895390629 0.0181577044504081 0.0112854764759592
-9999 -9999 -9999 -9999 -9999 -9999 -9999 -9999 -9999 -9999 -9999 -9999 -9999 -9999 -9999 -9999 0.0150965123144731 0.501268767149374 0.397310069545856 0.178935380046388 0.22172151230851 0.475042399637617 0.705970457459416 0.892337455394014 0.949953862002859 0.950135783434473 0.851505487240366 0.79955990178772 0.66939322616784 0.555761022394982 0.448574849859362 0.254548948764845 0.0862948955486066 -0.0329318200335414 -0.0638675518583721 -0.0464962155799021 -0.0494863496689608 -0.0477656728386727 -0.0463398700181816 -0.0495388457293355 -0.0545491184039693 -0.0573651242805077 -0.0512710510822552 -0.0435495767332361 -0.0363767611640303 -0.031083671229155 -0.0216565890373559 -0.00613633410847281 0.00812313776492679 0.019079169554708 0.0224296149394413 0.0228124846679338 0.0212648884115552 0.0207877576185625 0.0176562712986483
-9999 -9999 -9999 -9999 -9999 -9999 -9999 -9999 -9999 -9999 -9999 -9999 -9999 -9999 -9999 -9999 -0.0417037880258473 0.280557730300544 0.52377814317022 0.256496020183517 0.139939868311447 0.275338847048148 0.403612720860653 0.538782095363998 0.649714833366976 0.773738960971306 0.701653003859282 0.822389031913975 0.76881067388965 0.723184078371216 0.684583535209446 0.75971242434784 0.404705257986947 0.0688727010665054 -0.0651474336264001 -0.0551388007437973 -0.0591594600056359 -0.0521824955216171 -0.0471043899395448 -0.0492801672122697 -0.0552169152962433 -0.0618151141902793 -0.0563333571252814 -0.0456511550453372 -0.0318117308986006 -0.0276026702141724 -0.0238206146406219 -0.0112388279443163 -0.00147534122248616 0.0103585999907274 0.0166562768820975 0.018169038345459 0.0177990668356148 0.0181447374472801 0.0136707686243751
-9999 -9999 -9999 -9999 -9999 -9999 -9999 -9999 -9999 -9999 -9999 -9999 -9999 -9999 -9999 -9999 0.119267623792398 -0.0431267948853875 0.62424245514058 0.445995297418132 0.181318947583277 0.095612163645597 0.0928440200572276 0.148385906557676 0.228004746300469 0.332829089297819 0.436971318892137 0.610666339654916 0.70020068935871 0.721473040257585 0.646371575899604 0.570382811999808 0.586895047977142 0.433216118045974 0.0941695652718358 -0.00892789549569128 -0.0414704892668699 -0.0442519855186423 -0.0499752407874913 -0.052053426074442 -0.0540791029343248 -0.0535825000822229 -0.0549393371049506 -0.0422946727691444 -0.0240698639295086 -0.0161702789298831 -0.0172258827954057 -0.0171863212628945 -0.0108475284793468 -0.00197648754613122 0.00517674828776521 0.0147848302473767 0.00276376269765344 -0.003661535975928 -0.00981148241892094
-9999 -9999 -9999 -9999 -9999 -9999 -9999 -9999 -9999 -9999 -9999 -9999 -9999 -9999 -9999 -9999 -9999 -0.025227066942247 0.309896181420959 0.743621344108467 0.473265454631123 0.265099387574894 0.100758076919247 0.0221096011752933 0.0450521326874376 0.0461793655138822 0.0619770914638764 0.151866769744137 0.259876049102019 0.349610662543411 0.511193918284323 0.538388533304064 0.478154519252328 0.707483880558777 0.434771232235745 0.185707950614058 0.0262073482614808 -0.031373339066715 -0.055312246153713 -0.0557864420987423 -0.0570273836505271 -0.0533235347030444 -0.0537077504741558 -0.0287666163747123 -0.00990128098548226 -0.00854228979465488 -0.0165360887511516 -0.0290562576486072 -0.0307113039934463 -0.0279201463482132 -0.0246265020214274 -0.0147061109586893 -0.0297507664858779 -0.0346970300699224 -0.0377094104574084
-9999 -9999 -9999 -9999 -9999 -9999 -9999 -9999 -9999 -9999 -9999 -9999 -9999 -9999 -9999 -9999 -9999 -9999 -0.0184536554911472 0.146505461760468 0.798756300228837 0.629201078530098 0.269666477558122 0.00294179498939667 -0.0498267800690393 -0.078432534700177 -0.0834217142196482 -0.0412508842401704 0.0252603995582543 0.111842043340843 0.346647640314178 0.482083594956267 0.550984680674378 0.739963850702334 0.742283319922691 0.533747646828083 0.25434969832414 0.0718810122964112 -0.0054728904891177 -0.0367080516002422 -0.0390594411366912 -0.0312628443962494 -0.0238225543100753 -0.00586718607461234 -0.00144297045596997 -0.0131485392106696 -0.030089039852252 -0.0413452131893006 -0.0498658853148496 -0.0532886695755223 -0.0532868686998101 -0.0534206649297579 -0.0519226745189618 -0.0495598975383768 -0.0485880346000245
-9999 -9999 -9999 -9999 -9999 -9999 -9999 -9999 -9999 -9999 -9999 -9999 -9999 -9999 -9999 -9999 -9999 -9999 -9999 -9999 0.0837866269577976 0.75347744218662 0.709760452465405 0.373004244184787 0.0724568394379975 -0.0821025124180745 -0.142943558593611 -0.124135539279483 -0.0813239549051616 -0.0278073231999996 0.162238412644686 0.420603586285139 0.553408984478584 0.84672374061192 0.907709806128049 0.80697845353112 0.578636368039734 0.285512069955479 0.117370947379157 0.0349631831769301 0.0250546346780705 0.0450731316163404 0.0191133096913651 0.0115834890971318 0.000510036916742784 -0.0209657442966412 -0.0356262175647187 -0.0444858582003 -0.0521138709906486 -0.0557887587763882 -0.0554304145268046 -0.0484162312521722 -0.0453971654484204 -0.0399700110951329 -0.0409451953316772
-9999 -9999 -9999 -9999 -9999 -9999 -9999 -9999 -9999 -9999 -9999 -9999 -9999 -9999 -9999 -9999 -9999 -9999 -9999 -9999 -9999 -9999 -0.0659536235265132 0.152811134731304 0.323359911536022 0.169530032112521 -0.0384133421952154 -0.128803546378782 -0.141613707321981 -0.106752972654276 -0.0499923354671321 0.0669944930846908 0.380114838170797 0.725463393865864 0.91522368319708 0.936465119139841 0.858061694940914 0.623577077140191 0.353169847229101 0.151590380163779 0.103037969585719 0.0425377940858706 0.0204891873742027 0.00651115796337737 -0.0160674387144479 -0.0269663582636478 -0.0368891102237374 -0.044022246764036 -0.0477565713808149 -0.0535728801238959 -0.0529995114185883 -0.0457600327933335 -0.0408436544661481 -0.0395992088803883 -0.0420140677212646
-9999 -9999 -9999 -9999 -9999 -9999 -9999 -9999 -9999 -9999 -9999 -9999 -9999 -9999 -9999 -9999 -9999 -9999 -9999 -9999 -9999 -9999 -9999 -9999 -0.106940623692887 0.223313303736781 0.24532062751743 0.00250497811100708 -0.166893545535262 -0.162321293968038 -0.153246498866179 -0.103756810261185 0.121909143639988 0.559549322872192 0.813781742932489 0.942051569022089 0.985351281528921 0.956476257091838 0.773443053211392 0.490675852141457 0.282298663354984 0.108295384072272 0.0325229102915961 -0.00870976219881314 -0.0295257429030235 -0.0388355459762428 -0.0431074646103061 -0.0461456923353705 -0.0475696645316319 -0.0524699696808995 -0.0533706319480641 -0.0464143637041772 -0.0416291312224679 -0.0405349188797919 -0.0413465254357238
-9999 -9999 -9999 -9999 -9999 -9999 -9999 -9999 -9999 -9999 -9999 -9999 -9999 -9999 -9999 -9999 -9999 -9999 -9999 -9999 -9999 -9999 -9999 -9999 -9999 -9999 0.163439548079303 0.480806944325835 0.0677280387714098 -0.103932588662701 -0.181156838014152 -0.184599224595164 -0.0975731945391363 0.0987027679315876 0.376948225949518 0.725775805179115 0.966839333928113 0.986815750759636 1.03232437268113 0.91215404658114 0.673175022589081 0.311831238318254 0.0921466873123333 -0.0129235746439984 -0.0500825524968933 -0.0529869028435412 -0.0545768213829511 -0.0522766089554478 -0.0526578542784821 -0.054907096490233 -0.0533425946576432 -0.0469286525138874 -0.0414770047984371 -0.0393688380006095 -0.0394965505463815
-9999 -9999 -9999 -9999 -9999 -9999 -9999 -9999 -9999 -9999 -9999 -9999 -9999 -9999 -9999 -9999 -9999 -9999 -9999 -9999 -9999 -9999 -9999 -9999 -9999 -9999 -0.141889308318302 0.320981188733461 0.551675314403995 0.157714635358158 -0.047952371266885 -0.137421485811679 -0.14169808709131 -0.121119166613799 -0.0278511172066556 0.250181675434926 0.603431040078759 0.784748600204548 0.960736158777476 1.03401259429182 0.989915454716383 0.66376525069214 0.231325856842962 -0.00988618768793503 -0.0691042090699741 -0.0666400790498719 -0.060153835088903 -0.0539353862864397 -0.0520853805111104 -0.0544561269932922 -0.0554490946543412 -0.0500454865355141 -0.0437749277720323 -0.039384804232276 -0.0388866069586176
-9999 -9999 -9999 -9999 -9999 -9999 -9999 -9999 -9999 -9999 -9999 -9999 -9999 -9999 -9999 -9999 -9999 -9999 -9999 -9999 -9999 -9999 -9999 -9999 -9999 -9999 -9999 -9999 0.517124671231505 0.638079492536019 0.209346939445056 0.126141235619398 0.0109923634934552 -0.0727737348774735 -0.116537070355035 -0.107202457891107 -0.0136405614268199 0.295384178591248 0.582662215882232 0.829924740124517 1.06072656982736 0.993074041652419 0.420821301322665 -0.00827695658336214 -0.089737645061939 -0.0752890570708844 -0.0600285087940852 -0.0558701639207215 -0.0444871656567625 -0.0472686294406455 -0.0540188511481858 -0.0543795323912882 -0.0459072332056564 -0.0398714984893858 -0.0398326371077548
-9999 -9999 -9999 -9999 -9999 -9999 -9999 -9999 -9999 -9999 -9999 -9999 -9999 -9999 -9999 -9999 -9999 -9999 -9999 -9999 -9999 -9999 -9999 -9999 -9999 -9999 -9999 -9999 0.343294357201183 0.718180896724127 0.386853306013106 0.187742053317864 0.0587618142064378 -0.0483946672387641 -0.0906708446043077 -0.123000688934763 -0.0804085809421388 0.0768576712515386 0.299930548392377 0.588773103332295 0.96106214052299 1.09814860281652 0.621576785658703 0.102426733497686 -0.0615790103675478 -0.0759436298596643 -0.0734923571601084 -0.0670500876992665 -0.0554102386769284 -0.0512731683414183 -0.0520381018056576 -0.050808292834548 -0.0467286634296323 -0.0431163470052545 -0.0444280594331687
-9999 -9999 -9999 -9999 -9999 -9999 -9999 -9999 -9999 -9999 -9999 -9999 -9999 -9999 -9999 -9999 -9999 -9999 -9999 -9999 -9999 -9999 -9999 -9999 -9999 -9999 -9999 -9999 -9999 0.617627316387351 0.522084484563924 0.258722753378364 0.00719015633867737 -0.111554816076997 -0.115012163703858 -0.131994645825278 -0.080396198131664 0.0589308228656859 0.221955305487602 0.480397121998934 0.854287505041619 1.10107590525188 0.789079520385908 0.27211311327448 0.0147378275492479 -0.055655943348724 -0.0875326422680239 -0.0786152344713142 -0.0711554207455644 -0.0633084230113682 -0.0509106821544928 -0.0452655826808939 -0.0471356323414923 -0.0464110777231083 -0.0500549904302204
