meets/meet006/_saidas_enm/CCSM_Maxent_0k_T_nigriceps2.asc
NCOLS 154 
NROWS 168 
XLLCORNER -112 
YLLCORNER -55.5 
CELLSIZE 0.5 
NODATA_value -9999 
[rows 100 to 124 of 168, columns 55 to 109 of 154]
-9999 -9999 -9999 -9999 -9999 -9999 -9999 -9999 -9999 -9999 -9999 -9999 -9999 -9999 -9999 -9999 -9999 -9999 -9999 -9999 -9999 -9999 -9999 -9999 -9999 -9999 -9999 -9999 -9999 0.00701675098389387 0.288160681724548 0.601441204547882 0.184361964464188 0.0786538943648338 0.03817168623209 0.039511289447546 0.0834439322352409 0.167689681053162 0.42432576417923 0.446432590484619 0.54357784986496 0.497341692447662 0.507169127464294 0.0780965089797974 0.0117153702303767 0.00669997977092862 0.00908645242452621 0.010781554505229 0.0120819723233581 0.0150910625234246 0.0173556264489889 0.0194253884255886 0.0204321183264256 0.0219166912138462 0.0240973606705666
-9999 -9999 -9999 -9999 -9999 -9999 -9999 -9999 -9999 -9999 -9999 -9999 -9999 -9999 -9999 -9999 -9999 -9999 -9999 -9999 -9999 -9999 -9999 -9999 -9999 -9999 -9999 -9999 -9999 0.00672291684895754 0.269443243741989 0.374366134405136 0.163526877760887 0.0852870270609856 0.0471879579126835 0.0497562028467655 0.1118343770504 0.301352590322495 0.471866369247437 0.446944832801819 0.525797307491302 0.481857120990753 0.480118930339813 0.0187864731997252 0.00698134209960699 0.00668974919244647 0.00716259935870767 0.0111655443906784 0.0134417973458767 0.0155155221000314 0.0184838250279427 0.020377442240715 0.0195466578006744 0.0243418291211128 0.0269715096801519
-9999 -9999 -9999 -9999 -9999 -9999 -9999 -9999 -9999 -9999 -9999 -9999 -9999 -9999 -9999 -9999 -9999 -9999 -9999 -9999 -9999 -9999 -9999 -9999 -9999 -9999 -9999 -9999 0.00388661725446582 0.00598430540412664 0.0333439968526363 0.340689271688461 0.160306304693222 0.0997531861066818 0.0610062517225742 0.0616558790206909 0.143828615546227 0.389343649148941 0.461471050977707 0.578142702579498 0.514278948307037 0.468579947948456 0.458948314189911 0.0182737167924643 0.007181900087744 0.00700929528102279 0.00760519318282604 0.0104423789307475 0.012709453701973 0.0175679475069046 0.0202231649309397 0.019709549844265 0.0208357982337475 0.0255999602377415 0.0280149392783642
-9999 -9999 -9999 -9999 -9999 -9999 -9999 -9999 -9999 -9999 -9999 -9999 -9999 -9999 -9999 -9999 -9999 -9999 -9999 -9999 -9999 -9999 -9999 -9999 -9999 -9999 -9999 -9999 0.00421762047335505 0.00514045963063836 0.0261362753808498 0.177152246236801 0.13895682990551 0.102212645113468 0.0692865997552872 0.0837064906954765 0.16076785326004 0.392180263996124 0.459837734699249 0.544411659240723 0.495153367519379 0.4643394947052 0.412521123886108 0.05934077501297 0.00739235710352659 0.00758383935317397 0.00835724826902151 0.00874817371368408 0.0142798935994506 0.0167900510132313 0.0188080202788115 0.0210072956979275 0.0222868863493204 0.0235605482012033 0.0257415566593409
-9999 -9999 -9999 -9999 -9999 -9999 -9999 -9999 -9999 -9999 -9999 -9999 -9999 -9999 -9999 -9999 -9999 -9999 -9999 -9999 -9999 -9999 -9999 -9999 -9999 -9999 -9999 -9999 0.00419257814064622 0.00521846394985914 0.0167991369962692 0.124611139297485 0.0960506498813629 0.0894853621721268 0.066851906478405 0.0900518745183945 0.185712024569511 0.553979933261871 0.40686309337616 0.529819786548615 0.480826407670975 0.528620302677155 0.398236036300659 0.0616315864026546 0.00807118602097034 0.00823836121708155 0.00915459170937538 0.00966263841837645 0.0136616881936789 0.0173091180622578 0.0210831537842751 0.023566372692585 0.0253515392541885 0.0264724865555763 0.0293022990226746
-9999 -9999 -9999 -9999 -9999 -9999 -9999 -9999 -9999 -9999 -9999 -9999 -9999 -9999 -9999 -9999 -9999 -9999 -9999 -9999 -9999 -9999 -9999 -9999 -9999 -9999 -9999 -9999 0.00707125850021839 0.00545459520071745 0.0162151195108891 0.00884035043418407 0.0387970842421055 0.0645286366343498 0.0563834458589554 0.0889055579900742 0.195127591490746 0.55252605676651 0.540839314460754 0.519747257232666 0.469232171773911 0.638723134994507 0.409889668226242 0.0415323860943317 0.00873469468206167 0.00896757375448942 0.00985712837427855 0.0103754373267293 0.0112271010875702 0.0191426780074835 0.0235383547842503 0.0259220506995916 0.0273856446146965 0.0295192450284958 0.0314958393573761
-9999 -9999 -9999 -9999 -9999 -9999 -9999 -9999 -9999 -9999 -9999 -9999 -9999 -9999 -9999 -9999 -9999 -9999 -9999 -9999 -9999 -9999 -9999 -9999 -9999 -9999 -9999 -9999 0.00450529577210546 0.00546726537868381 0.0292306877672672 0.00604178896173835 0.0234203357249498 0.0432925932109356 0.0440055504441261 0.0710427463054657 0.203186899423599 0.517418742179871 0.549827098846436 0.507070481777191 0.465994209051132 0.584892988204956 0.407040774822235 0.0439011976122856 0.0359913446009159 0.0361733250319958 0.0101455617696047 0.0110039338469505 0.0121734431013465 0.0205355770885944 0.0250020828098059 0.0322819203138351 0.0292862374335527 0.0239007622003555 0.0914061740040779
-9999 -9999 -9999 -9999 -9999 -9999 -9999 -9999 -9999 -9999 -9999 -9999 -9999 -9999 -9999 -9999 -9999 -9999 -9999 -9999 -9999 -9999 -9999 -9999 -9999 -9999 -9999 -9999 0.0167907681316137 0.0195958856493235 0.0263975951820612 0.00460971333086491 0.00196137605234981 0.032794788479805 0.0374847464263439 0.0677536949515343 0.19711047410965 0.391292870044708 0.529494166374207 0.499818742275238 0.459401905536652 0.572904765605927 0.405331552028656 0.0965448021888733 0.0396852046251297 0.0398450903594494 0.0421099551022053 0.0459927432239056 0.0496989712119102 0.0811863988637924 0.0968300253152847 0.0953981056809425 0.086421400308609 0.0912328734993935 0.0966555401682854
-9999 -9999 -9999 -9999 -9999 -9999 -9999 -9999 -9999 -9999 -9999 -9999 -9999 -9999 -9999 -9999 -9999 -9999 -9999 -9999 -9999 -9999 -9999 -9999 -9999 -9999 -9999 -9999 0.0169106908142567 0.0192018002271652 0.0238069538027048 0.00356015516445041 0.00163578288629651 0.0265295878052711 0.0373100638389587 0.0734717696905136 0.210888162255287 0.533684611320496 0.52111542224884 0.497365325689316 0.458875328302383 0.508285880088806 0.400748908519745 0.211347416043282 0.091727152466774 0.0449190549552441 0.0480514466762543 0.0517975650727749 0.0554599016904831 0.0777780190110207 0.075762502849102 0.0874743536114693 0.0920452699065208 0.0965623408555984 0.101682059466839
-9999 -9999 -9999 -9999 -9999 -9999 -9999 -9999 -9999 -9999 -9999 -9999 -9999 -9999 -9999 -9999 -9999 -9999 -9999 -9999 -9999 -9999 -9999 -9999 -9999 -9999 -9999 -9999 0.0169140119105577 0.0372990630567074 0.0228950306773186 0.0037922675255686 0.00194494880270213 0.0360158532857895 0.0489683747291565 0.0997005999088287 0.311483889818192 0.560291469097137 0.510634064674377 0.487174898386002 0.520506918430328 0.490811109542847 0.368505150079727 0.21674557030201 0.205424875020981 0.102400749921799 0.110777400434017 0.116915069520473 0.124932572245598 0.10402038693428 0.16093535721302 0.182505026459694 0.189115107059479 0.196370035409927 0.204355299472809
-9999 -9999 -9999 -9999 -9999 -9999 -9999 -9999 -9999 -9999 -9999 -9999 -9999 -9999 -9999 -9999 -9999 -9999 -9999 -9999 -9999 -9999 -9999 -9999 -9999 -9999 -9999 0.0174168329685926 0.0263264831155539 0.0272052902728319 0.0201423391699791 0.00453622220084071 0.00300264824181795 0.063786007463932 0.0834069773554802 0.163299113512039 0.385774672031403 0.536217570304871 0.536512494087219 0.518327951431274 0.446196436882019 0.444620579481125 0.258018255233765 0.217968255281448 0.214335486292839 0.226860642433167 0.238278418779373 0.250703901052475 0.215525463223457 0.224532783031464 0.323454558849335 0.354388236999512 0.365005046129227 0.371332406997681 0.381237596273422
-9999 -9999 -9999 -9999 -9999 -9999 -9999 -9999 -9999 -9999 -9999 -9999 -9999 -9999 -9999 -9999 -9999 -9999 -9999 -9999 -9999 -9999 -9999 -9999 -9999 -9999 -9999 0.0226331520825624 0.0234819632023573 0.0236042402684689 0.016867034137249 0.0051745749078691 0.00533225620165467 0.117640495300293 0.146051988005638 0.265692859888077 0.525485813617706 0.530088484287262 0.523953676223755 0.624866545200348 0.504659593105316 0.421738833189011 0.249800816178322 0.223843097686768 0.226309567689896 0.240448176860809 0.250570744276047 0.261672139167786 0.222956717014313 0.232393756508827 0.297675579786301 0.343767374753952 0.372111827135086 0.378287553787231 0.374343514442444
-9999 -9999 -9999 -9999 -9999 -9999 -9999 -9999 -9999 -9999 -9999 -9999 -9999 -9999 -9999 -9999 -9999 -9999 -9999 -9999 -9999 -9999 -9999 -9999 -9999 -9999 -9999 0.0236040651798248 0.0213151481002569 0.0169696249067783 0.0126253599300981 0.00759386783465743 0.0834185779094696 0.205974340438843 0.228373691439629 0.449393510818481 0.527369916439056 0.52293449640274 0.506420135498047 0.520085632801056 0.473183810710907 0.264102727174759 0.243080362677574 0.246202886104584 0.254397511482239 0.268745809793472 0.279362469911575 0.237441018223763 0.246141776442528 0.256610423326492 0.266699492931366 0.374727368354797 0.402592033147812 0.395628273487091 0.403730124235153
-9999 -9999 -9999 -9999 -9999 -9999 -9999 -9999 -9999 -9999 -9999 -9999 -9999 -9999 -9999 -9999 -9999 -9999 -9999 -9999 -9999 -9999 -9999 -9999 -9999 -9999 -9999 0.0225398726761341 0.0176388248801231 0.00645606545731425 0.00701832724735141 0.0231595262885094 0.243106782436371 0.418592751026154 0.380097597837448 0.485635191202164 0.507838785648346 0.504483044147491 0.49170982837677 0.495944499969482 0.414211243391037 0.250145226716995 0.241245806217194 0.252723306417465 0.265420228242874 0.275585144758224 0.282602548599243 0.24034196138382 0.250987768173218 0.261981397867203 0.27177357673645 0.341224610805511 0.373826712369919 0.401362955570221 0.409641653299332
-9999 -9999 -9999 -9999 -9999 -9999 -9999 -9999 -9999 -9999 -9999 -9999 -9999 -9999 -9999 -9999 -9999 -9999 -9999 -9999 -9999 -9999 -9999 -9999 -9999 -9999 0.0261848401278257 0.0211144592612982 0.00669094547629356 0.0035478628706187 0.00965563487261534 0.029022466391325 0.403710931539536 0.473979085683823 0.464885801076889 0.485170871019363 0.613563120365143 0.614220023155212 0.572120547294617 0.391990512609482 0.286552160978317 0.26077988743782 0.239859789609909 0.259353339672089 0.276082187891006 0.320422768592834 0.261222213506699 0.244752839207649 0.256554692983627 0.26765701174736 0.276921957731247 0.273133277893066 0.379464745521545 0.38565531373024 0.415041118860245
-9999 -9999 -9999 -9999 -9999 -9999 -9999 -9999 -9999 -9999 -9999 -9999 -9999 -9999 -9999 -9999 -9999 -9999 -9999 -9999 -9999 -9999 -9999 -9999 -9999 -9999 0.0237497575581074 0.0180999618023634 0.00553858652710915 0.00548648275434971 0.0129962246865034 0.253698796033859 0.437008619308472 0.535704433917999 0.558011531829834 0.564022064208984 0.677702307701111 0.664410829544067 0.615382730960846 0.397695779800415 0.375879734754562 0.366635173559189 0.317099452018738 0.303586095571518 0.318642288446426 0.329486936330795 0.273041129112244 0.287943571805954 0.265319615602493 0.276515334844589 0.285342752933502 0.281213462352753 0.287568390369415 0.392480909824371 0.402891159057617
-9999 -9999 -9999 -9999 -9999 -9999 -9999 -9999 -9999 -9999 -9999 -9999 -9999 -9999 -9999 -9999 -9999 -9999 -9999 -9999 -9999 -9999 -9999 -9999 -9999 -9999 0.021930119022727 0.0155302304774523 0.0107709858566523 0.00741637218743563 0.0178253706544638 0.294689923524857 0.457704901695251 0.537067532539368 0.549278974533081 0.661066234111786 0.63636302947998 0.593909680843353 0.460066080093384 0.407387584447861 0.399892747402191 0.425938546657562 0.341899067163467 0.327452600002289 0.336976826190948 0.346890717744827 0.286180913448334 0.265656918287277 0.276603579521179 0.327625244855881 0.366798549890518 0.372765839099884 0.37647420167923 0.380222201347351 0.334204912185669
-9999 -9999 -9999 -9999 -9999 -9999 -9999 -9999 -9999 -9999 -9999 -9999 -9999 -9999 -9999 -9999 -9999 -9999 -9999 -9999 -9999 -9999 -9999 -9999 -9999 -9999 0.018677456304431 0.011913999915123 0.0139724900946021 0.00982834585011005 0.0211004596203566 0.436497747898102 0.477716445922852 0.525418221950531 0.522781491279602 0.599919140338898 0.467574089765549 0.451880991458893 0.436578124761581 0.423108577728271 0.422259449958801 0.553332984447479 0.397731304168701 0.404208302497864 0.407149791717529 0.315297365188599 0.317809522151947 0.32245397567749 0.368500262498856 0.262256175279617 0.253672003746033 0.256261825561523 0.258617013692856 0.260946094989777 0.264299362897873
-9999 -9999 -9999 -9999 -9999 -9999 -9999 -9999 -9999 -9999 -9999 -9999 -9999 -9999 -9999 -9999 -9999 -9999 -9999 -9999 -9999 -9999 -9999 -9999 -9999 -9999 0.0162403266876936 0.0129790427163243 0.00848797895014286 0.0113443648442626 0.178609922528267 0.493886291980743 0.502338826656342 0.496813982725143 0.480775147676468 0.464745044708252 0.448255777359009 0.438197791576385 0.435017824172974 0.4333775639534 0.43787881731987 0.445569902658463 0.303326696157455 0.334230124950409 0.337661981582642 0.252801120281219 0.254400074481964 0.25593900680542 0.256239026784897 0.257346004247665 0.247509017586708 0.249178662896156 0.250562876462936 0.252233564853668 0.254558920860291
-9999 -9999 -9999 -9999 -9999 -9999 -9999 -9999 -9999 -9999 -9999 -9999 -9999 -9999 -9999 -9999 -9999 -9999 -9999 -9999 -9999 -9999 -9999 -9999 -9999 -9999 0.0130917532369494 0.014550119638443 0.0092814564704895 0.0123269930481911 0.264081835746765 0.468765169382095 0.501588642597198 0.387491881847382 0.478747010231018 0.462344169616699 0.448354303836823 0.440952658653259 0.476250976324081 0.476655423641205 0.486554741859436 0.455825358629227 0.304628223180771 0.333832383155823 0.332322806119919 0.248880624771118 0.251708954572678 0.252170115709305 0.251857995986938 0.252757966518402 0.242684796452522 0.243034780025482 0.243520185351372 0.244027778506279 0.24597530066967
-9999 -9999 -9999 -9999 -9999 -9999 -9999 -9999 -9999 -9999 -9999 -9999 -9999 -9999 -9999 -9999 -9999 -9999 -9999 -9999 -9999 -9999 -9999 -9999 -9999 -9999 0.0149175189435482 0.0187647491693497 0.00927471648901701 0.011572128161788 0.256898283958435 0.356906026601791 0.47510102391243 0.386113673448563 0.478732615709305 0.465192258358002 0.45606055855751 0.486730098724365 0.479752629995346 0.480862081050873 0.491317301988602 0.459288567304611 0.338634431362152 0.330973565578461 0.272861927747726 0.275154054164886 0.248925253748894 0.249215662479401 0.248206421732903 0.248408704996109 0.237541899085045 0.237927511334419 0.237899944186211 0.237509310245514 0.238422110676765
-9999 -9999 -9999 -9999 -9999 -9999 -9999 -9999 -9999 -9999 -9999 -9999 -9999 -9999 -9999 -9999 -9999 -9999 -9999 -9999 -9999 -9999 -9999 -9999 -9999 -9999 0.0168975777924061 0.0214759837836027 0.00899206195026636 0.00760182505473495 0.0163594093173742 0.277790129184723 0.294505029916763 0.338337570428848 0.43530085682869 0.469449371099472 0.462188899517059 0.492432624101639 0.439952284097672 0.439055532217026 0.448359489440918 0.416233628988266 0.337646901607513 0.327195674180984 0.269376367330551 0.27180689573288 0.245271801948547 0.245404928922653 0.244488060474396 0.234436243772507 0.233973756432533 0.233661413192749 0.233123674988747 0.232528164982796 0.232893288135529
-9999 -9999 -9999 -9999 -9999 -9999 -9999 -9999 -9999 -9999 -9999 -9999 -9999 -9999 -9999 -9999 -9999 -9999 -9999 -9999 -9999 -9999 -9999 -9999 -9999 -9999 0.0227318275719881 0.0254213716834784 0.00909137073904276 0.00638923048973083 0.0142047423869371 0.258225351572037 0.275190442800522 0.327307403087616 0.428534537553787 0.424073994159698 0.419325619935989 0.450041443109512 0.441720187664032 0.440632313489914 0.449561774730682 0.341366171836853 0.334243297576904 0.269977271556854 0.266333669424057 0.268104016780853 0.271228432655334 0.241843357682228 0.240572556853294 0.240567475557327 0.23004737496376 0.230005741119385 0.229442492127419 0.228020921349525 0.227193519473076
-9999 -9999 -9999 -9999 -9999 -9999 -9999 -9999 -9999 -9999 -9999 -9999 -9999 -9999 -9999 -9999 -9999 -9999 -9999 -9999 -9999 -9999 -9999 -9999 -9999 -9999 0.0430657230317593 0.0293241310864687 0.00936415139585733 0.00560763385146856 0.0119328889995813 0.23585170507431 0.254924416542053 0.258865565061569 0.416400104761124 0.416888266801834 0.416092425584793 0.446859389543533 0.440735012292862 0.440881133079529 0.446668207645416 0.450726270675659 0.276799738407135 0.267286658287048 0.0335154421627522 0.264919400215149 0.267600148916245 0.267557889223099 0.266228258609772 0.237038597464561 0.22714102268219 0.22723300755024 0.226470902562141 0.223669052124023 0.223132744431496
-9999 -9999 -9999 -9999 -9999 -9999 -9999 -9999 -9999 -9999 -9999 -9999 -9999 -9999 -9999 -9999 -9999 -9999 -9999 -9999 -9999 -9999 -9999 -9999 -9999 0.030102426186204 0.0467877238988876 0.0354865118861198 0.0175388734787703 0.00469560781493783 0.00911731831729412 0.0304325371980667 0.23687145113945 0.243738248944283 0.274104446172714 0.378694802522659 0.380083590745926 0.375376880168915 0.0542009472846985 0.054421454668045 0.0556005761027336 0.381994485855103 0.0548262670636177 0.033651664853096 0.0331198200583458 0.0332630947232246 0.263940215110779 0.263577967882156 0.262840986251831 0.263731598854065 0.254049241542816 0.225880220532417 0.224160000681877 0.221387594938278 0.249273613095284
