meets/meet006/_saidas_enm/CCSM_Maxent_0k_T_subalaris2.asc
NCOLS 154 
NROWS 168 
XLLCORNER -112 
YLLCORNER -55.5 
CELLSIZE 0.5 
NODATA_value -9999 
[rows 96 to 119 of 168, columns 56 to 111 of 154]
-9999 -9999 -9999 -9999 -9999 -9999 -9999 -9999 -9999 -9999 -9999 -9999 -9999 -9999 -9999 -9999 -9999 -9999 -9999 -9999 -9999 -9999 -9999 -9999 -9999 -9999 -9999 -9999 0.00192618009168655 0.00567529397085309 0.0304756183177233 0.138920530676842 0.177813857793808 0.157403990626335 0.0271534491330385 0.0326255448162556 0.0148985683917999 0.0126905208453536 0.0153924478217959 0.0308741293847561 0.0538183227181435 0.291821986436844 0.124058753252029 0.0702106580138206 0.0602497421205044 0.114514112472534 0.104377716779709 0.0971236154437065 0.0946517586708069 0.0999491214752197 0.101369380950928 0.0979766771197319 0.0936126708984375 0.100215047597885 0.116368427872658 0.139913037419319
-9999 -9999 -9999 -9999 -9999 -9999 -9999 -9999 -9999 -9999 -9999 -9999 -9999 -9999 -9999 -9999 -9999 -9999 -9999 -9999 -9999 -9999 -9999 -9999 -9999 -9999 -9999 -9999 0.00166968116536736 0.00686958618462086 0.0268819555640221 0.219320565462112 0.171768128871918 0.149701967835426 0.0263341926038265 0.0322166457772255 0.0149480830878019 0.0116678783670068 0.013961230404675 0.0235046856105328 0.0529702976346016 0.337192744016647 0.0957744270563126 0.0461128950119019 0.0386409685015678 0.0357100106775761 0.1044991761446 0.089812308549881 0.0874753147363663 0.0989945381879807 0.10978676378727 0.102837488055229 0.0975724458694458 0.107903398573399 0.131654322147369 0.162213087081909
-9999 -9999 -9999 -9999 -9999 -9999 -9999 -9999 -9999 -9999 -9999 -9999 -9999 -9999 -9999 -9999 -9999 -9999 -9999 -9999 -9999 -9999 -9999 -9999 -9999 -9999 -9999 -9999 0.00175813201349229 0.01244408916682 0.109889909625053 0.245354577898979 0.168849796056747 0.146262675523758 0.0247575733810663 0.0303913056850433 0.0132992183789611 0.0118915196508169 0.0160309560596943 0.0184789057821035 0.0389776453375816 0.249327123165131 0.133083879947662 0.0628955513238907 0.0400081425905228 0.0439111851155758 0.0867398679256439 0.100605316460133 0.09694454818964 0.102343611419201 0.107824295759201 0.109325841069221 0.112091369926929 0.127822861075401 0.156354129314423 0.193755179643631
-9999 -9999 -9999 -9999 -9999 -9999 -9999 -9999 -9999 -9999 -9999 -9999 -9999 -9999 -9999 -9999 -9999 -9999 -9999 -9999 -9999 -9999 -9999 -9999 -9999 -9999 -9999 -9999 0.00181558611802757 0.0195039808750153 0.201263964176178 0.24097652733326 0.163565874099731 0.140714049339294 0.0239449795335531 0.0134323639795184 0.0131978131830692 0.0142196165397763 0.0192279815673828 0.0188324507325888 0.0274701658636332 0.201683610677719 0.0986848399043083 0.0439522489905357 0.0270721130073071 0.0254400167614222 0.0528229251503944 0.0989681035280228 0.106806598603725 0.109610594809055 0.110618002712727 0.121516235172749 0.131290391087532 0.153130054473877 0.188638105988503 0.230953171849251
-9999 -9999 -9999 -9999 -9999 -9999 -9999 -9999 -9999 -9999 -9999 -9999 -9999 -9999 -9999 -9999 -9999 -9999 -9999 -9999 -9999 -9999 -9999 -9999 -9999 -9999 -9999 -9999 0.00183880631811917 0.0203174818307161 0.198545306921005 0.220646858215332 0.163637176156044 0.0219601131975651 0.0242830906063318 0.0303751863539219 0.014474687166512 0.0169475525617599 0.0229366142302752 0.0485726036131382 0.0345262885093689 0.200506031513214 0.0885852351784706 0.0382050573825836 0.0114905927330256 0.0272034872323275 0.0601777657866478 0.114701822400093 0.113120950758457 0.122821062803268 0.136872574687004 0.142889007925987 0.154526963829994 0.179544985294342 0.217274695634842 0.263956606388092
-9999 -9999 -9999 -9999 -9999 -9999 -9999 -9999 -9999 -9999 -9999 -9999 -9999 -9999 -9999 -9999 -9999 -9999 -9999 -9999 -9999 -9999 -9999 -9999 -9999 -9999 -9999 -9999 0.00162645743694156 0.0188475009053946 0.299805760383606 0.175151348114014 0.094866655766964 0.0136961033567786 0.0258783977478743 0.0319822654128075 0.0176758095622063 0.0204680226743221 0.029451223090291 0.057955339550972 0.0392063334584236 0.217872843146324 0.0907780528068542 0.0179155468940735 0.0119880195707083 0.0273649133741856 0.0733545795083046 0.118373431265354 0.120214991271496 0.138773217797279 0.155929699540138 0.161774203181267 0.170282498002052 0.193909361958504 0.229864209890366 0.288046807050705
-9999 -9999 -9999 -9999 -9999 -9999 -9999 -9999 -9999 -9999 -9999 -9999 -9999 -9999 -9999 -9999 -9999 -9999 -9999 -9999 -9999 -9999 -9999 -9999 -9999 -9999 -9999 0.000835290062241256 0.00131884764414281 0.0135256005451083 0.280445009469986 0.129189759492874 0.0880463421344757 0.103894628584385 0.0287146903574467 0.035048071295023 0.0215804260224104 0.0228292793035507 0.0435140654444695 0.0679862126708031 0.0494452230632305 0.242890849709511 0.112324669957161 0.0226282570511103 0.0132762091234326 0.0157729089260101 0.0718254148960114 0.138690769672394 0.14278307557106 0.156130731105804 0.169393286108971 0.172061890363693 0.170402258634567 0.189139038324356 0.227248385548592 0.26835685968399
-9999 -9999 -9999 -9999 -9999 -9999 -9999 -9999 -9999 -9999 -9999 -9999 -9999 -9999 -9999 -9999 -9999 -9999 -9999 -9999 -9999 -9999 -9999 -9999 -9999 -9999 -9999 0.000859411084093153 0.000995343900285661 0.0102751767262816 0.0883046165108681 0.0966652184724808 0.0809083804488182 0.11420039832592 0.0303948502987623 0.0370895527303219 0.0481522530317307 0.0239857006818056 0.0881139785051346 0.0595885626971722 0.264875650405884 0.235616102814674 0.108974613249302 0.0221375692635775 0.0132991503924131 0.0146359596401453 0.0589021369814873 0.138920724391937 0.168009027838707 0.176706433296204 0.18378147482872 0.184094816446304 0.179954558610916 0.194771721959114 0.12431014329195 0.144978016614914
-9999 -9999 -9999 -9999 -9999 -9999 -9999 -9999 -9999 -9999 -9999 -9999 -9999 -9999 -9999 -9999 -9999 -9999 -9999 -9999 -9999 -9999 -9999 -9999 -9999 -9999 -9999 0.000836245948448777 0.000851146003697067 0.00836931169033051 0.0402097031474113 0.0758857056498528 0.0850441977381706 0.133434846997261 0.0311509426683187 0.0389498323202133 0.051358662545681 0.0204250626266003 0.0398655496537685 0.0391749553382397 0.222097292542458 0.196549221873283 0.076973631978035 0.0173381641507149 0.0130659993737936 0.0151370633393526 0.0267092771828175 0.110793001949787 0.174606159329414 0.197671577334404 0.197892278432846 0.205248594284058 0.203296288847923 0.204208418726921 0.215404078364372 0.118220649659634
-9999 -9999 -9999 -9999 -9999 -9999 -9999 -9999 -9999 -9999 -9999 -9999 -9999 -9999 -9999 -9999 -9999 -9999 -9999 -9999 -9999 -9999 -9999 -9999 -9999 -9999 -9999 0.000965513638220727 0.00112531101331115 0.00867708493024111 0.0203363317996264 0.0227548032999039 0.0885315835475922 0.136127054691315 0.0306605640798807 0.0392795875668526 0.0264216084033251 0.0127363344654441 0.0235123075544834 0.0293724611401558 0.195522248744965 0.16932313144207 0.0626056417822838 0.0163380689918995 0.0151206450536847 0.0181420259177685 0.034842099994421 0.124488510191441 0.191599056124687 0.222834214568138 0.23317676782608 0.235666632652283 0.210128366947174 0.202948048710823 0.216377645730972 0.231136709451675
-9999 -9999 -9999 -9999 -9999 -9999 -9999 -9999 -9999 -9999 -9999 -9999 -9999 -9999 -9999 -9999 -9999 -9999 -9999 -9999 -9999 -9999 -9999 -9999 -9999 -9999 -9999 0.00163037271704525 0.00185067078564316 0.0101775219663978 0.0122471116483212 0.01482860930264 0.0903186574578285 0.141612678766251 0.0296058058738708 0.0386268496513367 0.0229161940515041 0.0144405448809266 0.0248354971408844 0.0325649380683899 0.218211725354195 0.16168013215065 0.0307801626622677 0.0191221125423908 0.0226946584880352 0.0398565083742142 0.054024200886488 0.0907095298171043 0.221874713897705 0.252826750278473 0.261741816997528 0.273735493421555 0.264114946126938 0.245166555047035 0.24928905069828 0.28324356675148
-9999 -9999 -9999 -9999 -9999 -9999 -9999 -9999 -9999 -9999 -9999 -9999 -9999 -9999 -9999 -9999 -9999 -9999 -9999 -9999 -9999 -9999 -9999 -9999 -9999 -9999 -9999 0.00309831881895661 0.00306356255896389 0.0148531561717391 0.00626253336668015 0.00837359298020601 0.0795779973268509 0.0191873162984848 0.0286515224725008 0.0193698275834322 0.0217270608991385 0.0351393036544323 0.031983207911253 0.0368568189442158 0.216286584734917 0.155921652913094 0.0438249409198761 0.0208113137632608 0.0241623297333717 0.0412786491215229 0.0563359558582306 0.0917284563183784 0.244096130132675 0.282408118247986 0.294706165790558 0.311589241027832 0.313693434000015 0.29773810505867 0.306490540504456 0.3381487429142
-9999 -9999 -9999 -9999 -9999 -9999 -9999 -9999 -9999 -9999 -9999 -9999 -9999 -9999 -9999 -9999 -9999 -9999 -9999 -9999 -9999 -9999 -9999 -9999 -9999 -9999 -9999 0.00577091937884688 0.00565470615401864 0.0095908036455512 0.00234206416644156 0.00379639840684831 0.0576236322522163 0.0169306080788374 0.0287248454988003 0.0195651017129421 0.0268647316843271 0.0563828498125076 0.0498696565628052 0.0440488196909428 0.194815382361412 0.137557506561279 0.046290460973978 0.0327173210680485 0.0218569170683622 0.0230086669325829 0.0415166281163692 0.0684660598635674 0.222224310040474 0.321717470884323 0.344949185848236 0.355821847915649 0.358469754457474 0.3444864153862 0.365126460790634 0.465147703886032
-9999 -9999 -9999 -9999 -9999 -9999 -9999 -9999 -9999 -9999 -9999 -9999 -9999 -9999 -9999 -9999 -9999 -9999 -9999 -9999 -9999 -9999 -9999 -9999 -9999 -9999 -9999 0.00932360626757145 0.00824122317135334 0.0065159322693944 0.00176494265906513 0.00326261576265097 0.0465682484209538 0.0158192533999681 0.0318923145532608 0.0218975841999054 0.0684850439429283 0.106633059680462 0.112136773765087 0.0646452382206917 0.209035411477089 0.12720288336277 0.0440901331603527 0.035820946097374 0.0329943411052227 0.0338189341127872 0.0513475090265274 0.0866590514779091 0.267887979745865 0.407485723495483 0.4525406062603 0.460921049118042 0.45957425236702 0.463299751281738 0.491126656532288 0.508151352405548
-9999 -9999 -9999 -9999 -9999 -9999 -9999 -9999 -9999 -9999 -9999 -9999 -9999 -9999 -9999 -9999 -9999 -9999 -9999 -9999 -9999 -9999 -9999 -9999 -9999 -9999 0.0225867703557014 0.0207489356398582 0.0158449541777372 0.0038260156288743 0.00174779165536165 0.00379598326981068 0.035822868347168 0.0148049388080835 0.0381950102746487 0.0490591153502464 0.078048549592495 0.119723841547966 0.139361679553986 0.0998220816254616 0.220542132854462 0.126407086849213 0.0407817848026752 0.0367153063416481 0.0354895293712616 0.0422839187085629 0.0665678083896637 0.111099109053612 0.173769250512123 0.403826802968979 0.465067267417908 0.494354665279388 0.494716614484787 0.509208738803864 0.523936629295349 0.532990217208862
-9999 -9999 -9999 -9999 -9999 -9999 -9999 -9999 -9999 -9999 -9999 -9999 -9999 -9999 -9999 -9999 -9999 -9999 -9999 -9999 -9999 -9999 -9999 -9999 -9999 -9999 0.0218192636966705 0.0175351891666651 0.0130972182378173 0.00152744085062295 0.00219212612137198 0.00567495496943593 0.0378304459154606 0.0153602054342628 0.0467254929244518 0.0628038197755814 0.0901354402303696 0.127438709139824 0.139199450612068 0.519011735916138 0.302857547998428 0.074827253818512 0.0475718192756176 0.0411154180765152 0.0469356253743172 0.0601384788751602 0.0860526561737061 0.124504089355469 0.177654340863228 0.399019926786423 0.466398268938065 0.498909294605255 0.510311901569366 0.520171463489532 0.529916286468506 0.535881996154785
-9999 -9999 -9999 -9999 -9999 -9999 -9999 -9999 -9999 -9999 -9999 -9999 -9999 -9999 -9999 -9999 -9999 -9999 -9999 -9999 -9999 -9999 -9999 -9999 -9999 -9999 0.0204543713480234 0.0140063082799315 0.00738317193463445 0.00158560101408511 0.00266642426140606 0.0093884002417326 0.045803926885128 0.0225554164499044 0.0606149435043335 0.0792112573981285 0.106018796563148 0.133169203996658 0.545455634593964 0.525617659091949 0.349130034446716 0.112901978194714 0.0737350359559059 0.0653437674045563 0.075675442814827 0.081621989607811 0.109939068555832 0.133463844656944 0.166868716478348 0.382365137338638 0.470914751291275 0.504291534423828 0.51504123210907 0.523965775966644 0.533586084842682 0.539388537406921
-9999 -9999 -9999 -9999 -9999 -9999 -9999 -9999 -9999 -9999 -9999 -9999 -9999 -9999 -9999 -9999 -9999 -9999 -9999 -9999 -9999 -9999 -9999 -9999 -9999 -9999 0.017999704927206 0.0101656503975391 0.00277644558809698 0.00210128002800047 0.00519133731722832 0.0180155988782644 0.117326214909554 0.0630131214857101 0.077480785548687 0.0978823974728584 0.123454064130783 0.547794818878174 0.538890957832336 0.514211058616638 0.23828886449337 0.186218440532684 0.134924694895744 0.126416563987732 0.157839953899384 0.185695677995682 0.172026813030243 0.146333277225494 0.156704559922218 0.20325231552124 0.43775874376297 0.499676793813705 0.520361661911011 0.529932856559753 0.538843870162964 0.545743048191071
-9999 -9999 -9999 -9999 -9999 -9999 -9999 -9999 -9999 -9999 -9999 -9999 -9999 -9999 -9999 -9999 -9999 -9999 -9999 -9999 -9999 -9999 -9999 -9999 -9999 0.0283946413546801 0.0156787317246199 0.00749036902561784 0.00154592015314847 0.00308482721447945 0.00899986643344164 0.0595594570040703 0.340770900249481 0.401381582021713 0.0966155454516411 0.1184296682477 0.53909820318222 0.542218387126923 0.510281682014465 0.240841627120972 0.194786012172699 0.181414380669594 0.172461077570915 0.174757748842239 0.182133540511131 0.188265785574913 0.207826301455498 0.161251395940781 0.143714398145676 0.184900745749474 0.245255902409554 0.484990149736404 0.520118534564972 0.53583151102066 0.544430613517761 0.552755892276764
-9999 -9999 -9999 -9999 -9999 -9999 -9999 -9999 -9999 -9999 -9999 -9999 -9999 -9999 -9999 -9999 -9999 -9999 -9999 -9999 -9999 -9999 -9999 -9999 -9999 0.0228301342576742 0.0131591968238354 0.0032391119748354 0.00162308395374566 0.0046007470227778 0.0149066429585218 0.142224937677383 0.400470554828644 0.451341867446899 0.487004041671753 0.525402843952179 0.544501900672913 0.519905805587769 0.2374157756567 0.197692766785622 0.17666931450367 0.170697376132011 0.170955181121826 0.173543199896812 0.179726392030716 0.189062207937241 0.205715715885162 0.181739866733551 0.151578098535538 0.178902372717857 0.245368763804436 0.468908995389938 0.502536416053772 0.529012680053711 0.545974373817444 0.554509162902832
-9999 -9999 -9999 -9999 -9999 -9999 -9999 -9999 -9999 -9999 -9999 -9999 -9999 -9999 -9999 -9999 -9999 -9999 -9999 -9999 -9999 -9999 -9999 -9999 -9999 0.019939361140132 0.0117971180006862 0.00126622768584639 0.0020843599922955 0.00672001112252474 0.0240841843187809 0.253316551446915 0.437497228384018 0.490141183137894 0.513724148273468 0.518593192100525 0.508666634559631 0.241536974906921 0.194847851991653 0.178645178675652 0.167185708880424 0.168572530150414 0.167759090662003 0.170653805136681 0.180329352617264 0.189654812216759 0.205379948019981 0.16424372792244 0.143717184662819 0.175604745745659 0.241595908999443 0.276984542608261 0.478223353624344 0.505766630172729 0.533782839775085 0.549088895320892
-9999 -9999 -9999 -9999 -9999 -9999 -9999 -9999 -9999 -9999 -9999 -9999 -9999 -9999 -9999 -9999 -9999 -9999 -9999 -9999 -9999 -9999 -9999 -9999 -9999 0.0176281090825796 0.0114436699077487 0.00190039456356317 0.00262932293117046 0.00874256808310747 0.125907346606255 0.352355808019638 0.45449024438858 0.501014351844788 0.493108600378036 0.264699012041092 0.230957135558128 0.203368067741394 0.186659127473831 0.183725133538246 0.180674731731415 0.176606446504593 0.16240681707859 0.134437710046768 0.158882975578308 0.181872770190239 0.164536044001579 0.139263108372688 0.139871582388878 0.164602160453796 0.208127051591873 0.24909308552742 0.283898830413818 0.30607408285141 0.50565642118454 0.521087288856506
-9999 -9999 -9999 -9999 -9999 -9999 -9999 -9999 -9999 -9999 -9999 -9999 -9999 -9999 -9999 -9999 -9999 -9999 -9999 -9999 -9999 -9999 -9999 -9999 -9999 0.0163989719003439 0.011287959292531 0.00304046971723437 0.00291653512977064 0.0130831729620695 0.231159746646881 0.384921938180923 0.460466593503952 0.274499267339706 0.235935911536217 0.198820143938065 0.180261045694351 0.162857055664062 0.161517128348351 0.172796681523323 0.182971775531769 0.180736869573593 0.110590815544128 0.0751256793737411 0.0770858526229858 0.0760510936379433 0.0975506156682968 0.110314801335335 0.125672250986099 0.149271264672279 0.176187574863434 0.216023564338684 0.258622258901596 0.276948392391205 0.295455455780029 0.306036233901978
-9999 -9999 -9999 -9999 -9999 -9999 -9999 -9999 -9999 -9999 -9999 -9999 -9999 -9999 -9999 -9999 -9999 -9999 -9999 -9999 -9999 -9999 -9999 -9999 -9999 0.0152883799746633 0.01081339456141 0.00555394636467099 0.00337300542742014 0.0159235056489706 0.213415488600731 0.390272170305252 0.426153004169464 0.239107668399811 0.209333911538124 0.182676956057549 0.158514350652695 0.140962705016136 0.139862760901451 0.155077889561653 0.170809805393219 0.164434522390366 0.0674883276224136 0.0432390570640564 0.0486510284245014 0.0626430362462997 0.0752272978425026 0.0885206088423729 0.106640793383121 0.127342581748962 0.151915282011032 0.185534074902534 0.226672023534775 0.249244943261147 0.266516417264938 0.274400740861893
