meets/meet006/_saidas_enm/CCSM_SVM_0k_T_subalaris2.asc
NCOLS 154 
NROWS 168 
XLLCORNER -112 
YLLCORNER -55.5 
CELLSIZE 0.5 
NODATA_value -9999 
[rows 75 to 99 of 168, columns 55 to 109 of 154]
-9999 -9999 -9999 -9999 -9999 -9999 -9999 -9999 -9999 -9999 -9999 -9999 -0.0159770662325013 0.0811694420957077 0.193586887258786 0.256370039131466 0.381938194532402 0.60505873004446 0.70201582708397 0.522509773020658 0.396295405149212 0.322591796588935 0.270839553390633 0.248168138666086 0.220350087648182 0.214624324935332 0.206587297133853 0.182752138591964 0.155173907527028 0.131824431170719 0.113310757002633 0.0972891807119106 0.0803390245415425 0.0678372333816045 0.0698343423135303 0.0830952281349097 0.0996225371854308 0.12026324760854 0.140093191473704 0.171181272166047 0.207185084734742 0.237672751402226 0.26327659498218 0.277691900621464 0.295252994606058 0.311822649838026 0.322001703414205 0.317269151389716 0.302350451607673 0.279588024295513 0.24230029991627 0.207662042290274 0.183468145525597 0.161015345455737 0.13611994209626
-9999 -9999 -9999 -9999 -9999 -9999 -9999 -9999 -9999 -9999 -9999 -9999 -0.00659143149907782 0.170660039187056 0.271121393151928 0.245406358150396 0.290335706819818 0.480518315388909 0.671817570780828 0.665001073818641 0.560790749525155 0.351672084355646 0.307511266426624 0.274614935286945 0.221676658442468 0.211869784739762 0.186420637433671 0.169821425372121 0.14059647504955 0.111118987577824 0.0895292992947634 0.0706754322341572 0.0496789037438189 0.0401800896536605 0.0425909951342557 0.0564493409892934 0.0828271227797242 0.0922455476462112 0.114178859874546 0.147417053269855 0.185212914049554 0.240687903096159 0.257996446695691 0.286410094017515 0.307435665799571 0.314914029610876 0.337303967998107 0.32669874986659 0.308788243854784 0.291308587860629 0.262673672116471 0.237660328709362 0.210349353314736 0.183309161894508 0.15407282057031
-9999 -9999 -9999 -9999 -9999 -9999 -9999 -9999 -9999 -9999 -9999 -9999 -9999 0.134261069754155 0.267157100113324 0.287509990459851 0.308480134466562 0.335653311619816 0.354335198908998 0.474397981796644 0.606374976227282 0.566906710137129 0.448522491027206 0.320414490469277 0.222524950122274 0.216270319036035 0.209902145360464 0.175413074387941 0.128234544467873 0.0884900874580247 0.0595195471868903 0.0370944057470075 0.0136542291093799 0.00144500327617741 0.00231854352619754 0.0148509946097034 0.035819382493032 0.0463938569467672 0.0644662999511449 0.0951738658206254 0.132006202329837 0.180352360935254 0.211782495882547 0.247873007603542 0.278234905182961 0.292256074920626 0.305836184172282 0.304749464555652 0.298034632285437 0.290003144467612 0.274900624162787 0.255020530420607 0.229380845394073 0.199812676460444 0.173294519639333
-9999 -9999 -9999 -9999 -9999 -9999 -9999 -9999 -9999 -9999 -9999 -9999 -9999 0.0793630282531986 0.218766153546877 0.374856144950062 0.370259175519231 0.183553880886542 0.059917680904539 0.0732020322892044 0.3140407638089 0.645432221994456 0.625955594134295 0.412125960397002 0.248994614640971 0.274928062038677 0.288812106079738 0.189592265387415 0.118611794731351 0.0630614259951899 0.0285818460928471 0.00268033916414639 -0.02024547171647 -0.0384424868299444 -0.0420067173413197 -0.031987141956495 -0.0198229122081429 -0.00730308161141491 0.00168369013565045 0.0263086635532265 0.0590316325017807 0.0902776670907772 0.13502025849232 0.176021504143244 0.219573360402918 0.249396531806199 0.26525190455462 0.289764228319112 0.289054175401927 0.289766109267363 0.285519496720515 0.271824997827211 0.246906471875501 0.215892092767795 0.187163914179315
-9999 -9999 -9999 -9999 -9999 -9999 -9999 -9999 -9999 -9999 -9999 -9999 -9999 -9999 0.101535960856581 0.400238968434494 0.225950249234217 0.0292451272275436 -0.0400592202351836 -0.0594079893779929 -0.0335731887526675 0.137346806053067 0.447480997970091 0.576308993870719 0.44063171886301 0.412487797584643 0.357733518683753 0.238900633465541 0.121574753030688 0.035658713506921 0.00226753034293242 -0.0232929011618331 -0.0482467138372183 -0.0650567308132282 -0.0725907616673264 -0.0699717350112862 -0.0626680548839498 -0.0560998382179099 -0.0482485399427205 -0.0285441069191961 -0.00210640968427511 0.0254756258875735 0.0585339827773064 0.0985758359497738 0.155383206529403 0.21637954032066 0.261857877548752 0.286410955367511 0.293200443234963 0.299523230150143 0.297674290185511 0.286020943173824 0.261933056920057 0.230107704326546 0.201244144192248
-9999 -9999 -9999 -9999 -9999 -9999 -9999 -9999 -9999 -9999 -9999 -9999 -9999 -9999 0.0600837939066499 0.401948417342523 0.100661167183864 -0.0286900614614364 -0.0337293075270304 -0.0243824951310033 -0.0476453059164541 -0.0510739404562689 -0.00326463946216626 0.281786940755873 0.336389349801199 0.367863006835629 0.428205421019272 0.32536132235282 0.174915859239518 0.0496770488370333 -0.014414060609249 -0.0337856578482308 -0.0747754475443908 -0.0877380774734481 -0.0980254321823054 -0.0998796593853905 -0.0972317630167282 -0.0949608676884697 -0.0876630126650823 -0.0708301211857616 -0.0470507542638676 -0.0236503864978244 0.00567116456657363 0.0355422637546675 0.0991467035231606 0.190913670434597 0.280366741993117 0.285859851745594 0.295838824016483 0.306861893548915 0.300936636044225 0.300502733642567 0.26840919005529 0.236679856831426 0.207696116563928
-9999 -9999 -9999 -9999 -9999 -9999 -9999 -9999 -9999 -9999 -9999 -9999 -9999 -9999 -9999 0.366562503586331 0.193638296401403 -0.0271381340581323 -0.0347722142324147 -0.00811207899913824 -0.0052539425057353 -0.016982517987205 -0.0374333879113672 -0.0221158971722829 -0.00967194002972493 -0.00140318756629698 0.0909577185895308 0.216538277438656 0.242665041186933 0.128154185846479 0.0527360133884219 -0.0456915904265468 -0.0812699955840951 -0.105755462285119 -0.127158475730742 -0.125315297319404 -0.127607286747606 -0.129276110889405 -0.125450365811487 -0.107954193343606 -0.0791410734245229 -0.0484062068683297 -0.0214383434945432 0.0108498076091076 0.0721211114418079 0.15636676344109 0.227099143953075 0.259162122379201 0.268853453090273 0.280708067911496 0.282934181979832 0.274731801353229 0.259238676633059 0.233126111512701 0.210569152172357
-9999 -9999 -9999 -9999 -9999 -9999 -9999 -9999 -9999 -9999 -9999 -9999 -9999 -9999 -9999 0.243126851646018 0.202126443972062 0.00954301841793426 -0.0498934693703288 -0.013654068787385 0.0149010385971478 0.0335146610539715 0.0574923662824513 0.0843596467219463 0.0830636747539932 0.0557781675351855 0.0343154320521105 0.00324238235181262 0.0660364153976021 0.133915886237229 0.136536034339372 -0.0264131864022736 -0.0243161600213915 -0.0875901921534418 -0.135785221156982 -0.141428394651988 -0.148724555175818 -0.152679872105668 -0.151382642487484 -0.134392729873325 -0.102169533537113 -0.065701084765702 -0.0359906835370882 -0.00459964035389371 0.0492293173457657 0.119842640587748 0.186823725783777 0.225781091755425 0.235299295733043 0.252093572303091 0.263540274381202 0.253578034544755 0.255750137938012 0.23676903007858 0.222301772306341
-9999 -9999 -9999 -9999 -9999 -9999 -9999 -9999 -9999 -9999 -9999 -9999 -9999 -9999 -9999 -9999 0.157781932555346 0.17660738435531 -0.0135492896074693 -0.0439624779501711 0.0136021358326253 0.06611466853118 0.0851573667997654 0.094839261054659 0.0961038468086472 0.0936132857068793 0.0918104117902823 0.0811490465472 0.069273096504693 0.0381899000875571 0.0164680088647625 0.198652391943043 0.197039537249867 -0.00472735087268183 -0.122752771654601 -0.147000777080411 -0.154585818984706 -0.156366626137629 -0.155926727481641 -0.142438733002284 -0.112194742803727 -0.077215142502148 -0.0526438258306109 -0.0239484253118627 0.0262637129752396 0.0892510393949406 0.152000320912929 0.197518934464441 0.224765112774605 0.252482173790142 0.271593563762359 0.279166055966592 0.275304353541905 0.262594794954915 0.250177293838492
-9999 -9999 -9999 -9999 -9999 -9999 -9999 -9999 -9999 -9999 -9999 -9999 -9999 -9999 -9999 -9999 0.115684927562431 0.223112286278096 0.185027304410457 -0.0440841162929452 -0.0167688120363092 0.0709708548144248 0.0924943948141213 0.103278932713297 0.100038610298837 0.0958288713287078 0.104496328645758 0.0992998993674084 0.103956961201453 0.0936280331103743 0.0230174752678605 0.0741880808627809 0.308272412997431 0.16090818221196 -0.0538389664959282 -0.114631273017028 -0.141176771549046 -0.154574917298192 -0.156881903011143 -0.144315823755057 -0.111083572643329 -0.0713185610012022 -0.0645806261134917 -0.0452687875430539 0.00574379602654201 0.0637059652469487 0.127419140328762 0.183560755572608 0.22536525926652 0.266821143878719 0.294400832215029 0.309595217908813 0.302859745318243 0.288677782176314 0.271532506995773
-9999 -9999 -9999 -9999 -9999 -9999 -9999 -9999 -9999 -9999 -9999 -9999 -9999 -9999 -9999 -9999 0.155108938570419 0.0799895275893543 0.308289822988802 0.183123464787496 -0.0262198925055347 -0.0012447860641791 0.0614970817921211 0.0962097558998479 0.103306409038592 0.0965176286230037 0.0932730796492022 0.0900493529097399 0.0905881478914635 0.082490942533709 0.0458621317039392 -0.0126626729950819 0.173665319002 0.464952655034002 0.223903460281243 0.0254408408544337 -0.0912743479326044 -0.132566757217974 -0.148890198089983 -0.142012498264718 -0.101979387912282 -0.0658509624240979 -0.0738620095232541 -0.054552117946702 -0.00349727338706585 0.049959669656726 0.106708579419319 0.159465221828769 0.217734044342405 0.265047143105582 0.294792959029621 0.321447079219499 0.293646519010521 0.271170467870824 0.250391221939593
-9999 -9999 -9999 -9999 -9999 -9999 -9999 -9999 -9999 -9999 -9999 -9999 -9999 -9999 -9999 -9999 -9999 0.163829358850746 0.0393220659233453 0.29395172818025 0.245604097169039 0.0145506886989951 -0.00770982650009477 0.0400508791178658 0.0748745718968221 0.0836738843913203 0.0903092466263858 0.0898054323363504 0.0875220845884649 0.0749469465315107 0.0544838775364533 0.0201143942632387 0.0222539738638155 0.390825705739841 0.537604661530612 0.338247217871004 0.0719980545339033 -0.0523951714105424 -0.122004768051907 -0.134891386542759 -0.110461091514786 -0.0733896180735869 -0.0768017413517534 -0.0447759521425684 0.000569189625030553 0.040799567223549 0.0798776992135482 0.117988556311092 0.174035618556233 0.215732404554408 0.238250377916193 0.26906248791951 0.219110920659966 0.186721197579154 0.171560222914517
-9999 -9999 -9999 -9999 -9999 -9999 -9999 -9999 -9999 -9999 -9999 -9999 -9999 -9999 -9999 -9999 -9999 -9999 0.160127446433671 0.00498487314984225 0.215240068864204 0.390702408586674 0.125993108852763 -0.0186466961040925 0.00579741011538132 0.0346077836478861 0.0615011240996352 0.0802243306682717 0.0851607102554426 0.0747864109305992 0.0606193551409523 0.0502090082124334 0.0112927700237301 0.0339567796985371 0.239927825555837 0.519787220495703 0.412361833669493 0.164008556005803 0.00599964654948493 -0.079306097456818 -0.0766333509904998 -0.0540795678593392 -0.0349999221407447 -0.0075523735989973 0.0141190544228695 0.0255240404608927 0.0381922507152535 0.0635532447842918 0.0827872013528606 0.105072266301026 0.124186139827222 0.114973776217389 0.0897075726960475 0.0501430231161277 0.0499248121129758
-9999 -9999 -9999 -9999 -9999 -9999 -9999 -9999 -9999 -9999 -9999 -9999 -9999 -9999 -9999 -9999 -9999 -9999 -9999 -9999 -0.00513688152175007 0.0655343254494074 0.151838702287255 0.0474927704696827 -0.0266370774190928 -0.0170320701388602 0.0219600454019098 0.0548650145798765 0.0741804199288595 0.0716333182902013 0.0652683466537055 0.0594687012054699 0.0378477323485137 0.0158185369600357 0.0114734397202139 0.194612142669709 0.539481072975681 0.44669067530176 0.251845183313402 0.081865314942235 0.0400371429953992 0.0519252444202762 0.0250262768394205 0.0200944518773018 0.0204302584884304 0.0109679350592286 0.011285114144218 0.0259070945596497 0.0237344712663844 0.0314090284745825 0.0397886050068019 0.025157297186445 0.00465833072226501 -0.0336810115133773 -0.0276877882024738
-9999 -9999 -9999 -9999 -9999 -9999 -9999 -9999 -9999 -9999 -9999 -9999 -9999 -9999 -9999 -9999 -9999 -9999 -9999 -9999 -9999 -9999 0.00790252292546989 0.0175388204906919 0.0248748308288095 -0.0324885551080343 -0.00982356809255491 0.0212958803460989 0.0497251839160198 0.0635555491166994 0.0635270367814358 0.0602825670372552 0.0500926779798276 0.0502562256194863 0.0281162603981405 -0.0136751859847658 0.0862181418746426 0.367705103782767 0.495873044451082 0.301509537515807 0.199515960849954 0.0787835691693375 0.0355101424748976 0.0255676382808723 0.00377120697046768 0.0059021026598875 0.00642919660782443 0.0170489932220742 0.0219225691915274 0.0139892495195425 0.010472131351884 -0.00590176604201997 -0.0291865612901103 -0.054527870132593 -0.0524244330846643
-9999 -9999 -9999 -9999 -9999 -9999 -9999 -9999 -9999 -9999 -9999 -9999 -9999 -9999 -9999 -9999 -9999 -9999 -9999 -9999 -9999 -9999 -9999 -9999 0.039586401711475 0.0450492159399744 -0.0239195455046015 -0.025859142451039 0.00301822708385352 0.0308633985834537 0.0440511935561194 0.0534953011817261 0.0546913605320014 0.0607645425145477 0.0521366114526553 0.0166088440186278 -0.0202166745293741 0.0397718553051747 0.395414930937048 0.560952114354208 0.450276778234349 0.220167199558748 0.088691252057055 0.0256612716748401 -0.00257612577040001 -0.000459014594716534 0.0153626581970198 0.0301124080952654 0.0334653437214374 0.0236863435495733 0.007904624644062 -0.0157491460049934 -0.0441105016755968 -0.0722678901629995 -0.0784898052032464
-9999 -9999 -9999 -9999 -9999 -9999 -9999 -9999 -9999 -9999 -9999 -9999 -9999 -9999 -9999 -9999 -9999 -9999 -9999 -9999 -9999 -9999 -9999 -9999 -9999 -9999 0.00348168893628592 0.0480574628805565 0.00726949677818489 0.000251637562557194 0.00418292554130945 0.0129296884357211 0.0410690723760323 0.0641587017061244 0.0621507984118807 0.0497846560196206 0.0449159720841936 -0.0283016362072719 -0.00136909377674077 0.298887421385568 0.680068433852931 0.479608671549249 0.196890409232395 0.0439478371557556 -0.0233135443935268 -0.00415951110796287 0.0323484872966025 0.044135552243685 0.0530765882940545 0.0381408832625258 0.00871600013255219 -0.0182224195768562 -0.0589441757461692 -0.0935312720777374 -0.10222801292163
-9999 -9999 -9999 -9999 -9999 -9999 -9999 -9999 -9999 -9999 -9999 -9999 -9999 -9999 -9999 -9999 -9999 -9999 -9999 -9999 -9999 -9999 -9999 -9999 -9999 -9999 0.0158067600233622 0.0111817781761901 0.120941833287953 0.0801707857820027 0.0180662651570698 -0.00778797848606083 0.0108431206055549 0.0395561101390802 0.048273986367855 0.0452938608904051 0.0396427586241561 -0.0131234841730075 -0.0487465738552195 0.0812511733519103 0.645375349914775 0.777202777519563 0.371631732154759 0.0880144580564273 -0.0268676990263079 -0.0177291574130038 0.0333490803161168 0.0473616589927091 0.0525106227903292 0.0350388680501915 0.00067601008336754 -0.0341716228038231 -0.0753135968634949 -0.104506716569141 -0.11119717272623
-9999 -9999 -9999 -9999 -9999 -9999 -9999 -9999 -9999 -9999 -9999 -9999 -9999 -9999 -9999 -9999 -9999 -9999 -9999 -9999 -9999 -9999 -9999 -9999 -9999 -9999 -9999 -9999 0.0305566287725845 0.209390470833323 0.164928393500682 0.0694493027964475 0.0172155831822161 0.00935884533568404 0.0120593886739613 0.0133499506448874 0.00054518759458777 -0.0259377575307694 -0.0499781189322228 -0.00286053541166054 0.520579607801883 0.962990543608939 0.58799311539576 0.153714979893694 -0.0255075712949954 -0.0235027981299216 0.023301246798656 0.0288032189946589 0.0360127428459228 0.0159457368483248 -0.0260153650800772 -0.0588225550188154 -0.0898414525763562 -0.110706370683219 -0.110465208259262
-9999 -9999 -9999 -9999 -9999 -9999 -9999 -9999 -9999 -9999 -9999 -9999 -9999 -9999 -9999 -9999 -9999 -9999 -9999 -9999 -9999 -9999 -9999 -9999 -9999 -9999 -9999 -9999 0.0133495212785427 0.183852184893246 0.296977839608925 0.130400361521411 0.0224225640062184 -0.00627775378519202 -0.0062922705833629 -0.0107092703143955 -0.0221444618081742 -0.0350417966873947 -0.0481710093916539 -0.0199458858151381 0.380413398510431 0.944017094101406 0.761254301531404 0.240076388109849 -0.0255697395480068 -0.0464344394083466 -0.00156509095166379 -0.00213829918647968 -0.00913587885151312 -0.0314761078900033 -0.0657663385829919 -0.0915503020697498 -0.103056342001623 -0.101830289582702 -0.089891430165592
-9999 -9999 -9999 -9999 -9999 -9999 -9999 -9999 -9999 -9999 -9999 -9999 -9999 -9999 -9999 -9999 -9999 -9999 -9999 -9999 -9999 -9999 -9999 -9999 -9999 -9999 -9999 -9999 -9999 0.140128269867538 0.354522643881595 0.212966805875387 0.00169012578825867 -0.0372733761482674 -0.0211184100361704 -0.0279672209520445 -0.045111792853229 -0.0425243193572479 -0.041142126519189 -0.0209057594786928 0.285644768289511 0.881586603496537 0.879131034829498 0.333138647610142 -0.0114455107544589 -0.0661155866257751 -0.0283725102040836 -0.042181108065278 -0.0582058916686294 -0.0766266226747647 -0.10237744350475 -0.126696594112113 -0.113357048469583 -0.082942504967357 -0.054008185813369
-9999 -9999 -9999 -9999 -9999 -9999 -9999 -9999 -9999 -9999 -9999 -9999 -9999 -9999 -9999 -9999 -9999 -9999 -9999 -9999 -9999 -9999 -9999 -9999 -9999 -9999 -9999 -9999 -9999 0.114125056022785 0.347998657762959 0.270777929508211 -0.021506301089841 -0.0615043270465455 -0.0304062821366219 -0.0355786988468377 -0.0496603415565774 -0.0405467613113378 -0.0346642513266 -0.00961123138489983 0.242745129282158 0.819015098461156 0.946769102932751 0.440464061172513 0.042878973809562 -0.0742827496620552 -0.0929107671703762 -0.097903834191516 -0.0844204140656549 -0.0888228581295299 -0.112990720131198 -0.121889414120128 -0.111106295160277 -0.0766839336713028 -0.0358688590485593
-9999 -9999 -9999 -9999 -9999 -9999 -9999 -9999 -9999 -9999 -9999 -9999 -9999 -9999 -9999 -9999 -9999 -9999 -9999 -9999 -9999 -9999 -9999 -9999 -9999 -9999 -9999 -9999 -9999 0.103450225670807 0.340012722261868 0.320738634199786 -0.0366520279119343 -0.0560780318803047 -0.0144154442270648 -0.030138652931839 -0.0503608034651186 -0.0355609768510647 -0.0251478422403711 -0.00874609085713829 0.218255189266607 0.762339331688927 0.957811833709773 0.462676546941352 0.0452422349817846 -0.0733600290824999 -0.11200033015201 -0.140488272172744 -0.107238554729271 -0.0863785122648806 -0.108815707258892 -0.108087753717785 -0.0927668254131501 -0.0621456357330462 -0.0162261343271284
-9999 -9999 -9999 -9999 -9999 -9999 -9999 -9999 -9999 -9999 -9999 -9999 -9999 -9999 -9999 -9999 -9999 -9999 -9999 -9999 -9999 -9999 -9999 -9999 -9999 -9999 -9999 -9999 -9999 0.0931452792579395 0.33642739620524 0.256786369423849 -0.0571180992166859 -0.0492206787724122 -0.00501519239216763 -0.0102855697798347 -0.0290396062902468 -0.0239410635714739 -0.0211315381693237 -0.0118377490293684 0.222997235257396 0.774488512068373 0.920632957756353 0.429755855579189 0.0211748834479076 -0.0945651768952788 -0.119507902456322 -0.148040162067941 -0.14510565113346 -0.126234182079956 -0.0960100029996738 -0.0713555143339908 -0.0542553191304495 -0.0338598521274409 0.0156275146002006
-9999 -9999 -9999 -9999 -9999 -9999 -9999 -9999 -9999 -9999 -9999 -9999 -9999 -9999 -9999 -9999 -9999 -9999 -9999 -9999 -9999 -9999 -9999 -9999 -9999 -9999 -9999 -9999 -9999 0.0842141551367579 0.319590658174351 0.176000599054969 -0.0668235512244644 -0.0342660309648977 0.00862938502352389 0.00416091428810955 -0.00475989122665732 -0.0161314040232733 -0.0253887020177126 -0.0244074025068896 0.233983677516505 0.784122045190328 0.859640503714074 0.324886562087088 -0.0511862348984357 -0.121391505823068 -0.138554506560123 -0.142400760051445 -0.132846963976378 -0.119415434460369 -0.0777079510373505 -0.00669789048161962 -0.0116996417328729 0.00194292478961594 0.0661430844634633
