meets/meet006/_saidas_enm/CCSM_Maha_0k_S_lineola5.asc
NCOLS 154 
NROWS 168 
XLLCORNER -112 
YLLCORNER -55.5 
CELLSIZE 0.5 
NODATA_value -9999 
[rows 100 to 124 of 168, columns 56 to 111 of 154]
-9999 -9999 -9999 -9999 -9999 -9999 -9999 -9999 -9999 -9999 -9999 -9999 -9999 -9999 -9999 -9999 -9999 -9999 -9999 -9999 -9999 -9999 -9999 -9999 -9999 -9999 -9999 -9999 -24.1554950442388 -13.2213919724835 -18.0834200997018 -31.500478075331 -44.7875419533998 -53.3514846636237 -53.4180846678776 -45.439088893259 -36.9926833703516 -26.097381424296 -13.5008914699818 -3.56838074318362 -0.0277962040017756 0.226168483641916 -1.41360235068187 -4.03463025167761 -5.21059942178742 -4.93344821506341 -4.29878748874209 -3.41509589397513 -2.55927534744243 -1.76339922073536 -1.37874486368775 -1.09752404485004 -0.790228209312833 -0.453866842062408 -0.29833842611683 -0.135689292146384
-9999 -9999 -9999 -9999 -9999 -9999 -9999 -9999 -9999 -9999 -9999 -9999 -9999 -9999 -9999 -9999 -9999 -9999 -9999 -9999 -9999 -9999 -9999 -9999 -9999 -9999 -9999 -9999 -25.6573892203968 -13.9628001317861 -21.5884912873132 -32.4472789135007 -41.6358465736548 -48.3167435787565 -49.1090940801047 -43.3420208784385 -33.9670914775101 -23.4128106894382 -11.8590167179704 -2.48062868306639 -0.324618427567537 -0.175714330733314 -2.14432049089866 -4.89726550691809 -5.41574698501275 -5.08224922378933 -4.35433336157002 -3.777554176508 -2.91677301720411 -1.72617946555862 -0.876976732238262 -0.718133509506532 -0.527043629211533 -0.26077560396466 -0.09945542568911 0.00696510482327639
-9999 -9999 -9999 -9999 -9999 -9999 -9999 -9999 -9999 -9999 -9999 -9999 -9999 -9999 -9999 -9999 -9999 -9999 -9999 -9999 -9999 -9999 -9999 -9999 -9999 -9999 -9999 -25.8353940503537 -26.9321614293749 -14.4182829287579 -19.7164387179872 -30.3589887244368 -37.6423021780336 -43.06182311784 -45.1104489953774 -39.0649491344294 -30.7774647030104 -20.0265137472666 -9.70323906057192 -1.57866599107069 -0.316387565469334 -0.672073609741241 -2.63768161105659 -4.99859812371813 -5.40358986279968 -4.69095975338715 -4.03070148502909 -3.3256811370992 -2.56411274449293 -1.7984504853001 -1.16042343582185 -0.715134654665854 -0.509041910274299 -0.238460619339477 0.0166868356214197 0.0064920103509466
-9999 -9999 -9999 -9999 -9999 -9999 -9999 -9999 -9999 -9999 -9999 -9999 -9999 -9999 -9999 -9999 -9999 -9999 -9999 -9999 -9999 -9999 -9999 -9999 -9999 -9999 -9999 -26.7033588465393 -26.6569703977811 -14.2044756043967 -19.2135773860646 -28.9087169472968 -34.6644381593523 -39.5970608393363 -42.5382378583268 -37.0688789300741 -27.467899224107 -16.8859694001464 -6.89818146333041 -1.32262174776649 -0.454592150123945 -1.14056045930774 -2.9420999911657 -4.99196215027257 -5.04784043739521 -4.43326034468894 -3.74778978539447 -3.00757794068789 -2.3758652657453 -1.93019398503901 -1.47348310963021 -1.07267951807692 -0.874628560670048 -0.290599089072611 0.0534479267618084 0.121479180466553
-9999 -9999 -9999 -9999 -9999 -9999 -9999 -9999 -9999 -9999 -9999 -9999 -9999 -9999 -9999 -9999 -9999 -9999 -9999 -9999 -9999 -9999 -9999 -9999 -9999 -9999 -9999 -26.9200988717815 -24.7235458767961 -14.0090394167272 -18.8655143588494 -28.404316477324 -34.3733416386495 -38.5566990349218 -41.4362097160647 -35.7600661292091 -25.2803916985439 -14.079565624844 -4.77083385395186 -1.20808898494557 -0.486023691498558 -1.33735973343756 -2.95118383315708 -4.45518336084852 -4.75556695478933 -4.19997231113707 -3.6066177581431 -3.00563587655627 -2.47232046922669 -2.03219741001495 -1.67067287461906 -1.34066740186049 -1.00311232590667 -0.465403262271665 -0.0109484973438672 0.147255303464392
-9999 -9999 -9999 -9999 -9999 -9999 -9999 -9999 -9999 -9999 -9999 -9999 -9999 -9999 -9999 -9999 -9999 -9999 -9999 -9999 -9999 -9999 -9999 -9999 -9999 -9999 -9999 -25.5240573973286 -22.6141732293922 -14.2349421135892 -19.1233646471173 -29.0064257244116 -35.9611531547776 -39.9412744018866 -42.8687201732895 -37.0296292436567 -24.4100928488152 -13.1160302865865 -4.26952917310729 -1.19643023576159 -0.824249220978964 -1.57628376116687 -2.89781977463483 -4.13074229239161 -4.31769749445764 -3.96695012113325 -3.54677615792674 -3.1043342999701 -2.63234515330277 -2.30727674874813 -1.92763005811594 -1.54316091418498 -1.20821456214574 -0.693837332371596 -0.252622576785604 -0.0305569432136357
-9999 -9999 -9999 -9999 -9999 -9999 -9999 -9999 -9999 -9999 -9999 -9999 -9999 -9999 -9999 -9999 -9999 -9999 -9999 -9999 -9999 -9999 -9999 -9999 -9999 -9999 -9999 -23.3379210719878 -19.5458409108043 -15.046923895671 -21.2521173946107 -30.9602843351425 -38.7825871223874 -42.8179878546274 -45.6929196702526 -40.2621727561293 -24.9116881639028 -11.7810853818035 -4.71735464766621 -1.69888249565287 -1.02296997103875 -1.74264307759111 -2.86272326204754 -3.61664025347237 -3.83818434080437 -3.72579636703051 -3.47697953892691 -3.21743656522547 -2.88772687033785 -2.61396518769133 -2.33104722845947 -1.90212940688916 -1.53053648950891 -1.01745054337658 -0.615478187969774 -0.319921100751402
-9999 -9999 -9999 -9999 -9999 -9999 -9999 -9999 -9999 -9999 -9999 -9999 -9999 -9999 -9999 -9999 -9999 -9999 -9999 -9999 -9999 -9999 -9999 -9999 -9999 -9999 -9999 -19.9502615801103 -17.1346721068505 -15.3180077937591 -23.5749377986044 -33.1771586245285 -40.6981620449662 -45.1113262467521 -48.2013178679036 -43.2164959112734 -26.0926757614956 -9.95911004165163 -5.28427295822263 -1.98257819514536 -1.22307989305829 -2.02592242389005 -2.9195076458157 -3.48767943439258 -3.51943409027035 -3.41889621457182 -3.29726066205805 -3.10559217359984 -2.93443851649398 -2.87066539419067 -2.76170662293409 -2.39729084630564 -1.96378352606213 -1.47712909123597 -1.08104891939143 -0.763678972304447
-9999 -9999 -9999 -9999 -9999 -9999 -9999 -9999 -9999 -9999 -9999 -9999 -9999 -9999 -9999 -9999 -9999 -9999 -9999 -9999 -9999 -9999 -9999 -9999 -9999 -9999 -9999 -16.4957581462237 -14.6515876485689 -15.6825143662639 -25.7822406102214 -33.7195903173482 -41.459600027491 -45.3647482487761 -48.8898562406455 -46.6376556148033 -26.2087824888038 -8.53678295040001 -5.77662248708829 -2.57093543855759 -1.50886505683796 -2.49171440894761 -3.21924047625548 -3.5172594617162 -3.53177964674064 -3.29294597090832 -3.11783652887469 -2.99905603832804 -2.90250178927937 -3.13212487588319 -3.17013045959769 -2.84841674600934 -2.52513844098152 -2.06176344689147 -1.70120568071739 -1.33908445303612
-9999 -9999 -9999 -9999 -9999 -9999 -9999 -9999 -9999 -9999 -9999 -9999 -9999 -9999 -9999 -9999 -9999 -9999 -9999 -9999 -9999 -9999 -9999 -9999 -9999 -9999 -9999 -14.6427404520187 -13.8847624797307 -15.4762847064309 -23.6810761434816 -30.7903287323088 -37.334344196338 -40.5737322836187 -44.2327787219126 -41.2861583609483 -21.5545569896931 -7.69917331421724 -5.75803091882725 -2.54410816496551 -2.03671253906726 -3.10696611588024 -3.53443783576689 -3.72281241067082 -3.70940273220854 -3.51128919377785 -3.40014756369023 -3.34364370588935 -3.30440229876528 -3.50029969884347 -3.57371107034885 -3.42726564660808 -3.17855571554612 -2.76309780541895 -2.42683449144236 -2.05001737449447
-9999 -9999 -9999 -9999 -9999 -9999 -9999 -9999 -9999 -9999 -9999 -9999 -9999 -9999 -9999 -9999 -9999 -9999 -9999 -9999 -9999 -9999 -9999 -9999 -9999 -9999 -13.9831518021294 -13.7075262958847 -13.1783799527523 -14.2459024948713 -20.4557389116438 -25.4259374739026 -31.1178185342857 -32.683425566684 -36.0769202712073 -35.5173168735288 -15.5977017600363 -6.99157842513373 -5.48415419075124 -2.40752493865826 -2.99809906340991 -4.01080132850355 -4.02357109518644 -3.98631172236568 -4.05734917281529 -3.91804101815818 -3.90915527118406 -4.02754310731187 -3.9880505578229 -4.03053243864476 -3.99110843968369 -3.86598797866116 -3.62735223722771 -3.29796811838842 -2.98519318931416 -2.71122885171973
-9999 -9999 -9999 -9999 -9999 -9999 -9999 -9999 -9999 -9999 -9999 -9999 -9999 -9999 -9999 -9999 -9999 -9999 -9999 -9999 -9999 -9999 -9999 -9999 -9999 -9999 -13.0819122350794 -12.5386331608294 -10.9093256979896 -12.1547532648927 -15.6196965756834 -20.0465487725997 -25.3640317634962 -25.175394555967 -25.3125968690641 -21.6020088655415 -10.6188729503895 -5.43466405857038 -3.91301254633201 -2.80818919377082 -3.687488145496 -5.04892937924633 -4.89135554517656 -4.81585686115368 -4.86671597559868 -4.84080628143361 -4.74036293721797 -4.6396141774002 -4.49591327664108 -4.51260963979757 -4.3541290431456 -4.04800837982567 -3.76507400175888 -3.43752379080408 -3.15979528417504 -2.95571260817038
-9999 -9999 -9999 -9999 -9999 -9999 -9999 -9999 -9999 -9999 -9999 -9999 -9999 -9999 -9999 -9999 -9999 -9999 -9999 -9999 -9999 -9999 -9999 -9999 -9999 -9999 -11.6077926791351 -10.0778788258469 -10.0494445362201 -11.0186622065256 -11.9761685374239 -15.0597828395545 -20.700864979654 -18.4921139852769 -15.8183884713759 -12.0647553379815 -5.6548709291474 -4.08410692514767 -3.29223201006125 -3.62339003589779 -4.78523888522538 -5.54606013652744 -5.8550972683143 -5.82691124184717 -5.89309186793019 -6.01889537764481 -5.55793062794373 -5.19097473844414 -4.92176815804125 -4.89520114773125 -4.61911339964132 -4.30101774701694 -3.95220742589664 -3.63544330910976 -3.46087463092162 -3.29044350439398
-9999 -9999 -9999 -9999 -9999 -9999 -9999 -9999 -9999 -9999 -9999 -9999 -9999 -9999 -9999 -9999 -9999 -9999 -9999 -9999 -9999 -9999 -9999 -9999 -9999 -9999 -9.04525008612021 -10.1795450534296 -12.022772059388 -11.7563317641365 -10.3350892846451 -11.0220507247431 -11.7685498522327 -9.08826010949726 -6.58858399632746 -4.84053408898409 -3.67338530013329 -3.79034028085017 -3.84591275898345 -4.87982138518241 -5.51252053547479 -5.95112629826661 -5.98712916106619 -6.06848250331439 -6.27956880992394 -6.34651039006401 -6.1193858888795 -5.81889642417242 -5.48082637742926 -5.22608672315895 -4.96339043463018 -4.65958171970252 -4.33617178880912 -4.03399695962321 -3.84754586973517 -3.70552610535303
-9999 -9999 -9999 -9999 -9999 -9999 -9999 -9999 -9999 -9999 -9999 -9999 -9999 -9999 -9999 -9999 -9999 -9999 -9999 -9999 -9999 -9999 -9999 -9999 -9999 -5.1594854175476 -6.83021805373709 -12.4528819142211 -15.7018770116755 -12.1484307657189 -9.08783618307815 -7.21347415008021 -5.12840285685985 -2.76530475220617 -2.61938086243623 -4.61203565533829 -4.65084531872755 -3.93959501217215 -5.51462854485851 -6.10708626314692 -6.60124850957806 -6.42272985557049 -6.20669617925323 -6.11256213376491 -6.43986679399025 -6.61566507510078 -6.17612510475476 -6.10396156288247 -5.86193731525327 -5.66204997720799 -5.40777834887929 -5.10146589195905 -4.85028447288073 -4.59191746845716 -4.45444155690869 -4.30066541496031
-9999 -9999 -9999 -9999 -9999 -9999 -9999 -9999 -9999 -9999 -9999 -9999 -9999 -9999 -9999 -9999 -9999 -9999 -9999 -9999 -9999 -9999 -9999 -9999 -9999 -5.41436566649748 -6.55455015701178 -10.8832470217067 -13.6102397936731 -11.3682457879825 -7.4654768478542 -4.05099520509452 -1.34110193188769 -0.609994960532992 -2.29768093768741 -4.34234796815956 -5.60034108545193 -5.21902366382431 -6.4923455396371 -6.8569743911228 -6.94782783589568 -6.57325570193002 -6.36747339599501 -6.23909849969962 -6.46315007228589 -6.66671659474948 -6.47236828069876 -6.46770521568886 -6.32686832481167 -6.1221029986687 -5.87648808392396 -5.64711929446523 -5.45115432022614 -5.2418964002792 -5.13652306505629 -5.08534482939146
-9999 -9999 -9999 -9999 -9999 -9999 -9999 -9999 -9999 -9999 -9999 -9999 -9999 -9999 -9999 -9999 -9999 -9999 -9999 -9999 -9999 -9999 -9999 -9999 -9999 -5.05925490978064 -6.30756139806993 -9.92910058699136 -11.9447112369948 -9.78241543657252 -6.22068578071452 -2.27944984350725 -0.623927569704256 -1.50938950769974 -3.61740265748109 -4.98090510596822 -6.18497741777823 -5.78759933129981 -6.37315447195157 -6.25072821953178 -6.74100148608802 -6.35393833799021 -6.25863902428428 -6.241077666429 -6.51419111190194 -6.76633924064746 -6.65186461759213 -6.79422616357269 -6.73328241601145 -6.64271050002117 -6.43061019295747 -6.23185388527019 -6.10158316947898 -5.95877058125671 -5.93117486852011 -5.94876655685211
-9999 -9999 -9999 -9999 -9999 -9999 -9999 -9999 -9999 -9999 -9999 -9999 -9999 -9999 -9999 -9999 -9999 -9999 -9999 -9999 -9999 -9999 -9999 -9999 -9999 -4.19238324612193 -5.81702576338239 -9.29134454926487 -10.8250107189531 -8.8904051151087 -4.84407343044006 -1.65372886602613 -1.80472086551516 -3.26296680308774 -5.33569603613107 -5.75730908304104 -6.4471895998176 -5.57482386790961 -5.27199622648164 -5.39156905798519 -5.62271082512814 -5.78021582467749 -5.97454902197412 -6.21039384980753 -6.6544041766117 -6.91929287940467 -6.98318363710037 -6.9944053683447 -6.87053131168444 -7.08887762791649 -7.05586089472748 -6.91401412337212 -6.81054633547752 -6.72534063794705 -6.76196452282278 -6.85324786310106
-9999 -9999 -9999 -9999 -9999 -9999 -9999 -9999 -9999 -9999 -9999 -9999 -9999 -9999 -9999 -9999 -9999 -9999 -9999 -9999 -9999 -9999 -9999 -9999 -9999 -3.60664471677336 -5.42171840000127 -9.29049948948771 -10.629079685705 -8.31153773450459 -4.64628985335149 -2.11391549382841 -3.13141198584047 -5.07064990840077 -6.24412690514422 -6.2440697197971 -6.63013500832873 -5.44811771181494 -5.471998734462 -5.75279500486581 -5.66630764641263 -5.69586364655451 -6.11304466356287 -6.54949832576341 -7.17617140370385 -7.40928795716491 -7.22332786904596 -7.17783342723973 -7.06907280958495 -7.46464845156663 -7.6484250045544 -7.56862675285124 -7.53736471198591 -7.52450497204165 -7.61782663072984 -7.77491103326946
-9999 -9999 -9999 -9999 -9999 -9999 -9999 -9999 -9999 -9999 -9999 -9999 -9999 -9999 -9999 -9999 -9999 -9999 -9999 -9999 -9999 -9999 -9999 -9999 -9999 -3.8274448866607 -5.5392642530007 -9.56915574221221 -10.6156585211448 -7.99396741051458 -4.01928272178737 -3.07350888183735 -4.28583642486001 -5.98176537267457 -6.84456032352803 -6.30557276804368 -6.48200421551625 -5.5628333765883 -5.38285882578126 -5.75264072897574 -6.22051436380484 -6.16074911003237 -6.84580899500821 -7.42392899731097 -7.56490668821006 -7.44648132445525 -7.4491383068253 -7.44566578347435 -7.32679690930845 -7.62462620032485 -7.92841823861758 -8.2592635591118 -8.26579220060463 -8.29028976293639 -8.42871768520292 -8.61932364866564
-9999 -9999 -9999 -9999 -9999 -9999 -9999 -9999 -9999 -9999 -9999 -9999 -9999 -9999 -9999 -9999 -9999 -9999 -9999 -9999 -9999 -9999 -9999 -9999 -9999 -3.63773900285927 -5.65509783783608 -10.3266158089028 -11.2174846915124 -8.16696975349731 -4.31949953996328 -3.97701401550193 -5.32777177495349 -6.66600918828121 -7.35702235631731 -6.94938669122032 -6.64434476815457 -5.76339332089844 -5.54167518555982 -5.7663236612073 -6.28608195060476 -6.67076809314394 -7.46597192490721 -8.0343654041367 -7.92189391717209 -7.55152713655062 -7.49585888253732 -7.61609424703944 -7.57695015447538 -7.96605409131559 -8.15267955718183 -8.44491401834097 -8.90315296004002 -8.95930284519402 -8.86344038439327 -8.33496233977665
-9999 -9999 -9999 -9999 -9999 -9999 -9999 -9999 -9999 -9999 -9999 -9999 -9999 -9999 -9999 -9999 -9999 -9999 -9999 -9999 -9999 -9999 -9999 -9999 -9999 -3.61878829492197 -6.00751392797902 -11.2496617046243 -12.1214907432285 -9.00901002686341 -5.16059487683532 -4.75934674275871 -6.06262926398051 -7.13672423684167 -7.59196977484986 -7.21131152356457 -6.67391107378431 -6.14633559330829 -5.86219730517436 -5.62589591828727 -5.99390982109612 -7.17791137926764 -7.68543418023839 -8.21372733684325 -8.05832133207679 -7.70437672147498 -7.71259709934598 -7.78580577624264 -7.79246589793598 -8.10021137536999 -8.41737534932628 -8.72912381440136 -9.05072969882008 -8.76555307879787 -8.45336309909563 -8.17834225711445
-9999 -9999 -9999 -9999 -9999 -9999 -9999 -9999 -9999 -9999 -9999 -9999 -9999 -9999 -9999 -9999 -9999 -9999 -9999 -9999 -9999 -9999 -9999 -9999 -9999 -3.61180280281828 -6.12212554043044 -11.9944551917401 -13.1355059354425 -9.79486234767803 -6.13453547153195 -5.63422545850738 -6.71803306888956 -7.77290676295333 -7.8106721865187 -7.20280875310124 -6.64748591551378 -6.24005240124188 -5.92428454535222 -5.55945445936674 -5.75933542382757 -7.32631036876071 -7.86337259025176 -8.30920175757728 -8.26930870127508 -7.96906613259092 -7.90667591640678 -8.03360963129842 -7.96273455103839 -8.28164058791922 -8.49008157968268 -8.69059207114559 -8.76468073667444 -8.41003154421737 -8.22650180600542 -7.99337338132102
-9999 -9999 -9999 -9999 -9999 -9999 -9999 -9999 -9999 -9999 -9999 -9999 -9999 -9999 -9999 -9999 -9999 -9999 -9999 -9999 -9999 -9999 -9999 -9999 -9999 -3.86392855251272 -6.61069496551715 -12.6996741382419 -14.0967990979767 -10.8602636889195 -7.14387866934083 -6.53241447698495 -7.19307653729032 -8.40253888703462 -7.84065958754136 -6.92131546455842 -6.62522201400682 -6.16672674005264 -5.8699267240857 -5.70234468510646 -5.76112100512617 -7.17769373975191 -8.01663492554603 -8.38190211249009 -8.47562554241871 -8.34558433500925 -8.2750836793905 -8.2746169029185 -8.17835901667034 -8.35619755615648 -8.37670818647011 -8.24163739512777 -8.32516307100723 -7.86191712039017 -7.77297011683233 -7.69699545775496
-9999 -9999 -9999 -9999 -9999 -9999 -9999 -9999 -9999 -9999 -9999 -9999 -9999 -9999 -9999 -9999 -9999 -9999 -9999 -9999 -9999 -9999 -9999 -9999 -6.61894006897975 -4.03608709505224 -7.30944126086953 -14.0476087447128 -15.680346744665 -12.4175947147018 -8.38407131003046 -7.22402280762811 -7.59751579587579 -8.89875975704868 -8.48283302472948 -7.48072514231307 -7.18243429158127 -6.7551817980055 -6.44877302986754 -6.29727860591113 -6.40667689796567 -7.54949640490696 -8.17900982186317 -8.44038377951187 -8.59601118143341 -8.63151661316913 -8.64404467337674 -8.61522774507517 -8.42239356656149 -8.39767121608795 -8.04940606846051 -8.02310948518201 -8.00954597314798 -7.2710583763291 -6.68901429198729 -6.47913644853306
