meets/meet006/_saidas_enm/CCSM_Maha_0k_T_subalaris5.asc
NCOLS 154 
NROWS 168 
XLLCORNER -112 
YLLCORNER -55.5 
CELLSIZE 0.5 
NODATA_value -9999 
[rows 100 to 124 of 168, columns 56 to 111 of 154]
-9999 -9999 -9999 -9999 -9999 -9999 -9999 -9999 -9999 -9999 -9999 -9999 -9999 -9999 -9999 -9999 -9999 -9999 -9999 -9999 -9999 -9999 -9999 -9999 -9999 -9999 -9999 -9999 -207.375974632053 -51.8614891694178 -49.8206661297073 -107.303206768625 -148.618941395947 -163.171925683335 -129.804998325039 -106.087957356648 -97.6536561713631 -100.954376431781 -69.4055544216531 -36.5725880292817 -13.6554819269462 -3.59882647229268 -2.11090363424305 -8.98483145190581 -10.9575740246177 -10.8276224311848 -11.6562150072587 -11.2883738331954 -10.6580520014514 -9.47554983502169 -7.17280176496857 -6.29878302960964 -5.04104751874186 -2.85300180056448 -0.867824973972261 -0.244745513642905
-9999 -9999 -9999 -9999 -9999 -9999 -9999 -9999 -9999 -9999 -9999 -9999 -9999 -9999 -9999 -9999 -9999 -9999 -9999 -9999 -9999 -9999 -9999 -9999 -9999 -9999 -9999 -9999 -223.770318293299 -52.787676512737 -62.5579941327894 -111.325277193211 -142.037946282255 -152.740587531673 -120.259332921192 -104.55699764501 -97.2100265275062 -100.344963772124 -68.4209135498561 -37.63717058001 -15.9704181504273 -4.89618606543765 -2.73963190250984 -8.34987069297027 -9.4433635327942 -8.94155950605531 -9.99484705453353 -10.852651254321 -9.74866408442399 -7.58229640711559 -6.90244563361611 -6.21114175527154 -4.82135477258587 -2.69564463384258 -0.783900226966043 0.212281281780688
-9999 -9999 -9999 -9999 -9999 -9999 -9999 -9999 -9999 -9999 -9999 -9999 -9999 -9999 -9999 -9999 -9999 -9999 -9999 -9999 -9999 -9999 -9999 -9999 -9999 -9999 -9999 -330.523505822418 -231.781100234354 -56.4684998955459 -67.2684638614444 -107.880910471221 -132.540183540151 -140.884749259115 -111.574067692919 -99.5948026940566 -95.2090540958265 -88.7427634038357 -61.6420242587256 -35.6038495517522 -15.0868154153626 -5.14616120875486 -4.05880131908771 -7.830557045819 -8.72799871019905 -7.77666020288017 -7.73939884936963 -8.98835610389019 -9.02249579929892 -6.72323438931274 -5.19446618514322 -5.36690712000853 -5.86357253294321 -3.94344417660211 -1.53226117995004 0.0665902418643488
-9999 -9999 -9999 -9999 -9999 -9999 -9999 -9999 -9999 -9999 -9999 -9999 -9999 -9999 -9999 -9999 -9999 -9999 -9999 -9999 -9999 -9999 -9999 -9999 -9999 -9999 -9999 -330.546938371202 -226.685182061258 -58.7358408072208 -73.2666877279621 -108.042555065745 -127.264489421392 -137.654931217701 -107.590076323502 -102.154465950174 -95.2798449957691 -81.6719750935157 -58.383852440077 -33.4654989765236 -12.5577487559566 -5.76140300531105 -6.23529395917675 -8.56535541479892 -8.75860995173828 -7.50115925634308 -6.53962745241459 -6.93720446239087 -6.98280262624061 -5.8076661004798 -4.9862272503979 -3.9887057712809 -4.2059031010581 -3.9573639566584 -2.1726921212707 -0.53010733398012
-9999 -9999 -9999 -9999 -9999 -9999 -9999 -9999 -9999 -9999 -9999 -9999 -9999 -9999 -9999 -9999 -9999 -9999 -9999 -9999 -9999 -9999 -9999 -9999 -9999 -9999 -9999 -317.342064559176 -200.688333175701 -62.387503155834 -79.8093123725723 -115.205882204068 -131.370051245155 -139.504195907158 -111.851065660055 -107.729267853111 -102.252223392959 -80.810910820832 -58.3129927692787 -31.9150743633041 -10.8491720200842 -6.23504642839229 -8.00208296733645 -9.34867437379894 -9.28865638812789 -7.97360716059122 -6.13506775669498 -5.26193634676375 -4.83358800205963 -4.12226106234405 -3.16575744611691 -3.28331452272615 -2.81077343292862 -1.85206043706489 -1.12374451905086 -0.532925514306078
-9999 -9999 -9999 -9999 -9999 -9999 -9999 -9999 -9999 -9999 -9999 -9999 -9999 -9999 -9999 -9999 -9999 -9999 -9999 -9999 -9999 -9999 -9999 -9999 -9999 -9999 -9999 -280.059168792397 -174.124562613047 -71.1118919843644 -94.531652389833 -134.66404721977 -142.432157832605 -149.006446147476 -122.520152229166 -123.731378182689 -117.270229477235 -90.5378863419637 -64.1310798569635 -31.6659869934673 -10.4500089513557 -7.04271935916247 -10.1101023522716 -10.2593333074766 -9.91667658734528 -8.47142425847296 -6.32547070428576 -4.76544221554311 -3.58377390885683 -2.41647537460776 -1.76624754337675 -1.83308387273518 -1.63711193235536 -1.67783877198691 -0.466021200238116 0.261910206221756
-9999 -9999 -9999 -9999 -9999 -9999 -9999 -9999 -9999 -9999 -9999 -9999 -9999 -9999 -9999 -9999 -9999 -9999 -9999 -9999 -9999 -9999 -9999 -9999 -9999 -9999 -9999 -228.238818085776 -135.682152395346 -88.50958154444 -118.186000397822 -158.402156926931 -165.703615506265 -162.988216886436 -138.13765856631 -148.800340156156 -135.425075780111 -108.381215912593 -74.1291431200584 -33.9112929473273 -11.7903275436821 -8.218229817485 -10.6514580338774 -11.0900530467764 -10.2989721719271 -8.66040772968902 -6.69818754130771 -4.83534456513906 -3.34393808271033 -1.90662772839642 -1.00002161884228 -0.583026121680377 -0.812593008148625 -0.330627146736483 -0.401100692630867 -0.019725017444675
-9999 -9999 -9999 -9999 -9999 -9999 -9999 -9999 -9999 -9999 -9999 -9999 -9999 -9999 -9999 -9999 -9999 -9999 -9999 -9999 -9999 -9999 -9999 -9999 -9999 -9999 -9999 -174.893577989876 -109.556327476346 -96.2036097442503 -141.646761299894 -178.703946963443 -180.618511440838 -172.710499275599 -156.582207118199 -178.94759366181 -157.676946607065 -128.611436639956 -84.2489740682287 -35.9129064260804 -13.0105764424321 -9.60131590501441 -11.0027974047431 -12.899940982244 -11.010302561965 -9.19230648428511 -7.08353761484486 -5.23539863497209 -3.54870033904697 -2.12387624977886 -1.01630401443471 -0.0570731089177265 0.390546231207117 0.172516250125764 0.507160615959203 0.417581380707533
-9999 -9999 -9999 -9999 -9999 -9999 -9999 -9999 -9999 -9999 -9999 -9999 -9999 -9999 -9999 -9999 -9999 -9999 -9999 -9999 -9999 -9999 -9999 -9999 -9999 -9999 -9999 -131.31136733071 -92.2044353251838 -104.366004881487 -164.055184057197 -187.35576278798 -185.149627697776 -173.267649882785 -167.193338465004 -217.172419740997 -176.279374435766 -145.850172399906 -93.0487367331483 -37.2549373209687 -13.8256119844708 -11.3959351402767 -11.9545597073349 -12.7941868516617 -12.4540204334383 -10.9832630352131 -8.48085396339005 -6.14089478447653 -4.43464659501556 -3.29267039207911 -2.16120531512005 -0.755569787198151 0.38871577756035 0.880122704302164 0.649508259995732 0.897757357906739
-9999 -9999 -9999 -9999 -9999 -9999 -9999 -9999 -9999 -9999 -9999 -9999 -9999 -9999 -9999 -9999 -9999 -9999 -9999 -9999 -9999 -9999 -9999 -9999 -9999 -9999 -9999 -105.226924005674 -90.2365519556943 -109.011419315396 -156.159130103622 -172.259733524406 -160.392477325864 -152.258697286321 -156.785195989523 -201.875015079825 -177.61446350267 -143.102640211606 -83.3332893680138 -35.5517510958737 -14.9502656234233 -13.4312184983617 -13.345949614384 -13.3302515272632 -12.502152931808 -11.2342321176249 -9.82466322323345 -8.40125546410785 -6.71772502448202 -5.24556918722954 -3.80900763686493 -1.98487959002226 -0.491380886661481 0.586222265491461 1 0.750530904452734
-9999 -9999 -9999 -9999 -9999 -9999 -9999 -9999 -9999 -9999 -9999 -9999 -9999 -9999 -9999 -9999 -9999 -9999 -9999 -9999 -9999 -9999 -9999 -9999 -9999 -9999 -99.571405025241 -92.1159675056223 -94.88043677591 -110.465083336033 -145.781643691233 -144.713059291071 -126.809380802689 -113.588792190469 -131.476639335293 -186.732626866534 -163.765653454176 -123.509475077495 -70.3956446734042 -31.5243024635487 -17.1066549617655 -16.5324178499557 -15.1534577847946 -14.5769216440159 -13.4744971100869 -11.8925412671989 -10.3041001200253 -8.58899412607651 -7.09755735884351 -5.671412023616 -4.61400692990947 -3.66057185045675 -1.69659771817047 -0.195801543034332 0.692641392508466 0.898418978570281
-9999 -9999 -9999 -9999 -9999 -9999 -9999 -9999 -9999 -9999 -9999 -9999 -9999 -9999 -9999 -9999 -9999 -9999 -9999 -9999 -9999 -9999 -9999 -9999 -9999 -9999 -90.6244392528024 -87.7318870151015 -96.737235865474 -110.981303308454 -123.286503102661 -116.470329681268 -97.0011550277593 -81.6463940342766 -98.9178611183174 -135.053134997644 -130.857091130001 -92.4185600899001 -56.4415235819805 -30.2735276409026 -22.1683765685746 -19.3675837549817 -17.527217278847 -16.5207624114526 -15.5577871083962 -14.3445299838789 -11.9369305280253 -9.48515756305486 -7.39644597229794 -5.60325611471822 -4.21891548941472 -3.30292787799112 -2.48199080566407 -0.73138099315238 0.318448282592312 0.723187796900403
-9999 -9999 -9999 -9999 -9999 -9999 -9999 -9999 -9999 -9999 -9999 -9999 -9999 -9999 -9999 -9999 -9999 -9999 -9999 -9999 -9999 -9999 -9999 -9999 -9999 -9999 -84.0546431692032 -94.4304127339986 -105.026278771025 -114.579255436677 -113.397548962307 -91.6002168232935 -76.4044725234759 -60.6805677614607 -71.5800120413453 -111.328668736362 -98.308995076838 -67.5349493161373 -43.2041763791694 -33.0425417940467 -26.6142678086964 -23.8070772490375 -21.5444013074197 -19.7549935765424 -18.0513933317186 -17.0210484114335 -13.9401039157771 -10.6217566391355 -7.88153276631007 -5.8861327434461 -4.22816878072891 -2.90444189237705 -2.22970046413198 -1.39802577050432 -0.404538698228421 0.252528247517433
-9999 -9999 -9999 -9999 -9999 -9999 -9999 -9999 -9999 -9999 -9999 -9999 -9999 -9999 -9999 -9999 -9999 -9999 -9999 -9999 -9999 -9999 -9999 -9999 -9999 -9999 -90.6552128350468 -106.666932800668 -129.211308373766 -115.582263797405 -88.2791218028334 -65.9249105260513 -54.173089073127 -43.0734331675008 -52.2055632622209 -82.9353982878341 -73.9652971906449 -49.0108341105278 -39.4086877659501 -33.7605269512551 -30.6958174023176 -27.9683557452061 -25.1519502764661 -22.5729564584789 -20.1600696697073 -17.7489030309869 -14.654920204418 -12.1312733805046 -8.84180952221924 -6.46251660016926 -4.51801921564758 -2.81986954160901 -1.77256230014003 -1.42212857202937 -1.42237144930529 -0.509709116355895
-9999 -9999 -9999 -9999 -9999 -9999 -9999 -9999 -9999 -9999 -9999 -9999 -9999 -9999 -9999 -9999 -9999 -9999 -9999 -9999 -9999 -9999 -9999 -9999 -9999 -68.9437855979178 -88.6992662561895 -140.020740856121 -163.374538694693 -110.266158484143 -74.1601660133815 -49.6660774262499 -38.9005418152233 -34.7217262700385 -55.066649577984 -78.2312387931999 -60.8081299195737 -42.1487053500158 -37.9718824965972 -36.3274054901481 -35.5439370854444 -32.0321936144654 -28.5013782336028 -25.1899480492904 -22.0053843321905 -19.1756713723446 -15.7666828279969 -12.9884557913639 -10.1748438778623 -7.43637611921704 -5.29435133149917 -3.21221540222287 -1.736942552296 -0.941735034927075 -0.716303244057022 -0.963077155323469
-9999 -9999 -9999 -9999 -9999 -9999 -9999 -9999 -9999 -9999 -9999 -9999 -9999 -9999 -9999 -9999 -9999 -9999 -9999 -9999 -9999 -9999 -9999 -9999 -9999 -75.0177313206271 -91.8007622936979 -136.794918548506 -148.789422406286 -100.685651833579 -61.9601675992491 -41.3427065601974 -31.202048861832 -30.8327475175054 -47.7358966707802 -60.33784559995 -54.3305803868429 -43.6304749315581 -41.2357148443799 -39.8464104861364 -38.2909671595799 -35.2235624561465 -31.6022724696432 -28.0513665910296 -24.518372887657 -21.1579692177623 -17.4456509992305 -14.6075690535943 -12.3582814640765 -9.10247302967411 -6.212891458056 -3.74934223865754 -1.99868452016253 -0.817068410609688 -0.159033552738792 0.0232934979271243
-9999 -9999 -9999 -9999 -9999 -9999 -9999 -9999 -9999 -9999 -9999 -9999 -9999 -9999 -9999 -9999 -9999 -9999 -9999 -9999 -9999 -9999 -9999 -9999 -9999 -77.1373918078606 -94.1830144796733 -135.741008195047 -139.459628405761 -88.3029119708946 -54.704841202814 -38.0156638737971 -28.9520823624447 -33.0351981846147 -48.6546169942645 -61.5781985803765 -55.7299354882073 -47.3437573868251 -45.0377314274436 -43.2960274537882 -41.3076902780217 -37.9429053082606 -34.484568746358 -31.0400257245935 -27.3749342779513 -23.8872522730367 -19.9916300267175 -16.794634532764 -13.8733643176042 -10.8318479366715 -7.55675835808409 -4.65960718056996 -2.53823816176471 -0.993813982960123 0.0120301092194741 0.491286629990913
-9999 -9999 -9999 -9999 -9999 -9999 -9999 -9999 -9999 -9999 -9999 -9999 -9999 -9999 -9999 -9999 -9999 -9999 -9999 -9999 -9999 -9999 -9999 -9999 -9999 -68.0431207393532 -94.4651488469868 -133.147231497708 -132.993940725807 -88.6770801297854 -57.1968467671411 -40.5357648842203 -34.2841444143509 -39.0042600954023 -52.2648001882565 -62.1563031236592 -60.4003429185204 -54.1530391278674 -50.8093022054747 -48.1051894391795 -45.2699131430885 -41.2585886016104 -37.4109494688027 -34.2633418498874 -31.6637548620129 -28.3656222290274 -23.3715782524131 -18.5149832634187 -14.904256669364 -12.2399731854632 -9.28573563181819 -5.92595944339896 -3.33323461331932 -1.50467530479651 -0.214267829975826 0.52478692110794
-9999 -9999 -9999 -9999 -9999 -9999 -9999 -9999 -9999 -9999 -9999 -9999 -9999 -9999 -9999 -9999 -9999 -9999 -9999 -9999 -9999 -9999 -9999 -9999 -9999 -61.9300381074274 -93.8675958584471 -137.889571164088 -136.294871577998 -89.0821768777177 -61.8722823689038 -44.4405018429869 -41.525199139722 -46.199736563196 -57.0605642041288 -66.9016789691395 -65.9151758499249 -62.1438890646558 -58.7411684999955 -54.1527987648504 -50.92744910289 -45.8995712754918 -41.9219364586526 -38.9022337169944 -36.4444611106696 -33.975349605504 -26.7886015641916 -20.5680224663063 -16.2620766496438 -13.2718570428176 -11.1006711566152 -7.532344576237 -4.50940082284939 -2.30782350655855 -0.666177693621368 0.22927510213493
-9999 -9999 -9999 -9999 -9999 -9999 -9999 -9999 -9999 -9999 -9999 -9999 -9999 -9999 -9999 -9999 -9999 -9999 -9999 -9999 -9999 -9999 -9999 -9999 -9999 -61.4507333792439 -95.7081982269388 -140.568808970186 -138.927622502279 -92.3683349226613 -61.4221230044255 -49.6987964528823 -49.8916546590341 -53.8291824604146 -62.522206154642 -70.0981816219926 -69.9652104740081 -66.8182519953932 -63.8817148413804 -59.9488441795659 -56.0178616080423 -51.6168551949813 -49.2336438515977 -45.9580775768426 -41.163964023665 -35.7724165006891 -29.4306106658943 -23.474786744209 -18.7141272914269 -14.9943611105095 -12.0545976071219 -9.44299400156721 -6.13024102569402 -3.61102929302456 -1.58711069298308 -0.268913905880628
-9999 -9999 -9999 -9999 -9999 -9999 -9999 -9999 -9999 -9999 -9999 -9999 -9999 -9999 -9999 -9999 -9999 -9999 -9999 -9999 -9999 -9999 -9999 -9999 -9999 -58.0202806999554 -94.5808974544123 -146.353814013966 -144.888400979069 -93.6588691271736 -63.9251147265877 -54.7235676716782 -56.6977132823238 -60.0214721342938 -66.6186476824193 -72.5810445922212 -72.1737199427284 -70.0443831431155 -67.5587291928263 -63.5046889849931 -60.3554570925161 -56.4083897519498 -55.1180118309365 -51.3349824613568 -44.4398716340319 -38.1455584945618 -31.7805970062529 -26.0387578169189 -21.2249362492421 -16.9492857241926 -13.559947152368 -10.4700074473024 -8.02499161623009 -5.06691074327167 -2.61334119815535 -1.14504607639871
-9999 -9999 -9999 -9999 -9999 -9999 -9999 -9999 -9999 -9999 -9999 -9999 -9999 -9999 -9999 -9999 -9999 -9999 -9999 -9999 -9999 -9999 -9999 -9999 -9999 -55.9147903305027 -94.4659926316894 -150.271732021856 -150.77317088246 -102.67609737139 -71.6211515003742 -62.6801188745176 -63.0721078229872 -64.6087279567253 -70.1436731038291 -74.7460469340709 -74.682840757478 -72.420146539162 -70.0623612538659 -66.7248527312361 -63.1858793607913 -59.979692155551 -58.1768292087961 -54.2537274720323 -47.7057251351271 -40.542154134402 -34.1642675205924 -28.5555678061476 -23.3804390978018 -19.2404683148195 -15.5227563772402 -11.6828920673586 -8.72238233118768 -6.51431950241618 -4.13133422102777 -2.35628866925678
-9999 -9999 -9999 -9999 -9999 -9999 -9999 -9999 -9999 -9999 -9999 -9999 -9999 -9999 -9999 -9999 -9999 -9999 -9999 -9999 -9999 -9999 -9999 -9999 -9999 -52.2241099266015 -91.8636886543547 -152.873341907147 -161.09300510141 -111.568208932636 -78.6584593506174 -68.7412330936591 -68.9491416944861 -69.5813414698353 -73.5466892829686 -77.5108839822169 -77.0663433670547 -74.9965167451333 -72.5140156098689 -68.6209578079079 -64.9048559150337 -61.7254421954959 -60.4966579010353 -57.0910609060036 -50.8335137466668 -44.0498749315202 -37.5715974039947 -31.3419755856345 -25.6910542952728 -20.7778141090792 -16.8392561003046 -12.8348073257343 -9.6367641547854 -7.3265588210882 -5.5159657937866 -3.95066986681501
-9999 -9999 -9999 -9999 -9999 -9999 -9999 -9999 -9999 -9999 -9999 -9999 -9999 -9999 -9999 -9999 -9999 -9999 -9999 -9999 -9999 -9999 -9999 -9999 -9999 -49.8853433292412 -93.9009960041138 -158.060359754369 -172.674201563738 -125.159330133494 -88.0295410462375 -76.0168492198365 -74.8341120416344 -73.1917155189111 -76.433773924265 -79.0679494369966 -78.8930038741548 -76.8722971395637 -73.788422507229 -69.3581599205483 -65.3234874268636 -62.6660381383011 -62.0091486966776 -59.4406578921982 -54.885690312581 -49.6368021912555 -42.1762771279027 -34.5754250645411 -28.0085031837227 -22.1938655005532 -17.2701074504889 -13.8327543491306 -11.2669859419081 -8.28918092300773 -5.94546326739955 -4.64982002176439
-9999 -9999 -9999 -9999 -9999 -9999 -9999 -9999 -9999 -9999 -9999 -9999 -9999 -9999 -9999 -9999 -9999 -9999 -9999 -9999 -9999 -9999 -9999 -9999 -47.1000990085422 -53.9948532168966 -97.11264492115 -164.246344561115 -186.55640551755 -142.0719608982 -99.0382633092823 -84.1593154053061 -78.8618108345812 -75.2483216667536 -77.0500079769341 -80.1333696827748 -79.1195257553096 -76.8269185561003 -73.5393224751958 -68.8725466653251 -65.3216224014474 -63.1963733272744 -63.2242109934474 -61.3562360742527 -57.8229234211588 -53.0559578789566 -46.0596574438604 -38.5694771578837 -31.5801765149764 -24.8068586430877 -19.1501220922245 -15.6141265744362 -12.8494881782002 -9.03280403133521 -5.24164885403119 -2.85833909108841
