meets/meet006/_saidas_enm/CCSM_Gower_0k_S_lineola5.asc
NCOLS 154 
NROWS 168 
XLLCORNER -112 
YLLCORNER -55.5 
CELLSIZE 0.5 
NODATA_value -9999 
[rows 78 to 103 of 168, columns 59 to 117 of 154]
-9999 -9999 -9999 -9999 -9999 -9999 -9999 -9999 -9999 0.555845752165651 0.377393038356981 0.250145991236149 0.159430534409918 0.119736729219266 0.185875903590023 0.308095221541571 0.487181317024862 0.712957445013468 0.694594365084676 0.665019261504614 0.639433553437145 0.628208978854805 0.618385550742438 0.621614354662097 0.625351294582002 0.626326265850569 0.625718911389546 0.622279715497444 0.624749364890441 0.618197957937491 0.617860747314478 0.624035459114431 0.62830567494893 0.626017868248599 0.6232968363455 0.626992744156126 0.635289631403939 0.647487180045467 0.659709097289143 0.658215614135136 0.668874709891811 0.678489753771762 0.667001743646053 0.66106582113328 0.654358683001898 0.651125158039223 0.653715713207265 0.656724261330894 0.65225731250638 0.647698663968969 0.646760331486296 0.648099389860829 0.649796954705843 0.654246398735587 0.657876726356366 0.654796296155599 0.641620308327135 0.636794714691477 0.655142013501872
-9999 -9999 -9999 -9999 -9999 -9999 -9999 -9999 -9999 -9999 0.539743754080716 0.303721350212935 0.0785195712115264 0 0 0 0.0946651660713246 0.344713146078299 0.643526950232025 0.679277885901546 0.644329193114151 0.62877170434931 0.621105576653725 0.625606766807011 0.62734920372204 0.627221038484857 0.627452861172052 0.62061208668005 0.610802569156122 0.604679601195866 0.603555884209452 0.608316317461614 0.614758425103607 0.614352463756364 0.611245363356122 0.613743627841444 0.619212328269286 0.629258617817355 0.641024007468805 0.639378424688385 0.65318554586077 0.674499599400193 0.665996430106431 0.653931256018958 0.639041706866871 0.631663623235318 0.634717369805477 0.638368267205426 0.636338030672974 0.631750878586525 0.630320462992971 0.630865737417234 0.632609032581618 0.637519172509092 0.640839523026738 0.638729590184358 0.627975821113056 0.627488621561891 0.646283982946944
-9999 -9999 -9999 -9999 -9999 -9999 -9999 -9999 -9999 -9999 0.565292048910383 0.369481844735474 0 0 0 0 0 0 0.311784968427436 0.703510234124773 0.667871060255228 0.660703335018288 0.63418630417611 0.641477681789769 0.637509922488254 0.614076760120359 0.607310098794268 0.605629299669081 0.5813455242125 0.587213587514864 0.585861719998339 0.589942000379155 0.599419083634505 0.599776673369768 0.606107253536071 0.610411795048766 0.609479123788371 0.607679673059699 0.63053369027745 0.625141025953997 0.643080044849837 0.666854075061608 0.669028326910509 0.646975059028257 0.621426653244618 0.609626398840638 0.612459427583816 0.617893006943718 0.616531667663756 0.615164492556796 0.615355589364529 0.616817835398601 0.615610561951415 0.620936974306425 0.622000021568384 0.620909811184393 0.611410570313168 0.610331260636179 0.635042074145214
-9999 -9999 -9999 -9999 -9999 -9999 -9999 -9999 -9999 -9999 -9999 0.530491035167672 0.210201419804288 0 0 0 0 0 0.020545829920121 0.375793374008637 0.490437802860025 0.577380787142598 0.676680588767357 0.683665317050191 0.652675402166121 0.615265594738884 0.597365410439868 0.556828270082482 0.56077233712259 0.554738298775133 0.553013770925566 0.566273508793957 0.570663829102108 0.570480135744953 0.572663518586726 0.583660911096326 0.601907882718043 0.615019021305601 0.62324133622047 0.630248540961668 0.641667757831444 0.652545917991743 0.651153210302216 0.635104535626133 0.609088123379435 0.596180229011034 0.596670862902736 0.597533822556979 0.599828151415171 0.598808367173572 0.602195693375714 0.611088644874711 0.612669305143891 0.610305158573601 0.60094162720659 0.600314541069055 0.603112448744293 0.611974947836949 0.637979480247098
-9999 -9999 -9999 -9999 -9999 -9999 -9999 -9999 -9999 -9999 -9999 0.560723827333401 0.496651488742677 0.0866962178188785 0 0 0 0 0 0 0.170917057237784 0.321566412446986 0.39166134741827 0.515356398534255 0.676887447681144 0.678223078639273 0.689742733855874 0.561387612270038 0.568441842847789 0.546895858485665 0.527140603554148 0.541911970361425 0.541137197690651 0.535049801575515 0.530999261089245 0.544611365236794 0.571300131113983 0.604652535187409 0.613832051561544 0.621569896270959 0.620520508470583 0.633169564772212 0.635781312923963 0.624670226037392 0.601530090779986 0.591703831384923 0.593924416611036 0.586408508071926 0.594814857705146 0.592034563616851 0.594797456330094 0.608308562998306 0.61767039667019 0.605840644813379 0.588268757507334 0.592892324079767 0.610062282064495 0.620486660673989 0.656237745424366
-9999 -9999 -9999 -9999 -9999 -9999 -9999 -9999 -9999 -9999 -9999 -9999 0.614579335728181 0.289642716191329 0 0 0 0 0 0 0 0 0 0.178105821798748 0.303114407122081 0.429317156804945 0.642205474798339 0.726040601346675 0.696514317246421 0.595239614293284 0.51516305513313 0.514706906741769 0.512244957749296 0.511377820416301 0.507290510724827 0.512288219743152 0.524438257807752 0.546786340386175 0.582016176718589 0.620244148176848 0.604438985274151 0.61333023907802 0.622510870657362 0.61855945838701 0.609001222610121 0.607432976736557 0.613020621929234 0.614783890530512 0.613390613360974 0.6057099222886 0.605405716543031 0.611399747506733 0.609449520229594 0.609807415583554 0.605747271581394 0.618552667606502 0.6424652245982 0.664439963335923 0.653228783863805
-9999 -9999 -9999 -9999 -9999 -9999 -9999 -9999 -9999 -9999 -9999 -9999 0.487212357077722 0.462606423856044 0.0200601749994761 0 0 0 0 0 0 0 0 0 0 0.0576857293000427 0.387996371811381 0.676803606558495 0.719152509598699 0.681864830185867 0.554994333182612 0.529482661688371 0.509105237519742 0.497536638820542 0.488286731195564 0.478588644493883 0.467900862257818 0.478797434431161 0.539823704583377 0.604502398446379 0.588887885698961 0.595968972073668 0.612761935634258 0.61600135014846 0.620199113561853 0.626468639882648 0.635669740507666 0.644856049426645 0.640979369319712 0.631234403196212 0.629742956537333 0.630314359886438 0.622019189137337 0.634190690783931 0.63834738313776 0.653250235826424 0.675825144712485 0.670348758299535 0.658973767709662
-9999 -9999 -9999 -9999 -9999 -9999 -9999 -9999 -9999 -9999 -9999 -9999 0.404986880649578 0.593847008181112 0.281446222631764 0 0 0 0 0 0 0 0 0 0 0 0 0.329414916843222 0.693356405262612 0.678611862911375 0.644384519977574 0.603799478285566 0.551448372013069 0.521603020358914 0.485682283267187 0.455280582284802 0.430588989036973 0.424934195412529 0.510149597231077 0.597965798192173 0.580661842301756 0.576999054320352 0.596631922020761 0.615059341564868 0.630688270522593 0.644347264702707 0.654328321927257 0.658979549916732 0.66199061503456 0.662772985208573 0.66377608261136 0.664042979357532 0.668389931759549 0.671158625378848 0.680261333557728 0.689957957006618 0.692204054140418 0.678084626998572 0.66653571603977
-9999 -9999 -9999 -9999 -9999 -9999 -9999 -9999 -9999 -9999 -9999 -9999 -9999 0.543659184200416 0.530767250217879 0.278862050218909 0 0 0 0 0 0 0 0 0 0 0 0.00767140972402125 0.41778446391791 0.697705716438302 0.645332212616371 0.641916033655749 0.629874552409516 0.572502071263919 0.520714631520166 0.486279412629755 0.46000634007617 0.431782187804001 0.531925367861133 0.610778497196197 0.568456378693943 0.573393833515245 0.594301729353011 0.625437691683853 0.647986233914029 0.662952049064848 0.673315886845347 0.676697711655685 0.680578241125145 0.666831817299898 0.657951224378874 0.647931632318233 0.651338786957378 0.670017207329378 0.685627445920125 0.691300910946536 0.690364928680184 0.681025166705293 0.668773032428936
-9999 -9999 -9999 -9999 -9999 -9999 -9999 -9999 -9999 -9999 -9999 -9999 -9999 -9999 0.560887196911544 0.550808078800915 0.350763489460343 0.123009789343424 0 0 0 0 0 0 0 0 0 0 0.0992993301782307 0.442899988065003 0.713601375596158 0.664417949710028 0.62765988998896 0.634867086637603 0.606429816672154 0.561893306069466 0.562832156329461 0.585371238560634 0.605700148926513 0.597478010829678 0.582798253278419 0.59739100395442 0.623359202465379 0.646300571738489 0.643482654451866 0.635676874318414 0.630110185894908 0.611857188215062 0.603549674948689 0.586143365698107 0.583162665356436 0.593176069966151 0.608942179104231 0.645787452659539 0.680081764732192 0.694650603206565 0.69121764534856 0.681020082832149 0.665794294972649
-9999 -9999 -9999 -9999 -9999 -9999 -9999 -9999 -9999 -9999 -9999 -9999 -9999 -9999 -9999 -9999 0.594396743825731 0.483332397582251 0.197611207963874 0 0 0 0 0 0 0 0 0 0 0.110542132432924 0.446285084234402 0.699176510913085 0.656816452623234 0.643210886144431 0.623482313567464 0.614356920206072 0.617239924849551 0.590166356235535 0.607694209574224 0.603759270587679 0.607560091659191 0.629412244452103 0.631925359791493 0.627462811844173 0.60736200184578 0.590997574708983 0.57486931103663 0.542555864377767 0.540107546533791 0.527143861943885 0.532752636811001 0.55673901986507 0.578606808380928 0.629199812739862 0.675261565982064 0.691373459190316 0.685506669582467 0.673117682937161 0.658416918936151
-9999 -9999 -9999 -9999 -9999 -9999 -9999 -9999 -9999 -9999 -9999 -9999 -9999 -9999 -9999 -9999 -9999 -9999 0.481638857149941 0.308922839448841 0.0552908968112964 0 0 0 0 0 0 0 0 0 0.0976403234427704 0.394683802359452 0.657829242705666 0.691413898467173 0.644321408429851 0.612964385778152 0.627011434919882 0.640530915899104 0.639948176674309 0.642580048691636 0.628665497890556 0.627302485547019 0.620620365694402 0.616770146385471 0.611905429394842 0.591494793205521 0.560859175171964 0.530772621980879 0.519636117603155 0.519641050988419 0.527992129405391 0.538909907283829 0.566651527804096 0.612736674278104 0.658537276524927 0.680212846218113 0.669740891953919 0.657955477297205 0.668919915142197
-9999 -9999 -9999 -9999 -9999 -9999 -9999 -9999 -9999 -9999 -9999 -9999 -9999 -9999 -9999 -9999 -9999 -9999 -9999 -9999 0.396608956724085 0.142786979519103 0 0 0 0 0 0 0 0 0 0 0.308872825129265 0.567721507531656 0.708601474068184 0.674548649895476 0.671090072879416 0.67646642084133 0.659978165255569 0.633944909314226 0.614498512216847 0.610082613331163 0.612862929246965 0.614134554009006 0.610175274607174 0.592019714557775 0.559686516909984 0.528769436379294 0.519370473781231 0.520034203844866 0.523671325773594 0.52913202274835 0.546682071914594 0.582062958820233 0.62698151452908 0.656506791549622 0.667185764792282 0.67884020046931 0.708374238501614
-9999 -9999 -9999 -9999 -9999 -9999 -9999 -9999 -9999 -9999 -9999 -9999 -9999 -9999 -9999 -9999 -9999 -9999 -9999 -9999 -9999 -9999 0.455115390212879 0.0553475598598637 0 0 0 0 0 0 0 0 0 0.144103626328894 0.407327104797035 0.668728197945789 0.701754884519119 0.689659576343143 0.690039333551203 0.642974147183388 0.593362666212691 0.59642669758185 0.606835010739938 0.608138159441241 0.602436784365658 0.584943493120775 0.555125624042975 0.524858282565102 0.516295456796874 0.519100465810804 0.518451156411787 0.512945877948001 0.518510167289371 0.545616578470628 0.575059220197501 0.621511792643527 0.676524977159266 0.712533098251269 0.69955305989865
-9999 -9999 -9999 -9999 -9999 -9999 -9999 -9999 -9999 -9999 -9999 -9999 -9999 -9999 -9999 -9999 -9999 -9999 -9999 -9999 -9999 -9999 0.585401440426421 0.388864477501165 0.0438380145674317 0 0 0 0 0 0 0 0 0 0.0651431223592063 0.363500271042847 0.646401909938077 0.687038607719044 0.690127148980628 0.66063736759692 0.583401646651899 0.582139347776414 0.604698547401786 0.608935810631653 0.604391746235334 0.58725418652755 0.557323798316606 0.528342949367064 0.516891637431506 0.515638557574374 0.512411174883585 0.50711499605677 0.50883750649636 0.52732796096402 0.558627575141232 0.61526400262074 0.684892207941962 0.701468765136351 0.689431338425167
-9999 -9999 -9999 -9999 -9999 -9999 -9999 -9999 -9999 -9999 -9999 -9999 -9999 -9999 -9999 -9999 -9999 -9999 -9999 -9999 -9999 -9999 -9999 -9999 0.388593566603461 0.104133154624396 0 0 0 0 0 0 0 0 0 0.107800970628066 0.418421154144894 0.656780181850366 0.678984543255808 0.677196048414237 0.565540534676936 0.576729308511444 0.606347185740453 0.603431062146921 0.609728844679447 0.594056511300079 0.557680626888537 0.530711617684138 0.514575602795504 0.510719592974691 0.508787034170194 0.505672170612549 0.514404831767124 0.53692844428049 0.564640715302304 0.621646804262184 0.69151539543241 0.695658151058913 0.691347934146942
-9999 -9999 -9999 -9999 -9999 -9999 -9999 -9999 -9999 -9999 -9999 -9999 -9999 -9999 -9999 -9999 -9999 -9999 -9999 -9999 -9999 -9999 -9999 -9999 0.540367168179642 0.330050713957356 0 0 0 0 0 0 0 0 0 0 0.272578108209322 0.58351877638471 0.661454605405381 0.690123792540658 0.595320812318655 0.570648943887949 0.587824324035108 0.584295904517944 0.584804128258534 0.570503363221993 0.543747529913212 0.519624353376755 0.501737606118682 0.495690983494932 0.4997004974957 0.511546883734397 0.5326333435423 0.56225513127519 0.594432888029448 0.642046018639555 0.691455625572477 0.700631299114392 0.69953223627108
-9999 -9999 -9999 -9999 -9999 -9999 -9999 -9999 -9999 -9999 -9999 -9999 -9999 -9999 -9999 -9999 -9999 -9999 -9999 -9999 -9999 -9999 -9999 -9999 -9999 0.490103780738183 0.17644234949904 0 0 0 0 0 0 0 0 0 0.174077188203852 0.486792515231015 0.636528562030036 0.642182844442674 0.626538109625827 0.580091240452332 0.557859127323361 0.552871453011314 0.544913309352414 0.531523499793582 0.519619989228252 0.499624599260864 0.48984852712289 0.478205399846655 0.490780936937843 0.522092374228015 0.555981254505653 0.597941279572747 0.634717062623505 0.667040118696813 0.690566909586165 0.708191308488775 0.706291832376018
-9999 -9999 -9999 -9999 -9999 -9999 -9999 -9999 -9999 -9999 -9999 -9999 -9999 -9999 -9999 -9999 -9999 -9999 -9999 -9999 -9999 -9999 -9999 -9999 -9999 0.54385028016497 0.275466038225793 0 0 0 0 0 0 0 0 0 0.140994502030013 0.439436099495319 0.603738049398592 0.606369052421657 0.622555022818683 0.594487656893619 0.569950156691361 0.531699814882679 0.50678332077054 0.493363374378117 0.502188821124778 0.504130297971868 0.493982703974374 0.48054727914021 0.500041090824523 0.542611075981642 0.591325869470386 0.643391074943799 0.655626091657882 0.658758822687957 0.682222116361768 0.696201073285227 0.70637286311655
-9999 -9999 -9999 -9999 -9999 -9999 -9999 -9999 -9999 -9999 -9999 -9999 -9999 -9999 -9999 -9999 -9999 -9999 -9999 -9999 -9999 -9999 -9999 -9999 -9999 0.510858928399147 0.333994898770588 0 0 0 0 0 0 0 0 0 0.12104712423911 0.404740848454197 0.569292752764844 0.573987716550537 0.581753003609916 0.587785763243703 0.584814269833016 0.533361774670149 0.484082727968031 0.469212745799078 0.499027090407122 0.52673547709686 0.507601503742065 0.492202131385136 0.521301135129856 0.575585437054108 0.629292474015874 0.664258978827725 0.635559312423843 0.638732546376584 0.673470277711524 0.687518234523657 0.695727801990369
-9999 -9999 -9999 -9999 -9999 -9999 -9999 -9999 -9999 -9999 -9999 -9999 -9999 -9999 -9999 -9999 -9999 -9999 -9999 -9999 -9999 -9999 -9999 -9999 -9999 0.512235874650294 0.313196979842609 0 0 0 0 0 0 0 0 0 0.158127383527632 0.437216217890328 0.537829296448079 0.546072036085888 0.547626960962403 0.539437632908547 0.549913147868175 0.552388256059367 0.517207184342835 0.500392879142986 0.5092454595086 0.521380259039672 0.525093248669463 0.531877035080035 0.567852486511341 0.619641690670956 0.671843829209718 0.660544068651073 0.641717153506829 0.643038696341685 0.664949157709398 0.686349784038624 0.691634670018684
-9999 -9999 -9999 -9999 -9999 -9999 -9999 -9999 -9999 -9999 -9999 -9999 -9999 -9999 -9999 -9999 -9999 -9999 -9999 -9999 -9999 -9999 -9999 -9999 -9999 0.503567497131027 0.267921517046415 0 0 0 0 0 0 0 0 0 0.195285244399306 0.466061381297232 0.518118710843534 0.531363439207282 0.530668721945993 0.512276925794175 0.508026243719387 0.567880951377591 0.549578237325741 0.535164569302915 0.530159682667037 0.528408660226758 0.554449183205988 0.574634419085717 0.614075804849473 0.665457247923418 0.674605752354593 0.658217124974235 0.644926389609791 0.643497714690987 0.656109357230386 0.671633986729973 0.670797099589818
-9999 -9999 -9999 -9999 -9999 -9999 -9999 -9999 -9999 -9999 -9999 -9999 -9999 -9999 -9999 -9999 -9999 -9999 -9999 -9999 -9999 -9999 -9999 -9999 -9999 0.507446869389974 0.209776298087892 0 0 0 0 0 0 0 0 0.0153082192311876 0.25145896635978 0.519497116965202 0.518535492310985 0.527529660823249 0.523778138722969 0.505698134220262 0.511100159820972 0.575568308320942 0.557512464316734 0.547878806056296 0.563905941873681 0.586371038592776 0.596443096398738 0.616378326110101 0.653719854167125 0.668976838664707 0.661867693311441 0.650494457583978 0.637169102132829 0.631815819454472 0.63641670353062 0.640209148948008 0.637780747840633
-9999 -9999 -9999 -9999 -9999 -9999 -9999 -9999 -9999 -9999 -9999 -9999 -9999 -9999 -9999 -9999 -9999 -9999 -9999 -9999 -9999 -9999 -9999 -9999 -9999 0.492295416289526 0.163195699714191 0 0 0 0 0 0 0 0 0.0748318090208834 0.299461698094283 0.53374789364966 0.527340336924984 0.536566851938605 0.530355096947318 0.507217858785157 0.50755103951251 0.587550632468613 0.572298258331581 0.56636167506244 0.597013074694482 0.629631117545217 0.628056990335714 0.640907545117024 0.662377330912283 0.660218961377366 0.651039020158227 0.640228332634321 0.627940537528415 0.618853371855871 0.61584601104434 0.607437539292211 0.600909795422959
-9999 -9999 -9999 -9999 -9999 -9999 -9999 -9999 -9999 -9999 -9999 -9999 -9999 -9999 -9999 -9999 -9999 -9999 -9999 -9999 -9999 -9999 -9999 -9999 0.471942967502695 0.491563511173819 0.143240283907642 0 0 0 0 0 0 0 0 0.147726092046758 0.369730427811938 0.549209752752285 0.538636092479354 0.553894816450335 0.545171372556958 0.510253396769212 0.51312148882646 0.576507594414011 0.618050687009121 0.61120075790407 0.628641297694759 0.644009023977336 0.644212455237517 0.640538869441311 0.656832482679674 0.650306967035277 0.640466136204744 0.632148915565691 0.62360084733965 0.614550139132714 0.607373875724949 0.594473727090565 0.583988125350554
-9999 -9999 -9999 -9999 -9999 -9999 -9999 -9999 -9999 -9999 -9999 -9999 -9999 -9999 -9999 -9999 -9999 -9999 -9999 -9999 -9999 -9999 -9999 -9999 0.463953848060171 0.508677038355511 0.127297624134218 0 0 0 0 0 0 0 0 0.214984932226595 0.419363090496909 0.542519493524907 0.536207026530928 0.551283271108682 0.540055593934774 0.500589811219636 0.496380073951768 0.548789304585707 0.614756515196589 0.642410361108843 0.640865379299594 0.637671082645128 0.639244311468788 0.646397231568556 0.644953914029282 0.633785311004717 0.626823382949849 0.624591457818706 0.623096578162403 0.618208778237339 0.610322241630816 0.59629195857158 0.588982744414182
