meets/meet006/_saidas_enm/CCSM_Gower_0k_T_nigriceps3.asc
NCOLS 154 
NROWS 168 
XLLCORNER -112 
YLLCORNER -55.5 
CELLSIZE 0.5 
NODATA_value -9999 
[rows 100 to 124 of 168, columns 56 to 111 of 154]
-9999 -9999 -9999 -9999 -9999 -9999 -9999 -9999 -9999 -9999 -9999 -9999 -9999 -9999 -9999 -9999 -9999 -9999 -9999 -9999 -9999 -9999 -9999 -9999 -9999 -9999 -9999 -9999 0.437763819145989 0.622755475450373 0.634182181829727 0.45678203539362 0.338871279037751 0.287824526163604 0.320475555766621 0.405570903734445 0.510162893806956 0.630700982669346 0.729526555754482 0.746881780939405 0.748712388402787 0.733729080422474 0.60784629417038 0.506974703285877 0.487368424640502 0.487125945251317 0.465598874610914 0.445229412508585 0.439302283206613 0.449265636542507 0.464181319488284 0.471044733859006 0.484629221231947 0.511349867575827 0.546455792314186 0.584273317917342
-9999 -9999 -9999 -9999 -9999 -9999 -9999 -9999 -9999 -9999 -9999 -9999 -9999 -9999 -9999 -9999 -9999 -9999 -9999 -9999 -9999 -9999 -9999 -9999 -9999 -9999 -9999 -9999 0.421521250858789 0.613854979649024 0.586666870839251 0.441525498031302 0.354756852417289 0.316428157067336 0.351877233371396 0.427911012648917 0.540935470394659 0.658516308031314 0.728632521508301 0.74723104924065 0.748415291237241 0.727765975732438 0.597008079058825 0.50498864123175 0.500146028510537 0.502304577570547 0.479530102085793 0.454831921795966 0.450894425388065 0.471433134849288 0.493657394972983 0.492587427332538 0.501634914400821 0.525026015083212 0.556781399140373 0.601814573371076
-9999 -9999 -9999 -9999 -9999 -9999 -9999 -9999 -9999 -9999 -9999 -9999 -9999 -9999 -9999 -9999 -9999 -9999 -9999 -9999 -9999 -9999 -9999 -9999 -9999 -9999 -9999 0.398644865543519 0.420744479231927 0.587816528501338 0.603640072386622 0.452742773586589 0.383054441241843 0.354883218354002 0.384055685833759 0.466835626864616 0.573937426141021 0.69065285611113 0.735407861863014 0.747781879866058 0.747538201980901 0.717971588679815 0.599837071286763 0.519403473582355 0.516373530539745 0.525001097611804 0.506626073491955 0.485768820115163 0.481101064750395 0.492984593433523 0.503982523182471 0.504137818374545 0.50136187623385 0.520058201624174 0.554216940240355 0.589353689609291
-9999 -9999 -9999 -9999 -9999 -9999 -9999 -9999 -9999 -9999 -9999 -9999 -9999 -9999 -9999 -9999 -9999 -9999 -9999 -9999 -9999 -9999 -9999 -9999 -9999 -9999 -9999 0.391580419247362 0.439130837729442 0.559002734280516 0.597829951731396 0.457963159550309 0.401816568771192 0.378554034627775 0.408025532897886 0.491427240988883 0.608340935952626 0.722276218699809 0.739446315118895 0.748235759464374 0.745053024754613 0.708235001977061 0.607968860746733 0.537882678509384 0.543365488845148 0.553273942831042 0.537020018464782 0.518629528328197 0.512190724832947 0.517875130400747 0.522995778177946 0.519945106376793 0.510651748764832 0.525093034489068 0.556292501166889 0.587089529200895
-9999 -9999 -9999 -9999 -9999 -9999 -9999 -9999 -9999 -9999 -9999 -9999 -9999 -9999 -9999 -9999 -9999 -9999 -9999 -9999 -9999 -9999 -9999 -9999 -9999 -9999 -9999 0.388052819828001 0.442471016362491 0.530301517568094 0.58746476693877 0.450367479122629 0.397285920040912 0.383579406407129 0.41859871918528 0.512356533087196 0.632308569788865 0.722987298844351 0.743170389763922 0.748512373976486 0.742484251921475 0.699467958886706 0.629940950854348 0.571321495527088 0.568212611357388 0.579541253810633 0.564308516160517 0.548868598327878 0.542729126698203 0.5464859725274 0.55193376951972 0.547247673851642 0.544935933961204 0.555792433292429 0.576468457013316 0.60363265403198
-9999 -9999 -9999 -9999 -9999 -9999 -9999 -9999 -9999 -9999 -9999 -9999 -9999 -9999 -9999 -9999 -9999 -9999 -9999 -9999 -9999 -9999 -9999 -9999 -9999 -9999 -9999 0.385518067829822 0.43158884761391 0.507179993456157 0.553569380218676 0.420312809784639 0.375447857378542 0.367534024463712 0.411635546515517 0.516031861651257 0.650699274935426 0.715730861847264 0.742788218283887 0.748649201564668 0.73859379810098 0.692709361659223 0.650913009485054 0.595006840934938 0.589806822419074 0.594360382915957 0.578743787322689 0.568589595515325 0.564645009427417 0.567027098213425 0.574782016771741 0.574045984739165 0.575779789656994 0.586725540793132 0.600097630707605 0.621705570146051
-9999 -9999 -9999 -9999 -9999 -9999 -9999 -9999 -9999 -9999 -9999 -9999 -9999 -9999 -9999 -9999 -9999 -9999 -9999 -9999 -9999 -9999 -9999 -9999 -9999 -9999 -9999 0.386559477689104 0.425399667849141 0.489826926998209 0.506260470093147 0.383017228521266 0.338301994932652 0.341341910755959 0.396711048603132 0.508700548784864 0.666177117083863 0.695255437164961 0.739070892806426 0.748649749751822 0.735866026774101 0.687539793509149 0.652264510189065 0.619893499146698 0.604781916044774 0.593909720372737 0.588345820852003 0.580048625081885 0.578336837757326 0.58479347013298 0.588067647356545 0.595690352952349 0.601787615244682 0.611921018398355 0.624138976552087 0.638987142417762
-9999 -9999 -9999 -9999 -9999 -9999 -9999 -9999 -9999 -9999 -9999 -9999 -9999 -9999 -9999 -9999 -9999 -9999 -9999 -9999 -9999 -9999 -9999 -9999 -9999 -9999 -9999 0.388954598394677 0.422193478693824 0.475355315130026 0.465882742535666 0.350044561128915 0.313332991745621 0.322844069487035 0.385742300860272 0.507412572667462 0.635512869387476 0.673587430690206 0.73664686501423 0.748655324659401 0.73333828235657 0.681712533634053 0.648288334802745 0.636507930615747 0.627260777655389 0.616182744813441 0.609863673764945 0.605692776983599 0.604462302592402 0.608390203388895 0.613063762049198 0.621342644332699 0.63018600437373 0.639879058656763 0.64752317636032 0.658683846949116
-9999 -9999 -9999 -9999 -9999 -9999 -9999 -9999 -9999 -9999 -9999 -9999 -9999 -9999 -9999 -9999 -9999 -9999 -9999 -9999 -9999 -9999 -9999 -9999 -9999 -9999 -9999 0.392419636638654 0.420113720202548 0.464282388341424 0.42961306064774 0.336970663744945 0.302700541759639 0.321891592002698 0.393103584545073 0.510751013473386 0.602728501894554 0.662404444767974 0.737069732402035 0.748671048551155 0.725363881401172 0.675961741999251 0.644070473750928 0.634234023123336 0.632422727360875 0.635067254526698 0.640881784334207 0.641820787137603 0.641025050666617 0.642116537273208 0.647493590742595 0.653259180783104 0.661172644253759 0.668398962385528 0.671949046617624 0.680412276507963
-9999 -9999 -9999 -9999 -9999 -9999 -9999 -9999 -9999 -9999 -9999 -9999 -9999 -9999 -9999 -9999 -9999 -9999 -9999 -9999 -9999 -9999 -9999 -9999 -9999 -9999 -9999 0.395546249828372 0.420180562312969 0.456867766342514 0.454261307542098 0.366308608490184 0.343601037521498 0.367381322119069 0.436301314851197 0.559361671993499 0.609830250570072 0.68689928851298 0.744404486224014 0.748713843744722 0.717558687618263 0.665554920216134 0.638899159948049 0.631687693528905 0.630312438610072 0.632938067162481 0.638671267116243 0.646455390715627 0.655646194611883 0.665516935796943 0.675385860191834 0.679585945458226 0.684720254638516 0.689637882904236 0.69210252912314 0.699207159095382
-9999 -9999 -9999 -9999 -9999 -9999 -9999 -9999 -9999 -9999 -9999 -9999 -9999 -9999 -9999 -9999 -9999 -9999 -9999 -9999 -9999 -9999 -9999 -9999 -9999 -9999 0.385734174001007 0.398245104336254 0.419657639853665 0.452967188797343 0.491190457424277 0.426902471976946 0.412646446886242 0.443622348042313 0.508573390700761 0.615861914983156 0.649087995957809 0.723849939827 0.732595388932858 0.746912211956947 0.696250667261121 0.654790385670363 0.633086228530729 0.627619113532001 0.627169288923565 0.629417753805081 0.635697245916349 0.643329878748065 0.652212845230264 0.662243095327 0.67161932190084 0.679912043149311 0.687072572840759 0.693516949042523 0.699690094499762 0.704489754750179
-9999 -9999 -9999 -9999 -9999 -9999 -9999 -9999 -9999 -9999 -9999 -9999 -9999 -9999 -9999 -9999 -9999 -9999 -9999 -9999 -9999 -9999 -9999 -9999 -9999 -9999 0.385858443353549 0.400198539370219 0.423462192651194 0.455611610857508 0.505405108755476 0.495142112024701 0.487509490106186 0.525427135897602 0.599070777365769 0.691020965818341 0.714441649532627 0.739746230827559 0.698476191321881 0.70689036405422 0.681356358926858 0.641892568680709 0.627342479201718 0.62384258762956 0.623573362307919 0.626271369729014 0.632247412164 0.640009608623999 0.648794759227983 0.658232821590131 0.667485860678862 0.676249952622134 0.683449171118057 0.689709788141653 0.695264343019004 0.700142802238677
-9999 -9999 -9999 -9999 -9999 -9999 -9999 -9999 -9999 -9999 -9999 -9999 -9999 -9999 -9999 -9999 -9999 -9999 -9999 -9999 -9999 -9999 -9999 -9999 -9999 -9999 0.385458780466953 0.404434900598185 0.430032266684213 0.465584111470125 0.510896791071427 0.565632497362535 0.556071223231493 0.606392969664162 0.687661196959405 0.724997677712431 0.74449894501605 0.703968779230771 0.673183732074031 0.67093431671088 0.653774339132621 0.631509482425098 0.621813703950866 0.619437514796747 0.619760651892335 0.622327163293425 0.628850833011839 0.636732645471765 0.645234617828005 0.654359646040835 0.663195236904654 0.671966091272062 0.67987625841376 0.685898379217115 0.691093300489572 0.682855018070598
-9999 -9999 -9999 -9999 -9999 -9999 -9999 -9999 -9999 -9999 -9999 -9999 -9999 -9999 -9999 -9999 -9999 -9999 -9999 -9999 -9999 -9999 -9999 -9999 -9999 -9999 0.387525154060789 0.412220887732484 0.446860954474042 0.493502227976907 0.557194654396429 0.632129022029611 0.654344457760017 0.706699079547374 0.748299541434439 0.740975730307813 0.681711823715091 0.663951509022587 0.647390306385384 0.639270243896463 0.637806387587133 0.621045179143283 0.615933254024673 0.615010345583234 0.616013778268427 0.619264798047522 0.625532480955999 0.633364592883335 0.641572834229087 0.649991846920387 0.65836295735808 0.666594375694992 0.674603414279249 0.680561275262556 0.676436270826238 0.655322478110529
-9999 -9999 -9999 -9999 -9999 -9999 -9999 -9999 -9999 -9999 -9999 -9999 -9999 -9999 -9999 -9999 -9999 -9999 -9999 -9999 -9999 -9999 -9999 -9999 -9999 0.386029154606538 0.390833107764913 0.422227944073969 0.465834877005476 0.526457721537413 0.595590028120595 0.67289708334016 0.732200561583122 0.747262805739519 0.716820725699165 0.569642899075246 0.590871084832056 0.620247023267076 0.620156427093162 0.607776448109144 0.593098394824466 0.613575943665797 0.610367280439858 0.610645783573009 0.612726278624089 0.615554763603236 0.622631101889059 0.63031033249594 0.637823894660853 0.64579077372672 0.653040525678561 0.660619045993994 0.668018396491586 0.672390388795897 0.647981461000958 0.628672566188309
-9999 -9999 -9999 -9999 -9999 -9999 -9999 -9999 -9999 -9999 -9999 -9999 -9999 -9999 -9999 -9999 -9999 -9999 -9999 -9999 -9999 -9999 -9999 -9999 -9999 0.392643483569466 0.395848243089123 0.431703420422725 0.484974297137174 0.555867909986352 0.627003940159634 0.683514042794134 0.719663577664501 0.73633825229091 0.621775309629438 0.530789408110292 0.533186401464914 0.571234662723921 0.584156907643954 0.586868540137323 0.586531285694922 0.60680894662073 0.607266760333157 0.608234099300705 0.611067719079995 0.615024964005127 0.620931110497542 0.62771802567783 0.634511710510685 0.641446523794955 0.648068121979068 0.654650263757991 0.660900303026077 0.65172588857633 0.626620397832696 0.602923134097413
-9999 -9999 -9999 -9999 -9999 -9999 -9999 -9999 -9999 -9999 -9999 -9999 -9999 -9999 -9999 -9999 -9999 -9999 -9999 -9999 -9999 -9999 -9999 -9999 -9999 0.401063963205534 0.402407868558168 0.43887542421516 0.499855433189233 0.580078229475035 0.651987464051587 0.685575482873632 0.702969229382145 0.661314522152439 0.563018558102394 0.482530092361413 0.504608467212698 0.545616585697542 0.564460107502653 0.573687099906191 0.581180594875218 0.601031267207969 0.605662194796417 0.607031164794346 0.61026584791877 0.609253704514976 0.619798247523284 0.625595006219285 0.631260678888698 0.63722231700739 0.643131640755417 0.648410962391176 0.65167548180547 0.628910731861477 0.600227128598022 0.579143368773575
-9999 -9999 -9999 -9999 -9999 -9999 -9999 -9999 -9999 -9999 -9999 -9999 -9999 -9999 -9999 -9999 -9999 -9999 -9999 -9999 -9999 -9999 -9999 -9999 -9999 0.408589384625456 0.408950726367328 0.448455184247679 0.514994732742589 0.598749578210669 0.661362883601756 0.683206529219132 0.683188651895029 0.615159896643157 0.533184144602217 0.485378560840305 0.503774453861116 0.55213830338678 0.572676221875574 0.570433598683603 0.572000565186653 0.597860037719022 0.606319512003346 0.607245619732443 0.610777344755588 0.615088033134511 0.61940911004942 0.623805975091931 0.628406085642827 0.633303515573515 0.638083755296445 0.642721738292531 0.634305052197602 0.612031042264285 0.583213790434864 0.553595446899017
-9999 -9999 -9999 -9999 -9999 -9999 -9999 -9999 -9999 -9999 -9999 -9999 -9999 -9999 -9999 -9999 -9999 -9999 -9999 -9999 -9999 -9999 -9999 -9999 -9999 0.420223440753526 0.420231556194617 0.453832612632658 0.522964850572416 0.610025674835851 0.672771210772918 0.678645144228349 0.647034214719539 0.57912596218311 0.513509431108979 0.474263461605396 0.502173312361546 0.558636301134418 0.579469326589146 0.567964726111315 0.564468293473125 0.596701686621936 0.606859677571932 0.607303266738211 0.611005601489561 0.615488687579828 0.618702697977753 0.621985051379154 0.625352746680365 0.629216488273369 0.633168461004818 0.63667215110425 0.622349500319371 0.596384819289361 0.560124650632058 0.532759433389699
-9999 -9999 -9999 -9999 -9999 -9999 -9999 -9999 -9999 -9999 -9999 -9999 -9999 -9999 -9999 -9999 -9999 -9999 -9999 -9999 -9999 -9999 -9999 -9999 -9999 0.431643147195859 0.43080004480952 0.457848081864486 0.527434040457093 0.60962164092556 0.663691475696771 0.671500924598414 0.608742852760725 0.548861954257279 0.498045818240891 0.471502184113526 0.502020666375426 0.547886374063731 0.569608031599712 0.569025967883203 0.571543367814186 0.598991150701461 0.606997485212692 0.60710448047839 0.610727232602515 0.615069575722134 0.617798095658425 0.619910040040057 0.622466956618918 0.625486390904777 0.628514663348154 0.631413729450467 0.614286189815902 0.589198839958048 0.553070917968038 0.51822676183895
-9999 -9999 -9999 -9999 -9999 -9999 -9999 -9999 -9999 -9999 -9999 -9999 -9999 -9999 -9999 -9999 -9999 -9999 -9999 -9999 -9999 -9999 -9999 -9999 -9999 0.449274700302934 0.447225442477294 0.458293756166442 0.525668158740832 0.605663769740882 0.658775387638042 0.662525285813618 0.592343405472147 0.541709853782619 0.507460423570306 0.485140051486993 0.51484282662483 0.552940823245259 0.572084576959095 0.574332602553529 0.577803920410677 0.603074491418832 0.605863242514958 0.60564464829974 0.609469804766911 0.613929698128843 0.615956363612712 0.617487137429201 0.619358541278214 0.621761916108734 0.624221462518184 0.626196339413072 0.61338851638701 0.585617793748344 0.544004590971141 0.513286246371626
-9999 -9999 -9999 -9999 -9999 -9999 -9999 -9999 -9999 -9999 -9999 -9999 -9999 -9999 -9999 -9999 -9999 -9999 -9999 -9999 -9999 -9999 -9999 -9999 -9999 0.462876115797425 0.460011115304334 0.457054873231238 0.521542379034018 0.596374407598523 0.646701686999972 0.652335814940013 0.599533079499269 0.564039757918875 0.541291410921475 0.540023977347206 0.54967616876792 0.57351050982642 0.585007707695787 0.584508680742308 0.591155896795958 0.608027579659725 0.604230947409045 0.603681864090178 0.607350292964633 0.611413863071886 0.613522273444151 0.614777661155066 0.616424096379445 0.618603602853923 0.620545503565533 0.622101376575751 0.616197201889278 0.588067656870256 0.549963576815065 0.513160311757992
-9999 -9999 -9999 -9999 -9999 -9999 -9999 -9999 -9999 -9999 -9999 -9999 -9999 -9999 -9999 -9999 -9999 -9999 -9999 -9999 -9999 -9999 -9999 -9999 -9999 0.484292993368125 0.480410559972193 0.470431532993066 0.513965320662132 0.584174984749915 0.633339357122935 0.64069418973976 0.609842157475052 0.580189885068358 0.566613631684781 0.567005432696535 0.568741440139942 0.583205707236354 0.590316359604548 0.585924450186413 0.593070242679125 0.60609096333144 0.602127902826644 0.601430667021697 0.604545331114475 0.608404738476098 0.610440367854845 0.61183447764308 0.613452679922072 0.615486607338679 0.617207912333142 0.61814838935665 0.618657065051455 0.595129799406678 0.556693927210067 0.522390496055496
-9999 -9999 -9999 -9999 -9999 -9999 -9999 -9999 -9999 -9999 -9999 -9999 -9999 -9999 -9999 -9999 -9999 -9999 -9999 -9999 -9999 -9999 -9999 -9999 -9999 0.507361222363317 0.495578686082513 0.483376910472896 0.502373178310456 0.568987543577854 0.616283131674669 0.626855252262853 0.614985956602302 0.591397749317294 0.574774217978008 0.56666970558252 0.571793276547442 0.581096277169032 0.583244101076106 0.580224095559953 0.582519917028491 0.599807288707133 0.599511716605906 0.598886436419659 0.601628824514694 0.604922514630211 0.607092446287343 0.608726410787445 0.610514471704624 0.612673780901999 0.614327742817082 0.614757520638486 0.614426762295779 0.605151545640209 0.569003272203296 0.537720272950512
-9999 -9999 -9999 -9999 -9999 -9999 -9999 -9999 -9999 -9999 -9999 -9999 -9999 -9999 -9999 -9999 -9999 -9999 -9999 -9999 -9999 -9999 -9999 -9999 0.474402919025745 0.525798558519896 0.517883734107961 0.50124825971754 0.482026797859156 0.543524900467532 0.597154906529156 0.611164491343449 0.61020846729803 0.600313844517127 0.583256744083869 0.573280732781699 0.576245739653859 0.583393214197078 0.582993286113273 0.574131145898205 0.572436914468151 0.589288280504431 0.595733311498058 0.595723641937584 0.598247015528136 0.601347379330014 0.603460890547466 0.605285486196614 0.607183247893277 0.609291573551528 0.610857221187868 0.610854958182104 0.609992177298637 0.607274877354635 0.587851602814503 0.553756402566786
