meets/meet006/_saidas_enm/CCSM_Maxent_0k_T_nigriceps1.asc
NCOLS 154 
NROWS 168 
XLLCORNER -112 
YLLCORNER -55.5 
CELLSIZE 0.5 
NODATA_value -9999 
[rows 100 to 124 of 168, columns 55 to 109 of 154]
-9999 -9999 -9999 -9999 -9999 -9999 -9999 -9999 -9999 -9999 -9999 -9999 -9999 -9999 -9999 -9999 -9999 -9999 -9999 -9999 -9999 -9999 -9999 -9999 -9999 -9999 -9999 -9999 -9999 0.00753228040412068 0.288647264242172 0.517473340034485 0.0817795470356941 0.0702726319432259 0.0657788962125778 0.0697212442755699 0.0775739550590515 0.0737925469875336 0.403268396854401 0.426978290081024 0.54291033744812 0.525932431221008 0.487522721290588 0.0816662982106209 0.012009066529572 0.0131676010787487 0.0136121045798063 0.0141097158193588 0.0145277269184589 0.0145986899733543 0.0159397218376398 0.0180036872625351 0.0190941989421844 0.0212923958897591 0.0170186217874289
-9999 -9999 -9999 -9999 -9999 -9999 -9999 -9999 -9999 -9999 -9999 -9999 -9999 -9999 -9999 -9999 -9999 -9999 -9999 -9999 -9999 -9999 -9999 -9999 -9999 -9999 -9999 -9999 -9999 0.00704939849674702 0.268413692712784 0.440024346113205 0.0798708274960518 0.0698558539152145 0.0673188418149948 0.0714089721441269 0.0791021957993507 0.433396846055984 0.410460293292999 0.502051293849945 0.542037189006805 0.522949576377869 0.476425766944885 0.0308048892766237 0.0152249494567513 0.0140695106238127 0.0149530284106731 0.0153830433264375 0.0138841113075614 0.0161182414740324 0.018974045291543 0.0225457139313221 0.0226182155311108 0.0243963655084372 0.0190732814371586
-9999 -9999 -9999 -9999 -9999 -9999 -9999 -9999 -9999 -9999 -9999 -9999 -9999 -9999 -9999 -9999 -9999 -9999 -9999 -9999 -9999 -9999 -9999 -9999 -9999 -9999 -9999 -9999 0.00382489105686545 0.00628200219944119 0.0268926378339529 0.428200155496597 0.076553612947464 0.0701576322317123 0.0687475204467773 0.0729999914765358 0.0817777290940285 0.43979611992836 0.483838081359863 0.550388693809509 0.538884222507477 0.520053625106812 0.467193603515625 0.0311662554740906 0.0107146371155977 0.0100845377892256 0.0113175548613071 0.0105906622484326 0.0172585248947144 0.0202031806111336 0.022455794736743 0.0246141944080591 0.0248343292623758 0.0245301108807325 0.0184802617877722
-9999 -9999 -9999 -9999 -9999 -9999 -9999 -9999 -9999 -9999 -9999 -9999 -9999 -9999 -9999 -9999 -9999 -9999 -9999 -9999 -9999 -9999 -9999 -9999 -9999 -9999 -9999 -9999 0.00401251576840878 0.00530194072052836 0.0203785169869661 0.302844524383545 0.0719152539968491 0.0674219354987144 0.0685687139630318 0.0748132690787315 0.083686575293541 0.445885330438614 0.420004844665527 0.549834072589874 0.534173727035522 0.515627801418304 0.450131267309189 0.0680586248636246 0.0118754608556628 0.0121474675834179 0.0138241499662399 0.0131141236051917 0.0140588395297527 0.0162365902215242 0.0177175644785166 0.0186088252812624 0.0183527246117592 0.0172073766589165 0.0194171816110611
-9999 -9999 -9999 -9999 -9999 -9999 -9999 -9999 -9999 -9999 -9999 -9999 -9999 -9999 -9999 -9999 -9999 -9999 -9999 -9999 -9999 -9999 -9999 -9999 -9999 -9999 -9999 -9999 0.00397274177521467 0.00505113136023283 0.0151744345203042 0.229468315839767 0.0583331882953644 0.0666570737957954 0.0688871964812279 0.0758477374911308 0.0858077555894852 0.510088264942169 0.490529954433441 0.546079635620117 0.529012203216553 0.511939406394958 0.453003585338593 0.0765285938978195 0.015047742985189 0.0145261995494366 0.0166030749678612 0.0158865693956614 0.0153357936069369 0.0183226559311152 0.0222046263515949 0.0234265010803938 0.0227596405893564 0.0224031917750835 0.0244666486978531
-9999 -9999 -9999 -9999 -9999 -9999 -9999 -9999 -9999 -9999 -9999 -9999 -9999 -9999 -9999 -9999 -9999 -9999 -9999 -9999 -9999 -9999 -9999 -9999 -9999 -9999 -9999 -9999 0.00418896181508899 0.00494462158530951 0.0132445991039276 0.0216174963861704 0.0403582528233528 0.0655772313475609 0.0683933943510056 0.0764979645609856 0.0872944816946983 0.516160070896149 0.544069766998291 0.542817115783691 0.525195002555847 0.508513987064362 0.457385897636414 0.0760105028748512 0.0178128145635128 0.0169650223106146 0.0183909609913826 0.0174886733293533 0.017548942938447 0.0213180910795927 0.0262280404567719 0.0279419720172882 0.0278882700949907 0.0282697714865208 0.0308276526629925
-9999 -9999 -9999 -9999 -9999 -9999 -9999 -9999 -9999 -9999 -9999 -9999 -9999 -9999 -9999 -9999 -9999 -9999 -9999 -9999 -9999 -9999 -9999 -9999 -9999 -9999 -9999 -9999 0.00432456191629171 0.00482948543503881 0.0193915534764528 0.00230020261369646 0.0329231657087803 0.063859611749649 0.0676405131816864 0.076793298125267 0.0886529386043549 0.524055361747742 0.549498736858368 0.543539464473724 0.524875342845917 0.507507622241974 0.461811065673828 0.162039458751678 0.0528877340257168 0.0468506813049316 0.0182412918657064 0.0186517219990492 0.0190015863627195 0.0232628379017115 0.0298880748450756 0.0311478246003389 0.0329814925789833 0.0344313271343708 0.0895095989108086
-9999 -9999 -9999 -9999 -9999 -9999 -9999 -9999 -9999 -9999 -9999 -9999 -9999 -9999 -9999 -9999 -9999 -9999 -9999 -9999 -9999 -9999 -9999 -9999 -9999 -9999 -9999 -9999 0.00936243589967489 0.0100897755473852 0.017749285325408 0.00189156946726143 0.00271301669999957 0.0621166750788689 0.0671493709087372 0.0773384720087051 0.0905050784349442 0.48335275053978 0.555090963840485 0.544316589832306 0.523753583431244 0.507278740406036 0.463720947504044 0.270439684391022 0.063831053674221 0.0554154515266418 0.0529665090143681 0.0538288280367851 0.0558934882283211 0.0677579864859581 0.0837717354297638 0.0903906002640724 0.095790296792984 0.101764097809792 0.10912286490202
-9999 -9999 -9999 -9999 -9999 -9999 -9999 -9999 -9999 -9999 -9999 -9999 -9999 -9999 -9999 -9999 -9999 -9999 -9999 -9999 -9999 -9999 -9999 -9999 -9999 -9999 -9999 -9999 0.0094667375087738 0.00985348876565695 0.0160905830562115 0.0016938797198236 0.00233926833607256 0.0521426238119602 0.0672090724110603 0.0788942202925682 0.0932915508747101 0.540318846702576 0.559902966022491 0.544879734516144 0.523372113704681 0.499905854463577 0.462993651628494 0.29341134428978 0.151006028056145 0.0706289112567902 0.0702361389994621 0.0692643895745277 0.0718791931867599 0.0772907808423042 0.0956327244639397 0.11499198526144 0.119830556213856 0.126240611076355 0.242594227194786
-9999 -9999 -9999 -9999 -9999 -9999 -9999 -9999 -9999 -9999 -9999 -9999 -9999 -9999 -9999 -9999 -9999 -9999 -9999 -9999 -9999 -9999 -9999 -9999 -9999 -9999 -9999 -9999 0.0125597817823291 0.0152404475957155 0.015127569437027 0.00153498922009021 0.00225780974142253 0.0550399012863636 0.0695142298936844 0.0816761776804924 0.450736075639725 0.547173202037811 0.557995498180389 0.541985392570496 0.52092307806015 0.490369290113449 0.416547149419785 0.303072214126587 0.253880947828293 0.175856322050095 0.178392723202705 0.161004617810249 0.169039666652679 0.180130705237389 0.21463006734848 0.25334706902504 0.258508324623108 0.376722574234009 0.386744171380997
-9999 -9999 -9999 -9999 -9999 -9999 -9999 -9999 -9999 -9999 -9999 -9999 -9999 -9999 -9999 -9999 -9999 -9999 -9999 -9999 -9999 -9999 -9999 -9999 -9999 -9999 -9999 0.0125023014843464 0.0149641558527946 0.0146728819236159 0.0137205952778459 0.00144667038694024 0.0023313753772527 0.0638913661241531 0.0727494582533836 0.0855509340763092 0.46260941028595 0.552928149700165 0.552939057350159 0.537727653980255 0.508945465087891 0.4763503074646 0.362637639045715 0.299750059843063 0.269353598356247 0.263765037059784 0.262450605630875 0.272457212209702 0.286991655826569 0.304769307374954 0.35511976480484 0.399772524833679 0.411954790353775 0.41115140914917 0.417540848255157
-9999 -9999 -9999 -9999 -9999 -9999 -9999 -9999 -9999 -9999 -9999 -9999 -9999 -9999 -9999 -9999 -9999 -9999 -9999 -9999 -9999 -9999 -9999 -9999 -9999 -9999 -9999 0.0147836953401566 0.0140731008723378 0.0131085263565183 0.0123971877619624 0.0119143975898623 0.00274724117480218 0.0690510049462318 0.39221403002739 0.432679355144501 0.530114114284515 0.550317525863647 0.543423056602478 0.528462767601013 0.49671483039856 0.47297191619873 0.34062123298645 0.306921422481537 0.287905931472778 0.284714132547379 0.288098186254501 0.29877582192421 0.317963987588882 0.338856846094131 0.360926777124405 0.413492500782013 0.452515363693237 0.449872404336929 0.454699337482452
-9999 -9999 -9999 -9999 -9999 -9999 -9999 -9999 -9999 -9999 -9999 -9999 -9999 -9999 -9999 -9999 -9999 -9999 -9999 -9999 -9999 -9999 -9999 -9999 -9999 -9999 -9999 0.0148822888731956 0.012570682913065 0.0116236452013254 0.0121505791321397 0.012909178622067 0.217542991042137 0.378673285245895 0.408162802457809 0.507233440876007 0.542507946491241 0.544368863105774 0.530889928340912 0.517638146877289 0.488669276237488 0.369887679815292 0.324840724468231 0.309843838214874 0.30646488070488 0.304021954536438 0.311113685369492 0.323047995567322 0.340110957622528 0.357675552368164 0.376353979110718 0.426178187131882 0.466339260339737 0.473994314670563 0.475305706262589
-9999 -9999 -9999 -9999 -9999 -9999 -9999 -9999 -9999 -9999 -9999 -9999 -9999 -9999 -9999 -9999 -9999 -9999 -9999 -9999 -9999 -9999 -9999 -9999 -9999 -9999 -9999 0.0139391301199794 0.0103104058653116 0.00862384121865034 0.011599880643189 0.0232970044016838 0.331425219774246 0.462512820959091 0.491956532001495 0.522996544837952 0.539675235748291 0.534383237361908 0.521455705165863 0.498785197734833 0.468179911375046 0.341363281011581 0.311263144016266 0.306445837020874 0.306960105895996 0.307434529066086 0.311807155609131 0.324109017848969 0.340425759553909 0.357752323150635 0.37524551153183 0.392182648181915 0.43923032283783 0.478674948215485 0.483478724956512
-9999 -9999 -9999 -9999 -9999 -9999 -9999 -9999 -9999 -9999 -9999 -9999 -9999 -9999 -9999 -9999 -9999 -9999 -9999 -9999 -9999 -9999 -9999 -9999 -9999 -9999 0.0154793309047818 0.0127051873132586 0.00750778382644057 0.00121023028623313 0.0148360505700111 0.0313856564462185 0.454305440187454 0.489030838012695 0.513414263725281 0.529481589794159 0.695735156536102 0.687706649303436 0.515094041824341 0.438646703958511 0.343885093927383 0.304420560598373 0.301907658576965 0.303175270557404 0.306455671787262 0.307044804096222 0.304841041564941 0.324894160032272 0.341481536626816 0.357876181602478 0.374469846487045 0.388818114995956 0.435628324747086 0.449919164180756 0.487908542156219
-9999 -9999 -9999 -9999 -9999 -9999 -9999 -9999 -9999 -9999 -9999 -9999 -9999 -9999 -9999 -9999 -9999 -9999 -9999 -9999 -9999 -9999 -9999 -9999 -9999 -9999 0.0143723525106907 0.0111026540398598 0.00788059178739786 0.0106613840907812 0.0186926294118166 0.311553418636322 0.477871924638748 0.503297388553619 0.52006459236145 0.525702834129333 0.644517004489899 0.639009952545166 0.658848702907562 0.511049389839172 0.476737290620804 0.45813062787056 0.300317883491516 0.305461317300797 0.308781057596207 0.311559289693832 0.316601514816284 0.329488188028336 0.345147609710693 0.360626667737961 0.375499755144119 0.389127552509308 0.402299553155899 0.44558522105217 0.458908051252365
-9999 -9999 -9999 -9999 -9999 -9999 -9999 -9999 -9999 -9999 -9999 -9999 -9999 -9999 -9999 -9999 -9999 -9999 -9999 -9999 -9999 -9999 -9999 -9999 -9999 -9999 0.0135046746581793 0.0101372450590134 0.0103658754378557 0.0119951674714684 0.0229327511042356 0.364107251167297 0.490127891302109 0.510439395904541 0.518632233142853 0.683702051639557 0.638943254947662 0.588408648967743 0.495098918676376 0.491971552371979 0.477357059717178 0.460598796606064 0.308473140001297 0.314114272594452 0.315894544124603 0.319463312625885 0.324414163827896 0.336644560098648 0.350521892309189 0.359902858734131 0.370163083076477 0.381635040044785 0.391014218330383 0.400639355182648 0.410096228122711
-9999 -9999 -9999 -9999 -9999 -9999 -9999 -9999 -9999 -9999 -9999 -9999 -9999 -9999 -9999 -9999 -9999 -9999 -9999 -9999 -9999 -9999 -9999 -9999 -9999 -9999 0.012378646992147 0.0102135203778744 0.0113560371100903 0.0138714853674173 0.0264136325567961 0.423583149909973 0.499663919210434 0.511088252067566 0.515802800655365 0.590296268463135 0.524804413318634 0.497118651866913 0.470221877098083 0.499871164560318 0.495869994163513 0.494780302047729 0.328094244003296 0.324050515890121 0.323935121297836 0.329441040754318 0.336396545171738 0.341901242733002 0.347128331661224 0.354051470756531 0.362066566944122 0.370573699474335 0.378701001405716 0.386637926101685 0.394987046718597
-9999 -9999 -9999 -9999 -9999 -9999 -9999 -9999 -9999 -9999 -9999 -9999 -9999 -9999 -9999 -9999 -9999 -9999 -9999 -9999 -9999 -9999 -9999 -9999 -9999 -9999 0.01224728487432 0.0109449746087193 0.00949243921786547 0.0150986900553107 0.238059937953949 0.476288706064224 0.507251799106598 0.467991411685944 0.576952695846558 0.504522979259491 0.478299707174301 0.463261961936951 0.503273963928223 0.497632592916489 0.498920619487762 0.503834068775177 0.331406712532043 0.322075933218002 0.32026344537735 0.325087696313858 0.331553995609283 0.337188452482224 0.342079520225525 0.347489506006241 0.353466689586639 0.360162734985352 0.366287499666214 0.373171120882034 0.37989068031311
-9999 -9999 -9999 -9999 -9999 -9999 -9999 -9999 -9999 -9999 -9999 -9999 -9999 -9999 -9999 -9999 -9999 -9999 -9999 -9999 -9999 -9999 -9999 -9999 -9999 -9999 0.0133162466809154 0.0118539500981569 0.0100025478750467 0.0157605912536383 0.283675134181976 0.436557024717331 0.497758984565735 0.417233467102051 0.505759716033936 0.485192805528641 0.468181699514389 0.452755182981491 0.440918624401093 0.487598836421967 0.496375441551208 0.500399708747864 0.329114973545074 0.319085359573364 0.316438764333725 0.321770131587982 0.329340636730194 0.333674550056458 0.336842507123947 0.34122696518898 0.345883458852768 0.350707828998566 0.355518668889999 0.360104113817215 0.365691483020782
-9999 -9999 -9999 -9999 -9999 -9999 -9999 -9999 -9999 -9999 -9999 -9999 -9999 -9999 -9999 -9999 -9999 -9999 -9999 -9999 -9999 -9999 -9999 -9999 -9999 -9999 0.0151314763352275 0.0133204031735659 0.010082402266562 0.0154391964897513 0.276794105768204 0.394834816455841 0.453297346830368 0.398306399583817 0.488230019807816 0.472336620092392 0.460969746112823 0.444378554821014 0.430199444293976 0.478369057178497 0.489357501268387 0.49614006280899 0.325433343648911 0.314725965261459 0.31186705827713 0.318113297224045 0.326294511556625 0.329675048589706 0.331749081611633 0.334864944219589 0.338204592466354 0.342263430356979 0.345587521791458 0.34872779250145 0.35256764292717
-9999 -9999 -9999 -9999 -9999 -9999 -9999 -9999 -9999 -9999 -9999 -9999 -9999 -9999 -9999 -9999 -9999 -9999 -9999 -9999 -9999 -9999 -9999 -9999 -9999 -9999 0.0167779084295034 0.0146268317475915 0.00997109338641167 0.0146997449919581 0.0258555039763451 0.368089705705643 0.399648129940033 0.381378620862961 0.52560830116272 0.463773757219315 0.453474313020706 0.439389705657959 0.475112199783325 0.474025279283524 0.485071986913681 0.491983324289322 0.322087615728378 0.311211705207825 0.308041989803314 0.313989549875259 0.321308076381683 0.324612617492676 0.326218724250793 0.328837543725967 0.332042425870895 0.335104614496231 0.337630897760391 0.339470565319061 0.342028051614761
-9999 -9999 -9999 -9999 -9999 -9999 -9999 -9999 -9999 -9999 -9999 -9999 -9999 -9999 -9999 -9999 -9999 -9999 -9999 -9999 -9999 -9999 -9999 -9999 -9999 -9999 0.0197088606655598 0.0170113109052181 0.0109229134395719 0.00180630479007959 0.02338532730937 0.337468206882477 0.370897561311722 0.362029999494553 0.511791229248047 0.504302680492401 0.497428208589554 0.484987318515778 0.473243951797485 0.472235769033432 0.482104063034058 0.326004534959793 0.318535089492798 0.307577699422836 0.304249256849289 0.309286803007126 0.31594380736351 0.318923532962799 0.320372551679611 0.32288122177124 0.325761497020721 0.32863050699234 0.330320507287979 0.331091076135635 0.331565320491791
-9999 -9999 -9999 -9999 -9999 -9999 -9999 -9999 -9999 -9999 -9999 -9999 -9999 -9999 -9999 -9999 -9999 -9999 -9999 -9999 -9999 -9999 -9999 -9999 -9999 -9999 0.0451768971979618 0.0190973822027445 0.0119749614968896 0.001691471086815 0.020734004676342 0.300760447978973 0.339786291122437 0.341783285140991 0.496538996696472 0.494992733001709 0.493436485528946 0.481888025999069 0.471794933080673 0.470883131027222 0.478586107492447 0.484169512987137 0.31430658698082 0.30377671122551 0.0394980274140835 0.304758787155151 0.31045538187027 0.31320708990097 0.314617812633514 0.317256510257721 0.32051557302475 0.323228299617767 0.324325770139694 0.323026567697525 0.322802364826202
-9999 -9999 -9999 -9999 -9999 -9999 -9999 -9999 -9999 -9999 -9999 -9999 -9999 -9999 -9999 -9999 -9999 -9999 -9999 -9999 -9999 -9999 -9999 -9999 -9999 0.0395292043685913 0.0505338534712791 0.0222705770283937 0.0263619124889374 0.00157303770538419 0.0182646755129099 0.0336500033736229 0.306851238012314 0.317884385585785 0.31596651673317 0.478034973144531 0.479031592607498 0.471266806125641 0.0766178965568542 0.0766000375151634 0.0780615359544754 0.473479151725769 0.0772329568862915 0.0392135865986347 0.0387985445559025 0.0394224487245083 0.304952770471573 0.307357102632523 0.309262454509735 0.312365382909775 0.315970212221146 0.318714916706085 0.318460285663605 0.316527843475342 0.314719885587692
