meets/meet006/_saidas_enm/CCSM_Maxent_0k_S_lineola5.asc
NCOLS 154 
NROWS 168 
XLLCORNER -112 
YLLCORNER -55.5 
CELLSIZE 0.5 
NODATA_value -9999 
[rows 50 to 74 of 168, columns 56 to 111 of 154]
-9999 -9999 -9999 -9999 -9999 -9999 -9999 -9999 -9999 -9999 -9999 -9999 -9999 0.867269456386566 0.74521666765213 0.575495541095734 0.528062462806702 0.385872840881348 0.403113603591919 0.581260740756989 0.598462879657745 0.542438745498657 0.460965365171432 0.40905824303627 0.417525261640549 0.430720329284668 0.430622279644012 0.445541650056839 0.459608018398285 0.483093619346619 0.491483628749847 0.451224863529205 0.39381343126297 0.358656823635101 0.300226360559464 0.343804687261581 0.409827023744583 0.445793300867081 0.46881240606308 0.481499999761581 0.458246856927872 0.477092713117599 0.465825140476227 0.44743824005127 0.374729245901108 0.372819483280182 0.388431966304779 0.361383587121964 0.351205617189407 0.359673529863358 0.329601138830185 0.324574947357178 0.299326151609421 0.228854298591614 0.237705081701279 0.233320772647858
-9999 -9999 -9999 -9999 -9999 -9999 -9999 -9999 -9999 -9999 -9999 -9999 -9999 0.745949268341064 0.67602151632309 0.570062875747681 0.53919118642807 0.55558317899704 0.577917993068695 0.57312798500061 0.550328075885773 0.493152558803558 0.4272580742836 0.388627052307129 0.39134207367897 0.410956799983978 0.42426797747612 0.440376162528992 0.464510530233383 0.497469037771225 0.50094085931778 0.456222504377365 0.390262484550476 0.344921916723251 0.28012090921402 0.292603045701981 0.37355974316597 0.404352396726608 0.429363280534744 0.445954650640488 0.443475544452667 0.448585778474808 0.438275516033173 0.424896329641342 0.363311558961868 0.338493496179581 0.381358325481415 0.365905284881592 0.356637120246887 0.351644963026047 0.283119142055511 0.264786422252655 0.237269550561905 0.214858204126358 0.235475495457649 0.233552530407906
-9999 -9999 -9999 -9999 -9999 -9999 -9999 -9999 -9999 -9999 -9999 0.711116194725037 0.695958256721497 0.620700597763062 0.615675389766693 0.573836803436279 0.534804880619049 0.54279500246048 0.542956948280334 0.528269529342651 0.501324534416199 0.458612978458405 0.416038513183594 0.394159972667694 0.404256075620651 0.423407524824142 0.442973226308823 0.468220323324203 0.50029045343399 0.538671255111694 0.542672455310822 0.475817561149597 0.399665534496307 0.348230212926865 0.285189479589462 0.302405476570129 0.327877700328827 0.39893451333046 0.41728675365448 0.435820609331131 0.438977509737015 0.437822937965393 0.427523076534271 0.418731182813644 0.36852702498436 0.360640704631805 0.350022464990616 0.390415251255035 0.378377288579941 0.307279884815216 0.286458611488342 0.252647191286087 0.220966786146164 0.199166595935822 0.226504787802696 0.228325739502907
-9999 -9999 -9999 -9999 -9999 -9999 -9999 -9999 -9999 -9999 0.686008155345917 0.725377440452576 0.657304883003235 0.591016530990601 0.574289202690125 0.589489459991455 0.555694580078125 0.486309617757797 0.453663140535355 0.460274487733841 0.454488277435303 0.443422555923462 0.434922009706497 0.431794494390488 0.438751339912415 0.453797876834869 0.483002305030823 0.520613074302673 0.554250299930573 0.577399849891663 0.572728335857391 0.490407705307007 0.399712800979614 0.346374541521072 0.287172913551331 0.30197075009346 0.328543871641159 0.355412125587463 0.370092034339905 0.379751175642014 0.431621730327606 0.425936818122864 0.418523102998734 0.366494625806808 0.365755200386047 0.365035235881805 0.410318106412888 0.399257868528366 0.382603138685226 0.299777001142502 0.265758603811264 0.236926078796387 0.208079636096954 0.219643980264664 0.222122758626938 0.227043077349663
-9999 -9999 -9999 -9999 -9999 -9999 -9999 -9999 -9999 -9999 0.663905024528503 0.6332927942276 0.5948086977005 0.371434807777405 0.537299036979675 0.599627435207367 0.549318432807922 0.452475070953369 0.405294895172119 0.416556835174561 0.418648809194565 0.43751934170723 0.457539856433868 0.474062025547028 0.499490886926651 0.520653605461121 0.557037353515625 0.58927595615387 0.583340346813202 0.571854114532471 0.56669682264328 0.504913449287415 0.403899639844894 0.347295612096786 0.336467981338501 0.303544253110886 0.326393812894821 0.354005306959152 0.368455290794373 0.371595501899719 0.371784061193466 0.36098575592041 0.354169309139252 0.349245935678482 0.402867794036865 0.410065352916718 0.398575127124786 0.378101199865341 0.354498207569122 0.278837978839874 0.293719321489334 0.271720707416534 0.246733620762825 0.226183518767357 0.231097087264061 0.234545350074768
-9999 -9999 -9999 -9999 -9999 -9999 -9999 -9999 0.673133373260498 0.6039217710495 0.500546514987946 0.543919146060944 0.380756199359894 0.336515843868256 0.531874179840088 0.548055350780487 0.499065071344376 0.431512087583542 0.380376487970352 0.402880251407623 0.444898575544357 0.461774736642838 0.477588623762131 0.50558477640152 0.539609014987946 0.544983446598053 0.533086597919464 0.510097503662109 0.500270307064056 0.501951575279236 0.48553878068924 0.453963935375214 0.413284510374069 0.36001718044281 0.343897849321365 0.357135862112045 0.376628637313843 0.39963099360466 0.411949068307877 0.415566772222519 0.414156317710876 0.401401489973068 0.389907330274582 0.38472506403923 0.385649234056473 0.385906487703323 0.379033446311951 0.371298849582672 0.356556832790375 0.328224927186966 0.311287045478821 0.292212456464767 0.273286461830139 0.252634018659592 0.247059240937233 0.251622051000595
-9999 -9999 -9999 -9999 -9999 -9999 -9999 -9999 0.571796357631683 0.516411125659943 0.438234359025955 0.42600890994072 0.318054109811783 0.318853110074997 0.52261084318161 0.516452014446259 0.466752916574478 0.412630438804626 0.373617678880692 0.41194811463356 0.459735721349716 0.466636657714844 0.47289964556694 0.469094544649124 0.475211679935455 0.479103207588196 0.462840050458908 0.453507572412491 0.44523224234581 0.439469218254089 0.430465310811996 0.411332368850708 0.391603648662567 0.377345383167267 0.355305880308151 0.357400149106979 0.364491164684296 0.379863023757935 0.387800097465515 0.389512449502945 0.392747789621353 0.383797734975815 0.37635937333107 0.367927879095078 0.361423254013062 0.359708160161972 0.35332915186882 0.394201397895813 0.379619777202606 0.359271466732025 0.294389188289642 0.277191460132599 0.269732445478439 0.258936107158661 0.252280801534653 0.258508682250977
-9999 -9999 -9999 -9999 -9999 -9999 -9999 0.710035085678101 0.585697114467621 0.507809400558472 0.459797471761703 0.447654455900192 0.295768678188324 0.454774081707001 0.49555629491806 0.503900229930878 0.445732414722443 0.402062147855759 0.368526697158813 0.393671423196793 0.424364328384399 0.421481162309647 0.408525317907333 0.405229121446609 0.414332002401352 0.419660449028015 0.417289406061172 0.408951878547668 0.404460370540619 0.404797315597534 0.402729213237762 0.391911178827286 0.381389170885086 0.373340517282486 0.367499351501465 0.357771039009094 0.360113501548767 0.360072582960129 0.36243087053299 0.373061835765839 0.367970198392868 0.363351732492447 0.358359754085541 0.350414335727692 0.34408888220787 0.384959399700165 0.378034025430679 0.369314908981323 0.354953110218048 0.335732698440552 0.267756223678589 0.25175067782402 0.234725505113602 0.232508659362793 0.24259677529335 0.250384271144867
-9999 -9999 -9999 -9999 -9999 -9999 -9999 0.670987010002136 0.571690678596497 0.473287731409073 0.479349285364151 0.453154593706131 0.442167401313782 0.468606740236282 0.482625156641006 0.472092092037201 0.42514830827713 0.380392879247665 0.346746295690536 0.360942542552948 0.379282474517822 0.375695824623108 0.369314670562744 0.369490534067154 0.377885788679123 0.383293688297272 0.383231550455093 0.380098819732666 0.377740114927292 0.377663761377335 0.378063440322876 0.373637139797211 0.370452970266342 0.367149263620377 0.365730583667755 0.364845544099808 0.352232366800308 0.341634005308151 0.341393679380417 0.348717540502548 0.351444721221924 0.353140532970428 0.350803226232529 0.344905376434326 0.385638833045959 0.380409210920334 0.375800728797913 0.365190356969833 0.348132491111755 0.328242838382721 0.257522135972977 0.238128110766411 0.217386916279793 0.214625298976898 0.231195256114006 0.248324677348137
-9999 -9999 -9999 -9999 -9999 -9999 0.614153861999512 0.636654913425446 0.569685399532318 0.483943432569504 0.471852570772171 0.466013461351395 0.476184219121933 0.492211401462555 0.474159568548203 0.435719430446625 0.391201972961426 0.349901646375656 0.330976814031601 0.345677822828293 0.363216310739517 0.361161053180695 0.356998115777969 0.357451826334 0.363225728273392 0.369636207818985 0.366803973913193 0.362110525369644 0.360941290855408 0.361692130565643 0.362088114023209 0.360558748245239 0.358630269765854 0.358087778091431 0.361351132392883 0.364119082689285 0.360423445701599 0.359743922948837 0.359500616788864 0.361798852682114 0.36755034327507 0.361769109964371 0.35682412981987 0.393166691064835 0.381819009780884 0.371890932321548 0.364384323358536 0.356657326221466 0.342618614435196 0.325668007135391 0.261153072118759 0.241035938262939 0.222988396883011 0.215736642479897 0.228175073862076 0.252636611461639
-9999 -9999 -9999 -9999 -9999 -9999 0.58092474937439 0.647784948348999 0.598301231861115 0.515288650989532 0.498562783002853 0.481362581253052 0.498686581850052 0.502503216266632 0.475042879581451 0.427980303764343 0.384515017271042 0.348268508911133 0.334169954061508 0.345178633928299 0.359119147062302 0.357564091682434 0.353939175605774 0.355612128973007 0.36109784245491 0.365209609270096 0.361486703157425 0.354768216609955 0.352175354957581 0.352460950613022 0.35245218873024 0.350992947816849 0.349720150232315 0.350415021181107 0.35389107465744 0.359098494052887 0.35908517241478 0.359539359807968 0.358074188232422 0.356234282255173 0.355401366949081 0.394729167222977 0.388665795326233 0.381171226501465 0.373862355947495 0.367205947637558 0.361400038003922 0.354392856359482 0.342942267656326 0.330137640237808 0.315653413534164 0.255916386842728 0.243781834840775 0.238523498177528 0.236117050051689 0.253443270921707
-9999 -9999 -9999 -9999 -9999 -9999 0.564887285232544 0.672321677207947 0.63589733839035 0.540309190750122 0.514744937419891 0.440306782722473 0.50395542383194 0.494125813245773 0.463518351316452 0.422462552785873 0.385642349720001 0.356477916240692 0.341596573591232 0.34747776389122 0.357058882713318 0.354738175868988 0.352126628160477 0.354177951812744 0.358253389596939 0.362430602312088 0.357306450605392 0.352191597223282 0.347792625427246 0.346575736999512 0.347233235836029 0.34503099322319 0.344302296638489 0.344921767711639 0.347581535577774 0.352714419364929 0.35357478260994 0.354442566633224 0.351837515830994 0.347592204809189 0.388179749250412 0.380288630723953 0.375847846269608 0.370804220438004 0.368232309818268 0.367461949586868 0.359561026096344 0.354163229465485 0.345922917127609 0.334562957286835 0.325544059276581 0.317995816469193 0.315161973237991 0.265838742256165 0.258731007575989 0.306755632162094
-9999 -9999 -9999 -9999 -9999 -9999 -9999 0.692043602466583 0.662048757076263 0.560159862041473 0.513471245765686 0.432119816541672 0.495276898145676 0.485742181539536 0.452214241027832 0.413168847560883 0.384184032678604 0.358394652605057 0.344248384237289 0.348104119300842 0.355052173137665 0.354678243398666 0.353679567575455 0.355754226446152 0.359599411487579 0.361241608858109 0.358289986848831 0.352805316448212 0.348371982574463 0.34630560874939 0.345622956752777 0.344317823648453 0.342822700738907 0.343020975589752 0.344815015792847 0.346956133842468 0.349048435688019 0.349479287862778 0.346533894538879 0.38831889629364 0.38136288523674 0.376220136880875 0.37101736664772 0.366990566253662 0.36678421497345 0.365344554185867 0.36338672041893 0.359621971845627 0.354310870170593 0.348188191652298 0.343205362558365 0.340679526329041 0.339992672204971 0.339613109827042 0.336027324199677 0.336808919906616
-9999 -9999 -9999 -9999 -9999 -9999 -9999 -9999 0.67902946472168 0.562033176422119 0.484214097261429 0.4647296667099 0.48195943236351 0.464101105928421 0.428850829601288 0.391394555568695 0.370500266551971 0.351304262876511 0.340594440698624 0.344500988721848 0.349691241979599 0.351000010967255 0.353042513132095 0.355534493923187 0.357548594474792 0.360147535800934 0.355576068162918 0.351960510015488 0.348605453968048 0.344299048185349 0.345176428556442 0.34295728802681 0.342276066541672 0.342135101556778 0.342182248830795 0.342947155237198 0.390251576900482 0.39128252863884 0.389030694961548 0.385096520185471 0.38029021024704 0.374055027961731 0.369129985570908 0.36730021238327 0.368080079555511 0.369216293096542 0.369512021541595 0.371814429759979 0.370296001434326 0.366180598735809 0.366482824087143 0.362682461738586 0.363719165325165 0.365467697381973 0.362370610237122 0.366805195808411
-9999 -9999 -9999 -9999 -9999 -9999 0.662554681301117 0.691434800624847 0.665504157543182 0.558497786521912 0.487594157457352 0.404583156108856 0.463080018758774 0.444748193025589 0.402827620506287 0.310743868350983 0.296172261238098 0.295821487903595 0.337936550378799 0.338704019784927 0.343832105398178 0.347798109054565 0.353054285049438 0.402622371912003 0.403436213731766 0.4032122194767 0.400892466306686 0.398516863584518 0.396085470914841 0.392886728048325 0.388901054859161 0.390487521886826 0.390049070119858 0.390657216310501 0.391917914152145 0.392633467912674 0.393787801265717 0.39356529712677 0.392235696315765 0.391984581947327 0.389478832483292 0.387678802013397 0.385095775127411 0.38280862569809 0.382936984300613 0.383097916841507 0.385756075382233 0.388025999069214 0.388018131256104 0.386668801307678 0.385035037994385 0.384529948234558 0.386104673147202 0.391044437885284 0.396404802799225 0.405568242073059
-9999 -9999 -9999 -9999 -9999 0.60842490196228 0.651876926422119 0.66566014289856 0.646188318729401 0.541515111923218 0.474104076623917 0.388398319482803 0.382024526596069 0.356495350599289 0.303383827209473 0.26763990521431 0.261196494102478 0.275338143110275 0.281560838222504 0.278498739004135 0.283651024103165 0.287769705057144 0.3940449655056 0.39889007806778 0.396581143140793 0.397267520427704 0.395198464393616 0.396289944648743 0.396030306816101 0.388020634651184 0.384680569171906 0.381756037473679 0.384192228317261 0.38946807384491 0.394885390996933 0.399173349142075 0.399684190750122 0.402310907840729 0.403142511844635 0.403356581926346 0.403310924768448 0.400000184774399 0.400257378816605 0.397806018590927 0.39636954665184 0.395904958248138 0.397859305143356 0.402959197759628 0.351026713848114 0.34920734167099 0.348041325807571 0.349736988544464 0.352846741676331 0.360584110021591 0.425278931856155 0.443618476390839
-9999 -9999 -9999 -9999 -9999 0.63312029838562 0.590238749980927 0.636698961257935 0.56252133846283 0.49779748916626 0.381844758987427 0.354655683040619 0.33267542719841 0.304788202047348 0.264267712831497 0.227431297302246 0.229743078351021 0.241494402289391 0.248655170202255 0.258195489645004 0.305806368589401 0.316002309322357 0.3255814909935 0.330915927886963 0.334375232458115 0.335351645946503 0.336231499910355 0.333815634250641 0.330953627824783 0.329419046640396 0.380942583084106 0.382256805896759 0.386408656835556 0.393733441829681 0.401734292507172 0.405332744121552 0.407484233379364 0.408839166164398 0.410249471664429 0.412380814552307 0.411790579557419 0.410840511322021 0.409399300813675 0.407624483108521 0.354131042957306 0.354597121477127 0.356951177120209 0.359969645738602 0.36164265871048 0.363273471593857 0.365436017513275 0.368054032325745 0.373201847076416 0.38190621137619 0.391766339540482 0.459987610578537
-9999 -9999 -9999 -9999 -9999 -9999 0.626489460468292 0.611681640148163 0.520639300346375 0.414697557687759 0.350716233253479 0.351398229598999 0.319542407989502 0.291564106941223 0.262173414230347 0.202537938952446 0.213555201888084 0.215196460485458 0.219396084547043 0.270463109016418 0.27621778845787 0.293647259473801 0.303055435419083 0.311466753482819 0.319122970104218 0.319723218679428 0.321271538734436 0.319133698940277 0.319699704647064 0.322534561157227 0.324839204549789 0.330482304096222 0.335847973823547 0.344852983951569 0.407845020294189 0.411911964416504 0.414264976978302 0.415282279253006 0.416721701622009 0.419969618320465 0.420335441827774 0.420032918453217 0.364778071641922 0.363395512104034 0.365370690822601 0.365318685770035 0.367525339126587 0.369909405708313 0.371868133544922 0.374581336975098 0.379933267831802 0.384205490350723 0.391531050205231 0.401185363531113 0.410058528184891 0.419025331735611
-9999 -9999 -9999 -9999 -9999 -9999 0.640728950500488 0.585383951663971 0.485601305961609 0.406476408243179 0.378675132989883 0.385291129350662 0.387331426143646 0.370362639427185 0.325804501771927 0.274961590766907 0.228404447436333 0.191290348768234 0.215537428855896 0.242338508367538 0.268730580806732 0.275549113750458 0.277590543031693 0.284656375646591 0.297634124755859 0.307031631469727 0.305699527263641 0.302725672721863 0.304260820150375 0.31167533993721 0.320511430501938 0.325358957052231 0.331857204437256 0.341511130332947 0.354004800319672 0.35942667722702 0.361246585845947 0.362462133169174 0.364801973104477 0.368116140365601 0.370873004198074 0.371252566576004 0.371275842189789 0.371207803487778 0.372795403003693 0.374094486236572 0.375570118427277 0.376934945583344 0.377546787261963 0.37820491194725 0.381366372108459 0.391190826892853 0.403041392564774 0.413353562355042 0.421626418828964 0.429746627807617
-9999 -9999 -9999 -9999 -9999 -9999 0.620409071445465 0.591497004032135 0.512561023235321 0.442793279886246 0.427710831165314 0.429861932992935 0.421373784542084 0.421933084726334 0.395485103130341 0.340890884399414 0.253972083330154 0.177711337804794 0.190328374505043 0.226122558116913 0.261706531047821 0.262380361557007 0.25474938750267 0.261150479316711 0.279793798923492 0.293774574995041 0.291862994432449 0.285951018333435 0.28905326128006 0.301244884729385 0.311906814575195 0.318254917860031 0.322651624679565 0.333141207695007 0.348124831914902 0.359466433525085 0.363960057497025 0.363597273826599 0.366522789001465 0.372808754444122 0.374383479356766 0.377823323011398 0.377899348735809 0.378200232982635 0.38227716088295 0.38225382566452 0.384801089763641 0.384031772613525 0.384242832660675 0.385019838809967 0.384020179510117 0.40047898888588 0.414124608039856 0.425915747880936 0.436338812112808 0.441133588552475
-9999 -9999 -9999 -9999 -9999 -9999 -9999 -9999 0.622558951377869 0.516192495822906 0.527177274227142 0.283972650766373 0.254234343767166 0.243249148130417 0.2605000436306 0.367820560932159 0.268619298934937 0.175848722457886 0.149293884634972 0.210085183382034 0.250545650720596 0.247156172990799 0.231992289423943 0.23613066971302 0.25678551197052 0.274353563785553 0.273892939090729 0.268771469593048 0.271548122167587 0.283373057842255 0.29518061876297 0.300399363040924 0.30504122376442 0.315140932798386 0.330752819776535 0.347549885511398 0.357707738876343 0.361080378293991 0.36547589302063 0.369790256023407 0.374711930751801 0.377455025911331 0.379875719547272 0.381969451904297 0.38499915599823 0.387551248073578 0.388876557350159 0.389940768480301 0.389722853899002 0.389000773429871 0.393676429986954 0.405379861593246 0.421349346637726 0.433608204126358 0.443089157342911 0.450940817594528
-9999 -9999 -9999 -9999 -9999 -9999 -9999 -9999 0.686160504817963 0.680181384086609 0.591344833374023 0.353670924901962 0.242873847484589 0.259078353643417 0.230385661125183 0.392794340848923 0.290611445903778 0.177455648779869 0.145106241106987 0.209467843174934 0.245202049612999 0.23680604994297 0.215060278773308 0.218118131160736 0.242447674274445 0.259963005781174 0.260675936937332 0.254462629556656 0.257571130990982 0.270632773637772 0.279734164476395 0.285369277000427 0.287419825792313 0.297540366649628 0.315350353717804 0.331153601408005 0.344997644424438 0.356123328208923 0.362748146057129 0.369659662246704 0.373649090528488 0.378775149583817 0.381172329187393 0.384472101926804 0.390569597482681 0.392634987831116 0.394659996032715 0.394741415977478 0.3942891061306 0.395162492990494 0.396789997816086 0.407930791378021 0.422050327062607 0.437478005886078 0.453378438949585 0.465155154466629
-9999 -9999 -9999 -9999 -9999 -9999 -9999 -9999 -9999 0.712322950363159 0.63955283164978 0.409157544374466 0.303849995136261 0.242326661944389 0.208516627550125 0.245062321424484 0.318919509649277 0.196434020996094 0.152338042855263 0.206333220005035 0.240320488810539 0.228460997343063 0.207728311419487 0.209922075271606 0.229697927832603 0.248739019036293 0.249775663018227 0.245736092329025 0.248342126607895 0.257628500461578 0.26669105887413 0.269734144210815 0.272715538740158 0.281043171882629 0.295451551675797 0.31137689948082 0.324106097221375 0.336956053972244 0.350734561681747 0.362090826034546 0.369160324335098 0.373749077320099 0.37902694940567 0.384915798902512 0.389763027429581 0.39480596780777 0.396076172590256 0.396859854459763 0.396539658308029 0.394509106874466 0.396299093961716 0.403363585472107 0.415040135383606 0.432169705629349 0.458734303712845 0.484626471996307
-9999 -9999 -9999 -9999 -9999 -9999 -9999 -9999 -9999 -9999 0.731818020343781 0.534160554409027 0.327870666980743 0.28310489654541 0.238575980067253 0.241443306207657 0.374307602643967 0.269480317831039 0.204607248306274 0.222230285406113 0.242748603224754 0.229000493884087 0.20742891728878 0.207501381635666 0.2265894562006 0.241726785898209 0.242841467261314 0.239192232489586 0.241265654563904 0.25024887919426 0.256933361291885 0.259002923965454 0.259742200374603 0.26699486374855 0.280947923660278 0.294591069221497 0.306484222412109 0.317213356494904 0.331077098846436 0.34703654050827 0.361901670694351 0.371110022068024 0.375713914632797 0.382651627063751 0.391996800899506 0.398242950439453 0.400195211172104 0.399526536464691 0.398981690406799 0.399226993322372 0.400892466306686 0.406888842582703 0.416555553674698 0.43472558259964 0.465076506137848 0.491641312837601
-9999 -9999 -9999 -9999 -9999 -9999 -9999 -9999 -9999 -9999 -9999 0.617760062217712 0.394074589014053 0.239985212683678 0.237431809306145 0.28577196598053 0.484713524580002 0.337258517742157 0.250945180654526 0.250815242528915 0.245488971471786 0.2292660176754 0.214967355132103 0.213908702135086 0.225309789180756 0.234731405973434 0.236506298184395 0.236457020044327 0.238151252269745 0.243318662047386 0.24690406024456 0.248955994844437 0.251536905765533 0.257488042116165 0.268036335706711 0.27777299284935 0.290273934602737 0.301696985960007 0.315370470285416 0.331014484167099 0.344826489686966 0.360606700181961 0.373892575502396 0.382688999176025 0.393023908138275 0.400099068880081 0.403133809566498 0.404423832893372 0.405047297477722 0.405568212270737 0.408184409141541 0.416492253541946 0.430876404047012 0.446256875991821 0.463695585727692 0.465577602386475
