meets/meet006/_saidas_enm/CCSM_Maxent_0k_T_nigriceps4.asc
NCOLS 154 
NROWS 168 
XLLCORNER -112 
YLLCORNER -55.5 
CELLSIZE 0.5 
NODATA_value -9999 
[rows 50 to 74 of 168, columns 55 to 109 of 154]
-9999 -9999 -9999 -9999 -9999 -9999 -9999 -9999 -9999 -9999 -9999 -9999 -9999 -9999 0.0130769656971097 0.0894132927060127 0.097715400159359 0.0992642417550087 0.144444197416306 0.144905418157578 0.184327840805054 0.146859660744667 0.125388994812965 0.0566000640392303 0.0170498490333557 0.0171196013689041 0.0238847658038139 0.00347907841205597 0.00349069037474692 0.0034331576898694 0.00337464432232082 0.00328465085476637 0.00338305020704865 0.00321908947080374 0.00354777253232896 0.0496557913720608 0.0494176670908928 0.0704353079199791 0.117320366203785 0.124376177787781 0.0868059992790222 0.0686516985297203 0.0752010941505432 0.0666416883468628 0.0224759057164192 0.0166401974856853 0.00473674945533276 0.00584088638424873 0.00517886457964778 0.00525101739913225 0.00619363458827138 0.006023024674505 0.00476425653323531 0.0163876693695784 0.0159049462527037
-9999 -9999 -9999 -9999 -9999 -9999 -9999 -9999 -9999 -9999 -9999 -9999 -9999 -9999 0.0845753028988838 0.0939137488603592 0.0922242626547813 0.0946566984057426 0.183221235871315 0.156189143657684 0.141964808106422 0.132025018334389 0.100018061697483 0.0169093403965235 0.00735617708414793 0.0033470019698143 0.00338669703342021 0.00329556874930859 0.00319183641113341 0.00308202835731208 0.00301120826043189 0.00293150497600436 0.00289446418173611 0.00286609819158912 0.00310182175599039 0.00357997277751565 0.0465115532279015 0.0530178137123585 0.0605817325413227 0.0619090981781483 0.0706121250987053 0.0641281753778458 0.0259628538042307 0.0228673964738846 0.0195060465484858 0.0164363328367472 0.0203142855316401 0.019902553409338 0.0167270991951227 0.0171290412545204 0.00647316640242934 0.00479757506400347 0.00513165537267923 0.0168489720672369 0.0161807909607887
-9999 -9999 -9999 -9999 -9999 -9999 -9999 -9999 -9999 -9999 -9999 -9999 0.0129134710878134 0.0872633457183838 0.132809162139893 0.0948768332600594 0.089906170964241 0.0902240425348282 0.0933109521865845 0.239660233259201 0.16833920776844 0.152472451329231 0.0277122016996145 0.0106511693447828 0.00884228851646185 0.00338596664369106 0.0032918811775744 0.00312241190113127 0.00299204187467694 0.00285746669396758 0.00276918988674879 0.00270535843446851 0.00268026301637292 0.00271508400328457 0.00298289931379259 0.00349045731127262 0.0481068901717663 0.0514075011014938 0.0528385527431965 0.0581485591828823 0.0580002143979073 0.056475605815649 0.0244307946413755 0.0220502335578203 0.0199678726494312 0.0189060214906931 0.0154647491872311 0.0144549431279302 0.0143590299412608 0.0167345814406872 0.00573516683652997 0.00597763946279883 0.00574440602213144 0.0177670493721962 0.0163249168545008
-9999 -9999 -9999 -9999 -9999 -9999 -9999 -9999 -9999 -9999 -9999 0.0108387628570199 0.0787679180502892 0.0988153740763664 0.0952881798148155 0.0904072895646095 0.0869641900062561 0.119350627064705 0.0790046155452728 0.0673588365316391 0.0609209053218365 0.021233020350337 0.0113374711945653 0.00999803561717272 0.0089251734316349 0.00830847397446632 0.00316672562621534 0.00295610865578055 0.00278567662462592 0.00263707060366869 0.0026119751855731 0.00257704011164606 0.00250255153514445 0.00257934350520372 0.00285143125802279 0.00333848036825657 0.0198463164269924 0.0501616038382053 0.0514742061495781 0.0567731224000454 0.055213775485754 0.0524210892617702 0.0199795160442591 0.0184851437807083 0.0174932256340981 0.0171183627098799 0.0172488335520029 0.0173769872635603 0.00557823339477181 0.00661251181736588 0.00650115078315139 0.0206281207501888 0.0189227256923914 0.0175048056989908 0.0151498848572373
-9999 -9999 -9999 -9999 -9999 -9999 -9999 -9999 -9999 -9999 -9999 0.171324372291565 0.0953241363167763 0.0979700013995171 0.0930433794856071 0.115309178829193 0.111912935972214 0.0768152475357056 0.0400087684392929 0.0102398907765746 0.0102442437782884 0.00972165167331696 0.00952087342739105 0.0093193631619215 0.00870180502533913 0.0081208785995841 0.00303079653531313 0.00279400893487036 0.00264136563055217 0.00255714962258935 0.0025344758760184 0.00249618804082274 0.00237112632021308 0.00244082324206829 0.00270528416149318 0.00315528409555554 0.00911270640790462 0.0150162111967802 0.0159330870956182 0.0508895516395569 0.0490587279200554 0.0210717394948006 0.0188014358282089 0.0175448227673769 0.0168710742145777 0.017499640583992 0.00583120528608561 0.00575335416942835 0.00700568361207843 0.00697873113676906 0.0213075019419193 0.0208263751119375 0.0193346794694662 0.0176155641674995 0.0160418134182692
-9999 -9999 -9999 -9999 -9999 -9999 -9999 -9999 -9999 0.0092436196282506 0.0380088090896606 0.224944621324539 0.095532588660717 0.177562490105629 0.120123937726021 0.115136496722698 0.142643213272095 0.0688988193869591 0.0104268779978156 0.00812616571784019 0.00809651799499989 0.00855477806180716 0.00848013442009687 0.00835819449275732 0.00809561181813478 0.00760873546823859 0.0074488827958703 0.00279906112700701 0.00267066992819309 0.00257870927453041 0.00252937874756753 0.00250553712248802 0.00242283008992672 0.00238395133055747 0.00259268027730286 0.00296684191562235 0.00339574599638581 0.00556598184630275 0.014579176902771 0.0146723445504904 0.00571319460868835 0.00543065322563052 0.00500459456816316 0.00469509093090892 0.00460428418591619 0.00467847706750035 0.00487260706722736 0.00498651433736086 0.0167504716664553 0.0164335705339909 0.0161472000181675 0.0217045228928328 0.0266918446868658 0.0118687972426414 0.0109433550387621
-9999 -9999 -9999 -9999 -9999 -9999 -9999 -9999 -9999 0.0328271277248859 0.193398475646973 0.415137320756912 0.406877726316452 0.175856024026871 0.119064353406429 0.114752657711506 0.107372120022774 0.0681848227977753 0.00910126697272062 0.00283840834163129 0.00293347192928195 0.00769663322716951 0.00305832060985267 0.00758550176396966 0.00303217303007841 0.00299293524585664 0.00298373540863395 0.00281906849704683 0.00267988420091569 0.00260534114204347 0.00258770631626248 0.00257980381138623 0.00251691159792244 0.00246464996598661 0.00248464639298618 0.00276071927510202 0.00304070743732154 0.00320426537655294 0.00504943169653416 0.00507050845772028 0.00492808409035206 0.00479526305571198 0.0045547541230917 0.00436781672760844 0.00429718149825931 0.00435623619705439 0.0146369142457843 0.0201174430549145 0.0101047018542886 0.0101693263277411 0.011430436745286 0.0171502009034157 0.0104287127032876 0.0085047846660018 0.0109425382688642
-9999 -9999 -9999 -9999 -9999 -9999 -9999 -9999 0.0340966135263443 0.188104227185249 0.231486618518829 0.401027590036392 0.409717917442322 0.389486700296402 0.20864075422287 0.115827679634094 0.106095366179943 0.0752535089850426 0.008733912371099 0.00275218347087502 0.00271830218844116 0.00280039198696613 0.00281646684743464 0.00274433358572423 0.00273009412921965 0.0027594247367233 0.00270330742932856 0.00268729287199676 0.00264487485401332 0.00261195027269423 0.00262048980221152 0.00261269346810877 0.00258711609058082 0.00255796988494694 0.00253919442184269 0.0025456368457526 0.00264564505778253 0.00273203593678772 0.00270598847419024 0.00271278177388012 0.00276728579774499 0.00567617453634739 0.00269490270875394 0.00264630396850407 0.00262824050150812 0.0084279915317893 0.00857337098568678 0.00874223560094833 0.00885777920484543 0.0189735032618046 0.0147189730778337 0.0142403598874807 0.0136512471362948 0.0135038001462817 0.0089078638702631
-9999 -9999 -9999 -9999 -9999 -9999 -9999 -9999 0.131142646074295 0.226518720388412 0.472937524318695 0.609772682189941 0.413694381713867 0.370801091194153 0.157560810446739 0.11793702095747 0.1026396676898 0.0525051057338715 0.00958272907882929 0.00269518792629242 0.00265648844651878 0.00271328003145754 0.00269728060811758 0.0026116797234863 0.00259701465256512 0.00264294841326773 0.00261502899229527 0.00263774069026113 0.00261095236055553 0.00260842475108802 0.00264260009862483 0.00264541618525982 0.00263638817705214 0.00259835412725806 0.00256030727177858 0.0025165865663439 0.00241367658600211 0.00243446789681911 0.00238308776170015 0.00237854290753603 0.00243383902125061 0.00242384080775082 0.00243144691921771 0.00783148128539324 0.00755694974213839 0.00754521787166595 0.00756445666775107 0.0133496774360538 0.0131293265148997 0.0117851346731186 0.0117740491405129 0.0114233829081059 0.011476032435894 0.0123538710176945 0.0127419428899884
-9999 -9999 -9999 -9999 -9999 -9999 -9999 0.0565652549266815 0.364100128412247 0.441878110170364 0.477995842695236 0.565664708614349 0.418081134557724 0.158453702926636 0.156786099076271 0.116889424622059 0.095837414264679 0.0154893882572651 0.00450604828074574 0.0030833357013762 0.00270344549790025 0.00274261622689664 0.00268966355361044 0.00265616201795638 0.00264003966003656 0.00263472134247422 0.00264570978470147 0.00263086287304759 0.0026180378627032 0.00262632267549634 0.00262526469305158 0.00262645049951971 0.00261825253255665 0.00260551460087299 0.00257056299597025 0.00253429776057601 0.00248495023697615 0.00239260704256594 0.00233267247676849 0.00228237360715866 0.00227456958964467 0.00230451812967658 0.00745219923555851 0.0072721061296761 0.00729575334116817 0.00841519236564636 0.0126944836229086 0.0118763018399477 0.0117142777889967 0.0117062479257584 0.0115290135145187 0.0112753929570317 0.0109022473916411 0.0108778169378638 0.0120972758159041
-9999 -9999 -9999 -9999 -9999 -9999 -9999 0.0814074501395226 0.19666913151741 0.423061013221741 0.552419364452362 0.54144549369812 0.44654768705368 0.166705369949341 0.167284697294235 0.161306515336037 0.0834518000483513 0.0145493727177382 0.00447116047143936 0.00315510365180671 0.00276055280119181 0.00281716324388981 0.0027725852560252 0.00273455330170691 0.00272196810692549 0.00272794580087066 0.00272399187088013 0.00270420336164534 0.00266748364083469 0.00265083950944245 0.00264709629118443 0.00262979720719159 0.00261826696805656 0.00259485491551459 0.00257106474600732 0.002554438309744 0.00253217201679945 0.00249013630673289 0.00244343909434974 0.00241146585904062 0.0078369053080678 0.00760175799950957 0.0075526456348598 0.00749065540730953 0.0085644805803895 0.012745494954288 0.0114303752779961 0.0115842493250966 0.0116469273343682 0.0116099901497364 0.0115105137228966 0.0112256603315473 0.0109552377834916 0.0109280385077 0.0148771032691002
-9999 -9999 -9999 -9999 -9999 -9999 -9999 0.0748023986816406 0.153469040989876 0.423435539007187 0.542369186878204 0.43918177485466 0.538022041320801 0.174551963806152 0.230032861232758 0.154771938920021 0.112836338579655 0.0287435408681631 0.00779664563015103 0.00597010646015406 0.00588222732767463 0.0028471474070102 0.00280013191513717 0.00276958267204463 0.00275830831378698 0.0027599735185504 0.00276819569990039 0.0027325851842761 0.00270556309260428 0.00267038331367075 0.00264401570893824 0.00263011362403631 0.00260204495862126 0.0025769101921469 0.00255359709262848 0.00253925658762455 0.00252385111525655 0.00250254105776548 0.00248333998024464 0.00779539626091719 0.00771985854953527 0.00764910085126758 0.00755136413499713 0.00862583145499229 0.0127251148223877 0.0113477203994989 0.0113362865522504 0.0114066088572145 0.0114629082381725 0.011433994397521 0.0113337319344282 0.0111687136813998 0.0109697887673974 0.0119529813528061 0.0122069427743554
-9999 -9999 -9999 -9999 -9999 -9999 -9999 -9999 0.112518042325974 0.425866305828094 0.480455577373505 0.422200709581375 0.432595044374466 0.17759071290493 0.168629229068756 0.149355307221413 0.0431812815368176 0.0171683188527822 0.00501887034624815 0.00437947874888778 0.00429268879815936 0.00433727353811264 0.013887763954699 0.0137367257848382 0.0133240232244134 0.0136958016082644 0.0136831542477012 0.0135954273864627 0.0134290000423789 0.0132334809750319 0.0130654610693455 0.0134682022035122 0.0176651533693075 0.0175155736505985 0.0173857677727938 0.00835066009312868 0.00827586371451616 0.00824200455099344 0.00795862171798944 0.00786263216286898 0.00779059203341603 0.00768110435456038 0.0275379959493876 0.0265746861696243 0.0236660949885845 0.0172112341970205 0.0171459782868624 0.0172498840838671 0.0172596853226423 0.0172341279685497 0.0171960741281509 0.0170083232223988 0.0174128375947475 0.0234888195991516 0.010949763469398
-9999 -9999 -9999 -9999 -9999 -9999 -9999 -9999 -9999 0.464443624019623 0.356548368930817 0.408412545919418 0.417819976806641 0.170105308294296 0.159611597657204 0.128889471292496 0.0244678091257811 0.0193432085216045 0.0048730755224824 0.00434686616063118 0.00429500080645084 0.0140206553041935 0.0135038392618299 0.0133922724053264 0.013334333896637 0.0133384903892875 0.0133271794766188 0.013223803602159 0.0131111247465014 0.0129394149407744 0.0127015234902501 0.0125504061579704 0.012528189457953 0.0125108994543552 0.0124379219487309 0.0123556153848767 0.0122327003628016 0.012155644595623 0.0120279518887401 0.0118790389969945 0.0117705361917615 0.0202511977404356 0.0195142347365618 0.0173612460494041 0.0173504631966352 0.0174294263124466 0.0175764970481396 0.0176252778619528 0.0177604984492064 0.0177990272641182 0.0177363473922014 0.0177095867693424 0.0181403011083603 0.0201313495635986 0.0133621878921986
-9999 -9999 -9999 -9999 -9999 -9999 -9999 0.051617443561554 0.139224678277969 0.349018812179565 0.380457937717438 0.411461561918259 0.411685019731522 0.162457227706909 0.151668235659599 0.0862279385328293 0.0219250712543726 0.00730023719370365 0.00538315949961543 0.00432782620191574 0.0137856425717473 0.0135228065773845 0.0134649500250816 0.0134733757004142 0.0134295159950852 0.0133738135918975 0.0132935121655464 0.0132001284509897 0.0130915250629187 0.0129584055393934 0.0144432717934251 0.0170082468539476 0.0142952986061573 0.0142849981784821 0.0126285655423999 0.0125991562381387 0.0125119732692838 0.0124387117102742 0.0123083116486669 0.0121459485962987 0.0120369214564562 0.0254815984517336 0.018588125705719 0.0180336833000183 0.0180132947862148 0.0180459544062614 0.0180906113237143 0.0182631202042103 0.0184160899370909 0.0184860099107027 0.0184527840465307 0.0184102393686771 0.0184695273637772 0.0208146180957556 0.0218932591378689
-9999 -9999 -9999 -9999 -9999 -9999 0.0250121206045151 0.0636842995882034 0.252891600131989 0.3831607401371 0.454237967729568 0.41847488284111 0.405765742063522 0.155223876237869 0.128390684723854 0.0250186566263437 0.0189481936395168 0.00654528848826885 0.00607966864481568 0.0155550660565495 0.0131806908175349 0.0132147986441851 0.0132287181913853 0.0134243788197637 0.0134287187829614 0.013282286003232 0.0132011212408543 0.0130761368200183 0.0130111342296004 0.0146044921129942 0.0172360260039568 0.0172015521675348 0.0170977246016264 0.0171274170279503 0.0171467643231153 0.0144205624237657 0.0128290206193924 0.0127466330304742 0.012733256444335 0.0126219810917974 0.0142654282972217 0.020843205973506 0.0191678740084171 0.0186469983309507 0.0185814835131168 0.0185226015746593 0.0184726491570473 0.0187058690935373 0.0189834386110306 0.0191148482263088 0.0190504621714354 0.019032021984458 0.0192951522767544 0.0202455967664719 0.0232597831636667
-9999 -9999 -9999 -9999 -9999 -9999 0.0306253898888826 0.0633108615875244 0.139251083135605 0.346167474985123 0.443922013044357 0.378379195928574 0.381779611110687 0.128719538450241 0.0847518071532249 0.0709763616323471 0.0223863162100315 0.019986093044281 0.0186099037528038 0.0171293076127768 0.0172026567161083 0.0172723196446896 0.0146369719877839 0.013107918202877 0.0131314033642411 0.0131220733746886 0.014679261483252 0.0146369729191065 0.0173281319439411 0.017256136983633 0.0172413028776646 0.0172170009464025 0.0172273181378841 0.0172685869038105 0.0173309743404388 0.014653529971838 0.0130318896844983 0.0130254104733467 0.0148772690445185 0.0224822387099266 0.0223076865077019 0.0214745905250311 0.0191211719065905 0.0190539862960577 0.0189774576574564 0.0189434383064508 0.0190658587962389 0.0192601643502712 0.0213340744376183 0.021524403244257 0.0216242540627718 0.0218257419764996 0.0222228746861219 0.0235407613217831 0.0265044067054987
-9999 -9999 -9999 -9999 -9999 -9999 -9999 0.0613210871815681 0.080793060362339 0.385330855846405 0.405676275491714 0.338410705327988 0.369304150342941 0.138602256774902 0.297365128993988 0.076620452105999 0.022034078836441 0.0203561540693045 0.0176856126636267 0.016444792971015 0.0168399419635534 0.0168281272053719 0.0173364765942097 0.0173453148454428 0.0174160338938236 0.0175453778356314 0.0173091758042574 0.0199950356036425 0.0198585987091064 0.030036699026823 0.0329391732811928 0.0300552994012833 0.0302139520645142 0.0301318783313036 0.0302972905337811 0.0257435571402311 0.0229611340910196 0.0229551661759615 0.0228609293699265 0.0227622929960489 0.0226896069943905 0.0220088176429272 0.0196877215057611 0.0214244741946459 0.0213366318494081 0.0213719271123409 0.0213786493986845 0.0215906091034412 0.0218073483556509 0.0220207888633013 0.0221907142549753 0.0225654225796461 0.0231569856405258 0.0247243512421846 0.0278948992490768
-9999 -9999 -9999 -9999 -9999 -9999 -9999 0.0662498846650124 0.088269867002964 0.108396217226982 0.416507989168167 0.418580770492554 0.379191428422928 0.493366152048111 0.157694980502129 0.147104859352112 0.0439010560512543 0.0593940168619156 0.0174874477088451 0.0150314792990685 0.0161249563097954 0.0176593586802483 0.0176821853965521 0.017450537532568 0.0174499675631523 0.0177608765661716 0.0224061887711287 0.0334752574563026 0.0403143018484116 0.0326161682605743 0.0327423922717571 0.0321280956268311 0.032082311809063 0.0321254767477512 0.0322749353945255 0.027442617341876 0.0245481431484222 0.0245661083608866 0.0245661865919828 0.0245652589946985 0.0245817620307207 0.0245831031352282 0.0219555012881756 0.0219104047864676 0.0218900926411152 0.0219316687434912 0.0220202561467886 0.0221840366721153 0.0223724264651537 0.0225511230528355 0.0226440597325563 0.0229893084615469 0.0238436423242092 0.024934608489275 0.0260610096156597
-9999 -9999 -9999 -9999 -9999 -9999 -9999 0.0726765394210815 0.0799670070409775 0.102259151637554 0.452138483524323 0.550607681274414 0.410093486309052 0.415938884019852 0.181015059351921 0.173374637961388 0.157152697443962 0.0223895516246557 0.015707716345787 0.0194109138101339 0.0156750231981277 0.0183515157550573 0.0182027034461498 0.0174378752708435 0.0174665544182062 0.022376349195838 0.034590482711792 0.0337148793041706 0.0319426581263542 0.0316158719360828 0.0318296886980534 0.0320477373898029 0.031887624412775 0.0317190736532211 0.0294153839349747 0.0297684781253338 0.0253841746598482 0.0226445160806179 0.021995710209012 0.0220631081610918 0.0228914115577936 0.0229538772255182 0.0223398040980101 0.0223886389285326 0.0224213022738695 0.0225363094359636 0.0226478409022093 0.0228114239871502 0.0229663886129856 0.0231241770088673 0.0231406893581152 0.0233993679285049 0.028596555814147 0.03012765198946 0.0315693914890289
-9999 -9999 -9999 -9999 -9999 -9999 -9999 -9999 -9999 0.205515950918198 0.460016846656799 0.499410688877106 0.480375587940216 0.431244790554047 0.423460811376572 0.404467731714249 0.226399809122086 0.0500258877873421 0.0148752350360155 0.016167039051652 0.0139803448691964 0.0185562744736671 0.0183033645153046 0.0169781446456909 0.0183747168630362 0.0218912456184626 0.0418913438916206 0.033484973013401 0.0316121317446232 0.0311593506485224 0.028921116143465 0.0290781576186419 0.0279027838259935 0.0275831893086433 0.0276427492499352 0.0281131025403738 0.0286863651126623 0.0244046915322542 0.0218459703028202 0.0220391247421503 0.0221915114670992 0.0224088337272406 0.0225434694439173 0.0227133203297853 0.022858127951622 0.0229862611740828 0.0231683235615492 0.0233365204185247 0.0244867522269487 0.027577381581068 0.0275817923247814 0.0280938670039177 0.0293016526848078 0.0309999622404575 0.0327292941510677
-9999 -9999 -9999 -9999 -9999 -9999 -9999 -9999 -9999 0.275183349847794 0.45743653178215 0.493057936429977 0.505419194698334 0.456293880939484 0.43506321310997 0.407478302717209 0.404821783304214 0.118944071233273 0.0146286878734827 0.0148377045989037 0.0134362429380417 0.0183687061071396 0.0177470184862614 0.0168931968510151 0.0189542174339294 0.0206650979816914 0.0408798009157181 0.0326935201883316 0.0304729118943214 0.0301405489444733 0.0285866111516953 0.0277310349047184 0.0272811986505985 0.0267031081020832 0.0267250705510378 0.0273434557020664 0.0279764514416456 0.0294777471572161 0.028803613036871 0.0218271017074585 0.0221095141023397 0.0223956145346165 0.0226469226181507 0.0229110065847635 0.0231327302753925 0.0271954517811537 0.0274807661771774 0.0276989825069904 0.0279548577964306 0.028133736923337 0.028143247589469 0.0285547971725464 0.0291785318404436 0.0305275414139032 0.0322240144014359
-9999 -9999 -9999 -9999 -9999 -9999 -9999 -9999 -9999 -9999 0.363155901432037 0.418608576059341 0.436111181974411 0.464036405086517 0.440152198076248 0.421908915042877 0.417604893445969 0.367833912372589 0.0173598863184452 0.0179301965981722 0.0136644244194031 0.0197699703276157 0.0187351033091545 0.0183823294937611 0.0178427025675774 0.0294792782515287 0.038603950291872 0.0309338923543692 0.0294935684651136 0.0283293463289738 0.0289679896086454 0.0273220129311085 0.0265012737363577 0.030216883867979 0.030109029263258 0.0307326857000589 0.031534131616354 0.0320717245340347 0.0325759947299957 0.0332320481538773 0.0285424720495939 0.0258397050201893 0.0262437798082829 0.0266276784241199 0.0270696207880974 0.0274243094027042 0.0277591049671173 0.028122054412961 0.0283905398100615 0.0285204593092203 0.028212258592248 0.0279877074062824 0.0282868091017008 0.0288480501621962 0.0307815335690975
-9999 -9999 -9999 -9999 -9999 -9999 -9999 -9999 -9999 -9999 -9999 0.400335639715195 0.427574783563614 0.422213137149811 0.440341114997864 0.443233340978622 0.423208624124527 0.408096730709076 0.0637279003858566 0.0152963437139988 0.0171373374760151 0.0201769154518843 0.0185140892863274 0.0176401566714048 0.0258228741586208 0.0352422036230564 0.0302702486515045 0.0289040450006723 0.027581375092268 0.0270219538360834 0.027347007766366 0.0296593625098467 0.0293755643069744 0.0283440314233303 0.0291480217128992 0.0299184639006853 0.0305870678275824 0.0311019495129585 0.0315941125154495 0.0322947986423969 0.0330374725162983 0.0339079350233078 0.0293005090206861 0.0265423972159624 0.0271131526678801 0.0275913849473 0.0279614049941301 0.0282397177070379 0.0282894857227802 0.0282166786491871 0.0276719350367785 0.0274866055697203 0.0276994444429874 0.0283037237823009 0.0301899183541536
-9999 -9999 -9999 -9999 -9999 -9999 -9999 -9999 -9999 -9999 -9999 -9999 0.41902169585228 0.429930448532104 0.373244374990463 0.44531437754631 0.453893333673477 0.452639132738113 0.0885766297578812 0.0207058675587177 0.0213579889386892 0.0206286441534758 0.0181442517787218 0.0180611312389374 0.0261131264269352 0.027694508433342 0.0282679554075003 0.0277769006788731 0.0266517009586096 0.0261365566402674 0.0280321761965752 0.0277855861932039 0.0274767242372036 0.0264971386641264 0.0407320447266102 0.0425578951835632 0.0291767194867134 0.0296608284115791 0.029815411195159 0.0305326022207737 0.0314733646810055 0.03217389062047 0.0334276109933853 0.0288428347557783 0.0263454169034958 0.0271304734051228 0.0275572892278433 0.0280100107192993 0.028039475902915 0.0279989391565323 0.0276900287717581 0.0275519452989101 0.0280142314732075 0.0287790112197399 0.0301811173558235
