meets/meet006/_saidas_enm/CCSM_Maha_0k_T_subalaris4.asc
NCOLS 154 
NROWS 168 
XLLCORNER -112 
YLLCORNER -55.5 
CELLSIZE 0.5 
NODATA_value -9999 
[rows 50 to 74 of 168, columns 56 to 111 of 154]
-9999 -9999 -9999 -9999 -9999 -9999 -9999 -9999 -9999 -9999 -9999 -9999 -9999 -1249.40873463509 -885.731221235261 -490.207345462056 -320.828849924938 -257.911253194636 -228.795973671472 -203.328911366155 -194.041546620531 -185.225983334938 -171.71237296329 -185.317221318831 -225.749345814353 -274.591930410356 -353.024900489583 -478.909994908075 -563.90357832336 -642.891422414025 -678.306540393108 -596.771014534172 -504.494575582052 -366.952258407143 -189.748453018834 -80.1733130714553 -51.8709166212543 -38.4230396866782 -29.289308231587 -27.1325024013299 -27.7062498310511 -26.297705580414 -30.5516190647697 -47.8175317856357 -93.0439048722383 -181.839455306602 -176.176949341373 -186.696881303734 -201.705490305734 -199.926927289882 -206.054180685364 -224.419862841932 -172.512353449602 -139.369843193216 -122.261299509827 -101.975211037363
-9999 -9999 -9999 -9999 -9999 -9999 -9999 -9999 -9999 -9999 -9999 -9999 -9999 -837.823637749857 -698.996251188553 -468.93657661926 -320.218062022674 -257.50929859976 -240.537398219119 -248.872546003092 -258.479835039753 -280.729086402272 -264.605635609753 -285.794780685841 -336.714128665793 -420.879404575714 -479.217707524337 -543.922620562896 -614.179100678121 -693.561949385138 -716.711646739844 -662.6945392226 -563.310720063383 -458.01203016978 -260.424733847138 -131.860122904687 -72.978758998748 -48.2595910770576 -41.09040688031 -34.2922522162259 -31.1465334755054 -32.1487353650818 -37.4696245495252 -52.1583017385888 -81.6385629259533 -111.919523376508 -133.816168411483 -136.350313085135 -152.428748987247 -176.585168926811 -196.084986265013 -195.228269901874 -156.057728983078 -128.787330714483 -110.487134333295 -95.9395518272801
-9999 -9999 -9999 -9999 -9999 -9999 -9999 -9999 -9999 -9999 -9999 -767.81529680501 -590.171006604414 -525.860264765708 -551.72221499186 -472.116566337488 -364.773493127787 -279.983468110751 -264.513821688601 -318.571192827858 -338.282147045126 -369.532896867823 -400.267695760825 -437.677584635821 -481.774308537393 -512.802099679323 -586.100056819098 -657.152370868648 -723.625740127384 -791.200564765817 -801.580795685856 -718.880531844769 -602.251678352839 -487.826005851861 -329.235801939808 -182.708326010254 -110.395438170957 -71.3731602269318 -57.431459645676 -49.9929834673675 -39.3557209770549 -42.5856882221402 -46.4163399921138 -57.0205183023232 -73.4179859982828 -82.969733822392 -110.635156153402 -114.188115705349 -137.319059479825 -181.723756440445 -189.981005116636 -161.618851440408 -142.94451227522 -122.485213761981 -99.2858814429536 -80.9344252425521
-9999 -9999 -9999 -9999 -9999 -9999 -9999 -9999 -9999 -9999 -695.666495661405 -584.649445403054 -453.530724057936 -399.304514060516 -410.146413223623 -468.525930552258 -480.979999946832 -400.837920514144 -370.185656196092 -407.98540400749 -435.535796594355 -474.221036064473 -517.097324232173 -558.55209441001 -597.366156641151 -640.482816436334 -712.492109919612 -791.982435977432 -853.984532424151 -887.480360887911 -866.152857737499 -762.471644240641 -625.620487961856 -501.03909013924 -385.585507020714 -229.520002315642 -151.807357408161 -114.012031445938 -93.7912967211151 -84.9431920624619 -69.6605213104463 -66.8599629872954 -67.1096653430087 -76.0062061269131 -96.3838525715426 -114.158906169739 -142.328388430852 -164.439656641675 -198.258493969907 -191.25710319671 -154.577911699486 -135.228101158423 -133.440397831832 -112.151573471652 -81.1177700423419 -62.8351367083654
-9999 -9999 -9999 -9999 -9999 -9999 -9999 -9999 -9999 -9999 -443.158394291886 -369.666566188835 -340.977176711941 -291.074147433044 -327.291066872774 -406.628768763234 -528.791532095494 -562.497331226674 -513.481808105733 -536.799433125159 -562.666047905899 -607.084457860852 -654.571354165445 -688.219301627308 -731.659451488617 -781.212332094864 -851.901400963617 -908.33216989994 -919.121083881843 -899.685975904199 -886.455076296265 -797.061340731419 -655.227792552293 -525.464142649438 -420.289326490887 -279.608850174364 -204.305037445833 -167.738943333893 -145.269436899988 -135.212897958991 -122.626319555176 -115.752324806879 -112.066999305782 -122.964264064038 -150.773674809381 -179.465588640885 -224.655588368532 -217.031423575712 -179.951897683923 -152.034589583291 -115.521659088511 -112.916181130411 -120.476135549305 -106.671783158298 -71.7944808177327 -50.8365051944326
-9999 -9999 -9999 -9999 -9999 -9999 -9999 -9999 -561.080780958437 -303.958270924079 -180.411188344485 -209.868602052518 -257.408494067958 -257.228693768859 -294.079364200753 -372.05013586244 -508.251138718937 -631.304829427613 -665.96838923412 -692.067597732432 -712.37148239399 -742.043874577091 -740.298836213968 -752.734635602006 -801.661981424054 -801.486219601577 -799.313251696362 -778.350011645892 -778.661280051551 -792.025991497589 -772.387359964313 -745.163079118924 -692.798434464076 -568.213332750967 -462.224309307933 -355.700344713488 -276.696667812907 -232.915462980931 -208.584115520514 -205.030816341114 -205.306435751789 -209.142230556182 -204.754987310175 -218.856331029241 -254.38104142081 -232.578937785073 -204.499130886672 -177.529365514904 -153.890650341394 -119.695270263335 -104.321391659685 -104.64888243766 -117.573075538886 -110.526497072047 -69.425980322126 -48.0425342419242
-9999 -9999 -9999 -9999 -9999 -9999 -9999 -9999 -378.274303186053 -161.760143940709 -69.0834661501735 -111.254442254517 -173.109285572101 -226.72976105221 -273.640770938562 -346.037900642177 -468.039029056934 -620.864400929754 -688.98155118439 -721.298452117479 -743.046921913397 -737.510386011342 -722.713924187487 -701.453325256537 -702.199441091759 -694.231497619729 -682.608102076636 -674.826406340488 -670.060881968206 -668.496276590867 -656.744933994542 -639.602975119364 -619.925993697548 -612.801158809448 -525.527670481558 -447.031960825585 -381.084960590606 -329.295849957798 -302.685953548594 -303.807148235798 -315.544427005982 -331.244845482622 -335.78036539093 -297.961794811467 -259.277455106626 -219.389456005212 -199.240025934084 -171.012923804358 -138.612306051051 -123.19999894259 -110.961515229541 -110.868554928287 -119.181137413949 -108.257567096188 -67.469307026945 -45.2258296443449
-9999 -9999 -9999 -9999 -9999 -9999 -9999 -418.532902104586 -237.599846261515 -80.9740498382701 -21.8063748226662 -53.60213977591 -120.282005863088 -205.348276132619 -273.193668834717 -335.032046051441 -443.162080273847 -566.35356829157 -590.516523314574 -618.787189282483 -639.575762829792 -628.727461092215 -617.569987415256 -607.695327823119 -609.84379082984 -615.491156455288 -604.92767338338 -585.838441869775 -580.891638526388 -587.336524000166 -597.902766247351 -581.361155492555 -569.390081738765 -562.295153615049 -562.07097350445 -512.965555998696 -479.072821880103 -451.084337173445 -429.395731137117 -429.011551311842 -412.77973527565 -393.185338046239 -362.89227539093 -312.445313422524 -267.506661217995 -226.84011655911 -204.710672071144 -179.761139624686 -159.901225950029 -145.394007043501 -132.069447619295 -130.274460405017 -126.726197138844 -108.370852616484 -66.5748567885921 -43.2704740550278
-9999 -9999 -9999 -9999 -9999 -9999 -9999 -269.341203324195 -137.296273127476 -34.2688236494585 -6.58404915096382 -32.1282567575771 -122.868913801535 -231.688621385593 -298.308506930336 -334.459599813487 -431.256015960974 -489.106272444244 -499.652716079271 -517.823624344479 -532.634033597207 -529.508722621377 -522.80019183754 -510.381322756943 -505.314052503544 -507.976697454662 -499.343720655625 -499.089735841784 -500.673499217049 -504.499531650778 -514.674314869177 -519.816835001667 -518.96317803612 -520.448216199691 -528.271495971543 -545.775282331473 -513.080979500537 -478.875558956104 -462.217415492959 -457.80194728715 -432.591612462154 -410.242843748299 -365.513471573005 -319.726041801172 -287.033636384276 -254.155153310542 -240.700693071813 -211.839003667704 -187.884722030385 -165.944173550264 -150.473325453011 -141.376628239499 -132.257854629894 -110.626295081308 -75.6902152171592 -50.9658660583789
-9999 -9999 -9999 -9999 -9999 -9999 -315.569550789814 -155.258816983818 -64.501019715795 -16.2363025979872 -2.37934930399322 -29.8150811447677 -178.389706745381 -316.524332656205 -334.178043203739 -336.338553372452 -373.071970817074 -408.737760121307 -413.719919976156 -433.301041129468 -451.204465759518 -441.451023766586 -430.570474314252 -421.091241992269 -423.786307368255 -427.694769461371 -421.756353859971 -412.464070383466 -411.812152147575 -424.901209504923 -436.094787720797 -448.845186478669 -458.879493766477 -468.501774249099 -480.535040373515 -485.906578519253 -492.41615793836 -492.947185805869 -484.112199559776 -475.328099649586 -448.540487255215 -401.497681723324 -349.324502119931 -288.056645106612 -239.966125364603 -198.387130438549 -181.779926088462 -163.381127541615 -150.353970184316 -139.404680214939 -125.944217495563 -118.285076054819 -107.178526774057 -108.630894152452 -89.0643237470879 -66.9256314116065
-9999 -9999 -9999 -9999 -9999 -9999 -245.969429318759 -115.520931948818 -44.7049397643818 -12.8897785471733 -6.84307936685442 -41.2647150797411 -211.723085548835 -307.800983581901 -318.077457405979 -311.701990485275 -334.963794447659 -355.770011213249 -352.871269813001 -361.964063410449 -369.3657243267 -359.118994059162 -347.377145384764 -340.607615543401 -344.934989781026 -353.662832509326 -347.680330857404 -341.010282618954 -340.731129873214 -347.278690445546 -358.309729719797 -365.995248810591 -376.288103301061 -387.903759091988 -402.816262985302 -410.548970675376 -407.58459199238 -399.967727394951 -377.938261342515 -353.5229608059 -323.538081027554 -284.380700304817 -245.04913391728 -202.761573960076 -168.531972178246 -144.818055452779 -131.114814595538 -122.619765798767 -115.231954755088 -106.812146038673 -100.293114897211 -96.2831333922356 -96.2113110077229 -106.005424751041 -105.257241074295 -92.12108952263
-9999 -9999 -9999 -9999 -9999 -9999 -205.865018081564 -111.957633413242 -43.0315951316537 -14.8661608316761 -14.3419713345655 -50.3970983664343 -196.811030810833 -274.442508965078 -286.473843613935 -295.063539131861 -307.904616426951 -313.800898863574 -305.087240920067 -307.4238604639 -312.004534010542 -294.03476146296 -277.58478293865 -272.037146879566 -283.068120821458 -294.024693448951 -290.604861589785 -286.697436007971 -284.33270427456 -289.317352774508 -297.895282025533 -302.063471638596 -310.888358210883 -319.350420915339 -332.303599755167 -346.955090070552 -338.201520500929 -323.076705175774 -294.524806968912 -266.009299130695 -230.160192476963 -198.558163528404 -167.03788062762 -142.189784786233 -123.796893686869 -107.254366676303 -100.26965507807 -92.4524136118008 -88.2535249050288 -85.5833481653584 -81.9432393044706 -86.9107083955546 -97.8505386905417 -106.581791964319 -107.631454517748 -113.962830330953
-9999 -9999 -9999 -9999 -9999 -9999 -9999 -123.323369268466 -52.5148602819774 -19.5826262045876 -19.0186192437905 -49.508672536971 -172.774482360866 -226.750218055345 -247.481290429472 -266.685987369239 -278.889104126152 -270.677044754456 -258.704035627579 -253.176590218945 -247.561437889341 -232.32882025977 -219.002909805851 -214.699043763155 -221.870613782321 -231.472291147971 -230.294572114324 -228.190541946612 -226.449810924616 -227.025597754208 -233.17482823687 -236.966568619922 -244.685548473117 -249.240804556324 -253.089288434183 -257.262525354623 -253.159887939122 -247.008545461983 -220.111679734384 -190.1167334419 -159.734425495972 -132.161151548697 -110.364178961171 -93.2650512977135 -81.4185913445748 -74.4178943615675 -69.188272642737 -67.2551953363101 -65.9325047667989 -64.3327702880378 -66.3314552000692 -73.1584790098541 -88.1089463364777 -104.280711548719 -104.729932969655 -113.008959581663
-9999 -9999 -9999 -9999 -9999 -9999 -9999 -9999 -63.0673236815176 -25.819284878429 -13.3904066190873 -46.6080593476906 -153.975280758095 -192.027809802531 -215.055206696958 -237.987235209953 -244.689159153961 -232.722220052211 -218.748755744184 -211.554441108815 -200.737836403476 -188.522219820263 -174.629626114589 -169.703874690488 -176.326042048652 -182.135913093091 -179.070399759287 -176.375773434488 -174.806358934103 -175.222579257264 -177.346374097461 -183.001260806894 -187.912586796258 -190.478360140593 -190.415430217671 -184.980471709367 -184.652735345032 -177.406657908551 -166.089605823103 -141.722024592032 -113.241339953504 -92.875064407905 -74.3262789362193 -66.0065322690088 -63.1912053016977 -62.0262243050371 -63.6132391807652 -66.0798417491364 -67.3194149715652 -66.3661600798749 -68.6659357552265 -70.7856399578921 -78.2325485077306 -88.8307554892065 -96.6240534834468 -101.764438351321
-9999 -9999 -9999 -9999 -9999 -9999 -170.17456042323 -134.142920573308 -61.7633354274884 -30.3795549228799 -24.455964445227 -54.2044582792699 -143.135731131869 -174.317740358626 -184.275182603795 -192.173538860427 -203.592067820038 -205.943282993798 -193.420081445125 -177.8906163652 -165.373889962828 -154.116212495482 -147.049550332273 -140.342705013176 -135.586052780626 -133.389744896651 -129.8760328683 -128.925258674688 -128.100983586825 -128.298645987327 -131.267594567757 -134.146046933386 -138.371588746084 -140.204181631382 -140.844737894622 -139.329548844514 -134.215990027016 -127.887649231308 -121.818808038958 -105.512240094392 -87.5145114508452 -74.0779437121369 -65.7816108740232 -61.3041452915743 -59.350299438357 -60.2194101784207 -61.0387384493736 -63.0782211641185 -63.6521815889488 -61.7870526469656 -61.5650441297995 -61.7241244406744 -65.6389305939901 -73.1354245379856 -81.7533183802512 -95.5238790349693
-9999 -9999 -9999 -9999 -9999 -82.9233302730228 -163.815803973347 -100.921401840957 -49.6286188236526 -32.5507771375518 -25.8287547324466 -60.5488625870982 -134.660500467151 -157.024614680565 -154.68876524323 -147.468967332254 -166.741682447889 -173.381275529471 -169.180376487036 -150.337631476665 -136.277805473988 -126.549734442822 -123.376721502584 -115.21583051406 -103.643659574207 -95.2373052087665 -92.9491892903872 -91.6259364570517 -90.6434749426399 -91.7591868442309 -94.5276830884882 -95.5203084784695 -98.8610362231628 -101.20770608495 -104.081151207499 -106.615012808778 -100.053050956742 -95.0876141537099 -93.0067313217847 -86.8652807120073 -75.0560974410741 -65.3377890999109 -60.6072642420894 -57.9752184002932 -56.9257589679176 -57.622910029727 -57.7883137209953 -58.4658391307437 -58.375100488377 -56.4367645720017 -54.636296772258 -54.8583639201869 -55.4957357274022 -61.2450557574398 -71.4715228248316 -87.8570660635262
-9999 -9999 -9999 -9999 -9999 -92.3773829263252 -141.29037504293 -81.8825984941241 -45.009787123659 -33.5971356388457 -39.3581890213689 -66.4027774299175 -101.389070831552 -110.206397661967 -116.4119923585 -122.164859048304 -139.363809908479 -141.475611163794 -136.432016683293 -119.39921410117 -105.109233314815 -98.0155853787527 -93.4775395580616 -85.8155328629953 -76.6509620294569 -69.336097035247 -64.6482305348511 -62.7804824906661 -61.1953541899084 -60.5447953031205 -61.2235298423646 -63.1064680282056 -66.3127961748802 -69.2698272544494 -73.1703642936953 -75.2918796092594 -72.455213472718 -69.7391090706707 -69.6089111225342 -69.8927419061027 -62.3938832570507 -56.0395323316258 -53.1496325284833 -51.7748789116584 -50.895272683177 -50.8450653633245 -50.1589792517707 -50.6644766395114 -50.7315826364835 -49.5994076563803 -49.3892377493472 -48.7127437422706 -50.4004669486607 -54.4215228936423 -59.9141776918647 -67.2710406846125
-9999 -9999 -9999 -9999 -9999 -9999 -110.639619742972 -72.635750627502 -38.8991311835198 -41.8233032897476 -44.4656616315917 -61.9134692410877 -84.6855784048899 -87.3652177317875 -99.686747654656 -103.895650502319 -122.27021997674 -112.487005035337 -102.327139833028 -88.9398629930515 -73.5730174675849 -72.810578691845 -67.7079954016155 -60.4507117824779 -53.684428241659 -47.0401515282506 -43.3770149953882 -40.4878695455014 -38.6502398961648 -37.8960997686961 -37.035026625607 -39.8942799766171 -41.9322220583589 -44.2265236471182 -48.1309480099669 -50.4674033081806 -48.7568210813676 -47.6845388100006 -48.9158524647956 -52.5690708256908 -50.8381002941285 -46.0016485550804 -44.209682934547 -43.4120847848101 -42.7730031436959 -42.7355011159951 -41.3622204550289 -41.3306208928116 -41.1584392998684 -40.6325186926904 -42.7817804648841 -42.2910532807094 -44.3772179638172 -47.3974803225721 -49.153507686431 -53.0392313017066
-9999 -9999 -9999 -9999 -9999 -9999 -126.803984106557 -78.326142055542 -44.4615919788583 -37.5775020466943 -40.1080748125265 -51.6288796536432 -79.7477012478323 -100.491898283767 -108.268735973413 -120.928983814296 -112.044711021968 -93.1753741564712 -82.1042573691621 -70.9187185973498 -56.0720836986563 -50.9531600909298 -46.4084052624042 -41.9256772307229 -37.3625055400567 -32.6831384069039 -28.5258767054643 -24.8869679772649 -23.247336396256 -23.5605387004389 -24.4337437590495 -25.0472218000499 -26.1483404567973 -27.4474344379259 -29.3479287573592 -30.9039552080389 -30.1460514809882 -29.9277409097097 -31.9139955439286 -35.8664785551451 -39.466898071275 -36.5296780150478 -35.276748696001 -34.7066696931163 -34.3385193043129 -33.8494646873072 -32.7716818372153 -32.1061336245939 -31.7134915105661 -31.2732855589789 -31.7754426586262 -33.6163619572774 -36.8037154881496 -39.1732958104501 -40.410023433869 -42.4430915890682
-9999 -9999 -9999 -9999 -9999 -9999 -134.743999482248 -109.574301021515 -62.4545399538734 -38.9579639472799 -29.6297776740449 -41.3518769456551 -69.767800327676 -94.8577101585881 -110.262229422708 -124.779101692693 -113.901008926485 -89.7186783002471 -75.6635156569829 -64.6486391881052 -45.5721503894843 -37.5146344375133 -33.6955460517087 -30.3500432089321 -26.6008643894341 -22.6415652190827 -18.5909961582199 -15.2043293841675 -13.7293758342045 -14.2169586358077 -14.9588791746535 -14.3198009587545 -14.442835835316 -14.777062952532 -15.423579535272 -16.7539058397962 -16.1821448931052 -16.5161416556151 -18.4297167461787 -21.8313296010851 -26.3761702137852 -26.5056591999376 -26.3531896266778 -25.9966172323596 -25.4340601929425 -25.9387764761393 -24.5514731627854 -24.000972654783 -23.7078072335201 -23.1130841815671 -23.7590537320131 -25.8925773926327 -29.4624054194527 -32.3940575077103 -34.2681644867714 -36.5417669986369
-9999 -9999 -9999 -9999 -9999 -9999 -9999 -9999 -152.362186328095 -51.0326121569875 -17.0180539794694 -28.8930817109931 -67.1890568653486 -82.2489577535439 -92.7416164043024 -101.986458651545 -110.091094826863 -106.149616421613 -88.5395678198458 -61.4675731112498 -36.8326429465403 -29.836635985641 -29.1934832221322 -25.882960206277 -21.122190598505 -16.4964975390694 -13.6196090879121 -11.1208321477592 -9.63465747007491 -8.96935011088591 -8.18370551816005 -7.58328330034321 -6.55887445443912 -6.12002453639317 -6.52546169264484 -6.83195703375369 -7.06834536068694 -7.61389984395917 -9.20064856371402 -11.7555748619898 -14.6951594788966 -16.9278529135168 -18.1638580740388 -18.3456134751672 -18.8355541988656 -19.314751567403 -19.0826485668746 -18.4882658514325 -18.3514652583563 -18.5730123678524 -19.4572301542147 -21.2360679868594 -23.8597212258613 -26.0432330192346 -28.1961625279717 -31.3472076157131
-9999 -9999 -9999 -9999 -9999 -9999 -9999 -9999 -109.7520811556 -65.464130887437 -12.5674468518059 -24.4522722757662 -66.7912509168325 -76.3822304835886 -78.0297631948277 -84.7803679151224 -92.7489182597885 -99.1292028613369 -87.290733067365 -54.5104297231542 -30.787627928305 -24.9172024557635 -22.5081751827558 -19.6400542150598 -18.0027924244079 -13.5676882035317 -11.4414196357743 -9.69053979185553 -8.15604822757971 -6.82464692939425 -5.44653960121322 -4.85958167381206 -3.50554146570467 -2.60732533257366 -2.21925709099428 -1.84227728581876 -1.78783868453321 -2.12529241541494 -3.05379453542552 -4.57003826637063 -6.67441836405742 -8.32798515602709 -10.1099676331547 -11.7284750806436 -12.9654083888234 -14.0233207374679 -13.7208466722877 -12.8698560921057 -12.5639801030918 -12.8173904326273 -14.0692027901279 -15.4926230375931 -17.8971099146469 -20.6987602208178 -24.3281030373029 -29.2425680997287
-9999 -9999 -9999 -9999 -9999 -9999 -9999 -9999 -9999 -86.0660496549559 -12.1005079368846 -26.2052800245379 -76.1285733418549 -76.0723364168909 -65.9539686138 -66.4288434435028 -68.23201034057 -71.9793541317112 -66.3169175483617 -47.1555504229051 -26.3285029393775 -20.1831996099134 -18.862184846883 -15.5354493391068 -13.5647255035749 -11.7324324897139 -10.356589128557 -9.32979413224987 -8.53170732195693 -6.93101044713031 -5.32794863707902 -4.67702336113477 -3.76574166643839 -2.47473696763902 -1.39504483095172 -0.467616090126025 -0.0406697057408187 0.185539358856897 -0.0398513023263765 -0.818383375583132 -1.87394301447679 -3.16439388110452 -4.45236993385212 -5.85688669820255 -7.57627990851011 -8.56489640147262 -8.3217248428936 -7.33838169022426 -7.76068658975113 -9.28771071511672 -11.1996050314035 -13.2783993920165 -15.6160316032849 -18.8572458299739 -23.1954275706587 -28.2484933695375
-9999 -9999 -9999 -9999 -9999 -9999 -9999 -9999 -9999 -9999 -36.6787079845718 -42.8776864725762 -70.1478822976616 -64.0967023605698 -51.8516727955251 -47.2262979435161 -41.1842882996723 -43.9646930418402 -42.9366785382701 -32.6489398842292 -21.9150231568404 -17.6934450878069 -14.9307406288122 -12.5053605040726 -10.5432405500789 -8.94628414432086 -8.29252329777824 -7.95391322915369 -7.56421123546211 -6.98144528386256 -6.26195970250658 -5.55185670606134 -4.91346623117888 -3.80842198068063 -2.4630842191978 -1.33668440471873 -0.530410670074475 0.0937861136814631 0.472461693451787 0.553957537768698 0.328235398737474 -0.234469689232688 -1.07369175311895 -2.07043390580653 -3.30238754658891 -4.24173192014262 -3.97733298051901 -3.82609177463834 -4.9767094838792 -7.06876461821719 -9.86953156295531 -12.550493756041 -15.6997913498924 -18.8162151474228 -22.0419401753211 -26.1631997535267
-9999 -9999 -9999 -9999 -9999 -9999 -9999 -9999 -9999 -9999 -9999 -82.5095808219628 -51.5032691005657 -36.3995167681905 -31.8779032014694 -28.2619957020987 -22.2909786562361 -21.2666081332691 -21.1298258208756 -21.576573838422 -19.4700389849889 -15.9235761268924 -12.0288452032718 -9.90572559756437 -8.67062527800733 -7.43667204609397 -7.3144406351324 -7.2529030196822 -7.14373526248236 -6.98905395115634 -6.60226252035712 -6.24300357070547 -5.86385846357979 -5.25779222013552 -4.22202362078343 -3.11145060826149 -2.0605023445709 -1.22349253010392 -0.452328429941196 0.176824038453868 0.507761692716009 0.586673336964744 0.392196895921434 -0.0783330526669055 -0.9105500262896 -1.49291343676675 -1.31592357610693 -1.67415070028998 -3.12252597301242 -5.68386942348248 -9.09071397473258 -12.2346387151731 -15.6756677777516 -18.4426843945937 -20.4096444000675 -22.7592507592339
