meets/meet006/_saidas_enm/CCSM_Maha_0k_S_lineola1.asc
NCOLS 154 
NROWS 168 
XLLCORNER -112 
YLLCORNER -55.5 
CELLSIZE 0.5 
NODATA_value -9999 
[rows 100 to 124 of 168, columns 56 to 111 of 154]
-9999 -9999 -9999 -9999 -9999 -9999 -9999 -9999 -9999 -9999 -9999 -9999 -9999 -9999 -9999 -9999 -9999 -9999 -9999 -9999 -9999 -9999 -9999 -9999 -9999 -9999 -9999 -9999 -27.2669656214832 -15.2140069271238 -17.6389109978895 -29.4462416180903 -41.2562095234656 -48.8918706057701 -48.9674778142938 -41.8001363171656 -34.3219138257961 -24.6928394535023 -13.5621686717471 -3.45812045977919 -0.322348744886699 -0.133521668271372 -2.0577955777378 -4.59258123566755 -5.7796465976303 -5.46063548545249 -4.59425217390867 -3.51323758034442 -2.59884333281761 -1.83405087068112 -1.50115828443379 -1.25201271023885 -0.991264171306169 -0.669876563298086 -0.281117100537022 -0.0942010883330535
-9999 -9999 -9999 -9999 -9999 -9999 -9999 -9999 -9999 -9999 -9999 -9999 -9999 -9999 -9999 -9999 -9999 -9999 -9999 -9999 -9999 -9999 -9999 -9999 -9999 -9999 -9999 -9999 -28.5780996441479 -15.8645252779051 -20.7443324384362 -30.3074093852448 -38.4489268389719 -44.3668844971365 -45.0721242270055 -39.98583707465 -31.6594450473443 -22.3966756621917 -12.3116565935004 -2.55447913391526 -0.695328442422445 -0.743245391738139 -2.94440008310443 -5.61049129947958 -6.15475728885787 -5.78570467397766 -4.79447951652686 -4.01601230179052 -3.06452603555164 -1.85546429902008 -1.02257297652311 -0.869316924931574 -0.713885531301523 -0.507112246989972 -0.408152111916682 -0.00327623439098512
-9999 -9999 -9999 -9999 -9999 -9999 -9999 -9999 -9999 -9999 -9999 -9999 -9999 -9999 -9999 -9999 -9999 -9999 -9999 -9999 -9999 -9999 -9999 -9999 -9999 -9999 -9999 -28.6893134913105 -30.3862041801259 -16.2691720351831 -19.1775126211646 -28.5111207388343 -34.9335964123566 -39.6852390470944 -41.5016698012577 -36.1773551780803 -28.8487130011309 -19.3077025621801 -9.68938541837958 -1.82663726300639 -0.719671141075788 -1.3922525218431 -3.58576483333781 -5.88272109686746 -6.30882174687951 -5.53610714082202 -4.63939328190588 -3.70561724589653 -2.82902885118814 -2.03039366339471 -1.3607971622064 -0.875265861118619 -0.656304029937431 -0.431722840927609 -0.238174226471233 -0.287441840327845
-9999 -9999 -9999 -9999 -9999 -9999 -9999 -9999 -9999 -9999 -9999 -9999 -9999 -9999 -9999 -9999 -9999 -9999 -9999 -9999 -9999 -9999 -9999 -9999 -9999 -9999 -9999 -29.5597599156144 -30.2141235767754 -15.9114545276135 -18.8306195992623 -27.3374880824574 -32.3523529751641 -36.6227910299429 -39.2084050227058 -34.5038550859634 -25.9675657796348 -16.5427975326496 -6.9634679189414 -1.67695509577024 -1.02390187617641 -1.98286516222232 -4.00273653889593 -6.03490565931364 -6.12292393681466 -5.46012722718129 -4.53335208494862 -3.55142937262014 -2.78706858862888 -2.30938607953365 -1.8075946509666 -1.32645083064714 -1.06208770421899 -0.462425356635656 -0.156359532606005 -0.120178919821654
-9999 -9999 -9999 -9999 -9999 -9999 -9999 -9999 -9999 -9999 -9999 -9999 -9999 -9999 -9999 -9999 -9999 -9999 -9999 -9999 -9999 -9999 -9999 -9999 -9999 -9999 -9999 -29.5291618560186 -28.7842720089842 -15.4969879788626 -18.2233944614275 -26.184521317209 -32.1689687982112 -35.7347194190929 -38.272942685116 -33.4557385620589 -24.1861673642684 -14.4818831990702 -4.93757523025181 -1.62071607112327 -1.0990332628319 -2.23541624016051 -4.10363196026883 -5.62793923224999 -5.97153187683073 -5.37480580384086 -4.56648792988231 -3.75579121504333 -3.08961895555256 -2.59552090157763 -2.19344901042207 -1.77505427980941 -1.35681501774288 -0.748316675399461 -0.249730135399234 -0.0698939096742561
-9999 -9999 -9999 -9999 -9999 -9999 -9999 -9999 -9999 -9999 -9999 -9999 -9999 -9999 -9999 -9999 -9999 -9999 -9999 -9999 -9999 -9999 -9999 -9999 -9999 -9999 -9999 -27.5850545515792 -27.4929403901209 -15.5574831702975 -18.0674072936134 -26.438014314995 -33.1867682869894 -37.0240359703336 -39.6293129523794 -34.8117143189079 -23.7139675563656 -13.0489271217594 -4.70973012233776 -1.80885116605664 -1.36905968190553 -2.55455478699316 -4.10330218187967 -5.38896233048273 -5.5982247402389 -5.2086469745588 -4.61026074443425 -4.0191395244982 -3.42862205002916 -3.05792259388315 -2.6374635480862 -2.16021449386075 -1.75238425730548 -1.13938661491622 -0.599510641214748 -0.305871576516017
-9999 -9999 -9999 -9999 -9999 -9999 -9999 -9999 -9999 -9999 -9999 -9999 -9999 -9999 -9999 -9999 -9999 -9999 -9999 -9999 -9999 -9999 -9999 -9999 -9999 -9999 -9999 -24.6227750913485 -23.5343619229105 -15.6228188541931 -19.7841955528772 -27.9953918475007 -35.1255028394086 -39.6375598227654 -42.2889183416724 -38.0116030483682 -24.5776936990956 -12.327384083284 -5.51500177104379 -2.28944484187769 -1.69595312966006 -2.79582826410046 -4.10715126591726 -4.89283085044265 -5.10730915531759 -4.92438621233955 -4.5969080849399 -4.24222695114963 -3.83036482012199 -3.53250697617356 -3.19346293854415 -2.70283323068832 -2.27499238856111 -1.64072195537124 -1.12483726083493 -0.706729863165506
-9999 -9999 -9999 -9999 -9999 -9999 -9999 -9999 -9999 -9999 -9999 -9999 -9999 -9999 -9999 -9999 -9999 -9999 -9999 -9999 -9999 -9999 -9999 -9999 -9999 -9999 -9999 -21.2589554967455 -20.3033873237039 -15.6381093073784 -21.8141767190663 -29.8924278120346 -36.7398013063095 -41.6979054138991 -44.7224090474661 -41.0599484380161 -26.0654581515286 -11.1474708736239 -6.22226556783032 -2.84037091790499 -2.07635626101716 -3.19250026445253 -4.21850798169111 -4.85948491568635 -4.83381458229743 -4.66979719851512 -4.5033582645287 -4.25009481441425 -4.0302426474117 -3.96421803963369 -3.83491826353911 -3.42977037151965 -2.92610007044125 -2.31353437822004 -1.78583765111914 -1.32202749472037
-9999 -9999 -9999 -9999 -9999 -9999 -9999 -9999 -9999 -9999 -9999 -9999 -9999 -9999 -9999 -9999 -9999 -9999 -9999 -9999 -9999 -9999 -9999 -9999 -9999 -9999 -9999 -18.8130620879087 -17.0916562936338 -15.898671347199 -23.786835548902 -30.3717509973482 -37.4059343699453 -41.9152693939826 -45.5282419249585 -44.6806660098644 -26.4386503747806 -10.0664649653289 -7.0967006112679 -3.69843007204004 -2.5753199930979 -3.835389271415 -4.64430598587192 -5.01017870842208 -5.00582501037731 -4.69276343779982 -4.4458706315425 -4.29857685645506 -4.16363705964041 -4.4404466421446 -4.48677163810149 -4.10230883018543 -3.74374109497628 -3.13531824313509 -2.63606369785523 -2.1032545016658
-9999 -9999 -9999 -9999 -9999 -9999 -9999 -9999 -9999 -9999 -9999 -9999 -9999 -9999 -9999 -9999 -9999 -9999 -9999 -9999 -9999 -9999 -9999 -9999 -9999 -9999 -9999 -17.0152437327555 -15.9348783744651 -15.5686844626104 -21.9837385062502 -27.8446035141725 -33.7980179763349 -37.5700663093096 -41.405604821606 -39.8465859019789 -21.9967713874833 -9.5883117903956 -7.24829847698259 -3.51887299946123 -3.35373115299712 -4.64515990554316 -5.08514619688451 -5.34363311528993 -5.32887382850279 -5.0821843136744 -4.93892587194239 -4.87042214088741 -4.80040109437325 -5.03329675190008 -5.12053023985567 -4.95350818747364 -4.66949291629621 -4.11059031155928 -3.64389097449016 -3.08743018339626
-9999 -9999 -9999 -9999 -9999 -9999 -9999 -9999 -9999 -9999 -9999 -9999 -9999 -9999 -9999 -9999 -9999 -9999 -9999 -9999 -9999 -9999 -9999 -9999 -9999 -9999 -16.1068847219619 -15.7664596849147 -14.4155468419975 -14.1454144552174 -19.1110693025563 -23.1894786789845 -28.4427400043333 -30.4868865235514 -34.0389072281305 -34.6369155899721 -16.5170317118027 -7.34782559905466 -6.51238571824611 -3.55822144369983 -4.32664026377538 -5.79389770313318 -5.75938838510843 -5.72830817356509 -5.84586408868642 -5.67049829805248 -5.6640300919682 -5.82627764105663 -5.74785201514413 -5.79887180993282 -5.74839324051949 -5.40674604292272 -5.06925579329922 -4.60827769638793 -4.15430140664571 -3.72986772451582
-9999 -9999 -9999 -9999 -9999 -9999 -9999 -9999 -9999 -9999 -9999 -9999 -9999 -9999 -9999 -9999 -9999 -9999 -9999 -9999 -9999 -9999 -9999 -9999 -9999 -9999 -14.569127605046 -14.3208926235157 -11.4232396939836 -11.8117963251102 -14.6270823683999 -18.3375599797431 -23.406449834229 -23.7852793189152 -24.2760891822824 -21.9040148134649 -11.4633317986202 -6.64192465104743 -5.10112276001899 -4.18084490599664 -5.17501356724882 -6.66713428878132 -6.92192630335387 -6.85809175196463 -6.9508796973372 -6.93392450865764 -6.80721231617706 -6.67079708052838 -6.45305124226465 -6.39872406755796 -6.00312852318357 -5.58632268494279 -5.19857390033651 -4.73242212027428 -4.32113866961251 -3.9836339368726
-9999 -9999 -9999 -9999 -9999 -9999 -9999 -9999 -9999 -9999 -9999 -9999 -9999 -9999 -9999 -9999 -9999 -9999 -9999 -9999 -9999 -9999 -9999 -9999 -9999 -9999 -12.3203909627242 -11.4845996024846 -10.1719929072667 -10.6738335270397 -11.4797184279526 -13.7686928521328 -19.1847119013189 -17.7412551363861 -15.6217553729587 -12.1968614670534 -6.67132047179669 -5.52978476515173 -4.75059143721817 -5.25652083206933 -6.53126000991522 -7.37087877223079 -7.77131495561772 -8.07397218513842 -8.28633549798724 -8.49511620951823 -7.87719654789097 -7.4069087643738 -7.02906835270443 -6.67082645468967 -6.27864759973076 -5.84782124627318 -5.37165795289424 -4.91254469748204 -4.64327206148774 -4.34971041244788
-9999 -9999 -9999 -9999 -9999 -9999 -9999 -9999 -9999 -9999 -9999 -9999 -9999 -9999 -9999 -9999 -9999 -9999 -9999 -9999 -9999 -9999 -9999 -9999 -9999 -9999 -10.4478617530793 -10.5964737799826 -11.5934291370655 -11.1816674462359 -9.71001547435941 -10.0150240145526 -10.8266560204208 -8.39017625057002 -6.30172008154901 -5.48933059713351 -4.75935509293701 -5.10968131188128 -5.60136246867865 -6.78060305368741 -7.42999600778879 -7.95341552214224 -8.07740455672712 -8.22185733034114 -8.55388659180268 -8.73687345706935 -8.4616833760462 -7.90421029918848 -7.40801207395246 -7.04270671105869 -6.67285197782283 -6.25160660769438 -5.80878861565713 -5.3601951773688 -5.06501579673927 -4.81244988059953
-9999 -9999 -9999 -9999 -9999 -9999 -9999 -9999 -9999 -9999 -9999 -9999 -9999 -9999 -9999 -9999 -9999 -9999 -9999 -9999 -9999 -9999 -9999 -9999 -9999 -6.70577523975438 -7.97016350749231 -12.0636071338052 -14.6045752320984 -11.4040302593841 -8.42968072961187 -6.50120444226204 -4.65228475673458 -2.53008997730067 -3.00116887789475 -5.74417100217293 -6.34529781110021 -5.73215478648131 -7.6138808152455 -8.21794571956949 -8.69964631689691 -8.5848058178449 -8.45319903550483 -8.39869608126275 -8.87299232004579 -9.09529728640045 -8.74305290463358 -8.24282314151162 -7.85131308692507 -7.55476803214059 -7.19778434837446 -6.74530469129169 -6.40533365823308 -6.0076075958806 -5.77492969264622 -5.50758174143624
-9999 -9999 -9999 -9999 -9999 -9999 -9999 -9999 -9999 -9999 -9999 -9999 -9999 -9999 -9999 -9999 -9999 -9999 -9999 -9999 -9999 -9999 -9999 -9999 -9999 -6.2578765687622 -7.19543898011566 -10.5626528410926 -12.8146799146572 -10.6611991669595 -6.87852115370277 -3.70476036999775 -1.22836020144053 -0.888069392394719 -3.02302202770395 -5.5954248609909 -7.51873827322437 -7.36510483499464 -8.78565818181234 -9.1727864869038 -9.24924598840514 -8.92114060327996 -8.7905598320458 -8.69458294876711 -9.03651570160453 -9.37609043655786 -9.20118737307064 -8.76179150444277 -8.38315669184924 -8.05456900787786 -7.6892975481537 -7.34752756284774 -7.06773062686937 -6.7118903287576 -6.49848889660804 -6.33592945398708
-9999 -9999 -9999 -9999 -9999 -9999 -9999 -9999 -9999 -9999 -9999 -9999 -9999 -9999 -9999 -9999 -9999 -9999 -9999 -9999 -9999 -9999 -9999 -9999 -9999 -5.57275129760028 -6.77572622459709 -9.79065765653866 -11.5657884355896 -9.2228162954702 -5.75210102577499 -2.20232648888139 -1.07310861783958 -2.25452159079752 -5.19202276547883 -6.792591022517 -8.45685381211054 -8.1422571727317 -8.80832858998919 -8.64547811117312 -9.20438884585935 -8.84867560397654 -8.85567040161 -8.90268399269996 -9.32752793559161 -9.68931848959371 -9.71000668834635 -9.3596756511041 -8.9769772217721 -8.61399501398611 -8.24309318370951 -7.94228768195753 -7.74379706811051 -7.45885885648916 -7.33129275054896 -7.21098088782072
-9999 -9999 -9999 -9999 -9999 -9999 -9999 -9999 -9999 -9999 -9999 -9999 -9999 -9999 -9999 -9999 -9999 -9999 -9999 -9999 -9999 -9999 -9999 -9999 -9999 -4.56856234113901 -6.12848170189436 -9.16426184090461 -10.5890699926121 -8.5117752056145 -4.62416260043953 -2.04458480165101 -2.6958745202778 -4.86057585091258 -7.23344056749126 -7.78409496322065 -8.79262461949179 -7.79472889510339 -7.52543760026204 -7.73339219398228 -8.05549702860379 -8.34798367935147 -8.69789993481816 -9.07635601875018 -9.77954968612889 -10.2652967570294 -10.3344076780593 -9.82046508620221 -9.370625311439 -9.12377962732521 -8.89554910767 -8.63264507573283 -8.43241899189753 -8.18077109923686 -8.11484761843225 -8.09476888751202
-9999 -9999 -9999 -9999 -9999 -9999 -9999 -9999 -9999 -9999 -9999 -9999 -9999 -9999 -9999 -9999 -9999 -9999 -9999 -9999 -9999 -9999 -9999 -9999 -9999 -3.88295945647215 -5.65833894548143 -9.15877986711918 -10.5446114441721 -8.16064872447709 -4.69053451550169 -3.08954849155897 -4.61360216916702 -6.83869079908503 -8.35764569869593 -8.44952471900531 -8.80318460303668 -7.95692315486975 -7.92515408605185 -7.91384724090392 -8.03140070315264 -8.31339812453822 -9.02653982701328 -9.69782455564131 -10.6972716683664 -11.1474898760352 -10.9515976300121 -10.3162717170851 -9.83231681223721 -9.67073327673154 -9.52435067004637 -9.25005258276424 -9.11138495568263 -8.92896927327694 -8.93751334246641 -8.94320639018408
-9999 -9999 -9999 -9999 -9999 -9999 -9999 -9999 -9999 -9999 -9999 -9999 -9999 -9999 -9999 -9999 -9999 -9999 -9999 -9999 -9999 -9999 -9999 -9999 -9999 -4.46828828143978 -5.78218283488073 -9.41071796730991 -10.679035498275 -8.34720098578388 -4.70097113522698 -4.32645000894906 -6.22244074165764 -8.21094171984956 -9.19756727171732 -8.5279568863944 -8.88080695171687 -7.93540063661932 -7.76081171924403 -8.46000859859154 -8.55749046139237 -8.93765659166506 -10.1332676754067 -11.0235010660271 -11.326962256747 -11.2628953164673 -11.3878711534344 -10.948037833977 -10.4683216555825 -10.2359906482571 -10.0804231554445 -9.90982574068527 -9.80338435914033 -9.6295875924501 -9.62630937689743 -9.66498864766918
-9999 -9999 -9999 -9999 -9999 -9999 -9999 -9999 -9999 -9999 -9999 -9999 -9999 -9999 -9999 -9999 -9999 -9999 -9999 -9999 -9999 -9999 -9999 -9999 -9999 -4.3827800230021 -5.79214568233409 -10.1186330773366 -11.3827660690722 -9.0141757666121 -5.53281498085495 -5.34441339710627 -7.72402761940219 -9.23693273056352 -10.0131312824599 -9.34097663022009 -9.46234479378886 -8.19462577822658 -7.91381005590931 -8.308571162038 -9.17048871994176 -9.54019936306893 -11.04534829158 -11.9503975533634 -11.8910528854444 -11.4211021789423 -11.432000979619 -11.4704534821379 -11.0682895568884 -10.8592837969509 -10.660253119891 -10.4439131006832 -10.367897086918 -10.2247091592322 -10.2631764461012 -10.3101721089291
-9999 -9999 -9999 -9999 -9999 -9999 -9999 -9999 -9999 -9999 -9999 -9999 -9999 -9999 -9999 -9999 -9999 -9999 -9999 -9999 -9999 -9999 -9999 -9999 -9999 -4.2591102577306 -6.03374859369669 -10.940597626492 -12.3227276616795 -10.1980972943839 -6.82127576404794 -6.49128116498932 -8.81514823910569 -9.93119988996309 -10.4082648180139 -10.41286816379 -9.5404670853368 -8.82573916465833 -8.42762560259811 -8.10224512364615 -8.65256026325478 -10.0301699832449 -11.3121824780802 -12.2256240554716 -12.0765784263843 -11.6075201667664 -11.7020405881466 -11.8896985350139 -11.5733923783799 -11.4111682575805 -11.2659387434005 -11.0081986270858 -10.7899307878509 -10.653747810305 -10.7665894351754 -10.8785499559603
-9999 -9999 -9999 -9999 -9999 -9999 -9999 -9999 -9999 -9999 -9999 -9999 -9999 -9999 -9999 -9999 -9999 -9999 -9999 -9999 -9999 -9999 -9999 -9999 -9999 -4.14858853941393 -6.0799350721675 -11.6222182683391 -13.3604410268788 -11.1612953651604 -8.25270446426581 -7.76605380767404 -9.81612541377181 -10.7858857094085 -11.064305523448 -10.4043945969538 -9.59775800335339 -8.99715814877298 -8.52788107017076 -7.99982105783524 -8.34531253322155 -10.385681298453 -11.4649362549119 -12.3261504948803 -12.3428346387347 -11.9152930493274 -11.8833386456171 -12.1556406586047 -12.0673191101254 -11.8511338624222 -11.6781785466549 -11.4054040983287 -11.2647201201816 -11.1761434479824 -11.2515899227846 -11.3268392039771
-9999 -9999 -9999 -9999 -9999 -9999 -9999 -9999 -9999 -9999 -9999 -9999 -9999 -9999 -9999 -9999 -9999 -9999 -9999 -9999 -9999 -9999 -9999 -9999 -9999 -4.32772045689318 -6.52841696672443 -12.3646437175992 -14.3753174439994 -12.3087149942155 -9.65778922386825 -9.13231752287548 -10.5240665626313 -11.6218572427452 -11.3677967142711 -10.0408399085275 -9.58098342479257 -8.86522792140825 -8.41854396666336 -8.20612137209388 -8.33490848011817 -10.5533907979963 -11.56975412469 -12.3389409331261 -12.5327360411729 -12.3285556929811 -12.2841092779702 -12.3683863330193 -12.2417164462883 -12.2495268411493 -11.9096248492426 -11.8002216093653 -11.8631202325381 -11.7281558023002 -11.7108859632748 -11.6457055876173
-9999 -9999 -9999 -9999 -9999 -9999 -9999 -9999 -9999 -9999 -9999 -9999 -9999 -9999 -9999 -9999 -9999 -9999 -9999 -9999 -9999 -9999 -9999 -9999 -7.91078013508367 -4.4393301035307 -7.24496368939937 -13.6692633364222 -15.8122941626896 -13.6439555710554 -10.9162036831201 -9.88159531126756 -11.0965662998315 -12.4053816375455 -12.3602003629812 -10.8873282257545 -10.4366132626821 -9.78816972635281 -9.32849167925066 -9.10307155464548 -9.25225391613053 -10.9236541469622 -11.700852803912 -12.28211171815 -12.5395161913112 -12.571501254767 -12.6465005774214 -12.6695967860955 -12.3818490787452 -12.4100277240406 -12.2448472852085 -12.2417253394452 -12.2845826443954 -11.3980999895153 -10.5606732857805 -10.2581154532073
