meets/meet006/_saidas_enm/CCSM_SVM_0k_S_lineola5.asc
NCOLS 154 
NROWS 168 
XLLCORNER -112 
YLLCORNER -55.5 
CELLSIZE 0.5 
NODATA_value -9999 
[rows 100 to 124 of 168, columns 56 to 111 of 154]
-9999 -9999 -9999 -9999 -9999 -9999 -9999 -9999 -9999 -9999 -9999 -9999 -9999 -9999 -9999 -9999 -9999 -9999 -9999 -9999 -9999 -9999 -9999 -9999 -9999 -9999 -9999 -9999 -0.0140949349548124 0.261461491068477 0.212618986070768 -0.0189308650390014 -0.0686739212582255 -0.0689876525208412 -0.0842775089481456 -0.0895807709261583 -0.0839815367274509 -0.0426459430382642 0.116352897953241 0.595802315940244 0.965620741910725 0.720741382137882 0.254064950119487 -0.00554621061886662 -0.0343389364587418 -0.0317945396910867 -0.0995639252215652 -0.13426310676158 -0.108210605415437 -0.0673580122170295 -0.0406406149959038 -0.0159036566154045 0.0214061272049168 0.0901756797179405 0.186757591280592 0.292072522498574
-9999 -9999 -9999 -9999 -9999 -9999 -9999 -9999 -9999 -9999 -9999 -9999 -9999 -9999 -9999 -9999 -9999 -9999 -9999 -9999 -9999 -9999 -9999 -9999 -9999 -9999 -9999 -9999 -0.0193779234613309 0.243934932576099 0.12697854785624 -0.0321119029313679 -0.0672717493599344 -0.0728749903860498 -0.0844186016054167 -0.0736768489338121 -0.0585568621212418 -0.0170364872396673 0.158916345924073 0.668957000698968 0.928767584610641 0.608594861788421 0.168871369053852 -0.0499647895026341 -0.0401228031588921 -0.0284185092809709 -0.110425619214039 -0.146856186316715 -0.111757647095762 -0.0602614242810005 0.0225489194006164 0.0216900679816556 0.0466689457961955 0.107614354574438 0.199777432322931 0.329926465722844
-9999 -9999 -9999 -9999 -9999 -9999 -9999 -9999 -9999 -9999 -9999 -9999 -9999 -9999 -9999 -9999 -9999 -9999 -9999 -9999 -9999 -9999 -9999 -9999 -9999 -9999 -9999 0.00544458716306173 -0.0226817195447264 0.219928674533243 0.12979269133188 -0.0268667535618443 -0.0599578173732078 -0.0695014837640638 -0.0753806997694575 -0.044724799188571 -0.0244536406778252 0.0311758080180546 0.267139989388316 0.756422461855674 0.880655067069882 0.508631802960826 0.118707682996035 -0.0623923696656963 -0.0372229474702301 -0.0112602116044764 -0.0723079545278259 -0.110424798346349 -0.0895041356688915 -0.049944214687568 -0.00221307463359649 0.0268153450200603 0.0338874116065204 0.08340086775734 0.182086399057765 0.290104749089271
-9999 -9999 -9999 -9999 -9999 -9999 -9999 -9999 -9999 -9999 -9999 -9999 -9999 -9999 -9999 -9999 -9999 -9999 -9999 -9999 -9999 -9999 -9999 -9999 -9999 -9999 -9999 0.0113280847087351 -0.0118223335781398 0.212606449134967 0.100536196804078 -0.0274747524280204 -0.0547074658177804 -0.0630766612461338 -0.0614122027427698 -0.0185847528960162 0.00450616987065994 0.0673506142023421 0.351073509355539 0.824292509209157 0.816786006263399 0.44409137701881 0.109407862181011 -0.043640415949287 0.002467780106856 0.0371926918233916 -0.0128856982348842 -0.0591472550928742 -0.0552666271248623 -0.0328627707415934 -0.00332864277947431 0.0123615553339201 0.00770843529276533 0.0695331572815261 0.165631701850003 0.26335361763137
-9999 -9999 -9999 -9999 -9999 -9999 -9999 -9999 -9999 -9999 -9999 -9999 -9999 -9999 -9999 -9999 -9999 -9999 -9999 -9999 -9999 -9999 -9999 -9999 -9999 -9999 -9999 0.0181690509367431 0.0130868783720304 0.204488889867421 0.0625767027508838 -0.0391015421757663 -0.060010269591705 -0.0609468844468446 -0.050497150476521 -0.0109485140098469 0.00738872080998554 0.104940485898423 0.443708636714679 0.869637689615874 0.799731514063856 0.434732308315916 0.167103124073379 0.0371204146699758 0.0451843411886361 0.0828436826125639 0.0308775252260466 -0.013750729776024 -0.0188094244857889 0.000227482970984016 0.0294158641635638 0.0358798262414105 0.0506244074319954 0.108907808604963 0.195874258644378 0.292274785397534
-9999 -9999 -9999 -9999 -9999 -9999 -9999 -9999 -9999 -9999 -9999 -9999 -9999 -9999 -9999 -9999 -9999 -9999 -9999 -9999 -9999 -9999 -9999 -9999 -9999 -9999 -9999 0.043804410910063 0.0465786203407269 0.186476016297362 0.0104017767831489 -0.0572074038525942 -0.0684323028758171 -0.0643780445756351 -0.0545845088100942 -0.0313340790085639 -0.00980235081077097 0.11934448914447 0.482254983609504 0.878678665151691 0.755410391029216 0.421948746083169 0.213674092298022 0.0836646832397617 0.0690652321160117 0.0777538076609565 0.0257821258848752 -0.00226332016854736 -0.00346532247225695 0.00652445787555994 0.0385220827097654 0.0570968289870587 0.0870508077139527 0.145554978928597 0.206368728903923 0.286103825840917
-9999 -9999 -9999 -9999 -9999 -9999 -9999 -9999 -9999 -9999 -9999 -9999 -9999 -9999 -9999 -9999 -9999 -9999 -9999 -9999 -9999 -9999 -9999 -9999 -9999 -9999 -9999 0.1002393519986 0.100921542904295 0.148381869794885 -0.0251321754330686 -0.06128709747244 -0.0702037882131566 -0.0661002717141502 -0.0641811737162377 -0.0621351303814801 -0.0300692610805459 0.0997609770429742 0.453760972229281 0.831977849276359 0.681452743455868 0.409811316364254 0.237421151718361 0.124207942347036 0.0696306792422853 0.0215634687629396 0.010513112135648 -0.00972140570482982 -0.00614657902458426 0.0117724226057976 0.0301930784672271 0.0615985860375047 0.0965611649082845 0.154395614211204 0.211199934264596 0.27044416990136
-9999 -9999 -9999 -9999 -9999 -9999 -9999 -9999 -9999 -9999 -9999 -9999 -9999 -9999 -9999 -9999 -9999 -9999 -9999 -9999 -9999 -9999 -9999 -9999 -9999 -9999 -9999 0.202001267807949 0.155841818755776 0.106277256504137 -0.0299910634509155 -0.0500746557100273 -0.0645366761149628 -0.0656495384529731 -0.0647128289328915 -0.0546283302461523 -0.0318483256472731 0.077223370429418 0.417249802239778 0.774658104683924 0.623173266358603 0.385583587733452 0.262890836109303 0.161310075714818 0.106901820849625 0.0584884902467003 0.0408018723661404 0.0267052026032601 0.0241104481604403 0.0320878292631147 0.0476826112877545 0.0721697176760129 0.114005837398983 0.164900409849224 0.202415453046694 0.246109005787725
-9999 -9999 -9999 -9999 -9999 -9999 -9999 -9999 -9999 -9999 -9999 -9999 -9999 -9999 -9999 -9999 -9999 -9999 -9999 -9999 -9999 -9999 -9999 -9999 -9999 -9999 -9999 0.315079009499029 0.211805593409566 0.0727139393702108 -0.0140536114676898 -0.0330887171375441 -0.0586716655860561 -0.066176879886556 -0.0623819295379179 -0.0215465448263594 -0.0192800189161029 0.064416895719102 0.373287609415031 0.701800385082293 0.554793076991222 0.356404838628168 0.273065479333151 0.206169018403095 0.170475442735808 0.160437683780673 0.116308227006542 0.0931523236684869 0.0818807847940147 0.0676187563466841 0.0774119915717685 0.102217737661161 0.13169286062212 0.173804054910572 0.197535374392396 0.230886744237211
-9999 -9999 -9999 -9999 -9999 -9999 -9999 -9999 -9999 -9999 -9999 -9999 -9999 -9999 -9999 -9999 -9999 -9999 -9999 -9999 -9999 -9999 -9999 -9999 -9999 -9999 -9999 0.388363047439708 0.221848975027048 0.0643277560353384 -0.00177314922170407 -0.0256347665398877 -0.0632510798655916 -0.0652018654384491 -0.0622404785397952 -0.0241111992504284 -0.000102123564994672 0.102646397823751 0.379095389016762 0.587897234924404 0.459209411385805 0.307941210363669 0.258982116579051 0.21683485108485 0.192487154192636 0.182716637523004 0.146387737061234 0.123886717197295 0.110213114780337 0.0944757007767867 0.0988002583808232 0.109052990346515 0.129610612414535 0.159013975867992 0.173446690437265 0.200807125598281
-9999 -9999 -9999 -9999 -9999 -9999 -9999 -9999 -9999 -9999 -9999 -9999 -9999 -9999 -9999 -9999 -9999 -9999 -9999 -9999 -9999 -9999 -9999 -9999 -9999 -9999 0.465316942614651 0.406790532457863 0.210426278715268 0.0614989889273003 0.0215785429711848 -0.0104763287544661 -0.0442504502401923 -0.0312587026358362 -0.0490476453201155 -0.0174377691679651 0.0468594598649095 0.190034645524368 0.353634490121915 0.44089699945861 0.322496698025413 0.232710939619083 0.214069005419479 0.19804955834447 0.171630253565954 0.155800626315385 0.135766273968406 0.113220583733213 0.109102306257114 0.108148092586484 0.112639641313548 0.121104079292876 0.117496999214799 0.136604706668436 0.150423975740628 0.165846841383892
-9999 -9999 -9999 -9999 -9999 -9999 -9999 -9999 -9999 -9999 -9999 -9999 -9999 -9999 -9999 -9999 -9999 -9999 -9999 -9999 -9999 -9999 -9999 -9999 -9999 -9999 0.482435745680464 0.353947947386775 0.147815719653367 0.0628602033031301 0.0474978298212911 0.0228396081937176 0.0109720270015419 0.0500930858805971 0.0302790020646296 0.0321616373930609 0.176273172291772 0.364543452029833 0.383930028847988 0.295203114793583 0.20473102149924 0.152257009107604 0.151887239914572 0.144419713530726 0.126290538301446 0.113873360138394 0.105953156349453 0.105357159084906 0.111123671100908 0.111863760594147 0.114440158300602 0.114576211470775 0.113207684712392 0.126558067823338 0.130739566789041 0.140375239717931
-9999 -9999 -9999 -9999 -9999 -9999 -9999 -9999 -9999 -9999 -9999 -9999 -9999 -9999 -9999 -9999 -9999 -9999 -9999 -9999 -9999 -9999 -9999 -9999 -9999 -9999 0.466704221812338 0.220751809311076 0.0745827031350199 0.0587421237217252 0.0877928344928969 0.0741809628336466 0.0929232853630553 0.183463875730535 0.240380394365404 0.201050818147904 0.396621990333005 0.477982265319979 0.316799853513799 0.172462560182031 0.0938153902398705 0.0774394759204071 0.089044014696841 0.0898230121334614 0.0753294963878764 0.0703265731025091 0.0804036397998212 0.0969255875061143 0.113694426256135 0.110032978829163 0.112410144996286 0.113160912925634 0.111263151045027 0.120519695424514 0.115088645010155 0.118855141510725
-9999 -9999 -9999 -9999 -9999 -9999 -9999 -9999 -9999 -9999 -9999 -9999 -9999 -9999 -9999 -9999 -9999 -9999 -9999 -9999 -9999 -9999 -9999 -9999 -9999 -9999 0.37326108726848 0.0954495220702676 0.0133713445342947 0.0354635491821453 0.081487374762796 0.145651439174946 0.268677747658951 0.458243246968661 0.559889787177002 0.499919111177524 0.478549737434892 0.37354368929865 0.171863553360581 0.0714276122456723 0.0361480960941482 0.0303086267591237 0.0435280626483067 0.0461284371647092 0.033792201362334 0.0299324251110326 0.0499598313845717 0.0802265821545116 0.102957333999735 0.101327842076581 0.0966847377794285 0.0945289740603041 0.0913860284957897 0.0982131617657485 0.0947693237291753 0.0925619443911135
-9999 -9999 -9999 -9999 -9999 -9999 -9999 -9999 -9999 -9999 -9999 -9999 -9999 -9999 -9999 -9999 -9999 -9999 -9999 -9999 -9999 -9999 -9999 -9999 -9999 0.543673623642907 0.243787456159586 0.0158269390271314 -0.0159850464267137 0.00931369231365814 0.0995566506101546 0.245313389765072 0.493879762048999 0.676796600451172 0.603048053074617 0.410148665049241 0.329371945174741 0.180167375038117 0.0476648007977519 0.0161293646789069 0.0029756838265923 0.00996649227762531 0.0235249677339038 0.0286036251849327 0.0192726763863285 0.0189736211937761 0.036540177332942 0.0665991175924991 0.0911856945080073 0.084626036470148 0.0794951140138579 0.0819625137826542 0.0698381411957825 0.0722595956871442 0.0666377379395799 0.0648406027238594
-9999 -9999 -9999 -9999 -9999 -9999 -9999 -9999 -9999 -9999 -9999 -9999 -9999 -9999 -9999 -9999 -9999 -9999 -9999 -9999 -9999 -9999 -9999 -9999 -9999 0.448811004298523 0.162428295463815 0.00905137449619531 -0.00897047629978454 0.00314245901226196 0.123857241450635 0.326411271008745 0.557530042406176 0.629138532196861 0.440791255729373 0.294725541709397 0.190938582910685 0.0802240820805359 0.010892311900012 0.000108649657511062 -0.000793712719389217 0.0106051080459853 0.0205151725939169 0.0262641269067833 0.0237972984227894 0.0251439497585185 0.0317296121415738 0.0535307931741877 0.0774577697253143 0.0773977706608616 0.0689671409532672 0.0640800883400938 0.0556664656893988 0.0581975056602038 0.0534222486844159 0.0488705206481226
-9999 -9999 -9999 -9999 -9999 -9999 -9999 -9999 -9999 -9999 -9999 -9999 -9999 -9999 -9999 -9999 -9999 -9999 -9999 -9999 -9999 -9999 -9999 -9999 -9999 0.382116097583212 0.122420745534141 0.0130016102790131 0.00196002155142766 0.00706377154387222 0.160098481044979 0.357258772728256 0.491908121657353 0.408422401932195 0.266284997832684 0.160889772294781 0.115075973896286 0.0586098629872882 0.0231342102011191 0.0241275106335559 0.00970595724394063 0.0218116391314697 0.0299245424979588 0.0331611997418402 0.0269240426979371 0.0277614697388886 0.0328611569288391 0.0507286214145068 0.0683851026834956 0.0646291206118105 0.0610722743054528 0.0549333259189344 0.0444736758238766 0.0433275708947751 0.0355603777013079 0.0342086970871571
-9999 -9999 -9999 -9999 -9999 -9999 -9999 -9999 -9999 -9999 -9999 -9999 -9999 -9999 -9999 -9999 -9999 -9999 -9999 -9999 -9999 -9999 -9999 -9999 -9999 0.352817872649885 0.104172531125525 -0.0034170415169914 -0.0223180505515084 -0.0146798671430728 0.132435518657461 0.320351604985085 0.352159262769463 0.248142503161995 0.160735149392761 0.112298210893079 0.0913616344798321 0.0852089565474046 0.0767214137678845 0.0646634179840561 0.0535578383058539 0.0471560755337569 0.0494857204725044 0.0496314736964523 0.0373621893561435 0.0324465657109693 0.0401757550363714 0.0539112315642311 0.0664586065905164 0.0610176730318369 0.0524834931803796 0.0451315607535565 0.0355210886771145 0.0347485579318197 0.0264503275265346 0.0198756543506321
-9999 -9999 -9999 -9999 -9999 -9999 -9999 -9999 -9999 -9999 -9999 -9999 -9999 -9999 -9999 -9999 -9999 -9999 -9999 -9999 -9999 -9999 -9999 -9999 -9999 0.323125233468922 0.0916820677722787 -0.0207140585002162 -0.0466823464181831 -0.0370819861008665 0.108133033025724 0.260469384890124 0.237222647564026 0.145419550955701 0.105219019254727 0.0804096197427642 0.0775027746578236 0.0859722318742799 0.0893696491175694 0.0827897697306761 0.0745398843405472 0.0622977972456232 0.0620751505745937 0.0642873138778048 0.051612084351333 0.0534445649974231 0.0555218993818322 0.0597545571356375 0.0654784082223536 0.0535230675733589 0.0483222686629129 0.0402036723764301 0.0287641236902726 0.0247102757259031 0.0130176848115495 0.00954132700838384
-9999 -9999 -9999 -9999 -9999 -9999 -9999 -9999 -9999 -9999 -9999 -9999 -9999 -9999 -9999 -9999 -9999 -9999 -9999 -9999 -9999 -9999 -9999 -9999 -9999 0.294654759629748 0.0750664136171184 -0.0333117542270941 -0.0650995295400142 -0.0537562622449181 0.0953078869785592 0.20618750767187 0.163877582706211 0.09979814635524 0.076672674383412 0.0725392414855951 0.0681566471719462 0.0694240155409416 0.0732430985522414 0.0767248923097754 0.0724963375351806 0.0613421209125764 0.0597651829731021 0.0643941779247307 0.0622238233238584 0.0624528613278539 0.0615285420142187 0.0611839185046886 0.0639230762814984 0.0546664698316546 0.0454185907161954 0.0341835906232636 0.0221087283780713 0.0186321983770512 0.0097733364212802 0.00328329758967916
-9999 -9999 -9999 -9999 -9999 -9999 -9999 -9999 -9999 -9999 -9999 -9999 -9999 -9999 -9999 -9999 -9999 -9999 -9999 -9999 -9999 -9999 -9999 -9999 -9999 0.279583237693367 0.0596289032749699 -0.0392660669758755 -0.069975439437719 -0.0655517843114521 0.0680363844248815 0.150055500579093 0.11670878139736 0.070111277763387 0.058897874750759 0.0568799045611109 0.0524639324319567 0.0531690568212203 0.0571946352953793 0.0630324546028595 0.0649107297442202 0.0587177066327657 0.0578374144378734 0.0627704019903472 0.0607206334342881 0.0657455800517899 0.0649439414006436 0.0607732821846296 0.0609349709051751 0.04977207474706 0.0441603296787963 0.0334508935055242 0.01924884209132 0.013842345817221 0.00326031514944869 -0.00034129264452154
-9999 -9999 -9999 -9999 -9999 -9999 -9999 -9999 -9999 -9999 -9999 -9999 -9999 -9999 -9999 -9999 -9999 -9999 -9999 -9999 -9999 -9999 -9999 -9999 -9999 0.266366270450505 0.0450330116496468 -0.0418940592379347 -0.0663289471505605 -0.0762651984879331 0.0193844738575948 0.100844734205521 0.0892313878970029 0.0562905346169706 0.044122994385371 0.0401663569114324 0.0386619378170698 0.039813925470121 0.0446167447189827 0.0530759119816347 0.0588857632210925 0.0562964828613204 0.0556210221280236 0.058515330140579 0.0593269968352843 0.0628226710260421 0.0619371062668301 0.0603888126853203 0.0597628054938064 0.0511488113993234 0.0412970427857327 0.0304882093993458 0.0191142528253452 0.0128328460258164 0.00313053274271186 -0.00435155981780877
-9999 -9999 -9999 -9999 -9999 -9999 -9999 -9999 -9999 -9999 -9999 -9999 -9999 -9999 -9999 -9999 -9999 -9999 -9999 -9999 -9999 -9999 -9999 -9999 -9999 0.258511168952952 0.0336975156335026 -0.0515930645343027 -0.0621211463402415 -0.0801370669997125 -0.01811451859039 0.0571603674422523 0.0674186268012754 0.0462533890389508 0.0369635689904276 0.0321001716376287 0.0291870238852015 0.0302462995679784 0.0353347670614444 0.0434164931393417 0.0505841079161988 0.0505057954116623 0.050576041733957 0.0532359295775604 0.0503128247337442 0.0544688978073434 0.0573244285107756 0.0568966853323891 0.0604303515256294 0.0517088063173169 0.0454515074964134 0.0373626760267886 0.022086952038563 0.0149550481330599 0.00294874826695785 -0.0041105215226177
-9999 -9999 -9999 -9999 -9999 -9999 -9999 -9999 -9999 -9999 -9999 -9999 -9999 -9999 -9999 -9999 -9999 -9999 -9999 -9999 -9999 -9999 -9999 -9999 -9999 0.251182184554814 0.0238629265715906 -0.057224901797034 -0.0596657715552318 -0.0826217531440393 -0.0414608762460645 0.0213779022212576 0.0462928096148413 0.0372829146272147 0.0286904027975894 0.0223770404930773 0.0204483317453446 0.0210570206267943 0.0263549980924881 0.0360858909043946 0.043718419909712 0.0420562337451907 0.0432212026064827 0.0460307783484562 0.0409980836856658 0.0409602315083144 0.0465523627584814 0.0530981798249023 0.0580930726552497 0.0542759973461339 0.0551494792376107 0.0408551486488 0.0263310908681684 0.0169967453639353 0.0032245357185563 -0.00172328160772661
-9999 -9999 -9999 -9999 -9999 -9999 -9999 -9999 -9999 -9999 -9999 -9999 -9999 -9999 -9999 -9999 -9999 -9999 -9999 -9999 -9999 -9999 -9999 -9999 0.297130889093336 0.220688445645374 0.00522336795112843 -0.0593430872031682 -0.0507988857110631 -0.0829463442718396 -0.0708868258507374 -0.012997276842721 0.0283249165695455 0.028167834392256 0.0186780645509592 0.0125796608702082 0.0116182127013015 0.0141245550214446 0.0200986524557301 0.0287766340400951 0.0353004419249863 0.0314156080286777 0.0323880266799062 0.0363466739535355 0.032808902649975 0.0312027896923889 0.0355819867009622 0.0417654476363452 0.0482683515802071 0.0472749310404538 0.0449145988573229 0.0344351999992661 0.0222127213951506 0.0160583615250681 0.0145847840967279 0.0177483781404789
