meets/meet006/_saidas_enm/CCSM_Maha_0k_S_lineola4.asc
NCOLS 154 
NROWS 168 
XLLCORNER -112 
YLLCORNER -55.5 
CELLSIZE 0.5 
NODATA_value -9999 
[rows 75 to 99 of 168, columns 56 to 111 of 154]
-9999 -9999 -9999 -9999 -9999 -9999 -9999 -9999 -9999 -9999 -9999 -8.37751099947442 -9.30092723140239 -9.22436194103403 -7.14080022088081 -3.18253157967461 -0.823962690993428 0.223888025777909 0.101896375172689 -0.668220090846941 -1.52287322061536 -2.45550288070535 -2.84043508015918 -3.05870572591812 -2.82272271909387 -2.67249200422965 -2.63345665343924 -2.65018360727071 -2.63898037316837 -2.53605246265698 -2.49358891556499 -2.4447744694264 -2.43463832789475 -2.30513211548596 -2.04429568695518 -1.82360997870039 -1.50754851720224 -1.24550899975706 -0.901429490134589 -0.522850933194361 -0.242077222690872 0.0691742317000068 0.265018010057246 0.425120140253943 0.546375638605776 0.571686253574957 0.549166301267803 0.424731326593044 0.224866422661815 -0.0260741103183264 -0.343701641312538 -0.51457369760759 -0.682761961471779 -0.769198646779591 -0.740459798605993 -0.795515661093138
-9999 -9999 -9999 -9999 -9999 -9999 -9999 -9999 -9999 -9999 -9999 -8.3195157989989 -6.08440621308077 -7.00058197413705 -6.93563222279762 -4.74409884399233 -1.46238214735509 0.674796527709334 0.458734833378619 0.198542233608231 -0.913166959092212 -1.65070447135442 -2.38106833929743 -2.73938114356282 -2.76908085122638 -2.89979266845477 -2.83488240571229 -2.82737275576593 -2.86044066591278 -2.82831118165688 -2.85833089966185 -2.84518337692933 -2.75161648784342 -2.62745047485873 -2.38237024745184 -2.08453630128085 -1.88445385357663 -1.55884461028309 -1.19004109003175 -0.789538789278682 -0.367711421183477 -0.0987037164137083 0.159340136657836 0.347049411270653 0.451714376262248 0.476356879975478 0.482945595951392 0.423616575497238 0.295821996378873 0.116130696024138 -0.104724967452176 -0.268705356241644 -0.390458476739703 -0.456453926915217 -0.456479382590261 -0.568422459356799
-9999 -9999 -9999 -9999 -9999 -9999 -9999 -9999 -9999 -9999 -9999 -9999 -6.1659259667071 -5.78606096418184 -6.10423801375835 -5.12147494528645 -3.20350377464436 -1.37687464743406 0.125694599821603 0.58976243803057 -0.0946509029820954 -0.181841861570309 -1.48455640325239 -2.39591881070447 -2.4885308863773 -2.63169111447595 -2.73776149145978 -2.87777764619685 -3.04213719754178 -3.13281615382921 -3.20834967218645 -3.21841111614919 -3.15632415664828 -3.02934280663127 -2.78040929136028 -2.51266435948713 -2.30661696104334 -2.04676744851027 -1.66831903038161 -1.22464858185022 -0.767533349089779 -0.399412098426788 -0.100723702304113 0.148148144484892 0.325594265490456 0.394580453508788 0.426480461709703 0.407597499791691 0.342844736785638 0.25695367858937 0.120027297999257 0.00146554035498025 -0.100928712879412 -0.202173547514209 -0.273301658208236 -0.42699136243922
-9999 -9999 -9999 -9999 -9999 -9999 -9999 -9999 -9999 -9999 -9999 -9999 -10.144284067655 -6.43377561548209 -4.77599834413449 -5.66625193827516 -7.32510761113658 -7.23456638315439 -4.06746927786944 -0.882330304637074 0.624019963523164 0.14836259386103 -0.258195379545751 -1.90897219263989 -1.96828974357396 -2.1540226429143 -2.55126291083459 -2.89001020041102 -3.21675820065976 -3.43388298924483 -3.6214954977782 -3.66183076891163 -3.67496213457503 -3.58108226650715 -3.30324866685779 -3.09396630818213 -2.91289178421395 -2.74492843996609 -2.3916501962008 -1.88392553716694 -1.42340352883384 -0.929240108278379 -0.560419291583366 -0.221001256097007 0.0644363176989635 0.163720245415159 0.260589132916307 0.26582234331038 0.254341165365921 0.244084673436441 0.189887979747461 0.0894748095517561 -0.0325731999844989 -0.103848678720686 -0.289883730363187 -0.586117813840064
-9999 -9999 -9999 -9999 -9999 -9999 -9999 -9999 -9999 -9999 -9999 -9999 -9999 -8.97383502727684 -4.82965586393747 -8.58564891761857 -14.1628795039079 -20.202884049201 -18.3736792368868 -10.5224365844027 -2.36155104636939 -0.0145685292811659 0.278939160028821 0.0843834203070494 -0.769019186374772 -1.47960992250103 -1.94194224152922 -2.76627420592256 -3.53307007704594 -3.67446276066348 -3.8844657592833 -3.97482998352718 -4.04477854628597 -4.01773551218199 -3.8309829060123 -3.68673502965605 -3.48568614520564 -3.32423972351402 -2.99346605514515 -2.535092055042 -2.08119761708405 -1.53234834499553 -1.06804373527572 -0.57683658815169 -0.126879365752871 0.0859347673239901 0.15561729717609 0.109939325011046 0.0818644300642183 0.112288986214077 0.110512695325258 0.0869609636779828 -0.0612889894163047 -0.26794235482632 -0.456393942832138 -0.688582587927494
-9999 -9999 -9999 -9999 -9999 -9999 -9999 -9999 -9999 -9999 -9999 -9999 -9999 -11.7490023461032 -5.23345666227067 -12.6426277594299 -20.891825781265 -38.9040876041504 -41.7653490490642 -29.3750798169748 -20.5148304970307 -4.05213899701601 -0.542646167997457 -0.485307030976493 -0.142487493497634 -0.43846580681251 -0.979592159735349 -2.05985139251715 -3.50517865370934 -3.87702428984374 -4.09113638249639 -4.37502101378009 -4.32558567884428 -4.3446602312177 -4.24281572241361 -4.23526121198852 -3.92669023984993 -3.72452426780311 -3.4284945360627 -3.04244071294882 -2.73489899305368 -2.10739531087601 -1.54239033719483 -0.920525028169438 -0.282162101370456 0.0991668498772863 0.0545741465696772 -0.070976823007902 -0.125800512351785 -0.0925106704932204 -0.0943535443811863 -0.178788976499881 -0.308425771475674 -0.442558313190966 -0.55877925113475 -0.811638352610854
-9999 -9999 -9999 -9999 -9999 -9999 -9999 -9999 -9999 -9999 -9999 -9999 -9999 -9999 -5.32494111729549 -8.80581090339758 -20.3117644522658 -39.7885077849935 -47.0986838862756 -42.3041436332158 -31.7137340127786 -18.3619171608812 -6.83784631093805 -1.35539925286412 -2.42925865857188 -2.98971548547115 -0.912088112604125 -0.698550028904216 -1.93972884535858 -2.4102665993851 -3.85415659382502 -4.05763500355175 -4.39866491020819 -4.64553751136753 -4.39190616852593 -4.3084471376844 -4.05745940498566 -3.82337953141905 -3.50575675129585 -3.13354525871662 -2.80890651268211 -2.32950520364779 -1.80999490280553 -1.16501150415601 -0.48805644491464 -0.134341961219929 -0.0786812324281909 -0.242501536943137 -0.337085453771587 -0.337127431092211 -0.390816716818445 -0.415297121444859 -0.503567535632921 -0.532194823973617 -0.432657080453904 -0.484754437281011
-9999 -9999 -9999 -9999 -9999 -9999 -9999 -9999 -9999 -9999 -9999 -9999 -9999 -9999 -8.06488944362649 -5.03931214080674 -14.5303172417663 -31.9526708641975 -44.6513428727844 -48.5250724349947 -46.1626559137262 -43.7163053193399 -35.2782825378155 -22.2613488400086 -9.71377786363479 -3.54597367978613 -1.62990554403542 -2.54310597005657 -0.938076063084196 -0.223947919534672 -2.13690054916137 -2.74147971108954 -3.76072210540856 -4.5347037679786 -4.39915506412066 -4.37987509599477 -4.07252049235047 -3.84556685382598 -3.47366869269593 -3.00667307126813 -2.75586166016861 -2.30816201309329 -1.99584569210935 -1.50739538934095 -0.840045909275523 -0.43718484128162 -0.332681510191958 -0.4592019552599 -0.503373792150411 -0.455598371492613 -0.613242474285865 -0.503732144229105 -0.560131010383384 -0.528479036988857 -0.279163303841426 -0.102656681399126
-9999 -9999 -9999 -9999 -9999 -9999 -9999 -9999 -9999 -9999 -9999 -9999 -9999 -9999 -9999 -8.73449915995845 -8.66997237496161 -19.7309062056768 -34.5847850830826 -49.5841916159848 -64.7129416521156 -69.7965750604029 -75.7353953486278 -69.8943139984665 -51.975986013143 -37.6282847681826 -20.1182604925696 -8.69730786842231 -1.18094261245889 -2.52080462452734 -0.316437535987685 -0.409936122809195 -2.3987928870053 -4.37236756961141 -4.3487956080528 -4.01227021580603 -3.92020558176595 -3.82193876542535 -3.43061104518947 -2.79986787409422 -2.25877774489059 -2.06983971588142 -2.10717300273749 -1.84407772078207 -1.23233311881853 -0.7485102998254 -0.534580142228385 -0.483108579832852 -0.402134810229687 -0.27591314124827 -0.232144098348952 -0.228309400037117 -0.30196589573906 -0.275221494182148 -0.147819752549782 -0.106636247472214
-9999 -9999 -9999 -9999 -9999 -9999 -9999 -9999 -9999 -9999 -9999 -9999 -9999 -9999 -9999 -10.1976042390878 -8.57031224817197 -11.0110656469372 -24.0528393830994 -43.3592451034668 -74.5767340908086 -80.6177658097557 -99.9806202189238 -102.294541636776 -93.8368264675449 -98.1096193219328 -68.3039584676594 -56.6381706945153 -30.8223445916804 -6.65160720586419 -2.22289262846241 -0.384648802906683 -1.24079872390857 -3.47206557643143 -3.82312552641378 -3.55593623288381 -3.83601834368507 -3.83728426783611 -3.45441363545343 -2.82981342953275 -2.20906141437659 -1.9611378695787 -2.23067458710723 -2.18551018905897 -1.58257355729704 -0.995813372067114 -0.672243828964236 -0.449642151819664 -0.252160374570407 -0.052392042015206 0.105474607483466 0.115830506038038 0.0538352248421758 0.0770397609389184 0.128223988451467 0.0679179164318712
-9999 -9999 -9999 -9999 -9999 -9999 -9999 -9999 -9999 -9999 -9999 -9999 -9999 -9999 -9999 -5.96714437961486 -14.8317794948386 -8.37403727375894 -13.0884286112426 -25.3340471754862 -44.6600003560121 -62.6854235014392 -80.5158770979591 -89.7431360883056 -88.0897555319474 -88.4254551669949 -85.5767069820572 -81.9894121203598 -57.3752472610624 -26.0730616755166 -6.76376026418193 -0.890263419129723 0.245982059937644 -1.58224121176977 -2.56268007010156 -3.37337458194879 -3.62462682382447 -3.58245875253512 -3.35956920680606 -2.85856490343393 -2.44842356918451 -2.01910419460059 -2.28374554941527 -2.35640122532949 -1.89663271270253 -1.27879969605364 -0.811649153748853 -0.437947614789141 -0.156628165844436 0.0759193492681292 0.221931243693635 0.325883048040045 0.40238065330194 0.458896551878192 0.478564728253502 0.562993177306552
-9999 -9999 -9999 -9999 -9999 -9999 -9999 -9999 -9999 -9999 -9999 -9999 -9999 -9999 -9999 -9999 -11.6843889680935 -15.108179150014 -9.96443607333235 -12.3541511109744 -23.5940682095564 -36.6197124255378 -53.849092036267 -66.530530209152 -69.4974945377583 -72.3970044690987 -78.7766547216014 -86.5942340207635 -69.6569174166531 -41.6512188774852 -18.7372741840743 -3.55381000950853 -0.162265329271938 0.242532525656103 -0.903484628538918 -2.19809466790012 -2.93534673882937 -3.10063079118851 -3.04170381779986 -2.61514226334992 -2.34353172069733 -2.02223087500919 -2.42222129568921 -2.48142119913632 -2.01972791454959 -1.47988766457669 -0.933527045804396 -0.479271758832497 -0.157697864971038 0.100428258751998 0.281944052822547 0.331096569494567 0.419214452727832 0.494182372384652 0.521158917069456 0.680701954211218
-9999 -9999 -9999 -9999 -9999 -9999 -9999 -9999 -9999 -9999 -9999 -9999 -9999 -9999 -9999 -9999 -9999 -9.7730901487852 -20.3682854281486 -11.6556159578644 -10.7426448187796 -18.0645254030815 -31.9865178919365 -46.2567039572784 -55.0903171460599 -63.707571493757 -74.2721678756348 -81.3588433774377 -72.2405945016905 -54.6843800013719 -33.9143277996128 -13.9198076185033 -4.65896013181322 -1.20653847971418 0.126288923799373 -0.48727801261115 -1.47068243310538 -2.18207851676972 -2.81583954902464 -2.37572988625408 -2.20032180771974 -2.12257437645067 -2.29770836026447 -2.24424776560046 -1.89415995637567 -1.47627681931571 -1.05535244467633 -0.735156335035482 -0.483301190108034 -0.283858251137922 -0.237286453843023 -0.232844246396349 -0.349016808148405 -0.220425026700325 0.0995382737112477 0.424336802709205
-9999 -9999 -9999 -9999 -9999 -9999 -9999 -9999 -9999 -9999 -9999 -9999 -9999 -9999 -9999 -9999 -9999 -9999 -9999 -24.9964823823726 -17.6590006182741 -15.5249102807349 -20.8315645076634 -32.6118315051322 -44.7181056284135 -55.7986414591785 -68.3869661407088 -77.8660036812155 -73.5036307160215 -63.6598032567075 -49.6226774911455 -29.0587747381425 -15.0823883213534 -4.00238624247705 -1.65292086299138 0.0363270193522356 0.00749680223334859 -1.0957782590601 -2.08703335098063 -2.24580979546538 -2.409806232965 -2.21530122055116 -2.16055444002146 -1.98956093366941 -1.72375132404677 -1.5066032904602 -1.21959767699296 -1.06392586020677 -0.929294342929696 -0.86511165086278 -1.05303241493101 -1.06590658843019 -1.30691907817572 -1.08427979631762 -0.491587570926592 0.0336630342153074
-9999 -9999 -9999 -9999 -9999 -9999 -9999 -9999 -9999 -9999 -9999 -9999 -9999 -9999 -9999 -9999 -9999 -9999 -9999 -9999 -9999 -27.6933457046936 -22.4370075610452 -23.1144875604025 -31.2549506822766 -47.6864119886112 -57.4925852945076 -67.2171278482192 -70.3283015334849 -64.88787837227 -58.2291905060885 -44.8453401384707 -32.7061173706856 -16.8843576531899 -5.29509195716656 -2.77984433574987 -0.963410032295023 0.451747260672344 -1.06525733286819 -1.2802467909777 -1.78039423356639 -1.99902034867079 -1.85168177006416 -1.77082623509565 -1.59178903583996 -1.43904696295524 -1.22135481572416 -1.08012357748591 -1.05189682463707 -1.05472681830547 -1.26885044882832 -1.42546134693979 -1.51692639838836 -1.319319167364 -0.895627660980067 -0.307743354344047
-9999 -9999 -9999 -9999 -9999 -9999 -9999 -9999 -9999 -9999 -9999 -9999 -9999 -9999 -9999 -9999 -9999 -9999 -9999 -9999 -9999 -9999 -9999 -25.4453262299288 -21.7122175020025 -28.0476302239747 -38.1227099875892 -49.5733186535599 -58.0146062244302 -60.3194403764024 -61.5957742476844 -55.2657494721281 -50.5017672077638 -37.5441828635496 -21.9868946060413 -8.32538106709375 -3.16416127183351 -0.36561650773294 0.579243582677004 0.370025302072842 -0.990973267747268 -1.48306836991494 -1.65650492482945 -1.67089340725476 -1.51677189345558 -1.27787784359173 -1.06386831416283 -0.92675336714873 -0.896890901833129 -0.994425456988802 -1.24668819168315 -1.44495026455588 -1.59863872408076 -1.50970180286401 -1.18020057902335 -0.731466244588665
-9999 -9999 -9999 -9999 -9999 -9999 -9999 -9999 -9999 -9999 -9999 -9999 -9999 -9999 -9999 -9999 -9999 -9999 -9999 -9999 -9999 -9999 -9999 -9999 -9999 -15.9605065165155 -19.7405491995669 -29.6174829287255 -40.3274641142531 -48.4813685497462 -54.4560126026825 -58.0263156687048 -63.5742833428169 -57.8008311552989 -43.6706096955382 -32.9663632120171 -13.9391461866563 -5.50340949469925 -0.677947834668123 0.380794663780475 0.233832788774052 -1.23452296126633 -1.63223414189183 -1.80806594528903 -1.50074454576898 -1.10630540436689 -0.909234185862255 -0.689528819331579 -0.695345592587256 -0.899465283940198 -1.1550341755638 -1.48911731398524 -1.7279059807589 -1.69901521665861 -1.42209478957298 -1.14848424297978
-9999 -9999 -9999 -9999 -9999 -9999 -9999 -9999 -9999 -9999 -9999 -9999 -9999 -9999 -9999 -9999 -9999 -9999 -9999 -9999 -9999 -9999 -9999 -9999 -9999 -27.4869343352517 -19.2915422676643 -18.5950483186194 -24.5556087006585 -33.6757297202849 -42.213372830627 -51.0305577453841 -61.0735595719639 -60.6796879604839 -52.5945384473923 -43.8628466605584 -26.5966669444063 -13.9139412171437 -4.22662716797748 0.581681490257586 0.377985315051424 -0.382553524928781 -1.3863767104248 -1.81072660328147 -1.64170205487788 -1.14823195760374 -0.928569771632068 -0.732121961557915 -0.723135095831222 -0.963841112489977 -1.29175807051651 -1.63954816024894 -1.81375633503825 -1.74765202506511 -1.45405265586583 -1.2670067953489
-9999 -9999 -9999 -9999 -9999 -9999 -9999 -9999 -9999 -9999 -9999 -9999 -9999 -9999 -9999 -9999 -9999 -9999 -9999 -9999 -9999 -9999 -9999 -9999 -9999 -9999 -9999 -20.3661034265113 -16.795883570902 -21.7013427313295 -30.5879048905373 -40.5245130339877 -47.6955587447907 -52.1950712666751 -50.8349248886709 -43.4610606411414 -32.2903318638039 -22.1665862030146 -8.87294629493367 -0.658599945091149 0.875986091944446 0.202124230634836 -0.949163941538872 -1.87036327108871 -1.74488241665772 -1.31482984705017 -1.13491783414622 -0.979463768701506 -0.978349674514966 -1.26913987946499 -1.69951264125454 -1.85726956972736 -1.85894531588591 -1.6697183512033 -1.3412404121372 -1.13054526167859
-9999 -9999 -9999 -9999 -9999 -9999 -9999 -9999 -9999 -9999 -9999 -9999 -9999 -9999 -9999 -9999 -9999 -9999 -9999 -9999 -9999 -9999 -9999 -9999 -9999 -9999 -9999 -26.7369564163452 -16.8662758801585 -16.4399241708962 -22.158907056583 -32.7843742885021 -42.7568950977528 -48.3462778883688 -47.1162104446686 -40.0580429851217 -33.7142088261626 -25.7242389048398 -12.4921521665109 -3.06773594669648 0.87261809629962 0.131460347009824 -1.19652583118525 -1.95132502449771 -2.04790142936679 -1.55663464744571 -1.44969124495498 -1.40599536821162 -1.49222459991292 -1.77421966584926 -2.03505724853371 -2.0367572069911 -1.79761509120097 -1.46364506351576 -1.1026518392258 -0.747432090924353
-9999 -9999 -9999 -9999 -9999 -9999 -9999 -9999 -9999 -9999 -9999 -9999 -9999 -9999 -9999 -9999 -9999 -9999 -9999 -9999 -9999 -9999 -9999 -9999 -9999 -9999 -9999 -9999 -19.5068495733606 -13.6471029086618 -15.6921364692641 -27.2173597739637 -41.8157926170976 -49.7952030110669 -45.5808714295581 -36.7582090386715 -32.6748558354556 -27.6289199371241 -15.4981488382635 -5.437470178554 0.542085114620297 0.567358061468534 -0.921088786098063 -2.68488959425377 -2.42015152433439 -1.97871983637173 -2.02265485146626 -2.13502165918153 -2.2113387178065 -2.30370376216846 -2.48781923043659 -2.14023079735115 -1.71307613427589 -1.25736379725618 -0.798037031928152 -0.367156751737388
-9999 -9999 -9999 -9999 -9999 -9999 -9999 -9999 -9999 -9999 -9999 -9999 -9999 -9999 -9999 -9999 -9999 -9999 -9999 -9999 -9999 -9999 -9999 -9999 -9999 -9999 -9999 -9999 -22.2693062148343 -13.5956607771661 -13.7412434808797 -24.8496599154342 -41.3139530714646 -50.6150853153196 -46.7035869582103 -36.289009129402 -32.4321411282661 -27.8666126775046 -16.2617906992221 -6.4911290036358 0.166708946832894 0.822663123081035 -0.490301601859436 -2.8787099603974 -3.2773679681367 -2.86531044727041 -2.83485469098172 -2.73379806177303 -2.65136830109631 -2.52375644101885 -2.46059641351522 -2.08392767233897 -1.64211219535239 -1.10455165414036 -0.460560603302466 0.0535006554386284
-9999 -9999 -9999 -9999 -9999 -9999 -9999 -9999 -9999 -9999 -9999 -9999 -9999 -9999 -9999 -9999 -9999 -9999 -9999 -9999 -9999 -9999 -9999 -9999 -9999 -9999 -9999 -9999 -24.9366078358407 -13.446516516298 -12.5226403160573 -24.1942885246095 -44.0912364193906 -54.7679439896921 -48.6992500592321 -36.0011412809052 -32.6683888219038 -28.6644274795077 -17.0603739711407 -7.19590226392244 -0.127206772844241 0.853159437667141 -0.51091606773374 -3.2751157605135 -4.17293736637742 -4.5584161786112 -3.71225725510714 -3.18779160905865 -2.8885205728887 -2.48235575336755 -2.40786951788775 -1.87592034616323 -1.53632590698887 -0.882479456837266 -0.135667161547324 0.313575857037131
-9999 -9999 -9999 -9999 -9999 -9999 -9999 -9999 -9999 -9999 -9999 -9999 -9999 -9999 -9999 -9999 -9999 -9999 -9999 -9999 -9999 -9999 -9999 -9999 -9999 -9999 -9999 -9999 -24.8150909101156 -13.2450766440935 -13.015697698735 -25.9184498598181 -45.146836364726 -56.2053153649521 -53.0513541902244 -41.9191323030641 -35.6403308686273 -28.5440030145365 -15.8758483836571 -6.12716426692687 -0.0203869196115227 0.659153839867095 -0.906935301257889 -3.86991777408222 -5.26212214894008 -5.30521414515025 -4.6631635023127 -3.68211991687712 -3.03862859868741 -2.38402510770546 -1.8703775541414 -1.51397705890078 -1.15124436948089 -0.525407844640001 0.0801350811120867 0.391682182669459
-9999 -9999 -9999 -9999 -9999 -9999 -9999 -9999 -9999 -9999 -9999 -9999 -9999 -9999 -9999 -9999 -9999 -9999 -9999 -9999 -9999 -9999 -9999 -9999 -9999 -9999 -9999 -9999 -25.5677972389094 -13.2507633571943 -14.2494188403001 -28.9165466289052 -47.6191370071662 -58.1395302476511 -55.2922333720906 -47.5505444062477 -37.4329859121106 -27.727930069355 -14.9606634977326 -4.92586851063825 -0.164667201556299 0.258072358004869 -1.88125618405876 -4.83131759686214 -6.11577490124079 -6.47096200273225 -5.38178891327077 -4.30950047191289 -3.3271380920882 -2.27953352726466 -1.61322452312568 -1.23309330423724 -0.90342505660496 -0.372811183008167 0.0989534554666786 0.309653962723574
