meets/meet006/_saidas_enm/CCSM_Gower_0k_T_subalaris4.asc
NCOLS 154 
NROWS 168 
XLLCORNER -112 
YLLCORNER -55.5 
CELLSIZE 0.5 
NODATA_value -9999 
[rows 78 to 103 of 168, columns 60 to 119 of 154]
-9999 -9999 -9999 -9999 -9999 -9999 -9999 -9999 0.547302445897476 0.501996644371046 0.431079017133622 0.378156455264635 0.102782953764093 0 0 0.154386709022344 0.466471835955665 0.654591338404643 0.580726300731113 0.46853008349827 0.499435531903585 0.508557306169989 0.472688437012342 0.441185031290897 0.415072126174623 0.401812515123214 0.391794669009554 0.379540094492241 0.371589922851753 0.371180715737739 0.378673765550202 0.38795666177637 0.393330644720796 0.397713295416872 0.406033453659503 0.415009813756004 0.420653375192754 0.425034681397297 0.42302715439378 0.437695535848239 0.463577484844127 0.485057129218494 0.507166763155107 0.517713844011764 0.52699008129955 0.531211694728243 0.490339076574328 0.43073388341019 0.372985440687682 0.316859725592757 0.260104382011318 0.21085592385674 0.16906660248659 0.130566853938566 0.0964218542018193 0.0632962789032994 0.0331814098308032 0.00944543259038422 0 0
-9999 -9999 -9999 -9999 -9999 -9999 -9999 -9999 -9999 0.562027568777586 0.422710659051484 0.208423103291781 0 0 0 0 0.076381585574856 0.250087878773307 0.493991212282142 0.570071546746412 0.53245848566118 0.514525742283321 0.477290570657945 0.429621599527497 0.395291863518886 0.384253124869604 0.374519482563647 0.362615574199277 0.355185315846707 0.353821678542312 0.359598492852516 0.36930064282628 0.374009422704819 0.379258595547426 0.387359853100643 0.396641010486383 0.402290503036373 0.399860376936247 0.397724308072915 0.416265780578992 0.450364203171239 0.484977830684402 0.513446943979479 0.532382381617798 0.545927210138834 0.53917176581474 0.533148069344322 0.503755174221209 0.454660855220336 0.405607748926048 0.35736800353706 0.31301786619163 0.275843823297736 0.240795411984031 0.208288208838067 0.176502137280463 0.146281603911787 0.124524199695019 0.104597402176496 0.0876695098887188
-9999 -9999 -9999 -9999 -9999 -9999 -9999 -9999 -9999 0.485543819244136 0.440293415800291 0.0478885363610745 0 0 0 0 0 0 0 0 0.131034718012887 0.545466827654177 0.490334615782405 0.426641084115821 0.366588824576848 0.358377440463202 0.356337780641368 0.326840258361939 0.333921843479134 0.332258871544013 0.337278144274348 0.348801646227193 0.34923558351618 0.356917780526293 0.366789950452999 0.378840694231273 0.390791744491686 0.387953377300006 0.380015377542512 0.402631508964718 0.446501023774723 0.492829513026808 0.520748234363697 0.540797910970761 0.536467436415941 0.530397798299479 0.524375732121682 0.518603624977399 0.511727211955111 0.485666790213192 0.442289417986199 0.40909394448488 0.373145752669687 0.345749832909193 0.316651846522095 0.282998675957771 0.25791611437927 0.234303230597287 0.214745713454072 0.201266253540237
-9999 -9999 -9999 -9999 -9999 -9999 -9999 -9999 -9999 -9999 0.584989403502576 0.03469556830183 0 0 0 0 0 0 0 0 0 0 0 0.462003616035948 0.368031482518463 0.346309501485142 0.297895420028233 0.302378648218888 0.295519745835203 0.293559471886478 0.308794143646841 0.31405078794535 0.313830847127644 0.316445067995621 0.329612531090903 0.351821818845826 0.373987590597225 0.379957416194918 0.386213377645233 0.411300223990701 0.446325710548028 0.485919641710157 0.518058285274775 0.531569815664319 0.527637608554334 0.521662768890777 0.51630361289114 0.510317266721074 0.504642302933914 0.50042047335185 0.495482632392031 0.485272092309593 0.454837325488182 0.429478257512634 0.404632260501009 0.379942944395918 0.361170102661789 0.343668137342191 0.329612062643707 0.318624246717446
-9999 -9999 -9999 -9999 -9999 -9999 -9999 -9999 -9999 -9999 0.480823823265603 0.0168688032814324 0 0 0 0 0 0 0 0 0 0 0 0 0 0.340305035241796 0.303078032600034 0.311390346210963 0.286909934359541 0.265536308965171 0.281517761079863 0.280679518248357 0.27409343648717 0.269711071627876 0.284438293113372 0.314812648836602 0.35515247108307 0.366291869272675 0.387616621870485 0.417037349334307 0.445147110214212 0.479176071821637 0.510281203686005 0.525850514389651 0.521546373161084 0.515285218740967 0.510580824420557 0.50608880881384 0.499992921701717 0.496399639978015 0.491650981730875 0.488523222654521 0.486397302106779 0.483577257650158 0.473195498403627 0.456471309449722 0.449877899525015 0.423188938012763 0.390608007019813 0.371822541060096
-9999 -9999 -9999 -9999 -9999 -9999 -9999 -9999 -9999 -9999 -9999 0.542462937754421 0.423819044838728 0.031074296735511 0 0 0 0 0 0 0 0 0 0 0 0 0.132047061853948 0.486442974452919 0.343729835108224 0.252995569482229 0.252524743368458 0.249983574971545 0.249088535312671 0.244869706145972 0.250028229028924 0.262619106400853 0.286791444426583 0.327643247990251 0.374072986982681 0.416311895579927 0.4457235477259 0.474012647367189 0.502766821980317 0.521679732579521 0.517433428352999 0.511752713140488 0.506630301467008 0.501572578322624 0.497040496150439 0.493779651841225 0.490081833383365 0.487054170124071 0.484625906424961 0.482649690313052 0.481448917068879 0.480044682181759 0.443987184550196 0.416323900724799 0.396399118462424 0.384228587899122
-9999 -9999 -9999 -9999 -9999 -9999 -9999 -9999 -9999 -9999 -9999 0.343214602522116 0.56768675617378 0.303084051052291 0 0 0 0 0 0 0 0 0 0 0 0 0 0.245574815071534 0.455711066027593 0.295810780612684 0.268070230870316 0.246742826342356 0.234801978867102 0.225254432186475 0.215371980075504 0.204825200935451 0.215578015463061 0.279258422457375 0.354970279247133 0.415016483280933 0.445470677452178 0.470711423085374 0.500861965961148 0.519203391501631 0.514380126074496 0.507881262194991 0.503740877981214 0.499249479810776 0.49483812317847 0.491967401964992 0.488246681749234 0.48597690180933 0.484170215528977 0.482152166923573 0.48105671602934 0.476459815162162 0.439739840517791 0.424046257802874 0.412386975438358 0.405219676339283
-9999 -9999 -9999 -9999 -9999 -9999 -9999 -9999 -9999 -9999 -9999 0 0.45503747257618 0.545390656640406 0.248119215143222 0 0 0 0 0 0 0 0 0 0 0 0 0 0.514547456733405 0.446649087228139 0.354117281415041 0.291835394399154 0.25964275679562 0.22256617959179 0.192371419353722 0.168005580412681 0.162425390049301 0.247820790955582 0.347038075624399 0.413050879005539 0.450130198125172 0.473241647638803 0.491579715514378 0.512160127957059 0.512957813737058 0.507311375525698 0.502211154308506 0.497786808542059 0.493790474020057 0.491133811413311 0.485033264493779 0.483789292229115 0.483831406412198 0.482131990891429 0.481090419686217 0.470050163508432 0.450468438317981 0.434451669480809 0.427373397952984 0.425879233811116
-9999 -9999 -9999 -9999 -9999 -9999 -9999 -9999 -9999 -9999 -9999 -9999 0 0.370965671746869 0.444678335679841 0.261642441814072 0 0 0 0 0 0 0 0 0 0 0 0 0.0376924764410671 0.47940318502729 0.504665101106848 0.385759540293572 0.31625176293144 0.258725781810314 0.223182523094302 0.197034830582924 0.169183037399366 0.270713046003106 0.365521949372134 0.420171073261487 0.447235243190438 0.461182744279039 0.462656709288266 0.474893199335802 0.479199372812697 0.478008955245227 0.491388609805441 0.456847743633286 0.434862321658558 0.422671763994012 0.409203515910996 0.413783383400557 0.439280024413426 0.460929302331751 0.468797626726836 0.46749954661787 0.454546566975054 0.437554523035462 0.431263255449215 0.43338683218649
-9999 -9999 -9999 -9999 -9999 -9999 -9999 -9999 -9999 -9999 -9999 -9999 -9999 0 0.249064174327541 0.377857299342093 0.404675458984928 0.100782467341308 0 0 0 0 0 0 0 0 0 0 0 0 0.280577837941863 0.540214897015945 0.430339430967672 0.357309212827044 0.303652855663228 0.304720048464368 0.331660350494227 0.356423756640299 0.396946080379219 0.421210756918932 0.425242580017215 0.419203229915415 0.416046639045623 0.403180209721941 0.392972057183681 0.386045482941703 0.363895360754154 0.353814143567124 0.33260533219096 0.329015968552407 0.34122571168767 0.36035797971049 0.406321328352553 0.453238196741913 0.473711049861935 0.468682148666643 0.454539516334416 0.43342341929467 0.414024820202973 0.424198132413392
-9999 -9999 -9999 -9999 -9999 -9999 -9999 -9999 -9999 -9999 -9999 -9999 -9999 -9999 -9999 0.0546520363684594 0.226235166372764 0.374341213331105 0.210832881380387 0 0 0 0 0 0 0 0 0 0 0 0 0.22643232985455 0.568599101519816 0.465034299646394 0.396507699386917 0.391946720944743 0.425243723364346 0.408332475955317 0.411364441987871 0.414591729821907 0.399252362399986 0.388248207354768 0.382832878649058 0.358440425127588 0.338576637258667 0.319086120468252 0.282214403545206 0.279565517027421 0.26553983428549 0.271608085661981 0.297793969143485 0.323561122911495 0.384940739656561 0.446553236627022 0.468898241274331 0.460761801977115 0.443579962413839 0.423297746548027 0.40841098579162 0.425314039212879
-9999 -9999 -9999 -9999 -9999 -9999 -9999 -9999 -9999 -9999 -9999 -9999 -9999 -9999 -9999 -9999 -9999 0.302448200919464 0.381070843534239 0.337849976637872 0.0423895511982985 0 0 0 0 0 0 0 0 0 0 0 0 0.503603758374106 0.484184281609828 0.461563859989246 0.416559239675852 0.401965919489846 0.403140023187609 0.384292345381475 0.382638321725634 0.37452952919723 0.369857264967675 0.363953901715223 0.33918547225236 0.302477357187831 0.269465866014548 0.257612563993893 0.257617656123243 0.266457592675312 0.278269765958907 0.309246755605629 0.364962622367851 0.42345953016701 0.453419988935682 0.438896812566812 0.422677480729665 0.437758229382568 0.437951264489788 0.464751321231565
-9999 -9999 -9999 -9999 -9999 -9999 -9999 -9999 -9999 -9999 -9999 -9999 -9999 -9999 -9999 -9999 -9999 -9999 -9999 0.403793109319428 0.424191730198788 0.122313361192151 0 0 0 0 0 0 0 0 0 0 0 0 0.417724829323506 0.585035856609936 0.485660136317785 0.425396360206284 0.390748466685482 0.367100623276103 0.361741903486543 0.365115833529992 0.366658957807437 0.361854348500876 0.339822467462418 0.301144394404834 0.267298577422622 0.257338372413494 0.258023459662234 0.261808870280773 0.267690867233721 0.286678634176362 0.327699261413104 0.382248821469802 0.420730170008361 0.435353198693305 0.451516315963196 0.441255287692318 0.434055409696453 0.445216427922637
-9999 -9999 -9999 -9999 -9999 -9999 -9999 -9999 -9999 -9999 -9999 -9999 -9999 -9999 -9999 -9999 -9999 -9999 -9999 -9999 -9999 0.391584996853082 0.33790589213516 0 0 0 0 0 0 0 0 0 0 0 0 0.498444363238658 0.618439330584441 0.485892018761077 0.402487185209208 0.34145214735227 0.345170367800427 0.357800918259134 0.359382297025991 0.352463644168184 0.331148199792268 0.295960019172873 0.263067017932547 0.254164409019245 0.257059676257131 0.256389473694184 0.250707049041541 0.256450383395258 0.285525854431912 0.319313503628854 0.375611281147826 0.4483054161047 0.390439112703528 0.379708558474324 0.379627948598888 0.40529801818845
-9999 -9999 -9999 -9999 -9999 -9999 -9999 -9999 -9999 -9999 -9999 -9999 -9999 -9999 -9999 -9999 -9999 -9999 -9999 -9999 -9999 0.24596584364563 0.340173240463055 0.326548191396077 0.0346677287408721 0 0 0 0 0 0 0 0 0 0 0.290888458292952 0.706329310361773 0.577432780809245 0.426282454232516 0.329302107051666 0.32779072389028 0.355208307181253 0.360350251530811 0.354836002125207 0.333971785516992 0.298458687874824 0.266837152163036 0.254779773266112 0.253486372411144 0.250155140560423 0.24468854385178 0.246466480399539 0.265739014883537 0.299940693366882 0.368029550473543 0.456576973745901 0.378447667517336 0.368839478715936 0.38136305801227 0.416665463055107
-9999 -9999 -9999 -9999 -9999 -9999 -9999 -9999 -9999 -9999 -9999 -9999 -9999 -9999 -9999 -9999 -9999 -9999 -9999 -9999 -9999 -9999 -9999 0.284611160394537 0.37699808057658 0.0622141900145429 0 0 0 0 0 0 0 0 0 0.211320883070685 0.721479226832476 0.682436066264864 0.449236100669026 0.307916534738435 0.321313143654479 0.357208939695707 0.353670206220599 0.361312603105364 0.34229413252832 0.298864295562686 0.269399864184123 0.25238921438729 0.248409127746667 0.246414383999263 0.243199291867955 0.252212948371319 0.276125979502443 0.306839157678595 0.375775118557025 0.462166106663234 0.40067112027069 0.406406040868147 0.430936860528968 0.469748881567419
-9999 -9999 -9999 -9999 -9999 -9999 -9999 -9999 -9999 -9999 -9999 -9999 -9999 -9999 -9999 -9999 -9999 -9999 -9999 -9999 -9999 -9999 -9999 0.0442768736508898 0.29039520989478 0.278669151403472 0 0 0 0 0 0 0 0 0 0.14905865043131 0.65367418651765 0.68465770962009 0.514871498924859 0.343828369399133 0.314032965492624 0.334673128409427 0.330372825173125 0.330981334630482 0.313858657987942 0.283503691526469 0.257600421223904 0.239138122859986 0.232896934936715 0.237035465140582 0.249263038668482 0.271479019768064 0.304064143033827 0.342750867947361 0.401222275400215 0.469012194871683 0.466085852633195 0.473250690750772 0.5011918164931 0.510657522277928
-9999 -9999 -9999 -9999 -9999 -9999 -9999 -9999 -9999 -9999 -9999 -9999 -9999 -9999 -9999 -9999 -9999 -9999 -9999 -9999 -9999 -9999 -9999 -9999 0.0493221622396905 0.403832989831911 0.132539336183137 0 0 0 0 0 0 0 0 0.100747735963109 0.57819403689575 0.6845783394661 0.579402090376266 0.381710746959637 0.325338471905868 0.299067197332182 0.293397698854043 0.284764972796305 0.270278256497045 0.25759591664794 0.236957124689039 0.226866482828093 0.214993791545682 0.227828895275294 0.260147856856941 0.296932615878774 0.347008322132634 0.391739798933832 0.435151207366895 0.467779666664872 0.49426872504721 0.51855249228204 0.517087994690366 0.516181359915284
-9999 -9999 -9999 -9999 -9999 -9999 -9999 -9999 -9999 -9999 -9999 -9999 -9999 -9999 -9999 -9999 -9999 -9999 -9999 -9999 -9999 -9999 -9999 -9999 0 0.355214853066323 0.218587998529719 0 0 0 0 0 0 0 0 0.0158212380083119 0.477708925212947 0.671880738006314 0.627390105642258 0.42145524264703 0.342817330292602 0.313196289470149 0.270469015496551 0.244346196078538 0.230494429139032 0.239603856844406 0.241607805594866 0.231133687223619 0.217317369338435 0.237387017916879 0.282274138139507 0.338980482286369 0.403055399620122 0.453312895421113 0.483492580415534 0.483389417156727 0.476054678575665 0.491429950273451 0.505426893185541 0.519458787584222
-9999 -9999 -9999 -9999 -9999 -9999 -9999 -9999 -9999 -9999 -9999 -9999 -9999 -9999 -9999 -9999 -9999 -9999 -9999 -9999 -9999 -9999 -9999 -9999 0 0.317119969433214 0.273767291424886 0 0 0 0 0 0 0 0 0 0.411660025519591 0.654127474437782 0.636894551266219 0.434218045550452 0.362425460979169 0.330993477400471 0.272267124710583 0.22091515457553 0.206119776897192 0.23634038948427 0.26509799413879 0.245190706146168 0.22929582023043 0.259331157649609 0.319943556710386 0.385053184670893 0.458870515265211 0.521396903889017 0.539092503309474 0.502295164822567 0.463551568975832 0.475339300567874 0.476881863758301 0.48562462109754
-9999 -9999 -9999 -9999 -9999 -9999 -9999 -9999 -9999 -9999 -9999 -9999 -9999 -9999 -9999 -9999 -9999 -9999 -9999 -9999 -9999 -9999 -9999 -9999 0 0.353986460234792 0.21688193934625 0 0 0 0 0 0 0 0 0 0.383324564981211 0.622899071446709 0.630843790357412 0.432626506344626 0.366153341651925 0.343942360049402 0.292857541440656 0.255105473693401 0.237750125909779 0.246887560326581 0.259412827570342 0.263321232697803 0.270660753751702 0.310684694593693 0.373341901185028 0.441813300539173 0.507416121341695 0.552006889693357 0.564637269619857 0.536800738091975 0.499030583228306 0.487850617388659 0.480877983725121 0.485893146228387
-9999 -9999 -9999 -9999 -9999 -9999 -9999 -9999 -9999 -9999 -9999 -9999 -9999 -9999 -9999 -9999 -9999 -9999 -9999 -9999 -9999 -9999 -9999 -9999 0 0.405574530556378 0.146187124171939 0 0 0 0 0 0 0 0 0 0.410888785089744 0.603335737264609 0.601426036797368 0.409142346839508 0.371622188001913 0.354341012216754 0.317755116196543 0.289812056386937 0.274217606102865 0.26880271409224 0.266908246122811 0.295191107640982 0.318804878247214 0.366587665349896 0.432955980876101 0.499594128971769 0.550867396066027 0.586303317776878 0.583176010247785 0.573806282208678 0.541465070350811 0.53125754506549 0.512957811078433 0.512018254987297
-9999 -9999 -9999 -9999 -9999 -9999 -9999 -9999 -9999 -9999 -9999 -9999 -9999 -9999 -9999 -9999 -9999 -9999 -9999 -9999 -9999 -9999 -9999 -9999 0 0.418604576347459 0.0465019352764634 0 0 0 0 0 0 0 0 0 0.427452480507872 0.603749405092254 0.586596835099749 0.409221428349376 0.374259815726425 0.37382800368685 0.335444390154864 0.298673144860922 0.287973405989232 0.305959394407772 0.332885399305225 0.345190267863101 0.369381788712912 0.416983993134878 0.479142059891138 0.545307291029902 0.589933762513028 0.60549820603598 0.601417625895801 0.595058313236703 0.590163220723116 0.58437367853791 0.580716424329393 0.578398952500809
-9999 -9999 -9999 -9999 -9999 -9999 -9999 -9999 -9999 -9999 -9999 -9999 -9999 -9999 -9999 -9999 -9999 -9999 -9999 -9999 -9999 -9999 -9999 -9999 0 0.376184495459855 0 0 0 0 0 0 0 0 0 0 0.513065977941609 0.61248847155436 0.567587924175103 0.405693800162602 0.397048285555477 0.400901942352512 0.360301177589848 0.316007732424885 0.308899707405295 0.34588193994439 0.385464130625335 0.383553917813128 0.399706392956139 0.441248677614501 0.497207656500283 0.575997327013207 0.613054922537358 0.62947821773628 0.625762178140038 0.620836100186101 0.613558429663507 0.611219028917094 0.605431290131943 0.604370652185208
-9999 -9999 -9999 -9999 -9999 -9999 -9999 -9999 -9999 -9999 -9999 -9999 -9999 -9999 -9999 -9999 -9999 -9999 -9999 -9999 -9999 -9999 -9999 0 0 0.26078991556621 0 0 0 0 0 0 0 0 0 0 0.597234322058828 0.623699840165269 0.572537505663207 0.431272973899825 0.425897146249496 0.441204468192117 0.408602877551709 0.371411208696671 0.36309877863372 0.384262978298694 0.403897578000663 0.404174826446654 0.399218938022873 0.432434614584537 0.492720900342672 0.554195867474486 0.613172742871187 0.651254408567152 0.648371305429431 0.642264188960543 0.638443380634563 0.633040468371438 0.631359173083819 0.630432556651936
-9999 -9999 -9999 -9999 -9999 -9999 -9999 -9999 -9999 -9999 -9999 -9999 -9999 -9999 -9999 -9999 -9999 -9999 -9999 -9999 -9999 -9999 -9999 0 0 0.137576994747257 0 0 0 0 0 0 0 0 0 0.0646907934375868 0.627554229575179 0.618467851362366 0.586812369267056 0.464059405659684 0.473735290409086 0.491071039846637 0.462528844967491 0.429899813995948 0.418475870582484 0.4285613356217 0.437646562479477 0.432233957163113 0.415745367076704 0.441367585716086 0.496352284634913 0.550234511083038 0.615666136825844 0.668002605592832 0.676160707874253 0.673346475410824 0.66989731807594 0.670079429468482 0.657416315632887 0.646813750289075
