meets/meet006/_saidas_enm/CCSM_Maxent_0k_T_subalaris5.asc
NCOLS 154 
NROWS 168 
XLLCORNER -112 
YLLCORNER -55.5 
CELLSIZE 0.5 
NODATA_value -9999 
[rows 75 to 99 of 168, columns 55 to 109 of 154]
-9999 -9999 -9999 -9999 -9999 -9999 -9999 -9999 -9999 -9999 -9999 -9999 0.0311249122023582 0.0236250255256891 0.0253928694874048 0.029041999951005 0.207216799259186 0.236188486218452 0.28173691034317 0.12011294811964 0.0836966037750244 0.0698781386017799 0.0618372336030006 0.0631641745567322 0.0649631395936012 0.0710579976439476 0.10992868989706 0.105789721012115 0.100954614579678 0.0971100404858589 0.0944986790418625 0.091994971036911 0.0883714333176613 0.0859090387821198 0.0863588601350784 0.0894429758191109 0.0934981480240822 0.0978668332099915 0.102482780814171 0.107577443122864 0.113630905747414 0.119426973164082 0.124281883239746 0.127945378422737 0.133419871330261 0.139649361371994 0.145277917385101 0.0216017998754978 0.0218920409679413 0.0221282988786697 0.022018114104867 0.0221135783940554 0.0228579267859459 0.0239841043949127 0.0252183955162764
-9999 -9999 -9999 -9999 -9999 -9999 -9999 -9999 -9999 -9999 -9999 -9999 0.0291358605027199 0.0294913463294506 0.0291272457689047 0.0310360230505466 0.0367631651461124 0.0407245829701424 0.0568316094577312 0.0583889186382294 0.159770205616951 0.0720128118991852 0.0681299194693565 0.0685746073722839 0.064728282392025 0.069278672337532 0.0683685541152954 0.102935567498207 0.0982195660471916 0.0931725278496742 0.0901679992675781 0.0875506922602654 0.0834095925092697 0.0825597643852234 0.0835833996534348 0.0870507508516312 0.0941871032118797 0.0955733805894852 0.10067243129015 0.108413346111774 0.116016820073128 0.128070756793022 0.128117620944977 0.133511736989021 0.139222845435143 0.143022418022156 0.154099941253662 0.154410779476166 0.0225313175469637 0.0228742621839046 0.0229725241661072 0.0232851970940828 0.0239514783024788 0.0245965179055929 0.0249950122088194
-9999 -9999 -9999 -9999 -9999 -9999 -9999 -9999 -9999 -9999 -9999 -9999 -9999 0.0298581048846245 0.0339035540819168 0.0405322499573231 0.0478966608643532 0.0527767948806286 0.0550608038902283 0.0629022419452667 0.0555374175310135 0.24467721581459 0.106798522174358 0.0760233998298645 0.0605013333261013 0.0674842745065689 0.0740164741873741 0.105062276124954 0.0952918902039528 0.0880908742547035 0.0833612084388733 0.0804304555058479 0.0763870924711227 0.0751336589455605 0.0762206166982651 0.0798768401145935 0.0858965739607811 0.0884639769792557 0.0929161384701729 0.0998151004314423 0.108355194330215 0.118646249175072 0.120299115777016 0.124289460480213 0.130724802613258 0.13758809864521 0.147156313061714 0.151543721556664 0.154776275157928 0.023399306461215 0.0238250885158777 0.0241913795471191 0.0246654488146305 0.024907261133194 0.0250177029520273
-9999 -9999 -9999 -9999 -9999 -9999 -9999 -9999 -9999 -9999 -9999 -9999 -9999 0.189709469676018 0.0392851009964943 0.0851479768753052 0.0845589339733124 0.0822989121079445 0.0864151790738106 0.0535526350140572 0.0494067929685116 0.059792622923851 0.297998070716858 0.0937850698828697 0.0588824488222599 0.078533761203289 0.0939147025346756 0.0728069990873337 0.0587880797684193 0.051287766546011 0.0488998554646969 0.0719026327133179 0.0679713413119316 0.0656458809971809 0.0663769915699959 0.069926530122757 0.0744242146611214 0.0781508982181549 0.0815561041235924 0.087288923561573 0.0937268882989883 0.0992325246334076 0.105456940829754 0.106404721736908 0.114226147532463 0.126703813672066 0.137958765029907 0.151335403323174 0.157845869660378 0.0243996270000935 0.0251797493547201 0.025313338264823 0.0255560148507357 0.0254643764346838 0.0257088411599398
-9999 -9999 -9999 -9999 -9999 -9999 -9999 -9999 -9999 -9999 -9999 -9999 -9999 -9999 0.198596730828285 0.0900441631674767 0.0816340297460556 0.0733661949634552 0.043392900377512 0.0333640463650227 0.0304262395948172 0.0347762145102024 0.0466983579099178 0.0491803586483002 0.103828355669975 0.0973987281322479 0.0929998233914375 0.0712033808231354 0.0481918714940548 0.0380450040102005 0.0375946648418903 0.0249888263642788 0.0246997848153114 0.0249798912554979 0.05856067314744 0.0611437931656837 0.0652504116296768 0.0682595744729042 0.069596990942955 0.0767412334680557 0.0825531631708145 0.0878035947680473 0.0907430425286293 0.0932166799902916 0.10237443447113 0.119462095201015 0.138944387435913 0.155895307660103 0.167771622538567 0.177539795637131 0.0273725129663944 0.0274138860404491 0.0269745327532291 0.0290208831429482 0.0315631367266178
-9999 -9999 -9999 -9999 -9999 -9999 -9999 -9999 -9999 -9999 -9999 -9999 -9999 -9999 0.178632974624634 0.094588927924633 0.0778838843107224 0.0661469176411629 0.0223570838570595 0.0206177178770304 0.0275242831557989 0.0353723950684071 0.0344110131263733 0.058531366288662 0.0558753907680511 0.0260347854346037 0.101735480129719 0.0765697211027145 0.0458839498460293 0.0289326570928097 0.0278156492859125 0.0292336568236351 0.0171449407935143 0.018861161544919 0.0204708110541105 0.0341939851641655 0.0515353344380856 0.0583283044397831 0.0599489584565163 0.0644163712859154 0.0695145204663277 0.0743722692131996 0.0828859806060791 0.0835808217525482 0.0944416224956512 0.116715863347054 0.145164951682091 0.161106571555138 0.1784448325634 0.182350590825081 0.190473258495331 0.0306021459400654 0.0319647081196308 0.0350733734667301 0.0374532714486122
-9999 -9999 -9999 -9999 -9999 -9999 -9999 -9999 -9999 -9999 -9999 -9999 -9999 -9999 -9999 0.068172924220562 0.0862634554505348 0.0405414700508118 0.0185400694608688 0.0176672879606485 0.0258254446089268 0.034026712179184 0.0384816825389862 0.0557961910963058 0.0770039707422256 0.12421103566885 0.105280235409737 0.0245154928416014 0.00852527096867561 0.0328215286135674 0.0273582208901644 0.0195295736193657 0.0199715085327625 0.0205763317644596 0.0144071113318205 0.0173199344426394 0.0196759533137083 0.0313106812536716 0.0494199581444263 0.0544048212468624 0.0627531185746193 0.0723720714449883 0.0774984955787659 0.0833317190408707 0.0962965711951256 0.114709489047527 0.137971967458725 0.157619997859001 0.165646865963936 0.152526438236237 0.165542140603065 0.183196932077408 0.206031307578087 0.0338705815374851 0.0366290435194969
-9999 -9999 -9999 -9999 -9999 -9999 -9999 -9999 -9999 -9999 -9999 -9999 -9999 -9999 -9999 0.326014250516891 0.103139311075211 0.0343539863824844 0.0201895926147699 0.0177083853632212 0.022288465872407 0.030824713408947 0.0354573391377926 0.0784290283918381 0.0949061512947083 0.107669986784458 0.136793330311775 0.127881422638893 0.030596824362874 0.0108877941966057 0.0076178228482604 0.0184300970286131 0.0222097150981426 0.0186436586081982 0.0110768238082528 0.0134043674916029 0.0146333333104849 0.016363738104701 0.025196947157383 0.0426526851952076 0.0514535754919052 0.0647486001253128 0.0711754262447357 0.0818276405334473 0.0976924002170563 0.112776935100555 0.132903009653091 0.152390703558922 0.144505143165588 0.144803687930107 0.171570912003517 0.175501376390457 0.208973497152328 0.219831898808479 0.0371099226176739
-9999 -9999 -9999 -9999 -9999 -9999 -9999 -9999 -9999 -9999 -9999 -9999 -9999 -9999 -9999 -9999 0.240889072418213 0.0358424708247185 0.031816054135561 0.0267602559179068 0.0219982396811247 0.0230591055005789 0.0259606372565031 0.031181363388896 0.0584430433809757 0.0698161199688911 0.0816744863986969 0.0944797247648239 0.0622272491455078 0.0640857517719269 0.0600593015551567 0.0212977938354015 0.0589159093797207 0.0247631184756756 0.0145699605345726 0.0108280116692185 0.012784618884325 0.0137947192415595 0.0141686145216227 0.0356373153626919 0.0396388806402683 0.0465734973549843 0.0585588999092579 0.0756171941757202 0.0852016508579254 0.112037390470505 0.128890946507454 0.147210270166397 0.160866677761078 0.181771546602249 0.221550226211548 0.247552484273911 0.269912213087082 0.268219083547592 0.275370687246323
-9999 -9999 -9999 -9999 -9999 -9999 -9999 -9999 -9999 -9999 -9999 -9999 -9999 -9999 -9999 -9999 0.0404028296470642 0.192676931619644 0.0378894172608852 0.0324493907392025 0.0222883708775043 0.0164267923682928 0.0197917502373457 0.0406251549720764 0.0433351956307888 0.0490497946739197 0.0573150999844074 0.0642608106136322 0.0746614038944244 0.0857957378029823 0.0511848032474518 0.0737434923648834 0.0407471470534801 0.0416858419775963 0.0176957547664642 0.0176410563290119 0.0197101086378098 0.0188486482948065 0.0183507818728685 0.0194261036813259 0.030201667919755 0.0330162197351456 0.0465963594615459 0.0683966800570488 0.0666254386305809 0.0873811468482018 0.125308945775032 0.146235570311546 0.173124924302101 0.202086448669434 0.231883257627487 0.247499063611031 0.265852004289627 0.287013828754425 0.291413486003876
-9999 -9999 -9999 -9999 -9999 -9999 -9999 -9999 -9999 -9999 -9999 -9999 -9999 -9999 -9999 -9999 0.104296177625656 0.0559594444930553 0.153828591108322 0.0219889786094427 0.0217897351831198 0.0213003028184175 0.0197560675442219 0.0235252771526575 0.0405780896544456 0.0419534146785736 0.0433843359351158 0.0303837172687054 0.0310924984514713 0.0321249067783356 0.0364629179239273 0.0415221378207207 0.0470806695520878 0.020502120256424 0.047700323164463 0.0294043570756912 0.0210128501057625 0.0191230997443199 0.0179063770920038 0.0192414447665215 0.0310872439295053 0.0326963998377323 0.0403978899121284 0.0653136074542999 0.0576748177409172 0.0681090354919434 0.100891932845116 0.141043946146965 0.169999226927757 0.195128083229065 0.218367531895638 0.244780674576759 0.241563633084297 0.243342772126198 0.262194335460663
-9999 -9999 -9999 -9999 -9999 -9999 -9999 -9999 -9999 -9999 -9999 -9999 -9999 -9999 -9999 -9999 -9999 0.0591482408344746 0.0324012078344822 0.100354224443436 0.0179438274353743 0.00385333551093936 0.00674346927553415 0.00939700938761234 0.0182111188769341 0.0235162917524576 0.0242279358208179 0.0192558076232672 0.0175732392817736 0.0189483445137739 0.0294332131743431 0.039539635181427 0.0378266684710979 0.0547835640609264 0.0216930247843266 0.0715335160493851 0.0365378558635712 0.0269964076578617 0.0225085746496916 0.02142627350986 0.0315387323498726 0.0331395454704762 0.0450328439474106 0.0678978562355042 0.0502284653484821 0.0626634731888771 0.091367669403553 0.121802717447281 0.143263339996338 0.160641193389893 0.177126541733742 0.200687453150749 0.184457764029503 0.178042590618134 0.196261152625084
-9999 -9999 -9999 -9999 -9999 -9999 -9999 -9999 -9999 -9999 -9999 -9999 -9999 -9999 -9999 -9999 -9999 -9999 0.0875705927610397 0.0089122736826539 0.0706928297877312 0.0724416300654411 0.0115243690088391 0.0153972301632166 0.0164807103574276 0.0166284199804068 0.0128773050382733 0.0114388922229409 0.0107976105064154 0.013644534163177 0.0237538386136293 0.0361043699085712 0.0416022166609764 0.0541789717972279 0.0677449703216553 0.051185667514801 0.090817779302597 0.0529858469963074 0.0368628203868866 0.0294128209352493 0.0329556427896023 0.058067824691534 0.0659893751144409 0.0643499195575714 0.0596539601683617 0.0761601626873016 0.0945340469479561 0.0957856550812721 0.100670710206032 0.10614101588726 0.115460097789764 0.114774487912655 0.117564551532269 0.113127812743187 0.124740235507488
-9999 -9999 -9999 -9999 -9999 -9999 -9999 -9999 -9999 -9999 -9999 -9999 -9999 -9999 -9999 -9999 -9999 -9999 -9999 -9999 0.00595950800925493 0.00574163161218166 0.0701507106423378 0.0125188175588846 0.012907737866044 0.0123128946870565 0.0108076464384794 0.0101420795544982 0.00954570528119802 0.0114453257992864 0.0180255677551031 0.0295514315366745 0.0376716814935207 0.05935188382864 0.071675606071949 0.0729688331484795 0.0602456666529179 0.0166372060775757 0.0664265528321266 0.0475036911666393 0.0472012683749199 0.0412513539195061 0.0763771757483482 0.0739679485559464 0.0803711339831352 0.0824027210474014 0.079705573618412 0.0794980823993683 0.0754119455814362 0.0769230648875237 0.0811820477247238 0.0755722373723984 0.0802052617073059 0.0806307345628738 0.0871786549687386
-9999 -9999 -9999 -9999 -9999 -9999 -9999 -9999 -9999 -9999 -9999 -9999 -9999 -9999 -9999 -9999 -9999 -9999 -9999 -9999 -9999 -9999 0.00821388978511095 0.0763878300786018 0.0966897159814835 0.0138836763799191 0.0120993480086327 0.0104756345972419 0.0104531440883875 0.0122029930353165 0.0135821383446455 0.0169924478977919 0.0280651208013296 0.0444317422807217 0.0892245694994926 0.0673324316740036 0.121718905866146 0.0770872607827187 0.0218185279518366 0.0767844840884209 0.0670286566019058 0.05168167501688 0.0507723167538643 0.0798242017626762 0.0741735175251961 0.0749300941824913 0.0736922323703766 0.0739030689001083 0.0733634978532791 0.0716358050704002 0.0704484581947327 0.0673288032412529 0.068651095032692 0.0738803222775459 0.0807684659957886
-9999 -9999 -9999 -9999 -9999 -9999 -9999 -9999 -9999 -9999 -9999 -9999 -9999 -9999 -9999 -9999 -9999 -9999 -9999 -9999 -9999 -9999 -9999 -9999 0.0835530608892441 0.115310028195381 0.0152590135112405 0.0107248201966286 0.0102979140356183 0.0112807145342231 0.0122525105252862 0.0139153404161334 0.0218224860727787 0.0357979871332645 0.0683717876672745 0.0824478343129158 0.100263901054859 0.116390235722065 0.0792689993977547 0.0366758480668068 0.13161464035511 0.0774967521429062 0.0559029020369053 0.0732031539082527 0.0669180154800415 0.0669460371136665 0.0700353309512138 0.0725821852684021 0.0727020651102066 0.067219190299511 0.0616900362074375 0.0591258406639099 0.0620537139475346 0.0677883252501488 0.073491632938385
-9999 -9999 -9999 -9999 -9999 -9999 -9999 -9999 -9999 -9999 -9999 -9999 -9999 -9999 -9999 -9999 -9999 -9999 -9999 -9999 -9999 -9999 -9999 -9999 -9999 -9999 0.092678003013134 0.0830083265900612 0.0108098518103361 0.00988519750535488 0.0122553156688809 0.0170293673872948 0.0196251999586821 0.0233832858502865 0.0315025262534618 0.0613752231001854 0.0762338116765022 0.0896866992115974 0.104373678565025 0.120427496731281 0.0742460638284683 0.156433150172234 0.078723631799221 0.0502841770648956 0.0580012574791908 0.0610067062079906 0.0675371512770653 0.0699794664978981 0.0696795955300331 0.0646596923470497 0.0555430799722672 0.0511697120964527 0.053977333009243 0.0599674768745899 0.0636159926652908
-9999 -9999 -9999 -9999 -9999 -9999 -9999 -9999 -9999 -9999 -9999 -9999 -9999 -9999 -9999 -9999 -9999 -9999 -9999 -9999 -9999 -9999 -9999 -9999 -9999 -9999 0.00700848037377 0.0639141127467155 0.0734074711799622 0.0761254876852036 0.00753564340993762 0.00907291658222675 0.0138040846213698 0.0186987966299057 0.0233820173889399 0.0307945609092712 0.0581569075584412 0.0694594830274582 0.0830392464995384 0.0990260764956474 0.0703872218728065 0.376786172389984 0.127951383590698 0.0889760628342628 0.0549986958503723 0.0555820241570473 0.0657682195305824 0.0692142620682716 0.069257490336895 0.0645580738782883 0.055543951690197 0.0477928332984447 0.0467478483915329 0.0504939332604408 0.0535498894751072
-9999 -9999 -9999 -9999 -9999 -9999 -9999 -9999 -9999 -9999 -9999 -9999 -9999 -9999 -9999 -9999 -9999 -9999 -9999 -9999 -9999 -9999 -9999 -9999 -9999 -9999 -9999 -9999 0.0200505461543798 0.06226522102952 0.0216659419238567 0.0122600272297859 0.00214222702197731 0.00501646520569921 0.0165359079837799 0.022058604285121 0.0217103343456984 0.0304445158690214 0.0398110821843147 0.0489963330328465 0.0577388778328896 0.370106220245361 0.302070081233978 0.103984668850899 0.0515183880925179 0.0538438372313976 0.0650109350681305 0.0655480399727821 0.0692447796463966 0.0650959238409996 0.0550515949726105 0.048320222645998 0.043826125562191 0.0431901477277279 0.0456260219216347
-9999 -9999 -9999 -9999 -9999 -9999 -9999 -9999 -9999 -9999 -9999 -9999 -9999 -9999 -9999 -9999 -9999 -9999 -9999 -9999 -9999 -9999 -9999 -9999 -9999 -9999 -9999 -9999 0.00451049255207181 0.00663599325343966 0.0211527608335018 0.0147960372269154 0.0195670872926712 0.0375367067754269 0.0116456085816026 0.0195782277733088 0.0215232037007809 0.0243120081722736 0.0267873965203762 0.0340707562863827 0.0464022420346737 0.353566318750381 0.382394820451736 0.139693349599838 0.0596155487000942 0.05164934694767 0.0583433844149113 0.0581523403525352 0.0589919313788414 0.0555379278957844 0.0497161671519279 0.0447961688041687 0.0409663245081902 0.0396712645888329 0.0406383238732815
-9999 -9999 -9999 -9999 -9999 -9999 -9999 -9999 -9999 -9999 -9999 -9999 -9999 -9999 -9999 -9999 -9999 -9999 -9999 -9999 -9999 -9999 -9999 -9999 -9999 -9999 -9999 -9999 -9999 0.00434533879160881 0.0146548077464104 0.0272102523595095 0.0422328151762486 0.196592956781387 0.2440315335989 0.0265266448259354 0.0270936563611031 0.0244590081274509 0.0217680018395185 0.0255514234304428 0.0407252684235573 0.0984062552452087 0.359487771987915 0.0987708643078804 0.038058165460825 0.0528006218373775 0.049584649503231 0.0488130040466785 0.0475150682032108 0.0451003983616829 0.0429302416741848 0.0395325310528278 0.0383620448410511 0.037056177854538 0.0398511216044426
-9999 -9999 -9999 -9999 -9999 -9999 -9999 -9999 -9999 -9999 -9999 -9999 -9999 -9999 -9999 -9999 -9999 -9999 -9999 -9999 -9999 -9999 -9999 -9999 -9999 -9999 -9999 -9999 -9999 0.00480504799634218 0.00563981337472796 0.0464731194078922 0.20691505074501 0.271259903907776 0.258837640285492 0.0416058227419853 0.0452181771397591 0.0248691905289888 0.0203725472092628 0.0219787489622831 0.0376571863889694 0.0641034841537476 0.348704308271408 0.123736903071404 0.0453721135854721 0.0337669886648655 0.0499794483184814 0.0429612435400486 0.0395108312368393 0.0379297472536564 0.0395082384347916 0.0405323356389999 0.0390462800860405 0.0376161858439445 0.0420830100774765
-9999 -9999 -9999 -9999 -9999 -9999 -9999 -9999 -9999 -9999 -9999 -9999 -9999 -9999 -9999 -9999 -9999 -9999 -9999 -9999 -9999 -9999 -9999 -9999 -9999 -9999 -9999 -9999 -9999 0.0053079598583281 0.00770954322069883 0.0426511391997337 0.298895359039307 0.271772980690002 0.254483491182327 0.0420085340738297 0.0456276871263981 0.0249448381364346 0.0186494439840317 0.0199649427086115 0.0345544703304768 0.0517903044819832 0.339609861373901 0.0968407243490219 0.0337302535772324 0.0267835408449173 0.0232125241309404 0.0415808372199535 0.0352503582835197 0.0343350507318974 0.039169080555439 0.0448946356773376 0.0421370677649975 0.0402156226336956 0.0468892753124237
-9999 -9999 -9999 -9999 -9999 -9999 -9999 -9999 -9999 -9999 -9999 -9999 -9999 -9999 -9999 -9999 -9999 -9999 -9999 -9999 -9999 -9999 -9999 -9999 -9999 -9999 -9999 -9999 -9999 0.00541857862845063 0.0134630501270294 0.176427409052849 0.309729069471359 0.267205387353897 0.249421536922455 0.0400917865335941 0.0428146831691265 0.0227353945374489 0.0186698734760284 0.0229096002876759 0.0266011394560337 0.0374254174530506 0.254504919052124 0.106512136757374 0.036151111125946 0.0226305294781923 0.0233370196074247 0.0418149009346962 0.038730688393116 0.0377511493861675 0.0414046719670296 0.0458005703985691 0.0470115952193737 0.0489224307239056 0.0592060089111328
-9999 -9999 -9999 -9999 -9999 -9999 -9999 -9999 -9999 -9999 -9999 -9999 -9999 -9999 -9999 -9999 -9999 -9999 -9999 -9999 -9999 -9999 -9999 -9999 -9999 -9999 -9999 -9999 -9999 0.00573664344847202 0.0415132492780685 0.290347725152969 0.316975325345993 0.258831977844238 0.242443606257439 0.0382724143564701 0.0257261954247952 0.0221624411642551 0.0217532068490982 0.0266588870435953 0.0262960866093636 0.0266183465719223 0.211267068982124 0.0763057321310043 0.0259532313793898 0.0165037047117949 0.0144417025148869 0.0265744309872389 0.0445557683706284 0.0420882776379585 0.0459605306386948 0.0497253984212875 0.0555939823389053 0.0608627870678902 0.0760319903492928
