meets/meet006/_saidas_enm/CCSM_SVM_0k_T_subalaris3.asc
NCOLS 154 
NROWS 168 
XLLCORNER -112 
YLLCORNER -55.5 
CELLSIZE 0.5 
NODATA_value -9999 
[rows 100 to 124 of 168, columns 55 to 109 of 154]
-9999 -9999 -9999 -9999 -9999 -9999 -9999 -9999 -9999 -9999 -9999 -9999 -9999 -9999 -9999 -9999 -9999 -9999 -9999 -9999 -9999 -9999 -9999 -9999 -9999 -9999 -9999 -9999 -9999 0.0574085146110535 0.208070408235344 -0.0591167008361921 -0.117165533942735 -0.0317007497782421 0.0126299528490166 0.00396737662037061 -0.0203762551181726 -0.0217539547557949 -0.0273974407066762 -0.0586370034927216 0.170707918724012 0.76995229903129 0.688984355770781 0.105181528180001 -0.173427462240177 -0.215457153283121 -0.206503644759235 -0.1812447114764 -0.127439771581447 -0.0868150441842458 -0.0662649239407898 -0.0437653634698894 -0.0265756556491694 -0.00433276366538649 0.049356529978883
-9999 -9999 -9999 -9999 -9999 -9999 -9999 -9999 -9999 -9999 -9999 -9999 -9999 -9999 -9999 -9999 -9999 -9999 -9999 -9999 -9999 -9999 -9999 -9999 -9999 -9999 -9999 -9999 -9999 0.0587193866269726 0.183719569038599 -0.10603779599634 -0.105519293835558 -0.0401251764084942 -0.00538233116286657 -0.0151236133103175 -0.0285968352954572 -0.0301032167851569 -0.0324847492073798 -0.0575326328152845 0.234334839515889 0.789259429259628 0.585453072371289 0.0343035176788565 -0.197703518349704 -0.219391742185164 -0.205163325314653 -0.165389502135909 -0.0794148427233723 -0.0380095344465599 -0.0522253099506798 -0.0492639014474787 -0.0295672725499029 0.00207751433512321 0.0633757934200208
-9999 -9999 -9999 -9999 -9999 -9999 -9999 -9999 -9999 -9999 -9999 -9999 -9999 -9999 -9999 -9999 -9999 -9999 -9999 -9999 -9999 -9999 -9999 -9999 -9999 -9999 -9999 -9999 0.0544774832937424 0.0605689516028579 0.165505404177652 -0.0847221022416276 -0.10745062328259 -0.0613371195057517 -0.0351932642272923 -0.0366725577707032 -0.0443044941585373 -0.0393614754684519 -0.0478785066296724 -0.0429635698107977 0.342761835671068 0.796775226882244 0.495611350354222 0.0206287019194213 -0.186472063035256 -0.213363474643988 -0.183838323080437 -0.145652883975687 -0.0800077235024568 -0.0379762239930942 -0.0246858884001681 -0.0143578763682086 -0.0130437572600228 -0.0093815089236533 0.0390232473433901
-9999 -9999 -9999 -9999 -9999 -9999 -9999 -9999 -9999 -9999 -9999 -9999 -9999 -9999 -9999 -9999 -9999 -9999 -9999 -9999 -9999 -9999 -9999 -9999 -9999 -9999 -9999 -9999 0.0552741749298761 0.0610124234236079 0.147983505449773 -0.0875857007637676 -0.104032423868333 -0.0757404652133974 -0.0558061043012588 -0.0496084234226322 -0.0424300033064754 -0.0447867972156903 -0.0522084904848685 -0.00666180668602534 0.44830319760381 0.768141597191244 0.410091780918978 -0.0026029465913916 -0.182804472588868 -0.195330928195096 -0.159407343039579 -0.124707300311967 -0.0701009000224508 -0.0250365985591839 0.00668531528534272 0.0301757240759527 0.0302644762391465 0.0159082781180885 0.0453823652133909
-9999 -9999 -9999 -9999 -9999 -9999 -9999 -9999 -9999 -9999 -9999 -9999 -9999 -9999 -9999 -9999 -9999 -9999 -9999 -9999 -9999 -9999 -9999 -9999 -9999 -9999 -9999 -9999 0.0515682532743876 0.0614671492274375 0.119492028694977 -0.0950938177488718 -0.0959415025911167 -0.0748038644149454 -0.0625875949207928 -0.0486044283783308 -0.0324521482826845 -0.0397577134179145 -0.0435086896095376 0.0652652187966417 0.531017395800009 0.740249936071148 0.357991243906646 -0.00403229050567644 -0.164199725260652 -0.173117453688138 -0.130509281025685 -0.0955347120971981 -0.0468692846711293 0.00267097374602998 0.0548019199982807 0.0889103061472232 0.099967806720839 0.102011458914359 0.132242677565965
-9999 -9999 -9999 -9999 -9999 -9999 -9999 -9999 -9999 -9999 -9999 -9999 -9999 -9999 -9999 -9999 -9999 -9999 -9999 -9999 -9999 -9999 -9999 -9999 -9999 -9999 -9999 -9999 0.0381531870564273 0.0630768645309184 0.0734182127827179 -0.100261546356813 -0.0726220894480417 -0.0596565324614684 -0.0500989204918743 -0.0290123935644011 -0.00491273327542352 -0.0216157093355754 -0.0303610829685242 0.10159037926878 0.557331417555514 0.685499816427443 0.314001682480237 0.00552128115575901 -0.138888784317 -0.141506473199711 -0.103683703903312 -0.0658850738246751 -0.0122266526159135 0.0470470125155535 0.115144130196978 0.165920836824879 0.189782442001109 0.202354803150455 0.244792428166995
-9999 -9999 -9999 -9999 -9999 -9999 -9999 -9999 -9999 -9999 -9999 -9999 -9999 -9999 -9999 -9999 -9999 -9999 -9999 -9999 -9999 -9999 -9999 -9999 -9999 -9999 -9999 -9999 0.0153427856665488 0.0635980249348498 0.0180668402286512 -0.0823703249877472 -0.0405996779274955 -0.0293900503424466 -0.0278603668905686 0.000402480814996831 0.033820568371443 0.00757201611581082 -0.0268131218546543 0.0845110785802696 0.538990232170488 0.627124171502603 0.288494067950488 0.0280653240698402 -0.0962143059793775 -0.1049508013389 -0.0697837662256874 -0.0281724932848383 0.0334597681780838 0.101906472480933 0.183353059850574 0.253616950163302 0.282795900517961 0.308951002260801 0.354243493467338
-9999 -9999 -9999 -9999 -9999 -9999 -9999 -9999 -9999 -9999 -9999 -9999 -9999 -9999 -9999 -9999 -9999 -9999 -9999 -9999 -9999 -9999 -9999 -9999 -9999 -9999 -9999 -9999 -0.00721323922594896 0.0600081475878308 -0.0162335827750996 -0.048358093091177 -0.00991261167123381 -0.00844731368250107 -0.0106560131847211 0.0267663193874376 0.0636842318273732 0.0331305154408991 -0.0294029970603684 0.0635818341745551 0.514059710787075 0.570701857542597 0.256272300197266 0.0467443265826137 -0.0603580214028868 -0.0657945749826866 -0.0331611001780913 0.0105012595263117 0.0732439018637073 0.151393764096593 0.244425026088633 0.328869706982085 0.372492890896116 0.410460427643151 0.469453734248384
-9999 -9999 -9999 -9999 -9999 -9999 -9999 -9999 -9999 -9999 -9999 -9999 -9999 -9999 -9999 -9999 -9999 -9999 -9999 -9999 -9999 -9999 -9999 -9999 -9999 -9999 -9999 -9999 -0.00839350882985368 0.0460340339285327 -0.0325002714565645 -0.00929893480073696 0.00918500137493633 0.00178085056613031 -0.00820452212328993 0.041536088941401 0.087526616270575 0.0454948364208646 -0.0368743297476761 0.0502246039163657 0.502668509639524 0.489085301184736 0.207306359223752 0.0500507291947326 -0.0266833201998935 -0.0264439153040797 0.0074127172227329 0.0499859631298313 0.119169074231636 0.195651587688668 0.292215079427168 0.380804970275752 0.439701134580837 0.504626093939353 0.569672957644166
-9999 -9999 -9999 -9999 -9999 -9999 -9999 -9999 -9999 -9999 -9999 -9999 -9999 -9999 -9999 -9999 -9999 -9999 -9999 -9999 -9999 -9999 -9999 -9999 -9999 -9999 -9999 -9999 0.0210034564509075 0.0310914315799469 -0.0310144291423534 -0.00822687641888742 0.0019487726642044 -0.0255792325328674 -0.041146535641711 0.0287753424427935 0.0775653867347119 0.0294884853167014 -0.0454554973348736 0.122049166881114 0.51327289731222 0.408341084930102 0.144929304871503 0.0375788921844797 -0.0102600696417847 -0.00141973261630335 0.039071986509949 0.0891664363726915 0.160095596912707 0.238387167604696 0.328056132367736 0.416633559198327 0.490270182028149 0.562639876194948 0.636351002753416
-9999 -9999 -9999 -9999 -9999 -9999 -9999 -9999 -9999 -9999 -9999 -9999 -9999 -9999 -9999 -9999 -9999 -9999 -9999 -9999 -9999 -9999 -9999 -9999 -9999 -9999 -9999 0.120106994945963 0.0502535976760251 0.0125414028666132 -0.0290298432930608 -0.00217739661593253 -0.0157398672321262 -0.0623009286375498 -0.0915220614594209 -0.00536539329897778 0.0654348553977783 -0.00446628440693275 0.0135270927360429 0.307509747142617 0.515907024546846 0.259269763685148 0.0684335103362606 0.00433687354547885 -0.0116116792728186 0.00635495524240154 0.0438708485421565 0.100979677030214 0.180511354788453 0.262926070953762 0.356736684836292 0.444702312192938 0.522959900698942 0.600384416757256 0.676188897310826
-9999 -9999 -9999 -9999 -9999 -9999 -9999 -9999 -9999 -9999 -9999 -9999 -9999 -9999 -9999 -9999 -9999 -9999 -9999 -9999 -9999 -9999 -9999 -9999 -9999 -9999 -9999 0.127599258932994 0.0508578092774517 -0.0221470535430289 -0.0231204098465345 -0.00608386478034362 -0.0287527758006855 -0.0839551056888423 -0.117053195173322 -0.0620469917600613 -0.0150607137365181 -0.0274911411987772 0.179743311948532 0.484637812468776 0.435735257176506 0.16957792449249 0.00348749235066098 -0.0309412881434512 -0.0325270659530099 -0.00960170414784123 0.0356052089834795 0.107253633336416 0.196257665417738 0.287613864194086 0.385391557494661 0.47980492591097 0.568267372430824 0.649880384374503 0.728395071561275
-9999 -9999 -9999 -9999 -9999 -9999 -9999 -9999 -9999 -9999 -9999 -9999 -9999 -9999 -9999 -9999 -9999 -9999 -9999 -9999 -9999 -9999 -9999 -9999 -9999 -9999 -9999 0.119662516503261 -0.00396670560345702 -0.0447486165930118 -0.0180054938982418 0.0143622501247184 -0.0337792329549145 -0.0768712240931064 -0.109996184733707 -0.0779628526123997 -0.0437158007170034 0.104874867878526 0.427453023578639 0.471224774852689 0.285762760836627 0.0481309517392673 -0.0361257458268049 -0.0578321598648445 -0.0507033288304932 -0.0214097014935608 0.0141805883740356 0.102462405432274 0.209198456411788 0.307025813055181 0.407070223888143 0.506527663066815 0.597305296692811 0.694107047330158 0.773283763353199
-9999 -9999 -9999 -9999 -9999 -9999 -9999 -9999 -9999 -9999 -9999 -9999 -9999 -9999 -9999 -9999 -9999 -9999 -9999 -9999 -9999 -9999 -9999 -9999 -9999 -9999 -9999 0.0656937185304288 -0.0463226925494211 -0.0460136670610353 -0.0295984520729968 -0.0243667433541053 -0.0355052590219526 -0.049386324994167 -0.00111840015783038 0.0912960756075313 0.211912084891106 0.412401679253379 0.505378378971053 0.304453357268301 0.132803128706251 0.0258179991370304 -0.0386584301604094 -0.0530440392179053 -0.04037712904289 -0.00343498926932562 0.0468676605733958 0.117389249776997 0.214163675538293 0.314799509532267 0.416994565059781 0.516049478327777 0.616500301072617 0.712579111039906 0.793983090755291
-9999 -9999 -9999 -9999 -9999 -9999 -9999 -9999 -9999 -9999 -9999 -9999 -9999 -9999 -9999 -9999 -9999 -9999 -9999 -9999 -9999 -9999 -9999 -9999 -9999 -9999 0.0392787645376995 -0.00835608320984382 -0.0427944846304783 -0.0220893433469164 -0.0533665364910403 -0.043945332916679 -0.0131229356231464 0.092940929866256 0.274412948993398 0.401941601762603 0.448939012181602 0.503750415383898 0.343585224405416 0.105537307555101 0.034765632195002 0.0181340902891275 -0.0339968340420661 -0.0404331692528651 -0.0165728866966043 0.0363266021297811 0.104085978833999 0.134686828955904 0.217324961378408 0.317773920798468 0.423615174602469 0.5142442351204 0.61568162957394 0.715754547003877 0.798021080129652
-9999 -9999 -9999 -9999 -9999 -9999 -9999 -9999 -9999 -9999 -9999 -9999 -9999 -9999 -9999 -9999 -9999 -9999 -9999 -9999 -9999 -9999 -9999 -9999 -9999 -9999 0.0593641721570865 -0.0419808247315678 -0.0425017853600393 -0.0278580534771012 -0.0680012991335238 -0.0664563363753711 0.0252396117393539 0.240684487686894 0.477145208597619 0.472142112289304 0.404730081168012 0.343740836836569 0.189883902261835 0.0330082015315532 -0.0103540580054441 -0.0211695673547897 -0.041559502475758 -0.0390543727874034 -0.0122982659039581 0.050220156090553 0.111998388867481 0.145221140018528 0.214489838358178 0.3092829274863 0.416747321669205 0.520669674773208 0.621731658135538 0.712617797110993 0.792289389635945
-9999 -9999 -9999 -9999 -9999 -9999 -9999 -9999 -9999 -9999 -9999 -9999 -9999 -9999 -9999 -9999 -9999 -9999 -9999 -9999 -9999 -9999 -9999 -9999 -9999 -9999 0.0441257395992636 -0.0550283729554776 -0.0349324086531112 -0.0269475741556909 -0.0873388300030796 -0.0653232281187731 0.062142544051945 0.307642853595216 0.41268187624718 0.331281414339928 0.216020414816321 0.175026209532416 0.0816995650194801 0.00215314541907724 -0.0172252225120115 -0.0414776997402094 -0.0469340977231018 -0.0475888190469832 -0.026428247968133 0.0329729270752716 0.106519759533463 0.132817211088397 0.205857217744753 0.301919348914714 0.414735508923355 0.517961122313366 0.61567243888717 0.705935750519414 0.785352034794352
-9999 -9999 -9999 -9999 -9999 -9999 -9999 -9999 -9999 -9999 -9999 -9999 -9999 -9999 -9999 -9999 -9999 -9999 -9999 -9999 -9999 -9999 -9999 -9999 -9999 -9999 0.0713042340760087 -0.0626116562152361 -0.0502681540159093 -0.0524334714796105 -0.111558541641464 -0.097752937747199 0.0709285538565445 0.242108815331683 0.259292972426554 0.186518847749616 0.117038022680323 0.0749757513931104 0.029669485730806 -0.00218484692131959 -0.00314632328650077 -0.00397888328200346 -0.0318646776201856 -0.0495892001052044 -0.042692521851121 -0.00896191322145545 0.0396819309180305 0.109480085663811 0.203426542868881 0.298020853561539 0.402445603119059 0.503537034046818 0.60450738883356 0.696537615256733 0.773047238698771
-9999 -9999 -9999 -9999 -9999 -9999 -9999 -9999 -9999 -9999 -9999 -9999 -9999 -9999 -9999 -9999 -9999 -9999 -9999 -9999 -9999 -9999 -9999 -9999 -9999 -9999 0.0892292087080093 -0.0657952155396793 -0.0574140524947206 -0.0659210568950566 -0.129300244547667 -0.104395699595784 0.0700862742135817 0.160196205350203 0.133325624931364 0.0941445135114156 0.0516018903793091 0.0231502474520605 -0.00637727028027169 -0.0154920719664801 -0.000203920280127279 0.00850426487195072 -0.0275385276546327 -0.0563702027379843 -0.0546532627439628 -0.0253995795504958 0.015319280466086 0.096066094053659 0.195985257476973 0.289047747166765 0.393127650134903 0.480758208461292 0.581451046182171 0.676379237095172 0.754470332390372
-9999 -9999 -9999 -9999 -9999 -9999 -9999 -9999 -9999 -9999 -9999 -9999 -9999 -9999 -9999 -9999 -9999 -9999 -9999 -9999 -9999 -9999 -9999 -9999 -9999 -9999 0.0869140408135239 -0.0659555628304058 -0.0624368752503472 -0.0748160034350156 -0.125091488451998 -0.081935823568305 0.0537008742541839 0.0960588920987465 0.0719043238249671 0.0499776888501395 0.0321045870278426 0.00216921312768115 -0.0227410019757317 -0.0294274057315348 -0.0164688888586778 -0.0120045780264422 -0.0407011033253644 -0.0708705134912763 -0.0685181532000489 -0.0306290101294372 0.0249086178114282 0.0966396470596175 0.181615269400085 0.266200648538667 0.364193708685345 0.459030959830798 0.55586769345066 0.645932716108589 0.722132614445662
-9999 -9999 -9999 -9999 -9999 -9999 -9999 -9999 -9999 -9999 -9999 -9999 -9999 -9999 -9999 -9999 -9999 -9999 -9999 -9999 -9999 -9999 -9999 -9999 -9999 -9999 0.0910701090458459 -0.0715937053108601 -0.0571020242873621 -0.067913900829948 -0.111603601600349 -0.073530753944701 0.0286359843614817 0.04390389249978 0.020414867146164 0.00976532694145066 0.00448046755544801 -0.0209414415419834 -0.0408875743828954 -0.0448122338406993 -0.0308334438180246 -0.0254701872497876 -0.0475319395298262 -0.0742774554524562 -0.0705115363570645 -0.0268601903519327 0.0270939154336391 0.0899482334023282 0.166431419496916 0.242117819573316 0.33916739513964 0.425398912996008 0.51784103299931 0.60990203256953 0.688485472430068
-9999 -9999 -9999 -9999 -9999 -9999 -9999 -9999 -9999 -9999 -9999 -9999 -9999 -9999 -9999 -9999 -9999 -9999 -9999 -9999 -9999 -9999 -9999 -9999 -9999 -9999 0.0947564622741891 -0.0745422044011689 -0.0506730441062317 -0.0548484561792519 -0.0973895923370944 -0.0830941455056381 -0.00902390900197558 -0.00133579933313732 -0.0222444712220958 -0.0335227631862013 -0.0433336560181682 -0.0498300810123398 -0.0583485801670787 -0.0573446779328284 -0.0429020526028819 -0.0349131276902744 -0.0477728827269713 -0.06771084303157 -0.0641921413388798 -0.0277157811020313 0.0257383394592391 0.0852599764888975 0.149337150708431 0.221644883489544 0.304264840762613 0.389125326666507 0.485983365552971 0.576573840220526 0.655297455061779
-9999 -9999 -9999 -9999 -9999 -9999 -9999 -9999 -9999 -9999 -9999 -9999 -9999 -9999 -9999 -9999 -9999 -9999 -9999 -9999 -9999 -9999 -9999 -9999 -9999 -9999 0.10593345858677 -0.0778328370149791 -0.0521042464026116 -0.0406194136266665 -0.0851861729043564 -0.0838074830308428 -0.0327932092717054 -0.0297377175228021 -0.0464631497680541 -0.0515786850506935 -0.0564044340709826 -0.0586010359574102 -0.0629753941452911 -0.0610487180506105 -0.0455049601762145 -0.0370090017380167 -0.0460487683299486 -0.0623997110272875 -0.0599572192288895 -0.0268781238551367 0.0181671291871589 0.0684127640984437 0.13223502373873 0.198489366187332 0.282934307855164 0.359222879642091 0.445036625188505 0.536625714604614 0.607363364449802
-9999 -9999 -9999 -9999 -9999 -9999 -9999 -9999 -9999 -9999 -9999 -9999 -9999 -9999 -9999 -9999 -9999 -9999 -9999 -9999 -9999 -9999 -9999 -9999 -9999 -9999 0.116748238603864 -0.0716147717570029 -0.0496049186621094 -0.0290144433026855 -0.0712723087753312 -0.0814457733196869 -0.0480752260635495 -0.045961559813209 -0.0554611838158069 -0.0564815380673265 -0.0533410428948761 -0.0587755880467093 -0.0608705412687872 -0.0568542918702878 -0.043853416286228 -0.032846846878949 -0.0450375690599543 -0.0599763446896876 -0.0559846299377935 -0.0306611291206806 0.0018113368661935 0.0498899015435537 0.111701003620801 0.17767211382106 0.260574769953077 0.338225116060306 0.413647652885975 0.484315206863897 0.560158638226555
-9999 -9999 -9999 -9999 -9999 -9999 -9999 -9999 -9999 -9999 -9999 -9999 -9999 -9999 -9999 -9999 -9999 -9999 -9999 -9999 -9999 -9999 -9999 -9999 -9999 0.161264848208597 0.093325636219987 -0.06820831444052 -0.0426266302307826 -0.0141072343358333 -0.0554868822607786 -0.0775535433688589 -0.0631189867789597 -0.0536183516291322 -0.0593395448522916 -0.0600488620593777 -0.0586319809907246 -0.0601341189524 -0.061204145034081 -0.0577527797155249 -0.0444037818199873 -0.0352615351583783 -0.047286339573942 -0.0601700828664776 -0.0549626400369636 -0.0336736421082173 -0.00442672205375838 0.037418576898465 0.0903988788659467 0.147416414213603 0.224537871336985 0.306511178587166 0.376495435873657 0.441976369873959 0.522227421891803
