meets/meet006/_saidas_enm/CCSM_Maxent_0k_S_lineola5.asc
NCOLS 154 
NROWS 168 
XLLCORNER -112 
YLLCORNER -55.5 
CELLSIZE 0.5 
NODATA_value -9999 
[rows 75 to 99 of 168, columns 56 to 111 of 154]
-9999 -9999 -9999 -9999 -9999 -9999 -9999 -9999 -9999 -9999 -9999 0.787053287029266 0.430857419967651 0.260949015617371 0.247141495347023 0.293061882257462 0.530780613422394 0.448584854602814 0.346954613924026 0.302300900220871 0.26945361495018 0.243653625249863 0.226242333650589 0.219774723052979 0.227111533284187 0.23190088570118 0.233088716864586 0.233781337738037 0.23463149368763 0.238300159573555 0.240704655647278 0.243090197443962 0.24597592651844 0.251761376857758 0.261643707752228 0.271308392286301 0.282981842756271 0.294072598218918 0.308297663927078 0.325350940227509 0.340665251016617 0.357470273971558 0.371340483427048 0.387127071619034 0.400145798921585 0.40656253695488 0.410663336515427 0.411405146121979 0.412563979625702 0.414828211069107 0.418932765722275 0.429495453834534 0.441987127065659 0.447064399719238 0.345322877168655 0.326941102743149
-9999 -9999 -9999 -9999 -9999 -9999 -9999 -9999 -9999 -9999 -9999 0.793300867080688 0.474904119968414 0.289991110563278 0.270021110773087 0.290582031011581 0.354210376739502 0.538778781890869 0.46682795882225 0.410358965396881 0.298256397247314 0.270674616098404 0.248673245310783 0.232528030872345 0.233341678977013 0.22969663143158 0.231662750244141 0.232476815581322 0.23211857676506 0.234159633517265 0.234709545969963 0.236115008592606 0.241321191191673 0.247241988778114 0.25661888718605 0.268914520740509 0.276446551084518 0.289275228977203 0.303438663482666 0.320421129465103 0.342275261878967 0.354264616966248 0.371466666460037 0.387611538171768 0.401287406682968 0.413470774888992 0.415226578712463 0.416491121053696 0.419602364301682 0.423212885856628 0.428725600242615 0.43716362118721 0.344712048768997 0.32526570558548 0.304685562849045 0.286519438028336
-9999 -9999 -9999 -9999 -9999 -9999 -9999 -9999 -9999 -9999 -9999 -9999 0.549837470054626 0.370861977338791 0.312494724988937 0.30121186375618 0.330507457256317 0.391434758901596 0.575622916221619 0.518071830272675 0.426146656274796 0.338671088218689 0.27840057015419 0.24484758079052 0.245727226138115 0.242916390299797 0.239653289318085 0.234674796462059 0.230108171701431 0.229048326611519 0.22905258834362 0.229929208755493 0.233604371547699 0.239085525274277 0.24847200512886 0.259488135576248 0.268238633871078 0.279025942087173 0.292674094438553 0.309392929077148 0.32862114906311 0.343657314777374 0.359615564346313 0.376686155796051 0.393888026475906 0.410647988319397 0.418907344341278 0.42236790060997 0.426972836256027 0.433176219463348 0.340539008378983 0.319382727146149 0.301253259181976 0.286403745412827 0.26708909869194 0.252844125032425
-9999 -9999 -9999 -9999 -9999 -9999 -9999 -9999 -9999 -9999 -9999 -9999 0.768984913825989 0.5246861577034 0.364808291196823 0.294510275125504 0.282043129205704 0.315218448638916 0.356824576854706 0.399871736764908 0.536906599998474 0.457705616950989 0.332030028104782 0.263570696115494 0.272868037223816 0.265036284923553 0.249485820531845 0.237462505698204 0.228032931685448 0.224002972245216 0.221751004457474 0.221330925822258 0.22348165512085 0.227959036827087 0.237234205007553 0.246103823184967 0.254487901926041 0.263937026262283 0.276069700717926 0.2917440533638 0.306503146886826 0.323638558387756 0.339320659637451 0.358326822519302 0.380450248718262 0.398276716470718 0.419050216674805 0.417632728815079 0.335749894380569 0.322781085968018 0.307442098855972 0.292833834886551 0.272978335618973 0.257526427507401 0.243502154946327 0.230518266558647
-9999 -9999 -9999 -9999 -9999 -9999 -9999 -9999 -9999 -9999 -9999 -9999 -9999 0.627052903175354 0.470295995473862 0.285694152116776 0.226307436823845 0.257735699415207 0.274251848459244 0.273755729198456 0.337641328573227 0.556189239025116 0.439515620470047 0.347939312458038 0.319855004549026 0.290288388729095 0.270188182592392 0.241634383797646 0.222371831536293 0.220864608883858 0.217816293239594 0.217836990952492 0.219382375478745 0.222512185573578 0.229248493909836 0.237328633666039 0.245288982987404 0.254083454608917 0.26425689458847 0.277822405099869 0.291982352733612 0.306969344615936 0.321745783090591 0.33442896604538 0.282563090324402 0.298374146223068 0.306462615728378 0.307868659496307 0.303681552410126 0.291308850049973 0.279510319232941 0.263324379920959 0.247745558619499 0.235671877861023 0.222501009702682 0.211472630500793
-9999 -9999 -9999 -9999 -9999 -9999 -9999 -9999 -9999 -9999 -9999 -9999 -9999 0.758461058139801 0.524442255496979 0.255889505147934 0.196830689907074 0.179424285888672 0.163698866963387 0.199497506022453 0.233273968100548 0.329467415809631 0.529450953006744 0.426762521266937 0.37299644947052 0.327627658843994 0.299815952777863 0.253728985786438 0.214016973972321 0.21587447822094 0.213158324360847 0.208226665854454 0.214959859848022 0.217294275760651 0.223032265901566 0.230400964617729 0.236593499779701 0.24587519466877 0.25593689084053 0.26909539103508 0.282238334417343 0.291715413331985 0.226815953850746 0.238635987043381 0.258457481861115 0.279216796159744 0.285334229469299 0.287624299526215 0.284001052379608 0.272771269083023 0.263150155544281 0.248660236597061 0.233090087771416 0.220819160342216 0.20970393717289 0.199468940496445
-9999 -9999 -9999 -9999 -9999 -9999 -9999 -9999 -9999 -9999 -9999 -9999 -9999 -9999 0.620336949825287 0.449144810438156 0.285587757825851 0.145934030413628 0.111043721437454 0.143277868628502 0.192524284124374 0.295529186725616 0.371172368526459 0.587111175060272 0.528370916843414 0.432913362979889 0.36658051609993 0.290261775255203 0.242521837353706 0.234099537134171 0.205153927206993 0.211875930428505 0.208247184753418 0.207403674721718 0.217022135853767 0.222425505518913 0.227871507406235 0.234682396054268 0.244975358247757 0.260283082723618 0.272031903266907 0.210316404700279 0.210682064294815 0.221417114138603 0.236295536160469 0.250940710306168 0.257179915904999 0.258420795202255 0.259654253721237 0.251624941825867 0.242582261562347 0.231382116675377 0.21956168115139 0.210433483123779 0.200567841529846 0.19107873737812
-9999 -9999 -9999 -9999 -9999 -9999 -9999 -9999 -9999 -9999 -9999 -9999 -9999 -9999 0.673595011234283 0.613071799278259 0.389416486024857 0.165290594100952 0.106601238250732 0.103789500892162 0.150434091687202 0.205644696950912 0.252283364534378 0.327192783355713 0.379734724760056 0.583621919155121 0.5416100025177 0.407285958528519 0.315133094787598 0.326756536960602 0.236548706889153 0.223755389451981 0.211932048201561 0.204469978809357 0.212965488433838 0.215057820081711 0.218829020857811 0.224539756774902 0.235085144639015 0.249790415167809 0.254207730293274 0.199940055608749 0.200511157512665 0.209833770990372 0.219866573810577 0.232087627053261 0.238131463527679 0.236290872097015 0.237260326743126 0.233753234148026 0.22858239710331 0.222490474581718 0.211808383464813 0.204982757568359 0.195618882775307 0.187023997306824
-9999 -9999 -9999 -9999 -9999 -9999 -9999 -9999 -9999 -9999 -9999 -9999 -9999 -9999 -9999 0.750949442386627 0.486649930477142 0.217036008834839 0.124481543898582 0.0980865582823753 0.118386395275593 0.119567349553108 0.105877257883549 0.130180180072784 0.174683839082718 0.245012044906616 0.3167365193367 0.404042422771454 0.598381876945496 0.501006901264191 0.410192579030991 0.334876984357834 0.247150957584381 0.201612323522568 0.208085507154465 0.21477934718132 0.219038516283035 0.222603872418404 0.231149971485138 0.238016679883003 0.186088979244232 0.187510028481483 0.191304787993431 0.200759932398796 0.20864249765873 0.216834619641304 0.221201613545418 0.222131863236427 0.224478706717491 0.222254261374474 0.219637989997864 0.215092882514 0.208484902977943 0.202819019556046 0.195680320262909 0.190787971019745
-9999 -9999 -9999 -9999 -9999 -9999 -9999 -9999 -9999 -9999 -9999 -9999 -9999 -9999 -9999 0.413179099559784 0.530941367149353 0.278860598802567 0.158221393823624 0.107772193849087 0.0957271084189415 0.0562655068933964 0.0531577467918396 0.0526699908077717 0.0574553646147251 0.0783152356743813 0.127662003040314 0.189763203263283 0.281450003385544 0.413721472024918 0.542718112468719 0.422282993793488 0.295150965452194 0.215990051627159 0.212703958153725 0.220996037125587 0.217869147658348 0.220559656620026 0.227949395775795 0.229426592588425 0.17755064368248 0.181069761514664 0.18517379462719 0.195934936404228 0.199228584766388 0.207173720002174 0.211354166269302 0.213081106543541 0.215766087174416 0.212668299674988 0.211739897727966 0.20855401456356 0.204898804426193 0.19909593462944 0.191960006952286 0.190958052873611
-9999 -9999 -9999 -9999 -9999 -9999 -9999 -9999 -9999 -9999 -9999 -9999 -9999 -9999 -9999 0.247743740677834 0.485205143690109 0.368648082017899 0.249489054083824 0.149878263473511 0.081664614379406 0.0504319071769714 0.0354032255709171 0.0333459489047527 0.0318035781383514 0.0326770767569542 0.0479674153029919 0.0655050799250603 0.115827418863773 0.249931141734123 0.316745907068253 0.505922257900238 0.383583903312683 0.27015495300293 0.238657042384148 0.225916996598244 0.225493684411049 0.224343299865723 0.22651232779026 0.236968353390694 0.179596915841103 0.177077323198318 0.183739274740219 0.195152834057808 0.196897223591805 0.20012104511261 0.201429083943367 0.203554466366768 0.205826818943024 0.204094275832176 0.204396963119507 0.196344435214996 0.191277608275414 0.188196897506714 0.18069626390934 0.178477555513382
-9999 -9999 -9999 -9999 -9999 -9999 -9999 -9999 -9999 -9999 -9999 -9999 -9999 -9999 -9999 -9999 0.382899522781372 0.298491656780243 0.297420471906662 0.241301745176315 0.128571078181267 0.0828466042876244 0.0426276065409184 0.0310860928148031 0.0280679669231176 0.0255855489522219 0.0279757454991341 0.0310765188187361 0.0516658797860146 0.145250305533409 0.2561414539814 0.319000691175461 0.461535841226578 0.348309129476547 0.306577444076538 0.258066833019257 0.234898060560226 0.230933144688606 0.233328849077225 0.242219403386116 0.239353224635124 0.188260614871979 0.192399263381958 0.197522059082985 0.194121718406677 0.193289518356323 0.190471634268761 0.189306184649467 0.18823553621769 0.183965712785721 0.186122104525566 0.174534931778908 0.168025746941566 0.165941044688225 0.162436798214912 0.164841085672379
-9999 -9999 -9999 -9999 -9999 -9999 -9999 -9999 -9999 -9999 -9999 -9999 -9999 -9999 -9999 -9999 -9999 0.40388885140419 0.420286446809769 0.290911912918091 0.221532225608826 0.175598338246346 0.103187784552574 0.0637257993221283 0.0453921854496002 0.0330128744244576 0.0286470800638199 0.0290311966091394 0.0375517606735229 0.0911832824349403 0.174247846007347 0.278060495853424 0.322948217391968 0.483144164085388 0.394487768411636 0.328951120376587 0.284356147050858 0.261953324079514 0.244649887084961 0.259346485137939 0.27240976691246 0.209153205156326 0.20466011762619 0.201837375760078 0.190375715494156 0.182151734828949 0.17580483853817 0.167369648814201 0.162781551480293 0.157476812601089 0.149060294032097 0.144293367862701 0.137710437178612 0.138443753123283 0.144062727689743 0.152224585413933
-9999 -9999 -9999 -9999 -9999 -9999 -9999 -9999 -9999 -9999 -9999 -9999 -9999 -9999 -9999 -9999 -9999 -9999 -9999 0.438727259635925 0.303006589412689 0.259689658880234 0.203010976314545 0.151496961712837 0.0952282100915909 0.057721059769392 0.0394429229199886 0.0308783184736967 0.0323845334351063 0.0488089248538017 0.107709616422653 0.186052113771439 0.237679317593575 0.335957616567612 0.499626606702805 0.404601991176605 0.346028357744217 0.303736835718155 0.271277248859406 0.27411824464798 0.290784686803818 0.290414363145828 0.283566027879715 0.206122830510139 0.190682381391525 0.179406031966209 0.171722367405891 0.158602580428123 0.150415971875191 0.141936153173447 0.131115272641182 0.128268703818321 0.122374460101128 0.124492555856705 0.133487343788147 0.143626019358635
-9999 -9999 -9999 -9999 -9999 -9999 -9999 -9999 -9999 -9999 -9999 -9999 -9999 -9999 -9999 -9999 -9999 -9999 -9999 -9999 -9999 0.404242396354675 0.381431400775909 0.314581900835037 0.188361063599586 0.0986113324761391 0.0632299482822418 0.0387709513306618 0.0303873047232628 0.0349918566644192 0.0458187982439995 0.0831982418894768 0.187051609158516 0.29383772611618 0.338398277759552 0.530744254589081 0.45113816857338 0.377455294132233 0.309844613075256 0.306840419769287 0.28928554058075 0.283689439296722 0.294209450483322 0.276453346014023 0.195147812366486 0.182840675115585 0.175065368413925 0.165508478879929 0.155366986989975 0.141771644353867 0.131412714719772 0.126513570547104 0.123929165303707 0.126323208212852 0.130335211753845 0.14032144844532
-9999 -9999 -9999 -9999 -9999 -9999 -9999 -9999 -9999 -9999 -9999 -9999 -9999 -9999 -9999 -9999 -9999 -9999 -9999 -9999 -9999 -9999 -9999 0.421997398138046 0.358440488576889 0.264747738838196 0.111235968768597 0.0665073692798615 0.0432127378880978 0.0361396223306656 0.0367267392575741 0.0518602319061756 0.10401625931263 0.173430144786835 0.267679035663605 0.328641563653946 0.559572815895081 0.511236369609833 0.429279059171677 0.384042322635651 0.328148871660233 0.296551764011383 0.290132433176041 0.287131696939468 0.211404547095299 0.195927828550339 0.186663821339607 0.176382899284363 0.165323331952095 0.151702180504799 0.139043733477592 0.132260605692863 0.12848111987114 0.128542542457581 0.131759107112885 0.138373300433159
-9999 -9999 -9999 -9999 -9999 -9999 -9999 -9999 -9999 -9999 -9999 -9999 -9999 -9999 -9999 -9999 -9999 -9999 -9999 -9999 -9999 -9999 -9999 -9999 -9999 0.457628637552261 0.257174253463745 0.123797595500946 0.0774964168667793 0.0534775108098984 0.0443554073572159 0.040065560489893 0.043510839343071 0.0652550607919693 0.141545563936234 0.231920570135117 0.329287320375443 0.368804425001144 0.569862902164459 0.489100217819214 0.39225760102272 0.319038957357407 0.294296145439148 0.275383174419403 0.284525662660599 0.212264120578766 0.201761141419411 0.191240713000298 0.179150015115738 0.160052374005318 0.148152410984039 0.138601407408714 0.133153885602951 0.132641777396202 0.131831973791122 0.136492848396301
-9999 -9999 -9999 -9999 -9999 -9999 -9999 -9999 -9999 -9999 -9999 -9999 -9999 -9999 -9999 -9999 -9999 -9999 -9999 -9999 -9999 -9999 -9999 -9999 -9999 0.608496487140656 0.395468980073929 0.228226155042648 0.138490214943886 0.0992176309227943 0.0613136142492294 0.0433790124952793 0.036605466157198 0.0427573509514332 0.0656462982296944 0.104524411261082 0.171876415610313 0.246972724795341 0.345345288515091 0.560984969139099 0.475257337093353 0.35500705242157 0.301022499799728 0.26775786280632 0.274906545877457 0.291316866874695 0.219584465026855 0.206905871629715 0.194078996777534 0.174818798899651 0.15846660733223 0.147549644112587 0.140770331025124 0.139704778790474 0.139460861682892 0.141929432749748
-9999 -9999 -9999 -9999 -9999 -9999 -9999 -9999 -9999 -9999 -9999 -9999 -9999 -9999 -9999 -9999 -9999 -9999 -9999 -9999 -9999 -9999 -9999 -9999 -9999 -9999 -9999 0.356805831193924 0.21034924685955 0.125280544161797 0.0954820737242699 0.0597794242203236 0.0446232222020626 0.0423014499247074 0.0496533736586571 0.0677543431520462 0.110843367874622 0.162246435880661 0.25007888674736 0.349668800830841 0.527135610580444 0.398201912641525 0.307590395212173 0.256134063005447 0.267672479152679 0.290243923664093 0.294061899185181 0.220143094658852 0.205936297774315 0.181895241141319 0.168084368109703 0.155871719121933 0.149508774280548 0.148438468575478 0.147896647453308 0.153526559472084
-9999 -9999 -9999 -9999 -9999 -9999 -9999 -9999 -9999 -9999 -9999 -9999 -9999 -9999 -9999 -9999 -9999 -9999 -9999 -9999 -9999 -9999 -9999 -9999 -9999 -9999 -9999 0.351068735122681 0.147098883986473 0.111901022493839 0.131481558084488 0.0842611342668533 0.0585121773183346 0.0503066331148148 0.0544336996972561 0.0679569691419601 0.0954827666282654 0.133840650320053 0.203822806477547 0.295062750577927 0.546948432922363 0.439921587705612 0.325088798999786 0.257619231939316 0.255599915981293 0.275059163570404 0.280161380767822 0.282241612672806 0.209963291883469 0.19162905216217 0.176508218050003 0.167239651083946 0.161725476384163 0.162562698125839 0.165903300046921 0.172970026731491
-9999 -9999 -9999 -9999 -9999 -9999 -9999 -9999 -9999 -9999 -9999 -9999 -9999 -9999 -9999 -9999 -9999 -9999 -9999 -9999 -9999 -9999 -9999 -9999 -9999 -9999 -9999 -9999 0.126759126782417 0.105480551719666 0.0997117087244987 0.100493386387825 0.0646671652793884 0.0538704097270966 0.0618273876607418 0.0805386453866959 0.101040624082088 0.128601968288422 0.192369416356087 0.26563161611557 0.36535632610321 0.475407987833023 0.340360134840012 0.25707533955574 0.250223994255066 0.257671892642975 0.259275138378143 0.259942501783371 0.260936409235001 0.249977022409439 0.183677509427071 0.178780034184456 0.175400137901306 0.179026052355766 0.185611635446548 0.197437927126884
-9999 -9999 -9999 -9999 -9999 -9999 -9999 -9999 -9999 -9999 -9999 -9999 -9999 -9999 -9999 -9999 -9999 -9999 -9999 -9999 -9999 -9999 -9999 -9999 -9999 -9999 -9999 -9999 0.190123721957207 0.0929535999894142 0.088007315993309 0.0620489120483398 0.0660910829901695 0.0604021921753883 0.0713384747505188 0.0931443348526955 0.113579981029034 0.142924785614014 0.197656661272049 0.262251347303391 0.348037093877792 0.502611398696899 0.356805324554443 0.26249235868454 0.240395605564117 0.243346601724625 0.240607500076294 0.243325054645538 0.246621757745743 0.253874212503433 0.260361522436142 0.25526887178421 0.196801543235779 0.203928202390671 0.216986060142517 0.23419950902462
-9999 -9999 -9999 -9999 -9999 -9999 -9999 -9999 -9999 -9999 -9999 -9999 -9999 -9999 -9999 -9999 -9999 -9999 -9999 -9999 -9999 -9999 -9999 -9999 -9999 -9999 -9999 -9999 0.189248636364937 0.0953453928232193 0.0860176235437393 0.0558086037635803 0.039094366133213 0.0374484285712242 0.0714278519153595 0.0992681607604027 0.124430179595947 0.151381760835648 0.205401882529259 0.263050109148026 0.336054116487503 0.508942723274231 0.358988285064697 0.262265592813492 0.241093963384628 0.236285120248795 0.227888554334641 0.232506647706032 0.239383280277252 0.251013159751892 0.263001024723053 0.271780848503113 0.281999707221985 0.295077502727509 0.255909532308578 0.278873085975647
-9999 -9999 -9999 -9999 -9999 -9999 -9999 -9999 -9999 -9999 -9999 -9999 -9999 -9999 -9999 -9999 -9999 -9999 -9999 -9999 -9999 -9999 -9999 -9999 -9999 -9999 -9999 -9999 0.193575233221054 0.0918210819363594 0.0803344771265984 0.0522257126867771 0.0354124829173088 0.0313723720610142 0.0462673790752888 0.0933415293693542 0.123578034341335 0.165683165192604 0.224042966961861 0.277450323104858 0.348436564207077 0.506520092487335 0.351250499486923 0.259661793708801 0.238468617200851 0.236953005194664 0.229376390576363 0.227315977215767 0.235470280051231 0.250708252191544 0.265388131141663 0.276477217674255 0.288996189832687 0.314238965511322 0.350573509931564 0.389266669750214
-9999 -9999 -9999 -9999 -9999 -9999 -9999 -9999 -9999 -9999 -9999 -9999 -9999 -9999 -9999 -9999 -9999 -9999 -9999 -9999 -9999 -9999 -9999 -9999 -9999 -9999 -9999 -9999 0.194710329174995 0.0896611586213112 0.0774532109498978 0.0474274270236492 0.0318893380463123 0.0273923650383949 0.0416874401271343 0.0861324369907379 0.127360254526138 0.176839455962181 0.240963727235794 0.2909155189991 0.361180573701859 0.493922054767609 0.334667384624481 0.25053882598877 0.23856982588768 0.23666150867939 0.23089936375618 0.230330273509026 0.234501123428345 0.251261502504349 0.269944429397583 0.281187534332275 0.295234620571136 0.322060734033585 0.360226094722748 0.401152670383453
