meets/meet006/_saidas_enm/CCSM_SVM_0k_T_subalaris5.asc
NCOLS 154 
NROWS 168 
XLLCORNER -112 
YLLCORNER -55.5 
CELLSIZE 0.5 
NODATA_value -9999 
[rows 75 to 99 of 168, columns 55 to 109 of 154]
-9999 -9999 -9999 -9999 -9999 -9999 -9999 -9999 -9999 -9999 -9999 -9999 0.105776584668339 0.0455095163873149 0.0246302322173724 0.0567519588613742 0.161050937997725 0.410206647374449 0.594213912699361 0.422338686340236 0.295381174541836 0.234686052269967 0.202720238857593 0.199591488174398 0.182397652963711 0.174857941105244 0.166269231341975 0.141599533935037 0.113588410540423 0.0916668416605412 0.0714015750189054 0.0566590158318973 0.0412153840975769 0.0305363018895914 0.0301992511953474 0.0346429151815671 0.0424464342390501 0.0534186399599164 0.0640720991972712 0.0832316265553676 0.104723996606754 0.122301948478228 0.131883332858567 0.133279590417185 0.139434835306241 0.145406626361961 0.152448999647078 0.146898686025972 0.137252898658882 0.121161955267207 0.0912735070452234 0.0665102662664542 0.0457551233040741 0.0271178079170857 0.00412290943440574
-9999 -9999 -9999 -9999 -9999 -9999 -9999 -9999 -9999 -9999 -9999 -9999 0.103271783123292 0.102865239601114 0.0822664337279909 0.0556663285142196 0.100562654321116 0.28211801932709 0.54863938898744 0.571678540860382 0.448170707492164 0.242743582630383 0.21565086255803 0.204036491395577 0.166320955136867 0.15942456211088 0.138759994489382 0.123859022322646 0.0957257302119485 0.0697040250217577 0.0490593243512759 0.0344856302293619 0.0177725634917349 0.0103130037423569 0.0107933031019457 0.0144369506140169 0.028827931465835 0.0317800754323144 0.0426511039455859 0.0627261262556565 0.0833946996568124 0.121034455592497 0.129584194959422 0.14508209450009 0.150676128098889 0.146887002685226 0.162340931212753 0.150569004675947 0.135419650410829 0.121704389351553 0.098552844389373 0.0806863102277869 0.0567423600228067 0.0331300234875199 0.00730241870015558
-9999 -9999 -9999 -9999 -9999 -9999 -9999 -9999 -9999 -9999 -9999 -9999 -9999 0.120383574576563 0.144307400865957 0.128989298128149 0.134606882646704 0.157886663659006 0.198288621687367 0.339584235525595 0.48734933792513 0.449265937476356 0.336511127157187 0.227555822616168 0.150753282728727 0.146527313369684 0.147071716313966 0.117120516993443 0.0761534636422873 0.0449697028235794 0.0214779413800334 0.0047799900432195 -0.0124807504472167 -0.0211300082332525 -0.0214618327760584 -0.0177323944004569 -0.00764576708690567 -0.00407028192860515 0.00508548183219254 0.0231099803442886 0.043517483154905 0.07672362444296 0.102358652676605 0.132240810527462 0.14598576457056 0.135107679811731 0.13003580152468 0.121997174063027 0.114436857312226 0.107848028697472 0.0958886327163332 0.0813749297012114 0.058777551109945 0.0334351198217817 0.0129381782682022
-9999 -9999 -9999 -9999 -9999 -9999 -9999 -9999 -9999 -9999 -9999 -9999 -9999 0.131360034554937 0.18445617548559 0.251247516392753 0.219989932351629 0.0538138889970342 0.00538476493429463 0.00323479712372804 0.163702494665469 0.52151403399976 0.512841613078127 0.298143822892604 0.159485900757073 0.182027510112921 0.211628944061846 0.118550431827591 0.0593312021515004 0.0184697947977447 -0.00576172757364846 -0.0223937505381917 -0.0372941684483924 -0.0500299100471021 -0.0532345365400513 -0.0505267940871661 -0.0456123461602819 -0.0405735293739938 -0.0384047986547099 -0.0250047216154931 -0.00748575602215873 0.0135789631519907 0.0530405080488476 0.0988916863205109 0.125036523033306 0.117353170230132 0.107766748653586 0.113698712042895 0.105034812247286 0.102299234878055 0.0979973986054382 0.0883153153886253 0.0663531815819771 0.0416037933664618 0.0190378733908517
-9999 -9999 -9999 -9999 -9999 -9999 -9999 -9999 -9999 -9999 -9999 -9999 -9999 -9999 0.138599438372698 0.305787728063758 0.128560140718456 -0.0213584857028696 -0.0210513271012014 -0.0365830045498901 -0.0672135430929621 -0.00449323354880815 0.291306392658339 0.47146190607409 0.338588511663758 0.315961405547268 0.263257876145034 0.144810162123764 0.0515554961000299 -0.00504165747294283 -0.0276180688304748 -0.042184751615702 -0.0568904476981126 -0.0667370090968882 -0.0716326418966793 -0.0728941854908514 -0.0723341259797468 -0.0708139705459019 -0.0690737113469952 -0.0598969284267732 -0.0475827738301724 -0.0301238433276638 0.000348058072905 0.0411795834228441 0.077465554906028 0.10116475630405 0.113711997614305 0.113063178869433 0.108279713002431 0.109981732161585 0.106248305723658 0.0961389406294818 0.0738885263108918 0.0512862716348966 0.0349636398076539
-9999 -9999 -9999 -9999 -9999 -9999 -9999 -9999 -9999 -9999 -9999 -9999 -9999 -9999 0.108100152167123 0.333115013637151 0.0631821552540264 -0.0292264686769022 0.0198996377277988 0.0311581586559969 -0.00121862428799413 -0.0178902485512845 -0.0737905256660035 0.174341623182875 0.261876781619178 0.293408900780959 0.338931555383164 0.230408782689617 0.0916174752741581 0.00852226728086342 -0.0372944030384427 -0.0470535577055836 -0.0655854288888261 -0.0756789538504167 -0.0814400244897395 -0.0849688563863324 -0.0880726765286245 -0.0874901938947145 -0.0867079237456885 -0.0807553344987266 -0.0727310978160255 -0.0635869590943318 -0.0398873027485767 -0.00987924024708464 0.0282324982725332 0.0799734035328956 0.137383138565208 0.114039856327345 0.109899432987075 0.116472831903689 0.109841131718634 0.11052185477706 0.0853184611279781 0.0626830248022123 0.0436093638442533
-9999 -9999 -9999 -9999 -9999 -9999 -9999 -9999 -9999 -9999 -9999 -9999 -9999 -9999 -9999 0.315205592089943 0.169930097273391 -0.0167261046873937 0.00760593678899518 0.0275160895141917 0.030631760495286 0.0218120658861701 0.00750123990342899 0.0218359016949038 0.0243510748119278 0.0170539388759974 0.07142461326566 0.162367094689293 0.171873325418533 0.0715986078473286 0.00259927731158699 -0.0474314866503903 -0.0685971912561408 -0.0767949615667788 -0.084608590739797 -0.0887972901530992 -0.0920801417256127 -0.0923918087920548 -0.0905682392936754 -0.0860301360200281 -0.080073672620687 -0.0732165867654825 -0.0591560453547261 -0.0409615028585106 -0.00890742803499622 0.0421185068138262 0.0815735850891096 0.0888724438490579 0.0879264727077197 0.0963216880438394 0.0980008408466984 0.0929546729440289 0.0810429795156359 0.0615193447014149 0.045091839966715
-9999 -9999 -9999 -9999 -9999 -9999 -9999 -9999 -9999 -9999 -9999 -9999 -9999 -9999 -9999 0.198551462373795 0.222154503009737 0.0279814566028582 -0.0371233389942014 0.00430439230268898 0.0398625602743192 0.056548155201236 0.0731668329066463 0.0998618502613496 0.101378405108159 0.0757956766054821 0.0645824280872821 0.0331901926548553 0.0538652974470663 0.0976918861579148 0.0626361945982531 -0.0452893097649829 -0.0458431879263511 -0.0713102507158561 -0.0807122339248795 -0.0854407304287258 -0.0880831825809031 -0.0857443989239195 -0.0802683261563871 -0.0766739380161894 -0.0733679835527741 -0.07447063960209 -0.0630693075055 -0.0571303358786796 -0.0331288043631996 0.00906794362622476 0.049203507630089 0.0666821437672403 0.064569970631401 0.0754235047272622 0.0844001853439441 0.0781601531122809 0.0797119936552871 0.064152120756494 0.0519565152149475
-9999 -9999 -9999 -9999 -9999 -9999 -9999 -9999 -9999 -9999 -9999 -9999 -9999 -9999 -9999 -9999 0.154479218296785 0.15028396104593 -0.0617695301690382 -0.0411893334212114 0.0344339290886053 0.0850572583572077 0.0909250203061272 0.106379170055525 0.111757790771383 0.108655753198413 0.108484475076369 0.0901286194041995 0.0704171385040295 0.0477576716300724 0.0158623703852799 0.109749349925973 0.0853206242706575 -0.0479780748052127 -0.074884666159878 -0.0807263635412767 -0.0788351759001641 -0.074884271481401 -0.0701417778391141 -0.0636389172503792 -0.0505005957136245 -0.040075373341909 -0.0519223834257105 -0.0639520305746242 -0.0512824799281921 -0.0166906809093209 0.0227986023431017 0.0483489941078482 0.062038750840357 0.0810188470321991 0.0950911841108648 0.100392632243929 0.0953812184107078 0.0827117789546187 0.070298622922884
-9999 -9999 -9999 -9999 -9999 -9999 -9999 -9999 -9999 -9999 -9999 -9999 -9999 -9999 -9999 -9999 0.0941854226369491 0.164263702626453 0.0559548322909498 -0.0875980328684116 -0.00115251514650128 0.0898199077121917 0.0910746133629594 0.114948716009188 0.120340555212857 0.119623011695349 0.1350734114564 0.123949589730569 0.130752322174984 0.109098687907925 0.0488160819379514 0.0330588728625858 0.196964625067024 0.0634238435395727 -0.0567717840984283 -0.079277205095636 -0.0752268684594416 -0.0719071167881014 -0.0641962712269355 -0.049875772832481 -0.0250589239768635 -0.00415912699840648 -0.030585289283335 -0.0689342530786025 -0.0668188270630106 -0.037451192915859 0.00504815319034085 0.0413064647991823 0.0706029668728544 0.101771073973652 0.121546849545359 0.131636467283891 0.120484585604753 0.103197769920539 0.0853536509170788
-9999 -9999 -9999 -9999 -9999 -9999 -9999 -9999 -9999 -9999 -9999 -9999 -9999 -9999 -9999 -9999 0.0898427653838866 0.0895568086881333 0.183063299405256 0.0175021503008673 -0.0937798614648675 0.00224025222947988 0.0536620434605999 0.0850935469983468 0.104032998983951 0.106864036181041 0.109523890352 0.108335843255366 0.110969342426824 0.0881298904996064 0.0535701336597275 0.0183470353128503 0.062407529610204 0.351043441370405 0.132740004521252 -0.023988989861944 -0.0775471967947395 -0.0787219126155532 -0.064551840325767 -0.0416888099877951 -0.00564700914290395 0.0224626415514164 -0.0201240410736223 -0.0734719252516035 -0.0738043779967642 -0.0510144880693143 -0.0140720425062397 0.0263336329064259 0.0743551518993428 0.114340644418027 0.134363269327798 0.147920650348274 0.119534416215373 0.0941564593491169 0.0734042145753869
-9999 -9999 -9999 -9999 -9999 -9999 -9999 -9999 -9999 -9999 -9999 -9999 -9999 -9999 -9999 -9999 -9999 0.115375678297531 0.0473213004924858 0.165658729588551 0.0485688756777304 -0.04439840893513 -0.011596391560484 0.0430958325045266 0.068059695245417 0.0751729369576697 0.0854776907118573 0.090777949386277 0.096849925684539 0.0806871844752379 0.054728301896861 0.0493609170936713 0.0125250689315765 0.236224529843741 0.44794332733932 0.237724650067996 -0.00208976068665201 -0.0673227037483647 -0.0806194207372701 -0.0605693107670393 -0.0289040658427738 0.012676936161743 -0.0423795112988703 -0.0801541489304899 -0.0741488034319931 -0.0563647330689325 -0.0305227492790937 0.00581369145511457 0.0577419170156608 0.097696942888209 0.112553631020366 0.124551482456441 0.0854245588328197 0.0542746524568209 0.0408619263439987
-9999 -9999 -9999 -9999 -9999 -9999 -9999 -9999 -9999 -9999 -9999 -9999 -9999 -9999 -9999 -9999 -9999 -9999 0.110102505638848 0.051824854039807 0.113703968624616 0.174205555091096 -0.0432725899604119 -0.0603674715698167 0.00266303453639177 0.0294882842473254 0.050227811518247 0.0679223724691704 0.081808877186033 0.0811041800163387 0.0679158786326317 0.0623545975410902 0.0442850246314451 0.0111510040327261 0.129465893224664 0.426508305847854 0.307707001571559 0.0605200592927082 -0.0489438668307619 -0.0792942876380512 -0.0749412060652008 -0.0719433147112493 -0.0702097333437267 -0.0699549457185195 -0.0646953977507579 -0.0573550300339881 -0.0412267164510758 -0.0136312807920685 0.0171548010179558 0.0480057687096495 0.0712161295983526 0.0750775992898428 0.0463778577514389 0.0169200254083297 0.0121902458267472
-9999 -9999 -9999 -9999 -9999 -9999 -9999 -9999 -9999 -9999 -9999 -9999 -9999 -9999 -9999 -9999 -9999 -9999 -9999 -9999 0.0549868868400711 0.0420337511414799 0.0841185695643746 -0.00827739969718277 -0.0457926361950527 -0.0117968670214837 0.0240861873761622 0.050066506831058 0.0698301964664486 0.0749080246038554 0.0746908956874869 0.0664270489136198 0.0481000334050982 0.0419273550060125 0.0251365856790195 0.0981261214178216 0.453658504533264 0.354902047545073 0.138770797742022 -0.00157120274413991 -0.0336562285538079 -0.033737624666734 -0.0498014980889527 -0.0550159504481642 -0.0559452882130638 -0.0537189255971001 -0.0436584047020571 -0.0252944204158634 -0.00710794831187656 0.0177329541796281 0.0439163829443658 0.0604784908301814 0.0353021656923397 0.00668849618960554 -0.000394089026143907
-9999 -9999 -9999 -9999 -9999 -9999 -9999 -9999 -9999 -9999 -9999 -9999 -9999 -9999 -9999 -9999 -9999 -9999 -9999 -9999 -9999 -9999 0.0861119315205013 0.0867340688353804 0.0676787454480392 -0.0104570012990118 0.00246332377671338 0.0273107091703489 0.0493860586822353 0.059197946068749 0.0648454986047909 0.0644714171732053 0.0502282428728499 0.0502611668326102 0.0509944988389572 0.0121489445338802 0.0398017603154425 0.278423929553069 0.401346911482641 0.190150190266155 0.0766903869774899 -0.0148000424858422 -0.0392476312774948 -0.0459498273633977 -0.0517493408471448 -0.0463925935733144 -0.0395694942375389 -0.026603971008351 -0.0182381511782234 -0.00465802988574981 0.0242058209677886 0.0368197873672602 0.0214463529282709 -0.00704600270017497 -0.0194661882686987
-9999 -9999 -9999 -9999 -9999 -9999 -9999 -9999 -9999 -9999 -9999 -9999 -9999 -9999 -9999 -9999 -9999 -9999 -9999 -9999 -9999 -9999 -9999 -9999 0.109001681090401 0.0981460395060118 0.00232736621686536 -0.0215506721343333 0.00948571435100182 0.0347044863656781 0.0450524483669095 0.0523182279046525 0.0553927284248219 0.0573735521360499 0.0527745235170007 0.0439171289634812 0.0243947464887165 0.0107584704609349 0.2948715838731 0.467556062570566 0.316164103598144 0.0791783386741367 -0.0103343554236587 -0.040399848263358 -0.0453642523299423 -0.037639081898746 -0.0254036375064676 -0.0143590431180753 -0.0109857800433144 -0.00338816053347912 0.014722083489994 0.0213755527973329 0.00126209676871836 -0.0282374569618413 -0.0419425792842862
-9999 -9999 -9999 -9999 -9999 -9999 -9999 -9999 -9999 -9999 -9999 -9999 -9999 -9999 -9999 -9999 -9999 -9999 -9999 -9999 -9999 -9999 -9999 -9999 -9999 -9999 0.0701469104307139 0.0382727695733047 -0.0501367199768714 -0.0137436499889211 0.0138973027664915 0.0315187091177351 0.0436049816940174 0.0618653870352761 0.063450918113746 0.055718700214525 0.0687208795556065 0.021633692148861 -0.0133948088192705 0.19480338653372 0.585453172528434 0.329817729094316 0.0656029424743473 -0.0319426411123115 -0.047379499643963 -0.0293426551226597 -0.00381482383453313 0.00139686894267133 0.0079579913852959 0.00877640593203644 0.0115888113244722 0.0136254273797451 -0.0157112412100228 -0.0509267778112168 -0.0613137101158848
-9999 -9999 -9999 -9999 -9999 -9999 -9999 -9999 -9999 -9999 -9999 -9999 -9999 -9999 -9999 -9999 -9999 -9999 -9999 -9999 -9999 -9999 -9999 -9999 -9999 -9999 0.0866855826403563 0.0621484086534723 0.0541815635241235 -0.0278412398331144 -0.0257699379370248 0.00237155318940779 0.0267206599105578 0.0418124329552592 0.0471538043053064 0.0501860702000415 0.0509066639664222 0.018233229493503 -0.0266897726993911 -0.00882791744384792 0.527914844023862 0.69510654569874 0.225854828544619 -0.0041961433566563 -0.0412292133925776 -0.0301071141459127 -0.00195777507001493 0.000987184135891328 0.00168556852932045 -0.00125295813915693 -0.00194559015204177 -0.00636281185912169 -0.0342087049780148 -0.0614565195494629 -0.0677483644138458
-9999 -9999 -9999 -9999 -9999 -9999 -9999 -9999 -9999 -9999 -9999 -9999 -9999 -9999 -9999 -9999 -9999 -9999 -9999 -9999 -9999 -9999 -9999 -9999 -9999 -9999 -9999 -9999 0.0532861699528599 0.101676582332437 0.0114831072484938 0.0312258118822848 0.0324050829182407 0.0353067145400904 0.0301663216620517 0.019028994594045 -0.000503829378093346 -0.0222819560866978 -0.0500433025861879 -0.105176790562193 0.337794474421612 0.943204462397989 0.470564619016211 0.0608600229646628 -0.00942449387917044 -0.0245848630403959 -0.0122438086196104 -0.0110853078671651 -0.0183719316442192 -0.0257956445607396 -0.026321712200459 -0.027047149772638 -0.0460021765540266 -0.066405676029214 -0.0690728819174448
-9999 -9999 -9999 -9999 -9999 -9999 -9999 -9999 -9999 -9999 -9999 -9999 -9999 -9999 -9999 -9999 -9999 -9999 -9999 -9999 -9999 -9999 -9999 -9999 -9999 -9999 -9999 -9999 0.0498691903925461 0.103303180826543 0.105118449057047 0.0123486454602648 0.0157188633474476 0.0295214676413472 0.0326244969902817 0.0123612479073499 -0.0187755951920368 -0.0473116585019658 -0.0747857893490999 -0.140268775456568 0.152459012303743 0.895085141931031 0.684918564595443 0.111857348042549 -0.0403975006982656 -0.0347961896823752 -0.00852830013388295 -0.0134553742481131 -0.0286701889434487 -0.0425901188872005 -0.0501848727693325 -0.0516294552307326 -0.049985668560091 -0.0495762446225836 -0.0488015071769476
-9999 -9999 -9999 -9999 -9999 -9999 -9999 -9999 -9999 -9999 -9999 -9999 -9999 -9999 -9999 -9999 -9999 -9999 -9999 -9999 -9999 -9999 -9999 -9999 -9999 -9999 -9999 -9999 -9999 0.0864140578496042 0.176189223956821 0.0500895541143111 -0.00785169901137661 0.0301104644244501 0.0453409270695015 0.0157452482360393 -0.0269707004535623 -0.0590955569020528 -0.0778998389556587 -0.13724986587151 0.0501005219521752 0.805385792272698 0.83918669184763 0.191799894420619 -0.0546222045355456 -0.0593255180085303 0.00690584459250776 -0.00786842654656872 -0.0207554742293364 -0.0360094634714792 -0.0607679301302051 -0.0694085805101993 -0.0534526148748604 -0.0220200190323077 -0.0127113423532483
-9999 -9999 -9999 -9999 -9999 -9999 -9999 -9999 -9999 -9999 -9999 -9999 -9999 -9999 -9999 -9999 -9999 -9999 -9999 -9999 -9999 -9999 -9999 -9999 -9999 -9999 -9999 -9999 -9999 0.0816400687153203 0.187544416906986 0.102167274184246 0.000692714589005994 0.0497711409186016 0.0662255037295286 0.031060823161665 -0.0219111115067426 -0.0544692855885366 -0.0718020938336822 -0.12101007817155 0.0193353758108405 0.724112706797521 0.932625622809707 0.301655079291993 -0.0255840639874206 -0.0774339796014574 -0.06850632272333 -0.037547596207628 -0.00673941777971043 -0.0107041908705375 -0.0562690866809513 -0.0727628551383402 -0.0605038133064255 -0.0234731389400367 -0.00824062333452724
-9999 -9999 -9999 -9999 -9999 -9999 -9999 -9999 -9999 -9999 -9999 -9999 -9999 -9999 -9999 -9999 -9999 -9999 -9999 -9999 -9999 -9999 -9999 -9999 -9999 -9999 -9999 -9999 -9999 0.0829040213894493 0.189615717926148 0.138143331135456 0.0125656795805952 0.0763728793088184 0.0897781789297949 0.0426125865249022 -0.0137033847692954 -0.0437289236969756 -0.0499702618439768 -0.0952962068642368 0.0121834437387073 0.663853258084488 0.948083409678896 0.324413535173513 -0.0253529394545911 -0.0824322097771545 -0.094410320247718 -0.0801284555703139 -0.0100053014719108 0.010374970770431 -0.05328705307339 -0.0840996485028171 -0.060593882459543 -0.022338906078207 -0.0122960581219369
-9999 -9999 -9999 -9999 -9999 -9999 -9999 -9999 -9999 -9999 -9999 -9999 -9999 -9999 -9999 -9999 -9999 -9999 -9999 -9999 -9999 -9999 -9999 -9999 -9999 -9999 -9999 -9999 -9999 0.0752178765516976 0.189027295117277 0.118668638570592 0.0191728586680933 0.0733517771349317 0.0857163226439719 0.0502028433995982 0.00387570276437044 -0.0224845659678418 -0.0331921412129065 -0.0850918767321046 0.0357466643817581 0.691319262111768 0.893486665836501 0.288770075504535 -0.0410678277938447 -0.0950347539350982 -0.10303125760115 -0.0994929862030268 -0.0811207885076753 -0.0600066798668535 -0.0507727338785227 -0.048414338104848 -0.0429045421392213 -0.0365979706869911 -0.0324534188165455
-9999 -9999 -9999 -9999 -9999 -9999 -9999 -9999 -9999 -9999 -9999 -9999 -9999 -9999 -9999 -9999 -9999 -9999 -9999 -9999 -9999 -9999 -9999 -9999 -9999 -9999 -9999 -9999 -9999 0.070852254920959 0.181278392023225 0.084191496790907 0.022402077180356 0.0709804059491175 0.0807812438941558 0.050225062980268 0.0220252503745744 -0.00666244551086481 -0.0203146427404045 -0.0758376244326551 0.0661087696581774 0.719604639040297 0.809304462972945 0.183580075482622 -0.0824547873096255 -0.111797762067047 -0.116088975935616 -0.106502089771139 -0.0936635780091134 -0.0847724677876712 -0.0502355921593871 0.0187902381309499 -0.0276220534153776 -0.0455979117967888 -0.0292920862925853
