meets/meet006/_saidas_enm/CCSM_Gower_0k_T_nigriceps4.asc
NCOLS 154 
NROWS 168 
XLLCORNER -112 
YLLCORNER -55.5 
CELLSIZE 0.5 
NODATA_value -9999 
[rows 75 to 99 of 168, columns 56 to 111 of 154]
-9999 -9999 -9999 -9999 -9999 -9999 -9999 -9999 -9999 -9999 -9999 0.520705871630271 0.751111556009128 0.750277909746293 0.748952502613526 0.748516133371461 0.747725458202991 0.74476406106237 0.639886989697209 0.603155525936398 0.584267263073593 0.564320246691522 0.552168355717584 0.544320035662859 0.546949206681418 0.547755850898354 0.543711760288077 0.538865310562302 0.534544256078628 0.531563184168851 0.527865873231001 0.522208285157514 0.517411672195979 0.515923831643865 0.517828806973754 0.520381055195777 0.52268570816645 0.524851147597739 0.529573433896497 0.535745756715826 0.541441179099566 0.546485893152826 0.550265457135341 0.555244218713894 0.560535275834494 0.564560019544448 0.566440151458583 0.566841093368301 0.567021027257061 0.56587543426541 0.566816699086742 0.570912436410976 0.576531252596618 0.582346057027261 0.58724576315226 0.591632355371998
-9999 -9999 -9999 -9999 -9999 -9999 -9999 -9999 -9999 -9999 -9999 0.499388428154201 0.751165257336929 0.750931136422765 0.750707515314997 0.750757587605109 0.750872440269014 0.750918060467882 0.735550278501084 0.674994905853596 0.597154845420205 0.578241979777708 0.564455770477958 0.548155619508069 0.549794514035896 0.544276871104477 0.54254307725701 0.537755887348675 0.53211784351833 0.528792813832194 0.525112016212079 0.518543791825796 0.515625800162942 0.515150950711535 0.518240176711751 0.524888668363985 0.52416615845576 0.527371832389662 0.532709605575377 0.539630775999571 0.551008974492076 0.550841751021346 0.555695304424593 0.561232389342108 0.56483523707998 0.573569536617656 0.573258248905119 0.571878929506398 0.572570413564422 0.572236608053523 0.573335810210587 0.576808867860679 0.580155054396854 0.582290805022021 0.583494777490907 0.5832437457388
-9999 -9999 -9999 -9999 -9999 -9999 -9999 -9999 -9999 -9999 -9999 -9999 0.692747708657482 0.750919179646525 0.750900176835094 0.75102304745673 0.751309140796989 0.751390080848036 0.75142432426294 0.750836400587711 0.688967179418422 0.626685398538223 0.579117984683418 0.548581934843762 0.551797119612562 0.553970190872327 0.548114127184394 0.537443388487748 0.528534662599254 0.523027157590747 0.518814798363048 0.51235450974177 0.509130609485409 0.509067317287516 0.512883594604016 0.519005851178358 0.520127293578943 0.522970928698714 0.528020450426758 0.534401489040492 0.542545481094402 0.543229843148366 0.546101592714153 0.552374145101252 0.56020814226385 0.56977143037825 0.573533570689717 0.57551711767781 0.577840308124525 0.578712560063841 0.579402480385868 0.581414904365378 0.582709782020242 0.583327978984524 0.582708635280511 0.581320350462072
-9999 -9999 -9999 -9999 -9999 -9999 -9999 -9999 -9999 -9999 -9999 -9999 0.517440371131256 0.674900840665108 0.750907413512907 0.751028616522344 0.751372663660649 0.750594995200672 0.750670403282385 0.751418507243639 0.750813087027241 0.719942416099849 0.614168192540637 0.551947725250889 0.569083803535686 0.574144365970278 0.55424509566066 0.536949870219754 0.522627807039709 0.515370630453304 0.509910125040813 0.503224910758499 0.498880519490485 0.498656907234885 0.502751503131442 0.507818112543096 0.510747351285809 0.513136236838198 0.517671370299144 0.522593630742879 0.525688937186099 0.528091938460495 0.526990876420404 0.535035997597245 0.549231388998212 0.561106977715121 0.573372922878257 0.579224214482171 0.584370469649417 0.586712529177167 0.586072439908922 0.587131506175388 0.58675579253976 0.585283587222797 0.58459992184476 0.582678611549362
-9999 -9999 -9999 -9999 -9999 -9999 -9999 -9999 -9999 -9999 -9999 -9999 -9999 0.543767877487413 0.730938548008932 0.751380453288087 0.718783673781677 0.695420760774283 0.720142962751482 0.750874080032121 0.751320347529454 0.751294087234036 0.708207452335162 0.608271131878096 0.587404221733324 0.577455524820113 0.55679825954805 0.530607711062965 0.51181636809247 0.50579939683362 0.500481384755665 0.493976464120992 0.48991618077546 0.489171017744289 0.492327772438538 0.497629536668674 0.500202661264266 0.503071084952829 0.507492805389537 0.512551758138861 0.515631171048287 0.514306563286078 0.513142239592408 0.523282486927619 0.541984341835432 0.561062984609063 0.576857030929397 0.587362000861396 0.594876377823014 0.597198838526263 0.596511837178099 0.594905776059764 0.592229494024849 0.589269654529084 0.586691992111068 0.582710303265574
-9999 -9999 -9999 -9999 -9999 -9999 -9999 -9999 -9999 -9999 -9999 -9999 -9999 0.413596262521189 0.664228510059001 0.73517146169611 0.665332592015743 0.57416548304631 0.556123983226065 0.63433931121532 0.695635074278754 0.749523244474576 0.750524391302286 0.691125371082765 0.645265233432947 0.594620967610115 0.564034812747474 0.528972997121906 0.496147656772738 0.491660525292463 0.490545948058109 0.474500138382983 0.478327198107389 0.477428487887799 0.480141024162402 0.486427808472696 0.486664934594545 0.490862890452494 0.496257562513097 0.502842721728627 0.509363453161847 0.507816322247981 0.503484630375484 0.515817045805824 0.539865515946609 0.565418927603253 0.580907628407841 0.595975996976343 0.605449005399163 0.605957428096432 0.607958905923961 0.602759066736539 0.597976223815074 0.593104664938027 0.588329119451217 0.583854019774029
-9999 -9999 -9999 -9999 -9999 -9999 -9999 -9999 -9999 -9999 -9999 -9999 -9999 -9999 0.544217644998008 0.713667307161032 0.700894235169049 0.566306979916211 0.505578945681959 0.533748463160303 0.627921774804206 0.702847606007506 0.654933292532113 0.65512841584738 0.715167241393192 0.694369868962644 0.632748020928094 0.552202427499745 0.49693600082966 0.485065969716806 0.4588576482931 0.4612804931449 0.457573776550828 0.45651439713876 0.464747581905129 0.467588399511276 0.4674695381785 0.468882326308413 0.475998341557909 0.488078189388431 0.500190731054218 0.503452957251461 0.506867887082894 0.520559043677436 0.539769362450939 0.561585480930307 0.579415303021046 0.593706390549804 0.604027465128515 0.607821505654328 0.608862328334157 0.606765045614525 0.602670142282823 0.596984398196495 0.589758999647185 0.582470634661716
-9999 -9999 -9999 -9999 -9999 -9999 -9999 -9999 -9999 -9999 -9999 -9999 -9999 -9999 0.409185578279916 0.592286122319043 0.734998644204925 0.606728982077587 0.498844546225271 0.493149548374274 0.536966966269851 0.612917727909727 0.465019698956326 0.428757860397228 0.517507392274733 0.572207317420281 0.672526667023989 0.670988909711433 0.580891886798801 0.561913135746283 0.461658457365151 0.466150632508225 0.452920826372593 0.441370002714097 0.450006765629954 0.449553758947603 0.445994481210661 0.443626145340499 0.451585091715754 0.468000127547338 0.489898232671847 0.495985384800663 0.507632764342945 0.523705666823236 0.539122939221896 0.557844294681204 0.575100746906251 0.58831567132164 0.599085538131587 0.604643160115201 0.608325862638003 0.607531797498554 0.605994645013169 0.602101672123257 0.593407404227112 0.582415486905543
-9999 -9999 -9999 -9999 -9999 -9999 -9999 -9999 -9999 -9999 -9999 -9999 -9999 -9999 -9999 0.466785345770876 0.694106971074183 0.682660302926581 0.540432205239956 0.473819366912551 0.444070772655528 0.446573528732836 0.464267223554565 0.445582123100735 0.433175409734995 0.425370398415711 0.464843317326936 0.503539539593198 0.603812078756449 0.69508333337716 0.647909481124143 0.56187581458048 0.483656304543642 0.434592684049536 0.434338238240103 0.432964929430873 0.432481228370511 0.430201271140481 0.432989061562549 0.439793475953905 0.452856791549504 0.474934093382432 0.500237396123611 0.523307779477567 0.539439096096246 0.55497973883221 0.570931930986409 0.584116935919715 0.594445933427479 0.599337508125292 0.602629380897826 0.604019125203196 0.605901237849594 0.603682296469368 0.598094650754606 0.596570633651599
-9999 -9999 -9999 -9999 -9999 -9999 -9999 -9999 -9999 -9999 -9999 -9999 -9999 -9999 -9999 0.339862216970071 0.641559125439284 0.75103056069 0.604722083298601 0.492445297623644 0.382681593265225 0.329084710946121 0.240265116967649 0.255615944314763 0.346472493953909 0.374371133338477 0.372685543637139 0.293359561845304 0.387070859253398 0.589175552750362 0.692499213085272 0.688888441625718 0.544916918938698 0.457731058777458 0.442739395344064 0.431213550558707 0.42476042803154 0.419600703088095 0.414259987157075 0.408560252846023 0.414371333659372 0.448785764441261 0.489798673485336 0.522597288756301 0.539300405130209 0.553148291232125 0.569875158199407 0.581463797177561 0.591786018496004 0.596191896793043 0.596427708181442 0.597373768459832 0.599620335842678 0.596272481321439 0.592066135737661 0.597566941980037
-9999 -9999 -9999 -9999 -9999 -9999 -9999 -9999 -9999 -9999 -9999 -9999 -9999 -9999 -9999 0.265039283803824 0.539627737073149 0.727874796182342 0.731916628882503 0.597875838604113 0.438464973725454 0.333686830175945 0.232738418878583 0.194358618446549 0.232770872891194 0.262199795785514 0.334981683096556 0.397767615450328 0.471504434977275 0.527803833533699 0.596885944070249 0.666726948139174 0.666326688935958 0.539946723844582 0.489332550676804 0.455582664002138 0.438184984703509 0.418147906424087 0.401829928332622 0.388662040166424 0.385646370448304 0.431796108684796 0.485464100885769 0.521519219943436 0.541855997821647 0.554552004912404 0.564725567062033 0.576143133322078 0.583467776982686 0.586507992508715 0.591933009679754 0.581475473073008 0.574891102033541 0.56882088739 0.561093738083677 0.560403609263518
-9999 -9999 -9999 -9999 -9999 -9999 -9999 -9999 -9999 -9999 -9999 -9999 -9999 -9999 -9999 -9999 0.39292806971004 0.626512136887107 0.68328247234463 0.737831107704835 0.573060078069791 0.461446860046867 0.327023080710021 0.251286436144806 0.246362131788562 0.224346708234061 0.251620674106729 0.252507768091882 0.37434851946697 0.48925285114731 0.512569932858302 0.576717350897638 0.692367163845062 0.651639957607683 0.571985055056085 0.50662051042258 0.468777859580497 0.437689429262675 0.418480993346834 0.404350148452591 0.389298366375372 0.444167636505665 0.495564660136563 0.525424410558337 0.540268210967061 0.547917953150294 0.548726374116606 0.555468249957779 0.557857221565449 0.557196803729239 0.564619545761413 0.545540348940515 0.533482073495482 0.526795956562334 0.519409068772156 0.521920974331866
-9999 -9999 -9999 -9999 -9999 -9999 -9999 -9999 -9999 -9999 -9999 -9999 -9999 -9999 -9999 -9999 -9999 0.409341220697752 0.580384245963677 0.636575710407999 0.670722018065312 0.666991133840566 0.525213264764672 0.408353841819196 0.344411181245857 0.291905166536953 0.254877612220274 0.244111545903006 0.317485226114211 0.458161847161711 0.44616729397628 0.522159282246101 0.602834650242058 0.685104244636808 0.691002515616328 0.591707310450804 0.531001417821866 0.491076789616727 0.461969105639147 0.462545842417682 0.477105032649186 0.490592929858742 0.51271804496161 0.525994642593528 0.528205963964599 0.524893580553437 0.523162295058031 0.516116130401521 0.510551893183833 0.50677637140907 0.49467580669941 0.489166900238166 0.477615723593659 0.475675944746124 0.482287920008787 0.492742795940313
-9999 -9999 -9999 -9999 -9999 -9999 -9999 -9999 -9999 -9999 -9999 -9999 -9999 -9999 -9999 -9999 -9999 -9999 -9999 0.534534736709019 0.522323754126895 0.633926231091616 0.701144008460301 0.590804051054275 0.476988402678037 0.37963729310141 0.300159599221893 0.25066230830505 0.286503908591376 0.370790908752283 0.476955259973343 0.498062238862788 0.556709071597432 0.604161992082456 0.694854941356144 0.700603190898807 0.608963762675852 0.550030403644296 0.512479093219484 0.509993005173494 0.528206591052614 0.518931332219213 0.520594265120958 0.52236432555864 0.513975148066832 0.507977027562429 0.50502426093422 0.491694943420567 0.480842761149315 0.470309614885868 0.450383248052646 0.448951725767879 0.441371907882387 0.444651337566026 0.458802821783413 0.472728014344991
-9999 -9999 -9999 -9999 -9999 -9999 -9999 -9999 -9999 -9999 -9999 -9999 -9999 -9999 -9999 -9999 -9999 -9999 -9999 -9999 -9999 0.522242700614382 0.611065221390463 0.694829640258975 0.640447826501085 0.474405100319124 0.385699644443708 0.300926588222748 0.269694489693371 0.318425691272163 0.379338446286546 0.508636026349722 0.516883586028357 0.572335672994036 0.646723986733447 0.708228953789831 0.730492249252407 0.632904761457982 0.560622740801278 0.548126982488707 0.523443439518197 0.515454247766326 0.516094225614231 0.505820775063523 0.504917944814585 0.500486874763829 0.49793370423637 0.494707796554673 0.481173026043193 0.461333837857027 0.443493630301643 0.437087819453683 0.437090571363436 0.441867886693952 0.448251470578525 0.464992184345062
-9999 -9999 -9999 -9999 -9999 -9999 -9999 -9999 -9999 -9999 -9999 -9999 -9999 -9999 -9999 -9999 -9999 -9999 -9999 -9999 -9999 -9999 -9999 0.48337192221997 0.644707665423227 0.676694536285964 0.556296723929238 0.416805829871568 0.335189743350255 0.317739989451692 0.325476295743693 0.397771981460993 0.48943740734271 0.580024054355514 0.62231436285127 0.661422912997663 0.719536315174887 0.751073998229765 0.679216739794223 0.616540766633357 0.561441512969485 0.528290307302649 0.509339863390919 0.496427330457857 0.493499044564892 0.495342737114245 0.496185981252806 0.493560490425496 0.481521113676201 0.460613472557942 0.442322375173863 0.436939639697774 0.437309877402182 0.439355604775193 0.442534378067496 0.452795826164215
-9999 -9999 -9999 -9999 -9999 -9999 -9999 -9999 -9999 -9999 -9999 -9999 -9999 -9999 -9999 -9999 -9999 -9999 -9999 -9999 -9999 -9999 -9999 -9999 -9999 0.606526526832482 0.67185941679652 0.599170142889111 0.459378826328458 0.388318853932759 0.34894918627058 0.335728323841644 0.33932186814714 0.414684848351092 0.552541776803358 0.642065249925306 0.690640968472633 0.740430030419497 0.750757768409152 0.735936171759251 0.634913805642916 0.561570156317533 0.515738378132238 0.482411656346635 0.484443487252682 0.491345483285518 0.492209631685934 0.488428916448441 0.476828254033684 0.457811710901745 0.440035538169451 0.435224353180441 0.436789025560161 0.436426831899645 0.433355912301107 0.436459748973994
-9999 -9999 -9999 -9999 -9999 -9999 -9999 -9999 -9999 -9999 -9999 -9999 -9999 -9999 -9999 -9999 -9999 -9999 -9999 -9999 -9999 -9999 -9999 -9999 -9999 0.433694527820488 0.608179609105207 0.65594632549966 0.636934497901412 0.513324195680656 0.411527958033456 0.341541600890661 0.298150665411488 0.329030149043142 0.423488207649664 0.527609574776216 0.664615620056972 0.729974045374435 0.749424227083643 0.751209512553976 0.732297132596734 0.61235498480875 0.528776300514459 0.475830580905683 0.475013792922574 0.489928744447989 0.49273857285711 0.489725297414684 0.478354187991501 0.45916205184881 0.442073009813204 0.435556910889775 0.434857925812614 0.433057647620999 0.430103366658898 0.431064206533287
-9999 -9999 -9999 -9999 -9999 -9999 -9999 -9999 -9999 -9999 -9999 -9999 -9999 -9999 -9999 -9999 -9999 -9999 -9999 -9999 -9999 -9999 -9999 -9999 -9999 -9999 -9999 0.566311867116908 0.635928262552525 0.649467778839448 0.493780952898472 0.390751806760765 0.341101983307683 0.327212433269536 0.367844089699319 0.440209049452507 0.561548218529105 0.664512249936275 0.749405413033139 0.75137444654013 0.744612521059891 0.669987487866682 0.54136561499373 0.464273300843536 0.4715131520319 0.491021995112168 0.48908824531351 0.493264452292965 0.482871761261603 0.459381252044873 0.443457961317542 0.434264995103611 0.432114060103905 0.431036052379664 0.429298538898945 0.434169736689098
-9999 -9999 -9999 -9999 -9999 -9999 -9999 -9999 -9999 -9999 -9999 -9999 -9999 -9999 -9999 -9999 -9999 -9999 -9999 -9999 -9999 -9999 -9999 -9999 -9999 -9999 -9999 0.478040310408953 0.570670326912241 0.659097103454339 0.598844208182733 0.456828441043893 0.370821550208951 0.338199009586067 0.367014547672934 0.433877989999269 0.517854580032218 0.612039325275488 0.73446731934459 0.751413773919582 0.748073780284361 0.720149690465516 0.577647343102453 0.48371014885448 0.467578767827142 0.478733210638581 0.476409222852509 0.476738076067945 0.467484567839457 0.451080010433468 0.43708125720735 0.427103785028562 0.423730896256018 0.425967457986104 0.432575534200879 0.444581587238066
-9999 -9999 -9999 -9999 -9999 -9999 -9999 -9999 -9999 -9999 -9999 -9999 -9999 -9999 -9999 -9999 -9999 -9999 -9999 -9999 -9999 -9999 -9999 -9999 -9999 -9999 -9999 -9999 0.514420082098611 0.635891005256034 0.681222410426245 0.513946047902732 0.383658521227399 0.329511309879116 0.372773606807691 0.449895454253616 0.514755109369997 0.587282986709065 0.702238234386437 0.751370855620213 0.74942378526157 0.729928441250622 0.61343916447613 0.504411069253144 0.473688536691331 0.459490905064246 0.456426971082773 0.451761637310651 0.443932665749866 0.437078822825646 0.425925120912987 0.420471894210159 0.414055604936603 0.4209920051534 0.438457952982431 0.458337325664492
-9999 -9999 -9999 -9999 -9999 -9999 -9999 -9999 -9999 -9999 -9999 -9999 -9999 -9999 -9999 -9999 -9999 -9999 -9999 -9999 -9999 -9999 -9999 -9999 -9999 -9999 -9999 -9999 0.482004166901845 0.604959075120185 0.682570449747683 0.54197238094827 0.393571614594378 0.33241343685927 0.372109920265241 0.458285550797225 0.51872608868233 0.589588819686209 0.69794421234971 0.751194813233617 0.750756705950184 0.736207565365258 0.639828895610095 0.52612873491412 0.483157663994447 0.467126607886253 0.444035756522905 0.429918353649377 0.422432524066204 0.427355478928243 0.428438461258574 0.422777994582839 0.415311322525251 0.426157445601716 0.450415530070898 0.481061008761233
-9999 -9999 -9999 -9999 -9999 -9999 -9999 -9999 -9999 -9999 -9999 -9999 -9999 -9999 -9999 -9999 -9999 -9999 -9999 -9999 -9999 -9999 -9999 -9999 -9999 -9999 -9999 -9999 0.44449778620375 0.596384851357335 0.680431255361785 0.548320262980406 0.378225880926374 0.310052516327465 0.361041606936925 0.459974535407884 0.523163771775939 0.592083291349166 0.697795212213409 0.751015983464789 0.750959167662339 0.739918388093922 0.647955178071632 0.533128709398895 0.493872576274198 0.476744638314278 0.445007498193622 0.417255652608147 0.409259872979281 0.425591822304874 0.441133126790008 0.430374747297578 0.421784766847515 0.438016588995186 0.470772994151133 0.506235491661359
-9999 -9999 -9999 -9999 -9999 -9999 -9999 -9999 -9999 -9999 -9999 -9999 -9999 -9999 -9999 -9999 -9999 -9999 -9999 -9999 -9999 -9999 -9999 -9999 -9999 -9999 -9999 -9999 0.446027910248873 0.60468298234566 0.679148933074878 0.530389152662668 0.367947947831809 0.299300857845392 0.337281062458879 0.427210668342801 0.509345675077174 0.60294948429655 0.713476716354414 0.750733086909911 0.751017903654269 0.739569644835365 0.643446103822877 0.532255802881682 0.495909686034249 0.483772439331724 0.456135056963632 0.435732927271258 0.426353677935613 0.431291768301291 0.438060725393911 0.440172921971715 0.444139376509359 0.465769281322124 0.499837892452607 0.537294455084128
-9999 -9999 -9999 -9999 -9999 -9999 -9999 -9999 -9999 -9999 -9999 -9999 -9999 -9999 -9999 -9999 -9999 -9999 -9999 -9999 -9999 -9999 -9999 -9999 -9999 -9999 -9999 -9999 0.436426656471489 0.617640546573924 0.677206764643621 0.500699677387243 0.344344870805088 0.281198716110768 0.323937819427965 0.394349055560159 0.506451486298229 0.61795259294943 0.731375363081243 0.750580679746168 0.750960766350725 0.73768600395453 0.625564182962357 0.519375519563341 0.498898150862857 0.489454808935532 0.469590308013611 0.45448920324621 0.446061585471551 0.443135246977708 0.442111430707057 0.457396172529103 0.470157624793378 0.496147023310258 0.53243650874474 0.569171789747803
