meets/meet006/_saidas_enm/CCSM_Maxent_0k_T_nigriceps5.asc
NCOLS 154 
NROWS 168 
XLLCORNER -112 
YLLCORNER -55.5 
CELLSIZE 0.5 
NODATA_value -9999 
[rows 100 to 124 of 168, columns 55 to 109 of 154]
-9999 -9999 -9999 -9999 -9999 -9999 -9999 -9999 -9999 -9999 -9999 -9999 -9999 -9999 -9999 -9999 -9999 -9999 -9999 -9999 -9999 -9999 -9999 -9999 -9999 -9999 -9999 -9999 -9999 0.00492646358907223 0.232391759753227 0.610267877578735 0.216577500104904 0.0642959251999855 0.0267855320125818 0.039601668715477 0.116670422255993 0.27435290813446 0.407871037721634 0.436449885368347 0.560444414615631 0.486536592245102 0.484171837568283 0.102344304323196 0.014167825691402 0.0095583600923419 0.010205858387053 0.0152255306020379 0.0185161288827658 0.0204950645565987 0.0229775682091713 0.0261816922575235 0.027075232937932 0.0311726834625006 0.0294641517102718
-9999 -9999 -9999 -9999 -9999 -9999 -9999 -9999 -9999 -9999 -9999 -9999 -9999 -9999 -9999 -9999 -9999 -9999 -9999 -9999 -9999 -9999 -9999 -9999 -9999 -9999 -9999 -9999 -9999 0.00438104197382927 0.200118362903595 0.545353174209595 0.180228531360626 0.0679696574807167 0.0332671105861664 0.0543997213244438 0.142267420887947 0.487391501665115 0.419051021337509 0.528842926025391 0.536137938499451 0.480227470397949 0.471699655056 0.0276340916752815 0.0108078708872199 0.00957955978810787 0.0105205476284027 0.0161210689693689 0.0191429369151592 0.0217131972312927 0.0259066615253687 0.0320410989224911 0.0345823541283607 0.0356151647865772 0.0361383594572544
-9999 -9999 -9999 -9999 -9999 -9999 -9999 -9999 -9999 -9999 -9999 -9999 -9999 -9999 -9999 -9999 -9999 -9999 -9999 -9999 -9999 -9999 -9999 -9999 -9999 -9999 -9999 -9999 0.00105211150366813 0.00354189937934279 0.0416105017066002 0.48255866765976 0.177174836397171 0.0861348807811737 0.0487932562828064 0.0753851905465126 0.187810093164444 0.510044932365417 0.498008638620377 0.619139611721039 0.528378129005432 0.474366337060928 0.463274836540222 0.0273927003145218 0.010204010643065 0.00911685917526484 0.0104360468685627 0.0122618656605482 0.0211505498737097 0.0251260511577129 0.028956001624465 0.0318230055272579 0.0364612564444542 0.0381944477558136 0.0380099341273308
-9999 -9999 -9999 -9999 -9999 -9999 -9999 -9999 -9999 -9999 -9999 -9999 -9999 -9999 -9999 -9999 -9999 -9999 -9999 -9999 -9999 -9999 -9999 -9999 -9999 -9999 -9999 -9999 0.00104007101617754 0.00263335346244276 0.0257345475256443 0.258709222078323 0.156724229454994 0.0951151177287102 0.0608615428209305 0.0985104888677597 0.228998959064484 0.523040473461151 0.419821888208389 0.579113602638245 0.50933974981308 0.466512113809586 0.44501855969429 0.0825021043419838 0.0102038728073239 0.00974148232489824 0.0112614622339606 0.0131385317072272 0.0206223037093878 0.0253012459725142 0.0293689239770174 0.0321523398160934 0.0339745581150055 0.034476425498724 0.0407305434346199
-9999 -9999 -9999 -9999 -9999 -9999 -9999 -9999 -9999 -9999 -9999 -9999 -9999 -9999 -9999 -9999 -9999 -9999 -9999 -9999 -9999 -9999 -9999 -9999 -9999 -9999 -9999 -9999 0.000945644569583237 0.00249576894566417 0.0152227394282818 0.154696121811867 0.111576788127422 0.0886282399296761 0.06380745023489 0.10916356742382 0.274294644594193 0.505163192749023 0.473343044519424 0.541008412837982 0.481181591749191 0.529312968254089 0.428963184356689 0.0801050290465355 0.0107935667037964 0.0104719260707498 0.0120863942429423 0.0142012853175402 0.0171466525644064 0.0272221565246582 0.0329074077308178 0.0364392995834351 0.0385679118335247 0.0392989926040173 0.0443626642227173
-9999 -9999 -9999 -9999 -9999 -9999 -9999 -9999 -9999 -9999 -9999 -9999 -9999 -9999 -9999 -9999 -9999 -9999 -9999 -9999 -9999 -9999 -9999 -9999 -9999 -9999 -9999 -9999 0.00148506497498602 0.00248716888017952 0.0120584890246391 0.0282518025487661 0.0444010682404041 0.069850355386734 0.0549947433173656 0.105433985590935 0.288760274648666 0.538613200187683 0.539280354976654 0.49370938539505 0.460911601781845 0.57314920425415 0.415342509746552 0.0613947845995426 0.0115172313526273 0.0114757856354117 0.0131820710375905 0.0153836803510785 0.0185811575502157 0.0298110898584127 0.0376087203621864 0.0409091226756573 0.0428025685250759 0.0439462400972843 0.0455670319497585
-9999 -9999 -9999 -9999 -9999 -9999 -9999 -9999 -9999 -9999 -9999 -9999 -9999 -9999 -9999 -9999 -9999 -9999 -9999 -9999 -9999 -9999 -9999 -9999 -9999 -9999 -9999 -9999 0.00127104227431118 0.00243369792588055 0.0214983988553286 0.0107359373942018 0.0224030055105686 0.0455754287540913 0.0431516505777836 0.0939141735434532 0.305260598659515 0.527003586292267 0.553655326366425 0.489776015281677 0.460084140300751 0.603629648685455 0.408838123083115 0.113483987748623 0.0445218421518803 0.0442697331309319 0.0144687434658408 0.0168079044669867 0.0205635465681553 0.0325224585831165 0.0411338955163956 0.045832734555006 0.0479048602283001 0.0383740477263927 0.129684165120125
-9999 -9999 -9999 -9999 -9999 -9999 -9999 -9999 -9999 -9999 -9999 -9999 -9999 -9999 -9999 -9999 -9999 -9999 -9999 -9999 -9999 -9999 -9999 -9999 -9999 -9999 -9999 -9999 0.00455046817660332 0.00797111541032791 0.0152630535885692 0.00529946107417345 0.00322725949808955 0.0332115925848484 0.0357694700360298 0.0850547328591347 0.333357632160187 0.453369081020355 0.51577889919281 0.492966830730438 0.456967949867249 0.597260892391205 0.403564482927322 0.172721371054649 0.0492237247526646 0.048957496881485 0.0550289116799831 0.0639881193637848 0.0756882503628731 0.114783048629761 0.141215309500694 0.12750980257988 0.134651333093643 0.137637451291084 0.14403073489666
-9999 -9999 -9999 -9999 -9999 -9999 -9999 -9999 -9999 -9999 -9999 -9999 -9999 -9999 -9999 -9999 -9999 -9999 -9999 -9999 -9999 -9999 -9999 -9999 -9999 -9999 -9999 -9999 0.00484766950830817 0.0075977835804224 0.0128654288128018 0.00285621080547571 0.00212253630161285 0.025348674505949 0.0350614003837109 0.0931546092033386 0.356826364994049 0.554666817188263 0.535556674003601 0.502962410449982 0.462109625339508 0.473254233598709 0.393464833498001 0.21262039244175 0.0962115079164505 0.0538836866617203 0.0591739229857922 0.069737397134304 0.0808853507041931 0.0968948155641556 0.120392523705959 0.140409663319588 0.146338671445847 0.150147691369057 0.259394258260727
-9999 -9999 -9999 -9999 -9999 -9999 -9999 -9999 -9999 -9999 -9999 -9999 -9999 -9999 -9999 -9999 -9999 -9999 -9999 -9999 -9999 -9999 -9999 -9999 -9999 -9999 -9999 -9999 0.00709203165024519 0.0142541276291013 0.0113245602697134 0.0029431798029691 0.00250567751936615 0.0388958230614662 0.054503221064806 0.141404509544373 0.511660873889923 0.533116400241852 0.557344555854797 0.518347263336182 0.55388081073761 0.469636887311935 0.359860569238663 0.21206733584404 0.184991672635078 0.104527249932289 0.116351023316383 0.131324619054794 0.151971504092216 0.143871620297432 0.210972845554352 0.244260385632515 0.2551289498806 0.359046787023544 0.371796846389771
-9999 -9999 -9999 -9999 -9999 -9999 -9999 -9999 -9999 -9999 -9999 -9999 -9999 -9999 -9999 -9999 -9999 -9999 -9999 -9999 -9999 -9999 -9999 -9999 -9999 -9999 -9999 0.00481919897720218 0.00843092054128647 0.0108596943318844 0.0090178744867444 0.00352995237335563 0.0044247810728848 0.0751257091760635 0.110150948166847 0.261573016643524 0.51490843296051 0.533230185508728 0.54919558763504 0.530574262142181 0.441309779882431 0.447855353355408 0.274604767560959 0.208772733807564 0.192697957158089 0.204636052250862 0.220230057835579 0.245949104428291 0.231228575110435 0.263676911592484 0.35748764872551 0.394356578588486 0.419890522956848 0.427449494600296 0.440706491470337
-9999 -9999 -9999 -9999 -9999 -9999 -9999 -9999 -9999 -9999 -9999 -9999 -9999 -9999 -9999 -9999 -9999 -9999 -9999 -9999 -9999 -9999 -9999 -9999 -9999 -9999 -9999 0.00612580915912986 0.007913320325315 0.00931251421570778 0.00678045069798827 0.00789716187864542 0.0104961069300771 0.166385680437088 0.284232139587402 0.426066875457764 0.501648485660553 0.536513984203339 0.536727011203766 0.573311507701874 0.520510613918304 0.44045814871788 0.25330263376236 0.214984685182571 0.207926794886589 0.221506908535957 0.235644981265068 0.259195476770401 0.241257831454277 0.27287957072258 0.307122975587845 0.402403175830841 0.433841526508331 0.442393094301224 0.455035120248795
-9999 -9999 -9999 -9999 -9999 -9999 -9999 -9999 -9999 -9999 -9999 -9999 -9999 -9999 -9999 -9999 -9999 -9999 -9999 -9999 -9999 -9999 -9999 -9999 -9999 -9999 -9999 0.00682495860382915 0.00712524214759469 0.00703258672729135 0.00603913003578782 0.00965410564094782 0.107658430933952 0.364115029573441 0.357150495052338 0.465332716703415 0.523243248462677 0.536002159118652 0.520474135875702 0.590677380561829 0.514644682407379 0.308002680540085 0.243489041924477 0.223705843091011 0.225691795349121 0.239172607660294 0.250113427639008 0.226379260420799 0.249043717980385 0.275469332933426 0.307880640029907 0.402870446443558 0.43294370174408 0.452234387397766 0.463401347398758
-9999 -9999 -9999 -9999 -9999 -9999 -9999 -9999 -9999 -9999 -9999 -9999 -9999 -9999 -9999 -9999 -9999 -9999 -9999 -9999 -9999 -9999 -9999 -9999 -9999 -9999 -9999 0.00658993190154433 0.00593965640291572 0.00593465054407716 0.00859558768570423 0.0192404333502054 0.199117943644524 0.423572689294815 0.428368747234344 0.482226669788361 0.521304726600647 0.519350647926331 0.507817506790161 0.53268027305603 0.458593785762787 0.284209847450256 0.240610957145691 0.234196901321411 0.242599233984947 0.25657120347023 0.269988864660263 0.234360501170158 0.247779965400696 0.269173443317413 0.297693103551865 0.328746855258942 0.41996231675148 0.449203580617905 0.464774578809738
-9999 -9999 -9999 -9999 -9999 -9999 -9999 -9999 -9999 -9999 -9999 -9999 -9999 -9999 -9999 -9999 -9999 -9999 -9999 -9999 -9999 -9999 -9999 -9999 -9999 -9999 0.00788071285933256 0.0061892606317997 0.00554842269048095 0.00362945348024368 0.0144018046557903 0.033996619284153 0.371774405241013 0.499414563179016 0.467854768037796 0.499412029981613 0.671363234519958 0.513283133506775 0.573756515979767 0.453216642141342 0.292907685041428 0.240348130464554 0.23864059150219 0.2449921220541 0.260485857725143 0.271432876586914 0.225621119141579 0.244811475276947 0.247541874647141 0.262285113334656 0.28864711523056 0.315738588571548 0.405916899442673 0.434597045183182 0.460463106632233
-9999 -9999 -9999 -9999 -9999 -9999 -9999 -9999 -9999 -9999 -9999 -9999 -9999 -9999 -9999 -9999 -9999 -9999 -9999 -9999 -9999 -9999 -9999 -9999 -9999 -9999 0.00751238968223333 0.0053561101667583 0.00521906791254878 0.00739997765049338 0.0232798382639885 0.19745634496212 0.442593842744827 0.548523187637329 0.578014969825745 0.584596812725067 0.735418021678925 0.732255041599274 0.650679349899292 0.443274825811386 0.39206874370575 0.369014054536819 0.259900063276291 0.273007869720459 0.2870973944664 0.274318546056747 0.23134446144104 0.250214457511902 0.250195324420929 0.261658489704132 0.283012628555298 0.309360355138779 0.332688510417938 0.416963189840317 0.458165913820267
-9999 -9999 -9999 -9999 -9999 -9999 -9999 -9999 -9999 -9999 -9999 -9999 -9999 -9999 -9999 -9999 -9999 -9999 -9999 -9999 -9999 -9999 -9999 -9999 -9999 -9999 0.00755878165364265 0.0051613231189549 0.00525104301050305 0.00947865936905146 0.0358900316059589 0.283246546983719 0.486462891101837 0.572114884853363 0.584505677223206 0.73225212097168 0.709316313266754 0.664856851100922 0.493049889802933 0.402534574270248 0.384121000766754 0.394545406103134 0.269116222858429 0.27961853146553 0.286257594823837 0.280237287282944 0.235688433051109 0.249937132000923 0.248386740684509 0.353810995817184 0.346735447645187 0.373360216617584 0.391938298940659 0.411406993865967 0.37563019990921
-9999 -9999 -9999 -9999 -9999 -9999 -9999 -9999 -9999 -9999 -9999 -9999 -9999 -9999 -9999 -9999 -9999 -9999 -9999 -9999 -9999 -9999 -9999 -9999 -9999 -9999 0.00681546935811639 0.00556028774008155 0.00669118296355009 0.0137412883341312 0.0487874932587147 0.421913594007492 0.521782279014587 0.561024487018585 0.557862877845764 0.671270489692688 0.552202522754669 0.509517133235931 0.470300227403641 0.4385586977005 0.436149597167969 0.496299356222153 0.400126188993454 0.386315435171127 0.381834179162979 0.314096301794052 0.324698805809021 0.331809878349304 0.307568162679672 0.269199252128601 0.283584862947464 0.301155656576157 0.317427515983582 0.333866328001022 0.351605862379074
-9999 -9999 -9999 -9999 -9999 -9999 -9999 -9999 -9999 -9999 -9999 -9999 -9999 -9999 -9999 -9999 -9999 -9999 -9999 -9999 -9999 -9999 -9999 -9999 -9999 -9999 0.00691682053729892 0.00663141626864672 0.0080301184207201 0.0177889373153448 0.201898142695427 0.49748957157135 0.555718064308167 0.530685484409332 0.571900546550751 0.527332186698914 0.48132535815239 0.458592802286148 0.45028555393219 0.448581397533417 0.451180636882782 0.458030194044113 0.303109288215637 0.293921828269958 0.284403145313263 0.223681271076202 0.228292122483253 0.240096181631088 0.248611405491829 0.25816535949707 0.269878774881363 0.282944917678833 0.29662561416626 0.311968326568604 0.327450543642044
-9999 -9999 -9999 -9999 -9999 -9999 -9999 -9999 -9999 -9999 -9999 -9999 -9999 -9999 -9999 -9999 -9999 -9999 -9999 -9999 -9999 -9999 -9999 -9999 -9999 -9999 0.00782470125705004 0.00789924524724483 0.00980670098215342 0.0208388734608889 0.183777913451195 0.469716608524323 0.543150901794434 0.440338581800461 0.543156802654266 0.502314209938049 0.469244211912155 0.452181845903397 0.46682807803154 0.466094821691513 0.48360812664032 0.467977494001389 0.293523609638214 0.280201435089111 0.267160058021545 0.211159944534302 0.22199609875679 0.230654686689377 0.237744152545929 0.247097790241241 0.256972402334213 0.267400294542313 0.278724581003189 0.290314376354218 0.304308831691742
-9999 -9999 -9999 -9999 -9999 -9999 -9999 -9999 -9999 -9999 -9999 -9999 -9999 -9999 -9999 -9999 -9999 -9999 -9999 -9999 -9999 -9999 -9999 -9999 -9999 -9999 0.0100781209766865 0.0100723542273045 0.0104444045573473 0.020464213564992 0.176014140248299 0.326147973537445 0.508397817611694 0.417103916406631 0.524144351482391 0.491864919662476 0.468955963850021 0.477017611265182 0.458047330379486 0.459437817335129 0.479609698057175 0.466131925582886 0.305383533239365 0.266686916351318 0.209941551089287 0.222028478980064 0.215869054198265 0.223581746220589 0.229137733578682 0.236598670482635 0.244210764765739 0.253555566072464 0.2629234790802 0.27230378985405 0.283581405878067
-9999 -9999 -9999 -9999 -9999 -9999 -9999 -9999 -9999 -9999 -9999 -9999 -9999 -9999 -9999 -9999 -9999 -9999 -9999 -9999 -9999 -9999 -9999 -9999 -9999 -9999 0.0124765913933516 0.012453374452889 0.0104890456423163 0.0136014949530363 0.0402907952666283 0.28345650434494 0.337716549634933 0.377791404724121 0.509061455726624 0.490335822105408 0.472574293613434 0.480409741401672 0.451772958040237 0.446811407804489 0.471338152885437 0.300375938415527 0.29621633887291 0.259923040866852 0.204533249139786 0.215300321578979 0.211476981639862 0.21576963365078 0.219796776771545 0.226208612322807 0.233719542622566 0.241907730698586 0.25012195110321 0.258006453514099 0.26771605014801
-9999 -9999 -9999 -9999 -9999 -9999 -9999 -9999 -9999 -9999 -9999 -9999 -9999 -9999 -9999 -9999 -9999 -9999 -9999 -9999 -9999 -9999 -9999 -9999 -9999 -9999 0.0172464866191149 0.0169160440564156 0.0128159178420901 0.00769688934087753 0.0332504846155643 0.233765363693237 0.281764626502991 0.331551164388657 0.469500690698624 0.463214457035065 0.452083945274353 0.465427994728088 0.441223829984665 0.439517199993134 0.466051578521729 0.31860563158989 0.290754944086075 0.210743457078934 0.200267985463142 0.210141822695732 0.22323377430439 0.210390016436577 0.213229030370712 0.215950787067413 0.22284634411335 0.230556845664978 0.237578019499779 0.244043618440628 0.249582439661026
-9999 -9999 -9999 -9999 -9999 -9999 -9999 -9999 -9999 -9999 -9999 -9999 -9999 -9999 -9999 -9999 -9999 -9999 -9999 -9999 -9999 -9999 -9999 -9999 -9999 -9999 0.045595794916153 0.0214901026338339 0.0158284921199083 0.00637503014877439 0.0268214475363493 0.179169222712517 0.226631447672844 0.240622967481613 0.282907873392105 0.440298944711685 0.450201451778412 0.456926137208939 0.439389407634735 0.154822692275047 0.462180405855179 0.473097532987595 0.240095034241676 0.0572373047471046 0.053862277418375 0.205672189593315 0.217182159423828 0.221503853797913 0.222825691103935 0.209762647747993 0.214476212859154 0.220984399318695 0.228388786315918 0.22949805855751 0.237053483724594
-9999 -9999 -9999 -9999 -9999 -9999 -9999 -9999 -9999 -9999 -9999 -9999 -9999 -9999 -9999 -9999 -9999 -9999 -9999 -9999 -9999 -9999 -9999 -9999 -9999 0.037443146109581 0.0558524616062641 0.0297786500304937 0.0342910960316658 0.00497606070712209 0.0220990311354399 0.042753417044878 0.187432274222374 0.204669252038002 0.226687863469124 0.37324246764183 0.383825570344925 0.372254341840744 0.115995854139328 0.118298508226871 0.126991882920265 0.131777286529541 0.118914783000946 0.0564626604318619 0.0534063540399075 0.0553828068077564 0.211458399891853 0.214535281062126 0.216858208179474 0.223693951964378 0.233368650078773 0.222318977117538 0.225595861673355 0.226093381643295 0.256351321935654
