meets/meet006/_saidas_enm/CCSM_Maxent_0k_S_lineola1.asc
NCOLS 154 
NROWS 168 
XLLCORNER -112 
YLLCORNER -55.5 
CELLSIZE 0.5 
NODATA_value -9999 
[rows 50 to 74 of 168, columns 56 to 111 of 154]
-9999 -9999 -9999 -9999 -9999 -9999 -9999 -9999 -9999 -9999 -9999 -9999 -9999 0.860319793224335 0.668496429920197 0.525421738624573 0.501122951507568 0.444839477539062 0.472605377435684 0.57397472858429 0.585400700569153 0.557830393314362 0.526929438114166 0.440936893224716 0.441786646842957 0.420961648225784 0.412763863801956 0.404593616724014 0.410730928182602 0.427447319030762 0.437573999166489 0.410254418849945 0.372301161289215 0.349537581205368 0.271911412477493 0.311866760253906 0.43626669049263 0.465222239494324 0.485926687717438 0.499159812927246 0.407847315073013 0.505652070045471 0.414886593818665 0.406384199857712 0.349386721849442 0.417807698249817 0.413358241319656 0.39602068066597 0.384598791599274 0.383966237306595 0.363673508167267 0.338076800107956 0.317996948957443 0.235255211591721 0.209957122802734 0.20276965200901
-9999 -9999 -9999 -9999 -9999 -9999 -9999 -9999 -9999 -9999 -9999 -9999 -9999 0.650130093097687 0.572765588760376 0.532015144824982 0.528307497501373 0.554813981056213 0.566463828086853 0.562303364276886 0.547881364822388 0.517040908336639 0.405467182397842 0.388818114995956 0.388228386640549 0.39177605509758 0.401000708341599 0.413845837116241 0.434178590774536 0.45916360616684 0.464752048254013 0.430561423301697 0.380284368991852 0.337943106889725 0.255807310342789 0.29778391122818 0.33218041062355 0.362528741359711 0.38077899813652 0.396246463060379 0.401993840932846 0.406449407339096 0.402913361787796 0.396216720342636 0.366056263446808 0.330531477928162 0.416161447763443 0.407226711511612 0.395012825727463 0.37995108962059 0.264423012733459 0.241596132516861 0.222378149628639 0.222079619765282 0.207708120346069 0.200946673750877
-9999 -9999 -9999 -9999 -9999 -9999 -9999 -9999 -9999 -9999 -9999 0.741887748241425 0.631301164627075 0.558725118637085 0.536795258522034 0.522755265235901 0.526036262512207 0.544622957706451 0.542316317558289 0.522755265235901 0.510539352893829 0.488110840320587 0.380866378545761 0.372620075941086 0.382109194993973 0.401157200336456 0.417170584201813 0.438771307468414 0.468723624944687 0.5020991563797 0.510019779205322 0.457733899354935 0.396342664957047 0.346818119287491 0.252794116735458 0.276605278253555 0.323845326900482 0.354334831237793 0.373305201530457 0.387242764234543 0.397846639156342 0.398714780807495 0.395073622465134 0.390380799770355 0.385799199342728 0.360838681459427 0.329304546117783 0.439330875873566 0.401375263929367 0.293615907430649 0.269644528627396 0.244323864579201 0.219276174902916 0.220073729753494 0.199731588363647 0.198262244462967
-9999 -9999 -9999 -9999 -9999 -9999 -9999 -9999 -9999 -9999 0.683523297309875 0.659428775310516 0.594596743583679 0.563277244567871 0.562654554843903 0.565677523612976 0.530730307102203 0.49621918797493 0.481385409832001 0.472041368484497 0.466222524642944 0.462115585803986 0.37602162361145 0.380682110786438 0.396147936582565 0.419079214334488 0.445280432701111 0.477076232433319 0.512667238712311 0.540359735488892 0.540897130966187 0.477347701787949 0.402753382921219 0.35125744342804 0.250387132167816 0.27160307765007 0.298838078975677 0.3245570063591 0.362931400537491 0.374360829591751 0.384565770626068 0.385224521160126 0.383797198534012 0.380365043878555 0.374504953622818 0.348659485578537 0.433266162872314 0.42025026679039 0.395591378211975 0.277060449123383 0.253531634807587 0.233911886811256 0.223140046000481 0.210793316364288 0.19936116039753 0.201054215431213
-9999 -9999 -9999 -9999 -9999 -9999 -9999 -9999 -9999 -9999 0.644892394542694 0.594183325767517 0.564595520496368 0.448527425527573 0.53592848777771 0.596307098865509 0.541113078594208 0.466235637664795 0.438321471214294 0.443408697843552 0.361509561538696 0.375885814428329 0.391559958457947 0.408063501119614 0.431815713644028 0.458296030759811 0.495475143194199 0.53338086605072 0.532108843326569 0.523822546005249 0.535135805606842 0.493906259536743 0.411322265863419 0.356723517179489 0.336860716342926 0.268928587436676 0.291324585676193 0.31444525718689 0.329512357711792 0.337486684322357 0.345036178827286 0.342951506376266 0.341902852058411 0.33766695857048 0.426114350557327 0.422121554613113 0.402341663837433 0.380203455686569 0.367946296930313 0.269314140081406 0.276650249958038 0.262807279825211 0.239767163991928 0.225287154316902 0.214048966765404 0.214265212416649
-9999 -9999 -9999 -9999 -9999 -9999 -9999 -9999 0.637119293212891 0.634147465229034 0.56937837600708 0.551786124706268 0.454132974147797 0.392127186059952 0.53569370508194 0.554766058921814 0.52779620885849 0.466501623392105 0.351135790348053 0.364952117204666 0.391472429037094 0.404130816459656 0.417393922805786 0.441585689783096 0.477917343378067 0.487795978784561 0.489400625228882 0.479983121156693 0.475060939788818 0.47555610537529 0.465977072715759 0.445025473833084 0.417821079492569 0.368916779756546 0.345472425222397 0.353737860918045 0.373280167579651 0.393932223320007 0.407679796218872 0.412918508052826 0.415090084075928 0.409409999847412 0.406139224767685 0.400730192661285 0.392849296331406 0.397543400526047 0.40016770362854 0.401617556810379 0.420856773853302 0.323694288730621 0.31953626871109 0.309623181819916 0.287182718515396 0.266496211290359 0.240919828414917 0.237138494849205
-9999 -9999 -9999 -9999 -9999 -9999 -9999 -9999 0.556713342666626 0.566747486591339 0.437067747116089 0.401688784360886 0.377790212631226 0.379777103662491 0.512996137142181 0.529653251171112 0.508513271808624 0.374323338270187 0.356009364128113 0.37981179356575 0.410160094499588 0.415363192558289 0.419739961624146 0.422661483287811 0.431016266345978 0.442237973213196 0.440072804689407 0.438397467136383 0.433533042669296 0.427388399839401 0.42072930932045 0.409297049045563 0.397951930761337 0.385712414979935 0.356493830680847 0.351709067821503 0.358023703098297 0.372476518154144 0.381226122379303 0.382878243923187 0.383708715438843 0.376328468322754 0.372471183538437 0.376882076263428 0.381931662559509 0.390596300363541 0.41496267914772 0.419993728399277 0.422542572021484 0.416387259960175 0.317056834697723 0.308028280735016 0.304015815258026 0.291507035493851 0.276418834924698 0.271111726760864
-9999 -9999 -9999 -9999 -9999 -9999 -9999 0.697057723999023 0.608493566513062 0.560006141662598 0.47112250328064 0.411473751068115 0.425061047077179 0.438215434551239 0.48113164305687 0.51643967628479 0.489283353090286 0.366546183824539 0.351409763097763 0.367550104856491 0.38900363445282 0.390916138887405 0.389117121696472 0.392320811748505 0.401776641607285 0.408873587846756 0.408227503299713 0.404558748006821 0.402070969343185 0.400566697120667 0.39707612991333 0.391671240329742 0.386108547449112 0.38123407959938 0.374655544757843 0.359092473983765 0.35044738650322 0.346453666687012 0.349706918001175 0.354095965623856 0.358664631843567 0.362593978643417 0.367953449487686 0.375925153493881 0.384590983390808 0.41596308350563 0.420722812414169 0.425887942314148 0.424762308597565 0.416477888822556 0.310040682554245 0.298920899629593 0.283506661653519 0.278862029314041 0.281541466712952 0.273818105459213
-9999 -9999 -9999 -9999 -9999 -9999 -9999 0.672681331634521 0.601259827613831 0.479149639606476 0.48481696844101 0.410984069108963 0.422404676675797 0.427219092845917 0.456530213356018 0.483183592557907 0.465808123350143 0.360152542591095 0.347632378339767 0.358567893505096 0.374840170145035 0.377609044313431 0.376884132623672 0.378524214029312 0.383338928222656 0.388068228960037 0.38826397061348 0.387325167655945 0.384463220834732 0.380837768316269 0.379474580287933 0.375539779663086 0.376543581485748 0.376004487276077 0.375718832015991 0.377702355384827 0.363590478897095 0.335735321044922 0.335169643163681 0.339460700750351 0.346719801425934 0.35553041100502 0.367390394210815 0.400606244802475 0.431944847106934 0.441904217004776 0.446924567222595 0.446194708347321 0.433582544326782 0.417424499988556 0.307125449180603 0.29253214597702 0.276507019996643 0.268755316734314 0.282100796699524 0.28253236413002
-9999 -9999 -9999 -9999 -9999 -9999 0.671075642108917 0.663012206554413 0.614543974399567 0.491622000932693 0.472572416067123 0.410579711198807 0.435085356235504 0.417037934064865 0.439002394676208 0.456946313381195 0.443876713514328 0.350185811519623 0.352619230747223 0.361852616071701 0.373341649770737 0.374778985977173 0.373534262180328 0.375116109848022 0.379343211650848 0.383000165224075 0.382462799549103 0.380140095949173 0.378366142511368 0.377116084098816 0.37501323223114 0.372508019208908 0.370289385318756 0.37017285823822 0.374003797769547 0.378220081329346 0.377835392951965 0.359289020299911 0.363978803157806 0.368555396795273 0.377769023180008 0.384768337011337 0.414243370294571 0.421086192131042 0.425274729728699 0.427124172449112 0.442267417907715 0.435912281274796 0.425373792648315 0.413552224636078 0.290255486965179 0.27669420838356 0.264806568622589 0.257443189620972 0.263287603855133 0.294579774141312
-9999 -9999 -9999 -9999 -9999 -9999 0.648977816104889 0.668784081935883 0.637987554073334 0.516294419765472 0.486416846513748 0.417114943265915 0.439659535884857 0.432322949171066 0.44746458530426 0.458513230085373 0.449906408786774 0.353644341230392 0.35891392827034 0.365815967321396 0.374021381139755 0.375732451677322 0.375932842493057 0.377952963113785 0.380469650030136 0.382087528705597 0.381282269954681 0.379466503858566 0.37818717956543 0.377231657505035 0.376150161027908 0.374260485172272 0.373101413249969 0.372987926006317 0.374286115169525 0.378467172384262 0.380138367414474 0.364162743091583 0.368687152862549 0.372348040342331 0.402065485715866 0.406237691640854 0.413549989461899 0.420858442783356 0.42545622587204 0.42171847820282 0.417180389165878 0.412191838026047 0.40409928560257 0.395226746797562 0.385884016752243 0.286978453397751 0.279809504747391 0.272676110267639 0.270484685897827 0.28126922249794
-9999 -9999 -9999 -9999 -9999 -9999 0.640539407730103 0.682907044887543 0.666720509529114 0.539430022239685 0.496259421110153 0.423960715532303 0.452494025230408 0.442385733127594 0.453221708536148 0.465656727552414 0.37456887960434 0.368762373924255 0.366791933774948 0.370964288711548 0.376760840415955 0.379838019609451 0.381678372621536 0.384137213230133 0.384848773479462 0.385192483663559 0.384192228317261 0.382672101259232 0.382080465555191 0.38142865896225 0.380552798509598 0.379639625549316 0.378280133008957 0.378526568412781 0.379320591688156 0.380475997924805 0.364028751850128 0.368215680122375 0.373910814523697 0.400507211685181 0.40645095705986 0.41166490316391 0.417859703302383 0.423171609640121 0.422484815120697 0.423056423664093 0.417380481958389 0.4135901927948 0.407748013734818 0.399874687194824 0.393964678049088 0.389097779989243 0.387282013893127 0.290235280990601 0.285518199205399 0.375966221094131
-9999 -9999 -9999 -9999 -9999 -9999 -9999 0.697820603847504 0.685207009315491 0.555523931980133 0.502018630504608 0.424748033285141 0.459158539772034 0.453331291675568 0.457319349050522 0.461428850889206 0.377997130155563 0.374405175447464 0.373183280229568 0.377556473016739 0.383335739374161 0.387390285730362 0.390662580728531 0.393465906381607 0.394236981868744 0.393589496612549 0.392826616764069 0.391522586345673 0.391309320926666 0.391469299793243 0.390823423862457 0.38959926366806 0.38776233792305 0.387770563364029 0.388746649026871 0.370217204093933 0.372682332992554 0.3751260638237 0.402727395296097 0.408391684293747 0.414366006851196 0.419777423143387 0.424168944358826 0.422594398260117 0.423402607440948 0.423187464475632 0.421911090612411 0.419251143932343 0.41546568274498 0.41122379899025 0.408064901828766 0.406363368034363 0.40273255109787 0.395161807537079 0.392407327890396 0.391631662845612
-9999 -9999 -9999 -9999 -9999 -9999 -9999 -9999 0.690969526767731 0.554212808609009 0.483992278575897 0.42029470205307 0.461450099945068 0.453815966844559 0.451797038316727 0.451676279306412 0.373112708330154 0.376008272171021 0.377065002918243 0.381784051656723 0.387945562601089 0.392868876457214 0.421069711446762 0.424788236618042 0.424472659826279 0.425185739994049 0.424160450696945 0.424058139324188 0.424533009529114 0.424278646707535 0.425667375326157 0.422658443450928 0.420960634946823 0.420906573534012 0.401006072759628 0.40400031208992 0.405513375997543 0.408707559108734 0.411067575216293 0.416710466146469 0.423735082149506 0.428051710128784 0.425942957401276 0.424541622400284 0.424625486135483 0.424676120281219 0.424318850040436 0.424879729747772 0.423267841339111 0.420626848936081 0.420668065547943 0.418777495622635 0.418223351240158 0.413308948278427 0.407895445823669 0.408585011959076
-9999 -9999 -9999 -9999 -9999 -9999 0.604213535785675 0.677745878696442 0.673504531383514 0.544801414012909 0.469747126102448 0.407078742980957 0.457507818937302 0.450833201408386 0.440624743700027 0.265886932611465 0.272198230028152 0.286595284938812 0.379647046327591 0.38459900021553 0.391195297241211 0.419760406017303 0.426036238670349 0.430830359458923 0.433329731225967 0.434957474470139 0.435768663883209 0.436362832784653 0.437122970819473 0.435829907655716 0.430668085813522 0.434138566255569 0.433756619691849 0.434105843305588 0.434850633144379 0.415619432926178 0.418223232030869 0.420738816261292 0.422282546758652 0.427955001592636 0.434118151664734 0.436446249485016 0.434368938207626 0.432762712240219 0.432846963405609 0.432616770267487 0.433773696422577 0.434395730495453 0.433917880058289 0.433314323425293 0.432355403900146 0.43222987651825 0.433286041021347 0.431153655052185 0.429225713014603 0.449527323246002
-9999 -9999 -9999 -9999 -9999 0.578561902046204 0.573307454586029 0.663409531116486 0.655034065246582 0.522032558917999 0.435786634683609 0.364492207765579 0.345830112695694 0.336604595184326 0.317291796207428 0.243786871433258 0.250584572553635 0.273277431726456 0.288600742816925 0.292510986328125 0.319252789020538 0.324948579072952 0.427978575229645 0.434556841850281 0.43812358379364 0.442968666553497 0.443956524133682 0.44686633348465 0.447148829698563 0.43682661652565 0.42980620265007 0.427160829305649 0.42975988984108 0.436863154172897 0.445688843727112 0.448424875736237 0.429942488670349 0.432960689067841 0.43424391746521 0.437395930290222 0.444531053304672 0.443520814180374 0.443390697240829 0.441957265138626 0.441322058439255 0.441139340400696 0.441767275333405 0.444364666938782 0.34821218252182 0.347384423017502 0.346896171569824 0.34751096367836 0.349231064319611 0.351113438606262 0.468817979097366 0.469992369413376
-9999 -9999 -9999 -9999 -9999 0.60439920425415 0.56931084394455 0.651396691799164 0.54347550868988 0.467959731817245 0.38978385925293 0.329736620187759 0.311915040016174 0.303614974021912 0.288996875286102 0.212953418493271 0.223818212747574 0.244592130184174 0.260869055986404 0.295744568109512 0.309916824102402 0.322960287332535 0.33176776766777 0.33857661485672 0.344926327466965 0.330139458179474 0.332318097352982 0.328265905380249 0.323792815208435 0.32097801566124 0.413620114326477 0.41475921869278 0.440728336572647 0.44992870092392 0.459459036588669 0.46111661195755 0.442011445760727 0.443791270256042 0.444817453622818 0.446448475122452 0.451502770185471 0.451005816459656 0.450033277273178 0.449118405580521 0.352562129497528 0.352882295846939 0.354170739650726 0.355534136295319 0.356206774711609 0.357338398694992 0.358352214097977 0.359470069408417 0.36161196231842 0.385397285223007 0.38614022731781 0.486711174249649
-9999 -9999 -9999 -9999 -9999 -9999 0.576878368854523 0.64508730173111 0.506748914718628 0.423024326562881 0.328780114650726 0.314918369054794 0.293011397123337 0.286062449216843 0.277627944946289 0.189675450325012 0.204460963606834 0.220011964440346 0.235862284898758 0.254260718822479 0.267938166856766 0.300857394933701 0.312819927930832 0.305052042007446 0.332247108221054 0.317276537418365 0.317677408456802 0.315501034259796 0.315367639064789 0.317469507455826 0.321096241474152 0.32564651966095 0.332808971405029 0.343522399663925 0.450939148664474 0.452668935060501 0.454701542854309 0.455781817436218 0.456327855587006 0.456734478473663 0.458333611488342 0.45850282907486 0.360173285007477 0.359540641307831 0.361139804124832 0.361122667789459 0.362551063299179 0.363728791475296 0.3646419942379 0.366298764944077 0.368727296590805 0.370579540729523 0.37350258231163 0.398016631603241 0.402247220277786 0.403338342905045
-9999 -9999 -9999 -9999 -9999 -9999 0.587032616138458 0.544886648654938 0.472332656383514 0.40914112329483 0.334852248430252 0.325140923261642 0.322720915079117 0.314659416675568 0.301250249147415 0.282258719205856 0.203764796257019 0.209916934370995 0.203228384256363 0.229624658823013 0.272332400083542 0.282112210988998 0.286505162715912 0.294892996549606 0.308506697416306 0.319019883871078 0.31977567076683 0.300500780344009 0.302572548389435 0.309213131666183 0.317704021930695 0.323834180831909 0.33240082859993 0.344547748565674 0.360307842493057 0.364548683166504 0.365564823150635 0.364992141723633 0.365074425935745 0.365669459104538 0.366002410650253 0.366172611713409 0.36610609292984 0.36614191532135 0.367398500442505 0.36824432015419 0.369267761707306 0.370051294565201 0.370224058628082 0.370635032653809 0.371963173151016 0.376554369926453 0.402185887098312 0.406604886054993 0.410152345895767 0.413195580244064
-9999 -9999 -9999 -9999 -9999 -9999 0.561930060386658 0.532243251800537 0.583097696304321 0.434247612953186 0.38762354850769 0.357502609491348 0.353341400623322 0.355669319629669 0.334428787231445 0.310639053583145 0.270061641931534 0.176958724856377 0.179773509502411 0.211163640022278 0.260323464870453 0.265019088983536 0.261561900377274 0.2685307264328 0.28655868768692 0.301702678203583 0.302754133939743 0.283415466547012 0.287434786558151 0.297727823257446 0.308183819055557 0.315678417682648 0.323646813631058 0.336566150188446 0.354222357273102 0.368743687868118 0.371253907680511 0.369431257247925 0.369889944791794 0.372499197721481 0.371551990509033 0.37329888343811 0.37272521853447 0.372758448123932 0.375655829906464 0.375234812498093 0.377160161733627 0.376499176025391 0.376484543085098 0.377351194620132 0.375916063785553 0.384359508752823 0.410635262727737 0.415764510631561 0.420732587575912 0.421439498662949
-9999 -9999 -9999 -9999 -9999 -9999 -9999 -9999 0.62262099981308 0.497159004211426 0.448976993560791 0.32819077372551 0.249960973858833 0.242106631398201 0.337016612291336 0.318038642406464 0.268154442310333 0.167881056666374 0.165508717298508 0.196579843759537 0.246565580368042 0.247996047139168 0.2222930341959 0.227241903543472 0.262541353702545 0.280125558376312 0.282808482646942 0.264453649520874 0.268348217010498 0.279220968484879 0.290729939937592 0.298302352428436 0.306443840265274 0.319155484437943 0.336846798658371 0.356441229581833 0.370150804519653 0.371748149394989 0.373029708862305 0.374212652444839 0.375695198774338 0.376197934150696 0.376753330230713 0.377572447061539 0.379197746515274 0.380470454692841 0.381167232990265 0.381698161363602 0.3813117146492 0.38081681728363 0.382971227169037 0.408972948789597 0.416600167751312 0.421933561563492 0.426088452339172 0.429203897714615
-9999 -9999 -9999 -9999 -9999 -9999 -9999 -9999 0.702191352844238 0.660123527050018 0.531099438667297 0.359570860862732 0.229337587952614 0.279717147350311 0.236627951264381 0.336948484182358 0.279904842376709 0.168447747826576 0.161318242549896 0.19398906826973 0.238750100135803 0.235770553350449 0.207660838961601 0.21173931658268 0.230738192796707 0.263524502515793 0.25013741850853 0.247887447476387 0.252595067024231 0.264278948307037 0.274152845144272 0.281931936740875 0.288501232862473 0.30087086558342 0.319378018379211 0.337655335664749 0.35403048992157 0.369815826416016 0.375597983598709 0.378571510314941 0.379124045372009 0.381203055381775 0.38117390871048 0.382135152816772 0.385409593582153 0.3857581615448 0.386977732181549 0.386780798435211 0.386313498020172 0.387127339839935 0.38727268576622 0.41348984837532 0.41995558142662 0.426849812269211 0.43432891368866 0.438744395971298
-9999 -9999 -9999 -9999 -9999 -9999 -9999 -9999 -9999 0.697485983371735 0.590042352676392 0.430015057325363 0.323636114597321 0.27227258682251 0.223497122526169 0.278210312128067 0.303835690021515 0.199847340583801 0.171252325177193 0.192559599876404 0.233129322528839 0.227812245488167 0.201199501752853 0.205415606498718 0.22092492878437 0.251567870378494 0.238282606005669 0.237062126398087 0.24107126891613 0.250311672687531 0.259466022253036 0.265624463558197 0.272362351417542 0.283203303813934 0.298752874135971 0.3157879114151 0.331100434064865 0.346829801797867 0.363293200731277 0.376765727996826 0.380348443984985 0.381558269262314 0.383536607027054 0.385891973972321 0.387549459934235 0.389884799718857 0.41065502166748 0.411144524812698 0.410686820745468 0.38854393362999 0.389268636703491 0.413086980581284 0.419072926044464 0.426574766635895 0.438354074954987 0.449919581413269
-9999 -9999 -9999 -9999 -9999 -9999 -9999 -9999 -9999 -9999 0.700670063495636 0.581178724765778 0.378726869821548 0.282096564769745 0.221827417612076 0.293423652648926 0.378384381532669 0.235151037573814 0.194182112812996 0.20666778087616 0.23424157500267 0.226846486330032 0.201005443930626 0.20348060131073 0.218129709362984 0.2456134557724 0.232200607657433 0.23094716668129 0.233662098646164 0.241227567195892 0.248037695884705 0.253049463033676 0.257949590682983 0.267519295215607 0.28196308016777 0.296718716621399 0.310641646385193 0.324275702238083 0.340052872896194 0.35747104883194 0.374080449342728 0.383592396974564 0.384916931390762 0.387647241353989 0.392192006111145 0.41551274061203 0.4159015417099 0.414981484413147 0.414135187864304 0.414205312728882 0.414758205413818 0.41752102971077 0.422070324420929 0.43015331029892 0.439484238624573 0.435237467288971
-9999 -9999 -9999 -9999 -9999 -9999 -9999 -9999 -9999 -9999 -9999 0.645376861095428 0.401539117097855 0.221141591668129 0.231545671820641 0.306980133056641 0.450191736221313 0.370499432086945 0.250583052635193 0.245192170143127 0.237327739596367 0.227498069405556 0.206157058477402 0.208333253860474 0.217176422476768 0.225132688879967 0.227196261286736 0.227678641676903 0.229495361447334 0.233928143978119 0.237886264920235 0.242352500557899 0.247723251581192 0.255721300840378 0.26733985543251 0.278679966926575 0.292362809181213 0.305809527635574 0.320802420377731 0.337627232074738 0.352997004985809 0.369797378778458 0.385009616613388 0.39050829410553 0.415641039609909 0.418941050767899 0.41956102848053 0.419770151376724 0.419581949710846 0.419464886188507 0.420554995536804 0.4244704246521 0.431609392166138 0.424408286809921 0.412999033927917 0.402118891477585
