meets/meet006/_saidas_enm/CCSM_Gower_0k_T_subalaris3.asc
NCOLS 154 
NROWS 168 
XLLCORNER -112 
YLLCORNER -55.5 
CELLSIZE 0.5 
NODATA_value -9999 
[rows 52 to 77 of 168, columns 59 to 117 of 154]
-9999 -9999 -9999 -9999 -9999 -9999 -9999 -9999 0 0 0 0 0.0263867181763715 0.124539706088699 0.211143735775528 0.216149469916132 0.13442278514003 0.127443211172508 0.114136419324414 0.110148545745009 0.111727964604462 0.12178078347097 0.0111274721929276 0 0 0 0 0 0 0 0 0 0.12839471973279 0.32716648602408 0.46588994438952 0.479778246916185 0.489827884968439 0.53058062176994 0.523062622698738 0.513230870422865 0.491904956676138 0.461457045979522 0.449935558422578 0.407189173996307 0.418223129477631 0.370674872187928 0.267073727788792 0.245820683604969 0.321947978634744 0.38025143641117 0.455212529269548 0.45573106533915 0.439978219131296 0.438767605077823 0.43965503300904 0.453564041410911 0.476052586409214 0.429720905510138 0.366236190479287
-9999 -9999 -9999 -9999 -9999 -9999 -9999 0 0 0.0484620426754485 0.100379108512017 0.111305494638577 0 0.035743801345987 0.0910619252329212 0.10784100958638 0.057281677858105 0.0408536397322871 0.0366315425578333 0.0364632485673168 0.0275227829008992 0 0 0 0 0 0 0 0 0 0 0.00344940129364035 0.17683470820206 0.354913557834445 0.39436933589397 0.416219505662701 0.425806479823501 0.469343441174295 0.4782560827133 0.479577855618199 0.461406152951462 0.420242946528762 0.391284524397697 0.343723254686047 0.307514021881095 0.241318385611253 0.257137731554876 0.337701973303699 0.400776363295817 0.42411746745476 0.481775046737887 0.454122185368509 0.432483769247925 0.433529360198878 0.443397970398986 0.458455661551422 0.478841376798924 0.462681659467215 0.414527890809571
-9999 -9999 -9999 -9999 -9999 -9999 -9999 0 0.221303834831867 0.128481891608823 0.200987974193171 0.185225042650845 0 0 0 0 0 0 0 0 0 0 0 0 0 0 0 0 0 0 0 0.094681325703766 0.223356399807708 0.301691396807141 0.32224205937075 0.34332854455365 0.352766598774388 0.378013299836259 0.393420874916488 0.401376091365115 0.38165504299187 0.331178701599124 0.280868919207302 0.207018798018279 0.230256959461374 0.313745237004189 0.383552832441629 0.478516331152243 0.508344850564174 0.50676658836445 0.487002924740186 0.458591910417821 0.436167633702788 0.443448468230589 0.458145052247603 0.474046634154638 0.493042391294009 0.511378204234965 0.481501380746921
-9999 -9999 -9999 -9999 -9999 0 0.108955243756934 0.364941522023943 0.298052545300852 0.202813761574823 0.234981336122988 0.220444611901408 0 0 0 0 0 0 0 0 0 0 0 0 0 0 0 0 0 0 0 0.105781350395584 0.172479203531614 0.225858182513371 0.256954111822955 0.274811492208435 0.267427665665755 0.26329116131122 0.251186717251044 0.261838396692053 0.238516666583564 0.181922751886063 0.233775518355885 0.304331761802685 0.3753602115837 0.437337509823206 0.528526394091882 0.564160022589152 0.542249574543859 0.510585144817294 0.496209634877228 0.472079785959912 0.461261625967823 0.463068114434205 0.477486536915506 0.492222722560102 0.506593232974027 0.521674611526507 0.523484948082156
-9999 -9999 -9999 -9999 -9999 0.0384586855194673 0.374206296952149 0.51566173542506 0.381511906350451 0.290901207363627 0.268711557964541 0.250972849211832 0.0473067879272183 0 0 0 0 0 0 0 0 0 0 0 0 0 0 0 0 0 0 0 0.104815187736268 0.131610656174783 0.162640366714903 0.180640016247005 0.168072908295374 0.148398704641139 0.12425719194998 0.119579949172308 0.188512531525034 0.268636664247112 0.355378914771512 0.417078325511213 0.427082220120901 0.425026859300409 0.404966537893616 0.380114253143855 0.361046832478948 0.357641516657975 0.43772961178423 0.483143792051454 0.478702510408654 0.481041817164364 0.493096509724858 0.506284306931262 0.519803203704182 0.533426203292 0.543221900526669
-9999 -9999 -9999 -9999 0.0508204106058344 0.104151607177919 0.401793920078323 0.654509905127465 0.498497917129363 0.360148690327475 0.271876178982089 0.253604714413757 0.128001858484988 0.075176514691945 0 0 0 0 0 0 0 0 0 0 0 0 0 0 0 0 0 0 0.0944027113889182 0.0742296345319449 0.0626367232367578 0.0695844890617425 0.0663533601097976 0.0912114235028474 0.132829775528766 0.1934621676688 0.28061396999145 0.28999447158119 0.268555334449673 0.250682403960178 0.222369916583068 0.170045658788735 0.134148908599066 0.133964212321648 0.140458221773732 0.181961300187894 0.343495223112853 0.486288298377268 0.488826039379426 0.491537222436009 0.501605505508623 0.514695964703985 0.531902243312178 0.547804418065873 0.544375668605984
-9999 -9999 -9999 -9999 0 0.0966343374560277 0.431969388128917 0.697120248643078 0.554672108927836 0.340706686113764 0.204367155590381 0.182428790517341 0.202632165997427 0.0960341162413955 0.0468838852275312 0.0547399181044272 0.0630129268134967 0.0627287527402237 0.0285128665327742 0 0.00335732653582332 0.0264473833045024 0.0166738235268301 0.0236765904403751 0.00175213107254624 0.00970034765287575 0.0414187077980925 0.0352387633816178 0.0284497513165136 0 0 0 0 0.0569607426265625 0.128349454069894 0.137347399263886 0.148603433413108 0.159061583017404 0.137761903973009 0.141755911764257 0.0916623719072223 0.015208806610165 0 0 0 0 0 0.00275895244133018 0.0496823842254411 0.0791089529912636 0.257972942736843 0.479241627693748 0.487792339767959 0.494099203985318 0.505466893131974 0.519552905961503 0.536212362924655 0.54895800503457 0.515068513566735
-9999 -9999 -9999 0.0337718090883898 0 0.136336797941095 0.471650301441725 0.690569650852414 0.538362773006669 0.225647959607692 0.0755916013624138 0.108772698997797 0.166706893155855 0.13581309013385 0.107681679708761 0.123666138828647 0.126607524518568 0.136800588377173 0.160818049312437 0.178294310317331 0.192195914430876 0.188718464059158 0.191163452224982 0.180598801909796 0.187964452258268 0.198239446737503 0.181163816764755 0.184928621355856 0.164852310975612 0.149781257466273 0.133125349493373 0.0886097109041777 0.0578394738142797 0.0208866189193728 0.00503865545517912 0 0 0 0 0 0.00822428847922219 0.027787215897203 0.0656279565751927 0.0515806965936709 0.0533002806464591 0.0615033190521239 0.102694030754475 0.156881278524437 0.186628106694091 0.223370926237648 0.255804592167152 0.433845294478524 0.477444820625059 0.486878903336156 0.502514056248751 0.51629283423648 0.526575832042004 0.492215808978208 0.475787770852391
-9999 -9999 -9999 0 0 0.169172892866264 0.495445113107094 0.640586624833931 0.486300361961032 0.163183129292566 0.0797882520228377 0.109894948099506 0.162783792521254 0.157107774067905 0.148911394065857 0.171408136622897 0.178571619487272 0.191386252620831 0.217089834275513 0.241027774854433 0.253819563958352 0.252647000158447 0.248335261855024 0.254777278213662 0.261550966749487 0.259652888134795 0.250913167225221 0.240188618221308 0.231593479777813 0.224882540032267 0.216048551354809 0.206421383268439 0.215352820528034 0.214042660002322 0.191352449170912 0.186197807374391 0.14903002763253 0.119156369626704 0.113261123149872 0.126316614674913 0.113627125811996 0.0852497992130514 0.065021343822843 0.0582698965149938 0.0601985180653233 0.0743767070449473 0.114844541044634 0.172599491788023 0.266139357760123 0.378533149092069 0.392911066650697 0.393724939107892 0.455374150476541 0.465958686538273 0.478407301884819 0.491198042687109 0.502639337287744 0.484192927935457 0.473567851668206
-9999 -9999 -9999 0 0 0.177024592657594 0.501805718651466 0.597766214185028 0.452491776422864 0.187332449436894 0.124053330672808 0.13841008038957 0.166585443884348 0.166761545328033 0.181234539347524 0.212540691562788 0.22699517902662 0.240548917726778 0.279239474814586 0.310528855463785 0.322312037284332 0.311016676704337 0.294718473633058 0.301879643177976 0.301986055873011 0.302420092436182 0.303449519594668 0.291752219758971 0.294529070602494 0.285577970127512 0.281575927466431 0.275537874518019 0.263721727895205 0.292917554435572 0.293450997131086 0.25511214345711 0.217862319781062 0.198429763066174 0.19822461603029 0.176571802773871 0.150706816607081 0.12733786086011 0.115897808721938 0.113711818169625 0.125026777002181 0.14236117781834 0.178488004773524 0.226597304001873 0.298924128518036 0.386913203503168 0.431899137748467 0.432826201713546 0.430388776188915 0.446748168049564 0.449983078197803 0.461485340889714 0.479598095274725 0.480075953502677 0.405844788463033
-9999 -9999 -9999 -9999 0.00997190989623664 0.205860245566466 0.520925392469175 0.5841313647214 0.461106867246677 0.228020557876056 0.184626733166682 0.178276960421402 0.175168726565625 0.178968064609262 0.217977570617242 0.256459928953896 0.278015150491825 0.302223171117381 0.33896909403642 0.371400097837782 0.383300969785719 0.370805863902196 0.355405228780339 0.354996638731198 0.358048485425204 0.360655018123686 0.364779955880934 0.36254008431643 0.361013871804495 0.355668079703671 0.354825163926428 0.355917339875192 0.361997032573836 0.37854247166211 0.381159210711146 0.346726081275412 0.322901043715623 0.304900925056543 0.273613233871214 0.242378512817689 0.224652073172927 0.215323494283006 0.205460276181406 0.213605107295343 0.222524888444904 0.240483708357155 0.27264031919046 0.31399158725277 0.369951089941041 0.429401384168427 0.433327940546034 0.436020332480793 0.437594149806094 0.448487199035239 0.455010184973292 0.465878842796984 0.479233171688927 0.410735098767003 0.262032227314514
-9999 -9999 -9999 -9999 -9999 0.23721661836337 0.56457173364336 0.595695793270769 0.464317754653371 0.258840045510496 0.238139884676961 0.219147242767825 0.199634682310667 0.211370151917408 0.257515091791344 0.30092655556158 0.32406090679403 0.356494513079782 0.389057376090208 0.425065928432242 0.439671649155594 0.426060366633937 0.413721120648847 0.419289858912366 0.423410748360564 0.428224187821283 0.435238750745596 0.439279830672518 0.433372769438374 0.428299659868576 0.430629750891914 0.440470322698217 0.461220509065016 0.466327606545753 0.461375007891609 0.45194675910905 0.408798247393935 0.372883300965966 0.346457340154736 0.323651603549315 0.25700186039086 0.198117628334698 0.132081381053065 0.11681146867898 0.095582865376412 0.0983201044190203 0.132552725446232 0.163361291315078 0.247957734101387 0.331507044169161 0.424551923711865 0.449557562507357 0.457675517692627 0.468469286279263 0.480131199400835 0.490475711964243 0.40577894988113 0.300235064463605 0.173846833648799
-9999 -9999 -9999 0.0815305178681068 0.171713962861431 0.382163997250867 0.561846580059633 0.543726059585889 0.436980969461854 0.274156533637095 0.255252665362132 0.252435331428106 0.257792400961284 0.26001781427918 0.282308093074658 0.323430816406856 0.359170156197049 0.391126640344738 0.42139584711328 0.44464673181339 0.464462915449315 0.474630243628958 0.481113223427291 0.480236429683042 0.479631919294006 0.478352619720315 0.476594146540145 0.475315786522545 0.475315034877672 0.475662482720174 0.474914220249193 0.473767556882565 0.47133108414721 0.468394397042208 0.46407902385553 0.458549034900422 0.452655080442066 0.362670240581437 0.281757616085729 0.200009589765559 0.13316547315735 0.0818157186342584 0.0368749011599806 0.0195720729365068 0.0112412478286942 0.0194498226605645 0.0511865629010984 0.0910382076274316 0.156483404003347 0.22939080510538 0.303121487747479 0.378106694641108 0.437122603861076 0.481059682227618 0.470089178884925 0.418523503739821 0.325710256298903 0.225580696444038 0.0925174808562746
-9999 -9999 0.113752368750752 0.188412722095946 0.329875594036239 0.508636907145655 0.525245528771606 0.508686065184122 0.404568183051218 0.279898192530045 0.270688867770644 0.289968361292482 0.327157574052521 0.308832035641876 0.324058882639505 0.347346491285999 0.391234209699502 0.425347575076165 0.453674750160326 0.464184449619646 0.481872572660147 0.478641251351512 0.476914910989658 0.475144975225176 0.474464548703975 0.474090793290922 0.474035735303981 0.474902569753663 0.47422345861099 0.475114721519042 0.475049516326317 0.474660540104586 0.474551363686797 0.471002181289301 0.467973264182428 0.462243761153027 0.372199926412443 0.272934946844475 0.203365861111194 0.122617683437102 0.0635278554456346 0.0203058738584414 0 0 0 0 0.0131766028703547 0.0397909518057111 0.0969977963547591 0.158508838195702 0.210506653851114 0.264851016418798 0.301954498883253 0.319974518750045 0.322381218184873 0.299000441419787 0.256914474636698 0.186004376696571 0.0726228570029415
-9999 -9999 0.290781242634928 0.336195349733202 0.464983990657065 0.48843642331489 0.485679524851686 0.441816674622349 0.368318467155764 0.315328704172692 0.326576641703814 0.33108038552219 0.339798708226784 0.330401715426413 0.359706267981272 0.392224599592146 0.435145928802373 0.472841758523554 0.47469831025945 0.475735204361628 0.475206422193537 0.474053586869713 0.471303262700365 0.470704529919629 0.470147719867016 0.469968023809654 0.47066984839 0.471250478174501 0.471879128538488 0.472761983081183 0.473211127945663 0.473616063387758 0.473411975924942 0.471325367411557 0.468218512141947 0.435486365467651 0.347666076665215 0.257249802504981 0.184582562593752 0.113157876282798 0.0590194089167008 0.0240763297375014 0 0 0 0 0.0159165353094953 0.0371506750382689 0.0724792091878809 0.107648832942082 0.141001760735189 0.17169855064794 0.188616073534142 0.191399698850363 0.175257425266067 0.141911979129995 0.0918526608121972 0.0245421377044636 0
-9999 -9999 -9999 0.505635953479708 0.478073619641108 0.495273438970858 0.4264304977471 0.405053112642449 0.356473693204666 0.319424436271792 0.344490698415997 0.339285729637134 0.348457752120286 0.33434158762708 0.396424141901892 0.443792827768724 0.470180305260239 0.468700242399649 0.475208865039374 0.472812290354931 0.472296069125455 0.473240664413204 0.468322747288689 0.469556037726919 0.467612728720572 0.466911856929501 0.468109894164538 0.467805382712082 0.469118898007312 0.46965912952653 0.470232708670392 0.471356618899794 0.471644742376711 0.469638930393889 0.467157676562585 0.442350636163579 0.360010960405128 0.268939293088679 0.210060298192441 0.143165007050117 0.0955418658958634 0.0655707967154499 0.0328814919012953 0.033334132151877 0.0293022671760349 0.0318319650525086 0.0432097698041539 0.0473622390913907 0.0663007071757266 0.0778254516715277 0.0872922915834446 0.0983293816737429 0.0946431692528905 0.0792634261535408 0.0508118815168151 0.00774162793427979 0 0 0
-9999 -9999 -9999 0.51135245502356 0.480688248957689 0.470751963558841 0.433061627971371 0.397360457952222 0.377239783642734 0.328481949441809 0.299558805432468 0.302609206301814 0.293187345317276 0.338314424630012 0.415432398717364 0.438861550100389 0.458737687176975 0.486031235830733 0.484204362967128 0.477449706316733 0.475430600276882 0.47721049533593 0.478220330222683 0.4730687812279 0.467419121939787 0.464862026082151 0.465544604319132 0.467103558131735 0.465961544906099 0.465477527954136 0.465639502130974 0.466586574670839 0.467651983638724 0.466259196275771 0.464367719006012 0.461928197344975 0.407025393943062 0.331447490179168 0.271041339449066 0.214278905327862 0.170196533181712 0.14045185894316 0.115105201975713 0.104201435013768 0.0961781060100695 0.0919850861417062 0.0906949492026931 0.085792668247468 0.0823786385095272 0.0717585759823267 0.0607548540824019 0.0449332443186 0.0184851378025481 0 0 0 0 0 0
-9999 -9999 -9999 0.464858058214365 0.470357542591376 0.459788853485896 0.443471565529096 0.425746333517612 0.39904368702232 0.366719963410789 0.326557267653359 0.296285169235496 0.282831192436933 0.314064185924361 0.402018037514508 0.410206793754888 0.449621971062382 0.499905096894885 0.495062624801169 0.479092238275257 0.475296055844631 0.479755189053163 0.485138469632936 0.476476514117534 0.466283968796935 0.461972025651649 0.462698622753159 0.464432318118893 0.461202553032741 0.458682806514705 0.458437939670897 0.459974788772308 0.462452993677931 0.46218525989151 0.461324891175717 0.460314934543668 0.459604915975552 0.407043349919945 0.357990913005838 0.302986967554001 0.261988684070574 0.234879348705821 0.20385635854637 0.190961273748147 0.173398233493016 0.15986316775207 0.149390643501588 0.130621111233089 0.111686683243552 0.0822900556902398 0.050431962972608 0.012612186663679 0 0 0 0 0 0 0
-9999 -9999 -9999 -9999 -9999 0.390868994390185 0.450989564600298 0.497773269809373 0.458901984638965 0.380485949171151 0.365935169784909 0.340083535684961 0.314976790450255 0.306134126824832 0.350005073672269 0.370685271931061 0.430496060261339 0.503660314679937 0.49776121780613 0.469473716733515 0.463137668051318 0.474014125513885 0.482577803462154 0.474806922943586 0.462693096575361 0.456880891436845 0.457249811444326 0.457804715918388 0.452682901888912 0.447383106822769 0.446470334696822 0.450020808653114 0.454597246101283 0.455936105591241 0.457301071507349 0.458438701902317 0.458741307776222 0.459930960465634 0.449313963998642 0.402723590781419 0.362181389110809 0.32805156605125 0.298019147283154 0.273370080017596 0.250784453762127 0.228497345622331 0.203909328678174 0.176485464451694 0.144573054903993 0.104694775478617 0.0597346553291901 0.00504104901114022 0 0 0 0 0 0 0
-9999 -9999 -9999 -9999 -9999 0.442325981146432 0.467772118932943 0.548932040442013 0.492505552240232 0.395994153647771 0.401834706947519 0.381670368733274 0.344965507234602 0.328145361460776 0.356209974786537 0.350768980079786 0.427382726024655 0.510348826581517 0.496803998060481 0.458710056287985 0.450736543956883 0.466886131619062 0.479557506451588 0.471947348250615 0.457842065257988 0.451514401121416 0.452226706383793 0.451243808967169 0.444013853386681 0.435571759289879 0.434069020044532 0.439315077795535 0.445285636511643 0.448225944215892 0.451077451959663 0.453773273935815 0.45603614846517 0.459016092203281 0.46071415325011 0.463167204518859 0.461991781476586 0.426102123049394 0.388751446636522 0.359244988357945 0.325808415639194 0.292942842985309 0.258155531905566 0.220302387406263 0.180569401760496 0.1318454095902 0.0760147410360604 0.00962027201561955 0 0 0 0 0 0 0
-9999 -9999 -9999 -9999 -9999 -9999 0.482976411065864 0.569802085673192 0.50426328754675 0.405053401807381 0.417195505737451 0.425612739318955 0.383829563281706 0.37679331298748 0.408530610116593 0.367719389774675 0.430966357047734 0.509649233116057 0.495579380651294 0.453005325779747 0.443205888081042 0.461150911854008 0.475517978993357 0.46893138907789 0.454552465005334 0.44743951194788 0.447482196907423 0.445916954685601 0.435897994337817 0.425142908995767 0.422408403775029 0.427610633219359 0.434394492861049 0.438102558163511 0.44108840919513 0.4457955693319 0.450331799072643 0.455378914422918 0.459022952286065 0.4622035534456 0.466111895053776 0.469049153832344 0.471443513281721 0.431314892771547 0.392330970628064 0.350347801812628 0.302155755457478 0.254653218614619 0.207366153494351 0.15786257266107 0.0973938752781607 0.022866396161897 0 0 0 0 0 0 0
-9999 -9999 -9999 -9999 -9999 -9999 -9999 0.370986700907744 0.48101464265227 0.424446600006671 0.345480110330669 0.459961754085691 0.440408152237803 0.445086840840136 0.474744174612229 0.421378057452484 0.458600866637011 0.513881181661752 0.493926889398204 0.453975646377935 0.44446223601974 0.460615253723311 0.472903948683235 0.466112466727341 0.452381248804283 0.444831346585076 0.443643980589925 0.440127997605408 0.428961116738479 0.416889848291228 0.412890420028312 0.417557753573366 0.423217702985655 0.427022571678509 0.43060887051156 0.435998799443167 0.44255989695224 0.449343566036075 0.455209699047586 0.460401828925595 0.466191167121499 0.471193882491535 0.475534515180561 0.479360199672449 0.454416304462968 0.404025099839124 0.347587070366932 0.29133623195374 0.238975555932159 0.182735940004519 0.120704174833982 0.0494256801014802 0 0 0 0 0 0 0
-9999 -9999 -9999 -9999 -9999 -9999 -9999 -9999 0.285648676276184 0.444589790684 0.321265762237799 0.407523887366693 0.513437334184426 0.516574773698352 0.545846795198343 0.50301126933218 0.504962539422252 0.512284312129257 0.489084041482053 0.465909332053801 0.453726015587749 0.462893563438931 0.4691333804043 0.462612300044797 0.451944490200385 0.443825963341549 0.439361383354326 0.433364337096359 0.422718822520993 0.411923720029371 0.407828062696266 0.410073292097566 0.413060397635065 0.418859263723724 0.421541937207873 0.428663274810952 0.437395588521076 0.443761745344379 0.453832727986607 0.460003372450573 0.468238520716733 0.476693739485805 0.481900195609226 0.487079028783568 0.488770981392486 0.455965755634793 0.392096645129746 0.329042436708887 0.271101641604764 0.208512941884585 0.147951920853872 0.0869177598323022 0.028534948430586 0 0 0 0 0 0
-9999 -9999 -9999 -9999 -9999 -9999 -9999 -9999 0.246850598493436 0.431189200933369 0.354937565492022 0.387290801021219 0.557505604663814 0.554454801481318 0.59151446835175 0.607521626918811 0.56461063369046 0.530564127527182 0.494609195031587 0.47269242946407 0.458382868450772 0.463176541853759 0.464647267379449 0.457273821734069 0.448437463435057 0.440559039473652 0.435123757772531 0.428382583090384 0.418067305277913 0.409317089715956 0.406587496653262 0.410082359475505 0.414735782297136 0.418937773560027 0.422885941759919 0.431495917327067 0.442749692575924 0.453133952331942 0.462331798882085 0.469222942596198 0.478249456461508 0.487786702431412 0.49504139083351 0.498430369654237 0.499153076199539 0.499477410962199 0.447502804463753 0.381740086563298 0.320546566246895 0.255591119140452 0.197165961559921 0.144746180447769 0.0930290765642875 0.0519917388311413 0.0148869096684202 0 0 0 0
-9999 -9999 -9999 -9999 -9999 -9999 -9999 -9999 0.345690021409287 0.409837449556014 0.411492810492971 0.403700873331414 0.481356923104236 0.518599195664038 0.504491334260537 0.585996954892793 0.607773923322119 0.553794276058084 0.519703422847304 0.494853479615283 0.465376151175221 0.468364288901101 0.458304168056614 0.4551430037983 0.446414691803132 0.436135048309566 0.430072640707298 0.423361574166258 0.411385965762269 0.406040727940958 0.40516956888662 0.410832395193193 0.422954352029901 0.42163702557757 0.427481816109309 0.437213986885163 0.449833109165837 0.470578571177406 0.47027367860924 0.479062548302777 0.489043264747697 0.49553747644963 0.51128124204636 0.510720139148733 0.508233885820369 0.50948030093087 0.503467245045667 0.445914897574771 0.380857400666378 0.317212739872363 0.261855809841643 0.21198667524566 0.168994380529424 0.127840328946541 0.0926276108478211 0.062328096923597 0.0344738877844986 0.0109624812875923 0
-9999 -9999 -9999 -9999 -9999 -9999 -9999 -9999 -9999 0.520937961652993 0.504145232806125 0.448546864816982 0.463851455430347 0.352629108675559 0.253367121770404 0.306831940737123 0.529744320881913 0.604688967243381 0.60722269691419 0.521282440814067 0.466153436666189 0.472015567962742 0.475952993463553 0.465300499706745 0.445844923816372 0.429601962805192 0.41956032607265 0.411880082280553 0.40003921680658 0.394124647693594 0.394008531793914 0.401009876174288 0.412228422039682 0.414273107824944 0.419457805946605 0.428664418158082 0.440298737443581 0.455147386628967 0.456395159464186 0.461631117648869 0.473067637880769 0.487197037028615 0.504435072632688 0.511216412676072 0.514791799425281 0.518979400923474 0.520551654086381 0.503444650441424 0.446227032306246 0.388313171167447 0.337022222468645 0.290831220103918 0.247767101480151 0.210906623236173 0.175959503962175 0.146674053832395 0.122134667658961 0.0969122061982856 0.0728544891047267
