meets/meet006/_saidas_enm/CCSM_Maxent_0k_T_nigriceps1.asc
NCOLS 154 
NROWS 168 
XLLCORNER -112 
YLLCORNER -55.5 
CELLSIZE 0.5 
NODATA_value -9999 
[rows 50 to 74 of 168, columns 55 to 109 of 154]
-9999 -9999 -9999 -9999 -9999 -9999 -9999 -9999 -9999 -9999 -9999 -9999 -9999 -9999 0.0211452022194862 0.152610540390015 0.160365104675293 0.158464670181274 0.260062962770462 0.25878494977951 0.25794181227684 0.262676268815994 0.239645808935165 0.0826599672436714 0.0216364748775959 0.0220820717513561 0.0238072071224451 0.00559410685673356 0.00570813659578562 0.00573951425030828 0.00575311528518796 0.00562832271680236 0.00582613563165069 0.00529391691088676 0.00586659368127584 0.0681579187512398 0.0658527165651321 0.176321312785149 0.183838978409767 0.186294704675674 0.181581541895866 0.0686137080192566 0.0784454494714737 0.0663155540823936 0.0201394222676754 0.0131773902103305 0.00460428046062589 0.00619984185323119 0.00553413899615407 0.00574309984222054 0.00748540461063385 0.00650547677651048 0.00561621552333236 0.0133050056174397 0.0135637959465384
-9999 -9999 -9999 -9999 -9999 -9999 -9999 -9999 -9999 -9999 -9999 -9999 -9999 -9999 0.145241603255272 0.159037500619888 0.155449271202087 0.154614344239235 0.265182852745056 0.256649881601334 0.258114546537399 0.249376550316811 0.199933752417564 0.0385256484150887 0.0114282369613647 0.00550698721781373 0.00572207011282444 0.00564337242394686 0.00554408878087997 0.00542281800881028 0.00534734129905701 0.00518106948584318 0.00497235776856542 0.00472519546747208 0.00503865536302328 0.00586174661293626 0.0628569051623344 0.0725979134440422 0.0744405016303062 0.0747475102543831 0.0720049440860748 0.0618382170796394 0.0241783410310745 0.0203449428081512 0.0162634868174791 0.0127007095143199 0.0147127034142613 0.0140067534521222 0.0138218412175775 0.0145396254956722 0.00795067567378283 0.00553568685427308 0.00627469038590789 0.0138981947675347 0.0139737110584974
-9999 -9999 -9999 -9999 -9999 -9999 -9999 -9999 -9999 -9999 -9999 -9999 0.0229175910353661 0.149156659841537 0.159909054636955 0.1568643450737 0.151969283819199 0.150912970304489 0.152381122112274 0.264754742383957 0.253872394561768 0.23821248114109 0.0661044791340828 0.0201669670641422 0.015713457018137 0.00592788355425 0.00582125224173069 0.00555828353390098 0.00538355112075806 0.00519756460562348 0.0050746169872582 0.00494628120213747 0.00474698608741164 0.00460243504494429 0.00496555538848042 0.00584066705778241 0.065407432615757 0.0713456273078918 0.0713479667901993 0.0705473870038986 0.0687614232301712 0.0616965740919113 0.0225594360381365 0.0193161908537149 0.016784930601716 0.0156805831938982 0.0147983962669969 0.0136929647997022 0.0138345221057534 0.0142095610499382 0.00716092577204108 0.00773080019280314 0.00754764303565025 0.0152366422116756 0.0143417846411467
-9999 -9999 -9999 -9999 -9999 -9999 -9999 -9999 -9999 -9999 -9999 0.0182523876428604 0.127727255225182 0.160426735877991 0.156022354960442 0.15209273993969 0.149546638131142 0.149038642644882 0.139162436127663 0.12196908891201 0.105072230100632 0.0549490377306938 0.0226614568382502 0.0193702764809132 0.0168302692472935 0.0155579727143049 0.00585979735478759 0.0054647596552968 0.00517847714945674 0.004927774425596 0.004802614916116 0.00470947101712227 0.00449971621856093 0.00444394582882524 0.00479679321870208 0.0055987830273807 0.0304533857852221 0.0679382681846619 0.0708519518375397 0.0700040459632874 0.0661117434501648 0.0605329461395741 0.021697161719203 0.0192607641220093 0.017820293083787 0.0174461957067251 0.0179071817547083 0.0177353918552399 0.00874718464910984 0.00887989345937967 0.0088352644816041 0.0185023564845324 0.0173585787415504 0.0158888008445501 0.0142766032367945
-9999 -9999 -9999 -9999 -9999 -9999 -9999 -9999 -9999 -9999 -9999 0.180679455399513 0.157964944839478 0.156967684626579 0.15205317735672 0.149395003914833 0.148871079087257 0.140467524528503 0.0961335003376007 0.0203250627964735 0.0201834607869387 0.0187519080936909 0.0186346191912889 0.0184930171817541 0.0171818975359201 0.016011506319046 0.00585618242621422 0.00538491457700729 0.00499284965917468 0.00473186699673533 0.00465993862599134 0.00454833125695586 0.00431484822183847 0.00424456503242254 0.00457358965650201 0.00529534881934524 0.0155174620449543 0.031617596745491 0.0333633050322533 0.067659392952919 0.0635246708989143 0.0237059257924557 0.0206929873675108 0.0185824371874332 0.0176053009927273 0.0180958006531 0.00935685727745295 0.00940331351011992 0.00992610119283199 0.0100797256454825 0.0205376949161291 0.0202756449580193 0.0185560174286366 0.0165158361196518 0.0146252140402794
-9999 -9999 -9999 -9999 -9999 -9999 -9999 -9999 -9999 0.00955664459615946 0.10482831299305 0.261066138744354 0.153728619217873 0.254688143730164 0.151157677173615 0.149587050080299 0.148169085383415 0.130533918738365 0.0225295852869749 0.0153594762086868 0.0153323840349913 0.0167901106178761 0.0167990867048502 0.0167625211179256 0.0164046678692102 0.0154546303674579 0.0149262417107821 0.00534999463707209 0.00495154689997435 0.00468181166797876 0.00454858597368002 0.00447225291281939 0.00427323952317238 0.00417738547548652 0.00441525690257549 0.00496264826506376 0.00565019762143493 0.0114436130970716 0.0301553457975388 0.0298983976244926 0.0111884707584977 0.0103360209614038 0.00914187077432871 0.00833793450146914 0.00813355017453432 0.00837567914277315 0.00900680664926767 0.00948542542755604 0.0212948471307755 0.0218506995588541 0.0216728243976831 0.0213134102523327 0.0199654456228018 0.00915867928415537 0.00821499899029732
-9999 -9999 -9999 -9999 -9999 -9999 -9999 -9999 -9999 0.0426472835242748 0.237588331103325 0.411779791116714 0.411612629890442 0.251110196113586 0.149844884872437 0.149067863821983 0.145363852381706 0.116731896996498 0.0185672473162413 0.00508682336658239 0.00536077376455069 0.0147604718804359 0.00578451901674271 0.0147023051977158 0.00575059186667204 0.00561129581183195 0.00555607210844755 0.00510489009320736 0.00475225038826466 0.00454598804935813 0.00446412479504943 0.00442783534526825 0.00429312651976943 0.00419659679755569 0.00425815442577004 0.0046083671040833 0.00497689843177795 0.00515014817938209 0.0099640591070056 0.00984085537493229 0.00935040879994631 0.00892762094736099 0.00827585346996784 0.00779549172148108 0.00769164226949215 0.00795673858374357 0.0177426487207413 0.0195667780935764 0.0107987467199564 0.0110979564487934 0.0144883655011654 0.0173346400260925 0.0129491267725825 0.00894605647772551 0.00827538222074509
-9999 -9999 -9999 -9999 -9999 -9999 -9999 -9999 0.0410626642405987 0.226247534155846 0.263198614120483 0.479983866214752 0.409773379564285 0.411257117986679 0.256430953741074 0.149156168103218 0.143429011106491 0.104499086737633 0.0168551672250032 0.00467597041279078 0.00464370334520936 0.00488934619352221 0.00493870675563812 0.00477800564840436 0.00473141903057694 0.00478886812925339 0.00464021321386099 0.00458213407546282 0.0044592279009521 0.00437078159302473 0.00438431929796934 0.0043669561855495 0.00431853579357266 0.00426762644201517 0.00423434190452099 0.00422848714515567 0.00423343013972044 0.00425557978451252 0.00405736453831196 0.00399096729233861 0.00406529894098639 0.00774705968797207 0.00391662307083607 0.00385113270021975 0.00386845995672047 0.0083994809538126 0.00873264763504267 0.00916833337396383 0.00952462013810873 0.0154345901682973 0.0152568267658353 0.0146517492830753 0.0138471592217684 0.0130092762410641 0.0104007581248879
-9999 -9999 -9999 -9999 -9999 -9999 -9999 -9999 0.192436322569847 0.261387377977371 0.533609390258789 0.528847217559814 0.409525901079178 0.409137427806854 0.249131560325623 0.150055065751076 0.139145135879517 0.0927886068820953 0.0156982429325581 0.00439634267240763 0.00431556161493063 0.00447705667465925 0.0044597047381103 0.00428827805444598 0.00423310091719031 0.00430101435631514 0.00422684010118246 0.00426851958036423 0.00422463286668062 0.00420993193984032 0.00425761239603162 0.00426913611590862 0.0042618028819561 0.00422013178467751 0.0041584144346416 0.00407307501882315 0.00387647212482989 0.00378998601809144 0.00356315122917295 0.00349688087590039 0.00359599897637963 0.00356797804124653 0.00362860807217658 0.00760187115520239 0.00764450244605541 0.00779970269650221 0.00795663427561522 0.0131233492866158 0.0134338345378637 0.0135306138545275 0.0133989341557026 0.0128724798560143 0.012360131368041 0.0118012754246593 0.0117290876805782
-9999 -9999 -9999 -9999 -9999 -9999 -9999 0.0565093457698822 0.442226588726044 0.519957423210144 0.53240841627121 0.526881396770477 0.410045981407166 0.250875741243362 0.251546710729599 0.149865031242371 0.130696475505829 0.0237215906381607 0.00584401004016399 0.00433912174776196 0.00429157307371497 0.00441926484927535 0.00430736783891916 0.00422732764855027 0.00417243083938956 0.00415352592244744 0.0041624023579061 0.00413669086992741 0.00410213647410274 0.00411074282601476 0.0041207829490304 0.00411918852478266 0.00412055430933833 0.00410968065261841 0.00404847972095013 0.00400239275768399 0.00391033850610256 0.00372147955931723 0.00358591135591269 0.00349420146085322 0.00347942300140858 0.00353155634365976 0.00737377908080816 0.00736551685258746 0.0074007622897625 0.00983169954270124 0.0121164610609412 0.0123714124783874 0.0126125318929553 0.0125989196822047 0.0123910987749696 0.0120077515020967 0.0115008316934109 0.0109648359939456 0.0109066786244512
-9999 -9999 -9999 -9999 -9999 -9999 -9999 0.0992054790258408 0.328975707292557 0.517727136611938 0.52699488401413 0.414174020290375 0.413289546966553 0.252906322479248 0.253792762756348 0.242576077580452 0.111082389950752 0.0209833830595016 0.0056156893260777 0.00434901239350438 0.00426618009805679 0.00440386077389121 0.00431017577648163 0.00422941613942385 0.00418122299015522 0.00417393678799272 0.00416146218776703 0.00412826891988516 0.00407348899170756 0.00404356885701418 0.00403723726049066 0.00401285104453564 0.00399980880320072 0.00397322373464704 0.00393655430525541 0.00391274876892567 0.00387305906042457 0.00377693749032915 0.00367902405560017 0.00360540533438325 0.00752449641004205 0.00747925881296396 0.00739074638113379 0.00731205800548196 0.00959051493555307 0.0115990554913878 0.0116116367280483 0.0117846969515085 0.0118825109675527 0.0118525046855211 0.0117259630933404 0.0113601265475154 0.0109893279150128 0.0105182640254498 0.010399823077023
-9999 -9999 -9999 -9999 -9999 -9999 -9999 0.0958910584449768 0.258773982524872 0.496826261281967 0.519550442695618 0.406313866376877 0.416107326745987 0.254478871822357 0.254701733589172 0.234597086906433 0.168408244848251 0.0370521694421768 0.0106390509754419 0.00858315452933311 0.00840345211327076 0.00434446800500154 0.00424451800063252 0.00417088903486729 0.00412868848070502 0.00412969989702106 0.00413840264081955 0.00409048516303301 0.00405047228559852 0.00399555405601859 0.00395621685311198 0.00392801454290748 0.00388999958522618 0.00384564674459398 0.00381111004389822 0.00379726896062493 0.00375523138791323 0.0037137963809073 0.00366117130033672 0.00757025042548776 0.00745773920789361 0.00733646610751748 0.00721692852675915 0.00941101834177971 0.0112667195498943 0.0111718773841858 0.0110760265961289 0.0111877927556634 0.0112362299114466 0.0112010780721903 0.0111151598393917 0.0108770756050944 0.0106552978977561 0.0102664530277252 0.010159601457417
-9999 -9999 -9999 -9999 -9999 -9999 -9999 -9999 0.133494034409523 0.467207789421082 0.512150406837463 0.394737124443054 0.406265109777451 0.252206891775131 0.24557301402092 0.227493226528168 0.0970386415719986 0.0332941971719265 0.00996289029717445 0.00816657859832048 0.00791207421571016 0.00803174171596766 0.0164782889187336 0.0162117481231689 0.0160560961812735 0.0160648617893457 0.0160713419318199 0.0159816853702068 0.0158120859414339 0.0155761977657676 0.0153546184301376 0.0151658980175853 0.0157271157950163 0.015603736974299 0.0154728638008237 0.00786584056913853 0.00777383288368583 0.00770856998860836 0.00759684108197689 0.00745432171970606 0.00733081810176373 0.00717820227146149 0.0220576338469982 0.0217415578663349 0.0205767229199409 0.0204232316464186 0.0202520675957203 0.0203595757484436 0.0203712936490774 0.0203347206115723 0.0202812198549509 0.0200053937733173 0.019839808344841 0.0194690506905317 0.0122082056477666
-9999 -9999 -9999 -9999 -9999 -9999 -9999 -9999 -9999 0.454103201627731 0.376295119524002 0.381322264671326 0.394345611333847 0.242773279547691 0.235833913087845 0.197250083088875 0.0427169390022755 0.0303458478301764 0.00937795639038086 0.0079403780400753 0.00778661668300629 0.016437029466033 0.0161312315613031 0.0158957745879889 0.0157665088772774 0.0157723259180784 0.0157541558146477 0.0156629141420126 0.0155465379357338 0.0153357554227114 0.0150428805500269 0.0148158427327871 0.0148384813219309 0.0148454587906599 0.0147599726915359 0.0146529842168093 0.0144497258588672 0.0143141290172935 0.0140517577528954 0.013773400336504 0.0135499443858862 0.0210451241582632 0.020744564011693 0.0204373188316822 0.0202473402023315 0.0202233754098415 0.0202553234994411 0.0202855337411165 0.0203879941254854 0.0204253457486629 0.0203812047839165 0.0203236825764179 0.0202853064984083 0.0203123670071363 0.0170521549880505
-9999 -9999 -9999 -9999 -9999 -9999 -9999 0.056977454572916 0.198851749300957 0.36680856347084 0.392000705003738 0.386412352323532 0.389888614416122 0.23463562130928 0.226503863930702 0.16580456495285 0.0360110476613045 0.0108225448057055 0.00895706191658974 0.00777230830863118 0.0157920736819506 0.0159035120159388 0.0157554615288973 0.0157365500926971 0.0156382918357849 0.0155226560309529 0.0154134538024664 0.0152982817962766 0.0151907308027148 0.0150378756225109 0.0148731861263514 0.0147557947784662 0.0147684337571263 0.0148044982925057 0.0147567428648472 0.0147151323035359 0.0145884621888399 0.014440874569118 0.0142040988430381 0.0138919502496719 0.0136085655540228 0.0211919993162155 0.0209395289421082 0.0207379702478647 0.0205285176634789 0.0203962624073029 0.020324595272541 0.020491112023592 0.020675553008914 0.0207669083029032 0.0207264106720686 0.0207216050475836 0.0208971220999956 0.0212914533913136 0.0220918133854866
-9999 -9999 -9999 -9999 -9999 -9999 0.0203215815126896 0.0649556368589401 0.317294716835022 0.392902553081512 0.390512138605118 0.389544755220413 0.384339064359665 0.226443931460381 0.191058829426765 0.0433150343596935 0.0290872044861317 0.00917022582143545 0.00821212399750948 0.0156719572842121 0.015202441252768 0.015195575542748 0.0151855833828449 0.0154265239834785 0.0153981745243073 0.0151527402922511 0.0150164598599076 0.0148525517433882 0.0147751290351152 0.0147289587184787 0.014671073295176 0.0147048169746995 0.0146409133449197 0.0147123951464891 0.014740445651114 0.0147534478455782 0.0147972172126174 0.0146326115354896 0.0145352631807327 0.0142644820734859 0.0182767640799284 0.0215250477194786 0.0212639048695564 0.0210905522108078 0.0208138190209866 0.0205534938722849 0.0203094873577356 0.0206340625882149 0.0209784265607595 0.021159315481782 0.0210928805172443 0.0210709702223539 0.0215846747159958 0.0222336798906326 0.0234011746942997
-9999 -9999 -9999 -9999 -9999 -9999 0.024000795558095 0.0654282197356224 0.198147848248482 0.358027935028076 0.3768510222435 0.36229419708252 0.370841979980469 0.198295444250107 0.161576390266418 0.0752335637807846 0.0205824710428715 0.0175320859998465 0.0157973319292068 0.014499532058835 0.0144859552383423 0.014498190023005 0.0145999751985073 0.0147394007071853 0.0147474631667137 0.0146854370832443 0.0145171377807856 0.0144576663151383 0.0144008249044418 0.0143681112676859 0.0143996244296432 0.0144329844042659 0.0144816543906927 0.0145650962367654 0.0146412933245301 0.0147382197901607 0.0147871682420373 0.0147327268496156 0.0192434545606375 0.0229058843106031 0.0224517155438662 0.021984625607729 0.0216166563332081 0.021315410733223 0.0210259407758713 0.0208059623837471 0.0207008048892021 0.0209045559167862 0.0211972780525684 0.0214353762567043 0.0215583350509405 0.0218641273677349 0.0224648006260395 0.0234415531158447 0.0248521119356155
-9999 -9999 -9999 -9999 -9999 -9999 -9999 0.0640161111950874 0.0922984406352043 0.316799342632294 0.340873599052429 0.336013406515121 0.376065671443939 0.212301522493362 0.313188284635544 0.166903123259544 0.020112132653594 0.01778912730515 0.0151622435078025 0.0136128580197692 0.0140048284083605 0.0139005891978741 0.0144274523481727 0.0143451122567058 0.0143670802935958 0.0144714703783393 0.0141677418723702 0.0187495648860931 0.0185696594417095 0.0223826058208942 0.0225278008729219 0.0225264802575111 0.0227215234190226 0.0228390507400036 0.0229969210922718 0.0232436750084162 0.0233882423490286 0.0233099143952131 0.0232007578015327 0.0229390617460012 0.0226508099585772 0.022343348711729 0.0219734851270914 0.0216116532683372 0.0213403683155775 0.021224157884717 0.0210997853428125 0.021302929148078 0.0215252861380577 0.0217647850513458 0.0219537224620581 0.0224780049175024 0.0233114119619131 0.0245644524693489 0.0260615777224302
-9999 -9999 -9999 -9999 -9999 -9999 -9999 0.0626912787556648 0.0720519572496414 0.179303497076035 0.35539048910141 0.384823948144913 0.367675215005875 0.477993369102478 0.2405164539814 0.222551897168159 0.0948972105979919 0.0578344389796257 0.0147873954847455 0.0118224686011672 0.0130900656804442 0.014931078068912 0.0148633923381567 0.0144408699125051 0.014363469555974 0.014569791033864 0.0192741844803095 0.0228343866765499 0.0222444124519825 0.0220192931592464 0.022174347192049 0.0224314108490944 0.0223057195544243 0.0223392527550459 0.0224667526781559 0.0226983148604631 0.0229306221008301 0.0229124836623669 0.0228556375950575 0.0227619279175997 0.0226531755179167 0.0225197859108448 0.0222947765141726 0.022092442959547 0.0219318550080061 0.0218452289700508 0.0218413025140762 0.0219461098313332 0.0220981780439615 0.0222589261829853 0.0222862716764212 0.0227080620825291 0.0238980371505022 0.0254827030003071 0.0271368306130171
-9999 -9999 -9999 -9999 -9999 -9999 -9999 0.0568432249128819 0.0647992268204689 0.0899890586733818 0.386292934417725 0.408568888902664 0.403895050287247 0.412125498056412 0.249318346381187 0.248554974794388 0.22882516682148 0.0387493036687374 0.0143609819933772 0.0158819556236267 0.0124370129778981 0.0157555378973484 0.0154123706743121 0.01429876498878 0.0141075365245342 0.0191266238689423 0.0238359700888395 0.0229161735624075 0.0218486078083515 0.0214836653321981 0.0217036679387093 0.0220077317208052 0.0217778645455837 0.0215312428772449 0.0216300673782825 0.0219371952116489 0.0223343372344971 0.0224097352474928 0.0224387552589178 0.0224806126207113 0.0225816257297993 0.022618317976594 0.0225695930421352 0.0225587505847216 0.0225047823041677 0.0225070491433144 0.0225718393921852 0.0226411111652851 0.0227337758988142 0.0228239335119724 0.0226618759334087 0.022937374189496 0.0245265252888203 0.0264557190239429 0.0282140783965588
-9999 -9999 -9999 -9999 -9999 -9999 -9999 -9999 -9999 0.226320892572403 0.399701535701752 0.410623669624329 0.409891456365585 0.413697123527527 0.41314485669136 0.411506414413452 0.246516019105911 0.10976118594408 0.0138791725039482 0.0133240222930908 0.0113237677142024 0.0158613510429859 0.0154010877013206 0.0134762711822987 0.0131362834945321 0.0183467417955399 0.0232369881123304 0.0224428921937943 0.021219851449132 0.0207293927669525 0.0209161788225174 0.0211152452975512 0.0207259766757488 0.0203169845044613 0.0203567128628492 0.0207745768129826 0.0213714353740215 0.021625705063343 0.021856963634491 0.0221109967678785 0.0222888067364693 0.0225561652332544 0.0226639080792665 0.0228291563689709 0.0229584295302629 0.0230337549000978 0.023181926459074 0.0232684593647718 0.023386362940073 0.0234421379864216 0.0232570804655552 0.0237432569265366 0.0251368097960949 0.0272122491151094 0.0293217021971941
-9999 -9999 -9999 -9999 -9999 -9999 -9999 -9999 -9999 0.285701066255569 0.403731763362885 0.409849554300308 0.415557593107224 0.416978120803833 0.414727687835693 0.411953836679459 0.408146947622299 0.191204130649567 0.0136679839342833 0.0121217472478747 0.0111369788646698 0.0162241570651531 0.0151829421520233 0.0126665104180574 0.0161313358694315 0.0175675861537457 0.0226602423936129 0.0219135563820601 0.0205218065530062 0.020003255456686 0.0202304180711508 0.0202660858631134 0.0197154376655817 0.0190424453467131 0.0190361551940441 0.0196662414819002 0.020285464823246 0.0206883251667023 0.0210694894194603 0.0214378051459789 0.0218096990138292 0.0222389195114374 0.0225267261266708 0.0228724852204323 0.0231315102428198 0.0233480632305145 0.0236337631940842 0.0237422902137041 0.0239032134413719 0.02394974604249 0.0237254053354263 0.0240900535136461 0.0251201540231705 0.026988759636879 0.0294032078236341
-9999 -9999 -9999 -9999 -9999 -9999 -9999 -9999 -9999 -9999 0.393254190683365 0.416497468948364 0.423272460699081 0.419746577739716 0.412423372268677 0.412805199623108 0.408876568078995 0.377813249826431 0.0167968217283487 0.0131085207685828 0.0112466178834438 0.0160663723945618 0.0149611923843622 0.0161312185227871 0.015466189943254 0.0204771365970373 0.0220342688262463 0.0214114878326654 0.020052233710885 0.0194768626242876 0.0196001660078764 0.0195792745798826 0.018796294927597 0.0179781168699265 0.0178629700094461 0.0184272266924381 0.0191420745104551 0.0195885542780161 0.0199068877846003 0.0204664096236229 0.0210256837308407 0.021623307839036 0.0220977067947388 0.0225310008972883 0.0230462104082108 0.0234702043235302 0.0238279495388269 0.0241392254829407 0.0242847446352243 0.0243385303765535 0.024011405184865 0.0238734316080809 0.0244224220514297 0.0254291016608477 0.0281275175511837
-9999 -9999 -9999 -9999 -9999 -9999 -9999 -9999 -9999 -9999 -9999 0.418192505836487 0.42763751745224 0.422214150428772 0.410371631383896 0.411416351795197 0.410917431116104 0.399916470050812 0.0556600652635098 0.0107300132513046 0.012717567384243 0.0163154657930136 0.0147991050034761 0.0161229036748409 0.0186985712498426 0.020293889567256 0.0215960945934057 0.0209770370274782 0.0197078268975019 0.0191015806049109 0.019116684794426 0.0189154017716646 0.0180584173649549 0.0171522069722414 0.0169361308217049 0.0174210574477911 0.0179881080985069 0.0184123199433088 0.0188152734190226 0.0193400923162699 0.0200679451227188 0.0208267886191607 0.0215047989040613 0.0220993272960186 0.0228104833513498 0.0234878212213516 0.0240434370934963 0.0244368501007557 0.0245388932526112 0.0244977008551359 0.0239680502563715 0.0238439496606588 0.0242588967084885 0.0252239666879177 0.0279180742800236
-9999 -9999 -9999 -9999 -9999 -9999 -9999 -9999 -9999 -9999 -9999 -9999 0.430420458316803 0.426664561033249 0.407744437456131 0.408947855234146 0.41329824924469 0.410979211330414 0.0866541936993599 0.0155859682708979 0.0157278012484312 0.0161717813462019 0.0144478352740407 0.0169885084033012 0.0194561313837767 0.0203905384987593 0.0210644192993641 0.0205037537962198 0.0195692572742701 0.0189181808382273 0.0186245478689671 0.0181954577565193 0.0174116920679808 0.0166428927332163 0.0253529418259859 0.0257043354213238 0.0168559905141592 0.0173575673252344 0.0175893157720566 0.0182549264281988 0.0191093031316996 0.0196926444768906 0.0207711774855852 0.0214613415300846 0.0223829820752144 0.0234316512942314 0.0240703858435154 0.0246586110442877 0.0247775539755821 0.0247856099158525 0.0244750194251537 0.0244130920618773 0.0251761190593243 0.026500791311264 0.0286010485142469
