meets/meet006/_saidas_enm/CCSM_Maha_0k_T_nigriceps3.asc
NCOLS 154 
NROWS 168 
XLLCORNER -112 
YLLCORNER -55.5 
CELLSIZE 0.5 
NODATA_value -9999 
[rows 75 to 99 of 168, columns 56 to 111 of 154]
-9999 -9999 -9999 -9999 -9999 -9999 -9999 -9999 -9999 -9999 -9999 -8.92786263040526 -1.48685473311122 -0.472847205930696 -1.01833215293191 -0.197556973482435 0.0642811922201134 0.24407648666231 0.344586230889274 0.105867574051471 0.066871819714113 0.00826220788531573 -0.052932325216468 -0.09811361733594 0.0752092747487914 0.166384545045077 0.282352824518756 0.37642463557471 0.442989493150868 0.541507147139093 0.639384977902439 0.734108249231456 0.783659107260138 0.804446465359554 0.818667818794941 0.807684706628249 0.794840165783166 0.764352806008364 0.718243298581239 0.660353184380702 0.602203674800527 0.550627667479935 0.505225222920644 0.413025312717679 0.267202669686759 0.230080895596537 0.269924148541779 0.212428091126357 0.0918510705371369 -0.0677272697449676 -0.287893389490077 -0.343215022457095 -0.379730328937963 -0.385270354118193 -0.308041690282704 -0.298868008554216
-9999 -9999 -9999 -9999 -9999 -9999 -9999 -9999 -9999 -9999 -9999 -10.1048681515874 -2.12361922802203 -0.528941335625925 -0.448099861363375 -0.717890448779823 -0.12292014386838 0.652772265941532 0.807807699646838 0.51709518685694 0.0198417268313716 0.159248029520334 0.208838584649629 0.0572717261210405 0.181360567795207 0.149015708483187 0.283275112054311 0.392867559693633 0.453179403590961 0.518090994696305 0.596755157879073 0.702840794610299 0.758326010446176 0.771721393224899 0.784118224529079 0.754980073585091 0.768906383107635 0.752359069133196 0.724069578762031 0.698516438848396 0.611663083440096 0.56087626511681 0.464504645152444 0.418520840250575 0.384873095434913 0.308701413566858 0.20569790796897 0.187320251574757 0.158346484583826 0.0924014857340316 0.00128459203379072 -0.0824499043602875 -0.0962989049573495 -0.109663501814372 -0.0677410967315 -0.0780510969895398
-9999 -9999 -9999 -9999 -9999 -9999 -9999 -9999 -9999 -9999 -9999 -9999 -5.46001313789728 -0.764079902290721 0.00767290450192837 -0.200953198182416 0.529511268557654 0.379814056014516 0.27063656738048 0.673389993373824 0.624096833995554 0.412442814193604 0.258837635584187 0.030713592157451 0.261073090150087 0.343461130574369 0.416694092999502 0.445616177086681 0.45627078957984 0.516930562280388 0.599826963534519 0.707948116791693 0.770434129937948 0.790467786507834 0.793727699177033 0.764222247901558 0.762735574736751 0.739803243436412 0.712023788573146 0.68260476922587 0.596421084319432 0.472289259549241 0.303096940201666 0.240392322811763 0.313513744222713 0.387213291869618 0.344184425459968 0.229497114225862 0.1170611695755 0.178933673600147 0.173773175747446 0.144909814856059 0.110095376005837 0.07752674488543 0.0832754686211066 0.0286611796736663
-9999 -9999 -9999 -9999 -9999 -9999 -9999 -9999 -9999 -9999 -9999 -9999 -11.706007809356 -4.59511956235609 -0.623352312577243 -0.279745997509314 0.298947159965437 1 0.555203410821289 0.179356017874926 0.534907630074518 0.686446856126046 0.27748599897197 -0.125552918855877 0.48672290837487 0.513424063340634 0.517643219710005 0.468477531297626 0.430548682706853 0.520302940313149 0.595366625308173 0.699741445756441 0.773734255110649 0.806856687398959 0.821324868961216 0.796297923252969 0.775591269519669 0.74247171958188 0.714909500528644 0.70554106287742 0.653700510832288 0.485755300689189 0.23253302933867 0.341520949084996 0.240260720622206 0.291320945608731 0.303705781832114 0.275068522390781 0.169454399429307 0.0530437361081412 0.166818064118093 0.128000414233509 0.0866885557323477 0.0822432394562918 0.0294818116875989 -0.106831194083664
-9999 -9999 -9999 -9999 -9999 -9999 -9999 -9999 -9999 -9999 -9999 -9999 -9999 -10.2529525966003 -2.06433245890418 -0.0857055198434591 0.511862530678858 1 0.762692573387808 -0.181348995709028 -0.445564628906941 0.196028594633655 0.510554402282652 -0.234222576874118 -0.107267646173801 0.281385894061204 0.445874970648715 0.306152843414997 0.375706784777994 0.514376429522443 0.595692452946042 0.700035921667574 0.763008765779776 0.803929147943706 0.825786624489919 0.801711895136971 0.793198931524482 0.75834383042584 0.728041571027972 0.708636725445809 0.661339636560554 0.535164241244671 0.27480565988682 0.32828001991654 0.315742936508563 0.164331368753902 0.16396930023808 0.196841714494406 0.1356993425082 -0.00977107308267411 -0.0776618033998315 -0.0116457040571414 -0.0310084631066081 -0.0775408827388704 -0.119964784107417 -0.205740169410875
-9999 -9999 -9999 -9999 -9999 -9999 -9999 -9999 -9999 -9999 -9999 -9999 -9999 -16.6577826039282 -3.68961175090222 -0.25669493926398 0.556663340139594 -1.48262208209746 -1.35829115219374 0.391921563271448 0.0821276222101315 0.16221981411622 0.294542027902472 -0.203849347070607 0.0667089737122812 -0.653819158130628 -0.0972900270178745 0.0661813364059337 0.067221517822555 0.451372798343966 0.521324777515218 0.661819008595617 0.742078365600935 0.802220726906151 0.832948962385769 0.800286806438099 0.843319356096461 0.812135154333982 0.770357559632214 0.726969587272877 0.648278921805786 0.607777358466224 0.433038578386214 0.262115559480326 0.26014026504607 0.227327384410728 0.0821674288960037 0.12950317452132 0.0970753701376827 -0.0265625929299276 -0.224994252907057 -0.371469482015618 -0.312817718327562 -0.279676107351984 -0.256799032305289 -0.348624300588731
-9999 -9999 -9999 -9999 -9999 -9999 -9999 -9999 -9999 -9999 -9999 -9999 -9999 -9999 -6.4142167119216 -2.37281291511508 0.659221407199678 -1.7712089747728 -2.05446204161904 0.13084362330539 0.540661708149335 0.641279066865559 -0.0382279126863816 0.0830215624167959 0.119861102947226 0.788602581739072 0.720900158339473 -0.0725035692156606 -1.09239989542778 -0.107719159400712 0.234149378143737 0.590354909916122 0.689220489606399 0.771695325298828 0.836797027375496 0.87418959802369 0.89697951606743 0.887739007559008 0.858624864160781 0.801625107464873 0.722364595880309 0.663560362389784 0.573998984883947 0.44740840475746 0.244468231983552 0.100873994252434 0.114233261077714 0.0757703476420615 0.0534663366047998 -0.102872201924355 -0.347757936943477 -0.51292106806439 -0.595534698898957 -0.465539983551196 -0.242635891959178 -0.184144119449347
-9999 -9999 -9999 -9999 -9999 -9999 -9999 -9999 -9999 -9999 -9999 -9999 -9999 -9999 -13.3161385062107 -3.91213598992883 -0.768604532810878 -1.12291203017257 -2.16369832636195 -0.380760077657871 1 -0.337612653774351 0.119625438808249 -0.736133703079606 -1.47449349993283 1 0.389732317260142 1 0.649316994063247 -0.289564706845586 -0.655630903731216 0.189365855317912 0.531738504955864 0.616314397343523 0.705143738001851 0.776638996161269 0.775813435893335 0.710569521759675 0.725106080275072 0.758556545664322 0.768329372170135 0.711504463518255 0.644053745789832 0.509842465291281 0.338175569101209 0.160543695414969 0.0828054998524642 -0.00154101770858883 -0.0281750102444411 -0.172690349324244 -0.36603412193033 -0.539758897337674 -0.661700138455491 -0.603795290395204 -0.243599000298979 0.0125677065636209
-9999 -9999 -9999 -9999 -9999 -9999 -9999 -9999 -9999 -9999 -9999 -9999 -9999 -9999 -9999 -12.7040177002461 -3.46795289347256 0.194284774904897 -1.37295761842041 -1.20136650899831 -0.758146692944717 0.610476049153174 -0.5640431485156 1 1 1 -0.304979460253557 -1.26300120449896 -0.316035442992812 0.0447594850404192 -0.609454217608958 -0.0156656820948642 0.364042718587557 0.405941462024332 0.549762761824473 0.511038616857609 0.486357842132468 0.428580328878082 0.384891037359451 0.268778592170156 0.292044968672307 0.587902687826294 0.669877520018156 0.529207585476303 0.380356509791771 0.208496389410263 0.0627400310254529 -0.0673656298170078 -0.127626838378553 -0.236152505137763 -0.367184217111886 -0.499005473427841 -0.546464556137491 -0.452537453921861 -0.241056771586886 -0.195870012102133
-9999 -9999 -9999 -9999 -9999 -9999 -9999 -9999 -9999 -9999 -9999 -9999 -9999 -9999 -9999 -21.5443584684297 -7.42639690666648 0.0144602718489484 -0.722430505286823 -2.16924211921896 -5.22067751619335 -2.52945667527938 -3.62593730038901 -2.53716882242373 -2.6440482995694 -0.902809891786758 0.453268745035076 0.632752624928375 0.0614114468417134 0.487320201140371 0.792568647050837 -0.153553850411954 -0.283685641515067 0.214723031924484 0.564198956723983 0.304717863815059 0.336830693723133 0.189063590388898 -0.134174837599186 -0.113529885091214 0.0981902442347287 0.333241704930406 0.681871499562029 0.53490196567448 0.401863454984653 0.238388767266226 0.0392041110676536 -0.138254963554902 -0.234075353625997 -0.35084427686647 -0.17904615210849 -0.134318097118201 -0.176621671096908 -0.0779794520442545 0.0394885353686534 -0.069980263207543
-9999 -9999 -9999 -9999 -9999 -9999 -9999 -9999 -9999 -9999 -9999 -9999 -9999 -9999 -9999 -21.2389543419759 -13.2365498450122 -1.91073305030267 -1.49447573515376 -1.86696673947597 -3.78288934508512 -6.46220176240258 -9.20270035345899 -9.30579934064288 -7.21710200888476 -5.92162528056969 -4.13798940931386 -2.49487382500887 -1.02300184995288 -0.70145267433302 -0.496112557646147 -0.156756500489717 -0.23754513989269 -0.311060561941746 0.513469299323176 0.670333095035577 0.507957912763959 0.12719055199189 -0.354455267671181 -0.243601351216581 -0.163599488521655 0.383819091020324 0.713270208873538 0.569519744322795 0.406906332675564 0.27649107023672 0.0846796957722371 -0.172188676646569 -0.303311935583301 -0.142739503146909 -0.0840297488880195 0.193276494558792 0.366108072678047 0.504475271183064 0.621460353878684 0.698166620946519
-9999 -9999 -9999 -9999 -9999 -9999 -9999 -9999 -9999 -9999 -9999 -9999 -9999 -9999 -9999 -9999 -21.4539145612256 -6.74043470331504 -0.862328782937636 -2.80224710391152 -3.89997267131811 -5.82018189852073 -6.4604877767857 -7.36431821017825 -8.10906460554548 -8.98410225204119 -10.4461838889876 -8.3635552704 -4.57781817763094 -2.71824942139594 -1.04526881001486 -0.546499323665047 -0.0248470165452208 -0.83748653031624 -0.334870147926193 0.622916078543139 0.817668412821825 0.621295602464556 0.117387498320718 -0.0753688789861793 -0.0614479782007169 0.241027306586738 0.783970003433317 0.571836630305187 0.458349397144146 0.371974401980705 0.225795382185478 -0.0756950915945056 0.124437767119749 0.300506355066248 0.300822807527189 0.613564526078236 0.774842531494874 0.869103992516595 0.942598101883287 0.973176760750965
-9999 -9999 -9999 -9999 -9999 -9999 -9999 -9999 -9999 -9999 -9999 -9999 -9999 -9999 -9999 -9999 -9999 -19.5497051698466 -10.1393665152242 -1.08049151611345 -2.04056143258715 -4.45585886438946 -5.20684385354474 -7.62710992522013 -8.24705393899259 -10.611345530968 -13.2161009205397 -14.5887005450128 -8.81785386085918 -2.63760520734434 -2.67577291298354 -0.89534346152834 0.566928602280167 0.670219804634678 -0.168383994484425 -0.122610494478363 0.657656174702152 0.916920604113781 0.88636479782111 0.776065736735138 0.846079483150434 0.85659753557368 0.78770270397234 0.662279734824646 0.620977851139441 0.53815975895597 0.347533211120672 0.342044961750926 0.598592071457948 0.748818649722153 0.869154319818589 0.899736284760288 0.883628857279155 0.885667892234968 0.930474817685375 0.968125026330628
-9999 -9999 -9999 -9999 -9999 -9999 -9999 -9999 -9999 -9999 -9999 -9999 -9999 -9999 -9999 -9999 -9999 -9999 -9999 -12.2296139603413 -2.94776374664224 -2.05050617711357 -2.89090324441242 -4.36688568670131 -6.64377038098036 -10.6211959623084 -14.1317028646557 -16.7016478532021 -13.7004894531225 -5.73683632397455 -2.44261157092833 -2.05934213753309 -0.489824059177633 1 0.817567680965171 -0.0995607179193811 -0.525449935296381 0.433957963910843 0.779401670814674 0.898031306136757 0.723165625726153 0.827108470727812 0.791506363818294 0.745120020483589 0.700417934691123 0.580696917261352 0.399914539974147 0.448839507697076 0.688983181238988 0.83217746269372 0.848621254105946 0.815269072209198 0.682541261679536 0.661147483877818 0.766645658304711 0.861109722822893
-9999 -9999 -9999 -9999 -9999 -9999 -9999 -9999 -9999 -9999 -9999 -9999 -9999 -9999 -9999 -9999 -9999 -9999 -9999 -9999 -9999 -15.6669831487069 -9.29908903497834 -5.56419399127217 -4.11966867952157 -5.7504135384749 -10.238954162953 -14.3426745278343 -13.7883065208693 -11.5393061897348 -6.75091848799482 -2.88856221283986 -1.45686749978407 -0.331665723144915 0.732133410423142 1 0.45395124508649 -0.0302259125589159 0.243837863791131 0.758419409686941 0.850484099879821 0.849696018496158 0.761237982813282 0.747649307365721 0.642365836463891 0.542309902857198 0.395277820639483 0.332050829257087 0.592588371048091 0.796504969981616 0.789036393533167 0.699553800335963 0.566658126419503 0.522945669270773 0.570088184056026 0.702661516458606
-9999 -9999 -9999 -9999 -9999 -9999 -9999 -9999 -9999 -9999 -9999 -9999 -9999 -9999 -9999 -9999 -9999 -9999 -9999 -9999 -9999 -9999 -9999 -15.6725972788782 -7.21057126651921 -3.40619748141243 -5.94693853716582 -11.0985260282601 -12.0675070091253 -11.86964113982 -11.5512966716916 -4.54797164758215 -1.51837497704666 -0.56796699981718 0.597586953309632 0.397433972049301 0.453220197134514 0.397814250394954 0.386185748752517 0.734294240692901 0.645281924594101 0.630801421723948 0.517809744822447 0.49603878870698 0.473249411703153 0.385155181542014 0.290640649238781 0.367190530951035 0.592043285037869 0.766032406709598 0.745062210766169 0.634114511884793 0.461958647811223 0.36832645642829 0.388382463831937 0.484122026617397
-9999 -9999 -9999 -9999 -9999 -9999 -9999 -9999 -9999 -9999 -9999 -9999 -9999 -9999 -9999 -9999 -9999 -9999 -9999 -9999 -9999 -9999 -9999 -9999 -9999 -7.72579247554681 -2.8848299853389 -5.84422831523625 -10.0243395080893 -10.6556445850084 -10.629566385484 -9.40092760932833 -6.01551753460586 -1.16473878002137 -0.639880833877548 0.0849343148637735 1 1 1 1 0.966973840896764 0.810989080181435 0.255036098962956 0.142702532574405 0.13989499352285 0.0979003300634984 0.262583795234567 0.44914731649069 0.630764679355384 0.741458602977002 0.705564234005013 0.55328988376533 0.316698304210676 0.19953111331066 0.239182721918881 0.288320953152143
-9999 -9999 -9999 -9999 -9999 -9999 -9999 -9999 -9999 -9999 -9999 -9999 -9999 -9999 -9999 -9999 -9999 -9999 -9999 -9999 -9999 -9999 -9999 -9999 -9999 -21.1562149918727 -7.10096174058537 -2.76531869975542 -7.42731461557389 -10.5600603590819 -9.38918602702077 -9.25990037835686 -9.91533571556092 -8.46835103401055 -1.70969452369342 0.210669823530667 -0.404038875527895 1 1 0.670239040767487 1 1 0.360957833640019 -0.0348891640128908 -0.044443691116941 -0.0218301923937636 0.122082151405854 0.298256878709924 0.515586334266976 0.665492190481992 0.634427895209543 0.435553471197401 0.19886274963228 0.104977503792034 0.1778958432119 0.193401927514622
-9999 -9999 -9999 -9999 -9999 -9999 -9999 -9999 -9999 -9999 -9999 -9999 -9999 -9999 -9999 -9999 -9999 -9999 -9999 -9999 -9999 -9999 -9999 -9999 -9999 -9999 -9999 -6.07495702115129 -3.09441892409563 -9.98945863177025 -8.32986704351699 -8.37521920879407 -8.98756637549472 -8.45096392772292 -7.31860551091725 -4.56404021402741 -0.527723993122401 -0.767677457318989 0.425071898912177 0.702538180603767 1 0.827090235174442 0.360126039699256 -0.0157400099976428 -0.0613634945639607 -0.0986356077306241 -0.00523086433351394 0.152287472680915 0.24668424732214 0.500086653701096 0.474910696781113 0.305789232765812 0.109405935390635 0.0783542980123896 0.198203407986158 0.227685202810918
-9999 -9999 -9999 -9999 -9999 -9999 -9999 -9999 -9999 -9999 -9999 -9999 -9999 -9999 -9999 -9999 -9999 -9999 -9999 -9999 -9999 -9999 -9999 -9999 -9999 -9999 -9999 -9.59514689043961 -2.87130560433487 -6.60931758406507 -7.44963492093427 -7.2153062324619 -9.09843665203875 -9.46411629489692 -7.90841389791657 -6.1540388724148 -2.56917391517456 -0.88707269337285 0.429579739327882 0.757702685151318 1 0.918756951869362 0.890658550562275 0.502045744168835 0.221297180960827 -0.0527320053562885 0.0642256289998092 0.257996809878201 0.370637630181692 0.268790143245759 0.218386607279803 0.182341336806037 0.172570923793731 0.198552767935909 0.284208779198256 0.35855567890254
-9999 -9999 -9999 -9999 -9999 -9999 -9999 -9999 -9999 -9999 -9999 -9999 -9999 -9999 -9999 -9999 -9999 -9999 -9999 -9999 -9999 -9999 -9999 -9999 -9999 -9999 -9999 -9999 -3.02764300703908 -4.02308708433263 -7.32696819495622 -6.24942043697961 -10.2168451680863 -11.79342409635 -8.87599176466351 -5.90900130245902 -2.99937931989494 -1.41417820636472 -0.311785855514815 1 1 0.905639748499722 0.793175930786509 0.650078080067299 0.561826297316441 0.205366258749774 0.258397825314479 0.280584375189687 0.240287971117188 0.282132919336715 0.0922818236130653 0.0668841662436779 0.229183534712659 0.310293392069005 0.407420246325374 0.486533953054678
-9999 -9999 -9999 -9999 -9999 -9999 -9999 -9999 -9999 -9999 -9999 -9999 -9999 -9999 -9999 -9999 -9999 -9999 -9999 -9999 -9999 -9999 -9999 -9999 -9999 -9999 -9999 -9999 -3.65196743172953 -3.34134391916302 -6.85020395755986 -6.73204123464954 -11.7600692153748 -14.4054965097358 -10.9267475146685 -6.4634556098151 -2.60440340520972 -0.87207004056325 -0.449153457307194 0.965205728496952 1 1 0.482919212930317 0.522632879598751 0.835228449726401 0.755425837970754 0.381888070527326 0.346125980312109 0.324746588755673 0.160501217505257 0.192165775529381 -0.0234900590867997 0.215956650270065 0.362243159603308 0.520529683553145 0.591929308950753
-9999 -9999 -9999 -9999 -9999 -9999 -9999 -9999 -9999 -9999 -9999 -9999 -9999 -9999 -9999 -9999 -9999 -9999 -9999 -9999 -9999 -9999 -9999 -9999 -9999 -9999 -9999 -9999 -4.27661010581718 -2.66267536364822 -6.43815086829676 -6.98913357795885 -14.2779872942107 -17.3086950616062 -11.6411641546379 -6.34018880109703 -1.97933034655387 -0.586624270685375 -0.24554270984428 0.868045754288705 1 1 0.604140668146523 0.570869752007843 0.706854467391072 0.770412010081984 0.793581499238956 0.250169523657451 0.312295729853001 0.116953972071219 0.494444069751103 -0.00855436579097235 0.252910482768942 0.437876596456765 0.571930631173127 0.580369949552898
-9999 -9999 -9999 -9999 -9999 -9999 -9999 -9999 -9999 -9999 -9999 -9999 -9999 -9999 -9999 -9999 -9999 -9999 -9999 -9999 -9999 -9999 -9999 -9999 -9999 -9999 -9999 -9999 -4.42565744052452 -2.60051816965315 -5.70888084421461 -7.40410463635722 -13.6652842043215 -16.8077143257935 -12.9448860471163 -7.30722880440961 -1.71222512450396 -0.215987735126368 0.232830821585336 0.668624538501569 0.925274794700673 0.948576215752944 0.648014145310501 0.436574430082736 0.345868187025773 0.492418808167141 0.819972637328371 0.729460755871612 0.371710737563602 0.211480834441126 0.137711461859931 0.167894654319083 0.27255998708606 0.386756824337195 0.430067475852514 0.433255941135095
-9999 -9999 -9999 -9999 -9999 -9999 -9999 -9999 -9999 -9999 -9999 -9999 -9999 -9999 -9999 -9999 -9999 -9999 -9999 -9999 -9999 -9999 -9999 -9999 -9999 -9999 -9999 -9999 -4.91124724410171 -2.84205108144959 -5.01767167386843 -7.84565371142874 -13.2579395109019 -16.0387951958797 -12.7870787964009 -8.35451152130666 -1.22502612066897 -0.00395193979574038 0.612059069380779 0.546502429289938 0.676420190912329 0.761266621075311 0.508659491677772 0.175309728217329 -0.00824603732735829 -0.0352987478324251 0.576923736094367 0.845594016705341 0.82173493223454 0.434013141531161 0.396375640030291 0.224976079924372 0.454942518387098 0.621831411355444 0.69179382120234 0.58142813357927
