meets/meet006/_saidas_enm/CCSM_Maha_0k_T_subalaris1.asc
NCOLS 154 
NROWS 168 
XLLCORNER -112 
YLLCORNER -55.5 
CELLSIZE 0.5 
NODATA_value -9999 
[rows 100 to 124 of 168, columns 56 to 111 of 154]
-9999 -9999 -9999 -9999 -9999 -9999 -9999 -9999 -9999 -9999 -9999 -9999 -9999 -9999 -9999 -9999 -9999 -9999 -9999 -9999 -9999 -9999 -9999 -9999 -9999 -9999 -9999 -9999 -173.645874404184 -45.3790641620893 -47.6867662363984 -101.754377715338 -144.217429691031 -155.292486931072 -125.707080018942 -102.918458251638 -94.0707591472761 -96.6801418726753 -65.8590906017446 -33.7219456085499 -12.191103700785 -3.32553546618758 -1.84929027868639 -8.39220474141491 -10.312017311309 -10.1511811834701 -10.4080104015426 -9.4102107176561 -9.07616546956185 -8.12306720931944 -5.96391063722942 -5.17279839626823 -4.02659741366857 -1.97343886691246 -0.0414873529805222 0.73149823782354
-9999 -9999 -9999 -9999 -9999 -9999 -9999 -9999 -9999 -9999 -9999 -9999 -9999 -9999 -9999 -9999 -9999 -9999 -9999 -9999 -9999 -9999 -9999 -9999 -9999 -9999 -9999 -9999 -187.394006115093 -46.8175176092035 -59.958801772167 -107.872739603743 -137.522812212487 -144.839057988344 -116.305277257035 -101.110986533584 -93.0864507851374 -95.5626015599912 -64.5285375803503 -34.0138711285171 -13.8650970551306 -4.35741215595844 -2.55525570731042 -8.02351357971506 -9.03139220878862 -8.52345588002442 -9.46284211085241 -9.30240355101289 -7.80488548254594 -6.22887268907127 -5.98366875835489 -5.31950108753452 -3.98969020462789 -1.98324505279388 -0.184364403157058 0.919405418371761
-9999 -9999 -9999 -9999 -9999 -9999 -9999 -9999 -9999 -9999 -9999 -9999 -9999 -9999 -9999 -9999 -9999 -9999 -9999 -9999 -9999 -9999 -9999 -9999 -9999 -9999 -9999 -278.986777122607 -194.579737921705 -50.2607642681843 -63.6564542897989 -104.106021970135 -128.028023957631 -133.194946374662 -107.779761516382 -95.8090102808961 -90.6657348412882 -84.4962317418256 -57.6323559259976 -31.5447577482253 -13.8254768451787 -5.33428245294493 -3.77597876807478 -7.57302996952023 -8.37753765243316 -7.42201170716785 -7.39324820429228 -8.81876926011508 -7.04381948443848 -5.15043577408795 -4.06868307027651 -4.5157713094805 -5.07352249570217 -3.29386769233429 -1.09378043940956 0.358185248696619
-9999 -9999 -9999 -9999 -9999 -9999 -9999 -9999 -9999 -9999 -9999 -9999 -9999 -9999 -9999 -9999 -9999 -9999 -9999 -9999 -9999 -9999 -9999 -9999 -9999 -9999 -9999 -279.277938717496 -190.787864374303 -52.6032354659951 -69.1318767283592 -103.71406167477 -122.52357356091 -129.518946101969 -103.674429943664 -97.5567632527182 -90.0861868262401 -77.5499927607877 -54.0685145786452 -29.2018337262053 -11.6938146529349 -5.95303997338956 -5.70878916375251 -8.16158907360168 -8.28051923130555 -7.06256494804652 -6.21563138010536 -6.54009457064241 -6.85017907560436 -5.0661148426574 -3.45476407089285 -2.89475731549513 -3.32494078619775 -3.36752846435413 -1.85660347801702 -0.403773804416661
-9999 -9999 -9999 -9999 -9999 -9999 -9999 -9999 -9999 -9999 -9999 -9999 -9999 -9999 -9999 -9999 -9999 -9999 -9999 -9999 -9999 -9999 -9999 -9999 -9999 -9999 -9999 -268.447004560848 -169.800206848833 -56.485739587699 -75.0775249338055 -109.951808312728 -126.099369318856 -133.393706611651 -107.057492238948 -102.15349453532 -95.9131149048395 -76.0098184370389 -53.3659099117335 -28.0575385790162 -10.1601362877379 -6.3701075295011 -7.19873113320637 -8.67554478654655 -8.62678187284517 -7.36840576192126 -5.76865332938588 -4.99222764407163 -4.55032652701135 -3.82642658938157 -3.16613884094157 -2.56661211457918 -1.74244300790178 -1.22438519573897 -0.881034288998722 -0.628702699728769
-9999 -9999 -9999 -9999 -9999 -9999 -9999 -9999 -9999 -9999 -9999 -9999 -9999 -9999 -9999 -9999 -9999 -9999 -9999 -9999 -9999 -9999 -9999 -9999 -9999 -9999 -9999 -237.738490093859 -147.382471951672 -65.2028432193744 -88.8710439636243 -127.711505153004 -136.350869250696 -143.474046916848 -116.573098322115 -116.570850451362 -109.504291806815 -84.2004555109091 -58.132960898893 -29.2218802165256 -9.78413291581197 -7.08520591322536 -9.01296191813508 -9.37089568808006 -9.08719663658126 -7.76392668420067 -5.91101551970743 -4.52944217247426 -3.43486407684377 -2.33079394343405 -1.66197347479756 -1.87373627569423 -1.63076956282767 -0.742832832942287 -0.0521977804303451 0.262749983007984
-9999 -9999 -9999 -9999 -9999 -9999 -9999 -9999 -9999 -9999 -9999 -9999 -9999 -9999 -9999 -9999 -9999 -9999 -9999 -9999 -9999 -9999 -9999 -9999 -9999 -9999 -9999 -195.25054293266 -116.350689150757 -81.6068458664703 -111.00630130424 -149.497973453018 -157.804056362518 -156.552266080359 -130.743813432437 -139.698130726666 -126.861439829948 -99.8458620787758 -66.7541105765815 -30.7838388015198 -10.9454234450552 -8.09858382510965 -10.4714406588411 -10.013356176755 -9.38243173011236 -7.97929399141088 -6.23392601452079 -4.58153205254028 -3.2217186388589 -1.87039160491422 -1.00701696614241 -0.558656606983179 -0.784628273683452 -0.342174793436756 -0.312762224651047 0.329899460831773
-9999 -9999 -9999 -9999 -9999 -9999 -9999 -9999 -9999 -9999 -9999 -9999 -9999 -9999 -9999 -9999 -9999 -9999 -9999 -9999 -9999 -9999 -9999 -9999 -9999 -9999 -9999 -150.293927194398 -95.8992314922933 -86.940136959578 -132.645060192817 -168.111664580468 -171.545603763373 -165.70141969625 -147.318064352452 -167.205597317541 -147.080006593614 -117.461460945163 -75.3493203620866 -32.1524790197107 -12.0042445655703 -9.30340462971505 -10.9349478629242 -11.537039416695 -9.92695335886129 -8.36566609320854 -6.4937210817757 -4.84738547164373 -3.32310345731252 -2.00315074615534 -0.966582201771778 -0.0583283383666151 0.388695156169873 0.256727982457265 0.494669727510393 0.47028329412031
-9999 -9999 -9999 -9999 -9999 -9999 -9999 -9999 -9999 -9999 -9999 -9999 -9999 -9999 -9999 -9999 -9999 -9999 -9999 -9999 -9999 -9999 -9999 -9999 -9999 -9999 -9999 -114.741807961993 -82.7705047127 -95.3738281791428 -152.991928841547 -175.769418248323 -175.706678067207 -166.259908080835 -156.772257025328 -203.582697735191 -163.640375878854 -131.995178890779 -78.8625768612356 -32.9179653726444 -12.7091412118205 -10.8865681025066 -11.6760662371946 -12.6717018543285 -12.0387345981704 -9.78311926639665 -7.59834060227624 -5.51534712256182 -3.9854827142331 -2.92955852553373 -1.87760221492999 -0.606378923568681 0.430138831226017 0.881052298428914 0.701242155918213 0.89415188896859
-9999 -9999 -9999 -9999 -9999 -9999 -9999 -9999 -9999 -9999 -9999 -9999 -9999 -9999 -9999 -9999 -9999 -9999 -9999 -9999 -9999 -9999 -9999 -9999 -9999 -9999 -9999 -94.027650732304 -82.4341315351797 -99.712881641501 -145.108209888453 -161.336160443217 -152.533432869935 -142.070123024751 -146.801971767629 -189.008283895443 -163.432121590926 -126.766303838649 -70.4255695798266 -31.21919237243 -13.7189198107942 -12.7126010538406 -12.8619633003971 -13.0185533577047 -12.3302117852177 -11.1729113144956 -9.64288111595541 -7.61768855042417 -5.89962881446207 -4.55523592327166 -3.24415532121038 -1.61906301078676 -0.29876700759435 0.640023159259177 1 0.750264543379949
-9999 -9999 -9999 -9999 -9999 -9999 -9999 -9999 -9999 -9999 -9999 -9999 -9999 -9999 -9999 -9999 -9999 -9999 -9999 -9999 -9999 -9999 -9999 -9999 -9999 -9999 -91.6892716095079 -84.040077553926 -87.3617498836595 -100.880810145858 -134.513295921838 -135.041920782236 -120.766788499691 -106.4736682432 -123.129545304739 -174.472459192476 -148.754043648265 -104.260852576433 -60.1426308378242 -28.0993713731485 -15.7051367889405 -15.7213137607553 -14.8149913963039 -14.0528504237243 -13.0933354809015 -11.6872402350619 -10.2464019865381 -8.67024676908272 -7.28885240647302 -5.95106759323484 -4.82050327664754 -3.04366441948923 -1.31385088696809 -0.0203178064784499 0.737705497417083 0.896517272327102
-9999 -9999 -9999 -9999 -9999 -9999 -9999 -9999 -9999 -9999 -9999 -9999 -9999 -9999 -9999 -9999 -9999 -9999 -9999 -9999 -9999 -9999 -9999 -9999 -9999 -9999 -84.3120225273697 -81.5401226510926 -87.1412977104886 -100.922516262949 -112.739575029216 -108.136853827137 -92.4249239908149 -76.7320237754439 -92.3168224841262 -124.938939633119 -116.991446577927 -78.3727951928389 -48.5747950989452 -26.814206510706 -20.5664241789269 -19.0205007316283 -17.4787428141444 -16.7264244096806 -15.6849153636829 -13.8730722702505 -11.5540936654774 -9.30462016243288 -7.38482261061497 -5.72439281788786 -4.43515543378913 -3.58871373457032 -1.98566126880476 -0.483603831016328 0.406633346872229 0.727008891607909
-9999 -9999 -9999 -9999 -9999 -9999 -9999 -9999 -9999 -9999 -9999 -9999 -9999 -9999 -9999 -9999 -9999 -9999 -9999 -9999 -9999 -9999 -9999 -9999 -9999 -9999 -78.9152593404014 -85.8732908453102 -95.6772853924579 -103.900759008815 -102.413053459432 -84.6297995480144 -72.6945744243568 -56.7793248766918 -65.9489048207198 -100.830081224113 -84.2026814178166 -59.3649086567764 -37.7898261155848 -29.6121638702047 -25.0181085976331 -22.733681257868 -20.7905949851343 -19.2961795587645 -17.8605663988774 -16.9722236082032 -13.864146894126 -10.1587844372289 -7.65884967278597 -5.81763511526729 -4.28223315923075 -3.09219843546742 -2.47188796660599 -1.07864885063662 -0.234592731987222 0.295118495448559
-9999 -9999 -9999 -9999 -9999 -9999 -9999 -9999 -9999 -9999 -9999 -9999 -9999 -9999 -9999 -9999 -9999 -9999 -9999 -9999 -9999 -9999 -9999 -9999 -9999 -9999 -84.4918268206485 -98.4760603041843 -118.48755982976 -105.2046158393 -80.2242178188573 -60.9997185390972 -50.2606986201433 -39.3822672348262 -46.5018654957363 -73.4349159464951 -65.2076546501493 -42.827288543217 -35.4044258202059 -30.96998922268 -28.3995553134813 -26.1347089234822 -23.6872726597619 -21.4886411365331 -19.4427788600232 -17.374704458381 -14.688639313098 -11.356212177583 -8.36905020032971 -6.19171619220582 -4.42237908398802 -2.89322315049083 -1.94972347109199 -1.5985741560312 -1.14475722287442 -0.39911016586382
-9999 -9999 -9999 -9999 -9999 -9999 -9999 -9999 -9999 -9999 -9999 -9999 -9999 -9999 -9999 -9999 -9999 -9999 -9999 -9999 -9999 -9999 -9999 -9999 -9999 -63.1483588231627 -80.5238506059293 -129.22538307547 -149.940848411107 -100.839666599784 -67.7528817697938 -46.117610940162 -36.2434285203284 -30.5770935123378 -49.5959503239051 -68.9133653356432 -52.9666595672273 -37.7815176929196 -34.538462905586 -33.1294746187179 -32.5134815376707 -29.4990359723375 -26.374977508904 -23.5021761630134 -20.7957922321525 -18.4001299906831 -15.4119305063098 -12.7705601503922 -9.40188046096957 -6.90962669521303 -4.98714757006012 -3.11753637918667 -1.79819298573929 -1.06686739655033 -0.833516646978831 -1.01618570985869
-9999 -9999 -9999 -9999 -9999 -9999 -9999 -9999 -9999 -9999 -9999 -9999 -9999 -9999 -9999 -9999 -9999 -9999 -9999 -9999 -9999 -9999 -9999 -9999 -9999 -69.2443727236765 -83.4306000226993 -125.135258773801 -135.805489597934 -92.1363983367689 -56.9913832975544 -38.3989142685764 -29.2154559000594 -28.5418828200152 -42.5936707115543 -52.7431422537995 -47.4903628383541 -38.7551581990342 -37.1769171196439 -36.0776634156539 -34.76221773199 -32.0326214486032 -28.8497412756266 -25.7613636725818 -22.7078765435073 -19.8237946735089 -16.6185692581647 -14.1874646648895 -11.3884764260522 -8.23620142362443 -5.65438819335476 -3.45929883077701 -1.90160757049876 -0.837537188081307 -0.229264073465498 -0.0368058183611804
-9999 -9999 -9999 -9999 -9999 -9999 -9999 -9999 -9999 -9999 -9999 -9999 -9999 -9999 -9999 -9999 -9999 -9999 -9999 -9999 -9999 -9999 -9999 -9999 -9999 -69.2257457349477 -85.5829653616688 -123.354032431447 -126.54309410107 -80.8359618055564 -50.5235942592278 -35.1283355785682 -26.4705104654297 -29.5090882171654 -42.561272425609 -53.3033893659551 -48.4322376360708 -41.6788751172712 -40.0651986380969 -38.600495519491 -37.0753171569337 -34.0930712306458 -31.0738812646038 -28.1001699191323 -24.9223642425517 -21.9148975375671 -18.5750440010064 -15.8461588846962 -13.3290692480017 -9.62331693285129 -6.71024272200871 -4.14552127142745 -2.26243013401476 -0.887348033337575 0.0196951855930011 0.465250345130082
-9999 -9999 -9999 -9999 -9999 -9999 -9999 -9999 -9999 -9999 -9999 -9999 -9999 -9999 -9999 -9999 -9999 -9999 -9999 -9999 -9999 -9999 -9999 -9999 -9999 -62.4428609806381 -86.1766697834153 -120.991965132587 -120.578489882931 -81.0695244092459 -52.6191985348385 -36.9245627036136 -30.5543995193189 -34.2503612260803 -45.4238965297126 -53.7901444078459 -52.3526367522741 -47.1342003330766 -44.3822578640891 -42.1662876710129 -39.8396177325857 -36.5141751288312 -33.2955313411081 -30.6529429654054 -28.4246838115043 -25.581742627617 -21.301994777196 -17.1385640538161 -14.0144546321109 -11.3366472588266 -8.12845658528776 -5.16024658257063 -2.86951366871985 -1.25468119307694 -0.105864533114328 0.555721638688178
-9999 -9999 -9999 -9999 -9999 -9999 -9999 -9999 -9999 -9999 -9999 -9999 -9999 -9999 -9999 -9999 -9999 -9999 -9999 -9999 -9999 -9999 -9999 -9999 -9999 -57.6128485023195 -85.9103826001899 -125.326300007138 -123.407849489584 -81.2695029143048 -56.5978986028707 -39.9089088923181 -36.4770971555354 -40.2935276820046 -49.4717213718443 -57.8425608963168 -57.0872291953372 -53.9966841676468 -51.0857851460462 -47.1011196542902 -44.3619080199254 -40.2009077457006 -36.9607885685986 -34.4860821428497 -32.4087758221341 -30.2753283069884 -24.0885467647235 -18.7374505644647 -15.0059857967559 -12.4367906462864 -9.93804436754886 -6.51151908369633 -3.84547233834164 -1.91298866507622 -0.463409060193145 0.324511181843836
-9999 -9999 -9999 -9999 -9999 -9999 -9999 -9999 -9999 -9999 -9999 -9999 -9999 -9999 -9999 -9999 -9999 -9999 -9999 -9999 -9999 -9999 -9999 -9999 -9999 -57.4866652527552 -87.8223894164851 -127.882154958909 -125.655525792313 -83.7550193906702 -55.5455095821599 -44.121726299407 -43.5217095864401 -46.7392494733019 -54.0995942664756 -60.573947380921 -60.5836599848704 -58.0377206528042 -55.534730273581 -52.0647901825312 -48.6418137585131 -44.9605050123313 -43.1301278074522 -40.482154472784 -36.3605431065711 -31.6756220389743 -26.2098807050708 -21.0704197053837 -16.9410536894901 -13.7347905113459 -11.2038074904113 -8.14769474361823 -5.23743603792537 -3.04169553621541 -1.26870887196199 -0.119610778000354
-9999 -9999 -9999 -9999 -9999 -9999 -9999 -9999 -9999 -9999 -9999 -9999 -9999 -9999 -9999 -9999 -9999 -9999 -9999 -9999 -9999 -9999 -9999 -9999 -9999 -54.4451514167541 -86.8516196296116 -133.179602257134 -130.935163011642 -84.5740925292298 -57.3918309429437 -48.2324548742306 -49.2701019767988 -51.9922599106677 -57.5857960960541 -62.6872606917686 -62.4731413469628 -60.8244663201405 -58.7210104461705 -55.1349669594496 -52.3520308378488 -48.9916650802684 -48.097501865373 -45.0198341974803 -39.0637057154736 -33.5896146475181 -28.0946419040185 -23.134245842946 -18.9592971803018 -15.2809818694317 -12.3477343702167 -9.70427943728166 -6.89969613048053 -4.32932085318066 -2.18663347080377 -0.922333072706507
-9999 -9999 -9999 -9999 -9999 -9999 -9999 -9999 -9999 -9999 -9999 -9999 -9999 -9999 -9999 -9999 -9999 -9999 -9999 -9999 -9999 -9999 -9999 -9999 -9999 -52.5699441536967 -86.8304129980579 -136.84204932414 -136.236520574762 -92.4252646693922 -63.9642315224938 -55.0238261838802 -54.7379501700669 -55.9273294710611 -60.6363664373528 -64.63500467956 -64.6787118272203 -62.8502820740975 -60.8671445146328 -57.9744007494918 -54.8435802448631 -52.0220345343363 -50.6212615269908 -47.4023313401175 -41.7535881717378 -35.529234690357 -30.0252727304829 -25.1935824841757 -20.7156895994104 -17.1321262411948 -13.9212724882602 -10.632716826439 -8.10558742313688 -5.67626716085755 -3.56228358276729 -2.02958167394059
-9999 -9999 -9999 -9999 -9999 -9999 -9999 -9999 -9999 -9999 -9999 -9999 -9999 -9999 -9999 -9999 -9999 -9999 -9999 -9999 -9999 -9999 -9999 -9999 -9999 -49.1712057664938 -84.4461503748911 -139.231855581657 -145.514788594369 -100.271569775487 -70.0361804517009 -60.2333896836094 -59.8032251364573 -60.2033117938082 -63.5912526471826 -67.0750420657756 -66.7812695856266 -65.1032631476729 -63.0155030323291 -59.658058518737 -56.3712070266354 -53.509272854223 -52.5303573871079 -49.7226355993509 -44.3134915551853 -38.4318631520355 -32.854419428448 -27.498590682332 -22.6205600576859 -18.3810645469408 -14.9696363334198 -11.5166059903255 -8.7779440470848 -6.77536707847988 -5.16080345216419 -3.48339655316032
-9999 -9999 -9999 -9999 -9999 -9999 -9999 -9999 -9999 -9999 -9999 -9999 -9999 -9999 -9999 -9999 -9999 -9999 -9999 -9999 -9999 -9999 -9999 -9999 -9999 -46.9880009546274 -86.2943265998943 -143.84034901614 -155.90696795228 -112.360781899169 -78.2186657620866 -66.5510095966532 -64.8935498526352 -63.3121729093609 -66.0958379936566 -68.4602496875833 -68.392953907895 -66.7723533983718 -64.1456033968633 -60.2711609697711 -56.7185853050995 -54.3001334727585 -53.772175246747 -51.6359573059888 -47.6827484969643 -43.1261373799329 -36.7162790090187 -30.2021008805726 -24.5473568840254 -19.5306188372667 -15.2792191102173 -12.2947562765637 -10.0894840104708 -7.48627405551589 -5.45563896460547 -4.35055790715858
-9999 -9999 -9999 -9999 -9999 -9999 -9999 -9999 -9999 -9999 -9999 -9999 -9999 -9999 -9999 -9999 -9999 -9999 -9999 -9999 -9999 -9999 -9999 -9999 -45.5391650591092 -50.4850587523363 -88.9631572866139 -149.377833196207 -168.627389786829 -127.693929677539 -88.1175337355346 -73.7527769164404 -68.3988176628963 -65.082138843742 -66.6038794508687 -69.3409228792689 -68.5225893644314 -66.6271909653124 -63.8077139987512 -59.728589200535 -56.6131635561518 -54.711750535822 -54.7656559900054 -53.1982601566142 -50.1254253402116 -45.9895315075781 -39.9772290969546 -33.5502281352754 -27.5349279120145 -21.6926394897933 -16.8108136586827 -13.7551813162882 -11.3658049841821 -7.99955777460189 -4.63909262482542 -2.53923711836592
