meets/meet006/_saidas_enm/CCSM_Maha_0k_T_subalaris1.asc
NCOLS 154 
NROWS 168 
XLLCORNER -112 
YLLCORNER -55.5 
CELLSIZE 0.5 
NODATA_value -9999 
[rows 50 to 74 of 168, columns 56 to 111 of 154]
-9999 -9999 -9999 -9999 -9999 -9999 -9999 -9999 -9999 -9999 -9999 -9999 -9999 -980.700092664653 -686.481465566061 -373.985985313861 -237.798723088318 -191.807025715262 -170.216462302735 -148.576513293292 -147.35113220894 -141.281187047428 -133.512113371096 -147.016199187638 -178.577882871899 -216.403210675038 -277.982219316352 -375.248642636987 -442.907576448213 -506.704332301349 -537.225992684139 -473.137384557239 -400.388917968708 -291.035773708679 -151.63094808588 -66.0846949651876 -41.976608691045 -31.4337493855077 -24.1584987231658 -22.5639918514248 -22.7441747056471 -21.9480054505044 -25.2746131901331 -39.202278471281 -74.5347978237798 -144.888484589784 -139.297231292079 -148.635376746057 -160.465351731452 -158.060741524207 -164.431273934936 -177.992339775666 -138.824299659004 -114.384434803654 -102.368210302735 -86.4979168739595
-9999 -9999 -9999 -9999 -9999 -9999 -9999 -9999 -9999 -9999 -9999 -9999 -9999 -641.911547955099 -530.733189198695 -355.253208740499 -240.119605718547 -194.936938446066 -178.315557257603 -185.293584173219 -195.754610509053 -218.587217266588 -208.49644015585 -227.284606157911 -267.348586738308 -332.424400397758 -378.846041194091 -431.231905425012 -488.837218796814 -553.546672988058 -574.162619376834 -531.366579650628 -451.474172453119 -364.315793947495 -208.4424104644 -106.776516618324 -59.534188563513 -39.4679940084476 -33.7222380304179 -28.2279416051396 -25.4922756589464 -26.4109411240141 -30.6743598571483 -42.5806845172454 -66.491416607722 -91.1146460400222 -107.274845823051 -109.107486970813 -121.645571864939 -140.116223899136 -155.650152197679 -155.534294756172 -126.512538111664 -106.571691976886 -93.0241143474557 -81.7386318769973
-9999 -9999 -9999 -9999 -9999 -9999 -9999 -9999 -9999 -9999 -9999 -590.288174180812 -449.55799754828 -397.20771743814 -416.173376841443 -360.041657569014 -280.110330199353 -213.531941455122 -202.318579789859 -243.901904350184 -262.012517366696 -289.060350834073 -315.073411507352 -346.234711992669 -381.28062831875 -406.729191990088 -466.051190750694 -524.269167318203 -579.924100087315 -636.332635871828 -647.31587120454 -580.778247106261 -485.669419058162 -390.121212272904 -261.931171758906 -145.851561202128 -88.6154443515994 -58.3250492316757 -46.9301076721033 -41.1082245506747 -32.3364910902537 -34.9810015763882 -38.0129518755042 -46.6113968299922 -59.9552932836858 -67.6279292906237 -89.9451590143113 -91.9537940742266 -108.541637871119 -142.944785773222 -149.816168811409 -129.598681513645 -116.804931347513 -102.337709152405 -84.6568663739183 -70.2310336524095
-9999 -9999 -9999 -9999 -9999 -9999 -9999 -9999 -9999 -9999 -538.720872660645 -445.002842140437 -340.317836671295 -300.222558793655 -312.703788698438 -360.189779148486 -370.069652603046 -311.55426850236 -289.892336409952 -319.403758724014 -341.499331367944 -372.448927168886 -407.457152364297 -441.602601110949 -473.68053580684 -509.738155045815 -568.988436142617 -634.691170959637 -687.378514711736 -717.139097158746 -702.26519073846 -618.500869412844 -506.304211204925 -402.128646232487 -306.082275851164 -182.509327962859 -121.151198041281 -91.8936464393964 -76.5992576217404 -68.5257855435113 -57.1227207482436 -54.7894739650257 -54.8978157409283 -62.0602293777484 -78.5899986735412 -91.9058311813326 -111.878552970897 -127.832711716687 -154.273924039346 -150.079885343324 -123.264433769426 -109.84399637476 -110.206463720675 -95.1949969995637 -70.6318018253545 -56.0214238182898
-9999 -9999 -9999 -9999 -9999 -9999 -9999 -9999 -9999 -9999 -341.68379623779 -280.186776868148 -257.614765665119 -218.773294395436 -245.888185240371 -313.453513315339 -412.789890152896 -440.877594050485 -406.728289759173 -424.414874704287 -444.403661699774 -479.394795716366 -516.970535059469 -545.259897396988 -581.789611937861 -623.762160127947 -683.172688225173 -732.062865955166 -741.722319773255 -725.221638486555 -717.981175714639 -647.731534821701 -531.526375770014 -422.982886743231 -334.585421903222 -222.017723096308 -162.460246764271 -133.947082565519 -116.919871732732 -106.707079263293 -95.7381680249078 -91.9044322932618 -90.1568552194041 -98.0628992292424 -117.840807242681 -138.823270870876 -173.920869762629 -168.837934427049 -141.304432216324 -121.001323351261 -94.0620326859238 -93.1097226601378 -100.625770806886 -91.2132537177377 -63.0616407109593 -46.1193043247495
-9999 -9999 -9999 -9999 -9999 -9999 -9999 -9999 -448.365074949328 -241.825003984976 -139.967267827362 -160.370442356726 -189.120592076131 -191.318943198473 -220.370625775868 -287.740045750054 -400.562235890396 -499.913639410337 -529.231925559051 -550.934123472625 -565.348777429561 -588.655936501291 -588.600309331756 -600.534229198772 -642.029776690193 -642.240865481966 -642.026566985723 -626.090505155066 -626.750999448845 -637.587510229182 -622.476770578987 -601.937752445099 -561.316915933936 -457.900903296337 -368.936189267352 -282.334659933555 -219.556013785676 -184.971104498911 -166.462873773829 -162.985641536019 -161.656368560676 -163.806864838522 -160.58813379254 -170.703828097848 -197.17801138527 -181.66391782732 -162.562519286532 -144.004857372594 -125.247735927655 -97.982454582376 -85.6622640663568 -85.8515971412118 -96.7582279044681 -92.7692303955756 -60.8250680217818 -43.2201802992204
-9999 -9999 -9999 -9999 -9999 -9999 -9999 -9999 -300.274144384278 -128.243975317881 -54.1580663340496 -82.5333574794717 -128.842908395439 -169.405802755931 -206.117067619379 -267.959722556664 -367.77704755872 -493.504013490025 -550.551024818256 -577.265264573199 -592.473130354472 -588.486481615339 -577.479273145338 -560.91755270991 -561.225145948978 -554.845504006558 -546.748154502337 -541.914685263425 -538.501362152594 -536.709929007819 -527.390743603274 -514.832361804533 -500.465089318473 -494.77585214184 -420.621565062661 -355.57915268115 -302.657628090129 -261.550475548911 -240.669818640116 -241.908709078248 -251.082406507222 -263.312818498788 -267.017229139776 -239.171562287877 -208.976319383337 -177.488951261256 -161.829395082729 -139.818882052921 -114.672341330857 -102.936955328851 -94.0717773418092 -95.0840718318209 -101.535822416385 -92.330557228723 -58.8235969378611 -40.5445790506814
-9999 -9999 -9999 -9999 -9999 -9999 -9999 -328.258350132499 -186.054997902111 -63.9403721608049 -17.0967829625706 -39.0259347203037 -89.9918311433678 -154.61447832291 -206.435548701549 -257.919826000644 -346.444252849977 -447.791121645295 -471.286871840152 -496.636157908458 -512.354174338924 -503.543608675266 -495.263718725922 -487.404106442355 -488.484311720613 -492.966464504011 -484.608637840204 -469.859459735074 -466.107892632415 -470.857535936354 -478.997022404593 -466.651885813175 -457.947372588975 -452.846966803037 -452.317946299013 -410.492911628177 -381.98052580746 -359.27219609851 -341.614057561093 -340.261281708263 -327.396755175349 -312.524072880029 -289.733485714547 -251.688354523027 -217.226175264638 -185.97973930191 -169.592789346796 -150.995206781881 -138.355871880948 -129.02681971053 -119.508332360416 -117.456249510275 -113.291933607053 -95.5155169920659 -59.4078130738898 -38.7326245722059
-9999 -9999 -9999 -9999 -9999 -9999 -9999 -210.451503067048 -107.046261058125 -26.7590072136073 -5.1780613551933 -23.3501026303266 -92.9949343335075 -175.448861083726 -226.063914230567 -255.916091159251 -334.265323903761 -385.761224034723 -398.611611565621 -415.849783909939 -427.81558519668 -425.350050140367 -420.538453848493 -410.641420728238 -405.876945311771 -407.759238585208 -400.719082112158 -400.906548121494 -401.975879342914 -404.225569798335 -412.111599796828 -416.376351808367 -416.73353480798 -418.620550484318 -425.156822831117 -439.740115433955 -412.466215534352 -384.480778157989 -370.570781877547 -366.295052890817 -346.774256946775 -330.358125923185 -296.973052312784 -262.395885585185 -238.474114022829 -215.620843735817 -208.240494835152 -187.718662295303 -170.411124074249 -152.067896420385 -140.039142173794 -131.305677894132 -122.509815840413 -100.987949519919 -68.831010968675 -45.7942048557712
-9999 -9999 -9999 -9999 -9999 -9999 -246.335690628967 -121.282133237887 -50.3585492997522 -12.6623206240026 -1.96885289156508 -21.6847847625786 -135.384933647554 -241.177130459961 -254.206009141807 -258.33363572417 -289.802464795412 -320.971412729767 -329.052317501271 -347.017606660412 -363.055766970682 -355.493240481374 -346.910547382476 -339.294113080694 -341.269399790227 -344.111090040155 -339.566283322669 -332.280168700643 -331.648591431148 -341.982604745491 -350.609105924283 -360.793494879113 -368.92938620131 -376.757187710144 -386.631782744362 -391.211584005271 -396.883643424839 -397.623472182395 -391.420290884004 -384.959755133679 -364.230186828647 -328.244349760804 -287.666338185068 -239.871392041924 -205.11318487225 -174.888632529705 -162.078773102798 -146.752538848532 -136.236837793162 -127.796211435767 -117.073267540467 -111.668707910456 -102.726072005303 -101.219109695282 -81.016190513562 -59.5368255895602
-9999 -9999 -9999 -9999 -9999 -9999 -190.680832679372 -89.2983267897672 -34.5824900483381 -9.75363105979752 -5.73865301865465 -30.1087444385603 -160.680459540239 -234.158660123321 -241.707525553228 -238.981264336244 -259.900163967453 -278.877376026466 -280.015295817494 -289.806587241394 -297.385543096687 -289.360739086348 -280.090086482724 -274.575791447501 -277.747148602066 -284.251036456795 -279.989121584277 -275.105249514943 -275.016082235954 -280.178654513665 -288.978234140801 -295.135001599024 -303.464673101994 -312.766003400589 -324.574156338579 -330.688194627715 -328.462686365571 -322.839794760563 -305.932286223746 -287.065695895477 -264.177384441991 -233.828806266722 -203.335646596554 -172.186611398558 -147.895800769314 -128.834787317929 -117.35186372263 -110.455704802713 -104.632534951868 -97.9509609549105 -93.1840277063219 -90.5825989899057 -91.4162041328463 -96.8639341790757 -95.0250655985135 -81.2033171195143
-9999 -9999 -9999 -9999 -9999 -9999 -158.103687590517 -85.5158260254977 -32.7229723816799 -11.2592115641201 -12.0323139015118 -36.918189198402 -149.168800812874 -208.531496311853 -217.647391040019 -226.114722581705 -238.640313610784 -246.773193677219 -243.306272352716 -248.028872162605 -251.477509771748 -237.266601746921 -224.256012969109 -219.780346907771 -228.411185396891 -236.812521807581 -234.523627460307 -231.720053522881 -230.110072772746 -234.189365114377 -240.992072011888 -244.470203230383 -251.538605452232 -258.363331226587 -268.672022172493 -280.062745353205 -273.235063708658 -261.401569626692 -239.287556861028 -217.293716964272 -189.451719675384 -165.007413540706 -142.19969861399 -124.910935258877 -110.1289822311 -96.1772167210246 -90.5076541974757 -83.9160043926067 -80.6000103592256 -78.904605912574 -76.2508431198035 -81.2796539783047 -89.498251306468 -94.6914705501979 -95.2895403554259 -99.5195576895443
-9999 -9999 -9999 -9999 -9999 -9999 -9999 -93.1641810286274 -39.9162613286474 -15.0326594048584 -15.8763698871324 -36.406141036976 -130.689583910876 -172.032850029176 -188.152242467049 -204.495182843224 -215.901030679279 -213.465191094409 -207.542810142798 -204.62325196817 -200.091164864435 -187.972893927805 -177.425823096679 -173.985089499388 -179.589136663512 -187.201802548879 -186.421937630171 -185.015456734042 -183.753098175401 -184.32028139379 -189.302268843401 -192.3777461846 -198.616911826096 -202.307676239459 -205.411371371147 -208.816262782508 -205.476238266782 -200.660634432285 -179.592137219164 -156.046076673487 -132.338018283772 -112.645181835552 -97.6277843989284 -83.8825326240113 -73.6941476882803 -67.6682075067964 -63.137756794604 -61.5973363312153 -60.7005638782984 -59.6938791900576 -61.94012440602 -68.3617368801403 -78.7980057497375 -89.9876710998956 -90.0507427739284 -96.057048913485
-9999 -9999 -9999 -9999 -9999 -9999 -9999 -9999 -47.7068024018848 -20.1687152207792 -11.6482554206844 -34.5099071294156 -116.502827915726 -145.851901437425 -164.148226856164 -183.272645342665 -189.942583921181 -184.47621149176 -176.789299168756 -171.373559171789 -162.75778159927 -153.081152785956 -141.98973403762 -138.057367381933 -143.312093464058 -147.940279635927 -145.641171674027 -143.482512027268 -142.278220905621 -142.734447327959 -144.487826804528 -149.068588049381 -153.038539022295 -155.151472784631 -155.190039091299 -150.953896535444 -150.816016286116 -145.052341102656 -136.102800557418 -116.844446678501 -96.1268179602072 -81.975650394983 -67.9456664131208 -60.1871828548913 -57.1584431656358 -55.4611762115194 -56.6853306481789 -58.487241197128 -59.5632744944312 -59.0974898840879 -61.2053995583893 -63.8167984499959 -70.0388666508963 -76.430721985294 -81.5295301943798 -84.7959291205178
-9999 -9999 -9999 -9999 -9999 -9999 -130.231714111115 -101.474298807727 -46.9224186974522 -24.2509054260038 -17.9858022212285 -40.4925213507517 -108.492985654315 -132.788075844554 -141.589277338418 -149.388914660843 -159.383690435339 -163.089480276967 -156.145426638742 -144.398285033279 -134.354893208135 -125.378603851601 -119.786973549076 -114.45393995308 -110.624149248 -108.826892523676 -105.940659880667 -105.131562834383 -104.449527326314 -104.628757989445 -107.085525787602 -109.439780586424 -112.899535344161 -114.417647822354 -114.979118977562 -113.842204658207 -109.810797177239 -104.869682961007 -100.09922398625 -87.7001275047145 -75.5390043474327 -66.0672488454046 -58.2981319178681 -53.9550679289526 -51.8053501877005 -52.1892596748245 -52.6271121700628 -54.2193053235883 -54.7199945091984 -53.3229180513527 -53.4398926000691 -54.0272744129771 -57.8853400675596 -63.5724204402796 -68.4671082850156 -78.5961829908383
-9999 -9999 -9999 -9999 -9999 -66.3089380509743 -125.964177566746 -76.8957518422883 -38.4339594868789 -24.2743032737306 -19.0396920234433 -45.8104585231486 -102.716328125678 -120.556968174438 -120.546651904509 -116.900429775887 -132.62927009199 -137.713983776227 -136.137717206065 -122.209864496496 -110.839784372363 -103.015487636218 -100.484893362502 -93.9273610448411 -84.5595994384999 -77.6849684706747 -75.7408773033657 -74.5818023803805 -73.719145330945 -74.6005710573986 -76.874611926907 -77.6989187883799 -80.4792625148351 -82.4480942016852 -84.867139604992 -87.0214380187955 -81.8688739692464 -78.155226828303 -76.6700723551346 -72.9636254935583 -65.7809459709135 -57.0964890306462 -52.3295214221941 -49.6908749189382 -48.4845724072787 -49.0168581773265 -48.9120878902674 -49.1773487928716 -49.0837678246411 -47.6419313865706 -46.2844985881723 -46.7792184851672 -47.6380798740706 -52.6313198302125 -59.8696027761359 -72.5482821900467
-9999 -9999 -9999 -9999 -9999 -73.7515072165741 -110.045570798016 -64.0050404046042 -34.8226187665702 -24.7507766595703 -30.0991008151384 -51.3069815521563 -78.5898607309739 -86.0984373126626 -92.4070613375234 -98.9300336017721 -112.69425297144 -114.380873630875 -110.648660765709 -97.0090687933525 -85.3210451523548 -79.5633499404749 -75.9127195530348 -69.6762170986935 -62.13399349063 -56.5865455524001 -53.0660729520172 -51.6757368682186 -50.5235609027511 -50.0573637860785 -50.6879657797413 -52.1368387622167 -54.6003558222892 -56.8614300495806 -59.8091819114074 -61.5577429292163 -59.7969598992148 -58.2659793382882 -58.7021580613286 -59.613936027705 -54.4492973804947 -48.3707684281743 -45.3221010612046 -43.7486687556961 -42.675063340775 -43.0089760949222 -42.4343509673665 -42.5309177905243 -42.2498496836994 -41.0790934815183 -40.9679082889221 -40.5176350895506 -42.01266070752 -45.3430665847966 -49.9052469293165 -56.3046242542058
-9999 -9999 -9999 -9999 -9999 -9999 -85.5615006828191 -55.1635428350462 -28.7358107633664 -31.7465334009453 -35.1050396251783 -48.3690427228126 -66.1778553238698 -68.6786840725189 -79.2314893984035 -85.5735522620393 -99.8711087944163 -92.8262500445271 -85.2211181982106 -74.0568737434292 -61.4512273504927 -60.2144868066491 -55.8783927257869 -49.9624809073701 -44.497378930477 -39.5948792333146 -36.7078562279644 -34.5759790770147 -33.1933647855036 -32.5961075525332 -32.0647851128833 -34.1698379078427 -35.7971968624799 -37.5595363995603 -40.5195032139785 -42.5131551547258 -41.6628176414714 -41.4137111227511 -42.898759622366 -46.1513814196842 -44.2634704841112 -39.5193776066364 -37.3747541461844 -36.2756640858693 -35.5188308742243 -36.0012595555602 -34.8931302745347 -34.7516399046217 -34.4176418683508 -33.6820672465122 -34.8384173882138 -34.3053492919916 -35.9388664491118 -38.2473543011998 -39.7668751813722 -43.3821513453459
-9999 -9999 -9999 -9999 -9999 -9999 -95.2618130548172 -58.9599486795168 -33.6395226714454 -28.7091626475661 -31.2801886490216 -39.9992271277043 -61.165370329216 -76.8386832732037 -83.4066524201259 -95.0662226332063 -90.7193550359684 -78.5781045483388 -70.8897183130938 -61.2717714652311 -48.1244142806152 -43.7414813191559 -40.0815358423342 -36.3618997224877 -32.4342372880893 -28.5344510517496 -25.3362809191656 -22.5809476361027 -21.3380369476895 -21.5330981938895 -22.1678551579655 -22.7139783796691 -23.6432065963417 -24.719314945507 -26.2619433808044 -27.6744949792499 -27.6039982110625 -28.0422051578779 -30.0041250797972 -32.6449274897857 -34.8725878584276 -31.6176451785347 -29.900986970042 -28.9159779187323 -28.2050599477842 -28.1029277150887 -27.425999817277 -26.9883634957087 -26.6923849428776 -26.3007888065459 -26.5454686296174 -27.4943050327829 -29.4724950873926 -31.3513876386359 -32.8158205498983 -35.0864674538874
-9999 -9999 -9999 -9999 -9999 -9999 -103.343919896713 -83.5562665500505 -47.3003949476877 -29.2811656609956 -22.8781880227485 -31.9303001009752 -53.3023786128425 -71.6304382897512 -83.1060133793074 -95.3648239943043 -90.8258256765638 -76.4358673100094 -66.916082633795 -56.5832390501359 -40.2485032736481 -33.6781205422524 -30.8741495177478 -28.0824406585823 -24.627408771959 -21.0622623432963 -17.6681067387648 -14.7193790053604 -13.3614838406492 -13.6596614363997 -14.2243104325087 -13.8193078017819 -14.2261537778569 -14.7191799108604 -15.4648514027121 -16.8997585215584 -16.8177384055911 -17.6875982698861 -18.5605701977048 -20.770574018702 -23.9976954434602 -23.4456369061685 -22.6261707647016 -21.7781928852458 -20.8138087039853 -21.1438056282401 -20.2274335094918 -20.0559220825803 -19.9852210518206 -19.6427435554256 -20.344407950151 -21.5507180529008 -24.0232762276244 -26.1537786953214 -27.7857572498067 -30.5399957262933
-9999 -9999 -9999 -9999 -9999 -9999 -9999 -9999 -114.391423736092 -37.4534312908885 -12.8954351945779 -22.5411424627071 -51.9058705373506 -62.6120167243591 -69.3919109985073 -77.1310524449608 -87.1699864866208 -89.7364836043226 -78.2410831115596 -54.7113322632051 -33.8410628428137 -28.1202853152829 -28.0800956252286 -25.1434512161967 -20.6307867072106 -16.2877827326982 -13.669589658239 -11.3925606487457 -9.93975138528119 -9.16299417108404 -8.24433181525153 -7.96081949560042 -7.42639977617827 -7.36364878214875 -7.96912783502721 -8.55808489572559 -9.18694052148211 -9.95461985027677 -10.665563208923 -12.3290317053898 -14.2888856518049 -15.705775522819 -16.2081619404729 -15.770573119203 -15.7103142758848 -15.6978629629032 -15.3891668830012 -15.1355762691277 -15.2475945713076 -15.6555915477469 -16.4737854739182 -17.8161493115152 -19.8008082106343 -21.7516198935576 -24.0640686665639 -27.3867377872907
-9999 -9999 -9999 -9999 -9999 -9999 -9999 -9999 -81.7992458263276 -47.3751701932977 -9.82011448673106 -19.5577841014333 -52.3365562467561 -59.1610187529432 -58.5599586386933 -63.3445291810248 -72.7384983691164 -84.1648511388715 -77.7070454236224 -49.1357400445602 -29.2377988258725 -24.4615490508424 -22.624381203111 -20.0078299658904 -18.2501008409654 -13.9815271200491 -11.9692377251123 -10.2912276797587 -8.71505638932706 -7.26143548841453 -5.70799000297719 -5.08002681313601 -4.3359071284023 -3.87612107777228 -3.77201251465295 -3.83257564302614 -4.08806498998161 -4.86718020543429 -5.31572128929524 -6.19054199515483 -7.55738874812786 -8.58597696154273 -9.67431629591774 -10.6642716831467 -11.2884375100661 -11.7472813074619 -10.9508314534864 -10.4495863521364 -10.558007671284 -11.1139934018813 -12.4401487203489 -13.7461341697993 -15.8475142590518 -18.4727262057304 -22.0480207754003 -26.8760444614976
-9999 -9999 -9999 -9999 -9999 -9999 -9999 -9999 -9999 -62.1388689631861 -9.35820405977878 -22.1929110763375 -59.7297482198331 -60.3578620364605 -50.3075279072497 -48.9490508727551 -52.559956940747 -61.3122772152535 -60.2353917073414 -43.2674382131276 -25.8088742380663 -20.4385350390846 -19.4722195722634 -16.3298250375399 -14.3076223554607 -12.4411411803017 -11.0831619580431 -10.03710349104 -9.17477021402118 -7.435188057039 -5.59774824275656 -4.7474598998669 -3.9199763489567 -3.11563292436937 -2.44848714852497 -1.89763923415138 -1.89213433882896 -2.05939620561001 -2.60027172499616 -2.98853456558295 -3.53933355910902 -4.3342243157346 -5.08743879644204 -5.89879313924135 -7.00042917142082 -7.32477060867704 -6.57450065402462 -6.14404569158161 -6.86709194170151 -8.52541711809431 -10.5031249098656 -12.5225255793934 -14.782401064116 -17.8534868658849 -21.8697116848624 -26.6500048487526
-9999 -9999 -9999 -9999 -9999 -9999 -9999 -9999 -9999 -9999 -27.3196490974681 -33.4777660785569 -55.9979896490643 -50.0136290812337 -41.2459585025819 -34.7329940300466 -30.6688431825903 -37.4918372716215 -40.850199525159 -31.6011050847656 -21.8806901020891 -18.2232109169549 -15.7878708824927 -13.3938928156588 -11.3744896908189 -9.72565730370854 -9.00505401315209 -8.55101967372154 -8.05058370547158 -7.37957646463695 -6.52896928225909 -5.58393272478648 -4.63379706700911 -3.61144086313043 -2.55761945732618 -1.74438528330175 -1.36877892136342 -1.21994984915136 -1.25671384616572 -1.5313936471724 -1.59432399528609 -1.83467772495073 -2.28706090706784 -2.7724765175266 -3.40102319851635 -3.6022909547727 -3.12800843194999 -3.32903814916001 -4.63141364923728 -6.75615376370178 -9.52608290800981 -12.1329146387408 -15.1871925566306 -18.1855725160594 -21.2034937323441 -25.0999588278113
-9999 -9999 -9999 -9999 -9999 -9999 -9999 -9999 -9999 -9999 -9999 -62.21805154052 -42.129045830127 -29.3063124164192 -24.5483349670148 -23.5214018366048 -18.0332632085175 -17.6293770356305 -20.46640791831 -21.1759619177016 -19.5914886471097 -16.5724795798927 -12.9084744260164 -10.6889230663897 -9.38446879696509 -8.03626572915687 -7.8257693811898 -7.60121265275016 -7.34004090658137 -7.09624147523015 -6.51354649830506 -5.96523888193703 -5.29765600620094 -4.47451720487541 -3.43324943827188 -2.54019021606123 -1.85582257062028 -1.42653337124218 -1.07127509277179 -0.877857879671591 -0.826195358441156 -0.94532952806273 -0.89203173215918 -0.905751296234672 -1.1613021081275 -1.07032176376286 -1.00721213134325 -1.51077054680492 -2.99709025414645 -5.50573972978086 -8.79126864997399 -11.8163613483227 -15.1277687963537 -17.8454608745515 -19.7950062252307 -22.0586703991377
