meets/meet006/_saidas_enm/CCSM_Maxent_0k_S_lineola3.asc
NCOLS 154 
NROWS 168 
XLLCORNER -112 
YLLCORNER -55.5 
CELLSIZE 0.5 
NODATA_value -9999 
[rows 50 to 74 of 168, columns 56 to 111 of 154]
-9999 -9999 -9999 -9999 -9999 -9999 -9999 -9999 -9999 -9999 -9999 -9999 -9999 0.894334554672241 0.752649962902069 0.577930212020874 0.538016319274902 0.449593812227249 0.476263910531998 0.617280304431915 0.631228148937225 0.589140176773071 0.538197755813599 0.432573705911636 0.437573999166489 0.446320444345474 0.446245163679123 0.45380437374115 0.465444564819336 0.48707503080368 0.495759189128876 0.455374956130981 0.404558449983597 0.338698416948318 0.315061628818512 0.322872966527939 0.448052376508713 0.48383367061615 0.506686151027679 0.52162891626358 0.43967217206955 0.528304636478424 0.448966681957245 0.446640759706497 0.397541612386703 0.431454449892044 0.426559448242188 0.405378729104996 0.392917484045029 0.387970238924026 0.363905519247055 0.313210427761078 0.281203269958496 0.240408822894096 0.211925327777863 0.205227181315422
-9999 -9999 -9999 -9999 -9999 -9999 -9999 -9999 -9999 -9999 -9999 -9999 -9999 0.752249538898468 0.653266131877899 0.587050080299377 0.564582824707031 0.587764322757721 0.616318106651306 0.611128211021423 0.591619908809662 0.553341209888458 0.434711545705795 0.412767022848129 0.416489720344543 0.431479066610336 0.443462759256363 0.458263516426086 0.481560111045837 0.512290954589844 0.515748977661133 0.47211566567421 0.408427685499191 0.331539362668991 0.301418840885162 0.315117448568344 0.350201785564423 0.383682250976562 0.407645583152771 0.42557293176651 0.431240350008011 0.437999874353409 0.436318099498749 0.387793034315109 0.387040615081787 0.377286434173584 0.385074317455292 0.37169998884201 0.359882682561874 0.34807351231575 0.308631300926208 0.281102478504181 0.248625084757805 0.223554074764252 0.208797141909599 0.205510228872299
-9999 -9999 -9999 -9999 -9999 -9999 -9999 -9999 -9999 -9999 -9999 0.719722270965576 0.713547825813293 0.629920899868011 0.606866896152496 0.581065237522125 0.571410775184631 0.5833979845047 0.581696569919586 0.569768965244293 0.55461311340332 0.525705575942993 0.42249321937561 0.41206231713295 0.423062980175018 0.442457586526871 0.462838172912598 0.487953305244446 0.520839869976044 0.558330833911896 0.562529444694519 0.497710675001144 0.422247678041458 0.365900307893753 0.306594520807266 0.322299748659134 0.34871381521225 0.379670023918152 0.400760352611542 0.418863773345947 0.427443832159042 0.431241810321808 0.4288549721241 0.380795508623123 0.381456851959229 0.377305775880814 0.371082812547684 0.373573958873749 0.360767751932144 0.321678549051285 0.294785737991333 0.259189605712891 0.226157873868942 0.204738348722458 0.20031376183033 0.201951459050179
-9999 -9999 -9999 -9999 -9999 -9999 -9999 -9999 -9999 -9999 0.605304062366486 0.751058876514435 0.674831569194794 0.61500084400177 0.606860876083374 0.622900903224945 0.581900298595428 0.534258902072906 0.51395183801651 0.511200487613678 0.505691826343536 0.500715136528015 0.422893345355988 0.428314954042435 0.444391876459122 0.468231737613678 0.498984158039093 0.535888850688934 0.573992252349854 0.60151082277298 0.597202658653259 0.518124878406525 0.427122414112091 0.368647485971451 0.310970693826675 0.324410647153854 0.351871401071548 0.381221652030945 0.399940222501755 0.413632690906525 0.42181384563446 0.42233869433403 0.420932292938232 0.373599261045456 0.373605638742447 0.418756902217865 0.378774911165237 0.413624167442322 0.394745737314224 0.345348060131073 0.306540787220001 0.27606076002121 0.210286289453506 0.192048907279968 0.196137502789497 0.201476693153381
-9999 -9999 -9999 -9999 -9999 -9999 -9999 -9999 -9999 -9999 0.711682975292206 0.659345626831055 0.620581567287445 0.445131719112396 0.572579443454742 0.643214821815491 0.586350917816162 0.495391994714737 0.462549924850464 0.471789091825485 0.40074959397316 0.418891251087189 0.438088119029999 0.457731574773788 0.48568668961525 0.515927195549011 0.557757616043091 0.599113583564758 0.597368597984314 0.588127732276917 0.594430685043335 0.537982821464539 0.389715701341629 0.374567180871964 0.329308360815048 0.328848958015442 0.351525485515594 0.380452185869217 0.397672981023788 0.406450271606445 0.412918031215668 0.408378481864929 0.406416922807693 0.358214676380157 0.417473763227463 0.451034933328629 0.438478201627731 0.41222807765007 0.357640236616135 0.318508416414261 0.292462795972824 0.273522347211838 0.250581800937653 0.199567452073097 0.205674082040787 0.209448769688606
-9999 -9999 -9999 -9999 -9999 -9999 -9999 -9999 0.678981900215149 0.632157802581787 0.548510909080505 0.581962287425995 0.455746740102768 0.399352222681046 0.567616105079651 0.592505991458893 0.561028778553009 0.488748997449875 0.378489106893539 0.39849916100502 0.433641642332077 0.449263334274292 0.464530795812607 0.493021339178085 0.535183846950531 0.54851245880127 0.547913312911987 0.534770846366882 0.528741598129272 0.530095219612122 0.51615846157074 0.487702488899231 0.401796609163284 0.39199098944664 0.369472473859787 0.378444641828537 0.397104561328888 0.419771164655685 0.434756904840469 0.443012923002243 0.446694791316986 0.440877944231033 0.387659251689911 0.38402071595192 0.382653087377548 0.426918536424637 0.418270438909531 0.407592177391052 0.392114371061325 0.33002507686615 0.315404802560806 0.302251607179642 0.284523069858551 0.22876264154911 0.223209053277969 0.225222185254097
-9999 -9999 -9999 -9999 -9999 -9999 -9999 -9999 0.581621587276459 0.529650211334229 0.446116268634796 0.474338173866272 0.37767893075943 0.380337685346603 0.558333277702332 0.561097621917725 0.537576258182526 0.404526680707932 0.382652699947357 0.415708988904953 0.456163972616196 0.462571263313293 0.467211872339249 0.471763134002686 0.483532190322876 0.495224356651306 0.489808082580566 0.484297454357147 0.477788686752319 0.472092419862747 0.463181495666504 0.398805379867554 0.381590694189072 0.413916945457458 0.386741161346436 0.385199159383774 0.391809076070786 0.407662659883499 0.417261689901352 0.422027289867401 0.427349090576172 0.375027358531952 0.370817065238953 0.36505976319313 0.358311116695404 0.400757759809494 0.392284750938416 0.384577870368958 0.370806396007538 0.324878603219986 0.299208462238312 0.287634402513504 0.285770624876022 0.239895731210709 0.231155782938004 0.233134537935257
-9999 -9999 -9999 -9999 -9999 -9999 -9999 0.734828352928162 0.593886971473694 0.475721716880798 0.470151156187057 0.442046463489532 0.352593243122101 0.477258175611496 0.528806447982788 0.548967361450195 0.518708467483521 0.399096637964249 0.381863981485367 0.404723435640335 0.433906942605972 0.436389535665512 0.431222587823868 0.433316916227341 0.444848120212555 0.453207850456238 0.451078981161118 0.443899869918823 0.43999245762825 0.439643383026123 0.437304675579071 0.380743891000748 0.371892601251602 0.365428030490875 0.35993766784668 0.348860591650009 0.34434500336647 0.343243002891541 0.347998440265656 0.355582505464554 0.358904987573624 0.357487261295319 0.354682505130768 0.349133729934692 0.343719214200974 0.338699460029602 0.331255197525024 0.366978317499161 0.353454828262329 0.309205740690231 0.279686480760574 0.230232924222946 0.217496246099472 0.217148333787918 0.22540020942688 0.22699810564518
-9999 -9999 -9999 -9999 -9999 -9999 -9999 0.683916628360748 0.57027667760849 0.477680742740631 0.487245887517929 0.444609761238098 0.45905864238739 0.490584194660187 0.51314902305603 0.520384311676025 0.498959481716156 0.3943150639534 0.378307700157166 0.393934965133667 0.414190977811813 0.415013700723648 0.36386051774025 0.364358484745026 0.370998591184616 0.376462399959564 0.375575810670853 0.372765958309174 0.370297819375992 0.369214177131653 0.369227081537247 0.365055233240128 0.363179385662079 0.36125436425209 0.361321836709976 0.363369852304459 0.350665301084518 0.342118859291077 0.341970533132553 0.346941143274307 0.350366503000259 0.352225601673126 0.35250049829483 0.349308997392654 0.345405638217926 0.34134766459465 0.336520045995712 0.326733142137527 0.311193704605103 0.26824826002121 0.23756642639637 0.221191212534904 0.204256296157837 0.202066347002983 0.217925310134888 0.228832393884659
-9999 -9999 -9999 -9999 -9999 -9999 0.467050105333328 0.65082174539566 0.569916725158691 0.48862224817276 0.476734429597855 0.456331759691238 0.494263678789139 0.504277110099792 0.503369569778442 0.492629557847977 0.471066951751709 0.380318999290466 0.376946091651917 0.345512568950653 0.405612230300903 0.358298063278198 0.354473203420639 0.355212986469269 0.360365837812424 0.365839928388596 0.363209903240204 0.358961939811707 0.357510477304459 0.35773754119873 0.357931762933731 0.356238067150116 0.354574471712112 0.355050444602966 0.358828991651535 0.362607270479202 0.360621184110641 0.36096453666687 0.362026780843735 0.364171922206879 0.369329065084457 0.365703165531158 0.36265566945076 0.355212867259979 0.34541580080986 0.336332082748413 0.328714281320572 0.321028709411621 0.308207631111145 0.293663859367371 0.243005782365799 0.226148396730423 0.211610525846481 0.205426022410393 0.216604575514793 0.237635105848312
-9999 -9999 -9999 -9999 -9999 -9999 0.433093696832657 0.66331946849823 0.602070450782776 0.523344755172729 0.502345681190491 0.47129625082016 0.518074929714203 0.517788112163544 0.509678721427917 0.491920739412308 0.472149223089218 0.380696803331375 0.380518794059753 0.345456779003143 0.40144556760788 0.354623258113861 0.351569205522537 0.353166550397873 0.357704102993011 0.361130475997925 0.358547687530518 0.353939890861511 0.35218146443367 0.352316200733185 0.352404057979584 0.350992947816849 0.350025743246078 0.351043730974197 0.354305744171143 0.358980178833008 0.35926878452301 0.360450953245163 0.360038310289383 0.358682572841644 0.358961910009384 0.353896647691727 0.35063174366951 0.345461994409561 0.339669108390808 0.334409087896347 0.328582048416138 0.321936458349228 0.311516225337982 0.300299793481827 0.263784050941467 0.241754442453384 0.232453510165215 0.228142216801643 0.226630091667175 0.242518335580826
-9999 -9999 -9999 -9999 -9999 -9999 0.404090195894241 0.689003229141235 0.643342077732086 0.554427564144135 0.520880818367004 0.480804532766342 0.525453805923462 0.517982363700867 0.506862342357635 0.493742555379868 0.403916746377945 0.392098426818848 0.386645495891571 0.346766173839569 0.353792101144791 0.352449864149094 0.350537568330765 0.352657914161682 0.355924367904663 0.359380573034286 0.356003314256668 0.352862805128098 0.350826472043991 0.349851459264755 0.350639790296555 0.348831862211227 0.348450362682343 0.349360316991806 0.351525276899338 0.355917483568192 0.356650173664093 0.357733100652695 0.356446266174316 0.353400945663452 0.349918246269226 0.344753205776215 0.34203165769577 0.338691413402557 0.337543278932571 0.338156878948212 0.330417156219482 0.325367093086243 0.317766278982162 0.307495534420013 0.27467206120491 0.268819600343704 0.267949491739273 0.25494921207428 0.2495007365942 0.264392405748367
-9999 -9999 -9999 -9999 -9999 -9999 -9999 0.715779602527618 0.672620832920074 0.579667985439301 0.528226613998413 0.476317644119263 0.520140469074249 0.51568466424942 0.502824246883392 0.487899243831635 0.4059998691082 0.394637674093246 0.344285577535629 0.348425805568695 0.353483825922012 0.353908956050873 0.353670746088028 0.356011122465134 0.35938173532486 0.360938102006912 0.359248995780945 0.355863481760025 0.353960245847702 0.353219538927078 0.352934718132019 0.351687490940094 0.350220084190369 0.350581705570221 0.352142095565796 0.354047745466232 0.355707317590714 0.35626608133316 0.354691594839096 0.352074444293976 0.347624391317368 0.344064623117447 0.340530186891556 0.338129281997681 0.338947355747223 0.3384690284729 0.336535900831223 0.332929819822311 0.327895045280457 0.322203069925308 0.291813731193542 0.289748847484589 0.289829313755035 0.289470195770264 0.286747634410858 0.314045459032059
-9999 -9999 -9999 -9999 -9999 -9999 -9999 -9999 0.690210163593292 0.584804773330688 0.504284143447876 0.46714261174202 0.513533651828766 0.503152370452881 0.48675200343132 0.441260278224945 0.367043346166611 0.361585468053818 0.342494636774063 0.346449553966522 0.350561082363129 0.352677285671234 0.355409145355225 0.358302623033524 0.360142469406128 0.362963885068893 0.359866797924042 0.358066529035568 0.356950014829636 0.354843199253082 0.35641160607338 0.353615522384644 0.352452397346497 0.352314859628677 0.352266550064087 0.353511929512024 0.35467866063118 0.356140196323395 0.354878425598145 0.352247774600983 0.349549233913422 0.344970345497131 0.341677576303482 0.340143263339996 0.340580493211746 0.341022163629532 0.340814501047134 0.341984361410141 0.34002086520195 0.336321204900742 0.33645948767662 0.306445062160492 0.334772497415543 0.336337864398956 0.333671689033508 0.336536586284637
-9999 -9999 -9999 -9999 -9999 -9999 0.598448514938354 0.705311954021454 0.673706591129303 0.579620242118835 0.502312183380127 0.456582516431808 0.470886409282684 0.492209821939468 0.436289191246033 0.331329047679901 0.333100318908691 0.344921857118607 0.314337849617004 0.316191017627716 0.32041323184967 0.352212876081467 0.357321977615356 0.360699504613876 0.362224280834198 0.363015979528427 0.362194865942001 0.361495167016983 0.360946387052536 0.359641402959824 0.355587661266327 0.357818871736526 0.356819301843643 0.357157379388809 0.35798391699791 0.358711779117584 0.359915465116501 0.360162675380707 0.359665781259537 0.3597811460495 0.357944965362549 0.356385141611099 0.353948384523392 0.352000623941422 0.352195650339127 0.352111399173737 0.353748053312302 0.326963514089584 0.326404631137848 0.325361639261246 0.323961824178696 0.323332488536835 0.324200510978699 0.327271014451981 0.358556628227234 0.364696085453033
-9999 -9999 -9999 -9999 -9999 0.558706164360046 0.620816469192505 0.677628338336945 0.652599394321442 0.560992538928986 0.478772610425949 0.439571887254715 0.435265123844147 0.418886840343475 0.379545629024506 0.294454246759415 0.300828635692596 0.325038462877274 0.296882390975952 0.295002371072769 0.300247371196747 0.304291039705276 0.326855272054672 0.331604599952698 0.330961555242538 0.332888156175613 0.332372099161148 0.334586173295975 0.363649517297745 0.354674965143204 0.350109100341797 0.347322404384613 0.349923700094223 0.356054127216339 0.362795978784561 0.365803301334381 0.365937381982803 0.367459326982498 0.367808103561401 0.368136614561081 0.368748873472214 0.365956366062164 0.366035878658295 0.364167481660843 0.33507639169693 0.334928542375565 0.335624545812607 0.338959813117981 0.326240599155426 0.324838906526566 0.323869943618774 0.324351042509079 0.326113998889923 0.330967247486115 0.351069360971451 0.392243921756744
-9999 -9999 -9999 -9999 -9999 0.585363268852234 0.607460379600525 0.656453311443329 0.588160693645477 0.513356804847717 0.438002854585648 0.404998898506165 0.386633723974228 0.367278903722763 0.339583933353424 0.254757672548294 0.266731530427933 0.249469578266144 0.262873351573944 0.27474182844162 0.284003913402557 0.294667452573776 0.303124994039536 0.308434695005417 0.312446385622025 0.314657390117645 0.316374629735947 0.313238799571991 0.309567749500275 0.307331770658493 0.319439023733139 0.320701777935028 0.325152516365051 0.361205786466599 0.369646221399307 0.37177312374115 0.37291693687439 0.373282551765442 0.373970836400986 0.375539064407349 0.375379025936127 0.374947339296341 0.345284402370453 0.344104647636414 0.331119447946548 0.331518590450287 0.333025634288788 0.334828823804855 0.33561784029007 0.336885124444962 0.338141947984695 0.339241057634354 0.3418909907341 0.347072839736938 0.353238761425018 0.374912440776825
-9999 -9999 -9999 -9999 -9999 -9999 0.602752566337585 0.642654299736023 0.550152719020844 0.477510094642639 0.402718305587769 0.394695967435837 0.366041511297226 0.345901519060135 0.326887339353561 0.22538860142231 0.244724780321121 0.220854878425598 0.231455326080322 0.24656218290329 0.254170805215836 0.270381242036819 0.280736863613129 0.289498507976532 0.296945035457611 0.298687249422073 0.299336463212967 0.297088116407394 0.297312170267105 0.299686312675476 0.3024080991745 0.307991504669189 0.314276278018951 0.324362069368362 0.347713589668274 0.350009202957153 0.351378500461578 0.35129988193512 0.351871103048325 0.353940099477768 0.353937834501266 0.354253798723221 0.340001225471497 0.339100360870361 0.341061562299728 0.340977072715759 0.342473983764648 0.343896120786667 0.34493100643158 0.346938908100128 0.350440293550491 0.352499961853027 0.356436610221863 0.362200140953064 0.367699444293976 0.372563421726227
-9999 -9999 -9999 -9999 -9999 -9999 0.62376457452774 0.55647212266922 0.520104646682739 0.464262634515762 0.416778415441513 0.412959158420563 0.416005462408066 0.402580916881561 0.372689247131348 0.337787717580795 0.247351884841919 0.193864062428474 0.195591971278191 0.219449818134308 0.241401791572571 0.248995453119278 0.252378284931183 0.259762763977051 0.272306025028229 0.281454563140869 0.281015038490295 0.278955221176147 0.280810207128525 0.288081109523773 0.296922832727432 0.302623391151428 0.310280591249466 0.321289092302322 0.335498869419098 0.339448541402817 0.340306401252747 0.340520530939102 0.341735154390335 0.343732237815857 0.345321655273438 0.345785647630692 0.345871090888977 0.345904529094696 0.3474101126194 0.348375916481018 0.349330753087997 0.350009709596634 0.349923372268677 0.350177764892578 0.351859003305435 0.358144849538803 0.3655906021595 0.371614634990692 0.376396656036377 0.427520304918289
-9999 -9999 -9999 -9999 -9999 -9999 0.559756755828857 0.564543962478638 0.556905627250671 0.495791792869568 0.456987649202347 0.457128137350082 0.44592958688736 0.451506793498993 0.428457856178284 0.385937213897705 0.32203009724617 0.178115606307983 0.173516407608986 0.203085228800774 0.230198964476585 0.232081294059753 0.227616891264915 0.234301894903183 0.251605242490768 0.26462784409523 0.264278531074524 0.260539531707764 0.264396041631699 0.276362299919128 0.28732967376709 0.294824779033661 0.30107581615448 0.312985301017761 0.329449355602264 0.34177628159523 0.345122784376144 0.343694925308228 0.34533303976059 0.349891662597656 0.349938958883286 0.352664709091187 0.352237671613693 0.352330982685089 0.356004327535629 0.355425387620926 0.357492327690125 0.35618644952774 0.355790495872498 0.356484323740005 0.354388296604156 0.366060703992844 0.37446928024292 0.381577134132385 0.388224631547928 0.436583191156387
-9999 -9999 -9999 -9999 -9999 -9999 -9999 -9999 0.685643374919891 0.567427217960358 0.513011932373047 0.344962924718857 0.301835477352142 0.290861070156097 0.321670889854431 0.400922983884811 0.325647860765457 0.175390005111694 0.163889721035957 0.189387738704681 0.21722599864006 0.215525522828102 0.205543845891953 0.210327044129372 0.228506356477737 0.244057416915894 0.245139300823212 0.242324501276016 0.246209010481834 0.258141130208969 0.270347774028778 0.27734899520874 0.284166425466537 0.295825451612473 0.312446385622025 0.330501884222031 0.342019855976105 0.343814432621002 0.346505969762802 0.349168032407761 0.352215319871902 0.353612989187241 0.35482993721962 0.356125235557556 0.358429700136185 0.360125631093979 0.36076146364212 0.361071795225143 0.36020702123642 0.3592748939991 0.362085193395615 0.369687288999557 0.380183607339859 0.387337028980255 0.439906477928162 0.444104582071304
-9999 -9999 -9999 -9999 -9999 -9999 -9999 -9999 0.652378380298615 0.676975965499878 0.586451649665833 0.375211298465729 0.284040302038193 0.266363948583603 0.277860581874847 0.425769299268723 0.341218322515488 0.17661252617836 0.161110356450081 0.188057139515877 0.243981078267097 0.204499959945679 0.189946383237839 0.193814978003502 0.214189082384109 0.229018107056618 0.230986192822456 0.227444261312485 0.231652468442917 0.244580566883087 0.254562646150589 0.262133091688156 0.267019063234329 0.278610914945602 0.296765238046646 0.313462406396866 0.328461855649948 0.34140956401825 0.346737504005432 0.351644337177277 0.353516042232513 0.356939435005188 0.357593327760696 0.359431594610214 0.364195346832275 0.364946156740189 0.36624750494957 0.365561723709106 0.364532917737961 0.365243673324585 0.365366399288177 0.372896701097488 0.381718367338181 0.438000291585922 0.448010951280594 0.454070538282394
-9999 -9999 -9999 -9999 -9999 -9999 -9999 -9999 -9999 0.716717064380646 0.638506531715393 0.440175265073776 0.341473579406738 0.26918351650238 0.247533634305 0.305846691131592 0.363911271095276 0.221926122903824 0.167338207364082 0.184531167149544 0.204665079712868 0.196173653006554 0.18312631547451 0.186465486884117 0.202365204691887 0.217882946133614 0.21986947953701 0.218205809593201 0.221888825297356 0.231247574090958 0.240911290049553 0.24648329615593 0.252286583185196 0.262252151966095 0.277028918266296 0.293193370103836 0.306887000799179 0.320920914411545 0.335657387971878 0.347368776798248 0.351953864097595 0.35437399148941 0.35768261551857 0.361481726169586 0.364472717046738 0.368006139993668 0.368079990148544 0.368151068687439 0.367144405841827 0.364786744117737 0.365557730197906 0.369890034198761 0.377590417861938 0.434506297111511 0.450788080692291 0.46658381819725
-9999 -9999 -9999 -9999 -9999 -9999 -9999 -9999 -9999 -9999 0.71438866853714 0.55097109079361 0.369806170463562 0.249644324183464 0.242429539561272 0.299231290817261 0.415629982948303 0.25236240029335 0.184811517596245 0.19566348195076 0.23933681845665 0.196149542927742 0.182187974452972 0.183529272675514 0.198790565133095 0.210956141352654 0.21292632818222 0.21147982776165 0.214582577347755 0.223368003964424 0.230716094374657 0.235337197780609 0.239110305905342 0.24799345433712 0.262072384357452 0.275956571102142 0.28854313492775 0.300254166126251 0.314657688140869 0.3309226334095 0.34614023566246 0.354351818561554 0.356535792350769 0.360942661762238 0.367805451154709 0.372014850378036 0.37236014008522 0.370728939771652 0.369291692972183 0.369181126356125 0.369731485843658 0.373302340507507 0.379155993461609 0.436926484107971 0.454026103019714 0.462853133678436
-9999 -9999 -9999 -9999 -9999 -9999 -9999 -9999 -9999 -9999 -9999 0.63416999578476 0.388354420661926 0.241966173052788 0.2439144551754 0.306358516216278 0.483449280261993 0.372152417898178 0.217984288930893 0.215817674994469 0.242445796728134 0.196883678436279 0.187092915177345 0.18782177567482 0.196875959634781 0.204581305384636 0.207011252641678 0.208338737487793 0.211071714758873 0.216598257422447 0.22115883231163 0.225433960556984 0.230365186929703 0.237717419862747 0.248682975769043 0.258958786725998 0.271578282117844 0.283759236335754 0.297474682331085 0.312966108322144 0.327017396688461 0.342356204986572 0.355993837118149 0.361843526363373 0.368908792734146 0.373773783445358 0.374617785215378 0.374649912118912 0.374196529388428 0.37397500872612 0.375314921140671 0.380465507507324 0.390030056238174 0.439640134572983 0.442355990409851 0.444743812084198
