meets/meet006/_saidas_enm/CCSM_Gower_0k_T_nigriceps2.asc
NCOLS 154 
NROWS 168 
XLLCORNER -112 
YLLCORNER -55.5 
CELLSIZE 0.5 
NODATA_value -9999 
[rows 75 to 99 of 168, columns 56 to 111 of 154]
-9999 -9999 -9999 -9999 -9999 -9999 -9999 -9999 -9999 -9999 -9999 0.524821980321788 0.747244929735978 0.747575461683463 0.74691371875706 0.746637450581578 0.746048745470399 0.742548799892529 0.635730357784209 0.598441656028984 0.579257139910454 0.558997264236445 0.546654786753128 0.538683497812646 0.541353863154112 0.542173146017264 0.538065691870233 0.533143307101225 0.528754549561171 0.525726769682229 0.521971528613707 0.516225296435925 0.511354609944389 0.50984731699034 0.511777199802777 0.51436943710754 0.516710199794163 0.518909567718708 0.523705843645862 0.529974875525772 0.535759534808563 0.540883290346086 0.544722073214724 0.549778883155359 0.555152927944523 0.55924079781045 0.561150418683142 0.561557649172544 0.561740405237211 0.560576844174277 0.561532872278493 0.565692849259158 0.571399793855571 0.577305800677694 0.582282356320416 0.586737750114766
-9999 -9999 -9999 -9999 -9999 -9999 -9999 -9999 -9999 -9999 -9999 0.503558581281129 0.747137661670172 0.747586652654153 0.747735554271031 0.747750669083336 0.747664816120384 0.747604065412786 0.733136985602268 0.671382531078031 0.592346857744926 0.57313735296402 0.559134913647839 0.542579178273231 0.544243751294361 0.538639656944224 0.536878697703899 0.532016501245776 0.526290119533841 0.522912992686432 0.519174523669268 0.512503387165671 0.509545388970808 0.509064331218132 0.512195014955584 0.518947676367046 0.518213846044039 0.521469747051889 0.526891153424897 0.533920765988206 0.545477240134711 0.545307396576659 0.550237043926978 0.555860975339904 0.559520331999744 0.56839162479579 0.568075454686233 0.566674501330725 0.567376830981325 0.567037789892644 0.568154232503216 0.571681763380605 0.575080433232096 0.57724968207151 0.578472538265505 0.578217569201938
-9999 -9999 -9999 -9999 -9999 -9999 -9999 -9999 -9999 -9999 -9999 -9999 0.696410416668081 0.747602575044568 0.747627880375747 0.74742172501483 0.746850255360228 0.746317012823503 0.746620177108691 0.747712808812111 0.685586137436236 0.622341292823159 0.574027097582441 0.543012173194039 0.546277734054253 0.548484872804089 0.54253703584039 0.531699106096667 0.52265079669369 0.517056999109259 0.512778639881939 0.506231328875139 0.502965278535227 0.502901158839206 0.506767331126069 0.512972686147013 0.514111699508196 0.516999889212865 0.522128527752681 0.528609545623484 0.536881139205046 0.537576223966373 0.540492968619238 0.546863800481755 0.55482066344225 0.564533947099379 0.568355094759689 0.57036975272169 0.572729381285479 0.573615314074046 0.574316055462206 0.576360043337251 0.577675230521044 0.578303123605328 0.577674065795255 0.576264006401763
-9999 -9999 -9999 -9999 -9999 -9999 -9999 -9999 -9999 -9999 -9999 -9999 0.521564758588986 0.678803036677816 0.747618243563354 0.747410600841159 0.746224237563033 0.744525358691392 0.744664399156692 0.746468430282449 0.747738807350297 0.717263989431748 0.609627140752245 0.546430699408723 0.563835535162797 0.568975470068428 0.548764089340894 0.531197855295967 0.516651391462187 0.509286883108148 0.503754985673241 0.496987957255249 0.492597838500568 0.492371872583476 0.496509566711226 0.501635621677476 0.504603158024931 0.507023276468422 0.511617703405932 0.51661667968501 0.519760483944546 0.522201135873748 0.521082822196202 0.529253995774066 0.543671803112622 0.555733596692283 0.568191927265105 0.574134993544141 0.579361965231439 0.58174075882866 0.581090630070228 0.582166307278194 0.581784700756143 0.580289404611749 0.579595016273346 0.577643571156423
-9999 -9999 -9999 -9999 -9999 -9999 -9999 -9999 -9999 -9999 -9999 -9999 -9999 0.547825374125383 0.733677422030871 0.746707809106079 0.716208738485025 0.692885473149974 0.717565720694381 0.74505781824248 0.746084891571175 0.746880324757906 0.705253975888216 0.603637497772474 0.582443300247584 0.572338562841281 0.551357298367403 0.524756326052411 0.505686151426442 0.499590512770613 0.494215553892855 0.48764216482308 0.48353914440782 0.482786138060872 0.485976119609998 0.491333688287337 0.493933896659086 0.496832512334946 0.501306061376297 0.506431156147431 0.50955083007646 0.508208904058905 0.507029357704151 0.51731632899196 0.536311207915559 0.555688913575661 0.571730681863731 0.582400417161727 0.590032653486898 0.592391540861548 0.591693764229941 0.590062512820754 0.587344254598202 0.584337991453348 0.581719899648625 0.577675759941857
-9999 -9999 -9999 -9999 -9999 -9999 -9999 -9999 -9999 -9999 -9999 -9999 -9999 0.417602386553931 0.668129859886456 0.73256871575592 0.662868699864195 0.570998343167111 0.552673871159389 0.632008363538563 0.693099422957007 0.743002692396632 0.744417511574899 0.687778467950854 0.641184097159561 0.589773237288501 0.558707353399216 0.523095999120233 0.489836210661132 0.48530184926249 0.484175540392453 0.467960859245921 0.471828189020922 0.470920022166573 0.473661100972749 0.480014054763516 0.480253676788912 0.484495818807519 0.489947273229448 0.496601745442278 0.503201166468508 0.501633807975591 0.497250410586716 0.50973913500737 0.534159183882821 0.560113177426203 0.575844811001986 0.59114951963412 0.600771107606428 0.601287504667483 0.603320374705453 0.598038978558574 0.593181119062139 0.588233152143322 0.58338270453827 0.578837415089863
-9999 -9999 -9999 -9999 -9999 -9999 -9999 -9999 -9999 -9999 -9999 -9999 -9999 -9999 0.548273995392521 0.716895911258692 0.698349658869167 0.563016583221161 0.501386156378859 0.529939199599577 0.625597776327934 0.697378563044329 0.650582242872761 0.650773169372442 0.709417520388723 0.69109224122107 0.628497491054595 0.546689392378081 0.490632852541645 0.478637881786855 0.452153771811679 0.454602110931086 0.450856390591181 0.449785863910557 0.458105681964874 0.460976391936692 0.460856279891299 0.462283934015883 0.469474827191193 0.481681806990136 0.493921840875974 0.497218404082878 0.500672972730393 0.514550214344641 0.534061523836942 0.556219604998668 0.574329079214208 0.588844315529913 0.599327271165063 0.603180819379132 0.604237966858641 0.602107789275231 0.597948659367867 0.592173737139057 0.584835011712644 0.577432332252014
-9999 -9999 -9999 -9999 -9999 -9999 -9999 -9999 -9999 -9999 -9999 -9999 -9999 -9999 0.413180522189807 0.596219917003962 0.737628044033298 0.604072584910722 0.494580894530054 0.488825971339996 0.533216385669647 0.610358398224131 0.463337335000457 0.427573044696687 0.515062360214797 0.568967472603948 0.66951813570124 0.667313370541545 0.575828822493431 0.556552398921754 0.454984052261539 0.459523496099987 0.446154479970051 0.434482113329049 0.443209756164384 0.442751982741158 0.439155252676616 0.436761996106966 0.444804690109979 0.461392452361073 0.483521007388978 0.489672230673139 0.501447850188296 0.517746139346054 0.533404972332848 0.552419740055043 0.569946851376222 0.583369045481293 0.594307832436484 0.599952623029445 0.603693086957845 0.602886567291236 0.601325305313535 0.597371273029148 0.588540639751545 0.577376319529993
-9999 -9999 -9999 -9999 -9999 -9999 -9999 -9999 -9999 -9999 -9999 -9999 -9999 -9999 -9999 0.470926292532374 0.697744963879671 0.680145280008525 0.536735975234841 0.46929238898006 0.439230766580778 0.441759857787694 0.459639733656227 0.444182195239657 0.431990594034454 0.424185582715169 0.463163516269803 0.501297466266043 0.60020333524339 0.697371168409384 0.643870037927317 0.556514492391539 0.477213378989399 0.427633480657086 0.427376357453947 0.425988598069284 0.425499807287942 0.423195859318384 0.426012984130148 0.432888997642378 0.446089771343637 0.468399380515834 0.493968997124961 0.517342017830115 0.53372608280979 0.549510255034815 0.565712649597566 0.579104454947968 0.589595457779477 0.594563754457515 0.597907258660286 0.599318800432054 0.601230433103835 0.598976688702658 0.593301403470865 0.591753482897654
-9999 -9999 -9999 -9999 -9999 -9999 -9999 -9999 -9999 -9999 -9999 -9999 -9999 -9999 -9999 0.343681441274222 0.645458735244759 0.747406717378449 0.602034208896296 0.488114310144952 0.3771956225236 0.323034769606147 0.23328057575183 0.248792931436219 0.340605514718494 0.373186317637935 0.371500727936598 0.292174746144763 0.385886043552857 0.595192623426395 0.694867867988101 0.685506154148167 0.539289733162666 0.451015327812422 0.435865915326642 0.424218790397761 0.417697765201345 0.412483747302083 0.407086833946346 0.401327124457061 0.407199352086821 0.44197590704982 0.483420400278583 0.516620395012843 0.533585218808831 0.547650082066063 0.564639301841177 0.576409703009516 0.586893823370454 0.591368805734888 0.591608315710714 0.59256921448641 0.594851018190679 0.591450654192586 0.58717833411539 0.592765417839728
-9999 -9999 -9999 -9999 -9999 -9999 -9999 -9999 -9999 -9999 -9999 -9999 -9999 -9999 -9999 0.268677424093577 0.543695784959815 0.728228876940654 0.7293194065063 0.5950805841693 0.433565980902969 0.327685314412673 0.225674678346662 0.186891028323429 0.225707473855049 0.255446061165196 0.328993792360428 0.392440386646485 0.479708057674091 0.535261350409794 0.602605090012318 0.669867192022549 0.662577638374389 0.5342416641607 0.482949371230443 0.448844326657133 0.431263581120704 0.411015663655541 0.394525980429937 0.38121953379827 0.378172131841599 0.424807478463517 0.479040203540091 0.515525434824529 0.536180852984755 0.549075812315622 0.559408941860677 0.57100558711817 0.578445114267389 0.581533014101617 0.587043120039736 0.576421562035728 0.569733918325211 0.563568495304691 0.555720149403631 0.555019196247146
-9999 -9999 -9999 -9999 -9999 -9999 -9999 -9999 -9999 -9999 -9999 -9999 -9999 -9999 -9999 -9999 0.396881804380474 0.627751190606969 0.68414043828148 0.735223848253274 0.569875600448864 0.456789693010118 0.320951445965738 0.244417866226234 0.2394417461159 0.217194666333319 0.244755621190923 0.245652049579571 0.368774864359898 0.497306186786032 0.52029230035872 0.583215798759167 0.694739948664963 0.647659334559268 0.566782291408264 0.500422361805346 0.462178368041882 0.430762811221746 0.411352255469301 0.397072719444057 0.381862555718932 0.437309185086691 0.489247077613832 0.519491812666153 0.534568188401054 0.54233778811635 0.543158875567306 0.550006428220811 0.552432869691207 0.551762093521065 0.559301257667301 0.539922931177527 0.527675724510871 0.520884848298848 0.513382221426365 0.515933483972748
-9999 -9999 -9999 -9999 -9999 -9999 -9999 -9999 -9999 -9999 -9999 -9999 -9999 -9999 -9999 -9999 -9999 0.413336559127236 0.581569104411514 0.637522522743558 0.671589243083517 0.664520074625501 0.521259057940941 0.403138006069597 0.338522511947306 0.285464005241648 0.248046830278025 0.237167478549366 0.311313229756891 0.453470113735981 0.454584126967504 0.529714933077799 0.608323941870625 0.687697440138472 0.687653669123944 0.586813880827683 0.525156201479399 0.484711969396767 0.455297969316953 0.455880774780307 0.470593163385877 0.484223016706478 0.506599617045961 0.520070979199109 0.522316947949895 0.518952665521563 0.51719425393461 0.510042129910364 0.504405144454524 0.500580260557611 0.488348868427809 0.482781977215373 0.47110922805108 0.46914903797457 0.475830591335278 0.486395511498614
-9999 -9999 -9999 -9999 -9999 -9999 -9999 -9999 -9999 -9999 -9999 -9999 -9999 -9999 -9999 -9999 -9999 -9999 -9999 0.53571955240956 0.523270566462454 0.634873043427175 0.702004320452602 0.587897879056494 0.472494770770903 0.374119288858755 0.293805294794729 0.243787171031513 0.280005912820937 0.365179818858771 0.485112773603604 0.506034062649449 0.563665670230275 0.609599996046329 0.697149919482149 0.697478461939301 0.604340992148862 0.544483336863438 0.506357541188605 0.503838949401641 0.522317584863238 0.512896999611456 0.514585987644056 0.516383781706032 0.507873155833651 0.501796614391778 0.498806246738251 0.485336629663327 0.47437022195312 0.463726241168267 0.443590200105135 0.44214361469646 0.43448403854438 0.437797975868032 0.452098368392699 0.466170088118568
-9999 -9999 -9999 -9999 -9999 -9999 -9999 -9999 -9999 -9999 -9999 -9999 -9999 -9999 -9999 -9999 -9999 -9999 -9999 -9999 -9999 0.526354913104422 0.614962490591454 0.695689118175824 0.638090729279533 0.469884285738035 0.380245430999435 0.294580354400198 0.263019617626708 0.312263590913917 0.373817297442756 0.504475405029885 0.524530958046033 0.579003426169599 0.65054748484801 0.710104987642776 0.727995662139771 0.628656293173007 0.555241764756954 0.542550092563915 0.517479803416584 0.509371593654971 0.51001993873437 0.499612170504876 0.498698811573703 0.494221101686854 0.491641057412522 0.488381194996685 0.474703962400203 0.454656016960363 0.436628086685031 0.430154871002676 0.430157651869266 0.434985236268968 0.441435991105791 0.458352858222134
-9999 -9999 -9999 -9999 -9999 -9999 -9999 -9999 -9999 -9999 -9999 -9999 -9999 -9999 -9999 -9999 -9999 -9999 -9999 -9999 -9999 -9999 -9999 0.487554912336249 0.648607516899523 0.674188836940926 0.552849321216836 0.411678929756896 0.329204041918069 0.311570673829252 0.319388385029518 0.392444798598286 0.485074769484217 0.586394733248242 0.627069791416511 0.664735316399818 0.721046000864845 0.745457153589652 0.675678969959102 0.612037044992869 0.556073378970102 0.522402612794487 0.503177268278976 0.490118828090016 0.487159720121904 0.489022818710278 0.489874938530776 0.487221812739349 0.475055713877375 0.453928071652308 0.435444507081896 0.430005132032462 0.430379265545183 0.432446518985396 0.43565874076571 0.446028164453035
-9999 -9999 -9999 -9999 -9999 -9999 -9999 -9999 -9999 -9999 -9999 -9999 -9999 -9999 -9999 -9999 -9999 -9999 -9999 -9999 -9999 -9999 -9999 -9999 -9999 0.610423899072252 0.672723670960964 0.596395188990198 0.454699898507068 0.382892200993478 0.343108267910113 0.329748289596594 0.333379646797998 0.409535630311096 0.549035479563747 0.646071919766688 0.693067741060471 0.733661578379625 0.744825486504368 0.733531479701245 0.630691762064032 0.556204040026764 0.509659438812815 0.475955630076936 0.478008847298104 0.484983491237655 0.485856735350685 0.482036225675962 0.470313472380799 0.451096828594782 0.433133606945864 0.428271796495827 0.42985293306488 0.429486928239114 0.426383695037835 0.429520191681783
-9999 -9999 -9999 -9999 -9999 -9999 -9999 -9999 -9999 -9999 -9999 -9999 -9999 -9999 -9999 -9999 -9999 -9999 -9999 -9999 -9999 -9999 -9999 -9999 -9999 0.437751596573563 0.609126421440766 0.656852073284898 0.634592440659184 0.509212905395542 0.40634552176799 0.335622736571805 0.291775222075602 0.322979633578186 0.418431622531515 0.523692797510753 0.662154826159259 0.723578292133479 0.742865101705863 0.747049262151409 0.729829814410637 0.607785403958601 0.522896220635075 0.469305301285629 0.468479918690528 0.483551840321009 0.486391243964769 0.483346251878026 0.471855462904782 0.452461378439061 0.435192517786307 0.42860785352755 0.427901513413769 0.426082291882075 0.423096924641636 0.424067874907067
-9999 -9999 -9999 -9999 -9999 -9999 -9999 -9999 -9999 -9999 -9999 -9999 -9999 -9999 -9999 -9999 -9999 -9999 -9999 -9999 -9999 -9999 -9999 -9999 -9999 -9999 -9999 0.567258679452467 0.636875074888084 0.647072068692056 0.489464019787719 0.385350754449783 0.335178493134102 0.32114279097839 0.362201992045045 0.435328408582388 0.558183182966289 0.662051902732284 0.742840724874729 0.746719807547487 0.743509363787927 0.666296158815317 0.535682786750768 0.457626410303781 0.464942442475627 0.484656598145129 0.48270249439751 0.486922658616815 0.476420577889347 0.452682885158571 0.436592042375773 0.427302343620098 0.425128775511033 0.424039424502726 0.422283628120558 0.427206082853532
-9999 -9999 -9999 -9999 -9999 -9999 -9999 -9999 -9999 -9999 -9999 -9999 -9999 -9999 -9999 -9999 -9999 -9999 -9999 -9999 -9999 -9999 -9999 -9999 -9999 -9999 -9999 0.478987122744511 0.5716171392478 0.659994644669467 0.596064142155794 0.452122676916869 0.365210782738683 0.332244973012099 0.361363721202865 0.428930730862686 0.513790960497023 0.60946621826997 0.731865768358352 0.746443217522059 0.746321861084316 0.720098334225086 0.572533389700486 0.477267790045923 0.460966658903629 0.472238473799308 0.469890031964315 0.470222345521783 0.460871467701135 0.444294294134363 0.430148239705424 0.420065780058873 0.416657400227579 0.418917496070146 0.425595105446843 0.437727491595625
-9999 -9999 -9999 -9999 -9999 -9999 -9999 -9999 -9999 -9999 -9999 -9999 -9999 -9999 -9999 -9999 -9999 -9999 -9999 -9999 -9999 -9999 -9999 -9999 -9999 -9999 -9999 -9999 0.51536689443417 0.637157608590118 0.678709634712368 0.509841301027506 0.37818283016294 0.323465857405753 0.367183379758439 0.445116738108876 0.510658875804875 0.584321588522223 0.699691377273345 0.74621460676452 0.747157639241036 0.730235888421105 0.608886642139544 0.498186600823959 0.467140717514777 0.452793691996529 0.449697517918131 0.444983093397348 0.437071741862494 0.430145779708056 0.418874713507227 0.413364105490535 0.406880301123857 0.413889689275986 0.43153942169512 0.451627974113413
-9999 -9999 -9999 -9999 -9999 -9999 -9999 -9999 -9999 -9999 -9999 -9999 -9999 -9999 -9999 -9999 -9999 -9999 -9999 -9999 -9999 -9999 -9999 -9999 -9999 -9999 -9999 -9999 0.482950979237404 0.606119892381215 0.683660597062147 0.538300307853257 0.388200233574753 0.326398521876498 0.366512709606491 0.453595119037008 0.514671639554696 0.586663587372936 0.695404642340701 0.745762493610544 0.747750441844602 0.736089535761188 0.635671499592855 0.520207172502222 0.476709489930653 0.460509741131661 0.4371759174032 0.422909964841683 0.415345365979282 0.420320122395423 0.421414500354873 0.415694471692695 0.408149231940015 0.419109482821242 0.44362282180936 0.474590766064964
-9999 -9999 -9999 -9999 -9999 -9999 -9999 -9999 -9999 -9999 -9999 -9999 -9999 -9999 -9999 -9999 -9999 -9999 -9999 -9999 -9999 -9999 -9999 -9999 -9999 -9999 -9999 -9999 0.445444598539308 0.597567711513678 0.674511436976992 0.544747753340891 0.372693025167466 0.303802309641401 0.355327930487248 0.45530187590643 0.519177552559456 0.589197183615895 0.695255895062789 0.745341269460113 0.747549324503876 0.739347570786016 0.643916455399716 0.527316823842264 0.487537183490493 0.470228976819035 0.438157884178583 0.410114021142038 0.402034106309286 0.418537907780653 0.434242744889521 0.423371160869942 0.414690792766631 0.431093413476697 0.464194496319408 0.500032309211915
-9999 -9999 -9999 -9999 -9999 -9999 -9999 -9999 -9999 -9999 -9999 -9999 -9999 -9999 -9999 -9999 -9999 -9999 -9999 -9999 -9999 -9999 -9999 -9999 -9999 -9999 -9999 -9999 0.446974722584432 0.60584450889037 0.669894648972704 0.526518638800604 0.362306943019704 0.292937517353685 0.331317366830725 0.422193252637005 0.505192521001701 0.600233807537338 0.710910787148276 0.744779977759672 0.747431999728017 0.739039975667689 0.639336284491411 0.526430240469234 0.489595735128967 0.477330736170137 0.449402532146809 0.428785722032883 0.419307780000368 0.424297831182752 0.431138014298539 0.433272436362534 0.437280627725943 0.4591381321645 0.493565288423226 0.531547839177777
-9999 -9999 -9999 -9999 -9999 -9999 -9999 -9999 -9999 -9999 -9999 -9999 -9999 -9999 -9999 -9999 -9999 -9999 -9999 -9999 -9999 -9999 -9999 -9999 -9999 -9999 -9999 -9999 0.437373468807048 0.618853540764955 0.667942159896139 0.496455546219829 0.338455503758136 0.274644896709398 0.31783372017127 0.388985855125442 0.502267878261504 0.615472232683678 0.728779059251846 0.744503491903229 0.747546131133843 0.737389781083921 0.621202436009699 0.513348146562531 0.492615655454371 0.483072916335255 0.462999365424285 0.44773936001336 0.439223063038841 0.436265932289928 0.435231342962156 0.450676917739739 0.46357265176739 0.489835570531056 0.526613777664154 0.56392490139604
