meets/meet006/_saidas_enm/CCSM_Maha_0k_S_lineola3.asc
NCOLS 154 
NROWS 168 
XLLCORNER -112 
YLLCORNER -55.5 
CELLSIZE 0.5 
NODATA_value -9999 
[rows 50 to 74 of 168, columns 56 to 111 of 154]
-9999 -9999 -9999 -9999 -9999 -9999 -9999 -9999 -9999 -9999 -9999 -9999 -9999 -15.8736008343477 -7.62990028037006 -5.72812177821136 -4.95488745991642 -5.83287332336288 -6.89296879536531 -4.2831169758492 -2.7484130006808 -2.31601216068502 -1.54687966216753 -0.545488297468454 -1.28718468966307 -1.89557543123317 -1.23420808284944 -1.6696863384039 -1.71705559719436 -1.56949934967454 -1.98915350655924 -2.01273534138707 -1.5844983064054 -0.971984458167993 -1.30486532780049 -0.722803049819417 -0.395430910477082 -0.939647914229026 -0.894109648384552 -0.959572591628557 -0.722099488176313 -0.490346015196164 -0.349627280372138 -0.17412685074462 0.00624141580953863 -1.12812227269819 -0.853146557438252 -0.901386554792552 -1.00647275800169 -0.794709467713397 -0.794349780718938 -0.39124957473607 0.076728468757945 0.268120880031598 -0.0515863081374093 -0.0676145473464063
-9999 -9999 -9999 -9999 -9999 -9999 -9999 -9999 -9999 -9999 -9999 -9999 -9999 -6.6884846316758 -5.48073396898073 -3.31379414175679 -1.7574773218744 -1.91808514572879 -2.30725926516551 -1.85162013694536 -0.937897216920155 -1.47759391248413 -0.568576736279817 0.188240678767181 -0.152450516426078 -0.2998360319794 0.186127061170323 -0.153204045287038 -0.237803942484172 -0.324970797004201 -0.888974657125532 -0.837521746948606 -0.643543045946076 -0.753241235700598 -0.725772417568294 -0.495184483802648 0.118163751008145 -0.0171494555494742 -0.484539047536716 -0.514198753038697 -0.395849883029035 -0.302709855428879 -0.344302505048429 -0.184481588333821 0.155617196069713 0.0854432617468572 0.0265209815722299 0.0707841751094836 -0.102079010051662 -0.559643250108522 -0.640933900348489 -0.138348690666055 0.0871099248033113 0.159316896598477 -0.0757957028014229 -0.179730219652512
-9999 -9999 -9999 -9999 -9999 -9999 -9999 -9999 -9999 -9999 -9999 -8.73518053941094 -6.15711389708841 -4.28578560905813 -3.17233981353211 -0.918214983355107 0.137628698686318 0.465069177424879 0.0702957026497926 -0.475834316063635 -0.723193383205972 -1.79963416321553 -0.818258814099594 -0.198140582412701 0.0157489171681251 0.347741312533239 0.414118352217575 0.312413480765818 0.118548286635453 0.333246875404746 0.0498558274954362 -0.259584184488873 -0.423002190183246 -0.520666090108113 -0.0510097257693478 -0.363102360109363 0.167510021244816 0.211910441568771 -0.173407218854922 -0.427542372709343 -0.114191974291401 -0.118304619340678 -0.222044969877699 -0.113480921990177 0.145363184036947 0.251423872149069 0.255602367541108 0.262584135617936 -0.0731424185378213 -0.600458616028485 -0.238802278024199 0.017396098940259 -0.117541613756406 -0.126610107034097 0.152057675764966 0.0876102134826722
-9999 -9999 -9999 -9999 -9999 -9999 -9999 -9999 -9999 -9999 -7.75860838598535 -4.86504982400379 -3.76625900953404 -2.95183606097194 -0.856792503240825 -0.0761736810994336 0.177618368648346 -0.188594928907097 -1.07037952062684 -1.42477091807498 -1.74546408684384 -1.34907166053142 -1.18128489541082 -0.64934499507488 0.327681744307757 0.804106921302035 0.459001095273739 0.198644612136262 0.855040974601871 0.54796668916419 -0.0798810040763536 0.0671988091072939 -0.423077059265399 0.189099148351609 0.299843463628304 -0.242091412417992 0.134521765595956 -0.239556729076688 -0.616304201956864 -0.447075103380311 -0.119045931996789 -0.0903103841991262 -0.0418678595154052 0.0691607944881704 0.0416208786933047 -0.138630610861282 -0.557089223089848 -0.820905397965209 -0.893822219546058 -0.0842933593732547 0.224623705831376 0.196217473712572 -0.0869019636761028 0.134025079327243 0.396193668903973 0.322515184254334
-9999 -9999 -9999 -9999 -9999 -9999 -9999 -9999 -9999 -9999 -4.16241795070519 -1.66322199917493 -5.86240892147816 -2.4894298747254 0.202951192401689 -0.117453394009381 1 -0.18467616748708 -1.02880244104033 -1.30604687964651 -1.37998850596225 -1.14543885716668 -1.09016894984352 0.371724710150079 1 0.39868859695061 0.239887490800209 1 0.938508574556442 0.931341976236407 0.402752561948206 0.270885589507491 -0.011316738298218 0.649955425498026 0.594915510928703 -0.220778065745148 0.0104358680692038 -0.253567368149411 -0.641881097196749 -0.833036645459273 -0.700683235189544 -0.353666033051981 -0.128315154981518 -0.179115804750472 -0.703075959754925 -1.29415351658076 -1.68494444543121 -0.772100701480441 0.398984242820532 0.53674162792778 0.50282195377828 0.14219808549702 -0.160776019740086 -0.167233630795151 0.306827961733344 0.348255684061116
-9999 -9999 -9999 -9999 -9999 -9999 -9999 -9999 -2.79692366941109 -1.70252333486375 -3.1636353785863 -0.0392821310718392 -3.70028152487038 -2.37257182021167 0.583440072889873 0.54905557293193 0.352693127684106 -1.00070278669826 -1.78314567190231 -1.8994104753879 -0.773599065750087 -0.0593448316531153 0.762862071391325 0.869611428280737 0.116821259845535 0.149582244337785 0.29421719104317 0.383306168261485 0.461369448550335 0.544472835833158 0.531563764624678 0.475219531352776 0.256051703370573 0.913853380590291 0.707632354467907 0.0341752127119677 0.268328269387121 -0.094550691572876 -0.46357655842418 -0.852967842573606 -1.03309417416832 -0.945698788296751 -0.603499014814658 -0.689960580158183 -1.28926140268715 -0.357910154768537 0.485351396880916 0.616598966277585 0.761820451122945 0.136388399252126 -0.821059283436135 -1.28453957723965 -1.19236958142968 -1.11894799175078 -0.0897416404439906 0.387398213936558
-9999 -9999 -9999 -9999 -9999 -9999 -9999 -9999 -1.68981538078238 -1.78289787900836 -1.51306735457695 -0.250924648486936 -2.27181811646082 -0.858614819480809 0.84116414120507 0.485177381217843 0.115305926391796 -1.44031831789249 -1.41788466196883 -0.589457872943529 0.284443601391137 0.724019764995943 0.901697891876697 0.870032149313056 0.81303240714058 0.655676979088303 0.618597233986357 0.817449749018703 0.851244857432836 0.838962836150643 0.853415742485107 0.93606740668523 0.962920628492003 1 0.629566324312186 0.0297260983740057 0.385972422262019 0.176668800339812 -0.0935275761329792 -0.433823646708246 -0.914301228824136 -0.974904246495474 -0.80843597351815 0.249096795028386 0.664796249523882 0.713087204891764 0.388171802337007 -0.463682442108262 -2.39439383194324 -3.89151690272023 -4.69209775435909 -5.05294635740488 -4.13515839714331 -2.68720008922438 -0.807484732475371 0.186493849108087
-9999 -9999 -9999 -9999 -9999 -9999 -9999 -4.64162488859727 -3.30951103798561 -1.41725793300793 -0.437242020670866 -1.47912682102023 -0.940738596364034 -0.183833733182012 1 0.387732292275298 -0.105811547024798 -1.05232340214746 -0.831947368647205 -0.378891059473591 0.0475617528824931 0.356901945473072 0.534171837294594 0.546895215651161 0.603559638346914 0.560814245835214 0.472100088766301 0.280075724191623 0.375113118533577 0.296453912190139 0.315437412268322 0.407942232800142 0.520276825729532 0.46561347524301 0.119315647415019 0.713858950370879 0.232619710579754 0.386376427442647 0.231862973000973 -0.096920443867851 0.00086112258715243 0.338032458396613 0.398926897102052 0.529180758330133 0.330631040265932 -1.24293691272745 -2.43579170641573 -4.04538301751685 -6.41543130785295 -8.62906909774958 -10.0546765825716 -9.49772908380084 -8.33205053931151 -5.55605571528734 -2.08415126731526 -0.271643292649447
-9999 -9999 -9999 -9999 -9999 -9999 -9999 -4.88759500291319 -1.98905030195111 -0.181183461817147 0.298403036187212 -1.68989309807667 -1.44675679231512 -1.41469839662745 0.559551925380024 -0.157469485803232 -0.671349464587353 -0.193382642109428 0.00835062276827725 -0.134476913577346 0.287024666506012 0.582752684216008 0.704739514508579 0.764574104564399 0.831414748723444 0.821151759109211 0.823432415998564 0.725449919238567 0.75704944069581 0.844806065186147 0.821939555199297 0.804569213676794 0.73266820463067 0.654820672743796 0.612536730913287 0.382684050096137 0.835871431394286 0.835538901294163 0.759733411259839 0.764231742569585 0.879521683920732 0.725097775880519 -0.379726381796595 -0.952246588267012 -2.73781065414345 -5.90591827547031 -8.1821671340107 -10.4933747085063 -12.5955764592825 -13.3364867706905 -14.1925345111734 -13.1339569291126 -12.7872532891519 -9.16056652384929 -4.07787712089834 -0.992873386311504
-9999 -9999 -9999 -9999 -9999 -9999 -5.90172725017216 -2.88407250190757 -0.6134796106388 0.0941354336902861 0.502840610800938 -1.98223761755479 -4.27497795969583 -5.40394477047531 -0.5347439784153 -0.783791097694945 -0.596149947623419 0.422096930435201 0.593055286262746 0.51549287202635 0.254157309517323 0.655894257181598 0.843291044232626 0.903666927054837 0.953487527689334 0.949504130311204 0.993466521395793 1 0.996995347068608 0.991975039525712 0.948598711934701 0.934681460012839 0.910781098620098 0.895973564975814 0.911451086536193 0.882846592440904 0.710759719382754 0.512873495123492 0.171129063503275 0.327817281463218 0.230705698871302 -0.303250757557133 -1.368718249483 -3.35166520277969 -6.34994447021823 -9.32832134787646 -11.1408350393471 -12.4024697985486 -13.5265985353648 -14.3097032631901 -15.0060824603997 -14.0963503435352 -13.0438678554513 -10.4636248767372 -5.2717465098322 -1.60673877085902
-9999 -9999 -9999 -9999 -9999 -9999 -4.00718465857178 -2.62664996479931 -0.375970167641849 0.417349922998145 0.395198147997188 -2.60319450355222 -5.7461962248335 -5.68237760394256 -1.1743241798537 -1.28632186818152 -0.149346732606243 0.691743902155296 0.90041252123964 0.902052600322937 0.74749673940752 0.508617625272952 0.627348796600954 0.667010686126886 0.619508621678222 0.614727455759791 0.671787161627503 0.74183650880573 0.734145922399124 0.719922311382797 0.740725569628112 0.761020856848926 0.8253443526264 0.84535860848002 0.868716666278285 0.965745163316939 0.981650300771212 0.833519367821949 0.428366559038776 -0.138149161261173 -1.13502050352972 -1.72464978786945 -2.81357622454391 -4.8390948800895 -7.25661355446934 -9.89917115751858 -11.1705962023432 -12.264240872272 -13.1002511558643 -13.3095666761709 -13.3257828555422 -11.7916191654038 -9.96941962343951 -6.96702936521786 -5.79390301078832 -2.53253439552743
-9999 -9999 -9999 -9999 -9999 -9999 -3.61144238958804 -3.19242576527986 -1.40415341882278 0.176048450149643 -0.206074897120516 -3.00979502076055 -5.01021168697959 -4.01172568523302 -1.2029974970942 -2.04667775711205 -0.0970103980329846 0.798108938700574 1 0.946160716690663 0.782290011480532 0.449988779360001 0.39323860003016 0.409051246937535 0.336378449753976 0.268173939843116 0.33394846927947 0.373207553897576 0.386243910187504 0.414166132962944 0.388831686911009 0.531102012000113 0.563981894103911 0.63032157274203 0.730461966939821 0.74683936655671 0.82898364725405 0.708278145085537 0.198446597163256 -0.746182883264917 -2.2325416112879 -3.48278814617516 -4.88810716923789 -6.66675563710366 -8.61293279424107 -10.4899488098039 -11.5232629255924 -12.0395816353669 -12.0301794102907 -11.9677475693852 -10.7573622707015 -8.63216577016025 -5.81951303461129 -3.92741363044251 -3.56179225672085 -2.82768578040737
-9999 -9999 -9999 -9999 -9999 -9999 -9999 -2.46537717777472 -1.75825499268648 -0.56284979927015 -0.666179891609462 -3.14348659187395 -3.42720576760828 -2.71256101298684 -1.59535042518476 -2.02143987778792 -0.180820385282333 0.795850511207581 0.932697941138958 0.837660613304074 0.652918688324322 0.719504261117442 0.75743176785657 0.743473447202241 0.729163686129852 0.693735132066755 0.732942122641992 0.766689032414218 0.758939989968128 0.733957988398056 0.694888919905654 0.662456628564446 0.598364325412837 0.55378113152576 0.513254143185608 0.412830031786238 0.319040614015613 0.235299178250733 -0.307908664754017 -0.98204400298348 -2.17806398023789 -3.61481658182316 -5.56507706125907 -6.96006650717313 -7.43202831631231 -8.06876492816289 -8.00179689733738 -7.9607634564777 -7.70904105889331 -7.24108208521614 -6.5361639296024 -4.80476452260567 -3.16775279743433 -1.99822254464593 -1.66693504385199 -1.42666702241488
-9999 -9999 -9999 -9999 -9999 -9999 -9999 -9999 -1.46297699628166 -0.721160088909056 -0.248639084337413 -2.37753299639564 -2.94591434376871 -1.99476929155255 -2.2231202567277 -1.03739403479741 0.191001360525553 0.820502575093385 0.746908357890332 0.710908939918751 0.865149280156665 0.931307821464612 0.897481167944868 0.861276513944144 0.894166132053274 0.90971060370154 0.934813449089049 0.938716577385951 0.905992729503706 0.821960752019842 0.79773053287347 0.764493140692798 0.744485183304021 0.692590799888751 0.58352187253744 0.431062713928822 0.361724778538018 0.276314949001727 0.080732368504102 -0.623256041053037 -1.87491912020842 -3.50254175343801 -4.89435752381348 -5.73837471289968 -6.42519201073039 -7.07037565124472 -6.93360784677923 -6.39681249747601 -5.97709578245 -5.57301594995008 -4.66806310919851 -3.84144985233078 -2.79070556713243 -1.17528442431983 -0.420211201171222 -0.0601664785025773
-9999 -9999 -9999 -9999 -9999 -9999 -1.87859270298533 -2.79004904762533 -1.80666213048105 -1.31401093387747 -1.15511092263014 -2.67219450100264 -2.92596738853282 -2.5127287215525 -2.32643545237337 -0.00380012084058934 0.553240553094963 0.707568297945966 0.592501691988019 0.848630149001934 0.96539076570497 1 0.980998361615196 0.942905450682924 0.925855463946044 0.917371081005687 0.895926414576156 0.866856725406282 0.854866334239175 0.871478682571505 0.860794306492051 0.857909798047304 0.840196546132694 0.829997067023924 0.817529928911209 0.788439452328868 0.740698738601347 0.612577954203142 0.462286011907906 -0.14256645609181 -1.47517075458324 -3.03171751907434 -3.76547736931448 -4.5901179587579 -5.19492288418204 -5.65282018189046 -5.39644422997344 -4.93572762089244 -4.50048218155335 -4.01924722021513 -3.49197461985632 -2.74865325452198 -2.19115429835124 -1.1564542718244 -0.185628731687266 0.448888347451225
-9999 -9999 -9999 -9999 -9999 -2.61256196774056 -0.958891406845364 -2.88912935301378 -2.67036616845575 -1.69532716318577 -1.97994756213467 -3.23761959938807 -3.46914200906245 -3.59172569208108 -0.439300560145831 0.284161034056704 0.3112629831364 0.382193650788928 0.629770014526853 0.831057424823057 0.88657318297065 0.885640605855163 0.934004448501743 0.889685651415682 0.906050353556052 0.952193044904764 0.978516851746327 0.99471889121654 1 0.992656401207455 0.983824020208361 0.972906854205683 0.972806104350776 0.974309522250725 0.964604653795806 0.948731571211341 0.839940374358078 0.613641008834 0.312894119935172 -0.277634604318539 -1.54894410258611 -2.51788117667883 -2.98644492654598 -3.67626205459653 -4.22971906264059 -4.73020060842667 -4.41086838062516 -3.84202282286068 -3.44506014001405 -3.15863389680406 -2.82799562946197 -2.14313265240368 -1.66508216758425 -1.12295996084044 -0.443110898640175 -0.0252149768148187
-9999 -9999 -9999 -9999 -9999 -0.910818689220555 -0.857989348606471 -2.41224115243055 -2.53878522539081 -2.05596943960278 -2.65367275073862 -3.56693313211909 -3.05056243828978 -1.28644102619784 -0.317171142962555 -0.436255383877425 -0.181995463040982 0.221940676423199 0.391921766656476 0.598472577584348 0.763873555540703 0.850040161372522 0.905297974992594 0.936363894128353 0.924358245688893 0.880634772015907 0.846231043210292 0.836835273672582 0.819581673063944 0.809919439175158 0.808329808926025 0.826687989707378 0.856763801868518 0.886541118559099 0.911390809752274 0.865434752517469 0.698617412870487 0.382554356639459 0.0406755799042128 -0.366222547103486 -1.42797330725172 -1.89033896518239 -2.34361749580118 -2.88463682315523 -3.24730301841804 -3.47615229667938 -3.29793455782921 -2.96744537747309 -2.66256306901497 -2.32426801234802 -1.99045412094375 -1.60703270047558 -1.04208953357141 -0.485092467273172 -0.195717335470406 -0.11328857183311
-9999 -9999 -9999 -9999 -9999 -9999 -0.741875277580661 -2.14734153588202 -1.69958734496202 -2.94588297398477 -3.36126779441215 -4.45520987065748 -3.32231044705337 -1.5403932577477 -0.713659476076821 -1.19173647139985 -0.716472923373432 -0.168869833843071 0.129157257669266 0.370734077663507 0.466750009115956 0.577842318015842 0.626101997894096 0.630860629291053 0.618515817700568 0.474701948816141 0.444461262969509 0.358884253289274 0.333228899287361 0.353160621860693 0.312563207599236 0.459543488487596 0.506958614189946 0.580759919346842 0.666729370246858 0.620397464838804 0.420915627677224 0.0642230407724848 -0.267407630655861 -0.512428245042369 -1.00174615970142 -1.29748211615779 -1.64035262036646 -2.04858712290432 -2.22234457465518 -2.47266674321075 -2.32252925576561 -2.13794572340017 -1.92561040870392 -1.65556593375879 -1.41402001309195 -1.11904353729995 -0.58849071537821 -0.14485166759119 0.0759412946174711 0.169188154811103
-9999 -9999 -9999 -9999 -9999 -9999 -0.162529753416596 -2.07745358428591 -1.44531455063793 -3.07592516394266 -4.91192630386882 -5.30808187715297 -3.75109691546643 -3.27514299343251 -3.03863185330543 -0.803386947870863 -0.807660725060102 -0.00720752379680412 0.628253769333999 0.736733627782366 0.731640760361526 0.731226013918578 0.760812299749785 0.728196748978851 0.613156846843354 0.51293537054354 0.53582365084736 0.551053324138299 0.503869467761648 0.40430411567909 0.26062327254135 0.175218644593212 0.0617161037357452 0.0794263196463822 0.170591725292234 0.160449259635539 -0.0693496475678737 -0.413461252514579 -0.556288826727599 -0.608166474773515 -0.691860958442511 -0.764745251294305 -0.973988798941832 -1.22898021384043 -1.38288463650119 -1.50131281298449 -1.49496575207595 -1.44224643122123 -1.35960262588028 -1.2284109154665 -1.10110792601664 -0.930169019192324 -0.595697615766664 -0.197977126514762 -0.0033068515510648 0.108722747389284
-9999 -9999 -9999 -9999 -9999 -9999 -0.807701560473803 -1.0592534686871 -2.63927682046139 -3.83125811015406 -4.77751045710048 -4.55649017134631 -4.24027199309376 -3.27833653737127 -2.07947709894847 -3.17485465203537 -0.678756802924365 -0.180714161326675 0.443378203757254 0.778594497255587 0.867719364863173 0.924308642280519 0.948427577510018 0.932021261088665 0.849378528912666 0.722542520598236 0.693648870180366 0.617183571548793 0.539410696126539 0.492945527729092 0.376038760772271 0.292243178684063 0.205289507174179 0.0566331002753001 -0.169207410856299 -0.207750611231141 -0.124205559552504 -0.128004296290267 -0.138843659607462 -0.141959106009552 -0.247849651890778 -0.263436751729756 -0.40105956312005 -0.557140698133453 -0.603553491441518 -0.742681092440835 -0.728974318295152 -0.803135905505312 -0.811091324930396 -0.754599461107529 -0.832775428120013 -0.633277673668592 -0.604084435542862 -0.275765414966625 -0.121719085121031 -0.193217881464488
-9999 -9999 -9999 -9999 -9999 -9999 -9999 -9999 -3.70886037545885 -4.39414626098512 -3.23913517103004 -4.60417818160756 -7.34602578237778 -6.10674772764374 -2.70439820170044 -2.03007280973501 -1.17119940733713 -1.30096013747375 -0.108365973576544 0.720461933490466 0.978179598082557 0.972339929959012 0.866626977445281 0.834414814221999 0.879601278995014 0.811364878142448 0.711243723898161 0.547203910144056 0.427304625257924 0.398137009017367 0.300356920871249 0.214188403424798 0.0844312735128356 -0.0315721684944259 -0.144849403187228 -0.071604297392813 0.00476965160349441 0.0424698090951036 0.078328421741151 0.102522618402056 0.0843936011984867 0.062255664499793 0.00919345989484777 -0.0766091776068942 -0.132266103654622 -0.189575975829204 -0.223246201763324 -0.263067709304079 -0.312327140882384 -0.353881591958039 -0.380214556024711 -0.401632886846179 -0.466117848575637 -0.511503001085703 -0.673427432475051 -0.900875116071032
-9999 -9999 -9999 -9999 -9999 -9999 -9999 -9999 -3.77034721261318 -5.10596557243462 -2.54980812387125 -5.87025449593148 -12.32176133661 -10.6620456641962 -4.76418667108661 -1.62298792931809 -1.76825770920223 -1.35872414992602 -0.420380841756861 0.640980380860295 1 0.918729801572427 0.472119052492209 0.380238260262366 0.743878690996842 0.752984421376546 0.63694287222609 0.393356892700176 0.243455293171237 0.234869868079219 0.0697040179146449 -0.0409368688645377 -0.280140406327785 -0.369821250335187 -0.346144195639039 -0.291591922276611 -0.101062556678201 -0.0250471153930045 0.0994911847442428 0.234660299116131 0.259080747850479 0.306278828525544 0.276322341751156 0.255375635844735 0.254767273169681 0.196928068731648 0.166409269788145 0.0475192979312261 -0.105346639630232 -0.238489808092422 -0.414129423736695 -0.445971939643242 -0.588954925797599 -0.70335997492246 -0.855296448894401 -1.1805864782463
-9999 -9999 -9999 -9999 -9999 -9999 -9999 -9999 -9999 -4.55436167701191 -2.77673235283687 -7.58287577978286 -19.8904650366621 -17.5143671786537 -7.92568974855538 -2.02089794760223 -2.24846599151502 -0.738640022931212 -0.108328381040308 0.624838354341279 0.970409826037468 0.745012198018641 0.11679889536786 -0.114288373940053 0.331085720727414 0.583556878971273 0.471987858261637 0.227497128415331 0.130497251324874 0.0772936825355012 -0.0831057890183131 -0.296494305111031 -0.567345133507791 -0.722509474151625 -0.725049187142428 -0.809164739740004 -0.608638297442664 -0.395419856269789 -0.161132729508895 0.0498262471172169 0.220347050638302 0.319567975324437 0.38840050418288 0.420068300994702 0.410812474899403 0.382322116901179 0.283787391431578 0.0855270150519631 -0.174618846789821 -0.471367629811654 -0.742124530745828 -0.857472386986095 -0.951902031024161 -1.12405732722064 -1.08647105070602 -1.15684929574984
-9999 -9999 -9999 -9999 -9999 -9999 -9999 -9999 -9999 -9999 -5.44444050070936 -12.0344313554954 -23.8100502574462 -20.5669982369006 -10.537521672517 -3.10026294115964 -2.06494270976239 -0.324601902276532 0.378922952648036 0.702985104008184 0.907048773398257 0.654619666711411 -0.187504336508839 -0.507267639582627 -0.0225546563418892 0.228671633852672 0.119854108175607 -0.146629265257191 -0.248270287517757 -0.156732403882489 -0.18444173015581 -0.432197559167175 -0.799207853223893 -1.0059570293665 -1.03362879816749 -1.1465472051202 -1.14340168162709 -0.996999277794539 -0.654768971017202 -0.266333926445512 0.00915663788213306 0.208858298508147 0.331089013046524 0.431832997583373 0.51529859227586 0.504814382583098 0.384701157950103 0.0969256072898627 -0.250391379448678 -0.588870626251346 -0.979864749954117 -1.18498193012479 -1.36763195654943 -1.39178471486917 -1.19019340941438 -1.06905348937499
-9999 -9999 -9999 -9999 -9999 -9999 -9999 -9999 -9999 -9999 -9999 -19.7535085028316 -22.1226484791405 -18.0573803679338 -11.2255244573664 -4.72266970690923 -0.643109789495734 -0.699991863905613 0.689815433733024 0.783307331164017 0.816781911085034 0.527406915764233 -0.196686665146144 -0.615486954541759 -0.344169832469096 -0.23128075037482 -0.284327744953116 -0.461795479666081 -0.573616091777314 -0.535478695329054 -0.645291423148603 -0.835390760088437 -1.10410390363574 -1.22727220468851 -1.27135638136687 -1.48681251797204 -1.43506589100784 -1.41498823134754 -1.19326055795497 -0.759075205515868 -0.435751397219018 -0.0796813142010964 0.142479687216172 0.334156615237821 0.481394009292837 0.498352798409544 0.393915696708882 0.158602003084966 -0.180044203366698 -0.583088757494631 -1.03378420998729 -1.25586636079243 -1.36212620197834 -1.36963903252718 -1.30734331948676 -1.11586318338324
