meets/meet006/_saidas_enm/CCSM_Gower_0k_T_subalaris2.asc
NCOLS 154 
NROWS 168 
XLLCORNER -112 
YLLCORNER -55.5 
CELLSIZE 0.5 
NODATA_value -9999 
[rows 78 to 103 of 168, columns 60 to 119 of 154]
-9999 -9999 -9999 -9999 -9999 -9999 -9999 -9999 0.547067645198906 0.492022068400924 0.421104441163501 0.368181879294513 0.0928083777939716 0 0 0.144412133052223 0.456497259985543 0.654356537706073 0.586510186855051 0.475893900678695 0.506364358433545 0.515357657006056 0.479993983188658 0.44892864086309 0.423178414984542 0.410040342791773 0.400022496678113 0.3877679221608 0.379817750520312 0.379408543406298 0.386901593218762 0.396184489444929 0.401558472389355 0.405941123085432 0.414261281328062 0.423116968016182 0.428682146655199 0.433002601384679 0.431022956700655 0.445487610634913 0.471010088116969 0.492188468462328 0.51398669910406 0.524385229526116 0.533530815584497 0.536313421597576 0.480364500604206 0.420759307440069 0.363010864717561 0.306885149622636 0.250129806041197 0.200881347886618 0.159092026516468 0.120592277968445 0.0864472782316976 0.0533217029331778 0.0232068338606816 0 0 0
-9999 -9999 -9999 -9999 -9999 -9999 -9999 -9999 -9999 0.561792768079016 0.412736083081362 0.198448527321659 0 0 0 0 0.0664070096047343 0.240113302803185 0.484016636312021 0.576005499827881 0.538922200166386 0.521242030638919 0.48453129805052 0.437525812318626 0.403519691187445 0.392480952538163 0.382747310232206 0.370843401867836 0.363413143515266 0.362049506210871 0.367826320521075 0.37752847049484 0.382237250373378 0.387486423215985 0.395587680769202 0.404868838154942 0.410518330704932 0.408088204604806 0.405952135741474 0.424355490855518 0.457980324245095 0.492110286808998 0.520178426677384 0.533136774195371 0.529162966167547 0.522290252229812 0.516449092016074 0.493780598251088 0.444686279250214 0.395633172955927 0.347393427566938 0.303043290221509 0.265869247327614 0.230820836013909 0.198313632867946 0.166527561310341 0.136307027941665 0.114549623724898 0.0946228262063745 0.0776949339185973
-9999 -9999 -9999 -9999 -9999 -9999 -9999 -9999 -9999 0.476442498763775 0.43031883983017 0.037913960390953 0 0 0 0 0 0 0 0 0.121060142042765 0.551747326074974 0.497391624229565 0.434586692954334 0.374816652245407 0.366605268131761 0.364565608309927 0.335068086030498 0.342149671147693 0.340486699212572 0.345505971942907 0.357029473895752 0.357463411184739 0.365145608194852 0.375017778121558 0.387068521899832 0.399019572160245 0.396181204968565 0.388243205211071 0.410859336633277 0.454170800117974 0.499851382076159 0.527376881985768 0.523867120259893 0.519667872206734 0.513782162518044 0.50794258319412 0.502342789680146 0.495596366706074 0.47569221424307 0.432314842016077 0.399119368514758 0.363171176699565 0.335775256939071 0.306677270551973 0.273024099987649 0.247941538409148 0.224328654627165 0.20477113748395 0.191291677570116
-9999 -9999 -9999 -9999 -9999 -9999 -9999 -9999 -9999 -9999 0.566700384391817 0.0247209923317083 0 0 0 0 0 0 0 0 0 0 0 0.452029040065826 0.376259310187022 0.354537329153701 0.306123247696792 0.310606475887447 0.303747573503762 0.301787299555037 0.3170219713154 0.322278615613909 0.322058674796204 0.32467289566418 0.337840358759463 0.360049646514385 0.382215418265785 0.388185243863477 0.394441205313793 0.419458900330953 0.453997921797205 0.493038832890728 0.519059122127926 0.514918664205162 0.511105614886388 0.505310615864767 0.500106442990856 0.494206855460936 0.488602581310008 0.484440019583478 0.479570759748101 0.475297516339472 0.444862749518061 0.419503681542512 0.394657684530887 0.369968368425797 0.351195526691668 0.33369356137207 0.319637486673585 0.308649670747325
-9999 -9999 -9999 -9999 -9999 -9999 -9999 -9999 -9999 -9999 0.471722502785242 0.00689422731131084 0 0 0 0 0 0 0 0 0 0 0 0 0 0.330330459271674 0.311305860268594 0.319618173879522 0.2951377620281 0.27376413663373 0.289745588748422 0.288907345916917 0.282321264155729 0.277938899296436 0.292666120781931 0.323040476505161 0.36338029875163 0.374519696941234 0.395844449539044 0.42511634337812 0.45283569091247 0.486390242859793 0.514833928511144 0.509372675090332 0.505197694634468 0.499102808176193 0.494466593483615 0.490028713867681 0.484018406150708 0.480475031117613 0.475792326457239 0.472708008479167 0.4706116146057 0.467808852115404 0.463220922433506 0.4464967334796 0.441583525261024 0.426389653063987 0.398835834688372 0.380050368728656
-9999 -9999 -9999 -9999 -9999 -9999 -9999 -9999 -9999 -9999 -9999 0.53336161727406 0.413844468868606 0.0210997207653895 0 0 0 0 0 0 0 0 0 0 0 0 0.122072485883826 0.49355479474979 0.351957662776783 0.261223397150788 0.260752571037017 0.258211402640104 0.25731636298123 0.253097533814531 0.258256056697483 0.270846934069412 0.295019272095142 0.33587107565881 0.38230081465124 0.424400965370329 0.453404122347607 0.481299542693437 0.509648728931732 0.505327073174742 0.501207524298266 0.495621498309054 0.490562579863762 0.485576092256622 0.481106986509864 0.477891431704945 0.474244971836778 0.471259359456085 0.468857500890208 0.466881284778299 0.465680511534125 0.464276276647006 0.451691875327121 0.424412803777077 0.404626946130983 0.392456415567681
-9999 -9999 -9999 -9999 -9999 -9999 -9999 -9999 -9999 -9999 -9999 0.353189178492237 0.549930126211599 0.294856223383732 0 0 0 0 0 0 0 0 0 0 0 0 0 0.235600239101413 0.463252925117332 0.304038608281243 0.276298058538876 0.254970654010915 0.243029806535661 0.233482259855034 0.223599807744063 0.21305302860401 0.22380584313162 0.287486250125934 0.363198106915692 0.42312354490882 0.45315476416102 0.478044814528266 0.507770701870579 0.502924652726043 0.498210832794744 0.491795921426562 0.487713852483402 0.483285289841585 0.478935202051395 0.476104351965882 0.472435308419788 0.47019705320127 0.468401809994223 0.46638376138882 0.465288310494586 0.463911120976373 0.447503522184055 0.432027905895735 0.420530558008503 0.413447504007842
-9999 -9999 -9999 -9999 -9999 -9999 -9999 -9999 -9999 -9999 -9999 0 0.465012048546301 0.545155855941836 0.239891387474663 0 0 0 0 0 0 0 0 0 0 0 0 0 0.504572880763283 0.454316807134537 0.3623451090836 0.300063222067713 0.267870584464179 0.23079400726035 0.200599247022281 0.17623340808124 0.17065321771786 0.256048618624141 0.355265903292958 0.421185240692806 0.457749569269112 0.480539402116155 0.498619187345595 0.501420586252776 0.496809133679587 0.491234061330076 0.486205674214534 0.481842933451601 0.477902103575737 0.475282339060752 0.472337658609791 0.469983670153218 0.468063000877445 0.466363585356676 0.465322014151464 0.464164848653591 0.458083111681465 0.442288797967031 0.435308835765982 0.433835423903862
-9999 -9999 -9999 -9999 -9999 -9999 -9999 -9999 -9999 -9999 -9999 -9999 0 0.370730871048299 0.444443534981271 0.253414614145513 0 0 0 0 0 0 0 0 0 0 0 0 0.0277179004709456 0.469428609057168 0.511520271732537 0.393987367962131 0.324479590599999 0.266953609478873 0.231410350762861 0.205262658251484 0.177410865067925 0.278940873671666 0.373749777040693 0.428206543361866 0.454894822041804 0.468648607837508 0.470102101110495 0.482167692521646 0.486413215667881 0.485239564545024 0.485912056043451 0.464373815534057 0.442693746642311 0.430672502278662 0.417391313196799 0.421907571415672 0.447050092414472 0.467056655231973 0.466037241778392 0.46484269048425 0.462104599662745 0.445348556333425 0.439144667463654 0.441238750079578
-9999 -9999 -9999 -9999 -9999 -9999 -9999 -9999 -9999 -9999 -9999 -9999 -9999 0 0.259038750297662 0.377622498643524 0.396447631316369 0.0925546396727491 0 0 0 0 0 0 0 0 0 0 0 0 0.270603261971742 0.546569366290801 0.438233673877688 0.365537040495603 0.311880683331787 0.312947876132927 0.339888178162786 0.364651584308859 0.405173908047779 0.429231786968514 0.433207612523765 0.42725214228449 0.424139392954556 0.4114080373905 0.40119988485224 0.394273310610262 0.372123188422713 0.362041971235683 0.340833159859519 0.337243796220966 0.349453539356229 0.368585807379049 0.414549156021112 0.460814401238397 0.467134430959781 0.465843610293568 0.462097646947671 0.441274829033477 0.422145654929166 0.432177671136662
-9999 -9999 -9999 -9999 -9999 -9999 -9999 -9999 -9999 -9999 -9999 -9999 -9999 -9999 -9999 0.0646266123385809 0.226000365674194 0.374106412632535 0.202605053711828 0 0 0 0 0 0 0 0 0 0 0 0 0.216457753884429 0.558624525549695 0.472446669380316 0.404735527055476 0.400174548613302 0.433208739991074 0.416532371018282 0.419522226411496 0.422704690803392 0.407480190068545 0.396476035023327 0.391060706317617 0.366668252796147 0.346804464927226 0.327313948136811 0.290442231213765 0.287793344695981 0.273767661954049 0.27983591333054 0.306021796812044 0.331788950580054 0.39316856732512 0.454222287791769 0.469114125449204 0.467896812330614 0.451290309053769 0.431289790630538 0.416609790440192 0.4332780792306
-9999 -9999 -9999 -9999 -9999 -9999 -9999 -9999 -9999 -9999 -9999 -9999 -9999 -9999 -9999 -9999 -9999 0.302213400220894 0.38083604283567 0.329622148969313 0.0341617235297393 0 0 0 0 0 0 0 0 0 0 0 0 0.493629182403985 0.491327914481954 0.469024430273962 0.424644874131587 0.410193747158405 0.411367850856168 0.392520173050035 0.390866149394193 0.382757356865789 0.378085092636234 0.372181729383783 0.347413299920919 0.310705184856391 0.277693693683107 0.265840391662452 0.265845483791803 0.274685420343871 0.286497593627466 0.317474583274188 0.373190450036411 0.431449327254813 0.460993668540586 0.446672202954618 0.430678139615209 0.44554943342571 0.445739787489774 0.469746449460498
-9999 -9999 -9999 -9999 -9999 -9999 -9999 -9999 -9999 -9999 -9999 -9999 -9999 -9999 -9999 -9999 -9999 -9999 -9999 0.403558308620858 0.415963902530229 0.114085533523592 0 0 0 0 0 0 0 0 0 0 0 0 0.407750253353384 0.59075904476375 0.492782982503883 0.433359256876874 0.398976294354041 0.375328450944662 0.369969731155102 0.373343661198551 0.374886785475996 0.370082176169435 0.348050295130977 0.309372222073393 0.275526405091181 0.265566200082053 0.266251287330793 0.270036697949332 0.27591869490228 0.294906461844921 0.335927089081663 0.390476649138361 0.428757874876145 0.443177805940464 0.45711926321357 0.431280711722196 0.424080833726332 0.435241851952515
-9999 -9999 -9999 -9999 -9999 -9999 -9999 -9999 -9999 -9999 -9999 -9999 -9999 -9999 -9999 -9999 -9999 -9999 -9999 -9999 -9999 0.391350196154512 0.329678064466601 0 0 0 0 0 0 0 0 0 0 0 0 0.488469787268537 0.623524229322764 0.49301159899727 0.410715012877768 0.349679975020829 0.353398195468986 0.366028745927693 0.36761012469455 0.360691471836743 0.339376027460827 0.304187846841432 0.271294845601107 0.262392236687804 0.26528750392569 0.264617301362743 0.2589348767101 0.264678211063818 0.293753682100471 0.327541331297413 0.383839108816385 0.455950131443368 0.380464536733407 0.369733982504203 0.369653372628767 0.395323442218328
-9999 -9999 -9999 -9999 -9999 -9999 -9999 -9999 -9999 -9999 -9999 -9999 -9999 -9999 -9999 -9999 -9999 -9999 -9999 -9999 -9999 0.24573104294706 0.339938439764485 0.318320363727518 0.026439901072313 0 0 0 0 0 0 0 0 0 0 0.28091388232283 0.684516287478342 0.583263054537716 0.434233044041631 0.337529934720225 0.336018551558839 0.363436134849812 0.36857807919937 0.363063829793766 0.342199613185551 0.306686515543383 0.275064979831595 0.263007600934671 0.261714200079703 0.258382968228982 0.252916371520339 0.254694308068098 0.273966842552096 0.308168521035441 0.376257378142102 0.44660239777578 0.368473091547215 0.358864902745814 0.371388482042148 0.406690887084986
-9999 -9999 -9999 -9999 -9999 -9999 -9999 -9999 -9999 -9999 -9999 -9999 -9999 -9999 -9999 -9999 -9999 -9999 -9999 -9999 -9999 -9999 -9999 0.284376359695968 0.37676327987801 0.0539863623459838 0 0 0 0 0 0 0 0 0 0.201346307100563 0.699027518931168 0.661653849866642 0.456867889833189 0.316144362406994 0.329540971323038 0.365436767364266 0.361898033889158 0.369540430773923 0.350521960196879 0.307092123231245 0.277627691852683 0.260617042055849 0.256636955415226 0.254642211667823 0.251427119536514 0.260440776039878 0.284353807171002 0.315066985347154 0.384002946225584 0.452191530693113 0.390696544300568 0.396431464898025 0.420962284558847 0.459774305597298
-9999 -9999 -9999 -9999 -9999 -9999 -9999 -9999 -9999 -9999 -9999 -9999 -9999 -9999 -9999 -9999 -9999 -9999 -9999 -9999 -9999 -9999 -9999 0.0542514496210114 0.29016040919621 0.270441323734913 0 0 0 0 0 0 0 0 0 0.139084074461189 0.643699610547528 0.663693657765338 0.521582917468604 0.352056197067693 0.322260793161184 0.342900956077987 0.338600652841684 0.339209162299041 0.322086485656501 0.291731519195028 0.265828248892463 0.247365950528545 0.241124762605274 0.245263292809141 0.257490866337041 0.279706847436623 0.312291970702386 0.35097869561592 0.409450103068774 0.476369316060809 0.456111276663073 0.463276114780651 0.491217240522979 0.494542179777836
-9999 -9999 -9999 -9999 -9999 -9999 -9999 -9999 -9999 -9999 -9999 -9999 -9999 -9999 -9999 -9999 -9999 -9999 -9999 -9999 -9999 -9999 -9999 -9999 0.0592967382098121 0.403598189133342 0.124311508514578 0 0 0 0 0 0 0 0 0.0907731599929872 0.568219460925629 0.663617340309578 0.585204627350272 0.389938574628197 0.333566299574427 0.307295025000741 0.301625526522602 0.292992800464864 0.278506084165604 0.265823744316499 0.245184952357598 0.235094310496652 0.223221619214241 0.236056722943853 0.2683756845255 0.305160443547333 0.355236149801193 0.399967626602391 0.442978620049143 0.475153906301316 0.501270323504724 0.502293183333902 0.500872402088248 0.499985961797259
-9999 -9999 -9999 -9999 -9999 -9999 -9999 -9999 -9999 -9999 -9999 -9999 -9999 -9999 -9999 -9999 -9999 -9999 -9999 -9999 -9999 -9999 -9999 -9999 0 0.365189429036445 0.21036017086116 0 0 0 0 0 0 0 0 0.0058466620381904 0.467734349242825 0.651190938718843 0.624126640831178 0.429472877061499 0.351045157961161 0.321424117138708 0.27869684316511 0.252574023747098 0.238722256807591 0.247831684512966 0.249835633263426 0.239361514892178 0.225545197006995 0.245614845585439 0.290501965808066 0.347208309954928 0.411283227288681 0.460888062435942 0.490645955558002 0.49054424530284 0.483312812898976 0.498471531474258 0.508587589399917 0.507199288869363
-9999 -9999 -9999 -9999 -9999 -9999 -9999 -9999 -9999 -9999 -9999 -9999 -9999 -9999 -9999 -9999 -9999 -9999 -9999 -9999 -9999 -9999 -9999 -9999 0 0.327094545403336 0.265539463756327 0 0 0 0 0 0 0 0 0 0.401685449549469 0.647252250948677 0.616984826841287 0.442058418813485 0.370653288647728 0.33922130506903 0.280494952379142 0.229142982244089 0.214347604565751 0.244568217152829 0.273325821807349 0.253418533814727 0.237523647898989 0.267558985318168 0.328171384378945 0.393281012339452 0.466368493115539 0.528016415320591 0.53192266089657 0.509183714832541 0.47098453219129 0.482607510637773 0.484128347586082 0.492747967498008
-9999 -9999 -9999 -9999 -9999 -9999 -9999 -9999 -9999 -9999 -9999 -9999 -9999 -9999 -9999 -9999 -9999 -9999 -9999 -9999 -9999 -9999 -9999 -9999 0 0.363961036204914 0.208654111677691 0 0 0 0 0 0 0 0 0 0.37334998901109 0.632463706779208 0.611123152210881 0.440488984318851 0.374381169320484 0.352170187717961 0.301085369109216 0.26333330136196 0.245977953578339 0.25511538799514 0.267640655238901 0.271549060366362 0.278888581420261 0.318912522262252 0.381569728853587 0.449548184149585 0.514232545203512 0.550486251926703 0.546974470013181 0.541456275707835 0.505965113260734 0.494942611728689 0.488068184173087 0.493012710584758
-9999 -9999 -9999 -9999 -9999 -9999 -9999 -9999 -9999 -9999 -9999 -9999 -9999 -9999 -9999 -9999 -9999 -9999 -9999 -9999 -9999 -9999 -9999 -9999 0 0.405339729857808 0.13795929650338 0 0 0 0 0 0 0 0 0 0.400914209119623 0.612900372597107 0.599973240693106 0.417330993695748 0.379850015670472 0.362568839885313 0.325982943865102 0.298039884055497 0.282445433771424 0.277030541760799 0.27513607379137 0.303418935309541 0.327032705915773 0.374815493018455 0.440813882815166 0.506520721740205 0.557071830142995 0.56897077613608 0.564942787852558 0.559881863949732 0.547801931550528 0.537738174226973 0.519696182972128 0.518769860065374
-9999 -9999 -9999 -9999 -9999 -9999 -9999 -9999 -9999 -9999 -9999 -9999 -9999 -9999 -9999 -9999 -9999 -9999 -9999 -9999 -9999 -9999 -9999 -9999 0 0.428579152317581 0.0382741076079043 0 0 0 0 0 0 0 0 0 0.41747790453775 0.613314040424753 0.592298037641031 0.417408976851312 0.382487643394984 0.382055831355409 0.343672217823423 0.306900972529481 0.296201233657791 0.314187222076331 0.341113226973784 0.35341809553166 0.377609616381471 0.425063728237016 0.486356709970569 0.551590036445407 0.589868085107774 0.586569617399493 0.582616555388696 0.576455971250194 0.571713850377657 0.566103604810679 0.562558881500885 0.560312716497796
-9999 -9999 -9999 -9999 -9999 -9999 -9999 -9999 -9999 -9999 -9999 -9999 -9999 -9999 -9999 -9999 -9999 -9999 -9999 -9999 -9999 -9999 -9999 -9999 0 0.386159071429977 0 0 0 0 0 0 0 0 0 0 0.503091401971487 0.61131218671514 0.573556857856168 0.413921627831161 0.405276113224036 0.409129770021071 0.368529005258407 0.324235560093444 0.317127535073854 0.354109767612949 0.393691958293894 0.391781745481687 0.407934220624698 0.448991403209978 0.50416786155705 0.581847818400778 0.614400130093478 0.609800253734159 0.606200340375299 0.601428202357423 0.59437795903866 0.592111664565573 0.586504792617457 0.585477299606558
-9999 -9999 -9999 -9999 -9999 -9999 -9999 -9999 -9999 -9999 -9999 -9999 -9999 -9999 -9999 -9999 -9999 -9999 -9999 -9999 -9999 -9999 -9999 0 0 0.270764491536331 0 0 0 0 0 0 0 0 0 0 0.587259746088706 0.605721683300156 0.578436726928947 0.439154250935783 0.433853087558375 0.448947807807349 0.416799017036947 0.37963903636523 0.371326606302279 0.392490805967254 0.412125405669222 0.412402654115214 0.407446765691432 0.440299757722096 0.499744299148138 0.560353421672461 0.618405996192982 0.63094657834337 0.628116866004495 0.622186663357664 0.618485255291871 0.613251184036969 0.611622429227087 0.610724769558701
-9999 -9999 -9999 -9999 -9999 -9999 -9999 -9999 -9999 -9999 -9999 -9999 -9999 -9999 -9999 -9999 -9999 -9999 -9999 -9999 -9999 -9999 -9999 0 0 0.147551570717378 0 0 0 0 0 0 0 0 0 0.0547162174674652 0.616252457502602 0.59913396130943 0.582579603670189 0.471485315587866 0.481026092171363 0.498117676123878 0.469976012683065 0.437800162697238 0.426534885164517 0.43648027430041 0.445439317451829 0.440101887209303 0.423842305318539 0.449108659810152 0.503324537182742 0.556447859033006 0.620829153698212 0.65555341147155 0.655391649885525 0.652629532838084 0.64924424878718 0.649422987746527 0.646254230664187 0.636839174318954
