meets/meet006/_saidas_enm/CCSM_SVM_0k_S_lineola2.asc
NCOLS 154 
NROWS 168 
XLLCORNER -112 
YLLCORNER -55.5 
CELLSIZE 0.5 
NODATA_value -9999 
[rows 50 to 74 of 168, columns 56 to 111 of 154]
-9999 -9999 -9999 -9999 -9999 -9999 -9999 -9999 -9999 -9999 -9999 -9999 -9999 0.235661557134929 0.316979012567764 0.153727917807074 0.0444362280366078 -0.0118949932599013 -0.0275925111871259 -0.00274219195633751 0.164800809668398 0.28954143819778 0.394992292024386 0.36070655772418 0.277188931756548 0.190709267506283 0.0462036765513031 0.00113311367760877 0.0417140059437316 0.150507540928394 0.230842977366921 0.126127053807001 0.0130086773865425 -0.0115287267948405 0.0855078467488958 0.152138398231397 0.289302504863201 0.384530209142465 0.461965350830894 0.500052834076248 0.452103953302785 0.513873358923193 0.49334713747592 0.46959931167433 0.460286224118813 0.353999826753053 0.397904830674036 0.36469660717189 0.347811461928191 0.354476556137777 0.325645223484973 0.22900894424098 0.205043862218929 0.157891559217358 0.0983926843860469 0.0781341134433118
-9999 -9999 -9999 -9999 -9999 -9999 -9999 -9999 -9999 -9999 -9999 -9999 -9999 0.273844862882245 0.257676988281845 0.127418059888572 -0.0229751170465565 -0.0522022735248209 -0.0503058580698176 -0.0264710554214956 0.00894978532769719 0.0365968333736872 0.0815117116416914 0.0647306362555757 0.00215434093083022 -0.03904926600176 -0.0225354914599495 0.0748823458367007 0.252751021783659 0.442972424403208 0.490548609854756 0.33960154823674 0.114738529017984 -0.0219011473391163 0.0179534946535455 0.12646633182883 0.226529901341697 0.305965585877041 0.374577129910049 0.435837370418 0.440243933445584 0.458065093827446 0.436183962154749 0.431100771507618 0.452789657787651 0.444811746434276 0.456731829085681 0.446987068319825 0.40619442466419 0.325846004280596 0.241213114240515 0.186331198197199 0.146522077079215 0.1048501183253 0.0806497743530466 0.0764769655930124
-9999 -9999 -9999 -9999 -9999 -9999 -9999 -9999 -9999 -9999 -9999 0.215052123285908 0.149906974735003 0.100795792659442 0.0910059127950308 0.0941911674345502 6.79036251491349e-05 -0.0599146640649604 -0.0523770918192801 -0.0493519041099871 -0.0326098393338993 -0.0253536065621897 -0.0225886047277248 -0.0221740335563454 -0.0116907392107762 0.0371788144019377 0.19338368366159 0.409837831381392 0.629203686354291 0.755957002880566 0.745011051409772 0.588788199754288 0.272418687709366 0.0105722295030226 -0.0374599424545832 0.0944443758300798 0.214425903502195 0.311665439165203 0.350332395126476 0.424952533513866 0.468277795870262 0.473237625713209 0.448367568180048 0.452372689179488 0.486478738176697 0.494332224993842 0.498166936650264 0.482204821703683 0.393607461985495 0.237110533367929 0.163508373148008 0.132868711297925 0.0854763554912743 0.0581140697072283 0.0616979431192392 0.0779303071610563
-9999 -9999 -9999 -9999 -9999 -9999 -9999 -9999 -9999 -9999 0.204880981467903 0.13588999948821 0.0381636442724083 0.00233041953538587 0.0533503781184292 0.141651291779369 0.128169849293106 -0.00231597499445552 -0.0339059229892001 -0.0210112797121185 -0.0113926610293011 0.00024535129509945 0.0323492325684691 0.088168967433836 0.186968839957693 0.350413252933967 0.581811329863647 0.796065344753664 0.895327097423848 0.885465713299755 0.842795091737663 0.746341301655109 0.407176484695175 0.051305397692658 -0.0501378925776518 0.0495245213231451 0.191070777354175 0.299055131598458 0.347009431423162 0.389402198934763 0.474401257040233 0.487304483716309 0.481729046445453 0.482861170050218 0.487137692196973 0.473073102036767 0.409679945695847 0.324552938246989 0.219526050286707 0.167936956782453 0.127916131559804 0.0950841370524518 0.0588381815987573 0.0422413022302782 0.0667044786551286 0.118106075442039
-9999 -9999 -9999 -9999 -9999 -9999 -9999 -9999 -9999 -9999 0.0911749641052518 0.0138108255657385 -0.0239497702181731 -0.0243261753399147 0.0451124681931054 0.1461918960367 0.242252516812416 0.147640485711199 0.0808578007108956 0.0746761035666699 0.0847857145553793 0.145062468291625 0.243941658720792 0.371449464630728 0.560015992001811 0.747693736355732 0.908414258912107 0.949948691734704 0.938027006976797 0.924509650432928 0.891074781492648 0.85086410315134 0.547870210672845 0.123617986638531 -0.0423569590502006 0.012387190995998 0.132536551348945 0.247040950250316 0.318593879420668 0.344357698486874 0.389347286508505 0.41412702158533 0.43090311158187 0.415105742221506 0.365231115322877 0.311398664254197 0.213415270191171 0.180798764636112 0.179392012641104 0.150901110719821 0.11498474878065 0.0924629007954779 0.0730153268106776 0.0641631166716484 0.107625064484441 0.168917619427762
-9999 -9999 -9999 -9999 -9999 -9999 -9999 -9999 0.20718355274726 0.0643940030561642 0.0410296547393695 -0.0336598331468478 -0.054961380757114 -0.0200718177927329 0.0344682056002613 0.108422891833402 0.235089108035896 0.275322082801689 0.23605284683643 0.269025626337355 0.345481341856265 0.430656416610042 0.523923561194982 0.666035598363337 0.840928104815255 0.856242969448017 0.859583989851558 0.818346060615079 0.803494040729091 0.812210550686603 0.778481309719698 0.738503059213094 0.65077957133172 0.238021609424138 -0.013825504743186 -0.0221633096837934 0.0682142533324764 0.170238853716116 0.245930145900368 0.281453122391605 0.299587813653 0.289455969991363 0.295853472511782 0.265707700764053 0.213454332213873 0.230252845336975 0.243131088624028 0.232153518885016 0.201895889726452 0.167236552481287 0.128890919350838 0.105798556718234 0.102456462543226 0.100671661407645 0.132786592771386 0.178742535586013
-9999 -9999 -9999 -9999 -9999 -9999 -9999 -9999 0.0706435305321792 0.0645486231352816 0.0640571787536666 -0.0342547818444299 -0.0579632333792114 -0.0248467537965588 0.0241997190049759 0.0764110969040088 0.147790656167429 0.268122948224156 0.296859510903091 0.360075728535221 0.456532922059446 0.500962339737 0.547852637832478 0.535430275538861 0.543909978487382 0.541395102998632 0.522867103303313 0.523739208919578 0.503069363109048 0.468105873655619 0.434731478404113 0.412766633116371 0.395429749871336 0.375872517112175 0.06861259537542 -0.0154288867770219 0.00746279207269579 0.0709180389144287 0.124031608739429 0.148817645472409 0.159341688158557 0.150686388429313 0.151114669945851 0.17351283386302 0.183047152688095 0.195682487490924 0.162935350308361 0.141191503385927 0.125075732009221 0.0975846857964602 0.0834554559792605 0.0728596168949261 0.0740960726666995 0.0827435105220948 0.100546046253091 0.134688961862022
-9999 -9999 -9999 -9999 -9999 -9999 -9999 0.130242464608675 0.066674873039394 0.15859505080923 0.274699820854494 0.0890201820836398 -0.0521336026633573 -0.0469191926097127 -0.000259469275897928 0.0472099123022015 0.0955589231274299 0.168702314680929 0.172358955053547 0.206327185313518 0.258435550293949 0.262055397032164 0.269138521004005 0.25845925204559 0.263744279376182 0.275714527004308 0.254111435319279 0.219487413791443 0.208346276668547 0.210686727020656 0.2206180787963 0.205675756647269 0.198382339522298 0.191354867207789 0.172094467267082 0.0322854680552545 0.00876601527774679 0.0273919742941356 0.0437282442030547 0.0476115786628298 0.0552231925032088 0.0483576821686873 0.0452364352990772 0.0508544867662987 0.0529767519284488 0.0602338434532968 0.0526209509743336 0.0630096501078288 0.0721872212932523 0.0764318233715899 0.0758888672209735 0.0640966982362837 0.05112238820934 0.044854314778088 0.043030730506628 0.0464292415921109
-9999 -9999 -9999 -9999 -9999 -9999 -9999 0.173769702009404 0.247396292696337 0.367942902349185 0.467943713657695 0.199807911978794 -0.0732130873622411 -0.0672568171781459 -0.0190641343300101 0.0143159765957134 0.0614193872029399 0.100352503450891 0.101319866117544 0.0902526294019385 0.0889927271049055 0.0873232642790731 0.0904312524489435 0.0720884976501445 0.0527626568213714 0.050167904995344 0.0392486069600443 0.0443902328946807 0.0412045149975844 0.032537892603091 0.0408152483171423 0.0489775517259323 0.0666787633791071 0.0797706673975933 0.0941203892005295 0.13124023346872 0.0440087920330498 0.00275671618803791 -0.00840114752125964 -0.0181475239349057 -0.0272391399667271 -0.0351738961014707 -0.0305589870417478 -0.0109086683296492 0.0172624822647459 0.0511408441898921 0.0759837562389202 0.0942768273767265 0.104582260784636 0.102559103997255 0.0977731277284082 0.0790323991757106 0.0647356523275656 0.043934685215634 0.0288310653719676 0.0296446114531505
-9999 -9999 -9999 -9999 -9999 -9999 0.237568293504764 0.38493671499429 0.521717485680113 0.503515843297908 0.518627560572659 0.208484682440861 -0.111299410041997 -0.0441020764919674 -0.0192769306752464 0.00653873515489312 0.0409896208321628 0.0711417682255351 0.0782287582231028 0.05892594236247 0.0401389924639443 0.0277697855494795 0.0164565984576753 0.00876295147787143 0.00138511166018496 -0.00383089030939165 -0.00819284662376152 -0.0115595835724512 -0.0123836184579971 -0.0108397257732847 -0.0064470435716063 -0.000824618244219533 0.0069816837350074 0.0160670370681885 0.0269014178659348 0.0331353386191799 0.0392092497673128 0.0363415208728175 0.0394179288895013 0.0366753780292151 0.0206277283343172 0.0123443141963988 0.00897391299233291 0.0292512952157444 0.0615516162123349 0.0948779236924505 0.107829857102923 0.118886522991992 0.121457386855922 0.117388716085855 0.111224380814383 0.0913516723660161 0.0729585321464928 0.0554661006288908 0.0467049975929847 0.0605005431961484
-9999 -9999 -9999 -9999 -9999 -9999 0.335092041067827 0.624849811011839 0.75597658245196 0.681378529266449 0.564099051019464 0.177927284352394 -0.110657624878622 -0.0559325694267534 -0.0332580238145841 -0.00353186796729532 0.0339721732718543 0.068095937917026 0.0848273601239132 0.0688058533871412 0.0427281130989577 0.0329841897367885 0.0262968853180315 0.0262314441475756 0.0230045246772447 0.0157964086873071 0.0200432923461874 0.0268650487036407 0.0302069546293707 0.0273857125083229 0.0217378218313188 0.017849791380301 0.0126578583198113 0.0104526974104343 0.00639341433787038 -0.00467399472443464 -0.0145863162132138 -0.022521767896916 -0.0251912239899372 -0.0223952534125641 -0.00942921961082388 0.0167003558682979 0.0524305900397333 0.0948838974990272 0.129981261734301 0.14947659249059 0.155090094891595 0.153220644734463 0.145060619519723 0.133574908314804 0.120277278104463 0.102877920042863 0.0886125356969732 0.0800309387702213 0.0761642265507496 0.102651351000599
-9999 -9999 -9999 -9999 -9999 -9999 0.401295133826455 0.733455773251201 0.961214914897991 0.830534396440964 0.56882038009589 0.178711500167721 -0.0908603743759379 -0.06079903848327 -0.0334591277150001 0.00418945362266476 0.0459860792177043 0.0790921669928793 0.104869482971787 0.0986116647884669 0.0827539763086969 0.0869499258770012 0.0953693139447204 0.105315155627973 0.095815376715998 0.0915744777267009 0.089474368367657 0.0967694502947232 0.105410537844468 0.093755134636467 0.0893376312452578 0.0772745937520242 0.0697669488508518 0.0609843661171397 0.0452509344644085 0.0343094884545103 0.0241998518255401 0.0254844210098659 0.0383474495388697 0.0565144748957279 0.0923664536307344 0.120314016148665 0.154863428853741 0.173885708685145 0.184468028201924 0.193527310448614 0.180358474466183 0.172229400410951 0.158991754807764 0.14260960995344 0.131202218006866 0.12821451286182 0.139116823110936 0.144763057436702 0.132638456658076 0.143126844970188
-9999 -9999 -9999 -9999 -9999 -9999 -9999 0.821010823124698 1.09127326131654 0.932908052448265 0.578674175177941 0.21592125194027 -0.0570989967205737 -0.0454879385549096 -0.0164624003587536 0.0248410633017743 0.0686361079123507 0.109678096592391 0.148072229053226 0.165134161487122 0.172446846460602 0.192067570240314 0.208598178613693 0.223442266426212 0.224657709144801 0.214143401834283 0.212315668898436 0.206273175617268 0.20584189839903 0.203181200393934 0.192886697783662 0.183128950651503 0.16661979369848 0.159199468471314 0.153392309002264 0.143913142720103 0.145116759240214 0.146729104971511 0.172074127207868 0.205550070326302 0.227776393829498 0.243809052767964 0.24088257182409 0.231080563530397 0.226226706901782 0.214629010520316 0.205323219531653 0.195008680559034 0.184303343601931 0.17474876320909 0.178248718972424 0.195927162405746 0.222140347615001 0.234194133493071 0.225447904055149 0.226157194337504
-9999 -9999 -9999 -9999 -9999 -9999 -9999 -9999 1.15526303063454 0.905675978149473 0.538231601535992 0.227427342272042 -0.0223659418918422 -0.0158511606803527 0.00568498175162052 0.0420689633719585 0.0928778829317197 0.143071025851824 0.189439246218056 0.215238333504273 0.240238881887401 0.268613243682637 0.302381972138479 0.323187615324484 0.320585893427407 0.322724522744784 0.312886871342726 0.306882369057636 0.300997458005015 0.288869318173739 0.293833012710041 0.274785230110687 0.263055953334049 0.25747349683377 0.254383783192712 0.263845525021609 0.265774901634829 0.282280651811543 0.294420172122075 0.31158640053886 0.322455248529567 0.302128278807219 0.275193949855925 0.235899445244912 0.206378007977499 0.170786492947521 0.168454602501341 0.171872458570974 0.173010885295643 0.175290928198164 0.200884423635327 0.231636983590868 0.279894556122032 0.316994353406995 0.312601072014499 0.319602040167366
-9999 -9999 -9999 -9999 -9999 -9999 0.891405668588179 1.06462891618701 1.11027160760982 0.76295416446266 0.463182009419105 0.172009366544338 -0.00530940793282314 0.00577935075260955 0.0267017527707843 0.0643881870957658 0.109195680161938 0.161174801877785 0.211500877822786 0.247202876015128 0.281753297445515 0.319616073396331 0.355070725031259 0.382455029612578 0.397036806544915 0.403215056390877 0.400749761792669 0.392916316892608 0.384356079361545 0.371022968176952 0.361328430796955 0.356895548759963 0.350012054475518 0.351864850740544 0.358403356601184 0.366486505724228 0.382683922204396 0.395127040656601 0.405179255808026 0.418220260505034 0.394163577213859 0.349036525635532 0.281198893180193 0.214985216478237 0.166097516030095 0.131635622133208 0.128358304156894 0.142214396947278 0.153277640064368 0.164449775226124 0.190284202907256 0.2354933189991 0.298069683091694 0.364244773688688 0.410966382966048 0.449058707532934
-9999 -9999 -9999 -9999 -9999 0.726672526951876 1.04830248495058 1.01560912590592 0.841474544899016 0.595081223420665 0.351439259641932 0.106404212523004 -0.0103289015407046 0.00255933278584336 0.0146219703516033 0.0565559917117225 0.0984251704854234 0.160661234957228 0.209588290694968 0.232871820928547 0.27102412028909 0.305537673596271 0.356096861729936 0.391403580954499 0.401270453523387 0.416924060578144 0.41342052202862 0.4211375167973 0.420686759819011 0.403070862740432 0.401082955955125 0.394701369592304 0.397835086950885 0.409366386684052 0.416576144652368 0.438291321471817 0.457678695674115 0.47549825185392 0.478187773789459 0.467950018134749 0.425683246012999 0.348877277123281 0.272467718908458 0.193057171994213 0.131436821787551 0.0824695614984191 0.0880256634043546 0.109651277077227 0.126225294031 0.135185890296481 0.144691319909413 0.211038384748994 0.278061910355151 0.369954943557875 0.467685374518324 0.56762809054112
-9999 -9999 -9999 -9999 -9999 1.0260414936498 1.04765714078283 0.912083206069503 0.656678406913997 0.412817120069288 0.190231741152013 0.0335914766247236 -0.0333377915033655 -0.0262696900959906 -0.0149676277252586 0.00970079617904174 0.0515795020111783 0.106602156460356 0.153395794212635 0.185197283933886 0.21002791017512 0.247161714429229 0.293512597308459 0.326924792545209 0.348408270873179 0.360413232442686 0.365787588156734 0.372781711044838 0.380117610849544 0.387345646692355 0.397994333091581 0.40654414068829 0.420568602408718 0.442746416319653 0.4686030586021 0.492791422163193 0.506801228091273 0.506421455028776 0.498491622389136 0.485077323779071 0.423061896006506 0.341895231396613 0.251420846078762 0.169697327215325 0.110492408225008 0.0722672813598557 0.0635341492212797 0.0776617008317225 0.0926064657133191 0.112011874841448 0.148681429972017 0.194802513576115 0.266528580591398 0.357407287791534 0.447620403884445 0.540979888886219
-9999 -9999 -9999 -9999 -9999 -9999 1.11728704151878 0.831166945998286 0.537247643019614 0.258750404477574 0.109864852600072 0.0224603747974523 -0.043753345487501 -0.0476219297395127 -0.0421787182431114 -0.0224207973582193 0.0109380710465867 0.0422008401355606 0.0749115198757938 0.105654556493266 0.116486420671724 0.166273701362302 0.19739760308053 0.229815362979831 0.262428857423295 0.272645642119819 0.287922106549773 0.288125725515058 0.304503369806848 0.330700830607952 0.352296873886548 0.383858715718323 0.404529619497447 0.437611686835512 0.475578244832894 0.504391352478998 0.511765957004908 0.498952574041461 0.483084234350718 0.472245657076994 0.411936935691154 0.333357025650868 0.240155670473847 0.15972071468246 0.111980308960875 0.0637017788978273 0.0518550604372248 0.0522885952886094 0.0589116420917389 0.0771879820177304 0.128860766375663 0.163445880112048 0.230365598250317 0.30642671673568 0.368208083443775 0.43077336593227
-9999 -9999 -9999 -9999 -9999 -9999 1.02252652194 0.809258890653614 0.435052496970401 0.239220150107583 0.125611281163508 0.0322074135623705 -0.0608585146853363 -0.0863887248574743 -0.0719654727367827 -0.0448568322902992 -0.018282038316445 -0.0181007878778696 -0.0148111449956189 0.023461017933531 0.0717724480619526 0.087121476840012 0.0873172886144703 0.108869945454989 0.157450443599883 0.198701228091594 0.192711989688669 0.178796506154802 0.193677419092432 0.238883826780818 0.292103280028873 0.315072613104769 0.339284561358077 0.375081633336492 0.414284105507272 0.450044888993191 0.449938887020155 0.435240304712554 0.423987869647662 0.417693069207145 0.399129776052291 0.327733891009923 0.251715297066535 0.182008994501569 0.13232782513509 0.0920840055322991 0.0621869054813484 0.0412944963919727 0.0278579579549057 0.0189609086439859 0.0300225187837352 0.0886954901767751 0.15972897248699 0.215881346787303 0.246481865189383 0.271834320892226
-9999 -9999 -9999 -9999 -9999 -9999 0.806132836980927 0.8658883784063 0.538299366926073 0.281696147208979 0.200783149810442 0.0766105499961444 -0.0443660936354532 -0.0894241483424835 -0.101059967873807 -0.0815580350785718 -0.0406240468864175 -0.0400996142418354 -0.0519095537914095 -0.0207293658899477 0.0348518824321025 0.0263172166578597 -0.000498959756291051 0.014491516923111 0.0734908529097802 0.125839834208328 0.112890126760741 0.0798217066832504 0.0923639776050245 0.151626153184996 0.209477301581682 0.231486779451022 0.240939135547623 0.276335586875323 0.323879641500789 0.362402988987573 0.372270412599516 0.352594388896333 0.350045169944049 0.365504428781372 0.357645484387272 0.329531897917108 0.269406809880909 0.21084008092383 0.174598192309918 0.130551036865731 0.0963646959578221 0.0521346068076636 0.0226179062085411 -0.00532717445677994 -0.0282909998083164 0.043510127289645 0.107271437160239 0.143795616959522 0.14739734590878 0.129323321684793
-9999 -9999 -9999 -9999 -9999 -9999 -9999 -9999 0.691328005208193 0.437858423006859 0.386644423962886 0.18854880831056 -0.0364860423439468 -0.0597511706862816 -0.0850977906431049 -0.0986436330610375 -0.062453214196046 -0.0313556792227745 -0.0419664831663046 -0.0499571159257206 -0.0104383747534538 -0.0281646082728614 -0.0567933014169434 -0.0500331990583334 -0.0071665358641414 0.042103777785948 0.0334542493512933 0.00732017915432359 0.0122547625605314 0.0532892497896875 0.0973381497687954 0.110315793863781 0.111611410442637 0.138152418131084 0.187938874233686 0.235270641273662 0.2490902501849 0.253291273082305 0.265222403162042 0.279214681223156 0.293220719133724 0.285025299335355 0.263905501531762 0.228717876005684 0.201946266838101 0.172409360625279 0.131540607929417 0.0901307956613073 0.0506922662717601 0.012442360558359 0.00457085533127394 0.0321420230372227 0.0737607607721754 0.0796833046402713 0.0482669217198214 0.00850117764231706
-9999 -9999 -9999 -9999 -9999 -9999 -9999 -9999 0.78184390412342 0.678159699507941 0.627666263294123 0.340351416469796 -0.00785772093549153 -0.0113009630047709 -0.0416014963336823 -0.0871725559662455 -0.0629787252057085 -0.0336600490649174 -0.0408682312034606 -0.0572925660524143 -0.0337068022499352 -0.0550259149502531 -0.0862893739898409 -0.0822736410576635 -0.0416078463610572 -0.00676336579951531 -0.00937387436429626 -0.031311720872639 -0.029882994814093 9.88792901942537e-05 0.0198311735322846 0.0276352253442351 0.0144975093603154 0.0326416213456201 0.0815478487533287 0.119405592091527 0.144470956914277 0.152385214421218 0.17381670223578 0.202963243149944 0.221225284318233 0.233225537020574 0.229207478752785 0.227285387198012 0.232133693646469 0.211443693176618 0.165870171218925 0.104649936222132 0.0474136559848212 -0.00274064246312389 -0.0322988124740031 -0.0274647346457951 -0.0105255680344482 -0.00478280805716097 -0.0174220155809801 -0.0385504736052587
-9999 -9999 -9999 -9999 -9999 -9999 -9999 -9999 -9999 0.885565877648529 0.827485854443919 0.474481557241813 0.0573090894086837 0.0350138819357006 0.0229012320653619 -0.0318959295142285 -0.0291882766370514 -0.0317969441692102 -0.0517188360929071 -0.0656698888196631 -0.0451493323406317 -0.0678697688505012 -0.0881309677069796 -0.0881032236674359 -0.067564458036676 -0.0338137060631336 -0.0332564320488317 -0.0422189089211306 -0.0406365563492346 -0.0301745122716331 -0.0196841167284033 -0.0243286675205302 -0.0339250050697537 -0.0293394213218159 -0.00481143218161295 0.0227738350065813 0.0414793519026613 0.0563105398821984 0.081184939374044 0.109452264237776 0.141520761833982 0.15849639566782 0.174403300787616 0.191812946556791 0.205797170822789 0.203415434367182 0.147296188853333 0.0773556364068209 0.0152037703970438 -0.0409931246732221 -0.0785082733068044 -0.0880324452380598 -0.0880441370503402 -0.0714432393296591 -0.0376864245213978 -0.0148686606035764
-9999 -9999 -9999 -9999 -9999 -9999 -9999 -9999 -9999 -9999 1.00156599803847 0.620906599568387 0.18652355598424 0.109108617091176 0.118965059229143 0.0906788681788285 0.109086162097717 0.0213630237284881 -0.040532512069301 -0.0440405192522317 -0.0308663924857713 -0.0516868927222494 -0.0762816472906431 -0.0812088418274911 -0.0646721288530206 -0.0457509382098704 -0.044648448195303 -0.0500740889255261 -0.0499790220863769 -0.038157186896672 -0.0318829847529049 -0.039487890417816 -0.0538702018926753 -0.0563042761333193 -0.0433096374573156 -0.0323609343003157 -0.0201020201924772 -0.0123935422915749 0.00911769728554174 0.0417909587515272 0.0718698445735326 0.0971195374129392 0.117008511471256 0.142868858353311 0.17547812905463 0.181386526184203 0.134966476920298 0.062953672327727 0.002179299234292 -0.0501643231616445 -0.0879151943054752 -0.100330590376687 -0.102242514539199 -0.0767121047409391 -0.0279134736036507 0.00825123238388142
-9999 -9999 -9999 -9999 -9999 -9999 -9999 -9999 -9999 -9999 -9999 0.719299558366149 0.327521539480289 0.202215749369832 0.232282256002759 0.276785411586271 0.330628643011496 0.173638302360631 0.0321298396414167 0.0132042543612375 -0.00728579848691291 -0.0349534703470086 -0.0528855875829597 -0.0595402354220909 -0.0551954905549217 -0.0492517936681632 -0.0485803673149998 -0.0487014193779107 -0.0501992398644802 -0.0456708408895086 -0.0468052614705897 -0.0523135628219477 -0.0583229080363264 -0.0602511151244997 -0.0561215367481861 -0.0582450218311306 -0.0492282368773356 -0.0415092730529812 -0.0256368019862572 -0.00165589982462278 0.019130932100289 0.0526273533030953 0.0755806369405015 0.10557107405741 0.142960729359784 0.149964394193264 0.120197700265791 0.0683563047524421 0.0170393925143379 -0.0318385123887817 -0.0688756170048748 -0.0780702312367578 -0.0751476041796484 -0.0542841252528508 -0.0157797347451062 0.0186776612123036
