meets/meet006/_saidas_enm/CCSM_Maha_0k_T_nigriceps1.asc
NCOLS 154 
NROWS 168 
XLLCORNER -112 
YLLCORNER -55.5 
CELLSIZE 0.5 
NODATA_value -9999 
[rows 50 to 74 of 168, columns 56 to 111 of 154]
-9999 -9999 -9999 -9999 -9999 -9999 -9999 -9999 -9999 -9999 -9999 -9999 -9999 -79.4587907145587 -52.0731175072622 -26.13186894887 -11.9730002911814 -4.07244911308482 -1.27563084225063 -0.80011818664032 -2.3789272970677 -4.21378861723848 -4.65788728664207 -3.04715726858763 -3.73053453144588 -5.17201717422831 -8.8526657823136 -15.4292552237969 -22.8093224817244 -31.743932392591 -38.5044427129488 -31.9498952201261 -23.1687858427426 -12.8669187610607 -3.9688440230384 -0.734373432629578 -1.27964688074462 -0.426748680815764 -0.122454436239603 -0.00220062900498075 -0.0301793045253151 -0.0016234104563797 -0.293993970400855 -1.0980913573666 -2.43643637550637 -6.46712625002925 -4.86891522711752 -5.84430692253232 -6.36989803949804 -6.03138009758367 -7.24156273944367 -7.87663987550893 -6.79214735112502 -5.65258676251562 -5.27672596917325 -4.54384147715207
-9999 -9999 -9999 -9999 -9999 -9999 -9999 -9999 -9999 -9999 -9999 -9999 -9999 -36.5392665363263 -34.4658497889963 -25.3059841461288 -14.6645065461373 -5.50810833617557 -2.75398345848438 -2.86587141046594 -4.56703550420298 -8.89299349348377 -9.2631663745773 -8.55571833010858 -10.480271600787 -14.8121955399567 -19.5047172038007 -27.0230288366863 -37.2129026141009 -48.8778419726593 -55.0219906714141 -47.8813923051961 -34.7770702164372 -21.1736525984045 -7.89841187558056 -2.01339241790198 -1.98094069177297 -0.821407454900057 -0.435501517339098 -0.156765675792235 -0.216054678726094 -0.447558361462027 -0.944303401217838 -1.94319996440457 -2.90624050176682 -4.29942270489936 -4.68429888262684 -4.70107905669261 -5.08693777565089 -5.70573796450943 -6.75451893139187 -7.26390895060822 -6.47362398066937 -5.41108260449634 -4.85266987500331 -3.80801468502069
-9999 -9999 -9999 -9999 -9999 -9999 -9999 -9999 -9999 -9999 -9999 -27.9228955987662 -22.399348525468 -21.564090867037 -24.6730964375603 -25.8239454488336 -18.9085845867867 -8.89549034961676 -6.68408026798492 -8.16282320156907 -10.9185682231205 -14.0439764640806 -16.2282790042607 -17.4430475400432 -20.6502535817278 -24.5755056000871 -33.3288000845799 -44.4448369264323 -57.6904606613189 -71.4511607406864 -78.0533244448133 -64.9117068196332 -45.5755643401439 -27.3270814940369 -12.3487289782816 -4.04234958529999 -2.61478578236191 -1.79837381948682 -0.987397159702018 -0.687131226540564 -0.499531968877026 -0.887293803844252 -1.31365603556099 -1.96440162537454 -2.32293427073402 -2.44564074360351 -2.96604141020352 -3.09187963568695 -3.85543384930691 -5.40074200004979 -6.16456402099343 -6.39549146722014 -6.24138886738828 -5.54892790402375 -4.52455441409909 -3.01209876265155
-9999 -9999 -9999 -9999 -9999 -9999 -9999 -9999 -9999 -9999 -26.1104115945092 -19.925179310836 -15.6551605223126 -14.4812465924387 -20.5032112717449 -25.1672084074701 -26.2255679063825 -19.2167478944261 -15.8651635233899 -17.0695526390622 -18.2199037609391 -20.9114532275882 -24.3772918190526 -27.9984498285831 -33.1544609410986 -40.7620617881708 -52.3020219609214 -66.9354847448064 -82.0286057818173 -93.493611848513 -95.1898054167585 -77.3513724608789 -52.9853398971647 -31.1144393588832 -16.0147527653524 -6.34613944646605 -4.20989466296063 -3.58514419236496 -2.44746008551327 -1.50638768246386 -1.2374314423446 -1.49244750285248 -1.81828708210053 -2.04715911727719 -2.32986210339349 -2.44696063359884 -3.20680777197954 -3.93410004524236 -5.16979789254478 -5.91949528568537 -6.04811225005898 -5.68460528648772 -6.0723477886605 -5.5164986540526 -3.79039669259166 -2.34944900729985
-9999 -9999 -9999 -9999 -9999 -9999 -9999 -9999 -9999 -9999 -15.3004246461829 -12.3598802107324 -6.26140746449758 -8.16445051621738 -14.8527407030272 -21.7894689238714 -31.3567576364775 -30.8024531111854 -26.686913858712 -27.1196340930391 -28.3879392852975 -32.214979367302 -37.2181487374214 -42.7165343273821 -51.2070828134835 -61.7160194410173 -76.4496251340468 -92.5733538138735 -95.53713725411 -90.1580053286497 -96.2826095335163 -85.671484189455 -59.7527102696864 -35.5049435932358 -19.1178217276871 -8.86984020445464 -6.02438384609117 -5.90870349196457 -4.30552192746624 -3.00939970620482 -2.26474297996044 -2.50994360821751 -2.66085690667856 -3.0051154807979 -3.58793302917627 -3.99484112722428 -5.35815792807283 -5.57122045499493 -6.1677245468118 -5.89008361595726 -4.44256415753532 -4.76213488839177 -5.6116236206285 -5.23983691193777 -3.28270014971877 -2.23273034009852
-9999 -9999 -9999 -9999 -9999 -9999 -9999 -9999 -25.8933318019096 -13.6099207801127 -5.6721856626036 -6.64267970549686 -3.042220463302 -4.4492720460684 -13.2550941752833 -20.0860009413321 -31.863445307372 -40.5510747721233 -40.2054111731128 -41.2642321976669 -43.7684660369167 -47.6592426515167 -51.3969405703385 -57.906580980504 -69.4169769752298 -69.9111758379986 -71.0189565417508 -68.4132168463243 -68.396241739851 -70.1326316352936 -68.8638336290797 -67.3783090363961 -63.301073811387 -40.3992224975455 -22.7088893935454 -12.711503095011 -8.69179972190342 -8.03148983609666 -7.63024611010111 -6.27307675565871 -5.72888928409809 -5.8853691013681 -6.04834024910268 -6.52349531349038 -7.37352756341725 -7.51262556462185 -7.67425616217281 -6.08019694039333 -4.90792251192685 -3.72381606197472 -3.70322378259568 -4.23175675021956 -5.10943622714037 -5.02355425621929 -2.87381778247999 -2.45973742255921
-9999 -9999 -9999 -9999 -9999 -9999 -9999 -9999 -15.9451541797353 -5.97336995416814 -3.40408792261495 -2.39759189880148 -0.693999298522569 -4.25687781777118 -12.4365826853574 -18.7063731724612 -27.9441197368881 -40.3218869719414 -43.9308329531005 -45.8257028434608 -48.5487191699556 -50.0732498156419 -51.9943128593288 -50.5788755770865 -50.1884985377635 -49.4527876080547 -49.0329922864558 -50.002766618533 -49.5367524092618 -47.9637382102866 -46.7715120153013 -46.6116061423139 -46.8315609964454 -46.1732655101376 -28.2927345773742 -18.1055575623804 -13.2537858541741 -10.9000591088951 -10.1882247101889 -10.7007237769562 -11.4455865818062 -11.9218055543761 -11.9368336895388 -9.80078140890955 -7.5787753377939 -5.73676312941344 -5.0263057661511 -4.57066437817741 -4.45557616673496 -5.46144940806442 -6.23117090214776 -7.06502344515484 -7.44967520270986 -5.85704785358598 -2.49468797779841 -2.07478087418035
-9999 -9999 -9999 -9999 -9999 -9999 -9999 -15.7929903536031 -8.57150831083353 -2.36761209604499 -0.847369922840674 -1.24467400260719 -0.121415482524426 -3.33130928847359 -10.1014462636085 -17.8190554908 -23.8922138734184 -32.1051405764777 -32.8015912420605 -34.8837130872095 -36.9974929414921 -37.0472029814586 -37.7323100259145 -37.1096729446288 -36.9707540408621 -37.4007865077988 -36.5078620399493 -35.2105741856556 -34.9678339230761 -35.1203342210245 -35.7315313832176 -35.4339929408326 -35.4071888520935 -35.07342364666 -33.9260621512814 -23.9001016195198 -18.865238341929 -16.0434024706116 -14.4849836432123 -14.1387726907176 -13.0359846467362 -12.009174615165 -10.6862697987363 -8.99474176217421 -8.0468746552761 -7.60285565360713 -8.837201167024 -10.3644536830221 -12.5228259821526 -14.5602480150105 -15.2695537295198 -15.3911125061073 -14.2552121395356 -8.85637583655129 -3.10603061839297 -1.65158844345503
-9999 -9999 -9999 -9999 -9999 -9999 -9999 -8.98426913999117 -3.04830827669549 -0.377032232381528 0.193282142140186 -0.81692732555356 0.359621176119008 -2.47068482434421 -7.74840249694964 -15.4205064809253 -20.7413143338757 -24.9606575547507 -24.7695490693161 -25.004522690243 -25.8712743206886 -26.4012171625946 -27.3089086558087 -26.172979509008 -24.7681206663577 -24.7418494137564 -24.171076285281 -24.9710252549546 -24.8473394323371 -24.0198126644348 -24.6366159215674 -25.3126159606091 -26.718226894475 -27.613564815862 -28.3985404296878 -30.6923328590616 -24.6512740593861 -20.0300639272777 -17.9668411551136 -17.3837790878448 -16.1142444960292 -16.3629938829013 -15.9311717744367 -16.6267864646938 -19.1356354241174 -21.4568965750171 -25.1951950727162 -25.6645238743831 -25.5851841517824 -23.0968304698532 -22.7165437034733 -20.7277561441961 -19.8932652436124 -12.3107089655634 -4.91674511664997 -1.78182640848646
-9999 -9999 -9999 -9999 -9999 -9999 -15.0378636697576 -5.47561721925802 -0.572555662314116 -0.29117993248471 0.643052245933925 -0.353327985230361 0.214957721813078 -3.11109450440695 -6.80950577719721 -13.7335268170465 -16.8008835242258 -18.8610700088078 -18.423107000886 -18.6377537135542 -19.4576892188667 -19.1032638346496 -18.6170015526985 -17.7732897827546 -17.6547961869365 -17.4155727884797 -17.4228264867823 -17.0026121087161 -16.8017750013114 -17.6820531036269 -18.066759435029 -19.1434122863062 -20.0399026808654 -20.8454342447764 -22.2968563190557 -23.1219515315641 -24.4304378904232 -24.8142172327418 -25.6401771509652 -25.9117314932208 -24.6755536694101 -23.7406861808461 -21.4161499102959 -19.1954951560146 -18.3905066139367 -16.8804610767263 -16.8982357190444 -15.9166945693289 -15.7495954826281 -15.9347416746753 -15.3125755459013 -14.8048366187639 -13.5408875452522 -12.2181330191901 -6.28197470710374 -2.36145757277628
-9999 -9999 -9999 -9999 -9999 -9999 -13.6023177730021 -6.62067905443294 -1.03102447547006 0.552579494243075 0.55313634339241 0.310375225854484 -0.205018463675972 -2.45333434376748 -5.05534424098661 -10.4439397661744 -14.1656765840924 -15.3607099943818 -14.326836779271 -13.7254763702911 -13.4633282177786 -12.7835132722609 -12.1962648791999 -11.5318171778359 -11.3230654353724 -11.5256147841154 -11.4491842362942 -11.5997197345194 -11.7240165743984 -12.023874333577 -12.6558885086277 -13.1897707521881 -14.0185096482626 -14.7395457759217 -15.5289573897623 -15.9721762804604 -15.8708800054279 -15.8415673187164 -15.0907223801848 -14.070566999909 -13.3572143962654 -11.9571857287883 -10.9102972481898 -9.98546738315274 -9.19580655747214 -9.20089730956387 -8.78670108191981 -8.87991008283416 -9.00525824123656 -8.69534069890483 -8.58903629244074 -7.78612692006236 -7.30203416103651 -6.88118328750002 -6.8331757619952 -3.56988670802017
-9999 -9999 -9999 -9999 -9999 -9999 -12.4130633002618 -5.92109153654819 -1.08530724945585 0.1498476144885 0.0282449570378035 0.359994451318238 -0.167010569394646 -2.02198401012365 -4.26748444316623 -9.85948625092545 -12.6204267004902 -12.9714220116603 -11.2300843000101 -10.4837002557876 -10.0489670658491 -8.96256596295063 -8.04925683505145 -7.57086779821399 -7.87622698434777 -8.2165259731698 -8.36346420106162 -8.55587260321925 -8.85015827523777 -9.07291334931963 -9.4171886089151 -9.71685860703475 -10.1422488028898 -10.5856377327329 -11.2076018217536 -11.5397176082204 -11.1585150476536 -10.3679035936958 -9.33576863548377 -8.46442950341132 -7.28139861007899 -6.70510727970885 -5.79506334198212 -5.46561345815351 -5.43762679599256 -5.21599803131425 -5.40955197655148 -5.13488746740299 -5.01082979374127 -5.01802992051487 -4.52091100503949 -4.21808289865841 -3.67894163036654 -3.48850006777353 -3.96200172583596 -4.04955590426289
-9999 -9999 -9999 -9999 -9999 -9999 -9999 -7.1505582975508 -1.53306111657374 0.89502487987349 0.541035311061454 0.129922989329443 -0.168200680694513 -1.25195185219364 -3.455817603903 -8.06637530284874 -10.8358634317599 -10.7414046086447 -8.96039204196335 -7.99089312167424 -7.21178399831262 -6.18340751848239 -5.39259710104595 -5.08776609142316 -5.33848992831906 -5.77071191730145 -5.94184523198436 -6.18054456536495 -6.50529905397952 -6.60019522349777 -6.74009129174679 -6.81911889147529 -7.07246805814832 -7.1874012283771 -7.20785221890189 -7.16041293853254 -6.73707566392372 -6.3252186735259 -5.26982089622422 -4.21068004201261 -3.4335704910835 -2.81160145043744 -2.60222484059643 -2.5806114197182 -2.53703848103128 -2.693942441622 -2.53381138467289 -2.4357155917239 -2.24799553474912 -1.96754660097863 -1.71351838390451 -1.40219770240295 -1.42998849981716 -1.68800071138545 -1.84875354684399 -2.24706057052933
-9999 -9999 -9999 -9999 -9999 -9999 -9999 -9999 -2.10055588336708 1 0.519373643929089 0.387939865419552 -0.048141232905526 -1.06315121412882 -3.62356772620767 -7.67985253350028 -9.3281408136451 -8.99799631283386 -7.30909526639051 -6.45380797195875 -5.52836227938225 -4.73932852115009 -3.97311571631677 -3.73060965476753 -4.0349819253816 -4.41078954878418 -4.47180083151354 -4.67037055196861 -4.93223941818403 -5.0911893935542 -5.0423956650304 -5.06988516523778 -5.1205931593254 -5.07928024500453 -4.86633207311782 -4.47397044066711 -4.27407840565473 -3.81279909564598 -3.29558901066991 -2.44220203474257 -1.74634151777048 -1.48381534363543 -1.37489113268944 -1.59588685641949 -1.90018713928951 -2.26586792035632 -2.23130117489989 -2.06658447049458 -1.84041340967247 -1.5509047625397 -1.18400155639613 -0.809636471467073 -0.680769884938587 -0.859437954291497 -1.24544934028279 -1.50264412947675
-9999 -9999 -9999 -9999 -9999 -9999 -10.5129319082236 -3.65737952412859 0.198797984362986 1 0.585524997991794 0.377894004551011 -0.17114237054092 -1.27597080360314 -3.764906555682 -6.45197846900226 -8.38215973544629 -7.98565361636611 -6.66862670279967 -5.55864794760561 -4.75891988871607 -4.09627743967546 -3.70089599468049 -3.44081475006923 -3.37818832212365 -3.43415534519673 -3.50098235527107 -3.69660561254999 -3.92048943776884 -4.11593082460496 -4.24068696385324 -4.11239410999168 -4.02317816238165 -3.91522104228197 -3.72929900471638 -3.43857199448499 -3.06848167852503 -2.64188223490475 -2.29345801379864 -1.60948742522913 -1.11639907327514 -0.998410227034466 -1.17998813372827 -1.57010031587059 -1.99059708657108 -2.30298883055295 -2.28864803613668 -2.10712837731319 -1.85283194710814 -1.56863035062929 -1.22898073892125 -0.823115119851548 -0.590935193588886 -0.632111585712262 -0.931323515889082 -1.58693726329315
-9999 -9999 -9999 -9999 -9999 -11.8365163955072 -5.35239174432788 -0.443154384905767 1 1 0.65552027919021 0.360191554383363 -0.366997798801915 -1.75902989185984 -4.40092230559078 -6.35229933729609 -7.09961088163611 -6.78422816351832 -6.14319236887901 -4.85335977416392 -4.15039486591272 -3.58186201855002 -3.58973554610587 -3.36533626492853 -2.93848514406754 -2.83744421731271 -2.90827164893826 -3.18618775962097 -3.40132008236669 -3.46591475873189 -3.64015890995004 -3.62107177974462 -3.6807722199924 -3.60697468999118 -3.38593721656835 -3.26670952776816 -2.61276107230068 -2.07843368337305 -1.68975956377836 -1.33140081681071 -1.14332977679724 -1.1473773271774 -1.47029998984275 -1.89289202328752 -2.32412522402718 -2.51511243254831 -2.46097999995873 -2.4066215563257 -2.17983370238147 -1.95415615729318 -1.73744621895368 -1.26116673192825 -1.00442903783856 -1.00201969184388 -1.30866234347423 -2.25385279576677
-9999 -9999 -9999 -9999 -9999 -9.89281815552107 -3.39039095444454 0.379347279454194 0.807853370097071 0.871212069341715 0.740112861247821 0.116315779711182 -0.601633967142432 -2.07952064728859 -4.36609842354603 -5.89670278731623 -6.54387636882862 -5.91879431691548 -5.08774314321611 -4.11851435821709 -3.33898940345853 -3.00178038032501 -2.93343357269482 -2.74723271062309 -2.61850880131489 -2.55814679461654 -2.64491371030016 -2.79498183013286 -2.65762535891289 -2.59131907183395 -2.64386832562869 -2.75568547015149 -2.96710418071787 -3.0910591457453 -3.01184912375665 -2.74710560856421 -2.32138083996837 -1.85637069306326 -1.57739922825506 -1.45049959930413 -1.32335290491478 -1.45754006523582 -1.75490354970954 -2.14668863992114 -2.54561062839533 -2.76380810481634 -2.80854231825046 -2.68469122458172 -2.50361862985174 -2.36814551493411 -2.1604480075024 -1.87020015487703 -1.65796295382807 -1.65834756959959 -1.86845810062953 -2.28831553022473
-9999 -9999 -9999 -9999 -9999 -9999 -2.54192191260783 0.609184349002548 0.827232103955916 1 0.587618384078868 0.307837846151626 -0.192513637067001 -1.87814344417004 -3.96252785024247 -5.31392662750096 -5.92100574632594 -5.22010011799547 -4.2631741828169 -3.50578912690837 -2.5632414980539 -2.67443298000332 -2.52913469002679 -2.44953217860948 -2.34322066242564 -2.17912841528133 -1.91466877765995 -1.77665168233594 -1.65613610363573 -1.61069429255639 -1.70982618852583 -1.77883071671711 -2.00468767413931 -2.21494866506697 -2.50550023137584 -2.81475595252826 -2.50190028731908 -2.08227163077522 -1.85336531024242 -1.80959706930584 -1.69847099218287 -1.84721940786342 -2.10052094597634 -2.40665091484582 -2.75881982457754 -2.99887823572457 -2.9146177266862 -2.73016271517545 -2.52930562979006 -2.26166895164838 -2.0473068619098 -1.76897455686736 -1.59770592429593 -1.47392826254286 -1.40706874490103 -1.51420436010451
-9999 -9999 -9999 -9999 -9999 -9999 -4.46469278287296 0.248217881237769 0.656897899462583 0.962328967050037 0.178933905140158 0.782950731401606 1 0.73010015093231 -0.869511011979602 -4.13976494049569 -5.47823613244731 -4.54917735522171 -3.92556806327634 -3.23879977591344 -2.42461347988524 -2.23776826726571 -2.18199102369971 -1.93437632655221 -1.62482395149612 -1.3506146501703 -1.23066421613282 -1.14731481635182 -1.08776369985063 -1.05393274449701 -1.10986847754422 -1.22196357659425 -1.3998345285098 -1.62217314309822 -1.91164881619058 -1.89696673116836 -1.74209293995347 -1.6480573558967 -1.6317778132802 -1.66856124989573 -1.73987530005495 -1.68884253602519 -1.7675604399076 -1.88087675169198 -1.89345334243226 -1.91643103778436 -1.82751741499413 -1.72803342341616 -1.63400414920011 -1.51037136432685 -1.38493541539829 -1.14228223146459 -0.992587813630949 -0.908890348550772 -0.867837027929965 -0.899229818877054
-9999 -9999 -9999 -9999 -9999 -9999 -10.1598226102199 -1.75791007446031 0.660396863415149 1 0.204973468433151 0.42321065130312 1 1 0.644937408783881 -0.987875994144416 -4.11373636060714 -4.38115845692994 -3.90899111478057 -2.89027104015721 -1.87301757247259 -1.56208578208121 -1.47336577663767 -1.29239764053639 -1.03502107098723 -0.773081432397813 -0.668333087512311 -0.729421394875303 -0.675266663439987 -0.573207624549002 -0.682091863627851 -0.754302250238321 -0.983482745276765 -1.18680969402337 -1.02474273368852 -0.983974999412323 -0.806508491917449 -0.789436513975107 -0.78058501437687 -0.751003724026267 -0.905845616336949 -0.830875212262472 -0.90295891236125 -0.96338286892646 -0.883404791737337 -0.969238696853662 -0.867598467132798 -0.886050536759312 -0.861728739409724 -0.784181851281519 -0.85575999651247 -0.570427497685546 -0.508241727238384 -0.471406911529773 -0.448046418553593 -0.569197010291445
-9999 -9999 -9999 -9999 -9999 -9999 -9999 -9999 -4.73070286194129 0.20370296841523 0.75790272328695 0.365770265579592 1 0.806092762105763 0.876419636886386 0.193312989465511 -3.00623893846821 -5.05527775458019 -4.48918366581996 -2.74859567989272 -1.28788003240253 -1.07854323593584 -1.17980561405869 -0.978677617977403 -0.727072913016421 -0.509322213041808 -0.466231563275526 -0.508786575350283 -0.479384497509583 -0.404186432052985 -0.453584616093882 -0.597395310890781 -0.810557980807859 -0.717868052884339 -0.562681415267561 -0.434673242151232 -0.343465722372584 -0.286344012791437 -0.261588376862793 -0.270561107391685 -0.303412390912418 -0.323161443287928 -0.337939677119547 -0.345205355017965 -0.33197121418176 -0.326345799450186 -0.300030945770509 -0.280049396032091 -0.292872124385283 -0.321162161267211 -0.308017469728348 -0.224239146185684 -0.16944834578781 -0.196393756781501 -0.284560818224962 -0.459315803037483
-9999 -9999 -9999 -9999 -9999 -9999 -9999 -9999 -11.2218487829225 -1.10657092264552 1 -0.0663255496059034 0.585018000969779 0.575059546349362 0.402022013315856 0.253829444856106 -1.71463742239056 -4.59195264005007 -4.36617752407874 -2.22215961863097 -0.864082809196406 -0.714964028949877 -0.918580310450519 -0.72241181669088 -0.412031527694845 -0.290813154268212 -0.288571968548358 -0.313611997287504 -0.338580879474716 -0.196200934775047 -0.314879945763134 -0.433260902598156 -0.724828944901227 -0.528950965393086 -0.280751995444382 -0.148919286775279 -0.0156453708954782 0.0228808336807047 0.0758841876755898 0.12889394723153 0.0933412100355705 0.119201723327892 0.0841950880167912 0.0735046598993344 0.116373229304169 0.0974451983775912 0.143419794243455 0.12022410657354 0.0598062910853864 0.00640462057602165 -0.105339532473427 -0.0674256612562834 -0.0694919478817859 -0.11253662609199 -0.209319838788196 -0.419378988516594
-9999 -9999 -9999 -9999 -9999 -9999 -9999 -9999 -9999 -2.53818911842312 0.0467121166772207 -0.0389011177079319 -0.52219872562559 -0.512711738101562 0.40265631435103 0.230684762697026 -1.254352767332 -3.10544177047888 -3.27132922921483 -1.90043399305289 -0.572527197116945 -0.486337843291215 -0.754510543267855 -0.569705573740002 -0.232396669358825 -0.0657814909651149 -0.0682272980557637 -0.11481778877254 -0.196990533403284 -0.135490066024729 -0.162099255182407 -0.339756512988986 -0.576511771481487 -0.577033368467073 -0.327264646021415 -0.117166082997412 0.0135278362951069 0.137489133550184 0.215141632865652 0.252555391672357 0.289873452679604 0.303131925502495 0.325508300982403 0.336814593023753 0.324580687043323 0.340321406467251 0.352465721956484 0.316368826691331 0.208904844554592 0.0355061478793384 -0.128360954020956 -0.204038243713785 -0.238356856779292 -0.265607515983378 -0.246563862403203 -0.31190125160104
-9999 -9999 -9999 -9999 -9999 -9999 -9999 -9999 -9999 -9999 -0.444802271799062 -2.09552020596397 -1.37434534443142 -1.0080995273473 0.119601462526213 -0.0356546314916564 -0.956618706893671 -1.54012990917992 -1.95570795734995 -1.09257716474137 -0.294821506291018 -0.259032306186511 -0.527058392262771 -0.428123071376199 -0.053009631770045 0.104069712955059 0.0834312504241449 0.0141378252163907 -0.0650594967204419 -0.0664700457472438 -0.0199666198477144 -0.176341968667733 -0.449960255195444 -0.654194906195784 -0.432668165261098 -0.198646835191757 -0.0396279256996324 0.0674608002923557 0.191374394573565 0.30683453053285 0.377228559012858 0.413601732997149 0.427182900545112 0.453571160816588 0.494549105264912 0.513054144037115 0.517766346550979 0.438595226435985 0.293783923120974 0.125118769709992 -0.107179014437794 -0.254023641247897 -0.384720484847077 -0.374158441190265 -0.217784900761372 -0.207171035435579
-9999 -9999 -9999 -9999 -9999 -9999 -9999 -9999 -9999 -9999 -9999 -6.28773918698805 -1.48933357041605 -1.02541421791799 -0.708415924305684 -0.628691787546564 -0.426892419926597 -0.268937976795693 -0.7283935535614 -0.433897121053333 -0.203162349278034 -0.176479520444167 -0.242938822643695 -0.195477474208004 0.041460346287969 0.164969464546984 0.148415793744188 0.0884868323631174 0.00492735662248522 -0.094918655862325 -0.119063071425813 -0.219759780397704 -0.379818883556314 -0.518244652851577 -0.639754569122556 -0.455370212745336 -0.260764834289909 -0.083488281220357 0.0571896005184037 0.184977327455042 0.290925402986 0.355111860627769 0.416924309865383 0.471929592611952 0.520449073837099 0.559839767579999 0.566331663972592 0.522280502095043 0.398006874408079 0.208914101840452 -0.0433431692595692 -0.200005529439342 -0.291839562382891 -0.297499532404422 -0.190904074593621 -0.129160593375916
