meets/meet006/_saidas_enm/CCSM_Gower_0k_S_lineola1.asc
NCOLS 154 
NROWS 168 
XLLCORNER -112 
YLLCORNER -55.5 
CELLSIZE 0.5 
NODATA_value -9999 
[rows 78 to 103 of 168, columns 59 to 117 of 154]
-9999 -9999 -9999 -9999 -9999 -9999 -9999 -9999 -9999 0.570648571715187 0.392732334983122 0.26548528786229 0.17476983103606 0.135076025845407 0.201215200216164 0.323434518167713 0.502520613651003 0.721982186566511 0.695528985745822 0.661130477162157 0.63194495300034 0.619623072618629 0.608783283278094 0.612288878059907 0.616443362880204 0.6175282012813 0.616852405528504 0.613025655045763 0.612830675308206 0.605934247532467 0.605579278176492 0.612079172667889 0.619730665159583 0.617185051106305 0.614157392759583 0.61826978340036 0.627466111078066 0.640638957812992 0.64891664639521 0.647383337023764 0.658330615954793 0.677162278109711 0.663489912767278 0.656425321045046 0.648442873090096 0.644719043406815 0.647692253682657 0.651258247624612 0.646018430247565 0.640867257725335 0.639854314424513 0.641299847042151 0.643194649003664 0.648309238849317 0.652629844855133 0.648963694960079 0.634305586099226 0.629092950314801 0.649375147754056
-9999 -9999 -9999 -9999 -9999 -9999 -9999 -9999 -9999 -9999 0.554916457231703 0.319060646839076 0.0938588678376677 0 0 0 0.110004462697466 0.36005244270444 0.655701234390014 0.67810026739581 0.637229865870391 0.6202492102756 0.611736484797377 0.616727623646688 0.618666411524704 0.618523803659771 0.616919023971877 0.608475513039856 0.598149390787878 0.591703965154221 0.590521069160608 0.595532204072625 0.603948396777534 0.604404457853949 0.600971510016596 0.60374342916982 0.609680936729947 0.620790992833894 0.629710671351165 0.628004009878225 0.642219133595415 0.667713478724608 0.662293446725988 0.647939634672847 0.631521716261401 0.623467012442233 0.62684755552718 0.630793797697768 0.62859932216396 0.623564100385993 0.621972494750581 0.6225792148188 0.624518957660198 0.629876014224164 0.633462717229158 0.63118435043603 0.619363640900057 0.618821540020636 0.639340089380934
-9999 -9999 -9999 -9999 -9999 -9999 -9999 -9999 -9999 -9999 0.486019693830858 0.384821141361615 0 0 0 0 0 0 0.327124265053577 0.705393984846338 0.664524523126151 0.655993911032216 0.626273528554527 0.6341516187175 0.629866015909144 0.601596012509137 0.594472994285202 0.592703678189344 0.567145655216585 0.573318127921678 0.571895066164556 0.576190228891151 0.586166409681714 0.586542831387814 0.59320680283837 0.600042667157548 0.599003394152071 0.596998271182801 0.620110951960607 0.613242962662171 0.631844152557523 0.663314166157201 0.665901834978811 0.640086115869254 0.612085085842719 0.599167502335416 0.602324338427138 0.608248515911115 0.606770475127327 0.605286098237295 0.605493576916298 0.607081174737138 0.605770407158187 0.611553428927896 0.612714443090519 0.611523937233379 0.601155599671832 0.599952927884379 0.627198527307011
-9999 -9999 -9999 -9999 -9999 -9999 -9999 -9999 -9999 -9999 -9999 0.545827717472813 0.225540716430429 0 0 0 0 0 0.0358851265462623 0.391132670634778 0.481481357358305 0.570482724283035 0.672197712213441 0.683242775520123 0.646498276609418 0.602847455465259 0.584004582617162 0.541547488475151 0.545585858102716 0.539407545983238 0.537641784697043 0.551296593669797 0.555913259380502 0.555720095610267 0.558016043967438 0.569580413157533 0.588786277940732 0.605128156388926 0.613192683716566 0.618619457912255 0.634356808516018 0.646349666117517 0.644751239315097 0.62726604170225 0.598567703477989 0.584184472489445 0.584731184477765 0.585692778033344 0.588249342333393 0.587112999573935 0.590887487790869 0.600796879046278 0.602558204411761 0.599923842428253 0.589490085327645 0.588791324979253 0.591909025762123 0.601784483985385 0.630373559240683
-9999 -9999 -9999 -9999 -9999 -9999 -9999 -9999 -9999 -9999 -9999 0.480610326495007 0.511990785368818 0.10203551444502 0 0 0 0 0 0 0.186256353863925 0.309802870643706 0.380376378030037 0.506987881490144 0.672409658324219 0.676844896787861 0.690160878891301 0.546215844470285 0.553576717390404 0.53151003793789 0.511775939905899 0.526531487310972 0.525757544383353 0.519676667567939 0.5156304650099 0.529227991268135 0.5565823662961 0.591675473751711 0.601338416711151 0.612240608450523 0.61110126134595 0.625142654855194 0.627997567905324 0.615685546383663 0.590145808659656 0.579196434997401 0.581670826972216 0.573295870877794 0.582663043020221 0.579564969008558 0.582643652716137 0.597699041501738 0.608006822258396 0.594949047095095 0.575368741677797 0.580520769119625 0.599653205806008 0.611064511929736 0.64750690414824
-9999 -9999 -9999 -9999 -9999 -9999 -9999 -9999 -9999 -9999 -9999 -9999 0.545848680201196 0.304982012817471 0 0 0 0 0 0 0 0 0 0.193445118424889 0.291350865318801 0.418918632960087 0.636877068084998 0.729329529608079 0.693405252513545 0.581766834344745 0.499806512062878 0.499350596697516 0.496889905405677 0.496023211054717 0.491937989388629 0.496933145298898 0.509076414801566 0.53140063712686 0.56785088358521 0.608088197562208 0.593387181747842 0.603294602443894 0.613282858516445 0.60897209924416 0.59847087019113 0.596723378152342 0.602949675733847 0.604872868908266 0.603360152343035 0.594803383347343 0.594464407726557 0.60114353984856 0.598970406988416 0.599369208791314 0.594845001560986 0.608964726320531 0.635217685266989 0.660441029980454 0.642263524611864
-9999 -9999 -9999 -9999 -9999 -9999 -9999 -9999 -9999 -9999 -9999 -9999 0.394748121283866 0.477945720482185 0.0353994716256173 0 0 0 0 0 0 0 0 0 0 0.073025025926184 0.403335668437522 0.675158867358851 0.722382743987535 0.67167355433091 0.539669702169799 0.514115489811865 0.493751789120046 0.48218910030524 0.472943918048141 0.463249347867742 0.452561565631677 0.463458137805019 0.524445457962137 0.591517430266024 0.576058634509078 0.583949069468523 0.60266142231094 0.60619469587266 0.610752314694813 0.617686619095545 0.627876969672606 0.637798614775594 0.633613683297399 0.622989424644567 0.621329910502045 0.62196570389987 0.612735770606033 0.626278270023505 0.630771224182413 0.64715801988252 0.673991014491857 0.659844700245196 0.648161708026943
-9999 -9999 -9999 -9999 -9999 -9999 -9999 -9999 -9999 -9999 -9999 -9999 0.300908678731462 0.607526700821507 0.296785519257906 0 0 0 0 0 0 0 0 0 0 0 0 0.344754213469363 0.703601527183279 0.677307605346558 0.637289592008721 0.590777491783196 0.5360576759488 0.506243187395827 0.47034080061679 0.439941285658661 0.415249692410832 0.409594898786388 0.494795615314288 0.584636588963423 0.566891613596471 0.562803278938013 0.584687792760698 0.605171933122975 0.622381749612967 0.637249374408036 0.648406739094727 0.653942361684468 0.657525957268936 0.658457089008468 0.659650917531848 0.659968562605489 0.665142053986172 0.668437193028537 0.679270709927054 0.690399013410657 0.682293596713856 0.667790678958281 0.655928093874673
-9999 -9999 -9999 -9999 -9999 -9999 -9999 -9999 -9999 -9999 -9999 -9999 -9999 0.460671733975214 0.546103863555467 0.29420134684505 0 0 0 0 0 0 0 0 0 0 0 0.0230107063501624 0.433123760544052 0.698971552944473 0.638312639731606 0.634624825810132 0.618225773768164 0.557846273138211 0.505355252395566 0.470937624932429 0.444667043450028 0.41644289117786 0.516555579967307 0.60045128234605 0.553268105999601 0.558779199672778 0.582091265516867 0.616539495860582 0.641177693583356 0.658670200455605 0.671004640879503 0.675029493210332 0.672515417939435 0.656232237391248 0.647111896874001 0.636825115691743 0.640323127787932 0.659504144186961 0.675538364566592 0.681365923704832 0.680404519697913 0.670811085175555 0.658226176881816
-9999 -9999 -9999 -9999 -9999 -9999 -9999 -9999 -9999 -9999 -9999 -9999 -9999 -9999 0.480801210032585 0.565726620185546 0.366102786086484 0.138349085969565 0 0 0 0 0 0 0 0 0 0 0.114638626804372 0.458239284691144 0.716513954379671 0.66041483063588 0.619012108268716 0.627009383924929 0.593546353317693 0.546733629401346 0.547694927557853 0.571378917504445 0.592778258625326 0.585630587180002 0.569272973948175 0.585533635659582 0.614226786765287 0.639357997218055 0.632257498415607 0.624207089450412 0.618473816566485 0.599259549906848 0.59051453289768 0.572191544347144 0.56905648008172 0.579594616298101 0.596191025856543 0.634623757908817 0.669842059938986 0.684813921481443 0.681280396572096 0.670805863221906 0.655166535445234
-9999 -9999 -9999 -9999 -9999 -9999 -9999 -9999 -9999 -9999 -9999 -9999 -9999 -9999 -9999 -9999 0.543413177811045 0.498671694208393 0.212950504590016 0 0 0 0 0 0 0 0 0 0 0.125881429059065 0.461624380860543 0.702226009813337 0.651367968369673 0.636022637543376 0.614363770956975 0.604409296335081 0.607539448021464 0.577483230691444 0.597014469180724 0.592629777552952 0.596865021959004 0.620961931279137 0.620359973875236 0.615687022208056 0.594527630739427 0.577301393589033 0.560335557272537 0.527174691748716 0.524728995931882 0.511779194806061 0.517381962953106 0.541456104286296 0.564265743368808 0.617515499863243 0.664890942210461 0.681440442394739 0.675414307883961 0.66268883024335 0.647590009952806
-9999 -9999 -9999 -9999 -9999 -9999 -9999 -9999 -9999 -9999 -9999 -9999 -9999 -9999 -9999 -9999 -9999 -9999 0.496978153776082 0.324262136074982 0.0706301934374376 0 0 0 0 0 0 0 0 0 0.112979620068912 0.410023098985594 0.652882762678233 0.692009945685927 0.637221462192636 0.602887011946258 0.618290580380662 0.633129571432443 0.631342752388123 0.632227225197832 0.616953046058403 0.615518252547307 0.608484228057094 0.604431242251833 0.59931033164191 0.577824797412787 0.545674772448629 0.515404068620793 0.504277289443519 0.504282220308535 0.512626553815132 0.523532639294235 0.551694101660015 0.600185352891931 0.647713577077282 0.669976701662798 0.659220323949452 0.647116263203488 0.658377049002103
-9999 -9999 -9999 -9999 -9999 -9999 -9999 -9999 -9999 -9999 -9999 -9999 -9999 -9999 -9999 -9999 -9999 -9999 -9999 -9999 0.411948253350226 0.158126276145245 0 0 0 0 0 0 0 0 0 0.0151611375152758 0.324212121755406 0.582249106462646 0.711027207725272 0.672471804175633 0.668355605807851 0.67475422425778 0.649192889507408 0.622430500549176 0.602039975598834 0.597391519481118 0.600318256904815 0.60165685003332 0.597489060635592 0.578377363024991 0.544474075944098 0.513403028331767 0.504011781327251 0.504675172320611 0.508310084282729 0.513765226388781 0.531296480321648 0.567900077564094 0.615180378032838 0.645628945835969 0.656595798272314 0.668566774177607 0.69866954632712
-9999 -9999 -9999 -9999 -9999 -9999 -9999 -9999 -9999 -9999 -9999 -9999 -9999 -9999 -9999 -9999 -9999 -9999 -9999 -9999 -9999 -9999 0.470454686839021 0.0706868564860049 0 0 0 0 0 0 0 0 0 0.159442922955036 0.422666401423176 0.679653691853971 0.703451771226668 0.690068868927426 0.690489052815174 0.631735430953302 0.579791039378933 0.583016433739528 0.593972886372913 0.595344663605517 0.589343033465071 0.570929119410798 0.539804132192786 0.509496063169585 0.500938335232797 0.50374191129193 0.50309293359631 0.497590467535315 0.503151914327852 0.530232127968385 0.560535257305702 0.609422600778578 0.666188668259142 0.71537736908983 0.701015553534065
-9999 -9999 -9999 -9999 -9999 -9999 -9999 -9999 -9999 -9999 -9999 -9999 -9999 -9999 -9999 -9999 -9999 -9999 -9999 -9999 -9999 -9999 0.510115323803223 0.404203774127306 0.0591773111935729 0 0 0 0 0 0 0 0 0 0.0804824189853475 0.378839567668989 0.658497749344593 0.687124462166139 0.690586216549679 0.649869670577861 0.569307782190637 0.56798040479535 0.591723909135978 0.596184321997129 0.591400950708705 0.573360865025443 0.542054864782384 0.512976998066003 0.501534211305164 0.500281771590998 0.497056037626999 0.491762564383237 0.493484194868579 0.511963096665264 0.543389814892549 0.602845779500405 0.674783157161862 0.70313519328671 0.689816334166607
-9999 -9999 -9999 -9999 -9999 -9999 -9999 -9999 -9999 -9999 -9999 -9999 -9999 -9999 -9999 -9999 -9999 -9999 -9999 -9999 -9999 -9999 -9999 -9999 0.403932863229602 0.119472451250538 0 0 0 0 0 0 0 0 0 0.123140267254207 0.433760450771035 0.65132480099321 0.677751147941775 0.666877966140791 0.550525830664966 0.562291447950497 0.593459370741795 0.590389673516093 0.597019120090666 0.580521424862096 0.542420225120451 0.515343129656633 0.499219359828618 0.495365319872336 0.493433748326488 0.490320476014594 0.499048676039588 0.521553298339628 0.549579620602574 0.609564722598157 0.68158623369526 0.696706016008582 0.691936959198932
-9999 -9999 -9999 -9999 -9999 -9999 -9999 -9999 -9999 -9999 -9999 -9999 -9999 -9999 -9999 -9999 -9999 -9999 -9999 -9999 -9999 -9999 -9999 -9999 0.480969509651561 0.345390010583497 0.0106581617624958 0 0 0 0 0 0 0 0 0 0.287917404835463 0.597671114523023 0.656888029603744 0.690582502803196 0.581852308552274 0.555897606750857 0.573961028039487 0.570248144017777 0.570782569515659 0.55574452059279 0.528365081069397 0.504265531226941 0.48638792151536 0.480344387843142 0.484351853560895 0.496192188005856 0.517262797441587 0.547104105842649 0.580917622953468 0.630782552314967 0.681524840456416 0.702208575643923 0.700992513147724
-9999 -9999 -9999 -9999 -9999 -9999 -9999 -9999 -9999 -9999 -9999 -9999 -9999 -9999 -9999 -9999 -9999 -9999 -9999 -9999 -9999 -9999 -9999 -9999 -9999 0.505443077364324 0.191781646125181 0 0 0 0 0 0 0 0 0 0.189416484829993 0.502131811857156 0.628805266838293 0.634912851860805 0.614713621821133 0.565826706160337 0.54260299349816 0.537496063963463 0.529529612016562 0.516154142280551 0.504261169307888 0.484275994099104 0.474504916123141 0.462866103220514 0.475436849611241 0.506732291275723 0.540680220767793 0.584610779104679 0.623222548307647 0.656446196356968 0.680611986505043 0.698487946714373 0.708471695400757
-9999 -9999 -9999 -9999 -9999 -9999 -9999 -9999 -9999 -9999 -9999 -9999 -9999 -9999 -9999 -9999 -9999 -9999 -9999 -9999 -9999 -9999 -9999 -9999 -9999 0.484995050966171 0.290805334851934 0 0 0 0 0 0 0 0 0 0.156333798656154 0.45477539612146 0.592606130840654 0.595537850231304 0.613331986077058 0.580975276144429 0.555162793192134 0.51633026854492 0.491431058535212 0.478017967798673 0.486838906015706 0.488779391048314 0.478636981006886 0.465207840701658 0.484692272895681 0.527229844223698 0.577646977541828 0.632163476787324 0.649951269582888 0.653679664900621 0.681582066915466 0.686409122470757 0.696682610605466
-9999 -9999 -9999 -9999 -9999 -9999 -9999 -9999 -9999 -9999 -9999 -9999 -9999 -9999 -9999 -9999 -9999 -9999 -9999 -9999 -9999 -9999 -9999 -9999 -9999 0.446867278778824 0.349334195396729 0.0056907673279385 0 0 0 0 0 0 0 0 0.136386420865251 0.420080145080339 0.55420165091644 0.559442080682704 0.568108255133959 0.574830542505905 0.570793233944648 0.517990448455778 0.468742062459549 0.453873449172937 0.483678790486156 0.51137124731898 0.492248823533316 0.476857318033274 0.505941456386554 0.561088603564693 0.617613041017718 0.660225632684462 0.62775760834484 0.63118754577382 0.671188387960574 0.677480507922319 0.68592219734517
-9999 -9999 -9999 -9999 -9999 -9999 -9999 -9999 -9999 -9999 -9999 -9999 -9999 -9999 -9999 -9999 -9999 -9999 -9999 -9999 -9999 -9999 -9999 -9999 -9999 0.448457352375381 0.32853627646875 0 0 0 0 0 0 0 0 0 0.173466680153773 0.452555514516469 0.519082736147741 0.528283126209355 0.530018703943101 0.520877930881145 0.532570502521134 0.537001416168249 0.501849597017559 0.485043881501081 0.493891939475705 0.506020539875471 0.509730777636886 0.516507298948224 0.552956976460611 0.607454012461637 0.661380378019606 0.655804361411743 0.634410131852249 0.635836756194938 0.661047043678934 0.686331824369926 0.692254219255591
-9999 -9999 -9999 -9999 -9999 -9999 -9999 -9999 -9999 -9999 -9999 -9999 -9999 -9999 -9999 -9999 -9999 -9999 -9999 -9999 -9999 -9999 -9999 -9999 -9999 0.438464150100065 0.283260813672557 0 0 0 0 0 0 0 0 0 0.210624541025447 0.481400677923373 0.497082153347231 0.511865668605636 0.511090238340064 0.490561663380077 0.485817132455361 0.552625824914043 0.534189544083091 0.519791312384787 0.514791785734597 0.513042638552621 0.539111517664901 0.5600885553366 0.601595006930225 0.654820334031703 0.672539764220451 0.653034967606126 0.637874548006737 0.636332273051133 0.65052642432182 0.669002940620256 0.668006925940134
-9999 -9999 -9999 -9999 -9999 -9999 -9999 -9999 -9999 -9999 -9999 -9999 -9999 -9999 -9999 -9999 -9999 -9999 -9999 -9999 -9999 -9999 -9999 -9999 -9999 0.442927092343904 0.225115594714033 0 0 0 0 0 0 0 0 0.0306475158573289 0.266798262985921 0.50605608066415 0.497547356937239 0.507586477694268 0.50339909969084 0.483218540671648 0.489248179460842 0.561206307317887 0.542248041783921 0.53249193282036 0.548806965521632 0.572431207321197 0.583033696177519 0.604018787301382 0.642767690123272 0.665840556646033 0.657379662942188 0.643995181163829 0.629497624384587 0.623636359281841 0.628684359379338 0.632782219418571 0.630158750080869
-9999 -9999 -9999 -9999 -9999 -9999 -9999 -9999 -9999 -9999 -9999 -9999 -9999 -9999 -9999 -9999 -9999 -9999 -9999 -9999 -9999 -9999 -9999 -9999 -9999 0.425749831519193 0.178534996340332 0 0 0 0 0 0 0 0 0.0901711056470247 0.314800994720424 0.514527151549172 0.507375157940332 0.517673619467041 0.510740176049167 0.484914828483423 0.485286718508749 0.574568536933648 0.557631952516917 0.551389305399233 0.583633691595078 0.617969518742061 0.616312492291389 0.629587642299615 0.65798620414425 0.655417437534329 0.644620181959632 0.63280292848161 0.619324381294383 0.609291208594986 0.606026040244643 0.596728462195486 0.589454615259199
-9999 -9999 -9999 -9999 -9999 -9999 -9999 -9999 -9999 -9999 -9999 -9999 -9999 -9999 -9999 -9999 -9999 -9999 -9999 -9999 -9999 -9999 -9999 -9999 0.464483017380655 0.424924280767481 0.158579580533783 0 0 0 0 0 0 0 0 0.163065388672899 0.385069724438079 0.531785386198408 0.519983266616257 0.537014765674117 0.527277822615582 0.488303038560087 0.491504348660708 0.562254720687156 0.605779220783517 0.598568549597743 0.61692757139263 0.632797904461756 0.633006760555541 0.629198178940695 0.651387046415889 0.643779996081922 0.633059640828268 0.624006991180807 0.614495662010629 0.604619079052718 0.596657522058593 0.582282922120038 0.570598845106698
-9999 -9999 -9999 -9999 -9999 -9999 -9999 -9999 -9999 -9999 -9999 -9999 -9999 -9999 -9999 -9999 -9999 -9999 -9999 -9999 -9999 -9999 -9999 -9999 0.465787540284971 0.444347670082343 0.14263692076036 0 0 0 0 0 0 0 0 0.230324228852736 0.43470238712305 0.524317845403737 0.517271989153556 0.534099808164531 0.521567687289086 0.477516727168902 0.472817898063146 0.531316089908196 0.604843146809886 0.635158459347573 0.633490629444559 0.630040213356403 0.631740663595868 0.639462342883513 0.637904261010228 0.625827788027718 0.618081337293127 0.615597901966673 0.613934567970625 0.608591356859872 0.599942878031652 0.584308972429692 0.576164335313048
