meets/meet006/_saidas_enm/CCSM_SVM_0k_T_subalaris2.asc
NCOLS 154 
NROWS 168 
XLLCORNER -112 
YLLCORNER -55.5 
CELLSIZE 0.5 
NODATA_value -9999 
[rows 50 to 74 of 168, columns 55 to 109 of 154]
-9999 -9999 -9999 -9999 -9999 -9999 -9999 -9999 -9999 -9999 -9999 -9999 -9999 -9999 0.106021092589556 0.0842862641593432 0.0893228596109356 0.0941183054864091 0.0180647146887711 -0.0360152803175853 -0.0483820543833846 -0.0610358336555885 -0.0578160493951372 -0.0501934046911772 -0.0381464368726004 0.00791755498921426 0.0483112433977154 0.0771293437881992 0.0967341005939468 0.0806608061846494 0.0666560508403826 0.0614325876869564 0.0651574347860724 0.0790989123386008 0.0950027327967375 0.0507301940286826 0.0973173489090555 0.209707767103777 0.281297461197673 0.320234554200716 0.309784348059865 0.234239350041168 0.246985238550151 0.176890006562756 0.0440627845251305 -0.0807278322848078 -0.0536424299336382 -0.0788865709129071 -0.0786267425042586 -0.0767606543302726 -0.0930294002981067 -0.0890265271856749 -0.0645834539549409 -0.0877935045679392 -0.074070827090125
-9999 -9999 -9999 -9999 -9999 -9999 -9999 -9999 -9999 -9999 -9999 -9999 -9999 -9999 0.0791916556644327 0.0809879115106724 0.0788544285679386 0.0772158638455926 0.0283519981351611 -0.00834452790349394 -0.0181859007412946 -0.014984425705404 0.00738345482522973 0.00857026001355105 0.0214250151098048 0.0463805737375266 0.0694349303023438 0.0639222951236068 0.0540896132483284 0.0482440891964737 0.0499043584439853 0.0529102197482508 0.0533283656130095 0.0595776983440014 0.085737069535012 0.0708974196673012 0.0346615069263544 0.0971722863975611 0.188947972366296 0.205212348475073 0.205629011628134 0.175764527730971 0.142274055105357 0.0804242404388567 -0.00798945076067092 -0.0860768421407636 -0.115797761928237 -0.119622097782915 -0.12722458170539 -0.122830881617151 -0.102603344724969 -0.0783333634738802 -0.0690861691444523 -0.0696959324348775 -0.0498564908015131
-9999 -9999 -9999 -9999 -9999 -9999 -9999 -9999 -9999 -9999 -9999 -9999 0.0694128331258368 0.0741511847824789 0.087627033655235 0.0990651929747267 0.078841638916698 0.0661176532336305 0.0398618609272082 0.0201617289224468 0.0344078431686962 0.0448126487942827 0.0615065161862112 0.0713323858969175 0.0721970629467565 0.0665598954228068 0.0545737973016058 0.0485732541436365 0.0466307528025662 0.0500212451630302 0.0584242561708295 0.0633689648730985 0.0552776350182955 0.0511407997484031 0.0666269277222465 0.0791760040237303 0.029587133822045 0.0151672709447663 0.0655316426487365 0.11193035545565 0.112509747629327 0.120380330286672 0.0731824096202875 0.0322324778626549 -0.021637337295935 -0.0677165437430849 -0.0861533802455527 -0.11722738054583 -0.119874690120013 -0.115911536858243 -0.0817105625904399 -0.0580640303017782 -0.0585587177358455 -0.0421243662911422 -0.0257966660998765
-9999 -9999 -9999 -9999 -9999 -9999 -9999 -9999 -9999 -9999 -9999 0.0596702561728383 0.0694357448771164 0.0880311738084556 0.0802323625252563 0.071570672682579 0.0678442097325852 0.0659758957790518 0.059227970225075 0.0564164188826308 0.0719503695077626 0.0801958140853762 0.0821492154905606 0.0754721291231928 0.0661755653221224 0.0559072059189056 0.0488409390823253 0.0490822340128877 0.0552539533204591 0.0648243003214653 0.0731337219152457 0.0741331005853419 0.0609716253207039 0.0491236830438507 0.0561267606863741 0.0807173243182167 0.0366592800334409 -0.0167059425449814 -0.0317043684926552 -0.0136321528456113 -0.00749273572208997 0.00172949797900707 -0.0124273768090131 -0.0288446536520132 -0.0568718249039366 -0.0903983337713752 -0.103629446544533 -0.109978719234739 -0.100159194501001 -0.0734262302779851 -0.0626958274881559 -0.0506396804458453 -0.0336630570668298 -0.0256461632088871 -0.00584611208255326
-9999 -9999 -9999 -9999 -9999 -9999 -9999 -9999 -9999 -9999 -9999 0.0482334946024668 0.063719348082149 0.047123492935373 0.0554460708491951 0.0672354074142933 0.0625475247769694 0.0611892296626316 0.0730293328852806 0.0734790513198891 0.0810711810726084 0.0830082057963583 0.0746196299231794 0.0671303533018981 0.0589829846110813 0.05427674720599 0.0552572861661025 0.0628062768808555 0.0731745236410865 0.0746920210974703 0.0704921776173857 0.0743272474952564 0.0659399513246804 0.0498472099731752 0.0494866837488753 0.0707281304700503 0.0477667038618331 -0.00721497164808238 -0.055424896234564 -0.0755029615759251 -0.0824046454398244 -0.0853032511415033 -0.0886550189154678 -0.093818579517951 -0.102737373178284 -0.105144241308122 -0.0967410077642442 -0.0644938253647958 -0.0643380692439434 -0.0715164194757316 -0.0505874163190444 0.000733389587380229 0.0121916640431576 0.00231030097755641 0.0161409378472502
-9999 -9999 -9999 -9999 -9999 -9999 -9999 -9999 -9999 0.0460166046033306 0.0255245595631277 0.0460236289663679 0.0297685640363244 0.0134705939819451 0.0450934643455574 0.0682965541249785 0.0558010855664463 0.0547422290987389 0.0674797489991406 0.0763059489266757 0.0739919373406817 0.0673935491795637 0.0645531016296546 0.0593541044131577 0.0564984893315504 0.0600206128197309 0.059140968702402 0.0586443207628941 0.0561124236492072 0.0555748024000594 0.0564617153928477 0.0552605815698095 0.0539876348443257 0.0515908671833339 0.0464906706906577 0.0622144834611455 0.0652782302461988 0.0265894397147817 -0.0203846577832953 -0.0563447666366805 -0.0719324016963286 -0.0799669153560296 -0.0788465398165769 -0.0828881500930101 -0.0721390518181196 -0.0427066852218398 -0.0589385494151843 -0.0702539788688264 -0.0649000361298682 -0.0452024121050448 0.0017046518210842 0.0448947192554819 0.0501368510764645 0.0262248866325255 0.0282783646038087
-9999 -9999 -9999 -9999 -9999 -9999 -9999 -9999 -9999 0.0261679762409638 0.0554535622497652 0.245112816711718 0.111274248390056 0.0148935008738195 0.0500478062281525 0.0658754409357807 0.0502218285359224 0.0487526053922071 0.0642611295576591 0.070514245956313 0.0674871441060217 0.0622604941694105 0.0589925880855713 0.0557049569130652 0.0527668109348886 0.0509826831534191 0.0489962917547734 0.0475491158405645 0.0466899418165701 0.0463405453618325 0.0464089519888859 0.0461426463872419 0.0457674334249286 0.0453588295778566 0.0462073336635554 0.055502505776188 0.0731632739309183 0.0701117841217532 0.045443321134711 0.0230759008830855 0.0181454269229521 0.0240706690490594 0.0367926838677926 0.0395725648176853 0.00899873836422388 -0.017524629988339 -0.038940676039547 -0.0351862180060154 -0.0226507335363497 0.0120967218831944 0.0475106503795285 0.0752108028480194 0.0721903625272081 0.051517399154846 0.0500142554767754
-9999 -9999 -9999 -9999 -9999 -9999 -9999 -9999 0.0332455073817774 0.0395638940843147 0.185192642420958 0.542957995207693 0.314665869824889 0.0691221360695187 0.0407902778664027 0.052632303116947 0.0456977528033538 0.0450536241243383 0.0627578976403295 0.0643863405328363 0.0611946528452885 0.0569214131969531 0.0539688468940606 0.0510424617199579 0.0492610459867142 0.0481185221346571 0.0470622018098408 0.0463099459339443 0.0451017768621111 0.0449336311877336 0.0460409721025344 0.047519623641592 0.0462083480530734 0.0451967234751706 0.0449126462294882 0.04694309395949 0.0607082051989001 0.078213100959023 0.0891630178017748 0.0908015938175838 0.0965275703963989 0.0923133306760141 0.0802577413303629 0.0596245715053588 0.0243983453525509 -0.00160956561572922 -0.00959700539172281 0.00121606628406901 0.0231326391284224 0.0487809300099805 0.0686221860953881 0.0816693330027324 0.0765578478528133 0.0697908102395055 0.0721511318416485
-9999 -9999 -9999 -9999 -9999 -9999 -9999 -9999 0.0403721213082016 0.0634197651738412 0.360379510769324 0.741195982361715 0.449144197234405 0.0513050376577314 0.0136046171895094 0.0362490433383936 0.0370130187838025 0.0463519611528211 0.0543580957423854 0.0539724310972854 0.0554902342956929 0.0537178106035347 0.0507259818434601 0.0465912336948012 0.045155496446929 0.0464663888976669 0.0462254360051386 0.0457540534207129 0.0442905561059658 0.0458288371305557 0.0503617460378414 0.0521096918858058 0.0527051929862504 0.0481892439415985 0.0463231221557057 0.0461613564957891 0.0451159559288381 0.0529446338626306 0.0612745668895517 0.066154046890616 0.0680702596436358 0.0598826666457652 0.0448736660854978 0.0247834573945634 0.0112778569926872 0.015097188087129 0.0286688024141425 0.0436799081720004 0.0577494399686965 0.0700557995078461 0.0764494787462878 0.082345222005513 0.0772739236925612 0.0770775993450866 0.0803581124718504
-9999 -9999 -9999 -9999 -9999 -9999 -9999 0.0500159973653562 0.0704332564412955 0.130493818750799 0.512457188705983 0.868423333684728 0.468602074067989 -0.0223987643646785 0.0131858755015883 0.0314998215336232 0.0301822566374659 0.0317903948166965 0.0387719696435257 0.0367560495221185 0.0423923415071188 0.044784053896802 0.040784312512989 0.0384657347323186 0.0370807496904942 0.0382348012103488 0.0407761544019946 0.038556905007563 0.0369332047563392 0.0383379196480546 0.0414054334100162 0.0454122530943288 0.0472968946004335 0.0482484034943839 0.0481404154095908 0.0460776202491728 0.0439176746074841 0.0427759626294019 0.0422059430042608 0.0379772947973804 0.0359359609933518 0.0318732010077825 0.0245823970479311 0.0186428248441479 0.016451634571624 0.0266569771499714 0.0424722299810055 0.0542514975090625 0.0659823876914439 0.0755399706552997 0.0829853305746872 0.090907934459778 0.0879107065829762 0.090397501661112 0.0782435970754083
-9999 -9999 -9999 -9999 -9999 -9999 -9999 0.0629295702768721 0.0705862389066046 0.158057101354284 0.505652258004865 0.758182862720143 0.357661727291538 -0.0409226557601058 -0.00396466686648833 0.0144528447082167 0.0169573302357078 0.0205252717198061 0.0232884264579389 0.0186932882004279 0.0256528533232153 0.0320888129217445 0.0282825242325249 0.0240223291243106 0.0235361284964458 0.0285473508705913 0.0338363166972367 0.0289474695996874 0.0211021900993935 0.0194399272677438 0.0225147445109085 0.0262639509866723 0.0287164692091279 0.0304791276633506 0.0330416632256257 0.0370046911752607 0.0386050333483796 0.0382772796334624 0.0349389746884333 0.0282679056102417 0.0227394036300027 0.014385783421394 0.0061839361939961 0.00171112430417403 0.00931878290623667 0.0265496204941944 0.0506584949017855 0.0648567773779242 0.0769155235422168 0.0856641341178977 0.0916216299402314 0.094616612772657 0.0852942193011537 0.0718287931072279 0.0462288410169245
-9999 -9999 -9999 -9999 -9999 -9999 -9999 0.0744508708032476 0.0646149651377555 0.152845437998483 0.431428189992128 0.606396022334985 0.281141582920944 -0.0529022383693994 -0.0243385645120628 -0.00461582227355328 0.00816484273629009 0.0098715137734236 0.0083383655132922 0.000668620132408537 0.00534544413253007 0.0126240303925093 0.00393000274712951 -0.0032900997750559 -0.00505672847980776 0.00282844118240871 0.010030167798195 0.00383904540163155 -0.00358935640445901 -0.0109144640441505 -0.00775996750565899 -0.00342604268437652 -0.00150384626019862 0.00261319394298221 0.00587904548358131 0.0121191348468601 0.0212301779969664 0.0186225989296712 0.0143286164736768 0.00326918957465017 -0.00509284351674433 -0.0130068541737994 -0.0125980531518509 -0.00435231744213327 0.0135210676154517 0.0367157567230357 0.0615298858671562 0.0758928869745207 0.0864688603446281 0.0899918886573915 0.0907790204612577 0.0855564668021644 0.0632347863066341 0.0258021925180572 0.00394060529046625
-9999 -9999 -9999 -9999 -9999 -9999 -9999 -9999 0.0461250517813529 0.119719160167465 0.347018709960107 0.508607817902859 0.274742074015618 -0.0507939011277295 -0.0486522652822421 -0.028291670502945 -0.00993067937736181 -0.00577324476804419 -0.0145387460396791 -0.0257084859573415 -0.0280353732052168 -0.0279805463672609 -0.0358315886188787 -0.0422415885418694 -0.0450797295966756 -0.0417135008264052 -0.0366406582254918 -0.0404987471357298 -0.0455271484477964 -0.0513777053478705 -0.0522803241248508 -0.0480184055995371 -0.0445589395763225 -0.0386118480381958 -0.0354339327096629 -0.0320428149631362 -0.0272068241525646 -0.0260207428087434 -0.0260236431739503 -0.0355873918401081 -0.0421829659525937 -0.0374199699816846 -0.0232971507891725 0.0014250772861249 0.0304209874393112 0.0541180570452188 0.0746306627726976 0.0840627430853663 0.0861659862014049 0.0835660427885915 0.0794695819024985 0.0641393152146132 0.0340708310403066 -0.00576457665904717 -0.0341355296455437
-9999 -9999 -9999 -9999 -9999 -9999 -9999 -9999 -9999 0.0747871268071942 0.281765899811726 0.584272469692935 0.291232810391186 -0.0420952756269031 -0.0521241936319979 -0.0372110595897553 -0.0206832352318265 -0.0241728158504471 -0.0368463400508657 -0.0509519710842363 -0.0561416775048803 -0.0609744028452003 -0.0680163908945268 -0.0751269534388492 -0.0788315226263134 -0.0778107755727969 -0.0783164987878401 -0.0799343339131113 -0.0825541006042235 -0.084706213158967 -0.0837844177576705 -0.0836343015528158 -0.0783314082591001 -0.0744810274122991 -0.0718241721913319 -0.069055007119469 -0.0690210410623546 -0.0670913271819825 -0.0677999214424522 -0.0673292141830077 -0.0595262638774404 -0.0394658569331815 -0.00850374734409554 0.0292481932390071 0.0552656193915134 0.068520100491863 0.0757798320116558 0.0677163788030063 0.0506274808042887 0.0392863010427195 0.0353020754541753 0.0158292285238887 0.0025385573243093 -0.0216298586767149 -0.0436021984827291
-9999 -9999 -9999 -9999 -9999 -9999 -9999 0.0239303115175933 -0.0536924812584625 0.0268678275160295 0.286568930059918 0.458131101919286 0.244764465383217 -0.0280826905913044 -0.0498780433482549 -0.0387247959001119 -0.0313145196584135 -0.0377219178445287 -0.050920043932014 -0.0658721067662221 -0.0756827383562094 -0.0822412310237504 -0.0887438258816328 -0.0935156433626934 -0.0968838637347423 -0.0990111003620496 -0.0997675318071813 -0.0985004503309317 -0.0966965648595381 -0.0948659237444806 -0.0925747455951579 -0.091554924021701 -0.0909225290163792 -0.0897787692107918 -0.0892214266512229 -0.0888077155851228 -0.0868581634018438 -0.0852151104753043 -0.0814750603649711 -0.0789981144929569 -0.0656202418269691 -0.0390415257324406 -0.0123837463601989 0.0123940705636146 0.0317675120985886 0.0418666177110059 0.0425456208182564 0.0337319088023972 0.0187790454166182 0.00819853813898674 0.00359943029090681 -0.00427822967279068 -0.0151628443735926 -0.0295479154149029 -0.0464541765495278
-9999 -9999 -9999 -9999 -9999 -9999 0.154415517722098 -0.0502607375634145 -0.0844906592282793 0.107057764746756 0.33316175313674 0.453316279002691 0.217371242206529 -0.00792513058221955 -0.030094373120675 -0.00838784366944323 -0.00822357322722334 -0.0308883100702381 -0.0563435084926628 -0.0719024657902489 -0.0753716142708964 -0.0809432772336801 -0.0839012263245666 -0.0927764695650628 -0.0942236407655963 -0.0856738126844125 -0.0774659372030514 -0.0724341737717563 -0.0699799438090346 -0.0662156794702429 -0.0628481935419003 -0.0650218678773621 -0.0637571922351741 -0.067610706348125 -0.0713788129629392 -0.0747056575317903 -0.0803063631603809 -0.0734017862331664 -0.0697344687605429 -0.0708355272353668 -0.0660554570789353 -0.0449525344914579 -0.0191550240218251 -0.00407238296366985 0.0110920582519548 0.0190458247787277 0.0200401129404616 0.0133409624067937 -0.000387625177906026 -0.00929561082550368 -0.0100103784419431 -0.0123835048791039 -0.0232868278998721 -0.0305418786745435 -0.046287480883819
-9999 -9999 -9999 -9999 -9999 -9999 0.113099025293703 -0.0741353496677574 -0.0416712770424424 0.186670030056841 0.343701892526881 0.33288208260858 0.208501436137643 0.0886941972972093 0.0637826231622213 0.0603289180031835 0.0455913209361452 0.00295565131144992 -0.0319202754065101 -0.0519730143257515 -0.0525001779852482 -0.0467702945086853 -0.0491275132653723 -0.0552247687911388 -0.0510826994160646 -0.0383407928703194 -0.025118836216662 -0.0133882000648813 -0.00776663164887503 -0.00190687255151301 0.00187113502340741 0.00162379524030115 -0.00283624074542677 -0.0112392585142433 -0.0205278752596738 -0.0335159982078117 -0.0418762454205561 -0.0403259818215297 -0.0390933377283796 -0.0463367819286192 -0.0560068119723361 -0.0381539614064499 -0.018975199564273 -0.00519065073539071 0.00590422943201663 0.012198239256964 0.0106255721362882 0.00642069886703461 -0.00312158216186387 -0.0102192438918212 -0.0134824093742515 -0.0198277369484937 -0.0248966429623062 -0.0332803749301014 -0.044112530956214
-9999 -9999 -9999 -9999 -9999 -9999 -9999 -0.0369161738541739 0.00758215376408133 0.24187190766129 0.286458210034705 0.298723287149516 0.245583508142585 0.171062867509196 0.156482787601827 0.123313955756321 0.110027182113187 0.0433296671602667 0.0122621305457098 -0.00588498210934818 0.000496486242553162 0.0233363057116905 0.0120889161275357 0.0118950653484274 0.020411456012662 0.0332658193857455 0.0486770717076502 0.0615792180612066 0.0716565714237766 0.0780597733235943 0.0820503581885866 0.0863332768082006 0.0731483457532711 0.0636577947521236 0.0514514882891533 0.031822214639351 0.0181437553277669 0.0175559851923865 0.014086794809 -8.04412438760727e-05 -0.0248610318591482 -0.0224730425590487 -0.00481570803489029 0.00553027563870406 0.0145934646195311 0.0174731593550998 0.0153364456829623 0.0147992083458333 0.00782869255143037 0.00166213984592384 -0.0028386876078893 -0.0148360912638651 -0.0166888857481639 -0.0247760882915502 -0.0335725850866294
-9999 -9999 -9999 -9999 -9999 -9999 -9999 0.00515396383093042 -0.00341842471629716 0.180193827581473 0.324726938229137 0.376693990764344 0.319827146450633 0.178539762689102 0.114738279608578 0.106392633509249 0.0867185876412939 0.0757271508395739 0.0666056414565719 0.0461689208306363 0.0499163359844149 0.0858002594582065 0.0948818803268127 0.10166789189515 0.106196239879158 0.111617200169008 0.124974640681961 0.139018856138536 0.151813813539879 0.156330445066285 0.152750482421079 0.148418535542353 0.142610140360841 0.134064073644724 0.124285600703799 0.110391031755782 0.0979143086707069 0.0951575962122058 0.0884493529324581 0.0677454278532886 0.0358523850551818 0.00953851248458781 0.0219989529331744 0.0299423091367702 0.0364263288132937 0.0396793288492879 0.0384085798071936 0.0380140326575719 0.034698847179808 0.0296450206225359 0.0228808210663027 0.0157966473987123 0.0079864530781022 -0.00082383511204065 -0.00802604637522042
-9999 -9999 -9999 -9999 -9999 -9999 -9999 0.0760582302070582 -0.0227710592825425 0.068755135788065 0.306848172207469 0.48328418721275 0.403070351698226 0.191543506228897 0.0989836373867813 0.0827564985062432 0.0709775324361966 0.0832266193356509 0.0817406273428545 0.0549283058195674 0.0649453260247631 0.135727077136769 0.164219541275724 0.171101567597193 0.16997133791726 0.169847014129127 0.186602113531128 0.196980614379112 0.205884334096897 0.206855280689758 0.201389878135484 0.201377478504509 0.200292737267121 0.195890047301581 0.192036945200908 0.186915647935543 0.178098006613419 0.177709233151211 0.16957990678348 0.147671632383013 0.112986274029081 0.0747418606617366 0.0677549184704023 0.0693773128926318 0.0736896084585766 0.0769612593185734 0.0724051892510263 0.0735456214694797 0.0697903448044107 0.0630390068072395 0.0532547454885261 0.0437913271930226 0.0352751160249146 0.0259251540874962 0.0153662774921139
-9999 -9999 -9999 -9999 -9999 -9999 -9999 -9999 -9999 -0.0452954810091024 0.198510862337172 0.627407842487322 0.497767823693031 0.18343772667303 0.118140573682838 0.110678839971436 0.123145204578241 0.103382782338353 0.0506936015919291 0.0139436211543102 0.0624222284040343 0.179334935949078 0.211996098173053 0.19528474829852 0.190105858005856 0.199341113078932 0.218709934241009 0.222812523266351 0.219353858529404 0.217218123163725 0.221491969489987 0.232690031375189 0.230741918594127 0.231130900119509 0.235292412241776 0.239066749912125 0.2451204237363 0.24324353405803 0.237283540128551 0.219572505629338 0.1900843331427 0.159960286568743 0.134208984806789 0.121107574632637 0.120481979774967 0.115429567685666 0.110768653492063 0.105966165100065 0.100562717980223 0.0905988659563075 0.0739771166249406 0.0623416758303579 0.0546592253398165 0.0498616533176154 0.0463834148783063
-9999 -9999 -9999 -9999 -9999 -9999 -9999 -9999 -9999 0.13911142100653 0.106562738940176 0.707750590159928 0.535862479949151 0.152431350978309 0.110658671004842 0.137366227997844 0.173339706829033 0.154390030850216 0.0569250821042405 0.00461008265266521 0.0691293528065352 0.215448645123735 0.236790927673725 0.215623310636115 0.203301442528307 0.202497237845715 0.226578263898735 0.222290809727475 0.209266220885441 0.203119484678876 0.210080328360747 0.226419995479316 0.22296633202031 0.221890878179734 0.231194719519361 0.249282038527404 0.270548377961582 0.277353248810404 0.278086448760774 0.270271707688503 0.252792870425526 0.231071616499611 0.209651902573023 0.18996201273999 0.171469550516149 0.156729678447052 0.146377804654575 0.146060022414051 0.145814513396762 0.138087339366389 0.120093449112763 0.104672196386421 0.094466431706845 0.0892925549906853 0.083898722819239
-9999 -9999 -9999 -9999 -9999 -9999 -9999 -9999 -9999 -9999 0.0417921764994396 0.527111815607922 0.412221238621092 0.0722411188417745 0.078031159505444 0.151275008369835 0.23656009787487 0.263117701890505 0.127929460553954 0.0389916074040372 0.104655423293393 0.240612952650892 0.262980195886173 0.220726852745377 0.204093552461607 0.215732471654591 0.226259989458493 0.217165732343536 0.193606714332033 0.17993261411306 0.186111330934299 0.196106952503382 0.189567306040811 0.180923342010668 0.191835662988542 0.219416196144022 0.250935654751697 0.265870208934666 0.275493316873339 0.281954989334537 0.278147217214647 0.272139313046634 0.256562011499019 0.241444837466345 0.227968605936807 0.210665697992139 0.202589370573383 0.20528560244816 0.206831056038058 0.193226237006508 0.16254928179606 0.134339081963312 0.112729043507223 0.0960643707431243 0.089805785002761
-9999 -9999 -9999 -9999 -9999 -9999 -9999 -9999 -9999 -9999 -9999 0.175850551315446 0.151753541237406 0.0458141752609729 0.0823711813945332 0.180440602349998 0.319517380467985 0.439701187989479 0.277954516825463 0.132820362474826 0.177179922154152 0.269470997183508 0.266536049600774 0.228847874762494 0.210509124089215 0.217670276182326 0.228293760020842 0.2124755794462 0.184267385467448 0.166052884756378 0.160282410475315 0.157840607353256 0.14682215739431 0.135479256027207 0.141600091894948 0.16722394406926 0.197481830103584 0.218469347514558 0.235737681665602 0.252774350130328 0.265711968516421 0.27484280280851 0.273426903913037 0.267707169316622 0.263609230558584 0.256142265484045 0.253670890900912 0.257038192477406 0.252730011516149 0.232560818652525 0.192687262556202 0.156470822657284 0.128463354833745 0.104419202848478 0.0951190665507567
-9999 -9999 -9999 -9999 -9999 -9999 -9999 -9999 -9999 -9999 -9999 -9999 -0.0176176624798423 0.0735580154550101 0.147313708326887 0.239632128916281 0.387590297575474 0.60701708884184 0.520151862255245 0.304266395534948 0.277935205201746 0.284718016532401 0.265595394506857 0.245630492908903 0.220618603474437 0.22210125861959 0.223722714825765 0.203073700970051 0.17371788291451 0.151706270468335 0.138109493611241 0.12715445167611 0.113397096565214 0.0983515492611967 0.100420523668653 0.116257334731285 0.135292959441253 0.16230854369844 0.178596425111834 0.205079676330234 0.232119397491611 0.248853742132639 0.266549771536924 0.270677504042599 0.279799864194854 0.288208435090169 0.294184105515657 0.292773505989181 0.28173236684915 0.259205108394449 0.218479257602142 0.179643593196366 0.155011643026638 0.134601288090825 0.116313280278285
