meets/meet006/_saidas_enm/CCSM_Maxent_0k_S_lineola4.asc
NCOLS 154 
NROWS 168 
XLLCORNER -112 
YLLCORNER -55.5 
CELLSIZE 0.5 
NODATA_value -9999 
[rows 75 to 99 of 168, columns 56 to 111 of 154]
-9999 -9999 -9999 -9999 -9999 -9999 -9999 -9999 -9999 -9999 -9999 0.737629294395447 0.463693112134933 0.279929846525192 0.271297723054886 0.319961994886398 0.408719331026077 0.449342668056488 0.349250674247742 0.295010149478912 0.255545288324356 0.226939812302589 0.208643451333046 0.201266452670097 0.207471370697021 0.211323201656342 0.211308479309082 0.210633680224419 0.210337176918983 0.212718546390533 0.214274168014526 0.216039821505547 0.218529298901558 0.224288046360016 0.234296545386314 0.244578137993813 0.257043778896332 0.269360482692719 0.285252541303635 0.304329752922058 0.322124630212784 0.341416627168655 0.358064264059067 0.37682917714119 0.393037974834442 0.397874087095261 0.40000981092453 0.398762404918671 0.397759169340134 0.397199422121048 0.398628979921341 0.397502899169922 0.395308196544647 0.389534592628479 0.323848992586136 0.316991418600082
-9999 -9999 -9999 -9999 -9999 -9999 -9999 -9999 -9999 -9999 -9999 0.746982395648956 0.505591154098511 0.305484354496002 0.289628058671951 0.31159034371376 0.375229984521866 0.529346108436584 0.463800817728043 0.416744649410248 0.28760826587677 0.254792064428329 0.230601087212563 0.212986990809441 0.21252553164959 0.208040833473206 0.209007695317268 0.208355784416199 0.206709906458855 0.207444489002228 0.207152158021927 0.207882016897202 0.212312325835228 0.217990174889565 0.227379739284515 0.239981427788734 0.248189106583595 0.261702507734299 0.277277886867523 0.296109169721603 0.320330232381821 0.334379374980927 0.354041695594788 0.373136848211288 0.389983236789703 0.406187474727631 0.405862599611282 0.40484893321991 0.405509412288666 0.399485498666763 0.394989520311356 0.387748718261719 0.32154056429863 0.313546419143677 0.304827332496643 0.296825885772705
-9999 -9999 -9999 -9999 -9999 -9999 -9999 -9999 -9999 -9999 -9999 -9999 0.580516636371613 0.382298558950424 0.329143941402435 0.319151997566223 0.345459997653961 0.402759969234467 0.53584086894989 0.505499064922333 0.42973604798317 0.331640660762787 0.262900173664093 0.225443363189697 0.22444561123848 0.220677077770233 0.215890407562256 0.209300011396408 0.203433245420456 0.20110122859478 0.20018607378006 0.20019268989563 0.203183993697166 0.208355098962784 0.217380791902542 0.228403896093369 0.237378895282745 0.24869130551815 0.263323098421097 0.28128707408905 0.302254170179367 0.318846970796585 0.334773600101471 0.353344887495041 0.371508985757828 0.391051322221756 0.398740857839584 0.397406041622162 0.394530057907104 0.385219633579254 0.321104884147644 0.311793029308319 0.303474843502045 0.296518683433533 0.287263780832291 0.280050307512283
-9999 -9999 -9999 -9999 -9999 -9999 -9999 -9999 -9999 -9999 -9999 -9999 0.655651569366455 0.560663223266602 0.380592733621597 0.314178436994553 0.294902741909027 0.319368481636047 0.359106302261353 0.411417663097382 0.524959981441498 0.460970133543015 0.325176745653152 0.247842878103256 0.252554655075073 0.244675412774086 0.225089684128761 0.210895285010338 0.199994429945946 0.194704249501228 0.191750690340996 0.190609648823738 0.191844999790192 0.195908963680267 0.204703032970428 0.213352054357529 0.221990868449211 0.231506004929543 0.244260087609291 0.259960293769836 0.270961105823517 0.286533057689667 0.29900124669075 0.318059921264648 0.339639395475388 0.356304079294205 0.378258466720581 0.378994584083557 0.321446090936661 0.316686391830444 0.30946883559227 0.302133709192276 0.291743218898773 0.283280313014984 0.275933116674423 0.268483996391296
-9999 -9999 -9999 -9999 -9999 -9999 -9999 -9999 -9999 -9999 -9999 -9999 -9999 0.651212334632874 0.510467886924744 0.299879550933838 0.23711721599102 0.284357160329819 0.298886984586716 0.277710944414139 0.347204118967056 0.520208239555359 0.43921571969986 0.352038890123367 0.317837178707123 0.27767288684845 0.249628737568855 0.2161795347929 0.193540439009666 0.190323919057846 0.186506256461143 0.18560254573822 0.186436772346497 0.189174681901932 0.195392191410065 0.203214734792709 0.211104571819305 0.21995235979557 0.228819757699966 0.237393841147423 0.247655913233757 0.255706936120987 0.264852613210678 0.284285128116608 0.260256975889206 0.283378392457962 0.300639718770981 0.310341536998749 0.310709327459335 0.306194126605988 0.3003970682621 0.291439235210419 0.281720042228699 0.273794710636139 0.265741616487503 0.25818008184433
-9999 -9999 -9999 -9999 -9999 -9999 -9999 -9999 -9999 -9999 -9999 -9999 -9999 0.719506502151489 0.561843156814575 0.266698598861694 0.2051090747118 0.201773002743721 0.185049265623093 0.222671806812286 0.257113069295883 0.326944470405579 0.499239504337311 0.414205104112625 0.368283629417419 0.331850618124008 0.294810712337494 0.236394435167313 0.190194353461266 0.185881823301315 0.181966960430145 0.180705398321152 0.180876091122627 0.183385983109474 0.187966227531433 0.195043310523033 0.201021552085876 0.208455860614777 0.214874178171158 0.223175749182701 0.229159310460091 0.235290691256523 0.199210032820702 0.217234715819359 0.24572728574276 0.276540517807007 0.289449006319046 0.300849318504333 0.305064111948013 0.300055593252182 0.296656459569931 0.286612093448639 0.276227384805679 0.267499029636383 0.259478956460953 0.251767098903656
-9999 -9999 -9999 -9999 -9999 -9999 -9999 -9999 -9999 -9999 -9999 -9999 -9999 -9999 0.645750224590302 0.477752268314362 0.310991048812866 0.149663060903549 0.115725494921207 0.161767303943634 0.207940116524696 0.301152467727661 0.342402637004852 0.503415644168854 0.477584570646286 0.410212606191635 0.356148213148117 0.287497341632843 0.235683932900429 0.216611564159393 0.204889252781868 0.202129766345024 0.201515376567841 0.200315684080124 0.197986364364624 0.199392408132553 0.204387083649635 0.203979790210724 0.201087415218353 0.206575155258179 0.215369448065758 0.181659713387489 0.189936861395836 0.20743753015995 0.231286853551865 0.255280584096909 0.270460963249207 0.279803425073624 0.288441956043243 0.28985983133316 0.285650163888931 0.279007911682129 0.270703107118607 0.263455927371979 0.255788087844849 0.247519090771675
-9999 -9999 -9999 -9999 -9999 -9999 -9999 -9999 -9999 -9999 -9999 -9999 -9999 -9999 0.656334698200226 0.625709772109985 0.412750512361526 0.169525548815727 0.11179930716753 0.106425367295742 0.161511734127998 0.210266426205635 0.316988289356232 0.400689601898193 0.45696359872818 0.537022233009338 0.482227981090546 0.386121243238449 0.302576810121536 0.317337721586227 0.245867997407913 0.217759311199188 0.215490072965622 0.218401670455933 0.212741374969482 0.215399593114853 0.222407311201096 0.224961817264557 0.218890935182571 0.204680904746056 0.203499853610992 0.174306139349937 0.183383449912071 0.199460208415985 0.218634128570557 0.23957259953022 0.253694593906403 0.260800957679749 0.269118100404739 0.274689227342606 0.277164965867996 0.275007009506226 0.268210351467133 0.262892097234726 0.255313903093338 0.246769323945045
-9999 -9999 -9999 -9999 -9999 -9999 -9999 -9999 -9999 -9999 -9999 -9999 -9999 -9999 -9999 0.717911779880524 0.520904064178467 0.224382475018501 0.13106681406498 0.101674400269985 0.128575891256332 0.125452265143394 0.145785674452782 0.176272988319397 0.230769887566566 0.31032457947731 0.387986242771149 0.476205974817276 0.527071177959442 0.459771066904068 0.401542782783508 0.334247231483459 0.221896171569824 0.228772446513176 0.231734976172447 0.239548310637474 0.239184737205505 0.240202873945236 0.238292172551155 0.23560805618763 0.186665132641792 0.168712168931961 0.176020756363869 0.191885441541672 0.208493575453758 0.22525817155838 0.238672882318497 0.248266577720642 0.257807224988937 0.263522952795029 0.268079280853271 0.271156877279282 0.268467545509338 0.264169692993164 0.258299320936203 0.254645198583603
-9999 -9999 -9999 -9999 -9999 -9999 -9999 -9999 -9999 -9999 -9999 -9999 -9999 -9999 -9999 0.391177952289581 0.519445180892944 0.292194008827209 0.167140901088715 0.113214544951916 0.108116947114468 0.0572561249136925 0.0734331756830215 0.0782916322350502 0.087317019701004 0.115958973765373 0.17607718706131 0.249462366104126 0.348887354135513 0.407969743013382 0.509830057621002 0.41888016462326 0.284759849309921 0.217464923858643 0.228959336876869 0.250377953052521 0.2560213804245 0.256954997777939 0.263062030076981 0.271465688943863 0.230687856674194 0.194585338234901 0.17001785337925 0.187815368175507 0.19972126185894 0.215171992778778 0.228604599833488 0.239251777529716 0.24955241382122 0.254798859357834 0.25976824760437 0.262637943029404 0.26577240228653 0.26204240322113 0.256199270486832 0.256896883249283
-9999 -9999 -9999 -9999 -9999 -9999 -9999 -9999 -9999 -9999 -9999 -9999 -9999 -9999 -9999 0.274045705795288 0.466673880815506 0.353063821792603 0.263861536979675 0.159153833985329 0.0882796943187714 0.0556533187627792 0.0465663149952888 0.0436090417206287 0.0407472625374794 0.0440633371472359 0.0743399783968925 0.097205713391304 0.159709766507149 0.252765268087387 0.305294752120972 0.481933802366257 0.390854299068451 0.259627848863602 0.214273348450661 0.224525541067123 0.245762601494789 0.269051432609558 0.279428839683533 0.287648946046829 0.245249047875404 0.213531032204628 0.168371602892876 0.186091169714928 0.196524888277054 0.207355663180351 0.217229947447777 0.22814904153347 0.237304255366325 0.242857903242111 0.25048691034317 0.246528521180153 0.245887756347656 0.24608202278614 0.24148166179657 0.240327432751656
-9999 -9999 -9999 -9999 -9999 -9999 -9999 -9999 -9999 -9999 -9999 -9999 -9999 -9999 -9999 -9999 0.363837987184525 0.34606671333313 0.310338854789734 0.258695274591446 0.139780685305595 0.0923988595604897 0.0505722798407078 0.0437569990754128 0.0393730588257313 0.0361555926501751 0.0369804427027702 0.0394917652010918 0.0527201406657696 0.153473541140556 0.267874985933304 0.3177630007267 0.443768054246902 0.356303125619888 0.303422063589096 0.233955040574074 0.217905595898628 0.25618451833725 0.281196534633636 0.292930871248245 0.299259871244431 0.204591065645218 0.17436845600605 0.186893984675407 0.192161470651627 0.197679236531258 0.201914116740227 0.208965823054314 0.214153304696083 0.216596856713295 0.225321620702744 0.216137081384659 0.213299080729485 0.214434087276459 0.213948473334312 0.2213504165411
-9999 -9999 -9999 -9999 -9999 -9999 -9999 -9999 -9999 -9999 -9999 -9999 -9999 -9999 -9999 -9999 -9999 0.367220133543015 0.320304751396179 0.300906926393509 0.265921652317047 0.191894620656967 0.114362083375454 0.0724310129880905 0.0533531233668327 0.042587835341692 0.0400468297302723 0.0398526415228844 0.04230647534132 0.103876478970051 0.186578184366226 0.292889326810837 0.321552604436874 0.456630855798721 0.395451992750168 0.327906966209412 0.265157133340836 0.233006879687309 0.235544875264168 0.240032732486725 0.219587162137032 0.177995502948761 0.183183282613754 0.1872648447752 0.184182211756706 0.182652667164803 0.183273687958717 0.180755436420441 0.180730521678925 0.180841729044914 0.176068499684334 0.175555750727654 0.172042042016983 0.178790688514709 0.187321558594704 0.201457485556602
-9999 -9999 -9999 -9999 -9999 -9999 -9999 -9999 -9999 -9999 -9999 -9999 -9999 -9999 -9999 -9999 -9999 -9999 -9999 0.387096494436264 0.298407644033432 0.294528543949127 0.251812189817429 0.161520108580589 0.104689702391624 0.0663737878203392 0.0486914031207561 0.0440867394208908 0.042314350605011 0.0541961640119553 0.120860621333122 0.197850286960602 0.228165939450264 0.32776665687561 0.4716437458992 0.402538478374481 0.348643451929092 0.291760265827179 0.246805176138878 0.244404926896095 0.249912172555923 0.239871740341187 0.231450498104095 0.185359477996826 0.178871497511864 0.174612790346146 0.173597767949104 0.166614666581154 0.162973687052727 0.168186604976654 0.183669045567513 0.187236398458481 0.194078654050827 0.197264909744263 0.19604130089283 0.194878965616226
-9999 -9999 -9999 -9999 -9999 -9999 -9999 -9999 -9999 -9999 -9999 -9999 -9999 -9999 -9999 -9999 -9999 -9999 -9999 -9999 -9999 0.431681215763092 0.439361184835434 0.397240787744522 0.198734596371651 0.1059690117836 0.0715877637267113 0.0485116839408875 0.0437229461967945 0.0416879877448082 0.0515201203525066 0.0852983742952347 0.193631693720818 0.297273308038712 0.325761705636978 0.496311843395233 0.435695141553879 0.378819406032562 0.301158368587494 0.285554975271225 0.258781760931015 0.249882817268372 0.236764162778854 0.224447071552277 0.177371636033058 0.173590824007988 0.17270527780056 0.170376494526863 0.164890542626381 0.176310524344444 0.191125690937042 0.198070243000984 0.200350746512413 0.201950594782829 0.204092353582382 0.199230164289474
-9999 -9999 -9999 -9999 -9999 -9999 -9999 -9999 -9999 -9999 -9999 -9999 -9999 -9999 -9999 -9999 -9999 -9999 -9999 -9999 -9999 -9999 -9999 0.471743017435074 0.439923971891403 0.297267228364944 0.142840772867203 0.0772331655025482 0.0526349730789661 0.0445626340806484 0.044116485863924 0.0574697628617287 0.115038685500622 0.180313944816589 0.273634076118469 0.312679469585419 0.476432949304581 0.486949414014816 0.430772244930267 0.381440937519073 0.303702682256699 0.263903021812439 0.246077165007591 0.226655021309853 0.180136620998383 0.177863106131554 0.177817732095718 0.17613174021244 0.170980855822563 0.183322191238403 0.198112517595291 0.202557310461998 0.203320115804672 0.205874755978584 0.210228025913239 0.209681019186974
-9999 -9999 -9999 -9999 -9999 -9999 -9999 -9999 -9999 -9999 -9999 -9999 -9999 -9999 -9999 -9999 -9999 -9999 -9999 -9999 -9999 -9999 -9999 -9999 -9999 0.520527482032776 0.311855256557465 0.160265281796455 0.0897541120648384 0.0651853010058403 0.0550519861280918 0.0483386851847172 0.0495655611157417 0.0689638555049896 0.152573138475418 0.238649502396584 0.340954303741455 0.36317253112793 0.541413247585297 0.483856946229935 0.379283666610718 0.289815098047256 0.256180763244629 0.227713152766228 0.221629053354263 0.18404595553875 0.184000715613365 0.183420494198799 0.179256305098534 0.191623210906982 0.20700591802597 0.208276450634003 0.205598667263985 0.210487589240074 0.21972231566906 0.22590371966362
-9999 -9999 -9999 -9999 -9999 -9999 -9999 -9999 -9999 -9999 -9999 -9999 -9999 -9999 -9999 -9999 -9999 -9999 -9999 -9999 -9999 -9999 -9999 -9999 -9999 0.575532197952271 0.44479513168335 0.272872298955917 0.182668998837471 0.116473168134689 0.0759072452783585 0.0546058528125286 0.0473679415881634 0.050281323492527 0.070919394493103 0.105429880321026 0.168642416596413 0.242660209536552 0.347270995378494 0.52944028377533 0.466438859701157 0.331964284181595 0.264303594827652 0.231531634926796 0.229974538087845 0.230180144309998 0.190389394760132 0.189181193709373 0.183742493391037 0.196268290281296 0.208849757909775 0.211828663945198 0.211537882685661 0.218387246131897 0.228309169411659 0.235938131809235
-9999 -9999 -9999 -9999 -9999 -9999 -9999 -9999 -9999 -9999 -9999 -9999 -9999 -9999 -9999 -9999 -9999 -9999 -9999 -9999 -9999 -9999 -9999 -9999 -9999 -9999 -9999 0.368372678756714 0.237426191568375 0.159760266542435 0.112471140921116 0.0748700723052025 0.0573602989315987 0.0532374680042267 0.0589666254818439 0.0756374225020409 0.115580707788467 0.163982287049294 0.253770411014557 0.366111755371094 0.520621538162231 0.383325189352036 0.27311298251152 0.238333687186241 0.232723966240883 0.23475880920887 0.232396885752678 0.191578060388565 0.185813024640083 0.195633843541145 0.2086521089077 0.215871021151543 0.219097092747688 0.225575476884842 0.235522389411926 0.24106439948082
-9999 -9999 -9999 -9999 -9999 -9999 -9999 -9999 -9999 -9999 -9999 -9999 -9999 -9999 -9999 -9999 -9999 -9999 -9999 -9999 -9999 -9999 -9999 -9999 -9999 -9999 -9999 0.32687184214592 0.167457714676857 0.130788385868073 0.136281952261925 0.0985036194324493 0.0732865482568741 0.0643634274601936 0.0669398009777069 0.0792034417390823 0.103726729750633 0.138492599129677 0.209031313657761 0.309599697589874 0.49872100353241 0.422342211008072 0.294306308031082 0.22078238427639 0.232336804270744 0.226677179336548 0.228200048208237 0.224148660898209 0.191723257303238 0.204323992133141 0.216637894511223 0.228821307420731 0.23642535507679 0.241484522819519 0.243742063641548 0.241448357701302
-9999 -9999 -9999 -9999 -9999 -9999 -9999 -9999 -9999 -9999 -9999 -9999 -9999 -9999 -9999 -9999 -9999 -9999 -9999 -9999 -9999 -9999 -9999 -9999 -9999 -9999 -9999 -9999 0.149502009153366 0.131291747093201 0.109390184283257 0.102456010878086 0.0772262439131737 0.0681718215346336 0.0766628310084343 0.0946871787309647 0.110959336161613 0.133814245462418 0.195995002985001 0.278347849845886 0.392443716526031 0.456299006938934 0.312484085559845 0.221039846539497 0.217949971556664 0.240558952093124 0.243396550416946 0.246068477630615 0.255051344633102 0.262359857559204 0.22914756834507 0.241594299674034 0.25664010643959 0.259228408336639 0.248926907777786 0.238848596811295
-9999 -9999 -9999 -9999 -9999 -9999 -9999 -9999 -9999 -9999 -9999 -9999 -9999 -9999 -9999 -9999 -9999 -9999 -9999 -9999 -9999 -9999 -9999 -9999 -9999 -9999 -9999 -9999 0.179430529475212 0.124790951609612 0.104865789413452 0.0747261717915535 0.0703916102647781 0.0676817521452904 0.0872815996408463 0.107489094138145 0.122844032943249 0.146039590239525 0.198614671826363 0.271675258874893 0.371706038713455 0.483557194471359 0.333159476518631 0.228154793381691 0.203571870923042 0.218109250068665 0.248007595539093 0.270915299654007 0.286993026733398 0.282014429569244 0.283097594976425 0.297764927148819 0.267384946346283 0.266231894493103 0.250986933708191 0.234546989202499
-9999 -9999 -9999 -9999 -9999 -9999 -9999 -9999 -9999 -9999 -9999 -9999 -9999 -9999 -9999 -9999 -9999 -9999 -9999 -9999 -9999 -9999 -9999 -9999 -9999 -9999 -9999 -9999 0.178172662854195 0.129898279905319 0.107966832816601 0.0726479887962341 0.0499336868524551 0.0469244495034218 0.0823121145367622 0.113166950643063 0.131772890686989 0.150987565517426 0.201894298195839 0.269416451454163 0.357723385095596 0.492688983678818 0.336578339338303 0.228457435965538 0.205419391393661 0.200633719563484 0.236450299620628 0.284761369228363 0.301293939352036 0.292877674102783 0.279483467340469 0.303445190191269 0.323072284460068 0.315426528453827 0.243463754653931 0.263389021158218
-9999 -9999 -9999 -9999 -9999 -9999 -9999 -9999 -9999 -9999 -9999 -9999 -9999 -9999 -9999 -9999 -9999 -9999 -9999 -9999 -9999 -9999 -9999 -9999 -9999 -9999 -9999 -9999 0.184569805860519 0.129310667514801 0.105549275875092 0.0717224106192589 0.048944354057312 0.0459417626261711 0.0553708709776402 0.102994985878468 0.128387808799744 0.161480113863945 0.217073649168015 0.281075060367584 0.368769288063049 0.489584654569626 0.329024881124496 0.226618826389313 0.203637585043907 0.201042011380196 0.224356159567833 0.25387242436409 0.28031450510025 0.29033163189888 0.296003639698029 0.303786098957062 0.309331893920898 0.297447353601456 0.312422037124634 0.351968884468079
-9999 -9999 -9999 -9999 -9999 -9999 -9999 -9999 -9999 -9999 -9999 -9999 -9999 -9999 -9999 -9999 -9999 -9999 -9999 -9999 -9999 -9999 -9999 -9999 -9999 -9999 -9999 -9999 0.188690885901451 0.129489779472351 0.106864951550961 0.0683965981006622 0.0464086271822453 0.0444407165050507 0.0513246469199657 0.0906788483262062 0.129827842116356 0.169315561652184 0.230244770646095 0.293677002191544 0.382583022117615 0.477439522743225 0.309575647115707 0.216641053557396 0.203282743692398 0.201747879385948 0.208190962672234 0.229892462491989 0.248456507921219 0.274252206087112 0.298837780952454 0.286435842514038 0.280718117952347 0.297044903039932 0.339196622371674 0.384130299091339
