meets/meet006/_saidas_enm/CCSM_SVM_0k_S_lineola1.asc
NCOLS 154 
NROWS 168 
XLLCORNER -112 
YLLCORNER -55.5 
CELLSIZE 0.5 
NODATA_value -9999 
[rows 72 to 95 of 168, columns 56 to 111 of 154]
-9999 -9999 -9999 -9999 -9999 -9999 -9999 -9999 -9999 0.701747272098883 0.761227542367922 0.489161410338149 0.0769028494887602 0.0549080229108345 0.0379094263848795 -0.0313358638961654 -0.0614839084842231 -0.0841903932889883 -0.0967893537970854 -0.0866990724483728 -0.0308241456035566 -0.0449116440589608 -0.0690675053148987 -0.0658023211002693 -0.0374052676087621 0.00245523199187669 0.00352932205462486 -0.00813831021455758 -0.00632532083967241 0.00963213854533285 0.026046440615341 0.0237028031878796 0.0153565662167712 0.0256718103198047 0.0587678000076759 0.0953854749359033 0.120665586138356 0.141040628793436 0.171829870456719 0.205039212202121 0.240340495433961 0.258527657795779 0.274679055593268 0.292821350986949 0.308734138271854 0.310525370366034 0.263453915981242 0.200689798990859 0.140135458167626 0.0804667980814512 0.0359952506811647 0.017729872981307 0.00714623858944841 0.0139640057089536 0.0370325588686655 0.0471541859516488
-9999 -9999 -9999 -9999 -9999 -9999 -9999 -9999 -9999 -9999 0.903730578377363 0.586376665956682 0.211859845266894 0.144357583986572 0.151350044244085 0.110272390755307 0.105893305348864 0.00510137534150534 -0.056314148886617 -0.0444797759052385 -0.0117412568641706 -0.0280832979900759 -0.0549313995088763 -0.0585432144299718 -0.0354340850411883 -0.0111010441360829 -0.0107941348655066 -0.0199983710463278 -0.0208156825922641 -0.00765174911419131 0.000399747382245852 -0.00646553634485358 -0.0206605757876491 -0.0197341448568561 -0.00083571571056601 0.0172315583843595 0.0355843491890336 0.0499504243948898 0.0773210988905246 0.114204689216322 0.14864514338163 0.176256442382782 0.199108832926787 0.227376854903661 0.260802571725501 0.272251506349671 0.235458974243936 0.17252756033791 0.113961431165 0.0563176879860349 0.0118317739641247 -0.00920912151093067 -0.0218699243694996 -0.00832373288654553 0.0265807690665779 0.0492150505986319
-9999 -9999 -9999 -9999 -9999 -9999 -9999 -9999 -9999 -9999 -9999 0.673898322971841 0.357837370184487 0.254363508046514 0.28011649260676 0.308367412373291 0.344606004791486 0.191562236390541 0.0486354582088838 0.0287508266325382 0.0129935260776974 -0.0114084886195169 -0.0285124970984902 -0.0352080177751791 -0.0273047080543104 -0.0183878645774258 -0.0190161896885864 -0.0223946938765766 -0.0255647924750965 -0.0215328127898341 -0.0228175461917234 -0.0289470360578695 -0.0368067905449436 -0.0375477638267723 -0.0305432702048004 -0.0288692490492112 -0.0141373591232756 -0.00281984400798052 0.0190925291398983 0.0492533143232719 0.0743273305280888 0.111882462749473 0.136322305330526 0.169686474066658 0.21213151177199 0.225884766157814 0.202955186507426 0.157055589262475 0.108801121114712 0.0580810874063644 0.0170138546772517 0.00204908559391037 -0.00351197806400372 0.00511057315874125 0.0252982045682144 0.0423901243719084
-9999 -9999 -9999 -9999 -9999 -9999 -9999 -9999 -9999 -9999 -9999 0.664564392651181 0.433300109643449 0.345046257177625 0.379358735349781 0.461000661037764 0.545121624367727 0.468126472040681 0.261087060694902 0.149373822995775 0.0776115482879152 0.0302505528431103 0.0032826865741637 -0.0145846511581379 -0.0113101188221076 -0.0114008180954103 -0.0160095308651081 -0.0206708968255822 -0.0270217800734758 -0.0270193809857183 -0.031622710495917 -0.038190259793655 -0.0458952761550581 -0.0472857301042652 -0.0388741601927652 -0.0315905425553283 -0.0211856686598587 -0.0121723255478275 0.00621349612874661 0.0337371565841539 0.0592087766393439 0.0946576185793433 0.121540061156633 0.15254793437988 0.186982222709622 0.197991387051773 0.185990871116862 0.152575901179916 0.116647543649137 0.0765239921815615 0.0441985699167301 0.032775488081457 0.0257045356002225 0.0263938765965342 0.0348354366776034 0.041006770616804
-9999 -9999 -9999 -9999 -9999 -9999 -9999 -9999 -9999 -9999 -9999 0.626958283329297 0.558918108839428 0.463327664749493 0.444332748145187 0.533017694995482 0.66192550723916 0.718829231256699 0.57691113723819 0.385905714973282 0.136235900796344 0.0901246111815718 0.050183668773013 0.0148345218006092 0.0125828018637542 0.000359494916971015 -0.00615742185285872 -0.01332412932765 -0.0230649777932468 -0.0262252669196241 -0.0341706752416442 -0.0444575317654673 -0.0501390922971603 -0.0511698160533655 -0.0408393479107355 -0.0267239506595366 -0.0244021899673531 -0.0126531620575385 0.0051324938856217 0.0323600918266465 0.0733852061166184 0.0891800618696845 0.119888440289804 0.154224907212732 0.173423947724533 0.192778559481921 0.180997647103303 0.156205979996591 0.133733822997337 0.105664827459649 0.081855439233899 0.0713785924119176 0.0617202697036895 0.0546092821786711 0.0497056547379634 0.0306952509848247
-9999 -9999 -9999 -9999 -9999 -9999 -9999 -9999 -9999 -9999 -9999 -9999 0.59876828877634 0.573002368081142 0.585837112620338 0.6396479596474 0.70919582317765 0.736945626806381 0.751067224316421 0.661224090666528 0.411566382847442 0.230011025262576 0.10496991621327 0.0371311819183793 0.0415431765278942 0.0345559089237248 0.0200571191561403 0.00119378562934785 -0.0158047536533665 -0.0240922160533869 -0.0326769427221408 -0.043170555443268 -0.0503085613217021 -0.0521267609937183 -0.043230227808446 -0.0325387859897257 -0.0287342803038859 -0.0226950806516707 -0.00995597199668719 0.0115709377094588 0.0375611994718922 0.0504604686036825 0.0702820332785226 0.10046769767112 0.134968666531663 0.169286569725215 0.177330493483575 0.171274296679434 0.161458868429802 0.14345220771943 0.123456263772721 0.112766780508468 0.102024173499391 0.0887874943840288 0.0717986968446062 0.0455148958741117
-9999 -9999 -9999 -9999 -9999 -9999 -9999 -9999 -9999 -9999 -9999 -9999 0.521602214512243 0.667789055021954 0.752036825621703 0.730976022248461 0.606854391182388 0.55930418556046 0.605191181127282 0.709761220953203 0.713939929156267 0.496022992354085 0.210053930393442 0.0707963063209335 0.102031360755936 0.0875613300584459 0.0464833268375316 0.01603242313194 -0.00791726392828307 -0.0189548056271996 -0.0298279368301058 -0.0409182761290384 -0.0462585915456457 -0.0496722106042599 -0.0446918599206834 -0.0400460044074179 -0.0376069595945376 -0.0345485283345324 -0.0288380645927626 -0.0158859621036783 -0.00787866285055516 -0.00157270067973536 0.00474195120041659 0.0325934578499209 0.0751764596401386 0.112826904687471 0.158257697036832 0.179442854968834 0.191376994798724 0.183383997331352 0.161201058682892 0.153628133179856 0.139259521786549 0.123271166227097 0.0967282177585222 0.0615881083436717
-9999 -9999 -9999 -9999 -9999 -9999 -9999 -9999 -9999 -9999 -9999 -9999 -9999 0.552575550164702 0.800637785196933 0.633625647116258 0.407018574017966 0.319150160177337 0.323231067842387 0.39148838675705 0.517615790614544 0.629275592170484 0.483408156902176 0.26194080031131 0.197157826157386 0.144172311112392 0.0890160034452927 0.0297095046878195 -0.00466785555269145 -0.0125641709602083 -0.0216758660269742 -0.031212168534654 -0.0366163521025579 -0.0417218654302097 -0.040936412634925 -0.0371087226673769 -0.038355111618556 -0.0378873787007851 -0.03640342403907 -0.0287948272861596 -0.0285436498805045 -0.0369563520089926 -0.0383596105593799 -0.00998225193750246 0.0418100769181248 0.0971921627207915 0.155658694536858 0.201053534825229 0.22965909560236 0.228248411172979 0.211733038630651 0.200853955274353 0.175000386493567 0.142153115714601 0.113255834243885 0.0793650916862788
-9999 -9999 -9999 -9999 -9999 -9999 -9999 -9999 -9999 -9999 -9999 -9999 -9999 0.390863735015431 0.820053350442828 0.491933253273741 0.27902500765704 0.158055846601602 0.158029110560095 0.219266039818092 0.287778185345823 0.412108631146889 0.478984919966452 0.350693082327041 0.273972697014249 0.214947451959143 0.126888894418612 0.0431450120296116 -0.0198057453523364 -0.0174164353205227 -0.0215275420769859 -0.0419416646875755 -0.0330631103792967 -0.0385564698757478 -0.0382490001655837 -0.0329652677573522 -0.0428281507912986 -0.0433582695679274 -0.0435138093213879 -0.0358603545993098 -0.0304391729787039 -0.0445793301959294 -0.0578019269418565 -0.0318144245044576 0.0290526452044781 0.100776287163925 0.160553311046985 0.23254091733713 0.276683965593867 0.269416064010288 0.256179685332848 0.223464041078984 0.190859340126582 0.159604886835399 0.130931858014723 0.0999086417879076
-9999 -9999 -9999 -9999 -9999 -9999 -9999 -9999 -9999 -9999 -9999 -9999 -9999 -9999 0.817474922700155 0.668980226325316 0.315831955759715 0.107200385196376 0.0898063328123215 0.145418354007328 0.213918853633447 0.299534634090805 0.425614741742734 0.430643790787387 0.265535738097941 0.170614125123704 0.183978610849551 0.100899880810087 0.000898100882205044 -0.0146520240050927 -0.0564659375518163 -0.0423953952891507 -0.0484524997483043 -0.0520031672252526 -0.0447969752526586 -0.046987795309693 -0.0558436292966654 -0.0622030945900008 -0.0634072317589787 -0.053397996398578 -0.0381411469926032 -0.0397221748826574 -0.0392482516097918 -0.0143351573811517 0.0308529971065142 0.0921950016108228 0.159800787537649 0.222725826696331 0.261718516441302 0.264292833110655 0.251578684793604 0.233171547140704 0.210101857417842 0.18262777330293 0.153451689351092 0.124120585687608
-9999 -9999 -9999 -9999 -9999 -9999 -9999 -9999 -9999 -9999 -9999 -9999 -9999 -9999 0.6262485080964 0.8181868051346 0.457554013946201 0.0934930247846167 0.0318474835140046 0.110754391300685 0.183036443949171 0.265782509570649 0.374312059366029 0.454606918527603 0.558056908720458 0.527941431882228 0.39950902337507 0.185558537199331 0.115657266892225 0.16365764966091 -0.0231912625712901 -0.045745010774097 -0.0546198045507467 -0.0565130822820739 -0.047383427048361 -0.0533746929213745 -0.0648658265636862 -0.0684868208168841 -0.0718236232980498 -0.0685213197465014 -0.0481429706220354 -0.0443026000154203 -0.0237545062287198 0.001832743704204 0.0316964759786644 0.0790337287941581 0.137457678991612 0.192832738088601 0.2303601064823 0.239482744321172 0.241375147558353 0.231707012555601 0.223877090967257 0.20947388402948 0.18359258883702 0.153795625912196
-9999 -9999 -9999 -9999 -9999 -9999 -9999 -9999 -9999 -9999 -9999 -9999 -9999 -9999 -9999 0.545500751416868 0.599314155489558 0.238266150147759 0.0214024033643865 0.0750019124896035 0.182410744425875 0.225722567999458 0.255848671948397 0.273955230263615 0.306121587114667 0.360961863201046 0.490380201244896 0.66167436457485 0.701972792592482 0.354786431010185 0.339185869599256 0.161984908693971 -0.00544675456258981 -0.0626389871585008 -0.0559631617590849 -0.0521987757655841 -0.0535869142105109 -0.0553080730577018 -0.0572701825052846 -0.0524264140823998 -0.0545923142421825 -0.0628354670359055 -0.0337525430157241 0.0108342320827261 0.0391970586023746 0.0728448454170967 0.119700516477562 0.163735065675739 0.195317810265094 0.20798637810345 0.214510431810077 0.217495994130169 0.225431723957074 0.221445641756711 0.207957362660028 0.212233909594026
-9999 -9999 -9999 -9999 -9999 -9999 -9999 -9999 -9999 -9999 -9999 -9999 -9999 -9999 -9999 0.321896396634689 0.414241010495361 0.445328422052334 0.0720117583624715 0.0173196113723783 0.148687147290904 0.167854618236244 0.214507991547587 0.23069339190312 0.243672259525708 0.245211300589867 0.268084376307434 0.279368750420712 0.393710722276729 0.544173038407927 0.399392282053065 0.356247839477083 0.086963485738576 -0.0445938371701414 -0.0571093872198927 -0.0336492577444456 -0.0473526870181431 -0.0444295530527316 -0.0290142281023142 0.0179708777124628 0.0506362030125641 -0.0584279926135595 -0.0502537020540373 0.0231573529622711 0.0508644385996035 0.0707757016698057 0.112107538867408 0.142391147031901 0.172426368811068 0.19040054121536 0.195643895589973 0.200998727665869 0.210129870902835 0.20308603609305 0.194279937529686 0.218029024736017
-9999 -9999 -9999 -9999 -9999 -9999 -9999 -9999 -9999 -9999 -9999 -9999 -9999 -9999 -9999 0.441478210690468 0.184123956393594 0.271386104090745 0.276956424160292 0.0256316792624424 -0.041635535494288 0.0361594689777555 0.12296878927124 0.174773534455209 0.201852798254626 0.218334404852374 0.235785977138257 0.248849800162007 0.280743741740454 0.369680345884137 0.411685072113521 0.356526750904916 0.309333654544233 0.071424620400231 -0.0120640655254455 -0.0434512853371363 -0.0457170789665677 -0.0411308106792696 -0.0160731813021282 0.0684673653268976 0.110294926745504 -0.0501132678793235 -0.0507636258700895 0.0357731089953189 0.0773650718435863 0.0874980319457282 0.0982518770405614 0.11946015166221 0.140185550134085 0.160443471623902 0.189110362468084 0.165190837995271 0.152131991369884 0.136503141492271 0.110891494619229 0.112616735178169
-9999 -9999 -9999 -9999 -9999 -9999 -9999 -9999 -9999 -9999 -9999 -9999 -9999 -9999 -9999 -9999 0.435881963491837 -0.0359118188761367 0.0994503278003155 0.267987084172898 0.0436171879759769 -0.0421818017030337 0.00667634883896479 0.0709553975203333 0.107765603406256 0.13424179564412 0.174368821290658 0.202707668507006 0.216629292800733 0.265629406904967 0.350426028844026 0.346369256706911 0.368159239465545 0.280944648833515 0.152322233570483 0.03031918700679 -0.0387469046087087 -0.0617009882155773 -0.0512448162362753 0.00359137510931423 0.0760834385969425 -0.0689355179772713 -0.015680229927495 0.0636278580812187 0.0853876282148985 0.0794865020412189 0.0586751548427959 0.065127014894503 0.07525759333235 0.0895401808281404 0.122078029205896 0.078437192345835 0.0600153780471143 0.0467436062976288 0.0236874635424382 0.0426725274826967
-9999 -9999 -9999 -9999 -9999 -9999 -9999 -9999 -9999 -9999 -9999 -9999 -9999 -9999 -9999 -9999 -9999 0.4776459981174 -0.0430493520762408 -0.0450544175776687 0.26011243977148 0.122283526705708 -0.0399982532161938 -0.0408185580523616 0.00149620930391514 0.0496676846194345 0.10841135518513 0.151170086927735 0.17494114738373 0.221000670283129 0.288276420206661 0.358167441460805 0.350274804900573 0.341498869462852 0.364720299901253 0.22463929031553 0.0817936994981926 0.0010675044731584 -0.0502750293160602 -0.0469848597376608 -0.0366056882927386 -0.0173802270954163 0.0373363550244697 0.0657627527436427 0.0520105865690449 0.023061430904392 0.00820881183235062 -0.00430104370920736 -0.00568612184994655 -0.00206947377761846 -0.0124212942986364 -0.0340183435163878 -0.0648457430846979 -0.0697674645415536 -0.0524794487447513 -0.0178435964108734
-9999 -9999 -9999 -9999 -9999 -9999 -9999 -9999 -9999 -9999 -9999 -9999 -9999 -9999 -9999 -9999 -9999 -9999 -9999 -0.0443669636580545 -0.159593083318119 -0.0605455391164729 0.0669789641376654 0.0031638663085235 -0.0350832616918232 -0.0150430378511089 0.0364766154662405 0.0987149420406971 0.130285726124784 0.178737080343467 0.237948212343697 0.290487605790562 0.357155186994218 0.369112187882698 0.342585136519574 0.400898742986045 0.26046385507147 0.135689662229197 0.0518881849344014 0.0435096479639011 0.0953446350046627 0.0588101888377858 0.059043559508981 0.0517541280042589 0.0166767248620713 -0.00610617632566135 -0.0160298822059893 -0.0333718547959384 -0.0423567446170084 -0.0505025128580838 -0.0658240828957808 -0.0968259624163735 -0.134654681615338 -0.137926441339173 -0.112339958403599 -0.0715388618064865
-9999 -9999 -9999 -9999 -9999 -9999 -9999 -9999 -9999 -9999 -9999 -9999 -9999 -9999 -9999 -9999 -9999 -9999 -9999 -9999 -9999 0.00934783414212625 0.0400997974377243 0.112509693944466 0.0816797729154753 -0.0212160609684281 -0.014601880228163 0.0355774849837334 0.0765535835853086 0.1157752046343 0.148205345715402 0.20282791741045 0.297269759802537 0.386597990486549 0.382290977922831 0.327554359174587 0.395002529852226 0.349559269089373 0.162553654963263 0.13153610757457 0.0665059663627622 0.0423594814285532 0.040854674252196 0.0117263444589295 0.00355461898864001 -0.0101561211030661 -0.0181159160363007 -0.0262097373840074 -0.0500962674487825 -0.0670605710832 -0.0919930891874727 -0.124679694961492 -0.153858709127675 -0.158256501228027 -0.146391457852795 -0.112326613974388
-9999 -9999 -9999 -9999 -9999 -9999 -9999 -9999 -9999 -9999 -9999 -9999 -9999 -9999 -9999 -9999 -9999 -9999 -9999 -9999 -9999 -9999 -9999 0.118634233651396 0.200847699927903 0.135614969921684 -0.0181528995679705 -0.031848943750405 0.00575386615492302 0.0433777343458043 0.0789120096728023 0.135837365789361 0.212224018380643 0.27223729971489 0.335957594776713 0.400387576668267 0.397433888534385 0.53781969311237 0.472636720657356 0.313277763377517 0.152494567010915 0.0693570084844782 0.0390562483632088 0.0147186221728018 0.00133541222325545 -0.00235534522771885 -0.00599835376601188 -0.0146621224041409 -0.0367783120588645 -0.0626026898206932 -0.0949097956846098 -0.130586829870634 -0.158796088875449 -0.166894305359942 -0.162090783912832 -0.14670775712158
-9999 -9999 -9999 -9999 -9999 -9999 -9999 -9999 -9999 -9999 -9999 -9999 -9999 -9999 -9999 -9999 -9999 -9999 -9999 -9999 -9999 -9999 -9999 -9999 -9999 0.08995592467708 0.0426945205057677 -0.0165384092339881 -0.040449879182338 -0.0184115031861526 0.0195313504437567 0.0620035780578655 0.12236654615818 0.162794714193907 0.226416332120302 0.305938148269456 0.358150934291258 0.42460148863016 0.619748013859409 0.657026398890853 0.350345294362673 0.140037874744665 0.0783159919173842 0.0337834029655153 0.0246582886184807 0.0266590566398429 0.0181430355141789 0.0170016372117932 -0.00930869445415861 -0.0480563901574222 -0.082749277073814 -0.131693166935192 -0.155916157293474 -0.166014203489842 -0.175163307339782 -0.177728925756293
-9999 -9999 -9999 -9999 -9999 -9999 -9999 -9999 -9999 -9999 -9999 -9999 -9999 -9999 -9999 -9999 -9999 -9999 -9999 -9999 -9999 -9999 -9999 -9999 -9999 -0.0032783687566097 -0.046328371629094 -0.0123199816701124 0.0250639455007766 -0.00833106516273219 -0.0217277555031731 -0.00779854761965204 0.0286742239272141 0.0633582262867755 0.118364574748472 0.18805028218873 0.220188470893242 0.28870867859515 0.500009629683835 0.801516839823949 0.624769874847107 0.252283820275422 0.114295979765867 0.0549446722542138 0.0437191520747833 0.0530870348196477 0.0427432779689869 0.036690603781504 0.0042676496586016 -0.0466853506110935 -0.0937406090801937 -0.136104601206147 -0.151912605400891 -0.162693498850138 -0.174721304091262 -0.183940156094173
-9999 -9999 -9999 -9999 -9999 -9999 -9999 -9999 -9999 -9999 -9999 -9999 -9999 -9999 -9999 -9999 -9999 -9999 -9999 -9999 -9999 -9999 -9999 -9999 -9999 -9999 -9999 -0.137545849618532 -0.0243379331007161 0.117301484470459 0.105886116553636 0.0245895191958246 -0.000709305435999563 -0.00878710045019693 0.00197544419958995 -0.00879835559015363 0.0587675143013371 0.142589098859627 0.335809648907648 0.771486177529033 0.820027215913177 0.397346786246948 0.13484815388405 0.0484530512533427 0.0451980386473366 0.0605422136274108 0.0457236929655312 0.0344451947166747 -0.00143440684472951 -0.0632399380682641 -0.118849835666852 -0.140828271046687 -0.147403142719023 -0.155133167772113 -0.167836610616258 -0.174309556955018
-9999 -9999 -9999 -9999 -9999 -9999 -9999 -9999 -9999 -9999 -9999 -9999 -9999 -9999 -9999 -9999 -9999 -9999 -9999 -9999 -9999 -9999 -9999 -9999 -9999 -9999 -9999 -0.0794746723004774 -0.0676132603905291 0.194826624321583 0.163981160178644 0.0504003057389194 -0.00608927742987564 -0.0199409895357208 -0.0313235784029587 -0.0392926905108049 -0.0179374414070467 0.0382335995417321 0.203428675200028 0.634412928270772 0.899479712252172 0.55474614637088 0.160886071625816 0.00830497454386703 0.013420818018301 0.0431553360750305 0.0243465442044465 -0.000287150040225004 -0.0323333482577796 -0.0812152315356274 -0.121260850965011 -0.141055226167668 -0.146130214868702 -0.146751736953901 -0.148718080088614 -0.144742780599442
-9999 -9999 -9999 -9999 -9999 -9999 -9999 -9999 -9999 -9999 -9999 -9999 -9999 -9999 -9999 -9999 -9999 -9999 -9999 -9999 -9999 -9999 -9999 -9999 -9999 -9999 -9999 -9999 -0.00773598809189235 0.202867950161201 0.236024475275105 0.0417556060942081 -0.0272504104063183 -0.0213438048920696 -0.0338592443768625 -0.0339709586529369 -0.0294922112314769 -0.0103684848752699 0.115268197227086 0.530397880812293 0.942609137814612 0.694873140217613 0.248011733872561 0.0148239706098786 -0.0178208064399822 0.0303835646028315 -0.0117896225700912 -0.0490904065944733 -0.076770246889458 -0.0981821497755576 -0.11990391198545 -0.133621473150712 -0.123861066780829 -0.114887688671188 -0.117879813374672 -0.106832504348453
