meets/meet006/_saidas_enm/CCSM_Maha_0k_T_subalaris3.asc
NCOLS 154 
NROWS 168 
XLLCORNER -112 
YLLCORNER -55.5 
CELLSIZE 0.5 
NODATA_value -9999 
[rows 75 to 99 of 168, columns 56 to 111 of 154]
-9999 -9999 -9999 -9999 -9999 -9999 -9999 -9999 -9999 -9999 -9999 -97.5483066532783 -45.2976206718915 -25.5094489831749 -20.6900980982275 -19.9477910602071 -16.8400588746468 -9.16800384015768 -9.14451645457391 -12.6839172011167 -14.9093919942535 -13.7556555502745 -10.5549431314146 -9.12128494866981 -8.05436845565628 -7.3513522237234 -7.4136494022161 -7.42715547117533 -7.32760496950621 -7.21867699442739 -6.84682179106098 -6.47385979388083 -5.90910305914079 -5.19501659879809 -4.34104777513216 -3.516798053478 -2.7183930208582 -2.04886130227431 -1.39232791212581 -0.821169528697451 -0.421703553840019 0.120463864728476 0.382653925966306 0.35230302779611 0.0528246049055464 0.302791814415013 0.36015933311779 -0.116092436592766 -1.36644945921505 -3.44099239518087 -6.34766796847765 -9.01263495900298 -11.9525731312014 -14.1514290212012 -15.3311721838699 -16.8467477322546
-9999 -9999 -9999 -9999 -9999 -9999 -9999 -9999 -9999 -9999 -9999 -109.88869703993 -34.0881698009978 -19.4480094351225 -21.2140542072027 -19.6693374167195 -13.5477196143104 -8.3053123119939 -6.81753188949291 -9.13244329358557 -15.788303955818 -12.5446047493631 -9.55687215334219 -8.66478477278452 -7.98073042367423 -7.96907530288378 -7.67388901096501 -7.81988402854976 -7.91665705020673 -7.94352460511207 -7.76538812189337 -7.47523628331346 -6.87138652361117 -6.22762163673254 -5.41656530208411 -4.5367598242167 -3.8146521300878 -3.03359362647525 -2.20271573771377 -1.35875818103861 -0.689664533252471 -0.313729218591223 -0.117227325428719 -0.0551684312469964 0.12082025048238 0.617362754364696 0.721523860480101 0.359545750352109 -0.640324865057672 -2.35158308528174 -4.6635724485685 -7.03938326738924 -9.44834001864571 -11.2119677037192 -12.3855916063841 -14.3761781109669
-9999 -9999 -9999 -9999 -9999 -9999 -9999 -9999 -9999 -9999 -9999 -9999 -50.2282626158614 -24.410401499756 -17.7302659575239 -15.2652538769863 -14.1144617362089 -13.6047152376985 -10.9674114225906 -11.5451898876279 -10.1072654562166 -9.84904269399626 -9.54401438109641 -9.45341414226324 -7.5593992301921 -6.891450967552 -7.3782173518621 -8.40980023910704 -9.04900653430712 -9.30665279233031 -9.09403207760653 -8.95026124473658 -8.42061370678214 -7.72910916879689 -6.8963940824498 -6.0028502157986 -5.26253567748153 -4.51013692711683 -3.61864371934304 -2.65349278019676 -1.87663274044934 -1.35245195244747 -0.793289038267259 -0.0682936855298268 0.287425043796313 0.427200599485862 0.623668112544066 0.520171117730285 -0.143151246989954 -1.38463313788558 -3.12675793053379 -4.9595202760978 -6.73923423935145 -8.49986253474183 -10.124355846697 -12.4305574658688
-9999 -9999 -9999 -9999 -9999 -9999 -9999 -9999 -9999 -9999 -9999 -9999 -86.7825828270561 -40.8869363127211 -15.3434936314638 -10.4224070891878 -21.4681655010218 -30.2923030790506 -28.7497678392895 -17.4023504318622 -9.20723633628122 -8.82341397317314 -10.9276542013288 -10.5768897832115 -5.74295221472563 -4.40265398879996 -7.11071737184409 -9.46669245265294 -10.947376978164 -11.570491040297 -11.0611148616172 -11.0436454582528 -10.7000769858936 -9.84514024269921 -8.75647995254307 -7.84326435646683 -6.90666638040481 -6.24969160272039 -5.37005627760083 -4.22645640052276 -3.37289766601286 -2.7117035134195 -1.90735115614603 -0.825827794455059 -0.0158881089079819 0.316438603747966 0.422663937143215 0.218861480638103 -0.31561509269529 -1.21749545938117 -2.4964306916915 -3.83902302520547 -5.5311938443956 -6.84437286378386 -9.46652164459612 -13.0299150856951
-9999 -9999 -9999 -9999 -9999 -9999 -9999 -9999 -9999 -9999 -9999 -9999 -9999 -77.2623691456387 -18.3734369508326 -19.3793015400979 -35.2122041082298 -52.6388854761402 -54.9731152337931 -44.6497804001034 -29.8584776394592 -17.7215497090876 -10.5529688681174 -7.44896698227945 -3.72637306500393 -2.91087371914076 -5.71258293173489 -10.9531867357376 -14.8149573293326 -14.7407125797466 -14.2384772846767 -13.9646282814907 -13.3285019063849 -12.194893810215 -10.8825194792069 -9.61517644897738 -8.59605108769309 -7.77250546402445 -6.82585831059765 -5.75492289412727 -4.76017745083006 -3.98359095661048 -3.10063906765901 -1.65643945716912 -0.588818981113707 -0.217341629312219 -0.221825670160982 -0.531922102428259 -1.07371212615413 -1.73765393772542 -2.64450243280559 -3.44580392940122 -5.28900399872513 -7.31637505276055 -9.02093504121186 -11.0234932342775
-9999 -9999 -9999 -9999 -9999 -9999 -9999 -9999 -9999 -9999 -9999 -9999 -9999 -122.824110114957 -23.0336011779436 -34.3188344632904 -47.9713734816266 -80.1468404678615 -87.2242123355779 -71.661060536271 -63.1728577035649 -45.879933889537 -24.8556651245753 -21.1175215477731 -18.3334908204759 -5.65764794233702 -5.65062318049596 -12.4479636018239 -18.9835661933551 -19.1320207502967 -18.0843008839712 -18.5601925305523 -17.1648497130939 -15.3917706072173 -13.5730931448534 -11.6902855363935 -10.4395843582933 -9.21317381507349 -8.05667962424537 -6.89011147013845 -5.57609520522398 -4.79497398770074 -3.94361342970462 -2.39687025884189 -1.08319383749737 -0.814197691108379 -0.967384082556448 -1.53337776738422 -2.08128645193672 -2.64663146283527 -3.03122063834785 -3.83743358912154 -4.90278174021138 -6.15515340227207 -7.48299191115512 -9.21456524518067
-9999 -9999 -9999 -9999 -9999 -9999 -9999 -9999 -9999 -9999 -9999 -9999 -9999 -9999 -40.4441226496627 -27.7918879325813 -50.6880316685121 -82.0284354388157 -94.3028314285484 -95.4243824510729 -95.5312418282269 -103.479024477392 -120.336598745733 -117.778647891159 -77.5455964439761 -46.640455140979 -30.1320909528479 -14.7315355197867 -14.7279875440284 -17.7176154386203 -23.5204069381022 -23.7430549020839 -22.3108747614716 -20.7819402896829 -17.4505886274356 -15.0458980016482 -13.3222740261437 -11.6122922142158 -9.55996625249017 -7.66333056836163 -6.40726671440837 -5.24829328710983 -4.1812642779164 -3.14310303812619 -1.68478601017554 -1.27363158431161 -1.44590404430849 -2.38394925283247 -2.72583794138325 -2.69312241357405 -3.10090413149095 -3.68533117832211 -4.5806908013259 -5.35001586597171 -5.69849704152895 -6.49300844040772
-9999 -9999 -9999 -9999 -9999 -9999 -9999 -9999 -9999 -9999 -9999 -9999 -9999 -9999 -68.7907361931069 -35.3025574873469 -44.6910183045159 -67.0021066088941 -87.6970361973851 -109.239378949611 -129.210255667492 -177.929365357951 -276.536461846261 -300.435312956587 -219.470296844492 -175.009417795946 -111.072218309622 -58.1241525709282 -37.7728816327234 -26.7916674785801 -31.1942106886459 -23.945870240552 -25.4939158605879 -26.0181088070537 -22.0610104859728 -20.0357003652906 -17.6975128131471 -16.0329559613412 -12.8689625148506 -9.17203169325588 -6.75910838351654 -5.2750443995363 -4.31527572790317 -3.3017178916224 -2.5614068370798 -2.10634204351038 -1.83600329937838 -1.8145129018732 -2.17921014141921 -2.80364482816769 -3.44427959200328 -3.53333797985723 -4.20190379413715 -4.55766128445772 -4.28397908811502 -4.40229546720659
-9999 -9999 -9999 -9999 -9999 -9999 -9999 -9999 -9999 -9999 -9999 -9999 -9999 -9999 -9999 -80.7660955622354 -40.4238098931785 -40.3124563050504 -71.4062987879612 -106.513102941368 -149.214504324589 -202.950711300113 -285.401916101784 -325.104900955826 -325.132187147692 -327.557902585942 -283.871804111071 -249.292106648443 -173.731140901838 -72.5256889464641 -32.0407298382646 -18.9447413520232 -24.9955617188029 -29.9948616432449 -26.2254359882665 -22.876731274595 -20.6136655007464 -19.1574226937472 -15.968005332514 -12.2700286009692 -8.70219396235184 -5.88360067818519 -4.45867256266939 -3.52704406643842 -2.45272536654383 -1.80555359521524 -1.50113403912173 -1.52591824262086 -1.83462178831232 -2.31433332550813 -2.39630101914931 -2.55786536222372 -3.00300236998682 -3.25169085471811 -3.29732181375995 -3.50100982595796
-9999 -9999 -9999 -9999 -9999 -9999 -9999 -9999 -9999 -9999 -9999 -9999 -9999 -9999 -9999 -117.651157128959 -52.6944487615624 -19.5838965902338 -51.2612463617125 -85.6599137637293 -144.594955113895 -187.40959825501 -259.309927006169 -300.536116981615 -337.788493847644 -422.780198561478 -393.409969844272 -453.864559780273 -360.966447447654 -151.88117150915 -48.2544995458174 -29.8172560957065 -24.9437095354878 -28.3682781954729 -25.4499341182111 -23.5506394647877 -22.4406830403202 -21.9328300810113 -19.9174286067662 -17.7479648902916 -14.0118801789904 -6.71989990444931 -4.62771408058232 -3.79551747847919 -2.43646533130524 -1.7244182369584 -1.28674069954303 -1.32223116826923 -1.53203704427174 -1.86376081390999 -1.92388660577516 -1.88251288936448 -2.01870656099073 -2.27600606729869 -2.5538774586931 -2.73028675898146
-9999 -9999 -9999 -9999 -9999 -9999 -9999 -9999 -9999 -9999 -9999 -9999 -9999 -9999 -9999 -46.7281242381611 -106.34164956424 -35.3590631368445 -22.5022810257781 -47.3594625941652 -96.0105993944867 -136.516327689713 -183.873462846871 -225.241977139918 -244.997308768918 -265.448203796911 -291.458050017706 -321.084635800391 -273.611561595352 -173.039014260494 -95.0945583044299 -45.167007110303 -17.9773254641194 -13.59909028083 -17.0809424922071 -21.4807898430202 -22.0181825621535 -21.6681223904555 -20.2047578259784 -19.2693465724017 -15.6003761207178 -7.26839157531573 -4.63844030292193 -4.02496858348109 -2.54045056494529 -1.72786919170744 -1.36201761060627 -1.24525191493186 -1.38957884715462 -1.73865049874366 -1.27272144922268 -1.2712136193522 -0.624032618615446 -0.183722423908613 0.0283011687550594 0.236903273026639
-9999 -9999 -9999 -9999 -9999 -9999 -9999 -9999 -9999 -9999 -9999 -9999 -9999 -9999 -9999 -9999 -80.5811004721115 -105.260000992123 -42.2934563324025 -21.2106160606729 -52.8577887311016 -77.6938727972781 -116.695342963925 -150.303017482816 -158.456250289755 -170.82712995979 -192.669578798927 -208.622044449265 -193.389601067568 -162.244932956599 -118.662248159511 -76.3241194017419 -26.2181127724657 -12.2305050675283 -8.74161229991387 -12.6042598899453 -14.6226068717457 -16.2829155431381 -15.8427426709432 -15.3321939347008 -13.9136683546271 -6.41881905357355 -4.47692646293429 -4.17828777954603 -3.25293419236172 -2.42756009080366 -2.29337251574655 -2.00384609513977 -2.16788583174222 -1.76748220423932 -1.28350964285079 -0.481565340037058 0.188098921939272 0.557889383093793 0.821523195866641 0.915833674000844
-9999 -9999 -9999 -9999 -9999 -9999 -9999 -9999 -9999 -9999 -9999 -9999 -9999 -9999 -9999 -9999 -9999 -73.0834178932799 -145.738067429351 -58.0529036546668 -27.0060434271929 -28.7056260201637 -54.7055551023611 -86.3507966641453 -101.922457678859 -112.882219898757 -132.802541287766 -149.081686883734 -148.400105630956 -144.678120475517 -137.285116413084 -104.376516013268 -65.6993586225493 -33.8581791804076 -15.1937771376938 -5.10412999804278 -6.58373925585329 -9.38362839888081 -10.8909380812488 -9.46245116434789 -6.91652683745745 -5.24285951542914 -4.16060068643418 -4.17244354168367 -4.16453480116319 -3.96736097553196 -3.66112629888184 -3.30690871726138 -2.97909372327446 -2.60846597555383 -2.15148852316742 -1.34124490238085 -0.55373126161572 -0.0425967761369137 0.282898994752046 0.758526196944916
-9999 -9999 -9999 -9999 -9999 -9999 -9999 -9999 -9999 -9999 -9999 -9999 -9999 -9999 -9999 -9999 -9999 -9999 -9999 -196.018781535869 -118.230301537631 -64.2827354760601 -50.6487401017797 -56.8357704163935 -71.5412344162708 -88.6568677695124 -106.393586430708 -119.276095692743 -123.754328498774 -132.683499998418 -141.945073155069 -131.162610244122 -115.204306517838 -83.8143071287556 -36.3355510925904 -14.3066201984041 -6.34905615414049 -3.69218813052362 -5.70159594442874 -5.91770971040123 -4.69719808063541 -4.72653750475725 -4.31843012247321 -4.09500238908619 -4.06699820080768 -3.98919269606442 -3.66819826583349 -3.65223355235696 -3.39637763018028 -2.70138849512167 -2.12526627646822 -1.28493251798479 -0.749622835095058 -0.215289340662277 0.0899213611478523 0.469284072990676
-9999 -9999 -9999 -9999 -9999 -9999 -9999 -9999 -9999 -9999 -9999 -9999 -9999 -9999 -9999 -9999 -9999 -9999 -9999 -9999 -9999 -187.9166633187 -117.375368900508 -77.6593721149397 -63.2242911045531 -80.5105939197982 -90.5558458794917 -101.209638487251 -108.72387665769 -115.971706125085 -125.903348861548 -135.423390780152 -161.147345294711 -143.976006301908 -88.3196797624104 -47.7793428948718 -19.6019357440314 -5.44539462904218 -2.40970853671417 -3.57563173185129 -6.63933682647915 -6.76233121893695 -5.89763232961949 -5.59542270547193 -4.89484429325078 -4.40303687980288 -3.87187985117159 -3.4813265536642 -3.25776775687913 -2.43754407273406 -1.80973432795659 -1.15826282836936 -0.612150008968589 -0.199685635496172 0.20740336745103 0.355326470405599
-9999 -9999 -9999 -9999 -9999 -9999 -9999 -9999 -9999 -9999 -9999 -9999 -9999 -9999 -9999 -9999 -9999 -9999 -9999 -9999 -9999 -9999 -9999 -146.260052656781 -82.7282686355627 -62.1277802585816 -65.5324049827137 -74.7093831837043 -87.917541738425 -94.4267126988789 -105.279127438469 -124.394477999062 -156.373579307608 -162.378546213282 -131.841304819648 -99.2231888414007 -48.6504836740674 -15.1308445125178 -6.1990942314606 -2.77892601770245 -5.68488811963448 -8.42672246813286 -9.35987586314604 -8.59858778731688 -6.83777057295417 -5.26367753106148 -4.17138166423131 -3.4554388522254 -2.88978809995712 -2.10492353297469 -1.46314350803843 -0.881184123255693 -0.4093667816446 -0.051505354042527 0.311812390190905 0.361756733648535
-9999 -9999 -9999 -9999 -9999 -9999 -9999 -9999 -9999 -9999 -9999 -9999 -9999 -9999 -9999 -9999 -9999 -9999 -9999 -9999 -9999 -9999 -9999 -9999 -9999 -113.200896465789 -66.6269140188087 -49.7853093799095 -61.4383082060551 -71.7587681260195 -80.6525708606716 -98.630712911424 -128.804162778947 -142.968765540656 -145.247475695758 -145.727281313731 -90.7909526977816 -49.1797143602416 -17.2789619935773 -4.41686864843008 -2.39700737408122 -7.30738732879732 -11.6167708791727 -13.3587404604199 -9.55385595388627 -6.53206097207375 -5.01823916535756 -4.01560434947775 -2.8818407560581 -2.06348050614863 -1.3986982287201 -0.79102967464685 -0.323881927964524 0.0717948369821187 0.38044091612686 0.232980607991577
-9999 -9999 -9999 -9999 -9999 -9999 -9999 -9999 -9999 -9999 -9999 -9999 -9999 -9999 -9999 -9999 -9999 -9999 -9999 -9999 -9999 -9999 -9999 -9999 -9999 -255.699752691046 -116.565391664234 -58.2293495271678 -41.2621170840072 -49.3812124205048 -65.2398459192822 -82.9988286288931 -101.128270774277 -112.12070103248 -126.583120680873 -130.175049199245 -101.793026870016 -71.591887536971 -31.2080533950248 -5.29961591325887 -0.74323736676264 -4.46736212402309 -10.1960839229699 -14.246667924003 -12.2995402011816 -8.21833613772072 -6.32070062261958 -5.1173929990901 -3.58179125088072 -2.36219826890533 -1.52267297412579 -0.890833146406953 -0.365290534864681 0.116005629947592 0.448588364328933 0.272505515910639
-9999 -9999 -9999 -9999 -9999 -9999 -9999 -9999 -9999 -9999 -9999 -9999 -9999 -9999 -9999 -9999 -9999 -9999 -9999 -9999 -9999 -9999 -9999 -9999 -9999 -9999 -9999 -119.740881425032 -54.6821942702337 -37.4628760206538 -57.6703042766448 -78.8059789265813 -86.9149783566687 -91.9778315495173 -91.8794451630293 -90.7402016813547 -89.7982101425235 -76.4306936651048 -39.8110542690666 -8.24607071232542 -0.127171538441264 -1.27683398745925 -7.16279059007745 -11.906262592463 -12.5998304430223 -9.84601595026058 -8.08567449376246 -6.41285243721966 -4.69671959282975 -2.93520771285172 -1.7681323420624 -1.14345292733854 -0.569417612057229 0.0227730431976483 0.499222222705925 0.313920185290208
-9999 -9999 -9999 -9999 -9999 -9999 -9999 -9999 -9999 -9999 -9999 -9999 -9999 -9999 -9999 -9999 -9999 -9999 -9999 -9999 -9999 -9999 -9999 -9999 -9999 -9999 -9999 -195.497069987534 -78.0196737813789 -37.294985422696 -44.4117962502749 -75.6481521407613 -92.5142238871562 -96.5615132162283 -83.7772540968056 -73.7427067343251 -74.0340391336509 -73.2648983990473 -44.1741590870015 -13.8680475514955 0.317844714066978 -0.685944160435136 -5.56617434464573 -11.9838956165622 -12.7334279006637 -10.3886328930039 -9.13749103549337 -7.65327749363288 -6.03232528642867 -4.0668190413866 -2.61617118281749 -1.70473551290117 -0.950212479033632 -0.174889796064118 0.555899580593815 0.645936638318852
-9999 -9999 -9999 -9999 -9999 -9999 -9999 -9999 -9999 -9999 -9999 -9999 -9999 -9999 -9999 -9999 -9999 -9999 -9999 -9999 -9999 -9999 -9999 -9999 -9999 -9999 -9999 -9999 -105.18665752086 -35.7779684848415 -35.4152550732778 -69.0390244671826 -101.838050943051 -111.598343417598 -88.1955680781548 -69.6908090140893 -65.6893524399526 -69.638652382677 -49.353713427723 -19.0815002814582 -0.894309889340988 -0.782093647575834 -6.05217914047874 -13.9746377714161 -13.3458800426756 -10.8703920323086 -9.32473956998966 -7.82401407936779 -6.47473404620116 -5.46926208760104 -4.56117147556932 -2.72278874242232 -1.52860634072792 -0.390770464448071 0.590974861337309 0.887932365778493
-9999 -9999 -9999 -9999 -9999 -9999 -9999 -9999 -9999 -9999 -9999 -9999 -9999 -9999 -9999 -9999 -9999 -9999 -9999 -9999 -9999 -9999 -9999 -9999 -9999 -9999 -9999 -9999 -126.895903386532 -38.9945463967403 -33.5336528672911 -69.3524619599678 -113.991648518402 -130.129588143673 -100.264323355208 -74.0028617649078 -66.7598377851817 -69.2962899058887 -52.4070300996458 -22.4424061961588 -2.9018493996914 -0.399316685174961 -2.75988701936887 -10.7763587802417 -13.761854526042 -11.760015112941 -9.88122628215642 -8.1238022573324 -6.69134341887587 -6.00232163402827 -4.8448491003508 -3.41197483586402 -2.02271821533841 -0.511632024813117 0.594823833285495 1
-9999 -9999 -9999 -9999 -9999 -9999 -9999 -9999 -9999 -9999 -9999 -9999 -9999 -9999 -9999 -9999 -9999 -9999 -9999 -9999 -9999 -9999 -9999 -9999 -9999 -9999 -9999 -9999 -148.558826168799 -41.7764062363923 -31.3364633854594 -72.6704828258673 -128.584713059393 -153.146603611188 -109.954659353339 -80.7826032438048 -71.385432985602 -77.5775328917445 -59.0566293842476 -25.7642801655095 -6.48021876950123 -0.290306155608286 -2.21174664038692 -8.49109698346306 -11.0187210467256 -11.5802473369318 -11.0082507281113 -8.55418435140101 -6.92337301268207 -6.21494245679896 -4.99741000713457 -3.42854109613414 -2.00912603515858 -0.561158169775522 0.567339793913413 0.91502533705362
-9999 -9999 -9999 -9999 -9999 -9999 -9999 -9999 -9999 -9999 -9999 -9999 -9999 -9999 -9999 -9999 -9999 -9999 -9999 -9999 -9999 -9999 -9999 -9999 -9999 -9999 -9999 -9999 -153.998650487756 -41.9355606756584 -31.4495864548512 -79.4828967389955 -134.051940276549 -158.289187480266 -119.093712880575 -90.869281591171 -81.4811576227942 -84.6578212431718 -61.9962094042718 -28.9509293602036 -7.57365258104901 -1.24230371392149 -2.25980837177923 -8.14897086234758 -11.0912051876157 -11.0261272342058 -10.991927681186 -10.6452013581229 -8.43479529225865 -6.06535408908282 -4.15238492620276 -2.98982945814652 -1.93619789094666 -0.638769408712465 0.461374402237044 0.553391254232188
-9999 -9999 -9999 -9999 -9999 -9999 -9999 -9999 -9999 -9999 -9999 -9999 -9999 -9999 -9999 -9999 -9999 -9999 -9999 -9999 -9999 -9999 -9999 -9999 -9999 -9999 -9999 -9999 -165.119040609848 -42.5873086277531 -34.0787219686944 -88.272049392866 -142.788623755392 -162.045949413505 -122.709805493871 -101.739279985372 -89.7973303178483 -95.8305031186614 -67.6341249710906 -31.0013330467419 -10.2144427265422 -2.46696443206443 -2.41517565888261 -9.12285958999605 -11.0881639803296 -11.0535288006638 -10.6950361873662 -10.7328391876257 -10.178727482687 -5.91129450134572 -2.95677627325623 -2.68593095952707 -2.30732169370647 -1.13346064654707 0.0168700042449854 0.254086433108431
