meets/meet006/_saidas_enm/CCSM_Maha_0k_T_subalaris4.asc
NCOLS 154 
NROWS 168 
XLLCORNER -112 
YLLCORNER -55.5 
CELLSIZE 0.5 
NODATA_value -9999 
[rows 100 to 124 of 168, columns 56 to 111 of 154]
-9999 -9999 -9999 -9999 -9999 -9999 -9999 -9999 -9999 -9999 -9999 -9999 -9999 -9999 -9999 -9999 -9999 -9999 -9999 -9999 -9999 -9999 -9999 -9999 -9999 -9999 -9999 -9999 -201.948834315722 -51.7638419882406 -46.6544795352929 -100.483076884496 -141.628701035002 -149.436549641256 -116.722262805434 -95.2034198329293 -91.430423543376 -93.9762370640463 -65.0961278492514 -32.7573800719296 -12.0279026536917 -3.90429842915934 -4.51105543411545 -10.1983090740774 -12.3291231399519 -11.5505206446342 -11.0789738319542 -10.5078925392854 -8.49823811383424 -7.1583539022759 -5.07244625410019 -4.12051060455843 -3.20147070720959 -1.87504848568536 -0.837810278495287 -0.362490022425922
-9999 -9999 -9999 -9999 -9999 -9999 -9999 -9999 -9999 -9999 -9999 -9999 -9999 -9999 -9999 -9999 -9999 -9999 -9999 -9999 -9999 -9999 -9999 -9999 -9999 -9999 -9999 -9999 -217.803133242315 -52.1076793726211 -58.7778591422126 -107.82442502291 -137.206708405274 -139.963114881564 -107.886315322936 -93.8185075329581 -91.0773316128987 -93.4072672751532 -63.7099718935129 -33.5681470845849 -14.4585718997613 -5.37245063412727 -8.04928360290711 -12.4816023146826 -13.4975233000299 -12.1460864408635 -10.3913516924049 -10.2194511792479 -8.32363828194064 -6.67104897952051 -6.16518783414266 -5.49005584529937 -4.25424787609054 -2.38048443167653 -0.691747156897319 0.102790557721462
-9999 -9999 -9999 -9999 -9999 -9999 -9999 -9999 -9999 -9999 -9999 -9999 -9999 -9999 -9999 -9999 -9999 -9999 -9999 -9999 -9999 -9999 -9999 -9999 -9999 -9999 -9999 -317.056681139729 -225.299229690933 -54.8491931975064 -64.2790070813752 -110.274810877141 -131.803132637329 -129.317764686632 -99.9532663189792 -89.3688967393225 -89.290535140328 -83.1600090560434 -56.1639961001764 -31.6754424878386 -13.6599105687826 -5.58403852011964 -10.8593429897294 -14.8224024241468 -15.1318019859175 -13.0264728509308 -10.2557237347949 -8.84676799138055 -8.2930537694869 -7.16950764122814 -5.13711008179028 -4.83184351347667 -5.14310503881851 -3.43762949725482 -1.2968917119226 0.119965077729024
-9999 -9999 -9999 -9999 -9999 -9999 -9999 -9999 -9999 -9999 -9999 -9999 -9999 -9999 -9999 -9999 -9999 -9999 -9999 -9999 -9999 -9999 -9999 -9999 -9999 -9999 -9999 -316.560649101376 -218.765361133764 -56.2690820197695 -75.9633805674648 -117.389014749117 -132.052476593257 -126.889560312326 -96.1899370172336 -91.6570971945159 -89.2529007636448 -76.857379302974 -52.381678935846 -29.992174927898 -12.0219236721558 -6.41724384200886 -11.7734176343048 -17.8584527964539 -17.3006347772276 -14.8085755407599 -10.9333617573489 -8.2575957169415 -6.7746628487433 -5.41346358447853 -4.83656238796448 -4.12638721709826 -3.92084093170291 -3.46012478137996 -1.84372454243725 -0.380165569614114
-9999 -9999 -9999 -9999 -9999 -9999 -9999 -9999 -9999 -9999 -9999 -9999 -9999 -9999 -9999 -9999 -9999 -9999 -9999 -9999 -9999 -9999 -9999 -9999 -9999 -9999 -9999 -303.29918512019 -191.703921466471 -59.4822962949743 -92.5048860675828 -130.988659977346 -141.929952119462 -131.832558881294 -99.7490544220124 -96.9447045107904 -95.5344576602848 -74.1897741025187 -51.6801713139097 -28.1642154412725 -10.4822653029992 -7.01937173804521 -11.5207738928076 -16.6118856569275 -17.1372587316766 -15.9987497368612 -12.5239184909368 -8.92399727402387 -6.48313131840067 -4.50966980413293 -3.13164984305693 -2.98472810131917 -3.16945217053174 -1.84923261686935 -0.95856951508949 -0.379078790750533
-9999 -9999 -9999 -9999 -9999 -9999 -9999 -9999 -9999 -9999 -9999 -9999 -9999 -9999 -9999 -9999 -9999 -9999 -9999 -9999 -9999 -9999 -9999 -9999 -9999 -9999 -9999 -265.985943670671 -164.710571362751 -68.4009552588156 -112.96860057645 -155.314204796621 -155.858786673628 -144.725787138542 -108.977309591956 -112.017681259654 -106.043175384784 -81.9884412941875 -57.0035302709768 -27.7478159367338 -10.2291763769788 -8.0144896069947 -11.6660977120623 -15.598293388618 -15.8998476533328 -14.8861167478553 -14.2580097313916 -10.5719770469068 -7.49774357854594 -5.06403665302228 -3.09807408790956 -1.92387762665581 -1.50119247623369 -1.70307383750494 -0.60018931990394 0.26747890561183
-9999 -9999 -9999 -9999 -9999 -9999 -9999 -9999 -9999 -9999 -9999 -9999 -9999 -9999 -9999 -9999 -9999 -9999 -9999 -9999 -9999 -9999 -9999 -9999 -9999 -9999 -9999 -214.930125077136 -128.188444596772 -86.7010138666694 -143.062838638714 -183.543225934505 -182.57451788479 -160.99078526916 -122.624831760469 -136.330738944625 -123.659578156332 -97.9711173221038 -66.3848613741612 -29.7454292583005 -11.7640372216485 -9.4384471645664 -11.7309750080794 -14.5368956755167 -14.974858338018 -14.4874957188871 -13.9152962993026 -12.0843906455482 -9.1666760510386 -6.67046535352027 -4.49258559265423 -2.46835473111583 -0.994573785914532 -0.296311272571542 -0.298643785464071 -0.231555914007957
-9999 -9999 -9999 -9999 -9999 -9999 -9999 -9999 -9999 -9999 -9999 -9999 -9999 -9999 -9999 -9999 -9999 -9999 -9999 -9999 -9999 -9999 -9999 -9999 -9999 -9999 -9999 -163.654826467364 -103.097074630265 -108.762111187064 -171.273112516013 -207.154972057673 -199.349522871344 -169.525603254509 -138.864607432654 -165.316600268631 -145.290521805094 -116.08112508218 -76.0767251839361 -31.7243060292832 -13.2223647332091 -11.1228694142878 -12.3876069998415 -14.0503551001059 -14.0243299189826 -13.4130339417709 -12.6172038263901 -11.8671742859318 -10.6274273241799 -8.73034298606066 -6.59578623616502 -4.05656613396789 -1.9361652310199 -0.288369623139483 0.497070080601213 0.446312963731219
-9999 -9999 -9999 -9999 -9999 -9999 -9999 -9999 -9999 -9999 -9999 -9999 -9999 -9999 -9999 -9999 -9999 -9999 -9999 -9999 -9999 -9999 -9999 -9999 -9999 -9999 -9999 -122.197373226438 -87.5997346177219 -122.732251145643 -196.95869768005 -217.479297542478 -204.827153281701 -167.884170316693 -148.448274726889 -197.172513622433 -163.342970317019 -131.496972310791 -83.7001384381262 -33.3456772860078 -14.493126669417 -13.3213021554531 -13.7554148596982 -14.3998283834138 -13.659475334315 -12.4330979976663 -11.2541685439105 -9.98400629252748 -8.90410299629105 -7.89763311882483 -7.13846934284042 -6.88958599251904 -3.93949762897926 -1.53637782256831 0.123124819235843 0.888742058529071
-9999 -9999 -9999 -9999 -9999 -9999 -9999 -9999 -9999 -9999 -9999 -9999 -9999 -9999 -9999 -9999 -9999 -9999 -9999 -9999 -9999 -9999 -9999 -9999 -9999 -9999 -9999 -97.8994130864516 -87.3084033143784 -129.701987913522 -187.859310468342 -201.335416225364 -177.914979921745 -139.639098980443 -139.580435315239 -184.35928464445 -162.85237950673 -128.826765127176 -74.6566485534146 -33.2835562040956 -16.1780311815422 -15.861582173567 -15.5889797054407 -15.3632745441032 -14.1674548815095 -12.4927740275142 -10.7981443391358 -9.17685953112539 -7.82930207432122 -6.75261531511088 -5.81269993966037 -5.26640203021167 -5.18683698795033 -3.41163931676324 -0.981627865831619 0.524311030883195
-9999 -9999 -9999 -9999 -9999 -9999 -9999 -9999 -9999 -9999 -9999 -9999 -9999 -9999 -9999 -9999 -9999 -9999 -9999 -9999 -9999 -9999 -9999 -9999 -9999 -9999 -92.1352391344231 -86.5288586288382 -93.800488517732 -133.378087120725 -175.953104341615 -170.313773483628 -141.648249775816 -103.373817006403 -117.716938093408 -172.036707626651 -147.894938547434 -111.146524680221 -63.2704607085406 -30.9683799121269 -19.4874170723963 -20.031023580459 -18.4597552996426 -17.1359683303094 -15.8140034117484 -13.8337007186173 -12.032152287776 -10.0858014533616 -8.31322414520831 -6.58382661460615 -5.23145652000516 -4.39560510101631 -4.08474176594774 -4.34156633419111 -2.69924767557006 -0.536503706470787
-9999 -9999 -9999 -9999 -9999 -9999 -9999 -9999 -9999 -9999 -9999 -9999 -9999 -9999 -9999 -9999 -9999 -9999 -9999 -9999 -9999 -9999 -9999 -9999 -9999 -9999 -84.583805230298 -85.6873928732533 -113.067099870382 -137.210310553084 -150.423019101057 -137.242045634795 -104.49311337569 -73.5362118044394 -88.5417022306441 -121.599345749916 -117.107765369524 -82.2071232799242 -52.8321840444132 -31.5260301622489 -26.2711739792646 -26.2927087451715 -24.0832676980932 -21.8704686927956 -19.9432796287679 -17.5391175510093 -14.4535735719246 -11.4912982504005 -8.9390710583123 -6.74472983183126 -5.00858911007605 -3.75802501707272 -3.22030022456193 -3.29393302029972 -3.61793826162077 -1.5200133445714
-9999 -9999 -9999 -9999 -9999 -9999 -9999 -9999 -9999 -9999 -9999 -9999 -9999 -9999 -9999 -9999 -9999 -9999 -9999 -9999 -9999 -9999 -9999 -9999 -9999 -9999 -80.90915233491 -112.731406550826 -132.254805120714 -144.468328381168 -140.924464685671 -108.261286906056 -73.8689593084341 -54.3968152133336 -63.5819706894773 -99.0029753412525 -87.3152686839047 -62.4885056242881 -43.4438042032708 -37.0082780450514 -36.8508587060131 -34.8093359734457 -31.8738792945574 -28.8988350470506 -25.9199636417153 -23.6992509577349 -18.0211285807185 -13.0130178266998 -9.64929098445115 -7.23892118439111 -5.19455212915443 -3.4764405780607 -2.46042205068146 -2.34555477798486 -2.73564006617206 -2.82519104927912
-9999 -9999 -9999 -9999 -9999 -9999 -9999 -9999 -9999 -9999 -9999 -9999 -9999 -9999 -9999 -9999 -9999 -9999 -9999 -9999 -9999 -9999 -9999 -9999 -9999 -9999 -91.8142582715122 -138.111902186527 -165.572233269996 -145.703246538421 -109.793934712437 -77.3677682704092 -50.5989259247653 -38.993103045468 -46.5427427070632 -73.4453018552263 -67.7549187743279 -48.1123324164512 -43.8530729131873 -44.6102921055355 -45.2247289776436 -42.881977990403 -38.9104160086926 -34.8998563471883 -31.0024668406713 -26.7510933736866 -20.5770221912806 -14.9133158109782 -10.8910648151955 -8.01460282851057 -5.63748706696458 -3.50823547764859 -2.10698170346435 -1.54047222658616 -1.62878798180176 -2.2466521235082
-9999 -9999 -9999 -9999 -9999 -9999 -9999 -9999 -9999 -9999 -9999 -9999 -9999 -9999 -9999 -9999 -9999 -9999 -9999 -9999 -9999 -9999 -9999 -9999 -9999 -66.9538558704861 -110.115728104954 -182.340465956109 -206.313015441071 -138.737511316527 -92.1758614407438 -58.8540595208471 -36.4644443654735 -31.7295681669616 -50.7767666185287 -74.1332090522663 -59.9260287549019 -48.1064302128077 -50.4609356081068 -53.081185628192 -54.73830966109 -50.0099805381325 -45.0788121108314 -40.2202440837686 -35.2229513439296 -30.7921358642907 -23.7884283816469 -17.0349993531719 -12.5140526476561 -9.22294707788877 -6.62770230463173 -4.07157624108483 -2.21262710015812 -1.15711117624625 -0.78000838299268 -0.965620880391129
-9999 -9999 -9999 -9999 -9999 -9999 -9999 -9999 -9999 -9999 -9999 -9999 -9999 -9999 -9999 -9999 -9999 -9999 -9999 -9999 -9999 -9999 -9999 -9999 -9999 -76.3626285455036 -118.693094360645 -178.018766940401 -188.422493303332 -126.488909517793 -77.2794109387855 -49.8626712977778 -35.2653559747823 -32.1228608402904 -51.4176669330511 -68.1087407011831 -65.6897304534994 -58.6974658939744 -59.9681627237492 -60.1061729191886 -59.3283095779679 -55.2679890007382 -50.0016715740366 -44.8881859409422 -39.6626970359859 -34.1822300057083 -26.9067095855071 -20.3780864201335 -15.3510319279214 -11.1587833434304 -7.70981715617712 -4.74649423014097 -2.61191459961812 -1.14065453226072 -0.286382538464314 -0.00319306794448138
-9999 -9999 -9999 -9999 -9999 -9999 -9999 -9999 -9999 -9999 -9999 -9999 -9999 -9999 -9999 -9999 -9999 -9999 -9999 -9999 -9999 -9999 -9999 -9999 -9999 -85.2806692670228 -124.709892478182 -177.061245221075 -176.413116497909 -110.950616651539 -67.2773594272485 -47.1013055463636 -36.2192825530073 -41.6182019873499 -61.6046578850633 -81.2452754981715 -76.459350529072 -69.2450868940242 -67.9393445720477 -66.5727056281319 -64.1145610435844 -59.2646505855752 -54.054884999218 -48.9780752430124 -43.6142716369893 -38.3604265187968 -30.8005133987892 -23.9763273572311 -18.2656450219522 -13.1044277765455 -9.21564045534534 -5.79565540785536 -3.26915999932137 -1.40376619653779 -0.167930897169048 0.435174990003781
-9999 -9999 -9999 -9999 -9999 -9999 -9999 -9999 -9999 -9999 -9999 -9999 -9999 -9999 -9999 -9999 -9999 -9999 -9999 -9999 -9999 -9999 -9999 -9999 -9999 -90.9587511159727 -129.221804708617 -175.684461754954 -168.894226476364 -110.70699844499 -70.8512983873573 -51.3416987357453 -45.9137771594002 -53.5521380925742 -72.3221730155464 -87.1646884953069 -86.447425781301 -79.5452175590057 -76.1709607237489 -73.0990513566325 -69.458740259781 -63.5536636374468 -57.6306487608984 -52.6940279005043 -48.3816651082107 -42.9701956366438 -34.8228782466171 -26.6144410627891 -20.4279771317405 -15.359337132384 -11.121803427568 -7.19304373380479 -4.15490651297334 -1.9863979675526 -0.451335552975399 0.435913091259899
-9999 -9999 -9999 -9999 -9999 -9999 -9999 -9999 -9999 -9999 -9999 -9999 -9999 -9999 -9999 -9999 -9999 -9999 -9999 -9999 -9999 -9999 -9999 -9999 -9999 -91.2719474807037 -132.303603953445 -183.249054620117 -172.839552366847 -110.983027664625 -75.6134133463533 -56.9666464059358 -57.0237347814631 -65.8851652584948 -81.9091655676581 -96.148011011091 -95.316571896976 -89.9310349472081 -85.6184917059555 -80.4719059440671 -76.223837097654 -69.0849797056974 -62.8014555281229 -57.859576210227 -53.457217085989 -49.0876999445979 -38.9412589010125 -29.584136949679 -22.8681765995201 -17.4635022882409 -13.4385282032136 -8.93353387068558 -5.42891637754979 -2.85655131242394 -0.946945777486343 0.109865055383426
-9999 -9999 -9999 -9999 -9999 -9999 -9999 -9999 -9999 -9999 -9999 -9999 -9999 -9999 -9999 -9999 -9999 -9999 -9999 -9999 -9999 -9999 -9999 -9999 -9999 -93.3412226630258 -136.551643031574 -187.067912999983 -176.276360869441 -115.146839434677 -76.3055148393839 -64.1303250184419 -68.6075502931955 -76.7090579213445 -89.6732095778215 -100.560971540609 -100.612349786192 -96.3838970620752 -92.4555881090345 -87.269994813006 -81.9959025245214 -75.5226766120985 -71.1358242278115 -65.9049794440157 -58.9221626932222 -51.2608915290386 -42.2649585906008 -33.703073562197 -26.7506440342361 -20.6859326198004 -15.6459886294602 -10.9739636939427 -7.17874057837601 -4.25951719253725 -1.92660187675237 -0.40801564428914
-9999 -9999 -9999 -9999 -9999 -9999 -9999 -9999 -9999 -9999 -9999 -9999 -9999 -9999 -9999 -9999 -9999 -9999 -9999 -9999 -9999 -9999 -9999 -9999 -9999 -91.2975246851897 -135.832579614065 -193.645389130226 -183.154431798024 -116.875728093454 -79.4089072949068 -70.7172695169621 -77.4711896272763 -84.68114648855 -94.5699114266148 -103.022445567662 -102.814616030189 -100.200140383605 -96.7653876875791 -91.1035083588584 -86.6733027801198 -80.8683838272636 -77.8779230048101 -72.2291725853772 -62.8607377673092 -54.3210066949572 -45.6017031832148 -37.4665519705264 -30.6316459606182 -23.9104850455029 -18.594014420546 -13.4964404329291 -9.21215421764079 -5.81817782233812 -3.0187986301755 -1.32248349168056
-9999 -9999 -9999 -9999 -9999 -9999 -9999 -9999 -9999 -9999 -9999 -9999 -9999 -9999 -9999 -9999 -9999 -9999 -9999 -9999 -9999 -9999 -9999 -9999 -9999 -90.3665532525737 -135.893139605841 -197.4616796773 -189.441264413044 -127.640363206051 -89.2931801492229 -80.6294461377213 -84.862713457391 -89.3637314999523 -97.4087841968079 -103.512064608176 -104.212379539377 -101.788950568142 -98.7942903374069 -94.3217326533261 -89.3579734984501 -84.7957478069802 -81.6018835240876 -75.942641294395 -67.1396263143915 -57.6377037924474 -48.907132857438 -41.1060249858238 -33.8595423333919 -27.6313324948176 -21.961888464779 -15.9530134824911 -11.0902038644445 -7.41170771985739 -4.62857136605077 -2.61010545898196
-9999 -9999 -9999 -9999 -9999 -9999 -9999 -9999 -9999 -9999 -9999 -9999 -9999 -9999 -9999 -9999 -9999 -9999 -9999 -9999 -9999 -9999 -9999 -9999 -9999 -87.1922132911006 -132.941858659075 -199.226789391624 -201.53922971377 -138.641751915215 -98.0600969273305 -88.219208384158 -91.7647459692376 -94.7700954771432 -100.408911310994 -105.446691194447 -105.922270856805 -103.947123461687 -101.081464243634 -96.2938841289442 -91.2174810657116 -86.9355253191632 -84.6028880343683 -79.7039938119152 -71.3644364582106 -62.4183618026943 -53.6984290691891 -45.0423615540749 -37.2809606797865 -30.0639328792023 -24.3243389759201 -18.428527830409 -13.3389122276096 -9.6865189333578 -6.50083082290059 -4.3016509357236
-9999 -9999 -9999 -9999 -9999 -9999 -9999 -9999 -9999 -9999 -9999 -9999 -9999 -9999 -9999 -9999 -9999 -9999 -9999 -9999 -9999 -9999 -9999 -9999 -9999 -85.2262156458511 -135.295963272675 -204.640784606542 -216.012732661529 -155.496134423778 -109.865971949298 -97.3386119399896 -99.1051914748754 -98.9144931475923 -103.603222053628 -107.101055956129 -107.676802393837 -105.835392324819 -102.539404666106 -97.3345415814705 -92.2659002107715 -88.5747556058753 -86.802109648321 -82.9598518626386 -76.8133029859349 -69.9018867013976 -59.9351103709601 -49.5631041685622 -40.6616396925226 -32.4196238297546 -25.4294703958555 -20.5248089763044 -16.4398303415132 -12.3346019377168 -8.74127744903895 -6.20368240234888
-9999 -9999 -9999 -9999 -9999 -9999 -9999 -9999 -9999 -9999 -9999 -9999 -9999 -9999 -9999 -9999 -9999 -9999 -9999 -9999 -9999 -9999 -9999 -9999 -85.4530545246388 -90.8118313892723 -137.202860270681 -210.221487323857 -233.128990476515 -176.550160959561 -124.324385714619 -108.313446339764 -104.617454079595 -101.687488077929 -104.513165661044 -108.570948992308 -107.968758969576 -105.756429642731 -102.373568219054 -97.3121600421082 -93.125877592992 -89.9424714122969 -88.9288088660278 -85.9012144168944 -81.0060204987361 -74.6271184875335 -65.2451467419774 -55.174808065326 -45.9715931972435 -36.8233486941724 -28.99217114187 -23.9005252864604 -19.7998866009576 -15.3311544537412 -11.0682844440355 -7.88752200156222
