meets/meet006/_saidas_enm/CCSM_SVM_0k_S_lineola3.asc
NCOLS 154 
NROWS 168 
XLLCORNER -112 
YLLCORNER -55.5 
CELLSIZE 0.5 
NODATA_value -9999 
[rows 75 to 99 of 168, columns 56 to 111 of 154]
-9999 -9999 -9999 -9999 -9999 -9999 -9999 -9999 -9999 -9999 -9999 0.558694780740903 0.301219727654337 0.25825275491141 0.290755688125106 0.346435931060499 0.402196991753689 0.337338768445392 0.150565510595606 0.0449002778105452 -0.00972346626006204 -0.0372987485694869 -0.0451660113561017 -0.0526581587306788 -0.0502602840706852 -0.048904938593871 -0.0507319039579014 -0.0501419053654089 -0.051641484742473 -0.0483876821249589 -0.0465845234838905 -0.0464697648669385 -0.0440980424152302 -0.0371866356612462 -0.0205980601017686 -0.00275859904581688 0.0180408679871341 0.0390559366859585 0.068634126418249 0.10763462552723 0.14321526539052 0.183692891099116 0.214234672446752 0.249684658873935 0.289780610114096 0.30870348788557 0.310358406057661 0.288770651741648 0.260521737902904 0.225263304980752 0.188138398274259 0.170217057727167 0.14925349718056 0.13615910027503 0.137166778002823 0.134356975189526
-9999 -9999 -9999 -9999 -9999 -9999 -9999 -9999 -9999 -9999 -9999 0.586484575701563 0.42751342681785 0.355781785919829 0.338530617200066 0.409998957502622 0.517222711247864 0.588113599923955 0.469235921340166 0.273758945038868 0.0383041673064061 0.00945537800978957 -0.012105594357419 -0.0309425693417097 -0.028163954020417 -0.0342455109425931 -0.0370747442972266 -0.0396982532699162 -0.0438824925806982 -0.042758736501072 -0.0437553870774867 -0.0467688915737402 -0.0419361399167336 -0.0343848530383001 -0.0177659431762262 0.00679402709312665 0.0182769221375931 0.0433391345766609 0.0729045197457884 0.112804291471318 0.169466698189583 0.193205201313854 0.236158430813774 0.277050752223247 0.305584952333688 0.34284230444017 0.343284864911647 0.331957980705928 0.31943924476385 0.296079805947032 0.271437500773044 0.252372364397604 0.231318487263592 0.210970277322343 0.194381634676397 0.160158471680364
-9999 -9999 -9999 -9999 -9999 -9999 -9999 -9999 -9999 -9999 -9999 -9999 0.473093062513099 0.453254419850298 0.469888093772289 0.519134166344006 0.57196146361191 0.567264120913933 0.587904782391069 0.523556068552651 0.288527794756545 0.123599150959678 0.0245476207973273 -0.0188705363228441 -0.00472834707034975 -0.00393712353622455 -0.0126130958465738 -0.0265685323094069 -0.0372882237818009 -0.040144638143116 -0.0412572861197935 -0.0450523521165722 -0.0436240458883688 -0.037783239292783 -0.0223122498327122 -0.00176085283079974 0.013093431528018 0.0328172916349777 0.0589528897077557 0.0949703389900363 0.138645277962923 0.168280209176521 0.204791873203939 0.248175328159033 0.294617687368504 0.341949316445393 0.367829390780336 0.376447342528469 0.37874345285681 0.370539694462477 0.351967746491788 0.339033450449469 0.319349517446134 0.293853955349177 0.26511676236432 0.221934564286898
-9999 -9999 -9999 -9999 -9999 -9999 -9999 -9999 -9999 -9999 -9999 -9999 0.5001404978848 0.537609187302587 0.63770606748613 0.635752230020066 0.495926642946432 0.402043338242271 0.402161090939471 0.513813615911853 0.570214169123437 0.370586208316297 0.105315264709692 0.000932250446054439 0.0495408936147197 0.0445717794157893 0.00922369356329578 -0.0168786404785133 -0.0338113949377246 -0.0386979919216315 -0.0407421192867027 -0.0468060262434586 -0.046083670520538 -0.0423959861596044 -0.0306236473167574 -0.0161763041278359 -0.00233585300769185 0.0152181626793172 0.0349880913285868 0.0620331013740738 0.0864777596433238 0.115039444800982 0.144496569852129 0.190453985388665 0.251109599328312 0.305982838097427 0.367297692284892 0.403047763901028 0.427446037724829 0.431609547253932 0.41560631300471 0.407716030786643 0.390554156655721 0.36722534692683 0.328121647682083 0.276482381098183
-9999 -9999 -9999 -9999 -9999 -9999 -9999 -9999 -9999 -9999 -9999 -9999 -9999 0.512233385095976 0.685101889026077 0.54638746395242 0.330829120328123 0.242788654788094 0.220749251563807 0.237864773153728 0.318542346398923 0.447473152938118 0.364906970944745 0.186197740681795 0.140331916819134 0.0948707779462258 0.0438057965712103 -0.0130467265214237 -0.0374276035554267 -0.0393741855035431 -0.040782553404584 -0.0445533306456578 -0.0443113659272761 -0.0423956721073412 -0.034384178205553 -0.0206332112026281 -0.0102641124048685 0.00385217747324229 0.019962183613592 0.0430041100423759 0.0627900943881073 0.0773898021582205 0.0998854370635889 0.151615015533779 0.229912302929896 0.308948947750267 0.384227022395112 0.439829273290603 0.478346976359037 0.490307343201991 0.48253582807476 0.475748318121298 0.44913913376343 0.410552352447505 0.37377622961563 0.328362421629966
-9999 -9999 -9999 -9999 -9999 -9999 -9999 -9999 -9999 -9999 -9999 -9999 -9999 0.447394379978912 0.697454844311281 0.424652417702063 0.235506716096768 0.165624879936034 0.170731904708978 0.184132766052162 0.208077260349742 0.227727408664569 0.321727685085353 0.239416718377052 0.149493035168351 0.139351972449515 0.0556680042467803 -0.017957090387805 -0.0604401788817003 -0.0503987887950905 -0.0481203725859405 -0.06145441748069 -0.0487834697199373 -0.0471020327911184 -0.039929578279818 -0.0246288608417636 -0.024250220658069 -0.0110314726803193 0.00385378431764316 0.0277587880632678 0.0541644104965672 0.0620231985155673 0.0722286636481516 0.125537490956038 0.221430585539491 0.327386862027878 0.396498204760672 0.473725714617553 0.5237682629409 0.529849116282439 0.530190994387107 0.503081698505957 0.473338597698138 0.441058466970675 0.408693639617707 0.371080842558246
-9999 -9999 -9999 -9999 -9999 -9999 -9999 -9999 -9999 -9999 -9999 -9999 -9999 -9999 0.724812819731184 0.534232568096855 0.246901878217927 0.132129301733465 0.136947844987673 0.169840337545273 0.199221454291002 0.242850446849197 0.39112183460885 0.454639338194445 0.250674919437648 0.052665404339359 0.0166467762067743 -0.0207015435483078 -0.073690370618292 -0.0731259978907374 -0.0937966521612896 -0.07385411713809 -0.0715166984180181 -0.0668703508399778 -0.0539310823770145 -0.0475784501537342 -0.0467484349602943 -0.0416679895726561 -0.0280951067915972 0.000491673839178197 0.0364865901460282 0.0573372232016296 0.0828084330311111 0.13772136002727 0.218868024012721 0.31102847674484 0.39321211004437 0.461229168478682 0.506891569561156 0.522990594487738 0.521972649615111 0.512598534288708 0.493552985894748 0.468735513565802 0.443479444396158 0.412725323365326
-9999 -9999 -9999 -9999 -9999 -9999 -9999 -9999 -9999 -9999 -9999 -9999 -9999 -9999 0.588074975154239 0.647847728277456 0.328236893666194 0.105196811685451 0.0929529712166769 0.158818204110629 0.21237647545104 0.271368084411556 0.340744211750488 0.397921446000695 0.518600695138331 0.580717001837326 0.427859635767767 0.0670013453793689 -0.0443595529426148 0.00648673799738197 -0.110997114242896 -0.108555834489446 -0.0929072962576147 -0.0803495306696257 -0.0646387934648753 -0.0631133294214278 -0.0658954495784857 -0.062006111626414 -0.0522470032658441 -0.0278634211943986 0.0163987499509002 0.0420143471390111 0.0883237588455276 0.146305615273625 0.211974038556261 0.290724198255095 0.364738847670937 0.427032638952361 0.472879184539575 0.497805520107847 0.506663391650151 0.509473455274372 0.506769223460011 0.496550657570178 0.479258895405612 0.452751270902792
-9999 -9999 -9999 -9999 -9999 -9999 -9999 -9999 -9999 -9999 -9999 -9999 -9999 -9999 -9999 0.546655280739609 0.468967756021399 0.190087284451215 0.0628222781505813 0.136068304507692 0.22656835325305 0.260614782814486 0.278718915668887 0.285618846674762 0.299590667848623 0.32875397085719 0.425397010250574 0.595504385320942 0.696428214862232 0.198577354474325 0.0947345523431567 0.0195376271234594 -0.0731972077980906 -0.0953161816231338 -0.0806257427344658 -0.0698293808784409 -0.0633538211524164 -0.0594772344497233 -0.0519698671924966 -0.0332195132085167 -0.0137089879582765 0.0096936548935353 0.0712550935202031 0.145286107464535 0.207105147164671 0.270945702869203 0.338938474147584 0.397370107109061 0.442571497274421 0.470865565670755 0.490256941704056 0.502942739030668 0.514874714695 0.514759678672597 0.506643895603125 0.511424875252084
-9999 -9999 -9999 -9999 -9999 -9999 -9999 -9999 -9999 -9999 -9999 -9999 -9999 -9999 -9999 0.226302501246353 0.35789490303168 0.358024031609653 0.0649856693796445 0.0806636257673078 0.209912447817157 0.232576020438373 0.264956539253693 0.272404524687866 0.276250676167229 0.276789751248433 0.283414759138397 0.287173716113229 0.34925347929037 0.483918580323167 0.192982261707974 0.110751025415631 -0.0282729790898499 -0.0930370610891054 -0.0918970284379999 -0.0604692548990533 -0.0647204599359912 -0.0571387835470631 -0.0367147449845668 0.0153208763988851 0.0605998160625066 -0.00179200639944399 0.0485350237465216 0.145732397020146 0.203905088274792 0.255013089741974 0.320571643276818 0.37288065763962 0.420414482828746 0.454396687688121 0.473418946050815 0.489012094497382 0.505391139733014 0.503162012609558 0.498540633752236 0.522742368681569
-9999 -9999 -9999 -9999 -9999 -9999 -9999 -9999 -9999 -9999 -9999 -9999 -9999 -9999 -9999 0.317276829350468 0.210889615408876 0.189958839287354 0.20638794197945 0.0332455682820587 0.0445843920598196 0.133092616823308 0.206334580702885 0.242600891468029 0.258303170602899 0.266745603478696 0.273340756804413 0.277529269829382 0.288936390447002 0.329091902641222 0.275337133893699 0.118262220163559 0.149406717256923 -0.00727478106780277 -0.0614775778483739 -0.0772310142352065 -0.068371165033384 -0.0570778373388245 -0.0259176624263383 0.0624754005544109 0.118172379435337 0.00114108081621767 0.0419032560593615 0.145811857389374 0.210983201685652 0.25216488595149 0.291661160281501 0.339423244891256 0.379058638130208 0.413540219622186 0.456086877372463 0.441353451446873 0.43707811400191 0.428166405961443 0.407429515677994 0.414517108372171
-9999 -9999 -9999 -9999 -9999 -9999 -9999 -9999 -9999 -9999 -9999 -9999 -9999 -9999 -9999 -9999 0.340193350138553 0.0106122602926331 0.0502499405346246 0.192987365371558 0.0516793098120257 0.0302535118441535 0.104852856732884 0.164130954437218 0.19218088633109 0.212341462433628 0.239486565705841 0.256382156216047 0.259202377937951 0.269305402723531 0.282878732741286 0.186551734145429 0.181587910247278 0.150889389485235 0.0717019745046213 -0.00893997184379802 -0.0643441878707868 -0.0762195663768227 -0.0539777788988021 0.00611023881655776 0.0893423777003564 -0.0136240692097311 0.0680833791049418 0.157966219724528 0.201530530421215 0.223483885700657 0.230497922569041 0.263033640901361 0.290087380542724 0.315691492704647 0.362345174096673 0.324071453272355 0.311287179841803 0.306291855345505 0.291786700403665 0.317681951221244
-9999 -9999 -9999 -9999 -9999 -9999 -9999 -9999 -9999 -9999 -9999 -9999 -9999 -9999 -9999 -9999 -9999 0.379850285334634 0.0501955746672307 -0.0548604586106678 0.189762026817092 0.098848416836455 0.0145060028200217 0.0499270902959876 0.0974093987124777 0.142972383499602 0.189915063585063 0.220717827464375 0.233226997368266 0.250861308190246 0.272279658268549 0.274159241963603 0.222320331608886 0.16040941139769 0.217136482937406 0.168369691393518 0.055111865460899 -0.00943903840500426 -0.0500989345656829 -0.0300425514315293 0.0030720141062876 0.0398932554740124 0.107648480083138 0.14906326573748 0.154555002179638 0.146751635007712 0.152170437134204 0.152323636279957 0.16283416355979 0.179731419086547 0.175462909011141 0.168485883495651 0.146460193748652 0.154273106360823 0.189633045155129 0.239202426649955
-9999 -9999 -9999 -9999 -9999 -9999 -9999 -9999 -9999 -9999 -9999 -9999 -9999 -9999 -9999 -9999 -9999 -9999 -9999 0.078111761670076 -0.0694514690267135 -0.0415162554690791 0.0750072739456359 0.0533816342405899 0.050030367075659 0.0848348704256341 0.134447570395013 0.184244417735613 0.204157446123407 0.230535161898715 0.257639306997909 0.269572901575976 0.307836437971957 0.295328259503841 0.184069191035134 0.274483449501943 0.185097512127595 0.116937993286592 0.0505018111932852 0.0529287964155623 0.116700718038361 0.094569272859481 0.109798329760508 0.120065066384487 0.102236229602808 0.0950730931900027 0.101657899504833 0.0930306645167803 0.0954395234066495 0.101531336222966 0.0906160417810826 0.0794676415366939 0.0563269714108502 0.0694022627434941 0.117301834982356 0.17442846569974
-9999 -9999 -9999 -9999 -9999 -9999 -9999 -9999 -9999 -9999 -9999 -9999 -9999 -9999 -9999 -9999 -9999 -9999 -9999 -9999 -9999 0.137847965934482 0.110839876250011 0.114288556749635 0.108087692350295 0.0630787812594863 0.086045407521825 0.134160211082264 0.165557768174588 0.19113490842457 0.210099232190518 0.235589267117342 0.287462134115435 0.34517258532092 0.308764964041943 0.198582919802697 0.232123096814114 0.301432496171859 0.147980692169181 0.131531611976485 0.0662273401023102 0.0516963478852779 0.0704489739604917 0.0575011085973339 0.070157866829706 0.0744552459851502 0.0845204827144149 0.093750643571228 0.0840422551746428 0.0784158263899521 0.0646493892121295 0.0486621153608614 0.0394409023883059 0.0518218192950165 0.0782873119609682 0.129206620432884
-9999 -9999 -9999 -9999 -9999 -9999 -9999 -9999 -9999 -9999 -9999 -9999 -9999 -9999 -9999 -9999 -9999 -9999 -9999 -9999 -9999 -9999 -9999 0.206697033031375 0.186600529628855 0.135044506234152 0.056486480598932 0.0687066537298039 0.106454379552041 0.136974246271309 0.162604392794385 0.198511414798917 0.24694152472365 0.274861328643179 0.301736223746977 0.329584889689635 0.246165169787596 0.380353036194613 0.40049133712795 0.276161133316222 0.126976797672629 0.0514319118956957 0.0377723683167402 0.0319920353264584 0.0414719787974363 0.0629993143384276 0.0822078498473552 0.0946533942563911 0.0893133373754273 0.0757137435472592 0.0573087172073458 0.039482295783945 0.0317770615742267 0.039564218538584 0.0560780219970463 0.0871177992826483
-9999 -9999 -9999 -9999 -9999 -9999 -9999 -9999 -9999 -9999 -9999 -9999 -9999 -9999 -9999 -9999 -9999 -9999 -9999 -9999 -9999 -9999 -9999 -9999 -9999 0.137424463233961 0.0489280455911375 0.0397064842902922 0.0467164040394515 0.0799402546049571 0.114087851286372 0.146283246183859 0.19326802064764 0.217826623132259 0.247756154071845 0.287543454982195 0.282106669508611 0.279264916517663 0.432116989970431 0.582509756686275 0.308494492238287 0.098271972837162 0.0483303899523037 0.0209403948289187 0.0401829428287876 0.0715994960373523 0.0866709531056846 0.106120676954543 0.0991518616985857 0.0788099000079561 0.057989890388113 0.0295537076149988 0.0242324751380018 0.0291370572118253 0.034246353824311 0.0462977226493677
-9999 -9999 -9999 -9999 -9999 -9999 -9999 -9999 -9999 -9999 -9999 -9999 -9999 -9999 -9999 -9999 -9999 -9999 -9999 -9999 -9999 -9999 -9999 -9999 -9999 0.134477531170272 0.0288346057286737 0.0115570532884886 0.0617854882283845 0.06084355220403 0.0667087559559566 0.0891298142610424 0.123785208203042 0.14790596119392 0.182238591237924 0.221670452543969 0.214529851630296 0.229156986972075 0.342957805318431 0.688265548024174 0.579738960670759 0.197349188323382 0.0743082301910339 0.0308623236816814 0.0385686160246728 0.0759751782256747 0.0878884825482089 0.103323614719071 0.0933896347798068 0.0656708231191885 0.0386512348589289 0.0152785069983651 0.0155455367037878 0.0200282811637951 0.0244527375801075 0.0321526661790373
-9999 -9999 -9999 -9999 -9999 -9999 -9999 -9999 -9999 -9999 -9999 -9999 -9999 -9999 -9999 -9999 -9999 -9999 -9999 -9999 -9999 -9999 -9999 -9999 -9999 -9999 -9999 -0.0434587332015411 -0.00354513375571885 0.126746125472791 0.152187758311813 0.102877726902116 0.0919879521806237 0.0879458110496907 0.091349636430351 0.0716424327199438 0.102695373390442 0.140730429020533 0.237415429417765 0.649559352745579 0.753922952210623 0.348853041474531 0.109701491633944 0.039641154539769 0.0373711467655938 0.0657094217435641 0.0700953666048806 0.0796370682503864 0.0684815185210079 0.0366876011654377 0.00809669021170162 -0.000640152908160219 0.00613407826785817 0.0146561964877028 0.0238230565843492 0.0370708721322482
-9999 -9999 -9999 -9999 -9999 -9999 -9999 -9999 -9999 -9999 -9999 -9999 -9999 -9999 -9999 -9999 -9999 -9999 -9999 -9999 -9999 -9999 -9999 -9999 -9999 -9999 -9999 0.0487904921499169 -0.0254054498286321 0.160413390623147 0.158781598312848 0.100677589903905 0.0736615706910906 0.0715231808774138 0.0597989819058971 0.0379872187564297 0.0383118017861176 0.0634178061844226 0.144674301899216 0.506752098383009 0.813037345701821 0.510023775267593 0.127668053763734 -0.00792283837296082 0.00609829622055458 0.0481521251849432 0.042177574203024 0.0333246440984766 0.019163651606724 -0.00279222141832547 -0.0178632144209192 -0.0203290057189782 -0.00884351510335135 0.00854427898770138 0.031290286625047 0.0586026714314091
-9999 -9999 -9999 -9999 -9999 -9999 -9999 -9999 -9999 -9999 -9999 -9999 -9999 -9999 -9999 -9999 -9999 -9999 -9999 -9999 -9999 -9999 -9999 -9999 -9999 -9999 -9999 -9999 0.0503094680842959 0.149416232046552 0.167497960188248 0.0638291326587389 0.0464655166027035 0.0680913051789975 0.0524096135060479 0.0287332566781447 0.0195103415002478 0.0264121721903238 0.082929216352954 0.406525672419741 0.848254951487081 0.646050198886349 0.200140207905849 -0.0136562443433548 -0.0263151215929377 0.0414361912484931 0.0120806473021314 -0.0102599962554142 -0.0264071798938266 -0.0364682867650126 -0.0438800872523283 -0.033881183529844 -0.00537084105243002 0.0241664503059613 0.0500842312214077 0.0872529217142125
-9999 -9999 -9999 -9999 -9999 -9999 -9999 -9999 -9999 -9999 -9999 -9999 -9999 -9999 -9999 -9999 -9999 -9999 -9999 -9999 -9999 -9999 -9999 -9999 -9999 -9999 -9999 -9999 0.0914341863866141 0.148175398351487 0.182270657475398 0.0483330428536118 0.056817881846195 0.0901290739660131 0.0613584747681441 0.0290492228513518 0.0139819920013397 0.0134968736694313 0.0613674521683589 0.355624046423574 0.833234802838147 0.776899502638352 0.302149388656834 0.0351645555645935 -0.0321541126495316 -0.0427881426740934 -0.042224881656215 -0.025708391711752 -0.0340448946257442 -0.0550613220577199 -0.0501011630334401 -0.0389883921922001 -0.00570392000435649 0.0319953686047514 0.0738225558490224 0.136976684762983
-9999 -9999 -9999 -9999 -9999 -9999 -9999 -9999 -9999 -9999 -9999 -9999 -9999 -9999 -9999 -9999 -9999 -9999 -9999 -9999 -9999 -9999 -9999 -9999 -9999 -9999 -9999 -9999 0.12251677974102 0.134962278636163 0.212956261480093 0.0488135265664626 0.102674430674061 0.137911158549495 0.0762738021752021 0.0325070585831689 0.0150243140023419 0.0148292096206601 0.0501217661757654 0.319695623806559 0.814988076591416 0.828298885610437 0.350547790519283 0.0708014423447443 0.00851171917212395 -0.00758096593637891 -0.0727665479029748 -0.0430719397545728 -0.0222685407369397 -0.0591075610820994 -0.0409707447222443 -0.0370978594353388 -0.00514567191343795 0.0400543817361275 0.102798077017584 0.191634120511066
-9999 -9999 -9999 -9999 -9999 -9999 -9999 -9999 -9999 -9999 -9999 -9999 -9999 -9999 -9999 -9999 -9999 -9999 -9999 -9999 -9999 -9999 -9999 -9999 -9999 -9999 -9999 -9999 0.107509357070393 0.113812209336807 0.182143642101859 0.0485586399814635 0.0941776360521438 0.12793430927194 0.0855385327208726 0.0383008791675753 0.0179618604141418 0.0253107128669312 0.0667520672451254 0.336100615510751 0.83435162690218 0.831792110162593 0.354551866376288 0.0822363441976268 0.0336768574562732 0.017029103744092 -0.0480658774842364 -0.082278600984476 -0.0784935434739353 -0.0590872532333496 -0.0400784624326442 -0.0208133043512351 0.00324980361364552 0.0545024974832903 0.143489385559785 0.259975556357396
-9999 -9999 -9999 -9999 -9999 -9999 -9999 -9999 -9999 -9999 -9999 -9999 -9999 -9999 -9999 -9999 -9999 -9999 -9999 -9999 -9999 -9999 -9999 -9999 -9999 -9999 -9999 -9999 0.103971409592735 0.0709660107681097 0.172089914535548 0.0448002171365002 0.084331069628361 0.114905098857999 0.083337700567718 0.0486731379187424 0.0273654560800464 0.0459289712433146 0.0848432639703003 0.375271523666589 0.851260559107049 0.787978191488414 0.302929946580059 0.0621352743684062 0.0467054440761262 0.0413772397014228 -0.0156591813835955 -0.0533112220642958 -0.0720023678328298 -0.0593064123593213 0.00443504194505789 -0.00623899601007416 0.0156646694540965 0.0826592073938561 0.196517549959236 0.331868937540252
