meets/meet006/_saidas_enm/CCSM_Maxent_0k_T_subalaris2.asc
NCOLS 154 
NROWS 168 
XLLCORNER -112 
YLLCORNER -55.5 
CELLSIZE 0.5 
NODATA_value -9999 
[rows 48 to 71 of 168, columns 56 to 111 of 154]
-9999 -9999 -9999 -9999 -9999 -9999 -9999 -9999 -9999 -9999 -9999 -9999 -9999 0.00374365644529462 0.00895130820572376 0.00829032342880964 0.00803097616881132 0.00744839617982507 0.0110878692939878 0.0178132019937038 0.0301310960203409 0.0367304086685181 0.0391980223357677 0.0267155822366476 0.0236117504537106 0.0417756363749504 0.0180742144584656 0.0162646491080523 0.0138624971732497 0.0114110382273793 0.0106939291581511 0.00955787487328053 0.0140255624428391 0.0143290059641004 0.0140803987160325 0.0130239520221949 0.0179723836481571 0.0218249801546335 0.166327655315399 0.182914197444916 0.200529500842094 0.203409463167191 0.219580665230751 0.207029670476913 0.155736804008484 0.132616683840752 0.0812671408057213 0.0887586772441864 0.076633483171463 0.0363823845982552 0.0372883230447769 0.0207393281161785 0.0161632690578699 0.0165504589676857 0.020435081794858 0.0252557061612606
-9999 -9999 -9999 -9999 -9999 -9999 -9999 -9999 -9999 -9999 -9999 -9999 -9999 0.00308163720183074 0.00785854365676641 0.00786416605114937 0.00706985872238874 0.00643135048449039 0.00799476075917482 0.0831136628985405 0.0178684312850237 0.0211240071803331 0.0240602437406778 0.013848789036274 0.0127538368105888 0.0120109189301729 0.00955816637724638 0.00724488496780396 0.00551434466615319 0.00417407136410475 0.00361860264092684 0.00374495005235076 0.00473958672955632 0.0067481161095202 0.0142983980476856 0.0188721176236868 0.0182819310575724 0.0208260044455528 0.0255529675632715 0.175032153725624 0.180406183004379 0.19519829750061 0.183012321591377 0.098432756960392 0.0506206601858139 0.0243600364774466 0.017143439501524 0.0159062538295984 0.0137027492746711 0.0129330465570092 0.0130684059113264 0.0131318075582385 0.0174022857099771 0.025602500885725 0.0322983711957932 0.0369044542312622
-9999 -9999 -9999 -9999 -9999 -9999 -9999 -9999 -9999 -9999 -9999 -9999 -9999 0.00453530205413699 0.00739835435524583 0.00817190483212471 0.00681631360203028 0.00580692477524281 0.00644697807729244 0.0631962418556213 0.0115402294322848 0.0131406346336007 0.00861961115151644 0.00673891557380557 0.0066276453435421 0.00603083288297057 0.00432344106957316 0.00267987884581089 0.0023517026565969 0.0022778850980103 0.0024505362380296 0.00284171756356955 0.00270646275021136 0.00346225965768099 0.0069778598845005 0.0108849462121725 0.0138163976371288 0.0139774102717638 0.0206453558057547 0.0158338192850351 0.0117899170145392 0.0144400587305427 0.0122154196724296 0.0079343318939209 0.00361617398448288 0.00702302623540163 0.00983214657753706 0.008689203299582 0.0084972009062767 0.0117742074653506 0.0107613457366824 0.0117641231045127 0.0224883295595646 0.0347536131739616 0.0418272577226162 0.0477761924266815
-9999 -9999 -9999 -9999 -9999 -9999 -9999 -9999 -9999 -9999 -9999 -9999 -9999 0.00666557857766747 0.00690964702516794 0.00688443798571825 0.00687561510130763 0.00763362133875489 0.0562063828110695 0.055641982704401 0.0078000477515161 0.00697269476950169 0.00438183126971126 0.00351646007038653 0.00308513827621937 0.00241525145247579 0.00242068758234382 0.00248201680369675 0.0025674260687083 0.00257049431093037 0.0027505315374583 0.00280177243985236 0.00271128793247044 0.00233678473159671 0.0046093026176095 0.00809518806636333 0.0110014704987407 0.0120751485228539 0.0118696112185717 0.0124132120981812 0.0116331428289413 0.0112322587519884 0.00925187580287457 0.00658936286345124 0.00402784859761596 0.00253484467975795 0.00216041645035148 0.0166869834065437 0.0155695285648108 0.0141204856336117 0.0127876223996282 0.0151580097153783 0.0254860781133175 0.0382723286747932 0.0444930195808411 0.045824833214283
-9999 -9999 -9999 -9999 -9999 -9999 -9999 -9999 -9999 -9999 -9999 0.00548063544556499 0.00831769499927759 0.00656923977658153 0.00648690620437264 0.00667566433548927 0.00645406357944012 0.0606593042612076 0.00852775759994984 0.00576197728514671 0.00565142976120114 0.00470706447958946 0.00261937570758164 0.00217294157482684 0.0021463765297085 0.00233358796685934 0.00221791095100343 0.00228965398855507 0.00236939382739365 0.00239095627330244 0.00264547858387232 0.00282288528978825 0.00286426092498004 0.00253171776421368 0.00330405333079398 0.00629144161939621 0.00879969261586666 0.0104185398668051 0.0756058692932129 0.0108839310705662 0.0118057876825333 0.0102607682347298 0.00854894705116749 0.00684290938079357 0.00558823347091675 0.00506261410191655 0.00390115496702492 0.0305699054151773 0.0254605375230312 0.0168034844100475 0.0165976509451866 0.0237571336328983 0.0310104954987764 0.0424165725708008 0.0475342161953449 0.0506172627210617
-9999 -9999 -9999 -9999 -9999 -9999 -9999 -9999 -9999 -9999 0.00644597876816988 0.00804056506603956 0.00617218809202313 0.0059552569873631 0.00622907048091292 0.0477576777338982 0.0475597828626633 0.00616139592602849 0.00587354181334376 0.00537151144817472 0.00458346772938967 0.00299918558448553 0.00271048140712082 0.00248639564961195 0.00241839583031833 0.00242501683533192 0.00242246710695326 0.00239106710068882 0.00230764178559184 0.0022657192312181 0.00227570463903248 0.00253409426659346 0.00271549168974161 0.00249797292053699 0.00239556981250644 0.00450551230460405 0.00635864771902561 0.00741856452077627 0.00801767315715551 0.0557351894676685 0.00878963619470596 0.00812853965908289 0.0073583903722465 0.00631416635587811 0.00511084916070104 0.00458903471007943 0.0267606936395168 0.0236185137182474 0.0178709700703621 0.0196108315140009 0.029207855463028 0.0379175879061222 0.0400941967964172 0.053744088858366 0.0633843392133713 0.0645636096596718
-9999 -9999 -9999 -9999 -9999 -9999 -9999 -9999 -9999 -9999 0.0138981761410832 0.0088006379082799 0.00551576167345047 0.0509672574698925 0.062063917517662 0.0650003328919411 0.0489691980183125 0.00555031839758158 0.00290240510366857 0.00285182031802833 0.00268215732648969 0.00274844560772181 0.00282498425804079 0.00276047526858747 0.00273579196073115 0.00266839796677232 0.00250452803447843 0.00236674817278981 0.00225703604519367 0.00221417378634214 0.00217024888843298 0.00215465854853392 0.00241783494129777 0.00231393636204302 0.0020899916999042 0.00331468554213643 0.00460893101990223 0.00513840140774846 0.00554489251226187 0.039127055555582 0.0403346344828606 0.038527138531208 0.0363897830247879 0.0318259932100773 0.0259432476013899 0.0220217313617468 0.015913262963295 0.0189002826809883 0.0288109872490168 0.0398987792432308 0.0618496239185333 0.0669722110033035 0.0615160688757896 0.0722189173102379 0.0828605890274048 0.0902727842330933
-9999 -9999 -9999 -9999 -9999 -9999 -9999 -9999 0.00646166177466512 0.0170977544039488 0.0256756544113159 0.0126921711489558 0.0514075234532356 0.0584268309175968 0.0763298645615578 0.0720977261662483 0.0482971854507923 0.00351133593358099 0.00246513960883021 0.0024665268138051 0.00270394049584866 0.0027659316547215 0.00284597626887262 0.0029100535903126 0.00281047564931214 0.00271687190979719 0.00248635304160416 0.00232200417667627 0.00220905616879463 0.00215259287506342 0.00212094374001026 0.00204960792325437 0.0020221711602062 0.00200154725462198 0.00191368046216667 0.00230226828716695 0.00299688847735524 0.00351246236823499 0.00371852214448154 0.00334241194650531 0.0030456876847893 0.00259145791642368 0.00252806069329381 0.0163583029061556 0.012923002243042 0.0176884829998016 0.0260723326355219 0.00542859360575676 0.00760118244215846 0.0823540017008781 0.103650353848934 0.102729015052319 0.0893251001834869 0.0893273577094078 0.103407837450504 0.109303280711174
-9999 -9999 -9999 -9999 -9999 -9999 -9999 -9999 0.0113285221159458 0.0358537547290325 0.209543272852898 0.118445746600628 0.0737098678946495 0.0695052519440651 0.0852579101920128 0.0769217014312744 0.0462005510926247 0.0218227915465832 0.00218788580968976 0.00229411595501006 0.00250582466833293 0.00251098955050111 0.00257781217806041 0.00253308168612421 0.00246878247708082 0.00243608420714736 0.00226626335643232 0.00214783800765872 0.00206228322349489 0.0020081487018615 0.0019836938008666 0.00194275542162359 0.00194166845176369 0.00194915500469506 0.00186107435729355 0.00182003807276487 0.00177681993227452 0.00196357630193233 0.00207019550725818 0.0018464180175215 0.00160250253975391 0.00143242056947201 0.00136447616387159 0.0017319432226941 0.00264598056674004 0.00425954768434167 0.00610912451520562 0.00956055335700512 0.0156896449625492 0.0205488353967667 0.0238346345722675 0.0214269813150167 0.11603058129549 0.104480676352978 0.113985173404217 0.122703373432159
-9999 -9999 -9999 -9999 -9999 -9999 -9999 0.0135839683935046 0.0337303169071674 0.0550749003887177 0.334821373224258 0.183067440986633 0.0970530137419701 0.0703168213367462 0.0737487003207207 0.0738777369260788 0.0426592901349068 0.0190319996327162 0.0019158135401085 0.00192768673878163 0.00203576730564237 0.00206194864585996 0.00202528038062155 0.00200399151071906 0.00201747054234147 0.00196490460075438 0.00193533534184098 0.00188225111924112 0.00188496347982436 0.00185095868073404 0.00184737017843872 0.00183713075239211 0.00182841264177114 0.00181963096838444 0.00180228147655725 0.0016668769530952 0.00158539321273565 0.00146205257624388 0.00140707509126514 0.00140974228270352 0.00136280863080174 0.00136525020934641 0.00176850671414286 0.00281032151542604 0.00463469279929996 0.00779790710657835 0.0118096247315407 0.0183882899582386 0.0256997607648373 0.0538524687290192 0.0528049096465111 0.0509266406297684 0.0207513961941004 0.111364774405956 0.119541823863983 0.126064717769623
-9999 -9999 -9999 -9999 -9999 -9999 -9999 0.041799683123827 0.0525070764124393 0.0725442171096802 0.373940765857697 0.223345205187798 0.0874865278601646 0.0519642867147923 0.0524432957172394 0.0581750608980656 0.036790769547224 0.0171304736286402 0.0128103978931904 0.00170823023654521 0.00177121220622212 0.00178089248947799 0.00174676137976348 0.00172064593061805 0.00178409554064274 0.00183927593752742 0.00193758599925786 0.00200549024157226 0.00193686154671013 0.00177549943327904 0.00169329391792417 0.00169944565277547 0.00171204877551645 0.00171537708956748 0.00168554065749049 0.0016422534827143 0.00153598177712411 0.00140162068419158 0.00135235453490168 0.00144627864938229 0.0017739626346156 0.00239089340902865 0.00370693043805659 0.00609569251537323 0.00991423241794109 0.0159267894923687 0.0217594411224127 0.0511788614094257 0.0516215600073338 0.0506812185049057 0.0494120828807354 0.0478270128369331 0.0461388677358627 0.01866465061903 0.119524344801903 0.121035180985928
-9999 -9999 -9999 -9999 -9999 -9999 0.0300158746540546 0.130755096673965 0.145982056856155 0.0793368145823479 0.362416476011276 0.211515679955482 0.0533328391611576 0.0385757014155388 0.0418240167200565 0.0478136874735355 0.0229145530611277 0.0155158694833517 0.0121305510401726 0.00162918365094811 0.00168158044107258 0.00184157560579479 0.00197187555022538 0.00207160995341837 0.00213342742063105 0.00213902140967548 0.00225854385644197 0.00233472767286003 0.00228652567602694 0.00215825089253485 0.0019722084980458 0.00185957318171859 0.00176356348674744 0.00169218145310879 0.00172334560193121 0.00178535666782409 0.00181316211819649 0.00187654863111675 0.00215049972757697 0.00243637966923416 0.0030967416241765 0.00447379285469651 0.00653717759996653 0.0105608236044645 0.0168440937995911 0.0438190549612045 0.0445810742676258 0.0450113005936146 0.0450247228145599 0.0447752960026264 0.0437789298593998 0.0427685044705868 0.0414119362831116 0.0203169640153646 0.0170733034610748 0.11064849793911
-9999 -9999 -9999 -9999 -9999 -9999 0.0629002824425697 0.11985144764185 0.140880286693573 0.0709567442536354 0.304532110691071 0.174165710806847 0.0421396493911743 0.0390531346201897 0.0405614972114563 0.0446007922291756 0.0219306796789169 0.0152783207595348 0.0136874904856086 0.00187964108772576 0.0020484970882535 0.00227815820835531 0.00251858425326645 0.00263476162217557 0.0025990589056164 0.00253665493801236 0.00260575697757304 0.00268154311925173 0.00264688138850033 0.00253808475099504 0.00241054408252239 0.00231851218268275 0.0022521351929754 0.00215356633998454 0.00205487152561545 0.00213323347270489 0.00227265642024577 0.00256979558616877 0.00312327709980309 0.00380766671150923 0.00513261090964079 0.00698071671649814 0.0100261820480227 0.015421343035996 0.0395985767245293 0.0395321436226368 0.0398299731314182 0.0401642248034477 0.0402588993310928 0.0400702208280563 0.0393586829304695 0.0385606698691845 0.0375562980771065 0.0171295870095491 0.0158381760120392 0.0975207611918449
-9999 -9999 -9999 -9999 -9999 -9999 0.0593081675469875 0.110106237232685 0.136632114648819 0.0681068152189255 0.25805276632309 0.150715798139572 0.0474858693778515 0.0391886793076992 0.0397819988429546 0.039710383862257 0.0206687748432159 0.0167413149029016 0.0161347649991512 0.00229957024566829 0.00247792690061033 0.00292167789302766 0.003335369983688 0.00347769330255687 0.00329187419265509 0.00304215517826378 0.00314186257310212 0.00313400034792721 0.00312226638197899 0.00312803476117551 0.00294237770140171 0.00297867460176349 0.00283664045855403 0.00277453218586743 0.00270167947746813 0.00252260360866785 0.00287701259367168 0.00334267015568912 0.00436250353232026 0.00574718974530697 0.00798579026013613 0.0111836306750774 0.0153839532285929 0.0373463369905949 0.0369246229529381 0.0363464392721653 0.0367704592645168 0.0368311516940594 0.0368437618017197 0.0369338318705559 0.0363757014274597 0.0360777638852596 0.0350501202046871 0.0143263461068273 0.0135365333408117 0.0121461618691683
-9999 -9999 -9999 -9999 -9999 -9999 -9999 0.0768133550882339 0.130970120429993 0.0592490434646606 0.242136970162392 0.153958484530449 0.0573370195925236 0.0479476898908615 0.0466142781078815 0.0365443825721741 0.0202318392693996 0.0190453827381134 0.00262326607480645 0.00280867796391249 0.00317819626070559 0.00370577769353986 0.00425654603168368 0.00444864714518189 0.00417977711185813 0.00389065989293158 0.00388060812838376 0.00393374497070909 0.00395859917625785 0.00400398019701242 0.00393419293686748 0.00389691791497171 0.00379378069192171 0.00375960650853813 0.00376336672343314 0.00383705110289156 0.00410771183669567 0.00450511928647757 0.00589321600273252 0.00789344683289528 0.0111885201185942 0.0152441374957561 0.0357768572866917 0.0352812893688679 0.0348300822079182 0.0344869829714298 0.0345521382987499 0.0346161499619484 0.0346589460968971 0.0347047038376331 0.0344629362225533 0.0343366786837578 0.0162718016654253 0.0120546128600836 0.01162039488554 0.0107150608673692
-9999 -9999 -9999 -9999 -9999 -9999 -9999 -9999 0.0578049458563328 0.0469357669353485 0.249392166733742 0.154132828116417 0.06536915153265 0.0602313093841076 0.0548497140407562 0.027248203754425 0.0215219650417566 0.021507641300559 0.00312225194647908 0.00340461754240096 0.00397460302338004 0.00454599736258388 0.00529690645635128 0.00561534706503153 0.00526175322011113 0.0049516917206347 0.00509172631427646 0.00518803764134645 0.00527597079053521 0.0389411859214306 0.039178691804409 0.0383662804961205 0.00521367089822888 0.00525654060766101 0.00548162497580051 0.00596955185756087 0.00618618540465832 0.00674980040639639 0.00766988471150398 0.0103118922561407 0.0144608728587627 0.0350110232830048 0.0344279818236828 0.0339292995631695 0.0336667262017727 0.0334170050919056 0.033400185406208 0.0333747789263725 0.0334313102066517 0.0335135422646999 0.0334306992590427 0.0336347185075283 0.0332876108586788 0.0134456865489483 0.0115706771612167 0.0110293850302696
-9999 -9999 -9999 -9999 -9999 -9999 0.0157242473214865 0.0171463154256344 0.0375683046877384 0.219389140605927 0.206527888774872 0.1374351978302 0.0693739578127861 0.0640125647187233 0.054699968546629 0.030681200325489 0.0243943184614182 0.023023959249258 0.0246609319001436 0.00387486186809838 0.0045078108087182 0.00512755196541548 0.00568408286198974 0.00618522893637419 0.00643645599484444 0.0066054156050086 0.00683057215064764 0.00697647128254175 0.0507355034351349 0.0514786802232265 0.0514997020363808 0.0511433817446232 0.0506339967250824 0.0509979873895645 0.0518652647733688 0.00767839467152953 0.00826623942703009 0.00909476540982723 0.00977170187979937 0.012238166294992 0.0165088605135679 0.0340414792299271 0.0335515365004539 0.0330768376588821 0.0326720289885998 0.0324095748364925 0.0324851460754871 0.0326508022844791 0.0327659770846367 0.0327569507062435 0.0328599400818348 0.0332239791750908 0.0339082628488541 0.0159032866358757 0.013507466763258 0.0112895974889398
-9999 -9999 -9999 -9999 -9999 0.0322373583912849 0.00842686183750629 0.0194910038262606 0.0281617902219296 0.191206827759743 0.18060377240181 0.119317755103111 0.0704970136284828 0.0667619556188583 0.0413144044578075 0.0355459600687027 0.0268342569470406 0.0259785931557417 0.026569951325655 0.0317225307226181 0.0368027873337269 0.00579306716099381 0.00610115984454751 0.00678514922037721 0.00778271583840251 0.0086658326908946 0.0631880909204483 0.064721904695034 0.0663916170597076 0.067152351140976 0.066553108394146 0.0674528256058693 0.0666083768010139 0.0663696527481079 0.0662531107664108 0.0658206567168236 0.010489190928638 0.011579031124711 0.0122710252180696 0.0138957565650344 0.0341108366847038 0.0336117148399353 0.0330949649214745 0.0325689986348152 0.0320649221539497 0.0315765552222729 0.0319517701864243 0.0322617068886757 0.0324708558619022 0.0324582606554031 0.0324736349284649 0.0332550145685673 0.0341834537684917 0.0350263193249702 0.0153523534536362 0.0120016997680068
-9999 -9999 -9999 -9999 -9999 0.0372320152819157 0.00766102131456137 0.0178625043481588 0.162635639309883 0.162445947527885 0.135518014431 0.0985935628414154 0.0792791992425919 0.0737223252654076 0.0440894439816475 0.0331157669425011 0.0276250001043081 0.0288065243512392 0.0309335999190807 0.0373580306768417 0.0441958084702492 0.0488635636866093 0.0524234548211098 0.0586690753698349 0.0660498142242432 0.0727346986532211 0.0775167346000671 0.0801740512251854 0.0833029970526695 0.085819810628891 0.0877374559640884 0.0876041725277901 0.0868126749992371 0.0860542580485344 0.0841665640473366 0.0850899368524551 0.0132012460380793 0.0143672516569495 0.0149517543613911 0.0154377417638898 0.0341379716992378 0.0334437377750874 0.0328595675528049 0.0323305390775204 0.0318822003901005 0.0316145643591881 0.0317734405398369 0.0320705957710743 0.0323447100818157 0.0324839055538177 0.0328817889094353 0.0336789712309837 0.0349416621029377 0.0366897583007812 0.0180471111088991 0.015965323895216
-9999 -9999 -9999 -9999 -9999 -9999 0.0102139068767428 0.0127480793744326 0.153322726488113 0.125049203634262 0.109530471265316 0.0908649191260338 0.0788632184267044 0.085702158510685 0.0516282245516777 0.0340666025876999 0.0286091584712267 0.0331620201468468 0.0373892448842525 0.0456241592764854 0.056472260504961 0.0588545054197311 0.0627076029777527 0.0700646117329597 0.0783235430717468 0.086137555539608 0.0920128002762794 0.0959767252206802 0.10027451813221 0.104693368077278 0.109892182052135 0.107515901327133 0.107213236391544 0.10637404024601 0.103566624224186 0.104698285460472 0.0163703802973032 0.0175845827907324 0.034677479416132 0.0175596233457327 0.0341433025896549 0.0334829203784466 0.032842893153429 0.0323683060705662 0.0320447459816933 0.0317706242203712 0.0319440439343452 0.0321461856365204 0.0323973894119263 0.0325831472873688 0.0331720225512981 0.0341878160834312 0.0356877893209457 0.0374198518693447 0.0391049422323704 0.0207669772207737
-9999 -9999 -9999 -9999 -9999 -9999 0.0722584128379822 0.0724832192063332 0.0894457995891571 0.129251882433891 0.108015306293964 0.0998571366071701 0.0837688818573952 0.0754661113023758 0.0776242092251778 0.0607084035873413 0.0367009453475475 0.0357931368052959 0.0380244292318821 0.05016153678298 0.0707989782094955 0.0752632096409798 0.0759082213044167 0.0810430198907852 0.090378038585186 0.10141234099865 0.107182078063488 0.112141385674477 0.117221541702747 0.210946694016457 0.214563727378845 0.213934108614922 0.213889092206955 0.214256823062897 0.21448889374733 0.21598656475544 0.0354646220803261 0.0352331288158894 0.0349135175347328 0.0345417074859142 0.034151416271925 0.0336982943117619 0.0332891196012497 0.0329562202095985 0.0327005572617054 0.0325769074261189 0.032613817602396 0.0327275693416595 0.0328844077885151 0.0328675992786884 0.0333254896104336 0.0346515029668808 0.0364107601344585 0.0382460206747055 0.0397305749356747 0.0413785725831985
-9999 -9999 -9999 -9999 -9999 -9999 0.100895993411541 0.0626368820667267 0.0808315426111221 0.136326551437378 0.124797932803631 0.111043132841587 0.093585304915905 0.0825576856732368 0.0776816830039024 0.0733003169298172 0.0416236780583858 0.0318400673568249 0.0324876494705677 0.0480915009975433 0.0821907594799995 0.0883376821875572 0.0838366970419884 0.0866035148501396 0.0980305001139641 0.113764002919197 0.119337722659111 0.213416144251823 0.210268810391426 0.210276067256927 0.211442425847054 0.209199070930481 0.208013668656349 0.208008408546448 0.209097638726234 0.211145356297493 0.210793122649193 0.0345353670418262 0.034405343234539 0.0342612266540527 0.0341594219207764 0.0338963903486729 0.0337711498141289 0.0335945151746273 0.033410370349884 0.033416748046875 0.0333775095641613 0.0334457159042358 0.0334973372519016 0.0332018882036209 0.0335274823009968 0.0351783335208893 0.0372715517878532 0.0391099900007248 0.0404393002390862 0.0419452115893364
-9999 -9999 -9999 -9999 -9999 -9999 -9999 -9999 0.0904874801635742 0.141609609127045 0.175549671053886 0.136457458138466 0.0866996273398399 0.0834742337465286 0.0869925171136856 0.0845853686332703 0.0640499219298363 0.0236349776387215 0.0225188601762056 0.0438121296465397 0.0883131846785545 0.0936802923679352 0.0793750807642937 0.0815985724329948 0.0983131676912308 0.117666445672512 0.214591681957245 0.210145339369774 0.206121698021889 0.206011325120926 0.206142216920853 0.202963083982468 0.199809864163399 0.199386164546013 0.201743200421333 0.204845756292343 0.205967292189598 0.206855073571205 0.0339423716068268 0.0339734442532063 0.0341130010783672 0.0340908356010914 0.0341610498726368 0.034197598695755 0.0341439209878445 0.0342022627592087 0.0342040210962296 0.0342547185719013 0.0342558138072491 0.0339463464915752 0.0343978852033615 0.0358487032353878 0.0380085185170174 0.0402039997279644 0.0418813303112984 0.0434707514941692
-9999 -9999 -9999 -9999 -9999 -9999 -9999 -9999 0.256136953830719 0.151860594749451 0.212271675467491 0.148989573121071 0.0827643275260925 0.0837470218539238 0.0905643254518509 0.0948624387383461 0.0834595710039139 0.023905448615551 0.019856583327055 0.0433593913912773 0.092219851911068 0.0932981967926025 0.0805231109261513 0.0826032385230064 0.0935728996992111 0.115764252841473 0.118921093642712 0.204239904880524 0.200169637799263 0.201436311006546 0.201125130057335 0.196528881788254 0.191639795899391 0.19076669216156 0.193846553564072 0.197761088609695 0.199657917022705 0.20190218091011 0.203600600361824 0.0334063470363617 0.0337974652647972 0.0339758582413197 0.0342948399484158 0.0344807654619217 0.0345444492995739 0.0347941890358925 0.0348050259053707 0.0349217988550663 0.0348995253443718 0.0344841927289963 0.0348242707550526 0.0359813831746578 0.0380852073431015 0.0408302880823612 0.0434688627719879 0.0463443100452423
