meets/meet006/_saidas_enm/CCSM_SVM_0k_S_lineola2.asc
NCOLS 154 
NROWS 168 
XLLCORNER -112 
YLLCORNER -55.5 
CELLSIZE 0.5 
NODATA_value -9999 
[rows 75 to 99 of 168, columns 56 to 111 of 154]
-9999 -9999 -9999 -9999 -9999 -9999 -9999 -9999 -9999 -9999 -9999 0.71406246056306 0.414870312583366 0.288970599467033 0.322824480170741 0.422267362349206 0.534881136283269 0.453183577629386 0.231497327696644 0.125213392898863 0.0558867882594642 0.0070954085414166 -0.0219293806915698 -0.0387798023451714 -0.0368170684370098 -0.037486767687283 -0.0403673492406058 -0.0423291771256677 -0.0466816580840488 -0.0450308040039248 -0.0480592946144043 -0.0530490632032656 -0.0590171713896334 -0.0607091143255539 -0.0532878806782303 -0.0473670474855488 -0.0396773447854186 -0.03352277962298 -0.0197492212914165 0.00304630144296669 0.0240297839588335 0.0563480102716548 0.0806781529886501 0.108428132653669 0.139603342929877 0.144480785693026 0.128204890036854 0.0887829254427869 0.0485377009510953 0.00807702089551265 -0.0239108435731129 -0.0309301340380718 -0.0328940367020012 -0.0226435631856807 0.00146197700530626 0.0220482673745225
-9999 -9999 -9999 -9999 -9999 -9999 -9999 -9999 -9999 -9999 -9999 0.715347137800757 0.548717640468669 0.406154920015081 0.389379861284847 0.489418828040376 0.648519675013291 0.727875668604136 0.569952231622813 0.373009642209745 0.120910775710769 0.0676533610221011 0.0232848523803217 -0.00945486527113826 -0.011337483780482 -0.0213192193397085 -0.0269382224469294 -0.0313921968805885 -0.0382330230921447 -0.0390039158639587 -0.0447233773548329 -0.0527863259298771 -0.0569495187744495 -0.0577411747999272 -0.0478508479238937 -0.0352630147061808 -0.0339776824267002 -0.0237311843281649 -0.00945125277569359 0.0148224881397646 0.0518946528270674 0.0635577540597622 0.0916181943981115 0.125119745404897 0.143677301242134 0.161555996680051 0.145636749497064 0.116087684616748 0.0896170211478508 0.0588483221392018 0.0330994606197638 0.0251768746078037 0.019811592661447 0.0193804826378057 0.0227867912208126 0.00449721368903627
-9999 -9999 -9999 -9999 -9999 -9999 -9999 -9999 -9999 -9999 -9999 -9999 0.617241579192694 0.536834743934125 0.531642226664996 0.589778643124172 0.682476629761298 0.748808086587782 0.775453811401415 0.677962418348085 0.404918987220485 0.208160799803852 0.0785185538914541 0.0143108987809792 0.0182871469164755 0.0112970030960809 6.57429714414626e-05 -0.0140850999833005 -0.0269256995648339 -0.0317972206673612 -0.0374283455343334 -0.0450415963514001 -0.0502157974736086 -0.0514661063650625 -0.0427418789644874 -0.0328519002977387 -0.0290254718721501 -0.0238118990920566 -0.0136222951584641 0.00553860264173361 0.0276125186618323 0.0357122433330523 0.0496796843066754 0.0774278864335061 0.11618873932368 0.155480278712864 0.164733991783446 0.156237191604601 0.143020873525536 0.121399528314753 0.0978398618532601 0.0890693729975411 0.0813769167768917 0.0701613755194536 0.0554218598713722 0.0263296364449343
-9999 -9999 -9999 -9999 -9999 -9999 -9999 -9999 -9999 -9999 -9999 -9999 0.588720276441364 0.652198305784071 0.702158950529559 0.670749084126925 0.55597772949674 0.531509805153335 0.601592508344041 0.729390605795176 0.728781261415884 0.493824169059566 0.190223788386502 0.0492508673319317 0.0763229461749402 0.0576194310392975 0.026207529521066 0.00295497508900722 -0.0150767088905517 -0.0220653709577839 -0.0294282489308544 -0.037699358831315 -0.0401481961316019 -0.0423449784628323 -0.0374732034163967 -0.0327407353279305 -0.0304070613413067 -0.0265313130951246 -0.0225090338664736 -0.0117525768696081 -0.0062554725585342 -0.00637826172242539 -0.00802398514753855 0.0147717434847286 0.0604900655416312 0.103655507925188 0.152808459608358 0.17790209887942 0.190784275183863 0.179964621694793 0.153075375326558 0.147088100364434 0.134690353673287 0.120210400308839 0.0899316317119177 0.0478317070779808
-9999 -9999 -9999 -9999 -9999 -9999 -9999 -9999 -9999 -9999 -9999 -9999 -9999 0.608074252702047 0.750210094000336 0.566049039990141 0.351770424584883 0.278032144542423 0.290455085647494 0.371232519589682 0.524390878550734 0.653658370951856 0.475030033014474 0.226995011670991 0.156850336726941 0.109531153478289 0.0666486822741011 0.0187280047438089 -0.0070748342239263 -0.0117045666239989 -0.017827028234219 -0.0241391960461357 -0.0268906456595278 -0.0302964727483866 -0.0287339544262168 -0.0241968360946012 -0.0246350771122389 -0.0233572850043603 -0.0227081643664416 -0.0162687622537209 -0.0177511630425651 -0.0302527254926884 -0.0385119334007038 -0.0165471975381337 0.0335020065984439 0.0911822120297739 0.156823135924432 0.208413166852673 0.240060535412974 0.238809744957107 0.220038800782783 0.210910609521735 0.182691467603285 0.144482234167872 0.111532306512426 0.0722371616785691
-9999 -9999 -9999 -9999 -9999 -9999 -9999 -9999 -9999 -9999 -9999 -9999 -9999 0.539080047608258 0.766386363837729 0.424595892273214 0.235471720827606 0.142749887938306 0.14385968795464 0.192052062643619 0.254980973611922 0.416117358117889 0.48617961665045 0.317192306127543 0.217431740890419 0.168107528783144 0.0892893267119178 0.0290259285187108 -0.0197412778675718 -0.0124793599040417 -0.0155646426664445 -0.0311016518854093 -0.0206662621100094 -0.0242638658643589 -0.022689730056655 -0.0162246971714466 -0.0249193373743203 -0.0243289855313 -0.0247554241479271 -0.0178974419383523 -0.0132936430081909 -0.0298195471844004 -0.0473481710732681 -0.027993431793328 0.0271707515385189 0.0958059248573206 0.165621396540031 0.24620200698342 0.294337431002224 0.287409538821109 0.271616957683305 0.23609055586256 0.20055262102429 0.166146391153479 0.134871806748239 0.0994542347415076
-9999 -9999 -9999 -9999 -9999 -9999 -9999 -9999 -9999 -9999 -9999 -9999 -9999 -9999 0.78544970993794 0.606965404296797 0.274336137232461 0.105892393105786 0.0966062338713488 0.134773948429712 0.184279071638279 0.242864308081542 0.302309289902366 0.30125462206523 0.230710221763719 0.135117581132888 0.118878348842389 0.0488476493813337 -0.018619101154736 -0.0154926549193328 -0.0449280265330017 -0.0287595250138168 -0.0332935936784664 -0.0347254685299339 -0.0268619083562529 -0.0273912906739255 -0.034659889045677 -0.0396748627718166 -0.0409069202829732 -0.0316853926667793 -0.0176335223109445 -0.0203273157069914 -0.0219050390030633 -0.00149574502049327 0.0384166721377328 0.0986750489579479 0.171957419162454 0.239493949675798 0.279510012037649 0.282069179650865 0.267356004830864 0.247885803711716 0.223451105528577 0.194513628624674 0.165358377027052 0.135187609048676
-9999 -9999 -9999 -9999 -9999 -9999 -9999 -9999 -9999 -9999 -9999 -9999 -9999 -9999 0.659960448339867 0.765526608563755 0.417211297294946 0.090990150563969 0.0539536806074218 0.112871420845183 0.160783051907721 0.20185736626364 0.246970006288138 0.289695805491869 0.351975856547359 0.386528488543401 0.311284517217571 0.140274132518769 0.056332289572703 0.132681489508561 -0.00895141929243459 -0.0376346618365203 -0.040837246416045 -0.0387022481663675 -0.0289060955024528 -0.0329592471771193 -0.0438963951637943 -0.0465444868893142 -0.0493369547389112 -0.0456282742779415 -0.0255437037650207 -0.0230357175616684 -0.00315869814568726 0.0192811674742883 0.0454156246103479 0.0903047641755184 0.150923091860536 0.209516990413347 0.247664510344403 0.257100717494593 0.257100233507168 0.247588689736526 0.239981805669101 0.225946697457227 0.203164654827157 0.176433446291544
-9999 -9999 -9999 -9999 -9999 -9999 -9999 -9999 -9999 -9999 -9999 -9999 -9999 -9999 -9999 0.626768788341093 0.569231564619458 0.200790141604492 0.0373580582387302 0.0887335473840474 0.165106529433689 0.188599064195035 0.202249769080397 0.207890289118602 0.217789939567658 0.239199527399956 0.29183493985049 0.37782893316983 0.44602589308456 0.326740521777285 0.312854698494586 0.150513448739571 0.00578422290217573 -0.0441475431722316 -0.0384797428615588 -0.0362656845189363 -0.0357917113603605 -0.0361163514772576 -0.0383002755451864 -0.0353200559056517 -0.0378668025694134 -0.0417233046625592 -0.0110659162903972 0.0307211625447343 0.0564900455473569 0.0879341415614011 0.135129614569885 0.180544130164221 0.212711165132072 0.226506671871485 0.233368730725409 0.236854659227783 0.245480611124811 0.242708801084287 0.231808818541226 0.239461491867009
-9999 -9999 -9999 -9999 -9999 -9999 -9999 -9999 -9999 -9999 -9999 -9999 -9999 -9999 -9999 0.422443483780671 0.433715098458416 0.378876913783938 0.063440203323786 0.0425260650296427 0.146869437884701 0.161389734945308 0.190626110498862 0.198056707726835 0.201682750716976 0.20351898066129 0.207176509444963 0.211138492766406 0.246725517920913 0.346139800674626 0.406334700977706 0.352084478464319 0.0920549283668364 -0.0286537595251467 -0.0419902982597814 -0.0229709670280989 -0.0322474664879737 -0.0277326329040944 -0.015088530225255 0.0244125172069017 0.0523177448109174 -0.042446348531174 -0.0259314503949145 0.0443575893708591 0.0702987036085465 0.0880446286687408 0.128784362155688 0.15922702321857 0.189866479306158 0.210201690156757 0.216588901618822 0.223579195187319 0.234322486250272 0.228522827023656 0.22191926631728 0.247982829922818
-9999 -9999 -9999 -9999 -9999 -9999 -9999 -9999 -9999 -9999 -9999 -9999 -9999 -9999 -9999 0.397459318821087 0.274656906638996 0.226783829072171 0.214695316135945 0.0279738825781969 0.00962093274329157 0.0782462620542702 0.140149302656772 0.170804837585752 0.183817731750164 0.1914395441002 0.197470385146685 0.201209323597123 0.204797984363964 0.238126478124245 0.34323867095529 0.377285329537575 0.291614934076509 0.0538824793608979 -0.00955179131171224 -0.0298810643004397 -0.028672325920251 -0.0256706402489462 -0.00646287211118179 0.0655157120503077 0.0999161943475022 -0.0374908657249763 -0.0255396309916572 0.0570892215215467 0.0967517303926719 0.106439711847012 0.116674797982483 0.136977417290914 0.157395927304787 0.179875098650642 0.211910016357449 0.189473260084972 0.178546717838886 0.163534370439889 0.13729106432317 0.139540490821471
-9999 -9999 -9999 -9999 -9999 -9999 -9999 -9999 -9999 -9999 -9999 -9999 -9999 -9999 -9999 -9999 0.443786489131505 0.0291793324605368 0.0500420304217184 0.198742099785005 0.0505439050212655 0.00867946309329776 0.062260553686606 0.108584640367254 0.129832844731784 0.146669534597035 0.167001851042392 0.18223692414947 0.184018773537122 0.199629180268142 0.263287233704014 0.324044054674132 0.362954126430275 0.234354022799572 0.121507585442239 0.0301998097239803 -0.0292022986942155 -0.0474183683606392 -0.0379317161135054 0.00806356956933135 0.0685681699047724 -0.0523979597677907 0.00857176368314 0.0832535525932495 0.104823302895098 0.0997274601212949 0.0790730652905676 0.0837122924824357 0.0923299266247214 0.107922911646833 0.143162963429932 0.0998845245642159 0.08380646459511 0.0698739542411478 0.0432191728959368 0.0604209389885161
-9999 -9999 -9999 -9999 -9999 -9999 -9999 -9999 -9999 -9999 -9999 -9999 -9999 -9999 -9999 -9999 -9999 0.472942417572887 0.0403132400690248 -0.0709247462882791 0.176898928329469 0.0881395046702027 -0.006238840100808 0.0156546948399257 0.0531443599362902 0.0907690136994772 0.128279601165624 0.153251607612634 0.162946140195884 0.184141928320958 0.219243400418966 0.280056462227471 0.323838971157423 0.3368081812525 0.324377873685833 0.191354132376891 0.0713369899289842 0.00773070755193572 -0.0354208508880887 -0.029949406194181 -0.0173345343328302 0.00375433391400121 0.0576941019092967 0.0848755951969263 0.0735099684769152 0.046309614061079 0.031177800312546 0.0172504530358589 0.0130344504760743 0.0146620004005347 0.00315448887624853 -0.0157031138396926 -0.0438310555693573 -0.0502302977555404 -0.0386879260455484 -0.0118225599289035
-9999 -9999 -9999 -9999 -9999 -9999 -9999 -9999 -9999 -9999 -9999 -9999 -9999 -9999 -9999 -9999 -9999 -9999 -9999 0.0434942974749829 -0.126867645990463 -0.0874845087395749 0.0395542911000192 0.0140785058303391 0.00626579062673133 0.037886609525048 0.0812548255449667 0.122784534746772 0.138103402696115 0.162528966593832 0.193241447200312 0.216789086677176 0.263257530964868 0.309383103126114 0.339094121572409 0.359875500142268 0.213828742523321 0.115263028954038 0.0510679075167641 0.0501417241574964 0.103861755716394 0.0724793310976406 0.0754362335838378 0.0707428635615179 0.0389026125985858 0.0174083456997047 0.00736030904185847 -0.0102916306102192 -0.0217582627127846 -0.0329228061683288 -0.0510012838580576 -0.0787872646528377 -0.111909587877552 -0.11639578527237 -0.0978722327656328 -0.0664194776690586
-9999 -9999 -9999 -9999 -9999 -9999 -9999 -9999 -9999 -9999 -9999 -9999 -9999 -9999 -9999 -9999 -9999 -9999 -9999 -9999 -9999 0.114708722821687 0.0907810023168168 0.0937561263957712 0.0712324298749905 0.0184755580042562 0.0371594435416013 0.0801574776142318 0.10708738243247 0.126571243815799 0.142367620488208 0.16857720010309 0.211250907891288 0.264960924541855 0.31853507087038 0.324606563297871 0.366169980610855 0.30985003556598 0.135662017790605 0.124264522068728 0.0715844207009348 0.0517119131146795 0.0555896256636407 0.0293830882705257 0.0240951167734418 0.0118973050110183 0.00415052050522419 -0.00295625520501913 -0.0278934586600514 -0.0482610530733023 -0.0750559884630018 -0.105438983235067 -0.130181967801352 -0.13480256012432 -0.126144694521357 -0.0952135467592801
-9999 -9999 -9999 -9999 -9999 -9999 -9999 -9999 -9999 -9999 -9999 -9999 -9999 -9999 -9999 -9999 -9999 -9999 -9999 -9999 -9999 -9999 -9999 0.197977219347676 0.187348789601448 0.113669818743087 0.00532097464528863 0.021062658842984 0.0580268339525605 0.0828273931120878 0.103048349660825 0.133172189527605 0.176593968621142 0.203342863818189 0.247251435332926 0.327845530383084 0.403445981268663 0.532482950994077 0.440408708669 0.28822003176504 0.146449484089848 0.0709196089858745 0.0480305075200377 0.0276798669528079 0.0163951207506567 0.0147156349563626 0.0121753565706185 0.00532397222999448 -0.0171344575375538 -0.0457768368119172 -0.0787369504946767 -0.110155491840093 -0.132719732807479 -0.13964943664475 -0.137586314373479 -0.127102705184577
-9999 -9999 -9999 -9999 -9999 -9999 -9999 -9999 -9999 -9999 -9999 -9999 -9999 -9999 -9999 -9999 -9999 -9999 -9999 -9999 -9999 -9999 -9999 -9999 -9999 0.171201591787834 0.0202358348424242 -0.00575925942959288 0.00956703437255219 0.0347005585707328 0.0596286706356463 0.0893518114234197 0.128799007063385 0.151246245974336 0.184951645912025 0.235480534159138 0.30671145245234 0.428273559574875 0.633756515219772 0.650730845633781 0.335661258316348 0.130873811398352 0.0808419456387981 0.0396870593739079 0.0334830012959705 0.0362799486470495 0.0302372860463324 0.0303620854632075 0.00433872441405991 -0.0338235410597741 -0.0689727209391645 -0.110314922058675 -0.125947576920732 -0.134856113582874 -0.149737015442469 -0.163238367873241
-9999 -9999 -9999 -9999 -9999 -9999 -9999 -9999 -9999 -9999 -9999 -9999 -9999 -9999 -9999 -9999 -9999 -9999 -9999 -9999 -9999 -9999 -9999 -9999 -9999 0.145489737519062 0.01518659814864 -0.045784598716195 0.0124091534509821 0.0199229181582183 0.0290963702437261 0.0473070824874368 0.0725993264320031 0.090990468101603 0.121036109556608 0.162951306581272 0.187416162555588 0.265194548440767 0.505907985447379 0.812381680086073 0.615755382622995 0.235060540457077 0.10804863196164 0.0528622884193647 0.045703585118147 0.0578030742148669 0.0509298039820597 0.047767334627888 0.0163518145110223 -0.0339037241380366 -0.0788403483774185 -0.1134221221173 -0.121486279004722 -0.131682653770318 -0.151595122289202 -0.173060894083175
-9999 -9999 -9999 -9999 -9999 -9999 -9999 -9999 -9999 -9999 -9999 -9999 -9999 -9999 -9999 -9999 -9999 -9999 -9999 -9999 -9999 -9999 -9999 -9999 -9999 -9999 -9999 -0.0911341416645478 -0.0687320759339468 0.0853656071048655 0.114945678718885 0.0706219233109085 0.055387145915239 0.0469869502240042 0.0465929310405787 0.0308858577156795 0.0680448979590882 0.132178774408153 0.319895715590052 0.757650456246286 0.799676999159267 0.374191757952445 0.118178070192171 0.038266250827875 0.0434951939384535 0.0631232260994003 0.0517951385120941 0.046336911111892 0.0131096637344629 -0.0473445174423596 -0.101664042161157 -0.117613951238606 -0.117963535039328 -0.126400204116368 -0.149375143477476 -0.169802693034366
-9999 -9999 -9999 -9999 -9999 -9999 -9999 -9999 -9999 -9999 -9999 -9999 -9999 -9999 -9999 -9999 -9999 -9999 -9999 -9999 -9999 -9999 -9999 -9999 -9999 -9999 -9999 -0.0222308056989001 -0.086465368994615 0.12487549217369 0.13482944958891 0.0771006824888076 0.045609674581919 0.0363791802204769 0.0245227986049559 0.00961567528162366 0.0119796918131701 0.0476189966021367 0.185972173755141 0.597316989646788 0.871452944463695 0.532682671853902 0.146481346139769 0.00470274301041407 0.0121749135245797 0.0422724104767696 0.0272467721137345 0.00914224845010225 -0.0182284049731253 -0.0630834277745079 -0.100564812192441 -0.119919242426814 -0.125488921055148 -0.129165817020836 -0.139247394236947 -0.143274284584889
-9999 -9999 -9999 -9999 -9999 -9999 -9999 -9999 -9999 -9999 -9999 -9999 -9999 -9999 -9999 -9999 -9999 -9999 -9999 -9999 -9999 -9999 -9999 -9999 -9999 -9999 -9999 -9999 -0.0131140688689034 0.124078101979339 0.167854578511809 0.0526359673521419 0.0163157545135109 0.0242387982112591 0.01551563599037 0.00509162677236363 0.00129315887198628 0.0102905897342374 0.104673533930324 0.481289605218553 0.905944427326163 0.670063127733248 0.235925381285412 0.0211663061688423 -0.0117368673843636 0.0262035539963945 -0.00980445787954498 -0.0414834743873826 -0.0648048313151361 -0.078447071470986 -0.0952808570960327 -0.114397973491538 -0.115920529803082 -0.113507227178487 -0.117198797243451 -0.107127767381372
-9999 -9999 -9999 -9999 -9999 -9999 -9999 -9999 -9999 -9999 -9999 -9999 -9999 -9999 -9999 -9999 -9999 -9999 -9999 -9999 -9999 -9999 -9999 -9999 -9999 -9999 -9999 -9999 0.0233517591621469 0.125957942073296 0.185794137352707 0.0383979217704358 0.00773653899636384 0.0246983475563685 0.0128629893812681 0.00554765340742774 -0.0006476333418029 -0.00113131177570119 0.0744914607527002 0.423650049245859 0.894658814378742 0.783126570996086 0.319656204833171 0.0637539636477093 -0.00791585577031817 -0.0393583919389053 -0.0605002577593355 -0.0606729478454913 -0.076657630355719 -0.0918216983247228 -0.0946111626836305 -0.105884154718977 -0.104134372423176 -0.0974103074328421 -0.084609038289434 -0.047166558002808
-9999 -9999 -9999 -9999 -9999 -9999 -9999 -9999 -9999 -9999 -9999 -9999 -9999 -9999 -9999 -9999 -9999 -9999 -9999 -9999 -9999 -9999 -9999 -9999 -9999 -9999 -9999 -9999 0.0501388401437544 0.114109935407749 0.223194756138411 0.036231259857293 0.028197468154166 0.0501908027094785 0.0193912126153311 0.00928434019325153 -0.000232842823614243 -0.00732265783306341 0.0500955844701992 0.381387687455297 0.878796166933315 0.82385001716116 0.35312870982344 0.0874660830543826 0.0231317357345409 0.00558897073600079 -0.0766557767530033 -0.0755527465103336 -0.0673802544149946 -0.0924893325583949 -0.0755340641886927 -0.0983314787602911 -0.0973491581051062 -0.0791931349753263 -0.0433082080514231 0.0133903835321894
-9999 -9999 -9999 -9999 -9999 -9999 -9999 -9999 -9999 -9999 -9999 -9999 -9999 -9999 -9999 -9999 -9999 -9999 -9999 -9999 -9999 -9999 -9999 -9999 -9999 -9999 -9999 -9999 0.0329692411053801 0.0912463895467382 0.192915270753532 0.0285221687390399 0.0238257328950752 0.0459268241965637 0.0270295298213135 0.00838573864036796 -0.00470400130976756 -0.00340180046138788 0.0646168349900875 0.397764043800017 0.894749448942708 0.817705540486393 0.342313350220501 0.0872044653636689 0.0405942105339228 0.0215176472483192 -0.0479787501944193 -0.0827495423869069 -0.0942596765986121 -0.0908337727612513 -0.0880809704778948 -0.0837482546901603 -0.0763838991668712 -0.0465053105093305 0.0116302947332825 0.0950983173403507
-9999 -9999 -9999 -9999 -9999 -9999 -9999 -9999 -9999 -9999 -9999 -9999 -9999 -9999 -9999 -9999 -9999 -9999 -9999 -9999 -9999 -9999 -9999 -9999 -9999 -9999 -9999 -9999 0.0265683711157034 0.0435774358782938 0.182911611611913 0.0186687340692461 0.0218325157030138 0.043836961233736 0.0305980585780034 0.0145513873410559 -0.00198316004680027 0.00900454713205512 0.0755514547279556 0.439665044786241 0.90390091423684 0.760571960559743 0.277023427519566 0.0561702304090339 0.0442982627753853 0.0369703310648754 -0.0194279743506256 -0.048589583208809 -0.0666993579909647 -0.0879114174469817 -0.0640459103910437 -0.0654798613542997 -0.0444431969032767 0.00523971754391861 0.084761593592828 0.178617167091888
