meets/meet006/_saidas_enm/CCSM_Gower_0k_T_subalaris3.asc
NCOLS 154 
NROWS 168 
XLLCORNER -112 
YLLCORNER -55.5 
CELLSIZE 0.5 
NODATA_value -9999 
[rows 78 to 103 of 168, columns 59 to 117 of 154]
-9999 -9999 -9999 -9999 -9999 -9999 -9999 -9999 -9999 0.501598632696904 0.566232811138139 0.507783861888239 0.436855629605456 0.237208538173773 0.003890070892967 0.0200344393412332 0.279739364284127 0.536953944866549 0.614398258170484 0.584486379064789 0.472290161831947 0.503195610237261 0.512317384503665 0.476448515346018 0.444945109624573 0.418832204508299 0.40557259345689 0.39555474734323 0.383300172825917 0.375350001185429 0.374940794071415 0.382433843883879 0.391716740110046 0.397090723054472 0.401473373750549 0.409793531993179 0.41876989208968 0.42441345352643 0.428794759730973 0.426787232727456 0.441455614181915 0.467337563177803 0.48881720755217 0.510926841488783 0.52147392234544 0.530750159633226 0.534971773061919 0.529335327466611 0.507499409287791 0.459904249530846 0.413646510785372 0.366869844307991 0.326280208931784 0.291838251140749 0.260107496225843 0.231965841823482 0.204664377506086 0.179844279560721 0.160281542013434
-9999 -9999 -9999 -9999 -9999 -9999 -9999 -9999 -9999 -9999 0.5170800894173 0.5008868215345 0.324275124846563 0.129362546886761 0 0 0.0681678295052333 0.215449036488043 0.358614434303085 0.559634887432636 0.573831625080088 0.536218563994857 0.518285820616997 0.481050648991621 0.433381677861173 0.399051941852562 0.38801320320328 0.378279560897323 0.366375652532953 0.358945394180383 0.357581756875988 0.363358571186192 0.373060721159957 0.377769501038495 0.383018673881102 0.39111993143432 0.400401088820059 0.406050581370049 0.403620455269923 0.401484386406591 0.420025858912669 0.454124281504916 0.488737909018078 0.517207022313155 0.533092527955208 0.529144249200532 0.522315688223925 0.516512053872923 0.509266322749493 0.502675129753578 0.486790930782255 0.447032657135711 0.41048012389527 0.379841990173668 0.350955761263244 0.324163947423031 0.297966476417632 0.273059291984387 0.255127256404319
-9999 -9999 -9999 -9999 -9999 -9999 -9999 -9999 -9999 -9999 0.465609454405325 0.515378192677585 0.191965611388446 0.0430390383906287 0 0 0 0 0 0 0.115537043219739 0.260493100829396 0.549226905987853 0.494094694116081 0.430401162449497 0.370348902910524 0.362137518796878 0.360097858975044 0.330600336695616 0.33768192181281 0.336018949877689 0.341038222608024 0.352561724560869 0.352995661849856 0.360677858859969 0.370550028786675 0.382600772564949 0.394551822825362 0.391713455633682 0.383775455876188 0.406391587298394 0.450261102108399 0.496589591360484 0.524508312697373 0.523882425846504 0.519710155380035 0.513862257757066 0.508060194139634 0.502496375855763 0.495793294501031 0.490201777410554 0.484685298385834 0.479793016217306 0.460036375594074 0.437457183563654 0.413475180839284 0.385738882615048 0.365066316063277 0.345605029785376
-9999 -9999 -9999 -9999 -9999 -9999 -9999 -9999 -9999 -9999 -9999 0.566440512593872 0.18109221995406 0.0124314298297278 0 0 0 0 0 0 0 0 0 0.0981390483187876 0.472754551324834 0.371791560852139 0.350069579818818 0.301655498361909 0.306138726552564 0.299279824168879 0.297319550220154 0.312554221980517 0.317810866279026 0.317590925461321 0.320205146329298 0.33337260942458 0.355581897179502 0.377747668930902 0.383717494528594 0.38997345597891 0.415060302324378 0.450085788881704 0.489679720043833 0.519105316146173 0.514991458119661 0.511202905298176 0.505445135582017 0.500274396318858 0.494412710011255 0.488785795458098 0.484591088535162 0.479684970167311 0.475634527956195 0.472298097244907 0.469665718797252 0.468084996958253 0.465638490748297 0.450166274368002 0.435741489972524
-9999 -9999 -9999 -9999 -9999 -9999 -9999 -9999 -9999 -9999 -9999 0.497504685795515 0.166399741869891 0.117022152141069 0 0 0 0 0 0 0 0 0 0 0 0.148305354332177 0.432969685674417 0.306838110933711 0.315150424544639 0.290670012693218 0.269296387298847 0.28527783941354 0.284439596582034 0.277853514820846 0.273471149961553 0.288198371447048 0.318572727170278 0.358912549416747 0.370051947606351 0.391376700204161 0.420797427667983 0.448907188547888 0.482936150155313 0.514041282019681 0.509481098574753 0.505332939801189 0.49927720924076 0.494670779376847 0.490223008427178 0.484166283641486 0.480596086543407 0.475877935505631 0.472770270358133 0.470658007542716 0.467856080137728 0.466546509518848 0.464884993464588 0.453637977858691 0.426949016346439
-9999 -9999 -9999 -9999 -9999 -9999 -9999 -9999 -9999 -9999 -9999 -9999 0.544296523771979 0.501800331858401 0.132026665417031 0 0 0 0 0 0 0 0 0 0 0 0 0.261327455221873 0.490203052786595 0.3474899134419 0.256755647815906 0.256284821702134 0.253743653305221 0.252848613646347 0.248629784479648 0.2537883073626 0.266379184734529 0.290551522760259 0.331403326323927 0.377833065316357 0.420071973913604 0.449483626059576 0.477772725700866 0.506526900313993 0.505461487163895 0.501368403855905 0.495818264648916 0.490761022323005 0.48573579193991 0.481232825608976 0.477992930219408 0.47431886797141 0.471310655586895 0.468897991988951 0.466934471850417 0.465741412836001 0.46434619929459 0.447747262883872 0.420083979058475
-9999 -9999 -9999 -9999 -9999 -9999 -9999 -9999 -9999 -9999 -9999 -9999 0.424364684396251 0.524786913189202 0.299323972718615 0 0 0 0 0 0 0 0 0 0 0 0 0 0.354894853691859 0.459471144361269 0.29957085894636 0.271830309203993 0.250502904676032 0.238562057200778 0.229014510520151 0.21913205840918 0.208585279269127 0.219338093796737 0.283018500791051 0.358730357580809 0.418776561614609 0.449230755785854 0.47447150141905 0.504622044294824 0.503074500789369 0.498390964252675 0.492003946397507 0.487890161606447 0.483427617907564 0.479044601529148 0.476192322934306 0.472495506058122 0.47024030805868 0.468445228626776 0.466440144742796 0.465351731446983 0.463983389524612 0.443499918851467 0.427806336136551
-9999 -9999 -9999 -9999 -9999 -9999 -9999 -9999 -9999 -9999 -9999 -9999 0.151148754043965 0.430230703285534 0.499588647253467 0.244359136809546 0 0 0 0 0 0 0 0 0 0 0 0 0.0346546446184498 0.576576950153911 0.450409165561815 0.357877359748717 0.29559547273283 0.263402835129296 0.226326257925467 0.196131497687398 0.171765658746357 0.166185468382977 0.251580869289258 0.350798153958075 0.416810957339215 0.453890276458848 0.477001725972479 0.495339793848055 0.501580097018365 0.496998270192451 0.491437720899649 0.486370265467733 0.481974343402376 0.478003682872394 0.475364087689358 0.472397117074449 0.470025309778278 0.468108596150244 0.466420098329253 0.465385218578589 0.464235487157517 0.454228516651657 0.438211747814485
-9999 -9999 -9999 -9999 -9999 -9999 -9999 -9999 -9999 -9999 -9999 -9999 -9999 0.178925565441042 0.316204584752202 0.393703389055207 0.257882363480396 0 0 0 0 0 0 0 0 0 0 0 0 0.183562214207399 0.547611714945203 0.508425179440525 0.389519618627248 0.320011841265116 0.26248586014399 0.226942601427978 0.200794908916601 0.172943115733042 0.274473124336783 0.36928202770581 0.423931151595163 0.450995321524114 0.464942822612715 0.466416787621942 0.478653277669478 0.482959451146373 0.481769033578904 0.486074366014931 0.460607821966962 0.438622399992234 0.426431842327688 0.412963594244672 0.417543461734233 0.443040102747102 0.464689380665427 0.466095851307796 0.464908974271209 0.458306645308731 0.441314601369138
-9999 -9999 -9999 -9999 -9999 -9999 -9999 -9999 -9999 -9999 -9999 -9999 -9999 -9999 0.114703582581967 0.264725997704593 0.32345019045731 0.374484331004191 0.097022389007632 0 0 0 0 0 0 0 0 0 0 0 0 0.383743674317112 0.543974975349621 0.434099509301349 0.36106929116072 0.307412933996905 0.308480126798044 0.335420428827904 0.360183834973976 0.400706158712896 0.424970835252608 0.429002658350891 0.422963308249091 0.419806717379299 0.406940288055617 0.396732135517357 0.389805561275379 0.36765543908783 0.357574221900801 0.336365410524636 0.332776046886083 0.344985790021346 0.364118058044166 0.410081406686229 0.456998275075589 0.467185991723338 0.465903463786201 0.458299594668092 0.437183497628346
-9999 -9999 -9999 -9999 -9999 -9999 -9999 -9999 -9999 -9999 -9999 -9999 -9999 -9999 -9999 -9999 0.18804321684014 0.164040214151485 0.319753505964589 0.207072803046711 0 0 0 0 0 0 0 0 0 0 0 0 0.339117984237123 0.575080107213989 0.46879437798007 0.400267777720593 0.395706799278419 0.429003801698022 0.412092554288993 0.415124520321548 0.418351808155583 0.403012440733662 0.392008285688444 0.386592956982734 0.362200503461264 0.342336715592343 0.322846198801928 0.285974481878882 0.283325595361098 0.269299912619166 0.275368163995657 0.301554047477161 0.327321201245171 0.388700817990237 0.450313314960698 0.46915296789295 0.464521880310791 0.447340040747515 0.427057824881703
-9999 -9999 -9999 -9999 -9999 -9999 -9999 -9999 -9999 -9999 -9999 -9999 -9999 -9999 -9999 -9999 -9999 -9999 0.244167816852748 0.326828793524656 0.334089898304195 0.0386294728646223 0 0 0 0 0 0 0 0 0 0 0 0.112191994359656 0.567557363699511 0.487944359943504 0.465323938322922 0.420319318009528 0.405725997823522 0.406900101521285 0.388052423715152 0.38639840005931 0.378289607530906 0.373617343301351 0.3677139800489 0.342945550586036 0.306237435521508 0.273225944348224 0.261372642327569 0.26137773445692 0.270217671008988 0.282029844292583 0.313006833939305 0.368722700701528 0.427219608500686 0.457180067269358 0.442656890900488 0.426437559063341 0.441518307716244
-9999 -9999 -9999 -9999 -9999 -9999 -9999 -9999 -9999 -9999 -9999 -9999 -9999 -9999 -9999 -9999 -9999 -9999 -9999 -9999 0.350718154394973 0.420431651865112 0.118553282858475 0 0 0 0 0 0 0 0 0 0 0 0.11875101344858 0.496777596224922 0.588795934943612 0.489420214651461 0.42915643853996 0.394508545019158 0.370860701609779 0.36550198182022 0.368875911863668 0.370419036141113 0.365614426834552 0.343582545796094 0.30490447273851 0.271058655756298 0.26109845074717 0.26178353799591 0.265568948614449 0.271450945567397 0.290438712510038 0.33145933974678 0.386008899803478 0.424490248342037 0.439113277026981 0.455276394296872 0.474005484241485
-9999 -9999 -9999 -9999 -9999 -9999 -9999 -9999 -9999 -9999 -9999 -9999 -9999 -9999 -9999 -9999 -9999 -9999 -9999 -9999 -9999 -9999 0.337882990551231 0.334145813801484 0 0 0 0 0 0 0 0 0 0 0 0.0387387315603921 0.563305089107435 0.62195741367532 0.489652097094753 0.406247263542885 0.345212225685946 0.348930446134103 0.36156099659281 0.363142375359667 0.35622372250186 0.334908278125944 0.299720097506549 0.266827096266224 0.257924487352921 0.260819754590807 0.26014955202786 0.254467127375217 0.260210461728935 0.289285932765588 0.32307358196253 0.379371359481502 0.452065494438376 0.474289231510901 0.465445314363669
-9999 -9999 -9999 -9999 -9999 -9999 -9999 -9999 -9999 -9999 -9999 -9999 -9999 -9999 -9999 -9999 -9999 -9999 -9999 -9999 -9999 -9999 0.184784328054708 0.283830546442475 0.322788113062401 0.0309076504071959 0 0 0 0 0 0 0 0 0 0 0.392241490009932 0.683701613097883 0.581192859142921 0.430042532566192 0.333062185385342 0.331550802223956 0.358968385514929 0.364110329864487 0.358596080458883 0.337731863850668 0.302218766208501 0.270597230496712 0.258539851599789 0.25724645074482 0.253915218894099 0.248448622185456 0.250226558733215 0.269499093217213 0.303700771700558 0.37178962880722 0.463669705582768 0.46440611220159 0.456487227130091
-9999 -9999 -9999 -9999 -9999 -9999 -9999 -9999 -9999 -9999 -9999 -9999 -9999 -9999 -9999 -9999 -9999 -9999 -9999 -9999 -9999 -9999 -9999 -9999 0.225414603507439 0.322546839209246 0.0584541116808668 0 0 0 0 0 0 0 0 0 0.326663419405086 0.691866410990681 0.660875129741562 0.452996179002702 0.311676613072111 0.325073221988155 0.360969018029383 0.357430284554275 0.36507268143904 0.346054210861996 0.302624373896362 0.2731599425178 0.256149292720966 0.252169206080343 0.25017446233294 0.246959370201631 0.255973026704995 0.279886057836119 0.310599236012271 0.379535196890701 0.472855165872329 0.482722256053803 0.487448867701861
-9999 -9999 -9999 -9999 -9999 -9999 -9999 -9999 -9999 -9999 -9999 -9999 -9999 -9999 -9999 -9999 -9999 -9999 -9999 -9999 -9999 -9999 -9999 -9999 0.102253764767204 0.231495742030743 0.274909073069796 0 0 0 0 0 0 0 0 0 0.275348080504352 0.689231973876246 0.662901833128754 0.518631577258535 0.34758844773281 0.3177930438263 0.338433206743104 0.334132903506801 0.334741412964158 0.317618736321618 0.287263769860145 0.26136049955758 0.242898201193662 0.236657013270391 0.240795543474258 0.253023117002158 0.27523909810174 0.307824221367503 0.346510946281037 0.404982353733891 0.472772273205359 0.497228098357501 0.496144388598817
-9999 -9999 -9999 -9999 -9999 -9999 -9999 -9999 -9999 -9999 -9999 -9999 -9999 -9999 -9999 -9999 -9999 -9999 -9999 -9999 -9999 -9999 -9999 -9999 -9999 0.153012620298669 0.350760083310136 0.128779257849461 0 0 0 0 0 0 0 0 0.235531150666659 0.629033241752392 0.662826005965721 0.583162168709942 0.385470825293314 0.329098550239544 0.302827275665858 0.297157777187719 0.288525051129981 0.274038334830721 0.261355994981617 0.240717203022715 0.230626561161769 0.218753869879358 0.23158897360897 0.263907935190617 0.30069269421245 0.35076840046631 0.395499877267508 0.438911285700571 0.471539744998548 0.498028803380886 0.502447088199792
-9999 -9999 -9999 -9999 -9999 -9999 -9999 -9999 -9999 -9999 -9999 -9999 -9999 -9999 -9999 -9999 -9999 -9999 -9999 -9999 -9999 -9999 -9999 -9999 -9999 0.107784333259677 0.333028778835078 0.214827920196043 0 0 0 0 0 0 0 0 0.16553635864812 0.546215338476301 0.65047943636441 0.623497840646101 0.425215320980706 0.346577408626278 0.316956367803825 0.274229093830227 0.248106274412215 0.234254507472708 0.243363935178083 0.245367883928543 0.234893765557295 0.221077447672112 0.241147096250556 0.286034216473184 0.342740560620045 0.406815477953798 0.45707297375479 0.48725265874921 0.487149495490403 0.479814756909341 0.495190028607127
-9999 -9999 -9999 -9999 -9999 -9999 -9999 -9999 -9999 -9999 -9999 -9999 -9999 -9999 -9999 -9999 -9999 -9999 -9999 -9999 -9999 -9999 -9999 -9999 -9999 0.0552765188996737 0.320592373432783 0.27000721309121 0 0 0 0 0 0 0 0 0.104072151980213 0.491779101160235 0.635325127420888 0.616401908419708 0.437978123884128 0.366185539312845 0.334753555734147 0.276027203044259 0.224675232909206 0.209879855230868 0.240100467817946 0.268858072472466 0.248950784479844 0.233055898564106 0.263091235983285 0.323703635044062 0.388813263004569 0.462630593598887 0.525156982222694 0.531886214587813 0.506055243156243 0.467311647309509 0.47909937890155
-9999 -9999 -9999 -9999 -9999 -9999 -9999 -9999 -9999 -9999 -9999 -9999 -9999 -9999 -9999 -9999 -9999 -9999 -9999 -9999 -9999 -9999 -9999 -9999 -9999 0.0575884818511258 0.329623572593973 0.213121861012574 0 0 0 0 0 0 0 0 0.0334545868301309 0.468425557626755 0.604096724429814 0.610577891444552 0.436386584678303 0.369913419985601 0.347702438383078 0.296617619774333 0.258865552027077 0.241510204243456 0.250647638660257 0.263172905904019 0.267081311031479 0.274420832085378 0.314444772927369 0.377101979518704 0.44557337887285 0.511176199675371 0.550330545960035 0.546841325085969 0.540560816425651 0.502790661561982 0.491610695722336
-9999 -9999 -9999 -9999 -9999 -9999 -9999 -9999 -9999 -9999 -9999 -9999 -9999 -9999 -9999 -9999 -9999 -9999 -9999 -9999 -9999 -9999 -9999 -9999 -9999 0.044192338038995 0.352591075660567 0.142427045838263 0 0 0 0 0 0 0 0 0.00154636701036848 0.491143459578592 0.584533390247714 0.597679171521275 0.412902425173184 0.375382266335589 0.35810109055043 0.321515194530219 0.293572134720614 0.277977684436541 0.272562792425916 0.270668324456487 0.298951185974658 0.32256495658089 0.370347743683572 0.436716059209777 0.503354207305445 0.554627474399704 0.568696318467206 0.56469420753166 0.559665796953028 0.545225148684487 0.535017623399166
-9999 -9999 -9999 -9999 -9999 -9999 -9999 -9999 -9999 -9999 -9999 -9999 -9999 -9999 -9999 -9999 -9999 -9999 -9999 -9999 -9999 -9999 -9999 -9999 -9999 0.0501633047231466 0.380647592368228 0.0427418569427873 0 0 0 0 0 0 0 0 0.00402174805677258 0.504794939902993 0.58494705807536 0.590356913433425 0.412981506683052 0.378019894060102 0.377588082020526 0.339204468488541 0.302433223194598 0.291733484322908 0.309719472741448 0.336645477638901 0.348950346196777 0.373141867046588 0.420744071468554 0.482902138224814 0.549067369363579 0.58945937507818 0.58618209799675 0.582254431978696 0.576133425805239 0.571421770143453 0.565847566954593
-9999 -9999 -9999 -9999 -9999 -9999 -9999 -9999 -9999 -9999 -9999 -9999 -9999 -9999 -9999 -9999 -9999 -9999 -9999 -9999 -9999 -9999 -9999 -9999 -9999 0.0275008706599802 0.409361380966686 0 0 0 0 0 0 0 0 0 0.0473665784524706 0.575355943725896 0.593686124537465 0.571348002508779 0.409453878496278 0.400808363889153 0.404662020686188 0.364061255923524 0.319767810758561 0.312659785738971 0.349642018278066 0.389224208959011 0.387313996146804 0.403466471289815 0.445008755948177 0.50096773483396 0.579757405346883 0.613833816759215 0.609263491777113 0.605686705648055 0.600945225682632 0.59394027584211 0.591688540917503
-9999 -9999 -9999 -9999 -9999 -9999 -9999 -9999 -9999 -9999 -9999 -9999 -9999 -9999 -9999 -9999 -9999 -9999 -9999 -9999 -9999 -9999 -9999 -9999 0 0.00910788668947915 0.413307486574101 0 0 0 0 0 0 0 0 0 0.120940146296847 0.6153921610186 0.604897493148375 0.576297583996884 0.435033052233501 0.429657224583172 0.444964546525793 0.412362955885385 0.375171287030347 0.366858856967396 0.388023056632371 0.407657656334339 0.407934904780331 0.402979016356549 0.436194692918213 0.496480978676348 0.557955945808162 0.616839180545538 0.630347148853394 0.627482567880558 0.621570326334994 0.617892697540086 0.61269225197465
-9999 -9999 -9999 -9999 -9999 -9999 -9999 -9999 -9999 -9999 -9999 -9999 -9999 -9999 -9999 -9999 -9999 -9999 -9999 -9999 -9999 -9999 -9999 -9999 0 0 0.312529854465533 0 0 0 0 0 0 0 0 0 0.205813709659712 0.608751882558284 0.59866572372268 0.58221771765226 0.46781948399336 0.477495368742762 0.494831118180313 0.466288923301167 0.433659892329624 0.422235948916161 0.432321413955376 0.441406640813153 0.435994035496789 0.41950544541038 0.445127664049762 0.500112362968589 0.553994589416714 0.619262338050768 0.654813882912096 0.654653160544796 0.651908788401004 0.648545252718569 0.648722843390006
