meets/meet006/_saidas_enm/CCSM_Maha_0k_S_lineola2.asc
NCOLS 154 
NROWS 168 
XLLCORNER -112 
YLLCORNER -55.5 
CELLSIZE 0.5 
NODATA_value -9999 
[rows 50 to 74 of 168, columns 56 to 111 of 154]
-9999 -9999 -9999 -9999 -9999 -9999 -9999 -9999 -9999 -9999 -9999 -9999 -9999 -17.8097272438441 -12.9653297080198 -8.45496800163891 -3.19863657879117 -4.51080981057258 -5.75173582090359 -4.34220686716222 -1.04402896984698 0.191284441955286 -1.68803502670222 -0.703860892853891 -1.63537679906788 -2.68191407066256 -3.19393195501735 -3.02335770557403 -2.20737010049636 -2.0529380521949 -2.19291729415534 -1.99122725913071 -1.81546638017871 -2.70570579328135 -1.4419731150213 -0.743388843096975 -0.201569543542752 -0.59175386266544 -0.712193039857794 -0.500316315399817 -0.654073279488674 -0.302948841791008 -0.272121431947268 -0.116156501237802 -0.0453047430291487 -1.80494142555542 -1.39108462639139 -1.34468878287791 -1.41648120793133 -1.08403089769204 -1.01558100093068 -0.322073774140894 -0.0841847903038999 0.0944798338623034 -0.130110733609279 -0.0903658787639046
-9999 -9999 -9999 -9999 -9999 -9999 -9999 -9999 -9999 -9999 -9999 -9999 -9999 -9.76779871854804 -7.02381111104025 -5.2823077287078 -2.84515298858337 -3.04832970365361 -3.75782254901873 -3.03229512677009 -1.92115637545713 -1.81647549732737 -0.361312496209075 0.0459466504137531 -0.367261888133424 -0.951568098698097 -0.781295753206982 -0.295880231161579 -0.112655531031361 -0.561312068324986 -0.930848844896337 -1.2252605648264 -0.907574723967802 -1.32924686328015 -1.80705115510847 -0.520461999646314 0.1313695242343 0.118214037677037 -0.206714786406929 -0.395538505720561 -0.493030672363438 -0.394356256866039 -0.416529407769772 -0.129338433116911 0.120917403524793 -0.00725804344215586 -0.0980642563919787 -0.0327642556327328 -0.23723498224373 -0.810953848482592 -0.614687942974076 -0.20792584090169 -0.110133792118748 0.0237673336791964 -0.11051928582885 -0.142559259337258
-9999 -9999 -9999 -9999 -9999 -9999 -9999 -9999 -9999 -9999 -9999 -8.65252266299197 -5.21240209682331 -4.09334408389832 -5.81213472142242 -5.44004215555905 -4.21987111823301 -2.84250663386042 -1.9615155987785 -2.56639553372822 -2.45715166596443 -2.24837601485693 -0.705911336930005 -0.325296306780982 -0.805436440839095 -0.0579127656104641 0.303539004236199 0.358343353201266 -0.0101687790424116 0.268914593066868 -0.170719037939741 -0.499017956507883 -0.676412233843918 -0.400592463838235 -1.87706489090402 -0.434780947295393 0.198356460989355 0.40033526642 0.13083305351453 -0.0880639610739264 -0.134831992565597 -0.181322560968079 -0.205111541317092 -0.0374441556456115 0.16496856213559 0.256205904656343 0.204079229375391 0.233533173589613 -0.157436058805731 -0.3823756697925 -0.148851991880324 -0.111740335094838 -0.2766686180869 -0.218287381822235 0.105858115572244 0.115292642208115
-9999 -9999 -9999 -9999 -9999 -9999 -9999 -9999 -9999 -9999 -8.5646510482095 -4.09677345318888 -3.8098642103488 -4.87690234905605 -5.47859793439542 -7.11040460663745 -6.95527485493982 -4.54687466138907 -2.68095612759695 -2.80725898504646 -2.25291107507166 -1.62814005812184 -1.3784996302553 -0.414391231908432 0.508998481243073 0.764526504389799 0.473807102953272 0.397455578174319 0.846598966283553 0.536803724204012 -0.0352663350467659 -0.0840590208751926 -0.423077905152633 0.205228203974669 -1.78850370111307 -0.311158490078884 0.243201677983736 0.167097839388404 -0.0455972838448078 -0.151922860623456 0.136359050544444 0.111194943918755 0.0800236318007986 0.105370361418196 0.0233027839770106 -0.191543507108633 -0.647721406397435 -0.350197882852088 -0.332460104187068 0.102958683151702 0.128922296820178 0.0883216948155136 -0.261751623153665 0.0325087308682815 0.357835373675262 0.326344853517598
-9999 -9999 -9999 -9999 -9999 -9999 -9999 -9999 -9999 -9999 -3.42818229817854 -1.71706300303253 -6.30598599666474 -5.98378057784704 -6.19089569656032 -7.03978394100486 -3.62338693368894 -3.33245297256458 -1.20611369940384 -1.52949266971364 -1.57699771624693 -1.44544386446447 -0.406587412588277 0.574975899428151 1 0.603082960680279 0.500381820653436 1 0.951901525297543 0.918387106812353 0.477978417906783 0.299222717628481 -0.136942538313615 0.635000910259895 -1.20052062781057 -0.361590115998938 -0.0578663435187994 -0.0418948273058253 -0.230042291777174 -0.323908913806371 -0.462350960402042 -0.212224305078733 -0.0517372189177228 -0.189000488816743 -0.432202290346367 -0.530236461588672 -0.737392538210582 -0.171266645486019 0.495961913890608 0.454075153847974 0.464458650884407 0.300630630096389 -0.101745662682255 -0.159428717704044 0.30225975711182 0.350544361799306
-9999 -9999 -9999 -9999 -9999 -9999 -9999 -9999 -3.00348608568357 -2.96942050665069 -3.10849053775585 -1.25209390641009 -5.99856602562699 -7.07170641742995 -5.5757955173576 -4.66475503051791 -1.57291749543268 -1.70909495363472 -2.09344658537253 -1.48008960306496 -0.420312616167729 0.131389424607229 0.771871740814981 0.909588881688381 0.214360498372499 0.168190501181144 0.543923645678932 0.574603649836201 0.597510716916595 0.638250121837062 0.580335841073994 0.47737896061148 0.277111275474982 0.920088006949932 -0.653369052123337 -0.0631548072342198 0.242732512368149 0.134506428309536 -0.000626209242517772 -0.178761869678149 -0.273485185683908 -0.253213342948732 -0.100395768182369 -0.145472275358207 -0.492729512050213 0.139399075156808 0.600504562510082 0.647034211766735 0.769655166151795 0.274044335948234 -0.16363361497174 0.322226527474689 0.288268608638765 0.367329263744329 -0.0604333571220248 0.360800877217231
-9999 -9999 -9999 -9999 -9999 -9999 -9999 -9999 -2.70369436451083 -2.60542046994059 -1.42683138553775 -2.16901302710923 -5.54246811281836 -6.09281282928724 -5.21446331506473 -3.71348627637441 -1.77041981061562 -1.32727117852167 -1.54797489234779 -0.601778055314633 0.304468471255367 0.698088862101497 0.895217129713784 0.896286983061682 0.860357333778407 0.719846070817752 0.658451648946724 0.800858201909783 0.830091216648275 0.82921597462806 0.846169322604181 0.925567554320006 0.960694751575948 1 -0.108143644656512 -0.0749875517240128 0.347334432016467 0.336883836387902 0.224879129471868 0.0539021991024675 -0.242420286620184 -0.301962413167246 -0.207402135248949 0.47198922071745 0.615627928753148 0.679381810927368 0.429693428770399 -0.483090891856491 -0.251485448556996 0.193430238900839 0.277255910954193 0.514778265879826 0.740034162606502 0.830410699092349 0.576633533552667 0.169590328010365
-9999 -9999 -9999 -9999 -9999 -9999 -9999 -5.14841636096876 -3.96613313091613 -1.18261451580312 -0.301890042843652 -2.65367716327972 -4.44172005600809 -5.73252883229797 -5.1511027632771 -4.18215860428145 -2.23273716112343 -1.29093812196785 -0.810380550661945 -0.78983675359819 0.0916491405035479 0.364273984891393 0.4933437636241 0.503748050978971 0.565251944276239 0.52160603118685 0.432812958425987 0.556201572951423 0.616258171709608 0.569041841512645 0.519615999235171 0.63749329348175 0.699926828863571 0.64605687288229 0.398169095044877 -0.697996836593234 0.182348430385719 0.366900374526153 0.299575892737582 0.0618017960465612 0.129578623027669 0.323212390677348 0.290275262526852 0.036348602407641 -0.461704319202262 -1.08388865765739 -0.543038623210437 -0.76912314398733 -1.59588569178384 -2.33372422813809 -2.5415442201599 -1.78934444715086 -0.737096168190672 0.484929766894455 0.766593784990372 0.231280063163026
-9999 -9999 -9999 -9999 -9999 -9999 -9999 -5.33313979281673 -2.11739446904891 -0.15324630001333 0.263316195536257 -1.88168821925371 -5.25492860629291 -7.07369365322568 -5.80756281228285 -3.87404257504057 -1.71208741389228 -0.362018339143731 0.0618690194873502 -0.0358013392140182 -0.425736325965573 -0.500196553546953 -0.293133897363281 -0.348477051219357 -0.357421540796073 -0.326022223931625 -0.367484601694261 -0.142763950748117 -0.213629913654078 -0.389783456874168 -0.330353600463232 -0.30297033363198 -0.230876144873146 -0.134271999855907 -0.133374002011133 0.0951015867472528 -0.676330874955709 -0.41775329376437 -0.281975070216821 -0.485130309083248 -0.975111219591168 -0.821133190393582 -0.600483972518526 -1.26617508840938 -1.50353163425533 -2.62555070899905 -4.26092063289636 -5.60350151702345 -6.6191206655805 -6.2385806660826 -5.960256067574 -4.18453841036441 -2.98236869459452 -0.572174745427487 0.614472372237439 0.552257417788621
-9999 -9999 -9999 -9999 -9999 -9999 -5.98555269102166 -3.19640443349666 -0.668406766379551 0.101282637164166 0.511666553195316 -2.18750855177291 -7.74886925521851 -11.1763958372354 -7.01962186791045 -2.58458909131312 -0.59596820038805 0.32532235133801 0.622350577229807 0.5680400174064 0.280169737798054 0.0509110780973945 -0.158375257181066 -0.240653958975898 -0.442980598195415 -0.519332310413528 -0.765552463681831 -0.848024496854083 -0.745621418860453 -0.750255064494525 -0.52619830268643 -0.543559411923339 -0.518655866314263 -0.535007471407882 -0.813258526906568 -0.63742080844716 -0.170814482901372 0.0629634315013874 0.334041041416112 0.379179055115431 0.169131667782979 -0.520190869040966 -1.68007381327714 -1.75154486288443 -2.61864288435634 -3.75355683683382 -4.61309201859189 -5.11314536039449 -5.52603281365473 -5.57451975237461 -5.29578300964103 -3.94991975148489 -2.66265425610013 -1.08499091238925 0.497678602566245 0.789359147681495
-9999 -9999 -9999 -9999 -9999 -9999 -4.74219321325922 -2.86681561906855 -0.438928234159022 0.448943131107112 0.299860524278001 -3.15328832052481 -8.90198372344894 -10.4307400057826 -6.57089810728432 -1.99645543957105 -0.0252111142848006 0.657079510753453 0.900295338299773 0.909419644878816 0.743006489949408 0.541834829327801 0.267177682176947 0.11576378937034 0.0410987744768656 -0.0570510482884794 -0.041123595568521 0.00457753334528421 0.0678015755940189 0.117770188801038 0.123490430464715 0.123279177673392 0.0380440502150606 0.00582122750636493 -0.0698739713440675 -0.46767960227618 -0.965153795081021 -0.896712129505397 -0.751845408967624 -0.886593902178765 -1.28246902897055 -1.32173938279078 -0.957763607643034 -1.22041928668128 -2.02818022665396 -3.20742420026754 -3.75312618092376 -4.22137309513206 -4.43684837561727 -4.14290042810916 -3.66961445273241 -2.27575108369803 -1.01092174757203 0.187435607872553 0.525102874328684 0.956188438024313
-9999 -9999 -9999 -9999 -9999 -9999 -4.54442855477805 -3.81125589843069 -1.22297133870299 0.204096128514084 -0.278795601099384 -3.35041429018591 -7.66073063258117 -8.25863192668817 -5.69768515080379 -1.34056205434742 0.170134589435819 0.835403792828968 1 0.938511384818201 0.747515347947873 0.4220915803408 0.33926109242957 0.360162891217408 0.265424661613097 0.176550877402584 0.241614399242045 0.309467228289282 0.36039674623422 0.282599255894935 0.326764541227479 0.177764314849426 0.180121152148895 0.118249934694566 -0.0149223450365334 -0.0483206701251124 -0.303057296683792 -0.463462758671144 -0.94141745726894 -1.58305513164287 -0.838329584111141 -0.422487860708346 -0.539563158265664 -1.0536478974565 -1.87101534901447 -2.71511952407875 -3.15871844754352 -3.29661367473379 -3.18555248126251 -2.81810527249235 -2.13383836147836 -0.948327917961394 0.250459441930851 0.80996045329876 0.93795066738548 1
-9999 -9999 -9999 -9999 -9999 -9999 -9999 -2.89314476042622 -2.04126167036391 -0.434999636252864 -0.693643024930128 -2.97910239788449 -5.95099948794256 -6.18694768164707 -4.4123153254904 -1.07970845984558 0.207568037844862 0.872810502579432 0.922694528638371 0.801862759451191 0.577702107114615 0.685580550571147 0.731680187664916 0.716300981190111 0.692314442288232 0.655575237395495 0.698759393433529 0.736905208090398 0.730413932021288 0.71253303059562 0.681002957854447 0.659273660164747 0.608392777106874 0.573938842156667 0.540231044832589 0.462847552210226 0.372289757881026 0.184291918974453 -0.339887615988382 -0.739846566326069 -0.227272764297116 -0.114040220099061 -0.400244331345709 -0.936787725595237 -1.46086826476343 -1.9834023017819 -2.06137495215057 -1.99462226725014 -1.73973631327541 -1.32613723056558 -0.73241733135489 0.0279073193418741 0.539475086691189 0.613392750686402 0.663733955468266 0.603944146500005
-9999 -9999 -9999 -9999 -9999 -9999 -9999 -9999 -1.1588842903017 -0.447823999527893 -0.307737147128109 -2.23823995173437 -5.2761313465174 -5.11555545742274 -2.44446076318075 -0.360893211171233 0.473721955042131 0.851255595511207 0.704852658621491 0.694178271194649 0.855745766750126 0.922399001753996 0.88937822773941 0.848737929926004 0.877635285995616 0.895980628100472 0.927153412140924 0.938027432953735 0.910399503795412 0.842949645454341 0.82742667116141 0.809339531858053 0.796823852293801 0.762660137965183 0.68891230373737 0.556642384773709 0.441616238648517 0.314295578125165 0.177165211675838 -0.377196900819048 -0.0457502462733319 -0.0230046989154711 -0.385114802497392 -1.16318987459928 -1.9198862519631 -2.79908857682454 -2.79975700311337 -2.67825813193908 -2.40100755713516 -1.94621896854281 -1.36662832171368 -0.574997503909659 -0.0814831019364921 0.0116524987254555 -0.0293796989238531 0.226551973039929
-9999 -9999 -9999 -9999 -9999 -9999 -1.56732028992741 -1.03879732141578 -0.519033124093747 -0.914765284325992 -0.780390870641656 -2.39678023316773 -4.77331649558647 -3.68640796111234 -1.18511041123828 0.289927370715269 0.6269548849956 0.701383221179849 0.561890016112205 0.830974563106025 0.961553035897652 1 0.977356231036896 0.93378301624375 0.915506802895252 0.909950521927773 0.896498524041224 0.877016032006357 0.854979185777556 0.856725438165117 0.839614242815836 0.836221085120608 0.816999442861548 0.807837168086498 0.804797385056907 0.78921766495614 0.757246842573097 0.653396526159146 0.526946130049034 -0.0286385535214522 -0.403818687833066 -0.65330514993941 -1.27537087286576 -2.08894167816326 -2.85773085518363 -3.46189668096685 -3.51294133177744 -3.30669313069274 -3.0124380616122 -2.61249920604743 -2.10198513548134 -1.46569245292274 -0.991417050693227 -0.881327835480697 -0.162072734437882 0.44717924135084
-9999 -9999 -9999 -9999 -9999 -2.81490406170818 -0.792412126645179 -0.815912992484985 -1.33601680704188 -1.10683708097786 -1.4626469418743 -2.4211179712043 -3.45190733263394 -2.05150194759914 -0.102536571124074 0.225385632857175 0.232066229636548 0.304070408078514 0.567131847722051 0.796343303993904 0.875734905890123 0.890850252029601 0.928231646500386 0.879871045815671 0.944622384252839 0.977640576911862 0.9936660472624 1 1 0.993705831891698 0.982189462201763 0.974127907108523 0.973019573959164 0.97419737685864 0.964958879049991 0.948115812238164 0.854431266274027 0.62912273852885 0.318097714660326 -0.292562080720901 -1.11220093533325 -1.36360334436999 -1.79980999531637 -2.4533877716212 -3.00569925458976 -3.48167368342347 -3.17843713712846 -2.59712876191883 -2.22983126497957 -2.05970576454108 -1.85078489265436 -1.25150041464741 -0.848870421979919 -0.56007291816399 -0.289778548316386 -0.0227584779723742
-9999 -9999 -9999 -9999 -9999 -0.916485042011436 -0.733814048822292 -1.87640156906492 -1.47861252875279 -1.23148348941216 -1.9486082079364 -2.38460636316312 -1.94092696653352 -0.834943481093909 -0.364774193593961 -0.726568295434876 -0.434448855778938 0.0684313861602103 0.317102235977823 0.523010893318075 0.730862945936907 0.835456645906799 0.902626678526148 0.94272009100706 0.931686107652415 0.887923233664558 0.85358260054059 0.84575038940944 0.831616620904383 0.824281569195549 0.826069043143282 0.844289546417751 0.872601776007697 0.895445738732811 0.909033567418851 0.866215734314375 0.695892941213041 0.366110450126215 -0.00437331065884972 -0.43833901451901 -0.744676548873259 -0.9013381065484 -1.31045855551198 -1.85153442498288 -2.24774430960885 -2.48011319972906 -2.3305213981469 -1.98287664537838 -1.69047572714459 -1.40327271583297 -1.06013776185877 -0.694337802534962 -0.340171173441474 -0.0933441806087147 -0.0623178544665581 0.0200764084435574
-9999 -9999 -9999 -9999 -9999 -9999 -0.599705130810736 -1.35839256488911 -0.666541244329895 -2.02550954851542 -2.82174683514213 -3.14024415561863 -2.38415613722901 -1.24295218295219 -0.760702882243542 -1.35839116581003 -1.05010309514477 -0.405781343198348 0.0387479242788884 0.331251252833704 0.482708671589437 0.602090602421032 0.648834635159569 0.657591523878893 0.641774684974434 0.516946364620906 0.481039710380617 0.40326080368884 0.375038146216768 0.388426057119211 0.356330123654773 0.479770732454131 0.523399535122873 0.579533571713756 0.646474913452509 0.596459676510428 0.384604234090722 0.00694419060013851 -0.245089097281948 -0.262701621898414 -0.440625166970444 -0.548977258323648 -0.872772613371565 -1.30370981113109 -1.49739880747613 -1.76300736487712 -1.67187569075411 -1.49043843547026 -1.29008954631857 -1.03226927141995 -0.623694913993603 -0.365930266223131 -0.0596948386756904 0.164335830037831 0.244744711272668 0.221611875291461
-9999 -9999 -9999 -9999 -9999 -9999 -0.0907880542916268 -0.983634964564642 -0.669587975295865 -2.19652907885674 -3.75546634792561 -4.58836286678546 -5.46890021218712 -4.46781418721346 -1.97819225493992 -0.668529155112864 -0.998996453591441 -0.0232550690151461 0.591822635285352 0.739104926981552 0.733953183914828 0.726500311363866 0.755641392472972 0.719781216993254 0.601865964222608 0.484361218462219 0.481911249013561 0.476277788549632 0.418052601108467 0.320119625978818 0.178435846277673 0.0875124847281177 0.0155923547522612 0.0853707152230866 0.145012064865985 0.119195239919496 -0.120392131133987 -0.369736405617456 -0.397927273501888 -0.365563840581829 -0.386770268754279 -0.407896091078752 -0.577926113223046 -0.832958449985086 -1.00417352779346 -1.13826914985225 -1.1975843179777 -1.20143966442611 -1.1755709211386 -1.11431537140456 -0.935313051477138 -0.475721591974837 -0.077922742730985 0.146132807955845 0.241531811050119 0.278271270153059
-9999 -9999 -9999 -9999 -9999 -9999 -0.606028139882611 -1.07452238982737 -1.36008396548313 -2.63330700987651 -5.14882906118306 -6.29888917508829 -5.62963964289719 -5.44856418855306 -5.20701254991508 -2.43328496326893 -0.753043372485902 -0.25625428397926 0.373826980824246 0.767134359421995 0.867400573694566 0.914118508857086 0.942088932052208 0.920699676743238 0.83023886015611 0.681464929885371 0.631515706395514 0.540654829734861 0.449544793000235 0.391697519632766 0.260164194689717 0.16559146688598 0.0523014923740254 -0.118625180852594 -0.367481918400561 -0.338339411029862 -0.232948440770332 -0.195935067511876 -0.184010409877511 -0.160963027137028 -0.226895495688231 -0.22764595213951 -0.324346156075001 -0.459719059130651 -0.519280680441509 -0.654803701117168 -0.674076484684843 -0.767000579890549 -0.805684296473075 -0.781699963906372 -0.846347979079195 -0.569372132098357 -0.143899829028355 0.0729031704894858 0.144839529324564 0.0596257540391391
-9999 -9999 -9999 -9999 -9999 -9999 -9999 -9999 -3.10793381807933 -3.70246000954456 -3.20449211086048 -4.59094864227976 -6.68062353799557 -6.48095799455584 -4.87172655768146 -4.51336271477064 -1.04632303440188 -1.31898027869513 -0.264013665363797 0.689714812081327 0.977454172861821 0.974312417560899 0.889396870169672 0.850130594846622 0.867854372076632 0.773984367372806 0.664736321340763 0.506191782183817 0.376339651824599 0.311078481334913 0.176027124431344 0.0690042948869328 -0.0860042292178331 -0.241149740519441 -0.164717684778928 -0.0357254630539694 0.0479790986688505 0.0951453325329307 0.10956801527822 0.0958201725140253 0.0382544734232786 -0.00231146495538659 -0.0376800626037899 -0.0838536859737415 -0.127600021583482 -0.177997080361494 -0.23224292170507 -0.296757068350864 -0.338467239984648 -0.359299429009596 -0.415198275416496 -0.430987621481978 -0.274797857991211 -0.168664766135896 -0.27764193241498 -0.504052159429176
-9999 -9999 -9999 -9999 -9999 -9999 -9999 -9999 -2.70398220217852 -2.44987253559077 -2.00479202552741 -3.40492782487915 -8.6369351515331 -8.56991914394077 -5.45431106663544 -4.58590773338689 -1.38628660151855 -1.35106110932365 -0.617364208009841 0.595552395080018 1 0.933153981753197 0.565999782177231 0.468333779855566 0.744870217934214 0.731517604220425 0.61152264384502 0.385377379093676 0.230659120694115 0.179606677051981 -0.0146049105733796 -0.148767090293512 -0.396063378153284 -0.531254898270886 -0.28001966928922 -0.0738434863298305 0.0838812499494375 0.164568046444399 0.248115216263649 0.31938260609807 0.305342544739301 0.314228392101075 0.268107733482609 0.22772529685624 0.202427798323751 0.139793054700268 0.124352356479604 0.0362126097366055 -0.0810866156486736 -0.186757206995681 -0.359718876568611 -0.468732291155689 -0.526684823809565 -0.643962605533193 -0.834643300204788 -1.04619466185035
-9999 -9999 -9999 -9999 -9999 -9999 -9999 -9999 -9999 -2.47729690781132 -1.32133159818358 -2.2932261071495 -11.8963769445633 -12.056292505732 -6.58759955074944 -3.77163364360913 -1.67178759464319 -0.628081060201294 -0.244177648828112 0.579898105600737 0.968003207369199 0.783527090959131 0.258410641070941 0.047244560361422 0.391899708097856 0.579713472908494 0.465882958966849 0.232934633858712 0.128779586760077 0.0560805505056476 -0.125248307787709 -0.343977269596682 -0.618746967656998 -0.805225034299935 -0.737068981066409 -0.443653648791988 -0.222625226814262 -0.0393554707044679 0.134803098479022 0.274510355708282 0.373610432234971 0.424843571972223 0.452093817226379 0.446184787374365 0.406372522544713 0.364442075526643 0.298110945493288 0.153898233616056 -0.0511397875349957 -0.289729283170345 -0.536675415946395 -0.703429380549172 -0.885984160728823 -1.04698298312377 -1.07242295076926 -1.28239818742337
-9999 -9999 -9999 -9999 -9999 -9999 -9999 -9999 -9999 -9999 -0.245633721446574 -2.86763365400646 -12.8174102491729 -12.7518978956827 -7.04436296849412 -3.03874284305542 -2.5221369512605 -0.0620033984096355 0.31229789990952 0.668319063845518 0.897089041025647 0.674526760065921 -0.0192453787179983 -0.292435144741037 0.0702372108667076 0.257976803409412 0.145761072249643 -0.104246219730878 -0.213614274779784 -0.163925488669453 -0.212216086983493 -0.45491569392289 -0.801593799225719 -1.02399389804437 -1.11260862051201 -0.966647112442411 -0.69481368984395 -0.481753060880175 -0.212471131442326 0.0661796660681662 0.261261602779564 0.393836695399297 0.469664053255859 0.520739694642065 0.550293765940405 0.525303892030178 0.443035399244496 0.233213716292241 -0.0404931786002209 -0.320812282795574 -0.670278685448656 -0.908620589484291 -1.16438248815739 -1.35219530147159 -1.11115427392807 -1.21859383093696
-9999 -9999 -9999 -9999 -9999 -9999 -9999 -9999 -9999 -9999 -9999 -6.11897251915706 -10.3046787402167 -10.0659580350039 -6.46745965578685 -2.58256797393227 -0.906998262789374 -0.461680662916466 0.665940499861505 0.762427154082492 0.796854478443695 0.537241507949887 -0.0636662799724679 -0.422439960157661 -0.219278040076429 -0.1457697230094 -0.212352250126386 -0.392484383310474 -0.512207788138951 -0.507171406086051 -0.624745526787967 -0.811970580881398 -1.0762457912485 -1.21263126248681 -1.29434339282076 -1.53282882785926 -1.27372291566564 -0.996023982143425 -0.665552971942361 -0.321539994898315 -0.068794121656961 0.185407650649018 0.344343033852946 0.474017321273153 0.560149470237905 0.56811301819042 0.496598509303492 0.326036287586667 0.0579994462403749 -0.279527451371497 -0.686435691543748 -0.960224402436231 -1.1900898355863 -1.29721511070304 -1.12887660830692 -1.10697882225755
