meets/meet006/_saidas_enm/CCSM_Gower_0k_T_nigriceps5.asc
NCOLS 154 
NROWS 168 
XLLCORNER -112 
YLLCORNER -55.5 
CELLSIZE 0.5 
NODATA_value -9999 
[rows 50 to 74 of 168, columns 56 to 111 of 154]
-9999 -9999 -9999 -9999 -9999 -9999 -9999 -9999 -9999 -9999 -9999 -9999 -9999 0 0 0 0.180656375359207 0.46356977493796 0.535430378778349 0.579354244381936 0.602849483817769 0.603179009603349 0.603094951357672 0.568894746849768 0.478587584316281 0.391915358392782 0.235673723155423 0.0690172619606935 0 0 0 0 0 0.151683449321597 0.443932272526837 0.62595415378847 0.671941438627259 0.678104163583199 0.679537542757137 0.675259931423134 0.632201528485814 0.648167427657352 0.626327858835501 0.58837571994129 0.534769275571396 0.440847878029716 0.47705538970079 0.463672746731206 0.46892264964039 0.502638920069181 0.4863322774903 0.524441791190329 0.541354275428624 0.546012027256987 0.544703828940216 0.546226515198872
-9999 -9999 -9999 -9999 -9999 -9999 -9999 -9999 -9999 -9999 -9999 -9999 -9999 0 0 0 0.133583202154103 0.378165560851853 0.488224211767398 0.512892533346163 0.504924697206136 0.47905829944858 0.440578475524494 0.373260027824222 0.258097820083395 0.124294974797819 0 0 0 0 0 0 0 0 0.301894914875992 0.557350015426286 0.63921795319836 0.643760463036213 0.643411318266447 0.637515090330665 0.617199415541242 0.610690375184094 0.589354515403431 0.561053269100728 0.52901058343752 0.492531783176415 0.486621770756501 0.485996858049483 0.493053969060672 0.511045804615157 0.522304036920504 0.539621292492214 0.548343208366441 0.551101374509202 0.546313903055996 0.54189672978873
-9999 -9999 -9999 -9999 -9999 -9999 -9999 -9999 -9999 -9999 -9999 0 0 0 0 0 0.0388709146324953 0.261156564257257 0.374463657672672 0.391261051497818 0.376067841954869 0.308005977290579 0.227068939687926 0.125653371163747 0 0 0 0 0 0 0 0 0 0 0.181598692554426 0.47103581181705 0.633842130480286 0.637175285713434 0.636139464654288 0.631372221355909 0.616474823962402 0.601651698156718 0.58204129852389 0.564255022457611 0.555404161281326 0.5485151549774 0.539056414869009 0.541374183933244 0.545467686828022 0.553827741424896 0.564938350245275 0.563951716058131 0.561666884494025 0.541566447433892 0.542256654595947 0.533594673798788
-9999 -9999 -9999 -9999 -9999 -9999 -9999 -9999 -9999 -9999 0 0 0.106029259852012 0.121472268917985 0 0 0 0.0827323835052823 0.201710945287065 0.226469950920385 0.20314656759946 0.108102885526002 0 0 0 0 0 0 0 0 0 0 0 0 0.108207765934724 0.410347633387492 0.588807232408159 0.635177630813652 0.634075252214842 0.626320494678315 0.613936160423369 0.596988074844793 0.581898529212487 0.572069917737395 0.569156733976985 0.572719173200376 0.572046401562384 0.576969225381101 0.57568675486514 0.581167019395133 0.583255464768811 0.577324267365606 0.533843152215591 0.489743916770705 0.541371983519576 0.529473718123954
-9999 -9999 -9999 -9999 -9999 -9999 -9999 -9999 -9999 -9999 0 0.215665432841058 0.355531484824872 0.224648657870883 0.0221369814985466 0 0 0 0.00380322051075677 0.00481759995617037 0 0 0 0 0 0 0 0 0 0 0 0 0 0 0.0336804818887858 0.346241197454308 0.515891762864837 0.629354430084679 0.628544582357484 0.620705065523092 0.609175097382694 0.592016964480053 0.578350199694103 0.571658018867529 0.575199241275244 0.584894489908938 0.551103632321955 0.567758834629721 0.597899039206568 0.575607944708741 0.537773165955499 0.490635458625818 0.449424534317995 0.430278165424463 0.543829740805774 0.531499356078285
-9999 -9999 -9999 -9999 -9999 -9999 -9999 -9999 0 0 0.252310693548266 0.358278844740558 0.430590060012856 0.33077948433295 0.0569064434733813 0 0 0 0 0 0 0 0 0 0 0 0 0 0 0 0 0 0 0 0 0.237320598019741 0.431729192116989 0.552037037140929 0.599691858180119 0.594399738785263 0.591435032776122 0.581715625629065 0.570748413218089 0.568002246558426 0.533116851118087 0.570280648171785 0.588183409887864 0.544917885614914 0.495212872044027 0.451217568532771 0.411267507844422 0.377911428195344 0.343338970651887 0.350507787560571 0.529134563944207 0.545297731067526
-9999 -9999 -9999 -9999 -9999 -9999 -9999 -9999 0 0.208703049034444 0.46812397171052 0.523166537210511 0.537285133243991 0.34339106660983 0.0870445288875444 0 0 0 0 0 0 0 0 0 0 0 0 0 0 0 0 0 0 0 0 0.101073258919047 0.285883210727274 0.429684489181533 0.502319076654942 0.523190422665531 0.50908957209231 0.49178692192907 0.488434659105032 0.53645010014301 0.496807694232847 0.463955190725653 0.403033103900958 0.346652457175163 0.293153924575723 0.239070173065468 0.21453550134796 0.19571176295837 0.19234996718775 0.271414533773405 0.478546725688782 0.554918891945424
-9999 -9999 -9999 -9999 -9999 -9999 -9999 0 0.107480832248447 0.362974463377154 0.578138145528697 0.621165013262175 0.589216688933491 0.40485992214861 0.169168413391092 0 0 0 0 0 0 0 0 0 0 0 0 0 0 0 0 0 0 0 0 0 0.110218509263003 0.251780439315544 0.33127554342147 0.362414555924778 0.381620284749544 0.354478899491276 0.322813048473466 0.285225585319845 0.234418715463738 0.188075574162676 0.117007737121299 0.0588071426966653 0.00715159067106985 0 0 0 0.018914949773686 0.178384463748377 0.420720288439664 0.56054960489015
-9999 -9999 -9999 -9999 -9999 -9999 -9999 0.110918247482248 0.336031881431922 0.562186963035027 0.684621210993962 0.687767539279071 0.625930558785845 0.464775830185046 0.268167486808827 0.106187498455544 0.0527377340986721 0.00500923046226087 0 0 0 0 0 0 0 0 0 0 0 0 0 0 0 0 0 0 0 0.0153908991913222 0.0703595934937757 0.075513995112388 0.0766807609722256 0.0256159358001358 0 0 0 0 0 0 0 0 0 0 0 0.0939551609826335 0.331804764914937 0.521178697197496
-9999 -9999 -9999 -9999 -9999 -9999 0.183128523636582 0.369935714075257 0.56664191071809 0.666828541386471 0.733946763322899 0.699877953233547 0.564455482719221 0.456907430337291 0.343789244966797 0.199021003775822 0.182772343342626 0.160994970685508 0.148108335520545 0.108061690704632 0.0469905401480455 0.0266615269207928 0.0221300965701841 0.0336875963147604 0.0255857568641467 0.0279994979992456 0.0175698642692587 0.0248413813593505 0.0349850610646802 0.0181276582154301 0.0221694554106566 0.00202461401710174 0 0 0 0 0 0 0 0 0 0 0 0 0 0 0 0 0 0 0.00738590773300818 0.0235221143362827 0.0597953594143013 0.091814522005915 0.267579858173085 0.456144629903129
-9999 -9999 -9999 -9999 -9999 -9999 0.258732037211193 0.517338996880866 0.690349306601952 0.744142792467767 0.733913900020276 0.702065845887873 0.519685831360773 0.459915244270228 0.438799877658569 0.339118509565653 0.297100136015516 0.277819123633848 0.278437045954385 0.261802141040051 0.228772959457653 0.212457629968147 0.201346617827881 0.211584965298195 0.217719665966827 0.209088031278716 0.207891430729307 0.199510866428817 0.1988230620854 0.194521932588518 0.177589025024892 0.163872870741048 0.136665584582011 0.117044456739233 0.0946209335552906 0.0648906653978016 0.0505863087341858 0.0281860795578703 0.0230973142563142 0.0310154408684543 0.0239745688785074 0.0442775341267884 0.0564098106408304 0.0773286327311403 0.11133455615057 0.128970988644041 0.155712509399353 0.163819397797433 0.17047494329669 0.185255163258963 0.19060716232158 0.207864235262275 0.217104268120022 0.227168771149183 0.22797224228909 0.367992622501711
-9999 -9999 -9999 -9999 -9999 -9999 0.246019786551658 0.471072677395376 0.672258952533282 0.744128819302066 0.734312445881756 0.70722143309376 0.536994077264121 0.491640810937357 0.494574351306237 0.407255104030389 0.399342408717939 0.383298021578459 0.385556933788834 0.368419161644411 0.343235237731225 0.3340108107111 0.335487627844864 0.346070221733305 0.338724462165704 0.341389962181259 0.325721242213801 0.325709193589167 0.323474690089106 0.301136540016859 0.296772183927848 0.27057009730974 0.257048557000945 0.236757984623716 0.20782843363479 0.199461868688637 0.179500166389525 0.178563127639384 0.175165874487697 0.174607277299883 0.191460549192116 0.194514588664931 0.225914910945559 0.246629939156338 0.263833309655805 0.29658915958221 0.299593857068427 0.320475844791997 0.328012087377629 0.322335004947494 0.337451783157889 0.330122547418358 0.340405646923029 0.349982008531285 0.330570871003565 0.330496628526056
-9999 -9999 -9999 -9999 -9999 -9999 -9999 0.420297744284876 0.620289573581777 0.738785328640107 0.735232546256266 0.710586012492255 0.566155965963192 0.535054842442203 0.530503847737224 0.498279754324003 0.484012383299988 0.468630434546993 0.469287065177178 0.469277440944611 0.459348804815669 0.457839883899403 0.456334187597141 0.462226599181519 0.46659133747896 0.461084292072828 0.458157136307988 0.447916952856777 0.442420176606013 0.432720240024151 0.416366869723691 0.403571950777355 0.382329978793771 0.369235566326438 0.358761342475823 0.341440566404724 0.338170684427744 0.331002211765478 0.333798525419921 0.349233616818278 0.356788650599365 0.38047596594186 0.395982751761531 0.413407378090418 0.437332876724359 0.448838200273106 0.464992325808355 0.468649335746003 0.471373761142803 0.475694288939726 0.474234260792927 0.475640470311737 0.469962001693018 0.467933917922046 0.462463236239995 0.447205801445195
-9999 -9999 -9999 -9999 -9999 -9999 -9999 -9999 0.596437547191047 0.727858939672303 0.73258710507199 0.711777319758413 0.588244839165587 0.57340866689223 0.559796303705485 0.540536703727291 0.537089021495054 0.52591484560129 0.527212240610395 0.529128506558925 0.525900501712944 0.529009491052917 0.536259013183896 0.542184158375051 0.542245663735089 0.545170574564641 0.537250491183388 0.533431312711294 0.528318561458183 0.512525310420865 0.505065422380993 0.486355899891335 0.473654374969478 0.46140710073939 0.448215948989152 0.442890920641206 0.436866399101541 0.441234610060217 0.443780666059185 0.451533332657969 0.470735901576704 0.479455162364346 0.501845101391152 0.518656692720828 0.531259930114823 0.530744718971566 0.530744299845153 0.530985821440681 0.531244841563953 0.531429990656924 0.531229229105067 0.531875207689199 0.532650905898175 0.535218264741389 0.538862044994951 0.54332584607567
-9999 -9999 -9999 -9999 -9999 -9999 0.3794062530348 0.527945177219225 0.685694676252069 0.737353421714012 0.727920150455046 0.707820478499036 0.599222437759937 0.585673700210718 0.583654467030217 0.58719909259945 0.577659910467124 0.573841156479335 0.565322343254128 0.560917815932662 0.561227288795812 0.559545098409997 0.558884032601344 0.55785757769118 0.556943791388405 0.556259731986407 0.555772058774837 0.555435829730341 0.554724282532663 0.553746218684856 0.553035194068845 0.553034776003512 0.553228026703939 0.552811842664404 0.551081796469276 0.543008562112945 0.544453430763342 0.543896162245914 0.543806164945039 0.540565269956034 0.537195703158218 0.535056167601137 0.53322573777369 0.531427161553635 0.530088576571917 0.529182320485273 0.529882785503103 0.530791137221813 0.531375818568035 0.531427895024858 0.531800917532484 0.533445045669325 0.536388570468263 0.541510609580696 0.547832398050521 0.555384930275983
-9999 -9999 -9999 -9999 -9999 0.400294675572448 0.52849933361046 0.667918095912795 0.734140459113008 0.73705487655313 0.711126824430335 0.688386356331522 0.603337586485382 0.596737100153392 0.610555054976703 0.604759249059503 0.588814061443502 0.573620313026812 0.561081802059741 0.55731921405792 0.556725561284299 0.55612950463501 0.55722441774354 0.556682082489611 0.554884819620741 0.553924628065943 0.5529401887218 0.552561735078616 0.552353852091516 0.552323228805834 0.552805362651734 0.552427640622885 0.552923361592125 0.55288709442444 0.552670745614336 0.55261002162464 0.550653747500051 0.548988243916144 0.545837775450757 0.541616438999994 0.537469392705948 0.535482209600015 0.533686776828059 0.531568616718044 0.529597255634205 0.527646536526208 0.529555762119311 0.531372675119937 0.532461984667487 0.532386227568326 0.532525167974256 0.536024454396915 0.540212575079442 0.546856986105721 0.555662943722784 0.566553127596057
-9999 -9999 -9999 -9999 -9999 0.445350429627101 0.593725456345866 0.6815641624753 0.72040599984068 0.724073214908941 0.695069709820082 0.664628461833926 0.628731262345712 0.636792823793508 0.639881955937958 0.600503377201829 0.5792396336912 0.565170271989054 0.553555789925431 0.552822712363076 0.552496307853918 0.552691753397346 0.553268474524958 0.552974365562816 0.552333157857505 0.550819302433211 0.55049007863575 0.550183906791008 0.550085097739129 0.550471008383956 0.550790277929106 0.55113595243828 0.551621405606209 0.551868375845106 0.552091036752046 0.551978815654948 0.55083145709919 0.549123097839547 0.546351938777981 0.542883667709889 0.539474807810848 0.536736550172708 0.534373829800671 0.532211032727665 0.530526354110361 0.52955251388961 0.530613637185881 0.532214595302177 0.533614791866615 0.534440890026761 0.536324234563857 0.539989180701279 0.545523954548976 0.552924929337125 0.560685998705217 0.569858038573991
-9999 -9999 -9999 -9999 -9999 -9999 0.60321630273808 0.665947530097674 0.701804843347012 0.702602439778735 0.670775905572284 0.656758994825377 0.63166674615651 0.648794791360238 0.645335436573257 0.60018282560734 0.582804163241259 0.56185605905745 0.547567719720672 0.550201824445167 0.549387985732602 0.55297572427515 0.551649067949471 0.551365214586225 0.551884616993612 0.549180413376533 0.549858559912868 0.548789997122765 0.548404610385955 0.549063372325685 0.548895931323667 0.549618190914977 0.549915246760235 0.550230639386065 0.550848641282125 0.551007071066263 0.549904139910289 0.548539778654167 0.546294413677788 0.543740047753379 0.54118442444973 0.538567294344965 0.535909194633322 0.533936471388641 0.532865184276853 0.531802279693326 0.532926167169953 0.534091548161474 0.535428666200746 0.536506973679953 0.539299717751792 0.543959041304204 0.550452462040178 0.557696727054102 0.564447332511038 0.572046401562384
-9999 -9999 -9999 -9999 -9999 -9999 0.520763523525893 0.634920894133521 0.674412210053853 0.696123312088304 0.667145436906415 0.660423124548623 0.638154969153746 0.617428696325823 0.619614972711033 0.612862157898321 0.618417509372031 0.561198128738798 0.532980653603651 0.543909898732272 0.558995133463731 0.557979025670573 0.554222081550753 0.553099053548543 0.554089032258356 0.554650703033961 0.551790103987467 0.548683539013848 0.547277474679626 0.547652802382524 0.54851002067884 0.547882064530469 0.547615919258174 0.54770498362095 0.54822574818918 0.548811582133038 0.54804573339477 0.547005671200755 0.545664257115749 0.544164518028208 0.542550147866694 0.540741407831123 0.539087220660369 0.537778184090771 0.53694003604625 0.536631454224632 0.537091026336555 0.537850483397025 0.538721008956955 0.538841298237504 0.541054285698474 0.547119673585108 0.554717802519993 0.562232840439299 0.568112093224812 0.574307298886145
-9999 -9999 -9999 -9999 -9999 -9999 0.379342026814432 0.617073170345172 0.666769318948592 0.700152180061991 0.670453822809896 0.664759976767678 0.663568926909927 0.636778972869372 0.615082423223447 0.605439719519337 0.627824959697828 0.559053349061426 0.51722432957579 0.538897461176855 0.566711783390134 0.56401839747883 0.555135658820862 0.55302421985384 0.555504392445041 0.558498576363824 0.553680791460158 0.548059355003194 0.5456883568845 0.546087889137752 0.547041192164262 0.545265248770513 0.543879721630532 0.543745077270335 0.544590140900673 0.545952825651142 0.545805607498554 0.54533251855981 0.544777176062502 0.544386759808734 0.543789399888517 0.542906719662607 0.542365627463344 0.541701207317036 0.541308171523187 0.541408133172702 0.541608789942956 0.542046148354987 0.54245312010207 0.54144784540034 0.542892783709373 0.550532410403469 0.559324150881224 0.566768640275495 0.572136703674427 0.577604893720742
-9999 -9999 -9999 -9999 -9999 -9999 -9999 -9999 0.550125164691511 0.718151586181082 0.695950953696404 0.684529425631325 0.672693423941751 0.663047333082601 0.64586567878755 0.628479039541579 0.622141345745037 0.554742154825672 0.495658458259765 0.528380741220291 0.568800437796479 0.565519356542557 0.549813294260258 0.546329305951676 0.552311209427495 0.557074332288801 0.552752163838042 0.546084850471257 0.542888906790052 0.543091763973974 0.543396888002684 0.54058056807011 0.537666382120087 0.537164478240445 0.53911676907249 0.541633204056517 0.542369399601061 0.543119950225253 0.543745496396749 0.543911889582734 0.544566041131922 0.544531777547654 0.544910877388269 0.545184881280808 0.545163191488932 0.545614381072594 0.54585265443842 0.546303739240479 0.546467827231193 0.545301188860433 0.547507155953984 0.553988696578307 0.563058833022032 0.571721146732893 0.578157158026342 0.583974537142492
-9999 -9999 -9999 -9999 -9999 -9999 -9999 -9999 0.357985530543759 0.719361954784737 0.727251216649257 0.716720225332298 0.682805571440063 0.686608899327005 0.673465726456213 0.649110361391362 0.63791433518815 0.55405736380934 0.484775116227281 0.526668819386137 0.572520592166947 0.564986950340299 0.543894705399799 0.539510328774355 0.548390464869514 0.555394441262321 0.551173464252249 0.543417425196924 0.539938047278886 0.540329720911892 0.539789257402248 0.535813738592747 0.531171704004874 0.530345396281521 0.533230033819424 0.536513051012942 0.538129831151331 0.539697783062598 0.541180128403996 0.542424409942776 0.544062984654643 0.544996693521343 0.546345547100182 0.547215863096906 0.547769843433371 0.548890692243504 0.549191625008083 0.549844204833221 0.549902777749446 0.548415402891091 0.549983250020754 0.555264736492592 0.564040659457841 0.574810754064055 0.584694027581507 0.594558070093617
-9999 -9999 -9999 -9999 -9999 -9999 -9999 -9999 -9999 0.633790317154403 0.743439330619334 0.740949612589327 0.688701872342691 0.702499022730974 0.702070688122248 0.674873632431673 0.670245836933887 0.578240875609383 0.494037739394173 0.52863934221715 0.572131477857758 0.564305817395636 0.540757858542836 0.535369464594901 0.545236852956028 0.553147653643567 0.549515085817364 0.541608580379749 0.537697397474654 0.537720868553785 0.536860192464561 0.531351090109665 0.525437216421353 0.523933600414491 0.526794138183643 0.530524363259899 0.532563308477844 0.534205131419414 0.536793446583281 0.539287772649019 0.542063018193113 0.544066756792361 0.545815666532467 0.547964737215445 0.549579840848182 0.550896421693214 0.552235330569458 0.552756239975044 0.552785713581058 0.551363014172556 0.551268291603204 0.554547336380244 0.560256018509675 0.572806966920419 0.592065564575077 0.611056704932605
-9999 -9999 -9999 -9999 -9999 -9999 -9999 -9999 -9999 -9999 0.721703009278826 0.744158728630737 0.718411626746832 0.730904808853159 0.723587263786319 0.71164126635674 0.708130184791016 0.614787187320647 0.523367046285634 0.543834665541128 0.574485290201898 0.563386700759857 0.541291406466664 0.536060289705231 0.544942311869248 0.551699467900642 0.547965051560255 0.540414698792141 0.536263251670757 0.535610357500809 0.533677032138955 0.527536725405986 0.520899125183919 0.51869996889458 0.521266384703365 0.52437860788356 0.526470782155965 0.528442771929424 0.531406519577792 0.535014254959831 0.538744375254484 0.541969972129413 0.544824956473591 0.548008326362404 0.550759157792936 0.553156851080904 0.555284699112268 0.556157515012357 0.556366443162792 0.554412823859179 0.554277684240114 0.556808965318339 0.562078678847557 0.574796435326382 0.594583049497295 0.61379748608313
-9999 -9999 -9999 -9999 -9999 -9999 -9999 -9999 -9999 -9999 -9999 0.605375775706611 0.744049717908349 0.74103038858462 0.7375743034905 0.735225045776837 0.729311676320262 0.670413010602014 0.568439438380971 0.569524735986829 0.573597110400801 0.560693105815887 0.547853354371174 0.541154142566386 0.546195080717892 0.549626154316825 0.546040423071472 0.540174539357456 0.535710423931927 0.533255495749017 0.529957913912645 0.524104289646211 0.518168411821213 0.515927127756694 0.517150960170834 0.518793434084693 0.521982043053669 0.523457158464442 0.527372951760082 0.532174568729729 0.535675112531627 0.541212820264215 0.544605858141163 0.54913409990789 0.55380161234155 0.556697446390619 0.55957791653868 0.560518981604469 0.560872769392974 0.559697692256738 0.559760297540435 0.56381270933473 0.570634594931033 0.580267551830031 0.591188254472652 0.601538193418663
