meets/meet006/_saidas_enm/CCSM_SVM_0k_T_nigriceps4.asc
NCOLS 154 
NROWS 168 
XLLCORNER -112 
YLLCORNER -55.5 
CELLSIZE 0.5 
NODATA_value -9999 
[rows 48 to 71 of 168, columns 55 to 109 of 154]
-9999 -9999 -9999 -9999 -9999 -9999 -9999 -9999 -9999 -9999 -9999 -9999 -9999 -9999 0.119019684570365 0.100537411796622 0.0148415559083254 -0.103810816238009 -0.118282894908251 0.172623596682902 0.292627669903911 0.298167458723999 0.238207623134102 0.121020439864411 0.0440881820143222 0.0112434161549956 -0.0091186424164964 -0.00414357564616907 0.00690477880721857 0.00404749082695571 -0.0170888143618126 -0.0340459677206207 -0.0482953973092708 -0.0614231061644946 -0.0689481827207934 0.00569751870001584 0.277952764988277 0.566528402454276 0.818786566370317 0.876010881016066 0.852711153079979 0.823728051347942 0.758204849404229 0.706800693595581 0.564135924482964 0.375856699645119 0.285096791404307 0.147537157300875 0.0109091528911299 -0.0475244397138147 -0.0173154071342267 -0.0197861121534875 -0.00305557542928647 -0.0118510587917163 -0.0312096206885955
-9999 -9999 -9999 -9999 -9999 -9999 -9999 -9999 -9999 -9999 -9999 -9999 -9999 -9999 0.117389172888437 0.0910955928994315 0.0255493941549806 -0.101145896117948 -0.134902438249612 0.0500997878829513 0.122884469202271 0.0565912294741936 0.0417515454461719 0.0256660059079756 -0.0119353866484693 -0.0167865904484853 -0.00607443072471736 0.00619815614510472 0.0103325997578897 0.0064546389308332 0.0105886480412374 0.0174154609428115 0.0093938260476315 -0.0124228122993136 -0.0482292617914193 -0.0337528674852402 0.180078136497241 0.428387050256899 0.64026545982077 0.697488442389581 0.674516072909304 0.621898111149682 0.563341878303797 0.479108493464902 0.34405216106724 0.204673244506155 0.133242615529787 0.121642572282059 0.104016412380594 0.0710493398924047 0.0422994867100054 0.0149833950659016 0.00369320359830139 -0.0139139903584258 -0.0311735355824716
-9999 -9999 -9999 -9999 -9999 -9999 -9999 -9999 -9999 -9999 -9999 -9999 -9999 -9999 0.104083898528397 0.0711426771171529 0.0127662711241771 -0.0919869764842183 -0.12874611082835 -0.0270604800287159 0.00648944424515541 -0.0747556098282753 -0.0389070551379388 -0.0278823160440905 -0.0360963944200353 -0.0130236532385359 0.00752045711519822 0.0289988442224194 0.0411513433318544 0.0323500752862586 0.0278786695383937 0.0264904029739131 0.0129471526444421 0.00818315322417101 -0.00839051433435234 -0.0538035750597968 0.0380916610376845 0.293942182786698 0.405050391291908 0.428273317821988 0.411967054663631 0.266212726860192 0.305883492808342 0.232179502133732 0.137036277680812 0.0669559036982649 0.0023992212214497 0.0222799927778286 -0.0120050832039699 -0.0221910905522447 -0.0100650248717803 -0.0389155570136651 -0.011047016185491 -0.0178700404998592 -0.0213747618234793
-9999 -9999 -9999 -9999 -9999 -9999 -9999 -9999 -9999 -9999 -9999 -9999 -9999 -9999 0.0673331643271097 0.0500687428947806 0.0127508702869402 -0.0658648418701431 -0.11572474694069 -0.076825723461465 -0.0748261241124668 -0.0736883918286712 -0.0501632001445298 -0.0286437327041007 -0.00526582918020879 0.0194646315818038 0.0367220764868108 0.030412293004479 0.0163599539673732 0.0154408936944014 0.0271170765340679 0.0312832286355726 0.0201267781202629 0.000260209323656446 0.00611935320882978 -0.0477978377569869 -0.0416316209817372 0.120081084711247 0.279119748624965 0.301325367239858 0.278933444255368 0.209657699231547 0.180314387640132 0.121179622669313 0.0631808136083919 0.0280392977845342 -0.00816278432232831 -0.0128282864870246 -0.03200408907733 -0.0353261759820667 -0.0205749200383586 -0.014930810113206 -0.00316955198203162 -0.00863265837922556 -0.00519913227372293
-9999 -9999 -9999 -9999 -9999 -9999 -9999 -9999 -9999 -9999 -9999 -9999 0.0858740591046974 0.0360663206944803 0.012151355292354 0.00258384346961704 0.00317361853352677 -0.0266288692788855 -0.0708121601594989 -0.0844329919858556 -0.0720670974960291 -0.0563170486215967 -0.0246240149876973 0.0061132536863357 0.0288602580385002 0.0327170722298595 0.0213370741483076 0.0181523718064248 0.0232085623821062 0.0333979054070239 0.044228342597573 0.0480899872797769 0.0348721633934523 0.00773203414466039 -0.00278744752508986 -0.0217785229977634 -0.0524585453799155 0.0271795105269753 0.17798735833117 0.254930047472766 0.243182529634516 0.193585409039635 0.145500798290889 0.0959514832505575 0.0591742125504788 0.0463728139915323 0.0348875163621299 0.0202502555845378 0.0052363225367727 0.00976820950710783 0.0320169125542871 0.0330318118494367 0.0204271955050625 0.0154409264653733 0.0140116395516023
-9999 -9999 -9999 -9999 -9999 -9999 -9999 -9999 -9999 -9999 -9999 0.0871786122758599 0.0470003822003389 -0.0460781738406101 -0.0710488324513251 -0.0150459696003314 0.0193023799507331 0.0147443176534435 -0.0163598799738459 -0.023448993344837 -0.0166977025886311 -0.00291484469477155 0.0185950966292089 0.0325001631369288 0.0353486144018004 0.0299678905703555 0.0263923714618213 0.0329849404353344 0.0426349362727164 0.0514263401676082 0.058539294848599 0.0587958036669518 0.0441683717052412 0.0163103114546843 -0.00447133921145337 -0.000948955965881515 -0.0501362457919813 -0.0175941837271067 0.0852023576774784 0.171768821426529 0.196153717089872 0.163712719943472 0.122199067226173 0.0877856327666416 0.0681737710870042 0.0625631692003982 0.0682356890860448 0.0614338963564636 0.0598965349039558 0.0580092817840023 0.0463434264593434 0.0393199943360256 0.0281414568791482 0.0254450116027937 0.0259936286888525
-9999 -9999 -9999 -9999 -9999 -9999 -9999 -9999 -9999 -9999 -9999 0.0224244183435297 -0.0878749636827942 -0.170557421090437 -0.100169709100027 -0.00664594848633238 0.0378084045513107 0.0355086568079836 0.0304786011029323 0.0253645093797368 0.031035111323223 0.0381616990080155 0.043098465830798 0.0441416349331662 0.0413284456739549 0.0404228000782451 0.0434050430286931 0.0507871878514616 0.0592488204118789 0.0604703433791685 0.0566303051500393 0.0592439004507631 0.0499969439459895 0.0250266721905458 -0.000671200261176175 0.0101761378451022 -0.0315996787410313 -0.0390266620059125 0.0121738169131973 0.069174678794526 0.107789205658445 0.116535753509396 0.0873854247463269 0.0641481828187084 0.0532277430680164 0.058635189307925 0.07102893831971 0.0594301453874884 0.0534861819987802 0.0334733311237085 0.0201830941231447 0.0410942545549934 0.0404010098548816 0.0335939125423844 0.0413081541343439
-9999 -9999 -9999 -9999 -9999 -9999 -9999 -9999 -9999 0.0645284344132783 0.0173436731283643 0.036174685562963 -0.0598314527140483 -0.117817778841465 -0.106107689251039 0.000459783906661515 0.0340101481659182 0.0312186792833816 0.0435254706794295 0.0513067435015976 0.0526413225826721 0.0498784721660661 0.0499014636943024 0.0455794884533637 0.0436594691587466 0.0478363918796371 0.0469600036564374 0.0459197463820364 0.0426732012685793 0.0418249412738406 0.0428484596739456 0.0406273958548217 0.0376983667980703 0.0317781093474193 0.00917917830503034 0.0166218453598083 0.00334967670730779 -0.0275773335222564 -0.0288506401968422 -0.00774696664255681 0.011734679695823 0.0219155942741184 0.0232617239722602 0.014653014469568 0.0150295134237716 0.0162147688843578 0.00631683493444418 -0.0127250230184283 -0.0208993436498952 -0.00991761125103729 0.0320347885950865 0.0734062238603059 0.0776823618374368 0.0617406564888455 0.0615673627451479
-9999 -9999 -9999 -9999 -9999 -9999 -9999 -9999 -9999 0.0126386929526291 0.0904220187754168 0.388180626543833 0.30093219041137 0.0867994176109447 -0.0567560689267556 0.00828621703764493 0.0308573817021934 0.0217530862205662 0.0414195899904651 0.051217275403472 0.0510122194312612 0.0482360549599459 0.0449457936898596 0.0409038065174648 0.0367497242989169 0.0350541435557988 0.0325910043506665 0.0294683361918645 0.0269791216932783 0.025429015617684 0.0247420055042715 0.0226678714472936 0.0199835204870052 0.0171446688215212 0.0179412981444614 0.0225623079824546 0.0331410146284816 0.0150374678891088 -0.00835750447735562 -0.0180060989540729 -0.0178746961117476 -0.0155922292284253 -0.0158438245500737 -0.0153842141664462 -0.015197158328233 -0.0181535620642367 -0.0213258535852825 -0.0124884923532388 0.00727632153839619 0.0512101169266503 0.0870561281651568 0.113404290300797 0.101164988046901 0.0830956574444777 0.0804225734760633
-9999 -9999 -9999 -9999 -9999 -9999 -9999 -9999 0.0359068922164015 0.0172599840395347 0.339493337173939 0.738738655579377 0.643259383575169 0.330609339259105 0.0175232634991287 -0.0191188863468941 0.0183863736284757 0.0152355358333099 0.0358214026891785 0.0423769888818583 0.0418511382951058 0.038609941524776 0.0343684317797008 0.0292737267009227 0.0262302547124278 0.0248237372049383 0.0235118216157919 0.0211224610928968 0.0169450781648339 0.0152967230444195 0.0170073095731215 0.019630910699781 0.0159850552644658 0.0137274734973225 0.0138888781271347 0.017617365584042 0.0364867857698394 0.0482107976052804 0.0420152732596428 0.0323722222802676 0.0302508365365945 0.0311134987012714 0.0364539085226179 0.0380118385602319 0.0260090092521578 0.00874158207295855 -0.00375984354431147 -0.00851974433279956 0.00279628685404665 0.0183041337221488 0.0312724991224251 0.0427870692076255 0.0365889823194879 0.037748394315134 0.0643494576827447
-9999 -9999 -9999 -9999 -9999 -9999 -9999 -9999 0.00468795574330916 0.125510202671193 0.605380388300941 0.936446074211801 0.813981416041775 0.426338758293356 0.0560012182588373 -0.0468830586568499 -0.0123580561727503 0.00717365641283818 0.027063526970316 0.0355777880573792 0.0396753358742488 0.0381596089510135 0.0327273496802153 0.0249083303675387 0.0230570816648074 0.0251906440314711 0.0240877539366028 0.0221784636607498 0.0174379383308775 0.0191522112665214 0.0262819434206608 0.0282604205091574 0.0284710997199283 0.0219132025449567 0.0195758990096843 0.0204440017446461 0.0194532940793421 0.031956373922681 0.0444150859060759 0.0501586488370544 0.0504827268952749 0.0444874292266445 0.0233702323614895 -0.00789264030254322 -0.0423428016939971 -0.0655573436342992 -0.0681532427754503 -0.0610946181398369 -0.0445989257543772 -0.0291113118572467 -0.0160371001560495 -0.00848765282359143 -0.0082796570995296 -0.00134123336946224 0.0374403430481958
-9999 -9999 -9999 -9999 -9999 -9999 -9999 0.0395205322198948 0.019074140963536 0.352759452778312 0.764520763000123 1.04183133546069 0.90494995331319 0.401117443270216 0.0498970687461308 -0.0372942688979836 -0.0181964062079505 -0.000132590524260623 0.0163820939959191 0.0268548846057406 0.0350103748705884 0.037636689663651 0.0340115987607471 0.0304112875999567 0.0302236607268216 0.0307475977130784 0.0332906594618731 0.0289434841409607 0.0266850043941155 0.0280637659220768 0.0287707518906744 0.033038059903584 0.0326723872630452 0.0326505473654236 0.03292262083113 0.0289264456322405 0.0251212252889556 0.01913558845057 0.0149490969879581 0.00375734314212289 -0.00465868670489378 -0.0168021664310374 -0.0392946812321963 -0.056824742322819 -0.0679317368404908 -0.0673291480654092 -0.0444630088352684 -0.0288177940756109 -0.00427180920502657 0.0105458351488332 0.0193367966930955 0.0313149549844586 0.0250732775888018 0.0309145357166071 0.0288157787798901
-9999 -9999 -9999 -9999 -9999 -9999 -9999 -0.0501818484413504 -0.0183857322988668 0.387274342768222 0.721626412244401 0.95079948438351 0.872194827161151 0.396945440301492 0.0834794911353733 -0.0127168245989288 -0.0181555869451292 -0.00444469062728026 0.00762996216878659 0.0156076721234981 0.023849798407047 0.0305749538500361 0.0305922570439372 0.0282218286511313 0.0286513869569689 0.0322766981932486 0.0359378486562415 0.0335485606885065 0.02986898251258 0.0293043570296253 0.0308197972359319 0.0327804879263761 0.0332002840494599 0.0331034890096739 0.0345731128384453 0.0368326714251552 0.0357781472774283 0.0323160066249872 0.0240154790883748 0.0122800059170535 0.00128945888019139 -0.0168661901339642 -0.0293765919162939 -0.0359383887397452 -0.0288574061983623 -0.00468906644590439 0.0273568471281482 0.0522236020690235 0.0688494783370691 0.0785560128350631 0.0853137020004102 0.0825861579957557 0.0683673397730339 0.0499763553950968 0.0283719017168289
-9999 -9999 -9999 -9999 -9999 -9999 -9999 -0.0874881752909713 -0.0547958181799337 0.324386054792834 0.59437912799112 0.816766885718337 0.820312029571266 0.423006881002898 0.114568118900334 0.0256265019651741 -0.00694906233940129 -0.00475812765653982 -0.00158290823950002 0.00148745679710255 0.00676698586132635 0.0137702275676679 0.0128669745178628 0.00993491299700128 0.00951648617914519 0.0144399999127575 0.0183506806744972 0.0174999198188724 0.014964083252654 0.0136269194745882 0.0166259735000444 0.0194878817122142 0.0213818096642391 0.0241506537042242 0.0270276305362974 0.0305324320695358 0.0366130451828775 0.0329820868597204 0.0282465076930593 0.0161710595188658 0.00322112023383431 -0.00598061069830758 -0.00829982706006982 0.00239253446171372 0.0212643641571595 0.0468970681398755 0.0775231418562831 0.0934469840004994 0.106605074758323 0.108471111735854 0.103755734636362 0.0926065134537763 0.0659091307344226 0.0305561350654986 0.0130144161982162
-9999 -9999 -9999 -9999 -9999 -9999 -9999 -9999 -0.0849662213280092 0.21195609685362 0.472712872681009 0.698553495977289 0.757613290189847 0.441284771960803 0.18824202709981 0.0836183179563114 0.0265003348834802 0.00334282009854964 -0.00924761381174877 -0.0147241883025644 -0.0159000041600253 -0.0147701982719204 -0.0166487702461056 -0.0183509896772009 -0.0192193673599003 -0.0175297029409519 -0.0138347653613243 -0.0142461295280939 -0.0139420824850404 -0.0139255111200132 -0.0121914605271389 -0.00770896146934485 -0.00472897427925112 0.000231551657851714 0.00354339759358552 0.00668511878865341 0.0111757529165895 0.0118657337416918 0.011696248201414 0.00415097659580299 -0.00261828697764888 -0.00121493138660123 0.00839023975024106 0.0285249804857988 0.0536879288285574 0.074042585629443 0.0917399970739365 0.0987427805332386 0.098897981810576 0.0931511126558508 0.083692804767751 0.0643742995807117 0.0341720684498991 0.0011914977805787 -0.0196621292907364
-9999 -9999 -9999 -9999 -9999 -9999 -9999 -9999 -9999 0.13437137069664 0.42662241100649 0.68423018707248 0.735571239031933 0.464307918189048 0.224527901583917 0.125200743452568 0.0539542149835746 0.0145578353148291 -0.0126488643766666 -0.0265580138236703 -0.0311220716181868 -0.0339822493681884 -0.0371534845978638 -0.0407314865889914 -0.0424289003478577 -0.0412401497067988 -0.0402150500083024 -0.0397236865410103 -0.039575847991002 -0.0393720231033823 -0.0376758276640655 -0.037185635328753 -0.0320884429275509 -0.0285086651403055 -0.0256216329173977 -0.0227046113235738 -0.0221613934841263 -0.0202402414125957 -0.0215092275863384 -0.0225983276598194 -0.0209392080695439 -0.011192272526254 0.0107309922910937 0.037560571485485 0.0624048881905419 0.0794496626977617 0.0936413198384439 0.0883610270612247 0.0754165276318467 0.0638738479162239 0.0543152400760092 0.0312929953367106 0.00945322778902652 -0.0168716637570416 -0.0364532659859748
-9999 -9999 -9999 -9999 -9999 -9999 -9999 -0.0984790631716842 -0.0531925979250321 0.210038198001271 0.501848910801569 0.688851383460831 0.722201907104829 0.476437212245559 0.280703089713893 0.18464862790311 0.0888838432628683 0.0268911224746507 -0.00842206433082293 -0.0292574213114329 -0.0383963510523544 -0.0431222644799415 -0.048112225579699 -0.0512265602449371 -0.0536938387459091 -0.0551188329133336 -0.0556446409017621 -0.0555457967412657 -0.0552129707948626 -0.0556009052932369 -0.0560542745831436 -0.0563579617658272 -0.054923568782738 -0.0527079156902434 -0.0520974590880789 -0.0518184540569574 -0.0512212171148934 -0.0520027636359196 -0.0513261498054187 -0.0515656601031386 -0.0461671994568634 -0.0269480692106597 -0.00316284450509596 0.0247143604108919 0.0490422724125629 0.0640693319314951 0.0704957730247081 0.0645961757479575 0.0515623880745276 0.0392662415155107 0.0280288543169746 0.0137992559323472 -0.00552555260858778 -0.0238481626574869 -0.0387923559664124
-9999 -9999 -9999 -9999 -9999 -9999 0.033646605005146 -0.0433203699926815 0.143241401968709 0.4127850055904 0.589374661650297 0.771958858250361 0.739721289107102 0.503773916220115 0.327709637392336 0.211914360064101 0.102259877232271 0.0292400702830302 -0.00497352848121702 -0.0263375363644667 -0.0376780495501761 -0.0416405459226987 -0.0462905104342655 -0.0478649220083097 -0.0501040178513535 -0.0515433937330566 -0.0515172737277602 -0.0516676767862749 -0.0525512636367385 -0.0534653063269549 -0.0536933533358215 -0.0555234709769664 -0.0567998433602888 -0.0581044983964346 -0.0601441360382328 -0.060926586439815 -0.0629130055554603 -0.0618884083924593 -0.0590798701031633 -0.0571882178302259 -0.0518730100904683 -0.0331216121447307 -0.00755068694260075 0.013470940267054 0.0331605869350158 0.0434766632030355 0.0471606243198228 0.0411981258039055 0.0277382242640454 0.0169126071712113 0.0102599240261338 0.00167602421795399 -0.0135232123087413 -0.0241515632949394 -0.0332103382545059
-9999 -9999 -9999 -9999 -9999 -9999 -0.00407561437048887 0.0250011416582507 0.229307636043614 0.474882085776185 0.641249000002521 0.730493139549742 0.753817547857257 0.610649850822378 0.44505751499922 0.287619520242121 0.130186407476028 0.0499119457015876 0.00610307323855797 -0.0215248274365564 -0.0254903100083207 -0.0285777294511522 -0.0318314281609315 -0.0343031881409533 -0.0357156253896961 -0.0343590245023264 -0.034595278058256 -0.0327987724563497 -0.0330729197876749 -0.0339922789809847 -0.034910344140662 -0.0378172178763234 -0.0403670626877231 -0.0439605337032417 -0.0479331252571472 -0.0518121901688186 -0.0542389891203464 -0.0526435159430368 -0.0488180047471929 -0.0483134293103802 -0.049669268194975 -0.0326655838780168 -0.0131174601718795 0.00476888649296431 0.0186933357336734 0.0248263241382498 0.0240533951109873 0.0184989760197927 0.00898138596496961 0.000549666678615557 -0.00687484971560393 -0.0140169093935714 -0.0204924685270534 -0.0240984953384441 -0.0240857480815244
-9999 -9999 -9999 -9999 -9999 -9999 -9999 0.0218938172581798 0.238010840739329 0.470528727750073 0.641812866522666 0.727974128329483 0.829262952957369 0.739948331598548 0.587475740308173 0.405668196458906 0.177655009059742 0.0991525841929119 0.0380234099634757 0.00138387675760304 0.00372710107193625 0.00170767957828238 0.00164429225368551 -0.00352680119010451 -0.00465008091111796 -0.00351546452009099 -0.0073609968786319 -0.00461620394799112 -0.00481926635725538 -0.00676864848968661 -0.00873300816509681 -0.0118188936219774 -0.0166719432953784 -0.0203907756759849 -0.0248302809181548 -0.0301348493573257 -0.0332781716072857 -0.0316866275535048 -0.0284686723956166 -0.0303529430396284 -0.0383899593137234 -0.030357799532948 -0.0154612685545475 -0.00281949035513873 0.00740150102589526 0.00926063920473436 0.0078702093816973 0.00354440697793568 -0.00425926871335491 -0.0116881207104831 -0.018758225485506 -0.0244882765208356 -0.0244014247962647 -0.0211497196492555 -0.0156339284605893
-9999 -9999 -9999 -9999 -9999 -9999 -9999 -0.044278544830338 0.151774909020806 0.411816567396129 0.68274557569436 0.876869421139123 0.995972956885364 0.949819372421755 0.805673681772596 0.605253171454778 0.3840306329574 0.219017913361211 0.0845989291943258 0.0141312375110416 0.0283517083614155 0.0560461279294368 0.0529784289356006 0.0490373546580019 0.0445481952227069 0.0387472276849825 0.0341253572080537 0.0307217326700903 0.0275301721300543 0.0217494492824565 0.0151762173939126 0.00943364949812131 0.0048732105995446 0.000839710364456125 -0.00316944826533283 -0.00667364023361994 -0.00833223649125536 -0.0066901695361824 -0.00469658251955407 -0.00845735668651848 -0.0183426116686317 -0.0262356083472983 -0.0155514963689584 -0.00609490945474256 0.00135937357024613 0.00368716547284831 0.00241853991363911 -0.00144758245483656 -0.00734941092143804 -0.0142783291579502 -0.0238857446644584 -0.02760381066951 -0.0233536727650531 -0.0139200067013466 -0.00409164669193507
-9999 -9999 -9999 -9999 -9999 -9999 -9999 -0.0501427675852998 0.012280514438173 0.303023490922908 0.697487010486734 0.975605795209732 1.10244010889684 1.00778823737642 0.862546092322709 0.741448092032873 0.534991546356543 0.353544519984175 0.116326215886632 0.0118203594678455 0.0492200343223235 0.103290936538264 0.108367711942642 0.100485484171022 0.0927730863542752 0.0800183066938994 0.0720858978152082 0.0626674490667628 0.0545143441889435 0.0434424635231828 0.0321380318818177 0.0252415465126099 0.0187123980494102 0.0144152334033929 0.0109722960399543 0.00950447164115303 0.0106428666741093 0.0125636527203072 0.0147175087734316 0.0109480400436532 0.000922965957675936 -0.00935955953598333 -0.0104472519371526 -0.00441533188263976 0.00109741339646197 0.00246497498911491 0.00170822400782067 -0.00207651706830536 -0.00722000230295172 -0.0146818524323402 -0.0273880896210222 -0.0318431220001985 -0.0228435672909864 -0.00817355515711649 0.00120506913306334
-9999 -9999 -9999 -9999 -9999 -9999 -9999 -9999 -9999 -0.00835024709237553 0.583962644861133 0.987179497452498 1.09275392182727 0.949847499375281 0.832109158968225 0.793287343011736 0.717610172070842 0.470690203063697 0.117090486501839 -0.0330862020114095 0.044960703740126 0.14472507324095 0.151857232347077 0.128947099987675 0.118040032032919 0.109605789956456 0.0994506921960983 0.0873850757592856 0.0744623536756449 0.0582773992846126 0.0437593891881806 0.0335259671892735 0.023993633217147 0.0164469384269818 0.0128528960091184 0.0141529996817196 0.0192820276050678 0.0214317315076339 0.0235795807381104 0.0221587184703996 0.0157105514903351 0.010020721303619 0.00280262096261219 0.00108464005000802 0.00440397881534099 0.00389700389845549 0.0030465021660539 -0.00132803852490415 -0.00656050502901362 -0.0142581830000588 -0.0268190368372477 -0.0294321737458892 -0.0215256650029416 -0.00554981953595768 0.00960151236854034
-9999 -9999 -9999 -9999 -9999 -9999 -9999 -9999 -9999 -0.0181098671079919 0.386584792125432 0.921631920419581 1.00695875117241 0.804412302326555 0.680739017467254 0.772396402670645 0.825337324912654 0.605680298301657 0.1321443099081 -0.0493409493409798 0.0609680140721315 0.184134469741644 0.182967335000763 0.147186828508805 0.131867685752132 0.1282702839149 0.120156475640759 0.105215068924884 0.0900051382044021 0.0701038811857451 0.0501118111490863 0.0348339013954835 0.0204207591565777 0.00897692740119971 0.00341725044014973 0.00595306922710764 0.0135466035782772 0.0166824502230022 0.0206118004184825 0.0219238565992638 0.0198083492331478 0.0190293536016077 0.01441339324865 0.0122824435045119 0.00890630551522703 0.00528045690914558 0.00457364400514448 0.00282146171506298 0.00188788712465732 -0.00321440454040545 -0.0154573143364219 -0.0191587734903468 -0.0157745371358462 -0.0018504858372167 0.0149836153271518
