meets/meet006/_saidas_enm/CCSM_Gower_0k_S_lineola3.asc
NCOLS 154 
NROWS 168 
XLLCORNER -112 
YLLCORNER -55.5 
CELLSIZE 0.5 
NODATA_value -9999 
[rows 78 to 103 of 168, columns 59 to 117 of 154]
-9999 -9999 -9999 -9999 -9999 -9999 -9999 -9999 -9999 0.571440047765115 0.392987333956445 0.265740286835612 0.175024830009382 0.135331024818729 0.201470199189487 0.323689517141035 0.502775612624325 0.708671841366868 0.683282868590784 0.655238370523405 0.630465735910883 0.619162069734802 0.608996866826612 0.612418319223552 0.616241928138289 0.617238208302561 0.616617579549994 0.613103216861762 0.614394006018036 0.607483617862185 0.60712792994476 0.613640982117314 0.619260879211188 0.61692307038675 0.614142567823433 0.617919253105779 0.626362351209434 0.638412803247123 0.650558998023957 0.649019561542135 0.660267749736223 0.668086896102821 0.657129316451724 0.651467470490177 0.64507001788513 0.641953489643379 0.64445294663351 0.647326371481379 0.643045831328185 0.638621488981183 0.637695571778133 0.639016912782268 0.640671993249521 0.644962918067302 0.648425624282649 0.645487425333032 0.632623557374899 0.627853007071149 0.645817180035291
-9999 -9999 -9999 -9999 -9999 -9999 -9999 -9999 -9999 -9999 0.55533804968018 0.319315645812399 0.0941138668109902 0 0 0 0.110259461670788 0.360307441677763 0.660197971341817 0.668838638179402 0.635296600322567 0.619737094113653 0.611879184677271 0.616502983944244 0.618283503424055 0.618152537017484 0.618389426403179 0.610030027631734 0.599683002298275 0.593224529244306 0.592039238724391 0.597060517634206 0.60515332661179 0.604723143342954 0.601430655977209 0.604077980876518 0.60987297451892 0.620234649524331 0.631299681351512 0.629605872658199 0.64383472193625 0.664280977247579 0.656170420780133 0.644660909773615 0.630078460031269 0.622692218552398 0.625795575195613 0.629411475827034 0.627400700733839 0.622781380949728 0.621319702304963 0.621876894204347 0.623658290691345 0.628570520381764 0.631853102813348 0.629769335236528 0.618923816115705 0.618425968369298 0.637225525909128
-9999 -9999 -9999 -9999 -9999 -9999 -9999 -9999 -9999 -9999 0.483856611639648 0.385076140334938 0 0 0 0 0 0 0.327379264026899 0.691673538155398 0.657958494515011 0.65112172127565 0.625269600254607 0.632482817960035 0.628561359029766 0.603136600986581 0.595999163697415 0.594226265990027 0.568617970372282 0.574801473717771 0.573375531268833 0.577679388656817 0.587675764145337 0.588052947838696 0.594730409110002 0.600547352328495 0.599559032690996 0.59765221668049 0.621537589868276 0.614807127961787 0.633418282432673 0.656988466099199 0.659062327242702 0.637907458213636 0.612219418491045 0.59971509499553 0.602717158058241 0.608474935113611 0.607032370728046 0.605583622317446 0.605786121028155 0.607335612828426 0.606056306703799 0.611700522572153 0.612817409964089 0.611671738746533 0.601605720104125 0.600462012783005 0.626117166984825
-9999 -9999 -9999 -9999 -9999 -9999 -9999 -9999 -9999 -9999 -9999 0.546085330767136 0.225795715403752 0 0 0 0 0 0.0361401255195848 0.391387669608101 0.483651470185704 0.572755145754245 0.674649825750069 0.672997608645764 0.643449218654358 0.604390577228038 0.585509560912638 0.542978774576631 0.547022691415223 0.540835892603274 0.539067705820806 0.552742114131417 0.557366584856003 0.557173094519799 0.559472924446467 0.571056844556579 0.590300935781398 0.605429471438832 0.614085854692016 0.620194506805495 0.632670379064574 0.643324287856222 0.641980555434407 0.626179029722544 0.599144703013614 0.585466651566352 0.585986559416613 0.586901008064143 0.589332229397663 0.588251599131906 0.591841032136176 0.6012645867958 0.602939558085883 0.600434353325573 0.590512141374446 0.589847639775172 0.592812486250851 0.602203771543472 0.62902641570233
-9999 -9999 -9999 -9999 -9999 -9999 -9999 -9999 -9999 -9999 -9999 0.478514470777494 0.512245784342141 0.102290513418342 0 0 0 0 0 0 0.186511352837247 0.31250568213102 0.382600617102304 0.509185339827199 0.674862200901557 0.66783253403548 0.678717028255181 0.547653543148682 0.55502609266812 0.53280169585969 0.51257041068886 0.52769771404571 0.526904272153954 0.520670191795079 0.516522047923598 0.530462154580727 0.558036822975177 0.593195980166893 0.602878483739611 0.612371208196463 0.611259208058253 0.624231073829607 0.626849319569252 0.615545974212894 0.591135715971667 0.58072316705363 0.583076244798066 0.575111895173193 0.584019814581671 0.581073632617918 0.584001374943384 0.598318629705684 0.60823904266771 0.59570346173656 0.577083137480888 0.581982571861324 0.600176985447276 0.611223340713047 0.646862319244396
-9999 -9999 -9999 -9999 -9999 -9999 -9999 -9999 -9999 -9999 -9999 -9999 0.54229500583655 0.305237011790793 0 0 0 0 0 0 0 0 0 0.193700117398212 0.294053676806115 0.421021672376177 0.639259929355134 0.712392912400307 0.68508972377188 0.583267282785419 0.500313556763648 0.49984692220237 0.497328376681334 0.496441305156777 0.49226003432297 0.497372633203785 0.509803093436265 0.532689538769851 0.569324391012029 0.609641928114657 0.59421817135984 0.603639927030364 0.613339424130756 0.609181150772671 0.599052617258994 0.597390801076714 0.603311836393023 0.605180311448309 0.603703903580277 0.595564939575764 0.595242583216184 0.601594251548604 0.599527662818543 0.59990691220845 0.595604517335991 0.609173954816266 0.6334572943764 0.654685820015902 0.643879290339378
-9999 -9999 -9999 -9999 -9999 -9999 -9999 -9999 -9999 -9999 -9999 -9999 0.392640288962984 0.478200719455507 0.0356544705989398 0 0 0 0 0 0 0 0 0 0 0.0732800248995065 0.403590667410844 0.677616975136665 0.706340375478169 0.672852178366819 0.541098408894486 0.514968903958847 0.494116478975239 0.482281935478357 0.472819386298781 0.462994348894419 0.452306566658354 0.463203138831697 0.525559128610359 0.593037616755122 0.57773920631875 0.585242789860065 0.60303771542872 0.606470411507543 0.610918636934022 0.617383694050337 0.626738816663707 0.635816485685465 0.631991098769833 0.622253617513725 0.620729573913449 0.621313465809412 0.612836996457928 0.625273944813287 0.629390791949843 0.644003837999328 0.665545318781199 0.66183538851904 0.649801042918953
-9999 -9999 -9999 -9999 -9999 -9999 -9999 -9999 -9999 -9999 -9999 -9999 0.29880084641058 0.609441303780576 0.297040518231228 0 0 0 0 0 0 0 0 0 0 0 0 0.345009212442686 0.71044465292759 0.668203367154708 0.635351195144317 0.592296180421114 0.537463908508237 0.506901567167036 0.470155066004235 0.439686286685338 0.414994693437509 0.409339899813065 0.4951848469558 0.586142846623972 0.568999445917354 0.564911111258895 0.585945295104103 0.605472197429987 0.621695548607153 0.635314432802033 0.645041058658072 0.649477527690775 0.652349564318721 0.653095810483598 0.654052592342995 0.654307165791555 0.658453408410026 0.661094264444358 0.669776677570679 0.678919573439775 0.685078322191091 0.670062423484683 0.657780248338021
-9999 -9999 -9999 -9999 -9999 -9999 -9999 -9999 -9999 -9999 -9999 -9999 -9999 0.458570898589239 0.546361545817342 0.294456345818373 0 0 0 0 0 0 0 0 0 0 0 0.0232657053234849 0.433378759517374 0.686210942230076 0.636286348657244 0.632915369897855 0.619800025729938 0.559302866599777 0.505992755596362 0.470765922478586 0.444412044476706 0.416187892204537 0.517470470521314 0.600935933974366 0.555375938320483 0.56088703199366 0.583476070125818 0.616330213528433 0.638905254026226 0.653266606508871 0.663151919694374 0.666377597102371 0.670078952714417 0.658095149678156 0.648747036716449 0.638419149515481 0.641931139681984 0.661482786693636 0.678084151544112 0.6841178365722 0.683122426860366 0.673189664125164 0.66015961656142
-9999 -9999 -9999 -9999 -9999 -9999 -9999 -9999 -9999 -9999 -9999 -9999 -9999 -9999 0.478705401988282 0.566402374400379 0.366357785059806 0.138604084942888 0 0 0 0 0 0 0 0 0 0 0.114893625777694 0.458494283664466 0.701169524613712 0.654664822814775 0.618600980025698 0.625943856872283 0.595070646938473 0.54817203932278 0.549134657943787 0.57285838948565 0.594300997398551 0.586841866297439 0.571286232412565 0.586749668106 0.614206297012345 0.637241895210792 0.633833280022457 0.625797030973156 0.620048570639186 0.600795408702911 0.592032689230161 0.573672609609684 0.570532025710562 0.581090667536251 0.597720673065459 0.636208995098058 0.672186363614088 0.68784667977294 0.684029284269591 0.673184257466424 0.656991752917432
-9999 -9999 -9999 -9999 -9999 -9999 -9999 -9999 -9999 -9999 -9999 -9999 -9999 -9999 -9999 -9999 0.559761775025177 0.498926693181715 0.213205503563338 0 0 0 0 0 0 0 0 0 0 0.126136428032388 0.461879379833866 0.70251992079099 0.647414306068648 0.634193089913757 0.614332098821038 0.604727865689345 0.607782886493724 0.57909395754881 0.597667620524669 0.593497901098427 0.59752550038567 0.620391633810779 0.621938866340388 0.617256134996631 0.59605391075175 0.57879280267595 0.561796359160366 0.528357123580518 0.525849810125844 0.512573747594012 0.518317673662746 0.542887264860044 0.56573318969636 0.61908831402359 0.667060120498873 0.684194991053681 0.677955706867556 0.664780117895563 0.649227060337027
-9999 -9999 -9999 -9999 -9999 -9999 -9999 -9999 -9999 -9999 -9999 -9999 -9999 -9999 -9999 -9999 -9999 -9999 0.497233152749405 0.324517135048305 0.0708851924107602 0 0 0 0 0 0 0 0 0 0.113234619042234 0.410278097958916 0.655295777126734 0.680289751001379 0.635288918639105 0.603252244879044 0.617938352373404 0.631548578933234 0.630973550056911 0.63357059920747 0.618524721648295 0.617087023696892 0.610038760290707 0.605977570060739 0.600846293235007 0.579317266021614 0.547111727896226 0.516289947631897 0.504889448255972 0.504894495052391 0.513442455235314 0.524623312098774 0.55314029415543 0.601723085783105 0.649351121236226 0.672325767734036 0.661188927484813 0.648751420493806 0.660315825161236
-9999 -9999 -9999 -9999 -9999 -9999 -9999 -9999 -9999 -9999 -9999 -9999 -9999 -9999 -9999 -9999 -9999 -9999 -9999 -9999 0.412203252323549 0.158381275118567 0 0 0 0 0 0 0 0 0 0.0154161364885983 0.324467120728729 0.583315803131119 0.696464872779898 0.664327762957472 0.661028877187158 0.666156985569727 0.650836345004735 0.624014864084789 0.603581462786985 0.598923596839071 0.601856258832453 0.603197561663646 0.599021335445276 0.57987095018769 0.545909382083311 0.514238492497744 0.504617697679521 0.505296685905539 0.509018115942479 0.514609815887741 0.532582757804979 0.569373668159094 0.616748465225916 0.647258159800144 0.6584715700272 0.670865969874198 0.703243539636578
-9999 -9999 -9999 -9999 -9999 -9999 -9999 -9999 -9999 -9999 -9999 -9999 -9999 -9999 -9999 -9999 -9999 -9999 -9999 -9999 -9999 -9999 0.470709685812343 0.0709418554593274 0 0 0 0 0 0 0 0 0 0.159697921928358 0.422921400396499 0.685816445610768 0.690021589428339 0.678638769230961 0.678996156405816 0.633309126376487 0.581287488234656 0.584519411733632 0.595498043420931 0.596872597530524 0.590858818341211 0.572407830955665 0.541233023574099 0.510233094013331 0.501471990649547 0.504341482629314 0.503677246577446 0.498045409988055 0.503737614026929 0.531491589820195 0.561996396809817 0.610979032552114 0.668403748258754 0.700164900138325 0.687949465808476
-9999 -9999 -9999 -9999 -9999 -9999 -9999 -9999 -9999 -9999 -9999 -9999 -9999 -9999 -9999 -9999 -9999 -9999 -9999 -9999 -9999 -9999 0.507410430386495 0.404458773100628 0.0594323101668954 0 0 0 0 0 0 0 0 0 0.08073741795867 0.379094566642311 0.663218498627922 0.67617219176497 0.679078798966812 0.65151583049505 0.570783752675116 0.569454131192939 0.593244513598496 0.59771395563548 0.592920901409224 0.574844297333891 0.543486847829341 0.513801728690039 0.502081876586125 0.500799990295495 0.497498414899171 0.492080484834958 0.493842593215688 0.512762282735114 0.544823631662185 0.604388897870544 0.677302231789558 0.689752324235452 0.678423975928902
-9999 -9999 -9999 -9999 -9999 -9999 -9999 -9999 -9999 -9999 -9999 -9999 -9999 -9999 -9999 -9999 -9999 -9999 -9999 -9999 -9999 -9999 -9999 -9999 0.404187862202925 0.11972745022386 0 0 0 0 0 0 0 0 0 0.123395266227529 0.434015449744358 0.647379710009073 0.668558839905327 0.669117427212453 0.551970048061489 0.563755556500503 0.594983488284487 0.591907577096789 0.5985504436037 0.582019352230943 0.543852710036004 0.516227473352103 0.499712599774582 0.495767946049842 0.493790960606162 0.49060449098972 0.499537902975435 0.522594102998969 0.551022238320209 0.611121442067683 0.682719584114977 0.684283991034054 0.680227672384967
-9999 -9999 -9999 -9999 -9999 -9999 -9999 -9999 -9999 -9999 -9999 -9999 -9999 -9999 -9999 -9999 -9999 -9999 -9999 -9999 -9999 -9999 -9999 -9999 0.501592758387238 0.34564500955682 0.0109131607358183 0 0 0 0 0 0 0 0 0 0.288172403808785 0.599113071984174 0.651838303609406 0.679075640241781 0.58335293001766 0.557350905763755 0.575445675252822 0.571725704294017 0.572261033300771 0.557197560795615 0.529577503948142 0.504877413587586 0.486579476737373 0.480393851294687 0.484495538031104 0.496614254987932 0.51819550585745 0.548543024660294 0.582416352342742 0.632352440031305 0.681560009709984 0.688964190108509 0.687929868820533
-9999 -9999 -9999 -9999 -9999 -9999 -9999 -9999 -9999 -9999 -9999 -9999 -9999 -9999 -9999 -9999 -9999 -9999 -9999 -9999 -9999 -9999 -9999 -9999 -9999 0.505698076337646 0.192036645098504 0 0 0 0 0 0 0 0 0 0.189671483803316 0.502386810830478 0.627589405695615 0.633178650453665 0.616280764163581 0.567296791478239 0.544035729469178 0.538921784921384 0.530771374458168 0.517058918885871 0.50487294911383 0.484417895009261 0.474417085580758 0.462611104247192 0.475370930104101 0.50740217055037 0.542110315567478 0.586116984518551 0.624809398649409 0.65831667656059 0.67975895626874 0.696172400627605 0.69429128317641
-9999 -9999 -9999 -9999 -9999 -9999 -9999 -9999 -9999 -9999 -9999 -9999 -9999 -9999 -9999 -9999 -9999 -9999 -9999 -9999 -9999 -9999 -9999 -9999 -9999 0.505410269278064 0.291060333825256 0 0 0 0 0 0 0 0 0 0.156588797629477 0.455030395094783 0.593475413734662 0.596263397094324 0.613384541278258 0.582474122240567 0.556614849916682 0.517239482531331 0.491741184829504 0.478012733922313 0.487041064502231 0.489027173000977 0.478646300980553 0.464952983540746 0.484843961091625 0.528413665584486 0.579139086191403 0.633738882683372 0.646278907078861 0.649266991996255 0.67163942134652 0.689614759687203 0.695106556553102
-9999 -9999 -9999 -9999 -9999 -9999 -9999 -9999 -9999 -9999 -9999 -9999 -9999 -9999 -9999 -9999 -9999 -9999 -9999 -9999 -9999 -9999 -9999 -9999 -9999 0.469252429016082 0.349589194370051 0.00594576630126098 0 0 0 0 0 0 0 0 0.136641419838573 0.420335144053661 0.556309483237322 0.561549913003585 0.570178617310289 0.576571325081582 0.572271715759226 0.518941489542596 0.468518739318891 0.453618450199614 0.483806650319801 0.512155522148264 0.492578176604972 0.476824795688113 0.506592742047655 0.562550678565442 0.619186052629795 0.654513192020061 0.626629447121297 0.62977226309129 0.663299181943887 0.68009499021771 0.689075064350962
-9999 -9999 -9999 -9999 -9999 -9999 -9999 -9999 -9999 -9999 -9999 -9999 -9999 -9999 -9999 -9999 -9999 -9999 -9999 -9999 -9999 -9999 -9999 -9999 -9999 0.47076073456437 0.328791275442072 0 0 0 0 0 0 0 0 0 0.173721679127096 0.452810513489791 0.521190568468623 0.530390958530237 0.532126536263983 0.522985763202027 0.534678334842016 0.538426557663018 0.502404677449437 0.485203836497868 0.494259924458094 0.506673684897927 0.510473721951532 0.517420973094889 0.554405303993728 0.609006459238579 0.663425384566378 0.650969808639311 0.632719121175115 0.634023178391459 0.655171503597669 0.675523944032226 0.68049751775184
-9999 -9999 -9999 -9999 -9999 -9999 -9999 -9999 -9999 -9999 -9999 -9999 -9999 -9999 -9999 -9999 -9999 -9999 -9999 -9999 -9999 -9999 -9999 -9999 -9999 0.461281251367723 0.283515812645879 0 0 0 0 0 0 0 0 0 0.21087953999877 0.481655676896695 0.499189985668113 0.513973500926518 0.513198070660946 0.492669495700959 0.487924964776243 0.554733657234925 0.535548710334467 0.520787725009886 0.515662238696036 0.513869022943943 0.540539457652631 0.561548939638738 0.603135593372084 0.656633306055551 0.66438222885167 0.648750305835643 0.635885895182464 0.634476123369899 0.646739859057959 0.661547677159964 0.660749431215115
-9999 -9999 -9999 -9999 -9999 -9999 -9999 -9999 -9999 -9999 -9999 -9999 -9999 -9999 -9999 -9999 -9999 -9999 -9999 -9999 -9999 -9999 -9999 -9999 -9999 0.465514862985212 0.225370593687356 0 0 0 0 0 0 0 0 0.0309025148306514 0.267053261959244 0.508163912985032 0.499655189258121 0.50969431001515 0.505506932011722 0.48532637299253 0.491356011781724 0.563314139638769 0.543680290183902 0.533808328913951 0.550248276975393 0.573912757731458 0.58453670911583 0.605564280181239 0.644385470498185 0.659013216339395 0.652232318202362 0.641344968087463 0.628223805709753 0.622847741160201 0.627478619449287 0.631231069350124 0.628829588304762
-9999 -9999 -9999 -9999 -9999 -9999 -9999 -9999 -9999 -9999 -9999 -9999 -9999 -9999 -9999 -9999 -9999 -9999 -9999 -9999 -9999 -9999 -9999 -9999 -9999 0.449217674147646 0.178789995313655 0 0 0 0 0 0 0 0 0.0904261046203472 0.315055993693746 0.516634983870054 0.509482990261214 0.519781451787923 0.512848008370049 0.487022660804305 0.487394550829631 0.576322165091059 0.559088183644381 0.552834982600886 0.585137919099012 0.619543251968964 0.617882871213736 0.631179742511618 0.652718424546568 0.650659712390455 0.641870380844374 0.631249999212942 0.618887761375801 0.609492600760825 0.606305804004779 0.597395635859924 0.590478410328798
-9999 -9999 -9999 -9999 -9999 -9999 -9999 -9999 -9999 -9999 -9999 -9999 -9999 -9999 -9999 -9999 -9999 -9999 -9999 -9999 -9999 -9999 -9999 -9999 0.481003697818661 0.448434376546675 0.158834579507105 0 0 0 0 0 0 0 0 0.163320387646221 0.385324723411402 0.53389321851929 0.522091098937139 0.539122597994999 0.529385654936464 0.490410870880969 0.49361218098159 0.564362553008038 0.607328277293904 0.600103009607755 0.618499195414372 0.634375845533326 0.634585536216896 0.630800061591854 0.647429595976851 0.641164070738386 0.631484656352994 0.623188117393945 0.614453223258068 0.604932613136431 0.597328173768627 0.583658330209139 0.572547098898904
-9999 -9999 -9999 -9999 -9999 -9999 -9999 -9999 -9999 -9999 -9999 -9999 -9999 -9999 -9999 -9999 -9999 -9999 -9999 -9999 -9999 -9999 -9999 -9999 0.473014578376137 0.466862388841436 0.142891919733682 0 0 0 0 0 0 0 0 0.230579227826059 0.434957386096373 0.526425677724619 0.519379821474438 0.536207640485413 0.523675519609968 0.479624559489784 0.474925730384028 0.533423922229078 0.605151302749051 0.633403156797713 0.631878616976277 0.628720974337774 0.630278997843858 0.637337276113783 0.63591305542042 0.624860277763557 0.617746190354239 0.615465484442189 0.613937932813166 0.608809547086444 0.600452455653405 0.585585047536578 0.577839724834782
