meets/meet006/_saidas_enm/CCSM_SVM_0k_T_subalaris4.asc
NCOLS 154 
NROWS 168 
XLLCORNER -112 
YLLCORNER -55.5 
CELLSIZE 0.5 
NODATA_value -9999 
[rows 75 to 99 of 168, columns 55 to 109 of 154]
-9999 -9999 -9999 -9999 -9999 -9999 -9999 -9999 -9999 -9999 -9999 -9999 0.0947743091021701 0.0668099808465911 0.0500584003956258 0.0888987874049243 0.211135656678363 0.475839235574432 0.681782205098074 0.529250756163917 0.392481236749436 0.310396311760485 0.256769725673899 0.232805489405523 0.203718594636462 0.194839166376232 0.183945332452357 0.157305734775184 0.12626304592651 0.101378553193352 0.0802053025606416 0.0635631137863722 0.0478467388212022 0.0370588363835516 0.0389946318067048 0.0485597854341328 0.0620238262311029 0.0793422374180684 0.0967159354266954 0.123094824055845 0.152132915230201 0.177299936266208 0.194433015617691 0.203384727132042 0.213474505108677 0.219706876858136 0.226024102681959 0.220903966138792 0.210076826289071 0.190238097610469 0.154333117197195 0.120838322621872 0.0913978633621481 0.0641165749324241 0.0384481770465268
-9999 -9999 -9999 -9999 -9999 -9999 -9999 -9999 -9999 -9999 -9999 -9999 0.0887667466854586 0.122420899140894 0.100469199059364 0.0792325723942188 0.126295916070412 0.302427319263747 0.557758282480303 0.634702532340708 0.556726567528761 0.338259151513304 0.288296001923321 0.25243255170815 0.19715980405233 0.182607439780115 0.155956809628271 0.137726930568295 0.106284948585242 0.0764744793505632 0.0535423190124505 0.0355547682732388 0.0178056160758539 0.00938929945765449 0.0112606765261009 0.0200229315417434 0.0395272588221238 0.0483175481798183 0.0658314958248 0.0939081569755065 0.124765918664016 0.170723038203403 0.184546086531791 0.205032822556631 0.21888334331034 0.222948041737509 0.242930647961864 0.232641942352215 0.214889293248633 0.196426177118924 0.166082186257844 0.138053021863414 0.107640166766877 0.0758595389146545 0.0463495506480132
-9999 -9999 -9999 -9999 -9999 -9999 -9999 -9999 -9999 -9999 -9999 -9999 -9999 0.134879086869518 0.16640524461707 0.140543924162383 0.140774682254826 0.155614174838636 0.171552977928199 0.308901625475923 0.522792406295314 0.554532436105607 0.440980133123657 0.302045625354025 0.197369190025546 0.18134322199426 0.17034876143732 0.133578597661528 0.0875888090752943 0.0504695847832546 0.0226805835470511 0.00197446763991177 -0.0171107675162264 -0.0268832841668685 -0.0264066980443514 -0.0192798688214334 -0.00519555059038546 0.00283373989068075 0.0172546466183496 0.0425181450530313 0.0718950754950565 0.112334947304134 0.139947079657481 0.170384635818239 0.192292117855095 0.198493051122653 0.209615933903196 0.207508571213377 0.200370446126571 0.189835585884706 0.168941463914249 0.144974733777016 0.115579195232196 0.0846997298648449 0.0580966005144906
-9999 -9999 -9999 -9999 -9999 -9999 -9999 -9999 -9999 -9999 -9999 -9999 -9999 0.102029418675646 0.192182601366384 0.259280137298614 0.194039580319759 0.0421637924212458 -0.00335100801246657 -0.0144828238964027 0.141868683335348 0.544649859994368 0.606943105057812 0.404114904101886 0.233636264469778 0.235784896774659 0.247370901736404 0.14120738520789 0.0736026004170494 0.0241819473299239 -0.0068067370304129 -0.0292320645768226 -0.0460788391802038 -0.0606193232570165 -0.0638909874005058 -0.0587075094920191 -0.0519938020659743 -0.0433464041998205 -0.037856732678489 -0.0183208114535397 0.00781553398819995 0.0347054306341604 0.0761886977223739 0.115744768351462 0.148351028818652 0.162969386677714 0.171540049463829 0.190525172514894 0.188146014516998 0.185594450897566 0.174312536487712 0.154633075202439 0.12872282219217 0.0974023866943866 0.0693833958746227
-9999 -9999 -9999 -9999 -9999 -9999 -9999 -9999 -9999 -9999 -9999 -9999 -9999 -9999 0.111422303235938 0.312403255622048 0.0993228920230766 -0.0359396164985327 -0.0268035870037835 -0.038967489620498 -0.0678150808921385 -0.0245105376143848 0.264916205094764 0.54206076432636 0.460450369067902 0.430079712586519 0.344343150586666 0.200774253764129 0.0813435293472169 0.00211978617519398 -0.0280940653158519 -0.0496555738888022 -0.068105541408238 -0.0807007375721377 -0.0869273823661145 -0.0875043971261653 -0.0861973739694428 -0.0824560739294896 -0.0781603523390197 -0.0636810384065636 -0.0440651543702107 -0.0202449862167443 0.0133624240067045 0.0523687372340468 0.0948812975751185 0.134450792658146 0.164105527928899 0.179000369832026 0.183444655286067 0.187070523038525 0.179324982709785 0.163225734995405 0.137609444182579 0.106283875986802 0.0785904856139733
-9999 -9999 -9999 -9999 -9999 -9999 -9999 -9999 -9999 -9999 -9999 -9999 -9999 -9999 0.0623738322340565 0.328861991570578 0.0259927594646551 -0.04299870049421 0.00676971643066321 0.0178193729266737 -0.00932157213153284 -0.0249605786054291 -0.115172003833228 0.0800354637937598 0.25836567379736 0.33661354715171 0.459122398447422 0.340078679279976 0.161760703478535 0.0344254221059913 -0.0327679060824291 -0.0514151177704651 -0.0758403457966234 -0.0911645918570519 -0.0997045563021229 -0.104181577087737 -0.108964016979543 -0.105661221586297 -0.103039885577904 -0.0928217920356146 -0.0782237419740948 -0.0629718458726338 -0.0323268566415467 -0.000216385078056325 0.0460914031784072 0.110753355283509 0.177842753873633 0.173889093156907 0.179442128647258 0.187969958952904 0.178173927276689 0.171547030638446 0.139505828260508 0.108325172509537 0.0814988747871248
-9999 -9999 -9999 -9999 -9999 -9999 -9999 -9999 -9999 -9999 -9999 -9999 -9999 -9999 -9999 0.273516506368387 0.161646012345061 -0.0231140181748146 -0.00245533893490713 0.0167648949985145 0.0210859336240032 0.0153728236700998 -0.000752192625007475 0.00165798125530409 -0.00422773902957574 -0.0366484431453001 0.0122974446145873 0.166577077770432 0.278695561032045 0.16347218325181 0.065668036022252 -0.0301321109803969 -0.0682556462666314 -0.0867416302152459 -0.103167815810741 -0.109210749810679 -0.114047600787231 -0.114002252542014 -0.111307711672367 -0.103400756586415 -0.0913728494679693 -0.0772519974664088 -0.0555924041367618 -0.0294239276474635 0.0138585264649534 0.0755298713871453 0.126033767890413 0.145297689653643 0.148790351986443 0.155875429728876 0.153558977768974 0.142346563124543 0.125765588774868 0.1010941934146 0.0810959583238197
-9999 -9999 -9999 -9999 -9999 -9999 -9999 -9999 -9999 -9999 -9999 -9999 -9999 -9999 -9999 0.135408518930147 0.199025529859482 0.02729671887847 -0.0395889820403663 -0.00108448962681662 0.0309541221734444 0.0485229467335198 0.0668546221144447 0.0904453915934439 0.0906956790238103 0.0686730989191072 0.0589384628574806 0.000830350545632297 -0.0176752969533118 0.113964337120953 0.144721950931327 0.0102333712254305 -0.00711015547575666 -0.0650442906888121 -0.0944350374867867 -0.105168897828902 -0.110465799109217 -0.109191285033866 -0.104920351594284 -0.0992199166282798 -0.0895564057925261 -0.0819478784032488 -0.0621449423771234 -0.0464931207007141 -0.0119090266799118 0.040530112789574 0.0892446975580864 0.114122052852711 0.114649140981585 0.124709043316994 0.131034896262555 0.118662072034613 0.119525594564785 0.100793768567647 0.0879582127297716
-9999 -9999 -9999 -9999 -9999 -9999 -9999 -9999 -9999 -9999 -9999 -9999 -9999 -9999 -9999 -9999 0.0946040842664245 0.161341453966215 -0.0650095582407452 -0.0414224184382286 0.0263326966885564 0.0731780163558314 0.0829951346272209 0.0977128260087396 0.102215082572082 0.0995248642310103 0.0983911515661898 0.0823581006439881 0.0658299948698931 0.0382292473929245 -0.071143323714996 0.121346415789252 0.186580155335906 -0.00627821246255822 -0.0787416393734272 -0.0961268440909789 -0.100456514212144 -0.0997430161655481 -0.0965236611315194 -0.0899344336195266 -0.0755064662170868 -0.0598916667517043 -0.057117746689415 -0.0570432531315496 -0.034298536576936 0.0102868309371937 0.0570608714724943 0.0880071994549228 0.104431675271644 0.124512279716899 0.138683165192096 0.142578198306676 0.136233311928724 0.122078515896978 0.110249035915412
-9999 -9999 -9999 -9999 -9999 -9999 -9999 -9999 -9999 -9999 -9999 -9999 -9999 -9999 -9999 -9999 0.0407819039055378 0.166965614392098 0.0433739252790875 -0.0888005001937993 -0.00545897423052755 0.0760680704561381 0.0818043957930222 0.103104002787619 0.108130373999433 0.108488558646629 0.120023415339981 0.111752299871608 0.116289429944205 0.0980041104551748 0.030821238641513 -0.0732059274334955 0.191062112296517 0.152969524861565 -0.0347220787704579 -0.0802295392305434 -0.0951195666880552 -0.094757547024756 -0.090162239572894 -0.0801998701150272 -0.0643923579730986 -0.0500749046792937 -0.0484428124927202 -0.0653438664734082 -0.0541856469046886 -0.0153679345935691 0.0341904877856402 0.0749039444014983 0.106704498699275 0.139962244072171 0.161672084603845 0.173279640980125 0.16330305981699 0.146568098706666 0.129896338205844
-9999 -9999 -9999 -9999 -9999 -9999 -9999 -9999 -9999 -9999 -9999 -9999 -9999 -9999 -9999 -9999 0.146967614911724 0.0517134466612816 0.241042721807129 0.0256233656214207 -0.0827343755519275 0.00516046786462904 0.0516477506484627 0.079413518564879 0.0946276800360586 0.0972274213267684 0.0999632143239332 0.099993386337791 0.102387465667431 0.0850869629841347 0.0501980418489738 -0.0334617468554856 -0.0771785155356702 0.419213584642743 0.226273212927399 0.0190323711563464 -0.0725332313152041 -0.0904875230566471 -0.0865910319441074 -0.0738937661466483 -0.055265038977058 -0.0384917648006486 -0.0453193715802143 -0.0695282634188356 -0.0626792625692957 -0.032433957452043 0.0115058697393542 0.054954251469496 0.104170338779968 0.145369946084345 0.1685813096945 0.186824300523079 0.159432885601559 0.136550133654858 0.116844749281011
-9999 -9999 -9999 -9999 -9999 -9999 -9999 -9999 -9999 -9999 -9999 -9999 -9999 -9999 -9999 -9999 -9999 0.0771528233722937 0.0779041471643149 0.237164994575077 0.0712671058008968 -0.0306584192187692 -0.00513126232673355 0.0437473668790741 0.0663274081018155 0.0716475182685749 0.0800356581276036 0.0843572136296867 0.0898867694670405 0.0783089966351852 0.0562535438697648 0.0352143173948554 -0.088869460625041 0.115805278879232 0.514905221133519 0.351264240265284 0.0522761493519146 -0.048043074604056 -0.0845722106707281 -0.0798987000920093 -0.0629474573486333 -0.0408945814356778 -0.0544047621251514 -0.0725179267540216 -0.0638722826549476 -0.0405528491930212 -0.00931848603028573 0.0280604613968912 0.0781507503306192 0.115911720243565 0.131741866459233 0.150155795904596 0.108213508725821 0.078897645384008 0.0651082335556042
-9999 -9999 -9999 -9999 -9999 -9999 -9999 -9999 -9999 -9999 -9999 -9999 -9999 -9999 -9999 -9999 -9999 -9999 0.07692692929818 0.0604309646988915 0.201483982865341 0.227121349657319 -0.0118932561884821 -0.0485485358369531 0.00628662872564956 0.0309250703421871 0.0501682739477286 0.0649610664736408 0.0761764758738115 0.0757543200378973 0.0666901176255411 0.0604416908353709 0.0181657467820849 -0.0894583972461246 -0.0106856902864391 0.445479291875364 0.427756123455601 0.141451384474714 -0.011686854779602 -0.0679142405867977 -0.0690858271707524 -0.0624440770420157 -0.058692318619798 -0.0570763569562407 -0.0512137998204131 -0.042595282123891 -0.0266909640042522 -0.00107275440388221 0.0223822155408031 0.0455542513046987 0.0625397532265918 0.0590546408375065 0.0371016255819002 0.0109437468359087 0.00825446355571602
-9999 -9999 -9999 -9999 -9999 -9999 -9999 -9999 -9999 -9999 -9999 -9999 -9999 -9999 -9999 -9999 -9999 -9999 -9999 -9999 0.0566477821200685 0.116407516301444 0.146854439203462 0.00670679801289792 -0.0453950738402809 -0.0148308168884542 0.0225966889300589 0.0478936812659066 0.065396557479557 0.0688581008287442 0.0698288966300328 0.0659920363165098 0.0449536951050351 0.0239636393941992 -0.0384005757744945 -0.0351557962013109 0.467195313474257 0.47440336355923 0.244708679722142 0.0533909939995459 0.00108048422987844 -0.0123176587214745 -0.0303169874220098 -0.0381868321054281 -0.040579956845746 -0.0412261349618978 -0.0349583687105202 -0.0193764958509082 -0.0104806139249761 0.00431897753820426 0.0195042757819422 0.0230246274806426 0.00683697562545488 -0.0154330983881102 -0.0173458294750042
-9999 -9999 -9999 -9999 -9999 -9999 -9999 -9999 -9999 -9999 -9999 -9999 -9999 -9999 -9999 -9999 -9999 -9999 -9999 -9999 -9999 -9999 0.0745046958329194 0.0974348856288582 0.0799232560664451 -0.0187825978577087 -0.00215162227591859 0.0238845122702813 0.0468437337061831 0.0566113864254304 0.0604101074052867 0.0605930785886155 0.0500912518030884 0.0503355325634302 0.0414823674072081 -0.0333450310391745 -0.0620946658748975 0.231602428358189 0.517910924293337 0.301619768336463 0.155634438547531 0.0271336537546668 -0.0142239061626012 -0.0278739527717611 -0.0396928670700443 -0.0375341397847291 -0.0332634019256719 -0.0221949939791962 -0.0157763848267043 -0.0107899251452704 0.00210336824651003 0.00483493274465996 -0.00683737774572746 -0.0258583098880907 -0.0312747443219052
-9999 -9999 -9999 -9999 -9999 -9999 -9999 -9999 -9999 -9999 -9999 -9999 -9999 -9999 -9999 -9999 -9999 -9999 -9999 -9999 -9999 -9999 -9999 -9999 0.0898383396761749 0.106769709321516 -0.00415940722126373 -0.0255616305057352 0.00776115057094851 0.0336809060146224 0.0433452451636863 0.0493767168331141 0.0521539097655128 0.0571505163757601 0.0527233469906452 0.0364434183999457 -0.0013982521326692 -0.0671550462642256 0.240722029689517 0.54898397663993 0.43363436562704 0.151404355209302 0.025340949117182 -0.0260364080689719 -0.0410757071697473 -0.0360216263277368 -0.0236445136968094 -0.0118593101245901 -0.0076092325770758 -0.00636865998681335 -0.00240441027631755 -0.00420526763041373 -0.0189953423361746 -0.0388426074729172 -0.0464089286421255
-9999 -9999 -9999 -9999 -9999 -9999 -9999 -9999 -9999 -9999 -9999 -9999 -9999 -9999 -9999 -9999 -9999 -9999 -9999 -9999 -9999 -9999 -9999 -9999 -9999 -9999 0.0804610901564631 0.063641407215055 -0.0396213710455017 -0.00814280668704193 0.012413938450695 0.0265955274855749 0.0410452952775483 0.0574894919445702 0.0586052435011473 0.053117824676851 0.063239205950124 0.0059248553718787 -0.0574085660272141 0.128903598353171 0.642601897341156 0.42243788513003 0.1140609881725 -0.023113391045509 -0.0562584081792973 -0.0391334274039326 -0.0123621533783889 -0.0026173427511067 0.00454497061027836 0.00184614694432861 -0.00426668318420242 -0.00852338089242943 -0.0291885850351842 -0.0526129732672481 -0.0583617387646931
-9999 -9999 -9999 -9999 -9999 -9999 -9999 -9999 -9999 -9999 -9999 -9999 -9999 -9999 -9999 -9999 -9999 -9999 -9999 -9999 -9999 -9999 -9999 -9999 -9999 -9999 0.0679510742846411 0.092495964862059 0.090557187368333 -0.0070950134813077 -0.0174999042950963 -0.00162829161841915 0.0241609119485015 0.0408964401397743 0.0443764335534541 0.0450860226529052 0.0462385675433154 0.0131505739937386 -0.0360102270657874 -0.0514718949164554 0.506074341938926 0.778467624879181 0.292537257163654 0.00296271596052738 -0.0611057388182905 -0.0497381720043224 -0.0165348992365516 -0.00563493572986173 -0.00102002436126269 -0.0045655659976227 -0.0119409889398819 -0.0201951209395828 -0.0401500528733665 -0.057676504901367 -0.0604066043111946
-9999 -9999 -9999 -9999 -9999 -9999 -9999 -9999 -9999 -9999 -9999 -9999 -9999 -9999 -9999 -9999 -9999 -9999 -9999 -9999 -9999 -9999 -9999 -9999 -9999 -9999 -9999 -9999 0.10161275679608 0.154121445816421 0.0483025833974168 0.0422136558735193 0.028391357320774 0.0293891927259609 0.0269257151591588 0.0182147339911682 0.00154304943175554 -0.0198588843879749 -0.0466347228964441 -0.108946500534895 0.306536081589928 0.978703669467979 0.543547201308441 0.0626858876467581 -0.0445149813629447 -0.0505663825527398 -0.0272212871058957 -0.0201948758097005 -0.0150065776819348 -0.0200275787780554 -0.029125045653192 -0.0343354680345915 -0.0479426461075736 -0.0589999360980618 -0.0581884495056386
-9999 -9999 -9999 -9999 -9999 -9999 -9999 -9999 -9999 -9999 -9999 -9999 -9999 -9999 -9999 -9999 -9999 -9999 -9999 -9999 -9999 -9999 -9999 -9999 -9999 -9999 -9999 -9999 0.0722583308372369 0.166104103126083 0.147497572941386 0.0333143294959025 0.00845894591112545 0.0129501661318673 0.0186369924206448 0.00500705478248953 -0.0187044648593555 -0.039995844838793 -0.0619721387516992 -0.12338594472243 0.136864387218819 0.896974128011112 0.757001237368636 0.148123699487167 -0.0518894208100283 -0.0587858997995896 -0.0338651291054352 -0.0321118076639113 -0.0354450703206791 -0.0426853070513499 -0.0500541160287528 -0.0528455348681801 -0.0510921126357592 -0.0482126982970005 -0.0442365007938713
-9999 -9999 -9999 -9999 -9999 -9999 -9999 -9999 -9999 -9999 -9999 -9999 -9999 -9999 -9999 -9999 -9999 -9999 -9999 -9999 -9999 -9999 -9999 -9999 -9999 -9999 -9999 -9999 -9999 0.131319314777605 0.216942103549585 0.0502214208977864 -0.0424115415040132 -0.0102629543324116 0.0169013592467581 -0.00552441753336985 -0.0433993448303639 -0.0539833207870118 -0.0603571744104354 -0.107704526674645 0.0501830868667994 0.778590895961213 0.899201717509701 0.251686101104234 -0.0459090838423568 -0.0728128267316186 -0.03358256957387 -0.0390544785213481 -0.0446911667422013 -0.0520541457915458 -0.0636941521188494 -0.0671753349972463 -0.0538197498839743 -0.0330076660126081 -0.022928291184929
-9999 -9999 -9999 -9999 -9999 -9999 -9999 -9999 -9999 -9999 -9999 -9999 -9999 -9999 -9999 -9999 -9999 -9999 -9999 -9999 -9999 -9999 -9999 -9999 -9999 -9999 -9999 -9999 -9999 0.112810061685907 0.224002181687787 0.0969035552981707 -0.0748965365079697 -0.0131195031383662 0.0250860014129048 -0.00418529989903127 -0.0481916939550753 -0.0517917448102311 -0.0511180752534042 -0.0861459540213239 0.0271240820437098 0.67977833637529 0.962165335618733 0.360025768262995 -0.0135427806633229 -0.0839520589201728 -0.0834807547270592 -0.0644981440800466 -0.0422737840118452 -0.0413843158965241 -0.0633817829427743 -0.0670102832003457 -0.055918594564904 -0.0330289569014273 -0.0173189095039135
-9999 -9999 -9999 -9999 -9999 -9999 -9999 -9999 -9999 -9999 -9999 -9999 -9999 -9999 -9999 -9999 -9999 -9999 -9999 -9999 -9999 -9999 -9999 -9999 -9999 -9999 -9999 -9999 -9999 0.104704960604396 0.227723220810662 0.136397998175254 -0.0842617236595302 0.0174432812358809 0.0540310355280245 0.00756315093762583 -0.0438978281656001 -0.0403058573374462 -0.028896157103899 -0.0600365954401039 0.0260923928648549 0.604278970160574 0.957230169271164 0.370377588493456 -0.0242224687221074 -0.099860650287614 -0.116586011575882 -0.0986433249091716 -0.0471638397250479 -0.0301634624471299 -0.0608125648338752 -0.0668055159239068 -0.0519885504664234 -0.0297423294282344 -0.0137711762133724
-9999 -9999 -9999 -9999 -9999 -9999 -9999 -9999 -9999 -9999 -9999 -9999 -9999 -9999 -9999 -9999 -9999 -9999 -9999 -9999 -9999 -9999 -9999 -9999 -9999 -9999 -9999 -9999 -9999 0.100150108272478 0.230456473889097 0.0809259940181747 -0.0842155407897732 0.0176978795223161 0.0538312684073634 0.0243602614653776 -0.0135493942316198 -0.0164238553046552 -0.0129451239781009 -0.0498750257002704 0.0457489805701493 0.63004889144165 0.892240796397617 0.322216709250238 -0.051978442060029 -0.126358524403972 -0.13430995847613 -0.121435692024812 -0.0945278559358063 -0.073019133737231 -0.0574130779222646 -0.0458528801287029 -0.0368044647758131 -0.027185367548745 -0.00692283180243369
-9999 -9999 -9999 -9999 -9999 -9999 -9999 -9999 -9999 -9999 -9999 -9999 -9999 -9999 -9999 -9999 -9999 -9999 -9999 -9999 -9999 -9999 -9999 -9999 -9999 -9999 -9999 -9999 -9999 0.0953340522559473 0.22736492050667 0.00876363105683192 -0.0730075345335752 0.0239844262966699 0.0554125306667397 0.0323188362414195 0.0130170182369148 -0.000534456285192442 -0.00197149122298568 -0.0429842998682376 0.0677854238570383 0.650327799724162 0.804760318058294 0.201392958735892 -0.108909355022507 -0.152810818455871 -0.158582350559945 -0.135791617718607 -0.10726646594593 -0.0856455638664056 -0.0531033517466515 -0.0016752351410666 -0.0180657749271591 -0.014961497067577 0.0226555175782961
