meets/meet006/_saidas_enm/CCSM_Gower_0k_T_nigriceps4.asc
NCOLS 154 
NROWS 168 
XLLCORNER -112 
YLLCORNER -55.5 
CELLSIZE 0.5 
NODATA_value -9999 
[rows 100 to 124 of 168, columns 56 to 111 of 154]
-9999 -9999 -9999 -9999 -9999 -9999 -9999 -9999 -9999 -9999 -9999 -9999 -9999 -9999 -9999 -9999 -9999 -9999 -9999 -9999 -9999 -9999 -9999 -9999 -9999 -9999 -9999 -9999 0.440706154156407 0.618528787701045 0.642318907670629 0.469544777864628 0.354513230262292 0.304712964665956 0.336566703732043 0.419584147373526 0.521615403452213 0.638860871647011 0.734922418287693 0.750595610246244 0.750917078706764 0.73400324676606 0.617400144543369 0.519418893151062 0.500339489160044 0.500103524386076 0.479150019123417 0.459277949586468 0.453495552140156 0.463215614914392 0.477767078630052 0.48445436169193 0.497673879042305 0.523676402715858 0.55782542560017 0.594532460152665
-9999 -9999 -9999 -9999 -9999 -9999 -9999 -9999 -9999 -9999 -9999 -9999 -9999 -9999 -9999 -9999 -9999 -9999 -9999 -9999 -9999 -9999 -9999 -9999 -9999 -9999 -9999 -9999 0.424463585869208 0.609449013601378 0.595892656487753 0.454660782900305 0.370010901101445 0.332618136607791 0.367201598154099 0.441378743400716 0.551504133720057 0.666467975305347 0.73404480900822 0.750791867955004 0.750368803535742 0.727481905285951 0.606893271966307 0.517486232721949 0.512773754733132 0.514874297460515 0.492711756278771 0.468645979597737 0.464804631111154 0.484832327638599 0.5064594891737 0.505418274597061 0.514222630038624 0.536984778119269 0.567847826603389 0.611558626189838
-9999 -9999 -9999 -9999 -9999 -9999 -9999 -9999 -9999 -9999 -9999 -9999 -9999 -9999 -9999 -9999 -9999 -9999 -9999 -9999 -9999 -9999 -9999 -9999 -9999 -9999 -9999 0.392496568544559 0.423686814242346 0.583144718473052 0.612367449212263 0.465604148941586 0.397617504065458 0.370134181366227 0.398594299724278 0.479352875290277 0.583537005002903 0.69808173446459 0.74068846697756 0.751082650265072 0.749134595080835 0.717052854452063 0.609639192377636 0.531513435186308 0.528564971853324 0.536960530716013 0.519079638534817 0.498782860691415 0.49424051239826 0.505804767718965 0.516507151916951 0.51665827388696 0.513956929181249 0.532150556609791 0.565358671642822 0.599463649495744
-9999 -9999 -9999 -9999 -9999 -9999 -9999 -9999 -9999 -9999 -9999 -9999 -9999 -9999 -9999 -9999 -9999 -9999 -9999 -9999 -9999 -9999 -9999 -9999 -9999 -9999 -9999 0.385376984165096 0.44207317273986 0.554106032262185 0.606727939586923 0.470697060691518 0.415921487796167 0.393226990819206 0.421978838071704 0.503343998052786 0.616930274478902 0.727729127531003 0.744524605241534 0.751296113927474 0.746204123034491 0.706704244052221 0.617518804283683 0.549495706596635 0.554825867210072 0.564443364839046 0.548656244773568 0.530760302480006 0.524494648061076 0.5300261914435 0.535009137327259 0.532040502663117 0.522997057366016 0.537049995272854 0.567373284852729 0.597265974925082
-9999 -9999 -9999 -9999 -9999 -9999 -9999 -9999 -9999 -9999 -9999 -9999 -9999 -9999 -9999 -9999 -9999 -9999 -9999 -9999 -9999 -9999 -9999 -9999 -9999 -9999 -9999 0.381821851792337 0.436664782966754 0.525180802228445 0.596667122802702 0.4632868557052 0.411501470902087 0.398129650346819 0.432293842565916 0.523750093426129 0.64045776223393 0.728445757664123 0.748063763159707 0.751403204544219 0.743456599358036 0.697466142464433 0.638807657279417 0.581960960975649 0.578943367497049 0.589939350532211 0.575153913930161 0.560167380878853 0.554208191491123 0.557854719587853 0.563142544987392 0.558594053967396 0.556350197060279 0.566887901199155 0.586956784739951 0.613320815092592
-9999 -9999 -9999 -9999 -9999 -9999 -9999 -9999 -9999 -9999 -9999 -9999 -9999 -9999 -9999 -9999 -9999 -9999 -9999 -9999 -9999 -9999 -9999 -9999 -9999 -9999 -9999 0.37926731602612 0.425697678767912 0.501878814359095 0.563767055660264 0.433966077572023 0.39019666188952 0.382476073235913 0.425500700420278 0.527326655492293 0.65872609965637 0.721132684094136 0.747697059333904 0.751437663601412 0.739303464348181 0.690367805443121 0.652084781921063 0.604950799110411 0.599903476307263 0.604323323979211 0.589165301213528 0.579309281720426 0.575480526255472 0.577792666301139 0.585319865897936 0.584605447045284 0.586288339725622 0.59691267483875 0.609892100612939 0.630817604974743
-9999 -9999 -9999 -9999 -9999 -9999 -9999 -9999 -9999 -9999 -9999 -9999 -9999 -9999 -9999 -9999 -9999 -9999 -9999 -9999 -9999 -9999 -9999 -9999 -9999 -9999 -9999 0.380316854101142 0.419460192385022 0.484390307021019 0.517815021329524 0.39758120002526 0.353957847245009 0.356923532756181 0.410940636986641 0.520192355786543 0.674055128938685 0.699720877972809 0.74416787289583 0.751433796341089 0.736339938494746 0.68496898922793 0.648691360153329 0.629063328642536 0.614433444131015 0.603885894896222 0.598485376255808 0.590431823122307 0.5887703015006 0.595037338381673 0.598215371173601 0.605614240169549 0.611532459674149 0.621344986058307 0.633176348735575 0.647598968307533
-9999 -9999 -9999 -9999 -9999 -9999 -9999 -9999 -9999 -9999 -9999 -9999 -9999 -9999 -9999 -9999 -9999 -9999 -9999 -9999 -9999 -9999 -9999 -9999 -9999 -9999 -9999 0.382730668750934 0.416228978887056 0.469805744058397 0.478423259007312 0.3654136770957 0.329598550710407 0.338877381800753 0.400239730070968 0.518938991238767 0.638514004972658 0.677541834865478 0.741871707885462 0.751394467402518 0.733573718884493 0.678864262118578 0.644626658428057 0.632585173746477 0.629828943116091 0.625470869025337 0.619353219728529 0.615315271181087 0.614124018426327 0.617926716538309 0.622451304508972 0.630466254412354 0.639045502520623 0.648464637283504 0.655883804303105 0.666716039279092
-9999 -9999 -9999 -9999 -9999 -9999 -9999 -9999 -9999 -9999 -9999 -9999 -9999 -9999 -9999 -9999 -9999 -9999 -9999 -9999 -9999 -9999 -9999 -9999 -9999 -9999 -9999 0.386222751657626 0.414132987857214 0.458646392950872 0.443039229869033 0.352659025223794 0.319225729650719 0.337948162427849 0.407421261941113 0.522187718675915 0.604688984711955 0.665997907965873 0.742274735421043 0.75128354108417 0.724903020492544 0.672883058767325 0.640314890100821 0.630261012630474 0.628409687018179 0.631112658546057 0.63705569014763 0.645015864346644 0.649576905102232 0.650636271499768 0.655855089329345 0.661451009896761 0.669131596390737 0.676158531277723 0.679612989831943 0.687850560628782
-9999 -9999 -9999 -9999 -9999 -9999 -9999 -9999 -9999 -9999 -9999 -9999 -9999 -9999 -9999 -9999 -9999 -9999 -9999 -9999 -9999 -9999 -9999 -9999 -9999 -9999 -9999 0.389373768098682 0.414200351671064 0.451173899743332 0.46708560251196 0.381280580133774 0.359127494939966 0.382327099659883 0.449564166656475 0.569389259940568 0.611998674778617 0.691178556258196 0.748900453306734 0.750981636610403 0.716612472306455 0.662280920346197 0.63502924952886 0.627658408851889 0.626252760637259 0.628936415890139 0.63479632023861 0.642752905318759 0.652148335053138 0.662242070648556 0.672297163559704 0.6805644928346 0.688286579989476 0.695393414747075 0.699206900150466 0.706124004595464
-9999 -9999 -9999 -9999 -9999 -9999 -9999 -9999 -9999 -9999 -9999 -9999 -9999 -9999 -9999 -9999 -9999 -9999 -9999 -9999 -9999 -9999 -9999 -9999 -9999 -9999 0.379485108908418 0.392093687196546 0.413673347796046 0.447242878146269 0.492474457445224 0.440394829821478 0.426486916077867 0.456706430891304 0.520068614800647 0.618225904745686 0.652491991282671 0.729302299482243 0.731691917309769 0.746287783892963 0.694083194508818 0.651273472215582 0.629087851642089 0.623499912757519 0.623040146972219 0.625338303192627 0.631756572819672 0.639557887736574 0.648638544915878 0.658893652663167 0.668470955647346 0.676980596641296 0.684482455331394 0.691215039804556 0.697700259453918 0.702762105103223
-9999 -9999 -9999 -9999 -9999 -9999 -9999 -9999 -9999 -9999 -9999 -9999 -9999 -9999 -9999 -9999 -9999 -9999 -9999 -9999 -9999 -9999 -9999 -9999 -9999 -9999 0.379610348184664 0.394062368813063 0.417507595171224 0.449907939950546 0.500090076663235 0.50696815735428 0.499521912934471 0.536451186377316 0.607932329052074 0.695392063582275 0.719806128105701 0.738987714590948 0.697051244255511 0.705609114834519 0.678491027170081 0.638088812947323 0.623217164775932 0.619639925187522 0.619364749954541 0.622122383657638 0.62823049733479 0.636164239251429 0.645144357984789 0.654792625722761 0.664255847296203 0.673178454833149 0.680684081967681 0.68723005400685 0.693048296302662 0.698176432897041
-9999 -9999 -9999 -9999 -9999 -9999 -9999 -9999 -9999 -9999 -9999 -9999 -9999 -9999 -9999 -9999 -9999 -9999 -9999 -9999 -9999 -9999 -9999 -9999 -9999 -9999 0.379207565924713 0.398331794888366 0.424128948706439 0.459958276043327 0.505624621621824 0.575475945936615 0.566195433415067 0.615039509159985 0.695144930294081 0.730445027488848 0.748964494281774 0.702640052682514 0.671316140356018 0.669027433894821 0.650234804220924 0.627476259261684 0.617566202940399 0.615138602664397 0.61546793642339 0.618091009794947 0.624758853383035 0.632814854827299 0.641504952907114 0.650833142515512 0.659867483860052 0.66882356587053 0.676943371330623 0.683257775728074 0.688676101629665 0.682931125341051
-9999 -9999 -9999 -9999 -9999 -9999 -9999 -9999 -9999 -9999 -9999 -9999 -9999 -9999 -9999 -9999 -9999 -9999 -9999 -9999 -9999 -9999 -9999 -9999 -9999 -9999 0.381290067587839 0.40617855174038 0.441088984594956 0.488094293765457 0.552283840294137 0.640279409146141 0.662336235599202 0.713833819871656 0.75132611116237 0.740242639466657 0.679993194296485 0.661922655766558 0.64511284614223 0.636875036217166 0.633912326769971 0.616780693643988 0.611567142165686 0.610626535499425 0.611649210588803 0.614962573799126 0.621367165355651 0.629372367879696 0.637762012326636 0.646368097869441 0.654925664273494 0.66334405443974 0.671501112521971 0.677657860175056 0.676158362784615 0.653943727996047
-9999 -9999 -9999 -9999 -9999 -9999 -9999 -9999 -9999 -9999 -9999 -9999 -9999 -9999 -9999 -9999 -9999 -9999 -9999 -9999 -9999 -9999 -9999 -9999 -9999 0.379782391840914 0.384623839908068 0.416263713269883 0.46021099880652 0.521307005326236 0.590978890344828 0.66977019788665 0.732310736941833 0.748742237779489 0.715684869768554 0.566465278262435 0.587861545032346 0.617578619224737 0.617486730666031 0.604959287976882 0.590114201368908 0.609164626663124 0.605898075006769 0.606181094086897 0.608298667954292 0.611181393593526 0.618401665469367 0.626250607977756 0.633930220752083 0.64207349116848 0.64948465300199 0.657232607769343 0.664800514181948 0.671107358196219 0.6462257104158 0.625865356078955
-9999 -9999 -9999 -9999 -9999 -9999 -9999 -9999 -9999 -9999 -9999 -9999 -9999 -9999 -9999 -9999 -9999 -9999 -9999 -9999 -9999 -9999 -9999 -9999 -9999 0.386448345716268 0.389678118420251 0.425813145818796 0.47949980232899 0.550946740628921 0.622871143981117 0.680752060901027 0.718843680117427 0.736854755670511 0.619128707104394 0.527704455707694 0.530095373033534 0.568065588293116 0.58108924251318 0.583823673766435 0.583483581278236 0.603311148922609 0.602760820042381 0.603738284766141 0.606609871306418 0.610641434252612 0.616664104067732 0.623601010873429 0.630544836941813 0.637632910417022 0.644401542743421 0.651130230601812 0.657520271787608 0.650165195156764 0.623706734366197 0.598727672773493
-9999 -9999 -9999 -9999 -9999 -9999 -9999 -9999 -9999 -9999 -9999 -9999 -9999 -9999 -9999 -9999 -9999 -9999 -9999 -9999 -9999 -9999 -9999 -9999 -9999 0.394934547291208 0.396288941840332 0.433041127182014 0.494497085816379 0.575346021935257 0.648408145806985 0.682918081300615 0.701150898658538 0.659239607990381 0.55985185937128 0.479567470290244 0.501589879679296 0.542494048560882 0.561289745367725 0.570531846191545 0.578087953693238 0.598137348260331 0.601139458491009 0.602522758374249 0.605794997750552 0.606453355266423 0.615506253009852 0.621431072434625 0.627221957137805 0.633315348161575 0.639355268660923 0.644752016220869 0.650112162563491 0.626115876262607 0.595883420753668 0.573640318326864
-9999 -9999 -9999 -9999 -9999 -9999 -9999 -9999 -9999 -9999 -9999 -9999 -9999 -9999 -9999 -9999 -9999 -9999 -9999 -9999 -9999 -9999 -9999 -9999 -9999 0.402518704710495 0.402882866728753 0.442695657350022 0.509754547774115 0.594163100759118 0.657993389868197 0.68042981788093 0.680411084259462 0.612426758684824 0.530093121891654 0.482408718316718 0.500757980429999 0.548999234646346 0.569514941799246 0.567260223237817 0.568835602983836 0.59493003081134 0.601803656257923 0.602739458149465 0.606314788542872 0.610705712832014 0.615109653211245 0.619602503508496 0.624304277044749 0.62930994075413 0.634195824338349 0.638936307305295 0.631799734559347 0.608337305416526 0.577934562175504 0.547334229049214
-9999 -9999 -9999 -9999 -9999 -9999 -9999 -9999 -9999 -9999 -9999 -9999 -9999 -9999 -9999 -9999 -9999 -9999 -9999 -9999 -9999 -9999 -9999 -9999 -9999 0.414243564778334 0.414251743560535 0.448115056624415 0.51778687246382 0.605550930786056 0.669642246499348 0.675662696559085 0.644751586237404 0.576016095358118 0.510468280929452 0.471321126594977 0.499160897590757 0.555480739015674 0.576362325113856 0.564785457702922 0.561297910535223 0.59375849790945 0.602349476085302 0.602797708583346 0.606546746475091 0.611114050458165 0.614389694574068 0.617741337167048 0.621183458931342 0.625132589668942 0.629171901463548 0.632753023527131 0.619214290030423 0.591829832578711 0.554026075772389 0.526051919023293
-9999 -9999 -9999 -9999 -9999 -9999 -9999 -9999 -9999 -9999 -9999 -9999 -9999 -9999 -9999 -9999 -9999 -9999 -9999 -9999 -9999 -9999 -9999 -9999 -9999 0.425752402158713 0.424902719348705 0.452161866639049 0.522290944426134 0.605140364237979 0.660375026885385 0.668350564105596 0.605936690120943 0.545731190584346 0.495043866066099 0.468559849103107 0.499008638539964 0.544758083344394 0.566430317433553 0.565846699474811 0.568375950860377 0.596074015634262 0.602488726246854 0.602596841500491 0.606263863817878 0.610686901469647 0.61346774507868 0.61562046783279 0.61823389256941 0.621320056708865 0.624415254330161 0.627378390135027 0.61071697285111 0.584248714427386 0.546796634060376 0.511246829524931
-9999 -9999 -9999 -9999 -9999 -9999 -9999 -9999 -9999 -9999 -9999 -9999 -9999 -9999 -9999 -9999 -9999 -9999 -9999 -9999 -9999 -9999 -9999 -9999 -9999 0.443521569737365 0.4414563174312 0.452611019433976 0.52051127998309 0.601141049921427 0.655347294141969 0.6591822713999 0.589350620388113 0.538597219641942 0.504434606743221 0.482170813549853 0.511798296482018 0.549799720233954 0.568920068261123 0.571182735509097 0.574683021248223 0.600203823955813 0.601342610704721 0.601121728323919 0.604986925152495 0.609525164925881 0.611590694916519 0.61315082373502 0.615058114704102 0.617513270580852 0.62002717325584 0.622045695162869 0.609769733623196 0.580470755548097 0.537530841751395 0.506213703068702
-9999 -9999 -9999 -9999 -9999 -9999 -9999 -9999 -9999 -9999 -9999 -9999 -9999 -9999 -9999 -9999 -9999 -9999 -9999 -9999 -9999 -9999 -9999 -9999 -9999 0.457229144433749 0.454341782579379 0.451362467003441 0.516353298518963 0.59176939191346 0.643004685191284 0.649427751663045 0.596622111473866 0.560870464016689 0.538179837472461 0.536915616657569 0.546543341179878 0.570353782481066 0.581947182145867 0.581443967553618 0.588149598099677 0.603529603351876 0.599693237832864 0.599138410759856 0.602845227063383 0.606961628046345 0.609109927230337 0.610389388980396 0.612067397196685 0.614288699144963 0.616269975177076 0.617860233164199 0.612733503075418 0.583055330443945 0.543619842808171 0.50608540778457
-9999 -9999 -9999 -9999 -9999 -9999 -9999 -9999 -9999 -9999 -9999 -9999 -9999 -9999 -9999 -9999 -9999 -9999 -9999 -9999 -9999 -9999 -9999 -9999 -9999 0.478813180976312 0.474900445143778 0.464843531746123 0.508717101120718 0.57947475243143 0.629346574406017 0.636863949690535 0.607048504703996 0.57708893023765 0.563437796807333 0.563828602136719 0.565562171731549 0.580130060004258 0.58730050714222 0.582871639159557 0.59008572885776 0.601572715220763 0.597568194091837 0.596863664765297 0.600010910188028 0.603910710131018 0.60597234753909 0.607389788526768 0.609038999142721 0.611111930325111 0.612866244057397 0.613824756210994 0.614343186564444 0.590505802328385 0.550509892754023 0.515488613804449
-9999 -9999 -9999 -9999 -9999 -9999 -9999 -9999 -9999 -9999 -9999 -9999 -9999 -9999 -9999 -9999 -9999 -9999 -9999 -9999 -9999 -9999 -9999 -9999 -9999 0.502061457759928 0.490186958650081 0.477889948043716 0.499389422298528 0.56416877310911 0.611923729271388 0.622719170064292 0.612250839240944 0.588394202854542 0.571628036180512 0.563493728204696 0.568627201385488 0.578002928425882 0.580168776030078 0.577123427810293 0.579438514913531 0.596899441127908 0.59493003680827 0.594301027147979 0.597063895109321 0.600392039278701 0.602584681339863 0.604235749592365 0.606047652987762 0.60824516350559 0.609930842748746 0.610368862237649 0.610031761082104 0.601078619028251 0.563126655212417 0.531109410308033
-9999 -9999 -9999 -9999 -9999 -9999 -9999 -9999 -9999 -9999 -9999 -9999 -9999 -9999 -9999 -9999 -9999 -9999 -9999 -9999 -9999 -9999 -9999 -9999 0.471460584015327 0.520642697533906 0.512666097827845 0.495900783371505 0.489010199537573 0.547228977965804 0.592555982647081 0.606708212738612 0.605736686699199 0.59741176144214 0.580181525133011 0.570122751537055 0.573111837592183 0.580319140449967 0.579915856326298 0.570979597713395 0.569274328485099 0.586263776605076 0.591123292050674 0.591113547019171 0.593656615569159 0.596779505832388 0.598915125696 0.600758807754181 0.602676433424332 0.604806828276887 0.606395960176857 0.606393660476303 0.605516891642626 0.602769022029918 0.58282739612237 0.547499194135611
