meets/meet006/_saidas_enm/CCSM_Gower_0k_T_nigriceps4.asc
NCOLS 154 
NROWS 168 
XLLCORNER -112 
YLLCORNER -55.5 
CELLSIZE 0.5 
NODATA_value -9999 
[rows 50 to 74 of 168, columns 56 to 111 of 154]
-9999 -9999 -9999 -9999 -9999 -9999 -9999 -9999 -9999 -9999 -9999 -9999 -9999 0 0 0 0.175673948189327 0.459768123766376 0.537454013630379 0.581377879233965 0.600875844714178 0.60121116340164 0.601125627453182 0.566344098424795 0.474932664763521 0.387003711230073 0.230691295985543 0.0640348347908133 0 0 0 0 0 0.146701022151717 0.439849519362308 0.626348764889592 0.67240952900466 0.678603989412061 0.680044758655426 0.675745097408209 0.632581374479267 0.648571263494312 0.626721503376383 0.588866836136169 0.535397304808692 0.441520934379759 0.477728446050833 0.464345803081249 0.469595705990433 0.503311906272481 0.487005315100707 0.525096129982359 0.541965529194975 0.546611415270543 0.5453065496255 0.546825356798409
-9999 -9999 -9999 -9999 -9999 -9999 -9999 -9999 -9999 -9999 -9999 -9999 -9999 0 0 0 0.128600774984223 0.37317659614657 0.484651560802137 0.509566342690865 0.501505653429086 0.475407395691589 0.436447714268021 0.368264408237029 0.253115392913515 0.119312547627939 0 0 0 0 0 0 0 0 0.296912487706112 0.554640245936547 0.639598995741372 0.644153068535271 0.643803034034347 0.637894764937141 0.61761667012007 0.61112442882791 0.589843128643842 0.561614253672658 0.529653283103771 0.493204801242722 0.487294807454273 0.486669896717308 0.493726985480774 0.511718744352959 0.522963821701208 0.540236961080969 0.548936657631049 0.551687797268572 0.546912522032527 0.542506601637457
-9999 -9999 -9999 -9999 -9999 -9999 -9999 -9999 -9999 -9999 -9999 0 0 0 0 0 0.0338884874626152 0.256174137087377 0.369465308339254 0.386340615601645 0.371073559360158 0.303023550120699 0.222086512518046 0.120670943993867 0 0 0 0 0 0 0 0 0 0 0.176616265384546 0.467316466088092 0.63249162090797 0.637554971280182 0.636519183631062 0.631752785634633 0.616893952643322 0.602108865308845 0.58254861296345 0.564807819575493 0.555979591628909 0.549108166203217 0.539673522499276 0.541985386982124 0.546068461564015 0.554407202959051 0.5654893999722 0.564505288784541 0.562226299942017 0.538600246920692 0.542865609526181 0.534225695366887
-9999 -9999 -9999 -9999 -9999 -9999 -9999 -9999 -9999 -9999 0 0 0.101046832682132 0.116489841748105 0 0 0 0.0777499563354023 0.196728518117185 0.221487523750505 0.19816414042958 0.103120458356122 0 0 0 0 0 0 0 0 0 0 0 0 0.103225338764844 0.4057583805568 0.586586737403812 0.635557380814022 0.634455037772027 0.626714158266041 0.614361855168245 0.597457167713024 0.582406208738625 0.572602730775034 0.569696996544776 0.573250325976066 0.572579274735074 0.577489510015788 0.57771038971717 0.581676569522266 0.583759674368856 0.577843644094653 0.530763694471695 0.486184263052034 0.541983192174071 0.530115237941664
-9999 -9999 -9999 -9999 -9999 -9999 -9999 -9999 -9999 -9999 0 0.210683005671178 0.350549056928257 0.219666230701002 0.0171545543286665 0 0 0 0 0 0 0 0 0 0 0 0 0 0 0 0 0 0 0 0.0286980547189057 0.341258770284428 0.51260052370939 0.629740233103407 0.628932487963209 0.621113252999631 0.609613025861947 0.592498769363591 0.578866952931312 0.572191885203999 0.575724052074791 0.585394508229542 0.553127267173985 0.569782469481751 0.598365802576545 0.573155412692713 0.53475133937294 0.487083429801 0.445420400404679 0.425999959873066 0.544434688254979 0.532135715526764
-9999 -9999 -9999 -9999 -9999 -9999 -9999 -9999 0 0 0.247328266378386 0.353296399478065 0.426316319091866 0.32579705716307 0.0519240163035012 0 0 0 0 0 0 0 0 0 0 0 0 0 0 0 0 0 0 0 0 0.232338170849861 0.427471757358463 0.549233263982882 0.601715493032149 0.596423373637293 0.593458667628152 0.582223772872269 0.571284605578343 0.568545461356335 0.535140485970117 0.572304283023815 0.588675017853829 0.54200083181908 0.491699991455751 0.447239101095804 0.406696131771768 0.372921819242936 0.338356543482007 0.345525360390691 0.525997649676891 0.545898938770562
-9999 -9999 -9999 -9999 -9999 -9999 -9999 -9999 0 0.203720621864564 0.464376697493263 0.519960074586128 0.534256149970948 0.33840863943995 0.0820621017176643 0 0 0 0 0 0 0 0 0 0 0 0 0 0 0 0 0 0 0 0 0.0960908317491668 0.280900783557393 0.425397785422393 0.498869672075963 0.525214057517561 0.51111320694434 0.4938105567811 0.490458293957062 0.53340887163864 0.493308453329385 0.460159056607295 0.398303434476756 0.341670030005283 0.288171497405843 0.234087745895587 0.20955307417808 0.19072933578849 0.18736754001787 0.266432106603525 0.474891457560223 0.555495563213199
-9999 -9999 -9999 -9999 -9999 -9999 -9999 0 0.102498405078566 0.357991988433971 0.575730093203587 0.619529062490639 0.587003391974275 0.400164343003803 0.164185986221212 0 0 0 0 0 0 0 0 0 0 0 0 0 0 0 0 0 0 0 0 0 0.105236082093123 0.246798012145664 0.32629311625159 0.357432084520733 0.376640176843692 0.349496472321395 0.317830621303586 0.280243158149965 0.229436288293858 0.183093146992795 0.112025309951419 0.0538247155267852 0.00216916350118979 0 0 0 0.013932522603806 0.173402036578497 0.416297984172196 0.561111877421246
-9999 -9999 -9999 -9999 -9999 -9999 -9999 0.105935820312368 0.331049454262042 0.559552753112684 0.68430158458523 0.687507236529925 0.624397426434586 0.460990345766101 0.263185059638947 0.101205071285664 0.047755306928792 2.68032923808059e-05 0 0 0 0 0 0 0 0 0 0 0 0 0 0 0 0 0 0 0 0.0104084720214421 0.0653771663238957 0.0705315679425079 0.0716983338023456 0.0206335086302557 0 0 0 0 0 0 0 0 0 0 0 0.0889727338127533 0.326822337745057 0.517949069293668
-9999 -9999 -9999 -9999 -9999 -9999 0.178146096466702 0.364948595350882 0.564064869022007 0.666176245150903 0.739905385202582 0.705645126061105 0.566479117571251 0.458931065189321 0.338806817796917 0.194038576605942 0.177789916172746 0.156012543515628 0.143125908350665 0.103079263534752 0.0420081129781654 0.0216790997509128 0.017147669400304 0.0287051691448803 0.0206033296942666 0.0230170708293655 0.0125874370993786 0.0198589541894705 0.0300026338948002 0.01314523104555 0.0171870282407764 0 0 0 0 0 0 0 0 0 0 0 0 0 0 0 0 0 0 0 0.00240348056312811 0.0185396871664026 0.0548129322444212 0.0868320948360349 0.262597431003205 0.452236691128188
-9999 -9999 -9999 -9999 -9999 -9999 0.257606395144395 0.516332965210208 0.690137784159944 0.750947312981514 0.739871828552725 0.707813489278953 0.521709466212803 0.461938879122258 0.434643656575572 0.334136082395773 0.292117708845636 0.272836696463968 0.273454618784505 0.256819713870171 0.223790532287773 0.207475202798267 0.196364190658001 0.206602538128315 0.212737238796947 0.204105604108836 0.202909003559427 0.194528439258937 0.19384063491552 0.189539505418638 0.172606597855012 0.158890443571168 0.13168315741213 0.112062029569353 0.0896385063854105 0.0599082382279216 0.0456038815643057 0.0232036523879903 0.0181148870864342 0.0260330136985742 0.0189921417086273 0.0392951069569083 0.0514273834709503 0.0723462055612601 0.10635212898069 0.123988561474161 0.150730082229473 0.158836970627553 0.16549251612681 0.180272736089083 0.1856247351517 0.202881808092395 0.212121840950142 0.222186343979302 0.22298981511921 0.363010115839082
-9999 -9999 -9999 -9999 -9999 -9999 0.244862123397974 0.469972317333557 0.671197383604427 0.750926744868349 0.740278910550438 0.71295106004876 0.539017712116151 0.493664445789387 0.491056009782144 0.402605862492435 0.39455211877288 0.378322229055919 0.380586951517274 0.363435921014929 0.338252810561345 0.32902838354122 0.330505200674983 0.341087794563425 0.333742034995824 0.336407535011379 0.320738815043921 0.320726766419286 0.318492262919225 0.296154112846979 0.291789756757968 0.26558767013986 0.252066129831064 0.231775557453836 0.20284600646491 0.194479441518757 0.174517739219645 0.173580700469504 0.170183447317817 0.169624850130003 0.186478122022236 0.189532161495051 0.220932483775679 0.241647511986458 0.258850882485925 0.29160673241233 0.294611429898547 0.315493417622117 0.323029660207748 0.317352577777614 0.332469355988009 0.325140120248478 0.335423219753149 0.344999581361405 0.325588443833685 0.325514201356175
-9999 -9999 -9999 -9999 -9999 -9999 -9999 0.419197866856162 0.619487230237313 0.740023793858064 0.741218969858397 0.716341216886859 0.568179600815222 0.537078477294233 0.532527482589254 0.494793103184975 0.48040374414765 0.464888940266749 0.465552823731396 0.465543117594935 0.455486732359916 0.453956211921069 0.452428962255122 0.458405721054587 0.462826572285692 0.457247062334673 0.454278005654842 0.443891238594575 0.438315778470144 0.428476991669577 0.411878936095478 0.398851600033461 0.377351696324294 0.364250238004659 0.353778894163495 0.336458139234844 0.333188257257864 0.326019784595598 0.328816098250041 0.344251189648398 0.351806214756289 0.375492914681484 0.39113727867495 0.408877588065 0.433155656184424 0.444825673252301 0.461209312115743 0.464908057173076 0.46765729854927 0.472014685915934 0.470542201881376 0.471960408146941 0.46623350407444 0.464184474742237 0.45864574546586 0.443169907371177
-9999 -9999 -9999 -9999 -9999 -9999 -9999 -9999 0.595676022171161 0.728971683656709 0.738519458983353 0.717550260999493 0.590268474017617 0.57543230174426 0.561819938557515 0.537555402675106 0.534057162367474 0.52274041036918 0.524052924561789 0.525991521701913 0.522725899324433 0.525871119249553 0.533214982510348 0.539227016201404 0.539289423498577 0.542257226292144 0.534220999906476 0.53034581560202 0.525172137911704 0.50919484033582 0.501648018543766 0.482767270226189 0.469957368898007 0.45757449186175 0.444194514721776 0.438793260993954 0.432682501144758 0.437113241073788 0.439695742716427 0.447559385242084 0.46701399723386 0.475807644350258 0.498390187926963 0.51539767465578 0.529381713554739 0.531383000879139 0.531382582820462 0.531623489132983 0.531881849395262 0.532066526815749 0.53186627670955 0.532510609645208 0.533284331741344 0.535845150166242 0.539479647787898 0.543932077210765
-9999 -9999 -9999 -9999 -9999 -9999 0.378306764293695 0.526993507899122 0.684595677469458 0.738577786397911 0.733811747165972 0.7113521026869 0.601246072611967 0.587697335062747 0.585678101882247 0.584950327285062 0.57524345100391 0.571357621840013 0.565872411042482 0.561479146882488 0.561787828368363 0.560109939643217 0.559450564297672 0.55842673421568 0.557515284627364 0.556832974487191 0.556346548342952 0.556011179096056 0.555301451451396 0.554325888687189 0.553616682287862 0.553616265291596 0.553809021815535 0.553393902032774 0.54826112203243 0.540063509297751 0.5415295660314 0.540964125524264 0.544411172454407 0.54117853373585 0.537817551003507 0.535683465972979 0.533857699216611 0.532063704919681 0.530728530020568 0.5298245826466 0.530523263210246 0.531429300877597 0.53201249273177 0.532064436522365 0.53243650874474 0.53407644841926 0.537012474506609 0.542121465081431 0.548427148618668 0.555960409800675
-9999 -9999 -9999 -9999 -9999 0.399194988279742 0.527550504638441 0.666878797979234 0.735358211216196 0.743035613000792 0.716891284238313 0.69033651890903 0.605361221337412 0.598760735005422 0.612578689828732 0.602819182693305 0.589304056721025 0.574149161427337 0.56164271366781 0.557889747274194 0.557297612576534 0.556703080150345 0.557795193370888 0.557254244964875 0.555461578017524 0.554503841843686 0.553521919886423 0.553144434016665 0.552937082623418 0.552906537646937 0.553387438590652 0.553010682464359 0.553505135786718 0.553468961360646 0.553253165793014 0.553192597085383 0.551241310601722 0.549580049934685 0.546437607375653 0.54222702489733 0.538090543319474 0.536108422617973 0.534317563761119 0.53220479972311 0.530238460736658 0.528292711140041 0.530197072927653 0.532009357291693 0.533095891792764 0.533020327686928 0.533158914138296 0.536649286031117 0.540826737359301 0.547454221563024 0.556237712317537 0.56710004804946
-9999 -9999 -9999 -9999 -9999 0.444250314064044 0.592956983420678 0.682086626555354 0.721375511416708 0.729910703583632 0.700880099093087 0.666646610042199 0.630754897197742 0.638816458601873 0.641905416617214 0.600963480815326 0.579754112487136 0.56572072865074 0.554135946888045 0.553404743935689 0.553079174101043 0.553274119855378 0.553849366204266 0.553556009331165 0.552916441308253 0.551406443779068 0.551078058688422 0.550772666825 0.550674109491938 0.551059037018626 0.551377493215698 0.551722287109411 0.552206503571844 0.552452844647164 0.552674938319228 0.552563003108508 0.551418567480696 0.549714560313953 0.546950460857449 0.543491025306713 0.540090849573418 0.537359567723044 0.535002866447106 0.532845579160015 0.531165192308512 0.530193832972907 0.531252253027961 0.532849132658768 0.534245762183374 0.535069755835399 0.536948302499716 0.540603912084552 0.546124585941379 0.553506699522716 0.561247922453015 0.57039650778092
-9999 -9999 -9999 -9999 -9999 -9999 0.602472150275786 0.666396675251932 0.702463694108136 0.70451145901596 0.677006700890406 0.658780795787017 0.63369038100854 0.650817375535621 0.647358360947659 0.600643748928404 0.583309526899755 0.562414990752363 0.548163144564252 0.550790538833434 0.549978773397708 0.553557364569029 0.552234095444515 0.551950965205634 0.552469044420891 0.549771729838009 0.550448148777114 0.549382308180546 0.548997903227204 0.549654986952506 0.549487972511114 0.550208392125954 0.550504691213155 0.550819280367466 0.551435707886446 0.551593734066287 0.550493612658219 0.549132727150481 0.546893082304054 0.544345223698138 0.541796110916191 0.53918564802342 0.536534319894989 0.534566622217838 0.533498064239871 0.53243786743544 0.533558891777349 0.534721303928264 0.536055015622008 0.537130576082812 0.539916205561174 0.54456365935678 0.551040537922176 0.558266294902353 0.564999637857833 0.572579274735074
-9999 -9999 -9999 -9999 -9999 -9999 0.519775044387063 0.635300652414838 0.674893014011221 0.701924835125209 0.673464796557197 0.666900351269437 0.640178599667913 0.619452331177853 0.621638607563063 0.614885792750351 0.61883161344199 0.561758742878813 0.533613239405337 0.544514641976922 0.55956138105535 0.558547871630941 0.554800534686915 0.553680378467487 0.554667825625274 0.555228060108588 0.552374772189267 0.549276121276632 0.54787363893055 0.548248010475648 0.549103044984426 0.548476688571871 0.548211221312087 0.548300058780912 0.548819496686869 0.549403838202402 0.548639940485172 0.547602527878628 0.546264531083446 0.544768612623094 0.543158355114629 0.541354222894786 0.539704249812023 0.538398548049626 0.537562535210643 0.53725473950983 0.53771314084897 0.538470663171378 0.539338971043146 0.539458953883395 0.541666303697037 0.547716239838725 0.555294988009274 0.562790808637057 0.568655027125216 0.574834390541371
-9999 -9999 -9999 -9999 -9999 -9999 0.37824253868382 0.616288090561925 0.667220558280425 0.705916864377494 0.676692271099584 0.671135065004631 0.665590058170897 0.638802607721402 0.617106058075477 0.607463354371367 0.629848594549858 0.559619447785385 0.517897055052746 0.53951497374609 0.567258298132391 0.564571799688961 0.555711775777098 0.553605736135881 0.556079566483673 0.559066093740459 0.554260628771567 0.548653527392169 0.546288569457364 0.546687083891048 0.547637958351489 0.545866539223108 0.54448454175219 0.54435024040226 0.545193151209411 0.546552364482441 0.546405521372206 0.545933637640739 0.545379709893944 0.544990288236481 0.544394450107334 0.543514018533939 0.542974304782156 0.542311577264718 0.541919542740524 0.542019249734947 0.542219395326478 0.542655639555746 0.543061574530944 0.542058860794576 0.543500118082934 0.551120282614781 0.559889557116659 0.567315009624561 0.572669345928521 0.578123552838177
-9999 -9999 -9999 -9999 -9999 -9999 -9999 -9999 0.549245234753742 0.720421379679466 0.701754089496025 0.690499889974301 0.674688865765903 0.665068515638024 0.647888551017003 0.630502674393609 0.624164980597067 0.555319278041766 0.496331466469149 0.529025045427171 0.569341611477114 0.566068920532814 0.550402998440017 0.5469278856889 0.55289454900429 0.557645491711409 0.553334375815809 0.546684052965641 0.543496251040174 0.543698591439757 0.544002938156487 0.541193792877554 0.538287030897583 0.537786405632083 0.539733722948739 0.542243747244403 0.542978067310248 0.543726705885774 0.544350658460937 0.544516627755637 0.545169112835493 0.545134936538662 0.545513070611852 0.545786376471827 0.545764741935301 0.546214782100904 0.54645244845868 0.546902384109614 0.547066054081591 0.545902387754646 0.548102735085451 0.554567746521444 0.563614689009522 0.572254851640159 0.578674404905506 0.584476907946303
-9999 -9999 -9999 -9999 -9999 -9999 -9999 -9999 0.356886245413947 0.718426917862564 0.733132116163743 0.722518261124467 0.684771862865462 0.688564206114495 0.675458941955416 0.651132914533034 0.639937966460921 0.554636238158128 0.485448158746678 0.527317484761675 0.573052252749736 0.565537875788118 0.544499487349887 0.540126280046279 0.548983793746862 0.555969896465726 0.551759703360986 0.544023423031651 0.54055290892598 0.540943584759474 0.540404498095707 0.536439107031342 0.531808898156155 0.530984695474793 0.533861984318048 0.537136637933626 0.538749299279483 0.540313256789489 0.541791825814754 0.543032937511581 0.544667337908633 0.545598668125932 0.546944085462627 0.547812184305057 0.548364753361151 0.549482746777653 0.549782912907614 0.550433830267433 0.550492253967519 0.549008668238133 0.55057252123347 0.555840523374213 0.564594004740123 0.57533655829465 0.585194558520016 0.595033376917147
-9999 -9999 -9999 -9999 -9999 -9999 -9999 -9999 -9999 0.632915510596843 0.749976439944156 0.74708423625911 0.69065112177259 0.704408341271647 0.703981246323381 0.676862789344844 0.672248169782451 0.578757908407764 0.494710752712915 0.529282987630772 0.572664133475196 0.564858484621807 0.541370631697851 0.535995964833907 0.545838215747753 0.553728854283404 0.550105549691455 0.542219186297139 0.538317967239668 0.53834137852557 0.537482895032708 0.531987827269837 0.526089019339821 0.524589233836708 0.527442484306046 0.531163206529798 0.533196957477887 0.534834597829684 0.537416319188423 0.539904290888884 0.542672466417488 0.544671100436724 0.54641555478045 0.548559150645875 0.550170139757025 0.551483366575604 0.552818864182019 0.553338441529402 0.553367839766152 0.551948770397581 0.551854289136618 0.55512495778183 0.560819041793478 0.573337895191917 0.592547245179509 0.611489821805955
-9999 -9999 -9999 -9999 -9999 -9999 -9999 -9999 -9999 -9999 0.720778386478601 0.750986241118971 0.72036248515842 0.735649820121373 0.729420975697376 0.713574196333449 0.713863439779127 0.615210680947907 0.524024123020308 0.544439600444432 0.575011926701603 0.563941718331099 0.541902820393451 0.536685030047985 0.545544425012614 0.552284367000403 0.548559464189883 0.5410283461562 0.536887474962238 0.536236244058412 0.534307843896883 0.528183179766712 0.521562489016487 0.519368935139181 0.521928812932056 0.525033107636828 0.527119952036874 0.529086918111341 0.532043115529847 0.535641660105297 0.539362277814379 0.542579657391232 0.545427368583102 0.548602628748265 0.551346452358944 0.553738028201256 0.555860434945912 0.556731018900165 0.556939412784077 0.554990789233258 0.554855995190287 0.557380803331593 0.562637041263985 0.575322276172541 0.595058292444038 0.614223539498848
-9999 -9999 -9999 -9999 -9999 -9999 -9999 -9999 -9999 -9999 -9999 0.604637170255964 0.748881680336433 0.747169668132055 0.743599595571849 0.741211305659396 0.735222803211805 0.670873535211128 0.56898153520146 0.570064057507885 0.574126018134576 0.561255011389536 0.548448051552509 0.541765906176791 0.546794002397647 0.550216335240814 0.546639738745898 0.540788798534379 0.536336055567505 0.533887381382665 0.530598200228067 0.524759488232845 0.518838732222296 0.516600036639981 0.517823861318359 0.519462162224113 0.522642648122737 0.524114005635826 0.528019823338742 0.532809208055131 0.536300834123982 0.541824434391546 0.545208828409792 0.54972553435422 0.554381140692428 0.557269569577649 0.560142673850095 0.561081332444765 0.561434215534831 0.560262143280292 0.560324588471119 0.56436663752611 0.571171078344936 0.580779402056059 0.591672178515397 0.601995650822637
