meets/meet006/_saidas_enm/CCSM_Gower_0k_T_nigriceps5.asc
NCOLS 154 
NROWS 168 
XLLCORNER -112 
YLLCORNER -55.5 
CELLSIZE 0.5 
NODATA_value -9999 
[rows 100 to 124 of 168, columns 56 to 111 of 154]
-9999 -9999 -9999 -9999 -9999 -9999 -9999 -9999 -9999 -9999 -9999 -9999 -9999 -9999 -9999 -9999 -9999 -9999 -9999 -9999 -9999 -9999 -9999 -9999 -9999 -9999 -9999 -9999 0.438682519304378 0.610982059846649 0.64235254101701 0.470217834214671 0.355186286612335 0.305386021015999 0.337239760082086 0.420257203723569 0.522288476719784 0.63893486805669 0.726238603166514 0.742917267578796 0.74412225249273 0.728108438216399 0.616982328485056 0.518750054500941 0.499666493586093 0.499430528068238 0.478476962773374 0.458604893236425 0.452822495790113 0.462542558564349 0.477094022280009 0.483781316039553 0.497000875064925 0.523018437891569 0.557254727480222 0.594055869111707
-9999 -9999 -9999 -9999 -9999 -9999 -9999 -9999 -9999 -9999 -9999 -9999 -9999 -9999 -9999 -9999 -9999 -9999 -9999 -9999 -9999 -9999 -9999 -9999 -9999 -9999 -9999 -9999 0.422439951017178 0.601699216373217 0.596247686577134 0.455333839250348 0.370683957451487 0.333291192957834 0.367874654504142 0.442051799750759 0.552084213612784 0.666242609151773 0.725340308661959 0.743171190780799 0.743733086613449 0.721663621573319 0.606448370761041 0.516813329440283 0.512100821664021 0.514201377668878 0.492038736658123 0.467972923247694 0.464131574761111 0.484159283177773 0.505786516192289 0.504745295034162 0.513549706127814 0.536360803343397 0.56730282325542 0.611125685712639
-9999 -9999 -9999 -9999 -9999 -9999 -9999 -9999 -9999 -9999 -9999 -9999 -9999 -9999 -9999 -9999 -9999 -9999 -9999 -9999 -9999 -9999 -9999 -9999 -9999 -9999 -9999 0.380258502494411 0.421663179390316 0.574822417921983 0.612638952105161 0.466277205291629 0.398290560415501 0.37080723771627 0.399267356074321 0.48002593164032 0.58395467824334 0.697714062784395 0.732140600606824 0.743602200332787 0.742805673457771 0.711286315136825 0.609201330982373 0.530875486412442 0.527919492602715 0.53633649401144 0.51840993341674 0.498109860210138 0.493567497597069 0.505131790599078 0.515834242446542 0.515985365371789 0.513284003590952 0.531514235065949 0.564807286763212 0.598999700713434
-9999 -9999 -9999 -9999 -9999 -9999 -9999 -9999 -9999 -9999 -9999 -9999 -9999 -9999 -9999 -9999 -9999 -9999 -9999 -9999 -9999 -9999 -9999 -9999 -9999 -9999 -9999 0.372994251748746 0.438476883443263 0.545151789060931 0.60702803479272 0.471370117041561 0.41659454414621 0.393900047169249 0.422651894421746 0.504017054402829 0.617178643848426 0.718912593927197 0.736087686816202 0.743975105823091 0.740121400100476 0.700946670306797 0.617101295925785 0.548903685162309 0.554247479019766 0.563889633356101 0.548062079324879 0.53012043017931 0.523838773063536 0.529384444197972 0.534380116696867 0.53140390003771 0.522337357470342 0.536426187063835 0.566827064905857 0.596796391889367
-9999 -9999 -9999 -9999 -9999 -9999 -9999 -9999 -9999 -9999 -9999 -9999 -9999 -9999 -9999 -9999 -9999 -9999 -9999 -9999 -9999 -9999 -9999 -9999 -9999 -9999 -9999 0.369366880878018 0.425324192772153 0.515638812931701 0.59701822634799 0.463959912055243 0.41217452725213 0.398802706696862 0.432966898915959 0.524423180187018 0.640513119336383 0.719634844338537 0.739750579890718 0.744193580461097 0.737434684364778 0.691611178183791 0.638428012118897 0.581452139952604 0.578426810166473 0.589450983979144 0.574627641447967 0.559602686909692 0.553628219744466 0.557284096569903 0.562585478548136 0.558025326406262 0.555775716846506 0.566340436857621 0.58646077168103 0.612892420792985
-9999 -9999 -9999 -9999 -9999 -9999 -9999 -9999 -9999 -9999 -9999 -9999 -9999 -9999 -9999 -9999 -9999 -9999 -9999 -9999 -9999 -9999 -9999 -9999 -9999 -9999 -9999 0.36676043823256 0.414134242543593 0.491863340413434 0.564284962540712 0.434639133922066 0.390869718239562 0.383149129585956 0.426173756770321 0.527999764860533 0.65856822414508 0.712264416903275 0.739379243921645 0.744290162337264 0.733357279352429 0.684395066878075 0.645259659267114 0.604500917921098 0.599440655123981 0.60387183411046 0.588674950203768 0.578793662496651 0.574955091120459 0.577273158878581 0.584819656214235 0.584103405781555 0.585790612951372 0.596442186035529 0.609454887607163 0.630434606390202
-9999 -9999 -9999 -9999 -9999 -9999 -9999 -9999 -9999 -9999 -9999 -9999 -9999 -9999 -9999 -9999 -9999 -9999 -9999 -9999 -9999 -9999 -9999 -9999 -9999 -9999 -9999 0.367831302392282 0.407770013581199 0.474019475420745 0.518488077679567 0.398254256375303 0.354630903595052 0.357596589106224 0.411613693336684 0.520865420059069 0.673188399848607 0.691236739331289 0.735713146060967 0.744289036366852 0.730423426260153 0.678886161311582 0.641786950276151 0.626723139128631 0.614007935025796 0.603433283575581 0.598018919440959 0.58994471913805 0.588278937816576 0.594562041714285 0.597748222137495 0.605166059866753 0.611099452112959 0.620937399496267 0.632796521933417 0.64719760388788
-9999 -9999 -9999 -9999 -9999 -9999 -9999 -9999 -9999 -9999 -9999 -9999 -9999 -9999 -9999 -9999 -9999 -9999 -9999 -9999 -9999 -9999 -9999 -9999 -9999 -9999 -9999 0.370294164539155 0.404473143453539 0.459138561489584 0.479096315357355 0.366086733445742 0.33027160706045 0.339550438150796 0.400912786421011 0.51961204758881 0.629469559291995 0.668929052985413 0.733351928034508 0.74427758556772 0.727686114393153 0.672668310653046 0.63762727688655 0.625326125746465 0.622513485735757 0.624786792712885 0.618940468252723 0.614892048770147 0.613697706939293 0.617510265950887 0.622046586777131 0.630082341250818 0.63866586503196 0.648061072473148 0.655461381168625 0.666266082353064
-9999 -9999 -9999 -9999 -9999 -9999 -9999 -9999 -9999 -9999 -9999 -9999 -9999 -9999 -9999 -9999 -9999 -9999 -9999 -9999 -9999 -9999 -9999 -9999 -9999 -9999 -9999 0.373857204810443 0.402334562942385 0.447752457992052 0.443712286219076 0.353332081573837 0.319898786000762 0.338621218777892 0.408094318291155 0.522860795561075 0.59515458934529 0.65734703819681 0.733764594656294 0.744245288866207 0.719102605488328 0.666549642965326 0.633214764189391 0.62295439804192 0.621065182954987 0.623823473855358 0.629888136327071 0.638025576592665 0.648027749320549 0.650227186746024 0.655432739183689 0.661014435824948 0.668675499508723 0.67567124882142 0.679107988585026 0.6872835408169
-9999 -9999 -9999 -9999 -9999 -9999 -9999 -9999 -9999 -9999 -9999 -9999 -9999 -9999 -9999 -9999 -9999 -9999 -9999 -9999 -9999 -9999 -9999 -9999 -9999 -9999 -9999 0.377072248317416 0.40240329555498 0.440128127488795 0.467758658862003 0.381953636483816 0.359800551290009 0.383000156009926 0.450237223006518 0.569878662246212 0.602570159033763 0.682639613372463 0.740810595785457 0.74415738800715 0.710852703777965 0.65569500971938 0.6278202223068 0.620298529030463 0.618864112633713 0.621602691929649 0.627582525854914 0.635709743578025 0.64532469731669 0.655655246396443 0.665949779927585 0.674397902066859 0.682272969859878 0.689507187966346 0.696182215374216 0.701913236355171
-9999 -9999 -9999 -9999 -9999 -9999 -9999 -9999 -9999 -9999 -9999 -9999 -9999 -9999 -9999 -9999 -9999 -9999 -9999 -9999 -9999 -9999 -9999 -9999 -9999 -9999 0.366982656556455 0.379847434800465 0.40186558322684 0.43611722951418 0.482267891707025 0.441067886171521 0.427159972427909 0.457379487241347 0.52074167829101 0.608887589371549 0.643649648902338 0.720497888167628 0.733676826019295 0.742617451440116 0.68817441702543 0.644429393328624 0.621757226985711 0.616054924605473 0.615585749192852 0.617930939782172 0.624480566563591 0.632441544222541 0.641732901011866 0.652228083927651 0.662030729296681 0.670749165966468 0.678389476434434 0.685256888860527 0.691848731423987 0.696968358799047
-9999 -9999 -9999 -9999 -9999 -9999 -9999 -9999 -9999 -9999 -9999 -9999 -9999 -9999 -9999 -9999 -9999 -9999 -9999 -9999 -9999 -9999 -9999 -9999 -9999 -9999 0.367110440631671 0.381856119035181 0.405777740576158 0.438836444031085 0.490038256469147 0.507641213704322 0.500194969284514 0.537106270600846 0.608226318003476 0.686880152935797 0.710936927811104 0.740913576258171 0.699130826877145 0.707665699740125 0.672288630438959 0.630942403154513 0.615766389866329 0.612115938019763 0.611835131014099 0.61464920281299 0.620882325951857 0.628978440879022 0.638157072481773 0.64803079423995 0.657716380871728 0.666852136296986 0.674519556343431 0.681194400655101 0.687121706789625 0.692331304744947
-9999 -9999 -9999 -9999 -9999 -9999 -9999 -9999 -9999 -9999 -9999 -9999 -9999 -9999 -9999 -9999 -9999 -9999 -9999 -9999 -9999 -9999 -9999 -9999 -9999 -9999 0.366699474039207 0.386212297696473 0.412533636677936 0.449090997887735 0.495685260591792 0.575934488745231 0.566701028420686 0.615297464709374 0.694793723103656 0.721655824041946 0.740891730303054 0.704704623456397 0.6734400173729 0.671150908809823 0.643366456879648 0.620112651542673 0.609999774699084 0.607521399429397 0.607858408202826 0.610535322320071 0.617339630876202 0.62556050751064 0.634432632786369 0.643978775335022 0.65322481663649 0.662391650532526 0.670711034621276 0.677139252624051 0.682670618429444 0.683276113410713
-9999 -9999 -9999 -9999 -9999 -9999 -9999 -9999 -9999 -9999 -9999 -9999 -9999 -9999 -9999 -9999 -9999 -9999 -9999 -9999 -9999 -9999 -9999 -9999 -9999 -9999 0.368824291086513 0.394218496692825 0.42983829194757 0.47779872530896 0.543292571070507 0.635337019540329 0.662146888335515 0.713373235033963 0.744027508810377 0.74215785942701 0.682118595781344 0.664044882446063 0.64719219616973 0.638929429349857 0.626680440459124 0.609198189065606 0.603866707223845 0.602904180030022 0.603950688224445 0.607341268269585 0.613878528113431 0.622047566170236 0.630608914189135 0.639409405021289 0.648166942865395 0.656783145454101 0.665134750913043 0.671441075770474 0.676627891128491 0.654816170760151
-9999 -9999 -9999 -9999 -9999 -9999 -9999 -9999 -9999 -9999 -9999 -9999 -9999 -9999 -9999 -9999 -9999 -9999 -9999 -9999 -9999 -9999 -9999 -9999 -9999 0.367285980128304 0.372225803980012 0.404508583621518 0.4493488558501 0.511686302428897 0.582835885295114 0.663360595407061 0.726446994803038 0.742499308370127 0.717714307305646 0.56836475412565 0.589809376778635 0.619607684951673 0.619515782465011 0.606957745951447 0.592068703205763 0.601408201891334 0.598069073357802 0.59835787918013 0.600522062300922 0.60347196890867 0.610852335914578 0.618861915917597 0.626698700661839 0.635014454931416 0.642598778394367 0.650527976371206 0.658273856645948 0.664731609840962 0.647251279078815 0.627367486186164
-9999 -9999 -9999 -9999 -9999 -9999 -9999 -9999 -9999 -9999 -9999 -9999 -9999 -9999 -9999 -9999 -9999 -9999 -9999 -9999 -9999 -9999 -9999 -9999 -9999 0.374087382826653 0.377382782884122 0.414252055826754 0.46902959813827 0.541928302214015 0.6154132873642 0.674588709181529 0.713061756479978 0.730936949632534 0.621158007785025 0.529563845467836 0.531954800864031 0.569965192673354 0.583032195070714 0.585769371628061 0.585429232906032 0.595431746918245 0.59487020040378 0.595867589289517 0.598795423381827 0.602919425993729 0.609079213351674 0.616158091808783 0.623244031139123 0.630477170062778 0.637396901379009 0.644282804877773 0.650822405361649 0.651107278976054 0.625254453931597 0.600738423287047
-9999 -9999 -9999 -9999 -9999 -9999 -9999 -9999 -9999 -9999 -9999 -9999 -9999 -9999 -9999 -9999 -9999 -9999 -9999 -9999 -9999 -9999 -9999 -9999 -9999 0.382746019740411 0.384127934904135 0.421626906128249 0.484331618867244 0.566845237783298 0.641497118632979 0.676792483869846 0.695342065473291 0.661361363286345 0.561731537934224 0.481426093569612 0.503448853619454 0.544353673814345 0.56317311028814 0.572444289157159 0.580022194887883 0.593203236053755 0.593215789813004 0.594627286203254 0.597963888535167 0.602276570960012 0.607897617744675 0.613943743123129 0.619853144837921 0.626071244007637 0.632234778318112 0.63775556366137 0.643367040354973 0.62761271545693 0.597943308024269 0.576084473205364
-9999 -9999 -9999 -9999 -9999 -9999 -9999 -9999 -9999 -9999 -9999 -9999 -9999 -9999 -9999 -9999 -9999 -9999 -9999 -9999 -9999 -9999 -9999 -9999 -9999 0.390484283415916 0.390855845022842 0.431477611483228 0.499899104761947 0.586092970623562 0.651306649723069 0.674260901457867 0.674241844331952 0.614447327757792 0.531952549686306 0.484267386837016 0.502616941123902 0.550858963481285 0.571419965893972 0.569159762941137 0.570735269202089 0.595465452616792 0.593893526261745 0.594848403080507 0.598494307216294 0.602985202564185 0.607491775318805 0.612077750463709 0.616875751118504 0.621983861402869 0.626969740126202 0.631807242444013 0.633167355734379 0.610181802388945 0.580304530513845 0.550171018084055
-9999 -9999 -9999 -9999 -9999 -9999 -9999 -9999 -9999 -9999 -9999 -9999 -9999 -9999 -9999 -9999 -9999 -9999 -9999 -9999 -9999 -9999 -9999 -9999 -9999 0.40244738673081 0.402455731701743 0.43700713021941 0.508094642240922 0.597714897425434 0.663229627439853 0.669399189242189 0.646829840442803 0.577944330837969 0.512327396239574 0.473179620258844 0.501019832854459 0.557349211187975 0.578291557601352 0.566677784700522 0.563181296388958 0.595723790468167 0.594450471813036 0.594907840862689 0.598731007870291 0.60340305636379 0.606755038283477 0.61017849324596 0.613691061929165 0.617721016098326 0.621842996981923 0.625497410762912 0.620856888704103 0.593959748867815 0.556746522983801 0.529188208148258
-9999 -9999 -9999 -9999 -9999 -9999 -9999 -9999 -9999 -9999 -9999 -9999 -9999 -9999 -9999 -9999 -9999 -9999 -9999 -9999 -9999 -9999 -9999 -9999 -9999 0.414190077886113 0.41332312994966 0.441136169373882 0.512690234675384 0.597298235066007 0.653744295511381 0.661907500129809 0.607938042172476 0.547590867382522 0.496902735774688 0.470418316519838 0.500867571379258 0.546617744647873 0.568329697252784 0.567744482203025 0.57027558016508 0.597633418465643 0.59459256038165 0.594702879403641 0.598442341260245 0.602965952809233 0.60581160305973 0.60801421791963 0.610681129352278 0.613830455334855 0.616988999679704 0.620012779413537 0.612520222724108 0.586509600672088 0.549642769510916 0.514553662226642
-9999 -9999 -9999 -9999 -9999 -9999 -9999 -9999 -9999 -9999 -9999 -9999 -9999 -9999 -9999 -9999 -9999 -9999 -9999 -9999 -9999 -9999 -9999 -9999 -9999 0.432320305994008 0.430213088801904 0.441594448727222 0.510874408347837 0.593217413682359 0.648598429278343 0.652523490088601 0.591302861270106 0.540456782846557 0.506293625979706 0.484029478282015 0.513657432969855 0.551659461814951 0.570820194803841 0.573097052783938 0.576607417990771 0.59672003742585 0.593423082981896 0.593197698242876 0.597141681349679 0.601777142379175 0.603890808863754 0.605487295968873 0.607439035723783 0.609945759018872 0.612511111558223 0.614570944801353 0.611589402122613 0.582796909092002 0.540512497768627 0.509578513629186
-9999 -9999 -9999 -9999 -9999 -9999 -9999 -9999 -9999 -9999 -9999 -9999 -9999 -9999 -9999 -9999 -9999 -9999 -9999 -9999 -9999 -9999 -9999 -9999 -9999 0.446306411699378 0.443360380107406 0.440320526340589 0.506631938796051 0.583644478549426 0.635967406281605 0.642540547556918 0.598595883160762 0.562752754011175 0.540039394031138 0.538775153086176 0.548403030909853 0.572265712692136 0.583892624908086 0.583387949715012 0.590098282767921 0.595654654215556 0.591740094427132 0.59117395998866 0.59495632793614 0.599154372306714 0.60135222770634 0.602661506889725 0.604378620533047 0.606651689189268 0.608677018167058 0.610299822584301 0.611382627107716 0.585336833363417 0.546513497959986 0.509451696210936
-9999 -9999 -9999 -9999 -9999 -9999 -9999 -9999 -9999 -9999 -9999 -9999 -9999 -9999 -9999 -9999 -9999 -9999 -9999 -9999 -9999 -9999 -9999 -9999 -9999 0.468329024985774 0.464336784333207 0.454075519524163 0.498840577715443 0.571068459798982 0.622021244803916 0.629692471684443 0.609053148826246 0.579020271726075 0.565326668760636 0.565718476011001 0.567458491733021 0.582070228495541 0.58778710503627 0.584817207596963 0.592040146387823 0.593657877835644 0.589571742334052 0.588852854712896 0.592064240939006 0.596043529288544 0.598144864501507 0.5995920105219 0.601279646663078 0.603400886821736 0.605196084255894 0.606176934218518 0.606707446420056 0.592658592312323 0.553291470944788 0.518746584318404
-9999 -9999 -9999 -9999 -9999 -9999 -9999 -9999 -9999 -9999 -9999 -9999 -9999 -9999 -9999 -9999 -9999 -9999 -9999 -9999 -9999 -9999 -9999 -9999 -9999 0.492049695036116 0.479933912089302 0.467387032425313 0.489323365160891 0.555418999730077 0.604231604474222 0.615258203129109 0.609810837499561 0.590343611794767 0.573543635748877 0.565382743551234 0.570526850867513 0.579936922831229 0.582109056896201 0.579054869429326 0.581376676167057 0.590518862163388 0.586877467880966 0.586234053642306 0.589057165747619 0.592453137433482 0.594690471376257 0.596375194195004 0.598221709681061 0.600467310948722 0.602192274389658 0.60264050177802 0.60229554459143 0.601483031369088 0.565714561339875 0.534183871617784
-9999 -9999 -9999 -9999 -9999 -9999 -9999 -9999 -9999 -9999 -9999 -9999 -9999 -9999 -9999 -9999 -9999 -9999 -9999 -9999 -9999 -9999 -9999 -9999 0.473319079004797 0.511008496237049 0.502869816045299 0.485763838849203 0.478733241824734 0.538134996487398 0.584449071464038 0.598895775549536 0.597904385228432 0.594695155614783 0.582121843003924 0.57203277968661 0.575031709934123 0.582259857754936 0.581855403082693 0.572893330030034 0.571177371627329 0.585344950819039 0.582983591827133 0.58297362376755 0.585574893842616 0.588766980622494 0.590946124379341 0.592827380643694 0.594784093690258 0.596957913467605 0.598577138523965 0.598574791802643 0.597680352892078 0.594878569576613 0.585112836791839 0.550333115152139
