meets/meet006/_saidas_enm/CCSM_Maha_0k_S_lineola3.asc
NCOLS 154 
NROWS 168 
XLLCORNER -112 
YLLCORNER -55.5 
CELLSIZE 0.5 
NODATA_value -9999 
[rows 100 to 124 of 168, columns 56 to 111 of 154]
-9999 -9999 -9999 -9999 -9999 -9999 -9999 -9999 -9999 -9999 -9999 -9999 -9999 -9999 -9999 -9999 -9999 -9999 -9999 -9999 -9999 -9999 -9999 -9999 -9999 -9999 -9999 -9999 -24.8419424030911 -16.9484812011335 -26.4862721712905 -42.7099895300398 -59.6267979179598 -70.9395718687193 -72.9145022016724 -65.0239803817975 -56.1116473117651 -40.3896686508735 -20.2810194536651 -4.33712752148242 -0.166890500940371 -0.0227107059586347 -1.51981781612629 -4.60424335746131 -5.98658659990903 -5.63381530765506 -4.86452915828568 -3.78943223686235 -2.74685658434625 -1.81445723704394 -1.3840665514165 -1.06689397697924 -0.73225692701974 -0.384322008166139 -0.123339409328149 -0.0196944709670488
-9999 -9999 -9999 -9999 -9999 -9999 -9999 -9999 -9999 -9999 -9999 -9999 -9999 -9999 -9999 -9999 -9999 -9999 -9999 -9999 -9999 -9999 -9999 -9999 -9999 -9999 -9999 -9999 -26.3524350038355 -17.9191058637793 -30.6802413789115 -43.5015799928886 -54.983485285162 -64.5287290409922 -67.8264938823141 -62.8981712484276 -51.6111871331675 -35.9588555445113 -16.8548882990881 -2.94129730850247 -0.561474604949987 -0.676630498800765 -2.41602221245267 -5.7349056695108 -6.34192030640985 -5.92602116643895 -5.06178950686578 -4.34711113702307 -3.27054460283798 -1.84306286847523 -0.838085820316805 -0.673720029732164 -0.471557155812722 -0.198358211390706 -0.0559730643685772 -0.274043430700906
-9999 -9999 -9999 -9999 -9999 -9999 -9999 -9999 -9999 -9999 -9999 -9999 -9999 -9999 -9999 -9999 -9999 -9999 -9999 -9999 -9999 -9999 -9999 -9999 -9999 -9999 -9999 -29.6506834379821 -27.991259716353 -17.5963491375299 -27.0170421033249 -39.7704590128608 -49.0997137523378 -57.7412249727903 -63.1693665806896 -57.0711436700783 -46.8850644118202 -31.5047508462609 -12.0383603336125 -1.84568575329109 -0.530272062788916 -1.41309084228648 -3.04968717036788 -5.95770838804385 -6.43054703567873 -5.55570517005442 -4.76204645593941 -3.88951798001235 -2.93248323091584 -2.00190223636633 -1.2335715043139 -0.701427222166444 -0.469274058698956 -0.184001903712555 0.0648329462557936 0.00838573082210459
-9999 -9999 -9999 -9999 -9999 -9999 -9999 -9999 -9999 -9999 -9999 -9999 -9999 -9999 -9999 -9999 -9999 -9999 -9999 -9999 -9999 -9999 -9999 -9999 -9999 -9999 -9999 -30.6905583009261 -27.0785624906787 -16.3521431890083 -25.1271266382894 -36.6172633328283 -44.1597838393189 -52.3369319835367 -60.3534939510785 -53.9587961148763 -41.6858631286673 -26.7010537972982 -8.4189920915105 -1.56512587796277 -0.866170788411897 -2.08647172755939 -3.43384963522166 -6.00794323503628 -6.06883073565579 -5.314275680597 -4.48926625519379 -3.58540677529918 -2.79504342558868 -2.25014985472865 -1.68427736732576 -1.19202594331297 -0.941000215117503 -0.266124808472023 0.0980506743905174 0.139363135934772
-9999 -9999 -9999 -9999 -9999 -9999 -9999 -9999 -9999 -9999 -9999 -9999 -9999 -9999 -9999 -9999 -9999 -9999 -9999 -9999 -9999 -9999 -9999 -9999 -9999 -9999 -9999 -30.8644590164166 -24.5095866792932 -15.1467672997996 -23.5399573199705 -34.5544080313508 -42.7605017275817 -50.0603520840398 -58.5533621601351 -51.8945129378635 -37.7381084490699 -20.0797285049693 -5.61102621328429 -1.39547228656468 -1.00632385114267 -2.35522032677692 -3.45024513849738 -5.35863269678932 -5.75918304736427 -5.08359694977918 -4.38830471526208 -3.66949393607835 -2.99887464100334 -2.4479284143441 -2.00147381510932 -1.58915022758863 -1.17847656155813 -0.521950251487426 0.00766013197921223 0.151503471843525
-9999 -9999 -9999 -9999 -9999 -9999 -9999 -9999 -9999 -9999 -9999 -9999 -9999 -9999 -9999 -9999 -9999 -9999 -9999 -9999 -9999 -9999 -9999 -9999 -9999 -9999 -9999 -28.7996398879334 -21.9743944394663 -15.0556434417167 -23.3247318855134 -34.7234102535543 -43.8152135673792 -50.9414171922234 -59.9145434655827 -53.5471690493014 -35.8056278495263 -16.0747686030201 -4.85425412007464 -1.46944246960904 -1.16479731128882 -2.68464000373638 -3.37356805500822 -4.98288660627474 -5.27131296680711 -4.87393630672448 -4.39149925641535 -3.8630821656065 -3.27061831543988 -2.86452061462776 -2.39239777126042 -1.91307314109866 -1.49857752495321 -0.859105151564753 -0.319891254134047 -0.0570873618510248
-9999 -9999 -9999 -9999 -9999 -9999 -9999 -9999 -9999 -9999 -9999 -9999 -9999 -9999 -9999 -9999 -9999 -9999 -9999 -9999 -9999 -9999 -9999 -9999 -9999 -9999 -9999 -24.7197869738197 -18.7469101686458 -15.9194567343119 -25.5263057891775 -36.5615766466947 -46.1453529122005 -53.919845003563 -63.3195956241479 -58.3173530600585 -36.1148423936987 -14.0751528385942 -5.31519707408397 -1.95587930349208 -1.43829349930862 -2.90889981225985 -3.33517809835817 -4.36115214861003 -4.71807525263542 -4.63539255290069 -4.35486090713958 -4.06082432423247 -3.63176016785912 -3.27825079915271 -2.90060822525428 -2.38862547187139 -1.95952397076532 -1.30850188731914 -0.797034195292784 -0.416999093992755
-9999 -9999 -9999 -9999 -9999 -9999 -9999 -9999 -9999 -9999 -9999 -9999 -9999 -9999 -9999 -9999 -9999 -9999 -9999 -9999 -9999 -9999 -9999 -9999 -9999 -9999 -9999 -20.1544225706232 -16.4770064745384 -17.2479169185371 -28.0587155761542 -38.878717094556 -48.143854228084 -56.6639481845336 -66.0954225177012 -62.2498003835521 -35.2716349551538 -11.5359212163752 -5.80777354883893 -2.41847107674736 -1.78902475307541 -3.30967738999409 -3.39298436776435 -4.21769607352181 -4.34221871876336 -4.28101585791083 -4.17495986495492 -3.9505586804911 -3.72588648565167 -3.62268619704185 -3.45439850688982 -3.0349845136707 -2.51812870431732 -1.90586466805002 -1.40344610107988 -0.981381859867042
-9999 -9999 -9999 -9999 -9999 -9999 -9999 -9999 -9999 -9999 -9999 -9999 -9999 -9999 -9999 -9999 -9999 -9999 -9999 -9999 -9999 -9999 -9999 -9999 -9999 -9999 -9999 -16.6904705269593 -14.0383202904059 -18.6051918774535 -30.4634505018169 -39.4002317693584 -49.0311440606743 -57.1499355518338 -66.9999980497515 -64.6144292527146 -32.9286459465726 -9.52150428051174 -6.37195850139537 -3.28197453283673 -2.29862005380027 -3.96576576895706 -3.76485171955872 -4.24884352443144 -4.35526263293001 -4.10871396424199 -3.94628930232714 -3.84543364959465 -3.71158557195481 -3.9636775935873 -3.97479500373834 -3.58365508220587 -3.22970611458016 -2.63593685035395 -2.17203584469481 -1.69170496712757
-9999 -9999 -9999 -9999 -9999 -9999 -9999 -9999 -9999 -9999 -9999 -9999 -9999 -9999 -9999 -9999 -9999 -9999 -9999 -9999 -9999 -9999 -9999 -9999 -9999 -9999 -9999 -15.1340827226214 -13.5641339031946 -18.8040266841266 -27.933391929202 -36.0462232604239 -44.4707640641882 -51.9787769015591 -61.0957598289661 -57.2793261592111 -26.5838845990309 -8.33140440898874 -6.28458100462703 -2.94907601037002 -2.84827700320475 -4.46490711391318 -4.16996030721966 -4.51705475792708 -4.58672543269866 -4.39637708247901 -4.32344920755743 -4.28426797864001 -4.22053244685277 -4.44223857026743 -4.50602622987354 -4.34390674781096 -4.06314149521239 -3.52544521192555 -3.09469045312325 -2.58596502351969
-9999 -9999 -9999 -9999 -9999 -9999 -9999 -9999 -9999 -9999 -9999 -9999 -9999 -9999 -9999 -9999 -9999 -9999 -9999 -9999 -9999 -9999 -9999 -9999 -9999 -9999 -18.1859728387895 -14.3564582423385 -13.2649060853305 -17.1176502179891 -23.9446622318623 -29.7999473130249 -37.5122960798834 -42.788186251717 -50.8002718297637 -48.9435488493043 -18.5624180922055 -7.79107349906105 -6.08352778963802 -2.95221351180114 -3.90878894884518 -5.19284229973599 -4.8118265366794 -4.8640482076871 -5.04287783881305 -4.92823011365833 -4.94677079437994 -5.12533088783157 -5.04819616039419 -5.0952210529394 -5.04500659194978 -4.88803168445166 -4.90306919994631 -4.42882964444201 -4.06178910122044 -3.61543922701465
-9999 -9999 -9999 -9999 -9999 -9999 -9999 -9999 -9999 -9999 -9999 -9999 -9999 -9999 -9999 -9999 -9999 -9999 -9999 -9999 -9999 -9999 -9999 -9999 -9999 -9999 -16.7073531129795 -12.8168426492226 -13.4357482714552 -14.2052218682915 -17.9379727902784 -23.4378147860327 -30.9244259691711 -33.253750375597 -35.3907808099699 -29.1436894844282 -12.0266260745524 -5.83559165859153 -4.47092347500289 -3.65643545897889 -4.90643852593908 -6.2257217816387 -5.89942055472723 -5.91328912244695 -6.06313168853035 -6.08785872785836 -5.99586415608765 -5.8739926379786 -5.66470425501864 -5.67965837508985 -5.68394608862718 -5.59459750210451 -5.48940308337202 -5.06439597545864 -4.83130809625521 -4.54502130498572
-9999 -9999 -9999 -9999 -9999 -9999 -9999 -9999 -9999 -9999 -9999 -9999 -9999 -9999 -9999 -9999 -9999 -9999 -9999 -9999 -9999 -9999 -9999 -9999 -9999 -9999 -13.9494537998546 -12.5738472861624 -11.9164227331818 -12.5296347977134 -13.2373626842009 -17.5239138252198 -25.5109522999825 -23.7047991108812 -20.1852496178229 -14.0597156393753 -6.07937234556879 -4.62415966900165 -4.09025241349347 -4.88257428282179 -6.48825255587758 -7.45753833462808 -7.21537937921184 -7.11744879065767 -7.29611609981933 -7.5221806734558 -6.96324350485592 -6.52872329120684 -6.16668773554224 -6.33645137600891 -6.36995182856744 -6.22276806966059 -6.0279809897704 -5.64694111913285 -5.68948362689703 -5.50698735041167
-9999 -9999 -9999 -9999 -9999 -9999 -9999 -9999 -9999 -9999 -9999 -9999 -9999 -9999 -9999 -9999 -9999 -9999 -9999 -9999 -9999 -9999 -9999 -9999 -9999 -9999 -11.8721949548236 -12.2272510036182 -13.9002475191318 -13.2587993428923 -11.5279979653512 -12.8721067533543 -14.564323419957 -11.2963726087164 -7.82037117363482 -5.08206282782122 -3.94455699174662 -4.51278555412632 -5.11950245676392 -6.66824970882939 -7.56947670018577 -8.17230213113259 -8.22586088943421 -8.17557733898347 -8.3969831309917 -8.472692543616 -7.92812402605543 -7.35498115997111 -6.94524840336427 -7.08313020840658 -7.20901704003561 -7.16295055968097 -7.03219404872473 -6.69449582124843 -6.64755331168157 -6.57525806833562
-9999 -9999 -9999 -9999 -9999 -9999 -9999 -9999 -9999 -9999 -9999 -9999 -9999 -9999 -9999 -9999 -9999 -9999 -9999 -9999 -9999 -9999 -9999 -9999 -9999 -7.05090441880439 -8.74835307018497 -14.4431980170727 -17.7989878900868 -13.6214709126487 -10.2120746151194 -8.45732668361562 -6.36033272819436 -3.34270568865147 -2.68680061608469 -4.80805461156326 -5.63525200645444 -5.16531042902384 -7.52543961992733 -8.38388609988025 -9.07264065334072 -8.8806685727502 -8.63754403023794 -8.55829581984677 -9.10293642697657 -9.40995911185725 -8.81407012117212 -8.15257067015846 -7.79170768793648 -8.07780868454109 -8.1602947962325 -8.01595077343126 -8.17464375922708 -7.96026639913111 -8.01437211330227 -7.91463553321059
-9999 -9999 -9999 -9999 -9999 -9999 -9999 -9999 -9999 -9999 -9999 -9999 -9999 -9999 -9999 -9999 -9999 -9999 -9999 -9999 -9999 -9999 -9999 -9999 -9999 -7.75028648624775 -8.00139487703565 -12.4220384822967 -15.2320865377242 -12.5999490403346 -8.42974473085866 -4.6905322173109 -1.59945008336886 -0.694797104325465 -2.46329474224745 -4.57570122064184 -6.16869460672174 -7.00849302798962 -8.90083088632344 -9.43145020678926 -9.580207237616 -9.12812894183276 -8.90030276778215 -8.77397236703189 -9.16153060234192 -9.5077274902494 -9.29645210883746 -9.143272150255 -8.73137082430899 -8.83844711156009 -9.00781797785561 -9.06859289801436 -9.19293486730609 -9.01317931261969 -9.0757412610346 -9.15504757586048
-9999 -9999 -9999 -9999 -9999 -9999 -9999 -9999 -9999 -9999 -9999 -9999 -9999 -9999 -9999 -9999 -9999 -9999 -9999 -9999 -9999 -9999 -9999 -9999 -9999 -6.65377268732652 -7.40588992120013 -11.1650932895796 -13.1803410667043 -10.7773983948976 -7.00356202955117 -2.59339751966115 -0.871006649885938 -1.78954934812415 -4.4875257560317 -5.4814927226709 -7.2781680993754 -7.80554150442122 -8.75805995984022 -8.62228628578718 -9.33094168728642 -8.84856730612103 -8.76045894407873 -8.77870086761616 -9.23543870423223 -9.63565494498188 -9.5327551169893 -9.70587328934572 -9.58505319954496 -9.7371925364664 -9.70162534272101 -9.88774565161846 -10.1199223513917 -10.0623069294468 -10.2771581171667 -10.347155206629
-9999 -9999 -9999 -9999 -9999 -9999 -9999 -9999 -9999 -9999 -9999 -9999 -9999 -9999 -9999 -9999 -9999 -9999 -9999 -9999 -9999 -9999 -9999 -9999 -9999 -5.43129320511788 -6.78156512762279 -10.3890609897652 -11.8842110628899 -9.71479792786716 -5.34338534861807 -1.94438303393798 -2.24763474220126 -4.37654324583867 -5.87622072021076 -6.40436629837477 -7.37676165378845 -7.23553758313076 -7.0164611255443 -7.29413889954349 -7.69718782772523 -8.01183228117162 -8.3242151540727 -8.68124538141039 -9.36860955951009 -9.79643908938048 -9.91928113145651 -9.92907204519937 -9.72898795838879 -10.0355624498371 -10.3031869847217 -10.544338797807 -10.8580499234513 -10.7574493488956 -11.0478442654103 -11.271152404599
-9999 -9999 -9999 -9999 -9999 -9999 -9999 -9999 -9999 -9999 -9999 -9999 -9999 -9999 -9999 -9999 -9999 -9999 -9999 -9999 -9999 -9999 -9999 -9999 -9999 -4.49360958275595 -6.31865500697822 -10.3295111828337 -11.6230887223315 -9.03233352543956 -5.07177579026604 -2.73233989140939 -4.03718983018805 -6.2426769780872 -6.9109771876962 -7.04643952554164 -7.31816645524817 -7.37574017097635 -7.37094391998896 -7.2913767482838 -7.46366452729991 -7.74575315256101 -8.4132559067186 -9.04407550312447 -9.98309249823772 -10.3239014339407 -10.126948625652 -10.0895106835277 -9.92250974853563 -10.4739673742745 -10.6868237674493 -10.9169661274292 -11.3193862445819 -11.3669496308651 -11.8578616383923 -11.9721871930233
-9999 -9999 -9999 -9999 -9999 -9999 -9999 -9999 -9999 -9999 -9999 -9999 -9999 -9999 -9999 -9999 -9999 -9999 -9999 -9999 -9999 -9999 -9999 -9999 -9999 -4.68074592759123 -6.41180568515167 -10.5693351499132 -11.5799660110738 -8.72803622899819 -4.55582680714032 -4.00193889183727 -5.6593592219918 -7.50854805956124 -7.69978781126543 -7.11407016518158 -7.42139675850051 -7.43516383860546 -7.22897506786149 -7.89238491202647 -7.85156098743566 -8.21422888902313 -9.31114786412068 -10.1565007530931 -10.4069183134091 -10.2809051192504 -10.328408552926 -10.3425777987569 -10.1583850472355 -10.5547911662021 -10.9304674193591 -11.3437083719038 -11.7975789473551 -11.8074197166516 -12.1743140612964 -12.4741051799619
-9999 -9999 -9999 -9999 -9999 -9999 -9999 -9999 -9999 -9999 -9999 -9999 -9999 -9999 -9999 -9999 -9999 -9999 -9999 -9999 -9999 -9999 -9999 -9999 -9999 -4.37408796771372 -6.48804114006257 -11.3425363601237 -12.2161323520874 -9.03115062112511 -5.11103749971573 -4.7381270051756 -7.15313154383455 -8.48761879539821 -8.46749133107429 -7.81620160510603 -8.20987287504452 -7.6282231269774 -7.32501026031569 -7.78555623127746 -8.44099054310465 -8.72181995906996 -10.0550548222235 -10.9211052162395 -10.8282033875129 -10.3240186115489 -10.278415273772 -10.457685152096 -10.3757260095028 -10.8924329556063 -11.0808688696932 -11.4398701194743 -12.0202981178895 -12.1420637985924 -12.6390548562756 -12.8108284019234
-9999 -9999 -9999 -9999 -9999 -9999 -9999 -9999 -9999 -9999 -9999 -9999 -9999 -9999 -9999 -9999 -9999 -9999 -9999 -9999 -9999 -9999 -9999 -9999 -9999 -4.25946650808654 -6.82261564712302 -12.3090092130933 -13.181810072295 -10.0391903709458 -6.2305349838469 -5.73746097402228 -8.11817889740295 -9.09413317324236 -9.51497335769697 -9.74842121294835 -8.9349059460917 -8.15879568099327 -7.74652271636014 -7.44830625299561 -8.04823256228951 -9.15874298255542 -10.2361035334723 -11.0954667257149 -10.9222222950841 -10.4306524732369 -10.4600701933165 -10.5676327562704 -10.5454665766217 -10.9186450639669 -11.2935260096393 -11.6745856035821 -12.0635911211355 -12.2241286703042 -12.7100218840743 -12.6655061367566
-9999 -9999 -9999 -9999 -9999 -9999 -9999 -9999 -9999 -9999 -9999 -9999 -9999 -9999 -9999 -9999 -9999 -9999 -9999 -9999 -9999 -9999 -9999 -9999 -9999 -4.13522679602189 -6.87457474998991 -13.0404209155549 -14.2606600302642 -10.9404795665741 -7.50023617882792 -6.88230491110041 -8.96483289621414 -9.83874935903134 -10.0634601282956 -9.6712702815809 -8.84307194429371 -8.2260010794101 -7.76994812728044 -7.29165972995234 -7.66254279544048 -9.43263581922712 -10.3532039696253 -11.1309559358711 -11.1171076356844 -10.677900437314 -10.5995758950632 -10.777474146801 -10.6342775750953 -11.0277646707804 -11.2295364185937 -11.453689104292 -12.0309087156726 -12.2792813037524 -12.595208103153 -12.2952557596997
-9999 -9999 -9999 -9999 -9999 -9999 -9999 -9999 -9999 -9999 -9999 -9999 -9999 -9999 -9999 -9999 -9999 -9999 -9999 -9999 -9999 -9999 -9999 -9999 -9999 -4.28991966679033 -7.31898952458454 -13.7007377008194 -15.2652136545089 -12.1013824844537 -8.76618200601191 -8.11956175956216 -9.53431596161422 -10.5686203666243 -10.6252047126473 -9.21904207528265 -8.75598602876673 -8.05191653149963 -7.64926787079845 -7.49713626384353 -7.67365960393441 -9.65093296653428 -10.4618453215787 -11.1149310090211 -11.2668829853574 -11.054519517816 -10.9595466987477 -10.9618886140218 -10.7910425396771 -10.9754007053678 -10.9413930319051 -11.3480397754832 -12.0356997948663 -11.8598676857661 -11.8552278533387 -11.764254893022
-9999 -9999 -9999 -9999 -9999 -9999 -9999 -9999 -9999 -9999 -9999 -9999 -9999 -9999 -9999 -9999 -9999 -9999 -9999 -9999 -9999 -9999 -9999 -9999 -7.11251588220334 -4.41829510593521 -7.96309016517929 -15.0075085776762 -16.8709631540137 -13.6549425388748 -10.0508382551902 -8.90353681053839 -10.0082279276885 -11.2724813533749 -11.2590270137231 -10.0397477942616 -9.59398228552979 -8.959729317708 -8.56165816530815 -8.44534092985534 -8.67954061147043 -9.94823815781698 -10.6165708704818 -11.0783347432598 -11.2845545399804 -11.290877425386 -11.3043355227138 -11.2621208122625 -10.9680707146088 -10.9440138956999 -11.0085034041486 -11.4255387323286 -11.9317686687851 -10.9748591541279 -10.2429065815615 -9.43224516681038
