meets/meet006/_saidas_enm/CCSM_SVM_0k_T_subalaris3.asc
NCOLS 154 
NROWS 168 
XLLCORNER -112 
YLLCORNER -55.5 
CELLSIZE 0.5 
NODATA_value -9999 
[rows 75 to 99 of 168, columns 55 to 109 of 154]
-9999 -9999 -9999 -9999 -9999 -9999 -9999 -9999 -9999 -9999 -9999 -9999 0.0512992073946495 0.0297563429561776 0.0503773253492789 0.107061655629555 0.243174366518815 0.4699990944248 0.533805511308306 0.319284593302829 0.198999797310674 0.137181780090123 0.0945874432849684 0.077447089650552 0.0591469126217086 0.0631493978285208 0.064027392083301 0.0484423718224464 0.0293164613833463 0.0156003880441254 0.00633197382127665 -0.000638675745579187 -0.0082752309595655 -0.013144994437542 -0.00666792676038752 0.0075155100912801 0.0230534707383241 0.0448093866063007 0.0644321496364835 0.0948650587520773 0.129902319805909 0.158059752405446 0.182248265048642 0.19396177314628 0.210663435533452 0.228140065461087 0.238385227276774 0.231535683209579 0.213389869267202 0.187021320397721 0.145623326537385 0.107307812430635 0.0800595829081497 0.0551928235239417 0.0267888893707316
-9999 -9999 -9999 -9999 -9999 -9999 -9999 -9999 -9999 -9999 -9999 -9999 0.0490926196131336 0.111130346203705 0.122215628818563 0.0987015989052915 0.154960893170041 0.348273593041591 0.541463567288927 0.510265448135279 0.381428523100937 0.15537637272037 0.123406110434954 0.100721800264918 0.0583447233867324 0.0560908593300387 0.0376228999653185 0.0304430661919845 0.0118184344377839 -0.0065909761681463 -0.0187122194002272 -0.0282673281660092 -0.0381525932637418 -0.0373500547412499 -0.030557303090996 -0.0184216344961248 0.00514434966300464 0.0152907207889395 0.037213658181159 0.0684953175766727 0.102381858839396 0.155149842588808 0.175430736869168 0.204150852941269 0.221456812868846 0.224625244720479 0.241760432108572 0.229208669661782 0.210097563826468 0.190275478685622 0.159193663088836 0.132486757053962 0.101019712620973 0.0716545260944302 0.0400495737672044
-9999 -9999 -9999 -9999 -9999 -9999 -9999 -9999 -9999 -9999 -9999 -9999 -9999 0.112499643780381 0.164561513308745 0.154952552731622 0.174237761882375 0.213250066662187 0.242347552632367 0.358099132677064 0.473623962484628 0.398191752001756 0.263746026064888 0.140881846660742 0.0560099728863299 0.0567176799176781 0.0564575657003499 0.0321643080108841 -0.00246556594053904 -0.0295837041307595 -0.0478436116046987 -0.0603504196997884 -0.0716879276601057 -0.0739632541735363 -0.0684382695562175 -0.0563126666500748 -0.0379270708602598 -0.0268688104269278 -0.00925251502201463 0.019715080445054 0.0538507140563098 0.101679093652373 0.140242013699294 0.180950702347944 0.206678502474341 0.207687235960709 0.207041562964466 0.199669739348905 0.189402218091669 0.179258100719067 0.164457395649972 0.144026939064981 0.115125556095673 0.0825698413982319 0.0548305713020744
-9999 -9999 -9999 -9999 -9999 -9999 -9999 -9999 -9999 -9999 -9999 -9999 -9999 0.0855334005425367 0.175477666082285 0.263216847178637 0.234090146202237 0.0711351695872733 0.0060845489182364 0.0131318270863026 0.20516186946632 0.525784036021054 0.472330421462822 0.223715458259824 0.0699457834476613 0.107914274437172 0.126728343733252 0.0424459709365811 -0.0135390747358086 -0.0532427102449806 -0.075565558473796 -0.0912889180361304 -0.102331363183047 -0.110301290580504 -0.108717825678571 -0.0975184408088846 -0.0859305979220919 -0.0750095473099747 -0.0662970605853473 -0.0433370078093307 -0.0119279907466164 0.0223599722304926 0.0752529675323966 0.129603410551478 0.167927887239481 0.176630355764042 0.173570148390035 0.184253098816291 0.174648125840718 0.171049434022677 0.16802868837476 0.156818216835395 0.12799079147106 0.0944341243486886 0.0646910773212831
-9999 -9999 -9999 -9999 -9999 -9999 -9999 -9999 -9999 -9999 -9999 -9999 -9999 -9999 0.0985111126321914 0.308901832062932 0.105941994991929 -0.0500965961233135 -0.0555422673525057 -0.0671903981365902 -0.080565778904219 0.0243257816502501 0.301813503757545 0.396325141886003 0.236441677277173 0.21508094294652 0.173953802388223 0.0754272518500093 -0.0191749915282923 -0.0780170591270206 -0.0958098911130262 -0.110875093107067 -0.122756024702763 -0.130563584324498 -0.132782227029401 -0.128087264075998 -0.122606008257557 -0.114807197710789 -0.107524684305306 -0.0897514734385154 -0.065515870761035 -0.0362227940804525 0.00775982389550478 0.0590184429254928 0.109972148217763 0.152667353072136 0.177716029228726 0.183123519106928 0.17559896953866 0.17556501461415 0.174696657029068 0.164705583248525 0.139069888690866 0.106633584550853 0.0789855174343587
-9999 -9999 -9999 -9999 -9999 -9999 -9999 -9999 -9999 -9999 -9999 -9999 -9999 -9999 0.0604279282263676 0.332979199106856 0.00837738888850398 -0.0738282158020871 -0.0226635398244764 -0.00606591970497683 -0.0356037008750886 -0.0465610689580582 -0.0842698041924911 0.122908959454166 0.158564796714887 0.179185255022365 0.222496980870263 0.137694621670871 0.00765585098285154 -0.0806923439878069 -0.107820721223069 -0.118217591548789 -0.137293124479204 -0.140583045590983 -0.145398837154561 -0.145460481650612 -0.147160463465668 -0.139055561836525 -0.132432533175333 -0.119095506008863 -0.101225761580555 -0.0836044525702446 -0.045449896025593 -0.0024564891992418 0.0531060394426642 0.127134797596631 0.202020153265118 0.182423022902998 0.173507400450543 0.177454913688531 0.173028180072955 0.17593461406854 0.144606163319045 0.114186886225809 0.0865478962813886
-9999 -9999 -9999 -9999 -9999 -9999 -9999 -9999 -9999 -9999 -9999 -9999 -9999 -9999 -9999 0.319339051538074 0.146164616630575 -0.0567355919346724 -0.0300780293501923 0.00498051343546796 0.0167025915021178 0.0127943415854475 -0.00819561915203748 -0.0118816251287619 -0.0233065614748319 -0.0558832094249525 -0.0210057010940464 0.0565920269140646 0.0490866773069767 -0.0455748715549248 -0.0819995996847287 -0.126630778720641 -0.130025846270354 -0.140611724076567 -0.150002553686587 -0.148058707830111 -0.149461478351845 -0.144006640374792 -0.137037295474831 -0.125822208181797 -0.110935970763076 -0.095268293536293 -0.0694438344312951 -0.0380792733973363 0.0124932749221169 0.0856461260129248 0.140705086287863 0.154157317981756 0.1479121643992 0.15368841977501 0.156964112177528 0.150571893022492 0.136435558972843 0.110702616208037 0.0892949744769572
-9999 -9999 -9999 -9999 -9999 -9999 -9999 -9999 -9999 -9999 -9999 -9999 -9999 -9999 -9999 0.19622266425626 0.211119965379727 -0.00972153498927864 -0.0719730450289303 -0.0110404289720318 0.0357706593443343 0.0597091064383977 0.0761169273446717 0.0918669612002496 0.0943710410560302 0.071725091994889 0.0415388646680596 -0.0226838438421847 -0.0523768851161156 -0.029089743431812 -0.0212803401205081 -0.122170845959123 -0.110059787307278 -0.127908447847738 -0.139511373894839 -0.139276016010148 -0.142260636998698 -0.134031422470587 -0.123942853244821 -0.114081832191715 -0.10151488532699 -0.0958929667034514 -0.073324738354112 -0.0581995111979012 -0.0195464789889657 0.0432936438761544 0.0986575843996393 0.123274466731343 0.119093609325725 0.130425414049938 0.142732877225765 0.131775437192011 0.135729615813832 0.115650807873638 0.101031416997504
-9999 -9999 -9999 -9999 -9999 -9999 -9999 -9999 -9999 -9999 -9999 -9999 -9999 -9999 -9999 -9999 0.126058573974129 0.132360535533707 -0.0936776935420532 -0.0613694758729757 0.0309922791786904 0.0836139510367476 0.0870128847892721 0.0897480413516314 0.0925150201288387 0.0920242932823283 0.0939862542610413 0.0884328510464292 0.0798295284706663 0.0368952948846825 -0.064126905597208 0.0613824363453291 0.0447936862037142 -0.0901003735870753 -0.135982857986526 -0.131758416532376 -0.121313521804024 -0.116111602126537 -0.109718437438841 -0.0966450639074752 -0.0712067516691685 -0.0499507080151365 -0.0573978667396297 -0.0684592249865943 -0.046003365582314 0.0074104943658384 0.0633726537946641 0.0989584741812188 0.117473437484916 0.141620197400007 0.161404757397171 0.168811382814726 0.16337160528655 0.146802087503494 0.132599110271999
-9999 -9999 -9999 -9999 -9999 -9999 -9999 -9999 -9999 -9999 -9999 -9999 -9999 -9999 -9999 -9999 0.0542477044120074 0.15917619784034 0.0422192782113238 -0.117611981005539 -0.0155361507063989 0.0850988653013176 0.094099847919317 0.0989263211037679 0.0960695912907225 0.0922233260842569 0.10657055114144 0.0986233301343437 0.107275876270639 0.0981749367491533 0.0235632043444988 -0.0281385511365717 0.142498196133769 0.00123430436305144 -0.122460392208116 -0.128512627268177 -0.105757889033181 -0.10917574222981 -0.100813079299748 -0.0783400363676585 -0.0389627377369848 -0.00536916405038601 -0.03336135243755 -0.0776313866644666 -0.0700325823316231 -0.0221113282730599 0.0390094099678081 0.0884917969945051 0.127443179772421 0.16785814666135 0.196786242582117 0.213511940649221 0.203030739333446 0.182778297793716 0.16328932928928
-9999 -9999 -9999 -9999 -9999 -9999 -9999 -9999 -9999 -9999 -9999 -9999 -9999 -9999 -9999 -9999 0.17540230004728 0.0446479813008354 0.204047108589115 0.0277767712812417 -0.111052812785715 0.00157648994230691 0.0752799586891005 0.102586315691098 0.104800920099995 0.0943339963643569 0.0891681953397332 0.0839191733183643 0.0849884167017641 0.0738650290617633 0.0492040453147179 -0.0446746818047538 0.00510549354586581 0.261866211806416 0.0375205220525387 -0.0818120323373513 -0.118387774333302 -0.113823614674441 -0.0953022612833166 -0.0663090734136699 -0.0169161733027995 0.0185342727785981 -0.0236931932574673 -0.0839692846856465 -0.081958550768685 -0.0434325867652697 0.0131927341807854 0.0690023352677311 0.129998737254362 0.180155695827491 0.210973701225623 0.235154379638644 0.208747655364858 0.185277935167699 0.164347108346142
-9999 -9999 -9999 -9999 -9999 -9999 -9999 -9999 -9999 -9999 -9999 -9999 -9999 -9999 -9999 -9999 -9999 0.109442034317379 0.0170477492741812 0.193703380349996 0.0849548430687185 -0.0626015654912443 -0.0297793199308507 0.0537184094408359 0.0902608771371912 0.0951955980379054 0.0997066628497463 0.0898428054754517 0.0833669604765248 0.0672710504056992 0.0511845493465243 0.0215947898600122 -0.0731513896794783 0.183471270091068 0.316407684034508 0.137942042463928 -0.0524483364350827 -0.109115396303814 -0.10837387457498 -0.0821955106892573 -0.0381207317150637 0.0103079551493517 -0.0457594109226138 -0.0939074361702598 -0.0856689990855438 -0.0523766894404399 -0.00974738205514958 0.0415581933852747 0.105747434325336 0.154052135356846 0.179435340751382 0.204544031141711 0.162861969224377 0.134613555349641 0.122080445063723
-9999 -9999 -9999 -9999 -9999 -9999 -9999 -9999 -9999 -9999 -9999 -9999 -9999 -9999 -9999 -9999 -9999 -9999 0.113278783643579 0.0083385088303502 0.135563856664023 0.251161778084646 -0.0182343952905083 -0.078383412169325 0.00252828459838644 0.0439261305331718 0.0717108274253039 0.0874488391198372 0.089123530444319 0.0765056946388104 0.0594604905868379 0.0498858476639003 0.00117531790098896 -0.0644849956196014 0.064158335104345 0.31832283675278 0.206708376866833 0.0135727961840314 -0.0751449178354395 -0.108633962378008 -0.0870530684395762 -0.0804173744834946 -0.0763340872724957 -0.0798027354573548 -0.0707543021784626 -0.0520130381922326 -0.0243896394693841 0.0137191593656724 0.0498997555687697 0.0840364041252932 0.110277709681199 0.112630220021245 0.0860200491272234 0.0516278306304596 0.05011104382936
-9999 -9999 -9999 -9999 -9999 -9999 -9999 -9999 -9999 -9999 -9999 -9999 -9999 -9999 -9999 -9999 -9999 -9999 -9999 -9999 0.0180207809294009 0.0335982875517079 0.0771294662672493 -0.0456920841128297 -0.0902897669074634 -0.0413166508368373 0.0212950879333144 0.0629409367645996 0.0834345498099565 0.0799778038802833 0.0692728146744364 0.0577016389483218 0.0388614388863806 0.0136824058982227 -0.0419451158450581 0.0342283538413995 0.341634358535006 0.24667403294681 0.0756227126859901 -0.0438245088541767 -0.0601580637283936 -0.0534110087265881 -0.0604945748972798 -0.0614598888044381 -0.055233163695366 -0.0450548646803945 -0.0298292987475561 -0.00483478841896212 0.0139458110377388 0.0378873113904719 0.0604098269499426 0.0670434265796408 0.0428495176860987 0.0069005925934702 0.00520834952496846
-9999 -9999 -9999 -9999 -9999 -9999 -9999 -9999 -9999 -9999 -9999 -9999 -9999 -9999 -9999 -9999 -9999 -9999 -9999 -9999 -9999 -9999 0.0306458943405897 0.020217793011697 -0.00415921121683938 -0.0788270021235947 -0.0230447652810906 0.0202724798294246 0.058278672734676 0.0745602499790729 0.0719404765665707 0.064475940107331 0.0503169214097269 0.0503293304371331 0.0368038233613248 -0.0423822751278368 -0.0245276944869234 0.203398718593713 0.303687675911952 0.114638394352968 0.0505800698426688 -0.0230750027729285 -0.0451974568323745 -0.0408856244511089 -0.0443085851119616 -0.0336058901708264 -0.0237564382482148 -0.00605486405450439 0.0047697887948569 0.0145659226657941 0.0368683284689809 0.0394906907659327 0.0192048131266628 -0.0126482998528794 -0.0209270826791407
-9999 -9999 -9999 -9999 -9999 -9999 -9999 -9999 -9999 -9999 -9999 -9999 -9999 -9999 -9999 -9999 -9999 -9999 -9999 -9999 -9999 -9999 -9999 -9999 0.0481071861270002 0.028856351149486 -0.0680687226087014 -0.0716580384612855 -0.0107541626397377 0.0353585681887528 0.0535134164513852 0.0633763482854799 0.0613524594119554 0.0618399216546895 0.0574113278772587 0.0346037767935023 -0.0167830913678251 -0.0359504255238724 0.255871542158796 0.399272974366098 0.289908113966676 0.0978253816095517 0.00487848260378299 -0.0230857550089085 -0.030744258701995 -0.021671403847397 -0.00422247195189052 0.0116713504880977 0.0178684589126117 0.0224040407361222 0.0316952340715897 0.0272240572356339 0.000439267156812861 -0.0352596747972115 -0.0490339413860325
-9999 -9999 -9999 -9999 -9999 -9999 -9999 -9999 -9999 -9999 -9999 -9999 -9999 -9999 -9999 -9999 -9999 -9999 -9999 -9999 -9999 -9999 -9999 -9999 -9999 -9999 0.0084042508149974 -0.0108141441119656 -0.0816431145202229 -0.0369709495012063 -0.00451673779457074 0.0205368453074212 0.0535343266073625 0.073730947667289 0.0712619794373953 0.0621996849665157 0.0656604289242305 -0.00765000031195395 -0.0418454487139557 0.195126990552701 0.557715072427512 0.344073224919833 0.0925935008967507 -0.0023455703741061 -0.0318779238390789 -0.0101186305425305 0.0233124143722771 0.0335297222289859 0.0465038210250705 0.0428442694021522 0.0336648219482458 0.0246331640060289 -0.0160286131102714 -0.0609126162596062 -0.0738728409428755
-9999 -9999 -9999 -9999 -9999 -9999 -9999 -9999 -9999 -9999 -9999 -9999 -9999 -9999 -9999 -9999 -9999 -9999 -9999 -9999 -9999 -9999 -9999 -9999 -9999 -9999 0.0490926604989833 0.00819934193712735 0.032168618202002 -0.0361732140331652 -0.0525779469303151 -0.0318119812042066 0.0142873076835912 0.052880301995296 0.0624350752747854 0.0602755339697761 0.0578239195458525 0.0145690170677164 -0.043275076498746 0.0011102292286313 0.531287388125089 0.664585264976086 0.245482172650953 0.0338764971564591 -0.0268675845779728 -0.0138954182480355 0.0266493133279965 0.0362372635056362 0.0431835118913041 0.0355781475483867 0.0208192703022971 0.00288443377302638 -0.0370857381148365 -0.0731060782973956 -0.0812149906044278
-9999 -9999 -9999 -9999 -9999 -9999 -9999 -9999 -9999 -9999 -9999 -9999 -9999 -9999 -9999 -9999 -9999 -9999 -9999 -9999 -9999 -9999 -9999 -9999 -9999 -9999 -9999 -9999 0.0180587008284929 0.113954896763872 0.0508040251137737 0.0198342436796421 -4.72587150770476e-05 0.00985407061924037 0.0200315690669499 0.0226301164432329 0.00470371969105693 -0.0196576944494796 -0.0501212439380289 -0.0803511297279607 0.389460642932776 0.879438932356433 0.461210945961336 0.0973869983746373 -0.0097882981360996 -0.0149029776142209 0.0139918570340127 0.0196526110062381 0.0184369689768138 0.00568709144058965 -0.0111112786520855 -0.027925594938449 -0.0535262660031052 -0.0784250439700361 -0.0792090057300764
-9999 -9999 -9999 -9999 -9999 -9999 -9999 -9999 -9999 -9999 -9999 -9999 -9999 -9999 -9999 -9999 -9999 -9999 -9999 -9999 -9999 -9999 -9999 -9999 -9999 -9999 -9999 -9999 0.0278188309305403 0.11944132517602 0.184585743901646 0.0390919958408871 -0.0217594768520017 -0.0187529461484409 -0.00609798440129361 -0.0145463165930423 -0.0368323723352512 -0.051875976107735 -0.0705528119469053 -0.108862743998003 0.226811346865328 0.865221209609909 0.642946280763976 0.139603215584484 -0.0400386961037135 -0.036742974936235 0.00282658834197708 0.00210848022210369 -0.0103700900859163 -0.0287343125212532 -0.0483965425711199 -0.0597740287412815 -0.0605539570637141 -0.0565067043643137 -0.0487847812304794
-9999 -9999 -9999 -9999 -9999 -9999 -9999 -9999 -9999 -9999 -9999 -9999 -9999 -9999 -9999 -9999 -9999 -9999 -9999 -9999 -9999 -9999 -9999 -9999 -9999 -9999 -9999 -9999 -9999 0.0912990791715904 0.252599983176258 0.0864492844819981 -0.0740311492970074 -0.0535326943809681 -0.0166498830815197 -0.0374721452162075 -0.077938761177192 -0.0773032432357661 -0.0755981131644615 -0.109041919275317 0.127114531491736 0.803965376791227 0.770590438155291 0.180635307252106 -0.0748038345477405 -0.0701849808873299 -0.00181228357377061 -0.015280462825489 -0.0297255977679611 -0.0451487401244651 -0.072626876642617 -0.0889933866934463 -0.0650134706186106 -0.0226848275020634 -0.00241100755480461
-9999 -9999 -9999 -9999 -9999 -9999 -9999 -9999 -9999 -9999 -9999 -9999 -9999 -9999 -9999 -9999 -9999 -9999 -9999 -9999 -9999 -9999 -9999 -9999 -9999 -9999 -9999 -9999 -9999 0.0768719711491967 0.255207027722694 0.141979208148168 -0.11505843563068 -0.0724895018557496 -0.0196661261002624 -0.0442504248499795 -0.0877587857148779 -0.08106182105575 -0.072365386123227 -0.0950912528689516 0.0906179095510354 0.733815611929801 0.85888823745182 0.274419845147762 -0.05870942528815 -0.112529184942828 -0.0930774850160657 -0.0634879549115502 -0.0313059453799696 -0.0308393576727812 -0.0723871694273015 -0.0909624007673888 -0.0692910070795392 -0.0195079469507569 0.00938362818902744
-9999 -9999 -9999 -9999 -9999 -9999 -9999 -9999 -9999 -9999 -9999 -9999 -9999 -9999 -9999 -9999 -9999 -9999 -9999 -9999 -9999 -9999 -9999 -9999 -9999 -9999 -9999 -9999 -9999 0.0720890238484283 0.249565087154215 0.196918247096453 -0.132703165077791 -0.0476567632057263 0.00994414925272091 -0.0318349185252805 -0.0854644840438497 -0.0715596606112346 -0.0513307358735288 -0.0765814533285714 0.0770139231732012 0.686188512930591 0.879212798655748 0.294781498078343 -0.0692482737619863 -0.139788992270229 -0.157513844462297 -0.123585234896317 -0.0425323141619579 -0.014167616303671 -0.0673064050365235 -0.103710859126059 -0.0621958595981278 -0.0135449993939454 0.0143585414599581
-9999 -9999 -9999 -9999 -9999 -9999 -9999 -9999 -9999 -9999 -9999 -9999 -9999 -9999 -9999 -9999 -9999 -9999 -9999 -9999 -9999 -9999 -9999 -9999 -9999 -9999 -9999 -9999 -9999 0.0657289634283187 0.246145619089038 0.113041314936526 -0.14217066000377 -0.0409892021819976 0.0170486994477322 -0.00663019241495399 -0.0468041066422942 -0.0436729624988615 -0.0365992716538051 -0.0670214962658172 0.0955606728534902 0.70739189383124 0.844242162721404 0.262221871682756 -0.0956211506724172 -0.170342782783282 -0.178344117443675 -0.163487897863997 -0.123523133381409 -0.0865956252846612 -0.0620870646148177 -0.0472246419447688 -0.032142090922475 -0.0156292495194984 0.00799090323645668
-9999 -9999 -9999 -9999 -9999 -9999 -9999 -9999 -9999 -9999 -9999 -9999 -9999 -9999 -9999 -9999 -9999 -9999 -9999 -9999 -9999 -9999 -9999 -9999 -9999 -9999 -9999 -9999 -9999 0.0614638552587956 0.228818834670639 0.0201446074968173 -0.134395629299544 -0.0237491154772046 0.0285542030600855 0.008988483987458 -0.0107130862574905 -0.0244728385261791 -0.023960647136112 -0.0609213389547923 0.121295196226417 0.738894725365119 0.778247894875249 0.164099647141811 -0.148805236917535 -0.196600824143724 -0.20635305399132 -0.183285966883196 -0.152984060743565 -0.122763048959635 -0.0598282016422079 0.0251836399280612 -0.00862627553629047 -0.0178066629715763 0.0154120706158679
