meets/meet006/_saidas_enm/CCSM_Maxent_0k_T_subalaris4.asc
NCOLS 154 
NROWS 168 
XLLCORNER -112 
YLLCORNER -55.5 
CELLSIZE 0.5 
NODATA_value -9999 
[rows 72 to 95 of 168, columns 56 to 111 of 154]
-9999 -9999 -9999 -9999 -9999 -9999 -9999 -9999 -9999 0.205507978796959 0.0477090626955032 0.200541630387306 0.111291833221912 0.111934207379818 0.1288191229105 0.143942028284073 0.137742042541504 0.0274066217243671 0.0328750088810921 0.04335892572999 0.0595442056655884 0.0643163248896599 0.0633686706423759 0.0677336677908897 0.0728482455015182 0.0776571333408356 0.079912543296814 0.129968374967575 0.132813110947609 0.136532157659531 0.1409612596035 0.143358677625656 0.145609676837921 0.149113446474075 0.15288582444191 0.154941558837891 0.157052978873253 0.159071028232574 0.161428615450859 0.163779139518738 0.16522054374218 0.0275999344885349 0.0274044293910265 0.0272811576724052 0.0271872933954 0.0273131709545851 0.0275593157857656 0.0274359416216612 0.0273214094340801 0.0272104516625404 0.0270828548818827 0.0269781481474638 0.0268539618700743 0.0267906803637743 0.0267551317811012 0.0267006997019053
-9999 -9999 -9999 -9999 -9999 -9999 -9999 -9999 -9999 -9999 0.0514548122882843 0.0369843207299709 0.130141362547874 0.126160204410553 0.144331499934196 0.162296697497368 0.175099313259125 0.0357219465076923 0.0405366830527782 0.0481856651604176 0.0583120323717594 0.0623776614665985 0.0651276111602783 0.0699130892753601 0.0754115283489227 0.129602536559105 0.131842955946922 0.131403848528862 0.132140532135963 0.133529171347618 0.135546669363976 0.137926608324051 0.140416786074638 0.143871903419495 0.147944182157516 0.150251552462578 0.152115777134895 0.154158994555473 0.156248211860657 0.158453091979027 0.160725861787796 0.162532359361649 0.163480818271637 0.0272169765084982 0.0271470285952091 0.0273532141000032 0.0273018255829811 0.0272064600139856 0.0270964279770851 0.0269403755664825 0.0268073994666338 0.0266964863985777 0.0265790857374668 0.0264986399561167 0.0264277942478657 0.0263751223683357
-9999 -9999 -9999 -9999 -9999 -9999 -9999 -9999 -9999 -9999 -9999 0.0392847247421741 0.0262091681361198 0.154195308685303 0.169346287846565 0.194477260112762 0.223997846245766 0.0480080544948578 0.0505066327750683 0.0524406768381596 0.0561527200043201 0.0608128234744072 0.0664728954434395 0.0719130784273148 0.0767777562141418 0.130540728569031 0.130936279892921 0.130725890398026 0.131555885076523 0.132574737071991 0.134221449494362 0.135739400982857 0.137277573347092 0.139474153518677 0.14249861240387 0.14618869125843 0.148084580898285 0.149763345718384 0.151736229658127 0.153975427150726 0.155968248844147 0.158344849944115 0.160313665866852 0.161851435899734 0.0270995628088713 0.0271050240844488 0.027056097984314 0.026956632733345 0.0268511399626732 0.0267205256968737 0.0265935100615025 0.0264967530965805 0.0263823438435793 0.0262932572513819 0.0261894408613443 0.0260861627757549
-9999 -9999 -9999 -9999 -9999 -9999 -9999 -9999 -9999 -9999 -9999 0.0404331050813198 0.0286439023911953 0.027931559830904 0.0318140462040901 0.215713262557983 0.257908582687378 0.282128304243088 0.0611312389373779 0.0568612776696682 0.054926224052906 0.0581892319023609 0.065061166882515 0.0708789527416229 0.0753629729151726 0.127792149782181 0.128312885761261 0.12868732213974 0.129635065793991 0.130429282784462 0.131981864571571 0.133592531085014 0.13550840318203 0.137684434652328 0.139491900801659 0.141542986035347 0.144039109349251 0.14597176015377 0.147940948605537 0.149914726614952 0.151957914233208 0.154098778963089 0.156237229704857 0.158439695835114 0.160195469856262 0.160955905914307 0.0267518721520901 0.0266810767352581 0.0265973191708326 0.0264758635312319 0.0263720005750656 0.0262674689292908 0.0261818375438452 0.0261010900139809 0.0259911864995956 0.0258952844887972
-9999 -9999 -9999 -9999 -9999 -9999 -9999 -9999 -9999 -9999 -9999 0.0367181114852428 0.0361502803862095 0.0324207693338394 0.034027062356472 0.040996115654707 0.0500276386737823 0.0631977394223213 0.0646467655897141 0.0621687024831772 0.0517091751098633 0.0562387555837631 0.0633388757705688 0.068471685051918 0.0720678493380547 0.0744981020689011 0.12568973004818 0.126245900988579 0.126995146274567 0.127574861049652 0.128980711102486 0.13075153529644 0.13348887860775 0.135640859603882 0.136628687381744 0.138823330402374 0.140543803572655 0.142479836940765 0.144616290926933 0.146760791540146 0.148807480931282 0.150873094797134 0.152934327721596 0.155087009072304 0.157237321138382 0.15871624648571 0.159335479140282 0.0264287311583757 0.026356702670455 0.026266910135746 0.0261789597570896 0.0260927360504866 0.0260014943778515 0.0259253028780222 0.0258538089692593 0.0258125532418489
-9999 -9999 -9999 -9999 -9999 -9999 -9999 -9999 -9999 -9999 -9999 -9999 0.0389951840043068 0.0393764302134514 0.0439038909971714 0.0509632602334023 0.0582944005727768 0.0664364099502563 0.0697606950998306 0.0620187260210514 0.288758426904678 0.0593367405235767 0.0612041763961315 0.0641106814146042 0.0690114051103592 0.0738330036401749 0.122153766453266 0.122537605464458 0.123535491526127 0.121544286608696 0.121561586856842 0.12309205532074 0.126432701945305 0.130770325660706 0.132150009274483 0.134220778942108 0.136011376976967 0.138432189822197 0.140555679798126 0.142713114619255 0.145405501127243 0.147499978542328 0.149642020463943 0.151810973882675 0.153843089938164 0.155870854854584 0.157285034656525 0.0261571109294891 0.0261024571955204 0.0260348096489906 0.025972181931138 0.0258790403604507 0.0257991012185812 0.0257401335984468 0.0256790202111006 0.0256479065865278
-9999 -9999 -9999 -9999 -9999 -9999 -9999 -9999 -9999 -9999 -9999 -9999 0.218126654624939 0.0480171032249928 0.101297423243523 0.099278450012207 0.0940917357802391 0.0999882370233536 0.0597290173172951 0.0612486861646175 0.066029854118824 0.298800319433212 0.0585653595626354 0.0601522736251354 0.0683084800839424 0.0770592913031578 0.0729854106903076 0.0700302794575691 0.0688001066446304 0.068138912320137 0.113776639103889 0.114553734660149 0.115781806409359 0.119247622787952 0.124084368348122 0.128743261098862 0.131015807390213 0.133121386170387 0.136131957173347 0.138755947351456 0.141162067651749 0.144478857517242 0.14678230881691 0.149063527584076 0.151303082704544 0.153088226914406 0.155268132686615 0.155933126807213 0.0257491059601307 0.0257464628666639 0.0257551390677691 0.0256088394671679 0.0254513248801231 0.025378143414855 0.025345204398036 0.0253276899456978
-9999 -9999 -9999 -9999 -9999 -9999 -9999 -9999 -9999 -9999 -9999 -9999 -9999 0.228105202317238 0.110380589962006 0.0943328216671944 0.0785508826375008 0.0397311113774776 0.032682653516531 0.0328751318156719 0.0420948453247547 0.0539912693202496 0.0583478771150112 0.0706165581941605 0.0754539966583252 0.0740376189351082 0.0685800313949585 0.061478529125452 0.0577750504016876 0.0582567863166332 0.016203111037612 0.01679378002882 0.0175127685070038 0.110294446349144 0.114131160080433 0.11877516657114 0.125120088458061 0.126789510250092 0.131405040621758 0.134224101901054 0.137643277645111 0.141171634197235 0.144306540489197 0.146880805492401 0.149477854371071 0.151731640100479 0.153005242347717 0.153066799044609 0.153121814131737 0.0252975448966026 0.0253121368587017 0.025220949202776 0.0250931158661842 0.0250282306224108 0.0249872449785471 0.0249764733016491
-9999 -9999 -9999 -9999 -9999 -9999 -9999 -9999 -9999 -9999 -9999 -9999 -9999 0.18926502764225 0.119201891124249 0.0833318307995796 0.0668186694383621 0.0195751842111349 0.0178973823785782 0.0248834975063801 0.0332176238298416 0.0409443899989128 0.0646733790636063 0.0737188011407852 0.0133262779563665 0.076517753303051 0.0729353949427605 0.0581347197294235 0.0520557053387165 0.0520320236682892 0.052459828555584 0.0144730163738132 0.0148527026176453 0.0160666778683662 0.0292280577123165 0.105779990553856 0.116153880953789 0.121224641799927 0.1255704164505 0.127675667405128 0.12980180978775 0.138019546866417 0.141920849680901 0.145155817270279 0.148207098245621 0.151144176721573 0.151173070073128 0.150433033704758 0.147368744015694 0.150187492370605 0.0249117221683264 0.0248479135334492 0.0247768275439739 0.0247389059513807 0.0247214529663324 0.0246690940111876
-9999 -9999 -9999 -9999 -9999 -9999 -9999 -9999 -9999 -9999 -9999 -9999 -9999 -9999 0.0809131562709808 0.103236854076385 0.03783318400383 0.0165332201868296 0.0148547915741801 0.0211676228791475 0.029576363041997 0.0384976305067539 0.0637911409139633 0.0825755074620247 0.14430470764637 0.14386297762394 0.0140000320971012 0.0108079668134451 0.0594889186322689 0.0536639802157879 0.0502800233662128 0.0512104965746403 0.0511909537017345 0.0140245538204908 0.0153640080243349 0.0169029962271452 0.0307957492768764 0.116027221083641 0.124555766582489 0.128323093056679 0.131219670176506 0.13531357049942 0.139163732528687 0.142415821552277 0.145996928215027 0.148285880684853 0.148514553904533 0.144349217414856 0.134733363986015 0.135645344853401 0.136923745274544 0.138655006885529 0.0223968010395765 0.0228863693773746 0.0242655836045742 0.0264647379517555
-9999 -9999 -9999 -9999 -9999 -9999 -9999 -9999 -9999 -9999 -9999 -9999 -9999 -9999 0.314377844333649 0.136239051818848 0.0365541055798531 0.0185604970902205 0.014773023314774 0.0178806819021702 0.0247213859111071 0.0301833804696798 0.0814394429326057 0.10934129357338 0.132501780986786 0.161734580993652 0.148096233606339 0.0124063417315483 0.0105900457128882 0.00912974588572979 0.0477008894085884 0.0520133227109909 0.0516439042985439 0.0130969304591417 0.0138985682278872 0.0150627354159951 0.0173763558268547 0.0311803352087736 0.119263045489788 0.127517580986023 0.12955804169178 0.133259057998657 0.135814771056175 0.139734148979187 0.143142372369766 0.145579367876053 0.14602042734623 0.136342495679855 0.129433259367943 0.132094249129295 0.126892074942589 0.134119838476181 0.132000729441643 0.0217466298490763 0.0247344467788935 0.0422327369451523
-9999 -9999 -9999 -9999 -9999 -9999 -9999 -9999 -9999 -9999 -9999 -9999 -9999 -9999 -9999 0.24264869093895 0.0423671267926693 0.0300117414444685 0.0220103841274977 0.0173381455242634 0.0175273194909096 0.0194231364876032 0.0231414847075939 0.0503963977098465 0.0660161450505257 0.0842635035514832 0.105831161141396 0.0713606253266335 0.0699415281414986 0.0660093203186989 0.010982028208673 0.061628982424736 0.0499364882707596 0.0488043613731861 0.0136011578142643 0.0155659979209304 0.0167196914553642 0.0176858212798834 0.116502746939659 0.126244992017746 0.130731955170631 0.133336752653122 0.134311869740486 0.131137385964394 0.140384122729301 0.1428362429142 0.143915072083473 0.140977784991264 0.140660032629967 0.146318882703781 0.147704362869263 0.148548766970634 0.14272965490818 0.142716288566589 0.0322554148733616 0.0520454347133636
-9999 -9999 -9999 -9999 -9999 -9999 -9999 -9999 -9999 -9999 -9999 -9999 -9999 -9999 -9999 0.0473684929311275 0.207582637667656 0.0382707901299 0.0278157647699118 0.0178969837725163 0.0122957965359092 0.0135912047699094 0.0284217614680529 0.0309404637664557 0.0369177907705307 0.0433789528906345 0.0565956719219685 0.0724552273750305 0.0913041457533836 0.05947170779109 0.0786087512969971 0.0575111359357834 0.0502277612686157 0.0467267520725727 0.0535998716950417 0.0608201920986176 0.0611986219882965 0.0625863745808601 0.0703723654150963 0.125020101666451 0.130105450749397 0.133500963449478 0.133421182632446 0.117521494626999 0.125519037246704 0.140307828783989 0.142148479819298 0.143637508153915 0.145131126046181 0.146766930818558 0.148664176464081 0.149475529789925 0.149727284908295 0.150312870740891 0.24504554271698 0.0637081563472748
-9999 -9999 -9999 -9999 -9999 -9999 -9999 -9999 -9999 -9999 -9999 -9999 -9999 -9999 -9999 0.0824853554368019 0.0325615704059601 0.159374207258224 0.0232835337519646 0.0195988863706589 0.0162298511713743 0.0136059187352657 0.0144162299111485 0.0282284989953041 0.028819939121604 0.0300017092376947 0.0196333210915327 0.0213883556425571 0.0256152525544167 0.0351813584566116 0.0482500568032265 0.0535616986453533 0.00911873858422041 0.0573411248624325 0.0552060268819332 0.0558608956634998 0.0587462894618511 0.0647886618971825 0.0741550549864769 0.127544388175011 0.13335607945919 0.134031429886818 0.131892740726471 0.10981447249651 0.110787972807884 0.126258417963982 0.140558466315269 0.142745181918144 0.144818007946014 0.146715626120567 0.148370668292046 0.149639070034027 0.150954842567444 0.168758243322372 0.251190692186356 0.336053073406219
-9999 -9999 -9999 -9999 -9999 -9999 -9999 -9999 -9999 -9999 -9999 -9999 -9999 -9999 -9999 -9999 0.0447670444846153 0.0210209172219038 0.10766065120697 0.0196130070835352 0.00855674594640732 0.00921991746872663 0.00951351039111614 0.0125738736242056 0.0141236716881394 0.0144214434549212 0.0120971901342273 0.0112080024555326 0.013592584989965 0.0246008988469839 0.038889791816473 0.0466474071145058 0.0608709901571274 0.0106975166127086 0.0652198866009712 0.0572875924408436 0.0611310377717018 0.0675083771348 0.075075738132 0.12786029279232 0.133911550045013 0.132786497473717 0.126717761158943 0.100769408047199 0.106119699776173 0.123187586665154 0.139651596546173 0.142236545681953 0.144301816821098 0.145523518323898 0.146832808852196 0.148043230175972 0.149593725800514 0.171709820628166 0.253853976726532 0.326837092638016
-9999 -9999 -9999 -9999 -9999 -9999 -9999 -9999 -9999 -9999 -9999 -9999 -9999 -9999 -9999 -9999 -9999 0.0707385316491127 0.0127141065895557 0.0862421914935112 0.0803385600447655 0.0129943117499352 0.0132168298587203 0.0123915448784828 0.011714187450707 0.00885427184402943 0.00777501752600074 0.00733596133068204 0.00966141652315855 0.0180555582046509 0.0310299172997475 0.042653176933527 0.0641054213047028 0.0729498341679573 0.0684213191270828 0.0691627413034439 0.0657012909650803 0.0656723976135254 0.0691161826252937 0.0757635980844498 0.126311540603638 0.126744866371155 0.114883236587048 0.107059367001057 0.119378767907619 0.135147646069527 0.139470368623734 0.141347646713257 0.142595365643501 0.143843501806259 0.144871041178703 0.146216928958893 0.147456765174866 0.161409810185432 0.231257930397987 0.298414289951324
-9999 -9999 -9999 -9999 -9999 -9999 -9999 -9999 -9999 -9999 -9999 -9999 -9999 -9999 -9999 -9999 -9999 -9999 -9999 0.00709834042936563 0.0101864254102111 0.0763638019561768 0.0140931010246277 0.0124367717653513 0.0105698024854064 0.00850327033549547 0.00739549659192562 0.00664725434035063 0.0080546522513032 0.0129991266876459 0.022720305249095 0.0333633758127689 0.0581689290702343 0.0814329460263252 0.0777509957551956 0.0726876929402351 0.0120789865031838 0.0705606937408447 0.0671738460659981 0.0691754743456841 0.0620918832719326 0.118119090795517 0.11693748831749 0.121976800262928 0.129872888326645 0.133627861738205 0.137497588992119 0.139622494578362 0.141550779342651 0.142809331417084 0.143846452236176 0.145311340689659 0.146464094519615 0.148203909397125 0.19015234708786 0.243977546691895
-9999 -9999 -9999 -9999 -9999 -9999 -9999 -9999 -9999 -9999 -9999 -9999 -9999 -9999 -9999 -9999 -9999 -9999 -9999 -9999 -9999 0.0129491556435823 0.0888527259230614 0.100382328033447 0.0140078868716955 0.0103918807581067 0.00834550429135561 0.0075950687751174 0.00837081857025623 0.00963360723108053 0.0124384630471468 0.0219367947429419 0.0382464937865734 0.096713550388813 0.0753428190946579 0.140126883983612 0.081677570939064 0.0125782517716289 0.0742303058505058 0.070024311542511 0.0682044848799706 0.0721639022231102 0.123433746397495 0.126760169863701 0.129762500524521 0.132884219288826 0.135875090956688 0.138103350996971 0.141153022646904 0.143025472760201 0.144319906830788 0.145601242780685 0.147014126181602 0.148684486746788 0.150652855634689 0.188218981027603
-9999 -9999 -9999 -9999 -9999 -9999 -9999 -9999 -9999 -9999 -9999 -9999 -9999 -9999 -9999 -9999 -9999 -9999 -9999 -9999 -9999 -9999 -9999 0.101385965943336 0.120520189404488 0.0159039758145809 0.0102256620302796 0.0084869023412466 0.00836198404431343 0.00882942229509354 0.00991984456777573 0.0157526545226574 0.0265909843146801 0.0634947046637535 0.0866433456540108 0.119174607098103 0.143533483147621 0.083800196647644 0.0136581547558308 0.0810296833515167 0.0718262419104576 0.0715728923678398 0.121707834303379 0.125655680894852 0.129208356142044 0.132587388157845 0.135602205991745 0.137750133872032 0.140597984194756 0.143730565905571 0.145009398460388 0.146083280444145 0.147340506315231 0.148886427283287 0.150687694549561 0.152636811137199
-9999 -9999 -9999 -9999 -9999 -9999 -9999 -9999 -9999 -9999 -9999 -9999 -9999 -9999 -9999 -9999 -9999 -9999 -9999 -9999 -9999 -9999 -9999 -9999 -9999 0.110879309475422 0.0887815579771996 0.0107664735987782 0.0086903115734458 0.0094236945733428 0.0121433632448316 0.0135013172402978 0.0157678835093975 0.0220931172370911 0.0543588250875473 0.077250175178051 0.101060681045055 0.130573585629463 0.1410111784935 0.0794389471411705 0.0790338888764381 0.0740733370184898 0.0732929110527039 0.124226033687592 0.128514781594276 0.133344680070877 0.135609835386276 0.137781709432602 0.140408664941788 0.14313018321991 0.145504832267761 0.145521134138107 0.144715562462807 0.146198958158493 0.150048285722733 0.152781084179878
-9999 -9999 -9999 -9999 -9999 -9999 -9999 -9999 -9999 -9999 -9999 -9999 -9999 -9999 -9999 -9999 -9999 -9999 -9999 -9999 -9999 -9999 -9999 -9999 -9999 0.00973428599536419 0.0809320956468582 0.076530709862709 0.0704655796289444 0.00818387139588594 0.00895369611680508 0.0106141259893775 0.0124757681041956 0.0156235881149769 0.0218638461083174 0.0504067428410053 0.067834161221981 0.0908867344260216 0.121611744165421 0.0764447599649429 0.357483357191086 0.0766357183456421 0.125799253582954 0.126165553927422 0.128175988793373 0.132144093513489 0.133834719657898 0.135479286313057 0.138200834393501 0.141620814800262 0.14400090277195 0.143708035349846 0.142681121826172 0.144426122307777 0.149497777223587 0.153148323297501
-9999 -9999 -9999 -9999 -9999 -9999 -9999 -9999 -9999 -9999 -9999 -9999 -9999 -9999 -9999 -9999 -9999 -9999 -9999 -9999 -9999 -9999 -9999 -9999 -9999 -9999 -9999 0.0137359984219074 0.0667073354125023 0.0361534953117371 0.0214171502739191 0.00398527923971415 0.00694372551515698 0.0122661255300045 0.0154743380844593 0.0164581891149282 0.0250037647783756 0.0352997109293938 0.0495864450931549 0.0673033595085144 0.356166005134583 0.133077755570412 0.133785426616669 0.132211729884148 0.129511877894402 0.129942670464516 0.131508097052574 0.131607308983803 0.13412056863308 0.13878321647644 0.143145158886909 0.142276957631111 0.141039445996284 0.143204778432846 0.149940580129623 0.15377414226532
-9999 -9999 -9999 -9999 -9999 -9999 -9999 -9999 -9999 -9999 -9999 -9999 -9999 -9999 -9999 -9999 -9999 -9999 -9999 -9999 -9999 -9999 -9999 -9999 -9999 -9999 -9999 0.00568553246557713 0.010433504357934 0.0385772623121738 0.0263953916728497 0.0298956912010908 0.0506290644407272 0.0112878391519189 0.0141697749495506 0.0159670654684305 0.0196986794471741 0.0236317701637745 0.0337237231433392 0.0517197661101818 0.357355982065201 0.352206736803055 0.129075884819031 0.127614259719849 0.127435445785522 0.131935298442841 0.132335603237152 0.131506741046906 0.132132172584534 0.135127857327461 0.138456374406815 0.140680089592934 0.142484501004219 0.145366758108139 0.151175573468208 0.154338195919991
-9999 -9999 -9999 -9999 -9999 -9999 -9999 -9999 -9999 -9999 -9999 -9999 -9999 -9999 -9999 -9999 -9999 -9999 -9999 -9999 -9999 -9999 -9999 -9999 -9999 -9999 -9999 -9999 0.00567224528640509 0.0118525484576821 0.0547233708202839 0.0630071312189102 0.160230726003647 0.173761233687401 0.0180041547864676 0.0198684521019459 0.019740205258131 0.0192897729575634 0.0253357216715813 0.0439053885638714 0.12682643532753 0.334219694137573 0.0605451352894306 0.0635300725698471 0.120870254933834 0.133677110075951 0.13505120575428 0.135190218687057 0.134868249297142 0.132527634501457 0.132701233029366 0.138520359992981 0.144989207386971 0.149226471781731 0.152152746915817 0.154726624488831
