meets/meet006/_saidas_enm/CCSM_Maxent_0k_T_subalaris5.asc
NCOLS 154 
NROWS 168 
XLLCORNER -112 
YLLCORNER -55.5 
CELLSIZE 0.5 
NODATA_value -9999 
[rows 100 to 124 of 168, columns 55 to 109 of 154]
-9999 -9999 -9999 -9999 -9999 -9999 -9999 -9999 -9999 -9999 -9999 -9999 -9999 -9999 -9999 -9999 -9999 -9999 -9999 -9999 -9999 -9999 -9999 -9999 -9999 -9999 -9999 -9999 -9999 0.00541352201253176 0.0424975343048573 0.284429877996445 0.307875484228134 0.257327139377594 0.0387607775628567 0.0382971651852131 0.0419299080967903 0.0238922517746687 0.0250641945749521 0.0309203322976828 0.0508069135248661 0.0336672477424145 0.217268869280815 0.0687432363629341 0.0242298543453217 0.0101535664871335 0.0168513804674149 0.032939363270998 0.0491768158972263 0.0480729974806309 0.0536783933639526 0.0631928220391273 0.068637914955616 0.0768202915787697 0.0962424874305725
-9999 -9999 -9999 -9999 -9999 -9999 -9999 -9999 -9999 -9999 -9999 -9999 -9999 -9999 -9999 -9999 -9999 -9999 -9999 -9999 -9999 -9999 -9999 -9999 -9999 -9999 -9999 -9999 -9999 0.00531583884730935 0.0166637599468231 0.352034062147141 0.279729783535004 0.170245289802551 0.0263463873416185 0.0397706516087055 0.0440267734229565 0.028102520853281 0.0290965940803289 0.0371606200933456 0.0613298863172531 0.0397793278098106 0.24421714246273 0.0702742263674736 0.0171249527484179 0.0118201719596982 0.0122054032981396 0.0450947172939777 0.0559333935379982 0.0553378090262413 0.0652807578444481 0.0763635113835335 0.07939662784338 0.0879972279071808 0.1076740026474
-9999 -9999 -9999 -9999 -9999 -9999 -9999 -9999 -9999 -9999 -9999 -9999 -9999 -9999 -9999 -9999 -9999 -9999 -9999 -9999 -9999 -9999 -9999 -9999 -9999 -9999 -9999 -9999 0.00376629177480936 0.00467585492879152 0.0152821633964777 0.316146045923233 0.20867346227169 0.15608261525631 0.0284356046468019 0.0417248792946339 0.0473625175654888 0.0329758897423744 0.0311942119151354 0.0503413379192352 0.0714231505990028 0.0510104820132256 0.274777144193649 0.0894186571240425 0.0242419987916946 0.0145069928839803 0.0164145715534687 0.0495489984750748 0.072396494448185 0.0712196603417397 0.0794360414147377 0.0872851312160492 0.0873442739248276 0.0864778012037277 0.102772310376167
-9999 -9999 -9999 -9999 -9999 -9999 -9999 -9999 -9999 -9999 -9999 -9999 -9999 -9999 -9999 -9999 -9999 -9999 -9999 -9999 -9999 -9999 -9999 -9999 -9999 -9999 -9999 -9999 0.00384126673452556 0.00406443420797586 0.0147569654509425 0.179719924926758 0.154307559132576 0.148259222507477 0.204234167933464 0.0438678972423077 0.0499912314116955 0.0549046546220779 0.0314958766102791 0.0818832069635391 0.0620145834982395 0.284351676702499 0.26485213637352 0.0904295891523361 0.0264342110604048 0.011319987475872 0.0171611625701189 0.0299449693411589 0.0947841927409172 0.0922418683767319 0.0990888550877571 0.105085499584675 0.102702915668488 0.0954459458589554 0.107744179666042
-9999 -9999 -9999 -9999 -9999 -9999 -9999 -9999 -9999 -9999 -9999 -9999 -9999 -9999 -9999 -9999 -9999 -9999 -9999 -9999 -9999 -9999 -9999 -9999 -9999 -9999 -9999 -9999 0.00357000273652375 0.0041723046451807 0.016098365187645 0.0392257422208786 0.130320563912392 0.161382243037224 0.241357132792473 0.0453720800578594 0.051624059677124 0.0567896887660027 0.0310991071164608 0.0415843240916729 0.0397218726575375 0.241504594683647 0.218874752521515 0.0703965723514557 0.0160250160843134 0.0119835399091244 0.017941065132618 0.0312251597642899 0.086159385740757 0.119469277560711 0.127083823084831 0.135257542133331 0.131815701723099 0.129660323262215 0.141208410263062
-9999 -9999 -9999 -9999 -9999 -9999 -9999 -9999 -9999 -9999 -9999 -9999 -9999 -9999 -9999 -9999 -9999 -9999 -9999 -9999 -9999 -9999 -9999 -9999 -9999 -9999 -9999 -9999 0.00416259281337261 0.00571305584162474 0.0216827969998121 0.0309578366577625 0.0547952465713024 0.166642129421234 0.250142902135849 0.0453423149883747 0.0511782728135586 0.0366019904613495 0.0186941437423229 0.0240472257137299 0.0296929944306612 0.213644593954086 0.187693208456039 0.042377632111311 0.0164904445409775 0.0155044831335545 0.0179592985659838 0.044455960392952 0.0716314390301704 0.143584743142128 0.152282699942589 0.166561841964722 0.167221352458 0.163003519177437 0.160201042890549
-9999 -9999 -9999 -9999 -9999 -9999 -9999 -9999 -9999 -9999 -9999 -9999 -9999 -9999 -9999 -9999 -9999 -9999 -9999 -9999 -9999 -9999 -9999 -9999 -9999 -9999 -9999 -9999 0.00693144928663969 0.00958158075809479 0.033180832862854 0.0260779242962599 0.0190485510975122 0.172846600413322 0.260490596294403 0.0442196317017078 0.0484953671693802 0.0331295132637024 0.0201774947345257 0.0250995643436909 0.0335020944476128 0.238252937793732 0.177811115980148 0.0461481139063835 0.0209195595234632 0.0247883163392544 0.040956374257803 0.0727917104959488 0.107406847178936 0.159865900874138 0.174494132399559 0.18510390818119 0.201145395636559 0.212388157844543 0.210852831602097
-9999 -9999 -9999 -9999 -9999 -9999 -9999 -9999 -9999 -9999 -9999 -9999 -9999 -9999 -9999 -9999 -9999 -9999 -9999 -9999 -9999 -9999 -9999 -9999 -9999 -9999 -9999 -9999 0.0130905220285058 0.0161698199808598 0.0538290925323963 0.0174030270427465 0.0141327930614352 0.156174436211586 0.0394707918167114 0.0435506217181683 0.0309978127479553 0.0321096479892731 0.037870716303587 0.0323605388402939 0.0378494597971439 0.2371935993433 0.170293644070625 0.0735398679971695 0.023686358705163 0.0283711738884449 0.0459291487932205 0.0576155371963978 0.119950518012047 0.194936484098434 0.207968190312386 0.222376853227615 0.242271274328232 0.263420462608337 0.278529226779938
-9999 -9999 -9999 -9999 -9999 -9999 -9999 -9999 -9999 -9999 -9999 -9999 -9999 -9999 -9999 -9999 -9999 -9999 -9999 -9999 -9999 -9999 -9999 -9999 -9999 -9999 -9999 -9999 0.0240035373717546 0.0293256305158138 0.0459522269666195 0.00806165300309658 0.00793188624083996 0.119692042469978 0.0349621623754501 0.0436616949737072 0.0312326028943062 0.0362065881490707 0.0614937990903854 0.0511198453605175 0.0461181476712227 0.215567171573639 0.14967568218708 0.0697547346353531 0.0369856283068657 0.0252040568739176 0.0288184769451618 0.0472635291516781 0.10009778290987 0.220135316252708 0.264166504144669 0.282160133123398 0.300240129232407 0.323680996894836 0.34390726685524
-9999 -9999 -9999 -9999 -9999 -9999 -9999 -9999 -9999 -9999 -9999 -9999 -9999 -9999 -9999 -9999 -9999 -9999 -9999 -9999 -9999 -9999 -9999 -9999 -9999 -9999 -9999 -9999 0.0393137112259865 0.0420075654983521 0.0349923931062222 0.00562805263325572 0.00540947681292892 0.0923473015427589 0.0312624536454678 0.0457376129925251 0.033364936709404 0.0693788826465607 0.0987774133682251 0.114379398524761 0.0679129436612129 0.232944205403328 0.141129463911057 0.0494682900607586 0.0438304431736469 0.0401973761618137 0.0470254309475422 0.0718053802847862 0.152697265148163 0.227761715650558 0.418543428182602 0.438196748495102 0.452719539403915 0.473381668329239 0.492975801229477
-9999 -9999 -9999 -9999 -9999 -9999 -9999 -9999 -9999 -9999 -9999 -9999 -9999 -9999 -9999 -9999 -9999 -9999 -9999 -9999 -9999 -9999 -9999 -9999 -9999 -9999 -9999 0.0708983242511749 0.0697280243039131 0.0647818446159363 0.020611023530364 0.00531911011785269 0.00589363416656852 0.0656887367367744 0.0258330963551998 0.0494189970195293 0.0550692640244961 0.0814846083521843 0.10661930590868 0.122735567390919 0.105601266026497 0.240837976336479 0.107993490993977 0.0560147538781166 0.0488117672502995 0.0566746443510056 0.069504514336586 0.100801013410091 0.208329692482948 0.284960925579071 0.456142127513885 0.49319452047348 0.50338739156723 0.512533664703369 0.523726999759674
-9999 -9999 -9999 -9999 -9999 -9999 -9999 -9999 -9999 -9999 -9999 -9999 -9999 -9999 -9999 -9999 -9999 -9999 -9999 -9999 -9999 -9999 -9999 -9999 -9999 -9999 -9999 0.073452316224575 0.0657311528921127 0.0553063005208969 0.00774129992350936 0.0058325263671577 0.00650746282190084 0.0539734363555908 0.0238215625286102 0.0558323934674263 0.0674078017473221 0.0900906547904015 0.110717616975307 0.122724093496799 0.52190887928009 0.324081033468246 0.102527551352978 0.0781368538737297 0.071108765900135 0.0813956186175346 0.100650601089001 0.13338939845562 0.175512984395027 0.298402518033981 0.461936056613922 0.506014168262482 0.515564620494843 0.524821817874908 0.53261798620224
-9999 -9999 -9999 -9999 -9999 -9999 -9999 -9999 -9999 -9999 -9999 -9999 -9999 -9999 -9999 -9999 -9999 -9999 -9999 -9999 -9999 -9999 -9999 -9999 -9999 -9999 -9999 0.0727844089269638 0.0551637038588524 0.0393873117864132 0.00604135822504759 0.00635664258152246 0.00746079441159964 0.0608581304550171 0.0321294292807579 0.0668070837855339 0.0833587944507599 0.0993412584066391 0.115105256438255 0.523551642894745 0.516845524311066 0.310112059116364 0.169058084487915 0.125693038105965 0.0464102476835251 0.133140429854393 0.139667704701424 0.173200100660324 0.192538261413574 0.290485709905624 0.350390404462814 0.505810081958771 0.515121519565582 0.525029242038727 0.532705783843994
-9999 -9999 -9999 -9999 -9999 -9999 -9999 -9999 -9999 -9999 -9999 -9999 -9999 -9999 -9999 -9999 -9999 -9999 -9999 -9999 -9999 -9999 -9999 -9999 -9999 -9999 -9999 0.0647328123450279 0.0424919798970222 0.017233669757843 0.00623395480215549 0.00744194118306041 0.0343881398439407 0.16366071999073 0.0707906782627106 0.0827602371573448 0.095753125846386 0.109465219080448 0.523030400276184 0.523391008377075 0.487346053123474 0.276488661766052 0.267851382493973 0.100779175758362 0.0955962166190147 0.11995517462492 0.123808957636356 0.267710626125336 0.215846121311188 0.213025882840157 0.329628497362137 0.499745786190033 0.514951884746552 0.524329245090485 0.531881749629974
-9999 -9999 -9999 -9999 -9999 -9999 -9999 -9999 -9999 -9999 -9999 -9999 -9999 -9999 -9999 -9999 -9999 -9999 -9999 -9999 -9999 -9999 -9999 -9999 -9999 -9999 0.0945387631654739 0.0562743358314037 0.0374793857336044 0.00875568855553865 0.00666348077356815 0.00845017656683922 0.0803384706377983 0.390929311513901 0.424860596656799 0.0955273881554604 0.109321415424347 0.517213344573975 0.526456475257874 0.485628932714462 0.277527958154678 0.268864870071411 0.118541061878204 0.118336901068687 0.119390852749348 0.121897399425507 0.124352663755417 0.281313419342041 0.241733983159065 0.2030318826437 0.314472705125809 0.376332074403763 0.513259887695312 0.52302485704422 0.530453383922577
-9999 -9999 -9999 -9999 -9999 -9999 -9999 -9999 -9999 -9999 -9999 -9999 -9999 -9999 -9999 -9999 -9999 -9999 -9999 -9999 -9999 -9999 -9999 -9999 -9999 -9999 0.0769300162792206 0.047280166298151 0.0203439574688673 0.0056367190554738 0.00731627177447081 0.0258459001779556 0.187986105680466 0.423613935709 0.457661658525467 0.481958240270615 0.508376061916351 0.527123808860779 0.492388844490051 0.27740415930748 0.269033521413803 0.118175439536572 0.117476411163807 0.11806233227253 0.119296327233315 0.121980167925358 0.124852627515793 0.282304853200912 0.273947507143021 0.2188471108675 0.239799171686172 0.389117240905762 0.404674619436264 0.520967125892639 0.527871072292328
-9999 -9999 -9999 -9999 -9999 -9999 -9999 -9999 -9999 -9999 -9999 -9999 -9999 -9999 -9999 -9999 -9999 -9999 -9999 -9999 -9999 -9999 -9999 -9999 -9999 -9999 0.0679118186235428 0.0461858920753002 0.00816622003912926 0.00609121192246675 0.00810143072158098 0.0568661652505398 0.313227981328964 0.440296143293381 0.477633476257324 0.490858554840088 0.488891303539276 0.487594038248062 0.279877632856369 0.120381444692612 0.118192367255688 0.116876110434532 0.117242470383644 0.117890745401382 0.119156897068024 0.122021965682507 0.125082150101662 0.28230956196785 0.253586560487747 0.213657826185226 0.243814155459404 0.395253509283066 0.402819097042084 0.410614371299744 0.525461554527283
-9999 -9999 -9999 -9999 -9999 -9999 -9999 -9999 -9999 -9999 -9999 -9999 -9999 -9999 -9999 -9999 -9999 -9999 -9999 -9999 -9999 -9999 -9999 -9999 -9999 -9999 0.0596715733408928 0.0466261506080627 0.0115962857380509 0.00651171617209911 0.00863936264067888 0.185128599405289 0.394444763660431 0.440135568380356 0.46716320514679 0.468779653310776 0.356151938438416 0.268328130245209 0.261114478111267 0.115619868040085 0.118819750845432 0.118871092796326 0.118351519107819 0.118174903094769 0.107371166348457 0.121679872274399 0.124621905386448 0.118805475533009 0.221346750855446 0.213764503598213 0.238164305686951 0.283070683479309 0.399499535560608 0.405711114406586 0.409848630428314
-9999 -9999 -9999 -9999 -9999 -9999 -9999 -9999 -9999 -9999 -9999 -9999 -9999 -9999 -9999 -9999 -9999 -9999 -9999 -9999 -9999 -9999 -9999 -9999 -9999 -9999 0.0607113912701607 0.0479242354631424 0.01765526086092 0.00670557143166661 0.01486527454108 0.304706186056137 0.402726680040359 0.441230058670044 0.3539177775383 0.267563998699188 0.258901536464691 0.10992170125246 0.103485286235809 0.103549160063267 0.109499506652355 0.114488057792187 0.116553209722042 0.0868187770247459 0.0591274835169315 0.0587859340012074 0.0553536154329777 0.0694548189640045 0.181561514735222 0.197528079152107 0.223266109824181 0.251417368650436 0.294302135705948 0.308468490839005 0.398424953222275
-9999 -9999 -9999 -9999 -9999 -9999 -9999 -9999 -9999 -9999 -9999 -9999 -9999 -9999 -9999 -9999 -9999 -9999 -9999 -9999 -9999 -9999 -9999 -9999 -9999 -9999 0.0603947341442108 0.0483727529644966 0.0309331249445677 0.00972367264330387 0.0181386210024357 0.288002133369446 0.405290454626083 0.33438503742218 0.2665094435215 0.262286573648453 0.111388921737671 0.104770451784134 0.0990554466843605 0.098490409553051 0.102956160902977 0.10808939486742 0.111570194363594 0.0521356426179409 0.0333667546510696 0.0363471917808056 0.0449458844959736 0.0528920739889145 0.149563059210777 0.174035146832466 0.200170487165451 0.229668840765953 0.269158780574799 0.299105614423752 0.301871210336685
-9999 -9999 -9999 -9999 -9999 -9999 -9999 -9999 -9999 -9999 -9999 -9999 -9999 -9999 -9999 -9999 -9999 -9999 -9999 -9999 -9999 -9999 -9999 -9999 -9999 -9999 0.0621310658752918 0.049597755074501 0.0346346013247967 0.0108004361391068 0.018918851390481 0.256727308034897 0.402791440486908 0.328733533620834 0.259615898132324 0.253593236207962 0.107882902026176 0.101590357720852 0.095803290605545 0.0950546711683273 0.0988223478198051 0.103055655956268 0.0956138893961906 0.0351942889392376 0.0237796846777201 0.0299382153898478 0.0388079509139061 0.0468609370291233 0.0545502416789532 0.0646554008126259 0.179035991430283 0.208633378148079 0.250485837459564 0.29040589928627 0.292974859476089
-9999 -9999 -9999 -9999 -9999 -9999 -9999 -9999 -9999 -9999 -9999 -9999 -9999 -9999 -9999 -9999 -9999 -9999 -9999 -9999 -9999 -9999 -9999 -9999 -9999 -9999 0.0636157020926476 0.0503735169768333 0.0303936060518026 0.00861488189548254 0.0155639098957181 0.156671062111855 0.251465618610382 0.242157399654388 0.250037252902985 0.107523411512375 0.102082766592503 0.0976849272847176 0.0938901454210281 0.0931028798222542 0.0950933918356895 0.0983114913105965 0.0752606987953186 0.031827300786972 0.0225003249943256 0.0271415859460831 0.0364145003259182 0.0426643192768097 0.0476835630834103 0.0560196004807949 0.0659724324941635 0.190137162804604 0.231499075889587 0.282927930355072 0.285236656665802
-9999 -9999 -9999 -9999 -9999 -9999 -9999 -9999 -9999 -9999 -9999 -9999 -9999 -9999 -9999 -9999 -9999 -9999 -9999 -9999 -9999 -9999 -9999 -9999 -9999 -9999 0.066529743373394 0.052577406167984 0.0359368287026882 0.00838377792388201 0.0128588322550058 0.0755756199359894 0.115829214453697 0.160480707883835 0.222730934619904 0.10259535908699 0.0978054478764534 0.0944952890276909 0.0916403383016586 0.0911027863621712 0.0928561836481094 0.0956261828541756 0.0740942060947418 0.0319660156965256 0.022690000012517 0.0279639773070812 0.0357483066618443 0.0398829914629459 0.0423484593629837 0.0479308515787125 0.0567402616143227 0.0693587809801102 0.088084377348423 0.114078842103481 0.124514974653721
-9999 -9999 -9999 -9999 -9999 -9999 -9999 -9999 -9999 -9999 -9999 -9999 -9999 -9999 -9999 -9999 -9999 -9999 -9999 -9999 -9999 -9999 -9999 -9999 -9999 -9999 0.0696082711219788 0.0540318563580513 0.0423883199691772 0.012491618283093 0.0122066531330347 0.0159620027989149 0.0660616606473923 0.103826336562634 0.0585577338933945 0.0868165716528893 0.0950570851564407 0.0924666151404381 0.089940533041954 0.0900040715932846 0.0924787074327469 0.0951334685087204 0.088249608874321 0.0351888500154018 0.0246773511171341 0.0294785685837269 0.0371875390410423 0.0388276465237141 0.0379657670855522 0.0428043268620968 0.0512467995285988 0.0603756085038185 0.0821018218994141 0.0942457169294357 0.119777984917164
-9999 -9999 -9999 -9999 -9999 -9999 -9999 -9999 -9999 -9999 -9999 -9999 -9999 -9999 -9999 -9999 -9999 -9999 -9999 -9999 -9999 -9999 -9999 -9999 -9999 0.0769588053226471 0.0706704556941986 0.0562139898538589 0.0438967049121857 0.0218041874468327 0.0167691633105278 0.0182330515235662 0.0215352773666382 0.0279406346380711 0.038476224988699 0.0592148266732693 0.0830942168831825 0.0856084227561951 0.087143637239933 0.0909609273076057 0.0937363281846046 0.0963227599859238 0.0989034548401833 0.0434472262859344 0.0299030244350433 0.0330743081867695 0.0395238250494003 0.039519477635622 0.0393886752426624 0.0460232049226761 0.0595750473439693 0.0755520835518837 0.0908397659659386 0.105534136295319 0.116285316646099
