meets/meet006/_saidas_enm/CCSM_Maxent_0k_S_lineola1.asc
NCOLS 154 
NROWS 168 
XLLCORNER -112 
YLLCORNER -55.5 
CELLSIZE 0.5 
NODATA_value -9999 
[rows 100 to 124 of 168, columns 56 to 111 of 154]
-9999 -9999 -9999 -9999 -9999 -9999 -9999 -9999 -9999 -9999 -9999 -9999 -9999 -9999 -9999 -9999 -9999 -9999 -9999 -9999 -9999 -9999 -9999 -9999 -9999 -9999 -9999 -9999 0.148179084062576 0.101838037371635 0.0750158876180649 0.0446243025362492 0.0307825691998005 0.0260250084102154 0.0335067100822926 0.0553385056555271 0.0864699110388756 0.131764590740204 0.212176650762558 0.32206067442894 0.464441448450089 0.491106450557709 0.29819992184639 0.231620833277702 0.222733497619629 0.226190596818924 0.228755936026573 0.235476344823837 0.248875677585602 0.265469908714294 0.281301468610764 0.294243633747101 0.307973921298981 0.327813446521759 0.373817890882492 0.401210010051727
-9999 -9999 -9999 -9999 -9999 -9999 -9999 -9999 -9999 -9999 -9999 -9999 -9999 -9999 -9999 -9999 -9999 -9999 -9999 -9999 -9999 -9999 -9999 -9999 -9999 -9999 -9999 -9999 0.14269532263279 0.0992999896407127 0.0614775791764259 0.0395740605890751 0.0312102288007736 0.0289402808994055 0.0387575849890709 0.0605362504720688 0.100407384335995 0.151571214199066 0.240658774971962 0.350826263427734 0.556918621063232 0.475239992141724 0.287533789873123 0.226241752505302 0.221529901027679 0.224971368908882 0.226858779788017 0.234894245862961 0.247026085853577 0.259415000677109 0.269783675670624 0.282019078731537 0.295807272195816 0.313550353050232 0.356769889593124 0.385701179504395
-9999 -9999 -9999 -9999 -9999 -9999 -9999 -9999 -9999 -9999 -9999 -9999 -9999 -9999 -9999 -9999 -9999 -9999 -9999 -9999 -9999 -9999 -9999 -9999 -9999 -9999 -9999 0.184935584664345 0.142079591751099 0.0875783190131187 0.0559293478727341 0.0372387282550335 0.0329217687249184 0.0343040078878403 0.0441267229616642 0.0725710466504097 0.117362096905708 0.178473368287086 0.283284842967987 0.392394483089447 0.564642250537872 0.455430567264557 0.283474773168564 0.22602105140686 0.220891460776329 0.224749192595482 0.226571723818779 0.233187332749367 0.244524016976357 0.256187677383423 0.266421109437943 0.274817794561386 0.281545013189316 0.296876609325409 0.337440669536591 0.359624058008194
-9999 -9999 -9999 -9999 -9999 -9999 -9999 -9999 -9999 -9999 -9999 -9999 -9999 -9999 -9999 -9999 -9999 -9999 -9999 -9999 -9999 -9999 -9999 -9999 -9999 -9999 -9999 0.184566542506218 0.135851234197617 0.0789400786161423 0.0484995469450951 0.0334428586065769 0.0329559035599232 0.038360096514225 0.0497553646564484 0.0796260386705399 0.136078521609306 0.204104125499725 0.31824916601181 0.421181321144104 0.56116259098053 0.439327359199524 0.277962058782578 0.22467640042305 0.236798584461212 0.240630134940147 0.225175350904465 0.230883553624153 0.240866482257843 0.2516750395298 0.262541890144348 0.268022447824478 0.272476762533188 0.283257603645325 0.317055732011795 0.336451858282089
-9999 -9999 -9999 -9999 -9999 -9999 -9999 -9999 -9999 -9999 -9999 -9999 -9999 -9999 -9999 -9999 -9999 -9999 -9999 -9999 -9999 -9999 -9999 -9999 -9999 -9999 -9999 0.190308794379234 0.119244948029518 0.0684503987431526 0.0406282208859921 0.029054818674922 0.0299026239663363 0.0401074476540089 0.0518248677253723 0.0870893821120262 0.149958029389381 0.226868003606796 0.344660252332687 0.453722268342972 0.549513459205627 0.42787566781044 0.276509672403336 0.243535950779915 0.237897202372551 0.240480735898018 0.239235639572144 0.243413433432579 0.253854036331177 0.266797989606857 0.276450544595718 0.283326864242554 0.28697282075882 0.296711385250092 0.310166835784912 0.323058694601059
-9999 -9999 -9999 -9999 -9999 -9999 -9999 -9999 -9999 -9999 -9999 -9999 -9999 -9999 -9999 -9999 -9999 -9999 -9999 -9999 -9999 -9999 -9999 -9999 -9999 -9999 -9999 0.193042010068893 0.0821578055620193 0.0552919134497643 0.032349843531847 0.0229937266558409 0.0256656017154455 0.038095485419035 0.0509731695055962 0.0870324745774269 0.160283908247948 0.253372669219971 0.381608992815018 0.480200529098511 0.534481346607208 0.419716596603394 0.353021323680878 0.245469480752945 0.237902030348778 0.238161206245422 0.237021580338478 0.242677748203278 0.252113610506058 0.264166384935379 0.274175196886063 0.28076359629631 0.285324931144714 0.292915135622025 0.302898555994034 0.31513637304306
-9999 -9999 -9999 -9999 -9999 -9999 -9999 -9999 -9999 -9999 -9999 -9999 -9999 -9999 -9999 -9999 -9999 -9999 -9999 -9999 -9999 -9999 -9999 -9999 -9999 -9999 -9999 0.202864587306976 0.0707908719778061 0.0426878966391087 0.0232355259358883 0.0178828146308661 0.0201151352375746 0.0346883833408356 0.0476540960371494 0.0826350376009941 0.165978372097015 0.289005398750305 0.424577236175537 0.576129853725433 0.522135257720947 0.413876980543137 0.352659344673157 0.248977601528168 0.237706497311592 0.235708236694336 0.23812061548233 0.241862341761589 0.251650989055634 0.263467371463776 0.275540858507156 0.280618607997894 0.281935095787048 0.288810402154922 0.297495633363724 0.309014856815338
-9999 -9999 -9999 -9999 -9999 -9999 -9999 -9999 -9999 -9999 -9999 -9999 -9999 -9999 -9999 -9999 -9999 -9999 -9999 -9999 -9999 -9999 -9999 -9999 -9999 -9999 -9999 0.206076622009277 0.0665790364146233 0.0329074487090111 0.0169257484376431 0.0143221756443381 0.0171971283853054 0.0322007201611996 0.0452543869614601 0.0804187282919884 0.172217071056366 0.32236635684967 0.462990343570709 0.572107017040253 0.510621607303619 0.404315441846848 0.352449417114258 0.323746919631958 0.239414259791374 0.235106512904167 0.236003413796425 0.240983471274376 0.249253377318382 0.259332329034805 0.2697574198246 0.276059061288834 0.279600590467453 0.361269384622574 0.36775329709053 0.377111434936523
-9999 -9999 -9999 -9999 -9999 -9999 -9999 -9999 -9999 -9999 -9999 -9999 -9999 -9999 -9999 -9999 -9999 -9999 -9999 -9999 -9999 -9999 -9999 -9999 -9999 -9999 -9999 0.16762937605381 0.0611418373882771 0.0264599714428186 0.0128610283136368 0.0128103885799646 0.0156765785068274 0.0320988893508911 0.046795055270195 0.0841199904680252 0.196702316403389 0.363007545471191 0.569503486156464 0.562453329563141 0.488510221242905 0.394217818975449 0.348872125148773 0.327045828104019 0.314279705286026 0.309058248996735 0.305863797664642 0.308761060237885 0.318263322114944 0.328531861305237 0.338344037532806 0.346437454223633 0.34983766078949 0.355651199817657 0.361723095178604 0.367654979228973
-9999 -9999 -9999 -9999 -9999 -9999 -9999 -9999 -9999 -9999 -9999 -9999 -9999 -9999 -9999 -9999 -9999 -9999 -9999 -9999 -9999 -9999 -9999 -9999 -9999 -9999 -9999 0.150016903877258 0.054828554391861 0.024385966360569 0.0140550965443254 0.0145404431968927 0.0195861309766769 0.0395258702337742 0.056922972202301 0.103492997586727 0.233960151672363 0.409915566444397 0.580256402492523 0.554800987243652 0.46447765827179 0.377423256635666 0.341489195823669 0.324621677398682 0.314095228910446 0.309252083301544 0.304554998874664 0.305430859327316 0.313714981079102 0.32135933637619 0.329197406768799 0.334562718868256 0.338593274354935 0.34589621424675 0.350074082612991 0.354903638362885
-9999 -9999 -9999 -9999 -9999 -9999 -9999 -9999 -9999 -9999 -9999 -9999 -9999 -9999 -9999 -9999 -9999 -9999 -9999 -9999 -9999 -9999 -9999 -9999 -9999 -9999 0.186674758791924 0.13166780769825 0.0492261946201324 0.0243753753602505 0.0162688903510571 0.019344424828887 0.0266848225146532 0.054196372628212 0.0776873826980591 0.136581495404243 0.282008022069931 0.462025970220566 0.570287644863129 0.546469926834106 0.419754654169083 0.358589828014374 0.330561578273773 0.318094521760941 0.307842433452606 0.302150428295135 0.300045281648636 0.300536870956421 0.307712435722351 0.313503712415695 0.319135785102844 0.32607102394104 0.327469110488892 0.334208369255066 0.339971333742142 0.343031823635101
-9999 -9999 -9999 -9999 -9999 -9999 -9999 -9999 -9999 -9999 -9999 -9999 -9999 -9999 -9999 -9999 -9999 -9999 -9999 -9999 -9999 -9999 -9999 -9999 -9999 -9999 0.165355190634727 0.102789998054504 0.0401762723922729 0.0260264556854963 0.0243806876242161 0.0283847227692604 0.042154848575592 0.0797383561730385 0.118792667984962 0.201049610972404 0.340573400259018 0.483167350292206 0.560905814170837 0.503994405269623 0.392167419195175 0.336625158786774 0.317719578742981 0.307887315750122 0.298588126897812 0.292649328708649 0.291028827428818 0.293993294239044 0.300308585166931 0.304942965507507 0.309615105390549 0.313490450382233 0.316591173410416 0.322575598955154 0.326283067464828 0.329899430274963
-9999 -9999 -9999 -9999 -9999 -9999 -9999 -9999 -9999 -9999 -9999 -9999 -9999 -9999 -9999 -9999 -9999 -9999 -9999 -9999 -9999 -9999 -9999 -9999 -9999 -9999 0.13989494740963 0.0506578534841537 0.0305778179317713 0.028074873611331 0.0342124029994011 0.0427713133394718 0.0650462284684181 0.116118237376213 0.187112644314766 0.284661024808884 0.400441080331802 0.573249816894531 0.546602725982666 0.437035351991653 0.355479180812836 0.323102504014969 0.306372076272964 0.297593295574188 0.289638549089432 0.285004377365112 0.286772966384888 0.28813236951828 0.293385088443756 0.296678394079208 0.301675409078598 0.305156737565994 0.307387799024582 0.312897801399231 0.31514447927475 0.317818403244019
-9999 -9999 -9999 -9999 -9999 -9999 -9999 -9999 -9999 -9999 -9999 -9999 -9999 -9999 -9999 -9999 -9999 -9999 -9999 -9999 -9999 -9999 -9999 -9999 -9999 -9999 0.112125284969807 0.0331204235553741 0.0224987585097551 0.0315134637057781 0.0489183478057384 0.0726373717188835 0.115666836500168 0.200129464268684 0.280479401350021 0.364552468061447 0.461526662111282 0.561224937438965 0.451937586069107 0.379244655370712 0.336653620004654 0.312174201011658 0.301025986671448 0.294110238552094 0.28715392947197 0.283305078744888 0.281690627336502 0.281318962574005 0.284682989120483 0.286751419305801 0.290038764476776 0.292935729026794 0.295621633529663 0.300674200057983 0.302933603525162 0.304851561784744
-9999 -9999 -9999 -9999 -9999 -9999 -9999 -9999 -9999 -9999 -9999 -9999 -9999 -9999 -9999 -9999 -9999 -9999 -9999 -9999 -9999 -9999 -9999 -9999 -9999 0.260308474302292 0.0617185868322849 0.0211304035037756 0.0175568051636219 0.0343402624130249 0.0608887784183025 0.107030645012856 0.195688426494598 0.303140640258789 0.359214305877686 0.440378308296204 0.572085976600647 0.456114619970322 0.373116225004196 0.336752712726593 0.316589295864105 0.304817378520966 0.296218544244766 0.291490584611893 0.284809768199921 0.282687604427338 0.280860155820847 0.275843381881714 0.276010870933533 0.276111572980881 0.279125034809113 0.28337362408638 0.284173429012299 0.288100868463516 0.289727002382278 0.292686074972153
-9999 -9999 -9999 -9999 -9999 -9999 -9999 -9999 -9999 -9999 -9999 -9999 -9999 -9999 -9999 -9999 -9999 -9999 -9999 -9999 -9999 -9999 -9999 -9999 -9999 0.156957566738129 0.0522408522665501 0.0230215769261122 0.0238372441381216 0.0366146340966225 0.0747284144163132 0.136372193694115 0.23742838203907 0.338605284690857 0.391447424888611 0.497043609619141 0.464656919240952 0.387386560440063 0.335510224103928 0.316400110721588 0.305666625499725 0.299098402261734 0.293381810188293 0.289788872003555 0.28551521897316 0.282425671815872 0.277586936950684 0.271925508975983 0.271290689706802 0.270528674125671 0.27185270190239 0.272803157567978 0.273437738418579 0.277379661798477 0.2792809009552 0.281570196151733
-9999 -9999 -9999 -9999 -9999 -9999 -9999 -9999 -9999 -9999 -9999 -9999 -9999 -9999 -9999 -9999 -9999 -9999 -9999 -9999 -9999 -9999 -9999 -9999 -9999 0.093334399163723 0.0482817180454731 0.0254631284624338 0.0278375074267387 0.042945496737957 0.0882706716656685 0.158309876918793 0.256385713815689 0.330999732017517 0.356422752141953 0.425021111965179 0.391443938016891 0.346614331007004 0.320217996835709 0.312540262937546 0.301452457904816 0.298382580280304 0.292405068874359 0.28834280371666 0.283827185630798 0.282371461391449 0.275751024484634 0.268184065818787 0.26599594950676 0.26390552520752 0.266166746616364 0.265153795480728 0.264244377613068 0.266797989606857 0.268173426389694 0.271784663200378
-9999 -9999 -9999 -9999 -9999 -9999 -9999 -9999 -9999 -9999 -9999 -9999 -9999 -9999 -9999 -9999 -9999 -9999 -9999 -9999 -9999 -9999 -9999 -9999 -9999 0.126544892787933 0.0488375499844551 0.0292538981884718 0.028982151299715 0.0447214618325233 0.0928622707724571 0.167868256568909 0.258038580417633 0.31877276301384 0.385156780481339 0.373342603445053 0.361059308052063 0.345875173807144 0.332431048154831 0.324164509773254 0.316435366868973 0.305208772420883 0.294709116220474 0.287830621004105 0.281403571367264 0.276987850666046 0.2711301445961 0.265252888202667 0.263619095087051 0.2603739798069 0.259028226137161 0.257827341556549 0.257022231817245 0.259985744953156 0.261186510324478 0.26360160112381
-9999 -9999 -9999 -9999 -9999 -9999 -9999 -9999 -9999 -9999 -9999 -9999 -9999 -9999 -9999 -9999 -9999 -9999 -9999 -9999 -9999 -9999 -9999 -9999 -9999 0.128211706876755 0.0502064786851406 0.028712784871459 0.027448732405901 0.0451558791100979 0.0962377414107323 0.169729113578796 0.259414702653885 0.367245048284531 0.353354811668396 0.329432368278503 0.250576436519623 0.219232007861137 0.221904382109642 0.305986851453781 0.328086942434311 0.311062842607498 0.294886708259583 0.285308331251144 0.276346951723099 0.272980511188507 0.268665134906769 0.263044118881226 0.260811477899551 0.255276799201965 0.25408673286438 0.25230672955513 0.251074135303497 0.252998679876328 0.252922505140305 0.252404689788818
-9999 -9999 -9999 -9999 -9999 -9999 -9999 -9999 -9999 -9999 -9999 -9999 -9999 -9999 -9999 -9999 -9999 -9999 -9999 -9999 -9999 -9999 -9999 -9999 -9999 0.122426673769951 0.0504454113543034 0.0269996225833893 0.0261215455830097 0.0434148795902729 0.097460001707077 0.168575331568718 0.246020749211311 0.343455970287323 0.334835261106491 0.25236302614212 0.220106974244118 0.193263664841652 0.191356122493744 0.211046278476715 0.234593257308006 0.301097631454468 0.290792286396027 0.282887399196625 0.277121275663376 0.272940546274185 0.266931384801865 0.261302083730698 0.259254992008209 0.254127979278564 0.250594735145569 0.244754418730736 0.238215073943138 0.234266221523285 0.228946402668953 0.182179823517799
-9999 -9999 -9999 -9999 -9999 -9999 -9999 -9999 -9999 -9999 -9999 -9999 -9999 -9999 -9999 -9999 -9999 -9999 -9999 -9999 -9999 -9999 -9999 -9999 -9999 0.1306441873312 0.0520963072776794 0.0242416318506002 0.0236110500991344 0.0400769710540771 0.0924895629286766 0.156131312251091 0.226920410990715 0.315215110778809 0.248778209090233 0.226936727762222 0.197795152664185 0.173069640994072 0.169713154435158 0.182544305920601 0.200662076473236 0.21716183423996 0.278564780950546 0.281804203987122 0.275848299264908 0.274196714162827 0.267461836338043 0.260086715221405 0.252011567354202 0.239843353629112 0.230859234929085 0.224823132157326 0.176672145724297 0.172656372189522 0.167475357651711 0.163625031709671
-9999 -9999 -9999 -9999 -9999 -9999 -9999 -9999 -9999 -9999 -9999 -9999 -9999 -9999 -9999 -9999 -9999 -9999 -9999 -9999 -9999 -9999 -9999 -9999 -9999 0.142709225416183 0.0494314841926098 0.0213877260684967 0.020827230066061 0.0347354076802731 0.0792689621448517 0.137949123978615 0.198320299386978 0.227380111813545 0.216335713863373 0.190979078412056 0.172715902328491 0.157704219222069 0.154451191425323 0.160572350025177 0.171952590346336 0.190238147974014 0.208776816725731 0.269426733255386 0.265921711921692 0.257393538951874 0.249066829681396 0.241234570741653 0.233501598238945 0.180450364947319 0.172620043158531 0.167616009712219 0.164124920964241 0.160485118627548 0.154387518763542 0.149847224354744
-9999 -9999 -9999 -9999 -9999 -9999 -9999 -9999 -9999 -9999 -9999 -9999 -9999 -9999 -9999 -9999 -9999 -9999 -9999 -9999 -9999 -9999 -9999 -9999 -9999 0.156395897269249 0.0498459115624428 0.0203188564628363 0.0181053727865219 0.0302717573940754 0.0647042244672775 0.114487059414387 0.169355809688568 0.196475028991699 0.184729427099228 0.163573414087296 0.151743158698082 0.142061501741409 0.141008630394936 0.1462562084198 0.155578255653381 0.173819988965988 0.190837576985359 0.20333406329155 0.199188128113747 0.192956730723381 0.188393443822861 0.181474357843399 0.175912141799927 0.167429953813553 0.160733237862587 0.156401410698891 0.151541724801064 0.147173792123795 0.142064064741135 0.138207569718361
-9999 -9999 -9999 -9999 -9999 -9999 -9999 -9999 -9999 -9999 -9999 -9999 -9999 -9999 -9999 -9999 -9999 -9999 -9999 -9999 -9999 -9999 -9999 -9999 -9999 0.158623427152634 0.0485339313745499 0.0199305322021246 0.0157469213008881 0.025504233315587 0.0530034564435482 0.0936503112316132 0.143597573041916 0.171002820134163 0.163134306669235 0.145909368991852 0.138427183032036 0.130423024296761 0.132068932056427 0.141834765672684 0.151616513729095 0.166062146425247 0.177605554461479 0.186100497841835 0.18151006102562 0.175865188241005 0.172064572572708 0.168174207210541 0.163433343172073 0.156986147165298 0.152447894215584 0.147283807396889 0.139022916555405 0.136823788285255 0.134738713502884 0.130682557821274
-9999 -9999 -9999 -9999 -9999 -9999 -9999 -9999 -9999 -9999 -9999 -9999 -9999 -9999 -9999 -9999 -9999 -9999 -9999 -9999 -9999 -9999 -9999 -9999 0.17899951338768 0.154725909233093 0.0467248186469078 0.0193100217729807 0.0135335782542825 0.0205158423632383 0.0401757396757603 0.0758944824337959 0.123537369072437 0.152258947491646 0.150189951062202 0.137380376458168 0.132533013820648 0.128807052969933 0.133349254727364 0.145630121231079 0.156839326024055 0.165526494383812 0.16862165927887 0.171556904911995 0.166538834571838 0.160666659474373 0.156786724925041 0.153669655323029 0.152343958616257 0.150537922978401 0.147675722837448 0.142059996724129 0.134686425328255 0.135372877120972 0.140797257423401 0.143091753125191
