meets/meet006/_saidas_enm/CCSM_Gower_0k_T_subalaris1.asc
NCOLS 154 
NROWS 168 
XLLCORNER -112 
YLLCORNER -55.5 
CELLSIZE 0.5 
NODATA_value -9999 
[rows 52 to 77 of 168, columns 59 to 117 of 154]
-9999 -9999 -9999 -9999 -9999 -9999 -9999 -9999 0 0 0 0.00294891859400237 0.0723044973755405 0.170300750801009 0.252673811817368 0.257434994931904 0.179701000150476 0.173062407531011 0.160405708058726 0.156612658764487 0.158114916414051 0.15381867093329 0.0148732538411632 0 0 0 0 0 0 0 0 0 0.139418170964522 0.338189937255811 0.494974603844346 0.508184404769079 0.517743076016412 0.555952148041489 0.52687772673539 0.488503826414179 0.453699396232637 0.436379909078124 0.422817816620582 0.404099263263472 0.408686056367119 0.404411185715875 0.30587139005262 0.285656645869605 0.35806480448733 0.413519894767184 0.437420706278649 0.410432438443019 0.393290647055173 0.391973291874908 0.392938965269288 0.408074345713603 0.432546200388036 0.448607691162036 0.400189352152931
-9999 -9999 -9999 -9999 -9999 -9999 -9999 0 0 0.0594854939071802 0.147320499355753 0.129244302356787 0 0.0394895829942226 0.13845849940581 0.154417855387791 0.106328558244693 0.0907030984155082 0.0866872683273943 0.0865271962014247 0.0312685645491348 0 0 0 0 0 0 0 0 0 0 0.014472852525372 0.187858159433792 0.365937009066177 0.426948075877518 0.447730773565906 0.456849383985831 0.498259382882929 0.506736604646907 0.488224453457622 0.468991691040597 0.451557652536252 0.424013970310776 0.378776267329281 0.344336006824273 0.281374303942892 0.296420808746019 0.373049150698585 0.433042093223066 0.455242886927775 0.438774417552039 0.408681701816704 0.385135403566325 0.386273185381864 0.397011921423981 0.413397265196904 0.435581466894816 0.457746418241677 0.446121801165696
-9999 -9999 -9999 -9999 -9999 -9999 -9999 0.00161338041463266 0.253800736369355 0.174050344088541 0.243014201617748 0.188970824299081 0 0 0.00333534700806992 0.0379472312357673 0.0213374103432744 0.0118257705968705 0.0141542424498924 0 0 0 0 0 0 0 0 0 0 0 0 0.105704776935498 0.23437985103944 0.338797841311345 0.358344518150751 0.378400840435899 0.387377806277002 0.411391100514598 0.426045951181332 0.433612522070593 0.414854929302333 0.366844568070151 0.318992628735837 0.24875039450301 0.270853274673622 0.350262801055406 0.416660003808756 0.506984138862324 0.49743394411191 0.471714043474513 0.444464340703115 0.413545527270552 0.389144078262514 0.397066871703026 0.413059269140894 0.430362960043054 0.451037581423275 0.470993932068923 0.494788286303697
-9999 -9999 -9999 -9999 -9999 0 0.112701025405169 0.375964973255674 0.335336762903782 0.244750791657907 0.27534684579749 0.224190393549644 0 0 0 0 0 0 0 0 0 0 0 0 0 0 0 0 0 0 0 0.109527132043819 0.21589820350891 0.266669396357041 0.296246159605141 0.313231132352999 0.306208036585587 0.302273617750543 0.290760526353485 0.300891826752483 0.27870946059492 0.224880395072339 0.274199937266058 0.341309213445758 0.408867626707431 0.467817074994921 0.529564288343978 0.528440660947694 0.504593745329439 0.479769228882237 0.454484749199825 0.42822264312359 0.416450634475891 0.418416402948882 0.43410688489132 0.450145469537111 0.465786060205258 0.482200346257487 0.50070849785088
-9999 -9999 -9999 -9999 -9999 0.0422044671677029 0.377952078600385 0.54231483494779 0.414718785483853 0.328534797702142 0.307429205381644 0.254718630860067 0.051052569575454 0 0 0 0 0 0 0 0 0 0 0 0 0 0 0 0 0 0 0 0.151539857576543 0.177026255433887 0.206540034976064 0.22366032642835 0.211707174203884 0.192994137594399 0.170032038658273 0.165583298731197 0.231148236444712 0.307357970535207 0.389862499723754 0.439846204045117 0.438105671352633 0.43605031053214 0.408712319541851 0.38386003479209 0.364792614127183 0.361387298306211 0.441475393432465 0.440264133961673 0.435430327352433 0.437976384406735 0.451096482895814 0.465449830966181 0.480163541517846 0.494990555596548 0.507142256611764
-9999 -9999 -9999 -9999 0.055250254511065 0.11517505840965 0.412817371310055 0.661199278395829 0.525989540884019 0.394399251816312 0.310439221441113 0.293060394252725 0.131747640133224 0.0789222963401807 0.0289277223018548 0.0211583902847391 0 0 0 0 0 0 0 0 0 0 0 0 0 0 0 0 0.0981484930371539 0.122448536428678 0.111421987283922 0.118030325721503 0.114957050918093 0.138600694060666 0.178185815714107 0.235856062183925 0.291637421223181 0.301017922812921 0.279578785681405 0.261705855191909 0.226115698231304 0.17379144043697 0.137894690247301 0.137709993969883 0.144204003421968 0.18570708183613 0.347241004761089 0.443686554938996 0.446448584059275 0.449399384218282 0.460357512338575 0.474604919565972 0.493331906491367 0.510639531543772 0.511277017272607
-9999 -9999 -9999 -9999 0 0.107657788687759 0.442992839360648 0.712183435787389 0.579419388724736 0.375907070734582 0.246228295885929 0.225361711602316 0.244578067783149 0.143187778110359 0.0964387412247355 0.103910974074121 0.111779811744208 0.0664745343884594 0.0322586481810099 0 0.00710310818405901 0.030193164952738 0.0204196051750657 0.0274223720886106 0.00549791272078193 0.0134461293011114 0.0451644894463281 0.0389845450298534 0.0321955329647492 0 0 0 0 0.0607065242747981 0.173924376676696 0.182482734655728 0.193188864510527 0.170085034249135 0.14878535520474 0.152645750772542 0.095408153555458 0.0189545882584007 0 0 0 0 0 0.00650473408956576 0.0534281658736768 0.0828547346394993 0.261718724385078 0.436017092368803 0.445323525029979 0.452187796289803 0.464560173308039 0.479891122207353 0.498022958837301 0.511895073696264 0.5074302193664
-9999 -9999 -9999 0.0447952603201214 0 0.147360249172827 0.482673752673456 0.708419076125446 0.563906832001583 0.266469443718588 0.12374396548936 0.155304027878983 0.210407894610962 0.181023382936836 0.154266309440352 0.16946986095126 0.172267547661505 0.181962637765335 0.193553942120733 0.188963850242036 0.200670967335538 0.192464245707393 0.194909233873217 0.184344583558032 0.191710233906504 0.201985228385739 0.184909598412991 0.189003718601478 0.168598092623848 0.153527039114509 0.136871131141609 0.0923554925524134 0.0615852554625153 0.0246324005676085 0.0087844371034147 0 0 0 0 0 0.0119700701274579 0.0315329975454386 0.0758921847882493 0.0626041478254025 0.0643237318781906 0.0725267702838556 0.113717481986207 0.167904729756168 0.190373888342326 0.227116707885883 0.259550373815387 0.421828089519149 0.434061481672905 0.44432935816188 0.461346361712625 0.476342922043878 0.489087114607517 0.50142738214246 0.493775508206427
-9999 -9999 -9999 0.00285548511548495 0.000710643676861022 0.180196344097996 0.506468564338826 0.661136621589249 0.514387887245444 0.207056281334217 0.127735592231966 0.156371450423464 0.206676453832561 0.201277732594318 0.19348177999877 0.21487946269346 0.22169297949182 0.233881564258949 0.258329418563611 0.281097890735677 0.293264747499453 0.292149468339991 0.288048376466567 0.294175673412187 0.300618438963455 0.298813089419015 0.29050034038928 0.280299730409966 0.272124500388796 0.265741418087245 0.257339006663926 0.24818216595962 0.232277975036597 0.217788441650558 0.195098230819147 0.189943589022627 0.160053478864261 0.130179820858436 0.124284574381604 0.137340065906645 0.124650577043727 0.096273250444783 0.0760447950545745 0.0692933477467254 0.0712219692970549 0.0854001582766788 0.125867992276366 0.183622943019755 0.277162808991854 0.38646205547572 0.395488658216957 0.397470720756128 0.410044054017922 0.421561839865212 0.435109028000492 0.449030227419904 0.462524595682408 0.471318503724893 0.470943620394462
-9999 -9999 -9999 0 0 0.188048043889325 0.512829169883198 0.620408166898599 0.482230992358649 0.230025806296805 0.169838136856197 0.18349349936868 0.210292378643768 0.2104598767962 0.224225804591569 0.254002520478123 0.267750845840396 0.280642427779309 0.31744278950931 0.347203553190869 0.358411077350897 0.347667542325768 0.332165574566274 0.338976891060497 0.3390781050508 0.339490937114512 0.340470072455495 0.329344234586555 0.331985424665054 0.323471622844797 0.319665096687719 0.31392202785203 0.30268314935805 0.330452637795589 0.304474448362817 0.266135594688841 0.228885771012793 0.209453214297905 0.209248067262022 0.187595254005603 0.161730267838813 0.138361312091841 0.12692125995367 0.124735269401357 0.136050228233913 0.153384629050072 0.189511456005255 0.237620755233605 0.309947579749768 0.385547841698475 0.384499224486669 0.38550802866611 0.382855692744377 0.400657509559389 0.404177645170939 0.416694074580036 0.436405064915354 0.436925156737114 0.416868239694764
-9999 -9999 -9999 -9999 0.0209953611279683 0.216883696798197 0.531948843700907 0.607439436795881 0.490425200003 0.268726130649139 0.227452275570521 0.221412715752365 0.218456332106235 0.222070056613305 0.259173785276199 0.295776119633866 0.316278278544782 0.339303636224847 0.374254367289648 0.405100981062837 0.416420445695836 0.404535777937635 0.389887528183313 0.389498899465108 0.392401650697897 0.394880843384307 0.398804260698665 0.396673816217976 0.395222165563565 0.390137537740884 0.38933580192095 0.39037462051165 0.396157294821807 0.411894420085946 0.392182661942878 0.357749532507144 0.333924494947355 0.315924376288274 0.284636685102946 0.253401964049421 0.235675524404659 0.226346945514738 0.216483727413138 0.224628558527075 0.233548339676636 0.251507159588887 0.283663770422191 0.325015038484501 0.380974541172773 0.385574383720051 0.386054006344316 0.388983789335339 0.390696371805638 0.402549872753958 0.409647997289714 0.421474956216458 0.436007889013719 0.421758549998734 0.273055678546246
-9999 -9999 -9999 -9999 -9999 0.248240069595102 0.575595184875092 0.618438894695949 0.493479222145211 0.298039957552863 0.2783510860586 0.26028631405549 0.24172702369758 0.252889166584781 0.296779733358373 0.338070365756036 0.360074507278498 0.390923596393841 0.421895627502841 0.445106325849991 0.442613443736175 0.442519569514316 0.442186203541265 0.442032200732855 0.441553626268475 0.439573882330356 0.436107694286632 0.432132253928248 0.432586286112403 0.432585877074399 0.431021102191078 0.428873959449927 0.424946984413902 0.421963287941553 0.416574013404312 0.411289455436571 0.406979072604496 0.383906752197698 0.357480791386468 0.334675054781047 0.268025311622592 0.20914107956643 0.143104832284796 0.127834919910712 0.106606316608144 0.109343555650752 0.143576176677964 0.174384742546809 0.258981185333119 0.342530495400893 0.396503683182705 0.40371461131016 0.412548335225551 0.424293801851674 0.436985285323664 0.448244056376708 0.416802401112861 0.311258515695337 0.184870284880531
-9999 -9999 -9999 0.0925539690998385 0.182737414093162 0.393187448482599 0.586243356967747 0.5690080996243 0.4674779531198 0.3126081712442 0.294627835912349 0.291948140511452 0.297043494816801 0.299160187396633 0.320361492947092 0.359475199439172 0.393468523166344 0.423863799553423 0.444482951932285 0.443189369245446 0.441180788128063 0.439392678494697 0.438054101627446 0.437099815964712 0.436441878335691 0.435049512970947 0.433135624151431 0.431744281381697 0.431743463305689 0.43212161894015 0.431307224274697 0.430059226600941 0.427407927476926 0.424212309551053 0.419516445327492 0.41349887137325 0.407085240690801 0.373693691813169 0.292781067317461 0.211033040997291 0.144188924389082 0.0928391698659901 0.0478983523917121 0.0305955241682383 0.0222646990604258 0.0304732738922961 0.0622100141328299 0.102061658859163 0.167506855235078 0.240414256337112 0.314144938979211 0.38913014587284 0.436342277581779 0.450351215652994 0.46380099877309 0.429546954971552 0.336733707530634 0.236604147675769 0.103540932088006
-9999 -9999 0.124775819982483 0.199436173327678 0.34089904526797 0.535633198878645 0.551430419949527 0.535679955341557 0.43664866674169 0.318069326112332 0.309309915342778 0.327647525058881 0.363019889403943 0.345589630106351 0.360072582012378 0.382222493683919 0.423966113695795 0.438965642818789 0.437799270951114 0.439941812014723 0.43888056291401 0.435363654157822 0.433484738087626 0.431558373608995 0.430817810303217 0.430411022008494 0.430351097940946 0.431294544096581 0.430555412423816 0.431525446049694 0.431454477956044 0.43103112362217 0.430912298082082 0.427050024904733 0.423754044959776 0.417519365563422 0.383223377644175 0.283958398076206 0.214389312342926 0.133641134668834 0.0745513066773662 0.0313293250901731 0 0 0 0 0.0242000541020863 0.0508144030374428 0.108021247586491 0.169532289427433 0.221530105082846 0.275874467650529 0.312977950114984 0.330997969981776 0.333404669416604 0.310023892651519 0.26793792586843 0.197027827928302 0.0836463082346731
-9999 -9999 0.30180469386666 0.347218800964934 0.494112909736678 0.516419593077983 0.513797380622666 0.472077413880263 0.402169900914284 0.351768909237209 0.362467338027529 0.366751055144327 0.375043451360794 0.366105540918123 0.393978443650103 0.424908118904465 0.431328494250891 0.430689781408046 0.431072231941546 0.432200767793875 0.431625251322607 0.430370527246124 0.427377652983565 0.426726129297686 0.42612022471139 0.425924684661809 0.426688389860757 0.427320214389998 0.428004293524217 0.428964990289551 0.429453736733733 0.429894375763808 0.42967229369265 0.427401706690619 0.424020916692343 0.418536878843693 0.358689527896947 0.268273253736712 0.195606013825483 0.124181327514529 0.0700428601484323 0.0350997809692329 0.00508486927859764 0 0 0.00670449839340614 0.026939986541227 0.0481741262700004 0.0835026604196124 0.118672284173814 0.15202521196692 0.182722001879671 0.199639524765873 0.202423150082095 0.186280876497798 0.152935430361726 0.102876112043929 0.0355655889361951 0
-9999 -9999 -9999 0.529656763251846 0.506563055658098 0.522922591955003 0.457442916026798 0.437109905496417 0.390903793656608 0.355664547711837 0.379506218226744 0.374555533918406 0.383279464783749 0.369852933901518 0.428902496027243 0.420942871627672 0.42615568319334 0.424545121618474 0.431627910069632 0.429019733209052 0.428457996205536 0.429485877462985 0.424134342362673 0.425476373328622 0.423361720703352 0.422599052302122 0.423902721752512 0.423571361201895 0.425000690535685 0.425588554841691 0.42621270706782 0.427435713655763 0.427749241285633 0.425566574730073 0.42286654611332 0.418423038454276 0.371034411636859 0.279962744320411 0.221083749424173 0.154188458281849 0.106565317127595 0.0765942479471814 0.043904943133027 0.0443575833836085 0.0403257184077664 0.0428554162842403 0.0542332210358856 0.0583856903231222 0.0773241584074582 0.0888489029032592 0.0983157428151762 0.109352832905475 0.105666620484622 0.0902868773852723 0.0618353327485468 0.0187650791660114 0 0 0
-9999 -9999 -9999 0.538216080897512 0.509049949408987 0.499599093064369 0.463750087835621 0.42979306912671 0.410655373818776 0.364279563522398 0.336769435935012 0.339670811977715 0.330709248265571 0.373631681218866 0.446982120083278 0.392075520129885 0.413704157321379 0.443406772944436 0.441418439208238 0.434066799166953 0.43186924249184 0.43380644647757 0.43490553159363 0.42929883915469 0.42315104340709 0.420368485691998 0.421111247577046 0.422807656002947 0.421564950258365 0.421038257017712 0.421214512629741 0.422245089561257 0.423404436769326 0.421888845865413 0.419830595035992 0.417175978159279 0.414208041012241 0.342470941410899 0.282064790680798 0.225302356559594 0.181219984413444 0.151475310174891 0.126128653207445 0.115224886245499 0.107201557241801 0.103008537373438 0.101718400434425 0.0968161194791995 0.0934020897412589 0.0827820272140584 0.0717783053141334 0.0559566955503316 0.0295085890342797 0.00152315163079775 0 0 0 0 0
-9999 -9999 -9999 0.459434562997153 0.499223941209003 0.489171576720922 0.473651456452298 0.456792176078268 0.431394065424423 0.400649490755589 0.362448910480381 0.333655730543084 0.32085903672008 0.3505661679883 0.434223106468621 0.360894243485462 0.403784698835885 0.458506819890636 0.4532363652124 0.435854499762315 0.4317228068865 0.436576042800919 0.442435103166543 0.433007595256259 0.421915802606077 0.417223670854299 0.418014332793911 0.41990088992126 0.416386353017386 0.413644437772833 0.413377980759352 0.4150503354782 0.417747046342256 0.417455706183548 0.416519477844354 0.415420472263462 0.414647850604141 0.41346569384628 0.369014364237569 0.314010418785732 0.273012135302306 0.245902799937553 0.214879809778102 0.201984724979878 0.184421684724748 0.170886618983802 0.16041409473332 0.141644562464821 0.122710134475283 0.0933135069219715 0.0614554142043396 0.0236356378954106 0 0 0 0 0 0 0
-9999 -9999 -9999 -9999 -9999 0.42361874068016 0.480802169859659 0.525300295613091 0.488328035122385 0.413742950599076 0.399903037577099 0.375314363807667 0.351434187970362 0.343023525406529 0.384751193213412 0.317896111721095 0.382972436167404 0.462593927624043 0.456173462598281 0.425386794005803 0.418492089182283 0.430327578255731 0.439648122728035 0.431190443924628 0.418008319367147 0.411683645928887 0.412085094005228 0.412688924996087 0.407115515184161 0.401348431558545 0.400355179344872 0.404218702360565 0.40919864915881 0.410655557311894 0.412140873722446 0.413378810197527 0.413708097152707 0.41500264278318 0.414934836212434 0.41374704201315 0.373204840342541 0.339075017282982 0.309042598514886 0.284393531249327 0.261807904993859 0.239520796854063 0.214932779909905 0.187508915683426 0.155596506135724 0.115718226710348 0.0707581065609216 0.0160645002428718 0 0 0 0 0 0 0
-9999 -9999 -9999 -9999 -9999 0.43690248592922 0.496764826297845 0.573959746565699 0.520289928055035 0.428493514495771 0.434048732365761 0.41486950631724 0.379957830650871 0.363959419270458 0.390652958984985 0.296227846132447 0.379584595944647 0.469873576976669 0.455131642802746 0.413674090187562 0.404997544806193 0.42257105876374 0.436360888810949 0.428078528240813 0.412729567466626 0.405843986463024 0.406619096436868 0.405549535911162 0.397682107468782 0.388495664969788 0.386860427609238 0.392569035843569 0.399066025062531 0.402265582819731 0.40536851102963 0.408302026492437 0.410764421072265 0.414007109614527 0.41585489050723 0.418524229911536 0.420246558280382 0.421342868187208 0.399774897868254 0.370268439589677 0.336831866870926 0.30396629421704 0.269178983137297 0.231325838637995 0.191592852992227 0.142868860821931 0.087038192267792 0.0206437232473511 0 0 0 0 0 0 0
-9999 -9999 -9999 -9999 -9999 -9999 0.511226325238536 0.593810202895025 0.531473248869555 0.433135655397389 0.381590075190502 0.456665108514354 0.416923215191149 0.410230715120327 0.440417512690421 0.314669330212313 0.383484199520921 0.4691121527327 0.453798792467547 0.407466367531872 0.396802903004068 0.41633015858108 0.431964343827711 0.424796648744818 0.409149919666072 0.401409809983441 0.401456258521199 0.39975300723036 0.38885066450837 0.37714729186959 0.37417168241944 0.37983259795875 0.387214597709646 0.391249607067868 0.39449872375598 0.39962091920111 0.404557113135662 0.410049238006511 0.414014574558095 0.41747561269973 0.421728556938238 0.424924796942741 0.427530269607629 0.430179097460372 0.403354421859796 0.36137125304436 0.31317920668921 0.265676669846351 0.218389604726083 0.168886023892801 0.108417326509892 0.0338898473936285 0 0 0 0 0 0 0
-9999 -9999 -9999 -9999 -9999 -9999 -9999 0.382010152139476 0.492038093884002 0.38937241804702 0.304620479371634 0.42748957600734 0.470737703698824 0.475187818815986 0.503396267928864 0.373050489367387 0.4135552731691 0.473718125173855 0.452000252365086 0.408522242327703 0.398170024474789 0.41574727090412 0.429119473149507 0.421729179016868 0.406787265026698 0.398571679910673 0.397279622594723 0.393453631656415 0.381302155043992 0.368166550037812 0.363814487937481 0.368893345238006 0.375052338400958 0.37919268640731 0.383095193017194 0.388960357706916 0.396099954151385 0.403481746542737 0.409865102731826 0.415515028215328 0.421814818508361 0.427258628605559 0.431982341499876 0.436146143858984 0.437854082043616 0.415048551070856 0.358610521598663 0.302359683185472 0.249999007163891 0.193759391236251 0.131727626065714 0.0604491313332118 0 0 0 0 0 0 0
-9999 -9999 -9999 -9999 -9999 -9999 -9999 -9999 0.296672127507915 0.410991391715676 0.278632076530738 0.371209869480291 0.540199105001018 0.543183267486878 0.571025228441931 0.461887518991578 0.464011244307015 0.471980122695949 0.446729388648845 0.421508133743429 0.408250601325633 0.418226461606977 0.425016449860996 0.417920398920676 0.406311996952849 0.397477650958827 0.392619424212655 0.386093612017137 0.374509471115906 0.362762552972978 0.358306237311442 0.360748972502216 0.36399945265034 0.370309610920551 0.373228818574852 0.380978052077401 0.390480303161243 0.397407770792646 0.408366722670029 0.415081439409735 0.424042689444418 0.433244019222423 0.438910627207286 0.444547170898873 0.446388659991727 0.447080956813063 0.403120096361478 0.340065887940619 0.282125092836495 0.219536393116317 0.158975372085603 0.0979412110640338 0.0395583996623177 0 0 0 0 0 0
-9999 -9999 -9999 -9999 -9999 -9999 -9999 -9999 0.257874049725167 0.4422126521651 0.314770831288617 0.349494413972502 0.532179938669751 0.579212697654863 0.61446184496825 0.600933094369544 0.528931097514183 0.491875526679038 0.452742860860883 0.42888930405615 0.413318053851262 0.41853439052917 0.420134791486401 0.412111221307717 0.402495751913088 0.393922678943957 0.388008162682868 0.38067261146973 0.369447824657497 0.359926249368519 0.356956542564006 0.360758837703514 0.365822557757359 0.3703950430525 0.374691325435612 0.384060451692487 0.396306484256775 0.407606335223778 0.417615165672549 0.425113908846472 0.43493723203892 0.445317389459922 0.453213254565188 0.456901754763946 0.457688334845145 0.458041334642376 0.455793875330807 0.392763537795029 0.331570017478627 0.266614570372184 0.208189412791653 0.1557696316795 0.104052527796019 0.0630151900628728 0.0259103609001518 0 0 0 0
-9999 -9999 -9999 -9999 -9999 -9999 -9999 -9999 0.356713472641019 0.420860900787746 0.375469574208027 0.367106763816071 0.450452253721002 0.529622646895769 0.515514785492269 0.597020406124524 0.629926957633449 0.517158779247439 0.480054941927852 0.453008735563316 0.420927941740535 0.42417954674317 0.41323241435977 0.409792526891579 0.400294630358151 0.389108619780564 0.382511683261604 0.375208894856349 0.362177384341039 0.356361676322728 0.355413884138304 0.361575004866984 0.374765767511752 0.373332290987091 0.379692422907301 0.390282689516226 0.404014453210154 0.42658906463939 0.426257289369686 0.435822185760019 0.446685008025439 0.45375318473013 0.470888400263957 0.470277706524368 0.467571715610601 0.468928290150017 0.468273420306024 0.456938348806502 0.39188085189811 0.328236191104095 0.272879261073375 0.223010126477392 0.180017831761155 0.138863780178272 0.103651062079553 0.0733515481553286 0.0454973390162302 0.0219859325193238 0
-9999 -9999 -9999 -9999 -9999 -9999 -9999 -9999 -9999 0.531961412884725 0.49577401960351 0.415238379338254 0.431664254800589 0.363652559907291 0.264390573002136 0.317855391968855 0.540767772113644 0.626992714547698 0.575309258011651 0.481773515100581 0.421773761318735 0.428152762957409 0.432437805317044 0.42084562000174 0.399674625322893 0.381999505188999 0.371072486681325 0.362715067637502 0.349832231074385 0.343397375864408 0.343271045613169 0.350888276302717 0.363094120883138 0.365319088785585 0.370960927246887 0.380979296234662 0.393639425807448 0.409797296161081 0.411155086452341 0.416852704630862 0.429297594997429 0.444675608832049 0.463437159468761 0.470817841208311 0.474709224256926 0.47926693021364 0.480978140702301 0.482331647456689 0.457250483537978 0.399336622399178 0.348045673700377 0.301854671335649 0.258790552711882 0.221930074467905 0.186982955193907 0.157697505064126 0.133158118890692 0.107935657430017 0.0838779403364583
