meets/meet006/_saidas_enm/CCSM_Maxent_0k_S_lineola2.asc
NCOLS 154 
NROWS 168 
XLLCORNER -112 
YLLCORNER -55.5 
CELLSIZE 0.5 
NODATA_value -9999 
[rows 100 to 124 of 168, columns 56 to 111 of 154]
-9999 -9999 -9999 -9999 -9999 -9999 -9999 -9999 -9999 -9999 -9999 -9999 -9999 -9999 -9999 -9999 -9999 -9999 -9999 -9999 -9999 -9999 -9999 -9999 -9999 -9999 -9999 -9999 0.228681474924088 0.11031536757946 0.0920673683285713 0.0494727827608585 0.0319420136511326 0.0271387156099081 0.0334071144461632 0.0662546083331108 0.0885236114263535 0.133656248450279 0.20598903298378 0.286978036165237 0.417994022369385 0.462685436010361 0.319556713104248 0.251023590564728 0.240663304924965 0.243455708026886 0.238002553582191 0.235719114542007 0.247634738683701 0.265308439731598 0.280729055404663 0.293209940195084 0.307994812726974 0.331703901290894 0.363016784191132 0.395736813545227
-9999 -9999 -9999 -9999 -9999 -9999 -9999 -9999 -9999 -9999 -9999 -9999 -9999 -9999 -9999 -9999 -9999 -9999 -9999 -9999 -9999 -9999 -9999 -9999 -9999 -9999 -9999 -9999 0.223131626844406 0.150499522686005 0.0757669284939766 0.0447989739477634 0.0333619713783264 0.0307791605591774 0.0384622029960155 0.0675437450408936 0.101059831678867 0.151073023676872 0.228723466396332 0.307445198297501 0.550606489181519 0.438078105449677 0.303398281335831 0.243138521909714 0.239940255880356 0.243436247110367 0.235885545611382 0.235108911991119 0.247586414217949 0.264151871204376 0.278328508138657 0.288350164890289 0.302498340606689 0.324459552764893 0.353991836309433 0.390665799379349
-9999 -9999 -9999 -9999 -9999 -9999 -9999 -9999 -9999 -9999 -9999 -9999 -9999 -9999 -9999 -9999 -9999 -9999 -9999 -9999 -9999 -9999 -9999 -9999 -9999 -9999 -9999 0.250519216060638 0.222119942307472 0.136355325579643 0.0721740573644638 0.0434898622334003 0.0359124541282654 0.0362628400325775 0.0439383126795292 0.0791536122560501 0.116172544658184 0.17576952278614 0.260827034711838 0.357831597328186 0.564833045005798 0.415423840284348 0.295876294374466 0.24242040514946 0.240610226988792 0.246102884411812 0.240421697497368 0.240589693188667 0.251786857843399 0.265140384435654 0.277489870786667 0.285348951816559 0.290874600410461 0.3087517619133 0.336775660514832 0.365830957889557
-9999 -9999 -9999 -9999 -9999 -9999 -9999 -9999 -9999 -9999 -9999 -9999 -9999 -9999 -9999 -9999 -9999 -9999 -9999 -9999 -9999 -9999 -9999 -9999 -9999 -9999 -9999 0.254291534423828 0.208486914634705 0.124174013733864 0.0641515552997589 0.0403548739850521 0.0364423990249634 0.0398719385266304 0.0487055554986 0.0874848663806915 0.132799908518791 0.199043452739716 0.286933273077011 0.377756267786026 0.548070967197418 0.399861097335815 0.293978780508041 0.244258344173431 0.246013432741165 0.251864194869995 0.246574953198433 0.24598653614521 0.255155086517334 0.265513479709625 0.276238977909088 0.281481951475143 0.283841788768768 0.297693073749542 0.320422172546387 0.346496433019638
-9999 -9999 -9999 -9999 -9999 -9999 -9999 -9999 -9999 -9999 -9999 -9999 -9999 -9999 -9999 -9999 -9999 -9999 -9999 -9999 -9999 -9999 -9999 -9999 -9999 -9999 -9999 0.262025535106659 0.186444789171219 0.102474749088287 0.0547940470278263 0.0355985350906849 0.0333857126533985 0.0405335985124111 0.050346851348877 0.0948759391903877 0.145074963569641 0.216037765145302 0.304058194160461 0.404495179653168 0.533641159534454 0.394719690084457 0.304166406393051 0.258486896753311 0.253981381654739 0.26132795214653 0.25262588262558 0.249842941761017 0.258483499288559 0.270237118005753 0.279111444950104 0.284265547990799 0.287509709596634 0.300802707672119 0.319601058959961 0.340675890445709
-9999 -9999 -9999 -9999 -9999 -9999 -9999 -9999 -9999 -9999 -9999 -9999 -9999 -9999 -9999 -9999 -9999 -9999 -9999 -9999 -9999 -9999 -9999 -9999 -9999 -9999 -9999 0.268636405467987 0.111472919583321 0.0851365253329277 0.0434297323226929 0.0283003430813551 0.0285977367311716 0.0375915616750717 0.0488567389547825 0.0964854285120964 0.155149012804031 0.234923541545868 0.334045559167862 0.424475222826004 0.51766175031662 0.391060411930084 0.314100503921509 0.268943667411804 0.261015892028809 0.262482464313507 0.252878844738007 0.254590481519699 0.262695044279099 0.27327686548233 0.283184170722961 0.289027035236359 0.293375074863434 0.304759114980698 0.319670081138611 0.336789488792419
-9999 -9999 -9999 -9999 -9999 -9999 -9999 -9999 -9999 -9999 -9999 -9999 -9999 -9999 -9999 -9999 -9999 -9999 -9999 -9999 -9999 -9999 -9999 -9999 -9999 -9999 -9999 0.283554136753082 0.0943169891834259 0.0674164891242981 0.032331470400095 0.0222777966409922 0.0226510856300592 0.0334103964269161 0.041814286261797 0.0935007408261299 0.163532629609108 0.262306571006775 0.364302277565002 0.560001373291016 0.501839816570282 0.390777289867401 0.320346355438232 0.280382096767426 0.264232069253922 0.254421681165695 0.25536435842514 0.257779330015182 0.266485571861267 0.277924656867981 0.288860082626343 0.294661283493042 0.297011077404022 0.307225733995438 0.32013475894928 0.337230890989304
-9999 -9999 -9999 -9999 -9999 -9999 -9999 -9999 -9999 -9999 -9999 -9999 -9999 -9999 -9999 -9999 -9999 -9999 -9999 -9999 -9999 -9999 -9999 -9999 -9999 -9999 -9999 0.267234295606613 0.121307380497456 0.0536618866026402 0.0236327759921551 0.0181137602776289 0.0194110441952944 0.0308284722268581 0.0396914929151535 0.0925040245056152 0.17143402993679 0.28608363866806 0.389341682195663 0.559381067752838 0.488391876220703 0.386431455612183 0.328897953033447 0.291337907314301 0.273345112800598 0.261578887701035 0.260214775800705 0.264609545469284 0.272451847791672 0.282700419425964 0.293017715215683 0.297815203666687 0.30242595076561 0.310724407434464 0.319764405488968 0.332835584878922
-9999 -9999 -9999 -9999 -9999 -9999 -9999 -9999 -9999 -9999 -9999 -9999 -9999 -9999 -9999 -9999 -9999 -9999 -9999 -9999 -9999 -9999 -9999 -9999 -9999 -9999 -9999 0.246452763676643 0.107231304049492 0.0435445383191109 0.019098486751318 0.0166037119925022 0.0180669873952866 0.0307938102632761 0.0411002263426781 0.0936337634921074 0.188088938593864 0.312971770763397 0.525298058986664 0.538853406906128 0.467858552932739 0.379984050989151 0.33328652381897 0.304630190134048 0.289489477872849 0.283605486154556 0.274522453546524 0.271567821502686 0.279706597328186 0.289119690656662 0.297799229621887 0.304018408060074 0.306095510721207 0.313850581645966 0.321331322193146 0.331459045410156
-9999 -9999 -9999 -9999 -9999 -9999 -9999 -9999 -9999 -9999 -9999 -9999 -9999 -9999 -9999 -9999 -9999 -9999 -9999 -9999 -9999 -9999 -9999 -9999 -9999 -9999 -9999 0.217555299401283 0.0937328487634659 0.0404245294630527 0.0210299175232649 0.0190171040594578 0.0225931443274021 0.0383738465607166 0.0498284623026848 0.113450899720192 0.21641917526722 0.34378108382225 0.545094847679138 0.512100160121918 0.439268857240677 0.366252511739731 0.33184227347374 0.309881120920181 0.297435939311981 0.29199492931366 0.283554226160049 0.27979102730751 0.28529492020607 0.29150128364563 0.298561334609985 0.303030043840408 0.305851697921753 0.312601000070572 0.318314492702484 0.327020347118378
-9999 -9999 -9999 -9999 -9999 -9999 -9999 -9999 -9999 -9999 -9999 -9999 -9999 -9999 -9999 -9999 -9999 -9999 -9999 -9999 -9999 -9999 -9999 -9999 -9999 -9999 0.268550515174866 0.189787060022354 0.0827628299593925 0.0396888107061386 0.0246467981487513 0.0346056446433067 0.0317196138203144 0.0538714490830898 0.0678888037800789 0.140892595052719 0.252389788627625 0.382231324911118 0.539553642272949 0.495814949274063 0.395363718271255 0.345990270376205 0.323718875646591 0.30944761633873 0.298500925302505 0.291472196578979 0.28750205039978 0.282371819019318 0.288549214601517 0.293487101793289 0.298332273960114 0.304061740636826 0.304380416870117 0.310332506895065 0.31655165553093 0.322503417730331
-9999 -9999 -9999 -9999 -9999 -9999 -9999 -9999 -9999 -9999 -9999 -9999 -9999 -9999 -9999 -9999 -9999 -9999 -9999 -9999 -9999 -9999 -9999 -9999 -9999 -9999 0.235084399580956 0.143613323569298 0.0646108984947205 0.0408697389066219 0.0339607261121273 0.0493637397885323 0.0484298504889011 0.0758066698908806 0.128238469362259 0.19230543076992 0.290449172258377 0.392889350652695 0.520027279853821 0.451378613710403 0.365161150693893 0.32470041513443 0.311782896518707 0.30213788151741 0.292610794305801 0.286428838968277 0.282352209091187 0.28351491689682 0.289891839027405 0.294353634119034 0.298659533262253 0.30130198597908 0.303241163492203 0.309202373027802 0.313592195510864 0.318685740232468
-9999 -9999 -9999 -9999 -9999 -9999 -9999 -9999 -9999 -9999 -9999 -9999 -9999 -9999 -9999 -9999 -9999 -9999 -9999 -9999 -9999 -9999 -9999 -9999 -9999 -9999 0.191526308655739 0.0779921263456345 0.0472535789012909 0.0409160852432251 0.0575316026806831 0.0705450251698494 0.0700728967785835 0.138773143291473 0.177881255745888 0.249119818210602 0.33202788233757 0.540251314640045 0.496859163045883 0.400576621294022 0.334529012441635 0.307643711566925 0.299064010381699 0.293124854564667 0.28337436914444 0.279356390237808 0.281055480241776 0.284752130508423 0.291349560022354 0.294945806264877 0.300501316785812 0.302517056465149 0.303888499736786 0.310019671916962 0.313165783882141 0.317295670509338
-9999 -9999 -9999 -9999 -9999 -9999 -9999 -9999 -9999 -9999 -9999 -9999 -9999 -9999 -9999 -9999 -9999 -9999 -9999 -9999 -9999 -9999 -9999 -9999 -9999 -9999 0.149519518017769 0.0499225556850433 0.0329920165240765 0.0524140410125256 0.0712376087903976 0.097743883728981 0.143393620848656 0.205263376235962 0.260291397571564 0.322809875011444 0.392396777868271 0.533669412136078 0.416424095630646 0.352618098258972 0.318860739469528 0.300292104482651 0.294412672519684 0.289017647504807 0.281964272260666 0.278587847948074 0.280088812112808 0.2838314473629 0.289742082357407 0.292954832315445 0.296510577201843 0.299232721328735 0.301541447639465 0.307583808898926 0.311665862798691 0.315957099199295
-9999 -9999 -9999 -9999 -9999 -9999 -9999 -9999 -9999 -9999 -9999 -9999 -9999 -9999 -9999 -9999 -9999 -9999 -9999 -9999 -9999 -9999 -9999 -9999 -9999 0.374088793992996 0.091995008289814 0.0309932306408882 0.0320957824587822 0.0486798323690891 0.0831214338541031 0.127224773168564 0.201875254511833 0.282428026199341 0.317406833171844 0.371710807085037 0.546908617019653 0.431069880723953 0.346459954977036 0.318043351173401 0.300912231206894 0.295429825782776 0.293274313211441 0.290582925081253 0.282885044813156 0.278856009244919 0.282965391874313 0.284116268157959 0.288191199302673 0.289955347776413 0.293135911226273 0.298463225364685 0.299397110939026 0.304836094379425 0.308571994304657 0.313577383756638
-9999 -9999 -9999 -9999 -9999 -9999 -9999 -9999 -9999 -9999 -9999 -9999 -9999 -9999 -9999 -9999 -9999 -9999 -9999 -9999 -9999 -9999 -9999 -9999 -9999 0.200240567326546 0.0759331881999969 0.0324241816997528 0.0372896641492844 0.0528797321021557 0.0952681079506874 0.150206103920937 0.232594788074493 0.308236867189407 0.339308381080627 0.477218866348267 0.459576070308685 0.374150156974792 0.319428771734238 0.303742080926895 0.296016871929169 0.296262800693512 0.295314520597458 0.293713986873627 0.288781553506851 0.285289317369461 0.285699486732483 0.28663170337677 0.290621668100357 0.292577981948853 0.295207440853119 0.297530382871628 0.299068301916122 0.30510088801384 0.309647887945175 0.315102845430374
-9999 -9999 -9999 -9999 -9999 -9999 -9999 -9999 -9999 -9999 -9999 -9999 -9999 -9999 -9999 -9999 -9999 -9999 -9999 -9999 -9999 -9999 -9999 -9999 -9999 0.135095059871674 0.0682638734579086 0.046994760632515 0.0407443381845951 0.0595788359642029 0.106474690139294 0.167655140161514 0.247875183820724 0.302683055400848 0.316994041204453 0.427849560976028 0.406919151544571 0.353312849998474 0.321169197559357 0.316514700651169 0.302027404308319 0.304695129394531 0.303051173686981 0.300347566604614 0.295024156570435 0.291924834251404 0.291199058294296 0.290515750646591 0.293204993009567 0.29413378238678 0.299046397209167 0.299802631139755 0.300499230623245 0.305845350027084 0.310392588376999 0.317677825689316
-9999 -9999 -9999 -9999 -9999 -9999 -9999 -9999 -9999 -9999 -9999 -9999 -9999 -9999 -9999 -9999 -9999 -9999 -9999 -9999 -9999 -9999 -9999 -9999 -9999 0.154718071222305 0.0651083737611771 0.0459914915263653 0.0410270877182484 0.0600325353443623 0.1064792573452 0.173213109374046 0.247041389346123 0.293169230222702 0.39800551533699 0.387982279062271 0.380578011274338 0.373304903507233 0.371662080287933 0.354761093854904 0.340401977300644 0.327446520328522 0.317692279815674 0.310180634260178 0.302608758211136 0.298640191555023 0.296127080917358 0.295262068510056 0.298140645027161 0.298653542995453 0.300492763519287 0.302173227071762 0.303944736719131 0.310327142477036 0.314971327781677 0.321022570133209
-9999 -9999 -9999 -9999 -9999 -9999 -9999 -9999 -9999 -9999 -9999 -9999 -9999 -9999 -9999 -9999 -9999 -9999 -9999 -9999 -9999 -9999 -9999 -9999 -9999 0.149711161851883 0.0847561433911324 0.041970781981945 0.0379703231155872 0.0586074255406857 0.105990089476109 0.172102361917496 0.24603196978569 0.385297775268555 0.373288363218307 0.352750539779663 0.239295601844788 0.214696630835533 0.217549249529839 0.336070984601974 0.361095517873764 0.34924453496933 0.329585582017899 0.317407071590424 0.307320982217789 0.307163655757904 0.302932441234589 0.300961166620255 0.302907735109329 0.301253825426102 0.304059505462646 0.305663019418716 0.30668032169342 0.30526277422905 0.301910877227783 0.300042629241943
-9999 -9999 -9999 -9999 -9999 -9999 -9999 -9999 -9999 -9999 -9999 -9999 -9999 -9999 -9999 -9999 -9999 -9999 -9999 -9999 -9999 -9999 -9999 -9999 -9999 0.137655138969421 0.0768687352538109 0.0388085171580315 0.0354789867997169 0.0557014346122742 0.106899499893188 0.169406995177269 0.233372539281845 0.363770484924316 0.356717795133591 0.239818945527077 0.214283287525177 0.193171545863152 0.192074075341225 0.208245202898979 0.227168202400208 0.329077243804932 0.331977963447571 0.326478362083435 0.320811212062836 0.318144708871841 0.312396556138992 0.307772010564804 0.308690160512924 0.300008744001389 0.291901707649231 0.286501318216324 0.282136142253876 0.280501186847687 0.277346163988113 0.194508120417595
-9999 -9999 -9999 -9999 -9999 -9999 -9999 -9999 -9999 -9999 -9999 -9999 -9999 -9999 -9999 -9999 -9999 -9999 -9999 -9999 -9999 -9999 -9999 -9999 -9999 0.179659947752953 0.0723433196544647 0.0349000096321106 0.0321422293782234 0.0516830533742905 0.101586125791073 0.15768064558506 0.216459959745407 0.337772876024246 0.235409468412399 0.218085661530495 0.19512565433979 0.175743341445923 0.173292443156242 0.183744609355927 0.198356658220291 0.211081057786942 0.311006218194962 0.324213564395905 0.319060564041138 0.313026428222656 0.30628502368927 0.296050518751144 0.288551360368729 0.278741747140884 0.271997064352036 0.268118917942047 0.185470178723335 0.183666214346886 0.180693358182907 0.178816467523575
-9999 -9999 -9999 -9999 -9999 -9999 -9999 -9999 -9999 -9999 -9999 -9999 -9999 -9999 -9999 -9999 -9999 -9999 -9999 -9999 -9999 -9999 -9999 -9999 -9999 0.176065683364868 0.0677395686507225 0.0311771091073751 0.0288053136318922 0.0455633327364922 0.0887224152684212 0.14119978249073 0.191908359527588 0.2160604596138 0.207368806004524 0.186948105692863 0.172986254096031 0.161588415503502 0.159342929720879 0.164563432335854 0.17392410337925 0.188498646020889 0.206672936677933 0.304798156023026 0.301785945892334 0.294275432825089 0.287432312965393 0.280600875616074 0.27253046631813 0.18469500541687 0.17910073697567 0.176263779401779 0.174795746803284 0.173312216997147 0.169390454888344 0.166847482323647
-9999 -9999 -9999 -9999 -9999 -9999 -9999 -9999 -9999 -9999 -9999 -9999 -9999 -9999 -9999 -9999 -9999 -9999 -9999 -9999 -9999 -9999 -9999 -9999 -9999 0.173943117260933 0.0664001777768135 0.0290670171380043 0.0253614392131567 0.040558360517025 0.0758415013551712 0.120611041784286 0.167445048689842 0.190041691064835 0.180662229657173 0.163366943597794 0.154568657279015 0.147450059652328 0.147172182798386 0.151956364512444 0.159865006804466 0.17487408220768 0.191709458827972 0.203365579247475 0.199807360768318 0.194821134209633 0.191757410764694 0.18689700961113 0.182363539934158 0.174071118235588 0.169014930725098 0.166721820831299 0.163836345076561 0.161469146609306 0.158421993255615 0.156392484903336
-9999 -9999 -9999 -9999 -9999 -9999 -9999 -9999 -9999 -9999 -9999 -9999 -9999 -9999 -9999 -9999 -9999 -9999 -9999 -9999 -9999 -9999 -9999 -9999 -9999 0.171254217624664 0.0631028190255165 0.0276738163083792 0.0221488680690527 0.0349043235182762 0.064907930791378 0.104119300842285 0.146874144673347 0.168878436088562 0.162579670548439 0.148370310664177 0.142850503325462 0.136966079473495 0.139105290174484 0.148000583052635 0.156637102365494 0.168595671653748 0.180381432175636 0.188663244247437 0.184458792209625 0.179554685950279 0.177399411797523 0.175593122839928 0.1726004332304 0.166205137968063 0.162379428744316 0.158959865570068 0.152539953589439 0.152275964617729 0.152010872960091 0.149683445692062
-9999 -9999 -9999 -9999 -9999 -9999 -9999 -9999 -9999 -9999 -9999 -9999 -9999 -9999 -9999 -9999 -9999 -9999 -9999 -9999 -9999 -9999 -9999 -9999 0.178141996264458 0.162673637270927 0.058800358325243 0.0258816741406918 0.0188623014837503 0.0286260582506657 0.0511846840381622 0.0877982079982758 0.131661161780357 0.155609905719757 0.151861026883125 0.141166999936104 0.137721553444862 0.135401085019112 0.140111401677132 0.15138952434063 0.161348551511765 0.168319135904312 0.171274751424789 0.175884798169136 0.171405881643295 0.166208043694496 0.16388925909996 0.162459462881088 0.161365061998367 0.15928316116333 0.158210262656212 0.154250159859657 0.148614466190338 0.15150360763073 0.15945890545845 0.164245560765266
