meets/meet006/_saidas_enm/CCSM_Maxent_0k_S_lineola3.asc
NCOLS 154 
NROWS 168 
XLLCORNER -112 
YLLCORNER -55.5 
CELLSIZE 0.5 
NODATA_value -9999 
[rows 100 to 124 of 168, columns 56 to 111 of 154]
-9999 -9999 -9999 -9999 -9999 -9999 -9999 -9999 -9999 -9999 -9999 -9999 -9999 -9999 -9999 -9999 -9999 -9999 -9999 -9999 -9999 -9999 -9999 -9999 -9999 -9999 -9999 -9999 0.288454592227936 0.154730781912804 0.0971155762672424 0.0596220009028912 0.0419642329216003 0.0357897840440273 0.041974164545536 0.0791275203227997 0.114906795322895 0.164324715733528 0.238151043653488 0.314826488494873 0.421865880489349 0.490123838186264 0.303552567958832 0.222389385104179 0.215463653206825 0.218343541026115 0.219238087534904 0.223087310791016 0.236297801136971 0.251402109861374 0.264952093362808 0.276715576648712 0.289100050926208 0.307590425014496 0.332282543182373 0.40314707159996
-9999 -9999 -9999 -9999 -9999 -9999 -9999 -9999 -9999 -9999 -9999 -9999 -9999 -9999 -9999 -9999 -9999 -9999 -9999 -9999 -9999 -9999 -9999 -9999 -9999 -9999 -9999 -9999 0.280995786190033 0.13966903090477 0.0805206373333931 0.0537395402789116 0.0425750352442265 0.0394885838031769 0.047366376966238 0.086442306637764 0.12951298058033 0.183463662862778 0.262028276920319 0.338732182979584 0.551763832569122 0.47425252199173 0.294141232967377 0.218163534998894 0.214293256402016 0.21666619181633 0.216459438204765 0.223925963044167 0.236333191394806 0.2447140365839 0.252775341272354 0.263491898775101 0.27618744969368 0.29286003112793 0.315167814493179 0.386971414089203
-9999 -9999 -9999 -9999 -9999 -9999 -9999 -9999 -9999 -9999 -9999 -9999 -9999 -9999 -9999 -9999 -9999 -9999 -9999 -9999 -9999 -9999 -9999 -9999 -9999 -9999 -9999 0.296103417873383 0.274509251117706 0.123606771230698 0.0736589059233665 0.0505888275802135 0.0445666015148163 0.0455872751772404 0.0535381138324738 0.100386314094067 0.146805584430695 0.210733950138092 0.295038133859634 0.37323796749115 0.573688864707947 0.456039547920227 0.292212426662445 0.217679336667061 0.213226124644279 0.215640723705292 0.21543937921524 0.221238493919373 0.232498601078987 0.241232365369797 0.248388200998306 0.255337953567505 0.262113362550735 0.275903791189194 0.29595285654068 0.359080225229263
-9999 -9999 -9999 -9999 -9999 -9999 -9999 -9999 -9999 -9999 -9999 -9999 -9999 -9999 -9999 -9999 -9999 -9999 -9999 -9999 -9999 -9999 -9999 -9999 -9999 -9999 -9999 0.298108100891113 0.255111634731293 0.109374687075615 0.0635805428028107 0.0455578453838825 0.0440347902476788 0.0497449934482574 0.0590731389820576 0.110357686877251 0.165887966752052 0.2361741065979 0.321841657161713 0.395967602729797 0.567114949226379 0.442265838384628 0.288812071084976 0.216548949480057 0.213377356529236 0.215277463197708 0.213520899415016 0.217834517359734 0.227418527007103 0.23556225001812 0.243904247879982 0.247512400150299 0.250739395618439 0.260788142681122 0.276040345430374 0.335694521665573
-9999 -9999 -9999 -9999 -9999 -9999 -9999 -9999 -9999 -9999 -9999 -9999 -9999 -9999 -9999 -9999 -9999 -9999 -9999 -9999 -9999 -9999 -9999 -9999 -9999 -9999 -9999 0.301850080490112 0.161143079400063 0.0924263969063759 0.0534297935664654 0.0394841209053993 0.0400538966059685 0.0508376024663448 0.0616900734603405 0.119552098214626 0.180495008826256 0.255010336637497 0.339967459440231 0.420657247304916 0.556354999542236 0.434104174375534 0.288753658533096 0.254487872123718 0.248055726289749 0.24889212846756 0.245766505599022 0.214221328496933 0.223542630672455 0.233895301818848 0.239975839853287 0.244710952043533 0.24574501812458 0.253565162420273 0.306438356637955 0.321585685014725
-9999 -9999 -9999 -9999 -9999 -9999 -9999 -9999 -9999 -9999 -9999 -9999 -9999 -9999 -9999 -9999 -9999 -9999 -9999 -9999 -9999 -9999 -9999 -9999 -9999 -9999 -9999 0.304803252220154 0.140437826514244 0.0759811028838158 0.0423396080732346 0.0315120257437229 0.0343642570078373 0.0479643233120441 0.0605150498449802 0.121438689529896 0.193329378962517 0.27636194229126 0.370832145214081 0.443312227725983 0.542859435081482 0.42840564250946 0.359603375196457 0.257245719432831 0.248161256313324 0.246865049004555 0.243293434381485 0.248917251825333 0.257826298475266 0.268248856067657 0.275313317775726 0.279679089784622 0.281062453985214 0.286754429340363 0.295573025941849 0.307252615690231
-9999 -9999 -9999 -9999 -9999 -9999 -9999 -9999 -9999 -9999 -9999 -9999 -9999 -9999 -9999 -9999 -9999 -9999 -9999 -9999 -9999 -9999 -9999 -9999 -9999 -9999 -9999 0.313332736492157 0.11976496130228 0.0601603239774704 0.032495629042387 0.0250750053673983 0.0279336292296648 0.0436299070715904 0.0574601069092751 0.118324555456638 0.20515251159668 0.306829005479813 0.407914787530899 0.579401195049286 0.53221321105957 0.426145881414413 0.360626727342606 0.262239426374435 0.248505204916 0.245772257447243 0.246659353375435 0.250049710273743 0.259608626365662 0.269793063402176 0.280143678188324 0.281334280967712 0.278079688549042 0.282690167427063 0.289650529623032 0.300623655319214
-9999 -9999 -9999 -9999 -9999 -9999 -9999 -9999 -9999 -9999 -9999 -9999 -9999 -9999 -9999 -9999 -9999 -9999 -9999 -9999 -9999 -9999 -9999 -9999 -9999 -9999 -9999 0.294409424066544 0.101885735988617 0.0484582334756851 0.0256378389894962 0.0203214827924967 0.0241830162703991 0.0407484732568264 0.0553825758397579 0.11959134042263 0.217577397823334 0.336290180683136 0.440080314874649 0.586202561855316 0.522466480731964 0.419737845659256 0.3636534512043 0.330784291028976 0.251041501760483 0.245606243610382 0.244974255561829 0.250145345926285 0.25869032740593 0.26860249042511 0.277928918600082 0.27764904499054 0.276481837034225 0.344524830579758 0.348484843969345 0.356466382741928
-9999 -9999 -9999 -9999 -9999 -9999 -9999 -9999 -9999 -9999 -9999 -9999 -9999 -9999 -9999 -9999 -9999 -9999 -9999 -9999 -9999 -9999 -9999 -9999 -9999 -9999 -9999 0.192515313625336 0.0899969935417175 0.0403873212635517 0.020785903558135 0.0183115042746067 0.0223639402538538 0.040597639977932 0.0573437549173832 0.124865852296352 0.238868311047554 0.373423874378204 0.582507252693176 0.575181186199188 0.503257989883423 0.411962330341339 0.362558305263519 0.336389780044556 0.320261478424072 0.312392443418503 0.305601358413696 0.307416081428528 0.317797124385834 0.330056250095367 0.338310867547989 0.341007262468338 0.336048156023026 0.338925778865814 0.342734634876251 0.347165644168854
-9999 -9999 -9999 -9999 -9999 -9999 -9999 -9999 -9999 -9999 -9999 -9999 -9999 -9999 -9999 -9999 -9999 -9999 -9999 -9999 -9999 -9999 -9999 -9999 -9999 -9999 -9999 0.168589577078819 0.0786428302526474 0.0376779399812222 0.022071398794651 0.0201042871922255 0.0265731196850538 0.0483008772134781 0.0675767436623573 0.148023277521133 0.270122647285461 0.411404609680176 0.610657334327698 0.563273668289185 0.477834433317184 0.397143453359604 0.358054667711258 0.336499392986298 0.322150468826294 0.314227700233459 0.306390970945358 0.305747896432877 0.314641356468201 0.32213768362999 0.328143149614334 0.329761028289795 0.327495038509369 0.330010324716568 0.331715524196625 0.33482962846756
-9999 -9999 -9999 -9999 -9999 -9999 -9999 -9999 -9999 -9999 -9999 -9999 -9999 -9999 -9999 -9999 -9999 -9999 -9999 -9999 -9999 -9999 -9999 -9999 -9999 -9999 0.215150848031044 0.14634183049202 0.0703979358077049 0.0368517860770226 0.0248356498777866 0.0336950346827507 0.0349115245044231 0.0637024641036987 0.0878386422991753 0.181548699736595 0.31403860449791 0.45385479927063 0.585887789726257 0.544420063495636 0.431877493858337 0.376715779304504 0.350111037492752 0.333612412214279 0.320443749427795 0.311659008264542 0.307294338941574 0.305645227432251 0.311011463403702 0.314182937145233 0.317609816789627 0.322502315044403 0.31909516453743 0.321656346321106 0.323377877473831 0.323726862668991
-9999 -9999 -9999 -9999 -9999 -9999 -9999 -9999 -9999 -9999 -9999 -9999 -9999 -9999 -9999 -9999 -9999 -9999 -9999 -9999 -9999 -9999 -9999 -9999 -9999 -9999 0.190044283866882 0.115228898823261 0.0571242496371269 0.0376593545079231 0.0322361662983894 0.0460566878318787 0.0506764762103558 0.0855109840631485 0.154552042484283 0.235665053129196 0.354988574981689 0.457830637693405 0.564898550510406 0.50111722946167 0.401794463396072 0.350584208965302 0.334292709827423 0.323477149009705 0.311023235321045 0.301776707172394 0.297064185142517 0.298023551702499 0.302895903587341 0.305118501186371 0.307447224855423 0.308993726968765 0.309028387069702 0.311623513698578 0.311434656381607 0.311086267232895
-9999 -9999 -9999 -9999 -9999 -9999 -9999 -9999 -9999 -9999 -9999 -9999 -9999 -9999 -9999 -9999 -9999 -9999 -9999 -9999 -9999 -9999 -9999 -9999 -9999 -9999 0.157878011465073 0.0707195326685905 0.0435181744396687 0.0377970971167088 0.0523950420320034 0.0645506456494331 0.0712083876132965 0.147115796804428 0.213559046387672 0.302890092134476 0.396018505096436 0.571913182735443 0.540914058685303 0.438923537731171 0.364891588687897 0.334049224853516 0.318121999502182 0.308342427015305 0.297811537981033 0.290880054235458 0.291579335927963 0.291475415229797 0.295765280723572 0.296306103467941 0.299308031797409 0.300566703081131 0.300495535135269 0.303721696138382 0.302740484476089 0.301546782255173
-9999 -9999 -9999 -9999 -9999 -9999 -9999 -9999 -9999 -9999 -9999 -9999 -9999 -9999 -9999 -9999 -9999 -9999 -9999 -9999 -9999 -9999 -9999 -9999 -9999 -9999 0.125816360116005 0.0470976307988167 0.0320592895150185 0.0486786440014839 0.0655715987086296 0.093146912753582 0.143488317728043 0.219328433275223 0.292321562767029 0.359544724225998 0.42582768201828 0.560043334960938 0.451896548271179 0.38345593214035 0.344942301511765 0.321824729442596 0.311208814382553 0.303355306386948 0.293756127357483 0.287686228752136 0.28488302230835 0.283471822738647 0.285966366529465 0.285546809434891 0.28651225566864 0.287271827459335 0.28795713186264 0.29244390130043 0.292953133583069 0.292223751544952
-9999 -9999 -9999 -9999 -9999 -9999 -9999 -9999 -9999 -9999 -9999 -9999 -9999 -9999 -9999 -9999 -9999 -9999 -9999 -9999 -9999 -9999 -9999 -9999 -9999 0.316019475460052 0.0846024826169014 0.029757846146822 0.0309662818908691 0.0483440384268761 0.0781114846467972 0.125362738966942 0.212871342897415 0.30755141377449 0.347809612751007 0.395844370126724 0.564589381217957 0.457253754138947 0.375518262386322 0.342727541923523 0.323881179094315 0.313591927289963 0.305637210607529 0.300182819366455 0.290266633033752 0.285947144031525 0.283624142408371 0.277177631855011 0.276299923658371 0.273582816123962 0.274678438901901 0.27768149971962 0.275966346263885 0.27919465303421 0.279545098543167 0.282042264938354
-9999 -9999 -9999 -9999 -9999 -9999 -9999 -9999 -9999 -9999 -9999 -9999 -9999 -9999 -9999 -9999 -9999 -9999 -9999 -9999 -9999 -9999 -9999 -9999 -9999 0.168470501899719 0.0701606497168541 0.030632184818387 0.037424597889185 0.0495530478656292 0.0913574323058128 0.151889055967331 0.24869130551815 0.331530869007111 0.359306484460831 0.381277948617935 0.468284070491791 0.391653001308441 0.340666860342026 0.323052287101746 0.313437193632126 0.308323353528976 0.30266085267067 0.298385143280029 0.291317522525787 0.285730242729187 0.279570311307907 0.272600024938583 0.271219044923782 0.268334299325943 0.26763653755188 0.266803443431854 0.265556663274765 0.269063234329224 0.270023435354233 0.271779179573059
-9999 -9999 -9999 -9999 -9999 -9999 -9999 -9999 -9999 -9999 -9999 -9999 -9999 -9999 -9999 -9999 -9999 -9999 -9999 -9999 -9999 -9999 -9999 -9999 -9999 0.122955471277237 0.063003271818161 0.0428257547318935 0.0412618704140186 0.0558825396001339 0.103690646588802 0.173120722174644 0.258430451154709 0.311127185821533 0.32086306810379 0.42024365067482 0.401727944612503 0.356950998306274 0.329916477203369 0.323884874582291 0.311233341693878 0.309132933616638 0.302916288375854 0.297781974077225 0.29008811712265 0.285935431718826 0.277982473373413 0.268882513046265 0.26586377620697 0.261681586503983 0.262753248214722 0.260048419237137 0.257252395153046 0.259342968463898 0.259713381528854 0.263259291648865
-9999 -9999 -9999 -9999 -9999 -9999 -9999 -9999 -9999 -9999 -9999 -9999 -9999 -9999 -9999 -9999 -9999 -9999 -9999 -9999 -9999 -9999 -9999 -9999 -9999 0.130293443799019 0.0590611808001995 0.0435475185513496 0.0409856848418713 0.0575188994407654 0.107951663434505 0.177684634923935 0.249696895480156 0.291993528604507 0.387575775384903 0.372994393110275 0.363790333271027 0.355966448783875 0.354337126016617 0.342968612909317 0.3323595225811 0.319479376077652 0.307808190584183 0.299035549163818 0.288800597190857 0.281482249498367 0.273789942264557 0.266648203134537 0.26445671916008 0.259227007627487 0.256195574998856 0.253564059734344 0.251364320516586 0.254250645637512 0.254632413387299 0.256679505109787
-9999 -9999 -9999 -9999 -9999 -9999 -9999 -9999 -9999 -9999 -9999 -9999 -9999 -9999 -9999 -9999 -9999 -9999 -9999 -9999 -9999 -9999 -9999 -9999 -9999 0.1244066208601 0.0742185711860657 0.0406516455113888 0.0373484939336777 0.0554507859051228 0.106872409582138 0.172036901116371 0.242722690105438 0.372368097305298 0.356044352054596 0.332294583320618 0.225924015045166 0.202821239829063 0.205579414963722 0.230300411581993 0.339720249176025 0.328810691833496 0.309970319271088 0.297756493091583 0.284213811159134 0.278681188821793 0.272780537605286 0.265649408102036 0.262810289859772 0.254857748746872 0.252561092376709 0.249642580747604 0.246341064572334 0.243191793560982 0.237393990159035 0.234318882226944
-9999 -9999 -9999 -9999 -9999 -9999 -9999 -9999 -9999 -9999 -9999 -9999 -9999 -9999 -9999 -9999 -9999 -9999 -9999 -9999 -9999 -9999 -9999 -9999 -9999 0.112874217331409 0.0688940957188606 0.0373191796243191 0.0343327447772026 0.0512791015207767 0.104467198252678 0.166085466742516 0.226155921816826 0.346269905567169 0.336273431777954 0.225126430392265 0.200182408094406 0.180021345615387 0.179091259837151 0.19445875287056 0.212188690900803 0.30480083823204 0.303848087787628 0.295732051134109 0.287041991949081 0.280313163995743 0.272263139486313 0.26524543762207 0.262279838323593 0.250066816806793 0.238940611481667 0.230340033769608 0.223039790987968 0.21966178715229 0.150434225797653 0.147196248173714
-9999 -9999 -9999 -9999 -9999 -9999 -9999 -9999 -9999 -9999 -9999 -9999 -9999 -9999 -9999 -9999 -9999 -9999 -9999 -9999 -9999 -9999 -9999 -9999 -9999 0.146391004323959 0.0680354237556458 0.0333202555775642 0.0307070687413216 0.0460796691477299 0.0968282222747803 0.150896549224854 0.206298232078552 0.231736272573471 0.220507740974426 0.202740103006363 0.180338561534882 0.161921963095665 0.159753769636154 0.169458940625191 0.18330442905426 0.194126695394516 0.279313266277313 0.289766788482666 0.281210482120514 0.273260235786438 0.263417452573776 0.251685202121735 0.243432149291039 0.229723498225212 0.155060827732086 0.14982733130455 0.143792539834976 0.140636429190636 0.136103332042694 0.133473843336105
-9999 -9999 -9999 -9999 -9999 -9999 -9999 -9999 -9999 -9999 -9999 -9999 -9999 -9999 -9999 -9999 -9999 -9999 -9999 -9999 -9999 -9999 -9999 -9999 -9999 0.148031651973724 0.0637747794389725 0.0295510459691286 0.027252197265625 0.0398585125803947 0.0823917910456657 0.132799848914146 0.180351987481117 0.201658070087433 0.192539408802986 0.172684624791145 0.158823400735855 0.147641941905022 0.145580291748047 0.150721445679665 0.159351378679276 0.171748444437981 0.184087753295898 0.269875794649124 0.264330863952637 0.254507303237915 0.244330301880836 0.166430234909058 0.160228863358498 0.150894284248352 0.143400624394417 0.138305395841599 0.134705692529678 0.13185279071331 0.12680259346962 0.123261794447899
-9999 -9999 -9999 -9999 -9999 -9999 -9999 -9999 -9999 -9999 -9999 -9999 -9999 -9999 -9999 -9999 -9999 -9999 -9999 -9999 -9999 -9999 -9999 -9999 -9999 0.152217999100685 0.0628540888428688 0.0276109259575605 0.0237863846123219 0.0350275970995426 0.0673141777515411 0.110514707863331 0.154767096042633 0.175076872110367 0.165786862373352 0.149412244558334 0.140654534101486 0.133681133389473 0.133557051420212 0.138123363256454 0.14535054564476 0.158090949058533 0.169268235564232 0.178558722138405 0.172991260886192 0.166742920875549 0.161735326051712 0.15449783205986 0.149466067552567 0.141045331954956 0.134939402341843 0.130786523222923 0.125758841633797 0.122177563607693 0.117767184972763 0.114771984517574
-9999 -9999 -9999 -9999 -9999 -9999 -9999 -9999 -9999 -9999 -9999 -9999 -9999 -9999 -9999 -9999 -9999 -9999 -9999 -9999 -9999 -9999 -9999 -9999 -9999 0.150852218270302 0.0598839968442917 0.0263388324528933 0.0204802062362432 0.0298416223376989 0.0562573298811913 0.091533362865448 0.132426932454109 0.15327151119709 0.147546634078026 0.134261712431908 0.128931388258934 0.123306758701801 0.125307410955429 0.133598312735558 0.141480401158333 0.151417881250381 0.158038169145584 0.164248332381248 0.158450797200203 0.152599811553955 0.148590251803398 0.144573837518692 0.139951065182686 0.133652418851852 0.129729971289635 0.124637179076672 0.116856805980206 0.115174897015095 0.113110162317753 0.109757892787457
-9999 -9999 -9999 -9999 -9999 -9999 -9999 -9999 -9999 -9999 -9999 -9999 -9999 -9999 -9999 -9999 -9999 -9999 -9999 -9999 -9999 -9999 -9999 -9999 0.151770234107971 0.14505523443222 0.0559735633432865 0.0247658379375935 0.0175631158053875 0.0243124198168516 0.043176244944334 0.0757085904479027 0.115550726652145 0.136959418654442 0.135487601161003 0.126095101237297 0.122691340744495 0.120554909110069 0.125028386712074 0.135411500930786 0.144591152667999 0.149950012564659 0.15023447573185 0.151957437396049 0.146313428878784 0.140222638845444 0.136196658015251 0.132954522967339 0.131684198975563 0.129497036337852 0.126585900783539 0.121079176664352 0.114248692989349 0.11555352807045 0.121006615459919 0.123709842562675
