meets/meet006/_saidas_enm/CCSM_SVM_0k_T_nigriceps1.asc
NCOLS 154 
NROWS 168 
XLLCORNER -112 
YLLCORNER -55.5 
CELLSIZE 0.5 
NODATA_value -9999 
[rows 48 to 71 of 168, columns 55 to 109 of 154]
-9999 -9999 -9999 -9999 -9999 -9999 -9999 -9999 -9999 -9999 -9999 -9999 -9999 -9999 0.0570976418863136 0.0820479997543986 0.0236028579765124 -0.0780044672616547 -0.144308875485538 0.111218876858891 0.23401642470363 0.220413333056837 0.196588361845607 0.102152684558362 0.0295047945343389 -0.00093925429724967 -0.0183378764500947 -0.0107342632804012 -0.00182700576340972 -0.0090420865857887 -0.0331241977837436 -0.046932876878075 -0.0532279537326311 -0.0505846846041966 -0.0423212599340672 0.0134272048343695 0.262900199260796 0.543797913345012 0.828057201607613 0.898356665935322 0.886570962628486 0.862643762786575 0.804890862114599 0.748925942400675 0.623595897583867 0.455606289565696 0.376468331351808 0.245750832576584 0.0928702578194788 0.0208777596519615 0.0317082486148274 0.00760783512157837 0.00562986587469216 -0.0227651549029359 -0.0538383691162991
-9999 -9999 -9999 -9999 -9999 -9999 -9999 -9999 -9999 -9999 -9999 -9999 -9999 -9999 0.0499666850048844 0.073537406492835 0.0373322774155887 -0.0746247805739377 -0.132645419173526 0.0498856386285417 0.12908818663855 0.0503900293212335 0.04808903177624 0.0361107206359499 -0.00419080299459901 -0.0189548552255462 -0.0183418041563092 -0.0105240860419325 -0.00711727233054632 -0.00644873584638 0.0043659211537011 0.0154584692851214 0.0109228046844436 -0.00211201486351903 -0.0223095857334243 -0.0274734417563785 0.136935033593798 0.384380539192111 0.629507230596666 0.705733479367369 0.700252807735804 0.656977767332997 0.595734122240432 0.510872540704977 0.394891049974187 0.277540318140124 0.208062923623447 0.195245630729394 0.171165690120174 0.120476503645428 0.072811844480857 0.0282870607210978 0.00291094833844791 -0.0243190983206306 -0.0462728260644955
-9999 -9999 -9999 -9999 -9999 -9999 -9999 -9999 -9999 -9999 -9999 -9999 -9999 -9999 0.0678278593158308 0.0659151821800953 0.0320874215023538 -0.0630648045017141 -0.0934283639337027 0.0241938777516519 0.0626820808886268 -0.0363283432865127 -0.0116275708439348 -0.0125596294267076 -0.0246771008882821 -0.0120414273457776 0.0015524565995621 0.0251030162777928 0.0408999610261086 0.0394888604229708 0.0378573661904017 0.0372027818997285 0.0290424993325679 0.0271507848156585 0.0149966548980318 -0.049186651368509 -0.0301236162860026 0.215543493567867 0.347931909564672 0.390363284751636 0.396100674795359 0.241402030377504 0.302422959724877 0.233280061944264 0.157418816015488 0.107915010404964 0.0109810238364325 0.0445758940128272 -0.00325223465220487 -0.0182323482909939 0.000347714631406038 -0.0434483358881385 -0.0202352133274323 -0.0310542593926257 -0.0372583803548731
-9999 -9999 -9999 -9999 -9999 -9999 -9999 -9999 -9999 -9999 -9999 -9999 -9999 -9999 0.0647224459711133 0.0544727692098779 0.0341770564630502 -0.0341561736009519 -0.0795188157638568 -0.0260454929353223 -0.0163762405651888 -0.0238339475969262 -0.0216866125235558 -0.0224868343619712 -0.00471075515248837 0.0207028072985107 0.0395878157200114 0.0405392322067453 0.0323012592190229 0.0306504735028038 0.0370024282516507 0.0394921820903463 0.0333704955052004 0.0222827304570598 0.0284275193220493 -0.0261751858231661 -0.0675518640110457 0.0596070235871631 0.229501359071955 0.267969002579722 0.259914082656377 0.192588169584475 0.172089801045807 0.117093144920983 0.0733008728623147 0.0553613125114713 0.01431814465313 0.00861384311128321 -0.0178658685458987 -0.0230101820534369 -0.0121515033311183 -0.0193581495935725 -0.0192026043681758 -0.0352579825293788 -0.029010971824131
-9999 -9999 -9999 -9999 -9999 -9999 -9999 -9999 -9999 -9999 -9999 -9999 0.0809918525271017 0.0431147206043376 0.0315813489785088 0.0303815442497888 0.0314775816929531 0.00742256767391875 -0.0383276747623916 -0.0499403871998468 -0.0279649357379114 -0.0237217581363292 -0.00824940451058681 0.0121319280217032 0.0329374232396682 0.0417338931947117 0.0361039054998084 0.0329607608216254 0.0345733980217855 0.0399450782551271 0.0461202607645598 0.0485481884613508 0.0415125007685093 0.0263258515245729 0.0232264028191768 -0.000203513516252529 -0.0577955399160809 -0.00392668593391637 0.153212309305752 0.244008024518855 0.245693732441029 0.195611772507846 0.152457133743185 0.101406863950848 0.072834483339919 0.0739448398225298 0.0640614335688197 0.0543905462724954 0.0315176359682577 0.030936194701616 0.0397914308361834 0.0219076239900921 -0.00868394171233094 -0.0227593504678684 -0.0132933446197177
-9999 -9999 -9999 -9999 -9999 -9999 -9999 -9999 -9999 -9999 -9999 0.0830568208971456 0.05003775435401 -0.0143611417047373 -0.0243805783543175 0.0189618097264309 0.0433097931309983 0.0403140405351785 0.0131315298025889 -0.000608941369852178 0.00269901195769962 0.0105715115482989 0.0278636882318178 0.0407480372116024 0.0441071981089067 0.040424398494687 0.03680825212408 0.0394782499024212 0.0448375535786164 0.0502760888156138 0.0546501956255331 0.0549061028827953 0.0466376613153071 0.0310525878111998 0.0216191482187307 0.016490547402903 -0.049933362946165 -0.0312494653723974 0.0831951186167302 0.184557106742543 0.222626144405217 0.191998676917617 0.148143819409111 0.110831910536541 0.0955033586495392 0.10107334935832 0.111773912892047 0.102673808562685 0.0911508902207451 0.0750006976911993 0.0421438508280688 0.0117793785418086 -0.00638648789826263 -0.00725988804589744 0.012567385817934
-9999 -9999 -9999 -9999 -9999 -9999 -9999 -9999 -9999 -9999 -9999 0.0193454289546601 -0.0609110722189097 -0.0992413067652387 -0.0577962377824213 0.0163797002761898 0.0500078684830831 0.0485050057627354 0.0429283031262885 0.0343769716315521 0.037974752394949 0.042815050154438 0.0479780303168106 0.0483138003784795 0.0454657384302226 0.0437581437135439 0.045167750472302 0.0499662047182636 0.0557068116786631 0.0563797208325993 0.0536531545330103 0.0554022697429328 0.0501037755663333 0.0356997330829598 0.0229707950925253 0.0267166566497621 -0.0289849028604336 -0.0434805100748734 0.0205572385212387 0.0934616354687687 0.142339409819432 0.156367667288087 0.121886834153496 0.0959951030197054 0.0851317777944735 0.0931782594175101 0.108630115538804 0.0828509476050528 0.0666047463400534 0.0326362880661053 0.00127906692650792 0.014970202315658 0.0193041859800449 0.0169844056730879 0.037175275985952
-9999 -9999 -9999 -9999 -9999 -9999 -9999 -9999 -9999 0.0639332537935577 -0.00323825038194098 0.0101769363698077 -0.0568368424828053 -0.0611991089439354 -0.0602600250454791 0.0131800516180502 0.045837359255695 0.0443671725743523 0.0489494921853385 0.052001356508277 0.0526110558939336 0.050641355316292 0.0499902222258758 0.0469652290355304 0.0454832717260549 0.0481383277545215 0.0475951456157607 0.046972221626436 0.045015447805865 0.0445014045341751 0.0450891580408508 0.0438687868285847 0.0422865896504288 0.0391350307809404 0.0275939163345952 0.0332234612647893 0.0071173049954581 -0.0288584473057369 -0.0230976985916764 0.00924839273927364 0.0375195993383744 0.0515462431495731 0.0489952258485247 0.0356687454932551 0.0313873372128211 0.0268161867158456 0.0173050320614039 -0.00654938946966727 -0.0229193859238143 -0.0208424120623815 0.0146562784135251 0.0567608623605079 0.0651200202079535 0.050187069778063 0.0536717691350869
-9999 -9999 -9999 -9999 -9999 -9999 -9999 -9999 -9999 0.00883284986768479 0.0506244732015707 0.288191149268351 0.2122606023864 0.0989663648569132 -0.0316173068420615 0.0147846129335761 0.0416151538403161 0.0387675132473002 0.0472043603490891 0.0516015961291879 0.0509844020708691 0.0487775762082353 0.0465971269055503 0.044088401995366 0.0417551917452344 0.0407398222126472 0.0394038241767388 0.0376568550355658 0.0362334013315645 0.0353877996031418 0.0350703686796042 0.0339916425475343 0.0325349277472014 0.0310250664538831 0.0316528199793397 0.0368419329120716 0.0359846322974132 0.00983203858161108 -0.0147876857341536 -0.0214048422969634 -0.0210031008211172 -0.0200006786932332 -0.0255917403011248 -0.0281295988459397 -0.0232664577025357 -0.0211283714113616 -0.0219053379119857 -0.0152911851133112 -0.00144258201106545 0.0350802124196013 0.0726483794387766 0.102212413133759 0.0962471846976118 0.0784964811049032 0.0767390317397835
-9999 -9999 -9999 -9999 -9999 -9999 -9999 -9999 0.0270187234125295 -0.0142030478630734 0.284001980019594 0.655550940805676 0.519327272326979 0.290503897884978 0.0349169718305963 2.56984172699593e-05 0.0311173855053571 0.0338524749830896 0.043631738918152 0.046015743144733 0.0464440955844 0.0444902809714295 0.0420385488835774 0.0389697794632105 0.0372721708165498 0.0363940341040124 0.0354671558088359 0.0341905639021423 0.0319178621057573 0.0309857859762034 0.0320138909382753 0.0335260672799711 0.0315003454185107 0.0302497652441701 0.0304476898378763 0.0328950272033864 0.0441352937635128 0.0435649769883888 0.0264815554009284 0.0123921909490874 0.00827270299518601 0.0088652884040335 0.0186554090040227 0.027207162973341 0.0253556329659174 0.0135839943470332 -0.00107175718930236 -0.00802672808915744 -0.00304139596999947 0.011277212349834 0.028190768684829 0.0454293185035172 0.0487418471084524 0.0580493008392211 0.0811219171040942
-9999 -9999 -9999 -9999 -9999 -9999 -9999 -9999 -0.0489506129514549 0.0602293438232833 0.559522122024384 0.881136681506876 0.715613777837013 0.409472688407125 0.10646497735167 -0.0015380092568878 0.0104991327029468 0.0264656002903538 0.0352842068979377 0.0390578614865753 0.0438151294546966 0.044832512695406 0.0421517353238836 0.0377373427944215 0.0367487044009824 0.0381150750919812 0.0374715857256208 0.0363538232841925 0.0334916476291284 0.0346176893262747 0.0389554969762428 0.0401096764999682 0.0401976596008294 0.0362626266261135 0.0347634672475358 0.0351487136123549 0.0342039797803694 0.0420077240583726 0.0478822584459178 0.0499726744647123 0.0506183644102292 0.0481593470478053 0.0360449512212916 0.0124357846206992 -0.0182942362172808 -0.0414550838919427 -0.0496434633081218 -0.0437814371228133 -0.034492664481042 -0.0232945300723941 -0.0121403860466888 0.000918309195662881 0.0115631917896133 0.0282591989240046 0.0670935180893512
-9999 -9999 -9999 -9999 -9999 -9999 -9999 0.0267772003863939 -0.100811682052109 0.290810623251248 0.738147040037533 0.985265194343713 0.823978902531775 0.462473548612975 0.150437450702216 0.0254032327873338 0.00683703730197338 0.0142054411198007 0.0202619106523025 0.0261394095925692 0.0356609009498534 0.0415540053417309 0.0404958903686366 0.0387020079842227 0.0384849186750241 0.0393351644484127 0.0410210094168243 0.0386118335534336 0.0370693665910474 0.0377613529731334 0.0387205338864779 0.0412214918104248 0.0413771392559332 0.0415093839589814 0.0418533442369324 0.0400647901017406 0.0380056301345341 0.0345367758756115 0.0319764428699355 0.0246439104583943 0.0188334449174302 0.00948212527350423 -0.00906614961164681 -0.0279703179414112 -0.0476954502161656 -0.0592762747908812 -0.0542508493279455 -0.044593793626401 -0.0281401948096268 -0.0130073618407547 0.00124262642262013 0.0192712921079986 0.0303801895708131 0.050077781627514 0.0566224843115195
-9999 -9999 -9999 -9999 -9999 -9999 -9999 -0.049948497478794 -0.143983613533253 0.329874788209879 0.716415482151504 0.911706423025512 0.836614773351814 0.493461502422669 0.189537669134226 0.0522720902310304 0.0053412901504743 0.00352109439911324 0.00628755344828008 0.00969664444082469 0.0186880567990243 0.0275713810732727 0.0295256047378268 0.0292011406062616 0.0294067644266056 0.0319746915483189 0.0352331747085602 0.0335377536086636 0.0310241034305506 0.0304704175862996 0.0317949900775698 0.0341075395464418 0.0350927086744166 0.0364349748322528 0.0383538095586013 0.0409266463627066 0.0417792627994832 0.0403152191263875 0.0352620128026468 0.0262602435012693 0.0163891644737725 -0.00172213285151773 -0.0188395333734758 -0.0360361025005744 -0.0465220106451379 -0.0409009932220095 -0.0239809907355725 -0.00413246341479628 0.0122696768894643 0.0278230712495727 0.0438927954431338 0.053082386257908 0.0575016339283971 0.0552326232263328 0.0434524945959883
-9999 -9999 -9999 -9999 -9999 -9999 -9999 -0.077470182375352 -0.169514286258981 0.245804741651475 0.611086752580539 0.810813887044898 0.826582927152354 0.529670617592428 0.212627058195192 0.0810454499690855 0.0103479934442238 -0.00187392500693168 -0.00696327942070513 -0.00668358932212337 0.00018141388462084 0.00894534987987144 0.0100006312859264 0.00837941936544617 0.00796818135115257 0.0124156078592354 0.0152163184063198 0.0150263337127997 0.01233980950451 0.0105574371700615 0.0142697580293495 0.0167705158477964 0.0198432074926138 0.0228158146414105 0.0262510918883517 0.0307900709384309 0.0360463583442325 0.0348512114737919 0.0310404275275071 0.0194481936770775 0.00481748799133191 -0.0117458993232925 -0.0244579021188632 -0.0280223849277408 -0.0227867525821527 -0.0107725641948447 0.00785839173283648 0.0266933259233469 0.0435988598090499 0.0540403935098794 0.0615531266554333 0.0638493129322537 0.0512420171413569 0.026847566302126 0.0152147666772906
-9999 -9999 -9999 -9999 -9999 -9999 -9999 -9999 -0.181112783492749 0.115161400372455 0.505713241763536 0.715138384611088 0.772196194295305 0.536078842595003 0.27408160785407 0.131399782358239 0.0401438341966911 0.00294475340515804 -0.0161633116088739 -0.0225101707366203 -0.021226494986479 -0.0176341545260228 -0.0179574670718748 -0.0188504486765178 -0.0193385683280132 -0.0175804224856072 -0.0144951779037186 -0.0154309758302488 -0.0160940238663624 -0.0170460756415161 -0.01577555275768 -0.0115082377480093 -0.00854817383144418 -0.0035101936862813 -0.000148376507272008 0.00304830905315173 0.00764410162617968 0.00831397007493168 0.0078893570614233 -0.0024782442580718 -0.0149639279192639 -0.0233852621523502 -0.022604702348429 -0.01127316897127 0.00700153000459069 0.0232957839730595 0.0384042481795792 0.0499977311020842 0.0552266815299297 0.057394402551028 0.0580881884508082 0.047156136360524 0.025868330235284 -0.00227661139921226 -0.0195502819485817
-9999 -9999 -9999 -9999 -9999 -9999 -9999 -9999 -9999 0.0462103301927695 0.479628295908243 0.674707190140971 0.745449311575843 0.549165762067038 0.289787109475407 0.156251025957401 0.0562383946200667 0.00842810825504142 -0.0220623686280211 -0.0340962131035568 -0.035083231273052 -0.0347406410790381 -0.0361436880109926 -0.0385021850299388 -0.0397254357997861 -0.0381902565088121 -0.0369040557330703 -0.0379831269860377 -0.0392198027571033 -0.0403366678150559 -0.0402612586918079 -0.0400188714867849 -0.0355437012057432 -0.0321744323989785 -0.0296923103249868 -0.0273995711182584 -0.0280930749000376 -0.026891710546842 -0.0295472666851481 -0.0327313775423813 -0.0373202000163013 -0.0350628276261941 -0.0182931200554255 0.00707536295220323 0.0306504256685767 0.0462359509540205 0.0611726498444869 0.0576780008027304 0.0488856978051205 0.0424479490850516 0.0383256332912563 0.0210227196449401 0.00520992780074164 -0.0179318784231967 -0.035776103621849
-9999 -9999 -9999 -9999 -9999 -9999 -9999 -0.133254009308024 -0.0949974949177542 0.232377740099677 0.572842311487036 0.702027847975844 0.733069332235512 0.544731698571307 0.33474540580661 0.200266301289262 0.0747848812450325 0.00887278282803861 -0.0212932216990855 -0.0382261159636519 -0.0437883044562793 -0.0445845640240717 -0.0462711948258637 -0.0468271909321586 -0.0482431784053655 -0.0493788785967436 -0.0503659589524503 -0.0514165450028504 -0.0524729753883018 -0.0540461455737469 -0.0556789854312127 -0.0569802838206135 -0.0560666411169067 -0.0545893788185352 -0.0544711821350626 -0.0545879230268998 -0.0552310083379108 -0.0570546730950776 -0.0581614532914956 -0.059042093021631 -0.0567995219161663 -0.0424529901488409 -0.0205855253354105 0.00653520071228147 0.0306205472846513 0.0460662502672933 0.0529862611053152 0.0492373630349596 0.038725491744507 0.0298413669927846 0.0223113069426308 0.0113867127258691 -0.0039157049675847 -0.0204512083665178 -0.0349623161032844
-9999 -9999 -9999 -9999 -9999 -9999 0.00413728805487151 -0.0499233177068663 0.208644038516525 0.52110340970936 0.659013987929374 0.782865451757336 0.749275317508507 0.551855179980749 0.354548057078254 0.185725671351878 0.0552761167290629 -0.010816797671951 -0.0281209518850415 -0.0412290578246341 -0.0511040206415854 -0.0498979160089771 -0.0502366605090387 -0.0459739134760139 -0.0457687519519747 -0.0477435258705614 -0.0475564064246355 -0.0481934239331632 -0.0490206738547999 -0.050185398157434 -0.0511812764135604 -0.0533920985335043 -0.0552086750263664 -0.0570731019057131 -0.0595113625406791 -0.0609752935537244 -0.0631267321496652 -0.0634709044827144 -0.0617672306465114 -0.0600770381127401 -0.0560273190739977 -0.0416488469988333 -0.0173797828690269 0.00332408319855071 0.0229818681737574 0.034104927718041 0.0383554735873805 0.034231613720453 0.0226608451916738 0.0139532304289168 0.00930990225274486 0.00301382415347351 -0.00980228377529396 -0.0190600883420248 -0.0277650252169453
-9999 -9999 -9999 -9999 -9999 -9999 -0.058713474173637 0.0561642193234761 0.333536840113046 0.582365341462597 0.691979796663202 0.726604852040118 0.73872543532034 0.592601515250949 0.402624378276639 0.212601237832578 0.0409393668177813 -0.0200209175500639 -0.0410439921988451 -0.0553926133064279 -0.0524018690364762 -0.0499914243339717 -0.0464999334458996 -0.0424118361894486 -0.0392252145550905 -0.0350204771082526 -0.0329870602104975 -0.0297918616298627 -0.0289486607104945 -0.0287539012677818 -0.0289878104095557 -0.0315799309865206 -0.0344296897108834 -0.0387585788719876 -0.0435532647281517 -0.048222612076517 -0.05148724037502 -0.050572218824125 -0.0477704708418858 -0.0475426670399492 -0.0486997370716126 -0.0346652887900777 -0.0165601584017075 0.000699355535667801 0.0145747700008327 0.0211750322474146 0.0210314815630233 0.016711882505854 0.00825397981019471 0.00104386665303768 -0.00547079035309245 -0.0119394810810532 -0.0172446646187203 -0.0201704315982752 -0.0194361494045708
-9999 -9999 -9999 -9999 -9999 -9999 -9999 0.0397127689459736 0.341095284426941 0.55282443534161 0.685424322668316 0.708902442580971 0.808699647006233 0.685116387571136 0.503395382745366 0.304344602945269 0.0520757223991286 0.00437159146909882 -0.0326657887443506 -0.0510414128565856 -0.0366799737038242 -0.028364328929755 -0.0217408738969534 -0.0210879200744753 -0.0148778903749525 -0.00750684566759213 -0.00633659535358316 -0.000516644686875123 0.00155191113369357 0.0020066779764315 0.00180810299796158 0.000477205208874676 -0.00595643629575365 -0.0104245685529179 -0.016276388933924 -0.023387672431237 -0.0277701839350563 -0.0268205672366931 -0.0244109350507904 -0.0270056086108703 -0.0351887755576341 -0.028694220362225 -0.0151121062703842 -0.0030857713929921 0.00706633899173609 0.00892086430912425 0.00803590107280694 0.00451663472725922 -0.00272551334012233 -0.00960659061195063 -0.0165265623301816 -0.022758805303321 -0.0225419941990817 -0.0192119737960879 -0.0130490976260145
-9999 -9999 -9999 -9999 -9999 -9999 -9999 -0.0441453965974826 0.2328031324726 0.48953529514962 0.713422094472394 0.85477037246667 0.977592663423249 0.949853933257343 0.789259258531493 0.546453327992245 0.295933695941267 0.118931299574634 -0.00972839133895792 -0.0584709863951133 -0.0208300143006344 0.029427852492593 0.0308064471567143 0.0266778832097327 0.0288798146880224 0.0334357356125007 0.0375659265400823 0.0380870578420835 0.0384198092610002 0.0363216567590486 0.0308944878356756 0.0253823263306672 0.0201268198673017 0.0148821229836759 0.00934810144972281 0.00379966996505093 0.000462456821567481 0.00151128799457062 0.00275015933876799 -0.00252903872002447 -0.013912575784527 -0.0226730821085324 -0.012852093400503 -0.0039463067133822 0.00331363673070778 0.00548342895318238 0.00431808073163348 0.000870320908349431 -0.00469636692376535 -0.0113458101700838 -0.020927131833141 -0.0253141865237426 -0.0226433850822098 -0.014088184856008 -0.00421259146264968
-9999 -9999 -9999 -9999 -9999 -9999 -9999 -0.0650784734425298 0.0546508234474042 0.412224847230267 0.776618776549323 0.970611092289908 1.0897180762706 1.03138061760918 0.8735885986423 0.725947964629452 0.48809927452495 0.264095820531932 0.00863396031598485 -0.0723109775081843 -0.00882881609703329 0.080769757534366 0.0893441714272581 0.0753880616202369 0.0721153255928839 0.0736347767887253 0.0786746188194695 0.0737410392311511 0.0695761308441901 0.0623341353615093 0.0509794135423154 0.0452620941504868 0.037435348695553 0.0326950725158044 0.0274266230525417 0.023157851116031 0.0228953592844567 0.0234451907090447 0.0254723178176963 0.0195637937230175 0.00619433536147734 -0.00547206760630986 -0.00756358402349561 -0.00157887671467954 0.00391837220803942 0.00453559949954474 0.0039112748871627 -6.65080809656993e-05 -0.0049045421763419 -0.0125507852941989 -0.0258222568546138 -0.0307699300045888 -0.0243844703233203 -0.0105207536047601 -0.00132571655186481
-9999 -9999 -9999 -9999 -9999 -9999 -9999 -9999 -9999 0.0713433350390341 0.736343166645401 0.993595199615531 1.06858860412484 0.949997812494327 0.805903647885151 0.755756393382097 0.657930363977012 0.382159351174205 0.0117945032151113 -0.120738536075666 -0.0167787440813329 0.121602905389639 0.131059187828476 0.0934054145114407 0.0877954488571703 0.0999841281621105 0.10667771742136 0.0990227265502296 0.0883416350076949 0.0775631932666999 0.0666368748241726 0.0594433393963291 0.0492155122642755 0.0411213128840795 0.0361939416060681 0.0343057734332203 0.0371930580463148 0.0375477363422462 0.0379972712748833 0.0337857946112713 0.0240703668041913 0.0156509180496764 0.00660069830642285 0.0040536760753655 0.00722545876206437 0.00605192818301153 0.00464605906315929 -0.000246134091341943 -0.00608433136927472 -0.0145422794535663 -0.0281868821400308 -0.0321390032757252 -0.0257310208502815 -0.0101359218711692 0.00501151282627205
-9999 -9999 -9999 -9999 -9999 -9999 -9999 -9999 -9999 -0.0775124858723648 0.528402687877094 0.949931389781095 0.998239453877468 0.769404495771858 0.599272052669637 0.688742125180114 0.737430571902074 0.513973419167823 0.0260681920411027 -0.137443605153593 -0.00418418720613128 0.158846982004572 0.158008793647201 0.116654804237113 0.107992647277138 0.113022618380054 0.124744745178198 0.113221856678692 0.0988238997732899 0.0853561606086206 0.0712978302733023 0.0631283580195258 0.0479725562086954 0.0375139409546731 0.0307618667391751 0.0292839475716135 0.0356836866159793 0.0356209621275123 0.0378747485860267 0.0360029310727135 0.0297973495674109 0.0265890814510176 0.0190099178998203 0.0153854222675652 0.010513523896739 0.00525411647508411 0.00401981439971311 0.00170618602070438 0.000748382278817405 -0.00462050100140526 -0.0174680194221981 -0.0217337388901831 -0.0198340162804283 -0.00672449890866361 0.00953899348754161
