meets/meet006/_saidas_enm/CCSM_Gower_0k_T_subalaris4.asc
NCOLS 154 
NROWS 168 
XLLCORNER -112 
YLLCORNER -55.5 
CELLSIZE 0.5 
NODATA_value -9999 
[rows 52 to 77 of 168, columns 60 to 119 of 154]
-9999 -9999 -9999 -9999 -9999 -9999 -9999 0 0 0 0 0.0433741064835969 0.177854952032726 0.271037484173142 0.275798667287678 0.198064672506249 0.191426079886784 0.1787693804145 0.174976331120261 0.176478588769825 0.0460132674345476 0 0 0 0 0 0 0 0 0 0 0 0.211931266857207 0.51333827620012 0.526548077124853 0.536106748372186 0.53590889217016 0.488623756522258 0.477950391731708 0.48649304143641 0.475814903861207 0.463352817132959 0.446150968994898 0.450366108749791 0.422774858071649 0.324235062408393 0.304020318225379 0.376428476843104 0.431883567122958 0.476771184050765 0.451970987005473 0.43621814079762 0.435007526744147 0.435894954675364 0.449803963077235 0.472292508075538 0.478936245979492 0.418553024508705 0.376656758397321 0.332620971550684
-9999 -9999 -9999 -9999 -9999 -9999 0 0 0 0.159953873933083 0.100682079956647 0 0.0103470133366438 0.156822171761584 0.172781527743564 0.124692230600467 0.109066770771282 0.105050940683168 0.104890868557198 0.0020728384052805 0 0 0 0 0 0 0 0 0 0 0 0.029529818784309 0.245597509293222 0.445311748233291 0.466094445921679 0.475213056341605 0.516623055238702 0.525100277002681 0.522266760075265 0.505778475074845 0.469921324892025 0.442377642666549 0.397139939685055 0.362699679180047 0.299737976298666 0.314784481101792 0.391412823054359 0.451405765578839 0.473606559283549 0.478014968404211 0.450362107034833 0.428723690914249 0.429769281865202 0.43963789206531 0.454695583217745 0.475081298465248 0.49544636465184 0.464485473521469 0.424350825909803 0.408600223782824
-9999 -9999 -9999 -9999 -9999 -9999 0 0.109539658998833 0.192414016444315 0.261377873973522 0.160794789092792 0 0 0.0216990193638434 0.0563109035915408 0.039701082699048 0.030189442952644 0 0 0 0 0 0 0 0 0 0 0 0 0 0 0.0859757947356963 0.239440839279915 0.376708190506525 0.396764512791673 0.405741478632776 0.429754772870372 0.444409623537105 0.451976194426366 0.433218601658106 0.385208240425925 0.33735630109161 0.267114066858783 0.289216947029395 0.368626473411179 0.43502367616453 0.525347811218097 0.531911100282485 0.508279761300667 0.48324284640651 0.454831832084145 0.432407555369112 0.439688389896913 0.454384973913927 0.470286555820962 0.482039543319638 0.507618125901289 0.52818702866893 0.484569024570313 0.45840795845695
-9999 -9999 -9999 -9999 0 0.0840318354218635 0.257764698532167 0.353700435259556 0.26311446401368 0.293710518153264 0.19624208542632 0 0 0 0 0 0 0 0 0 0 0 0 0 0 0 0 0 0 0 0 0.109485555974329 0.226716643063858 0.314609831960915 0.331594804708773 0.32457170894136 0.320637290106317 0.309124198709258 0.319255499108256 0.297073132950694 0.243244067428112 0.292563609621832 0.359672885801532 0.427231299063205 0.486180747350694 0.561432328488416 0.550743550624048 0.523625910549898 0.488258645182303 0.492449556543552 0.468319707626236 0.457501547634147 0.459308036100529 0.473726458581829 0.488462644226425 0.502833154640351 0.517914533192831 0.53491974679752 0.520556373921677 0.479189555993269
-9999 -9999 -9999 -9999 0.0130794517467763 0.300495376217938 0.560678507303564 0.433082457839627 0.346898470057916 0.325792877737417 0.22696771602061 0.02198476531849 0 0 0 0 0 0 0 0 0 0 0 0 0 0 0 0 0 0 0 0.139730962209975 0.195389927789661 0.224903707331838 0.242023998784124 0.230070846559658 0.211357809950172 0.188395711014047 0.18394697108697 0.249511908800486 0.32572164289098 0.358862554200548 0.335273453962894 0.333161620469491 0.330667797836635 0.351504361314188 0.356944138546931 0.337753429375661 0.334326095038988 0.414932033758205 0.479383713717778 0.474942432074978 0.477281738830688 0.489336431391182 0.502524228597586 0.516043125370506 0.529666124958324 0.540831057900512 0.534095670390932 0.484055253554314
-9999 -9999 -9999 0 0 0.3024786696397 0.643661624415872 0.544353213239792 0.412762924172086 0.328802893796887 0.310692614385866 0.103201604126661 0.0500346956380642 0 0 0 0 0 0 0 0 0 0 0 0 0 0 0 0 0 0 0.0693852074752698 0.140812208784451 0.129785659639696 0.136393998077276 0.133320723273866 0.156637068044931 0.139316656498838 0.132411077169824 0.155447890828477 0.166829496889469 0.140816835329304 0.119131144853071 0.112165652778801 0.11235573957966 0.109388400603942 0.109202510094301 0.115738509322545 0.157509943516815 0.320088332624929 0.482528220043592 0.48506596104575 0.487777144102333 0.497845427174947 0.510935886370309 0.528142164978501 0.544044339732197 0.544630058999412 0.529102630227955 0.484945551615764
-9999 -9999 -9999 0 0 0.339091348265919 0.706952513330481 0.59778306108051 0.394270743090356 0.264591968241702 0.24372538395809 0.246483879816062 0.161551450466133 0.114802413580509 0.122274646429895 0.0964298784182858 0.0375064473948005 0.00306932384337222 0 0 0.000990485356064053 0 0 0 0 0.0160586133065842 0.00983870983482305 0.00300580052887534 0 0 0 0 0.0317011417620388 0.135959545672968 0.0993450515090136 0.0420512194353609 0.00796522467500282 0 0 0.0145450965343494 0 0 0 0 0 0 0 0.0243757220435099 0.0539925607873386 0.234013071623292 0.475481549360071 0.484032261434282 0.490339125651642 0.501706814798297 0.515792827627827 0.532452284590979 0.545197926700894 0.541095636895776 0.524736401706018 0.487843627202262
-9999 -9999 0 0 0 0.387237230354005 0.72678274848122 0.582270504357357 0.284833116074361 0.142107637845133 0.173667700234757 0.228771566966736 0.19938705529261 0.172629981796126 0.187833533307033 0.190631220017279 0.186132870511169 0.1654075410092 0.160787769942019 0.172570584373177 0.164310798700898 0.166771595976111 0.156138635427438 0.163551911516477 0.173893343336373 0.156707303625907 0.160827896087272 0.140290328868485 0.125121827061909 0.10835822324214 0.063554749885571 0.0325855547594528 0 0 0 0 0 0 0 0 0 0 0 0 0 0 0.00531980464127013 0.1353638677421 0.199187321090724 0.23183070066208 0.411022600749265 0.473684742291383 0.48311882500248 0.498753977915075 0.512532755902803 0.524242067644196 0.535580254729589 0.52275255248846 0.479548428046093 0.319667273146229
-9999 -9999 0 0 0.0202335393657895 0.416108092970449 0.679500293945022 0.532751559601218 0.225419953689991 0.146099264587739 0.174735122779238 0.225040126188334 0.219641404950091 0.211845452354544 0.233243135049234 0.240056651847594 0.252245236614723 0.276693090919384 0.29946156309145 0.308879347924597 0.259453693287079 0.219997156352687 0.249401423955687 0.312651853784246 0.317176761774788 0.308864012745054 0.298663402765739 0.29048817274457 0.277556139472699 0.257552495656054 0.234691823503053 0.204381960606224 0.161848750667149 0.093608133820048 0.0437273238723536 0 0 0 0 0 0 0 0 0 0 0 0.0243911207790404 0.137885468102302 0.274255772440893 0.36982369528639 0.370642830181614 0.451614072142864 0.462198608204597 0.474647223551143 0.487437964353432 0.499836534443282 0.507916341004616 0.454923926638144 0.274204574276765 0.0941698611952706
-9999 -9999 0 0 0.0297602105228861 0.423825580774574 0.638771839254373 0.500594664714422 0.248389478652579 0.18820180921197 0.201857171724453 0.228656050999541 0.228823549151973 0.242589476947343 0.272366192833896 0.28611451819617 0.299006100135083 0.335806461865083 0.322912365293847 0.290155525709315 0.258018873815073 0.24373440446952 0.291383010771978 0.357441777406574 0.357854609470286 0.358833744811268 0.347707906942329 0.350349097020828 0.341835295200571 0.338028769043493 0.332285700207803 0.304985927251796 0.23491524836777 0.17102338905742 0.124505862763895 0.079309684833935 0.0557316593764648 0.0554827491529903 0.0292108288042618 0 0 0 0 0 0 0.0315358064277592 0.0899080679160281 0.177664081430891 0.284423509972234 0.397367204700457 0.42906612337987 0.426628697855239 0.442988089715887 0.446222999864127 0.457725262556038 0.475838016941049 0.4748011599765 0.307393693396011 0.101889164537131 0
-9999 -9999 -9999 0 0.0647472566611467 0.447023977291647 0.625803109151654 0.508788872358774 0.287089803004912 0.245815947926294 0.239776388108138 0.236820004462009 0.240433728969079 0.277537457631973 0.31413979198964 0.334641950900555 0.35766730858062 0.377459470328152 0.340012915220227 0.31610609587894 0.305328700776172 0.315296002941564 0.36616283143316 0.410765323053671 0.41324451574008 0.417167933054438 0.41503748857375 0.413585837919338 0.408501210096658 0.407699474276724 0.408738292867423 0.401111932832758 0.336286705572822 0.277442041165895 0.235663431468382 0.20675589498969 0.184915883805977 0.1469537159813 0.109055818192444 0.0875478688604708 0.0762292619588857 0.0642619634245694 0.0741442984239612 0.0849669004163323 0.106756802758557 0.145773253345975 0.195945820207691 0.263842937315321 0.335975522405036 0.407533852909156 0.432260254147117 0.433834071472418 0.444727120701563 0.451250106639616 0.462118764463308 0.423458115937001 0.313327233821682 0.132902180127153 0 0
-9999 -9999 -9999 -9999 0.102792757667862 0.499981215931373 0.636802567051723 0.511842894500984 0.316403629908636 0.296714758414374 0.278649986411264 0.260090696053354 0.271252838940554 0.315143405714147 0.35643403811181 0.378438179634272 0.409287268749615 0.425400378205951 0.385499034526474 0.368897939031004 0.373209478044187 0.393408969330514 0.450388713376004 0.472934366369683 0.477512649202828 0.475564794029746 0.471912175769846 0.47232933867431 0.472328962851874 0.470891254121217 0.468918249849117 0.465309465189164 0.452480939061868 0.402463963784046 0.363330411012718 0.310977201777441 0.267400665060914 0.235337360891168 0.207666568717588 0.126798705369482 0.0553529382049347 0 0 0 0 0 0.0131821723566519 0.115825232191329 0.217197778719022 0.330091546159532 0.44579748417368 0.453915439358951 0.464709207945587 0.458884885314689 0.41244070674566 0.307313809735669 0.179254674040563 0.0259045530349731 0 0
-9999 -9999 0 0.0233166855474413 0.278661174754977 0.60460702932352 0.587371771980074 0.485841625475573 0.330971843599973 0.312991508268122 0.310311812867225 0.315407167172574 0.317523859752406 0.338725165302866 0.377838871794946 0.411832195522118 0.442227471909197 0.471017901466322 0.469025389780004 0.455084601727695 0.466385961020797 0.477353145093614 0.476476351349366 0.475871840960329 0.474592541386639 0.472834068206468 0.471555708188869 0.471554956543996 0.471902404386498 0.471154141915517 0.470007478548889 0.467571005813534 0.464634318708531 0.460318945521854 0.454788956566746 0.366997797237507 0.255008893804144 0.156835506319372 0.0576485041171244 0 0 0 0 0 0 0 0 0.00483705315752192 0.0932974953135819 0.182756846331463 0.273738344186405 0.345343878671637 0.398653876293282 0.385343079835033 0.322777107732586 0.210164385533462 0.0886745915788392 0 0 0
-9999 0 0.0435777235629859 0.215218297926504 0.47365156148267 0.569794092305301 0.55404362769733 0.455012339097464 0.336432998468105 0.327673587698551 0.346011197414655 0.381383561759716 0.363953302462125 0.378436254368152 0.400586166039693 0.442329786051569 0.47477657100842 0.477119007715703 0.479087565637852 0.478112494326471 0.474881173017836 0.473154832655982 0.4713848968915 0.470704470370299 0.470330714957245 0.470275656970305 0.471142491419987 0.470463380277314 0.471354643185366 0.471289437992641 0.47090046177091 0.47079128535312 0.467242102955625 0.464213185848752 0.379809502372393 0.266571508977319 0.146130732726005 0.0617207552568282 0 0 0 0 0 0 0 0 0 0 0.00729456503567749 0.0703848644360054 0.136322290112429 0.181340908451902 0.203205066287491 0.206125177180536 0.177756673855378 0.126692677965756 0.0406556155784326 0 0 0
-9999 0.167784106630555 0.222886221550462 0.412503705905066 0.534783265433757 0.53216105297844 0.490441086236037 0.420533573270057 0.370132581592983 0.380831010383302 0.385114727500101 0.393407123716568 0.384469213273897 0.412342116005877 0.443271791260239 0.471173684682213 0.470586837947689 0.470938231925774 0.471975126027952 0.47144634385986 0.470293508536036 0.467543184366689 0.466944451585953 0.46638764153334 0.466207945475977 0.466909770056324 0.467490399840825 0.468119050204812 0.469001904747507 0.469451049611986 0.469855985054082 0.469651897591266 0.467565289077881 0.446634726001253 0.343358588158366 0.236803952273537 0.127099539972179 0.0389304916225937 0 0 0 0 0 0 0 0 0 0 0 0 0.0232979855087704 0.0438244551411784 0.0472018999896809 0.0276160604577992 0 0 0 0 0 0
-9999 -9999 0.444242936589106 0.524926728013872 0.541286264310776 0.475806588382571 0.455473577852191 0.409267466012382 0.374028220067611 0.397869890582518 0.392919206274179 0.401643137139523 0.388216606257292 0.447266168383017 0.461629793007112 0.466420226926563 0.464940164065973 0.471448786705697 0.469052212021254 0.468535990791779 0.469480586079527 0.464562668955012 0.465795959393243 0.463852650386896 0.463151778595825 0.464349815830862 0.464045304378406 0.465358819673635 0.465899051192854 0.466472630336716 0.467596540566118 0.467884664043034 0.465878852060213 0.448766711963515 0.351687185964107 0.251782320141424 0.141282702312117 0.0698432895296418 0 0 0 0 0 0 0 0 0 0 0 0 0 0 0 0 0 0 0 0 0 0
-9999 -9999 0.556579753253285 0.52741362176476 0.517962765420142 0.482113760191394 0.448156741482483 0.429019046174549 0.382643235878171 0.355133108290785 0.358034484333489 0.349072920621345 0.39199535357464 0.465345792439052 0.435101471766713 0.454977608843299 0.482271157497057 0.480444284633452 0.473689627983057 0.471670521943205 0.473450417002254 0.474460251889007 0.469308702894224 0.463659043606111 0.461101947748475 0.461784525985456 0.463343479798059 0.462201466572423 0.46171744962046 0.461879423797298 0.462826496337163 0.463891905305048 0.462499117942095 0.460607640672336 0.399184557973236 0.308826152668961 0.217125520317168 0.143833169722307 0.0749618350660515 0.0214755487303331 0 0 0 0 0 0 0 0 0 0 0 0 0 0 0 0 0 0 0 0
-9999 -9999 0.447710815290436 0.517587613564777 0.507535249076696 0.492015128808071 0.475155848434042 0.449757737780197 0.419013163111363 0.380812582836154 0.352019402898858 0.339222709075854 0.368929840344074 0.452586778824395 0.406446715421211 0.445861892728706 0.496145018561209 0.491302546467493 0.475332159941581 0.471535977510955 0.475995110719487 0.48137839129926 0.472716435783858 0.462523890463258 0.458211947317973 0.458938544419483 0.460672239785216 0.457442474699065 0.454922728181029 0.454677861337221 0.456214710438632 0.458692915344255 0.458425181557834 0.457564812842041 0.456554856209992 0.396325812255635 0.308847939121781 0.249331344199114 0.182593629489083 0.132849347979064 0.0999568877257234 0.0623158885263756 0.046669947433313 0.0253602548220069 0.00893780823966595 0 0 0 0 0 0 0 0 0 0 0 0 0 0 0
-9999 -9999 -9999 -9999 0.441982413035934 0.499165842215432 0.543663967968864 0.506691707478158 0.43210662295485 0.418266709932872 0.393678036163441 0.369797860326135 0.361387197762303 0.403114865569185 0.366925193597385 0.426735981927662 0.499900236346261 0.494001139472454 0.465713638399838 0.459377589717642 0.470254047180209 0.478817725128477 0.471046844609909 0.458933018241685 0.453120813103169 0.45348973311065 0.454044637584711 0.448922823555235 0.443623028489093 0.442710256363146 0.446260730319437 0.450837167767607 0.452176027257565 0.453540993173672 0.454678623568641 0.454981229442546 0.422499875120445 0.360135972367908 0.303606663234482 0.254415757626105 0.213005157427485 0.176566044208736 0.146658691099356 0.119254964526601 0.0922134377319871 0.0623801585621961 0.0291060722769498 0 0 0 0 0 0 0 0 0 0 0 0 0
-9999 -9999 -9999 -9999 0.424856851407247 0.515128498653618 0.592323418921472 0.538653600410809 0.446857186851544 0.452412404721535 0.433233178673014 0.398321503006645 0.382323091626232 0.409016631340759 0.34700890174611 0.423622647690979 0.50658874824784 0.493043919726805 0.454949977954309 0.446976465623207 0.463126053285386 0.475797428117911 0.468187269916939 0.454081986924312 0.44775432278774 0.448466628050117 0.447483730633493 0.440253775053005 0.431811680956203 0.430308941710856 0.435554999461859 0.441525558177967 0.444465865882216 0.447317373625987 0.450013195602139 0.452276070131494 0.455256013869605 0.456954074916434 0.425389666533315 0.375518297381843 0.331972443253037 0.286653898079735 0.250852946374854 0.210283484808881 0.170406832442599 0.128198484963201 0.0822702822184713 0.0340612194172055 0 0 0 0 0 0 0 0 0 0 0 0
-9999 -9999 -9999 -9999 -9999 0.529589997594309 0.540106596967355 0.549836921225328 0.455473852890208 0.420955584071127 0.475028780870128 0.435286887546923 0.428594387476101 0.458781185046195 0.363959311440999 0.427206278714058 0.505889154782381 0.491819302317618 0.449245247446071 0.439445809747366 0.457390833520331 0.471757900659681 0.465171310744213 0.450792386671657 0.443679433614203 0.443722118573747 0.442156876351925 0.432137916004141 0.421382830662091 0.418648325441353 0.423850554885683 0.430634414527373 0.434342479829835 0.437328330861454 0.442035490998224 0.446571720738967 0.451618836089242 0.455262873952389 0.458443475111924 0.4623518167201 0.435147818751629 0.387522814439727 0.33829723206061 0.290997027449508 0.240057759002283 0.181585098277266 0.123949037340557 0.0665744138376949 0.00651043428791198 0 0 0 0 0 0 0 0 0 0 0
-9999 -9999 -9999 -9999 -9999 -9999 0.265099470981745 0.398599228607458 0.428206678340347 0.349240188664345 0.463721832419368 0.489101376054597 0.493551491171759 0.521759940284638 0.417617979118808 0.454840788303334 0.510121103328075 0.490166811064528 0.450215568044259 0.440702157686064 0.456855175389635 0.469143870349559 0.462352388393665 0.448621170470606 0.4410712682514 0.439883902256249 0.436367919271731 0.425201038404803 0.413129769957552 0.409130341694636 0.41379767523969 0.419457624651978 0.423262493344833 0.426848792177884 0.43223872110949 0.438799818618564 0.445583487702399 0.45144962071391 0.456641750591919 0.462431088787823 0.467433804157859 0.471774436846885 0.42555778532758 0.366326774490635 0.305185817956424 0.236708091881126 0.168457489576483 0.104926922275407 0.0366899365037758 0 0 0 0 0 0 0 0 0 0 0
-9999 -9999 -9999 -9999 -9999 -9999 -9999 0.16155663064558 0.448349869017676 0.325025840571475 0.41128396570037 0.558562777356792 0.561546939842652 0.589388900797705 0.499251190998504 0.501202461088576 0.508524233795581 0.485323963148376 0.462149253720125 0.449965937254073 0.459133485105254 0.465373302070623 0.458852221711121 0.448184411866709 0.440065885007873 0.43560130502065 0.429604258762683 0.418958744187317 0.408163641695695 0.40406798436259 0.40631321376389 0.409300319301389 0.415099185390048 0.417781858874197 0.424903196477275 0.4336355101874 0.440001667010703 0.450072649652931 0.456243294116897 0.464478442383057 0.472933661152129 0.47814011727555 0.483318950449892 0.434951922230018 0.368206763815273 0.2907127142402 0.214207406515631 0.143906335893029 0.0679658419578327 0 0 0 0 0 0 0 0 0 0 0
-9999 -9999 -9999 -9999 -9999 -9999 -9999 0.11448191582117 0.338144726890867 0.358697643825698 0.391050879354895 0.561265682997491 0.597576370010637 0.632825517324024 0.62749589965812 0.560850555356784 0.526804049193505 0.490849116697911 0.468932351130394 0.454622790117096 0.459416463520083 0.460887189045773 0.453513743400393 0.444677385101381 0.436798961139976 0.431363679438855 0.424622504756708 0.414307226944237 0.40555701138228 0.402827418319585 0.406322281141829 0.41097570396346 0.415177695226351 0.419125863426243 0.427735838993391 0.438989614242247 0.449373873998266 0.458571720548409 0.465462864262522 0.474489378127832 0.484026624097736 0.491281312499834 0.494670291320561 0.495392997865863 0.43450856791512 0.357938445493411 0.278146832914639 0.203899146363598 0.125087016392883 0.0541982562054466 0 0 0 0 0 0 0 0 0 0
-9999 -9999 -9999 -9999 -9999 -9999 -9999 0.234406353140637 0.312238092734429 0.415252888826647 0.40746095166509 0.477612883266763 0.444201542328747 0.427084107901431 0.525976992990601 0.648290629989222 0.550034197724408 0.515943344513627 0.491093401281606 0.461616072841545 0.464604210567425 0.454544089722938 0.451382925464624 0.442654613469456 0.43237496997589 0.426312562373622 0.419601495832582 0.407625887428593 0.402280649607282 0.401409490552944 0.407072316859517 0.419194273696225 0.417876947243894 0.423721737775633 0.433453908551486 0.44607303083216 0.466818492843729 0.466513600275564 0.475302469969101 0.485283186414021 0.491777398115953 0.507521163712684 0.506960060815057 0.504473807486693 0.50056182489904 0.425841553875567 0.356011796848982 0.277075847204737 0.19985412828992 0.132688128228192 0.0721806128097375 0.0200169457139987 0 0 0 0 0 0 0 0
-9999 -9999 -9999 -9999 -9999 -9999 -9999 -9999 0.447039227808621 0.426664174023316 0.433794335370154 0.380843088004953 0.242825727833131 0.122388582657287 0.187258835253052 0.457724212040676 0.645356386903472 0.603462618580514 0.517522362480391 0.462393358332512 0.468255489629066 0.472192915129877 0.461540421373068 0.442084845482696 0.425841884471516 0.415800247738974 0.408120003946877 0.396279138472904 0.390364569359918 0.390248453460238 0.397249797840612 0.408468343706006 0.410513029491268 0.415697727612928 0.424904339824406 0.436538659109904 0.451387308295291 0.45263508113051 0.457871039315193 0.469307559547093 0.483436958694939 0.500674994299012 0.507456334342395 0.511031721091605 0.515219322589798 0.492419864372462 0.425814139255768 0.356390518020512 0.286122127077141 0.223889487702848 0.167844745590905 0.115593932683884 0.0708701576725826 0.0284679107630817 0 0 0 0 0 0
