meets/meet004/selection/CCSM_6k_am_bio03.asc
NCOLS 154 
NROWS 168 
XLLCORNER -112 
YLLCORNER -55.5 
CELLSIZE 0.5 
NODATA_value -3.4e+38 
[rows 72 to 95 of 168, columns 53 to 105 of 154]
-3.4e+38 -3.4e+38 -3.4e+38 -3.4e+38 -3.4e+38 -3.4e+38 -3.4e+38 -3.4e+38 -3.4e+38 -3.4e+38 -3.4e+38 -3.4e+38 60.2633438110352 58.4612159729004 59.1703109741211 60.0591278076172 59.1753921508789 58.9994125366211 59.549201965332 60.195499420166 60.4365882873535 59.646656036377 58.2359085083008 57.0255813598633 56.543586730957 56.3773574829102 55.8842849731445 55.3175201416016 54.7070007324219 54.3894538879395 54.0924873352051 53.6650009155273 53.2549362182617 52.7598762512207 52.4402160644531 52.1115303039551 51.8446388244629 51.5413436889648 51.033504486084 50.8542327880859 50.663013458252 50.5815048217773 50.6662292480469 50.6790199279785 50.8108406066895 50.8961944580078 50.9608573913574 51.0824508666992 51.0331535339355 50.725456237793 50.3340682983398 50.1217613220215 50.098030090332
-3.4e+38 -3.4e+38 -3.4e+38 -3.4e+38 -3.4e+38 -3.4e+38 -3.4e+38 -3.4e+38 -3.4e+38 -3.4e+38 -3.4e+38 -3.4e+38 -3.4e+38 57.6516189575195 58.7666625976562 59.4452896118164 58.5331115722656 58.0466957092285 58.313102722168 58.9453582763672 59.0553169250488 58.4186019897461 57.429931640625 56.4882583618164 56.0753326416016 55.9065132141113 55.3926315307617 54.7925796508789 54.182933807373 53.9058952331543 53.7545204162598 53.3790702819824 52.9189033508301 52.4245986938477 52.1344604492188 51.8542823791504 51.5740013122559 51.3084983825684 51.0383262634277 50.8912963867188 50.7268753051758 50.65087890625 50.6716918945312 50.6778221130371 50.8450698852539 50.986255645752 51.0755271911621 51.1575088500977 51.084114074707 50.7464828491211 50.267505645752 50.0060501098633 49.9036521911621
-3.4e+38 -3.4e+38 -3.4e+38 -3.4e+38 -3.4e+38 -3.4e+38 -3.4e+38 -3.4e+38 -3.4e+38 -3.4e+38 -3.4e+38 -3.4e+38 -3.4e+38 -3.4e+38 57.815731048584 59.0898170471191 58.1992607116699 57.3576469421387 56.8171882629395 57.5227661132812 57.5670166015625 57.3014030456543 56.907527923584 56.502571105957 56.0265426635742 55.4965515136719 54.9663314819336 54.4469146728516 53.9280815124512 53.6785316467285 53.4297981262207 53.0711135864258 52.7510375976562 52.2715606689453 51.9836616516113 51.6563148498535 51.3275718688965 51.1477661132812 50.8614768981934 50.7629051208496 50.6570587158203 50.6314315795898 50.7502708435059 50.7896995544434 50.9535598754883 51.1032905578613 51.1547164916992 51.1969566345215 51.0208587646484 50.7875709533691 50.4221076965332 50.0877418518066 49.8634262084961
-3.4e+38 -3.4e+38 -3.4e+38 -3.4e+38 -3.4e+38 -3.4e+38 -3.4e+38 -3.4e+38 -3.4e+38 -3.4e+38 -3.4e+38 -3.4e+38 -3.4e+38 -3.4e+38 57.4001884460449 59.1836700439453 58.3598327636719 57.2798538208008 56.4511451721191 56.8291282653809 56.5617141723633 56.4193496704102 56.6299171447754 56.6473731994629 56.139591217041 55.433162689209 54.8528099060059 54.3587112426758 53.9307174682617 53.6517868041992 53.3667831420898 52.9901733398438 52.63134765625 52.197940826416 51.8398971557617 51.4550170898438 51.1169242858887 50.908561706543 50.6882057189941 50.5746650695801 50.4288711547852 50.3369827270508 50.348274230957 50.3557624816895 50.5151443481445 50.7075309753418 50.9802589416504 51.2258644104004 51.0819206237793 50.9246482849121 50.6119613647461 50.2840805053711 49.9905128479004
-3.4e+38 -3.4e+38 -3.4e+38 -3.4e+38 -3.4e+38 -3.4e+38 -3.4e+38 -3.4e+38 -3.4e+38 -3.4e+38 -3.4e+38 -3.4e+38 -3.4e+38 -3.4e+38 58.138313293457 58.3028221130371 58.231273651123 57.4768333435059 56.451831817627 56.5821952819824 55.5148582458496 55.544506072998 56.3101463317871 57.2125816345215 56.4137954711914 55.4967384338379 54.9497184753418 54.4967231750488 54.258186340332 53.8296737670898 53.4941177368164 53.1419486999512 52.7812728881836 52.3450469970703 51.9605712890625 51.3909759521484 51.0278816223145 50.9454193115234 50.6254577636719 50.5515975952148 50.3688926696777 50.1982116699219 50.2267417907715 50.0222129821777 50.019416809082 49.9930648803711 50.1826858520508 50.7877731323242 51.2004508972168 51.1689720153809 50.9071617126465 50.5689582824707 50.2358512878418
-3.4e+38 -3.4e+38 -3.4e+38 -3.4e+38 -3.4e+38 -3.4e+38 -3.4e+38 -3.4e+38 -3.4e+38 -3.4e+38 -3.4e+38 -3.4e+38 -3.4e+38 -3.4e+38 -3.4e+38 57.8693923950195 57.2865524291992 57.1298713684082 56.491813659668 55.865852355957 54.9192352294922 54.9436149597168 55.7562980651855 56.4382019042969 56.3673286437988 55.8628463745117 55.3938102722168 54.7367706298828 54.2083854675293 53.8941917419434 53.7324676513672 53.4521827697754 53.0970306396484 52.6543388366699 52.247386932373 51.7703514099121 51.3827934265137 51.1528091430664 50.8573570251465 50.6802940368652 50.4796943664551 50.2692031860352 50.1908111572266 49.9473037719727 49.6788177490234 49.4089241027832 49.4853820800781 50.0376586914062 50.5270576477051 50.795726776123 50.7509155273438 50.5637435913086 50.2829627990723
-3.4e+38 -3.4e+38 -3.4e+38 -3.4e+38 -3.4e+38 -3.4e+38 -3.4e+38 -3.4e+38 -3.4e+38 -3.4e+38 -3.4e+38 -3.4e+38 -3.4e+38 -3.4e+38 -3.4e+38 57.5364570617676 55.8656806945801 55.4042129516602 54.038330078125 54.5166893005371 54.3253479003906 54.6990814208984 55.4893379211426 55.4123954772949 56.1717529296875 56.4521255493164 56.052661895752 54.8205070495605 54.0004005432129 54.0906105041504 54.157299041748 54.0105323791504 53.658016204834 53.1760139465332 52.8585739135742 52.503116607666 52.1079025268555 51.7491416931152 51.3192138671875 51.0759811401367 50.796314239502 50.5144844055176 50.4492683410645 50.1548271179199 49.6301956176758 49.0005683898926 48.906063079834 49.5110130310059 49.8301467895508 50.1098594665527 50.3183479309082 50.2099075317383 49.9562225341797
-3.4e+38 -3.4e+38 -3.4e+38 -3.4e+38 -3.4e+38 -3.4e+38 -3.4e+38 -3.4e+38 -3.4e+38 -3.4e+38 -3.4e+38 -3.4e+38 -3.4e+38 -3.4e+38 -3.4e+38 -3.4e+38 57.2314987182617 54.6767539978027 53.341667175293 54.0960502624512 55.5714683532715 55.6151123046875 55.6518096923828 55.9642944335938 56.5628776550293 56.2828407287598 55.8048324584961 55.0481796264648 54.6582946777344 54.7027435302734 55.0465126037598 54.9726715087891 54.4572792053223 53.9484100341797 53.546760559082 53.1940727233887 52.7659683227539 52.3123970031738 51.854434967041 51.4508895874023 51.133186340332 50.787971496582 50.5855751037598 50.2812690734863 49.7940673828125 49.2285346984863 48.966121673584 49.0251731872559 49.1392135620117 49.4677352905273 49.7296600341797 49.6550598144531 49.3783226013184
-3.4e+38 -3.4e+38 -3.4e+38 -3.4e+38 -3.4e+38 -3.4e+38 -3.4e+38 -3.4e+38 -3.4e+38 -3.4e+38 -3.4e+38 -3.4e+38 -3.4e+38 -3.4e+38 -3.4e+38 -3.4e+38 60.6075820922852 53.9652786254883 51.6532821655273 54.1611862182617 57.2346458435059 56.6930732727051 55.8116645812988 55.7028846740723 55.4764747619629 55.4841461181641 54.9754371643066 54.6414375305176 55.1751747131348 55.0251274108887 55.8827857971191 56.1140365600586 55.3986625671387 54.8337631225586 54.5079193115234 53.9437789916992 53.4709548950195 53.0310096740723 52.5055923461914 52.0356712341309 51.5490798950195 51.133129119873 50.9076728820801 50.5597991943359 50.1979484558105 49.6083679199219 49.0518074035645 48.7777214050293 48.5195007324219 48.9485969543457 49.3376235961914 49.2746505737305 48.937801361084
-3.4e+38 -3.4e+38 -3.4e+38 -3.4e+38 -3.4e+38 -3.4e+38 -3.4e+38 -3.4e+38 -3.4e+38 -3.4e+38 -3.4e+38 -3.4e+38 -3.4e+38 -3.4e+38 -3.4e+38 -3.4e+38 -3.4e+38 53.8604545593262 52.9320259094238 55.116039276123 57.4755439758301 57.4622611999512 56.7838516235352 55.7266998291016 54.8339767456055 54.0795822143555 53.853271484375 53.2057304382324 53.2416610717773 54.2240905761719 55.6570167541504 56.3407363891602 56.272590637207 55.9852256774902 55.2903175354004 54.7433624267578 54.1950721740723 53.5265960693359 53.0106468200684 52.4572563171387 51.9573860168457 51.4893226623535 51.1200981140137 50.8632621765137 50.331470489502 49.7942161560059 49.1639671325684 48.7084884643555 48.5041809082031 48.6773262023926 48.9302673339844 48.8364372253418 48.5538139343262
-3.4e+38 -3.4e+38 -3.4e+38 -3.4e+38 -3.4e+38 -3.4e+38 -3.4e+38 -3.4e+38 -3.4e+38 -3.4e+38 -3.4e+38 -3.4e+38 -3.4e+38 -3.4e+38 -3.4e+38 -3.4e+38 -3.4e+38 54.0342712402344 53.4050636291504 56.3265228271484 57.6610794067383 57.7949523925781 57.0450744628906 55.9212799072266 54.7696151733398 52.694766998291 52.0538330078125 51.8741111755371 50.5692253112793 52.8949012756348 54.8467178344727 55.6418991088867 55.616268157959 56.167797088623 55.5088005065918 55.1905364990234 54.8469467163086 54.0234260559082 53.5759925842285 52.836483001709 52.4087600708008 51.841968536377 51.4300880432129 51.0032081604004 50.373966217041 49.9319953918457 49.3460540771484 48.8265113830566 48.4290618896484 48.4542617797852 48.6289024353027 48.5038299560547 48.2361526489258
-3.4e+38 -3.4e+38 -3.4e+38 -3.4e+38 -3.4e+38 -3.4e+38 -3.4e+38 -3.4e+38 -3.4e+38 -3.4e+38 -3.4e+38 -3.4e+38 -3.4e+38 -3.4e+38 -3.4e+38 -3.4e+38 -3.4e+38 -3.4e+38 56.1252479553223 56.9427604675293 56.9399871826172 57.0646896362305 57.3492164611816 56.8098030090332 55.9298629760742 54.1099433898926 52.4544410705566 50.8900718688965 49.616096496582 50.707893371582 51.6318244934082 52.5344429016113 53.2609176635742 53.3714447021484 54.1416244506836 54.5448379516602 54.5150108337402 53.8272743225098 53.1821327209473 52.8427238464355 52.6048316955566 52.1818389892578 51.5332374572754 50.8940620422363 50.4108543395996 50.1231956481934 49.4891090393066 48.9511489868164 48.5372314453125 48.368766784668 48.3238563537598 48.1459541320801 47.9647674560547
-3.4e+38 -3.4e+38 -3.4e+38 -3.4e+38 -3.4e+38 -3.4e+38 -3.4e+38 -3.4e+38 -3.4e+38 -3.4e+38 -3.4e+38 -3.4e+38 -3.4e+38 -3.4e+38 -3.4e+38 -3.4e+38 -3.4e+38 -3.4e+38 59.5759391784668 59.4568252563477 57.7301177978516 57.2887573242188 58.1151695251465 58.3202972412109 57.281681060791 56.0114059448242 54.5395927429199 52.500732421875 49.3486213684082 50.8554725646973 50.0780448913574 50.6548614501953 51.9277496337891 51.5367660522461 53.3205986022949 54.1773071289062 54.2185516357422 53.4714393615723 52.3479461669922 52.4178466796875 52.3345069885254 51.9047431945801 51.2772102355957 50.6402969360352 50.3144149780273 50.2455520629883 49.7467041015625 49.2125968933105 48.6133117675781 48.2466888427734 48.0337295532227 47.8317604064941 47.747631072998
-3.4e+38 -3.4e+38 -3.4e+38 -3.4e+38 -3.4e+38 -3.4e+38 -3.4e+38 -3.4e+38 -3.4e+38 -3.4e+38 -3.4e+38 -3.4e+38 -3.4e+38 -3.4e+38 -3.4e+38 -3.4e+38 -3.4e+38 -3.4e+38 55.6418037414551 61.8159980773926 61.2036170959473 60.3232841491699 59.0960578918457 57.8701820373535 57.5118598937988 56.8201522827148 56.3213005065918 55.9726676940918 55.3101768493652 54.8591804504395 54.3872375488281 54.000919342041 53.5434913635254 53.2313766479492 53.4937171936035 53.5188598632812 53.4742393493652 53.2663917541504 52.7990798950195 52.2332763671875 51.7859878540039 51.3970642089844 50.8808784484863 50.3574371337891 50.4152030944824 50.4555320739746 50.0097923278809 49.4919548034668 48.8974456787109 48.3437767028809 47.8913192749023 47.625358581543 47.6390609741211
-3.4e+38 -3.4e+38 -3.4e+38 -3.4e+38 -3.4e+38 -3.4e+38 -3.4e+38 -3.4e+38 -3.4e+38 -3.4e+38 -3.4e+38 -3.4e+38 -3.4e+38 -3.4e+38 -3.4e+38 -3.4e+38 -3.4e+38 -3.4e+38 -3.4e+38 62.6422157287598 65.2077331542969 63.7564239501953 61.3121490478516 58.9676208496094 58.8887557983398 57.9257621765137 57.3975677490234 57.61865234375 57.54541015625 58.9208984375 58.7138671875 57.8060913085938 56.303955078125 54.9955406188965 53.7499237060547 53.0291862487793 52.9328346252441 52.9602737426758 53.0025672912598 52.6089630126953 51.7941436767578 51.3556938171387 51.0581588745117 50.4811401367188 50.6529579162598 50.7650566101074 50.3345756530762 49.841121673584 49.1843795776367 48.5178070068359 47.9340400695801 47.5979843139648 47.6230278015137
-3.4e+38 -3.4e+38 -3.4e+38 -3.4e+38 -3.4e+38 -3.4e+38 -3.4e+38 -3.4e+38 -3.4e+38 -3.4e+38 -3.4e+38 -3.4e+38 -3.4e+38 -3.4e+38 -3.4e+38 -3.4e+38 -3.4e+38 -3.4e+38 -3.4e+38 -3.4e+38 60.7621040344238 66.9021530151367 65.4133605957031 64.2609710693359 61.9097480773926 60.3232917785645 59.7757606506348 59.9740371704102 61.042293548584 61.5853729248047 61.1577682495117 59.8605575561523 57.5121078491211 55.3063621520996 53.5768013000488 52.3493270874023 51.8871879577637 52.3327560424805 52.5166854858398 52.2939186096191 52.0527877807617 51.903865814209 51.5078353881836 51.3465423583984 51.0974349975586 50.8785285949707 50.3670349121094 49.8375358581543 49.3113861083984 48.7811317443848 48.3550491333008 47.9748764038086 47.6811943054199
-3.4e+38 -3.4e+38 -3.4e+38 -3.4e+38 -3.4e+38 -3.4e+38 -3.4e+38 -3.4e+38 -3.4e+38 -3.4e+38 -3.4e+38 -3.4e+38 -3.4e+38 -3.4e+38 -3.4e+38 -3.4e+38 -3.4e+38 -3.4e+38 -3.4e+38 -3.4e+38 -3.4e+38 -3.4e+38 69.8239669799805 68.1700820922852 64.9743347167969 62.4150695800781 61.4846496582031 61.0896034240723 61.9144554138184 61.9536781311035 61.8633842468262 60.6947898864746 58.3936958312988 55.9156646728516 54.4693183898926 52.0967903137207 51.1217384338379 51.5057945251465 51.9646263122559 52.0694961547852 52.1261978149414 52.2183380126953 52.0727691650391 51.788200378418 51.4471397399902 51.0177612304688 50.4969024658203 50.0083160400391 49.5446968078613 49.1647071838379 48.8630714416504 48.4081001281738 47.9459762573242
-3.4e+38 -3.4e+38 -3.4e+38 -3.4e+38 -3.4e+38 -3.4e+38 -3.4e+38 -3.4e+38 -3.4e+38 -3.4e+38 -3.4e+38 -3.4e+38 -3.4e+38 -3.4e+38 -3.4e+38 -3.4e+38 -3.4e+38 -3.4e+38 -3.4e+38 -3.4e+38 -3.4e+38 -3.4e+38 -3.4e+38 -3.4e+38 66.7107849121094 63.1077995300293 61.9321708679199 61.4082832336426 60.8545265197754 61.9586563110352 61.324089050293 60.3885498046875 59.681324005127 58.3584785461426 55.8087692260742 53.2007751464844 51.1132469177246 50.751392364502 50.6576232910156 51.1740608215332 51.7396697998047 51.9551620483398 51.9606857299805 51.7693405151367 51.4047698974609 50.9966659545898 50.5596008300781 50.0686149597168 49.7415313720703 49.413158416748 49.1701583862305 48.8094177246094 48.2709617614746
-3.4e+38 -3.4e+38 -3.4e+38 -3.4e+38 -3.4e+38 -3.4e+38 -3.4e+38 -3.4e+38 -3.4e+38 -3.4e+38 -3.4e+38 -3.4e+38 -3.4e+38 -3.4e+38 -3.4e+38 -3.4e+38 -3.4e+38 -3.4e+38 -3.4e+38 -3.4e+38 -3.4e+38 -3.4e+38 -3.4e+38 -3.4e+38 -3.4e+38 -3.4e+38 62.6277847290039 61.3833274841309 60.6313591003418 61.4666175842285 61.6557769775391 60.6467895507812 60.1034202575684 59.0769119262695 56.8949203491211 54.1339912414551 52.550594329834 51.1679191589355 50.1158752441406 50.3158798217773 50.8423690795898 51.1984710693359 51.3896369934082 51.5011749267578 51.4008636474609 51.0115547180176 50.7254447937012 50.3286247253418 49.9353866577148 49.5685615539551 49.4119338989258 49.0594825744629 48.5968933105469
-3.4e+38 -3.4e+38 -3.4e+38 -3.4e+38 -3.4e+38 -3.4e+38 -3.4e+38 -3.4e+38 -3.4e+38 -3.4e+38 -3.4e+38 -3.4e+38 -3.4e+38 -3.4e+38 -3.4e+38 -3.4e+38 -3.4e+38 -3.4e+38 -3.4e+38 -3.4e+38 -3.4e+38 -3.4e+38 -3.4e+38 -3.4e+38 -3.4e+38 -3.4e+38 -3.4e+38 -3.4e+38 62.3996696472168 62.1324081420898 61.8550071716309 61.4517860412598 60.3719749450684 58.8130645751953 57.6791343688965 56.0507621765137 54.161865234375 52.6236114501953 50.6890106201172 50.4699401855469 50.0228042602539 50.0485687255859 51.0287399291992 51.1772804260254 51.3437156677246 51.213752746582 50.9721946716309 50.5193557739258 50.0896415710449 49.7714996337891 49.5202178955078 49.2532730102539 48.8358688354492
-3.4e+38 -3.4e+38 -3.4e+38 -3.4e+38 -3.4e+38 -3.4e+38 -3.4e+38 -3.4e+38 -3.4e+38 -3.4e+38 -3.4e+38 -3.4e+38 -3.4e+38 -3.4e+38 -3.4e+38 -3.4e+38 -3.4e+38 -3.4e+38 -3.4e+38 -3.4e+38 -3.4e+38 -3.4e+38 -3.4e+38 -3.4e+38 -3.4e+38 -3.4e+38 -3.4e+38 -3.4e+38 65.1714324951172 63.5432891845703 62.8317031860352 62.6132888793945 61.4404487609863 60.2094268798828 59.0426635742188 57.7252082824707 56.2584457397461 54.8823928833008 53.5074501037598 53.3815155029297 52.1726150512695 51.3749923706055 51.5674247741699 51.4733543395996 51.6163635253906 51.4822807312012 51.323802947998 50.9365310668945 50.4695625305176 50.3187217712402 50.0739440917969 49.7263031005859 49.1967239379883
-3.4e+38 -3.4e+38 -3.4e+38 -3.4e+38 -3.4e+38 -3.4e+38 -3.4e+38 -3.4e+38 -3.4e+38 -3.4e+38 -3.4e+38 -3.4e+38 -3.4e+38 -3.4e+38 -3.4e+38 -3.4e+38 -3.4e+38 -3.4e+38 -3.4e+38 -3.4e+38 -3.4e+38 -3.4e+38 -3.4e+38 -3.4e+38 -3.4e+38 -3.4e+38 -3.4e+38 -3.4e+38 -3.4e+38 -3.4e+38 64.4645919799805 63.8249931335449 62.8258514404297 62.0757789611816 60.0087242126465 58.8293571472168 57.7306327819824 56.9424896240234 57.3365020751953 56.3000297546387 55.9193916320801 54.2694854736328 52.9588623046875 52.3246269226074 52.1771011352539 51.9128837585449 51.6878356933594 51.4380493164062 51.0833473205566 50.7841262817383 50.8072319030762 50.4624824523926 49.6326751708984
-3.4e+38 -3.4e+38 -3.4e+38 -3.4e+38 -3.4e+38 -3.4e+38 -3.4e+38 -3.4e+38 -3.4e+38 -3.4e+38 -3.4e+38 -3.4e+38 -3.4e+38 -3.4e+38 -3.4e+38 -3.4e+38 -3.4e+38 -3.4e+38 -3.4e+38 -3.4e+38 -3.4e+38 -3.4e+38 -3.4e+38 -3.4e+38 -3.4e+38 -3.4e+38 -3.4e+38 -3.4e+38 -3.4e+38 -3.4e+38 67.2722625732422 65.6176147460938 63.3249244689941 61.4698791503906 59.5549583435059 58.2112083435059 57.2966651916504 57.0776214599609 57.5812149047852 57.4845428466797 57.5591850280762 56.5920486450195 54.833324432373 53.7774505615234 53.5632400512695 53.5285148620605 53.1248588562012 52.2650566101074 51.5468406677246 51.2685661315918 51.1000442504883 50.7959251403809 50.4279365539551
-3.4e+38 -3.4e+38 -3.4e+38 -3.4e+38 -3.4e+38 -3.4e+38 -3.4e+38 -3.4e+38 -3.4e+38 -3.4e+38 -3.4e+38 -3.4e+38 -3.4e+38 -3.4e+38 -3.4e+38 -3.4e+38 -3.4e+38 -3.4e+38 -3.4e+38 -3.4e+38 -3.4e+38 -3.4e+38 -3.4e+38 -3.4e+38 -3.4e+38 -3.4e+38 -3.4e+38 -3.4e+38 -3.4e+38 -3.4e+38 -3.4e+38 67.4081268310547 63.2872924804688 59.7676048278809 58.0149307250977 56.3263130187988 55.5606575012207 55.9289970397949 56.5262107849121 57.3983154296875 58.2331466674805 57.956298828125 56.3486824035645 55.1259307861328 55.2039108276367 55.5617790222168 54.9693908691406 53.2586250305176 51.7154502868652 51.4967041015625 51.2357330322266 50.8984222412109 51.0806045532227
