meets/meet004/selection/CCSM_21k_am_bio16.asc
NCOLS 154 
NROWS 168 
XLLCORNER -112 
YLLCORNER -55.5 
CELLSIZE 0.5 
NODATA_value -3.4e+38 
[rows 72 to 95 of 168, columns 53 to 105 of 154]
-3.4e+38 -3.4e+38 -3.4e+38 -3.4e+38 -3.4e+38 -3.4e+38 -3.4e+38 -3.4e+38 -3.4e+38 -3.4e+38 -3.4e+38 -3.4e+38 784.059875488281 804.279235839844 737.046081542969 659.425720214844 607.717468261719 595.460205078125 583.484252929688 538.619812011719 499.362426757812 478.459655761719 482.346466064453 482.429412841797 481.562957763672 477.058471679688 479.300628662109 493.475463867188 503.545043945312 506.127075195312 502.791778564453 501.828704833984 508.029510498047 511.20654296875 515.846740722656 519.556335449219 529.316772460938 546.053466796875 562.083679199219 583.362976074219 603.210144042969 626.493041992188 651.384704589844 675.727416992188 700.695617675781 721.863037109375 744.085205078125 764.713073730469 783.7421875 802.966003417969 819.511962890625 838.8134765625 861.041137695312
-3.4e+38 -3.4e+38 -3.4e+38 -3.4e+38 -3.4e+38 -3.4e+38 -3.4e+38 -3.4e+38 -3.4e+38 -3.4e+38 -3.4e+38 -3.4e+38 -3.4e+38 873.604370117188 804.899841308594 707.668640136719 654.75146484375 618.808349609375 615.881286621094 582.870056152344 536.069458007812 510.283355712891 497.486450195312 485.889770507812 475.022918701172 470.49365234375 465.212677001953 475.045623779297 482.788940429688 485.669860839844 484.696533203125 486.431060791016 489.237609863281 493.614715576172 499.386047363281 501.518920898438 512.15576171875 528.87939453125 544.650146484375 563.381774902344 581.431579589844 602.070678710938 628.780090332031 650.150695800781 671.83447265625 693.563903808594 712.4326171875 734.174438476562 752.338745117188 771.368286132812 792.128967285156 813.274780273438 837.377563476562
-3.4e+38 -3.4e+38 -3.4e+38 -3.4e+38 -3.4e+38 -3.4e+38 -3.4e+38 -3.4e+38 -3.4e+38 -3.4e+38 -3.4e+38 -3.4e+38 -3.4e+38 -3.4e+38 890.006286621094 744.625549316406 687.786071777344 674.3154296875 663.813598632812 632.881896972656 606.7431640625 562.043151855469 520.841125488281 505.01904296875 479.605224609375 466.477600097656 464.934936523438 463.938720703125 466.908935546875 469.466796875 469.755828857422 469.160675048828 473.757751464844 475.588439941406 480.019287109375 486.005035400391 494.450897216797 508.953094482422 522.525939941406 541.53271484375 558.823486328125 579.257873535156 603.48046875 623.657104492188 645.897033691406 664.828430175781 685.371826171875 706.950439453125 723.390075683594 745.05322265625 765.126586914062 787.851318359375 816.046203613281
-3.4e+38 -3.4e+38 -3.4e+38 -3.4e+38 -3.4e+38 -3.4e+38 -3.4e+38 -3.4e+38 -3.4e+38 -3.4e+38 -3.4e+38 -3.4e+38 -3.4e+38 -3.4e+38 887.70068359375 765.086791992188 717.391418457031 707.700073242188 713.735290527344 707.859924316406 699.044128417969 663.639282226562 599.823425292969 543.013427734375 507.725402832031 481.278411865234 467.501281738281 458.722534179688 455.532501220703 452.373321533203 453.912017822266 453.177093505859 454.373016357422 457.376159667969 462.130126953125 468.595428466797 477.356201171875 490.301849365234 503.370056152344 519.749633789062 536.964965820312 555.491455078125 577.3603515625 597.785034179688 618.834533691406 638.276794433594 657.3515625 677.387023925781 696.669799804688 717.257995605469 738.255065917969 761.053955078125 787.78955078125
-3.4e+38 -3.4e+38 -3.4e+38 -3.4e+38 -3.4e+38 -3.4e+38 -3.4e+38 -3.4e+38 -3.4e+38 -3.4e+38 -3.4e+38 -3.4e+38 -3.4e+38 -3.4e+38 844.361633300781 755.853637695312 736.3427734375 745.885803222656 757.524475097656 787.320129394531 813.843933105469 776.023132324219 693.238708496094 596.310668945312 547.184326171875 502.39111328125 481.733428955078 456.713012695312 453.838012695312 445.778625488281 443.965545654297 442.242065429688 441.953582763672 441.267913818359 445.977447509766 452.255218505859 459.147094726562 472.403076171875 483.100341796875 498.293640136719 514.053466796875 531.813598632812 553.337097167969 573.642211914062 592.682739257812 612.611572265625 632.367980957031 652.415161132812 670.993835449219 692.921752929688 712.581359863281 735.079528808594 762.588439941406
-3.4e+38 -3.4e+38 -3.4e+38 -3.4e+38 -3.4e+38 -3.4e+38 -3.4e+38 -3.4e+38 -3.4e+38 -3.4e+38 -3.4e+38 -3.4e+38 -3.4e+38 -3.4e+38 -3.4e+38 730.017028808594 734.41748046875 746.91796875 770.533569335938 854.564575195312 916.321472167969 906.805969238281 805.13037109375 697.6337890625 619.16748046875 547.681640625 508.034759521484 487.484375 461.960601806641 450.401031494141 441.515441894531 433.673278808594 426.592193603516 427.004302978516 427.700805664062 434.202362060547 440.7763671875 450.532684326172 461.870086669922 475.410003662109 490.25439453125 506.644866943359 525.35546875 545.945373535156 564.542358398438 584.644836425781 604.956237792969 626.114379882812 647.413879394531 668.187072753906 689.735900878906 710.892883300781 734.248962402344
-3.4e+38 -3.4e+38 -3.4e+38 -3.4e+38 -3.4e+38 -3.4e+38 -3.4e+38 -3.4e+38 -3.4e+38 -3.4e+38 -3.4e+38 -3.4e+38 -3.4e+38 -3.4e+38 -3.4e+38 670.545715332031 720.675903320312 735.616577148438 763.497253417969 891.681091308594 1004.16015625 1006.81756591797 919.368774414062 805.351684570312 705.9970703125 613.485168457031 556.516845703125 517.798522949219 489.893951416016 460.767456054688 445.929016113281 434.495452880859 415.411865234375 417.824981689453 415.951080322266 419.015869140625 424.197509765625 433.249603271484 439.980407714844 453.745208740234 466.469665527344 481.931182861328 501.835906982422 518.246765136719 539.011352539062 559.607055664062 581.190979003906 605.813781738281 627.026062011719 650.990356445312 671.03466796875 690.252868652344 714.513488769531
-3.4e+38 -3.4e+38 -3.4e+38 -3.4e+38 -3.4e+38 -3.4e+38 -3.4e+38 -3.4e+38 -3.4e+38 -3.4e+38 -3.4e+38 -3.4e+38 -3.4e+38 -3.4e+38 -3.4e+38 -3.4e+38 674.31396484375 750.237182617188 806.221557617188 899.928894042969 977.983764648438 998.209167480469 967.470031738281 904.933349609375 848.807495117188 759.4521484375 700.438293457031 646.619812011719 570.239562988281 524.952331542969 478.336059570312 441.294403076172 426.922271728516 415.857116699219 408.500183105469 409.439849853516 411.436950683594 414.101501464844 422.757385253906 432.592041015625 445.400482177734 460.221710205078 478.748779296875 498.272430419922 518.399597167969 539.94921875 563.615661621094 590.152038574219 614.860290527344 635.26904296875 654.573913574219 671.710021972656 690.069885253906
-3.4e+38 -3.4e+38 -3.4e+38 -3.4e+38 -3.4e+38 -3.4e+38 -3.4e+38 -3.4e+38 -3.4e+38 -3.4e+38 -3.4e+38 -3.4e+38 -3.4e+38 -3.4e+38 -3.4e+38 -3.4e+38 620.586242675781 758.314758300781 860.735168457031 903.642211914062 929.646362304688 949.039733886719 972.6943359375 991.80126953125 1016.32788085938 973.372619628906 924.374755859375 860.473449707031 708.787292480469 639.130126953125 554.287048339844 486.856170654297 446.404022216797 421.181854248047 413.002960205078 403.054718017578 402.884155273438 400.688507080078 406.96923828125 416.046752929688 428.889312744141 443.29931640625 463.450286865234 483.244201660156 504.897216796875 528.212768554688 552.935974121094 582.267028808594 609.107482910156 624.542663574219 639.70947265625 654.277404785156 670.587158203125
-3.4e+38 -3.4e+38 -3.4e+38 -3.4e+38 -3.4e+38 -3.4e+38 -3.4e+38 -3.4e+38 -3.4e+38 -3.4e+38 -3.4e+38 -3.4e+38 -3.4e+38 -3.4e+38 -3.4e+38 -3.4e+38 -3.4e+38 701.072814941406 853.287170410156 893.503601074219 904.673828125 925.283569335938 979.155883789062 1055.66223144531 1169.76391601562 1294.32873535156 1314.80395507812 1216.61791992188 1085.85485839844 943.06201171875 763.975341796875 638.873718261719 567.325622558594 480.329193115234 442.904022216797 415.117431640625 398.747436523438 395.829833984375 397.224731445312 402.144744873047 412.833343505859 427.232055664062 448.330322265625 471.129791259766 493.5322265625 518.509887695312 543.850036621094 570.025329589844 594.099060058594 609.93017578125 622.287048339844 634.8798828125 649.886413574219
-3.4e+38 -3.4e+38 -3.4e+38 -3.4e+38 -3.4e+38 -3.4e+38 -3.4e+38 -3.4e+38 -3.4e+38 -3.4e+38 -3.4e+38 -3.4e+38 -3.4e+38 -3.4e+38 -3.4e+38 -3.4e+38 -3.4e+38 605.895263671875 869.995239257812 841.674621582031 878.949890136719 902.04638671875 960.777587890625 1065.01171875 1271.42004394531 1520.81555175781 1605.20166015625 1513.81408691406 1472.43444824219 1320.56103515625 1081.76599121094 910.277893066406 790.866271972656 586.965087890625 513.042358398438 445.464050292969 408.851898193359 392.530731201172 387.064056396484 394.418212890625 400.291564941406 412.764709472656 437.178253173828 459.575012207031 482.772064208984 508.708251953125 535.100219726562 560.0146484375 580.745483398438 594.349243164062 604.615600585938 615.604858398438 632.471435546875
-3.4e+38 -3.4e+38 -3.4e+38 -3.4e+38 -3.4e+38 -3.4e+38 -3.4e+38 -3.4e+38 -3.4e+38 -3.4e+38 -3.4e+38 -3.4e+38 -3.4e+38 -3.4e+38 -3.4e+38 -3.4e+38 -3.4e+38 -3.4e+38 600.518432617188 734.104125976562 827.304260253906 894.546447753906 952.105590820312 1053.20629882812 1199.69592285156 1422.35668945312 1540.47839355469 1604.10363769531 1652.00964355469 1615.02978515625 1566.80053710938 1399.57836914062 1092.69360351562 837.307861328125 649.198303222656 502.293914794922 430.268707275391 406.825836181641 392.711700439453 391.462066650391 394.742645263672 407.408508300781 428.597869873047 452.061279296875 476.319152832031 500.850891113281 523.592956542969 546.129028320312 564.960327148438 579.498474121094 590.076354980469 601.437622070312 616.085388183594
-3.4e+38 -3.4e+38 -3.4e+38 -3.4e+38 -3.4e+38 -3.4e+38 -3.4e+38 -3.4e+38 -3.4e+38 -3.4e+38 -3.4e+38 -3.4e+38 -3.4e+38 -3.4e+38 -3.4e+38 -3.4e+38 -3.4e+38 -3.4e+38 369.031158447266 568.651977539062 751.103271484375 895.413452148438 957.761108398438 1027.26330566406 1147.71740722656 1290.7041015625 1360.40539550781 1493.95373535156 1661.6259765625 1679.12463378906 1810.48828125 1693.11499023438 1318.3896484375 1028.5361328125 804.308654785156 591.356140136719 485.266510009766 440.730346679688 406.569274902344 402.819793701172 400.99169921875 407.568725585938 428.900085449219 447.397186279297 469.380249023438 492.892272949219 513.197875976562 532.528930664062 549.44677734375 562.597900390625 574.631042480469 586.507690429688 600.064208984375
-3.4e+38 -3.4e+38 -3.4e+38 -3.4e+38 -3.4e+38 -3.4e+38 -3.4e+38 -3.4e+38 -3.4e+38 -3.4e+38 -3.4e+38 -3.4e+38 -3.4e+38 -3.4e+38 -3.4e+38 -3.4e+38 -3.4e+38 -3.4e+38 238.06640625 405.485931396484 612.5498046875 772.745544433594 901.61962890625 1006.51708984375 1067.39294433594 1114.65319824219 1179.33435058594 1229.50964355469 1330.60791015625 1423.09313964844 1519.78247070312 1471.96496582031 1305.04577636719 1135.30590820312 908.051391601562 715.845947265625 581.902893066406 499.735900878906 447.659515380859 420.251068115234 413.390777587891 420.268035888672 434.656555175781 453.872192382812 469.849884033203 487.541168212891 503.463500976562 519.827270507812 535.158935546875 547.058349609375 558.419921875 569.133239746094 582.611267089844
-3.4e+38 -3.4e+38 -3.4e+38 -3.4e+38 -3.4e+38 -3.4e+38 -3.4e+38 -3.4e+38 -3.4e+38 -3.4e+38 -3.4e+38 -3.4e+38 -3.4e+38 -3.4e+38 -3.4e+38 -3.4e+38 -3.4e+38 -3.4e+38 -3.4e+38 253.513214111328 426.358642578125 597.6787109375 762.914916992188 931.437194824219 972.944396972656 987.159301757812 1017.748046875 1032.095703125 1032.103515625 1111.59265136719 1184.28649902344 1198.41723632812 1201.63562011719 1150.10656738281 1020.15112304688 861.615051269531 728.917846679688 613.670104980469 518.785827636719 475.655639648438 445.917755126953 440.843597412109 450.588836669922 460.227111816406 471.123291015625 484.613220214844 493.818115234375 505.174743652344 518.355773925781 526.541381835938 536.4091796875 546.928588867188 560.470458984375
-3.4e+38 -3.4e+38 -3.4e+38 -3.4e+38 -3.4e+38 -3.4e+38 -3.4e+38 -3.4e+38 -3.4e+38 -3.4e+38 -3.4e+38 -3.4e+38 -3.4e+38 -3.4e+38 -3.4e+38 -3.4e+38 -3.4e+38 -3.4e+38 -3.4e+38 -3.4e+38 237.371368408203 368.892669677734 524.908203125 672.647521972656 819.569641113281 903.9990234375 961.976623535156 957.501037597656 925.630920410156 943.289001464844 965.876281738281 1003.40612792969 1105.33911132812 1151.62280273438 1134.55883789062 1083.69030761719 968.347351074219 789.118225097656 634.8671875 553.721862792969 495.095855712891 468.863494873047 465.686859130859 468.522857666016 470.226318359375 478.430297851562 486.124267578125 490.980194091797 499.267669677734 507.153869628906 514.414916992188 523.178161621094 535.636352539062
-3.4e+38 -3.4e+38 -3.4e+38 -3.4e+38 -3.4e+38 -3.4e+38 -3.4e+38 -3.4e+38 -3.4e+38 -3.4e+38 -3.4e+38 -3.4e+38 -3.4e+38 -3.4e+38 -3.4e+38 -3.4e+38 -3.4e+38 -3.4e+38 -3.4e+38 -3.4e+38 -3.4e+38 -3.4e+38 303.229461669922 424.580169677734 599.10107421875 760.496948242188 861.8359375 884.508056640625 874.360534667969 877.639709472656 854.202697753906 892.358825683594 1010.27239990234 1131.56799316406 1177.77770996094 1228.73974609375 1162.82824707031 997.020202636719 811.059814453125 696.766235351562 584.162231445312 522.961303710938 493.366912841797 472.928161621094 471.398376464844 472.58349609375 476.078063964844 478.843414306641 485.645538330078 492.361938476562 499.624664306641 508.231018066406 521.711364746094
-3.4e+38 -3.4e+38 -3.4e+38 -3.4e+38 -3.4e+38 -3.4e+38 -3.4e+38 -3.4e+38 -3.4e+38 -3.4e+38 -3.4e+38 -3.4e+38 -3.4e+38 -3.4e+38 -3.4e+38 -3.4e+38 -3.4e+38 -3.4e+38 -3.4e+38 -3.4e+38 -3.4e+38 -3.4e+38 -3.4e+38 -3.4e+38 385.228149414062 537.584289550781 676.217529296875 797.685913085938 889.487060546875 865.852111816406 835.4755859375 855.930603027344 915.927673339844 1007.38690185547 1145.77404785156 1281.1484375 1293.51440429688 1180.8544921875 1058.68103027344 889.571472167969 710.445129394531 599.256225585938 542.092712402344 491.531219482422 470.913696289062 461.872772216797 466.195068359375 470.843688964844 477.149505615234 487.109039306641 498.280548095703 508.198059082031 521.972473144531
-3.4e+38 -3.4e+38 -3.4e+38 -3.4e+38 -3.4e+38 -3.4e+38 -3.4e+38 -3.4e+38 -3.4e+38 -3.4e+38 -3.4e+38 -3.4e+38 -3.4e+38 -3.4e+38 -3.4e+38 -3.4e+38 -3.4e+38 -3.4e+38 -3.4e+38 -3.4e+38 -3.4e+38 -3.4e+38 -3.4e+38 -3.4e+38 -3.4e+38 -3.4e+38 470.588500976562 628.036315917969 782.304870605469 805.320495605469 800.740173339844 824.245361328125 849.896606445312 925.099243164062 1045.49633789062 1215.78491210938 1266.58374023438 1256.00695800781 1202.54272460938 1044.47961425781 876.421875 734.339477539062 616.019836425781 522.168701171875 477.768218994141 453.506896972656 454.146362304688 461.488494873047 471.266967773438 483.865997314453 498.033996582031 508.882995605469 523.420166015625
-3.4e+38 -3.4e+38 -3.4e+38 -3.4e+38 -3.4e+38 -3.4e+38 -3.4e+38 -3.4e+38 -3.4e+38 -3.4e+38 -3.4e+38 -3.4e+38 -3.4e+38 -3.4e+38 -3.4e+38 -3.4e+38 -3.4e+38 -3.4e+38 -3.4e+38 -3.4e+38 -3.4e+38 -3.4e+38 -3.4e+38 -3.4e+38 -3.4e+38 -3.4e+38 -3.4e+38 -3.4e+38 521.624816894531 648.133666992188 776.610778808594 819.68115234375 779.124572753906 802.643920898438 905.531127929688 1018.69311523438 1115.40698242188 1192.69067382812 1228.75378417969 1142.12780761719 1048.37097167969 891.84814453125 697.726196289062 554.572021484375 483.935363769531 446.150604248047 442.812591552734 452.124816894531 466.627624511719 481.154113769531 496.599060058594 510.448760986328 525.014038085938
-3.4e+38 -3.4e+38 -3.4e+38 -3.4e+38 -3.4e+38 -3.4e+38 -3.4e+38 -3.4e+38 -3.4e+38 -3.4e+38 -3.4e+38 -3.4e+38 -3.4e+38 -3.4e+38 -3.4e+38 -3.4e+38 -3.4e+38 -3.4e+38 -3.4e+38 -3.4e+38 -3.4e+38 -3.4e+38 -3.4e+38 -3.4e+38 -3.4e+38 -3.4e+38 -3.4e+38 -3.4e+38 337.637542724609 477.551788330078 631.458923339844 708.736267089844 719.493225097656 744.608642578125 788.418395996094 859.618530273438 944.580444335938 1045.53649902344 1124.74914550781 1109.02490234375 1077.49279785156 955.322875976562 756.40869140625 594.728881835938 499.558898925781 451.177673339844 438.833068847656 445.433044433594 461.430969238281 477.220031738281 492.84716796875 507.239837646484 522.434814453125
-3.4e+38 -3.4e+38 -3.4e+38 -3.4e+38 -3.4e+38 -3.4e+38 -3.4e+38 -3.4e+38 -3.4e+38 -3.4e+38 -3.4e+38 -3.4e+38 -3.4e+38 -3.4e+38 -3.4e+38 -3.4e+38 -3.4e+38 -3.4e+38 -3.4e+38 -3.4e+38 -3.4e+38 -3.4e+38 -3.4e+38 -3.4e+38 -3.4e+38 -3.4e+38 -3.4e+38 -3.4e+38 -3.4e+38 -3.4e+38 452.721405029297 562.802978515625 644.72314453125 706.763305664062 728.750915527344 730.216003417969 798.125549316406 877.613098144531 936.747863769531 1006.6298828125 1021.87084960938 936.336730957031 774.585510253906 612.073425292969 514.511047363281 457.902648925781 436.694305419922 439.813018798828 456.466064453125 469.867980957031 485.895629882812 501.822998046875 517.341918945312
-3.4e+38 -3.4e+38 -3.4e+38 -3.4e+38 -3.4e+38 -3.4e+38 -3.4e+38 -3.4e+38 -3.4e+38 -3.4e+38 -3.4e+38 -3.4e+38 -3.4e+38 -3.4e+38 -3.4e+38 -3.4e+38 -3.4e+38 -3.4e+38 -3.4e+38 -3.4e+38 -3.4e+38 -3.4e+38 -3.4e+38 -3.4e+38 -3.4e+38 -3.4e+38 -3.4e+38 -3.4e+38 -3.4e+38 -3.4e+38 305.013763427734 432.942932128906 569.116333007812 660.791320800781 681.382141113281 668.794189453125 707.503601074219 764.037780761719 823.382202148438 914.305725097656 955.133422851562 910.470764160156 788.052551269531 643.829040527344 537.611999511719 474.204895019531 443.491973876953 440.417785644531 451.834289550781 464.577545166016 479.210662841797 495.2568359375 513.279846191406
-3.4e+38 -3.4e+38 -3.4e+38 -3.4e+38 -3.4e+38 -3.4e+38 -3.4e+38 -3.4e+38 -3.4e+38 -3.4e+38 -3.4e+38 -3.4e+38 -3.4e+38 -3.4e+38 -3.4e+38 -3.4e+38 -3.4e+38 -3.4e+38 -3.4e+38 -3.4e+38 -3.4e+38 -3.4e+38 -3.4e+38 -3.4e+38 -3.4e+38 -3.4e+38 -3.4e+38 -3.4e+38 -3.4e+38 -3.4e+38 -3.4e+38 327.995941162109 496.720611572266 621.824279785156 649.947570800781 638.775939941406 665.275390625 703.653259277344 759.839233398438 864.342712402344 930.893127441406 915.663513183594 809.421325683594 668.346923828125 564.155517578125 487.271545410156 446.5068359375 440.649780273438 446.838989257812 459.058074951172 471.682281494141 488.831726074219 510.697875976562
