meets/meet004/selection/CCSM_21k_am_bio01.asc
NCOLS 154 
NROWS 168 
XLLCORNER -112 
YLLCORNER -55.5 
CELLSIZE 0.5 
NODATA_value -3.4e+38 
[rows 72 to 95 of 168, columns 53 to 105 of 154]
-3.4e+38 -3.4e+38 -3.4e+38 -3.4e+38 -3.4e+38 -3.4e+38 -3.4e+38 -3.4e+38 -3.4e+38 -3.4e+38 -3.4e+38 -3.4e+38 17.7826271057129 15.7968616485596 13.1376152038574 10.7611598968506 10.3601303100586 11.7857789993286 14.3499851226807 18.0513458251953 21.687931060791 23.2930946350098 22.5241317749023 21.5569248199463 21.5279483795166 21.8091163635254 21.8438529968262 21.6381874084473 21.4814224243164 21.5040340423584 21.6075057983398 21.6765689849854 21.7118892669678 21.7660121917725 21.8784465789795 21.9873294830322 22.0091094970703 21.9513893127441 21.8694553375244 21.8042144775391 21.7434062957764 21.6693496704102 21.6013717651367 21.5298233032227 21.4708404541016 21.4183502197266 21.3632278442383 21.3201866149902 21.284688949585 21.2500343322754 21.2308902740479 21.2268314361572 21.2525005340576
-3.4e+38 -3.4e+38 -3.4e+38 -3.4e+38 -3.4e+38 -3.4e+38 -3.4e+38 -3.4e+38 -3.4e+38 -3.4e+38 -3.4e+38 -3.4e+38 -3.4e+38 16.6330852508545 13.5191526412964 10.4042272567749 9.65190601348877 10.9394998550415 13.4682455062866 17.194507598877 20.9473991394043 22.6935615539551 22.2251873016357 21.5512371063232 21.6200981140137 21.8844089508057 21.9181423187256 21.7142677307129 21.5553665161133 21.5657997131348 21.6533031463623 21.7187309265137 21.7586765289307 21.8228416442871 21.9421291351318 22.0620059967041 22.093921661377 22.0340137481689 21.9596138000488 21.8938465118408 21.8248634338379 21.7432994842529 21.6546440124512 21.5685081481934 21.4895515441895 21.4211826324463 21.3524398803711 21.2955760955811 21.2478446960449 21.2022571563721 21.1798362731934 21.1741428375244 21.208215713501
-3.4e+38 -3.4e+38 -3.4e+38 -3.4e+38 -3.4e+38 -3.4e+38 -3.4e+38 -3.4e+38 -3.4e+38 -3.4e+38 -3.4e+38 -3.4e+38 -3.4e+38 -3.4e+38 14.2042665481567 10.6398820877075 9.4337911605835 10.418906211853 12.692798614502 16.0655536651611 19.7158126831055 21.6672344207764 21.6600646972656 21.5463562011719 21.6962909698486 21.836311340332 21.8983039855957 21.759298324585 21.6394462585449 21.6407794952393 21.6951751708984 21.7648868560791 21.8190746307373 21.8925037384033 22.0051097869873 22.1097602844238 22.1401195526123 22.0968551635742 22.0425815582275 21.9542598724365 21.893253326416 21.7939891815186 21.6795482635498 21.59450340271 21.4773597717285 21.3986873626709 21.3110313415527 21.2309703826904 21.1836643218994 21.1290836334229 21.1083717346191 21.10129737854 21.1231861114502
-3.4e+38 -3.4e+38 -3.4e+38 -3.4e+38 -3.4e+38 -3.4e+38 -3.4e+38 -3.4e+38 -3.4e+38 -3.4e+38 -3.4e+38 -3.4e+38 -3.4e+38 -3.4e+38 14.8746128082275 11.260573387146 9.78134536743164 10.2113447189331 12.0328006744385 14.8502101898193 18.076509475708 20.1302661895752 20.8480033874512 21.2097206115723 21.5636425018311 21.799690246582 21.9221248626709 21.8027744293213 21.7120552062988 21.7376556396484 21.775016784668 21.8336868286133 21.8819026947021 21.9456214904785 22.0442218780518 22.1245861053467 22.1420783996582 22.0875339508057 22.0190105438232 21.9481258392334 21.8712291717529 21.7542533874512 21.6130256652832 21.4816989898682 21.3655815124512 21.2804088592529 21.1861839294434 21.0992603302002 21.0377063751221 21.0077610015869 21.0041007995605 21.0037155151367 21.0260066986084
-3.4e+38 -3.4e+38 -3.4e+38 -3.4e+38 -3.4e+38 -3.4e+38 -3.4e+38 -3.4e+38 -3.4e+38 -3.4e+38 -3.4e+38 -3.4e+38 -3.4e+38 -3.4e+38 15.5738000869751 12.0570592880249 10.355094909668 10.3693504333496 11.2590675354004 13.3413162231445 16.1012325286865 18.0852966308594 19.2735843658447 20.6971683502197 21.1654319763184 21.5648002624512 21.8850288391113 21.7646789550781 21.7708435058594 21.7840213775635 21.8251514434814 21.9014167785645 21.9429721832275 21.9977207183838 22.0969390869141 22.1364059448242 22.1382331848145 22.0728702545166 21.9438457489014 21.9277229309082 21.8326301574707 21.7008895874023 21.5373382568359 21.2986640930176 21.2681827545166 21.1520843505859 21.0458641052246 20.9927940368652 20.8524971008301 20.8673553466797 20.9048328399658 20.8996334075928 20.9098968505859
-3.4e+38 -3.4e+38 -3.4e+38 -3.4e+38 -3.4e+38 -3.4e+38 -3.4e+38 -3.4e+38 -3.4e+38 -3.4e+38 -3.4e+38 -3.4e+38 -3.4e+38 -3.4e+38 -3.4e+38 13.283411026001 11.5149803161621 10.8093938827515 11.004563331604 11.9616203308105 13.7051486968994 15.4354496002197 17.054443359375 18.8359889984131 20.1181507110596 21.1372013092041 21.7548446655273 21.6782627105713 21.6101150512695 21.6796779632568 21.8385391235352 21.9785137176514 22.0509338378906 22.1004447937012 22.2020416259766 22.2358131408691 22.2318420410156 22.1699104309082 22.0618762969971 22.0209865570068 21.9395771026611 21.811372756958 21.6501388549805 21.4523639678955 21.3913097381592 21.2988376617432 21.1712341308594 21.0383911132812 20.884895324707 20.834415435791 20.8147563934326 20.7846183776855 20.7790679931641
-3.4e+38 -3.4e+38 -3.4e+38 -3.4e+38 -3.4e+38 -3.4e+38 -3.4e+38 -3.4e+38 -3.4e+38 -3.4e+38 -3.4e+38 -3.4e+38 -3.4e+38 -3.4e+38 -3.4e+38 14.693244934082 12.8603792190552 11.5642795562744 10.6710119247437 10.2633991241455 10.8773317337036 12.0516834259033 13.7771463394165 16.2807636260986 18.2254867553711 20.2866535186768 21.4896259307861 21.2611618041992 21.2510375976562 21.5334434509277 21.8089294433594 22.0558338165283 22.1860904693604 22.232852935791 22.360595703125 22.4071807861328 22.4040641784668 22.3574695587158 22.2918357849121 22.2169189453125 22.1584701538086 22.0398597717285 21.8850383758545 21.7675762176514 21.6636390686035 21.6160659790039 21.446834564209 21.1994934082031 21.0018253326416 20.803861618042 20.7178382873535 20.6404151916504 20.6140689849854
-3.4e+38 -3.4e+38 -3.4e+38 -3.4e+38 -3.4e+38 -3.4e+38 -3.4e+38 -3.4e+38 -3.4e+38 -3.4e+38 -3.4e+38 -3.4e+38 -3.4e+38 -3.4e+38 -3.4e+38 -3.4e+38 14.5349817276001 12.1151885986328 9.82821750640869 8.38639163970947 7.83378028869629 8.38765144348145 9.92255020141602 12.3801279067993 15.3801107406616 18.4019832611084 20.3071365356445 20.7499713897705 20.9588813781738 21.318208694458 21.7930202484131 22.1424503326416 22.2800540924072 22.4065933227539 22.5215892791748 22.5808029174805 22.6077346801758 22.5826816558838 22.502534866333 22.4549980163574 22.3806419372559 22.2574768066406 22.1038932800293 21.9789333343506 21.9216403961182 21.8645496368408 21.6448230743408 21.3035793304443 20.97119140625 20.7131500244141 20.5529956817627 20.4351425170898 20.4036598205566
-3.4e+38 -3.4e+38 -3.4e+38 -3.4e+38 -3.4e+38 -3.4e+38 -3.4e+38 -3.4e+38 -3.4e+38 -3.4e+38 -3.4e+38 -3.4e+38 -3.4e+38 -3.4e+38 -3.4e+38 -3.4e+38 16.4459171295166 12.7984199523926 8.75619983673096 7.16289329528809 5.30676221847534 4.98921680450439 6.5014967918396 7.93849754333496 12.074333190918 16.1401233673096 18.6433658599854 19.4972057342529 20.3474617004395 20.9637222290039 21.6420402526855 22.2653999328613 22.4253349304199 22.5973472595215 22.8525123596191 22.7914142608643 22.8415088653564 22.844596862793 22.7400493621826 22.7484817504883 22.6352596282959 22.4864692687988 22.3004379272461 22.1232414245605 22.0441570281982 22.0357971191406 21.769567489624 21.3246231079102 20.8627223968506 20.6210231781006 20.3893966674805 20.2356605529785 20.2240924835205
-3.4e+38 -3.4e+38 -3.4e+38 -3.4e+38 -3.4e+38 -3.4e+38 -3.4e+38 -3.4e+38 -3.4e+38 -3.4e+38 -3.4e+38 -3.4e+38 -3.4e+38 -3.4e+38 -3.4e+38 -3.4e+38 -3.4e+38 14.4454288482666 11.1644430160522 7.96257448196411 5.13653993606567 4.01043319702148 4.58414697647095 6.36779499053955 9.19084453582764 12.6052169799805 15.19517993927 16.7097301483154 18.417387008667 19.5513076782227 21.0112361907959 22.0575275421143 22.3691291809082 22.9186229705811 22.9472312927246 23.1034145355225 23.2007141113281 23.136791229248 23.145809173584 23.1430988311768 23.0667495727539 22.8698787689209 22.5687656402588 22.2625179290771 22.115743637085 21.9689884185791 21.6808757781982 21.3220748901367 20.9320850372314 20.6401214599609 20.4129524230957 20.2389907836914 20.1658382415771
-3.4e+38 -3.4e+38 -3.4e+38 -3.4e+38 -3.4e+38 -3.4e+38 -3.4e+38 -3.4e+38 -3.4e+38 -3.4e+38 -3.4e+38 -3.4e+38 -3.4e+38 -3.4e+38 -3.4e+38 -3.4e+38 -3.4e+38 16.1849594116211 14.0540523529053 9.89377212524414 5.86454439163208 3.82734346389771 3.7491979598999 4.61798810958862 6.01592254638672 8.39046382904053 10.5200386047363 12.3187370300293 15.2974519729614 16.2200241088867 18.6578960418701 20.3672657012939 20.8218250274658 22.6317768096924 22.7259750366211 23.0859451293945 23.4173393249512 23.3972244262695 23.5533142089844 23.5544338226318 23.5332832336426 23.2965641021729 22.8952445983887 22.4098262786865 22.2182388305664 21.9390907287598 21.6153717041016 21.3265724182129 20.9966239929199 20.7087917327881 20.493709564209 20.3072185516357 20.1992950439453
-3.4e+38 -3.4e+38 -3.4e+38 -3.4e+38 -3.4e+38 -3.4e+38 -3.4e+38 -3.4e+38 -3.4e+38 -3.4e+38 -3.4e+38 -3.4e+38 -3.4e+38 -3.4e+38 -3.4e+38 -3.4e+38 -3.4e+38 -3.4e+38 15.7890739440918 11.9069528579712 7.43871021270752 4.54579782485962 3.32074689865112 2.80189681053162 2.86675906181335 3.17368364334106 4.29216337203979 6.03329086303711 7.97092533111572 10.3097829818726 12.7130851745605 15.1555795669556 17.1886653900146 19.2632694244385 20.9172630310059 22.4308891296387 23.4393520355225 23.5947589874268 23.7238807678223 23.7310848236084 23.7041339874268 23.5541553497314 23.3319892883301 23.0126800537109 22.5577087402344 22.0499038696289 21.6085052490234 21.3134365081787 21.0382423400879 20.7673034667969 20.5496349334717 20.3682308197021 20.2697429656982
-3.4e+38 -3.4e+38 -3.4e+38 -3.4e+38 -3.4e+38 -3.4e+38 -3.4e+38 -3.4e+38 -3.4e+38 -3.4e+38 -3.4e+38 -3.4e+38 -3.4e+38 -3.4e+38 -3.4e+38 -3.4e+38 -3.4e+38 -3.4e+38 17.7433414459229 13.6735572814941 9.12674903869629 5.73869228363037 3.64679622650146 1.623939037323 0.684789299964905 -0.927799105644226 -0.707074463367462 0.836088240146637 1.44671368598938 4.32583713531494 6.45978450775146 9.34668445587158 12.5526924133301 15.564492225647 18.5248470306396 21.2276229858398 22.9222869873047 23.373987197876 23.6793251037598 23.8055152893066 23.8175525665283 23.8193645477295 23.8308162689209 23.6617794036865 23.0160675048828 22.2366333007812 21.6195697784424 21.3132057189941 21.0600070953369 20.7632999420166 20.5712661743164 20.3881797790527 20.2983703613281
-3.4e+38 -3.4e+38 -3.4e+38 -3.4e+38 -3.4e+38 -3.4e+38 -3.4e+38 -3.4e+38 -3.4e+38 -3.4e+38 -3.4e+38 -3.4e+38 -3.4e+38 -3.4e+38 -3.4e+38 -3.4e+38 -3.4e+38 -3.4e+38 17.3501071929932 15.0531673431396 11.8014526367188 8.59500980377197 5.67437505722046 2.7392578125 0.866539418697357 -0.913890898227692 -1.64336538314819 -1.05410301685333 -0.613855957984924 0.666562259197235 1.83542668819427 4.5659441947937 8.32453918457031 12.0681114196777 15.8177709579468 18.9536361694336 21.3866634368896 22.5212707519531 23.2935543060303 23.5560626983643 23.8189067840576 24.0166072845459 24.1945781707764 24.2009620666504 23.3495178222656 22.363956451416 21.6836585998535 21.2805252075195 21.0277557373047 20.8351612091064 20.6300430297852 20.5018577575684 20.4485836029053
-3.4e+38 -3.4e+38 -3.4e+38 -3.4e+38 -3.4e+38 -3.4e+38 -3.4e+38 -3.4e+38 -3.4e+38 -3.4e+38 -3.4e+38 -3.4e+38 -3.4e+38 -3.4e+38 -3.4e+38 -3.4e+38 -3.4e+38 -3.4e+38 -3.4e+38 16.1659030914307 14.3767242431641 11.8056650161743 8.78491878509521 5.30961656570435 3.29359292984009 0.926971852779388 -0.478674173355103 -0.696690618991852 -1.14042389392853 -0.795857012271881 -0.85194855928421 1.39303708076477 5.24193286895752 8.95390129089355 12.9239053726196 16.4638557434082 19.3047542572021 20.9704360961914 22.3640918731689 22.9302616119385 23.4011497497559 23.6742973327637 23.9035053253174 24.162670135498 23.1663799285889 22.2249870300293 21.6501178741455 21.3193321228027 21.1378116607666 21.1071357727051 20.9759616851807 20.9414882659912 20.9683933258057
-3.4e+38 -3.4e+38 -3.4e+38 -3.4e+38 -3.4e+38 -3.4e+38 -3.4e+38 -3.4e+38 -3.4e+38 -3.4e+38 -3.4e+38 -3.4e+38 -3.4e+38 -3.4e+38 -3.4e+38 -3.4e+38 -3.4e+38 -3.4e+38 -3.4e+38 -3.4e+38 16.2451801300049 14.6250734329224 12.5524044036865 10.2484569549561 7.24549770355225 4.48727178573608 2.3298933506012 1.08432352542877 0.0406809635460377 -0.741723597049713 -1.05376553535461 0.293897718191147 2.97907090187073 6.27841711044312 9.83236598968506 13.2198047637939 16.3663902282715 18.6801452636719 20.537618637085 21.6536045074463 22.3429164886475 22.8394546508789 22.8469257354736 22.6205921173096 22.3682441711426 21.9427242279053 21.6560878753662 21.5457973480225 21.5448837280273 21.5563182830811 21.6772499084473 21.7898864746094 21.8823852539062
-3.4e+38 -3.4e+38 -3.4e+38 -3.4e+38 -3.4e+38 -3.4e+38 -3.4e+38 -3.4e+38 -3.4e+38 -3.4e+38 -3.4e+38 -3.4e+38 -3.4e+38 -3.4e+38 -3.4e+38 -3.4e+38 -3.4e+38 -3.4e+38 -3.4e+38 -3.4e+38 -3.4e+38 -3.4e+38 15.2292890548706 13.8834266662598 11.0632944107056 8.33459663391113 5.674964427948 3.53487110137939 1.64421677589417 0.113868340849876 -0.902124762535095 -0.276612371206284 1.34761726856232 3.76954483985901 6.9364857673645 10.0213184356689 13.3102588653564 16.0012741088867 18.3791904449463 20.0924396514893 21.1536407470703 21.8304309844971 21.9125156402588 21.6484298706055 21.8144683837891 21.7734527587891 21.7058277130127 21.7934074401855 21.8366546630859 21.8720474243164 22.1122131347656 22.3251991271973 22.5482196807861
-3.4e+38 -3.4e+38 -3.4e+38 -3.4e+38 -3.4e+38 -3.4e+38 -3.4e+38 -3.4e+38 -3.4e+38 -3.4e+38 -3.4e+38 -3.4e+38 -3.4e+38 -3.4e+38 -3.4e+38 -3.4e+38 -3.4e+38 -3.4e+38 -3.4e+38 -3.4e+38 -3.4e+38 -3.4e+38 -3.4e+38 -3.4e+38 13.9499263763428 12.1564779281616 9.62175273895264 6.62937068939209 3.44583368301392 1.74450087547302 0.137084931135178 -0.467626482248306 0.397649258375168 1.51652348041534 3.97744631767273 6.90777492523193 9.91728019714355 12.7767667770386 15.6982536315918 17.7362632751465 19.50998878479 20.8098068237305 21.0993251800537 21.5889911651611 21.7706871032715 21.7788753509521 21.9507732391357 21.9223690032959 21.9695796966553 22.0039596557617 22.0631523132324 22.3264656066895 22.7296142578125
-3.4e+38 -3.4e+38 -3.4e+38 -3.4e+38 -3.4e+38 -3.4e+38 -3.4e+38 -3.4e+38 -3.4e+38 -3.4e+38 -3.4e+38 -3.4e+38 -3.4e+38 -3.4e+38 -3.4e+38 -3.4e+38 -3.4e+38 -3.4e+38 -3.4e+38 -3.4e+38 -3.4e+38 -3.4e+38 -3.4e+38 -3.4e+38 -3.4e+38 -3.4e+38 13.0883283615112 10.5332527160645 7.44147062301636 4.98033046722412 2.3671875 0.810261964797974 0.432761669158936 0.548425674438477 1.95563542842865 3.69684290885925 6.17727708816528 8.9223461151123 11.9186182022095 14.3645009994507 16.6728382110596 18.6025924682617 19.7752094268799 20.7940940856934 21.4394035339355 21.8271503448486 22.0646800994873 22.098217010498 22.0486259460449 22.0267677307129 22.0862998962402 22.3214378356934 22.7390537261963
-3.4e+38 -3.4e+38 -3.4e+38 -3.4e+38 -3.4e+38 -3.4e+38 -3.4e+38 -3.4e+38 -3.4e+38 -3.4e+38 -3.4e+38 -3.4e+38 -3.4e+38 -3.4e+38 -3.4e+38 -3.4e+38 -3.4e+38 -3.4e+38 -3.4e+38 -3.4e+38 -3.4e+38 -3.4e+38 -3.4e+38 -3.4e+38 -3.4e+38 -3.4e+38 -3.4e+38 -3.4e+38 13.6001119613647 9.60082912445068 5.77654981613159 3.14253354072571 1.80042016506195 1.0694671869278 0.846341788768768 0.910349249839783 2.31069469451904 4.88945198059082 7.29445552825928 10.3059053421021 12.8365592956543 15.4396886825562 17.5181427001953 19.3845615386963 20.7747268676758 21.6541576385498 22.2720127105713 22.2372379302979 22.1053466796875 22.0897521972656 22.1725425720215 22.3961925506592 22.7785816192627
-3.4e+38 -3.4e+38 -3.4e+38 -3.4e+38 -3.4e+38 -3.4e+38 -3.4e+38 -3.4e+38 -3.4e+38 -3.4e+38 -3.4e+38 -3.4e+38 -3.4e+38 -3.4e+38 -3.4e+38 -3.4e+38 -3.4e+38 -3.4e+38 -3.4e+38 -3.4e+38 -3.4e+38 -3.4e+38 -3.4e+38 -3.4e+38 -3.4e+38 -3.4e+38 -3.4e+38 -3.4e+38 16.0760936737061 12.9594125747681 9.44809532165527 6.47140264511108 4.11942386627197 2.24855971336365 0.960473775863647 0.166595295071602 0.748397350311279 2.51704049110413 4.4337854385376 7.09491109848022 9.59066295623779 12.4387836456299 15.1530084609985 17.5669136047363 19.841495513916 21.3942470550537 22.3680686950684 22.3802242279053 22.1071376800537 22.0605163574219 22.1280250549316 22.3470096588135 22.7293434143066
-3.4e+38 -3.4e+38 -3.4e+38 -3.4e+38 -3.4e+38 -3.4e+38 -3.4e+38 -3.4e+38 -3.4e+38 -3.4e+38 -3.4e+38 -3.4e+38 -3.4e+38 -3.4e+38 -3.4e+38 -3.4e+38 -3.4e+38 -3.4e+38 -3.4e+38 -3.4e+38 -3.4e+38 -3.4e+38 -3.4e+38 -3.4e+38 -3.4e+38 -3.4e+38 -3.4e+38 -3.4e+38 -3.4e+38 -3.4e+38 12.8234043121338 9.93192100524902 6.68162488937378 3.7274112701416 1.87211656570435 0.989482939243317 0.75426721572876 1.49152910709381 2.80365395545959 5.08004903793335 7.14987897872925 10.0211591720581 12.9475164413452 15.8057231903076 18.811185836792 21.1628475189209 22.5585346221924 22.4222297668457 22.0602741241455 22.0999870300293 22.0317726135254 22.2321014404297 22.6978244781494
-3.4e+38 -3.4e+38 -3.4e+38 -3.4e+38 -3.4e+38 -3.4e+38 -3.4e+38 -3.4e+38 -3.4e+38 -3.4e+38 -3.4e+38 -3.4e+38 -3.4e+38 -3.4e+38 -3.4e+38 -3.4e+38 -3.4e+38 -3.4e+38 -3.4e+38 -3.4e+38 -3.4e+38 -3.4e+38 -3.4e+38 -3.4e+38 -3.4e+38 -3.4e+38 -3.4e+38 -3.4e+38 -3.4e+38 -3.4e+38 14.59144115448 12.1465768814087 8.80779552459717 5.63239240646362 3.04423809051514 1.51428127288818 0.926561951637268 1.4277036190033 2.6507773399353 4.24680852890015 6.05598831176758 8.71596908569336 11.5984869003296 14.5526332855225 17.8162498474121 20.4662017822266 22.1459350585938 22.4313335418701 22.2391738891602 22.2979393005371 22.3015842437744 22.4819316864014 22.8146648406982
-3.4e+38 -3.4e+38 -3.4e+38 -3.4e+38 -3.4e+38 -3.4e+38 -3.4e+38 -3.4e+38 -3.4e+38 -3.4e+38 -3.4e+38 -3.4e+38 -3.4e+38 -3.4e+38 -3.4e+38 -3.4e+38 -3.4e+38 -3.4e+38 -3.4e+38 -3.4e+38 -3.4e+38 -3.4e+38 -3.4e+38 -3.4e+38 -3.4e+38 -3.4e+38 -3.4e+38 -3.4e+38 -3.4e+38 -3.4e+38 -3.4e+38 13.7315320968628 10.5435438156128 7.25761270523071 4.02564144134521 1.68833482265472 0.709041893482208 1.47234523296356 2.8718376159668 4.1357479095459 5.57505035400391 7.99103164672852 10.6873559951782 13.6508665084839 16.9676971435547 19.7283401489258 21.6708126068115 22.2378253936768 22.5358409881592 22.617546081543 22.7216548919678 22.8798732757568 23.044979095459
