meets/meet004/selection/CCSM_6k_am_bio02.asc
NCOLS 154 
NROWS 168 
XLLCORNER -112 
YLLCORNER -55.5 
CELLSIZE 0.5 
NODATA_value -3.4e+38 
[rows 48 to 71 of 168, columns 53 to 105 of 154]
-3.4e+38 -3.4e+38 -3.4e+38 -3.4e+38 -3.4e+38 -3.4e+38 -3.4e+38 -3.4e+38 -3.4e+38 -3.4e+38 -3.4e+38 -3.4e+38 -3.4e+38 -3.4e+38 -3.4e+38 -3.4e+38 3.34745335578918 6.07606601715088 8.51758480072021 8.65713882446289 8.19153594970703 7.94803142547607 7.6140079498291 7.36959409713745 7.37893724441528 7.39813280105591 7.35929679870605 7.26416254043579 7.11398506164551 7.05356550216675 7.00261974334717 6.99448013305664 6.94334650039673 6.98586797714233 7.49653148651123 7.89164733886719 8.35380363464355 8.77469444274902 8.88576316833496 9.14302253723145 9.00940036773682 8.94313430786133 8.841965675354 8.5155200958252 8.68143272399902 8.70839881896973 8.44368076324463 8.05186176300049 7.60255813598633 7.09075689315796 6.6379508972168 6.58492660522461 6.96860027313232
-3.4e+38 -3.4e+38 -3.4e+38 -3.4e+38 -3.4e+38 -3.4e+38 -3.4e+38 -3.4e+38 -3.4e+38 -3.4e+38 -3.4e+38 -3.4e+38 -3.4e+38 -3.4e+38 -3.4e+38 -3.4e+38 3.60508179664612 6.025963306427 7.85026454925537 8.34938430786133 7.92476749420166 7.72420740127563 7.47349786758423 7.33402252197266 7.42827224731445 7.60011386871338 7.58248472213745 7.40950775146484 7.21582460403442 7.11255216598511 7.04657316207886 7.00743246078491 6.95498752593994 7.01664733886719 7.30187273025513 7.69383430480957 8.19710922241211 8.75102615356445 9.15348243713379 9.3360595703125 9.31464195251465 9.29690551757812 9.19732093811035 9.11245536804199 9.07013416290283 9.01030445098877 8.71107578277588 8.23542499542236 7.7842378616333 7.44394636154175 7.27407217025757 7.23583459854126 7.38181400299072
-3.4e+38 -3.4e+38 -3.4e+38 -3.4e+38 -3.4e+38 -3.4e+38 -3.4e+38 -3.4e+38 -3.4e+38 -3.4e+38 -3.4e+38 -3.4e+38 -3.4e+38 -3.4e+38 -3.4e+38 -3.4e+38 4.12604427337646 6.22608327865601 7.81901741027832 7.9836630821228 7.66325330734253 7.49617385864258 7.34986877441406 7.23268508911133 7.48356151580811 7.78564167022705 7.78062057495117 7.50483751296997 7.27063655853271 7.14416170120239 7.08345127105713 7.0424370765686 6.98646688461304 7.02768993377686 7.29454469680786 7.62912034988403 8.14878177642822 8.78560829162598 9.50331974029541 9.50322341918945 9.60917186737061 9.64031219482422 9.52268505096436 9.60950374603271 9.38219356536865 9.27218914031982 8.95354270935059 8.4074239730835 7.92429065704346 7.81644582748413 7.89692449569702 7.86644649505615 7.836256980896
-3.4e+38 -3.4e+38 -3.4e+38 -3.4e+38 -3.4e+38 -3.4e+38 -3.4e+38 -3.4e+38 -3.4e+38 -3.4e+38 -3.4e+38 -3.4e+38 -3.4e+38 -3.4e+38 -3.4e+38 -3.4e+38 5.5919303894043 6.82301568984985 7.61671447753906 7.80113649368286 7.52785396575928 7.43790578842163 7.36991357803345 7.3722620010376 7.5388445854187 7.70652866363525 7.6874303817749 7.48831748962402 7.27344083786011 7.15915775299072 7.11970710754395 7.08929252624512 7.05853843688965 7.13741016387939 7.33519887924194 7.66575002670288 8.12038421630859 8.63621234893799 9.08658123016357 9.2949104309082 9.3729772567749 9.43828296661377 9.41604328155518 9.41106033325195 9.31654930114746 9.22927379608154 8.97572422027588 8.57499027252197 8.31422996520996 8.09458160400391 8.0687255859375 8.06226634979248 8.11599540710449
-3.4e+38 -3.4e+38 -3.4e+38 -3.4e+38 -3.4e+38 -3.4e+38 -3.4e+38 -3.4e+38 -3.4e+38 -3.4e+38 -3.4e+38 -3.4e+38 -3.4e+38 -3.4e+38 3.63608145713806 5.58732652664185 6.84663677215576 7.22844648361206 7.61082124710083 7.69122982025146 7.53618001937866 7.54896116256714 7.55384397506714 7.51544237136841 7.59060049057007 7.64328384399414 7.57919216156006 7.40822505950928 7.23721408843994 7.16690349578857 7.14693784713745 7.1293568611145 7.11178684234619 7.19889736175537 7.41307497024536 7.67850828170776 8.05448055267334 8.43378067016602 8.73662376403809 8.94701194763184 8.9928674697876 9.06175708770752 9.08863735198975 9.10019207000732 9.06013202667236 9.03963756561279 8.87358570098877 8.61693286895752 8.46201133728027 8.18857669830322 8.12029552459717 8.13239002227783 8.27162837982178
-3.4e+38 -3.4e+38 -3.4e+38 -3.4e+38 -3.4e+38 -3.4e+38 -3.4e+38 -3.4e+38 -3.4e+38 -3.4e+38 -3.4e+38 -3.4e+38 -3.4e+38 3.28498005867004 4.78430271148682 6.11443042755127 6.94837236404419 7.15455532073975 7.14178705215454 7.44235610961914 7.7725510597229 7.90413618087769 7.85882616043091 7.78723812103271 7.68154382705688 7.57564067840576 7.47170257568359 7.35294771194458 7.25304746627808 7.189377784729 7.16919565200806 7.16674709320068 7.16287708282471 7.260422706604 7.45539331436157 7.73537111282349 8.03028583526611 8.30563926696777 8.52916717529297 8.61915016174316 8.62812900543213 8.66157054901123 8.66527938842773 8.66318893432617 8.69164943695068 8.69925785064697 8.6030216217041 8.40533828735352 8.22412014007568 8.09136867523193 8.06594944000244 8.13394355773926 8.33881664276123
-3.4e+38 -3.4e+38 -3.4e+38 -3.4e+38 -3.4e+38 -3.4e+38 -3.4e+38 -3.4e+38 -3.4e+38 -3.4e+38 -3.4e+38 -3.4e+38 -3.4e+38 4.92216444015503 5.99873018264771 6.64526891708374 7.04796838760376 6.9718861579895 6.86365747451782 7.40227890014648 7.9532322883606 8.13890266418457 8.01288509368896 7.89387321472168 7.6878080368042 7.51793622970581 7.40021228790283 7.30333948135376 7.23805522918701 7.18792486190796 7.18375635147095 7.19272232055664 7.19459819793701 7.2850604057312 7.48148584365845 7.74344873428345 7.98861646652222 8.16901016235352 8.32466793060303 8.36790657043457 8.30414009094238 8.29778385162354 8.28848266601562 8.26017284393311 8.3258056640625 8.34596824645996 8.29240894317627 8.16205883026123 8.00579643249512 7.96956491470337 7.99177837371826 8.09185695648193 8.36959934234619
-3.4e+38 -3.4e+38 -3.4e+38 -3.4e+38 -3.4e+38 -3.4e+38 -3.4e+38 -3.4e+38 -3.4e+38 -3.4e+38 -3.4e+38 4.09770727157593 5.76877307891846 7.23636150360107 7.39954090118408 7.06399440765381 6.97136878967285 7.00157260894775 7.1359486579895 7.52282810211182 7.97815227508545 8.12392616271973 7.92343378067017 7.65341854095459 7.55752992630005 7.48871088027954 7.3886547088623 7.27826404571533 7.18215370178223 7.17730522155762 7.20035934448242 7.22507905960083 7.23671627044678 7.31300497055054 7.47727870941162 7.69225835800171 7.85478353500366 7.98236846923828 8.04690265655518 8.07186603546143 8.03331565856934 7.99788808822632 7.97271203994751 7.92930555343628 7.9865198135376 8.0120325088501 8.00212955474854 7.94756746292114 7.89220476150513 7.88392019271851 7.92644262313843 8.06424522399902 8.3140754699707
-3.4e+38 -3.4e+38 -3.4e+38 -3.4e+38 -3.4e+38 -3.4e+38 -3.4e+38 -3.4e+38 -3.4e+38 -3.4e+38 -3.4e+38 5.47175645828247 7.19942235946655 8.65722560882568 8.38040161132812 7.54744529724121 7.25896644592285 7.15663146972656 7.27563190460205 7.55816125869751 7.95237398147583 8.03211688995361 7.7592511177063 7.4866771697998 7.4596700668335 7.45736742019653 7.39894771575928 7.2875394821167 7.18296718597412 7.19390916824341 7.23380422592163 7.26210737228394 7.27318620681763 7.32483816146851 7.45497274398804 7.60307502746582 7.72285032272339 7.78240728378296 7.82290029525757 7.87084627151489 7.83527183532715 7.82190036773682 7.8003716468811 7.73407173156738 7.76784610748291 7.76626396179199 7.773118019104 7.79784965515137 7.80163908004761 7.84002256393433 7.89236450195312 8.03023529052734 8.26825904846191
-3.4e+38 -3.4e+38 -3.4e+38 -3.4e+38 -3.4e+38 -3.4e+38 -3.4e+38 -3.4e+38 -3.4e+38 -3.4e+38 4.4545521736145 6.30900907516479 7.93497276306152 8.8753776550293 8.77900123596191 8.12550926208496 7.6689772605896 7.35724687576294 7.26840877532959 7.5413966178894 7.852867603302 7.88235950469971 7.67239665985107 7.44623804092407 7.42375087738037 7.46802091598511 7.43272161483765 7.33035755157471 7.25089836120605 7.25243186950684 7.28434944152832 7.31130266189575 7.31963872909546 7.34751033782959 7.43585014343262 7.52093839645386 7.57814931869507 7.6213173866272 7.63414335250854 7.70197296142578 7.77019214630127 7.76430892944336 7.70556688308716 7.65233182907104 7.62591218948364 7.60544967651367 7.62553977966309 7.65658140182495 7.6988000869751 7.78449773788452 7.88260412216187 8.04382610321045 8.25722026824951
-3.4e+38 -3.4e+38 -3.4e+38 -3.4e+38 -3.4e+38 -3.4e+38 -3.4e+38 -3.4e+38 -3.4e+38 -3.4e+38 4.96847486495972 6.82612800598145 8.35935306549072 9.20415687561035 8.96675109863281 8.24209690093994 7.76479434967041 7.44191026687622 7.38219451904297 7.57002687454224 7.81178426742554 7.83607625961304 7.63261270523071 7.43510580062866 7.4265284538269 7.47603225708008 7.45330762863159 7.36955213546753 7.30062770843506 7.30788326263428 7.34217643737793 7.36567831039429 7.3723521232605 7.38109445571899 7.43696451187134 7.47658920288086 7.50790596008301 7.5154824256897 7.51026964187622 7.57714891433716 7.63153314590454 7.63197565078735 7.59248924255371 7.53722524642944 7.51166200637817 7.48200845718384 7.51276016235352 7.58601665496826 7.65126371383667 7.75294351577759 7.8607497215271 8.03239059448242 8.21772766113281
-3.4e+38 -3.4e+38 -3.4e+38 -3.4e+38 -3.4e+38 -3.4e+38 -3.4e+38 -3.4e+38 -3.4e+38 2.94301772117615 5.31075286865234 7.21532344818115 8.7488317489624 9.74077796936035 9.17927074432373 8.03420257568359 7.55062818527222 7.51997709274292 7.60729789733887 7.716148853302 7.8581805229187 7.83953142166138 7.64263725280762 7.45032739639282 7.45281791687012 7.4859299659729 7.46475315093994 7.39934396743774 7.33001041412354 7.36060094833374 7.40330791473389 7.4233021736145 7.43029737472534 7.43144750595093 7.46293163299561 7.48960590362549 7.4862904548645 7.45880556106567 7.42429399490356 7.45473384857178 7.45241212844849 7.44872760772705 7.43907833099365 7.38018941879272 7.40495872497559 7.40120458602905 7.44566297531128 7.54256916046143 7.63318920135498 7.73091411590576 7.82849979400635 7.99738073348999 8.17185115814209
-3.4e+38 -3.4e+38 -3.4e+38 -3.4e+38 -3.4e+38 -3.4e+38 -3.4e+38 -3.4e+38 -3.4e+38 2.94263815879822 5.17056941986084 7.08403873443604 8.68970203399658 9.5521240234375 9.06107616424561 7.98530387878418 7.53030252456665 7.57952165603638 7.74851942062378 7.84084939956665 7.89229154586792 7.84931564331055 7.68265914916992 7.53220462799072 7.51626443862915 7.53964948654175 7.51909923553467 7.4625415802002 7.41207504272461 7.4344916343689 7.4749608039856 7.4932165145874 7.49378728866577 7.48787260055542 7.50569200515747 7.51229333877563 7.49535131454468 7.45525884628296 7.40194702148438 7.39719009399414 7.37769794464111 7.37118530273438 7.37979125976562 7.36401462554932 7.40388298034668 7.41948747634888 7.46663379669189 7.53926134109497 7.60879135131836 7.70801067352295 7.81387996673584 7.97692489624023 8.14468097686768
-3.4e+38 -3.4e+38 -3.4e+38 -3.4e+38 -3.4e+38 -3.4e+38 -3.4e+38 -3.4e+38 -3.4e+38 2.83277916908264 4.82478141784668 6.67044448852539 8.34240245819092 9.29489707946777 9.00364971160889 8.00841331481934 7.6392936706543 7.76282167434692 7.90157794952393 7.96570444107056 7.95046043395996 7.89322996139526 7.77334976196289 7.63722991943359 7.62483167648315 7.63689184188843 7.60993099212646 7.56136655807495 7.51370811462402 7.53434658050537 7.56232881546021 7.56974029541016 7.56577444076538 7.55172538757324 7.55640554428101 7.54967451095581 7.52334785461426 7.48387670516968 7.4245343208313 7.40780925750732 7.38548946380615 7.38383817672729 7.40972948074341 7.43560981750488 7.48137235641479 7.51460123062134 7.55774259567261 7.57963609695435 7.58878517150879 7.72178792953491 7.830237865448 7.97140502929688 8.13102054595947
-3.4e+38 -3.4e+38 -3.4e+38 -3.4e+38 -3.4e+38 -3.4e+38 -3.4e+38 -3.4e+38 -3.4e+38 -3.4e+38 4.46700525283813 6.28355884552002 8.15586185455322 9.209641456604 9.03850364685059 8.16005516052246 7.84224987030029 7.95259094238281 8.11751079559326 8.13504981994629 8.0778923034668 8.00553321838379 7.90042114257812 7.79649066925049 7.75659799575806 7.73844861984253 7.70328712463379 7.65944671630859 7.6244215965271 7.63488864898682 7.65152359008789 7.64919281005859 7.63361215591431 7.60960340499878 7.61126518249512 7.60526180267334 7.58161783218384 7.54672956466675 7.49813795089722 7.46883583068848 7.44355058670044 7.44510078430176 7.47362661361694 7.51441812515259 7.57359170913696 7.62742805480957 7.67359590530396 7.69507169723511 7.72380542755127 7.80312204360962 7.8905177116394 8.00712490081787 8.13196086883545
-3.4e+38 -3.4e+38 -3.4e+38 -3.4e+38 -3.4e+38 -3.4e+38 -3.4e+38 -3.4e+38 -3.4e+38 -3.4e+38 -3.4e+38 6.18021965026855 8.22783851623535 9.67974948883057 9.19928646087646 8.30304908752441 8.04594421386719 8.19609069824219 8.38795948028564 8.34470176696777 8.2643404006958 8.17475414276123 8.07417297363281 7.97312164306641 7.91716051101685 7.86386585235596 7.8155574798584 7.78349018096924 7.74003171920776 7.75984048843384 7.76380348205566 7.7483344078064 7.72566890716553 7.67589616775513 7.69098377227783 7.6896767616272 7.66611528396606 7.63929653167725 7.5977668762207 7.56032705307007 7.52476835250854 7.52528476715088 7.5544319152832 7.59526824951172 7.66309928894043 7.7401909828186 7.80123853683472 7.83817148208618 7.89932537078857 7.94020462036133 7.98870706558228 8.06650447845459 8.14865112304688
-3.4e+38 -3.4e+38 -3.4e+38 -3.4e+38 -3.4e+38 -3.4e+38 -3.4e+38 -3.4e+38 -3.4e+38 4.24109125137329 5.5960898399353 7.0881519317627 8.62299251556396 9.44975566864014 9.24977493286133 8.45034408569336 8.25005435943604 8.47393703460693 8.66149425506592 8.61556148529053 8.42965221405029 8.31936454772949 8.27300262451172 8.19863986968994 8.12195205688477 8.02740669250488 7.96988677978516 7.95621681213379 7.93163681030273 7.93163585662842 7.91026926040649 7.88606405258179 7.86615991592407 7.82894611358643 7.82355737686157 7.805100440979 7.77508211135864 7.74370050430298 7.70071983337402 7.67012405395508 7.64270162582397 7.63654851913452 7.64650297164917 7.67760944366455 7.74073314666748 7.81682825088501 7.88944339752197 7.9498119354248 8.005446434021 8.05148029327393 8.0926570892334 8.1567964553833 8.22269153594971
-3.4e+38 -3.4e+38 -3.4e+38 -3.4e+38 -3.4e+38 -3.4e+38 -3.4e+38 -3.4e+38 4.4039626121521 5.5811185836792 6.95304155349731 8.18699359893799 9.01701736450195 9.63872146606445 9.37047958374023 8.65517044067383 8.55441665649414 8.89864635467529 9.06574153900146 8.94718742370605 8.65972900390625 8.51361274719238 8.532470703125 8.46892738342285 8.38717079162598 8.24503612518311 8.17359352111816 8.1897087097168 8.16246128082275 8.15312004089355 8.10449886322021 8.07137203216553 8.06349182128906 8.01431941986084 7.99512672424316 7.9555926322937 7.91062879562378 7.87267398834229 7.8140983581543 7.79553318023682 7.7725887298584 7.76279354095459 7.75919628143311 7.75618982315063 7.83127641677856 7.89423370361328 7.96706438064575 8.04377555847168 8.1072359085083 8.16240692138672 8.19757843017578 8.25057220458984 8.30777549743652
-3.4e+38 -3.4e+38 -3.4e+38 -3.4e+38 -3.4e+38 -3.4e+38 -3.4e+38 -3.4e+38 4.80212926864624 6.19685077667236 7.56287670135498 8.70742702484131 9.39578628540039 9.77219581604004 9.62364196777344 9.25206661224365 9.22747993469238 9.42171859741211 9.57035255432129 9.33829498291016 9.03182601928711 8.86761665344238 8.83330917358398 8.81021785736084 8.71323490142822 8.58414936065674 8.50412273406982 8.47756862640381 8.44912528991699 8.43003845214844 8.39084243774414 8.34739112854004 8.31123065948486 8.25648307800293 8.21794128417969 8.16073799133301 8.0967321395874 8.03581428527832 7.97319269180298 7.94801139831543 7.92801570892334 7.91449975967407 7.90562200546265 7.91025447845459 7.95668697357178 8.01540470123291 8.08343696594238 8.14906883239746 8.20754432678223 8.26932907104492 8.31283187866211 8.36819076538086 8.41446590423584
-3.4e+38 -3.4e+38 -3.4e+38 -3.4e+38 -3.4e+38 -3.4e+38 -3.4e+38 -3.4e+38 -3.4e+38 6.27198886871338 7.77421045303345 8.9891881942749 9.6031608581543 10.0104742050171 9.81547737121582 9.64243602752686 9.60092926025391 9.62709617614746 9.96134376525879 9.60315990447998 9.35546875 9.21742534637451 9.13929176330566 9.15521717071533 8.99672412872314 8.92200756072998 8.83827590942383 8.76536846160889 8.74401760101318 8.69866371154785 8.6909294128418 8.64257526397705 8.57361316680908 8.50937843322754 8.43476009368896 8.37855052947998 8.30439472198486 8.22056102752686 8.14494705200195 8.11666107177734 8.09967708587646 8.08388328552246 8.06640243530273 8.06405639648438 8.09658622741699 8.14720916748047 8.20575714111328 8.25489711761475 8.32010650634766 8.38936519622803 8.44651889801025 8.50808334350586 8.55428409576416
-3.4e+38 -3.4e+38 -3.4e+38 -3.4e+38 -3.4e+38 -3.4e+38 -3.4e+38 -3.4e+38 -3.4e+38 5.5009331703186 7.46769189834595 8.92457389831543 9.67590808868408 10.1382617950439 9.82206344604492 9.26464939117432 9.14272308349609 9.26546001434326 9.44907379150391 9.57477188110352 9.68776512145996 9.63656997680664 9.40827751159668 9.24184226989746 9.22948741912842 9.26744556427002 9.20679473876953 9.0705041885376 8.95766353607178 8.98130893707275 9.02191829681396 8.97499752044678 8.8655948638916 8.73746776580811 8.68932914733887 8.63695335388184 8.55574512481689 8.46753025054932 8.37293720245361 8.34465980529785 8.32176113128662 8.294189453125 8.26700115203857 8.24415397644043 8.26434135437012 8.29495525360107 8.34023094177246 8.38660717010498 8.44272136688232 8.52243328094482 8.60571098327637 8.69691562652588 8.7876501083374
-3.4e+38 -3.4e+38 -3.4e+38 -3.4e+38 -3.4e+38 -3.4e+38 -3.4e+38 -3.4e+38 -3.4e+38 4.18461942672729 6.35584306716919 8.07710075378418 9.23014450073242 10.1286935806274 9.83462524414062 8.86231899261475 8.61931896209717 8.81293201446533 8.99753665924072 9.42917442321777 9.83742618560791 9.87898063659668 9.55257701873779 9.3195743560791 9.4202938079834 9.59513187408447 9.56106472015381 9.34968757629395 9.18080520629883 9.23310947418213 9.34552001953125 9.30434894561768 9.14609432220459 8.99118137359619 8.94945621490479 8.92754459381104 8.84619617462158 8.73664951324463 8.62538146972656 8.5807409286499 8.56085777282715 8.5216703414917 8.46809577941895 8.43435764312744 8.4348316192627 8.45278835296631 8.48724174499512 8.51322174072266 8.57145023345947 8.65033340454102 8.7637414932251 8.87119102478027 8.98844146728516
-3.4e+38 -3.4e+38 -3.4e+38 -3.4e+38 -3.4e+38 -3.4e+38 -3.4e+38 -3.4e+38 -3.4e+38 -3.4e+38 -3.4e+38 5.73591375350952 8.30258750915527 9.99050617218018 9.7196216583252 8.69099903106689 8.4437141418457 8.62176036834717 9.01127243041992 9.42784786224365 9.75202941894531 9.85556125640869 9.66327953338623 9.49991798400879 9.67001724243164 9.92690563201904 9.91976165771484 9.67399597167969 9.47556495666504 9.52487945556641 9.65141868591309 9.62002372741699 9.46687889099121 9.3203182220459 9.28402614593506 9.28361701965332 9.20197486877441 9.06960105895996 8.93923282623291 8.88215160369873 8.8369026184082 8.77849960327148 8.72192001342773 8.66200160980225 8.65500545501709 8.65694713592529 8.6678638458252 8.6793737411499 8.71382617950439 8.79610347747803 8.89887809753418 9.02092361450195 9.15030384063721
-3.4e+38 -3.4e+38 -3.4e+38 -3.4e+38 -3.4e+38 -3.4e+38 -3.4e+38 -3.4e+38 -3.4e+38 -3.4e+38 -3.4e+38 4.03237390518188 7.37027788162231 9.7753438949585 9.58450984954834 8.4787425994873 8.20698928833008 8.51500129699707 9.02252197265625 9.4732494354248 9.79391193389893 9.91981601715088 9.76002979278564 9.6639928817749 9.8866081237793 10.2245779037476 10.2307243347168 9.94203472137451 9.73184299468994 9.77003383636475 9.92364978790283 9.89839649200439 9.73526096343994 9.6142406463623 9.57953357696533 9.61279582977295 9.53547668457031 9.38223171234131 9.25476360321045 9.17684364318848 9.13167095184326 9.06081390380859 8.97983741760254 8.91316413879395 8.88258743286133 8.87315654754639 8.86323165893555 8.83448600769043 8.85576343536377 8.93330669403076 9.0427713394165 9.17047786712646 9.29360103607178
