meets/meet004/selection/CCSM_21k_am_bio02.asc
NCOLS 154 
NROWS 168 
XLLCORNER -112 
YLLCORNER -55.5 
CELLSIZE 0.5 
NODATA_value -3.4e+38 
[rows 72 to 95 of 168, columns 53 to 105 of 154]
-3.4e+38 -3.4e+38 -3.4e+38 -3.4e+38 -3.4e+38 -3.4e+38 -3.4e+38 -3.4e+38 -3.4e+38 -3.4e+38 -3.4e+38 -3.4e+38 6.98923492431641 9.08539295196533 8.53971004486084 7.05170488357544 6.94865036010742 7.57231616973877 8.4573392868042 9.24428653717041 9.84544372558594 10.1567449569702 10.0742063522339 9.96582794189453 10.09534740448 10.2778339385986 10.2691926956177 10.1153917312622 9.97290420532227 9.98716640472412 10.0434541702271 10.0362424850464 9.99795913696289 9.95920944213867 9.97094440460205 9.99095821380615 9.93621444702148 9.83788871765137 9.72364044189453 9.63654136657715 9.54960632324219 9.43743324279785 9.33890724182129 9.23349285125732 9.17163753509521 9.10874938964844 9.03385925292969 8.96169567108154 8.91807746887207 8.99087524414062 9.09592056274414 9.21778774261475 9.35900115966797
-3.4e+38 -3.4e+38 -3.4e+38 -3.4e+38 -3.4e+38 -3.4e+38 -3.4e+38 -3.4e+38 -3.4e+38 -3.4e+38 -3.4e+38 -3.4e+38 -3.4e+38 7.53043794631958 7.45355319976807 6.79887676239014 7.02494430541992 7.61407899856567 8.48686504364014 9.30496120452881 9.98902797698975 10.3568277359009 10.2884454727173 10.1855916976929 10.2661275863647 10.4476003646851 10.4143352508545 10.2614221572876 10.1387386322021 10.1271457672119 10.1788501739502 10.1639566421509 10.1180715560913 10.0989151000977 10.1115875244141 10.1578035354614 10.1274566650391 10.0522403717041 9.97582912445068 9.89557552337646 9.83221912384033 9.72737503051758 9.61389064788818 9.51088047027588 9.4332799911499 9.37183666229248 9.27904415130615 9.17100620269775 9.10987567901611 9.16754627227783 9.28903865814209 9.41708755493164 9.55243873596191
-3.4e+38 -3.4e+38 -3.4e+38 -3.4e+38 -3.4e+38 -3.4e+38 -3.4e+38 -3.4e+38 -3.4e+38 -3.4e+38 -3.4e+38 -3.4e+38 -3.4e+38 -3.4e+38 5.90617036819458 6.93138647079468 7.69647026062012 8.06307220458984 8.49264144897461 9.24399375915527 10.074875831604 10.4779033660889 10.363431930542 10.3605899810791 10.4032392501831 10.5306520462036 10.5299253463745 10.390175819397 10.30837059021 10.2683353424072 10.2810668945312 10.2542161941528 10.2300033569336 10.2144470214844 10.2266321182251 10.2663192749023 10.2568273544312 10.2354545593262 10.2116022109985 10.1352682113647 10.0779695510864 9.97876930236816 9.87545680999756 9.78567218780518 9.68562984466553 9.6344575881958 9.53309917449951 9.39505577087402 9.3356990814209 9.38340854644775 9.48311042785645 9.59469318389893 9.71975421905518
-3.4e+38 -3.4e+38 -3.4e+38 -3.4e+38 -3.4e+38 -3.4e+38 -3.4e+38 -3.4e+38 -3.4e+38 -3.4e+38 -3.4e+38 -3.4e+38 -3.4e+38 -3.4e+38 5.09649085998535 6.9560694694519 8.00777435302734 8.25075531005859 8.39094924926758 8.98566150665283 9.78363513946533 10.2230052947998 10.2384557723999 10.317985534668 10.4187126159668 10.5463457107544 10.5723733901978 10.4887495040894 10.4205131530762 10.3549900054932 10.3576202392578 10.3286991119385 10.3067102432251 10.3111734390259 10.306960105896 10.3305683135986 10.3271055221558 10.327449798584 10.336799621582 10.2798337936401 10.2374248504639 10.150728225708 10.0483531951904 9.97505283355713 9.86046600341797 9.79083824157715 9.70106601715088 9.60452270507812 9.58004283905029 9.60659408569336 9.69240570068359 9.77927589416504 9.86699676513672
-3.4e+38 -3.4e+38 -3.4e+38 -3.4e+38 -3.4e+38 -3.4e+38 -3.4e+38 -3.4e+38 -3.4e+38 -3.4e+38 -3.4e+38 -3.4e+38 -3.4e+38 -3.4e+38 4.76472949981689 7.01279830932617 8.20841979980469 8.06964302062988 8.03125762939453 8.61788463592529 9.20220756530762 9.61894989013672 9.80712127685547 10.1083059310913 10.2851600646973 10.4709634780884 10.5818872451782 10.5349998474121 10.5008640289307 10.4472961425781 10.4324922561646 10.4080247879028 10.3971357345581 10.3971328735352 10.3845539093018 10.3681945800781 10.3665180206299 10.3964366912842 10.3959169387817 10.3847007751465 10.33935546875 10.2696380615234 10.2124652862549 10.0991411209106 9.97423362731934 9.86975765228271 9.79738998413086 9.78824424743652 9.82484436035156 9.85758972167969 9.90798377990723 9.96778106689453 10.0208158493042
-3.4e+38 -3.4e+38 -3.4e+38 -3.4e+38 -3.4e+38 -3.4e+38 -3.4e+38 -3.4e+38 -3.4e+38 -3.4e+38 -3.4e+38 -3.4e+38 -3.4e+38 -3.4e+38 -3.4e+38 6.1889591217041 7.37079858779907 7.7811279296875 8.00238800048828 8.22300434112549 8.36697196960449 8.66844844818115 9.03810882568359 9.5183219909668 9.8910493850708 10.2375640869141 10.4696092605591 10.5401153564453 10.5506763458252 10.5208930969238 10.4729337692261 10.444372177124 10.4384737014771 10.4600839614868 10.4267520904541 10.4168796539307 10.4127111434937 10.4357385635376 10.4574947357178 10.4706439971924 10.4558029174805 10.4010286331177 10.3410453796387 10.2339544296265 10.0686302185059 9.93021869659424 9.87313652038574 9.9189281463623 10.0101470947266 10.069860458374 10.1278390884399 10.1720323562622 10.1793556213379
-3.4e+38 -3.4e+38 -3.4e+38 -3.4e+38 -3.4e+38 -3.4e+38 -3.4e+38 -3.4e+38 -3.4e+38 -3.4e+38 -3.4e+38 -3.4e+38 -3.4e+38 -3.4e+38 -3.4e+38 4.84775876998901 6.08363151550293 7.30341196060181 8.2308349609375 8.02026748657227 7.41886568069458 7.52710294723511 8.11569595336914 8.80626106262207 9.3437671661377 9.92906188964844 10.3365955352783 10.4851217269897 10.6131143569946 10.5428400039673 10.4842672348022 10.4702682495117 10.460373878479 10.5352907180786 10.4901208877563 10.4909534454346 10.4973154067993 10.5098009109497 10.511812210083 10.5713815689087 10.5994787216187 10.5668201446533 10.5175943374634 10.4023008346558 10.2088212966919 10.0042095184326 9.94099998474121 10.0379076004028 10.174747467041 10.2545747756958 10.3444194793701 10.3930578231812 10.3695917129517
-3.4e+38 -3.4e+38 -3.4e+38 -3.4e+38 -3.4e+38 -3.4e+38 -3.4e+38 -3.4e+38 -3.4e+38 -3.4e+38 -3.4e+38 -3.4e+38 -3.4e+38 -3.4e+38 -3.4e+38 -3.4e+38 5.18764495849609 6.88548612594604 7.98400497436523 7.88660860061646 7.10453128814697 7.02799844741821 7.386962890625 7.99337387084961 8.79927062988281 9.63281059265137 10.1734619140625 10.3864135742188 10.5212097167969 10.4889402389526 10.4818868637085 10.5059585571289 10.5234699249268 10.5842151641846 10.5625 10.5541715621948 10.5423383712769 10.5322380065918 10.5896911621094 10.5955333709717 10.6479063034058 10.6540031433105 10.6526193618774 10.587869644165 10.3971300125122 10.1970872879028 10.103723526001 10.1192064285278 10.2266006469727 10.3743324279785 10.5285930633545 10.6083202362061 10.5897150039673
-3.4e+38 -3.4e+38 -3.4e+38 -3.4e+38 -3.4e+38 -3.4e+38 -3.4e+38 -3.4e+38 -3.4e+38 -3.4e+38 -3.4e+38 -3.4e+38 -3.4e+38 -3.4e+38 -3.4e+38 -3.4e+38 4.30526542663574 6.35377740859985 8.20354270935059 7.78953790664673 6.95756340026855 6.83141565322876 6.99758720397949 7.11943578720093 8.14349842071533 9.15404796600342 9.72809410095215 9.97263813018799 10.3388042449951 10.312840461731 10.3708152770996 10.4875516891479 10.5046339035034 10.586124420166 10.530234336853 10.5328311920166 10.5255680084229 10.5025959014893 10.6133489608765 10.5254936218262 10.5940523147583 10.6450080871582 10.7325372695923 10.8007793426514 10.6316566467285 10.4031066894531 10.2985334396362 10.2459774017334 10.2288246154785 10.4817638397217 10.7202863693237 10.8311681747437 10.8240938186646
-3.4e+38 -3.4e+38 -3.4e+38 -3.4e+38 -3.4e+38 -3.4e+38 -3.4e+38 -3.4e+38 -3.4e+38 -3.4e+38 -3.4e+38 -3.4e+38 -3.4e+38 -3.4e+38 -3.4e+38 -3.4e+38 -3.4e+38 5.46569633483887 6.91857624053955 7.4686074256897 7.38411235809326 7.39109897613525 7.24403142929077 7.13746309280396 7.39860343933105 7.86273717880249 8.31420993804932 8.75434112548828 9.30074501037598 9.74023914337158 10.1799354553223 10.4037084579468 10.3328542709351 10.3824348449707 10.327995300293 10.3459873199463 10.3478240966797 10.3245258331299 10.3168087005615 10.2466974258423 10.2661266326904 10.3616485595703 10.5456638336182 10.7414236068726 10.7004413604736 10.6327991485596 10.552806854248 10.4356517791748 10.4616050720215 10.6169347763062 10.856125831604 10.9778280258179 10.9899587631226
-3.4e+38 -3.4e+38 -3.4e+38 -3.4e+38 -3.4e+38 -3.4e+38 -3.4e+38 -3.4e+38 -3.4e+38 -3.4e+38 -3.4e+38 -3.4e+38 -3.4e+38 -3.4e+38 -3.4e+38 -3.4e+38 -3.4e+38 4.43905401229858 5.92923402786255 7.12249326705933 7.91339015960693 8.04952049255371 7.49934673309326 7.10741567611694 6.62776851654053 6.3504958152771 6.51064729690552 7.16753673553467 7.928626537323 8.39715099334717 9.27476024627686 9.79493618011475 9.72591686248779 9.96193027496338 10.0599899291992 10.1007642745972 10.0830173492432 10.0541715621948 9.94332027435303 9.85776996612549 9.80794620513916 9.95040607452393 10.2225980758667 10.6166162490845 10.6254892349243 10.7482652664185 10.7569208145142 10.6385431289673 10.6181697845459 10.7286291122437 10.9430646896362 11.0428857803345 11.0394468307495
-3.4e+38 -3.4e+38 -3.4e+38 -3.4e+38 -3.4e+38 -3.4e+38 -3.4e+38 -3.4e+38 -3.4e+38 -3.4e+38 -3.4e+38 -3.4e+38 -3.4e+38 -3.4e+38 -3.4e+38 -3.4e+38 -3.4e+38 -3.4e+38 4.89382362365723 6.73600625991821 8.20162010192871 8.64945507049561 7.82007169723511 6.63168859481812 6.23374700546265 5.71381950378418 5.58141946792603 5.85995149612427 5.91661691665649 6.59506416320801 7.07964754104614 7.71341228485107 8.59411811828613 9.16530227661133 9.66669464111328 9.88802623748779 9.97747135162354 9.85964202880859 9.66250991821289 9.65340614318848 9.6360445022583 9.68487358093262 9.73968696594238 9.8814868927002 10.2742128372192 10.7199926376343 10.9017238616943 10.8275604248047 10.7494878768921 10.795223236084 10.8888177871704 10.919771194458 10.8954038619995
-3.4e+38 -3.4e+38 -3.4e+38 -3.4e+38 -3.4e+38 -3.4e+38 -3.4e+38 -3.4e+38 -3.4e+38 -3.4e+38 -3.4e+38 -3.4e+38 -3.4e+38 -3.4e+38 -3.4e+38 -3.4e+38 -3.4e+38 -3.4e+38 3.89035034179688 6.32803010940552 8.54330825805664 9.34332847595215 8.36989974975586 6.8015513420105 6.99750757217407 6.23139572143555 5.8831205368042 5.8939151763916 4.95604467391968 5.69935035705566 5.66965341567993 6.22481870651245 7.63302516937256 8.49624061584473 9.27884197235107 9.81631755828857 10.0295104980469 9.8756275177002 9.53940105438232 9.60762119293213 9.58109569549561 9.46009063720703 9.26151275634766 9.15359115600586 9.8513126373291 10.6604146957397 11.0533723831177 10.994327545166 10.8438501358032 10.8388957977295 10.8143091201782 10.7726230621338 10.7088851928711
-3.4e+38 -3.4e+38 -3.4e+38 -3.4e+38 -3.4e+38 -3.4e+38 -3.4e+38 -3.4e+38 -3.4e+38 -3.4e+38 -3.4e+38 -3.4e+38 -3.4e+38 -3.4e+38 -3.4e+38 -3.4e+38 -3.4e+38 -3.4e+38 3.25913763046265 5.48836231231689 7.94810104370117 9.30104446411133 9.36831760406494 9.25292301177979 8.71936893463135 8.32855606079102 7.93423938751221 7.54049301147461 7.2859263420105 6.7380199432373 6.4226279258728 6.52521228790283 7.05938720703125 7.77265405654907 8.77282047271729 9.74453639984131 10.1679401397705 10.0688848495483 9.87482643127441 9.79850292205811 9.57879447937012 9.37202835083008 8.9857063293457 8.85666179656982 9.68113899230957 10.6693811416626 11.1331148147583 11.1766338348389 11.0130882263184 10.8743505477905 10.7485656738281 10.6273517608643 10.5262880325317
-3.4e+38 -3.4e+38 -3.4e+38 -3.4e+38 -3.4e+38 -3.4e+38 -3.4e+38 -3.4e+38 -3.4e+38 -3.4e+38 -3.4e+38 -3.4e+38 -3.4e+38 -3.4e+38 -3.4e+38 -3.4e+38 -3.4e+38 -3.4e+38 -3.4e+38 4.27292490005493 6.77039575576782 8.62275218963623 9.66890525817871 10.7431879043579 10.1704158782959 9.96719741821289 9.54251766204834 9.06707572937012 9.09878730773926 8.14553928375244 7.43064546585083 7.05795001983643 6.84231615066528 7.18192577362061 8.13547229766846 9.35987949371338 10.0349502563477 10.1331071853638 10.1563053131104 10.1873970031738 9.91110992431641 9.72419548034668 9.3585844039917 9.02507495880127 9.9569730758667 10.8993844985962 11.2635812759399 11.2466449737549 11.0795936584473 10.8220710754395 10.6215314865112 10.4340238571167 10.2947587966919
-3.4e+38 -3.4e+38 -3.4e+38 -3.4e+38 -3.4e+38 -3.4e+38 -3.4e+38 -3.4e+38 -3.4e+38 -3.4e+38 -3.4e+38 -3.4e+38 -3.4e+38 -3.4e+38 -3.4e+38 -3.4e+38 -3.4e+38 -3.4e+38 -3.4e+38 -3.4e+38 4.425950050354 6.2927508354187 8.38991355895996 10.1073970794678 9.95922088623047 9.60015869140625 9.44431495666504 9.23805522918701 9.22257614135742 8.67926788330078 8.13731288909912 7.6199893951416 6.97176933288574 6.81799459457397 7.4699764251709 8.35622692108154 9.07475090026855 9.80964183807373 10.3269605636597 10.3807725906372 10.4169969558716 10.4193229675293 10.2834711074829 10.50048828125 10.6709032058716 11.0498237609863 11.1945896148682 11.0878248214722 10.8918085098267 10.6729717254639 10.4297199249268 10.2138681411743 10.0472583770752
-3.4e+38 -3.4e+38 -3.4e+38 -3.4e+38 -3.4e+38 -3.4e+38 -3.4e+38 -3.4e+38 -3.4e+38 -3.4e+38 -3.4e+38 -3.4e+38 -3.4e+38 -3.4e+38 -3.4e+38 -3.4e+38 -3.4e+38 -3.4e+38 -3.4e+38 -3.4e+38 -3.4e+38 -3.4e+38 6.01854467391968 8.04568004608154 8.09592056274414 8.05299854278564 8.33463096618652 8.57523250579834 8.96468162536621 8.84717178344727 8.62030696868896 8.20353412628174 7.54478883743286 6.96586084365845 7.25468015670776 7.62925481796265 8.21913528442383 9.12500858306885 9.98250484466553 10.2499561309814 10.6164598464966 10.8206615447998 10.8713846206665 11.1557712554932 10.9978818893433 11.037652015686 11.0195846557617 10.8459253311157 10.7370376586914 10.5876493453979 10.3621816635132 10.1408338546753 9.93225765228271
-3.4e+38 -3.4e+38 -3.4e+38 -3.4e+38 -3.4e+38 -3.4e+38 -3.4e+38 -3.4e+38 -3.4e+38 -3.4e+38 -3.4e+38 -3.4e+38 -3.4e+38 -3.4e+38 -3.4e+38 -3.4e+38 -3.4e+38 -3.4e+38 -3.4e+38 -3.4e+38 -3.4e+38 -3.4e+38 -3.4e+38 -3.4e+38 5.16359996795654 5.85569763183594 6.69949150085449 7.6388087272644 8.46370029449463 8.88208866119385 9.09716510772705 9.08963775634766 8.61470794677734 8.23724555969238 7.72598075866699 7.33853960037231 7.47167634963989 8.17014980316162 8.90342807769775 9.61759281158447 10.3324975967407 10.7777328491211 10.7356901168823 10.6797952651978 10.7132539749146 10.7136459350586 10.6412124633789 10.6440486907959 10.6011457443237 10.5084657669067 10.4554491043091 10.27952003479 9.93368816375732
-3.4e+38 -3.4e+38 -3.4e+38 -3.4e+38 -3.4e+38 -3.4e+38 -3.4e+38 -3.4e+38 -3.4e+38 -3.4e+38 -3.4e+38 -3.4e+38 -3.4e+38 -3.4e+38 -3.4e+38 -3.4e+38 -3.4e+38 -3.4e+38 -3.4e+38 -3.4e+38 -3.4e+38 -3.4e+38 -3.4e+38 -3.4e+38 -3.4e+38 -3.4e+38 4.88808917999268 6.18356084823608 7.52820825576782 8.62558650970459 9.44720363616943 9.64607524871826 9.44399833679199 8.92632865905762 8.21677494049072 7.52710771560669 7.31996059417725 7.47129535675049 7.82334136962891 8.57341384887695 9.4315710067749 9.99501800537109 10.1628866195679 10.2023010253906 10.2773218154907 10.2436094284058 10.2623443603516 10.3186531066895 10.3494319915771 10.3492851257324 10.335431098938 10.207968711853 9.92346382141113
-3.4e+38 -3.4e+38 -3.4e+38 -3.4e+38 -3.4e+38 -3.4e+38 -3.4e+38 -3.4e+38 -3.4e+38 -3.4e+38 -3.4e+38 -3.4e+38 -3.4e+38 -3.4e+38 -3.4e+38 -3.4e+38 -3.4e+38 -3.4e+38 -3.4e+38 -3.4e+38 -3.4e+38 -3.4e+38 -3.4e+38 -3.4e+38 -3.4e+38 -3.4e+38 -3.4e+38 -3.4e+38 6.05746459960938 7.78571128845215 9.34175395965576 10.1468353271484 9.81935501098633 9.15438270568848 8.94877529144287 8.36176204681396 7.82733488082886 7.34028196334839 6.80194711685181 7.61258554458618 8.25305652618408 8.86495399475098 9.67598342895508 9.9620189666748 10.0147848129272 9.86661529541016 9.86362266540527 9.95880889892578 9.99831104278564 10.0687608718872 10.0134677886963 9.9734468460083 9.84204578399658
-3.4e+38 -3.4e+38 -3.4e+38 -3.4e+38 -3.4e+38 -3.4e+38 -3.4e+38 -3.4e+38 -3.4e+38 -3.4e+38 -3.4e+38 -3.4e+38 -3.4e+38 -3.4e+38 -3.4e+38 -3.4e+38 -3.4e+38 -3.4e+38 -3.4e+38 -3.4e+38 -3.4e+38 -3.4e+38 -3.4e+38 -3.4e+38 -3.4e+38 -3.4e+38 -3.4e+38 -3.4e+38 4.66750812530518 6.53954458236694 8.46342182159424 9.72642135620117 10.2321510314941 10.2318553924561 10.1198863983154 9.52597427368164 8.94308185577393 8.23634147644043 7.64383745193481 7.81488370895386 8.11942958831787 8.61508274078369 9.4589262008667 9.91246795654297 9.94172286987305 9.66268253326416 9.59207820892334 9.70220470428467 9.79738426208496 9.89635181427002 9.91031932830811 9.93270492553711 9.88342094421387
-3.4e+38 -3.4e+38 -3.4e+38 -3.4e+38 -3.4e+38 -3.4e+38 -3.4e+38 -3.4e+38 -3.4e+38 -3.4e+38 -3.4e+38 -3.4e+38 -3.4e+38 -3.4e+38 -3.4e+38 -3.4e+38 -3.4e+38 -3.4e+38 -3.4e+38 -3.4e+38 -3.4e+38 -3.4e+38 -3.4e+38 -3.4e+38 -3.4e+38 -3.4e+38 -3.4e+38 -3.4e+38 -3.4e+38 -3.4e+38 7.1634349822998 8.97662830352783 10.7283554077148 11.9979867935181 11.3262920379639 10.7643957138062 10.1899490356445 9.5247802734375 9.48238372802734 8.84450149536133 8.66541194915771 8.92027568817139 9.55941867828369 10.1534271240234 9.99580955505371 9.5915002822876 9.46576690673828 9.59117317199707 9.72330474853516 9.81418323516846 9.97813987731934 10.0701818466187 10.0418910980225
-3.4e+38 -3.4e+38 -3.4e+38 -3.4e+38 -3.4e+38 -3.4e+38 -3.4e+38 -3.4e+38 -3.4e+38 -3.4e+38 -3.4e+38 -3.4e+38 -3.4e+38 -3.4e+38 -3.4e+38 -3.4e+38 -3.4e+38 -3.4e+38 -3.4e+38 -3.4e+38 -3.4e+38 -3.4e+38 -3.4e+38 -3.4e+38 -3.4e+38 -3.4e+38 -3.4e+38 -3.4e+38 -3.4e+38 -3.4e+38 7.02936363220215 8.99420070648193 10.7176895141602 11.7442283630371 11.505166053772 10.8225860595703 10.3910541534424 10.0874805450439 10.0182638168335 9.49578094482422 9.24945068359375 9.32764148712158 9.77054500579834 10.2175970077515 10.2310199737549 9.98373222351074 9.82677936553955 9.71638298034668 9.66828918457031 9.74633884429932 9.94163703918457 10.0874042510986 10.1654605865479
-3.4e+38 -3.4e+38 -3.4e+38 -3.4e+38 -3.4e+38 -3.4e+38 -3.4e+38 -3.4e+38 -3.4e+38 -3.4e+38 -3.4e+38 -3.4e+38 -3.4e+38 -3.4e+38 -3.4e+38 -3.4e+38 -3.4e+38 -3.4e+38 -3.4e+38 -3.4e+38 -3.4e+38 -3.4e+38 -3.4e+38 -3.4e+38 -3.4e+38 -3.4e+38 -3.4e+38 -3.4e+38 -3.4e+38 -3.4e+38 -3.4e+38 9.41775417327881 10.5250673294067 11.0603179931641 10.9064788818359 10.1240272521973 9.82254791259766 9.90282917022705 9.91450977325439 9.71260738372803 9.59077453613281 9.64950275421143 9.99170017242432 10.2950000762939 10.5498943328857 10.6642627716064 10.5059041976929 10.072359085083 9.57314872741699 9.73151683807373 9.88856220245361 10.0166816711426 10.1739120483398
