meets/meet004/selection/CCSM_0k_am_bio03.asc
NCOLS 154 
NROWS 168 
XLLCORNER -112 
YLLCORNER -55.5 
CELLSIZE 0.5 
NODATA_value -3.4e+38 
[rows 48 to 71 of 168, columns 53 to 105 of 154]
-3.4e+38 -3.4e+38 -3.4e+38 -3.4e+38 -3.4e+38 -3.4e+38 -3.4e+38 -3.4e+38 -3.4e+38 -3.4e+38 -3.4e+38 -3.4e+38 -3.4e+38 -3.4e+38 -3.4e+38 -3.4e+38 70.5719299316406 72.7382049560547 72.9879913330078 72.136116027832 71.5637588500977 68.8934783935547 66.2983779907227 63.7210464477539 63.1060256958008 62.5058822631836 61.3025588989258 60.0368919372559 58.6684112548828 59.2749710083008 59.9949760437012 61.4072723388672 63.5723304748535 65.5437622070312 66.8961410522461 67.9955062866211 68.538200378418 68.5774917602539 69.0445938110352 67.1566009521484 66.0198974609375 64.9960479736328 64.3421096801758 63.7214431762695 63.526309967041 62.9144973754883 63.216667175293 64.442512512207 65.4456329345703 67.9792556762695 68.7131576538086 69.3398361206055 69.9299621582031
-3.4e+38 -3.4e+38 -3.4e+38 -3.4e+38 -3.4e+38 -3.4e+38 -3.4e+38 -3.4e+38 -3.4e+38 -3.4e+38 -3.4e+38 -3.4e+38 -3.4e+38 -3.4e+38 -3.4e+38 -3.4e+38 72.7965087890625 73.5314636230469 73.3323974609375 72.8588104248047 72.6010894775391 71.108039855957 69.0402069091797 67.2231750488281 66.2575988769531 64.5197906494141 63.3848609924316 62.8080368041992 62.7473182678223 63.841854095459 65.6351699829102 67.5949554443359 69.8103179931641 71.3994445800781 71.6172943115234 70.7414093017578 69.524772644043 67.8216857910156 66.7726440429688 66.8902359008789 66.1074447631836 64.9115676879883 64.4078750610352 64.1426086425781 63.5537376403809 63.3997459411621 64.2070846557617 66.1279220581055 68.699821472168 70.7655715942383 71.6566162109375 72.442756652832 72.487922668457
-3.4e+38 -3.4e+38 -3.4e+38 -3.4e+38 -3.4e+38 -3.4e+38 -3.4e+38 -3.4e+38 -3.4e+38 -3.4e+38 -3.4e+38 -3.4e+38 -3.4e+38 -3.4e+38 -3.4e+38 -3.4e+38 72.2410278320312 74.787353515625 73.007080078125 73.0969314575195 73.4186248779297 72.7062225341797 71.0892715454102 69.8949127197266 68.9467544555664 67.02978515625 66.2546463012695 66.5225524902344 67.2831115722656 69.1729202270508 72.133171081543 73.1673889160156 73.6485366821289 73.3490676879883 72.5515899658203 72.1245422363281 70.9267654418945 67.6677398681641 64.7890853881836 65.0687561035156 65.1155014038086 64.5392074584961 64.1962356567383 64.1456451416016 63.6264152526855 63.7144241333008 64.6700286865234 66.9981918334961 70.8720321655273 70.4010162353516 70.6287384033203 71.004280090332 70.5266723632812
-3.4e+38 -3.4e+38 -3.4e+38 -3.4e+38 -3.4e+38 -3.4e+38 -3.4e+38 -3.4e+38 -3.4e+38 -3.4e+38 -3.4e+38 -3.4e+38 -3.4e+38 -3.4e+38 -3.4e+38 -3.4e+38 75.6345443725586 77.5673141479492 74.5773849487305 73.243766784668 72.2619247436523 72.0397644042969 72.1921615600586 72.1101226806641 72.5234756469727 70.8972015380859 70.5717620849609 71.1579742431641 72.8489837646484 72.9950714111328 73.0615768432617 73.0883941650391 73.3046875 72.92333984375 72.4295883178711 72.0167007446289 72.7165908813477 69.2434005737305 66.339958190918 65.1640548706055 64.6621475219727 64.6596374511719 64.1220092773438 63.6656303405762 63.5958023071289 63.857536315918 64.6679153442383 66.1904144287109 67.3927841186523 68.088623046875 67.8281097412109 68.5391159057617 69.8395004272461
-3.4e+38 -3.4e+38 -3.4e+38 -3.4e+38 -3.4e+38 -3.4e+38 -3.4e+38 -3.4e+38 -3.4e+38 -3.4e+38 -3.4e+38 -3.4e+38 -3.4e+38 -3.4e+38 71.0585021972656 72.3918991088867 75.2144927978516 78.947639465332 76.8950881958008 74.3053970336914 72.0204162597656 71.8883438110352 74.0446395874023 74.2287902832031 74.5798797607422 74.6850967407227 74.643424987793 74.3781890869141 73.5876846313477 73.9556350708008 74.0811920166016 73.9480667114258 73.795783996582 73.1218948364258 72.5362243652344 71.9796676635742 72.4863739013672 71.2634582519531 68.0350112915039 66.373649597168 65.2991333007812 64.9327011108398 64.6675491333008 63.5923194885254 63.7906761169434 64.0500793457031 64.6127471923828 65.4160919189453 65.7200775146484 66.8479080200195 66.5567855834961 67.8113098144531 70.5447463989258
-3.4e+38 -3.4e+38 -3.4e+38 -3.4e+38 -3.4e+38 -3.4e+38 -3.4e+38 -3.4e+38 -3.4e+38 -3.4e+38 -3.4e+38 -3.4e+38 -3.4e+38 69.0533981323242 72.3318862915039 74.1296081542969 74.9428558349609 74.6545715332031 75.5390930175781 76.4304656982422 75.1886825561523 74.745979309082 76.079948425293 76.5133895874023 76.6247863769531 76.6292266845703 76.4396514892578 75.9162750244141 75.3352508544922 75.4040069580078 75.5910415649414 75.3443145751953 74.7196655273438 73.8179931640625 72.9785995483398 72.3482360839844 72.5891265869141 72.9796295166016 69.7464981079102 67.9993286132812 67.186149597168 66.6096496582031 66.3567047119141 65.2080154418945 64.9728622436523 64.93798828125 65.4174346923828 66.5034942626953 67.2675399780273 68.5224075317383 69.4777603149414 71.2242813110352 70.8069000244141
-3.4e+38 -3.4e+38 -3.4e+38 -3.4e+38 -3.4e+38 -3.4e+38 -3.4e+38 -3.4e+38 -3.4e+38 -3.4e+38 -3.4e+38 -3.4e+38 -3.4e+38 68.5102767944336 71.7523498535156 74.2013854980469 72.2883682250977 71.7468948364258 72.2128982543945 76.0693817138672 78.9369201660156 77.976806640625 78.4375534057617 78.7014007568359 78.6368103027344 78.6457977294922 78.0828475952148 77.4668197631836 77.0182342529297 76.9051208496094 76.4007110595703 76.1542739868164 75.9132385253906 74.7909545898438 73.7673645019531 72.9626617431641 72.9768753051758 73.6206665039062 71.2910385131836 69.6313858032227 69.0891723632812 68.5328216552734 68.283805847168 67.6176910400391 67.2111740112305 67.0012817382812 67.5216064453125 68.853385925293 70.1807708740234 72.1292495727539 71.5161285400391 69.3133544921875 67.4715347290039
-3.4e+38 -3.4e+38 -3.4e+38 -3.4e+38 -3.4e+38 -3.4e+38 -3.4e+38 -3.4e+38 -3.4e+38 -3.4e+38 -3.4e+38 67.2515182495117 64.8157196044922 65.6829071044922 69.7273941040039 72.2401962280273 71.3914794921875 70.5456695556641 71.5152816772461 75.1108627319336 79.2394943237305 80.6458587646484 80.4957885742188 79.8064956665039 79.7398986816406 78.7363357543945 77.6305084228516 77.0074844360352 76.3845901489258 75.8022994995117 75.2538833618164 75.0830917358398 75.1457901000977 74.7609024047852 74.5758895874023 74.1172790527344 73.7884368896484 74.0041580200195 73.0405502319336 71.6321868896484 70.8117446899414 70.3405914306641 70.5354080200195 70.6445465087891 70.9639129638672 70.6828765869141 71.2982025146484 72.791389465332 71.4232940673828 69.5617218017578 67.6876907348633 66.0524673461914 63.6465187072754
-3.4e+38 -3.4e+38 -3.4e+38 -3.4e+38 -3.4e+38 -3.4e+38 -3.4e+38 -3.4e+38 -3.4e+38 -3.4e+38 -3.4e+38 66.0795364379883 63.7217330932617 63.9859428405762 67.5253829956055 69.9160766601562 70.5015335083008 70.0267181396484 70.9884338378906 74.6118774414062 78.6358947753906 80.1183242797852 79.9190826416016 79.2197265625 78.5375518798828 77.634651184082 76.784912109375 76.3020172119141 75.6074905395508 75.0244750976562 74.4540786743164 74.2870864868164 74.4203567504883 74.2942276000977 74.1265335083008 73.8952941894531 74.3319244384766 74.8853988647461 74.825813293457 74.1188354492188 73.3001403808594 72.8252334594727 73.1568069458008 73.675895690918 74.3128509521484 74.4362564086914 72.6175231933594 70.5035095214844 68.2148818969727 66.5869903564453 64.5545806884766 62.0306510925293 60.6120910644531
-3.4e+38 -3.4e+38 -3.4e+38 -3.4e+38 -3.4e+38 -3.4e+38 -3.4e+38 -3.4e+38 -3.4e+38 -3.4e+38 65.3050003051758 64.0633926391602 61.2391777038574 60.3197860717773 64.4387969970703 68.0890350341797 70.4180374145508 70.9001159667969 71.0815963745117 74.4440078735352 77.9206848144531 78.1131820678711 77.7339706420898 77.1770935058594 76.5942230224609 75.9935302734375 75.519645690918 75.1754608154297 74.8480758666992 74.5123672485352 74.0099334716797 73.8398208618164 74.0632705688477 74.4485702514648 74.1434326171875 74.0093078613281 74.1034240722656 74.5463638305664 75.0424118041992 75.6327896118164 75.9386596679688 75.7553482055664 75.8405990600586 75.1847381591797 74.086669921875 72.486930847168 70.0200347900391 67.488037109375 64.8617858886719 62.9128456115723 60.7355690002441 59.0531539916992 58.0924301147461
-3.4e+38 -3.4e+38 -3.4e+38 -3.4e+38 -3.4e+38 -3.4e+38 -3.4e+38 -3.4e+38 -3.4e+38 -3.4e+38 61.8008155822754 61.3843727111816 59.4253768920898 59.198299407959 62.9566841125488 68.6019973754883 72.1992111206055 72.7780380249023 72.244987487793 75.0574951171875 76.3542861938477 76.1470108032227 75.9287338256836 75.4597702026367 74.9698257446289 74.3737716674805 73.9352951049805 73.7331390380859 73.4721298217773 73.2126770019531 73.0181427001953 73.1836395263672 73.660514831543 73.9922561645508 74.2568359375 73.9691619873047 73.9183578491211 74.087646484375 74.1966552734375 74.4051132202148 74.2048797607422 73.9674758911133 73.6704940795898 72.4811706542969 70.9876861572266 68.6036148071289 65.9921646118164 63.5359840393066 61.0901870727539 59.6329307556152 57.9670677185059 56.7896499633789 56.415355682373
-3.4e+38 -3.4e+38 -3.4e+38 -3.4e+38 -3.4e+38 -3.4e+38 -3.4e+38 -3.4e+38 -3.4e+38 59.5785598754883 58.0419502258301 58.2986679077148 58.7261619567871 59.3711318969727 63.3869934082031 71.6377334594727 75.5968551635742 74.7213973999023 73.1928482055664 74.0079574584961 74.7501831054688 74.3284454345703 74.2508392333984 73.9819030761719 73.3482208251953 72.8871231079102 72.5203399658203 72.3218383789062 72.2865982055664 71.976936340332 71.7501602172852 71.8609390258789 72.2200012207031 72.7120819091797 73.0820083618164 73.3995742797852 73.5906219482422 73.5039291381836 73.2390518188477 72.9804992675781 72.6276550292969 71.8029327392578 71.1066055297852 69.8137588500977 67.7491760253906 65.5902709960938 62.9073829650879 60.3021202087402 58.002498626709 56.9414596557617 56.0293045043945 55.4898834228516 55.3204879760742
-3.4e+38 -3.4e+38 -3.4e+38 -3.4e+38 -3.4e+38 -3.4e+38 -3.4e+38 -3.4e+38 -3.4e+38 58.181583404541 56.9696311950684 57.3378753662109 59.1849212646484 60.6898956298828 64.7606201171875 73.2858200073242 75.4861297607422 74.6917877197266 73.2963562011719 73.4461135864258 73.6623687744141 73.0688095092773 72.8798065185547 72.5417022705078 71.8635330200195 71.2319488525391 70.8944473266602 70.9253845214844 71.0391464233398 70.8691787719727 70.6904602050781 70.7405395507812 70.9711303710938 71.2540893554688 71.4808654785156 71.6579284667969 71.8910064697266 72.1450119018555 71.9093627929688 71.4445343017578 70.6569976806641 69.4759674072266 68.3085632324219 66.6235961914062 64.830940246582 62.7527198791504 60.2878837585449 58.0950126647949 56.1779441833496 55.3108901977539 54.729190826416 54.4585342407227 54.5295944213867
-3.4e+38 -3.4e+38 -3.4e+38 -3.4e+38 -3.4e+38 -3.4e+38 -3.4e+38 -3.4e+38 -3.4e+38 57.0453720092773 56.9858169555664 57.1586570739746 59.2641067504883 61.8196792602539 65.6526336669922 72.6486587524414 74.318229675293 73.9394378662109 73.1960525512695 73.19140625 72.8095474243164 71.9835586547852 71.6021881103516 71.2445831298828 70.223762512207 69.3982162475586 69.0873260498047 69.3853454589844 69.8153610229492 69.6264190673828 69.6236114501953 69.6121597290039 69.5849990844727 69.8936233520508 69.8203582763672 70.056526184082 70.1621170043945 70.3214263916016 70.633186340332 69.8628768920898 68.9439697265625 67.3742370605469 65.767707824707 63.8336524963379 61.8846206665039 59.9930648803711 58.1523704528809 56.4630889892578 54.9463119506836 54.3914337158203 54.0310897827148 54.0817413330078 54.4583053588867
-3.4e+38 -3.4e+38 -3.4e+38 -3.4e+38 -3.4e+38 -3.4e+38 -3.4e+38 -3.4e+38 -3.4e+38 -3.4e+38 58.3127517700195 58.049560546875 59.950511932373 62.1794242858887 65.4253311157227 71.5751342773438 72.7200469970703 72.887580871582 72.9695892333984 72.8693466186523 71.8401107788086 70.8247833251953 70.2560653686523 69.6173553466797 68.6478424072266 67.7921752929688 67.4781799316406 67.8078536987305 68.2141876220703 68.224967956543 68.1444473266602 68.0756759643555 67.9668426513672 68.0259399414062 68.0662078857422 68.2072525024414 68.2294921875 68.2006759643555 68.0402679443359 67.6037292480469 67.0137023925781 65.4193878173828 63.6898422241211 61.6378021240234 59.8033294677734 57.9978942871094 56.4061508178711 55.2478637695312 54.354362487793 54.0970802307129 54.1410484313965 54.4401054382324 54.9244232177734
-3.4e+38 -3.4e+38 -3.4e+38 -3.4e+38 -3.4e+38 -3.4e+38 -3.4e+38 -3.4e+38 -3.4e+38 -3.4e+38 -3.4e+38 59.5419158935547 61.2532768249512 61.8743057250977 65.3406143188477 70.7619857788086 71.3081436157227 71.8092498779297 72.3240737915039 72.0144424438477 70.7969436645508 69.6515655517578 69.0411834716797 68.1854476928711 67.326301574707 66.3762435913086 65.9908828735352 66.3500061035156 66.6755676269531 66.5286407470703 66.4199142456055 66.2929153442383 66.1078414916992 66.001220703125 66.1570739746094 66.2909240722656 66.2294464111328 65.9698104858398 65.4223327636719 65.1715545654297 64.5725173950195 63.7534370422363 62.0048141479492 59.960994720459 58.2497978210449 56.5649871826172 55.2045669555664 54.3033485412598 53.4959869384766 53.6573295593262 54.0840377807617 54.5641899108887 55.047908782959
-3.4e+38 -3.4e+38 -3.4e+38 -3.4e+38 -3.4e+38 -3.4e+38 -3.4e+38 -3.4e+38 -3.4e+38 61.7576522827148 63.7576942443848 62.4435691833496 62.767391204834 63.2454872131348 66.0618743896484 70.3578720092773 70.8566360473633 70.9309692382812 70.7896270751953 70.7309112548828 70.1427993774414 69.0578079223633 68.1148529052734 67.2717056274414 66.4730758666992 65.859619140625 65.336784362793 65.0685272216797 64.8951797485352 64.689453125 64.5642166137695 64.4283676147461 64.3138427734375 64.2945404052734 64.3534545898438 64.438591003418 64.3904724121094 64.2731781005859 63.9363746643066 63.4585876464844 62.832836151123 62.308292388916 60.9050407409668 59.0808372497559 57.5005378723145 56.0439338684082 54.8127822875977 53.9499778747559 53.472827911377 53.6279945373535 54.1373672485352 54.6347465515137 55.0698471069336
-3.4e+38 -3.4e+38 -3.4e+38 -3.4e+38 -3.4e+38 -3.4e+38 -3.4e+38 -3.4e+38 54.3828353881836 65.2410125732422 65.2820434570312 64.1712875366211 63.733081817627 64.1699905395508 66.9170608520508 70.2063827514648 70.4493637084961 69.9406890869141 68.9594802856445 69.442985534668 69.0412368774414 68.4268112182617 67.2688674926758 66.3688125610352 65.6214218139648 65.3441314697266 64.7124481201172 63.8704833984375 63.2206420898438 62.9923667907715 62.8295707702637 62.6684112548828 62.6062202453613 62.6765174865723 62.5928421020508 62.6988945007324 62.7300224304199 62.7526321411133 62.7899475097656 62.0809745788574 61.4572525024414 61.0061988830566 60.1364593505859 58.4883232116699 57.0339660644531 55.8264389038086 54.7237701416016 53.9485855102539 53.3826446533203 53.6930885314941 54.2314834594727 54.6950645446777 54.9768829345703
-3.4e+38 -3.4e+38 -3.4e+38 -3.4e+38 -3.4e+38 -3.4e+38 -3.4e+38 -3.4e+38 57.9830513000488 65.8743362426758 65.3230361938477 64.7042617797852 64.7770004272461 65.9342880249023 67.8734817504883 69.2715759277344 68.9748077392578 68.8559799194336 68.6259536743164 68.8738861083984 68.1007080078125 67.2427368164062 66.1102905273438 65.1157150268555 64.5235748291016 64.1093597412109 63.4184989929199 62.6722183227539 62.0272598266602 61.6232833862305 61.3975791931152 61.1538925170898 60.9844093322754 60.8656120300293 60.8947982788086 60.9821434020996 61.0559692382812 61.2087287902832 61.1434555053711 60.7117347717285 60.1711502075195 59.8368682861328 59.5132446289062 58.1303253173828 56.842700958252 55.7138442993164 54.7618446350098 54.1142730712891 53.8024291992188 53.9132881164551 54.3119812011719 54.7089500427246 55.0654792785645
-3.4e+38 -3.4e+38 -3.4e+38 -3.4e+38 -3.4e+38 -3.4e+38 -3.4e+38 -3.4e+38 -3.4e+38 64.2504653930664 64.9776763916016 64.5238723754883 66.3402404785156 66.9042663574219 68.1859970092773 69.1635131835938 68.5021591186523 68.6394882202148 68.3974914550781 68.7699356079102 67.1319351196289 65.8821487426758 64.8088073730469 63.5304260253906 63.3988838195801 62.9523429870605 62.2585067749023 61.5857620239258 60.892448425293 60.497989654541 60.1870918273926 59.8911437988281 59.6437759399414 59.3399429321289 59.5056076049805 59.5486221313477 59.6182594299316 59.8164825439453 59.7607345581055 59.3885765075684 58.9352416992188 58.7054901123047 58.7498817443848 57.8743019104004 56.7522201538086 55.7294692993164 54.8932876586914 54.441234588623 54.0932579040527 54.1600685119629 54.4041976928711 54.7118263244629 55.0644798278809
-3.4e+38 -3.4e+38 -3.4e+38 -3.4e+38 -3.4e+38 -3.4e+38 -3.4e+38 -3.4e+38 -3.4e+38 64.0996398925781 64.90869140625 65.1708526611328 66.165283203125 67.1072311401367 67.6380996704102 68.9245376586914 69.6876525878906 69.6071701049805 69.8557586669922 68.6651153564453 66.6304168701172 65.199089050293 63.989933013916 62.5169067382812 62.0968704223633 61.8777084350586 61.4162368774414 60.7647666931152 60.0569229125977 59.5885810852051 59.173641204834 58.8313674926758 58.664623260498 58.5249519348145 58.5024185180664 58.5327987670898 58.5300750732422 58.568717956543 58.472583770752 58.1434211730957 57.7758598327637 57.6558609008789 57.7946357727051 57.7874946594238 56.8371162414551 55.999195098877 55.3011436462402 54.853214263916 54.5894470214844 54.5005531311035 54.5462188720703 54.7013740539551 54.9214706420898
-3.4e+38 -3.4e+38 -3.4e+38 -3.4e+38 -3.4e+38 -3.4e+38 -3.4e+38 -3.4e+38 -3.4e+38 62.228157043457 65.1812591552734 65.4601058959961 65.890625 66.3582916259766 67.0628204345703 67.915657043457 68.9753189086914 69.7740249633789 70.1289978027344 69.3049392700195 66.9843444824219 65.2972717285156 63.9981346130371 61.8837890625 61.3223838806152 61.2806663513184 60.9724578857422 60.2748565673828 59.4493370056152 58.9430351257324 58.5045738220215 58.1372947692871 57.9830322265625 57.7719993591309 57.6494827270508 57.6086807250977 57.5427932739258 57.4867210388184 57.3680763244629 57.0972518920898 56.7795562744141 56.7316970825195 56.9799385070801 57.1819229125977 56.8920364379883 56.2603034973145 55.6774368286133 55.3068237304688 55.0610237121582 54.911979675293 54.8008880615234 54.8335037231445 54.9205780029297
-3.4e+38 -3.4e+38 -3.4e+38 -3.4e+38 -3.4e+38 -3.4e+38 -3.4e+38 -3.4e+38 -3.4e+38 -3.4e+38 -3.4e+38 67.2785034179688 65.692268371582 64.4579162597656 65.4835052490234 67.5524520874023 67.9363632202148 68.6184387207031 69.2808609008789 69.5141677856445 68.3566665649414 66.3959274291992 63.9845314025879 61.4916000366211 60.9963912963867 61.3734664916992 61.0448226928711 60.1131248474121 59.150577545166 58.715217590332 58.3869400024414 57.9512329101562 57.5391616821289 57.0638198852539 56.9152908325195 56.7355041503906 56.564640045166 56.503719329834 56.3194694519043 56.1759033203125 56.02587890625 56.040168762207 56.231330871582 56.4120025634766 56.5483665466309 56.4249114990234 56.0195388793945 55.7773056030273 55.5849304199219 55.4451942443848 55.3331260681152 55.3113975524902 55.3610000610352
-3.4e+38 -3.4e+38 -3.4e+38 -3.4e+38 -3.4e+38 -3.4e+38 -3.4e+38 -3.4e+38 -3.4e+38 -3.4e+38 -3.4e+38 60.7283248901367 65.2494735717773 63.1081314086914 64.5969009399414 67.1432800292969 66.9891815185547 67.5212020874023 68.489631652832 68.9334182739258 68.1929550170898 66.588623046875 63.8489646911621 61.257438659668 60.8786697387695 60.8975791931152 60.5381240844727 60.1363677978516 59.1094131469727 58.7576141357422 58.5343551635742 58.0522651672363 57.4623031616211 56.7603149414062 56.5256690979004 56.2520027160645 56.0015563964844 55.8606338500977 55.5860557556152 55.4930152893066 55.4166297912598 55.4685707092285 55.6610221862793 55.8196067810059 56.0262870788574 56.1199035644531 56.2074432373047 56.2443618774414 56.1448822021484 55.8334350585938 55.4020233154297 55.0750999450684 54.8565864562988
