meets/meet004/selection/CCSM_0k_am_bio03.asc
NCOLS 154 
NROWS 168 
XLLCORNER -112 
YLLCORNER -55.5 
CELLSIZE 0.5 
NODATA_value -3.4e+38 
[rows 72 to 95 of 168, columns 53 to 105 of 154]
-3.4e+38 -3.4e+38 -3.4e+38 -3.4e+38 -3.4e+38 -3.4e+38 -3.4e+38 -3.4e+38 -3.4e+38 -3.4e+38 -3.4e+38 -3.4e+38 64.8483200073242 62.5574913024902 64.2866821289062 66.9042587280273 66.3444366455078 66.36181640625 67.4642333984375 67.6498794555664 66.8125152587891 65.4154891967773 63.5322608947754 61.2915916442871 60.6655883789062 60.645133972168 60.0768547058105 59.5839576721191 59.1190719604492 58.8655700683594 58.6957511901855 58.4125671386719 57.7537536621094 56.9873123168945 56.6411819458008 56.3271713256836 55.9372406005859 55.597354888916 55.1829490661621 55.1034507751465 55.0228080749512 55.0664367675781 55.2679328918457 55.4237098693848 55.6644325256348 55.8376998901367 55.9504852294922 56.0529136657715 55.9165420532227 55.4097709655762 54.7520179748535 54.3120727539062 54.0941352844238
-3.4e+38 -3.4e+38 -3.4e+38 -3.4e+38 -3.4e+38 -3.4e+38 -3.4e+38 -3.4e+38 -3.4e+38 -3.4e+38 -3.4e+38 -3.4e+38 -3.4e+38 62.1244621276855 64.1721343994141 65.6946716308594 65.0708541870117 64.9245681762695 65.9714508056641 65.8480072021484 65.0655212402344 63.9959259033203 62.742919921875 61.3521003723145 60.7714805603027 60.2784538269043 59.687629699707 59.1882705688477 58.6952781677246 58.4698524475098 58.3384780883789 58.082347869873 57.7956886291504 57.4467735290527 57.0433654785156 56.6576690673828 56.1883926391602 55.7043914794922 55.194450378418 55.0513801574707 54.953929901123 54.9609832763672 55.1063690185547 55.2218322753906 55.459342956543 55.6568031311035 55.7505836486816 55.8168640136719 55.6291122436523 55.0788841247559 54.3630447387695 53.8707962036133 53.5866851806641
-3.4e+38 -3.4e+38 -3.4e+38 -3.4e+38 -3.4e+38 -3.4e+38 -3.4e+38 -3.4e+38 -3.4e+38 -3.4e+38 -3.4e+38 -3.4e+38 -3.4e+38 -3.4e+38 64.2074432373047 64.2532119750977 63.4409217834473 63.390739440918 64.0446319580078 63.9618530273438 63.1895332336426 62.545955657959 62.1919021606445 61.588737487793 60.8594207763672 60.0327644348145 59.3722915649414 58.9178657531738 58.4233436584473 58.2326469421387 58.0432090759277 57.7795066833496 57.5795745849609 57.2205657958984 56.96630859375 56.6969451904297 56.4279136657715 56.0719223022461 55.5362815856934 55.2946586608887 55.1906929016113 55.1086730957031 55.1217956542969 55.163890838623 55.3752288818359 55.5635375976562 55.6186065673828 55.5896987915039 55.2896347045898 54.8870277404785 54.3066062927246 53.7853622436523 53.3978996276855
-3.4e+38 -3.4e+38 -3.4e+38 -3.4e+38 -3.4e+38 -3.4e+38 -3.4e+38 -3.4e+38 -3.4e+38 -3.4e+38 -3.4e+38 -3.4e+38 -3.4e+38 -3.4e+38 64.0217819213867 64.0681762695312 62.9931755065918 62.448787689209 62.7181777954102 62.9624176025391 61.9846267700195 61.5622901916504 61.8400573730469 61.7936744689941 61.1551132202148 60.1505966186523 59.4211616516113 58.9495964050293 58.5162620544434 58.3061370849609 58.0529022216797 57.7520370483398 57.5261306762695 57.164478302002 56.8672142028809 56.5070991516113 56.2120933532715 56.0436248779297 55.8551330566406 55.6777114868164 55.51611328125 55.3545608520508 55.2533683776855 55.1980934143066 55.3473663330078 55.5012283325195 55.5305480957031 55.4864768981934 55.2088432312012 54.8905792236328 54.3967895507812 53.8996772766113 53.4606323242188
-3.4e+38 -3.4e+38 -3.4e+38 -3.4e+38 -3.4e+38 -3.4e+38 -3.4e+38 -3.4e+38 -3.4e+38 -3.4e+38 -3.4e+38 -3.4e+38 -3.4e+38 -3.4e+38 64.7025756835938 62.9916191101074 62.3094329833984 62.0400848388672 61.4560623168945 61.7761077880859 60.8197288513184 60.605598449707 61.5556335449219 62.4337348937988 61.504280090332 60.4047050476074 59.6791648864746 59.2174339294434 58.9157676696777 58.5196723937988 58.2504730224609 57.9537925720215 57.7133712768555 57.3233337402344 56.9737205505371 56.449520111084 56.1114044189453 56.0366439819336 55.7740631103516 55.6934547424316 55.5366249084473 55.4067878723145 55.410270690918 55.2647361755371 55.2597770690918 55.2418556213379 55.4518051147461 55.5700492858887 55.352222442627 55.092155456543 54.6595306396484 54.1927375793457 53.7395820617676
-3.4e+38 -3.4e+38 -3.4e+38 -3.4e+38 -3.4e+38 -3.4e+38 -3.4e+38 -3.4e+38 -3.4e+38 -3.4e+38 -3.4e+38 -3.4e+38 -3.4e+38 -3.4e+38 -3.4e+38 63.4831924438477 61.8879890441895 60.5180511474609 59.6351013183594 59.527961730957 60.1486511230469 60.109992980957 60.945369720459 61.6370277404785 61.5159568786621 60.9071044921875 60.2770500183105 59.5742149353027 58.9677124023438 58.6977996826172 58.6181488037109 58.3944969177246 58.157958984375 57.7531318664551 57.4233207702637 56.9664878845215 56.5981712341309 56.3968544006348 56.0954818725586 55.9125556945801 55.6721687316895 55.4760780334473 55.4022750854492 55.1567840576172 54.8669891357422 54.557788848877 54.6457824707031 55.1704711914062 55.5777969360352 55.5228271484375 55.2063331604004 54.7641677856445 54.2457275390625
-3.4e+38 -3.4e+38 -3.4e+38 -3.4e+38 -3.4e+38 -3.4e+38 -3.4e+38 -3.4e+38 -3.4e+38 -3.4e+38 -3.4e+38 -3.4e+38 -3.4e+38 -3.4e+38 -3.4e+38 64.3569869995117 61.6384124755859 58.6283073425293 56.6724891662598 57.2524757385254 58.0529670715332 59.6666450500488 60.9549789428711 60.5086822509766 61.3808555603027 61.6587219238281 61.0460014343262 59.7640800476074 58.7467880249023 58.983081817627 59.2025032043457 59.1207962036133 58.8971748352051 58.4123001098633 58.1580352783203 57.8631820678711 57.4534606933594 57.0903358459473 56.6561470031738 56.3278503417969 56.0149459838867 55.7159957885742 55.592227935791 55.3385162353516 54.7605743408203 54.0694465637207 53.9675598144531 54.5041961669922 54.9219856262207 55.1724891662598 55.2600898742676 55.0930519104004 54.633186340332
-3.4e+38 -3.4e+38 -3.4e+38 -3.4e+38 -3.4e+38 -3.4e+38 -3.4e+38 -3.4e+38 -3.4e+38 -3.4e+38 -3.4e+38 -3.4e+38 -3.4e+38 -3.4e+38 -3.4e+38 -3.4e+38 63.9485206604004 58.0879325866699 55.6208953857422 56.5692558288574 59.0080604553223 60.9599113464355 62.2536277770996 62.5929794311523 62.0610466003418 61.3854598999023 60.6433906555176 59.8228874206543 59.4929122924805 59.7493629455566 60.305736541748 60.3358116149902 59.9351692199707 59.4577407836914 59.1152496337891 58.7920379638672 58.3274192810059 57.8604278564453 57.3495750427246 56.8907318115234 56.4771728515625 56.0867195129395 55.8547515869141 55.4882965087891 54.9594535827637 54.3397331237793 54.0767822265625 54.1726112365723 54.3647689819336 54.7748641967773 55.0710639953613 55.0700950622559 54.7813835144043
-3.4e+38 -3.4e+38 -3.4e+38 -3.4e+38 -3.4e+38 -3.4e+38 -3.4e+38 -3.4e+38 -3.4e+38 -3.4e+38 -3.4e+38 -3.4e+38 -3.4e+38 -3.4e+38 -3.4e+38 -3.4e+38 65.3065338134766 58.005916595459 54.1547775268555 57.1403541564941 61.917896270752 62.3410148620605 61.3437652587891 60.5358085632324 62.5673789978027 60.7628402709961 59.6933326721191 59.3862648010254 60.0305290222168 60.0894317626953 61.2689895629883 61.628849029541 61.1056022644043 60.5743255615234 60.2865753173828 59.7798271179199 59.2167320251465 58.7020225524902 58.0781517028809 57.5585823059082 57.0131912231445 56.5090141296387 56.1893653869629 55.756477355957 55.356632232666 54.9028434753418 54.517765045166 54.2034301757812 53.8898582458496 54.5621528625488 55.0582580566406 55.1958427429199 54.9031600952148
-3.4e+38 -3.4e+38 -3.4e+38 -3.4e+38 -3.4e+38 -3.4e+38 -3.4e+38 -3.4e+38 -3.4e+38 -3.4e+38 -3.4e+38 -3.4e+38 -3.4e+38 -3.4e+38 -3.4e+38 -3.4e+38 -3.4e+38 58.8976058959961 57.1785545349121 59.3026847839355 62.9212112426758 62.8024024963379 60.8702697753906 60.0909118652344 60.6735191345215 60.0091896057129 59.1670455932617 58.0950050354004 58.0178871154785 59.1447448730469 60.8095932006836 61.6802520751953 61.9951133728027 61.942253112793 61.4473266601562 60.8458137512207 60.1643905639648 59.4649353027344 58.8576049804688 58.2435264587402 57.689395904541 57.0917167663574 56.5833473205566 56.1616249084473 55.812557220459 55.4911079406738 55.1006698608398 54.6465797424316 54.4408493041992 54.7594108581543 54.9619178771973 54.8309211730957 54.4601821899414
-3.4e+38 -3.4e+38 -3.4e+38 -3.4e+38 -3.4e+38 -3.4e+38 -3.4e+38 -3.4e+38 -3.4e+38 -3.4e+38 -3.4e+38 -3.4e+38 -3.4e+38 -3.4e+38 -3.4e+38 -3.4e+38 -3.4e+38 60.5649337768555 58.1118354797363 61.1521072387695 62.6677665710449 62.6437454223633 61.3766670227051 59.890869140625 59.759952545166 57.8362159729004 56.7561416625977 57.2026519775391 55.3251113891602 57.9268379211426 60.1433410644531 61.1517333984375 62.0246734619141 63.1792106628418 62.052791595459 61.5971336364746 61.0214653015137 60.1696662902832 59.6019744873047 58.7797431945801 58.3177299499512 57.6961288452148 57.0540351867676 56.5436897277832 56.2085113525391 55.9478988647461 55.3912467956543 54.8947639465332 54.5180282592773 54.5497512817383 54.6380500793457 54.4777717590332 54.1315879821777
-3.4e+38 -3.4e+38 -3.4e+38 -3.4e+38 -3.4e+38 -3.4e+38 -3.4e+38 -3.4e+38 -3.4e+38 -3.4e+38 -3.4e+38 -3.4e+38 -3.4e+38 -3.4e+38 -3.4e+38 -3.4e+38 -3.4e+38 -3.4e+38 63.0353393554688 61.783634185791 60.5175476074219 60.3436813354492 61.2005805969238 60.8037338256836 60.2661590576172 59.4091033935547 58.5805740356445 57.6178169250488 57.5508041381836 58.4925270080566 59.8153305053711 60.6221580505371 60.8790512084961 60.8335838317871 61.7235527038574 62.294319152832 61.9130172729492 60.7572822570801 59.5908470153809 59.0788383483887 58.8182563781738 58.237434387207 57.5651893615723 56.9321174621582 56.6033744812012 56.1732215881348 55.613468170166 55.0867500305176 54.6528816223145 54.4631080627441 54.3551445007324 54.1815643310547 54.0233535766602
-3.4e+38 -3.4e+38 -3.4e+38 -3.4e+38 -3.4e+38 -3.4e+38 -3.4e+38 -3.4e+38 -3.4e+38 -3.4e+38 -3.4e+38 -3.4e+38 -3.4e+38 -3.4e+38 -3.4e+38 -3.4e+38 -3.4e+38 -3.4e+38 62.4165382385254 63.7451820373535 60.0720558166504 59.5013160705566 61.0912857055664 62.2322883605957 60.8368148803711 57.0286407470703 55.8702964782715 57.0360336303711 53.0732612609863 57.1851463317871 56.6790390014648 58.6980743408203 60.9110412597656 59.5835571289062 61.7211570739746 62.905345916748 62.5946960449219 61.2455558776855 59.6217308044434 59.4702796936035 59.3320045471191 58.7907371520996 58.1478538513184 57.4187698364258 56.7775382995605 56.3863067626953 55.8913803100586 55.3530082702637 54.7863616943359 54.4251899719238 54.1425590515137 53.9755210876465 54.0005416870117
-3.4e+38 -3.4e+38 -3.4e+38 -3.4e+38 -3.4e+38 -3.4e+38 -3.4e+38 -3.4e+38 -3.4e+38 -3.4e+38 -3.4e+38 -3.4e+38 -3.4e+38 -3.4e+38 -3.4e+38 -3.4e+38 -3.4e+38 -3.4e+38 51.3722114562988 66.2399749755859 64.4100189208984 63.0411186218262 61.8886337280273 60.8168067932129 60.6297264099121 59.0363922119141 57.062313079834 57.3672409057617 57.5795974731445 58.8306999206543 59.2641983032227 60.2978668212891 61.1474304199219 61.933723449707 62.4834480285645 62.0977592468262 61.7347526550293 61.4529342651367 60.9725303649902 60.2972984313965 59.566535949707 58.7585639953613 57.9700813293457 57.1228942871094 56.8678436279297 56.7111854553223 56.285285949707 55.7735557556152 55.1426391601562 54.5826759338379 54.0910797119141 53.8858642578125 54.0448570251465
-3.4e+38 -3.4e+38 -3.4e+38 -3.4e+38 -3.4e+38 -3.4e+38 -3.4e+38 -3.4e+38 -3.4e+38 -3.4e+38 -3.4e+38 -3.4e+38 -3.4e+38 -3.4e+38 -3.4e+38 -3.4e+38 -3.4e+38 -3.4e+38 -3.4e+38 58.8625106811523 69.2484664916992 67.2037200927734 64.2897720336914 61.6825370788574 61.6790809631348 60.4128456115723 59.007568359375 59.1895599365234 59.0683174133301 60.8073654174805 61.458740234375 62.0899124145508 61.1005058288574 60.9332389831543 62.9693183898926 61.4533729553223 60.9296684265137 61.0035743713379 61.1605377197266 60.4359893798828 59.5694732666016 58.7450180053711 58.0742683410645 57.1828002929688 57.1378059387207 57.1280326843262 56.7369613647461 56.200813293457 55.5615463256836 54.9330520629883 54.3152122497559 54.058219909668 54.2512969970703
-3.4e+38 -3.4e+38 -3.4e+38 -3.4e+38 -3.4e+38 -3.4e+38 -3.4e+38 -3.4e+38 -3.4e+38 -3.4e+38 -3.4e+38 -3.4e+38 -3.4e+38 -3.4e+38 -3.4e+38 -3.4e+38 -3.4e+38 -3.4e+38 -3.4e+38 -3.4e+38 57.8043746948242 70.606689453125 69.0572967529297 67.7108001708984 65.1393737792969 63.4641036987305 62.2170524597168 61.7996520996094 63.0760612487793 63.7195625305176 64.1745376586914 63.4864845275879 61.3717460632324 60.3614387512207 61.0285110473633 60.791820526123 60.1392784118652 60.3533897399902 60.5160827636719 60.3324508666992 59.9860153198242 59.4505348205566 58.7446784973145 58.1986236572266 57.834831237793 57.5744934082031 57.1189651489258 56.6002006530762 56.0222091674805 55.4970436096191 55.1214942932129 54.7946624755859 54.5756072998047
-3.4e+38 -3.4e+38 -3.4e+38 -3.4e+38 -3.4e+38 -3.4e+38 -3.4e+38 -3.4e+38 -3.4e+38 -3.4e+38 -3.4e+38 -3.4e+38 -3.4e+38 -3.4e+38 -3.4e+38 -3.4e+38 -3.4e+38 -3.4e+38 -3.4e+38 -3.4e+38 -3.4e+38 -3.4e+38 72.6299057006836 73.2632064819336 69.1548309326172 66.4772720336914 65.1078186035156 64.5070571899414 64.621208190918 64.4603729248047 64.659049987793 64.0813751220703 62.2216491699219 60.4044303894043 60.3406372070312 58.8075637817383 59.0315017700195 59.635871887207 59.8494453430176 59.8702049255371 60.0177230834961 59.8480987548828 59.4045753479004 58.9283294677734 58.4664726257324 58.043270111084 57.4985542297363 56.9586563110352 56.4575614929199 56.0263328552246 55.7759552001953 55.395824432373 54.9581451416016
-3.4e+38 -3.4e+38 -3.4e+38 -3.4e+38 -3.4e+38 -3.4e+38 -3.4e+38 -3.4e+38 -3.4e+38 -3.4e+38 -3.4e+38 -3.4e+38 -3.4e+38 -3.4e+38 -3.4e+38 -3.4e+38 -3.4e+38 -3.4e+38 -3.4e+38 -3.4e+38 -3.4e+38 -3.4e+38 -3.4e+38 -3.4e+38 71.1491012573242 68.9681549072266 66.7342224121094 65.1802673339844 64.6067199707031 64.8129272460938 64.2908172607422 63.3068237304688 63.3509941101074 62.6520462036133 60.7389831542969 59.245433807373 58.4509086608887 59.0848541259766 58.7017059326172 59.0346527099609 59.5383110046387 59.6731452941895 59.7221527099609 59.5989685058594 59.0157585144043 58.3956336975098 57.7833709716797 57.217845916748 56.7765007019043 56.3637275695801 56.0942916870117 55.715518951416 55.2828216552734
-3.4e+38 -3.4e+38 -3.4e+38 -3.4e+38 -3.4e+38 -3.4e+38 -3.4e+38 -3.4e+38 -3.4e+38 -3.4e+38 -3.4e+38 -3.4e+38 -3.4e+38 -3.4e+38 -3.4e+38 -3.4e+38 -3.4e+38 -3.4e+38 -3.4e+38 -3.4e+38 -3.4e+38 -3.4e+38 -3.4e+38 -3.4e+38 -3.4e+38 -3.4e+38 68.3378524780273 65.9901580810547 64.9571151733398 65.9697647094727 65.1543731689453 64.0483016967773 63.6363487243652 63.117790222168 61.1833572387695 58.9869995117188 58.2726440429688 58.1418342590332 58.3301010131836 58.3802719116211 58.7795677185059 59.0672492980957 59.3829879760742 59.6007499694824 59.272087097168 58.6934547424316 58.0669326782227 57.4003982543945 56.8676414489746 56.4742584228516 56.281665802002 55.9627456665039 55.5528373718262
-3.4e+38 -3.4e+38 -3.4e+38 -3.4e+38 -3.4e+38 -3.4e+38 -3.4e+38 -3.4e+38 -3.4e+38 -3.4e+38 -3.4e+38 -3.4e+38 -3.4e+38 -3.4e+38 -3.4e+38 -3.4e+38 -3.4e+38 -3.4e+38 -3.4e+38 -3.4e+38 -3.4e+38 -3.4e+38 -3.4e+38 -3.4e+38 -3.4e+38 -3.4e+38 -3.4e+38 -3.4e+38 68.6764984130859 67.665397644043 66.1766052246094 65.0727920532227 63.9100112915039 61.7831573486328 61.0230827331543 60.1212730407715 58.9469909667969 57.9431037902832 56.0765762329102 57.7551727294922 57.9144706726074 58.1107063293457 59.0194854736328 59.1793022155762 59.1505432128906 58.9254951477051 58.3270149230957 57.4995231628418 56.7414970397949 56.5495529174805 56.4457397460938 56.1785087585449 55.8541107177734
-3.4e+38 -3.4e+38 -3.4e+38 -3.4e+38 -3.4e+38 -3.4e+38 -3.4e+38 -3.4e+38 -3.4e+38 -3.4e+38 -3.4e+38 -3.4e+38 -3.4e+38 -3.4e+38 -3.4e+38 -3.4e+38 -3.4e+38 -3.4e+38 -3.4e+38 -3.4e+38 -3.4e+38 -3.4e+38 -3.4e+38 -3.4e+38 -3.4e+38 -3.4e+38 -3.4e+38 -3.4e+38 72.7158889770508 70.1026306152344 68.2985305786133 66.6444549560547 65.3233184814453 62.9359512329102 61.6679954528809 60.7569351196289 59.8083610534668 59.0613288879395 58.174976348877 58.242992401123 57.8210716247559 58.2790336608887 59.3746147155762 59.1532020568848 59.0520668029785 58.3779525756836 57.9119873046875 57.5365791320801 56.9214782714844 56.857738494873 56.8504829406738 56.579174041748 56.128963470459
-3.4e+38 -3.4e+38 -3.4e+38 -3.4e+38 -3.4e+38 -3.4e+38 -3.4e+38 -3.4e+38 -3.4e+38 -3.4e+38 -3.4e+38 -3.4e+38 -3.4e+38 -3.4e+38 -3.4e+38 -3.4e+38 -3.4e+38 -3.4e+38 -3.4e+38 -3.4e+38 -3.4e+38 -3.4e+38 -3.4e+38 -3.4e+38 -3.4e+38 -3.4e+38 -3.4e+38 -3.4e+38 -3.4e+38 -3.4e+38 71.6438903808594 69.0811309814453 67.3599090576172 64.7768020629883 62.2300338745117 61.1409492492676 60.3608665466309 60.3187561035156 61.0437316894531 60.107795715332 59.4194641113281 59.3813552856445 59.5570831298828 59.3369178771973 58.5724716186523 56.870288848877 56.3320083618164 57.1425323486328 57.2352409362793 57.1852226257324 57.4285163879395 57.1788482666016 56.5079956054688
-3.4e+38 -3.4e+38 -3.4e+38 -3.4e+38 -3.4e+38 -3.4e+38 -3.4e+38 -3.4e+38 -3.4e+38 -3.4e+38 -3.4e+38 -3.4e+38 -3.4e+38 -3.4e+38 -3.4e+38 -3.4e+38 -3.4e+38 -3.4e+38 -3.4e+38 -3.4e+38 -3.4e+38 -3.4e+38 -3.4e+38 -3.4e+38 -3.4e+38 -3.4e+38 -3.4e+38 -3.4e+38 -3.4e+38 -3.4e+38 74.8933944702148 71.4834442138672 68.1734390258789 64.3693237304688 61.5444564819336 59.9282760620117 59.3227233886719 60.1855888366699 60.7957801818848 60.8915939331055 61.1987228393555 60.9291801452637 60.2373428344727 59.4064254760742 58.8953399658203 58.0756034851074 57.4236335754395 57.0577049255371 56.6615867614746 56.8185234069824 57.2094612121582 57.3725547790527 57.0712738037109
-3.4e+38 -3.4e+38 -3.4e+38 -3.4e+38 -3.4e+38 -3.4e+38 -3.4e+38 -3.4e+38 -3.4e+38 -3.4e+38 -3.4e+38 -3.4e+38 -3.4e+38 -3.4e+38 -3.4e+38 -3.4e+38 -3.4e+38 -3.4e+38 -3.4e+38 -3.4e+38 -3.4e+38 -3.4e+38 -3.4e+38 -3.4e+38 -3.4e+38 -3.4e+38 -3.4e+38 -3.4e+38 -3.4e+38 -3.4e+38 -3.4e+38 73.5541610717773 68.3367462158203 62.6791877746582 59.7297897338867 57.3666229248047 56.872371673584 58.7222480773926 59.3175354003906 60.6344337463379 62.089916229248 62.1956443786621 60.5368118286133 58.7088623046875 59.4701385498047 60.4446029663086 59.8367576599121 57.8410110473633 55.789722442627 56.0637435913086 56.2306518554688 56.618106842041 57.4842109680176
