meets/meet004/selection/CCSM_21k_am_bio17.asc
NCOLS 154 
NROWS 168 
XLLCORNER -112 
YLLCORNER -55.5 
CELLSIZE 0.5 
NODATA_value -3.4e+38 
[rows 48 to 71 of 168, columns 53 to 105 of 154]
-3.4e+38 -3.4e+38 -3.4e+38 -3.4e+38 -3.4e+38 -3.4e+38 -3.4e+38 -3.4e+38 -3.4e+38 -3.4e+38 -3.4e+38 -3.4e+38 -3.4e+38 -3.4e+38 -3.4e+38 -3.4e+38 679.896789550781 493.604644775391 331.116790771484 232.392303466797 154.571975708008 119.174285888672 95.3524551391602 82.5431900024414 73.2982406616211 64.0840835571289 58.904239654541 53.6084289550781 51.887866973877 61.0241889953613 71.6541748046875 83.8649368286133 99.4290390014648 108.693908691406 107.040657043457 95.6258697509766 84.805046081543 73.5446243286133 62.6314964294434 56.3762588500977 54.5801811218262 55.0648155212402 57.7909355163574 63.0412063598633 61.6340866088867 62.7278213500977 62.3390579223633 65.9985122680664 71.9249572753906 87.7038726806641 107.301132202148 119.862045288086 126.460807800293
-3.4e+38 -3.4e+38 -3.4e+38 -3.4e+38 -3.4e+38 -3.4e+38 -3.4e+38 -3.4e+38 -3.4e+38 -3.4e+38 -3.4e+38 -3.4e+38 -3.4e+38 -3.4e+38 -3.4e+38 -3.4e+38 700.145690917969 522.364135742188 355.8857421875 242.00341796875 169.505462646484 134.520736694336 110.976913452148 98.1044006347656 85.6259613037109 73.9577941894531 70.8851013183594 72.1707611083984 76.6882781982422 89.2490158081055 109.6484375 130.831115722656 148.765350341797 162.320251464844 152.920516967773 137.386184692383 113.627983093262 89.152946472168 68.6736907958984 55.8763694763184 48.3958282470703 43.9394760131836 42.8598175048828 43.5301551818848 44.1140060424805 45.2906723022461 45.1846466064453 46.6960220336914 51.2646789550781 62.9062538146973 76.1011352539062 88.8395462036133 99.4660339355469
-3.4e+38 -3.4e+38 -3.4e+38 -3.4e+38 -3.4e+38 -3.4e+38 -3.4e+38 -3.4e+38 -3.4e+38 -3.4e+38 -3.4e+38 -3.4e+38 -3.4e+38 -3.4e+38 -3.4e+38 -3.4e+38 707.149597167969 517.927001953125 353.282745361328 253.223678588867 184.686676025391 147.806640625 128.921112060547 118.346542358398 106.648452758789 91.7905731201172 92.7704238891602 99.788330078125 109.237197875977 134.88151550293 162.833297729492 193.198303222656 221.953674316406 237.808197021484 216.399887084961 186.524505615234 146.917556762695 107.960418701172 73.0694732666016 57.864185333252 44.8581428527832 36.7404632568359 33.3349075317383 29.6008186340332 31.2119216918945 33.066722869873 33.5312767028809 34.0816879272461 35.1758270263672 45.9216918945312 55.8068389892578 67.0541763305664 79.7014236450195
-3.4e+38 -3.4e+38 -3.4e+38 -3.4e+38 -3.4e+38 -3.4e+38 -3.4e+38 -3.4e+38 -3.4e+38 -3.4e+38 -3.4e+38 -3.4e+38 -3.4e+38 -3.4e+38 -3.4e+38 -3.4e+38 634.014221191406 495.171051025391 362.027526855469 268.044219970703 205.13850402832 172.369827270508 149.715148925781 137.852737426758 130.328826904297 123.479934692383 127.053527832031 140.261108398438 155.929763793945 185.853500366211 223.114837646484 257.788940429688 286.049835205078 300.943389892578 271.440093994141 233.591232299805 185.18684387207 129.282089233398 92.485595703125 65.2791061401367 48.8970527648926 39.4211616516113 32.8127517700195 30.4065380096436 28.569881439209 30.4880352020264 31.2226581573486 32.7394752502441 38.2165489196777 45.5798301696777 55.5146179199219 65.8512420654297 77.1777877807617
-3.4e+38 -3.4e+38 -3.4e+38 -3.4e+38 -3.4e+38 -3.4e+38 -3.4e+38 -3.4e+38 -3.4e+38 -3.4e+38 -3.4e+38 -3.4e+38 -3.4e+38 -3.4e+38 610.267944335938 561.716613769531 547.978759765625 480.027038574219 373.109649658203 305.685119628906 237.349563598633 198.665100097656 173.7578125 165.928756713867 166.16911315918 161.915023803711 172.946487426758 196.476684570312 215.051849365234 255.855270385742 295.831115722656 335.096618652344 372.926696777344 380.821594238281 346.669158935547 283.649597167969 220.164535522461 155.964797973633 107.854202270508 76.3189392089844 56.6577110290527 44.8858642578125 36.424373626709 33.2702713012695 30.6723098754883 32.4181327819824 33.834888458252 37.421558380127 43.625171661377 50.844539642334 63.4912414550781 73.8280715942383 82.9551849365234
-3.4e+38 -3.4e+38 -3.4e+38 -3.4e+38 -3.4e+38 -3.4e+38 -3.4e+38 -3.4e+38 -3.4e+38 -3.4e+38 -3.4e+38 -3.4e+38 -3.4e+38 568.907775878906 518.634887695312 457.227294921875 462.490264892578 492.484741210938 437.086517333984 353.428253173828 278.953430175781 238.717437744141 213.192108154297 196.991790771484 201.203414916992 211.03288269043 226.198257446289 250.384979248047 279.618194580078 321.9482421875 367.325042724609 405.858123779297 434.677642822266 436.401306152344 388.738189697266 320.409545898438 251.705688476562 181.438598632812 125.69702911377 91.0660171508789 66.7276077270508 54.629810333252 46.9234466552734 41.9259910583496 40.6406898498535 40.2527503967285 42.0798835754395 47.824291229248 55.8382225036621 65.2300796508789 77.1050033569336 87.2212524414062 97.9215621948242
-3.4e+38 -3.4e+38 -3.4e+38 -3.4e+38 -3.4e+38 -3.4e+38 -3.4e+38 -3.4e+38 -3.4e+38 -3.4e+38 -3.4e+38 -3.4e+38 -3.4e+38 455.831970214844 395.917388916016 360.137878417969 411.203735351562 472.174926757812 493.480987548828 412.714599609375 326.695098876953 282.572174072266 256.261138916016 243.363906860352 259.010375976562 266.262847900391 286.940856933594 323.912933349609 351.672302246094 400.254608154297 444.458374023438 479.622100830078 504.348236083984 499.438049316406 446.993499755859 361.068725585938 284.6982421875 209.566177368164 145.11262512207 115.091361999512 84.0992202758789 69.6280212402344 62.4097557067871 55.4215850830078 54.4662055969238 54.1118392944336 57.0273933410645 65.2092971801758 72.3180541992188 84.4150390625 97.7320404052734 108.867767333984 120.582145690918
-3.4e+38 -3.4e+38 -3.4e+38 -3.4e+38 -3.4e+38 -3.4e+38 -3.4e+38 -3.4e+38 -3.4e+38 -3.4e+38 -3.4e+38 540.720886230469 458.564544677734 362.674896240234 338.084106445312 318.1455078125 362.859130859375 442.001373291016 507.467315673828 455.789642333984 373.653076171875 332.485687255859 321.621826171875 311.023132324219 317.275207519531 331.846771240234 349.700561523438 383.344421386719 424.993194580078 467.649810791016 512.709106445312 545.5107421875 548.767395019531 535.738708496094 470.985992431641 396.033264160156 313.077972412109 234.857574462891 171.208450317383 131.672668457031 103.950393676758 88.9836654663086 78.4665908813477 72.7972030639648 72.440559387207 73.1956787109375 77.7876129150391 85.1141357421875 94.6206970214844 107.815956115723 123.787147521973 135.34944152832 144.984191894531
-3.4e+38 -3.4e+38 -3.4e+38 -3.4e+38 -3.4e+38 -3.4e+38 -3.4e+38 -3.4e+38 -3.4e+38 -3.4e+38 -3.4e+38 458.477020263672 363.649047851562 282.927703857422 266.561431884766 268.086730957031 338.230834960938 406.503875732422 456.616912841797 460.2138671875 421.590148925781 389.951080322266 381.480560302734 386.754180908203 395.624603271484 395.767822265625 417.857025146484 464.794830322266 506.5751953125 540.095031738281 573.685607910156 590.4111328125 591.68603515625 571.559387207031 502.625671386719 417.127960205078 340.569671630859 262.239898681641 203.642349243164 164.506210327148 127.947769165039 112.284568786621 104.373199462891 99.7506484985352 99.8530349731445 101.417762756348 107.303718566895 119.974868774414 130.142593383789 144.851501464844 160.524124145508 173.870468139648 187.698181152344
-3.4e+38 -3.4e+38 -3.4e+38 -3.4e+38 -3.4e+38 -3.4e+38 -3.4e+38 -3.4e+38 -3.4e+38 -3.4e+38 448.698211669922 381.899841308594 308.551605224609 241.654510498047 220.363220214844 232.156921386719 304.766906738281 369.170806884766 413.292358398438 412.558654785156 412.823364257812 399.569122314453 433.998931884766 457.898315429688 466.862182617188 474.912902832031 495.371734619141 530.317626953125 547.414978027344 551.262512207031 549.661987304688 556.753479003906 565.675964355469 572.674865722656 515.738708496094 436.466522216797 363.198791503906 288.002899169922 233.564743041992 193.321441650391 158.758941650391 142.425979614258 133.352554321289 128.074661254883 132.135498046875 139.389022827148 148.429763793945 161.244537353516 173.9208984375 191.674377441406 213.410781860352 226.412109375 239.949111938477
-3.4e+38 -3.4e+38 -3.4e+38 -3.4e+38 -3.4e+38 -3.4e+38 -3.4e+38 -3.4e+38 -3.4e+38 -3.4e+38 386.779907226562 317.718048095703 239.961120605469 189.16960144043 182.234146118164 210.893508911133 267.405487060547 316.118347167969 347.741851806641 354.145080566406 360.701812744141 366.229553222656 387.1416015625 417.232086181641 442.732208251953 467.785064697266 466.815093994141 466.478637695312 473.744812011719 473.569122314453 484.241546630859 483.114532470703 477.178863525391 482.867889404297 486.458831787109 444.618621826172 381.429840087891 319.781280517578 268.288940429688 229.780776977539 196.199066162109 182.967056274414 179.152328491211 175.17057800293 183.483200073242 190.564910888672 203.136245727539 222.558670043945 240.64421081543 264.973571777344 284.118621826172 302.089050292969 319.314880371094
-3.4e+38 -3.4e+38 -3.4e+38 -3.4e+38 -3.4e+38 -3.4e+38 -3.4e+38 -3.4e+38 -3.4e+38 358.96728515625 315.590423583984 246.56608581543 195.221466064453 155.47248840332 161.06494140625 189.978149414062 245.029998779297 283.154510498047 309.763854980469 312.375701904297 319.512451171875 321.403747558594 347.137817382812 380.558654785156 395.246826171875 411.070709228516 412.576293945312 416.615325927734 418.003753662109 421.401062011719 417.32763671875 418.002502441406 426.247863769531 424.514739990234 434.538757324219 439.716644287109 393.391662597656 339.487670898438 298.767913818359 270.306182861328 243.878005981445 233.214324951172 228.776718139648 232.048477172852 240.295700073242 257.660980224609 273.497100830078 297.147308349609 321.555633544922 344.745544433594 379.414306640625 398.507293701172 417.166259765625
-3.4e+38 -3.4e+38 -3.4e+38 -3.4e+38 -3.4e+38 -3.4e+38 -3.4e+38 -3.4e+38 -3.4e+38 297.438262939453 248.898254394531 194.200347900391 154.702377319336 131.373825073242 141.72932434082 176.325424194336 216.130722045898 245.477005004883 267.206207275391 278.490112304688 286.094543457031 290.826354980469 305.815216064453 329.424896240234 344.124267578125 358.564056396484 356.095581054688 353.962982177734 357.693267822266 355.294738769531 357.445770263672 357.348419189453 358.318481445312 365.648864746094 370.172576904297 380.416564941406 387.393493652344 371.271362304688 336.1630859375 312.498229980469 294.021453857422 290.150360107422 293.343475341797 299.0849609375 317.348785400391 336.665588378906 357.456604003906 389.809936523438 388.340606689453 375.520721435547 368.085052490234 362.550689697266 351.388458251953
-3.4e+38 -3.4e+38 -3.4e+38 -3.4e+38 -3.4e+38 -3.4e+38 -3.4e+38 -3.4e+38 -3.4e+38 250.65657043457 210.676986694336 155.952621459961 128.512420654297 114.666282653809 131.263198852539 159.880676269531 199.362915039062 225.383834838867 244.745758056641 249.742446899414 257.086151123047 260.870910644531 278.080017089844 300.102294921875 307.203125 317.088531494141 315.099273681641 315.983734130859 314.750579833984 317.211151123047 314.539520263672 315.729156494141 321.514862060547 321.282745361328 331.694946289062 335.804962158203 343.426025390625 356.36572265625 358.50244140625 353.5439453125 344.502136230469 344.092834472656 351.915130615234 368.814117431641 373.872222900391 364.239410400391 356.462219238281 347.194000244141 333.460876464844 328.941680908203 316.392730712891 310.904479980469 305.587127685547
-3.4e+38 -3.4e+38 -3.4e+38 -3.4e+38 -3.4e+38 -3.4e+38 -3.4e+38 -3.4e+38 -3.4e+38 -3.4e+38 156.385482788086 125.765632629395 108.803451538086 108.01774597168 126.302421569824 152.624877929688 180.741104125977 200.016250610352 215.221435546875 222.483245849609 231.372802734375 237.449325561523 248.521728515625 262.284149169922 269.977722167969 277.723907470703 275.174682617188 271.370788574219 272.701995849609 270.305694580078 271.966003417969 272.181823730469 272.813751220703 278.26318359375 281.512237548828 289.793395996094 294.627807617188 300.729522705078 309.896911621094 315.292083740234 322.707305908203 324.012878417969 323.102203369141 324.175628662109 317.391265869141 311.837768554688 303.552886962891 291.315979003906 283.551055908203 272.24462890625 265.883087158203 261.336303710938 254.108627319336
-3.4e+38 -3.4e+38 -3.4e+38 -3.4e+38 -3.4e+38 -3.4e+38 -3.4e+38 -3.4e+38 -3.4e+38 -3.4e+38 -3.4e+38 106.980453491211 99.0545349121094 100.320014953613 122.443077087402 144.557037353516 171.120544433594 187.131057739258 199.081481933594 203.49348449707 214.347854614258 220.573913574219 234.312728881836 245.056060791016 248.817657470703 250.466384887695 248.347808837891 246.235458374023 243.19465637207 243.462615966797 240.655151367188 241.209411621094 243.792282104492 244.140930175781 250.904541015625 255.680526733398 261.268707275391 269.736541748047 274.252960205078 281.461547851562 286.199981689453 287.715423583984 290.367004394531 286.408386230469 283.775054931641 275.822174072266 267.815490722656 259.086212158203 248.021591186523 242.110977172852 232.531158447266 227.914947509766 222.674423217773
-3.4e+38 -3.4e+38 -3.4e+38 -3.4e+38 -3.4e+38 -3.4e+38 -3.4e+38 -3.4e+38 -3.4e+38 113.508743286133 106.285911560059 97.8874282836914 99.8293685913086 107.739669799805 124.004173278809 141.369689941406 159.253982543945 170.984146118164 179.912536621094 190.481536865234 199.780624389648 206.832122802734 214.883102416992 222.408340454102 224.949279785156 226.729537963867 223.141235351562 217.647109985352 215.288238525391 211.602432250977 210.662780761719 209.95866394043 209.53498840332 212.366821289062 215.26579284668 221.107574462891 224.837188720703 230.221313476562 237.494323730469 242.656677246094 249.019927978516 250.148635864258 250.583267211914 250.901931762695 245.709625244141 240.810409545898 233.88151550293 223.999938964844 216.715194702148 207.167709350586 200.660583496094 196.073150634766 188.199859619141
-3.4e+38 -3.4e+38 -3.4e+38 -3.4e+38 -3.4e+38 -3.4e+38 -3.4e+38 -3.4e+38 90.8622207641602 97.7321701049805 89.9788513183594 90.4425735473633 98.0039138793945 104.172096252441 124.792518615723 140.626892089844 154.701309204102 166.227462768555 169.38151550293 179.431884765625 187.42236328125 193.557006835938 207.693984985352 211.852340698242 210.726974487305 209.91682434082 205.210830688477 199.615432739258 194.787109375 192.131256103516 187.908233642578 185.196334838867 185.697647094727 185.990982055664 188.864700317383 192.506149291992 195.646514892578 203.904037475586 207.395080566406 212.260208129883 218.124053955078 219.758087158203 223.985382080078 222.345733642578 219.155502319336 213.641128540039 208.184875488281 200.169891357422 192.356262207031 186.274566650391 176.856857299805 171.524612426758 164.076766967773
-3.4e+38 -3.4e+38 -3.4e+38 -3.4e+38 -3.4e+38 -3.4e+38 -3.4e+38 -3.4e+38 74.9562911987305 78.6740493774414 84.4884262084961 86.8190307617188 94.4590225219727 107.907325744629 124.121597290039 134.279663085938 146.993469238281 156.776977539062 160.087203979492 169.308532714844 181.794738769531 188.106826782227 191.663482666016 198.679244995117 200.445816040039 198.016662597656 192.926208496094 185.815612792969 180.236602783203 174.433013916016 170.128890991211 167.558715820312 165.410247802734 165.349365234375 166.813980102539 170.266754150391 173.008834838867 177.63606262207 183.159210205078 188.065322875977 193.635772705078 195.247711181641 197.435394287109 198.987670898438 196.598571777344 193.743865966797 188.693267822266 181.204040527344 174.780334472656 166.44287109375 159.340927124023 154.365875244141 146.334335327148
-3.4e+38 -3.4e+38 -3.4e+38 -3.4e+38 -3.4e+38 -3.4e+38 -3.4e+38 -3.4e+38 -3.4e+38 73.4309616088867 80.8174285888672 84.2402267456055 87.4167785644531 100.404983520508 110.901824951172 129.51789855957 145.37223815918 154.995803833008 156.663528442383 164.035003662109 174.245971679688 176.237747192383 182.889511108398 193.154937744141 190.860153198242 188.753204345703 182.509780883789 174.683578491211 168.337768554688 162.188537597656 156.096282958984 151.438446044922 148.33659362793 147.512084960938 147.193969726562 149.774353027344 151.410247802734 155.462265014648 160.464981079102 163.64811706543 169.537170410156 171.9052734375 174.835174560547 177.625946044922 175.412094116211 174.19450378418 171.010330200195 164.235305786133 159.067962646484 151.674942016602 144.354019165039 138.780090332031 130.621688842773
-3.4e+38 -3.4e+38 -3.4e+38 -3.4e+38 -3.4e+38 -3.4e+38 -3.4e+38 -3.4e+38 -3.4e+38 69.6010284423828 74.598503112793 77.4741287231445 84.7405776977539 97.0959930419922 109.42512512207 125.974105834961 143.314086914062 157.229156494141 162.522521972656 164.728698730469 169.922470092773 171.452590942383 175.249496459961 181.936050415039 184.386932373047 182.285751342773 175.520492553711 167.18473815918 160.475067138672 152.712188720703 145.593841552734 141.070449829102 136.824493408203 134.123794555664 133.246002197266 133.824630737305 135.054183959961 138.120315551758 141.96858215332 146.026763916016 150.622833251953 152.678466796875 156.126693725586 159.131698608398 159.398071289062 159.316665649414 156.640289306641 151.736602783203 147.344512939453 140.027114868164 133.075866699219 127.784072875977 120.145462036133
-3.4e+38 -3.4e+38 -3.4e+38 -3.4e+38 -3.4e+38 -3.4e+38 -3.4e+38 -3.4e+38 -3.4e+38 64.9180145263672 70.6222076416016 71.6902542114258 78.3934173583984 82.8788452148438 102.155204772949 122.825523376465 149.700820922852 165.003265380859 171.313247680664 165.596267700195 164.74674987793 158.645233154297 165.233337402344 176.800842285156 174.519821166992 175.519775390625 168.472640991211 158.927688598633 153.853515625 145.314804077148 137.592864990234 131.265045166016 124.959632873535 123.02033996582 119.119522094727 119.378433227539 119.126899719238 120.566886901855 124.414527893066 125.13924407959 131.531661987305 133.970291137695 136.370178222656 141.572219848633 140.004928588867 143.392501831055 142.671005249023 137.260101318359 135.904205322266 128.556579589844 123.095642089844 117.48518371582 107.905563354492
-3.4e+38 -3.4e+38 -3.4e+38 -3.4e+38 -3.4e+38 -3.4e+38 -3.4e+38 -3.4e+38 -3.4e+38 -3.4e+38 -3.4e+38 66.59765625 70.6886825561523 77.5998001098633 95.8269500732422 121.605972290039 150.707626342773 170.460922241211 178.067260742188 171.246841430664 160.482894897461 154.748168945312 159.83171081543 164.78303527832 169.335159301758 169.892852783203 162.39387512207 155.173904418945 148.249465942383 139.977584838867 131.096374511719 125.076515197754 118.992393493652 113.912551879883 110.805564880371 108.157646179199 107.602577209473 108.881935119629 110.472427368164 113.402961730957 116.676307678223 118.718002319336 122.672103881836 126.120147705078 128.695526123047 130.584259033203 130.250518798828 128.793960571289 126.498718261719 121.357131958008 115.423622131348 110.346015930176 103.308769226074
-3.4e+38 -3.4e+38 -3.4e+38 -3.4e+38 -3.4e+38 -3.4e+38 -3.4e+38 -3.4e+38 -3.4e+38 -3.4e+38 -3.4e+38 60.7486419677734 61.9299659729004 64.917366027832 85.8047943115234 118.122428894043 156.296524047852 178.172119140625 185.700820922852 172.36653137207 156.585021972656 143.994705200195 146.954406738281 157.396926879883 158.090270996094 161.66374206543 156.004196166992 148.466796875 143.734527587891 135.714294433594 126.429008483887 119.343620300293 111.711570739746 107.349464416504 102.100532531738 98.8700561523438 96.406982421875 95.9609375 97.1678466796875 97.4622116088867 101.660011291504 103.442123413086 106.266304016113 111.023826599121 111.569511413574 115.984916687012 117.029876708984 115.369827270508 115.839599609375 111.109901428223 106.798545837402 102.122489929199 93.3339767456055
