meets/meet004/selection/CCSM_0k_am_bio17.asc
NCOLS 154 
NROWS 168 
XLLCORNER -112 
YLLCORNER -55.5 
CELLSIZE 0.5 
NODATA_value -3.4e+38 
[rows 48 to 71 of 168, columns 53 to 105 of 154]
-3.4e+38 -3.4e+38 -3.4e+38 -3.4e+38 -3.4e+38 -3.4e+38 -3.4e+38 -3.4e+38 -3.4e+38 -3.4e+38 -3.4e+38 -3.4e+38 -3.4e+38 -3.4e+38 -3.4e+38 -3.4e+38 749.97314453125 579.359680175781 409.669891357422 296.824615478516 206.312255859375 160.996536254883 141.448623657227 128.285385131836 128.360931396484 130.631576538086 133.886535644531 141.597030639648 149.046661376953 173.167175292969 197.735366821289 228.589767456055 264.380157470703 285.236419677734 272.210418701172 240.256912231445 202.48014831543 160.044067382812 123.749336242676 103.044952392578 89.7594146728516 85.7703857421875 85.2490997314453 89.6920547485352 86.9606018066406 86.7172546386719 86.0779800415039 87.6488876342773 93.9224548339844 113.340721130371 138.702758789062 157.869598388672 171.661239624023
-3.4e+38 -3.4e+38 -3.4e+38 -3.4e+38 -3.4e+38 -3.4e+38 -3.4e+38 -3.4e+38 -3.4e+38 -3.4e+38 -3.4e+38 -3.4e+38 -3.4e+38 -3.4e+38 -3.4e+38 -3.4e+38 769.511962890625 599.5087890625 432.353363037109 309.454650878906 223.617233276367 181.773208618164 164.911376953125 158.615615844727 157.167785644531 156.513870239258 163.909866333008 181.005615234375 201.950134277344 232.659591674805 269.087097167969 310.1552734375 351.000732421875 372.450134277344 356.718383789062 317.151580810547 263.35009765625 202.631698608398 149.339935302734 115.388870239258 92.8275451660156 81.4151229858398 75.8611602783203 72.9007568359375 71.9481811523438 71.1444854736328 69.9602432250977 69.8465805053711 74.7410507202148 89.2636108398438 106.663108825684 124.726707458496 142.79508972168
-3.4e+38 -3.4e+38 -3.4e+38 -3.4e+38 -3.4e+38 -3.4e+38 -3.4e+38 -3.4e+38 -3.4e+38 -3.4e+38 -3.4e+38 -3.4e+38 -3.4e+38 -3.4e+38 -3.4e+38 -3.4e+38 640.609375 542.795104980469 423.374328613281 316.023040771484 237.894470214844 201.705551147461 192.37678527832 192.089767456055 191.963073730469 191.995391845703 204.912872314453 233.267990112305 259.573211669922 301.39111328125 345.713592529297 393.314697265625 440.609313964844 470.698211669922 441.115692138672 391.054016113281 323.728424072266 243.934539794922 170.157684326172 131.679962158203 98.4387817382812 80.394157409668 70.9337005615234 59.9087333679199 61.7760620117188 60.1942520141602 59.2569770812988 59.3922424316406 58.6992378234863 73.4590148925781 86.126220703125 102.228782653809 124.529693603516
-3.4e+38 -3.4e+38 -3.4e+38 -3.4e+38 -3.4e+38 -3.4e+38 -3.4e+38 -3.4e+38 -3.4e+38 -3.4e+38 -3.4e+38 -3.4e+38 -3.4e+38 -3.4e+38 -3.4e+38 -3.4e+38 479.615905761719 451.177886962891 417.353942871094 328.542205810547 263.436553955078 230.292984008789 222.599151611328 225.108062744141 233.122787475586 244.966094970703 264.765533447266 295.427398681641 331.012420654297 373.988494873047 422.647674560547 472.306579589844 517.07861328125 536.197204589844 506.320343017578 447.854522705078 370.753051757812 283.779510498047 208.569778442383 155.109436035156 116.180046081543 93.4664611816406 78.0835723876953 67.6479644775391 63.4878540039062 60.8866996765137 60.4234428405762 62.4829711914062 67.2684097290039 78.2737197875977 91.3985443115234 106.925239562988 125.893104553223
-3.4e+38 -3.4e+38 -3.4e+38 -3.4e+38 -3.4e+38 -3.4e+38 -3.4e+38 -3.4e+38 -3.4e+38 -3.4e+38 -3.4e+38 -3.4e+38 -3.4e+38 -3.4e+38 451.076782226562 411.205383300781 392.877990722656 368.048828125 388.812469482422 353.731048583984 294.613922119141 264.441223144531 259.760864257812 264.005859375 282.154266357422 303.679565429688 330.651153564453 367.410736083984 403.891174316406 451.105712890625 499.225250244141 547.403930664062 589.729919433594 606.497436523438 563.603332519531 493.431060791016 408.511901855469 315.772430419922 235.597503662109 180.036911010742 136.630264282227 111.020965576172 93.2008438110352 80.519172668457 74.8252029418945 70.8498840332031 71.1815490722656 76.0199432373047 81.7736053466797 94.5536880493164 109.417282104492 124.457565307617 141.939727783203
-3.4e+38 -3.4e+38 -3.4e+38 -3.4e+38 -3.4e+38 -3.4e+38 -3.4e+38 -3.4e+38 -3.4e+38 -3.4e+38 -3.4e+38 -3.4e+38 -3.4e+38 445.384674072266 389.390563964844 335.870208740234 331.763122558594 373.86279296875 408.049896240234 397.428100585938 342.066040039062 310.423553466797 303.8388671875 310.041748046875 335.318725585938 367.279388427734 399.586547851562 436.535858154297 478.244354248047 524.722351074219 573.174377441406 617.193054199219 648.02685546875 650.754516601562 599.869995117188 520.186767578125 428.813568115234 335.290832519531 254.16780090332 197.488632202148 156.840270996094 131.099960327148 112.971122741699 100.853652954102 93.5999603271484 89.1788635253906 89.8448486328125 96.3557357788086 105.729530334473 119.179954528809 134.941650390625 150.300277709961 166.6298828125
-3.4e+38 -3.4e+38 -3.4e+38 -3.4e+38 -3.4e+38 -3.4e+38 -3.4e+38 -3.4e+38 -3.4e+38 -3.4e+38 -3.4e+38 -3.4e+38 -3.4e+38 365.961090087891 306.712341308594 269.5146484375 304.3232421875 358.181457519531 422.929534912109 445.936004638672 390.962951660156 363.057342529297 362.787567138672 369.864288330078 401.700408935547 434.694610595703 469.038970947266 510.871887207031 552.082092285156 599.448425292969 644.624267578125 651.352416992188 636.806091308594 652.263977050781 622.663391113281 543.047485351562 449.312164306641 355.111450195312 271.985565185547 221.654754638672 180.381927490234 155.466598510742 139.6826171875 127.12296295166 122.086669921875 117.054298400879 119.23356628418 128.388671875 136.782150268555 153.980285644531 169.769485473633 185.109039306641 202.563400268555
-3.4e+38 -3.4e+38 -3.4e+38 -3.4e+38 -3.4e+38 -3.4e+38 -3.4e+38 -3.4e+38 -3.4e+38 -3.4e+38 -3.4e+38 462.086517333984 378.206268310547 296.966491699219 268.780303955078 248.038314819336 276.097625732422 348.934478759766 409.183807373047 448.509887695312 441.534149169922 420.381988525391 433.496490478516 457.131866455078 477.990325927734 501.477752685547 534.301330566406 577.906005859375 582.933044433594 587.105285644531 579.116943359375 577.847106933594 581.835632324219 576.999816894531 569.467346191406 554.191101074219 470.699645996094 379.039581298828 300.953125 247.687942504883 210.252716064453 185.554626464844 169.449401855469 160.806091308594 156.022064208984 155.710708618164 158.98908996582 166.540100097656 177.781478881836 194.169067382812 212.503829956055 228.130889892578 241.693740844727
-3.4e+38 -3.4e+38 -3.4e+38 -3.4e+38 -3.4e+38 -3.4e+38 -3.4e+38 -3.4e+38 -3.4e+38 -3.4e+38 -3.4e+38 396.715301513672 308.563995361328 236.493698120117 219.364074707031 214.91438293457 272.743560791016 340.919219970703 394.392211914062 415.711639404297 441.7197265625 445.979034423828 463.111419677734 486.011627197266 497.517944335938 510.282073974609 509.982696533203 512.482604980469 514.353271484375 514.19921875 518.4345703125 516.057006835938 508.933746337891 503.693023681641 501.371429443359 500.549163818359 494.917510986328 409.287536621094 337.188262939453 288.037841796875 248.316848754883 225.928405761719 213.94010925293 207.122909545898 207.515670776367 208.473785400391 215.178100585938 227.637496948242 237.775924682617 256.324371337891 271.876190185547 286.104187011719 300.487823486328
-3.4e+38 -3.4e+38 -3.4e+38 -3.4e+38 -3.4e+38 -3.4e+38 -3.4e+38 -3.4e+38 -3.4e+38 -3.4e+38 393.290100097656 335.484161376953 267.525207519531 201.590606689453 185.005416870117 197.331207275391 255.789169311523 319.078277587891 373.205535888672 387.074951171875 400.201141357422 402.240997314453 424.217163085938 444.704711914062 449.634765625 456.254638671875 456.52734375 459.481170654297 464.211853027344 461.533752441406 457.000915527344 455.9775390625 455.498046875 456.036437988281 454.810302734375 454.099334716797 451.332458496094 442.997406005859 382.027069091797 334.756072998047 297.107513427734 275.965698242188 267.674865722656 262.47802734375 269.794738769531 278.21630859375 288.212738037109 301.724884033203 314.049896240234 332.950469970703 348.428985595703 362.166839599609 371.591613769531
-3.4e+38 -3.4e+38 -3.4e+38 -3.4e+38 -3.4e+38 -3.4e+38 -3.4e+38 -3.4e+38 -3.4e+38 -3.4e+38 334.569976806641 274.700744628906 207.037628173828 159.635681152344 158.331497192383 183.139389038086 237.523513793945 292.749359130859 335.828125 350.043151855469 362.736602783203 364.548248291016 374.972045898438 390.343139648438 399.326599121094 409.387573242188 405.931243896484 399.868896484375 402.434967041016 400.596374511719 406.352691650391 404.265869140625 395.938140869141 397.560699462891 399.343170166016 409.303131103516 414.363433837891 417.632598876953 429.452575683594 391.857543945312 359.9755859375 345.356597900391 343.985778808594 343.675476074219 357.256225585938 367.718688964844 382.746551513672 402.819610595703 416.707550048828 433.740295410156 433.433685302734 428.600250244141 412.499053955078
-3.4e+38 -3.4e+38 -3.4e+38 -3.4e+38 -3.4e+38 -3.4e+38 -3.4e+38 -3.4e+38 -3.4e+38 315.365570068359 265.660858154297 205.626480102539 166.944763183594 134.372955322266 140.614044189453 173.207275390625 227.074478149414 272.637664794922 311.138946533203 315.460296630859 321.252014160156 324.679229736328 335.329681396484 351.571624755859 356.978149414062 358.183288574219 355.109558105469 357.264251708984 356.622314453125 359.396087646484 357.462219238281 354.764495849609 359.247741699219 358.172821044922 363.530364990234 367.4873046875 371.8603515625 383.548034667969 391.626831054688 401.328887939453 405.489807128906 414.29345703125 418.844085693359 418.010162353516 419.466522216797 412.490661621094 404.653411865234 399.517120361328 387.870513916016 384.966033935547 376.224945068359 371.126373291016 369.191467285156
-3.4e+38 -3.4e+38 -3.4e+38 -3.4e+38 -3.4e+38 -3.4e+38 -3.4e+38 -3.4e+38 -3.4e+38 242.764007568359 200.122161865234 157.258941650391 128.913269042969 113.102195739746 127.523506164551 165.921096801758 208.253768920898 245.513153076172 273.879852294922 285.0546875 290.182495117188 290.018157958984 294.442230224609 303.226379394531 307.565460205078 310.520446777344 307.797546386719 306.166015625 308.461608886719 308.779846191406 311.008666992188 311.191589355469 312.335479736328 316.838806152344 320.486633300781 327.722442626953 332.940704345703 338.904266357422 346.811065673828 350.615325927734 356.572692871094 357.926055908203 355.820220947266 357.692749023438 352.293151855469 349.066558837891 343.503173828125 334.459259033203 329.768829345703 322.656890869141 320.500854492188 318.730804443359 314.799987792969
-3.4e+38 -3.4e+38 -3.4e+38 -3.4e+38 -3.4e+38 -3.4e+38 -3.4e+38 -3.4e+38 -3.4e+38 194.111801147461 160.775634765625 119.37451171875 106.151840209961 99.0727462768555 117.897583007812 153.91389465332 197.709915161133 228.328430175781 255.082641601562 257.403259277344 262.009521484375 261.378723144531 266.069305419922 272.785003662109 275.238250732422 274.845489501953 272.031036376953 273.984649658203 273.275756835938 277.44287109375 277.446075439453 278.040344238281 283.981201171875 285.141906738281 292.110382080078 295.706451416016 301.102752685547 308.796600341797 311.021697998047 316.330535888672 316.579742431641 317.483245849609 317.631805419922 313.149658203125 312.337432861328 303.986480712891 298.477294921875 293.902038574219 285.190582275391 284.391479492188 278.837890625 276.833618164062 278.343444824219
-3.4e+38 -3.4e+38 -3.4e+38 -3.4e+38 -3.4e+38 -3.4e+38 -3.4e+38 -3.4e+38 -3.4e+38 -3.4e+38 116.19686126709 95.3837890625 85.7554092407227 91.9407958984375 115.763084411621 149.782135009766 181.616821289062 207.861297607422 227.182083129883 231.594589233398 236.337921142578 236.135955810547 236.138916015625 239.192749023438 239.656860351562 240.119979858398 238.307601928711 236.965103149414 238.658950805664 239.559280395508 242.708938598633 244.399627685547 247.383117675781 252.369415283203 256.166717529297 262.279846191406 265.849426269531 268.651336669922 273.262298583984 274.131927490234 276.038391113281 275.294708251953 271.189727783203 269.178619384766 262.797576904297 258.385375976562 253.260864257812 245.964370727539 242.425582885742 237.456924438477 236.332107543945 235.493255615234 234.160491943359
-3.4e+38 -3.4e+38 -3.4e+38 -3.4e+38 -3.4e+38 -3.4e+38 -3.4e+38 -3.4e+38 -3.4e+38 -3.4e+38 -3.4e+38 77.0890502929688 76.6987609863281 84.7299957275391 111.633010864258 144.696823120117 176.965484619141 199.12174987793 213.887481689453 214.976318359375 218.498687744141 218.09016418457 217.486770629883 218.503204345703 217.52424621582 215.23844909668 213.3671875 213.347763061523 212.424026489258 214.925323486328 216.131484985352 217.741806030273 222.714782714844 225.063751220703 230.870986938477 234.789749145508 238.559661865234 242.616973876953 244.254837036133 246.107849121094 244.764282226562 243.981170654297 241.596618652344 235.690017700195 233.000366210938 226.077209472656 220.784133911133 216.431564331055 210.183258056641 209.228256225586 205.640548706055 204.845779418945 205.634475708008
-3.4e+38 -3.4e+38 -3.4e+38 -3.4e+38 -3.4e+38 -3.4e+38 -3.4e+38 -3.4e+38 -3.4e+38 81.5957489013672 75.4560089111328 70.0036315917969 75.4451904296875 88.3440399169922 113.036888122559 143.90266418457 167.890472412109 185.07048034668 198.106918334961 201.774475097656 203.241348266602 202.371734619141 199.401580810547 197.45426940918 194.467376708984 192.385192871094 190.220642089844 187.718902587891 187.501403808594 187.614181518555 189.411987304688 191.001159667969 193.629302978516 197.79052734375 201.339065551758 206.047668457031 208.74299621582 210.555297851562 213.106826782227 212.650512695312 212.826507568359 211.227035522461 206.946914672852 203.870254516602 198.265258789062 193.683792114258 189.332305908203 183.694381713867 180.171432495117 176.480102539062 174.926177978516 173.96435546875 172.568008422852
-3.4e+38 -3.4e+38 -3.4e+38 -3.4e+38 -3.4e+38 -3.4e+38 -3.4e+38 -3.4e+38 70.4461135864258 71.1450500488281 64.0668334960938 63.7319526672363 73.8570327758789 84.8081130981445 110.049667358398 142.239456176758 164.630279541016 184.201477050781 191.355514526367 193.675689697266 191.916458129883 189.444915771484 188.690063476562 183.761428833008 181.279037475586 175.432357788086 171.905136108398 170.196792602539 167.626388549805 168.178985595703 167.309356689453 167.676742553711 171.570541381836 173.532348632812 176.947723388672 179.914947509766 181.927261352539 185.52001953125 186.141418457031 186.757949829102 185.546737670898 184.273910522461 181.794006347656 177.948165893555 174.483551025391 168.218704223633 164.312423706055 159.694229125977 155.454360961914 153.742538452148 149.982055664062 148.518524169922 148.339981079102
-3.4e+38 -3.4e+38 -3.4e+38 -3.4e+38 -3.4e+38 -3.4e+38 -3.4e+38 -3.4e+38 60.1186485290527 60.172664642334 61.1222496032715 62.0090713500977 72.8420944213867 86.7965774536133 108.444175720215 135.603088378906 155.741546630859 170.799301147461 179.585861206055 184.105865478516 185.206253051758 183.151000976562 176.959899902344 173.097534179688 169.009857177734 163.878005981445 160.190063476562 155.409088134766 152.779342651367 150.911346435547 150.180938720703 150.216857910156 150.899108886719 153.079299926758 155.137634277344 158.228851318359 160.065185546875 161.383255004883 163.242080688477 163.141998291016 163.472625732422 162.432876586914 159.465911865234 157.179473876953 152.841903686523 149.035278320312 145.331680297852 140.353302001953 136.768325805664 133.100967407227 130.786071777344 129.25309753418 127.212059020996
-3.4e+38 -3.4e+38 -3.4e+38 -3.4e+38 -3.4e+38 -3.4e+38 -3.4e+38 -3.4e+38 -3.4e+38 57.5632476806641 59.8600845336914 61.3774223327637 67.1264343261719 81.1242218017578 97.669303894043 126.174728393555 147.770889282227 164.681732177734 174.298294067383 175.233749389648 177.587509155273 174.076049804688 167.918716430664 165.883071899414 159.789642333984 153.987991333008 148.382553100586 142.886459350586 139.639282226562 136.48811340332 134.679275512695 133.151992797852 132.851989746094 134.363403320312 134.959701538086 137.567794799805 138.432174682617 139.41862487793 141.49250793457 141.027130126953 141.786270141602 141.341033935547 139.014831542969 138.062805175781 134.175521850586 130.912506103516 127.941207885742 122.81160736084 119.777229309082 115.983283996582 113.285278320312 111.135711669922 108.622749328613
-3.4e+38 -3.4e+38 -3.4e+38 -3.4e+38 -3.4e+38 -3.4e+38 -3.4e+38 -3.4e+38 -3.4e+38 56.7992401123047 58.2090187072754 59.2385444641113 66.879638671875 77.4403457641602 93.9513092041016 115.968200683594 137.470230102539 157.960266113281 170.784255981445 172.281158447266 171.784149169922 167.688659667969 163.219329833984 159.160034179688 154.307632446289 147.362289428711 141.521011352539 135.372894287109 130.609039306641 126.851806640625 123.526611328125 121.650802612305 120.31371307373 120.147094726562 120.335548400879 121.235130310059 121.825019836426 122.441856384277 123.537017822266 123.837051391602 124.445205688477 124.239112854004 123.171913146973 122.216850280762 119.72730255127 117.337829589844 114.667922973633 110.627479553223 107.309432983398 103.523582458496 100.33625793457 98.0768585205078 95.3609619140625
-3.4e+38 -3.4e+38 -3.4e+38 -3.4e+38 -3.4e+38 -3.4e+38 -3.4e+38 -3.4e+38 -3.4e+38 55.3082084655762 56.8401985168457 56.2725372314453 62.8520469665527 66.2063674926758 82.8454055786133 105.066612243652 131.356170654297 151.916519165039 170.37890625 165.933486938477 164.445755004883 158.086654663086 154.680786132812 154.183837890625 147.473754882812 140.981704711914 133.645355224609 126.073913574219 122.566093444824 117.109016418457 113.787117004395 110.548568725586 107.238006591797 107.834175109863 105.061584472656 106.637901306152 106.082443237305 104.74243927002 107.035995483398 105.43049621582 107.817443847656 107.928100585938 105.704566955566 107.514862060547 104.367835998535 103.94310760498 102.22811126709 97.2206649780273 95.9627914428711 91.1916656494141 88.9108276367188 86.2575759887695 81.8948211669922
-3.4e+38 -3.4e+38 -3.4e+38 -3.4e+38 -3.4e+38 -3.4e+38 -3.4e+38 -3.4e+38 -3.4e+38 -3.4e+38 -3.4e+38 54.5317115783691 55.8328323364258 60.7610931396484 77.2579803466797 97.1662521362305 122.884559631348 146.927856445312 162.69563293457 162.205291748047 157.690277099609 151.490997314453 149.639511108398 146.747924804688 142.255416870117 135.43293762207 128.15185546875 121.8701171875 115.95059967041 111.408447265625 106.486808776855 103.145660400391 100.288307189941 98.108528137207 96.6456909179688 95.3815765380859 94.6160888671875 94.1526031494141 94.1087112426758 94.2302322387695 94.6480865478516 94.8239288330078 94.9053955078125 94.9307403564453 94.2188568115234 93.3872375488281 92.0356216430664 89.5514907836914 87.1408233642578 83.9562149047852 80.7085418701172 78.1584396362305 75.1438446044922
-3.4e+38 -3.4e+38 -3.4e+38 -3.4e+38 -3.4e+38 -3.4e+38 -3.4e+38 -3.4e+38 -3.4e+38 -3.4e+38 -3.4e+38 48.511116027832 48.6824340820312 50.0124588012695 64.6301498413086 88.9613037109375 117.558906555176 140.473373413086 158.074905395508 152.982971191406 148.880767822266 141.657852172852 137.5380859375 140.109252929688 134.698013305664 128.841247558594 121.410079956055 114.03050994873 109.918281555176 104.689300537109 99.9462966918945 95.8803100585938 91.6563720703125 90.2729873657227 86.9395446777344 85.8428039550781 84.050422668457 81.8961334228516 82.5398635864258 81.0043411254883 82.4101257324219 82.4026336669922 81.4823226928711 83.180419921875 81.8121719360352 82.496467590332 81.9446868896484 79.0689010620117 78.533088684082 75.1569519042969 72.7829818725586 70.2920150756836 66.0639343261719
