meets/meet004/selection/CCSM_21k_am_bio16.asc
NCOLS 154 
NROWS 168 
XLLCORNER -112 
YLLCORNER -55.5 
CELLSIZE 0.5 
NODATA_value -3.4e+38 
[rows 48 to 71 of 168, columns 53 to 105 of 154]
-3.4e+38 -3.4e+38 -3.4e+38 -3.4e+38 -3.4e+38 -3.4e+38 -3.4e+38 -3.4e+38 -3.4e+38 -3.4e+38 -3.4e+38 -3.4e+38 -3.4e+38 -3.4e+38 -3.4e+38 -3.4e+38 1887.57287597656 1721.58654785156 1480.17297363281 1253.8779296875 1014.24865722656 847.442565917969 819.759948730469 921.257080078125 1025.990234375 1123.875 1220.01647949219 1343.697265625 1420.19860839844 1531.54809570312 1703.76550292969 1806.634765625 1913.37365722656 1953.82495117188 1863.88891601562 1716.30090332031 1518.6142578125 1262.54467773438 1081.01782226562 959.610229492188 801.007202148438 753.794738769531 713.640747070312 687.9404296875 668.519409179688 651.519592285156 639.110168457031 645.053283691406 638.754577636719 672.620422363281 715.460693359375 750.862243652344 788.392822265625
-3.4e+38 -3.4e+38 -3.4e+38 -3.4e+38 -3.4e+38 -3.4e+38 -3.4e+38 -3.4e+38 -3.4e+38 -3.4e+38 -3.4e+38 -3.4e+38 -3.4e+38 -3.4e+38 -3.4e+38 -3.4e+38 1738.89794921875 1578.67749023438 1358.14685058594 1166.86047363281 953.780212402344 822.113098144531 810.101623535156 910.399047851562 984.709228515625 1055.09899902344 1102.4150390625 1197.72290039062 1280.23498535156 1406.37609863281 1553.56958007812 1663.69140625 1764.13330078125 1830.21533203125 1772.39343261719 1672.02221679688 1517.04174804688 1298.88696289062 1107.06994628906 956.556579589844 833.216552734375 787.934143066406 747.274230957031 720.521301269531 709.046936035156 704.305847167969 696.860961914062 687.836242675781 699.739013671875 717.884216308594 748.070739746094 775.787780761719 805.093383789062
-3.4e+38 -3.4e+38 -3.4e+38 -3.4e+38 -3.4e+38 -3.4e+38 -3.4e+38 -3.4e+38 -3.4e+38 -3.4e+38 -3.4e+38 -3.4e+38 -3.4e+38 -3.4e+38 -3.4e+38 -3.4e+38 1627.89172363281 1446.01110839844 1242.33349609375 1064.052734375 895.074279785156 771.9326171875 756.607788085938 862.264282226562 895.210632324219 946.3671875 982.483581542969 1061.09387207031 1130.47766113281 1221.18664550781 1369.55517578125 1460.36047363281 1585.84204101562 1648.015625 1633.15759277344 1532.17041015625 1419.37829589844 1208.01110839844 1053.26513671875 933.177612304688 830.462280273438 800.711791992188 774.887268066406 752.041870117188 759.463684082031 759.95947265625 763.140319824219 750.874755859375 756.097717285156 767.200317382812 787.042724609375 797.916870117188 823.832275390625
-3.4e+38 -3.4e+38 -3.4e+38 -3.4e+38 -3.4e+38 -3.4e+38 -3.4e+38 -3.4e+38 -3.4e+38 -3.4e+38 -3.4e+38 -3.4e+38 -3.4e+38 -3.4e+38 -3.4e+38 -3.4e+38 1361.44274902344 1248.56665039062 1080.71936035156 959.414184570312 844.73291015625 766.130798339844 740.392700195312 798.625061035156 839.464172363281 855.515747070312 879.306701660156 953.581970214844 1009.59545898438 1098.21936035156 1201.32080078125 1272.68273925781 1363.32299804688 1420.98352050781 1410.1357421875 1361.29943847656 1263.74108886719 1126.63977050781 1001.29565429688 905.959655761719 826.743286132812 805.242004394531 796.814697265625 783.008239746094 794.538757324219 802.69140625 808.067016601562 807.612243652344 819.481628417969 824.021179199219 825.487731933594 828.004760742188 833.710510253906
-3.4e+38 -3.4e+38 -3.4e+38 -3.4e+38 -3.4e+38 -3.4e+38 -3.4e+38 -3.4e+38 -3.4e+38 -3.4e+38 -3.4e+38 -3.4e+38 -3.4e+38 -3.4e+38 1210.05456542969 1195.92700195312 1162.51892089844 1044.80944824219 932.730346679688 862.739868164062 791.638427734375 736.430114746094 707.628784179688 735.886840820312 740.441833496094 775.875915527344 796.58544921875 840.555480957031 898.024780273438 939.528198242188 1048.22192382812 1094.78515625 1144.26904296875 1219.34912109375 1178.53881835938 1161.17663574219 1098.02404785156 969.929565429688 906.145629882812 859.962280273438 792.012512207031 794.234802246094 801.491577148438 808.514465332031 827.633911132812 832.073120117188 840.704650878906 862.818359375 854.961975097656 857.1923828125 852.653198242188 840.524719238281 826.105285644531
-3.4e+38 -3.4e+38 -3.4e+38 -3.4e+38 -3.4e+38 -3.4e+38 -3.4e+38 -3.4e+38 -3.4e+38 -3.4e+38 -3.4e+38 -3.4e+38 -3.4e+38 1089.45495605469 1092.3291015625 1021.20935058594 956.109130859375 899.968566894531 839.924987792969 797.177185058594 798.121765136719 784.849792480469 763.996154785156 730.863647460938 735.012634277344 739.171691894531 775.271240234375 815.690734863281 855.863708496094 909.954650878906 957.15185546875 1001.55529785156 1061.96752929688 1094.43078613281 1087.330078125 1041.03430175781 977.300659179688 880.765869140625 823.314331054688 792.01953125 765.381530761719 774.214172363281 796.495544433594 808.614440917969 831.660339355469 838.776184082031 845.543701171875 863.443908691406 855.952026367188 853.5693359375 838.851318359375 824.041137695312 808.946105957031
-3.4e+38 -3.4e+38 -3.4e+38 -3.4e+38 -3.4e+38 -3.4e+38 -3.4e+38 -3.4e+38 -3.4e+38 -3.4e+38 -3.4e+38 -3.4e+38 -3.4e+38 964.763122558594 929.671875 854.156311035156 801.169067382812 762.059326171875 821.931396484375 822.158935546875 817.177978515625 804.784240722656 794.774169921875 775.631286621094 786.503662109375 779.837585449219 789.663208007812 825.04931640625 839.838439941406 882.478088378906 926.112976074219 957.279663085938 1002.60614013672 1040.52600097656 1017.43542480469 988.692687988281 941.079162597656 843.342956542969 765.663635253906 736.461853027344 727.319274902344 744.975646972656 773.961669921875 792.023681640625 814.159851074219 823.548461914062 827.169555664062 835.067138671875 827.350463867188 824.648071289062 802.048950195312 784.357543945312 766.012329101562
-3.4e+38 -3.4e+38 -3.4e+38 -3.4e+38 -3.4e+38 -3.4e+38 -3.4e+38 -3.4e+38 -3.4e+38 -3.4e+38 -3.4e+38 859.871398925781 831.066528320312 826.5185546875 804.973022460938 732.366271972656 679.114868164062 723.67822265625 792.343017578125 818.150146484375 810.3642578125 805.002746582031 818.585998535156 806.209045410156 818.008972167969 827.707702636719 833.193603515625 852.503784179688 875.145690917969 901.738647460938 922.725646972656 957.798950195312 976.707946777344 994.48193359375 976.299987792969 947.352355957031 896.012817382812 840.460021972656 777.024841308594 720.714111328125 691.90185546875 706.947998046875 741.107116699219 763.122924804688 777.988952636719 777.950866699219 780.256713867188 784.197509765625 773.453063964844 766.397033691406 741.510620117188 724.132202148438 710.798461914062
-3.4e+38 -3.4e+38 -3.4e+38 -3.4e+38 -3.4e+38 -3.4e+38 -3.4e+38 -3.4e+38 -3.4e+38 -3.4e+38 -3.4e+38 853.51806640625 763.852478027344 711.7998046875 668.356262207031 619.895080566406 624.390625 694.750366210938 767.0224609375 785.508239746094 788.718139648438 792.384582519531 802.596069335938 826.779479980469 845.929443359375 847.763854980469 856.354370117188 882.611572265625 898.461364746094 908.447387695312 921.700622558594 929.405700683594 944.677124023438 947.230285644531 926.097290039062 902.279296875 870.882202148438 806.332092285156 770.578063964844 744.725219726562 704.000183105469 700.26025390625 689.8994140625 702.996826171875 711.090759277344 720.196105957031 714.500061035156 729.208312988281 733.654663085938 727.871643066406 725.56884765625 705.253234863281 734.306274414062
-3.4e+38 -3.4e+38 -3.4e+38 -3.4e+38 -3.4e+38 -3.4e+38 -3.4e+38 -3.4e+38 -3.4e+38 -3.4e+38 903.981079101562 836.278259277344 743.022644042969 648.128295898438 581.367004394531 539.713439941406 587.063171386719 665.515625 731.140930175781 751.394714355469 765.317749023438 754.635864257812 794.303405761719 827.4521484375 845.25146484375 861.683959960938 870.069213867188 882.313171386719 891.687194824219 899.140686035156 895.622497558594 907.147338867188 904.770385742188 902.613098144531 891.54833984375 861.202514648438 829.677795410156 807.920593261719 790.882629394531 764.098815917969 751.319091796875 740.066345214844 756.355651855469 760.379699707031 771.402893066406 803.919250488281 800.899719238281 819.604675292969 811.159851074219 810.685180664062 821.856262207031 793.81591796875 813.803588867188
-3.4e+38 -3.4e+38 -3.4e+38 -3.4e+38 -3.4e+38 -3.4e+38 -3.4e+38 -3.4e+38 -3.4e+38 -3.4e+38 902.084106445312 813.084289550781 704.792114257812 602.278625488281 537.662109375 512.634826660156 548.7822265625 614.753173828125 673.86083984375 701.918395996094 715.560913085938 736.978942871094 776.747314453125 814.738098144531 841.716552734375 854.644714355469 860.404235839844 873.625 879.736755371094 878.971801757812 872.352416992188 866.938293457031 861.963500976562 851.660949707031 835.681579589844 818.402404785156 808.137634277344 789.6884765625 784.818725585938 780.0380859375 776.600646972656 790.307434082031 812.649475097656 831.963317871094 864.729675292969 868.679504394531 883.336608886719 910.584533691406 913.81396484375 924.725708007812 884.274047851562 852.366149902344 878.357788085938
-3.4e+38 -3.4e+38 -3.4e+38 -3.4e+38 -3.4e+38 -3.4e+38 -3.4e+38 -3.4e+38 -3.4e+38 934.900207519531 872.661315917969 774.784301757812 674.011535644531 579.991516113281 519.46923828125 488.471557617188 529.838562011719 588.840087890625 641.609924316406 664.164916992188 683.153686523438 694.077026367188 743.643981933594 785.73388671875 811.392456054688 832.374145507812 838.630554199219 847.025207519531 852.936279296875 850.144897460938 834.977416992188 832.056457519531 822.874328613281 809.377990722656 800.346130371094 779.550354003906 769.033203125 780.3798828125 778.090576171875 792.115539550781 807.6005859375 816.811645507812 855.085205078125 877.856750488281 897.764282226562 940.559814453125 936.772888183594 971.076843261719 962.803833007812 944.704711914062 943.2646484375 899.191650390625 905.716186523438
-3.4e+38 -3.4e+38 -3.4e+38 -3.4e+38 -3.4e+38 -3.4e+38 -3.4e+38 -3.4e+38 -3.4e+38 933.719787597656 843.951110839844 751.198120117188 678.473754882812 590.402893066406 524.203002929688 498.375610351562 511.11376953125 554.250061035156 594.91064453125 625.357299804688 644.125549316406 665.201477050781 704.809875488281 744.907836914062 774.195678710938 796.894653320312 803.634521484375 809.632873535156 813.18115234375 806.578735351562 795.561462402344 788.689270019531 777.186889648438 766.283386230469 753.68359375 739.960876464844 743.507385253906 759.545715332031 772.138122558594 794.838134765625 817.64599609375 833.91259765625 873.559265136719 904.278747558594 950.107360839844 976.450805664062 973.818786621094 1003.10394287109 998.756103515625 1004.716796875 978.416748046875 925.631408691406 907.895751953125
-3.4e+38 -3.4e+38 -3.4e+38 -3.4e+38 -3.4e+38 -3.4e+38 -3.4e+38 -3.4e+38 -3.4e+38 930.553283691406 829.431457519531 786.297668457031 691.072631835938 597.808044433594 534.894714355469 506.124755859375 521.261108398438 561.827575683594 599.935180664062 604.165466308594 610.047180175781 627.059814453125 670.966979980469 706.69140625 731.591918945312 754.080261230469 759.692504882812 769.685424804688 769.692626953125 768.981811523438 754.749206542969 749.160278320312 740.607543945312 728.987121582031 724.445129394531 709.761108398438 716.011901855469 738.725708007812 748.274291992188 776.285461425781 806.103271484375 820.885681152344 875.226501464844 898.163696289062 927.519714355469 966.3349609375 964.241333007812 1001.63610839844 984.235534667969 970.367431640625 960.992065429688 920.451416015625 907.91650390625
-3.4e+38 -3.4e+38 -3.4e+38 -3.4e+38 -3.4e+38 -3.4e+38 -3.4e+38 -3.4e+38 -3.4e+38 -3.4e+38 881.130554199219 819.928466796875 721.010498046875 621.972717285156 551.06640625 521.767578125 529.27490234375 558.315551757812 592.167419433594 600.507385253906 605.495422363281 622.23486328125 647.881225585938 673.579711914062 695.942932128906 712.809753417969 721.274597167969 725.978820800781 722.799499511719 717.866516113281 710.614318847656 705.768676757812 697.108337402344 689.013916015625 681.262451171875 674.396545410156 685.780151367188 705.409973144531 724.720092773438 757.473693847656 786.735107421875 806.470397949219 852.071472167969 883.392028808594 930.190368652344 954.436584472656 947.835998535156 972.5341796875 967.671081542969 966.949157714844 946.842895507812 903.526977539062 887.550903320312
-3.4e+38 -3.4e+38 -3.4e+38 -3.4e+38 -3.4e+38 -3.4e+38 -3.4e+38 -3.4e+38 -3.4e+38 -3.4e+38 -3.4e+38 856.697448730469 742.414001464844 627.372192382812 569.884582519531 532.204711914062 537.785095214844 557.148864746094 582.02783203125 597.343444824219 610.263122558594 624.132873535156 651.146301269531 678.037414550781 695.212646484375 713.144714355469 719.790832519531 717.987243652344 712.252014160156 689.832397460938 669.098083496094 664.378601074219 658.917541503906 652.965759277344 650.578308105469 645.269958496094 656.636352539062 676.681274414062 695.67431640625 722.350036621094 754.285095214844 774.196960449219 820.216430664062 848.701110839844 877.143310546875 910.502197265625 907.283569335938 931.630126953125 919.184875488281 910.677612304688 901.174438476562 871.880981445312 860.23779296875
-3.4e+38 -3.4e+38 -3.4e+38 -3.4e+38 -3.4e+38 -3.4e+38 -3.4e+38 -3.4e+38 -3.4e+38 947.667663574219 924.91845703125 849.548767089844 736.752197265625 638.656616210938 574.201843261719 548.135864257812 547.431884765625 554.687805175781 569.596801757812 585.766906738281 605.167846679688 625.94287109375 645.893249511719 667.245056152344 687.960693359375 704.848510742188 709.622680664062 704.668640136719 694.099853515625 671.898376464844 645.455810546875 622.176635742188 618.112121582031 614.630737304688 612.865600585938 612.046142578125 624.559936523438 643.114990234375 661.961059570312 691.989074707031 720.441650390625 738.10009765625 779.709533691406 808.81884765625 849.600708007812 872.346801757812 864.995971679688 883.519287109375 882.279663085938 878.814453125 867.646240234375 869.667419433594 886.481811523438
-3.4e+38 -3.4e+38 -3.4e+38 -3.4e+38 -3.4e+38 -3.4e+38 -3.4e+38 -3.4e+38 948.967163085938 938.433715820312 894.997924804688 823.833862304688 720.607238769531 620.83447265625 576.684204101562 571.446105957031 564.338439941406 546.313232421875 555.738525390625 577.583435058594 595.582763671875 612.371643066406 631.760498046875 651.51025390625 665.919372558594 687.457885742188 692.676208496094 684.01513671875 675.04833984375 654.441162109375 632.427307128906 610.322021484375 578.566772460938 577.713134765625 580.789794921875 579.859191894531 591.116027832031 610.476013183594 626.071472167969 648.591918945312 678.954895019531 695.772033691406 745.955932617188 762.163513183594 782.917724609375 815.9912109375 814.677490234375 847.174438476562 847.900817871094 866.58544921875 904.052734375 914.315673828125 930.126159667969
-3.4e+38 -3.4e+38 -3.4e+38 -3.4e+38 -3.4e+38 -3.4e+38 -3.4e+38 -3.4e+38 900.412719726562 900.258422851562 855.601318359375 778.105712890625 675.880920410156 609.398986816406 573.157165527344 558.573913574219 556.804260253906 551.723327636719 546.682800292969 553.171081542969 572.478698730469 591.685852050781 606.271362304688 626.329650878906 643.507934570312 658.977783203125 663.524536132812 660.247985839844 652.022155761719 633.820251464844 615.239807128906 598.343200683594 575.948791503906 557.799621582031 547.840148925781 551.289306640625 559.10595703125 575.090087890625 591.472351074219 615.96875 640.073059082031 655.385498046875 690.118713378906 715.967651367188 750.626403808594 774.471984863281 805.197814941406 842.63525390625 875.585021972656 902.091125488281 924.865600585938 934.380065917969 944.342224121094
-3.4e+38 -3.4e+38 -3.4e+38 -3.4e+38 -3.4e+38 -3.4e+38 -3.4e+38 -3.4e+38 -3.4e+38 839.510620117188 798.812866210938 725.164794921875 646.904479980469 570.394165039062 550.984252929688 545.706298828125 554.480224609375 549.233215332031 534.061767578125 550.138366699219 550.663696289062 556.99853515625 576.414428710938 598.167602539062 614.440124511719 627.231018066406 633.78759765625 634.3388671875 629.603210449219 617.656311035156 600.882141113281 589.416015625 572.313781738281 560.533020019531 552.684326171875 544.149475097656 548.607727050781 555.550415039062 569.264282226562 591.608581542969 617.591003417969 647.552917480469 687.1142578125 725.096496582031 761.002014160156 801.666687011719 829.762390136719 865.872863769531 893.405334472656 911.760681152344 933.347778320312 941.045288085938 951.929382324219
-3.4e+38 -3.4e+38 -3.4e+38 -3.4e+38 -3.4e+38 -3.4e+38 -3.4e+38 -3.4e+38 -3.4e+38 762.989440917969 737.055603027344 689.515319824219 629.077270507812 567.793640136719 548.978454589844 556.940368652344 564.770385742188 568.151916503906 553.976318359375 544.87451171875 522.269897460938 529.407104492188 548.681640625 568.853576660156 585.334045410156 593.629760742188 598.487426757812 604.02099609375 605.232971191406 595.514709472656 583.589599609375 575.582275390625 565.296875 558.611938476562 551.55419921875 548.977722167969 556.161376953125 566.848327636719 582.743835449219 604.446044921875 631.243530273438 660.002258300781 696.29296875 732.408569335938 768.948608398438 803.942504882812 829.889892578125 860.124206542969 884.926208496094 905.578857421875 921.984069824219 931.078674316406 941.141479492188
-3.4e+38 -3.4e+38 -3.4e+38 -3.4e+38 -3.4e+38 -3.4e+38 -3.4e+38 -3.4e+38 -3.4e+38 689.063659667969 705.571594238281 672.717224121094 631.556396484375 572.998657226562 555.280151367188 559.513793945312 574.67431640625 575.924438476562 570.218627929688 539.665100097656 498.266967773438 492.669616699219 518.305358886719 541.990356445312 551.847595214844 557.285278320312 562.817504882812 572.246948242188 580.328857421875 574.464599609375 564.235717773438 561.606628417969 555.822265625 554.789001464844 554.964294433594 550.808410644531 560.148681640625 575.412414550781 590.630920410156 615.648803710938 638.395935058594 665.342468261719 704.663024902344 732.907897949219 766.138061523438 796.864013671875 819.65087890625 851.834167480469 869.255615234375 886.249633789062 903.104553222656 912.986206054688 926.431701660156
-3.4e+38 -3.4e+38 -3.4e+38 -3.4e+38 -3.4e+38 -3.4e+38 -3.4e+38 -3.4e+38 -3.4e+38 -3.4e+38 -3.4e+38 713.392456054688 674.853759765625 611.104858398438 585.37353515625 574.022338867188 570.555541992188 573.855224609375 556.018859863281 528.360595703125 481.569305419922 475.998565673828 499.509246826172 513.618408203125 525.6728515625 525.392150878906 528.94140625 542.04052734375 550.763854980469 550.046447753906 542.980102539062 541.502990722656 542.222839355469 543.026184082031 543.533935546875 544.198608398438 554.563903808594 569.926940917969 587.03369140625 608.960815429688 632.240539550781 657.622802734375 688.440368652344 718.324829101562 748.447875976562 775.522399902344 797.426879882812 822.194702148438 842.593627929688 861.259704589844 876.855895996094 889.500427246094 904.723266601562
-3.4e+38 -3.4e+38 -3.4e+38 -3.4e+38 -3.4e+38 -3.4e+38 -3.4e+38 -3.4e+38 -3.4e+38 -3.4e+38 -3.4e+38 739.265014648438 727.828063964844 691.578857421875 644.556396484375 598.455261230469 583.18115234375 575.77099609375 563.430419921875 531.300659179688 479.158569335938 463.936584472656 483.248291015625 493.560943603516 498.189270019531 496.425598144531 498.958709716797 513.840148925781 525.267944335938 526.060974121094 520.489624023438 521.943298339844 524.829895019531 528.002807617188 533.547668457031 532.831726074219 544.450744628906 562.385192871094 578.503112792969 601.305908203125 621.208374023438 644.827758789062 676.610656738281 700.268371582031 726.559753417969 751.693298339844 771.125 796.67041015625 814.181335449219 830.236389160156 848.729248046875 863.38818359375 881.5810546875
