meets/meet004/selection/CCSM_6k_am_bio17.asc
NCOLS 154 
NROWS 168 
XLLCORNER -112 
YLLCORNER -55.5 
CELLSIZE 0.5 
NODATA_value -3.4e+38 
[rows 72 to 95 of 168, columns 53 to 105 of 154]
-3.4e+38 -3.4e+38 -3.4e+38 -3.4e+38 -3.4e+38 -3.4e+38 -3.4e+38 -3.4e+38 -3.4e+38 -3.4e+38 -3.4e+38 -3.4e+38 71.5282211303711 77.7022018432617 100.976264953613 114.520278930664 136.903701782227 150.202301025391 157.105224609375 156.60530090332 150.961120605469 146.17463684082 148.885620117188 148.7919921875 147.010208129883 141.77897644043 134.984191894531 131.018478393555 125.100280761719 119.406059265137 112.107192993164 106.307022094727 101.717872619629 96.6833648681641 92.6036682128906 87.6733169555664 85.0102996826172 83.3902587890625 81.3323669433594 80.1049118041992 77.9911651611328 77.3574829101562 77.8535919189453 77.2120132446289 76.8515167236328 75.5860443115234 74.542236328125 74.5818710327148 73.0753173828125 71.0903015136719 67.9271774291992 65.3741989135742 63.4529991149902
-3.4e+38 -3.4e+38 -3.4e+38 -3.4e+38 -3.4e+38 -3.4e+38 -3.4e+38 -3.4e+38 -3.4e+38 -3.4e+38 -3.4e+38 -3.4e+38 -3.4e+38 66.3672561645508 88.8027801513672 110.7470703125 127.081336975098 137.394104003906 144.837265014648 142.49333190918 140.044982910156 136.169448852539 135.660736083984 136.648254394531 134.382110595703 131.675170898438 126.842140197754 120.593643188477 116.225173950195 111.240493774414 105.308044433594 99.8746795654297 93.4151840209961 88.6410446166992 84.5611038208008 80.845100402832 77.3717651367188 73.6584930419922 71.1645126342773 69.7182006835938 69.1612777709961 68.0300750732422 66.4099960327148 65.691276550293 65.6689300537109 66.2028884887695 65.9927520751953 64.5118026733398 63.7517738342285 62.6620712280273 61.1350135803223 59.1786270141602 55.6438293457031
-3.4e+38 -3.4e+38 -3.4e+38 -3.4e+38 -3.4e+38 -3.4e+38 -3.4e+38 -3.4e+38 -3.4e+38 -3.4e+38 -3.4e+38 -3.4e+38 -3.4e+38 -3.4e+38 75.6393127441406 98.3847351074219 117.798217773438 128.201202392578 134.10173034668 132.032608032227 130.935913085938 127.063407897949 125.454437255859 127.486839294434 125.772323608398 122.366065979004 117.328491210938 113.453392028809 109.651351928711 105.277732849121 99.0346908569336 93.763557434082 88.2005386352539 83.5900421142578 79.5363388061523 74.4463577270508 71.1470642089844 67.6777038574219 64.9787292480469 63.3713111877441 60.992862701416 59.9116668701172 59.0578346252441 57.9003829956055 58.0011978149414 57.2973136901855 57.0342674255371 57.1638412475586 56.4194793701172 55.6961479187012 53.8876762390137 51.9412689208984 49.4117279052734
-3.4e+38 -3.4e+38 -3.4e+38 -3.4e+38 -3.4e+38 -3.4e+38 -3.4e+38 -3.4e+38 -3.4e+38 -3.4e+38 -3.4e+38 -3.4e+38 -3.4e+38 -3.4e+38 65.2728881835938 87.7140502929688 102.555717468262 114.727737426758 120.485809326172 121.922988891602 122.598327636719 119.886436462402 118.067123413086 116.963592529297 114.936546325684 112.925422668457 109.983245849609 105.614440917969 102.348587036133 98.2427825927734 93.1623992919922 88.7688293457031 83.1553192138672 78.4521484375 73.7639312744141 69.2574691772461 65.8439407348633 61.9640350341797 59.06640625 56.3619842529297 54.3195304870605 52.821590423584 51.1346397399902 50.3021507263184 49.3518714904785 49.092586517334 48.8869590759277 48.3731956481934 48.2966232299805 47.1175117492676 46.1899299621582 44.749439239502 41.9837417602539
-3.4e+38 -3.4e+38 -3.4e+38 -3.4e+38 -3.4e+38 -3.4e+38 -3.4e+38 -3.4e+38 -3.4e+38 -3.4e+38 -3.4e+38 -3.4e+38 -3.4e+38 -3.4e+38 52.1507415771484 69.8566970825195 88.0313873291016 102.479080200195 109.975601196289 112.935745239258 117.571853637695 114.642120361328 111.178558349609 114.36669921875 108.017135620117 105.285232543945 102.366928100586 98.9013290405273 96.6473922729492 93.4447479248047 88.6907806396484 84.2942657470703 79.1982421875 75.1845092773438 70.7814865112305 65.6279296875 62.0568199157715 58.2310066223145 54.9469261169434 52.6744918823242 49.5790023803711 47.9679832458496 46.2196807861328 44.6937599182129 44.1052627563477 42.8487319946289 42.5563926696777 42.3819465637207 41.7242622375488 41.2528610229492 39.9346656799316 38.3825836181641 36.2026290893555
-3.4e+38 -3.4e+38 -3.4e+38 -3.4e+38 -3.4e+38 -3.4e+38 -3.4e+38 -3.4e+38 -3.4e+38 -3.4e+38 -3.4e+38 -3.4e+38 -3.4e+38 -3.4e+38 -3.4e+38 59.9982757568359 72.7121810913086 87.1235046386719 98.0703735351562 105.932235717773 115.886520385742 118.718948364258 115.266609191895 111.912071228027 108.513565063477 103.64387512207 98.8753128051758 92.5817718505859 90.5073547363281 86.9777450561523 83.388801574707 79.9538345336914 75.321533203125 71.0908889770508 66.5943832397461 62.1323089599609 58.684627532959 54.6012878417969 51.2283744812012 48.0556030273438 45.2891731262207 43.3255653381348 41.042911529541 39.4053230285645 37.8402328491211 36.8331718444824 36.219596862793 35.4125442504883 35.1469764709473 34.0733489990234 33.2929534912109 32.0782165527344 29.7598361968994
-3.4e+38 -3.4e+38 -3.4e+38 -3.4e+38 -3.4e+38 -3.4e+38 -3.4e+38 -3.4e+38 -3.4e+38 -3.4e+38 -3.4e+38 -3.4e+38 -3.4e+38 -3.4e+38 -3.4e+38 48.2087364196777 62.3977661132812 79.2862091064453 90.4790420532227 101.483810424805 117.912033081055 122.86474609375 120.676879882812 118.10962677002 111.515808105469 108.474342346191 101.418464660645 87.3191146850586 88.3732376098633 82.8567657470703 79.4062042236328 75.9736709594727 71.7954483032227 67.9654998779297 64.3904571533203 59.5208129882812 56.0276908874512 51.9520378112793 48.4692230224609 45.8589553833008 42.2497863769531 40.1859817504883 37.7937431335449 35.6576728820801 34.3619918823242 32.476978302002 31.7559871673584 31.003604888916 30.1394691467285 29.7615413665771 28.5252380371094 27.2864322662354 25.3812885284424
-3.4e+38 -3.4e+38 -3.4e+38 -3.4e+38 -3.4e+38 -3.4e+38 -3.4e+38 -3.4e+38 -3.4e+38 -3.4e+38 -3.4e+38 -3.4e+38 -3.4e+38 -3.4e+38 -3.4e+38 -3.4e+38 49.5925521850586 66.4080123901367 82.6209869384766 101.96492767334 117.82984161377 128.887222290039 131.026916503906 136.741470336914 128.942993164062 118.579284667969 109.715133666992 102.026748657227 92.7214660644531 82.7003707885742 79.0936965942383 74.3841094970703 68.5129928588867 64.7730484008789 60.4968605041504 56.5106353759766 53.3252372741699 49.4418716430664 45.8767585754395 42.6422538757324 39.498836517334 37.3194160461426 34.6512718200684 32.4980850219727 30.5040454864502 28.8012657165527 27.7524452209473 26.6029758453369 25.8890342712402 24.8053417205811 23.9657897949219 22.865686416626 20.8978710174561
-3.4e+38 -3.4e+38 -3.4e+38 -3.4e+38 -3.4e+38 -3.4e+38 -3.4e+38 -3.4e+38 -3.4e+38 -3.4e+38 -3.4e+38 -3.4e+38 -3.4e+38 -3.4e+38 -3.4e+38 -3.4e+38 39.771728515625 56.7992324829102 74.7172317504883 97.711067199707 117.888107299805 131.541366577148 142.407043457031 158.768218994141 146.376281738281 137.706802368164 127.319931030273 131.065567016602 111.871528625488 102.06005859375 92.4317626953125 86.5875473022461 69.6087799072266 65.8637466430664 62.2582130432129 54.2606811523438 51.0751342773438 47.2908630371094 43.8036689758301 40.9689750671387 37.4828643798828 35.2893447875977 32.7043228149414 30.4064350128174 28.6373481750488 26.431453704834 25.3152370452881 24.0931396484375 22.9419841766357 22.2608795166016 21.0641002655029 19.898120880127 18.2010688781738
-3.4e+38 -3.4e+38 -3.4e+38 -3.4e+38 -3.4e+38 -3.4e+38 -3.4e+38 -3.4e+38 -3.4e+38 -3.4e+38 -3.4e+38 -3.4e+38 -3.4e+38 -3.4e+38 -3.4e+38 -3.4e+38 -3.4e+38 46.0415725708008 62.4846496582031 87.6108093261719 109.652786254883 128.075592041016 148.364654541016 162.398376464844 164.074493408203 170.797668457031 170.215072631836 158.075775146484 151.765869140625 140.575103759766 124.876754760742 110.023162841797 90.9146499633789 78.638298034668 61.2525329589844 56.2837791442871 51.2762184143066 45.1660919189453 41.818359375 38.5175743103027 35.5238494873047 33.3993225097656 30.808614730835 28.5851554870605 26.4808521270752 24.5473117828369 23.2283573150635 21.770414352417 20.5895576477051 19.3760013580322 18.2375469207764 17.1590614318848 15.4474086761475
-3.4e+38 -3.4e+38 -3.4e+38 -3.4e+38 -3.4e+38 -3.4e+38 -3.4e+38 -3.4e+38 -3.4e+38 -3.4e+38 -3.4e+38 -3.4e+38 -3.4e+38 -3.4e+38 -3.4e+38 -3.4e+38 -3.4e+38 34.7934951782227 47.6229057312012 69.4478759765625 97.6769714355469 118.460083007812 143.818557739258 160.972274780273 173.561981201172 195.343841552734 202.026184082031 199.26091003418 191.567184448242 180.071319580078 159.483444213867 145.98616027832 118.093475341797 97.8682174682617 84.0251235961914 65.1178817749023 51.9522247314453 43.0945205688477 40.2463417053223 37.6582527160645 34.1709365844727 31.9517402648926 29.2477035522461 27.3349857330322 25.6614990234375 23.4429378509521 21.9778003692627 20.3197536468506 19.1217803955078 17.9802513122559 16.4434814453125 15.2517242431641 13.4575986862183
-3.4e+38 -3.4e+38 -3.4e+38 -3.4e+38 -3.4e+38 -3.4e+38 -3.4e+38 -3.4e+38 -3.4e+38 -3.4e+38 -3.4e+38 -3.4e+38 -3.4e+38 -3.4e+38 -3.4e+38 -3.4e+38 -3.4e+38 -3.4e+38 34.8101539611816 54.5114402770996 78.4012145996094 98.4517517089844 129.593063354492 149.238296508789 181.241256713867 202.16064453125 218.339584350586 232.796401977539 241.602416992188 232.428451538086 215.446563720703 195.476806640625 164.609146118164 127.542839050293 102.469024658203 74.9932327270508 61.2654876708984 47.7624588012695 41.1203422546387 36.4111862182617 33.4187774658203 31.3397083282471 28.8130970001221 26.7166938781738 24.6277809143066 22.813943862915 21.4010276794434 19.606689453125 18.1081142425537 16.5957374572754 15.1071186065674 13.9204006195068 12.2916479110718
-3.4e+38 -3.4e+38 -3.4e+38 -3.4e+38 -3.4e+38 -3.4e+38 -3.4e+38 -3.4e+38 -3.4e+38 -3.4e+38 -3.4e+38 -3.4e+38 -3.4e+38 -3.4e+38 -3.4e+38 -3.4e+38 -3.4e+38 -3.4e+38 22.2309989929199 35.6215782165527 56.1248054504395 71.1316680908203 101.58024597168 131.169982910156 168.059341430664 189.29313659668 217.850799560547 252.120407104492 277.389129638672 266.532318115234 254.826766967773 243.829925537109 209.338226318359 165.399566650391 138.684555053711 101.196914672852 74.4776229858398 57.4131164550781 42.9007949829102 38.8596115112305 34.4621467590332 31.3536167144775 28.5661544799805 26.4817981719971 24.6920871734619 22.6822605133057 21.0001640319824 18.9813842773438 17.5654258728027 15.8630437850952 14.2570638656616 12.9150733947754 11.0379009246826
-3.4e+38 -3.4e+38 -3.4e+38 -3.4e+38 -3.4e+38 -3.4e+38 -3.4e+38 -3.4e+38 -3.4e+38 -3.4e+38 -3.4e+38 -3.4e+38 -3.4e+38 -3.4e+38 -3.4e+38 -3.4e+38 -3.4e+38 -3.4e+38 17.3656616210938 26.914026260376 38.9959373474121 52.1271362304688 76.1414794921875 102.319732666016 137.160552978516 166.096298217773 192.701232910156 231.354202270508 246.184295654297 255.552368164062 263.3720703125 258.289184570312 233.921371459961 205.574523925781 175.195281982422 127.595642089844 98.6415863037109 73.3098373413086 53.701774597168 41.3362808227539 36.0492668151855 33.1354560852051 29.5973777770996 27.205738067627 24.8240451812744 22.7862701416016 21.1923542022705 19.087718963623 17.3124198913574 15.4748229980469 13.7027997970581 12.3983421325684 10.7794771194458
-3.4e+38 -3.4e+38 -3.4e+38 -3.4e+38 -3.4e+38 -3.4e+38 -3.4e+38 -3.4e+38 -3.4e+38 -3.4e+38 -3.4e+38 -3.4e+38 -3.4e+38 -3.4e+38 -3.4e+38 -3.4e+38 -3.4e+38 -3.4e+38 -3.4e+38 17.8688430786133 27.8312473297119 35.6759071350098 54.8192596435547 73.1760864257812 92.2008972167969 132.239974975586 159.013458251953 192.713241577148 209.19873046875 239.776779174805 251.004745483398 260.262542724609 251.381530761719 238.463760375977 213.422821044922 164.219268798828 131.869689941406 99.2002792358398 66.5409622192383 55.8356742858887 43.7357864379883 35.6784172058105 31.5037441253662 28.2447662353516 26.1153469085693 23.5073146820068 21.4840412139893 19.1269245147705 17.4604053497314 15.6067943572998 13.6373624801636 12.1922483444214 10.4075126647949
-3.4e+38 -3.4e+38 -3.4e+38 -3.4e+38 -3.4e+38 -3.4e+38 -3.4e+38 -3.4e+38 -3.4e+38 -3.4e+38 -3.4e+38 -3.4e+38 -3.4e+38 -3.4e+38 -3.4e+38 -3.4e+38 -3.4e+38 -3.4e+38 -3.4e+38 -3.4e+38 21.1394309997559 26.4688205718994 37.9922485351562 52.6189041137695 70.8114547729492 100.30387878418 122.899147033691 147.586059570312 173.669189453125 205.911178588867 227.341400146484 245.619430541992 254.688827514648 263.728912353516 233.574279785156 200.683639526367 165.864532470703 130.424285888672 91.703125 67.7178649902344 50.678394317627 43.1892318725586 34.7682991027832 30.6238689422607 27.0326099395752 24.2250270843506 22.2389640808105 19.7355117797852 17.6151332855225 15.5763387680054 13.6413927078247 12.2667255401611 10.5822343826294
-3.4e+38 -3.4e+38 -3.4e+38 -3.4e+38 -3.4e+38 -3.4e+38 -3.4e+38 -3.4e+38 -3.4e+38 -3.4e+38 -3.4e+38 -3.4e+38 -3.4e+38 -3.4e+38 -3.4e+38 -3.4e+38 -3.4e+38 -3.4e+38 -3.4e+38 -3.4e+38 -3.4e+38 -3.4e+38 29.193058013916 37.0325813293457 47.9543762207031 70.9884033203125 82.1392288208008 100.752883911133 130.706878662109 148.939804077148 183.137145996094 213.390365600586 237.80615234375 257.311767578125 245.466033935547 219.266677856445 198.904602050781 160.157379150391 124.031532287598 100.467819213867 72.3943023681641 54.1790084838867 43.422721862793 33.7364692687988 30.4638023376465 26.5201797485352 23.2947807312012 20.5924034118652 18.4701175689697 16.5074062347412 14.3702030181885 12.8257360458374 11.0463781356812
-3.4e+38 -3.4e+38 -3.4e+38 -3.4e+38 -3.4e+38 -3.4e+38 -3.4e+38 -3.4e+38 -3.4e+38 -3.4e+38 -3.4e+38 -3.4e+38 -3.4e+38 -3.4e+38 -3.4e+38 -3.4e+38 -3.4e+38 -3.4e+38 -3.4e+38 -3.4e+38 -3.4e+38 -3.4e+38 -3.4e+38 -3.4e+38 41.1913642883301 50.1472206115723 61.369815826416 79.1778335571289 97.9427642822266 116.865440368652 145.42741394043 174.0654296875 211.902252197266 229.434555053711 233.846481323242 234.385604858398 212.958267211914 180.19841003418 152.310119628906 124.721557617188 91.3101577758789 74.0292434692383 54.6048545837402 42.4433822631836 36.2645454406738 28.5246677398682 25.5075416564941 21.6596965789795 19.3439769744873 17.4759044647217 15.4167909622192 13.9055547714233 11.831036567688
-3.4e+38 -3.4e+38 -3.4e+38 -3.4e+38 -3.4e+38 -3.4e+38 -3.4e+38 -3.4e+38 -3.4e+38 -3.4e+38 -3.4e+38 -3.4e+38 -3.4e+38 -3.4e+38 -3.4e+38 -3.4e+38 -3.4e+38 -3.4e+38 -3.4e+38 -3.4e+38 -3.4e+38 -3.4e+38 -3.4e+38 -3.4e+38 -3.4e+38 -3.4e+38 46.2700157165527 56.9586334228516 68.9123764038086 83.3435440063477 113.104118347168 133.728637695312 162.905197143555 184.651809692383 206.982131958008 213.661148071289 211.756103515625 191.186126708984 172.343978881836 145.329727172852 111.28865814209 91.7181243896484 73.0807418823242 52.1861572265625 42.1224594116211 32.4653396606445 27.5961933135986 24.5174655914307 21.2963581085205 19.0851745605469 16.9179134368896 15.2694091796875 13.6203269958496
-3.4e+38 -3.4e+38 -3.4e+38 -3.4e+38 -3.4e+38 -3.4e+38 -3.4e+38 -3.4e+38 -3.4e+38 -3.4e+38 -3.4e+38 -3.4e+38 -3.4e+38 -3.4e+38 -3.4e+38 -3.4e+38 -3.4e+38 -3.4e+38 -3.4e+38 -3.4e+38 -3.4e+38 -3.4e+38 -3.4e+38 -3.4e+38 -3.4e+38 -3.4e+38 -3.4e+38 -3.4e+38 47.7893867492676 57.8805351257324 72.438117980957 94.3386993408203 117.754295349121 137.736236572266 164.633605957031 180.088653564453 179.392623901367 185.086151123047 181.521499633789 158.548583984375 130.370697021484 108.534553527832 85.4666366577148 61.9814987182617 50.0437126159668 35.9565124511719 31.2263832092285 26.5259304046631 23.4177570343018 21.1257305145264 18.8138236999512 17.2168579101562 15.0474147796631
-3.4e+38 -3.4e+38 -3.4e+38 -3.4e+38 -3.4e+38 -3.4e+38 -3.4e+38 -3.4e+38 -3.4e+38 -3.4e+38 -3.4e+38 -3.4e+38 -3.4e+38 -3.4e+38 -3.4e+38 -3.4e+38 -3.4e+38 -3.4e+38 -3.4e+38 -3.4e+38 -3.4e+38 -3.4e+38 -3.4e+38 -3.4e+38 -3.4e+38 -3.4e+38 -3.4e+38 -3.4e+38 32.4377326965332 38.7110977172852 49.2237358093262 57.7525329589844 68.9426651000977 90.6712112426758 112.46369934082 130.819778442383 146.146301269531 161.202880859375 167.602630615234 149.535537719727 135.577484130859 116.798721313477 93.4178771972656 69.8302536010742 56.7850379943848 40.5718040466309 34.8443260192871 30.1872043609619 25.7935619354248 23.4936904907227 21.0535297393799 19.4991760253906 17.6722145080566
-3.4e+38 -3.4e+38 -3.4e+38 -3.4e+38 -3.4e+38 -3.4e+38 -3.4e+38 -3.4e+38 -3.4e+38 -3.4e+38 -3.4e+38 -3.4e+38 -3.4e+38 -3.4e+38 -3.4e+38 -3.4e+38 -3.4e+38 -3.4e+38 -3.4e+38 -3.4e+38 -3.4e+38 -3.4e+38 -3.4e+38 -3.4e+38 -3.4e+38 -3.4e+38 -3.4e+38 -3.4e+38 -3.4e+38 -3.4e+38 30.1812210083008 37.6838035583496 47.964958190918 54.9968605041504 73.6092071533203 93.380973815918 104.904159545898 124.396469116211 124.856750488281 130.706756591797 129.676422119141 115.01001739502 90.6125946044922 75.5346221923828 60.6493797302246 43.4635429382324 37.3342895507812 31.9301090240479 28.0888366699219 25.7427196502686 23.2997493743896 21.6845588684082 19.466516494751
-3.4e+38 -3.4e+38 -3.4e+38 -3.4e+38 -3.4e+38 -3.4e+38 -3.4e+38 -3.4e+38 -3.4e+38 -3.4e+38 -3.4e+38 -3.4e+38 -3.4e+38 -3.4e+38 -3.4e+38 -3.4e+38 -3.4e+38 -3.4e+38 -3.4e+38 -3.4e+38 -3.4e+38 -3.4e+38 -3.4e+38 -3.4e+38 -3.4e+38 -3.4e+38 -3.4e+38 -3.4e+38 -3.4e+38 -3.4e+38 20.2228946685791 21.5360450744629 25.7347030639648 34.1606979370117 42.0727272033691 58.1363677978516 69.9570846557617 85.5596008300781 98.6382141113281 107.475227355957 114.075569152832 108.362800598145 90.1753540039062 76.5370254516602 60.9634170532227 46.4340782165527 39.797119140625 34.5674591064453 29.9944839477539 27.9595165252686 25.6127090454102 24.211763381958 22.4251651763916
-3.4e+38 -3.4e+38 -3.4e+38 -3.4e+38 -3.4e+38 -3.4e+38 -3.4e+38 -3.4e+38 -3.4e+38 -3.4e+38 -3.4e+38 -3.4e+38 -3.4e+38 -3.4e+38 -3.4e+38 -3.4e+38 -3.4e+38 -3.4e+38 -3.4e+38 -3.4e+38 -3.4e+38 -3.4e+38 -3.4e+38 -3.4e+38 -3.4e+38 -3.4e+38 -3.4e+38 -3.4e+38 -3.4e+38 -3.4e+38 -3.4e+38 16.4196548461914 18.9491691589355 21.7977333068848 30.3311157226562 38.1785163879395 50.2499885559082 62.4650955200195 71.3906097412109 85.4361953735352 97.5040435791016 91.8751983642578 84.2615509033203 72.4477386474609 60.6465034484863 46.4431076049805 39.7642822265625 34.5354156494141 31.3403053283691 29.4208755493164 27.6781635284424 26.3632202148438 24.6924877166748
