meets/meet004/selection/CCSM_21k_am_bio17.asc
NCOLS 154 
NROWS 168 
XLLCORNER -112 
YLLCORNER -55.5 
CELLSIZE 0.5 
NODATA_value -3.4e+38 
[rows 72 to 95 of 168, columns 53 to 105 of 154]
-3.4e+38 -3.4e+38 -3.4e+38 -3.4e+38 -3.4e+38 -3.4e+38 -3.4e+38 -3.4e+38 -3.4e+38 -3.4e+38 -3.4e+38 -3.4e+38 52.5329742431641 58.2436943054199 84.9231948852539 116.926681518555 157.409194946289 178.080642700195 187.44758605957 173.156036376953 150.481628417969 140.28466796875 143.421051025391 146.06575012207 151.917419433594 153.933410644531 147.257827758789 144.464660644531 138.693832397461 130.941192626953 122.186592102051 115.064971923828 108.151741027832 101.672386169434 96.4995956420898 90.7269515991211 88.7609176635742 88.0475082397461 87.351936340332 88.6153793334961 88.5872344970703 90.4850082397461 94.9865264892578 97.9115524291992 101.418388366699 102.617965698242 103.879417419434 106.392074584961 105.946846008301 103.282577514648 98.310302734375 93.397575378418 88.3507308959961
-3.4e+38 -3.4e+38 -3.4e+38 -3.4e+38 -3.4e+38 -3.4e+38 -3.4e+38 -3.4e+38 -3.4e+38 -3.4e+38 -3.4e+38 -3.4e+38 -3.4e+38 48.8239288330078 73.1108551025391 108.351036071777 150.711990356445 174.027725219727 187.249877929688 168.491912841797 147.230514526367 132.453262329102 133.578567504883 135.889678955078 137.788345336914 143.599380493164 140.708404541016 135.938217163086 131.906005859375 126.409042358398 117.980560302734 111.412246704102 102.924156188965 96.8210601806641 91.5424880981445 85.8291702270508 81.9707260131836 79.3425750732422 77.408576965332 77.2954025268555 79.0220413208008 79.4450988769531 81.5407180786133 83.3737335205078 86.1865005493164 90.5171432495117 92.359977722168 92.7105560302734 92.7871322631836 91.3967361450195 89.0059661865234 85.3441696166992 77.75244140625
-3.4e+38 -3.4e+38 -3.4e+38 -3.4e+38 -3.4e+38 -3.4e+38 -3.4e+38 -3.4e+38 -3.4e+38 -3.4e+38 -3.4e+38 -3.4e+38 -3.4e+38 -3.4e+38 62.1379776000977 97.1642456054688 138.547912597656 164.266647338867 178.409851074219 161.974716186523 142.936706542969 130.397750854492 124.671981811523 132.8037109375 131.806167602539 133.408279418945 129.908309936523 129.251449584961 125.462966918945 121.234016418457 114.198265075684 107.452140808105 99.7884521484375 93.8795013427734 87.9652938842773 81.0737609863281 77.6566162109375 73.7480087280273 71.4869384765625 70.6866226196289 69.3864440917969 70.0809326171875 72.1320114135742 73.1373748779297 75.734001159668 77.7413330078125 79.4657135009766 81.9514541625977 81.8229827880859 81.2731399536133 78.5446319580078 74.9079132080078 69.1465759277344
-3.4e+38 -3.4e+38 -3.4e+38 -3.4e+38 -3.4e+38 -3.4e+38 -3.4e+38 -3.4e+38 -3.4e+38 -3.4e+38 -3.4e+38 -3.4e+38 -3.4e+38 -3.4e+38 53.6602592468262 85.132194519043 119.23607635498 146.921615600586 162.980255126953 153.657806396484 143.11994934082 133.925277709961 127.904968261719 123.869117736816 125.85546875 125.92261505127 123.14070892334 118.575164794922 117.80419921875 113.785766601562 108.554763793945 103.503074645996 96.8915176391602 90.5992660522461 84.0786895751953 77.781867980957 73.733283996582 69.1936187744141 65.9070892333984 63.5352172851562 62.0658073425293 61.3631820678711 61.5269584655762 62.6341133117676 63.7329635620117 66.0145950317383 67.1641540527344 68.087028503418 69.4544143676758 68.1148681640625 66.7627563476562 64.1966323852539 58.8394165039062
-3.4e+38 -3.4e+38 -3.4e+38 -3.4e+38 -3.4e+38 -3.4e+38 -3.4e+38 -3.4e+38 -3.4e+38 -3.4e+38 -3.4e+38 -3.4e+38 -3.4e+38 -3.4e+38 43.4865608215332 67.2999496459961 101.261444091797 132.703323364258 145.873550415039 143.870544433594 141.036636352539 132.132171630859 123.201446533203 128.200057983398 120.38134765625 118.737297058105 115.912055969238 110.670867919922 109.813102722168 107.856147766113 103.880813598633 98.6387252807617 93.461067199707 88.1670837402344 82.4023666381836 75.5208053588867 71.3382720947266 66.050422668457 62.6251487731934 60.0342597961426 56.7066421508789 55.9414978027344 55.4303665161133 55.1814727783203 56.1432228088379 56.6323280334473 57.7655792236328 59.3554344177246 59.393627166748 59.1231269836426 57.5288772583008 54.7836265563965 50.5604667663574
-3.4e+38 -3.4e+38 -3.4e+38 -3.4e+38 -3.4e+38 -3.4e+38 -3.4e+38 -3.4e+38 -3.4e+38 -3.4e+38 -3.4e+38 -3.4e+38 -3.4e+38 -3.4e+38 -3.4e+38 56.7202568054199 79.1363296508789 103.676788330078 123.530006408691 134.867141723633 141.227600097656 144.025573730469 137.281265258789 132.006378173828 128.786102294922 120.030990600586 112.420379638672 105.630996704102 102.8515625 98.7207946777344 96.656135559082 93.3498306274414 88.7506713867188 84.2538146972656 78.7937774658203 73.0725860595703 68.9961318969727 63.9140701293945 59.5633506774902 55.7679214477539 52.5561485290527 50.6263313293457 48.8451499938965 47.9249496459961 47.4596061706543 47.8193702697754 48.0267562866211 48.1775360107422 49.1088371276855 48.034984588623 47.2774467468262 45.3126220703125 41.3570442199707
-3.4e+38 -3.4e+38 -3.4e+38 -3.4e+38 -3.4e+38 -3.4e+38 -3.4e+38 -3.4e+38 -3.4e+38 -3.4e+38 -3.4e+38 -3.4e+38 -3.4e+38 -3.4e+38 -3.4e+38 44.5128135681152 65.4889984130859 90.3141479492188 107.003730773926 122.958534240723 143.334259033203 149.610504150391 149.2060546875 149.229461669922 136.96125793457 127.567321777344 116.986015319824 100.41577911377 99.7179565429688 94.3434219360352 90.8660202026367 87.5203552246094 84.4882965087891 80.9074554443359 76.6126098632812 70.9640197753906 66.7362213134766 61.7992973327637 57.4278869628906 54.049430847168 49.4989166259766 47.5230827331543 45.024284362793 43.3042602539062 42.4742813110352 41.5154418945312 41.5494651794434 41.6850967407227 41.4325942993164 41.2902793884277 40.2312469482422 38.2718276977539 34.9827270507812
-3.4e+38 -3.4e+38 -3.4e+38 -3.4e+38 -3.4e+38 -3.4e+38 -3.4e+38 -3.4e+38 -3.4e+38 -3.4e+38 -3.4e+38 -3.4e+38 -3.4e+38 -3.4e+38 -3.4e+38 -3.4e+38 47.699146270752 69.3351745605469 91.8870849609375 117.72566986084 140.597442626953 159.008224487305 165.704132080078 174.044891357422 160.188888549805 143.721069335938 128.755767822266 118.61882019043 103.276596069336 93.5707015991211 89.6769027709961 85.0344085693359 79.0178298950195 76.108283996582 71.9581451416016 67.6476516723633 64.1749801635742 59.5333404541016 55.1013603210449 51.0673408508301 47.0167121887207 44.4958305358887 41.5083847045898 39.4735870361328 37.7938842773438 36.5656929016113 35.8418006896973 35.2217330932617 35.2014999389648 34.0171928405762 33.3942642211914 31.7668266296387 28.6519336700439
-3.4e+38 -3.4e+38 -3.4e+38 -3.4e+38 -3.4e+38 -3.4e+38 -3.4e+38 -3.4e+38 -3.4e+38 -3.4e+38 -3.4e+38 -3.4e+38 -3.4e+38 -3.4e+38 -3.4e+38 -3.4e+38 36.7145919799805 56.8980331420898 77.1752853393555 107.262008666992 140.202056884766 160.736343383789 175.027374267578 200.613800048828 180.307189941406 165.469543457031 150.084106445312 149.949462890625 124.352096557617 113.981132507324 104.488121032715 98.2490158081055 80.7999954223633 77.6726608276367 74.7718811035156 64.9398651123047 61.3702964782715 56.7288627624512 52.7840919494629 49.2170486450195 45.022029876709 42.541088104248 39.5223236083984 37.2758865356445 35.4913711547852 33.5751686096191 32.7999610900879 32.0384674072266 31.0395641326904 30.4733848571777 29.3742733001709 27.6477336883545 25.0238037109375
-3.4e+38 -3.4e+38 -3.4e+38 -3.4e+38 -3.4e+38 -3.4e+38 -3.4e+38 -3.4e+38 -3.4e+38 -3.4e+38 -3.4e+38 -3.4e+38 -3.4e+38 -3.4e+38 -3.4e+38 -3.4e+38 -3.4e+38 44.1445274353027 63.6409568786621 93.1146392822266 126.671844482422 154.191207885742 182.558547973633 199.633819580078 196.632934570312 200.100708007812 194.967498779297 175.940505981445 167.176849365234 157.97737121582 140.287979125977 125.066566467285 105.846832275391 92.3832168579102 72.545524597168 67.7391586303711 61.8424682617188 54.1181945800781 50.4652290344238 46.5697021484375 42.890323638916 40.4614791870117 37.7347221374512 35.3843688964844 33.3133125305176 31.5484771728516 30.2972793579102 29.0249900817871 28.0984477996826 26.7352313995361 25.5255908966064 23.9960765838623 21.3802051544189
-3.4e+38 -3.4e+38 -3.4e+38 -3.4e+38 -3.4e+38 -3.4e+38 -3.4e+38 -3.4e+38 -3.4e+38 -3.4e+38 -3.4e+38 -3.4e+38 -3.4e+38 -3.4e+38 -3.4e+38 -3.4e+38 -3.4e+38 34.5138244628906 48.715576171875 74.3655853271484 112.87703704834 141.073501586914 171.277725219727 191.647415161133 206.815505981445 215.962509155273 216.128570556641 214.535186767578 206.665344238281 194.319198608398 174.723205566406 165.356674194336 139.358825683594 114.235061645508 100.071060180664 78.3704833984375 62.0503463745117 50.9421234130859 47.9196243286133 45.123218536377 40.9619102478027 38.7025947570801 36.0257530212402 34.1109085083008 32.4201812744141 30.4547233581543 29.1510944366455 27.8054656982422 26.4068489074707 25.0245914459229 23.3504467010498 21.790584564209 18.9802532196045
-3.4e+38 -3.4e+38 -3.4e+38 -3.4e+38 -3.4e+38 -3.4e+38 -3.4e+38 -3.4e+38 -3.4e+38 -3.4e+38 -3.4e+38 -3.4e+38 -3.4e+38 -3.4e+38 -3.4e+38 -3.4e+38 -3.4e+38 -3.4e+38 37.4533500671387 61.5351715087891 92.8132400512695 118.672012329102 152.188125610352 171.896469116211 200.340698242188 212.465057373047 226.226470947266 237.910018920898 248.703216552734 243.491714477539 234.962417602539 219.124069213867 190.873809814453 151.199584960938 123.113319396973 89.8778610229492 72.7287902832031 56.681999206543 48.4677963256836 43.0029907226562 39.8102416992188 37.5678443908691 35.2052917480469 33.1396179199219 31.4310512542725 29.890625 28.6045246124268 26.9626846313477 25.4586009979248 23.7272396087646 21.8642482757568 20.2168083190918 17.7905788421631
-3.4e+38 -3.4e+38 -3.4e+38 -3.4e+38 -3.4e+38 -3.4e+38 -3.4e+38 -3.4e+38 -3.4e+38 -3.4e+38 -3.4e+38 -3.4e+38 -3.4e+38 -3.4e+38 -3.4e+38 -3.4e+38 -3.4e+38 -3.4e+38 25.7949714660645 41.7782974243164 68.1693344116211 89.4236450195312 121.617538452148 152.432708740234 185.192779541016 197.920547485352 219.100433349609 245.599166870117 271.521514892578 272.958526611328 275.605651855469 271.084686279297 240.857879638672 197.041427612305 166.545623779297 122.085350036621 89.2448577880859 68.1652374267578 49.8370361328125 45.3754615783691 40.540355682373 37.0441017150879 34.4949913024902 32.5148315429688 31.2725620269775 29.6025066375732 28.2024192810059 26.5400428771973 24.9534950256348 23.0411777496338 21.037036895752 19.2628269195557 16.5164527893066
-3.4e+38 -3.4e+38 -3.4e+38 -3.4e+38 -3.4e+38 -3.4e+38 -3.4e+38 -3.4e+38 -3.4e+38 -3.4e+38 -3.4e+38 -3.4e+38 -3.4e+38 -3.4e+38 -3.4e+38 -3.4e+38 -3.4e+38 -3.4e+38 21.3564968109131 33.4795265197754 50.6061706542969 68.0485916137695 95.2132263183594 122.734283447266 154.575836181641 174.161254882812 195.946472167969 225.947280883789 237.617263793945 253.526565551758 275.570281982422 280.913360595703 262.509216308594 245.664352416992 211.483200073242 154.950012207031 118.025459289551 87.3787612915039 62.6460876464844 47.8658905029297 41.9307518005371 38.7083015441895 34.9948997497559 32.8482322692871 31.1188201904297 29.6290702819824 28.2928733825684 26.4775676727295 24.728816986084 22.714448928833 20.4865398406982 18.7122631072998 16.4269523620605
-3.4e+38 -3.4e+38 -3.4e+38 -3.4e+38 -3.4e+38 -3.4e+38 -3.4e+38 -3.4e+38 -3.4e+38 -3.4e+38 -3.4e+38 -3.4e+38 -3.4e+38 -3.4e+38 -3.4e+38 -3.4e+38 -3.4e+38 -3.4e+38 -3.4e+38 23.0306911468506 36.9294052124023 48.0842819213867 70.66943359375 93.7553863525391 110.082260131836 145.648071289062 169.202697753906 195.5966796875 203.048110961914 237.459426879883 258.564666748047 274.330780029297 281.425109863281 282.251708984375 257.394226074219 201.493927001953 162.970031738281 120.360229492188 79.5852203369141 66.2662200927734 51.6079177856445 41.8032150268555 37.3659210205078 33.8262748718262 32.3037300109863 30.3471946716309 28.5063877105713 26.5264472961426 24.7889728546143 22.9131755828857 20.5334320068359 18.7181568145752 16.2149600982666
-3.4e+38 -3.4e+38 -3.4e+38 -3.4e+38 -3.4e+38 -3.4e+38 -3.4e+38 -3.4e+38 -3.4e+38 -3.4e+38 -3.4e+38 -3.4e+38 -3.4e+38 -3.4e+38 -3.4e+38 -3.4e+38 -3.4e+38 -3.4e+38 -3.4e+38 -3.4e+38 28.3007717132568 36.0908432006836 50.4676513671875 69.8486404418945 89.6414489746094 118.107086181641 139.1015625 160.87890625 179.870712280273 209.966857910156 234.735977172852 260.098785400391 281.766204833984 307.436767578125 278.897918701172 251.999160766602 208.790115356445 161.261611938477 112.903114318848 82.5436019897461 60.8563575744629 51.6776161193848 41.6082344055176 37.2897033691406 33.5656623840332 31.2204189300537 29.3611736297607 27.0473327636719 25.0207386016846 22.8401832580566 20.6413955688477 18.8236179351807 16.5387763977051
-3.4e+38 -3.4e+38 -3.4e+38 -3.4e+38 -3.4e+38 -3.4e+38 -3.4e+38 -3.4e+38 -3.4e+38 -3.4e+38 -3.4e+38 -3.4e+38 -3.4e+38 -3.4e+38 -3.4e+38 -3.4e+38 -3.4e+38 -3.4e+38 -3.4e+38 -3.4e+38 -3.4e+38 -3.4e+38 39.5120010375977 50.1400527954102 62.9876136779785 86.7705841064453 98.8674163818359 116.416679382324 145.545013427734 162.355453491211 196.49153137207 227.993499755859 265.076263427734 299.152648925781 291.107238769531 274.889221191406 254.520553588867 204.234115600586 160.487884521484 128.714691162109 91.2014236450195 68.6281204223633 54.8358612060547 42.3428230285645 38.7853164672852 34.7706298828125 30.8186893463135 28.3002681732178 26.0807209014893 23.9276294708252 21.6384944915771 19.6653022766113 17.2786350250244
-3.4e+38 -3.4e+38 -3.4e+38 -3.4e+38 -3.4e+38 -3.4e+38 -3.4e+38 -3.4e+38 -3.4e+38 -3.4e+38 -3.4e+38 -3.4e+38 -3.4e+38 -3.4e+38 -3.4e+38 -3.4e+38 -3.4e+38 -3.4e+38 -3.4e+38 -3.4e+38 -3.4e+38 -3.4e+38 -3.4e+38 -3.4e+38 53.8105888366699 65.3457107543945 76.8238677978516 95.3736724853516 114.311882019043 133.738647460938 162.71630859375 198.083541870117 240.442520141602 263.562133789062 284.024261474609 295.667022705078 272.020965576172 237.973663330078 204.434295654297 166.16242980957 121.534805297852 98.5332336425781 72.4514465332031 55.7782592773438 47.8701934814453 38.0557441711426 34.6026763916016 29.8826923370361 27.3719959259033 25.3695297241211 23.1071472167969 21.1642894744873 18.3921508789062
-3.4e+38 -3.4e+38 -3.4e+38 -3.4e+38 -3.4e+38 -3.4e+38 -3.4e+38 -3.4e+38 -3.4e+38 -3.4e+38 -3.4e+38 -3.4e+38 -3.4e+38 -3.4e+38 -3.4e+38 -3.4e+38 -3.4e+38 -3.4e+38 -3.4e+38 -3.4e+38 -3.4e+38 -3.4e+38 -3.4e+38 -3.4e+38 -3.4e+38 -3.4e+38 59.3837928771973 71.5795669555664 86.4793167114258 103.706146240234 134.932464599609 158.078201293945 193.77702331543 218.339126586914 251.846267700195 266.600677490234 269.963897705078 255.304931640625 235.974380493164 200.888198852539 154.101913452148 129.678482055664 102.92130279541 72.9058837890625 59.0748519897461 45.0605010986328 38.0317878723145 34.4599990844727 30.4515342712402 27.8564548492432 25.3406658172607 23.0948238372803 20.8449935913086
-3.4e+38 -3.4e+38 -3.4e+38 -3.4e+38 -3.4e+38 -3.4e+38 -3.4e+38 -3.4e+38 -3.4e+38 -3.4e+38 -3.4e+38 -3.4e+38 -3.4e+38 -3.4e+38 -3.4e+38 -3.4e+38 -3.4e+38 -3.4e+38 -3.4e+38 -3.4e+38 -3.4e+38 -3.4e+38 -3.4e+38 -3.4e+38 -3.4e+38 -3.4e+38 -3.4e+38 -3.4e+38 61.0548553466797 74.4103088378906 92.9432373046875 119.382369995117 145.57194519043 167.115524291992 203.31803894043 222.628845214844 227.143463134766 246.204071044922 244.287170410156 221.474090576172 188.084976196289 158.301040649414 125.359443664551 91.7271881103516 72.7042388916016 51.7882881164551 44.9949417114258 38.0832252502441 33.750602722168 31.0563774108887 28.1927242279053 26.0564842224121 22.96923828125
-3.4e+38 -3.4e+38 -3.4e+38 -3.4e+38 -3.4e+38 -3.4e+38 -3.4e+38 -3.4e+38 -3.4e+38 -3.4e+38 -3.4e+38 -3.4e+38 -3.4e+38 -3.4e+38 -3.4e+38 -3.4e+38 -3.4e+38 -3.4e+38 -3.4e+38 -3.4e+38 -3.4e+38 -3.4e+38 -3.4e+38 -3.4e+38 -3.4e+38 -3.4e+38 -3.4e+38 -3.4e+38 42.003246307373 50.1947402954102 66.249885559082 77.6035385131836 90.6963424682617 116.524192810059 142.931259155273 162.327056884766 183.091110229492 211.142822265625 224.469924926758 209.06623840332 198.084564208984 174.962188720703 141.302551269531 107.191627502441 87.2202987670898 61.0520172119141 51.829460144043 44.9808883666992 38.1777038574219 34.977783203125 31.7546329498291 29.6009731292725 26.8419132232666
-3.4e+38 -3.4e+38 -3.4e+38 -3.4e+38 -3.4e+38 -3.4e+38 -3.4e+38 -3.4e+38 -3.4e+38 -3.4e+38 -3.4e+38 -3.4e+38 -3.4e+38 -3.4e+38 -3.4e+38 -3.4e+38 -3.4e+38 -3.4e+38 -3.4e+38 -3.4e+38 -3.4e+38 -3.4e+38 -3.4e+38 -3.4e+38 -3.4e+38 -3.4e+38 -3.4e+38 -3.4e+38 -3.4e+38 -3.4e+38 42.1171836853027 52.7187423706055 65.7919540405273 74.2730331420898 96.3070220947266 117.205924987793 133.220489501953 159.657333374023 162.515518188477 178.409027099609 186.403350830078 169.080978393555 138.927261352539 119.043411254883 94.8196258544922 68.1162567138672 57.9488296508789 48.594913482666 42.2492980957031 39.0225982666016 35.2803077697754 33.1445693969727 29.7756042480469
-3.4e+38 -3.4e+38 -3.4e+38 -3.4e+38 -3.4e+38 -3.4e+38 -3.4e+38 -3.4e+38 -3.4e+38 -3.4e+38 -3.4e+38 -3.4e+38 -3.4e+38 -3.4e+38 -3.4e+38 -3.4e+38 -3.4e+38 -3.4e+38 -3.4e+38 -3.4e+38 -3.4e+38 -3.4e+38 -3.4e+38 -3.4e+38 -3.4e+38 -3.4e+38 -3.4e+38 -3.4e+38 -3.4e+38 -3.4e+38 28.1784133911133 31.2147445678711 36.9662628173828 49.0016784667969 58.3611831665039 76.1081848144531 89.7205352783203 109.210502624512 127.127464294434 143.704406738281 160.141036987305 158.443832397461 137.976913452148 122.227203369141 98.176139831543 75.452507019043 63.8480072021484 54.6529731750488 46.4285011291504 42.9902992248535 39.1085014343262 37.0832214355469 34.2515678405762
-3.4e+38 -3.4e+38 -3.4e+38 -3.4e+38 -3.4e+38 -3.4e+38 -3.4e+38 -3.4e+38 -3.4e+38 -3.4e+38 -3.4e+38 -3.4e+38 -3.4e+38 -3.4e+38 -3.4e+38 -3.4e+38 -3.4e+38 -3.4e+38 -3.4e+38 -3.4e+38 -3.4e+38 -3.4e+38 -3.4e+38 -3.4e+38 -3.4e+38 -3.4e+38 -3.4e+38 -3.4e+38 -3.4e+38 -3.4e+38 -3.4e+38 23.2693786621094 28.3088684082031 33.0746231079102 44.4648704528809 52.3884048461914 67.4217300415039 80.7587585449219 91.502555847168 111.18342590332 132.67399597168 130.303771972656 128.120025634766 115.076774597168 99.191291809082 77.9274978637695 65.8045654296875 55.5093040466309 49.2214889526367 45.6059226989746 42.3319320678711 40.4938087463379 37.6437873840332
