meets/meet004/selection/CCSM_21k_am_bio01.asc
NCOLS 154 
NROWS 168 
XLLCORNER -112 
YLLCORNER -55.5 
CELLSIZE 0.5 
NODATA_value -3.4e+38 
[rows 48 to 71 of 168, columns 53 to 105 of 154]
-3.4e+38 -3.4e+38 -3.4e+38 -3.4e+38 -3.4e+38 -3.4e+38 -3.4e+38 -3.4e+38 -3.4e+38 -3.4e+38 -3.4e+38 -3.4e+38 -3.4e+38 -3.4e+38 -3.4e+38 -3.4e+38 20.9984970092773 18.391321182251 15.8634567260742 14.4141931533813 13.5548257827759 13.2785501480103 13.5875291824341 14.3150081634521 16.0964031219482 18.0124454498291 19.5608329772949 20.6036834716797 21.5557727813721 21.8017501831055 21.7780647277832 21.5670528411865 21.0820503234863 20.3242988586426 19.9611530303955 19.132604598999 18.3512878417969 17.6625652313232 16.3838634490967 16.4796276092529 15.9823341369629 15.8627338409424 16.181604385376 15.8270959854126 16.9013977050781 17.304126739502 17.8690547943115 18.5448932647705 18.4073657989502 18.6103439331055 17.8991966247559 18.1394729614258 19.1704349517822
-3.4e+38 -3.4e+38 -3.4e+38 -3.4e+38 -3.4e+38 -3.4e+38 -3.4e+38 -3.4e+38 -3.4e+38 -3.4e+38 -3.4e+38 -3.4e+38 -3.4e+38 -3.4e+38 -3.4e+38 -3.4e+38 20.4154930114746 17.9796104431152 15.7674150466919 14.3954133987427 13.8102369308472 13.741153717041 14.2326955795288 15.3895416259766 17.1592273712158 19.1134738922119 20.4359703063965 20.9839153289795 21.213472366333 21.3217372894287 21.2194709777832 21.052791595459 20.7948799133301 20.4578495025635 20.2566394805908 19.9929943084717 19.5501804351807 19.0660305023193 18.5723915100098 18.2022571563721 18.0294933319092 18.0490875244141 18.2899627685547 18.6484832763672 18.8810024261475 19.2112808227539 19.7598152160645 20.4861431121826 21.0469207763672 20.8947715759277 20.5787868499756 20.5523242950439 20.6206455230713
-3.4e+38 -3.4e+38 -3.4e+38 -3.4e+38 -3.4e+38 -3.4e+38 -3.4e+38 -3.4e+38 -3.4e+38 -3.4e+38 -3.4e+38 -3.4e+38 -3.4e+38 -3.4e+38 -3.4e+38 -3.4e+38 19.5996150970459 17.3639698028564 15.3307323455811 14.5176029205322 14.1355438232422 14.2604913711548 15.0443267822266 16.1923084259033 18.044994354248 19.9884834289551 21.0619659423828 21.0118789672852 20.9080200195312 20.9024028778076 20.7686157226562 20.6896228790283 20.6617546081543 20.6861476898193 20.6648120880127 20.9454383850098 20.7820148468018 20.4080696105957 20.5812759399414 19.8699760437012 19.9514255523682 20.0687217712402 20.2456874847412 21.225227355957 20.7042350769043 20.9291515350342 21.4080696105957 22.0898189544678 23.4900588989258 22.6953563690186 22.7679557800293 22.5376243591309 21.7738189697266
-3.4e+38 -3.4e+38 -3.4e+38 -3.4e+38 -3.4e+38 -3.4e+38 -3.4e+38 -3.4e+38 -3.4e+38 -3.4e+38 -3.4e+38 -3.4e+38 -3.4e+38 -3.4e+38 -3.4e+38 -3.4e+38 17.8732891082764 16.561206817627 15.5414571762085 14.9302806854248 14.8403882980347 15.2171878814697 16.045036315918 17.2132415771484 18.6738147735596 20.0160179138184 20.8009872436523 20.8758640289307 20.7271633148193 20.6786861419678 20.6263236999512 20.6216373443604 20.6504535675049 20.7374496459961 20.9013671875 21.1081771850586 21.0557346343994 20.8335800170898 20.6795959472656 20.4763126373291 20.56276512146 20.7154998779297 20.9555015563965 21.3879737854004 21.4390048980713 21.6728782653809 22.0063171386719 22.3706340789795 22.8145523071289 22.7337455749512 22.5557632446289 22.2707176208496 21.761474609375
-3.4e+38 -3.4e+38 -3.4e+38 -3.4e+38 -3.4e+38 -3.4e+38 -3.4e+38 -3.4e+38 -3.4e+38 -3.4e+38 -3.4e+38 -3.4e+38 -3.4e+38 -3.4e+38 19.3583393096924 17.3907871246338 16.0963516235352 15.6531038284302 15.534200668335 15.5835399627686 15.8851413726807 16.4688186645508 17.2941513061523 18.1882495880127 19.1577339172363 20.0077514648438 20.5440120697021 20.5950870513916 20.5599403381348 20.5785999298096 20.5757064819336 20.6083087921143 20.6574649810791 20.7429466247559 20.9049472808838 21.0778884887695 21.0133304595947 20.7781047821045 20.5241794586182 20.4576759338379 20.5572242736816 20.7043495178223 20.9306354522705 21.2326278686523 21.5037803649902 21.7490253448486 21.9436435699463 21.9561405181885 21.9512329101562 21.9391422271729 21.7153720855713 21.4857044219971 21.1541881561279
-3.4e+38 -3.4e+38 -3.4e+38 -3.4e+38 -3.4e+38 -3.4e+38 -3.4e+38 -3.4e+38 -3.4e+38 -3.4e+38 -3.4e+38 -3.4e+38 -3.4e+38 20.0021839141846 17.906229019165 15.7453851699829 14.7294816970825 14.8601093292236 15.4658908843994 16.4381999969482 17.6071300506592 18.4185447692871 18.8241806030273 19.2771663665771 19.6820449829102 20.0137615203857 20.29368019104 20.4082546234131 20.4539623260498 20.5416259765625 20.598991394043 20.6712207794189 20.7270088195801 20.802417755127 20.9618110656738 21.0791625976562 21.0077362060547 20.7733154296875 20.5437259674072 20.4440116882324 20.4429054260254 20.5618782043457 20.7892475128174 21.0597457885742 21.3617572784424 21.5895748138428 21.6802291870117 21.6293697357178 21.4484996795654 21.3322925567627 21.1105556488037 20.9266529083252 20.7563400268555
-3.4e+38 -3.4e+38 -3.4e+38 -3.4e+38 -3.4e+38 -3.4e+38 -3.4e+38 -3.4e+38 -3.4e+38 -3.4e+38 -3.4e+38 -3.4e+38 -3.4e+38 18.8369731903076 16.646556854248 14.5425291061401 13.8500852584839 14.6135730743408 15.6545553207397 17.2318077087402 18.9877548217773 19.873664855957 19.9106044769287 20.0811233520508 20.0668048858643 20.0476570129395 20.1671409606934 20.2631359100342 20.3918266296387 20.5188179016113 20.6349945068359 20.7447471618652 20.8002300262451 20.8680171966553 21.0030841827393 21.1176166534424 21.0411128997803 20.8175163269043 20.5737743377686 20.4454116821289 20.4181022644043 20.4983787536621 20.6919651031494 20.9477291107178 21.2507076263428 21.4811897277832 21.5531177520752 21.4038028717041 21.133373260498 21.0384082794189 20.7844200134277 20.6203002929688 20.5335559844971
-3.4e+38 -3.4e+38 -3.4e+38 -3.4e+38 -3.4e+38 -3.4e+38 -3.4e+38 -3.4e+38 -3.4e+38 -3.4e+38 -3.4e+38 21.0235900878906 19.3496875762939 17.4113311767578 15.6193723678589 14.2343311309814 14.0106611251831 14.8777542114258 16.3966827392578 18.0377902984619 19.5872707366943 20.4798183441162 20.4901371002197 20.284122467041 20.2542171478271 20.2107086181641 20.2136383056641 20.3013553619385 20.3566246032715 20.5591201782227 20.7153663635254 20.8321208953857 20.8976745605469 20.9446296691895 21.0551986694336 21.1195278167725 21.0763397216797 20.9166450500488 20.7236938476562 20.6317253112793 20.5709037780762 20.6497478485107 20.8454914093018 21.0466003417969 21.3103046417236 21.4875087738037 21.4891967773438 21.3628730773926 21.1203060150146 20.9196491241455 20.6750831604004 20.5106449127197 20.4250526428223
-3.4e+38 -3.4e+38 -3.4e+38 -3.4e+38 -3.4e+38 -3.4e+38 -3.4e+38 -3.4e+38 -3.4e+38 -3.4e+38 -3.4e+38 19.9204711914062 18.1604251861572 16.3614368438721 15.0478630065918 14.1660861968994 14.2390336990356 15.3416519165039 16.8894786834717 18.4840869903564 20.0247764587402 20.8607501983643 20.7572727203369 20.5573806762695 20.5592041015625 20.4988174438477 20.5150547027588 20.5562076568604 20.5673141479492 20.735424041748 20.869176864624 20.953577041626 20.9954166412354 21.014030456543 21.0808334350586 21.1382484436035 21.1256790161133 21.0466213226318 20.9635200500488 20.9537315368652 20.9560298919678 21.0228042602539 21.157657623291 21.2777328491211 21.4376754760742 21.5520839691162 21.5294723510742 21.3743915557861 21.16623878479 20.9739303588867 20.7301139831543 20.5933685302734 20.5296192169189
-3.4e+38 -3.4e+38 -3.4e+38 -3.4e+38 -3.4e+38 -3.4e+38 -3.4e+38 -3.4e+38 -3.4e+38 -3.4e+38 19.7292823791504 18.4187240600586 17.0980205535889 15.6666145324707 14.7722930908203 14.331992149353 14.6984462738037 15.7201633453369 17.0924530029297 18.7745304107666 20.2636299133301 21.0694351196289 21.0926036834717 20.9789543151855 20.9385833740234 20.9871082305908 20.992919921875 20.9600582122803 21.0223026275635 21.0302658081055 21.0685596466064 21.0965385437012 21.076961517334 21.0785713195801 21.1001281738281 21.1293430328369 21.1658821105957 21.212329864502 21.2926940917969 21.3417816162109 21.4997386932373 21.5730419158936 21.553394317627 21.6278476715088 21.6226921081543 21.6220626831055 21.5539989471436 21.4213695526123 21.2714748382568 21.0968914031982 20.946683883667 20.8416576385498 20.7934055328369
-3.4e+38 -3.4e+38 -3.4e+38 -3.4e+38 -3.4e+38 -3.4e+38 -3.4e+38 -3.4e+38 -3.4e+38 -3.4e+38 18.9417610168457 17.6789207458496 16.5641899108887 15.4644317626953 14.8120088577271 14.5833797454834 15.0398988723755 16.1361751556396 17.5398807525635 19.0886726379395 20.440990447998 21.2163982391357 21.2701396942139 21.1917133331299 21.1878986358643 21.2557678222656 21.280029296875 21.2477550506592 21.2807273864746 21.2400379180908 21.2326946258545 21.2208423614502 21.1865386962891 21.1681232452393 21.1664772033691 21.1834621429443 21.2266006469727 21.3026542663574 21.4386882781982 21.5417804718018 21.727596282959 21.7924041748047 21.73486328125 21.7470169067383 21.679313659668 21.6503620147705 21.5809688568115 21.4708213806152 21.3689270019531 21.2414894104004 21.1425170898438 21.0805511474609 21.0572452545166
-3.4e+38 -3.4e+38 -3.4e+38 -3.4e+38 -3.4e+38 -3.4e+38 -3.4e+38 -3.4e+38 -3.4e+38 19.99391746521 18.7677249908447 17.5901031494141 16.5965194702148 15.6898717880249 15.0924444198608 14.8188362121582 15.3758821487427 16.6884346008301 18.2237434387207 19.5179843902588 20.598482131958 21.2566833496094 21.2882919311523 21.2243747711182 21.2754154205322 21.3115844726562 21.3387622833252 21.3496952056885 21.3463745117188 21.3368530273438 21.3304443359375 21.307279586792 21.2825107574463 21.2716464996338 21.2621765136719 21.2645359039307 21.3081569671631 21.3531112670898 21.4289398193359 21.5555744171143 21.6560840606689 21.7128810882568 21.7148475646973 21.6722793579102 21.6611213684082 21.6324062347412 21.5787181854248 21.5251312255859 21.4520320892334 21.3750534057617 21.3038272857666 21.2688446044922 21.258731842041
-3.4e+38 -3.4e+38 -3.4e+38 -3.4e+38 -3.4e+38 -3.4e+38 -3.4e+38 -3.4e+38 -3.4e+38 19.9809436798096 18.8079891204834 17.7394886016846 16.9177227020264 16.2151508331299 15.5997200012207 15.3622722625732 15.8957843780518 17.1726455688477 18.6351222991943 19.80419921875 20.694393157959 21.2620296478271 21.3121070861816 21.2474575042725 21.2920417785645 21.3311424255371 21.3628902435303 21.3745422363281 21.3812026977539 21.3768424987793 21.3730335235596 21.367826461792 21.3567142486572 21.3563671112061 21.3549709320068 21.3632526397705 21.388313293457 21.4158020019531 21.4579067230225 21.5273513793945 21.5917797088623 21.6312484741211 21.6385612487793 21.6301250457764 21.6264533996582 21.6152801513672 21.5952014923096 21.5716819763184 21.5402717590332 21.4860324859619 21.442850112915 21.4178810119629 21.4077167510986
-3.4e+38 -3.4e+38 -3.4e+38 -3.4e+38 -3.4e+38 -3.4e+38 -3.4e+38 -3.4e+38 -3.4e+38 19.9988594055176 18.8744621276855 17.9493103027344 17.3347930908203 16.8327121734619 16.2486667633057 15.9656324386597 16.4463024139404 17.6314144134521 18.9686145782471 20.0106792449951 20.7847480773926 21.2632160186768 21.3103790283203 21.2769069671631 21.328275680542 21.367603302002 21.3973789215088 21.4043045043945 21.4025936126709 21.4062938690186 21.401912689209 21.4054546356201 21.4143486022949 21.4240112304688 21.433910369873 21.4550762176514 21.4767837524414 21.4886245727539 21.5275707244873 21.5524482727051 21.580265045166 21.6076469421387 21.6181964874268 21.622688293457 21.6277713775635 21.6243019104004 21.6225147247314 21.6244888305664 21.6269016265869 21.5829753875732 21.5552711486816 21.5402069091797 21.5316162109375
-3.4e+38 -3.4e+38 -3.4e+38 -3.4e+38 -3.4e+38 -3.4e+38 -3.4e+38 -3.4e+38 -3.4e+38 -3.4e+38 19.0024948120117 18.1730880737305 17.7178287506104 17.4021835327148 16.8596477508545 16.6328411102295 17.0449047088623 18.0576305389404 19.2378311157227 20.1657276153564 20.8384437561035 21.2803516387939 21.3446235656738 21.3070697784424 21.3553104400635 21.3959560394287 21.4268779754639 21.4341640472412 21.4329643249512 21.4313526153564 21.4329948425293 21.4451065063477 21.4653377532959 21.4871635437012 21.495792388916 21.5075073242188 21.5237903594971 21.5340118408203 21.5597820281982 21.5740661621094 21.5941638946533 21.6157112121582 21.6263618469238 21.6384353637695 21.6413059234619 21.6434535980225 21.6443824768066 21.6448955535889 21.6469459533691 21.6238441467285 21.6118583679199 21.6037368774414 21.5987548828125
-3.4e+38 -3.4e+38 -3.4e+38 -3.4e+38 -3.4e+38 -3.4e+38 -3.4e+38 -3.4e+38 -3.4e+38 -3.4e+38 -3.4e+38 18.2335929870605 17.9005908966064 17.8565120697021 17.3265590667725 17.1422920227051 17.5617599487305 18.5305976867676 19.5693550109863 20.3971538543701 20.9764041900635 21.3375968933105 21.360071182251 21.3333625793457 21.3782711029053 21.4240550994873 21.4523468017578 21.4578113555908 21.4631099700928 21.463285446167 21.4668960571289 21.4817962646484 21.5120887756348 21.5470008850098 21.5385971069336 21.5328693389893 21.5415840148926 21.5494976043701 21.5734710693359 21.5800132751465 21.6043014526367 21.627477645874 21.6377906799316 21.6616096496582 21.66162109375 21.6612548828125 21.6624164581299 21.6543445587158 21.6414623260498 21.6389598846436 21.6337985992432 21.6304359436035 21.6344776153564
-3.4e+38 -3.4e+38 -3.4e+38 -3.4e+38 -3.4e+38 -3.4e+38 -3.4e+38 -3.4e+38 -3.4e+38 20.1564636230469 18.8081951141357 17.9480800628662 17.6502017974854 17.6114711761475 17.4652061462402 17.5671901702881 18.1171398162842 19.0624523162842 20.0271682739258 20.6943950653076 21.1032543182373 21.3810253143311 21.4147071838379 21.3789138793945 21.4026165008545 21.4209022521973 21.4480762481689 21.4708042144775 21.4879817962646 21.5007591247559 21.5106239318848 21.5269985198975 21.5474796295166 21.5611190795898 21.5587139129639 21.5499286651611 21.5478649139404 21.5438671112061 21.5486221313477 21.5540294647217 21.5694370269775 21.5968151092529 21.6259822845459 21.6544208526611 21.6599807739258 21.6585445404053 21.6606006622314 21.6608352661133 21.6580924987793 21.6401786804199 21.6252193450928 21.6204051971436 21.6328582763672
-3.4e+38 -3.4e+38 -3.4e+38 -3.4e+38 -3.4e+38 -3.4e+38 -3.4e+38 -3.4e+38 21.6846618652344 20.1926574707031 18.5303440093994 17.6226692199707 17.4641132354736 17.2352695465088 17.5574150085449 17.9480724334717 18.6520290374756 19.6420707702637 20.6105556488037 21.1114845275879 21.3239212036133 21.4747314453125 21.4664287567139 21.4319534301758 21.4438400268555 21.4300403594971 21.450216293335 21.4928283691406 21.5149059295654 21.5422344207764 21.5569534301758 21.5704402923584 21.5792484283447 21.5742263793945 21.5804271697998 21.5666179656982 21.5555248260498 21.539005279541 21.5174179077148 21.5274105072021 21.5274391174316 21.5554294586182 21.6014289855957 21.6459941864014 21.6489486694336 21.6457233428955 21.6527099609375 21.6628932952881 21.6759338378906 21.6368885040283 21.604190826416 21.5921306610107 21.6126918792725
-3.4e+38 -3.4e+38 -3.4e+38 -3.4e+38 -3.4e+38 -3.4e+38 -3.4e+38 -3.4e+38 21.2908782958984 20.1476402282715 18.7415008544922 17.8591117858887 17.5585536956787 17.6632404327393 17.7725105285645 18.314395904541 19.0744876861572 20.0100650787354 21.0325794219971 21.3823356628418 21.5343284606934 21.6466217041016 21.5768699645996 21.5108890533447 21.4832363128662 21.482027053833 21.498176574707 21.5178852081299 21.5548648834229 21.5745697021484 21.5947799682617 21.6096496582031 21.613941192627 21.6170482635498 21.6117343902588 21.5972461700439 21.5799446105957 21.5543117523193 21.5302429199219 21.5227680206299 21.522985458374 21.5441875457764 21.5769519805908 21.606782913208 21.6235122680664 21.6325702667236 21.6412601470947 21.6456699371338 21.6426830291748 21.6134986877441 21.5831756591797 21.5648059844971 21.567440032959
-3.4e+38 -3.4e+38 -3.4e+38 -3.4e+38 -3.4e+38 -3.4e+38 -3.4e+38 -3.4e+38 -3.4e+38 20.215124130249 19.0686111450195 18.2265644073486 17.8340930938721 17.7462768554688 17.4585990905762 18.0149345397949 18.7460327148438 19.6073226928711 21.115306854248 21.3694915771484 21.6636543273926 21.8265991210938 21.6725006103516 21.5624256134033 21.4721240997314 21.4903717041016 21.5007305145264 21.4995746612549 21.5634059906006 21.5641117095947 21.6033992767334 21.6274280548096 21.6309680938721 21.65159034729 21.6403846740723 21.6312408447266 21.6128730773926 21.5785541534424 21.5492496490479 21.539831161499 21.5324993133545 21.5430316925049 21.5584735870361 21.573881149292 21.5895290374756 21.6047306060791 21.610538482666 21.6036701202393 21.6011638641357 21.5674343109131 21.5417442321777 21.5212898254395 21.5173263549805
-3.4e+38 -3.4e+38 -3.4e+38 -3.4e+38 -3.4e+38 -3.4e+38 -3.4e+38 -3.4e+38 -3.4e+38 20.3290100097656 19.7965068817139 18.8877048492432 17.7261581420898 16.8448734283447 16.2537937164307 16.2698383331299 16.8679828643799 17.9984607696533 19.4085178375244 20.6978988647461 21.7708435058594 22.2141189575195 21.8687171936035 21.447172164917 21.3828544616699 21.4121990203857 21.4308280944824 21.4283885955811 21.4351863861084 21.5012340545654 21.5716094970703 21.6149654388428 21.6342525482178 21.6424884796143 21.663366317749 21.6674098968506 21.6549549102783 21.6240043640137 21.5877304077148 21.5720405578613 21.5580806732178 21.5525131225586 21.5493106842041 21.5476894378662 21.5497589111328 21.5489444732666 21.5445575714111 21.5336532592773 21.5168781280518 21.4925594329834 21.4685134887695 21.4522800445557 21.459451675415
-3.4e+38 -3.4e+38 -3.4e+38 -3.4e+38 -3.4e+38 -3.4e+38 -3.4e+38 -3.4e+38 -3.4e+38 20.3600521087646 20.2613487243652 19.2332992553711 17.4474277496338 15.7854928970337 14.8548889160156 14.291729927063 14.7741537094116 16.0948486328125 17.7418117523193 19.9473133087158 21.9025650024414 22.6437873840332 22.0677642822266 21.3624801635742 21.3046875 21.3860321044922 21.4040813446045 21.378490447998 21.3421993255615 21.4348049163818 21.5429706573486 21.6015090942383 21.6294803619385 21.6472549438477 21.6911125183105 21.7208824157715 21.715482711792 21.681224822998 21.6355800628662 21.6095294952393 21.5843048095703 21.5636768341064 21.5401954650879 21.5225257873535 21.5098819732666 21.4904594421387 21.4756717681885 21.4571762084961 21.4336338043213 21.4124183654785 21.3912506103516 21.3800182342529 21.4024753570557
-3.4e+38 -3.4e+38 -3.4e+38 -3.4e+38 -3.4e+38 -3.4e+38 -3.4e+38 -3.4e+38 -3.4e+38 -3.4e+38 -3.4e+38 19.0723419189453 17.2263832092285 15.2461137771606 13.7586183547974 12.8645296096802 13.1138162612915 14.4230613708496 16.4911918640137 19.3405094146729 22.0366516113281 23.1249027252197 22.3592414855957 21.42307472229 21.3236274719238 21.4954662322998 21.5270481109619 21.4308166503906 21.3579292297363 21.4285125732422 21.5404281616211 21.6098613739014 21.6464385986328 21.678861618042 21.7478885650635 21.8052654266357 21.8098964691162 21.7659473419189 21.7055034637451 21.6629371643066 21.6160583496094 21.5752754211426 21.5437164306641 21.5045185089111 21.4779529571533 21.4438343048096 21.4147911071777 21.3922634124756 21.363410949707 21.3435649871826 21.3239040374756 21.3164157867432 21.3398017883301
-3.4e+38 -3.4e+38 -3.4e+38 -3.4e+38 -3.4e+38 -3.4e+38 -3.4e+38 -3.4e+38 -3.4e+38 -3.4e+38 -3.4e+38 19.0625648498535 17.2857322692871 15.0403909683228 13.1997489929199 11.6567211151123 11.6783857345581 13.0504331588745 15.3124599456787 18.7491588592529 22.0967216491699 23.4150829315186 22.4947338104248 21.4527492523193 21.4222755432129 21.6595973968506 21.6850471496582 21.5265483856201 21.400182723999 21.4549560546875 21.569522857666 21.635534286499 21.670747756958 21.7219390869141 21.8103942871094 21.8996524810791 21.9106292724609 21.8533535003662 21.7828025817871 21.7255229949951 21.6639194488525 21.6077728271484 21.5582580566406 21.5048694610596 21.4635810852051 21.414270401001 21.3779163360596 21.3479690551758 21.3108787536621 21.2927398681641 21.2714042663574 21.2665786743164 21.2936172485352
