meets/meet004/selection/CCSM_0k_am_bio02.asc
NCOLS 154 
NROWS 168 
XLLCORNER -112 
YLLCORNER -55.5 
CELLSIZE 0.5 
NODATA_value -3.4e+38 
[rows 48 to 71 of 168, columns 53 to 105 of 154]
-3.4e+38 -3.4e+38 -3.4e+38 -3.4e+38 -3.4e+38 -3.4e+38 -3.4e+38 -3.4e+38 -3.4e+38 -3.4e+38 -3.4e+38 -3.4e+38 -3.4e+38 -3.4e+38 -3.4e+38 -3.4e+38 3.34627103805542 6.02447080612183 8.4338436126709 8.51208686828613 8.00242519378662 7.72755146026611 7.36650705337524 7.10189485549927 7.10782527923584 7.14027786254883 7.10494947433472 7.02416896820068 6.89413166046143 6.83529329299927 6.79959917068481 6.79831266403198 6.76053333282471 6.81473016738892 7.36266279220581 7.81655693054199 8.31586360931396 8.78049468994141 8.91864967346191 9.19470500946045 9.08245849609375 9.00744819641113 8.9201717376709 8.60656642913818 8.76410675048828 8.80308437347412 8.52873420715332 8.07868671417236 7.59017467498779 7.08839130401611 6.6312460899353 6.56579208374023 6.90354251861572
-3.4e+38 -3.4e+38 -3.4e+38 -3.4e+38 -3.4e+38 -3.4e+38 -3.4e+38 -3.4e+38 -3.4e+38 -3.4e+38 -3.4e+38 -3.4e+38 -3.4e+38 -3.4e+38 -3.4e+38 -3.4e+38 3.58380007743835 5.95306777954102 7.71822309494019 8.16166305541992 7.69000148773193 7.45753145217896 7.18951082229614 7.0419340133667 7.14854764938354 7.34025287628174 7.33532428741455 7.17709064483643 7.00028133392334 6.90089178085327 6.84688854217529 6.81001234054565 6.75676584243774 6.83538007736206 7.14650058746338 7.57610654830933 8.10546398162842 8.70209503173828 9.1425952911377 9.34541416168213 9.35106658935547 9.33325290679932 9.23949146270752 9.15960693359375 9.12222480773926 9.05692958831787 8.74968242645264 8.24884986877441 7.7716646194458 7.43589496612549 7.26527214050293 7.21694040298462 7.32755327224731
-3.4e+38 -3.4e+38 -3.4e+38 -3.4e+38 -3.4e+38 -3.4e+38 -3.4e+38 -3.4e+38 -3.4e+38 -3.4e+38 -3.4e+38 -3.4e+38 -3.4e+38 -3.4e+38 -3.4e+38 -3.4e+38 4.07639122009277 6.10658597946167 7.63060569763184 7.74288845062256 7.37618684768677 7.18664216995239 7.03599405288696 6.92751741409302 7.19975471496582 7.53334522247314 7.55082559585571 7.28752613067627 7.06588649749756 6.94603872299194 6.89124155044556 6.84966802597046 6.78969573974609 6.83265447616577 7.10984182357788 7.47466373443604 8.00982856750488 8.69110774993896 9.44483089447021 9.45971775054932 9.59123229980469 9.62500762939453 9.5133171081543 9.60506725311279 9.37735462188721 9.26959228515625 8.94653701782227 8.39725112915039 7.9097695350647 7.80534172058105 7.87023448944092 7.83829212188721 7.77597665786743
-3.4e+38 -3.4e+38 -3.4e+38 -3.4e+38 -3.4e+38 -3.4e+38 -3.4e+38 -3.4e+38 -3.4e+38 -3.4e+38 -3.4e+38 -3.4e+38 -3.4e+38 -3.4e+38 -3.4e+38 -3.4e+38 5.49894285202026 6.65411758422852 7.37506008148193 7.51316022872925 7.2005558013916 7.09713840484619 7.03519630432129 7.05435228347778 7.25546836853027 7.45877408981323 7.45944833755493 7.27741146087646 7.0747857093811 6.96592044830322 6.92974042892456 6.89968395233154 6.86474657058716 6.94508028030396 7.14947366714478 7.49288463592529 7.95711040496826 8.50072383880615 8.97514533996582 9.20633029937744 9.31033420562744 9.38042259216309 9.37017917633057 9.37575626373291 9.2874927520752 9.202392578125 8.94945049285889 8.55261611938477 8.28436279296875 8.06836795806885 8.03761005401611 8.02490711212158 8.0545015335083
-3.4e+38 -3.4e+38 -3.4e+38 -3.4e+38 -3.4e+38 -3.4e+38 -3.4e+38 -3.4e+38 -3.4e+38 -3.4e+38 -3.4e+38 -3.4e+38 -3.4e+38 -3.4e+38 3.6203408241272 5.51109457015991 6.70096302032471 6.99522495269775 7.31212711334229 7.35140085220337 7.16580963134766 7.17473268508911 7.20142793655396 7.19304323196411 7.29999685287476 7.39544725418091 7.35308074951172 7.20290088653564 7.04254913330078 6.97557687759399 6.95920372009277 6.94350719451904 6.92190170288086 7.00687313079834 7.2223072052002 7.49781370162964 7.87321138381958 8.26766395568848 8.58119201660156 8.79968547821045 8.87656021118164 8.94999408721924 8.98637866973877 9.01969051361084 8.97308731079102 8.97169589996338 8.80837154388428 8.54957962036133 8.40753650665283 8.13031005859375 8.0563268661499 8.06711673736572 8.17736530303955
-3.4e+38 -3.4e+38 -3.4e+38 -3.4e+38 -3.4e+38 -3.4e+38 -3.4e+38 -3.4e+38 -3.4e+38 -3.4e+38 -3.4e+38 -3.4e+38 -3.4e+38 3.31182742118835 4.74707460403442 5.99726438522339 6.75614976882935 6.87634754180908 6.79937076568604 7.06939506530762 7.38245820999146 7.51926279067993 7.49769449234009 7.45849275588989 7.39478158950806 7.33087491989136 7.2463846206665 7.14257431030273 7.05523777008057 6.9981255531311 6.97901964187622 6.97789144515991 6.97336149215698 7.06709623336792 7.26467800140381 7.54553318023682 7.83762216567993 8.11797714233398 8.34679508209229 8.44925594329834 8.46804428100586 8.50730514526367 8.52722549438477 8.53918361663818 8.57604026794434 8.59589290618896 8.50526142120361 8.313307762146 8.13822937011719 8.0098352432251 7.9853253364563 8.04873561859131 8.21895027160645
-3.4e+38 -3.4e+38 -3.4e+38 -3.4e+38 -3.4e+38 -3.4e+38 -3.4e+38 -3.4e+38 -3.4e+38 -3.4e+38 -3.4e+38 -3.4e+38 -3.4e+38 4.96811485290527 5.95001220703125 6.48751401901245 6.81163692474365 6.65230703353882 6.50144481658936 7.01750516891479 7.55535793304443 7.74418497085571 7.65046119689941 7.5665807723999 7.39246320724487 7.26947212219238 7.16943645477295 7.08724975585938 7.03677177429199 6.98903179168701 6.98838806152344 6.99961423873901 7.00038051605225 7.0879693031311 7.28589248657227 7.54393100738525 7.7822437286377 7.96311473846436 8.11576080322266 8.15314292907715 8.10327529907227 8.10008430480957 8.09897041320801 8.08583736419678 8.15458583831787 8.19827079772949 8.14906311035156 8.01807498931885 7.87690448760986 7.83808040618896 7.86907482147217 7.96807909011841 8.18146419525146
-3.4e+38 -3.4e+38 -3.4e+38 -3.4e+38 -3.4e+38 -3.4e+38 -3.4e+38 -3.4e+38 -3.4e+38 -3.4e+38 -3.4e+38 4.19737005233765 5.86276960372925 7.28969573974609 7.33623313903809 6.88717031478882 6.70739507675171 6.67122745513916 6.76713466644287 7.13920021057129 7.58081865310669 7.73796272277832 7.56404542922974 7.32798480987549 7.26458644866943 7.23250675201416 7.15001201629639 7.05146408081055 6.96992683410645 6.97183465957642 6.99811553955078 7.02397012710571 7.03544044494629 7.11086511611938 7.2731351852417 7.48349857330322 7.63906955718994 7.75831270217896 7.81546068191528 7.83486175537109 7.79042339324951 7.7631311416626 7.74441814422607 7.71382665634155 7.77934169769287 7.81316661834717 7.81335878372192 7.76975250244141 7.72450304031372 7.72167730331421 7.76764965057373 7.89617443084717 8.08910179138184
-3.4e+38 -3.4e+38 -3.4e+38 -3.4e+38 -3.4e+38 -3.4e+38 -3.4e+38 -3.4e+38 -3.4e+38 -3.4e+38 -3.4e+38 5.6026463508606 7.30871295928955 8.71233081817627 8.29265022277832 7.3166389465332 6.95349025726318 6.80671501159668 6.91614198684692 7.19202375411987 7.57311010360718 7.65486574172974 7.41174364089966 7.16913223266602 7.16556310653687 7.19767475128174 7.15061378479004 7.05507516860962 6.96114015579224 6.97713136672974 7.02377557754517 7.05346918106079 7.06289768218994 7.11370754241943 7.2391562461853 7.38303136825562 7.49406909942627 7.54140949249268 7.56987857818604 7.60856008529663 7.57192897796631 7.55699634552002 7.53487539291382 7.4746470451355 7.51601934432983 7.53476667404175 7.54720401763916 7.57411766052246 7.58466243743896 7.62904500961304 7.69697523117065 7.83321285247803 8.01715564727783
-3.4e+38 -3.4e+38 -3.4e+38 -3.4e+38 -3.4e+38 -3.4e+38 -3.4e+38 -3.4e+38 -3.4e+38 -3.4e+38 4.60217714309692 6.46801567077637 8.05284881591797 8.90816783905029 8.65365982055664 7.81921243667603 7.28687238693237 6.98301410675049 6.92613363265991 7.19386768341064 7.49610614776611 7.53012990951538 7.33970403671265 7.13722515106201 7.13865375518799 7.20388078689575 7.18246412277222 7.09156322479248 7.0216498374939 7.02773332595825 7.06826782226562 7.09611654281616 7.10209846496582 7.12807512283325 7.2107982635498 7.28895902633667 7.33691883087158 7.36642742156982 7.36821937561035 7.42652797698975 7.48743629455566 7.48255825042725 7.42307472229004 7.37718105316162 7.35640859603882 7.34360456466675 7.37211799621582 7.41050624847412 7.46199226379395 7.55029535293579 7.65186929702759 7.8101978302002 8.00420093536377
-3.4e+38 -3.4e+38 -3.4e+38 -3.4e+38 -3.4e+38 -3.4e+38 -3.4e+38 -3.4e+38 -3.4e+38 -3.4e+38 5.14751291275024 7.00794219970703 8.4810094833374 9.21348476409912 8.80063724517822 7.87922716140747 7.34671592712402 7.06343507766724 7.05367231369019 7.2476634979248 7.47718000411987 7.50003719329834 7.32607126235962 7.14595556259155 7.15895462036133 7.22049856185913 7.20296430587769 7.12739658355713 7.06776094436646 7.08040332794189 7.12207555770874 7.14557886123657 7.14880561828613 7.15490913391113 7.20494508743286 7.23759174346924 7.26011228561401 7.25474786758423 7.23816013336182 7.29587936401367 7.34701585769653 7.34552574157715 7.30334615707397 7.25196266174316 7.23051166534424 7.21312522888184 7.24927234649658 7.32223606109619 7.3940954208374 7.49738597869873 7.60894966125488 7.77617692947388 7.96275043487549
-3.4e+38 -3.4e+38 -3.4e+38 -3.4e+38 -3.4e+38 -3.4e+38 -3.4e+38 -3.4e+38 -3.4e+38 3.09849667549133 5.51147317886353 7.4148850440979 8.86498832702637 9.72835063934326 8.97673988342285 7.6458740234375 7.10087585449219 7.11933183670044 7.2747368812561 7.39839553833008 7.53902959823608 7.52420902252197 7.34448480606079 7.18502235412598 7.1957106590271 7.23906564712524 7.22433853149414 7.16384410858154 7.10190629959106 7.1340594291687 7.1816349029541 7.20127105712891 7.20457744598389 7.20309162139893 7.2286205291748 7.24983215332031 7.23806238174438 7.20073318481445 7.1586275100708 7.18176221847534 7.17456483840942 7.17108964920044 7.15932893753052 7.10567331314087 7.13419532775879 7.13671255111694 7.18665981292725 7.28349113464355 7.37335729598999 7.46995496749878 7.56557703018188 7.72674703598022 7.90770149230957
-3.4e+38 -3.4e+38 -3.4e+38 -3.4e+38 -3.4e+38 -3.4e+38 -3.4e+38 -3.4e+38 -3.4e+38 3.09426403045654 5.36620664596558 7.26270484924316 8.7810754776001 9.4986743927002 8.82332801818848 7.57292890548706 7.07535076141357 7.17891311645508 7.41938972473145 7.54213380813599 7.59613609313965 7.56123065948486 7.41336536407471 7.27980709075928 7.27879810333252 7.30796337127686 7.28917503356934 7.23593997955322 7.18897676467896 7.2137975692749 7.25478219985962 7.27093839645386 7.26810169219971 7.25813150405884 7.27162408828735 7.27312183380127 7.25117111206055 7.20578002929688 7.14675188064575 7.13753366470337 7.1156153678894 7.11054182052612 7.12100648880005 7.10917615890503 7.15415239334106 7.17409801483154 7.22449970245361 7.2950325012207 7.361243724823 7.45560455322266 7.55401468276978 7.70282554626465 7.86807346343994
-3.4e+38 -3.4e+38 -3.4e+38 -3.4e+38 -3.4e+38 -3.4e+38 -3.4e+38 -3.4e+38 -3.4e+38 2.98280119895935 4.95609712600708 6.77461910247803 8.40005397796631 9.20855140686035 8.73705959320068 7.57389450073242 7.1653265953064 7.35211038589478 7.57797574996948 7.66126871109009 7.66005086898804 7.61162185668945 7.50991296768188 7.39776039123535 7.39499092102051 7.41577577590942 7.39217519760132 7.34204196929932 7.29937791824341 7.31729698181152 7.345374584198 7.35056209564209 7.34049797058105 7.32266807556152 7.32306528091431 7.31385040283203 7.28368043899536 7.24114894866943 7.18060970306396 7.16211795806885 7.14271926879883 7.14515972137451 7.17384004592896 7.20925426483154 7.25969934463501 7.29871320724487 7.34436368942261 7.35995054244995 7.36343097686768 7.48554277420044 7.58375978469849 7.70767498016357 7.85658168792725
-3.4e+38 -3.4e+38 -3.4e+38 -3.4e+38 -3.4e+38 -3.4e+38 -3.4e+38 -3.4e+38 -3.4e+38 -3.4e+38 4.51089525222778 6.29696702957153 8.1005973815918 9.02658367156982 8.7424955368042 7.72502946853638 7.37089347839355 7.52974128723145 7.75625276565552 7.80906915664673 7.77432584762573 7.72415113449097 7.64434909820557 7.56070852279663 7.53799057006836 7.52781200408936 7.49630260467529 7.45429754257202 7.41901636123657 7.4278736114502 7.44153594970703 7.43516826629639 7.41423988342285 7.38518619537354 7.38343191146851 7.37499523162842 7.3502254486084 7.31561183929443 7.2685489654541 7.24256563186646 7.22344207763672 7.23345518112183 7.27045869827271 7.3218789100647 7.38882112503052 7.44868040084839 7.49704551696777 7.51386499404907 7.53252696990967 7.59856033325195 7.66699647903442 7.75755548477173 7.86312437057495
-3.4e+38 -3.4e+38 -3.4e+38 -3.4e+38 -3.4e+38 -3.4e+38 -3.4e+38 -3.4e+38 -3.4e+38 -3.4e+38 -3.4e+38 6.07894229888916 8.10900497436523 9.45208168029785 8.89365768432617 7.87604093551636 7.58096313476562 7.76429843902588 7.99599695205688 7.99393892288208 7.93974304199219 7.87605381011963 7.80608940124512 7.73742341995239 7.6959023475647 7.65705490112305 7.61653852462769 7.58654499053955 7.54288625717163 7.55931711196899 7.56042575836182 7.54071521759033 7.51093673706055 7.45637369155884 7.46782398223877 7.46531057357788 7.44177484512329 7.41684055328369 7.37941122055054 7.34903860092163 7.3245415687561 7.33637142181396 7.37800931930542 7.43465423583984 7.51134920120239 7.59885883331299 7.66169881820679 7.69264268875122 7.74664402008057 7.76461935043335 7.78980541229248 7.8391056060791 7.89580488204956
-3.4e+38 -3.4e+38 -3.4e+38 -3.4e+38 -3.4e+38 -3.4e+38 -3.4e+38 -3.4e+38 -3.4e+38 4.15235280990601 5.46112060546875 6.9077410697937 8.38322067260742 9.16000556945801 8.90074157714844 8.0635290145874 7.82123279571533 8.04610061645508 8.26108837127686 8.25054454803467 8.10241031646729 8.02102661132812 7.99616956710815 7.94536733627319 7.89521455764771 7.82450771331787 7.77909517288208 7.76867151260376 7.74359321594238 7.74058532714844 7.71483612060547 7.68597745895386 7.65961408615112 7.61686182022095 7.60855770111084 7.58923816680908 7.5608811378479 7.53357553482056 7.4965295791626 7.47581672668457 7.46125888824463 7.46986198425293 7.49552202224731 7.54368114471436 7.61941909790039 7.70661640167236 7.78347873687744 7.8411693572998 7.88629770278931 7.91338586807251 7.9271502494812 7.95896005630493 7.99616050720215
-3.4e+38 -3.4e+38 -3.4e+38 -3.4e+38 -3.4e+38 -3.4e+38 -3.4e+38 -3.4e+38 4.33550548553467 5.46607971191406 6.7346396446228 7.90666627883911 8.71354389190674 9.3107328414917 9.01399421691895 8.30612277984619 8.17161846160889 8.50456714630127 8.67374610900879 8.59562397003174 8.34366798400879 8.21893119812012 8.24396705627441 8.198486328125 8.14855098724365 8.04598522186279 7.99241018295288 8.00651836395264 7.98444080352783 7.96760225296021 7.91827774047852 7.88039875030518 7.86207628250122 7.81016302108765 7.78713464736938 7.74833059310913 7.70623683929443 7.67333698272705 7.62376403808594 7.61505794525146 7.60870409011841 7.61582136154175 7.62857055664062 7.64648532867432 7.73307704925537 7.81056547164917 7.89013862609863 7.9640531539917 8.0229434967041 8.0534143447876 8.06452751159668 8.08824920654297 8.1169958114624
-3.4e+38 -3.4e+38 -3.4e+38 -3.4e+38 -3.4e+38 -3.4e+38 -3.4e+38 -3.4e+38 4.73056077957153 6.05435514450073 7.31433010101318 8.40454292297363 9.06993103027344 9.44999027252197 9.29606151580811 8.97500228881836 8.9122142791748 9.08884811401367 9.24001121520996 9.02214050292969 8.73651695251465 8.58534717559814 8.5528621673584 8.53931713104248 8.4692964553833 8.37543296813965 8.31424331665039 8.29237174987793 8.26606273651123 8.24560260772705 8.20576858520508 8.15858364105225 8.11472415924072 8.05438327789307 8.01258563995361 7.95760488510132 7.89824628829956 7.8437762260437 7.79178762435913 7.77966928482056 7.77595710754395 7.77938938140869 7.78896951675415 7.81301927566528 7.87445116043091 7.94716119766235 8.02144336700439 8.08835315704346 8.14136028289795 8.18771457672119 8.20967483520508 8.23609352111816 8.25313663482666
-3.4e+38 -3.4e+38 -3.4e+38 -3.4e+38 -3.4e+38 -3.4e+38 -3.4e+38 -3.4e+38 -3.4e+38 6.14044237136841 7.54308748245239 8.697678565979 9.3138599395752 9.71740913391113 9.5519380569458 9.42544174194336 9.36351680755615 9.3796501159668 9.70509338378906 9.35083389282227 9.10431575775146 8.96438598632812 8.88663387298584 8.8899393081665 8.76674747467041 8.71755695343018 8.65460205078125 8.59113883972168 8.56571769714355 8.52702903747559 8.51745796203613 8.46448421478271 8.38734722137451 8.31478595733643 8.23832511901855 8.18303298950195 8.11383247375488 8.03947639465332 7.97427082061768 7.96112871170044 7.96077394485474 7.96132230758667 7.96341037750244 7.97884893417358 8.02669143676758 8.09041404724121 8.15666389465332 8.20923709869385 8.27145099639893 8.32883358001709 8.37007522583008 8.40976619720459 8.43077945709229
-3.4e+38 -3.4e+38 -3.4e+38 -3.4e+38 -3.4e+38 -3.4e+38 -3.4e+38 -3.4e+38 -3.4e+38 5.39685249328613 7.29625415802002 8.71138191223145 9.4543514251709 9.88811683654785 9.59336566925049 9.10373306274414 8.9564847946167 9.06469631195068 9.24743461608887 9.37162113189697 9.48586559295654 9.43173694610596 9.19544887542725 9.02706718444824 9.0241870880127 9.08268260955811 9.03857040405273 8.91186237335205 8.8064136505127 8.82678985595703 8.86334609985352 8.81036567687988 8.6891393661499 8.55214309692383 8.49778079986572 8.44506454467773 8.36940383911133 8.29177188873291 8.21167182922363 8.19675254821777 8.19090175628662 8.17854118347168 8.16709804534912 8.16078853607178 8.19496726989746 8.23794460296631 8.2897481918335 8.34144878387451 8.3977575302124 8.4728946685791 8.54677200317383 8.61965942382812 8.6908483505249
-3.4e+38 -3.4e+38 -3.4e+38 -3.4e+38 -3.4e+38 -3.4e+38 -3.4e+38 -3.4e+38 -3.4e+38 4.15178966522217 6.26742219924927 7.94326257705688 9.09205341339111 9.95032405853271 9.64581108093262 8.73439788818359 8.4818229675293 8.66403198242188 8.85271739959717 9.28840637207031 9.69771766662598 9.73118495941162 9.39679718017578 9.14964294433594 9.25842189788818 9.43889904022217 9.41975879669189 9.22338008880615 9.06186580657959 9.11355400085449 9.21510982513428 9.167311668396 8.99825286865234 8.82736301422119 8.78269386291504 8.75179672241211 8.67294597625732 8.57722854614258 8.47668838500977 8.44719886779785 8.44108009338379 8.41488933563232 8.37716770172119 8.35441589355469 8.36820316314697 8.39510536193848 8.43553638458252 8.47139263153076 8.5274076461792 8.60788059234619 8.71513652801514 8.81220817565918 8.92082118988037
-3.4e+38 -3.4e+38 -3.4e+38 -3.4e+38 -3.4e+38 -3.4e+38 -3.4e+38 -3.4e+38 -3.4e+38 -3.4e+38 -3.4e+38 5.66074562072754 8.19845390319824 9.84282302856445 9.58156490325928 8.56833457946777 8.30265140533447 8.48405742645264 8.89056301116943 9.31315994262695 9.65313720703125 9.75310802459717 9.5489444732666 9.37371253967285 9.5369930267334 9.78979873657227 9.79458141326904 9.56759166717529 9.38466167449951 9.43305778503418 9.5527515411377 9.51452445983887 9.34895610809326 9.19102001190186 9.14270401000977 9.13084030151367 9.04900455474854 8.92281627655029 8.80065441131592 8.75542640686035 8.72368812561035 8.67648983001709 8.63052749633789 8.58090686798096 8.58377170562744 8.59364891052246 8.60903549194336 8.62711048126221 8.66393375396729 8.74995231628418 8.85177707672119 8.96550464630127 9.08767032623291
-3.4e+38 -3.4e+38 -3.4e+38 -3.4e+38 -3.4e+38 -3.4e+38 -3.4e+38 -3.4e+38 -3.4e+38 -3.4e+38 -3.4e+38 3.96453285217285 7.31214475631714 9.68231296539307 9.45963001251221 8.35568523406982 8.06827640533447 8.39707565307617 8.92277050018311 9.38731575012207 9.72500419616699 9.84929847717285 9.68406963348389 9.56906318664551 9.7867956161499 10.1054668426514 10.12135887146 9.85852718353271 9.66392707824707 9.70650386810303 9.85230731964111 9.82425403594971 9.65460968017578 9.52154636383057 9.47896099090576 9.4946460723877 9.41307163238525 9.26460838317871 9.13666820526123 9.07099437713623 9.03250694274902 8.96970462799072 8.89929962158203 8.83659267425537 8.8142614364624 8.808349609375 8.80082988739014 8.78007221221924 8.80065250396729 8.88267135620117 8.99355506896973 9.11591625213623 9.23968410491943
