meets/meet004/selection/CCSM_6k_am_bio16.asc
NCOLS 154 
NROWS 168 
XLLCORNER -112 
YLLCORNER -55.5 
CELLSIZE 0.5 
NODATA_value -3.4e+38 
[rows 72 to 95 of 168, columns 53 to 105 of 154]
-3.4e+38 -3.4e+38 -3.4e+38 -3.4e+38 -3.4e+38 -3.4e+38 -3.4e+38 -3.4e+38 -3.4e+38 -3.4e+38 -3.4e+38 -3.4e+38 602.345642089844 625.456237792969 584.266784667969 530.160583496094 510.772338867188 502.916931152344 507.312408447266 492.315307617188 472.715484619141 471.689056396484 491.167022705078 507.382843017578 502.125915527344 489.712280273438 487.186370849609 495.953369140625 503.631683349609 503.241851806641 499.699249267578 500.183258056641 506.686828613281 514.061950683594 520.428955078125 527.612609863281 538.948303222656 554.955749511719 572.559326171875 590.902526855469 609.980041503906 630.550720214844 652.912231445312 674.849975585938 696.219787597656 716.050354003906 735.280395507812 754.767272949219 772.35986328125 789.75732421875 806.443664550781 824.192260742188 844.561157226562
-3.4e+38 -3.4e+38 -3.4e+38 -3.4e+38 -3.4e+38 -3.4e+38 -3.4e+38 -3.4e+38 -3.4e+38 -3.4e+38 -3.4e+38 -3.4e+38 -3.4e+38 698.968383789062 661.381652832031 591.410522460938 547.7412109375 540.496704101562 541.655822753906 527.613830566406 505.488952636719 496.266845703125 503.431030273438 507.818725585938 499.041320800781 487.080108642578 483.210052490234 488.610198974609 493.587921142578 492.298950195312 489.248687744141 489.322021484375 493.702514648438 499.656005859375 505.484283447266 512.828796386719 523.432983398438 537.674865722656 553.560791015625 570.657775878906 589.080932617188 608.509826660156 629.645629882812 650.460632324219 671.025451660156 691.509582519531 710.620849609375 730.4384765625 748.9384765625 767.178649902344 786.516357421875 806.418823242188 829.111206054688
-3.4e+38 -3.4e+38 -3.4e+38 -3.4e+38 -3.4e+38 -3.4e+38 -3.4e+38 -3.4e+38 -3.4e+38 -3.4e+38 -3.4e+38 -3.4e+38 -3.4e+38 -3.4e+38 723.659790039062 646.099426269531 593.653076171875 583.113891601562 584.859008789062 571.152038574219 551.962036132812 535.86669921875 523.703247070312 511.889312744141 499.319305419922 489.361206054688 485.512176513672 485.942504882812 486.840209960938 484.884796142578 482.347839355469 481.654602050781 483.688507080078 486.847869873047 492.691467285156 499.789337158203 509.763549804688 522.914794921875 536.793579101562 553.232238769531 570.229309082031 588.905395507812 609.899719238281 629.5283203125 650.357971191406 670.143493652344 689.546569824219 710.087646484375 728.649536132812 748.160339355469 767.990478515625 789.02001953125 813.423889160156
-3.4e+38 -3.4e+38 -3.4e+38 -3.4e+38 -3.4e+38 -3.4e+38 -3.4e+38 -3.4e+38 -3.4e+38 -3.4e+38 -3.4e+38 -3.4e+38 -3.4e+38 -3.4e+38 734.714965820312 679.814697265625 637.668762207031 623.158752441406 626.454895019531 627.483276367188 618.696655273438 599.373291015625 566.550109863281 528.817138671875 507.732086181641 495.548248291016 488.582153320312 485.460693359375 482.481262207031 479.69384765625 476.930816650391 475.059814453125 475.0546875 476.832153320312 481.529632568359 488.495635986328 497.792266845703 509.554229736328 522.810852050781 537.871215820312 554.227111816406 572.393005371094 592.332946777344 612.332885742188 632.121887207031 651.636169433594 670.7841796875 690.52392578125 710.168518066406 729.459594726562 749.5361328125 770.840576171875 794.663696289062
-3.4e+38 -3.4e+38 -3.4e+38 -3.4e+38 -3.4e+38 -3.4e+38 -3.4e+38 -3.4e+38 -3.4e+38 -3.4e+38 -3.4e+38 -3.4e+38 -3.4e+38 -3.4e+38 701.035705566406 688.859375 665.035400390625 655.639221191406 663.820251464844 683.746704101562 700.335571289062 682.331665039062 623.1083984375 553.003051757812 523.682861328125 506.724365234375 496.323852539062 486.187774658203 479.702880859375 476.743774414062 473.279937744141 470.072265625 468.273895263672 468.181213378906 472.273895263672 478.869201660156 487.355438232422 498.433624267578 511.134735107422 524.758911132812 540.605224609375 558.223205566406 577.994262695312 598.35107421875 616.335021972656 635.249450683594 654.162048339844 673.787475585938 693.00927734375 712.580017089844 732.070068359375 752.951721191406 776.258361816406
-3.4e+38 -3.4e+38 -3.4e+38 -3.4e+38 -3.4e+38 -3.4e+38 -3.4e+38 -3.4e+38 -3.4e+38 -3.4e+38 -3.4e+38 -3.4e+38 -3.4e+38 -3.4e+38 -3.4e+38 655.852416992188 667.760131835938 670.131713867188 689.933898925781 737.839172363281 782.620971679688 772.817993164062 701.49267578125 618.268371582031 567.851806640625 530.533081054688 507.428375244141 495.833038330078 485.263549804688 477.438903808594 470.832305908203 464.908416748047 461.226409912109 460.5244140625 463.065185546875 468.508117675781 476.001770019531 485.656127929688 497.326751708984 510.372955322266 525.533081054688 542.798095703125 561.6044921875 581.172668457031 599.351013183594 617.778564453125 637.406066894531 657.847473144531 678.131713867188 698.162536621094 717.72119140625 737.497619628906 758.644348144531
-3.4e+38 -3.4e+38 -3.4e+38 -3.4e+38 -3.4e+38 -3.4e+38 -3.4e+38 -3.4e+38 -3.4e+38 -3.4e+38 -3.4e+38 -3.4e+38 -3.4e+38 -3.4e+38 -3.4e+38 603.390625 653.219604492188 674.815185546875 692.555969238281 777.777954101562 867.631103515625 867.426452636719 777.410827636719 687.708923339844 627.365051269531 575.173156738281 538.730834960938 512.001953125 502.912292480469 481.121948242188 468.83837890625 460.044281005859 454.141204833984 452.342468261719 454.322113037109 458.033538818359 464.122741699219 473.051940917969 482.314788818359 495.619171142578 510.055694580078 526.814514160156 545.681396484375 563.40185546875 582.91259765625 601.308471679688 622.140808105469 645.690673828125 665.424377441406 687.641906738281 706.783020019531 724.922424316406 744.429931640625
-3.4e+38 -3.4e+38 -3.4e+38 -3.4e+38 -3.4e+38 -3.4e+38 -3.4e+38 -3.4e+38 -3.4e+38 -3.4e+38 -3.4e+38 -3.4e+38 -3.4e+38 -3.4e+38 -3.4e+38 -3.4e+38 615.161010742188 688.783874511719 752.648986816406 824.929260253906 886.389404296875 892.200256347656 847.29736328125 796.915344238281 756.014587402344 694.932006835938 656.139770507812 621.353698730469 562.7841796875 524.044311523438 488.829833984375 458.023284912109 450.646942138672 446.602355957031 446.935882568359 449.668701171875 454.363189697266 461.528015136719 470.412658691406 482.225860595703 496.235717773438 512.989868164062 531.736694335938 550.909545898438 570.422180175781 590.317321777344 613.310913085938 638.943725585938 662.16552734375 681.462280273438 698.196166992188 713.620056152344 729.014465332031
-3.4e+38 -3.4e+38 -3.4e+38 -3.4e+38 -3.4e+38 -3.4e+38 -3.4e+38 -3.4e+38 -3.4e+38 -3.4e+38 -3.4e+38 -3.4e+38 -3.4e+38 -3.4e+38 -3.4e+38 -3.4e+38 568.857788085938 699.744018554688 815.456848144531 870.388305664062 894.466003417969 901.086547851562 905.613464355469 926.750305175781 926.108581542969 885.881958007812 855.314392089844 822.759765625 674.44384765625 622.296691894531 553.827209472656 495.033996582031 459.244262695312 448.132141113281 448.494323730469 443.197570800781 446.182220458984 452.187438964844 459.044403076172 470.403167724609 483.827270507812 500.270355224609 520.119506835938 540.957336425781 561.134460449219 582.348693847656 606.965637207031 635.516235351562 663.091186523438 676.727661132812 689.981506347656 702.229370117188 714.184509277344
-3.4e+38 -3.4e+38 -3.4e+38 -3.4e+38 -3.4e+38 -3.4e+38 -3.4e+38 -3.4e+38 -3.4e+38 -3.4e+38 -3.4e+38 -3.4e+38 -3.4e+38 -3.4e+38 -3.4e+38 -3.4e+38 -3.4e+38 674.878540039062 846.683044433594 904.10302734375 917.406066894531 935.825866699219 978.5009765625 1044.92626953125 1132.10925292969 1221.12084960938 1236.91613769531 1146.13134765625 1027.01904296875 904.865112304688 746.581970214844 635.288940429688 573.197631835938 500.665130615234 467.423797607422 453.587615966797 442.393463134766 445.286163330078 451.509948730469 460.698547363281 472.533599853516 488.534149169922 508.936584472656 530.656616210938 552.537475585938 575.824768066406 601.350891113281 628.424011230469 652.162902832031 667.052856445312 677.785461425781 687.975463867188 698.030029296875
-3.4e+38 -3.4e+38 -3.4e+38 -3.4e+38 -3.4e+38 -3.4e+38 -3.4e+38 -3.4e+38 -3.4e+38 -3.4e+38 -3.4e+38 -3.4e+38 -3.4e+38 -3.4e+38 -3.4e+38 -3.4e+38 -3.4e+38 596.701538085938 882.944152832031 888.063903808594 915.662658691406 952.018127441406 1026.54614257812 1128.19592285156 1287.84094238281 1516.07727050781 1581.81518554688 1466.88842773438 1399.38391113281 1258.90551757812 1048.82336425781 896.57421875 788.283630371094 604.726379394531 539.656616210938 482.517852783203 449.576690673828 441.611206054688 445.219940185547 453.820373535156 463.227294921875 477.996612548828 499.475158691406 521.246948242188 544.342834472656 568.765502929688 593.860473632812 619.615600585938 642.410400390625 654.991943359375 664.446166992188 672.984985351562 683.184020996094
-3.4e+38 -3.4e+38 -3.4e+38 -3.4e+38 -3.4e+38 -3.4e+38 -3.4e+38 -3.4e+38 -3.4e+38 -3.4e+38 -3.4e+38 -3.4e+38 -3.4e+38 -3.4e+38 -3.4e+38 -3.4e+38 -3.4e+38 -3.4e+38 611.297302246094 758.758178710938 874.299438476562 955.733032226562 1032.48706054688 1137.76220703125 1292.56665039062 1473.81188964844 1567.66149902344 1600.5478515625 1627.09558105469 1584.94128417969 1536.88134765625 1385.43530273438 1097.74768066406 848.970947265625 670.333862304688 538.862121582031 471.848541259766 452.141235351562 449.648620605469 453.051666259766 460.301208496094 473.677215576172 493.434051513672 514.87109375 537.696838378906 560.955139160156 584.869018554688 608.541748046875 628.509033203125 642.326599121094 652.195190429688 660.981323242188 669.834899902344
-3.4e+38 -3.4e+38 -3.4e+38 -3.4e+38 -3.4e+38 -3.4e+38 -3.4e+38 -3.4e+38 -3.4e+38 -3.4e+38 -3.4e+38 -3.4e+38 -3.4e+38 -3.4e+38 -3.4e+38 -3.4e+38 -3.4e+38 -3.4e+38 369.760925292969 581.111877441406 785.423828125 913.413330078125 995.723327636719 1079.69458007812 1219.13952636719 1331.20874023438 1431.79663085938 1561.24328613281 1700.71276855469 1710.55334472656 1819.5830078125 1699.27075195312 1322.52465820312 1032.666015625 811.960510253906 616.780090332031 514.572875976562 478.960296630859 459.402282714844 458.867858886719 462.133361816406 473.087341308594 491.894073486328 510.989410400391 532.454528808594 553.877014160156 575.239807128906 596.826904296875 616.052612304688 628.527648925781 639.542358398438 648.206909179688 656.416320800781
-3.4e+38 -3.4e+38 -3.4e+38 -3.4e+38 -3.4e+38 -3.4e+38 -3.4e+38 -3.4e+38 -3.4e+38 -3.4e+38 -3.4e+38 -3.4e+38 -3.4e+38 -3.4e+38 -3.4e+38 -3.4e+38 -3.4e+38 -3.4e+38 241.965026855469 416.26025390625 611.987243652344 769.174865722656 904.369262695312 1023.72241210938 1098.97875976562 1159.1943359375 1230.85046386719 1323.37536621094 1401.77294921875 1497.47448730469 1569.24560546875 1513.78784179688 1335.40197753906 1139.32458496094 930.090209960938 729.025268554688 602.780212402344 534.928955078125 488.951995849609 471.05224609375 471.087982177734 479.282928466797 494.997131347656 512.490600585938 529.750061035156 547.319580078125 565.427734375 584.231811523438 601.253112792969 613.168518066406 623.275573730469 632.03076171875 640.871948242188
-3.4e+38 -3.4e+38 -3.4e+38 -3.4e+38 -3.4e+38 -3.4e+38 -3.4e+38 -3.4e+38 -3.4e+38 -3.4e+38 -3.4e+38 -3.4e+38 -3.4e+38 -3.4e+38 -3.4e+38 -3.4e+38 -3.4e+38 -3.4e+38 -3.4e+38 257.806243896484 424.68505859375 583.019592285156 742.30615234375 904.169555664062 954.4306640625 999.652648925781 1052.72814941406 1101.63916015625 1119.46203613281 1224.90588378906 1265.24060058594 1273.68579101562 1259.40771484375 1179.60241699219 1043.88891601562 873.96337890625 741.341918945312 643.399230957031 547.44287109375 510.417938232422 491.799743652344 488.567932128906 500.313568115234 513.7333984375 526.440002441406 539.537780761719 553.510681152344 568.532043457031 583.916809082031 593.498291015625 602.862243652344 611.270385742188 619.993713378906
-3.4e+38 -3.4e+38 -3.4e+38 -3.4e+38 -3.4e+38 -3.4e+38 -3.4e+38 -3.4e+38 -3.4e+38 -3.4e+38 -3.4e+38 -3.4e+38 -3.4e+38 -3.4e+38 -3.4e+38 -3.4e+38 -3.4e+38 -3.4e+38 -3.4e+38 -3.4e+38 234.639190673828 357.357452392578 508.906799316406 643.164306640625 785.917053222656 908.0693359375 982.52587890625 989.299621582031 988.272338867188 1026.35949707031 1044.19860839844 1075.33483886719 1147.18591308594 1183.69421386719 1146.92761230469 1078.76293945312 968.045227050781 807.631652832031 653.128295898438 579.069580078125 531.486022949219 507.129913330078 507.460784912109 515.040466308594 521.429565429688 529.785949707031 539.861083984375 550.41064453125 560.917846679688 571.456665039062 578.783020019531 587.109069824219 595.903076171875
-3.4e+38 -3.4e+38 -3.4e+38 -3.4e+38 -3.4e+38 -3.4e+38 -3.4e+38 -3.4e+38 -3.4e+38 -3.4e+38 -3.4e+38 -3.4e+38 -3.4e+38 -3.4e+38 -3.4e+38 -3.4e+38 -3.4e+38 -3.4e+38 -3.4e+38 -3.4e+38 -3.4e+38 -3.4e+38 293.488494873047 411.270629882812 581.323913574219 771.312805175781 879.3486328125 911.630126953125 926.201843261719 926.422790527344 915.101928710938 948.966918945312 1046.93762207031 1153.17297363281 1197.2314453125 1227.13000488281 1169.88842773438 1006.07965087891 825.403076171875 717.766906738281 615.793762207031 552.34423828125 527.223449707031 514.223327636719 514.396850585938 517.559448242188 523.882202148438 532.613708496094 542.041809082031 553.506713867188 561.946228027344 570.928588867188 580.226867675781
-3.4e+38 -3.4e+38 -3.4e+38 -3.4e+38 -3.4e+38 -3.4e+38 -3.4e+38 -3.4e+38 -3.4e+38 -3.4e+38 -3.4e+38 -3.4e+38 -3.4e+38 -3.4e+38 -3.4e+38 -3.4e+38 -3.4e+38 -3.4e+38 -3.4e+38 -3.4e+38 -3.4e+38 -3.4e+38 -3.4e+38 -3.4e+38 387.592681884766 549.283752441406 699.630065917969 841.237915039062 951.176818847656 920.109069824219 882.208679199219 893.069213867188 958.662780761719 1038.74157714844 1162.9091796875 1295.4111328125 1307.02722167969 1194.73889160156 1075.021484375 910.358947753906 737.702758789062 627.676391601562 571.332702636719 524.697143554688 506.161651611328 503.467681884766 507.740631103516 517.18115234375 529.153442382812 542.952941894531 556.096740722656 566.6923828125 576.148010253906
-3.4e+38 -3.4e+38 -3.4e+38 -3.4e+38 -3.4e+38 -3.4e+38 -3.4e+38 -3.4e+38 -3.4e+38 -3.4e+38 -3.4e+38 -3.4e+38 -3.4e+38 -3.4e+38 -3.4e+38 -3.4e+38 -3.4e+38 -3.4e+38 -3.4e+38 -3.4e+38 -3.4e+38 -3.4e+38 -3.4e+38 -3.4e+38 -3.4e+38 -3.4e+38 491.187744140625 668.910278320312 824.569091796875 840.435241699219 841.317687988281 846.910217285156 869.423950195312 924.7734375 1059.0576171875 1225.85620117188 1300.94702148438 1277.64526367188 1226.85192871094 1081.71899414062 906.45458984375 763.502624511719 647.736328125 553.226501464844 508.719665527344 491.371826171875 491.707153320312 502.830047607422 517.666320800781 533.632446289062 549.67919921875 561.898498535156 572.390625
-3.4e+38 -3.4e+38 -3.4e+38 -3.4e+38 -3.4e+38 -3.4e+38 -3.4e+38 -3.4e+38 -3.4e+38 -3.4e+38 -3.4e+38 -3.4e+38 -3.4e+38 -3.4e+38 -3.4e+38 -3.4e+38 -3.4e+38 -3.4e+38 -3.4e+38 -3.4e+38 -3.4e+38 -3.4e+38 -3.4e+38 -3.4e+38 -3.4e+38 -3.4e+38 -3.4e+38 -3.4e+38 555.649230957031 682.686950683594 787.3466796875 815.098999023438 789.127990722656 798.39306640625 912.827026367188 1038.66320800781 1142.69213867188 1235.76770019531 1289.09094238281 1191.14782714844 1083.16247558594 933.460510253906 736.175109863281 586.194030761719 516.6005859375 481.135894775391 477.282196044922 490.148010253906 507.369842529297 524.457153320312 541.523254394531 554.505981445312 566.043579101562
-3.4e+38 -3.4e+38 -3.4e+38 -3.4e+38 -3.4e+38 -3.4e+38 -3.4e+38 -3.4e+38 -3.4e+38 -3.4e+38 -3.4e+38 -3.4e+38 -3.4e+38 -3.4e+38 -3.4e+38 -3.4e+38 -3.4e+38 -3.4e+38 -3.4e+38 -3.4e+38 -3.4e+38 -3.4e+38 -3.4e+38 -3.4e+38 -3.4e+38 -3.4e+38 -3.4e+38 -3.4e+38 349.018768310547 493.673797607422 631.661071777344 693.797119140625 695.7470703125 711.526184082031 781.243713378906 865.800842285156 967.257141113281 1091.10717773438 1181.75085449219 1170.33728027344 1125.96752929688 1000.38208007812 799.905883789062 628.009643554688 532.955871582031 481.474945068359 468.800537109375 478.576965332031 495.518249511719 512.283752441406 528.90234375 542.754821777344 555.281616210938
-3.4e+38 -3.4e+38 -3.4e+38 -3.4e+38 -3.4e+38 -3.4e+38 -3.4e+38 -3.4e+38 -3.4e+38 -3.4e+38 -3.4e+38 -3.4e+38 -3.4e+38 -3.4e+38 -3.4e+38 -3.4e+38 -3.4e+38 -3.4e+38 -3.4e+38 -3.4e+38 -3.4e+38 -3.4e+38 -3.4e+38 -3.4e+38 -3.4e+38 -3.4e+38 -3.4e+38 -3.4e+38 -3.4e+38 -3.4e+38 430.970306396484 527.543151855469 605.508056640625 656.688354492188 687.239074707031 719.525146484375 792.623352050781 904.190551757812 979.230529785156 1060.44152832031 1085.66662597656 1000.02020263672 824.202941894531 654.556396484375 550.42822265625 485.267456054688 463.745422363281 468.799835205078 483.082550048828 498.096954345703 513.482543945312 527.548156738281 542.247314453125
-3.4e+38 -3.4e+38 -3.4e+38 -3.4e+38 -3.4e+38 -3.4e+38 -3.4e+38 -3.4e+38 -3.4e+38 -3.4e+38 -3.4e+38 -3.4e+38 -3.4e+38 -3.4e+38 -3.4e+38 -3.4e+38 -3.4e+38 -3.4e+38 -3.4e+38 -3.4e+38 -3.4e+38 -3.4e+38 -3.4e+38 -3.4e+38 -3.4e+38 -3.4e+38 -3.4e+38 -3.4e+38 -3.4e+38 -3.4e+38 278.756256103516 388.354400634766 505.459320068359 588.031860351562 620.236633300781 635.707336425781 686.342407226562 770.7392578125 860.67333984375 966.735473632812 1028.7919921875 981.958740234375 843.364074707031 685.966857910156 570.861633300781 496.704376220703 462.798492431641 459.421600341797 468.896942138672 481.629150390625 495.157653808594 510.557312011719 528.118713378906
-3.4e+38 -3.4e+38 -3.4e+38 -3.4e+38 -3.4e+38 -3.4e+38 -3.4e+38 -3.4e+38 -3.4e+38 -3.4e+38 -3.4e+38 -3.4e+38 -3.4e+38 -3.4e+38 -3.4e+38 -3.4e+38 -3.4e+38 -3.4e+38 -3.4e+38 -3.4e+38 -3.4e+38 -3.4e+38 -3.4e+38 -3.4e+38 -3.4e+38 -3.4e+38 -3.4e+38 -3.4e+38 -3.4e+38 -3.4e+38 -3.4e+38 278.167449951172 427.187133789062 540.633361816406 579.911987304688 595.1357421875 631.478759765625 702.921020507812 782.472778320312 910.078308105469 999.388244628906 979.242248535156 856.699645996094 708.583679199219 592.269775390625 503.350189208984 459.900665283203 450.649383544922 454.530456542969 466.262359619141 478.039215087891 494.445343017578 516.550537109375
