meets/meet004/selection/CCSM_21k_am_bio02.asc
NCOLS 154 
NROWS 168 
XLLCORNER -112 
YLLCORNER -55.5 
CELLSIZE 0.5 
NODATA_value -3.4e+38 
[rows 48 to 71 of 168, columns 53 to 105 of 154]
-3.4e+38 -3.4e+38 -3.4e+38 -3.4e+38 -3.4e+38 -3.4e+38 -3.4e+38 -3.4e+38 -3.4e+38 -3.4e+38 -3.4e+38 -3.4e+38 -3.4e+38 -3.4e+38 -3.4e+38 -3.4e+38 3.60136222839355 6.27902746200562 8.67892837524414 8.66560649871826 8.11180782318115 7.8474063873291 7.60820579528809 7.51521635055542 7.62534093856812 7.74067401885986 7.6956992149353 7.52526426315308 7.29752922058105 7.24166345596313 7.20690727233887 7.25046539306641 7.31046676635742 7.4924693107605 8.11028671264648 8.6121187210083 9.10093593597412 9.49471569061279 9.47124767303467 9.57162094116211 9.23308753967285 9.06629657745361 8.86961460113525 8.49238586425781 8.67934894561768 8.75638961791992 8.5125036239624 8.13817119598389 7.68155765533447 7.14809942245483 6.7227954864502 6.63063907623291 7.02825880050659
-3.4e+38 -3.4e+38 -3.4e+38 -3.4e+38 -3.4e+38 -3.4e+38 -3.4e+38 -3.4e+38 -3.4e+38 -3.4e+38 -3.4e+38 -3.4e+38 -3.4e+38 -3.4e+38 -3.4e+38 -3.4e+38 3.88236713409424 6.23639297485352 7.9522271156311 8.29334163665771 7.77895259857178 7.57070732116699 7.42566204071045 7.44386053085327 7.67855215072632 7.9580340385437 7.94679546356201 7.70777463912964 7.43012523651123 7.25330686569214 7.15739917755127 7.1489462852478 7.18709087371826 7.37143516540527 7.83109140396118 8.4131908416748 9.03154373168945 9.60274791717529 9.97822093963623 9.99009418487549 9.78384304046631 9.59732723236084 9.35759162902832 9.19055938720703 9.09595012664795 9.00490283966064 8.70919418334961 8.24963092803955 7.81769514083862 7.47673797607422 7.31435108184814 7.22194719314575 7.34636211395264
-3.4e+38 -3.4e+38 -3.4e+38 -3.4e+38 -3.4e+38 -3.4e+38 -3.4e+38 -3.4e+38 -3.4e+38 -3.4e+38 -3.4e+38 -3.4e+38 -3.4e+38 -3.4e+38 -3.4e+38 -3.4e+38 4.3782958984375 6.37469863891602 7.85284900665283 7.90603017807007 7.45391035079956 7.31576108932495 7.30531883239746 7.32953786849976 7.74028539657593 8.18171119689941 8.19488906860352 7.80489158630371 7.48655939102173 7.2455906867981 7.11337995529175 7.06506156921387 7.0846848487854 7.20680952072144 7.70057725906372 8.28734111785889 8.98370361328125 9.72061061859131 10.5472564697266 10.3129968643188 10.2680931091309 10.1315670013428 9.83843231201172 9.82597637176514 9.47439575195312 9.28157806396484 8.93073272705078 8.40949821472168 7.97373867034912 7.86653709411621 7.91714143753052 7.81319999694824 7.72497224807739
-3.4e+38 -3.4e+38 -3.4e+38 -3.4e+38 -3.4e+38 -3.4e+38 -3.4e+38 -3.4e+38 -3.4e+38 -3.4e+38 -3.4e+38 -3.4e+38 -3.4e+38 -3.4e+38 -3.4e+38 -3.4e+38 5.72080945968628 6.8205680847168 7.52416086196899 7.68345928192139 7.36312627792358 7.32540321350098 7.36342573165894 7.48292446136475 7.7917537689209 8.07243537902832 8.05498218536377 7.76664876937866 7.44022417068481 7.2233510017395 7.10259056091309 7.05709934234619 7.08089923858643 7.26133489608765 7.65490865707397 8.21348476409912 8.86581802368164 9.51414203643799 10.0562543869019 10.1523628234863 10.1187314987183 10.0332250595093 9.83317184448242 9.70961093902588 9.49169540405273 9.32793521881104 9.03387832641602 8.62678909301758 8.38539981842041 8.15506839752197 8.12988758087158 8.02611255645752 7.97439050674438
-3.4e+38 -3.4e+38 -3.4e+38 -3.4e+38 -3.4e+38 -3.4e+38 -3.4e+38 -3.4e+38 -3.4e+38 -3.4e+38 -3.4e+38 -3.4e+38 -3.4e+38 -3.4e+38 3.68242263793945 5.56725311279297 6.72168922424316 7.01816463470459 7.39657115936279 7.52025938034058 7.42885494232178 7.53931665420532 7.64140319824219 7.67074537277222 7.84814453125 7.98746252059937 7.90916061401367 7.63693523406982 7.34380197525024 7.20418071746826 7.1093692779541 7.07457876205444 7.10981702804565 7.27063894271851 7.6568021774292 8.12292957305908 8.69136142730713 9.2129955291748 9.62506675720215 9.77695465087891 9.72727394104004 9.67063808441162 9.53146362304688 9.4649715423584 9.27901744842529 9.22007369995117 9.00925636291504 8.74736404418945 8.5922908782959 8.26207256317139 8.18419170379639 8.07985210418701 8.07476997375488
-3.4e+38 -3.4e+38 -3.4e+38 -3.4e+38 -3.4e+38 -3.4e+38 -3.4e+38 -3.4e+38 -3.4e+38 -3.4e+38 -3.4e+38 -3.4e+38 -3.4e+38 3.31034016609192 4.60784244537354 5.70993518829346 6.43633270263672 6.68652057647705 6.79059886932373 7.28195476531982 7.78359460830688 8.04713821411133 8.07891845703125 8.06359100341797 7.97734880447388 7.86614179611206 7.72034740447998 7.52664375305176 7.33847427368164 7.21934127807617 7.15631103515625 7.14493322372437 7.17787170410156 7.34771156311035 7.67720031738281 8.11134243011475 8.5709171295166 8.98974704742432 9.28159141540527 9.36576461791992 9.30594158172607 9.25068759918213 9.17898082733154 9.09309577941895 9.05619239807129 9.00486660003662 8.86374378204346 8.63040256500244 8.40163993835449 8.20507717132568 8.09166812896729 8.0156307220459 8.03779602050781
-3.4e+38 -3.4e+38 -3.4e+38 -3.4e+38 -3.4e+38 -3.4e+38 -3.4e+38 -3.4e+38 -3.4e+38 -3.4e+38 -3.4e+38 -3.4e+38 -3.4e+38 4.84155082702637 5.6157488822937 5.92607069015503 6.23489332199097 6.33783197402954 6.44203042984009 7.26348304748535 8.07159233093262 8.40969562530518 8.3482723236084 8.25578784942627 8.00165748596191 7.77731323242188 7.60589504241943 7.45736265182495 7.32183313369751 7.24253463745117 7.21402168273926 7.22241687774658 7.25873184204102 7.39822912216187 7.69731903076172 8.08761978149414 8.46057033538818 8.75273990631104 8.9948616027832 9.05119800567627 8.93247413635254 8.89048099517822 8.85686206817627 8.75675582885742 8.8063383102417 8.75424671173096 8.62863922119141 8.44243335723877 8.21526050567627 8.02502250671387 7.93122577667236 7.86460590362549 7.92678594589233
-3.4e+38 -3.4e+38 -3.4e+38 -3.4e+38 -3.4e+38 -3.4e+38 -3.4e+38 -3.4e+38 -3.4e+38 -3.4e+38 -3.4e+38 4.13671922683716 5.6543755531311 6.96028900146484 6.81534862518311 6.21478843688965 6.07034826278687 6.29235363006592 6.71447420120239 7.39047527313232 8.15779209136963 8.45857429504395 8.28983020782471 8.02127170562744 7.87320947647095 7.74202585220337 7.59442138671875 7.44366216659546 7.30899381637573 7.28351259231567 7.29438304901123 7.31716060638428 7.35847043991089 7.47959089279175 7.72135162353516 8.02936363220215 8.30062198638916 8.51360416412354 8.64565277099609 8.68552017211914 8.63327312469482 8.55883598327637 8.52116203308105 8.440260887146 8.46047210693359 8.44225788116455 8.36381053924561 8.21498584747314 8.05175304412842 7.90121269226074 7.7679443359375 7.74568176269531 7.77125883102417
-3.4e+38 -3.4e+38 -3.4e+38 -3.4e+38 -3.4e+38 -3.4e+38 -3.4e+38 -3.4e+38 -3.4e+38 -3.4e+38 -3.4e+38 5.4552173614502 6.98767471313477 8.20432186126709 7.60655212402344 6.5738000869751 6.28508520126343 6.41996002197266 6.88339138031006 7.50085639953613 8.1820068359375 8.3972692489624 8.15656471252441 7.86092042922974 7.77626657485962 7.72399377822876 7.62621784210205 7.49366903305054 7.3696985244751 7.36801671981812 7.39865589141846 7.42867851257324 7.46313810348511 7.54781818389893 7.73099899291992 7.94845342636108 8.13636875152588 8.25922298431396 8.35520172119141 8.41382789611816 8.37211132049561 8.34805583953857 8.30602169036865 8.2151927947998 8.21306705474854 8.15455722808838 8.08391952514648 8.01172256469727 7.89459228515625 7.77120351791382 7.6619119644165 7.62224864959717 7.65823268890381
-3.4e+38 -3.4e+38 -3.4e+38 -3.4e+38 -3.4e+38 -3.4e+38 -3.4e+38 -3.4e+38 -3.4e+38 -3.4e+38 4.47304201126099 6.22693109512329 7.62217712402344 8.28355407714844 7.91706705093384 7.03695106506348 6.62566375732422 6.67490243911743 6.99100017547607 7.56748914718628 8.1116886138916 8.26596546173096 8.07466316223145 7.81812715530396 7.75788164138794 7.76241016387939 7.70563459396362 7.59920358657837 7.52163314819336 7.50329780578613 7.52875566482544 7.55259943008423 7.5769305229187 7.62838983535767 7.74164867401123 7.86318826675415 7.96606063842773 8.05388164520264 8.10055923461914 8.18512153625488 8.25570774078369 8.23457050323486 8.14675331115723 8.06566047668457 7.98355388641357 7.89743709564209 7.83357954025269 7.75448179244995 7.67228126525879 7.61612558364868 7.5610089302063 7.56718921661377 7.61251592636108
-3.4e+38 -3.4e+38 -3.4e+38 -3.4e+38 -3.4e+38 -3.4e+38 -3.4e+38 -3.4e+38 -3.4e+38 -3.4e+38 5.01116371154785 6.75873804092407 8.08477210998535 8.64390277862549 8.14535522460938 7.2228798866272 6.83149337768555 6.88653135299683 7.22421360015869 7.69349050521851 8.12358856201172 8.23270034790039 8.04293918609619 7.81547689437866 7.77264738082886 7.79655313491821 7.76722192764282 7.68857479095459 7.62837076187134 7.62265300750732 7.64925289154053 7.66771793365479 7.6806788444519 7.70705032348633 7.77264547348022 7.82476902008057 7.87548685073853 7.9079442024231 7.91763353347778 7.99071264266968 8.0452127456665 8.0290355682373 7.95138692855835 7.85547542572021 7.76419448852539 7.65625333786011 7.59576892852783 7.56065082550049 7.50800848007202 7.48879671096802 7.47065925598145 7.50932598114014 7.57916975021362
-3.4e+38 -3.4e+38 -3.4e+38 -3.4e+38 -3.4e+38 -3.4e+38 -3.4e+38 -3.4e+38 -3.4e+38 3.08254718780518 5.49827766418457 7.3070969581604 8.58037281036377 9.30147075653076 8.50725650787354 7.21945714950562 6.81323671340942 7.09945917129517 7.55567646026611 7.90146064758301 8.21633720397949 8.27876472473145 8.06545639038086 7.83650016784668 7.81059408187866 7.82568788528442 7.80654907226562 7.75232744216919 7.69304513931274 7.71431684494019 7.75208711624146 7.768723487854 7.78031015396118 7.78918838500977 7.82111644744873 7.84664630889893 7.84624338150024 7.82365036010742 7.78262662887573 7.81086540222168 7.79423761367798 7.75720930099487 7.70250701904297 7.59082269668579 7.54336071014404 7.45704221725464 7.41195392608643 7.40199279785156 7.38463401794434 7.3875994682312 7.39189338684082 7.45613527297974 7.54784774780273
-3.4e+38 -3.4e+38 -3.4e+38 -3.4e+38 -3.4e+38 -3.4e+38 -3.4e+38 -3.4e+38 -3.4e+38 3.24051332473755 5.53178071975708 7.35217142105103 8.72408294677734 9.30409049987793 8.5597972869873 7.34589338302612 6.97370290756226 7.28870248794556 7.76009511947632 8.07629299163818 8.28157234191895 8.30012226104736 8.11353397369385 7.92258262634277 7.88167381286621 7.89374303817749 7.88098669052124 7.83871507644653 7.79903745651245 7.82093238830566 7.85845470428467 7.87249374389648 7.87581777572632 7.87282705307007 7.88388347625732 7.88173389434814 7.8551607131958 7.80478143692017 7.73744964599609 7.71313571929932 7.66104221343994 7.61224937438965 7.5645604133606 7.48049592971802 7.44441890716553 7.37705755233765 7.33746814727783 7.32145690917969 7.29941463470459 7.32409191131592 7.35896492004395 7.44200897216797 7.54597854614258
-3.4e+38 -3.4e+38 -3.4e+38 -3.4e+38 -3.4e+38 -3.4e+38 -3.4e+38 -3.4e+38 -3.4e+38 3.29394793510437 5.3538064956665 7.12056493759155 8.58880424499512 9.20884704589844 8.67469882965088 7.48925399780273 7.18435764312744 7.53949308395386 7.94987535476685 8.20889091491699 8.34709358215332 8.34869384765625 8.19909572601318 8.01288414001465 7.98810291290283 7.99625015258789 7.98396110534668 7.95068073272705 7.9180121421814 7.93746566772461 7.96851491928101 7.97493886947632 7.97087907791138 7.95688581466675 7.95220041275024 7.93511819839478 7.89278888702393 7.83501720428467 7.75304937362671 7.69921112060547 7.62900733947754 7.56863689422607 7.52811431884766 7.47050762176514 7.44537115097046 7.39720726013184 7.36022138595581 7.3103084564209 7.24989652633667 7.31745862960815 7.37348985671997 7.45735836029053 7.56456089019775
-3.4e+38 -3.4e+38 -3.4e+38 -3.4e+38 -3.4e+38 -3.4e+38 -3.4e+38 -3.4e+38 -3.4e+38 -3.4e+38 5.07787895202637 6.82556486129761 8.41891193389893 9.15700435638428 8.80627727508545 7.73755311965942 7.47750616073608 7.77320861816406 8.15293979644775 8.36551284790039 8.44514846801758 8.42330932617188 8.29602527618408 8.15059280395508 8.10106372833252 8.09116458892822 8.07545757293701 8.05082702636719 8.02980136871338 8.04711055755615 8.06856155395508 8.06801414489746 8.05360412597656 8.02690601348877 8.01936817169189 7.99942874908447 7.95563554763794 7.89677381515503 7.81627607345581 7.7435131072998 7.66242218017578 7.60028219223022 7.55946779251099 7.51961851119995 7.50444269180298 7.47863149642944 7.4511456489563 7.41049289703369 7.37605285644531 7.40590715408325 7.44629573822021 7.51936340332031 7.61532545089722
-3.4e+38 -3.4e+38 -3.4e+38 -3.4e+38 -3.4e+38 -3.4e+38 -3.4e+38 -3.4e+38 -3.4e+38 -3.4e+38 -3.4e+38 6.66872358322144 8.44732666015625 9.6009407043457 9.01366806030273 7.94332838058472 7.75568342208862 8.0638952255249 8.40478324890137 8.55190467834473 8.61127281188965 8.5555477142334 8.41430854797363 8.27177238464355 8.22077751159668 8.19770336151123 8.17728996276855 8.1642484664917 8.13933944702148 8.16473197937012 8.18222999572754 8.17465114593506 8.15462589263916 8.10270500183105 8.10629272460938 8.08894157409668 8.0417423248291 7.98739337921143 7.90852403640747 7.82403898239136 7.73290252685547 7.66567039489746 7.62654685974121 7.58995628356934 7.58568859100342 7.58652019500732 7.57539844512939 7.55145215988159 7.55188703536987 7.55014991760254 7.56024360656738 7.61220741271973 7.68930244445801
-3.4e+38 -3.4e+38 -3.4e+38 -3.4e+38 -3.4e+38 -3.4e+38 -3.4e+38 -3.4e+38 -3.4e+38 4.39384603500366 5.76908588409424 7.16839265823364 8.51106643676758 9.20875358581543 8.99210834503174 8.23680210113525 8.1237211227417 8.46804332733154 8.79605674743652 8.86183261871338 8.74086666107178 8.63705158233643 8.54718494415283 8.42978286743164 8.36989116668701 8.32421016693115 8.30514144897461 8.31239795684814 8.30414009094238 8.32233238220215 8.32016277313232 8.3099250793457 8.29589366912842 8.25834655761719 8.24381923675537 8.20937538146973 8.15401363372803 8.09065437316895 8.00671005249023 7.92880439758301 7.84612655639648 7.77647972106934 7.72435331344604 7.68529176712036 7.67869329452515 7.68285703659058 7.68702030181885 7.69096231460571 7.69348573684692 7.70292711257935 7.71422719955444 7.76168441772461 7.8337721824646
-3.4e+38 -3.4e+38 -3.4e+38 -3.4e+38 -3.4e+38 -3.4e+38 -3.4e+38 -3.4e+38 4.4198842048645 5.48802328109741 6.65404272079468 7.75858545303345 8.55490875244141 9.14738368988037 9.047119140625 8.54428482055664 8.56844806671143 9.0153169631958 9.32692909240723 9.22896289825439 8.9484806060791 8.77143573760986 8.72670650482178 8.59492492675781 8.55692195892334 8.4918155670166 8.47231483459473 8.50760746002197 8.49725437164307 8.51296901702881 8.49721145629883 8.48727703094482 8.49123001098633 8.44661712646484 8.41666603088379 8.36320686340332 8.29176235198975 8.2186164855957 8.12045764923096 8.05037784576416 7.97583436965942 7.90846538543701 7.84729862213135 7.78414726257324 7.79009389877319 7.78694295883179 7.79696846008301 7.81893157958984 7.83321666717529 7.85410594940186 7.87221431732178 7.91984272003174 7.98933410644531
-3.4e+38 -3.4e+38 -3.4e+38 -3.4e+38 -3.4e+38 -3.4e+38 -3.4e+38 -3.4e+38 4.79648971557617 5.99374055862427 7.05575561523438 8.05356979370117 8.74404621124268 9.22165393829346 9.20214366912842 9.14517498016357 9.24924945831299 9.53903961181641 9.75216293334961 9.57143020629883 9.28193092346191 9.07696723937988 8.93781566619873 8.85408401489258 8.8040189743042 8.75794696807861 8.73291397094727 8.73416137695312 8.73149394989014 8.74662685394287 8.75004768371582 8.73820972442627 8.71991634368896 8.67707538604736 8.6328067779541 8.56065940856934 8.46992778778076 8.37314796447754 8.26933002471924 8.20031642913818 8.13352108001709 8.06523704528809 8.00514793395996 7.95406484603882 7.93986940383911 7.9389328956604 7.94511842727661 7.96165132522583 7.97735261917114 8.00800323486328 8.03650856018066 8.08558750152588 8.14603328704834
-3.4e+38 -3.4e+38 -3.4e+38 -3.4e+38 -3.4e+38 -3.4e+38 -3.4e+38 -3.4e+38 -3.4e+38 6.10511016845703 7.33606433868408 8.37233352661133 8.92380523681641 9.38843536376953 9.30395698547363 9.42190456390381 9.51693630218506 9.62255573272705 10.0347099304199 9.75301837921143 9.55594158172607 9.37685775756836 9.17863750457764 9.10826110839844 9.00687122344971 9.0219144821167 8.99562740325928 8.95725631713867 8.9656982421875 8.9611988067627 9.00214004516602 8.9928617477417 8.95159149169922 8.91520690917969 8.83349418640137 8.76453399658203 8.66452884674072 8.54791069030762 8.43447113037109 8.36355686187744 8.3051290512085 8.24092197418213 8.17755699157715 8.12697219848633 8.10330104827881 8.09916877746582 8.10139656066895 8.10537910461426 8.12672805786133 8.16657543182373 8.20645999908447 8.26282024383545 8.32281970977783
-3.4e+38 -3.4e+38 -3.4e+38 -3.4e+38 -3.4e+38 -3.4e+38 -3.4e+38 -3.4e+38 -3.4e+38 5.57679843902588 7.33518648147583 8.60104846954346 9.18304252624512 9.45271968841553 9.12158298492432 8.77406406402588 8.77529335021973 9.05094337463379 9.37153434753418 9.62623977661133 9.80477905273438 9.74923324584961 9.44907188415527 9.22616577148438 9.21506500244141 9.28791427612305 9.26517009735107 9.19080066680908 9.13140296936035 9.18180274963379 9.25010108947754 9.242506980896 9.18432998657227 9.09829807281494 9.05553817749023 8.99311542510986 8.89071273803711 8.77476406097412 8.64830684661865 8.58346843719482 8.52175521850586 8.4483699798584 8.38122272491455 8.31596946716309 8.28801918029785 8.26986980438232 8.26103210449219 8.26523113250732 8.28273487091064 8.33243656158447 8.39471530914307 8.47288227081299 8.56523513793945
-3.4e+38 -3.4e+38 -3.4e+38 -3.4e+38 -3.4e+38 -3.4e+38 -3.4e+38 -3.4e+38 -3.4e+38 4.63166332244873 6.78448629379272 8.31261539459229 9.0810546875 9.49597358703613 9.05221748352051 8.11026573181152 7.96029186248779 8.33810901641846 8.75917911529541 9.3402156829834 9.87601661682129 9.94753837585449 9.59976768493652 9.32136249542236 9.38298797607422 9.5449161529541 9.53553104400635 9.40480327606201 9.30437088012695 9.36707019805908 9.48245048522949 9.47979068756104 9.3923807144165 9.29995059967041 9.26649379730225 9.23680973052979 9.14196872711182 9.01609992980957 8.88416194915771 8.80447673797607 8.74703598022461 8.66733074188232 8.58284759521484 8.51207828521729 8.4672908782959 8.44303894042969 8.42839050292969 8.4184398651123 8.43603897094727 8.48858261108398 8.5761079788208 8.66958332061768 8.78274917602539
-3.4e+38 -3.4e+38 -3.4e+38 -3.4e+38 -3.4e+38 -3.4e+38 -3.4e+38 -3.4e+38 -3.4e+38 -3.4e+38 -3.4e+38 6.8154935836792 8.59070777893066 9.5623664855957 8.97819042205811 7.75754833221436 7.55311107635498 7.92818307876587 8.56914710998535 9.21769142150879 9.71451473236084 9.89932155609131 9.7360143661499 9.53191089630127 9.63669967651367 9.83816528320312 9.82957553863525 9.67498874664307 9.54812335968018 9.6008129119873 9.70359039306641 9.70159530639648 9.63157272338867 9.55119228363037 9.53441047668457 9.52399349212646 9.43603992462158 9.30822277069092 9.16842269897461 9.08198928833008 8.99730396270752 8.89990997314453 8.8175220489502 8.72815227508545 8.68665218353271 8.65025329589844 8.61673164367676 8.59562969207764 8.59764003753662 8.65849018096924 8.74258708953857 8.8467903137207 8.96387958526611
-3.4e+38 -3.4e+38 -3.4e+38 -3.4e+38 -3.4e+38 -3.4e+38 -3.4e+38 -3.4e+38 -3.4e+38 -3.4e+38 -3.4e+38 5.40991258621216 7.91816902160645 9.56715965270996 8.90117073059082 7.48603677749634 7.17067956924438 7.6707706451416 8.44814777374268 9.17096710205078 9.72280883789062 9.96085071563721 9.84583282470703 9.71307849884033 9.84304046630859 10.0950040817261 10.0900821685791 9.89681339263916 9.7650728225708 9.78503513336182 9.89780616760254 9.896897315979 9.82085704803467 9.77315711975098 9.75771331787109 9.78210830688477 9.7079963684082 9.57437133789062 9.45093822479248 9.34330463409424 9.2597770690918 9.15571689605713 9.05687522888184 8.9666690826416 8.90463638305664 8.86439609527588 8.81710815429688 8.76477813720703 8.75548458099365 8.8140697479248 8.91207122802734 9.0229606628418 9.13770008087158
