meets/meet004/selection/CCSM_0k_am_bio01.asc
NCOLS 154 
NROWS 168 
XLLCORNER -112 
YLLCORNER -55.5 
CELLSIZE 0.5 
NODATA_value -3.4e+38 
[rows 48 to 71 of 168, columns 53 to 105 of 154]
-3.4e+38 -3.4e+38 -3.4e+38 -3.4e+38 -3.4e+38 -3.4e+38 -3.4e+38 -3.4e+38 -3.4e+38 -3.4e+38 -3.4e+38 -3.4e+38 -3.4e+38 -3.4e+38 -3.4e+38 -3.4e+38 23.7168025970459 21.2581653594971 18.8847503662109 17.4769630432129 16.6322841644287 16.3117179870605 16.530782699585 17.1718082427979 18.8674850463867 20.6975421905518 22.1585464477539 23.1102523803711 23.9836978912354 24.2462310791016 24.2300491333008 24.04465675354 23.6050853729248 22.8848934173584 22.5339374542236 21.7091693878174 20.9503803253174 20.3092803955078 19.1044883728027 19.1723823547363 18.7081108093262 18.6139965057373 18.9116611480713 18.638822555542 19.6590518951416 20.1224536895752 20.7997894287109 21.6491508483887 21.6678733825684 21.9358062744141 21.2745323181152 21.5214519500732 22.5782699584961
-3.4e+38 -3.4e+38 -3.4e+38 -3.4e+38 -3.4e+38 -3.4e+38 -3.4e+38 -3.4e+38 -3.4e+38 -3.4e+38 -3.4e+38 -3.4e+38 -3.4e+38 -3.4e+38 -3.4e+38 -3.4e+38 23.1919574737549 20.8845481872559 18.7638530731201 17.4223728179932 16.849401473999 16.7321853637695 17.126428604126 18.189037322998 19.867696762085 21.7324485778809 22.997838973999 23.5213508605957 23.7452011108398 23.8910713195801 23.8489646911621 23.7311115264893 23.5098686218262 23.1893711090088 22.97092628479 22.6849956512451 22.2188186645508 21.6887397766113 21.1485214233398 20.6957950592041 20.4138355255127 20.3498458862305 20.5249786376953 20.8526954650879 21.1612968444824 21.6258525848389 22.3587760925293 23.3361530303955 24.1210231781006 24.1030044555664 23.9034309387207 23.9572467803955 24.1230525970459
-3.4e+38 -3.4e+38 -3.4e+38 -3.4e+38 -3.4e+38 -3.4e+38 -3.4e+38 -3.4e+38 -3.4e+38 -3.4e+38 -3.4e+38 -3.4e+38 -3.4e+38 -3.4e+38 -3.4e+38 -3.4e+38 22.469352722168 20.3256969451904 18.3155193328857 17.5200271606445 17.1263561248779 17.208646774292 17.8929252624512 18.9445152282715 20.7177619934082 22.5856895446777 23.6393642425537 23.604513168335 23.5400562286377 23.6120071411133 23.5734634399414 23.546257019043 23.5273170471191 23.5664749145508 23.4861030578613 23.7017288208008 23.4699974060059 22.994234085083 23.0392189025879 22.1865253448486 22.0716114044189 22.0448417663574 22.1247100830078 22.924108505249 22.6282997131348 23.0323467254639 23.7269630432129 24.7044372558594 26.402400970459 25.7499198913574 25.9910831451416 25.8964767456055 25.2878818511963
-3.4e+38 -3.4e+38 -3.4e+38 -3.4e+38 -3.4e+38 -3.4e+38 -3.4e+38 -3.4e+38 -3.4e+38 -3.4e+38 -3.4e+38 -3.4e+38 -3.4e+38 -3.4e+38 -3.4e+38 -3.4e+38 20.9362277984619 19.5866088867188 18.5217971801758 17.8848495483398 17.7659797668457 18.1047134399414 18.8573608398438 19.9543495178223 21.355806350708 22.6491432189941 23.4334049224854 23.563289642334 23.4814281463623 23.507791519165 23.5381603240967 23.5766696929932 23.6052398681641 23.675121307373 23.7820320129395 23.9117794036865 23.7816467285156 23.4349346160889 23.1611289978027 22.7943916320801 22.7101783752441 22.7166652679443 22.8258934020996 23.2002124786377 23.3197364807129 23.7091007232666 24.2255783081055 24.8092632293701 25.4704761505127 25.5772457122803 25.5885353088379 25.4610424041748 25.1357173919678
-3.4e+38 -3.4e+38 -3.4e+38 -3.4e+38 -3.4e+38 -3.4e+38 -3.4e+38 -3.4e+38 -3.4e+38 -3.4e+38 -3.4e+38 -3.4e+38 -3.4e+38 -3.4e+38 22.2411918640137 20.5169219970703 19.2688159942627 18.7042255401611 18.4832935333252 18.4742870330811 18.7377090454102 19.2948570251465 20.0677585601807 20.9229335784912 21.8589057922363 22.6906509399414 23.2505836486816 23.3685398101807 23.4062023162842 23.4978885650635 23.5568084716797 23.61887550354 23.665714263916 23.7204132080078 23.8274822235107 23.9237327575684 23.7793827056885 23.4258651733398 23.0721435546875 22.8555526733398 22.8321743011475 22.8513202667236 22.9394245147705 23.2135372161865 23.4846858978271 23.8425617218018 24.1671485900879 24.328670501709 24.4542198181152 24.6263980865479 24.58420753479 24.509693145752 24.3574390411377
-3.4e+38 -3.4e+38 -3.4e+38 -3.4e+38 -3.4e+38 -3.4e+38 -3.4e+38 -3.4e+38 -3.4e+38 -3.4e+38 -3.4e+38 -3.4e+38 -3.4e+38 22.73193359375 20.8012008666992 18.7877864837646 17.799446105957 17.8443565368652 18.3528537750244 19.2644138336182 20.3807334899902 21.173152923584 21.565803527832 22.0021171569824 22.4073905944824 22.7550582885742 23.0661659240723 23.2370223999023 23.3469161987305 23.4905700683594 23.5946846008301 23.6890277862549 23.7377262115479 23.7881317138672 23.9030895233154 23.9605693817139 23.8227672576904 23.5041236877441 23.1786289215088 22.9734859466553 22.8690986633301 22.8894748687744 23.0324821472168 23.2602214813232 23.5697937011719 23.8451671600342 24.0245323181152 24.0776958465576 24.0126838684082 24.0249614715576 23.9351234436035 23.8825378417969 23.8585166931152
-3.4e+38 -3.4e+38 -3.4e+38 -3.4e+38 -3.4e+38 -3.4e+38 -3.4e+38 -3.4e+38 -3.4e+38 -3.4e+38 -3.4e+38 -3.4e+38 -3.4e+38 21.6353588104248 19.5724906921387 17.5364284515381 16.8317184448242 17.532772064209 18.4711055755615 19.9945106506348 21.7053451538086 22.5847587585449 22.6256694793701 22.8029727935791 22.8144187927246 22.82692527771 22.9828491210938 23.1300220489502 23.3030586242676 23.4715023040771 23.6218433380127 23.7479248046875 23.7988471984863 23.8520603179932 23.9574451446533 24.0256786346436 23.8984851837158 23.6047286987305 23.2902584075928 23.0938091278076 22.9766254425049 22.9915561676025 23.1357460021973 23.3473892211914 23.6605129241943 23.9099216461182 24.0320491790771 23.9674243927002 23.7904930114746 23.7667407989502 23.6183300018311 23.5531692504883 23.5793399810791
-3.4e+38 -3.4e+38 -3.4e+38 -3.4e+38 -3.4e+38 -3.4e+38 -3.4e+38 -3.4e+38 -3.4e+38 -3.4e+38 -3.4e+38 23.6873435974121 22.1388607025146 20.3324604034424 18.6002311706543 17.2359790802002 16.9773502349854 17.7494373321533 19.1775779724121 20.7619781494141 22.2887783050537 23.1780948638916 23.2035636901855 23.0132503509521 23.0116157531738 23.0064258575439 23.0434246063232 23.1651458740234 23.2552013397217 23.4908561706543 23.6725463867188 23.8049926757812 23.8737525939941 23.9130840301514 24.0039215087891 24.0396995544434 23.9516696929932 23.7356472015381 23.4797706604004 23.3291015625 23.217643737793 23.2409801483154 23.4005069732666 23.57887840271 23.8485050201416 24.0486488342285 24.0987644195557 24.0328559875488 23.861156463623 23.7304725646973 23.5539608001709 23.4735336303711 23.4596309661865
-3.4e+38 -3.4e+38 -3.4e+38 -3.4e+38 -3.4e+38 -3.4e+38 -3.4e+38 -3.4e+38 -3.4e+38 -3.4e+38 -3.4e+38 22.6728553771973 21.0588626861572 19.3843231201172 18.0988750457764 17.2143211364746 17.2114124298096 18.1954040527344 19.6434860229492 21.1958847045898 22.7218418121338 23.5650482177734 23.4739074707031 23.2918548583984 23.321849822998 23.2947940826416 23.3367347717285 23.4056167602539 23.4396839141846 23.632417678833 23.7920761108398 23.8947525024414 23.943510055542 23.9634113311768 24.0209884643555 24.0559501647949 24.011058807373 23.8806953430176 23.748571395874 23.6946697235107 23.6477489471436 23.6860733032227 23.8063087463379 23.9190864562988 24.0890007019043 24.2204113006592 24.2364330291748 24.1464920043945 23.9945869445801 23.8528614044189 23.6645011901855 23.5788040161133 23.5705261230469
-3.4e+38 -3.4e+38 -3.4e+38 -3.4e+38 -3.4e+38 -3.4e+38 -3.4e+38 -3.4e+38 -3.4e+38 -3.4e+38 22.4872016906738 21.2726345062256 20.0737400054932 18.7539901733398 17.8850593566895 17.4243259429932 17.7047958374023 18.5859622955322 19.8452835083008 21.4864292144775 22.9681911468506 23.7832679748535 23.8169822692871 23.7178268432617 23.6983680725098 23.7699813842773 23.7973709106445 23.7820224761963 23.8612632751465 23.8940086364746 23.9572734832764 24.0040149688721 23.9996814727783 24.0082092285156 24.0250339508057 24.040922164917 24.0487785339355 24.051628112793 24.0878047943115 24.1015148162842 24.2280158996582 24.2806816101074 24.2546215057373 24.3311233520508 24.341682434082 24.3705062866211 24.341817855835 24.253023147583 24.1512508392334 24.0217819213867 23.9146041870117 23.8553142547607 23.8534107208252
-3.4e+38 -3.4e+38 -3.4e+38 -3.4e+38 -3.4e+38 -3.4e+38 -3.4e+38 -3.4e+38 -3.4e+38 -3.4e+38 21.7843780517578 20.6084938049316 19.60329246521 18.587230682373 17.9408626556396 17.6813564300537 18.0433444976807 18.9968528747559 20.287841796875 21.7984142303467 23.1497936248779 23.9380512237549 24.0015544891357 23.9360160827637 23.9466094970703 24.0293788909912 24.0648155212402 24.0439758300781 24.0910453796387 24.0724086761475 24.0920600891113 24.1012325286865 24.0820713043213 24.0754318237305 24.073673248291 24.0834732055664 24.1080017089844 24.1492233276367 24.2507019042969 24.327075958252 24.4882946014404 24.5457096099854 24.4943866729736 24.5165386199951 24.4701766967773 24.4685497283936 24.4322776794434 24.3643817901611 24.3027744293213 24.2112770080566 24.1469860076904 24.119649887085 24.135871887207
-3.4e+38 -3.4e+38 -3.4e+38 -3.4e+38 -3.4e+38 -3.4e+38 -3.4e+38 -3.4e+38 -3.4e+38 22.8359336853027 21.6913013458252 20.5942573547363 19.6683387756348 18.8100357055664 18.2046966552734 17.8760280609131 18.3394966125488 19.530143737793 20.9525089263916 22.22682762146 23.3098449707031 23.9837512969971 24.0264892578125 23.9749546051025 24.0342979431152 24.0782928466797 24.1136741638184 24.1325702667236 24.1374588012695 24.1496620178223 24.1674194335938 24.1641330718994 24.1577281951904 24.1593933105469 24.1541442871094 24.1547451019287 24.1840019226074 24.2056941986084 24.2574253082275 24.3674640655518 24.4555759429932 24.5115146636963 24.5243339538574 24.4983882904053 24.5111427307129 24.5117568969727 24.49196434021 24.4732437133789 24.4356517791748 24.3856525421143 24.3409290313721 24.3354873657227 24.3557872772217
-3.4e+38 -3.4e+38 -3.4e+38 -3.4e+38 -3.4e+38 -3.4e+38 -3.4e+38 -3.4e+38 -3.4e+38 22.9173755645752 21.833610534668 20.82204246521 20.0267143249512 19.3219833374023 18.6673603057861 18.3722019195557 18.8296318054199 20.0073013305664 21.3840160369873 22.5254096984863 23.4159507751465 23.9975337982178 24.0615158081055 24.0090007781982 24.0606575012207 24.103967666626 24.1378955841064 24.1530532836914 24.1665382385254 24.1781616210938 24.1944808959961 24.2063369750977 24.210376739502 24.2225704193115 24.2271595001221 24.2374572753906 24.2567729949951 24.2725486755371 24.3022842407227 24.3650493621826 24.4284019470215 24.4768867492676 24.502420425415 24.5159721374512 24.5404224395752 24.557710647583 24.5674152374268 24.5728511810303 24.5692138671875 24.535680770874 24.5121173858643 24.5084438323975 24.5195770263672
-3.4e+38 -3.4e+38 -3.4e+38 -3.4e+38 -3.4e+38 -3.4e+38 -3.4e+38 -3.4e+38 -3.4e+38 23.0137138366699 22.0167655944824 21.1350574493408 20.4752616882324 19.9083042144775 19.2855587005615 18.9398326873779 19.3594856262207 20.4704322814941 21.7368564605713 22.7549095153809 23.5195007324219 24.0101280212402 24.0752773284912 24.057975769043 24.1128692626953 24.1548500061035 24.1848316192627 24.1908912658691 24.1920185089111 24.2065353393555 24.2157173156738 24.2327041625977 24.2537822723389 24.2709808349609 24.2893524169922 24.3143787384033 24.3340110778809 24.344799041748 24.380615234375 24.4106826782227 24.4501438140869 24.4932899475098 24.5276107788086 24.564037322998 24.5937175750732 24.6223106384277 24.6499328613281 24.671215057373 24.6947021484375 24.6662483215332 24.6531505584717 24.6528091430664 24.6558361053467
-3.4e+38 -3.4e+38 -3.4e+38 -3.4e+38 -3.4e+38 -3.4e+38 -3.4e+38 -3.4e+38 -3.4e+38 -3.4e+38 22.2197895050049 21.4208641052246 20.8819904327393 20.4660377502441 19.863733291626 19.5749893188477 19.9369640350342 20.8873023986816 22.0199794769287 22.9173564910889 23.5826511383057 24.0392684936523 24.1263847351074 24.1062183380127 24.1607341766357 24.2010898590088 24.2284851074219 24.2327117919922 24.2317752838135 24.235725402832 24.2451324462891 24.2645511627197 24.2917442321777 24.3199043273926 24.3341426849365 24.351167678833 24.3714694976807 24.3873405456543 24.4205951690674 24.448450088501 24.4877147674561 24.5319747924805 24.5701465606689 24.6139392852783 24.6475925445557 24.6816902160645 24.7106857299805 24.7308883666992 24.7511596679688 24.7378044128418 24.7327861785889 24.7308349609375 24.7281036376953
-3.4e+38 -3.4e+38 -3.4e+38 -3.4e+38 -3.4e+38 -3.4e+38 -3.4e+38 -3.4e+38 -3.4e+38 -3.4e+38 -3.4e+38 21.5511245727539 21.1066722869873 20.9056415557861 20.3306007385254 20.0619144439697 20.4250335693359 21.320161819458 22.328685760498 23.1278667449951 23.7195491790771 24.103551864624 24.1611328125 24.1577110290527 24.2069091796875 24.2472877502441 24.2705364227295 24.271411895752 24.2745208740234 24.2759571075439 24.2804203033447 24.2988834381104 24.3312091827393 24.3682842254639 24.364049911499 24.3640537261963 24.3786468505859 24.3985137939453 24.4346351623535 24.4620800018311 24.5116519927979 24.5602607727051 24.5999088287354 24.6578102111816 24.6891231536865 24.7237968444824 24.7549610137939 24.7683181762695 24.7776966094971 24.7777042388916 24.773307800293 24.7685928344727 24.7652225494385
-3.4e+38 -3.4e+38 -3.4e+38 -3.4e+38 -3.4e+38 -3.4e+38 -3.4e+38 -3.4e+38 -3.4e+38 23.2609901428223 22.081033706665 21.2765140533447 20.9128036499023 20.7589797973633 20.492166519165 20.4668807983398 20.915885925293 21.780590057373 22.7081527709961 23.3769187927246 23.8200969696045 24.1476707458496 24.2280502319336 24.2224025726318 24.253101348877 24.2651653289795 24.2838973999023 24.300573348999 24.3130569458008 24.3219566345215 24.3280925750732 24.3410778045654 24.3589267730713 24.3719024658203 24.3719100952148 24.3683834075928 24.3759784698486 24.3876113891602 24.4119987487793 24.4413928985596 24.4845867156982 24.5399379730225 24.5989322662354 24.6602687835693 24.6992149353027 24.7325344085693 24.7652740478516 24.7896404266357 24.8061370849609 24.7933864593506 24.7768516540527 24.7662086486816 24.7652606964111
-3.4e+38 -3.4e+38 -3.4e+38 -3.4e+38 -3.4e+38 -3.4e+38 -3.4e+38 -3.4e+38 24.5957641601562 23.2752361297607 21.788854598999 20.9798564910889 20.8175239562988 20.5076103210449 20.6634140014648 20.8493175506592 21.3903198242188 22.259729385376 23.1705226898193 23.7189636230469 23.9962387084961 24.2250576019287 24.29372215271 24.3045558929443 24.3154335021973 24.2954521179199 24.3053493499756 24.3381481170654 24.3556709289551 24.3736362457275 24.380542755127 24.3843364715576 24.384895324707 24.3760967254639 24.3829898834229 24.3739433288574 24.374605178833 24.3785533905029 24.3796615600586 24.4152908325195 24.4456081390381 24.5029563903809 24.579797744751 24.6552867889404 24.6914596557617 24.724142074585 24.7626991271973 24.798583984375 24.8340930938721 24.7993392944336 24.7662658691406 24.7464370727539 24.7478160858154
-3.4e+38 -3.4e+38 -3.4e+38 -3.4e+38 -3.4e+38 -3.4e+38 -3.4e+38 -3.4e+38 24.1946125030518 23.2207794189453 22.0068588256836 21.2558937072754 21.0032558441162 21.0723552703857 20.9716091156006 21.2396144866943 21.7864742279053 22.5784721374512 23.5056419372559 23.8936901092529 24.1504459381104 24.3624019622803 24.3757801055908 24.3817367553711 24.3781700134277 24.3676452636719 24.3730125427246 24.3847141265869 24.4122772216797 24.418270111084 24.4238433837891 24.4256420135498 24.4186172485352 24.412805557251 24.4065132141113 24.3976764678955 24.393180847168 24.3891277313232 24.391170501709 24.4120559692383 24.4431533813477 24.4935970306396 24.5567302703857 24.618782043457 24.6686267852783 24.7116355895996 24.7510051727295 24.7816715240479 24.7993984222412 24.7800827026367 24.750940322876 24.7254524230957 24.7104148864746
-3.4e+38 -3.4e+38 -3.4e+38 -3.4e+38 -3.4e+38 -3.4e+38 -3.4e+38 -3.4e+38 -3.4e+38 23.2246208190918 22.2979564666748 21.6231117248535 21.3203449249268 21.2928657531738 20.7699604034424 21.0122108459473 21.4992504119873 22.1866855621338 23.5114917755127 23.8286399841309 24.2109279632568 24.4714660644531 24.4235172271729 24.4383316040039 24.3729877471924 24.3971729278564 24.4023399353027 24.3928852081299 24.4421100616455 24.4297657012939 24.4492168426514 24.4562320709229 24.4442405700684 24.4472885131836 24.4341411590576 24.4287338256836 24.4229927062988 24.4117431640625 24.4088592529297 24.4289360046387 24.4537715911865 24.4946441650391 24.5411415100098 24.5876617431641 24.6353015899658 24.683687210083 24.719596862793 24.7390975952148 24.7584457397461 24.7379875183105 24.7167739868164 24.6924343109131 24.6728057861328
-3.4e+38 -3.4e+38 -3.4e+38 -3.4e+38 -3.4e+38 -3.4e+38 -3.4e+38 -3.4e+38 -3.4e+38 23.2560901641846 22.8738441467285 22.1405010223389 21.1590061187744 20.3770332336426 19.6612415313721 19.4390869140625 19.8089828491211 20.733829498291 21.9737815856934 23.1778125762939 24.2229347229004 24.7369956970215 24.538049697876 24.2631378173828 24.281681060791 24.3502426147461 24.3707370758057 24.3526706695557 24.3424205780029 24.3946056365967 24.4511547088623 24.476749420166 24.4699172973633 24.4543132781982 24.4657440185547 24.470588684082 24.4689674377441 24.4594879150391 24.448823928833 24.4627647399902 24.4816970825195 24.5061149597168 24.5334148406982 24.562801361084 24.5957260131836 24.6258373260498 24.6496658325195 24.6649227142334 24.670539855957 24.6621742248535 24.6483497619629 24.6325035095215 24.630313873291
-3.4e+38 -3.4e+38 -3.4e+38 -3.4e+38 -3.4e+38 -3.4e+38 -3.4e+38 -3.4e+38 -3.4e+38 23.1491451263428 23.1372947692871 22.2826881408691 20.7443008422852 19.2863464355469 18.2995376586914 17.5903835296631 17.8850936889648 18.9854316711426 20.4361457824707 22.4516849517822 24.2620754241943 25.0238094329834 24.6292915344238 24.122314453125 24.1714668273926 24.3335704803467 24.3721027374268 24.3268413543701 24.2721996307373 24.3601207733154 24.462516784668 24.5056762695312 24.4984035491943 24.481050491333 24.5133781433105 24.5385990142822 24.5410499572754 24.5256671905518 24.500862121582 24.5035419464111 24.5121536254883 24.5222625732422 24.529369354248 24.5402431488037 24.5563106536865 24.5661602020264 24.578254699707 24.5854091644287 24.583589553833 24.5799369812012 24.5719757080078 24.564567565918 24.5828666687012
-3.4e+38 -3.4e+38 -3.4e+38 -3.4e+38 -3.4e+38 -3.4e+38 -3.4e+38 -3.4e+38 -3.4e+38 -3.4e+38 -3.4e+38 21.8575305938721 20.3313026428223 18.592752456665 17.1455249786377 16.1843948364258 16.2931060791016 17.422119140625 19.2781238555908 21.8681659698486 24.3407516479492 25.413990020752 24.820728302002 24.0841979980469 24.1440753936768 24.4305896759033 24.4940090179443 24.3851146697998 24.2981910705566 24.377067565918 24.4984588623047 24.5566349029541 24.552942276001 24.5473880767822 24.598653793335 24.6517009735107 24.6608371734619 24.6252994537354 24.5794925689697 24.5660915374756 24.5524291992188 24.5410423278809 24.538013458252 24.5261058807373 24.5267295837402 24.5198287963867 24.5148410797119 24.5152359008789 24.507022857666 24.502685546875 24.4944744110107 24.4914875030518 24.5127239227295
-3.4e+38 -3.4e+38 -3.4e+38 -3.4e+38 -3.4e+38 -3.4e+38 -3.4e+38 -3.4e+38 -3.4e+38 -3.4e+38 -3.4e+38 21.679349899292 20.232873916626 18.2668399810791 16.522216796875 14.9703817367554 14.9067363739014 16.1103649139404 18.1499557495117 21.2868022918701 24.3532485961914 25.6106071472168 24.8518905639648 24.0163078308105 24.1537914276123 24.5383262634277 24.6181354522705 24.4564895629883 24.3288478851318 24.4058303833008 24.5470142364502 24.6103496551514 24.6032199859619 24.61305809021 24.6854248046875 24.7699241638184 24.7849655151367 24.7324562072754 24.6726951599121 24.6432647705078 24.6147232055664 24.587739944458 24.5650901794434 24.5352630615234 24.5182666778564 24.4937133789062 24.4778709411621 24.4677867889404 24.4473838806152 24.4419059753418 24.4300270080566 24.4289608001709 24.4560356140137
