meets/meet004/selection/CCSM_6k_am_bio17.asc
NCOLS 154 
NROWS 168 
XLLCORNER -112 
YLLCORNER -55.5 
CELLSIZE 0.5 
NODATA_value -3.4e+38 
[rows 48 to 71 of 168, columns 53 to 105 of 154]
-3.4e+38 -3.4e+38 -3.4e+38 -3.4e+38 -3.4e+38 -3.4e+38 -3.4e+38 -3.4e+38 -3.4e+38 -3.4e+38 -3.4e+38 -3.4e+38 -3.4e+38 -3.4e+38 -3.4e+38 -3.4e+38 524.666320800781 389.361328125 267.47802734375 200.733505249023 147.23503112793 120.895118713379 110.265670776367 101.883880615234 99.5093307495117 97.6674346923828 97.3728332519531 101.489067077637 105.506607055664 121.897232055664 137.651290893555 157.709609985352 181.123870849609 192.612564086914 181.528732299805 158.283432006836 134.320175170898 109.256019592285 87.4619064331055 77.2046966552734 71.2758331298828 71.1434097290039 73.148078918457 79.5969543457031 78.0061721801758 78.7349090576172 78.3582992553711 79.3500366210938 84.8229522705078 102.770133972168 126.683815002441 144.902221679688 157.311630249023
-3.4e+38 -3.4e+38 -3.4e+38 -3.4e+38 -3.4e+38 -3.4e+38 -3.4e+38 -3.4e+38 -3.4e+38 -3.4e+38 -3.4e+38 -3.4e+38 -3.4e+38 -3.4e+38 -3.4e+38 -3.4e+38 543.95947265625 408.346923828125 288.488128662109 209.970672607422 157.66764831543 133.678665161133 125.125801086426 121.885452270508 118.601287841797 114.434745788574 117.441192626953 129.010116577148 143.595458984375 164.944686889648 189.898422241211 217.698577880859 244.849365234375 257.208251953125 242.017669677734 211.081848144531 173.520935058594 133.780960083008 100.310012817383 80.9180679321289 68.2849655151367 62.8192443847656 61.1477470397949 60.8385543823242 61.5654678344727 61.9728736877441 61.2734031677246 60.8933639526367 64.8020858764648 77.8452911376953 93.5484619140625 109.997093200684 126.385307312012
-3.4e+38 -3.4e+38 -3.4e+38 -3.4e+38 -3.4e+38 -3.4e+38 -3.4e+38 -3.4e+38 -3.4e+38 -3.4e+38 -3.4e+38 -3.4e+38 -3.4e+38 -3.4e+38 -3.4e+38 -3.4e+38 537.94189453125 400.280731201172 284.104736328125 213.898849487305 165.613967895508 145.059768676758 142.554046630859 144.672103881836 142.123718261719 138.463180541992 146.020797729492 166.539505004883 186.174072265625 216.594985961914 248.390518188477 282.508544921875 315.942718505859 335.269622802734 307.932037353516 266.668060302734 215.396347045898 159.581481933594 109.704849243164 88.7639617919922 68.6332550048828 58.8562240600586 54.5742340087891 47.6279563903809 50.8314628601074 50.6841239929199 50.2537651062012 50.2253265380859 48.9755859375 62.2325897216797 73.1599884033203 87.4595184326172 107.401588439941
-3.4e+38 -3.4e+38 -3.4e+38 -3.4e+38 -3.4e+38 -3.4e+38 -3.4e+38 -3.4e+38 -3.4e+38 -3.4e+38 -3.4e+38 -3.4e+38 -3.4e+38 -3.4e+38 -3.4e+38 -3.4e+38 485.060668945312 378.632293701172 283.477569580078 223.074523925781 180.931503295898 162.077850341797 160.833343505859 164.925582885742 170.127304077148 176.582321166992 189.855484008789 213.023651123047 240.416549682617 272.981994628906 309.74072265625 347.0478515625 380.703918457031 393.312591552734 365.284210205078 315.608764648438 254.404861450195 189.699066162109 138.040557861328 104.686264038086 80.7189865112305 68.0351638793945 59.4114112854004 53.4053497314453 51.569881439209 50.5481986999512 50.6681365966797 52.5903511047363 56.6444473266602 66.2683334350586 77.793830871582 91.5261764526367 108.259948730469
-3.4e+38 -3.4e+38 -3.4e+38 -3.4e+38 -3.4e+38 -3.4e+38 -3.4e+38 -3.4e+38 -3.4e+38 -3.4e+38 -3.4e+38 -3.4e+38 -3.4e+38 -3.4e+38 575.586181640625 519.316650390625 439.295104980469 360.527740478516 285.138885498047 242.917587280273 201.589294433594 183.346710205078 184.331527709961 190.496231079102 203.972747802734 219.186248779297 239.219177246094 268.327728271484 297.830047607422 335.256011962891 373.378631591797 412.234802246094 447.203582763672 459.491607666016 422.064666748047 361.360534667969 291.075439453125 219.288330078125 160.790390014648 124.578788757324 96.7020263671875 81.6178588867188 71.1660614013672 63.7112007141113 60.6792411804199 58.6711273193359 59.6689987182617 64.1987915039062 69.6323852539062 80.6979446411133 93.9951858520508 107.364135742188 122.594581604004
-3.4e+38 -3.4e+38 -3.4e+38 -3.4e+38 -3.4e+38 -3.4e+38 -3.4e+38 -3.4e+38 -3.4e+38 -3.4e+38 -3.4e+38 -3.4e+38 -3.4e+38 575.866516113281 500.7685546875 422.477600097656 393.985198974609 368.881469726562 327.148406982422 279.726318359375 237.664367675781 216.51887512207 214.998336791992 222.021408081055 242.447982788086 267.409332275391 292.677551269531 323.17578125 357.994995117188 396.89208984375 437.704986572266 475.403472900391 503.419769287109 506.919769287109 462.917602539062 394.849884033203 317.871063232422 242.487640380859 181.065567016602 141.190063476562 113.892280578613 98.222541809082 87.3298568725586 80.261962890625 76.2366256713867 74.0153884887695 75.5518951416016 81.8612060546875 90.6052703857422 102.615776062012 116.68790435791 130.381011962891 144.833786010742
-3.4e+38 -3.4e+38 -3.4e+38 -3.4e+38 -3.4e+38 -3.4e+38 -3.4e+38 -3.4e+38 -3.4e+38 -3.4e+38 -3.4e+38 -3.4e+38 -3.4e+38 491.967376708984 394.806335449219 330.155670166016 343.100402832031 371.455474853516 369.958862304688 324.386444091797 278.205261230469 257.135711669922 259.203796386719 266.849670410156 293.339111328125 320.366577148438 348.760864257812 384.814544677734 420.87109375 462.739807128906 503.194274902344 537.237548828125 559.996704101562 558.395751953125 504.699310302734 426.997650146484 346.388580322266 267.759857177734 201.240493774414 164.67724609375 134.782379150391 118.599029541016 109.236633300781 101.735481262207 99.5569458007812 97.0188140869141 100.146949768066 109.025924682617 117.250999450684 132.729553222656 146.920104980469 160.719497680664 176.568664550781
-3.4e+38 -3.4e+38 -3.4e+38 -3.4e+38 -3.4e+38 -3.4e+38 -3.4e+38 -3.4e+38 -3.4e+38 -3.4e+38 -3.4e+38 586.867431640625 500.839385986328 404.875366210938 343.797973632812 292.359313964844 298.082824707031 355.265472412109 396.022613525391 366.164459228516 323.367584228516 305.286987304688 317.054718017578 338.108367919922 355.697296142578 375.741973876953 403.557647705078 443.468780517578 487.228942871094 526.451293945312 565.330627441406 593.8935546875 605.681884765625 595.280395507812 536.699829101562 459.073608398438 375.670959472656 295.987030029297 231.031265258789 188.820541381836 160.7080078125 143.624496459961 133.062606811523 128.435760498047 126.333389282227 127.847221374512 132.081756591797 139.862945556641 150.854797363281 165.85627746582 182.714538574219 197.031845092773 209.882369995117
-3.4e+38 -3.4e+38 -3.4e+38 -3.4e+38 -3.4e+38 -3.4e+38 -3.4e+38 -3.4e+38 -3.4e+38 -3.4e+38 -3.4e+38 519.098693847656 418.522094726562 323.298889160156 275.296234130859 244.870910644531 285.318817138672 335.350036621094 375.856170654297 402.192535400391 373.002807617188 362.331970214844 384.851806640625 412.915344238281 427.708801269531 440.614440917969 466.055725097656 510.027679443359 553.681884765625 561.506774902344 569.904479980469 568.574829101562 560.489379882812 554.695495605469 549.980224609375 486.791809082031 407.697906494141 330.366577148438 267.505706787109 226.20947265625 193.526290893555 176.931976318359 168.981109619141 165.348937988281 167.179626464844 169.324844360352 176.596237182617 189.014755249023 199.438217163086 216.547149658203 231.382217407227 245.229736328125 259.996307373047
-3.4e+38 -3.4e+38 -3.4e+38 -3.4e+38 -3.4e+38 -3.4e+38 -3.4e+38 -3.4e+38 -3.4e+38 -3.4e+38 511.013244628906 459.759552001953 364.130493164062 269.125183105469 229.461044311523 218.615112304688 259.066192626953 310.416046142578 357.336181640625 376.234619140625 400.407257080078 411.420440673828 441.016510009766 466.782836914062 476.759857177734 489.121917724609 494.441528320312 501.572082519531 510.506988525391 510.600677490234 508.95166015625 508.476257324219 506.256317138672 505.784881591797 501.046722412109 496.877319335938 437.351959228516 367.4638671875 311.466339111328 268.759826660156 235.786178588867 218.466934204102 212.213073730469 208.736923217773 216.000427246094 224.357604980469 234.266067504883 247.498275756836 259.687255859375 277.775146484375 293.484832763672 307.673370361328 319.537658691406
-3.4e+38 -3.4e+38 -3.4e+38 -3.4e+38 -3.4e+38 -3.4e+38 -3.4e+38 -3.4e+38 -3.4e+38 -3.4e+38 459.418121337891 383.839569091797 285.3525390625 209.581741333008 189.973785400391 197.255599975586 240.041748046875 285.647186279297 325.635955810547 346.540679931641 369.089324951172 379.403961181641 397.283721923828 419.680969238281 432.772552490234 447.21826171875 447.050048828125 444.816864013672 450.815338134766 450.663848876953 458.407989501953 456.066986083984 445.838653564453 446.017791748047 444.269287109375 451.284851074219 453.096801757812 405.486267089844 357.542327880859 320.689361572266 290.069274902344 276.432373046875 274.655609130859 274.234069824219 286.269409179688 295.672546386719 309.784271240234 328.588714599609 342.303344726562 363.102172851562 377.053466796875 390.717071533203 391.200134277344
-3.4e+38 -3.4e+38 -3.4e+38 -3.4e+38 -3.4e+38 -3.4e+38 -3.4e+38 -3.4e+38 -3.4e+38 423.548217773438 378.941802978516 301.680603027344 230.998886108398 173.762969970703 167.86833190918 186.199127197266 227.400512695312 267.62939453125 304.482513427734 316.796203613281 334.028686523438 345.357025146484 362.895874023438 385.226623535156 393.785552978516 400.170104980469 400.067047119141 404.476806640625 406.775726318359 410.015502929688 409.051452636719 406.021759033203 408.490844726562 406.406524658203 408.714019775391 409.871398925781 411.634063720703 418.150817871094 399.974090576172 372.448638916016 353.950317382812 344.904205322266 345.144866943359 352.972290039062 365.061126708984 381.578765869141 398.962982177734 394.310729980469 380.340759277344 373.494903564453 362.656494140625 355.87939453125 350.671997070312
-3.4e+38 -3.4e+38 -3.4e+38 -3.4e+38 -3.4e+38 -3.4e+38 -3.4e+38 -3.4e+38 -3.4e+38 346.808715820312 300.734375 235.497192382812 180.346405029297 145.038543701172 149.873870849609 177.012145996094 212.391799926758 245.711944580078 274.328399658203 293.069274902344 307.305877685547 313.655487060547 324.839904785156 340.053527832031 348.450256347656 355.359954833984 354.667999267578 354.817413330078 358.793975830078 359.483428955078 361.870666503906 361.403625488281 361.081390380859 364.152648925781 365.468902587891 370.265197753906 373.480224609375 376.267150878906 381.166320800781 381.742828369141 384.438201904297 383.671630859375 377.810272216797 375.597625732422 365.832916259766 358.066802978516 348.947998046875 335.565795898438 327.461791992188 317.165069580078 312.190032958984 308.360015869141 301.953887939453
-3.4e+38 -3.4e+38 -3.4e+38 -3.4e+38 -3.4e+38 -3.4e+38 -3.4e+38 -3.4e+38 -3.4e+38 288.798583984375 247.820281982422 183.342193603516 149.628875732422 127.151878356934 140.186172485352 166.407958984375 203.14453125 232.336608886719 259.861206054688 268.549468994141 281.927673339844 287.789154052734 299.205413818359 311.337432861328 316.841247558594 320.641906738281 319.748229980469 322.437957763672 323.259674072266 326.778350830078 326.629272460938 326.516693115234 330.70849609375 330.824890136719 335.866271972656 337.699249267578 341.2451171875 346.099731445312 346.733184814453 349.746551513672 347.400634765625 346.182006835938 341.561767578125 334.235229492188 328.650543212891 315.941375732422 306.810516357422 297.424224853516 286.253234863281 282.130340576172 274.392395019531 270.622772216797 268.639953613281
-3.4e+38 -3.4e+38 -3.4e+38 -3.4e+38 -3.4e+38 -3.4e+38 -3.4e+38 -3.4e+38 -3.4e+38 -3.4e+38 186.922164916992 148.605010986328 122.77806854248 118.38159942627 137.026733398438 163.064697265625 190.773162841797 215.805252075195 236.079376220703 246.616806030273 258.281188964844 263.581787109375 269.513214111328 277.973968505859 282.106567382812 285.763916015625 285.359680175781 284.736907958984 286.9921875 287.33837890625 289.825531005859 290.41943359375 291.865356445312 295.550506591797 297.663482666016 302.36865234375 304.919189453125 306.175598144531 309.348480224609 308.297912597656 308.198760986328 305.739929199219 297.981964111328 292.194793701172 281.567657470703 272.765625 264.298187255859 253.29328918457 246.758483886719 239.207046508789 235.750061035156 233.247543334961 229.642288208008
-3.4e+38 -3.4e+38 -3.4e+38 -3.4e+38 -3.4e+38 -3.4e+38 -3.4e+38 -3.4e+38 -3.4e+38 -3.4e+38 -3.4e+38 121.561630249023 108.797416687012 109.092758178711 132.376861572266 158.988952636719 186.997421264648 208.632141113281 224.960235595703 231.080963134766 241.268966674805 246.311782836914 251.188507080078 256.817138671875 258.739807128906 259.512054443359 259.000427246094 259.586761474609 258.612579345703 260.366302490234 260.423919677734 260.849822998047 264.081451416016 264.874053955078 269.407501220703 271.931762695312 274.738159179688 277.591003417969 278.133148193359 278.947937011719 276.018341064453 273.630157470703 267.618255615234 258.583557128906 251.999374389648 240.897033691406 232.427276611328 224.585342407227 216.101837158203 212.80842590332 207.414916992188 205.025497436523 203.649688720703
-3.4e+38 -3.4e+38 -3.4e+38 -3.4e+38 -3.4e+38 -3.4e+38 -3.4e+38 -3.4e+38 -3.4e+38 139.025527954102 125.674613952637 109.808120727539 107.964744567871 112.789443969727 133.695495605469 158.818496704102 179.809722900391 196.561218261719 211.112243652344 219.453262329102 226.247283935547 229.852416992188 231.951187133789 234.366836547852 234.407165527344 234.824645996094 233.7431640625 231.561508178711 231.210906982422 230.346374511719 230.789093017578 230.880889892578 231.752868652344 234.171142578125 236.193069458008 239.617691040039 241.588638305664 242.555358886719 244.445663452148 243.034362792969 241.906387329102 239.066528320312 231.918350219727 225.738952636719 216.607269287109 208.448455810547 201.37370300293 192.952880859375 187.035583496094 181.508743286133 178.356658935547 176.263381958008 173.195358276367
-3.4e+38 -3.4e+38 -3.4e+38 -3.4e+38 -3.4e+38 -3.4e+38 -3.4e+38 -3.4e+38 125.532188415527 122.822082519531 108.482528686523 100.855941772461 103.101043701172 107.342124938965 131.000946044922 157.495880126953 177.029525756836 195.928756713867 204.46760559082 210.539276123047 214.547592163086 216.136215209961 220.584854125977 219.001419067383 219.019989013672 215.542236328125 213.046340942383 211.856491088867 208.742630004883 208.170837402344 205.441360473633 204.090148925781 206.187957763672 206.036361694336 208.30744934082 209.555084228516 210.826995849609 213.676559448242 213.757904052734 213.986923217773 211.436111450195 209.021881103516 203.844680786133 197.66650390625 191.601181030273 181.84831237793 175.559906005859 168.243133544922 162.131088256836 159.110290527344 153.870483398438 151.767837524414 150.084106445312
-3.4e+38 -3.4e+38 -3.4e+38 -3.4e+38 -3.4e+38 -3.4e+38 -3.4e+38 -3.4e+38 105.027770996094 105.339797973633 103.051681518555 97.935546875 105.272941589355 112.441955566406 129.559982299805 152.644973754883 170.364532470703 184.594451904297 194.383102416992 201.738128662109 206.998046875 208.708862304688 206.890686035156 206.350143432617 204.952972412109 201.796279907227 198.979736328125 194.305328369141 191.090881347656 188.080688476562 185.507049560547 183.7353515625 182.378753662109 182.496536254883 182.966293334961 184.432952880859 185.43489074707 186.058456420898 187.188980102539 186.386764526367 185.73747253418 183.798522949219 178.842193603516 174.271087646484 167.493270874023 160.995513916016 155.255859375 148.242752075195 142.824966430664 137.986541748047 134.602157592773 132.434356689453 129.643371582031
-3.4e+38 -3.4e+38 -3.4e+38 -3.4e+38 -3.4e+38 -3.4e+38 -3.4e+38 -3.4e+38 -3.4e+38 99.3633651733398 100.208869934082 98.4254379272461 98.3059997558594 108.060737609863 121.730392456055 145.757125854492 163.769790649414 179.347534179688 188.508071899414 191.909088134766 198.147537231445 198.254241943359 195.805023193359 196.835342407227 192.889221191406 189.161346435547 184.321212768555 178.678131103516 175.094116210938 170.29557800293 166.774642944336 163.294189453125 160.617080688477 160.283020019531 158.978012084961 160.033721923828 159.946884155273 159.995697021484 161.435760498047 160.303176879883 160.256530761719 158.983779907227 154.858840942383 152.310745239258 146.494262695312 140.884429931641 136.321060180664 129.276214599609 124.848731994629 120.116333007812 116.57007598877 114.143135070801 111.144142150879
-3.4e+38 -3.4e+38 -3.4e+38 -3.4e+38 -3.4e+38 -3.4e+38 -3.4e+38 -3.4e+38 -3.4e+38 94.0189971923828 98.1084518432617 96.8780899047852 101.181327819824 107.027458190918 121.042953491211 138.115097045898 156.972045898438 173.960891723633 184.826690673828 188.192337036133 190.686553955078 190.011535644531 189.070236206055 187.646255493164 185.213592529297 179.911575317383 174.80827331543 168.645523071289 163.185424804688 158.083770751953 152.756301879883 148.899078369141 145.372619628906 143.007034301758 141.541412353516 140.714630126953 140.301223754883 140.050003051758 140.242324829102 139.865951538086 139.543853759766 138.603698730469 136.221588134766 133.800582885742 129.708374023438 125.580718994141 121.556594848633 116.086738586426 111.55908203125 106.957946777344 103.174438476562 100.604598999023 97.6563339233398
-3.4e+38 -3.4e+38 -3.4e+38 -3.4e+38 -3.4e+38 -3.4e+38 -3.4e+38 -3.4e+38 -3.4e+38 86.7777404785156 93.7533569335938 94.560661315918 98.6747055053711 97.1337661743164 113.397079467773 131.537612915039 151.566925048828 167.535171508789 182.133514404297 179.662734985352 181.29914855957 178.296829223633 177.941940307617 179.790222167969 174.667098999023 170.261810302734 163.582153320312 155.668838500977 152.076812744141 144.802215576172 139.749404907227 134.4755859375 128.609024047852 127.468383789062 122.85279083252 122.972496032715 121.418434143066 118.775909423828 120.579154968262 118.006477355957 119.758331298828 119.160774230957 115.497459411621 116.517120361328 111.963973999023 110.300338745117 107.665260314941 101.325698852539 99.3009872436523 94.0047836303711 91.2958831787109 88.6113662719727 84.0504455566406
-3.4e+38 -3.4e+38 -3.4e+38 -3.4e+38 -3.4e+38 -3.4e+38 -3.4e+38 -3.4e+38 -3.4e+38 -3.4e+38 -3.4e+38 89.8125228881836 89.8913192749023 93.2050399780273 110.281028747559 125.462730407715 146.23078918457 162.10578918457 172.941131591797 174.055099487305 172.257110595703 169.335372924805 170.215087890625 169.510131835938 166.877563476562 161.547012329102 154.973251342773 148.840698242188 142.389083862305 136.565780639648 129.762557983398 124.488998413086 119.524765014648 115.311241149902 112.253799438477 109.401679992676 107.623519897461 106.208557128906 105.265487670898 104.673126220703 104.205078125 103.692306518555 102.873107910156 101.877487182617 100.16822052002 98.3931655883789 96.2904663085938 93.0276718139648 90.0539855957031 86.481819152832 83.0058135986328 80.3407745361328 77.325553894043
-3.4e+38 -3.4e+38 -3.4e+38 -3.4e+38 -3.4e+38 -3.4e+38 -3.4e+38 -3.4e+38 -3.4e+38 -3.4e+38 -3.4e+38 80.8356857299805 82.1794052124023 83.0762176513672 99.1843490600586 121.046348571777 140.503921508789 154.074020385742 165.698379516602 162.605087280273 161.513961791992 157.438613891602 155.512496948242 159.801162719727 155.541442871094 151.456558227539 144.725357055664 137.199935913086 133.209289550781 126.507957458496 120.292427062988 114.350395202637 107.794784545898 104.948661804199 99.841911315918 97.4546585083008 94.7158813476562 91.4409484863281 91.5055160522461 89.0866012573242 89.8419036865234 89.198127746582 87.1637420654297 88.2803344726562 86.0518798828125 86.0512466430664 85.0768814086914 81.6076354980469 80.8504104614258 77.2927856445312 74.8933563232422 72.4299392700195 68.2484512329102
