meets/meet004/selection/CCSM_0k_am_bio02.asc
NCOLS 154 
NROWS 168 
XLLCORNER -112 
YLLCORNER -55.5 
CELLSIZE 0.5 
NODATA_value -3.4e+38 
[rows 72 to 95 of 168, columns 53 to 105 of 154]
-3.4e+38 -3.4e+38 -3.4e+38 -3.4e+38 -3.4e+38 -3.4e+38 -3.4e+38 -3.4e+38 -3.4e+38 -3.4e+38 -3.4e+38 -3.4e+38 6.42098045349121 9.01167392730713 8.93134593963623 7.85180521011353 7.84965372085571 8.35248947143555 9.00149250030518 9.52385139465332 9.88785457611084 10.0560808181763 9.9105224609375 9.8198823928833 10.0457286834717 10.3211040496826 10.3472728729248 10.1196422576904 9.92513465881348 9.96022415161133 10.0685062408447 10.0458087921143 9.91883563995361 9.80584526062012 9.78388690948486 9.79726886749268 9.73120021820068 9.60693836212158 9.48733806610107 9.4216833114624 9.37320423126221 9.29646492004395 9.21669292449951 9.13074779510498 9.09657382965088 9.06165313720703 9.01560115814209 8.96480083465576 8.93971157073975 9.03193664550781 9.15532493591309 9.28992080688477 9.43917369842529
-3.4e+38 -3.4e+38 -3.4e+38 -3.4e+38 -3.4e+38 -3.4e+38 -3.4e+38 -3.4e+38 -3.4e+38 -3.4e+38 -3.4e+38 -3.4e+38 -3.4e+38 7.34241580963135 7.75455665588379 7.5548791885376 7.96408224105835 8.48619842529297 9.11483287811279 9.65234565734863 10.0890922546387 10.2782821655273 10.1427564620972 10.0578489303589 10.2392778396606 10.5035953521729 10.5277166366577 10.327091217041 10.1610670089722 10.1702690124512 10.2560129165649 10.2298851013184 10.1216354370117 10.0396137237549 10.0211191177368 10.0508451461792 10.0047626495361 9.90549659729004 9.82028961181641 9.75687408447266 9.71536540985107 9.63628673553467 9.53951835632324 9.45255661010742 9.39685440063477 9.34805488586426 9.27372264862061 9.17508792877197 9.12456893920898 9.19863510131836 9.33290004730225 9.47500133514404 9.62553691864014
-3.4e+38 -3.4e+38 -3.4e+38 -3.4e+38 -3.4e+38 -3.4e+38 -3.4e+38 -3.4e+38 -3.4e+38 -3.4e+38 -3.4e+38 -3.4e+38 -3.4e+38 -3.4e+38 6.16012239456177 7.72530555725098 8.73050212860107 8.99702453613281 9.18812942504883 9.68432998657227 10.2502536773682 10.4864797592163 10.3101434707642 10.2663459777832 10.3995599746704 10.6076326370239 10.6477899551392 10.5082054138184 10.4044246673584 10.3752756118774 10.3947944641113 10.361837387085 10.2887706756592 10.2355966567993 10.2141695022583 10.2298736572266 10.2056789398193 10.16051197052 10.1321420669556 10.0613126754761 10.021767616272 9.94514465332031 9.85261726379395 9.78202724456787 9.69424057006836 9.64614200592041 9.5521240234375 9.41192436218262 9.34742546081543 9.40980815887451 9.52125263214111 9.64414215087891 9.77991008758545
-3.4e+38 -3.4e+38 -3.4e+38 -3.4e+38 -3.4e+38 -3.4e+38 -3.4e+38 -3.4e+38 -3.4e+38 -3.4e+38 -3.4e+38 -3.4e+38 -3.4e+38 -3.4e+38 5.4051399230957 7.8114447593689 9.12029361724854 9.25549602508545 9.19002723693848 9.53443431854248 10.0906858444214 10.3698844909668 10.3352899551392 10.354510307312 10.4669122695923 10.6501617431641 10.7070894241333 10.6343984603882 10.5751638412476 10.5327405929565 10.5174331665039 10.4775791168213 10.421630859375 10.3885440826416 10.3542680740356 10.3542098999023 10.336817741394 10.3184814453125 10.3196105957031 10.2672872543335 10.2337446212769 10.1638927459717 10.0738964080811 10.0099201202393 9.90189266204834 9.83475208282471 9.74766635894775 9.64058876037598 9.6043062210083 9.63915348052979 9.72805309295654 9.82054710388184 9.91843414306641
-3.4e+38 -3.4e+38 -3.4e+38 -3.4e+38 -3.4e+38 -3.4e+38 -3.4e+38 -3.4e+38 -3.4e+38 -3.4e+38 -3.4e+38 -3.4e+38 -3.4e+38 -3.4e+38 5.21534442901611 7.96343326568604 9.40488147735596 9.15178394317627 8.90830898284912 9.29236316680908 9.68293285369873 9.96463871002197 10.0836400985718 10.3184175491333 10.4388160705566 10.5839185714722 10.6908617019653 10.6901435852051 10.7018051147461 10.653374671936 10.6114540100098 10.5736293792725 10.5351428985596 10.5128860473633 10.4740085601807 10.4352865219116 10.4213056564331 10.429349899292 10.428204536438 10.4115991592407 10.3736381530762 10.3142642974854 10.2546281814575 10.1546154022217 10.0332403182983 9.9282169342041 9.85707569122314 9.83729934692383 9.87008571624756 9.89655208587646 9.94316291809082 9.99943065643311 10.0549993515015
-3.4e+38 -3.4e+38 -3.4e+38 -3.4e+38 -3.4e+38 -3.4e+38 -3.4e+38 -3.4e+38 -3.4e+38 -3.4e+38 -3.4e+38 -3.4e+38 -3.4e+38 -3.4e+38 -3.4e+38 6.99820470809937 8.37988758087158 8.76998710632324 8.89521789550781 8.98138046264648 9.01133251190186 9.22620105743408 9.54261302947998 9.93569564819336 10.2117605209351 10.4341850280762 10.6111965179443 10.6860084533691 10.727632522583 10.7053813934326 10.6628751754761 10.6363325119019 10.6193428039551 10.614842414856 10.5759239196777 10.5427913665771 10.5255241394043 10.5254316329956 10.5341482162476 10.5330266952515 10.5196256637573 10.4679756164551 10.4013814926147 10.2891569137573 10.1198616027832 9.97630500793457 9.91991519927979 9.96207141876221 10.0515785217285 10.1092376708984 10.15869140625 10.1958904266357 10.2001905441284
-3.4e+38 -3.4e+38 -3.4e+38 -3.4e+38 -3.4e+38 -3.4e+38 -3.4e+38 -3.4e+38 -3.4e+38 -3.4e+38 -3.4e+38 -3.4e+38 -3.4e+38 -3.4e+38 -3.4e+38 5.37606620788574 6.80891275405884 8.12241744995117 9.09499073028564 8.85094547271729 8.21659755706787 8.29217338562012 8.83009910583496 9.4469165802002 9.83227634429932 10.2272138595581 10.5282392501831 10.6405572891235 10.7353944778442 10.706374168396 10.6691360473633 10.6593856811523 10.6654596328735 10.6998538970947 10.6618738174438 10.6528844833374 10.6464004516602 10.6300363540649 10.6395902633667 10.6624698638916 10.6896820068359 10.652720451355 10.5697460174561 10.4453630447388 10.2402849197388 10.0112009048462 9.94711494445801 10.0533103942871 10.2016201019287 10.2782526016235 10.3648414611816 10.4040174484253 10.3728408813477
-3.4e+38 -3.4e+38 -3.4e+38 -3.4e+38 -3.4e+38 -3.4e+38 -3.4e+38 -3.4e+38 -3.4e+38 -3.4e+38 -3.4e+38 -3.4e+38 -3.4e+38 -3.4e+38 -3.4e+38 -3.4e+38 5.61147308349609 7.47887468338013 8.70234107971191 8.69549179077148 7.97453832626343 7.90966749191284 8.19210815429688 8.73373699188232 9.38157653808594 10.0431356430054 10.4778604507446 10.6349296569824 10.7109470367432 10.6665811538696 10.6491556167603 10.6504373550415 10.6481189727783 10.6942949295044 10.6837329864502 10.699538230896 10.7139310836792 10.7193784713745 10.7679948806763 10.7716436386108 10.7995700836182 10.7771158218384 10.7279634475708 10.6300601959229 10.407413482666 10.1815509796143 10.0834884643555 10.1048231124878 10.2145986557007 10.370246887207 10.5322227478027 10.6060085296631 10.5754690170288
-3.4e+38 -3.4e+38 -3.4e+38 -3.4e+38 -3.4e+38 -3.4e+38 -3.4e+38 -3.4e+38 -3.4e+38 -3.4e+38 -3.4e+38 -3.4e+38 -3.4e+38 -3.4e+38 -3.4e+38 -3.4e+38 4.46177911758423 6.71016359329224 8.75403594970703 8.53239345550537 7.83744239807129 7.75688028335571 7.84877252578735 7.92997646331787 8.76564502716064 9.70814514160156 10.1903972625732 10.2829322814941 10.5807800292969 10.5072040557861 10.5475416183472 10.6124820709229 10.5820970535278 10.6350803375244 10.6143198013306 10.6424922943115 10.6832237243652 10.7244691848755 10.8417196273804 10.774881362915 10.8027076721191 10.8070621490479 10.8154449462891 10.831618309021 10.6173086166382 10.370379447937 10.2587327957153 10.2035264968872 10.1754570007324 10.4506330490112 10.7080612182617 10.8141212463379 10.7886581420898
-3.4e+38 -3.4e+38 -3.4e+38 -3.4e+38 -3.4e+38 -3.4e+38 -3.4e+38 -3.4e+38 -3.4e+38 -3.4e+38 -3.4e+38 -3.4e+38 -3.4e+38 -3.4e+38 -3.4e+38 -3.4e+38 -3.4e+38 5.61551904678345 7.25135087966919 8.04650402069092 8.16405582427979 8.25750923156738 8.03677177429199 7.88082885742188 8.08221244812012 8.45554065704346 8.82365608215332 9.17287731170654 9.62926483154297 9.98443603515625 10.3853607177734 10.5653305053711 10.4476432800293 10.4236898422241 10.3717737197876 10.4376220703125 10.4957590103149 10.5532379150391 10.6143074035645 10.5659255981445 10.5516996383667 10.5830125808716 10.6691083908081 10.7656526565552 10.6902370452881 10.5891103744507 10.5052480697632 10.3869190216064 10.4036798477173 10.5715970993042 10.818959236145 10.9349746704102 10.9305648803711
-3.4e+38 -3.4e+38 -3.4e+38 -3.4e+38 -3.4e+38 -3.4e+38 -3.4e+38 -3.4e+38 -3.4e+38 -3.4e+38 -3.4e+38 -3.4e+38 -3.4e+38 -3.4e+38 -3.4e+38 -3.4e+38 -3.4e+38 4.42310523986816 6.04828882217407 7.5346360206604 8.58874034881592 8.85430335998535 8.25403022766113 7.81008672714233 7.4241042137146 7.13035297393799 7.25748491287231 7.83149194717407 8.40347290039062 8.77346897125244 9.61648559570312 10.0567531585693 9.89982318878174 10.0219535827637 10.1404857635498 10.1735887527466 10.2244920730591 10.2871294021606 10.3411102294922 10.226375579834 10.1615047454834 10.2063856124878 10.348443031311 10.6193265914917 10.6027021408081 10.7067737579346 10.7162055969238 10.5909481048584 10.5648288726807 10.6759471893311 10.886890411377 10.9752082824707 10.955249786377
-3.4e+38 -3.4e+38 -3.4e+38 -3.4e+38 -3.4e+38 -3.4e+38 -3.4e+38 -3.4e+38 -3.4e+38 -3.4e+38 -3.4e+38 -3.4e+38 -3.4e+38 -3.4e+38 -3.4e+38 -3.4e+38 -3.4e+38 -3.4e+38 4.9281530380249 7.01336669921875 8.76630115509033 9.36136150360107 8.55387115478516 7.40482568740845 7.20542621612549 6.97856044769287 6.84997177124023 6.8523907661438 6.66941404342651 7.20585060119629 7.59114599227905 8.14070510864258 8.89602470397949 9.3829402923584 9.80554580688477 10.0049428939819 10.1201725006104 10.0526714324951 9.90870761871338 9.92077541351318 9.91034507751465 9.87932586669922 9.81084156036377 9.86766529083252 10.2388954162598 10.6731729507446 10.8607454299927 10.7808313369751 10.6975421905518 10.7338314056396 10.8197402954102 10.8338356018066 10.7836141586304
-3.4e+38 -3.4e+38 -3.4e+38 -3.4e+38 -3.4e+38 -3.4e+38 -3.4e+38 -3.4e+38 -3.4e+38 -3.4e+38 -3.4e+38 -3.4e+38 -3.4e+38 -3.4e+38 -3.4e+38 -3.4e+38 -3.4e+38 -3.4e+38 3.81526231765747 6.50080633163452 9.0233097076416 9.99244403839111 9.09688949584961 7.60587739944458 8.12458610534668 7.85764789581299 7.57292890548706 7.23043346405029 5.98013019561768 6.6414532661438 6.42842388153076 6.837646484375 8.05193901062012 8.84819412231445 9.48700141906738 9.98658752441406 10.1968059539795 10.0673847198486 9.67588138580322 9.77921962738037 9.74548149108887 9.56585502624512 9.25421619415283 9.11471271514893 9.80842208862305 10.612738609314 11.0005178451538 10.9368734359741 10.7859392166138 10.7568235397339 10.7190942764282 10.6579618453979 10.5659446716309
-3.4e+38 -3.4e+38 -3.4e+38 -3.4e+38 -3.4e+38 -3.4e+38 -3.4e+38 -3.4e+38 -3.4e+38 -3.4e+38 -3.4e+38 -3.4e+38 -3.4e+38 -3.4e+38 -3.4e+38 -3.4e+38 -3.4e+38 -3.4e+38 3.15927290916443 5.57422971725464 8.27696132659912 9.84957504272461 10.1647310256958 10.2864675521851 9.97490119934082 9.8218879699707 9.52169227600098 9.11594390869141 8.76770877838135 8.06614875793457 7.56219434738159 7.46648502349854 7.68814373016357 8.20263862609863 9.13959217071533 10.0517339706421 10.4772911071777 10.3592758178711 10.130277633667 9.96095561981201 9.69034194946289 9.39995574951172 8.96185302734375 8.7886962890625 9.61169052124023 10.6085844039917 11.0739727020264 11.1025524139404 10.9309148788452 10.7652902603149 10.6157627105713 10.4776744842529 10.3652334213257
-3.4e+38 -3.4e+38 -3.4e+38 -3.4e+38 -3.4e+38 -3.4e+38 -3.4e+38 -3.4e+38 -3.4e+38 -3.4e+38 -3.4e+38 -3.4e+38 -3.4e+38 -3.4e+38 -3.4e+38 -3.4e+38 -3.4e+38 -3.4e+38 -3.4e+38 4.28055572509766 6.9557728767395 9.02885150909424 10.3864822387695 11.7975540161133 11.3876399993896 11.2320604324341 10.931601524353 10.6250810623169 10.7877340316772 9.64288234710693 8.76918792724609 8.16389656066895 7.62847661972046 7.65189695358276 8.57370567321777 9.78895854949951 10.4675388336182 10.5026931762695 10.494270324707 10.3445348739624 9.96078395843506 9.66853427886963 9.27118682861328 8.91087627410889 9.85497093200684 10.8037662506104 11.1692085266113 11.1306829452515 10.9518585205078 10.6682720184326 10.4402275085449 10.2539014816284 10.1201047897339
-3.4e+38 -3.4e+38 -3.4e+38 -3.4e+38 -3.4e+38 -3.4e+38 -3.4e+38 -3.4e+38 -3.4e+38 -3.4e+38 -3.4e+38 -3.4e+38 -3.4e+38 -3.4e+38 -3.4e+38 -3.4e+38 -3.4e+38 -3.4e+38 -3.4e+38 -3.4e+38 4.42446994781494 6.47970962524414 8.87862396240234 10.8602428436279 10.8934059143066 10.6543626785278 10.6284208297729 10.5154666900635 10.5644521713257 9.97985935211182 9.28472518920898 8.56665802001953 7.6797947883606 7.27465438842773 7.89580392837524 8.84070777893066 9.56759357452393 10.2349767684937 10.6460485458374 10.5739717483521 10.4420385360718 10.3400411605835 10.1724128723145 10.363826751709 10.5441083908081 10.9233102798462 11.055251121521 10.9240922927856 10.689058303833 10.457573890686 10.2011728286743 9.99747753143311 9.85924053192139
-3.4e+38 -3.4e+38 -3.4e+38 -3.4e+38 -3.4e+38 -3.4e+38 -3.4e+38 -3.4e+38 -3.4e+38 -3.4e+38 -3.4e+38 -3.4e+38 -3.4e+38 -3.4e+38 -3.4e+38 -3.4e+38 -3.4e+38 -3.4e+38 -3.4e+38 -3.4e+38 -3.4e+38 -3.4e+38 6.28165054321289 8.48708152770996 8.68979454040527 8.82861614227295 9.24490356445312 9.56791019439697 9.98969554901123 9.93028450012207 9.59759902954102 9.05095195770264 8.21238040924072 7.4712929725647 7.72404861450195 8.14141845703125 8.7115535736084 9.54664134979248 10.3331117630005 10.4893684387207 10.6878271102905 10.7716035842896 10.7456912994385 10.9890270233154 10.8314876556396 10.8668546676636 10.8326930999756 10.6285238265991 10.4664697647095 10.3083791732788 10.0884809494019 9.89944267272949 9.75073623657227
-3.4e+38 -3.4e+38 -3.4e+38 -3.4e+38 -3.4e+38 -3.4e+38 -3.4e+38 -3.4e+38 -3.4e+38 -3.4e+38 -3.4e+38 -3.4e+38 -3.4e+38 -3.4e+38 -3.4e+38 -3.4e+38 -3.4e+38 -3.4e+38 -3.4e+38 -3.4e+38 -3.4e+38 -3.4e+38 -3.4e+38 -3.4e+38 5.41882276535034 6.21918773651123 7.21996450424194 8.30823993682861 9.28533267974854 9.72291278839111 9.93833065032959 9.86319160461426 9.35165977478027 8.91259002685547 8.30155181884766 7.83132410049438 7.94253873825073 8.57438278198242 9.26373958587646 9.87655639648438 10.4779405593872 10.7841196060181 10.652533531189 10.5169467926025 10.5229434967041 10.4958600997925 10.4023513793945 10.3601636886597 10.2915201187134 10.2003660202026 10.1489400863647 10.0149946212769 9.78407573699951
-3.4e+38 -3.4e+38 -3.4e+38 -3.4e+38 -3.4e+38 -3.4e+38 -3.4e+38 -3.4e+38 -3.4e+38 -3.4e+38 -3.4e+38 -3.4e+38 -3.4e+38 -3.4e+38 -3.4e+38 -3.4e+38 -3.4e+38 -3.4e+38 -3.4e+38 -3.4e+38 -3.4e+38 -3.4e+38 -3.4e+38 -3.4e+38 -3.4e+38 -3.4e+38 5.0735878944397 6.52988386154175 8.00304794311523 9.19052982330322 10.1208820343018 10.396333694458 10.1968278884888 9.69625377655029 8.90948581695557 8.0596342086792 7.76252412796021 7.87809324264526 8.18824863433838 8.83584976196289 9.63726234436035 10.1041898727417 10.1488399505615 10.0794315338135 10.1006002426147 10.0271987915039 10.0069408416748 10.0210361480713 10.0289354324341 10.0209083557129 10.0224714279175 9.93800735473633 9.76908588409424
-3.4e+38 -3.4e+38 -3.4e+38 -3.4e+38 -3.4e+38 -3.4e+38 -3.4e+38 -3.4e+38 -3.4e+38 -3.4e+38 -3.4e+38 -3.4e+38 -3.4e+38 -3.4e+38 -3.4e+38 -3.4e+38 -3.4e+38 -3.4e+38 -3.4e+38 -3.4e+38 -3.4e+38 -3.4e+38 -3.4e+38 -3.4e+38 -3.4e+38 -3.4e+38 -3.4e+38 -3.4e+38 6.17729663848877 8.12815761566162 9.8910961151123 10.833384513855 10.5710000991821 9.92304992675781 9.67244243621826 8.95772361755371 8.32949829101562 7.77832984924316 7.15748405456543 7.94015264511108 8.54958248138428 9.08670234680176 9.73258399963379 9.90098094940186 9.8956937789917 9.67780685424805 9.62490844726562 9.68926048278809 9.70706272125244 9.76251888275146 9.71590042114258 9.70661544799805 9.68300247192383
-3.4e+38 -3.4e+38 -3.4e+38 -3.4e+38 -3.4e+38 -3.4e+38 -3.4e+38 -3.4e+38 -3.4e+38 -3.4e+38 -3.4e+38 -3.4e+38 -3.4e+38 -3.4e+38 -3.4e+38 -3.4e+38 -3.4e+38 -3.4e+38 -3.4e+38 -3.4e+38 -3.4e+38 -3.4e+38 -3.4e+38 -3.4e+38 -3.4e+38 -3.4e+38 -3.4e+38 -3.4e+38 4.63800525665283 6.74783754348755 8.89798069000244 10.3662986755371 10.9971837997437 11.0554628372192 10.8904895782471 10.2034845352173 9.53549003601074 8.78127574920654 8.08974552154541 8.21282291412354 8.46791839599609 8.8769702911377 9.59821891784668 9.93747138977051 9.89447116851807 9.52041435241699 9.40184307098389 9.4703540802002 9.53887939453125 9.63235855102539 9.6449146270752 9.6826696395874 9.71653270721436
-3.4e+38 -3.4e+38 -3.4e+38 -3.4e+38 -3.4e+38 -3.4e+38 -3.4e+38 -3.4e+38 -3.4e+38 -3.4e+38 -3.4e+38 -3.4e+38 -3.4e+38 -3.4e+38 -3.4e+38 -3.4e+38 -3.4e+38 -3.4e+38 -3.4e+38 -3.4e+38 -3.4e+38 -3.4e+38 -3.4e+38 -3.4e+38 -3.4e+38 -3.4e+38 -3.4e+38 -3.4e+38 -3.4e+38 -3.4e+38 7.50058603286743 9.52924537658691 11.4809923171997 12.8771562576294 12.1735343933105 11.5284900665283 10.8960018157959 10.1849231719971 10.0658874511719 9.32863998413086 9.01764678955078 9.18188381195068 9.76784610748291 10.3335800170898 10.0469226837158 9.48980903625488 9.30325889587402 9.41228771209717 9.5099573135376 9.58782482147217 9.74372959136963 9.84216117858887 9.87800216674805
-3.4e+38 -3.4e+38 -3.4e+38 -3.4e+38 -3.4e+38 -3.4e+38 -3.4e+38 -3.4e+38 -3.4e+38 -3.4e+38 -3.4e+38 -3.4e+38 -3.4e+38 -3.4e+38 -3.4e+38 -3.4e+38 -3.4e+38 -3.4e+38 -3.4e+38 -3.4e+38 -3.4e+38 -3.4e+38 -3.4e+38 -3.4e+38 -3.4e+38 -3.4e+38 -3.4e+38 -3.4e+38 -3.4e+38 -3.4e+38 7.31597661972046 9.51010704040527 11.4368839263916 12.5635261535645 12.3441705703735 11.6557903289795 11.1893177032471 10.8308563232422 10.690037727356 10.0648946762085 9.64890956878662 9.63622093200684 10.0320653915405 10.3949823379517 10.2732334136963 9.89451789855957 9.66724395751953 9.52666282653809 9.46353912353516 9.55624485015869 9.74351215362549 9.88164615631104 9.99908351898193
-3.4e+38 -3.4e+38 -3.4e+38 -3.4e+38 -3.4e+38 -3.4e+38 -3.4e+38 -3.4e+38 -3.4e+38 -3.4e+38 -3.4e+38 -3.4e+38 -3.4e+38 -3.4e+38 -3.4e+38 -3.4e+38 -3.4e+38 -3.4e+38 -3.4e+38 -3.4e+38 -3.4e+38 -3.4e+38 -3.4e+38 -3.4e+38 -3.4e+38 -3.4e+38 -3.4e+38 -3.4e+38 -3.4e+38 -3.4e+38 -3.4e+38 9.90429782867432 11.1577129364014 11.7975616455078 11.6998310089111 10.9698619842529 10.6662673950195 10.7135496139526 10.6821479797363 10.337438583374 10.0288848876953 9.97115612030029 10.2473611831665 10.441234588623 10.5573558807373 10.4999475479126 10.2816190719604 9.83223247528076 9.36029529571533 9.54475212097168 9.71435928344727 9.8347749710083 10.028341293335
