meets/meet004/selection/CCSM_6k_am_bio02.asc
NCOLS 154 
NROWS 168 
XLLCORNER -112 
YLLCORNER -55.5 
CELLSIZE 0.5 
NODATA_value -3.4e+38 
[rows 72 to 95 of 168, columns 53 to 105 of 154]
-3.4e+38 -3.4e+38 -3.4e+38 -3.4e+38 -3.4e+38 -3.4e+38 -3.4e+38 -3.4e+38 -3.4e+38 -3.4e+38 -3.4e+38 -3.4e+38 6.44949388504028 9.06445407867432 8.99154853820801 7.97361040115356 7.98631906509399 8.4658727645874 9.08541965484619 9.59630393981934 9.93781185150146 10.1089763641357 9.96857261657715 9.89200019836426 10.1326398849487 10.4291791915894 10.4481010437012 10.2006874084473 9.98671245574951 10.0169811248779 10.1251125335693 10.1038818359375 9.97945117950439 9.86931705474854 9.85664081573486 9.87816429138184 9.81612014770508 9.69787502288818 9.5781421661377 9.50933933258057 9.45563697814941 9.37355613708496 9.2924165725708 9.20296478271484 9.16567707061768 9.1283712387085 9.08133411407471 9.02911376953125 9.0037145614624 9.0894079208374 9.20984649658203 9.34505176544189 9.49573421478271
-3.4e+38 -3.4e+38 -3.4e+38 -3.4e+38 -3.4e+38 -3.4e+38 -3.4e+38 -3.4e+38 -3.4e+38 -3.4e+38 -3.4e+38 -3.4e+38 -3.4e+38 7.34758424758911 7.8089804649353 7.66098403930664 8.09156131744385 8.59239864349365 9.19357395172119 9.71261501312256 10.1334638595581 10.3162317276001 10.1813831329346 10.1063394546509 10.3057174682617 10.5984678268433 10.6241178512573 10.4022598266602 10.2196846008301 10.2256689071655 10.3131580352783 10.28293800354 10.1691465377808 10.0824003219604 10.0685338973999 10.1072816848755 10.0639162063599 9.96451091766357 9.87910556793213 9.81725215911865 9.77965641021729 9.69945812225342 9.59791278839111 9.5107421875 9.45683002471924 9.41209316253662 9.34063816070557 9.23956775665283 9.19053363800049 9.2603931427002 9.39079856872559 9.53621387481689 9.68332195281982
-3.4e+38 -3.4e+38 -3.4e+38 -3.4e+38 -3.4e+38 -3.4e+38 -3.4e+38 -3.4e+38 -3.4e+38 -3.4e+38 -3.4e+38 -3.4e+38 -3.4e+38 -3.4e+38 6.20945167541504 7.83151960372925 8.85247039794922 9.09305381774902 9.26476860046387 9.74819660186768 10.2859315872192 10.5226106643677 10.3446788787842 10.308497428894 10.4601850509644 10.6849412918091 10.7261343002319 10.5873899459839 10.4748601913452 10.4420709609985 10.4562740325928 10.4202003479004 10.3423433303833 10.2816505432129 10.2612495422363 10.2730360031128 10.247670173645 10.2031736373901 10.1727409362793 10.1037044525146 10.0652198791504 9.98834228515625 9.89835262298584 9.83045196533203 9.74453258514404 9.70489311218262 9.61528587341309 9.47730731964111 9.41793346405029 9.475830078125 9.58404350280762 9.70508098602295 9.84181594848633
-3.4e+38 -3.4e+38 -3.4e+38 -3.4e+38 -3.4e+38 -3.4e+38 -3.4e+38 -3.4e+38 -3.4e+38 -3.4e+38 -3.4e+38 -3.4e+38 -3.4e+38 -3.4e+38 5.46346950531006 7.91534614562988 9.2508659362793 9.37363910675049 9.28717708587646 9.60210990905762 10.1312208175659 10.4046754837036 10.3709316253662 10.3883075714111 10.5179233551025 10.7152662277222 10.7784080505371 10.7070627212524 10.6470708847046 10.6068363189697 10.5878047943115 10.5433788299561 10.4820194244385 10.4429559707642 10.4041948318481 10.3964805603027 10.3740386962891 10.3505010604858 10.3487367630005 10.295449256897 10.2656440734863 10.1967849731445 10.1074829101562 10.050669670105 9.94852066040039 9.89178371429443 9.81120681762695 9.70821571350098 9.6760368347168 9.70763111114502 9.79516983032227 9.88870334625244 9.98731899261475
-3.4e+38 -3.4e+38 -3.4e+38 -3.4e+38 -3.4e+38 -3.4e+38 -3.4e+38 -3.4e+38 -3.4e+38 -3.4e+38 -3.4e+38 -3.4e+38 -3.4e+38 -3.4e+38 5.29015731811523 8.09218215942383 9.54638767242432 9.27903652191162 9.01360130310059 9.37491703033447 9.72178268432617 10.0039672851562 10.1204175949097 10.3654203414917 10.4913148880005 10.6394958496094 10.7516040802002 10.7602987289429 10.7783575057983 10.7312908172607 10.6866426467896 10.644962310791 10.6079559326172 10.5821466445923 10.537314414978 10.4898529052734 10.4685535430908 10.4678478240967 10.4601240158081 10.4410333633423 10.4065294265747 10.3471412658691 10.2908306121826 10.1933298110962 10.0820589065552 9.99418163299561 9.93012523651123 9.9093599319458 9.94604969024658 9.9726448059082 10.0159873962402 10.0711441040039 10.1304235458374
-3.4e+38 -3.4e+38 -3.4e+38 -3.4e+38 -3.4e+38 -3.4e+38 -3.4e+38 -3.4e+38 -3.4e+38 -3.4e+38 -3.4e+38 -3.4e+38 -3.4e+38 -3.4e+38 -3.4e+38 7.11480522155762 8.51975631713867 8.90321350097656 9.00879859924316 9.06550598144531 9.05989742279053 9.2783203125 9.59939193725586 9.99571990966797 10.2762231826782 10.4940166473389 10.6737937927246 10.7541065216064 10.8018226623535 10.7807312011719 10.7414407730103 10.7133617401123 10.699049949646 10.6934394836426 10.6518068313599 10.6132783889771 10.5891456604004 10.5791854858398 10.5809164047241 10.5772504806519 10.5619611740112 10.5084438323975 10.4446401596069 10.3400297164917 10.1799993515015 10.0497064590454 9.99950695037842 10.0433397293091 10.1320381164551 10.1884183883667 10.2357454299927 10.2751846313477 10.283350944519
-3.4e+38 -3.4e+38 -3.4e+38 -3.4e+38 -3.4e+38 -3.4e+38 -3.4e+38 -3.4e+38 -3.4e+38 -3.4e+38 -3.4e+38 -3.4e+38 -3.4e+38 -3.4e+38 -3.4e+38 5.48986530303955 6.93528079986572 8.23624992370605 9.19186305999756 8.93340110778809 8.26079177856445 8.35128211975098 8.90135669708252 9.53351783752441 9.91640472412109 10.3018169403076 10.6022539138794 10.7133703231812 10.8113241195679 10.7839593887329 10.7493543624878 10.7376794815063 10.7526750564575 10.7849426269531 10.7491970062256 10.7413625717163 10.7301635742188 10.7078084945679 10.7125072479248 10.7289686203003 10.7578639984131 10.7160530090332 10.6326122283936 10.5159826278687 10.3168439865112 10.0968294143677 10.0379161834717 10.144847869873 10.2850799560547 10.36501121521 10.4458055496216 10.4865951538086 10.4617776870728
-3.4e+38 -3.4e+38 -3.4e+38 -3.4e+38 -3.4e+38 -3.4e+38 -3.4e+38 -3.4e+38 -3.4e+38 -3.4e+38 -3.4e+38 -3.4e+38 -3.4e+38 -3.4e+38 -3.4e+38 -3.4e+38 5.70090579986572 7.56229496002197 8.77094459533691 8.75062274932861 8.01112651824951 7.96671056747437 8.26048851013184 8.82452583312988 9.47891616821289 10.1373510360718 10.5724258422852 10.7251625061035 10.795015335083 10.7458629608154 10.7320795059204 10.7305841445923 10.7293739318848 10.7791194915771 10.7749004364014 10.7994527816772 10.8155918121338 10.8218431472778 10.8729686737061 10.8739204406738 10.898645401001 10.8699817657471 10.8223371505737 10.7217350006104 10.500147819519 10.2811708450317 10.18421459198 10.1990814208984 10.3039903640747 10.4601469039917 10.6157760620117 10.6924295425415 10.6685485839844
-3.4e+38 -3.4e+38 -3.4e+38 -3.4e+38 -3.4e+38 -3.4e+38 -3.4e+38 -3.4e+38 -3.4e+38 -3.4e+38 -3.4e+38 -3.4e+38 -3.4e+38 -3.4e+38 -3.4e+38 -3.4e+38 4.50196170806885 6.75184679031372 8.78272724151611 8.56559562683105 7.8685474395752 7.81335163116455 8.01221752166748 8.11968803405762 8.97413158416748 9.81344032287598 10.3003520965576 10.3883399963379 10.6767950057983 10.5962686538696 10.6432886123657 10.7037954330444 10.6659021377563 10.7218656539917 10.7121524810791 10.7477312088013 10.7933349609375 10.88844871521 11.0117034912109 10.9443578720093 10.9624919891357 10.9582557678223 11.0098247528076 11.0082025527954 10.7993001937866 10.476390838623 10.3640480041504 10.3005666732788 10.2697868347168 10.541766166687 10.7948522567749 10.9052448272705 10.8886623382568
-3.4e+38 -3.4e+38 -3.4e+38 -3.4e+38 -3.4e+38 -3.4e+38 -3.4e+38 -3.4e+38 -3.4e+38 -3.4e+38 -3.4e+38 -3.4e+38 -3.4e+38 -3.4e+38 -3.4e+38 -3.4e+38 -3.4e+38 5.61343479156494 7.26361179351807 8.05813503265381 8.25779151916504 8.41433715820312 8.22474098205566 8.08088302612305 8.28367900848389 8.66369819641113 9.00202465057373 9.26102828979492 9.72198486328125 10.088282585144 10.4929046630859 10.6720724105835 10.5510425567627 10.5202178955078 10.4703989028931 10.5793180465698 10.6610155105591 10.7419004440308 10.840968132019 10.8092088699341 10.848014831543 10.8849248886108 10.9420528411865 11.0180711746216 10.9085578918457 10.7859697341919 10.6673946380615 10.4846668243408 10.4953355789185 10.6643905639648 10.912148475647 11.0338325500488 11.0384845733643
-3.4e+38 -3.4e+38 -3.4e+38 -3.4e+38 -3.4e+38 -3.4e+38 -3.4e+38 -3.4e+38 -3.4e+38 -3.4e+38 -3.4e+38 -3.4e+38 -3.4e+38 -3.4e+38 -3.4e+38 -3.4e+38 -3.4e+38 4.39904069900513 6.02480030059814 7.53301763534546 8.68141841888428 9.00647830963135 8.44523429870605 8.00862312316895 7.64715719223022 7.30520057678223 7.386559009552 7.89053201675415 8.4663724899292 8.85401344299316 9.71040439605713 10.1754007339478 10.0222845077515 10.1263780593872 10.2597408294678 10.3254976272583 10.3973703384399 10.527325630188 10.6383686065674 10.5225772857666 10.5576772689819 10.7422704696655 10.8514642715454 11.0751972198486 11.0443391799927 11.0506792068481 10.8844146728516 10.6853446960449 10.646333694458 10.7649335861206 10.9828405380249 11.0833902359009 11.0761194229126
-3.4e+38 -3.4e+38 -3.4e+38 -3.4e+38 -3.4e+38 -3.4e+38 -3.4e+38 -3.4e+38 -3.4e+38 -3.4e+38 -3.4e+38 -3.4e+38 -3.4e+38 -3.4e+38 -3.4e+38 -3.4e+38 -3.4e+38 -3.4e+38 4.90995836257935 7.07887840270996 8.86733245849609 9.54253959655762 8.7821102142334 7.63522863388062 7.40678262710571 7.11103248596191 6.92798471450806 6.92876482009888 6.68174600601196 7.26083707809448 7.67667818069458 8.24786281585693 9.0212230682373 9.50058174133301 9.9652853012085 10.1705656051636 10.3209323883057 10.3329935073853 10.2815456390381 10.3879861831665 10.5356283187866 10.5892839431763 10.5398006439209 10.545524597168 10.8126468658447 11.1157455444336 11.1690692901611 10.9341239929199 10.785943031311 10.8298816680908 10.9292516708374 10.9522666931152 10.9138841629028
-3.4e+38 -3.4e+38 -3.4e+38 -3.4e+38 -3.4e+38 -3.4e+38 -3.4e+38 -3.4e+38 -3.4e+38 -3.4e+38 -3.4e+38 -3.4e+38 -3.4e+38 -3.4e+38 -3.4e+38 -3.4e+38 -3.4e+38 -3.4e+38 3.79776787757874 6.60661315917969 9.14140510559082 10.1830196380615 9.31193447113037 7.88479709625244 8.32646465301514 7.96362972259521 7.64667558670044 7.33016204833984 6.02185964584351 6.72551298141479 6.567138671875 6.99923038482666 8.23479461669922 9.03926372528076 9.67925357818604 10.1872396469116 10.4028759002686 10.3961458206177 10.0832166671753 10.2871923446655 10.4438009262085 10.3669919967651 10.1021890640259 9.95798110961914 10.4936389923096 11.0964374542236 11.3360795974731 11.0971126556396 10.8689222335815 10.8568153381348 10.8347463607788 10.7997980117798 10.7186841964722
-3.4e+38 -3.4e+38 -3.4e+38 -3.4e+38 -3.4e+38 -3.4e+38 -3.4e+38 -3.4e+38 -3.4e+38 -3.4e+38 -3.4e+38 -3.4e+38 -3.4e+38 -3.4e+38 -3.4e+38 -3.4e+38 -3.4e+38 -3.4e+38 3.14174604415894 5.6387505531311 8.37822151184082 10.0174713134766 10.3210687637329 10.4662008285522 10.1061983108521 9.9127025604248 9.56967830657959 9.16813182830811 8.81098747253418 8.13512516021729 7.71323299407959 7.65452289581299 7.86939382553101 8.41640663146973 9.34313488006592 10.2603149414062 10.7040681838989 10.6793308258057 10.4901447296143 10.5560359954834 10.4068698883057 10.2606410980225 9.89275932312012 9.7175407409668 10.3972282409668 11.143045425415 11.4209175109863 11.3837833404541 11.0214643478394 10.8750839233398 10.7545146942139 10.6321363449097 10.5311965942383
-3.4e+38 -3.4e+38 -3.4e+38 -3.4e+38 -3.4e+38 -3.4e+38 -3.4e+38 -3.4e+38 -3.4e+38 -3.4e+38 -3.4e+38 -3.4e+38 -3.4e+38 -3.4e+38 -3.4e+38 -3.4e+38 -3.4e+38 -3.4e+38 -3.4e+38 4.27479553222656 7.04126882553101 9.16604042053223 10.5318288803101 11.9295997619629 11.5033740997314 11.3287353515625 11.006196975708 10.6644487380981 10.8523664474487 9.76693725585938 8.94830226898193 8.38266468048096 7.84485530853271 7.89928865432739 8.80923366546631 10.0191049575806 10.6920614242554 10.7834177017212 10.7894611358643 10.8774814605713 10.6300630569458 10.4638614654541 10.121919631958 9.83686447143555 10.5927114486694 11.3058767318726 11.5081472396851 11.3896532058716 11.0404567718506 10.7749710083008 10.5831489562988 10.4208688735962 10.3031597137451
-3.4e+38 -3.4e+38 -3.4e+38 -3.4e+38 -3.4e+38 -3.4e+38 -3.4e+38 -3.4e+38 -3.4e+38 -3.4e+38 -3.4e+38 -3.4e+38 -3.4e+38 -3.4e+38 -3.4e+38 -3.4e+38 -3.4e+38 -3.4e+38 -3.4e+38 -3.4e+38 4.46522092819214 6.5644793510437 8.98398590087891 10.9868593215942 11.024450302124 10.8051137924194 10.771800994873 10.6433897018433 10.7298974990845 10.1890392303467 9.54558753967285 8.85916233062744 7.95847988128662 7.54743766784668 8.14528560638428 9.07439994812012 9.79753398895264 10.4849872589111 10.9013805389404 10.9803695678711 10.9538421630859 10.9670524597168 10.8165874481201 11.0117435455322 11.1090612411499 11.3549737930298 11.3454561233521 11.1333837509155 10.7791299819946 10.5790519714355 10.3508930206299 10.1698036193848 10.052659034729
-3.4e+38 -3.4e+38 -3.4e+38 -3.4e+38 -3.4e+38 -3.4e+38 -3.4e+38 -3.4e+38 -3.4e+38 -3.4e+38 -3.4e+38 -3.4e+38 -3.4e+38 -3.4e+38 -3.4e+38 -3.4e+38 -3.4e+38 -3.4e+38 -3.4e+38 -3.4e+38 -3.4e+38 -3.4e+38 6.27925157546997 8.60037612915039 8.77224922180176 8.92725563049316 9.38140678405762 9.75203132629395 10.2168521881104 10.1936883926392 9.9033260345459 9.40129089355469 8.55304908752441 7.78337097167969 7.9956488609314 8.37151336669922 8.91325092315674 9.75455188751221 10.5673294067383 10.7066793441772 11.0585098266602 11.1734275817871 11.1510019302368 11.4311218261719 11.2078304290771 11.1661319732666 11.0950145721436 10.7610216140747 10.601131439209 10.4972400665283 10.3089275360107 10.1459827423096 10.0193424224854
-3.4e+38 -3.4e+38 -3.4e+38 -3.4e+38 -3.4e+38 -3.4e+38 -3.4e+38 -3.4e+38 -3.4e+38 -3.4e+38 -3.4e+38 -3.4e+38 -3.4e+38 -3.4e+38 -3.4e+38 -3.4e+38 -3.4e+38 -3.4e+38 -3.4e+38 -3.4e+38 -3.4e+38 -3.4e+38 -3.4e+38 -3.4e+38 5.47212934494019 6.33684873580933 7.35906648635864 8.50431728363037 9.50948810577393 10.0001239776611 10.2500381469727 10.2222061157227 9.67611122131348 9.21043586730957 8.58371162414551 8.05680370330811 8.1516227722168 8.7354850769043 9.45813655853271 10.0749816894531 10.652946472168 11.1044692993164 10.9554405212402 10.795449256897 10.7726154327393 10.8277254104614 10.5853309631348 10.5424108505249 10.4995126724243 10.4291372299194 10.4342164993286 10.3228187561035 10.0890254974365
-3.4e+38 -3.4e+38 -3.4e+38 -3.4e+38 -3.4e+38 -3.4e+38 -3.4e+38 -3.4e+38 -3.4e+38 -3.4e+38 -3.4e+38 -3.4e+38 -3.4e+38 -3.4e+38 -3.4e+38 -3.4e+38 -3.4e+38 -3.4e+38 -3.4e+38 -3.4e+38 -3.4e+38 -3.4e+38 -3.4e+38 -3.4e+38 -3.4e+38 -3.4e+38 5.20334100723267 6.7225399017334 8.25733280181885 9.4850435256958 10.4242553710938 10.7215614318848 10.532506942749 10.0024938583374 9.16848850250244 8.26770782470703 7.96702146530151 8.07552337646484 8.35727500915527 8.98551750183105 9.81551361083984 10.2430601119995 10.2452659606934 10.203444480896 10.2673177719116 10.2350282669067 10.2881841659546 10.3416051864624 10.3833694458008 10.3746995925903 10.4151191711426 10.340181350708 10.1700258255005
-3.4e+38 -3.4e+38 -3.4e+38 -3.4e+38 -3.4e+38 -3.4e+38 -3.4e+38 -3.4e+38 -3.4e+38 -3.4e+38 -3.4e+38 -3.4e+38 -3.4e+38 -3.4e+38 -3.4e+38 -3.4e+38 -3.4e+38 -3.4e+38 -3.4e+38 -3.4e+38 -3.4e+38 -3.4e+38 -3.4e+38 -3.4e+38 -3.4e+38 -3.4e+38 -3.4e+38 -3.4e+38 6.35970783233643 8.36592483520508 10.1502752304077 11.12770652771 10.8729372024536 10.2705593109131 9.92841815948486 9.18800926208496 8.52272415161133 7.9681568145752 7.38099336624146 8.09863948822021 8.71651363372803 9.23358917236328 9.89161968231201 10.0651807785034 10.1290340423584 9.97144889831543 9.97412014007568 10.1344861984253 10.2235412597656 10.2706775665283 10.2107038497925 10.2234334945679 10.1682634353638
-3.4e+38 -3.4e+38 -3.4e+38 -3.4e+38 -3.4e+38 -3.4e+38 -3.4e+38 -3.4e+38 -3.4e+38 -3.4e+38 -3.4e+38 -3.4e+38 -3.4e+38 -3.4e+38 -3.4e+38 -3.4e+38 -3.4e+38 -3.4e+38 -3.4e+38 -3.4e+38 -3.4e+38 -3.4e+38 -3.4e+38 -3.4e+38 -3.4e+38 -3.4e+38 -3.4e+38 -3.4e+38 4.73423671722412 6.88775205612183 9.10532855987549 10.6399946212769 11.2953653335571 11.3733224868774 11.2012128829956 10.5109033584595 9.83647441864014 9.06628227233887 8.36877346038818 8.46406173706055 8.72381591796875 9.08706855773926 9.82802295684814 10.1518058776855 10.2131834030151 9.94526100158691 9.9129114151001 10.046085357666 10.1475229263306 10.2881193161011 10.2422647476196 10.2635679244995 10.2546339035034
-3.4e+38 -3.4e+38 -3.4e+38 -3.4e+38 -3.4e+38 -3.4e+38 -3.4e+38 -3.4e+38 -3.4e+38 -3.4e+38 -3.4e+38 -3.4e+38 -3.4e+38 -3.4e+38 -3.4e+38 -3.4e+38 -3.4e+38 -3.4e+38 -3.4e+38 -3.4e+38 -3.4e+38 -3.4e+38 -3.4e+38 -3.4e+38 -3.4e+38 -3.4e+38 -3.4e+38 -3.4e+38 -3.4e+38 -3.4e+38 7.68369102478027 9.78739738464355 11.7873048782349 13.2228136062622 12.5012111663818 11.8828725814819 11.2368288040161 10.5002269744873 10.4160776138306 9.64021778106689 9.30112361907959 9.41884326934814 10.0050210952759 10.6076078414917 10.4311084747314 10.0011882781982 9.90336227416992 10.0760803222656 10.1966552734375 10.2602281570435 10.4059410095215 10.4836149215698 10.419994354248
-3.4e+38 -3.4e+38 -3.4e+38 -3.4e+38 -3.4e+38 -3.4e+38 -3.4e+38 -3.4e+38 -3.4e+38 -3.4e+38 -3.4e+38 -3.4e+38 -3.4e+38 -3.4e+38 -3.4e+38 -3.4e+38 -3.4e+38 -3.4e+38 -3.4e+38 -3.4e+38 -3.4e+38 -3.4e+38 -3.4e+38 -3.4e+38 -3.4e+38 -3.4e+38 -3.4e+38 -3.4e+38 -3.4e+38 -3.4e+38 7.49818897247314 9.784592628479 11.777193069458 12.9376573562622 12.7737655639648 12.1072340011597 11.6548223495483 11.2933473587036 11.1415357589722 10.5035095214844 10.0348978042603 9.9640531539917 10.3851051330566 10.7225732803345 10.7158098220825 10.421238899231 10.2821741104126 10.1884651184082 10.2219161987305 10.3246917724609 10.4298515319824 10.5229597091675 10.6183633804321
-3.4e+38 -3.4e+38 -3.4e+38 -3.4e+38 -3.4e+38 -3.4e+38 -3.4e+38 -3.4e+38 -3.4e+38 -3.4e+38 -3.4e+38 -3.4e+38 -3.4e+38 -3.4e+38 -3.4e+38 -3.4e+38 -3.4e+38 -3.4e+38 -3.4e+38 -3.4e+38 -3.4e+38 -3.4e+38 -3.4e+38 -3.4e+38 -3.4e+38 -3.4e+38 -3.4e+38 -3.4e+38 -3.4e+38 -3.4e+38 -3.4e+38 10.1676425933838 11.503586769104 12.2379875183105 12.1771697998047 11.4665622711182 11.170072555542 11.2566556930542 11.2443265914917 10.8447265625 10.4869012832642 10.3486042022705 10.646577835083 10.8099822998047 10.9828720092773 10.9360523223877 10.8135795593262 10.4467916488647 10.095591545105 10.2803020477295 10.3824653625488 10.4560251235962 10.6515083312988
