meets/meet004/selection/CCSM_21k_am_bio03.asc
NCOLS 154 
NROWS 168 
XLLCORNER -112 
YLLCORNER -55.5 
CELLSIZE 0.5 
NODATA_value -3.4e+38 
[rows 48 to 71 of 168, columns 53 to 105 of 154]
-3.4e+38 -3.4e+38 -3.4e+38 -3.4e+38 -3.4e+38 -3.4e+38 -3.4e+38 -3.4e+38 -3.4e+38 -3.4e+38 -3.4e+38 -3.4e+38 -3.4e+38 -3.4e+38 -3.4e+38 -3.4e+38 68.2216262817383 71.6917724609375 72.6380920410156 69.336555480957 64.9083404541016 60.6718711853027 57.0995407104492 53.8191719055176 53.4500885009766 53.1616744995117 52.866455078125 52.2249450683594 50.6607284545898 52.0550651550293 53.7140655517578 56.0358276367188 58.0000953674316 59.809757232666 62.0587501525879 63.9708824157715 64.3001251220703 63.2651443481445 62.5639953613281 61.6477737426758 61.1051025390625 60.790225982666 60.201976776123 58.7115936279297 58.7518119812012 58.3376770019531 58.9100456237793 60.492790222168 61.9833297729492 64.5375747680664 65.3391799926758 65.681884765625 65.5704574584961
-3.4e+38 -3.4e+38 -3.4e+38 -3.4e+38 -3.4e+38 -3.4e+38 -3.4e+38 -3.4e+38 -3.4e+38 -3.4e+38 -3.4e+38 -3.4e+38 -3.4e+38 -3.4e+38 -3.4e+38 -3.4e+38 71.228889465332 71.6527252197266 71.1864700317383 69.5227279663086 65.9276580810547 62.254940032959 59.1348495483398 56.4320869445801 55.531120300293 55.1571502685547 54.9007110595703 54.7630271911621 54.9733238220215 56.2710914611816 57.8335609436035 59.5306205749512 61.3661918640137 62.8901062011719 63.8589324951172 64.0821380615234 64.416877746582 63.8590621948242 62.6721687316895 61.7210884094238 61.3423194885254 61.248607635498 61.6751365661621 61.9475288391113 60.9953498840332 60.3903732299805 60.7838172912598 62.5508918762207 64.5149536132812 65.9963455200195 66.5973205566406 66.8727951049805 66.5293731689453
-3.4e+38 -3.4e+38 -3.4e+38 -3.4e+38 -3.4e+38 -3.4e+38 -3.4e+38 -3.4e+38 -3.4e+38 -3.4e+38 -3.4e+38 -3.4e+38 -3.4e+38 -3.4e+38 -3.4e+38 -3.4e+38 74.0150985717773 71.5149230957031 69.6399307250977 68.5855178833008 66.939079284668 64.6070785522461 61.8548889160156 59.4271430969238 58.5371589660645 58.0540809631348 57.7527885437012 57.8583068847656 58.2205657958984 59.6965370178223 61.8640899658203 63.9326934814453 65.2377700805664 66.9185104370117 65.8155517578125 64.5823135375977 63.8416023254395 63.5561447143555 62.3045120239258 61.3791198730469 61.0408630371094 61.0196113586426 61.6141548156738 62.6601943969727 61.676342010498 61.3680610656738 62.2073020935059 64.3375015258789 67.1835784912109 67.1658935546875 67.1086578369141 66.6536636352539 64.894401550293
-3.4e+38 -3.4e+38 -3.4e+38 -3.4e+38 -3.4e+38 -3.4e+38 -3.4e+38 -3.4e+38 -3.4e+38 -3.4e+38 -3.4e+38 -3.4e+38 -3.4e+38 -3.4e+38 -3.4e+38 -3.4e+38 76.5568084716797 72.7543029785156 69.7062377929688 67.7566375732422 65.4750289916992 64.1870040893555 64.0874938964844 63.6548881530762 62.4375686645508 61.3338012695312 61.0556449890137 61.230785369873 62.3310699462891 63.8119010925293 66.0615692138672 67.9095306396484 68.7063369750977 69.0284042358398 67.6560516357422 66.0412368774414 64.4101867675781 63.301700592041 62.1955146789551 61.0786056518555 60.4626770019531 60.2207908630371 60.7019844055176 61.0907287597656 61.1455268859863 61.044132232666 61.6518669128418 62.7830581665039 63.4149932861328 63.5151405334473 62.4222183227539 62.2827415466309 62.590160369873
-3.4e+38 -3.4e+38 -3.4e+38 -3.4e+38 -3.4e+38 -3.4e+38 -3.4e+38 -3.4e+38 -3.4e+38 -3.4e+38 -3.4e+38 -3.4e+38 -3.4e+38 -3.4e+38 74.8614959716797 78.9702606201172 79.2577362060547 74.3513031005859 70.2484283447266 67.9084396362305 65.3638229370117 64.6603012084961 65.8182373046875 66.5295562744141 65.334602355957 64.4398956298828 64.4247817993164 65.0316619873047 66.7931289672852 67.8503341674805 70.1113815307617 71.5745697021484 71.4112930297852 71.3732299804688 69.21337890625 67.5375213623047 65.2444763183594 63.293529510498 61.981258392334 61.0428657531738 60.0223922729492 59.4796104431152 59.7165565490723 59.7152061462402 60.2345275878906 60.2495956420898 60.6387901306152 60.8860168457031 60.5594863891602 60.8371276855469 59.5718040466309 59.9303245544434 61.7673873901367
-3.4e+38 -3.4e+38 -3.4e+38 -3.4e+38 -3.4e+38 -3.4e+38 -3.4e+38 -3.4e+38 -3.4e+38 -3.4e+38 -3.4e+38 -3.4e+38 -3.4e+38 70.4535827636719 78.3978729248047 79.0264205932617 80.9416046142578 76.7831344604492 72.2712173461914 69.6547622680664 68.4502029418945 67.9311599731445 68.0505752563477 68.5425567626953 68.4978256225586 68.6364593505859 69.098503112793 69.6517333984375 70.8716888427734 71.9202346801758 73.0625457763672 72.8333511352539 72.6309661865234 72.8274841308594 71.0016403198242 68.6628799438477 66.0629730224609 63.817943572998 62.3597412109375 61.8752288818359 60.5970802307129 59.7207107543945 59.3996353149414 59.3236885070801 59.5525283813477 59.6919898986816 60.0345268249512 60.4388313293457 60.350269317627 60.6842041015625 60.6217994689941 61.425609588623 62.9078941345215
-3.4e+38 -3.4e+38 -3.4e+38 -3.4e+38 -3.4e+38 -3.4e+38 -3.4e+38 -3.4e+38 -3.4e+38 -3.4e+38 -3.4e+38 -3.4e+38 -3.4e+38 74.9434509277344 75.7054672241211 77.5150451660156 77.9672393798828 78.8806762695312 75.1652221679688 73.2539596557617 72.2617263793945 71.5952072143555 71.1370544433594 70.969970703125 71.5314102172852 72.7297592163086 73.5426254272461 73.5849533081055 74.1349334716797 73.7099533081055 73.8396682739258 73.6651382446289 73.401008605957 73.5522994995117 72.7574844360352 70.0057067871094 67.0011978149414 64.509765625 62.695873260498 61.935718536377 61.6104164123535 60.5358695983887 59.8556060791016 59.4694366455078 59.7447280883789 59.995418548584 60.4436187744141 60.9784965515137 61.3151054382324 62.5336532592773 63.206958770752 64.336540222168 65.5439910888672
-3.4e+38 -3.4e+38 -3.4e+38 -3.4e+38 -3.4e+38 -3.4e+38 -3.4e+38 -3.4e+38 -3.4e+38 -3.4e+38 -3.4e+38 72.4953536987305 70.3557434082031 69.8248748779297 72.3042831420898 75.6768341064453 75.927604675293 75.6879043579102 76.7362442016602 77.8271560668945 76.5633544921875 75.6234893798828 74.6739959716797 74.3911590576172 74.7921981811523 75.6732559204102 76.5564346313477 76.1676788330078 75.4331817626953 75.1488571166992 75.1894912719727 74.9990921020508 74.7247848510742 74.7546539306641 74.6926574707031 71.8253402709961 68.6338729858398 65.6803970336914 63.4477081298828 62.6929893493652 62.4231605529785 62.1226768493652 61.5313568115234 61.1675720214844 61.2438201904297 61.4236869812012 61.9459991455078 63.1253204345703 64.1180114746094 65.6624984741211 67.0752792358398 68.3579025268555 69.3178482055664
-3.4e+38 -3.4e+38 -3.4e+38 -3.4e+38 -3.4e+38 -3.4e+38 -3.4e+38 -3.4e+38 -3.4e+38 -3.4e+38 -3.4e+38 71.9445190429688 67.8244171142578 66.6381301879883 68.8221893310547 74.0185852050781 74.911262512207 74.2155380249023 74.7184066772461 78.3983917236328 80.6803970336914 79.7562103271484 78.6197814941406 78.2185211181641 78.4568634033203 78.9729995727539 78.7728729248047 77.9665374755859 77.350212097168 77.0126113891602 76.9331970214844 76.6340942382812 76.3416290283203 76.3368072509766 76.7319030761719 74.06640625 70.8771438598633 67.7968826293945 65.1236190795898 63.9846458435059 63.6340599060059 63.5917015075684 64.0372543334961 63.8241233825684 64.1020202636719 64.477409362793 65.4028549194336 66.7033538818359 68.2144622802734 70.1521453857422 71.9103164672852 73.474479675293 74.2641830444336
-3.4e+38 -3.4e+38 -3.4e+38 -3.4e+38 -3.4e+38 -3.4e+38 -3.4e+38 -3.4e+38 -3.4e+38 -3.4e+38 68.5554428100586 68.5985412597656 63.7861938476562 61.9870376586914 66.2905120849609 73.9227600097656 76.8444213867188 75.0488204956055 73.8639907836914 77.0772857666016 80.933723449707 82.0798187255859 82.6423034667969 82.0021362304688 81.7112579345703 81.3631362915039 80.824104309082 79.9936370849609 79.4008178710938 79.0016021728516 78.8153457641602 78.586296081543 78.1697463989258 78.1433258056641 78.3718109130859 76.7626647949219 73.7887496948242 70.6315765380859 68.089714050293 66.5577011108398 65.5792465209961 65.5899505615234 66.3468017578125 67.2998504638672 68.714485168457 69.7449264526367 70.9054412841797 72.3707275390625 74.2883148193359 74.8898849487305 74.56787109375 74.3787689208984 74.5109252929688
-3.4e+38 -3.4e+38 -3.4e+38 -3.4e+38 -3.4e+38 -3.4e+38 -3.4e+38 -3.4e+38 -3.4e+38 -3.4e+38 66.2235641479492 64.9029388427734 61.1609802246094 60.0758666992188 65.2263641357422 73.8316497802734 77.979606628418 76.1516723632812 74.0385971069336 76.3724212646484 78.8296737670898 79.8943939208984 81.0903625488281 81.186653137207 81.0965042114258 80.8932113647461 80.5832748413086 80.5492935180664 80.5068359375 80.3240966796875 80.2963333129883 80.3750076293945 80.077880859375 79.9618301391602 79.9848480224609 79.5989608764648 77.1188278198242 74.4053726196289 72.1921234130859 70.5645599365234 69.4959564208984 69.3990173339844 70.2654266357422 71.5538177490234 73.1868057250977 75.2808303833008 77.4016876220703 77.2749099731445 76.330451965332 75.6753387451172 75.0334625244141 74.7084732055664 74.5291290283203
-3.4e+38 -3.4e+38 -3.4e+38 -3.4e+38 -3.4e+38 -3.4e+38 -3.4e+38 -3.4e+38 -3.4e+38 58.2443046569824 61.5996856689453 61.0096435546875 59.7694435119629 59.5093269348145 65.0625610351562 74.2205200195312 79.9995346069336 77.3032379150391 74.9892425537109 75.5122375488281 76.8163070678711 77.7587280273438 79.2480926513672 79.5660934448242 79.326286315918 79.2996978759766 79.1067504882812 79.1493835449219 79.2848510742188 79.1472015380859 79.1087951660156 79.4649200439453 80.1519393920898 80.9444808959961 81.4301452636719 81.4461669921875 80.6531066894531 78.6539459228516 77.2120513916016 75.6962127685547 75.2042236328125 75.3325119018555 76.1145935058594 77.8260650634766 79.0326080322266 78.6532592773438 77.9458694458008 77.0412902832031 76.7137603759766 76.4253311157227 75.0050430297852 73.5783996582031 72.2243423461914
-3.4e+38 -3.4e+38 -3.4e+38 -3.4e+38 -3.4e+38 -3.4e+38 -3.4e+38 -3.4e+38 -3.4e+38 57.3194122314453 60.3680038452148 59.8264427185059 59.9837760925293 60.693717956543 65.7250671386719 74.9697799682617 80.020881652832 77.7386932373047 74.9497680664062 74.9774017333984 75.7480545043945 76.4479598999023 77.8003082275391 78.1729507446289 78.0127410888672 77.8114395141602 77.6367340087891 77.8520202636719 78.1319274902344 78.0951156616211 78.1176910400391 78.3721389770508 78.8692474365234 79.4244384765625 79.7746353149414 80.0789489746094 80.387825012207 80.720588684082 80.2550659179688 79.6422882080078 79.594367980957 79.6249542236328 78.8859252929688 77.8580017089844 77.094108581543 76.2749557495117 75.4607620239258 74.6550979614258 73.9752960205078 74.0931243896484 73.0585174560547 71.8835372924805 70.7174224853516
-3.4e+38 -3.4e+38 -3.4e+38 -3.4e+38 -3.4e+38 -3.4e+38 -3.4e+38 -3.4e+38 -3.4e+38 56.7961654663086 60.3849906921387 59.6372985839844 60.63525390625 62.1919937133789 66.7377548217773 75.1935424804688 79.6054611206055 77.3543014526367 75.1425704956055 74.5975341796875 75.0786972045898 75.6142349243164 76.7742004394531 77.2275924682617 76.6569747924805 76.3311614990234 76.1748809814453 76.5656433105469 77.0717163085938 76.9788436889648 77.1030731201172 77.2835006713867 77.464958190918 77.927604675293 77.9255905151367 78.1583099365234 78.2666778564453 78.4187927246094 78.6317291259766 78.0773162841797 77.5847091674805 76.7171859741211 75.5773162841797 74.4091339111328 73.6077651977539 72.7512054443359 72.0524368286133 71.4990310668945 71.1749649047852 71.3841094970703 71.0914840698242 70.0924987792969 69.520149230957
-3.4e+38 -3.4e+38 -3.4e+38 -3.4e+38 -3.4e+38 -3.4e+38 -3.4e+38 -3.4e+38 -3.4e+38 -3.4e+38 61.6605377197266 60.4946403503418 61.2732849121094 62.7867622375488 66.7214508056641 73.9429016113281 78.0260162353516 76.9184417724609 74.7576293945312 74.2978897094727 74.4650421142578 74.8532867431641 75.8378601074219 75.984504699707 75.5546722412109 75.1189956665039 74.9037551879883 75.26904296875 75.7178573608398 75.7410507202148 75.6998596191406 75.7029190063477 75.6701736450195 75.8217239379883 75.821907043457 75.9335861206055 75.8962860107422 75.8166198730469 75.6384201049805 75.2624130249023 74.6837005615234 73.8516006469727 72.8948822021484 71.7392272949219 70.830078125 70.0123519897461 69.4026794433594 68.9825286865234 68.7963180541992 69.2755889892578 69.8346252441406 69.0776901245117 68.5062255859375
-3.4e+38 -3.4e+38 -3.4e+38 -3.4e+38 -3.4e+38 -3.4e+38 -3.4e+38 -3.4e+38 -3.4e+38 -3.4e+38 -3.4e+38 61.675407409668 62.3045768737793 62.3906173706055 66.287712097168 73.1500930786133 76.3170394897461 75.0730590820312 73.9963531494141 73.2753601074219 73.456657409668 74.0338516235352 75.0490341186523 75.0827560424805 74.6922225952148 74.058723449707 73.7445220947266 74.0933685302734 74.4204177856445 74.1803359985352 73.9627532958984 73.8346176147461 73.6023025512695 73.5093612670898 73.5786819458008 73.6594924926758 73.5799026489258 73.3512573242188 72.8212051391602 72.669563293457 72.1152877807617 71.345703125 70.6444396972656 69.5937881469727 68.8617324829102 67.990966796875 67.4040908813477 67.0495758056641 66.781867980957 67.480598449707 68.4677124023438 68.3038101196289 67.7053375244141
-3.4e+38 -3.4e+38 -3.4e+38 -3.4e+38 -3.4e+38 -3.4e+38 -3.4e+38 -3.4e+38 -3.4e+38 64.2199859619141 64.5444183349609 63.099308013916 63.5651473999023 64.3005599975586 66.8420639038086 70.905143737793 72.5422210693359 71.5539855957031 70.5061569213867 70.9794921875 72.6095962524414 73.7507629394531 74.4387893676758 74.4409484863281 74.0807800292969 73.792350769043 73.2589416503906 72.8970794677734 72.6050643920898 72.2073287963867 71.9256973266602 71.6383438110352 71.3669662475586 71.2794342041016 71.2657470703125 71.3283004760742 71.3211975097656 71.3173370361328 71.0995864868164 70.6704559326172 70.0735397338867 69.4188613891602 68.8112182617188 68.158332824707 67.6198959350586 67.0681533813477 66.4750671386719 65.7133865356445 65.4391098022461 65.9558334350586 66.8260498046875 67.1982116699219 66.7313003540039
-3.4e+38 -3.4e+38 -3.4e+38 -3.4e+38 -3.4e+38 -3.4e+38 -3.4e+38 -3.4e+38 55.1497955322266 66.2622451782227 64.9620132446289 63.9801559448242 64.8495483398438 65.9496536254883 66.7973403930664 68.4618759155273 68.9122695922852 68.136344909668 66.5776062011719 68.5672912597656 71.1733474731445 73.0644607543945 73.5688552856445 73.4476165771484 73.1493759155273 73.3505630493164 72.6686859130859 71.5974731445312 70.8071746826172 70.2929077148438 69.9030838012695 69.4781646728516 69.1707992553711 69.1217422485352 68.9788589477539 69.1215972900391 69.2731552124023 69.4818801879883 69.7539367675781 69.0694580078125 68.4531631469727 67.8068237304688 67.3290481567383 66.8740615844727 66.475471496582 66.2864227294922 65.698974609375 64.5929794311523 63.9310760498047 64.483528137207 65.1772155761719 65.3210754394531 64.5120162963867
-3.4e+38 -3.4e+38 -3.4e+38 -3.4e+38 -3.4e+38 -3.4e+38 -3.4e+38 -3.4e+38 58.5632362365723 65.5293350219727 64.6366348266602 64.4385986328125 65.7605514526367 67.0060653686523 66.6794128417969 66.2486724853516 65.9688491821289 66.1156311035156 66.5732116699219 67.9510498046875 69.8502883911133 71.5385055541992 71.0821304321289 70.4207763671875 70.218620300293 70.4152297973633 70.0193481445312 69.285400390625 68.6941146850586 68.348388671875 68.0072250366211 67.4678115844727 67.037956237793 66.7687225341797 66.740478515625 66.9151077270508 67.1507415771484 67.5279235839844 67.7037200927734 67.3250427246094 66.7665481567383 66.2785797119141 65.8835220336914 65.573127746582 65.1487655639648 64.7439117431641 64.2069396972656 63.4597587585449 63.0260543823242 63.0230941772461 63.2774276733398 63.1944122314453 62.7307052612305
-3.4e+38 -3.4e+38 -3.4e+38 -3.4e+38 -3.4e+38 -3.4e+38 -3.4e+38 -3.4e+38 -3.4e+38 64.1787567138672 64.1661224365234 64.3064651489258 66.4197158813477 68.4790267944336 67.6281814575195 65.3868560791016 64.954833984375 66.1882095336914 66.747673034668 68.1175308227539 69.3496322631836 69.5979843139648 69.206657409668 67.7359466552734 67.6403503417969 67.3594818115234 66.9059295654297 66.4520721435547 65.7793731689453 65.6878890991211 65.3934936523438 65.3766021728516 65.3055191040039 64.8067398071289 65.0070266723633 65.1137008666992 65.3235397338867 65.7664642333984 65.9474411010742 65.6324081420898 65.1708755493164 64.7794876098633 64.6111831665039 64.3255233764648 63.9201049804688 63.3624649047852 62.8804588317871 62.4728851318359 61.9817008972168 61.7790718078613 61.5613441467285 61.3499069213867 60.9943237304688
-3.4e+38 -3.4e+38 -3.4e+38 -3.4e+38 -3.4e+38 -3.4e+38 -3.4e+38 -3.4e+38 -3.4e+38 63.4613609313965 64.1835632324219 64.2206420898438 65.8642807006836 67.251106262207 68.4252853393555 67.9640426635742 67.2615280151367 67.7185211181641 68.7364730834961 69.3826446533203 69.2876586914062 68.6997528076172 67.9868392944336 66.589111328125 65.9454498291016 65.4574508666992 64.9093475341797 64.4647369384766 63.9396667480469 63.6655960083008 63.3106498718262 63.2948226928711 63.4541435241699 63.6602821350098 63.7153167724609 63.7734451293945 63.8853340148926 64.0871124267578 64.218132019043 63.9160461425781 63.5684204101562 63.3631248474121 63.3205909729004 63.2440719604492 62.8927536010742 62.4977226257324 62.1043357849121 61.6776008605957 61.2461967468262 60.7384071350098 60.212028503418 59.7004661560059 59.1339836120605
-3.4e+38 -3.4e+38 -3.4e+38 -3.4e+38 -3.4e+38 -3.4e+38 -3.4e+38 -3.4e+38 -3.4e+38 60.8574676513672 65.3044128417969 64.8465042114258 65.9406280517578 66.0774459838867 66.67578125 68.2737884521484 69.2625122070312 69.8352279663086 70.9969100952148 70.989501953125 69.8015899658203 68.866828918457 67.6713256835938 65.9529800415039 64.925910949707 64.4177551269531 63.7984962463379 63.3241271972656 62.727596282959 62.4615325927734 62.0190963745117 61.9924163818359 62.2133140563965 62.3417205810547 62.5170631408691 62.5920143127441 62.6031227111816 62.682243347168 62.7348251342773 62.5243377685547 62.2275352478027 62.1114387512207 62.2436904907227 62.2880363464355 62.0770416259766 61.7996253967285 61.4611320495605 61.089714050293 60.6522102355957 60.0164337158203 59.169059753418 58.5023002624512 57.7570266723633
-3.4e+38 -3.4e+38 -3.4e+38 -3.4e+38 -3.4e+38 -3.4e+38 -3.4e+38 -3.4e+38 -3.4e+38 -3.4e+38 -3.4e+38 68.8471069335938 66.7435607910156 64.749885559082 65.4812240600586 67.4759063720703 68.5138778686523 69.9841995239258 71.2344207763672 71.722900390625 71.2245407104492 70.067268371582 67.5241012573242 65.3782806396484 64.1456069946289 63.4322929382324 62.9952583312988 62.8883781433105 62.162727355957 61.8598785400391 61.6295890808105 61.5151100158691 61.4888763427734 61.3874092102051 61.4643211364746 61.3586540222168 61.311107635498 61.3341636657715 61.2919006347656 61.1720733642578 61.0700302124023 61.0878677368164 61.1974945068359 61.2936706542969 61.2222099304199 61.0524520874023 60.7798690795898 60.4940452575684 59.9318389892578 59.359935760498 58.5838432312012 57.7732849121094 56.9488906860352
-3.4e+38 -3.4e+38 -3.4e+38 -3.4e+38 -3.4e+38 -3.4e+38 -3.4e+38 -3.4e+38 -3.4e+38 -3.4e+38 -3.4e+38 66.8901290893555 67.3636779785156 64.0421829223633 65.3280258178711 67.3463897705078 67.2975616455078 68.5010070800781 70.680046081543 71.7847137451172 71.5809555053711 70.7225570678711 67.6227645874023 64.9481582641602 63.7091484069824 62.9555969238281 62.4582328796387 62.2580528259277 61.9612884521484 61.7757873535156 61.4217300415039 61.4323959350586 61.3175086975098 60.9827651977539 61.0490493774414 60.7795600891113 60.5076446533203 60.429817199707 60.2018165588379 60.1679763793945 60.0960121154785 60.165210723877 60.3366088867188 60.4479446411133 60.4691009521484 60.1323394775391 59.8522872924805 59.6754989624023 59.077262878418 58.5154647827148 57.679744720459 56.8959693908691 56.2402610778809
