meets/meet004/selection/CCSM_0k_am_bio01.asc
NCOLS 154 
NROWS 168 
XLLCORNER -112 
YLLCORNER -55.5 
CELLSIZE 0.5 
NODATA_value -3.4e+38 
[rows 72 to 95 of 168, columns 53 to 105 of 154]
-3.4e+38 -3.4e+38 -3.4e+38 -3.4e+38 -3.4e+38 -3.4e+38 -3.4e+38 -3.4e+38 -3.4e+38 -3.4e+38 -3.4e+38 -3.4e+38 20.662446975708 18.9246292114258 16.3902282714844 14.0808935165405 13.6131706237793 14.8632936477661 17.195499420166 20.5815238952637 23.9119167327881 25.4432697296143 24.8160209655762 24.0234088897705 24.1662216186523 24.5954265594482 24.6935119628906 24.51389503479 24.3698501586914 24.4360179901123 24.5799407958984 24.6511363983154 24.6507091522217 24.6663761138916 24.766658782959 24.8743095397949 24.9016799926758 24.849609375 24.7817077636719 24.744592666626 24.7147064208984 24.6675910949707 24.6221866607666 24.5716686248779 24.5351943969727 24.5033588409424 24.4642391204834 24.4348392486572 24.4108734130859 24.3864994049072 24.3769931793213 24.3764553070068 24.402379989624
-3.4e+38 -3.4e+38 -3.4e+38 -3.4e+38 -3.4e+38 -3.4e+38 -3.4e+38 -3.4e+38 -3.4e+38 -3.4e+38 -3.4e+38 -3.4e+38 -3.4e+38 19.6401596069336 16.6825561523438 13.6837873458862 12.9147510528564 14.0296611785889 16.3387985229492 19.7824153900146 23.244571685791 24.9119930267334 24.5394191741943 23.9804534912109 24.1829948425293 24.58571434021 24.6809368133545 24.5192565917969 24.3962554931641 24.4642333984375 24.6016731262207 24.6772422790527 24.6891269683838 24.7243194580078 24.8360919952393 24.956916809082 24.9969482421875 24.950231552124 24.8935794830322 24.8554954528809 24.8195991516113 24.7656497955322 24.6999778747559 24.6320781707764 24.5733623504639 24.5213928222656 24.4634456634521 24.4133720397949 24.3696823120117 24.3308506011963 24.3149223327637 24.3111095428467 24.3467617034912
-3.4e+38 -3.4e+38 -3.4e+38 -3.4e+38 -3.4e+38 -3.4e+38 -3.4e+38 -3.4e+38 -3.4e+38 -3.4e+38 -3.4e+38 -3.4e+38 -3.4e+38 -3.4e+38 17.2794227600098 13.8799571990967 12.6789331436157 13.5189809799194 15.5919065475464 18.7457599639893 22.2149906158447 24.0907859802246 24.0709800720215 23.9966621398926 24.2321510314941 24.4662666320801 24.5882129669189 24.496452331543 24.4339962005615 24.499267578125 24.6060447692871 24.6873054504395 24.7319927215576 24.7920188903809 24.8985729217529 25.0066242218018 25.0473098754883 25.0251445770264 24.995246887207 24.9372043609619 24.9103527069092 24.8390731811523 24.7516689300537 24.6879482269287 24.5871448516846 24.5253810882568 24.4429531097412 24.3579158782959 24.3050689697266 24.2525024414062 24.2353286743164 24.2288722991943 24.250316619873
-3.4e+38 -3.4e+38 -3.4e+38 -3.4e+38 -3.4e+38 -3.4e+38 -3.4e+38 -3.4e+38 -3.4e+38 -3.4e+38 -3.4e+38 -3.4e+38 -3.4e+38 -3.4e+38 17.8720893859863 14.4492359161377 13.0068550109863 13.3219356536865 14.9796180725098 17.6568470001221 20.7803058624268 22.7890682220459 23.4655361175537 23.8111171722412 24.1760692596436 24.3983726501465 24.5416011810303 24.4936199188232 24.4788990020752 24.5527019500732 24.6411476135254 24.7200050354004 24.7744083404541 24.8418827056885 24.9451313018799 25.0326099395752 25.0595569610596 25.0250549316406 24.9784774780273 24.9364185333252 24.896900177002 24.8107204437256 24.6980781555176 24.5941390991211 24.5020751953125 24.4330997467041 24.3421249389648 24.2453193664551 24.1716823577881 24.1372833251953 24.1299476623535 24.1266555786133 24.1476154327393
-3.4e+38 -3.4e+38 -3.4e+38 -3.4e+38 -3.4e+38 -3.4e+38 -3.4e+38 -3.4e+38 -3.4e+38 -3.4e+38 -3.4e+38 -3.4e+38 -3.4e+38 -3.4e+38 18.5269374847412 15.2113561630249 13.5576333999634 13.4817495346069 14.2380237579346 16.2652912139893 19.0027027130127 20.9758987426758 22.1386127471924 23.575325012207 23.9213562011719 24.1735897064209 24.4716033935547 24.4416942596436 24.5423889160156 24.5740299224854 24.6613941192627 24.7642860412598 24.8249664306641 24.8921394348145 25.0120067596436 25.0649547576904 25.0735549926758 25.0175476074219 24.8962154388428 24.9094009399414 24.8508987426758 24.7534866333008 24.6271781921387 24.4195308685303 24.4225826263428 24.3338718414307 24.2325649261475 24.1666469573975 24.0068435668945 24.0125389099121 24.0377750396729 24.0251235961914 24.0312309265137
-3.4e+38 -3.4e+38 -3.4e+38 -3.4e+38 -3.4e+38 -3.4e+38 -3.4e+38 -3.4e+38 -3.4e+38 -3.4e+38 -3.4e+38 -3.4e+38 -3.4e+38 -3.4e+38 -3.4e+38 16.3340492248535 14.6492719650269 13.9184942245483 14.0675420761108 15.0203218460083 16.7660312652588 18.5052299499512 20.1186771392822 21.8786659240723 23.0330123901367 23.9053287506104 24.4638233184814 24.4051475524902 24.3654346466064 24.4723606109619 24.6670970916748 24.8296775817871 24.9301872253418 25.0070610046387 25.1242027282715 25.1825923919678 25.1837387084961 25.1146202087402 25.0035743713379 24.9831085205078 24.9312133789062 24.8390617370605 24.7226104736328 24.5739860534668 24.5614967346191 24.5090885162354 24.3946170806885 24.2513046264648 24.0763339996338 24.0075016021729 23.9712104797363 23.9287052154541 23.9127464294434
-3.4e+38 -3.4e+38 -3.4e+38 -3.4e+38 -3.4e+38 -3.4e+38 -3.4e+38 -3.4e+38 -3.4e+38 -3.4e+38 -3.4e+38 -3.4e+38 -3.4e+38 -3.4e+38 -3.4e+38 17.6220359802246 15.899317741394 14.6764373779297 13.8046360015869 13.4231672286987 14.058783531189 15.2333459854126 16.9544143676758 19.4590911865234 21.2838973999023 23.2637920379639 24.4023990631104 24.0889148712158 23.9963264465332 24.3604049682617 24.6761035919189 24.9374752044678 25.0695762634277 25.1684741973877 25.2894535064697 25.3679389953613 25.3719787597656 25.2980060577393 25.2063636779785 25.1533107757568 25.1100444793701 25.0279064178467 24.9380989074707 24.8816108703613 24.8377571105957 24.8578510284424 24.711030960083 24.4519710540771 24.2348594665527 24.010440826416 23.9033851623535 23.8092288970947 23.76637840271
-3.4e+38 -3.4e+38 -3.4e+38 -3.4e+38 -3.4e+38 -3.4e+38 -3.4e+38 -3.4e+38 -3.4e+38 -3.4e+38 -3.4e+38 -3.4e+38 -3.4e+38 -3.4e+38 -3.4e+38 -3.4e+38 17.4638137817383 15.1913118362427 13.0270586013794 11.6375217437744 11.1172924041748 11.6677894592285 13.182222366333 15.5852546691895 18.5323925018311 21.5124607086182 23.371940612793 23.7537231445312 23.9357452392578 24.3136920928955 24.7918453216553 25.1339492797852 25.2429256439209 25.339017868042 25.4565353393555 25.5298881530762 25.5433502197266 25.4863204956055 25.3905391693115 25.3440532684326 25.2922325134277 25.2122554779053 25.1206302642822 25.0648574829102 25.0888481140137 25.109935760498 24.9255275726318 24.5842266082764 24.2356643676758 23.9466953277588 23.7544956207275 23.6170120239258 23.574520111084
-3.4e+38 -3.4e+38 -3.4e+38 -3.4e+38 -3.4e+38 -3.4e+38 -3.4e+38 -3.4e+38 -3.4e+38 -3.4e+38 -3.4e+38 -3.4e+38 -3.4e+38 -3.4e+38 -3.4e+38 -3.4e+38 19.2602291107178 15.8232889175415 12.0024337768555 10.45947265625 8.67742443084717 8.34733581542969 9.795654296875 11.1220645904541 15.2688055038452 19.3442115783691 21.838357925415 22.689567565918 23.6216850280762 24.1812915802002 24.8216781616211 25.4173107147217 25.4983749389648 25.5185108184814 25.8080959320068 25.7391300201416 25.7553253173828 25.7064437866211 25.5929088592529 25.5886249542236 25.5127849578857 25.4153251647949 25.2963581085205 25.1783752441406 25.2063961029053 25.284761428833 25.0614910125732 24.6228942871094 24.1559677124023 23.8725852966309 23.5968933105469 23.4235744476318 23.4142723083496
-3.4e+38 -3.4e+38 -3.4e+38 -3.4e+38 -3.4e+38 -3.4e+38 -3.4e+38 -3.4e+38 -3.4e+38 -3.4e+38 -3.4e+38 -3.4e+38 -3.4e+38 -3.4e+38 -3.4e+38 -3.4e+38 -3.4e+38 17.3728942871094 14.2925586700439 11.2391719818115 8.5336446762085 7.42850923538208 7.93810129165649 9.66095352172852 12.4699144363403 15.8839445114136 18.4967517852783 20.0496425628662 21.7771053314209 22.921028137207 24.3977508544922 25.4030685424805 25.6175117492676 26.0899829864502 26.0463218688965 26.1131191253662 26.132209777832 25.9838428497314 25.9326496124268 25.9347915649414 25.9093322753906 25.7810974121094 25.5630931854248 25.3442687988281 25.2853336334229 25.2235736846924 24.9752292633057 24.6246490478516 24.2261047363281 23.8998889923096 23.6384181976318 23.4495830535889 23.3801670074463
-3.4e+38 -3.4e+38 -3.4e+38 -3.4e+38 -3.4e+38 -3.4e+38 -3.4e+38 -3.4e+38 -3.4e+38 -3.4e+38 -3.4e+38 -3.4e+38 -3.4e+38 -3.4e+38 -3.4e+38 -3.4e+38 -3.4e+38 19.0039443969727 17.0454254150391 13.1056385040283 9.27320861816406 7.30715131759644 7.20452404022217 7.9968376159668 9.38643836975098 11.7422647476196 13.9150247573853 15.774640083313 18.7271633148193 19.7440891265869 22.2128524780273 23.8728733062744 24.2201099395752 26.0395107269287 25.9585590362549 26.1969680786133 26.4051208496094 26.2494812011719 26.2576446533203 26.3217849731445 26.3644638061523 26.2210388183594 25.9252300262451 25.5302124023438 25.4202423095703 25.2097206115723 24.9178047180176 24.6364459991455 24.2945537567139 23.9788284301758 23.7370471954346 23.5400009155273 23.4383182525635
-3.4e+38 -3.4e+38 -3.4e+38 -3.4e+38 -3.4e+38 -3.4e+38 -3.4e+38 -3.4e+38 -3.4e+38 -3.4e+38 -3.4e+38 -3.4e+38 -3.4e+38 -3.4e+38 -3.4e+38 -3.4e+38 -3.4e+38 -3.4e+38 18.6857681274414 15.0560121536255 10.8359775543213 8.06023788452148 6.85618257522583 6.32009506225586 6.36519622802734 6.68404722213745 7.85691165924072 9.6766300201416 11.6847925186157 13.9841108322144 16.2813339233398 18.645528793335 20.6213130950928 22.6405639648438 24.2207927703857 25.6429786682129 26.5272521972656 26.5318374633789 26.5565853118896 26.5653018951416 26.606388092041 26.5561504364014 26.4335308074951 26.1981220245361 25.8002758026123 25.3434257507324 24.9250659942627 24.6306762695312 24.3469638824463 24.0551013946533 23.8138675689697 23.6248874664307 23.5353908538818
-3.4e+38 -3.4e+38 -3.4e+38 -3.4e+38 -3.4e+38 -3.4e+38 -3.4e+38 -3.4e+38 -3.4e+38 -3.4e+38 -3.4e+38 -3.4e+38 -3.4e+38 -3.4e+38 -3.4e+38 -3.4e+38 -3.4e+38 -3.4e+38 20.5288677215576 16.7182426452637 12.4652471542358 9.23649024963379 7.19183301925659 5.21382522583008 4.2479772567749 2.64739489555359 2.92402601242065 4.56131553649902 5.35723733901978 8.06801986694336 10.0333461761475 12.8268394470215 16.0012187957764 18.9156475067139 21.8801364898682 24.5307083129883 26.1102848052979 26.380443572998 26.5881462097168 26.7044353485107 26.7974166870117 26.8936595916748 26.9963722229004 26.8916530609131 26.271484375 25.5320110321045 24.9380321502686 24.633207321167 24.3804721832275 24.0744361877441 23.8624095916748 23.6735534667969 23.5929431915283
-3.4e+38 -3.4e+38 -3.4e+38 -3.4e+38 -3.4e+38 -3.4e+38 -3.4e+38 -3.4e+38 -3.4e+38 -3.4e+38 -3.4e+38 -3.4e+38 -3.4e+38 -3.4e+38 -3.4e+38 -3.4e+38 -3.4e+38 -3.4e+38 20.0862560272217 18.0020446777344 14.9772415161133 11.9299573898315 9.11123085021973 6.21907520294189 4.33091020584106 2.51175928115845 1.8201322555542 2.51234412193298 3.0426709651947 4.35424423217773 5.48568439483643 8.13818168640137 11.7947025299072 15.4382343292236 19.1583576202393 22.2992534637451 24.6214122772217 25.5404319763184 26.1490001678467 26.462516784668 26.8235969543457 27.1176567077637 27.3549499511719 27.409294128418 26.5776481628418 25.6103191375732 24.957706451416 24.5865688323975 24.3547897338867 24.1686534881592 23.9597568511963 23.8257446289062 23.7701206207275
-3.4e+38 -3.4e+38 -3.4e+38 -3.4e+38 -3.4e+38 -3.4e+38 -3.4e+38 -3.4e+38 -3.4e+38 -3.4e+38 -3.4e+38 -3.4e+38 -3.4e+38 -3.4e+38 -3.4e+38 -3.4e+38 -3.4e+38 -3.4e+38 -3.4e+38 18.9747562408447 17.3756084442139 14.9524068832397 12.0616569519043 8.65719985961914 6.63322257995605 4.21082544326782 2.84600567817688 2.75726675987244 2.36053562164307 2.85202884674072 2.86801481246948 5.06365823745728 8.75216674804688 12.3461875915527 16.2874908447266 19.8255920410156 22.5714302062988 24.0358333587646 25.2280540466309 25.9112148284912 26.4714469909668 26.8175945281982 27.0722408294678 27.3434829711914 26.3547058105469 25.4278430938721 24.886438369751 24.6155452728271 24.4759407043457 24.4611873626709 24.3380260467529 24.2943172454834 24.3064002990723
-3.4e+38 -3.4e+38 -3.4e+38 -3.4e+38 -3.4e+38 -3.4e+38 -3.4e+38 -3.4e+38 -3.4e+38 -3.4e+38 -3.4e+38 -3.4e+38 -3.4e+38 -3.4e+38 -3.4e+38 -3.4e+38 -3.4e+38 -3.4e+38 -3.4e+38 -3.4e+38 19.059024810791 17.5725345611572 15.6434001922607 13.4546222686768 10.4950790405273 7.78290176391602 5.67645454406738 4.52416944503784 3.57797956466675 2.91072082519531 2.71670985221863 4.03894758224487 6.57402467727661 9.73937034606934 13.2267580032349 16.5288581848145 19.6019630432129 21.8406524658203 23.6749935150146 24.7846603393555 25.5089206695557 26.0339126586914 26.0235195159912 25.7611541748047 25.5176620483398 25.117618560791 24.8760318756104 24.8356761932373 24.896125793457 24.9277210235596 25.0560741424561 25.1568508148193 25.2252311706543
-3.4e+38 -3.4e+38 -3.4e+38 -3.4e+38 -3.4e+38 -3.4e+38 -3.4e+38 -3.4e+38 -3.4e+38 -3.4e+38 -3.4e+38 -3.4e+38 -3.4e+38 -3.4e+38 -3.4e+38 -3.4e+38 -3.4e+38 -3.4e+38 -3.4e+38 -3.4e+38 -3.4e+38 -3.4e+38 18.1281814575195 16.9174251556396 14.1715631484985 11.5668344497681 8.98184490203857 6.91329050064087 5.15896511077881 3.72672939300537 2.83475852012634 3.48064565658569 4.99954795837402 7.29669523239136 10.3791284561157 13.3348045349121 16.5613899230957 19.2476539611816 21.6587715148926 23.3592681884766 24.4373893737793 25.1219463348389 25.1669731140137 24.8356647491455 25.0049343109131 24.9745864868164 24.9422836303711 25.0948505401611 25.2034854888916 25.2569465637207 25.4977531433105 25.6937980651855 25.8836116790771
-3.4e+38 -3.4e+38 -3.4e+38 -3.4e+38 -3.4e+38 -3.4e+38 -3.4e+38 -3.4e+38 -3.4e+38 -3.4e+38 -3.4e+38 -3.4e+38 -3.4e+38 -3.4e+38 -3.4e+38 -3.4e+38 -3.4e+38 -3.4e+38 -3.4e+38 -3.4e+38 -3.4e+38 -3.4e+38 -3.4e+38 -3.4e+38 16.9011497497559 15.2412996292114 12.8038244247437 9.92640399932861 6.86673784255981 5.26821231842041 3.74055099487305 3.177729845047 4.05589532852173 5.15357971191406 7.48359966278076 10.2803745269775 13.2108144760132 16.065486907959 18.9849681854248 21.0765495300293 22.9181308746338 24.2437191009521 24.4721260070801 24.9225902557373 25.0680618286133 25.0564708709717 25.2425384521484 25.2588672637939 25.3389186859131 25.3850440979004 25.443323135376 25.6878414154053 26.0453605651855
-3.4e+38 -3.4e+38 -3.4e+38 -3.4e+38 -3.4e+38 -3.4e+38 -3.4e+38 -3.4e+38 -3.4e+38 -3.4e+38 -3.4e+38 -3.4e+38 -3.4e+38 -3.4e+38 -3.4e+38 -3.4e+38 -3.4e+38 -3.4e+38 -3.4e+38 -3.4e+38 -3.4e+38 -3.4e+38 -3.4e+38 -3.4e+38 -3.4e+38 -3.4e+38 16.0839881896973 13.6446866989136 10.7047634124756 8.35049629211426 5.82876443862915 4.35799360275269 4.04353857040405 4.1829514503479 5.48576307296753 7.13762903213501 9.55667304992676 12.2707509994507 15.240818977356 17.7394275665283 20.1098823547363 22.0602264404297 23.2200489044189 24.22873878479 24.8341369628906 25.1788024902344 25.4122581481934 25.465160369873 25.4318523406982 25.416618347168 25.4640502929688 25.6815528869629 26.0583419799805
-3.4e+38 -3.4e+38 -3.4e+38 -3.4e+38 -3.4e+38 -3.4e+38 -3.4e+38 -3.4e+38 -3.4e+38 -3.4e+38 -3.4e+38 -3.4e+38 -3.4e+38 -3.4e+38 -3.4e+38 -3.4e+38 -3.4e+38 -3.4e+38 -3.4e+38 -3.4e+38 -3.4e+38 -3.4e+38 -3.4e+38 -3.4e+38 -3.4e+38 -3.4e+38 -3.4e+38 -3.4e+38 16.6462516784668 12.8043689727783 9.13491153717041 6.59595537185669 5.31541204452515 4.60594701766968 4.36769914627075 4.43245697021484 5.79054307937622 8.28179550170898 10.6537199020386 13.6573400497437 16.1869926452637 18.8172912597656 20.9679470062256 22.8809947967529 24.2263851165771 25.062915802002 25.6654644012451 25.6287574768066 25.5040664672852 25.4884548187256 25.5567569732666 25.7661418914795 26.1088314056396
-3.4e+38 -3.4e+38 -3.4e+38 -3.4e+38 -3.4e+38 -3.4e+38 -3.4e+38 -3.4e+38 -3.4e+38 -3.4e+38 -3.4e+38 -3.4e+38 -3.4e+38 -3.4e+38 -3.4e+38 -3.4e+38 -3.4e+38 -3.4e+38 -3.4e+38 -3.4e+38 -3.4e+38 -3.4e+38 -3.4e+38 -3.4e+38 -3.4e+38 -3.4e+38 -3.4e+38 -3.4e+38 18.9400520324707 16.0095615386963 12.6937589645386 9.85120296478271 7.5680832862854 5.7336540222168 4.47245788574219 3.69052720069885 4.24699401855469 5.94918489456177 7.82630252838135 10.4440803527832 12.8985071182251 15.7658042907715 18.5642185211182 21.0407943725586 23.2972221374512 24.825267791748 25.7841205596924 25.7988395690918 25.5296611785889 25.4788990020752 25.5333366394043 25.7386436462402 26.0844974517822
-3.4e+38 -3.4e+38 -3.4e+38 -3.4e+38 -3.4e+38 -3.4e+38 -3.4e+38 -3.4e+38 -3.4e+38 -3.4e+38 -3.4e+38 -3.4e+38 -3.4e+38 -3.4e+38 -3.4e+38 -3.4e+38 -3.4e+38 -3.4e+38 -3.4e+38 -3.4e+38 -3.4e+38 -3.4e+38 -3.4e+38 -3.4e+38 -3.4e+38 -3.4e+38 -3.4e+38 -3.4e+38 -3.4e+38 -3.4e+38 16.0069580078125 13.2732124328613 10.1194715499878 7.21590232849121 5.35925531387329 4.4645357131958 4.21423768997192 4.94644451141357 6.25050449371338 8.44657802581787 10.4418611526489 13.30846118927 16.2936096191406 19.1945858001709 22.2314109802246 24.5955181121826 25.9923896789551 25.8619232177734 25.5099105834961 25.5448455810547 25.4693984985352 25.6571521759033 26.0805473327637
-3.4e+38 -3.4e+38 -3.4e+38 -3.4e+38 -3.4e+38 -3.4e+38 -3.4e+38 -3.4e+38 -3.4e+38 -3.4e+38 -3.4e+38 -3.4e+38 -3.4e+38 -3.4e+38 -3.4e+38 -3.4e+38 -3.4e+38 -3.4e+38 -3.4e+38 -3.4e+38 -3.4e+38 -3.4e+38 -3.4e+38 -3.4e+38 -3.4e+38 -3.4e+38 -3.4e+38 -3.4e+38 -3.4e+38 -3.4e+38 17.6956577301025 15.4443445205688 12.2274761199951 9.12894821166992 6.54999589920044 5.00010013580322 4.41222238540649 4.93149566650391 6.13641500473022 7.64972352981567 9.3703670501709 11.9867544174194 14.8920164108276 17.8982238769531 21.2295379638672 23.9322357177734 25.6420059204102 25.9328231811523 25.7318134307861 25.7736930847168 25.7677669525146 25.9345207214355 26.2301406860352
-3.4e+38 -3.4e+38 -3.4e+38 -3.4e+38 -3.4e+38 -3.4e+38 -3.4e+38 -3.4e+38 -3.4e+38 -3.4e+38 -3.4e+38 -3.4e+38 -3.4e+38 -3.4e+38 -3.4e+38 -3.4e+38 -3.4e+38 -3.4e+38 -3.4e+38 -3.4e+38 -3.4e+38 -3.4e+38 -3.4e+38 -3.4e+38 -3.4e+38 -3.4e+38 -3.4e+38 -3.4e+38 -3.4e+38 -3.4e+38 -3.4e+38 16.9825000762939 13.9681243896484 10.8043518066406 7.57928943634033 5.23143005371094 4.25566482543945 5.03527736663818 6.42505931854248 7.59386920928955 8.91742324829102 11.2690992355347 13.9453945159912 16.9506778717041 20.3832244873047 23.2772331237793 25.2680244445801 25.8227214813232 26.0785713195801 26.1337852478027 26.2178573608398 26.3589401245117 26.4824504852295
