meets/meet004/selection/CCSM_6k_am_bio01.asc
NCOLS 154 
NROWS 168 
XLLCORNER -112 
YLLCORNER -55.5 
CELLSIZE 0.5 
NODATA_value -3.4e+38 
[rows 72 to 95 of 168, columns 53 to 105 of 154]
-3.4e+38 -3.4e+38 -3.4e+38 -3.4e+38 -3.4e+38 -3.4e+38 -3.4e+38 -3.4e+38 -3.4e+38 -3.4e+38 -3.4e+38 -3.4e+38 20.2582874298096 18.523796081543 16.0638599395752 13.8027315139771 13.3837966918945 14.6740608215332 17.0411148071289 20.4422874450684 23.7807178497314 25.3053894042969 24.6578121185303 23.8467617034912 23.9813175201416 24.4015045166016 24.4962177276611 24.3104667663574 24.1560668945312 24.2188396453857 24.3557052612305 24.4279117584229 24.4337768554688 24.4510097503662 24.5588073730469 24.6682262420654 24.698263168335 24.6582336425781 24.5944881439209 24.5626430511475 24.5317363739014 24.4848728179932 24.4474697113037 24.3977699279785 24.3668918609619 24.3366947174072 24.3023872375488 24.2822074890137 24.2642841339111 24.2460479736328 24.2404651641846 24.245922088623 24.2786922454834
-3.4e+38 -3.4e+38 -3.4e+38 -3.4e+38 -3.4e+38 -3.4e+38 -3.4e+38 -3.4e+38 -3.4e+38 -3.4e+38 -3.4e+38 -3.4e+38 -3.4e+38 19.2727088928223 16.3532752990723 13.4055061340332 12.6818389892578 13.8318519592285 16.1709613800049 19.6317176818848 23.101598739624 24.7614593505859 24.3658981323242 23.7880935668945 23.9830284118652 24.382287979126 24.4742908477783 24.3028755187988 24.1697540283203 24.2335796356201 24.369255065918 24.4421157836914 24.4512672424316 24.4835414886475 24.5990943908691 24.7264270782471 24.7660655975342 24.7244071960449 24.6736850738525 24.6441516876221 24.616361618042 24.5685977935791 24.5089054107666 24.4444618225098 24.3935127258301 24.3491096496582 24.2997341156006 24.2587146759033 24.2221584320068 24.1897258758545 24.1788749694824 24.179817199707 24.2195663452148
-3.4e+38 -3.4e+38 -3.4e+38 -3.4e+38 -3.4e+38 -3.4e+38 -3.4e+38 -3.4e+38 -3.4e+38 -3.4e+38 -3.4e+38 -3.4e+38 -3.4e+38 -3.4e+38 16.9602031707764 13.5916118621826 12.4376792907715 13.3195686340332 15.4151992797852 18.5764598846436 22.0566310882568 23.9249420166016 23.8839511871338 23.7949237823486 24.024227142334 24.2572154998779 24.377779006958 24.2725944519043 24.2084560394287 24.2657260894775 24.3701705932617 24.4493465423584 24.4856662750244 24.5415687561035 24.6458683013916 24.749340057373 24.7891330718994 24.7741756439209 24.7440738677979 24.6988868713379 24.681848526001 24.6155853271484 24.5420074462891 24.4809131622314 24.3942489624023 24.3409976959229 24.2672443389893 24.1986446380615 24.1529579162598 24.1085205078125 24.0972023010254 24.0941905975342 24.1192741394043
-3.4e+38 -3.4e+38 -3.4e+38 -3.4e+38 -3.4e+38 -3.4e+38 -3.4e+38 -3.4e+38 -3.4e+38 -3.4e+38 -3.4e+38 -3.4e+38 -3.4e+38 -3.4e+38 17.5491218566895 14.1552667617798 12.7475652694702 13.097466468811 14.7827072143555 17.4768733978271 20.6116371154785 22.6165161132812 23.2777633666992 23.6152801513672 23.9715194702148 24.1902332305908 24.3326187133789 24.2774200439453 24.2600688934326 24.322774887085 24.4085845947266 24.4830150604248 24.52756690979 24.5877952575684 24.6800117492676 24.7588005065918 24.7781162261963 24.7431030273438 24.6990337371826 24.6656513214111 24.6369876861572 24.5575752258301 24.4559936523438 24.3633117675781 24.2836627960205 24.2278137207031 24.1487884521484 24.0692253112793 24.0087776184082 23.9845790863037 23.985050201416 23.9856204986572 24.0095691680908
-3.4e+38 -3.4e+38 -3.4e+38 -3.4e+38 -3.4e+38 -3.4e+38 -3.4e+38 -3.4e+38 -3.4e+38 -3.4e+38 -3.4e+38 -3.4e+38 -3.4e+38 -3.4e+38 18.1974563598633 14.8952436447144 13.2787666320801 13.2398767471313 14.0284252166748 16.0732955932617 18.832347869873 20.8040962219238 21.9615917205811 23.3924980163574 23.7332382202148 23.9794616699219 24.2748031616211 24.2379989624023 24.336633682251 24.3590984344482 24.4398384094238 24.5390586853027 24.5852813720703 24.6463985443115 24.7520427703857 24.786434173584 24.7856559753418 24.7231006622314 24.5968360900879 24.6199188232422 24.5661754608154 24.4744625091553 24.3649921417236 24.1629791259766 24.1820335388184 24.105152130127 24.0173759460449 23.9788856506348 23.8311729431152 23.8490905761719 23.8874778747559 23.8790855407715 23.8897438049316
-3.4e+38 -3.4e+38 -3.4e+38 -3.4e+38 -3.4e+38 -3.4e+38 -3.4e+38 -3.4e+38 -3.4e+38 -3.4e+38 -3.4e+38 -3.4e+38 -3.4e+38 -3.4e+38 -3.4e+38 16.0066318511963 14.347936630249 13.6591234207153 13.8437032699585 14.8191680908203 16.5908222198486 18.3340320587158 19.9502277374268 21.7149887084961 22.8686065673828 23.7369232177734 24.2946395874023 24.2301216125488 24.1818809509277 24.2790260314941 24.4661903381348 24.623571395874 24.7092914581299 24.773832321167 24.8695621490479 24.9068298339844 24.8908081054688 24.8087310791016 24.6880569458008 24.6666164398193 24.6199283599854 24.5308818817139 24.4225616455078 24.2828102111816 24.2849254608154 24.2508182525635 24.1522827148438 24.030834197998 23.8786964416504 23.82936668396 23.8083209991455 23.7727432250977 23.7620658874512
-3.4e+38 -3.4e+38 -3.4e+38 -3.4e+38 -3.4e+38 -3.4e+38 -3.4e+38 -3.4e+38 -3.4e+38 -3.4e+38 -3.4e+38 -3.4e+38 -3.4e+38 -3.4e+38 -3.4e+38 17.2765579223633 15.5795450210571 14.4038047790527 13.5738248825073 13.2205629348755 13.8844022750854 15.0622653961182 16.7977256774902 19.3131217956543 21.142505645752 23.1285858154297 24.2685718536377 23.9415512084961 23.8375034332275 24.1928577423096 24.4998645782471 24.7552185058594 24.8655300140381 24.9548721313477 25.0508308410645 25.1027145385742 25.0888042449951 24.9910068511963 24.8848094940186 24.8285350799561 24.7768306732178 24.6958198547363 24.6149368286133 24.5563888549805 24.5318164825439 24.5732593536377 24.4438781738281 24.213228225708 24.0181751251221 23.8142375946045 23.7320461273193 23.6455726623535 23.6105499267578
-3.4e+38 -3.4e+38 -3.4e+38 -3.4e+38 -3.4e+38 -3.4e+38 -3.4e+38 -3.4e+38 -3.4e+38 -3.4e+38 -3.4e+38 -3.4e+38 -3.4e+38 -3.4e+38 -3.4e+38 -3.4e+38 17.139762878418 14.9130744934082 12.7907915115356 11.4340801239014 10.9397811889648 11.4987344741821 13.0297994613647 15.4436616897583 18.4060077667236 21.3989753723145 23.2623615264893 23.6354064941406 23.8050670623779 24.1771774291992 24.6429843902588 24.979341506958 25.0693912506104 25.1448059082031 25.2371730804443 25.2820014953613 25.2723407745361 25.187427520752 25.0663356781006 25.0040168762207 24.9412117004395 24.8553314208984 24.7610664367676 24.7132911682129 24.75341796875 24.7955799102783 24.6312007904053 24.3209381103516 24.0036697387695 23.7378635406494 23.5713386535645 23.4430618286133 23.4073047637939
-3.4e+38 -3.4e+38 -3.4e+38 -3.4e+38 -3.4e+38 -3.4e+38 -3.4e+38 -3.4e+38 -3.4e+38 -3.4e+38 -3.4e+38 -3.4e+38 -3.4e+38 -3.4e+38 -3.4e+38 -3.4e+38 18.936975479126 15.543402671814 11.7729187011719 10.2513647079468 8.4857006072998 8.16261672973633 9.57283306121826 10.9146718978882 15.0791368484497 19.2353439331055 21.7361640930176 22.5806999206543 23.513204574585 24.0624446868896 24.6967792510986 25.2873592376709 25.3522682189941 25.3515892028809 25.6170444488525 25.514533996582 25.5069007873535 25.3973541259766 25.2568778991699 25.228307723999 25.1372509002686 25.0323600769043 24.87428855896 24.7656192779541 24.8054676055908 24.9540920257568 24.7518119812012 24.3528270721436 23.9144668579102 23.65651512146 23.40700340271 23.2429542541504 23.2402305603027
-3.4e+38 -3.4e+38 -3.4e+38 -3.4e+38 -3.4e+38 -3.4e+38 -3.4e+38 -3.4e+38 -3.4e+38 -3.4e+38 -3.4e+38 -3.4e+38 -3.4e+38 -3.4e+38 -3.4e+38 -3.4e+38 -3.4e+38 17.0903491973877 14.0366611480713 11.0154247283936 8.28471183776855 7.16335868835449 7.67616081237793 9.413161277771 12.2496614456177 15.6919536590576 18.3405246734619 19.9400596618652 21.6680088043213 22.8134136199951 24.290189743042 25.2966270446777 25.4988822937012 25.95339012146 25.8825588226318 25.9019145965576 25.8832950592041 25.6857490539551 25.5859222412109 25.5495681762695 25.4635562896729 25.3092555999756 25.0937690734863 24.8854656219482 24.8552799224854 24.8297805786133 24.6253814697266 24.3440456390381 23.9782791137695 23.6739292144775 23.4360866546631 23.2554664611816 23.194429397583
-3.4e+38 -3.4e+38 -3.4e+38 -3.4e+38 -3.4e+38 -3.4e+38 -3.4e+38 -3.4e+38 -3.4e+38 -3.4e+38 -3.4e+38 -3.4e+38 -3.4e+38 -3.4e+38 -3.4e+38 -3.4e+38 -3.4e+38 18.7127342224121 16.7756004333496 12.8581018447876 8.98944759368896 6.99766206741333 6.87933540344238 7.69178009033203 9.09683609008789 11.5107431411743 13.7333841323853 15.6497678756714 18.6064529418945 19.6315078735352 22.1102600097656 23.7763729095459 24.1171245574951 25.9308910369873 25.8280811309814 26.0165462493896 26.1830863952637 25.946346282959 25.8974704742432 25.9276332855225 25.8805351257324 25.6159076690674 25.3067283630371 24.9347858428955 24.8380756378174 24.7228889465332 24.5684795379639 24.362096786499 24.0488338470459 23.7479000091553 23.528169631958 23.3364410400391 23.2443504333496
-3.4e+38 -3.4e+38 -3.4e+38 -3.4e+38 -3.4e+38 -3.4e+38 -3.4e+38 -3.4e+38 -3.4e+38 -3.4e+38 -3.4e+38 -3.4e+38 -3.4e+38 -3.4e+38 -3.4e+38 -3.4e+38 -3.4e+38 -3.4e+38 18.3936328887939 14.7367715835571 10.5086078643799 7.69045639038086 6.44346189498901 5.89238548278809 5.99943923950195 6.40494680404663 7.64582920074463 9.497971534729 11.5549736022949 13.857518196106 16.1661033630371 18.5404262542725 20.5200157165527 22.5468940734863 24.0981197357178 25.4916877746582 26.3285217285156 26.2431659698486 26.1746273040771 26.0933322906494 26.001148223877 25.850700378418 25.6673603057861 25.4389629364014 25.1204700469971 24.7883949279785 24.4934940338135 24.3248844146729 24.1037082672119 23.8249759674072 23.5967922210693 23.41237449646 23.3292427062988
-3.4e+38 -3.4e+38 -3.4e+38 -3.4e+38 -3.4e+38 -3.4e+38 -3.4e+38 -3.4e+38 -3.4e+38 -3.4e+38 -3.4e+38 -3.4e+38 -3.4e+38 -3.4e+38 -3.4e+38 -3.4e+38 -3.4e+38 -3.4e+38 20.2193470001221 16.3601264953613 12.1116790771484 8.83151912689209 6.73286628723145 4.67329072952271 3.81690692901611 2.33060455322266 2.66835236549377 4.32000064849854 5.17613172531128 7.8933048248291 9.86032581329346 12.6753349304199 15.8654270172119 18.8018112182617 21.766544342041 24.4029979705811 25.954288482666 26.1092014312744 26.2152614593506 26.2507514953613 26.1811618804932 26.1478996276855 26.1472320556641 25.9920310974121 25.5106925964355 24.9579963684082 24.5085124969482 24.3473720550537 24.1536464691162 23.846435546875 23.6448745727539 23.446252822876 23.3698272705078
-3.4e+38 -3.4e+38 -3.4e+38 -3.4e+38 -3.4e+38 -3.4e+38 -3.4e+38 -3.4e+38 -3.4e+38 -3.4e+38 -3.4e+38 -3.4e+38 -3.4e+38 -3.4e+38 -3.4e+38 -3.4e+38 -3.4e+38 -3.4e+38 19.7633018493652 17.6466903686523 14.6143627166748 11.5313272476196 8.68703651428223 5.77636575698853 3.93448400497437 2.18154501914978 1.54614114761353 2.26259446144104 2.8191294670105 4.14192152023315 5.26799535751343 7.9351749420166 11.627685546875 15.2985715866089 19.0414810180664 22.1918087005615 24.4912662506104 25.3205509185791 25.863561630249 25.9914436340332 26.2316493988037 26.3603572845459 26.4509887695312 26.4411716461182 25.752046585083 25.0216083526611 24.5462989807129 24.2460784912109 24.1457748413086 23.9522361755371 23.7357559204102 23.5949459075928 23.5382766723633
-3.4e+38 -3.4e+38 -3.4e+38 -3.4e+38 -3.4e+38 -3.4e+38 -3.4e+38 -3.4e+38 -3.4e+38 -3.4e+38 -3.4e+38 -3.4e+38 -3.4e+38 -3.4e+38 -3.4e+38 -3.4e+38 -3.4e+38 -3.4e+38 -3.4e+38 18.6494846343994 17.0111751556396 14.5680828094482 11.656439781189 8.2703800201416 6.2572660446167 3.87432885169983 2.53604698181152 2.48115205764771 2.08489465713501 2.56710028648376 2.5892345905304 4.79674911499023 8.53032970428467 12.1569538116455 16.1443786621094 19.7125053405762 22.4736957550049 23.8799610137939 25.0378017425537 25.5469665527344 25.9727554321289 26.160270690918 26.2769432067871 26.4062519073486 25.6140460968018 24.9148197174072 24.5314426422119 24.3298606872559 24.2993049621582 24.270601272583 24.1278305053711 24.0663146972656 24.0687694549561
-3.4e+38 -3.4e+38 -3.4e+38 -3.4e+38 -3.4e+38 -3.4e+38 -3.4e+38 -3.4e+38 -3.4e+38 -3.4e+38 -3.4e+38 -3.4e+38 -3.4e+38 -3.4e+38 -3.4e+38 -3.4e+38 -3.4e+38 -3.4e+38 -3.4e+38 -3.4e+38 18.6875553131104 17.1896171569824 15.2621936798096 13.0795745849609 10.1169729232788 7.4043173789978 5.31480360031128 4.17439699172974 3.22554874420166 2.55920624732971 2.35842084884644 3.6937403678894 6.2806134223938 9.49579238891602 13.037974357605 16.3992919921875 19.4958038330078 21.7273483276367 23.5506553649902 24.5467796325684 25.1691226959229 25.564510345459 25.4680194854736 25.1679763793945 24.9927444458008 24.7230434417725 24.6062278747559 24.620361328125 24.751220703125 24.7530288696289 24.8572177886963 24.9359607696533 24.9820079803467
-3.4e+38 -3.4e+38 -3.4e+38 -3.4e+38 -3.4e+38 -3.4e+38 -3.4e+38 -3.4e+38 -3.4e+38 -3.4e+38 -3.4e+38 -3.4e+38 -3.4e+38 -3.4e+38 -3.4e+38 -3.4e+38 -3.4e+38 -3.4e+38 -3.4e+38 -3.4e+38 -3.4e+38 -3.4e+38 17.7947063446045 16.5461292266846 13.8228940963745 11.2039451599121 8.6073055267334 6.52241706848145 4.75699710845947 3.32438921928406 2.43398022651672 3.07938408851624 4.63994598388672 6.99222278594971 10.141752243042 13.1748752593994 16.451379776001 19.1599197387695 21.5756721496582 23.2837562561035 24.2471523284912 24.8752346038818 24.8764667510986 24.4973278045654 24.7100715637207 24.742488861084 24.7528457641602 24.9817848205566 25.0721321105957 25.0766162872314 25.2840061187744 25.4429168701172 25.6058197021484
-3.4e+38 -3.4e+38 -3.4e+38 -3.4e+38 -3.4e+38 -3.4e+38 -3.4e+38 -3.4e+38 -3.4e+38 -3.4e+38 -3.4e+38 -3.4e+38 -3.4e+38 -3.4e+38 -3.4e+38 -3.4e+38 -3.4e+38 -3.4e+38 -3.4e+38 -3.4e+38 -3.4e+38 -3.4e+38 -3.4e+38 -3.4e+38 16.5391082763672 14.8500165939331 12.4110622406006 9.51827239990234 6.46173620223999 4.85659456253052 3.33578372001648 2.7765371799469 3.6874897480011 4.81968307495117 7.21044063568115 10.0873870849609 13.059326171875 15.9757947921753 18.9117984771729 21.0155639648438 22.8777408599854 24.0988178253174 24.3197841644287 24.7679386138916 24.9245700836182 24.8701477050781 25.1532783508301 25.1482772827148 25.1955966949463 25.2094955444336 25.2100639343262 25.4239120483398 25.7580089569092
-3.4e+38 -3.4e+38 -3.4e+38 -3.4e+38 -3.4e+38 -3.4e+38 -3.4e+38 -3.4e+38 -3.4e+38 -3.4e+38 -3.4e+38 -3.4e+38 -3.4e+38 -3.4e+38 -3.4e+38 -3.4e+38 -3.4e+38 -3.4e+38 -3.4e+38 -3.4e+38 -3.4e+38 -3.4e+38 -3.4e+38 -3.4e+38 -3.4e+38 -3.4e+38 15.682975769043 13.2347946166992 10.2840585708618 7.93387603759766 5.4328989982605 3.96629977226257 3.66034889221191 3.83188915252686 5.20061779022217 6.91942310333252 9.37410640716553 12.1319484710693 15.1501760482788 17.6821632385254 20.0623569488525 22.0498733520508 23.2352294921875 24.223217010498 24.7974472045898 25.1010913848877 25.2862014770508 25.3041114807129 25.2343196868896 25.1900844573975 25.1886177062988 25.371862411499 25.7299365997314
-3.4e+38 -3.4e+38 -3.4e+38 -3.4e+38 -3.4e+38 -3.4e+38 -3.4e+38 -3.4e+38 -3.4e+38 -3.4e+38 -3.4e+38 -3.4e+38 -3.4e+38 -3.4e+38 -3.4e+38 -3.4e+38 -3.4e+38 -3.4e+38 -3.4e+38 -3.4e+38 -3.4e+38 -3.4e+38 -3.4e+38 -3.4e+38 -3.4e+38 -3.4e+38 -3.4e+38 -3.4e+38 16.2410202026367 12.4046115875244 8.74539661407471 6.22062063217163 4.9537181854248 4.23134422302246 4.07580232620239 4.19380664825439 5.58964872360229 8.11126232147217 10.4741926193237 13.5554990768433 16.1247863769531 18.7877960205078 20.9460334777832 22.8660449981689 24.1536331176758 24.9405860900879 25.5014686584473 25.3944892883301 25.2268218994141 25.1820373535156 25.2296352386475 25.4010314941406 25.7352886199951
-3.4e+38 -3.4e+38 -3.4e+38 -3.4e+38 -3.4e+38 -3.4e+38 -3.4e+38 -3.4e+38 -3.4e+38 -3.4e+38 -3.4e+38 -3.4e+38 -3.4e+38 -3.4e+38 -3.4e+38 -3.4e+38 -3.4e+38 -3.4e+38 -3.4e+38 -3.4e+38 -3.4e+38 -3.4e+38 -3.4e+38 -3.4e+38 -3.4e+38 -3.4e+38 -3.4e+38 -3.4e+38 18.5680236816406 15.6502599716187 12.3259239196777 9.4807825088501 7.21083307266235 5.38950634002686 4.15871381759644 3.40374374389648 3.97344470024109 5.70004320144653 7.58744335174561 10.2495098114014 12.7487716674805 15.6779699325562 18.4898509979248 20.9885940551758 23.1788272857666 24.6254062652588 25.5242900848389 25.4951438903809 25.2020530700684 25.1087646484375 25.1764793395996 25.3671112060547 25.7088680267334
-3.4e+38 -3.4e+38 -3.4e+38 -3.4e+38 -3.4e+38 -3.4e+38 -3.4e+38 -3.4e+38 -3.4e+38 -3.4e+38 -3.4e+38 -3.4e+38 -3.4e+38 -3.4e+38 -3.4e+38 -3.4e+38 -3.4e+38 -3.4e+38 -3.4e+38 -3.4e+38 -3.4e+38 -3.4e+38 -3.4e+38 -3.4e+38 -3.4e+38 -3.4e+38 -3.4e+38 -3.4e+38 -3.4e+38 -3.4e+38 15.6474685668945 12.9120168685913 9.76729583740234 6.88191843032837 5.05127811431885 4.16517972946167 3.92741870880127 4.66180896759033 5.93928575515747 8.18009185791016 10.2261629104614 13.1547927856445 16.1834659576416 19.0966930389404 22.0543365478516 24.3245429992676 25.6624336242676 25.4990348815918 25.1453075408936 25.1778793334961 25.1048641204834 25.2858104705811 25.7298927307129
-3.4e+38 -3.4e+38 -3.4e+38 -3.4e+38 -3.4e+38 -3.4e+38 -3.4e+38 -3.4e+38 -3.4e+38 -3.4e+38 -3.4e+38 -3.4e+38 -3.4e+38 -3.4e+38 -3.4e+38 -3.4e+38 -3.4e+38 -3.4e+38 -3.4e+38 -3.4e+38 -3.4e+38 -3.4e+38 -3.4e+38 -3.4e+38 -3.4e+38 -3.4e+38 -3.4e+38 -3.4e+38 -3.4e+38 -3.4e+38 17.338737487793 15.0753955841064 11.8566026687622 8.77059173583984 6.1964898109436 4.65572500228882 4.0508074760437 4.54204511642456 5.73946380615234 7.27401685714722 9.05585670471191 11.7551527023315 14.6994905471802 17.7538814544678 21.0275173187256 23.6722850799561 25.3253192901611 25.5916919708252 25.3409423828125 25.3776607513428 25.4111309051514 25.5885677337646 25.8813457489014
-3.4e+38 -3.4e+38 -3.4e+38 -3.4e+38 -3.4e+38 -3.4e+38 -3.4e+38 -3.4e+38 -3.4e+38 -3.4e+38 -3.4e+38 -3.4e+38 -3.4e+38 -3.4e+38 -3.4e+38 -3.4e+38 -3.4e+38 -3.4e+38 -3.4e+38 -3.4e+38 -3.4e+38 -3.4e+38 -3.4e+38 -3.4e+38 -3.4e+38 -3.4e+38 -3.4e+38 -3.4e+38 -3.4e+38 -3.4e+38 -3.4e+38 16.6045703887939 13.568998336792 10.3791170120239 7.19418001174927 4.87021684646606 3.87800931930542 4.58597278594971 5.92650556564331 7.13886547088623 8.53459930419922 10.9815969467163 13.7180624008179 16.7809143066406 20.2018947601318 23.0964221954346 25.0312232971191 25.5279083251953 25.7154560089111 25.7680530548096 25.8868408203125 26.0403652191162 26.1553916931152
