meets/meet004/selection/CCSM_0k_am_bio17.asc
NCOLS 154 
NROWS 168 
XLLCORNER -112 
YLLCORNER -55.5 
CELLSIZE 0.5 
NODATA_value -3.4e+38 
[rows 72 to 95 of 168, columns 53 to 105 of 154]
-3.4e+38 -3.4e+38 -3.4e+38 -3.4e+38 -3.4e+38 -3.4e+38 -3.4e+38 -3.4e+38 -3.4e+38 -3.4e+38 -3.4e+38 -3.4e+38 40.394603729248 43.4007606506348 62.3218040466309 81.2005920410156 110.692184448242 134.297714233398 149.956390380859 148.556289672852 139.748016357422 131.971481323242 133.03288269043 131.49299621582 128.689544677734 122.532424926758 114.965538024902 110.477249145508 104.803565979004 100.09888458252 94.4458770751953 90.4009857177734 87.4010238647461 84.1306762695312 81.4028167724609 77.9549560546875 76.1833572387695 75.1398849487305 73.8480758666992 73.2934951782227 72.0993347167969 72.1696243286133 73.2421646118164 73.4513931274414 73.71923828125 73.1136474609375 72.5232467651367 72.5987930297852 71.214111328125 69.1327362060547 65.9100570678711 63.3178024291992 61.1975059509277
-3.4e+38 -3.4e+38 -3.4e+38 -3.4e+38 -3.4e+38 -3.4e+38 -3.4e+38 -3.4e+38 -3.4e+38 -3.4e+38 -3.4e+38 -3.4e+38 -3.4e+38 34.9561653137207 51.2924194335938 74.4173278808594 100.750213623047 121.889801025391 137.345092773438 134.032333374023 129.135726928711 122.918670654297 121.078269958496 121.460418701172 118.714210510254 114.885543823242 109.615242004395 103.33650970459 99.0229568481445 94.7748336791992 89.9164276123047 85.9436187744141 81.4319458007812 78.1958312988281 75.2555618286133 72.5969772338867 69.9698181152344 67.1632080078125 65.3404235839844 64.4676208496094 64.4666290283203 63.8950881958008 63.1445922851562 63.1477432250977 63.6037445068359 64.6269302368164 64.6387405395508 63.2499465942383 62.4381103515625 61.1081161499023 59.3565368652344 57.2262306213379 53.5134582519531
-3.4e+38 -3.4e+38 -3.4e+38 -3.4e+38 -3.4e+38 -3.4e+38 -3.4e+38 -3.4e+38 -3.4e+38 -3.4e+38 -3.4e+38 -3.4e+38 -3.4e+38 -3.4e+38 42.2605171203613 63.968936920166 89.9672393798828 111.207748413086 125.350128173828 122.74422454834 119.560272216797 113.592247009277 111.837951660156 113.379753112793 111.533546447754 107.819885253906 102.339660644531 98.4266662597656 94.656005859375 90.8061981201172 85.6291580200195 81.673225402832 77.6705627441406 74.438591003418 71.5090866088867 67.5494995117188 65.0388412475586 62.2704277038574 60.2352409362793 59.0880393981934 57.322883605957 56.7935028076172 56.5263442993164 56.0080795288086 56.5471534729004 56.281665802002 56.2703170776367 56.3280067443848 55.4979209899902 54.5481300354004 52.4159164428711 50.3041343688965 47.5040512084961
-3.4e+38 -3.4e+38 -3.4e+38 -3.4e+38 -3.4e+38 -3.4e+38 -3.4e+38 -3.4e+38 -3.4e+38 -3.4e+38 -3.4e+38 -3.4e+38 -3.4e+38 -3.4e+38 36.0879249572754 55.8744583129883 75.9910888671875 94.7916870117188 108.386451721191 110.019989013672 109.663871765137 105.982460021973 104.309768676758 103.258636474609 101.795227050781 99.8826599121094 96.8786392211914 92.6643447875977 89.42578125 85.9633712768555 81.5783081054688 78.1657943725586 74.0067443847656 70.5048599243164 67.0134963989258 63.4659423828125 60.7850723266602 57.6580772399902 55.3077697753906 53.1751823425293 51.5616493225098 50.4894943237305 49.3460807800293 48.9381370544434 48.4158363342285 48.490421295166 48.4601516723633 47.9238700866699 47.7141494750977 46.2886772155762 45.047550201416 43.3961524963379 40.4149971008301
-3.4e+38 -3.4e+38 -3.4e+38 -3.4e+38 -3.4e+38 -3.4e+38 -3.4e+38 -3.4e+38 -3.4e+38 -3.4e+38 -3.4e+38 -3.4e+38 -3.4e+38 -3.4e+38 29.429141998291 44.1125259399414 64.4270477294922 83.0245361328125 95.1088104248047 98.1683044433594 102.696159362793 99.2692947387695 96.7101974487305 100.077796936035 94.8985748291016 93.0064926147461 90.2460174560547 87.2187576293945 85.1502838134766 82.31884765625 78.2682647705078 74.7379531860352 70.8439865112305 67.9525604248047 64.580810546875 60.5115776062012 57.6848487854004 54.6259841918945 51.9810943603516 50.1268997192383 47.4695930480957 46.228874206543 44.8322448730469 43.7014999389648 43.3906593322754 42.411994934082 42.2738761901855 42.0325546264648 41.3403816223145 40.5893974304199 39.031421661377 37.2689514160156 34.8253402709961
-3.4e+38 -3.4e+38 -3.4e+38 -3.4e+38 -3.4e+38 -3.4e+38 -3.4e+38 -3.4e+38 -3.4e+38 -3.4e+38 -3.4e+38 -3.4e+38 -3.4e+38 -3.4e+38 -3.4e+38 38.4794464111328 51.4860420227051 66.7848358154297 79.9965362548828 88.1611938476562 97.9906463623047 100.969604492188 99.0332870483398 96.9875869750977 94.991455078125 91.3853988647461 87.2312850952148 81.6912307739258 80.1815948486328 77.2848663330078 74.1739196777344 71.3866119384766 67.8668441772461 64.5736694335938 61.1144371032715 57.5887908935547 54.8769493103027 51.6017303466797 48.8380699157715 46.1469879150391 43.7633972167969 42.0787734985352 40.0730895996094 38.6603164672852 37.3316192626953 36.4889907836914 35.9748039245605 35.1397895812988 34.7932395935059 33.5358276367188 32.5487670898438 31.1587390899658 28.64084815979
-3.4e+38 -3.4e+38 -3.4e+38 -3.4e+38 -3.4e+38 -3.4e+38 -3.4e+38 -3.4e+38 -3.4e+38 -3.4e+38 -3.4e+38 -3.4e+38 -3.4e+38 -3.4e+38 -3.4e+38 31.3496265411377 44.1198081970215 59.0967559814453 69.8546447753906 80.8007049560547 97.0183792114258 102.283622741699 102.477996826172 101.998016357422 97.0929183959961 95.2272720336914 89.047119140625 77.019172668457 78.6577758789062 73.7808227539062 71.0570526123047 68.2410888671875 65.0006484985352 61.918399810791 59.2252006530762 55.2978782653809 52.5130882263184 49.2384719848633 46.4472351074219 44.2139892578125 41.0472869873047 39.2321472167969 37.0190658569336 35.0866317749023 33.9002494812012 32.1609115600586 31.4997119903564 30.6710319519043 29.7821044921875 29.232234954834 27.8403263092041 26.4506549835205 24.3665409088135
-3.4e+38 -3.4e+38 -3.4e+38 -3.4e+38 -3.4e+38 -3.4e+38 -3.4e+38 -3.4e+38 -3.4e+38 -3.4e+38 -3.4e+38 -3.4e+38 -3.4e+38 -3.4e+38 -3.4e+38 -3.4e+38 34.2019882202148 47.977481842041 61.6656761169434 78.2849960327148 94.2314605712891 105.818351745605 110.309020996094 117.727333068848 111.962417602539 103.600646972656 96.0929107666016 90.2293319702148 82.6563339233398 74.0947113037109 71.3970794677734 67.3453979492188 62.3988952636719 59.3805084228516 55.9039993286133 52.6622123718262 50.1190452575684 46.9817008972168 44.0149230957031 41.2243041992188 38.4756851196289 36.5245208740234 34.0245552062988 32.0558586120605 30.180871963501 28.5503673553467 27.541654586792 26.3606395721436 25.5636730194092 24.3489971160889 23.3931732177734 22.1755447387695 20.0922374725342
-3.4e+38 -3.4e+38 -3.4e+38 -3.4e+38 -3.4e+38 -3.4e+38 -3.4e+38 -3.4e+38 -3.4e+38 -3.4e+38 -3.4e+38 -3.4e+38 -3.4e+38 -3.4e+38 -3.4e+38 -3.4e+38 28.0119609832764 40.7587509155273 54.8768463134766 73.9513320922852 92.5024490356445 106.396301269531 119.527816772461 136.720062255859 126.368751525879 119.849533081055 111.139862060547 116.515922546387 100.09504699707 92.331428527832 84.4135208129883 79.3954696655273 63.9433517456055 60.839973449707 57.8672790527344 50.7397804260254 48.1271705627441 44.9411087036133 41.9647369384766 39.5438690185547 36.4618110656738 34.4853668212891 32.0125122070312 29.9547100067139 28.288236618042 26.2653923034668 25.1713752746582 23.9219284057617 22.6859321594238 21.8773441314697 20.5678615570068 19.3012599945068 17.5259780883789
-3.4e+38 -3.4e+38 -3.4e+38 -3.4e+38 -3.4e+38 -3.4e+38 -3.4e+38 -3.4e+38 -3.4e+38 -3.4e+38 -3.4e+38 -3.4e+38 -3.4e+38 -3.4e+38 -3.4e+38 -3.4e+38 -3.4e+38 33.6775169372559 45.4180030822754 65.5760269165039 85.0277252197266 102.620491027832 121.744049072266 137.028869628906 140.74284362793 147.959533691406 148.697662353516 140.548370361328 136.776336669922 128.342559814453 115.361656188965 101.978935241699 84.464225769043 73.4387664794922 57.3493576049805 52.9711875915527 48.5009346008301 42.9981994628906 40.0842552185059 37.1383781433105 34.3927536010742 32.4554710388184 30.1206073760986 28.1195392608643 26.1900882720947 24.396146774292 23.161527633667 21.7102451324463 20.439640045166 19.1176452636719 17.8687763214111 16.7186622619629 14.9828357696533
-3.4e+38 -3.4e+38 -3.4e+38 -3.4e+38 -3.4e+38 -3.4e+38 -3.4e+38 -3.4e+38 -3.4e+38 -3.4e+38 -3.4e+38 -3.4e+38 -3.4e+38 -3.4e+38 -3.4e+38 -3.4e+38 -3.4e+38 26.3710174560547 34.9012184143066 52.4644088745117 75.7915191650391 93.7025985717773 115.692123413086 132.874542236328 145.474365234375 166.761138916016 174.992553710938 177.207946777344 173.046722412109 164.390579223633 147.426284790039 136.193695068359 110.917678833008 92.0053787231445 79.4321212768555 61.6844596862793 49.3145370483398 41.1577796936035 38.609489440918 36.2863922119141 32.9659080505371 30.7923755645752 28.3385543823242 26.7029399871826 25.2107200622559 23.2894229888916 22.0414638519287 20.3790435791016 19.1072216033936 17.8432178497314 16.1959629058838 14.9492998123169 13.1565542221069
-3.4e+38 -3.4e+38 -3.4e+38 -3.4e+38 -3.4e+38 -3.4e+38 -3.4e+38 -3.4e+38 -3.4e+38 -3.4e+38 -3.4e+38 -3.4e+38 -3.4e+38 -3.4e+38 -3.4e+38 -3.4e+38 -3.4e+38 -3.4e+38 26.8484268188477 42.1873054504395 60.4154624938965 77.0489883422852 103.297149658203 120.62149810791 148.897796630859 169.886306762695 186.479049682617 203.846084594727 216.272567749023 212.324035644531 199.646438598633 182.536422729492 155.165634155273 120.685470581055 97.3213348388672 71.4320220947266 58.4671783447266 45.655933380127 39.3905830383301 34.9614868164062 32.034236907959 29.9696598052979 27.6201572418213 25.7708721160889 24.0423831939697 22.5857200622559 21.4229583740234 19.7182941436768 18.2087306976318 16.5900554656982 14.9877233505249 13.7642774581909 12.1682691574097
-3.4e+38 -3.4e+38 -3.4e+38 -3.4e+38 -3.4e+38 -3.4e+38 -3.4e+38 -3.4e+38 -3.4e+38 -3.4e+38 -3.4e+38 -3.4e+38 -3.4e+38 -3.4e+38 -3.4e+38 -3.4e+38 -3.4e+38 -3.4e+38 18.1620273590088 28.5388832092285 43.9414405822754 55.706485748291 80.5170516967773 103.815902709961 135.243682861328 155.486633300781 180.67333984375 215.177261352539 243.772445678711 237.302352905273 232.135772705078 226.145462036133 196.510498046875 156.263305664062 131.726211547852 96.6397094726562 71.2728958129883 55.0487403869629 41.1301574707031 37.2663764953613 32.984676361084 29.8786926269531 27.2031745910645 25.2720317840576 23.965747833252 22.4246883392334 21.0542697906494 19.183292388916 17.7886943817139 15.9903507232666 14.2742395401001 12.9033374786377 11.0926580429077
-3.4e+38 -3.4e+38 -3.4e+38 -3.4e+38 -3.4e+38 -3.4e+38 -3.4e+38 -3.4e+38 -3.4e+38 -3.4e+38 -3.4e+38 -3.4e+38 -3.4e+38 -3.4e+38 -3.4e+38 -3.4e+38 -3.4e+38 -3.4e+38 14.9790592193604 22.2333736419678 31.4315490722656 41.6786575317383 60.5621757507324 80.408088684082 108.282608032227 132.858642578125 156.210006713867 191.100677490234 208.45637512207 222.312316894531 234.896820068359 234.316558837891 216.92268371582 193.597274780273 166.723266601562 121.841804504395 94.3997955322266 70.4446411132812 51.7948150634766 39.65771484375 34.5484962463379 31.5288619995117 28.0638790130615 25.8243846893311 23.9478149414062 22.4727878570557 21.2358016967773 19.2339210510254 17.5639228820801 15.6559476852417 13.8275537490845 12.5054187774658 10.9377126693726
-3.4e+38 -3.4e+38 -3.4e+38 -3.4e+38 -3.4e+38 -3.4e+38 -3.4e+38 -3.4e+38 -3.4e+38 -3.4e+38 -3.4e+38 -3.4e+38 -3.4e+38 -3.4e+38 -3.4e+38 -3.4e+38 -3.4e+38 -3.4e+38 -3.4e+38 15.6179580688477 23.4510650634766 29.5025577545166 43.9861679077148 57.8696212768555 72.7920608520508 104.818862915039 126.215530395508 155.333419799805 171.261459350586 200.914108276367 217.340606689453 230.629959106445 228.881546020508 221.664276123047 201.217590332031 156.319396972656 126.466529846191 95.798469543457 64.6160278320312 53.9608116149902 42.23193359375 34.2253684997559 30.1565647125244 26.9125537872314 25.3413352966309 23.314266204834 21.6287670135498 19.3925380706787 17.8133983612061 15.9308757781982 13.89391040802 12.404878616333 10.6801719665527
-3.4e+38 -3.4e+38 -3.4e+38 -3.4e+38 -3.4e+38 -3.4e+38 -3.4e+38 -3.4e+38 -3.4e+38 -3.4e+38 -3.4e+38 -3.4e+38 -3.4e+38 -3.4e+38 -3.4e+38 -3.4e+38 -3.4e+38 -3.4e+38 -3.4e+38 -3.4e+38 18.5939521789551 22.8030033111572 31.312141418457 42.6916236877441 56.5956840515137 78.8966064453125 96.7488021850586 117.227363586426 139.723693847656 168.313415527344 191.844146728516 211.982376098633 226.252517700195 242.018753051758 218.679565429688 191.349670410156 159.309127807617 126.280532836914 89.3798751831055 66.0499801635742 49.5388069152832 42.054069519043 33.8476066589355 29.9389209747314 26.6630611419678 24.2644710540771 22.5562515258789 20.157133102417 18.1005039215088 16.0031719207764 14.0098142623901 12.5934915542603 10.9291152954102
-3.4e+38 -3.4e+38 -3.4e+38 -3.4e+38 -3.4e+38 -3.4e+38 -3.4e+38 -3.4e+38 -3.4e+38 -3.4e+38 -3.4e+38 -3.4e+38 -3.4e+38 -3.4e+38 -3.4e+38 -3.4e+38 -3.4e+38 -3.4e+38 -3.4e+38 -3.4e+38 -3.4e+38 -3.4e+38 25.3136253356934 31.342472076416 39.5043411254883 57.07080078125 65.7371978759766 80.9568634033203 105.093681335449 121.421035766602 153.302703857422 181.336181640625 208.377059936523 232.649353027344 226.178985595703 207.925338745117 190.848159790039 155.262649536133 121.46541595459 99.0203857421875 71.7290573120117 53.8827323913574 43.351261138916 33.8096046447754 30.7636184692383 27.0799217224121 23.9436569213867 21.3444309234619 19.1904010772705 17.1490325927734 14.8988218307495 13.2530536651611 11.4641990661621
-3.4e+38 -3.4e+38 -3.4e+38 -3.4e+38 -3.4e+38 -3.4e+38 -3.4e+38 -3.4e+38 -3.4e+38 -3.4e+38 -3.4e+38 -3.4e+38 -3.4e+38 -3.4e+38 -3.4e+38 -3.4e+38 -3.4e+38 -3.4e+38 -3.4e+38 -3.4e+38 -3.4e+38 -3.4e+38 -3.4e+38 -3.4e+38 35.405948638916 42.0104484558105 51.2737045288086 65.1756591796875 80.3823089599609 96.844856262207 122.099243164062 148.622894287109 184.706481933594 204.782135009766 213.506332397461 220.321640014648 202.873123168945 174.575210571289 149.572296142578 123.734931945801 91.7996292114258 74.5373306274414 55.5762977600098 43.4488906860352 37.337818145752 29.5713291168213 26.7083740234375 22.7038898468018 20.3190574645996 18.3336372375488 16.1218662261963 14.4905214309692 12.2828321456909
-3.4e+38 -3.4e+38 -3.4e+38 -3.4e+38 -3.4e+38 -3.4e+38 -3.4e+38 -3.4e+38 -3.4e+38 -3.4e+38 -3.4e+38 -3.4e+38 -3.4e+38 -3.4e+38 -3.4e+38 -3.4e+38 -3.4e+38 -3.4e+38 -3.4e+38 -3.4e+38 -3.4e+38 -3.4e+38 -3.4e+38 -3.4e+38 -3.4e+38 -3.4e+38 40.2991638183594 48.8681983947754 58.670108795166 71.6626892089844 97.2389221191406 115.708457946777 143.276962280273 164.973266601562 188.600814819336 199.459945678711 199.968215942383 183.93782043457 168.833358764648 144.589462280273 112.25855255127 93.7429275512695 75.5758056640625 54.5107498168945 44.2978782653809 34.2739791870117 29.2404880523682 26.0562324523926 22.678524017334 20.2537097930908 17.8808822631836 16.0487613677979 14.2251472473145
-3.4e+38 -3.4e+38 -3.4e+38 -3.4e+38 -3.4e+38 -3.4e+38 -3.4e+38 -3.4e+38 -3.4e+38 -3.4e+38 -3.4e+38 -3.4e+38 -3.4e+38 -3.4e+38 -3.4e+38 -3.4e+38 -3.4e+38 -3.4e+38 -3.4e+38 -3.4e+38 -3.4e+38 -3.4e+38 -3.4e+38 -3.4e+38 -3.4e+38 -3.4e+38 -3.4e+38 -3.4e+38 43.0227432250977 51.6096153259277 64.3798065185547 84.5572204589844 106.052703857422 124.376853942871 150.469116210938 167.141571044922 168.37272644043 177.211181640625 176.367370605469 157.052642822266 131.804046630859 111.168296813965 89.1830062866211 65.4781646728516 53.0607795715332 38.4360809326172 33.4917335510254 28.4897212982178 25.18798828125 22.6691036224365 20.1405239105225 18.3444042205811 15.822958946228
-3.4e+38 -3.4e+38 -3.4e+38 -3.4e+38 -3.4e+38 -3.4e+38 -3.4e+38 -3.4e+38 -3.4e+38 -3.4e+38 -3.4e+38 -3.4e+38 -3.4e+38 -3.4e+38 -3.4e+38 -3.4e+38 -3.4e+38 -3.4e+38 -3.4e+38 -3.4e+38 -3.4e+38 -3.4e+38 -3.4e+38 -3.4e+38 -3.4e+38 -3.4e+38 -3.4e+38 -3.4e+38 30.3920192718506 36.0599975585938 45.6532516479492 53.6123123168945 64.0810241699219 83.9403533935547 104.522315979004 122.00171661377 137.001693725586 153.410232543945 161.83268737793 147.146057128906 136.567077636719 119.520141601562 97.3988189697266 74.0354156494141 60.8254127502441 43.8241424560547 37.7369384765625 32.7632026672363 28.0575656890869 25.5198612213135 22.8040771484375 21.0360469818115 18.8423194885254
-3.4e+38 -3.4e+38 -3.4e+38 -3.4e+38 -3.4e+38 -3.4e+38 -3.4e+38 -3.4e+38 -3.4e+38 -3.4e+38 -3.4e+38 -3.4e+38 -3.4e+38 -3.4e+38 -3.4e+38 -3.4e+38 -3.4e+38 -3.4e+38 -3.4e+38 -3.4e+38 -3.4e+38 -3.4e+38 -3.4e+38 -3.4e+38 -3.4e+38 -3.4e+38 -3.4e+38 -3.4e+38 -3.4e+38 -3.4e+38 28.8775463104248 36.3051338195801 45.7796745300293 52.446704864502 69.8882369995117 88.1797332763672 99.361442565918 118.410667419434 119.742286682129 127.507568359375 129.323532104492 116.731231689453 94.4799118041992 80.2000198364258 65.0585098266602 47.3617401123047 40.8196449279785 34.9474029541016 30.8476219177246 28.2709121704102 25.4809703826904 23.6324348449707 21.0391693115234
-3.4e+38 -3.4e+38 -3.4e+38 -3.4e+38 -3.4e+38 -3.4e+38 -3.4e+38 -3.4e+38 -3.4e+38 -3.4e+38 -3.4e+38 -3.4e+38 -3.4e+38 -3.4e+38 -3.4e+38 -3.4e+38 -3.4e+38 -3.4e+38 -3.4e+38 -3.4e+38 -3.4e+38 -3.4e+38 -3.4e+38 -3.4e+38 -3.4e+38 -3.4e+38 -3.4e+38 -3.4e+38 -3.4e+38 -3.4e+38 20.0223407745361 21.3999881744385 25.5169506072998 33.6551399230957 41.1566314697266 56.0743446350098 67.0030670166016 81.7699661254883 94.3963394165039 104.225814819336 112.765007019043 109.117034912109 93.1611785888672 81.0967102050781 65.8411254882812 50.9590721130371 43.8613967895508 38.2087516784668 33.140079498291 30.8396949768066 28.2015495300293 26.6047077178955 24.4775085449219
-3.4e+38 -3.4e+38 -3.4e+38 -3.4e+38 -3.4e+38 -3.4e+38 -3.4e+38 -3.4e+38 -3.4e+38 -3.4e+38 -3.4e+38 -3.4e+38 -3.4e+38 -3.4e+38 -3.4e+38 -3.4e+38 -3.4e+38 -3.4e+38 -3.4e+38 -3.4e+38 -3.4e+38 -3.4e+38 -3.4e+38 -3.4e+38 -3.4e+38 -3.4e+38 -3.4e+38 -3.4e+38 -3.4e+38 -3.4e+38 -3.4e+38 16.5211944580078 19.142110824585 22.0391578674316 30.3503456115723 37.6397514343262 49.0265464782715 60.1948394775391 68.4528732299805 82.3777847290039 95.4014511108398 91.7249603271484 87.0097732543945 76.9060287475586 65.8116607666016 51.4468612670898 44.2207450866699 38.5394744873047 34.8574638366699 32.6272010803223 30.6040134429932 29.0615463256836 26.9558448791504
