meets/meet004/selection/CCSM_6k_am_bio01.asc
NCOLS 154 
NROWS 168 
XLLCORNER -112 
YLLCORNER -55.5 
CELLSIZE 0.5 
NODATA_value -3.4e+38 
[rows 48 to 71 of 168, columns 53 to 105 of 154]
-3.4e+38 -3.4e+38 -3.4e+38 -3.4e+38 -3.4e+38 -3.4e+38 -3.4e+38 -3.4e+38 -3.4e+38 -3.4e+38 -3.4e+38 -3.4e+38 -3.4e+38 -3.4e+38 -3.4e+38 -3.4e+38 23.4075813293457 20.9512634277344 18.5816173553467 17.1679973602295 16.3143405914307 15.9862174987793 16.2084693908691 16.8532276153564 18.5598011016846 20.4015254974365 21.8693447113037 22.8277797698975 23.7085227966309 23.9777393341064 23.9624309539795 23.7742900848389 23.3366413116455 22.613410949707 22.2596912384033 21.4194145202637 20.6494522094727 19.9837875366211 18.7466640472412 18.7869987487793 18.2707443237305 18.1587104797363 18.4500026702881 18.1875114440918 19.2215213775635 19.7274169921875 20.4695892333984 21.3916149139404 21.4849529266357 21.7304306030273 21.0673198699951 21.30592918396 22.3745384216309
-3.4e+38 -3.4e+38 -3.4e+38 -3.4e+38 -3.4e+38 -3.4e+38 -3.4e+38 -3.4e+38 -3.4e+38 -3.4e+38 -3.4e+38 -3.4e+38 -3.4e+38 -3.4e+38 -3.4e+38 -3.4e+38 22.8793106079102 20.5797519683838 18.4638767242432 17.1187953948975 16.5423049926758 16.4229717254639 16.8243598937988 17.8923435211182 19.5839881896973 21.4599590301514 22.7311573028564 23.2603073120117 23.4866790771484 23.6353187561035 23.5910663604736 23.4741458892822 23.253791809082 22.9291725158691 22.7106323242188 22.4174480438232 21.9470996856689 21.4078769683838 20.8381767272949 20.3547058105469 20.0429172515869 19.9544124603271 20.1038646697998 20.4191455841064 20.7576808929443 21.2470607757568 22.0268783569336 23.0605163574219 23.8932361602783 23.8802318572998 23.6783237457275 23.7164783477783 23.8783092498779
-3.4e+38 -3.4e+38 -3.4e+38 -3.4e+38 -3.4e+38 -3.4e+38 -3.4e+38 -3.4e+38 -3.4e+38 -3.4e+38 -3.4e+38 -3.4e+38 -3.4e+38 -3.4e+38 -3.4e+38 -3.4e+38 22.156063079834 20.0254898071289 18.0256404876709 17.2320156097412 16.8327312469482 16.9183464050293 17.612398147583 18.6711273193359 20.4569053649902 22.3378353118896 23.3940353393555 23.3561382293701 23.2921009063721 23.3629970550537 23.3203239440918 23.2914562225342 23.2708797454834 23.3063545227051 23.2245960235596 23.4408283233643 23.2087860107422 22.7246608734131 22.7643642425537 21.8889656066895 21.7372035980225 21.6892433166504 21.7563037872314 22.5257225036621 22.2411632537842 22.6822910308838 23.4127788543701 24.4328441619873 26.1633892059326 25.5223503112793 25.757287979126 25.6448802947998 25.0128383636475
-3.4e+38 -3.4e+38 -3.4e+38 -3.4e+38 -3.4e+38 -3.4e+38 -3.4e+38 -3.4e+38 -3.4e+38 -3.4e+38 -3.4e+38 -3.4e+38 -3.4e+38 -3.4e+38 -3.4e+38 -3.4e+38 20.6313629150391 19.2910499572754 18.2387104034424 17.6068305969238 17.4905776977539 17.8332233428955 18.5963306427002 19.7014942169189 21.1085548400879 22.4094295501709 23.1944751739502 23.3208522796631 23.2366752624512 23.260160446167 23.2842350006104 23.3208637237549 23.3475170135498 23.4138793945312 23.5187320709229 23.6471576690674 23.517915725708 23.1701278686523 22.8926544189453 22.5112571716309 22.4121475219727 22.4004459381104 22.4913463592529 22.8501663208008 22.9744358062744 23.3867301940918 23.931676864624 24.5385189056396 25.2245121002197 25.336109161377 25.3454265594482 25.2023811340332 24.8485412597656
-3.4e+38 -3.4e+38 -3.4e+38 -3.4e+38 -3.4e+38 -3.4e+38 -3.4e+38 -3.4e+38 -3.4e+38 -3.4e+38 -3.4e+38 -3.4e+38 -3.4e+38 -3.4e+38 21.9222850799561 20.211706161499 18.97682762146 18.4233360290527 18.2160167694092 18.2136135101318 18.4815540313721 19.0443935394287 19.8294849395752 20.6861610412598 21.6265850067139 22.4572410583496 23.0148658752441 23.1305847167969 23.1618366241455 23.2507152557373 23.304386138916 23.3641128540039 23.4071598052979 23.4583168029785 23.5645484924316 23.6575984954834 23.5145721435547 23.1629447937012 22.8094139099121 22.5910167694092 22.5515747070312 22.5608615875244 22.6389179229736 22.9069385528564 23.1857357025146 23.5441837310791 23.8847045898438 24.072509765625 24.2191429138184 24.3761901855469 24.3326416015625 24.2439727783203 24.0568294525146
-3.4e+38 -3.4e+38 -3.4e+38 -3.4e+38 -3.4e+38 -3.4e+38 -3.4e+38 -3.4e+38 -3.4e+38 -3.4e+38 -3.4e+38 -3.4e+38 -3.4e+38 22.4094409942627 20.4911842346191 18.4954376220703 17.5202789306641 17.5771198272705 18.0968608856201 19.0204925537109 20.1468200683594 20.9452571868896 21.3399677276611 21.779691696167 22.1816539764404 22.5247974395752 22.8326473236084 22.9998378753662 23.1051864624023 23.2440032958984 23.34494972229 23.4372291564941 23.4818115234375 23.5293922424316 23.6402530670166 23.6955337524414 23.558780670166 23.2425403594971 22.9185047149658 22.7128791809082 22.6031227111816 22.6174240112305 22.7574520111084 22.9842109680176 23.298376083374 23.578556060791 23.7692375183105 23.8348484039307 23.7744789123535 23.7833194732666 23.6861209869385 23.6212997436523 23.5602169036865
-3.4e+38 -3.4e+38 -3.4e+38 -3.4e+38 -3.4e+38 -3.4e+38 -3.4e+38 -3.4e+38 -3.4e+38 -3.4e+38 -3.4e+38 -3.4e+38 -3.4e+38 21.3218173980713 19.2833614349365 17.2670612335205 16.5769634246826 17.2928218841553 18.2336444854736 19.7720012664795 21.4930648803711 22.3765964508057 22.4182300567627 22.5896339416504 22.5956783294678 22.6018867492676 22.7538452148438 22.8961925506592 23.0651950836182 23.2319679260254 23.3790245056152 23.503101348877 23.5497741699219 23.5990028381348 23.700777053833 23.7657032012939 23.6391468048096 23.3479270935059 23.0375461578369 22.8451156616211 22.728443145752 22.745964050293 22.8947639465332 23.1002655029297 23.4265213012695 23.6772232055664 23.8046569824219 23.7483329772949 23.5693359375 23.5447292327881 23.3847160339355 23.3076763153076 23.2838878631592
-3.4e+38 -3.4e+38 -3.4e+38 -3.4e+38 -3.4e+38 -3.4e+38 -3.4e+38 -3.4e+38 -3.4e+38 -3.4e+38 -3.4e+38 23.3695278167725 21.8277397155762 20.0400409698486 18.3298492431641 16.9900436401367 16.7475357055664 17.5311946868896 18.9664192199707 20.5539245605469 22.0929718017578 22.9854640960693 23.0021305084229 22.805248260498 22.7970867156982 22.7846584320068 22.8184432983398 22.9370727539062 23.0244598388672 23.2574844360352 23.4380722045898 23.5681095123291 23.6319313049316 23.6674556732178 23.7539730072021 23.787576675415 23.7000255584717 23.4857997894287 23.2346668243408 23.089241027832 22.9852142333984 23.0105628967285 23.1749076843262 23.3582782745361 23.6318531036377 23.8379516601562 23.8934116363525 23.8263454437256 23.6546897888184 23.5180549621582 23.3372421264648 23.2442073822021 23.1771678924561
-3.4e+38 -3.4e+38 -3.4e+38 -3.4e+38 -3.4e+38 -3.4e+38 -3.4e+38 -3.4e+38 -3.4e+38 -3.4e+38 -3.4e+38 22.3618259429932 20.7619400024414 19.107271194458 17.8536472320557 16.9989986419678 17.0130405426025 18.0075721740723 19.4575004577637 21.0125160217285 22.5397682189941 23.3808727264404 23.2832107543945 23.0908622741699 23.1133098602295 23.0783500671387 23.1180686950684 23.1844940185547 23.2176856994629 23.4087791442871 23.5652961730957 23.6661109924316 23.7115230560303 23.7281932830811 23.7822322845459 23.8134078979492 23.7690906524658 23.6430683135986 23.5155715942383 23.4678039550781 23.4272079467773 23.4712200164795 23.6001682281494 23.7190361022949 23.8934879302979 24.0272102355957 24.0456886291504 23.9571628570557 23.8044376373291 23.6572895050049 23.4599514007568 23.3674869537354 23.3155384063721
-3.4e+38 -3.4e+38 -3.4e+38 -3.4e+38 -3.4e+38 -3.4e+38 -3.4e+38 -3.4e+38 -3.4e+38 -3.4e+38 22.1700477600098 20.9580192565918 19.7831058502197 18.487455368042 17.6595153808594 17.2470550537109 17.5454883575439 18.423978805542 19.6783981323242 21.3188209533691 22.7961521148682 23.6093139648438 23.6320953369141 23.5216083526611 23.4951171875 23.5602531433105 23.5850524902344 23.5683364868164 23.6460151672363 23.6773910522461 23.7387447357178 23.7834033966064 23.7757205963135 23.7808227539062 23.7959060668945 23.8104190826416 23.8187770843506 23.8252983093262 23.865758895874 23.8868770599365 24.0211029052734 24.0795440673828 24.0619831085205 24.1435489654541 24.1591205596924 24.1924057006836 24.1655120849609 24.0764789581299 23.9718379974365 23.8393707275391 23.7267417907715 23.6599788665771 23.6285076141357
-3.4e+38 -3.4e+38 -3.4e+38 -3.4e+38 -3.4e+38 -3.4e+38 -3.4e+38 -3.4e+38 -3.4e+38 -3.4e+38 21.4596290588379 20.2939300537109 19.3160915374756 18.3336753845215 17.737476348877 17.5262260437012 17.9076194763184 18.8584690093994 20.1418838500977 21.6471042633057 22.989185333252 23.7695503234863 23.8224143981934 23.7453269958496 23.7480869293213 23.8248710632324 23.859058380127 23.8377132415771 23.8830909729004 23.863395690918 23.880012512207 23.8878154754639 23.8675365447998 23.8581295013428 23.8554821014404 23.8630390167236 23.8888473510742 23.9357604980469 24.0410251617432 24.1248550415039 24.2913932800293 24.3542194366455 24.3119716644287 24.339563369751 24.2990665435791 24.2985210418701 24.2640800476074 24.1980571746826 24.1346416473389 24.0410232543945 23.969841003418 23.9402637481689 23.9498043060303
-3.4e+38 -3.4e+38 -3.4e+38 -3.4e+38 -3.4e+38 -3.4e+38 -3.4e+38 -3.4e+38 -3.4e+38 22.5143260955811 21.3600234985352 20.2704906463623 19.3819103240967 18.5705852508545 18.0066242218018 17.73219871521 18.2162799835205 19.4050636291504 20.8225326538086 22.0856781005859 23.1584033966064 23.8243007659912 23.8524780273438 23.7885074615479 23.8414573669434 23.8793144226074 23.913366317749 23.930477142334 23.9343090057373 23.9452857971191 23.9618549346924 23.9570407867432 23.9490489959717 23.9501705169678 23.9431190490723 23.9443874359131 23.9747104644775 23.9996719360352 24.0560855865479 24.1708698272705 24.2652492523193 24.3266448974609 24.3455791473389 24.3250274658203 24.3412075042725 24.3451957702637 24.3269157409668 24.3097915649414 24.2723617553711 24.2206649780273 24.1753787994385 24.1669464111328 24.1819591522217
-3.4e+38 -3.4e+38 -3.4e+38 -3.4e+38 -3.4e+38 -3.4e+38 -3.4e+38 -3.4e+38 -3.4e+38 22.584545135498 21.4957027435303 20.4999771118164 19.7429161071777 19.0895557403564 18.4892311096191 18.2469062805176 18.7235698699951 19.8987903594971 21.2676544189453 22.3943881988525 23.2744274139404 23.8449420928955 23.8949871063232 23.8301944732666 23.8732032775879 23.9105052947998 23.9426651000977 23.9562740325928 23.9682598114014 23.979097366333 23.9944553375244 24.005708694458 24.0092544555664 24.0206966400146 24.025484085083 24.0362319946289 24.05690574646 24.0753688812256 24.1083641052246 24.175479888916 24.2431793212891 24.2950801849365 24.3248538970947 24.3418807983398 24.3697147369385 24.3898334503174 24.4007301330566 24.4084453582764 24.4061470031738 24.3744316101074 24.3524150848389 24.3513774871826 24.3636016845703
-3.4e+38 -3.4e+38 -3.4e+38 -3.4e+38 -3.4e+38 -3.4e+38 -3.4e+38 -3.4e+38 -3.4e+38 22.6705436706543 21.6322174072266 20.7708187103271 20.1994972229004 19.6815280914307 19.1155891418457 18.8284454345703 19.2676887512207 20.3744716644287 21.6312522888184 22.6368656158447 23.3873748779297 23.8653659820557 23.9140892028809 23.884916305542 23.9312992095947 23.9657306671143 23.9934749603271 23.9973888397217 23.9977378845215 24.0113391876221 24.0207328796387 24.0372104644775 24.0579071044922 24.0760173797607 24.0936412811279 24.119987487793 24.140869140625 24.1527900695801 24.1917629241943 24.2237377166748 24.2654457092285 24.3114051818848 24.3481101989746 24.3862609863281 24.4180221557617 24.4484806060791 24.4774360656738 24.5030612945557 24.5289726257324 24.5039920806885 24.4964809417725 24.5001201629639 24.5088233947754
-3.4e+38 -3.4e+38 -3.4e+38 -3.4e+38 -3.4e+38 -3.4e+38 -3.4e+38 -3.4e+38 -3.4e+38 -3.4e+38 21.774808883667 21.0202579498291 20.5662021636963 20.2229690551758 19.715539932251 19.4784183502197 19.8580169677734 20.8087120056152 21.932092666626 22.8175086975098 23.4667892456055 23.908224105835 23.9782390594482 23.9432964324951 23.9874610900879 24.0197906494141 24.0433540344238 24.044303894043 24.0419826507568 24.0454730987549 24.0550327301025 24.0748100280762 24.1026477813721 24.1314144134521 24.1461849212646 24.1640148162842 24.1850471496582 24.2015533447266 24.2356948852539 24.2643527984619 24.304069519043 24.3486251831055 24.3872623443604 24.43088722229 24.4656372070312 24.5007724761963 24.5307006835938 24.5547523498535 24.5792999267578 24.572696685791 24.5762233734131 24.5833282470703 24.5905914306641
-3.4e+38 -3.4e+38 -3.4e+38 -3.4e+38 -3.4e+38 -3.4e+38 -3.4e+38 -3.4e+38 -3.4e+38 -3.4e+38 -3.4e+38 21.0685005187988 20.7861633300781 20.6885204315186 20.2146625518799 19.9784984588623 20.3586502075195 21.2616519927979 22.2642192840576 23.0499114990234 23.6183490753174 23.9856204986572 24.0254592895508 24.0049076080322 24.044261932373 24.0740203857422 24.0919742584229 24.0884284973145 24.0897407531738 24.0909996032715 24.096061706543 24.1150646209717 24.1485691070557 24.1868705749512 24.1830348968506 24.183313369751 24.1983871459961 24.2171401977539 24.2536277770996 24.2801055908203 24.3282985687256 24.3764114379883 24.4146957397461 24.4709033966064 24.5016117095947 24.5359077453613 24.5680847167969 24.5858612060547 24.5992832183838 24.6081733703613 24.6157150268555 24.6217803955078 24.6327991485596
-3.4e+38 -3.4e+38 -3.4e+38 -3.4e+38 -3.4e+38 -3.4e+38 -3.4e+38 -3.4e+38 -3.4e+38 22.6138114929199 21.4346942901611 20.7143535614014 20.4934177398682 20.497278213501 20.3421516418457 20.4028816223145 20.8647441864014 21.7314491271973 22.6542339324951 23.3104610443115 23.7359466552734 24.0454273223877 24.1065902709961 24.0857791900635 24.1043682098389 24.1040515899658 24.1155471801758 24.127124786377 24.1368885040283 24.1451034545898 24.1522827148438 24.1661167144775 24.1845893859863 24.1990947723389 24.1986980438232 24.1954441070557 24.2024040222168 24.2121887207031 24.2351245880127 24.2619342803955 24.302713394165 24.3558483123779 24.411865234375 24.4704971313477 24.5078639984131 24.5402774810791 24.5731258392334 24.600959777832 24.6234436035156 24.6209106445312 24.6177978515625 24.6209392547607 24.6373386383057
-3.4e+38 -3.4e+38 -3.4e+38 -3.4e+38 -3.4e+38 -3.4e+38 -3.4e+38 -3.4e+38 23.881929397583 22.537712097168 21.0005722045898 20.2815093994141 20.339412689209 20.2196140289307 20.4848022460938 20.7776165008545 21.334300994873 22.208215713501 23.1277484893799 23.6616306304932 23.9200801849365 24.1321296691895 24.1826038360596 24.1817817687988 24.1795921325684 24.1435508728027 24.1447162628174 24.1740741729736 24.1866054534912 24.2051010131836 24.2122497558594 24.2182006835938 24.2202415466309 24.2119522094727 24.2190361022949 24.2100830078125 24.2089042663574 24.2083377838135 24.2071514129639 24.2398433685303 24.2659587860107 24.3196811676025 24.3926162719727 24.4644393920898 24.4980068206787 24.5294494628906 24.5677318572998 24.6079521179199 24.6475048065186 24.6242218017578 24.6061630249023 24.6012001037598 24.6222972869873
-3.4e+38 -3.4e+38 -3.4e+38 -3.4e+38 -3.4e+38 -3.4e+38 -3.4e+38 -3.4e+38 23.5071067810059 22.4493808746338 21.18674659729 20.5266971588135 20.4668655395508 20.7453269958496 20.775203704834 21.1572761535645 21.7172756195068 22.5264072418213 23.4548072814941 23.8377246856689 24.076587677002 24.2733192443848 24.2773303985596 24.2681541442871 24.2512969970703 24.2263488769531 24.2225818634033 24.2304973602295 24.2532405853271 24.2602233886719 24.2656784057617 24.2689247131348 24.2641067504883 24.2600040435791 24.2537117004395 24.2428817749023 24.2359657287598 24.2276611328125 24.2248001098633 24.2400436401367 24.2662029266357 24.3128890991211 24.3712024688721 24.4294967651367 24.4766082763672 24.5179653167725 24.557165145874 24.5911636352539 24.6148433685303 24.6064872741699 24.5914936065674 24.5809650421143 24.5857181549072
-3.4e+38 -3.4e+38 -3.4e+38 -3.4e+38 -3.4e+38 -3.4e+38 -3.4e+38 -3.4e+38 -3.4e+38 22.4787673950195 21.4798965454102 20.8640480041504 20.7763385772705 20.9599609375 20.5538806915283 20.8922653198242 21.4045677185059 22.116397857666 23.4532051086426 23.7623386383057 24.1319389343262 24.3802909851074 24.3234691619873 24.3273143768311 24.2483501434326 24.2594146728516 24.2549781799316 24.2407512664795 24.2873077392578 24.2737102508545 24.2942447662354 24.3040313720703 24.2962493896484 24.3009490966797 24.2889366149902 24.2813739776611 24.2743358612061 24.2576484680176 24.2485523223877 24.2636432647705 24.2811603546143 24.3174018859863 24.3593254089355 24.4014892578125 24.4469928741455 24.4935207366943 24.5294914245605 24.5531978607178 24.5770092010498 24.5673561096191 24.5596179962158 24.5490798950195 24.5488681793213
-3.4e+38 -3.4e+38 -3.4e+38 -3.4e+38 -3.4e+38 -3.4e+38 -3.4e+38 -3.4e+38 -3.4e+38 22.5868473052979 22.1024913787842 21.4149475097656 20.6003589630127 19.9747276306152 19.3809700012207 19.2764797210693 19.670726776123 20.6272773742676 21.8792304992676 23.0912532806396 24.1348438262939 24.6402893066406 24.4318103790283 24.1429405212402 24.1518440246582 24.2079010009766 24.2204761505127 24.1990432739258 24.1830787658691 24.2379741668701 24.2951641082764 24.3236827850342 24.323709487915 24.3112277984619 24.3261127471924 24.3303928375244 24.3267803192139 24.3125648498535 24.2947540283203 24.3029747009277 24.3138942718506 24.3337726593018 24.3565044403076 24.3820953369141 24.4129981994629 24.4421062469482 24.4663543701172 24.4851818084717 24.4962539672852 24.4970664978027 24.4952716827393 24.4923076629639 24.5068244934082
-3.4e+38 -3.4e+38 -3.4e+38 -3.4e+38 -3.4e+38 -3.4e+38 -3.4e+38 -3.4e+38 -3.4e+38 22.6086711883545 22.4643859863281 21.608491897583 20.2149677276611 18.8809452056885 17.9693222045898 17.3769798278809 17.7105007171631 18.839298248291 20.3165855407715 22.3437614440918 24.1624145507812 24.9169521331787 24.5063571929932 23.9874362945557 24.0283050537109 24.1796016693115 24.2109394073486 24.1607837677002 24.1001129150391 24.1897296905518 24.2942199707031 24.3404407501221 24.34104347229 24.329797744751 24.3660011291504 24.3939266204834 24.3979740142822 24.3781890869141 24.3496780395508 24.3465595245361 24.3468856811523 24.3534889221191 24.3568572998047 24.3646469116211 24.3800506591797 24.388916015625 24.4028415679932 24.4145965576172 24.4169120788574 24.4213943481445 24.4239940643311 24.4264678955078 24.4597911834717
-3.4e+38 -3.4e+38 -3.4e+38 -3.4e+38 -3.4e+38 -3.4e+38 -3.4e+38 -3.4e+38 -3.4e+38 -3.4e+38 -3.4e+38 21.3211345672607 19.8423728942871 18.1691627502441 16.8132381439209 15.9451303482056 16.0940437316895 17.2555465698242 19.1451377868652 21.7494163513184 24.232213973999 25.3000564575195 24.6901416778564 23.9397583007812 23.9899044036865 24.2669696807861 24.3242359161377 24.2085552215576 24.1131572723389 24.1921920776367 24.3137607574463 24.3749656677246 24.3807430267334 24.380033493042 24.4398708343506 24.4978866577148 24.5089168548584 24.4743576049805 24.4258975982666 24.4105167388916 24.3897438049316 24.3748931884766 24.3704948425293 24.3556137084961 24.35671043396 24.3503494262695 24.3472385406494 24.3521919250488 24.3486061096191 24.3517036437988 24.3517227172852 24.3579730987549 24.3906269073486
-3.4e+38 -3.4e+38 -3.4e+38 -3.4e+38 -3.4e+38 -3.4e+38 -3.4e+38 -3.4e+38 -3.4e+38 -3.4e+38 -3.4e+38 21.2129173278809 19.7900924682617 17.8686962127686 16.1642417907715 14.7023944854736 14.6853399276733 15.9288759231567 18.0072822570801 21.1532669067383 24.2314510345459 25.4806613922119 24.7041912078857 23.8542003631592 23.9815540313721 24.3583488464355 24.4347743988037 24.261962890625 24.1269264221191 24.1997661590576 24.3420448303223 24.4059238433838 24.405309677124 24.4224758148193 24.4994201660156 24.5926856994629 24.611328125 24.561990737915 24.5068664550781 24.4753646850586 24.4438934326172 24.4176330566406 24.3948764801025 24.365198135376 24.3494205474854 24.3266716003418 24.3155612945557 24.3111476898193 24.2948818206787 24.296760559082 24.2918930053711 24.2973861694336 24.333610534668
