meets/meet004/selection/CCSM_21k_am_bio03.asc
NCOLS 154 
NROWS 168 
XLLCORNER -112 
YLLCORNER -55.5 
CELLSIZE 0.5 
NODATA_value -3.4e+38 
[rows 72 to 95 of 168, columns 53 to 105 of 154]
-3.4e+38 -3.4e+38 -3.4e+38 -3.4e+38 -3.4e+38 -3.4e+38 -3.4e+38 -3.4e+38 -3.4e+38 -3.4e+38 -3.4e+38 -3.4e+38 67.8794250488281 64.5554885864258 65.7870864868164 68.2392883300781 66.2660064697266 66.141960144043 69.4414978027344 70.8137588500977 70.7315216064453 70.2417602539062 67.2639541625977 64.7725143432617 63.4776573181152 63.0243721008301 62.4194374084473 61.84326171875 61.431037902832 61.1035575866699 60.9738159179688 60.9218597412109 60.9234237670898 60.945671081543 60.9111251831055 60.7938766479492 60.2930335998535 59.9286842346191 59.4964218139648 59.3962173461914 59.3130760192871 59.3914680480957 59.6085510253906 59.7465629577637 59.7801551818848 59.5851211547852 59.4265441894531 59.3092613220215 58.8060455322266 58.1357727050781 57.1377334594727 56.2928199768066 55.486701965332
-3.4e+38 -3.4e+38 -3.4e+38 -3.4e+38 -3.4e+38 -3.4e+38 -3.4e+38 -3.4e+38 -3.4e+38 -3.4e+38 -3.4e+38 -3.4e+38 -3.4e+38 65.5979537963867 66.9813690185547 67.5597076416016 65.691780090332 64.7074432373047 67.5104370117188 68.6492156982422 69.1869964599609 69.1174697875977 66.8997497558594 64.848991394043 63.7885246276855 63.1219139099121 62.554141998291 61.9037170410156 61.3493347167969 61.0270042419434 60.7190399169922 60.6296424865723 60.6029586791992 60.5798301696777 60.5904655456543 60.3129272460938 59.9340553283691 59.7188301086426 59.238525390625 59.0504913330078 58.859016418457 58.8859024047852 59.0725975036621 59.2207145690918 59.4231414794922 59.4685249328613 59.3903503417969 59.3533668518066 58.8933067321777 58.0534286499023 56.8155326843262 55.8177261352539 55.0017433166504
-3.4e+38 -3.4e+38 -3.4e+38 -3.4e+38 -3.4e+38 -3.4e+38 -3.4e+38 -3.4e+38 -3.4e+38 -3.4e+38 -3.4e+38 -3.4e+38 -3.4e+38 -3.4e+38 67.5509567260742 67.4661102294922 66.6631088256836 64.5382766723633 65.3079605102539 66.6713714599609 67.1575012207031 67.193359375 66.879768371582 65.4052352905273 64.5128784179688 63.5333671569824 62.7200050354004 62.2059173583984 61.4667549133301 61.1745834350586 60.8362617492676 60.657772064209 60.4948806762695 60.3025131225586 60.2901077270508 60.0686454772949 59.5923385620117 59.2496757507324 58.9528923034668 58.8141212463379 58.7028732299805 58.6650199890137 58.6673164367676 58.7319946289062 58.9489784240723 59.0925064086914 59.1047248840332 58.9888496398926 58.479362487793 57.696418762207 56.6487083435059 55.6659812927246 54.8535614013672
-3.4e+38 -3.4e+38 -3.4e+38 -3.4e+38 -3.4e+38 -3.4e+38 -3.4e+38 -3.4e+38 -3.4e+38 -3.4e+38 -3.4e+38 -3.4e+38 -3.4e+38 -3.4e+38 67.6203002929688 66.034553527832 65.121467590332 64.488166809082 63.878345489502 65.421516418457 65.5115966796875 65.7898330688477 66.7056884765625 66.1563568115234 65.4439544677734 64.4454116821289 63.5388221740723 62.7475318908691 62.0188751220703 61.7717056274414 61.355640411377 61.1076545715332 60.8464584350586 60.4375801086426 60.2640724182129 60.0114288330078 59.4547958374023 59.0558586120605 58.6483535766602 58.4346809387207 58.1718978881836 58.1233901977539 58.2193717956543 58.2983894348145 58.5433692932129 58.6878814697266 58.6840972900391 58.5770683288574 58.1082038879395 57.5037307739258 56.6311454772949 55.747917175293 54.9676628112793
-3.4e+38 -3.4e+38 -3.4e+38 -3.4e+38 -3.4e+38 -3.4e+38 -3.4e+38 -3.4e+38 -3.4e+38 -3.4e+38 -3.4e+38 -3.4e+38 -3.4e+38 -3.4e+38 66.7988357543945 64.7138366699219 63.3684768676758 63.2560348510742 62.0391693115234 63.6609573364258 63.8535461425781 64.3626861572266 66.1400909423828 67.3304824829102 66.4702987670898 65.5552978515625 64.5783233642578 63.6061248779297 62.7295188903809 62.4803848266602 62.072566986084 61.7210311889648 61.3976783752441 60.8732566833496 60.5254364013672 59.963752746582 59.482063293457 59.0785369873047 58.5659561157227 58.2792434692383 57.9225234985352 57.7126922607422 57.6519355773926 57.4942092895508 57.5269927978516 57.4861106872559 57.7014274597168 58.2003555297852 57.9589195251465 57.4713668823242 56.7779235839844 56.0147552490234 55.3088645935059
-3.4e+38 -3.4e+38 -3.4e+38 -3.4e+38 -3.4e+38 -3.4e+38 -3.4e+38 -3.4e+38 -3.4e+38 -3.4e+38 -3.4e+38 -3.4e+38 -3.4e+38 -3.4e+38 -3.4e+38 65.8649291992188 63.2792053222656 61.5863609313965 60.6182403564453 60.7772369384766 62.2845764160156 63.1375427246094 64.6581420898438 66.0837173461914 66.6484451293945 66.3773956298828 65.8846740722656 64.6769409179688 63.601676940918 63.1464881896973 63.034294128418 62.732723236084 62.3387031555176 61.6652565002441 61.3395080566406 60.744140625 60.2433547973633 59.7244987487793 59.0874176025391 58.634204864502 58.1380081176758 57.7922401428223 57.6092834472656 57.2538185119629 56.9419593811035 56.5678482055664 56.6369552612305 57.1066856384277 57.3746070861816 57.2697906494141 56.7400779724121 56.1085166931152 55.3684310913086
-3.4e+38 -3.4e+38 -3.4e+38 -3.4e+38 -3.4e+38 -3.4e+38 -3.4e+38 -3.4e+38 -3.4e+38 -3.4e+38 -3.4e+38 -3.4e+38 -3.4e+38 -3.4e+38 -3.4e+38 68.0136947631836 64.4408111572266 59.8973083496094 57.3809432983398 57.9840698242188 59.1858291625977 61.4562301635742 63.963981628418 64.1303329467773 65.8525314331055 66.5280914306641 66.065315246582 65.0254058837891 64.1019897460938 64.1367111206055 64.2243728637695 63.9874000549316 63.6194915771484 62.6546440124512 62.49609375 62.0332527160645 61.3562545776367 60.6903381347656 59.9145545959473 59.2694206237793 58.5864906311035 58.0758171081543 57.7884826660156 57.3847923278809 56.7459449768066 55.9374580383301 55.790771484375 56.224609375 56.4658164978027 56.541316986084 56.3753433227539 55.9519233703613 55.2351608276367
-3.4e+38 -3.4e+38 -3.4e+38 -3.4e+38 -3.4e+38 -3.4e+38 -3.4e+38 -3.4e+38 -3.4e+38 -3.4e+38 -3.4e+38 -3.4e+38 -3.4e+38 -3.4e+38 -3.4e+38 -3.4e+38 68.1199417114258 59.7249031066895 56.4215202331543 57.0890960693359 58.2094612121582 59.7240028381348 63.5278358459473 65.6284408569336 65.6054306030273 65.4675369262695 64.9601669311523 64.3084945678711 64.0688552856445 64.5229721069336 65.2430419921875 65.3551025390625 64.9445266723633 64.3825073242188 63.8893356323242 63.3123474121094 62.5406036376953 61.8189697265625 60.838939666748 60.0090370178223 59.2073745727539 58.5787162780762 58.1142044067383 57.5600357055664 56.9406318664551 56.1787185668945 55.84716796875 55.8484802246094 55.8785247802734 56.0778617858887 56.1278839111328 55.907787322998 55.4189071655273
-3.4e+38 -3.4e+38 -3.4e+38 -3.4e+38 -3.4e+38 -3.4e+38 -3.4e+38 -3.4e+38 -3.4e+38 -3.4e+38 -3.4e+38 -3.4e+38 -3.4e+38 -3.4e+38 -3.4e+38 -3.4e+38 65.2301177978516 60.3111000061035 55.1224327087402 57.8632011413574 57.3593978881836 57.3652610778809 60.8146018981934 60.2654571533203 65.5820770263672 63.6727561950684 62.9263153076172 63.3386535644531 63.7504615783691 64.3835754394531 65.6949691772461 66.2271194458008 65.88134765625 65.7276992797852 65.2656555175781 64.5431594848633 63.6460952758789 62.9209899902344 61.8169898986816 60.7930068969727 59.7726821899414 59.0116271972656 58.4082717895508 57.8243217468262 57.324390411377 56.7216949462891 56.2439002990723 55.8464202880859 55.4540023803711 55.8488502502441 56.0899467468262 56.0362548828125 55.6911239624023
-3.4e+38 -3.4e+38 -3.4e+38 -3.4e+38 -3.4e+38 -3.4e+38 -3.4e+38 -3.4e+38 -3.4e+38 -3.4e+38 -3.4e+38 -3.4e+38 -3.4e+38 -3.4e+38 -3.4e+38 -3.4e+38 -3.4e+38 62.344425201416 59.1476402282715 60.7516670227051 60.0409317016602 59.3786697387695 61.0354385375977 59.813720703125 61.7627868652344 62.5090866088867 61.9288139343262 60.8409194946289 61.0527801513672 62.8134078979492 64.6913681030273 65.7514724731445 66.3707733154297 66.6148147583008 66.1903228759766 65.7021636962891 64.7671813964844 63.5276298522949 62.4355773925781 61.4146385192871 60.3740997314453 59.5059089660645 58.8490104675293 58.2711219787598 57.7809677124023 57.2886848449707 56.7833671569824 56.2409744262695 55.8863830566406 56.0698051452637 56.3509216308594 56.3670768737793 56.1050224304199
-3.4e+38 -3.4e+38 -3.4e+38 -3.4e+38 -3.4e+38 -3.4e+38 -3.4e+38 -3.4e+38 -3.4e+38 -3.4e+38 -3.4e+38 -3.4e+38 -3.4e+38 -3.4e+38 -3.4e+38 -3.4e+38 -3.4e+38 65.6304702758789 62.8514747619629 63.822208404541 62.9489936828613 61.8029670715332 61.8493766784668 59.9882354736328 58.805305480957 58.2629432678223 58.5901069641113 59.1665191650391 57.889217376709 60.6301651000977 63.4006538391113 64.5856018066406 65.9115829467773 67.4140090942383 66.5555572509766 66.3544006347656 65.6085205078125 64.1028518676758 63.0402946472168 61.8711624145508 60.9268798828125 60.0421447753906 59.3044204711914 58.7427139282227 58.2369956970215 57.8405876159668 57.3441925048828 56.7258453369141 56.2774505615234 56.4882125854492 56.7807922363281 56.8569259643555 56.649715423584
-3.4e+38 -3.4e+38 -3.4e+38 -3.4e+38 -3.4e+38 -3.4e+38 -3.4e+38 -3.4e+38 -3.4e+38 -3.4e+38 -3.4e+38 -3.4e+38 -3.4e+38 -3.4e+38 -3.4e+38 -3.4e+38 -3.4e+38 -3.4e+38 68.0940170288086 66.0718383789062 64.6390838623047 64.5459365844727 63.2687454223633 60.9446334838867 58.5194473266602 55.5029373168945 55.1350784301758 55.8782730102539 56.9717597961426 60.0515975952148 62.5530776977539 63.6672172546387 64.1953125 64.4888000488281 65.9845886230469 66.918342590332 66.4957275390625 64.8672409057617 63.4007225036621 62.3352661132812 61.7437324523926 60.9140777587891 60.1112480163574 59.262939453125 58.7264213562012 58.2864532470703 57.8150062561035 57.3468284606934 57.0185813903809 57.048828125 57.2146911621094 57.0819396972656 57.0801544189453
-3.4e+38 -3.4e+38 -3.4e+38 -3.4e+38 -3.4e+38 -3.4e+38 -3.4e+38 -3.4e+38 -3.4e+38 -3.4e+38 -3.4e+38 -3.4e+38 -3.4e+38 -3.4e+38 -3.4e+38 -3.4e+38 -3.4e+38 -3.4e+38 65.2063674926758 67.8532867431641 64.5573654174805 63.9394798278809 63.7143096923828 61.7774200439453 58.4607467651367 52.723258972168 50.9291839599609 52.3154563903809 49.1322593688965 53.8866577148438 53.5668487548828 57.5295104980469 62.9119453430176 62.5637550354004 65.647216796875 67.2213516235352 66.8316955566406 65.4139175415039 63.6230583190918 62.86328125 62.5218505859375 61.8898468017578 61.0443496704102 60.1011581420898 59.5598526000977 58.9724540710449 58.4296035766602 58.046802520752 57.7219314575195 57.4848213195801 57.1158180236816 56.9576301574707 57.1194839477539
-3.4e+38 -3.4e+38 -3.4e+38 -3.4e+38 -3.4e+38 -3.4e+38 -3.4e+38 -3.4e+38 -3.4e+38 -3.4e+38 -3.4e+38 -3.4e+38 -3.4e+38 -3.4e+38 -3.4e+38 -3.4e+38 -3.4e+38 -3.4e+38 49.1038970947266 69.9538879394531 68.1544418334961 67.1068649291992 64.7729339599609 62.4845809936523 61.0040321350098 57.226879119873 54.666633605957 54.5271072387695 54.0170669555664 55.0806465148926 55.4048500061035 58.4101142883301 60.1335487365723 62.3571624755859 65.781379699707 66.625358581543 65.9680786132812 65.2195129394531 64.2508773803711 63.4520874023438 63.1679954528809 62.6269454956055 62.1216583251953 61.3201293945312 60.8178558349609 60.0883865356445 59.4925079345703 59.0317840576172 58.3072967529297 57.6628112792969 57.1150588989258 56.9077110290527 57.1767921447754
-3.4e+38 -3.4e+38 -3.4e+38 -3.4e+38 -3.4e+38 -3.4e+38 -3.4e+38 -3.4e+38 -3.4e+38 -3.4e+38 -3.4e+38 -3.4e+38 -3.4e+38 -3.4e+38 -3.4e+38 -3.4e+38 -3.4e+38 -3.4e+38 -3.4e+38 56.4759521484375 72.1707534790039 70.3308486938477 67.2951202392578 64.0904006958008 62.2859039306641 59.8083381652832 58.472770690918 57.5832138061523 56.3040618896484 58.0954360961914 57.4616241455078 60.3520278930664 60.8111419677734 60.7845726013184 64.0363845825195 65.9686508178711 65.4823608398438 64.8359527587891 64.349739074707 63.6078338623047 62.8742752075195 62.0968627929688 61.6426811218262 61.0659294128418 60.7141799926758 60.4548988342285 59.9822807312012 59.4408531188965 58.760196685791 58.1067810058594 57.4281539916992 57.1157875061035 57.3593673706055
-3.4e+38 -3.4e+38 -3.4e+38 -3.4e+38 -3.4e+38 -3.4e+38 -3.4e+38 -3.4e+38 -3.4e+38 -3.4e+38 -3.4e+38 -3.4e+38 -3.4e+38 -3.4e+38 -3.4e+38 -3.4e+38 -3.4e+38 -3.4e+38 -3.4e+38 -3.4e+38 55.8462448120117 69.9587860107422 72.4981842041016 70.4335861206055 67.054931640625 64.4476699829102 63.027458190918 62.1927070617676 62.51123046875 63.1659698486328 63.8291053771973 64.2106399536133 61.6775283813477 60.7594451904297 61.8814315795898 62.5088310241699 63.4780349731445 64.1727752685547 63.9319915771484 63.6061706542969 63.1191215515137 62.589485168457 61.8752632141113 61.3404960632324 61.0929718017578 60.7677383422852 60.3409004211426 59.9778709411621 59.4419441223145 58.9021492004395 58.4264106750488 57.9856224060059 57.6137084960938
-3.4e+38 -3.4e+38 -3.4e+38 -3.4e+38 -3.4e+38 -3.4e+38 -3.4e+38 -3.4e+38 -3.4e+38 -3.4e+38 -3.4e+38 -3.4e+38 -3.4e+38 -3.4e+38 -3.4e+38 -3.4e+38 -3.4e+38 -3.4e+38 -3.4e+38 -3.4e+38 -3.4e+38 -3.4e+38 70.6470642089844 76.2553787231445 71.8581924438477 68.56982421875 67.031379699707 65.6968002319336 63.4210395812988 63.6001243591309 65.0804214477539 65.5714340209961 63.2256050109863 61.1719551086426 61.2077713012695 59.7484550476074 60.1813545227051 62.9011116027832 63.590747833252 63.4395599365234 63.3099708557129 62.9503211975098 62.4364967346191 61.8180656433105 61.5159378051758 61.1875953674316 60.7800979614258 60.478946685791 60.0472259521484 59.5482902526855 59.1720657348633 58.6554527282715 57.986198425293
-3.4e+38 -3.4e+38 -3.4e+38 -3.4e+38 -3.4e+38 -3.4e+38 -3.4e+38 -3.4e+38 -3.4e+38 -3.4e+38 -3.4e+38 -3.4e+38 -3.4e+38 -3.4e+38 -3.4e+38 -3.4e+38 -3.4e+38 -3.4e+38 -3.4e+38 -3.4e+38 -3.4e+38 -3.4e+38 -3.4e+38 -3.4e+38 69.5359954833984 72.718879699707 71.0535202026367 68.8798446655273 65.7663116455078 64.6858367919922 63.8383102416992 64.1247329711914 65.1224822998047 64.3230819702148 62.0850257873535 60.4729499816895 59.7245407104492 60.4786911010742 61.981258392334 62.9219818115234 63.223705291748 63.2316284179688 63.0485229492188 62.5929336547852 61.9905395507812 61.6342353820801 61.2034378051758 60.7615737915039 60.4316024780273 59.8874244689941 59.4184265136719 58.9282302856445 58.4126129150391
-3.4e+38 -3.4e+38 -3.4e+38 -3.4e+38 -3.4e+38 -3.4e+38 -3.4e+38 -3.4e+38 -3.4e+38 -3.4e+38 -3.4e+38 -3.4e+38 -3.4e+38 -3.4e+38 -3.4e+38 -3.4e+38 -3.4e+38 -3.4e+38 -3.4e+38 -3.4e+38 -3.4e+38 -3.4e+38 -3.4e+38 -3.4e+38 -3.4e+38 -3.4e+38 67.6692047119141 68.9336471557617 68.4075088500977 68.0054244995117 66.0351104736328 65.1102294921875 65.0055541992188 64.8047027587891 63.1571083068848 60.5627136230469 59.8916969299316 59.1468315124512 59.6158981323242 61.2939605712891 62.5429191589355 62.9376220703125 62.6788749694824 62.2072105407715 61.5873985290527 61.1083145141602 60.875919342041 60.9288444519043 60.564525604248 59.9693756103516 59.5928153991699 59.1825942993164 58.6808853149414
-3.4e+38 -3.4e+38 -3.4e+38 -3.4e+38 -3.4e+38 -3.4e+38 -3.4e+38 -3.4e+38 -3.4e+38 -3.4e+38 -3.4e+38 -3.4e+38 -3.4e+38 -3.4e+38 -3.4e+38 -3.4e+38 -3.4e+38 -3.4e+38 -3.4e+38 -3.4e+38 -3.4e+38 -3.4e+38 -3.4e+38 -3.4e+38 -3.4e+38 -3.4e+38 -3.4e+38 -3.4e+38 73.1201171875 71.6121063232422 67.5396118164062 66.2348175048828 65.0928192138672 63.1636657714844 62.6870269775391 61.7530937194824 60.3652877807617 59.2758750915527 56.9866676330566 58.9066505432129 59.4641532897949 60.5857467651367 61.6711883544922 61.4052047729492 61.0411109924316 60.3976173400879 60.0278930664062 60.0041236877441 60.0211601257324 60.0982780456543 59.7344818115234 59.3947868347168 58.9814186096191
-3.4e+38 -3.4e+38 -3.4e+38 -3.4e+38 -3.4e+38 -3.4e+38 -3.4e+38 -3.4e+38 -3.4e+38 -3.4e+38 -3.4e+38 -3.4e+38 -3.4e+38 -3.4e+38 -3.4e+38 -3.4e+38 -3.4e+38 -3.4e+38 -3.4e+38 -3.4e+38 -3.4e+38 -3.4e+38 -3.4e+38 -3.4e+38 -3.4e+38 -3.4e+38 -3.4e+38 -3.4e+38 69.1771774291992 72.8396453857422 69.8266372680664 67.5852584838867 66.4329071044922 64.2216796875 63.0651588439941 62.3334655761719 61.4063835144043 60.7113151550293 59.4538421630859 58.9642486572266 57.9195556640625 59.1563301086426 61.2932243347168 61.1113929748535 60.6454925537109 59.3396759033203 58.8729209899902 59.0699882507324 59.1404113769531 59.421703338623 59.4690742492676 59.506778717041 59.1591186523438
-3.4e+38 -3.4e+38 -3.4e+38 -3.4e+38 -3.4e+38 -3.4e+38 -3.4e+38 -3.4e+38 -3.4e+38 -3.4e+38 -3.4e+38 -3.4e+38 -3.4e+38 -3.4e+38 -3.4e+38 -3.4e+38 -3.4e+38 -3.4e+38 -3.4e+38 -3.4e+38 -3.4e+38 -3.4e+38 -3.4e+38 -3.4e+38 -3.4e+38 -3.4e+38 -3.4e+38 -3.4e+38 -3.4e+38 -3.4e+38 72.3820114135742 70.2665100097656 67.786979675293 65.859733581543 63.3966255187988 62.4833602905273 61.8756828308105 62.034912109375 62.7514152526855 61.7515296936035 59.516357421875 59.1380996704102 60.496036529541 61.305606842041 60.103443145752 57.9318161010742 57.3067436218262 58.2051773071289 58.573112487793 58.8084831237793 59.3128967285156 59.4881286621094 59.1635055541992
-3.4e+38 -3.4e+38 -3.4e+38 -3.4e+38 -3.4e+38 -3.4e+38 -3.4e+38 -3.4e+38 -3.4e+38 -3.4e+38 -3.4e+38 -3.4e+38 -3.4e+38 -3.4e+38 -3.4e+38 -3.4e+38 -3.4e+38 -3.4e+38 -3.4e+38 -3.4e+38 -3.4e+38 -3.4e+38 -3.4e+38 -3.4e+38 -3.4e+38 -3.4e+38 -3.4e+38 -3.4e+38 -3.4e+38 -3.4e+38 71.4457473754883 73.2409973144531 68.6183319091797 65.1784286499023 62.3523750305176 60.9795150756836 60.5663032531738 61.2074279785156 62.327278137207 62.806526184082 62.497501373291 60.9484481811523 60.0578422546387 59.5290222167969 59.6084136962891 59.4354286193848 58.6700325012207 58.2519798278809 57.9115867614746 58.2334518432617 58.703426361084 59.0397338867188 59.179744720459
-3.4e+38 -3.4e+38 -3.4e+38 -3.4e+38 -3.4e+38 -3.4e+38 -3.4e+38 -3.4e+38 -3.4e+38 -3.4e+38 -3.4e+38 -3.4e+38 -3.4e+38 -3.4e+38 -3.4e+38 -3.4e+38 -3.4e+38 -3.4e+38 -3.4e+38 -3.4e+38 -3.4e+38 -3.4e+38 -3.4e+38 -3.4e+38 -3.4e+38 -3.4e+38 -3.4e+38 -3.4e+38 -3.4e+38 -3.4e+38 -3.4e+38 74.0066909790039 68.858642578125 63.1624031066895 60.1939392089844 57.6944427490234 57.3736305236816 59.3729820251465 60.7285423278809 62.5725708007812 64.2313385009766 62.7960472106934 60.0844802856445 57.9306106567383 58.9488716125488 60.0625 60.2792282104492 59.164192199707 57.063777923584 57.5431632995605 57.9592437744141 58.4224166870117 59.1681823730469
