meets/meet004/selection/CCSM_6k_am_bio16.asc
NCOLS 154 
NROWS 168 
XLLCORNER -112 
YLLCORNER -55.5 
CELLSIZE 0.5 
NODATA_value -3.4e+38 
[rows 48 to 71 of 168, columns 53 to 105 of 154]
-3.4e+38 -3.4e+38 -3.4e+38 -3.4e+38 -3.4e+38 -3.4e+38 -3.4e+38 -3.4e+38 -3.4e+38 -3.4e+38 -3.4e+38 -3.4e+38 -3.4e+38 -3.4e+38 -3.4e+38 -3.4e+38 2128.36303710938 2014.44299316406 1841.73327636719 1545.74304199219 1214.42504882812 970.707397460938 813.618957519531 827.224487304688 938.466491699219 1073.779296875 1178.44250488281 1281.93981933594 1352.49475097656 1425.59130859375 1513.96020507812 1593.33276367188 1691.4951171875 1765.33947753906 1757.04089355469 1715.85571289062 1600.45031738281 1420.82995605469 1248.48352050781 1114.634765625 948.285400390625 876.207641601562 839.638427734375 803.120361328125 794.556457519531 773.687194824219 761.933410644531 751.737060546875 734.336730957031 743.543395996094 742.929931640625 752.933410644531 749.37646484375
-3.4e+38 -3.4e+38 -3.4e+38 -3.4e+38 -3.4e+38 -3.4e+38 -3.4e+38 -3.4e+38 -3.4e+38 -3.4e+38 -3.4e+38 -3.4e+38 -3.4e+38 -3.4e+38 -3.4e+38 -3.4e+38 1922.63793945312 1815.7255859375 1629.60766601562 1364.52978515625 1082.32971191406 887.1630859375 766.121704101562 798.959045410156 884.380859375 987.819763183594 1057.60595703125 1131.0361328125 1204.39489746094 1265.58337402344 1337.60119628906 1399.76403808594 1472.71215820312 1525.86694335938 1529.31225585938 1506.43591308594 1423.92858886719 1291.95568847656 1151.41259765625 1034.30029296875 921.635009765625 876.680786132812 849.3955078125 821.870544433594 821.290466308594 811.139099121094 801.949584960938 784.222290039062 767.944396972656 763.177307128906 753.960266113281 759.681335449219 758.056396484375
-3.4e+38 -3.4e+38 -3.4e+38 -3.4e+38 -3.4e+38 -3.4e+38 -3.4e+38 -3.4e+38 -3.4e+38 -3.4e+38 -3.4e+38 -3.4e+38 -3.4e+38 -3.4e+38 -3.4e+38 -3.4e+38 1712.80090332031 1582.66003417969 1417.50720214844 1185.86303710938 946.183898925781 803.917785644531 700.631164550781 746.926818847656 802.488037109375 893.333129882812 939.263000488281 1002.66979980469 1053.86828613281 1079.00415039062 1148.94702148438 1186.21020507812 1240.66857910156 1287.62084960938 1298.3994140625 1271.66589355469 1219.83825683594 1097.35754394531 1015.47924804688 924.672729492188 865.202270507812 845.807373046875 826.410400390625 821.03759765625 824.699462890625 829.540100097656 824.086669921875 797.911682128906 783.396179199219 766.100219726562 752.315185546875 744.872924804688 738.628967285156
-3.4e+38 -3.4e+38 -3.4e+38 -3.4e+38 -3.4e+38 -3.4e+38 -3.4e+38 -3.4e+38 -3.4e+38 -3.4e+38 -3.4e+38 -3.4e+38 -3.4e+38 -3.4e+38 -3.4e+38 -3.4e+38 1448.49536132812 1327.57702636719 1168.59729003906 1003.65124511719 844.162109375 734.073059082031 661.678405761719 708.630310058594 759.173034667969 809.649963378906 847.313659667969 892.902404785156 937.020874023438 959.834350585938 1003.62335205078 1031.31628417969 1057.01049804688 1091.38647460938 1099.04699707031 1077.84875488281 1032.94421386719 966.381225585938 905.377807617188 851.24365234375 817.581115722656 806.515869140625 811.287963867188 809.368103027344 823.131042480469 824.054077148438 820.960815429688 809.488342285156 791.932373046875 777.898864746094 754.141174316406 743.547058105469 726.039306640625
-3.4e+38 -3.4e+38 -3.4e+38 -3.4e+38 -3.4e+38 -3.4e+38 -3.4e+38 -3.4e+38 -3.4e+38 -3.4e+38 -3.4e+38 -3.4e+38 -3.4e+38 -3.4e+38 1272.46142578125 1270.13061523438 1189.52209472656 1050.85729980469 941.284118652344 832.070983886719 727.895812988281 666.402404785156 665.511596679688 684.448303222656 723.06396484375 771.606628417969 810.558166503906 858.993591308594 898.242553710938 936.692077636719 979.693725585938 1013.49139404297 1056.49975585938 1085.408203125 1075.82751464844 1054.58349609375 1012.35382080078 939.144287109375 874.157836914062 798.01318359375 750.001037597656 757.979187011719 772.006591796875 785.10986328125 796.951538085938 801.238464355469 796.810363769531 789.877990722656 776.719848632812 759.396728515625 736.131164550781 718.20361328125 685.41845703125
-3.4e+38 -3.4e+38 -3.4e+38 -3.4e+38 -3.4e+38 -3.4e+38 -3.4e+38 -3.4e+38 -3.4e+38 -3.4e+38 -3.4e+38 -3.4e+38 -3.4e+38 1164.21716308594 1142.611328125 1060.68774414062 958.226013183594 865.116394042969 769.152526855469 698.783081054688 666.469360351562 687.325744628906 708.35888671875 731.699951171875 769.329833984375 802.224670410156 837.236755371094 878.512939453125 918.361022949219 956.29638671875 991.137634277344 1019.95843505859 1043.84265136719 1060.63562011719 1046.28881835938 1017.74401855469 973.655456542969 913.696960449219 852.440368652344 785.339660644531 733.914184570312 717.351013183594 736.625244140625 753.486022949219 762.566833496094 768.053283691406 765.031494140625 760.070983886719 743.233825683594 725.489013671875 701.957275390625 683.679260253906 656.978454589844
-3.4e+38 -3.4e+38 -3.4e+38 -3.4e+38 -3.4e+38 -3.4e+38 -3.4e+38 -3.4e+38 -3.4e+38 -3.4e+38 -3.4e+38 -3.4e+38 -3.4e+38 1071.99072265625 979.158142089844 876.243041992188 770.464660644531 679.554809570312 635.105041503906 651.496276855469 689.33740234375 714.932678222656 751.24853515625 774.664123535156 797.097106933594 824.995056152344 851.558837890625 889.712829589844 927.25927734375 951.635681152344 982.761169433594 1001.20916748047 1014.09387207031 1028.99182128906 999.173278808594 974.31494140625 936.396606445312 877.141845703125 832.48876953125 795.49072265625 754.413757324219 730.871459960938 709.304748535156 705.063232421875 709.298156738281 717.872253417969 712.350646972656 696.932556152344 690.698608398438 671.447692871094 648.689208984375 631.454223632812 629.67724609375
-3.4e+38 -3.4e+38 -3.4e+38 -3.4e+38 -3.4e+38 -3.4e+38 -3.4e+38 -3.4e+38 -3.4e+38 -3.4e+38 -3.4e+38 855.963684082031 921.631469726562 932.833923339844 847.040771484375 729.18310546875 629.841369628906 581.710998535156 619.36669921875 660.450561523438 696.747436523438 730.426452636719 768.430969238281 802.365966796875 822.319213867188 838.097473144531 859.905090332031 893.061279296875 923.214050292969 946.272705078125 959.234497070312 974.037231445312 984.215942382812 984.980346679688 963.955383300781 933.236389160156 896.131591796875 859.885070800781 833.079162597656 808.323852539062 787.542114257812 768.66259765625 756.568237304688 751.807556152344 744.743286132812 744.127014160156 737.158020019531 725.231262207031 716.556518554688 696.790893554688 696.56298828125 702.107360839844 697.148559570312
-3.4e+38 -3.4e+38 -3.4e+38 -3.4e+38 -3.4e+38 -3.4e+38 -3.4e+38 -3.4e+38 -3.4e+38 -3.4e+38 -3.4e+38 817.855163574219 842.933715820312 810.069213867188 711.484252929688 606.494445800781 536.336303710938 560.636535644531 613.54541015625 654.254821777344 696.484497070312 725.025085449219 767.226806640625 808.490905761719 824.411865234375 840.41845703125 853.901184082031 880.679748535156 904.179870605469 917.483459472656 931.223876953125 936.493469238281 938.05029296875 933.923461914062 914.951416015625 893.746337890625 866.887573242188 840.467651367188 834.831665039062 823.311401367188 809.099060058594 805.473266601562 805.058044433594 808.950378417969 812.081604003906 814.316223144531 813.703552246094 808.872131347656 799.329772949219 778.396789550781 762.971740722656 767.926086425781 767.127136230469
-3.4e+38 -3.4e+38 -3.4e+38 -3.4e+38 -3.4e+38 -3.4e+38 -3.4e+38 -3.4e+38 -3.4e+38 -3.4e+38 813.835266113281 803.4853515625 785.911315917969 717.96484375 622.306701660156 519.651550292969 474.590270996094 540.936828613281 609.40576171875 646.500183105469 683.263916015625 711.433410644531 759.011535644531 798.227355957031 812.435913085938 827.555236816406 838.536804199219 859.531188964844 879.585815429688 887.333129882812 891.141174316406 894.134460449219 893.712524414062 888.867614746094 875.535522460938 856.889221191406 833.391723632812 827.3203125 829.857971191406 828.17578125 827.644714355469 828.564819335938 839.002380371094 848.404541015625 859.0361328125 868.703796386719 871.984375 866.305236816406 857.414489746094 834.029724121094 821.917114257812 826.587463378906 820.085327148438
-3.4e+38 -3.4e+38 -3.4e+38 -3.4e+38 -3.4e+38 -3.4e+38 -3.4e+38 -3.4e+38 -3.4e+38 -3.4e+38 834.491271972656 771.009460449219 707.478576660156 626.148010253906 536.456726074219 455.376831054688 459.360443115234 528.499694824219 596.125427246094 636.824340820312 669.999145507812 696.172119140625 736.9677734375 774.291809082031 793.933166503906 807.669311523438 815.114379882812 829.0498046875 844.713134765625 849.87158203125 853.40625 850.420715332031 843.505920410156 838.278137207031 828.668029785156 819.232421875 808.0966796875 804.316955566406 814.569946289062 823.895690917969 830.732849121094 841.273742675781 859.565673828125 873.258972167969 889.285217285156 898.683654785156 904.635925292969 904.612670898438 892.27587890625 868.494689941406 867.287963867188 868.846740722656 863.931640625
-3.4e+38 -3.4e+38 -3.4e+38 -3.4e+38 -3.4e+38 -3.4e+38 -3.4e+38 -3.4e+38 -3.4e+38 842.664306640625 832.204406738281 755.111206054688 645.310852050781 560.001403808594 486.470367431641 422.641021728516 450.322509765625 520.419494628906 591.811645507812 622.759643554688 650.312072753906 676.289978027344 715.280822753906 751.373718261719 766.07568359375 777.409606933594 784.053161621094 799.897827148438 811.985656738281 814.786865234375 811.706176757812 807.144653320312 805.500854492188 797.045227050781 792.897338867188 784.810363769531 777.296081542969 781.614807128906 789.794860839844 807.817993164062 825.098754882812 840.006530761719 860.824096679688 880.434997558594 895.734985351562 907.786071777344 914.68359375 912.3740234375 901.185241699219 894.724365234375 896.280090332031 896.962951660156 885.753234863281
-3.4e+38 -3.4e+38 -3.4e+38 -3.4e+38 -3.4e+38 -3.4e+38 -3.4e+38 -3.4e+38 -3.4e+38 860.42626953125 831.943237304688 745.732849121094 620.941589355469 506.077026367188 439.957000732422 409.491333007812 449.192199707031 513.348327636719 574.831298828125 613.375244140625 638.032409667969 656.818176269531 687.143371582031 714.51806640625 730.75537109375 741.672241210938 747.560180664062 758.622863769531 769.254638671875 771.381103515625 769.867004394531 765.373657226562 762.108520507812 758.524108886719 755.42431640625 752.943725585938 752.192993164062 759.22802734375 765.787048339844 784.446044921875 806.128601074219 825.943969726562 848.447631835938 869.520568847656 887.360229492188 899.175598144531 906.831848144531 904.826904296875 896.216369628906 901.119750976562 902.690490722656 900.892639160156 889.410583496094
-3.4e+38 -3.4e+38 -3.4e+38 -3.4e+38 -3.4e+38 -3.4e+38 -3.4e+38 -3.4e+38 -3.4e+38 872.295288085938 837.685424804688 747.966186523438 622.319396972656 506.147979736328 441.309722900391 409.946411132812 444.997955322266 508.196136474609 569.0966796875 596.435668945312 620.660095214844 637.942260742188 663.568237304688 685.315002441406 699.517700195312 715.28662109375 729.923828125 747.231323242188 760.191345214844 750.197448730469 732.677429199219 729.65478515625 732.125183105469 727.800598144531 729.801574707031 728.503845214844 730.658874511719 743.280456542969 748.862609863281 763.982360839844 778.704895019531 800.008911132812 825.752746582031 845.707458496094 865.07421875 875.589416503906 882.683471679688 882.190856933594 888.2421875 892.255981445312 889.749694824219 886.618713378906 877.427062988281
-3.4e+38 -3.4e+38 -3.4e+38 -3.4e+38 -3.4e+38 -3.4e+38 -3.4e+38 -3.4e+38 -3.4e+38 -3.4e+38 836.573547363281 745.017700195312 621.107482910156 514.701049804688 452.269561767578 428.968475341797 450.109130859375 505.1494140625 561.17236328125 590.507385253906 608.854675292969 629.5234375 658.632934570312 687.672668457031 706.541015625 721.124084472656 732.729370117188 742.540161132812 745.620361328125 734.5224609375 713.880859375 695.442626953125 697.593505859375 699.004699707031 701.841369628906 705.825134277344 710.311462402344 720.880798339844 732.813171386719 748.028198242188 764.478149414062 779.4658203125 797.2783203125 817.89697265625 834.803344726562 846.870239257812 853.241088867188 859.843078613281 866.924072265625 867.051452636719 866.9296875 863.83447265625 854.101501464844
-3.4e+38 -3.4e+38 -3.4e+38 -3.4e+38 -3.4e+38 -3.4e+38 -3.4e+38 -3.4e+38 -3.4e+38 -3.4e+38 -3.4e+38 740.48193359375 611.053466796875 507.265106201172 460.027893066406 443.382446289062 463.978576660156 513.216735839844 565.308715820312 593.161010742188 616.792846679688 637.009582519531 660.245849609375 685.541259765625 699.383605957031 714.951232910156 723.894165039062 727.669128417969 726.686157226562 711.71923828125 691.058349609375 666.604064941406 671.697814941406 673.657287597656 680.025939941406 686.223693847656 692.791748046875 705.724426269531 718.073669433594 733.038757324219 749.260681152344 764.922546386719 782.819396972656 798.198425292969 810.681762695312 822.007080078125 831.189514160156 838.311157226562 841.071166992188 843.786987304688 842.336791992188 850.150085449219 848.587768554688
-3.4e+38 -3.4e+38 -3.4e+38 -3.4e+38 -3.4e+38 -3.4e+38 -3.4e+38 -3.4e+38 -3.4e+38 836.193542480469 782.603332519531 691.524047851562 582.736083984375 499.346923828125 460.667236328125 459.103637695312 480.463745117188 515.991882324219 555.836791992188 586.6435546875 612.841735839844 632.675659179688 649.146606445312 666.046081542969 681.355224609375 695.572448730469 703.040710449219 703.413879394531 698.1513671875 685.191223144531 667.167358398438 646.135192871094 641.506042480469 647.619079589844 655.202880859375 663.685852050781 671.346740722656 683.321472167969 696.555908203125 711.155151367188 727.636535644531 741.809631347656 756.773986816406 771.735778808594 782.892639160156 793.939086914062 811.65576171875 837.552917480469 861.295532226562 876.040344238281 887.918395996094 893.237854003906 891.194763183594
-3.4e+38 -3.4e+38 -3.4e+38 -3.4e+38 -3.4e+38 -3.4e+38 -3.4e+38 -3.4e+38 837.339294433594 791.974731445312 722.685302734375 636.025695800781 541.0556640625 465.606628417969 451.155303955078 464.572296142578 486.268798828125 511.778625488281 543.729431152344 571.186706542969 599.318420410156 617.990234375 630.395935058594 640.535949707031 655.225036621094 669.988647460938 676.43994140625 676.17578125 669.821960449219 657.899963378906 643.083129882812 626.540893554688 615.638244628906 620.978698730469 629.677551269531 638.622741699219 647.302062988281 662.107727050781 672.824157714844 686.676574707031 702.362609863281 715.599487304688 732.714477539062 755.669738769531 785.411926269531 820.802001953125 848.871765136719 873.30078125 897.407409667969 905.616882324219 915.3359375 918.977172851562 916.703918457031
-3.4e+38 -3.4e+38 -3.4e+38 -3.4e+38 -3.4e+38 -3.4e+38 -3.4e+38 -3.4e+38 770.609985351562 735.17919921875 664.673278808594 581.357299804688 499.250701904297 442.701477050781 430.471374511719 446.8681640625 470.151062011719 493.609191894531 517.574279785156 544.573425292969 570.592834472656 588.551208496094 600.854064941406 612.357360839844 625.651672363281 637.63671875 643.878601074219 644.395080566406 640.201843261719 631.404113769531 620.103210449219 607.718627929688 596.810974121094 595.957397460938 605.9814453125 616.275146484375 624.928527832031 636.779479980469 649.133544921875 662.853271484375 677.520568847656 700.862060546875 734.722290039062 770.781066894531 802.767028808594 835.821472167969 863.024658203125 884.734130859375 904.5576171875 914.878173828125 922.963745117188 926.50537109375 925.035522460938
-3.4e+38 -3.4e+38 -3.4e+38 -3.4e+38 -3.4e+38 -3.4e+38 -3.4e+38 -3.4e+38 -3.4e+38 670.176879882812 608.606384277344 536.713806152344 462.858825683594 405.4267578125 408.974700927734 427.265197753906 452.182037353516 477.889434814453 493.071472167969 519.040161132812 539.425842285156 554.731994628906 569.351989746094 582.476989746094 594.557434082031 604.615173339844 610.016479492188 612.643310546875 612.045715332031 605.172790527344 597.008483886719 588.922973632812 582.966796875 579.845153808594 579.479553222656 590.683898925781 599.187255859375 610.326416015625 626.173583984375 648.382690429688 677.307922363281 706.872314453125 739.654479980469 776.137451171875 804.283142089844 836.429504394531 861.574523925781 881.716064453125 902.560974121094 909.525939941406 918.343139648438 922.772766113281 923.429565429688
-3.4e+38 -3.4e+38 -3.4e+38 -3.4e+38 -3.4e+38 -3.4e+38 -3.4e+38 -3.4e+38 -3.4e+38 601.495361328125 563.124572753906 509.311645507812 450.749633789062 405.111297607422 406.693542480469 419.048980712891 444.541748046875 474.67041015625 497.656646728516 504.072692871094 505.544891357422 517.60693359375 540.565368652344 559.554565429688 568.68896484375 572.109008789062 576.198425292969 582.764831542969 585.928283691406 581.945129394531 575.415588378906 570.458984375 569.760925292969 571.492309570312 573.859375 580.098388671875 590.234191894531 605.805786132812 626.183532714844 648.156433105469 674.477111816406 702.492248535156 732.559936523438 764.245910644531 792.4404296875 820.717041015625 844.235900878906 863.428344726562 880.709716796875 891.462707519531 900.935852050781 907.355773925781 911.84033203125
-3.4e+38 -3.4e+38 -3.4e+38 -3.4e+38 -3.4e+38 -3.4e+38 -3.4e+38 -3.4e+38 -3.4e+38 535.340698242188 536.060546875 508.663452148438 462.579193115234 413.555725097656 431.110168457031 446.030456542969 447.303802490234 473.728210449219 500.815277099609 489.931091308594 476.8515625 485.349822998047 515.04248046875 540.32861328125 543.638549804688 541.856689453125 544.043334960938 553.290771484375 561.750732421875 557.601440429688 553.220153808594 551.090209960938 553.962280273438 560.335693359375 563.568542480469 571.553161621094 582.808654785156 599.264587402344 620.437683105469 640.208435058594 665.276611328125 690.669189453125 717.949462890625 747.535278320312 771.593933105469 798.298400878906 819.695983886719 837.314025878906 855.156311035156 865.645568847656 877.888916015625 887.0537109375 894.903564453125
-3.4e+38 -3.4e+38 -3.4e+38 -3.4e+38 -3.4e+38 -3.4e+38 -3.4e+38 -3.4e+38 -3.4e+38 -3.4e+38 -3.4e+38 548.444396972656 503.503540039062 457.414520263672 450.886474609375 465.390930175781 465.078857421875 469.954620361328 484.179168701172 476.178314208984 460.213104248047 467.224365234375 497.421112060547 521.997863769531 524.426452636719 516.70166015625 517.0400390625 528.185791015625 536.745910644531 536.321228027344 532.235900878906 531.738342285156 537.714050292969 545.022033691406 550.817504882812 558.415466308594 570.259948730469 587.624084472656 607.996154785156 627.943176269531 650.245910644531 673.957153320312 698.997009277344 724.966430664062 748.458190917969 771.007141113281 791.237365722656 809.350769042969 825.794128417969 839.523254394531 852.342529296875 864.273864746094 877.064025878906
-3.4e+38 -3.4e+38 -3.4e+38 -3.4e+38 -3.4e+38 -3.4e+38 -3.4e+38 -3.4e+38 -3.4e+38 -3.4e+38 -3.4e+38 571.553039550781 554.568237304688 522.729675292969 499.796447753906 488.706024169922 486.694427490234 478.831176757812 486.484191894531 476.029449462891 456.532073974609 459.902465820312 489.165496826172 512.195556640625 509.667755126953 498.177947998047 496.528076171875 507.752868652344 517.361267089844 516.652404785156 513.385131835938 513.8818359375 520.700561523438 529.368896484375 535.138488769531 543.109680175781 554.78564453125 571.841979980469 592.03076171875 609.989501953125 631.497985839844 653.180236816406 676.132385253906 700.79833984375 721.153930664062 743.127380371094 762.326416015625 780.121520996094 797.719909667969 812.092956542969 827.777526855469 842.747375488281 859.145935058594
