meets/meet004/selection/CCSM_6k_am_bio03.asc
NCOLS 154 
NROWS 168 
XLLCORNER -112 
YLLCORNER -55.5 
CELLSIZE 0.5 
NODATA_value -3.4e+38 
[rows 48 to 71 of 168, columns 53 to 105 of 154]
-3.4e+38 -3.4e+38 -3.4e+38 -3.4e+38 -3.4e+38 -3.4e+38 -3.4e+38 -3.4e+38 -3.4e+38 -3.4e+38 -3.4e+38 -3.4e+38 -3.4e+38 -3.4e+38 -3.4e+38 -3.4e+38 62.0849952697754 69.9253845214844 71.5486831665039 70.9576110839844 69.062873840332 66.1867370605469 63.1447486877441 61.2425994873047 61.6737060546875 63.2651062011719 64.7829971313477 63.1042022705078 61.324047088623 61.6250877380371 61.7867240905762 62.6431846618652 64.1864471435547 65.3238525390625 66.4500503540039 66.7939147949219 67.0106811523438 67.5575637817383 67.4458541870117 67.8996429443359 67.1238632202148 66.9981231689453 66.8551788330078 65.3173751831055 67.974365234375 68.0321807861328 68.4050979614258 70.3676986694336 68.5494995117188 66.6795959472656 63.926700592041 62.4006500244141 63.1416625976562
-3.4e+38 -3.4e+38 -3.4e+38 -3.4e+38 -3.4e+38 -3.4e+38 -3.4e+38 -3.4e+38 -3.4e+38 -3.4e+38 -3.4e+38 -3.4e+38 -3.4e+38 -3.4e+38 -3.4e+38 -3.4e+38 64.4498062133789 70.0109100341797 70.7705001831055 70.3896102905273 68.619499206543 65.6061248779297 62.9538650512695 61.846076965332 62.8600044250488 64.9797592163086 66.3522262573242 65.5800399780273 65.2300643920898 66.0203857421875 67.3232955932617 67.2907485961914 67.1474151611328 66.5131378173828 66.5245132446289 66.4417190551758 67.0750961303711 67.8551177978516 67.7610931396484 69.0348281860352 69.3733978271484 69.8623504638672 70.1592712402344 70.8446197509766 71.0303039550781 71.2257995605469 71.884391784668 72.4020309448242 71.8428497314453 69.520378112793 67.2735366821289 65.0392837524414 63.5044174194336
-3.4e+38 -3.4e+38 -3.4e+38 -3.4e+38 -3.4e+38 -3.4e+38 -3.4e+38 -3.4e+38 -3.4e+38 -3.4e+38 -3.4e+38 -3.4e+38 -3.4e+38 -3.4e+38 -3.4e+38 -3.4e+38 65.0953369140625 69.0522994995117 69.8553466796875 69.7407684326172 67.3827056884766 65.059814453125 63.1916275024414 61.763500213623 63.8529434204102 66.4198379516602 67.2646636962891 66.0877304077148 64.8229522705078 65.4520874023438 65.3666839599609 65.5232696533203 66.1134262084961 66.2759246826172 66.3289413452148 66.4318008422852 67.2421188354492 67.3680801391602 65.2778930664062 66.6455078125 67.8451766967773 69.1787109375 69.6250228881836 70.3243865966797 70.2385330200195 70.7910079956055 72.3023452758789 74.0096664428711 74.5716781616211 71.7627716064453 69.5209045410156 66.6975402832031 63.5455436706543
-3.4e+38 -3.4e+38 -3.4e+38 -3.4e+38 -3.4e+38 -3.4e+38 -3.4e+38 -3.4e+38 -3.4e+38 -3.4e+38 -3.4e+38 -3.4e+38 -3.4e+38 -3.4e+38 -3.4e+38 -3.4e+38 69.0819549560547 70.3861618041992 70.5642471313477 68.4649963378906 66.3516387939453 64.9309768676758 64.0830764770508 63.8506813049316 64.9392242431641 66.1690979003906 66.5416793823242 65.9905395507812 65.1144638061523 65.1881408691406 65.3025207519531 65.4270706176758 65.6670608520508 65.7045288085938 65.8482131958008 66.2998275756836 67.3198471069336 68.0850982666016 66.9811782836914 66.7133865356445 67.2660827636719 68.1111145019531 68.9794998168945 69.3222274780273 69.6834411621094 70.5027008056641 71.7488708496094 73.8477020263672 73.6458892822266 71.2827682495117 68.7854156494141 65.774543762207 62.4552116394043
-3.4e+38 -3.4e+38 -3.4e+38 -3.4e+38 -3.4e+38 -3.4e+38 -3.4e+38 -3.4e+38 -3.4e+38 -3.4e+38 -3.4e+38 -3.4e+38 -3.4e+38 -3.4e+38 62.5014228820801 70.7732009887695 72.0374526977539 71.9334716796875 69.1688079833984 67.7566680908203 66.4463958740234 65.8409423828125 65.86328125 65.852165222168 66.3536911010742 66.6584396362305 66.7501907348633 66.4954681396484 65.4907379150391 65.699089050293 65.9626922607422 65.9475326538086 65.8015594482422 65.6599807739258 65.695556640625 65.7972869873047 66.8759613037109 67.0303115844727 67.1483001708984 67.4818649291992 67.6691589355469 68.2755126953125 69.2820281982422 69.0019454956055 69.5045700073242 70.3760833740234 71.3420104980469 72.5554351806641 71.9502868652344 69.2964401245117 67.1540832519531 64.1362457275391 60.7136917114258
-3.4e+38 -3.4e+38 -3.4e+38 -3.4e+38 -3.4e+38 -3.4e+38 -3.4e+38 -3.4e+38 -3.4e+38 -3.4e+38 -3.4e+38 -3.4e+38 -3.4e+38 60.5660858154297 69.2677612304688 74.140022277832 74.8272933959961 71.1156311035156 67.9445266723633 67.545783996582 68.1731643676758 68.3018112182617 68.279167175293 68.2751007080078 68.3370208740234 68.4020538330078 68.0493316650391 67.3914108276367 66.8964233398438 66.8810806274414 67.0153427124023 66.8804168701172 66.4579391479492 66.1026763916016 65.8991165161133 66.0174865722656 66.7121276855469 66.8757400512695 66.9544372558594 67.2969207763672 67.6359329223633 68.1675491333008 68.7447357177734 69.23583984375 70.1253662109375 70.6155471801758 70.4074859619141 69.5957870483398 67.9193878173828 65.8339462280273 63.4240379333496 60.8651237487793 58.6776657104492
-3.4e+38 -3.4e+38 -3.4e+38 -3.4e+38 -3.4e+38 -3.4e+38 -3.4e+38 -3.4e+38 -3.4e+38 -3.4e+38 -3.4e+38 -3.4e+38 -3.4e+38 65.8270034790039 69.5500640869141 73.9236831665039 71.0996475219727 70.0087127685547 67.4124374389648 68.3297805786133 69.9283065795898 70.4323348999023 70.3537063598633 70.4024047851562 70.0695266723633 69.73046875 69.2594757080078 68.7272796630859 68.3320999145508 68.1793670654297 68.2241058349609 67.9231719970703 67.2792587280273 66.7145690917969 66.4626922607422 66.537353515625 67.0572204589844 67.0686798095703 66.9711303710938 67.0695266723633 66.9506454467773 67.2191543579102 67.5304565429688 67.4833602905273 68.3497848510742 68.2933578491211 67.6829528808594 66.4609146118164 64.107048034668 62.3844871520996 60.2485389709473 58.2365303039551 57.0429153442383
-3.4e+38 -3.4e+38 -3.4e+38 -3.4e+38 -3.4e+38 -3.4e+38 -3.4e+38 -3.4e+38 -3.4e+38 -3.4e+38 -3.4e+38 64.4307250976562 64.1719741821289 64.2435760498047 67.021842956543 70.8940887451172 69.354362487793 68.4363479614258 69.4605712890625 69.9953918457031 71.0582275390625 71.6760406494141 71.281379699707 70.7592468261719 70.7761459350586 70.8046875 70.5237655639648 70.0098495483398 69.5523681640625 69.3770599365234 69.2940826416016 68.8220901489258 68.0730285644531 67.5043106079102 67.1873168945312 67.195198059082 67.3847045898438 67.4365539550781 66.9555969238281 66.8006896972656 66.6669921875 66.4610748291016 66.5161895751953 66.3707656860352 66.6240539550781 66.4111709594727 65.3158493041992 63.7803916931152 61.6535148620605 59.8341026306152 58.0042037963867 56.5332298278809 55.5517730712891
-3.4e+38 -3.4e+38 -3.4e+38 -3.4e+38 -3.4e+38 -3.4e+38 -3.4e+38 -3.4e+38 -3.4e+38 -3.4e+38 -3.4e+38 65.9091567993164 62.9110260009766 62.3400688171387 64.8810653686523 66.8370742797852 66.4741744995117 66.9926300048828 68.4594268798828 70.7402420043945 72.3202896118164 72.5405654907227 72.1177139282227 71.6451950073242 71.7756500244141 71.9431838989258 71.6802597045898 71.177978515625 70.6671752929688 70.1768417358398 69.7971420288086 69.521614074707 68.8811798095703 68.3961029052734 68.0697631835938 67.8972930908203 67.9104385375977 68.0088043212891 67.3154067993164 66.9536514282227 66.5315399169922 66.3038101196289 66.253791809082 65.8732833862305 65.7554779052734 64.9674530029297 63.7218475341797 62.2058181762695 60.0763969421387 58.3385391235352 56.5734100341797 55.1579246520996 54.4773483276367
-3.4e+38 -3.4e+38 -3.4e+38 -3.4e+38 -3.4e+38 -3.4e+38 -3.4e+38 -3.4e+38 -3.4e+38 -3.4e+38 62.1313972473145 64.5149688720703 61.0035743713379 60.4021186828613 63.7837905883789 63.3944129943848 63.4794769287109 64.9883880615234 66.629997253418 69.0348815917969 71.2771987915039 72.2889556884766 72.3058700561523 72.0426788330078 71.5346908569336 70.9493026733398 70.4046020507812 69.8453750610352 69.3540802001953 68.8933868408203 68.4838409423828 68.4027786254883 68.4131622314453 68.6923522949219 68.9539184570312 68.8018264770508 68.5414428710938 68.2947616577148 67.9819030761719 67.465461730957 67.0551528930664 66.5468063354492 66.4390411376953 65.8800964355469 65.2566680908203 64.3416366577148 62.7351951599121 60.9281311035156 58.890697479248 57.1920890808105 55.6835289001465 54.4477043151855 53.5364151000977
-3.4e+38 -3.4e+38 -3.4e+38 -3.4e+38 -3.4e+38 -3.4e+38 -3.4e+38 -3.4e+38 -3.4e+38 -3.4e+38 61.844799041748 61.4005966186523 59.1929931640625 59.3388519287109 62.2160110473633 62.4654006958008 63.0627899169922 64.3734130859375 65.6823959350586 67.9215469360352 69.9352035522461 70.7336273193359 70.8114471435547 70.6683731079102 70.1974029541016 69.6510391235352 69.1267776489258 68.7105026245117 68.2182998657227 67.7320404052734 67.297607421875 67.175163269043 67.2517929077148 67.4183807373047 67.5544967651367 67.6666641235352 67.9816055297852 68.2637252807617 68.1957550048828 67.8605880737305 67.3785247802734 66.9021835327148 66.447998046875 65.8325500488281 65.2975616455078 64.0448760986328 62.2288856506348 60.2968368530273 58.1739158630371 56.5297203063965 55.0389938354492 53.7676277160645 52.5659637451172
-3.4e+38 -3.4e+38 -3.4e+38 -3.4e+38 -3.4e+38 -3.4e+38 -3.4e+38 -3.4e+38 -3.4e+38 57.6493606567383 58.765380859375 58.2494583129883 57.8614120483398 58.8526611328125 61.6056785583496 63.6962585449219 64.8632965087891 64.7637481689453 65.3323059082031 67.0905075073242 68.8793106079102 69.4355316162109 69.6084365844727 69.4829330444336 68.9339828491211 68.458740234375 67.9796981811523 67.5088729858398 67.2041473388672 66.7155914306641 66.2039794921875 66.0521774291992 66.0045928955078 66.1056289672852 66.1365127563477 66.0918197631836 66.1145248413086 66.1152572631836 65.9013061523438 65.8207244873047 65.3273162841797 64.8467864990234 64.3831939697266 63.7051773071289 63.1434364318848 62.619312286377 60.6770439147949 58.4507484436035 56.2736434936523 54.6199607849121 53.1137237548828 51.978889465332 51.0503845214844
-3.4e+38 -3.4e+38 -3.4e+38 -3.4e+38 -3.4e+38 -3.4e+38 -3.4e+38 -3.4e+38 -3.4e+38 55.7800140380859 57.3102836608887 56.7264862060547 57.051570892334 58.6488800048828 61.268611907959 63.8039779663086 64.5201873779297 65.200569152832 65.3678741455078 66.6315078735352 68.1836090087891 68.523551940918 68.5895843505859 68.4352493286133 67.7966690063477 67.1552429199219 66.6954803466797 66.4173278808594 66.2089385986328 65.764404296875 65.3227005004883 65.1259002685547 65.0044021606445 64.9302291870117 64.841438293457 64.7224273681641 64.6914901733398 64.6228256225586 64.3167877197266 63.9598236083984 63.2260246276855 62.4972305297852 61.7307052612305 60.8821449279785 60.3215026855469 59.7801361083984 58.4725341796875 56.4588356018066 54.4133377075195 52.8928260803223 51.5488433837891 50.571231842041 49.8804244995117
-3.4e+38 -3.4e+38 -3.4e+38 -3.4e+38 -3.4e+38 -3.4e+38 -3.4e+38 -3.4e+38 -3.4e+38 56.2021408081055 56.8562965393066 56.0523300170898 56.7497901916504 58.4061584472656 60.5339050292969 63.0675239562988 62.6400871276855 64.2908020019531 64.7970504760742 65.8644180297852 67.1334838867188 67.5491790771484 67.6976928710938 67.5211944580078 66.5912170410156 65.7322692871094 65.2660827636719 65.1761856079102 65.2287521362305 64.7998886108398 64.469841003418 64.2099685668945 63.8781509399414 63.8645668029785 63.5716972351074 63.4730377197266 63.3546943664551 63.2257270812988 63.2279357910156 62.388427734375 61.665699005127 60.7421646118164 59.506404876709 58.5123481750488 57.8950042724609 57.2632255554199 56.5464477539062 54.7380828857422 52.9456634521484 51.5752029418945 50.348014831543 49.5739059448242 49.0313911437988
-3.4e+38 -3.4e+38 -3.4e+38 -3.4e+38 -3.4e+38 -3.4e+38 -3.4e+38 -3.4e+38 -3.4e+38 -3.4e+38 56.8283348083496 56.0777549743652 56.9486312866211 58.9111747741699 60.1077308654785 61.908145904541 61.527099609375 62.4919395446777 63.1544189453125 64.2982482910156 65.5959167480469 65.9382095336914 66.1035079956055 66.162712097168 65.3804397583008 64.4656524658203 63.9950523376465 63.9542617797852 63.9645729064941 63.6578636169434 63.2761459350586 62.972728729248 62.588737487793 62.3546676635742 62.1403923034668 62.0059547424316 61.8282699584961 61.5625190734863 61.1675567626953 60.5003433227539 59.6723022460938 58.7363319396973 57.6584205627441 56.639705657959 55.9704208374023 55.396068572998 55.0592346191406 53.4214782714844 51.8650169372559 50.7055206298828 49.768238067627 49.1551094055176 48.7387237548828
-3.4e+38 -3.4e+38 -3.4e+38 -3.4e+38 -3.4e+38 -3.4e+38 -3.4e+38 -3.4e+38 -3.4e+38 -3.4e+38 -3.4e+38 55.9588775634766 57.7990074157715 58.884220123291 59.8744049072266 61.3825569152832 60.6443862915039 61.0887260437012 61.586799621582 62.8171501159668 64.16650390625 64.4325637817383 64.66015625 64.6624603271484 64.2235870361328 63.3717460632324 62.813404083252 62.776782989502 62.7162590026855 62.3031196594238 61.8666381835938 61.5044441223145 61.0549430847168 60.7032089233398 60.596622467041 60.4749069213867 60.2282295227051 59.7734985351562 59.0818786621094 58.5792961120605 57.7266235351562 56.8810615539551 56.0442008972168 55.1069679260254 54.615047454834 54.0542221069336 53.8486480712891 52.4779319763184 50.9860382080078 50.1347732543945 49.4392433166504 48.9643058776855 48.577320098877
-3.4e+38 -3.4e+38 -3.4e+38 -3.4e+38 -3.4e+38 -3.4e+38 -3.4e+38 -3.4e+38 -3.4e+38 60.6568412780762 59.9123458862305 58.0793151855469 58.5909309387207 59.0977325439453 59.9028244018555 61.4776268005371 60.9297485351562 60.3354949951172 60.4612998962402 61.7757530212402 63.1377220153809 63.4541893005371 63.4786338806152 63.3823699951172 63.0849151611328 62.7123947143555 62.2940559387207 61.7588310241699 61.2658653259277 60.7688751220703 60.3171501159668 59.9415588378906 59.5696830749512 59.2812004089355 59.1108436584473 58.9417152404785 58.7179260253906 58.3809585571289 57.8512992858887 57.1758346557617 56.3400955200195 55.5890045166016 54.8719024658203 54.2429237365723 53.8541412353516 53.5576591491699 53.359935760498 51.8948593139648 50.6620445251465 49.8263816833496 49.2561187744141 48.8200263977051 48.4430465698242
-3.4e+38 -3.4e+38 -3.4e+38 -3.4e+38 -3.4e+38 -3.4e+38 -3.4e+38 -3.4e+38 56.7003517150879 62.0874290466309 61.4745254516602 59.7257804870605 59.6700401306152 58.8239936828613 60.1674423217773 61.9102439880371 61.6515197753906 60.2593803405762 59.2503967285156 60.9268417358398 62.4069480895996 62.7325057983398 62.6424827575684 62.3213768005371 62.115837097168 61.8941764831543 61.4881286621094 60.7271995544434 59.8722648620605 59.3847312927246 58.8447380065918 58.4177360534668 58.0882911682129 57.9003067016602 57.6284942626953 57.4599380493164 57.3153076171875 57.1058692932129 56.8900985717773 56.0839462280273 55.2565307617188 54.593677520752 53.9828987121582 53.5051460266113 53.2934417724609 53.2283248901367 52.9770050048828 51.5942344665527 50.3450813293457 49.6737632751465 49.1366920471191 48.7203903198242 48.256462097168
-3.4e+38 -3.4e+38 -3.4e+38 -3.4e+38 -3.4e+38 -3.4e+38 -3.4e+38 -3.4e+38 60.5971069335938 61.0004730224609 61.6046257019043 60.339469909668 60.6757164001465 60.4511833190918 60.9380416870117 61.8380470275879 61.963264465332 61.0296325683594 60.4448127746582 61.0809173583984 62.0151901245117 62.0872955322266 61.9009666442871 61.6207542419434 61.303165435791 60.936107635498 60.4183349609375 59.8163452148438 58.8976516723633 58.1955261230469 57.6174354553223 57.1186485290527 56.7080841064453 56.337963104248 56.1466522216797 56.0064315795898 55.9004859924316 55.8257942199707 55.5549468994141 54.978443145752 54.2708320617676 53.7289009094238 53.2614135742188 52.9190788269043 52.6322402954102 52.411678314209 52.2311363220215 51.4195556640625 50.3858604431152 49.6173667907715 49.0931968688965 48.6865425109863 48.3284530639648
-3.4e+38 -3.4e+38 -3.4e+38 -3.4e+38 -3.4e+38 -3.4e+38 -3.4e+38 -3.4e+38 -3.4e+38 60.9591674804688 60.4997482299805 60.6776580810547 61.4663238525391 61.7297592163086 61.3473510742188 61.768238067627 61.7460327148438 61.2017631530762 60.7488288879395 61.2930221557617 61.9014282226562 61.6250038146973 61.3262596130371 60.9533843994141 60.4585227966309 60.0094871520996 59.4592399597168 58.899600982666 57.9504623413086 57.2494926452637 56.5938682556152 56.0320663452148 55.5183868408203 55.0086784362793 54.9222869873047 54.7669067382812 54.6725311279297 54.6506614685059 54.4324188232422 53.9308815002441 53.3335227966309 52.9180335998535 52.6223487854004 52.3325996398926 52.0568542480469 51.6905364990234 51.5286598205566 51.3768844604492 50.3791427612305 49.6419334411621 49.0653305053711 48.663013458252 48.3390083312988
-3.4e+38 -3.4e+38 -3.4e+38 -3.4e+38 -3.4e+38 -3.4e+38 -3.4e+38 -3.4e+38 -3.4e+38 61.4409980773926 60.9669990539551 61.5253524780273 61.6233978271484 61.9799385070801 61.6371917724609 61.4507598876953 61.3040504455566 61.430736541748 61.595573425293 61.8091430664062 62.0237617492676 61.3656921386719 60.8645706176758 60.322265625 59.7468795776367 59.1759300231934 58.5771064758301 58.0859451293945 57.283374786377 56.5296897888184 55.8382110595703 55.243293762207 54.7619094848633 54.32861328125 54.0929756164551 53.928409576416 53.7758369445801 53.6506385803223 53.4068031311035 52.9724998474121 52.4874992370605 52.1901359558105 52.0375175476074 51.8829650878906 51.627799987793 51.3650856018066 51.2307548522949 51.1439437866211 50.5261039733887 49.7379570007324 49.1051635742188 48.6667556762695 48.3368148803711
-3.4e+38 -3.4e+38 -3.4e+38 -3.4e+38 -3.4e+38 -3.4e+38 -3.4e+38 -3.4e+38 -3.4e+38 62.8673820495605 62.1378784179688 62.2561225891113 61.5971755981445 61.420093536377 61.1632270812988 61.0053405761719 60.7040557861328 61.2277221679688 62.0332527160645 62.0203475952148 62.0019874572754 61.2062568664551 60.4152412414551 59.6159439086914 58.82421875 58.3299560546875 57.7435874938965 57.2417182922363 56.7527885437012 55.9895553588867 55.3339500427246 54.7204551696777 54.1946640014648 53.7094268798828 53.4042892456055 53.1950263977051 53.0017738342285 52.777214050293 52.5428276062012 52.179328918457 51.766056060791 51.5625076293945 51.525390625 51.4870300292969 51.3338508605957 51.1248435974121 51.0430488586426 50.9738655090332 50.6839752197266 49.9211387634277 49.2448196411133 48.7833290100098 48.4123268127441
-3.4e+38 -3.4e+38 -3.4e+38 -3.4e+38 -3.4e+38 -3.4e+38 -3.4e+38 -3.4e+38 -3.4e+38 -3.4e+38 -3.4e+38 62.3830909729004 61.4411544799805 60.0530471801758 60.0295867919922 60.6157150268555 60.3194694519043 60.5910835266113 61.2444763183594 61.8134765625 62.1396141052246 61.2367401123047 59.8660583496094 58.6743507385254 58.0058326721191 57.6596298217773 57.0882339477539 56.548454284668 55.9450531005859 55.4524307250977 54.9766387939453 54.5111389160156 53.9544639587402 53.2395286560059 52.9254379272461 52.6173248291016 52.3308753967285 52.1036911010742 51.7773323059082 51.5225944519043 51.2628173828125 51.1290321350098 51.113094329834 51.0790214538574 51.0373458862305 50.9445762634277 50.9137916564941 50.9062309265137 50.8576126098633 50.21240234375 49.6091194152832 49.1807022094727 48.8621978759766
-3.4e+38 -3.4e+38 -3.4e+38 -3.4e+38 -3.4e+38 -3.4e+38 -3.4e+38 -3.4e+38 -3.4e+38 -3.4e+38 -3.4e+38 61.8671226501465 60.969482421875 59.2389869689941 59.5578079223633 60.4649887084961 59.6465835571289 59.857048034668 60.424560546875 61.133415222168 61.6913261413574 60.7179260253906 59.0899314880371 57.7240829467773 57.1337738037109 56.9520416259766 56.4431915283203 55.8457908630371 55.2479515075684 54.8079795837402 54.4676055908203 54.0204124450684 53.5610198974609 53.0630912780762 52.6554183959961 52.3072547912598 51.9530906677246 51.6322326660156 51.2535018920898 51.0456161499023 50.8630790710449 50.7924613952637 50.7930717468262 50.7973937988281 50.864070892334 50.844295501709 50.8916435241699 50.9499740600586 50.8705711364746 50.5817642211914 50.0772666931152 49.7347984313965 49.4300537109375
