meets/meet004/data/CCSM_6k_neotropic_bio05.asc
NCOLS 154 
NROWS 168 
XLLCORNER -112 
YLLCORNER -55.5 
CELLSIZE 0.5 
NODATA_value -9999 
[rows 29 to 57 of 168, columns 64 to 127 of 154]
-9999 -9999 -9999 -9999 -9999 -9999 -9999 -9999 -9999 -9999 -9999 -9999 -9999 -9999 -9999 -9999 -9999 -9999 -9999 -9999 -9999 -9999 -9999 -9999 -9999 -9999 -9999 -9999 -9999 -9999 -9999 -9999 -9999 -9999 -9999 -9999 -9999 27.77795463 -9999 -9999 -9999 -9999 -9999 -9999 -9999 -9999 -9999 -9999 -9999 -9999 -9999 -9999 -9999 -9999 -9999 -9999 -9999 -9999 -9999 -9999 -9999 -9999 -9999 -9999
-9999 -9999 -9999 -9999 -9999 -9999 -9999 -9999 -9999 -9999 -9999 -9999 -9999 -9999 -9999 -9999 -9999 -9999 -9999 -9999 -9999 -9999 -9999 -9999 -9999 -9999 -9999 -9999 -9999 -9999 -9999 -9999 -9999 -9999 -9999 -9999 -9999 27.81447025 -9999 -9999 -9999 -9999 -9999 -9999 -9999 -9999 -9999 -9999 -9999 -9999 -9999 -9999 -9999 -9999 -9999 -9999 -9999 -9999 -9999 -9999 -9999 -9999 -9999 -9999
-9999 -9999 -9999 -9999 -9999 -9999 -9999 -9999 -9999 -9999 -9999 -9999 -9999 -9999 -9999 -9999 -9999 -9999 -9999 -9999 -9999 -9999 -9999 -9999 -9999 -9999 -9999 -9999 -9999 -9999 -9999 -9999 -9999 -9999 -9999 -9999 -9999 -9999 -9999 -9999 -9999 -9999 -9999 -9999 -9999 -9999 -9999 -9999 -9999 -9999 -9999 -9999 -9999 -9999 -9999 -9999 -9999 -9999 -9999 -9999 -9999 -9999 -9999 -9999
-9999 -9999 -9999 -9999 -9999 -9999 -9999 -9999 -9999 -9999 -9999 -9999 -9999 -9999 -9999 -9999 28.91900842 -9999 -9999 -9999 -9999 -9999 -9999 -9999 -9999 -9999 -9999 -9999 -9999 -9999 -9999 -9999 -9999 -9999 -9999 -9999 27.80632547 -9999 -9999 -9999 -9999 -9999 -9999 -9999 -9999 -9999 -9999 -9999 -9999 -9999 -9999 -9999 -9999 -9999 -9999 -9999 -9999 -9999 -9999 -9999 -9999 -9999 -9999 -9999
-9999 -9999 -9999 -9999 -9999 -9999 -9999 -9999 -9999 -9999 -9999 -9999 -9999 -9999 30.00557265 30.29716518 30.1330612 -9999 -9999 -9999 -9999 -9999 -9999 -9999 -9999 -9999 -9999 -9999 -9999 -9999 -9999 -9999 -9999 -9999 -9999 -9999 -9999 -9999 -9999 -9999 -9999 -9999 -9999 -9999 -9999 -9999 -9999 -9999 -9999 -9999 -9999 -9999 -9999 -9999 -9999 -9999 -9999 -9999 -9999 -9999 -9999 -9999 -9999 -9999
-9999 -9999 -9999 -9999 -9999 -9999 -9999 -9999 -9999 -9999 28.66013507 29.20443938 29.82191768 30.34047902 30.8732912 31.03280981 -9999 -9999 30.14711686 29.73916975 29.22602881 28.66183366 28.06526078 -9999 -9999 -9999 -9999 -9999 -9999 -9999 -9999 -9999 -9999 -9999 -9999 -9999 -9999 -9999 -9999 -9999 -9999 -9999 -9999 -9999 -9999 -9999 -9999 -9999 -9999 -9999 -9999 -9999 -9999 -9999 -9999 -9999 -9999 -9999 -9999 -9999 -9999 -9999 -9999 -9999
-9999 -9999 -9999 -9999 -9999 -9999 -9999 -9999 -9999 29.27076889 29.80507416 30.39587282 31.43929749 31.33153313 31.83812401 31.75402319 30.98304431 30.94029637 30.41801973 30.25940333 29.90804897 29.44528366 29.06060737 28.5265108 -9999 -9999 -9999 -9999 -9999 -9999 -9999 -9999 -9999 -9999 -9999 -9999 -9999 -9999 -9999 -9999 -9999 -9999 -9999 -9999 -9999 -9999 -9999 -9999 -9999 -9999 -9999 -9999 -9999 -9999 -9999 -9999 -9999 -9999 -9999 -9999 -9999 -9999 -9999 -9999
-9999 -9999 -9999 -9999 -9999 -9999 -9999 -9999 -9999 31.12830004 32.17520619 32.36076457 32.40097319 32.11696669 31.78844308 31.46792737 31.16410253 31.05250967 30.77601253 30.64637529 30.20318866 30.09680423 30.06979604 29.9291906 29.89767654 30.04502565 30.3639867 30.81136728 31.07614441 31.35467417 31.4473947 31.37701891 31.18132082 30.58250123 29.82973601 -9999 -9999 -9999 -9999 -9999 -9999 -9999 -9999 -9999 -9999 -9999 -9999 -9999 -9999 -9999 -9999 -9999 -9999 -9999 -9999 -9999 -9999 -9999 -9999 -9999 -9999 -9999 -9999 -9999
-9999 -9999 -9999 -9999 -9999 -9999 -9999 -9999 -9999 33.58715664 34.36036807 33.52002944 32.96962446 32.10857529 31.2787282 30.83655688 30.69328062 30.72160926 30.55045676 30.87101773 30.81348327 30.74961594 30.98786682 31.38307952 31.97190507 32.37092409 32.68888038 33.27798531 33.1842433 33.52464256 33.48081302 33.07181899 32.99903652 32.05800582 31.14583756 30.27574509 29.3867387 -9999 -9999 -9999 -9999 -9999 -9999 -9999 -9999 -9999 -9999 -9999 -9999 -9999 -9999 -9999 -9999 -9999 -9999 -9999 -9999 -9999 -9999 -9999 -9999 -9999 -9999 -9999
27.82350018 27.95668788 28.2365628 27.95778876 -9999 -9999 -9999 -9999 32.82927765 34.19708234 34.60943712 33.9223672 33.03305421 31.87406985 31.0928281 30.42840448 30.05069328 30.12555914 29.98327525 30.16139105 30.57448401 31.16723965 32.02169902 32.35892986 33.22459834 33.79272305 33.92021136 34.15575656 34.13081349 34.14108172 33.98570435 33.72616902 33.37483431 32.8245457 32.22495685 31.43344733 30.56796384 29.72458793 -9999 -9999 -9999 -9999 -9999 -9999 -9999 -9999 -9999 -9999 -9999 -9999 -9999 -9999 -9999 -9999 -9999 -9999 -9999 -9999 -9999 -9999 -9999 -9999 -9999 -9999
27.78071889 -9999 -9999 29.14436955 29.21834318 30.06052862 31.07339582 32.48486424 33.57270001 34.63221662 34.80302687 33.96395704 32.94369004 31.4838769 30.45283649 29.53237931 28.99367834 28.91604029 28.79945406 29.23141416 29.95878147 31.04017901 32.34359872 32.83582923 33.66636492 34.34807719 34.42537106 34.6577433 34.62030283 34.51044882 34.34187739 34.108148 33.77429111 33.38490218 33.0401592 32.43529394 31.78185673 31.08112698 -9999 -9999 -9999 -9999 -9999 -9999 -9999 -9999 -9999 -9999 -9999 -9999 -9999 -9999 -9999 -9999 -9999 -9999 -9999 -9999 -9999 -9999 -9999 -9999 -9999 -9999
-9999 -9999 -9999 29.01573061 30.67026339 31.75934213 32.33821295 33.2446271 33.75583677 34.45467901 34.33615748 33.43894186 32.56182913 30.48860594 28.91129095 27.88688284 27.0392423 27.17104626 27.77480404 28.47823537 29.587715 31.05312407 32.10849456 32.84739392 33.35520824 34.02223588 34.47567981 34.84080499 34.66816013 34.8085642 34.61201013 34.21963638 34.20061267 33.56715324 33.3276875 32.99585213 32.59005364 32.47462232 31.72715548 31.10110051 30.18359273 -9999 -9999 -9999 -9999 -9999 -9999 -9999 -9999 -9999 -9999 -9999 -9999 -9999 -9999 -9999 -9999 -9999 -9999 -9999 -9999 -9999 -9999 -9999
-9999 -9999 -9999 28.34257138 30.34073214 31.59756966 32.04042775 32.71363958 32.93033064 33.18587203 32.67644684 31.6977943 30.49108329 28.11140518 26.25291539 25.41555659 25.39310088 25.92675228 27.26867631 28.88783973 30.35133989 31.52388409 32.15193747 32.69240161 33.10836074 33.44190772 33.77126027 34.09178801 33.92620024 33.94647782 33.71726848 33.30939827 33.27751479 32.75043539 32.68017506 32.53642993 32.44603212 32.68046667 32.2720509 32.0326365 31.31593168 30.14947072 -9999 -9999 -9999 -9999 -9999 -9999 -9999 -9999 -9999 -9999 -9999 -9999 -9999 -9999 -9999 -9999 -9999 -9999 -9999 -9999 -9999 -9999
-9999 -9999 -9999 -9999 28.73602434 29.80302831 30.66813116 31.04333968 31.18588893 30.87045153 29.96883293 28.98177211 27.28078581 25.16166924 24.03396101 24.00060815 24.59580884 25.47176266 27.56405441 30.66638633 32.30503076 32.26702597 32.40535133 32.49271305 32.7089082 32.58778259 32.53558737 32.49877418 32.30979411 32.02881845 31.73120552 31.42407332 31.08487363 31.0270662 31.06880175 31.16614044 31.38989513 31.63786342 31.74118831 31.95485994 31.74071777 31.14246961 30.64346337 -9999 -9999 -9999 -9999 -9999 -9999 -9999 -9999 -9999 -9999 -9999 -9999 -9999 -9999 -9999 -9999 -9999 -9999 -9999 -9999 -9999
-9999 -9999 -9999 -9999 -9999 28.43228258 29.18424849 29.41648501 29.17456486 28.23355869 27.0801772 26.44199485 24.91331833 23.55731748 22.94069188 23.22754098 24.29060805 25.73332357 28.18030777 31.0809343 32.8147007 32.84249825 32.43889009 32.15035928 32.17026689 31.73742448 31.0813664 30.72906459 30.49729346 30.20518794 29.87447299 29.54906072 29.20405022 29.23670225 29.36076147 29.54990103 29.87088651 30.22102231 30.52795563 30.95524646 31.20743561 31.3275364 31.31794351 30.60536877 -9999 -9999 -9999 -9999 -9999 -9999 -9999 -9999 -9999 -9999 -9999 -9999 -9999 -9999 -9999 -9999 -9999 -9999 -9999 -9999
-9999 -9999 -9999 -9999 -9999 27.80900542 28.07243691 28.22044595 27.20778494 25.72002392 24.47041395 24.21802818 23.61653013 23.02145877 22.38057917 23.02774337 24.68132995 26.46886655 28.99976439 31.75085854 33.19815974 33.07356814 32.68635027 32.03236585 31.92645433 31.26470343 29.83629074 28.9402973 28.78799086 28.68631567 28.38163754 27.9719947 27.62539859 27.70882896 27.81638248 28.06042535 28.3974655 28.63599694 29.03855046 29.3886413 30.01250808 30.73728933 31.4565678 31.57654299 31.68075298 -9999 -9999 -9999 -9999 -9999 -9999 -9999 -9999 -9999 -9999 -9999 -9999 -9999 -9999 -9999 -9999 -9999 -9999 -9999
-9999 -9999 -9999 -9999 -9999 27.47058975 27.33238146 26.79321444 25.5654508 23.80070249 22.87011501 22.91357196 23.01131816 22.97896501 23.00257613 23.88289086 25.51814113 27.86236887 30.19177984 31.95863722 32.92130507 32.73684971 32.21410577 31.49026981 30.75926639 29.9278205 28.59783485 27.61716451 27.43472956 27.2507559 26.99788603 26.72896475 26.46078824 26.6238625 26.9787713 27.14080258 27.334782 27.471351 27.72261845 27.96518989 28.66386171 29.73865342 30.92840793 31.94086707 32.8671257 33.29986121 33.18391194 33.01163856 32.72782637 32.40144487 31.79293869 30.91489016 -9999 -9999 -9999 -9999 -9999 -9999 -9999 -9999 -9999 -9999 -9999 -9999
-9999 -9999 -9999 -9999 -9999 27.1769551 26.66464892 25.76674302 24.28516179 22.61749756 22.02656208 22.3157994 22.55300739 23.27366534 24.00523007 25.1366808 26.91146694 29.88249459 31.04497841 31.88243921 32.23518888 31.859179 31.49466975 30.42745797 29.30251201 28.20439982 27.1880318 26.55604675 26.29430958 26.03401789 25.82548389 25.71220886 25.54190051 25.85680323 26.51830049 26.74073248 26.73485253 26.68967348 26.82282313 26.76635986 27.47858833 28.79080066 30.11257193 31.82988141 33.49456653 34.50071784 34.85514468 35.34539372 34.862133 34.8389985 34.28159099 33.34368266 32.73872242 30.99480132 29.44622543 -9999 -9999 -9999 -9999 -9999 -9999 -9999 -9999 -9999
-9999 -9999 -9999 -9999 -9999 26.89479941 26.28727783 25.15868131 23.65940967 22.42015532 21.97574716 22.22114785 22.84355491 23.92703352 25.18515616 26.40172733 28.34873587 30.19758532 31.05718894 31.28823723 31.22554085 30.65943041 29.87167602 29.13277599 28.15022099 27.18624648 26.73930521 26.03832035 25.85682847 25.50214816 25.33570103 25.39279755 25.32552864 25.78041434 26.35393493 26.72182669 26.9031856 26.86729591 26.85817027 26.56726878 27.17511044 28.5037268 29.92479382 31.76545287 33.41878311 34.64584292 35.43575351 35.89283366 35.83738668 35.72124434 35.29650695 34.60811636 33.88606227 32.51720647 31.14245814 29.6994781 -9999 -9999 -9999 -9999 -9999 -9999 -9999 -9999
-9999 -9999 -9999 -9999 -9999 26.61403526 25.83781544 24.90695898 23.47904698 22.4045581 22.22456465 22.53062615 23.16612082 24.79904071 26.45669267 27.74052497 29.08049405 30.35115118 30.57162117 30.44023756 30.0755343 29.30708162 28.27838987 28.24792756 27.66951955 27.31694814 27.03768286 26.00550406 26.23978809 25.81113029 25.67634506 25.90228942 25.5379616 26.33739201 26.87822338 27.40278627 27.80683289 27.80999302 28.02893831 27.41088818 27.8861892 29.27451636 30.10232348 32.01499308 33.40826243 34.58545916 35.49985788 36.03962357 35.97357533 35.76957388 35.42213966 35.01197162 34.5193195 33.29800092 32.36330942 30.89311935 29.26751988 28.17814496 -9999 -9999 -9999 -9999 -9999 -9999
-9999 -9999 -9999 -9999 -9999 26.21002695 25.39443942 24.36952687 23.35142253 22.59388909 22.70720418 23.21267026 24.28269218 25.91361428 27.66603612 28.75616378 29.31975166 29.46565159 29.46030019 29.19832857 29.11203769 28.93351316 28.77378149 28.80908891 28.84460584 28.70521615 28.51470992 28.35528678 27.81118976 27.48076344 27.3359005 27.40354966 27.57559462 27.83912259 28.26482772 28.76965739 29.48481621 30.19041327 30.26705601 30.27042872 30.66179893 31.27438742 32.15220243 33.00569288 33.83195605 34.63809192 35.34210532 35.69751691 35.7356204 35.44321571 35.0975339 34.73834746 34.16114868 33.34796113 32.33101317 31.08164465 29.63492024 28.29865601 -9999 -9999 -9999 -9999 -9999 -9999
-9999 -9999 -9999 -9999 -9999 26.05829539 25.1374349 24.0304989 23.2925521 22.98645988 23.25052764 24.05315156 25.18040962 26.91424141 28.72299582 29.65559517 29.48616169 29.37309372 29.35854653 29.38563227 29.40741612 29.38723908 29.56737863 29.62577156 30.08614957 30.12367205 30.10022848 31.19759498 30.02887615 29.78121018 29.53309935 29.44824628 30.21958142 29.74359564 29.97974695 30.29768377 30.87527064 32.40274504 32.0505485 32.64958967 33.010543 32.98444004 33.99905646 33.97505242 34.3219273 34.82211577 35.27615635 35.58994102 35.57199577 35.23694021 34.89991839 34.59041476 33.87273221 33.21386778 32.32117098 31.13055431 29.81069439 28.25341604 -9999 -9999 -9999 -9999 -9999 -9999
-9999 -9999 -9999 -9999 -9999 25.63966446 24.89397049 24.14548975 23.83075032 23.72780662 24.20063771 25.09965692 26.30154302 27.68546545 28.92281366 29.62321304 29.63755485 29.51628678 29.52223329 29.62726278 29.73500862 29.80176116 29.99440287 30.24091112 30.54216389 30.56684805 30.42334833 30.69327492 30.52553057 30.40453893 30.30208615 30.24813041 30.58731278 30.58397392 30.82790998 31.05908252 31.1855631 31.8660951 32.17071648 32.52122769 32.95056509 33.35897012 33.90778096 34.27450457 34.67243919 35.07715256 35.43424657 35.65026001 35.66042393 35.46314529 35.13201467 34.73174811 34.12749872 33.36083774 32.62831286 31.52640242 30.25150134 28.91180455 -9999 -9999 -9999 -9999 -9999 -9999
-9999 -9999 -9999 25.66764438 25.32448087 24.89750797 24.34995602 24.50946438 24.61992103 24.81222363 25.4612783 26.38626809 27.36580009 28.24061495 29.02409092 29.50775808 29.52112145 29.59818952 29.68983315 29.81651151 29.95395106 30.05109571 30.24293404 30.49459091 30.76310507 30.65461953 30.43914345 30.170435 30.12440416 30.13460111 30.13133065 30.09859405 30.48819169 30.68568359 30.95381845 31.08450512 30.97707055 31.21605966 31.60754202 31.88093645 32.41558181 33.0957079 33.69645355 34.3257764 34.85127537 35.28191755 35.61820838 35.81308769 35.80595442 35.71613213 35.39611191 34.93793777 34.39815763 33.67005651 33.04359521 32.08131097 30.99572008 29.71498437 28.70123284 -9999 -9999 -9999 -9999 -9999
-9999 -9999 25.8868106 25.03805155 23.82340157 23.36058965 23.81730319 24.46592443 25.48137881 26.65447898 27.50244402 27.94076498 28.40580054 28.76423949 29.04199881 29.33504863 29.49393593 29.62054274 29.7854089 29.94383574 30.11142695 30.23473528 30.40310362 30.67664531 30.88597234 30.77378426 30.55060601 30.29103589 30.07082949 29.90496773 29.85607804 29.92764545 30.09294325 30.36413478 30.63845976 30.87113225 31.00297287 31.11876499 31.45303511 31.82415684 32.42075658 33.17553977 33.88572945 34.52517769 35.02300147 35.44842714 35.73215407 35.87944878 35.86004518 35.71764987 35.36121999 34.87448658 34.4223333 33.82706747 33.17124036 32.40523073 31.78215819 31.03102184 29.76649594 28.57957717 -9999 -9999 -9999 -9999
-9999 -9999 26.11797767 24.78446971 22.91723252 22.84116911 23.7134606 24.70544477 26.37024596 28.15547792 29.03864778 29.01913461 29.140422 29.10959659 29.12243886 29.28891804 29.41318762 29.61600832 29.81571393 30.02534689 30.23455015 30.36424295 30.52690367 30.78919875 30.99927063 30.89259804 30.65777687 30.39863362 30.16782122 29.9837515 29.92561988 30.01562792 30.191261 30.50195749 30.81053564 31.04974406 31.15417975 31.26676513 31.67370737 32.07111193 32.66242052 33.40691227 34.10615016 34.65569827 35.12831093 35.51928433 35.75240264 35.88312117 35.79723681 35.59631922 35.22007879 34.9518417 34.53553454 33.83850638 33.19351224 32.56626552 32.31788386 31.8846538 30.42138369 29.10049499 -9999 -9999 -9999 -9999
27.38464749 27.39995 26.86857792 25.05596157 23.16605291 23.20022495 24.17490657 25.63725734 27.29347776 28.89122941 29.72658821 29.63526991 29.33275414 29.31857065 29.32492024 29.36301797 29.4812155 29.57154684 29.87461631 30.13755716 30.35164085 30.51118443 30.65143797 30.88063353 31.03240182 30.95767615 30.74095499 30.52276837 30.35933863 30.18996489 30.17456199 30.29846832 30.45904445 30.77314152 31.0543439 31.3275517 31.55949566 31.79229394 32.15385498 32.53532355 33.0928166 33.73141748 34.24982251 34.81895417 35.15640994 35.46845505 35.77530291 35.81485984 35.70785384 35.40998321 35.22752873 34.95538655 34.51263077 33.81153536 33.08138491 32.55598861 32.37064357 31.85473361 30.68226876 29.13273422 -9999 -9999 -9999 -9999
27.53036223 27.73741624 27.40834814 25.66129003 24.07349251 24.11682696 25.00474759 26.30281341 27.80812518 29.40390214 30.20315583 29.93355063 29.61317124 29.64754634 29.6485623 29.71512474 29.77614964 29.81056066 30.08213571 30.33148856 30.51601325 30.64370005 30.74231695 30.90935634 31.04186227 31.0086916 30.81793579 30.73569915 30.70829452 30.64525233 30.66732214 30.76906193 30.88610855 31.12818348 31.40562471 31.69252304 31.98869196 32.33294453 32.73424593 33.12763638 33.68054678 34.24669823 34.72911743 35.23963496 35.49539171 35.73137734 35.93193721 35.86410307 35.62664148 35.4285661 35.22729721 34.89826251 34.39828986 33.68037981 33.00573882 32.45261091 32.2998286 31.87278703 30.90165612 29.63380643 28.7650311 -9999 -9999 -9999
26.93747384 27.71932559 27.47067134 26.07435592 25.51200265 25.52226285 25.75787649 26.56441772 28.1390443 29.65771327 30.41739693 30.31515101 30.07798109 30.06678044 30.19953752 30.26277003 30.24922479 30.35181174 30.4513881 30.59516617 30.71039953 30.75908697 30.81013797 30.91361711 30.9902942 31.01539468 31.00924216 31.01788305 31.09930187 31.29134997 31.38025696 31.31687082 31.43367697 31.54097242 31.74525064 32.07194086 32.42205589 32.86857252 33.32441031 33.81118999 34.38083003 34.9810427 35.5659281 35.91533098 36.20578107 36.27767041 36.21329288 36.00749203 35.54590833 35.45657697 35.16175949 34.636012 34.10162728 33.49442398 32.91684325 32.48368536 32.28687879 31.91541704 31.43653827 30.78941961 30.06286003 29.29467384 28.56883915 -9999
