meets/meet004/data/CCSM_21k_neotropic_bio02.asc
NCOLS 154 
NROWS 168 
XLLCORNER -112 
YLLCORNER -55.5 
CELLSIZE 0.5 
NODATA_value -9999 
[rows 58 to 86 of 168, columns 64 to 127 of 154]
6.758738275 8.084772226 8.64390284 8.14535559 7.222880071 6.831493318 6.886531472 7.224213727 7.69349035 8.123588635 8.232700116 8.042939096 7.815476812 7.772647244 7.79655331 7.767222001 7.688574688 7.628370637 7.622652823 7.649252686 7.667717883 7.680679075 7.707050224 7.772645514 7.824769041 7.875486789 7.907944216 7.91763353 7.990712758 8.045213008 8.029035311 7.951387091 7.855475599 7.764194322 7.656253303 7.59576888 7.560650962 7.50800846 7.48879678 7.470659152 7.509326047 7.579169912 7.701533022 7.85002428 8.036906753 8.137096755 8.171220878 8.208805738 8.131590155 8.077601755 7.974565843 7.830432804 7.742683256 7.674244551 7.664101139 7.665534939 7.716976133 7.921377612 8.052866073 8.328650948 8.188603457 7.875078722 7.63820643 -9999
7.307097176 8.580372432 9.301471092 8.507256165 7.219457193 6.813236476 7.099458941 7.555676266 7.90146061 8.216337094 8.278765049 8.065456066 7.836500097 7.810594219 7.82568768 7.806548897 7.752327502 7.693045333 7.714317 7.752087071 7.768723607 7.780310373 7.789188213 7.821116222 7.846646102 7.846243285 7.823650124 7.782626451 7.810865604 7.794237775 7.757209133 7.702506877 7.590822862 7.54336057 7.457042193 7.411954075 7.401992822 7.384633991 7.387599238 7.391893599 7.456135061 7.547847767 7.663647594 7.842658526 8.025682639 8.131264537 8.144848596 8.126883154 8.021245362 7.872413457 7.744343854 7.656979381 7.528466573 7.525472561 7.516722374 7.550653399 7.682680091 7.771298742 7.936833789 8.113245162 8.271341245 8.293131838 8.41472058 8.328863184
7.352171656 8.724082727 9.304090488 8.55979694 7.345893415 6.973702917 7.288702637 7.760095301 8.076292926 8.281571903 8.300122075 8.113533893 7.922582489 7.881673676 7.893743062 7.880986781 7.838715306 7.799037418 7.820932385 7.858454474 7.872493969 7.87581758 7.872827064 7.883883373 7.881734107 7.855160719 7.804781311 7.737449544 7.713135543 7.661041996 7.612249574 7.56456056 7.480495925 7.444418784 7.377057423 7.337468189 7.321457091 7.299414625 7.324092075 7.358964882 7.442008735 7.545978621 7.65114246 7.781673168 7.895556204 7.96036769 7.982199018 7.956532705 7.861050116 7.721640189 7.632425415 7.60130496 7.548917608 7.529772597 7.512041415 7.540545268 7.642572321 7.752330381 7.781800855 7.93881968 8.029762666 8.073107687 8.425157798 8.508434494
7.120564822 8.588804414 9.208846847 8.674699286 7.489254063 7.184357678 7.539493226 7.949875442 8.208890925 8.347093985 8.348694302 8.199096014 8.012884324 7.988102805 7.996250099 7.983960933 7.95068066 7.918012083 7.937465866 7.968515087 7.974939029 7.970879229 7.956885674 7.952200244 7.93511837 7.892789064 7.835017346 7.753049232 7.699210913 7.62900716 7.56863674 7.528114498 7.470507582 7.445371068 7.397207454 7.360221183 7.310308496 7.249896311 7.317458492 7.373489953 7.457358449 7.564560975 7.66179605 7.726244794 7.729925669 7.770506406 7.835246002 7.79035713 7.757593126 7.665806295 7.621894949 7.672152638 7.703171174 7.636577911 7.589498368 7.596786795 7.64801432 7.692378416 7.746914199 7.739648957 7.908380895 7.986783099 8.046075738 8.329669784
6.825564865 8.418912363 9.157004018 8.806277267 7.737553205 7.477506191 7.773208769 8.152939791 8.365512645 8.445148903 8.423309462 8.296025216 8.150592629 8.101063964 8.091164827 8.075457999 8.050826933 8.029800941 8.04711095 8.068561215 8.068013748 8.053604333 8.026906113 8.019368524 7.999428531 7.955635719 7.896773704 7.816276111 7.743513101 7.662422143 7.600282159 7.559467956 7.519618571 7.504442743 7.478631507 7.451145875 7.410492713 7.376052694 7.405907079 7.44629557 7.519363543 7.615325261 7.677757809 7.729086122 7.730510348 7.760923565 7.823242092 7.814579316 7.786175667 7.713444517 7.692343279 7.746347113 7.771056017 7.732247649 7.674729679 7.660756727 7.689099176 7.716944977 7.733662591 7.736391584 7.784339092 7.855122545 7.933821965 8.02001858
6.668723615 8.447326643 9.600941154 9.01366765 7.943328163 7.755683185 8.063895474 8.404783233 8.551904513 8.611272811 8.555547334 8.414308304 8.271772841 8.220777883 8.197703067 8.177290036 8.164248241 8.139339798 8.164732264 8.182230432 8.174651409 8.15462578 8.102704888 8.10629228 8.088941446 8.041742799 7.987393471 7.90852401 7.824038798 7.732902628 7.665670255 7.626547041 7.589956224 7.585688584 7.586520211 7.575398501 7.551451989 7.551887206 7.550149782 7.560243497 7.612207575 7.689302419 7.738985771 7.808765211 7.836871112 7.865246269 7.919164384 7.947558498 7.8810082 7.813831593 7.798324779 7.826681802 7.837886913 7.806116399 7.751818247 7.736360608 7.760087292 7.775296578 7.789528703 7.793837747 7.843685836 7.913064089 7.97552332 8.084079703
7.168392776 8.511066477 9.208753674 8.992108128 8.236801867 8.123721594 8.468043076 8.796056554 8.861832182 8.740866316 8.637051879 8.547184528 8.429782541 8.369891578 8.324210585 8.30514164 8.312397664 8.304139694 8.322332267 8.320163081 8.309925404 8.295893429 8.258346745 8.243818975 8.209375361 8.154013367 8.090654435 8.006710118 7.928804215 7.846126439 7.776479958 7.724353177 7.685291605 7.678693392 7.682856941 7.687020449 7.690962505 7.693485801 7.702926906 7.714226965 7.761684516 7.833772164 7.899984457 7.978284693 8.026696834 8.049818695 8.059172955 8.024450106 7.988578451 7.931833915 7.90823542 7.928121443 7.9235354 7.913538277 7.873198223 7.867284805 7.893206875 7.891014635 7.897555172 7.88285563 7.926718087 8.002187264 8.089601156 8.188342001
7.758585544 8.554909222 9.14738414 9.047119318 8.544285124 8.568448364 9.015316752 9.326928669 9.228962858 8.948480374 8.771436206 8.726706971 8.594925253 8.556921857 8.491815699 8.47231527 8.507607686 8.497254781 8.512969315 8.49721177 8.48727737 8.491229894 8.44661723 8.416665839 8.363206664 8.291762598 8.218616254 8.120457682 8.050377607 7.975834299 7.908465421 7.847298785 7.784147353 7.790094086 7.78694283 7.796968472 7.818931797 7.83321657 7.854106142 7.872214549 7.919842721 7.989334171 8.083996079 8.155129752 8.227918173 8.246708182 8.200412292 8.120386002 8.11925079 8.072894314 8.050016165 8.076791003 8.04810358 8.064183528 8.043596554 8.049816013 8.083024642 8.060153565 8.088475339 8.036980364 8.076337283 8.163946351 8.212012434 8.291098547
8.053569353 8.744045963 9.22165413 9.202143618 9.145175227 9.24924954 9.539039598 9.752162853 9.57142986 9.281931257 9.076967454 8.937815812 8.854084302 8.804019404 8.757947203 8.732914295 8.734161579 8.731493941 8.746626687 8.750047709 8.738209601 8.719916433 8.677075665 8.632806375 8.560659751 8.469927953 8.373147885 8.269329711 8.200316096 8.133521354 8.065236741 8.005147641 7.954064683 7.939869498 7.938933114 7.945118456 7.961651338 7.977352504 8.008003268 8.036508109 8.085587086 8.146032941 8.203337964 8.295581073 8.358313756 8.383219018 8.375747454 8.332950542 8.322866597 8.291979987 8.281133185 8.293370082 8.278946106 8.295089987 8.291486419 8.315583947 8.367719543 8.394076525 8.397737499 8.392893513 8.378990246 8.347545071 8.35660283 8.331471471
8.372333638 8.923805309 9.388434953 9.303956722 9.421904998 9.516936626 9.622555596 10.0347098 9.753018027 9.555941832 9.376857658 9.178637702 9.108260714 9.006871202 9.021914825 8.995627851 8.957256313 8.965698612 8.961198621 9.002139795 8.992861988 8.951591697 8.915207067 8.833494322 8.76453414 8.664528991 8.547910799 8.434470695 8.363556531 8.305128846 8.240921994 8.177557302 8.126972095 8.103301006 8.099168489 8.101396852 8.105378634 8.126728478 8.166575262 8.206460085 8.262820572 8.322819338 8.348645254 8.442785734 8.493731318 8.524642794 8.545592348 8.55914681 8.564309856 8.560717804 8.562877238 8.571892856 8.557493193 8.575415408 8.586995721 8.614940187 8.67045641 8.732192987 8.692514136 8.697500236 8.612203284 8.436642347 8.384052403 8.209852994
8.601048507 9.183042368 9.452719523 9.121583264 8.774064356 8.775293817 9.05094371 9.371534639 9.626239392 9.804778696 9.749233242 9.449071951 9.226165796 9.215064572 9.287914304 9.265170235 9.190800776 9.131403227 9.181802891 9.250101011 9.242507318 9.184329787 9.098298119 9.055538231 8.993114971 8.890712294 8.774763977 8.648306989 8.583468649 8.521755239 8.4483699 8.381223046 8.315969549 8.288018788 8.269869849 8.261031712 8.26523145 8.282734739 8.332436781 8.394715502 8.472882309 8.565234843 8.633936673 8.655546242 8.649779822 8.682215609 8.745587985 8.794095105 8.842187411 8.874426538 8.901379987 8.920312885 8.931268097 8.929948175 8.928923082 8.936345265 8.954084602 8.954138324 8.899305061 8.8013026 8.603746436 8.308227064 8.053650771 7.93912939
8.312615825 9.081054265 9.495973846 9.052217704 8.110265466 7.960291686 8.338109309 8.759179175 9.340215419 9.876016367 9.947537955 9.599767895 9.321362605 9.382987573 9.544915757 9.535530604 9.40480341 9.304370941 9.367070233 9.48245032 9.47979075 9.392380471 9.299950832 9.26649343 9.236810168 9.141968877 9.016100006 8.884161983 8.804476965 8.74703602 8.667331006 8.582847534 8.512078117 8.467291282 8.443039068 8.428390703 8.418440049 8.43603855 8.488582648 8.57610792 8.669583186 8.782749639 8.894883023 8.856960534 8.816782087 8.848714477 8.936108334 9.032716802 9.092804616 9.16326467 9.205259793 9.224985197 9.272826102 9.249318918 9.248270447 9.232020837 9.192933737 9.143563732 9.0025727 8.821526905 8.544455451 8.145123639 7.775365879 7.706045384
6.815493404 8.590707516 9.562366173 8.978190525 7.75754831 7.553110885 7.928183053 8.569146872 9.217691301 9.714514908 9.899321783 9.736014704 9.53191076 9.636700121 9.838165198 9.829575225 9.674988404 9.548123769 9.600813245 9.703590361 9.701595067 9.631572296 9.551192097 9.534410132 9.523993413 9.436040061 9.308222954 9.168422926 9.081988835 8.997304108 8.899909501 8.817521963 8.728152545 8.686651815 8.650253498 8.616731684 8.595629786 8.597640074 8.658490293 8.742586971 8.846790498 8.963879403 9.032569319 9.043085236 9.006879905 9.0476939 9.155139486 9.25699297 9.325563159 9.386084817 9.439620257 9.470260247 9.505759977 9.525678073 9.537451845 9.492170089 9.411455868 9.272771156 9.055738523 8.772353214 8.44384177 8.103407072 7.804753537 7.668170892
5.409912356 7.918168853 9.56715982 8.901171031 7.486036936 7.170679488 7.670770718 8.44814748 9.170967501 9.722808844 9.960850751 9.845832672 9.713078456 9.843040283 10.09500448 10.09008231 9.896812936 9.76507304 9.785034792 9.897805943 9.896897343 9.820857049 9.773157281 9.757712989 9.78210841 9.707996714 9.574371543 9.4509379 9.343304798 9.25977714 9.155716876 9.056875402 8.96666887 8.904636076 8.86439621 8.8171077 8.764778259 8.755484171 8.814069559 8.912070964 9.022961051 9.137700445 9.228790988 9.270169032 9.264642153 9.301862879 9.378317726 9.456772178 9.486965809 9.552174298 9.611981617 9.649547148 9.711400208 9.740877026 9.77077916 9.715492151 9.599883764 9.403798219 9.083279754 8.71760581 8.381071288 8.104801192 7.868320776 7.729635431
-9999 6.989234812 9.085392814 8.539709584 7.051705101 6.948650166 7.572316238 8.457338833 9.244286172 9.845444149 10.15674534 10.07420594 9.965827713 10.09534722 10.27783373 10.26919246 10.11539127 9.972903998 9.987166839 10.04345445 10.03624278 9.997959193 9.959209589 9.970944805 9.990958074 9.936214092 9.8378888 9.723640171 9.636540957 9.549606767 9.437433106 9.338907675 9.233492376 9.171637584 9.108749592 9.033858781 8.961695197 8.918077689 8.99087514 9.09592086 9.217787539 9.359001483 9.478400543 9.558618278 9.627262106 9.659569159 9.618669526 9.597313087 9.635913166 9.673188757 9.736327728 9.823538367 9.892869114 9.943510214 9.963837307 9.892505258 9.790870693 9.556824465 9.152712393 8.667652462 8.3232326 8.165217977 7.999870841 7.87745332
-9999 -9999 7.530437981 7.453553373 6.798876978 7.024944333 7.614078775 8.486865291 9.304961356 9.989028366 10.35682736 10.28844585 10.18559158 10.26612779 10.44760069 10.4143355 10.26142198 10.13873891 10.12714567 10.17885037 10.16395709 10.1180718 10.09891493 10.11158731 10.15780338 10.12745678 10.05224037 9.975828777 9.895575392 9.832219486 9.727375167 9.613890863 9.510880806 9.433280135 9.371836703 9.279044331 9.171006485 9.109875923 9.167546708 9.289038806 9.417087137 9.552439025 9.681237865 9.772626185 9.861123223 9.896064964 9.832157375 9.802462955 9.827047746 9.852127983 9.903852624 9.986913231 10.06267635 10.108443 10.13295011 10.07288869 9.961888921 9.733509213 9.300260513 8.787963631 8.451834212 8.316228335 8.172143129 8.022501019
-9999 -9999 -9999 5.90617058 6.931386609 7.696470423 8.063072332 8.492641897 9.243993783 10.07487574 10.47790303 10.36343236 10.36058993 10.40323888 10.53065227 10.52992488 10.39017573 10.30837089 10.26833541 10.28106712 10.2542158 10.2300038 10.21444702 10.22663167 10.2663193 10.25682752 10.23545483 10.21160202 10.13526824 10.07796987 9.97876935 9.87545634 9.785672591 9.68562952 9.634457193 9.533099582 9.395055361 9.335699333 9.383408641 9.483110263 9.594693387 9.719754607 9.831735597 9.894665688 9.929433036 9.968480261 10.01717563 10.07522744 10.03970864 10.05764998 10.10201717 10.15389432 10.22070563 10.26299476 10.28453695 10.21089018 10.11781914 9.922037315 9.484757279 9.07998093 8.75008584 8.51455152 8.347108033 8.189026742
-9999 -9999 -9999 5.096491021 6.956069254 8.007774116 8.250755145 8.390949305 8.985661888 9.783635496 10.2230057 10.23845549 10.31798581 10.41871305 10.54634599 10.57237312 10.48874967 10.4205129 10.35499016 10.35762067 10.32869901 10.3067101 10.3111737 10.30696009 10.33056806 10.32710592 10.32744959 10.33679969 10.27983354 10.23742471 10.150728 10.04835307 9.975053291 9.860466409 9.79083827 9.701065541 9.604523003 9.580042957 9.606594352 9.692406126 9.779275632 9.866996975 9.953180279 9.989261783 10.01074879 10.04588552 10.09139573 10.14990832 10.13344705 10.15817838 10.21086536 10.28240471 10.35924055 10.38129102 10.38367755 10.30090175 10.18131921 10.00200949 9.650890037 9.307827138 9.003290482 8.748076035 8.577301916 8.404847048
-9999 -9999 -9999 4.76472967 7.012798338 8.208420076 8.069642636 8.031257905 8.617884948 9.202207264 9.618949421 9.807121656 10.10830625 10.28516014 10.47096359 10.58188752 10.53500021 10.50086416 10.44729646 10.43249251 10.40802479 10.39713575 10.39713278 10.38455425 10.36819483 10.36651766 10.39643688 10.39591712 10.38470068 10.3393552 10.26963783 10.21246574 10.09914147 9.974233297 9.869758066 9.797389648 9.788243948 9.824843996 9.857589679 9.90798351 9.967780778 10.02081607 10.06659522 10.11361433 10.13069596 10.14705022 10.14318777 10.10197562 10.15531645 10.18009959 10.25016077 10.40701058 10.49109389 10.4633653 10.41537105 10.29166493 10.1540111 9.989397297 9.694320853 9.431058381 9.183551097 8.971071542 8.802283742 8.617043488
-9999 -9999 -9999 -9999 6.188958976 7.370798442 7.781128099 8.002387775 8.223003881 8.366971524 8.668448774 9.038108482 9.518321629 9.891049275 10.23756409 10.46960947 10.54011515 10.55067655 10.52089277 10.47293406 10.44437209 10.43847366 10.46008431 10.42675214 10.41687957 10.41271152 10.43573847 10.45749447 10.47064406 10.45580315 10.4010289 10.34104548 10.23395454 10.06863054 9.930218648 9.873136757 9.918928566 10.01014663 10.06986079 10.12783953 10.1720323 10.17935601 10.20001394 10.2439557 10.28084892 10.29328013 10.27538456 10.23514544 10.24403519 10.26846718 10.3449402 10.50237382 10.56556693 10.49727885 10.33309345 10.15672956 10.00315533 9.84817433 9.671918462 9.511484263 9.325555087 9.156492143 8.996330644 8.824484223
-9999 -9999 -9999 -9999 4.847758757 6.083631512 7.303412055 8.230835078 8.020267149 7.418865863 7.527103064 8.115695843 8.80626146 9.343767114 9.929061822 10.33659587 10.48512169 10.61311481 10.54283994 10.48426763 10.47026781 10.4603737 10.53529114 10.49012095 10.49095314 10.49731578 10.50980069 10.51181181 10.57138121 10.5994785 10.5668197 10.51759455 10.40230057 10.2088214 10.00420905 9.941000215 10.03790759 10.17474723 10.25457442 10.34441914 10.39305786 10.36959174 10.34243418 10.40886591 10.47634709 10.49346034 10.4797714 10.4718351 10.4354492 10.42088603 10.48088563 10.63924205 10.70092359 10.53279672 10.23661797 9.995032069 9.859541403 9.664642403 9.578449076 9.559835022 9.440832747 9.299607528 9.167137224 8.998315191
-9999 -9999 -9999 -9999 -9999 5.187644778 6.885486089 7.984004785 7.886608456 7.104531104 7.027998553 7.386962879 7.993373812 8.799270505 9.632810719 10.17346214 10.386414 10.52121011 10.48894019 10.48188644 10.50595891 10.52346945 10.58421481 10.56249972 10.55417154 10.54233878 10.53223833 10.58969115 10.59553353 10.64790647 10.6540036 10.65261946 10.58786968 10.39713018 10.19708742 10.10372343 10.11920659 10.226601 10.37433269 10.52859287 10.60832049 10.58971517 10.56710373 10.60430961 10.66704487 10.69266268 10.68937663 10.68507811 10.66124345 10.65127602 10.69116726 10.80449758 10.83152499 10.67759266 10.39212038 10.10865271 9.860318017 9.648947468 9.557763824 9.55565675 9.469057834 9.385655372 9.275872016 9.159338075
-9999 -9999 -9999 -9999 -9999 4.305265543 6.353777438 8.203542707 7.789537705 6.957563599 6.831415803 6.997587125 7.119435782 8.143498763 9.154048015 9.728094049 9.972637935 10.3388044 10.31284058 10.37081497 10.48755204 10.50463371 10.5861241 10.53023393 10.53283152 10.52556755 10.50259626 10.61334942 10.52549345 10.59405244 10.64500816 10.73253748 10.80077943 10.63165671 10.40310661 10.29853384 10.24597761 10.22882439 10.4817643 10.72028652 10.83116786 10.82409362 10.79482913 10.82391139 10.85724923 10.86908253 10.86162264 10.88797903 10.86579611 10.88402046 10.9121502 11.00280565 11.03034811 10.82736231 10.62246918 10.30250717 9.92233692 9.627430453 9.546503671 9.534611404 9.469561384 9.402928588 9.349158849 9.250191528
-9999 -9999 -9999 -9999 -9999 -9999 5.465696269 6.918576114 7.468607609 7.384112152 7.391099112 7.24403158 7.137463153 7.398603643 7.862737257 8.314209928 8.754340949 9.300745427 9.740239285 10.17993524 10.4037081 10.33285448 10.38243474 10.32799497 10.3459875 10.34782457 10.32452589 10.31680878 10.24669699 10.26612706 10.36164809 10.54566357 10.7414238 10.70044115 10.63279912 10.55280643 10.43565161 10.46160538 10.61693468 10.85612619 10.97782765 10.98995833 11.00000438 11.00205677 11.0307479 11.01685206 10.95003597 10.95793328 10.99778435 11.10966682 11.13351594 11.13391481 11.07545931 10.85726626 10.60586537 10.28858 9.940305008 9.703165904 9.594175699 9.586850297 9.496074757 9.390290716 9.304973287 9.255822836
-9999 -9999 -9999 -9999 -9999 -9999 4.439053823 5.929233911 7.12249315 7.91339034 8.049520697 7.499346671 7.107415661 6.627768416 6.350495982 6.510647219 7.16753678 7.928626648 8.397151209 9.274760118 9.794936098 9.725916673 9.961930073 10.05998958 10.10076415 10.08301705 10.05417128 9.943320266 9.857770336 9.807946067 9.950405876 10.22259803 10.61661641 10.62548938 10.74826536 10.75692127 10.63854303 10.61817003 10.72862875 10.94306447 11.04288592 11.03944666 11.12777459 11.07463408 11.11305304 11.10052289 11.00350329 10.94295121 11.05685643 11.24403078 11.22824148 11.11163176 11.05727061 10.69653635 10.42712277 10.14882411 9.903707213 9.700905722 9.652454259 9.647193532 9.531842649 9.376298137 9.209084856 9.175204387
-9999 -9999 -9999 -9999 -9999 -9999 -9999 4.893823605 6.736006212 8.201619707 8.649455373 7.820071812 6.631688774 6.233746866 5.71381938 5.581419279 5.859951705 5.916616933 6.595064054 7.079647598 7.713412241 8.594117643 9.165301817 9.666694504 9.88802587 9.977471044 9.859642445 9.662510037 9.653406327 9.636044754 9.68487348 9.739686604 9.881486969 10.2742126 10.71999217 10.90172378 10.82756062 10.7494879 10.79522344 10.88881764 10.919771 10.89540352 10.89903685 10.92812006 11.009993 11.02316853 10.98763039 11.02533114 11.04269826 11.10484821 11.01062982 10.81215818 10.56723513 10.33555013 10.12510113 9.942099384 9.843424919 9.784326328 9.744306792 9.69690805 9.563019181 9.377292902 9.199010613 9.077262024
-9999 -9999 -9999 -9999 -9999 -9999 -9999 3.890350301 6.328030052 8.543308132 9.343328268 8.369899318 6.801551323 6.997507586 6.231395557 5.883120712 5.893915369 4.956044488 5.699350553 5.669653555 6.224818909 7.633025027 8.496240818 9.278842094 9.816317297 10.02951082 9.875627534 9.53940107 9.60762133 9.581095316 9.460090968 9.261512297 9.153591028 9.851312923 10.66041485 11.05337273 10.99432719 10.84384966 10.83889599 10.81430951 10.77262271 10.70888511 10.63605368 10.67243919 10.77678608 10.7968438 10.80769994 10.9149964 10.82958408 10.80960908 10.66911719 10.41730326 10.10979169 9.988270505 9.822876915 9.730070375 9.813083744 9.838258326 9.79641018 9.743911507 9.587337414 9.366353227 9.156489047 8.979444298
-9999 -9999 -9999 -9999 -9999 -9999 -9999 3.259137522 5.488362414 7.948100979 9.301044692 9.368317338 9.252922744 8.719368862 8.328556122 7.934239369 7.54049286 7.285926394 6.738019776 6.422628059 6.525212247 7.059387415 7.772654258 8.772820228 9.744536796 10.16794045 10.06888475 9.874826291 9.798503386 9.578794327 9.372028664 8.985706465 8.85666172 9.681138562 10.66938092 11.13311457 11.17663429 11.01308863 10.87435076 10.74856615 10.62735147 10.526288 10.46991376 10.41623783 10.40079358 10.38701431 10.40031018 10.37211248 10.38723532 10.30664492 10.19940444 10.10545051 9.946089886 9.811400677 9.691957866 9.66036354 9.764227987 9.830737746 9.826523161 9.733382631 9.56328041 9.340956586 9.10508917 8.896998455
-9999 -9999 -9999 -9999 -9999 -9999 -9999 -9999 4.272924878 6.770395521 8.622752062 9.668905224 10.74318743 10.17041591 9.967197025 9.542517668 9.067075775 9.098786847 8.145539699 7.43064564 7.057950136 6.842316096 7.181925898 8.135472273 9.359879082 10.03495071 10.13310728 10.15630539 10.18739732 9.911110316 9.724195906 9.358584503 9.025075325 9.956972948 10.89938419 11.26358164 11.24664476 11.07959381 10.82207148 10.62153114 10.43402347 10.29475848 10.24313571 10.14994099 10.07430811 10.03841039 10.02721189 9.952288942 10.0152934 9.966454904 9.922305758 9.950221767 9.840574496 9.740937941 9.644105396 9.625693491 9.770639817 9.847766986 9.821541969 9.722838012 9.545449301 9.304817622 9.050809682 8.837140386
