meets/meet004/data/CCSM_21k_neotropic_bio14.asc
NCOLS 154 
NROWS 168 
XLLCORNER -112 
YLLCORNER -55.5 
CELLSIZE 0.5 
NODATA_value -9999 
[rows 58 to 86 of 168, columns 64 to 127 of 154]
90.53431837 66.82026172 52.77800882 51.98542648 61.63082367 78.26161861 91.06893883 99.39683208 101.6351424 102.9023364 103.4453922 108.0038835 116.0966375 122.2547796 129.1015414 127.8608506 125.5827202 127.0486617 125.4095619 128.7968838 127.7624761 124.2841103 125.8010217 120.900984 98.75806912 79.59155694 63.00905835 50.20915248 41.21197765 34.21138648 31.03498212 30.61838018 30.47384076 32.95424178 35.93463514 39.21126655 43.4214492 48.00420227 54.14199296 60.03054 65.50199601 69.54332657 72.15165725 71.02012303 66.89143154 63.58594093 60.03489453 57.39388024 54.85249485 53.09877015 54.15103341 56.95364463 59.43279551 58.07035078 57.08698437 57.58933722 54.44477241 53.3773178 51.20394362 58.68125631 54.38225869 52.95961171 55.46650952 -9999
68.81417133 53.80617245 43.05966033 45.41298057 54.62978968 70.6630671 80.96757716 88.59325122 87.84908277 89.36199985 88.89632373 93.97773244 103.2416299 105.7519186 109.4651729 108.7299763 107.6402736 107.4287639 107.3729367 105.6860988 105.0747732 106.0586372 105.5111502 107.6876514 101.2270998 84.27369836 69.62731972 59.199917 51.79936189 45.57342472 43.47903947 42.91693737 44.04891082 46.88248516 50.73498138 55.64316853 61.56179146 67.28569853 74.61980975 83.28020268 81.71065552 75.01807205 69.91466593 65.72707457 60.02801198 57.33782003 55.62388007 54.62185046 56.36319448 57.68235072 59.79830081 62.38282633 60.55563485 61.71052854 60.79843151 60.14990392 57.088055 55.68483832 54.50428247 52.46241551 61.67762417 57.65434702 54.5772977 59.27226726
53.43926248 42.06721352 36.07520729 39.62420404 49.95244239 61.27710924 69.15724169 75.29585207 77.61655251 78.94540758 78.8241344 80.90770788 86.21587792 88.78336086 91.6682158 90.00943514 87.53793499 87.74752885 85.87347635 85.88624713 85.41108966 84.51092331 86.06328338 86.44109226 89.1565926 90.89562717 79.06589405 69.78648265 63.47268728 59.03338954 58.14309163 59.05927162 61.00435463 65.6101946 70.89608388 76.8902996 84.84950209 91.86545833 84.41898028 78.1036128 73.97451107 68.1268812 63.5178913 58.86093399 55.15145363 53.55072608 52.00088806 51.37462686 52.47959301 54.17171061 56.83512769 60.41417812 64.08085333 64.19759257 64.20837786 65.23084465 63.11748361 60.74780824 57.61713268 55.3973229 52.80856989 49.49530486 52.63248853 50.64935456
41.93336629 34.39159187 31.26837364 36.4256973 44.47104072 55.99659807 62.96722139 68.34632935 68.56386485 69.80567618 69.22368676 72.10006273 76.95126189 77.44747508 78.9666326 77.14908029 75.54523927 74.51913827 74.37229419 72.86278757 72.55968293 72.83843924 72.41154764 74.47059401 75.01425331 76.92408759 79.38622818 79.53037399 76.28941037 73.67023581 74.38861982 76.34801946 81.01200458 83.8430183 81.98498026 80.66769109 79.00602249 76.49356569 76.2819127 73.23613128 69.24373188 64.01102586 60.34566045 57.70238194 53.79426606 52.00290374 51.17606961 50.6515037 51.88487193 52.91865777 55.06381161 58.88768408 61.03853971 65.399243 68.924694 69.82760363 67.73957709 67.27184384 63.45322095 59.09288131 57.6305862 53.32250842 50.7478402 56.31360436
33.51411282 28.776582 29.56985609 35.0475455 42.27352076 50.06613288 55.33926213 59.53603125 60.75056125 62.20912476 62.64378283 63.96233231 66.05428246 66.59202593 67.19837712 65.56479514 63.12072573 62.47061258 60.95264241 60.63946673 60.2870268 59.55459951 60.26378777 60.34235421 61.85897723 62.83501527 63.59802279 65.57930795 66.25034083 68.0220585 68.54587675 67.85703148 68.47394968 66.81602284 66.31641499 65.09668025 62.72163264 62.01917631 60.16085414 59.88097518 59.60999048 58.81230374 57.69086451 54.68366472 52.03374758 51.33790519 50.37956162 49.98667032 51.00478154 52.01461354 54.03600754 56.73554817 59.22016622 62.45463637 65.40686739 67.50009002 69.08777413 69.48825452 68.34344351 65.43696207 61.54806967 57.70421838 53.50361474 51.07933579
27.59282606 26.10317092 27.45678742 34.00513914 40.03800432 47.63500748 52.0896757 55.3095369 55.59365033 57.76703356 58.15771057 60.13587062 61.36374965 60.92264939 59.67262846 57.9186396 56.00201158 54.18483602 53.63221788 52.10359046 51.76081233 51.68121251 51.13893686 52.2224161 52.75230337 53.82171341 55.1629516 55.78303349 57.29664341 58.0162947 58.53101105 58.83951859 58.02959125 57.91381249 56.56942198 55.33831399 54.03759097 52.22707839 51.87398578 50.62288901 50.32936958 50.14720088 49.22174009 49.35518561 48.89884517 48.67946602 49.27965127 49.37300607 51.27111586 51.83344432 53.46344496 54.97907512 55.94319483 57.54479973 58.13892785 59.22979417 60.10393309 58.85544704 58.76655396 56.96749873 55.01674559 52.74300752 48.62551714 45.3016291
25.70261228 27.0998036 30.04848804 34.7274674 39.46341698 44.48299772 47.9342484 50.40178178 52.89157904 54.28346471 55.16955489 55.82018962 55.91344916 54.83637834 53.35326364 51.3558216 48.72151752 46.93385036 45.32199869 44.29740044 43.81381795 43.15984142 43.2759894 43.51471634 44.33400611 45.00238237 45.64796831 46.87562848 47.41505413 48.64465911 49.05285729 48.72918105 48.98308005 47.89283075 47.32877072 46.40469784 44.74055057 43.88163531 42.49173867 41.90681721 41.48006395 40.51848127 40.32476381 39.77936623 39.73588885 39.80072878 39.99462165 40.55909052 41.12968615 42.08567225 42.77857555 43.3684218 44.16104106 44.49913768 44.92480177 45.0855663 44.65765425 44.32541819 43.00387424 41.92387997 40.53760044 38.48782598 37.37279624 35.72814284
23.90224259 26.99983274 29.21636476 34.28997364 38.27340172 41.32137744 44.41020528 44.50578854 45.96082518 46.01762857 46.64199222 49.67103072 50.58114379 51.49101693 49.31734317 46.83553821 44.02969731 41.72602273 40.60074556 38.60029347 37.61199904 37.30822452 36.95315908 37.38668472 37.71901763 38.27377986 39.48520768 39.99827962 40.9280342 41.70215893 42.09770073 42.41056763 42.26812884 41.89169198 40.80117102 39.97546155 38.67910572 37.55668427 36.80665294 35.36884305 34.61063796 33.94333273 33.16891801 32.94629396 32.17151196 31.7638455 32.10520996 32.30971177 33.06903578 33.14179075 33.38882123 34.31025343 34.08107193 34.32993181 34.03090778 33.69675031 33.58727621 32.32767263 31.51402958 29.75644551 28.82798847 27.54086988 25.91881146 25.60186209
23.19091781 25.22614299 28.49554086 31.53176455 33.82193109 36.50313495 37.78422824 37.90561563 38.53118125 40.05520621 40.80266648 40.36042435 41.93324818 42.47566263 42.96432069 42.89876555 40.93271352 38.28047532 36.1822143 34.3631195 33.49628396 32.66537823 32.26877335 32.35772916 32.82691292 33.35155061 34.01997404 34.88444812 35.54705785 36.39625361 36.82662401 36.9721568 37.1240811 36.56748515 35.98519382 35.22927437 33.96994332 32.82036439 31.52403127 30.39743295 29.68103422 28.50079599 27.71960544 26.91731644 26.20730386 25.92381209 25.69272169 25.57531899 25.5730789 25.85156777 26.07861467 25.99110713 26.03397911 25.70294839 25.41790062 24.99399835 24.01455189 23.3085286 22.10987429 21.16071503 20.18093776 18.86748125 18.23799397 17.2942565
22.33711311 22.07321037 24.66870331 26.02797596 30.22553842 33.27908045 34.76950244 34.20128327 34.35125657 34.92859757 34.32020434 34.37581348 35.89285345 35.48971647 35.64875551 34.85014815 34.48223153 34.49354439 33.19297868 31.07510946 29.72750078 28.70616064 28.31763197 28.0767674 28.43998166 28.7284845 29.30136182 30.20329134 30.72230981 31.55493529 32.06884207 32.29104973 32.63738248 32.13775576 31.63862039 30.91011823 29.50547576 28.62076319 27.09499827 25.8454404 24.78121234 23.47220322 22.74070853 21.58783182 20.8820377 20.19601364 19.43353266 19.39989573 18.91426284 18.99751037 18.88012675 18.46216208 18.59287781 17.92241713 17.77206094 17.39291526 16.45701399 15.82357193 14.82549403 14.02629694 13.39999228 12.3082039 11.70631763 11.15945481
20.31249533 20.99400519 23.34922154 24.93154271 28.24907523 31.41780138 33.35870112 33.48540949 32.38345609 32.03166854 31.31869729 30.41970438 30.9507524 30.7745449 30.57613769 29.7929402 28.83412536 28.71608886 28.38030866 28.72447556 27.48094812 26.27940812 25.40623901 25.06958139 25.05841712 25.30079627 25.72968947 26.34946826 26.95286382 27.61233506 28.06075864 28.43942548 28.68607339 28.38524723 27.98917501 27.38415939 26.17858941 25.00218396 23.54678963 22.06878119 21.09286549 19.78873411 18.63172434 17.59060135 16.65318396 16.09746695 15.24382997 14.65314951 14.12352522 13.77440819 13.63922361 13.20356839 13.05437421 12.60040417 12.42150495 12.06137235 11.26776125 10.82442485 10.00657714 9.498440973 8.906228541 8.129779272 7.769418608 7.256013539
18.444462 19.27032214 19.40948599 22.50927544 26.75053883 32.40805972 33.73307809 34.73493233 31.69774158 30.24492352 27.64248145 26.71261066 27.89174363 26.70828401 26.91692526 25.60552707 23.90743578 23.92998575 22.84886548 23.51729768 23.30567507 22.79833743 22.993383 22.05481764 22.01061922 21.90380378 21.94972332 22.63988687 22.65751054 23.69042276 24.10150069 24.09160718 24.82164532 24.22778526 24.26653132 23.73347568 22.11191706 21.5594723 19.74985989 18.4898283 17.22391274 15.44071064 14.86148943 13.39141146 12.68748568 11.94813862 10.58453779 10.4243025 9.378168502 9.354827558 9.134833081 8.229076895 8.569458609 7.75604758 8.084584801 7.872694514 6.718388463 6.947297977 5.998215465 6.013035845 5.699903454 4.671031249 4.836480777 4.244789121
16.96196019 18.02788083 18.46288062 21.62354278 26.49411528 32.27007023 35.70841977 36.38559744 33.29779798 29.48717623 26.79561445 25.75670876 25.16175866 24.87440236 24.43234531 23.1136349 21.84806942 20.98087979 20.24720883 19.81613728 19.65554093 19.46850993 19.62530265 19.71478806 19.60712538 19.47051789 19.54668764 19.705965 20.06018044 20.47156593 20.81524715 21.18706251 21.41435373 21.31091492 21.03500602 20.59662179 19.57434732 18.46485938 17.0790291 15.52659128 14.46728353 13.13635785 11.84970701 10.74635991 9.74486017 9.111769119 8.141109181 7.452099547 6.89299021 6.423598795 6.222568741 5.874849215 5.740986119 5.45669203 5.406301881 5.218565003 4.822276212 4.638706395 4.230044438 4.02250302 3.74384785 3.400650794 3.239578462 3.056575366
15.12378805 15.55891186 15.69194772 19.66259239 25.83317864 34.1273108 37.78732641 39.2153494 34.45477837 29.53513467 25.22222979 23.25758096 23.6139069 22.8190196 22.60006433 21.16212158 19.46685496 18.72642352 17.65748362 17.25545721 16.6534978 15.95812168 16.29779611 15.59080369 16.15983885 16.13714581 15.93341956 16.80077106 16.43378641 17.27350503 17.43881857 17.1663611 17.96576486 17.2943679 17.60741194 17.21034152 15.90587994 15.42944892 13.93382481 12.67952513 11.58031031 9.8692645 9.219972097 7.905590011 7.111406677 6.45544092 5.341569038 5.024595618 4.371210361 4.218713581 4.098337087 3.523095428 3.781432984 3.341180428 3.549752793 3.473344689 2.937954751 3.071310376 2.625435753 2.629397423 2.485432549 2.090201448 2.160378133 1.953622785
-9999 13.03744283 14.25162578 19.71285051 25.94884957 34.17955569 38.55516697 40.20920353 35.62818941 29.19097639 24.89328255 23.35996438 21.98941704 21.76334982 21.20348472 19.68380463 18.55804873 17.33083894 16.29950249 15.22619237 14.78200611 14.22851096 13.83998692 13.52424764 13.09259775 13.17255487 13.32265476 13.47478918 13.59767504 13.49576442 13.6754507 13.98161471 14.08015651 14.02800488 13.7322937 13.63801741 13.54271716 12.81344636 11.67935669 10.2342711 9.210451833 8.232454152 7.086532047 6.131174613 5.092839787 4.526043181 4.022320897 3.529910846 3.160998675 2.840190513 2.669727985 2.604705383 2.574064598 2.453193373 2.408063375 2.291924974 2.206422106 2.122412687 1.935272758 1.833065828 1.663956616 1.598417778 1.550350236 1.513652791
-9999 -9999 11.804827 17.18647023 24.27358041 33.39189956 37.84462217 40.53659597 35.23690818 29.00877924 24.20924072 21.94877586 20.82463815 20.19772195 19.9041928 18.76675174 17.16536294 16.07462357 15.14997939 14.16895199 13.33480558 12.37360076 11.82007985 11.40377189 11.27940433 10.97532497 10.58266336 10.45800453 10.4556558 10.85403742 10.79147223 10.4308344 10.38797923 10.38820055 10.70174354 10.64086031 9.958116909 9.681063079 9.230093513 8.278514024 7.445127543 6.067899203 5.151885446 4.449501277 3.738312534 3.271580387 2.566317789 2.240764173 2.058170929 1.975349636 1.941414507 1.72619556 1.682781218 1.656127995 1.747738847 1.712556942 1.488959931 1.422457745 1.347875491 1.328113732 1.264799793 1.109870181 1.088655128 1.100810655
-9999 -9999 -9999 14.79488386 22.07474589 30.98413038 36.50347813 39.11212907 34.31919727 29.01044878 24.06890248 20.97039841 20.66539928 19.68680466 18.86366539 17.62356692 16.3776709 15.41694601 14.45217427 13.20811597 12.47673133 11.44264169 10.79666282 10.327892 9.679724696 9.470524954 9.075156946 8.877541505 8.780999776 8.550678783 8.52352975 8.427712281 8.266045862 8.295823684 8.129618731 8.053260861 7.910780212 7.621701839 7.4137254 6.53551641 5.779926568 4.798415674 4.043056601 3.440134507 2.692576105 2.251903348 1.928728255 1.665282342 1.517427031 1.422055521 1.353467063 1.340842804 1.318245896 1.323094166 1.323910246 1.27354344 1.221357452 1.157623141 1.071856902 1.006256645 0.932713674 0.907549424 0.880915424 0.92169239
-9999 -9999 -9999 12.85430922 19.45772653 26.99654628 32.96791128 35.96086398 32.75222627 29.10104976 25.25804271 22.28218983 19.97769359 19.26641183 18.247396 17.20821454 15.61557089 14.71716854 13.64961052 12.54145205 11.77010599 10.78829055 9.979032227 9.232820407 8.643330287 8.262979106 7.72744695 7.438935592 7.060240766 6.880519296 6.718203857 6.434504433 6.367827441 6.146468864 6.124974562 6.042081172 5.793350399 5.706551198 5.389297704 4.952149266 4.435195456 3.602452865 2.974910415 2.351157493 1.869117042 1.596234435 1.316380479 1.135237774 1.033949163 1.004160826 0.988904544 0.971758711 0.993450828 0.976180801 0.992999025 0.970981485 0.914582231 0.878379429 0.810830965 0.761843811 0.725296531 0.697274223 0.704751753 0.781061195
-9999 -9999 -9999 10.21546252 15.52184399 23.19036126 30.05059264 32.57216953 30.87764849 29.33986943 25.44061005 22.14089663 22.25474329 19.30915479 18.00499809 16.79692392 14.88661492 14.23508591 13.31622644 12.20251473 11.38639966 10.33865148 9.565662272 8.906138057 8.088696623 7.681757909 7.036853861 6.658680483 6.354581752 5.913949174 5.742529778 5.461725669 5.239541706 5.17904764 4.977375756 4.8822797 4.776623857 4.604156501 4.471629664 4.040105487 3.512213326 2.891386861 2.407251081 1.961985613 1.500798091 1.225545362 1.043433965 0.899735945 0.836922352 0.815108918 0.783927154 0.811223922 0.801624366 0.815348501 0.835030018 0.810781974 0.778926905 0.740509431 0.69688568 0.650207036 0.616237254 0.609896401 0.613695645 0.723200015
-9999 -9999 -9999 -9999 13.27170012 18.28283415 23.58398328 27.50491054 29.00430378 29.85740795 29.46645988 26.87562287 24.94480519 23.17548697 20.35578921 17.92433995 15.31835804 14.08371033 12.75388109 11.86131852 11.10997716 10.09807072 9.232964988 8.41544873 7.647414799 7.155592343 6.501062111 5.996626275 5.49861743 5.104803344 4.845307414 4.496887636 4.272445403 4.031586801 3.898866454 3.792498959 3.619914448 3.550047794 3.37872054 3.035553339 2.729046166 2.228648954 1.824614715 1.436008972 1.135315695 0.959928197 0.787712997 0.685117307 0.63973861 0.626463231 0.623448097 0.628003219 0.657799199 0.660534767 0.683681175 0.675057325 0.64484508 0.621379121 0.570901689 0.544449758 0.521096004 0.526326384 0.557742873 0.705544797
-9999 -9999 -9999 -9999 10.09662866 15.24546787 20.14933855 23.53160692 26.32524527 30.99067396 31.60453052 30.95797297 30.6533924 26.99048783 24.3694404 20.91079839 15.32505798 14.69158252 12.95830011 11.78493732 10.98683241 9.84612168 9.155324153 8.378075282 7.487722694 6.953215577 6.178238586 5.6548589 5.232542729 4.677783818 4.402010349 4.009767297 3.722456674 3.547505089 3.309845181 3.185128966 3.057954718 2.935880223 2.85137978 2.512362363 2.206327921 1.81652184 1.53205038 1.244147365 0.962468282 0.778132552 0.664390136 0.580864636 0.553333479 0.539575324 0.536429077 0.553167869 0.56437073 0.578586276 0.594465981 0.585552113 0.572230596 0.547582923 0.515049623 0.487108173 0.46430687 0.499440692 0.535642606 0.682849505
-9999 -9999 -9999 -9999 -9999 10.56361389 15.45963035 20.23118524 25.55137495 30.48490368 34.61926441 36.50080579 38.85539429 34.95838151 30.22196131 25.64544159 21.9299776 17.51616198 14.3347673 12.89771379 11.6592257 10.03933967 9.178372466 8.245700656 7.40086821 6.827972442 6.077811905 5.440200529 4.857128867 4.350740828 4.040039225 3.621034508 3.328365195 3.042754737 2.82970809 2.691667213 2.533104811 2.4514497 2.209441364 1.997019034 1.811003392 1.486012821 1.241508845 0.990590125 0.796665887 0.681839009 0.5764994 0.506430611 0.47877863 0.471038669 0.467385598 0.477047804 0.493827604 0.49971147 0.510605871 0.505205379 0.490072691 0.480354668 0.458238001 0.445120526 0.441766353 0.482506482 0.562449552 0.76105342
-9999 -9999 -9999 -9999 -9999 7.981603269 12.31943325 16.71501707 23.494763 30.6839892 35.45304769 39.67002493 46.39681879 40.97338754 36.87790665 31.93417545 31.5837309 24.4652806 21.02927312 17.77582176 16.05704575 11.39721985 10.40176142 9.617800458 7.544186759 6.920384478 6.02234765 5.366049699 4.826032779 4.21912781 3.891798409 3.439228122 3.11330557 2.865982339 2.586616017 2.440925814 2.292913618 2.171904335 1.999400369 1.772058165 1.574832344 1.311854809 1.114354167 0.908502894 0.721551247 0.596618798 0.519996705 0.462446666 0.445783946 0.440213259 0.438464449 0.456542974 0.466823549 0.472016829 0.478866947 0.473458397 0.468951078 0.456063168 0.446726355 0.439713111 0.441299839 0.510708335 0.594615424 0.796802638
-9999 -9999 -9999 -9999 -9999 -9999 9.231013495 13.33552973 20.93627307 27.96931288 34.19183417 41.39000416 45.51927928 44.84394041 45.33388983 43.60125475 38.59425863 35.8635525 33.02208245 27.92586403 23.87961765 18.55329852 15.17692417 10.37335736 9.135737072 7.86709637 6.236041947 5.487060965 4.764395894 4.162423927 3.802801594 3.352834337 3.000252638 2.682342746 2.420741597 2.26063448 2.102781523 1.985231295 1.749221174 1.550444861 1.408503074 1.175364089 0.983238483 0.807167542 0.652300362 0.568037513 0.501738957 0.446011775 0.433948199 0.428178242 0.42591452 0.433092777 0.447130092 0.450576897 0.459532922 0.456734844 0.45076134 0.446203693 0.442184619 0.462439952 0.487805211 0.575038567 0.739622814 1.016376135
-9999 -9999 -9999 -9999 -9999 -9999 6.999295684 9.767024851 16.1993152 26.07958598 32.51931077 39.14503047 43.93816924 46.27139843 48.91822761 48.38575609 47.55666068 45.48380258 42.34327065 36.94806618 34.72056353 27.49522961 21.71631836 18.15210897 12.80760249 8.89604069 6.403566068 5.668681675 5.069545845 4.288766889 3.848145329 3.301316658 2.986167476 2.730935372 2.418234581 2.231842487 2.038261305 1.929266564 1.783024443 1.513382676 1.344731459 1.087161097 0.948168013 0.808849837 0.626147792 0.544785389 0.4822677 0.439924858 0.429837448 0.423375843 0.420492908 0.434621186 0.436719065 0.434524888 0.450673847 0.460096854 0.458837533 0.452919878 0.466015154 0.497675835 0.567269919 0.730375298 0.869882991 1.17717816
-9999 -9999 -9999 -9999 -9999 -9999 -9999 7.582433511 13.33161105 21.44586757 28.58148977 35.26331921 38.96879868 44.63860546 46.98929802 49.76552998 52.90739116 55.73909629 53.66068546 51.74555125 47.87027229 40.94152194 31.13417421 24.49726307 16.43262184 12.39599073 8.400573172 6.491495299 5.254331108 4.486951886 4.036682259 3.501614625 3.084457598 2.736366935 2.463847285 2.29143123 2.081195066 1.934182393 1.774426439 1.512355319 1.350289574 1.120322047 0.927399825 0.766382788 0.629282017 0.555620044 0.495548446 0.448131315 0.437010825 0.426441778 0.421627408 0.428379541 0.435997894 0.447140343 0.461010825 0.468368545 0.477474571 0.489438602 0.516861054 0.576169808 0.649479505 0.862507716 1.131972816 1.545102954
-9999 -9999 -9999 -9999 -9999 -9999 -9999 5.302511872 8.730166311 15.29584915 20.7782918 29.07787931 34.8570125 41.84300225 43.55931585 48.50067275 55.01540413 61.67728779 61.21740226 61.64917383 60.70008931 53.93785559 43.05174245 36.30400818 25.16611619 17.18298474 11.94679452 7.535451763 6.509336223 5.243620691 4.45308227 3.839328173 3.318392602 3.060430753 2.702572712 2.458298763 2.226335139 2.048494839 1.886502386 1.620315172 1.38996258 1.123630022 0.951175037 0.798593843 0.635029329 0.554214775 0.497889141 0.451155996 0.445791269 0.432229045 0.427919909 0.438462809 0.438445544 0.44847287 0.469151779 0.493232264 0.515040857 0.53053517 0.590105055 0.663478987 0.824541518 1.145146746 1.387305807 1.943379883
-9999 -9999 -9999 -9999 -9999 -9999 -9999 4.836090034 7.195878081 11.22067151 15.55027218 23.04829997 30.16969194 36.1500273 39.50971129 43.96644785 51.22892564 53.69255744 56.83328074 62.1508391 63.71151885 59.48922103 55.75326212 47.58386365 33.75503285 24.76674086 17.12016174 11.07460309 7.479045669 6.031526901 5.279706501 4.339539735 3.792912545 3.316006167 2.968505993 2.735540271 2.417042907 2.192324508 1.972188229 1.712449105 1.492981982 1.217180337 0.987141886 0.811045959 0.658994309 0.581954042 0.513945722 0.467091502 0.451053963 0.437172582 0.431174998 0.440020139 0.442697265 0.459331637 0.487881857 0.511530865 0.545565565 0.599725876 0.6867483 0.825336763 0.982572532 1.359753362 1.76791205 2.325035519
-9999 -9999 -9999 -9999 -9999 -9999 -9999 -9999 5.568689694 8.663882304 10.93637007 16.70470349 22.59865568 26.44863472 34.06042617 39.06906621 44.86546967 45.99503761 54.66498217 59.18078908 63.13098475 64.51587766 65.59446911 59.44142645 45.53790648 36.25206855 25.77783841 15.50129826 12.39588457 8.736894117 6.429834172 5.32677007 4.462619712 4.075100838 3.526460506 3.161577869 2.79033123 2.508237745 2.268024287 1.9322361 1.637953412 1.318955662 1.091144073 0.903321316 0.711414241 0.616713962 0.553542119 0.495164979 0.481922655 0.469812883 0.458355358 0.466298287 0.462446249 0.482275027 0.515909542 0.557699955 0.624179055 0.672580762 0.78987423 0.965530623 1.200120039 1.703889861 2.069751741 2.716008778
