meets/meet004/data/CCSM_6k_neotropic_bio01.asc
NCOLS 154 
NROWS 168 
XLLCORNER -112 
YLLCORNER -55.5 
CELLSIZE 0.5 
NODATA_value -9999 
[rows 87 to 115 of 168, columns 64 to 127 of 154]
-9999 -9999 -9999 -9999 -9999 -9999 -9999 -9999 -9999 18.68755439 17.18961768 15.26219413 13.07957492 10.11697303 7.404317221 5.314803599 4.174396981 3.225548702 2.559206283 2.35842075 3.693740353 6.280613543 9.495792269 13.03797396 16.39929262 19.49580439 21.72734835 23.55065555 24.54678006 25.16912221 25.56450979 25.46801941 25.16797694 24.99274498 24.72304315 24.60622754 24.6203615 24.75122148 24.75302981 24.85721725 24.93596071 24.98200764 25.18729366 25.29114886 25.51113074 25.55603605 25.43396722 25.24861363 24.78667959 24.31805682 24.11480245 24.17691768 24.33237678 24.55971696 24.77433799 24.67768502 24.31100023 23.90363506 23.63584428 23.33406882 23.00240857 22.71301975 22.36166761 22.11566209
-9999 -9999 -9999 -9999 -9999 -9999 -9999 -9999 -9999 -9999 -9999 17.79470581 16.54612864 13.82289401 11.20394495 8.607305684 6.522417154 4.756996989 3.324389281 2.433980157 3.079384014 4.639946 6.992222776 10.1417519 13.17487508 16.45137946 19.15991884 21.57567257 23.28375582 24.24715269 24.87523443 24.87646692 24.49732848 24.71007079 24.74248925 24.7528465 24.98178501 25.07213174 25.07661558 25.28400675 25.44291618 25.60581885 25.94500693 25.9938653 26.14428992 26.11770781 25.85906126 25.61183785 25.00931837 24.3950204 24.17618055 24.27137398 24.46405925 24.68041205 24.84999514 24.68257417 24.2009916 23.67971343 23.31747921 22.91004049 22.52462932 22.28866958 21.9295073 21.73133722
-9999 -9999 -9999 -9999 -9999 -9999 -9999 -9999 -9999 -9999 -9999 -9999 -9999 16.53910733 14.85001704 12.41106204 9.518272015 6.461736364 4.85659474 3.335783777 2.776537236 3.687489808 4.819683131 7.210440794 10.08738691 13.05932606 15.9757944 18.91179926 21.01556432 22.87774063 24.09881823 24.31978434 24.76793946 24.92456951 24.87014736 25.15327901 25.14827771 25.19559631 25.20949547 25.21006361 25.4239111 25.75800885 26.06876878 26.19680673 26.22539868 26.16178014 26.07365166 25.7693967 25.22401371 24.6508439 24.35282244 24.51863773 24.69836344 24.56120034 24.56795681 24.30429099 23.84254456 23.52955794 23.10953058 22.79118605 22.46824858 22.16673392 21.88172308 21.63747847
-9999 -9999 -9999 -9999 -9999 -9999 -9999 -9999 -9999 -9999 -9999 -9999 -9999 -9999 -9999 15.68297621 13.23479437 10.28405882 7.933875891 5.432898881 3.9662997 3.660348997 3.831889196 5.200617942 6.919423281 9.374106812 12.1319485 15.15017572 17.68216351 20.0623579 22.04987425 23.23523023 24.22321701 24.79744809 25.10109063 25.28620224 25.30411178 25.23432016 25.19008413 25.18861774 25.37186184 25.72993716 26.05948517 26.17334603 26.20605256 26.21759193 26.18013104 26.01279157 25.61918448 25.0832723 24.70619636 24.58085316 24.43504283 24.01045811 23.73056791 23.3952529 23.06504988 22.92648523 22.73640701 22.59977253 22.41369879 22.21741251 21.95693334 21.71475341
-9999 -9999 -9999 -9999 -9999 -9999 -9999 -9999 -9999 -9999 -9999 -9999 -9999 -9999 -9999 -9999 -9999 16.24101956 12.40461137 8.745396192 6.220620477 4.953718378 4.231344121 4.075802317 4.193806801 5.589648934 8.111262589 10.47419233 13.55549868 16.12478607 18.78779527 20.94603396 22.86604512 24.15363385 24.9405862 25.50146858 25.39448843 25.22682256 25.1820383 25.22963434 25.40103085 25.73528902 26.05842703 26.18410539 26.21426193 26.26869636 26.35909004 26.33732645 26.0495745 25.72954221 25.18124251 24.46440366 23.71772577 23.14999206 22.46123838 22.0929284 22.11140915 21.95867323 22.21236587 22.36467794 22.35927955 22.29435697 22.10091495 21.84581829
-9999 -9999 -9999 -9999 -9999 -9999 -9999 -9999 -9999 -9999 -9999 -9999 -9999 -9999 -9999 -9999 -9999 18.56802401 15.65026044 12.32592372 9.480782384 7.210833153 5.389506355 4.158714039 3.403743733 3.973444709 5.70004308 7.587443403 10.24951005 12.74877133 15.67796972 18.48985035 20.9885932 23.17882779 24.62540628 25.52428984 25.49514445 25.20205333 25.10876506 25.17647859 25.36711054 25.7088681 26.02540868 26.18164824 26.2650272 26.34929026 26.4342216 26.46036527 26.27934448 25.95271618 25.28533371 24.37393996 23.3898818 22.62114502 21.92164934 21.58529956 21.69707204 21.7503419 22.08428759 22.27751355 22.33840487 22.33325619 22.18513327 21.89588285
-9999 -9999 -9999 -9999 -9999 -9999 -9999 -9999 -9999 -9999 -9999 -9999 -9999 -9999 -9999 -9999 -9999 -9999 -9999 15.64746865 12.91201644 9.767296126 6.88191852 5.051278227 4.165179574 3.927418799 4.661808742 5.939285583 8.180091492 10.22616264 13.15479313 16.18346576 19.09669284 22.05433693 24.32454255 25.66243307 25.49903569 25.14530677 25.17787917 25.10486442 25.28581006 25.72989189 26.02028125 26.22319822 26.32644314 26.39539764 26.47763868 26.43443096 26.19531808 25.9102887 25.23371637 24.2993102 23.31902881 22.64182043 22.0380263 21.76814936 21.94310327 22.12414736 22.30602662 22.40098151 22.44981329 22.47290035 22.26881495 21.83674938
-9999 -9999 -9999 -9999 -9999 -9999 -9999 -9999 -9999 -9999 -9999 -9999 -9999 -9999 -9999 -9999 -9999 -9999 -9999 17.33873716 15.0753959 11.85660273 8.770591993 6.196489744 4.655725121 4.050807399 4.542045191 5.739463621 7.274016941 9.055856487 11.75515259 14.69949021 17.75388189 21.02751743 23.6722847 25.32531958 25.59169188 25.34094322 25.37766014 25.41113006 25.58856729 25.88134534 26.15502375 26.40129939 26.50056093 26.50778901 26.43802436 26.2652187 25.96394628 25.59336567 25.01171865 24.33265778 23.66692841 23.11233378 22.68400243 22.46341898 22.53638027 22.65335402 22.76859554 22.84839158 22.8129226 22.7321172 22.43382853 21.76081157
-9999 -9999 -9999 -9999 -9999 -9999 -9999 -9999 -9999 -9999 -9999 -9999 -9999 -9999 -9999 -9999 -9999 -9999 -9999 -9999 16.60457082 13.56899858 10.37911662 7.194180051 4.870216685 3.878009311 4.585972967 5.92650545 7.138865424 8.534599293 10.98159716 13.71806215 16.78091376 20.2018941 23.09642196 25.03122305 25.52790897 25.71545633 25.76805288 25.88684172 26.04036586 26.1553912 26.39479425 26.5434324 26.70369213 26.62661588 26.36463821 26.04721159 25.57485708 25.14099898 24.70554966 24.37235329 24.10409261 23.69524184 23.45323152 23.27762462 23.1941956 23.21031193 23.22339355 23.33655485 23.1578113 22.87375563 22.66449744 21.52923344
-9999 -9999 -9999 -9999 -9999 -9999 -9999 -9999 -9999 -9999 -9999 -9999 -9999 -9999 -9999 -9999 -9999 -9999 -9999 -9999 17.34341242 14.5423757 11.26761344 7.716764808 5.066698417 3.93265447 4.565874433 6.087053878 7.197455051 8.56306637 10.86254159 13.39673513 16.33068357 19.7042715 22.66005899 24.71708774 25.4162261 25.66740702 26.08087144 26.28377996 26.42989185 26.37386928 26.40599314 26.52732571 26.71012622 26.55301466 26.18414942 25.66891518 25.05368542 24.57182764 24.2635739 24.25821082 24.32531646 24.16263544 24.01614239 23.87014782 23.73935785 23.68481941 23.54329135 23.40847156 23.02667619 22.52745285 21.87266576 20.90867658
-9999 -9999 -9999 -9999 -9999 -9999 -9999 -9999 -9999 -9999 -9999 -9999 -9999 -9999 -9999 -9999 -9999 -9999 -9999 -9999 17.88971107 15.14010419 11.84344516 7.888032118 4.835612054 3.572744571 4.413499139 6.122108144 7.302300461 8.624718067 10.87177736 13.23418956 16.01833104 19.6230454 22.58226089 24.66532899 25.34538778 25.58951176 26.11827344 26.49844107 26.63700445 26.43614637 26.21190407 26.42008479 26.62214949 26.38032189 25.86595774 25.25710111 24.54467494 23.92466788 23.74094612 24.10572211 24.4897441 24.36156165 24.32688511 24.23098193 24.07827802 24.03535646 23.64718582 23.27625023 22.68737045 21.9622403 20.96752636 20.31454839
-9999 -9999 -9999 -9999 -9999 -9999 -9999 -9999 -9999 -9999 -9999 -9999 -9999 -9999 -9999 -9999 -9999 -9999 -9999 -9999 17.95059414 14.97638057 11.34922474 7.61617083 4.685681624 3.419247874 4.058775911 5.637473312 7.126874455 8.863223954 11.23923567 13.60512996 16.36889537 19.72208996 22.71717132 24.76096674 25.37398592 25.53422871 25.94941697 26.24862165 26.40509487 26.34650697 26.25558991 26.28536057 26.29081779 25.94553529 25.37727116 24.74275974 24.09978463 23.66513049 23.52846062 23.79283846 24.16534032 24.263808 24.31818941 24.2569375 24.08565927 23.87418138 23.4645221 22.98564986 22.32207016 21.59527964 20.81426555 20.07092736
-9999 -9999 -9999 -9999 -9999 -9999 -9999 -9999 -9999 -9999 -9999 -9999 -9999 -9999 -9999 -9999 -9999 -9999 -9999 -9999 18.08805954 14.56982267 10.71433765 7.140111817 4.344114805 3.185846649 3.892078335 5.134234858 7.137834735 9.211797129 11.68509409 14.00486856 16.66976924 20.03495057 23.09067126 25.06334464 25.3841573 25.48742842 25.75267221 26.00184502 26.12563093 26.17576472 26.19247611 26.02971111 25.88063726 25.45863486 24.84298359 24.22127428 23.72445949 23.36109731 23.24366739 23.46344447 23.76836246 23.85795975 24.02351028 24.01692106 23.84603617 23.61874295 23.17630081 22.63082067 21.96971452 21.29818767 20.68376097 19.98115362
-9999 -9999 -9999 -9999 -9999 -9999 -9999 -9999 -9999 -9999 -9999 -9999 -9999 -9999 -9999 -9999 -9999 -9999 -9999 -9999 17.98836367 14.05344227 9.780540409 6.620260854 4.547397118 3.634959317 4.191672497 5.662293027 7.492834875 9.667259219 12.21829783 14.55617042 17.19093978 20.38683351 23.25304932 25.07103113 25.39293536 25.34459663 25.64740524 25.93953926 26.02172834 25.87550513 25.64572603 25.60716651 25.44290704 25.01596356 24.42890405 23.80137437 23.36268401 23.0424117 22.87718754 22.95326689 23.07944457 23.19482677 23.29986815 23.31648118 23.31210427 23.15456342 22.66649428 22.1081112 21.46390323 20.82430219 20.27277045 19.7721706
-9999 -9999 -9999 -9999 -9999 -9999 -9999 -9999 -9999 -9999 -9999 -9999 -9999 -9999 -9999 -9999 -9999 -9999 -9999 -9999 18.07744279 13.62385342 8.898101997 6.367853924 4.860548931 4.181484464 4.786913688 6.081726456 8.089031624 10.29989098 12.81875598 15.03637368 17.62815989 20.72762427 23.47033532 25.14182531 25.20805983 25.13827547 25.48793169 25.80279318 25.85835916 25.57633509 25.24509764 25.30786289 25.19817779 24.81452333 24.31493451 23.53396748 23.15721148 22.79666588 22.55939126 22.54269667 22.46671091 22.58013553 22.5891046 22.57789339 22.651159 22.54719453 21.91977286 21.33122426 20.70820075 20.15363382 19.72175106 19.3901179
-9999 -9999 -9999 -9999 -9999 -9999 -9999 -9999 -9999 -9999 -9999 -9999 -9999 -9999 -9999 -9999 -9999 -9999 -9999 19.78157265 17.6904273 13.43163361 9.2039354 6.563362828 5.352874254 4.854877175 5.358585446 6.797309354 8.679442808 11.00333431 13.52468241 15.7021548 18.13487846 20.9584617 23.42749079 24.89314659 24.9385482 24.77562548 25.05040727 25.36658133 25.43917465 25.2635433 25.10995003 25.14724467 25.24204426 24.93490716 24.3639442 23.75327841 23.1606266 22.70553358 22.37420185 22.26167828 22.20816489 22.14252988 22.08033153 21.92717376 21.76625253 21.41286223 20.85082941 20.16386894 19.62194778 19.26769856 18.99075691 18.86385513
-9999 -9999 -9999 -9999 -9999 -9999 -9999 -9999 -9999 -9999 -9999 -9999 -9999 -9999 -9999 -9999 -9999 -9999 -9999 19.55518952 17.51555908 13.28277334 9.100240763 6.648121957 5.680353808 5.2701599 5.777867024 7.225203223 9.28523419 11.68515284 14.15765717 16.18493485 18.51640709 21.09416502 23.30250441 24.56042661 24.4559842 24.26939989 24.49789501 24.79559828 24.92493331 24.85191851 24.77554127 24.8969857 25.09816664 24.86982413 24.33256436 23.79064957 23.12965201 22.59576691 22.2115088 22.03203536 21.92757237 21.78248923 21.58495163 21.29063082 20.93778779 20.40871991 19.82688227 19.12752685 18.62908937 18.48661034 18.3497669 18.39148179
-9999 -9999 -9999 -9999 -9999 -9999 -9999 -9999 -9999 -9999 -9999 -9999 -9999 -9999 -9999 -9999 -9999 -9999 -9999 19.20228819 17.11408088 12.9203583 8.910975983 6.510135388 5.590037019 5.347851921 5.958144116 7.587586052 9.746721382 12.30134037 14.77245975 16.76522551 18.78165651 21.05837472 22.90235888 23.96832829 24.01421813 23.76564854 23.99700062 24.23936454 24.36015056 24.34166504 24.28081026 24.42607246 24.48973962 24.31898499 23.97152954 23.48055485 22.91638573 22.41435406 21.96570365 21.7128237 21.53157521 21.24815114 21.00958864 20.56466348 20.06434678 19.53704658 18.92927874 18.372346 18.08408751 17.97059021 17.97861236 18.33823131
-9999 -9999 -9999 -9999 -9999 -9999 -9999 -9999 -9999 -9999 -9999 -9999 -9999 -9999 -9999 -9999 -9999 -9999 -9999 18.7442099 16.56504276 12.32778822 8.307286289 5.97298766 5.197612839 5.060967773 5.822498429 7.646544246 10.12889755 12.90805249 15.40972425 17.15864375 18.99103599 20.98394641 22.52097711 23.53359094 23.58698371 23.46844273 23.71941194 23.84148739 23.92173216 23.95925608 23.85712483 23.90445097 23.92494667 23.75027632 23.53211153 23.13147593 22.65345115 22.19074539 21.70597284 21.33512449 20.95377571 20.49455893 20.11150225 19.61372863 19.09477297 18.60424042 18.11283188 17.67996277 17.58050421 17.79743937 18.16594988 18.90700816
-9999 -9999 -9999 -9999 -9999 -9999 -9999 -9999 -9999 -9999 -9999 -9999 -9999 -9999 -9999 -9999 -9999 -9999 -9999 18.05088636 15.717699 11.46768175 7.468275361 5.312784458 4.530581628 4.586377465 5.554800167 7.510371227 10.44446276 13.51076199 16.07170417 17.71401288 19.17383135 20.78453671 22.18509894 23.06130463 23.25777194 23.37426393 23.44809801 23.58859681 23.63287622 23.54391157 23.54309423 23.47408329 23.43206455 23.27960143 23.05503389 22.80077973 22.45195072 22.03817435 21.49207933 20.89552203 20.20994181 19.63373777 18.99953546 18.42699284 18.0641326 17.59524122 17.19728002 16.93306082 17.22507258 17.98420232 18.92842454 19.98392623
-9999 -9999 -9999 -9999 -9999 -9999 -9999 -9999 -9999 -9999 -9999 -9999 -9999 -9999 -9999 -9999 -9999 -9999 -9999 17.30719948 14.8422809 10.67779316 6.75099616 4.722537008 4.082785844 4.24517064 5.342527355 7.447214532 10.66459461 14.05099268 16.68900716 18.18824005 19.33624055 20.69137973 21.79250577 22.57800151 22.82803098 22.97562059 23.05415517 23.12253122 23.16346019 23.12352219 23.09131441 22.99229902 22.90774377 22.75216806 22.60724172 22.41097278 22.14831087 21.78283195 21.20782205 20.51602796 19.6998029 19.01335318 18.28503998 17.70380488 17.36927957 16.97902454 16.6175436 16.49582738 17.06709458 18.32039932 19.73126536 20.90645211
-9999 -9999 -9999 -9999 -9999 -9999 -9999 -9999 -9999 -9999 -9999 -9999 -9999 -9999 -9999 -9999 -9999 -9999 -9999 16.68268476 14.17110643 9.989000868 6.106949012 4.481782143 3.875854888 4.213724638 5.433448619 7.492954297 11.07386625 14.69201512 17.32108579 18.6113704 19.54671935 20.65345366 21.46300536 22.05070261 22.26817425 22.33597055 22.48977294 22.53502046 22.56016945 22.58155576 22.50127614 22.43588066 22.3358531 22.21901386 22.15395357 21.98142229 21.77776654 21.47582752 20.91566501 20.23143257 19.42853697 18.66308047 17.99898317 17.39990598 17.02580205 16.71960862 16.29709764 16.17317139 17.03020193 18.71663124 20.55653652 -9999
-9999 -9999 -9999 -9999 -9999 -9999 -9999 -9999 -9999 -9999 -9999 -9999 -9999 -9999 -9999 -9999 -9999 -9999 -9999 15.89980566 13.45695826 9.811595163 6.532301614 4.978822168 4.574022234 4.98997806 6.171231627 8.302934258 11.75011265 15.34333779 17.93571063 19.16219476 19.88576804 20.74195379 21.30264986 21.72364187 21.89644416 21.92215053 22.02203019 22.03347707 22.04785825 22.06282779 21.99581998 21.97684507 21.89101518 21.80648054 21.75463206 21.59908441 21.43847731 21.15377714 20.62599492 19.9650013 19.19575139 18.46801675 17.79873765 17.20218536 16.81079518 16.50105924 16.0598516 16.0085209 16.95408376 18.85038966 20.71841829 -9999
-9999 -9999 -9999 -9999 -9999 -9999 -9999 -9999 -9999 -9999 -9999 -9999 -9999 -9999 -9999 -9999 -9999 -9999 16.35601013 15.14254089 12.91073055 9.816453261 7.175032035 6.027205146 5.736161902 6.274823675 7.397231714 9.266295692 12.73318133 16.20141172 18.57257222 19.59983731 20.33489827 20.90262787 21.30404155 21.53348636 21.63467453 21.68394156 21.69949352 21.68014658 21.67044009 21.61657963 21.57686249 21.56571232 21.54746894 21.50198387 21.39695204 21.26579933 21.09033287 20.8539059 20.36836964 19.72691186 18.98619984 18.2733704 17.610114 17.02119984 16.63600881 16.27461049 15.89653974 15.76392817 16.76349935 18.80436872 20.74346704 -9999
-9999 -9999 -9999 -9999 -9999 -9999 -9999 -9999 -9999 -9999 -9999 -9999 -9999 -9999 -9999 -9999 -9999 -9999 15.87414514 14.06348462 12.01222212 9.892308534 8.227747501 7.187626408 7.006013743 7.650439488 8.904270854 10.99075307 13.85765517 16.69882623 18.8249409 19.91472582 20.50468674 20.95184304 21.15416267 21.3041836 21.38700626 21.39358848 21.39665366 21.33216095 21.28663349 21.24154307 21.18163901 21.1797868 21.17256704 21.11657598 21.02430629 20.88034997 20.74925637 20.54147797 20.0960939 19.51365917 18.82688878 18.16274762 17.52918407 16.94978106 16.54132165 16.19441931 15.7789871 15.71976507 16.71366851 18.69179382 20.53213359 -9999
-9999 -9999 -9999 -9999 -9999 -9999 -9999 -9999 -9999 -9999 -9999 -9999 -9999 -9999 -9999 -9999 -9999 -9999 15.20148906 12.7096927 10.85614084 9.720222319 9.087138892 8.416605327 8.157693792 9.018544244 10.63947138 12.75253403 15.13237088 17.33766857 19.06183111 20.10710492 20.72485668 20.98281655 21.01607106 21.06046897 21.10499801 21.07074363 21.05493441 20.99290207 20.90273113 20.8396704 20.73795708 20.75915848 20.76221378 20.71790232 20.61759206 20.48483843 20.36579125 20.22252797 19.83324056 19.28246492 18.69663656 18.06995035 17.49413737 16.98122502 16.59141499 16.18707426 15.90910681 15.73034376 16.68419147 18.72056108 20.57472849 -9999
-9999 -9999 -9999 -9999 -9999 -9999 -9999 -9999 -9999 -9999 -9999 -9999 -9999 -9999 -9999 -9999 -9999 -9999 14.4009419 11.01364128 9.219733558 9.026334848 9.454092222 9.556175708 9.935521836 11.00665455 12.48784561 14.3497797 16.35870862 18.2137724 19.65674049 20.41634441 20.81836678 20.95774617 20.87009945 20.86422102 20.95438164 20.98784433 20.85969974 20.67089781 20.54653062 20.46232984 20.412579 20.37644409 20.36630465 20.30698572 20.20805013 20.08680957 19.96745477 19.80081061 19.44717271 18.98118764 18.464568 17.96994072 17.52299789 17.11791102 16.83858403 16.58455234 16.2775032 16.23975187 17.1437891 18.92114691 20.52375042 -9999
-9999 -9999 -9999 -9999 -9999 -9999 -9999 -9999 -9999 -9999 -9999 -9999 -9999 -9999 -9999 -9999 -9999 17.69595659 13.60832564 9.212247908 7.571591256 8.609905766 9.805822884 10.64160131 11.65442646 12.90434218 14.16191806 15.84054134 17.49951743 19.13528372 20.32031487 20.68773954 21.03135068 20.8693424 20.7264994 20.70742028 20.8118439 20.98816131 20.66850475 20.37946475 20.18561651 20.07635813 20.05981008 19.98738903 19.95449999 19.87861068 19.76519684 19.68012498 19.5102243 19.34617006 19.03883014 18.65694567 18.21293456 17.8677623 17.5725019 17.28963287 17.13505743 17.09640475 16.96536773 16.94243513 17.78675615 19.36239819 -9999 -9999
-9999 -9999 -9999 -9999 -9999 -9999 -9999 -9999 -9999 -9999 -9999 -9999 -9999 -9999 -9999 -9999 -9999 16.03968327 12.89481321 9.355210647 7.981400131 8.650518818 10.22325347 11.56455281 13.0231316 14.42136405 15.4726534 16.75831766 18.10329923 19.53519549 20.42889218 20.65319603 20.83421341 20.60782262 20.48363918 20.44009965 20.53982761 20.61026797 20.33256858 20.01520678 19.80537108 19.65610602 19.62532473 19.54397826 19.48636411 19.38984607 19.26291116 19.1241687 18.98828868 18.83332568 18.60190539 18.33491096 18.06656294 17.80213832 17.60314464 17.49452227 17.46051891 17.58997234 17.81920127 18.26761067 19.00719768 -9999 -9999 -9999
