meets/meet004/data/CCSM_21k_neotropic_bio11.asc
NCOLS 154 
NROWS 168 
XLLCORNER -112 
YLLCORNER -55.5 
CELLSIZE 0.5 
NODATA_value -9999 
[rows 112 to 139 of 168, columns 64 to 127 of 154]
-9999 -9999 -9999 -9999 -9999 -9999 -9999 -9999 -9999 -9999 -9999 -9999 -9999 -9999 -9999 -9999 -9999 -9999 8.781620911 4.573540859 1.616256315 -0.062245004 -0.83430585 -0.839653512 -0.168869531 1.128959756 3.044831231 5.213992203 7.003225911 8.536206474 9.836193787 10.57727139 11.02340671 11.31568281 11.36086451 11.42792201 11.42176609 11.29921015 11.36739734 11.34097569 11.28636551 11.2036926 11.14596627 11.29190686 11.48593214 11.60304819 11.65843418 11.75736944 11.8873471 12.04703835 11.8612738 11.40209385 10.93341072 10.31538421 9.778823488 9.316296475 8.92239903 8.562129297 8.11838719 7.58681032 8.366229989 10.43618897 12.45786367 -9999
-9999 -9999 -9999 -9999 -9999 -9999 -9999 -9999 -9999 -9999 -9999 -9999 -9999 -9999 -9999 -9999 -9999 -9999 6.943125145 1.814180289 -0.908427763 -1.138819336 -0.272629791 0.629571663 1.876761725 3.275746371 4.670230575 6.232943548 7.694695491 9.008909611 10.04703882 10.56522344 10.83087764 10.94672912 10.88191133 10.9321308 11.00457355 11.02948381 11.00793361 10.92023508 10.85072934 10.77106589 10.75321694 10.84982361 11.00709515 11.10537865 11.15712857 11.21480491 11.31037589 11.36264693 11.18815087 10.85219468 10.4433234 10.02654405 9.643518426 9.316334179 9.085851706 8.779397314 8.238561998 7.956538901 8.743366876 10.67460576 12.52505073 -9999
-9999 -9999 -9999 -9999 -9999 -9999 -9999 -9999 -9999 -9999 -9999 -9999 -9999 -9999 -9999 -9999 -9999 11.18476835 5.292164348 -1.0482267 -3.428919344 -1.753158035 0.184547686 1.870455669 3.760849278 5.174588722 5.941229 7.059453492 8.285582513 9.495926663 10.35225329 10.54414074 10.765766 10.64555219 10.47063174 10.50666027 10.64715368 10.87032313 10.67464904 10.50041416 10.38243148 10.28759922 10.300157 10.34955734 10.46649042 10.53282414 10.56370788 10.6067846 10.61932508 10.60797697 10.45862366 10.24201244 9.902342567 9.701776631 9.488090167 9.244277548 9.072745762 9.090742187 8.771164704 8.456505753 9.349497665 11.15269429 -9999 -9999
-9999 -9999 -9999 -9999 -9999 -9999 -9999 -9999 -9999 -9999 -9999 -9999 -9999 -9999 -9999 -9999 -9999 9.048685202 4.048244491 -1.163751661 -3.142572199 -1.794501428 0.712342994 2.813695546 4.762577262 6.144746164 6.69703091 7.443937027 8.393625612 9.526576239 10.20013221 10.3047104 10.3641923 10.16883341 10.04991112 10.07809964 10.21084019 10.32822076 10.17324898 9.962278547 9.834309844 9.748023684 9.748149193 9.790377188 9.859706557 9.899137271 9.910517563 9.901328287 9.9083402 9.881414199 9.803056582 9.694755875 9.562375253 9.425484479 9.262829625 9.233136598 9.157124357 9.248004907 9.372494232 9.741882472 10.58924078 -9999 -9999 -9999
-9999 -9999 -9999 -9999 -9999 -9999 -9999 -9999 -9999 -9999 -9999 -9999 -9999 -9999 -9999 -9999 -9999 8.086758816 3.334577553 -1.346989276 -3.026938051 -1.417558917 1.158071127 3.370124176 5.48702261 6.807482732 7.095598189 7.398449492 8.043049736 8.962056282 9.480468322 9.471799679 9.734044732 9.577508915 9.472650295 9.515330776 9.61594993 9.777466434 9.590272499 9.366207863 9.259345617 9.20983274 9.167481045 9.210739011 9.245557493 9.260751256 9.252187541 9.215924187 9.225990755 9.209885656 9.178966857 9.177021442 9.153713824 9.056063033 8.992388214 9.056272691 9.086789586 9.360744318 10.08499938 10.88475986 -9999 -9999 -9999 -9999
-9999 -9999 -9999 -9999 -9999 -9999 -9999 -9999 -9999 -9999 -9999 -9999 -9999 -9999 -9999 -9999 -9999 7.419049908 2.880094271 -1.498760695 -2.993439082 -1.545807064 1.085218776 3.591882952 5.864893806 7.114198043 7.195341892 7.096255177 7.160171053 7.301435796 7.61423395 8.038610327 8.400091677 8.634537998 8.769642855 8.88690294 8.885701206 8.865929328 8.86911603 8.849571112 8.804252042 8.704309992 8.630437464 8.632874152 8.651369752 8.653285271 8.631855531 8.597338575 8.60365501 8.608712111 8.636477997 8.660054846 8.625868749 8.567820863 8.548528 8.887692984 9.306423958 10.00675129 10.71009111 11.41886034 -9999 -9999 -9999 -9999
-9999 -9999 -9999 -9999 -9999 -9999 -9999 -9999 -9999 -9999 -9999 -9999 -9999 -9999 -9999 -9999 -9999 7.186076101 2.520956966 -2.021376666 -3.402809028 -1.635968637 0.993874022 3.722768631 6.158475641 7.320855931 7.093035475 6.695704888 6.363079171 5.882034519 6.020079564 6.687561647 7.190792829 7.72164686 8.058936536 8.256418896 8.22791319 8.091179227 8.250603267 8.337287702 8.331327649 8.225488533 8.103250147 8.11314586 8.106135889 8.093132658 8.072034371 8.022012488 8.042868514 8.053739256 8.095707744 8.084602697 8.112985633 8.152194872 8.264186516 8.713247247 9.419588116 -9999 -9999 -9999 -9999 -9999 -9999 -9999
-9999 -9999 -9999 -9999 -9999 -9999 -9999 -9999 -9999 -9999 -9999 -9999 -9999 -9999 -9999 -9999 -9999 6.554610821 2.019296497 -2.288694411 -3.554792865 -1.707141762 1.272373807 3.824678807 6.009220669 7.049265911 6.892001482 6.347307347 5.821025686 5.419838813 5.434073986 5.82502272 6.355148379 6.939451627 7.372479069 7.669241398 7.696833262 7.664452616 7.724635419 7.763813083 7.779704113 7.717003844 7.634075848 7.621615639 7.610072746 7.602005322 7.572916273 7.53342211 7.53273981 7.533553987 7.625975987 7.63221833 7.733828323 7.95027251 8.356344017 8.975249548 -9999 -9999 -9999 -9999 -9999 -9999 -9999 -9999
-9999 -9999 -9999 -9999 -9999 -9999 -9999 -9999 -9999 -9999 -9999 -9999 -9999 -9999 -9999 -9999 -9999 6.271743765 1.662020139 -2.740065845 -3.887670873 -1.731932255 1.323414787 3.757109296 5.825427174 6.731637009 6.447670935 5.945691514 5.483884244 5.07891219 5.030129478 5.283404447 5.684315972 6.326298649 6.850611862 7.224560117 7.296830976 7.267803575 7.321831491 7.309842094 7.298305608 7.246028714 7.185699416 7.206690655 7.20137055 7.188450892 7.153402843 7.103634896 7.105207671 7.112320234 7.189453291 7.170605786 7.341848159 7.80125801 8.401458781 9.103065739 -9999 -9999 -9999 -9999 -9999 -9999 -9999 -9999
-9999 -9999 -9999 -9999 -9999 -9999 -9999 -9999 -9999 -9999 -9999 -9999 -9999 -9999 -9999 -9999 -9999 5.994792619 1.363232257 -2.967756452 -4.103471531 -2.006777081 1.046508573 3.497221336 5.418904568 6.237341104 5.941548078 5.35327431 5.023136222 4.806888478 4.748330077 4.828059876 5.118019961 5.773437439 6.453234856 6.864929013 6.913716563 6.888700265 6.908489749 6.925005307 6.927256077 6.833767328 6.765290543 6.816499958 6.879008883 6.885613913 6.799132615 6.739662444 6.747639838 6.716502324 6.873477163 6.863474021 7.07814559 7.661602587 8.480459598 -9999 -9999 -9999 -9999 -9999 -9999 -9999 -9999 -9999
-9999 -9999 -9999 -9999 -9999 -9999 -9999 -9999 -9999 -9999 -9999 -9999 -9999 -9999 -9999 -9999 -9999 5.793474186 1.178296694 -3.202975776 -4.345524156 -2.221407718 0.739412868 3.131003085 5.003769436 5.768270217 5.430405354 4.859510357 4.629475045 4.471216778 4.451318824 4.542745868 4.803015769 5.485027669 6.115343895 6.514507014 6.53994846 6.498206935 6.544101864 6.562363815 6.574175492 6.520644229 6.453078374 6.491029773 6.518658169 6.44471146 6.374699536 6.289437724 6.299209891 6.324401142 6.491236954 6.478177876 6.815539848 7.555033957 8.443133532 -9999 -9999 -9999 -9999 -9999 -9999 -9999 -9999 -9999
-9999 -9999 -9999 -9999 -9999 -9999 -9999 -9999 -9999 -9999 -9999 -9999 -9999 -9999 -9999 -9999 -9999 5.556095963 0.938122672 -3.356896303 -4.544939978 -2.536022588 0.403948943 2.708863317 4.572476171 5.38307125 5.063174695 4.520657469 4.354561596 4.188135648 4.251092611 4.502753245 4.783029995 5.376506756 5.898191674 6.184797578 6.127406554 6.046259219 6.112609814 6.203268793 6.274723744 6.25076471 6.267737824 6.218999779 6.04607344 6.02933287 5.967197602 5.844946542 5.97520228 5.818538451 6.093698889 6.424494093 6.817445876 7.700261571 8.563327424 -9999 -9999 -9999 -9999 -9999 -9999 -9999 -9999 -9999
-9999 -9999 -9999 -9999 -9999 -9999 -9999 -9999 -9999 -9999 -9999 -9999 -9999 -9999 -9999 -9999 7.838337336 4.990475436 0.522054556 -3.600054311 -4.785656907 -2.990006539 -0.174868652 2.253437644 4.223009686 5.153928003 4.978316027 4.475498886 4.361415356 4.294625108 4.421079602 4.745322961 5.053814179 5.459401428 5.740328296 5.899575745 5.80420773 5.693387603 5.708942996 5.780728174 5.886641954 5.973938124 6.028213098 5.938656904 5.736434397 5.686672357 5.701885451 5.651835125 5.625691826 5.601486175 5.967137358 6.413689442 6.992448486 -9999 -9999 -9999 -9999 -9999 -9999 -9999 -9999 -9999 -9999 -9999
-9999 -9999 -9999 -9999 -9999 -9999 -9999 -9999 -9999 -9999 -9999 -9999 -9999 -9999 -9999 -9999 7.176837461 4.321516241 -0.122076875 -4.159275467 -5.272450142 -3.469777604 -0.897308798 1.696604079 3.969237385 5.044826473 4.890724802 4.599798272 4.50024751 4.586944416 4.774819585 5.086985131 5.493632402 5.577806139 5.613025122 5.619318229 5.477176486 5.404719447 5.331468586 5.301126377 5.412493577 5.577811573 5.7674421 5.664974554 5.525737646 5.596792695 5.551666951 5.62804695 5.730838998 5.626109029 6.049510112 6.658345761 7.318946228 -9999 -9999 -9999 -9999 -9999 -9999 -9999 -9999 -9999 -9999 -9999
-9999 -9999 -9999 -9999 -9999 -9999 -9999 -9999 -9999 -9999 -9999 -9999 -9999 -9999 -9999 -9999 6.162857154 2.967728825 -1.002315532 -4.359679072 -5.272457946 -3.722078518 -1.215769806 1.392034251 3.658171641 4.80202664 4.774241729 4.497319966 4.493820746 4.651141733 4.857443262 5.162381307 5.449726849 5.445081595 5.352232949 5.311080314 5.191631801 5.105052602 5.004857958 4.950978276 5.030204852 5.16452016 5.318872453 5.175662423 -9999 -9999 -9999 5.772572326 5.806688794 5.829147381 6.295765374 -9999 -9999 -9999 -9999 -9999 -9999 -9999 -9999 -9999 -9999 -9999 -9999 -9999
-9999 -9999 -9999 -9999 -9999 -9999 -9999 -9999 -9999 -9999 -9999 -9999 -9999 -9999 -9999 7.920293507 4.892417257 1.398403007 -1.947465397 -4.689092684 -5.291984997 -3.689379958 -1.374399634 1.130042388 3.441382618 4.585378253 4.465129093 4.20672299 4.307224759 4.486590011 4.694826781 4.978409805 5.157615497 5.135973555 5.003201552 4.908937952 4.809539974 4.775736001 4.649898755 4.596836429 4.643649454 4.656353049 4.775659072 4.678281493 4.532656092 -9999 -9999 -9999 -9999 -9999 -9999 -9999 -9999 -9999 -9999 -9999 -9999 -9999 -9999 -9999 -9999 -9999 -9999 -9999
-9999 -9999 -9999 -9999 -9999 -9999 -9999 -9999 -9999 -9999 -9999 -9999 -9999 -9999 -9999 6.915361628 3.68808761 0.24840889 -2.622145292 -4.517926427 -4.841351616 -3.495379898 -1.372238065 1.012156639 3.162317525 4.251986333 4.195457758 3.916680062 3.992526797 4.175571973 4.372903062 4.648457551 4.798984982 4.721034173 4.519309477 4.422628578 4.341281759 4.278359929 4.169332532 4.088629023 4.120308682 4.164107682 4.265750032 4.112403521 4.07107245 -9999 -9999 -9999 -9999 -9999 -9999 -9999 -9999 -9999 -9999 -9999 -9999 -9999 -9999 -9999 -9999 -9999 -9999 -9999
-9999 -9999 -9999 -9999 -9999 -9999 -9999 -9999 -9999 -9999 -9999 -9999 -9999 -9999 8.106308643 5.978559221 2.533891116 -1.027223233 -3.031312508 -4.385759166 -4.459293322 -3.172701021 -1.410677002 0.896975376 3.032299762 4.051609949 3.87641468 3.558189486 3.691998394 3.846139645 4.025252395 4.282662698 4.470729484 4.315047319 4.053034142 3.922767535 3.853841438 3.743947216 3.668449779 3.544225242 3.567647936 3.618374861 3.745354699 3.725799223 3.584397252 4.063711573 -9999 -9999 -9999 -9999 -9999 -9999 -9999 -9999 -9999 -9999 -9999 -9999 -9999 -9999 -9999 -9999 -9999 -9999
-9999 -9999 -9999 -9999 -9999 -9999 -9999 -9999 -9999 -9999 -9999 -9999 -9999 -9999 6.540223673 4.450659796 1.578219557 -1.160204252 -2.936629377 -3.82218676 -3.791459029 -2.79348454 -1.198044697 0.828607833 2.737085093 3.703928636 3.670370387 3.41078901 3.434090928 3.527943523 3.680121323 3.968279772 4.092899247 3.96426984 3.669129822 3.535978561 3.467758097 3.39455816 3.295034231 3.158155624 3.177273763 3.247251513 3.2702047 3.187404397 3.144859137 3.616308278 4.415564623 -9999 -9999 -9999 -9999 -9999 -9999 -9999 -9999 -9999 -9999 -9999 -9999 -9999 -9999 -9999 -9999 -9999
-9999 -9999 -9999 -9999 -9999 -9999 -9999 -9999 -9999 -9999 -9999 -9999 -9999 6.507382616 5.038690433 3.085294114 0.853336089 -1.470596729 -2.617323915 -3.228699969 -3.116236133 -2.211080642 -1.044775797 0.894163814 2.642822495 3.507499548 3.450980392 3.24703664 3.26309882 3.269866782 3.394187763 3.669892715 3.807369867 3.670162908 3.33029427 3.12664873 3.088596128 3.029884935 2.97700638 2.775458084 2.811459596 2.84037844 2.837314659 3.001315671 2.861509216 3.376873004 -9999 -9999 -9999 -9999 -9999 -9999 -9999 -9999 -9999 -9999 -9999 -9999 -9999 -9999 -9999 -9999 -9999 -9999
-9999 -9999 -9999 -9999 -9999 -9999 -9999 -9999 -9999 -9999 -9999 -9999 -9999 5.539217217 3.839397005 2.041641367 0.362161072 -1.065044765 -2.032937078 -2.34341674 -2.190506662 -1.595981129 -0.431176121 1.056806622 2.550583382 3.318128712 3.306502016 3.138903512 3.10382414 3.123972693 3.219363682 3.453358073 3.500335594 3.351722605 2.979145958 2.837609667 2.824625596 2.710528652 2.675733398 2.501894321 2.583557172 2.723807948 2.856691295 3.003910001 3.123481977 -9999 -9999 -9999 -9999 -9999 -9999 -9999 -9999 -9999 -9999 -9999 -9999 -9999 -9999 -9999 -9999 -9999 -9999 -9999
-9999 -9999 -9999 -9999 -9999 -9999 -9999 -9999 -9999 -9999 -9999 -9999 -9999 4.769779981 2.814832788 1.104640387 -0.089804617 -1.02563277 -1.84462107 -1.918450253 -1.71445178 -1.272743134 -0.155521959 1.092106427 2.469121616 3.174147058 3.116612413 3.001656236 2.989069573 2.996660329 3.05795528 3.198466394 3.264884521 3.130531655 2.792785024 2.656700994 2.671745627 2.574402768 2.61497271 2.434699069 2.548906798 2.736810333 2.921156865 3.134632406 3.395400221 -9999 -9999 -9999 -9999 -9999 -9999 -9999 -9999 -9999 -9999 -9999 -9999 -9999 -9999 -9999 -9999 -9999 -9999 -9999
-9999 -9999 -9999 -9999 -9999 -9999 -9999 -9999 -9999 -9999 -9999 -9999 -9999 4.109993151 2.057364924 0.362835232 -0.778336931 -1.582238781 -2.139114316 -2.255059516 -2.042309957 -1.517037056 -0.500976197 0.729907775 2.099614143 2.808818616 2.846824816 2.840461674 2.80466796 2.836210137 2.905957756 2.925195005 2.921092056 2.894793672 2.823730605 2.859909094 2.898047277 2.942551928 2.85822508 2.798533408 2.890840764 2.882347898 -9999 -9999 -9999 -9999 -9999 -9999 -9999 -9999 -9999 -9999 -9999 -9999 -9999 -9999 -9999 -9999 -9999 -9999 -9999 -9999 -9999 -9999
-9999 -9999 -9999 -9999 -9999 -9999 -9999 -9999 -9999 -9999 -9999 -9999 -9999 3.495145112 1.267341085 -0.470376409 -1.521449068 -2.261192259 -2.730780413 -2.858237046 -2.637814044 -2.071231028 -1.173980426 -0.068120556 1.290402571 2.021272043 2.151531613 2.38301294 2.485601359 2.587831392 2.6604093 2.594815853 2.565451036 2.658372301 2.816266349 2.943632627 -9999 -9999 -9999 -9999 -9999 -9999 -9999 -9999 -9999 -9999 -9999 -9999 -9999 -9999 -9999 -9999 -9999 -9999 -9999 -9999 -9999 -9999 -9999 -9999 -9999 -9999 -9999 -9999
-9999 -9999 -9999 -9999 -9999 -9999 -9999 -9999 -9999 -9999 -9999 -9999 -9999 2.968396303 0.636114446 -1.139016848 -2.170924159 -2.849353104 -3.228709436 -3.315155047 -3.158994918 -2.722178353 -2.004377262 -1.085450389 -0.154705006 0.596748139 1.138413879 1.499426656 1.965297513 2.257230082 2.486091685 2.398790183 2.360693305 2.491074414 2.677262001 2.861348055 -9999 -9999 -9999 -9999 -9999 -9999 -9999 -9999 -9999 -9999 -9999 -9999 -9999 -9999 -9999 -9999 -9999 -9999 -9999 -9999 -9999 -9999 -9999 -9999 -9999 -9999 -9999 -9999
-9999 -9999 -9999 -9999 -9999 -9999 -9999 -9999 -9999 -9999 -9999 -9999 4.583179749 2.32115018 -0.119804095 -1.906040313 -2.84637692 -3.362105099 -3.769321639 -3.840282481 -3.712226155 -3.353181473 -2.7693947 -1.99662875 -1.271574664 -0.507178169 0.222139783 0.801188857 1.515654433 2.001393961 2.297220416 2.244702681 2.177608187 2.350672625 2.508369823 -9999 -9999 -9999 -9999 -9999 -9999 -9999 -9999 -9999 -9999 -9999 -9999 -9999 -9999 -9999 -9999 -9999 -9999 -9999 -9999 -9999 -9999 -9999 -9999 -9999 -9999 -9999 -9999 -9999
-9999 -9999 -9999 -9999 -9999 -9999 -9999 -9999 -9999 -9999 -9999 -9999 4.102010144 1.86158172 -0.765167013 -2.561288965 -3.270326489 -3.869925952 -4.30075716 -4.355195411 -4.281750559 -3.876157018 -3.312476497 -2.611138308 -1.838290385 -1.045203663 -0.307294101 0.48114983 1.208460712 1.756848067 2.216756253 2.229398888 2.300115644 2.371749667 2.34368476 -9999 -9999 -9999 -9999 -9999 -9999 -9999 -9999 -9999 -9999 -9999 -9999 -9999 -9999 -9999 -9999 -9999 -9999 -9999 -9999 -9999 -9999 -9999 -9999 -9999 -9999 -9999 -9999 -9999
-9999 -9999 -9999 -9999 -9999 -9999 -9999 -9999 -9999 -9999 -9999 -9999 3.618513271 1.430129616 -1.068983694 -2.852466412 -3.71235324 -4.357971264 -4.71927935 -4.825656571 -4.754029314 -4.332094268 -3.699695913 -2.978673148 -2.228448003 -1.390435377 -0.585672126 0.227078616 0.942197862 1.596210158 -9999 -9999 -9999 -9999 -9999 -9999 -9999 -9999 -9999 -9999 -9999 -9999 -9999 -9999 -9999 -9999 -9999 -9999 -9999 -9999 -9999 -9999 -9999 -9999 -9999 -9999 -9999 -9999 -9999 -9999 -9999 -9999 -9999 -9999
