meets/meet004/data/CCSM_21k_neotropic_bio15.asc
NCOLS 154 
NROWS 168 
XLLCORNER -112 
YLLCORNER -55.5 
CELLSIZE 0.5 
NODATA_value -9999 
[rows 29 to 57 of 168, columns 64 to 127 of 154]
-9999 -9999 -9999 -9999 -9999 -9999 -9999 -9999 -9999 -9999 -9999 -9999 -9999 -9999 -9999 -9999 -9999 -9999 -9999 -9999 -9999 -9999 -9999 -9999 -9999 -9999 -9999 -9999 -9999 -9999 -9999 -9999 -9999 -9999 -9999 -9999 -9999 81.60376177 -9999 -9999 -9999 -9999 -9999 -9999 -9999 -9999 -9999 -9999 -9999 -9999 -9999 -9999 -9999 -9999 -9999 -9999 -9999 -9999 -9999 -9999 -9999 -9999 -9999 -9999
-9999 -9999 -9999 -9999 -9999 -9999 -9999 -9999 -9999 -9999 -9999 -9999 -9999 -9999 -9999 -9999 -9999 -9999 -9999 -9999 -9999 -9999 -9999 -9999 -9999 -9999 -9999 -9999 -9999 -9999 -9999 -9999 -9999 -9999 -9999 -9999 -9999 84.35605142 -9999 -9999 -9999 -9999 -9999 -9999 -9999 -9999 -9999 -9999 -9999 -9999 -9999 -9999 -9999 -9999 -9999 -9999 -9999 -9999 -9999 -9999 -9999 -9999 -9999 -9999
-9999 -9999 -9999 -9999 -9999 -9999 -9999 -9999 -9999 -9999 -9999 -9999 -9999 -9999 -9999 -9999 -9999 -9999 -9999 -9999 -9999 -9999 -9999 -9999 -9999 -9999 -9999 -9999 -9999 -9999 -9999 -9999 -9999 -9999 -9999 -9999 -9999 -9999 -9999 -9999 -9999 -9999 -9999 -9999 -9999 -9999 -9999 -9999 -9999 -9999 -9999 -9999 -9999 -9999 -9999 -9999 -9999 -9999 -9999 -9999 -9999 -9999 -9999 -9999
-9999 -9999 -9999 -9999 -9999 -9999 -9999 -9999 -9999 -9999 -9999 -9999 -9999 -9999 -9999 -9999 81.38048692 -9999 -9999 -9999 -9999 -9999 -9999 -9999 -9999 -9999 -9999 -9999 -9999 -9999 -9999 -9999 -9999 -9999 -9999 -9999 85.22885667 -9999 -9999 -9999 -9999 -9999 -9999 -9999 -9999 -9999 -9999 -9999 -9999 -9999 -9999 -9999 -9999 -9999 -9999 -9999 -9999 -9999 -9999 -9999 -9999 -9999 -9999 -9999
-9999 -9999 -9999 -9999 -9999 -9999 -9999 -9999 -9999 -9999 -9999 -9999 -9999 -9999 96.32180186 90.61236068 84.28991031 -9999 -9999 -9999 -9999 -9999 -9999 -9999 -9999 -9999 -9999 -9999 -9999 -9999 -9999 -9999 -9999 -9999 -9999 -9999 -9999 -9999 -9999 -9999 -9999 -9999 -9999 -9999 -9999 -9999 -9999 -9999 -9999 -9999 -9999 -9999 -9999 -9999 -9999 -9999 -9999 -9999 -9999 -9999 -9999 -9999 -9999 -9999
-9999 -9999 -9999 -9999 -9999 -9999 -9999 -9999 -9999 -9999 118.3405027 115.509152 111.5119333 105.953233 99.5203537 94.51230464 -9999 -9999 76.591558 71.67146209 69.61669904 68.71473916 68.55832012 -9999 -9999 -9999 -9999 -9999 -9999 -9999 -9999 -9999 -9999 -9999 -9999 -9999 -9999 -9999 -9999 -9999 -9999 -9999 -9999 -9999 -9999 -9999 -9999 -9999 -9999 -9999 -9999 -9999 -9999 -9999 -9999 -9999 -9999 -9999 -9999 -9999 -9999 -9999 -9999 -9999
-9999 -9999 -9999 -9999 -9999 -9999 -9999 -9999 -9999 118.976279 117.9735435 115.5903807 112.2182433 109.4978558 102.8410311 98.17747137 91.03697716 85.14404715 81.52728821 76.08357826 74.40397885 73.56115622 71.58955378 73.81128129 -9999 -9999 -9999 -9999 -9999 -9999 -9999 -9999 -9999 -9999 -9999 -9999 -9999 -9999 -9999 -9999 -9999 -9999 -9999 -9999 -9999 -9999 -9999 -9999 -9999 -9999 -9999 -9999 -9999 -9999 -9999 -9999 -9999 -9999 -9999 -9999 -9999 -9999 -9999 -9999
-9999 -9999 -9999 -9999 -9999 -9999 -9999 -9999 -9999 117.4034268 116.6447103 115.0858426 112.9355151 109.9054364 105.2363974 101.7696064 96.93387826 91.4024719 87.39609922 84.01309284 82.54400566 81.56814098 81.08647351 82.0749752 83.02814077 84.00522387 85.56408453 87.39173744 87.40389904 88.89864214 87.51553732 83.77112013 81.08861756 77.33182713 75.13118923 -9999 -9999 -9999 -9999 -9999 -9999 -9999 -9999 -9999 -9999 -9999 -9999 -9999 -9999 -9999 -9999 -9999 -9999 -9999 -9999 -9999 -9999 -9999 -9999 -9999 -9999 -9999 -9999 -9999
-9999 -9999 -9999 -9999 -9999 -9999 -9999 -9999 -9999 114.2876031 114.5471691 113.453079 112.5776474 110.1690926 106.7093005 104.1554415 100.0723408 96.88049071 95.42597233 91.41613312 91.54804639 92.33360007 91.87893 92.98734521 93.58351359 93.74035142 94.57373776 94.5275882 94.45262572 93.3098871 90.5709868 86.48295025 82.49340689 78.29009063 74.92405332 73.58424444 72.57035639 -9999 -9999 -9999 -9999 -9999 -9999 -9999 -9999 -9999 -9999 -9999 -9999 -9999 -9999 -9999 -9999 -9999 -9999 -9999 -9999 -9999 -9999 -9999 -9999 -9999 -9999 -9999
90.52485466 93.62106534 95.30284478 100.402924 -9999 -9999 -9999 -9999 111.7516639 112.2453589 112.4384058 112.4817657 111.4133774 109.4768326 106.7085599 104.5404997 101.6632284 99.38685962 98.01197753 97.41956852 97.85064363 98.70112533 100.0140964 100.5861616 101.3678606 101.4473293 100.8463026 100.619525 98.99479704 96.53661829 93.73508391 89.56948252 84.88967494 79.55080996 75.30171904 73.39447431 71.11484463 70.70984456 -9999 -9999 -9999 -9999 -9999 -9999 -9999 -9999 -9999 -9999 -9999 -9999 -9999 -9999 -9999 -9999 -9999 -9999 -9999 -9999 -9999 -9999 -9999 -9999 -9999 -9999
89.07664898 -9999 -9999 95.14611405 98.79833171 100.34742 103.5467381 105.8486102 106.962864 108.4923775 109.9716978 109.6850866 109.4200912 107.4914248 104.808793 103.3124392 100.9981343 100.8328982 101.2909066 101.2118462 103.2306117 105.5780362 106.7611391 108.3272212 108.3467813 107.4676579 107.9853485 104.966854 103.8203106 100.9776789 97.42433257 93.3644796 87.92008576 85.4387729 78.94426682 76.31492473 72.86518484 70.58667829 -9999 -9999 -9999 -9999 -9999 -9999 -9999 -9999 -9999 -9999 -9999 -9999 -9999 -9999 -9999 -9999 -9999 -9999 -9999 -9999 -9999 -9999 -9999 -9999 -9999 -9999
-9999 -9999 -9999 92.50301081 94.08833953 95.54798514 98.72114817 101.6922484 103.1890931 105.4842645 106.5315958 107.4491959 107.2458939 105.1611457 102.6085408 100.5959724 100.3173684 100.2235137 101.7591078 104.6585699 106.4400852 108.8406823 110.2759203 111.4908258 111.7456502 111.8104027 109.9139624 108.1449239 106.4843742 101.8656068 99.00196867 95.17403976 90.8351198 86.95954488 82.17384467 78.27461011 74.4980501 71.12555363 69.21587487 67.58426985 68.59666613 -9999 -9999 -9999 -9999 -9999 -9999 -9999 -9999 -9999 -9999 -9999 -9999 -9999 -9999 -9999 -9999 -9999 -9999 -9999 -9999 -9999 -9999 -9999
-9999 -9999 -9999 87.5247973 89.56671217 90.24316353 91.96591529 95.60626889 97.90886036 101.3197769 103.974272 103.3602317 103.4877195 101.1573964 99.14398967 98.805547 99.18633952 100.4383254 103.5750832 106.4669325 109.1928527 111.9012479 113.1641251 113.8889267 113.2928329 112.3410069 112.0365545 109.3005105 106.4854685 102.004124 97.93373769 94.89612291 90.13743822 86.9056051 81.99595057 79.36204506 77.22182555 72.90674416 70.54671468 66.74832722 66.73263462 67.33512931 -9999 -9999 -9999 -9999 -9999 -9999 -9999 -9999 -9999 -9999 -9999 -9999 -9999 -9999 -9999 -9999 -9999 -9999 -9999 -9999 -9999 -9999
-9999 -9999 -9999 -9999 83.67396804 84.71126484 88.10084955 90.41975063 92.95665445 97.59754415 99.51819853 99.87770642 99.54144316 97.55147839 96.43764105 95.70105198 98.01772747 99.42961618 103.5367649 108.2507633 110.7883167 112.5803813 112.8185751 113.5046961 112.3966301 112.1210534 110.3295145 107.6852175 105.4291493 99.28516446 96.03932911 91.92820974 87.3819206 85.14208338 81.32163817 78.51390254 76.23411755 73.39721723 70.44490205 67.78410746 66.05956434 65.71961524 66.60426654 -9999 -9999 -9999 -9999 -9999 -9999 -9999 -9999 -9999 -9999 -9999 -9999 -9999 -9999 -9999 -9999 -9999 -9999 -9999 -9999 -9999
-9999 -9999 -9999 -9999 -9999 77.19698271 79.81922779 83.36887583 86.35999037 91.30486337 93.75218721 93.72653605 94.69864673 93.51540162 93.45697428 94.42178143 97.56009054 100.1222471 103.8850953 107.9451974 109.6701282 110.5482071 110.6772175 110.3149652 109.418043 108.9939084 107.0842024 104.4334766 101.3817237 96.592109 93.77333264 89.73032189 85.41836168 82.93217532 79.81009838 77.66178439 75.56832299 72.31881881 70.52564221 67.6933639 67.07756491 67.04804645 67.57498107 67.90542814 -9999 -9999 -9999 -9999 -9999 -9999 -9999 -9999 -9999 -9999 -9999 -9999 -9999 -9999 -9999 -9999 -9999 -9999 -9999 -9999
-9999 -9999 -9999 -9999 -9999 71.28645827 73.62179078 76.77458084 80.08177264 85.57231443 87.65125001 89.09980738 90.23322182 90.36722484 91.61150925 92.76197979 97.2768362 99.78593463 103.168262 105.8231692 107.070575 107.6038528 106.4770826 106.6638268 104.7194468 104.240202 102.7315182 100.0594511 98.06982832 93.51964716 90.78169909 87.06092859 83.29689931 81.20388022 78.98701561 76.84019629 74.03816361 71.24364581 68.78801029 66.81814584 65.23659282 66.40064945 68.30436741 68.68975268 69.35465269 -9999 -9999 -9999 -9999 -9999 -9999 -9999 -9999 -9999 -9999 -9999 -9999 -9999 -9999 -9999 -9999 -9999 -9999 -9999
-9999 -9999 -9999 -9999 -9999 61.96776701 64.65541452 68.97593563 73.13974842 78.1566661 80.4491255 82.56872812 84.80542122 86.84130005 89.34918417 91.40599191 95.09085608 97.86646376 100.3917318 102.084963 102.1249272 101.6809444 100.769089 99.61982659 98.37565856 97.85565663 96.16318111 94.30930096 92.24301787 89.16907449 87.86173758 84.85485864 82.51076725 80.54777453 79.38017229 78.031858 75.33369434 72.60898804 69.68388815 67.34526599 67.20635628 69.15184577 70.62741384 72.13093276 72.69180719 73.01421487 72.33672462 70.38482373 68.31940641 65.5671553 63.93843729 62.28182827 -9999 -9999 -9999 -9999 -9999 -9999 -9999 -9999 -9999 -9999 -9999 -9999
-9999 -9999 -9999 -9999 -9999 53.04766874 57.53115276 62.69867296 67.13068182 72.15692504 73.93268388 77.25003332 79.81939687 83.18204123 86.73011664 89.03481811 91.9889035 94.69857525 95.7376486 96.6314753 96.44610183 95.35136914 94.06795468 93.03826595 91.96940029 91.3192327 90.37561293 89.08929983 88.12939905 86.40937738 85.46755701 83.91249007 82.67246035 82.09041619 81.9385119 81.25427594 79.41509573 76.75087879 72.74169671 69.39069328 68.6200049 70.66763064 73.43997929 75.07392398 76.58877128 75.54506314 73.53422806 72.13022261 69.55520382 65.56950837 64.34849125 61.48669915 60.62013412 59.4416236 60.1063366 -9999 -9999 -9999 -9999 -9999 -9999 -9999 -9999 -9999
-9999 -9999 -9999 -9999 -9999 45.12006035 50.5278724 56.83011204 62.29432129 66.3588676 67.46721823 70.96988672 74.91500273 79.03247664 82.64122844 84.6042821 86.81187704 88.55773093 89.41444255 89.43845246 88.52812296 87.06695686 85.92772593 84.80517348 84.18515948 84.22204801 83.66935973 83.85063035 83.82189453 83.52026943 84.51579847 84.48320809 85.01375538 84.91302142 86.1899755 86.50711373 84.81973723 82.96348448 78.72948941 75.50346977 74.37630146 75.2314961 77.13175361 78.68841384 80.12282086 80.2367596 79.14236694 76.10435382 73.81443377 69.12380252 66.52859129 64.5451493 61.05889602 59.94254858 58.99314194 59.79930032 -9999 -9999 -9999 -9999 -9999 -9999 -9999 -9999
-9999 -9999 -9999 -9999 -9999 38.35738945 46.61845319 53.81872039 57.10005405 61.3087941 62.07505418 65.56978621 69.94397205 73.69349762 76.95418298 79.0919459 81.12579006 82.0464027 80.95485624 80.8062937 79.83095957 78.03497677 76.78098919 76.33913329 76.76001998 76.73817251 77.404694 78.76418108 80.48549957 82.29802085 83.60351875 86.38656235 87.6114938 89.75938547 91.30771101 92.3494545 92.13008428 90.57286214 87.30058011 82.87152669 81.34854412 80.68305635 81.42277053 82.59377708 82.74394847 81.85474064 79.97754649 78.21802245 75.96900769 71.43631235 68.19731368 66.26866323 62.58161445 61.51696322 58.70133851 59.70387414 60.35945488 61.15180157 -9999 -9999 -9999 -9999 -9999 -9999
-9999 -9999 -9999 -9999 -9999 36.24942898 43.12903331 49.77540993 54.53947608 56.23174886 56.49499418 60.1506675 64.46059446 68.00402245 71.02857492 72.16158704 72.90343384 73.07283707 72.3877232 71.15859733 69.74238034 68.49249323 67.55456853 67.78515552 68.39260793 69.71984054 71.99937737 74.50059314 77.69651508 80.9278214 84.50421734 88.75149896 91.86877285 95.11560576 96.83375097 98.37110249 99.31100539 98.09751512 95.38287492 91.47218192 89.19978358 87.30589641 85.96907391 85.15607929 84.13628847 83.66629455 82.28459375 79.91521835 77.70765586 74.30835208 71.71319024 69.1328596 65.87632791 63.54522149 61.0349256 60.31151765 59.29100579 59.29743745 -9999 -9999 -9999 -9999 -9999 -9999
-9999 -9999 -9999 -9999 -9999 36.27837187 42.8779403 48.66196262 50.50361313 51.33966254 51.96184443 55.00396921 58.85378718 61.13895717 64.16820618 64.5445018 64.45171379 64.09978275 62.12923439 61.01744269 59.21319318 58.05374338 57.40009015 58.60957124 60.09988079 62.75096114 65.93450398 70.54328958 73.95376724 78.79183344 83.87069284 88.88355905 94.41767293 97.01021778 99.41096585 101.1545841 102.3190296 102.8076689 99.21063952 96.06428722 93.22643654 90.14129789 89.03916962 86.2057804 83.99725922 82.57591532 80.96059628 79.93122492 77.44623659 74.52501878 72.45113512 69.58976737 67.54552863 64.79115607 61.89716793 61.63130788 59.503732 59.25997346 -9999 -9999 -9999 -9999 -9999 -9999
-9999 -9999 -9999 -9999 -9999 36.5794452 39.82003123 42.9431442 45.10626085 46.85105093 48.62133932 51.43617744 54.22074147 56.07599227 57.26953559 57.25665997 56.89656249 55.91383898 54.27108364 52.32030368 50.56138427 49.75607262 49.38905901 51.40414523 53.68549979 56.81067408 61.67365451 65.86223124 71.0752225 76.11396154 80.69040746 86.64203606 91.15376071 95.70945385 97.76166986 99.22237407 100.7467093 98.85738655 97.48162125 93.77107324 91.99366974 89.61160632 86.32216469 84.8254466 82.01374535 81.70393455 81.18534809 79.55527233 78.57767766 75.92480529 73.55114251 71.3372456 68.5592196 66.37864778 64.03142236 62.62926162 60.32397905 59.60225408 -9999 -9999 -9999 -9999 -9999 -9999
-9999 -9999 -9999 29.16644439 33.8210315 36.28164142 37.99491536 38.72797468 39.53906154 42.93480264 45.48473761 47.96245487 49.67222822 49.79977293 50.9252395 50.21330378 48.76523415 47.87203458 45.35143716 43.90667152 41.98147981 40.78907291 41.43425357 43.54764195 47.51215229 51.75532364 56.97474095 62.20133106 67.08093061 72.28202292 77.00274461 82.70295028 87.21795574 90.79672547 93.28729234 94.38546088 94.78797996 93.7592123 92.44115093 88.45354896 86.30847314 84.25120976 82.68050489 80.62777895 78.66081135 78.11734359 77.79377986 77.93440174 76.98902678 75.1127635 73.55449019 71.43087534 69.72759414 67.13085324 64.92738093 64.48824587 62.21591273 61.09913856 60.92087623 -9999 -9999 -9999 -9999 -9999
-9999 -9999 26.45370797 30.82050022 34.47658904 34.30301546 32.42693197 32.07817275 34.93769579 39.40993144 42.09304673 44.13186373 45.34206864 45.6429128 45.21627819 44.31188326 42.90886415 41.35220808 39.28578566 37.17910441 35.66540438 35.14597706 35.92579256 39.08601244 43.32510862 47.92400384 53.47682119 58.82587585 63.8846554 69.01232496 72.96511131 77.55245805 81.77552901 84.59400454 87.10423644 87.95226411 87.82937115 86.33223829 84.67923907 81.87286062 80.75069127 78.8890867 76.75946852 75.75429861 74.37863203 74.8745256 75.4080385 75.11895675 75.6159269 74.13091524 72.46651327 71.26503655 69.06292693 67.60655919 66.14261833 64.78465711 63.44163303 62.60561128 60.00535519 58.33197896 -9999 -9999 -9999 -9999
-9999 -9999 30.14715059 34.62371133 36.57233952 32.89943884 29.8734221 28.69862872 31.73533623 36.27929207 38.8822489 40.79528923 41.3283539 40.47482129 40.21133288 38.95232478 37.02779854 35.43896828 33.07789574 31.25071689 29.96328206 29.83437449 30.99763498 34.03048777 39.27110655 44.27356114 49.56991454 55.62626247 59.36647092 64.63463394 68.26281708 71.74021333 75.36238601 76.96643835 79.18837003 79.43721398 78.62059304 78.3208656 76.29556984 74.22651535 72.8852069 71.25130484 71.01922586 70.22868749 69.72389053 70.19046571 70.68105392 71.41443785 71.57414695 70.9008944 70.015319 69.3193143 68.18037233 66.44352176 65.64448787 65.57547531 64.69881007 64.10127825 63.44006391 60.35918936 -9999 -9999 -9999 -9999
18.99312126 25.55064443 33.76753723 36.30876641 37.20561423 32.80722366 28.4080138 27.05197534 29.52448163 33.89083501 35.93013688 36.52681671 36.74052699 36.71559058 36.05619889 35.18175626 33.2951401 31.10133653 29.18220281 27.29900151 26.79285773 27.19831595 28.52913307 31.95390965 36.14857909 41.30989322 46.84703196 52.30161346 56.80258805 60.82449957 63.76906167 67.29411231 69.80576353 71.31070677 71.88145676 71.97144709 72.22629542 71.17361359 69.86156937 67.37071293 66.76288566 66.60033673 65.92996251 66.14489604 65.62594268 66.27015698 67.51489069 67.63742348 68.46042364 67.48306444 66.54588364 66.99521418 66.0533019 65.84935812 65.51299939 64.55592687 65.38784695 65.50567631 62.34308 63.04555051 -9999 -9999 -9999 -9999
25.07693194 31.97366817 39.20212999 40.19168102 39.19950632 32.27057505 28.31897789 27.31235631 28.69894775 31.65464305 33.20871217 33.86947548 33.64254417 33.18410068 32.85147871 31.88263517 29.90516135 28.1567063 26.85354955 25.56382799 25.37130495 26.02753285 27.32795103 30.1135732 34.37410368 38.86825568 43.57736292 48.36661603 52.36852528 57.02644258 59.75298397 61.93675084 63.64014789 64.7003358 65.72022417 65.5730667 64.91566178 64.29432527 63.33415536 62.24639802 61.49040281 61.43270593 61.52026346 62.07621157 62.61591426 63.17496852 63.75072336 63.77778716 63.99738285 63.86914831 63.34704425 63.65669469 62.91650267 62.48794283 63.41337149 63.68123021 64.71791444 65.71749009 63.9725543 62.51482229 63.30576973 -9999 -9999 -9999
31.50566244 36.93598116 42.7249047 43.57714518 41.04486017 33.15634879 29.12055305 27.42901724 28.29377827 30.5077387 31.74379558 31.46329879 30.86311297 30.64214528 30.18176636 29.47224693 28.11075048 26.85643461 26.14587034 25.6235847 25.94021873 26.26642272 27.41274439 29.82720689 32.98994079 36.92817906 41.48580664 45.74028786 49.3669817 53.36423734 55.65765399 57.94908103 59.54817847 59.95792094 60.32136127 60.13029627 59.90000286 59.60268666 58.60734243 57.60644631 57.37900663 57.9926386 58.45168165 59.35075842 60.06540119 60.48879699 61.09271436 60.91337242 60.58023414 60.24132548 59.52042424 60.27514189 59.95672485 59.62172324 60.71258352 60.67190209 62.87399307 63.90506257 64.54500749 63.32049854 61.75179318 59.91853691 59.4835651 -9999
