meets/meet004/data/CCSM_0k_neotropic_bio11.asc
NCOLS 154 
NROWS 168 
XLLCORNER -112 
YLLCORNER -55.5 
CELLSIZE 0.5 
NODATA_value -9999 
[rows 87 to 115 of 168, columns 64 to 127 of 154]
-9999 -9999 -9999 -9999 -9999 -9999 -9999 -9999 -9999 17.90981447 16.48558036 14.46742173 12.09983629 8.822294171 5.83745608 3.461252037 2.039551182 0.898715448 0.284574996 0.199426893 1.576741157 4.139855688 7.363725851 10.90328149 14.28343406 17.55813524 20.10790376 22.18511073 23.40493094 24.14700614 24.64600456 24.51532764 24.15681697 23.9240087 23.58409423 23.42102954 23.49655304 23.66439386 23.70114129 23.83599233 23.92734952 23.98385228 24.17590276 24.10100191 24.13811783 24.07355151 23.92606401 23.72368014 23.24029902 22.7266062 22.45026477 22.43113838 22.47491671 22.54690829 22.59144154 22.38210465 21.97822567 21.5135167 21.16220556 20.75233182 20.29290822 19.88485911 19.40020886 19.07226579
-9999 -9999 -9999 -9999 -9999 -9999 -9999 -9999 -9999 -9999 -9999 17.04276534 15.97783406 13.03358311 10.21249604 7.278337074 4.766225269 2.616869469 1.109644528 0.258642057 0.942262551 2.481997546 4.829238497 7.868275659 10.73798842 14.10410671 17.11992968 19.85279122 21.73842491 22.93303383 23.65509871 23.61029393 23.16394953 23.32564118 23.32885696 23.36933196 23.66261404 23.90069677 23.94564408 24.18050157 24.34061779 24.48109983 24.80579482 24.64452905 24.61682651 24.46531659 24.18705105 23.92084871 23.30530397 22.66003497 22.36929928 22.38600584 22.46589538 22.53788714 22.5464501 22.28926982 21.79064431 21.20006679 20.7172415 20.14854294 19.60926331 19.25786013 18.76749398 18.5059942
-9999 -9999 -9999 -9999 -9999 -9999 -9999 -9999 -9999 -9999 -9999 -9999 -9999 15.92210069 14.28877373 11.60674308 8.222264249 4.680732113 2.827572781 1.053951929 0.387992159 1.389411268 2.535058362 4.807048745 7.575939923 10.57606088 13.5867088 16.70630332 19.10231939 21.25544747 22.69958272 22.84277407 23.24709666 23.32572631 23.29331984 23.52274379 23.62213748 23.80471116 23.87087168 23.91270147 24.09880734 24.33895139 24.53999522 24.59294128 24.52428018 24.38657696 24.26790713 23.94489836 23.38225646 22.77470648 22.41383468 22.47535294 22.51585106 22.28201379 22.21564424 21.86976217 21.38293438 21.0204845 20.4259462 19.90625962 19.41294225 18.98807776 18.59894364 18.28971413
-9999 -9999 -9999 -9999 -9999 -9999 -9999 -9999 -9999 -9999 -9999 -9999 -9999 -9999 -9999 15.05990992 12.37447924 9.062964907 6.327543577 3.328028481 1.588736541 1.246191554 1.391859719 2.644735445 4.257395912 6.722289513 9.529062946 12.62156665 15.35329525 17.99898905 20.11266687 21.31175764 22.36807896 22.92764131 23.2213916 23.46372476 23.57703367 23.61266717 23.60657539 23.63558939 23.79092334 24.05157517 24.2797257 24.39416636 24.4030323 24.35401075 24.28602295 24.05843867 23.63928594 23.0761418 22.63982319 22.42948839 22.16146954 21.63857349 21.26304411 20.84292474 20.47837683 20.30059224 19.95061706 19.62209491 19.28160965 18.97680921 18.61497766 18.31065473
-9999 -9999 -9999 -9999 -9999 -9999 -9999 -9999 -9999 -9999 -9999 -9999 -9999 -9999 -9999 -9999 -9999 15.82359906 11.40769253 7.077489299 4.082390642 2.532117975 1.610649363 1.284326464 1.354611859 2.735524656 5.330664973 7.816431278 10.88686674 13.39389055 16.16909455 18.60730853 20.70798159 22.02124805 22.81715116 23.42610048 23.42658263 23.3552873 23.35109692 23.392964 23.56518984 23.84423569 24.12887443 24.28817166 24.37102719 24.39435875 24.36498833 24.23934012 23.92712332 23.58876669 23.005123 22.27013233 21.45603649 20.71307027 19.82054346 19.33116231 19.33224432 19.11811268 19.28482196 19.32219129 19.19027085 19.02833552 18.7330587 18.41081601
-9999 -9999 -9999 -9999 -9999 -9999 -9999 -9999 -9999 -9999 -9999 -9999 -9999 -9999 -9999 -9999 -9999 18.25635252 15.01898302 11.13749553 7.773004505 4.968156597 2.708658023 1.213582425 0.379275992 0.958963553 2.831086199 4.816745984 7.439531584 9.795727566 12.7395504 15.77047086 18.39765522 20.68312292 22.17523953 23.16870104 23.25978162 23.053038 23.04073983 23.08505337 23.28730735 23.61617805 23.93597491 24.16194744 24.29679005 24.34926898 24.32268556 24.22663104 24.01235374 23.68237429 23.00360985 22.1051048 21.05017068 20.08070337 19.13117815 18.64155646 18.71556712 18.72816154 19.00867484 19.1223891 19.09578937 19.01821094 18.79215465 18.45679135
-9999 -9999 -9999 -9999 -9999 -9999 -9999 -9999 -9999 -9999 -9999 -9999 -9999 -9999 -9999 -9999 -9999 -9999 -9999 14.92732363 11.69524957 7.793840515 4.185388363 2.000996106 0.953415127 0.687635957 1.648639505 3.166191202 5.375925016 7.295230942 10.16039657 13.17219125 16.07693162 19.1686946 21.51834748 22.97917916 23.00293768 22.74006522 22.81033228 22.76857783 22.99036204 23.41773399 23.75100477 24.02936573 24.17821632 24.22610836 24.19232965 24.04379333 23.79725349 23.514926 22.83908993 21.92060205 20.88648647 19.99657493 19.12057188 18.68874893 18.83529013 18.96144981 19.11267967 19.14650547 19.13468821 19.12133406 18.84630774 18.36866482
-9999 -9999 -9999 -9999 -9999 -9999 -9999 -9999 -9999 -9999 -9999 -9999 -9999 -9999 -9999 -9999 -9999 -9999 -9999 16.68506151 14.03952271 10.14188192 6.3494549 3.224105354 1.351244027 0.687454477 1.461574568 2.95425972 4.579637106 6.281123233 8.84771438 11.62170213 14.51149896 17.8978192 20.68244033 22.46948239 22.84838586 22.68362893 22.76801741 22.78853349 23.01396268 23.38274509 23.71364257 23.99696448 24.13704772 24.12779588 23.98034728 23.72784347 23.40822099 23.04026649 22.46312702 21.8025949 21.08873557 20.37195465 19.73352612 19.371912 19.38929487 19.46284276 19.54352209 19.58877712 19.49776398 19.37794522 19.01415612 18.27295268
-9999 -9999 -9999 -9999 -9999 -9999 -9999 -9999 -9999 -9999 -9999 -9999 -9999 -9999 -9999 -9999 -9999 -9999 -9999 -9999 15.62201402 12.07067919 8.300652777 4.315475442 1.416494399 0.289295796 1.379047278 3.167900052 4.510845531 5.926932076 8.196155617 10.5925077 13.34304859 16.90684651 20.00036918 22.0635499 22.57149815 22.78026109 22.86274438 22.95115452 23.18345017 23.46217519 23.77759524 23.97117537 24.12849572 24.03234371 23.71941712 23.34687777 22.85908196 22.41676243 21.98884341 21.68508984 21.38914262 20.87479055 20.50532446 20.21815457 20.05295347 20.01457824 19.98694197 20.09646344 19.85880839 19.50398262 19.25115936 17.97299884
-9999 -9999 -9999 -9999 -9999 -9999 -9999 -9999 -9999 -9999 -9999 -9999 -9999 -9999 -9999 -9999 -9999 -9999 -9999 -9999 16.34848282 13.10691667 9.172555579 4.774923492 1.387600013 0.08655187 1.154699598 3.187474667 4.579680838 6.002536599 8.136393286 10.23791479 12.84039048 16.2758393 19.42109018 21.55924062 22.26789081 22.47290876 22.87384165 23.16565269 23.41630376 23.52545507 23.66243964 23.82872047 23.96065481 23.78375769 23.36412317 22.82221421 22.17625795 21.65653993 21.36224909 21.40691824 21.49293865 21.26669757 21.02015581 20.78386395 20.59099747 20.48166638 20.2783288 20.09041212 19.62878451 19.0656704 18.32366984 17.2469298
-9999 -9999 -9999 -9999 -9999 -9999 -9999 -9999 -9999 -9999 -9999 -9999 -9999 -9999 -9999 -9999 -9999 -9999 -9999 -9999 16.90045003 13.68853703 9.751968208 4.776053527 0.822773882 -0.613715955 0.809562072 3.142345847 4.644101155 6.103239582 8.173896307 10.00792517 12.35446809 15.98917234 19.15380068 21.29868445 21.90606644 22.13122905 22.71273559 23.25926144 23.52991081 23.45576967 23.42576152 23.56312993 23.68497756 23.40735067 22.84798494 22.2621867 21.46885971 20.80672352 20.64982953 21.10711925 21.56457686 21.36516229 21.2508916 21.09451859 20.90378657 20.81779492 20.35946543 19.88059043 19.19133201 18.40800666 17.27729056 16.53455701
-9999 -9999 -9999 -9999 -9999 -9999 -9999 -9999 -9999 -9999 -9999 -9999 -9999 -9999 -9999 -9999 -9999 -9999 -9999 -9999 16.88843664 13.3571504 8.952395508 4.287454246 0.606045797 -0.795351083 0.361509618 2.576700113 4.429834198 6.295185374 8.491023112 10.30161036 12.62046838 15.93354126 19.08722736 21.15481721 21.70970304 21.86304143 22.4156818 22.91079885 23.18832906 23.18860845 23.14543988 23.16419015 23.12597265 22.76173723 22.15222942 21.46719099 20.79303095 20.34470516 20.25270617 20.61898416 21.06550344 21.13475909 21.14317429 21.04810774 20.87135566 20.65270437 20.1811497 19.62472234 18.85186908 18.01152775 17.10957968 16.22618845
-9999 -9999 -9999 -9999 -9999 -9999 -9999 -9999 -9999 -9999 -9999 -9999 -9999 -9999 -9999 -9999 -9999 -9999 -9999 -9999 16.96210136 12.7408284 8.047076518 3.58181985 0.10039779 -1.136611496 0.189227956 2.081917551 4.390834633 6.570668421 8.849625837 10.53651005 12.69914907 16.05837778 19.26081768 21.23309729 21.49288437 21.57363453 22.05673918 22.51557235 22.75532671 22.77162284 22.75820492 22.64613258 22.51334568 22.08282923 21.40895973 20.66831424 20.16587694 19.8227884 19.744953 20.05359643 20.4789817 20.51996153 20.6849487 20.68360894 20.53108277 20.36672857 19.84616629 19.27606367 18.50780735 17.66640554 16.95658272 16.06170127
-9999 -9999 -9999 -9999 -9999 -9999 -9999 -9999 -9999 -9999 -9999 -9999 -9999 -9999 -9999 -9999 -9999 -9999 -9999 -9999 16.76312689 11.97750399 6.760232376 2.790112726 0.224462556 -0.690060795 0.429583089 2.52487513 4.65394798 6.870830226 9.178499891 10.8963644 13.04803458 16.19273034 19.2146696 21.05354595 21.32268611 21.2794761 21.71212063 22.16462414 22.34856329 22.22832033 22.0370645 22.02770454 21.90289499 21.47809062 20.82690011 20.11017769 19.61534608 19.27137984 19.1137842 19.22908649 19.40364455 19.56152362 19.710439 19.76074941 19.79557653 19.67383308 19.16381262 18.56899715 17.82340618 17.03185504 16.35202654 15.749695
-9999 -9999 -9999 -9999 -9999 -9999 -9999 -9999 -9999 -9999 -9999 -9999 -9999 -9999 -9999 -9999 -9999 -9999 -9999 -9999 16.80715692 11.33759933 5.550532094 2.309215479 0.389231942 -0.24977063 0.989447128 2.940158571 5.151068516 7.353247358 9.592649164 11.14166602 13.19006243 16.27641568 19.19626329 20.90555269 20.93985436 20.87040164 21.30544204 21.77358476 21.92358226 21.67779009 21.40083476 21.51888275 21.48125927 21.11489154 20.52352252 19.68903622 19.24686583 18.81108391 18.54356916 18.52937751 18.44963415 18.64862024 18.73437145 18.76986944 18.89372281 18.8111087 18.15934766 17.54284299 16.83384572 16.14889877 15.60365403 15.25502341
-9999 -9999 -9999 -9999 -9999 -9999 -9999 -9999 -9999 -9999 -9999 -9999 -9999 -9999 -9999 -9999 -9999 -9999 -9999 18.98354362 16.28938494 10.95750656 5.684740741 2.318737991 0.793179254 0.390689642 1.49411536 3.533499415 5.657927414 7.923956761 10.13916234 11.65155924 13.5224827 16.29968841 18.92416551 20.4367031 20.50373354 20.33583632 20.71515821 21.15996231 21.30899124 21.14443066 21.01862737 21.11128726 21.25070119 20.98007058 20.40212419 19.76314411 19.09696998 18.54582435 18.17326491 18.0630433 18.02432354 18.02758305 18.01675744 17.90688882 17.79908181 17.43317741 16.8779071 16.1243117 15.52711546 15.13814104 14.80415492 14.75266512
-9999 -9999 -9999 -9999 -9999 -9999 -9999 -9999 -9999 -9999 -9999 -9999 -9999 -9999 -9999 -9999 -9999 -9999 -9999 18.70786154 16.00540648 10.60603975 5.32118654 2.202174538 0.978962602 0.695502088 1.861903984 3.922037818 6.200655247 8.512045511 10.69107833 12.05067201 13.7938664 16.35250025 18.66895079 19.9773139 19.90764199 19.7220642 20.08079246 20.49324424 20.65689498 20.55185456 20.48097996 20.61389706 20.85291156 20.66942084 20.18723465 19.66503742 18.9501792 18.32534746 17.91887725 17.77308877 17.68287611 17.6162165 17.45132974 17.19707458 16.89787852 16.34135067 15.78870624 15.03030917 14.50982905 14.39726638 14.23334953 14.39497664
-9999 -9999 -9999 -9999 -9999 -9999 -9999 -9999 -9999 -9999 -9999 -9999 -9999 -9999 -9999 -9999 -9999 -9999 -9999 18.23282668 15.36166255 9.949422317 4.847051075 1.78082745 0.677034554 0.638106292 1.943297984 4.242181977 6.571974473 9.002330966 11.19978279 12.67117303 14.27277573 16.37653115 18.28232661 19.35514237 19.38472496 19.17750898 19.4905196 19.81876149 19.94959275 19.87142656 19.77930168 19.91468364 20.03738346 19.92961032 19.65072349 19.22357879 18.65171193 18.12023273 17.69139988 17.48611529 17.37334221 17.12414323 16.94057044 16.5310582 16.06571397 15.5891357 14.97772407 14.44144699 14.17743896 14.06669052 14.10683184 14.59523079
-9999 -9999 -9999 -9999 -9999 -9999 -9999 -9999 -9999 -9999 -9999 -9999 -9999 -9999 -9999 -9999 -9999 -9999 -9999 17.56526293 14.51825652 9.00161827 3.858413832 0.909107513 0.012023654 0.134136522 1.707742545 4.244440713 6.884192608 9.50121842 11.74846435 13.01602982 14.49446271 16.30784896 17.88618522 18.8932229 18.93621602 18.83402291 19.12898233 19.33255745 19.41234468 19.34361287 19.19697063 19.25697321 19.29271578 19.18454434 19.05561784 18.76268212 18.34135352 17.9156019 17.48430822 17.19050652 16.86956063 16.41366014 16.06066231 15.59103847 15.12315825 14.70806501 14.23435321 13.86724621 13.82288212 14.09175391 14.58438268 15.50528121
-9999 -9999 -9999 -9999 -9999 -9999 -9999 -9999 -9999 -9999 -9999 -9999 -9999 -9999 -9999 -9999 -9999 -9999 -9999 16.57537134 13.25436378 7.697784244 2.581247508 -0.10227397 -0.951293042 -0.554054439 1.325161369 4.019762444 7.112813795 10.02730782 12.32293773 13.40088097 14.45900754 16.02380874 17.48720659 18.38447575 18.61364121 18.75964939 18.87041153 19.03344086 19.04296158 18.88212299 18.80218914 18.68603301 18.63892373 18.5490573 18.4329523 18.28640566 18.08248075 17.81252279 17.35686026 16.79804355 16.14125914 15.54260292 14.87755994 14.32138435 14.01038983 13.60833585 13.28618467 13.09569083 13.54677581 14.46948821 15.6254414 17.01085478
-9999 -9999 -9999 -9999 -9999 -9999 -9999 -9999 -9999 -9999 -9999 -9999 -9999 -9999 -9999 -9999 -9999 -9999 -9999 15.47955019 11.97036782 6.519188597 1.542326759 -0.940869971 -1.566308445 -1.015861203 0.99849717 3.857962059 7.218549006 10.39080625 12.73160446 13.70960842 14.46189433 15.76461879 16.97912323 17.8375612 18.16158225 18.32936425 18.44532252 18.50144531 18.47329901 18.32514739 18.18820123 18.04402806 17.93948066 17.86116638 17.84498174 17.78793783 17.729053 17.54302335 17.07209343 16.42118069 15.60103663 14.878977 14.10410183 13.52899235 13.24703687 12.92743077 12.65069098 12.66086236 13.47268734 15.04402466 16.80695778 18.34284378
-9999 -9999 -9999 -9999 -9999 -9999 -9999 -9999 -9999 -9999 -9999 -9999 -9999 -9999 -9999 -9999 -9999 -9999 -9999 14.51586342 10.91610003 5.506962222 0.640925714 -1.293620597 -1.805120246 -1.053809685 1.100446355 3.805618074 7.443284969 10.79880238 13.10629439 13.88795296 14.48566443 15.56492066 16.51958262 17.2037628 17.48326367 17.61649942 17.7450649 17.78038306 17.71844888 17.55433954 17.37323217 17.28471748 17.19833805 17.17066574 17.23843488 17.25509506 17.27046538 17.17729158 16.73577712 16.07195903 15.24532573 14.46310248 13.7840433 13.19480027 12.85208927 12.61396086 12.27742295 12.3211986 13.53550993 15.70760893 18.08933654 -9999
-9999 -9999 -9999 -9999 -9999 -9999 -9999 -9999 -9999 -9999 -9999 -9999 -9999 -9999 -9999 -9999 -9999 -9999 -9999 13.442523 9.921608909 5.153050459 1.07071271 -0.703870378 -0.891761723 -0.064734914 1.897826487 4.549443842 7.915448401 11.09559329 13.32294725 14.12924608 14.60116684 15.43515906 16.16271772 16.70357775 16.92086395 16.9766316 17.05084958 17.0201023 16.95430088 16.8362416 16.69323415 16.66230135 16.62300071 16.63539732 16.72180041 16.75705246 16.8485026 16.79047635 16.39203302 15.75780822 14.96504454 14.23604952 13.55787616 12.97465367 12.60988797 12.36851788 12.00655891 12.15138793 13.5002592 15.97277223 18.38762693 -9999
-9999 -9999 -9999 -9999 -9999 -9999 -9999 -9999 -9999 -9999 -9999 -9999 -9999 -9999 -9999 -9999 -9999 -9999 14.56025294 12.37952697 9.112020392 4.95428057 1.681920657 0.516460421 0.61446965 1.545146432 3.280507324 5.587082401 8.646791204 11.52112706 13.4779882 14.15203545 14.69485256 15.30889591 15.87854459 16.2467594 16.33175623 16.42312811 16.38095226 16.29770877 16.2363577 16.16516882 16.11870916 16.11910456 16.17098528 16.21940102 16.25017122 16.29343345 16.39986911 16.43871434 16.10072846 15.4718327 14.72478482 14.01088492 13.34348143 12.77657907 12.41170057 12.10028527 11.82658654 11.8539667 13.28512865 15.9312692 18.43235656 -9999
-9999 -9999 -9999 -9999 -9999 -9999 -9999 -9999 -9999 -9999 -9999 -9999 -9999 -9999 -9999 -9999 -9999 -9999 13.64027812 10.70893268 7.662126474 4.717556891 2.723947137 1.849925415 2.232330037 3.260673549 4.909464466 7.041345463 9.407779501 11.59726736 13.25652605 14.00754646 14.48956619 15.01284328 15.36003556 15.63230632 15.71399343 15.7217691 15.74175684 15.70165215 15.66569246 15.6159556 15.58224434 15.65791248 15.76047973 15.82883115 15.85978568 15.89521873 16.01889843 16.06743077 15.7742404 15.23342711 14.55553788 13.89646395 13.2697548 12.7185261 12.34161545 12.0648485 11.71385325 11.81419844 13.2133377 15.78872936 18.16263095 -9999
-9999 -9999 -9999 -9999 -9999 -9999 -9999 -9999 -9999 -9999 -9999 -9999 -9999 -9999 -9999 -9999 -9999 -9999 12.31378563 8.547323919 5.809130537 4.148687097 3.296939686 3.181960416 3.728694044 4.878961192 6.586556602 8.553288423 10.25221972 11.70826186 12.98677609 13.76195566 14.26662586 14.65683844 14.81308052 14.9795209 15.07449965 15.02209206 15.15951415 15.19606362 15.1717937 15.09701771 15.03479525 15.16714606 15.33657195 15.42199569 15.42861036 15.47581829 15.55351764 15.65768549 15.42061906 14.91140341 14.40526003 13.76547777 13.21875193 12.7601752 12.41218643 12.10575041 11.87969719 11.80455784 13.15155175 15.79198011 18.22723105 -9999
-9999 -9999 -9999 -9999 -9999 -9999 -9999 -9999 -9999 -9999 -9999 -9999 -9999 -9999 -9999 -9999 -9999 -9999 10.71299369 6.031710192 3.500919856 3.2097858 3.93356393 4.616755099 5.636468804 6.865032918 8.073898823 9.483845408 10.87701298 12.1604401 13.21972283 13.79304674 14.13282718 14.34534528 14.38810874 14.52242445 14.67064832 14.7628471 14.79149328 14.74760201 14.70154514 14.63021483 14.61794387 14.70301745 14.84628894 14.92442833 14.94145782 14.96222624 15.01324401 15.0235807 14.81230007 14.43739876 13.99900986 13.56313933 13.17421131 12.85344525 12.65930674 12.49550165 12.24309717 12.31790172 13.60325949 15.96705883 18.08124282 -9999
-9999 -9999 -9999 -9999 -9999 -9999 -9999 -9999 -9999 -9999 -9999 -9999 -9999 -9999 -9999 -9999 -9999 14.60476402 9.210738738 3.466110035 1.26103306 2.735317102 4.453284616 5.821391149 7.397279862 8.631224139 9.224091639 10.20635698 11.43406097 12.6426048 13.55001853 13.81802168 14.11365879 14.09004926 14.02527076 14.12589951 14.33991022 14.60451188 14.43996642 14.3074557 14.2148658 14.13543384 14.15406712 14.20343077 14.31590156 14.37336896 14.37540486 14.40213562 14.38319776 14.33399666 14.1620935 13.91246448 13.55516952 13.33332377 13.12810525 12.95147912 12.90299822 13.00900119 12.99737991 13.0600853 14.28824123 16.4505424 -9999 -9999
-9999 -9999 -9999 -9999 -9999 -9999 -9999 -9999 -9999 -9999 -9999 -9999 -9999 -9999 -9999 -9999 -9999 12.56243305 8.104702198 3.394995516 1.585400228 2.741539851 4.956885056 6.68729975 8.284785704 9.486924102 9.913436679 10.57103256 11.52280877 12.69590694 13.42632521 13.61638517 13.75217309 13.6412113 13.6074983 13.69410348 13.87878731 14.04617615 13.93512534 13.75039373 13.6474152 13.58769935 13.60287787 13.65257026 13.72634514 13.76129092 13.76136309 13.7384066 13.72521738 13.67835371 13.58200574 13.45426359 13.31407059 13.17723769 13.07804892 13.11893556 13.21763901 13.51709081 13.9926716 14.72848914 15.85254527 -9999 -9999 -9999
