meets/meet004/data/CCSM_21k_neotropic_bio14.asc
NCOLS 154 
NROWS 168 
XLLCORNER -112 
YLLCORNER -55.5 
CELLSIZE 0.5 
NODATA_value -9999 
[rows 87 to 115 of 168, columns 64 to 127 of 154]
-9999 -9999 -9999 -9999 -9999 -9999 -9999 -9999 -9999 7.303490406 8.838788341 11.7379983 16.78601247 21.32355191 29.18747619 33.77499865 37.35044545 41.06269975 48.91300688 53.62004828 59.84721798 65.2362117 72.11183538 64.6016531 58.19544192 47.64372876 36.18309236 23.90792428 16.48711871 11.24532211 9.095096387 6.630020139 5.582064366 4.694988268 4.108819914 3.723846341 3.212795078 2.834015207 2.465261153 2.104737193 1.818596366 1.468342264 1.173050055 0.943501093 0.769167227 0.67772635 0.590833049 0.539040064 0.51432014 0.508280467 0.500857568 0.489343813 0.501298094 0.515917726 0.553731331 0.593063378 0.67289225 0.76206405 0.933937713 1.152790721 1.39357141 1.918358904 2.445087024 3.058553164
-9999 -9999 -9999 -9999 -9999 -9999 -9999 -9999 -9999 -9999 -9999 10.36271368 12.53831865 14.82603695 20.78448701 23.07531466 27.03662673 32.9344713 35.60018685 43.31143024 52.09829307 61.6566518 70.09856763 68.46957217 64.16527569 59.13843469 46.60129458 35.78829826 28.12026251 18.79430123 13.33987468 10.09017343 7.043994344 6.285887778 5.272265541 4.444445272 3.871979298 3.387555351 3.007695979 2.516988231 2.121976669 1.720351141 1.406563408 1.154555239 0.917782131 0.783109658 0.698300208 0.635849351 0.61583134 0.601628078 0.599476913 0.593773147 0.617949738 0.642238549 0.683309982 0.73711334 0.841603264 0.917852249 1.085203592 1.318923462 1.568688134 2.171008079 2.626819418 3.247815174
-9999 -9999 -9999 -9999 -9999 -9999 -9999 -9999 -9999 -9999 -9999 -9999 -9999 13.84610007 15.86103737 18.10184093 22.24946057 26.50920669 29.08470255 34.50548181 43.22455718 55.24537991 60.59611332 65.98990353 69.46286415 63.43259654 54.21377075 46.35562792 37.13936336 26.36105876 20.83760162 14.48389656 10.5005662 8.732974835 6.367917699 5.598143174 4.528042971 3.952508942 3.510800384 2.993138957 2.601720083 1.980503137 1.629534196 1.382291442 1.112848173 0.980942144 0.83179743 0.75876989 0.72973065 0.741732125 0.739282051 0.730556058 0.740654941 0.778581246 0.876006714 0.936505858 0.995519658 1.075574216 1.22462791 1.465044632 1.707581135 2.251762648 2.742262967 3.302596914
-9999 -9999 -9999 -9999 -9999 -9999 -9999 -9999 -9999 -9999 -9999 -9999 -9999 -9999 -9999 14.74237479 17.00049249 20.51235489 22.04213888 28.376729 33.10740059 41.47549604 47.83081636 57.86285242 61.32322661 62.92848193 59.06585041 54.67466563 45.82574956 34.43966159 28.45625623 22.21666941 14.84765322 11.51309364 8.157733335 6.564871139 5.814750653 4.871006916 4.258356136 3.629197443 3.142393732 2.64693323 2.157858948 1.777341771 1.43717184 1.204486465 1.113088298 1.009411815 0.959702792 0.921132379 0.924047573 0.971007967 1.010644641 1.06967012 1.136207034 1.189043153 1.269393306 1.344054448 1.470200015 1.623799395 1.816647153 2.298351621 2.802653296 3.385799444
-9999 -9999 -9999 -9999 -9999 -9999 -9999 -9999 -9999 -9999 -9999 -9999 -9999 -9999 -9999 -9999 -9999 14.6497509 16.12134992 18.43808129 24.01401759 29.69701469 34.91541961 44.65762394 50.13854505 51.20533878 56.8302702 56.68189843 51.0435769 43.0168415 35.80800046 27.49949171 19.34823647 14.82991837 9.7713816 8.24114691 6.633972229 5.693994348 5.036262651 4.359660512 3.926293607 3.161409139 2.770537518 2.266551475 1.858113746 1.643854652 1.362780923 1.290651315 1.203127286 1.209092615 1.216578784 1.225691001 1.316871836 1.357967701 1.479348499 1.544234819 1.562764122 1.617396302 1.659580007 1.778323004 1.971648426 2.376010998 2.705151634 3.289906432
-9999 -9999 -9999 -9999 -9999 -9999 -9999 -9999 -9999 -9999 -9999 -9999 -9999 -9999 -9999 -9999 -9999 10.8002473 11.40701638 13.43241899 14.70206199 16.28925015 22.3372331 28.9589654 34.29407568 40.06945371 48.27221225 52.16136845 48.30095299 46.12318766 40.46295604 31.72267633 23.27043247 18.38078832 11.96411058 9.858114651 8.271301166 6.701912325 5.94992196 5.239248845 4.799776624 4.175314348 3.59401416 3.034655752 2.503203649 2.212278491 1.947516511 1.760429425 1.670740203 1.620231272 1.611162038 1.67833668 1.726798994 1.789006259 1.885614662 1.921303875 1.931763346 1.935758463 1.973259626 2.000261447 2.091030636 2.401022111 2.819615876 3.369302164
-9999 -9999 -9999 -9999 -9999 -9999 -9999 -9999 -9999 -9999 -9999 -9999 -9999 -9999 -9999 -9999 -9999 -9999 -9999 8.683803208 9.610574911 11.57464155 12.74818587 17.99843037 23.71501378 28.06526922 35.8152721 36.89769424 41.41387477 44.17665082 39.88664844 31.49928671 26.51231498 20.31813727 13.60468396 11.23429805 8.983128641 7.585989636 6.843551829 6.06003863 5.572313085 4.822106488 4.41663773 3.764636168 3.234429318 2.892866513 2.418350694 2.31229044 2.125940255 2.150573689 2.136403592 2.059219888 2.172026989 2.160459009 2.275939906 2.312829158 2.21696277 2.258013207 2.188153255 2.215956331 2.310565979 2.568278505 2.90886851 3.435855169
-9999 -9999 -9999 -9999 -9999 -9999 -9999 -9999 -9999 -9999 -9999 -9999 -9999 -9999 -9999 -9999 -9999 -9999 -9999 6.186405763 5.941251134 6.345094704 7.995232625 9.563099259 14.02582152 17.47670896 23.12458688 28.56602561 33.62909612 38.15303341 37.81886163 32.06602631 27.85461567 21.4759314 15.60533414 12.74697446 10.4999778 8.513576218 7.761898903 6.941086143 6.55802916 5.940235371 5.360012185 4.792610311 4.191587252 3.805161588 3.436976537 3.128797131 2.975256506 2.852087071 2.809529241 2.789228123 2.804162728 2.754809609 2.789041736 2.764850964 2.662731048 2.578528223 2.490401615 2.498373504 2.556793927 2.85338266 3.266325316 3.843343208
-9999 -9999 -9999 -9999 -9999 -9999 -9999 -9999 -9999 -9999 -9999 -9999 -9999 -9999 -9999 -9999 -9999 -9999 -9999 -9999 4.656203877 4.844117408 5.31921101 7.134466573 9.026053519 12.6906619 16.70908866 20.36743578 26.07327272 31.91397989 31.27798804 30.26487211 26.86210018 22.37040202 16.57850698 13.55219876 10.95457326 9.274725306 8.456718875 7.714149665 7.3222473 6.736202362 6.371571987 5.751297202 5.190303186 4.751634009 4.333377556 4.066170322 3.861731745 3.675149835 3.607019984 3.42120363 3.403843227 3.261685789 3.173169408 3.1242184 2.971279545 2.871175361 2.770827217 2.812963607 2.879063823 3.176505365 3.5667736 4.249810562
-9999 -9999 -9999 -9999 -9999 -9999 -9999 -9999 -9999 -9999 -9999 -9999 -9999 -9999 -9999 -9999 -9999 -9999 -9999 -9999 3.754145065 3.683304072 4.040576171 5.077280332 6.695820715 7.572184603 10.01288912 14.49845958 19.26098745 24.18017972 27.20741367 27.55135447 26.22203658 21.33534225 17.49616854 14.56267961 11.96457101 10.09451785 9.418073126 8.541967121 8.272409028 7.875334087 7.46697096 6.939799188 6.488768854 6.109906029 5.726028479 5.370071271 5.117158156 4.896930208 4.706253942 4.403041831 4.219507198 3.98111009 3.811512219 3.692180992 3.506454406 3.42469528 3.350732437 3.391172138 3.484645116 3.863070822 4.31068439 4.993982653
-9999 -9999 -9999 -9999 -9999 -9999 -9999 -9999 -9999 -9999 -9999 -9999 -9999 -9999 -9999 -9999 -9999 -9999 -9999 -9999 3.384415299 3.524689557 3.582827611 4.54929494 5.815943968 6.72693014 9.127031776 11.91139688 15.1803494 21.8533854 24.89256081 24.61653023 24.44215613 21.84628712 17.30136038 14.298019 12.24174451 10.74584692 10.15022861 9.341820187 9.080763521 8.850743453 8.622805149 8.286444068 7.815016661 7.435951409 7.204714614 6.830658098 6.655695838 6.214852605 5.979217267 5.5329536 5.17283461 4.948466145 4.561305579 4.418658703 4.206438344 4.075554397 4.125354943 4.125972989 4.239919938 4.719027101 5.089090449 5.807752044
-9999 -9999 -9999 -9999 -9999 -9999 -9999 -9999 -9999 -9999 -9999 -9999 -9999 -9999 -9999 -9999 -9999 -9999 -9999 -9999 3.525017841 3.399937312 3.501504244 4.475772018 5.539130492 5.910006978 7.667461042 10.83496203 14.78443015 19.099981 22.389976 23.7254051 23.32030953 20.19839117 17.14217906 14.70934711 12.68703137 11.3319876 10.85435058 10.34339809 10.18011954 10.00514979 9.787411324 9.600556084 9.436561934 9.241882674 8.922107149 8.729034246 8.377325326 8.013401502 7.62972646 7.062434082 6.575390845 6.077528049 5.713855239 5.484710865 5.224867246 5.127062752 5.12198654 5.190870714 5.348025704 5.713639878 6.149154101 6.820310945
-9999 -9999 -9999 -9999 -9999 -9999 -9999 -9999 -9999 -9999 -9999 -9999 -9999 -9999 -9999 -9999 -9999 -9999 -9999 -9999 3.508171872 3.345267381 3.708188225 4.582427099 5.593569006 5.74341716 7.46404129 9.888770675 13.73172566 18.69311322 21.60554107 22.58515082 22.28553015 19.70208088 16.05479365 14.12776291 12.46341745 11.72112802 11.52730247 11.39332313 11.37597688 11.34715431 11.15023748 11.30309963 11.06415698 11.07615825 10.97604106 10.79056779 10.60962966 10.13461447 9.668579556 9.080999572 8.305719116 7.974960539 7.340014681 7.022054477 6.815081901 6.550936888 6.745658797 6.791641562 7.061966433 7.349518658 7.567136 8.271404872
-9999 -9999 -9999 -9999 -9999 -9999 -9999 -9999 -9999 -9999 -9999 -9999 -9999 -9999 -9999 -9999 -9999 -9999 -9999 -9999 3.908624326 3.826909605 4.012056535 4.749250311 5.400521318 5.501150494 7.43394481 10.12297895 13.76728122 17.10996473 19.72963294 20.79870975 20.57025277 18.50847327 15.54157738 13.82829447 12.90951098 12.30647701 12.36014858 12.4363343 12.4316919 12.47061329 12.49838112 12.62661783 12.68950384 12.76334332 12.73195618 12.82936656 12.49917517 12.17030648 11.69323071 10.93081893 10.3056078 9.560346455 9.032730798 8.691924719 8.310242738 8.293306357 8.251623451 8.527181053 8.765687174 8.920225798 9.381412088 9.847955325
-9999 -9999 -9999 -9999 -9999 -9999 -9999 -9999 -9999 -9999 -9999 -9999 -9999 -9999 -9999 -9999 -9999 -9999 -9999 -9999 3.961144935 4.304451619 4.640576424 5.118309462 5.681579444 5.510358162 7.808224963 9.227271856 12.53876022 16.1056175 18.51747249 19.00195023 19.08294783 16.93866504 14.497899 13.2904347 12.7724972 12.74691652 13.43901257 13.58438115 13.85127792 14.17983411 14.18069104 14.54830823 14.59659583 14.86682189 15.21823596 15.14555432 15.26889155 14.86381115 14.47078772 13.81937875 12.90785394 12.48587513 11.6593224 11.35249505 11.15042911 10.77924686 11.24877713 11.30343111 11.67357481 12.0593904 12.03953403 12.92398252
-9999 -9999 -9999 -9999 -9999 -9999 -9999 -9999 -9999 -9999 -9999 -9999 -9999 -9999 -9999 -9999 -9999 -9999 -9999 4.794879909 4.020752225 4.574629583 5.138914166 5.527848962 5.769266266 5.594658058 7.23714564 8.982471394 11.66635223 14.76435155 16.87372488 17.44694225 17.14215575 15.79560414 14.15941715 13.15474043 13.10569139 13.39217206 14.12039137 14.86086035 15.1326114 15.42224132 15.82506965 16.05350513 16.38832006 16.67483432 16.9787656 17.38639432 17.30594115 17.37318332 17.0226911 16.20078562 15.73534408 14.86204792 14.42200518 14.08735332 13.67509342 13.83670872 13.84412215 14.42630443 14.77547703 14.82849245 15.54299332 15.89604476
-9999 -9999 -9999 -9999 -9999 -9999 -9999 -9999 -9999 -9999 -9999 -9999 -9999 -9999 -9999 -9999 -9999 -9999 -9999 4.715019768 3.697454171 4.642947557 5.69141027 6.30185009 6.493105188 5.89437167 6.990035017 7.957986731 10.39991395 13.38132784 15.20618224 15.44154507 15.43619862 14.06844916 13.06075714 12.997639 13.26096116 14.00233119 15.20927433 16.22132968 16.91833218 17.54065467 17.76682127 18.43713254 18.69321635 19.10948774 19.78233456 19.99588566 20.49384063 20.51004954 20.62365289 20.20715684 19.74471292 19.43579012 18.74406628 18.5252748 18.44298993 18.11277308 18.77136792 19.00501042 19.73458705 20.24266282 20.41676644 20.81325833
-9999 -9999 -9999 -9999 -9999 -9999 -9999 -9999 -9999 -9999 -9999 -9999 -9999 -9999 -9999 -9999 -9999 -9999 -9999 4.776353727 3.371776425 4.418103209 6.057844231 7.253254556 7.073932387 6.451990118 6.816277124 7.876270182 9.654927614 11.67322837 13.49994533 13.83354506 13.79459925 13.13507381 12.52325667 12.52539433 13.89134192 14.90653812 16.25061843 17.93631679 18.50880011 19.06068588 19.88225685 20.34074965 21.25581057 21.7445444 21.93097005 22.64422812 22.98760556 24.13010324 24.16004583 23.48599363 23.66926385 23.25336108 23.67444779 23.4100757 22.66027147 23.05697932 23.01123566 24.52009509 24.98689069 24.85149124 24.91873318 25.19034348
-9999 -9999 -9999 -9999 -9999 -9999 -9999 -9999 -9999 -9999 -9999 -9999 -9999 -9999 -9999 -9999 -9999 -9999 -9999 4.465005625 3.031825666 3.929907599 6.040494037 8.469636425 8.074898682 6.736060392 6.880284125 7.343941107 8.733992194 10.61039836 11.94056512 12.16137749 12.07064323 11.71310129 11.65895415 12.46178355 13.86564382 15.51357167 17.34433103 19.26882741 20.4811437 21.62033761 22.63152998 23.29519469 23.82699819 24.4534158 25.38234569 26.18039299 26.70123021 27.4084237 28.05183636 28.62568001 29.02170173 29.03785274 28.75901402 28.70692534 28.8819469 29.3475239 29.54831353 29.78118939 30.88808414 31.29334861 31.04373384 30.81982454
-9999 -9999 -9999 -9999 -9999 -9999 -9999 -9999 -9999 -9999 -9999 -9999 -9999 -9999 -9999 -9999 -9999 -9999 -9999 3.832241785 2.752070797 3.554545098 5.489971555 8.738658015 8.469615033 7.238862889 6.990874199 7.208030475 8.364414694 9.46508075 10.80216839 11.25201819 11.26805475 11.02397276 11.34738576 11.92695405 13.98515852 15.79284171 17.61210749 20.29076593 21.72271835 23.73512841 24.760773 25.62090432 26.95628053 27.5686899 28.23239323 28.88283543 29.96677076 31.41565891 32.12168133 32.74052659 33.28849173 33.74621182 34.57725529 34.38817389 34.25017137 34.25178958 35.01590057 36.10091117 36.89564305 36.18002166 35.68498076 34.29560804
-9999 -9999 -9999 -9999 -9999 -9999 -9999 -9999 -9999 -9999 -9999 -9999 -9999 -9999 -9999 -9999 -9999 -9999 -9999 3.396902205 2.505070008 3.152859211 4.723196177 8.990146504 8.92070961 7.368836039 6.892782804 6.892089138 7.786686108 8.868516913 9.875257693 9.988688195 10.26996005 10.39313202 10.92103338 12.06811093 13.83680171 16.02530445 18.45160236 20.88391854 22.87593551 25.11093339 27.26925407 29.12467101 29.88494009 30.86210745 32.10521818 33.05998728 34.3207759 35.09099431 36.31435141 37.82194502 38.82072236 39.38087605 39.39450429 39.44733975 40.27040599 40.46682438 41.28102777 41.37838327 42.49243243 41.97090462 41.00951484 38.77703364
-9999 -9999 -9999 -9999 -9999 -9999 -9999 -9999 -9999 -9999 -9999 -9999 -9999 -9999 -9999 -9999 -9999 -9999 -9999 3.003703527 2.38433496 2.958262374 4.116440945 8.600012408 8.743628276 7.292104533 6.825801586 6.758735886 7.599292605 8.350051082 9.346540437 9.774524469 9.814813521 10.17018107 10.94505533 11.89554351 14.28210776 16.38521347 18.67011266 21.93554615 23.79739192 26.46041706 28.69141821 30.53887877 33.28006713 34.42718371 35.4043137 36.76206062 37.48109891 39.4287339 40.5988612 41.60712331 43.09489796 43.0556478 44.08918166 44.07126623 44.09706009 44.94668368 45.36084504 46.7768823 47.36933235 45.81444084 45.21208791 -9999
-9999 -9999 -9999 -9999 -9999 -9999 -9999 -9999 -9999 -9999 -9999 -9999 -9999 -9999 -9999 -9999 -9999 -9999 -9999 2.890259065 2.408553625 2.738388863 3.890703766 8.544058294 8.566218709 7.312125027 6.80997867 6.850325515 7.548201026 8.223119158 8.875059266 9.213418527 9.604871876 10.06277176 10.98076187 12.16999519 14.35750925 16.86468502 19.68212527 22.78853757 24.83987487 27.54998175 30.24352113 32.71060366 35.24594957 37.04308486 39.44835583 41.02431169 42.45720762 43.94291884 45.20594725 46.38698921 47.58203681 48.10046222 48.55415437 48.54479387 48.99022397 49.37711479 50.1682438 51.2496369 52.12576233 50.87459475 48.87194762 -9999
-9999 -9999 -9999 -9999 -9999 -9999 -9999 -9999 -9999 -9999 -9999 -9999 -9999 -9999 -9999 -9999 -9999 -9999 3.539733906 2.786597029 2.463761874 2.844918636 3.668026482 8.210867385 7.995362039 6.833695255 6.777210931 7.176148274 7.759665758 8.439644874 9.087337464 9.387450692 9.428867561 10.07965687 11.1304924 12.38326185 15.01546569 17.29583747 19.9604944 23.75663369 26.02221416 29.15181188 31.80621342 33.92430492 37.22877126 39.07931337 41.75689068 44.21646377 46.09462569 48.04868238 49.4684727 50.31145359 51.94493046 51.82513364 52.40915292 52.33561335 52.58373869 53.19110046 53.88712345 54.92913942 55.34900312 53.86950769 52.6133405 -9999
-9999 -9999 -9999 -9999 -9999 -9999 -9999 -9999 -9999 -9999 -9999 -9999 -9999 -9999 -9999 -9999 -9999 -9999 3.213240607 2.889531362 2.833601223 3.236786009 4.770667145 9.064051658 7.97598808 7.530250068 7.700402335 7.89955542 8.437201962 8.995022326 9.17589617 9.172902145 9.509333399 10.33258478 11.40890412 12.81592327 15.32169477 18.04029566 21.22503348 24.80038739 27.25766439 30.42712422 33.66076543 36.46389924 39.41217874 41.44734472 44.25200058 46.81212514 49.60213788 52.58204583 53.85978106 55.0850884 55.80743799 56.24379428 56.19794355 56.01358518 56.30950029 56.47944584 57.19956791 57.54674844 58.11890717 57.0500325 54.93275508 -9999
-9999 -9999 -9999 -9999 -9999 -9999 -9999 -9999 -9999 -9999 -9999 -9999 -9999 -9999 -9999 -9999 -9999 -9999 3.000964268 3.162702551 3.43274846 4.21531285 5.907584432 9.982463126 8.382622767 8.041578109 8.711848173 8.8264746 9.54480906 9.458908757 9.500931751 9.336422029 9.494719257 10.28462445 11.663639 13.1818049 16.01754218 18.59871742 21.82406911 25.91616051 28.56417947 32.30109545 35.46833513 38.31076148 41.64690319 43.78844366 46.80047956 49.26800653 51.75839477 55.11157153 57.39665129 58.92293003 59.87116175 59.90304191 59.76395457 59.41620091 59.16925915 59.3763016 59.68010935 59.72396961 59.87467785 58.79998478 57.55219194 -9999
-9999 -9999 -9999 -9999 -9999 -9999 -9999 -9999 -9999 -9999 -9999 -9999 -9999 -9999 -9999 -9999 -9999 -9999 3.088862232 3.857456594 4.752928129 6.43262616 9.128673705 11.83586026 8.759580818 9.083494671 9.849861833 10.17699061 10.04527972 10.01384172 9.585358063 9.586486542 9.677740593 10.72709447 12.0509189 13.65252989 16.467957 19.46747776 23.07024847 26.99773075 29.84548583 33.67763702 37.34768035 40.62764792 43.9354488 46.1527557 48.99164257 51.78145383 54.63040586 57.49570397 59.80874739 62.60862805 63.44661404 63.44087452 63.10379123 62.62675242 62.06346139 61.61635561 61.42551701 61.12599022 61.25631438 60.00901227 58.61590699 -9999
-9999 -9999 -9999 -9999 -9999 -9999 -9999 -9999 -9999 -9999 -9999 -9999 -9999 -9999 -9999 -9999 -9999 2.838483031 3.490790284 4.750951284 6.302173258 8.980411501 11.84544251 12.56454789 9.643694886 10.26485463 10.76969217 11.54686409 10.90778604 10.69183574 9.937897225 9.867245108 9.790057788 10.82281327 12.36733809 14.11552039 17.52070503 20.08172135 23.3173213 27.93374173 31.22985933 35.76836516 38.9411754 42.05298786 46.15415648 48.81313816 51.97133512 54.25266984 56.57213945 59.79353185 61.93965218 64.7903911 67.02827437 66.63699583 66.18079257 65.35532627 64.01003837 63.40390511 62.77841259 62.2250015 61.9686401 60.38201453 -9999 -9999
-9999 -9999 -9999 -9999 -9999 -9999 -9999 -9999 -9999 -9999 -9999 -9999 -9999 -9999 -9999 -9999 -9999 2.89868105 4.105183003 5.883261069 8.46657345 12.18555889 15.02534739 12.86781109 10.7501567 11.30181611 11.61969653 12.02177236 11.52502123 10.94157895 10.19207958 10.18745339 10.27410694 11.33827068 12.94583925 14.64642796 17.58644503 20.86721887 24.6818257 28.87149919 32.00623387 36.32020842 40.54401887 44.36644184 48.16920788 50.6831079 53.81595657 56.67841196 59.33556989 62.03107908 64.03686839 66.27857891 68.38055871 69.39327338 68.62903958 67.82404327 66.4234115 65.01641372 63.72153961 62.74345203 62.45397109 -9999 -9999 -9999
