meets/meet004/data/CCSM_21k_neotropic_bio02.asc
NCOLS 154 
NROWS 168 
XLLCORNER -112 
YLLCORNER -55.5 
CELLSIZE 0.5 
NODATA_value -9999 
[rows 87 to 115 of 168, columns 64 to 127 of 154]
-9999 -9999 -9999 -9999 -9999 -9999 -9999 -9999 -9999 4.425949972 6.292751058 8.389914009 10.10739741 9.959221165 9.600158247 9.444314896 9.238054899 9.222575796 8.679268091 8.137313269 7.619989317 6.971769441 6.817994657 7.469976311 8.356226762 9.07475045 9.809641794 10.32696016 10.38077274 10.41699721 10.41932309 10.28347108 10.50048865 10.67090326 11.04982389 11.19458929 11.08782529 10.89180863 10.67297134 10.42971966 10.21386781 10.04725871 9.891408323 9.931751073 9.976109714 9.961816334 9.909271052 9.819227604 9.921997668 9.989278942 9.966409825 9.910147943 9.819445408 9.739297078 9.66582835 9.686500781 9.822083401 9.897321743 9.878798437 9.751645337 9.549830185 9.310818098 9.025283353 8.81220589
-9999 -9999 -9999 -9999 -9999 -9999 -9999 -9999 -9999 -9999 -9999 6.018544453 8.045679885 8.095920659 8.052998622 8.334631379 8.575232043 8.964681722 8.847171767 8.620307284 8.203534272 7.544788749 6.965861076 7.254680303 7.629254996 8.219134946 9.125008221 9.982504441 10.24995582 10.61645976 10.82066179 10.87138458 11.15577093 10.99788207 11.03765198 11.01958421 10.84592553 10.73703721 10.58764972 10.36218125 10.14083345 9.932258014 9.732925289 9.796368262 9.91929845 9.94331783 9.922445117 9.842718494 9.975347395 10.06732562 10.02080752 9.901973718 9.768244403 9.699300858 9.69418316 9.751604852 9.917554643 10.01607959 10.00171987 9.860819004 9.650353465 9.389470074 9.079482864 8.843575371
-9999 -9999 -9999 -9999 -9999 -9999 -9999 -9999 -9999 -9999 -9999 -9999 -9999 5.163599992 5.855697572 6.699491414 7.638808814 8.463699849 8.882088259 9.097165214 9.089637419 8.614707652 8.237245599 7.725980722 7.338539712 7.471676123 8.170150146 8.90342796 9.617592903 10.33249793 10.77773256 10.7356904 10.6797957 10.71325437 10.71364549 10.64121264 10.64404894 10.60114612 10.50846572 10.45544937 10.27951979 9.933688442 9.744083065 9.782040682 9.890846854 9.958469213 10.00680707 10.08075727 10.09223834 10.1248662 10.0388469 9.822308963 9.64401685 9.680279906 9.76087402 9.897626827 10.14007413 10.23841341 10.21332943 10.06690869 9.830955385 9.551994964 9.239415118 8.984481408
-9999 -9999 -9999 -9999 -9999 -9999 -9999 -9999 -9999 -9999 -9999 -9999 -9999 -9999 -9999 4.888089038 6.183561019 7.528208291 8.625586686 9.447204041 9.646074886 9.443998702 8.926328623 8.216775053 7.527107809 7.319960762 7.471295355 7.823341246 8.573413678 9.431571065 9.995017722 10.16288678 10.20230142 10.27732177 10.24360983 10.26234406 10.31865356 10.34943196 10.34928491 10.33543088 10.20796863 9.923464063 9.748955028 9.792005744 9.910762499 9.976419956 10.02894196 10.10069645 10.14433101 10.19522906 10.1065289 9.872470739 9.727026761 9.848428262 10.06411677 10.2670209 10.49522313 10.58017919 10.49309534 10.30295257 10.04647818 9.763536247 9.481042425 9.185843101
-9999 -9999 -9999 -9999 -9999 -9999 -9999 -9999 -9999 -9999 -9999 -9999 -9999 -9999 -9999 -9999 -9999 6.057464497 7.785711119 9.341753486 10.14683511 9.819355102 9.154382455 8.948774827 8.361761691 7.827334666 7.340282176 6.801947018 7.612585511 8.253056145 8.86495354 9.675983834 9.962019323 10.01478462 9.866615182 9.863622333 9.958808708 9.998311464 10.06876092 10.01346775 9.973447299 9.842045685 9.724761905 9.808135032 9.960812203 9.994479274 9.934658449 9.893072685 10.06038183 10.27101249 10.22934944 10.01885859 9.924662995 10.12246286 10.53388629 10.75681912 10.84840555 10.97471915 10.74018467 10.47770039 10.222916 10.0032206 9.771955866 9.39308982
-9999 -9999 -9999 -9999 -9999 -9999 -9999 -9999 -9999 -9999 -9999 -9999 -9999 -9999 -9999 -9999 -9999 4.667508293 6.539544395 8.463421701 9.726421489 10.23215116 10.23185504 10.11988598 9.525974749 8.943082078 8.236341229 7.643837272 7.814883653 8.119429189 8.615082696 9.458925923 9.91246772 9.941722546 9.662682843 9.592078492 9.702204788 9.797384593 9.896351753 9.910319198 9.932704802 9.883420843 9.841097616 9.910471761 9.981241091 9.952069989 9.846778459 9.79899462 9.972385163 10.22356289 10.25657079 10.12169348 10.09085955 10.26930509 10.59820927 10.75411055 10.78521512 10.83269424 10.6837493 10.52853593 10.33574963 10.13484572 9.891528228 9.534734202
-9999 -9999 -9999 -9999 -9999 -9999 -9999 -9999 -9999 -9999 -9999 -9999 -9999 -9999 -9999 -9999 -9999 -9999 -9999 7.163435111 8.976628581 10.72835562 11.99798723 11.3262922 10.76439596 10.18994914 9.524780726 9.482383984 8.844501862 8.665412309 8.92027535 9.559418772 10.15342693 9.995809232 9.591500149 9.465766915 9.591173297 9.723304534 9.814183242 9.978139598 10.07018182 10.0418907 10.06380884 10.0094935 9.977968306 9.900491549 9.755179623 9.732659092 9.930942856 10.14861866 10.21587543 10.18764058 10.17731854 10.24932313 10.35450802 10.42746804 10.43757145 10.34206946 10.4567878 10.52447954 10.40870691 10.19212981 9.915076424 9.63023762
-9999 -9999 -9999 -9999 -9999 -9999 -9999 -9999 -9999 -9999 -9999 -9999 -9999 -9999 -9999 -9999 -9999 -9999 -9999 7.029363651 8.994200732 10.71768986 11.74422805 11.50516644 10.82258562 10.3910539 10.08748094 10.01826343 9.4957811 9.249450894 9.327641828 9.77054531 10.21759687 10.23102003 9.983732381 9.826779189 9.716382573 9.668288773 9.746338754 9.941636983 10.08740426 10.16546045 10.15925116 10.01364262 9.841450763 9.7240448 9.674259801 9.723458425 9.95725178 10.19043699 10.25626941 10.17904845 10.09541592 10.11586805 10.16240874 10.19434216 10.19041997 10.19229641 10.31126538 10.37967422 10.30749727 10.15986739 9.907630238 9.705250924
-9999 -9999 -9999 -9999 -9999 -9999 -9999 -9999 -9999 -9999 -9999 -9999 -9999 -9999 -9999 -9999 -9999 -9999 -9999 -9999 9.417754515 10.52506697 11.06031776 10.90647928 10.12402689 9.822548185 9.902829429 9.914509349 9.712607676 9.590774577 9.649503155 9.991699926 10.29499978 10.54989386 10.66426261 10.50590447 10.07235865 9.573148379 9.731516996 9.888562495 10.01668135 10.17391217 10.24760991 9.982353358 9.620060353 9.489000836 9.614177287 9.740759498 10.06427634 10.34272959 10.39215797 10.19751696 9.965587576 10.00126853 10.06634575 10.09360377 10.11791701 10.17706267 10.25936482 10.27239566 10.25284432 10.16462667 9.924287509 9.912032407
-9999 -9999 -9999 -9999 -9999 -9999 -9999 -9999 -9999 -9999 -9999 -9999 -9999 -9999 -9999 -9999 -9999 -9999 -9999 -9999 9.58327397 10.6630441 10.85904043 10.31717198 9.38226175 9.099801885 9.434822865 9.791317008 9.829587242 9.76126927 9.922678224 10.30902843 10.70471366 10.95488647 11.0961482 11.02122002 10.74193519 10.3694996 10.03096869 9.777558033 9.78579728 10.08729964 10.22049354 9.985908893 9.61092322 9.505557346 9.622914721 9.877548146 10.26698638 10.5672031 10.58814648 10.30243992 10.03989062 9.997815933 10.06003919 10.10185731 10.15935695 10.19916168 10.27896813 10.34046579 10.37207587 10.39326073 10.35797718 10.36684782
-9999 -9999 -9999 -9999 -9999 -9999 -9999 -9999 -9999 -9999 -9999 -9999 -9999 -9999 -9999 -9999 -9999 -9999 -9999 -9999 9.745006863 10.61618452 11.12363445 10.10445527 8.796297141 8.559350306 9.255298055 9.799242112 9.878144324 9.906164337 10.16282474 10.66055581 11.15905997 11.34733751 11.50644395 11.51421557 11.44158557 11.35029965 10.57785926 9.779289508 9.594131538 9.977069005 10.38290707 9.962446626 9.608480411 9.558032056 9.756044485 10.01377161 10.40429827 10.79936661 10.81712072 10.43384988 10.07251797 10.07827081 10.11873775 10.16698259 10.2431183 10.25655187 10.42373091 10.51366501 10.62028334 10.75527918 10.88795051 10.81554194
-9999 -9999 -9999 -9999 -9999 -9999 -9999 -9999 -9999 -9999 -9999 -9999 -9999 -9999 -9999 -9999 -9999 -9999 -9999 -9999 9.526701721 10.46852808 10.51013502 9.92264651 9.004435116 8.802617306 9.269625321 9.771076036 9.94309115 9.990745048 10.31950757 10.92768879 11.4563333 11.67618359 11.78860176 11.85277751 11.89279486 11.7506335 11.16921447 10.49001696 10.1033717 9.943050399 9.877719203 9.78475498 9.686002683 9.743844037 9.928600528 10.1781992 10.50572889 10.7707885 10.78316219 10.56174089 10.29098274 10.24599256 10.27499982 10.33821906 10.47622538 10.57291774 10.67164745 10.74460676 10.87088271 11.02760359 11.15735828 11.15021649
-9999 -9999 -9999 -9999 -9999 -9999 -9999 -9999 -9999 -9999 -9999 -9999 -9999 -9999 -9999 -9999 -9999 -9999 -9999 -9999 9.353118959 10.02270698 10.25043081 9.882610937 9.288683654 9.178805878 9.494394762 9.872234906 9.906732054 10.03887957 10.40958682 11.08224073 11.70005938 11.81937963 11.8886471 11.97656156 12.10887893 12.11139519 11.50374425 10.96716802 10.49509999 9.948256574 9.492733338 9.745166352 9.834563061 9.955244674 10.14253004 10.3196852 10.56550448 10.76845472 10.78726644 10.66650302 10.49626897 10.52634886 10.52938716 10.58943028 10.73480425 10.90840437 10.91413287 10.96400723 11.09431666 11.26096596 11.38979742 11.28416507
-9999 -9999 -9999 -9999 -9999 -9999 -9999 -9999 -9999 -9999 -9999 -9999 -9999 -9999 -9999 -9999 -9999 -9999 -9999 -9999 9.14932901 9.834172881 9.926542104 9.945689546 9.75031164 9.669970826 9.655180419 9.745799353 9.859379383 10.10400724 10.51969467 11.1418678 11.60995129 11.79003277 11.83756484 11.9434499 12.1028877 12.0115897 11.42878854 10.64152647 10.19854285 10.09771296 10.1160147 10.11082324 10.12385776 10.21848867 10.35100704 10.50886205 10.68176481 10.82568194 10.88125539 10.86214708 10.83089002 10.8797291 10.95986578 10.99525625 10.97504318 11.00665698 11.04568117 11.15199822 11.23822967 11.31792573 11.39125072 11.28010535
-9999 -9999 -9999 -9999 -9999 -9999 -9999 -9999 -9999 -9999 -9999 -9999 -9999 -9999 -9999 -9999 -9999 -9999 -9999 -9999 9.105100567 9.697655353 9.820571054 10.07081365 10.11614374 10.02559579 9.703314987 9.555166247 9.745208265 10.10113784 10.54514375 11.10275857 11.53452539 11.63811252 11.6571579 11.77316527 11.95695546 11.96112232 11.22786097 10.30182027 9.94366069 10.22662674 10.58054429 10.42982808 10.39755009 10.42750403 10.50032802 10.66935188 10.76819838 10.88516003 10.96868631 11.01040058 11.09416591 11.17336703 11.3087776 11.3207478 11.17058677 11.06307911 11.0710676 11.17252294 11.1937748 11.15357097 11.23210026 11.08918026
-9999 -9999 -9999 -9999 -9999 -9999 -9999 -9999 -9999 -9999 -9999 -9999 -9999 -9999 -9999 -9999 -9999 -9999 -9999 7.127617242 8.998740461 9.745510886 10.00287819 10.21066541 10.15921377 9.990808457 9.607987866 9.385923902 9.601446241 10.03684084 10.53394737 11.06970261 11.42253144 11.48418635 11.32459852 11.44212183 11.78508557 11.7984658 11.19412776 10.45700805 10.12971387 10.32449735 10.53064285 10.55997807 10.51227283 10.53878911 10.6417704 10.76149224 10.83466047 10.89394063 10.96971042 11.02918872 11.15455331 11.25966954 11.40168894 11.40084087 11.26367344 11.19181614 11.00701946 10.92453933 10.82472345 10.73125011 10.70640707 10.60637007
-9999 -9999 -9999 -9999 -9999 -9999 -9999 -9999 -9999 -9999 -9999 -9999 -9999 -9999 -9999 -9999 -9999 -9999 -9999 7.159571887 9.044401389 9.833669671 10.18132422 10.31849441 10.19944663 9.960925185 9.452784974 9.211529047 9.651147507 10.25254396 10.80485272 11.28471826 11.48905882 11.44738209 11.25376016 11.36038752 11.74351889 11.84444811 11.34729576 10.69552578 10.38566128 10.50264768 10.64331368 10.69931984 10.66409339 10.68689723 10.81157349 10.88667322 10.86770324 10.84920251 10.88022112 10.94274671 11.0804426 11.13787642 11.29535101 11.28979536 11.13375393 11.07621182 10.81920414 10.61837316 10.51552 10.392151 10.24919389 10.3802445
-9999 -9999 -9999 -9999 -9999 -9999 -9999 -9999 -9999 -9999 -9999 -9999 -9999 -9999 -9999 -9999 -9999 -9999 -9999 7.273455406 9.156664509 9.987126642 10.2788249 10.3660205 10.14048174 9.865271694 9.377551741 9.224774228 9.898418165 10.91909941 11.50722737 11.66787676 11.72985901 11.67426309 11.60419978 11.6924667 11.86957711 11.94725735 11.50547746 11.02188511 10.7159541 10.716902 10.87589633 10.85779902 10.92800595 10.97317759 10.99760695 11.02892017 10.91734212 10.79089498 10.76572755 10.81709326 10.88390774 10.96444036 11.01247808 10.96455862 10.8386491 10.66669484 10.4987747 10.40956708 10.20713641 10.0957743 10.23438605 10.17348591
-9999 -9999 -9999 -9999 -9999 -9999 -9999 -9999 -9999 -9999 -9999 -9999 -9999 -9999 -9999 -9999 -9999 -9999 -9999 7.396507186 9.258333239 10.04175882 10.35188002 10.36763456 10.07075863 9.845085678 9.454268833 9.404782289 10.25709668 11.40567979 11.96841709 11.95785028 11.90004049 11.83127739 11.86559921 11.85280398 11.82928825 11.79674432 11.37095372 11.04860917 10.80112401 10.70419644 10.83211407 10.86252829 11.02030834 11.07918625 11.05459906 11.06295716 10.93038053 10.75962203 10.70294468 10.70907759 10.72153057 10.74447432 10.72365431 10.63888679 10.51714492 10.3296319 10.18064084 10.07828691 10.09573982 10.16772805 10.13980768 9.987669723
-9999 -9999 -9999 -9999 -9999 -9999 -9999 -9999 -9999 -9999 -9999 -9999 -9999 -9999 -9999 -9999 -9999 -9999 -9999 7.445083037 9.285320972 10.08975191 10.36993415 10.35593687 9.994518747 9.80918048 9.651082806 9.837843914 10.58892537 11.58293817 12.09212493 12.02565114 11.88578659 11.92570555 11.91754797 11.85359205 11.68703061 11.32319525 11.17590576 10.89065184 10.6434667 10.55129962 10.46891971 10.69277976 10.92124632 11.02022553 11.02204107 10.9617599 10.88903572 10.78532617 10.71673819 10.70437625 10.65521864 10.59774755 10.47884632 10.35457457 10.32900361 10.15495248 10.03390232 9.96803744 9.737243318 9.960497651 9.865926447 9.369758896
-9999 -9999 -9999 -9999 -9999 -9999 -9999 -9999 -9999 -9999 -9999 -9999 -9999 -9999 -9999 -9999 -9999 -9999 -9999 7.40353526 9.226844399 10.18340753 10.501091 10.45297725 10.0347635 9.893871117 9.826866679 10.07928317 10.76362545 11.63428407 12.0671331 12.02826223 11.95734285 12.03418694 12.04343826 11.98203081 11.80721576 11.45056332 11.28649512 11.02031369 10.74834683 10.56314023 10.42783798 10.61743025 10.86463763 10.97151062 10.95510003 10.89652449 10.85726286 10.81261798 10.76773882 10.73668394 10.65795708 10.57252381 10.41619966 10.30552312 10.30521749 10.13379776 10.11674168 9.808782882 9.555160514 9.516280024 9.193199865 8.740658372
-9999 -9999 -9999 -9999 -9999 -9999 -9999 -9999 -9999 -9999 -9999 -9999 -9999 -9999 -9999 -9999 -9999 -9999 -9999 7.282494385 9.133802407 10.27050679 10.81986992 10.72881823 10.19652017 10.00852955 9.95461325 10.150342 10.7123734 11.50007057 11.93142959 11.98244728 12.06616366 12.1625641 12.25577219 12.24052439 12.13369767 12.02223436 11.66305414 11.42062551 11.11549739 10.77325104 10.6138187 10.71228494 10.90319436 10.96845809 10.92173291 10.87820895 10.87475997 10.86849301 10.84245268 10.79878607 10.72439739 10.6107543 10.5209432 10.40305751 10.39566777 10.26595508 10.18213356 9.948236243 9.310918704 8.865686341 8.118831168 -9999
-9999 -9999 -9999 -9999 -9999 -9999 -9999 -9999 -9999 -9999 -9999 -9999 -9999 -9999 -9999 -9999 -9999 -9999 -9999 7.143202002 9.046476457 10.38323855 11.02506916 11.01041667 10.45763436 10.21510209 10.08384955 10.151867 10.48991453 11.04874056 11.47155793 11.76882624 12.01941187 12.20071636 12.31158182 12.33933046 12.2607676 12.15057724 11.87496412 11.60722965 11.30638988 11.00116348 10.85115209 10.85635004 10.95666546 10.97576853 10.91452939 10.87915485 10.90103267 10.94100756 10.92442149 10.86525218 10.77253676 10.66644471 10.57044691 10.45562314 10.43908004 10.28222051 10.32109411 10.05293079 9.384178752 8.619683516 7.827377359 -9999
-9999 -9999 -9999 -9999 -9999 -9999 -9999 -9999 -9999 -9999 -9999 -9999 -9999 -9999 -9999 -9999 -9999 -9999 4.898470893 7.195860233 9.110544078 10.61087594 11.42067561 11.35914637 10.81481004 10.4955504 10.22885598 10.09796001 10.26515562 10.46857884 10.85466284 11.46806985 11.92822034 12.10645655 12.2366857 12.28440846 12.16509048 12.04145835 11.81893864 11.57754035 11.33705288 11.16594143 11.06111992 10.99913109 11.01470315 10.98584525 10.91640314 10.88247976 10.93875205 11.02717617 11.01060399 10.91515952 10.80372987 10.67292169 10.56351389 10.43424211 10.4203112 10.26914134 10.19504481 10.1472102 9.433925993 8.608995054 7.840532149 -9999
-9999 -9999 -9999 -9999 -9999 -9999 -9999 -9999 -9999 -9999 -9999 -9999 -9999 -9999 -9999 -9999 -9999 -9999 5.414213995 7.733049814 9.655950026 11.13019103 11.856048 11.78449154 11.20551071 10.83216849 10.4842477 10.33584378 10.33003744 10.54206378 10.83508938 11.2607915 11.65322645 11.90064506 12.02613822 12.08380478 12.00695064 11.89480958 11.73186861 11.58695157 11.40916721 11.25110733 11.15491681 11.09345954 11.07570619 11.03781394 10.96793699 10.94888018 10.99392692 11.06357651 11.04107443 10.94375427 10.8169067 10.68186845 10.54342501 10.3814829 10.3040793 10.10995432 10.20491067 10.14948569 9.556436147 8.634261755 7.709838288 -9999
-9999 -9999 -9999 -9999 -9999 -9999 -9999 -9999 -9999 -9999 -9999 -9999 -9999 -9999 -9999 -9999 -9999 -9999 6.27982948 8.641328916 10.39825579 11.6327694 12.55343424 12.07533641 11.46081196 11.00127943 10.5489375 10.51695504 10.46222786 10.78224865 11.00873294 11.12356166 11.36076774 11.54080738 11.70011222 11.76435953 11.71128584 11.70071499 11.59037216 11.56924239 11.49099803 11.33833535 11.20177191 11.15898153 11.14625376 11.09204278 11.02116213 11.00729364 11.01458088 11.06765932 11.02605789 10.91308915 10.81325396 10.65515687 10.50823019 10.3390631 10.22629738 9.962105619 9.998762173 10.22204727 9.666638785 8.60339921 7.357764091 -9999
-9999 -9999 -9999 -9999 -9999 -9999 -9999 -9999 -9999 -9999 -9999 -9999 -9999 -9999 -9999 -9999 -9999 -9999 7.472183955 9.274617648 10.75975798 11.81695712 12.25911328 11.96955289 11.22099467 10.66777068 10.11451686 9.978527495 10.24828676 10.79516387 11.02690081 10.99411659 10.95341937 11.11847689 11.30330107 11.34980108 11.22686733 11.15329212 11.31172999 11.52743303 11.56137606 11.44776602 11.30818037 11.22005699 11.16750952 11.10260462 11.03965324 11.00189687 10.98821573 10.98382345 10.92483695 10.82925767 10.71173342 10.59220564 10.46791409 10.31952446 10.23708307 10.23389605 10.40804271 10.43338566 9.796144711 8.477070928 7.231402504 -9999
-9999 -9999 -9999 -9999 -9999 -9999 -9999 -9999 -9999 -9999 -9999 -9999 -9999 -9999 -9999 -9999 -9999 7.213995237 8.68033934 9.940335371 11.11677562 11.83844228 12.15792024 11.70422342 10.85201193 10.22493007 9.674948091 9.079885319 9.899247886 10.73295308 11.01948511 10.7999589 10.49092406 10.85782011 11.00340733 10.97247431 10.77780849 10.49359919 10.97244245 11.47050365 11.64137135 11.54792406 11.40024224 11.27863991 11.18595918 11.10636388 11.04405432 10.9774133 10.94635473 10.88875818 10.81610155 10.72892135 10.6142359 10.51648225 10.45115235 10.48401419 10.68242163 10.55648985 10.49760103 10.65733 9.725743511 8.203914496 -9999 -9999
-9999 -9999 -9999 -9999 -9999 -9999 -9999 -9999 -9999 -9999 -9999 -9999 -9999 -9999 -9999 -9999 -9999 7.699546467 9.462504669 10.75883202 11.6914902 12.04430735 11.95623131 11.51060953 10.75041631 10.15289023 9.598975943 9.38379253 9.820703573 10.46541374 10.76438828 10.76422803 10.64704138 10.8197889 10.92108031 10.86972155 10.5948095 10.44522004 10.88702445 11.39440001 11.60964137 11.58624148 11.422699 11.3313237 11.25084991 11.15707389 11.08388133 11.00386788 10.92277184 10.83343913 10.73927014 10.65630314 10.58195568 10.51138897 10.60741892 10.59916587 10.84803536 10.89687355 10.48180606 9.795992119 8.776900776 -9999 -9999 -9999
