meets/meet004/data/CCSM_21k_neotropic_bio13.asc
NCOLS 154 
NROWS 168 
XLLCORNER -112 
YLLCORNER -55.5 
CELLSIZE 0.5 
NODATA_value -9999 
[rows 58 to 86 of 168, columns 64 to 127 of 154]
344.0700837 318.1448654 284.4498656 250.741796 229.8424507 226.6647984 239.3140768 252.3856516 254.938768 250.4724894 257.7803411 269.2201821 278.5338764 287.8119483 294.1890513 300.5786233 309.319571 315.0878683 318.768045 321.1657763 321.5801997 318.9519149 314.2830708 304.0120442 292.6814207 291.5451901 290.6470962 295.5026504 298.3820175 303.3615607 311.4755429 322.4610936 333.3637048 347.6438718 354.6684839 360.6856943 372.2880088 376.2786337 383.2718477 370.3474643 367.9201929 368.9669873 365.5370982 358.2330719 346.423585 335.6778151 322.707926 308.7959288 300.2472179 292.4457396 290.7874544 295.1655247 300.2385308 312.7304807 325.4626228 340.2593557 357.7880133 371.1604436 386.4460554 396.1506105 403.4275072 409.4417475 410.3385168 -9999
343.7460047 312.8724823 269.7130546 242.0053017 219.6409321 222.3234812 233.3345545 243.9034743 249.6886549 249.4852612 251.9872292 266.8105363 278.0424068 283.7295327 290.2812469 297.1116717 303.3276563 309.0457937 309.9893605 307.6242916 309.3534408 303.9444073 299.2509317 293.0799933 282.3486816 273.6326734 281.1037673 285.3690622 294.5090987 303.8350447 311.0660051 327.6543742 339.3135345 350.1413104 366.1148885 368.7031372 384.2651576 381.5331375 379.4385307 382.183379 368.3533199 372.6405099 369.4041428 358.3880529 346.7286151 323.4474597 312.3610603 299.9312346 295.840603 287.6076457 286.7298962 294.1488283 298.4694619 312.5817478 324.8783764 338.5901506 360.5091958 371.9321475 388.1273883 398.5245126 404.399233 417.3130971 417.4794237 422.5077366
343.5759369 307.8188044 264.246772 233.9600625 215.6889006 214.4653178 223.4339266 233.4486418 240.0040479 241.8484023 250.6766683 264.8441378 276.9799116 285.6815629 291.0631601 294.5026041 297.9472157 299.2033203 295.9394869 294.0501074 293.1209782 288.002444 283.1819513 276.6693101 269.8733106 268.520852 268.9645982 276.1540775 286.7476819 297.1064262 306.0865725 322.079306 334.9830605 352.4879384 364.2968176 366.5860727 379.5564776 381.9278925 393.2948598 401.2123582 402.0932484 407.7603068 402.9377603 400.0212221 382.0174078 356.8157513 341.6064825 311.1851838 293.4419989 278.3045213 279.2965978 284.9281592 290.8118818 302.8983976 315.4265064 328.0334521 344.7311415 358.8552676 373.1599213 385.1906734 392.8722285 402.6087313 407.3190658 412.6112028
342.4759478 299.2804251 254.2173658 229.3226557 209.2607558 209.2772184 217.8422044 225.3738235 233.0321116 236.0029071 242.3224182 258.3987816 269.9276005 277.6903191 284.8398371 287.6453905 289.6608165 290.8574697 286.9770578 279.539083 279.0514888 274.0677189 270.8331673 267.5831269 262.3342629 260.4785745 261.2313941 261.4487189 273.1534124 283.3052413 291.7504851 310.7473398 320.9151889 334.1148988 347.9986657 362.2352646 380.1035991 395.3156862 402.3793833 415.1959027 416.3674172 421.7705474 418.0049149 409.5229423 397.859927 377.7640943 363.9178863 335.6850837 319.0401009 296.2730977 283.6251881 276.9567873 279.7969836 293.0003225 301.124222 313.1884153 331.1048715 340.1534252 355.9072608 363.0110116 370.4892792 384.8725984 384.8167339 394.5816096
338.8166209 293.3762243 249.6446015 221.8839757 203.9374496 202.2685932 209.0313197 218.638742 220.0545532 226.3509286 235.1293942 248.2875605 259.4389876 269.2284555 276.1611498 279.5600507 281.049578 279.8537469 275.4124158 268.7964952 263.2005537 259.8828829 257.0191361 254.0398586 252.1569691 254.3041059 257.2490655 261.2167355 269.4120531 278.6733409 289.9942148 305.3144952 320.3074254 338.4471267 355.7371368 369.0942287 386.7802481 400.2492614 412.8680784 420.976065 421.6351137 427.093066 422.922149 420.9854328 408.5723797 389.4873457 377.8272348 359.0212476 345.2056829 328.5749611 316.9125568 307.7931532 300.7856531 293.9951975 285.5412866 294.5824946 311.0675706 325.4466754 342.0560965 356.8477937 368.8860812 382.6292602 392.1164468 402.0949468
336.1290396 288.2813671 242.7417211 221.129556 205.9741744 204.4256137 206.9057025 211.2085061 213.5299475 216.1668681 223.4630499 237.0552087 247.6490134 256.1048048 265.6780476 271.5268163 274.1644497 275.6382778 270.4410322 262.9538225 255.8470861 246.3186983 245.2224288 244.5656404 243.8135863 245.5900408 249.7192886 254.8411422 263.8478302 274.2299534 284.9149199 300.0068038 315.7791472 330.3172142 348.9403038 362.0133096 377.8735652 390.0411262 398.7636447 408.422418 409.6034409 414.2324527 412.1609036 407.2019594 401.0681203 388.512029 380.1363555 366.185198 356.8137625 346.2939975 342.9468179 334.8574374 330.2205984 322.7026382 313.0750291 317.1912073 326.4240098 344.690417 359.7213606 377.3191998 390.1341 403.3377014 415.7472101 423.2791787
330.9151978 283.1996595 244.8434049 218.2030432 208.4602008 205.0688932 202.6856404 204.6082632 205.4092864 208.18608 217.46219 229.9837854 241.3505736 252.5938665 261.8431649 266.5479544 268.0715495 267.7362651 262.726997 255.7587034 249.159604 238.9922936 231.9906766 232.4353655 233.3960918 237.2271486 242.4952692 248.1256529 257.5127934 267.33199 278.3343894 293.0804717 306.9625306 323.2228945 338.5582963 349.8251073 364.2243112 375.1013763 385.384632 392.2232898 393.0258893 397.1723168 396.4846057 395.2556292 390.2398701 380.2491407 373.6629624 367.9924885 360.3388843 355.9166894 351.1380501 345.1365524 341.7182217 342.3599343 343.5967885 348.3189164 353.4040335 355.6602907 373.5762114 389.7433368 402.6008737 417.4514599 428.160866 441.1434382
323.022119 277.841142 236.2207229 216.5180866 215.2344148 208.7238396 195.7862692 196.2783418 200.5262348 202.4108384 210.2935969 224.4654384 234.8455122 242.8126826 253.3714639 258.0114216 259.1828013 258.9533092 254.1153526 247.9464268 242.4680501 231.730554 226.4735536 222.1536696 222.7494081 226.7046177 231.904423 237.9475115 246.9876797 257.0757501 266.5573707 281.3577666 292.9381596 305.3470385 321.342396 331.1958472 346.1661443 353.2660045 360.3260419 370.0320608 375.1442445 385.1902303 388.1208448 387.0457652 386.7860071 381.7511188 377.2532132 372.2823496 368.4263791 363.6466413 362.1576841 362.4261998 363.1944327 365.5296755 367.8516743 370.5903667 375.119754 375.2682395 376.6959382 392.959156 404.4586753 420.3141424 431.3222698 441.863414
308.4642474 260.867933 230.1845981 212.3476 205.2738477 201.6474102 195.7310633 190.8695228 189.4529801 194.2798474 202.7716452 212.3507668 223.5090848 233.5290066 241.8076332 245.972691 247.7400236 247.3503927 243.4675565 238.511448 234.1032798 227.8527456 222.0743134 218.1966967 215.3649541 216.6161352 221.4985225 227.327196 235.6938953 244.4070002 253.6386231 265.7416429 278.3449439 294.0328195 308.5548103 319.0169139 334.1593081 345.9764911 358.2303738 367.4820183 371.9968435 379.6352333 383.5843977 385.9980206 385.5364136 382.4665661 380.6258503 377.5731737 376.0093403 374.1733582 374.5179056 376.3086056 377.5507084 380.173848 382.1761498 385.2577092 387.2632372 387.8385533 385.6763085 386.6881574 397.9825169 411.0636203 421.2112744 434.136958
290.5867668 252.5804403 213.6406112 203.4720984 197.4642833 197.3517866 192.1587372 183.6271959 187.4431268 185.3957058 189.8097979 199.3249903 211.1695136 218.9140321 227.7735191 232.3193535 234.7497369 235.608004 232.9846706 228.8173227 226.117459 220.8119564 217.468415 215.9229052 213.7738391 216.3434108 220.3743257 226.0865165 234.6638139 244.4537121 254.3203414 268.6668004 281.0826215 293.7277197 308.166286 316.8352769 330.615171 340.2999017 348.4507656 358.1962184 362.6454744 369.9191262 374.3296123 376.1180242 378.7493921 378.7692443 377.2828229 377.2857599 377.0360723 377.7539331 379.5347939 380.2391729 383.6839338 385.4235106 388.8271533 391.2818944 393.0741427 395.5874962 393.4154774 391.8147363 396.4327601 410.8619544 423.6757607 432.9440812
288.2345812 252.6319937 216.4443875 202.9989414 200.06016 199.0365996 198.2907091 190.6251615 185.2183591 176.5387727 180.3558254 188.4469097 197.2584281 206.6680342 213.834326 217.664145 221.2365371 222.7396656 221.5904009 218.9029623 216.790089 214.1616232 211.5460152 210.6945301 210.1619375 213.1047505 218.5575917 224.2231054 233.2091907 242.4726479 251.7308638 264.6576376 275.8714035 288.7645732 300.0060108 308.0873809 319.6381062 328.0960213 337.7264288 344.9458918 349.4652366 356.9442886 361.8851896 366.5492435 370.1148598 371.5728136 373.2202784 375.3632469 376.5495038 378.4862581 381.161562 382.8525927 386.1850118 387.584731 391.1001913 394.0820135 395.5135612 397.74524 397.3754857 397.676125 403.1861479 417.2485093 430.6336518 443.3613976
294.3816095 265.5812846 225.3374925 207.5470547 201.8605762 203.4082386 201.4270045 197.4138051 185.4599106 167.4583747 167.3792877 175.6235245 184.3633641 190.2289568 198.5218334 202.3666535 205.6735616 209.8268555 208.8109678 207.5418801 206.9527004 204.8808677 204.0905618 204.995446 204.3196903 207.9659905 214.634737 220.0760526 229.0991282 237.6337641 246.0295338 259.2981848 267.6727445 277.9066654 288.590161 295.2333594 306.5073695 313.0569571 319.8516328 328.371596 333.5700713 341.2846186 346.9692698 351.5094146 357.8488865 361.6400619 364.927977 369.4043011 371.0647597 374.7352522 378.3669265 379.1856577 384.1777026 385.5247454 388.9692301 392.2649891 392.922828 397.0623293 400.514765 407.9936639 413.8113154 420.1697877 433.7558931 446.3146987
329.682376 296.287861 252.0652289 227.0745723 212.4734255 204.7204279 204.1547695 195.1075317 182.9186546 163.1802869 159.7952583 167.2775911 173.61095 179.4191508 185.2245842 188.3810098 193.2060026 196.3622566 197.6899586 196.9089358 196.383769 196.4821349 195.8821557 196.9976375 197.6444187 201.0923629 207.3440296 213.1538241 221.7366358 229.8207483 237.6143609 247.7684801 256.6275866 266.3729741 274.8650378 281.4012034 290.3498275 297.5060725 305.770183 313.0270045 318.5960765 326.6881192 333.3501802 340.6978507 346.7842414 351.8210466 358.3943558 363.1741236 367.5544783 371.2400661 374.9553801 378.0800131 380.8930032 383.4887664 385.9153626 389.0498873 391.3398294 398.6297981 405.0658154 413.2565352 419.5156212 424.5826218 431.9603259 437.955948
348.9200444 326.7850496 293.4632169 257.0797251 226.0179177 213.5135027 207.2517515 201.3774205 187.5865216 164.884655 157.564798 162.6249769 167.8808473 170.163353 172.5988518 175.2274516 179.5685848 184.2536533 184.9253552 185.4295292 185.7042011 185.6739957 186.2058658 187.7619827 188.6320229 192.3808098 198.8978849 204.8208786 212.2884564 220.1994087 227.5531488 237.3831266 244.9137364 252.1486231 260.9858999 266.8508418 275.4570042 282.0273728 287.7651565 296.9893118 303.1958669 311.1059066 319.1985899 325.8890397 334.6112315 340.9992018 347.3960286 354.6944341 358.9342949 363.556494 367.7674757 370.3269904 374.957575 376.9198926 380.9971861 388.4534848 395.4681168 402.6932402 409.3855924 416.2589262 422.7476907 429.7232921 436.8416179 442.7581098
-9999 352.5313119 345.2483123 300.4668916 255.9863396 224.8197627 217.9596673 212.3366238 192.0899525 174.6734593 164.7911058 163.9374453 163.7070795 164.0750776 163.0077835 165.6226836 170.7882263 174.3270751 176.3175829 176.0562041 175.5077502 177.6431648 177.7242938 179.6035889 180.2791801 183.3315878 190.1615917 195.5962147 203.5236026 209.7775089 217.0436077 225.748075 233.2079029 241.0584455 248.511835 256.961945 263.8921312 270.4494947 277.023804 282.7272776 289.8001254 299.5206428 308.157043 316.6248548 323.6673543 330.1829692 339.6323961 345.613478 350.8328115 354.4717402 357.8827966 362.813339 367.7074386 372.6836434 379.942345 386.6882403 392.9162016 401.3585109 406.7262667 415.8745609 422.5066529 426.2463562 434.5244205 438.3672545
-9999 -9999 374.8233584 330.9692654 277.6654953 246.3889825 227.870417 225.7736595 209.9657819 189.1599033 177.4197296 170.349251 164.5153123 162.3120975 159.7549233 158.5389843 163.6236323 166.9289876 167.7179791 167.5331279 167.8627286 168.3267552 170.1515562 171.8951683 171.7772506 175.7856919 181.5283507 187.3572799 193.6609526 199.4668162 206.0135258 215.7257138 223.7088365 231.6585161 238.6556573 245.6518884 254.015947 260.4307511 266.7152864 272.585125 279.9793932 288.9724486 297.2489926 304.4902377 313.3567696 320.5776325 328.6600726 337.181749 342.6497811 346.4477176 351.701207 356.3991505 362.5614665 367.6419644 373.1650199 381.4955961 390.2582046 399.7148606 404.8310548 410.5493265 417.5377056 424.637006 432.3291303 434.1380205
-9999 -9999 -9999 371.122385 294.5424595 258.260991 247.2962555 242.6201674 227.1549232 213.9532061 195.3548617 178.4776545 170.7914224 162.0772661 159.1936445 159.1876808 160.0956655 161.3859611 162.3504811 162.1825332 161.7322463 163.4281754 164.2061448 165.4135724 167.61132 170.6171568 175.0499519 179.9694793 186.1820219 191.5735122 198.8848831 206.6968702 214.2486303 222.051738 228.8219942 236.5870267 243.5355032 249.5427738 256.6643268 263.0777629 271.1937513 280.7866047 289.9732955 298.4866346 307.265187 315.6391116 322.4828596 329.5919604 334.3819972 338.3011883 342.0955672 346.959455 351.5413252 357.5235483 365.3413221 372.3804462 381.8439459 390.7603709 395.5452293 404.1376407 410.1692163 414.4564769 421.8864918 422.2675111
-9999 -9999 -9999 369.7078196 301.3516333 269.0569777 258.3358203 258.1678447 252.2911511 246.7608465 231.4939991 208.8294188 186.8062236 170.2572205 163.5046573 159.7647052 158.2789135 157.593434 156.9096785 157.1885123 156.7622302 157.3388263 158.1333066 159.8712415 162.0563836 165.4402917 169.8877619 174.0931871 179.466917 184.6384607 191.388839 198.9271898 205.7185317 213.3468386 219.994991 227.1777095 234.0261811 240.3297809 247.2361173 253.7790765 261.9032475 271.2792728 280.9351881 290.1894604 299.6453341 308.0127706 314.3526299 320.2855043 324.8738504 328.3060019 332.6089848 337.5503729 341.8729818 348.5929467 355.5547502 362.6829534 371.797143 380.1569924 387.4346098 393.8279049 399.2251958 404.6246829 408.9654258 411.5335089
-9999 -9999 -9999 351.9369348 295.8236765 274.622674 270.4227233 268.6349024 278.4827538 286.3638897 270.2078675 243.332037 216.0964526 190.7433972 169.1389535 163.0081839 156.9754555 156.0729906 153.7008659 153.3173597 152.4502317 152.4312064 151.9513157 153.4328322 156.0452042 158.4194404 162.7513683 166.4910738 171.3495188 176.2498266 182.4929148 189.2903533 196.8481916 203.4844304 210.4325797 217.9988573 224.169588 230.8955213 238.2330776 244.3546249 252.2446743 261.2871646 270.0885673 280.3744271 290.2662525 298.1333137 304.6256841 310.2402796 314.5750467 318.6673135 322.4904463 327.0561942 330.759978 336.6590016 343.5954677 349.4328165 358.7459689 365.8602135 371.8208205 379.7305652 384.3874936 388.5622423 392.2836822 394.4487917
-9999 -9999 -9999 -9999 287.9069257 276.2723512 270.6513978 272.2771152 300.8060446 321.1664826 315.6769014 283.7722505 253.0088812 223.7855244 191.6494824 175.1080965 164.8193785 157.3318962 154.5525788 151.565447 148.629716 146.3074007 146.2655779 146.6036711 149.0535942 151.5624826 155.0190266 158.7659927 163.2310034 167.6975486 173.6452612 180.0319065 186.9273366 193.6355124 200.342673 208.009636 215.3181546 222.3929099 229.3336161 236.1903967 243.8530884 251.9171077 260.4418668 269.8674315 278.7978557 286.8241776 293.743577 299.3840618 304.149675 308.503062 312.6006472 316.9843381 320.9236983 327.0817749 332.5995105 338.0319151 346.4475596 353.2102851 361.3834429 367.445634 371.9073679 376.2839076 380.1820295 385.5399714
-9999 -9999 -9999 -9999 269.1297478 279.6178585 271.7663808 269.6890701 315.0365955 352.6983311 351.0905351 320.5249611 293.1248525 254.1190986 226.8335642 205.2751805 176.4621183 170.2086861 155.8565436 151.3369928 147.0748432 141.2444466 143.3470065 144.2558007 145.5915785 147.9122855 150.1218669 152.3315069 155.544726 158.6595962 163.8233097 170.3759539 176.1238244 183.8853027 190.5302091 198.8037698 207.1715586 214.5115046 222.757281 229.2653679 236.119214 244.0789937 251.3569765 259.3008073 267.7149653 274.8895889 281.9491266 288.5140268 292.6122062 297.1260241 301.2438456 305.8693715 310.5538267 314.8343437 320.2761701 324.767906 333.6876367 340.1145698 345.9932761 354.6728597 358.4518438 362.9717073 367.4000881 369.3788676
-9999 -9999 -9999 -9999 -9999 272.4452847 289.1305791 297.3200399 323.899439 344.8465195 348.8101525 339.0928796 330.1318471 307.0888352 277.307055 256.8426141 234.4759199 206.3591869 182.7366677 167.9193921 155.2541706 146.6306586 145.6639605 144.6976932 145.8754428 147.7641347 148.5404542 150.8856421 153.3827617 156.7958199 160.6700023 165.7272472 171.5719691 177.3877192 184.2714133 192.5829389 202.2157229 210.5924522 217.5489442 223.3853235 229.5215644 235.618977 242.2124209 249.2671825 256.3844125 263.2838989 270.009951 275.8819459 280.6103952 284.848465 288.9718355 293.6478998 298.3295503 303.7306019 309.0097379 313.3454677 320.8797995 327.3521669 335.1577854 341.7931508 347.5330772 353.3581965 356.8541817 357.5062141
-9999 -9999 -9999 -9999 -9999 267.2845369 307.4726969 333.1597697 338.6791052 332.3182929 333.4891058 343.2888222 352.7679858 354.1549597 336.5876892 319.7641749 301.5935504 260.2002374 225.4065255 205.8947436 186.3511841 156.474559 149.8306739 148.7894778 145.5185606 147.400472 146.7759802 148.9683333 151.2103783 154.9286274 158.8199369 164.5086685 170.8175687 176.6584089 184.1245423 190.5234088 198.8856755 208.8799512 213.5350165 217.758929 222.7635903 227.6160267 233.0064536 239.6386846 245.9722807 251.987829 258.1465781 263.1980973 267.6871957 271.0914207 274.8320761 279.8767625 284.5586484 289.0874419 295.7505963 299.9422368 307.0371465 312.8940735 319.6244398 328.6799867 335.4105114 340.9521446 344.1343319 341.5997443
-9999 -9999 -9999 -9999 -9999 -9999 295.5057515 346.0884072 345.1071178 332.8114145 331.8291102 343.8765625 371.3994619 411.7001439 452.261364 454.672656 417.0635344 367.582036 331.1182942 278.9512667 240.9318092 210.3315312 179.9675546 155.9932723 150.3969209 148.4367463 147.1045209 147.6937386 149.1769304 152.0631447 156.1239527 162.5727103 169.6371169 176.4215047 183.8979546 190.1910386 196.9439711 203.4432635 208.2423626 212.0709969 215.4806143 220.0123136 225.19954 231.1408071 237.5854481 242.6283527 247.8778938 252.0490158 256.805074 259.7981827 263.1603669 267.4863619 270.6282962 276.5353986 281.1229394 285.1199642 292.4429479 298.304973 306.935393 316.5702133 322.2587827 327.7611893 330.0827742 326.4127198
-9999 -9999 -9999 -9999 -9999 -9999 261.4185443 370.9551742 339.4198446 331.4006245 326.28638 339.4594472 373.3168881 445.6245251 537.9667649 571.0953843 525.7815983 506.9311644 448.9471796 363.0318703 317.4729432 276.6070161 216.1374768 190.4379398 160.3994319 151.2414254 145.8729736 145.8597961 147.9900346 149.6913735 153.3485839 161.0666993 168.4199214 174.8413621 183.5628567 190.7878255 197.6862238 202.9210045 205.975137 209.6946823 211.0866456 215.2574007 220.328861 226.6168659 233.5193151 238.305153 242.7411904 245.8364922 249.5889468 252.4852385 255.0882102 257.6653691 258.8395018 262.3305182 266.3245269 270.7464389 280.8710062 285.8079115 293.1959227 303.4219769 307.5270495 312.6685443 315.2767914 308.7832506
-9999 -9999 -9999 -9999 -9999 -9999 -9999 256.6515464 300.061258 320.0219221 335.4939358 341.0226056 370.6296197 416.7853978 496.1415923 541.9974761 560.6249997 578.582075 563.4220391 552.930619 489.2226913 371.9005292 281.3186868 230.8799769 179.2041743 157.471426 150.5406398 147.1384337 146.6553837 147.8092103 151.7003148 158.7457029 166.6228666 174.4649418 182.8106458 189.4068866 195.9714217 201.5027359 204.932692 207.2365693 208.9172805 211.0766391 216.1307574 222.7172337 229.1049063 233.7742163 238.1763344 242.3613274 245.6864928 248.7461452 250.3537682 252.4315689 253.2409256 256.5094661 259.7606761 263.5667099 271.3386985 278.1414826 284.4350795 289.1966414 291.8594172 295.0752492 294.1938726 288.0644579
-9999 -9999 -9999 -9999 -9999 -9999 -9999 163.590573 240.7053218 302.7560591 350.8462074 357.4776458 364.651583 395.4039516 443.8390731 467.5361189 513.2714536 581.8610729 588.4330492 652.5543945 605.2886297 456.0321328 349.8099276 280.8490258 214.3054046 180.8600551 161.2665381 149.8774261 150.1359464 149.4163868 151.2990306 159.1287398 165.3207274 173.0052182 181.5197811 188.0764436 194.8919929 200.085937 202.8789411 205.1969566 206.4727204 207.3126655 212.2413036 218.4099436 225.0941977 230.0829701 234.8292928 238.7837244 241.9538825 245.617164 246.7872708 248.3484296 247.8158498 250.1849647 253.0230548 255.8440404 264.4743457 269.4874031 272.124763 274.803038 274.8143598 275.5398528 273.5170074 265.0269725
-9999 -9999 -9999 -9999 -9999 -9999 -9999 109.9699904 172.2500706 255.3135173 314.4720272 354.2878997 377.7524889 380.7647601 384.8035601 399.0542073 413.4174237 450.6396939 491.5185589 528.2646691 510.5962573 452.008291 387.9651858 320.9055464 253.6311038 213.235826 183.2842993 159.453931 150.7150589 149.5912973 152.5396392 157.5946844 164.8871574 171.1805129 178.5833578 184.7635406 190.94586 196.7919738 199.7498721 202.0256733 203.3948865 203.9814679 207.2668145 212.7352481 219.203545 223.8091083 227.7108131 232.7364508 236.1946961 239.4673065 240.8052148 241.724035 241.9631798 244.3114813 246.8433045 250.1160113 256.5718007 260.668757 264.3460657 264.4924489 262.6635914 260.4249293 253.8744308 245.8071799
-9999 -9999 -9999 -9999 -9999 -9999 -9999 -9999 111.9227479 185.9528258 257.2940447 314.0386139 373.0474452 373.1604128 355.7290586 350.2227799 349.0069993 360.0742302 382.9031293 395.4809772 402.4670231 406.7667359 389.9003259 354.9235876 297.8474662 264.200466 224.1183093 186.3258054 170.4885347 156.0981019 154.372488 159.257656 163.1303636 168.7209225 174.9408344 179.594603 185.7772426 191.5137538 194.2122284 196.4061408 198.1521461 198.6523332 199.4708803 203.8292013 210.4719024 216.4241049 221.7160761 226.448678 231.6201903 235.3827149 236.7919573 237.8368702 236.4060133 239.0652211 240.9223813 242.8094161 249.3945372 252.3137858 253.942662 254.1225605 250.0256738 243.8199769 235.6397925 225.257217
