meets/meet004/data/CCSM_6k_neotropic_bio12.asc
NCOLS 154 
NROWS 168 
XLLCORNER -112 
YLLCORNER -55.5 
CELLSIZE 0.5 
NODATA_value -9999 
[rows 29 to 57 of 168, columns 64 to 127 of 154]
-9999 -9999 -9999 -9999 -9999 -9999 -9999 -9999 -9999 -9999 -9999 -9999 -9999 -9999 -9999 -9999 -9999 -9999 -9999 -9999 -9999 -9999 -9999 -9999 -9999 -9999 -9999 -9999 -9999 -9999 -9999 -9999 -9999 -9999 -9999 -9999 -9999 550.7979405 -9999 -9999 -9999 -9999 -9999 -9999 -9999 -9999 -9999 -9999 -9999 -9999 -9999 -9999 -9999 -9999 -9999 -9999 -9999 -9999 -9999 -9999 -9999 -9999 -9999 -9999
-9999 -9999 -9999 -9999 -9999 -9999 -9999 -9999 -9999 -9999 -9999 -9999 -9999 -9999 -9999 -9999 -9999 -9999 -9999 -9999 -9999 -9999 -9999 -9999 -9999 -9999 -9999 -9999 -9999 -9999 -9999 -9999 -9999 -9999 -9999 -9999 -9999 567.158178 -9999 -9999 -9999 -9999 -9999 -9999 -9999 -9999 -9999 -9999 -9999 -9999 -9999 -9999 -9999 -9999 -9999 -9999 -9999 -9999 -9999 -9999 -9999 -9999 -9999 -9999
-9999 -9999 -9999 -9999 -9999 -9999 -9999 -9999 -9999 -9999 -9999 -9999 -9999 -9999 -9999 -9999 -9999 -9999 -9999 -9999 -9999 -9999 -9999 -9999 -9999 -9999 -9999 -9999 -9999 -9999 -9999 -9999 -9999 -9999 -9999 -9999 -9999 -9999 -9999 -9999 -9999 -9999 -9999 -9999 -9999 -9999 -9999 -9999 -9999 -9999 -9999 -9999 -9999 -9999 -9999 -9999 -9999 -9999 -9999 -9999 -9999 -9999 -9999 -9999
-9999 -9999 -9999 -9999 -9999 -9999 -9999 -9999 -9999 -9999 -9999 -9999 -9999 -9999 -9999 -9999 273.4399469 -9999 -9999 -9999 -9999 -9999 -9999 -9999 -9999 -9999 -9999 -9999 -9999 -9999 -9999 -9999 -9999 -9999 -9999 -9999 578.6403887 -9999 -9999 -9999 -9999 -9999 -9999 -9999 -9999 -9999 -9999 -9999 -9999 -9999 -9999 -9999 -9999 -9999 -9999 -9999 -9999 -9999 -9999 -9999 -9999 -9999 -9999 -9999
-9999 -9999 -9999 -9999 -9999 -9999 -9999 -9999 -9999 -9999 -9999 -9999 -9999 -9999 374.2722943 374.9040424 368.7815729 -9999 -9999 -9999 -9999 -9999 -9999 -9999 -9999 -9999 -9999 -9999 -9999 -9999 -9999 -9999 -9999 -9999 -9999 -9999 -9999 -9999 -9999 -9999 -9999 -9999 -9999 -9999 -9999 -9999 -9999 -9999 -9999 -9999 -9999 -9999 -9999 -9999 -9999 -9999 -9999 -9999 -9999 -9999 -9999 -9999 -9999 -9999
-9999 -9999 -9999 -9999 -9999 -9999 -9999 -9999 -9999 -9999 502.2852438 503.2074254 516.2490753 508.8255262 515.4596885 509.3990345 -9999 -9999 468.5013408 462.9196669 458.057397 444.4840702 439.4259492 -9999 -9999 -9999 -9999 -9999 -9999 -9999 -9999 -9999 -9999 -9999 -9999 -9999 -9999 -9999 -9999 -9999 -9999 -9999 -9999 -9999 -9999 -9999 -9999 -9999 -9999 -9999 -9999 -9999 -9999 -9999 -9999 -9999 -9999 -9999 -9999 -9999 -9999 -9999 -9999 -9999
-9999 -9999 -9999 -9999 -9999 -9999 -9999 -9999 -9999 725.543867 714.8190984 719.5119585 714.1474882 706.9822663 689.3848061 674.9502171 663.2689044 639.170556 631.7079151 611.7838607 595.3913159 576.2675818 559.5209294 516.2606192 -9999 -9999 -9999 -9999 -9999 -9999 -9999 -9999 -9999 -9999 -9999 -9999 -9999 -9999 -9999 -9999 -9999 -9999 -9999 -9999 -9999 -9999 -9999 -9999 -9999 -9999 -9999 -9999 -9999 -9999 -9999 -9999 -9999 -9999 -9999 -9999 -9999 -9999 -9999 -9999
-9999 -9999 -9999 -9999 -9999 -9999 -9999 -9999 -9999 951.7816818 932.222576 900.725974 880.4564905 855.8313936 839.7251415 823.9985654 800.1528631 786.1915271 766.0228163 741.1419564 720.0642261 687.7322764 645.9668996 595.8301903 554.5702034 524.5607487 494.4417022 472.4145203 459.8093758 449.5130419 454.2580134 476.210422 504.0540189 540.3305824 580.5305295 -9999 -9999 -9999 -9999 -9999 -9999 -9999 -9999 -9999 -9999 -9999 -9999 -9999 -9999 -9999 -9999 -9999 -9999 -9999 -9999 -9999 -9999 -9999 -9999 -9999 -9999 -9999 -9999 -9999
-9999 -9999 -9999 -9999 -9999 -9999 -9999 -9999 -9999 1280.572979 1197.073374 1155.743019 1055.838268 1048.247403 1006.726981 989.7283729 980.4144508 965.0907854 968.604422 929.7162387 898.9018748 857.3366838 781.7129339 724.6616094 651.1974155 598.3909254 566.4773951 526.9250469 516.8696869 501.6333422 499.1211145 520.9389092 539.326907 571.6424841 605.313069 633.1108752 645.903444 -9999 -9999 -9999 -9999 -9999 -9999 -9999 -9999 -9999 -9999 -9999 -9999 -9999 -9999 -9999 -9999 -9999 -9999 -9999 -9999 -9999 -9999 -9999 -9999 -9999 -9999 -9999
1769.441297 1794.28944 1852.797375 1855.137699 -9999 -9999 -9999 -9999 1655.80745 1576.284972 1482.032457 1355.59938 1262.220822 1184.914937 1153.716982 1134.547376 1113.345725 1124.188563 1120.989506 1113.5371 1079.725013 996.6140704 912.3169642 811.0505053 732.35571 676.799495 621.1111926 580.0163354 554.1019231 541.5866576 538.9583486 548.196582 567.5041314 595.7011515 628.8063479 657.7156908 670.6171291 680.0485912 -9999 -9999 -9999 -9999 -9999 -9999 -9999 -9999 -9999 -9999 -9999 -9999 -9999 -9999 -9999 -9999 -9999 -9999 -9999 -9999 -9999 -9999 -9999 -9999 -9999 -9999
2203.559733 -9999 -9999 2447.343462 2466.884008 2510.827 2483.894163 2335.511443 2266.812123 2095.918966 1848.664905 1678.707139 1477.773254 1408.138569 1330.014541 1374.570452 1392.262317 1400.062865 1411.508559 1394.549271 1308.460376 1221.932261 1117.521027 1025.364491 903.698183 807.3034328 740.2954847 667.3866462 650.086191 617.6619562 602.9732576 610.3853289 611.9543276 642.6438646 671.8846367 700.0895791 725.0334109 736.6183149 -9999 -9999 -9999 -9999 -9999 -9999 -9999 -9999 -9999 -9999 -9999 -9999 -9999 -9999 -9999 -9999 -9999 -9999 -9999 -9999 -9999 -9999 -9999 -9999 -9999 -9999
-9999 -9999 -9999 2979.49239 3152.721289 3214.144898 3117.454608 3026.019734 2869.265551 2576.105365 2327.590914 2018.784026 1777.190332 1642.913257 1581.380174 1607.006862 1640.826147 1655.261975 1665.148822 1687.913889 1610.697959 1431.692423 1333.275679 1227.006894 1121.531884 1025.897204 875.6057888 798.4810058 750.9480067 706.5175272 687.9790836 671.0594927 668.5327986 691.5181962 719.3741331 748.8054146 775.9318017 798.4499535 795.3475971 788.895646 758.2338287 -9999 -9999 -9999 -9999 -9999 -9999 -9999 -9999 -9999 -9999 -9999 -9999 -9999 -9999 -9999 -9999 -9999 -9999 -9999 -9999 -9999 -9999 -9999
-9999 -9999 -9999 3677.886531 3822.838733 3946.998315 3964.898513 3807.056674 3534.574228 3151.326472 2723.47802 2393.876123 2048.57254 1929.651835 1793.600783 1905.428567 2005.397671 2062.151358 2054.26124 1986.365386 1915.890245 1833.723646 1724.167854 1598.233363 1447.253509 1266.253525 1151.143805 1019.267986 920.8421424 844.9713665 790.6479238 780.7075004 765.4245642 778.5411169 789.8009147 817.9377678 858.0234875 882.7132336 889.2461069 879.7297989 855.3750869 798.5207097 -9999 -9999 -9999 -9999 -9999 -9999 -9999 -9999 -9999 -9999 -9999 -9999 -9999 -9999 -9999 -9999 -9999 -9999 -9999 -9999 -9999 -9999
-9999 -9999 -9999 -9999 4531.497428 4683.6408 4630.366876 4524.135878 4136.249929 3579.561989 3131.817745 2664.745747 2258.198706 2141.798028 2061.413162 2170.496461 2339.152328 2489.185126 2382.422951 2320.704986 2233.290244 2166.213792 2124.258386 1961.158195 1829.146008 1660.938317 1394.850625 1254.876429 1129.570414 1001.832392 949.5574447 894.5323849 883.9292585 876.6121867 886.3078897 909.3577291 936.3142257 961.5903687 973.0971285 978.936492 960.5231236 904.8338642 861.0202505 -9999 -9999 -9999 -9999 -9999 -9999 -9999 -9999 -9999 -9999 -9999 -9999 -9999 -9999 -9999 -9999 -9999 -9999 -9999 -9999 -9999
-9999 -9999 -9999 -9999 -9999 5250.553902 5211.39473 4955.662231 4454.462894 3825.564564 3283.633416 2801.437342 2384.11826 2314.335992 2251.04454 2408.72804 2601.047278 2759.365433 2740.542833 2682.326044 2650.512872 2666.385055 2610.932081 2500.801912 2323.375208 2094.860374 1836.079586 1568.54131 1368.737379 1194.738402 1106.574282 1047.018232 998.6751202 991.3207829 982.7514126 994.2622067 1018.961336 1044.949303 1073.176002 1086.024864 1087.626766 1051.709737 993.5774812 910.5974159 -9999 -9999 -9999 -9999 -9999 -9999 -9999 -9999 -9999 -9999 -9999 -9999 -9999 -9999 -9999 -9999 -9999 -9999 -9999 -9999
-9999 -9999 -9999 -9999 -9999 5639.554798 5450.049743 5138.533059 4550.627628 3766.47582 3194.218584 2735.707391 2349.522499 2332.254288 2406.695898 2558.176273 2757.774466 2917.201377 2957.704436 3008.44079 3040.443234 3086.542405 3144.294785 2995.765486 2810.610216 2558.007017 2171.510885 1881.477844 1625.321241 1359.373444 1248.937603 1146.717384 1100.794428 1075.735466 1061.318303 1067.241258 1079.219424 1114.962386 1145.667723 1193.15363 1204.423199 1167.040975 1132.807823 1038.969484 954.9832469 -9999 -9999 -9999 -9999 -9999 -9999 -9999 -9999 -9999 -9999 -9999 -9999 -9999 -9999 -9999 -9999 -9999 -9999 -9999
-9999 -9999 -9999 -9999 -9999 5756.923531 5483.175149 5045.665 4388.985628 3614.580162 3044.085725 2639.085566 2349.736993 2368.0915 2491.299871 2676.344556 2891.276149 3038.1992 3194.026417 3304.228485 3416.026835 3535.452043 3596.789616 3529.663249 3302.406572 3012.39563 2634.797152 2216.053009 1896.111473 1573.664098 1421.424269 1308.346544 1217.58951 1177.847431 1145.715721 1131.035178 1140.715661 1162.464692 1212.150231 1267.529731 1304.125051 1294.839085 1254.105664 1180.103193 1086.255536 1008.671388 938.5989218 882.5909465 856.4595296 832.4954336 825.4731887 814.4437681 -9999 -9999 -9999 -9999 -9999 -9999 -9999 -9999 -9999 -9999 -9999 -9999
-9999 -9999 -9999 -9999 -9999 5721.07271 5307.760007 4765.868121 4084.670674 3314.676141 2752.471015 2442.680042 2235.74813 2354.272038 2508.343575 2699.987958 2927.251544 3110.259259 3276.778706 3492.450099 3645.660132 3826.555983 4006.439726 3888.84996 3686.487863 3385.316975 2917.921233 2472.170873 2092.22864 1737.402273 1565.597728 1407.086122 1315.948417 1254.046534 1213.641381 1185.239683 1162.864895 1173.486486 1237.092818 1308.080001 1356.261415 1364.92414 1365.519769 1275.756979 1186.807896 1106.55402 1031.186142 987.4463323 954.6883845 933.4057229 929.8309442 916.3640372 917.5348764 893.8285328 875.9430009 -9999 -9999 -9999 -9999 -9999 -9999 -9999 -9999 -9999
-9999 -9999 -9999 -9999 -9999 5403.989458 4948.763717 4367.33131 3684.221856 2988.423315 2550.739448 2331.776381 2216.051441 2332.136673 2523.760358 2702.546561 2923.683671 3111.327911 3356.609309 3561.713148 3781.544927 4027.08094 4168.371131 4130.511437 3936.176153 3636.658425 3201.462698 2716.912686 2337.104621 1928.619391 1730.517801 1572.079931 1447.229878 1370.078237 1300.651466 1254.199013 1230.579897 1216.737067 1264.33519 1325.049149 1381.969183 1405.408786 1402.080717 1348.555664 1264.882764 1194.741525 1134.511258 1073.761458 1046.050841 1019.846213 1015.393433 1014.154205 1007.897996 1001.547472 984.3827259 962.6569707 -9999 -9999 -9999 -9999 -9999 -9999 -9999 -9999
-9999 -9999 -9999 -9999 -9999 5062.004259 4495.919066 3903.893758 3328.106958 2736.74818 2340.406985 2188.214685 2131.609581 2288.750376 2492.468776 2681.410117 2915.424331 3097.324925 3307.966799 3520.328502 3743.194734 4030.815398 4247.046592 4194.169684 4033.396989 3741.111435 3297.272843 2844.629716 2488.198031 2061.811711 1851.754681 1693.59689 1561.369321 1484.334203 1387.586257 1332.585167 1287.366624 1246.642466 1288.043561 1331.705089 1383.604134 1409.530289 1434.344371 1388.422415 1313.447227 1250.12179 1183.345371 1131.492484 1110.064907 1074.105642 1071.005891 1074.896629 1076.638576 1083.454736 1078.930826 1064.616828 1029.741103 979.6375862 -9999 -9999 -9999 -9999 -9999 -9999
-9999 -9999 -9999 -9999 -9999 4495.16606 4003.072185 3458.790049 2932.002136 2462.174189 2225.259883 2153.492446 2162.060028 2273.561417 2449.019483 2613.024673 2824.423786 3024.498042 3223.303337 3430.760403 3641.366256 3888.584528 4048.469955 4053.942146 3944.715744 3698.022509 3316.221175 2901.972333 2537.907455 2174.815696 1976.211789 1810.703871 1664.652513 1584.223764 1499.62923 1437.105986 1366.200985 1327.481276 1331.149252 1347.949825 1389.791868 1420.761013 1428.499035 1396.715334 1357.039124 1301.01175 1235.455588 1179.509918 1145.005053 1117.311518 1112.879515 1116.665075 1123.169654 1141.181567 1154.26498 1156.146974 1129.141282 1086.753075 -9999 -9999 -9999 -9999 -9999 -9999
-9999 -9999 -9999 -9999 -9999 3970.159848 3462.838157 3000.939826 2598.402218 2252.788572 2121.008478 2078.476201 2133.934487 2230.773529 2401.293635 2548.141941 2753.393372 2937.344995 3078.640701 3294.471408 3466.499802 3676.523508 3842.48801 3853.487467 3760.628426 3563.277594 3184.741858 2863.600453 2518.328191 2224.527268 2054.630299 1889.300584 1753.573957 1688.344269 1612.864093 1554.228247 1474.91082 1413.734449 1410.927606 1406.229102 1423.340394 1455.235656 1448.401923 1439.857382 1394.748678 1339.885014 1265.339666 1214.006513 1175.242623 1142.025669 1132.857656 1136.658685 1149.286545 1180.982044 1211.223035 1233.085619 1222.551193 1197.187025 -9999 -9999 -9999 -9999 -9999 -9999
-9999 -9999 -9999 -9999 -9999 3324.294468 2967.117726 2593.341423 2353.688616 2177.064848 2094.241734 2079.109397 2141.012505 2248.72323 2384.420517 2528.350156 2707.394825 2875.121857 3013.722707 3182.908747 3334.134226 3491.121982 3607.381825 3610.162761 3533.97879 3348.52579 3075.935548 2794.322872 2514.625716 2269.475195 2114.644004 1984.449921 1869.866273 1803.173508 1727.454351 1674.332558 1615.609125 1573.60444 1553.515429 1538.702927 1546.483479 1543.462936 1528.210488 1490.566094 1446.281969 1389.603353 1312.648307 1247.607957 1197.396674 1158.004991 1146.611374 1149.365161 1163.208285 1201.736318 1244.056959 1279.176817 1289.647125 1280.678761 -9999 -9999 -9999 -9999 -9999 -9999
-9999 -9999 -9999 3221.351075 3055.094089 2798.589466 2466.579298 2256.822255 2159.589651 2080.656451 2065.084378 2080.08066 2133.279263 2231.214392 2396.547768 2521.182487 2660.619134 2817.528344 2915.094679 3079.716649 3191.301543 3298.439527 3421.657096 3352.131679 3298.520983 3145.166302 2872.306665 2684.443436 2484.764827 2265.167171 2158.215649 2060.94741 1978.394215 1932.811888 1854.61903 1810.063662 1776.459994 1731.258959 1722.737986 1703.285531 1693.102471 1664.408122 1642.763259 1584.695668 1519.385062 1449.139047 1366.139328 1288.856362 1238.432104 1183.020425 1165.876207 1171.41762 1181.117918 1234.437872 1282.481044 1332.796626 1363.746504 1371.451286 1341.301335 -9999 -9999 -9999 -9999 -9999
-9999 -9999 3118.088081 2920.537485 2627.618274 2393.274387 2267.811063 2134.926046 2072.661156 2064.65322 2059.208689 2094.004388 2151.827449 2275.696623 2397.601604 2517.645359 2647.753174 2780.380291 2905.46499 3024.205895 3128.042149 3214.251853 3274.258408 3225.180332 3121.545016 2962.887617 2764.843024 2579.593038 2413.473729 2274.879778 2188.3555 2120.390407 2070.391169 2022.118464 1976.40372 1940.845657 1916.82768 1890.292035 1869.569942 1854.244245 1839.80531 1799.295001 1750.3811 1685.294515 1600.559552 1524.629405 1429.151876 1343.035529 1274.501632 1221.731475 1202.709594 1202.361165 1221.89969 1268.922881 1329.252254 1384.146279 1420.50989 1444.207468 1426.051357 1397.293633 -9999 -9999 -9999 -9999
-9999 -9999 2870.454554 2535.757552 2246.175663 2095.949507 2025.882766 2051.288792 2017.152515 2022.575169 2040.135877 2125.310522 2190.984466 2281.900354 2404.368222 2505.060731 2625.717749 2757.574115 2845.204933 2966.179287 3048.594041 3102.12642 3167.112556 3064.933472 2975.330814 2836.937693 2637.611271 2496.893564 2379.216344 2273.026765 2222.072328 2181.744125 2154.896709 2135.838457 2097.386594 2077.128269 2062.448342 2040.910003 2042.828902 2010.986522 1986.351291 1945.501876 1879.803944 1804.950119 1700.648527 1602.862939 1493.541839 1401.775356 1334.386065 1267.579748 1247.358983 1251.206369 1271.905389 1326.841003 1390.956539 1455.537476 1503.803382 1534.158123 1544.728069 1530.230031 -9999 -9999 -9999 -9999
2915.595834 2783.369366 2552.134579 2265.91059 1980.656341 1850.460978 1911.905902 1956.402906 1989.778603 2000.674864 2047.102523 2150.96591 2254.756627 2337.702992 2408.998016 2501.930446 2626.442876 2740.734475 2838.778583 2912.019536 2983.840595 3041.810657 3056.616801 2984.086904 2867.266667 2728.320945 2602.261141 2475.462043 2385.017787 2314.297168 2267.496365 2254.647995 2248.340389 2231.912344 2215.919311 2198.833692 2190.993569 2179.326046 2167.044926 2148.390214 2122.33142 2065.052452 1993.427737 1897.284065 1789.916914 1685.614961 1568.741405 1462.016646 1383.312639 1321.694367 1298.845846 1305.087797 1332.513012 1389.323168 1462.655662 1529.31841 1579.392013 1627.406604 1646.730889 1672.591942 -9999 -9999 -9999 -9999
2859.333321 2603.001203 2276.488562 1977.047227 1730.837747 1709.527885 1794.799549 1898.552787 1944.539264 1987.997604 2037.10205 2155.629893 2283.829672 2351.202545 2422.577973 2489.732126 2601.35704 2702.585449 2780.078264 2862.26088 2909.670217 2934.430208 2932.869238 2862.588465 2771.720383 2664.018678 2538.607183 2447.095947 2386.6878 2336.089966 2318.615303 2312.471871 2318.809858 2321.082652 2319.121405 2317.223118 2316.765062 2304.865444 2300.100237 2273.213227 2243.136367 2178.715383 2102.977836 2007.967745 1878.57149 1760.590393 1633.018546 1524.229149 1447.818416 1374.79888 1357.800039 1375.391947 1407.368639 1470.567096 1542.479767 1617.595076 1686.815768 1743.528592 1782.107444 1806.212395 1808.129993 -9999 -9999 -9999
2810.083238 2477.313065 2086.800297 1789.381901 1562.96065 1564.328366 1721.583346 1880.511764 1924.794001 1973.06409 2028.643415 2170.134257 2300.98093 2358.847602 2418.673806 2480.994942 2578.742625 2675.38966 2736.596369 2787.684682 2821.396132 2834.078169 2823.64911 2762.620702 2680.149125 2581.392525 2511.254445 2448.37836 2391.203261 2353.34148 2340.523993 2360.384469 2372.41566 2396.720264 2409.546413 2417.753284 2423.850504 2425.250067 2417.141712 2384.713488 2352.88014 2288.329167 2205.448058 2099.580845 1955.318175 1830.405971 1698.42942 1582.30653 1505.083539 1435.352295 1417.769726 1443.245765 1481.671833 1553.1835 1638.92818 1715.287536 1794.181676 1853.906005 1906.639079 1949.569925 1955.749511 1932.612826 1897.532936 -9999
