meets/meet004/data/CCSM_0k_neotropic_bio15.asc
NCOLS 154 
NROWS 168 
XLLCORNER -112 
YLLCORNER -55.5 
CELLSIZE 0.5 
NODATA_value -9999 
[rows 87 to 115 of 168, columns 64 to 127 of 154]
-9999 -9999 -9999 -9999 -9999 -9999 -9999 -9999 -9999 80.01124489 81.96612929 80.66248975 78.34298236 75.17207274 70.50042843 67.35147067 63.62539672 60.67551371 58.5316096 57.21601557 56.0620156 56.12987839 55.31304613 57.07794002 58.61396962 60.0575377 60.64833653 62.86334882 65.59470071 68.4855509 70.01502625 72.56108541 73.98038667 75.12928421 76.09728597 76.9391499 77.95650824 78.93779817 79.9936042 80.99941722 81.84451722 82.74016066 83.53697724 84.46050801 85.31334347 86.19353016 87.26909573 88.24986823 89.24014323 90.14938673 90.90345423 91.73741881 92.50872204 93.41282914 94.27516749 95.10695814 96.13881614 97.06725224 97.91100153 98.63823166 99.09582945 99.29202196 99.1996698 98.84525344
-9999 -9999 -9999 -9999 -9999 -9999 -9999 -9999 -9999 -9999 -9999 78.36299221 78.36399899 77.80263589 74.68531219 73.54268322 70.38715444 65.59388573 63.86542816 59.672792 57.40429215 57.03195302 56.80932501 58.56157183 61.09553533 61.71589008 62.40151658 62.70614165 63.89940973 66.48950831 68.77795967 70.90741418 73.33091933 74.42786673 75.69455809 76.93929097 78.04734978 79.00556937 80.12371889 81.14722541 82.04496082 83.05235657 83.76968069 84.77614679 85.67381056 86.58980364 87.7532451 88.66436665 89.62875836 90.51248487 91.21059521 92.06929978 92.64106369 93.44035541 94.24373758 94.94730253 95.89368289 96.6430898 97.28910128 97.91775407 98.26476769 98.25837154 98.05342771 97.5810261
-9999 -9999 -9999 -9999 -9999 -9999 -9999 -9999 -9999 -9999 -9999 -9999 -9999 73.33221672 75.35775776 75.60164432 74.50383551 73.62358321 69.77113286 64.9160538 61.43930468 58.42531023 58.57013781 60.28420498 62.21235219 64.17691632 64.87434121 65.34439761 65.29588042 66.35973861 66.88230054 69.40596331 71.22779901 72.58862216 75.21130319 76.39030235 77.98478961 79.1490924 80.24897205 81.41739958 82.35362463 83.40994264 84.29579757 85.19183401 86.22472216 87.16031995 88.13995009 89.06103997 89.91129899 90.70690751 91.46744816 92.1906484 92.83954012 93.54583658 94.2309591 94.82454412 95.51882307 96.09441979 96.5864021 97.03341433 97.2787962 97.26630845 97.02562263 96.54280009
-9999 -9999 -9999 -9999 -9999 -9999 -9999 -9999 -9999 -9999 -9999 -9999 -9999 -9999 -9999 75.2833643 77.53269581 78.93222531 76.6968362 70.55846123 67.38288264 63.51842523 62.17425746 62.07275566 64.38326642 65.39733728 66.30762686 66.71241308 66.81967677 67.55673954 67.11512489 67.53624837 69.55221599 71.0924822 73.8250301 75.77035921 77.32876266 78.95342526 80.26259453 81.43975337 82.46495136 83.54115657 84.56072949 85.54238525 86.53670087 87.47935261 88.4429555 89.315768 90.11917689 90.89201201 91.61703897 92.37526262 93.05287189 93.64096527 94.12835681 94.53167392 94.98634753 95.42964291 95.79711886 96.16387426 96.3406021 96.27006954 96.06811101 95.60789551
-9999 -9999 -9999 -9999 -9999 -9999 -9999 -9999 -9999 -9999 -9999 -9999 -9999 -9999 -9999 -9999 -9999 79.69545195 80.96641382 80.56520321 76.60105105 70.42987302 66.79902416 65.09909424 65.63980401 67.2408484 67.0911638 67.63006439 67.94376612 69.02294769 68.74468339 67.50060566 68.02524696 69.1444897 72.57387894 74.34947241 76.66173385 78.42963928 79.82449259 81.21513411 82.29676977 83.4259861 84.39145288 85.43901958 86.56035335 87.51705182 88.50683448 89.32872076 90.14716285 90.93329688 91.7275963 92.63320667 93.38515009 93.64301878 93.8943787 94.13039644 94.44407795 94.70007838 95.0178306 95.34609005 95.4963305 95.52917555 95.42875088 95.0150176
-9999 -9999 -9999 -9999 -9999 -9999 -9999 -9999 -9999 -9999 -9999 -9999 -9999 -9999 -9999 -9999 -9999 79.21729389 83.95686609 85.41903443 85.49082528 82.50523385 75.91869636 71.97881303 70.14577744 69.14676175 68.21412759 68.12263355 69.47526602 69.50908077 69.03310308 67.71104666 67.35663579 67.60498516 70.92630419 72.89570088 75.2728609 77.64013372 79.19409445 80.64659585 81.76021275 82.90875011 84.03839087 85.18770959 86.36220917 87.35716698 88.38662859 89.27723846 90.13781343 90.99840542 91.78080987 92.53493239 93.17212308 93.38300925 93.43414137 93.53778566 93.72771934 94.00693978 94.27982366 94.63127088 94.83164244 94.92318111 94.8020959 94.43021596
-9999 -9999 -9999 -9999 -9999 -9999 -9999 -9999 -9999 -9999 -9999 -9999 -9999 -9999 -9999 -9999 -9999 -9999 -9999 89.49693763 92.25045277 90.51089188 89.85072636 81.75028039 75.52526021 73.28624624 70.71269131 71.33090424 70.6639935 69.747796 69.29532265 68.6237401 66.51281913 66.99548063 69.87657218 71.671521 74.35979666 76.60365426 78.21211807 79.83106996 81.03552101 82.37466322 83.44956419 84.77243805 86.05284519 87.13153589 88.2681483 89.18804546 90.09370311 90.91335679 91.63303394 92.30159705 92.74120137 92.80408973 92.77412987 92.84874009 93.12954374 93.30601199 93.66735507 94.04101704 94.28924611 94.43373249 94.35912179 94.02353276
-9999 -9999 -9999 -9999 -9999 -9999 -9999 -9999 -9999 -9999 -9999 -9999 -9999 -9999 -9999 -9999 -9999 -9999 -9999 93.50129123 100.4497201 103.3886622 100.5681033 95.50290543 85.82870852 81.00629903 76.79527907 74.35513899 73.01641292 71.38777702 69.99565506 69.005652 67.04941246 67.1228322 68.85067439 70.43045957 72.81815771 75.50281394 77.17407939 78.81206199 80.07912938 81.4746241 82.81833038 84.17206021 85.52319863 86.67932974 87.81831468 88.82532085 89.70265312 90.50550035 91.11124633 91.56868526 91.83952165 91.98001768 92.01149482 92.12846217 92.43636408 92.74371437 93.14948195 93.48689071 93.73837734 93.8679413 93.74941713 93.29588948
-9999 -9999 -9999 -9999 -9999 -9999 -9999 -9999 -9999 -9999 -9999 -9999 -9999 -9999 -9999 -9999 -9999 -9999 -9999 -9999 103.1243852 109.2825469 111.7661406 103.6727226 95.556492 88.13426501 82.69533979 79.69366216 76.59730553 73.68484249 72.54820479 70.05010819 68.06467319 67.42572542 68.64331637 69.87219262 72.18958583 74.43130135 76.17527159 77.78090819 79.13315473 80.74242299 82.06669706 83.49004936 84.90312115 86.11444633 87.2893009 88.22949469 89.04747463 89.82175071 90.3061144 90.66493258 90.79972405 91.09745899 91.26661239 91.46965354 91.91942359 92.26600187 92.71716905 93.01322364 93.2995853 93.38205888 93.208247 92.57418985
-9999 -9999 -9999 -9999 -9999 -9999 -9999 -9999 -9999 -9999 -9999 -9999 -9999 -9999 -9999 -9999 -9999 -9999 -9999 -9999 110.8453826 118.7190314 118.4186488 111.7818343 102.6485168 97.22554767 90.6490351 84.87284888 80.74249679 77.49812651 74.5468376 71.84618005 69.32830319 68.7878149 68.57867856 69.33709477 71.21095703 73.56799639 75.15032575 76.86538023 78.26327882 79.85368503 81.26911414 82.68452529 83.99507473 85.18387513 86.31469509 87.31749281 88.1437674 88.73540731 89.21142077 89.63669572 89.89215129 90.26606268 90.61790079 90.93407229 91.44751351 91.82585342 92.24588384 92.516283 92.68465925 92.61839921 92.30665492 91.55440189
-9999 -9999 -9999 -9999 -9999 -9999 -9999 -9999 -9999 -9999 -9999 -9999 -9999 -9999 -9999 -9999 -9999 -9999 -9999 -9999 114.062196 122.248418 124.4142879 117.2081324 107.560475 101.3966806 92.89192571 88.34691158 83.73003767 78.91992437 75.94765354 73.27932552 70.41098046 69.19736242 68.90708413 69.46544663 70.92501571 72.74681491 74.18804576 76.04992836 77.49409407 78.95997876 80.34216362 81.5811983 82.94731484 84.11691969 85.19776118 86.21201954 86.83015387 87.52800827 87.99957202 88.54590757 88.93753593 89.40284811 89.97851728 90.36677323 90.91454458 91.35204093 91.60548219 91.8826875 92.00475147 91.7363402 91.46694539 90.40945315
-9999 -9999 -9999 -9999 -9999 -9999 -9999 -9999 -9999 -9999 -9999 -9999 -9999 -9999 -9999 -9999 -9999 -9999 -9999 -9999 118.4814277 127.9599127 128.2341435 119.8564498 110.3201705 103.9845078 95.55183107 88.99104006 84.02389484 80.15694934 76.76439339 73.61573911 70.95762934 69.94464274 69.03494993 69.13697839 70.26898283 72.02838407 73.33775948 74.81035536 76.19528773 77.76520082 79.1531082 80.32319402 81.45329275 82.53824436 83.64344201 84.57114286 85.36448682 85.9705807 86.5746812 87.29375803 87.86890804 88.51840376 89.09607615 89.54331275 90.07963071 90.4529289 90.76253064 90.92442713 90.88839309 90.53651272 89.94521077 89.01453457
-9999 -9999 -9999 -9999 -9999 -9999 -9999 -9999 -9999 -9999 -9999 -9999 -9999 -9999 -9999 -9999 -9999 -9999 -9999 -9999 122.5994443 131.3542491 132.7776137 123.3527035 112.7127815 105.2744329 95.89644799 89.74460046 84.31005648 79.89189788 76.61273938 73.44240071 70.99604576 69.82444489 69.3412344 69.08757467 69.9300745 71.13356009 72.13596272 73.37527916 74.6444174 76.13343116 77.63828762 78.50697529 79.64822886 80.65207954 81.72271629 82.73672095 83.34923607 84.15021392 84.88579648 85.70974103 86.63372575 87.18928663 87.89033485 88.34170392 88.7628852 89.26733226 89.30260182 89.49609885 89.27444087 88.81677309 88.2572443 87.22488116
-9999 -9999 -9999 -9999 -9999 -9999 -9999 -9999 -9999 -9999 -9999 -9999 -9999 -9999 -9999 -9999 -9999 -9999 -9999 -9999 123.3641553 133.0177407 133.6849386 124.3212447 113.6634627 105.9981629 95.67617491 88.93394729 83.73184488 79.74184055 76.40554373 73.43538882 71.08371376 70.05436764 69.25623731 68.87446304 69.17398444 70.17424726 70.9517344 71.90321334 73.09897444 74.44879786 75.63356169 76.66211069 77.59874487 78.57773279 79.68910808 80.58702497 81.47892832 82.31106029 83.16099207 84.1806907 85.05934299 85.91239356 86.54691449 87.02270201 87.46262577 87.69041893 87.89269834 87.81674203 87.58389536 87.17778652 86.40229315 85.55238706
-9999 -9999 -9999 -9999 -9999 -9999 -9999 -9999 -9999 -9999 -9999 -9999 -9999 -9999 -9999 -9999 -9999 -9999 -9999 -9999 125.0637134 134.175876 136.0679567 126.8847746 115.1757703 106.3579371 94.92961381 89.05818191 83.44961488 79.23540531 76.00028541 73.08668389 70.75964704 70.11240277 69.28501506 68.58885571 68.57438216 69.05373376 69.41777487 70.25488596 71.25292193 72.37143296 73.45678888 74.20803965 75.22451484 76.06991898 77.00478383 78.11745714 78.84558835 79.89546835 80.84739201 81.90651859 83.10199241 83.70567392 84.58013594 85.01205658 85.24366246 85.65738844 85.44922419 85.47700173 84.99786088 84.32138351 83.94798603 82.64019744
-9999 -9999 -9999 -9999 -9999 -9999 -9999 -9999 -9999 -9999 -9999 -9999 -9999 -9999 -9999 -9999 -9999 -9999 -9999 83.2675331 123.510638 135.1107467 136.3203372 126.451226 115.1412581 106.7540332 95.95239816 89.04380788 83.70998873 79.42907607 76.02009098 73.11174736 70.98420834 69.89587859 68.99636573 68.18662325 67.77910091 67.92071942 68.15946908 68.62928288 69.57126733 70.64529363 71.51330748 72.36029478 72.99073625 73.79074684 74.77941889 75.58749177 76.63213873 77.51545201 78.52035012 79.7548393 80.71958423 81.71743213 82.35624296 82.83754804 83.23674956 83.25657284 83.26340567 82.8687544 82.38801344 81.81568002 80.71269809 79.80139545
-9999 -9999 -9999 -9999 -9999 -9999 -9999 -9999 -9999 -9999 -9999 -9999 -9999 -9999 -9999 -9999 -9999 -9999 -9999 81.45250386 123.4726289 135.1583589 137.5875651 129.092905 116.5377468 107.2198446 96.19611372 90.14161503 84.50779512 79.70337371 76.2337868 73.25084176 70.93782465 70.01439741 68.81345562 67.65659179 66.93772527 66.66746157 66.61387754 66.93279981 67.64898732 68.5171227 69.49556604 69.96397771 70.64444498 71.24784666 71.97199855 72.86914771 73.55941728 74.61959251 75.49688179 76.61347706 77.69272142 78.3481236 79.22246522 79.61914723 79.71430618 80.03733581 79.39682274 79.05525408 77.96075702 76.74381009 76.06591124 75.05161442
-9999 -9999 -9999 -9999 -9999 -9999 -9999 -9999 -9999 -9999 -9999 -9999 -9999 -9999 -9999 -9999 -9999 -9999 -9999 78.46111967 120.3766802 134.474502 137.4289567 126.6702115 116.083611 107.748431 98.16449109 91.61150175 85.91628853 80.85711674 76.91660144 73.93269394 71.50056458 69.88137468 68.27266647 67.15064135 66.08434438 65.48127063 65.29316292 65.17242173 65.88506825 66.87342888 67.56921442 68.18018139 68.35717616 68.96279559 69.85358662 70.37694152 71.21233359 71.53280724 72.47763486 73.95809371 74.73803943 75.5962986 75.75845903 76.15965255 76.59874753 76.15932836 75.71019117 73.93864987 72.90592923 72.16377698 71.1369353 70.05881313
-9999 -9999 -9999 -9999 -9999 -9999 -9999 -9999 -9999 -9999 -9999 -9999 -9999 -9999 -9999 -9999 -9999 -9999 -9999 77.03419993 118.8599644 133.0762423 137.5617605 128.6136625 115.8089446 107.544474 99.08536972 93.77542743 87.90929875 82.21759195 78.16114762 74.72487566 71.8972396 69.96990105 67.89102234 66.33872808 64.93396315 64.00649997 63.69973324 63.6236217 64.04062282 64.6107979 65.18309095 65.67506203 66.18630794 66.51967896 66.86294248 67.22254725 67.80676781 68.48095607 69.12321881 69.91897754 70.71419124 71.37467882 71.97761912 72.12517023 71.63514082 71.02455994 70.16821148 68.92599285 67.17821207 65.74021334 64.60028375 63.28940184
-9999 -9999 -9999 -9999 -9999 -9999 -9999 -9999 -9999 -9999 -9999 -9999 -9999 -9999 -9999 -9999 -9999 -9999 -9999 77.3786636 114.3162436 131.1304867 135.7668207 125.5445594 114.0512164 108.0497648 101.0669209 96.25672165 90.13627234 84.18562018 79.62328198 75.49121805 72.26020652 70.0102963 67.06037386 65.51565881 63.96901726 62.92177074 62.37484948 61.80030674 62.19515038 62.66842295 63.19455788 63.50891691 63.49402455 63.87872021 64.24358165 64.60045066 64.76801633 64.77295078 65.3807657 66.2709196 67.05898766 67.3694014 67.3332363 67.37896731 66.77317433 66.17187458 64.87425722 63.05642799 61.52947507 60.43865009 58.99006347 57.3325668
-9999 -9999 -9999 -9999 -9999 -9999 -9999 -9999 -9999 -9999 -9999 -9999 -9999 -9999 -9999 -9999 -9999 -9999 -9999 79.34694732 112.5698491 128.084112 133.6442525 120.5547028 113.4887754 108.0078333 103.037493 98.48329378 92.18664268 85.57934914 80.80443652 76.37307865 72.24760982 69.29757796 66.28949285 64.41815838 62.65404899 61.38698256 60.57435887 60.28630069 60.2817604 60.31785446 60.53072561 60.61153664 60.98194251 61.07224101 60.93451662 61.01766632 60.92936313 61.30023497 61.44157399 61.549495 62.06145416 62.15090723 62.55804279 62.36342171 61.01311444 60.21867984 58.66438903 57.84827498 55.89589549 54.21270083 52.46282879 50.12593909
-9999 -9999 -9999 -9999 -9999 -9999 -9999 -9999 -9999 -9999 -9999 -9999 -9999 -9999 -9999 -9999 -9999 -9999 -9999 79.75473468 106.5499943 122.984091 131.3458986 120.8599538 112.0127961 108.6842522 104.3681008 100.3865964 93.8386798 86.92150686 81.63038405 76.35521767 71.86699714 68.71266264 65.0182245 63.21595959 61.38135676 60.04094765 59.35497832 58.40479387 58.4054633 58.34615064 58.18914601 58.43320358 58.02626421 58.1597409 58.17400404 57.85903677 57.99119942 57.36917178 57.51017181 57.70827052 57.55638463 57.91293719 57.30307284 57.05689238 56.30643416 55.17285146 54.26388639 52.46725485 50.67450575 49.53408728 46.92081646 -9999
-9999 -9999 -9999 -9999 -9999 -9999 -9999 -9999 -9999 -9999 -9999 -9999 -9999 -9999 -9999 -9999 -9999 -9999 -9999 79.40553555 102.8201762 117.5455983 125.1983969 115.5000863 110.6320309 108.3256401 105.0942621 101.3163143 94.64692707 87.34312889 81.86911207 76.35149522 71.25719907 67.34937424 63.73663563 61.79971682 59.88190707 58.40336702 57.26728944 56.46996044 56.20351437 55.79839325 55.56027453 55.29065772 55.04667293 55.00479212 54.6696515 54.42222817 53.95923823 53.55797106 53.41640899 53.17516004 53.02066185 52.71479721 52.35089779 52.01612708 51.00481577 50.20617397 48.81332553 47.34919111 45.38809749 43.85883375 41.86203213 -9999
-9999 -9999 -9999 -9999 -9999 -9999 -9999 -9999 -9999 -9999 -9999 -9999 -9999 -9999 -9999 -9999 -9999 -9999 59.46349563 76.85152645 95.64464807 109.0953766 121.6078093 116.6721906 110.8443352 108.1369273 105.2910089 101.6210229 94.74832592 86.9423638 81.09971966 75.35485399 70.1137891 66.32627058 62.43296107 60.3840025 58.28217212 56.75016237 55.79517476 54.44624994 54.06600789 53.52490941 52.9999287 52.96705638 52.19514212 52.08633491 51.76193649 51.18357703 50.9996258 50.17210319 49.94300281 49.7168794 49.16095062 49.132622 48.40926399 48.04282291 47.17196277 46.25435021 45.25173871 43.4118687 41.33904835 40.03305087 37.64925051 -9999
-9999 -9999 -9999 -9999 -9999 -9999 -9999 -9999 -9999 -9999 -9999 -9999 -9999 -9999 -9999 -9999 -9999 -9999 58.70915987 72.61135224 89.08704241 101.2652816 111.3135366 110.0609109 109.2034375 106.6868428 103.9324745 99.98362638 93.5968255 85.7843999 79.99053178 74.38739774 69.1531191 64.63086496 61.11195254 58.91548609 56.69997983 54.86427969 53.3594482 52.16439439 51.54974651 50.74231527 50.12152788 49.56121195 49.05590014 48.83579411 48.24446741 47.79015792 47.1472633 46.58083213 46.25895606 45.75631269 45.44563692 44.91293354 44.5434009 44.20434555 43.22533998 42.48695887 41.02892333 39.53059917 37.51189587 35.89937491 34.00280982 -9999
-9999 -9999 -9999 -9999 -9999 -9999 -9999 -9999 -9999 -9999 -9999 -9999 -9999 -9999 -9999 -9999 -9999 -9999 60.79691714 70.40961051 84.30470989 94.51262972 103.8170021 109.5999408 108.6130762 104.8437634 101.2674346 97.63413065 91.28933413 83.70244714 77.97075809 72.79828378 67.76268778 63.82896714 60.09204052 57.73054581 55.14795523 53.13637639 51.61356459 49.94266047 49.21367139 48.16174516 47.39406337 46.9055779 46.15683768 45.88864747 45.2492068 44.69058881 44.21821876 43.40111407 43.05850095 42.59307513 42.12206323 41.82664 41.31876941 40.99330432 40.24199736 39.43037309 38.2170957 36.59169061 34.35330187 32.66528048 30.913684 -9999
-9999 -9999 -9999 -9999 -9999 -9999 -9999 -9999 -9999 -9999 -9999 -9999 -9999 -9999 -9999 -9999 -9999 -9999 59.98153844 67.26917571 80.96776858 91.59800775 102.3193652 104.1375367 104.5714303 101.4437273 97.99818665 93.38760631 87.94596983 81.25881562 76.08140495 71.10880505 66.83864514 62.63995876 59.17150589 56.62171069 53.74981755 51.39092064 49.37990193 47.67488414 46.69828184 45.43959356 44.48141181 43.655505 42.96080372 42.62170302 41.9477606 41.34673349 40.63429185 40.00663807 39.64840827 39.13146812 38.77623709 38.37817867 37.99744763 37.70827902 36.95199248 36.20672228 34.7384095 33.09857681 30.83755724 28.66768256 26.55676814 -9999
-9999 -9999 -9999 -9999 -9999 -9999 -9999 -9999 -9999 -9999 -9999 -9999 -9999 -9999 -9999 -9999 -9999 65.20864091 60.86825184 66.63589687 78.31178713 90.3161947 101.2386062 101.7076927 101.3553937 98.34339653 92.46893552 87.40859531 83.95064665 77.63890826 73.45938843 69.1294136 65.83610486 62.32672524 58.48043511 55.7672759 52.31432385 49.9909278 48.02055963 45.69448553 44.31306627 42.67006369 41.75691769 41.01944012 39.86714471 39.32736812 38.60551798 38.14240489 37.62058203 36.71837283 36.376131 35.9527179 35.60892059 35.45567207 34.92357768 34.67346174 33.98010277 33.27624244 31.80482122 29.72236088 27.21931573 24.14742685 -9999 -9999
-9999 -9999 -9999 -9999 -9999 -9999 -9999 -9999 -9999 -9999 -9999 -9999 -9999 -9999 -9999 -9999 -9999 65.79516119 58.21127463 63.64311804 78.67195027 89.30733853 97.23315778 97.84257052 95.44396383 91.98861281 88.23382965 83.33280259 79.19729647 75.01040028 71.52270139 68.06680906 65.02682727 61.61190166 58.15405849 55.40925795 51.99794178 49.09427375 46.45376367 44.07821229 42.5991212 40.76954723 39.27556269 38.05449729 36.99230003 36.45987017 35.66099971 34.98190942 34.32920634 33.72944556 33.42431224 32.98664185 32.60375796 32.28802025 31.93654187 31.58026201 30.83040827 29.85146524 27.83348539 25.21788347 22.24567961 -9999 -9999 -9999
