meets/meet004/data/CCSM_0k_neotropic_bio07.asc
NCOLS 154 
NROWS 168 
XLLCORNER -112 
YLLCORNER -55.5 
CELLSIZE 0.5 
NODATA_value -9999 
[rows 29 to 57 of 168, columns 64 to 127 of 154]
-9999 -9999 -9999 -9999 -9999 -9999 -9999 -9999 -9999 -9999 -9999 -9999 -9999 -9999 -9999 -9999 -9999 -9999 -9999 -9999 -9999 -9999 -9999 -9999 -9999 -9999 -9999 -9999 -9999 -9999 -9999 -9999 -9999 -9999 -9999 -9999 -9999 3.63859949 -9999 -9999 -9999 -9999 -9999 -9999 -9999 -9999 -9999 -9999 -9999 -9999 -9999 -9999 -9999 -9999 -9999 -9999 -9999 -9999 -9999 -9999 -9999 -9999 -9999 -9999
-9999 -9999 -9999 -9999 -9999 -9999 -9999 -9999 -9999 -9999 -9999 -9999 -9999 -9999 -9999 -9999 -9999 -9999 -9999 -9999 -9999 -9999 -9999 -9999 -9999 -9999 -9999 -9999 -9999 -9999 -9999 -9999 -9999 -9999 -9999 -9999 -9999 3.61018768 -9999 -9999 -9999 -9999 -9999 -9999 -9999 -9999 -9999 -9999 -9999 -9999 -9999 -9999 -9999 -9999 -9999 -9999 -9999 -9999 -9999 -9999 -9999 -9999 -9999 -9999
-9999 -9999 -9999 -9999 -9999 -9999 -9999 -9999 -9999 -9999 -9999 -9999 -9999 -9999 -9999 -9999 -9999 -9999 -9999 -9999 -9999 -9999 -9999 -9999 -9999 -9999 -9999 -9999 -9999 -9999 -9999 -9999 -9999 -9999 -9999 -9999 -9999 -9999 -9999 -9999 -9999 -9999 -9999 -9999 -9999 -9999 -9999 -9999 -9999 -9999 -9999 -9999 -9999 -9999 -9999 -9999 -9999 -9999 -9999 -9999 -9999 -9999 -9999 -9999
-9999 -9999 -9999 -9999 -9999 -9999 -9999 -9999 -9999 -9999 -9999 -9999 -9999 -9999 -9999 -9999 5.30094217 -9999 -9999 -9999 -9999 -9999 -9999 -9999 -9999 -9999 -9999 -9999 -9999 -9999 -9999 -9999 -9999 -9999 -9999 -9999 3.52492339 -9999 -9999 -9999 -9999 -9999 -9999 -9999 -9999 -9999 -9999 -9999 -9999 -9999 -9999 -9999 -9999 -9999 -9999 -9999 -9999 -9999 -9999 -9999 -9999 -9999 -9999 -9999
-9999 -9999 -9999 -9999 -9999 -9999 -9999 -9999 -9999 -9999 -9999 -9999 -9999 -9999 6.83124066 7.21637999 7.14688685 -9999 -9999 -9999 -9999 -9999 -9999 -9999 -9999 -9999 -9999 -9999 -9999 -9999 -9999 -9999 -9999 -9999 -9999 -9999 -9999 -9999 -9999 -9999 -9999 -9999 -9999 -9999 -9999 -9999 -9999 -9999 -9999 -9999 -9999 -9999 -9999 -9999 -9999 -9999 -9999 -9999 -9999 -9999 -9999 -9999 -9999 -9999
-9999 -9999 -9999 -9999 -9999 -9999 -9999 -9999 -9999 -9999 5.5955802 6.34272849 7.17508835 8.23091456 9.07592276 9.4488329 -9999 -9999 8.57516622 8.14876309 7.60766319 6.9399492 6.1690217 -9999 -9999 -9999 -9999 -9999 -9999 -9999 -9999 -9999 -9999 -9999 -9999 -9999 -9999 -9999 -9999 -9999 -9999 -9999 -9999 -9999 -9999 -9999 -9999 -9999 -9999 -9999 -9999 -9999 -9999 -9999 -9999 -9999 -9999 -9999 -9999 -9999 -9999 -9999 -9999 -9999
-9999 -9999 -9999 -9999 -9999 -9999 -9999 -9999 -9999 6.20724354 7.49827997 9.29238189 11.08004395 11.36537122 12.26247238 12.45030704 11.89242098 12.21348496 11.36896041 11.22091556 10.50588992 9.17616482 8.44666362 7.10353227 -9999 -9999 -9999 -9999 -9999 -9999 -9999 -9999 -9999 -9999 -9999 -9999 -9999 -9999 -9999 -9999 -9999 -9999 -9999 -9999 -9999 -9999 -9999 -9999 -9999 -9999 -9999 -9999 -9999 -9999 -9999 -9999 -9999 -9999 -9999 -9999 -9999 -9999 -9999 -9999
-9999 -9999 -9999 -9999 -9999 -9999 -9999 -9999 -9999 9.27842842 11.19278433 12.18516096 13.05081147 13.2775223 13.37720193 13.34741035 13.04284042 12.96652969 12.76403456 12.77352431 12.16390389 11.15660184 10.41641749 9.24794471 8.59078953 8.11297358 7.94885155 8.29062878 8.15480812 8.28827276 8.27975604 8.23061521 8.08090567 7.15514942 6.18210632 -9999 -9999 -9999 -9999 -9999 -9999 -9999 -9999 -9999 -9999 -9999 -9999 -9999 -9999 -9999 -9999 -9999 -9999 -9999 -9999 -9999 -9999 -9999 -9999 -9999 -9999 -9999 -9999 -9999
-9999 -9999 -9999 -9999 -9999 -9999 -9999 -9999 -9999 11.99351957 13.75386938 13.87467374 14.36790243 14.13041525 13.86002681 13.72495263 13.47618454 13.34196992 13.20860049 13.41784755 13.04549803 12.38597288 12.08577372 11.27103299 11.47107788 11.23700409 10.91436256 11.55657031 10.92963279 11.22135562 11.14860256 10.75446129 10.95646993 9.53505059 8.1756099 6.65484365 5.39615568 -9999 -9999 -9999 -9999 -9999 -9999 -9999 -9999 -9999 -9999 -9999 -9999 -9999 -9999 -9999 -9999 -9999 -9999 -9999 -9999 -9999 -9999 -9999 -9999 -9999 -9999 -9999
4.4660436 5.21610152 5.95738454 5.13360125 -9999 -9999 -9999 -9999 10.89319569 12.99834212 14.34876831 14.58542003 14.46719519 14.55729053 14.56296026 14.39398123 14.09784432 13.84925808 13.56387939 13.3539671 13.00493312 12.59110729 12.42446946 12.19662868 12.36412724 12.29454996 12.01474259 12.04932009 11.87117919 11.97999598 11.84237642 11.60654609 11.31562253 10.61646425 9.82035712 8.39464868 6.74875676 5.54744966 -9999 -9999 -9999 -9999 -9999 -9999 -9999 -9999 -9999 -9999 -9999 -9999 -9999 -9999 -9999 -9999 -9999 -9999 -9999 -9999 -9999 -9999 -9999 -9999 -9999 -9999
5.65710104 -9999 -9999 7.41292742 7.27679938 8.38242722 9.88318714 11.51798626 13.33292605 15.02810627 15.91510399 15.76189797 15.37692553 15.21153168 15.24689724 15.08668291 14.70408393 14.23929792 13.71506974 13.29142076 12.81756717 12.42642997 12.26375097 12.14266815 12.44374485 12.41020695 12.13000986 12.09806307 12.00859547 12.08366479 11.927788 11.67581507 11.39576434 10.959184 10.62073154 9.5039873 7.98331231 6.97562243 -9999 -9999 -9999 -9999 -9999 -9999 -9999 -9999 -9999 -9999 -9999 -9999 -9999 -9999 -9999 -9999 -9999 -9999 -9999 -9999 -9999 -9999 -9999 -9999 -9999 -9999
-9999 -9999 -9999 7.77404241 11.00037355 12.99725743 13.85623672 15.45135892 16.05206993 16.76044203 17.1315313 16.75646578 16.54646355 15.85499899 15.79459975 15.42496138 14.88546167 14.72882596 14.02207712 13.51716597 12.81108929 12.06796571 11.78519769 11.86114228 12.07823717 12.19174706 12.23044833 12.20092552 12.24565111 12.23207808 12.03659612 11.68194596 11.28167805 11.01943086 10.63663052 9.92723675 9.0599321 8.45141059 7.65800859 6.87386508 5.7203097 -9999 -9999 -9999 -9999 -9999 -9999 -9999 -9999 -9999 -9999 -9999 -9999 -9999 -9999 -9999 -9999 -9999 -9999 -9999 -9999 -9999 -9999 -9999
-9999 -9999 -9999 7.00445286 11.15739928 13.83533252 15.19005463 16.9397261 17.16864249 17.54241736 17.627191 17.07752953 16.62137742 15.55542433 14.9360731 14.41377405 13.93516253 13.99500111 13.42952088 13.00106798 12.36433771 11.67320795 11.3164319 11.42981275 11.77728211 11.98234955 12.2039606 12.30241472 12.40992325 12.3543359 12.15747571 11.76914522 11.36061112 11.13863801 10.97872864 10.61855111 10.19231112 9.79716021 9.4505911 8.99439665 7.72189429 5.94918545 -9999 -9999 -9999 -9999 -9999 -9999 -9999 -9999 -9999 -9999 -9999 -9999 -9999 -9999 -9999 -9999 -9999 -9999 -9999 -9999 -9999 -9999
-9999 -9999 -9999 -9999 8.0809283 11.09050764 13.95484824 16.08701071 16.96514553 16.96515658 17.02233468 16.72281449 16.01982115 14.53917224 12.78171915 12.1957556 12.44026729 12.43108848 12.32507731 12.0535129 11.77541532 11.32566261 11.05215918 11.25411142 11.58208232 12.01430802 12.51323406 12.58537411 12.65581331 12.47566078 12.22728364 11.97066574 11.65401884 11.53337075 11.50220972 11.44088103 11.4601423 11.52719504 11.15905709 11.07171574 9.94704924 8.05257467 6.65056372 -9999 -9999 -9999 -9999 -9999 -9999 -9999 -9999 -9999 -9999 -9999 -9999 -9999 -9999 -9999 -9999 -9999 -9999 -9999 -9999 -9999
-9999 -9999 -9999 -9999 -9999 8.31892107 11.96974782 14.79654033 15.87426603 15.63997916 15.70787216 15.78368798 15.10479138 13.41701593 11.42461891 10.81736933 11.2631309 11.59946852 11.60204873 11.4421985 11.75198736 11.75192186 11.64191028 12.14253806 12.74010428 13.30126899 13.68564855 13.49779009 13.21652435 12.73152186 12.4019008 12.22591265 12.14590569 12.15086055 12.19520489 12.12567077 12.07015343 12.10097316 11.70665253 11.58486619 10.84463012 9.79029656 8.49881039 6.736591 -9999 -9999 -9999 -9999 -9999 -9999 -9999 -9999 -9999 -9999 -9999 -9999 -9999 -9999 -9999 -9999 -9999 -9999 -9999 -9999
-9999 -9999 -9999 -9999 -9999 6.39227133 10.49073654 14.01840719 14.75708398 14.12733152 14.1134176 14.61178527 14.48012347 12.78231193 10.77823853 10.18294456 11.06452527 11.87172701 11.57307107 12.11457252 12.64869767 12.63494185 12.9368325 13.18302175 14.72102322 15.40166436 15.06594672 14.97991932 13.96931504 13.03342938 12.65918274 12.69316403 12.77775621 12.78982175 12.83892959 12.69969846 12.36213009 11.96678449 11.38612371 10.96988727 10.60752505 10.63310067 10.56894409 8.56656922 7.46433556 -9999 -9999 -9999 -9999 -9999 -9999 -9999 -9999 -9999 -9999 -9999 -9999 -9999 -9999 -9999 -9999 -9999 -9999 -9999
-9999 -9999 -9999 -9999 -9999 5.55338122 9.44296083 12.70929036 13.56618419 12.81518752 12.83646441 13.42092448 13.42910123 12.45425547 11.14129604 10.78076607 11.39251461 11.95420293 11.88706692 12.53803229 12.9497852 12.93595122 13.25401592 13.59274664 15.00911841 15.67984714 15.53947269 15.33666253 14.57469623 13.86874207 13.56962817 13.42554325 13.42505102 13.37354455 13.34400666 12.99893573 12.38789106 11.65975918 10.78335839 10.16871228 9.95503792 10.41641222 10.74509021 9.86079952 9.19235561 8.89560288 8.53005196 8.26826616 7.87981261 7.41244434 6.60509844 5.61765103 -9999 -9999 -9999 -9999 -9999 -9999 -9999 -9999 -9999 -9999 -9999 -9999
-9999 -9999 -9999 -9999 -9999 5.07586855 8.84289141 12.21939157 12.64804588 11.7532633 11.85000222 12.41915445 12.57792778 12.16781086 11.65691196 11.52362975 11.72716136 12.16414467 12.22355259 12.49090118 12.64948698 12.50588801 12.86769448 13.32260212 14.13618972 14.77443014 14.86584202 15.05241296 14.72869474 14.74210849 14.39217826 13.93388405 13.94534257 13.76348345 13.67587919 13.17617743 12.3750473 11.38054942 10.36372962 9.31877971 9.18737661 9.94598993 10.33953872 10.48685132 10.79298204 10.69967634 10.63221503 11.05717916 10.38853088 10.34464172 9.57529802 8.31343134 7.44140084 5.58864865 3.83695845 -9999 -9999 -9999 -9999 -9999 -9999 -9999 -9999 -9999
-9999 -9999 -9999 -9999 -9999 4.95695764 8.53680871 11.41913177 12.14803123 11.40362892 11.49713133 11.71050365 11.84426713 11.7704777 11.67638103 11.66019311 11.77634752 12.05886185 11.95894098 11.8640026 11.79170388 11.64819071 11.82759825 12.21124357 12.77848249 13.18551016 13.61112749 13.99282518 14.24051242 14.31435668 14.18860585 13.82256162 13.70632845 13.79563938 13.83191703 13.33425098 12.50746764 11.43275132 10.26273215 9.39129561 9.17924339 9.69011502 10.38125588 10.77821084 11.24649059 11.46525781 11.56318661 11.81021454 11.64826974 11.50308433 10.92480862 10.07505712 9.15866057 7.7072838 6.25035358 4.66013371 -9999 -9999 -9999 -9999 -9999 -9999 -9999 -9999
-9999 -9999 -9999 -9999 -9999 4.7416458 8.28240253 11.555111 11.80003486 11.18223164 11.21666626 11.1111424 11.14528885 11.26330713 11.4233692 11.58997262 11.69975515 11.75101136 11.53150048 11.33361441 11.0708591 10.63439636 10.3972216 11.00610973 11.49569635 12.13318124 12.80375621 12.91723052 13.69143985 13.75715417 13.85845521 13.8636606 13.50654636 13.79602691 13.99213976 13.49127468 12.53626803 11.59767962 10.4272854 9.65062076 9.4690045 9.87208054 10.46000358 10.76238505 11.16690759 11.67090462 12.07398716 12.27442294 12.16703646 12.004281 11.61113374 11.24738067 10.92699685 9.58120175 8.67065931 6.86642707 4.57782573 3.17318064 -9999 -9999 -9999 -9999 -9999 -9999
-9999 -9999 -9999 -9999 -9999 4.92303841 8.095946 10.52498416 11.20202683 10.59212925 10.48760613 10.41351304 10.47545509 10.78902302 11.37674599 11.57267585 11.42702605 11.15630365 10.80935363 10.43173747 10.07473415 9.67874972 9.57343589 9.97873639 10.70957871 11.65838188 12.8308453 13.69212707 13.97126763 14.14525614 14.3784115 14.34528206 14.28006637 14.35356095 14.28543575 13.62728507 12.47408018 11.31249588 10.50778559 10.1390105 9.96226613 10.10865448 10.46050617 10.78126029 11.31716023 11.94713748 12.38401098 12.59070893 12.55336915 12.373335 12.04120573 11.65999136 11.1870253 10.47210704 9.53944747 7.74059028 5.36296188 3.6211864 -9999 -9999 -9999 -9999 -9999 -9999
-9999 -9999 -9999 -9999 -9999 5.64276487 8.1652659 10.4518704 10.59263197 10.04675177 9.8844942 9.89740687 9.91133329 10.44248566 11.23880205 11.39667325 10.9549709 10.50172363 10.04155782 9.55349894 9.36164105 9.21905022 9.3152578 9.7997054 10.36355111 11.29309728 12.84379798 14.57781155 14.53803245 14.72956921 14.91342644 14.8191204 14.97384145 14.73814758 14.54865516 13.83413202 12.53354871 11.16063509 11.08697254 11.14310544 11.03918294 11.02558333 11.13631052 11.13259444 11.76696383 12.32941344 12.70197582 12.94162784 12.8107593 12.64077226 12.2876015 11.87448188 11.29017262 10.75081713 9.99357634 8.22998775 5.83707729 3.69810059 -9999 -9999 -9999 -9999 -9999 -9999
-9999 -9999 -9999 -9999 -9999 7.27041184 8.57850729 9.88913697 10.25774685 9.96452235 9.85169588 9.74509686 9.78274876 10.00430334 10.52054795 10.57001879 10.2271203 9.71157781 9.54300067 9.484794 9.44019047 9.36467619 9.52381037 9.87093019 10.4043704 10.94263436 12.27658381 13.52901769 14.12792728 14.39843089 14.50738509 14.61304707 14.72655834 14.60393999 14.41081609 13.83908914 12.92123078 12.29265551 11.84980283 11.84996862 11.70850745 11.53287381 11.52190871 11.66021971 12.26092713 12.73030759 12.93588907 12.98519779 12.91431064 12.69255281 12.35188917 11.96598319 11.44632394 10.99362091 10.2183159 8.63240492 6.59345734 4.60777166 -9999 -9999 -9999 -9999 -9999 -9999
-9999 -9999 -9999 5.09487331 7.61286093 8.9091386 8.86058745 9.50922575 9.89349498 9.94969224 9.98038337 9.72579257 9.69036829 9.78815791 9.90217204 9.85094242 9.68415732 9.57028266 9.43211018 9.39402225 9.38970689 9.37980622 9.5824556 9.95682849 10.41657132 10.86164274 11.60154627 12.61290658 13.25779982 13.59368788 13.78349213 13.89627237 14.18361708 14.06645665 14.00731398 13.63255923 13.06953505 12.79295045 12.16240015 12.10444066 11.89641662 11.59174327 11.77955483 12.22404883 12.65503711 13.01781714 13.12098042 13.20167143 13.10292189 12.88272371 12.52873491 12.1440787 11.64452469 11.16236732 10.55170033 9.23067532 7.81922497 5.8875595 4.28337613 -9999 -9999 -9999 -9999 -9999
-9999 -9999 4.79603851 6.56290756 8.09024211 9.01506867 9.21088554 9.00112844 9.24944686 9.81857569 10.05975575 9.85502081 9.74795795 9.6506384 9.5666826 9.47987636 9.40848904 9.3651213 9.28084097 9.23260171 9.26133753 9.3326997 9.57367685 9.95453199 10.4294647 10.79723973 11.12362063 11.96733185 12.42549897 12.60385429 12.77188092 12.8505869 13.09529842 13.19941895 13.23707999 13.00152127 12.50055835 12.09830162 11.68936657 11.49335491 11.30055021 11.60755508 12.26836544 12.67683263 12.82476968 13.19484917 13.36521412 13.4073707 13.40840294 13.29307364 12.97692186 12.55554277 11.996232 11.50175956 10.89017932 10.04500978 9.34529877 8.2369331 6.06103803 3.98426414 -9999 -9999 -9999 -9999
-9999 -9999 7.25163465 8.29242767 8.7431175 9.42286702 9.27190889 9.00316257 9.22513774 9.5713871 9.93139541 9.7535694 9.61429023 9.40076661 9.24330624 9.18183295 9.14875521 9.13650103 9.08786231 9.14701934 9.19136074 9.22155413 9.47704098 9.8768514 10.33944003 10.66398573 10.81641186 11.38398452 11.70900553 11.72871871 11.81927619 11.86074862 11.95816874 12.13278352 12.23599148 12.06882255 11.64514231 11.22373601 10.86671533 11.00321672 11.49573473 12.12580116 12.90831634 13.07929871 13.03299165 13.25410274 13.46120899 13.61247578 13.70187641 13.66570303 13.39857901 12.96610727 12.54626149 11.88360476 11.32282846 10.68522029 10.51299943 9.88721627 7.24300701 4.85154851 -9999 -9999 -9999 -9999
6.2413021 9.04528938 11.09831522 10.52130643 9.53370849 9.39523231 9.456608 9.46250102 9.50488371 9.56697069 9.59499089 9.39682085 9.18219084 9.11035344 9.18572953 9.21031197 9.15685551 9.1247817 9.19739213 9.29934144 9.35492942 9.36238783 9.51147607 9.75266297 10.0968342 10.35266445 10.48361717 10.70016653 10.9376276 11.00159741 11.03648869 10.9794752 10.91921054 10.96239077 11.05383247 10.95870406 10.67399937 10.81510292 11.10046853 11.47571978 11.95439757 12.70941726 13.19502657 13.33343876 13.09050774 13.18308039 13.62889943 13.84664303 14.01407947 13.99035115 13.69805595 13.29253365 12.84022926 12.15664481 11.50764581 10.97879702 10.82299719 9.96896149 7.79433849 5.06944803 -9999 -9999 -9999 -9999
8.47864058 11.46973404 13.61600813 12.28078981 10.4648872 9.86289237 9.72016829 9.74263218 9.63924747 9.63060238 9.55445036 9.2740602 9.04968069 9.12374162 9.2712138 9.31252429 9.24624937 9.20694476 9.29980686 9.43370159 9.4948799 9.49054559 9.57504787 9.76594454 9.99120704 10.08189813 10.07060081 10.11666737 10.26535305 10.33003311 10.37689261 10.29962381 10.14530943 10.11402395 10.12244153 10.39308868 10.74289414 11.11878016 11.45726138 11.92320605 12.62797138 13.22699089 13.65523547 13.75066939 13.49315735 13.54129695 14.01580342 14.25829168 14.36056165 14.26809417 13.89843992 13.47562066 12.95258082 12.21707364 11.57906503 10.96561403 10.7703915 10.08910534 8.33789904 6.1297701 4.48317006 -9999 -9999 -9999
10.09627432 13.14983212 14.76823511 13.42926952 11.48380499 10.34802033 9.84908754 9.74391966 9.66346053 9.62017498 9.64002458 9.44208011 9.24785483 9.32009443 9.47959718 9.51072241 9.43334841 9.38120295 9.43163348 9.55043089 9.6101489 9.58923113 9.5744952 9.72547111 9.8487061 9.90091725 9.88167258 9.81874019 9.81919063 9.85984757 9.87726759 9.78773215 9.81207261 9.92946305 10.13093596 10.52858326 10.98047418 11.50445011 12.00119826 12.59866216 13.22570822 13.77838973 14.21903622 14.27838333 14.3005424 14.28534186 14.57125214 14.81968956 14.64086597 14.4122423 13.90469933 13.31225425 12.79316845 12.07965178 11.45542444 10.95450021 10.662321 10.10353237 9.2401038 8.26051665 7.0159767 5.41542449 4.09023748 -9999
