meets/meet004/data/CCSM_0k_neotropic_bio12.asc
NCOLS 154 
NROWS 168 
XLLCORNER -112 
YLLCORNER -55.5 
CELLSIZE 0.5 
NODATA_value -9999 
[rows 29 to 57 of 168, columns 64 to 127 of 154]
-9999 -9999 -9999 -9999 -9999 -9999 -9999 -9999 -9999 -9999 -9999 -9999 -9999 -9999 -9999 -9999 -9999 -9999 -9999 -9999 -9999 -9999 -9999 -9999 -9999 -9999 -9999 -9999 -9999 -9999 -9999 -9999 -9999 -9999 -9999 -9999 -9999 544.3332748 -9999 -9999 -9999 -9999 -9999 -9999 -9999 -9999 -9999 -9999 -9999 -9999 -9999 -9999 -9999 -9999 -9999 -9999 -9999 -9999 -9999 -9999 -9999 -9999 -9999 -9999
-9999 -9999 -9999 -9999 -9999 -9999 -9999 -9999 -9999 -9999 -9999 -9999 -9999 -9999 -9999 -9999 -9999 -9999 -9999 -9999 -9999 -9999 -9999 -9999 -9999 -9999 -9999 -9999 -9999 -9999 -9999 -9999 -9999 -9999 -9999 -9999 -9999 563.914552 -9999 -9999 -9999 -9999 -9999 -9999 -9999 -9999 -9999 -9999 -9999 -9999 -9999 -9999 -9999 -9999 -9999 -9999 -9999 -9999 -9999 -9999 -9999 -9999 -9999 -9999
-9999 -9999 -9999 -9999 -9999 -9999 -9999 -9999 -9999 -9999 -9999 -9999 -9999 -9999 -9999 -9999 -9999 -9999 -9999 -9999 -9999 -9999 -9999 -9999 -9999 -9999 -9999 -9999 -9999 -9999 -9999 -9999 -9999 -9999 -9999 -9999 -9999 -9999 -9999 -9999 -9999 -9999 -9999 -9999 -9999 -9999 -9999 -9999 -9999 -9999 -9999 -9999 -9999 -9999 -9999 -9999 -9999 -9999 -9999 -9999 -9999 -9999 -9999 -9999
-9999 -9999 -9999 -9999 -9999 -9999 -9999 -9999 -9999 -9999 -9999 -9999 -9999 -9999 -9999 -9999 277.6737594 -9999 -9999 -9999 -9999 -9999 -9999 -9999 -9999 -9999 -9999 -9999 -9999 -9999 -9999 -9999 -9999 -9999 -9999 -9999 593.7776818 -9999 -9999 -9999 -9999 -9999 -9999 -9999 -9999 -9999 -9999 -9999 -9999 -9999 -9999 -9999 -9999 -9999 -9999 -9999 -9999 -9999 -9999 -9999 -9999 -9999 -9999 -9999
-9999 -9999 -9999 -9999 -9999 -9999 -9999 -9999 -9999 -9999 -9999 -9999 -9999 -9999 368.1784277 374.263679 371.9877679 -9999 -9999 -9999 -9999 -9999 -9999 -9999 -9999 -9999 -9999 -9999 -9999 -9999 -9999 -9999 -9999 -9999 -9999 -9999 -9999 -9999 -9999 -9999 -9999 -9999 -9999 -9999 -9999 -9999 -9999 -9999 -9999 -9999 -9999 -9999 -9999 -9999 -9999 -9999 -9999 -9999 -9999 -9999 -9999 -9999 -9999 -9999
-9999 -9999 -9999 -9999 -9999 -9999 -9999 -9999 -9999 -9999 465.89515 465.8023165 480.3108979 480.9833662 495.8760803 497.8848924 -9999 -9999 471.7465909 467.8421442 463.5496638 452.1097417 448.8045137 -9999 -9999 -9999 -9999 -9999 -9999 -9999 -9999 -9999 -9999 -9999 -9999 -9999 -9999 -9999 -9999 -9999 -9999 -9999 -9999 -9999 -9999 -9999 -9999 -9999 -9999 -9999 -9999 -9999 -9999 -9999 -9999 -9999 -9999 -9999 -9999 -9999 -9999 -9999 -9999 -9999
-9999 -9999 -9999 -9999 -9999 -9999 -9999 -9999 -9999 658.5837528 642.7344859 646.8920885 648.1154547 650.476573 646.8695363 643.8853876 641.3989631 625.9053156 622.1471864 607.2554674 592.0140431 575.4518464 562.8346349 522.9720278 -9999 -9999 -9999 -9999 -9999 -9999 -9999 -9999 -9999 -9999 -9999 -9999 -9999 -9999 -9999 -9999 -9999 -9999 -9999 -9999 -9999 -9999 -9999 -9999 -9999 -9999 -9999 -9999 -9999 -9999 -9999 -9999 -9999 -9999 -9999 -9999 -9999 -9999 -9999 -9999
-9999 -9999 -9999 -9999 -9999 -9999 -9999 -9999 -9999 846.2974758 821.924689 797.0415451 785.7649457 775.9003649 774.1266019 770.2087612 756.8606595 751.5771008 738.3778467 718.3947482 699.4070074 670.8356013 631.3558601 586.0297282 550.5474794 524.8438102 499.5560975 481.6859618 473.7856156 467.0162844 476.2516414 506.1208424 541.5710244 588.010284 638.482294 -9999 -9999 -9999 -9999 -9999 -9999 -9999 -9999 -9999 -9999 -9999 -9999 -9999 -9999 -9999 -9999 -9999 -9999 -9999 -9999 -9999 -9999 -9999 -9999 -9999 -9999 -9999 -9999 -9999
-9999 -9999 -9999 -9999 -9999 -9999 -9999 -9999 -9999 1120.994131 1041.207025 1009.542414 931.952014 937.5148681 915.884303 912.6321479 912.6923382 907.4255872 916.9813204 885.59401 854.7725874 813.0653971 739.8390856 683.9657028 618.1403193 571.7819437 547.5756714 516.0541003 512.4314465 506.2444362 511.858699 544.9906915 574.8738612 619.135803 666.8123122 702.3622355 719.1450465 -9999 -9999 -9999 -9999 -9999 -9999 -9999 -9999 -9999 -9999 -9999 -9999 -9999 -9999 -9999 -9999 -9999 -9999 -9999 -9999 -9999 -9999 -9999 -9999 -9999 -9999 -9999
1868.128504 1871.515956 1902.276179 1869.12801 -9999 -9999 -9999 -9999 1473.249144 1374.921562 1284.509703 1181.753979 1110.439285 1056.392001 1044.31457 1039.025198 1030.874411 1051.557042 1057.468084 1054.932776 1019.234477 928.7125082 839.5798547 741.0374358 666.7052611 618.571399 575.4231941 545.6024426 532.7810446 533.9350922 542.0914661 565.6312094 599.2163413 642.151956 689.9106879 725.7933276 743.6122697 757.9803078 -9999 -9999 -9999 -9999 -9999 -9999 -9999 -9999 -9999 -9999 -9999 -9999 -9999 -9999 -9999 -9999 -9999 -9999 -9999 -9999 -9999 -9999 -9999 -9999 -9999 -9999
2283.435748 -9999 -9999 2419.016622 2388.955499 2383.589963 2296.307014 2112.175747 2012.62696 1829.832759 1606.337734 1464.197061 1303.074582 1256.097477 1206.343786 1265.656196 1299.653997 1320.174363 1340.76346 1329.802878 1236.132026 1129.501774 1013.042544 913.3214476 798.1378134 711.6801535 659.6411916 605.8107832 602.3434967 590.9671306 591.9246966 615.8943978 636.4523799 681.1573118 727.2602442 763.6057809 794.1674555 809.4167094 -9999 -9999 -9999 -9999 -9999 -9999 -9999 -9999 -9999 -9999 -9999 -9999 -9999 -9999 -9999 -9999 -9999 -9999 -9999 -9999 -9999 -9999 -9999 -9999 -9999 -9999
-9999 -9999 -9999 2900.873604 3012.662946 3024.69073 2879.364808 2745.718308 2562.549671 2272.729491 2037.190988 1771.590096 1570.176971 1472.515355 1447.93034 1498.288597 1555.714827 1591.940266 1611.45835 1632.670939 1540.590097 1331.594061 1209.124751 1092.062719 979.6846887 892.6288683 769.4454586 710.8811125 682.3519098 659.6398809 657.9149282 665.0718664 681.0561033 719.6369217 764.3608414 802.6943112 837.0670543 861.8873256 865.0729303 869.4899227 850.8189404 -9999 -9999 -9999 -9999 -9999 -9999 -9999 -9999 -9999 -9999 -9999 -9999 -9999 -9999 -9999 -9999 -9999 -9999 -9999 -9999 -9999 -9999 -9999
-9999 -9999 -9999 3544.000229 3636.480251 3710.91572 3678.963852 3484.797178 3190.713547 2809.606562 2411.950354 2118.958994 1827.441772 1754.792432 1670.333056 1816.885188 1954.318698 2043.113146 2039.776038 1962.836454 1863.590513 1734.760928 1583.735607 1432.719566 1272.287434 1099.500382 999.9135767 892.0016686 820.3568064 771.0954093 738.908777 749.839175 757.7254987 790.3100847 820.9530765 860.0991042 906.4628018 937.7215829 952.5885431 953.1890835 940.0214098 900.9452302 -9999 -9999 -9999 -9999 -9999 -9999 -9999 -9999 -9999 -9999 -9999 -9999 -9999 -9999 -9999 -9999 -9999 -9999 -9999 -9999 -9999 -9999
-9999 -9999 -9999 -9999 4322.254147 4430.644852 4343.656304 4205.619022 3791.582853 3236.349195 2802.657115 2384.248957 2040.168431 1977.041434 1969.494217 2133.213745 2355.602294 2556.841344 2438.374535 2345.674731 2219.091868 2095.359741 2005.946213 1798.787766 1627.182884 1455.227269 1215.155217 1092.207494 992.860592 894.6096168 865.0987848 840.06527 851.5072201 866.2479276 898.1249675 934.4197244 975.8324059 1006.732324 1028.991759 1046.788313 1037.450498 998.2923149 967.1193199 -9999 -9999 -9999 -9999 -9999 -9999 -9999 -9999 -9999 -9999 -9999 -9999 -9999 -9999 -9999 -9999 -9999 -9999 -9999 -9999 -9999
-9999 -9999 -9999 -9999 -9999 5016.63722 4944.194421 4658.524662 4125.202148 3487.138962 2965.207788 2536.058514 2185.980927 2188.709688 2209.80728 2438.755821 2701.680715 2913.336879 2880.086704 2773.7706 2696.840106 2653.52632 2534.844215 2353.965684 2119.372502 1867.868247 1611.269841 1362.301405 1189.982648 1048.669837 984.9596303 954.5638731 935.7707478 953.6147035 970.7842111 996.5619282 1035.989158 1075.460729 1116.196882 1143.185302 1154.489274 1131.646999 1084.824028 1015.400093 -9999 -9999 -9999 -9999 -9999 -9999 -9999 -9999 -9999 -9999 -9999 -9999 -9999 -9999 -9999 -9999 -9999 -9999 -9999 -9999
-9999 -9999 -9999 -9999 -9999 5456.500156 5222.217227 4863.48801 4235.521919 3444.114816 2897.061938 2502.517179 2189.289304 2248.534367 2426.881622 2664.436037 2930.333715 3145.652048 3165.535575 3173.496977 3158.032344 3135.069054 3140.981052 2903.858948 2636.169271 2339.216603 1929.826451 1639.218447 1406.814158 1176.225384 1093.206775 1028.646265 1010.892319 1013.484436 1026.405471 1049.282268 1081.12553 1127.613882 1175.591428 1238.935878 1261.174878 1236.228602 1206.074441 1125.88582 1051.083987 -9999 -9999 -9999 -9999 -9999 -9999 -9999 -9999 -9999 -9999 -9999 -9999 -9999 -9999 -9999 -9999 -9999 -9999 -9999
-9999 -9999 -9999 -9999 -9999 5636.737096 5298.981383 4791.831321 4091.771584 3311.75805 2782.363559 2451.362913 2245.483486 2359.061458 2589.550681 2856.280344 3129.139145 3300.548229 3446.713578 3521.931644 3601.050644 3665.113902 3657.332687 3495.579356 3176.539515 2814.582914 2381.759643 1950.811274 1644.700877 1356.613588 1232.019446 1154.785818 1099.617236 1087.518449 1083.863556 1085.674273 1112.87348 1153.025829 1219.839261 1295.122251 1343.272809 1341.70916 1309.788683 1243.770172 1159.004059 1088.333042 1031.157585 987.3639294 976.3942582 968.7523416 978.0420124 990.7833384 -9999 -9999 -9999 -9999 -9999 -9999 -9999 -9999 -9999 -9999 -9999 -9999
-9999 -9999 -9999 -9999 -9999 5656.950986 5153.04685 4538.343327 3801.141464 3038.260378 2530.049569 2310.775864 2198.45538 2411.646345 2671.333864 2938.716549 3190.267203 3377.332793 3534.71593 3739.406172 3866.267808 3997.829583 4133.659488 3921.544498 3623.691763 3236.038894 2684.67558 2211.064505 1831.925906 1503.545091 1359.070817 1239.907707 1179.186182 1143.047046 1128.353855 1117.165927 1114.547248 1140.945236 1226.479184 1319.106715 1381.586483 1399.054897 1401.711037 1317.714714 1234.60965 1162.607253 1103.772423 1072.666009 1057.08245 1056.136212 1068.128365 1078.130591 1100.80444 1100.940827 1110.426094 -9999 -9999 -9999 -9999 -9999 -9999 -9999 -9999 -9999
-9999 -9999 -9999 -9999 -9999 5383.654869 4839.424892 4175.768948 3456.952331 2766.883118 2382.871621 2252.324438 2234.100783 2445.838923 2738.657152 2967.167734 3195.229575 3368.739889 3614.46222 3811.505856 4026.631947 4236.096189 4326.528865 4213.135193 3930.806021 3539.154842 3011.17134 2481.772521 2086.242608 1696.361197 1515.980497 1384.667592 1289.256197 1233.576571 1189.16729 1159.31532 1154.121048 1161.97348 1228.632679 1314.196384 1383.58166 1411.495276 1416.087509 1363.394899 1286.843559 1224.202991 1180.282863 1138.726208 1129.705626 1125.459156 1137.8979 1158.505977 1174.998048 1190.658318 1198.778816 1200.342888 -9999 -9999 -9999 -9999 -9999 -9999 -9999 -9999
-9999 -9999 -9999 -9999 -9999 5065.775475 4425.992882 3757.077809 3146.730164 2563.482544 2224.15416 2167.991937 2212.44778 2444.08754 2731.142709 2955.40051 3175.648728 3336.600467 3550.390379 3764.15286 3986.400143 4244.51066 4436.539094 4322.620118 4076.365913 3693.830466 3156.579741 2658.305341 2269.111197 1850.540496 1652.429303 1509.456033 1395.674507 1332.048009 1257.905779 1220.474328 1195.767007 1173.18186 1233.235989 1303.304884 1367.944094 1396.014632 1428.32625 1379.449945 1313.880451 1259.99006 1212.181956 1177.560008 1174.116576 1163.900402 1178.057813 1206.207357 1228.507615 1251.411207 1271.967687 1279.068018 1275.828241 1252.895394 -9999 -9999 -9999 -9999 -9999 -9999
-9999 -9999 -9999 -9999 -9999 4514.211946 3961.497059 3369.582395 2827.896529 2369.458374 2178.45983 2187.642635 2284.628004 2455.115763 2677.361958 2853.473182 3057.66083 3243.166512 3440.925012 3652.476816 3869.665277 4103.718842 4236.655704 4185.903511 4009.5819 3684.687402 3217.776183 2749.831645 2361.1271 1995.602672 1797.161234 1635.906954 1503.95981 1432.935916 1367.599241 1319.117125 1264.030194 1244.988479 1264.05026 1299.514054 1349.770611 1384.181228 1397.68031 1368.179463 1337.776646 1290.785695 1243.687974 1208.63055 1195.46781 1190.660085 1204.306835 1230.415788 1258.001312 1294.442339 1326.86555 1348.492394 1348.936145 1333.91659 -9999 -9999 -9999 -9999 -9999 -9999
-9999 -9999 -9999 -9999 -9999 4007.734532 3464.50759 2971.11615 2567.316039 2239.376563 2142.017391 2174.148615 2304.32208 2427.764697 2610.568082 2754.682387 2954.753162 3133.190132 3272.514718 3494.442153 3674.419715 3878.282581 4035.719679 3996.921045 3840.901534 3577.889336 3127.882327 2743.32957 2386.358401 2084.400556 1908.471185 1746.499693 1610.275554 1554.995014 1491.670129 1444.117532 1378.295263 1327.634112 1341.697156 1348.371012 1370.321782 1407.44364 1399.984837 1397.437518 1360.973112 1315.132132 1259.987775 1227.948903 1209.2531 1201.284089 1210.636844 1236.788425 1270.427891 1315.524021 1364.097844 1402.792673 1416.39685 1415.401563 -9999 -9999 -9999 -9999 -9999 -9999
-9999 -9999 -9999 -9999 -9999 3366.678924 3000.807059 2625.959044 2398.528419 2248.386691 2198.61301 2226.51051 2335.180078 2454.473816 2586.620763 2723.510762 2897.328114 3059.759215 3196.793082 3370.478545 3528.468527 3681.564567 3785.28675 3751.767197 3626.948454 3386.468633 3055.076048 2726.853366 2426.89416 2171.852724 2008.988293 1872.978158 1758.860035 1692.794084 1624.41191 1579.530967 1531.464595 1502.915153 1491.164626 1484.876593 1494.033155 1489.52562 1474.354867 1438.751712 1401.552006 1353.489308 1293.295331 1246.6199 1218.134368 1201.701577 1209.603218 1234.859871 1268.844708 1324.139846 1381.506255 1430.674904 1461.663072 1474.154536 -9999 -9999 -9999 -9999 -9999 -9999
-9999 -9999 -9999 3287.512406 3105.405755 2854.577341 2544.542578 2341.00538 2270.991253 2226.318114 2232.458011 2269.713015 2353.109272 2442.289519 2598.753221 2711.948347 2840.360646 2993.816928 3090.338758 3258.657042 3374.5986 3476.471837 3593.799729 3500.142461 3403.993105 3208.22088 2890.726005 2658.051328 2444.528015 2212.379095 2096.701828 1996.775514 1908.028134 1859.722638 1780.201469 1741.635209 1721.872947 1684.501929 1680.732299 1665.910433 1651.612418 1616.334937 1588.062306 1529.06011 1466.599511 1402.70832 1335.885006 1272.668964 1241.848256 1211.107342 1212.887717 1241.106163 1271.765459 1336.706092 1402.200693 1464.908203 1512.363776 1539.518625 1523.006164 -9999 -9999 -9999 -9999 -9999
-9999 -9999 3209.999629 2986.421963 2679.745287 2454.685592 2364.59112 2270.468126 2233.401802 2251.826687 2261.404193 2305.998989 2370.514273 2495.1814 2607.290158 2717.882204 2835.651206 2959.720682 3082.638839 3200.919986 3307.098836 3389.889787 3440.669624 3369.754347 3233.805436 3039.355983 2804.510252 2584.736776 2405.264654 2259.928069 2166.176478 2093.348004 2038.508511 1987.616835 1937.710426 1904.471992 1888.855681 1866.390504 1847.316693 1829.881724 1808.386896 1759.336043 1701.403764 1632.668793 1545.437281 1473.270197 1389.552939 1316.865328 1268.652451 1237.198357 1237.091454 1257.850589 1296.242595 1358.180869 1431.829473 1497.52915 1548.992677 1588.313384 1585.089421 1567.708319 -9999 -9999 -9999 -9999
-9999 -9999 2972.092684 2616.769749 2307.576308 2167.477738 2145.749531 2217.153141 2204.629023 2228.64273 2251.740306 2345.066397 2414.966189 2504.018644 2621.590186 2713.739507 2821.632458 2944.139777 3029.212112 3145.961388 3226.826274 3274.622845 3331.564008 3211.636078 3094.326435 2929.282233 2702.859152 2530.070956 2408.954501 2296.985834 2242.100142 2202.679566 2168.122772 2148.166541 2104.322291 2083.196505 2073.494201 2048.035414 2050.466394 2009.311438 1974.786945 1923.717965 1843.83638 1760.360809 1648.055398 1550.120467 1449.257712 1367.168953 1317.142591 1271.899726 1269.126005 1291.998952 1330.695078 1396.166639 1474.722407 1549.488477 1610.868905 1655.96705 1675.231686 1672.838499 -9999 -9999 -9999 -9999
3044.214882 2895.634678 2648.691362 2349.663375 2057.190819 1940.147742 2039.12186 2130.314315 2185.011912 2200.818696 2256.081296 2373.109193 2483.569564 2568.272124 2633.798794 2719.708152 2837.436521 2943.096665 3033.744031 3099.088806 3165.679284 3215.94878 3219.677367 3131.591961 2994.156306 2833.221831 2687.206703 2541.146003 2445.820629 2373.78497 2326.053845 2313.070662 2306.297552 2289.160655 2272.626981 2252.184994 2239.73454 2223.087487 2203.385014 2175.090365 2136.15899 2063.837708 1976.837983 1865.493387 1746.677418 1637.633516 1524.225313 1426.095509 1362.374706 1317.107812 1311.224872 1333.866554 1376.49521 1446.603839 1529.497963 1607.450924 1671.244639 1731.165527 1760.41236 1790.97401 -9999 -9999 -9999 -9999
2988.620186 2719.38338 2382.563415 2076.109111 1826.117492 1816.672827 1939.617044 2079.700785 2138.505736 2186.689107 2239.650506 2372.911865 2512.82195 2583.160507 2651.047291 2713.091719 2817.227212 2911.677617 2980.686148 3052.569462 3092.113493 3106.751526 3094.555287 3012.059883 2905.801327 2786.707497 2652.394568 2549.815626 2489.147311 2438.395097 2422.417238 2421.9336 2428.992716 2431.493758 2428.174742 2420.494097 2412.998752 2390.882815 2373.009689 2331.701534 2286.68386 2203.729616 2110.10379 1993.491765 1846.32539 1718.103146 1588.129035 1484.442072 1419.142489 1362.445587 1359.388039 1390.90876 1436.009223 1511.425592 1597.427977 1683.058221 1764.149987 1830.270275 1875.839679 1907.003531 1908.365103 -9999 -9999 -9999
2950.162639 2600.206951 2198.81057 1900.294108 1679.519796 1696.423614 1877.802725 2059.511427 2114.007036 2167.591485 2229.398107 2384.467506 2527.774641 2586.868748 2643.327548 2701.038318 2792.821647 2882.734637 2934.623592 2974.440059 2999.211941 3002.541333 2982.768348 2915.30873 2826.083374 2722.632536 2654.604246 2594.171696 2537.857949 2505.772247 2496.162766 2521.290871 2536.391484 2558.125614 2569.391526 2569.434672 2563.145571 2552.954916 2526.838433 2477.297019 2426.996352 2341.139749 2236.570739 2102.078418 1934.595171 1792.345165 1652.048758 1535.917516 1467.577217 1411.488754 1406.768825 1445.573008 1497.454776 1582.146286 1681.400969 1770.673802 1862.202181 1932.958909 1989.477823 2032.639028 2038.435863 2013.424992 1975.702553 -9999
