meets/meet004/data/CCSM_21k_neotropic_bio12.asc
NCOLS 154 
NROWS 168 
XLLCORNER -112 
YLLCORNER -55.5 
CELLSIZE 0.5 
NODATA_value -9999 
[rows 29 to 57 of 168, columns 64 to 127 of 154]
-9999 -9999 -9999 -9999 -9999 -9999 -9999 -9999 -9999 -9999 -9999 -9999 -9999 -9999 -9999 -9999 -9999 -9999 -9999 -9999 -9999 -9999 -9999 -9999 -9999 -9999 -9999 -9999 -9999 -9999 -9999 -9999 -9999 -9999 -9999 -9999 -9999 443.6524127 -9999 -9999 -9999 -9999 -9999 -9999 -9999 -9999 -9999 -9999 -9999 -9999 -9999 -9999 -9999 -9999 -9999 -9999 -9999 -9999 -9999 -9999 -9999 -9999 -9999 -9999
-9999 -9999 -9999 -9999 -9999 -9999 -9999 -9999 -9999 -9999 -9999 -9999 -9999 -9999 -9999 -9999 -9999 -9999 -9999 -9999 -9999 -9999 -9999 -9999 -9999 -9999 -9999 -9999 -9999 -9999 -9999 -9999 -9999 -9999 -9999 -9999 -9999 455.1575043 -9999 -9999 -9999 -9999 -9999 -9999 -9999 -9999 -9999 -9999 -9999 -9999 -9999 -9999 -9999 -9999 -9999 -9999 -9999 -9999 -9999 -9999 -9999 -9999 -9999 -9999
-9999 -9999 -9999 -9999 -9999 -9999 -9999 -9999 -9999 -9999 -9999 -9999 -9999 -9999 -9999 -9999 -9999 -9999 -9999 -9999 -9999 -9999 -9999 -9999 -9999 -9999 -9999 -9999 -9999 -9999 -9999 -9999 -9999 -9999 -9999 -9999 -9999 -9999 -9999 -9999 -9999 -9999 -9999 -9999 -9999 -9999 -9999 -9999 -9999 -9999 -9999 -9999 -9999 -9999 -9999 -9999 -9999 -9999 -9999 -9999 -9999 -9999 -9999 -9999
-9999 -9999 -9999 -9999 -9999 -9999 -9999 -9999 -9999 -9999 -9999 -9999 -9999 -9999 -9999 -9999 236.5632085 -9999 -9999 -9999 -9999 -9999 -9999 -9999 -9999 -9999 -9999 -9999 -9999 -9999 -9999 -9999 -9999 -9999 -9999 -9999 473.4382801 -9999 -9999 -9999 -9999 -9999 -9999 -9999 -9999 -9999 -9999 -9999 -9999 -9999 -9999 -9999 -9999 -9999 -9999 -9999 -9999 -9999 -9999 -9999 -9999 -9999 -9999 -9999
-9999 -9999 -9999 -9999 -9999 -9999 -9999 -9999 -9999 -9999 -9999 -9999 -9999 -9999 276.2533276 294.4962323 340.1119544 -9999 -9999 -9999 -9999 -9999 -9999 -9999 -9999 -9999 -9999 -9999 -9999 -9999 -9999 -9999 -9999 -9999 -9999 -9999 -9999 -9999 -9999 -9999 -9999 -9999 -9999 -9999 -9999 -9999 -9999 -9999 -9999 -9999 -9999 -9999 -9999 -9999 -9999 -9999 -9999 -9999 -9999 -9999 -9999 -9999 -9999 -9999
-9999 -9999 -9999 -9999 -9999 -9999 -9999 -9999 -9999 -9999 332.4677722 338.6613311 348.9634982 372.3126023 394.1315628 412.9242796 -9999 -9999 532.7020896 547.6174194 555.3636765 552.4052117 524.5199818 -9999 -9999 -9999 -9999 -9999 -9999 -9999 -9999 -9999 -9999 -9999 -9999 -9999 -9999 -9999 -9999 -9999 -9999 -9999 -9999 -9999 -9999 -9999 -9999 -9999 -9999 -9999 -9999 -9999 -9999 -9999 -9999 -9999 -9999 -9999 -9999 -9999 -9999 -9999 -9999 -9999
-9999 -9999 -9999 -9999 -9999 -9999 -9999 -9999 -9999 529.9889394 507.0447954 523.7609896 506.4087201 523.8290598 538.3403881 545.9817966 614.4856198 609.5388177 651.2029374 685.7478916 686.9415687 669.053109 641.0137653 611.060783 -9999 -9999 -9999 -9999 -9999 -9999 -9999 -9999 -9999 -9999 -9999 -9999 -9999 -9999 -9999 -9999 -9999 -9999 -9999 -9999 -9999 -9999 -9999 -9999 -9999 -9999 -9999 -9999 -9999 -9999 -9999 -9999 -9999 -9999 -9999 -9999 -9999 -9999 -9999 -9999
-9999 -9999 -9999 -9999 -9999 -9999 -9999 -9999 -9999 728.9773931 701.9524298 668.6646956 657.7742046 640.5811915 660.5942822 667.906633 667.7918962 710.6067818 725.6450109 751.5777236 749.2697318 738.8604915 692.5216819 630.4100252 586.2841473 545.4800266 485.4217685 442.4395261 428.7396097 390.9799123 393.6392413 430.1421715 453.2689447 519.8356112 570.515555 -9999 -9999 -9999 -9999 -9999 -9999 -9999 -9999 -9999 -9999 -9999 -9999 -9999 -9999 -9999 -9999 -9999 -9999 -9999 -9999 -9999 -9999 -9999 -9999 -9999 -9999 -9999 -9999 -9999
-9999 -9999 -9999 -9999 -9999 -9999 -9999 -9999 -9999 1043.233168 929.4082519 882.6856527 789.3414283 788.5542782 756.5246509 757.2881804 763.2833019 792.8956167 784.4410071 829.2415733 820.0527754 781.0419987 761.6236615 691.2373082 629.5159389 585.9028363 558.0645748 501.5497519 497.7512446 454.6871476 449.340531 480.1906356 492.4233562 547.6485852 600.2393637 638.8714224 682.0117652 -9999 -9999 -9999 -9999 -9999 -9999 -9999 -9999 -9999 -9999 -9999 -9999 -9999 -9999 -9999 -9999 -9999 -9999 -9999 -9999 -9999 -9999 -9999 -9999 -9999 -9999 -9999
1669.698311 1719.949865 1788.219833 1798.22959 -9999 -9999 -9999 -9999 1470.739311 1327.863053 1208.77245 1071.335526 962.6138607 894.1795383 857.1395091 851.2451035 853.5332566 874.6246438 901.8607614 927.4055788 914.8405641 854.7515535 816.2753139 733.7495983 682.1319531 635.9405002 582.1139244 545.5993517 507.7803945 500.0006097 497.0480823 497.2003491 521.1798953 560.3282136 605.1089636 643.6514787 689.1721609 716.6450423 -9999 -9999 -9999 -9999 -9999 -9999 -9999 -9999 -9999 -9999 -9999 -9999 -9999 -9999 -9999 -9999 -9999 -9999 -9999 -9999 -9999 -9999 -9999 -9999 -9999 -9999
2088.945885 -9999 -9999 2446.598829 2450.246995 2457.04794 2412.334655 2172.907831 2050.004031 1768.183744 1505.793283 1316.941441 1134.038568 1072.805262 987.5738887 1049.140811 1089.085934 1098.819381 1129.389821 1159.960349 1091.141509 1026.022689 954.7988356 870.0066119 799.2746318 713.006028 643.9340229 598.1015658 577.7388669 548.5149475 546.780645 552.0363537 565.0784493 592.173653 636.483463 668.7727941 718.9473693 756.5917183 -9999 -9999 -9999 -9999 -9999 -9999 -9999 -9999 -9999 -9999 -9999 -9999 -9999 -9999 -9999 -9999 -9999 -9999 -9999 -9999 -9999 -9999 -9999 -9999 -9999 -9999
-9999 -9999 -9999 2960.813344 3139.302465 3173.168132 3011.517988 2829.509193 2562.188603 2171.695691 1892.539876 1564.714495 1325.350443 1232.506103 1196.748672 1242.751317 1291.250183 1339.265105 1373.704265 1418.882734 1365.551516 1217.747328 1137.559872 1052.338537 953.0701054 870.6261433 762.7146218 696.8060851 658.3252863 630.0174286 616.3685607 610.8444152 611.2536133 634.0548044 667.9594656 710.0710116 742.6107851 783.0388684 818.896604 852.1941923 837.8298031 -9999 -9999 -9999 -9999 -9999 -9999 -9999 -9999 -9999 -9999 -9999 -9999 -9999 -9999 -9999 -9999 -9999 -9999 -9999 -9999 -9999 -9999 -9999
-9999 -9999 -9999 3623.014185 3779.113991 3811.333224 3737.53627 3518.449577 3079.764689 2575.075112 2171.110685 1840.857571 1537.2992 1450.169556 1383.856374 1527.723775 1642.153745 1748.518083 1768.761975 1726.77049 1657.745222 1603.911005 1477.927747 1360.697093 1231.590035 1051.281755 961.1421795 854.4967257 791.6390929 727.0022165 705.2806756 708.7011418 705.5625334 725.2002623 740.8498344 766.8970033 804.3749429 846.7392025 880.5155041 910.3320854 914.2271866 912.5305678 -9999 -9999 -9999 -9999 -9999 -9999 -9999 -9999 -9999 -9999 -9999 -9999 -9999 -9999 -9999 -9999 -9999 -9999 -9999 -9999 -9999 -9999
-9999 -9999 -9999 -9999 4351.82212 4468.016489 4204.563578 4002.638008 3514.049627 2872.554722 2411.729189 2001.731677 1690.443891 1652.982062 1661.74236 1808.485752 2023.941547 2223.473436 2128.971019 2082.15678 2003.601458 1921.214965 1852.992922 1673.439958 1506.805064 1343.333232 1138.35766 1014.941523 935.339804 849.9842757 818.5726909 802.1853109 809.5466078 816.7242874 834.7626468 862.5692426 890.9670056 907.8929997 946.564486 983.5702177 998.9313855 993.8527266 983.7203051 -9999 -9999 -9999 -9999 -9999 -9999 -9999 -9999 -9999 -9999 -9999 -9999 -9999 -9999 -9999 -9999 -9999 -9999 -9999 -9999 -9999
-9999 -9999 -9999 -9999 -9999 4903.358665 4578.75921 4248.320698 3607.223767 2962.220411 2500.352788 2122.943664 1835.12976 1837.578682 1889.231217 2110.143796 2350.448206 2562.565887 2564.832175 2482.883238 2428.731526 2405.666606 2284.304335 2103.535163 1899.024047 1655.340338 1429.802987 1216.68097 1095.946238 983.0163514 935.5633495 923.3461922 909.1102187 925.8189007 932.7642377 948.0204953 975.1004973 1002.295795 1043.746669 1071.704591 1090.136851 1107.499348 1081.042514 1059.921607 -9999 -9999 -9999 -9999 -9999 -9999 -9999 -9999 -9999 -9999 -9999 -9999 -9999 -9999 -9999 -9999 -9999 -9999 -9999 -9999
-9999 -9999 -9999 -9999 -9999 5249.884899 4769.178604 4286.01933 3686.159692 2974.144671 2446.676654 2113.89703 1877.215475 1920.699017 2084.532811 2315.789424 2563.29224 2790.195747 2803.819011 2840.742276 2858.374478 2761.133091 2760.889493 2508.800892 2236.669248 1966.250446 1648.784381 1400.907133 1246.328552 1095.5437 1029.962927 998.40757 989.4143361 993.5625712 997.2449254 1008.024402 1038.271797 1063.244185 1115.960582 1169.386744 1213.693833 1214.535724 1194.098756 1151.119865 1118.318811 -9999 -9999 -9999 -9999 -9999 -9999 -9999 -9999 -9999 -9999 -9999 -9999 -9999 -9999 -9999 -9999 -9999 -9999 -9999
-9999 -9999 -9999 -9999 -9999 5393.257349 4866.562863 4214.517987 3528.437474 2846.6264 2427.123898 2149.225331 1989.515059 2095.292531 2289.210013 2523.004278 2754.104556 2924.219758 3075.120395 3169.020197 3239.469583 3192.096246 3153.968999 2916.89435 2596.505599 2265.368205 1937.939609 1618.326458 1422.120756 1235.644464 1152.250777 1109.591149 1079.387426 1068.587796 1058.013637 1049.13055 1077.986492 1105.892132 1181.077797 1251.936203 1301.690059 1312.792262 1311.67376 1275.546119 1223.711011 1172.058141 1131.540253 1098.699901 1075.284205 1062.863973 1055.281723 1047.994287 -9999 -9999 -9999 -9999 -9999 -9999 -9999 -9999 -9999 -9999 -9999 -9999
-9999 -9999 -9999 -9999 -9999 5475.426515 4779.004383 4015.977446 3341.136888 2708.93412 2277.765065 2121.846458 2031.836834 2189.243734 2339.218293 2580.819439 2777.577863 2954.748687 3132.237444 3400.066471 3506.884122 3546.807046 3590.759604 3324.1216 2979.014613 2624.805335 2168.746424 1818.948575 1573.798069 1341.958653 1251.187104 1172.216279 1132.297813 1091.061671 1075.851799 1053.777787 1057.446 1086.59749 1183.969069 1292.651765 1358.352619 1394.39598 1406.976663 1348.997823 1297.304875 1258.15883 1213.199815 1180.478523 1145.489033 1139.153667 1122.132077 1110.069554 1110.390968 1115.64296 1122.17833 -9999 -9999 -9999 -9999 -9999 -9999 -9999 -9999 -9999
-9999 -9999 -9999 -9999 -9999 5324.933164 4599.574679 3829.74352 3183.023721 2562.570901 2259.258394 2131.769358 2119.239499 2247.14478 2452.923565 2613.78237 2793.664277 2968.127831 3214.971713 3515.756923 3743.970242 3818.099307 3906.828435 3673.86039 3341.501098 2954.739263 2495.9333 2065.928346 1757.565704 1481.648165 1349.00977 1249.860946 1183.816569 1135.610529 1087.338738 1054.83487 1075.180818 1084.105098 1176.680112 1289.900905 1373.365162 1426.957539 1455.691823 1431.881795 1368.540182 1312.960448 1270.682987 1230.894026 1198.239405 1184.723791 1175.06876 1158.738131 1168.040773 1177.095253 1192.002923 1202.769122 -9999 -9999 -9999 -9999 -9999 -9999 -9999 -9999
-9999 -9999 -9999 -9999 -9999 5056.695333 4294.333811 3505.352423 2982.856206 2443.891925 2166.115128 2100.476143 2145.774143 2294.34639 2428.164268 2587.906923 2783.119045 2916.394236 3173.929969 3516.748843 3756.274703 4027.311014 4165.122681 3988.692907 3666.138935 3251.287681 2689.069784 2268.604958 1943.78337 1579.781072 1448.300097 1314.118993 1235.385478 1168.867458 1116.198597 1080.170155 1086.201066 1082.698598 1165.161911 1278.965111 1357.707148 1439.288809 1486.293459 1455.935426 1414.702981 1372.487092 1333.332512 1281.226122 1251.63314 1214.102079 1208.217428 1187.991918 1196.738671 1202.540032 1231.523743 1246.578285 1254.494182 1255.64692 -9999 -9999 -9999 -9999 -9999 -9999
-9999 -9999 -9999 -9999 -9999 4580.469677 3944.447365 3258.247998 2770.120992 2353.695006 2205.008219 2175.220518 2239.850361 2322.810246 2420.408343 2514.919417 2706.706443 2856.866601 3142.323912 3474.291047 3752.39126 4019.786062 4191.993634 4080.284249 3847.406674 3472.485739 2922.476251 2441.726144 2035.902423 1700.72063 1530.783215 1374.630401 1273.748827 1208.879785 1174.787461 1143.487918 1115.929709 1140.81302 1190.520721 1274.891318 1344.096656 1419.758941 1476.60298 1472.676276 1469.709541 1421.859416 1365.363435 1320.599882 1276.425356 1237.658524 1221.115727 1206.25906 1203.007341 1219.916922 1246.78968 1274.463022 1302.029701 1311.230585 -9999 -9999 -9999 -9999 -9999 -9999
-9999 -9999 -9999 -9999 -9999 4239.379337 3585.591151 2988.175333 2607.963579 2331.564424 2189.887786 2180.050516 2272.383853 2310.004108 2354.650473 2444.691838 2626.766334 2786.073081 3043.561707 3379.914903 3642.235818 3987.797116 4161.336641 4119.890622 3861.263956 3528.451434 2965.750543 2494.822578 2111.510595 1773.066303 1602.764581 1454.796926 1328.878352 1298.687773 1262.456731 1245.084715 1212.054832 1212.74869 1262.251244 1325.959795 1374.196191 1457.716082 1481.37619 1510.029927 1506.96328 1470.784033 1411.453942 1360.345905 1316.331101 1269.589698 1248.911432 1230.334689 1221.75525 1247.506868 1282.105987 1306.81423 1352.081356 1373.585302 -9999 -9999 -9999 -9999 -9999 -9999
-9999 -9999 -9999 -9999 -9999 3565.362488 3216.053887 2777.279003 2529.76036 2375.834097 2308.161955 2243.576758 2270.82443 2327.224443 2346.894234 2421.716975 2613.801907 2746.890339 3011.947797 3283.798884 3515.830979 3801.264732 3962.192506 3929.007792 3752.141377 3447.010836 2981.019585 2555.291602 2179.651664 1858.156931 1699.197317 1558.712969 1449.844949 1400.926052 1377.442152 1364.331337 1345.744865 1382.163696 1406.124305 1454.491592 1481.835113 1528.766655 1565.662296 1561.312175 1564.882542 1512.251493 1440.315115 1385.457566 1323.334612 1278.679032 1261.307876 1245.797059 1244.780912 1264.227275 1295.580285 1332.473469 1370.350774 1402.157855 -9999 -9999 -9999 -9999 -9999 -9999
-9999 -9999 -9999 3432.616837 3262.490008 3135.765954 2822.267514 2588.556107 2509.412631 2410.576919 2334.563756 2262.613909 2288.162762 2316.681774 2355.657062 2435.568584 2606.185838 2734.916984 2935.986942 3211.725654 3398.086433 3646.633645 3816.547206 3749.392243 3567.077996 3301.98825 2858.883783 2517.687032 2251.655434 1910.847698 1790.933388 1666.731261 1588.42301 1557.725275 1515.49537 1511.292804 1545.706959 1541.964098 1571.271065 1622.783716 1637.265853 1666.180132 1664.4041 1649.303667 1627.247923 1571.141539 1500.563367 1419.279742 1362.512312 1301.469457 1280.579601 1271.628084 1264.587981 1305.534118 1328.230932 1365.900457 1416.622852 1444.825085 1446.952125 -9999 -9999 -9999 -9999 -9999
-9999 -9999 3243.988056 3134.795074 2874.33687 2741.006144 2685.385487 2623.607579 2516.659882 2444.048674 2374.20758 2322.534071 2259.076118 2335.028943 2395.387019 2475.940282 2601.952887 2752.657143 2956.855289 3161.579253 3327.967209 3518.715047 3628.409727 3553.672186 3374.615316 3129.198393 2795.719527 2463.006492 2209.853953 1969.192831 1867.474038 1792.195477 1714.176286 1700.467481 1661.60922 1656.472872 1693.749988 1704.944163 1739.239184 1769.142559 1765.445338 1787.724542 1781.394776 1771.374859 1714.061539 1635.259978 1551.348813 1465.158889 1389.047438 1333.728557 1314.375374 1301.267743 1307.810752 1334.107227 1368.00327 1411.811437 1451.488482 1487.724294 1517.349529 1544.449497 -9999 -9999 -9999 -9999
-9999 -9999 2915.718087 2726.282407 2494.621878 2468.825884 2501.799474 2618.680748 2508.730342 2410.385518 2335.820283 2310.13785 2299.955813 2361.623192 2424.24019 2503.309448 2648.907465 2765.513711 2911.889851 3110.170628 3228.07606 3359.899387 3466.156209 3333.399315 3188.346785 2989.538139 2652.41441 2402.431673 2260.203472 2030.887851 1966.037042 1924.16372 1864.163894 1880.916442 1833.879674 1838.483115 1890.176335 1873.559207 1932.672006 1940.303311 1939.756579 1987.014773 1920.770421 1892.41147 1820.56426 1723.589829 1628.617133 1522.893591 1453.503267 1378.604067 1358.34191 1348.431882 1353.962729 1397.053422 1424.565266 1468.231284 1517.873867 1546.380913 1576.535478 1620.779882 -9999 -9999 -9999 -9999
2888.166961 2813.97205 2582.266137 2445.194193 2252.046753 2229.180846 2361.158692 2503.443962 2474.633904 2353.052872 2311.468354 2364.928872 2351.400266 2420.288357 2494.197502 2550.928042 2675.768934 2807.180232 2934.460333 3031.143988 3162.663404 3242.5269 3288.347224 3180.416044 3023.333953 2813.520796 2611.20515 2394.241031 2238.186222 2119.811146 2036.269954 2015.491653 1997.793336 1992.711081 1996.536141 1997.855716 2013.464427 2029.59827 2070.673549 2106.587916 2093.564386 2090.425076 2059.577335 2015.889169 1930.167365 1821.18064 1704.641763 1593.421598 1504.83399 1438.426102 1408.776499 1401.738781 1408.978538 1446.679863 1486.010701 1536.498402 1572.435805 1613.023958 1671.955215 1688.961212 -9999 -9999 -9999 -9999
2772.353911 2572.221158 2303.163423 2132.332433 1997.350275 2067.111688 2235.435769 2400.559635 2371.392491 2297.058254 2275.218989 2298.418681 2378.376022 2463.615099 2520.967611 2584.257506 2716.613901 2815.565813 2892.981094 2992.590432 3040.711497 3084.669452 3079.648358 2973.678904 2861.813995 2718.941933 2490.631671 2348.503213 2261.874887 2140.717355 2122.303863 2106.848916 2123.235936 2128.737329 2127.936174 2140.905321 2193.300737 2206.011905 2223.523974 2243.092938 2235.651135 2266.216832 2213.0422 2139.070062 2038.060016 1909.130217 1794.27161 1671.72523 1579.492548 1490.991178 1467.281877 1463.405064 1478.10084 1524.277086 1552.922473 1603.732779 1654.470277 1689.099739 1739.959196 1784.710932 1789.125133 -9999 -9999 -9999
2633.503751 2431.264537 2142.863551 1918.328852 1802.167338 1925.905981 2139.365371 2306.711445 2293.922293 2248.519588 2190.973703 2302.253001 2412.724223 2481.422094 2554.714778 2617.314601 2709.966538 2790.861635 2851.472235 2885.260871 2938.272168 2937.88423 2929.209899 2853.25781 2719.144414 2582.648791 2461.98953 2365.817593 2265.094166 2195.161116 2161.79981 2188.665257 2189.124282 2218.417796 2264.12879 2272.794877 2318.44014 2332.286878 2362.917289 2399.234177 2378.837762 2397.09463 2327.262747 2247.505556 2138.825957 2000.529334 1873.701322 1732.585867 1644.142988 1556.247191 1525.28253 1523.015848 1538.513433 1586.179311 1625.278751 1678.265167 1727.425792 1765.030582 1801.166351 1848.541886 1883.234214 1927.135751 1937.219621 -9999
