meets/meet004/data/CCSM_6k_neotropic_bio13.asc
NCOLS 154 
NROWS 168 
XLLCORNER -112 
YLLCORNER -55.5 
CELLSIZE 0.5 
NODATA_value -9999 
[rows 87 to 115 of 168, columns 64 to 127 of 154]
-9999 -9999 -9999 -9999 -9999 -9999 -9999 -9999 -9999 109.9547154 158.8121528 217.9925044 264.9782733 306.6345406 337.882911 349.9288309 331.8707944 353.8998828 379.393871 391.8517943 398.9456393 406.3219008 413.3627254 397.5898782 370.0627809 337.0718955 290.6718332 241.0899615 210.751083 187.1556595 176.3587052 169.7734522 173.2855557 175.9500069 178.8331213 183.7089151 189.10939 194.3455475 199.1535553 202.6771506 206.3671314 209.5865997 211.9474094 215.3084884 217.6907645 221.1379938 225.5014397 231.5763866 240.2017308 246.8075797 250.7725275 251.7044341 250.615709 250.5535833 249.3407332 249.8312028 251.950514 252.6104323 252.8856026 250.4524973 244.9468459 237.3414262 227.9355189 217.5549393
-9999 -9999 -9999 -9999 -9999 -9999 -9999 -9999 -9999 -9999 -9999 143.390434 191.2974045 238.4897226 304.5394558 335.4749947 329.856213 313.424015 316.5995406 333.3578568 350.9498505 368.6398855 402.0439417 420.7539773 433.299589 405.3531623 349.9838454 302.6677376 266.8162136 225.572545 198.1748701 183.1760685 172.0941128 172.4725849 174.116743 176.4974211 180.5462837 185.0828101 190.3164073 194.1097522 198.0153406 201.4297562 203.6568165 207.8699569 210.9334269 215.0904318 221.7679701 229.3989454 238.905962 247.0778321 251.6894625 253.2640561 252.8452492 253.118633 252.1075333 252.7939319 254.5908058 254.2950505 251.9673192 247.6387948 240.8986147 231.8221864 221.4180623 211.1995346
-9999 -9999 -9999 -9999 -9999 -9999 -9999 -9999 -9999 -9999 -9999 -9999 -9999 171.8897034 223.4871723 277.2441175 317.2861697 345.5129739 322.3930927 304.6274732 309.3517606 345.2234602 369.2713735 407.0510688 459.2783034 463.0967952 415.0661837 373.4404053 324.2526414 266.8029329 232.1723391 205.7632866 182.9691551 174.7687513 168.4930832 170.0291457 173.3542514 177.986704 183.8359498 189.2089338 193.6072338 196.8221901 199.9671268 204.1460201 208.8562971 214.8857461 221.7126323 229.609212 237.7990175 245.2753862 251.6178 254.8655587 256.7337138 258.7253149 259.0324845 258.6961905 258.2227052 255.9339929 250.906774 244.0235621 235.247898 226.4092727 215.8379435 205.8014081
-9999 -9999 -9999 -9999 -9999 -9999 -9999 -9999 -9999 -9999 -9999 -9999 -9999 -9999 -9999 195.4849858 258.070866 311.009612 305.3082472 297.0374002 299.3806636 302.7150888 325.8383418 373.4448667 436.330555 461.7831196 449.6958493 428.2686138 372.8643523 317.0574414 273.7288485 235.1271649 196.4140852 179.4797469 166.676468 164.9942654 168.1393663 173.2766828 178.8723388 184.5756574 189.1291138 192.7205845 196.452199 201.2616152 208.2330947 215.2821229 221.3233088 228.1781157 234.7345877 242.4879019 250.2923596 257.3181272 262.596786 265.2578686 265.269975 263.6725818 260.3742567 256.2744391 249.4099759 241.0869229 231.6330499 222.0005998 211.5817026 203.2393907
-9999 -9999 -9999 -9999 -9999 -9999 -9999 -9999 -9999 -9999 -9999 -9999 -9999 -9999 -9999 -9999 -9999 212.2338323 256.297921 288.6172514 296.5400974 279.8619454 278.9303521 320.1631751 363.8602748 402.8965764 436.0470094 457.7923619 419.0956715 379.5229578 323.680777 262.4109834 213.2191357 187.8124581 165.7020696 163.2940881 166.031383 170.0184124 175.5654424 181.7789819 186.6868346 189.701872 194.1821815 199.9735477 206.3262338 213.2501029 219.4916579 225.7159016 232.1242444 238.1588482 247.8490154 260.8832235 271.4133397 271.5314419 270.2145395 266.330814 260.5961746 255.3547109 247.3980229 239.2985853 229.7854831 221.6838523 214.5100506 207.3185465
-9999 -9999 -9999 -9999 -9999 -9999 -9999 -9999 -9999 -9999 -9999 -9999 -9999 -9999 -9999 -9999 -9999 132.5580444 189.9408322 241.8986617 260.3356665 253.6338702 253.1048422 274.4195226 301.5090537 341.3173067 385.3694444 413.2474405 411.9409962 395.1616545 347.8137411 285.4044089 230.4063657 198.4221839 169.2702587 163.2148189 164.2156016 167.4562177 172.5851278 178.1136287 182.3353182 187.4049869 192.8748293 199.1906236 205.8965992 211.8248543 218.1884075 224.6073324 231.5803714 238.7169116 248.9766259 261.7443362 271.4490411 271.4348405 268.0934363 263.0602194 257.5399767 252.1376613 246.1842372 238.9045036 232.7499008 225.5176321 218.7406371 212.4126604
-9999 -9999 -9999 -9999 -9999 -9999 -9999 -9999 -9999 -9999 -9999 -9999 -9999 -9999 -9999 -9999 -9999 -9999 -9999 173.2040529 211.2881713 230.2652519 241.2364156 247.2721079 249.7669151 280.8739042 328.8311441 354.3566031 374.302883 382.8018984 351.5143737 292.7897532 245.8781873 207.1882216 172.3404979 163.7191199 162.5017835 164.6475575 169.6822901 175.3288515 179.8288647 185.925154 191.4843485 198.0282368 205.5818965 212.0625458 219.8323284 226.1372932 233.2621695 241.7671924 251.218578 260.7105973 267.8764521 265.7291991 263.4441116 260.9354137 256.5674251 252.3651719 247.0271338 241.0932673 235.3915131 228.7101571 224.1477914 218.3519278
-9999 -9999 -9999 -9999 -9999 -9999 -9999 -9999 -9999 -9999 -9999 -9999 -9999 -9999 -9999 -9999 -9999 -9999 -9999 116.0093956 161.9225958 204.3610278 225.891452 229.5173641 225.3246917 239.0221983 277.1063844 318.8121931 349.1269392 367.5667353 351.5230176 306.0915088 259.2686872 213.7103559 179.8918334 166.1764678 161.8350206 161.8563071 166.49085 171.7360195 176.8716553 183.4804011 190.1971497 197.5103256 205.4332634 212.2084738 220.3838009 227.9036073 235.5756878 243.3520769 250.8452151 256.180562 259.2354035 260.3339331 259.6445516 257.5967861 254.5077544 251.1307801 246.8317506 242.5084727 238.2541351 233.2802766 228.6596636 224.5689024
-9999 -9999 -9999 -9999 -9999 -9999 -9999 -9999 -9999 -9999 -9999 -9999 -9999 -9999 -9999 -9999 -9999 -9999 -9999 -9999 117.8039904 176.3699814 217.8929848 215.8642005 215.2125987 222.4832946 250.8507792 289.9557533 330.4969194 359.4467569 348.5845025 311.2536341 267.3339906 224.2886179 183.2853479 167.0220229 160.0609202 158.6960758 162.804726 167.947978 173.5023656 181.6143033 188.6611414 196.3669627 204.8025872 211.9225536 220.8951116 229.3530793 236.5339844 244.2529204 249.4175446 252.3271739 254.3962308 254.7373298 254.0891618 252.750229 251.2054956 249.4748386 246.4942783 243.9025642 240.4298614 236.5895399 232.996081 230.4062088
-9999 -9999 -9999 -9999 -9999 -9999 -9999 -9999 -9999 -9999 -9999 -9999 -9999 -9999 -9999 -9999 -9999 -9999 -9999 -9999 94.64670137 156.2066654 200.3564092 209.1074642 211.6453356 221.1824545 238.3106592 279.5317202 319.4649619 349.3385205 348.527044 320.5893532 285.2509494 237.3212582 194.8435096 170.3524747 160.3320432 156.7697449 160.7268505 165.4314629 171.40743 179.3732656 187.3254238 195.0907042 203.2889651 210.5706056 219.8670074 228.6445971 236.2154656 243.366751 247.1522001 248.7135517 249.5615454 250.0355814 249.7004882 249.2741567 248.5236507 248.0297413 246.6900378 245.2182097 243.5769319 241.522416 239.0496698 236.2711282
-9999 -9999 -9999 -9999 -9999 -9999 -9999 -9999 -9999 -9999 -9999 -9999 -9999 -9999 -9999 -9999 -9999 -9999 -9999 -9999 80.50251194 145.8888337 195.9175183 210.6660184 214.2513376 224.6444648 242.7966213 280.9529472 321.1641316 359.9983634 363.3498507 333.3964528 300.5949439 253.6513082 200.8613536 174.4910748 160.4704748 154.3007297 157.9564105 163.114617 169.2641551 178.0075176 186.0675827 192.479895 200.5314111 207.7600527 217.9966846 226.8803921 233.4362712 240.8645991 244.4414181 245.9507451 245.9164989 246.213173 246.7411971 246.5917328 246.3622382 247.1599713 247.3269722 247.0858701 246.3935812 245.4890134 245.3225651 241.6609571
-9999 -9999 -9999 -9999 -9999 -9999 -9999 -9999 -9999 -9999 -9999 -9999 -9999 -9999 -9999 -9999 -9999 -9999 -9999 -9999 80.54493605 149.4831528 204.6080618 220.7940561 225.1019327 235.5859048 253.779984 288.5918506 331.2496835 367.6764478 374.5327924 350.3590645 311.3006901 259.7535016 210.0208752 180.8466598 164.673647 155.6617897 156.8641453 160.8072187 166.8579816 174.7493941 182.3226836 189.6054814 196.8590902 203.8528099 213.1193194 222.1149164 229.6162687 236.0284542 239.4423555 241.4341616 242.5240638 243.0711864 243.4085021 243.789064 244.6919366 245.6544032 246.9588452 247.9758707 248.4522261 247.9154656 246.7055818 244.2627073
-9999 -9999 -9999 -9999 -9999 -9999 -9999 -9999 -9999 -9999 -9999 -9999 -9999 -9999 -9999 -9999 -9999 -9999 -9999 -9999 80.54401688 158.552359 229.1399349 234.4309558 235.2941108 244.3548118 263.0686252 297.292634 342.187137 381.5091547 390.458789 361.1609391 317.8152685 265.1672103 211.5108552 181.8473986 165.5895405 158.3564772 159.2090959 161.8354368 166.166645 172.2244688 178.785884 184.8986297 192.0898289 198.4771688 207.351485 216.5099345 223.2279331 229.9635177 233.9425887 236.84183 239.3552024 240.2362818 240.6277282 241.0018352 242.4112085 243.8962114 245.9919502 248.3549387 249.616378 248.703888 247.5603882 245.4558514
-9999 -9999 -9999 -9999 -9999 -9999 -9999 -9999 -9999 -9999 -9999 -9999 -9999 -9999 -9999 -9999 -9999 -9999 -9999 -9999 85.51494614 164.6203331 230.1743671 240.6046272 238.2543498 249.642526 269.934785 304.3157094 351.1726371 385.6417812 389.588167 361.563282 319.1734276 265.6185397 214.0622474 185.0737372 169.6236308 161.2227621 162.0686855 164.3687531 168.4816558 173.6812975 178.3656802 182.0319968 186.8608788 192.7393636 200.919608 209.9214964 217.0923369 223.1415515 228.7590316 233.4937046 237.4575498 239.6752564 240.9254762 241.3601738 240.7666474 241.603694 244.2752459 246.8281177 248.2541192 248.1942426 247.3656148 246.0100225
-9999 -9999 -9999 -9999 -9999 -9999 -9999 -9999 -9999 -9999 -9999 -9999 -9999 -9999 -9999 -9999 -9999 -9999 -9999 -9999 84.08805495 166.1546192 239.5559077 244.0656237 235.4479665 248.6722835 274.3892633 308.8394848 355.1195336 388.0060397 390.6553822 357.5721369 314.8453329 263.9308242 210.343519 183.6428069 169.9847595 163.2711407 164.5255558 166.5256345 170.4293777 175.8427 180.3925052 183.4383066 186.1934009 188.2599206 194.7905199 203.4848153 210.7744059 217.5223514 223.7522525 229.5124893 234.7831737 237.3287853 239.884648 240.8987141 240.4730206 240.9918767 242.9174954 244.4996188 245.6161602 245.8417696 245.9338839 244.9837954
-9999 -9999 -9999 -9999 -9999 -9999 -9999 -9999 -9999 -9999 -9999 -9999 -9999 -9999 -9999 -9999 -9999 -9999 -9999 31.69450216 81.73381324 157.7340785 221.1375723 235.0864065 228.8869475 248.5653927 280.1958927 317.6178368 358.9628198 381.1745951 378.4984525 347.7575324 305.3171885 255.2079439 209.3219423 184.6657733 171.980273 165.3439148 166.3443621 168.6510203 172.438505 177.3685742 182.2316927 185.5255634 188.2103193 190.0003953 192.498193 196.2936106 204.4317622 211.4322841 218.428568 224.7891659 229.7231097 233.8603336 236.7506578 238.8350588 240.2417572 241.8828089 243.8672183 246.1060456 246.0228871 243.5363418 242.7453704 242.6105455
-9999 -9999 -9999 -9999 -9999 -9999 -9999 -9999 -9999 -9999 -9999 -9999 -9999 -9999 -9999 -9999 -9999 -9999 -9999 29.17978157 75.19969798 145.8827505 206.6478303 222.4097147 222.8113622 245.9653488 287.7810857 327.5379503 364.070616 390.0214028 373.0749687 337.3151144 292.9515948 249.2804684 204.2823699 183.2034493 172.1460135 167.3172367 168.466454 170.4603631 174.1255321 179.550889 184.3650807 187.4064135 190.4021018 191.993046 194.1163616 195.8367023 199.4987804 206.7032101 213.6880747 220.3201821 225.3791892 230.0628207 233.5763746 236.2656469 238.4199031 240.7416214 242.3320415 244.874937 245.3165986 243.0856943 241.1622539 238.5816645
-9999 -9999 -9999 -9999 -9999 -9999 -9999 -9999 -9999 -9999 -9999 -9999 -9999 -9999 -9999 -9999 -9999 -9999 -9999 28.74508477 69.42535498 131.1641421 183.1126134 202.6441069 211.462435 246.9069682 301.2523076 347.978489 376.759614 395.3463455 371.2564586 329.1797482 286.1483707 240.8979099 203.6302718 183.1179106 175.0039296 169.9262612 170.6176268 172.4644265 176.0097121 181.0634884 185.955849 189.6131897 192.6946476 194.4195327 195.7518288 197.1115755 198.1824803 203.3391571 210.6496394 217.2658681 223.0747757 227.5619106 231.2478865 233.898815 235.543005 237.3799294 238.6261008 239.5712731 240.4402332 240.9867235 240.0494262 235.5725093
-9999 -9999 -9999 -9999 -9999 -9999 -9999 -9999 -9999 -9999 -9999 -9999 -9999 -9999 -9999 -9999 -9999 -9999 -9999 28.19311159 65.18793144 118.0789844 163.1647505 183.7839311 199.4562755 245.7672624 318.2919826 375.8322784 397.9984637 413.0030691 376.734632 323.4047796 278.2779628 237.5572704 200.1940342 184.8033748 176.2250589 172.5460676 172.8788553 174.2347297 177.4479399 182.6186657 187.3263365 190.7675376 194.0126953 195.711401 197.1797022 198.1722919 198.7001124 199.6693106 206.7221939 213.5069035 220.1840584 224.4163811 227.8231408 229.6040847 229.9280608 231.31429 232.363095 234.3701755 236.8721561 239.0838144 236.9843309 227.7542073
-9999 -9999 -9999 -9999 -9999 -9999 -9999 -9999 -9999 -9999 -9999 -9999 -9999 -9999 -9999 -9999 -9999 -9999 -9999 30.85471389 62.65790024 107.0817344 144.3724793 163.8034995 184.9472561 248.9077156 342.1188533 414.3634249 429.8497964 428.6656798 389.0892371 323.3241196 274.536783 235.0022755 199.9799618 185.141857 177.804609 174.5876349 174.5524903 175.7076848 178.6675298 183.3537175 187.5998011 190.9752226 194.0807831 195.8804214 197.5358784 198.6363911 199.3078892 199.5144999 201.5488614 208.9123414 215.8880545 219.6890883 222.5407687 223.436638 221.9777534 222.1544276 225.4980565 230.3220855 233.9611137 237.6444934 234.1922199 216.1731639
-9999 -9999 -9999 -9999 -9999 -9999 -9999 -9999 -9999 -9999 -9999 -9999 -9999 -9999 -9999 -9999 -9999 -9999 -9999 33.64880763 61.92891525 97.61705095 128.2292397 146.7410885 176.7903354 253.0232083 366.3561808 450.1797327 458.0396042 444.4174872 392.8932219 316.4649455 266.5581011 228.2547526 196.6640401 185.8579959 179.2777494 175.4065163 175.4547492 176.1308817 178.9084418 183.1450075 187.3078347 190.9715793 193.7068995 195.8635586 197.765099 199.0845436 199.6193392 199.713803 200.1727564 202.8257266 208.8407996 211.8602095 213.8114396 214.0589962 212.5013635 213.1956555 218.0958402 224.6378027 229.5033942 232.5097007 225.9214038 202.8512066
-9999 -9999 -9999 -9999 -9999 -9999 -9999 -9999 -9999 -9999 -9999 -9999 -9999 -9999 -9999 -9999 -9999 -9999 -9999 37.12763443 60.6979226 88.73852943 114.1045839 135.8151621 168.7316196 256.760685 388.9630162 488.0137868 479.1028945 444.4088543 390.5173817 310.3074644 254.4763785 223.1393682 193.8263112 183.5773963 178.1039048 174.5714649 174.7338138 175.4326117 178.1181512 182.4979202 186.0945092 189.9192815 193.2441951 195.5438223 197.8121294 199.1645513 199.6027414 199.9880612 200.284355 200.2198647 200.4753085 203.0942542 203.1388827 203.1477765 203.3310931 204.3311515 210.8723057 218.7972812 223.2869812 224.8434327 215.5824149 -9999
-9999 -9999 -9999 -9999 -9999 -9999 -9999 -9999 -9999 -9999 -9999 -9999 -9999 -9999 -9999 -9999 -9999 -9999 -9999 38.77417125 59.68231423 82.68492328 105.9847014 129.5217113 171.2777674 262.7474426 396.210185 487.3469465 471.8688431 425.868906 367.8987134 291.210226 240.4056528 209.9055932 186.8811259 179.8559953 174.9522678 172.059635 172.4415329 173.5785001 176.2922799 180.3915923 184.372526 188.4009253 191.9149745 194.4831675 196.7934258 198.3780866 199.1189394 199.6414616 200.0491138 199.6819072 199.0550586 196.9204679 195.3510007 195.6035569 196.220389 198.1763543 204.6895829 211.6206618 215.2747764 215.1429499 204.3000468 -9999
-9999 -9999 -9999 -9999 -9999 -9999 -9999 -9999 -9999 -9999 -9999 -9999 -9999 -9999 -9999 -9999 -9999 -9999 26.6922381 39.62053922 57.23398927 77.13816747 101.3758706 130.9427031 174.6730814 261.6807739 393.5426911 483.7118556 444.3014695 391.1058567 332.5763666 264.2081022 216.3635087 196.7871146 178.5019167 172.5941679 169.8610952 167.6708982 168.8570815 170.4295151 173.4257367 178.2071258 181.8383739 186.1814162 190.002732 192.7201179 195.4754956 196.8220145 197.9596864 198.5139008 199.1049173 199.1602668 201.401869 201.0204305 199.8919175 197.5549958 194.9799052 193.2498333 198.7047823 204.480386 207.0079994 206.1626424 195.6418212 -9999
-9999 -9999 -9999 -9999 -9999 -9999 -9999 -9999 -9999 -9999 -9999 -9999 -9999 -9999 -9999 -9999 -9999 -9999 26.46396207 39.32115265 56.8868759 75.31821314 100.3788581 135.5915213 188.362056 266.9878974 370.7938303 428.092352 390.7881612 340.4847632 287.9155649 232.4068714 197.3034122 178.9206778 168.2230138 164.9190793 162.8849173 162.1816409 163.7080704 166.1586527 169.3474383 173.7467464 178.0758041 182.4275957 186.4747912 189.3716663 191.9271396 193.6746277 195.0844333 196.1167822 196.9655435 198.6494174 201.5975055 202.5111471 202.1837677 200.6105525 198.5674199 196.7244568 194.6704995 197.2765572 198.5588044 196.6779818 188.154616 -9999
-9999 -9999 -9999 -9999 -9999 -9999 -9999 -9999 -9999 -9999 -9999 -9999 -9999 -9999 -9999 -9999 -9999 -9999 26.44760172 41.02985687 58.60629777 76.63115105 97.4589469 145.1971949 200.697575 266.5889525 338.6978236 386.1364552 335.3136828 288.4447632 240.8238353 200.5848905 172.5869084 165.8437112 158.2754757 155.8382642 155.6009074 155.5717574 158.0518313 160.9154173 164.2895098 169.0019149 173.282903 177.6368305 181.8725167 184.8643753 187.7388689 189.7181558 191.1526262 192.6582655 193.7185472 195.8329245 200.0252989 201.2350653 201.9239138 200.9712477 199.2745561 198.2831899 195.1181878 190.7505547 189.0894862 186.6529016 186.039604 -9999
-9999 -9999 -9999 -9999 -9999 -9999 -9999 -9999 -9999 -9999 -9999 -9999 -9999 -9999 -9999 -9999 -9999 -9999 27.71685263 44.4665149 65.33880151 86.84850472 115.7502637 156.2321837 205.1021863 253.8687933 295.1815075 307.4809966 271.5873495 236.0930054 201.3403591 172.6079845 156.9998149 150.1120721 147.9800535 147.3782159 147.8716073 149.0010884 151.5179862 154.8510032 158.2102859 162.6167318 166.8424348 171.1658943 175.3029639 178.3954648 181.3864491 183.7969067 185.880441 187.5633709 189.0956638 190.4143829 193.9889341 196.2608489 197.505828 197.1910777 195.9090239 193.8431172 190.2866734 185.1880413 177.3379774 173.3958971 169.9698052 -9999
-9999 -9999 -9999 -9999 -9999 -9999 -9999 -9999 -9999 -9999 -9999 -9999 -9999 -9999 -9999 -9999 -9999 27.42548857 29.94332723 49.52848243 72.70930334 98.72516425 127.7828333 167.059868 205.9126721 233.7051248 246.2801964 241.4123881 216.9072702 192.0099368 170.3388099 146.6566738 140.3616531 139.7723469 138.6193597 139.0025469 140.6270692 141.8505657 144.8285512 148.2366596 151.4641665 156.1221896 159.6795249 163.7521697 167.9265539 171.0614288 174.673572 177.204241 179.4124319 181.3377308 183.0948303 185.0565609 186.7204631 188.7477307 190.2856298 190.2777452 188.6625812 186.832181 182.1315466 175.9460573 167.5440244 157.7852383 -9999 -9999
-9999 -9999 -9999 -9999 -9999 -9999 -9999 -9999 -9999 -9999 -9999 -9999 -9999 -9999 -9999 -9999 -9999 32.50891569 32.87111208 51.78640138 78.78178822 110.2652722 143.2597205 170.1953636 187.9234586 198.8347069 200.2910154 189.9802379 179.7984831 163.2594864 147.6614883 136.1896826 130.5349704 130.1863925 131.5040903 132.306552 133.9303514 136.0536726 138.7402627 142.0408591 145.0774822 148.9340221 152.8011113 156.683367 160.525878 163.5880765 166.9769433 169.8753938 172.4233553 174.854858 176.66441 178.3214954 179.0949483 178.7987444 180.3152504 180.2815416 178.7132186 175.4986462 169.4830825 161.9324104 153.7912272 -9999 -9999 -9999
