meets/meet004/data/CCSM_21k_neotropic_bio07.asc
NCOLS 154 
NROWS 168 
XLLCORNER -112 
YLLCORNER -55.5 
CELLSIZE 0.5 
NODATA_value -9999 
[rows 87 to 115 of 168, columns 64 to 127 of 154]
-9999 -9999 -9999 -9999 -9999 -9999 -9999 -9999 -9999 7.925242122 8.994940042 11.57258487 14.35025195 14.85233179 14.89605205 14.98444519 14.85391989 14.75347002 13.74041747 12.74859354 11.86717507 11.30358094 11.22129171 12.07143452 13.36807415 14.29589063 15.28629832 16.1530404 16.32038663 16.50371095 16.64708188 16.61968102 17.11836284 17.46666299 18.18370078 18.55224133 18.48652737 18.32343935 18.11983325 17.85103594 17.61448314 17.43900656 17.25018878 17.3520486 17.45883098 17.51553064 17.54569358 17.53593559 17.73686977 17.88297102 17.83276988 17.66995475 17.45649831 17.38694416 17.38978463 17.40614863 17.49005109 17.47353801 17.30502471 17.04546039 16.8095565 16.55367657 16.26871703 16.02084034
-9999 -9999 -9999 -9999 -9999 -9999 -9999 -9999 -9999 -9999 -9999 8.519171143 10.55096681 11.26652427 11.74423084 12.43392519 13.05273976 14.13518547 13.91062016 13.24562235 12.51083555 11.9331222 11.38734439 11.85254802 12.76895738 13.65727832 14.50691128 15.69804546 16.15704118 16.76901714 17.18920785 17.41190716 18.04613344 17.87810141 18.03903567 18.13025085 17.93339016 17.88098792 17.77993896 17.51194793 17.28881678 17.12865912 16.946323 17.12531955 17.39203675 17.53893472 17.63558492 17.63369016 17.82686849 17.96950291 17.85549072 17.6079779 17.33744238 17.30578066 17.39612639 17.44128654 17.56254122 17.61621499 17.4772236 17.29554783 17.10534005 16.75329512 16.41286728 16.10789096
-9999 -9999 -9999 -9999 -9999 -9999 -9999 -9999 -9999 -9999 -9999 -9999 -9999 7.425794337 8.052513768 9.428796403 11.09004908 12.869355 13.73111675 14.25032284 14.17493241 13.22846867 12.80604915 12.44419339 12.13524325 12.51022751 13.50913886 14.36470968 15.28494955 16.34275945 17.04484413 17.02766323 17.06230225 17.28207981 17.38262061 17.38662621 17.5177304 17.54238794 17.5470325 17.59630848 17.44413473 17.00606807 16.82737197 17.04458897 17.35466816 17.57695059 17.70084431 17.82418079 17.86487372 17.91049046 17.77176629 17.42177338 17.22271925 17.28619366 17.36580168 17.52440669 17.77317413 17.80256435 17.71914361 17.60234226 17.36956493 16.99268592 16.5774203 16.28285719
-9999 -9999 -9999 -9999 -9999 -9999 -9999 -9999 -9999 -9999 -9999 -9999 -9999 -9999 -9999 7.223505994 8.970309264 11.00494465 12.683674 14.30633446 14.81499166 14.5279868 13.77419846 13.01005547 12.42861738 12.22199608 12.63177594 13.12291101 13.98737126 15.08015835 15.88083123 16.21421334 16.40051218 16.68737796 16.76303731 16.85780592 16.93558069 17.08827338 17.25761707 17.34341745 17.24826122 16.91089731 16.73421643 16.95089743 17.29389431 17.51784702 17.63846183 17.77488274 17.82366643 17.87473279 17.74729197 17.43466002 17.29866783 17.48896052 17.79679152 18.04236673 18.27388918 18.26713356 18.084222 17.8799429 17.61774484 17.20442613 16.83439386 16.50887745
-9999 -9999 -9999 -9999 -9999 -9999 -9999 -9999 -9999 -9999 -9999 -9999 -9999 -9999 -9999 -9999 -9999 8.284265069 10.87206042 13.83151788 15.31948816 15.08515829 14.49311488 14.27532188 13.54063609 12.96661568 12.38325392 11.93603212 12.92313401 13.879044 14.6320778 15.68963449 16.22341146 16.40662196 16.3360998 16.43173122 16.59687433 16.65797747 16.75382569 16.76329559 16.79178853 16.68668905 16.6127181 16.87942682 17.21535458 17.39364497 17.41220514 17.51870566 17.72930603 17.90432943 17.82935067 17.57826595 17.53171967 17.86569618 18.55145678 18.87876352 18.87474908 18.94255856 18.50717292 18.05352184 17.75750286 17.46889313 17.17977734 16.74166937
-9999 -9999 -9999 -9999 -9999 -9999 -9999 -9999 -9999 -9999 -9999 -9999 -9999 -9999 -9999 -9999 -9999 6.747179449 8.978001481 12.12062001 14.39133564 15.40223251 15.9320888 16.04671493 15.28227972 14.5637659 13.56640206 12.85675887 13.2535969 14.01845948 14.56324775 15.43225394 16.22032665 16.39317598 16.28368027 16.29285332 16.4249312 16.56631084 16.65444008 16.6646605 16.69171954 16.70650431 16.7775164 16.98325729 17.13968883 17.2155966 17.1926302 17.37131294 17.61880677 17.82615399 17.81302931 17.66216234 17.72142405 18.08891781 18.66623606 18.94081412 18.88010661 18.82502569 18.49854716 18.19574888 17.94740135 17.65030943 17.31655014 16.89553335
-9999 -9999 -9999 -9999 -9999 -9999 -9999 -9999 -9999 -9999 -9999 -9999 -9999 -9999 -9999 -9999 -9999 -9999 -9999 9.896706453 12.77511649 15.82657232 18.21748573 17.86576488 17.22762036 16.46842282 15.35390424 15.11102854 14.32272473 14.55971557 15.08380433 15.80172776 16.56198722 16.63100912 16.55653235 16.51771896 16.47821339 16.60028618 16.68838019 16.82288414 16.92805325 16.97311682 17.17791835 17.07133962 17.01358567 17.02074558 16.99608687 17.28558632 17.52783001 17.7084618 17.7275399 17.67930605 17.74256974 17.99936201 18.3018918 18.4684447 18.37591214 18.15618646 18.20020429 18.31849826 18.14238448 17.74314571 17.3409111 16.98063208
-9999 -9999 -9999 -9999 -9999 -9999 -9999 -9999 -9999 -9999 -9999 -9999 -9999 -9999 -9999 -9999 -9999 -9999 -9999 9.838743764 12.28028127 15.61927995 18.0185804 18.45184917 17.74790368 17.15649375 16.48081172 16.07364148 15.11909964 14.79971273 15.30415025 16.26855877 17.16406012 17.16371802 16.79761147 16.74923041 16.67991843 16.69491305 16.73666671 16.93536078 17.08578862 17.17726264 17.16774762 16.94610746 16.75341411 16.72486464 16.82726567 17.12744714 17.46137086 17.70904256 17.74651387 17.61219696 17.55213642 17.69655166 17.86418717 17.93941167 17.87897984 17.8223031 17.97275356 18.06472528 17.94664348 17.6678804 17.28871108 17.01813635
-9999 -9999 -9999 -9999 -9999 -9999 -9999 -9999 -9999 -9999 -9999 -9999 -9999 -9999 -9999 -9999 -9999 -9999 -9999 -9999 12.72554429 15.28503424 17.51092019 18.11889948 17.5476637 17.12031843 16.67901678 16.32594618 15.52214863 14.93161241 15.36641849 16.62941854 17.77126045 17.89668552 17.7552764 17.42873095 17.0244164 16.77622647 16.91168279 17.06123421 17.14527099 17.19490396 17.18422663 16.87314942 16.45520641 16.38087209 16.65651534 16.97706054 17.45829289 17.83713232 17.88908632 17.61635502 17.3174682 17.42725222 17.53774317 17.59330983 17.63872738 17.7443616 17.82878965 17.7908454 17.7430076 17.59637907 17.24224482 17.24265452
-9999 -9999 -9999 -9999 -9999 -9999 -9999 -9999 -9999 -9999 -9999 -9999 -9999 -9999 -9999 -9999 -9999 -9999 -9999 -9999 12.9209635 15.41280921 17.28386721 17.88799796 17.39506586 16.99632267 16.59703362 16.48489985 15.82065841 15.1275945 15.44368314 17.02056837 18.32112177 18.6616303 18.48769028 18.31179081 18.11108159 17.81117504 17.35380973 17.0327484 16.91784465 17.10995119 17.15743852 16.8923265 16.52233837 16.39972244 16.56710837 16.997213 17.63427619 18.15502723 18.22159577 17.78969868 17.39069924 17.34075348 17.44634815 17.51655242 17.62499293 17.69331001 17.78068908 17.83754642 17.87079521 17.86930128 17.80590638 17.8219608
-9999 -9999 -9999 -9999 -9999 -9999 -9999 -9999 -9999 -9999 -9999 -9999 -9999 -9999 -9999 -9999 -9999 -9999 -9999 -9999 12.97441479 15.27970442 17.74284153 18.05807248 17.56229951 17.20171235 16.7131841 16.77170408 16.00565271 15.21901703 15.58148307 17.53216366 19.22512732 19.43104226 19.29119715 19.24388073 19.34360576 19.30837367 18.34243786 17.2452873 16.73449733 16.99415599 17.30339858 16.92499833 16.6201116 16.58114563 16.72516164 17.10412924 17.83012044 18.56294769 18.63691653 17.97724636 17.39009582 17.4035176 17.46869731 17.52929038 17.64797313 17.67806579 17.8914523 18.00703916 18.15352173 18.27926521 18.49149936 18.3882635
-9999 -9999 -9999 -9999 -9999 -9999 -9999 -9999 -9999 -9999 -9999 -9999 -9999 -9999 -9999 -9999 -9999 -9999 -9999 -9999 12.83488596 15.1140597 17.31725205 18.22990103 17.97137293 17.5732498 16.83105895 16.68007196 16.01670628 15.33221523 15.89435374 17.97488184 19.67259466 20.15444248 20.02168988 20.07278157 20.27558385 20.164621 19.30149208 18.17077105 17.40541637 17.03710834 16.9885846 16.86713402 16.71506641 16.77104916 16.95834566 17.27017517 17.90635503 18.4540797 18.54045514 18.15529889 17.66400129 17.58468497 17.62926325 17.68754918 17.84061263 17.93964989 18.07928207 18.15699139 18.31238996 18.50042369 18.70390671 18.75905315
-9999 -9999 -9999 -9999 -9999 -9999 -9999 -9999 -9999 -9999 -9999 -9999 -9999 -9999 -9999 -9999 -9999 -9999 -9999 -9999 12.70821882 14.68429985 17.52927749 18.46392063 18.47379534 18.09244383 17.003529 16.67528477 15.98878468 15.39526591 16.23435576 18.5162983 20.44549659 20.74192441 20.61969247 20.7109625 21.00626017 21.06452634 20.04124038 18.94704918 18.12731673 17.49903287 16.99652257 16.92330599 16.87265828 16.98368988 17.22601124 17.54097103 17.94583997 18.36936987 18.48444009 18.25917801 17.90899408 17.9776196 17.95137888 17.96112844 18.07195744 18.2361282 18.23975076 18.28426673 18.45817344 18.71548598 18.89389241 18.89976475
-9999 -9999 -9999 -9999 -9999 -9999 -9999 -9999 -9999 -9999 -9999 -9999 -9999 -9999 -9999 -9999 -9999 -9999 -9999 -9999 12.52893069 14.66147704 17.27275945 18.70410488 18.89205252 18.46988835 17.16940399 16.62745739 16.01372544 15.65771667 16.88039203 19.07726653 20.78379288 21.28968204 21.14345926 21.22494972 21.4628765 21.33407391 20.45271368 19.26047353 18.44737899 18.09280652 17.83359577 17.51694663 17.32732156 17.38166886 17.548911 17.81878427 18.15940875 18.44863056 18.57411709 18.51516086 18.46453656 18.50140513 18.5555688 18.4812843 18.32829353 18.27998871 18.3056914 18.45297685 18.62239141 18.80705955 18.99292206 18.91745282
-9999 -9999 -9999 -9999 -9999 -9999 -9999 -9999 -9999 -9999 -9999 -9999 -9999 -9999 -9999 -9999 -9999 -9999 -9999 -9999 12.49142499 14.76104709 17.5121581 19.05094933 19.38488807 18.91886267 17.26805489 16.44542626 16.0512276 15.85183045 17.39433375 19.58563099 21.36548652 21.75865023 21.58674227 21.65080314 21.82976012 21.72938394 20.71299249 19.50138944 18.76728963 18.66772399 18.60191572 18.1892577 17.99324641 17.86179572 17.82239129 18.10579686 18.29119045 18.54986365 18.72533578 18.79814923 18.93140819 18.92017843 19.01086465 18.95515632 18.66885699 18.49179501 18.44633337 18.56978696 18.77999949 18.91884909 19.16113419 19.12865765
-9999 -9999 -9999 -9999 -9999 -9999 -9999 -9999 -9999 -9999 -9999 -9999 -9999 -9999 -9999 -9999 -9999 -9999 -9999 9.945522395 12.38012102 14.98381727 17.88031347 19.3664073 19.49076848 18.90230044 17.23663109 16.41258208 15.98637446 16.09722779 17.79155829 19.97300175 21.6588534 22.10593441 21.82020887 21.85736644 22.10431636 21.96377653 21.07022799 20.02719625 19.34495856 19.22403237 19.07610822 18.80727667 18.50401952 18.36184801 18.30964039 18.34536277 18.46962828 18.66169922 18.80175673 18.86038617 18.97978308 19.02638459 19.16287495 19.0795516 18.78161391 18.72809179 18.64530533 18.77938416 18.86357334 18.91172775 19.07256963 18.97673462
-9999 -9999 -9999 -9999 -9999 -9999 -9999 -9999 -9999 -9999 -9999 -9999 -9999 -9999 -9999 -9999 -9999 -9999 -9999 9.966008117 12.51481419 15.40887443 18.45117404 19.83199248 19.86085483 19.13930366 17.21006616 16.26672606 16.20175041 16.69243586 18.47463118 20.57948086 22.09972027 22.39161268 22.14312993 22.18947003 22.4236773 22.34066427 21.56339892 20.60902483 19.98198415 19.85784292 19.71166945 19.44187561 19.18887948 18.97129086 18.86643289 18.80284404 18.81451383 18.91127554 18.95289324 18.93737382 19.03502298 18.9435525 19.03544646 18.99097973 18.79149162 18.82972143 18.71339083 18.77129448 18.9184159 18.92351999 18.93895564 19.20635695
-9999 -9999 -9999 -9999 -9999 -9999 -9999 -9999 -9999 -9999 -9999 -9999 -9999 -9999 -9999 -9999 -9999 -9999 -9999 10.20241562 12.91791779 15.85865858 18.81290006 20.19124477 20.16963191 19.37704332 17.3365414 16.3385509 16.55629893 17.88592946 19.72592553 21.23854527 22.35005224 22.72567286 22.59763367 22.66265494 22.77281816 22.70594702 22.02139773 21.27802263 20.7004111 20.49043582 20.42014795 20.1096839 19.90893621 19.71084905 19.48047319 19.32653288 19.17861826 19.07485407 19.01773364 19.02148982 18.99779281 18.95510841 18.88439916 18.79742728 18.67432075 18.57770737 18.56742321 18.74128681 18.68057494 18.73506981 19.13756484 19.15125467
-9999 -9999 -9999 -9999 -9999 -9999 -9999 -9999 -9999 -9999 -9999 -9999 -9999 -9999 -9999 -9999 -9999 -9999 -9999 10.58614465 13.51532685 16.62197204 19.71252763 20.80179378 20.61326815 19.75228787 17.61844526 16.49876761 17.03657357 18.84020784 20.66356313 21.8742305 22.72180717 23.01654614 22.97674615 22.9447314 22.90466086 22.7722117 22.14857208 21.62331204 21.15440559 20.91304715 20.82682685 20.56566012 20.45441847 20.23214783 19.91341481 19.72696374 19.51354469 19.29551053 19.16677377 19.07609989 19.01378459 18.92662451 18.82422591 18.71744392 18.61986099 18.51026459 18.50583072 18.62173238 18.88888394 19.14861456 19.24579709 19.10360776
-9999 -9999 -9999 -9999 -9999 -9999 -9999 -9999 -9999 -9999 -9999 -9999 -9999 -9999 -9999 -9999 -9999 -9999 -9999 11.11477138 14.20759073 17.60578774 20.65417959 21.6210431 21.0033218 20.13925645 17.98302544 16.83244591 17.41470545 19.40148349 21.22370313 22.37928744 23.06369692 23.31094969 23.21529384 23.12575788 22.8849732 22.4687819 22.17215586 21.73804511 21.33558706 21.12697058 20.87369546 20.85104721 20.79781654 20.56031533 20.28298766 20.01313859 19.78590741 19.53227334 19.31565406 19.18570311 19.01952592 18.92298199 18.81148279 18.68985481 18.73895108 18.63402699 18.67538912 18.90129767 18.62125155 19.12199415 19.0240016 18.25795567
-9999 -9999 -9999 -9999 -9999 -9999 -9999 -9999 -9999 -9999 -9999 -9999 -9999 -9999 -9999 -9999 -9999 -9999 -9999 11.68117303 14.92128363 18.55528591 21.48479828 22.29948223 21.53222464 20.38997778 18.35308095 17.05047258 17.57490924 19.90949319 21.69213954 22.80485348 23.48189885 23.71831669 23.63111231 23.49658425 23.20447724 22.73374379 22.43852349 22.08957401 21.72331533 21.48192178 21.25185358 21.22253242 21.19121589 20.94630048 20.57343023 20.2808206 20.02482945 19.77836249 19.5543027 19.36250979 19.17837416 19.07742714 18.95702184 18.8730075 18.93907018 18.83740179 19.1231315 18.87207005 18.63362578 18.73893757 18.19764022 17.35540341
-9999 -9999 -9999 -9999 -9999 -9999 -9999 -9999 -9999 -9999 -9999 -9999 -9999 -9999 -9999 -9999 -9999 -9999 -9999 12.25062764 15.58857143 19.4110613 22.30243759 22.81053141 21.81531319 20.47347286 18.46541481 17.17268404 17.81882812 20.34654819 22.12726255 23.25196752 23.96599809 24.20022305 24.15830942 24.02890962 23.78833962 23.49449247 23.00357908 22.69939528 22.35925634 22.07217415 21.86552794 21.73238597 21.64180133 21.35144979 20.9282663 20.58547162 20.32690459 20.07870863 19.83037069 19.63303561 19.46279462 19.32014167 19.25993541 19.15972576 19.22559681 19.1151027 19.3536222 19.4037984 18.39075156 17.86490021 16.58846889 -9999
-9999 -9999 -9999 -9999 -9999 -9999 -9999 -9999 -9999 -9999 -9999 -9999 -9999 -9999 -9999 -9999 -9999 -9999 -9999 12.7042585 16.07394603 19.86784307 22.40021059 22.77591542 21.56810681 20.17384621 18.41714587 17.3374203 18.21856298 20.629281 22.42155553 23.6608974 24.34938885 24.61172979 24.53364105 24.41497463 24.20910959 23.96288104 23.58881097 23.2911599 22.95181616 22.6534111 22.43152267 22.21242725 22.04294629 21.71036964 21.26747585 20.90334721 20.61678408 20.37600024 20.12125844 19.89513345 19.70991675 19.56333645 19.48593857 19.37214147 19.41426361 19.28961535 19.87087452 19.81812356 18.73356235 17.53932755 16.11888268 -9999
-9999 -9999 -9999 -9999 -9999 -9999 -9999 -9999 -9999 -9999 -9999 -9999 -9999 -9999 -9999 -9999 -9999 -9999 9.631567033 13.44387324 16.76630118 20.44939459 22.65253935 22.5901775 21.14968466 19.80072897 18.24362107 17.15791811 18.75988329 21.00438524 22.74667464 24.08578295 24.87176513 25.01747132 24.832055 24.70569978 24.54461674 24.28620727 24.04889419 23.80180896 23.47398968 23.17739409 22.90435674 22.62163243 22.39713558 22.0261484 21.57977887 21.26031716 20.91531998 20.67253136 20.38899418 20.13900043 19.90867254 19.73129276 19.63429124 19.50088896 19.58775912 19.49176212 19.77606191 20.13864895 18.92910242 17.55823687 16.14833392 -9999
-9999 -9999 -9999 -9999 -9999 -9999 -9999 -9999 -9999 -9999 -9999 -9999 -9999 -9999 -9999 -9999 -9999 -9999 10.89532853 14.87097392 18.46895625 21.60692572 23.0641824 22.53816223 20.77346587 19.55228971 18.47408 18.23062756 19.84187249 22.01086263 23.64178827 24.73109333 25.32234479 25.51246305 25.37304869 25.22722688 25.08164439 24.87030442 24.55032042 24.22827684 23.85991955 23.53411277 23.2480407 22.91714271 22.60954556 22.22606509 21.88191527 21.5726985 21.23451673 20.93409429 20.64477197 20.37628835 20.13193273 19.92990789 19.80394843 19.64387143 19.64655627 19.51999939 20.14372499 20.42726389 19.38966371 17.71276728 16.09629492 -9999
-9999 -9999 -9999 -9999 -9999 -9999 -9999 -9999 -9999 -9999 -9999 -9999 -9999 -9999 -9999 -9999 -9999 -9999 12.69678041 17.49700083 20.93225136 23.00056448 24.20688467 22.54408322 20.38166971 19.54882464 18.89566055 19.39101086 21.17439903 23.39935863 24.79597362 25.42867787 25.88875192 25.89396348 25.82468765 25.68731294 25.50494616 25.43936641 24.93532064 24.54039534 24.18420051 23.88027442 23.5495092 23.20140404 22.82277947 22.47802231 22.18256464 21.88003153 21.54202215 21.24038798 20.91535973 20.63954954 20.37937799 20.1599824 19.98662633 19.78817371 19.75840266 19.53380906 19.89750046 20.73809089 19.81069553 17.83043305 15.6891412 -9999
-9999 -9999 -9999 -9999 -9999 -9999 -9999 -9999 -9999 -9999 -9999 -9999 -9999 -9999 -9999 -9999 -9999 -9999 15.494073 20.07296138 22.8901309 23.79651626 23.62651007 22.15516425 20.10856823 19.58656443 19.50751455 20.76036175 22.58453286 24.45357834 25.63313639 26.00912489 26.07657549 26.10239369 26.03683407 25.8353304 25.55860993 25.28345596 25.04714945 24.85014582 24.55575418 24.25308593 23.9134802 23.53378922 23.1475255 22.77151888 22.47056848 22.16833689 21.85179777 21.55830284 21.23403506 20.94665651 20.68042542 20.45419234 20.27251444 20.04179354 19.95153804 20.13087739 20.7691647 21.11331177 20.00497176 17.62037144 15.66620359 -9999
-9999 -9999 -9999 -9999 -9999 -9999 -9999 -9999 -9999 -9999 -9999 -9999 -9999 -9999 -9999 -9999 -9999 14.21575697 18.21274526 22.6820726 24.78924175 24.16393819 23.42304329 21.93777542 20.09667219 19.77905559 20.63009822 21.99779144 23.79007116 25.46513412 26.38862273 26.39545741 26.19663422 26.2886952 26.17283612 25.87614892 25.49358418 24.97404621 25.05466415 25.12602903 24.95944056 24.67358139 24.31318476 23.892152 23.52979342 23.14132037 22.78763342 22.4675442 22.16228401 21.89282836 21.57745273 21.28231162 21.01175534 20.74860303 20.62073447 20.67077955 20.98169256 20.7169151 20.85450698 21.50806643 19.88109229 17.27919134 -9999 -9999
-9999 -9999 -9999 -9999 -9999 -9999 -9999 -9999 -9999 -9999 -9999 -9999 -9999 -9999 -9999 -9999 -9999 15.70343918 20.03389461 23.84763009 25.39642552 24.61143539 23.27678077 22.14984761 21.13877583 21.21518072 22.24797739 23.68751217 24.99019885 26.04927421 26.67760456 26.75072546 26.60561351 26.56801913 26.41952422 26.10915675 25.6413407 25.24919862 25.33113454 25.45951869 25.31356106 25.02730423 24.61980938 24.25017919 23.91777677 23.5275654 23.18050909 22.84454366 22.499759 22.20278203 21.88135415 21.59537804 21.35783741 21.12614867 21.25877981 21.0983053 21.41672257 21.49965632 20.99345269 20.04676721 18.40509869 -9999 -9999 -9999
