meets/meet004/data/CCSM_6k_neotropic_bio04.asc
NCOLS 154 
NROWS 168 
XLLCORNER -112 
YLLCORNER -55.5 
CELLSIZE 0.5 
NODATA_value -9999 
[rows 58 to 86 of 168, columns 64 to 127 of 154]
43.6021614 62.36882159 77.23998508 84.30279375 87.11126032 89.00171499 87.23770499 86.62754373 86.14970128 86.09535272 85.57421038 83.99941501 82.36817642 81.9783997 81.91961712 81.9266799 81.85885116 81.84689702 81.95910061 82.02785597 82.32449826 82.86117315 83.24272928 84.09218287 84.79707795 85.67592827 86.81170341 87.9305005 88.93903565 90.23912841 91.0087368 91.2891364 92.12589856 92.78502548 94.43850174 96.92004068 99.87862865 103.4736625 106.6789979 110.1484046 115.4113961 121.6095675 128.8504434 136.1723102 143.5325349 149.587725 155.0570784 157.8597331 155.6633092 150.8162766 142.1492553 129.1455717 116.2485684 105.6661871 96.07961489 87.66700042 81.35251052 75.45496898 71.99295066 69.25325741 67.45728498 68.25537685 66.6441363 -9999
49.29857095 68.47288759 82.26647814 89.03081913 87.37464882 88.25868303 90.02214066 89.99381242 89.44637058 88.87167991 87.62923347 85.43080599 83.27559712 83.06727314 82.79487202 82.68169938 82.86682016 82.46830488 82.83403393 83.21776088 83.44383728 83.99207184 84.30767565 84.88986945 85.47804214 86.25992309 86.97226637 87.82865524 89.05241537 89.90454957 91.09719832 91.88151674 92.52283388 94.27424295 95.25727284 98.24849669 102.763416 106.7779173 110.6857402 114.4406366 120.1023466 127.2996231 134.540466 142.1610815 149.964713 153.9928041 155.2235277 154.0302514 147.5865384 137.5161034 128.4408999 120.4951369 110.326823 104.8517787 100.2562945 95.01131041 90.73089349 87.9100247 84.67261092 84.4306764 84.60778818 85.51184295 86.81240875 79.30242126
54.59772993 77.09659505 91.87878847 96.12549413 91.76565187 91.24696211 93.02025039 93.82128754 93.14647008 91.87149236 90.19223116 87.7498274 85.51699246 85.08961685 84.87319562 84.61014805 84.45260685 84.06401218 84.40454239 84.73454126 84.97510697 85.4462913 85.73839701 86.28653861 86.6880796 87.13916683 87.60260222 88.09146008 89.10422095 90.19845292 91.73973031 93.28354274 94.80065498 96.76233596 98.57593724 101.9931587 106.4582091 110.9493851 115.3222858 119.7608924 125.771076 132.7531172 139.81472 146.0649274 151.5146054 153.576316 153.0542835 149.6023191 142.1606697 132.4495185 124.6728353 118.9053052 112.8292113 108.6963385 105.5005231 102.0333821 99.20792536 97.98378153 95.97351908 96.39526052 96.81949454 97.82111046 98.93731268 93.6541351
61.13148098 88.34046302 108.8211 107.9959795 99.82717329 97.50138122 98.32873811 98.70264358 97.81753812 95.71314247 93.41136579 90.93525214 88.44320881 88.17153008 88.10415828 87.70594575 87.19319836 86.27893356 86.62403472 86.76581233 86.94986633 87.55524897 87.42373993 88.1033883 88.33041453 88.60479445 88.85165095 88.90778692 90.28580437 91.36172259 93.37821804 95.78897919 98.34056667 100.9962927 103.6436685 107.4111392 111.5378106 115.7352144 120.5597389 125.6299766 131.4327846 138.1880417 144.7976359 148.1357853 150.7196763 151.3846265 150.7278351 147.1705158 140.0161018 132.7372552 126.3430462 121.7449049 119.794144 113.5017704 110.1326647 107.6871335 105.3624021 105.8050882 104.2425148 103.9348133 104.5405911 105.5683699 106.0790505 103.2002266
67.07332639 98.52240494 119.5544216 118.5514437 107.6481111 103.852517 104.4154255 105.706817 103.8065295 101.0641178 98.34122623 95.47952262 93.04109397 92.2944966 92.04891449 91.38999909 90.61301208 89.74263849 89.72135793 89.83613989 89.9226838 90.39318733 90.47051178 90.75165891 90.75572598 90.90978391 91.13365448 91.57600716 92.68118591 94.13116783 96.40020809 98.92141136 102.015231 105.1717594 108.6352908 112.8000062 117.0933171 121.626324 125.9706413 130.5081043 135.7216324 141.4921149 146.2259125 148.517295 149.5194121 149.4181802 148.6775083 145.5495157 139.0528425 131.722326 125.6965144 121.7007124 118.7889658 114.0470547 111.0815753 109.1223199 108.2937854 109.1654906 108.9137789 109.5084841 110.2994013 110.8835906 111.2151457 109.4019155
71.82206167 104.9977195 134.2824172 125.4591594 112.9000446 109.0227217 110.893206 113.3809011 110.5999278 107.3791906 104.0200825 100.6156205 97.78070559 96.91832051 96.48282167 95.64498694 94.65967662 93.62554892 93.6922841 93.73222657 93.746103 94.18598699 94.23933055 94.11665013 93.82204316 93.85349858 94.19140224 94.85005299 95.97754753 97.56194517 99.98667072 102.3929596 105.4533355 109.1288508 113.1353867 117.6585018 122.3601894 127.569133 131.1048322 134.8113219 139.164303 144.0540063 147.5570645 149.2138403 149.1334705 148.1817789 147.671232 145.7117771 137.6910053 129.5786535 123.658047 119.7519725 115.3327491 112.4755043 109.5580516 108.0536463 108.5163949 110.4908766 110.7707089 112.9916646 114.5921828 114.6943348 115.9192303 115.6071479
78.30070376 110.9737723 129.0450071 126.4347208 113.1968423 110.6603159 115.8164975 120.1460881 117.5816498 112.4761868 108.6833123 106.0310665 103.8247382 102.1674811 100.828004 99.74326398 99.15063299 98.70987358 98.62743964 98.59902132 98.45745432 98.56084738 98.37078644 98.07527342 97.62840036 97.43968654 97.43196139 97.95904291 99.19983596 101.0243535 103.4856106 105.9983637 109.0894017 112.4388338 116.2857722 121.0967991 126.6107915 131.639112 135.2164531 138.286973 142.1781667 146.6940474 150.0755112 151.4153243 150.9042646 148.954658 146.1991494 141.4332396 135.240409 128.3233512 122.7094516 119.1932824 115.5259416 112.3230938 109.0975428 107.3368975 106.9251973 107.2828202 109.2472894 111.4491212 114.5439758 117.8310228 120.5958886 123.3942566
87.97909785 113.4376149 131.6573045 126.9193914 113.2160447 112.4302878 121.9790972 128.7134405 124.3023389 117.4933587 113.289785 111.7678158 110.1449523 107.9431288 105.616225 104.181581 104.1772689 104.1857244 103.9292609 103.9148294 103.6707248 103.5240276 103.0566676 102.7459849 102.0911671 101.6153651 101.3102334 101.0405551 102.8661194 104.6770681 107.176995 109.7354941 112.6745345 116.0242106 119.2835739 124.1771894 130.2434713 135.9475354 138.7535831 141.4700919 144.9431492 149.4745591 153.6684916 153.425186 153.2937931 150.6047249 145.5619544 138.456512 134.7077659 128.799452 123.7146847 120.8635367 117.1801257 114.02224 110.2112056 107.9248103 106.4361881 104.1925061 108.9642213 111.0200609 116.7347485 124.2195551 127.7799899 135.7862829
90.12134175 115.3683409 130.3810777 127.9380881 118.6695184 119.1607058 126.3387567 133.2126582 129.0324353 122.6024338 118.8319268 117.2540623 116.6181636 114.1077413 111.3199268 109.7127375 109.3518887 109.4433471 109.4057112 109.2399526 109.0749647 109.0297158 108.7746454 108.3361699 107.6496967 107.0370216 106.3626461 106.3767917 107.5290991 109.3717107 111.6899266 114.0596473 116.8621346 120.1436621 123.8653799 128.4187008 133.5941466 138.3642189 141.9193026 144.8493291 147.9081985 151.12042 153.1741145 153.8592885 152.9624116 150.5939948 147.3853826 142.8862559 138.0635666 132.8361933 128.1051849 124.5543853 120.5807825 117.4768218 113.8321026 111.8789632 110.958799 110.8382372 114.426855 119.4462975 127.4270501 138.013965 148.0646169 156.3758522
89.59574846 110.532316 132.8532473 128.0098339 120.7893676 121.5667693 126.9101857 137.0128403 130.4422655 125.4960339 123.1024396 122.257862 123.1500359 119.7422215 117.1355992 115.4539133 114.918656 115.0815579 114.8462314 115.0215023 114.9465018 115.0117319 114.9875653 114.1309181 113.6010253 112.938754 112.0069768 111.854263 112.9782817 114.5963622 116.6843281 118.637244 121.2080431 124.4662651 128.2520479 132.4646569 136.5796839 141.0512459 144.4403606 147.8488794 150.7189546 153.2778783 154.0136576 154.4078274 153.1833291 151.2700304 149.7941051 147.8836201 142.9873417 138.3415381 133.7127299 129.6086386 125.5191161 122.7704811 119.7976594 118.7096865 118.7366822 119.8739332 126.1354002 133.2901382 143.8512819 156.4169773 173.8510056 183.6117854
79.65183393 98.29177397 117.1309806 119.9918953 112.5920172 114.3696523 118.9474474 123.5618196 126.2400979 128.1211853 127.902284 126.0073265 124.7834085 123.925546 123.264781 122.056048 120.4381846 119.4926305 120.3947013 121.7532054 122.0777054 121.4441431 120.4423163 120.2320032 119.762374 119.2204979 118.5327592 118.1965696 119.1558773 120.5450557 122.1839775 123.7397094 125.8191267 128.6980692 131.9169035 135.439145 139.1162237 142.7947786 146.3358846 149.7518421 152.8548004 156.1661562 157.8982556 156.6359881 154.6230531 153.0551035 152.0912267 150.4895269 147.441088 143.7750752 140.1302091 136.5614414 133.2789336 130.9899372 129.068738 129.5161781 131.359407 135.5544484 143.3442387 153.6793717 164.0592554 172.9396001 188.7229059 208.6693474
68.12701945 82.13810577 106.1728465 113.7702161 106.4587135 109.3721408 115.0422461 116.5649358 124.0864675 132.2977222 133.9567649 129.7316068 127.5257832 128.3127559 129.6415406 129.0444982 126.4828322 124.5102801 126.3439619 129.0702906 129.6537805 128.407865 127.0250788 127.1056448 127.1893314 126.6679403 125.864312 125.1759407 125.7898808 126.9390469 128.2405062 129.1977832 130.7703023 133.1357899 135.6762157 138.5768445 141.5896999 144.61844 147.8097122 151.3210969 154.4974447 158.2757739 161.1867896 158.3487077 155.8795974 154.1560151 153.5080658 153.0525742 150.6260292 148.5502989 146.0667545 143.3799909 141.7827127 140.8772004 140.5824578 143.0755419 147.4952094 152.5802524 162.7302698 173.8593772 183.3527054 188.171085 201.7458242 224.4416191
53.83717844 68.6664789 103.2411895 111.3431275 106.5363656 113.3445181 120.1403737 123.5719688 128.6194191 139.580422 142.0507738 133.9890963 131.1903999 132.9298589 136.1271627 136.2154023 132.5291838 130.2505077 132.0375513 135.7014843 136.8633629 135.5474053 134.5090896 135.0410437 136.2090043 136.0287609 134.4693403 133.2450496 133.3917657 133.9524209 134.651952 135.4403786 136.4360089 138.1536881 140.0071348 142.0948907 144.3604891 146.6965783 149.5600005 152.5058512 155.2250892 158.2129406 159.5895196 158.3332654 155.8357771 154.7121436 154.5457299 154.2097988 153.2999375 152.1542902 151.604904 150.9474868 151.0215679 152.5851828 155.0822614 159.7081782 166.1974521 173.9720876 181.0455856 189.9934732 195.9956667 196.3389112 205.3341108 226.049818
62.79788769 62.4780774 102.1788994 110.8624212 110.7810862 122.4089644 131.3843531 134.0855928 136.0122908 148.2122904 150.6761163 138.8355584 135.8459233 137.943072 142.5740419 143.003755 138.4240896 135.5052797 137.6219422 141.9713748 143.4579207 142.107698 141.6965543 143.0159203 145.2294972 145.219852 143.2924203 141.7510557 141.4200078 141.5453612 141.7843985 142.0159302 142.5830123 143.6384827 144.8229755 146.1797628 147.6258926 149.1809086 151.3398513 153.7038991 155.5513208 157.5742546 158.8633897 158.3251827 156.7808455 155.9350959 155.8114002 155.9860598 155.931904 156.3898817 157.550721 158.944838 161.6261514 165.7783304 170.9150555 177.7314713 186.4559735 192.7038515 194.8059202 198.6129479 202.5228377 202.1548056 207.2795798 222.5753883
-9999 61.63539336 100.3830068 103.4613113 113.2115358 135.3115816 147.0676672 148.1290209 144.6563268 153.879855 156.2509691 143.8689732 140.2189304 142.4854553 147.3708668 148.2200844 143.3400943 140.2145415 142.2413594 146.6308385 148.5300935 147.3842931 147.2186114 149.4646284 152.7906647 153.5718688 151.7948652 150.2729208 149.8390066 149.8587797 149.4644422 149.0971057 148.7775858 149.5045483 150.1443717 150.7752141 151.4127069 151.9338679 153.7564804 155.1316908 156.3082979 157.5032877 158.2114057 159.8537221 160.9064082 160.8495748 159.1088119 158.1697338 160.26197 161.6515335 165.2266092 169.4655697 173.9924646 180.5701317 188.3884513 195.9513081 205.0081181 210.6469333 203.7370182 196.1750981 197.2828642 205.6957424 216.2340781 219.1439661
-9999 -9999 91.77948069 90.36310518 114.1895428 146.786367 162.843272 164.0613086 155.0977377 158.4907193 159.9223205 148.4078534 143.9554173 145.9836381 151.231928 152.4492815 148.342768 145.6021107 147.2363433 151.0123729 152.8638794 152.4308349 153.0520012 155.6538375 159.2393849 160.591781 159.8676434 159.3125468 158.9339903 158.594704 157.7385598 156.779472 156.0448341 156.1050771 156.2538881 156.3187259 156.1838633 155.9937257 156.8878944 157.6418514 157.8467484 158.379437 158.9539571 161.2850045 164.0636836 164.8847883 163.6161583 163.9495847 167.9671726 171.6304816 177.1670493 182.9247092 188.5980922 194.9547821 202.1837498 209.0441696 217.5217757 221.0581968 208.6686024 194.5723168 194.097405 203.2120739 213.4404922 211.6433737
-9999 -9999 -9999 73.17820176 115.9742086 159.1769878 176.9153463 179.3915569 166.2419917 162.22574 162.1918176 151.3385445 145.3591434 148.4338912 154.2731365 155.58711 152.898891 150.8281885 152.0025052 154.8959499 156.8356509 156.8490645 158.2400444 160.8905517 164.5760579 166.7758572 166.9607751 168.0082506 167.487752 167.4457141 166.6254213 164.7150611 163.6901177 163.5565291 163.5988046 162.9818639 161.7845448 160.9454678 161.0894993 160.9265183 161.0246678 161.0277414 161.4115209 163.7245719 164.6349532 167.6214083 171.4423692 175.1703373 181.3188495 187.7302621 194.1049422 199.855857 205.6710403 209.5245186 213.05 217.5079046 225.7465959 225.4396268 211.6856916 196.2145943 191.9358508 197.4259672 201.2841596 202.6482274
-9999 -9999 -9999 65.26331657 113.0975493 160.1699139 182.7041353 186.8799731 173.0701975 161.745268 158.962744 152.7753923 148.7372532 151.6439817 156.5941338 158.0252695 156.3596024 155.032525 156.4510374 158.8364092 160.7474019 161.4365249 163.2499654 166.2630013 170.0348134 172.4157026 173.2436348 174.4031399 174.5728211 175.1199219 174.7652984 173.2037368 172.2084574 172.1731965 172.1961439 171.0386469 168.8095085 167.2217814 166.6804586 166.3940163 166.4261986 166.5269786 167.1204883 168.8429623 170.9794111 175.8577476 182.8853631 190.7260024 198.149007 205.1932518 211.6534884 216.9087801 222.628764 224.589116 226.8006275 230.2117674 236.7582337 235.702372 219.3507214 200.8031892 193.1988348 195.7773593 199.2341018 199.5349312
-9999 -9999 -9999 63.08814036 108.901133 154.9714679 176.8917243 188.5730691 177.5492264 160.890669 153.6490927 150.9739322 155.2605586 156.3811165 158.2208315 159.5734181 159.2157789 158.5246545 159.9952487 162.4635686 164.353603 165.3549822 167.3105383 170.7189614 175.1827941 177.7102985 177.5527473 178.7100795 180.0187999 181.4414863 182.0439476 180.7708285 180.739567 181.764933 182.2121239 180.7415142 177.0950288 174.1786081 173.7045052 173.3564144 173.8738189 174.4148931 175.6818212 177.9022332 181.0848373 187.527804 197.561558 209.1680995 214.7583215 221.6060185 227.321043 232.2481672 237.0815234 237.2707448 240.3845742 241.3771888 245.1323343 249.0954086 225.983467 204.5020506 196.8567918 199.9247102 206.1943938 202.5639092
-9999 -9999 -9999 -9999 91.21917615 133.1342891 161.2410727 177.6486543 174.1207826 158.9892915 150.1756891 148.2688187 154.5643989 160.0382899 162.7850237 164.2729022 163.459117 163.0901044 164.2224831 166.2069787 168.2475409 169.7992538 172.0446257 175.3788211 179.3963034 181.8660513 182.3817931 183.8036395 185.7907657 187.9928329 189.4943762 189.4871504 190.5876134 193.0490196 195.3711148 194.1481403 189.3769083 185.089583 182.6714761 181.93233 182.4862262 183.7625103 186.2785594 188.7728123 192.9529437 200.009182 209.6628244 220.1298671 225.9705658 231.5075768 236.5299054 241.6888319 245.3523106 243.7774019 240.8244784 237.751501 236.6511562 234.6081437 220.0561377 206.0413617 201.0096329 204.7529171 209.3470974 207.3789373
-9999 -9999 -9999 -9999 69.43625625 105.0642167 137.8814685 166.6176814 168.501351 156.0005308 150.3364787 149.213375 155.810129 160.7186489 168.3344903 172.1586695 169.2900763 168.0688879 168.302959 169.9019641 171.6179741 173.3436654 176.0089071 178.5539092 182.3262856 185.0148049 186.0215562 188.7149351 190.9268023 194.4916962 196.9678693 196.7937725 199.5198465 203.3585602 209.7242775 209.4512885 202.0900923 197.4458083 193.5367305 190.830711 191.4547537 193.6239853 197.3650337 200.6438038 204.7594085 211.2878892 219.1304203 228.1726412 233.4564921 237.5746069 241.9048908 248.4804189 252.395803 247.5628695 236.502357 228.174121 222.8740728 210.1641885 208.5322356 204.8580121 204.3449327 209.0664376 212.3138447 212.4406292
-9999 -9999 -9999 -9999 -9999 71.17787075 109.2185491 144.9118549 157.8945807 155.486562 157.3454718 159.9664598 161.9072668 162.9936609 169.9923029 176.4188844 175.9113161 174.6848063 172.9156131 173.0462008 174.097617 175.2359477 177.332736 180.5982999 184.1473365 187.371965 189.8944431 193.2692965 196.5968918 200.072924 202.8367041 203.8409249 206.3177573 210.3848647 216.2043953 217.4143846 213.2458316 208.9096386 203.6432396 200.2850178 200.7707386 203.7689103 208.2358255 211.4672597 215.6302487 221.1602442 227.4723749 235.1141304 241.3123962 247.3377856 251.8078891 255.9492195 257.780746 255.2169092 247.4919566 236.4910789 222.3291643 210.2311687 206.2865849 206.181733 207.5819429 211.8348795 214.3918518 215.2478297
-9999 -9999 -9999 -9999 -9999 53.99310117 84.50684608 133.1395578 146.1060797 154.7760877 168.7369509 182.9155749 193.1464027 176.3076198 174.0410315 178.385854 176.5749809 180.2079176 177.5865577 176.2361302 177.8419485 178.6729713 177.9269376 182.9100334 185.9295647 189.0661491 193.9143565 197.6262801 201.2484759 205.0273972 208.1319351 210.7743341 212.5947947 216.4819311 218.2626735 220.7580105 219.6756401 219.3265452 213.1018788 208.4907671 209.3651097 214.3181187 219.363939 222.360856 225.3654572 229.2445949 233.8200353 241.0973569 247.0828283 256.8369206 261.5480471 261.8959897 262.7464183 260.8825755 261.7962953 250.2884977 227.7281739 213.2939914 211.084557 211.6098503 213.5222105 215.9632997 217.7776804 217.6836463
-9999 -9999 -9999 -9999 -9999 -9999 66.71308091 101.1988365 128.3544265 159.9878576 183.651666 193.9397065 194.9660536 181.0213785 170.7532448 167.4096892 165.9160204 171.4934136 175.3309123 183.3750047 188.152268 186.0541887 187.0695353 188.0371632 191.8312666 194.5837953 196.9059306 200.6237933 204.4282273 210.9887999 214.3519515 214.8040717 216.9021357 218.4906048 220.9458534 223.3471731 222.562766 222.8023513 220.1917022 218.385038 220.1805211 224.1329015 229.3084347 231.9298904 234.2008174 236.2179263 236.8139155 241.0110577 246.851577 255.4985296 260.2658052 263.3799526 264.4749569 257.8054595 249.4025515 239.508003 228.2335075 221.5803203 219.311095 221.1933325 221.9796084 221.9166354 221.34674 220.8937596
-9999 -9999 -9999 -9999 -9999 -9999 58.42731913 87.1650996 107.9967271 157.4785045 186.7167256 190.5277813 191.489196 176.2458164 163.4420606 156.2105751 154.7865172 162.2078958 163.8303195 177.8510314 187.2360779 183.6283231 192.4020627 192.8848733 196.4060814 198.2817595 199.6438392 202.0277907 203.7167249 211.9542621 219.2307284 217.837054 222.0165809 223.4455722 224.6327625 223.9107191 224.3284579 226.3044554 226.5181899 226.9393003 229.2390134 232.2937784 238.1053693 238.198691 240.2345889 241.0145459 238.775976 237.6712917 243.8071102 250.4941835 253.1428492 256.491748 262.9569334 247.0234862 231.7789123 224.8883997 225.9314898 226.3650494 226.7736634 229.8578722 230.1648936 227.6266622 225.9749249 225.5676822
-9999 -9999 -9999 -9999 -9999 -9999 -9999 60.26982849 91.83113711 138.1080579 166.5721559 171.0293842 163.4781289 159.0806745 152.1045815 150.1761355 154.0908714 153.1135701 155.0537615 156.1888572 162.1803528 172.5944887 182.7404177 192.5513229 199.9286867 203.5341333 201.7125949 200.2126983 205.1349307 212.6535845 214.6197235 213.1274873 213.2208331 219.16607 226.608786 231.9633458 230.0644671 229.6229751 231.9796695 234.3496037 235.8992257 235.7916142 236.6898052 237.8900566 240.3629234 240.9815835 240.1601236 241.1051103 241.7377771 242.9462644 242.3697464 241.673453 237.9758031 235.4723527 230.6823997 228.4732962 228.7993654 229.8530536 231.8148254 233.5379883 234.153017 233.28579 231.8508296 230.6008348
-9999 -9999 -9999 -9999 -9999 -9999 -9999 48.21015968 75.76484215 121.1717406 147.8032619 148.9150396 144.2157963 155.3355191 153.0657839 156.8513695 169.360737 168.31645 168.614826 172.1668392 172.1809387 177.6125652 190.4814871 194.5047014 205.0441272 210.1243043 207.9668517 200.0908302 204.8339173 209.2972419 207.8623889 203.114458 201.4307679 213.0428046 226.0044277 235.1575171 233.1610878 232.7509949 237.2797411 240.6049987 241.6342919 237.9704009 234.1850035 232.9965226 235.1963766 234.7790914 234.9707931 239.5111235 238.1443438 236.812141 235.2093578 231.9162145 223.4305956 231.2461982 234.5998637 234.9884847 234.3292042 234.108981 235.1352792 236.6245823 237.2181283 237.0342898 237.8513623 235.8942142
-9999 -9999 -9999 -9999 -9999 -9999 -9999 91.37555825 73.98597585 95.24333249 119.9641066 135.2145457 154.9155193 165.0350481 175.8464375 183.7451125 186.7340003 190.4811666 186.3944914 185.9593357 184.9721138 184.4400529 188.2731572 195.4270544 210.7930257 219.9600925 218.0619387 212.5436086 215.3081126 210.9801019 206.9077053 199.580785 196.1985763 210.8457653 226.2834312 236.0409331 239.838972 235.2684678 240.352709 245.2672119 244.4734605 238.1737194 230.9463953 225.5274134 221.5609208 220.5686896 222.5515372 224.345631 230.5006613 234.5033163 235.6888047 234.4365186 234.2027877 235.845427 238.2276248 239.4965757 238.8445301 238.5355698 239.315961 240.4331502 241.3827359 241.7607713 241.3990801 242.4471917
-9999 -9999 -9999 -9999 -9999 -9999 -9999 -9999 92.57252803 74.46580611 94.15214206 120.4052283 154.1124645 162.9234356 182.5241626 195.7311569 195.8160403 203.8749056 198.5146647 193.1555104 189.6321669 186.739247 190.8510667 195.8111591 212.5250802 223.1421931 223.8446121 222.4009042 224.225476 219.3063149 213.8897002 205.2163868 199.9010451 215.5772501 230.3219607 238.9662597 240.3396029 236.2041642 239.9094387 244.6756457 243.7195138 236.3818089 228.4399893 222.1266686 213.9709348 212.6680618 216.541821 217.9423887 227.9036822 235.4393764 238.9275188 240.1156527 241.1650534 239.645661 240.1049092 241.2492286 241.2072482 242.9559258 245.157084 246.6534997 248.0536236 248.3737104 248.3955704 251.0282905
