meets/meet004/data/CCSM_21k_neotropic_bio06.asc
NCOLS 154 
NROWS 168 
XLLCORNER -112 
YLLCORNER -55.5 
CELLSIZE 0.5 
NODATA_value -9999 
[rows 84 to 111 of 168, columns 64 to 127 of 154]
-9999 -9999 -9999 -9999 -9999 -9999 -9999 14.71342834 8.973826933 2.299137928 -2.020014275 -3.537280643 -4.634110754 -6.481700394 -8.11475264 -7.909370976 -6.555604304 -5.215421338 -2.572560279 -0.397009489 2.448643336 5.283535658 7.895969348 10.8977371 13.61724596 15.06453838 15.1537349 15.1945202 15.18886405 15.29456735 15.35873612 15.36777128 15.19918622 14.092609 12.78391429 11.85835156 11.52889253 11.34083382 11.06664591 10.94162653 10.85193663 10.86510405 10.95487525 10.99691114 10.89943113 10.97867622 11.080867 10.93321887 11.21637896 11.35299681 11.77110373 12.38794099 13.09664223 13.21048099 13.30543563 13.36047134 13.15445307 13.08889655 13.22529893 13.4182614 13.31749717 12.95446973 12.56913701 12.24779927
-9999 -9999 -9999 -9999 -9999 -9999 -9999 14.07902394 10.85902814 6.113312532 1.821760246 -1.762134228 -5.410308304 -7.629949889 -9.925415908 -10.8327158 -9.931648118 -9.439628651 -7.401220051 -5.71490727 -2.715249985 1.01512124 4.659741216 8.444189666 11.10963618 13.22679476 14.14160251 14.6989689 14.81100949 15.19767246 15.46539431 15.84805296 15.87215972 14.4760277 12.83097653 11.82867274 11.3528237 11.17827238 11.07550868 10.97133546 10.98287537 11.09671353 11.13986823 11.48384308 11.6941546 11.85164722 11.93682198 11.95228751 11.91601268 11.99287807 12.22787059 12.52573855 12.83585752 12.99020202 13.00782185 12.95704956 12.75881203 12.65297951 12.72172052 12.8505184 12.69239123 12.3330046 11.98265784 11.6621249
-9999 -9999 -9999 -9999 -9999 -9999 -9999 -9999 12.37625618 9.795571477 6.03955013 1.58027859 -3.582588926 -5.823553296 -9.014055139 -10.64840462 -10.5772417 -11.144192 -9.563177757 -8.696321817 -5.92168939 -1.715351201 1.807949408 5.670805439 8.655834063 11.04379876 12.46327214 13.64391 14.05375037 14.56533782 14.80661834 15.22138553 15.65181278 14.01473268 12.45821478 11.65580611 11.32863452 11.24178823 11.3838587 11.36962755 11.50919863 11.72875853 11.75749879 12.30737946 12.72676311 12.89722771 12.93359057 12.87801836 12.58181123 12.42522044 12.45140189 12.45350148 12.68038858 12.82656278 12.77502612 12.68128711 12.43697782 12.17592674 12.12610382 12.13129673 11.91733148 11.59126463 11.27544762 11.02414864
-9999 -9999 -9999 -9999 -9999 -9999 -9999 -9999 -9999 12.41465007 10.01107688 6.79287971 3.173664379 -0.505164683 -3.783390035 -6.430547957 -8.083400446 -9.194230942 -9.204071858 -8.700697302 -6.818832657 -3.773529605 -0.45699678 2.60836386 5.438592734 8.312443514 10.27752582 11.85075475 12.85665326 13.37276618 13.73876159 13.61040337 13.06984518 12.70561491 12.03640341 11.66513348 11.68215135 11.82980291 11.98022074 12.26127302 12.53900811 12.7518363 13.17446183 13.39122102 13.71377223 13.80334253 13.63790886 13.42764117 12.88632529 12.37765655 12.23232074 12.39907814 12.626899 12.71031675 12.69544357 12.49251584 12.11608201 11.73656994 11.49001809 11.20464556 10.92456184 10.70938155 10.44534879 10.33565215
-9999 -9999 -9999 -9999 -9999 -9999 -9999 -9999 -9999 -9999 -9999 10.8912184 8.793235496 5.424343039 2.240202473 -1.197606292 -4.15396224 -6.62562087 -8.039632569 -8.554659378 -7.46013936 -5.570471089 -2.892496464 -0.206602804 2.244529583 5.213913576 7.821703958 9.929401253 11.48912654 12.27314606 12.70290243 12.49639542 11.77174578 11.9975587 11.88832654 11.82214713 12.08221268 12.2276295 12.347809 12.74426718 13.11249287 13.44143929 13.99492339 14.12370596 14.3226586 14.3050323 14.00434379 13.76473216 13.06854393 12.38233129 12.21295235 12.41199038 12.68836867 12.69730144 12.58698427 12.32813703 11.87408296 11.37113866 10.99791612 10.56714344 10.22685811 10.11208206 9.856839393 9.830583174
-9999 -9999 -9999 -9999 -9999 -9999 -9999 -9999 -9999 -9999 -9999 -9999 -9999 10.14644143 8.006422911 4.652770424 0.358474121 -3.916547555 -6.098717321 -7.921391724 -8.566760402 -7.092479792 -5.742121274 -3.313808727 -0.550202038 2.275141128 4.815027861 7.542972589 9.352083166 10.87033264 11.90284084 12.04609544 12.42609411 12.34850113 12.16214625 12.29516493 12.22684668 12.35922696 12.45075674 12.55034489 12.94264877 13.57333485 14.09376946 14.25864891 14.31726083 14.26047654 14.12182403 13.81018136 13.2882929 12.68601315 12.41404232 12.60897605 12.68309429 12.41915411 12.28277595 11.88805472 11.36310006 11.01144812 10.5726277 10.25206417 9.996318877 9.812698928 9.662576963 9.581860788
-9999 -9999 -9999 -9999 -9999 -9999 -9999 -9999 -9999 -9999 -9999 -9999 -9999 -9999 -9999 9.300317606 5.693396305 1.344316768 -2.134537034 -5.685267545 -7.548398587 -7.638847527 -7.063959742 -5.400596772 -3.712934029 -1.287067931 1.283559718 4.086602592 6.319298033 8.341367879 10.04007154 11.11561434 12.06113838 12.39744431 12.54436467 12.60214389 12.5096758 12.46101166 12.42474507 12.53662956 12.88651199 13.49139576 14.02114793 14.17965183 14.20993538 14.21232364 14.1705571 13.97462251 13.61926986 13.08046171 12.72108307 12.58146991 12.30184525 11.7407947 11.2568606 10.78003028 10.3685287 10.19088776 10.01527537 9.887301124 9.780968833 9.745583046 9.597693142 9.520392653
-9999 -9999 -9999 -9999 -9999 -9999 -9999 -9999 -9999 -9999 -9999 -9999 -9999 -9999 -9999 -9999 -9999 9.587019037 3.878123759 -1.630981066 -5.163448851 -6.34428891 -6.719269918 -6.949515216 -6.744740735 -5.266685874 -2.578297019 -0.00910227 2.515412322 4.584216182 7.068866398 8.937951219 10.70112478 11.84863522 12.52689692 12.95588406 12.73732761 12.54937644 12.52200237 12.69801222 12.99869512 13.47384752 13.94136544 14.09529111 14.10014192 14.18234008 14.3132022 14.22935874 13.92041369 13.56966487 13.054053 12.36186361 11.52336512 10.73474331 9.719070661 9.146332227 9.147357296 8.973623987 9.287457369 9.534649377 9.638803887 9.686284298 9.601262114 9.519402235
-9999 -9999 -9999 -9999 -9999 -9999 -9999 -9999 -9999 -9999 -9999 -9999 -9999 -9999 -9999 -9999 -9999 12.85067588 8.433213739 3.251111525 -0.858268049 -3.834635142 -6.005712288 -7.540431009 -8.179181169 -7.446894556 -5.335490528 -3.268381717 -0.875781245 1.202327614 3.829123844 6.44445305 8.620161172 10.7428148 12.10576871 12.97278823 12.87423461 12.50786125 12.47173592 12.59824781 12.84586428 13.25071941 13.65224342 13.87251499 14.02311728 14.20106415 14.37003666 14.26599228 14.02827318 13.67614762 13.05798911 12.15593039 11.05959039 10.05449262 9.055309309 8.51257892 8.60457616 8.678472939 9.077657586 9.341986178 9.498693522 9.623487558 9.604740185 9.497511595
-9999 -9999 -9999 -9999 -9999 -9999 -9999 -9999 -9999 -9999 -9999 -9999 -9999 -9999 -9999 -9999 -9999 -9999 -9999 8.026406108 3.741395411 -1.112759199 -5.411361844 -7.375529545 -8.267287095 -8.341326168 -7.126607933 -5.727542354 -3.28996569 -1.357347993 1.276718364 3.85698229 6.356467163 9.28083827 11.42838852 12.79260729 12.77667642 12.37510425 12.39459762 12.3208082 12.51581827 12.95710052 13.24091453 13.69432555 14.00499489 14.20720315 14.34370129 14.13068128 13.85139818 13.5305233 12.90772624 11.95730939 10.88579456 9.982338902 9.136532619 8.691952242 8.871346427 9.072737465 9.265740983 9.333055889 9.468660943 9.66779663 9.625441039 9.367400134
-9999 -9999 -9999 -9999 -9999 -9999 -9999 -9999 -9999 -9999 -9999 -9999 -9999 -9999 -9999 -9999 -9999 -9999 -9999 10.0164321 6.27238371 1.259657152 -3.326200676 -6.411882679 -7.886430955 -8.413565052 -7.619346486 -6.186870556 -4.266772286 -2.453501159 0.006607601 2.407290658 4.84205959 8.005009457 10.64707042 12.33083274 12.63604494 12.38486367 12.44976533 12.37391437 12.52756261 12.88080161 13.25865751 13.71523208 14.0746418 14.25042898 14.19944245 13.88657791 13.49767582 13.07234945 12.51864964 11.87427011 11.13846608 10.42644566 9.827548753 9.493038378 9.554372188 9.663444749 9.758851613 9.84511711 9.867839037 9.886399315 9.744502551 9.232144143
-9999 -9999 -9999 -9999 -9999 -9999 -9999 -9999 -9999 -9999 -9999 -9999 -9999 -9999 -9999 -9999 -9999 -9999 -9999 -9999 7.804043832 3.205784679 -1.37697611 -5.200560208 -7.564419127 -8.591143803 -7.647003045 -5.98803737 -4.418918646 -2.828077543 -0.66712004 1.407920889 3.783407914 7.07457709 9.916834199 11.88817728 12.29123185 12.49810296 12.52172869 12.54437508 12.73863154 13.0583336 13.44330249 13.81986578 14.2198293 14.28664516 13.97171064 13.56764281 12.96827471 12.42564491 11.99301266 11.71751376 11.47226415 10.961181 10.61544462 10.35631192 10.23142824 10.20492436 10.20967273 10.39957114 10.24937216 9.997561904 9.916100616 8.836606235
-9999 -9999 -9999 -9999 -9999 -9999 -9999 -9999 -9999 -9999 -9999 -9999 -9999 -9999 -9999 -9999 -9999 -9999 -9999 -9999 8.498864543 4.071447646 -0.482556642 -4.631111821 -7.416253773 -8.587699988 -7.804902494 -5.994848787 -4.493492025 -2.847444064 -0.804318847 0.889425285 3.110904948 6.302568342 9.27644734 11.24179457 11.7905418 11.90320112 12.37707955 12.84164584 13.17892592 13.21686025 13.37726615 13.7080783 14.05613922 13.99757446 13.61380475 13.02361668 12.21002962 11.52099864 11.19472676 11.33489136 11.49030341 11.31135488 11.08057916 10.8675194 10.67834201 10.59314078 10.44598729 10.31648169 9.939383633 9.455465784 8.852165693 7.94201838
-9999 -9999 -9999 -9999 -9999 -9999 -9999 -9999 -9999 -9999 -9999 -9999 -9999 -9999 -9999 -9999 -9999 -9999 -9999 -9999 9.064140441 4.685330166 -0.118854054 -4.653965138 -7.938364976 -9.268763494 -8.200940155 -6.15508273 -4.541716085 -2.837882202 -0.927727007 0.416429006 2.354495836 5.815179184 8.805196638 10.75543415 11.06486656 11.15252331 12.0157585 13.02355331 13.46288153 13.27891504 13.0726545 13.45390184 13.77639117 13.57799969 13.01130261 12.36004171 11.39228298 10.47297873 10.27228364 10.8959507 11.50160382 11.32621378 11.25113976 11.11333838 10.88537937 10.82789585 10.36250383 9.978093147 9.35834024 8.659327771 7.631956603 7.099724738
-9999 -9999 -9999 -9999 -9999 -9999 -9999 -9999 -9999 -9999 -9999 -9999 -9999 -9999 -9999 -9999 -9999 -9999 -9999 -9999 9.084803198 4.44203262 -0.54307846 -5.06223755 -8.305381529 -9.622320911 -8.675378524 -6.670951523 -4.773599118 -2.785567651 -0.776434625 0.550734113 2.478070101 5.576707727 8.572814608 10.40055246 10.65786995 10.67627474 11.51891254 12.49147415 13.00729929 13.08069952 13.06780551 13.14304679 13.21145539 12.87849669 12.27232211 11.53454894 10.67295187 10.01207425 9.87271472 10.3005803 10.88925963 10.99674991 11.01043861 10.91522343 10.67586299 10.45350377 10.01190368 9.549531836 8.88453053 8.170144702 7.373984299 6.682762469
-9999 -9999 -9999 -9999 -9999 -9999 -9999 -9999 -9999 -9999 -9999 -9999 -9999 -9999 -9999 -9999 -9999 -9999 -9999 -9999 9.161231964 4.094095353 -1.227729878 -5.660361748 -8.931312657 -10.16200736 -8.902727295 -7.104831516 -4.824189234 -2.651314304 -0.588344443 0.677621339 2.487259969 5.689474329 8.696320677 10.391386 10.31053008 10.17071573 11.05374413 11.97013085 12.47917379 12.66736356 12.7826935 12.67280798 12.56261903 12.12431554 11.45126727 10.6627982 10.03831321 9.508899053 9.396145968 9.750222975 10.23153996 10.28397189 10.44227309 10.44873794 10.2760651 10.00422042 9.631294305 9.119716946 8.45743873 7.761733648 7.140343484 6.506269531
-9999 -9999 -9999 -9999 -9999 -9999 -9999 -9999 -9999 -9999 -9999 -9999 -9999 -9999 -9999 -9999 -9999 -9999 -9999 -9999 9.081889445 3.570784067 -2.052029597 -6.236923263 -8.850455915 -9.826678336 -8.701418847 -6.69735917 -4.615387183 -2.505512894 -0.448672647 0.923173704 2.86169086 5.809646945 8.659803316 10.23087354 10.17215753 9.993333748 10.70247881 11.62709947 12.10137305 12.05784888 11.93802007 11.94729777 11.77982403 11.3241457 10.71496915 9.9910626 9.429359964 9.019555886 8.837304932 8.958539113 9.176833071 9.30703702 9.432678058 9.524566701 9.659093081 9.597062119 9.137312621 8.561033069 7.883465853 7.224012026 6.668046335 6.261118959
-9999 -9999 -9999 -9999 -9999 -9999 -9999 -9999 -9999 -9999 -9999 -9999 -9999 -9999 -9999 -9999 -9999 -9999 -9999 -9999 9.166841036 3.10761362 -2.915570358 -6.592035895 -8.742338614 -9.474872012 -8.130484771 -6.116556839 -4.104999565 -2.103260289 -0.120812298 1.209793789 3.115131413 6.005078973 8.720035811 10.13751077 9.89123159 9.656933557 10.40908004 11.31317195 11.71822646 11.47789836 11.1853308 11.34448604 11.21298288 10.84169524 10.31146891 9.44382474 9.073125199 8.641058512 8.374483921 8.34042301 8.251736228 8.455970778 8.538074969 8.618843435 8.865404801 8.866076908 8.294378635 7.684306843 7.048741602 6.569620115 6.113144273 5.836702043
-9999 -9999 -9999 -9999 -9999 -9999 -9999 -9999 -9999 -9999 -9999 -9999 -9999 -9999 -9999 -9999 -9999 -9999 -9999 12.49901657 8.804100401 2.8349753 -2.862303194 -6.497284912 -8.140945373 -8.613429095 -7.402127161 -5.348160457 -3.398765381 -1.376793151 0.522646834 1.812190765 3.528204984 6.125393354 8.648281254 9.90925337 9.62690525 9.301183808 9.95958649 10.73797727 11.12814453 10.93714726 10.79525428 10.89648864 11.05335111 10.76375316 10.21873503 9.616948256 8.997582343 8.469119144 8.092765013 7.989983835 7.934129497 7.960097889 7.958266225 7.920951855 7.949822549 7.681390267 7.28441998 6.640832491 6.161990425 5.877132884 5.558339526 5.556746716
-9999 -9999 -9999 -9999 -9999 -9999 -9999 -9999 -9999 -9999 -9999 -9999 -9999 -9999 -9999 -9999 -9999 -9999 -9999 12.22782249 8.479094323 2.384104811 -3.283292928 -6.681956898 -7.991648246 -8.2648492 -6.87279257 -4.71922737 -2.865839431 -0.897881704 0.928519314 2.070118226 3.818771453 6.269037064 8.478110212 9.570389331 9.1833693 8.823696501 9.389862452 10.09917177 10.46153191 10.32649508 10.22034433 10.33213781 10.58005429 10.44437647 10.00093346 9.533288312 8.930133453 8.385580238 8.029268801 7.924394812 7.802789498 7.807566698 7.648636792 7.46031395 7.315304583 6.848366719 6.433637348 5.825708987 5.304223418 5.201218239 5.105243775 4.984052938
-9999 -9999 -9999 -9999 -9999 -9999 -9999 -9999 -9999 -9999 -9999 -9999 -9999 -9999 -9999 -9999 -9999 -9999 -9999 11.64564301 7.779323775 1.718322751 -3.845417056 -7.09601988 -8.283186361 -8.312627659 -6.711559587 -4.444316322 -2.584653743 -0.860619815 0.920709764 2.381870038 4.010432933 6.12366746 8.043896833 8.930303942 8.731251468 8.354988947 8.817672365 9.331199732 9.680313882 9.616599426 9.461887591 9.617297363 9.718989963 9.632305661 9.450611604 9.130665101 8.715067093 8.337041186 7.971437131 7.736470935 7.614910635 7.441115572 7.342578515 7.036756067 6.685610068 6.289948748 5.77797746 5.17062927 4.997140608 4.880901501 4.625351 4.988065354
-9999 -9999 -9999 -9999 -9999 -9999 -9999 -9999 -9999 -9999 -9999 -9999 -9999 -9999 -9999 -9999 -9999 -9999 -9999 10.889682 6.79796688 0.616409898 -4.940040186 -8.080671693 -9.024909344 -8.835697864 -6.955060462 -4.453634439 -2.457664975 -0.678431342 1.156206279 2.550266678 4.157814469 6.075356554 7.624594033 8.539326774 8.453726119 8.218043369 8.640483613 8.926874219 9.144355091 9.123209824 8.952898691 9.023603035 8.994268455 8.942400401 8.948295182 8.734245932 8.427829405 8.170441245 7.808592009 7.53022451 7.228851929 6.908936989 6.674136337 6.315212021 5.920602343 5.539688813 5.103072492 4.621992795 4.332290338 4.391039351 4.682901629 5.464805235
-9999 -9999 -9999 -9999 -9999 -9999 -9999 -9999 -9999 -9999 -9999 -9999 -9999 -9999 -9999 -9999 -9999 -9999 -9999 9.741612956 5.462135665 -0.749567887 -6.268673231 -9.141514143 -10.01134416 -9.579784149 -7.357789693 -4.68209523 -2.294018563 -0.174320806 1.688325325 2.94449259 4.287893691 5.918866744 7.327032906 8.138346916 8.297077876 8.436919071 8.572527867 8.781462002 8.933108453 8.806962958 8.744629497 8.571535166 8.483358128 8.425956105 8.441431169 8.362046257 8.198449071 8.022918159 7.669404688 7.231359849 6.740372088 6.294618845 5.808041041 5.379074098 5.00766906 4.639339551 4.192484196 3.712032091 4.200783778 4.560304233 5.596371994 7.079709065
-9999 -9999 -9999 -9999 -9999 -9999 -9999 -9999 -9999 -9999 -9999 -9999 -9999 -9999 -9999 -9999 -9999 -9999 -9999 8.579053435 4.092889269 -1.980107849 -7.344592597 -9.994200245 -10.6687544 -10.04066816 -7.722609785 -4.859214333 -2.111073475 0.29753068 2.262081589 3.41674278 4.407266824 5.738448138 6.855434732 7.619768587 7.911201862 8.131056911 8.284250359 8.385062134 8.466094555 8.35855628 8.238927348 8.06458851 7.920694725 7.881726886 7.988020838 7.992397653 7.939885706 7.789714262 7.421069373 6.946863538 6.349318917 5.790116435 5.205664483 4.724067281 4.358846585 4.03903281 3.371956011 3.358032372 3.952829614 5.07814227 6.755357217 8.374076488
-9999 -9999 -9999 -9999 -9999 -9999 -9999 -9999 -9999 -9999 -9999 -9999 -9999 -9999 -9999 -9999 -9999 -9999 -9999 7.508808188 3.001044468 -3.013664874 -8.211132706 -10.34657343 -10.83280622 -10.04565999 -7.635225157 -4.887381775 -1.801222739 0.951425825 2.913256259 3.812663317 4.541753283 5.594956028 6.384089472 6.970595224 7.229062549 7.356662069 7.672858481 7.71822765 7.760776404 7.662754193 7.503181906 7.416934702 7.319898958 7.347349119 7.536266155 7.580257395 7.568681598 7.487866617 7.140468145 6.668290875 6.056337945 5.442611547 4.86935361 4.375828335 3.959384662 3.715175036 3.011917879 2.705785116 4.105890807 5.906330042 8.332012681 -9999
-9999 -9999 -9999 -9999 -9999 -9999 -9999 -9999 -9999 -9999 -9999 -9999 -9999 -9999 -9999 -9999 -9999 -9999 -9999 6.43991698 2.028167297 -3.334652744 -7.747293214 -9.608729161 -9.734461459 -8.868963743 -6.758217338 -4.104750658 -1.039443303 1.749158817 3.662051304 4.391097738 4.876657019 5.620556377 6.210409711 6.668275757 6.864667919 6.903986771 7.083403901 7.073441092 7.097961234 7.049165346 6.925079739 6.930339609 6.902738831 6.966726185 7.170788518 7.222914457 7.256259243 7.165029875 6.836395026 6.383567951 5.806092714 5.219542698 4.643999618 4.15359163 3.73061378 3.481036676 2.509304429 2.321322533 3.775684606 6.168977724 8.734116251 -9999
-9999 -9999 -9999 -9999 -9999 -9999 -9999 -9999 -9999 -9999 -9999 -9999 -9999 -9999 -9999 -9999 -9999 -9999 8.732019277 5.202743253 1.063818951 -3.521749533 -7.070563236 -8.285075834 -7.996905146 -7.030782576 -5.267911836 -2.915114047 -0.078461581 2.744150456 4.463040048 4.820064195 5.207495369 5.723501805 6.213472342 6.502469536 6.560146424 6.638706473 6.590988873 6.493444695 6.496209473 6.477645983 6.471770673 6.508484163 6.580571985 6.690206526 6.852329384 6.876603968 6.899809453 6.840148109 6.563335607 6.132490486 5.588548996 5.033857779 4.460670977 3.985391448 3.553436693 3.249995017 2.55483944 1.982407613 3.53613237 6.146500549 8.702482502 -9999
-9999 -9999 -9999 -9999 -9999 -9999 -9999 -9999 -9999 -9999 -9999 -9999 -9999 -9999 -9999 -9999 -9999 -9999 7.457415106 3.301595591 -0.576931063 -3.985257981 -6.15904542 -6.841243596 -6.28576303 -5.243209654 -3.633241582 -1.575911622 0.752150157 2.924816976 4.391959021 4.883003996 5.16335188 5.524769946 5.812591175 6.037231775 6.069789514 6.047462767 6.081578767 6.045608821 6.069489295 6.074314079 6.06794609 6.187813864 6.319576104 6.438660385 6.508031077 6.508747172 6.550812654 6.510737252 6.260137121 5.884407777 5.396007246 4.894267625 4.3833062 3.936647587 3.529264553 3.2354282 2.236940856 1.78638724 3.195341392 5.946691955 8.572186826 -9999
