meets/meet004/data/CCSM_6k_neotropic_bio17.asc
NCOLS 154 
NROWS 168 
XLLCORNER -112 
YLLCORNER -55.5 
CELLSIZE 0.5 
NODATA_value -9999 
[rows 58 to 86 of 168, columns 64 to 127 of 154]
383.8395654 285.3525305 209.5817405 189.9737921 197.2555983 240.0417461 285.6471919 325.6359508 346.5406838 369.0893277 379.4039654 397.2837127 419.6809793 432.7725607 447.218256 447.0500627 444.8168704 450.8153386 450.6638521 458.4080035 456.0669942 445.8386534 446.0177929 444.2692777 451.2848623 453.0968059 405.4862781 357.5423141 320.6893643 290.0692686 276.4323854 274.6556101 274.2340746 286.2694173 295.6725569 309.7842756 328.5887248 342.3033493 363.1021763 377.0534798 390.7170747 391.2001349 384.0498769 372.3101562 365.8594408 358.6483 349.4837054 283.1245458 230.9893008 185.9063624 161.0451459 145.5143207 134.8133752 131.0472132 129.0093312 129.5066732 129.2287505 127.0041675 122.5581065 117.8958984 110.4436352 100.7341644 91.82492438 -9999
301.6806124 230.9988926 173.7629647 167.868337 186.1991201 227.400509 267.6293993 304.4825163 316.796198 334.0286888 345.3570102 362.8958644 385.2266284 393.7855662 400.1701108 400.0670331 404.4768001 406.7757143 410.0154933 409.0514522 406.0217599 408.4908531 406.4065238 408.7140125 409.8714003 411.6340599 418.1508046 399.9740816 372.4486437 353.9503285 344.9042202 345.1448792 352.9722756 365.0611247 381.5787661 398.9629713 394.3107327 380.340769 373.4949036 362.6564931 355.8794024 350.6719846 342.9086836 338.0400211 328.8963821 321.5599433 323.1458093 306.570782 254.5131651 209.1544224 183.9312601 162.9292142 153.2578107 147.0667999 146.3848931 146.5377995 144.4593017 145.6992319 141.0462641 138.4160835 132.0451458 122.2976609 117.1626385 107.5661491
235.4971989 180.3464085 145.0385392 149.8738762 177.0121436 212.3917973 245.7119472 274.3283989 293.0692855 307.3058827 313.6554841 324.8399074 340.0535415 348.4502482 355.3599471 354.6680145 354.8173994 358.7939623 359.4834306 361.8706548 361.4036378 361.0813933 364.1526553 365.4688976 370.2651881 373.4802158 376.2671499 381.166314 381.742828 384.4381949 383.6716445 377.8102725 375.597628 365.832931 358.0668094 348.947984 335.5658042 327.4617846 317.1650747 312.1900369 308.3600212 301.9538925 298.8601994 293.0372742 290.1212078 287.4778558 287.1933644 289.3268431 284.3157026 240.558844 215.6172035 196.3488084 183.0918865 177.6076223 174.6511862 174.2933973 173.6392989 172.4951313 169.5470815 165.2593035 158.8252533 151.6890021 143.7360788 135.9380153
183.3422009 149.6288748 127.1518768 140.1861702 166.4079666 203.1445264 232.3366093 259.861219 268.5494703 281.9276863 287.7891675 299.2054276 311.3374282 316.8412451 320.6419145 319.7482385 322.4379467 323.2596774 326.7783493 326.6292605 326.516696 330.7084923 330.8248798 335.866267 337.6992492 341.2451308 346.0997444 346.7331766 349.746565 347.4006244 346.1820182 341.561774 334.2352365 328.6505321 315.9413804 306.8105204 297.4242333 286.2532269 282.1303325 274.3923938 270.6227653 268.6399614 263.5803629 263.622825 259.6666768 257.2426673 261.068093 260.8922917 268.0852642 273.2526757 250.9314598 230.4304291 219.2712022 212.3275137 211.3541504 210.4890401 205.8665822 207.4598524 200.0442317 196.063398 188.5276861 176.6587316 170.5123363 162.2070357
148.6050128 122.7780699 118.3816032 137.026733 163.0646952 190.7731651 215.805255 236.0793756 246.616803 258.2811932 263.5817759 269.5132025 277.9739764 282.1065671 285.7639031 285.3596778 284.7369009 286.9921804 287.338371 289.8255319 290.4194252 291.8653428 295.5505125 297.6634691 302.3686506 304.919188 306.1756119 309.3484783 308.2979009 308.1987595 305.7399168 297.9819559 292.1948064 281.5676688 272.7656323 264.2981973 253.2932926 246.7584848 239.2070431 235.7500565 233.2475443 229.6422865 228.0309333 225.6285513 225.6872252 225.5001424 225.95356 229.5947506 233.5532283 240.2312677 245.5868348 252.3550503 261.7518859 262.6100109 258.4386744 256.8932856 254.1857948 250.6916029 243.8317694 235.2581756 225.340982 213.9235625 203.3843641 195.4301435
121.5616319 108.7974162 109.0927612 132.3768628 158.9889542 186.9974256 208.6321407 224.9602386 231.0809623 241.2689665 246.311781 251.1885018 256.8171516 258.7397919 259.5120489 259.0004306 259.5867582 258.6125672 260.3663118 260.4239308 260.8498278 264.081441 264.874057 269.4074983 271.9317572 274.738148 277.5910099 278.1331505 278.9479267 276.0183327 273.6301437 267.6182602 258.583569 251.9993708 240.8970366 232.4272839 224.5853395 216.1018447 212.8084256 207.4149239 205.0255016 203.6496883 200.3509251 200.3158103 198.7211837 198.3898296 200.7807038 200.5814547 206.684181 209.6950754 215.3428867 221.8497081 226.0198465 232.3792184 236.4382453 241.5247743 245.5689921 242.798196 244.1025872 238.8637961 233.5566712 228.3402453 219.637038 216.4198427
109.8081181 107.9647451 112.7894476 133.6954923 158.8184928 179.8097221 196.5612255 211.1122389 219.4532698 226.247288 229.8524127 231.9511817 234.3668435 234.4071676 234.8246415 233.743162 231.5615107 231.2109105 230.3463805 230.7890949 230.8808843 231.7528639 234.171147 236.19307 239.6176932 241.5886441 242.5553605 244.4456632 243.0343671 241.9063854 239.0665346 231.9183562 225.7389586 216.607264 208.4484496 201.3737038 192.9528733 187.0355861 181.5087438 178.3566568 176.2633859 173.1953527 172.4522492 170.6779529 170.6357048 170.8145218 171.1827829 173.4275995 175.2492678 179.3255988 182.144981 184.2801602 189.215117 190.8488036 195.0856229 196.9250047 195.2688895 196.2391972 191.094648 188.2923024 183.5274399 175.3503282 170.9125841 164.3157128
100.8559442 103.1010431 107.3421245 131.0009502 157.4958763 177.0295321 195.9287633 204.4676033 210.5392813 214.5475891 216.13621 220.5848496 219.0014205 219.0199852 215.5422406 213.0463446 211.8564906 208.742632 208.1708299 205.4413584 204.0901451 206.1879572 206.0363551 208.3074487 209.5550783 210.8269943 213.6765606 213.7579063 213.9869247 211.4361082 209.0218839 203.8446811 197.6665006 191.6011828 181.8483059 175.5599082 168.2431411 162.1310957 159.1102885 153.8704806 151.7678432 150.0841121 148.0680152 147.6868631 146.1194558 145.881109 147.3027402 147.8322692 150.0958222 152.0969839 153.4178741 156.7618396 157.1526346 158.9286679 160.2924182 159.6986505 159.1056474 156.0137912 152.2109544 145.576972 140.1461588 133.0471917 126.6048553 123.9366734
97.93554818 105.2729452 112.4419585 129.5599878 152.6449783 170.3645398 184.5944457 194.3831024 201.7381264 206.9980543 208.7088581 206.8906932 206.3501455 204.9529666 201.7962832 198.9797364 194.3053332 191.0908755 188.0806927 185.5070513 183.7353582 182.3787571 182.4965339 182.966296 184.4329464 185.4348859 186.058454 187.1889788 186.3867614 185.737476 183.7985161 178.8421981 174.2710844 167.4932668 160.9955187 155.2558644 148.2427518 142.8249682 137.9865491 134.6021554 132.4343588 129.6433727 128.352179 126.6760507 126.1898252 125.9980235 125.7168687 126.814113 127.4235091 129.4057545 130.6520585 130.9117737 132.244529 131.5439139 131.9375742 131.1193537 127.092618 124.4298539 118.1881819 112.8180033 107.3792113 99.25630715 94.30976494 88.38036426
98.42543647 98.30599997 108.060737 121.7303961 145.7571188 163.7697928 179.3475337 188.5080689 191.9090846 198.1475305 198.2542468 195.8050304 196.8353397 192.8892288 189.1613491 184.3212196 178.6781373 175.0941219 170.295579 166.7746421 163.2941918 160.6170773 160.2830231 158.9780159 160.0337279 159.9468905 159.9956941 161.4357638 160.3031761 160.2565256 158.9837791 154.8588418 152.3107432 146.4942627 140.8844368 136.3210638 129.2762185 124.8487302 120.1163302 116.5700787 114.143135 111.144143 109.98165 108.161787 107.7013544 106.9405865 105.9465547 106.8068926 106.2220345 107.7422799 107.7611619 107.1791301 108.0419805 106.4617492 106.1074153 104.5032916 100.2163902 96.99530387 90.41327016 84.43354534 78.71190494 70.7298437 65.790584 60.62037298
96.87808759 101.1813292 107.0274574 121.0429553 138.1150975 156.9720504 173.9608889 184.8266893 188.1923417 190.6865576 190.0115388 189.0702297 187.6462586 185.2135974 179.9115739 174.8082672 168.6455234 163.1854191 158.0837674 152.7563092 148.8990722 145.3726184 143.0070273 141.5414163 140.7146251 140.3012201 140.0500036 140.2423249 139.8659531 139.5438573 138.6036968 136.2215832 133.8005809 129.7083779 125.5807176 121.556596 116.086736 111.5590796 106.9579504 103.1744408 100.6045966 97.65633682 95.87580862 94.07322963 93.20279753 92.468924 91.08746396 90.68366065 89.65766011 89.61459345 89.41643768 88.09925751 87.80278026 86.03886368 84.92396549 83.20415243 78.62500645 74.78077852 68.4858693 62.98872444 57.82202041 50.78867508 46.29459083 41.63303419
94.5606639 98.67470297 97.13376245 113.3970799 131.5376108 151.5669273 167.5351708 182.1335137 179.6627384 181.2991453 178.29683 177.941935 179.7902253 174.6670986 170.2618163 163.5821483 155.6688412 152.0768146 144.8022153 139.7494085 134.4755795 128.6090263 127.4683829 122.8527925 122.9724942 121.4184318 118.775913 120.5791527 118.006479 119.758331 119.1607753 115.4974557 116.5171167 111.9639748 110.3003378 107.6652569 101.3257006 99.30098976 94.00478073 91.29588634 88.61136941 84.05044375 83.70412604 80.31520861 80.28943514 78.65251713 75.13307513 75.81877559 72.07915977 72.7810651 71.67482758 68.03566845 68.98958216 65.11664407 65.56658822 63.49838267 56.31557773 55.47954967 47.89872741 44.57322263 40.32581915 32.1697886 30.73154262 26.10487853
89.81252638 89.89131867 93.20503923 110.2810271 125.4627326 146.2307898 162.1057841 172.9411376 174.0550999 172.257105 169.335368 170.2150952 169.5101253 166.8775688 161.5470109 154.9732521 148.8407047 142.3890763 136.5657771 129.762553 124.4889953 119.524767 115.3112427 112.2537977 109.4016834 107.6235184 106.2085556 105.2654862 104.6731284 104.2050763 103.6923084 102.8731091 101.877484 100.1682236 98.39316448 96.29046366 93.02767501 90.0539866 86.48181952 83.00581296 80.34077604 77.32555148 74.82800985 72.4137103 70.46603947 68.77989461 65.84830166 63.78049794 61.39998742 59.48869784 58.21803469 56.07025762 54.6047215 52.38355218 50.60793701 48.5690442 44.42513645 40.8720528 35.9241223 31.82118664 28.32767656 24.05408441 21.2579849 18.85246661
80.83568651 82.17940497 83.07621755 99.18434607 121.0463502 140.5039184 154.0740203 165.6983796 162.6050891 161.5139677 157.4386072 155.5125033 159.8011699 155.5414364 151.4565642 144.7253507 137.1999312 133.2092824 126.5079555 120.2924293 114.3503915 107.7947879 104.94866 99.84190973 97.45465724 94.71587845 91.44094612 91.5055162 89.08660495 89.84190465 89.19812484 87.16374022 88.280336 86.05187885 86.05124348 85.07687866 81.6076385 80.85041356 77.2927891 74.893359 72.42993967 68.2484534 66.95349035 63.19778801 61.44371447 58.91724549 54.43436661 53.06845405 49.12339377 47.70903038 45.90117554 42.00128411 41.88357175 38.36203542 37.64868066 35.71167857 30.27949972 29.18850059 24.35248723 21.87898467 19.51806485 15.34958127 14.48007647 12.42834952
-9999 71.52821864 77.70220464 100.9762616 114.5202826 136.903701 150.2023053 157.1052257 156.6053061 150.9611166 146.1746383 148.8856265 148.791988 147.0102083 141.7789834 134.9841869 131.018475 125.1002779 119.4060575 112.1071926 106.3070185 101.7178719 96.68336589 92.60367106 87.67331671 85.01029707 83.39025943 81.33237049 80.1049121 77.99116271 77.35747972 77.85358905 77.21201336 76.85151431 75.58604508 74.5422365 74.58186854 73.07531494 71.09030503 67.92717921 65.37419909 63.45299837 60.42431507 57.37721082 53.19547256 50.67487732 47.87791474 44.61602532 41.77786889 38.26271857 36.31345502 34.73242248 32.62019775 30.43052609 27.85569789 25.78116929 23.56986516 21.01941155 18.1494557 15.57108733 13.34035479 11.9445442 10.59507481 9.552738021
-9999 -9999 66.3672587 88.80277902 110.74707 127.0813394 137.3941064 144.8372606 142.4933285 140.0449771 136.1694557 135.6607424 136.6482534 134.3821114 131.6751755 126.8421424 120.5936468 116.2251726 111.24049 105.3080422 99.87468123 93.41518662 88.6410481 84.56110329 80.84510117 77.37176536 73.65849224 71.16451158 69.71820322 69.16127909 68.03007798 66.40999545 65.69127891 65.66892631 66.20289225 65.9927485 64.51180414 63.75177541 62.66207226 61.13501306 59.17862878 55.643829 52.73727439 49.81937699 46.50296715 43.52751963 39.02334408 35.77156624 33.30011031 30.98646379 29.14110908 25.85456306 23.79527297 22.16762628 20.87640497 19.41861491 16.11631485 14.27346719 12.67644857 11.23462645 10.11684867 8.237513109 7.457417344 7.039712271
-9999 -9999 -9999 75.63931082 98.3847375 117.7982198 128.2012028 134.101731 132.0326019 130.935913 127.0634102 125.4544396 127.4868406 125.7723228 122.3660659 117.328492 113.4533884 109.6513534 105.277735 99.03469122 93.7635542 88.20054119 83.59004053 79.53634051 74.4463605 71.14706802 67.67770216 64.97872562 63.37131014 60.99286283 59.9116677 59.05783422 57.9003843 58.00119596 57.2973127 57.03426615 57.16384237 56.41947955 55.69614721 53.88767548 51.94126739 49.41172742 46.56314805 43.8052787 39.61104148 36.56439095 33.17529715 29.83440557 27.51850272 24.41574489 22.51799402 20.56775318 18.50164294 17.36259696 15.52177512 14.10154119 12.55013271 11.11643364 9.796967798 8.43681384 7.342674768 6.67462133 6.097235547 5.81959327
-9999 -9999 -9999 65.27288493 87.714052 102.5557168 114.7277344 120.4858079 121.9229883 122.598328 119.8864333 118.0671255 116.9635891 114.936545 112.9254223 109.9832444 105.6144423 102.3485863 98.24278031 93.16240134 88.76882825 83.15531555 78.45214512 73.76392791 69.25746895 65.84394081 61.96403593 59.06640753 56.36198385 54.31952965 52.82159132 51.13463838 50.3021501 49.35187062 49.09258574 48.88696036 48.37319652 48.29662314 47.11751083 46.18993152 44.74943849 41.98374051 39.61392411 36.11583871 32.87425364 30.17328388 26.63696729 23.78322534 21.01661547 18.75069085 17.22728496 15.24292799 13.85626669 12.29388607 11.21611684 10.3320137 9.003526875 8.036087753 6.946409951 6.147330039 5.614680132 5.062145811 4.749570643 4.711515502
-9999 -9999 -9999 52.15074161 69.85669639 88.03138419 102.4790815 109.9756027 112.9357423 117.571856 114.6421203 111.1785619 114.3666998 108.0171371 105.2852362 102.3669298 98.90133078 96.64739539 93.44474581 88.69077807 84.29426768 79.19824021 75.18450844 70.7814888 65.62793216 62.05681918 58.23100821 54.94692425 52.67449011 49.57900254 47.96798303 46.21968101 44.69375929 44.10526104 42.84873383 42.55639315 42.3819476 41.72426307 41.25286016 39.93466515 38.38258542 36.20262888 33.67607156 31.22512086 27.77520855 25.02970213 22.09879464 19.35182359 17.4091614 14.99696435 13.42936705 12.03032556 10.56017729 9.891112205 8.867449313 8.026284405 7.177509706 6.416302306 5.721912853 5.009704837 4.480971772 4.229350165 3.99172554 4.175596548
-9999 -9999 -9999 -9999 59.99827644 72.71217948 87.12350612 98.07037102 105.9322388 115.8865189 118.7189486 115.2666113 111.9120722 108.5135662 103.6438723 98.87531544 92.58177095 90.50735132 86.97774656 83.38880482 79.95383762 75.32153465 71.0908856 66.59438547 62.13230772 58.68462741 54.60128594 51.22837455 48.05560283 45.28917305 43.3255638 41.04291246 39.40532202 37.8402332 36.83317318 36.21959862 35.41254338 35.14697624 34.07334928 33.29295189 32.0782174 29.75983678 27.71764906 24.93736673 22.42411609 20.25558865 17.40028225 15.15890845 12.98703093 11.32178824 10.24846134 8.936102815 8.093091419 7.209981201 6.625015747 6.13660299 5.406384912 4.876994667 4.270781682 3.866681466 3.588972522 3.381717476 3.332105845 3.658649142
-9999 -9999 -9999 -9999 48.20873501 62.39776525 79.2862121 90.47904412 101.4838077 117.9120355 122.8647488 120.6768767 118.109629 111.5158051 108.474346 101.418461 87.31911807 88.37323717 82.85676531 79.4062006 75.9736701 71.79544786 67.96549694 64.39046077 59.52081232 56.02769261 51.95203623 48.46922132 45.8589538 42.24978729 40.18598026 37.79374372 35.65767218 34.36199357 32.47698013 31.75598623 31.00360399 30.13946851 29.7615407 28.52523768 27.28643273 25.38128896 23.3305161 21.42054909 18.76504416 16.5579178 14.38354642 12.38139563 10.8846308 9.206826563 8.160194338 7.291708689 6.395168397 6.024931471 5.41869548 4.945731723 4.460852558 4.015111334 3.642889352 3.243954867 2.969506518 2.964652106 2.958618195 3.340454849
-9999 -9999 -9999 -9999 -9999 49.59255318 66.40801464 82.62099068 101.9649295 117.8298394 128.8872155 131.026914 136.741466 128.942995 118.5792853 109.7151374 102.0267518 92.72146768 82.70037434 79.09369675 74.3841132 68.51299037 64.77305088 60.4968591 56.51063582 53.32523633 49.44187216 45.87675712 42.6422528 39.49883737 37.31941488 34.65127092 32.49808371 30.50404479 28.801266 27.75244504 26.60297669 25.88903345 24.80534178 23.9657902 22.86568638 20.89787039 19.20309258 17.0149993 15.03905913 13.43875345 11.44182914 9.829446169 8.358872491 7.211519071 6.517341396 5.742177832 5.208235062 4.674943432 4.287615202 3.982417389 3.556401445 3.230155506 2.901529426 2.680724093 2.558042316 2.558810557 2.728704453 3.247770022
-9999 -9999 -9999 -9999 -9999 39.77172766 56.79923341 74.71723354 97.71106548 117.8881042 131.5413693 142.4070481 158.7682197 146.3762757 137.7067975 127.3199347 131.0655712 111.8715267 102.0600607 92.43176143 86.587549 69.60877814 65.86374694 62.25821196 54.26068072 51.07513362 47.29086409 43.80366716 40.96897693 37.48286413 35.28934443 32.70432188 30.40643477 28.6373476 26.43145284 25.31523766 24.09313893 22.94198365 22.26087985 21.06410042 19.89812028 18.20106881 16.46125288 14.78301207 12.78823145 11.18244452 9.650953312 8.237637825 7.218868707 6.148188055 5.49094796 4.93966222 4.432514517 4.136106062 3.74759251 3.453099706 3.139853758 2.838492469 2.629159413 2.427066453 2.312073006 2.4443323 2.623909722 3.176217031
-9999 -9999 -9999 -9999 -9999 -9999 46.0415735 62.48464882 87.61081166 109.6527887 128.0755939 148.3646487 162.3983791 164.0744905 170.797663 170.2150792 158.075771 151.7658761 140.57511 124.8767523 110.0231629 90.91465248 78.63829882 61.2525332 56.28377945 51.27621884 45.16609041 41.81835886 38.5175754 35.5238481 33.39932417 30.80861446 28.58515511 26.48085229 24.54731239 23.22835792 21.77041429 20.58955696 19.37600221 18.23754662 17.15906065 15.44740895 13.90774968 12.18550492 10.59458698 9.428106876 8.052008124 6.903136768 5.948524382 5.181562579 4.721004903 4.222729645 3.862971959 3.513366143 3.237041649 3.029395073 2.743909054 2.513909362 2.333463472 2.247939365 2.241303472 2.415467631 2.839511474 3.603523756
-9999 -9999 -9999 -9999 -9999 -9999 34.7934969 47.62290426 69.44787667 97.67697302 118.4600827 143.8185512 160.9722776 173.5619884 195.3438408 202.0261794 199.2609168 191.5671811 180.0713235 159.4834416 145.9861676 118.093475 97.86821572 84.02512172 65.11787802 51.95222536 43.09452227 40.24634339 37.65825108 34.17093691 31.95173959 29.24770406 27.33498619 25.66149843 23.44293742 21.9778011 20.3197527 19.12177982 17.98025036 16.44348147 15.2517238 13.45759825 12.11949423 10.83267463 9.122272236 8.132698528 6.847511707 5.972919186 5.365341231 4.560858741 4.187053434 3.733162657 3.437446217 3.233127113 2.951510295 2.807095546 2.53683547 2.36596758 2.282600055 2.194925139 2.300560697 2.699403371 3.040029777 3.898024278
-9999 -9999 -9999 -9999 -9999 -9999 -9999 34.81015433 54.51144003 78.40121754 98.45175201 129.5930645 149.238302 181.2412579 202.160638 218.3395848 232.7963969 241.6024137 232.4284505 215.446571 195.4768027 164.609151 127.5428388 102.4690253 74.9932354 61.26548891 47.7624593 41.12034298 36.41118776 33.41877639 31.33970882 28.81309605 26.71669365 24.62778116 22.81394467 21.40102862 19.60668975 18.10811387 16.59573772 15.10711866 13.92040052 12.29164828 10.81889528 9.40029383 8.140992524 7.270318277 6.282832844 5.472485383 4.785088874 4.226772166 3.875688418 3.497926614 3.216957318 2.989756306 2.813014003 2.69334458 2.499138022 2.361772467 2.285272273 2.315172705 2.434511859 2.946159471 3.667343176 4.855662123
-9999 -9999 -9999 -9999 -9999 -9999 -9999 22.2309983 35.6215788 56.12480469 71.13166505 101.5802493 131.1699809 168.0593423 189.2931341 217.8508069 252.1204094 277.3891379 266.5323055 254.8267735 243.8299199 209.3382307 165.3995696 138.684558 101.1969161 74.47761944 57.41311708 42.90079612 38.85961215 34.46214847 31.35361689 28.56615408 26.48179845 24.69208711 22.68225987 21.00016422 18.98138389 17.56542619 15.86304357 14.25706348 12.91507387 11.0379007 9.870772489 8.588875842 7.368202096 6.591159538 5.621672739 5.070061047 4.525003103 3.983577474 3.669989788 3.287858462 3.049656524 2.875722962 2.734631578 2.676282447 2.511576085 2.430821314 2.456100666 2.509776137 2.845841716 3.647841826 4.298939661 5.877537887
-9999 -9999 -9999 -9999 -9999 -9999 -9999 17.36566211 26.91402639 38.9959358 52.12713802 76.14147741 102.3197301 137.160548 166.0962948 192.7012305 231.354199 246.1842979 255.552362 263.3720623 258.2891961 233.921366 205.5745173 175.1952811 127.5956444 98.64158513 73.30983446 53.70177618 41.33628115 36.04926615 33.13545571 29.59737841 27.2057387 24.82404542 22.78626978 21.19235496 19.08771834 17.31241979 15.47482346 13.70279959 12.39834228 10.77947683 9.328553111 8.063000894 6.924784105 6.208309594 5.448244334 4.83238673 4.324413529 3.879789317 3.58896178 3.276655452 3.019380581 2.843227421 2.745994367 2.705722202 2.61974882 2.624433488 2.706203457 2.948900302 3.280987158 4.217071306 5.326785211 6.935438673
-9999 -9999 -9999 -9999 -9999 -9999 -9999 -9999 17.86884311 27.83124798 35.67590606 54.81925851 73.17608579 92.20089617 132.2399698 159.0134627 192.713246 209.1987285 239.7767764 251.0047389 260.2625374 251.3815305 238.4637608 213.4228185 164.2192752 131.869694 99.20027577 66.54096055 55.83567356 43.73578573 35.67841607 31.50374501 28.24476706 26.11534694 23.50731555 21.48404042 19.12692362 17.46040569 15.60679423 13.63736206 12.19224835 10.40751231 9.161052743 7.921890137 6.735092609 6.018486229 5.263719059 4.754273812 4.362137959 3.940608291 3.662612941 3.339480137 3.095657385 2.985981512 2.878562136 2.882334339 2.8822326 2.902298895 3.074489201 3.392870037 3.916304306 5.205729593 6.194531332 8.055312756
