meets/meet004/data/CCSM_21k_neotropic_bio04.asc
NCOLS 154 
NROWS 168 
XLLCORNER -112 
YLLCORNER -55.5 
CELLSIZE 0.5 
NODATA_value -9999 
[rows 87 to 115 of 168, columns 64 to 127 of 154]
-9999 -9999 -9999 -9999 -9999 -9999 -9999 -9999 -9999 141.1722179 115.0306402 96.18125901 95.99120749 114.242889 131.5717462 144.9968343 157.5558372 163.9941101 156.1919096 150.7625378 152.384187 156.2774607 158.4018101 161.8318499 163.8258332 160.3962244 153.9949662 150.857176 144.5718914 140.7321202 141.0976353 147.0656754 155.2908299 155.0136912 155.0463389 152.6779465 146.4290038 141.3182661 139.8220478 138.4704984 136.8735245 136.4623025 134.4089305 135.4960254 139.3318322 143.8197153 146.9274757 150.497155 155.7907947 161.5597868 165.8893421 168.3591388 171.2902586 175.3566435 180.2628832 184.9556577 188.5649269 192.4349716 195.1103754 198.7324501 202.3969757 204.5623368 207.9021181 209.7074262
-9999 -9999 -9999 -9999 -9999 -9999 -9999 -9999 -9999 -9999 -9999 115.3342822 79.32643034 86.70802734 99.64068928 116.8044229 136.8900116 158.8962939 164.1644759 163.6356859 163.1854612 164.3774703 164.3568955 168.8769684 177.9637394 176.4920084 168.5302369 160.8992017 153.5480253 149.947138 150.6081244 157.847076 167.7635777 165.7533976 163.3232876 158.8536415 149.6415408 143.4167892 141.2751743 138.0827926 136.4293497 137.4632273 137.4281339 140.9210952 147.1766841 151.6105713 153.5813174 156.2494389 159.974638 165.1356214 168.8594306 170.483311 173.0309323 176.8126638 182.3132568 186.5251253 189.5012076 195.4241205 200.2493904 207.7407862 213.6584116 215.7402281 220.1063599 220.7495478
-9999 -9999 -9999 -9999 -9999 -9999 -9999 -9999 -9999 -9999 -9999 -9999 -9999 102.3873958 84.11510972 88.2176845 115.4767408 143.5098857 158.7056667 177.2874545 185.959711 176.5388337 174.0955325 177.8559041 179.999531 180.1158114 179.9309409 176.7874857 166.1133032 156.3650276 156.1432932 160.942519 163.6710331 167.5804382 168.1001337 164.4208075 159.410394 152.6303238 149.5923616 147.9225271 146.2630956 145.0849031 146.4372978 151.5262715 156.6153916 159.6444557 158.3555274 157.9455797 161.9187525 167.6019654 171.0616095 172.870623 176.155281 180.7347546 183.6651388 188.3794231 191.0153613 194.0862356 203.7473004 213.9115477 221.0449189 224.5414545 227.7044617 229.3265435
-9999 -9999 -9999 -9999 -9999 -9999 -9999 -9999 -9999 -9999 -9999 -9999 -9999 -9999 -9999 94.79408282 98.11049159 116.2509397 137.3566592 169.3126388 187.5832018 188.4827269 186.13521 186.6938921 189.8075062 189.234362 189.5842449 188.9338751 183.0055606 174.9456231 171.5640451 172.1711436 170.9578931 174.2123845 175.3484772 174.1429294 170.7160927 165.8875741 163.6956126 161.2154052 159.5454677 159.1192156 160.4203008 162.3695799 165.2698375 165.9804256 163.341996 162.4274315 165.1789296 169.8226916 173.4730944 175.5433192 179.9101702 185.8807764 191.9540688 196.9359581 198.9548335 200.8895863 208.803169 218.6372937 225.383312 228.2571767 232.2876709 234.0978074
-9999 -9999 -9999 -9999 -9999 -9999 -9999 -9999 -9999 -9999 -9999 -9999 -9999 -9999 -9999 -9999 -9999 72.75073605 100.680536 142.9109215 171.8667329 186.9966733 199.5800516 203.6139372 202.3049143 203.3411216 200.342807 197.6349631 199.6591944 209.3391761 205.7568148 196.3940357 190.452807 190.5758313 189.6416414 188.1504971 186.5338765 183.0965166 180.2610882 177.6870175 175.4145825 174.514336 174.1272888 172.9061448 171.8271403 170.7475132 170.0992829 169.7982641 170.586437 172.7618662 175.6015087 177.9272857 183.2947047 193.665843 205.9800461 213.5763501 213.9470374 216.6947977 219.2505405 222.1815834 226.6968823 231.1231646 235.5675903 238.2997018
-9999 -9999 -9999 -9999 -9999 -9999 -9999 -9999 -9999 -9999 -9999 -9999 -9999 -9999 -9999 -9999 -9999 81.68826543 81.56341342 109.8231345 139.912778 172.23347 200.7213896 217.1581192 219.9638285 219.867945 209.5889439 206.1089613 210.5733993 223.8538407 225.5450529 220.5513508 218.6472626 215.0858674 214.1571199 210.4625514 207.2022097 203.4444724 198.7762071 195.6059936 192.1757059 190.03787 188.0334984 184.1395961 180.5837252 178.2613647 177.4559949 177.0491541 176.7969855 177.2649759 179.3790163 181.306354 188.3498492 200.9697352 216.3934445 225.5526016 226.5733788 227.5191763 227.7051363 229.1430111 232.0904159 234.985851 238.6632449 241.7285628
-9999 -9999 -9999 -9999 -9999 -9999 -9999 -9999 -9999 -9999 -9999 -9999 -9999 -9999 -9999 -9999 -9999 -9999 -9999 79.402122 103.5189355 152.2608591 202.5479278 224.6331894 236.0055893 238.6706566 222.3699764 210.0812299 211.4759455 222.6237937 229.8587558 239.576351 247.7074957 243.6951943 242.3672189 237.1143109 228.9357884 224.4488136 219.5878998 214.8163122 209.3295075 206.0157243 202.6414515 196.024262 190.9574483 187.8972229 186.1945312 185.0835948 184.6077478 183.8808646 184.9753022 186.8003815 192.322833 206.5144067 223.1782661 232.8974409 233.03138 234.1673195 234.8481569 237.8161856 239.4779551 239.4294758 242.1943538 245.9098849
-9999 -9999 -9999 -9999 -9999 -9999 -9999 -9999 -9999 -9999 -9999 -9999 -9999 -9999 -9999 -9999 -9999 -9999 -9999 81.72926648 95.16405079 136.0872775 183.6400554 223.8687034 249.8965904 255.9659025 235.1081574 213.0127077 208.7211564 217.2211951 227.8283328 246.8039866 263.3998321 262.8095969 257.8495266 253.0983951 248.2174927 245.950098 240.5719506 235.896888 229.0121415 221.688686 214.9029497 207.4686757 202.1649238 198.3585837 196.8185644 195.7435154 194.2749631 193.185025 193.8264945 194.3202733 199.3673892 210.1984852 223.4606134 232.1578911 234.4933342 236.5187445 237.6313618 239.056351 240.9466589 241.913099 244.2922362 248.8240471
-9999 -9999 -9999 -9999 -9999 -9999 -9999 -9999 -9999 -9999 -9999 -9999 -9999 -9999 -9999 -9999 -9999 -9999 -9999 -9999 96.24169808 124.8987257 164.4722029 221.2141326 266.8719763 278.3399343 248.1411476 214.1018564 207.5092777 210.9968657 225.0051176 251.9947306 277.1414319 274.30071 267.6880916 264.2557607 265.7181544 266.8280801 261.8372509 258.0913787 248.877996 236.5145642 226.2174798 218.2726687 213.2640717 209.6580654 208.7264918 208.3917777 206.8444879 205.293645 205.0007119 204.5749906 206.4834249 214.0829207 222.2706229 229.3641132 234.0965804 237.7256752 239.3274612 238.4638887 241.0447293 244.3283968 245.937339 254.6682149
-9999 -9999 -9999 -9999 -9999 -9999 -9999 -9999 -9999 -9999 -9999 -9999 -9999 -9999 -9999 -9999 -9999 -9999 -9999 -9999 101.2501071 122.1895734 165.8724271 228.378943 287.2124802 300.5953908 265.766416 224.5689684 207.9595102 209.3671539 223.2119276 255.6769897 281.2420013 284.6616012 278.1502919 277.6389629 281.128741 284.2712182 281.5432356 275.1002477 264.5158589 249.807204 237.1619709 229.7449328 226.4305361 223.0536176 220.8956243 220.0133523 221.1531342 222.5176768 221.4880251 217.0254271 215.1444637 218.9149904 225.405353 230.97202 234.8115388 238.1180718 241.0709883 243.7039206 248.1507204 251.9982393 257.0717604 264.6648242
-9999 -9999 -9999 -9999 -9999 -9999 -9999 -9999 -9999 -9999 -9999 -9999 -9999 -9999 -9999 -9999 -9999 -9999 -9999 -9999 105.1621579 123.7308786 166.1650821 241.2181947 313.9985234 327.5372348 278.9577369 229.3871583 210.9990838 207.3155101 222.7743998 261.2505347 293.2326165 296.2417323 291.5862547 292.9675958 299.2860464 302.4031632 297.4453682 290.0991402 278.8418426 262.9331621 245.6872681 244.5385883 242.6890541 239.0682281 235.5554595 231.8707674 236.8277686 241.227554 239.3699814 229.6003205 222.1879846 225.8623184 230.8877884 234.3313985 236.7644499 239.2198208 244.126614 250.2764373 256.5933733 260.1174839 269.3828931 274.7397003
-9999 -9999 -9999 -9999 -9999 -9999 -9999 -9999 -9999 -9999 -9999 -9999 -9999 -9999 -9999 -9999 -9999 -9999 -9999 -9999 111.6095304 136.4370586 188.1830863 257.6806936 319.1486985 328.6548077 283.8824384 234.3667106 212.6862999 211.4179546 228.3545064 268.5052161 301.5299772 310.26383 306.5014951 309.105001 315.5868956 317.3621381 310.3560709 298.5960904 288.3277941 280.0076679 272.8302903 266.0313416 260.4175858 255.9907527 252.8692345 251.6211394 253.8171517 255.8970792 252.8866049 244.1146424 235.4777622 236.0652331 238.1962069 240.1174289 241.7465863 242.2694311 246.7218839 250.9258642 257.7121082 264.1626042 271.6509104 280.7757553
-9999 -9999 -9999 -9999 -9999 -9999 -9999 -9999 -9999 -9999 -9999 -9999 -9999 -9999 -9999 -9999 -9999 -9999 -9999 -9999 115.4923974 153.0292801 209.5102714 275.5258793 327.0633699 331.2113475 281.0914892 230.6914335 215.4396772 215.5739235 235.7569832 281.5115491 320.2967179 326.8474495 323.8839734 326.5448894 332.8358362 335.3583149 324.9609666 310.1120443 301.0596652 300.1325958 299.0912301 286.1169748 277.7746064 272.5764927 269.8288747 270.2922172 271.605699 272.3960071 269.5998512 261.3986216 250.8661422 253.2663157 252.1259787 251.4291009 251.1635873 248.3025618 252.3966548 254.1748004 261.0639827 270.3463188 274.9424331 287.0616745
-9999 -9999 -9999 -9999 -9999 -9999 -9999 -9999 -9999 -9999 -9999 -9999 -9999 -9999 -9999 -9999 -9999 -9999 -9999 -9999 119.9391867 170.3621305 236.9622738 295.6474671 332.1105134 329.0030926 281.1185056 234.3187873 219.3040478 226.9617572 251.9020663 299.2144597 337.5438848 348.0210184 343.6213726 345.1677636 349.2673437 349.7144122 343.2691258 334.0646382 325.3449424 318.8525905 310.7872488 301.1884324 292.5951201 287.4157114 285.7089395 286.4733538 288.4550874 290.1029799 289.4108715 285.5209085 280.9916836 277.8657501 274.9414523 271.8503601 267.8345795 264.9782963 266.2073952 269.1563403 275.578993 284.2935265 292.2596671 297.8057325
-9999 -9999 -9999 -9999 -9999 -9999 -9999 -9999 -9999 -9999 -9999 -9999 -9999 -9999 -9999 -9999 -9999 -9999 -9999 -9999 121.2736483 187.2200495 265.6232685 313.9219104 340.4448525 333.1715463 280.9695319 233.5979037 225.284005 238.5232379 267.6932433 320.0070859 362.7953762 372.1309254 366.74694 366.5888941 368.553577 367.1732118 362.1316595 357.1082058 348.2328361 337.3659472 325.4225095 316.5297114 307.5426424 302.1668105 300.5369816 301.6076291 303.0495232 307.2498918 308.6450558 307.3276907 307.4702309 301.2168552 297.3285886 293.343902 286.887656 283.8712178 285.9666578 288.9914663 295.3440111 302.9596849 310.5364637 312.2192998
-9999 -9999 -9999 -9999 -9999 -9999 -9999 -9999 -9999 -9999 -9999 -9999 -9999 -9999 -9999 -9999 -9999 -9999 -9999 108.2839468 130.9156266 202.2252912 278.2784264 329.3391104 348.4945955 336.5506276 286.9252124 243.6393347 234.0352041 251.1996594 283.2295919 336.365444 381.3593025 392.38772 389.5706566 388.7581469 386.2734311 384.3630641 378.571062 372.7904258 364.7257214 355.6066809 345.4604263 335.5420846 326.8876269 320.4497597 315.3804992 313.6895344 316.5098889 321.6982022 323.5421915 321.9592103 320.3937412 315.6699191 312.8674729 309.4071517 304.573162 305.6049608 304.8901902 310.6766021 314.9193367 317.9050325 323.6752212 321.2931821
-9999 -9999 -9999 -9999 -9999 -9999 -9999 -9999 -9999 -9999 -9999 -9999 -9999 -9999 -9999 -9999 -9999 -9999 -9999 109.5718173 138.9525794 219.5895813 300.8249007 347.266116 361.2285832 346.8098425 292.7957619 248.8659132 242.1742578 263.3245958 295.517219 347.8431663 394.0330584 403.3707765 403.9137031 404.3843456 400.4669577 397.9466157 392.0940759 386.5533328 379.7489164 372.9308056 365.2598609 356.0617826 347.3531362 339.5756832 331.7245813 326.6656358 328.588473 332.9928394 333.0868894 329.3713982 327.1704687 321.0136675 319.6607217 317.2162954 313.9414161 316.9462627 316.1244791 322.0357284 327.4073804 328.0597724 332.0593434 332.2933046
-9999 -9999 -9999 -9999 -9999 -9999 -9999 -9999 -9999 -9999 -9999 -9999 -9999 -9999 -9999 -9999 -9999 -9999 -9999 113.8862504 156.5500358 244.7194731 328.0477297 374.0486957 381.495463 360.7476222 303.0672391 254.5933205 252.2906386 278.0339626 308.720384 350.8824438 384.7584557 402.2154708 405.5135609 408.4376433 408.6574404 406.7281303 402.4539726 397.7125136 393.2125048 389.5209207 384.8159899 376.8289537 367.8764654 359.1115168 349.4303324 342.501462 340.1837556 340.4194659 337.3819837 331.9847951 326.0270361 322.6457169 319.223899 317.598582 316.4894139 315.8565599 318.4895006 323.1071691 324.5065822 328.5079422 334.1568704 333.8372656
-9999 -9999 -9999 -9999 -9999 -9999 -9999 -9999 -9999 -9999 -9999 -9999 -9999 -9999 -9999 -9999 -9999 -9999 -9999 124.7486277 178.6739133 277.2343948 365.2644179 407.2644031 407.7135877 381.8433508 316.1686304 263.6748549 262.9525153 291.82434 321.4086156 359.2630243 388.3558743 405.7461696 409.2969274 413.0225509 415.5259068 414.774501 412.2621221 409.17904 406.2468441 405.3936902 402.2188133 394.8321099 387.2951088 377.8425275 366.2080869 356.6736592 350.2222803 345.2772296 339.3688047 331.9818643 326.3386284 324.9415237 323.1738233 322.2450959 321.4652949 319.7406647 322.0142493 324.7344685 330.1378381 335.7555102 336.7933272 335.111794
-9999 -9999 -9999 -9999 -9999 -9999 -9999 -9999 -9999 -9999 -9999 -9999 -9999 -9999 -9999 -9999 -9999 -9999 -9999 142.8144667 211.5490053 317.8002051 408.4196632 442.1646249 437.0503625 404.5948904 332.055679 279.0740793 277.8336653 305.714201 334.5755831 374.4922139 405.5305477 416.2057717 416.663831 419.307659 421.2257391 422.3791589 420.9826193 419.3037714 418.9258523 418.8365178 416.542258 412.080752 404.6101245 394.9380118 383.6359445 371.6392365 359.2053473 347.6214236 338.8456451 333.7125809 329.7720179 331.0177547 333.7650799 333.8177462 333.5386619 332.0747844 333.600927 338.1245607 335.8732773 340.4653712 338.4624556 327.9713516
-9999 -9999 -9999 -9999 -9999 -9999 -9999 -9999 -9999 -9999 -9999 -9999 -9999 -9999 -9999 -9999 -9999 -9999 -9999 167.8512549 244.8989146 352.9198476 440.8983415 468.6043485 455.7034336 420.5866786 349.5515615 297.6669796 296.5846792 324.9920042 354.0160263 391.8567049 421.0230932 429.8715103 427.0819038 426.9327952 427.3799422 428.106262 427.2875804 428.3578568 430.1250603 432.3196161 432.6132898 429.0918608 421.9971111 411.5761295 398.9046697 384.8748457 368.518905 353.7276048 344.2301454 339.5212474 337.9642527 340.373096 343.7337035 344.5891974 344.5417023 343.2284111 347.0208829 346.1213981 343.9289018 341.6907021 333.8456178 322.590408
-9999 -9999 -9999 -9999 -9999 -9999 -9999 -9999 -9999 -9999 -9999 -9999 -9999 -9999 -9999 -9999 -9999 -9999 -9999 193.5787639 277.3341943 383.9435656 467.6645908 483.6323195 464.0654138 427.0718717 358.1199275 313.4563022 318.4514072 348.595468 377.9248238 413.3111949 436.9922354 444.1570697 438.9217691 436.5763359 435.5642894 432.1926904 435.6736108 437.4878314 441.2570911 448.1507238 450.8844424 446.0241783 438.3853705 427.3801796 413.5093177 397.7050291 379.5310503 363.2610076 352.641068 349.1660588 349.436531 350.2212547 352.1743887 352.6330578 353.7570777 352.3346757 355.6579984 356.9018411 345.9379595 336.5620625 321.5221504 -9999
-9999 -9999 -9999 -9999 -9999 -9999 -9999 -9999 -9999 -9999 -9999 -9999 -9999 -9999 -9999 -9999 -9999 -9999 -9999 217.7597186 302.0883713 401.5416876 471.9780806 482.0354197 453.4301888 417.321665 361.0088898 328.7821299 342.0898206 380.0707415 411.7293934 441.7096125 459.1874285 462.8710907 455.3430779 451.1596074 449.6696721 448.618732 451.8225667 455.0602638 458.6571321 463.2636165 464.4933403 459.5723151 451.9438592 440.8230607 427.0163466 411.0927465 391.0882316 373.4245194 362.2987311 358.7530617 359.1484947 359.1421638 360.3015417 360.3086933 361.4629185 360.0897136 365.6753947 365.2132759 353.626782 337.5050075 320.6619969 -9999
-9999 -9999 -9999 -9999 -9999 -9999 -9999 -9999 -9999 -9999 -9999 -9999 -9999 -9999 -9999 -9999 -9999 -9999 173.5509236 245.8278873 328.4849661 422.6246509 480.6026414 473.5669615 434.5589619 400.6279219 357.3774147 333.830482 368.1312701 418.5272106 452.9610852 476.6753683 490.0185248 488.3094903 477.2689145 472.1423293 473.2635449 471.6804885 474.6606949 478.7303511 479.8448672 478.3460402 475.5143415 470.1075528 463.0983665 452.1501018 439.2692575 425.2004018 403.1313569 382.7183734 370.6228338 367.9468102 367.6403724 367.107695 368.1003968 367.4460917 368.6290771 367.9509507 369.5740459 372.944736 359.7039136 341.1609096 324.508347 -9999
-9999 -9999 -9999 -9999 -9999 -9999 -9999 -9999 -9999 -9999 -9999 -9999 -9999 -9999 -9999 -9999 -9999 -9999 210.0571938 299.1936061 380.6209089 454.8860882 487.1190064 466.4848017 415.3963126 383.7496363 359.5577809 361.3165864 400.7976468 454.4353432 491.5409091 513.5779056 521.93015 518.6686156 508.9111667 502.950973 502.1547262 501.8649756 499.318658 496.6740276 493.620745 490.2925474 485.9788564 478.0944987 468.9416428 457.8463864 446.7248632 432.5390926 413.0086544 393.7069881 381.5323075 377.4085562 376.0237005 375.3127551 375.012164 373.6425128 373.68464 371.8360866 377.2322486 379.3254216 367.6608483 346.851367 327.3891744 -9999
-9999 -9999 -9999 -9999 -9999 -9999 -9999 -9999 -9999 -9999 -9999 -9999 -9999 -9999 -9999 -9999 -9999 -9999 264.2787657 373.3664606 446.8782662 492.3051099 514.0851878 460.9464015 394.9128878 372.1244825 373.2773582 387.3692806 439.4594011 495.7516796 530.9878157 549.1160978 557.8393291 550.5126798 541.8951253 535.3931444 532.7012255 533.3327386 521.88403 511.180431 504.1001318 501.356833 496.9295126 487.2929944 474.6560962 463.3919216 454.8126937 440.863153 425.5244858 407.1626502 395.1529149 391.3224264 385.3227099 385.3868934 383.5628883 380.4185473 379.5950431 375.2724536 378.8270418 386.4981745 375.5981078 352.2946802 327.9351735 -9999
-9999 -9999 -9999 -9999 -9999 -9999 -9999 -9999 -9999 -9999 -9999 -9999 -9999 -9999 -9999 -9999 -9999 -9999 334.4076627 448.0663874 508.9469322 516.7846129 490.9534647 443.2763072 392.6959735 384.0426914 410.2066348 449.6492772 494.4756271 534.8765575 564.053031 578.31226 582.6871127 576.8364759 567.8172782 560.0551138 556.3518386 551.502595 538.7130045 525.4651753 516.3590015 512.5383532 507.7993233 498.6205723 487.0319498 476.1516452 467.2793623 456.5080694 443.4237394 429.9608406 418.8223185 411.6021742 405.6460883 401.002316 397.1300119 391.6933366 387.5079133 386.3267634 391.5767567 394.7773555 382.2238498 355.3367928 331.5436569 -9999
-9999 -9999 -9999 -9999 -9999 -9999 -9999 -9999 -9999 -9999 -9999 -9999 -9999 -9999 -9999 -9999 -9999 280.0252878 396.7533797 520.6360307 566.4874588 523.6958658 473.5223027 436.4381544 398.1868324 407.237556 463.204497 519.3056421 548.0575963 575.1309904 595.1042423 602.9198229 607.1504806 596.7962664 587.3774394 578.8863526 574.1407839 568.3681771 554.3051019 539.0381104 529.2179206 525.5953196 521.1984704 511.525543 501.8010412 491.9045118 483.2487673 474.9545314 462.9829512 454.6444539 444.2356164 433.8445502 427.4497196 417.9808351 412.4700647 407.3856605 404.3420059 397.3041823 397.3149958 404.3583349 386.4860181 356.6593136 -9999 -9999
-9999 -9999 -9999 -9999 -9999 -9999 -9999 -9999 -9999 -9999 -9999 -9999 -9999 -9999 -9999 -9999 -9999 317.1817239 434.3499799 539.3965655 573.6146006 529.6102105 472.5712443 446.3590306 442.2655665 465.7128558 517.5651747 566.6852801 593.0506545 606.4205687 617.0607297 619.9341786 619.3310121 611.1619041 601.5335203 593.0500483 588.4267492 582.0499472 569.2070202 555.7513483 544.9072703 538.7047734 532.9569186 524.2282405 515.5414659 505.9765312 497.1660434 489.0426875 479.7928818 471.8420739 461.473801 451.0574401 441.982926 432.9183614 428.3024333 419.749387 415.7462972 411.3839214 404.7329091 395.3885907 377.1651633 -9999 -9999 -9999
