meets/meet004/data/CCSM_0k_neotropic_bio19.asc
NCOLS 154 
NROWS 168 
XLLCORNER -112 
YLLCORNER -55.5 
CELLSIZE 0.5 
NODATA_value -9999 
[rows 29 to 57 of 168, columns 64 to 127 of 154]
-9999 -9999 -9999 -9999 -9999 -9999 -9999 -9999 -9999 -9999 -9999 -9999 -9999 -9999 -9999 -9999 -9999 -9999 -9999 -9999 -9999 -9999 -9999 -9999 -9999 -9999 -9999 -9999 -9999 -9999 -9999 -9999 -9999 -9999 -9999 -9999 -9999 86.48800043 -9999 -9999 -9999 -9999 -9999 -9999 -9999 -9999 -9999 -9999 -9999 -9999 -9999 -9999 -9999 -9999 -9999 -9999 -9999 -9999 -9999 -9999 -9999 -9999 -9999 -9999
-9999 -9999 -9999 -9999 -9999 -9999 -9999 -9999 -9999 -9999 -9999 -9999 -9999 -9999 -9999 -9999 -9999 -9999 -9999 -9999 -9999 -9999 -9999 -9999 -9999 -9999 -9999 -9999 -9999 -9999 -9999 -9999 -9999 -9999 -9999 -9999 -9999 80.53467569 -9999 -9999 -9999 -9999 -9999 -9999 -9999 -9999 -9999 -9999 -9999 -9999 -9999 -9999 -9999 -9999 -9999 -9999 -9999 -9999 -9999 -9999 -9999 -9999 -9999 -9999
-9999 -9999 -9999 -9999 -9999 -9999 -9999 -9999 -9999 -9999 -9999 -9999 -9999 -9999 -9999 -9999 -9999 -9999 -9999 -9999 -9999 -9999 -9999 -9999 -9999 -9999 -9999 -9999 -9999 -9999 -9999 -9999 -9999 -9999 -9999 -9999 -9999 -9999 -9999 -9999 -9999 -9999 -9999 -9999 -9999 -9999 -9999 -9999 -9999 -9999 -9999 -9999 -9999 -9999 -9999 -9999 -9999 -9999 -9999 -9999 -9999 -9999 -9999 -9999
-9999 -9999 -9999 -9999 -9999 -9999 -9999 -9999 -9999 -9999 -9999 -9999 -9999 -9999 -9999 -9999 29.54061522 -9999 -9999 -9999 -9999 -9999 -9999 -9999 -9999 -9999 -9999 -9999 -9999 -9999 -9999 -9999 -9999 -9999 -9999 -9999 69.78851814 -9999 -9999 -9999 -9999 -9999 -9999 -9999 -9999 -9999 -9999 -9999 -9999 -9999 -9999 -9999 -9999 -9999 -9999 -9999 -9999 -9999 -9999 -9999 -9999 -9999 -9999 -9999
-9999 -9999 -9999 -9999 -9999 -9999 -9999 -9999 -9999 -9999 -9999 -9999 -9999 -9999 25.4835759 29.09561239 30.89314797 -9999 -9999 -9999 -9999 -9999 -9999 -9999 -9999 -9999 -9999 -9999 -9999 -9999 -9999 -9999 -9999 -9999 -9999 -9999 -9999 -9999 -9999 -9999 -9999 -9999 -9999 -9999 -9999 -9999 -9999 -9999 -9999 -9999 -9999 -9999 -9999 -9999 -9999 -9999 -9999 -9999 -9999 -9999 -9999 -9999 -9999 -9999
-9999 -9999 -9999 -9999 -9999 -9999 -9999 -9999 -9999 -9999 11.30653878 14.83801838 19.30183183 24.02240469 29.2733014 33.18886621 -9999 -9999 41.8073634 45.14203814 47.37795706 48.73625907 50.06770929 -9999 -9999 -9999 -9999 -9999 -9999 -9999 -9999 -9999 -9999 -9999 -9999 -9999 -9999 -9999 -9999 -9999 -9999 -9999 -9999 -9999 -9999 -9999 -9999 -9999 -9999 -9999 -9999 -9999 -9999 -9999 -9999 -9999 -9999 -9999 -9999 -9999 -9999 -9999 -9999 -9999
-9999 -9999 -9999 -9999 -9999 -9999 -9999 -9999 -9999 10.09097946 12.77514349 17.24456296 23.3531674 26.69451473 31.89593367 36.03963736 39.79269265 44.88773883 46.75502877 51.5156597 53.38646122 53.290227 56.82428285 52.70003158 -9999 -9999 -9999 -9999 -9999 -9999 -9999 -9999 -9999 -9999 -9999 -9999 -9999 -9999 -9999 -9999 -9999 -9999 -9999 -9999 -9999 -9999 -9999 -9999 -9999 -9999 -9999 -9999 -9999 -9999 -9999 -9999 -9999 -9999 -9999 -9999 -9999 -9999 -9999 -9999
-9999 -9999 -9999 -9999 -9999 -9999 -9999 -9999 -9999 10.97005297 13.35220106 16.87464896 20.96573902 25.50813788 30.40071069 34.75026979 38.73703745 42.57605083 45.8368164 48.72967336 49.69838975 49.46228674 48.56748967 46.64130674 45.20687044 44.15680026 43.14946895 42.94446935 42.81793332 43.18792691 45.39592491 49.55227465 55.20438772 62.215715 68.91651493 -9999 -9999 -9999 -9999 -9999 -9999 -9999 -9999 -9999 -9999 -9999 -9999 -9999 -9999 -9999 -9999 -9999 -9999 -9999 -9999 -9999 -9999 -9999 -9999 -9999 -9999 -9999 -9999 -9999
-9999 -9999 -9999 -9999 -9999 -9999 -9999 -9999 -9999 519.3854664 475.7215921 443.3455677 18.79482612 23.74779469 28.48316586 33.24929528 37.65585989 40.77538214 44.17145478 45.27085612 44.68420731 43.0395535 39.54066233 37.71230366 35.34157057 34.66494817 35.81481063 36.34300178 38.48118251 41.02059293 44.67999533 50.54528716 57.37329374 64.90419705 72.3119438 76.79000663 76.95988037 -9999 -9999 -9999 -9999 -9999 -9999 -9999 -9999 -9999 -9999 -9999 -9999 -9999 -9999 -9999 -9999 -9999 -9999 -9999 -9999 -9999 -9999 -9999 -9999 -9999 -9999 -9999
60.51838257 54.31979534 50.66826559 42.16939148 -9999 -9999 -9999 -9999 681.2707561 625.3842249 573.1228766 518.3927459 472.6971269 23.04259366 28.22263958 33.51081013 38.32312183 41.6559074 44.15670588 44.35825222 42.09446678 37.51542017 32.49117364 29.79652081 27.70595476 27.58826296 29.54556265 31.59920024 35.29541911 39.81434396 44.62472395 51.21925834 58.86652312 67.13142377 75.51273914 81.22777546 83.18826668 82.72508272 -9999 -9999 -9999 -9999 -9999 -9999 -9999 -9999 -9999 -9999 -9999 -9999 -9999 -9999 -9999 -9999 -9999 -9999 -9999 -9999 -9999 -9999 -9999 -9999 -9999 -9999
64.84153481 -9999 -9999 52.43429552 45.25399908 1036.943922 1001.029977 936.0745444 889.2430312 808.9455154 715.9988954 641.9803923 556.7579941 25.48514515 31.58641143 38.90908959 45.05018258 47.81797027 48.61520056 46.72371691 41.21912887 34.81832633 28.89197335 25.91600901 23.98401777 24.34020185 26.73170699 29.7898014 34.59133034 39.9807558 46.11250643 53.34304113 61.13302493 70.12075899 79.40330391 86.75263709 91.64006632 93.18704013 -9999 -9999 -9999 -9999 -9999 -9999 -9999 -9999 -9999 -9999 -9999 -9999 -9999 -9999 -9999 -9999 -9999 -9999 -9999 -9999 -9999 -9999 -9999 -9999 -9999 -9999
-9999 -9999 -9999 57.18444342 58.44069131 1275.651317 1239.637737 1191.931674 1123.901073 1016.53892 907.8269975 786.1176331 683.2545266 31.79443342 40.09824016 48.91678182 56.55626575 58.73063044 56.26995787 50.63844909 42.79375966 34.71154872 668.3266546 608.9139558 24.7923379 25.49628343 28.03879422 31.73365164 36.96091059 42.68573498 49.31845149 57.27016929 64.16644696 74.48731789 84.10274305 92.53290189 100.5258602 104.7689521 104.2984951 101.5456053 95.63394545 -9999 -9999 -9999 -9999 -9999 -9999 -9999 -9999 -9999 -9999 -9999 -9999 -9999 -9999 -9999 -9999 -9999 -9999 -9999 -9999 -9999 -9999 -9999
-9999 -9999 -9999 1474.914199 1520.613668 1558.238311 1560.515153 62.98192141 1402.114452 1264.930176 1095.789961 942.5154287 35.25993464 44.12917195 54.52504584 65.50660837 73.58098377 74.28041399 65.76510977 53.4256888 42.43852793 974.1878008 895.9484251 811.3341491 722.2380602 621.1669706 31.05134265 35.51584911 41.94967937 48.80379546 57.01670392 66.08469244 74.19479634 84.83016169 93.98362779 103.27776 112.8884334 119.3437115 122.4988061 121.7801042 118.0274821 110.1190011 -9999 -9999 -9999 -9999 -9999 -9999 -9999 -9999 -9999 -9999 -9999 -9999 -9999 -9999 -9999 -9999 -9999 -9999 -9999 -9999 -9999 -9999
-9999 -9999 -9999 -9999 1804.673766 1861.335216 1858.563263 95.08098677 80.48628061 63.69237128 52.59124265 47.91710057 49.25828811 59.40414858 73.36713577 85.13563138 92.04361003 94.62570291 74.52981519 1291.593772 1245.949394 1181.984385 1133.168071 1016.944974 916.6615499 823.3145004 682.7260779 40.27962346 47.91837529 57.6684713 67.41690749 78.26270023 89.90257713 98.50246945 108.1273173 117.3767155 127.1668195 135.4152944 141.6653836 144.284276 142.4372464 136.5611397 127.4511748 -9999 -9999 -9999 -9999 -9999 -9999 -9999 -9999 -9999 -9999 -9999 -9999 -9999 -9999 -9999 -9999 -9999 -9999 -9999 -9999 -9999
-9999 -9999 -9999 -9999 -9999 2114.501962 2111.79084 140.0115509 115.195589 89.75163529 71.27078887 62.95103495 62.24665563 73.01043445 87.86546353 98.44413212 101.0061062 97.63228194 78.09802876 1519.383192 1496.367806 1476.70359 1401.855015 1298.368471 1165.713035 1032.243442 890.5850005 46.34295286 53.74538214 63.66280507 74.39887161 87.22752229 99.90054648 109.523149 119.2050173 128.0770573 138.5159688 149.9692398 161.2830286 169.7526718 172.4950766 167.4211484 157.0833954 143.2767477 -9999 -9999 -9999 -9999 -9999 -9999 -9999 -9999 -9999 -9999 -9999 -9999 -9999 -9999 -9999 -9999 -9999 -9999 -9999 -9999
-9999 -9999 -9999 -9999 -9999 2299.609649 2235.135883 196.2615797 156.3201053 116.8347098 91.56345229 76.78782939 71.19779661 81.82035237 98.22858481 105.7964577 100.697279 92.17970519 1673.233252 1701.495781 1702.670469 1691.006451 1675.484716 1550.560901 1391.697329 1239.393103 50.56150567 53.13988241 58.65304828 66.73814228 77.45822817 91.78633254 105.6912781 114.7073457 124.6397795 133.055704 144.5375645 160.52515 175.7306189 194.2835221 201.0936505 195.3822412 186.4122636 170.5375014 156.3099871 -9999 -9999 -9999 -9999 -9999 -9999 -9999 -9999 -9999 -9999 -9999 -9999 -9999 -9999 -9999 -9999 -9999 -9999 -9999
-9999 -9999 -9999 -9999 -9999 2354.236575 2260.334352 261.3118595 200.2967759 147.2773806 113.0676353 92.79303628 84.67230454 90.62517723 100.6257183 105.3324664 100.4410481 1671.621924 1773.77462 1816.942136 1850.026519 1869.565933 1840.489743 1752.553412 1577.515438 71.21125684 67.42161373 64.63238776 66.39961099 71.47202061 80.37101892 93.4051198 105.4487142 113.796341 121.3356134 127.4523574 137.7962935 153.5145767 175.3550212 200.0847058 212.8808777 211.8677218 205.0784848 191.102852 176.2195426 165.4470057 159.4275713 157.7446301 160.0961157 163.2521736 166.820097 169.5221382 -9999 -9999 -9999 -9999 -9999 -9999 -9999 -9999 -9999 -9999 -9999 -9999
-9999 -9999 -9999 -9999 -9999 2329.871367 2189.670942 325.3431016 238.4434263 171.691456 131.2966 107.3863976 96.17565478 98.37250016 102.0629582 104.4487496 1547.73662 1656.512893 1732.645703 1824.353985 1862.824362 1900.599182 1943.390004 1826.168644 115.7934156 102.3969918 88.83690683 78.63467563 75.73201657 76.39694494 82.67753738 93.05043666 103.2919211 107.8505724 111.9199907 115.4112995 122.5595637 133.8169344 162.0059688 193.1391501 210.3712562 214.3902272 216.7253946 200.1794895 187.2633881 179.0845035 179.0177139 183.5100471 189.15062 198.3329962 205.1673146 211.2999202 218.888653 218.3608247 219.0680335 -9999 -9999 -9999 -9999 -9999 -9999 -9999 -9999 -9999
-9999 -9999 -9999 -9999 -9999 2195.927858 2052.93687 381.1586499 273.3930153 193.2126023 148.5315877 123.8719187 112.2842891 111.4862909 112.7702591 114.92903 1462.27166 1544.069044 1655.575747 1721.999718 1792.88735 1855.361658 1861.845143 1795.238722 173.5879634 147.502592 123.241783 101.5268898 89.01893347 84.24848179 85.27564308 90.56957605 96.74036575 99.01371301 100.2776845 101.2288978 105.4173846 116.5989369 140.4698088 168.7994487 188.3144348 198.2243813 202.3909991 197.0117633 190.9560743 189.5120274 195.1323743 203.7841183 215.4130164 228.1882913 239.4352122 251.0285819 260.393551 266.5793546 269.27609 267.514229 -9999 -9999 -9999 -9999 -9999 -9999 -9999 -9999
-9999 -9999 -9999 -9999 -9999 2042.821779 1875.722674 409.6699015 296.8246277 206.3122624 160.9965418 141.4486223 128.2853844 128.3609366 130.6315735 1258.904071 1355.207777 1415.02263 1479.876195 1548.241101 1611.977811 1676.010664 1719.512029 272.2104174 240.2569139 202.4801415 160.0440702 123.749337 103.0449515 89.75941585 85.77038554 85.2491019 89.6920561 86.96060061 86.71725176 86.07798037 87.64889054 93.92245382 113.3407238 138.7027643 157.8695951 171.6612445 183.1585978 185.1040539 188.8803734 193.900829 205.7983906 219.5746361 234.655914 251.6116055 266.077288 282.4156628 297.0311174 306.4725099 315.2657703 317.1947171 315.8800166 306.8103735 -9999 -9999 -9999 -9999 -9999 -9999
-9999 -9999 -9999 -9999 -9999 1831.905664 1675.135153 432.3533601 309.4546633 223.6172382 181.7732155 164.9113714 158.6156185 157.1677914 1049.484856 1114.18713 1180.072978 1239.559836 1290.259672 1347.228332 1399.336059 1448.595994 372.4501374 356.7183917 317.1515729 263.3500986 202.6316929 149.3399324 115.3888684 92.82754449 741.0811026 724.542645 710.7858764 713.9753451 713.3724218 707.3651185 693.3237304 686.4971185 686.5705015 687.729101 124.7267039 142.7950896 156.7823066 170.6587255 184.5147719 196.2962209 212.0259541 228.8122859 247.1239404 266.988064 284.2886503 302.66611 320.2486428 337.092186 352.1603283 362.3228268 366.8302903 364.2009425 -9999 -9999 -9999 -9999 -9999 -9999
-9999 -9999 -9999 -9999 -9999 1618.161843 1448.550409 423.3743361 316.0230435 237.8944663 201.705554 192.3767824 192.0897668 191.9630703 934.628658 970.7452188 233.2679835 259.5732083 301.3911144 345.7135828 393.3147085 440.609306 470.6981967 441.115703 391.0540223 323.7284127 243.9345397 871.9430596 794.7659873 747.8190619 739.7263412 732.5482659 734.1120342 742.6975569 751.7730411 748.319568 726.6987038 715.9563723 704.7545293 697.1915685 693.3328598 692.0581697 679.3714037 162.085288 181.9429101 198.5217521 216.4662008 234.7565565 254.0034586 275.8387718 294.2741231 314.3063477 336.0639354 356.3207101 379.8602741 398.0760321 411.6809692 419.3863376 -9999 -9999 -9999 -9999 -9999 -9999
-9999 -9999 -9999 -9999 -9999 1345.593913 451.1779016 426.8720309 458.0149403 519.1880895 582.6259044 222.5991489 225.1080596 233.1227829 244.9660938 264.7655275 295.4274028 331.0124213 373.9884903 422.6476789 472.306587 517.0786092 536.1972061 506.3203529 447.8545374 370.7530473 283.7795063 797.5502465 752.6616866 730.0987615 728.7559635 740.2920052 748.0006113 763.6366889 768.7710257 766.6936138 756.0383848 743.78989 731.3615026 712.8455641 704.9392915 689.361519 666.2372359 165.1698017 186.267061 203.5137196 221.3111657 238.4028291 257.2617992 276.9184363 295.8104074 317.6240806 339.5714531 366.6424832 394.1671466 419.6169614 444.7908565 459.7527957 -9999 -9999 -9999 -9999 -9999 -9999
-9999 -9999 -9999 1212.181909 707.4790167 392.877993 368.0488337 388.8124722 445.0767715 520.9445278 574.070241 625.3484965 685.1628267 282.1542653 303.6795526 330.6511668 367.4107263 403.8911892 451.1057116 499.2252369 547.4039535 589.7299168 606.4974288 563.6033151 493.4310574 408.5119157 315.7724324 235.597508 699.0061913 689.2184364 706.4662774 732.8379452 751.724666 767.621106 771.2092995 768.3374227 765.4302403 751.0956975 736.1584892 715.8670043 698.9856608 668.4790365 159.0008888 178.1946222 197.7929745 213.562272 230.3557761 243.7833071 261.2116956 278.9271549 296.6656326 320.0393485 341.1291422 372.1281061 403.7810889 434.2269408 468.1871688 493.7376766 487.5203606 -9999 -9999 -9999 -9999 -9999
-9999 -9999 1110.277081 1065.888804 335.8702214 331.7631163 373.8627907 408.0498983 456.6781259 522.3284117 562.6851257 598.4230241 629.1877274 663.615744 367.2793771 399.5865486 436.5358439 478.2443454 524.7223536 573.1743974 617.1930424 648.0268298 650.7544989 599.8699948 520.1867812 428.8135757 335.2908243 254.1677963 650.4134346 662.557668 682.7123301 711.7657903 736.1860189 750.7573771 756.3109312 753.9021458 752.2874472 735.2356718 718.6568794 134.9416521 150.3002732 166.6298792 182.9842823 199.9132037 216.001415 229.8228358 242.9710852 255.4679066 270.0133504 285.8675755 303.3780227 325.0916744 348.9393726 379.7761843 413.1359766 446.1647443 480.1919828 488.431275 482.725587 475.1735447 -9999 -9999 -9999 -9999
-9999 -9999 997.9293106 895.0624161 269.5146609 304.3232314 358.1814609 422.9295228 454.7342615 501.8397297 521.1408741 562.8509058 587.4396349 591.3899244 613.6164323 618.6322762 621.3655089 552.0820715 599.4484071 644.6242894 680.8263734 701.3763939 696.525269 633.0267467 543.0474769 449.3121619 355.1114354 589.2820284 600.5724127 624.4425489 647.6204115 677.1357204 702.3099763 712.5048508 721.6747932 717.7246417 707.4677534 136.7821524 153.9802835 169.7694899 185.1090414 202.5633999 214.760249 229.5470142 242.2452426 251.1582679 468.8525449 447.0985501 433.244274 418.9549693 418.7130747 422.2977143 431.850318 443.5675948 461.2429176 475.0193331 483.0029207 489.5498811 483.9538747 477.3648365 -9999 -9999 -9999 -9999
841.717254 864.1125628 296.9664968 268.7803172 248.038312 276.0976127 348.9344824 409.1838172 448.5099017 466.7863625 495.5328487 523.2061105 542.004172 556.9658308 559.0151949 563.7373968 577.9060066 582.933018 587.1052863 579.1169637 577.8471269 581.8356222 576.999806 655.2107125 554.1911298 542.3038033 552.4367195 554.1194621 574.2897266 589.3095801 613.0918809 644.7552051 664.9830035 675.2645433 669.564218 664.7327226 166.5400952 177.781473 194.1690649 212.5038253 228.1308888 241.6937347 253.8951347 263.5055385 272.7574131 471.2769867 454.0234773 432.3482178 421.6302958 411.8193798 410.6578302 421.0442331 432.1556768 448.0228501 463.7863395 478.1647729 487.6940572 493.6230251 488.5225304 483.2173782 -9999 -9999 -9999 -9999
793.4495376 308.563994 236.4936942 219.3640816 214.9143823 272.7435546 340.9192339 394.3922093 415.7116388 441.7197187 445.9790382 463.1114325 486.0116224 497.5179439 510.2820801 509.9826847 512.4825993 514.3532812 514.1991901 518.4345489 516.0569887 508.9337345 503.6930316 501.3714342 500.5491619 498.7782224 500.5751712 507.7796271 527.9383749 552.3165671 570.2441128 589.434045 603.1724521 607.5687702 612.7753837 215.1780965 227.63749 237.7759197 256.3243764 271.8761845 286.1041786 300.4878295 307.0128573 312.0190458 461.2826894 445.3128043 423.0030077 409.1663743 405.0041057 399.9986575 405.7376726 418.4128081 430.4046706 447.6229616 467.3293866 481.0874278 491.2814595 496.7331613 493.8794459 487.4408968 475.1493662 -9999 -9999 -9999
335.4841576 267.5251993 201.5906039 185.005421 197.3312142 255.7891758 319.0782742 373.2055257 387.0749509 400.2011398 402.2410101 424.2171765 444.7047189 449.6347779 456.2546513 456.5273542 459.4811789 464.2118679 461.5337525 457.0009044 455.9775298 455.4980449 456.0364478 454.8103106 454.099332 451.3324637 465.3635743 478.4727177 487.2510143 501.6254669 519.3532459 535.8681796 546.2463113 548.68233 278.2163229 288.2127385 301.7248873 314.0498905 332.9504792 348.4289893 362.16684 371.5916221 371.6401058 444.3954272 425.5269315 408.5099121 399.4505944 390.5543281 388.199904 387.6300028 392.9650409 413.0376546 428.7061831 447.576125 465.5874399 479.5400596 494.5055244 500.7498542 499.0897871 487.6948088 475.7071226 457.7787304 437.6282651 -9999
