meets/meet004/data/CCSM_21k_neotropic_bio13.asc
NCOLS 154 
NROWS 168 
XLLCORNER -112 
YLLCORNER -55.5 
CELLSIZE 0.5 
NODATA_value -9999 
[rows 29 to 57 of 168, columns 64 to 127 of 154]
-9999 -9999 -9999 -9999 -9999 -9999 -9999 -9999 -9999 -9999 -9999 -9999 -9999 -9999 -9999 -9999 -9999 -9999 -9999 -9999 -9999 -9999 -9999 -9999 -9999 -9999 -9999 -9999 -9999 -9999 -9999 -9999 -9999 -9999 -9999 -9999 -9999 90.57715543 -9999 -9999 -9999 -9999 -9999 -9999 -9999 -9999 -9999 -9999 -9999 -9999 -9999 -9999 -9999 -9999 -9999 -9999 -9999 -9999 -9999 -9999 -9999 -9999 -9999 -9999
-9999 -9999 -9999 -9999 -9999 -9999 -9999 -9999 -9999 -9999 -9999 -9999 -9999 -9999 -9999 -9999 -9999 -9999 -9999 -9999 -9999 -9999 -9999 -9999 -9999 -9999 -9999 -9999 -9999 -9999 -9999 -9999 -9999 -9999 -9999 -9999 -9999 94.55675975 -9999 -9999 -9999 -9999 -9999 -9999 -9999 -9999 -9999 -9999 -9999 -9999 -9999 -9999 -9999 -9999 -9999 -9999 -9999 -9999 -9999 -9999 -9999 -9999 -9999 -9999
-9999 -9999 -9999 -9999 -9999 -9999 -9999 -9999 -9999 -9999 -9999 -9999 -9999 -9999 -9999 -9999 -9999 -9999 -9999 -9999 -9999 -9999 -9999 -9999 -9999 -9999 -9999 -9999 -9999 -9999 -9999 -9999 -9999 -9999 -9999 -9999 -9999 -9999 -9999 -9999 -9999 -9999 -9999 -9999 -9999 -9999 -9999 -9999 -9999 -9999 -9999 -9999 -9999 -9999 -9999 -9999 -9999 -9999 -9999 -9999 -9999 -9999 -9999 -9999
-9999 -9999 -9999 -9999 -9999 -9999 -9999 -9999 -9999 -9999 -9999 -9999 -9999 -9999 -9999 -9999 48.04553593 -9999 -9999 -9999 -9999 -9999 -9999 -9999 -9999 -9999 -9999 -9999 -9999 -9999 -9999 -9999 -9999 -9999 -9999 -9999 96.26179478 -9999 -9999 -9999 -9999 -9999 -9999 -9999 -9999 -9999 -9999 -9999 -9999 -9999 -9999 -9999 -9999 -9999 -9999 -9999 -9999 -9999 -9999 -9999 -9999 -9999 -9999 -9999
-9999 -9999 -9999 -9999 -9999 -9999 -9999 -9999 -9999 -9999 -9999 -9999 -9999 -9999 60.92306196 61.89750766 68.39051438 -9999 -9999 -9999 -9999 -9999 -9999 -9999 -9999 -9999 -9999 -9999 -9999 -9999 -9999 -9999 -9999 -9999 -9999 -9999 -9999 -9999 -9999 -9999 -9999 -9999 -9999 -9999 -9999 -9999 -9999 -9999 -9999 -9999 -9999 -9999 -9999 -9999 -9999 -9999 -9999 -9999 -9999 -9999 -9999 -9999 -9999 -9999
-9999 -9999 -9999 -9999 -9999 -9999 -9999 -9999 -9999 -9999 86.81185078 86.39943359 85.23655087 88.19494355 88.36774918 88.86664948 -9999 -9999 100.5163991 100.4070706 100.965849 99.4549572 94.68215914 -9999 -9999 -9999 -9999 -9999 -9999 -9999 -9999 -9999 -9999 -9999 -9999 -9999 -9999 -9999 -9999 -9999 -9999 -9999 -9999 -9999 -9999 -9999 -9999 -9999 -9999 -9999 -9999 -9999 -9999 -9999 -9999 -9999 -9999 -9999 -9999 -9999 -9999 -9999 -9999 -9999
-9999 -9999 -9999 -9999 -9999 -9999 -9999 -9999 -9999 136.7852479 129.3423226 130.3574598 122.4758505 122.8097533 121.3220306 117.8910317 126.3399527 121.2292467 127.9435257 129.263914 128.5861159 124.8702327 118.0643634 114.2227952 -9999 -9999 -9999 -9999 -9999 -9999 -9999 -9999 -9999 -9999 -9999 -9999 -9999 -9999 -9999 -9999 -9999 -9999 -9999 -9999 -9999 -9999 -9999 -9999 -9999 -9999 -9999 -9999 -9999 -9999 -9999 -9999 -9999 -9999 -9999 -9999 -9999 -9999 -9999 -9999
-9999 -9999 -9999 -9999 -9999 -9999 -9999 -9999 -9999 183.2570907 173.9502262 162.6967213 156.6366291 148.6055452 148.5917349 145.7852893 141.2464342 146.0793006 146.2731434 148.3448488 147.3584163 144.8554608 135.6871644 124.8353548 117.2871935 110.275142 100.1983937 92.85237975 90.58891455 83.81515269 83.25416113 88.33878116 90.77843633 100.063983 106.9200594 -9999 -9999 -9999 -9999 -9999 -9999 -9999 -9999 -9999 -9999 -9999 -9999 -9999 -9999 -9999 -9999 -9999 -9999 -9999 -9999 -9999 -9999 -9999 -9999 -9999 -9999 -9999 -9999 -9999
-9999 -9999 -9999 -9999 -9999 -9999 -9999 -9999 -9999 249.3016184 223.1987815 208.4540738 184.275767 178.9666437 168.1106042 163.6737025 161.7162795 167.3722758 164.5404933 170.5473638 170.0094667 163.5598136 160.2791305 147.7118436 135.4693758 126.7532461 122.6221037 110.3561388 109.8087811 100.0205547 96.74797479 100.4950301 99.437555 106.1125107 112.3886024 117.2925353 123.8377777 -9999 -9999 -9999 -9999 -9999 -9999 -9999 -9999 -9999 -9999 -9999 -9999 -9999 -9999 -9999 -9999 -9999 -9999 -9999 -9999 -9999 -9999 -9999 -9999 -9999 -9999 -9999
327.5146152 342.0732584 357.89929 370.8537789 -9999 -9999 -9999 -9999 341.9731872 311.6687194 283.7291441 252.1752096 223.1103835 202.287179 188.4025586 181.7709147 179.9315372 184.2704535 188.8736367 195.0288504 194.3480486 183.7575738 179.0373361 162.7898512 153.4589741 144.1928763 132.493085 124.7353071 115.3620136 111.9403498 108.8557738 105.6034107 106.635135 109.5285198 113.5592706 117.8493283 123.1479053 126.673087 -9999 -9999 -9999 -9999 -9999 -9999 -9999 -9999 -9999 -9999 -9999 -9999 -9999 -9999 -9999 -9999 -9999 -9999 -9999 -9999 -9999 -9999 -9999 -9999 -9999 -9999
394.1534601 -9999 -9999 481.4912524 493.3104305 501.4325082 501.1508421 468.6172048 453.2713168 403.1275475 352.3296651 307.7899562 261.8238168 239.9839005 214.2390213 218.2771304 224.5154158 228.9188779 237.1237275 245.5799801 236.7806178 227.1849903 215.9302655 199.3483232 186.0506904 165.5285256 151.4222245 138.4939617 133.0551556 124.7941238 120.6583423 118.1614834 116.2661035 118.5672439 120.9250802 123.984518 128.6082812 131.7253626 -9999 -9999 -9999 -9999 -9999 -9999 -9999 -9999 -9999 -9999 -9999 -9999 -9999 -9999 -9999 -9999 -9999 -9999 -9999 -9999 -9999 -9999 -9999 -9999 -9999 -9999
-9999 -9999 -9999 561.0240149 602.8448798 614.8311459 608.6435099 595.1992317 556.9825778 495.7226538 439.6682101 368.1566777 309.7665508 276.5899464 251.4821335 250.5062602 263.1910967 278.5439568 292.2925566 312.9133567 306.4716617 277.3788009 263.7474567 248.2461869 227.5406591 210.1217867 179.5147508 163.1009885 153.4859613 142.1674601 137.4368994 132.2645938 128.4579919 129.6833185 131.2209344 135.2194861 137.5135028 141.4076338 145.3026107 150.2243573 149.58177 -9999 -9999 -9999 -9999 -9999 -9999 -9999 -9999 -9999 -9999 -9999 -9999 -9999 -9999 -9999 -9999 -9999 -9999 -9999 -9999 -9999 -9999 -9999
-9999 -9999 -9999 647.6182875 685.2343067 704.4432682 718.6006845 717.2401134 656.3625095 583.4046827 508.0395888 425.1765902 353.5786556 314.1545775 286.053999 301.60667 336.42935 368.8681946 386.8749562 388.7470848 383.5584592 381.6754392 357.1777457 332.2513853 300.580587 256.1980129 235.3145505 206.0548329 186.9627033 167.1913536 158.6089712 157.0852907 151.3225567 151.9661226 149.2007901 151.4181174 156.2479841 158.9491578 162.3480208 163.5746915 165.209413 165.5830722 -9999 -9999 -9999 -9999 -9999 -9999 -9999 -9999 -9999 -9999 -9999 -9999 -9999 -9999 -9999 -9999 -9999 -9999 -9999 -9999 -9999 -9999
-9999 -9999 -9999 -9999 753.7904692 799.159395 802.1126679 803.6352099 733.9643928 647.2129188 556.1176149 457.7921322 383.8467687 350.6966099 330.0962043 350.503686 411.9631657 461.3568716 462.4562942 475.3801808 467.697282 457.0723003 443.9063397 405.3804696 365.2350982 328.207596 272.9920262 241.3183956 220.3684562 192.5276536 183.7455616 175.489054 172.8586123 171.5573036 170.575365 172.280441 174.5747994 174.6592603 177.6251579 181.0817062 182.273523 180.6454521 181.5589642 -9999 -9999 -9999 -9999 -9999 -9999 -9999 -9999 -9999 -9999 -9999 -9999 -9999 -9999 -9999 -9999 -9999 -9999 -9999 -9999 -9999
-9999 -9999 -9999 -9999 -9999 834.5600157 820.1351766 813.809194 723.4033072 638.0353037 550.3105526 460.3362455 395.1851727 369.8224187 362.0040998 408.5249104 471.9368451 531.0837709 551.7424131 557.2391533 554.0981544 555.0123083 530.6889013 490.7323708 443.6020802 389.823125 333.2692798 280.0222567 248.0755088 217.6587711 207.058959 200.3239032 192.8513853 193.3543951 190.5601015 190.6268743 192.7706297 193.5522129 198.3964914 199.3730971 202.4664991 205.2709509 202.9424453 200.2444994 -9999 -9999 -9999 -9999 -9999 -9999 -9999 -9999 -9999 -9999 -9999 -9999 -9999 -9999 -9999 -9999 -9999 -9999 -9999 -9999
-9999 -9999 -9999 -9999 -9999 860.804403 827.9463358 788.0890947 704.3095568 612.6451514 512.2048057 437.0318331 384.6323053 370.6188656 390.9319501 441.9995989 513.4248271 571.5061802 593.1322182 613.426791 623.484277 610.7881309 605.2688555 556.1314962 492.057605 435.1275388 362.9530495 305.3688386 272.6782843 234.9177356 221.1849124 211.7723305 206.9269341 205.4052566 204.0424347 203.0751421 204.1094741 205.4755901 210.3844767 217.6433248 223.0442082 224.8653391 226.7012822 220.0000962 215.7718511 -9999 -9999 -9999 -9999 -9999 -9999 -9999 -9999 -9999 -9999 -9999 -9999 -9999 -9999 -9999 -9999 -9999 -9999 -9999
-9999 -9999 -9999 -9999 -9999 825.5967858 785.6007094 725.5153516 640.2099362 547.6496669 470.8044821 412.4612299 375.2851106 379.8230637 421.7610181 476.4228526 538.3878159 582.3778702 627.3370944 653.8347681 667.1254508 651.8820549 642.1902445 592.427773 525.8836189 462.2760806 394.7193733 329.2133884 290.3313936 251.7039734 239.1966413 229.9104534 223.2985553 219.9884929 217.755784 214.7413819 216.0951131 217.6638038 226.213478 234.9869144 243.9667753 250.4716393 253.0602435 249.4965144 240.8286503 231.5587095 220.3693557 211.1292042 207.5076372 204.2429904 200.7536837 197.9607782 -9999 -9999 -9999 -9999 -9999 -9999 -9999 -9999 -9999 -9999 -9999 -9999
-9999 -9999 -9999 -9999 -9999 806.8405812 756.5778961 679.3591876 579.0935548 490.2447712 413.0313436 378.6886873 352.4207065 374.4713762 413.5708585 469.8174713 520.9408883 567.4271017 609.1191294 668.1457102 684.100323 677.0789937 676.2438531 625.5262298 557.0175091 492.1358684 408.5878427 344.6571677 304.0254219 263.0593309 249.9700608 237.9185913 232.3223859 226.1114228 225.6646309 221.5152308 219.8692348 221.7637169 233.3759403 246.7943302 257.2809294 267.9267444 276.8149426 268.4703703 260.2083573 249.0721254 242.8054945 240.0637235 232.7843485 227.9720999 223.7403359 217.3797555 215.8770273 213.2374412 214.8338044 -9999 -9999 -9999 -9999 -9999 -9999 -9999 -9999 -9999
-9999 -9999 -9999 -9999 -9999 772.8090767 724.7476414 649.5378229 564.1977596 461.1296128 380.389817 343.3390426 337.7010441 359.7137356 409.4018842 447.6977087 492.4271227 535.2970507 585.5228071 645.4131514 681.9567565 675.9776051 679.0201086 633.6368275 573.4328416 510.5638039 435.0272237 371.2542381 328.8194791 282.9807383 266.1495505 250.6047795 243.997239 238.2076442 234.1820686 229.8576288 232.3965834 232.0148032 242.7046329 258.0360322 271.0277664 281.9752287 290.368795 290.1039416 286.3805117 281.9626825 278.2464897 269.3065053 262.4068809 252.9720245 246.4079255 240.0643548 234.2245997 233.0882354 231.8852865 233.3324235 -9999 -9999 -9999 -9999 -9999 -9999 -9999 -9999
-9999 -9999 -9999 -9999 -9999 723.0941047 684.2354587 613.5109415 527.337287 435.3879138 359.563543 314.3950953 317.8946661 349.4461732 378.0777219 412.5197507 457.2324289 484.517804 521.024918 584.4888034 619.72417 649.4511933 663.0268193 633.2867535 583.0805365 526.9534364 457.3624639 400.4823054 360.5102968 307.6671015 290.3150051 276.1773066 262.3215847 252.5109826 245.7237762 242.1085265 244.5237228 242.3294481 253.5272107 266.9032424 279.8626897 298.9101239 314.5973729 318.1565523 314.4586074 310.6374675 304.1043821 294.3321553 286.7393457 270.5737145 263.4053913 255.636791 248.7503934 246.072515 243.4890361 246.4161377 247.4391663 246.4145042 -9999 -9999 -9999 -9999 -9999 -9999
-9999 -9999 -9999 -9999 -9999 669.6673374 630.7022201 563.3590769 497.0506881 414.1699991 350.5885445 310.315728 332.5762571 354.5584206 374.3409075 385.0518928 413.4795839 435.7825934 476.5580926 521.1030703 557.9879886 599.4686663 622.6124837 615.469207 588.8516532 544.2344737 481.4578886 420.6931494 375.6916113 330.8213903 314.036053 298.5189438 285.5651831 278.7617658 273.4405321 268.7391813 264.4160824 268.6129909 277.9393192 291.8885629 306.997917 324.0815523 337.4428599 339.6022423 342.2124219 336.4067215 325.8205566 313.9018826 301.8624523 286.6957731 277.5849173 268.9693366 259.9934623 257.5965097 255.1217096 256.8905505 257.6637549 256.3187088 -9999 -9999 -9999 -9999 -9999 -9999
-9999 -9999 -9999 -9999 -9999 633.739057 585.0396755 524.0274783 458.1744876 391.2075621 330.1997692 300.8623256 334.7816145 343.9581332 356.8068818 364.9559852 387.9323292 409.2677939 439.8749207 488.261511 519.9143541 565.1325024 594.829601 591.9724223 568.1477503 532.611365 468.5123652 418.8246725 375.084184 339.5314384 328.5636305 317.5493218 306.8076053 306.9283074 304.1782572 304.2459169 301.0447834 303.210025 311.7110718 323.9057871 333.0700691 348.9656434 357.4673359 361.1906655 359.3705727 351.1451054 337.5053714 326.6226633 311.7179513 295.1340192 285.8192205 274.8889336 268.0020208 266.179299 265.1109159 267.3790335 268.1029607 268.5367066 -9999 -9999 -9999 -9999 -9999 -9999
-9999 -9999 -9999 -9999 -9999 531.7779234 501.2622541 447.7107522 406.7168634 361.5221404 321.3036128 300.1170038 322.2539004 335.2226786 338.1368137 343.2125993 367.2948263 383.7868638 415.0420999 450.6381663 477.9084784 514.3991178 537.1127489 540.3560276 528.1891767 498.6255464 454.6242762 411.2363866 378.625709 347.8626851 338.627784 334.6822592 328.5414586 332.370373 334.154386 335.94988 338.5984042 345.106479 351.7734711 357.908429 364.6685556 373.386802 376.1718432 374.5008794 369.8208802 360.974686 345.5903432 329.7550582 314.5551398 297.8952331 288.7928891 280.5366901 273.191477 272.0848166 271.3762673 274.1534241 274.0677748 273.8865653 -9999 -9999 -9999 -9999 -9999 -9999
-9999 -9999 -9999 452.3318348 458.4413713 453.8259549 420.0230413 379.0295868 353.8951817 329.3577634 302.6905217 307.9808766 319.1406078 323.3832741 325.4328164 330.2700558 348.0482896 355.6019221 377.195014 410.1923312 428.6241684 454.2092578 481.7116062 476.2991318 471.8642991 452.8083256 413.3348274 388.7319694 371.7317878 344.3613851 344.2840316 345.9415551 349.1050579 355.8448238 358.3990002 362.8452287 375.9306977 376.3226262 383.937139 387.4731641 388.3607333 391.5379594 389.8429582 381.7910729 371.7689604 359.619761 343.4204076 327.2313443 312.0452153 294.1090486 286.3130988 279.1081919 274.1143788 276.0670749 274.8836007 280.1601439 281.6586201 281.3462633 277.7908151 -9999 -9999 -9999 -9999 -9999
-9999 -9999 401.9535288 413.9703441 392.7949641 366.9260813 347.0709733 324.407255 308.1831953 300.6365162 308.5780807 314.4066806 311.9128905 322.6725522 327.13006 332.2813113 341.7605505 353.7068259 371.3038831 387.5935887 400.761995 417.7315672 429.7739231 429.8190526 422.1749696 406.7569847 384.8440259 364.2609008 352.4568554 341.6281485 343.9172587 353.1919211 358.6856993 369.2541674 374.3279893 379.0238915 390.7458524 392.5789469 398.1501467 398.193091 397.8104014 397.1508867 389.248967 383.580814 366.5846719 354.3765662 338.7141899 319.1880754 305.3840863 289.798409 282.782523 278.0812832 274.2568739 276.5596222 278.7820152 283.478047 286.1613054 286.8218841 282.4344038 276.9495881 -9999 -9999 -9999 -9999
-9999 -9999 359.4680136 355.7714311 327.1611231 320.3214942 302.440488 297.885389 280.3824778 295.4550612 298.9956365 308.0793229 310.7486657 316.9878732 323.3007834 327.4239022 338.347759 345.4865152 354.3149142 367.8528886 373.5704703 382.6483515 393.7956862 385.4201336 384.1465956 375.8457642 351.5437416 337.4952102 337.028934 332.9146374 339.9703264 353.5437558 361.7256479 373.6711226 379.3342849 383.6052822 393.974446 394.3490085 399.6295335 395.7435119 393.1045404 391.6647918 381.9468094 370.6770612 353.9617591 338.8477695 319.8672231 305.0550331 292.567711 278.0000971 273.8848757 270.4769902 270.7850314 274.5871716 278.1119933 285.2222762 289.2931634 291.3406401 290.3507826 292.4312741 -9999 -9999 -9999 -9999
297.3697394 310.0395901 311.4778053 309.6972938 296.7721082 284.5567135 282.0449901 278.722163 277.1889339 280.5337642 286.0022466 300.1574049 302.4511181 313.970838 321.1847165 324.2325963 332.7105998 339.0088165 345.0315749 344.6859494 353.0880081 358.8296727 361.590144 358.1076212 351.4354878 342.6817215 336.2661205 325.7809673 322.7490902 323.9965369 329.9210876 346.3146798 357.3970891 366.6579721 369.6052967 374.049454 381.7514756 381.9877411 384.4767835 377.7723596 375.4763706 373.9118513 363.3429427 352.1977861 340.9138974 333.0858557 319.5144159 304.6586686 293.3506772 280.2172381 273.303708 271.3977084 269.8127696 276.4052222 283.866778 291.9029984 301.7691768 311.9865204 318.9215211 326.471944 -9999 -9999 -9999 -9999
321.0742239 315.1873852 298.6726086 275.4367973 265.0670128 260.7277325 259.4671152 271.0002707 266.9420482 269.1019004 271.8021166 277.4530737 288.7651604 301.8796822 311.8942296 315.2084537 322.1050645 324.4708856 329.2198144 338.3303655 343.8929601 348.2419045 347.9329269 334.014115 324.7999858 326.2757091 312.3605855 309.671659 312.3969319 311.2028725 316.8683497 326.9250222 336.5271553 343.4808527 350.8403117 351.9471897 354.9497174 356.9755114 361.4418089 363.373462 366.2093207 372.1949163 370.9112985 365.0848669 353.5870045 341.1698084 328.3164304 314.3057594 303.1720716 288.9765318 284.7094828 286.1373218 287.5203808 295.9541121 303.0716651 315.2951254 331.0840649 342.0318383 350.6906094 357.4286506 361.805328 -9999 -9999 -9999
334.4308277 320.3176656 293.7945951 261.3854325 241.9008565 238.3189347 251.5303637 264.1030706 263.9453241 259.9255154 257.9736808 272.891506 284.8972573 291.2135575 298.8791255 302.8958578 311.4332002 318.3315568 325.3261606 329.3696487 336.3671236 334.1821528 332.4987008 323.5403925 305.3782276 304.7509497 304.8030745 307.0197184 305.0965153 309.1394579 313.2790476 324.9209377 330.5021102 338.6616222 346.5589196 350.3699052 358.3042737 363.4396235 368.8445351 370.9481966 373.9487768 376.1043457 373.3762826 366.3802911 353.3990222 342.5716809 328.1375684 314.1321441 304.6041764 293.0209773 289.4435982 293.4495488 297.0853191 307.0989724 318.9919719 330.6938985 349.1609417 361.7871396 373.2409471 382.3198283 386.2293005 391.315817 391.65804 -9999
