meets/meet004/data/CCSM_6k_neotropic_bio10.asc
NCOLS 154 
NROWS 168 
XLLCORNER -112 
YLLCORNER -55.5 
CELLSIZE 0.5 
NODATA_value -9999 
[rows 87 to 115 of 168, columns 64 to 127 of 154]
-9999 -9999 -9999 -9999 -9999 -9999 -9999 -9999 -9999 19.85134884 18.12357602 16.0298644 14.15746773 11.31434265 8.678681025 6.701455372 5.652813355 4.807670181 4.190657439 3.988295008 5.331559716 7.887432172 11.12490465 14.87944324 18.48126891 21.80973882 24.24839714 26.2316246 27.29591144 27.94706267 28.35284244 28.19208751 27.9066452 27.78826188 27.60782368 27.53237575 27.53782661 27.61948085 27.62604299 27.71842085 27.77458699 27.77586782 27.95393299 28.06154288 28.32214101 28.41120971 28.33839678 28.21394633 27.78852566 27.36175063 27.21433752 27.33355555 27.53955419 27.76159292 27.9656043 27.89049824 27.56762911 27.21742803 26.97721333 26.70905139 26.38201906 26.07045781 25.69148954 25.42638256
-9999 -9999 -9999 -9999 -9999 -9999 -9999 -9999 -9999 -9999 -9999 18.75535029 17.18814588 14.61435472 12.15103715 9.729261045 7.804671191 6.271231046 4.965264299 4.134881446 4.821467714 6.387776307 8.687503067 11.84729786 15.01794239 18.50898596 21.47528242 24.1538437 25.96119484 27.08509482 27.76664431 27.74329054 27.41319266 27.61941315 27.6832084 27.7186213 27.89185266 27.97278756 27.96968094 28.15243584 28.30371476 28.45855972 28.80494569 28.85275948 29.04481044 29.04632863 28.82984225 28.64177023 28.04277423 27.4448488 27.26059714 27.39132349 27.62466427 27.82497257 27.97304726 27.83034727 27.40274077 26.96207567 26.63833358 26.28415089 25.91631239 25.66095638 25.27543823 25.05435072
-9999 -9999 -9999 -9999 -9999 -9999 -9999 -9999 -9999 -9999 -9999 -9999 -9999 17.39186257 15.5085869 13.25458355 10.56349363 7.731881478 6.365601987 5.136708585 4.724214697 5.581049598 6.688630957 9.039592441 11.81650972 14.90973614 18.00692416 21.15953685 23.51272679 25.61924714 27.03565969 27.25591914 27.72436004 27.88310123 27.8602401 28.09074818 28.07019622 28.11332064 28.10259357 28.1033469 28.31820033 28.6438358 28.97215079 29.11432336 29.15569117 29.11982976 29.0484059 28.77573454 28.25922549 27.69891691 27.41827475 27.59354022 27.7730974 27.64698338 27.64987403 27.40536858 26.97394823 26.69244563 26.37029877 26.1444465 25.85032622 25.53371957 25.21441658 24.94469932
-9999 -9999 -9999 -9999 -9999 -9999 -9999 -9999 -9999 -9999 -9999 -9999 -9999 -9999 -9999 16.48351165 14.03691262 11.23884553 9.148182232 7.066567829 5.857551371 5.622722459 5.82373394 7.166768827 8.822704271 11.18054086 13.94912371 17.11317541 19.88706269 22.56721969 24.75376873 26.03826447 27.12079351 27.71658316 28.01383092 28.20088824 28.21330184 28.15120139 28.08869504 28.0886029 28.28011744 28.64382611 28.98995935 29.11709787 29.16180936 29.1871052 29.16603363 29.01518777 28.64930899 28.13118992 27.76535473 27.6302272 27.47203924 27.06984998 26.80507989 26.48830777 26.17107444 26.04967153 25.96028452 25.91691026 25.76880138 25.55989204 25.26538457 25.00042122
-9999 -9999 -9999 -9999 -9999 -9999 -9999 -9999 -9999 -9999 -9999 -9999 -9999 -9999 -9999 -9999 -9999 16.82928418 13.32661477 9.984447625 7.800280158 6.79774213 6.313039558 6.191120375 6.252506734 7.598223702 10.00969727 12.26664018 15.48736243 18.23345059 21.13948056 23.5918737 25.72329591 27.03601194 27.77976651 28.34032634 28.26236693 28.12011091 28.07845368 28.10741194 28.30323795 28.65824553 29.00220999 29.14600332 29.18388546 29.25343692 29.36114424 29.35506244 29.09199556 28.78691695 28.24280078 27.50858018 26.75664641 26.22103337 25.56849307 25.22553953 25.25333306 25.1173726 25.44043441 25.65793997 25.67470819 25.60532332 25.37335404 25.08815669
-9999 -9999 -9999 -9999 -9999 -9999 -9999 -9999 -9999 -9999 -9999 -9999 -9999 -9999 -9999 -9999 -9999 19.07539708 16.3035168 13.38824032 10.84436656 8.800224026 7.378005102 6.35930227 5.656642844 6.213869601 7.787076101 9.567438793 12.18763184 14.73245692 17.79782307 20.95036613 23.69151368 25.96593935 27.39412676 28.3144755 28.32175412 28.05738434 27.99316959 28.04680636 28.26391223 28.63823708 28.98016659 29.15258599 29.23536617 29.33815857 29.44472402 29.4827091 29.31947318 28.99906133 28.33453072 27.40640297 26.42635623 25.70276401 25.06565469 24.77144877 24.90073967 24.96730128 25.3470365 25.57458921 25.63945352 25.61760067 25.42615235 25.10911754
-9999 -9999 -9999 -9999 -9999 -9999 -9999 -9999 -9999 -9999 -9999 -9999 -9999 -9999 -9999 -9999 -9999 -9999 -9999 16.60429239 14.25827751 11.27270375 8.761011284 7.232490925 6.545728351 6.356915828 6.890243281 8.013651335 10.20548995 12.30301184 15.20054624 18.4461291 21.64177064 24.71263064 27.00834705 28.39869958 28.28916525 27.97141739 28.02798296 27.97461845 28.19327482 28.66187331 28.99844825 29.19926961 29.29542656 29.38246645 29.47612899 29.44976536 29.22479241 28.93585542 28.25791772 27.30902185 26.32895013 25.72019097 25.20980734 24.99367713 25.18963428 25.40466412 25.59361437 25.71128934 25.74720311 25.72939743 25.47743845 24.99979009
-9999 -9999 -9999 -9999 -9999 -9999 -9999 -9999 -9999 -9999 -9999 -9999 -9999 -9999 -9999 -9999 -9999 -9999 -9999 18.0855433 16.28260526 13.34328859 10.42447234 8.248293614 7.135579137 6.650386639 6.885247323 7.806196907 9.284287781 11.13615469 13.87377467 16.86721239 20.10287526 23.54720324 26.29146582 28.03309612 28.34341958 28.13655792 28.20768356 28.26304122 28.47899232 28.80508692 29.10487321 29.33921778 29.4443443 29.47067091 29.41990742 29.25876132 28.95651039 28.57750057 27.99894799 27.31993078 26.67500101 26.17515125 25.82177872 25.65451681 25.76154636 25.9118087 26.03410161 26.11958977 26.06455907 25.94984186 25.60059756 24.87300507
-9999 -9999 -9999 -9999 -9999 -9999 -9999 -9999 -9999 -9999 -9999 -9999 -9999 -9999 -9999 -9999 -9999 -9999 -9999 -9999 17.66830452 15.04318798 12.19486273 9.072961995 7.461885061 6.661434215 6.988415707 8.127429738 9.188699125 10.55809394 13.11401888 16.02219221 19.21013599 22.57327966 25.64662127 27.71317443 28.23519646 28.44415006 28.54488004 28.69792026 28.89474816 29.03195725 29.27819421 29.43926105 29.60630974 29.546751 29.30959007 29.01692123 28.53948858 28.08419364 27.65356698 27.34489291 27.10720945 26.72740263 26.5200634 26.39060428 26.3556047 26.40805106 26.42810634 26.53484598 26.33689847 26.04135921 25.78900368 24.58061887
-9999 -9999 -9999 -9999 -9999 -9999 -9999 -9999 -9999 -9999 -9999 -9999 -9999 -9999 -9999 -9999 -9999 -9999 -9999 -9999 18.25468749 15.9831463 13.07983574 9.696038076 7.749752212 6.837590585 7.035267598 8.385437449 9.341394081 10.52153208 12.98239122 15.78377468 18.88086803 22.1781756 25.0958291 27.30084497 28.06855685 28.34128241 28.77140935 29.02085008 29.20719797 29.1857495 29.24295743 29.37735239 29.55881045 29.43017697 29.08757962 28.60624873 28.0029129 27.51462724 27.21094133 27.20812179 27.28883158 27.14848338 27.03324233 26.91902492 26.82091694 26.79561501 26.67065918 26.55048446 26.15742269 25.63630965 24.94184989 23.91140312
-9999 -9999 -9999 -9999 -9999 -9999 -9999 -9999 -9999 -9999 -9999 -9999 -9999 -9999 -9999 -9999 -9999 -9999 -9999 -9999 18.6903348 16.56857905 13.74180493 9.95878773 7.707495776 6.660007703 6.898375198 8.555628088 9.503478223 10.57548395 12.97934234 15.67952005 18.76084901 22.29674777 25.08300694 27.14210471 27.89324959 28.20880814 28.7423835 29.15575766 29.33769124 29.17891198 29.02743793 29.21964908 29.40599508 29.18874846 28.71231798 28.16683886 27.47285533 26.86988429 26.68966388 27.02713535 27.40143913 27.29000953 27.29236459 27.21644951 27.07590443 27.0513391 26.6805799 26.34890985 25.7495613 24.98608831 23.97736709 23.23537362
-9999 -9999 -9999 -9999 -9999 -9999 -9999 -9999 -9999 -9999 -9999 -9999 -9999 -9999 -9999 -9999 -9999 -9999 -9999 -9999 18.77786028 16.40628019 13.29863975 9.77168999 7.535743976 6.430346126 6.531354829 8.030420528 9.310370162 10.77843316 13.396771 16.15508082 19.21044511 22.58689057 25.44491573 27.42610687 28.01573525 28.10202349 28.50011989 28.82793131 29.02320788 28.99813647 28.94801836 28.99068861 28.99781576 28.69175884 28.17046503 27.58010525 26.98292208 26.57004017 26.43653846 26.67397202 27.02251685 27.12949018 27.20556463 27.15061487 26.97787079 26.76442857 26.36213138 25.89157274 25.20994244 24.44956251 23.63390549 22.86042036
-9999 -9999 -9999 -9999 -9999 -9999 -9999 -9999 -9999 -9999 -9999 -9999 -9999 -9999 -9999 -9999 -9999 -9999 -9999 -9999 18.92539007 16.00782777 12.79761857 9.368431757 7.234716246 6.155196041 6.279405408 7.540204146 9.315489967 11.14350627 13.90152754 16.67549369 19.72419435 23.1011856 26.03725465 27.9628501 28.26914689 28.31927393 28.38442454 28.47830661 28.64062937 28.71108839 28.76626003 28.65160817 28.52810117 28.15877375 27.58981831 26.99283684 26.54755724 26.22325091 26.1100956 26.2993748 26.56392371 26.66584651 26.83772592 26.81760244 26.62545216 26.37224387 25.91369614 25.35148845 24.66970698 23.96836677 23.30237126 22.61107317
-9999 -9999 -9999 -9999 -9999 -9999 -9999 -9999 -9999 -9999 -9999 -9999 -9999 -9999 -9999 -9999 -9999 -9999 -9999 -9999 18.8618022 15.44418966 11.6939607 9.152578099 7.519934289 6.570315737 6.613494518 8.119700552 9.678232988 11.70086776 14.59717895 17.40357891 20.39742589 23.66192365 26.41899877 28.1975241 28.49694516 28.36907067 28.52208417 28.63167638 28.54933117 28.29528476 28.13185538 28.15331839 28.06673617 27.70316357 27.14573264 26.54724352 26.13533283 25.84713785 25.69162956 25.74955044 25.86060055 25.96261721 26.05248306 26.03208609 25.975295 25.76786554 25.24472004 24.66330432 23.98746982 23.32631099 22.76306986 22.24325983
-9999 -9999 -9999 -9999 -9999 -9999 -9999 -9999 -9999 -9999 -9999 -9999 -9999 -9999 -9999 -9999 -9999 -9999 -9999 -9999 18.93630777 15.162079 11.23990066 9.175155094 7.944526034 7.152475681 7.287087494 8.66194809 10.31294863 12.44247107 15.34980685 18.06577181 21.06856017 24.23355048 26.85677108 28.48760978 28.52827945 28.38429509 28.59081384 28.75858339 28.65386286 28.24556293 27.79165078 27.76339868 27.76237066 27.44824368 26.9492669 26.21623926 25.85789804 25.52911361 25.30772817 25.2836311 25.21360124 25.29468459 25.2762882 25.21661391 25.21971679 25.03104399 24.3568049 23.72384645 23.05564194 22.61042639 22.28019431 21.98214622
-9999 -9999 -9999 -9999 -9999 -9999 -9999 -9999 -9999 -9999 -9999 -9999 -9999 -9999 -9999 -9999 -9999 -9999 -9999 20.51778853 18.67367042 15.17570147 11.72898968 9.604538344 8.567876072 7.881180495 7.90673554 9.373782033 10.89394223 13.27712187 16.22328605 18.91330862 21.7438597 24.64982668 27.03898977 28.47210533 28.46367368 28.229318 28.37040917 28.53548988 28.46352917 28.17941392 27.90604898 27.79339809 27.75392618 27.397177 26.85830285 26.28389993 25.73713351 25.32938987 25.02391652 24.91456142 24.85712711 24.76985417 24.68159858 24.47249632 24.24696843 23.8279286 23.29858606 22.72275058 22.26494068 21.97470366 21.76946939 21.63659486
-9999 -9999 -9999 -9999 -9999 -9999 -9999 -9999 -9999 -9999 -9999 -9999 -9999 -9999 -9999 -9999 -9999 -9999 -9999 20.28600746 18.5622097 15.22754581 11.9137573 9.928775365 9.048916661 8.41654616 8.364484204 9.825439669 11.47705195 14.11606432 17.01028847 19.5178251 22.25820857 24.90050692 27.04993037 28.29211619 28.13313833 27.89420995 27.98641506 28.1553985 28.16111857 27.99909997 27.82964306 27.82012116 27.90188981 27.55691955 26.91971559 26.32376907 25.67188802 25.1923595 24.81534563 24.61547332 24.50832906 24.3191387 24.12034955 23.82201232 23.46896607 23.00775301 22.47346168 21.89523456 21.47666631 21.36134989 21.28233736 21.29241976
-9999 -9999 -9999 -9999 -9999 -9999 -9999 -9999 -9999 -9999 -9999 -9999 -9999 -9999 -9999 -9999 -9999 -9999 -9999 19.9331122 18.32251676 15.16541311 12.09293916 10.14211136 9.206808039 8.652955241 8.509799702 10.10105323 11.87215153 14.92162691 17.80171824 20.18961864 22.47858306 24.8711812 26.67868822 27.74240975 27.78263511 27.48084011 27.62449398 27.76661975 27.8010361 27.71996829 27.59236523 27.62882475 27.57443412 27.27784736 26.81200707 26.24001716 25.64752725 25.14909191 24.67676345 24.38879482 24.16896706 23.87425936 23.62645349 23.19320945 22.72102021 22.23136434 21.69763838 21.22262196 20.98070715 20.91037242 20.94031551 21.2533866
-9999 -9999 -9999 -9999 -9999 -9999 -9999 -9999 -9999 -9999 -9999 -9999 -9999 -9999 -9999 -9999 -9999 -9999 -9999 19.56086019 17.97351513 14.94547653 11.96184173 10.03023469 9.129215567 8.622755105 8.546470288 10.03274864 12.4066363 15.71464508 18.60645284 20.68322836 22.74608719 24.85298032 26.33931533 27.36156206 27.42529024 27.27620394 27.46869515 27.52842172 27.53947657 27.54009128 27.38821753 27.33761769 27.26674746 26.97214659 26.61688932 26.10324919 25.5488416 25.04319291 24.50911554 24.09187063 23.68205641 23.23872575 22.87193906 22.39437352 21.90639215 21.43489283 20.99922961 20.62041625 20.55122622 20.78242107 21.11314075 21.74820397
-9999 -9999 -9999 -9999 -9999 -9999 -9999 -9999 -9999 -9999 -9999 -9999 -9999 -9999 -9999 -9999 -9999 -9999 -9999 19.01457086 17.45768725 14.56780153 11.68862827 9.825990074 8.819455108 8.419552532 8.494291455 9.87345743 12.93694178 16.49341938 19.42310723 21.41041045 23.11413505 24.76810405 26.09078668 26.96260449 27.17061414 27.28080638 27.31416831 27.40193406 27.40936928 27.2951006 27.24466597 27.12605357 27.007237 26.73642177 26.38216204 25.98352036 25.50331744 24.98734229 24.36624801 23.75698952 23.07359028 22.54450737 21.98093395 21.43929977 21.08903427 20.63308515 20.25758275 20.0247545 20.27719864 20.97959037 21.83182162 22.67921897
-9999 -9999 -9999 -9999 -9999 -9999 -9999 -9999 -9999 -9999 -9999 -9999 -9999 -9999 -9999 -9999 -9999 -9999 -9999 18.52054457 16.92600452 14.18809369 11.39020495 9.575008934 8.595778073 8.273779181 8.508669645 10.06697749 13.39203497 17.25622185 20.24317979 22.06780042 23.43045028 24.81037855 25.81925308 26.58496745 26.83167655 26.9717544 27.02625789 27.07196101 27.09902694 27.06128822 27.00592531 26.86813239 26.71743228 26.44161209 26.15185751 25.79995196 25.37225323 24.86778593 24.21667691 23.51883473 22.73431356 22.1089735 21.4552229 20.90557977 20.57515177 20.18667766 19.83345499 19.69084591 20.16204619 21.25706142 22.47874683 23.42296563
-9999 -9999 -9999 -9999 -9999 -9999 -9999 -9999 -9999 -9999 -9999 -9999 -9999 -9999 -9999 -9999 -9999 -9999 -9999 18.12733601 16.59670561 13.89347988 11.12794637 9.559212397 8.488503692 8.305082492 8.720191902 10.30061617 14.06146262 18.14603338 21.11592859 22.69156302 23.78091861 24.93228906 25.63619356 26.1891879 26.39586024 26.41703024 26.59705321 26.63499698 26.67190027 26.74850777 26.67639948 26.55266503 26.37776871 26.13509675 25.92230641 25.57763161 25.1858351 24.73491605 24.08419525 23.40542635 22.64506401 21.92205934 21.31361506 20.73970039 20.37333461 20.05177029 19.62692097 19.45653355 20.1301336 21.54171958 23.05833588 -9999
-9999 -9999 -9999 -9999 -9999 -9999 -9999 -9999 -9999 -9999 -9999 -9999 -9999 -9999 -9999 -9999 -9999 -9999 -9999 17.6249071 16.19938835 13.95845309 11.64519617 10.0879173 9.105612939 9.003205592 9.524817201 11.3306925 15.00764205 19.11200156 22.05537631 23.5136694 24.3340028 25.20020197 25.67003054 26.05820422 26.22199662 26.23134518 26.35513636 26.38273337 26.40946831 26.45219734 26.38225556 26.30507797 26.13874018 25.92653981 25.72819585 25.40736728 25.04384546 24.59171412 23.96391523 23.29913945 22.57160779 21.8759519 21.24841537 20.66627966 20.27934044 19.95136748 19.49943906 19.37217245 20.09311146 21.64292758 23.17134326 -9999
-9999 -9999 -9999 -9999 -9999 -9999 -9999 -9999 -9999 -9999 -9999 -9999 -9999 -9999 -9999 -9999 -9999 -9999 17.70773527 17.19631909 15.99229121 14.28471836 12.48922589 11.09854301 10.09885053 10.14520655 10.76714896 12.41693013 16.30448359 20.35998395 23.08470474 24.27298845 25.05149134 25.63080474 25.93108761 26.13236967 26.25868448 26.30093958 26.33401019 26.34548278 26.32250267 26.23399683 26.14506633 26.06488499 25.97096496 25.79901916 25.56507338 25.28361617 24.88577913 24.45167433 23.85604176 23.21850087 22.50240698 21.81269989 21.18268421 20.59928312 20.22039706 19.84198618 19.42907982 19.23151284 19.98031278 21.63954853 23.2178385 -9999
-9999 -9999 -9999 -9999 -9999 -9999 -9999 -9999 -9999 -9999 -9999 -9999 -9999 -9999 -9999 -9999 -9999 -9999 17.63056187 16.82561649 15.80133977 14.75476979 13.58657346 12.17508244 11.16271483 11.34110319 12.32959098 14.4705721 17.75972977 21.17246066 23.66653 24.91946966 25.5469555 25.98998411 26.13277627 26.26500497 26.36056587 26.36989676 26.33985345 26.23643537 26.13727836 26.03691475 25.91722008 25.82316588 25.71508184 25.53110981 25.32618098 25.0389661 24.71117103 24.31396298 23.75229949 23.15252373 22.47745027 21.82770871 21.20826718 20.62266662 20.20966548 19.8326523 19.39772726 19.2589336 19.99931044 21.58687483 23.07112176 -9999
-9999 -9999 -9999 -9999 -9999 -9999 -9999 -9999 -9999 -9999 -9999 -9999 -9999 -9999 -9999 -9999 -9999 -9999 17.59125727 16.40055032 15.46768804 14.98804776 14.74480365 13.27200795 12.01851566 12.53502041 14.20188183 16.53099558 19.41905133 22.17257567 24.23335552 25.43250853 26.12276642 26.36597443 26.36755613 26.39166697 26.43757743 26.42168046 26.27232928 26.08231497 25.90060546 25.79840449 25.64006319 25.54938642 25.41552477 25.243365 25.05914762 24.78544279 24.50995121 24.18401913 23.68001038 23.1138172 22.48825737 21.87441551 21.29047374 20.75061219 20.34669868 19.88991628 19.5889609 19.35644062 20.05218785 21.67952132 23.13405 -9999
-9999 -9999 -9999 -9999 -9999 -9999 -9999 -9999 -9999 -9999 -9999 -9999 -9999 -9999 -9999 -9999 -9999 -9999 17.60114698 15.55562557 14.49718463 14.43513996 14.54950084 14.00298454 13.66993655 14.57811951 16.38659354 18.7236535 21.17761564 23.39011396 25.12141836 26.02937584 26.49274191 26.6338106 26.51761706 26.48229781 26.5570686 26.549176 26.28144685 25.94336246 25.71119795 25.57961697 25.47111464 25.3314934 25.19489899 25.00927546 24.81964115 24.59087608 24.33888438 24.04197487 23.57813346 23.05163992 22.48856454 21.95257288 21.47111431 21.01122785 20.68402156 20.38021079 20.03892713 19.92937704 20.57079223 21.93853296 23.18123956 -9999
-9999 -9999 -9999 -9999 -9999 -9999 -9999 -9999 -9999 -9999 -9999 -9999 -9999 -9999 -9999 -9999 -9999 20.27861066 17.5559671 14.57525864 13.43455161 13.9129681 14.38924842 14.82480606 15.33111988 16.63917256 18.57472009 20.89913292 22.82927576 24.67307617 26.0775481 26.54975988 26.97453419 26.78719713 26.60803144 26.54102277 26.61726514 26.74339072 26.27144146 25.81404291 25.51206134 25.36843738 25.29692765 25.1100004 24.97337298 24.77985627 24.57846708 24.40399123 24.10828821 23.86881799 23.45387597 22.97356653 22.47081286 22.0278833 21.67479956 21.31782015 21.09876158 20.97021229 20.74264557 20.6592398 21.22635586 22.38068852 -9999 -9999
-9999 -9999 -9999 -9999 -9999 -9999 -9999 -9999 -9999 -9999 -9999 -9999 -9999 -9999 -9999 -9999 -9999 19.1813278 17.33296652 14.96203078 13.9172939 13.96498144 14.76943292 15.78492583 17.19829653 18.83049728 20.44617491 22.26738508 23.87453754 25.40765219 26.43369317 26.73262016 26.95478445 26.70927868 26.53650589 26.44257869 26.51032816 26.52094576 26.11248331 25.6505399 25.32225225 25.11247259 25.01157445 24.83324317 24.67902353 24.4678275 24.24245955 24.01410613 23.7774783 23.54092397 23.19918195 22.82563794 22.46514683 22.10295206 21.8344298 21.61617507 21.4900149 21.50154486 21.53804997 21.7686219 22.22251702 -9999 -9999 -9999
