meets/meet004/data/CCSM_0k_neotropic_bio10.asc
NCOLS 154 
NROWS 168 
XLLCORNER -112 
YLLCORNER -55.5 
CELLSIZE 0.5 
NODATA_value -9999 
[rows 87 to 115 of 168, columns 64 to 127 of 154]
-9999 -9999 -9999 -9999 -9999 -9999 -9999 -9999 -9999 20.21789209 18.51988541 16.44723929 14.21117941 11.3878391 8.816972361 6.912832072 6.048219211 5.346124407 4.74369141 4.557698299 5.88936658 8.406769505 11.50407169 14.89545743 18.07125867 20.95747407 23.18927776 25.16335017 26.29703513 27.03817474 27.60190095 27.61547631 27.40746469 27.21187672 26.86346808 26.66389863 26.64637306 26.72730556 26.77400456 26.90268722 26.99056434 27.02647793 27.22879934 27.33790804 27.59411554 27.6797726 27.61255707 27.49527217 27.07886024 26.6571012 26.5041091 26.60416296 26.78368134 26.96985981 27.13489217 27.03807666 26.71243668 26.35897146 26.09944499 25.80831633 25.43955749 25.0666231 24.63381562 24.34371481
-9999 -9999 -9999 -9999 -9999 -9999 -9999 -9999 -9999 -9999 -9999 19.11519095 17.58489896 14.86319041 12.3007946 9.922948589 8.212688748 6.820197239 5.539786205 4.733494195 5.426904945 6.959769852 9.212081983 12.25526717 15.18084586 18.2484919 20.68716288 23.06308492 24.85415386 26.01889189 26.77026304 26.83318691 26.53583845 26.72953503 26.72729683 26.72300467 26.89095386 27.01868261 27.07204879 27.30596415 27.50615984 27.70964514 28.09307638 28.13243978 28.31746977 28.30568133 28.09681872 27.91733795 27.32175956 26.72430483 26.52711819 26.63208034 26.83148901 26.99357247 27.10491453 26.94304348 26.51774271 26.07964718 25.74586122 25.37913209 24.97130551 24.64295554 24.19679717 23.947086
-9999 -9999 -9999 -9999 -9999 -9999 -9999 -9999 -9999 -9999 -9999 -9999 -9999 17.7611814 15.91222115 13.5334269 10.95386979 8.232665212 6.910492613 5.716347103 5.319688632 6.160010526 7.251689802 9.550268743 12.26658505 15.08345569 17.79269882 20.53505241 22.41896754 24.47352776 25.92537245 26.16447763 26.63565876 26.79880939 26.79396841 26.99651344 27.0260381 27.12130166 27.17318714 27.23860177 27.5037959 27.88180888 28.23824724 28.38097502 28.40844259 28.36216711 28.28509251 28.01947951 27.50803993 26.94423858 26.64950712 26.78895454 26.92779669 26.77598589 26.75309742 26.4909897 26.05845823 25.7721796 25.45236644 25.21314699 24.88244625 24.50760316 24.1341372 23.82816595
-9999 -9999 -9999 -9999 -9999 -9999 -9999 -9999 -9999 -9999 -9999 -9999 -9999 -9999 -9999 16.87705946 14.45751567 11.69658817 9.652227883 7.59899572 6.418790855 6.201171916 6.399541208 7.691773239 9.2989956 11.62831812 14.23975283 17.08319354 19.36843012 21.48639481 23.5875171 24.83295289 25.90809166 26.53349646 26.87226032 27.11799996 27.19052367 27.18148379 27.17819361 27.23784 27.47984148 27.89043017 28.25894939 28.37885749 28.39766421 28.39571066 28.37002707 28.21855117 27.8561501 27.33867109 26.9593291 26.78908399 26.59447373 26.16970551 25.88559254 25.55391467 25.23266527 25.10911788 25.02276845 24.97027075 24.79080293 24.52725797 24.18148605 23.876615
-9999 -9999 -9999 -9999 -9999 -9999 -9999 -9999 -9999 -9999 -9999 -9999 -9999 -9999 -9999 -9999 -9999 17.09288519 13.63246032 10.46298945 8.30883808 7.342235501 6.889153082 6.722855124 6.758167905 8.076798764 10.45968784 12.71472856 15.63498812 18.1536508 20.6405757 22.55092761 24.51831383 25.88386803 26.68559705 27.3071601 27.30980071 27.22201168 27.21781693 27.29297524 27.5342065 27.92072115 28.28645456 28.40027918 28.39217122 28.43176436 28.52649098 28.51306 28.25914585 27.95578234 27.40244387 26.64815123 25.8709804 25.3112163 24.63397344 24.27607063 24.30705741 24.17320017 24.49790222 24.70741177 24.69317641 24.57031133 24.28313256 23.96360113
-9999 -9999 -9999 -9999 -9999 -9999 -9999 -9999 -9999 -9999 -9999 -9999 -9999 -9999 -9999 -9999 -9999 19.49794816 16.5745368 13.57293391 11.1060136 9.308243681 7.912459479 6.895006305 6.194938224 6.747887701 8.299071187 10.06767571 12.65925857 15.17177795 17.95514275 20.55937911 22.87388689 25.01315253 26.45989168 27.39106216 27.44908657 27.21300783 27.17186032 27.23176703 27.47234632 27.87375424 28.2349737 28.38072449 28.41130514 28.47766945 28.5696874 28.593758 28.43594922 28.12394045 27.45913535 26.5182014 25.52203575 24.77479251 24.11445531 23.8022427 23.92682287 23.99624442 24.37600967 24.60259037 24.6423215 24.56841848 24.33151838 23.99260697
-9999 -9999 -9999 -9999 -9999 -9999 -9999 -9999 -9999 -9999 -9999 -9999 -9999 -9999 -9999 -9999 -9999 -9999 -9999 16.48299067 14.01823809 11.49769368 9.25621427 7.748532214 7.096766722 6.915730556 7.447913433 8.588670088 10.73962932 12.79429183 15.65846277 18.61537985 21.48271401 24.37230157 26.60357442 27.89007351 27.67663341 27.25590556 27.23541483 27.12635159 27.35203931 27.84159559 28.20147472 28.38564673 28.44033875 28.49326237 28.56032157 28.51062206 28.30134161 28.0191621 27.34684398 26.3950608 25.39891583 24.77237237 24.23943232 24.00174566 24.18141066 24.38528872 24.58560641 24.71344316 24.72892372 24.66480432 24.37350909 23.91233476
-9999 -9999 -9999 -9999 -9999 -9999 -9999 -9999 -9999 -9999 -9999 -9999 -9999 -9999 -9999 -9999 -9999 -9999 -9999 18.2006218 16.0594186 13.27810123 10.75449364 8.778973436 7.709121772 7.26620074 7.530239313 8.458639509 9.910126873 11.71329583 14.39718239 17.40643665 20.47255099 23.69595083 26.24392886 27.83365925 28.03588138 27.77506457 27.74557508 27.67590446 27.74332637 27.94955651 28.25812481 28.4743189 28.5656784 28.56242189 28.47634111 28.28606992 27.98331593 27.61456331 27.04514346 26.36496506 25.71258385 25.19365008 24.81768848 24.6288966 24.71806093 24.85895434 24.98621935 25.07591989 25.00668587 24.8657767 24.4938381 23.88823627
-9999 -9999 -9999 -9999 -9999 -9999 -9999 -9999 -9999 -9999 -9999 -9999 -9999 -9999 -9999 -9999 -9999 -9999 -9999 -9999 17.61300097 14.76624274 11.91490716 9.610091509 8.052680394 7.301293093 7.692416102 8.630521646 9.785419566 11.19957778 13.69488352 16.59288193 19.78103461 23.10305872 25.83185083 27.71306253 28.21201269 28.40734889 28.38749201 28.40095847 28.41142982 28.39161022 28.45157412 28.54393361 28.71056751 28.62639306 28.33832917 28.00204103 27.51976919 27.07243621 26.65067569 26.34658511 26.1100558 25.7122481 25.48188541 25.33395306 25.28777156 25.32432933 25.35165522 25.45304799 25.24689603 24.94436225 24.67891961 23.71565899
-9999 -9999 -9999 -9999 -9999 -9999 -9999 -9999 -9999 -9999 -9999 -9999 -9999 -9999 -9999 -9999 -9999 -9999 -9999 -9999 18.42280468 15.64569078 12.7127097 10.07476811 8.335349741 7.490046332 7.758214728 8.794386513 9.772899568 11.18759154 13.58651426 16.35357583 19.44173961 22.78179319 25.56907926 27.56934052 28.31009194 28.55281237 28.87897083 29.01700885 28.99036963 28.72254958 28.53072778 28.48539327 28.63721529 28.48292731 28.07880444 27.55340242 26.93228763 26.43448411 26.13951051 26.14763711 26.23491749 26.09456411 25.97211199 25.84878251 25.74342982 25.71355212 25.58810511 25.46505336 25.06745339 24.57414085 24.02243456 23.22362961
-9999 -9999 -9999 -9999 -9999 -9999 -9999 -9999 -9999 -9999 -9999 -9999 -9999 -9999 -9999 -9999 -9999 -9999 -9999 -9999 19.05366091 16.20829249 13.25255133 10.25705476 8.284216967 7.304311863 7.603999998 8.73021768 9.818117099 11.18072916 13.57580414 16.23699245 19.29546194 22.8094457 25.63574284 27.68798857 28.39114757 28.66962357 29.10353394 29.45394058 29.4110687 28.91490745 28.40430341 28.51936071 28.5968369 28.2252929 27.64979687 27.06004608 26.33799007 25.72204591 25.54917619 25.90525507 26.28891672 26.19533307 26.21286245 26.13792501 25.99767873 25.97682484 25.60276985 25.27803613 24.7917097 24.14539491 23.29896959 22.76756677
-9999 -9999 -9999 -9999 -9999 -9999 -9999 -9999 -9999 -9999 -9999 -9999 -9999 -9999 -9999 -9999 -9999 -9999 -9999 -9999 19.16205988 16.21100607 12.96989261 10.12446735 8.096876302 7.052984513 7.194934745 8.230694311 9.570909955 11.40983623 13.98127268 16.68833567 19.70631451 23.06763477 25.93160749 27.93547666 28.59630624 28.76066845 29.11359457 29.28487438 29.26503549 29.01914518 28.74999987 28.58355344 28.41318049 27.94527554 27.29635904 26.60773264 25.96519547 25.52678787 25.36074144 25.55797929 25.87089217 25.99994429 26.09723277 26.05427263 25.91967964 25.74613228 25.42410695 25.03066494 24.47813817 23.86808305 23.21226604 22.61563539
-9999 -9999 -9999 -9999 -9999 -9999 -9999 -9999 -9999 -9999 -9999 -9999 -9999 -9999 -9999 -9999 -9999 -9999 -9999 -9999 19.29574959 16.0336943 12.56354061 9.83870658 7.761911593 6.733249543 6.900986186 7.591127855 9.548040724 11.72653618 14.45572488 17.17841827 20.19456072 23.54699683 26.47148263 28.38980862 28.76479177 28.9031142 29.07503522 29.12618694 29.10027373 29.05116082 28.96330845 28.51546625 28.16204564 27.61095701 26.93016674 26.27618537 25.75859125 25.40326976 25.26499768 25.43371904 25.67607009 25.79436762 25.97160673 25.97851655 25.82239543 25.60241501 25.23543937 24.75700821 24.20814637 23.67392206 23.15904468 22.61109551
-9999 -9999 -9999 -9999 -9999 -9999 -9999 -9999 -9999 -9999 -9999 -9999 -9999 -9999 -9999 -9999 -9999 -9999 -9999 -9999 19.23465744 15.75094475 12.11046396 9.613080411 8.037085889 7.130745451 7.104182607 8.050197024 9.839796342 12.25818906 15.13227711 17.90131807 20.86528367 24.09940712 26.82705828 28.59591055 28.94038406 28.88526946 29.12577042 29.30804882 29.24475637 28.94225187 28.54416077 28.25725213 27.86862845 27.30810449 26.67662548 26.02417132 25.59166652 25.29552627 25.13470848 25.19985195 25.31940968 25.42228468 25.51806293 25.52289019 25.50737164 25.36240676 24.92911651 24.44881102 23.91188358 23.40111017 22.97137576 22.55894869
-9999 -9999 -9999 -9999 -9999 -9999 -9999 -9999 -9999 -9999 -9999 -9999 -9999 -9999 -9999 -9999 -9999 -9999 -9999 -9999 19.31317957 15.55823197 11.65935835 9.639439973 8.455760605 7.693648428 7.62407886 8.374088511 10.41806369 12.97056463 15.86950545 18.55866676 21.53190366 24.6549664 27.23569067 28.84056007 28.91610359 28.82253722 29.09094553 29.38759807 29.29483601 28.79076355 28.25730681 28.09504004 27.77306654 27.26435829 26.6930365 25.91694144 25.55995466 25.25838371 25.05150471 25.04461941 25.01140226 25.06742894 25.06814487 25.03882895 25.07990435 24.9923404 24.43136498 23.93742037 23.41984736 22.97544743 22.65780872 22.35436365
-9999 -9999 -9999 -9999 -9999 -9999 -9999 -9999 -9999 -9999 -9999 -9999 -9999 -9999 -9999 -9999 -9999 -9999 -9999 20.88570909 19.05631816 15.58017244 12.16511287 10.08247937 9.085644937 8.424574036 8.26541886 9.178225894 11.10439021 13.80131197 16.74318315 19.41576565 22.20886415 25.06113429 27.40011271 28.80175959 28.81733155 28.60769165 28.80914949 29.03060055 28.9655599 28.63564043 28.30639833 28.148819 28.05632575 27.6188577 26.95934936 26.32413313 25.75955093 25.36922536 25.06762989 24.96278366 24.92439147 24.83224862 24.76871004 24.60526617 24.43221264 24.13626406 23.63142925 23.06509191 22.61384528 22.33038551 22.13248572 22.02677941
-9999 -9999 -9999 -9999 -9999 -9999 -9999 -9999 -9999 -9999 -9999 -9999 -9999 -9999 -9999 -9999 -9999 -9999 -9999 20.65708125 18.95338893 15.64923046 12.36389518 10.42674484 9.584589318 8.968817586 8.747893955 9.655998832 11.80572359 14.64558383 17.54322781 20.02119128 22.72303835 25.29868482 27.38363348 28.61493123 28.474579 28.26027671 28.42190088 28.61909959 28.60640579 28.40893999 28.2100555 28.12604453 28.16788033 27.79545637 27.14996588 26.55162629 25.90563994 25.43357415 25.06818084 24.87909287 24.78089745 24.59427215 24.41896897 24.12895764 23.78308248 23.33354314 22.80387156 22.2353977 21.82860787 21.72013251 21.64848855 21.69127813
-9999 -9999 -9999 -9999 -9999 -9999 -9999 -9999 -9999 -9999 -9999 -9999 -9999 -9999 -9999 -9999 -9999 -9999 -9999 20.30666366 18.71914734 15.59795235 12.56789188 10.65836413 9.757466104 9.21858365 9.063038692 10.10399364 12.4115792 15.46096794 18.3420327 20.69705889 22.93611064 25.24848703 27.0067292 28.05434299 28.11503167 27.87441832 28.06646748 28.23747644 28.25436161 28.12173286 27.94596498 27.91192567 27.8286769 27.51079023 27.03126473 26.47198747 25.88762408 25.4034262 24.94369563 24.66351267 24.45688236 24.16961319 23.9359639 23.51017421 23.04384961 22.56509294 22.03493168 21.57388078 21.34181734 21.27861809 21.30895449 21.64668298
-9999 -9999 -9999 -9999 -9999 -9999 -9999 -9999 -9999 -9999 -9999 -9999 -9999 -9999 -9999 -9999 -9999 -9999 -9999 19.93689853 18.3786162 15.39653063 12.45717652 10.56682167 9.697442643 9.194302462 9.110232449 10.30360731 12.951913 16.26256373 19.1609322 21.1950728 23.20688448 25.2308228 26.66837539 27.68113176 27.79924907 27.70180069 27.92757296 28.04381137 28.03954909 27.95206645 27.75445043 27.65930243 27.52841341 27.20945795 26.83654033 26.34276065 25.80461143 25.31844497 24.79625222 24.39222063 23.99273941 23.55668593 23.20108606 22.72947263 22.2487792 21.78238121 21.34921626 20.98488752 20.92232545 21.15875353 21.4878188 22.12004484
-9999 -9999 -9999 -9999 -9999 -9999 -9999 -9999 -9999 -9999 -9999 -9999 -9999 -9999 -9999 -9999 -9999 -9999 -9999 19.39431617 17.86857762 15.0323094 12.20019785 10.37505942 9.401332869 9.003619742 9.062588648 10.42461656 13.49213337 17.07587764 20.01343039 21.93258202 23.58562545 25.19474453 26.43338822 27.30859787 27.61110548 27.82081686 27.88170737 27.97237932 27.95956493 27.81005286 27.69219953 27.48956998 27.28834706 26.98222664 26.63663151 26.23046503 25.77278757 25.2873267 24.67922243 24.08231238 23.41131796 22.89026828 22.33482032 21.79918795 21.45070682 20.99569008 20.62938683 20.39786499 20.6594351 21.36573017 22.22225629 23.04501432
-9999 -9999 -9999 -9999 -9999 -9999 -9999 -9999 -9999 -9999 -9999 -9999 -9999 -9999 -9999 -9999 -9999 -9999 -9999 18.90656606 17.34703831 14.65925565 11.91597167 10.13819338 9.184207114 8.861874392 9.083959581 10.64728064 13.97976614 17.86289554 20.84651313 22.62296024 23.9158662 25.22654089 26.16966047 26.94756537 27.29040166 27.50000047 27.58933649 27.64095356 27.6441614 27.56293405 27.4488091 27.24582079 27.00473721 26.70277888 26.41903598 26.06619724 25.66957369 25.1909116 24.55603303 23.87488417 23.10090086 22.48289272 21.83206033 21.28439604 20.95608829 20.56509177 20.21657691 20.07103322 20.54199507 21.63874607 22.85408509 23.76676246
-9999 -9999 -9999 -9999 -9999 -9999 -9999 -9999 -9999 -9999 -9999 -9999 -9999 -9999 -9999 -9999 -9999 -9999 -9999 18.51697205 17.02280944 14.3763634 11.65659412 10.1259076 9.082878666 8.895770641 9.32082001 10.89031176 14.68161032 18.78498495 21.75292743 23.26114025 24.2617763 25.3427394 25.9845115 26.53656957 26.79124769 26.84962187 27.06277704 27.11496798 27.13641753 27.16767584 27.07104198 26.89721098 26.66523365 26.40354151 26.1920888 25.8680268 25.50193563 25.08222614 24.44610236 23.78208873 23.03061359 22.31087561 21.70663373 21.1345856 20.76470084 20.4395996 20.008748 19.83382258 20.50418375 21.89998749 23.39860309 -9999
-9999 -9999 -9999 -9999 -9999 -9999 -9999 -9999 -9999 -9999 -9999 -9999 -9999 -9999 -9999 -9999 -9999 -9999 -9999 18.01807586 16.62851065 14.43956493 12.17770517 10.65925769 9.700592356 9.594629453 10.13162797 11.96435541 15.67101395 19.79162008 22.71656656 24.09640434 24.81218491 25.57232404 25.98143311 26.37231016 26.54698577 26.58165938 26.7317374 26.76690566 26.78645949 26.8062057 26.71993028 26.61004206 26.42812573 26.20578016 26.01406139 25.71760275 25.38284941 24.95710505 24.34321928 23.69115905 22.97125996 22.28080098 21.6548476 21.07268217 20.68134747 20.34703148 19.88304913 19.74556084 20.45442013 21.98016384 23.48095444 -9999
-9999 -9999 -9999 -9999 -9999 -9999 -9999 -9999 -9999 -9999 -9999 -9999 -9999 -9999 -9999 -9999 -9999 -9999 18.06876127 17.58646206 16.41722811 14.76695692 13.02310651 11.66999098 10.71990936 10.76471283 11.40251853 13.10403347 17.01904411 21.10010615 23.795684 24.85352369 25.49712276 25.97409741 26.17136198 26.38331729 26.50493517 26.56958511 26.60115173 26.61168243 26.57900752 26.50611713 26.4164635 26.32785663 26.25175284 26.0720569 25.85999853 25.60731883 25.23513412 24.82780354 24.24704706 23.61878027 22.91014019 22.22270928 21.59437327 21.01078592 20.62548804 20.24069804 19.81269603 19.59487813 20.32939555 21.95118205 23.49570931 -9999
-9999 -9999 -9999 -9999 -9999 -9999 -9999 -9999 -9999 -9999 -9999 -9999 -9999 -9999 -9999 -9999 -9999 -9999 18.00227144 17.22801265 16.23723388 15.24402889 14.13761054 12.76894181 11.81131656 12.00950101 13.04728607 15.20685616 18.50889287 21.953444 24.38546289 25.46554419 25.95346216 26.30344204 26.35870924 26.48596909 26.56336907 26.5745412 26.53536249 26.43415094 26.33155521 26.23528117 26.1335132 26.06168693 25.98493422 25.81929904 25.63640673 25.37767482 25.07492429 24.69882055 24.14830088 23.55738 22.88851426 22.24137946 21.62256453 21.03567914 20.61637529 20.23110263 19.77799382 19.61692033 20.33053064 21.87798683 23.32328155 -9999
-9999 -9999 -9999 -9999 -9999 -9999 -9999 -9999 -9999 -9999 -9999 -9999 -9999 -9999 -9999 -9999 -9999 -9999 17.97149997 16.81494282 15.91286333 15.48327367 15.30386452 13.87910801 12.7192078 13.267146 15.00691098 17.32637531 20.22544017 22.95716408 24.94332738 25.94067027 26.46928768 26.64947027 26.57212495 26.5953507 26.65364376 26.62526849 26.48512995 26.26042492 26.07363028 25.97550364 25.84804466 25.78295999 25.68722484 25.53286119 25.38135645 25.13111177 24.87629721 24.57049888 24.0775002 23.52016611 22.90031872 22.28734253 21.70295073 21.16149674 20.75081965 20.2866956 19.96845858 19.70593255 20.37366642 21.95557177 23.36922882 -9999
-9999 -9999 -9999 -9999 -9999 -9999 -9999 -9999 -9999 -9999 -9999 -9999 -9999 -9999 -9999 -9999 -9999 -9999 17.9926298 15.98462052 14.9580935 14.95741566 15.14052985 14.68442966 14.44803609 15.42562645 17.27781185 19.64684105 22.04466915 24.17986489 25.79923109 26.55147985 26.86985276 26.9174298 26.75686138 26.73621256 26.81444189 26.79997044 26.51522665 26.14444912 25.88401112 25.75306619 25.66182103 25.56046334 25.45978963 25.30031165 25.14145338 24.9380569 24.70797673 24.42674282 23.97221099 23.4544584 22.89653481 22.36051556 21.87835592 21.41579276 21.08232903 20.76593547 20.4032835 20.26651056 20.87544698 22.19720028 23.3980368 -9999
-9999 -9999 -9999 -9999 -9999 -9999 -9999 -9999 -9999 -9999 -9999 -9999 -9999 -9999 -9999 -9999 -9999 20.62942172 17.94965475 15.01444868 13.9095199 14.461162 14.98940279 15.54639001 16.19629033 17.61297762 19.59192413 21.94368579 23.77009257 25.4541896 26.72330452 27.06280388 27.36809297 27.13387481 26.87177013 26.80118645 26.91753564 27.05678662 26.53426916 26.01371077 25.68127697 25.54535657 25.48031595 25.32396778 25.2324395 25.06875752 24.90261228 24.74920172 24.46996652 24.25080271 23.84448283 23.37214333 22.8731871 22.42933694 22.07416763 21.71036195 21.48021547 21.34292531 21.09262714 20.97574966 21.50979937 22.61554619 -9999 -9999
-9999 -9999 -9999 -9999 -9999 -9999 -9999 -9999 -9999 -9999 -9999 -9999 -9999 -9999 -9999 -9999 -9999 19.52111066 17.72372086 15.40072173 14.38996141 14.51842933 15.40024607 16.56162299 18.11692786 19.86647362 21.53038168 23.3515972 24.83545913 26.18871095 27.07704241 27.26136991 27.33966341 27.03717426 26.79912194 26.70992488 26.79621394 26.81577657 26.37758493 25.84790695 25.47680131 25.2802319 25.17565927 25.03699471 24.92378236 24.74237015 24.55233081 24.35355191 24.13691226 23.91838793 23.58429096 23.21675136 22.85919038 22.49572346 22.22100237 21.99568459 21.85625561 21.8491734 21.85588779 22.05199012 22.47354225 -9999 -9999 -9999
