meets/meet004/data/CCSM_0k_neotropic_bio15.asc
NCOLS 154 
NROWS 168 
XLLCORNER -112 
YLLCORNER -55.5 
CELLSIZE 0.5 
NODATA_value -9999 
[rows 58 to 86 of 168, columns 64 to 127 of 154]
43.01667905 47.11051642 50.67648402 49.12044163 43.71859309 36.20138031 32.04987001 30.22184675 29.51258289 28.91847763 28.86288056 29.0515883 29.04087029 29.35712014 29.50504139 30.06924473 30.92483457 31.29675458 31.76190838 31.79453868 32.11757695 32.87857981 33.45245244 34.68284783 36.37359242 38.93783022 42.02040806 44.83083671 47.66224138 50.0695842 52.02900136 53.69167364 54.99592709 55.94693159 56.61184514 57.38418986 58.57443055 59.4284548 59.90559448 60.22541126 60.66463995 61.6097444 62.68067299 63.58219124 64.96524859 66.58612958 68.03616283 69.76731896 70.79748908 71.39938741 71.43624222 70.90334314 69.76722711 68.73187559 67.4646467 66.95015664 67.51953936 68.25645106 69.50743322 70.61315973 72.24131774 74.57116665 76.54499809 -9999
49.72433994 51.70879279 54.03605233 51.16209886 43.97902591 36.48111608 33.27665653 32.0161867 31.739242 31.19932803 31.02157726 31.26124824 31.20485394 31.43019315 31.89741852 32.5236801 32.96510851 33.47093535 33.42857647 33.55793491 33.77836178 33.75839306 34.23482066 35.16066399 36.73522638 38.70395439 41.01369031 43.10023663 45.32091223 47.47123707 48.82041866 50.54073704 51.74722724 52.67239475 53.99103231 54.88971111 55.91942073 56.98955757 57.38985529 58.14529069 58.76896457 59.15051386 60.02654168 60.73606944 61.94939115 63.25593508 64.48130395 66.30825118 67.27982862 68.19628728 68.1800523 68.49653281 67.51699378 66.95351964 66.22673837 65.87443556 66.99388387 67.62562662 69.03629214 70.68782807 72.37021044 74.61397833 76.44758759 78.26186409
55.65122684 57.09555862 57.55852115 53.12869341 44.73586548 38.27648111 35.67477771 34.83950299 34.30567397 33.7938842 33.93398202 34.46614069 34.70086937 34.89587944 35.079011 35.56102133 35.99250421 36.08633838 35.93257263 35.56350515 35.34113119 35.23887525 35.3157339 35.98250382 37.04480034 38.57313992 40.35060549 41.97507661 43.78263699 45.35350918 46.68279525 48.26394466 49.47831717 50.85391951 52.13277567 53.14649892 54.48267506 55.51990619 56.42147176 57.08564052 57.61736166 58.1787249 58.67263909 59.16954017 59.76009165 60.52147154 61.26181342 62.31607787 63.16915326 64.0297402 64.34919483 64.71920369 64.46673887 64.4449576 64.26319028 64.3656701 65.62620808 66.77966716 68.64451391 70.45960609 72.2549543 74.50551151 76.61368457 78.61927923
61.40389926 61.18413426 60.54171774 54.91975553 46.25848981 39.45621507 37.57062424 37.05219208 37.03485033 36.57302298 36.8119339 37.15108589 37.38834327 37.4899887 37.73965187 38.11617013 38.07789916 38.11770942 37.442494 36.96910583 36.59620244 36.11377416 36.21086915 36.49047962 37.37373212 38.33661764 39.69215164 40.97324521 42.18227375 43.63396727 44.67528331 46.24207685 47.61007208 48.81605169 50.51649612 51.78700996 53.24426637 54.59071462 55.41303581 56.41536772 57.15231062 57.55634218 58.18501489 58.33351975 58.55516922 58.85811135 58.98845151 59.5742236 59.93616066 60.45407274 60.63646193 61.42512152 61.51053622 61.81428349 62.08914212 62.65058317 64.61526972 65.80997492 67.92100916 70.05746025 72.08713882 74.72010232 76.75920779 78.51059698
66.40246609 65.70217923 62.59368929 55.55492458 47.18403549 41.76641672 39.84576255 39.4962823 39.63656078 39.30676176 39.58347909 40.08350921 40.33220493 40.4936277 40.53085993 40.66160697 40.59491155 40.15785084 39.53375334 38.69792528 38.11072463 37.66066276 37.38042561 37.57488736 37.93889674 38.64983999 39.64835018 40.50016521 41.66167007 42.72544415 43.77597516 45.36816113 46.78902482 48.54773158 50.23612095 51.68308115 53.4219674 54.80988161 56.08709544 57.04452977 57.78099874 58.38323562 58.7442106 58.90115837 58.76653513 58.65010323 58.36307974 58.01007047 57.90510877 57.84265256 57.89961049 58.46679498 58.76484732 59.68162787 60.48870153 61.52649728 63.55088508 65.2671727 67.71263651 69.95060303 72.0986101 74.64942573 76.75909006 78.75297546
70.8579245 68.37326052 64.52293966 56.45918576 48.13175911 42.54093093 40.8595174 40.90219745 41.30259928 41.30684809 41.63415985 42.01866903 42.3355428 42.42036276 42.64170469 42.63702106 42.21616022 41.83674546 40.90582263 40.11360109 39.45937384 38.78387767 38.58395287 38.42668083 38.65446972 38.96946193 39.59750986 40.31845606 41.15561239 42.30911019 43.32318738 44.91845375 46.67283303 48.24725354 50.32792607 52.03017681 53.7766814 55.50035101 56.5727158 57.84609253 58.70047113 59.17968438 59.76570225 59.63959426 59.51668469 59.17654849 58.47713309 58.07434787 57.38068169 57.08085799 56.8643304 57.18805129 57.74928237 58.56639101 59.83449572 61.107262 63.12083568 65.37087397 67.51779017 70.2235031 72.44679433 74.90246015 77.28059176 78.83941074
73.11904964 69.09607795 63.7481576 55.94349596 48.39854717 44.05690179 42.3260338 41.95738059 42.33975978 42.7842454 43.29843863 43.75332368 44.11480178 44.40490988 44.51563455 44.45829065 44.14295251 43.51802692 42.75469623 41.85812845 41.1664861 40.59754042 40.10781451 39.97793228 39.90472125 40.12321975 40.6697069 41.14699477 42.07422972 43.02914003 44.13020712 45.8355255 47.48366572 49.44275229 51.40975619 53.12101879 54.99480147 56.63622649 58.03096663 59.19570018 60.03295396 60.6610722 61.01218311 61.03601757 60.75055541 60.34512784 59.69321888 58.96488703 58.39218606 57.89034878 57.73708825 58.04880765 58.4448617 59.4609812 60.59920089 61.97513803 64.12030258 66.14508098 68.71704726 71.2098317 73.50202213 76.08350396 78.1979889 80.15207577
74.28463074 69.15262973 63.36948143 55.60498664 48.36021987 44.38159548 41.76134049 41.98836312 42.52617317 43.63857578 44.46521352 44.50600428 45.16067142 45.3540952 45.87559653 45.92952719 45.40646422 45.03104383 44.19250653 43.53598774 42.96733504 42.1875434 41.81990211 41.59159444 41.49759871 41.66374179 41.95332213 42.4839612 43.21311904 44.32774128 45.41911466 47.09119863 48.79452959 50.45802559 52.6909908 54.35224223 56.27561294 57.99273744 59.04170755 60.47054661 61.30857562 61.90007615 62.4355398 62.24900242 62.08723493 61.74543407 61.01515637 60.48544531 59.92303239 59.52569728 59.48842551 59.62913724 60.20416893 61.02131082 62.23189983 63.6229193 65.60105346 67.61500536 69.97983598 72.77558428 75.11081542 77.76150579 80.07500387 81.60541375
73.76802186 67.39848419 61.03542287 54.42780552 48.12390036 44.47978488 42.4237761 41.89269614 42.36858553 43.17879825 44.06721099 45.04414919 45.59715615 46.02891623 46.4490528 46.54128521 46.49216802 46.12445863 45.6174572 45.02098044 44.50291111 44.06918079 43.64407435 43.4466052 43.29222534 43.39383987 43.7615976 44.17397386 44.96434908 45.87989269 46.98875945 48.53112452 50.12390305 51.90562994 53.75976938 55.40976106 57.14276292 58.75450556 60.07404712 61.26483338 62.10604167 62.77289663 63.21201501 63.32517257 63.22865164 62.98347316 62.56749474 62.14870529 61.82418287 61.56915394 61.60232243 61.94535947 62.44555615 63.36349665 64.431669 65.73136512 67.66220825 69.60434296 72.09486823 74.61755532 76.94493229 79.60936196 81.82996884 83.86293008
72.0496084 66.79550193 60.02763866 55.41726947 48.8993183 45.06653606 42.57813461 41.37176118 42.26467782 42.78688571 43.88615841 45.08324053 45.64208914 46.39274459 46.86102559 47.24561678 47.38981099 47.24733458 46.99797487 46.57130455 46.32737212 46.02644299 45.68857935 45.61920915 45.45437055 45.633383 45.95507313 46.32140042 47.0615105 47.89725301 48.89495336 50.30817229 51.71188739 53.262745 54.99545374 56.42688542 58.09481815 59.60897385 60.74464817 61.95652533 62.79887748 63.5265201 64.07463305 64.26865805 64.37794294 64.38702689 64.26450761 64.09330991 64.09174397 64.00303216 64.28075514 64.77737191 65.25070318 66.23473556 67.20132411 68.46485009 70.3167915 72.06620324 74.51535831 77.01415356 79.31996572 82.05637101 84.34901258 86.38586332
72.27153529 66.11500221 60.51290156 56.09967663 51.35497318 47.21501758 43.99960401 42.33397619 42.04444045 41.981013 43.0304476 44.50849767 45.57741962 46.2201626 46.76803575 47.2187859 47.68696331 47.90496669 47.87098975 47.77358686 47.66827326 47.61317094 47.55446723 47.52606546 47.55079873 47.75265937 48.07414015 48.49913672 49.08963283 49.81738241 50.73287163 51.84569026 53.0616663 54.37857711 55.77154165 57.07338281 58.45351635 59.77909919 60.96026025 62.11370275 62.97206991 63.75435325 64.39467469 64.82230738 65.16498271 65.38088118 65.61942149 65.86343524 66.12903452 66.44040166 66.849539 67.4584884 68.14037399 69.06796229 70.08473415 71.285211 73.04474881 74.84125718 77.1008863 79.44745143 81.68527736 84.31078301 86.61578345 88.79431652
74.32347047 68.28699125 63.89125335 59.54564855 54.82503304 49.38544878 45.65935645 42.86439665 42.56523438 41.75672563 43.01980256 44.67159407 45.59524321 46.4519627 46.75406638 47.46996469 48.35417118 48.59192054 48.98834682 48.90084112 49.12487436 49.49287144 49.39671917 49.86440986 49.73514585 50.11787172 50.71109967 50.90374144 51.69231413 52.0339528 52.79464964 53.94761147 54.616096 55.86058739 56.82293672 57.81711586 59.1976385 60.12881082 61.30341504 62.32511344 63.19035985 64.20851653 64.79162985 65.53842509 65.9908803 66.52895754 67.3087438 67.68216811 68.47103878 68.86596204 69.54047615 70.5483402 71.13501435 72.33488327 73.11632186 74.34771506 76.41863966 77.74601906 80.14133709 82.15835155 84.29247054 87.22999503 89.18968992 91.5761512
79.69646527 73.18572721 67.80844045 62.66286747 57.94286727 51.7863199 46.71201813 43.42263126 42.4147188 42.09446092 43.19084263 44.60799969 45.86099413 46.42987828 46.81477212 47.53590431 48.36225535 49.05767075 49.39611288 49.7214216 50.04647208 50.45574859 50.86063108 51.1773358 51.55707613 52.00585264 52.47260845 52.9986253 53.47197586 54.00848213 54.67513455 55.35008932 56.10703433 56.88353834 57.68933896 58.53282817 59.46167036 60.37682848 61.35295191 62.36285308 63.2354427 64.16216376 65.04634833 65.84428939 66.61044348 67.31888149 68.26334617 69.11024316 69.95874705 70.85983182 71.65005358 72.59217999 73.55697985 74.62876443 75.75399353 76.97978007 78.66193465 80.39695075 82.41022705 84.54963823 86.6302015 89.06757464 91.38158139 93.55086961
84.66953205 78.30680975 73.58902862 68.24011715 61.73477198 54.52653793 48.93503402 44.71671485 44.34686187 43.51598073 44.53726857 46.14192179 46.5438765 47.20123705 47.34034645 48.15883128 49.26989785 49.76149122 50.37154157 50.61533042 51.13664508 51.87513281 52.15296005 52.93746762 53.24869293 53.93116805 54.75991631 55.12475525 55.91227977 56.14568938 56.76353262 57.54589426 57.84994433 58.66884479 59.04418097 59.63349145 60.57673365 61.07431021 62.06086287 62.85778885 63.68764457 64.88373662 65.59005088 66.68695824 67.48496554 68.43742224 69.77262742 70.59660154 71.85387035 72.73632916 73.72176358 75.05994949 75.86473296 77.21209369 78.22760509 79.49721931 81.49197984 82.85023123 85.00755085 86.91456982 88.91705256 91.60637065 93.5648203 95.88657414
-9999 83.36727483 79.39765936 72.40887808 65.98465171 57.9543279 51.84514747 47.82508615 46.32228558 46.28627895 46.84746293 47.02875747 47.7133313 47.85742454 48.2982673 49.12339517 49.77073608 50.55767725 51.00612301 51.61747953 52.0950656 52.56846003 53.19296795 53.83131751 54.74068219 55.41321238 56.02340626 56.7539763 57.34785339 58.14154827 58.68684618 58.99006526 59.49227452 59.9225837 60.50336033 61.033831 61.35390343 61.92733811 62.64780718 63.58899838 64.45307423 65.27329759 66.27414532 67.30838919 68.58663875 69.6117692 70.68277875 71.89142 73.02482532 74.33194507 75.36769692 76.3976406 77.57922465 78.81152143 80.30615236 81.62172107 83.1285222 84.87158653 86.74290473 88.9169999 90.96755404 93.04677115 95.30981796 97.4249106
-9999 -9999 84.59869595 77.95309804 69.86170767 62.3133127 56.64125578 52.60817788 51.532615 50.35686053 50.16112541 49.92320159 49.6136351 49.59495937 49.58567179 50.18827667 51.13161143 51.76197042 52.17534721 52.51710614 53.04455983 53.80128831 54.44073066 55.12621609 55.74695192 56.64043541 57.68987113 58.56751892 59.25282261 59.69094342 60.37922074 61.11932101 61.63356927 61.98267616 62.08869523 62.4661113 63.09014449 63.53046161 64.07473886 64.61555019 65.37988603 66.57032488 67.58385941 68.60614707 69.69606491 70.84643079 72.3550767 73.61155231 74.71021323 75.75971417 76.84941375 78.31760082 79.55810187 80.77451854 82.00072869 83.30945697 85.22620976 86.93594388 88.66606474 90.5649651 92.4976805 95.02110333 97.19728898 99.15278393
-9999 -9999 -9999 82.94285595 73.98306464 66.54556263 61.35976972 57.93712817 56.80483306 55.5284677 54.6778835 53.14995565 51.65117165 51.1354043 51.16918485 51.76540892 52.24379207 52.68872937 53.05788789 53.62706663 54.08212704 54.65930096 55.25592245 55.87807192 56.85236963 57.66823623 58.65328231 59.5477904 60.32907233 61.26441726 61.94536077 62.558451 63.20305443 63.5353408 63.98542788 64.33962851 64.57336095 65.00193577 65.40059663 66.05671534 66.80986861 67.72983574 68.7441672 69.76320406 71.11083481 72.30968946 73.60020039 74.93062726 76.04958192 77.38996563 78.49983337 79.73484268 81.0494347 82.17208336 83.65103026 84.96289947 86.53557954 88.19073605 89.88726721 91.99047455 93.95576051 96.07865655 98.23244418 100.1435884
-9999 -9999 -9999 85.83885767 77.23931284 71.10092205 66.57665816 63.75834732 62.53634242 61.1579283 59.92784528 57.58569117 55.1925462 53.91769242 53.20301793 53.24628836 53.74399339 53.99281071 54.30583909 54.7184102 55.11169147 55.72774368 56.25124866 57.01421624 57.83842027 58.69171311 59.76539177 60.66678053 61.69689058 62.59397001 63.45111002 64.34108797 64.94547888 65.58674862 65.95453282 66.34321226 66.72920861 66.93991997 67.4602383 67.86225607 68.49553757 69.45077994 70.3379375 71.57018032 72.72814097 73.91124182 75.35835416 76.58555632 77.8997327 79.11918182 80.23667679 81.56546281 82.7506322 84.10539353 85.34805388 86.57206209 88.1553728 89.65690083 91.48547733 93.35013306 95.16266587 97.31122837 99.34310269 101.4503996
-9999 -9999 -9999 88.20525349 80.50553617 74.67661516 70.40279091 68.14317332 67.33340969 66.0308707 64.92676978 62.26589019 58.09497602 56.80956875 55.45345437 55.11254658 55.0888431 55.07384335 55.26938149 55.65541812 55.99705501 56.51252524 56.98071051 57.62595796 58.56943685 59.37434095 60.35525208 61.33565033 62.24671334 63.43193395 64.32295346 65.27493755 66.18604255 66.76828782 67.51391708 67.95980451 68.25199648 68.69513421 69.01285157 69.49699602 70.12254763 70.89773844 71.81772556 72.85678735 74.1394595 75.36170676 76.73029953 78.125209 79.24263329 80.6710688 81.81495353 83.01545216 84.36004619 85.37434467 86.70557002 87.91180312 89.28821291 90.74807099 92.32130932 94.22626728 96.02837105 98.00708765 99.97466459 101.7937231
-9999 -9999 -9999 -9999 81.72346437 77.14508286 73.2442973 71.06618604 70.29085038 68.98602156 67.5824656 65.22587273 62.19464667 59.64436649 57.58806566 56.85835611 57.13653026 56.67966722 56.73671881 56.83740732 57.01732666 57.45568367 57.926958 58.63191259 59.39482315 60.15812049 61.15098537 62.06756453 63.15432511 64.22036346 65.23163609 66.37660093 67.3462914 68.30607972 69.0598381 69.71607796 70.3210336 70.67156561 71.18732964 71.54418507 72.08526723 72.90819944 73.66188098 74.78399561 75.84519346 77.00928506 78.47921496 79.76197939 81.13497982 82.3782764 83.49884967 84.78874565 85.9252446 87.15141062 88.27582504 89.37569939 90.75956396 92.09953214 93.75953915 95.40992582 97.04953165 98.99153959 100.8122599 102.7321768
-9999 -9999 -9999 -9999 82.85382917 78.65164731 73.98086596 71.4470607 71.45394819 70.34857001 69.15471539 67.0014859 64.49013893 62.20565304 59.38413409 58.47716192 59.23346198 57.8533922 57.94265161 57.81410533 57.87365581 58.17507537 58.7087732 59.18726119 60.05032607 60.76710801 61.68519301 62.57514004 63.49030599 64.7047951 65.71421269 66.91123503 68.03713981 69.04683368 70.16627154 70.9562799 71.68716385 72.39116291 72.73620967 73.29174364 73.7924757 74.45205305 75.29555326 76.10799986 77.29233465 78.47309932 79.79342271 81.19542424 82.29724445 83.67304308 84.8033363 85.97256967 87.29115198 88.22033406 89.48445242 90.5817852 91.82270319 93.20721968 94.5831097 96.32635749 97.93728112 99.65037516 101.3481293 102.9397918
-9999 -9999 -9999 -9999 -9999 79.92827233 75.38344461 72.48097673 70.53631157 69.36204032 68.01793612 66.68300272 64.00988863 63.17482991 62.02147766 61.38326096 60.4663995 59.48213999 59.54559422 58.66461391 58.40421682 59.10741323 59.50235452 60.20997557 60.91198481 61.58120414 62.44448758 63.30471587 64.3022729 65.35562652 66.37682451 67.67009513 68.83265514 70.08511495 71.2598056 72.29125027 73.29874962 74.02162238 74.64429387 75.05465592 75.55514429 76.27541739 76.94228864 77.92903516 78.92860257 80.0196717 81.36437909 82.59413828 83.87173005 85.04541329 86.11709386 87.34875562 88.47701163 89.66573606 90.78597701 91.85841438 93.15478298 94.45200455 95.94154185 97.46361523 98.91568907 100.5918871 102.1128426 103.6577425
-9999 -9999 -9999 -9999 -9999 82.873701 77.50264781 74.16874484 70.87570933 68.02280207 66.53972719 65.55204086 63.26750402 64.38078981 64.137085 63.94131921 61.25116201 59.94604883 59.20498625 58.54299247 57.78160798 59.28068357 59.55740425 60.11580042 61.64241113 62.28460445 63.13136592 63.99435931 64.83221439 65.94932785 66.94137519 68.20466764 69.46201609 70.68648879 72.08651761 73.21614267 74.32073494 75.40672805 75.79525072 76.33507355 76.82703923 77.44020105 78.22742721 79.07286833 80.17138072 81.25749758 82.46587335 83.73871012 84.79361428 86.00860167 87.0614156 88.20216929 89.43164881 90.43807502 91.70315935 92.78461425 94.01916631 95.38564867 96.66644654 98.25340912 99.69503695 101.195273 102.6632128 103.8028277
-9999 -9999 -9999 -9999 -9999 -9999 80.17463431 77.38531696 72.62351243 68.68858569 66.67802469 64.97113913 64.75437244 65.82957361 66.0787478 65.5161686 64.35748519 61.94300955 60.26582003 58.56512496 58.03767495 59.04323704 58.99273996 61.21134134 61.77841695 62.58416104 64.03657271 64.86297333 65.81644025 66.78611055 67.74635828 69.01414825 70.24838197 71.58819746 72.94841609 74.17249222 75.35740467 76.33582456 77.04770123 77.57334304 78.11292937 78.84225563 79.57686613 80.54840323 81.56479859 82.57691814 83.76889848 84.85749819 85.98804979 87.03686792 88.01442324 89.17941446 90.25331506 91.45312539 92.58281332 93.67585453 94.99126429 96.26331295 97.65813797 99.07471645 100.379422 101.8476576 103.0744909 104.1549274
-9999 -9999 -9999 -9999 -9999 -9999 82.36937432 83.50612302 76.24081446 70.13542048 67.49029643 65.77854634 66.08944597 66.81439841 67.71363943 67.44336164 64.93924342 63.93866653 62.24974843 60.467278 58.9274395 59.88714696 58.70976842 58.98654976 60.86828638 63.04310252 64.95452305 65.72186921 66.50301303 67.6183202 68.63617344 69.92647581 71.04482414 72.27577803 73.67513584 74.86290518 76.06640344 77.08779415 77.79846863 78.50806711 79.14020411 79.92914486 80.71959782 81.61786612 82.7292559 83.68470005 84.83845658 85.85356554 86.80218648 87.91455609 88.82930355 89.97363768 91.00518956 92.03613352 93.28553809 94.34600277 95.71429675 96.908881 98.10156007 99.61714309 100.8015852 102.2321492 103.3429273 103.9554414
-9999 -9999 -9999 -9999 -9999 -9999 -9999 82.04311065 77.80354493 73.59255381 71.28622981 67.57131535 67.17542333 65.93183513 66.39779112 65.69694558 63.94175932 62.83963989 62.43413992 63.12173607 62.59534994 60.69567382 60.27824057 59.43693483 60.61517405 61.6851472 64.45959065 66.16671315 67.54767559 68.5568162 69.56335273 70.83341891 71.9767941 73.18520864 74.30516564 75.39720501 76.60527068 77.61499368 78.52380545 79.32155629 80.02000906 80.86539894 81.68460557 82.63828891 83.61376983 84.54098467 85.58249834 86.5884748 87.61308099 88.58611569 89.47513655 90.53483125 91.52672442 92.62484005 93.75134688 94.81243706 96.09241218 97.29586181 98.54907988 99.74100563 100.8519493 102.057571 102.9634615 103.5552063
-9999 -9999 -9999 -9999 -9999 -9999 -9999 82.89221253 81.19436783 78.37460218 76.92014204 71.8447598 68.5103359 65.78653719 65.23568917 63.78133079 61.87687111 61.36411455 62.02351547 64.41646444 63.60936578 60.70048823 60.03511897 58.12995512 58.4811348 60.47979688 63.35397819 66.52411421 67.78130975 69.13310783 70.48280298 71.93581002 72.93419023 74.01448981 74.9448329 75.97318116 77.20561603 78.13224658 79.21959268 80.06945759 80.88059185 81.8801242 82.56205447 83.52331305 84.41400783 85.26522506 86.4029289 87.24696389 88.19967489 89.17047887 89.98638184 91.10372185 91.96803878 93.06452119 94.11613805 95.11586599 96.49542548 97.52385469 98.6627048 99.68948029 100.6242842 101.7748632 102.4479881 102.6461748
-9999 -9999 -9999 -9999 -9999 -9999 -9999 81.30484438 81.0062665 81.43292174 80.4112613 76.82877574 72.78433295 67.84643561 64.70255038 62.7523515 60.2557686 60.12603253 60.71806782 60.8782049 60.26243103 59.13424165 57.79656599 56.40251343 57.77631658 58.99175839 61.66686761 64.91536851 67.94056714 69.67648276 71.02398955 72.59618532 73.79709778 74.73097336 75.51334767 76.38065491 77.50631619 78.5252236 79.55362214 80.56460132 81.37789848 82.23111977 83.09808567 83.91415675 84.82304628 85.67225391 86.61538563 87.55025576 88.51131458 89.46835609 90.29603437 91.23756789 92.18369688 93.21382378 94.24561917 95.21299518 96.38328506 97.42316621 98.5014543 99.47059386 100.2744839 101.0223154 101.4344832 101.5104894
-9999 -9999 -9999 -9999 -9999 -9999 -9999 -9999 83.65595043 84.06274519 84.43669125 80.35056908 78.40841923 73.38052166 66.17230549 63.13835053 60.28320897 59.31734356 58.3677375 57.99530447 57.2254095 57.05216036 56.10491465 55.66061854 57.34794225 58.30378973 60.56298958 64.15868304 65.95143209 68.77601254 71.31160936 73.03014528 74.39599624 75.15046048 75.9056076 76.7787408 77.93248118 78.79805948 79.84078757 80.85402972 81.70374405 82.68233427 83.40934295 84.25455071 85.10561922 85.93756059 86.99378061 87.85942249 88.87055001 89.7801432 90.55881569 91.54849968 92.35226098 93.29701878 94.27721571 95.16033077 96.34177128 97.21769845 98.23993913 99.12281384 99.76880713 100.2764629 100.4162776 100.1612036
