meets/meet004/data/CCSM_0k_neotropic_bio01.asc
NCOLS 154 
NROWS 168 
XLLCORNER -112 
YLLCORNER -55.5 
CELLSIZE 0.5 
NODATA_value -9999 
[rows 58 to 86 of 168, columns 64 to 127 of 154]
20.60849421 19.60329172 18.58723025 17.94086305 17.68135619 18.04334406 18.99685364 20.28784156 21.7984142 23.1497929 23.93805045 24.00155464 23.93601625 23.94661004 24.02937892 24.06481601 24.0439757 24.09104571 24.07240895 24.09205931 24.10123324 24.08207037 24.07543214 24.0736731 24.0834732 24.10800225 24.14922387 24.25070284 24.32707687 24.48829405 24.54570943 24.49438578 24.51653894 24.47017648 24.4685506 24.4322774 24.3643813 24.30277528 24.21127611 24.14698654 24.11965083 24.13587232 24.20276861 24.27133363 24.33765509 24.35923144 24.33205333 24.24526129 24.18124494 24.06586038 23.92288348 23.7537863 23.62441394 23.66605302 23.77297331 23.93971304 24.14752398 24.34131098 24.5244828 24.65450361 24.91010781 25.23901402 25.49840456 -9999
20.59425805 19.66833918 18.810035 18.204697 17.87602795 18.33949627 19.53014326 20.95250798 22.2268276 23.30984408 23.98375111 24.02648851 23.97495385 24.03429771 24.07829195 24.11367403 24.13257005 24.13745922 24.14966185 24.16741998 24.16413256 24.15772738 24.15939255 24.15414477 24.15474502 24.18400168 24.20569426 24.25742436 24.3674637 24.45557599 24.51151405 24.52433384 24.49838901 24.51114359 24.51175754 24.49196352 24.47324457 24.43565178 24.38565295 24.34092932 24.33548831 24.35578691 24.40972984 24.47611387 24.55133708 24.53987306 24.46332296 24.35029221 24.25453363 24.0958319 23.95597417 23.83712262 23.72203707 23.79339745 23.94007304 24.08225882 24.23251045 24.40629816 24.51511835 24.62462371 24.76315428 24.90033263 24.98505605 25.05233416
20.82204331 20.0267151 19.32198298 18.66736119 18.3722017 18.82963217 20.00730173 21.38401584 22.52540932 23.41595011 23.99753324 24.06151614 24.00900112 24.06065736 24.10396836 24.13789639 24.15305393 24.16653837 24.1781618 24.19448016 24.20633688 24.2103764 24.22256967 24.2271594 24.23745816 24.2567739 24.27254802 24.30228504 24.36505016 24.42840195 24.47688604 24.50242019 24.51597295 24.54042321 24.55771147 24.567415 24.57285128 24.56921443 24.53568056 24.51211775 24.50844454 24.51957791 24.5729395 24.62602077 24.69905156 24.70560037 24.65077617 24.57171587 24.46577185 24.34052365 24.21069303 24.08484481 24.00283211 24.00632851 24.08650284 24.17441069 24.2708646 24.40289034 24.50359679 24.58730677 24.66575669 24.71111889 24.68642829 24.6557885
21.13505823 20.47526254 19.9083048 19.28555823 18.93983193 19.35948542 20.47043226 21.73685617 22.75490998 23.5195006 24.01012795 24.07527692 24.05797533 24.11286869 24.15484957 24.18483218 24.19089163 24.192018 24.20653512 24.21571771 24.23270362 24.25378226 24.27098162 24.28935178 24.31437907 24.33401176 24.34479917 24.38061584 24.41068248 24.4501439 24.49328904 24.52761142 24.56403742 24.59371819 24.62230998 24.64993336 24.67121425 24.69470175 24.66624878 24.65315148 24.65280829 24.65583688 24.69351767 24.72388918 24.79703986 24.80668455 24.79740517 24.82180274 24.65805566 24.62567634 24.51054691 24.32843652 24.32358645 24.18604983 24.1709746 24.19724418 24.24430667 24.35618237 24.43688978 24.53760465 24.56698692 24.55169038 24.52797175 24.43048402
21.42086436 20.88198985 20.46603826 19.8637342 19.57498999 19.93696415 20.88730173 22.01997969 22.91735645 23.58265039 24.03926855 24.12638475 24.10621785 24.16073326 24.20109057 24.22848435 24.23271157 24.23177513 24.23572453 24.24513174 24.26455117 24.29174368 24.31990519 24.33414222 24.35116677 24.37146981 24.38734109 24.42059591 24.44844956 24.48771425 24.53197489 24.57014586 24.61393868 24.64759263 24.68168932 24.7106851 24.73088884 24.75115949 24.73780468 24.73278602 24.73083556 24.72810315 24.75029419 24.76073974 24.79679524 24.79238277 24.76543341 24.74968104 24.64065024 24.5753595 24.46657141 24.33214036 24.281465 24.17893406 24.16048873 24.16215162 24.1758211 24.25062289 24.32078515 24.40019451 24.42381505 24.3893343 24.32913718 24.24831967
21.55112456 21.10667268 20.90564072 20.33060124 20.06191414 20.42503419 21.32016221 22.32868576 23.12786614 23.71954941 24.10355223 24.16113359 24.15771049 24.20690869 24.24728848 24.27053589 24.27141225 24.27452059 24.27595714 24.28041982 24.29888374 24.33121009 24.36828394 24.36405081 24.36405435 24.37864593 24.39851445 24.43463555 24.46208083 24.5116511 24.56026139 24.59990861 24.65781029 24.68912242 24.72379605 24.7549612 24.76831834 24.7776968 24.77770344 24.77330846 24.76859258 24.76522218 24.76887667 24.75711863 24.74299891 24.69626394 24.62993688 24.54868036 24.44064262 24.32302387 24.21802507 24.14197279 24.06780739 24.03317323 24.05036577 24.04212832 24.03529706 24.09260461 24.14464375 24.22107625 24.24045979 24.19012415 24.12806132 24.06411055
21.27651446 20.91280289 20.75897974 20.49216727 20.46688023 20.9158861 21.78059094 22.70815228 23.3769188 23.82009686 24.14767169 24.22805077 24.22240315 24.25310221 24.26516557 24.28389774 24.3005742 24.31305643 24.3219562 24.32809187 24.34107868 24.35892736 24.37190248 24.37190978 24.36838419 24.37597772 24.3876117 24.41199781 24.44139264 24.48458595 24.53993833 24.5989329 24.66026893 24.69921427 24.73253423 24.7652735 24.78964125 24.80613794 24.79338724 24.77685145 24.76620814 24.76526071 24.75847004 24.72854226 24.67496172 24.58172438 24.46664774 24.32902203 24.19837322 24.0729412 23.96530154 23.90063695 23.85297975 23.82430095 23.81623039 23.81225612 23.8115368 23.84163367 23.91238246 23.98541168 24.02602288 24.03053625 23.99072649 23.95269567
20.97985577 20.81752473 20.50761006 20.6634134 20.84931727 21.3903189 22.25972937 23.17052291 23.71896429 23.99623929 24.22505671 24.29372195 24.30455668 24.31543329 24.29545132 24.30534952 24.33814806 24.3556709 24.37363598 24.38054354 24.38433569 24.3848948 24.37609661 24.38299005 24.37394332 24.37460484 24.37855328 24.37966067 24.41529028 24.44560885 24.50295554 24.57979702 24.65528744 24.69145881 24.72414214 24.76269875 24.79858478 24.83409239 24.79933989 24.7662667 24.74643735 24.74781527 24.74528729 24.6815894 24.60535178 24.48440394 24.32394721 24.12520974 24.01015059 23.86877197 23.75534733 23.7070052 23.6361026 23.60876694 23.57643974 23.56616854 23.57203266 23.56779831 23.68698155 23.76887621 23.83229855 23.88943211 23.90885237 23.92024619
21.25589283 21.00325674 21.07235537 20.971609 21.23961395 21.78647434 22.57847263 23.50564274 23.89369002 24.15044674 24.36240287 24.3757793 24.38173593 24.37816906 24.36764521 24.37301346 24.3847149 24.41227648 24.41827082 24.42384383 24.4256417 24.41861677 24.41280502 24.4065139 24.39767592 24.39318114 24.38912857 24.39116984 24.41205691 24.44315255 24.49359654 24.55673078 24.61878228 24.6686268 24.71163554 24.7510043 24.78167115 24.79939766 24.7800821 24.75093966 24.72545156 24.71041544 24.67613141 24.60941898 24.50866818 24.37391494 24.23228099 24.064898 23.91099526 23.75875151 23.6307101 23.55735358 23.4843705 23.44258218 23.40294603 23.39096457 23.40460502 23.4342784 23.52439209 23.60589741 23.72604406 23.86035096 23.93014987 24.01880792
21.6231113 21.32034584 21.29286566 20.76996021 21.01221045 21.49925023 22.18668644 23.51149154 23.82863959 24.21092877 24.47146671 24.42351777 24.43833079 24.37298795 24.39717289 24.40233963 24.39288611 24.44211057 24.42976597 24.44921753 24.45623281 24.44423993 24.44728851 24.43414042 24.42873308 24.42299328 24.41174256 24.40885855 24.42893666 24.45377192 24.49464506 24.5411406 24.58766169 24.63530241 24.68368669 24.71959766 24.73909776 24.75844577 24.73798705 24.71677353 24.69243365 24.67280632 24.62196906 24.53715429 24.4189558 24.28683294 24.16363936 24.02496192 23.87028271 23.70831069 23.56877811 23.47782225 23.36809535 23.32006603 23.27808327 23.26274334 23.28413045 23.32583059 23.42447749 23.52251099 23.70560589 23.93912867 24.08683634 24.2896917
22.14050041 21.15900526 20.37703367 19.66124129 19.43908777 19.80898217 20.73382983 21.97378065 23.17781331 24.2229341 24.736995 24.53804927 24.26313844 24.28168101 24.35024264 24.37073774 24.35267114 24.34242068 24.39460567 24.45115455 24.47674947 24.4699171 24.45431376 24.46574485 24.47058945 24.46896724 24.4594886 24.44882336 24.462765 24.4816976 24.50611589 24.53341575 24.56280129 24.59572516 24.62583734 24.6496653 24.66492319 24.67053916 24.66217354 24.64835033 24.63250417 24.63031297 24.59003069 24.47962169 24.34119645 24.20405192 24.09675983 23.98370179 23.84786352 23.72160422 23.57772892 23.44570864 23.33823106 23.24725325 23.18709358 23.17887085 23.2150743 23.27747487 23.38994725 23.52768434 23.81509054 24.21992704 24.55745369 24.75106419
22.28268855 20.74430117 19.28634732 18.29953729 17.59038414 17.88509326 18.98543259 20.43614542 22.45168468 24.2620745 25.02380929 24.62929116 24.12231523 24.17146667 24.3335705 24.37210363 24.32684066 24.27220017 24.36012055 24.46251757 24.50567649 24.49840313 24.48105 24.51337783 24.53859894 24.54104975 24.52566733 24.50086166 24.50354147 24.51215286 24.5222635 24.52936976 24.54024297 24.55631022 24.56616014 24.57825518 24.58540901 24.58358995 24.57993608 24.57197633 24.56456812 24.58286721 24.5565645 24.41750022 24.25713318 24.12127651 24.02331286 23.92352286 23.80094536 23.70385146 23.5595783 23.40993477 23.28868754 23.18842728 23.12420636 23.12412275 23.18387042 23.2856411 23.44796375 23.63596801 23.9989973 24.53304255 25.01533814 25.17637843
21.85753139 20.33130201 18.59275264 17.14552451 16.18439498 16.29310668 17.42211845 19.27812476 21.86816523 24.34075167 25.41398946 24.82072844 24.08419882 24.1440746 24.43059036 24.49400975 24.38511416 24.29819047 24.37706798 24.49845928 24.55663473 24.55294147 24.54738737 24.59865331 24.65170116 24.66083674 24.62530018 24.57949334 24.56609161 24.55242959 24.54104313 24.53801372 24.52610516 24.52672911 24.51982884 24.51484052 24.51523619 24.50702319 24.50268569 24.49447435 24.49148807 24.51272417 24.47256775 24.35450131 24.18897877 24.03089788 23.91344378 23.80728077 23.68009959 23.57995173 23.44809886 23.30473909 23.19939434 23.12534678 23.09485142 23.14334845 23.24221659 23.3905253 23.63937686 23.93106655 24.34671082 24.83463322 25.22706927 25.46871696
21.67935076 20.23287423 18.26684023 16.52221701 14.97038144 14.90673591 16.11036418 18.14995568 21.28680275 24.35324833 25.61060775 24.85189149 24.0163085 24.1537913 24.53832655 24.6181349 24.45648933 24.32884849 24.40583005 24.54701504 24.61034971 24.60322046 24.61305832 24.68542472 24.76992347 24.78496646 24.73245698 24.67269482 24.64326509 24.61472389 24.58774034 24.56508979 24.53526221 24.51826746 24.49371399 24.47787026 24.46778669 24.44738418 24.44190543 24.43002683 24.42896157 24.4560358 24.42749622 24.33121456 24.17106151 23.97451336 23.79415219 23.61413974 23.4382122 23.35383268 23.24708021 23.13856747 23.09521824 23.09907367 23.12815832 23.23864135 23.37236867 23.58756841 23.94988925 24.33735273 24.75878159 25.17373573 25.49902795 25.6915247
-9999 20.66244785 18.92462984 16.39022874 14.08089342 13.61317078 14.86329362 17.19550004 20.58152421 23.91191588 25.4432697 24.81602032 24.02340798 24.16622246 24.59542736 24.69351173 24.51389464 24.36984949 24.43601768 24.57994064 24.65113735 24.65070834 24.6663756 24.76665966 24.87430864 24.90168058 24.84960957 24.78170799 24.74459252 24.71470697 24.66759116 24.62218633 24.57166905 24.53519393 24.50335951 24.46423907 24.4348399 24.41087355 24.38649918 24.37699353 24.37645508 24.40237913 24.40410515 24.34430727 24.24012674 24.01108087 23.65962605 23.31305032 23.19214993 23.06889629 22.99716755 23.00668028 23.00108675 23.10398619 23.24364295 23.41404361 23.55630022 23.8513901 24.28254035 24.83508766 25.26812134 25.53037343 25.76939918 25.8903755
-9999 -9999 19.64016039 16.68255644 13.68378776 12.91475134 14.02966096 16.33879801 19.78241461 23.24457113 24.91199325 24.53941976 23.98045388 24.18299428 24.58571479 24.68093607 24.51925606 24.39625563 24.46423315 24.60167349 24.67724225 24.68912631 24.72431995 24.83609128 24.95691746 24.9969483 24.9502323 24.89357996 24.85549519 24.81959874 24.76564975 24.69997693 24.63207901 24.57336219 24.52139272 24.46344479 24.41337152 24.36968144 24.33085147 24.31492193 24.31110883 24.34676116 24.34922776 24.30303399 24.20686598 23.97477493 23.61368291 23.26277239 23.1560351 23.04523805 22.98624488 23.02934335 23.03161986 23.14137952 23.30852184 23.48509233 23.63712915 23.96575506 24.46616324 25.08703954 25.54130819 25.73636011 25.93009999 26.00730375
-9999 -9999 -9999 17.27942242 13.87995752 12.67893333 13.51898078 15.59190617 18.74576047 22.2149914 24.09078524 24.07097972 23.99666191 24.23215155 24.46626703 24.58821336 24.49645139 24.43399636 24.49926776 24.60604528 24.68730517 24.73199359 24.79201934 24.89857255 25.00662332 25.04730906 25.02514548 24.99524764 24.93720364 24.91035306 24.83907373 24.75166882 24.68794839 24.58714544 24.52538049 24.4429526 24.35791657 24.3050695 24.25250153 24.23532941 24.22887166 24.25031626 24.24917409 24.17522113 24.05072583 23.8749305 23.67563636 23.48675657 23.35439703 23.29429632 23.24762696 23.20759827 23.21328015 23.27316852 23.3093848 23.47395957 23.65384918 23.91742087 24.5095531 25.10255715 25.52760356 25.78401248 25.94012684 25.96392348
-9999 -9999 -9999 17.87209016 14.44923623 13.00685541 13.32193584 14.97961785 17.65684713 20.78030647 22.78906858 23.46553625 23.81111801 24.17606874 24.3983724 24.54160172 24.49362065 24.47889896 24.5527021 24.64114838 24.72000577 24.7744077 24.84188246 24.94513096 25.03261004 25.05955618 25.0250557 24.97847714 24.93641767 24.89690091 24.81072065 24.69807763 24.59413882 24.50207541 24.43310059 24.34212548 24.24531926 24.1716818 24.13728374 24.1299471 24.12665536 24.14761593 24.13039482 24.05545901 23.95265573 23.8462684 23.75662266 23.67636551 23.6005803 23.5546252 23.51209714 23.47841557 23.46198838 23.45865338 23.47198935 23.61600013 23.81671808 24.09849178 24.60738127 25.10044178 25.46389684 25.66656172 25.77052244 25.78080761
-9999 -9999 -9999 18.5269381 15.21135639 13.55763319 13.48174919 14.23802354 16.26529148 19.00270339 20.97589947 22.13861359 23.57532437 23.92135693 24.17358992 24.47160338 24.44169497 24.54238811 24.57403033 24.66139454 24.76428602 24.82496572 24.89213998 25.01200629 25.06495549 25.0735549 25.0175478 24.89621483 24.9094001 24.8508991 24.75348574 24.62717894 24.41953144 24.4225822 24.33387237 24.23256401 24.16664625 24.00684397 24.01253902 24.03777572 24.02512319 24.03123133 24.01112019 23.94757674 23.8863537 23.84727772 23.82525082 23.82984309 23.76927337 23.7365509 23.72219504 23.71516479 23.76073552 23.74039325 23.75157559 23.90640673 24.14975194 24.47554506 24.83101498 25.16594383 25.40520288 25.52362858 25.51847508 25.49317737
-9999 -9999 -9999 -9999 16.33404898 14.6492716 13.91849407 14.06754168 15.02032156 16.76603173 18.50522911 20.11867676 21.87866587 23.03301242 23.90532943 24.46382387 24.4051474 24.36543417 24.4723607 24.66709663 24.829678 24.93018726 25.00706087 25.12420193 25.18259309 25.18373931 25.11461968 25.00357473 24.98310763 24.93121385 24.83906094 24.72261137 24.57398654 24.56149622 24.50908903 24.39461714 24.25130541 24.0763344 24.00750158 23.97121021 23.92870495 23.9127471 23.9001233 23.86330474 23.83961283 23.82830272 23.83963394 23.86503374 23.84959134 23.85530141 23.87166991 23.88367177 23.95865253 24.01874745 24.13621525 24.32617933 24.54412691 24.80129892 25.06184695 25.28265185 25.42001693 25.4474896 25.35459808 25.22946157
-9999 -9999 -9999 -9999 17.62203515 15.89931821 14.67643713 13.80463639 13.42316718 14.0587831 15.23334622 16.95441461 19.45909112 21.28389777 23.26379219 24.40239861 24.08891459 23.99632565 24.36040538 24.67610419 24.9374744 25.06957701 25.16847507 25.28945271 25.36793946 25.37197943 25.2980069 25.20636306 25.15330993 25.11004542 25.02790685 24.93809807 24.88161078 24.83775762 24.85785025 24.71103015 24.45197085 24.2348588 24.01044031 23.90338507 23.80922861 23.7663791 23.77808929 23.75871308 23.76558651 23.79252316 23.80503017 23.84018328 23.89444728 23.93612431 23.98373633 24.00060375 24.06620292 24.23579173 24.49811948 24.72050195 24.86439503 25.08934235 25.2691612 25.4317349 25.47206134 25.4184557 25.29075512 25.02761497
-9999 -9999 -9999 -9999 -9999 17.4638134 15.19131162 13.02705907 11.6375216 11.11729268 11.6677893 13.18222198 15.58525436 18.53239223 21.51246015 23.37194099 23.75372261 23.93574535 24.31369172 24.79184513 25.13394985 25.24292475 25.3390176 25.45653594 25.52988742 25.54334969 25.48632087 25.39053981 25.34405317 25.29223165 25.21225493 25.12063104 25.06485822 25.08884737 25.10993624 24.92552778 24.58422678 24.23566419 23.94669552 23.75449577 23.61701171 23.57451999 23.5870902 23.61647398 23.66543965 23.71959373 23.76675401 23.83960377 23.93497092 24.03315126 24.09624673 24.08689749 24.14994697 24.32193369 24.58319095 24.82683708 25.02542374 25.22661273 25.39303721 25.50799366 25.50952832 25.40396729 25.20403643 24.91895783
-9999 -9999 -9999 -9999 -9999 19.26022983 15.8232893 12.00243375 10.45947269 8.677424434 8.347335428 9.795654683 11.1220649 15.26880566 19.34421192 21.83835864 22.68956682 23.62168419 24.18129127 24.82167755 25.41731016 25.49837506 25.51851051 25.80809658 25.73912961 25.7553256 25.70644385 25.59290813 25.58862418 25.51278546 25.41532532 25.29635906 25.17837458 25.20639533 25.28476095 25.06149073 24.62289417 24.15596802 23.87258443 23.59689343 23.42357454 23.41427265 23.37765391 23.47279022 23.56029734 23.64942778 23.73680176 23.81867729 23.96417687 24.12014601 24.20968548 24.16207754 24.16934932 24.42229427 24.62264632 24.86890041 25.14459111 25.32698003 25.4585754 25.54499785 25.48630347 25.32829234 25.13425023 24.81123673
-9999 -9999 -9999 -9999 -9999 -9999 17.37289392 14.29255861 11.23917232 8.533644589 7.428509297 7.938101497 9.660953377 12.46991438 15.88394459 18.49675231 20.04964262 21.77710491 22.92102829 24.39775149 25.40306926 25.61751116 26.08998386 26.04632188 26.11311848 26.13221045 25.98384193 25.93265019 25.93479166 25.90933322 25.78109669 25.56309403 25.34426809 25.28533305 25.22357315 24.97522941 24.6246496 24.22610545 23.89988954 23.63841891 23.44958388 23.38016702 23.36112328 23.39949676 23.47441741 23.5784433 23.71064037 23.84398754 23.927735 24.01129466 24.13043767 24.22733018 24.40155699 24.63485471 24.90706572 25.13355168 25.29154028 25.39915436 25.43841663 25.41834935 25.31503692 25.14924416 24.9377957 24.6421898
-9999 -9999 -9999 -9999 -9999 -9999 19.0039449 17.04542557 13.1056383 9.27320866 7.307151494 7.204523828 7.996837586 9.386438268 11.74226453 13.91502469 15.77463995 18.72716413 19.74408837 22.21285159 23.87287379 24.22011068 26.03951151 25.9585582 26.19696888 26.40512106 26.24948083 26.2576453 26.32178556 26.36446342 26.22103843 25.92522984 25.53021155 25.4202424 25.20972071 24.91780522 24.63644671 24.29455384 23.97882921 23.73704783 23.54000151 23.43831767 23.37093913 23.38546678 23.41359174 23.48481678 23.64388877 23.84499694 23.79963423 23.81151065 23.99561425 24.263618 24.58909412 24.85623132 25.18018896 25.36564277 25.36798641 25.46025887 25.37457777 25.26849942 25.12534563 24.95157549 24.72137612 24.38182628
-9999 -9999 -9999 -9999 -9999 -9999 -9999 18.68576823 15.0560125 10.83597783 8.060237607 6.856182466 6.320094861 6.365196408 6.684047308 7.856911811 9.676630159 11.68479293 13.98411098 16.28133411 18.64552858 20.62131277 22.64056458 24.2207926 25.6429794 26.52725288 26.53183707 26.55658494 26.56530222 26.60638887 26.55614985 26.4335316 26.1981212 25.80027582 25.34342604 24.92506612 24.63067633 24.34696354 24.05510087 23.81386798 23.62488794 23.53539035 23.4751618 23.44973631 23.41529961 23.45589853 23.55813024 23.58601316 23.64238937 23.66549195 23.88355689 24.2696088 24.6480563 24.92494657 25.12301893 25.24316762 25.23591909 25.22234529 25.22207867 25.21412864 25.03523991 24.73264305 24.41231777 24.06627743
-9999 -9999 -9999 -9999 -9999 -9999 -9999 20.52886805 16.71824238 12.46524669 9.236489912 7.191833164 5.213825382 4.247977063 2.647394969 2.924026102 4.561315362 5.35723755 8.06801951 10.03334615 12.82683956 16.00121878 18.91564807 21.88013685 24.53070831 26.11028446 26.38044372 26.58814686 26.70443499 26.79741735 26.89365884 26.99637192 26.89165376 26.27148514 25.53201012 24.93803284 24.63320667 24.38047163 24.07443568 23.86241028 23.67355437 23.59294238 23.58862841 23.57131992 23.53021556 23.59146905 23.66842864 23.56778569 23.72295108 23.68434902 23.88760137 24.32212387 24.69056857 24.84765142 24.96435103 25.03594078 24.98850803 24.94262067 25.01727922 25.08559176 24.89452328 24.48485768 24.06793365 23.71401133
-9999 -9999 -9999 -9999 -9999 -9999 -9999 20.08625653 18.00204546 14.97724131 11.92995778 9.111230903 6.21907519 4.330910164 2.511759343 1.820132233 2.512344099 3.042670961 4.354244291 5.485684352 8.13818199 11.79470294 15.43823399 19.15835843 22.29925312 24.6214124 25.54043128 26.14900033 26.46251702 26.82359743 27.1176558 27.35494991 27.40929439 26.57764889 25.61031871 24.95770651 24.58656886 24.35478968 24.16865277 23.95975641 23.8257441 23.77012007 23.67086474 23.86219574 23.9826649 24.09372548 24.23510264 24.24772876 24.19062815 24.118178 24.1899788 24.38718349 24.58318374 24.74349957 24.81434801 24.82930431 24.76924189 24.70713795 24.71232047 24.71218516 24.47501003 24.06548047 23.67360573 23.27579455
-9999 -9999 -9999 -9999 -9999 -9999 -9999 -9999 18.97475561 17.37560874 14.95240718 12.06165686 8.657199873 6.633222424 4.210825369 2.846005759 2.757266644 2.360535739 2.852028908 2.868014903 5.0636583 8.752166949 12.34618758 16.28749149 19.82559134 22.57143098 24.03583387 25.22805489 25.91121468 26.47144634 26.81759365 27.07224122 27.34348322 26.3547052 25.42784257 24.88643786 24.61554526 24.47593994 24.46118663 24.33802559 24.29431804 24.30640092 24.17059281 24.51933087 24.73938965 24.86140774 24.99621635 24.95037434 24.69517151 24.4784776 24.39972179 24.41271415 24.54236395 24.71244284 24.77541435 24.75415727 24.62202892 24.41687457 24.27395751 24.19236819 23.90301949 23.49384721 23.13314616 22.77042176
