meets/meet004/data/CCSM_0k_neotropic_bio11.asc
NCOLS 154 
NROWS 168 
XLLCORNER -112 
YLLCORNER -55.5 
CELLSIZE 0.5 
NODATA_value -9999 
[rows 58 to 86 of 168, columns 64 to 127 of 154]
20.39318073 19.19782927 18.00918506 17.3031423 17.02306439 17.37829965 18.34866284 19.67202418 21.2538024 22.68344062 23.52133559 23.60326013 23.54581678 23.5595476 23.6437029 23.68977785 23.68621882 23.74733332 23.73094584 23.74587046 23.75594064 23.74137797 23.73395129 23.73019496 23.73261907 23.75329915 23.79492325 23.89945433 23.98138184 24.15489345 24.23523733 24.21430259 24.27099503 24.2530302 24.2342331 24.15844061 24.05218949 23.96022416 23.84760876 23.77495059 23.73266578 23.73457825 23.79326238 23.7807024 23.75110302 23.66128858 23.52840471 23.35203133 23.24537385 23.1192573 23.02154011 22.95270852 22.92521229 23.06057391 23.24109719 23.47491995 23.72566854 23.95016237 24.13960557 24.26932186 24.51949044 24.82655538 25.08560032 -9999
20.36583266 19.2582061 18.2340119 17.57473102 17.24895672 17.6996962 18.88487824 20.33106515 21.66443552 22.82017519 23.54184391 23.60259206 23.56304451 23.62692619 23.67256178 23.71766692 23.75204194 23.77056786 23.78218018 23.79683123 23.79306939 23.78788766 23.79078174 23.78299281 23.7792599 23.81101813 23.83648096 23.89912872 24.02513857 24.13892585 24.22310269 24.26245578 24.27019781 24.28697869 24.26110349 24.20652449 24.15421266 24.09075297 24.0233364 23.97330139 23.95482541 23.95832759 23.96959939 23.95696474 23.95300549 23.85964217 23.70358508 23.53159641 23.4206788 23.28671102 23.18819254 23.1311357 23.09311079 23.21423132 23.39701046 23.57024766 23.73661943 23.91031472 24.0298728 24.12398454 24.23897723 24.34662728 24.39069541 24.46904418
20.66367462 19.67849829 18.81677508 18.08851041 17.77413429 18.2040687 19.36452023 20.75537819 21.94324106 22.89881448 23.5247943 23.60977802 23.56927309 23.62915106 23.67595028 23.7189949 23.74604707 23.7684117 23.78096642 23.79466295 23.8079231 23.81565644 23.83009939 23.83528162 23.84431485 23.86783834 23.89003432 23.93335664 24.01670139 24.10883925 24.18701394 24.23991795 24.28117277 24.29507329 24.28406899 24.26049498 24.23639779 24.20993478 24.16126591 24.13118857 24.11514818 24.10806592 24.10102844 24.08945752 24.10231295 24.04750481 23.94051642 23.83540463 23.72886531 23.63387957 23.53694393 23.44803347 23.40903128 23.43712948 23.5318392 23.63044995 23.72530127 23.84068713 23.93923759 23.99858654 24.04441173 24.05107993 23.97498386 23.935164
21.0868498 20.22394522 19.48468537 18.74768061 18.35924872 18.73067292 19.81208947 21.08567409 22.14870443 22.97288492 23.5046656 23.59049323 23.58971166 23.65611624 23.7049311 23.74335447 23.75540172 23.76011721 23.77714324 23.78490232 23.8057902 23.83460852 23.85735842 23.87980224 23.90622787 23.93316818 23.95061192 23.99793094 24.05270224 24.11707575 24.18794913 24.2502209 24.31028704 24.3275161 24.32310938 24.31777787 24.31327559 24.31223916 24.27286806 24.25069449 24.24122611 24.20110298 24.18840561 24.16727081 24.19724009 24.17192809 24.13595358 24.15494697 23.99853996 23.99152584 23.89866653 23.73298867 23.74247084 23.6256309 23.61601082 23.6360599 23.6740141 23.75919504 23.82582849 23.89990627 23.8867111 23.82559669 23.74580979 23.61948762
21.34289326 20.63386807 20.11219983 19.35271159 18.98106503 19.27728136 20.20002437 21.34976007 22.2863715 23.00694057 23.5039333 23.61324888 23.6089966 23.67917873 23.72979988 23.7659897 23.77393812 23.77357048 23.77929929 23.78971625 23.81569787 23.85390311 23.89053322 23.91112986 23.93242681 23.96233237 23.98903004 24.03743884 24.08525418 24.14665307 24.21350636 24.27198639 24.33210374 24.36882219 24.36669292 24.36051092 24.35466875 24.35223256 24.32958844 24.31864447 24.27461607 24.2303312 24.21414708 24.18765779 24.19911516 24.1744182 24.13808421 24.13026871 24.02945483 23.98712318 23.89571763 23.7701412 23.7326245 23.63841126 23.62224785 23.6145921 23.60876921 23.65122681 23.69685219 23.7378956 23.71347848 23.63076088 23.50916212 23.39130315
21.43786766 20.78667195 20.42679997 19.79635675 19.41825885 19.70841772 20.59459899 21.62553867 22.46669827 23.11642045 23.53911793 23.61599045 23.63152394 23.69755548 23.75346345 23.78704524 23.78854923 23.79317357 23.79917196 23.80594302 23.83310319 23.87874597 23.92770082 23.92952646 23.93561216 23.96114983 23.9952625 24.05254556 24.09267858 24.16212377 24.22651489 24.27588645 24.34519817 24.37187842 24.40148465 24.39726898 24.3850943 24.36675156 24.35607291 24.306983 24.2611653 24.22607069 24.19772053 24.16567164 24.14001113 24.08632718 24.02040344 23.9556274 23.85255764 23.75926518 23.66888623 23.60010253 23.5486497 23.51076484 23.53459002 23.51493543 23.47909473 23.50745885 23.52478324 23.55388149 23.52334532 23.41920024 23.29522575 23.19034228
21.11031952 20.55259673 20.31770951 19.90728813 19.76696082 20.15279479 21.02791611 21.98405627 22.69370047 23.17662062 23.54225441 23.65525795 23.67020802 23.71559091 23.7331695 23.76475798 23.79674522 23.81972467 23.83679964 23.84546218 23.86771709 23.89864706 23.9219477 23.93064852 23.93339836 23.95025904 23.9711521 24.0085261 24.05246986 24.11193792 24.17813548 24.24225739 24.30216217 24.32939325 24.34602717 24.36208525 24.37551911 24.3689137 24.31530237 24.2520592 24.20646574 24.18806517 24.16920197 24.12286566 24.0604983 23.9607262 23.84374391 23.71808542 23.59342995 23.48777609 23.39524809 23.33895289 23.30939385 23.2871168 23.28885246 23.27956565 23.25984847 23.26612209 23.30869994 23.3419169 23.33869819 23.30123206 23.19802165 23.12295298
20.72090044 20.42225892 19.9764705 20.06431081 20.13633891 20.62017953 21.52611206 22.43733357 23.03076521 23.32582295 23.5844437 23.697427 23.73556334 23.75847007 23.73253382 23.75658927 23.8203071 23.8585785 23.88728503 23.89669083 23.90976074 23.92317301 23.92124676 23.93834106 23.93400483 23.93940891 23.94483939 23.94836681 23.99822557 24.04277087 24.1070408 24.18260394 24.25264801 24.26747932 24.2725063 24.29304588 24.32607892 24.34738296 24.2670923 24.18602613 24.13522327 24.13680909 24.13664479 24.04861899 23.96422729 23.83576595 23.66872048 23.47565542 23.36414882 23.23618518 23.13613269 23.09837149 23.04755818 23.02949449 23.0135587 23.0063846 23.00281265 23.00083295 23.10297891 23.1634944 23.19691577 23.22669732 23.20051048 23.20775804
20.92020399 20.53031745 20.55785006 20.50701444 20.6398609 21.10614522 21.89981764 22.84860928 23.2312184 23.48271875 23.7128027 23.76276574 23.79695058 23.81196957 23.80687802 23.83106387 23.86731444 23.91652745 23.93622517 23.94696934 23.95913528 23.96356579 23.96583609 23.964275 23.95516721 23.9481133 23.93703845 23.93664024 23.96473297 24.00629026 24.05757163 24.11541838 24.16490656 24.1950389 24.21682894 24.23605888 24.25420748 24.2533236 24.20100407 24.13586149 24.08766919 24.06663193 24.02445182 23.94161914 23.82115117 23.67305238 23.52690021 23.35903099 23.20734316 23.06152968 22.94444208 22.88453835 22.82707284 22.80119933 22.77678363 22.77784008 22.79781772 22.8357272 22.94267676 23.03159083 23.17947053 23.34977121 23.42658995 23.54664015
21.28835386 20.84861212 20.70447512 20.32251587 20.50349036 20.88108191 21.52916518 22.91031115 23.19930133 23.58436072 23.85360696 23.81287618 23.84967179 23.78391344 23.84096751 23.86909743 23.87597778 23.95278323 23.95215446 23.98492956 24.00362649 23.99968404 24.00955928 23.98994652 23.98134705 23.96666132 23.93946078 23.92712853 23.94980605 23.98110967 24.01906074 24.0530035 24.08437681 24.11163523 24.14338928 24.15791409 24.15556193 24.15717892 24.11147335 24.06974234 24.03223914 24.015627 23.94252743 23.84294138 23.68675221 23.53220077 23.40673613 23.26244589 23.11414212 22.95098872 22.82118952 22.74642805 22.64423661 22.61528773 22.58595234 22.59040221 22.6288409 22.69983527 22.85426488 23.00747848 23.29275582 23.49642214 23.52848429 23.64577674
21.81021195 20.82205051 19.92954215 19.28544305 18.90522098 19.12173528 19.97950947 21.24854872 22.56730852 23.75516436 24.28660966 23.97302059 23.60211495 23.65603643 23.79403335 23.85116868 23.83979161 23.83523271 23.92287887 24.01278807 24.05254428 24.03930144 24.00946259 24.01842073 24.01435583 23.99846748 23.9705121 23.94033595 23.95354915 23.97247779 23.98461411 23.9949508 24.00250713 24.01242106 24.02163881 24.0207311 24.01301029 24.00177421 23.97574583 23.95579828 23.94828213 23.97759254 23.94715468 23.78686531 23.57759785 23.40597191 23.29728935 23.18527653 23.05805316 22.93442564 22.79726533 22.67576204 22.57220389 22.48985666 22.43597373 22.45522029 22.52451223 22.64289455 22.84462993 23.10953916 23.30300489 23.54455891 23.70554536 23.76856401
21.68841212 20.54087751 18.9568766 17.93969273 16.94205737 17.06296387 18.06716861 19.56352637 21.85253627 23.77680607 24.51575284 24.11817266 23.40029226 23.49945856 23.79409223 23.88266028 23.82693246 23.75876304 23.89487365 24.05279364 24.11179449 24.08253655 24.0388467 24.07026642 24.08782854 24.07399875 24.03677634 23.97789677 23.97226205 23.96971146 23.95779147 23.94043973 23.92156524 23.90847654 23.89128054 23.87735509 23.86097833 23.84148237 23.82905489 23.82923486 23.84634435 23.92996224 23.9447118 23.72707315 23.46978741 23.29450445 23.19997253 23.10786673 23.00519353 22.91036081 22.76957509 22.62291707 22.49381609 22.39386905 22.32945049 22.35842442 22.45941904 22.64984133 22.95483615 23.12973029 23.33410687 23.68450765 23.9441706 23.96780814
20.85376039 20.08570832 18.33881127 16.74451169 15.40104068 15.26743844 16.29312865 18.26652965 21.27240557 23.72573082 24.76329623 24.36812288 23.32409795 23.44758881 23.94353611 24.03956798 23.92493836 23.80284444 23.92938847 24.08599876 24.14738468 24.16110654 24.1247112 24.17689072 24.23452968 24.22734478 24.1621659 24.07846169 24.03575288 23.98685709 23.93712862 23.90262705 23.84875745 23.81685213 23.7758449 23.73744352 23.71270286 23.68941724 23.68256163 23.68961729 23.73359766 23.8385917 23.83075066 23.67478481 23.41286487 23.2163832 23.11427451 23.01524809 22.90320823 22.80687843 22.67066639 22.51435756 22.39325042 22.31465292 22.28101042 22.36787268 22.5119456 22.76601871 23.10526609 23.27207453 23.56168518 23.90206921 24.13097352 24.20463253
20.38515517 19.78860429 18.02582774 16.14579186 14.0409224 13.66922286 14.74640388 16.92416815 20.60670053 23.63186445 24.85300948 24.348083 23.19582604 23.43622272 24.01544393 24.06739796 23.98372054 23.84677963 23.96417811 24.04898814 24.11170166 24.14981375 24.19893164 24.28100299 24.3640067 24.38734663 24.2990129 24.19716313 24.12662814 24.04966969 23.97155025 23.90605352 23.81888076 23.75795866 23.6889928 23.63344735 23.59021893 23.55155564 23.55650543 23.57368278 23.63943161 23.77050721 23.81423416 23.73276225 23.51123448 23.27059919 23.07625269 22.85897392 22.66388985 22.58697936 22.4749883 22.33793489 22.2899503 22.30693422 22.34705064 22.51538987 22.69692001 23.00087952 23.26570601 23.55541803 23.8802603 24.18039853 24.38988871 24.4530439
-9999 20.030737 18.68879676 16.12174872 13.01817849 12.11090829 13.20385147 15.7088611 19.73392956 23.16675275 24.65183116 24.26570118 23.18665741 23.44359465 24.0158122 24.08150225 23.97646424 23.89555891 23.92860807 24.01342819 24.0773525 24.11581204 24.17078181 24.26660379 24.36527848 24.4154641 24.40923168 24.32909792 24.25693968 24.18545466 24.07915608 23.97257743 23.84675126 23.75971568 23.66676277 23.56968146 23.49449374 23.43756347 23.43556085 23.48304151 23.57451004 23.72494145 23.8539696 23.86685761 23.82447774 23.56464884 23.05890041 22.58455544 22.45012218 22.31814825 22.22126968 22.21080075 22.18949746 22.32340068 22.54526819 22.78015959 22.88092952 23.06897496 23.47446217 23.98649562 24.3289943 24.49272253 24.61840876 24.69800908
-9999 -9999 19.27341381 16.50292799 12.5199547 11.21581693 12.12026012 14.58857324 18.6965032 22.50593274 24.1210421 23.95732739 23.18904314 23.49329983 23.9683323 24.0327213 23.93943369 23.86792897 23.90020401 23.97428972 24.03776769 24.08293793 24.14674111 24.24879538 24.34985355 24.40700048 24.40533457 24.39757585 24.39213213 24.33471873 24.22500489 24.09479273 23.94552653 23.8254342 23.70141292 23.56845336 23.44751113 23.35253056 23.33277556 23.38259917 23.48379551 23.66724766 23.81347139 23.86720321 23.76858687 23.53541543 23.13832945 22.6813344 22.55978253 22.40829161 22.29183593 22.28850125 22.2308352 22.33004914 22.56032232 22.78445804 22.88940779 23.11537784 23.61254032 24.22926661 24.62246503 24.736586 24.8353972 24.90972439
-9999 -9999 -9999 17.17575034 12.66184724 10.83412343 11.43607932 13.59911468 17.36802742 21.53963957 23.33577163 23.45996516 23.39186766 23.67418387 23.83424457 23.93568561 23.88081371 23.84389472 23.87473141 23.93065622 23.99500539 24.05644946 24.12910881 24.22433443 24.31477584 24.36655842 24.37763939 24.38295429 24.36136955 24.36068465 24.33416749 24.19969282 24.07926282 23.90174949 23.76671713 23.59094847 23.39984172 23.27232253 23.22034029 23.26089788 23.35216698 23.51324539 23.65527628 23.64150152 23.55522568 23.4255279 23.18789387 22.94348644 22.80575297 22.72084187 22.65869882 22.52196501 22.43687615 22.42525275 22.38025593 22.55579739 22.7954302 23.11217882 23.67092204 24.26813338 24.68049069 24.8951089 24.99903745 25.01952997
-9999 -9999 -9999 17.78540175 13.30592744 11.2143619 11.19088165 12.85287169 16.01813137 19.84915257 22.15873289 22.83814169 23.19456627 23.53166995 23.73025207 23.86717545 23.8391598 23.82574359 23.86444362 23.91105323 23.97308226 24.03720255 24.10669027 24.1935467 24.2603701 24.29688564 24.29690171 24.28302324 24.27091766 24.25225024 24.20782193 24.14742823 24.00317192 23.85957762 23.73263107 23.54223129 23.31158667 23.13187174 23.08033584 23.11340452 23.1867921 23.32793037 23.42140889 23.39416591 23.32714256 23.29439921 23.20579148 23.03556491 22.93144599 22.8589599 22.79563203 22.76098834 22.70549872 22.58690348 22.49514235 22.62604642 22.88402431 23.23450996 23.75082623 24.29246358 24.66754328 24.84639308 24.9439799 24.98215132
-9999 -9999 -9999 18.38343253 14.24910864 11.96745961 11.47120943 12.01455341 14.36770498 17.66010813 20.08734716 21.56133833 22.81458076 23.1850895 23.47849489 23.77654393 23.74601334 23.81840081 23.83139463 23.87991602 23.96226935 24.02992353 24.09630055 24.18806668 24.21497631 24.23073808 24.21693278 24.14345902 24.16703004 24.12458275 24.0614079 23.98228445 23.80598298 23.81771933 23.70600058 23.51035265 23.29110129 22.96366372 22.95664032 23.00203951 23.02852375 23.12129909 23.16537954 23.16535496 23.15934903 23.19609702 23.2271365 23.15272535 23.0475189 22.9947782 22.94467239 22.88876014 22.90021313 22.89952061 22.83858934 22.97531283 23.22989687 23.45943874 23.93857739 24.38726971 24.66148599 24.74805202 24.71271551 24.73947913
-9999 -9999 -9999 -9999 15.69114024 13.43568703 12.18289193 12.01794889 13.04830193 15.14687479 17.28461813 19.39468772 21.21173894 22.28347701 23.14596392 23.69282452 23.66191485 23.62535856 23.70372625 23.84440901 23.9765086 24.07402832 24.14227116 24.23394326 24.26466464 24.27065832 24.23868343 24.16366926 24.15957064 24.11588435 24.04877247 23.9681943 23.84787286 23.83429903 23.7879809 23.73112169 23.51208691 23.16791935 23.03267861 22.97991928 22.93748226 22.9531455 22.97852976 22.98502466 23.00503809 23.04822081 23.11765351 23.15825399 23.10278124 23.07777963 23.04528094 22.99594761 23.02758774 23.10162761 23.24290313 23.43993648 23.64160448 23.88380861 24.22950524 24.47663063 24.6006087 24.60661078 24.44482452 24.23105376
-9999 -9999 -9999 -9999 17.3238315 15.16634314 13.33241157 11.96216412 11.4673304 12.21746088 13.61619741 15.73836448 18.72107 20.61396089 22.45163487 23.5384509 23.31603622 23.28237155 23.57788924 23.81845512 24.04053058 24.16367276 24.24269822 24.34570397 24.39303081 24.39378563 24.34817287 24.27323097 24.23854059 24.20148281 24.1349058 24.0670518 24.00772426 23.96117785 23.94705683 23.8490267 23.71155129 23.49496577 23.15368869 22.9918318 22.84249867 22.77595931 22.80208731 22.78425701 22.81667785 22.88366023 22.94586582 23.03086635 23.10031985 23.11145051 23.10516129 23.05726629 23.07910261 23.26579654 23.57908486 23.85081346 24.00734268 24.18313203 24.31557244 24.46800338 24.46362975 24.3697577 24.18570138 23.80487717
-9999 -9999 -9999 -9999 -9999 17.14905375 14.27392587 11.53397959 9.8064004 9.154878887 9.705669797 11.36103728 14.0844564 17.48349601 20.79283201 22.5435669 22.94808872 23.145363 23.49718117 23.9147837 24.22102864 24.32331092 24.4021417 24.49536566 24.53788257 24.53786179 24.48610288 24.39214245 24.35330742 24.30213817 24.23549362 24.17128507 24.1133276 24.11685938 24.10151635 23.95467851 23.71167667 23.45895824 23.18099579 22.87146152 22.63457034 22.52648669 22.51282401 22.53292105 22.59710808 22.68673444 22.78637314 22.91404521 23.07228271 23.10864942 23.12174974 23.08625975 23.1336658 23.30892909 23.59866049 23.89486819 24.01414171 24.14160116 24.25355101 24.3392039 24.29885491 24.16376357 23.90068676 23.5080675
-9999 -9999 -9999 -9999 -9999 18.63351707 15.23222407 10.77690895 8.800060442 6.655612115 6.080952437 7.434960645 8.708227328 13.53891265 18.24384139 21.11557629 21.95382059 22.7836062 23.34494134 23.93855891 24.48580945 24.56270754 24.58718169 24.831932 24.74665856 24.74242036 24.67591372 24.54529264 24.54226028 24.46065533 24.37237365 24.28507201 24.19540902 24.18751102 24.23246264 24.03396708 23.66981043 23.27567864 23.08720798 22.70881057 22.399303 22.30155734 22.1844795 22.28331736 22.37984306 22.50160009 22.65561764 22.7827803 23.00742825 23.10069732 23.14268683 23.09115251 22.94976907 23.2586154 23.47104954 23.68654595 23.92316587 24.02810723 24.11158012 24.15615473 24.05337655 23.88565505 23.65164837 23.20079184
-9999 -9999 -9999 -9999 -9999 -9999 17.0219621 13.51385381 9.846828345 6.479669664 4.98560588 5.358214375 7.151313301 10.33795311 14.22460842 17.2240521 19.06202433 21.06745842 22.19196977 23.50261008 24.42116287 24.65370948 25.11383671 25.07008299 25.10393496 25.10449155 24.95911725 24.89144719 24.87690916 24.82198565 24.6972131 24.51518027 24.31389577 24.26463161 24.19369458 23.96388104 23.64911979 23.29454449 23.03484035 22.76086642 22.43252231 22.25332193 22.15630581 22.15101604 22.21580062 22.35336239 22.57532607 22.7776074 22.89228587 22.96534498 23.04813524 23.08082113 23.18973176 23.38410114 23.6237484 23.78770657 23.86843368 23.90234501 23.89746726 23.84720554 23.70049985 23.50653675 23.23261723 22.83000747
-9999 -9999 -9999 -9999 -9999 -9999 18.4103539 16.76375885 12.03387302 7.271158435 4.840818328 4.663338268 5.460804951 7.119926523 9.713876425 12.15193398 14.32056994 17.54158148 18.85899983 21.47687725 22.98867586 23.37482117 25.08874623 25.0024366 25.20010486 25.38609007 25.25031924 25.25023867 25.3000917 25.28754748 25.1425702 24.89758694 24.49013915 24.42192077 24.21978205 23.93356314 23.6483759 23.31784127 23.05459703 22.844827 22.53213183 22.32462671 22.16527613 22.13730149 22.12135998 22.21266095 22.47586061 22.77437452 22.67643422 22.63128357 22.7754177 23.03266363 23.37664026 23.51358266 23.77310301 23.86972682 23.75572973 23.76332684 23.64706905 23.52675515 23.33467499 23.10931388 22.80843626 22.34550297
-9999 -9999 -9999 -9999 -9999 -9999 -9999 18.32412635 14.20735484 9.157681824 5.922872076 4.589389827 4.10323227 4.215114799 4.641613472 5.906031704 7.762456145 9.865428453 12.37936395 14.90336578 17.46842396 19.59112094 21.7380223 23.41660202 24.70469672 25.52632068 25.56985082 25.63157474 25.61506947 25.61962988 25.58200565 25.51980365 25.31911623 24.88151932 24.35216995 23.90780965 23.62656004 23.36580814 23.09755848 22.83951551 22.58125677 22.44709512 22.35252327 22.25566598 22.17689621 22.20616681 22.34130944 22.39729203 22.42421881 22.39856051 22.55801569 22.88610547 23.19913722 23.38952968 23.49661565 23.51840734 23.41954874 23.34194344 23.31450031 23.29719411 23.0590547 22.67388804 22.25133005 21.80398232
-9999 -9999 -9999 -9999 -9999 -9999 -9999 19.76850286 15.99341284 11.09814292 7.456898041 5.241951629 3.227567258 2.094041209 0.505933305 0.768310346 2.247242911 2.956848581 5.827336025 7.770542214 10.71931822 14.17623454 17.2364993 20.5977986 23.59001182 25.1192592 25.42974544 25.73748267 25.82329673 25.90796393 26.04523839 26.16272027 25.96111849 25.28547373 24.55452669 23.90000186 23.6170471 23.37776244 23.04070269 22.78790343 22.57277008 22.50382264 22.51070699 22.40038646 22.30196824 22.32757666 22.38274158 22.27207347 22.39895004 22.31147267 22.4350221 22.76941736 23.01653002 23.08903788 23.10098564 23.07918644 22.97130892 22.86126905 22.92726369 22.99207054 22.73708134 22.22345607 21.670516 21.22909421
-9999 -9999 -9999 -9999 -9999 -9999 -9999 18.97818701 17.16282672 14.02948394 10.69984927 7.38723394 4.058805385 1.996443035 0.041931579 -0.744337545 -0.032932911 0.453017029 1.821802027 2.981240567 5.739687714 9.527153696 13.35158702 17.46301403 20.97750239 23.52890275 24.507774 25.13186617 25.48627048 25.87168765 26.12120263 26.23524913 26.18174986 25.35646794 24.43099455 23.79750988 23.4336503 23.19365992 23.01396695 22.8058912 22.67042862 22.62536116 22.50687579 22.62010554 22.65461198 22.7066519 22.83074994 22.83547453 22.72722279 22.59181969 22.57425439 22.67213845 22.75419167 22.802891 22.76762321 22.68454816 22.55565902 22.44196262 22.43004697 22.4189506 22.10764651 21.589899 21.07958099 20.57126953
-9999 -9999 -9999 -9999 -9999 -9999 -9999 -9999 17.89951293 16.59149093 14.03762788 10.57389576 6.552304154 4.397740864 1.706162582 0.178126971 0.131652761 -0.299340942 0.249164855 0.315460346 2.599684304 6.350908963 9.9839697 14.24985603 18.11469157 21.10082913 22.69407669 23.99180154 24.74131427 25.28560225 25.57056839 25.70767281 25.85197102 24.91060473 24.04710518 23.56203864 23.3478482 23.21439627 23.25587353 23.14225276 23.10289095 23.12512627 22.93748933 23.18184788 23.27986977 23.31900336 23.44237252 23.39087656 23.08045016 22.79681372 22.63576041 22.56507319 22.57676166 22.63012213 22.56870281 22.43978624 22.24903313 21.97299768 21.80066478 21.68445488 21.3127813 20.79767994 20.32303198 19.85349149
