meets/meet004/data/CCSM_21k_neotropic_bio03.asc
NCOLS 154 
NROWS 168 
XLLCORNER -112 
YLLCORNER -55.5 
CELLSIZE 0.5 
NODATA_value -9999 
[rows 87 to 115 of 168, columns 64 to 127 of 154]
-9999 -9999 -9999 -9999 -9999 -9999 -9999 -9999 -9999 55.84624298 69.95878826 72.49818519 70.43358851 67.05493322 64.44766852 63.02745796 62.19270714 62.51123148 63.16597083 63.8291059 64.21064213 61.67752927 60.75944584 61.88143009 62.50883013 63.47803494 64.1727748 63.9319899 63.60616923 63.11912054 62.58948666 61.8752614 61.34049588 61.09297046 60.76773934 60.34089948 59.97786964 59.44194437 58.90214988 58.42641117 57.98562313 57.61371026 57.34087001 57.2367638 57.14076576 56.8741909 56.47694123 55.99488862 55.93995896 55.85916866 55.88817606 56.08473865 56.25094582 56.01500176 55.58337009 55.64987974 56.15811727 56.64177306 57.08630068 57.20963304 56.81191044 56.24622457 55.47630667 55.00464209
-9999 -9999 -9999 -9999 -9999 -9999 -9999 -9999 -9999 -9999 -9999 70.64706592 76.25538044 71.85819218 68.56982575 67.03137788 65.69679775 63.42104064 63.6001247 65.08042474 65.57143397 63.22560536 61.17195406 61.20776975 59.7484569 60.1813535 62.90110998 63.59074745 63.43955993 63.30997023 62.95032259 62.43649522 61.81806735 61.51593966 61.1875944 60.78009783 60.478947 60.04722589 59.54829061 59.17206525 58.65545101 57.98619696 57.43384739 57.20400273 57.03356424 56.69282649 56.26377102 55.81768991 55.95681262 56.02450816 56.12171451 56.23572322 56.34189972 56.04659534 55.72610214 55.91104091 56.46992949 56.85716027 57.22716659 57.01362629 56.41719742 56.04551228 55.31929741 54.90213085
-9999 -9999 -9999 -9999 -9999 -9999 -9999 -9999 -9999 -9999 -9999 -9999 -9999 69.53599518 72.71887687 71.05351656 68.87984679 65.76630959 64.68584036 63.8383096 64.12473199 65.12248594 64.32308283 62.08502617 60.47295107 59.72454231 60.47868951 61.98125932 62.92198001 63.22370442 63.23162878 63.04852435 62.59293467 61.99053872 61.63423647 61.20343595 60.76157521 60.43160232 59.88742382 59.4184251 58.92822976 58.41261133 57.90614886 57.39088635 56.99242855 56.65641013 56.5329365 56.55663722 56.49207765 56.53036816 56.48761489 56.37950138 55.99590117 56.00006627 56.2074484 56.47909799 57.05269108 57.51089119 57.64008496 57.19073368 56.59874283 56.21239047 55.73493917 55.17754841
-9999 -9999 -9999 -9999 -9999 -9999 -9999 -9999 -9999 -9999 -9999 -9999 -9999 -9999 -9999 67.66920442 68.93364361 68.4075071 68.00542717 66.03511241 65.11022823 65.00555676 64.80470461 63.15711009 60.56271248 59.89169623 59.14683246 59.61589805 61.29395952 62.54291797 62.9376232 62.67887666 62.20721221 61.58739734 61.10831608 60.8759177 60.92884409 60.56452711 59.96937391 59.59281618 59.18259527 58.68088417 58.25761289 57.76688689 57.30787017 56.9500347 56.85837042 56.82567136 56.91495097 57.03709914 56.94687907 56.62554203 56.22991815 56.31225625 56.55017512 56.90506715 57.43289251 57.91920858 58.02348227 57.62296127 57.02476835 56.75014194 56.3194761 55.64183955
-9999 -9999 -9999 -9999 -9999 -9999 -9999 -9999 -9999 -9999 -9999 -9999 -9999 -9999 -9999 -9999 -9999 73.12011925 71.61210313 67.53961182 66.23481806 65.09282112 63.16366447 62.6870266 61.75309371 60.3652862 59.27587552 56.98666818 58.90665146 59.46415436 60.58574632 61.67118704 61.40520657 61.04111284 60.39761819 60.02789482 60.00412192 60.02116091 60.09827905 59.73448177 59.3947886 58.98141719 58.53805407 58.10703845 57.86004673 57.46052246 57.05571679 56.47148184 56.74436334 57.36608306 57.37365107 56.9957163 56.60975183 56.6586533 56.78198974 56.97840915 57.47576035 57.93683634 58.03255156 58.03687773 57.56955849 57.26304765 56.88057344 56.1060526
-9999 -9999 -9999 -9999 -9999 -9999 -9999 -9999 -9999 -9999 -9999 -9999 -9999 -9999 -9999 -9999 -9999 69.17717733 72.83964487 69.82663998 67.58525915 66.43290933 64.2216797 63.06515714 62.33346678 61.40638443 60.71131602 59.4538433 58.96424732 57.91955385 59.15632862 61.29322367 61.11139395 60.64549393 59.33967433 58.87291993 59.06998739 59.14041266 59.421702 59.46907348 59.50677988 59.15911947 58.6564625 58.35436389 58.23466919 57.80845254 57.27325222 56.40906161 56.60079762 57.35147859 57.57903728 57.30721573 56.94158397 56.77125185 56.77743083 56.77744618 57.12475749 57.54411397 57.7545318 57.86261398 57.58911512 57.42021554 57.12181784 56.43346086
-9999 -9999 -9999 -9999 -9999 -9999 -9999 -9999 -9999 -9999 -9999 -9999 -9999 -9999 -9999 -9999 -9999 -9999 -9999 72.38201057 70.26651056 67.78698128 65.85973175 63.39662634 62.48335945 61.87568325 62.03491033 62.75141336 61.75153142 59.5163571 59.1381004 60.49603511 61.30560779 60.10344389 57.93181776 57.30674397 58.20517715 58.57311391 58.80848309 59.31289496 59.48812703 59.16350432 58.58572984 58.63332183 58.647063 58.16720252 57.39662132 56.30505619 56.65814221 57.30943081 57.6271467 57.62466327 57.36101754 56.94270229 56.57616237 56.46099717 56.80029032 56.96168346 57.45423311 57.45274201 57.37232013 57.44263155 57.17736725 56.71306917
-9999 -9999 -9999 -9999 -9999 -9999 -9999 -9999 -9999 -9999 -9999 -9999 -9999 -9999 -9999 -9999 -9999 -9999 -9999 71.44574368 73.24099941 68.61833515 65.17843135 62.35237639 60.97951515 60.56630245 61.20742781 62.32727937 62.80652503 62.4975029 60.94844651 60.05784193 59.52902054 59.60841361 59.43542864 58.67003406 58.25197895 57.91158508 58.23345189 58.70342599 59.0397346 59.17974628 59.17637763 59.09110777 58.74295651 58.14124665 57.49157344 56.77120675 57.02445623 57.54369248 57.79315016 57.79544977 57.51673571 57.16293344 56.88704806 56.82651332 56.99665227 57.18843606 57.37165065 57.45824564 57.43412286 57.50473268 57.30693395 57.02887042
-9999 -9999 -9999 -9999 -9999 -9999 -9999 -9999 -9999 -9999 -9999 -9999 -9999 -9999 -9999 -9999 -9999 -9999 -9999 -9999 74.00669316 68.85864173 63.16240174 60.19393886 57.69444332 57.3736302 59.37298078 60.72854364 62.5725723 64.23133894 62.79604557 60.0844816 57.93061109 58.94886988 60.06249841 60.27922803 59.16419345 57.06377651 57.54316181 57.95924476 58.42241489 59.16818258 59.63381495 59.16117443 58.46210684 57.92732392 57.72021992 57.37600733 57.64753981 57.98426229 58.09216738 57.88664542 57.5464465 57.38867152 57.398182 57.37182979 57.36194446 57.35378315 57.54380989 57.73978376 57.78526704 57.76544496 57.55797816 57.48553621
-9999 -9999 -9999 -9999 -9999 -9999 -9999 -9999 -9999 -9999 -9999 -9999 -9999 -9999 -9999 -9999 -9999 -9999 -9999 -9999 74.16841606 69.18300197 62.82760851 57.67650465 53.93633935 53.53982776 56.84644064 59.39567178 62.13134112 64.52624883 64.25072398 60.56806213 58.42826541 58.70273012 60.01911556 60.1864675 59.31139528 58.21906514 57.80268914 57.40446464 57.84304965 58.95574759 59.56887755 59.1150597 58.16926758 57.96169649 58.08445571 58.11275146 58.22176238 58.20538282 58.10767955 57.91239132 57.73137974 57.65502602 57.66272176 57.67035125 57.64176471 57.64416989 57.80972878 57.97022498 58.03925202 58.16265879 58.17158061 58.16895197
-9999 -9999 -9999 -9999 -9999 -9999 -9999 -9999 -9999 -9999 -9999 -9999 -9999 -9999 -9999 -9999 -9999 -9999 -9999 -9999 75.10941358 69.47899139 62.69364707 55.95533677 50.08624946 49.75871082 55.37722795 58.42722997 61.7165979 65.09069751 65.22373187 60.80570558 58.04414083 58.39798689 59.64608549 59.83312687 59.14918711 58.78433803 57.66877524 56.70702574 57.33145936 58.70882328 60.00501591 58.86231971 57.81236999 57.64397871 58.33154079 58.54593045 58.35237234 58.17700287 58.04136484 58.0391995 57.92100326 57.90938958 57.92497042 57.99996675 58.04132989 58.01851851 58.26095465 58.38641724 58.50260627 58.83868446 58.88084195 58.81763627
-9999 -9999 -9999 -9999 -9999 -9999 -9999 -9999 -9999 -9999 -9999 -9999 -9999 -9999 -9999 -9999 -9999 -9999 -9999 -9999 74.22505936 69.26350889 60.69170208 54.43061097 50.10432508 50.09100427 55.07452234 58.57933981 62.07949985 65.16178449 64.92561909 60.79421764 58.2349888 57.9335479 58.87915472 59.04900356 58.65574551 58.27351529 57.86710386 57.73016967 58.04728531 58.36113852 58.14327348 58.01077391 57.94773677 58.0991919 58.54698757 58.93512429 58.6703931 58.36535158 58.16018056 58.17442583 58.25963535 58.26656879 58.28377324 58.44913255 58.72121995 58.93603165 59.0269426 59.17614063 59.36353878 59.6073029 59.65255523 59.43912203
-9999 -9999 -9999 -9999 -9999 -9999 -9999 -9999 -9999 -9999 -9999 -9999 -9999 -9999 -9999 -9999 -9999 -9999 -9999 -9999 73.59897632 68.25457857 58.4760599 53.52390283 50.2803213 50.73281402 55.83778969 59.20279648 61.960507 65.20757504 64.12072632 59.85127564 57.22560625 56.98304263 57.65676242 57.82716067 57.64414434 57.49664147 57.40036065 57.88325092 57.89659964 56.85032223 55.85103247 57.58429447 58.2869806 58.61650055 58.87915604 58.83189241 58.87439371 58.62179704 58.3586324 58.4172136 58.60892538 58.5525175 58.65503273 58.95748873 59.40034049 59.81754597 59.8370724 59.96416151 60.10517073 60.16924152 60.28295901 59.70532024
-9999 -9999 -9999 -9999 -9999 -9999 -9999 -9999 -9999 -9999 -9999 -9999 -9999 -9999 -9999 -9999 -9999 -9999 -9999 -9999 73.02561755 67.07491242 57.46934722 53.1738333 51.61065284 52.35532909 56.23480245 58.61268577 61.56830538 64.530528 62.31901872 58.4039007 55.86059943 55.37909276 55.98688793 56.27080421 56.38986789 56.30237222 55.87908145 55.25059628 55.28450876 55.8106502 56.7244813 57.72023778 58.42713616 58.78888124 58.98375709 58.97631338 58.82220595 58.68013836 58.58289438 58.66623123 58.65779508 58.80488007 59.06510274 59.49400526 59.88033286 60.21150864 60.34014736 60.43468385 60.34794039 60.17913485 59.97629371 59.62803482
-9999 -9999 -9999 -9999 -9999 -9999 -9999 -9999 -9999 -9999 -9999 -9999 -9999 -9999 -9999 -9999 -9999 -9999 -9999 -9999 72.8908077 65.69761138 56.07858837 52.86252917 52.18572171 52.99259244 56.19228713 58.1022717 60.7131648 63.72221726 60.62401642 56.68828627 53.98672004 53.48729081 54.00146884 54.37749902 54.77364567 55.04584185 54.20685096 52.82608351 52.98399975 54.78239742 56.87878842 57.3405922 57.78584842 58.37881139 58.91649357 58.92782272 58.87095436 58.68053931 58.57671358 58.57172663 58.60190537 59.05529416 59.48586668 59.72384298 59.8354081 59.82696167 60.01771396 60.16505715 59.60476629 58.95480702 58.61918272 57.97155481
-9999 -9999 -9999 -9999 -9999 -9999 -9999 -9999 -9999 -9999 -9999 -9999 -9999 -9999 -9999 -9999 -9999 -9999 -9999 71.66659487 72.68701531 65.04024115 55.94352813 52.72359119 52.12320786 52.85498709 55.74168069 57.18736917 60.06018603 62.35136244 59.20755898 55.42332971 52.73839397 51.95069403 51.89958808 52.34904151 53.31576594 53.71783755 53.12770114 52.21403895 52.36358526 53.7062004 55.20330841 56.14836348 56.81075304 57.39503508 58.12113275 58.66055839 58.66203858 58.37593083 58.34407165 58.47806414 58.77071023 59.17923865 59.49884333 59.75423906 59.97180804 59.75951138 59.03373134 58.17304356 57.38426782 56.74389061 56.13510546 55.89143906
-9999 -9999 -9999 -9999 -9999 -9999 -9999 -9999 -9999 -9999 -9999 -9999 -9999 -9999 -9999 -9999 -9999 -9999 -9999 71.83991628 72.26956193 63.81822186 55.17981783 52.02953975 51.35451983 52.04434477 54.92590725 56.62804557 59.56854824 61.42029868 58.4848088 54.83480529 51.98734951 51.12352671 50.82280686 51.19720075 52.37106622 53.01743927 52.62294598 51.89729191 51.97512518 52.8891669 53.99498865 55.03234386 55.57434138 56.33194554 57.30586991 57.89907739 57.76233891 57.36896216 57.40665018 57.78386599 58.21081812 58.79507774 59.33851373 59.44819865 59.24890985 58.82302541 57.81530581 56.56707998 55.58351217 54.91658532 54.1169961 54.04587931
-9999 -9999 -9999 -9999 -9999 -9999 -9999 -9999 -9999 -9999 -9999 -9999 -9999 -9999 -9999 -9999 -9999 -9999 -9999 71.29150272 70.88344005 62.97586008 54.63710997 51.33918497 50.2759881 50.91216203 54.09124878 56.46017376 59.78641851 61.04854339 58.33555112 54.93726909 52.48246799 51.37037378 51.35139345 51.59354336 52.12168746 52.61730479 52.24680831 51.79938615 51.7668661 52.30197196 53.26061473 53.99288759 54.88995412 55.67075045 56.45451646 57.0662117 56.92454992 56.57131077 56.60888806 56.86774989 57.29038023 57.84425033 58.31521558 58.33010263 58.04039272 57.41663718 56.5440588 55.54350234 54.64037611 53.8870386 53.47799544 53.12177235
-9999 -9999 -9999 -9999 -9999 -9999 -9999 -9999 -9999 -9999 -9999 -9999 -9999 -9999 -9999 -9999 -9999 -9999 -9999 69.86969693 68.50247383 60.41255991 52.51421945 49.84009875 48.85571059 49.84276121 53.66119821 57.00293809 60.20633572 60.53903378 57.92039357 54.66638141 52.372773 51.40335706 51.64177351 51.65806376 51.64576906 51.80324366 51.3394438 51.09582265 51.05850865 51.18429832 52.01039095 52.81876791 53.8773975 54.76030691 55.51332689 56.08038474 56.01432599 55.76230812 55.84113844 56.13871624 56.38819836 56.76909962 56.96730561 56.83942121 56.4834771 55.80488517 55.01315231 54.12110269 53.44804834 53.09902717 52.68582868 52.28158916
-9999 -9999 -9999 -9999 -9999 -9999 -9999 -9999 -9999 -9999 -9999 -9999 -9999 -9999 -9999 -9999 -9999 -9999 -9999 66.98368131 65.35464842 57.30928978 50.20743676 47.8974896 47.5854193 48.70676583 53.66773706 58.44571826 60.80450455 59.7013016 56.9746234 53.7356302 51.53461142 51.15924365 51.33490041 51.25709658 51.06857897 50.39523417 50.405138 50.09949967 49.88598004 49.94232172 50.15364785 51.28173973 52.51150426 53.59949669 54.34130935 54.77281765 55.03430042 55.21797687 55.48213979 55.7935051 56.02252488 56.00463794 55.70452067 55.40211349 55.1205004 54.49682182 53.72794244 52.7373179 52.29102508 52.08922025 51.86041641 51.31877339
-9999 -9999 -9999 -9999 -9999 -9999 -9999 -9999 -9999 -9999 -9999 -9999 -9999 -9999 -9999 -9999 -9999 -9999 -9999 63.38006673 61.83680058 54.8814369 48.87684243 46.87542583 46.6034684 48.52320697 53.54341708 59.11439185 61.24427329 58.43586254 55.62905901 52.74430832 50.92153292 50.73794694 50.96433085 50.99477731 50.88335167 50.36813745 50.29963369 49.88920875 49.47839069 49.17223116 49.06789868 50.02904479 51.26953397 52.37922862 53.24877721 53.72822288 54.21900288 54.66892409 55.06582866 55.45088967 55.57278732 55.41902339 54.94639264 54.60456222 54.41247853 53.79615446 52.90316435 51.97512968 51.27912638 50.78345552 50.51863733 50.36274966
-9999 -9999 -9999 -9999 -9999 -9999 -9999 -9999 -9999 -9999 -9999 -9999 -9999 -9999 -9999 -9999 -9999 -9999 -9999 59.44588801 58.59294066 52.9105886 48.51429301 47.03449489 46.74019612 48.88535338 53.90950245 59.10748706 60.11828233 56.52099052 53.92185122 51.5330467 50.34701084 50.2580661 50.73108377 50.9408233 51.00691289 51.17043655 50.70104135 50.31246592 49.71318017 48.80919732 48.54133287 49.29180328 50.38025343 51.37102257 52.18651538 52.84410845 53.49934086 54.12944236 54.67599599 55.00314002 55.10204266 54.9206858 54.62605652 54.29648441 54.07201592 53.70598968 52.61099679 51.26953002 50.62826646 49.62628527 48.94261924 -9999
-9999 -9999 -9999 -9999 -9999 -9999 -9999 -9999 -9999 -9999 -9999 -9999 -9999 -9999 -9999 -9999 -9999 -9999 -9999 56.22683134 56.280371 52.26152888 49.21859606 48.34236725 48.4865661 50.6353721 54.75250953 58.55465704 57.57816653 53.55853442 51.16307796 49.73955993 49.36227328 49.57277066 50.18244862 50.54000936 50.64526454 50.70582797 50.34151206 49.83534398 49.26141704 48.56294458 48.37456758 48.87511805 49.70599355 50.55541987 51.32028583 52.04503726 52.87455418 53.69556062 54.29293364 54.61261275 54.6554148 54.52262572 54.24653718 53.97246949 53.77015708 53.30443516 51.94081467 50.72594671 50.09286849 49.14489163 48.56029736 -9999
-9999 -9999 -9999 -9999 -9999 -9999 -9999 -9999 -9999 -9999 -9999 -9999 -9999 -9999 -9999 -9999 -9999 -9999 50.85850388 53.52520145 54.33842551 51.88846005 50.41675652 50.28356403 51.13461602 53.00587881 56.06812344 58.85306098 54.71865396 49.83996779 47.71977885 47.61344017 47.9588814 48.39200732 49.27778108 49.72297311 49.56317145 49.58146908 49.1454557 48.64143047 48.29623355 48.17600022 48.29264599 48.6221811 49.17907073 49.87637898 50.58626044 51.18681755 52.30018979 53.34216686 54.0026835 54.19911258 54.26645018 54.09134526 53.80135073 53.50649465 53.19807709 52.68452012 51.55245193 50.38674754 49.83821094 49.03109074 48.55319557 -9999
-9999 -9999 -9999 -9999 -9999 -9999 -9999 -9999 -9999 -9999 -9999 -9999 -9999 -9999 -9999 -9999 -9999 -9999 49.6929852 52.00096414 52.28205589 51.5121456 51.40458825 52.28683428 53.94145963 55.40102288 56.75112208 56.69494234 52.06180741 47.89482337 45.83024452 45.53293035 46.01953946 46.64639803 47.39729297 47.89985373 47.87146508 47.82735819 47.78702849 47.82408441 47.81729118 47.80765454 47.98218033 48.40681791 48.98685893 49.66157479 50.12329524 50.7534103 51.77385038 52.84955898 53.48121278 53.70828133 53.7300956 53.59717919 53.23900457 52.84845677 52.44725415 51.79280039 50.66049442 49.68597727 49.28623976 48.74597863 47.8982171 -9999
-9999 -9999 -9999 -9999 -9999 -9999 -9999 -9999 -9999 -9999 -9999 -9999 -9999 -9999 -9999 -9999 -9999 -9999 49.46001489 49.38748645 49.67576399 50.57601698 51.85894184 53.56321786 56.23097677 56.27591241 55.82730211 54.23623923 49.40979833 46.07924868 44.39726024 43.74416052 43.88302601 44.56948967 45.30591961 45.79832683 45.91770461 45.99452204 46.48174503 47.14366753 47.51448378 47.47992068 47.56690179 48.09614758 48.83828362 49.34616856 49.68389502 50.30748525 51.1306729 52.10667214 52.71751495 52.87464795 53.05978409 52.85300681 52.57630788 52.24869789 51.75670095 50.99929864 50.25134788 49.29116826 48.79504997 48.25120728 46.89717556 -9999
-9999 -9999 -9999 -9999 -9999 -9999 -9999 -9999 -9999 -9999 -9999 -9999 -9999 -9999 -9999 -9999 -9999 -9999 48.22607945 46.20453092 47.00610072 49.65834909 51.88711007 54.02601739 55.80205684 54.46473635 51.84933649 48.06528718 45.37745731 44.14553862 43.01814904 42.27022876 42.00482295 42.59562178 43.41273228 43.93131771 43.92597001 44.11300473 45.1617459 46.3877883 47.08214611 47.20127597 47.28789067 47.67637242 48.24493885 48.75653962 49.12939008 49.628878 50.28517948 50.94938842 51.44965107 51.69921827 51.79648484 51.78501044 51.63599277 51.49002481 51.30974391 50.83681081 50.11295765 49.41614927 48.96855055 48.10949052 46.15925271 -9999
-9999 -9999 -9999 -9999 -9999 -9999 -9999 -9999 -9999 -9999 -9999 -9999 -9999 -9999 -9999 -9999 -9999 50.74647274 47.66079586 43.82463432 44.845162 48.99218906 51.90580955 53.35191555 53.99904933 51.69574466 46.89724686 41.27634969 41.61083764 42.14764009 41.75847003 40.91597557 40.0468395 41.30224048 42.04132591 42.40381498 42.27655248 42.01801783 43.79401128 45.65187615 46.64115498 46.8027883 46.8891359 47.20646306 47.53955542 47.99364819 48.46512193 48.85898166 49.39181687 49.73664433 50.12686938 50.41238727 50.51570288 50.68525449 50.6827357 50.7190073 50.91305954 50.95589666 50.33732536 49.55038627 48.91956321 47.47857892 -9999 -9999
-9999 -9999 -9999 -9999 -9999 -9999 -9999 -9999 -9999 -9999 -9999 -9999 -9999 -9999 -9999 -9999 -9999 49.03095672 47.23247703 45.11488972 46.03596752 48.93785005 51.3654849 51.96699196 50.85638068 47.85672282 43.14538698 39.61493492 39.298221 40.17545234 40.34990569 40.23901351 40.0180262 40.72486115 41.33715741 41.63183689 41.31924935 41.36852104 42.97882685 44.75497024 45.86332735 46.2944046 46.39637468 46.72676276 47.0396978 47.42128522 47.81552162 48.16847313 48.54617258 48.79316077 49.07954997 49.34529567 49.5460073 49.75534884 49.89664983 50.23704851 50.65217298 50.68394299 49.92892886 48.86569498 47.6873334 -9999 -9999 -9999
