meets/meet004/data/CCSM_0k_neotropic_bio06.asc
NCOLS 154 
NROWS 168 
XLLCORNER -112 
YLLCORNER -55.5 
CELLSIZE 0.5 
NODATA_value -9999 
[rows 84 to 111 of 168, columns 64 to 127 of 154]
-9999 -9999 -9999 -9999 -9999 -9999 -9999 17.58465194 11.96482459 5.330716697 0.985432136 -0.64082024 -1.835493772 -3.597913972 -5.228599041 -5.024429887 -3.640796856 -2.206311209 0.433999171 2.664873353 5.602202011 8.581379003 11.05795325 14.03778603 16.63068441 18.0042778 17.98737038 18.00640978 18.06618727 18.21138201 18.35835413 18.56765053 18.46117749 17.3796144 16.11884605 15.23121285 14.89837436 14.68733631 14.42311174 14.28295199 14.17995376 14.19106638 14.28638052 14.32109564 14.24651325 14.34881652 14.4814998 14.35325241 14.69739119 14.84656975 15.28098066 16.01061803 16.77868648 16.96088374 17.13003521 17.25164996 17.186363 17.1716887 17.33153523 17.51198569 17.35483096 16.90298811 16.43641739 16.02118571
-9999 -9999 -9999 -9999 -9999 -9999 -9999 17.12809501 13.79251751 9.123711828 4.791625244 1.10810014 -2.615426652 -4.878517224 -7.266594643 -8.177278166 -7.303427882 -6.648568407 -4.544308949 -2.743379672 0.34353916 4.198058647 7.858869449 11.42196086 14.12764692 16.1716916 16.98850362 17.52704533 17.76161501 18.15213979 18.52587728 19.00697544 19.13354284 17.76696982 16.15215569 15.16797451 14.72592893 14.55585372 14.46199154 14.35303503 14.35400593 14.45344646 14.48980266 14.82475556 15.06795184 15.24219197 15.35423568 15.40862113 15.43422909 15.54178706 15.80144549 16.16689212 16.54977006 16.76142923 16.84533847 16.8505249 16.74223497 16.69350757 16.77851029 16.88812657 16.67914591 16.22118433 15.77243682 15.35246634
-9999 -9999 -9999 -9999 -9999 -9999 -9999 -9999 15.33564704 12.72732533 8.978214113 4.482724992 -0.776877835 -3.098069026 -6.427924518 -8.138961369 -7.996026466 -8.581602421 -6.880709806 -5.83849684 -2.928251371 1.277896832 4.924793063 8.736839295 11.57619349 13.93123457 15.35327833 16.51844686 17.08028313 17.6331839 18.00246068 18.47548815 18.94226642 17.32845748 15.79970674 15.01292335 14.7303971 14.666337 14.81422669 14.81012726 14.92384581 15.12355814 15.13568386 15.6640201 16.09692606 16.30452526 16.38498177 16.37263945 16.13902975 16.03743798 16.07379335 16.14825154 16.38398075 16.58309742 16.5877626 16.52698751 16.35209912 16.14281097 16.09402285 16.09605531 15.82753862 15.37601764 14.96879143 14.63870731
-9999 -9999 -9999 -9999 -9999 -9999 -9999 -9999 -9999 15.40020536 12.90055449 9.613136052 6.043992414 2.227839328 -1.147255213 -3.87140879 -5.479828179 -6.605378215 -6.575851243 -5.8226195 -3.818042092 -0.755628961 2.622198045 5.710996726 8.435433033 11.15519548 13.1506391 14.84258241 15.8910871 16.53471121 16.97176503 16.89279644 16.37970413 16.01439424 15.38369523 15.04659157 15.08984056 15.29748292 15.45391686 15.75119558 16.00939287 16.1899177 16.56718772 16.7798967 17.10790536 17.22516179 17.12550353 16.96587997 16.49492868 16.03134256 15.89793893 16.08252038 16.33664488 16.4448621 16.44792435 16.27479061 15.96313907 15.62566223 15.3756697 15.08752419 14.75371559 14.43324639 14.07023149 13.88264553
-9999 -9999 -9999 -9999 -9999 -9999 -9999 -9999 -9999 -9999 -9999 13.73924258 11.60455262 8.163398724 4.932758284 1.438175828 -1.602081359 -4.061655062 -5.381028572 -5.697543143 -4.543306671 -2.578343509 0.089712055 2.788740696 5.145874486 8.144017324 10.68284737 12.86077391 14.48767896 15.41993401 15.96287342 15.83762726 15.14739989 15.36812214 15.27753851 15.23208345 15.52117873 15.74554699 15.88876031 16.28757369 16.62684401 16.91099421 17.41824933 17.50742882 17.696798 17.70130017 17.48864613 17.30803646 16.69040661 16.05701699 15.89355577 16.10024686 16.36500209 16.37419097 16.28450065 16.0394287 15.62829485 15.17381911 14.79406168 14.37141093 13.98451945 13.75392023 13.42021051 13.31598291
-9999 -9999 -9999 -9999 -9999 -9999 -9999 -9999 -9999 -9999 -9999 -9999 -9999 12.90271592 10.75004282 7.309555469 2.978126889 -1.33948206 -3.392232772 -5.166524129 -5.689809893 -4.223507742 -2.881801746 -0.469319174 2.284010259 5.075868371 7.736278342 10.43164569 12.34047647 14.02735479 15.19758021 15.39353708 15.82745411 15.76336805 15.60368527 15.75647099 15.76163252 15.91030865 16.01125124 16.13238028 16.49601787 17.02949727 17.49028573 17.6426587 17.65879915 17.63158098 17.59537548 17.36849777 16.89196154 16.36891137 16.10675838 16.28544186 16.33278522 16.06433508 15.92966817 15.55518057 15.056302 14.74238084 14.31079182 13.97134685 13.6647009 13.4018381 13.18219945 13.04155353
-9999 -9999 -9999 -9999 -9999 -9999 -9999 -9999 -9999 -9999 -9999 -9999 -9999 -9999 -9999 12.05158797 8.374066142 4.08319148 0.618895374 -2.942801694 -4.784756951 -4.798194715 -4.267965478 -2.75740595 -0.98648796 1.446270447 4.125108317 6.992275886 9.301859528 11.45638585 13.2609914 14.41016485 15.44367656 15.83313643 16.00027099 16.1070206 16.07821805 16.03970671 16.03528806 16.13480679 16.45869218 16.98284461 17.42495498 17.53814409 17.53159656 17.5545213 17.61056186 17.45958616 17.17697832 16.75998587 16.4107029 16.24266015 15.95009271 15.36618932 14.89234954 14.41340686 14.00563614 13.85676963 13.67636107 13.5518721 13.41594094 13.29193773 13.0964172 12.96378212
-9999 -9999 -9999 -9999 -9999 -9999 -9999 -9999 -9999 -9999 -9999 -9999 -9999 -9999 -9999 -9999 -9999 12.37690275 6.619489913 1.091755457 -2.417130138 -3.608906245 -4.042248408 -4.332999805 -4.073514557 -2.552586565 0.145959793 2.75575679 5.470830859 7.700207392 10.20637496 12.18869304 14.04668808 15.2402683 16.0170136 16.49656552 16.30801183 16.12793775 16.12845473 16.31644736 16.5900705 16.95440479 17.35504104 17.42760036 17.39313775 17.49716544 17.71138284 17.6521852 17.44222629 17.20253745 16.71383645 16.02973656 15.17621369 14.37981503 13.33206377 12.76350535 12.77417064 12.59397332 12.93449198 13.17023375 13.23596558 13.23508035 13.10445215 12.97602746
-9999 -9999 -9999 -9999 -9999 -9999 -9999 -9999 -9999 -9999 -9999 -9999 -9999 -9999 -9999 -9999 -9999 15.62423478 11.13113503 5.958509989 1.81574931 -1.194501433 -3.413478285 -4.922565827 -5.558512871 -4.801544265 -2.711490005 -0.501888912 1.981010361 4.1641101 6.912048448 9.622965108 11.92810792 14.09794398 15.61975981 16.49270562 16.44465661 16.11227589 16.07620259 16.21542995 16.44424201 16.75180946 17.07602444 17.22174787 17.32067982 17.50331703 17.7205818 17.67189535 17.53527399 17.28415195 16.70029608 15.82699431 14.71596642 13.68694411 12.6564318 12.10665559 12.2021258 12.26409182 12.66747665 12.91896099 13.06380329 13.15491802 13.11125837 12.98008807
-9999 -9999 -9999 -9999 -9999 -9999 -9999 -9999 -9999 -9999 -9999 -9999 -9999 -9999 -9999 -9999 -9999 -9999 -9999 10.79723898 6.523234095 1.581237266 -2.766035843 -4.75329363 -5.622979008 -5.700347786 -4.490463312 -3.012094282 -0.524429698 1.509795159 4.267142121 7.011504587 9.576624395 12.61445311 14.9305963 16.31766965 16.28697122 15.96866351 16.01823276 15.9586255 16.12973774 16.47536308 16.70241725 17.06767347 17.30691948 17.52572651 17.6724783 17.5387342 17.35457444 17.14663304 16.55282359 15.63841909 14.5490424 13.62645482 12.74232745 12.28732892 12.45320781 12.6556781 12.83547661 12.9134914 13.03500526 13.20958955 13.15029008 12.87014846
-9999 -9999 -9999 -9999 -9999 -9999 -9999 -9999 -9999 -9999 -9999 -9999 -9999 -9999 -9999 -9999 -9999 -9999 -9999 12.8565479 9.085987485 3.992754838 -0.567384517 -3.653405041 -5.171599838 -5.689972875 -4.886615845 -3.453538497 -1.571736873 0.331296763 2.863194683 5.396887999 8.014756429 11.32299145 14.11065549 15.85225265 16.18620565 15.97096188 16.01299342 15.99841384 16.16530252 16.44343027 16.75572246 17.14987289 17.45181837 17.61920469 17.55839563 17.31512452 17.01720958 16.6848133 16.16907446 15.53450396 14.79935094 14.05918942 13.43147833 13.08335419 13.12782005 13.25374964 13.34532231 13.42401572 13.43817101 13.45790227 13.28247907 12.72877788
-9999 -9999 -9999 -9999 -9999 -9999 -9999 -9999 -9999 -9999 -9999 -9999 -9999 -9999 -9999 -9999 -9999 -9999 -9999 -9999 10.630844 6.013825839 1.484289028 -2.304266172 -4.615927384 -5.62966558 -4.814050694 -3.216486953 -1.704458729 -0.064266403 2.18330786 4.337366214 6.899575134 10.34453255 13.45326518 15.47953217 15.92688559 16.13686385 16.10388322 16.09369711 16.32580114 16.63366011 16.98769658 17.28939506 17.64977035 17.69039121 17.39316618 17.03469059 16.52059732 16.05798253 15.6611616 15.39184544 15.13258035 14.60064752 14.23750456 13.97618386 13.83805617 13.8372684 13.84870521 14.00760786 13.83699477 13.55354679 13.44955204 12.32183444
-9999 -9999 -9999 -9999 -9999 -9999 -9999 -9999 -9999 -9999 -9999 -9999 -9999 -9999 -9999 -9999 -9999 -9999 -9999 -9999 11.36120946 7.045137524 2.582877551 -1.553990344 -4.301180464 -5.500890866 -4.783315294 -3.069103855 -1.637475014 -0.052643959 2.00689623 3.848775214 6.231573976 9.618524895 12.81506231 14.90342115 15.48608742 15.6295187 16.05275601 16.43307809 16.74269239 16.8538901 16.95083397 17.23416073 17.56698005 17.48540596 17.11839876 16.58460437 15.84993539 15.20680409 14.88855299 15.00544326 15.18454754 14.9919915 14.76738314 14.55528002 14.37065858 14.30062589 14.13328714 13.9713545 13.54716084 13.01051912 12.35549433 11.40799476
-9999 -9999 -9999 -9999 -9999 -9999 -9999 -9999 -9999 -9999 -9999 -9999 -9999 -9999 -9999 -9999 -9999 -9999 -9999 -9999 11.92794893 7.700850652 3.053384603 -1.407450273 -4.587172376 -5.938999256 -4.987093663 -3.107980532 -1.564464828 -0.010781966 1.917974587 3.429741707 5.459277301 9.156811906 12.43070807 14.51775572 14.91991818 14.9741368 15.79006262 16.64938306 17.05130143 16.92202376 16.69132388 17.05206549 17.32428708 17.12553184 16.64378678 15.99506536 15.04954914 14.14960243 13.95979665 14.59264393 15.19793247 15.04251595 14.97700504 14.84194526 14.63143007 14.5995055 14.13430423 13.68078811 12.99277091 12.18987956 11.09033856 10.50459401
-9999 -9999 -9999 -9999 -9999 -9999 -9999 -9999 -9999 -9999 -9999 -9999 -9999 -9999 -9999 -9999 -9999 -9999 -9999 -9999 11.93116807 7.502428985 2.710598998 -1.699904519 -4.826606091 -6.161944137 -5.327670679 -3.464632041 -1.724563704 0.1007749 2.087716466 3.561417304 5.628767387 8.960513597 12.21663536 14.21845835 14.54390864 14.5870639 15.35562674 16.19356933 16.66012801 16.70587698 16.68633301 16.76871178 16.81253796 16.51133518 15.94801804 15.24206848 14.37575065 13.70947614 13.56184484 14.02847736 14.59839067 14.73938284 14.7703072 14.68578858 14.483921 14.23997966 13.80036932 13.27421076 12.54478934 11.66597337 10.77789386 10.03183658
-9999 -9999 -9999 -9999 -9999 -9999 -9999 -9999 -9999 -9999 -9999 -9999 -9999 -9999 -9999 -9999 -9999 -9999 -9999 -9999 12.03066633 7.158670386 2.007163594 -2.216961731 -5.336464078 -6.563382993 -5.467434444 -3.850082984 -1.722777053 0.292653469 2.320914659 3.666469599 5.548087775 8.979176743 12.29062074 14.19408579 14.20072619 14.09780846 14.88690639 15.70645482 16.16073724 16.27726621 16.35484611 16.2923552 16.2317395 15.84692469 15.18890445 14.42843426 13.77779595 13.22936911 13.08421864 13.44668141 13.94322011 14.02702824 14.20916696 14.22430741 14.05708857 13.79953089 13.39188414 12.81647459 12.10625513 11.2340302 10.49009058 9.78653502
-9999 -9999 -9999 -9999 -9999 -9999 -9999 -9999 -9999 -9999 -9999 -9999 -9999 -9999 -9999 -9999 -9999 -9999 -9999 -9999 11.94595115 6.645548081 1.229436754 -2.79856108 -5.278705029 -6.243454501 -5.232873728 -3.347192132 -1.460946249 0.454016513 2.471305859 3.943720645 5.920513976 9.069765629 12.14214401 13.91363715 13.99076906 13.87508536 14.56007948 15.37623692 15.77097766 15.70391634 15.53726124 15.63053196 15.54225782 15.1179448 14.50051838 13.76441884 13.18188407 12.71281186 12.50288925 12.63801392 12.83223594 13.00134244 13.13733409 13.24062447 13.3906339 13.30578308 12.80365404 12.15646562 11.41576539 10.65719044 10.00935415 9.536364193
-9999 -9999 -9999 -9999 -9999 -9999 -9999 -9999 -9999 -9999 -9999 -9999 -9999 -9999 -9999 -9999 -9999 -9999 -9999 -9999 12.06586498 6.233373304 0.328935169 -3.14386375 -5.136455057 -5.850529826 -4.619527608 -2.803205423 -0.896675613 0.884765443 2.820821097 4.194919597 6.071580307 9.142878697 12.09207783 13.73107495 13.60534326 13.48134561 14.2065968 15.05466877 15.39344621 15.13476419 14.82605869 15.06620521 15.04130671 14.67154788 14.11862564 13.23448598 12.78567278 12.29775869 12.00192156 11.99353411 11.8984523 12.10195042 12.16087343 12.26926426 12.50158279 12.4883904 11.88533244 11.22995711 10.56757805 9.98175508 9.470565078 9.224503056
-9999 -9999 -9999 -9999 -9999 -9999 -9999 -9999 -9999 -9999 -9999 -9999 -9999 -9999 -9999 -9999 -9999 -9999 -9999 15.36179989 11.71642494 5.913871145 0.415830355 -3.086503455 -4.618524636 -5.069863439 -3.954016113 -2.006935703 -0.253222479 1.602550922 3.463798036 4.713902387 6.473767652 9.181769858 11.83125214 13.28785467 13.19696452 13.02627512 13.66454329 14.46511991 14.79325502 14.6214164 14.47892168 14.63478832 14.85740904 14.61037626 14.02412252 13.37552482 12.69326839 12.12842038 11.74517925 11.60686024 11.52752997 11.53822019 11.52916495 11.48509568 11.49468082 11.23095678 10.80297133 10.1612327 9.65971022 9.331855454 9.055841116 9.038396121
-9999 -9999 -9999 -9999 -9999 -9999 -9999 -9999 -9999 -9999 -9999 -9999 -9999 -9999 -9999 -9999 -9999 -9999 -9999 15.13998301 11.49302254 5.590514286 0.007616234 -3.206174736 -4.367802443 -4.658569654 -3.410453044 -1.453287935 0.309708425 2.095450785 3.868239818 4.96582856 6.648726368 9.156121118 11.5177254 12.79597015 12.58996397 12.4148862 13.02420224 13.78167781 14.12302533 14.01522526 13.94368485 14.12009906 14.40338165 14.2595969 13.79594656 13.28773591 12.60134466 11.99447359 11.58863307 11.41238136 11.29433035 11.25429257 11.10657164 10.92868408 10.7620577 10.3219861 9.927778461 9.351310761 8.942345862 8.874059653 8.825758298 9.00088549
-9999 -9999 -9999 -9999 -9999 -9999 -9999 -9999 -9999 -9999 -9999 -9999 -9999 -9999 -9999 -9999 -9999 -9999 -9999 14.64326537 10.86058114 4.933186619 -0.423331183 -3.58434783 -4.633814136 -4.660325157 -3.25674259 -1.117778275 0.532510378 2.106747935 3.832389096 5.222724842 6.823430588 9.003883609 10.98467955 12.08431293 12.06698374 11.8709117 12.43424798 13.03532968 13.33842596 13.33388725 13.23659551 13.41552237 13.54646971 13.4640534 13.22336805 12.82462113 12.30786152 11.8402346 11.42115617 11.15731038 11.00503211 10.83265351 10.739216 10.45239276 10.13039618 9.782517151 9.313114077 8.849578475 8.71907741 8.731045184 8.856278913 9.551168886
-9999 -9999 -9999 -9999 -9999 -9999 -9999 -9999 -9999 -9999 -9999 -9999 -9999 -9999 -9999 -9999 -9999 -9999 -9999 13.93497435 10.00522241 4.038704439 -1.360951168 -4.39649507 -5.238165666 -5.112771265 -3.423445192 -1.096401441 0.718395301 2.292580726 4.040491654 5.343564712 6.899664309 8.853242793 10.53176955 11.6101357 11.67650909 11.62000751 12.15673692 12.59119109 12.83666941 12.86282063 12.72950055 12.81716582 12.83148863 12.73839391 12.6505618 12.36712769 11.98865598 11.62837687 11.22447408 10.90261778 10.58948083 10.27946533 10.05716677 9.725747082 9.378147758 9.059535656 8.692648471 8.390156099 8.518097963 8.941019722 9.672257555 11.01693872
-9999 -9999 -9999 -9999 -9999 -9999 -9999 -9999 -9999 -9999 -9999 -9999 -9999 -9999 -9999 -9999 -9999 -9999 -9999 12.90135111 8.758557093 2.80532964 -2.527919621 -5.305905838 -6.120159677 -5.735067739 -3.732395339 -1.2671023 0.926071521 2.777623388 4.573095524 5.748097613 7.004269614 8.641425501 10.1802192 11.18230557 11.49660582 11.79503813 12.07246791 12.44016771 12.60490614 12.52779806 12.51512863 12.37611277 12.28014758 12.19243812 12.10089397 11.97421735 11.73438868 11.45877903 11.05440875 10.59677946 10.08855399 9.651176363 9.198428056 8.786028296 8.506042055 8.194745654 7.935999544 7.855906486 8.566500179 9.711011794 11.22685165 13.35339902
-9999 -9999 -9999 -9999 -9999 -9999 -9999 -9999 -9999 -9999 -9999 -9999 -9999 -9999 -9999 -9999 -9999 -9999 -9999 11.79348356 7.506392906 1.681967918 -3.467037001 -6.038610489 -6.650619304 -6.130618114 -4.039748161 -1.422508014 1.082610209 3.247484966 5.108789051 6.164261414 7.105404485 8.471026224 9.742472228 10.637435 11.14681754 11.48158844 11.76154404 12.00086338 12.12730259 12.0771516 12.00729012 11.83880659 11.6884537 11.60940429 11.61823298 11.57187754 11.42970097 11.20344865 10.79482365 10.29608927 9.68805772 9.156069044 8.583496404 8.129017609 7.87924715 7.657064232 7.422260774 7.652313131 8.856010907 10.91219871 13.30272206 15.62290747
-9999 -9999 -9999 -9999 -9999 -9999 -9999 -9999 -9999 -9999 -9999 -9999 -9999 -9999 -9999 -9999 -9999 -9999 -9999 10.81558368 6.490456017 0.747983596 -4.283016856 -6.304999019 -6.803042808 -6.105297835 -3.931146455 -1.464082844 1.423986785 3.873334092 5.737548371 6.546240381 7.201044915 8.341325188 9.306539336 10.00109426 10.44780683 10.72848277 11.11607553 11.31854972 11.40298861 11.35755492 11.23390985 11.15731161 11.04246861 11.02297135 11.12652558 11.15216275 11.06010123 10.89780912 10.51362861 10.01234623 9.401521063 8.809341636 8.277031218 7.805627091 7.511081945 7.353929117 7.11460407 7.404812106 9.23549833 12.29689173 15.72970251 -9999
-9999 -9999 -9999 -9999 -9999 -9999 -9999 -9999 -9999 -9999 -9999 -9999 -9999 -9999 -9999 -9999 -9999 -9999 -9999 9.76637734 5.536954247 0.42276649 -3.79415774 -5.627698447 -5.769989769 -5.00633915 -3.112164261 -0.696860835 2.115913319 4.655385073 6.471326247 7.131950625 7.548465683 8.370052983 9.130087743 9.676634198 10.02927935 10.24268144 10.52176464 10.6340728 10.7033723 10.69224658 10.61266759 10.60703223 10.56268 10.59690338 10.72370171 10.77639024 10.73596225 10.58469829 10.22663287 9.753365887 9.167453701 8.611088257 8.072193676 7.602653393 7.289278541 7.145806175 6.874663233 7.322570985 9.396212259 12.95342789 16.45924061 -9999
-9999 -9999 -9999 -9999 -9999 -9999 -9999 -9999 -9999 -9999 -9999 -9999 -9999 -9999 -9999 -9999 -9999 -9999 11.78551712 8.671825793 4.722993961 0.207742545 -3.212012398 -4.387613729 -4.154075411 -3.297003873 -1.73425912 0.356597112 3.044612193 5.637085024 7.261483678 7.56267383 7.901920796 8.479439286 9.095669887 9.53464781 9.724342935 9.950220633 10.01942832 10.04097392 10.09071549 10.1090461 10.12452253 10.16165804 10.21822164 10.29638164 10.37491333 10.44387872 10.39007615 10.28577787 9.973617255 9.519519305 8.977969462 8.439818256 7.911719971 7.458365103 7.144613003 6.914503316 6.766740607 7.025508934 9.227894716 13.03596756 16.64721083 -9999
-9999 -9999 -9999 -9999 -9999 -9999 -9999 -9999 -9999 -9999 -9999 -9999 -9999 -9999 -9999 -9999 -9999 -9999 10.72450714 6.851863982 3.116076063 -0.186370507 -2.282273635 -3.123010868 -2.624606612 -1.682317379 -0.26535536 1.622497819 3.771899358 5.802882029 7.212971796 7.673148141 7.962431174 8.408385834 8.803465969 9.13424808 9.299495119 9.410552071 9.531050819 9.586237095 9.647789511 9.676562618 9.69960144 9.808115935 9.926652512 10.02355333 10.09277059 10.08080705 10.07332223 9.997211628 9.725451139 9.333054511 8.843843519 8.367582249 7.899610768 7.483870327 7.178028841 7.005659071 6.719945324 7.060504688 9.196856947 12.90997371 16.34101206 -9999
