meets/meet004/data/CCSM_0k_neotropic_bio17.asc
NCOLS 154 
NROWS 168 
XLLCORNER -112 
YLLCORNER -55.5 
CELLSIZE 0.5 
NODATA_value -9999 
[rows 29 to 57 of 168, columns 64 to 127 of 154]
-9999 -9999 -9999 -9999 -9999 -9999 -9999 -9999 -9999 -9999 -9999 -9999 -9999 -9999 -9999 -9999 -9999 -9999 -9999 -9999 -9999 -9999 -9999 -9999 -9999 -9999 -9999 -9999 -9999 -9999 -9999 -9999 -9999 -9999 -9999 -9999 -9999 32.53014488 -9999 -9999 -9999 -9999 -9999 -9999 -9999 -9999 -9999 -9999 -9999 -9999 -9999 -9999 -9999 -9999 -9999 -9999 -9999 -9999 -9999 -9999 -9999 -9999 -9999 -9999
-9999 -9999 -9999 -9999 -9999 -9999 -9999 -9999 -9999 -9999 -9999 -9999 -9999 -9999 -9999 -9999 -9999 -9999 -9999 -9999 -9999 -9999 -9999 -9999 -9999 -9999 -9999 -9999 -9999 -9999 -9999 -9999 -9999 -9999 -9999 -9999 -9999 31.13897047 -9999 -9999 -9999 -9999 -9999 -9999 -9999 -9999 -9999 -9999 -9999 -9999 -9999 -9999 -9999 -9999 -9999 -9999 -9999 -9999 -9999 -9999 -9999 -9999 -9999 -9999
-9999 -9999 -9999 -9999 -9999 -9999 -9999 -9999 -9999 -9999 -9999 -9999 -9999 -9999 -9999 -9999 -9999 -9999 -9999 -9999 -9999 -9999 -9999 -9999 -9999 -9999 -9999 -9999 -9999 -9999 -9999 -9999 -9999 -9999 -9999 -9999 -9999 -9999 -9999 -9999 -9999 -9999 -9999 -9999 -9999 -9999 -9999 -9999 -9999 -9999 -9999 -9999 -9999 -9999 -9999 -9999 -9999 -9999 -9999 -9999 -9999 -9999 -9999 -9999
-9999 -9999 -9999 -9999 -9999 -9999 -9999 -9999 -9999 -9999 -9999 -9999 -9999 -9999 -9999 -9999 19.96090934 -9999 -9999 -9999 -9999 -9999 -9999 -9999 -9999 -9999 -9999 -9999 -9999 -9999 -9999 -9999 -9999 -9999 -9999 -9999 29.28638551 -9999 -9999 -9999 -9999 -9999 -9999 -9999 -9999 -9999 -9999 -9999 -9999 -9999 -9999 -9999 -9999 -9999 -9999 -9999 -9999 -9999 -9999 -9999 -9999 -9999 -9999 -9999
-9999 -9999 -9999 -9999 -9999 -9999 -9999 -9999 -9999 -9999 -9999 -9999 -9999 -9999 25.4835759 29.09561239 30.89314797 -9999 -9999 -9999 -9999 -9999 -9999 -9999 -9999 -9999 -9999 -9999 -9999 -9999 -9999 -9999 -9999 -9999 -9999 -9999 -9999 -9999 -9999 -9999 -9999 -9999 -9999 -9999 -9999 -9999 -9999 -9999 -9999 -9999 -9999 -9999 -9999 -9999 -9999 -9999 -9999 -9999 -9999 -9999 -9999 -9999 -9999 -9999
-9999 -9999 -9999 -9999 -9999 -9999 -9999 -9999 -9999 -9999 11.30653878 14.83801838 19.30183183 24.02240469 29.2733014 33.18886621 -9999 -9999 41.8073634 44.05421103 43.88569758 42.12125089 40.46209943 -9999 -9999 -9999 -9999 -9999 -9999 -9999 -9999 -9999 -9999 -9999 -9999 -9999 -9999 -9999 -9999 -9999 -9999 -9999 -9999 -9999 -9999 -9999 -9999 -9999 -9999 -9999 -9999 -9999 -9999 -9999 -9999 -9999 -9999 -9999 -9999 -9999 -9999 -9999 -9999 -9999
-9999 -9999 -9999 -9999 -9999 -9999 -9999 -9999 -9999 10.09097946 12.77514349 17.24456296 23.3531674 26.69451473 31.89593367 36.03963736 39.79269265 44.88773883 46.75502877 51.5156597 53.38646122 53.290227 53.00092983 45.95191905 -9999 -9999 -9999 -9999 -9999 -9999 -9999 -9999 -9999 -9999 -9999 -9999 -9999 -9999 -9999 -9999 -9999 -9999 -9999 -9999 -9999 -9999 -9999 -9999 -9999 -9999 -9999 -9999 -9999 -9999 -9999 -9999 -9999 -9999 -9999 -9999 -9999 -9999 -9999 -9999
-9999 -9999 -9999 -9999 -9999 -9999 -9999 -9999 -9999 10.97005297 13.35220106 16.87464896 20.96573902 25.50813788 30.40071069 34.75026979 38.73703745 42.57605083 45.8368164 48.72967336 49.69838975 49.46228674 48.56748967 46.64130674 43.58406195 39.67151525 36.47178655 33.99895564 33.42833932 32.97518975 34.08785589 36.3719742 39.16670664 40.9484104 42.66208417 -9999 -9999 -9999 -9999 -9999 -9999 -9999 -9999 -9999 -9999 -9999 -9999 -9999 -9999 -9999 -9999 -9999 -9999 -9999 -9999 -9999 -9999 -9999 -9999 -9999 -9999 -9999 -9999 -9999
-9999 -9999 -9999 -9999 -9999 -9999 -9999 -9999 -9999 12.39111256 13.89139277 16.33380596 18.79482612 23.74779469 28.48316586 33.24929528 37.65585989 40.77538214 44.17145478 45.27085612 44.68420731 43.0395535 39.54066233 37.71230366 35.34157057 34.66494817 35.81481063 36.34300178 38.48118251 38.67254415 40.08166025 43.59064893 46.71581189 48.76693201 50.44011689 50.69519387 47.44773755 -9999 -9999 -9999 -9999 -9999 -9999 -9999 -9999 -9999 -9999 -9999 -9999 -9999 -9999 -9999 -9999 -9999 -9999 -9999 -9999 -9999 -9999 -9999 -9999 -9999 -9999 -9999
60.51838257 54.31979534 50.66826559 42.16939148 -9999 -9999 -9999 -9999 15.58033296 15.05099353 15.38730272 16.42232024 18.56490223 23.04259366 28.22263958 33.51081013 38.32312183 41.6559074 44.15670588 44.35825222 42.09446678 37.51542017 32.49117364 29.79652081 27.70595476 27.58826296 29.54556265 31.59920024 35.29541911 39.81434396 44.62472395 48.09223457 51.96555625 54.80614557 57.86979662 58.45976442 55.49103409 53.06747224 -9999 -9999 -9999 -9999 -9999 -9999 -9999 -9999 -9999 -9999 -9999 -9999 -9999 -9999 -9999 -9999 -9999 -9999 -9999 -9999 -9999 -9999 -9999 -9999 -9999 -9999
64.84153481 -9999 -9999 52.43429552 45.25399908 39.17772543 32.92164193 26.02784229 23.5069291 20.88402182 19.05309053 19.05223315 20.28705116 25.48514515 31.58641143 38.90908959 45.05018258 47.81797027 48.61520056 46.72371691 41.21912887 34.81832633 28.89197335 25.91600901 23.98401777 24.34020185 26.73170699 29.7898014 34.59133034 39.9807558 46.11250643 53.34304113 59.46060414 63.83236091 67.1825076 68.73028814 68.09152561 65.76276217 -9999 -9999 -9999 -9999 -9999 -9999 -9999 -9999 -9999 -9999 -9999 -9999 -9999 -9999 -9999 -9999 -9999 -9999 -9999 -9999 -9999 -9999 -9999 -9999 -9999 -9999
-9999 -9999 -9999 57.18444342 58.44069131 55.44493523 46.94136013 39.61534769 34.82986704 29.49708932 26.04667306 24.39510808 25.06892392 31.79443342 40.09824016 48.91678182 56.55626575 58.73063044 56.26995787 50.63844909 42.79375966 34.71154872 29.29070552 26.37980309 24.7923379 25.49628343 28.03879422 31.73365164 36.96091059 42.68573498 49.31845149 57.27016929 64.16644696 71.82623587 76.34008845 78.41192456 79.35441158 79.77077066 77.21584045 75.56913341 71.25724796 -9999 -9999 -9999 -9999 -9999 -9999 -9999 -9999 -9999 -9999 -9999 -9999 -9999 -9999 -9999 -9999 -9999 -9999 -9999 -9999 -9999 -9999 -9999
-9999 -9999 -9999 73.23574906 78.56960933 77.41464986 72.66277961 62.98192141 53.96966463 44.56223542 36.99979527 34.64729145 35.25993464 44.12917195 54.52504584 65.50660837 73.58098377 74.28041399 65.76510977 53.4256888 42.43852793 35.21875555 30.64714627 28.40367122 27.22948908 27.92206134 31.05134265 35.51584911 41.94967937 48.80379546 57.01670392 66.08469244 74.19479634 84.65391496 87.10839605 90.53600876 95.01807407 97.13653976 97.08913457 94.85599156 91.91869642 84.25335713 -9999 -9999 -9999 -9999 -9999 -9999 -9999 -9999 -9999 -9999 -9999 -9999 -9999 -9999 -9999 -9999 -9999 -9999 -9999 -9999 -9999 -9999
-9999 -9999 -9999 -9999 109.0522496 111.6751237 105.0129914 95.08098677 80.48628061 63.69237128 52.59124265 47.91710057 49.25828811 59.40414858 73.36713577 85.13563138 92.04361003 94.62570291 74.52981519 53.01728708 40.07388681 35.6818277 33.45394882 31.71235285 30.82914055 31.61718703 35.0964842 40.27962346 47.91837529 57.6684713 67.41690749 78.26270023 89.90257713 97.94608902 101.0208897 104.1896058 108.8828265 112.6855498 114.3548103 117.0139865 114.6463034 105.9620836 99.92057372 -9999 -9999 -9999 -9999 -9999 -9999 -9999 -9999 -9999 -9999 -9999 -9999 -9999 -9999 -9999 -9999 -9999 -9999 -9999 -9999 -9999
-9999 -9999 -9999 -9999 -9999 170.9197171 162.1204683 140.0115509 115.195589 89.75163529 71.27078887 62.95103495 62.24665563 73.01043445 87.86546353 98.44413212 101.0061062 97.63228194 78.09802876 56.03206394 44.69362431 42.67785949 41.74601613 41.03852844 39.35810537 38.81529003 42.01467287 46.34295286 53.74538214 63.66280507 74.39887161 87.22752229 99.90054648 109.523149 115.4284051 117.4250435 122.5607174 127.9341361 133.9577177 137.73413 138.8165046 133.7735979 125.3947366 112.5138447 -9999 -9999 -9999 -9999 -9999 -9999 -9999 -9999 -9999 -9999 -9999 -9999 -9999 -9999 -9999 -9999 -9999 -9999 -9999 -9999
-9999 -9999 -9999 -9999 -9999 256.7033463 232.1401065 196.2615797 156.3201053 116.8347098 91.56345229 76.78782939 71.19779661 81.82035237 98.22858481 105.7964577 100.697279 92.17970519 76.77652376 61.81815264 54.60534763 54.33598138 57.27368378 55.26106888 52.41167747 50.27264293 50.56150567 53.13988241 58.65304828 66.73814228 77.45822817 91.78633254 105.6912781 114.7073457 124.6397795 129.8319604 133.1535274 140.5179068 147.6179703 157.2446654 159.7834838 155.1959407 150.7890143 135.9686495 124.3025874 -9999 -9999 -9999 -9999 -9999 -9999 -9999 -9999 -9999 -9999 -9999 -9999 -9999 -9999 -9999 -9999 -9999 -9999 -9999
-9999 -9999 -9999 -9999 -9999 378.8406101 329.7152094 261.3118595 200.2967759 147.2773806 113.0676353 92.79303628 84.67230454 90.62517723 100.6257183 105.3324664 100.4410481 92.02683951 84.0063254 76.62500359 77.55219045 83.62579239 87.02936747 85.90587165 78.9360806 71.21125684 67.42161373 64.63238776 66.39961099 71.47202061 80.37101892 93.4051198 105.4487142 113.796341 121.3356134 127.4523574 137.7962935 150.6762019 160.5925887 172.2757904 179.1375709 178.2373463 173.1075433 163.3004156 150.9311913 140.8106694 131.5396996 124.2660398 120.8619963 117.5583595 115.8200948 110.9434568 -9999 -9999 -9999 -9999 -9999 -9999 -9999 -9999 -9999 -9999 -9999 -9999
-9999 -9999 -9999 -9999 -9999 524.8270574 427.9963034 325.3431016 238.4434263 171.691456 131.2966 107.3863976 96.17565478 98.37250016 102.0629582 104.4487496 102.6228531 96.40177324 97.88542138 101.2062514 110.1749981 125.2819178 130.6279819 129.6039539 115.7934156 102.3969918 88.83690683 78.63467563 75.73201657 76.39694494 82.67753738 93.05043666 103.2919211 107.8505724 111.9199907 115.4112995 122.5595637 133.8169344 162.0059688 183.1867639 191.9041782 194.331566 194.1618725 184.1923531 175.1066175 165.7531429 157.4686631 154.3515302 150.9023198 149.4007191 148.40257 143.2812004 141.5348054 131.5646504 122.7451564 -9999 -9999 -9999 -9999 -9999 -9999 -9999 -9999 -9999
-9999 -9999 -9999 -9999 -9999 644.7019197 518.8519901 381.1586499 273.3930153 193.2126023 148.5315877 123.8719187 112.2842891 111.4862909 112.7702591 114.92903 116.500551 119.0960845 129.4535398 143.2007471 164.3659448 187.0821361 198.7970187 193.4230811 173.5879634 147.502592 123.241783 101.5268898 89.01893347 84.24848179 85.27564308 90.56957605 96.74036575 99.01371301 100.2776845 101.2288978 105.4173846 116.5989369 140.4698088 168.7994487 188.3144348 198.2243813 202.3909991 197.0117633 190.9560743 189.5120274 189.485315 185.3273695 183.1777526 182.2185845 181.8840417 179.6494529 176.7844074 169.3674212 160.5263527 150.7411088 -9999 -9999 -9999 -9999 -9999 -9999 -9999 -9999
-9999 -9999 -9999 -9999 -9999 749.9731617 579.3596999 409.6699015 296.8246277 206.3122624 160.9965418 141.4486223 128.2853844 128.3609366 130.6315735 133.8865397 141.597034 149.0466542 173.1671705 197.735369 228.5897689 264.3801493 285.2364181 272.2104174 240.2569139 202.4801415 160.0440702 123.749337 103.0449515 89.75941585 85.77038554 85.2491019 89.6920561 86.96060061 86.71725176 86.07798037 87.64889054 93.92245382 113.3407238 138.7027643 157.8695951 171.6612445 183.1585978 185.1040539 188.8803734 193.900829 205.7983906 214.7375076 215.3093531 211.6709015 211.6438076 211.927495 210.2655383 206.577657 198.8875927 189.8819432 175.0020972 157.3497664 -9999 -9999 -9999 -9999 -9999 -9999
-9999 -9999 -9999 -9999 -9999 769.5119688 599.5088141 432.3533601 309.4546633 223.6172382 181.7732155 164.9113714 158.6156185 157.1677914 156.5138721 163.9098713 181.0056113 201.9501336 232.659589 269.0871049 310.1552671 351.000718 372.4501374 356.7183917 317.1515729 263.3500986 202.6316929 149.3399324 115.3888684 92.82754449 81.41512024 75.86116219 72.90075388 71.94818232 71.14448512 69.96023969 69.84657723 74.74105089 89.2636085 106.6631087 124.7267039 142.7950896 156.7823066 170.6587255 184.5147719 196.2962209 212.0259541 210.846882 207.2547622 207.8188619 213.2185994 223.4324101 234.2498248 241.4923479 238.6826088 233.0527217 217.791279 201.97153 -9999 -9999 -9999 -9999 -9999 -9999
-9999 -9999 -9999 -9999 -9999 640.6093783 542.7950783 423.3743361 316.0230435 237.8944663 201.705554 192.3767824 192.0897668 191.9630703 191.9953856 204.9128768 233.2679835 259.5732083 301.3911144 345.7135828 393.3147085 440.609306 470.6981967 441.115703 391.0540223 323.7284127 243.9345397 170.1576893 131.6799692 98.43878003 80.39415954 70.93370371 59.90873426 61.77606106 60.19425154 59.25697679 59.39224119 58.69923929 73.45901348 86.12622315 102.2287825 124.5296901 137.3063491 162.085288 181.9429101 198.5217521 206.8460317 193.5305901 185.9696191 184.153976 186.8294267 195.1035846 205.7750637 217.7512863 230.4315089 237.8251652 240.3410798 242.0437809 -9999 -9999 -9999 -9999 -9999 -9999
-9999 -9999 -9999 -9999 -9999 479.6159155 451.1779016 417.3539305 328.5421993 263.4365573 230.2929766 222.5991489 225.1080596 233.1227829 244.9660938 264.7655275 295.4274028 331.0124213 373.9884903 422.6476789 472.306587 517.0786092 536.1972061 506.3203529 447.8545374 370.7530473 283.7795063 208.5697808 155.1094431 116.1800467 93.46646258 78.08357598 67.64796294 63.48785521 60.88670093 60.42344432 62.48296959 67.2684062 78.27372357 91.39854192 106.9252404 125.8931051 144.0505176 165.1698017 186.267061 203.5137196 199.0689732 179.8801899 168.5033401 162.5291 163.7939918 170.5138846 179.6006045 191.5564314 203.211811 210.5764327 212.9367118 211.5257722 -9999 -9999 -9999 -9999 -9999 -9999
-9999 -9999 -9999 451.076778 411.2053968 392.877993 368.0488337 388.8124722 353.731057 294.6139183 264.4412344 259.7608615 264.0058536 282.1542653 303.6795526 330.6511668 367.4107263 403.8911892 451.1057116 499.2252369 547.4039535 589.7299168 606.4974288 563.6033151 493.4310574 408.5119157 315.7724324 235.597508 180.0369103 136.6302655 111.0209645 93.20084398 80.5191717 74.82520078 70.84988088 71.1815462 76.0199463 81.77360827 94.55368912 109.4172853 124.4575654 141.9397274 159.0008888 178.1946222 197.7929745 213.562272 194.2715092 169.1125078 153.8339632 144.6050368 142.6740054 147.255427 155.2859844 164.9070148 177.9262345 184.6456733 184.6235625 184.0213974 174.1673089 -9999 -9999 -9999 -9999 -9999
-9999 -9999 445.3846704 389.3905551 335.8702214 331.7631163 373.8627907 408.0498983 397.4280888 342.0660325 310.4235611 303.838853 310.0417419 335.3187227 367.2793771 399.5865486 436.5358439 478.2443454 524.7223536 573.1743974 617.1930424 648.0268298 650.7544989 599.8699948 520.1867812 428.8135757 335.2908243 254.1677963 197.4886254 156.840268 131.0999637 112.9711232 100.8536513 93.59996327 89.17886028 89.84484648 96.35573642 105.729527 119.1799577 134.9416521 150.3002732 166.6298792 182.9842823 199.9132037 216.001415 229.8228358 196.5515138 166.0411715 146.2319951 133.6091229 130.3810877 132.7596042 138.7096335 147.7669316 157.4398239 163.6162042 164.3494755 161.2025247 152.0292583 140.7624018 -9999 -9999 -9999 -9999
-9999 -9999 365.9610793 306.7123264 269.5146609 304.3232314 358.1814609 422.9295228 445.9360177 390.962939 363.0573415 362.7875667 369.8642767 401.700415 434.6946013 469.0389622 510.8718791 552.0820715 599.4484071 644.6242894 651.3524362 636.8061185 652.2640044 622.6633786 543.0474769 449.3121619 355.1114354 271.9855733 221.6547528 180.3819338 155.4665988 139.6826137 127.1229663 122.0866727 117.0542992 119.2335685 128.38867 136.7821524 153.9802835 169.7694899 185.1090414 202.5633999 214.760249 229.5470142 242.2452426 248.1342441 203.0031818 168.0044441 144.7039448 127.9923983 121.5151479 121.3014396 125.6327715 132.3300644 141.8491277 146.9466024 145.497462 143.7638857 132.7773669 121.6772933 -9999 -9999 -9999 -9999
462.0865049 378.2062757 296.9664968 268.7803172 248.038312 276.0976127 348.9344824 409.1838172 448.5099017 441.5341436 420.3819767 433.4965013 457.1318748 477.9903221 501.4777504 534.3013153 577.9060066 582.933018 587.1052863 579.1169637 577.8471269 581.8356222 576.999806 569.4673619 554.1911298 470.699633 379.0395677 300.9531374 247.6879477 210.2527085 185.5546296 169.4494058 160.8060911 156.0220587 155.7107073 158.9890857 166.5400952 177.781473 194.1690649 212.5038253 228.1308888 241.6937347 253.8951347 263.5055385 272.7574131 270.8508567 217.4848615 175.4970125 147.4231356 127.3575477 119.8407558 117.3701555 119.121079 124.7167813 131.1434172 136.0430181 134.8543311 131.7927357 121.9883065 109.6783135 -9999 -9999 -9999 -9999
396.7153159 308.563994 236.4936942 219.3640816 214.9143823 272.7435546 340.9192339 394.3922093 415.7116388 441.7197187 445.9790382 463.1114325 486.0116224 497.5179439 510.2820801 509.9826847 512.4825993 514.3532812 514.1991901 518.4345489 516.0569887 508.9337345 503.6930316 501.3714342 500.5491619 494.9175001 409.2875234 337.1882556 288.0378384 248.3168428 225.9283983 213.9401021 207.1229025 207.5156686 208.4737898 215.1780965 227.63749 237.7759197 256.3243764 271.8761845 286.1041786 300.4878295 307.0128573 312.0190458 312.9131088 291.8857988 233.2805951 187.4558866 157.0185591 132.3330936 121.4875012 117.4387865 117.1858675 121.1713217 126.8635626 130.6471839 129.7177311 126.8914561 118.6697765 107.7082277 96.39521699 -9999 -9999 -9999
335.4841576 267.5251993 201.5906039 185.005421 197.3312142 255.7891758 319.0782742 373.2055257 387.0749509 400.2011398 402.2410101 424.2171765 444.7047189 449.6347779 456.2546513 456.5273542 459.4811789 464.2118679 461.5337525 457.0009044 455.9775298 455.4980449 456.0364478 454.8103106 454.099332 451.3324637 442.9974017 382.0270718 334.7560701 297.1075264 275.9656975 267.6748615 262.4780386 269.7947378 278.2163229 288.2127385 301.7248873 314.0498905 332.9504792 348.4289893 362.16684 371.5916221 371.6401058 369.9350843 359.0383733 316.6272705 251.0531573 200.5824923 168.4654594 140.3583388 128.9559813 121.9766142 120.2906106 123.5771466 127.9508407 131.7066273 131.4221014 129.7443036 124.0894069 116.6683234 106.4173562 92.8254221 81.73680705 -9999
