meets/meet004/data/CCSM_0k_neotropic_bio12.asc
NCOLS 154 
NROWS 168 
XLLCORNER -112 
YLLCORNER -55.5 
CELLSIZE 0.5 
NODATA_value -9999 
[rows 87 to 115 of 168, columns 64 to 127 of 154]
-9999 -9999 -9999 -9999 -9999 -9999 -9999 -9999 -9999 531.3498586 774.4116331 1098.915295 1397.66455 1720.683695 2064.248913 2291.605301 2395.141261 2491.162685 2667.548687 2768.530543 2884.155183 3040.981786 3137.891742 2945.251768 2701.483144 2377.885018 1989.063928 1605.533771 1400.62472 1264.07406 1201.517862 1178.88187 1186.767383 1191.923182 1200.266802 1208.253357 1214.083672 1221.240975 1230.689455 1236.047984 1246.458444 1260.761941 1273.632937 1296.83221 1317.000705 1337.001729 1358.369823 1375.998964 1396.609423 1413.819574 1419.465585 1412.368316 1402.28026 1392.641137 1382.374529 1377.566919 1374.492831 1365.334496 1346.837527 1323.090047 1291.194125 1248.523671 1202.946895 1151.36701
-9999 -9999 -9999 -9999 -9999 -9999 -9999 -9999 -9999 -9999 -9999 670.0783564 910.0554646 1246.567491 1669.323264 1907.011271 2025.503658 2170.187325 2223.218967 2330.528858 2492.021864 2729.119904 2994.474992 3023.304123 2987.866116 2813.736164 2405.313063 1997.870994 1734.316127 1469.470048 1304.073921 1229.296301 1177.262905 1172.370794 1172.380778 1172.404201 1175.916715 1183.066083 1192.717351 1200.11354 1211.220617 1224.66055 1235.601761 1261.209876 1284.34897 1306.871517 1332.612756 1354.536315 1379.876218 1405.758121 1419.492097 1416.673042 1415.748898 1409.971145 1401.258348 1396.969918 1392.695796 1382.639671 1358.635688 1327.284944 1287.853413 1238.060012 1189.425873 1135.166306
-9999 -9999 -9999 -9999 -9999 -9999 -9999 -9999 -9999 -9999 -9999 -9999 -9999 874.668689 1183.337397 1469.788043 1780.264996 2040.918531 2058.963186 2089.03435 2203.372192 2457.706472 2659.453596 2901.400938 3134.488517 3081.947681 2789.636696 2498.947379 2130.4917 1730.888454 1489.399218 1334.648969 1214.393631 1166.2512 1135.275405 1134.499913 1140.17151 1153.708093 1169.768545 1184.958096 1198.74157 1212.444312 1228.725292 1251.911632 1278.644539 1301.832848 1325.214789 1347.744481 1372.190927 1399.906462 1418.881486 1430.608493 1436.488936 1439.897879 1437.952833 1431.591983 1419.550988 1401.805113 1368.915509 1325.706984 1280.522716 1228.972789 1176.089583 1123.414355
-9999 -9999 -9999 -9999 -9999 -9999 -9999 -9999 -9999 -9999 -9999 -9999 -9999 -9999 -9999 1043.059314 1380.274434 1683.735406 1749.495877 1858.651831 1941.269106 2086.143549 2266.378666 2592.041215 2915.662816 3050.234788 2956.811922 2819.949644 2485.237023 2078.196007 1773.272114 1515.110277 1283.686571 1175.24073 1110.511973 1095.268986 1106.560104 1124.830162 1146.62973 1171.543556 1189.555752 1203.934759 1222.560236 1244.75885 1272.435847 1295.761627 1314.931658 1337.923798 1361.602162 1387.714962 1416.868863 1445.116485 1465.104574 1473.965271 1474.15729 1463.184241 1443.07432 1417.224594 1377.196964 1326.909009 1278.064696 1225.452732 1170.403677 1117.369655
-9999 -9999 -9999 -9999 -9999 -9999 -9999 -9999 -9999 -9999 -9999 -9999 -9999 -9999 -9999 -9999 -9999 1123.374881 1362.883668 1581.572933 1695.768338 1744.369883 1848.202155 2153.431225 2440.822304 2646.057963 2856.085689 2957.365933 2718.617612 2448.835263 2119.905922 1706.700242 1373.558654 1207.809527 1088.145484 1065.833187 1076.814384 1099.759398 1128.387062 1157.254634 1178.381792 1197.881812 1217.688729 1238.84612 1261.835428 1284.518397 1306.910229 1326.725632 1349.114677 1371.782507 1407.006904 1457.113146 1497.460724 1503.462937 1502.463118 1485.86646 1455.666482 1424.669656 1380.43741 1330.046726 1280.747734 1224.262816 1169.666777 1120.278575
-9999 -9999 -9999 -9999 -9999 -9999 -9999 -9999 -9999 -9999 -9999 -9999 -9999 -9999 -9999 -9999 -9999 718.5455684 962.8274993 1212.507398 1333.764946 1377.397526 1498.093406 1712.366018 1942.93217 2202.299674 2509.182662 2718.756328 2654.328122 2552.01718 2275.520953 1851.555867 1477.315224 1261.941684 1099.224435 1053.395037 1056.392417 1075.91983 1105.000723 1136.219788 1161.342557 1183.112429 1206.051269 1228.166621 1251.225209 1274.510982 1297.001212 1320.096606 1343.723912 1369.323546 1407.46921 1460.180257 1500.360696 1505.878129 1501.182646 1480.466436 1447.676603 1413.078419 1371.434767 1325.126544 1278.804012 1226.475305 1176.51685 1131.312532
-9999 -9999 -9999 -9999 -9999 -9999 -9999 -9999 -9999 -9999 -9999 -9999 -9999 -9999 -9999 -9999 -9999 -9999 -9999 805.6627231 959.0018586 1118.303236 1230.252777 1373.774562 1528.60949 1733.375725 2037.43895 2206.897521 2396.125433 2478.782783 2291.711458 1901.784704 1564.679072 1314.589427 1117.977426 1052.91112 1041.570859 1055.605792 1082.834073 1111.888652 1138.332033 1164.566537 1190.688902 1214.049917 1239.69098 1264.237046 1290.565095 1315.892037 1343.477537 1376.230812 1412.480891 1453.463563 1486.599191 1485.733638 1474.267458 1451.736364 1420.227223 1388.135871 1353.83829 1314.542251 1273.314915 1227.323515 1188.025349 1148.258735
-9999 -9999 -9999 -9999 -9999 -9999 -9999 -9999 -9999 -9999 -9999 -9999 -9999 -9999 -9999 -9999 -9999 -9999 -9999 512.3250554 673.840863 856.9432663 1018.41522 1116.943784 1237.977497 1401.738573 1646.455743 1895.913307 2156.230463 2332.842095 2259.30723 1968.611186 1652.123876 1375.040214 1169.464867 1072.098916 1040.597421 1039.420526 1060.617779 1085.299634 1113.681634 1144.282862 1173.355881 1199.610617 1226.383279 1252.349182 1282.309155 1313.634532 1346.598222 1380.642179 1411.330077 1436.84115 1453.904036 1450.675757 1435.983304 1415.279902 1389.711169 1362.029204 1333.141839 1301.9428 1268.44087 1231.703277 1197.437492 1169.477923
-9999 -9999 -9999 -9999 -9999 -9999 -9999 -9999 -9999 -9999 -9999 -9999 -9999 -9999 -9999 -9999 -9999 -9999 -9999 -9999 477.1290721 698.888676 869.3457668 986.9636824 1078.93483 1217.283965 1430.390308 1649.676514 1981.067536 2243.800247 2229.512539 2013.337466 1719.719706 1450.043416 1207.38065 1088.739131 1038.589224 1025.190121 1042.720931 1062.566148 1091.534056 1128.681109 1158.687498 1187.311061 1213.46639 1240.433767 1275.265191 1311.472002 1348.97712 1384.954577 1408.826409 1418.103972 1418.839299 1412.641406 1396.318278 1379.398267 1361.593491 1338.928675 1317.51827 1293.325139 1266.10493 1237.257354 1206.132416 1193.774916
-9999 -9999 -9999 -9999 -9999 -9999 -9999 -9999 -9999 -9999 -9999 -9999 -9999 -9999 -9999 -9999 -9999 -9999 -9999 -9999 371.5215116 584.2485947 773.2433736 901.7522332 1002.964178 1114.567641 1314.355783 1582.446592 1913.467445 2192.355446 2247.370391 2071.896316 1806.094958 1507.468929 1263.436133 1119.480535 1052.356191 1028.525152 1040.653631 1057.875513 1087.430037 1122.64125 1155.395635 1181.148096 1206.02047 1233.825637 1271.506957 1310.314589 1348.492272 1383.00812 1400.768779 1400.792223 1394.811846 1386.335053 1373.065424 1359.546405 1344.856422 1329.42257 1312.596245 1294.591284 1277.00194 1260.242338 1242.540266 1228.409769
-9999 -9999 -9999 -9999 -9999 -9999 -9999 -9999 -9999 -9999 -9999 -9999 -9999 -9999 -9999 -9999 -9999 -9999 -9999 -9999 320.0155388 548.1166713 739.5014977 872.3561135 978.1282631 1095.980996 1332.044421 1574.928163 1926.611055 2277.445779 2342.989173 2127.250935 1875.350446 1576.44132 1283.781194 1128.096198 1060.36045 1032.032202 1042.905967 1059.997477 1089.079863 1125.924314 1160.661428 1180.38274 1201.556822 1228.940891 1270.836487 1310.457217 1346.810969 1379.814966 1394.028417 1390.154019 1378.760541 1371.875239 1361.465874 1350.635495 1336.781861 1327.22363 1316.942717 1304.689122 1294.426473 1288.564854 1285.09529 1267.180371
-9999 -9999 -9999 -9999 -9999 -9999 -9999 -9999 -9999 -9999 -9999 -9999 -9999 -9999 -9999 -9999 -9999 -9999 -9999 -9999 316.728365 546.8084916 757.0285358 896.4790794 1002.382388 1126.379782 1358.726689 1664.068616 2028.554176 2343.29843 2411.851686 2214.97004 1918.970788 1590.086707 1309.726302 1143.784442 1067.303996 1038.980458 1047.828239 1065.061354 1093.431299 1126.814585 1158.923485 1182.296108 1204.341902 1232.469598 1270.97559 1310.909554 1343.846352 1370.057887 1382.752506 1382.313325 1376.767827 1367.550581 1356.754311 1346.387154 1336.716679 1329.174109 1324.800295 1322.176341 1319.357299 1316.376381 1310.637388 1298.938972
-9999 -9999 -9999 -9999 -9999 -9999 -9999 -9999 -9999 -9999 -9999 -9999 -9999 -9999 -9999 -9999 -9999 -9999 -9999 -9999 308.886272 565.5544587 811.1091952 919.4140184 1021.908794 1157.132279 1411.952959 1730.163042 2114.542672 2468.562279 2523.971347 2274.008868 1936.595582 1602.112107 1296.731931 1132.154634 1062.207609 1042.309952 1051.448019 1068.914578 1095.377687 1130.14566 1162.168687 1183.984537 1206.304822 1233.756117 1271.658531 1312.628254 1340.408753 1362.218111 1374.586604 1379.863612 1379.146253 1369.819628 1357.735633 1347.808945 1340.269791 1333.34186 1336.988687 1342.284911 1345.857145 1342.54939 1337.810922 1329.623178
-9999 -9999 -9999 -9999 -9999 -9999 -9999 -9999 -9999 -9999 -9999 -9999 -9999 -9999 -9999 -9999 -9999 -9999 -9999 -9999 315.7681545 562.6954933 787.4313631 921.7242739 1026.918501 1171.407733 1446.281453 1789.546493 2180.529355 2504.195482 2543.270994 2284.445314 1937.621792 1586.546529 1294.197143 1135.08164 1069.330591 1047.606484 1056.307875 1070.15383 1095.090025 1128.352824 1159.169078 1182.340067 1204.723326 1231.491002 1267.415799 1304.97093 1333.008774 1354.889664 1369.194431 1376.344264 1378.846936 1371.82308 1363.125888 1354.06439 1345.700229 1342.692651 1348.387631 1357.434514 1363.180031 1364.575288 1363.229948 1357.298518
-9999 -9999 -9999 -9999 -9999 -9999 -9999 -9999 -9999 -9999 -9999 -9999 -9999 -9999 -9999 -9999 -9999 -9999 -9999 -9999 293.0341978 540.2240047 772.5845291 885.3456372 996.3133263 1162.186172 1478.768877 1818.281725 2216.348903 2555.08347 2568.640216 2264.157817 1899.133491 1558.726443 1261.871349 1118.397575 1065.791379 1053.143504 1063.538633 1073.868298 1097.222256 1132.20045 1162.690984 1184.831631 1204.216935 1229.158864 1265.660935 1300.237027 1327.369304 1351.400891 1366.890839 1375.731276 1381.194961 1377.239576 1371.164164 1364.650424 1358.46905 1355.158705 1367.230747 1377.455587 1386.536755 1391.742323 1390.944514 1390.353137
-9999 -9999 -9999 -9999 -9999 -9999 -9999 -9999 -9999 -9999 -9999 -9999 -9999 -9999 -9999 -9999 -9999 -9999 -9999 144.026345 272.1309784 485.7425156 686.0182725 828.4051173 959.8896338 1148.42995 1472.585573 1842.655867 2221.996396 2507.836028 2497.440929 2199.495775 1832.192747 1502.338184 1244.433492 1115.766437 1070.556404 1060.682064 1071.726125 1085.471097 1108.168692 1138.833371 1168.905336 1189.527575 1206.95304 1229.165074 1260.33622 1291.704626 1320.044084 1345.380537 1362.329705 1371.913577 1377.828684 1378.128692 1376.726792 1373.91066 1372.687871 1376.560261 1386.093701 1402.031831 1410.841627 1412.348717 1416.305081 1416.268661
-9999 -9999 -9999 -9999 -9999 -9999 -9999 -9999 -9999 -9999 -9999 -9999 -9999 -9999 -9999 -9999 -9999 -9999 -9999 126.5127143 235.4978419 428.4163977 612.1875554 745.2538334 898.9458059 1125.822802 1495.84434 1874.366835 2230.20061 2497.975333 2450.215034 2122.740084 1743.727452 1450.743118 1208.765714 1103.18296 1069.708879 1069.627486 1082.520989 1097.576356 1120.730992 1152.892931 1182.085438 1203.112195 1219.091623 1239.753145 1269.300687 1294.730597 1324.181693 1348.777649 1367.594798 1379.263884 1386.457403 1393.006071 1393.362068 1393.719153 1397.344706 1400.280009 1413.106637 1428.806376 1443.837817 1450.576588 1453.1702 1445.189929
-9999 -9999 -9999 -9999 -9999 -9999 -9999 -9999 -9999 -9999 -9999 -9999 -9999 -9999 -9999 -9999 -9999 -9999 -9999 118.6503193 211.3979003 372.577799 531.6329289 681.312597 846.8876794 1110.466843 1512.422376 1923.955461 2258.85141 2460.799138 2384.270185 2052.268104 1686.124879 1396.066577 1195.060116 1098.545596 1077.779803 1077.608224 1091.555448 1109.853937 1133.602161 1165.198385 1197.907558 1220.878096 1243.890656 1263.989474 1285.300948 1311.0466 1334.109677 1361.107118 1380.146557 1390.997192 1404.502006 1411.756017 1419.280422 1420.150235 1419.280428 1427.412241 1434.54094 1454.371754 1471.305059 1484.617193 1480.356251 1464.231302
-9999 -9999 -9999 -9999 -9999 -9999 -9999 -9999 -9999 -9999 -9999 -9999 -9999 -9999 -9999 -9999 -9999 -9999 -9999 112.6532261 189.7039679 327.8252087 466.4981475 603.9312269 795.8677571 1108.257946 1575.610576 2011.304737 2323.963451 2488.076103 2355.683891 2000.385825 1625.315566 1360.824127 1172.125755 1102.096418 1082.557443 1087.984384 1102.477748 1120.044795 1145.26268 1181.039388 1215.084523 1239.904183 1264.247857 1286.107409 1308.91954 1332.409928 1352.066173 1373.831764 1394.718513 1414.120538 1431.442587 1441.126099 1446.493053 1447.045331 1448.303538 1455.556548 1466.165113 1484.882148 1512.147131 1530.326908 1518.498962 1471.022579
-9999 -9999 -9999 -9999 -9999 -9999 -9999 -9999 -9999 -9999 -9999 -9999 -9999 -9999 -9999 -9999 -9999 -9999 -9999 115.7007024 180.6578034 295.203975 418.3216333 554.1880846 755.5840503 1110.277636 1649.725166 2135.728402 2423.660578 2539.663737 2368.813968 1982.636571 1586.222053 1333.539099 1167.937646 1104.998488 1088.80932 1094.155185 1110.726036 1132.320133 1157.240585 1191.573969 1223.608567 1252.55988 1281.992536 1304.437229 1327.232137 1348.253192 1368.241127 1389.172742 1409.742055 1433.105922 1454.443883 1465.453319 1476.582117 1474.742515 1468.932598 1470.630707 1495.543354 1529.803798 1562.726436 1571.758161 1555.268803 1449.426738
-9999 -9999 -9999 -9999 -9999 -9999 -9999 -9999 -9999 -9999 -9999 -9999 -9999 -9999 -9999 -9999 -9999 -9999 -9999 121.4015708 175.9675416 270.1134977 376.103607 517.8325437 728.9537729 1134.960059 1726.134923 2251.537273 2517.408626 2590.104966 2361.201921 1941.006683 1546.486349 1301.29003 1155.069814 1113.554346 1102.747016 1106.988746 1125.877562 1145.144722 1172.118459 1206.649776 1239.267236 1271.046368 1297.281776 1323.131807 1349.783815 1372.250277 1392.077134 1407.03581 1430.021867 1458.07305 1479.542501 1490.256383 1493.647106 1490.325945 1491.63104 1496.575468 1530.206585 1566.252301 1605.808017 1609.760278 1572.987767 1430.975684
-9999 -9999 -9999 -9999 -9999 -9999 -9999 -9999 -9999 -9999 -9999 -9999 -9999 -9999 -9999 -9999 -9999 -9999 -9999 132.3491145 177.9860399 252.6517822 339.6695412 478.1863736 710.5732185 1148.951321 1806.469894 2388.893483 2582.786645 2595.693485 2334.288809 1899.103218 1483.701021 1278.169578 1149.508875 1114.627132 1110.728145 1119.143761 1137.101175 1162.638474 1188.681969 1221.088753 1253.503668 1282.687968 1316.183281 1341.790824 1368.016141 1393.904811 1409.949548 1433.662195 1453.981564 1475.171181 1494.832022 1501.017391 1505.110149 1501.309688 1503.155248 1514.151595 1549.683222 1601.741469 1639.829275 1623.080801 1573.05961 -9999
-9999 -9999 -9999 -9999 -9999 -9999 -9999 -9999 -9999 -9999 -9999 -9999 -9999 -9999 -9999 -9999 -9999 -9999 -9999 142.5236043 182.6599154 244.1619091 326.994462 475.912679 727.7638134 1186.698685 1836.720837 2373.574065 2544.358833 2490.023153 2196.045073 1783.16893 1428.103595 1231.035853 1132.336371 1114.676245 1114.934131 1126.145183 1148.753393 1174.8132 1202.974971 1235.776129 1268.267208 1300.972494 1332.261681 1359.555128 1388.317006 1413.831222 1436.87535 1459.377734 1481.622769 1503.12508 1519.989126 1528.708175 1528.369874 1525.296793 1532.166663 1544.775594 1583.405635 1629.718241 1664.220252 1643.704217 1566.69465 -9999
-9999 -9999 -9999 -9999 -9999 -9999 -9999 -9999 -9999 -9999 -9999 -9999 -9999 -9999 -9999 -9999 -9999 -9999 131.9499833 156.1277292 191.2376228 244.5333165 318.9999144 474.7659016 737.0815341 1198.479286 1834.649707 2373.694955 2424.578201 2299.772654 2000.435902 1639.781904 1312.160415 1182.155242 1110.657853 1101.226641 1111.204323 1125.255416 1149.878582 1181.614123 1211.085092 1246.877142 1280.021209 1310.45096 1345.727199 1373.083862 1402.974315 1429.463061 1453.151867 1481.347073 1504.217882 1526.610832 1548.181606 1550.362445 1553.979842 1552.050606 1558.123076 1571.477113 1604.316079 1644.628553 1674.437541 1642.443068 1574.173494 -9999
-9999 -9999 -9999 -9999 -9999 -9999 -9999 -9999 -9999 -9999 -9999 -9999 -9999 -9999 -9999 -9999 -9999 -9999 140.7377334 169.2197757 207.9093457 260.4927019 350.0608681 531.4807807 809.5201914 1238.863551 1775.268257 2173.141575 2198.032651 2023.852658 1738.883145 1452.969374 1228.405131 1117.657924 1080.662808 1084.450268 1098.05049 1119.162355 1149.744158 1183.825324 1216.821833 1253.725583 1289.520383 1325.026351 1359.234703 1388.007385 1418.907853 1445.716971 1473.413669 1500.651908 1525.132516 1549.817562 1567.944109 1577.457095 1579.418836 1578.886109 1586.703166 1598.927833 1626.555338 1654.289755 1672.004573 1641.014544 1556.687452 -9999
-9999 -9999 -9999 -9999 -9999 -9999 -9999 -9999 -9999 -9999 -9999 -9999 -9999 -9999 -9999 -9999 -9999 -9999 148.9166775 188.2319134 232.4638507 292.8601647 375.9434577 591.1180526 876.5349654 1258.986015 1693.829956 2038.920915 1935.198459 1715.95203 1466.236816 1275.277349 1104.974999 1063.364197 1047.705399 1057.075705 1079.762287 1105.036017 1139.856689 1180.744049 1215.456103 1255.813079 1293.81882 1329.191877 1368.097903 1397.306952 1428.77194 1457.75658 1481.037458 1511.223246 1535.596008 1560.504188 1583.64783 1591.449636 1596.758027 1597.069462 1602.875895 1614.165971 1630.647308 1645.63498 1656.578215 1619.909462 1561.346651 -9999
-9999 -9999 -9999 -9999 -9999 -9999 -9999 -9999 -9999 -9999 -9999 -9999 -9999 -9999 -9999 -9999 -9999 -9999 161.3501446 215.5626601 277.7699781 363.9182742 485.777169 696.6018331 959.4762027 1256.36482 1532.231163 1700.955244 1628.730767 1434.400428 1239.208606 1115.86829 1031.974745 1001.699237 1009.435957 1027.770866 1056.083983 1088.247143 1127.982223 1171.185549 1209.157758 1251.621064 1291.319982 1330.608201 1368.670883 1399.219502 1430.829209 1459.531713 1486.834283 1512.87551 1537.799041 1565.296714 1586.57551 1599.06446 1606.197836 1607.47108 1611.007624 1612.733092 1618.05331 1620.202607 1611.343988 1566.270472 1488.946651 -9999
-9999 -9999 -9999 -9999 -9999 -9999 -9999 -9999 -9999 -9999 -9999 -9999 -9999 -9999 -9999 -9999 -9999 129.5037951 178.3398678 248.2106352 331.1733502 447.8587926 579.3137981 782.245942 1015.363021 1211.040292 1376.248451 1442.441753 1340.759656 1188.282289 1060.313308 984.329658 951.0186481 956.0066696 972.0279702 995.5181855 1032.862675 1065.394592 1108.014282 1156.700121 1197.519555 1244.486704 1282.827251 1319.956421 1362.371064 1394.735496 1428.864423 1456.197676 1480.092295 1507.562313 1531.282465 1560.616943 1585.037841 1593.858728 1603.506154 1603.555995 1599.387693 1595.057128 1582.967548 1568.869095 1542.268734 1488.214873 -9999 -9999
-9999 -9999 -9999 -9999 -9999 -9999 -9999 -9999 -9999 -9999 -9999 -9999 -9999 -9999 -9999 -9999 -9999 153.0394475 199.6490621 275.6201113 378.8174924 525.5069201 677.1323166 838.2543741 995.929918 1120.165845 1176.497865 1183.599674 1126.173721 1024.300839 942.7123375 916.8079236 908.1311704 918.5731866 943.1639014 968.0971567 1006.375528 1047.019564 1092.057652 1139.678268 1179.78709 1225.569541 1268.479235 1309.369192 1348.7657 1380.691902 1415.140272 1445.644407 1473.538381 1499.668883 1522.174705 1546.843907 1566.78073 1579.180126 1585.593986 1583.200777 1575.334456 1556.468966 1522.300762 1483.551529 1444.037209 -9999 -9999 -9999
