meets/meet004/data/CCSM_6k_neotropic_bio02.asc
NCOLS 154 
NROWS 168 
XLLCORNER -112 
YLLCORNER -55.5 
CELLSIZE 0.5 
NODATA_value -9999 
[rows 87 to 115 of 168, columns 64 to 127 of 154]
-9999 -9999 -9999 -9999 -9999 -9999 -9999 -9999 -9999 4.465220845 6.564479567 8.983986341 10.98685951 11.02444985 10.80511383 10.77180147 10.64338967 10.7298976 10.18903911 9.545587963 8.859162782 7.958479894 7.547437506 8.145285566 9.074399733 9.79753363 10.48498716 10.90138024 10.98036988 10.95384252 10.96705269 10.81658748 11.0117435 11.10906086 11.35497419 11.34545603 11.13338373 10.77913045 10.57905204 10.35089311 10.16980403 10.0526591 9.957656908 10.03739778 10.09654831 10.06621783 9.984767654 9.850270843 9.907410692 9.9401097 9.900274063 9.826207884 9.712287399 9.602726163 9.493617459 9.482297157 9.570644049 9.598774781 9.558303198 9.421697168 9.244789887 9.067836672 8.84359151 8.696169028
-9999 -9999 -9999 -9999 -9999 -9999 -9999 -9999 -9999 -9999 -9999 6.279251717 8.600376277 8.772249643 8.927255533 9.381406781 9.752031412 10.21685222 10.19368832 9.903326467 9.401290768 8.553049438 7.783371117 7.995648923 8.371513376 8.913250919 9.754551876 10.56732975 10.70667965 11.0585095 11.17342728 11.15100171 11.43112149 11.20783065 11.16613183 11.0950148 10.76102117 10.60113183 10.49724005 10.3089276 10.14598248 10.01934244 9.893096925 9.994123072 10.13733926 10.11576727 10.04654592 9.893380839 9.961727987 10.01318939 9.943529259 9.811009396 9.665207928 9.577364318 9.533733425 9.565704941 9.682836531 9.735294706 9.701866722 9.544415467 9.355731137 9.16747651 8.913217747 8.729294106
-9999 -9999 -9999 -9999 -9999 -9999 -9999 -9999 -9999 -9999 -9999 -9999 -9999 5.472129271 6.336848901 7.35906656 8.504317582 9.509488272 10.00012398 10.25003813 10.2222057 9.676110826 9.210435647 8.583711248 8.056803255 8.151622833 8.735485191 9.458137033 10.0749816 10.65294644 11.10446909 10.95544049 10.79544933 10.77261501 10.8277255 10.58533089 10.54241096 10.49951273 10.42913766 10.43421683 10.32281878 10.08902565 10.00510136 10.08038002 10.22209027 10.25605918 10.17556045 10.14885449 10.10407447 10.06899285 9.962030694 9.724100458 9.542509424 9.558525538 9.621820872 9.72173114 9.922449307 9.980023136 9.929459859 9.780189025 9.564991832 9.327318778 9.066645223 8.86017574
-9999 -9999 -9999 -9999 -9999 -9999 -9999 -9999 -9999 -9999 -9999 -9999 -9999 -9999 -9999 5.203340795 6.722539908 8.257332966 9.485043758 10.42425506 10.7215615 10.53250739 10.00249357 9.168488758 8.267707984 7.967021262 8.075523739 8.357275459 8.985517575 9.815513175 10.24305971 10.24526631 10.20344457 10.26731739 10.23502826 10.28818457 10.34160565 10.38336949 10.37469966 10.41511955 10.34018172 10.17002581 10.0953273 10.20791941 10.36171333 10.37211249 10.30720049 10.23899493 10.18682743 10.15032342 10.02087765 9.763681089 9.610119053 9.720907265 9.916810081 10.09838605 10.29392109 10.3476137 10.23550837 10.0242092 9.773872986 9.534515533 9.289831602 9.04696283
-9999 -9999 -9999 -9999 -9999 -9999 -9999 -9999 -9999 -9999 -9999 -9999 -9999 -9999 -9999 -9999 -9999 6.359707896 8.365925243 10.15027532 11.12770633 10.87293714 10.27055924 9.928418434 9.188009076 8.522724577 7.968156833 7.380993255 8.098639028 8.716513194 9.233589253 9.89161953 10.06518051 10.12903418 9.971448893 9.974119886 10.13448623 10.22354086 10.27067748 10.21070411 10.22343375 10.16826384 10.11394925 10.29242496 10.49659806 10.50305619 10.31591538 10.1441839 10.17017669 10.2208905 10.12481826 9.903585107 9.788023186 9.979824893 10.37919102 10.57560772 10.64858634 10.7503 10.48576207 10.19109706 9.935966912 9.75033074 9.540039562 9.219277698
-9999 -9999 -9999 -9999 -9999 -9999 -9999 -9999 -9999 -9999 -9999 -9999 -9999 -9999 -9999 -9999 -9999 4.734236857 6.887751893 9.105328244 10.63999451 11.29536536 11.37332203 11.20121324 10.51090361 9.836474269 9.066282502 8.368773533 8.464061489 8.72381597 9.087068574 9.828023407 10.15180608 10.21318293 9.945260732 9.912911523 10.04608574 10.14752252 10.28811959 10.24226515 10.2635682 10.25463348 10.26324176 10.43199464 10.54314687 10.50515203 10.30648354 10.10861241 10.1076586 10.18639074 10.14595111 9.987903911 9.939058432 10.11311158 10.43134227 10.57130105 10.58782506 10.61404098 10.43474575 10.25056921 10.04899822 9.869801211 9.639216687 9.361802412
-9999 -9999 -9999 -9999 -9999 -9999 -9999 -9999 -9999 -9999 -9999 -9999 -9999 -9999 -9999 -9999 -9999 -9999 -9999 7.683691047 9.787396942 11.78730518 13.22281326 12.50121104 11.88287278 11.2368288 10.50022666 10.41607754 9.640217909 9.301123292 9.418843199 10.00502121 10.60760815 10.43110858 10.00118845 9.903361928 10.07608042 10.19665489 10.2602284 10.40594135 10.48361469 10.41999447 10.4758906 10.51716941 10.56128666 10.48043233 10.218932 10.04221969 10.0917802 10.11276308 10.10314853 10.04119123 10.01458951 10.08428156 10.18491259 10.24170362 10.24150715 10.12191612 10.21781184 10.25132775 10.12444717 9.918784152 9.64920255 9.431133331
-9999 -9999 -9999 -9999 -9999 -9999 -9999 -9999 -9999 -9999 -9999 -9999 -9999 -9999 -9999 -9999 -9999 -9999 -9999 7.498188904 9.784592686 11.77719329 12.93765772 12.77376562 12.10723438 11.65482211 11.29334707 11.14153549 10.50350963 10.03489759 9.964053295 10.38510503 10.72257373 10.71581003 10.42123847 10.28217366 10.18846476 10.22191624 10.32469132 10.42985197 10.52296018 10.61836383 10.60958484 10.4586826 10.35847163 10.24999814 10.12056053 10.04129106 10.0982376 10.15449129 10.13884999 10.03482626 9.933767514 9.954309794 9.997385052 10.01386731 9.999544469 9.974045774 10.06348186 10.11146537 10.0291143 9.877905212 9.641685663 9.496483277
-9999 -9999 -9999 -9999 -9999 -9999 -9999 -9999 -9999 -9999 -9999 -9999 -9999 -9999 -9999 -9999 -9999 -9999 -9999 -9999 10.16764283 11.50358688 12.23798745 12.17716997 11.4665622 11.17007288 11.25665588 11.24432661 10.84472672 10.48690172 10.34860392 10.64657739 10.80998264 10.9828724 10.93605266 10.81357943 10.44679198 10.09559167 10.28030191 10.38246561 10.45602478 10.65150791 10.67505178 10.41374885 10.06827505 9.936901922 9.977565513 10.03330778 10.16962422 10.2862258 10.25985832 10.04471059 9.804439612 9.837904314 9.895767229 9.909126743 9.923189001 9.955125554 9.998706983 9.996988316 9.966229169 9.893402004 9.670852978 9.670914464
-9999 -9999 -9999 -9999 -9999 -9999 -9999 -9999 -9999 -9999 -9999 -9999 -9999 -9999 -9999 -9999 -9999 -9999 -9999 -9999 10.18706367 11.48182479 11.8343661 11.50566232 10.66192918 10.45456936 10.82953538 11.09592242 10.97596995 10.67494443 10.66038581 10.88890808 11.13444406 11.26615328 11.2342643 11.13391199 11.00225936 10.7095772 10.40111907 10.27570888 10.25953122 10.53411404 10.61799457 10.41843906 10.01315243 9.886742488 9.892406231 10.05592454 10.31731752 10.47187945 10.43599739 10.13525177 9.850908567 9.803458531 9.854542449 9.87879573 9.913007486 9.932013177 9.995448997 10.03349706 10.07203314 10.12813484 10.12605997 10.14991333
-9999 -9999 -9999 -9999 -9999 -9999 -9999 -9999 -9999 -9999 -9999 -9999 -9999 -9999 -9999 -9999 -9999 -9999 -9999 -9999 10.20585594 11.26868415 11.95073624 11.14593833 9.976465201 9.838180807 10.56592541 11.08592819 10.96519005 10.80126976 10.86500295 11.14332114 11.51146726 11.42783846 11.40913326 11.39953979 11.39574765 11.49587031 10.81958521 10.30693834 10.13581743 10.41102368 10.76271086 10.36342833 9.970402309 9.857847897 9.903104094 10.06016527 10.37125332 10.67186407 10.64553774 10.22980906 9.864259396 9.847308371 9.883265962 9.915064317 9.962223145 9.949292143 10.09788698 10.19037689 10.30945989 10.51319523 10.69654513 10.65024069
-9999 -9999 -9999 -9999 -9999 -9999 -9999 -9999 -9999 -9999 -9999 -9999 -9999 -9999 -9999 -9999 -9999 -9999 -9999 -9999 9.878873178 10.96515043 11.1803654 10.84104514 10.14032283 10.04502183 10.48724011 10.90386167 10.90975877 10.8051468 10.96424544 11.32173452 11.65235977 11.64050793 11.56156543 11.54891602 11.69619225 11.70254361 11.33776495 10.86685296 10.54373618 10.38993368 10.33389915 10.17159587 9.991235931 9.971627741 10.02936049 10.13732027 10.38469632 10.57426747 10.56733611 10.3195437 10.0446056 9.977721091 9.997956922 10.04572106 10.15958406 10.25239953 10.34822353 10.44679765 10.60414153 10.82642903 11.01163781 11.0354135
-9999 -9999 -9999 -9999 -9999 -9999 -9999 -9999 -9999 -9999 -9999 -9999 -9999 -9999 -9999 -9999 -9999 -9999 -9999 -9999 9.556632502 10.40967427 10.80119739 10.703107 10.33459805 10.31170358 10.60449286 10.87180427 10.74839306 10.67704514 10.92684767 11.40519282 11.87249576 11.78365956 11.61079202 11.5688959 11.81790875 11.96670184 11.65062308 11.22630139 10.87164463 10.39211895 9.988884969 10.07885539 10.10810578 10.12925895 10.16958386 10.17789598 10.35298973 10.51613087 10.54037502 10.41001506 10.22760039 10.24847464 10.24315248 10.30023658 10.44149384 10.60161621 10.63109134 10.73018715 10.89493593 11.11598209 11.30735365 11.23520467
-9999 -9999 -9999 -9999 -9999 -9999 -9999 -9999 -9999 -9999 -9999 -9999 -9999 -9999 -9999 -9999 -9999 -9999 -9999 -9999 9.323389507 10.16049698 10.45217039 10.73328251 10.77855481 10.768753 10.65280744 10.58087483 10.53315424 10.65005639 10.93745615 11.37710908 11.77375431 11.77149925 11.63704913 11.62939034 11.81110686 11.8548304 11.47264261 10.91393454 10.58927804 10.49289167 10.51298216 10.34586797 10.25360409 10.24893027 10.27583302 10.31061055 10.4280482 10.57580699 10.64072505 10.6053979 10.59150258 10.63106716 10.72068897 10.75371375 10.73125181 10.7759893 10.83881156 10.99860132 11.11865624 11.23524589 11.36137596 11.26867177
-9999 -9999 -9999 -9999 -9999 -9999 -9999 -9999 -9999 -9999 -9999 -9999 -9999 -9999 -9999 -9999 -9999 -9999 -9999 -9999 9.239531559 10.0001158 10.38412519 10.86783654 11.11847257 11.06243129 10.61537739 10.31884549 10.27822241 10.51003617 10.85419323 11.32101298 11.73211456 11.70757201 11.53843939 11.53051737 11.7501779 11.79136074 11.23698131 10.61871297 10.36260488 10.54788119 10.80042045 10.55704521 10.39818341 10.3615027 10.2980434 10.40334597 10.52774579 10.6623622 10.76905941 10.80946707 10.90974437 10.98214485 11.14429572 11.16188164 11.02035998 10.92341557 10.96406419 11.10285413 11.14314276 11.14665968 11.24647342 11.08073789
-9999 -9999 -9999 -9999 -9999 -9999 -9999 -9999 -9999 -9999 -9999 -9999 -9999 -9999 -9999 -9999 -9999 -9999 -9999 7.108619445 9.161375876 10.11097561 10.59340029 11.04710158 11.17589459 11.02534263 10.50911672 10.07578919 10.10704613 10.36876136 10.75290054 11.28940496 11.61773336 11.61249288 11.40509941 11.41878179 11.71862765 11.70407069 11.28633119 10.72754379 10.49021279 10.57926431 10.68171517 10.60387358 10.41659518 10.38465346 10.42055121 10.51844636 10.60751532 10.70752182 10.80744887 10.89023673 11.03656768 11.14861674 11.31149856 11.32074431 11.20616101 11.15321577 10.99032924 10.91799993 10.82674943 10.74944358 10.70353965 10.64771205
-9999 -9999 -9999 -9999 -9999 -9999 -9999 -9999 -9999 -9999 -9999 -9999 -9999 -9999 -9999 -9999 -9999 -9999 -9999 7.152075237 9.21709985 10.20900485 10.82058455 11.19483978 11.22010322 10.98297845 10.34196276 9.90414405 10.11060619 10.52483993 10.97126748 11.43979109 11.68360504 11.64056402 11.41436069 11.49338846 11.82870502 11.86947761 11.56031186 11.04719245 10.76108952 10.75301401 10.78547406 10.65742644 10.5149659 10.48426239 10.59067228 10.65869679 10.69654515 10.72824415 10.79780325 10.90332785 11.04995899 11.13650797 11.29696232 11.29718651 11.17710558 11.12021039 10.84839224 10.63233998 10.47934475 10.33434486 10.15909758 10.13672385
-9999 -9999 -9999 -9999 -9999 -9999 -9999 -9999 -9999 -9999 -9999 -9999 -9999 -9999 -9999 -9999 -9999 -9999 -9999 7.292712813 9.368042104 10.42462065 10.93566466 11.25764118 11.16996765 10.87577234 10.25706437 9.891143141 10.33335325 11.1466257 11.61120679 11.74173949 11.82217569 11.75100607 11.74147166 11.77645765 11.93204482 12.05225937 11.70634415 11.33243738 11.06948227 10.90723814 10.93643028 10.77211607 10.77556284 10.78668481 10.79237653 10.87020405 10.80944925 10.74851587 10.7591936 10.82113991 10.91230152 10.99899386 11.07468647 11.02641562 10.88839802 10.70094769 10.4908393 10.32653137 10.07478288 9.877665882 9.736300567 9.401316404
-9999 -9999 -9999 -9999 -9999 -9999 -9999 -9999 -9999 -9999 -9999 -9999 -9999 -9999 -9999 -9999 -9999 -9999 -9999 7.445780673 9.515297454 10.49737302 11.04340781 11.28636567 11.1082512 10.84813363 10.33341515 10.05419536 10.63946724 11.5769077 12.00969078 11.97891332 11.94537715 11.89478434 11.92984852 11.92713183 11.97096438 11.95833098 11.59117548 11.36665873 11.13920421 10.87903399 10.90324192 10.85956105 10.90378998 10.94374548 10.92245188 10.9880943 10.89510175 10.78586343 10.74842043 10.78413367 10.80477389 10.82091233 10.80560134 10.70195665 10.5618429 10.33429365 10.11506985 9.8969812 9.650728096 9.423117518 8.985202689 8.192269929
-9999 -9999 -9999 -9999 -9999 -9999 -9999 -9999 -9999 -9999 -9999 -9999 -9999 -9999 -9999 -9999 -9999 -9999 -9999 7.526315494 9.582831817 10.58970658 11.10135712 11.30000937 11.05646025 10.81578826 10.50385554 10.44552694 10.92494631 11.75931647 12.13835023 11.98163439 11.89481037 12.02899775 12.02148362 11.96756697 11.85862588 11.57697371 11.47473456 11.21335463 10.99029523 10.84396628 10.63265887 10.73738801 10.87755157 10.94494313 10.9870884 10.9200871 10.88842525 10.85360354 10.80401044 10.79396359 10.74989967 10.68619829 10.54702388 10.4023912 10.31732142 10.08062028 9.853158423 9.538706799 9.03221071 8.642129557 7.984004524 6.488237537
-9999 -9999 -9999 -9999 -9999 -9999 -9999 -9999 -9999 -9999 -9999 -9999 -9999 -9999 -9999 -9999 -9999 -9999 -9999 7.508219797 9.567236482 10.75556388 11.31242388 11.45381253 11.11557951 10.93475973 10.70191202 10.74129895 11.14782046 11.80490514 12.07748346 12.01679689 11.9762387 12.06769435 12.10683604 12.08751586 11.97455419 11.66769504 11.57262775 11.32796905 11.06252118 10.8269408 10.60203583 10.7235937 10.85820848 10.9441029 10.96943925 10.90604232 10.91369596 10.89730024 10.85989164 10.85019528 10.76884095 10.65922221 10.46599274 10.308078 10.24494274 9.991554574 9.75900806 9.205057174 8.374326929 7.459378044 6.245780102 4.643967321
-9999 -9999 -9999 -9999 -9999 -9999 -9999 -9999 -9999 -9999 -9999 -9999 -9999 -9999 -9999 -9999 -9999 -9999 -9999 7.397437876 9.496034056 10.90435464 11.74646807 11.79155042 11.35053752 11.05856196 10.86853757 10.79859336 11.07359351 11.66023137 11.96420491 11.98137349 12.07535918 12.18682456 12.25182479 12.2532981 12.20051329 12.1311116 11.83014664 11.62268889 11.33848318 10.93879469 10.77104885 10.80262398 10.9250622 10.9779172 10.92267301 10.89837069 10.91691841 10.94475736 10.92546141 10.89209436 10.8142199 10.66627754 10.53523161 10.37185077 10.2765435 10.06531134 9.722836945 9.091336516 7.82006682 6.081652419 4.025877091 -9999
-9999 -9999 -9999 -9999 -9999 -9999 -9999 -9999 -9999 -9999 -9999 -9999 -9999 -9999 -9999 -9999 -9999 -9999 -9999 7.273499845 9.454451012 11.08512482 11.97640217 12.13285998 11.63395474 11.26005202 10.95025414 10.79190995 10.8933668 11.23870477 11.53849108 11.8233486 12.08441437 12.2057156 12.26952164 12.32840932 12.27922868 12.20479756 11.96671828 11.73394012 11.45920748 11.13688752 10.97334749 10.9300158 11.00214357 10.99620076 10.92571193 10.89997998 10.94291267 10.99222823 10.97476898 10.92409079 10.82671766 10.69033255 10.54986117 10.38526248 10.28543847 10.0369512 9.723423589 8.993490916 7.502913606 5.37388315 3.257840407 -9999
-9999 -9999 -9999 -9999 -9999 -9999 -9999 -9999 -9999 -9999 -9999 -9999 -9999 -9999 -9999 -9999 -9999 -9999 4.90443386 7.335903895 9.51562595 11.3395095 12.40277511 12.47794902 12.01795956 11.54099107 11.04475093 10.77094277 10.66323833 10.70138761 11.00233114 11.5983359 12.0259236 12.13582666 12.12972345 12.21626995 12.10771047 12.02004343 11.79691702 11.5755369 11.3414483 11.19804292 11.111559 10.99979896 11.01642711 10.94860898 10.8824949 10.86555004 10.93406879 11.02429991 11.015489 10.92162814 10.80806745 10.64961248 10.494416 10.31935146 10.22272903 9.99424886 9.619891414 9.025398617 7.455020548 5.194929706 3.054959258 -9999
-9999 -9999 -9999 -9999 -9999 -9999 -9999 -9999 -9999 -9999 -9999 -9999 -9999 -9999 -9999 -9999 -9999 -9999 5.428885308 7.944327022 10.14658763 11.89128293 12.84116901 12.90315961 12.33571033 11.80915586 11.32209883 10.94631574 10.74725896 10.88586758 11.08422339 11.41151324 11.74901063 11.94883097 11.96590185 12.02554535 11.92520659 11.81417601 11.64619882 11.50543806 11.33600063 11.17692591 11.09019884 11.03445772 11.02040627 10.97582765 10.90518146 10.89289983 10.94936323 11.01735156 10.99304752 10.89832984 10.76302472 10.60363269 10.43023213 10.23071661 10.08552259 9.80837523 9.543569496 8.926329121 7.40039181 5.170953268 3.107811976 -9999
-9999 -9999 -9999 -9999 -9999 -9999 -9999 -9999 -9999 -9999 -9999 -9999 -9999 -9999 -9999 -9999 -9999 -9999 6.366378978 8.94677156 10.95567315 12.39843955 13.54763084 13.05233244 12.4935498 11.85733869 11.30675999 11.0632345 10.86994652 11.13425949 11.31684636 11.26763661 11.4382708 11.58262423 11.66426898 11.72607216 11.67388817 11.66237648 11.54616349 11.45352987 11.37020986 11.1994363 11.08319045 11.03528716 11.02794381 10.96080249 10.89707324 10.87886386 10.9014389 10.95933351 10.92157267 10.80928337 10.70121302 10.52347213 10.35277685 10.1525294 9.977857159 9.65604532 9.421178841 8.953617602 7.451561095 5.172573751 2.940579877 -9999
-9999 -9999 -9999 -9999 -9999 -9999 -9999 -9999 -9999 -9999 -9999 -9999 -9999 -9999 -9999 -9999 -9999 -9999 7.630092149 9.702564231 11.41340263 12.63715129 13.16164825 12.92105049 12.14696203 11.46721964 10.77303062 10.54144852 10.69614692 11.18764082 11.34308337 11.19745065 11.05005339 11.14666564 11.30976426 11.37995754 11.25125843 11.15398594 11.2813777 11.4447306 11.43231848 11.28748722 11.12153734 11.04875168 10.99257971 10.92446534 10.86774131 10.8248653 10.81944483 10.81592064 10.75794257 10.66159833 10.53552938 10.40394014 10.25773723 10.08850922 9.96314761 9.761913908 9.529082184 9.004438772 7.477170871 5.156407403 3.108962159 -9999
-9999 -9999 -9999 -9999 -9999 -9999 -9999 -9999 -9999 -9999 -9999 -9999 -9999 -9999 -9999 -9999 -9999 7.156797169 8.942901594 10.47868227 11.8129676 12.63526846 12.92615136 12.48383597 11.64529748 10.96704521 10.31393627 9.582544807 10.35197246 11.08507924 11.28955458 10.9607621 10.55207416 10.93075325 11.01368542 10.9781891 10.82572085 10.53004701 10.95605737 11.36646204 11.48905121 11.36332309 11.16823391 11.04798215 10.96199226 10.87898538 10.82078925 10.74796696 10.71489606 10.65840171 10.58129513 10.49494952 10.36452343 10.27196115 10.17233736 10.09755921 10.12280469 9.863592003 9.335655859 8.871872685 7.246530257 4.789125804 -9999 -9999
-9999 -9999 -9999 -9999 -9999 -9999 -9999 -9999 -9999 -9999 -9999 -9999 -9999 -9999 -9999 -9999 -9999 7.722416444 9.746352124 11.30850663 12.35314644 12.74433754 12.560156 12.15901657 11.41682926 10.78668132 10.16749866 9.919955272 10.26361288 10.7531799 10.96359773 10.88159855 10.6181084 10.82312786 10.91039315 10.89214908 10.62376765 10.4552694 10.85895621 11.28171952 11.42131222 11.37909426 11.13934583 11.05346944 10.97675906 10.88194412 10.80807331 10.72143222 10.63749121 10.54592234 10.45117382 10.36822537 10.27683321 10.19236454 10.17536864 10.0585158 10.06006549 9.744661289 8.644287827 7.227201013 5.564694985 -9999 -9999 -9999
