meets/meet004/data/CCSM_6k_neotropic_bio19.asc
NCOLS 154 
NROWS 168 
XLLCORNER -112 
YLLCORNER -55.5 
CELLSIZE 0.5 
NODATA_value -9999 
[rows 29 to 57 of 168, columns 64 to 127 of 154]
-9999 -9999 -9999 -9999 -9999 -9999 -9999 -9999 -9999 -9999 -9999 -9999 -9999 -9999 -9999 -9999 -9999 -9999 -9999 -9999 -9999 -9999 -9999 -9999 -9999 -9999 -9999 -9999 -9999 -9999 -9999 -9999 -9999 -9999 -9999 -9999 -9999 44.62780073 -9999 -9999 -9999 -9999 -9999 -9999 -9999 -9999 -9999 -9999 -9999 -9999 -9999 -9999 -9999 -9999 -9999 -9999 -9999 -9999 -9999 -9999 -9999 -9999 -9999 -9999
-9999 -9999 -9999 -9999 -9999 -9999 -9999 -9999 -9999 -9999 -9999 -9999 -9999 -9999 -9999 -9999 -9999 -9999 -9999 -9999 -9999 -9999 -9999 -9999 -9999 -9999 -9999 -9999 -9999 -9999 -9999 -9999 -9999 -9999 -9999 -9999 -9999 44.5572169 -9999 -9999 -9999 -9999 -9999 -9999 -9999 -9999 -9999 -9999 -9999 -9999 -9999 -9999 -9999 -9999 -9999 -9999 -9999 -9999 -9999 -9999 -9999 -9999 -9999 -9999
-9999 -9999 -9999 -9999 -9999 -9999 -9999 -9999 -9999 -9999 -9999 -9999 -9999 -9999 -9999 -9999 -9999 -9999 -9999 -9999 -9999 -9999 -9999 -9999 -9999 -9999 -9999 -9999 -9999 -9999 -9999 -9999 -9999 -9999 -9999 -9999 -9999 -9999 -9999 -9999 -9999 -9999 -9999 -9999 -9999 -9999 -9999 -9999 -9999 -9999 -9999 -9999 -9999 -9999 -9999 -9999 -9999 -9999 -9999 -9999 -9999 -9999 -9999 -9999
-9999 -9999 -9999 -9999 -9999 -9999 -9999 -9999 -9999 -9999 -9999 -9999 -9999 -9999 -9999 -9999 22.57963168 -9999 -9999 -9999 -9999 -9999 -9999 -9999 -9999 -9999 -9999 -9999 -9999 -9999 -9999 -9999 -9999 -9999 -9999 -9999 87.93502384 -9999 -9999 -9999 -9999 -9999 -9999 -9999 -9999 -9999 -9999 -9999 -9999 -9999 -9999 -9999 -9999 -9999 -9999 -9999 -9999 -9999 -9999 -9999 -9999 -9999 -9999 -9999
-9999 -9999 -9999 -9999 -9999 -9999 -9999 -9999 -9999 -9999 -9999 -9999 -9999 -9999 38.04822948 37.95476721 32.55920096 -9999 -9999 -9999 -9999 -9999 -9999 -9999 -9999 -9999 -9999 -9999 -9999 -9999 -9999 -9999 -9999 -9999 -9999 -9999 -9999 -9999 -9999 -9999 -9999 -9999 -9999 -9999 -9999 -9999 -9999 -9999 -9999 -9999 -9999 -9999 -9999 -9999 -9999 -9999 -9999 -9999 -9999 -9999 -9999 -9999 -9999 -9999
-9999 -9999 -9999 -9999 -9999 -9999 -9999 -9999 -9999 -9999 47.92604306 14.22140328 18.87038669 23.79487337 29.2828137 33.48912753 -9999 -9999 43.76888632 48.05948641 51.25514918 53.64742052 56.01756778 -9999 -9999 -9999 -9999 -9999 -9999 -9999 -9999 -9999 -9999 -9999 -9999 -9999 -9999 -9999 -9999 -9999 -9999 -9999 -9999 -9999 -9999 -9999 -9999 -9999 -9999 -9999 -9999 -9999 -9999 -9999 -9999 -9999 -9999 -9999 -9999 -9999 -9999 -9999 -9999 -9999
-9999 -9999 -9999 -9999 -9999 -9999 -9999 -9999 -9999 76.87928633 11.76082475 16.22907445 22.60647405 25.9831365 31.36485751 35.70407678 39.70337046 45.17342349 47.75379754 53.46518461 56.3196271 57.22653486 61.84877651 58.72829711 -9999 -9999 -9999 -9999 -9999 -9999 -9999 -9999 -9999 -9999 -9999 -9999 -9999 -9999 -9999 -9999 -9999 -9999 -9999 -9999 -9999 -9999 -9999 -9999 -9999 -9999 -9999 -9999 -9999 -9999 -9999 -9999 -9999 -9999 -9999 -9999 -9999 -9999 -9999 -9999
-9999 -9999 -9999 -9999 -9999 -9999 -9999 -9999 -9999 9.546257571 11.98488655 15.54963573 19.85233079 24.61765801 29.83049375 34.45721563 38.70247301 42.96833394 46.78141071 50.39596016 52.21354743 52.81662333 52.75147202 51.52110136 50.73315688 50.09232081 49.39347335 49.6218834 49.74495106 50.55543921 53.46825272 58.69488396 65.96440699 75.52811483 85.44701338 -9999 -9999 -9999 -9999 -9999 -9999 -9999 -9999 -9999 -9999 -9999 -9999 -9999 -9999 -9999 -9999 -9999 -9999 -9999 -9999 -9999 -9999 -9999 -9999 -9999 -9999 -9999 -9999 -9999
-9999 -9999 -9999 -9999 -9999 -9999 -9999 -9999 -9999 10.35158776 12.00965344 14.49202238 17.3348421 22.47730296 27.74267828 32.82298517 37.52877721 41.11266346 44.94051361 46.68903731 46.78642673 45.71992991 42.699899 41.04871752 38.94298508 38.41305132 39.82342289 40.7820732 43.23743396 46.27951997 50.70096007 57.6865008 66.01272041 76.21666211 87.2408293 95.4565244 99.5632282 -9999 -9999 -9999 -9999 -9999 -9999 -9999 -9999 -9999 -9999 -9999 -9999 -9999 -9999 -9999 -9999 -9999 -9999 -9999 -9999 -9999 -9999 -9999 -9999 -9999 -9999 -9999
172.6278271 177.8869702 194.678505 200.4482655 -9999 -9999 -9999 -9999 12.26726327 675.8422489 12.69104371 14.02262227 16.44983162 21.29900934 26.95991562 32.63647244 37.86202949 41.62008406 44.68767296 45.48807797 43.78464829 39.6533561 34.62218824 31.88230427 29.64346892 29.54016128 31.76817333 34.111499 38.26106324 43.21336947 48.73953239 56.37344868 65.43538993 75.95522453 87.43035165 97.19455415 104.2811283 108.0783164 -9999 -9999 -9999 -9999 -9999 -9999 -9999 -9999 -9999 -9999 -9999 -9999 -9999 -9999 -9999 -9999 -9999 -9999 -9999 -9999 -9999 -9999 -9999 -9999 -9999 -9999
222.5709673 -9999 -9999 42.45945731 35.98461731 30.53766444 25.06149784 1036.693538 936.2944284 866.3688458 773.2592914 15.72782039 17.45911787 23.02125031 29.6654863 37.21288049 43.74859022 46.95930455 48.29040244 46.9730511 42.11266408 36.00178749 30.01826289 26.83536801 24.64267764 24.9322851 27.47593965 30.68333612 35.79850232 41.56044111 48.21409524 56.23147978 65.15012802 75.8601456 87.67614222 98.86640562 109.3472896 116.1856642 -9999 -9999 -9999 -9999 -9999 -9999 -9999 -9999 -9999 -9999 -9999 -9999 -9999 -9999 -9999 -9999 -9999 -9999 -9999 -9999 -9999 -9999 -9999 -9999 -9999 -9999
-9999 -9999 -9999 355.1615673 44.94291444 41.99850878 35.30792707 29.46009679 25.98360518 22.28635757 20.23470828 19.76459654 21.31270048 28.45865939 37.18841084 46.21170298 54.20885339 56.57646744 54.50335954 49.41815439 42.10556722 34.51965478 29.25848407 26.04401506 24.13194067 24.68891265 27.22272851 30.96258723 36.47191234 42.34929841 49.46894943 57.98862472 65.5418733 77.40791075 88.89275005 100.6619737 113.7023351 122.8720603 127.2729922 127.7137894 123.3233391 -9999 -9999 -9999 -9999 -9999 -9999 -9999 -9999 -9999 -9999 -9999 -9999 -9999 -9999 -9999 -9999 -9999 -9999 -9999 -9999 -9999 -9999 -9999
-9999 -9999 -9999 482.0094921 57.88629235 56.54270584 52.51000419 45.23490812 39.01234575 32.67023598 28.24921188 27.88940183 30.09986621 39.53617855 50.49941225 61.31546179 69.2189893 69.68072317 61.28987889 49.54480672 39.31318997 32.68263159 1023.75344 953.7958359 24.91952392 25.57667508 28.61667594 33.13990023 39.83831505 47.07826155 55.77797132 65.39530125 74.03971008 85.81351989 96.58898262 108.5243685 121.9975764 132.7660261 140.6254397 143.7115133 142.5929761 136.7758729 -9999 -9999 -9999 -9999 -9999 -9999 -9999 -9999 -9999 -9999 -9999 -9999 -9999 -9999 -9999 -9999 -9999 -9999 -9999 -9999 -9999 -9999
-9999 -9999 -9999 -9999 692.1888109 77.91455822 73.16993356 65.71155997 56.1372969 45.27519796 39.32296631 38.84107127 42.90146106 53.69946716 67.9947231 79.19193292 85.04379018 86.23695428 66.3224741 45.67088897 1300.983391 1279.100108 1258.976572 1168.525218 1089.882371 27.3922053 31.09479258 36.39363409 44.64528077 55.09957892 65.61332654 77.12753158 89.42580628 98.95263095 109.7333353 121.2740614 134.1329017 145.7528431 156.0283776 161.3753355 162.6194623 159.850341 151.2047093 -9999 -9999 -9999 -9999 -9999 -9999 -9999 -9999 -9999 -9999 -9999 -9999 -9999 -9999 -9999 -9999 -9999 -9999 -9999 -9999 -9999
-9999 -9999 -9999 -9999 -9999 888.4770234 108.7350876 93.46984895 78.42386769 63.46315216 53.68937325 51.5015916 54.59706403 66.18855798 80.96119703 89.97026047 90.35926494 84.98310648 65.3906565 1518.727542 1521.691693 1546.308263 1515.056832 1455.267619 1354.642003 31.91341381 35.83073059 41.09405141 49.51126064 60.57604753 72.31254554 85.7784051 99.20180209 109.3390151 120.0082696 130.7592491 143.5187866 158.0140247 172.1295566 183.2369352 188.3963286 185.1034101 175.9343097 162.7427933 -9999 -9999 -9999 -9999 -9999 -9999 -9999 -9999 -9999 -9999 -9999 -9999 -9999 -9999 -9999 -9999 -9999 -9999 -9999 -9999
-9999 -9999 -9999 -9999 -9999 1009.903125 968.7389653 126.7226029 105.0621715 83.66068854 70.40862985 63.62450509 62.8826491 73.69626278 89.04975771 94.2252596 86.51370188 75.78687171 60.64646446 1665.947365 1697.532195 1740.366698 1762.035022 1693.420049 1585.355719 39.26653116 41.94539358 46.63624262 53.71850189 63.47268957 75.31394848 90.22173132 104.7004613 113.9162125 124.4238797 134.2778272 147.6021205 166.3950984 183.6964333 204.801743 213.4670261 207.8668705 198.7074896 183.3713978 168.6935455 -9999 -9999 -9999 -9999 -9999 -9999 -9999 -9999 -9999 -9999 -9999 -9999 -9999 -9999 -9999 -9999 -9999 -9999 -9999
-9999 -9999 -9999 -9999 -9999 1086.843877 1030.149773 168.1612642 134.6684166 106.5503724 87.74867479 76.61405067 73.23283079 79.22040727 87.3152687 89.0280475 81.49711841 71.46460251 1687.310874 1759.811338 1815.363572 1879.482159 1905.994586 1884.175055 56.86876104 53.1824036 53.65907281 54.91983218 59.331656 66.70341583 76.89797183 90.37526414 102.7415019 111.224174 119.0521831 126.0917392 137.338904 154.6791587 177.8217843 204.264047 218.0251254 216.669614 209.5785637 194.7709509 179.2192595 168.1606591 161.7633689 160.1468555 162.0916434 164.9267509 167.4869597 168.2129954 -9999 -9999 -9999 -9999 -9999 -9999 -9999 -9999 -9999 -9999 -9999 -9999
-9999 -9999 -9999 -9999 -9999 1139.879808 1039.996088 208.0244227 160.5033913 124.9393086 102.106807 87.77600509 81.24783186 82.67488781 83.84499654 83.0941865 78.76803923 1559.062403 1649.357588 1761.2106 1825.263293 1907.424283 1988.053274 1943.75258 79.72491077 72.96672729 67.45449651 63.98633612 65.08517147 69.08990838 76.90844798 87.84041944 98.29168144 103.2623152 107.4651143 111.4226669 118.7387673 130.3115721 158.7478466 190.1914578 207.8087293 211.9348287 213.4207664 195.9553271 181.4211374 172.9888734 172.7787764 176.32001 182.8765237 191.4897268 197.8214175 203.0337768 208.0575326 205.4318368 202.1952801 -9999 -9999 -9999 -9999 -9999 -9999 -9999 -9999 -9999
-9999 -9999 -9999 -9999 -9999 1133.490372 1023.50252 248.2348963 184.89991 139.4344285 113.6450059 98.75718618 91.43735123 89.64427241 87.93440882 86.91011653 85.81885472 1461.147457 1579.74195 1669.68589 1754.719428 1853.187695 848.808676 848.5067036 804.7829345 101.005825 88.66726924 77.36397101 71.76976715 71.83369936 75.39933836 81.98103228 89.11339357 92.1355367 93.81137698 95.0730498 98.84462128 109.5331194 132.4711373 160.0796502 179.2430179 188.6491115 191.9234102 185.5281657 178.3741864 176.3140043 181.0302327 189.1921419 200.5256726 213.0214334 223.7953559 233.9445715 241.6408512 245.6843553 245.5238928 240.2810374 -9999 -9999 -9999 -9999 -9999 -9999 -9999 -9999
-9999 -9999 -9999 -9999 -9999 1103.805864 971.7122966 267.4780403 200.7335116 147.2350379 120.8951204 110.2656694 101.8838793 99.50932919 97.66743447 97.3728313 101.4890648 1352.494699 1425.591254 1513.960242 807.7253113 906.235217 979.6960957 970.9660245 921.2544402 856.0304884 759.2750048 87.46190986 77.20469998 71.27583248 71.14341238 73.14807595 79.59695299 78.00617386 78.73490667 78.3583026 79.35003701 84.82294861 102.7701345 126.6838122 144.9022246 157.3116265 167.5676381 168.7940676 171.5358704 175.781244 186.2232042 198.8973663 213.3426379 229.98101 243.8003554 257.8279367 270.5961429 278.7284153 285.6706815 284.9272308 278.5736954 264.6021036 -9999 -9999 -9999 -9999 -9999 -9999
-9999 -9999 -9999 -9999 -9999 1009.814447 890.2097005 288.4881191 209.97067 157.6676487 133.678659 125.1257985 121.8854526 118.6012863 114.4347424 117.4411908 129.0101204 143.595455 164.9446806 189.8984186 897.502891 984.0582743 1036.757394 1048.392606 1014.240542 953.77915 860.7743628 753.7603016 656.832285 68.28496275 62.81924356 61.14774655 60.83855509 61.5654662 61.97287254 61.27340186 60.89336523 767.9443879 77.84528895 93.54846041 109.9970894 126.38531 138.8572788 151.4312323 163.8526698 174.4649664 188.5577308 203.8354017 221.0217544 239.7773453 256.003093 272.5204132 288.350661 303.9806932 317.9148582 326.2045251 326.8090153 319.5810008 -9999 -9999 -9999 -9999 -9999 -9999
-9999 -9999 -9999 -9999 -9999 911.9509781 799.5843192 284.1047264 213.8988539 165.6139723 145.0597734 142.5540429 144.6721018 142.1237237 138.4631793 146.0207903 166.53951 186.1740651 216.5949818 248.3905149 282.5085409 1029.736099 1086.203161 1093.294796 1075.336812 1022.893851 925.3613091 838.4839587 722.5177497 614.4634866 551.1571233 826.4103889 821.0376211 824.6994858 829.54012 824.0866874 797.9117021 783.39617 766.1002195 752.3151848 744.8729011 107.4015918 118.6256995 141.2177022 159.2931472 174.4033803 190.5203641 206.696667 225.04621 245.250888 262.3536784 280.8417066 300.2390811 320.5357225 343.2701095 360.6709573 371.7445576 375.2020697 -9999 -9999 -9999 -9999 -9999 -9999
-9999 -9999 -9999 -9999 -9999 781.1481935 709.6705785 283.4775642 223.0745245 180.9315022 162.0778553 160.8333416 164.9255856 170.1273011 176.5823245 189.8554796 213.0236535 240.4165449 272.9819913 309.7407311 347.0478487 380.7039279 1091.386441 1099.04695 1077.848775 1029.349422 954.484957 866.8528565 768.4398967 668.7511177 605.4959393 811.2879763 809.3681201 823.1310506 824.0541016 820.9608298 809.4883635 791.9323604 777.8988911 754.1411889 91.52617948 108.2599479 124.3676265 143.3749649 162.4637802 178.2747526 194.5316755 210.2386179 227.9321298 246.3751393 263.8692558 283.8919763 304.400283 330.6597597 358.0446374 383.1715618 406.4012743 418.2907911 -9999 -9999 -9999 -9999 -9999 -9999
-9999 -9999 -9999 769.0986087 734.5743262 684.7699917 628.1715274 285.1388903 242.9175801 201.5892906 183.3467108 184.3315296 190.4962338 203.9727463 219.1862534 239.2191769 268.3277406 297.8300351 335.2560132 373.3786432 412.2348133 447.2035908 459.4915932 1075.827519 1054.583541 1012.353799 939.144297 874.1578287 798.0131663 701.5043302 651.3259377 600.5580431 63.71119988 60.67923998 58.67112673 796.8103599 789.877987 776.7198681 80.69794242 93.99518432 107.3641349 122.5945786 137.7525513 155.1473828 173.115787 188.0442739 203.876114 216.5458221 233.4132594 250.4317952 267.059233 288.7106405 308.3696792 339.1253837 370.6544242 401.6433664 434.8310234 355.0587008 344.6627716 -9999 -9999 -9999 -9999 -9999
-9999 -9999 746.0743067 713.4629864 663.9413153 625.9343065 621.1872089 613.7145833 631.9708749 666.4693677 687.3257235 708.3588808 731.6999475 769.3298627 267.4093374 292.6775622 323.1757668 357.9950067 396.8920782 437.7049994 475.4034739 503.4197733 506.9197573 462.9176003 394.8498878 317.8710695 913.6969738 852.4403516 785.3396545 721.4688527 678.1390551 87.32985682 80.26196138 76.2366271 74.01538556 75.5518915 81.86120894 90.60527262 102.6157781 116.6879006 130.3810151 144.833793 159.6606901 175.4441733 190.9122029 204.617697 217.7941631 230.6294793 244.933735 260.5108665 277.1249561 297.6694106 320.8449369 351.4658328 385.4900256 419.4375511 410.1055397 415.6440698 406.1449795 396.0677161 -9999 -9999 -9999 -9999
-9999 -9999 700.8462423 640.8071028 596.5372997 584.2850381 594.5387899 627.0879664 651.4962742 689.3373889 714.9326886 751.2485171 774.6641476 797.0971357 824.995034 851.5588564 889.71286 420.8710859 951.6356583 982.7611693 1001.209152 1014.093873 1028.991762 999.1732934 974.3149678 936.3966324 877.1418508 832.4887395 785.1431544 732.7114499 705.7893716 679.0295969 101.7354784 99.55694395 97.01881592 100.146953 109.0259237 117.2510018 132.7295526 146.9201099 160.7194986 176.5686624 188.0999845 202.7112281 216.120734 226.418711 238.1295444 248.1935516 260.153789 274.378531 289.5632055 310.4753195 333.4592032 364.2821724 400.4156041 463.5904441 479.4851193 484.3572999 492.7603286 486.7245792 -9999 -9999 -9999 -9999
753.1131129 707.4712864 649.3199193 594.0437328 545.9892112 538.5633049 581.2133715 619.3667294 660.4505765 696.7474391 730.4264651 768.4309619 802.365961 822.3192436 838.097448 859.9050658 893.0613003 923.2140663 946.2727084 959.2344977 974.0372099 984.2159688 984.9803169 963.9554055 933.2364178 896.1316062 859.8850473 822.0128561 786.2869041 757.5852451 730.6765523 716.2515809 705.5829165 693.0268787 685.1674966 676.7761346 677.9375448 150.8547923 165.8562817 182.7145342 197.0318463 697.1485877 689.7087969 233.3634483 245.1586855 254.1207722 260.5509005 268.8725723 278.2448503 289.8890535 305.4749705 325.1665396 349.4014807 380.7202148 502.1036032 521.0135491 536.4342468 556.3289252 565.1256608 583.8097066 -9999 -9999 -9999 -9999
770.9062313 691.28633 604.8796835 540.306912 492.9795876 512.1618813 560.6365423 613.5454172 654.2548233 696.4844737 725.0250893 767.2268147 808.4908983 824.4118869 840.4184773 853.901212 880.6797492 904.1798437 917.4834768 931.2238645 936.4934955 938.0502862 933.9234552 914.9514433 893.7463503 866.8876003 832.9387871 807.8275843 786.3440111 765.1196176 755.4733585 747.0351503 744.9817528 742.0792435 733.1620856 734.6368976 745.5308309 749.4606097 760.9077515 762.9717451 767.9260764 767.127126 757.0694494 738.5630725 703.8232391 671.7267857 289.9175059 293.4894647 299.7253732 309.0605702 322.4286481 343.1559965 516.2384264 535.1407892 557.7557187 586.5957138 617.1613758 642.2766024 660.5092925 673.9339994 679.4910762 -9999 -9999 -9999
774.1672584 676.5516703 572.150583 503.7853116 453.5866711 474.5902766 540.936843 609.4057316 646.5001965 683.2639096 711.4334315 759.0115644 798.2273506 812.4359119 827.5552512 838.5368099 859.5311696 879.5858227 887.3331277 891.1411759 894.1344769 893.7125491 888.8676161 875.5355183 856.889196 833.3917261 818.1925075 800.978346 784.7291932 771.3306949 762.2255724 769.0342793 768.3580019 776.4105748 781.2153437 785.2436014 797.7897068 805.7571882 817.3727531 821.9171332 826.5874754 820.0853263 805.3455388 781.950272 743.6509158 709.9847943 667.677816 627.5930696 597.386268 565.952911 553.0017435 556.6465569 564.4508292 589.7049768 625.9963928 653.6555858 688.9723726 714.4635804 741.5055254 772.8627137 781.0386757 781.3944062 777.8317772 -9999
