meets/meet004/data/CCSM_6k_neotropic_bio15.asc
NCOLS 154 
NROWS 168 
XLLCORNER -112 
YLLCORNER -55.5 
CELLSIZE 0.5 
NODATA_value -9999 
[rows 87 to 115 of 168, columns 64 to 127 of 154]
-9999 -9999 -9999 -9999 -9999 -9999 -9999 -9999 -9999 76.94293757 78.54461096 76.28137866 73.01632196 68.95982158 63.66584742 60.46309816 57.20755101 55.06050637 53.59829088 53.22597864 52.73559007 53.57464782 53.72906601 56.31470663 58.69293511 60.67117323 61.63379327 63.98031173 66.33828588 68.72683102 69.68467703 71.77021307 72.9503879 74.03432566 75.0746629 75.99332924 77.07534262 78.08363121 79.142827 80.12215053 80.86052253 81.57942636 82.1958749 82.99987153 83.75397319 84.5887474 85.65260529 86.64721351 87.71513618 88.71607295 89.52199313 90.34991774 91.08537686 91.95081573 92.76926921 93.53161731 94.46783377 95.32676025 96.11953645 96.81178792 97.30539492 97.64584927 97.76244563 97.7588186
-9999 -9999 -9999 -9999 -9999 -9999 -9999 -9999 -9999 -9999 -9999 76.18180472 75.43840344 73.55273658 69.27626587 67.29856326 63.6065437 58.73331504 57.4635856 54.35656082 52.85131102 53.32129416 54.04864362 56.56307275 60.12550206 61.5843649 63.02877676 63.97454145 65.08348621 67.46190379 69.36015194 71.090417 73.28157343 74.10460871 75.19458752 76.33104709 77.38320148 78.27402149 79.35213535 80.29454814 81.0259514 81.79030606 82.26301203 83.12827308 83.90464234 84.77567178 85.96489937 86.9144963 88.02085446 89.06628521 89.86639405 90.72992238 91.26933512 92.03341338 92.77893897 93.42152784 94.27944555 94.95371176 95.56117881 96.16016303 96.5646262 96.73907414 96.75634703 96.68054786
-9999 -9999 -9999 -9999 -9999 -9999 -9999 -9999 -9999 -9999 -9999 -9999 -9999 71.15471163 72.0024558 70.84684655 68.26578299 66.48331278 62.60319716 58.29565386 55.63058256 53.75528156 54.92490616 57.38668161 60.12696029 62.97444246 64.78265542 66.12949313 66.40962568 67.65473774 68.08635175 70.3940194 71.9869583 73.00434112 75.300242 76.23769974 77.56916227 78.54695497 79.53810132 80.60185908 81.32901049 82.09121549 82.70473311 83.43877833 84.35736119 85.24503034 86.23976507 87.20364999 88.21791026 89.2192239 90.09102641 90.84287744 91.48378564 92.14970807 92.77013179 93.30219516 93.9381403 94.47657229 94.94680124 95.4139255 95.72160589 95.8994446 95.92206219 95.7965403
-9999 -9999 -9999 -9999 -9999 -9999 -9999 -9999 -9999 -9999 -9999 -9999 -9999 -9999 -9999 71.81253219 72.28987871 72.47238028 69.71761419 63.29903445 60.47900144 57.64590203 57.52427273 58.34399223 61.36017545 63.20758794 65.23766816 66.65450776 67.33990077 68.60209581 68.53612685 69.09142244 70.99461996 72.19712112 74.4851044 76.04208627 77.23059226 78.56155776 79.68279807 80.69387657 81.47310742 82.24495247 82.99016134 83.7883334 84.66312045 85.5458043 86.51018885 87.41897059 88.36187346 89.30632845 90.15726358 90.97868802 91.68766421 92.24177677 92.65661191 93.01598865 93.453272 93.89675876 94.27624784 94.68050745 94.93096455 95.03478941 95.09534835 94.99466614
-9999 -9999 -9999 -9999 -9999 -9999 -9999 -9999 -9999 -9999 -9999 -9999 -9999 -9999 -9999 -9999 -9999 74.40283308 74.87544724 73.78796932 69.43900571 63.67136144 60.9633201 60.36715238 61.90250225 64.3184221 65.11481677 66.44127815 67.57575994 69.45362549 69.85518739 69.24528535 70.04841523 70.82183474 73.71106953 75.06819729 76.90619836 78.30982223 79.42859926 80.57739506 81.3793388 82.21196688 82.90880327 83.75288491 84.74898286 85.64897069 86.64053976 87.48448793 88.37226026 89.23364043 90.12457945 91.18203636 92.01550808 92.2386774 92.41709805 92.61361091 92.95283231 93.25569252 93.60617587 93.99997746 94.21691219 94.3914022 94.49281008 94.40621695
-9999 -9999 -9999 -9999 -9999 -9999 -9999 -9999 -9999 -9999 -9999 -9999 -9999 -9999 -9999 -9999 -9999 75.36497716 79.44841261 80.26225666 79.66457828 76.06722772 69.3218815 66.15844102 65.3498327 65.36160285 65.38621253 66.10361698 68.20069787 69.24063379 69.67915752 69.34054448 69.59880299 69.75392677 72.4888165 74.00282957 75.87845171 77.8258439 79.06321854 80.23652696 81.03850198 81.84992371 82.69894655 83.63612294 84.69438164 85.62470926 86.64408586 87.55439317 88.43870829 89.32515344 90.19317169 91.09503503 91.83005741 92.01296959 92.0058857 92.08879126 92.33065228 92.66924497 93.00772048 93.42235244 93.67588993 93.87380606 93.92053844 93.83495328
-9999 -9999 -9999 -9999 -9999 -9999 -9999 -9999 -9999 -9999 -9999 -9999 -9999 -9999 -9999 -9999 -9999 -9999 -9999 86.60904954 88.53244172 85.36485992 83.81514349 75.33349019 69.59403131 68.41426778 66.99454449 68.40606466 68.56575819 68.76259484 69.35477821 69.8673104 68.94568704 69.32744272 71.67716467 73.06973726 75.26040269 77.11122308 78.37320501 79.72873451 80.59798893 81.53524952 82.26975211 83.40718984 84.57853767 85.6066847 86.74545547 87.66797384 88.57277483 89.40993063 90.18556732 90.97548633 91.47816998 91.51874813 91.44275495 91.50440189 91.84983985 92.09887367 92.52058886 92.96020437 93.24570297 93.45928128 93.49566924 93.38246937
-9999 -9999 -9999 -9999 -9999 -9999 -9999 -9999 -9999 -9999 -9999 -9999 -9999 -9999 -9999 -9999 -9999 -9999 -9999 92.75188765 98.65578579 99.96851744 95.78579108 89.6380339 79.38590858 75.10722382 71.94344604 70.5745832 70.1598182 69.62447066 69.42611252 69.76588553 69.06251075 69.39535989 70.89957579 72.11967487 73.99231615 76.16537213 77.49140141 78.87886019 79.83288003 80.85941741 81.89657683 83.04986928 84.28554593 85.37863073 86.52346857 87.55675418 88.4360676 89.24730926 89.88407564 90.40549825 90.71567788 90.83357691 90.82967825 90.94165161 91.30578128 91.67441044 92.13622384 92.51782575 92.78890755 92.96207863 92.92090781 92.64411388
-9999 -9999 -9999 -9999 -9999 -9999 -9999 -9999 -9999 -9999 -9999 -9999 -9999 -9999 -9999 -9999 -9999 -9999 -9999 -9999 102.6377094 106.8281595 108.1584225 98.45015177 89.21228909 81.73673532 77.0942613 75.07977913 72.96834349 71.17623429 71.20693793 70.23702577 69.6147405 69.50683331 70.7937477 71.78535126 73.50159272 75.14452582 76.54732074 77.93428075 79.0024857 80.28839143 81.39718287 82.60319994 83.892759 85.04155544 86.24272173 87.23744259 88.06630538 88.86397708 89.36664035 89.73072895 89.86401431 90.12160763 90.25301931 90.44365109 90.9385937 91.32401497 91.80861206 92.13341127 92.42077081 92.5290955 92.39380431 91.8969771
-9999 -9999 -9999 -9999 -9999 -9999 -9999 -9999 -9999 -9999 -9999 -9999 -9999 -9999 -9999 -9999 -9999 -9999 -9999 -9999 110.0452463 116.1995846 114.9128348 107.0729629 96.75578808 91.01313901 84.8062377 79.74004749 76.58496257 74.40802173 72.67460634 71.40249501 70.2609819 70.50289498 70.66748673 71.3194322 72.67683789 74.39125184 75.55734216 76.92094607 78.04841936 79.44141116 80.69781159 81.93923077 83.14150143 84.28409605 85.4746832 86.55032763 87.41651484 88.05068898 88.51587515 88.91572042 89.13599386 89.47493218 89.79434927 90.09743695 90.62896039 91.02100432 91.45441723 91.7182173 91.87566615 91.82582906 91.54241873 90.88982774
-9999 -9999 -9999 -9999 -9999 -9999 -9999 -9999 -9999 -9999 -9999 -9999 -9999 -9999 -9999 -9999 -9999 -9999 -9999 -9999 112.3684041 119.3270022 120.9341163 112.8930003 102.0241568 95.35589822 86.98763872 82.92300039 79.30242006 75.60552008 73.78311814 72.49555092 71.01161731 70.69057856 70.90491836 71.47522466 72.46315281 73.69661934 74.63950833 75.96992922 77.12672536 78.51760727 79.82147598 80.9019884 82.16723948 83.31933007 84.52642056 85.63298614 86.30676309 87.06938373 87.53652152 88.03463825 88.38117517 88.79398959 89.35177052 89.72186581 90.26123984 90.69214095 90.92932988 91.17853213 91.27499253 91.00392854 90.72217466 89.74828166
-9999 -9999 -9999 -9999 -9999 -9999 -9999 -9999 -9999 -9999 -9999 -9999 -9999 -9999 -9999 -9999 -9999 -9999 -9999 -9999 116.0367024 124.8869708 125.0295243 115.8757153 105.285057 98.34562351 89.8200379 83.72456268 79.66164278 76.84878817 74.582141 72.746132 71.4286065 71.38461038 71.02810174 71.18470932 71.91918297 73.04541893 73.88787324 74.88701937 75.95927411 77.32457703 78.5549527 79.66424907 80.77619424 81.8692707 83.08295347 84.12780875 84.99280922 85.64947981 86.23150873 86.89163114 87.42367284 88.04422763 88.61387167 89.04714377 89.56446644 89.92534884 90.21261297 90.34982811 90.27623117 89.88671667 89.28589886 88.38788058
-9999 -9999 -9999 -9999 -9999 -9999 -9999 -9999 -9999 -9999 -9999 -9999 -9999 -9999 -9999 -9999 -9999 -9999 -9999 -9999 119.9099781 128.5565878 130.1703116 119.97481 108.1033982 99.88926782 90.28897321 84.65301222 80.12185797 76.78369363 74.57618073 72.6997831 71.67433738 71.43669582 71.42532924 71.24835721 71.69973959 72.33734537 72.85014559 73.68815261 74.63110821 75.81309639 77.03486765 77.95615258 79.10361448 80.12081771 81.27207767 82.4129348 83.07037918 83.90715431 84.61367403 85.37363603 86.25079788 86.78050556 87.49903838 87.93859079 88.33950803 88.84040332 88.85192892 89.03819357 88.76752866 88.23175256 87.63636667 86.59481139
-9999 -9999 -9999 -9999 -9999 -9999 -9999 -9999 -9999 -9999 -9999 -9999 -9999 -9999 -9999 -9999 -9999 -9999 -9999 -9999 121.3766861 130.8440066 131.5984808 121.3387512 109.3873096 100.8678926 90.29328254 84.09766714 79.80295691 76.87228068 74.60391996 72.85527083 71.87700087 71.84254494 71.53001034 71.2272349 71.19113031 71.59178347 71.94710258 72.47491245 73.34745132 74.47423158 75.4849311 76.41743744 77.28509829 78.22391009 79.37384855 80.33403877 81.24477027 82.07080168 82.88804516 83.85454352 84.6961612 85.51526962 86.14417436 86.6236219 87.08326152 87.32550938 87.5063009 87.40622509 87.11424323 86.61999066 85.78879533 84.9000815
-9999 -9999 -9999 -9999 -9999 -9999 -9999 -9999 -9999 -9999 -9999 -9999 -9999 -9999 -9999 -9999 -9999 -9999 -9999 -9999 124.149683 132.8643425 134.7541463 124.4362129 111.197914 101.3963523 89.8195605 84.56683477 79.89280418 76.74863244 74.49435767 72.76647685 71.88680155 72.11564428 71.73157294 71.15471818 70.81931742 70.78382661 70.80261449 71.18543833 71.88598744 72.86381641 73.82117797 74.37157538 75.2321963 75.97322949 76.88435927 77.98027466 78.66697602 79.68231721 80.5914374 81.58999485 82.73387432 83.29325949 84.13687479 84.56330415 84.84445085 85.29913218 85.02431237 85.02975813 84.47940558 83.68162274 83.2625503 81.87528286
-9999 -9999 -9999 -9999 -9999 -9999 -9999 -9999 -9999 -9999 -9999 -9999 -9999 -9999 -9999 -9999 -9999 -9999 -9999 84.72072758 124.1275089 134.7628903 135.3363756 124.2103827 111.4194393 102.0916011 91.1759617 84.95137527 80.55461708 77.28826806 74.83315874 73.00229488 72.22569644 72.07172735 71.60986605 70.92301211 70.28366735 69.98067517 69.89486112 70.0594768 70.71670975 71.58639134 72.30976827 72.97426714 73.44370804 74.05543584 74.88382718 75.58076046 76.52962717 77.34955675 78.29986363 79.46898149 80.36772219 81.29044946 81.88232805 82.35620229 82.78895313 82.82237484 82.76635071 82.27805875 81.71035487 81.05925621 79.90469705 78.88380569
-9999 -9999 -9999 -9999 -9999 -9999 -9999 -9999 -9999 -9999 -9999 -9999 -9999 -9999 -9999 -9999 -9999 -9999 -9999 85.103641 125.8435062 135.7932509 137.099285 127.1562493 113.0544984 102.8344349 91.84476161 86.50240771 81.80148789 78.03891757 75.41968844 73.45731733 72.46714889 72.38132031 71.54991933 70.55942551 69.6377951 69.05258114 68.7490541 68.78783681 69.24525978 69.90150292 70.69112214 70.99556175 71.51039282 71.88682062 72.35649706 73.04977597 73.59115543 74.55295665 75.35354898 76.37430876 77.37106405 77.93904235 78.71578432 79.060417 79.14257903 79.46853037 78.70072973 78.24391623 77.07737413 75.76700271 75.06462927 73.85954196
-9999 -9999 -9999 -9999 -9999 -9999 -9999 -9999 -9999 -9999 -9999 -9999 -9999 -9999 -9999 -9999 -9999 -9999 -9999 84.74423693 124.6388662 136.0454506 137.1726128 124.7593952 112.7591701 103.6459363 94.18527118 88.3133062 83.51711742 79.52033934 76.49999266 74.45099415 73.27240653 72.46452544 71.22338962 70.18661839 69.05040177 68.16942688 67.75191353 67.3692523 67.79971266 68.55391997 69.05839436 69.50415984 69.52240935 69.87313862 70.49501434 70.78094529 71.43723309 71.60668563 72.43978589 73.79725031 74.43908353 75.17083033 75.20415922 75.50041677 75.85932089 75.33346397 74.7640226 72.87954354 71.75853677 70.91703614 69.78501731 68.60932237
-9999 -9999 -9999 -9999 -9999 -9999 -9999 -9999 -9999 -9999 -9999 -9999 -9999 -9999 -9999 -9999 -9999 -9999 -9999 86.07732915 124.9958981 135.6580949 137.6623451 126.787822 112.517248 103.70478 95.47571084 90.76635957 85.77799307 81.18579966 78.00276726 75.57153296 74.00337427 72.8558019 71.00878352 69.5853845 68.05775617 66.92243243 66.39405644 66.05158714 66.19939154 66.51377683 66.87987606 67.21179079 67.56003225 67.70116856 67.80823985 67.92141841 68.31952111 68.81097685 69.29499376 69.92626341 70.50131936 70.95984849 71.3481484 71.31566164 70.67185239 69.92744604 68.93106572 67.58593981 65.76797185 64.20265043 63.0060696 61.66597674
-9999 -9999 -9999 -9999 -9999 -9999 -9999 -9999 -9999 -9999 -9999 -9999 -9999 -9999 -9999 -9999 -9999 -9999 -9999 88.50031355 122.3977464 134.6920964 136.2082479 123.755464 110.7943759 104.3657136 97.68047028 93.42394709 88.11248885 83.22800315 79.67140226 76.66765457 74.75111065 73.23456436 70.39254943 68.86607555 67.21700332 65.97526707 65.20548067 64.38682571 64.50598876 64.72694499 65.00397 65.17239406 65.05424178 65.25087764 65.45468716 65.63018112 65.62505052 65.48654761 65.91033686 66.55360344 67.08537001 67.08008933 66.65260804 66.4372717 65.6897592 64.91266972 63.46837339 61.47492538 59.87193372 58.77309569 57.37816303 55.72933438
-9999 -9999 -9999 -9999 -9999 -9999 -9999 -9999 -9999 -9999 -9999 -9999 -9999 -9999 -9999 -9999 -9999 -9999 -9999 91.85330812 122.2315616 133.0617212 134.7702489 118.9047524 110.296007 104.5797571 99.88771936 95.77788829 90.24862428 84.8196965 80.99045129 77.70953529 74.94951521 72.74416682 69.75666279 67.88640506 65.96905665 64.46966811 63.427813 62.90871026 62.67513718 62.47209035 62.4865913 62.45895526 62.72243351 62.68668545 62.42008181 62.3947743 62.17771391 62.41940229 62.38295742 62.24278819 62.44082736 62.13525182 62.08652252 61.55015362 59.99084313 58.94226443 57.17526278 56.12701576 54.12974765 52.50496533 50.90959904 48.65940598
-9999 -9999 -9999 -9999 -9999 -9999 -9999 -9999 -9999 -9999 -9999 -9999 -9999 -9999 -9999 -9999 -9999 -9999 -9999 93.18967253 118.098435 129.209833 133.21607 119.6107775 109.0327177 105.4273142 101.3447241 97.76841091 91.98720395 86.22113899 81.95916793 77.88901584 74.82205024 72.37256342 68.60841579 66.71491087 64.70385356 63.07912255 62.16104932 60.96256813 60.75455206 60.58325954 60.30737716 60.44642622 59.96817591 59.99765485 59.94750491 59.53466673 59.56969046 58.86985687 58.84190599 58.8425209 58.40286204 58.35966598 57.29279864 56.63780471 55.59738203 54.14446821 52.88825296 50.77295667 48.87919394 47.88121533 45.51315928 -9999
-9999 -9999 -9999 -9999 -9999 -9999 -9999 -9999 -9999 -9999 -9999 -9999 -9999 -9999 -9999 -9999 -9999 -9999 -9999 92.60075606 114.829164 124.9025487 127.877097 114.6407642 108.0858267 105.4788238 102.3129139 98.78780159 92.89295645 86.85390411 82.3980127 78.0262003 74.21979784 70.98978694 67.2775169 65.22815426 63.08877342 61.3400596 59.96833125 58.93989094 58.49310212 58.0016302 57.70381319 57.38656892 57.11484568 56.99995422 56.62155038 56.32333968 55.76798805 55.29865245 55.028453 54.64295397 54.28545292 53.63554473 52.84536043 52.0958375 50.73934052 49.547925 47.73600152 45.89237554 43.80613092 42.40946207 40.64119595 -9999
-9999 -9999 -9999 -9999 -9999 -9999 -9999 -9999 -9999 -9999 -9999 -9999 -9999 -9999 -9999 -9999 -9999 -9999 68.63480457 89.27802025 107.6658897 116.818097 124.8061017 116.3211959 108.7655368 105.7033602 102.6941047 99.1230978 93.19980148 86.82686588 82.04411577 77.32147513 73.18280169 69.93882938 65.87670703 63.66431929 61.36722887 59.57422338 58.41405124 56.85779325 56.30572186 55.68725389 55.06068403 55.05506334 54.32469596 54.18849465 53.84103614 53.2155214 52.93598399 52.00210035 51.68966972 51.42497881 50.75421611 50.43917763 49.33911855 48.56703346 47.38327279 46.04291308 44.56889758 42.31371675 40.0636281 38.84825088 36.72530098 -9999
-9999 -9999 -9999 -9999 -9999 -9999 -9999 -9999 -9999 -9999 -9999 -9999 -9999 -9999 -9999 -9999 -9999 -9999 67.06797507 83.74783908 99.96436878 108.4638787 114.2584677 109.9214887 107.5913379 104.6583512 101.6178291 97.87092821 92.36191698 86.08104469 81.44205238 76.79503191 72.33883631 68.10021042 64.38891496 62.01735173 59.63743302 57.61155611 55.93472312 54.57043268 53.79970677 52.88355523 52.19609267 51.59120448 51.09167787 50.82609856 50.21057127 49.71681504 48.97995472 48.34022257 47.95556316 47.43438847 47.07739962 46.37414614 45.73831532 45.05891251 43.76364705 42.62516948 40.73456134 38.81696976 36.58474613 34.98986249 33.27346039 -9999
-9999 -9999 -9999 -9999 -9999 -9999 -9999 -9999 -9999 -9999 -9999 -9999 -9999 -9999 -9999 -9999 -9999 -9999 68.46087813 80.39331568 93.81714071 100.5923173 106.2603152 109.3959093 107.1379671 103.1003345 99.35513114 95.99014409 90.5951438 84.74843113 80.20562908 75.75393551 71.12418053 67.35921068 63.31709048 60.75717321 58.06086746 55.91246196 54.26764514 52.45030131 51.56418314 50.3996106 49.50032482 48.90314128 48.04113399 47.71904135 47.04434237 46.40741371 45.87610603 44.97613167 44.59897681 44.15601565 43.69493336 43.30166599 42.65149668 42.06083348 41.02910049 39.86865946 38.23923949 36.20864274 33.77883489 32.08958281 30.44748682 -9999
-9999 -9999 -9999 -9999 -9999 -9999 -9999 -9999 -9999 -9999 -9999 -9999 -9999 -9999 -9999 -9999 -9999 -9999 67.29232521 75.99129139 88.55168974 95.8760748 103.5854535 103.7817887 103.3056576 99.96199944 96.44005366 92.34120652 87.9083435 82.8156637 78.85141915 74.45173141 70.38695198 66.14079563 62.49777754 59.79808919 56.8492565 54.38678199 52.22500316 50.36865038 49.22119434 47.79595863 46.68640856 45.65493832 44.78329916 44.28917316 43.4851648 42.79929294 41.98698854 41.31044025 40.91607392 40.37639734 40.04134669 39.59477971 39.18064309 38.70938946 37.74680479 36.74470234 34.96080343 33.02652023 30.62664938 28.45025779 26.40255279 -9999
-9999 -9999 -9999 -9999 -9999 -9999 -9999 -9999 -9999 -9999 -9999 -9999 -9999 -9999 -9999 -9999 -9999 70.74411606 67.80846619 74.03028318 84.01035309 92.97905793 101.155891 100.9557079 100.0180561 96.90264993 91.65045576 87.30826468 84.69515296 79.96712137 76.90447333 72.59368918 69.45615197 66.00103608 62.03332618 59.2541508 55.76095993 53.42510828 51.2265095 48.70708213 47.09948484 45.25243242 44.12307486 43.11265681 41.69592663 40.91146614 39.97970682 39.33493542 38.68139725 37.7011209 37.27896356 36.79041694 36.4531647 36.29390517 35.77772741 35.40323772 34.61390005 33.80100978 32.06720847 29.83929013 27.33053202 24.38266707 -9999 -9999
-9999 -9999 -9999 -9999 -9999 -9999 -9999 -9999 -9999 -9999 -9999 -9999 -9999 -9999 -9999 -9999 -9999 71.63818953 64.5488907 69.20866578 82.09875079 90.76479694 97.06195483 96.94140259 94.39210187 91.12989885 87.83632063 83.85500353 80.75821384 77.74599707 75.04971846 71.71611684 68.76891801 65.36748599 61.99734158 59.24402609 55.81226239 52.87231633 50.05485299 47.45430384 45.75314622 43.65647671 41.89415347 40.35383011 38.96405325 38.12244545 36.98362569 35.99575222 35.08367705 34.28857669 33.86008189 33.35427439 32.95726493 32.63420446 32.29504666 31.89023644 31.09688149 30.0737484 28.07306425 25.60020862 22.82982359 -9999 -9999 -9999
