meets/meet004/data/CCSM_6k_neotropic_bio01.asc
NCOLS 154 
NROWS 168 
XLLCORNER -112 
YLLCORNER -55.5 
CELLSIZE 0.5 
NODATA_value -9999 
[rows 58 to 86 of 168, columns 64 to 127 of 154]
20.29393095 19.31609078 18.33367542 17.73747661 17.52622562 17.90762017 18.85846906 20.14188469 21.64710369 22.98918572 23.76955001 23.82241481 23.74532615 23.74808725 23.8248708 23.85905825 23.83771326 23.88309173 23.86339589 23.88001164 23.88781552 23.86753605 23.85813013 23.85548258 23.86303929 23.8888473 23.93576142 24.04102597 24.12485417 24.29139339 24.35421856 24.31197141 24.33956247 24.29906647 24.29852153 24.2640806 24.19805677 24.13464143 24.04102312 23.96984162 23.94026359 23.94980435 23.98479762 24.02434276 24.04625394 24.03847135 23.98915837 23.89775618 23.86168851 23.76891176 23.65580239 23.52206826 23.41389766 23.46715565 23.58724334 23.74981139 23.9460114 24.12864835 24.29448369 24.40897317 24.65060357 24.96429095 25.20719916 -9999
20.27048993 19.38191026 18.57058476 18.00662468 17.73219902 18.21628085 19.40506442 20.82253341 22.08567737 23.15840362 23.82430087 23.85247881 23.78850794 23.84145685 23.87931399 23.91336665 23.93047619 23.93430808 23.94528579 23.96185422 23.95704037 23.9490482 23.95017041 23.94311972 23.94438831 23.97471054 23.99967219 24.05608482 24.17086978 24.26525 24.32664469 24.34557943 24.32502828 24.34120659 24.34519646 24.32691614 24.30979069 24.27236094 24.22066562 24.17537805 24.16694688 24.18195903 24.23379387 24.26952773 24.3263966 24.28359424 24.18064181 24.05745457 23.97632128 23.82485565 23.71767572 23.6175275 23.52083904 23.60165438 23.76322986 23.90424306 24.05023259 24.21843856 24.31220525 24.41240314 24.53880983 24.6613304 24.73639448 24.77971818
20.49997698 19.74291616 19.08955596 18.48923131 18.24690596 18.72356893 19.89878983 21.26765374 22.39438725 23.27442742 23.84494158 23.89498682 23.83019359 23.87320274 23.91050621 23.94266571 23.9562738 23.96825889 23.97909704 23.99445467 24.005709 24.00925353 24.02069631 24.0254839 24.03623242 24.05690502 24.07536793 24.10836324 24.17548029 24.24317854 24.29508106 24.32485385 24.34188157 24.36971525 24.38983256 24.40072968 24.40844558 24.40614794 24.37443108 24.35241561 24.35137662 24.36360214 24.41554171 24.46365825 24.52703932 24.52431646 24.45342427 24.358191 24.25008599 24.1236517 24.00278529 23.89193425 23.82273688 23.83976438 23.92960772 24.01783384 24.11329224 24.24088642 24.3323857 24.40737547 24.47680239 24.51061383 24.47210939 24.41894831
20.77081909 20.19949647 19.6815287 19.11558916 18.8284461 19.26768944 20.37447253 21.63125232 22.63686482 23.38737491 23.86536637 23.91408884 23.88491711 23.93129904 23.96573152 23.9934751 23.9973897 23.99773711 24.01133978 24.02073229 24.03720982 24.05790653 24.0760169 24.09364109 24.11998816 24.14086922 24.15279063 24.19176347 24.22373853 24.2654457 24.31140441 24.34811101 24.38626108 24.41802242 24.44848066 24.47743526 24.50306207 24.52897239 24.50399201 24.49648162 24.50012035 24.50882262 24.55408173 24.58292648 24.65839158 24.66019658 24.64009823 24.6601502 24.4863135 24.45203043 24.34467833 24.16877313 24.17919764 24.04577559 24.03973853 24.06855439 24.11221569 24.2226153 24.29376789 24.38577326 24.40600614 24.37723859 24.34246989 24.22401055
21.02025772 20.56620228 20.22296886 19.71554018 19.47841889 19.85801605 20.80871277 21.93209229 22.81750811 23.46679014 23.90822357 23.97823976 23.94329731 23.9874608 24.01979115 24.04335341 24.04430366 24.04198187 24.04547401 24.05503321 24.07480915 24.10264828 24.13141503 24.14618587 24.16401494 24.18504795 24.20155392 24.23569528 24.26435296 24.30406913 24.34862444 24.38726146 24.43088636 24.46563663 24.50077273 24.5307015 24.5547518 24.57929909 24.57269617 24.57622256 24.58332903 24.59059096 24.62342864 24.64254934 24.68383116 24.68292207 24.65453988 24.63455159 24.52183204 24.45305234 24.34578455 24.21665827 24.16922011 24.07192565 24.05607945 24.05638866 24.06799713 24.13852559 24.20110962 24.27086258 24.28616473 24.24010712 24.16647068 24.06757741
21.06849996 20.7861636 20.68852004 20.21466205 19.97849811 20.35864972 21.26165155 22.2642192 23.04991087 23.61834852 23.98561963 24.02545888 24.00490826 24.04426231 24.07401949 24.09197363 24.08842893 24.08974027 24.09099887 24.09606122 24.11506456 24.14856962 24.18687019 24.18303498 24.18331422 24.19838731 24.21714113 24.25362829 24.28010505 24.32829941 24.37641168 24.41469576 24.47090277 24.50161189 24.53590768 24.56808541 24.58586112 24.59928328 24.60817299 24.61571556 24.6217799 24.63279876 24.65262202 24.65387003 24.65144457 24.60919483 24.54610576 24.47073662 24.35604237 24.23658853 24.1330448 24.05704325 23.98670901 23.94868402 23.9652924 23.95521763 23.94317739 23.99702428 24.03919046 24.10767124 24.11853941 24.0558662 23.98478263 23.90400207
20.71435432 20.49341847 20.49727818 20.34215245 20.40288108 20.86474324 21.73144835 22.6542348 23.31046041 23.73594694 24.04542673 24.10658962 24.08577912 24.10436911 24.10405156 24.11554653 24.12712522 24.13688756 24.14510267 24.15228355 24.16611635 24.18459006 24.19909554 24.19869809 24.19544328 24.20240475 24.21218807 24.23512434 24.26193485 24.30271355 24.35584879 24.41186525 24.47049701 24.50786344 24.54027745 24.57312611 24.60095905 24.62344412 24.62090974 24.6177973 24.62093966 24.63733958 24.64789626 24.63523001 24.59652298 24.51500159 24.40929349 24.2746258 24.14567634 24.01791195 23.90904072 23.84421767 23.79254823 23.76201162 23.7470713 23.73713118 23.73025476 23.75231411 23.81491752 23.87867109 23.91214098 23.90692792 23.85533525 23.80446116
20.28150884 20.33941327 20.21961379 20.48480221 20.77761724 21.3343007 22.20821515 23.12774833 23.66163075 23.92008065 24.13212881 24.18260415 24.18178082 24.17959267 24.14355174 24.14471676 24.17407471 24.18660505 24.20510024 24.21224936 24.21820043 24.22024095 24.21195306 24.21903589 24.21008242 24.20890453 24.20833739 24.20715056 24.23984329 24.26595961 24.31968083 24.39261719 24.46443895 24.49800733 24.5294504 24.5677322 24.60795166 24.64750506 24.62422149 24.60616362 24.60119923 24.62229683 24.63873531 24.59386213 24.53668325 24.43100866 24.27957617 24.08896773 23.97668451 23.83406285 23.71850719 23.6677332 23.59264964 23.55740377 23.51663766 23.49644093 23.49258127 23.47896377 23.58989175 23.66042791 23.71642104 23.76401166 23.77509584 23.77782859
20.52669724 20.46686566 20.74532626 20.77520366 21.15727654 21.71727628 22.52640641 23.45480685 23.83772389 24.0765879 24.27332006 24.27733007 24.26815435 24.25129763 24.22634938 24.22258225 24.23049685 24.25324065 24.26022384 24.26567867 24.2689238 24.2641077 24.26000498 24.25371231 24.24288183 24.23596615 24.22766131 24.22479992 24.24004356 24.26620312 24.31288914 24.37120319 24.42949755 24.47660749 24.51796512 24.5571658 24.59116404 24.61484315 24.60648665 24.59149306 24.5809647 24.58571869 24.57130947 24.52472395 24.44427629 24.3251821 24.19700288 24.03822632 23.88894109 23.73603027 23.6055828 23.52737149 23.44660096 23.39614745 23.34447054 23.32194571 23.32426083 23.34088691 23.42094415 23.49152396 23.60523776 23.7303355 23.78676694 23.8665565
20.86404736 20.77633831 20.95996177 20.55388002 20.89226468 21.404567 22.11639711 23.45320586 23.7623393 24.1319393 24.38029162 24.32346869 24.32731448 24.24834994 24.25941404 24.25497851 24.24075127 24.28730684 24.27370989 24.29424546 24.30403228 24.29624953 24.30094976 24.288936 24.28137402 24.27433649 24.2576492 24.2485532 24.26364328 24.28116127 24.31740121 24.35932565 24.40148888 24.44699359 24.49351999 24.52949062 24.55319824 24.5770086 24.56735526 24.55961849 24.54907906 24.54886811 24.51778511 24.45244408 24.35425192 24.23830839 24.12965725 24.00263411 23.8507644 23.68903143 23.54681339 23.44902074 23.33073642 23.27179511 23.21657517 23.18720103 23.19362589 23.22355874 23.306317 23.39291474 23.56828373 23.78805211 23.92927589 24.11972371
21.41494686 20.60035855 19.97472767 19.3809694 19.27647971 19.67072621 20.62727671 21.87923094 23.09125296 24.13484382 24.64028932 24.43181013 24.14294117 24.15184486 24.20790037 24.22047577 24.19904379 24.18307816 24.23797453 24.29516364 24.32368259 24.32370856 24.31122815 24.32611183 24.33039346 24.32678041 24.31256548 24.29475427 24.30297392 24.31389469 24.33377326 24.35650462 24.3820945 24.41299892 24.44210567 24.46635517 24.48518153 24.49625332 24.49706673 24.49527179 24.49230858 24.5068247 24.48402732 24.3928788 24.27374932 24.15230483 24.05935762 23.95700912 23.8263451 23.70105564 23.55459096 23.41570536 23.29789673 23.19426478 23.11806102 23.09585204 23.11569659 23.1583517 23.2564847 23.37962539 23.65994113 24.05292327 24.37697624 24.56085341
21.60849272 20.21496733 18.88094451 17.96932258 17.3769792 17.71050139 18.8392979 20.31658563 22.34376172 24.16241409 24.91695281 24.50635787 23.9874358 24.02830496 24.17960252 24.21093962 24.16078356 24.10011355 24.18972884 24.29422047 24.34044134 24.34104276 24.32979751 24.36600071 24.3939273 24.39797416 24.37818925 24.3496772 24.34656026 24.34688526 24.35348901 24.35685654 24.36464651 24.38005108 24.38891557 24.40284208 24.414597 24.4169119 24.4213953 24.42399333 24.42646839 24.45979117 24.44788925 24.32459336 24.1832255 24.06202575 23.97734666 23.88869929 23.77115658 23.67612216 23.52981716 23.37143333 23.24123562 23.12674857 23.04563657 23.02900485 23.06564245 23.15057566 23.29388541 23.46576186 23.81226664 24.32841523 24.80560144 24.95571809
21.32113388 19.84237368 18.16916287 16.81323862 15.94513021 16.09404282 17.25554662 19.14513796 21.74941564 24.23221423 25.3000572 24.69014095 23.93975793 23.98990373 24.26697018 24.32423663 24.20855477 24.11315646 24.19219221 24.31376023 24.3749659 24.38074242 24.3800343 24.43987005 24.49788708 24.5089164 24.47435847 24.42589711 24.41051687 24.38974337 24.3748937 24.37049405 24.35561399 24.35671062 24.35035006 24.347239 24.3521919 24.34860639 24.35170291 24.35172319 24.35797327 24.39062703 24.36288079 24.25937277 24.10809593 23.96262213 23.85740672 23.7606812 23.63874481 23.54070616 23.40706773 23.25617717 23.14102903 23.05197406 23.00393115 23.03662494 23.11124901 23.23755354 23.46585476 23.73159157 24.13522327 24.6060291 24.99360888 25.22461824
21.21291715 19.79009292 17.86869605 16.1642413 14.70239451 14.68534034 15.92887622 18.00728189 21.15326597 24.23145113 25.48066193 24.70419049 23.8541999 23.98155329 24.35834963 24.43477384 24.26196358 24.12692692 24.1997669 24.3420453 24.40592325 24.4053106 24.42247558 24.49942012 24.5926861 24.61132863 24.56199028 24.50686605 24.47536463 24.44389405 24.41763371 24.39487554 24.36519817 24.34942019 24.32667231 24.31556047 24.31114791 24.29488239 24.29676134 24.29189342 24.29738672 24.33361069 24.31530212 24.22882051 24.08131406 23.89522444 23.72459098 23.55326623 23.38232015 23.30153689 23.19435592 23.07801427 23.02621368 23.01617782 23.02847303 23.12271317 23.22857687 23.4239102 23.76166511 24.12002499 24.52574225 24.92085273 25.24373598 25.43355033
-9999 20.25828786 18.52379567 16.06385991 13.80273131 13.38379681 14.67406043 17.0411142 20.4422872 23.78071709 25.30539031 24.65781131 23.84676224 23.9813177 24.40150514 24.49621709 24.31046587 24.15606723 24.21884041 24.35570443 24.42791153 24.433777 24.45100897 24.5588075 24.66822539 24.69826223 24.6582331 24.59448887 24.56264322 24.53173615 24.48487201 24.44746903 24.39776943 24.36689183 24.33669389 24.30238675 24.28220783 24.26428426 24.24604851 24.24046556 24.24592241 24.27869179 24.28726424 24.23645853 24.14069746 23.92084072 23.57753523 23.23842396 23.12440392 23.00308042 22.93117819 22.93727436 22.92424174 23.01327088 23.13834277 23.29323493 23.41134156 23.68266984 24.08116026 24.60731925 25.02340852 25.2690977 25.49887892 25.60855425
-9999 -9999 19.27270969 16.35327539 13.40550655 12.68183938 13.83185183 16.17096186 19.63171851 23.10159883 24.76145842 24.36589805 23.78809274 23.98302897 24.38228706 24.47429153 24.30287504 24.16975389 24.23358025 24.36925445 24.44211602 24.45126809 24.48354093 24.59909358 24.72642686 24.76606589 24.72440764 24.67368548 24.6441522 24.61636233 24.56859778 24.50890512 24.44446206 24.39351279 24.34911035 24.29973361 24.25871516 24.22215829 24.1897258 24.17887568 24.17981709 24.21956727 24.22601452 24.18592575 24.09812576 23.87252175 23.51858874 23.17346552 23.07443558 22.97008069 22.91231903 22.94947885 22.94480374 23.04572899 23.19978467 23.36117924 23.48527841 23.79096714 24.25940536 24.85500539 25.29095434 25.46601919 25.65376372 25.72390555
-9999 -9999 -9999 16.96020325 13.59161198 12.43767905 13.31956823 15.41519917 18.57645896 22.05663014 23.9249419 23.88395025 23.79492362 24.02422697 24.25721638 24.37777838 24.27259435 24.20845686 24.2657264 24.3701703 24.44934593 24.48566604 24.54156944 24.64586796 24.74933981 24.78913308 24.77417607 24.7440741 24.69888689 24.68184881 24.6155844 24.54200703 24.48091221 24.39424815 24.34099694 24.26724444 24.19864443 24.15295712 24.10852061 24.09720201 24.09419122 24.11927432 24.11967975 24.05076012 23.92969677 23.76039307 23.57010101 23.38952779 23.26586614 23.211467 23.16624099 23.12368497 23.12250662 23.1751068 23.19223268 23.34303314 23.50469197 23.74564846 24.31214983 24.8656355 25.27361689 25.52414775 25.67795495 25.69106811
-9999 -9999 -9999 17.54912182 14.15526636 12.74756526 13.09746672 14.7827073 17.4768742 20.61163687 22.61651696 23.27776259 23.61528065 23.97151927 24.19023376 24.33261955 24.27741957 24.2600686 24.32277554 24.40858395 24.48301582 24.52756636 24.58779598 24.68001164 24.75880121 24.77811556 24.74310278 24.69903333 24.66565198 24.63698858 24.5575753 24.45599447 24.36331211 24.28366246 24.22781445 24.14878814 24.06922613 24.00877709 23.98457895 23.98504956 23.98562102 24.00957008 23.99451734 23.9221562 23.82141881 23.72008709 23.63906747 23.56636486 23.49828748 23.46027024 23.42090567 23.38473216 23.35941219 23.34777765 23.34821248 23.48034428 23.66093607 23.91901068 24.40499547 24.86426404 25.21231914 25.41023826 25.51339981 25.51818204
-9999 -9999 -9999 18.19745627 14.89524387 13.2787666 13.23987658 14.02842552 16.07329629 18.83234723 20.80409597 21.96159174 23.39249727 23.73323735 23.97946134 24.27480324 24.23799829 24.33663406 24.35909838 24.43983912 24.53905817 24.5852814 24.64639871 24.75204311 24.78643354 24.78565517 24.72310058 24.59683627 24.61991907 24.56617483 24.47446279 24.36499209 24.16297982 24.18203319 24.10515266 24.01737663 23.97888602 23.83117264 23.84909141 23.88747771 23.87908581 23.88974373 23.87012348 23.80805129 23.74740835 23.71266363 23.69734961 23.70696769 23.65562788 23.62888997 23.61831811 23.60729806 23.64897981 23.62033109 23.62001766 23.7618331 23.98364683 24.29165946 24.62263631 24.93360027 25.15372528 25.27042053 25.26582275 25.24763614
-9999 -9999 -9999 -9999 16.00663123 14.34793616 13.6591235 13.84370305 14.81916795 16.59082232 18.33403225 19.95022772 21.71498878 22.86860724 23.73692383 24.29463952 24.23012167 24.18188066 24.27902619 24.46618996 24.62357062 24.70929195 24.77383197 24.8695623 24.90683056 24.89080841 24.80873195 24.6880568 24.66661571 24.61992819 24.53088121 24.4225612 24.28280979 24.28492485 24.25081756 24.15228214 24.03083397 23.87869625 23.82936656 23.80832005 23.77274293 23.76206635 23.75327142 23.7162102 23.69331876 23.68530868 23.70006558 23.73212217 23.72334919 23.73409084 23.75500049 23.7637025 23.83456619 23.88168028 23.98807407 24.16489981 24.36362521 24.60047962 24.83962861 25.04425981 25.17449557 25.20209386 25.11517257 24.99769612
-9999 -9999 -9999 -9999 17.2765587 15.57954517 14.40380455 13.57382473 13.22056255 13.88440182 15.06226502 16.79772549 19.31312226 21.14250516 23.12858655 24.26857157 23.94155085 23.83750349 24.19285749 24.49986553 24.75521829 24.86552912 24.95487241 25.05083083 25.10271543 25.08880489 24.99100612 24.88480906 24.8285352 24.77683126 24.69582003 24.61493593 24.55638875 24.53181653 24.57326017 24.44387802 24.21322782 24.01817424 23.81423697 23.73204593 23.64557189 23.6105502 23.62472708 23.60729011 23.61430546 23.64427868 23.65978477 23.69415329 23.76018159 23.80300923 23.85538722 23.87019277 23.93108776 24.08956185 24.33049212 24.53817334 24.66507736 24.87157058 25.03708474 25.18700329 25.22195608 25.17600432 25.05961881 24.80217308
-9999 -9999 -9999 -9999 -9999 17.13976276 14.91307414 12.79079135 11.43407986 10.9397811 11.49873413 13.02979976 15.44366145 18.40600827 21.39897606 23.26236085 23.63540643 23.80506779 24.17717808 24.6429846 24.97934186 25.06939129 25.14480589 25.23717297 25.28200069 25.27234007 25.18742668 25.06633635 25.00401618 24.94121235 24.8553323 24.76106726 24.71329093 24.75341794 24.79558052 24.63120011 24.32093721 24.00366896 23.73786432 23.57133857 23.44306254 23.40730516 23.42631822 23.45605741 23.50318084 23.55818541 23.60741545 23.68228039 23.78170807 23.88299628 23.95196095 23.9399118 23.99790092 24.1574678 24.40238932 24.63089017 24.80998923 24.99329087 25.14862335 25.25845646 25.26102543 25.16445153 24.97774947 24.70441072
-9999 -9999 -9999 -9999 -9999 18.93697638 15.54340271 11.77291873 10.25136491 8.48570092 8.162616654 9.572833406 10.91467228 15.07913697 19.23534441 21.73616386 22.58070057 23.51320401 24.06244409 24.69677967 25.28735854 25.3522687 25.35159015 25.61704523 25.51453478 25.50690057 25.39735377 25.25687777 25.22830741 25.13725148 25.0323606 24.87428864 24.76561974 24.80546843 24.95409108 24.75181269 24.35282738 23.91446764 23.65651498 23.40700315 23.24295479 23.24023117 23.20746536 23.30355167 23.38967546 23.47828981 23.56593927 23.64935714 23.79801625 23.95812112 24.05373373 24.00807961 24.00950368 24.25252458 24.43664954 24.66716794 24.91993074 25.0863416 25.21195497 25.29751761 25.24068158 25.09749839 24.91532801 24.6075751
-9999 -9999 -9999 -9999 -9999 -9999 17.09034912 14.03666148 11.01542443 8.284712036 7.163358637 7.676161025 9.413161544 12.24966098 15.69195325 18.34052468 19.94005961 21.66800921 22.81341327 24.29019056 25.29662699 25.49888273 25.95339069 25.88255936 25.90191371 25.88329469 25.68574876 25.58592235 25.54956827 25.46355596 25.30925518 25.09376998 24.88546521 24.85528012 24.82978059 24.62538151 24.34404501 23.97827937 23.67392868 23.43608649 23.25546653 23.19442895 23.1811123 23.21849662 23.29139244 23.39391514 23.52515443 23.65624627 23.74479106 23.83620183 23.96313707 24.05753968 24.22705549 24.45071023 24.70935543 24.92196018 25.06206715 25.15814883 25.19757143 25.182137 25.08577709 24.93181104 24.73242397 24.45317882
-9999 -9999 -9999 -9999 -9999 -9999 18.71273358 16.77559949 12.85810163 8.989447531 6.9976621 6.879335399 7.691779982 9.096835746 11.51074309 13.73338442 15.64976746 18.60645286 19.63150716 22.11026022 23.77637318 24.11712406 25.9308917 25.82808077 26.0165456 26.18308709 25.94634661 25.8974702 25.9276325 25.88053525 25.61590788 25.30672779 24.93478543 24.83807629 24.72288894 24.56847983 24.36209632 24.04883297 23.74789926 23.52816895 23.33644127 23.24434958 23.18112926 23.1932461 23.22197303 23.29341983 23.44775391 23.64262298 23.60549801 23.62200629 23.80922282 24.0784956 24.40611573 24.66354956 24.96916816 25.14755979 25.13922861 25.2263553 25.14454347 25.04872392 24.9178226 24.75709229 24.53647199 24.20876703
-9999 -9999 -9999 -9999 -9999 -9999 -9999 18.39363379 14.73677197 10.50860796 7.690456483 6.443461803 5.892385693 5.999439185 6.404946676 7.645829148 9.497971361 11.55497383 13.85751818 16.1661026 18.540426 20.52001518 22.54689358 24.09812005 25.4916872 26.32852191 26.24316532 26.17462802 26.09333136 26.00114771 25.85070091 25.6673612 25.43896202 25.12047022 24.78839554 24.49349437 24.32488522 24.1037085 23.82497506 23.59679278 23.41237409 23.32924206 23.27699305 23.25045709 23.21972062 23.25980816 23.3571224 23.38201078 23.43825561 23.46191341 23.68448117 24.06869824 24.45089535 24.72125844 24.91291459 25.02584851 25.01373891 24.99744413 25.0062201 25.01390319 24.84721148 24.55710195 24.25031505 23.90945078
-9999 -9999 -9999 -9999 -9999 -9999 -9999 20.21934655 16.36012563 12.11167895 8.8315196 6.732866049 4.673290633 3.816907016 2.330604528 2.668352421 4.320000816 5.176131854 7.893304601 9.860326055 12.67533465 15.86542662 18.80181175 21.76654492 24.40299838 25.95428922 26.1092018 26.21526235 26.25075072 26.18116168 26.14789999 26.14723195 25.99203044 25.51069258 24.95799722 24.50851262 24.34737258 24.15364663 23.8464348 23.64487372 23.44625207 23.36982663 23.3701153 23.35559235 23.31918828 23.38759759 23.45720966 23.35643667 23.50645626 23.46229908 23.66981357 24.10434839 24.48583748 24.6381578 24.75545268 24.82590272 24.77841333 24.72921625 24.81443383 24.89929598 24.7271723 24.33627608 23.9309585 23.57893484
-9999 -9999 -9999 -9999 -9999 -9999 -9999 19.76330128 17.64668983 14.61436256 11.53132678 8.687036192 5.776365568 3.934483924 2.181545065 1.546141194 2.262594411 2.81912953 4.141921417 5.267995563 7.935175156 11.62768516 15.29857154 19.04148024 22.19180877 24.49126556 25.32055065 25.86356068 25.99144404 26.23164895 26.36035793 26.45098853 26.44117119 25.75204707 25.0216082 24.54629952 24.24607792 24.14577532 23.95223707 23.73575684 23.59494561 23.5382761 23.44308624 23.63652996 23.75901778 23.87532356 24.02067745 24.03031398 23.96421755 23.88306648 23.95495321 24.15929527 24.36120827 24.52978288 24.60800625 24.62464206 24.56745876 24.50708981 24.52346937 24.54326781 24.32394038 23.93277203 23.55609991 23.15944382
-9999 -9999 -9999 -9999 -9999 -9999 -9999 -9999 18.64948485 17.01117479 14.56808274 11.65643991 8.270379759 6.257265989 3.874328902 2.536046965 2.481152142 2.084894605 2.567100313 2.589234659 4.796749298 8.530329731 12.15695348 16.14437794 19.71250607 22.47369592 23.87996049 25.03780197 25.54696561 25.97275545 26.16027072 26.2769437 26.4062527 25.61404522 24.91482007 24.53144232 24.32986008 24.29930413 24.27060099 24.12782976 24.06631387 24.06876864 23.93114486 24.28392359 24.50967034 24.64017909 24.77881657 24.7277503 24.46182673 24.23893026 24.16233031 24.18583156 24.32218134 24.50721301 24.5827599 24.56609243 24.43505413 24.23331608 24.09633122 24.03083729 23.75741795 23.37321165 23.02926269 22.67105481
