meets/meet004/data/CCSM_6k_neotropic_bio07.asc
NCOLS 154 
NROWS 168 
XLLCORNER -112 
YLLCORNER -55.5 
CELLSIZE 0.5 
NODATA_value -9999 
[rows 87 to 115 of 168, columns 64 to 127 of 154]
-9999 -9999 -9999 -9999 -9999 -9999 -9999 -9999 -9999 7.348693675 9.812059788 13.73417699 17.09725153 17.80729281 17.91200966 18.02034984 17.74666202 17.57780893 16.54457693 15.60813633 14.79966639 13.83792082 13.64659899 15.20300875 17.33432011 18.88237572 20.03522765 20.75793637 20.9974124 21.04371981 21.12954855 20.99988707 21.44592962 21.74093721 22.317811 22.52555921 22.33935457 21.85931414 21.68676975 21.40602322 21.19818744 21.08306877 20.92221572 20.97365572 20.97477313 20.92561294 20.89080602 20.78752424 20.90925531 20.96181798 20.83009873 20.54002249 20.1914178 19.85741422 19.54206118 19.38761216 19.42310269 19.36136085 19.13113235 19.14813546 19.06231284 18.89080701 18.7168935 18.59073789
-9999 -9999 -9999 -9999 -9999 -9999 -9999 -9999 -9999 -9999 -9999 8.99297485 12.61605644 13.50109909 14.30304501 15.25812878 15.9634879 16.5015615 16.45372555 16.00838172 15.48945269 14.64721361 13.9198403 14.67917888 16.06915396 17.4353442 18.93874636 20.33562218 20.56228806 21.21487791 21.39751542 21.41426693 22.07283044 21.78513859 21.88675399 21.9716739 21.51846293 21.39710667 21.35116939 21.09758401 20.95926584 20.89714897 20.75704888 20.89535448 21.07282499 21.04337836 21.03386178 20.89504502 20.96761205 21.03971953 20.85427489 20.47431108 20.10693799 19.82710517 19.62261993 19.56331671 19.68110563 19.71124909 19.5235834 19.49373232 19.41032146 19.19586699 18.9445319 18.75377645
-9999 -9999 -9999 -9999 -9999 -9999 -9999 -9999 -9999 -9999 -9999 -9999 -9999 8.202765715 10.04130873 11.88246195 13.848812 15.62659148 16.13999524 16.71453796 16.92739046 16.21296268 15.78251526 15.38057817 15.1441469 15.94816026 17.21230677 18.67070792 19.68767252 20.58951385 21.3731775 21.08409578 20.85297838 20.95645021 21.23222245 20.93634257 21.05592631 21.10814126 21.10599336 21.22062832 21.14923601 20.90081779 20.85330281 21.0099778 21.22076496 21.29527762 21.15237962 21.10970551 21.04492848 20.94369189 20.73485804 20.28726972 19.90921282 19.84363052 19.80615101 19.86150533 20.1050191 20.08239087 19.9492873 19.86962576 19.73667108 19.44636701 19.1297027 18.93416204
-9999 -9999 -9999 -9999 -9999 -9999 -9999 -9999 -9999 -9999 -9999 -9999 -9999 -9999 -9999 8.30835816 10.95173562 13.61891465 15.43121159 16.90718276 17.6786955 17.52397364 16.9313069 16.11477509 15.27267386 15.16066851 15.78239656 16.67590429 17.85821413 19.30577468 20.00657318 19.93644486 19.81206242 19.97499006 20.06413673 20.28209891 20.54815906 20.79360996 20.92999966 21.07814632 21.07682612 20.92731736 20.90725244 21.1219558 21.37496475 21.41463246 21.29851354 21.14529162 21.02835895 20.92969883 20.7116495 20.3040304 20.04084947 20.20233923 20.43866767 20.63917119 20.85095456 20.78967044 20.54328247 20.18077245 19.98826858 19.6804255 19.37814848 19.11423972
-9999 -9999 -9999 -9999 -9999 -9999 -9999 -9999 -9999 -9999 -9999 -9999 -9999 -9999 -9999 -9999 -9999 10.19189329 13.46467249 16.40978718 18.10802705 18.0099081 17.4630569 17.21318903 16.39230048 15.7356552 15.14179057 14.56132833 16.04646112 17.42507868 18.44925684 19.3844088 19.66728315 19.72789479 19.47025627 19.56776556 20.06060133 20.41048882 20.63565938 20.61926354 20.75686173 20.82130175 20.83989946 21.16075987 21.45455188 21.49063742 21.25956385 20.99834749 20.97529627 20.93286607 20.78764287 20.51077881 20.41303785 20.77045712 21.44867632 21.70675259 21.68971251 21.70517762 21.13631494 20.52900728 20.12020802 19.88606615 19.5979114 19.2218132
-9999 -9999 -9999 -9999 -9999 -9999 -9999 -9999 -9999 -9999 -9999 -9999 -9999 -9999 -9999 -9999 -9999 7.264282315 10.83946366 14.49161447 16.99318876 18.38424918 18.88960295 18.97138825 18.20851544 17.48443967 16.51947358 15.64038959 15.85579086 16.72106371 17.68772778 19.05858897 19.72244899 19.78671546 19.31783178 19.31445211 19.72275234 20.10622307 20.44590735 20.45428058 20.64011965 20.8441385 20.98914837 21.26785807 21.40196843 21.38694079 21.15665084 20.89343777 20.84890222 20.86114526 20.80777272 20.63744272 20.68456743 21.09382729 21.72871089 21.95437614 21.86770081 21.7533973 21.29421034 20.81159592 20.27182586 20.01001365 19.66823511 19.31911445
-9999 -9999 -9999 -9999 -9999 -9999 -9999 -9999 -9999 -9999 -9999 -9999 -9999 -9999 -9999 -9999 -9999 -9999 -9999 11.9192425 15.33474065 18.76187107 21.30108308 20.8323228 20.19888281 19.46424038 18.4400549 18.16657327 17.12293564 16.63309121 17.35568882 18.89206284 20.27268735 19.99173656 19.26532966 19.15994769 19.58876846 19.96081947 20.20361302 20.48122011 20.77506667 20.99422308 21.32629624 21.3319927 21.29072308 21.21520595 20.93254432 20.74682435 20.80426777 20.76810613 20.75634938 20.71943044 20.759449 21.06200497 21.44693737 21.57673813 21.47291644 21.17916662 21.105197 20.97236445 20.52394263 20.03445569 19.62863868 19.31440862
-9999 -9999 -9999 -9999 -9999 -9999 -9999 -9999 -9999 -9999 -9999 -9999 -9999 -9999 -9999 -9999 -9999 -9999 -9999 11.14603314 14.91153359 18.5980378 21.04715015 21.44870254 20.7988028 20.34118759 19.78594587 19.34925406 18.27188482 17.4340505 17.60680735 18.93940408 19.93879203 20.0059029 19.46857362 19.35473119 19.49383701 19.83034512 20.13844368 20.41065215 20.71615048 21.05651046 21.22963758 21.06384742 20.9303263 20.8456546 20.72501363 20.6547252 20.74193568 20.79888572 20.80054573 20.70086456 20.63955505 20.81813002 21.03634041 21.0983503 21.03127429 20.89774176 20.85134938 20.73120477 20.36322619 19.91168799 19.53847675 19.30971997
-9999 -9999 -9999 -9999 -9999 -9999 -9999 -9999 -9999 -9999 -9999 -9999 -9999 -9999 -9999 -9999 -9999 -9999 -9999 -9999 15.08370525 18.17677182 20.47595489 20.98971755 20.35738043 20.10428514 20.12668974 19.89223515 18.89380618 18.00847489 17.85587387 18.89410179 19.60961481 19.89509905 19.68268952 19.67200223 19.6152113 19.52142234 19.96302953 20.26411088 20.54292507 20.85235335 20.9405258 20.78054258 20.48328638 20.39148789 20.48590253 20.58654553 20.82715583 20.97990701 20.96467551 20.7277086 20.4394115 20.54831726 20.6624875 20.70044371 20.74404573 20.71848443 20.64295995 20.43513464 20.18906276 19.90619445 19.47623017 19.44525978
-9999 -9999 -9999 -9999 -9999 -9999 -9999 -9999 -9999 -9999 -9999 -9999 -9999 -9999 -9999 -9999 -9999 -9999 -9999 -9999 14.81763309 18.0030989 19.91482893 20.46336887 19.87772634 19.79585281 20.02834829 19.88550272 19.14056343 18.23961861 18.40022185 19.06066924 19.65689162 19.90496992 19.81929824 19.87129019 20.06597235 20.04521871 19.90543164 19.93084518 20.06105998 20.46776174 20.6821458 20.57584574 20.24025129 20.22732645 20.31180327 20.58246338 21.03385774 21.34558288 21.32142876 20.8809403 20.45139472 20.40485764 20.49314414 20.52011998 20.57591252 20.54709628 20.54130666 20.46520431 20.3727274 20.30832989 20.17692905 20.11400212
-9999 -9999 -9999 -9999 -9999 -9999 -9999 -9999 -9999 -9999 -9999 -9999 -9999 -9999 -9999 -9999 -9999 -9999 -9999 -9999 14.65446764 17.63200468 20.1604515 20.2715688 19.77000674 19.63338632 20.00449303 20.0042107 19.12527296 18.72779064 18.88758709 19.27387359 20.08004844 19.87617245 19.89350268 20.10774238 20.40562565 20.81296173 20.18740906 19.75016705 19.70268296 20.15296334 20.70271363 20.37942466 20.065808 20.07731455 20.20871633 20.54987419 21.14219288 21.75418585 21.74131913 21.0361324 20.41114985 20.39085876 20.47457732 20.48717769 20.53609329 20.46238977 20.59082692 20.67533988 20.74984504 20.92054235 21.15304373 20.87726538
-9999 -9999 -9999 -9999 -9999 -9999 -9999 -9999 -9999 -9999 -9999 -9999 -9999 -9999 -9999 -9999 -9999 -9999 -9999 -9999 14.19383753 17.22685964 19.31171457 20.10442285 19.97403439 19.97413321 19.95759802 19.65775465 19.10206368 18.98889007 19.21271488 19.57072173 20.12953377 20.02569364 19.98774574 20.19294858 20.65582262 20.88770372 20.58099738 20.10653266 19.88282986 19.92016549 20.05566545 19.99798239 19.86848475 20.00587922 20.22417107 20.55164431 21.12649283 21.57373688 21.59851644 21.16049884 20.65576407 20.53142319 20.55952868 20.56622573 20.66019763 20.71990093 20.79690531 20.89051698 21.0285626 21.23714149 21.40055235 21.32034515
-9999 -9999 -9999 -9999 -9999 -9999 -9999 -9999 -9999 -9999 -9999 -9999 -9999 -9999 -9999 -9999 -9999 -9999 -9999 -9999 13.75145641 16.56673189 19.07438861 19.97257091 20.22994189 20.31708896 20.00045758 19.48022262 19.1067795 19.03933212 19.30875201 19.76256015 20.38974468 20.19094636 20.00594915 20.17001162 20.7032955 21.10526621 20.7448706 20.27069768 19.99440656 19.71845562 19.53346294 19.72681736 19.80802022 20.02463548 20.28419986 20.50575951 21.00631707 21.43125509 21.51686591 21.26408287 20.88749114 20.8895581 20.84036191 20.80484008 20.87837448 20.9955479 20.94966739 21.05974739 21.22643792 21.43264852 21.57228692 21.41114258
-9999 -9999 -9999 -9999 -9999 -9999 -9999 -9999 -9999 -9999 -9999 -9999 -9999 -9999 -9999 -9999 -9999 -9999 -9999 -9999 13.35367132 16.15698822 18.42573805 20.07635469 20.56904479 20.68833111 20.03979578 19.27498323 18.97088618 19.08621566 19.38905068 19.94361119 20.46165981 20.31772695 20.07729579 20.24101289 20.60938441 20.79104595 20.42138362 19.8537957 19.60479266 19.66732728 19.89155369 19.85374335 19.93134636 20.14582283 20.38468632 20.67777976 21.03911235 21.41865369 21.57973432 21.51409097 21.45891166 21.4399803 21.47796932 21.34854222 21.08432603 20.96663242 20.97155406 21.1809805 21.2790703 21.36443603 21.46218329 21.23055614
-9999 -9999 -9999 -9999 -9999 -9999 -9999 -9999 -9999 -9999 -9999 -9999 -9999 -9999 -9999 -9999 -9999 -9999 -9999 -9999 13.14697093 15.87630812 18.64464053 20.3486124 20.99207846 20.96300033 20.03509612 19.12752931 18.78561644 18.99227339 19.37974402 20.05620397 20.65790941 20.7898643 20.27306539 20.31155178 20.45234029 20.52220055 19.97783212 19.39792228 19.22119725 19.5249599 19.97608277 19.88725897 19.9597388 20.15538219 20.27318719 20.68819411 20.98994276 21.3611536 21.60714824 21.68469102 21.87241901 21.82794965 21.95903979 21.78230219 21.28638504 20.88151693 20.86330136 21.0323261 21.0114106 20.93034984 21.02684742 20.67650745
-9999 -9999 -9999 -9999 -9999 -9999 -9999 -9999 -9999 -9999 -9999 -9999 -9999 -9999 -9999 -9999 -9999 -9999 -9999 9.614012472 12.90773004 15.92794136 18.97916873 20.71632791 21.13627694 20.84100421 19.98489842 18.99764178 18.59528766 18.74943255 19.25670907 20.14057766 20.86561588 21.07478696 20.58897538 20.55383631 20.7217091 20.45123754 19.86125716 19.28655523 19.12148737 19.37371393 19.67251461 19.73512697 19.69829356 19.87160336 20.1107654 20.43441711 20.7771602 21.13585309 21.39025258 21.55010139 21.75448127 21.82053779 21.92495446 21.73721803 21.35349893 21.10005859 20.65810084 20.42561212 20.15002801 19.91976357 19.78604937 19.63433444
-9999 -9999 -9999 -9999 -9999 -9999 -9999 -9999 -9999 -9999 -9999 -9999 -9999 -9999 -9999 -9999 -9999 -9999 -9999 9.647209468 12.94291373 16.26953488 19.57690502 21.16411565 21.44908337 20.8102973 19.8868954 18.96432435 18.60893547 18.87382821 19.49036334 20.33468933 21.3024555 21.43519454 20.93562897 20.94681532 21.12856022 20.93604227 20.24648968 19.44309323 19.21268294 19.35127538 19.58470388 19.5793475 19.54111608 19.68398834 19.98125451 20.2451876 20.55830863 20.83782545 21.07427535 21.27978135 21.46632668 21.46164143 21.57339617 21.38301444 21.03246094 20.7968032 20.12634441 19.61666102 19.19384035 18.80822654 18.43528124 18.27823957
-9999 -9999 -9999 -9999 -9999 -9999 -9999 -9999 -9999 -9999 -9999 -9999 -9999 -9999 -9999 -9999 -9999 -9999 -9999 9.855427277 13.26158465 16.7098797 19.84862251 21.5183268 21.74279983 20.97423336 19.85707559 19.00621393 18.75251476 19.6180781 20.27753884 20.64443973 21.50436726 21.65036611 21.4588566 21.48154371 21.4915559 21.34990974 20.70127177 20.012639 19.50176823 19.34902107 19.55613804 19.5111138 19.64721025 19.82025671 20.01603156 20.32618772 20.45605581 20.58578781 20.70460551 20.8080003 20.92049688 20.88307242 20.84872503 20.59296535 20.18023506 19.72907625 19.18660898 18.73389941 18.10191811 17.56412637 17.12840417 16.47562136
-9999 -9999 -9999 -9999 -9999 -9999 -9999 -9999 -9999 -9999 -9999 -9999 -9999 -9999 -9999 -9999 -9999 -9999 -9999 10.10368963 13.69755788 17.34017893 20.6124304 21.9203286 22.09325704 21.28138816 19.93133502 19.16798973 19.11349053 20.11625373 20.74885377 21.1779364 21.86780544 21.9857395 21.88804289 21.86426274 21.7589669 21.5161584 20.86141799 20.38610263 19.91633186 19.52886954 19.4244673 19.42541877 19.59863531 19.81560489 19.99270074 20.26779088 20.30058013 20.30454697 20.29595293 20.30987213 20.26947147 20.09898524 19.9281535 19.58456398 19.18678728 18.67886394 18.15567357 17.63205642 17.0989955 16.77459718 16.14585508 15.01519644
-9999 -9999 -9999 -9999 -9999 -9999 -9999 -9999 -9999 -9999 -9999 -9999 -9999 -9999 -9999 -9999 -9999 -9999 -9999 10.53167604 14.16332471 18.16180171 21.40712193 22.52875473 22.42240828 21.57020782 20.02269566 19.43288494 19.39776659 20.29784835 20.91527841 21.60737148 22.14838426 22.37206883 22.22633386 22.09469517 21.80211791 21.2705516 20.95893636 20.5095784 20.09899716 19.84726198 19.47357296 19.41485454 19.40457024 19.58834849 19.83764751 19.93939707 19.99243665 20.00712829 19.8896881 19.75026452 19.50259 19.26873889 18.90504545 18.52224156 18.28305583 17.77120957 17.39959032 17.19737387 16.57404635 15.94047341 14.96092778 12.87433139
-9999 -9999 -9999 -9999 -9999 -9999 -9999 -9999 -9999 -9999 -9999 -9999 -9999 -9999 -9999 -9999 -9999 -9999 -9999 11.01174319 14.69105489 19.02031905 22.13215201 23.08487191 22.63096268 21.81864572 20.22048877 19.79952651 19.67251493 20.28322547 21.1207167 22.02394261 22.53522776 22.71662336 22.56592618 22.43846851 22.14934265 21.61024304 21.33997563 20.92942671 20.49576857 20.17852705 19.82382502 19.79237528 19.77032569 19.64927862 19.52580964 19.58414986 19.66027268 19.6212513 19.47580244 19.28848119 18.95716781 18.66270165 18.22491475 17.91070191 17.87383456 17.6791606 17.54522934 17.00273483 15.89268614 14.46550681 12.67840049 10.56589513
-9999 -9999 -9999 -9999 -9999 -9999 -9999 -9999 -9999 -9999 -9999 -9999 -9999 -9999 -9999 -9999 -9999 -9999 -9999 11.40409849 15.53380934 19.80997685 22.92797252 23.50323748 22.79839255 21.889433 20.37823151 19.98369213 19.77383172 20.08036849 21.52921961 22.42103569 22.93330324 23.16048585 23.01764941 22.87562969 22.62615988 22.34096484 21.89647968 21.57023688 21.15397132 20.66266901 20.44632572 20.26900472 20.24036059 20.0928497 19.84149594 19.57759348 19.33797488 19.25605566 19.10098831 18.88327975 18.60633167 18.44483708 18.36256321 18.22325681 18.14834929 17.9509528 17.71591833 17.0410875 15.26057112 12.66433316 9.845492921 -9999
-9999 -9999 -9999 -9999 -9999 -9999 -9999 -9999 -9999 -9999 -9999 -9999 -9999 -9999 -9999 -9999 -9999 -9999 -9999 11.85168496 16.16274183 20.28353044 22.96477327 23.47107152 22.5248132 21.61030758 20.30881368 19.94210923 19.67543976 20.23683865 21.77727809 22.76414803 23.26572477 23.47996847 23.33246351 23.26053272 23.05153632 22.80081833 22.44303235 22.10001583 21.68493159 21.27226494 21.03335962 20.80322214 20.71479117 20.49906666 20.2186918 19.95211605 19.69360156 19.47568998 19.21871579 19.02393644 18.86051 18.70211266 18.60339838 18.44854939 18.35809227 18.10977362 17.8854547 17.0482155 14.91699426 11.75861654 8.901067213 -9999
-9999 -9999 -9999 -9999 -9999 -9999 -9999 -9999 -9999 -9999 -9999 -9999 -9999 -9999 -9999 -9999 -9999 -9999 8.464005796 12.64043718 16.84067693 20.87392726 23.25746482 23.27646953 22.21018607 21.27143879 20.18045353 19.88716489 19.72997209 20.57837688 22.07404125 23.14443847 23.64041644 23.76991769 23.50207394 23.46108913 23.24494317 23.03496206 22.66906485 22.36378007 22.01575689 21.72284876 21.47960959 21.19948984 21.07786664 20.79928977 20.52778938 20.27531786 20.00281942 19.76585718 19.50563385 19.27887918 19.06493405 18.88150149 18.75368199 18.57723419 18.49805714 18.26723752 17.93119765 17.25865314 14.96343558 11.62335246 8.703617084 -9999
-9999 -9999 -9999 -9999 -9999 -9999 -9999 -9999 -9999 -9999 -9999 -9999 -9999 -9999 -9999 -9999 -9999 -9999 9.744797111 14.38871202 18.5160585 21.93846834 23.57836575 23.19231467 21.9935273 21.10954443 20.44616119 20.21165004 20.36360474 21.52586798 22.86000672 23.67402861 24.02687856 24.1272532 23.91705332 23.81310931 23.65562965 23.42685511 23.09707395 22.76946116 22.40468187 22.0619688 21.78760947 21.53632849 21.34999601 21.09427922 20.83188831 20.57925998 20.3082534 20.04499752 19.75094726 19.49984411 19.26202954 19.04334047 18.86199204 18.64145198 18.5007587 18.20954694 18.00350239 17.25812771 14.99658799 11.70306533 8.884019505 -9999
-9999 -9999 -9999 -9999 -9999 -9999 -9999 -9999 -9999 -9999 -9999 -9999 -9999 -9999 -9999 -9999 -9999 -9999 11.89244792 16.94711675 20.6732928 23.13466692 24.70002769 22.99827298 21.89134533 21.02874813 20.72077331 20.85285886 21.24633949 22.74294323 23.89884375 24.23318377 24.48719162 24.44513723 24.37192251 24.267407 24.10544698 24.0392799 23.51637135 23.05089455 22.69361143 22.36623979 22.07681695 21.80288972 21.59037112 21.30977366 21.07527215 20.82517339 20.54664343 20.27328242 19.97569364 19.71443686 19.45095294 19.2016673 18.97214004 18.71395383 18.53869321 18.18705426 17.95554532 17.43140018 15.17833736 11.81940317 8.765579861 -9999
-9999 -9999 -9999 -9999 -9999 -9999 -9999 -9999 -9999 -9999 -9999 -9999 -9999 -9999 -9999 -9999 -9999 -9999 14.72437796 19.35284796 22.4456029 23.9031913 23.82054958 22.89917777 21.67239709 21.00046941 20.8318302 21.14352219 22.02878062 23.69497272 24.5904088 24.76090341 24.67268986 24.65637041 24.61995298 24.48852622 24.22329024 23.92964103 23.66975007 23.43259314 23.10994925 22.78845213 22.42661515 22.08213565 21.83372415 21.55541854 21.31400575 21.04928691 20.77387504 20.49996166 20.191617 19.90699173 19.6268445 19.36918874 19.13042752 18.84797566 18.63454365 18.36838767 18.13104901 17.47560181 15.19499986 11.90172545 9.13076513 -9999
-9999 -9999 -9999 -9999 -9999 -9999 -9999 -9999 -9999 -9999 -9999 -9999 -9999 -9999 -9999 -9999 -9999 13.28489518 17.56969516 21.79468334 24.06020257 24.02975673 23.83439927 22.87865947 21.45966516 21.25583668 21.19550653 21.48004956 23.04289237 24.48895473 25.20750586 25.06807876 24.73762132 24.88752237 24.76149305 24.47982483 24.15417238 23.63653989 23.68038648 23.67628381 23.49944024 23.19715461 22.81469809 22.4088476 22.08389694 21.785639 21.52023081 21.271165 20.97962965 20.70939739 20.3890669 20.09853259 19.7988492 19.52966461 19.31200634 19.09614538 18.98772551 18.50316762 17.8202216 17.24053358 14.84716347 11.53362999 -9999 -9999
-9999 -9999 -9999 -9999 -9999 -9999 -9999 -9999 -9999 -9999 -9999 -9999 -9999 -9999 -9999 -9999 -9999 14.77466571 19.22109453 22.88656713 24.68774361 24.24491775 23.57474241 22.95956757 22.08403673 21.93223587 21.98848893 22.9672161 24.11579917 24.95349493 25.36352927 25.33741218 25.08054554 25.13468322 24.97675601 24.71720056 24.25972719 23.86805497 23.9402936 23.99720924 23.80525573 23.53810569 23.0555572 22.69966602 22.37743491 22.0230266 21.73592723 21.4490078 21.15154787 20.87601524 20.56306505 20.26405926 19.98408688 19.7116292 19.56685871 19.22059331 19.02722508 18.43453244 16.87537467 14.89460849 12.69560718 -9999 -9999 -9999
