meets/meet004/data/CCSM_0k_neotropic_bio08.asc
NCOLS 154 
NROWS 168 
XLLCORNER -112 
YLLCORNER -55.5 
CELLSIZE 0.5 
NODATA_value -9999 
[rows 29 to 57 of 168, columns 64 to 127 of 154]
-9999 -9999 -9999 -9999 -9999 -9999 -9999 -9999 -9999 -9999 -9999 -9999 -9999 -9999 -9999 -9999 -9999 -9999 -9999 -9999 -9999 -9999 -9999 -9999 -9999 -9999 -9999 -9999 -9999 -9999 -9999 -9999 -9999 -9999 -9999 -9999 -9999 26.56130186 -9999 -9999 -9999 -9999 -9999 -9999 -9999 -9999 -9999 -9999 -9999 -9999 -9999 -9999 -9999 -9999 -9999 -9999 -9999 -9999 -9999 -9999 -9999 -9999 -9999 -9999
-9999 -9999 -9999 -9999 -9999 -9999 -9999 -9999 -9999 -9999 -9999 -9999 -9999 -9999 -9999 -9999 -9999 -9999 -9999 -9999 -9999 -9999 -9999 -9999 -9999 -9999 -9999 -9999 -9999 -9999 -9999 -9999 -9999 -9999 -9999 -9999 -9999 26.59235311 -9999 -9999 -9999 -9999 -9999 -9999 -9999 -9999 -9999 -9999 -9999 -9999 -9999 -9999 -9999 -9999 -9999 -9999 -9999 -9999 -9999 -9999 -9999 -9999 -9999 -9999
-9999 -9999 -9999 -9999 -9999 -9999 -9999 -9999 -9999 -9999 -9999 -9999 -9999 -9999 -9999 -9999 -9999 -9999 -9999 -9999 -9999 -9999 -9999 -9999 -9999 -9999 -9999 -9999 -9999 -9999 -9999 -9999 -9999 -9999 -9999 -9999 -9999 -9999 -9999 -9999 -9999 -9999 -9999 -9999 -9999 -9999 -9999 -9999 -9999 -9999 -9999 -9999 -9999 -9999 -9999 -9999 -9999 -9999 -9999 -9999 -9999 -9999 -9999 -9999
-9999 -9999 -9999 -9999 -9999 -9999 -9999 -9999 -9999 -9999 -9999 -9999 -9999 -9999 -9999 -9999 26.70695284 -9999 -9999 -9999 -9999 -9999 -9999 -9999 -9999 -9999 -9999 -9999 -9999 -9999 -9999 -9999 -9999 -9999 -9999 -9999 26.56315244 -9999 -9999 -9999 -9999 -9999 -9999 -9999 -9999 -9999 -9999 -9999 -9999 -9999 -9999 -9999 -9999 -9999 -9999 -9999 -9999 -9999 -9999 -9999 -9999 -9999 -9999 -9999
-9999 -9999 -9999 -9999 -9999 -9999 -9999 -9999 -9999 -9999 -9999 -9999 -9999 -9999 26.87268929 26.89571498 26.74104029 -9999 -9999 -9999 -9999 -9999 -9999 -9999 -9999 -9999 -9999 -9999 -9999 -9999 -9999 -9999 -9999 -9999 -9999 -9999 -9999 -9999 -9999 -9999 -9999 -9999 -9999 -9999 -9999 -9999 -9999 -9999 -9999 -9999 -9999 -9999 -9999 -9999 -9999 -9999 -9999 -9999 -9999 -9999 -9999 -9999 -9999 -9999
-9999 -9999 -9999 -9999 -9999 -9999 -9999 -9999 -9999 -9999 26.40144843 26.46344283 26.52648042 26.58892805 26.64812424 26.5536907 -9999 -9999 25.75626153 25.49703094 25.27933706 25.10948456 24.94603385 -9999 -9999 -9999 -9999 -9999 -9999 -9999 -9999 -9999 -9999 -9999 -9999 -9999 -9999 -9999 -9999 -9999 -9999 -9999 -9999 -9999 -9999 -9999 -9999 -9999 -9999 -9999 -9999 -9999 -9999 -9999 -9999 -9999 -9999 -9999 -9999 -9999 -9999 -9999 -9999 -9999
-9999 -9999 -9999 -9999 -9999 -9999 -9999 -9999 -9999 26.73588569 26.68535526 26.69667408 26.59779027 26.58040134 26.46234105 26.23208065 25.86153592 25.51175562 25.34263006 25.00214536 24.79094465 24.75493744 24.48042102 24.76854147 -9999 -9999 -9999 -9999 -9999 -9999 -9999 -9999 -9999 -9999 -9999 -9999 -9999 -9999 -9999 -9999 -9999 -9999 -9999 -9999 -9999 -9999 -9999 -9999 -9999 -9999 -9999 -9999 -9999 -9999 -9999 -9999 -9999 -9999 -9999 -9999 -9999 -9999 -9999 -9999
-9999 -9999 -9999 -9999 -9999 -9999 -9999 -9999 -9999 27.42128333 27.25780995 26.85389197 26.80722009 26.28622901 25.8920456 25.55202748 25.34886962 25.27090126 25.05519583 24.94392394 24.93677444 24.98845408 25.08949752 25.28732985 25.42853611 25.6938484 26.04088542 26.2946939 26.59419463 26.80166075 26.88911217 26.85743649 26.75706604 26.55707981 26.35181578 -9999 -9999 -9999 -9999 -9999 -9999 -9999 -9999 -9999 -9999 -9999 -9999 -9999 -9999 -9999 -9999 -9999 -9999 -9999 -9999 -9999 -9999 -9999 -9999 -9999 -9999 -9999 -9999 -9999
-9999 -9999 -9999 -9999 -9999 -9999 -9999 -9999 -9999 27.63498385 27.3743649 27.15037137 26.5677207 25.776746 25.13280027 24.74883044 24.68300277 24.77288496 24.63853522 24.74152804 24.98596368 25.36451933 25.85292593 26.26901161 26.51838297 26.80705405 27.10022182 27.31282638 27.40140675 27.56763071 27.51464076 27.259726 27.12349126 26.74664469 26.43793539 26.30628937 26.31540127 -9999 -9999 -9999 -9999 -9999 -9999 -9999 -9999 -9999 -9999 -9999 -9999 -9999 -9999 -9999 -9999 -9999 -9999 -9999 -9999 -9999 -9999 -9999 -9999 -9999 -9999 -9999
25.77803632 25.74776569 25.73442738 25.94005342 -9999 -9999 -9999 -9999 26.89350432 26.8918945 26.59648997 26.08259046 25.88151604 24.95317004 24.22682591 23.75922495 23.64648872 23.77645312 23.75982124 23.94561904 24.57446555 25.55391378 26.63639403 27.17641374 27.6991874 28.00727605 27.96308227 28.01308567 27.87890721 27.75341045 27.55196274 27.28638979 26.99869999 26.71878511 26.49616901 26.37346998 26.39673404 26.44793253 -9999 -9999 -9999 -9999 -9999 -9999 -9999 -9999 -9999 -9999 -9999 -9999 -9999 -9999 -9999 -9999 -9999 -9999 -9999 -9999 -9999 -9999 -9999 -9999 -9999 -9999
25.29941055 -9999 -9999 25.49680697 25.73159643 25.96263474 25.78579021 25.95862853 25.9786778 25.96738487 25.7345159 25.2966875 25.05191953 24.08241855 23.21302874 22.62909427 22.50974003 22.596327 22.74025328 23.1519413 24.0497499 25.4300343 26.85437731 27.55894518 28.19371501 28.55861757 28.39675191 28.40956431 28.1656352 27.88560481 27.62422315 27.3327202 27.01963582 26.79155922 26.60887532 26.49872234 26.55890758 26.60600491 -9999 -9999 -9999 -9999 -9999 -9999 -9999 -9999 -9999 -9999 -9999 -9999 -9999 -9999 -9999 -9999 -9999 -9999 -9999 -9999 -9999 -9999 -9999 -9999 -9999 -9999
-9999 -9999 -9999 25.15667021 24.95734697 24.93024121 24.70035578 24.70943445 24.80633893 25.03028279 24.7815354 24.29895154 23.75996198 22.95543014 22.00500008 21.46948651 21.17639426 21.36394768 22.03639714 22.68789005 23.84389097 25.26766349 26.41784444 27.2555865 27.86140264 28.19320312 28.28376024 28.33892869 27.92801798 27.86169596 27.5759731 27.19267981 27.18820068 26.71957041 26.60884882 26.54866246 26.50218419 26.75020092 26.6005993 26.60162586 26.59216998 -9999 -9999 -9999 -9999 -9999 -9999 -9999 -9999 -9999 -9999 -9999 -9999 -9999 -9999 -9999 -9999 -9999 -9999 -9999 -9999 -9999 -9999 -9999
-9999 -9999 -9999 24.94624236 24.48824293 24.26643714 23.73321511 23.55481352 23.61087169 23.65486571 23.3122315 22.7581329 22.13687273 21.27149453 20.44851937 20.07208671 20.11781179 20.65467153 21.90249917 23.11327385 24.36011605 25.4666484 26.19206591 26.82262792 27.2754454 27.5134493 27.44343026 27.39611578 26.97316073 26.80946994 26.53059291 26.21656971 26.25638549 25.91302493 25.89521766 25.89418692 25.92418234 26.18934083 26.10705015 26.20191227 26.27343265 26.30015099 -9999 -9999 -9999 -9999 -9999 -9999 -9999 -9999 -9999 -9999 -9999 -9999 -9999 -9999 -9999 -9999 -9999 -9999 -9999 -9999 -9999 -9999
-9999 -9999 -9999 -9999 24.23076742 23.56898581 23.03169207 22.4849124 22.20647981 21.99528485 21.48406255 20.78425707 19.89807069 19.30638253 18.63829083 18.70010778 19.37248356 20.33821079 22.27256686 24.39206028 25.6135527 25.81002211 26.05522228 26.31858686 26.59936728 26.52900953 26.06096172 25.67840509 25.28715918 24.87982976 24.61343078 24.48179491 24.32098966 24.39880298 24.51677236 24.6395342 24.78807269 24.93445547 25.10301947 25.32156405 25.56749064 25.78941778 26.12444609 -9999 -9999 -9999 -9999 -9999 -9999 -9999 -9999 -9999 -9999 -9999 -9999 -9999 -9999 -9999 -9999 -9999 -9999 -9999 -9999 -9999
-9999 -9999 -9999 -9999 -9999 23.47397682 22.52778763 21.54159224 20.91333649 20.38473746 19.77236532 19.23263912 18.56102453 17.91752415 17.51779078 17.95675402 19.11286181 20.61647119 22.67321066 24.60754338 25.66325491 25.65793146 25.50883851 25.46529825 25.42150612 25.07741601 24.44622222 23.86960238 23.54716274 23.2734824 23.0468882 22.91511242 22.75881747 22.92573084 23.11303305 23.31601485 23.53324613 23.72175141 23.9718998 24.245443 24.62440877 25.03840095 25.51723255 25.91963519 -9999 -9999 -9999 -9999 -9999 -9999 -9999 -9999 -9999 -9999 -9999 -9999 -9999 -9999 -9999 -9999 -9999 -9999 -9999 -9999
-9999 -9999 -9999 -9999 -9999 23.47542777 22.09503731 20.65401918 19.6476476 18.91588369 18.30649702 18.08548417 17.68121676 17.26863151 16.92851732 17.75830281 19.44855831 21.27908766 22.90421418 24.17578878 24.9218709 24.96395996 24.66959045 24.42106351 24.00388891 23.39983412 22.75167104 22.02575536 21.9255468 22.03829918 21.89534897 21.60228911 21.49856589 21.6607821 21.86779206 22.14563969 22.40818349 22.60049184 22.8667817 23.10982481 23.58223027 24.10225323 24.71151198 25.4210865 26.06521008 -9999 -9999 -9999 -9999 -9999 -9999 -9999 -9999 -9999 -9999 -9999 -9999 -9999 -9999 -9999 -9999 -9999 -9999 -9999
-9999 -9999 -9999 -9999 -9999 23.40765903 21.72086489 19.97372792 18.72636545 17.85534921 17.31971503 17.32094245 17.06022909 17.13825253 17.40298314 18.46183133 20.18249274 21.78088134 23.052433 23.79885354 24.26984728 24.27799887 23.90459755 23.54304303 22.87566424 22.14362693 21.38458941 20.68760051 20.57738557 20.59699237 20.50389953 20.37052565 20.28625594 20.58615557 20.90205991 21.23129253 21.54767267 21.68525179 21.86870575 21.99475631 22.48479355 23.1933674 23.97704628 24.85639718 25.60207384 26.08485598 26.21783315 26.2352038 26.17080224 26.14271124 26.11286818 26.05907571 -9999 -9999 -9999 -9999 -9999 -9999 -9999 -9999 -9999 -9999 -9999 -9999
-9999 -9999 -9999 -9999 -9999 23.39033401 21.40902765 19.2924715 18.04365858 17.0457462 16.59237037 16.80059031 16.57406364 17.3406299 18.21387598 19.50981163 21.05004074 22.50983675 23.26264235 23.62768084 23.80610387 23.71818504 23.41729234 22.83423448 22.06168038 21.22294117 20.35871846 19.53767276 19.37127222 19.22438373 19.14898663 19.1754729 19.12815709 19.66748981 20.17327312 20.59568135 20.87951962 21.01248261 21.08881472 21.00435493 21.49245981 22.43116143 23.31838052 24.27389569 25.09464275 25.6027339 25.71166889 25.68030022 25.64688139 25.57034502 25.53923718 25.56279844 25.66191352 25.75739471 26.00427119 -9999 -9999 -9999 -9999 -9999 -9999 -9999 -9999 -9999
-9999 -9999 -9999 -9999 -9999 23.31823731 21.23639158 19.16986818 17.7284874 16.85480395 16.47704843 16.69915919 16.7961154 17.88897997 19.24354972 20.61699104 21.89422838 22.8637925 23.44579336 23.59363134 23.61500533 23.41929848 22.90768356 22.41811415 21.61106181 20.78003274 20.00895468 19.13246629 18.88434521 18.59393022 18.50312121 18.65291887 18.7229382 19.34240225 19.79957014 20.30172864 20.82049996 20.88460846 20.9638401 20.7662219 21.21114909 22.15551954 23.00265828 23.95322415 24.58948928 25.04245109 25.2124236 25.17802346 25.13534449 25.03936203 24.98351884 24.94407285 24.99867232 25.11019103 25.33044491 25.56534799 -9999 -9999 -9999 -9999 -9999 -9999 -9999 -9999
-9999 -9999 -9999 -9999 -9999 23.29130006 21.05453929 18.92386237 17.60562279 16.8105679 16.59599563 16.9480256 16.99605102 18.63321651 20.35552437 21.71204446 22.57357687 23.32835794 23.59615891 23.65219881 23.55464884 23.21431307 22.66137307 22.39205135 21.66083671 20.96171108 20.32947541 19.14201209 19.19194061 18.7696209 18.66361165 18.92770971 18.72568221 19.59755665 20.01619313 20.59942479 21.29934718 21.34946099 21.69979197 21.30882157 21.63680266 22.58955327 23.04247275 23.84397461 24.29900262 24.59040367 24.72372154 24.73751273 24.62745391 24.5057693 24.41134303 24.3025827 24.23056054 24.35736922 24.50901328 24.85583577 25.3718783 25.85197066 -9999 -9999 -9999 -9999 -9999 -9999
-9999 -9999 -9999 -9999 -9999 22.80839932 20.71559648 18.81105634 17.56438876 17.02717099 17.00208086 17.51952156 17.95722224 19.58173453 21.38283314 22.6058607 23.11363613 23.3490804 23.51391034 23.52898646 23.47009057 23.30326254 23.06086883 22.89544711 22.65217161 22.19039252 21.61622163 21.01498339 20.5313101 20.19342688 20.05819815 20.15535104 20.38182025 20.67962406 21.08940017 21.72180496 22.54378288 23.21120811 23.34079618 23.32074744 23.4942054 23.74387872 24.04572018 24.13347875 24.14340423 24.19538557 24.24467255 24.19531851 24.11506266 23.91493845 23.79700814 23.74640146 23.67867474 23.73127571 23.84714411 24.25512491 24.93203879 25.49682558 -9999 -9999 -9999 -9999 -9999 -9999
-9999 -9999 -9999 -9999 -9999 22.14792962 20.22217343 18.41457221 17.67121939 17.30464319 17.46812648 18.25954686 18.68487967 20.43393973 22.2704726 23.32604993 23.34929943 23.36321165 23.42148286 23.42372005 23.42918631 23.4173086 23.4970956 23.45391136 23.65150773 23.4267718 22.99331653 23.09563752 21.8873157 21.63713185 21.49343781 21.46282208 21.98926463 21.84561076 22.19885492 22.79453435 23.62672354 24.98183448 24.6314887 24.95883993 25.00546693 24.63008179 24.92240407 24.32062966 23.98725538 23.87426444 23.87316005 23.81385358 23.78536455 23.52592149 23.4186907 23.43989383 23.27698722 23.38161077 23.39383393 23.81443868 24.61637053 25.29310341 -9999 -9999 -9999 -9999 -9999 -9999
-9999 -9999 -9999 -9999 -9999 20.83862818 19.57754325 18.60881141 18.03852704 17.96870785 18.37596812 19.1361641 19.6923511 21.10012972 22.40426773 23.21521842 23.38383834 23.64899672 23.67134048 23.68322844 23.68948624 23.67823543 23.70029141 23.77422006 23.88355954 23.76183577 23.44709066 23.22985646 22.93042784 22.29352677 22.18497187 22.18877699 22.45341311 22.56783219 22.91879349 23.36494485 23.84792797 24.40290024 24.59392843 24.70730545 24.689995 24.49872885 24.33394434 24.0407746 23.8247785 23.72590796 23.76846752 23.80735635 23.76205256 23.6522658 23.55876878 23.485575 23.42349603 23.34307709 23.38351459 23.75605868 24.4136982 25.08265487 -9999 -9999 -9999 -9999 -9999 -9999
-9999 -9999 -9999 22.03922254 20.49803203 19.34115217 18.7754454 18.58000448 18.64284247 19.03385781 19.5719917 20.2884027 21.09384895 22.01970216 22.84185299 23.39897116 23.53020452 23.56862897 23.65125063 23.69323932 23.7278708 23.74334721 23.7632174 23.84581887 23.9282012 23.79215525 23.46318137 23.15089125 22.98970501 23.01673684 22.42843795 22.4497456 22.68003491 22.90621939 23.24093826 23.53216557 23.65716313 23.77780591 23.99279082 24.02253715 24.00559125 23.89829089 23.70080027 23.65963785 23.59864411 23.61430638 23.7790207 23.86591793 23.83585396 23.80182793 23.71158452 23.58267304 23.54206278 23.39588312 23.3795338 23.67119819 24.20227797 24.87340148 25.34386472 -9999 -9999 -9999 -9999 -9999
-9999 -9999 22.4484409 20.62058762 18.7667986 17.87394663 17.95887946 18.49132008 19.50327976 20.59508112 21.36113732 21.72508984 22.13439861 22.53429759 22.88839387 23.20346465 23.38209283 23.49380737 23.62967064 23.71873183 23.7933175 23.81890957 23.85014677 23.94741909 24.00015493 23.87181844 23.57363731 23.28308733 23.11329431 23.05191946 23.1344113 22.62919899 22.83974546 23.12245715 23.40128679 23.58685332 23.6501323 23.63501975 23.67217398 23.63312324 23.59021726 23.5430056 23.46020315 23.46942604 23.51024154 23.59444171 23.74602129 23.8527738 23.78924227 23.67341621 23.56934414 23.46551462 23.3975186 23.29898162 23.29949024 23.5190666 23.87600036 24.38793791 25.04696417 25.61498848 -9999 -9999 -9999 -9999
-9999 -9999 21.403974 19.45491283 17.54072775 16.91926416 17.66759731 18.70371047 20.19513372 21.85736253 22.70814221 22.73906389 22.9028011 22.9212322 22.94683924 23.10808319 23.26031088 23.43302738 23.59227188 23.73116716 23.84347502 23.88213716 23.92589618 24.01994048 24.0897397 23.97352567 23.69620511 23.4139206 23.24619446 23.1597773 23.21815622 23.40244236 22.99933166 23.29796231 23.56999414 23.72175285 23.70167447 23.60800003 23.5814496 23.46547564 23.38682291 23.71399959 23.6774527 23.85627217 24.09117268 24.34050366 24.6251621 24.8470363 24.82346367 24.72687169 23.36314043 23.27950891 23.23010833 23.19757891 23.19769466 23.38099243 24.09212817 24.09283487 24.86913041 25.55757254 -9999 -9999 -9999 -9999
23.60791978 22.04766373 20.32888152 18.6376388 17.30468194 17.09739566 18.00329671 19.39944016 20.93473935 22.41548914 23.27459867 23.28897827 23.10001864 23.10334075 23.10910281 23.15073727 23.27103325 23.35852611 23.58839502 23.76328714 23.89054833 23.9529185 23.98942399 24.07629038 24.11539629 24.03856535 23.83929616 23.60966154 23.47919522 23.39445869 23.43799933 23.61520622 23.80516894 24.08615302 24.28072717 24.31007057 24.21930257 24.00466874 23.84949937 23.64241431 23.54216904 23.51852803 23.51431956 23.72720851 23.94460695 24.17226432 24.41122089 24.52834956 24.54966553 24.45362405 24.34472129 24.23013849 24.09052878 23.90861949 23.7912842 23.85494525 24.04416201 24.46087065 25.08569566 25.78981344 -9999 -9999 -9999 -9999
22.64595459 21.09607939 19.55573549 18.29686152 17.43314003 17.44229775 18.41426591 19.84260846 21.34963155 22.82474152 23.63753926 23.53962392 23.3589556 23.39095845 23.37171335 23.41607437 23.48242168 23.5149587 23.70695906 23.86547249 23.96805874 24.01780506 24.03965375 24.09801569 24.13867559 24.10327792 23.9854261 23.87134799 23.82967814 23.79589462 23.84511174 23.96646637 24.20851341 24.36952733 24.51065329 24.5506122 24.26247892 24.07855748 23.91919789 23.70632054 23.60198839 23.58974549 23.57574923 23.7621104 23.93292911 24.09098006 24.24380591 24.29335992 24.30385658 24.22358097 24.12728261 24.02273427 23.9031163 23.79679023 23.76294615 23.87610654 24.07429888 24.42423855 24.93403684 25.50418412 25.94486529 -9999 -9999 -9999
21.31873169 20.15443985 18.88084118 18.01390659 17.57332562 17.86458629 18.76067269 20.01265334 21.61322267 23.04525717 23.83223378 23.85870065 23.75725689 23.74135134 23.81397116 23.84269665 23.82994216 23.90793727 23.94610417 24.01484809 24.06741735 24.0680381 24.08315987 24.10530801 24.12813005 24.14364027 24.15157679 24.19298814 24.21333378 24.33815674 24.59921636 24.56691147 24.64272624 24.65740424 24.69703244 24.69881517 24.31814198 24.19367132 24.05064998 23.92973033 23.8539135 23.8374695 23.88435497 23.96946113 24.06671735 24.1316634 24.16585769 24.14023053 24.14422483 24.07456098 23.97552673 23.83573455 23.69405754 23.7026894 23.75825671 23.91186575 24.13694514 24.42199143 24.72351693 25.00215996 25.34547255 25.71693503 26.01969389 -9999
