meets/meet004/data/CCSM_6k_neotropic_bio15.asc
NCOLS 154 
NROWS 168 
XLLCORNER -112 
YLLCORNER -55.5 
CELLSIZE 0.5 
NODATA_value -9999 
[rows 58 to 86 of 168, columns 64 to 127 of 154]
28.21592278 34.06249081 40.4568278 41.92633113 39.89956882 34.43086248 31.70751783 31.56184428 31.48648674 31.05234707 30.59793183 30.10043977 29.52740603 29.34035374 29.06983817 28.93779051 28.97459994 28.7561465 28.79730482 28.58991203 28.84395722 29.66179661 30.38079821 32.00697694 34.18780301 37.30102037 40.98432946 44.36451652 47.65985005 50.42145335 52.48293336 54.23389677 55.6234469 56.69601441 57.56315176 58.51780191 59.9674385 61.24490328 62.26995054 63.29264254 64.37054801 65.87247642 67.44725808 68.68674524 70.23684727 71.94958188 73.51443055 75.31704751 76.43712966 77.21452996 77.32327674 76.81693614 75.59550165 74.13545593 72.45303179 71.20778667 70.71633797 70.65738391 71.16974183 71.85658856 73.00753277 74.88194903 76.631976 -9999
34.30761192 38.3642896 43.5930882 43.46730485 39.39476624 34.15862662 32.44792338 32.90120109 32.60212791 31.46733297 30.7040896 30.37660917 29.75500392 29.54894875 29.43453912 29.52216045 29.63974116 29.77472028 29.68051435 29.76035813 30.04788289 30.23594763 30.80020656 32.03469273 33.96251235 36.31902119 39.19505883 41.66218824 44.27693614 46.6183545 48.1717202 50.08626931 51.30583494 52.48405018 53.9817674 55.10021403 56.60316214 58.08358303 59.16227028 60.66992789 61.99102496 63.13808266 64.58287801 65.83973807 67.42036975 69.00755267 70.27935904 72.14867728 73.03216061 74.03429392 74.08888567 74.20724797 73.25410155 72.04507249 70.78969551 69.69799388 69.70203646 69.43550116 70.09319059 70.99926725 72.2173493 73.94331526 75.29311258 76.94532251
40.1218518 43.50646603 46.69745272 44.71820096 39.24847717 34.91027796 33.97371516 34.62195469 34.09241632 32.88218814 32.29516455 32.23332632 31.9343402 31.73291692 31.48750053 31.63162388 31.9281618 31.94951826 31.87452757 31.61234481 31.48990397 31.49060331 31.64517549 32.51068794 33.84360176 35.66992474 37.81002345 39.74572506 41.81923667 43.58397315 44.99357463 46.68952462 48.03517183 49.55566945 51.04854276 52.2572874 53.96413843 55.55445595 57.10846295 58.58194284 59.8417283 61.1602254 62.37560255 63.54905709 64.74542092 66.00778209 66.99418053 68.07738237 68.82743007 69.55607512 69.77755405 69.9381136 69.52698665 68.96943301 68.28255447 67.68854764 68.0006858 68.37617682 69.37370192 70.50756449 71.71499567 73.33504016 74.96735461 76.54932263
46.19763376 47.44845137 49.07107285 45.64478954 39.79731896 35.32337141 35.20636962 36.22405419 36.10344219 34.89427243 34.41802394 34.26397943 34.08187413 33.84398389 33.69560646 33.86167269 33.91058958 33.96758636 33.49044515 33.13684153 32.85192986 32.46096281 32.52093203 32.9347518 33.96393248 35.14713914 36.8585951 38.29800657 39.69867331 41.22222934 42.31527156 44.00250317 45.30693764 46.61556044 48.35775257 49.75272511 51.61869577 53.3240764 54.88840215 56.63205666 58.07765346 59.36695346 60.63747323 61.63376776 62.55896076 63.49940442 64.09062922 64.78002788 65.16009596 65.40865036 65.47421067 66.02570448 65.78889633 65.74623452 65.5891734 65.63984417 66.8532651 67.39737022 68.8547508 70.2988471 71.76245693 73.77325135 75.17666148 76.55688677
51.42352583 51.7287727 50.40090377 45.42209119 39.78397781 36.82519837 36.90036054 37.91298748 38.09738053 37.16622085 36.82496602 36.89469855 36.7419192 36.61605795 36.38789141 36.42256913 36.45217247 36.131938 35.69551567 35.00222998 34.48913008 34.06815054 33.76049971 34.01979519 34.48316899 35.30776052 36.4864171 37.46803269 38.71385203 39.79282733 40.75146011 42.27016156 43.60184448 45.26130196 46.91883146 48.39399895 50.40191808 52.26199063 54.19487867 55.87505116 57.27671304 58.67640824 59.79830948 60.81719208 61.5247695 62.2212837 62.61428711 62.62367244 62.74263585 62.57769196 62.53893649 62.90890035 62.85385273 63.45414276 63.83655917 64.42027586 65.90161112 67.0555178 68.86885473 70.47582561 72.01875473 73.96604653 75.4941846 76.93932827
56.42786194 54.43808077 51.88015977 45.91616566 40.32831919 37.30190009 37.6122946 39.09897166 39.38817574 38.86091815 38.63123895 38.63204799 38.69907368 38.49119844 38.52914043 38.48843625 38.19545178 37.99746697 37.21463646 36.58586317 35.98751817 35.36389451 35.17383562 35.01881617 35.30863129 35.67540817 36.41709046 37.15299975 37.96494903 38.99379623 39.82588424 41.24705584 42.69046128 44.08451818 45.99225655 47.66449814 49.70176471 51.69975181 53.48464659 55.36626761 56.8416802 58.13899093 59.41686982 60.24323217 61.01875793 61.49385294 61.63345209 61.80621957 61.54961451 61.3953945 61.22596684 61.43325675 61.70679399 62.26011497 63.11760774 64.02627611 65.5763246 67.24584688 68.8620394 70.89910349 72.53674313 74.41050464 76.21527323 77.25020308
58.29423464 54.74427139 51.16687688 45.48204059 40.58036905 38.703452 38.85476133 39.55493454 40.02119412 40.02946635 40.11286006 40.23997607 40.31838382 40.4462432 40.43784682 40.40008896 40.21412329 39.73823843 39.14836343 38.39258773 37.78617613 37.27116206 36.80737513 36.71373853 36.65796801 36.85811199 37.40784483 37.81831846 38.6281627 39.37439225 40.16304542 41.56436253 42.86764935 44.54611326 46.28979473 47.91857215 50.00187159 51.99311183 53.92599222 55.63577415 57.00916959 58.37273591 59.47847681 60.40799684 61.04851861 61.54155291 61.78677152 61.73022511 61.74124744 61.54811851 61.54696343 61.89019891 62.09959006 62.9136301 63.69390713 64.69600061 66.41398669 67.91637111 69.91130814 71.76284293 73.4260059 75.38820146 76.91322924 78.33189447
59.16818855 55.14637132 51.4195402 45.84994998 41.16311151 39.35102565 38.24436099 39.46690135 39.94022009 40.55942658 41.01933599 40.82646662 41.26871172 41.36092684 41.81209589 41.90982537 41.5458815 41.3393184 40.63584615 40.12520745 39.65380218 38.95724441 38.65561033 38.4091925 38.31461574 38.41774346 38.67644639 39.04989457 39.54670688 40.38839404 41.12845354 42.48338599 43.72428993 45.06914427 47.05169859 48.59793232 50.73711848 52.59759602 54.1341579 56.03115966 57.33537912 58.65357643 59.85727392 60.5765423 61.32294654 61.84768392 62.00410024 62.1969951 62.20755693 62.20274434 62.37586239 62.64674005 63.12933136 63.7662581 64.71499701 65.77374068 67.38481076 68.93414161 70.73370775 72.88294032 74.59702856 76.57521627 78.24196193 79.28522373
58.70791536 53.52268348 49.96290325 45.83060359 41.6725466 39.63044424 38.67409635 38.81120857 39.3318786 39.84501361 40.45313292 41.16233346 41.58585406 41.98046436 42.39045032 42.55814514 42.63308939 42.42917392 42.06168806 41.61304005 41.19274367 40.84258119 40.48636157 40.31749358 40.15330481 40.14630965 40.39363404 40.62790407 41.20354278 41.81823053 42.54917754 43.74544914 44.94578947 46.41585953 48.00537066 49.49739773 51.32316995 53.12215923 54.77920999 56.34762021 57.6111239 58.89036845 59.99999944 60.89785819 61.61726272 62.14414599 62.5319993 62.76926735 63.00617105 63.14434397 63.38893514 63.86576008 64.34197884 65.16772157 66.03192461 67.04775164 68.63460731 70.14805495 72.11768408 74.05388512 75.75825482 77.75288473 79.34841818 80.854495
57.39834124 53.86041515 50.17981205 47.81364676 43.25067178 40.65939224 38.87104834 38.35754353 39.13534713 39.31344086 40.16794687 41.19786422 41.69577865 42.39907376 42.87717937 43.31817484 43.59587836 43.61236849 43.47752953 43.17419769 43.01427184 42.81016033 42.54857226 42.49327858 42.31212445 42.36692806 42.54771674 42.71467793 43.2149366 43.77239257 44.43336699 45.54301159 46.55604361 47.816074 49.3014412 50.5621107 52.27954943 53.86080954 55.2613461 56.78974711 57.99263523 59.26518308 60.40890762 61.27478061 62.08645513 62.7424851 63.27671926 63.69332871 64.12959368 64.42998159 64.88689162 65.49667831 66.01236832 66.87980549 67.74536017 68.75305148 70.28793117 71.68423467 73.65309974 75.62884702 77.38356147 79.4770683 81.13874931 82.68223592
58.1574936 53.28366492 50.85857344 48.98286388 46.11899164 42.96137877 40.56135187 39.4910035 39.10124486 38.68261297 39.50308932 40.87949178 41.91078297 42.47570627 42.98791299 43.46328552 44.04282188 44.39611889 44.4459406 44.43440317 44.38685973 44.4214228 44.43689281 44.4294692 44.43108619 44.49887762 44.6842658 44.92393011 45.31952023 45.80780942 46.40847248 47.25372542 48.16655773 49.22260005 50.39100257 51.50906493 52.88373161 54.27664787 55.62782509 57.01832043 58.18664628 59.43703511 60.59215988 61.58778475 62.49405064 63.23356473 63.99780976 64.67811388 65.32949783 65.92193455 66.47872694 67.21005414 67.8898329 68.77752928 69.6692129 70.63434056 72.10989672 73.53992735 75.42212078 77.29768873 79.03074475 81.12046909 82.8504822 84.54564447
61.24176584 55.42898776 53.95320736 51.99050137 49.58265928 45.71753827 42.94554153 40.83771188 40.30261646 38.95558919 39.90769557 41.48238761 42.40803249 43.12376701 43.31051745 44.00098242 44.9925026 45.35882951 45.78476325 45.72358473 45.96287896 46.41000537 46.37644885 46.8246423 46.67287809 46.92573207 47.42701286 47.43881407 48.04918592 48.18817128 48.68755261 49.6274804 50.02544419 51.03688514 51.80996679 52.64576404 54.01088421 54.95505889 56.22693258 57.43263403 58.53515818 59.94704971 60.96980764 62.16268655 63.09835285 64.05703864 65.24129106 65.94559667 67.00277413 67.64041274 68.40212411 69.4927551 70.05628804 71.19083538 71.86815291 72.85594781 74.65399292 75.63167088 77.6910764 79.31063184 81.00871757 83.50258611 84.93261409 86.88726666
68.88767497 60.61452504 56.4315272 53.80095801 52.35084162 48.201819 44.58941147 42.24148758 40.92157677 39.96838227 40.66376693 41.93419033 43.13132281 43.49715044 43.73178686 44.38032542 45.27245478 46.07156653 46.4188872 46.74050956 47.05302367 47.50204055 47.94562673 48.25233031 48.59777858 48.92179562 49.29615552 49.69554859 50.0077972 50.37642348 50.8053683 51.28205243 51.8480909 52.44745058 53.10296708 53.80873815 54.71249287 55.64833721 56.68858463 57.82360479 58.88288762 60.10756978 61.33246898 62.51597392 63.67247747 64.72237063 65.98447655 67.09597485 68.16126126 69.19655451 70.04389554 71.02264124 71.93558586 72.91945159 73.88014802 74.86378362 76.27997244 77.67364288 79.39895867 81.15446101 82.85959492 84.94573856 86.80570961 88.62341308
75.6150458 65.95193047 61.19432599 58.0780479 55.2336372 51.09729331 47.44117711 44.39668984 43.68610133 42.08593377 42.57114164 43.95563539 44.3129128 44.71088312 44.58612796 45.28480094 46.45769116 47.04326655 47.6516932 47.86611766 48.38442228 49.16659142 49.44650025 50.20411245 50.44933304 50.99454095 51.73637214 51.97305068 52.6023882 52.68494264 53.11152918 53.7693139 53.91594594 54.60182094 54.88383457 55.38416982 56.33308262 56.8332518 57.86276865 58.73898324 59.69649819 61.11574884 62.06509082 63.46863773 64.58473788 65.81145187 67.44712261 68.47794303 69.90813326 70.88849008 71.87918693 73.21562346 73.90499543 75.11568961 75.93319195 76.94402058 78.68997494 79.70381016 81.57967549 83.14956707 84.82165381 87.25376935 88.85165508 90.9164818
-9999 71.22412407 66.2701184 60.72121509 58.55272775 53.85468535 50.01371328 47.63326115 45.985944 45.32980532 45.320431 45.23927263 45.84214763 45.69369699 45.8405343 46.47996997 47.14788794 47.99513762 48.47434824 49.11339719 49.59926227 50.1013341 50.75091793 51.31936282 52.12974394 52.64869434 53.10534876 53.6874008 54.1397969 54.80350652 55.20603731 55.41403747 55.85758315 56.21666305 56.77143653 57.26998254 57.58744263 58.21269069 58.93397231 59.94029331 60.88593391 61.84155295 63.03037966 64.28583102 65.80095075 67.06890852 68.40656708 69.83725406 71.11227844 72.50782531 73.53751117 74.44026732 75.47406363 76.51993166 77.75723904 78.82626 80.04581638 81.46774773 83.09217582 84.95344953 86.77136247 88.64335559 90.66201876 92.59145868
-9999 -9999 71.37032587 65.54888243 61.11185938 57.4974241 54.4484655 52.14485675 51.11146229 49.4589474 48.79994955 48.33077077 47.99421442 47.72964892 47.37549388 47.80173146 48.7380807 49.3876194 49.82164904 50.18547243 50.76061377 51.59231567 52.25675073 52.85281525 53.33934084 54.06608865 54.96244692 55.66745815 56.20465565 56.50606283 57.07345554 57.79969866 58.2896346 58.61304069 58.73785953 59.11988146 59.79918521 60.29443178 60.83676584 61.40560119 62.22942565 63.53926177 64.69067271 65.87450975 67.11837207 68.44556923 70.22526474 71.67475659 72.86470299 73.9654804 74.99907951 76.34142328 77.39770404 78.37970218 79.33199395 80.36496301 82.0180485 83.42686743 84.91106955 86.57491733 88.30518721 90.70087826 92.73397601 94.58429091
-9999 -9999 -9999 70.35692932 64.57326009 60.59035269 58.3657147 56.76810855 55.8787788 54.4438406 53.26144503 51.59807092 50.13839508 49.46487437 49.27020411 49.66826375 50.07147866 50.46273233 50.84568719 51.4705999 51.96488764 52.61390196 53.23987695 53.79350178 54.67747987 55.33044818 56.12528923 56.86428486 57.48354169 58.30297874 58.89341388 59.47138282 60.11303528 60.45683346 60.96059299 61.35413503 61.64800512 62.15056915 62.53997223 63.24214745 64.03784101 65.03561158 66.17933296 67.28766637 68.77792318 70.12061837 71.56078152 73.0331634 74.21359212 75.57350773 76.62947753 77.70551842 78.83337725 79.73714586 80.94806934 82.00488561 83.30552129 84.67699968 86.16911609 88.07241417 89.92606418 91.96214991 94.04749827 95.96428545
-9999 -9999 -9999 73.11208004 67.17350051 64.27804554 62.43660743 61.67706119 60.9521391 59.66392355 58.36484713 56.00465377 53.620335 52.32319894 51.52525096 51.4683796 51.85214855 51.99137763 52.31997674 52.74988316 53.16574923 53.83357122 54.36354013 55.09128168 55.83207855 56.54985918 57.47049816 58.22256019 59.12841465 59.91133765 60.69499141 61.57689098 62.18064491 62.86520775 63.28216651 63.71583538 64.17476676 64.43076496 64.97229927 65.38957957 66.06170077 67.10004489 68.07357169 69.39908484 70.63828272 71.8994368 73.44066058 74.7357985 76.08988013 77.29271926 78.34365061 79.54826303 80.55267287 81.71476818 82.7193455 83.70156667 85.02746531 86.27656131 87.89635875 89.60593467 91.34399469 93.48769065 95.5659968 97.73114045
-9999 -9999 -9999 75.63870772 70.4215421 67.14768175 65.70078531 65.27896499 65.04994354 64.11567383 63.0943027 60.52409924 56.49207836 55.15051468 53.87179627 53.53911125 53.420388 53.30376509 53.46394005 53.86396942 54.18933422 54.72018184 55.19910729 55.76986227 56.65731081 57.3480452 58.22092592 59.13457089 59.89901626 61.00819044 61.85251527 62.78927735 63.75966018 64.33943933 65.13817153 65.61534444 65.9382532 66.44583139 66.73984007 67.25477355 67.92210743 68.76336972 69.77085399 70.85569313 72.18959114 73.46319801 74.85105699 76.25687389 77.39423386 78.80096631 79.89127637 80.99325791 82.18970639 83.04497776 84.18821802 85.18185597 86.31138426 87.54799314 88.92873984 90.70096937 92.49636927 94.56169766 96.6905465 98.61942417
-9999 -9999 -9999 -9999 71.42303798 69.1501683 67.64984015 67.40461474 67.49421196 66.61603233 65.45414646 63.27917069 60.43386361 57.88790035 55.87445555 55.236748 55.55071192 55.11067097 55.17457242 55.24954216 55.38466962 55.80857407 56.22726386 56.86994689 57.55489501 58.22620034 59.14631561 59.99268151 60.99096383 61.99483632 62.98033304 64.14562433 65.15778696 66.15324789 66.93683121 67.61016823 68.23335719 68.59419664 69.13879698 69.52618245 70.12384179 71.03585346 71.85032458 73.01264243 74.07457053 75.23527073 76.70260909 77.96279539 79.33944955 80.54897456 81.61641652 82.82248577 83.82460727 84.904655 85.86535134 86.77857794 87.956221 89.10548087 90.58481643 92.13162316 93.79469252 95.88480927 97.92635214 100.0386403
-9999 -9999 -9999 -9999 72.52080659 69.95375624 67.53717033 67.20989787 67.9709374 67.43742925 66.5488463 64.77626653 62.67403146 60.25213709 57.58722285 56.74691716 57.65359982 56.4557725 56.55368772 56.42615338 56.4186966 56.67512573 57.10485535 57.48544792 58.26380871 58.87394851 59.72879876 60.56214076 61.39932698 62.58428217 63.5800945 64.80020468 66.00150015 67.02795748 68.20445831 69.00583259 69.70887387 70.41093929 70.80394391 71.41651337 71.98685489 72.7384952 73.66421977 74.46469234 75.63654505 76.79932002 78.0767666 79.45584716 80.53621634 81.88662273 82.96732224 84.0402755 85.24708037 86.03689153 87.14789279 88.07858078 89.14728985 90.40623081 91.59697517 93.25257957 94.92459427 96.83192016 98.81255562 100.6532548
-9999 -9999 -9999 -9999 -9999 70.48532107 67.61762789 66.49344629 65.79719112 65.8342312 65.10946711 64.0714558 61.90450947 61.08356942 60.01696894 59.51685492 58.83235124 58.07659018 58.31624071 57.50190862 57.18141359 57.80490679 58.0590348 58.66479986 59.25626411 59.81865564 60.61281196 61.40160594 62.33496915 63.3433254 64.34712029 65.6642938 66.87142864 68.17283774 69.3861727 70.454581 71.49364656 72.24002443 72.90750493 73.36680967 73.93208874 74.73413172 75.44937476 76.43544468 77.39611504 78.4393309 79.72840444 80.91099381 82.1544031 83.29534759 84.31119272 85.45674278 86.47857013 87.53313542 88.50343325 89.42260665 90.55964379 91.72426884 93.09520479 94.57210349 96.11181299 98.01421402 99.82205099 101.6780011
-9999 -9999 -9999 -9999 -9999 72.85134048 68.59615148 66.42664346 64.67046256 63.61293068 63.00524931 62.42720329 60.54073407 61.69448663 61.70360332 61.75664833 59.51926205 58.5663091 58.06028999 57.59889529 56.77954891 58.19582863 58.29163666 58.71005735 60.14999674 60.65441999 61.39628365 62.18034809 62.94094574 64.01588253 64.97354186 66.22258828 67.52402735 68.78142517 70.25206015 71.44520587 72.63540042 73.82713713 74.19786101 74.77334682 75.31297396 75.96668114 76.81910905 77.62741829 78.69487892 79.72988454 80.85181833 82.06364442 83.07173152 84.24701201 85.24349146 86.29547938 87.45581463 88.31864312 89.43921653 90.38032235 91.46159359 92.69619862 93.92428352 95.50791899 97.06416639 98.80155529 100.5527072 102.0116363
-9999 -9999 -9999 -9999 -9999 -9999 71.21479019 68.85763201 65.16987894 63.03092711 62.11544111 61.21533511 61.31468644 62.54591434 63.03302693 62.89984867 62.34416205 60.58575054 59.32361454 57.85806445 57.3276989 58.22146926 57.98875836 60.10456329 60.50997036 61.14160083 62.5127385 63.21428839 64.07470446 64.95605476 65.84336867 67.09068573 68.32930835 69.70520933 71.13324908 72.46541928 73.76399809 74.82582839 75.56445314 76.09491154 76.65710848 77.41389447 78.16799785 79.13369719 80.11842334 81.07418802 82.18054969 83.19273465 84.25489204 85.23919463 86.14819364 87.23123976 88.21707217 89.31763681 90.32555829 91.30749545 92.51230116 93.69802135 95.06769054 96.52176351 97.9532505 99.65713563 101.1402596 102.5033248
-9999 -9999 -9999 -9999 -9999 -9999 74.08709283 75.24634734 68.389643 63.60716217 61.89655468 60.85436277 61.83742028 62.96747547 64.15552948 64.39662732 62.72090761 62.39596402 61.15411828 59.86010163 58.50784259 59.45618505 58.04697874 58.27091093 59.96076943 61.94287075 63.74147916 64.29849937 64.92860234 65.8988792 66.77275056 67.96152993 69.0681532 70.32104687 71.84498142 73.19191323 74.52882035 75.63953871 76.37188583 77.07305361 77.70740924 78.51036575 79.29682695 80.20000304 81.29651236 82.20390905 83.26536526 84.1851331 85.06482054 86.08519739 86.92297104 87.98229211 88.92111117 89.89928087 91.05444054 92.03635626 93.33088246 94.47496667 95.69179415 97.26884123 98.57906251 100.2198544 101.5633593 102.3651589
-9999 -9999 -9999 -9999 -9999 -9999 -9999 73.74136788 69.85985445 66.16545066 64.41662179 61.61988903 61.97210423 61.30828472 62.27434889 62.11634667 61.1297262 60.68160351 60.91668729 62.14096295 62.07116775 60.56502672 60.34033368 59.44283241 60.41176852 61.18773742 63.67391948 65.07077166 66.22044362 66.98022137 67.70861968 68.7592869 69.80875149 71.13744825 72.46861102 73.78396052 75.14606674 76.23879126 77.1864053 77.97052179 78.66521191 79.50907744 80.30720374 81.25712156 82.20599619 83.08571723 84.05804284 84.97698864 85.91502796 86.78500248 87.59964154 88.59332674 89.51617054 90.56070542 91.61617075 92.62127432 93.86772892 95.05824417 96.34425294 97.61340585 98.82483787 100.170717 101.2452105 102.0264693
-9999 -9999 -9999 -9999 -9999 -9999 -9999 74.47603924 73.36730061 70.93965767 69.6595477 64.87215108 62.07007946 60.16499123 60.33853302 59.51439403 58.49777543 58.65581241 59.8339573 62.85324847 62.79276054 60.69086628 60.71593969 58.72042894 58.94465249 60.67682521 63.14199629 65.8630669 66.78463382 67.75097207 68.69718258 69.78343104 70.55681007 71.89126122 73.14467096 74.46786914 75.87416303 76.87638295 78.02771489 78.86248223 79.66039381 80.64052881 81.26406304 82.21969827 83.06545057 83.87084843 84.94917514 85.71385059 86.5918093 87.46393982 88.2183874 89.2905361 90.10095799 91.15578823 92.14102308 93.09341964 94.45242568 95.4750076 96.64956102 97.73126977 98.74035106 99.99883827 100.7905813 101.1843857
-9999 -9999 -9999 -9999 -9999 -9999 -9999 74.55972837 74.31837654 74.82033938 73.63327554 69.56465184 65.2248108 60.83521231 58.72979163 57.71175273 56.14188746 56.76452226 57.90458228 58.86320451 58.98568131 58.69550695 58.13617155 57.1230621 58.61183225 59.72016236 62.06138389 64.90575304 67.39982808 68.57258542 69.35362327 70.47745885 71.40184496 72.62398903 73.82721837 74.99725618 76.29794769 77.42431623 78.49776641 79.52406615 80.31146018 81.10510745 81.91801818 82.67172859 83.55381767 84.34893333 85.2045136 86.0855972 86.98866599 87.89216331 88.68862923 89.59283114 90.50477059 91.48872173 92.47047184 93.38305312 94.50746264 95.52913031 96.60168109 97.60185489 98.44713926 99.27097093 99.82553865 100.1392388
-9999 -9999 -9999 -9999 -9999 -9999 -9999 -9999 78.62992293 79.02858572 79.03396566 73.98890016 71.0755165 66.02094072 59.2949988 57.02941294 55.05320295 55.1098047 54.76083128 55.24324094 55.16226442 55.78126303 55.6756037 55.85728617 58.09046861 59.30338236 61.47235107 64.84611613 66.02334844 68.19264641 70.11777515 71.35347371 72.27514992 73.35817883 74.48764032 75.61152488 76.89219819 77.84427319 78.92521809 79.93897159 80.7268591 81.60323553 82.24130413 82.97367084 83.78396902 84.56119218 85.53274298 86.38332026 87.38906883 88.29621929 89.08645044 90.05900733 90.83557742 91.74387265 92.67084714 93.49196443 94.59992505 95.42984121 96.41819503 97.29326501 97.97367722 98.58279994 98.86325168 98.91832484
