meets/meet004/data/CCSM_6k_neotropic_bio12.asc
NCOLS 154 
NROWS 168 
XLLCORNER -112 
YLLCORNER -55.5 
CELLSIZE 0.5 
NODATA_value -9999 
[rows 58 to 86 of 168, columns 64 to 127 of 154]
2649.474435 2268.965886 1877.266829 1614.199705 1446.717858 1499.51878 1664.365307 1827.865106 1897.869937 1955.112961 2024.362061 2153.808416 2283.299523 2355.728009 2415.502905 2463.87085 2537.702661 2620.834711 2670.001248 2713.675846 2722.943216 2704.753474 2684.121355 2631.390583 2575.286667 2515.134371 2458.44253 2423.97526 2394.231515 2375.43985 2376.555738 2404.066908 2426.127988 2461.870278 2489.407845 2508.768324 2523.10498 2522.320963 2516.864222 2488.802567 2456.078548 2392.257632 2301.147592 2187.964925 2039.680854 1911.861653 1782.410191 1653.625681 1573.610246 1503.182509 1489.193883 1523.569822 1567.749438 1652.369133 1735.358486 1826.851164 1918.871049 1989.969754 2055.74449 2090.342367 2108.703428 2108.348196 2072.800344 -9999
2452.626388 2097.841215 1722.588212 1515.603604 1403.698363 1464.839567 1629.181389 1794.694416 1862.436023 1922.997029 2000.312964 2133.375983 2269.246322 2329.266962 2385.190973 2431.973517 2508.687224 2580.813052 2608.440691 2619.340352 2612.820607 2602.84748 2566.617695 2525.852999 2472.042455 2423.773254 2411.422101 2392.891113 2393.073844 2396.109949 2412.304377 2448.427397 2485.16432 2524.142844 2556.164201 2580.006914 2602.156127 2605.728535 2603.534113 2574.153563 2542.56608 2477.162163 2398.685093 2280.922478 2127.908976 1992.960369 1855.611474 1728.512748 1648.981995 1583.808328 1567.561338 1600.347164 1651.281242 1736.311152 1842.987504 1938.84501 2042.765422 2126.493519 2190.160502 2242.351152 2258.299231 2251.945273 2227.440039 2175.280218
2260.720617 1934.413954 1613.631924 1435.463522 1377.174565 1449.530657 1598.909158 1747.570069 1840.848076 1905.712676 1974.461409 2087.38596 2198.841041 2267.567533 2324.292758 2366.942258 2424.924712 2483.213872 2502.396653 2506.372014 2492.212738 2469.929422 2443.166804 2407.039453 2372.039616 2346.806196 2345.948926 2350.447227 2365.895688 2392.153252 2421.050805 2463.109728 2511.471219 2555.371189 2594.686549 2627.123208 2648.753117 2656.963322 2650.277632 2628.040604 2597.109352 2534.71626 2453.612085 2341.408114 2204.540592 2081.449362 1947.162387 1821.822204 1744.524866 1680.849543 1668.321292 1700.996553 1750.82685 1849.0781 1955.870748 2061.13527 2177.845502 2270.083186 2347.852984 2396.739034 2417.3493 2418.957737 2385.492383 2350.029412
2117.310485 1823.817055 1536.664433 1407.025874 1357.734309 1435.925137 1584.844867 1738.607834 1807.168527 1878.072475 1945.094534 2045.975775 2141.167409 2197.985224 2247.465536 2286.528489 2343.753526 2383.485745 2399.509766 2393.426403 2377.636195 2367.770117 2337.985815 2318.090904 2290.178899 2277.277143 2295.810658 2301.471127 2339.912085 2375.621136 2416.318551 2475.890768 2524.564696 2577.74978 2616.482095 2652.220874 2678.511051 2688.483337 2684.31321 2657.059778 2623.545908 2565.629925 2495.374699 2397.926092 2277.298184 2157.998319 2033.871378 1923.545425 1849.913215 1789.086615 1775.1036 1809.836755 1850.533692 1952.091919 2068.309563 2180.906431 2307.981718 2414.973986 2488.270354 2547.787113 2567.640445 2564.840292 2542.603568 2505.183561
1976.813473 1703.288888 1481.991899 1379.393742 1359.576872 1432.166273 1559.436568 1685.397528 1769.00284 1840.481355 1900.17188 1975.164445 2049.759161 2105.468335 2153.773248 2189.59183 2227.710467 2259.361325 2268.943183 2268.283224 2254.704863 2242.679423 2228.975733 2215.532402 2208.812055 2208.744156 2228.456569 2258.564493 2300.648495 2351.143702 2402.519368 2460.01386 2518.785331 2567.863903 2615.340695 2650.889306 2670.925004 2684.252036 2672.548228 2653.213422 2621.789921 2563.847753 2496.42843 2409.394882 2312.79018 2218.975272 2116.255454 2027.120133 1967.626852 1923.482867 1918.266884 1950.387354 1999.524131 2094.918672 2201.185674 2311.616582 2438.823941 2546.941242 2630.334825 2688.662957 2711.418648 2711.891718 2687.995865 2658.856163
1864.290454 1607.585008 1408.630024 1353.477876 1354.585665 1429.734648 1543.233551 1655.509894 1725.554409 1799.229115 1854.315414 1914.090361 1973.567442 2017.571972 2062.720441 2095.321426 2128.347955 2147.301425 2155.430733 2152.678728 2143.023996 2141.552102 2129.09343 2132.913082 2136.83469 2148.69542 2182.684232 2219.483797 2269.193167 2324.948765 2383.298436 2447.611208 2508.086193 2558.638336 2603.647313 2638.393336 2660.21451 2671.036707 2660.761162 2637.690171 2604.461984 2551.084324 2494.350805 2418.35828 2337.19954 2254.096477 2179.062307 2122.846148 2078.713314 2056.304789 2059.227583 2094.911429 2152.8918 2231.350577 2332.073037 2439.955046 2563.162092 2670.483754 2746.416831 2810.62857 2834.404935 2831.247254 2819.551338 2783.927547
1705.59683 1509.598767 1362.825805 1324.899777 1356.100179 1424.781861 1512.478386 1605.292605 1682.521461 1749.284227 1796.966052 1839.000127 1879.11442 1920.353846 1962.2852 1991.072101 2012.410743 2027.88564 2034.434576 2036.305598 2031.579171 2031.467961 2033.339176 2042.348086 2059.374574 2079.834268 2116.927867 2163.060247 2215.48122 2278.321344 2338.389092 2399.779512 2463.055879 2512.449848 2559.638733 2594.078776 2610.113157 2620.259011 2607.562356 2587.864454 2558.173506 2507.833217 2457.082894 2394.130304 2331.351412 2275.52749 2226.370889 2188.123561 2168.696869 2166.826156 2183.340136 2226.597416 2285.60154 2365.879737 2458.838431 2555.168276 2663.265135 2762.266149 2838.735905 2897.300892 2922.161574 2922.272196 2908.48793 2888.102072
1565.330626 1395.867247 1267.25825 1285.268732 1343.692969 1412.618366 1494.037687 1564.79966 1630.477608 1695.017085 1735.135139 1775.926773 1792.729062 1832.798054 1867.695698 1891.145224 1914.980068 1920.447795 1928.113306 1928.283412 1926.204154 1937.50725 1939.381615 1957.200133 1978.077702 2005.378949 2054.51185 2098.642116 2155.211565 2219.361096 2280.311692 2349.019863 2410.421236 2459.251327 2503.451977 2537.059416 2555.03175 2565.455944 2554.759976 2530.304979 2505.960781 2463.075889 2422.018534 2376.624495 2320.072846 2284.862334 2252.930663 2234.667359 2238.76798 2249.281048 2277.429995 2332.199109 2390.943928 2463.839715 2559.349468 2642.015495 2745.234375 2833.776633 2895.101107 2953.682105 2977.42624 2980.904549 2970.042723 2959.767866
1455.137349 1328.242393 1239.436535 1240.875967 1305.168985 1373.306028 1440.092828 1501.26769 1568.361947 1633.994782 1673.666128 1696.497154 1721.405301 1753.391704 1782.3195 1803.394449 1816.898007 1826.270704 1832.259702 1836.009744 1837.125589 1845.248919 1857.572905 1877.64863 1905.624662 1936.136734 1980.077591 2031.552482 2087.397914 2151.672565 2212.549445 2274.330987 2337.221437 2387.251784 2434.040671 2467.437725 2483.720047 2493.892905 2485.718758 2471.122725 2450.151621 2417.893842 2386.832857 2351.10071 2319.45417 2294.578921 2280.12831 2275.49969 2287.722097 2313.100493 2347.517617 2402.198679 2464.982283 2537.891524 2619.157598 2697.096823 2779.862841 2858.021967 2921.918468 2973.083745 3000.028672 3008.352776 3005.216094 3000.773333
1397.557044 1268.701557 1183.019065 1205.664654 1271.009735 1338.531107 1408.56362 1451.584004 1510.054759 1569.905991 1604.109112 1628.519903 1657.465168 1678.78509 1702.777883 1715.819164 1728.674223 1740.5945 1742.221052 1746.962289 1747.92218 1758.070132 1775.124487 1793.964132 1826.016641 1856.387381 1900.065307 1954.02455 2003.416363 2068.270617 2126.544309 2187.242781 2254.088066 2298.824543 2347.905354 2383.712017 2401.090811 2418.123471 2412.626525 2404.237301 2392.187482 2368.795983 2351.266877 2329.360007 2312.180126 2302.245406 2296.2172 2302.073695 2322.481369 2353.981806 2391.45982 2445.164061 2509.144792 2571.762642 2649.111357 2715.069312 2788.46175 2860.890403 2909.643383 2962.421004 2986.802402 2995.495265 3007.733519 2998.579531
1366.445546 1280.052459 1211.735852 1217.457785 1268.839969 1336.582953 1406.490589 1461.266429 1486.111933 1510.79614 1540.264777 1581.059208 1615.543847 1633.138834 1639.970205 1648.365639 1663.020867 1675.151695 1678.09394 1676.970899 1678.600223 1691.875191 1708.943692 1729.68644 1755.812733 1785.721038 1828.996708 1877.678351 1929.280373 1985.95509 2041.292768 2100.778694 2159.993944 2211.113685 2258.388053 2294.435363 2319.225149 2337.27744 2342.422477 2341.725762 2335.612869 2325.660308 2317.002248 2310.560816 2308.357149 2309.055552 2317.865491 2332.668098 2356.557128 2388.661756 2426.375204 2477.52501 2532.755215 2592.342742 2656.394378 2715.58349 2775.727081 2832.877125 2880.945202 2923.177996 2948.715457 2961.558157 2968.654853 2973.778236
1383.530834 1320.764817 1242.297551 1256.24828 1292.01722 1348.13595 1412.450181 1473.185342 1457.487838 1458.189259 1478.737559 1533.357626 1584.694047 1583.294572 1583.519495 1582.640404 1595.525569 1618.872161 1610.321402 1611.796263 1610.727802 1620.670625 1644.867688 1653.451801 1683.128277 1708.713221 1745.298727 1797.492375 1835.609481 1896.321487 1947.08661 1997.545804 2063.113318 2103.479508 2158.849843 2198.516233 2221.230141 2252.981969 2260.32733 2273.397841 2278.795398 2274.535061 2281.48108 2283.611167 2295.5794 2307.924038 2324.585986 2350.333852 2373.618542 2409.112985 2443.764169 2488.387462 2536.845306 2579.377119 2639.658067 2684.390851 2726.840286 2782.186518 2807.307962 2851.378343 2870.75807 2873.387923 2895.402148 2888.943239
1430.876156 1387.195446 1336.316843 1333.738787 1331.514861 1368.351512 1417.541079 1449.909471 1441.09432 1423.265772 1442.231876 1503.046463 1551.280398 1554.49306 1539.157086 1534.109798 1552.447276 1568.31961 1568.589215 1561.14499 1559.670996 1572.803884 1588.269722 1602.787663 1619.136695 1642.5313 1680.488648 1722.167983 1766.096668 1812.855785 1859.82221 1913.7119 1966.632257 2017.10938 2064.529001 2104.387932 2141.046974 2171.628706 2194.387605 2211.962621 2224.799886 2238.183022 2249.512646 2264.364933 2282.525399 2302.290449 2328.11017 2357.77128 2387.141432 2420.133975 2452.119801 2488.248176 2527.849032 2562.239838 2601.289982 2638.04409 2671.85281 2704.713083 2731.155879 2753.451865 2770.221765 2779.690774 2784.711944 2792.125417
1432.913293 1452.262468 1437.605779 1428.652901 1405.376069 1410.38732 1442.226265 1460.735958 1436.399605 1409.052769 1415.878072 1471.495693 1529.414452 1519.089615 1499.673497 1489.563398 1504.555354 1527.165691 1520.065077 1514.947059 1511.128908 1519.010739 1537.670415 1541.584952 1558.593539 1576.380675 1606.082424 1648.107245 1679.28946 1727.967042 1769.312749 1814.452589 1870.716119 1910.663374 1964.239838 2006.628522 2043.101238 2085.072905 2110.505106 2141.817149 2166.937692 2186.675635 2211.870199 2230.037624 2257.383733 2283.412217 2313.401956 2348.493142 2371.674108 2406.475067 2431.629036 2456.200669 2492.631453 2509.272251 2542.012283 2567.425041 2585.325242 2617.142757 2623.278127 2642.369027 2650.38123 2648.15639 2661.52568 2653.662655
-9999 1479.790906 1575.779484 1567.889286 1501.117314 1481.805819 1494.458237 1500.973904 1466.96697 1423.048565 1421.629417 1468.002016 1508.141343 1499.467266 1471.752108 1460.289616 1479.091594 1493.171079 1490.78524 1478.340964 1474.79198 1486.095976 1496.140517 1503.285047 1507.052233 1523.705171 1553.631459 1583.618413 1618.02283 1649.32956 1687.751181 1737.38544 1781.424932 1829.228474 1870.81348 1912.10649 1963.216987 2003.419971 2043.218133 2074.862343 2106.210703 2145.403465 2176.463514 2204.184941 2224.834608 2254.548824 2295.408904 2328.022367 2351.614733 2369.085344 2390.205878 2415.216287 2436.444032 2454.466231 2466.245266 2488.445322 2510.752867 2525.29567 2533.019522 2528.463433 2533.996223 2540.719897 2537.596759 2530.921174
-9999 -9999 1647.057767 1651.746539 1593.204143 1548.081301 1544.066482 1550.841258 1513.704848 1464.426879 1444.785096 1467.530501 1487.776308 1469.000317 1448.301394 1437.775195 1446.359376 1457.500009 1453.634048 1447.564306 1443.953608 1446.998892 1453.927374 1458.170835 1467.068855 1478.354728 1497.308815 1520.805266 1549.173555 1584.479919 1616.485039 1653.946594 1693.127599 1736.379543 1785.263022 1826.811422 1871.364037 1914.392726 1957.263811 2003.846072 2043.474396 2083.050896 2121.077256 2153.032627 2186.240835 2216.54962 2248.417018 2277.665787 2295.900729 2315.806968 2329.740204 2340.463391 2355.147362 2367.760731 2386.120694 2402.074832 2410.181769 2419.9294 2420.748216 2421.965726 2418.767052 2405.180319 2399.480604 2385.815462
-9999 -9999 -9999 1696.867363 1651.975048 1601.46556 1601.217009 1608.904777 1571.848465 1533.897598 1502.909053 1480.067204 1474.085363 1450.96084 1427.85718 1418.428532 1422.97887 1429.50159 1425.632295 1418.469251 1415.208418 1417.93205 1421.006486 1426.643702 1429.808616 1440.845396 1458.262271 1477.538328 1501.990127 1526.198736 1555.921472 1592.726495 1625.393114 1666.724082 1705.571932 1745.653624 1795.842569 1836.046305 1884.257097 1928.825731 1970.656914 2019.947445 2061.189041 2100.428162 2135.715474 2165.979013 2195.19857 2215.674889 2231.304141 2238.462063 2249.439314 2262.246375 2271.318366 2284.805174 2292.036029 2307.580482 2320.17784 2324.718605 2324.060423 2310.041878 2303.388738 2291.922805 2276.397328 2261.840156
-9999 -9999 -9999 1660.498366 1656.876349 1625.056496 1632.475145 1655.82217 1658.925299 1641.034252 1602.123668 1545.000154 1478.338789 1434.643647 1412.609247 1402.828672 1397.588737 1397.230872 1394.708055 1389.775564 1386.4473 1384.989666 1388.128066 1390.869249 1396.236423 1405.396609 1417.954099 1436.074582 1454.73673 1477.429372 1502.23261 1531.111482 1564.275385 1597.341414 1634.814554 1671.282169 1713.511592 1759.097506 1802.008453 1849.37682 1892.212072 1937.801158 1984.383699 2022.203354 2063.74661 2093.267164 2113.028036 2134.33186 2143.525797 2152.015844 2159.711838 2165.18424 2175.166375 2181.529859 2193.777439 2206.103015 2211.195138 2217.239138 2204.646786 2192.333967 2181.070851 2161.290854 2147.050545 2119.723689
-9999 -9999 -9999 1535.626571 1601.038754 1606.510754 1647.940157 1694.602869 1742.994012 1785.58302 1747.76733 1628.603206 1514.853466 1441.439585 1405.013546 1392.09081 1374.229671 1370.475754 1368.125773 1362.045574 1357.577029 1356.98513 1359.381242 1362.671674 1366.570906 1375.547576 1389.543306 1405.092303 1421.886715 1438.83607 1462.066724 1490.420244 1518.488992 1547.314691 1576.349691 1610.317751 1652.600756 1690.154106 1733.593007 1776.059009 1816.910891 1863.417959 1901.644455 1944.989977 1982.905782 2010.967035 2032.398054 2043.593831 2058.795405 2063.3206 2070.492367 2077.598539 2079.089629 2092.629355 2099.853705 2109.756784 2114.616256 2111.976404 2103.655228 2081.127548 2066.195098 2048.527415 2024.655115 2006.306865
-9999 -9999 -9999 -9999 1491.490122 1567.157271 1639.820919 1725.016479 1842.808017 1950.52757 1936.239389 1787.697725 1624.236023 1522.039906 1437.186564 1391.960517 1365.131814 1353.071815 1339.645966 1331.247304 1324.617565 1321.858566 1324.329278 1326.912398 1332.282701 1340.485153 1351.493333 1366.475715 1380.21217 1397.818219 1418.37378 1441.444393 1467.263772 1490.861237 1517.943999 1548.107967 1583.709866 1624.102051 1662.96508 1704.728216 1742.065298 1780.427036 1820.404964 1855.711604 1892.605775 1918.069687 1934.438787 1950.202584 1957.844231 1967.324845 1973.915727 1976.261144 1984.113747 1989.721043 1999.31908 2006.267098 2003.643526 2000.70042 1984.717986 1967.843594 1952.515754 1929.689178 1907.693439 1877.98304
-9999 -9999 -9999 -9999 1352.611356 1496.655592 1634.459441 1738.579663 1925.008174 2130.867774 2136.434209 1950.954962 1770.562249 1633.588793 1545.919126 1470.066833 1366.096549 1382.396705 1323.38432 1302.617771 1292.237966 1289.392117 1289.331929 1295.493639 1298.188327 1305.227439 1317.661208 1328.574463 1344.861678 1358.627797 1378.759161 1402.958284 1422.626236 1446.743917 1467.637097 1497.239571 1535.989835 1566.484658 1610.380979 1646.379484 1680.387776 1717.349774 1747.419407 1781.059123 1807.234666 1829.463915 1849.287039 1860.740532 1872.394134 1877.463729 1884.415195 1891.750092 1895.416611 1905.25433 1907.056522 1910.630891 1908.627095 1897.567634 1889.196706 1868.184853 1851.943076 1832.081026 1806.229172 1777.982499
-9999 -9999 -9999 -9999 -9999 1403.872822 1635.510907 1844.144452 2049.967389 2205.95274 2233.926907 2133.898392 2061.748036 1954.301832 1811.642235 1725.991745 1646.698316 1519.158546 1408.365589 1344.972547 1281.728394 1257.88983 1257.023703 1257.129973 1261.953718 1268.459011 1277.804726 1288.796869 1301.925167 1318.376814 1338.843387 1360.460026 1383.812129 1405.645164 1428.109024 1457.267906 1493.990591 1530.740534 1563.565013 1595.898685 1622.88355 1649.083409 1677.524012 1700.4075 1723.380883 1741.611637 1755.084008 1767.834685 1773.883202 1781.59889 1788.97003 1794.665893 1803.313289 1806.869068 1811.712255 1812.067402 1803.464147 1795.070269 1780.26262 1766.129084 1753.26877 1732.146871 1709.078529 1673.158244
-9999 -9999 -9999 -9999 -9999 1276.482473 1626.608888 1949.258338 2132.935183 2251.959175 2286.197499 2291.377587 2385.133103 2327.505414 2228.847655 2148.73719 2114.492294 1794.739191 1649.871913 1524.142394 1409.93961 1267.021497 1254.355847 1256.617096 1227.886298 1232.859108 1242.640873 1250.670632 1264.333519 1278.892019 1300.268196 1326.257442 1352.755144 1375.443279 1397.580833 1428.289153 1468.909978 1506.715105 1532.089207 1555.325643 1576.414414 1597.757191 1615.458523 1636.610241 1652.380152 1666.37077 1679.266434 1683.753025 1693.34197 1696.662187 1703.790415 1713.430646 1717.593584 1725.038469 1725.24664 1723.236112 1713.534762 1701.595363 1691.760842 1675.003345 1663.21469 1648.374455 1625.895217 1590.167673
-9999 -9999 -9999 -9999 -9999 -9999 1532.366675 1947.219026 2151.384994 2258.859582 2332.093157 2474.079598 2609.330576 2754.756539 2927.104195 2962.440045 2762.387757 2561.352242 2323.354162 1987.157894 1741.26797 1567.557662 1393.788797 1261.55377 1236.801432 1210.597289 1201.289659 1209.883901 1221.101058 1235.596843 1257.50325 1285.557168 1315.266562 1341.593047 1368.673572 1399.916512 1436.773964 1470.455791 1492.463195 1510.356624 1526.080147 1541.338574 1558.515899 1573.588338 1587.854302 1599.61435 1606.231732 1613.059482 1618.64154 1624.118596 1630.025558 1634.294782 1638.100234 1636.908712 1636.073897 1631.244102 1619.176712 1608.391772 1596.373673 1585.908417 1576.606562 1561.255295 1540.27724 1501.515169
-9999 -9999 -9999 -9999 -9999 -9999 1339.953701 1923.702035 2033.54844 2198.314168 2323.42083 2534.694819 2745.477694 3078.261163 3526.019379 3664.811716 3487.834987 3345.07863 3067.341918 2622.756787 2306.791 2023.004261 1617.547731 1459.425989 1290.837672 1200.95196 1166.502772 1172.874691 1184.169659 1194.357657 1215.5593 1248.827443 1281.865514 1311.113148 1340.683444 1371.438239 1407.225761 1438.472954 1454.888202 1468.095669 1479.471985 1495.412348 1507.526906 1522.142808 1535.979084 1545.923388 1552.417053 1553.668286 1562.851352 1566.191364 1569.319965 1569.876048 1567.018526 1565.079129 1556.626965 1550.024364 1538.169097 1524.494527 1518.754916 1506.102548 1497.285596 1481.001752 1465.400387 1424.978531
-9999 -9999 -9999 -9999 -9999 -9999 -9999 1379.856986 1728.743261 2032.344292 2232.545145 2486.056454 2722.568532 3113.839231 3498.547078 3725.336327 3856.517148 3928.582227 3809.260162 3620.832528 3269.700099 2661.672898 2092.089858 1717.339539 1392.243691 1245.907858 1176.833856 1158.368642 1155.268749 1163.813445 1183.723375 1215.953343 1250.071804 1280.855481 1311.80391 1342.043652 1372.807112 1400.347805 1417.598396 1429.674386 1441.101792 1453.443304 1467.640719 1482.366781 1496.226609 1506.813095 1514.054972 1519.164938 1523.24316 1526.673898 1526.808081 1520.535428 1514.360155 1505.868494 1495.637207 1488.273113 1477.400164 1466.250951 1453.229891 1439.038975 1426.876098 1411.184015 1386.597828 1346.042385
-9999 -9999 -9999 -9999 -9999 -9999 -9999 870.2921269 1307.248925 1761.673382 2036.448991 2298.861479 2559.5132 2960.031587 3232.940076 3521.900225 3887.828197 4197.69176 4142.761805 4209.545006 3920.055889 3143.68399 2475.230476 2029.605587 1576.988049 1335.810146 1229.498318 1154.82894 1144.219902 1143.173449 1156.546563 1187.216487 1222.935007 1250.774106 1281.467283 1308.360194 1336.261717 1363.985684 1375.399715 1390.13259 1400.63991 1411.754972 1428.713861 1442.748265 1459.818267 1471.803061 1477.958695 1487.624587 1489.783035 1493.152633 1491.113318 1478.116303 1469.634502 1456.390734 1446.282545 1438.916644 1426.095648 1419.475276 1403.535788 1385.76707 1369.778989 1346.998095 1321.79119 1277.700121
-9999 -9999 -9999 -9999 -9999 -9999 -9999 582.4563835 960.6082762 1368.577893 1700.679355 2026.589888 2366.28425 2644.340913 2867.557466 3096.545004 3413.922722 3572.290724 3715.764003 3812.07888 3651.192029 3224.950038 2780.966119 2333.25058 1819.141708 1525.013075 1348.408413 1214.248119 1147.649446 1136.513853 1146.005524 1170.928177 1200.442105 1226.750018 1251.866483 1276.037985 1301.627128 1323.878376 1337.695157 1348.301727 1360.171637 1376.156304 1393.657443 1410.233639 1426.401111 1440.062596 1449.493928 1457.950621 1462.884526 1461.115988 1458.002307 1449.215846 1435.511058 1424.18909 1412.517397 1405.400587 1396.595808 1386.314496 1373.740008 1354.421741 1333.429426 1304.91095 1268.112933 1222.389282
-9999 -9999 -9999 -9999 -9999 -9999 -9999 -9999 594.531663 953.0070498 1283.082552 1664.284065 2039.134506 2211.69844 2461.574426 2666.636887 2866.373808 2945.977035 3199.935474 3244.366438 3235.135618 3148.654767 2932.505499 2608.606295 2142.082528 1833.058706 1584.900515 1330.949114 1239.762626 1173.328946 1141.822647 1158.412763 1180.244527 1199.120244 1218.810921 1237.644265 1258.02668 1280.526119 1290.775249 1301.751725 1314.464091 1330.542288 1352.214463 1367.358364 1387.79179 1404.655629 1417.227021 1429.778061 1438.034226 1439.670554 1438.59578 1430.416249 1415.723751 1406.173055 1394.284314 1388.043445 1379.540652 1370.150937 1357.272081 1337.020943 1309.640824 1270.817326 1229.966983 1181.114471
