meets/meet004/data/CCSM_21k_neotropic_bio08.asc
NCOLS 154 
NROWS 168 
XLLCORNER -112 
YLLCORNER -55.5 
CELLSIZE 0.5 
NODATA_value -9999 
[rows 58 to 86 of 168, columns 64 to 127 of 154]
18.25023051 17.0614113 15.92327612 15.26260468 15.05654459 15.5187127 16.6217141 18.02260973 19.55717147 20.88990147 21.65312152 21.70825743 21.63241253 21.6314257 21.69873203 21.72014898 21.68460678 21.71088977 21.66817575 21.65727656 21.64524236 21.61324804 21.60076143 21.60830341 21.63584115 21.36907247 21.42751611 21.54170212 21.6149193 21.76644295 21.81911341 21.76549646 21.78883018 21.75018946 21.75821668 21.730763 21.67088463 21.61529657 21.52402587 21.45525254 21.34745076 21.32748367 21.35215336 21.38104433 21.39564318 21.36559071 21.27980099 21.14657759 21.10513878 21.02117395 20.95235011 20.88342053 20.82719319 20.92641792 21.053218 21.20993926 21.38991203 21.51133737 21.61024012 21.64489447 21.78534609 21.95808617 22.08844158 -9999
18.14208561 16.58994874 15.73303227 15.16172211 14.91613448 15.83205421 17.14541057 18.67825258 19.96060314 21.02601929 21.6790834 21.71586944 21.65932557 21.70994379 21.74812932 21.77401479 21.77955059 21.77263683 21.76022909 21.75172643 21.72806235 21.70612432 21.70089952 21.70237751 21.71744293 21.45300923 21.48754294 21.54408834 21.65068171 21.7295797 21.77442338 21.77762789 21.74512802 21.75801049 21.76176548 21.74700129 21.73188524 21.69568437 21.65574436 21.60865822 21.60235196 21.53428553 21.55853507 21.59092433 21.62641337 21.57755863 21.47231958 21.34436916 21.27468599 21.17562257 21.09345808 21.02708168 20.96594927 21.05336471 21.19024084 21.31475071 21.43450317 21.5670937 21.62272013 21.67412442 21.73200114 21.79341268 21.83545842 21.85426453
17.70718044 16.88502208 16.19813714 15.6330596 15.448385 15.99601791 17.25093655 19.06038575 20.22154797 21.10218444 21.66700272 21.72519526 21.67105275 21.71745796 21.75813902 21.78892963 21.79725041 21.80216494 21.79512519 21.79079447 21.78574558 21.77605373 21.78131838 21.78937826 21.81012428 21.54043059 21.56107511 21.58941415 21.64500985 21.69303249 21.72468574 21.73335606 21.73147541 21.7491816 21.76365877 21.77694231 21.79072212 21.79368579 21.77383217 21.75598821 21.75934862 21.76881819 21.72970573 21.76424632 21.81585391 21.8056581 21.7440119 21.66502224 21.59623957 21.51869847 21.43405912 21.3407776 21.276094 21.28748518 21.34465413 21.40712907 21.47522799 21.56218661 21.63741559 21.67825577 21.72382273 21.75365882 21.69926948 21.66520625
17.8998038 17.24245659 16.71655772 16.22182472 16.03326242 16.55815172 17.7434147 19.06811476 20.09447109 21.16612001 21.64852967 21.70714894 21.6899042 21.74096446 21.78085552 21.81151335 21.81757929 21.81826087 21.81933383 21.81569428 21.81946572 21.82776379 21.84232014 21.86049303 21.89255944 21.63791772 21.6478972 21.67485033 21.69191964 21.70741137 21.72812064 21.74044409 21.74754694 21.77170711 21.78830646 21.81893338 21.85908087 21.89700021 21.88770643 21.88665665 21.90251571 21.90918845 21.8630749 21.89363287 21.97055477 21.98004832 21.97318542 22.01297508 21.88320624 21.88221959 21.79957357 21.64160189 21.62782706 21.5048661 21.46920615 21.46578162 21.48240299 21.5415702 21.5950973 21.66279807 21.66753165 21.64530725 21.62628887 21.54027971
18.08816297 17.58034211 17.24281938 16.80414213 16.70435762 17.18005862 18.20797015 19.37132026 20.29239206 20.9631685 21.39919933 21.46695166 21.43590893 21.48047717 21.51368737 21.53636339 21.52972447 21.51182701 21.83393421 21.83624113 21.84810648 21.8664621 21.8923808 21.90773261 21.93068796 21.70005399 21.70972622 21.72894914 21.73899014 21.75116648 21.76957149 21.78361565 21.80056931 21.81989955 21.84015142 21.87042484 21.90504158 21.94186782 21.95305468 21.96955605 21.99178925 22.00412586 22.04679129 22.08999945 22.16343344 22.02959731 22.01901774 22.02436162 21.95525245 21.92947303 21.8526933 21.73685966 21.68209566 21.58256279 21.53867224 21.50897738 21.4852446 21.50620716 21.53999658 21.57820292 21.58201904 21.5432693 21.48687893 21.43302384
18.14479978 17.759535 17.65109556 17.28187138 17.2494966 17.73629003 18.70533233 19.73256634 20.54722816 21.12645049 21.4875463 21.51976331 21.50089267 21.54108515 21.57955382 21.59813588 21.59150595 21.58366099 21.56402166 21.85354493 21.86909188 21.89627692 21.93344468 21.9328551 21.93844281 21.73597439 21.74646737 21.76523783 21.77140165 21.79305102 21.81575969 21.83313659 21.86391389 21.88005495 21.89709944 21.92605422 21.94759805 21.96392059 21.99786164 22.02269411 22.05086332 22.07330701 21.30628243 21.33507773 21.3659967 21.34898365 21.30718574 21.25580241 21.83078665 21.77195473 21.70231519 21.64055372 21.58647463 21.53086326 21.52486792 21.48338386 21.42983909 21.43389851 21.44031446 21.46429184 21.45149912 21.39158057 21.32202073 21.26324603
17.92783442 17.61450632 17.57505102 17.50762383 17.71667866 18.30181842 19.2208151 20.1643755 20.83736173 21.27563487 21.56805075 21.61148949 21.58320753 21.60330567 21.61471425 21.63172415 21.64054915 21.6405222 21.63279946 21.619158 21.88800998 21.90501202 21.92219169 21.92591942 21.770063 21.76867845 21.76789967 21.77181318 21.77960613 21.79631375 21.82791222 21.86756422 21.90794794 21.92922751 21.94480152 21.97160204 21.99688584 22.02361166 22.03467156 22.0489584 21.29033204 21.31408638 21.3352233 21.35301855 21.34930292 21.30482005 21.24160701 21.14469139 21.05986991 20.96618068 20.88382471 20.82637099 20.77320752 20.74458992 20.72245675 20.71453744 20.70609229 20.72912666 21.30005897 21.3192933 21.310278 21.27000875 21.20269054 21.13734985
17.66622314 17.5081017 17.34453254 17.66454188 18.10722569 18.80822982 19.73720419 20.68927282 21.21412274 21.50029381 21.68806374 21.69030401 21.66518331 21.67197806 21.65176078 21.66102803 21.68499241 21.69015209 21.69229703 21.67971977 21.66449433 21.90352835 21.90430566 21.91482442 21.81724741 21.80868793 21.79764522 21.77553778 21.79028891 21.79520522 21.83126389 21.8931633 21.95150888 21.96890444 21.98390072 22.0147107 22.04771901 21.3560448 21.32980454 21.31642559 21.31329713 21.33616409 21.35562067 21.34696838 21.3259857 21.26330161 21.16768273 21.03567442 20.96004929 20.85124312 20.76549563 20.7189228 20.64962651 20.62039545 20.57381676 20.55875139 20.55744721 20.54627751 20.63836162 20.71795495 20.76754989 21.12750211 21.10370472 21.03503183
17.8026179 17.55519499 17.6950338 17.8426719 18.38705598 19.12868722 20.01067254 21.00555518 21.42771435 21.67735906 21.8469213 21.8113869 21.75930111 21.72724691 21.71354329 21.71529353 21.72041039 21.73564996 21.73067424 21.72112824 21.70310942 21.67571945 21.64396621 21.90226386 21.90276294 21.87441814 21.85422006 21.83420479 21.83412175 21.84280785 21.8730083 21.9202076 21.96563919 21.99944835 21.39239606 21.38933561 21.38321161 21.3760684 21.35594463 21.339448 21.32914951 21.33762922 21.33789668 21.32094427 21.28318441 21.20827903 21.12725263 21.01726781 20.91322407 20.8002887 20.6992868 20.63982266 20.56882554 20.52579101 20.47616485 20.45145659 20.45153716 20.4549251 20.50922282 20.54654372 20.60462251 20.66008693 20.67726801 20.71549382
18.04622973 17.73655771 17.71545955 17.50219643 18.03567099 18.74909296 19.5944163 21.01291929 21.37666822 21.76242923 21.98908549 21.89325771 21.81702862 21.73457342 21.72647157 21.71953103 21.70664383 21.74728433 21.71952805 21.72375679 21.71343539 21.68410141 21.67022538 21.63487594 21.59833164 21.56084596 21.5161275 21.47210827 21.44292407 21.4128008 21.40342431 21.40417036 21.40207822 21.40488225 21.40549933 21.40291961 21.39341539 21.38665798 21.3619129 21.34465481 21.3282521 21.32632898 21.31774856 21.2794091 21.23453377 21.16304363 21.09107976 21.00541289 20.89743016 20.78088055 20.67291881 20.59550653 20.50408751 20.45227265 20.40192252 20.37079501 20.36615193 20.365978 20.39308196 20.41175869 20.48040073 20.58635486 20.60582447 20.71559605
18.62157358 17.58423275 16.8442122 16.35080324 16.3992985 17.0137453 18.14178411 19.52473959 20.74304983 21.74604689 22.22371113 22.03093666 21.72922772 21.66833995 21.65856759 21.65481614 21.64168061 21.62757858 21.65825441 21.68404195 21.68902233 21.6817325 21.66145469 21.65617676 21.63534264 21.60459268 21.56606944 21.51933211 21.4889671 21.45701277 21.43827054 21.42627135 21.41407349 21.40828738 21.39795818 21.38941883 21.37839414 21.36136396 21.34329497 21.32242996 21.3021356 21.29564444 21.27271617 21.22920684 21.17530114 21.10212109 21.04359809 20.97690609 20.88259515 20.79792823 20.68340664 20.57267986 20.48006069 20.39400704 20.33076582 20.29456208 20.29371411 20.29038373 20.30638455 20.31034514 20.43424856 20.66666403 20.81707992 20.87245272
19.00867912 17.35018151 15.85502529 15.01320281 14.5563392 15.07568508 16.43369363 18.0656412 20.04118202 21.76048152 22.5067291 22.17188204 21.66650302 21.61827872 21.63301273 21.62408248 21.59065624 21.54069452 21.58912738 21.64491553 21.66257563 21.66675553 21.65864422 21.67259442 21.6764557 21.65488111 21.61543756 21.56805293 21.53344201 21.49741835 21.47250899 21.44851399 21.42734101 21.41424277 21.38965558 21.37472778 21.36111855 21.33725294 21.32115133 21.29640649 21.2724458 21.26675753 21.23122685 21.16960547 21.10408354 21.02838745 20.97317371 20.9123068 20.81743144 20.75956866 20.64462669 20.51628895 20.41754114 20.32135765 20.2528004 20.22058086 20.23085786 20.24867723 20.28332145 20.29891917 20.47142684 20.8162035 21.06702015 21.08617555
19.13202541 17.21096347 15.2976213 13.94294624 13.21456831 13.55793994 14.93368954 16.92838748 19.46156027 21.79438879 22.84745559 22.39714134 21.74183024 21.65187267 21.72618564 21.72555683 21.63402088 21.55278278 21.58267243 21.6406997 21.66638833 21.6755905 21.67716811 21.71395591 21.73901605 21.72460903 21.67947586 21.61973655 21.58191616 21.54042055 21.50459302 21.47778514 21.44428607 21.42176214 21.39133463 21.36727519 21.35021835 21.32327331 21.30423455 21.27752193 21.2486467 21.23452596 21.19037905 21.12215532 21.03912899 20.93486111 20.84670295 20.76896449 20.67092579 20.59995755 20.49274393 20.37579952 20.28836886 20.21620133 20.17648253 20.17473118 20.20966135 20.25563056 20.35331058 20.46427308 20.69095991 21.02287686 21.23944135 21.30447033
19.35678754 17.31835638 15.0406588 13.35342186 12.09394176 12.24889876 13.7219856 15.90068126 18.92484381 21.79391176 23.05871944 22.51115067 21.79514879 21.76320589 21.87449266 21.86243997 21.71758915 21.59485586 21.60796919 21.66882289 21.6894896 21.69424077 21.71101879 21.75852795 21.80902068 21.79907535 21.74276431 21.67792502 21.63131443 21.58580393 21.54551774 21.50962897 21.47257858 21.44346274 21.4049094 21.37846275 21.3588238 21.32477347 21.3025124 21.2671876 21.23162126 21.21369734 21.16023481 21.07891011 20.97647169 20.82758322 20.68254229 20.54552465 20.40495721 20.34221306 20.25344452 20.17044673 20.1318485 20.11270336 20.11702794 20.15671545 20.20859403 20.32056339 20.51948976 20.73258818 20.98197054 21.2678808 21.46725749 21.5258588
-9999 17.76681028 15.58976536 13.20897181 11.28399413 11.12349544 12.66065195 15.10384215 18.338691 21.45086029 22.94647726 22.53346005 21.89569709 21.86786568 22.01296225 22.01569226 21.82494372 21.67647181 21.66294063 21.71151925 21.73435056 21.73830846 21.75593024 21.81979542 21.88234612 21.87796946 21.8223994 21.74896825 21.69594768 21.64971269 21.59591813 21.55520816 21.51221724 21.47175794 21.43879023 21.40155231 21.37490957 21.34793564 21.30430887 21.26118379 21.21699128 21.18771142 21.13676912 21.05657357 20.93604972 20.74288819 20.49046718 20.22674271 20.12791144 20.02279753 19.96568405 19.98582056 19.97928097 20.04349983 20.10395776 20.18916424 20.25576355 20.40739367 20.72355027 21.10442625 21.38841095 21.54072315 21.65732532 21.72460489
-9999 -9999 16.25606959 13.50884896 11.01393516 10.56844573 11.99436845 14.40398623 17.65026659 20.85082335 22.45793405 22.27346785 21.87137905 21.93591031 22.09130557 22.09749023 21.90999049 21.75805002 21.72844015 21.76454068 21.78239318 21.78731823 21.81275093 21.87911511 21.95016459 21.95152154 21.88997475 21.81991201 21.76095419 21.70855104 21.64886025 21.59092006 21.54007059 21.48758701 21.44842621 21.40818492 21.37616285 21.34546319 21.29284852 21.24251188 21.18999531 21.15805534 21.09851292 21.01275892 20.88459253 20.66442277 20.37776825 20.08590854 19.98627116 19.90009572 19.86147961 19.91456286 19.93082691 20.02069177 20.12062356 20.22317178 20.29513836 20.47638403 20.86377483 21.33549926 21.63378404 21.73087425 21.82108224 21.89009379
-9999 -9999 -9999 14.10371027 11.31881977 10.50811458 11.61993175 13.80429818 16.74738129 19.86654846 21.6188811 21.75625889 21.78033992 21.93982927 22.05411053 22.11052689 21.97489998 21.85337578 21.81577626 21.81657858 21.83876706 21.85487145 21.88673777 21.94814562 21.99948967 21.9975297 21.94905647 21.88928844 21.81022442 21.75266601 21.67179218 21.5949122 21.53723722 21.45826315 21.41384909 21.36358002 21.3263602 21.30384577 21.24968898 21.20256715 21.15120368 21.10895423 21.04169022 20.9503636 20.8176585 20.62125048 20.38604434 20.15529668 20.05435335 19.99982153 19.97508129 19.9941188 20.02001294 20.09609405 20.16131287 20.27430688 20.34681222 20.51278414 20.96296448 21.39940083 21.69866212 21.85532331 21.93759194 21.96124542
-9999 -9999 -9999 14.76226747 11.92769262 10.87194725 11.47754936 13.25039383 15.73308773 18.51477444 20.33108434 21.00796097 21.39744264 21.72997467 21.98211089 22.11745373 22.02216537 21.93353982 21.91853092 21.90495631 21.92100044 21.93847676 21.96454199 22.00787852 22.0350456 22.01823227 21.95619606 21.88287648 21.810405 21.73156465 21.62803819 21.51880523 21.41998377 21.33442157 21.28375579 21.23454322 21.20293829 21.18420346 21.15911652 21.13457317 21.09672452 21.06129411 20.99419837 20.90226351 20.78585683 20.63204103 20.46345937 20.3097035 20.23446818 20.1930032 20.16504674 20.16838542 20.18441782 20.22706325 20.27379091 20.37772154 20.47750638 20.66617414 21.06255747 21.4690255 21.7363066 21.85426709 21.89382629 21.88965625
-9999 -9999 -9999 15.46222076 12.67586573 11.38079648 11.58742726 12.54020941 14.4117046 16.84528024 18.58949686 19.5807182 20.79238237 21.28806826 21.70935834 22.04469205 21.98211906 21.99872244 21.98395625 21.96913937 22.00708218 22.02932821 22.06143195 22.10174598 22.08331502 22.05222998 21.98022471 21.85311887 21.81755756 21.7135428 21.58804983 21.45340824 21.24805927 21.22505603 21.13687718 21.07713373 21.09224441 21.02784202 21.04155829 21.06385498 21.03540318 21.00228226 20.95430654 20.85813945 20.7644134 20.66543496 20.56822384 20.50524361 20.42645991 20.40141447 20.38365431 20.36630899 20.40477546 20.439041 20.46031256 20.58578456 20.72878049 20.90769476 21.28234251 21.61204863 21.7960671 21.83614528 21.76237026 21.73726533
-9999 -9999 -9999 -9999 13.75569482 12.32371099 11.86952571 12.17959575 13.05200361 14.56853669 16.09398955 17.50721953 19.09089988 20.26132864 21.2228116 21.8437461 21.87419674 21.86254197 21.91075784 21.99636152 22.09664171 22.1588268 22.1971538 22.25431438 22.23552169 22.19628677 22.11835534 21.99985516 21.93804931 21.8394608 21.70722656 21.56012227 21.37586003 21.30570255 21.21942559 21.13490685 21.08198999 21.00877691 20.98461731 20.97121059 20.93478231 20.90480182 20.87405273 20.80994897 20.75298181 20.68760294 20.62832231 20.60060037 20.564544 20.56264571 20.55584567 20.54063277 20.59768484 20.67368071 20.80390767 20.96976259 21.11918395 21.30006621 21.5482496 21.76532703 21.8655917 21.82965535 21.69773885 21.57261116
-9999 -9999 -9999 -9999 15.00700535 13.37637606 12.38486882 11.74024868 11.33131557 11.78280849 12.85587755 14.48839443 16.79116141 18.5549393 20.37786996 21.52455694 21.49273979 21.58123178 21.8007248 21.97959799 22.18254725 22.31876696 22.36434858 22.46352559 22.46371289 22.42837161 22.356262 22.26331058 22.16985367 22.08867195 21.95764415 21.8006497 21.66160869 21.54256139 21.45532125 21.31691967 21.17227554 21.05290432 20.91285175 20.85441485 20.79475559 20.76776094 20.76701601 20.73787725 20.71722688 20.6955309 20.65527508 20.6278613 20.65590278 20.68463406 20.70112223 20.69116118 20.73307128 20.91000197 21.17908255 21.39933931 21.52122553 21.73274451 21.86053102 21.95055975 21.95694574 21.85903164 21.7115662 21.47925286
-9999 -9999 -9999 -9999 -9999 14.83710424 12.71702041 10.71716135 9.394332737 8.831849873 9.388864807 10.94025836 13.29008108 16.04849679 18.77183745 20.54387415 21.04551201 21.31094048 21.6240816 22.00362694 22.31191741 22.45790998 22.58836942 22.68065388 22.71254824 22.71163793 22.65856827 22.55209399 22.47623504 22.37361478 22.22992895 22.06750773 21.91778429 21.81473253 21.70850188 21.5026251 21.23247743 20.97538376 20.78878865 20.68150332 20.6027602 20.59354032 20.61221335 20.63586334 20.65918157 20.66780329 20.66397888 20.67654739 20.71799945 20.78135618 20.82303626 20.82572322 20.89044361 21.04560858 21.29102871 21.52908738 21.72736813 21.92865722 22.04938789 22.08812178 22.05390706 21.90605994 21.70541991 21.44527627
-9999 -9999 -9999 -9999 -9999 16.56219759 13.24482766 9.553537366 8.098843646 6.385525796 6.215089527 7.813872539 9.331769434 13.10677241 16.88471932 19.18510632 19.88733756 20.71136161 21.25766767 21.88513639 22.45259602 22.61830948 22.82582306 23.02868597 22.97782663 23.0095688 22.98104763 22.86956062 22.81625256 22.68557953 22.52087024 22.32454627 22.14675978 22.01329428 21.94107516 21.66946207 21.26730023 20.84664758 20.68112197 20.5232276 20.42558341 20.45496369 20.45253323 20.53272543 20.59932461 20.64808044 20.68486431 20.70925925 20.78656783 20.87109843 20.94164628 20.950365 21.0067528 21.20473809 21.34550559 21.59165563 21.88193373 22.07856783 22.16703415 22.1955556 22.10720543 21.91806782 21.70693443 21.43594735
-9999 -9999 -9999 -9999 -9999 -9999 14.77514578 11.60945855 8.725119185 6.309016751 5.407496937 6.067530931 7.848346015 10.45643154 13.58663022 15.95608241 17.33257598 18.90935617 19.87931464 21.20840517 22.19329484 22.52517143 23.04564076 23.12894293 23.29730249 23.38802505 23.30905782 23.26466706 23.22255999 23.10121873 22.90033994 22.64369792 22.36107705 22.20405567 22.01696706 21.70977998 21.33110658 20.94310732 20.70010846 20.54080479 20.42835793 20.41694833 20.4279479 20.47561381 20.53765555 20.61015486 20.70463228 20.78655256 20.83446684 20.87842313 20.96963831 21.05067603 21.21356459 21.43525887 21.69335258 21.91708737 22.0857708 22.18017218 22.18535206 22.10915015 21.99836125 21.82198304 21.6274323 21.36964983
-9999 -9999 -9999 -9999 -9999 -9999 16.51299053 14.07520397 10.45661306 7.071113698 5.299468535 5.237752283 6.103875185 7.325048785 9.511102706 11.47954017 13.11768031 15.9106418 16.74425542 18.94427459 20.57395059 21.09139057 22.71007541 22.9577083 23.34085901 23.66809056 23.63048318 23.69238885 23.67466475 23.5832757 23.33766161 23.02876681 22.60450659 22.41352293 22.13972239 21.79519891 21.43472969 21.04325167 20.80361647 20.6351663 20.50249716 20.46610015 20.43489291 20.46546648 20.49494294 20.5550388 20.68963437 20.8498933 20.81568842 20.8226909 20.97004061 21.15575184 21.3844181 21.70529229 22.05728214 22.24145698 22.23092259 22.29351288 22.17856813 22.01658661 21.88112379 21.72680939 21.53006736 21.24577412
-9999 -9999 -9999 -9999 -9999 -9999 -9999 16.00011645 12.38311925 8.420905209 5.749705087 4.583398523 3.99003583 3.985151359 4.23027656 5.291414411 7.001985476 8.870754049 11.12777523 13.43095445 15.82454943 17.81035521 19.84800097 21.44264155 22.85896928 23.79680378 23.94369992 24.03399245 23.98497229 23.90076768 23.73270737 23.53709669 23.25192501 22.8404412 22.34682699 21.89612543 21.55163397 21.2303858 20.95577832 20.75893495 20.61159127 20.56732905 20.53855677 20.53993094 20.52002209 20.5616984 20.65248846 20.67398506 20.73429102 20.75920277 20.95346374 21.27176056 21.61988063 21.87685823 22.08291147 22.19774427 22.18425185 22.13996855 22.09722935 22.04694931 21.88897942 21.63109928 21.37243413 21.08472551
-9999 -9999 -9999 -9999 -9999 -9999 -9999 18.07398548 14.19903962 9.925782193 6.671410552 4.643335332 2.569457147 1.733584855 0.135498763 0.346386098 1.94670409 2.599528492 5.435345906 7.599489019 10.48826955 13.61418829 16.64145537 19.35550697 21.86905582 23.43409285 23.86218132 24.17394923 24.21856885 24.17969802 24.15899687 24.15620501 23.98664845 23.39989843 22.64986122 22.03385141 21.68940535 21.3968638 21.0718718 20.86789342 20.69553923 20.64541688 20.66380575 20.68133836 20.66347675 20.73018008 20.80553663 20.71209606 20.84148323 20.82680099 21.02821025 21.41854181 21.79859537 21.92060416 22.03316383 22.09425467 22.02223576 21.96815966 22.00579096 22.02542414 21.86422451 21.52568156 21.19681216 20.91000112
-9999 -9999 -9999 -9999 -9999 -9999 -9999 18.44234893 15.83539252 12.37919437 9.172241743 6.541059082 3.840355411 2.015535619 0.255849394 -0.423505515 0.151724776 0.666151939 1.981239638 3.17816967 5.940771248 9.686878011 13.36564664 16.92138729 19.8783339 22.13733773 23.17099912 23.87053103 24.10535378 24.34908168 24.5224228 24.69734955 24.70829524 23.88498988 22.92414669 22.24013896 21.80428685 21.51049334 21.2616329 21.01884827 20.88118319 20.85398903 20.7998389 21.01558419 21.14110799 21.25967215 21.40118706 21.40218382 21.34032401 21.27862941 21.35962154 21.55106375 21.74725477 21.90850612 21.97763653 21.9927925 21.93765671 21.86975888 21.84281266 21.81638272 21.62444761 21.28948416 20.98580091 20.68272799
-9999 -9999 -9999 -9999 -9999 -9999 -9999 -9999 17.3235237 15.00423063 12.31276642 9.614412887 6.450269059 4.438226331 2.101272071 0.776210949 0.583088792 0.209800881 0.604000196 0.617471207 2.883886481 6.74080003 10.42205062 14.24298181 17.63691449 20.31630066 21.83004812 23.09274886 23.62056839 24.09302575 24.36116943 24.60634355 24.865458 23.88402498 22.94602536 22.3428059 21.95833814 21.73346649 21.61234622 21.42627178 21.36279999 21.40036434 21.32252228 21.7075462 21.94548092 22.0792541 22.20200236 22.13316038 21.87624262 21.66703136 21.60256071 21.62033426 21.77036037 21.95094038 22.04155342 22.04612338 21.92129896 21.73279535 21.57780323 21.48730213 21.25060825 20.92548374 20.66411479 20.40547996
