meets/meet004/data/CCSM_21k_neotropic_bio01.asc
NCOLS 154 
NROWS 168 
XLLCORNER -112 
YLLCORNER -55.5 
CELLSIZE 0.5 
NODATA_value -9999 
[rows 29 to 57 of 168, columns 64 to 127 of 154]
-9999 -9999 -9999 -9999 -9999 -9999 -9999 -9999 -9999 -9999 -9999 -9999 -9999 -9999 -9999 -9999 -9999 -9999 -9999 -9999 -9999 -9999 -9999 -9999 -9999 -9999 -9999 -9999 -9999 -9999 -9999 -9999 -9999 -9999 -9999 -9999 -9999 22.69386735 -9999 -9999 -9999 -9999 -9999 -9999 -9999 -9999 -9999 -9999 -9999 -9999 -9999 -9999 -9999 -9999 -9999 -9999 -9999 -9999 -9999 -9999 -9999 -9999 -9999 -9999
-9999 -9999 -9999 -9999 -9999 -9999 -9999 -9999 -9999 -9999 -9999 -9999 -9999 -9999 -9999 -9999 -9999 -9999 -9999 -9999 -9999 -9999 -9999 -9999 -9999 -9999 -9999 -9999 -9999 -9999 -9999 -9999 -9999 -9999 -9999 -9999 -9999 22.73785124 -9999 -9999 -9999 -9999 -9999 -9999 -9999 -9999 -9999 -9999 -9999 -9999 -9999 -9999 -9999 -9999 -9999 -9999 -9999 -9999 -9999 -9999 -9999 -9999 -9999 -9999
-9999 -9999 -9999 -9999 -9999 -9999 -9999 -9999 -9999 -9999 -9999 -9999 -9999 -9999 -9999 -9999 -9999 -9999 -9999 -9999 -9999 -9999 -9999 -9999 -9999 -9999 -9999 -9999 -9999 -9999 -9999 -9999 -9999 -9999 -9999 -9999 -9999 -9999 -9999 -9999 -9999 -9999 -9999 -9999 -9999 -9999 -9999 -9999 -9999 -9999 -9999 -9999 -9999 -9999 -9999 -9999 -9999 -9999 -9999 -9999 -9999 -9999 -9999 -9999
-9999 -9999 -9999 -9999 -9999 -9999 -9999 -9999 -9999 -9999 -9999 -9999 -9999 -9999 -9999 -9999 23.02013494 -9999 -9999 -9999 -9999 -9999 -9999 -9999 -9999 -9999 -9999 -9999 -9999 -9999 -9999 -9999 -9999 -9999 -9999 -9999 22.76301475 -9999 -9999 -9999 -9999 -9999 -9999 -9999 -9999 -9999 -9999 -9999 -9999 -9999 -9999 -9999 -9999 -9999 -9999 -9999 -9999 -9999 -9999 -9999 -9999 -9999 -9999 -9999
-9999 -9999 -9999 -9999 -9999 -9999 -9999 -9999 -9999 -9999 -9999 -9999 -9999 -9999 23.16168144 23.22630575 23.15107187 -9999 -9999 -9999 -9999 -9999 -9999 -9999 -9999 -9999 -9999 -9999 -9999 -9999 -9999 -9999 -9999 -9999 -9999 -9999 -9999 -9999 -9999 -9999 -9999 -9999 -9999 -9999 -9999 -9999 -9999 -9999 -9999 -9999 -9999 -9999 -9999 -9999 -9999 -9999 -9999 -9999 -9999 -9999 -9999 -9999 -9999 -9999
-9999 -9999 -9999 -9999 -9999 -9999 -9999 -9999 -9999 -9999 22.7174121 22.9054361 23.03062426 23.16477585 23.22392778 23.11065366 -9999 -9999 22.1873773 21.83208575 21.55288421 21.3561218 21.12354106 -9999 -9999 -9999 -9999 -9999 -9999 -9999 -9999 -9999 -9999 -9999 -9999 -9999 -9999 -9999 -9999 -9999 -9999 -9999 -9999 -9999 -9999 -9999 -9999 -9999 -9999 -9999 -9999 -9999 -9999 -9999 -9999 -9999 -9999 -9999 -9999 -9999 -9999 -9999 -9999 -9999
-9999 -9999 -9999 -9999 -9999 -9999 -9999 -9999 -9999 23.30379799 23.33916595 23.50079204 23.49313944 23.2750352 23.12363782 22.84009206 22.37258586 21.85292847 21.64236474 21.19069688 20.90027591 20.83040009 20.48005795 20.82684533 -9999 -9999 -9999 -9999 -9999 -9999 -9999 -9999 -9999 -9999 -9999 -9999 -9999 -9999 -9999 -9999 -9999 -9999 -9999 -9999 -9999 -9999 -9999 -9999 -9999 -9999 -9999 -9999 -9999 -9999 -9999 -9999 -9999 -9999 -9999 -9999 -9999 -9999 -9999 -9999
-9999 -9999 -9999 -9999 -9999 -9999 -9999 -9999 -9999 24.57315916 24.4814236 24.05565003 23.65253255 23.11156765 22.65569054 22.24016594 21.92496468 21.72545658 21.41481324 21.20921304 21.11120902 21.09306882 21.13404927 21.36614657 21.58288846 21.91332575 22.37272807 22.72360782 23.10901147 23.386026 23.51857364 23.53548037 23.46783124 23.30337123 23.11045648 -9999 -9999 -9999 -9999 -9999 -9999 -9999 -9999 -9999 -9999 -9999 -9999 -9999 -9999 -9999 -9999 -9999 -9999 -9999 -9999 -9999 -9999 -9999 -9999 -9999 -9999 -9999 -9999 -9999
-9999 -9999 -9999 -9999 -9999 -9999 -9999 -9999 -9999 25.48910797 25.27138088 24.46941312 23.73949566 22.91203116 22.16467124 21.66491005 21.47677099 21.45394797 21.21949771 21.24942513 21.37577603 21.64031896 22.04689294 22.46883376 22.77616932 23.12719539 23.52931702 23.83803024 24.00239722 24.24410656 24.23419246 24.02783578 23.92814386 23.58750705 23.31910456 23.1649454 23.10225322 -9999 -9999 -9999 -9999 -9999 -9999 -9999 -9999 -9999 -9999 -9999 -9999 -9999 -9999 -9999 -9999 -9999 -9999 -9999 -9999 -9999 -9999 -9999 -9999 -9999 -9999 -9999
22.35576237 22.47828919 22.6591901 22.94169284 -9999 -9999 -9999 -9999 25.21738363 25.40383017 25.12476601 24.42151765 23.67223028 22.53221919 21.67192923 21.04531492 20.76607465 20.84201257 20.67398531 20.79433817 21.32899106 22.16993613 23.15302689 23.6235917 24.10479139 24.42428318 24.45340566 24.55810689 24.51281781 24.46910396 24.30563529 24.08328744 23.82549386 23.60131807 23.41751468 23.26579319 23.22474323 23.21057853 -9999 -9999 -9999 -9999 -9999 -9999 -9999 -9999 -9999 -9999 -9999 -9999 -9999 -9999 -9999 -9999 -9999 -9999 -9999 -9999 -9999 -9999 -9999 -9999 -9999 -9999
22.17185667 -9999 -9999 22.59566907 22.99644118 23.41394375 23.83029694 24.46480438 24.65158625 24.86802391 24.6659449 24.03413844 23.25164087 21.98376748 20.873024 20.0636454 19.72289062 19.78369948 19.81458216 20.2223986 21.08875638 22.36699935 23.71912742 24.32746909 24.84942947 25.16535459 25.01767139 25.03279079 24.83114721 24.61873082 24.37410776 24.12075093 23.83151674 23.63159153 23.48254537 23.33987952 23.32479526 23.31594557 -9999 -9999 -9999 -9999 -9999 -9999 -9999 -9999 -9999 -9999 -9999 -9999 -9999 -9999 -9999 -9999 -9999 -9999 -9999 -9999 -9999 -9999 -9999 -9999 -9999 -9999
-9999 -9999 -9999 22.28724413 22.25794774 22.39357476 22.76815143 23.07760069 23.45647188 23.95411024 23.73250589 23.13061747 22.42447853 20.90766072 19.5673488 18.75274322 18.20798603 18.27377932 19.06960679 19.8325224 21.08113963 22.5519152 23.63628133 24.39291757 24.90636641 25.15372072 25.14148463 25.12236029 24.68687177 24.60418466 24.30399534 23.95794203 23.98464263 23.50718008 23.37949384 23.28043 23.18605134 23.37724541 23.2829068 23.32025842 23.31342894 -9999 -9999 -9999 -9999 -9999 -9999 -9999 -9999 -9999 -9999 -9999 -9999 -9999 -9999 -9999 -9999 -9999 -9999 -9999 -9999 -9999 -9999 -9999
-9999 -9999 -9999 22.16327776 21.8403712 21.68773981 21.68642849 21.68001723 21.9478499 22.21007559 21.87940919 21.18595634 20.35377413 18.8882204 17.63977262 17.02027911 16.91414925 17.45715528 19.03230704 20.54669023 22.01650758 23.21513938 23.90147247 24.4490109 24.77161408 24.89757942 24.68669138 24.48321871 23.89787153 23.62828841 23.21818377 22.88972804 22.95431273 22.58347447 22.55703054 22.55223092 22.56446159 22.8388232 22.83763589 23.00986163 23.10968144 23.14294096 -9999 -9999 -9999 -9999 -9999 -9999 -9999 -9999 -9999 -9999 -9999 -9999 -9999 -9999 -9999 -9999 -9999 -9999 -9999 -9999 -9999 -9999
-9999 -9999 -9999 -9999 21.90544699 21.34863662 20.86330111 20.31490428 20.12131518 19.93275828 19.34181746 18.48382861 17.26489014 16.37143649 15.29570544 15.23005301 16.00685674 17.18314434 19.67029618 22.39340561 23.91094064 24.11594545 24.30187984 24.42286652 24.56791246 24.35034353 23.69540906 23.14808705 22.42645003 21.72787271 21.27103834 21.0469433 20.8886665 20.91074978 21.05309269 21.20241229 21.42730471 21.71310581 21.91428549 22.26100802 22.53839154 22.73136198 23.07797759 -9999 -9999 -9999 -9999 -9999 -9999 -9999 -9999 -9999 -9999 -9999 -9999 -9999 -9999 -9999 -9999 -9999 -9999 -9999 -9999 -9999
-9999 -9999 -9999 -9999 -9999 21.29362298 20.25708839 19.15230486 18.4520684 17.80738614 17.05622445 16.33910567 15.37748777 14.63284852 13.96940512 14.42848201 15.85384509 17.77359486 20.49193081 23.09562219 24.46249775 24.44460223 24.18316891 23.96477103 23.76537125 23.22229764 22.33380022 21.5038661 20.77321099 20.12641208 19.62565021 19.32996983 19.0990214 19.21275905 19.41191265 19.64431487 19.95576987 20.28683319 20.59098623 20.99712897 21.4487394 21.90363951 22.4252769 22.79979626 -9999 -9999 -9999 -9999 -9999 -9999 -9999 -9999 -9999 -9999 -9999 -9999 -9999 -9999 -9999 -9999 -9999 -9999 -9999 -9999
-9999 -9999 -9999 -9999 -9999 21.36367421 19.75974253 18.10394164 16.89456937 15.95035494 15.17184032 14.8203575 14.46071672 13.91037887 13.43650654 14.41318324 16.51759724 18.86669156 21.13954694 23.06309655 24.05715094 24.02377196 23.61696262 23.149049 22.55378773 21.70887696 20.70498979 19.68119634 19.13431278 18.83018181 18.38491869 17.8696795 17.58020083 17.73233227 17.90809632 18.21538633 18.56795895 18.77907605 19.18899664 19.50646416 20.07708433 20.77796541 21.49220112 22.21135071 22.80162124 -9999 -9999 -9999 -9999 -9999 -9999 -9999 -9999 -9999 -9999 -9999 -9999 -9999 -9999 -9999 -9999 -9999 -9999 -9999
-9999 -9999 -9999 -9999 -9999 21.26701124 19.29023565 17.23489486 15.74897991 14.66649251 13.97638539 13.8698013 13.87588785 13.90159483 14.16936738 15.47406959 17.67351038 19.8252792 21.61716606 22.80928624 23.42540208 23.33421129 22.76469322 22.16115756 21.25728299 20.25349932 19.14596324 18.13577445 17.67469151 17.32229704 16.94442707 16.59017596 16.3285491 16.60437332 16.92257354 17.27488715 17.6582833 17.8197146 18.05058295 18.20289576 18.78558999 19.66296055 20.5859058 21.5320373 22.30637473 22.80321958 22.95063159 22.99185764 23.01555792 23.10470315 23.16404943 23.1509962 -9999 -9999 -9999 -9999 -9999 -9999 -9999 -9999 -9999 -9999 -9999 -9999
-9999 -9999 -9999 -9999 -9999 21.2078754 18.87243019 16.37435453 14.92754254 13.76082283 13.18214302 13.31861281 13.55451572 14.34736207 15.30516254 16.88895669 18.92728762 20.99053088 21.97364542 22.57176196 22.76543715 22.50429051 22.00963066 21.1292358 20.07080128 18.97009379 17.84780168 16.7171597 16.34967141 15.94431491 15.65154584 15.48619065 15.28380035 15.86909402 16.41213799 16.87361233 17.18434227 17.30573493 17.32764162 17.18286673 17.72495547 18.80156845 19.78228954 20.88010139 21.81332392 22.35432768 22.45346812 22.4582369 22.53203587 22.62143385 22.70851948 22.80640376 22.95770538 22.93911378 23.03119798 -9999 -9999 -9999 -9999 -9999 -9999 -9999 -9999 -9999
-9999 -9999 -9999 -9999 -9999 21.0728078 18.62723756 16.18877963 14.55260764 13.56151564 13.09440439 13.25363765 13.9523845 15.14953713 16.66337017 18.29834586 19.94220848 21.26051526 21.98803539 22.18685473 22.13732677 21.75976399 21.05091597 20.35073803 19.32342148 18.30870918 17.36665205 16.30083239 15.91471466 15.46653138 15.25151292 15.29941688 15.28868112 15.96544104 16.4641986 16.97573563 17.51390237 17.48759946 17.43150513 17.06049168 17.49241603 18.54191312 19.50289496 20.54709829 21.25520102 21.7381875 21.92309863 21.9387248 22.02551276 22.11182182 22.20743634 22.25969659 22.37684904 22.39656504 22.48414171 22.60455798 -9999 -9999 -9999 -9999 -9999 -9999 -9999 -9999
-9999 -9999 -9999 -9999 -9999 20.99849707 18.39132157 15.86345629 14.41419355 13.5548257 13.27854974 13.58752953 14.3150082 16.09640278 18.01244608 19.56083307 20.60368286 21.55577292 21.80175064 21.77806513 21.56705247 21.0820497 20.3242997 19.96115322 19.13260487 18.35128806 17.66256465 16.38386285 16.4796268 15.98233429 15.86273391 16.18160454 15.82709619 16.90139713 17.30412655 17.86905489 18.54489357 18.40736583 18.61034332 17.89919665 18.13947226 19.17043496 19.67030768 20.47128689 20.93733982 21.23923942 21.39526264 21.45112092 21.50692939 21.57819083 21.644842 21.67063256 21.70402161 21.72283216 21.8064306 22.00519422 22.33601463 22.71024929 -9999 -9999 -9999 -9999 -9999 -9999
-9999 -9999 -9999 -9999 -9999 20.4154921 17.9796101 15.76741496 14.3954132 13.81023717 13.74115325 14.23269527 15.38954201 17.15922821 19.1134739 20.43596971 20.98391487 21.21347222 21.32173636 21.21947005 21.05279146 20.79487939 20.45785012 20.25663992 19.99299432 19.55018052 19.06603116 18.5723922 18.20225786 18.02949386 18.04908761 18.28996214 18.648484 18.8810025 19.2112801 19.75981613 20.48614216 21.04692051 20.89477182 20.57878698 20.5523243 20.62064589 20.8296555 20.83018651 20.80717197 20.83528842 20.90422329 20.92277051 20.98696145 20.97009779 21.01691873 21.10188637 21.11655075 21.12745212 21.1448371 21.38115858 21.88056487 22.33249055 -9999 -9999 -9999 -9999 -9999 -9999
-9999 -9999 -9999 -9999 -9999 19.59961417 17.36396952 15.33073203 14.51760322 14.13554406 14.26049117 15.04432708 16.1923078 18.0449947 19.98848311 21.06196602 21.01187972 20.90802048 20.90240346 20.76861535 20.68962316 20.66175441 20.68614698 20.66481288 20.94543754 20.78201404 20.40806902 20.58127533 19.86997665 19.95142553 20.06872168 20.24568833 21.22522643 20.7042355 20.92915228 21.40806904 22.08981849 23.49005949 22.69535653 22.76795617 22.53762527 21.77381971 21.84475654 21.11450513 20.70603471 20.55028074 20.55570491 20.55712128 20.66720663 20.58459158 20.62999553 20.80080761 20.71405941 20.8093923 20.70320934 20.95133465 21.56257695 22.07793185 -9999 -9999 -9999 -9999 -9999 -9999
-9999 -9999 -9999 -9999 -9999 17.87328856 16.5612062 15.5414571 14.93028105 14.84038837 15.21718754 16.04503674 17.21324169 18.6738152 20.01601822 20.80098747 20.87586355 20.72716291 20.67868667 20.62632368 20.62163647 20.65045265 20.73745022 20.90136635 21.10817656 21.05573514 20.83357966 20.67959657 20.47631191 20.56276594 20.71549941 20.95550137 21.38797355 21.43900466 21.6728782 22.00631789 22.37063354 22.81455162 22.73374551 22.55576246 22.27071701 21.76147457 21.37761134 20.92385577 20.63613973 20.49433455 20.53595883 20.62457483 20.68864544 20.72420481 20.77634913 20.8611362 20.90481887 20.81745118 20.78593707 20.99520248 21.4272064 21.89958197 -9999 -9999 -9999 -9999 -9999 -9999
-9999 -9999 -9999 19.35833839 17.39078774 16.09635138 15.65310363 15.53420101 15.58353982 15.88514138 16.46881908 17.29415221 18.18825034 19.15773476 20.00775189 20.5440127 20.59508697 20.55993946 20.5785998 20.57570566 20.60830952 20.65746495 20.74294751 20.90494739 21.07788786 21.01333052 20.77810566 20.52418014 20.45767504 20.55722397 20.70434964 20.93063612 21.23262816 21.50378085 21.74902566 21.94364335 21.95613976 21.95123339 21.93914225 21.71537161 21.4857052 21.15418879 20.78627287 20.62480532 20.50035016 20.48523864 20.65612892 20.76417157 20.82659559 20.91564404 20.94798887 20.9808221 21.08581887 20.93698226 20.88311622 21.05137347 21.35011396 21.76723541 22.07473891 -9999 -9999 -9999 -9999 -9999
-9999 -9999 20.00218357 17.90622864 15.74538504 14.72948125 14.86010937 15.46589091 16.43819982 17.60713081 18.41854427 18.82418086 19.27716572 19.682045 20.01376235 20.29368084 20.40825472 20.45396317 20.5416258 20.59899085 20.67122095 20.72700815 20.80241805 20.96181155 21.079163 21.00773639 20.77331603 20.5437253 20.44401108 20.44290585 20.56187743 20.78924724 21.05974616 21.36175675 21.58957455 21.68022909 21.62936917 21.44849917 21.33229259 21.11055571 20.92665307 20.75634088 20.56271148 20.50609275 20.50219009 20.57724106 20.73677988 20.87792561 20.87837586 20.84793805 20.84994182 20.88102411 20.92425896 20.87117144 20.87645503 21.00899146 21.18913866 21.47572111 21.84071105 22.15705034 -9999 -9999 -9999 -9999
-9999 -9999 18.83697252 16.64655632 14.54252938 13.85008536 14.61357321 15.65455547 17.23180762 18.98775471 19.87366512 19.91060461 20.08112338 20.06680529 20.04765677 20.16714181 20.26313576 20.39182591 20.51881708 20.63499472 20.74474666 20.80022968 20.86801629 21.00308328 21.11761703 21.04111275 20.81751576 20.57377511 20.44541172 20.41810267 20.49837844 20.69196476 20.94772963 21.25070807 21.4811906 21.55311798 21.40380346 21.1333739 21.03840767 20.78441929 20.62030086 20.53355549 20.40853975 20.44932945 20.52364099 20.62972042 20.78327341 20.89924584 20.8166747 20.71459576 20.6814686 20.70462932 20.75293783 20.77403443 20.80503661 20.94575243 21.05816902 21.27653617 21.73820602 22.10037882 -9999 -9999 -9999 -9999
21.02358932 19.34968795 17.41133108 15.61937209 14.23433143 14.01066072 14.87775447 16.39668206 18.03778952 19.58726994 20.47981807 20.49013619 20.28412269 20.25421681 20.21070778 20.21363798 20.30135502 20.35662398 20.55912009 20.71536566 20.83212174 20.89767455 20.94462907 21.05519953 21.1195274 21.07634017 20.91664553 20.7236932 20.63172616 20.57090291 20.64974712 20.84549235 21.04660005 21.31030511 21.48750823 21.48919654 21.36287271 21.12030652 20.919649 20.67508237 20.51064516 20.42505267 20.34332426 20.44163383 20.54161123 20.6382356 20.74186062 20.75070416 20.69479031 20.57270724 20.53552511 20.57059345 20.62623742 20.66934254 20.7530164 20.89310902 21.02619454 21.31310709 21.6783984 22.07780799 -9999 -9999 -9999 -9999
19.9204715 18.16042551 16.36143597 15.04786323 14.16608664 14.23903401 15.34165168 16.88947958 18.48408617 20.02477693 20.86075013 20.75727225 20.55738031 20.55920462 20.49881684 20.5150554 20.55620727 20.5673144 20.7354236 20.86917657 20.95357726 20.99541669 21.01403076 21.08083371 21.1382493 21.12567916 21.04662063 20.96351998 20.95373178 20.95602978 21.02280463 21.15765842 21.2777322 21.43767541 21.55208344 21.52947303 21.37439188 21.16623913 20.97393057 20.73011444 20.59336837 20.52961908 20.46490805 20.56890048 20.64443895 20.68867988 20.7156362 20.66219173 20.59274303 20.4824941 20.43802679 20.46082039 20.50080685 20.56644688 20.68880881 20.88514112 21.05183507 21.32402882 21.64956332 21.96993707 22.2197188 -9999 -9999 -9999
18.41872322 17.09802135 15.66661449 14.77229323 14.33199177 14.69844657 15.72016369 17.09245249 18.77453071 20.26363007 21.06943516 21.09260328 20.97895487 20.93858264 20.98710875 20.99291993 20.96005735 21.02230205 21.03026539 21.0685592 21.09653796 21.07696196 21.07857209 21.10012855 21.12934227 21.16588189 21.2123307 21.29269387 21.34178255 21.49973851 21.57304117 21.55339485 21.62784762 21.62269208 21.62206249 21.55399927 21.42136884 21.27147391 21.09689197 20.94668341 20.8416582 20.79340466 20.80135312 20.82528434 20.84936767 20.82114975 20.74132072 20.61830195 20.56176764 20.4706154 20.41922893 20.3835135 20.37276812 20.50567237 20.66461938 20.87665787 21.09974911 21.33395076 21.54677884 21.72466503 21.92456125 22.12653746 22.2888619 -9999
