meets/meet004/data/CCSM_6k_neotropic_bio03.asc
NCOLS 154 
NROWS 168 
XLLCORNER -112 
YLLCORNER -55.5 
CELLSIZE 0.5 
NODATA_value -9999 
[rows 58 to 86 of 168, columns 64 to 127 of 154]
61.40059806 59.1929949 59.33885043 62.21601203 62.46540076 63.0627909 64.37341222 65.68239572 67.92154852 69.93520076 70.73362793 70.81144953 70.66837526 70.19740141 69.65103556 69.12678122 68.71050162 68.21829777 67.7320426 67.29761067 67.17516558 67.25179379 67.41838446 67.55449372 67.66666345 67.98160576 68.26372468 68.19575627 67.86058794 67.37852558 66.90218291 66.4479997 65.83255281 65.29756143 64.04487538 62.22888375 60.29683733 58.17391698 56.52971906 55.03899516 53.76762662 52.56596414 51.89088657 51.97489691 52.61203103 53.46662826 54.53947874 55.75509803 56.92856163 56.47217124 56.28985931 56.44005259 56.92107891 57.88248039 59.18630062 60.32481869 61.54333855 62.77270056 63.20138185 63.51655694 62.63742 59.76438052 57.7905609 -9999
58.24946013 57.86141369 58.85266181 61.60567674 63.6962604 64.8632943 64.76374688 65.33230299 67.09051112 68.87930822 69.43552933 69.60843727 69.48293093 68.93398023 68.45873949 67.97969901 67.50887306 67.20414756 66.71558847 66.20397942 66.05217907 66.00459365 66.10562824 66.13651427 66.09181767 66.11452269 66.11525869 65.90130464 65.82072642 65.32731736 64.84678565 64.38319621 63.7051784 63.14343749 62.6193115 60.67704333 58.45074728 56.27364231 54.61996257 53.11372304 51.97888871 51.05038332 50.50174075 50.9970807 51.5270451 52.77542171 54.0499861 55.50571326 56.99093109 57.08420955 56.92339905 56.84967274 57.28214259 57.48039881 58.02923383 58.66391801 59.33069556 59.83961034 60.0730009 59.53316405 58.76915246 57.43486377 56.36027015 57.01211488
56.72648759 57.0515694 58.64887933 61.26861171 63.8039788 64.52018963 65.20057219 65.36787155 66.63151074 68.18360772 68.52355051 68.58958094 68.43524962 67.79666983 67.15524544 66.69548155 66.41732559 66.20893866 65.76440436 65.32270368 65.12590084 65.0044021 64.93022969 64.841442 64.72242542 64.69148649 64.62282764 64.31678631 63.95982323 63.22602331 62.49723085 61.73070425 60.88214676 60.32150265 59.78013643 58.47253351 56.45883548 54.41333636 52.89282544 51.54884457 50.57123141 49.88042294 49.58034005 50.022811 50.76225322 52.04035051 53.53962493 55.17564258 56.54882778 56.74411193 56.74086109 56.65692562 56.69623311 56.61973324 56.7058186 56.85251312 57.11188178 57.23725664 57.2905811 56.99529419 56.57159644 55.83009126 55.49915962 56.0943729
56.05233164 56.74979159 58.40615973 60.53390475 63.06752557 62.6400881 64.29080552 64.79704734 65.8644165 67.13348631 67.54917547 67.69769583 67.52119768 66.59121522 65.7322713 65.26608427 65.17618217 65.22875078 64.79988676 64.4698427 64.20996978 63.87815147 63.86456683 63.57169675 63.47303848 63.35469486 63.22572825 63.22793591 62.3884294 61.66569733 60.74216314 59.50640372 58.51234955 57.89500266 57.26322607 56.54644665 54.7380825 52.94566374 51.57520364 50.34801305 49.57390482 49.03138982 48.85122261 49.50421771 50.43408357 51.72403441 53.08466228 54.97922262 55.80932163 55.96637824 56.00693742 55.99694987 55.74133946 55.68714875 55.4680035 55.30991129 55.35377621 55.15098259 55.35855105 55.38132524 55.29511567 54.8178463 54.64085878 55.18156303
56.07775526 56.94863138 58.91117446 60.10773192 61.90814491 61.52709802 62.49193846 63.15441964 64.29824599 65.59591305 65.93821278 66.10351104 66.16271354 65.38043655 64.46565317 63.99505153 63.95425997 63.96457422 63.65786406 63.27614581 62.97273014 62.58873664 62.35466579 62.14039161 62.00595305 61.82827018 61.56252097 61.167558 60.50034216 59.67230143 58.73633339 57.65841953 56.63970386 55.97042215 55.3960675 55.05923292 53.42147683 51.86501765 50.70552095 49.76823691 49.15510806 48.73872243 48.7055843 49.24846016 50.06462993 51.17886305 52.22585804 53.47213674 54.94547018 55.50426469 55.46676739 55.45794113 55.22769364 55.09643849 54.74738707 54.41312911 54.12494428 53.78034469 53.84908135 53.88281939 53.9403937 53.89949402 53.8488897 54.17452176
55.95887815 57.79900717 58.8842214 59.8744047 61.38255812 60.64438665 61.08872721 61.58680084 62.8171493 64.16650746 64.43256325 64.66015267 64.66246283 64.22358865 63.37174657 62.81340479 62.77678134 62.71625876 62.30312139 61.86663902 61.50444523 61.05494296 60.70321 60.59662266 60.47490722 60.22822904 59.77349704 59.08187797 58.57929666 57.72662188 56.88106011 56.04419927 55.1069665 54.61504661 54.05422394 53.84864924 52.47793131 50.98603685 50.13477142 49.43924333 48.96430702 48.57732115 48.62062923 49.05005461 49.66279864 50.46910899 51.07212038 51.63184212 53.32176703 54.73408794 55.25523523 55.16901966 55.03283501 54.77559763 54.4497961 54.09530047 53.60779802 52.86756726 53.12995936 52.92149219 53.02345556 53.29399095 53.3275828 53.7193638
58.07931373 58.5909321 59.0977314 59.90282606 61.47762629 60.9297499 60.3354931 60.46130158 61.7757543 63.1377235 63.45418893 63.47863274 63.38237019 63.08491435 62.71239357 62.29405747 61.7588305 61.26586503 60.76887371 60.3171511 59.94155805 59.56968288 59.28120202 59.1108426 58.94171349 58.71792476 58.38095868 57.85130006 57.1758365 56.3400961 55.58900525 54.87190378 54.24292423 53.85414223 53.55765944 53.35993684 51.8948583 50.6620437 49.82638011 49.25611745 48.82002642 48.44304489 48.34805196 48.66210286 49.1477618 49.86218641 50.52855268 51.27345452 52.39955626 53.46718719 54.51031018 54.99314462 54.68907603 54.55112774 54.3187164 54.10899045 53.90983664 53.59398295 53.45482502 53.22612526 53.2330773 53.21081735 52.86474942 52.40245653
59.72578084 59.67004129 58.82399425 60.16744302 61.91024467 61.65151805 60.25938187 59.25039678 60.92684158 62.40694902 62.73250728 62.64248106 62.32137803 62.11583782 61.89417563 61.48812938 60.72719908 59.8722641 59.38473015 58.84473901 58.41773434 58.08828984 57.90030771 57.62849562 57.45993735 57.31530603 57.10586974 56.89010044 56.08394641 55.25653264 54.59367658 53.98289734 53.5051462 53.29344257 53.22832446 52.97700675 51.59423435 50.34508231 49.67376306 49.13669216 48.7203892 48.25646182 47.9798544 48.42431669 48.73341717 49.38775827 50.06718234 51.08416017 51.7099076 52.46947264 53.25187626 53.77784847 54.12957821 54.44375824 54.37956449 54.34993922 54.45827079 54.69500258 53.58236549 52.94884055 52.07518559 51.1520549 50.7360379 49.93316718
60.33946948 60.67571592 60.45118451 60.93804326 61.83804643 61.96326497 61.02963242 60.44481209 61.08091565 62.01519169 62.0872953 61.90096476 61.6207534 61.30316459 60.9361087 60.41833629 59.81634596 58.89764983 58.19552473 57.61743438 57.1186484 56.7080845 56.33796317 56.1466524 56.00643207 55.90048787 55.82579597 55.55494551 54.97844411 54.2708307 53.72890108 53.26141314 52.91907876 52.63223943 52.41167909 52.23113778 51.41955753 50.38586109 49.61736548 49.09319835 48.68654193 48.32845282 48.21213309 48.34052546 48.64143553 49.1049052 49.56505268 50.12183729 50.7690017 51.40184739 52.03591332 52.51887827 52.94154791 53.26607539 53.50557211 53.47136458 53.24430617 52.78018595 51.9842532 51.00014734 50.08389075 49.24658739 48.34914913 47.83737009
60.67765622 61.46632569 61.72975885 61.34734956 61.76823707 61.74603207 61.20176247 60.7488306 61.29302206 61.90143008 61.62500511 61.32626111 60.95338626 60.45852255 60.00948883 59.45924172 58.89960173 57.95046207 57.24949204 56.59386937 56.03206706 55.51838641 55.00867997 54.92228668 54.76690488 54.67252963 54.65066288 54.43242026 53.93088102 53.33352109 52.91803374 52.62234744 52.33260037 52.0568554 51.69053752 51.52866087 51.37688621 50.37914211 49.64193456 49.06532933 48.66301533 48.33900979 48.30505661 48.32441302 48.49759817 48.79550894 48.95684611 49.22510581 49.78892315 50.34126458 50.89783838 51.36147289 51.81750442 52.01289499 52.17490727 52.02437168 51.67914336 51.1296276 50.36788757 49.36204249 48.5900668 47.97999882 46.78546814 46.7413763
61.52535096 61.62339952 61.97993665 61.63719117 61.45075823 61.30405135 61.43073677 61.59557519 61.80914476 62.023763 61.36569144 60.86457043 60.32226647 59.74688106 59.17592917 58.5771066 58.08594515 57.28337358 56.52968861 55.83821136 55.24329423 54.7619081 54.32861389 54.09297396 53.92841041 53.77583612 53.65063989 53.40680439 52.97249864 52.48750026 52.19013493 52.03751837 51.88296405 51.62779875 51.3650867 51.23075547 51.14394428 50.52610243 49.7379573 49.1051624 48.66675749 48.33681501 48.16213151 48.2140954 48.28920379 48.43644097 48.5363941 48.67770438 49.05575794 49.45517956 49.86196157 50.26878953 50.55215919 50.72866816 50.75379127 50.55093563 50.1892816 49.60503615 49.03992906 48.38171623 48.03877379 48.1046169 47.59397331 46.18300213
62.25612143 61.59717696 61.42009436 61.16322827 61.00534239 60.70405488 61.22772032 62.03325154 62.02034785 62.00198797 61.2062567 60.41523937 59.61594577 58.82422058 58.32995486 57.74358683 57.24171919 56.7527877 55.98955686 55.33395002 54.72045617 54.19466463 53.7094269 53.40428896 53.1950246 53.00177377 52.77721523 52.54282941 52.17933077 51.76605768 51.56250607 51.52539109 51.48703069 51.33384908 51.12484229 51.04304882 50.97386695 50.68397546 49.92113717 49.24481913 48.78333008 48.41232785 48.16503447 48.21663303 48.21394165 48.30068089 48.32217526 48.31847592 48.63792939 48.85474875 49.10856063 49.37578328 49.4894201 49.54053495 49.48364925 49.2309039 48.87436243 48.47529653 48.1971587 47.91908751 48.05278809 48.13015617 47.53676199 45.85345323
62.38309084 61.4411551 60.05304695 60.02958618 60.61571641 60.31947135 60.59108275 61.2444775 61.81347642 62.13961487 61.23674108 59.86605864 58.67434897 58.00583451 57.65963128 57.08823573 56.54845321 55.94505403 55.45243126 54.97664051 54.51114052 53.95446379 53.23952828 52.9254369 52.61732475 52.33087512 52.10368942 51.7773319 51.5225928 51.26281565 51.12903323 51.11309444 51.07902101 51.03734523 50.94457614 50.91378998 50.90623208 50.85761433 50.21240137 49.60912121 49.18070348 48.86219771 48.61175812 48.60127007 48.559334 48.5412761 48.51190047 48.43396442 48.54343421 48.62834707 48.65922225 48.69063645 48.60530472 48.53745714 48.32313749 48.1484217 47.94644476 47.70430709 47.86944037 47.89940019 47.76661488 48.35973646 48.22661346 46.68683903
61.86712246 60.96948312 59.23898704 59.55780667 60.46498697 59.64658367 59.85704686 60.42456 61.1334143 61.69132773 60.71792482 59.08992968 57.72408149 57.13377301 56.95204315 56.44319054 55.84579082 55.24794982 54.80797775 54.46760465 54.02041072 53.56102024 53.06309097 52.65541654 52.30725378 51.95309184 51.63223285 51.25350283 51.04561642 50.86307889 50.79246034 50.79307241 50.79739379 50.864071 50.84429391 50.89164479 50.9499736 50.87057199 50.5817636 50.07726747 49.73479835 49.43005517 49.25417902 49.30824091 49.26606534 49.15868804 48.98217995 48.6909944 48.56407222 48.45827143 48.30556386 48.10729552 47.93081719 47.85270823 47.64972452 47.57515147 47.52261822 47.50844891 48.09107559 47.95195064 48.10427562 48.8219924 49.12082888 47.97960428
-9999 60.26334256 58.46121637 59.17030954 60.05912898 59.17539278 58.99941078 59.54920151 60.1954991 60.43658858 59.64665574 58.2359104 57.02558101 56.54358668 56.37735605 55.88428335 55.31751854 54.70699997 54.38945325 54.09248565 53.66500021 53.25493543 52.75987583 52.44021766 52.11152852 51.84463703 51.54134349 51.03350465 50.85423097 50.66301492 50.58150325 50.66622839 50.67902144 50.81084007 50.89619545 50.96085868 51.08245233 51.03315171 50.72545511 50.33406913 50.12176158 50.09802972 50.04178984 50.08598008 50.24578065 50.06150832 49.56452471 49.08378312 48.70286908 48.35443367 47.97022743 47.67740676 47.38252328 47.34170383 47.37819278 47.4612371 47.49234392 47.78602208 48.27772172 49.15471986 49.66441474 49.46143094 49.10170544 49.2167417
-9999 -9999 57.65161932 58.76666078 59.44529119 58.53311276 58.04669511 58.31310143 58.9453594 59.05531751 58.41860131 57.42993126 56.48825723 56.07533408 55.90651219 55.39263047 54.79258008 54.18293227 53.905896 53.75451888 53.37906958 52.91890366 52.42459876 52.13445986 51.85428204 51.57399963 51.30849768 51.03832436 50.89129618 50.72687629 50.65087824 50.67169126 50.67782162 50.84507094 50.98625496 51.0755284 51.15750727 51.08411411 50.74648262 50.26750662 50.00605125 49.90365044 49.81213008 49.88634879 49.94457851 50.12884244 50.02077202 49.50875353 49.01770655 48.46134499 47.92381643 47.50881009 47.1019972 47.00373327 47.09175787 47.2160436 47.36084948 47.58568159 48.63902033 50.20771447 50.93703283 50.37516404 49.93516865 50.60692331
-9999 -9999 -9999 57.81573162 59.08981734 58.19926146 57.35764601 56.81718796 57.52276728 57.5670183 57.3014047 56.90752779 56.50257075 56.02654101 55.49655126 54.966331 54.44691428 53.92808009 53.6785324 53.42979791 53.0711125 52.75103617 52.27156123 51.98366131 51.65631326 51.32757262 51.14776547 50.8614758 50.76290663 50.65705724 50.63143042 50.75027145 50.7897001 50.95356145 51.1032912 51.15471579 51.19695483 51.02085783 50.78757076 50.42210824 50.08774195 49.86342534 49.61878366 49.52849123 49.4584502 49.69985406 50.16266037 49.88783188 49.1875572 48.65374081 48.06964657 47.43795701 47.03948942 46.87041025 46.68654253 46.84678208 47.12033026 47.44347884 48.9054136 50.78714792 51.76460442 51.46577122 51.35411164 51.88934258
-9999 -9999 -9999 57.40018655 59.18366818 58.35983228 57.27985326 56.45114518 56.82912725 56.56171291 56.41935085 56.62991565 56.64737329 56.13959012 55.43316188 54.85281034 54.35871294 53.93071594 53.65178665 53.3667835 52.99017404 52.63134716 52.19794204 51.83989896 51.45501598 51.11692506 50.90856315 50.68820595 50.57466557 50.42887296 50.33698328 50.34827256 50.35576267 50.51514367 50.70752937 50.98025731 51.22586377 51.08192189 50.92465011 50.61196017 50.28407878 49.99051125 49.66082217 49.49040503 49.36889433 49.54424877 49.69888059 48.95546202 48.27641619 47.70829476 47.25619713 46.94332904 46.69704105 46.7207169 46.73456152 46.8493084 46.82057494 47.26096701 48.87894188 50.9133969 52.10779844 52.03767565 51.958762 51.88108452
-9999 -9999 -9999 58.13831296 58.3028221 58.23127475 57.47683208 56.4518305 56.58219604 55.51485753 55.54450785 56.31014685 57.21258139 56.41379437 55.4967401 54.94971831 54.49672425 54.25818716 53.82967549 53.49411679 53.14194879 52.78127261 52.34504885 51.96057216 51.3909755 51.02788044 50.94541742 50.62545706 50.5515978 50.36889176 50.19821277 50.22674358 50.0222138 50.01941576 49.99306637 50.18268503 50.78777476 51.2004525 51.16897101 50.90716242 50.56896006 50.23585015 49.85723834 49.70496446 49.56255866 49.43180291 48.64778864 47.74325451 47.26670936 46.70007601 46.39217529 46.28301741 46.18072274 46.37601085 46.40895881 46.67423293 46.84128705 47.12245785 49.03418304 51.15998752 52.23484371 52.12677669 51.90879229 51.32111988
-9999 -9999 -9999 -9999 57.86939255 57.28655132 57.12987323 56.49181387 55.8658515 54.91923705 54.94361525 55.75629921 56.43820172 56.36732765 55.86284628 55.39381113 54.73676898 54.20838611 53.89418995 53.73246893 53.45218125 53.09703021 52.65434066 52.24738703 51.77035041 51.38279362 51.1528097 50.85735749 50.68029287 50.47969489 50.26920396 50.19081114 49.94730357 49.67881702 49.40892491 49.48538038 50.03765737 50.52705664 50.79572764 50.75091659 50.56374478 50.28296147 49.90332516 49.69596067 49.32692369 48.64831619 47.91409594 47.1316869 46.66422087 46.25076115 46.04546602 46.01173422 46.07944092 46.38950453 46.77050182 47.31068443 47.79860415 48.48028392 49.96544896 51.54646489 52.38162217 52.24771332 51.92402111 51.22396693
-9999 -9999 -9999 -9999 57.5364557 55.86567941 55.40421363 54.03832907 54.51669112 54.32534641 54.69908225 55.48933952 55.4123951 56.17175105 56.45212593 56.05266236 54.82050778 54.00040148 54.09061233 54.15729948 54.01053342 53.65801691 53.17601375 52.85857422 52.50311725 52.10790273 51.74914009 51.31921566 51.07598134 50.79631388 50.51448359 50.44926951 50.15482861 49.6301958 49.00056708 48.90606487 49.51101171 49.83014717 50.10985827 50.31834603 50.20990942 49.95622073 49.47771719 49.09854707 48.61893636 48.03517898 47.44346853 46.80828614 46.44613618 46.123422 46.03033249 46.01024831 46.15729796 46.64276468 47.43805587 48.31669927 49.17725381 50.67236483 51.28527968 52.08426721 52.51001399 52.28768278 51.74350982 51.08989527
-9999 -9999 -9999 -9999 -9999 57.23149937 54.67675302 53.34166543 54.09605195 55.57146799 55.61511306 55.65181021 55.9642955 56.56287776 56.28283915 55.80483312 55.04817942 54.65829332 54.7027432 55.04651441 54.97267322 54.45727736 53.94841054 53.54675965 53.19407107 52.76596947 52.31239686 51.85443416 51.45088957 51.13318603 50.7879716 50.58557349 50.28127033 49.79406713 49.22853589 48.96612211 49.02517322 49.13921475 49.46773522 49.72965849 49.65505828 49.37832432 48.91424067 48.55587006 48.1151643 47.64307383 47.18561242 46.69353067 46.34711942 46.05864494 45.99684731 46.0684604 46.29406712 46.71608142 47.41427214 48.43947112 49.78769648 51.13558035 51.85656597 52.26084836 52.51397714 52.08823974 51.62058403 51.09063948
-9999 -9999 -9999 -9999 -9999 60.60758147 53.96527746 51.65328209 54.16118748 57.23464646 56.69307359 55.81166302 55.70288325 55.47647638 55.48414522 54.97543629 54.64143598 55.17517656 55.0251278 55.88278555 56.11403719 55.39866218 54.83376271 54.50792108 53.94378086 53.47095418 53.03100957 52.50559414 52.03567074 51.54908083 51.13312988 50.90767371 50.55980072 50.19794748 49.60836858 49.05180854 48.77772082 48.51950115 48.94859668 49.33762468 49.27464897 48.93780017 48.48731889 48.16144351 47.79175305 47.45306505 47.13269954 46.68578501 46.48058044 46.12138787 46.10881162 46.34350855 46.51196695 47.03467715 47.35204291 48.30176276 49.98090599 51.44354974 51.90258535 52.0958951 52.06382846 51.76782698 51.43108996 50.90799694
-9999 -9999 -9999 -9999 -9999 -9999 53.86045545 52.93202477 55.11603833 57.47554264 57.46226176 56.78385179 55.72670162 54.83397676 54.07958075 53.85327178 53.20573105 53.24166217 54.22409231 55.65701821 56.34073806 56.27258995 55.98522615 55.29031703 54.74336402 54.19507138 53.52659609 53.01064507 52.45725717 51.95738659 51.48932269 51.12009703 50.86326074 50.33147083 49.79421546 49.16396582 48.70848805 48.50418228 48.67732566 48.93026648 48.83643546 48.55381583 48.16666395 47.8785276 47.63885868 47.4357212 47.30817982 47.12577752 46.90755211 46.70307938 46.73691888 46.89237691 47.22027579 47.79071562 48.5070466 49.36159992 50.28022067 51.07161522 51.57126714 51.80439143 51.52000174 51.21481693 50.90129908 50.50799321
-9999 -9999 -9999 -9999 -9999 -9999 54.03426954 53.40506531 56.32652448 57.66107957 57.794953 57.045076 55.92127998 54.76961486 52.69476731 52.05383426 51.87411122 50.56922349 52.89490132 54.84671959 55.64189726 55.61626638 56.16779689 55.50880045 55.19053534 54.84694496 54.02342471 53.57599391 52.83648139 52.40876052 51.84196738 51.43008953 51.00320964 50.37396621 49.93199613 49.34605366 48.8265132 48.42906118 48.45426147 48.6289039 48.50382998 48.23615214 47.88553408 47.70296541 47.56728504 47.50003528 47.54303031 47.66977508 47.46772832 47.40201768 47.52939579 47.68800007 48.01156773 48.75513373 49.83759366 50.54541395 50.59310807 50.91933174 51.37334179 51.36214027 51.02988906 50.72458907 50.26194317 49.79908609
-9999 -9999 -9999 -9999 -9999 -9999 -9999 56.12524793 56.94276138 56.9399876 57.06469079 57.34921517 56.80980316 55.92986161 54.10994384 52.45443997 50.89007205 49.61609684 50.70789178 51.63182421 52.53444244 53.26091888 53.37144524 54.14162472 54.54483824 54.51501048 53.82727298 53.18213274 52.8427228 52.60483024 52.1818397 51.53323923 50.8940613 50.4108533 50.12319525 49.4891105 48.95115055 48.5372327 48.36876665 48.32385675 48.14595228 47.96476764 47.78922598 47.65121711 47.60620536 47.61121204 47.65135631 47.77606437 47.82860546 48.01147791 48.23958349 48.45963861 48.96422876 49.28015393 49.766891 50.23061513 50.50270165 50.93069617 51.34773477 51.15396125 50.71479533 50.23545117 49.77295037 49.21670846
-9999 -9999 -9999 -9999 -9999 -9999 -9999 59.57594072 59.45682372 57.73011919 57.28875862 58.11516996 58.32029795 57.28168295 56.01140698 54.53959319 52.50073063 49.34862181 50.85547098 50.07804354 50.65485956 51.92774871 51.53676463 53.32059716 54.17730538 54.21855098 53.47143922 52.34794485 52.41784729 52.33450868 51.90474311 51.2772095 50.64029576 50.31441371 50.24555128 49.74670427 49.21259791 48.61331114 48.24668934 48.03373025 47.83175957 47.7476295 47.69259886 47.68934011 47.71852152 47.77158865 47.7884033 47.8371492 47.94165251 48.26757124 48.5338759 48.78523409 49.51911221 49.30197295 49.26971199 49.63981361 50.1735902 50.79345284 51.11810377 50.92037997 50.43586468 49.84918287 49.20548814 48.56030439
-9999 -9999 -9999 -9999 -9999 -9999 -9999 55.64180526 61.815998 61.20361596 60.32328392 59.09605838 57.87018358 57.51185818 56.8201536 56.32130075 55.97266603 55.31017582 54.85918056 54.38723826 54.00092044 53.54349141 53.2313774 53.49371872 53.51886133 53.47424123 53.26639254 52.79908083 52.2332761 51.78598794 51.39706455 50.88087826 50.35743819 50.41520436 50.45553365 50.00979337 49.49195589 48.89744444 48.3437753 47.8913179 47.62535692 47.63906258 47.7618412 47.88125093 48.04493421 48.09290854 48.01868117 48.02368791 47.91303085 47.91436555 48.08889539 48.4442734 48.74332716 48.8328728 48.89643774 49.25005939 49.82275615 50.5231635 50.77341899 50.40563449 49.84550062 49.28440853 48.53445406 47.90580949
-9999 -9999 -9999 -9999 -9999 -9999 -9999 -9999 62.64221695 65.20773369 63.75642437 61.31215042 58.96761902 58.88875542 57.925761 57.39756768 57.61865289 57.54540859 58.9208981 58.71386547 57.8060895 56.30395489 54.99554168 53.7499227 53.02918709 52.932835 52.96027557 53.00256666 52.60896221 51.79414505 51.35569283 51.05815818 50.48114032 50.65295902 50.76505596 50.33457598 49.84112206 49.18437883 48.51780762 47.93404091 47.59798513 47.62302721 47.7608466 47.88563172 48.22992764 48.24791972 47.99867408 47.9389578 47.66746171 47.48530065 47.63546704 47.98680442 48.22725521 48.46910949 48.60419137 48.95965236 49.57962201 50.16309405 50.32535764 49.81004395 49.18347379 48.65364955 47.85527957 47.24224284
