meets/meet004/data/CCSM_0k_neotropic_bio18.asc
NCOLS 154 
NROWS 168 
XLLCORNER -112 
YLLCORNER -55.5 
CELLSIZE 0.5 
NODATA_value -9999 
[rows 58 to 86 of 168, columns 64 to 127 of 154]
862.9892367 635.9686001 551.9001447 480.0661281 420.5280304 405.9776118 415.6004529 436.8100178 460.1619133 489.3011852 525.0574751 570.3650202 611.0007724 634.7951188 653.4782383 670.9532124 696.3441923 721.7919343 740.8730651 758.2070884 773.1277861 789.6913084 805.5265948 818.1764707 828.1325298 838.8500927 853.2591831 866.2365333 877.3274458 886.1805273 898.4896574 917.7508589 929.2099819 937.8980774 936.2689455 926.9979344 908.7989883 878.5143031 835.2171894 778.7626113 722.7508412 653.1031406 576.6359541 495.6583254 408.8771609 339.0813143 275.8249615 219.9900012 184.1716698 154.6044432 140.555014 134.030846 130.740454 132.8144168 135.8804955 139.6949013 141.3439724 140.334874 136.1537384 130.6022024 121.4871151 110.1052679 99.55073106 -9999
818.7208587 577.8395079 494.2857154 438.0134361 394.8333299 385.0714977 398.6577953 417.606208 443.0005529 472.4136887 507.6833684 552.6270448 592.0680189 613.949475 633.6816516 651.6110506 678.2937344 702.6318463 718.7929525 733.32478 747.2182437 766.2282863 780.2096614 795.5408845 809.7497722 822.4982715 847.214399 866.2352943 885.8422567 906.1045381 920.8196844 938.5795513 954.7945842 957.2336891 955.2710139 944.5230026 920.9051715 891.9376019 847.4937086 791.5429815 736.7803362 664.30161 595.3276155 515.0661399 429.4615721 360.7483427 292.9056502 240.1782832 203.6053178 173.6759822 159.3930331 148.6018107 146.7075549 146.6781043 151.6993528 155.4913923 155.5929597 157.7145707 152.8660791 149.1260133 141.0436932 129.6124558 122.7220581 112.5213933
758.6753506 518.1781779 448.3434204 397.5481459 371.6766498 371.6650214 384.0426954 403.1586188 429.5322862 458.2938871 490.3703229 529.2922281 564.0585506 588.1184187 608.7685713 626.6805647 650.0277447 672.9825024 689.5975228 704.4729119 717.7692298 734.6661338 751.5577136 768.436106 785.7370422 804.2475229 830.525328 854.0305163 877.4770766 900.4183275 917.1874056 933.3018217 945.487269 947.8918764 942.5665678 929.6191891 905.6331657 873.2666531 830.0671153 778.3951177 726.6193301 661.0767785 592.6267207 519.1331817 442.4868043 380.357892 318.6562207 266.1838898 230.6955702 200.8452161 186.5139396 177.4374867 172.7834997 174.3394513 177.6393213 181.3502518 183.1947394 183.0563116 179.4071718 173.5600101 165.2286176 156.0058623 146.3047179 137.7094541
707.2425363 473.8025992 411.6661953 376.9420535 355.8925928 358.3127924 373.8977315 393.2071006 415.708956 443.9575559 473.836521 508.9119 538.2987157 560.1488279 580.4486354 598.401384 622.6195672 642.3458766 659.3119665 673.4624087 687.2786866 707.4144258 723.1519887 741.9581376 760.7000042 779.5988988 807.7852413 829.3568669 852.9133952 874.3926896 890.0310902 905.225234 913.1517042 913.2354152 903.6260095 889.5636133 864.556192 833.6179746 794.6184027 744.3303072 695.6136359 636.5916873 578.6463823 515.6818276 448.6378873 392.1964076 336.8687018 292.8483256 259.8433246 232.5441098 218.4455501 208.2753418 205.1937991 206.040185 211.9933116 215.6795662 213.8220566 216.6986855 208.1246976 202.1265659 192.2794823 178.2692218 169.7411317 160.6134724
467.0844845 425.9161758 382.8783996 355.0745414 343.0478124 349.3010611 363.5810946 381.0208448 402.9351844 429.2218465 454.6547934 482.6758047 508.7291512 530.4435414 550.9151852 568.5185788 588.5943566 607.5188722 623.5096476 639.1894423 653.0989638 671.1952254 689.4716035 708.5663721 729.2776625 749.1777018 773.1916414 797.0410233 818.8341338 838.6166375 852.6618639 862.3800798 867.6101889 863.7205626 854.039752 837.5268126 811.1376712 780.4436767 741.5055712 698.5538291 656.1362995 605.3352524 553.7466631 501.282761 448.5438989 404.7887944 360.9316855 323.8546603 296.8966263 274.106612 263.177244 256.591399 253.0890586 255.3513532 258.1733773 261.2635856 261.3325441 258.6681731 250.3203623 239.2738156 226.4244476 212.4765119 199.6966022 190.0007446
429.1148104 393.7485142 355.8925284 341.2518355 334.7880114 342.166127 356.106895 370.4625393 391.1288221 414.9863024 437.8421637 461.3260211 483.0324205 502.4560897 522.3886297 539.4821815 558.6040103 574.5363683 589.9188757 604.8011462 618.6070535 637.496825 654.3168063 674.4569623 695.282866 715.0133576 739.302095 761.1589841 779.7716771 796.5864892 808.9354931 817.1111476 818.3669375 813.1719116 799.95736 782.6879442 756.8185202 725.2842674 691.4603758 650.3377613 611.7774101 569.2905767 528.1780905 487.8217684 446.4356812 410.1238432 377.5198534 353.6817468 332.6213995 317.5595644 309.2050667 304.5714099 305.1015849 305.7708077 309.4380046 311.7629841 309.6998501 306.0799466 294.0173667 279.4697671 264.4194133 245.2956635 230.792759 218.2383299
382.3195934 362.1844955 340.1900886 329.9290925 331.8096149 340.7448348 351.8636052 365.5115618 383.5195173 403.9008325 421.6513308 439.7698619 457.1764136 474.9744497 493.891455 509.5249956 525.2611432 540.1596094 554.2925192 568.7511832 582.1275695 599.1641068 616.5939034 635.85769 656.3593132 675.3206252 696.6943078 717.0676791 734.4329079 749.7380288 759.557816 764.1178578 764.895417 757.2407674 744.5650909 726.7534877 699.96243 671.1769143 637.8154081 602.7712038 570.6080725 535.4622574 501.9830855 470.5528961 440.9294266 417.3163516 396.4745584 379.0105236 367.5425244 359.3810867 356.7411038 357.2383783 358.8615277 362.7272598 365.3229012 367.1764409 364.4396114 357.4819971 343.9191983 325.8730397 306.8276334 285.9261 266.6469662 251.5461354
351.9129047 338.5033086 321.9889024 326.0635931 334.6067291 345.0625217 354.2195143 362.7731045 378.8598626 396.4917498 409.0686592 424.9169495 435.2385995 451.8133738 468.7289363 481.9536893 497.4446371 508.5905597 521.337326 533.8028317 545.1639625 562.7996707 577.8127462 595.3739068 614.6264364 632.087973 654.7991545 672.1965172 687.1370949 701.8762517 710.4400469 715.9017542 715.1989548 707.0850946 693.5844085 676.7630814 650.6831802 623.1896182 595.9888909 562.0015005 536.1273638 505.6516233 480.0734384 461.0302666 436.8884346 423.8143364 408.9808111 401.3263607 399.3382151 397.3739291 400.3179271 404.0389271 410.2886419 413.8875386 419.491171 420.531466 415.2013275 409.9554768 391.7606066 371.2508536 349.3151402 322.6635478 301.1826581 284.2247729
330.9121577 330.4174297 327.0180576 329.7603349 341.4539363 352.295756 360.8820254 368.6963725 379.2605475 392.568801 402.5626702 411.4364305 421.6833349 434.4078215 447.8594704 459.476876 470.7120881 481.3077425 491.4462355 501.9771261 511.9173708 525.3074621 539.5906187 555.9100829 573.4427151 589.9986349 608.672408 626.4426992 641.8335944 655.3259357 663.929999 667.7291658 668.3296587 661.4517177 650.1786882 634.5977288 611.677439 587.7011905 561.5251393 535.141075 512.2617012 489.6813396 470.1680144 453.7159111 440.4993475 431.3849923 426.3180934 423.6581003 425.6595306 430.36153 435.9372233 444.0708742 451.4176852 457.8232539 462.3000442 463.1064861 458.2681935 448.5719881 431.1016018 408.5253759 385.1066761 358.3127953 332.650283 311.7226546
325.0945635 327.8951015 329.8245586 341.7096251 354.5233266 365.9184981 374.6857057 377.3260917 384.4375935 392.6871467 398.7455886 405.6579871 413.1237488 422.5870088 432.449825 440.3046615 449.9449064 458.3325354 465.3253792 472.9886112 479.3328169 490.0940346 502.5448582 515.3285391 531.6898449 545.6036917 563.1362475 580.8618384 593.6719258 608.2069154 617.1020823 622.0922693 625.3175592 619.3472109 610.6522621 598.9831254 579.6311775 558.8178545 538.6140018 515.4175651 498.0243593 480.0575851 464.7110358 456.1983275 446.9011995 444.088766 443.3437686 444.4510442 451.983922 459.3294074 467.6165537 477.4084684 486.973859 493.1092052 497.9832611 497.5989738 491.6659611 482.8162537 462.6830121 438.8929014 413.9526078 384.3563991 358.2589539 333.9385791
59.23854478 332.4724531 346.2223294 360.8896984 375.3451933 387.474686 394.8581058 398.9115198 396.6113639 395.8272428 399.5944698 407.2437997 414.7819871 420.3774614 424.6715862 430.0291152 437.265867 443.9988414 447.7136783 450.488642 454.409861 462.5279388 471.6772339 482.5686601 494.3923246 506.7710562 522.65998 537.9955479 552.1977074 565.124674 574.4891147 581.5626461 585.8626187 584.6636321 579.86944 571.0765282 557.3109504 542.2943755 525.19115 507.8671063 492.9451329 479.6032758 469.3286394 463.1396352 460.1603321 459.7839723 462.9683531 467.84764 475.1764138 484.2616136 492.599117 502.5977717 510.8279222 516.5761471 520.0769482 518.4804506 510.8153384 498.3232208 479.3000523 455.3597684 430.1753662 400.808484 371.9713245 346.670435
56.27253796 62.85204532 360.1607553 382.1507464 399.2883703 410.2705684 416.5493818 419.2922003 408.8844646 401.3428583 402.414005 412.6926229 421.5771284 421.6390946 422.3809335 423.8318509 429.2561723 435.9185908 434.303062 434.1219097 433.697242 438.1867187 445.8046212 450.6171062 460.981131 469.5131719 482.1275318 497.5990399 507.6613329 523.0082013 532.7378269 539.6036809 549.5885028 548.9014633 550.4126687 547.4673805 536.858454 529.2863199 517.214499 504.7288863 495.2751173 485.0236877 477.9094743 476.8616614 476.2673277 479.3895988 485.6733377 490.9595275 500.032178 507.5818382 514.4851464 524.4083728 528.9994044 533.5623837 533.9953062 529.7127868 520.1710482 507.2979992 487.6467049 461.8236559 436.1045185 405.897463 377.4033445 351.922801
525.1556568 55.83283249 373.989883 400.7264425 417.88432 427.3999076 430.3422485 428.711249 418.5194717 407.621721 408.8580451 419.9420614 429.5299767 428.539002 424.5515954 424.0191532 428.6551663 432.6752155 430.2650884 425.1602151 422.491713 424.2189018 427.0333227 430.4944983 434.3062181 440.5609648 451.4190534 462.3837573 474.1336962 485.5265533 495.3000731 506.182598 514.9826499 521.2211086 525.3501914 525.7139286 523.9636403 520.7076687 514.7316975 507.9321877 501.2858408 496.1046927 492.5281469 492.6431271 495.5929804 499.8452679 506.19699 513.6374254 520.7569936 527.5625143 532.8194632 537.6862999 540.6043995 539.9502794 537.2655129 530.9458688 518.8969143 502.9670596 481.9846977 456.6300972 430.7769936 400.8127703 370.8369513 344.1927994
536.300492 48.68243424 386.5446732 419.1944315 438.8502599 446.79113 531.5500136 444.3983317 432.7641832 419.3605089 418.1226423 429.510987 439.9763387 435.7042576 429.1538129 426.3553278 430.3138671 434.7155373 429.2242724 422.2734231 416.6616666 415.0361728 415.9356639 414.2728471 415.2631096 417.0405199 423.6050469 432.6020393 440.2306186 451.8603544 460.5931007 470.6942415 482.8404883 489.4465656 498.6696275 504.3760165 507.2082184 510.5309433 510.3703969 509.4021736 509.0401202 507.7713818 506.9820895 510.4319155 514.2105272 519.6135872 527.7298211 534.044506 539.4351045 543.8680757 545.20469 546.6599077 545.5631736 541.0796614 534.3052247 525.3610388 510.7852373 495.2048922 472.8259625 446.0734404 419.7053354 388.660358 360.4673064 334.2733627
-9999 40.39460548 43.40075882 439.3228511 626.0402907 577.0131501 563.1960793 552.5310184 449.4434023 436.5745226 434.4601305 441.5474871 449.3887196 443.3896486 435.1141534 432.0188465 435.8760767 439.1035292 433.3995488 424.4740811 418.097435 414.8224726 412.2926468 408.3509146 403.7785577 403.7846281 407.1198563 411.4103062 417.9243351 424.1169015 432.0614305 443.5158283 453.3988111 464.17215 474.0000021 481.5250444 491.9566131 499.8784261 506.0026409 510.9872194 513.4076515 518.0181072 522.1041942 526.1398672 529.8626815 535.4528374 543.7222016 549.9966238 552.4346023 553.4081541 552.9007603 549.3618928 544.4229824 536.4152169 525.2002901 515.0577589 500.5931786 482.4805426 459.5617093 432.1636395 405.4949709 376.7905176 347.5057297 320.2514687
-9999 -9999 34.95616628 445.079689 704.4992626 639.1490217 613.3787151 598.7075665 473.4207768 458.8182632 453.5790784 457.6229419 459.5483573 449.7972424 440.7792001 436.9440668 439.9518341 442.8018301 436.819379 428.4759825 421.5965499 416.5049359 412.2707323 406.0425338 399.8967677 395.9614481 395.2879343 396.1170753 399.1829505 404.4079415 409.4938655 417.9449855 426.9309979 437.2892907 449.7030837 460.0636383 472.4573587 484.4507398 494.7824778 505.6472126 514.1333771 522.59018 529.9733632 535.7331642 540.6922677 545.7409303 552.3112673 556.4013166 555.7024995 553.8736804 548.9612726 541.6017556 533.8070297 523.0624442 511.4082229 500.0277589 483.5362759 466.2141035 443.5444844 416.7166046 390.7218918 360.1226608 333.1206514 307.2085935
-9999 -9999 -9999 481.5026991 775.5226085 700.7732389 672.2308689 659.8988495 495.8634811 491.0326862 484.4625374 473.108055 468.835776 456.6644586 444.8491571 441.3157105 442.7466535 445.2530799 439.664266 432.4870341 426.0638237 420.2469721 415.4158022 408.2271529 399.5806605 394.7496991 391.2836369 389.8359522 389.9592957 390.2948181 394.0741706 400.8877749 407.2217223 417.1846644 427.2255402 437.7884578 453.8345836 466.9635229 481.3024005 495.7797422 506.3232128 519.7087879 530.3922701 537.7199806 544.8704311 549.3706056 551.9202468 552.2271022 548.7496211 542.0267663 535.624477 526.2251483 516.1000563 505.5628421 492.1458181 480.9923816 466.0899853 449.524466 427.555787 400.4748706 375.026922 346.8213442 320.7256736 295.3557802
-9999 -9999 -9999 463.8091749 818.2094622 757.2981798 727.1983572 718.9355706 707.4012381 531.8852564 524.3650951 507.7622235 484.7690821 464.825664 451.3189712 446.5769806 445.6462233 445.0504098 441.5555282 435.1569459 429.2062696 423.5537959 417.8971161 410.3434535 401.6235002 395.3888045 390.3260471 386.5711552 384.2990347 382.4862829 383.2186245 386.8756159 391.9497403 399.1629522 407.9785743 417.7944713 432.3230259 447.4516978 462.9779421 479.448801 492.7642963 507.4068859 520.3082732 529.1935446 537.8582449 541.3978461 540.4205556 538.7932945 532.8057574 524.4073362 515.6304702 504.4522584 493.3892782 481.4046823 469.7351741 458.7721472 444.1299546 428.3726071 406.2318987 382.111664 358.824418 332.3002587 307.2132777 281.8908977
-9999 -9999 -9999 423.5689069 826.9188216 789.9590212 769.5982329 771.3227813 782.555027 584.2802633 577.7619614 543.6276327 509.9473922 478.5199094 457.2296015 451.3432413 445.2650191 444.7288296 441.0044571 434.7548006 428.9284692 423.8669961 420.0624754 412.0856046 403.547683 397.3169012 391.6481398 387.731196 383.4287535 379.0920424 378.5540926 380.0490955 382.7884295 387.2193193 392.8444892 401.4725298 415.4588283 428.4036232 443.8316237 460.3686391 474.0186479 489.9427474 502.244537 512.3484255 520.8672832 524.1436783 522.4277236 517.4367276 511.8462867 501.614197 492.4203379 481.3690785 468.4910041 459.0925385 446.7095091 435.9345581 422.1908505 407.1334089 388.1489732 364.5846184 342.4492764 318.1892352 295.3848289 273.4815688
-9999 -9999 -9999 -9999 781.6010488 788.4508119 786.0537675 803.8550464 850.2540545 890.7428448 647.4139959 603.7400659 552.8113196 514.3334207 477.59124 460.4430434 451.4841371 446.4682735 439.789911 433.2114199 427.4200803 422.4757164 417.5819405 411.1682108 403.7127082 397.8243655 392.3398197 387.4520865 382.4125028 377.5360065 375.0262778 374.1808138 374.544524 376.4023136 380.1605579 386.5547824 397.485405 410.6072207 425.1275754 440.6911918 453.7165776 467.4482784 480.2749888 489.5553374 497.9120652 500.2709925 497.6737981 493.5110481 485.7909527 477.1693961 467.8258075 456.1799369 445.3000131 434.0222664 422.8533601 412.2406042 398.5746445 383.9492932 365.2585846 345.3616889 326.0558159 304.0083376 283.047796 261.8225269
-9999 -9999 -9999 -9999 710.1370763 763.1253415 786.9666059 804.7582193 897.3339089 992.5042194 985.9189495 664.3481548 606.4410659 555.6076969 523.3446376 496.8545279 456.515698 463.3519864 440.4501321 430.4437596 423.8952673 418.3838663 413.4817654 408.594524 401.5036725 395.9916841 391.4562017 386.8686794 381.9543405 376.0408758 372.971095 370.7739509 368.9889343 368.956984 369.9011113 375.2086031 385.3749164 394.704202 409.5873614 423.0156108 435.1415266 448.1938418 457.4854803 466.9840497 472.6779975 474.7797361 473.7239728 469.1911535 463.1566998 453.9592514 445.0360284 435.2128534 423.9751467 414.4501044 401.492615 390.7237599 377.8535443 362.9100658 347.4940519 328.0246019 310.2432113 290.9237125 272.8130602 254.4492913
-9999 -9999 -9999 -9999 -9999 707.3244645 789.7799206 861.8195896 941.3241605 1008.676374 1015.583914 966.2854267 906.2096188 661.6020694 608.8915614 578.9813323 550.8692345 510.6609388 470.5595988 449.376558 427.3634416 413.9393018 408.6850285 402.5921469 397.2577433 392.7896676 388.4497132 383.9238151 379.0370173 374.0691579 370.7719138 367.5937556 365.4058142 364.2258965 364.0227563 367.752783 376.2660996 386.366982 397.6226173 409.5384622 418.9890999 428.2188715 437.2280431 443.3013112 447.9876737 449.2157543 447.3758779 443.9255594 436.9301592 429.4399068 421.3371714 411.9768558 402.7241907 392.0096034 381.0689429 370.0222627 356.2160457 341.9947413 326.1910353 309.7709958 294.8368652 277.8979627 261.7162839 244.6072425
-9999 -9999 -9999 -9999 -9999 380.5298363 783.8689098 915.7884643 976.5353977 1005.545098 1018.689502 1031.024016 1057.916341 1049.624096 731.7465603 701.4907334 689.5430156 596.5045634 543.3472617 509.0518733 474.6782812 419.00616 412.1877317 406.4721936 390.6220676 386.6582305 382.9875887 379.5640447 374.7226259 370.0726529 367.1848819 364.8627771 363.3567522 361.3490264 360.0520764 363.4996703 372.1253884 380.8539753 389.9862558 399.0889598 406.8334351 414.1884153 419.439005 424.6926622 427.456128 428.0073031 426.8184519 421.9562304 416.6427186 408.5705347 400.9777963 393.0302418 383.5197729 374.9908547 363.5031558 352.5906204 338.6231572 324.121449 310.4293374 294.3579694 280.8776039 266.795937 252.7172047 238.5724211
-9999 -9999 -9999 -9999 -9999 -9999 437.517044 920.2236709 989.0201742 1013.331852 1044.307272 1100.399038 1182.10167 1280.917 1375.065964 924.9285521 863.1486326 810.5457918 744.6634356 645.800544 572.3535901 514.2904889 457.0426865 406.3335315 394.6741319 382.2954313 373.3450476 369.9802912 366.3865101 362.6565613 360.7548807 359.6987348 358.9793327 358.4503138 358.1671991 361.0331299 367.7169349 375.0194172 381.7054263 388.3231355 393.5640605 398.6154317 403.6311848 406.983947 409.4394777 409.7706409 407.1705912 403.8283629 398.1783547 391.6743937 384.5312105 376.0834767 367.2079048 356.7094886 346.400704 335.2214067 321.2962743 307.8219967 294.2767878 280.7354314 269.3225181 256.8150394 244.6742466 231.1095278
-9999 -9999 -9999 -9999 -9999 -9999 405.458755 559.5606486 946.3577746 990.0261905 1043.613369 1137.262625 1261.206177 1443.603149 1695.101414 1754.611216 1607.084183 1026.335505 950.4848142 822.2087529 731.4576108 642.4068955 519.5754891 469.5199086 409.6101816 378.498631 362.2072224 360.0661829 357.1788511 353.550383 352.8398766 353.9270493 355.2888363 355.5021264 356.4814348 359.1035307 364.749477 370.1618205 374.083487 378.665667 381.8270037 386.9459207 389.907043 392.8302647 395.9777612 396.2139198 393.873001 389.7485366 385.8563192 379.114063 372.1345384 362.8519885 353.263986 343.9704875 331.8776739 321.0686486 307.4588491 294.5464965 283.5312946 270.3112929 260.4753579 248.3917631 238.9306877 227.5832814
-9999 -9999 -9999 -9999 -9999 -9999 -9999 425.6447184 789.4072868 921.4410904 1022.424083 1118.959359 1249.342183 1427.512802 1631.317157 1727.69657 1748.318729 1759.436385 1695.397235 1630.507091 994.3970789 823.8237591 655.1681046 545.3969476 439.1673639 391.6461177 364.5986349 352.725351 347.3466805 345.3839095 345.2646505 347.4790028 349.9572701 352.2255304 354.7658295 357.3392182 360.7121871 364.3274337 367.319335 369.97365 372.5335169 375.8324071 379.6430232 383.3647888 386.376836 387.0918122 385.6607374 382.7456644 377.8800522 372.4061687 365.2138738 355.0920475 345.2198513 334.0531521 322.2722553 311.6178994 299.3634403 287.6515273 275.8052952 264.4509058 255.0856483 245.0618881 234.9985418 223.0695914
-9999 -9999 -9999 -9999 -9999 -9999 -9999 295.7646117 590.7057149 805.0735372 949.0048161 1050.903336 1160.482154 1316.841425 1449.607613 1559.961483 1689.394923 1832.081191 1834.482128 1947.476265 1813.991345 1405.927682 1095.599775 642.7848254 497.7240983 419.5384604 379.4137875 348.9990386 343.2783542 339.4634682 338.8095951 341.7974858 345.9056563 349.0717318 352.364439 354.072438 356.3840934 358.5772661 358.818549 361.1388092 362.5937276 365.3830053 369.7172905 373.5301426 377.9638137 379.6278397 377.8704378 376.915352 372.0664401 367.1096219 360.2981799 348.8022775 339.1465622 327.2829503 315.8414366 306.0076853 293.7511987 284.0449845 273.457444 262.4938141 253.5984937 243.1731654 234.0732229 222.4706525
-9999 -9999 -9999 -9999 -9999 -9999 -9999 239.9470323 412.9679496 609.1894001 311.9471666 925.0191423 1064.238989 1156.029175 1232.911713 1315.639447 1412.375576 1496.794269 1600.250113 1677.25738 1618.403882 1426.733512 1212.659141 979.9554095 575.7053653 477.35407 415.5804438 369.0342253 344.8709579 338.2941787 337.1285771 339.7071984 343.6443915 347.1212257 349.9662279 351.2186855 352.2195985 352.5939716 352.6371314 352.6294237 353.8354219 357.6496314 361.8847143 366.7663642 371.0985647 373.069341 372.5248438 370.9919389 367.1583813 361.3159203 354.5967161 345.087963 334.7469895 324.0165874 313.390719 304.221109 293.9948387 284.6468055 274.9880876 265.2743354 256.5025259 245.9762984 235.4299393 222.9047318
-9999 -9999 -9999 -9999 -9999 -9999 -9999 -9999 251.2771598 413.0555233 570.0605665 734.7974763 908.8569439 971.2233814 1032.390486 1097.823819 1154.644668 1180.994092 1298.36476 1348.065091 1362.734317 1350.116381 1261.679253 1109.053798 672.8528569 567.7752875 483.8937839 403.5775985 374.0716339 351.0281877 337.6035112 338.9018638 341.5992643 343.9252518 345.7590372 345.8067276 345.2182193 345.2983553 343.8629754 342.9919941 343.8161878 347.1277271 352.2066354 356.5040413 362.36732 365.3422307 365.3286961 364.6436551 361.8354385 357.2839662 351.9728456 343.3178987 333.6777383 324.5958601 314.8627729 307.0556235 297.654609 289.4638968 281.1973668 271.7594492 262.404807 250.5929308 239.9051999 227.1896805
