meets/meet004/data/CCSM_6k_neotropic_bio14.asc
NCOLS 154 
NROWS 168 
XLLCORNER -112 
YLLCORNER -55.5 
CELLSIZE 0.5 
NODATA_value -9999 
[rows 58 to 86 of 168, columns 64 to 127 of 154]
96.16649366 67.2673971 48.06436029 44.99823195 49.00260922 61.05574659 72.25379293 81.97843351 85.32985045 89.70666036 90.19128531 91.3326104 95.05224562 96.28473717 99.40610949 97.82335574 94.39385982 94.85912968 93.20084094 95.45154965 94.13730102 89.63637725 89.54024337 88.56229044 91.51970413 92.05937958 90.64979206 80.99848167 68.96731711 59.67291787 54.37443077 52.87147883 52.0952182 55.02978755 57.71105053 61.49288394 54.80366446 47.89406875 40.97907477 35.72757132 31.58017655 26.74735438 23.59469858 21.31245829 19.91189565 17.37675063 14.54821836 13.05457569 13.46420793 14.68496906 16.38110534 18.60801227 20.78727867 22.54265806 23.79192002 24.61624028 25.06840781 24.55025463 23.32720303 21.9438496 20.10214926 17.59045516 15.34255481 -9999
73.22024984 53.76107979 39.37455482 39.06743672 44.71924538 56.57631942 65.8333334 74.43681608 75.36752592 77.13732903 77.88238378 78.7949268 82.54413457 82.82893748 82.27470481 80.79534607 79.97237807 79.10131219 79.22082896 78.02563277 76.61633531 76.67126442 75.65694635 76.17726524 76.38287788 76.89260484 78.64714898 80.05855728 81.78748509 77.14546478 73.62356989 72.67984428 73.58115923 73.31903208 65.45267121 58.68367944 50.28054708 43.21560141 37.4032329 31.43203115 27.59211689 24.07877901 21.53728219 19.9185376 18.9157688 17.81847842 15.83161685 15.13679352 15.70725976 17.57332297 19.31963902 21.13401616 23.27053978 24.51514224 26.04618028 26.86179386 27.29420363 27.75024438 26.87405802 26.15978327 24.60505425 22.69562742 21.52788722 19.76952046
56.14287656 41.00928793 32.46181963 34.10055031 41.45763784 50.90490312 58.47327006 64.65449255 66.93793802 68.07514612 67.40627774 66.62709602 67.92020638 67.5667674 67.41095697 65.82935552 63.86990428 63.76270337 62.73112396 62.81824229 62.31058895 61.49746903 62.16252547 62.04418444 63.42400622 64.15617218 64.51175494 66.0260769 66.06505867 67.20497052 67.20493187 66.02325217 66.39800034 64.68666841 61.06117913 54.16711238 45.92589003 38.97323369 33.12169046 28.28204771 25.28471125 22.3689637 20.35326164 19.17189517 18.70017083 18.86747468 18.68750209 18.33794109 19.31666172 21.02513782 22.73535357 24.59561104 26.37786749 27.86476796 29.06593935 29.83848562 30.42941283 30.59282535 30.19925127 29.49973012 28.2948664 27.24608379 26.0926549 25.22797371
42.02864856 32.87423069 27.68242763 31.21876064 37.9177373 48.13096954 54.30949491 60.40552799 60.22511365 60.90046978 59.81533627 59.11600549 59.85458718 59.0264274 57.74093932 55.98548758 54.72820237 53.77977889 53.92114765 53.20261247 52.77347032 53.180998 52.93247754 53.96051023 54.28563078 55.15033584 56.14294946 56.27784761 57.11017545 57.05431055 57.06583173 56.71984723 55.71702772 55.42028947 53.8703117 51.12750698 42.73229943 36.43051072 31.62774297 26.97731883 24.16738956 21.92882758 20.48163954 19.70782273 19.67816659 19.93026688 21.10472017 22.21651597 23.01061018 24.89358371 26.53502338 28.23633832 30.25256704 31.20156276 32.79744497 33.52007517 33.41371775 33.90487658 32.65972001 31.79670059 30.4921041 29.27871263 28.69980171 28.57925325
33.36622865 26.13353651 25.62696243 30.15152237 36.83124691 44.30413544 49.9122652 54.20715293 54.21392216 54.72280583 53.82761791 52.00100964 51.45671605 49.9189959 48.73429459 47.23707342 45.3402259 44.79995326 43.90705825 43.99548603 43.82856805 43.60080847 44.31374445 44.43544756 45.51159755 45.97408361 46.0436808 46.95108963 46.83799928 47.38011777 47.27524692 46.25679988 46.07180987 44.65830733 43.9844159 42.99153846 41.09040026 34.92953367 30.18731598 26.40682388 24.25607411 22.50332321 21.3420695 21.03760202 21.25188468 21.875786 23.1782976 24.79158612 26.74247869 28.86827272 30.55867858 32.65899605 34.81633265 36.34623334 37.43723745 37.95961201 37.85300506 37.39015122 35.97369463 34.31804696 32.62533887 31.35191537 30.34141312 30.31357633
25.89927638 22.93559734 23.2429101 29.33563951 36.25535013 44.13577598 49.13572715 52.19942244 51.57092402 51.58465984 50.50650578 48.44302937 47.29895649 45.50002374 43.33763771 41.74946295 40.22945376 38.81612174 38.54800804 37.91091814 37.70856221 38.01832781 37.93157165 38.81079717 39.23605943 39.80294451 40.35619515 40.55110466 41.0766304 40.99945419 40.97605554 40.64425542 39.60705094 39.21157 37.98490555 36.95859688 36.12339364 34.70797351 30.64744062 27.0950401 25.01714459 23.60092567 22.91248386 22.82247626 23.30350516 24.04999424 25.54770809 27.24836741 29.10723567 31.26483764 33.05137357 34.94443037 37.00539206 38.33770006 40.01334738 41.28876028 41.76108119 41.21161853 39.18840222 36.61458243 34.46631355 32.27354897 30.93902757 29.81198758
23.80984115 23.46456269 24.90251641 30.22383979 37.11457457 43.20027507 47.05451747 50.05863141 50.01797784 49.19192995 47.99042036 45.56587866 43.50735456 40.98556041 38.82484601 37.17162508 35.08147341 33.88482831 32.81051161 32.36168469 32.12244414 31.90305688 32.29825097 32.5289784 33.2376954 33.60153351 33.81079949 34.39683133 34.40982956 34.79390052 34.77003339 34.17378959 33.91026865 32.93190422 32.23578435 31.43537411 30.25816066 29.60452407 28.81670556 28.2834675 26.63618277 25.51651414 24.8347037 25.11788442 25.66289608 26.55258852 28.25472515 29.81009399 30.94699519 32.09668688 32.83626065 33.46705582 34.55850901 34.8540724 35.53013503 35.67601153 35.00313214 34.73854436 33.25875391 32.22267355 30.91895749 28.78966552 27.4931059 25.54009833
22.02709195 23.15730055 24.40932961 30.5497462 38.27830667 43.87244851 48.57273319 50.18106179 49.90432658 48.11941184 46.37694002 44.38730541 41.73397947 39.59987537 36.1836104 34.11178921 32.13499587 30.41217594 29.60720625 28.38997517 27.82464994 27.89239685 27.77090031 28.13191284 28.4024162 28.646251 29.27694538 29.48551193 29.91213202 30.03124515 30.1523971 30.07210216 29.7231033 29.18393058 28.1980432 27.46553073 26.46771609 25.56032213 25.0505026 24.23330032 23.77907138 23.63815058 23.32129574 23.47380824 23.45774132 23.55065743 24.26605339 24.66520853 25.43489829 26.09674708 26.53540337 27.45036744 27.57645395 27.848935 27.9084205 27.59898087 27.14082991 26.15031826 25.11790342 23.36171262 22.12351282 20.37326501 18.8711886 17.95971259
20.69907736 21.52643484 23.23179363 27.29834596 32.85122215 37.11979037 40.31228794 42.48419421 43.35563193 44.32395281 44.32314659 43.06945308 40.34220123 37.73611139 34.6284483 32.60174089 30.07938053 28.18376034 26.77530081 25.58691559 25.01607615 24.51931713 24.38765625 24.43142002 24.71503909 24.94983364 25.22447017 25.63521941 25.90535934 26.31818415 26.49797203 26.39920568 26.32813312 25.76224701 25.18965054 24.51293676 23.47074694 22.61531243 21.71413842 20.99828217 20.5273824 19.93898856 19.66354344 19.43910088 19.43142621 19.49605167 19.69817055 20.12210974 20.4778963 21.07941078 21.4392938 21.6346718 21.90505411 21.70232587 21.60072638 21.23776034 20.20107222 19.41418262 17.9995014 16.75577232 15.62028211 13.9690508 12.93521565 11.65276952
19.70685788 18.58666369 20.41930572 22.80453167 28.33699531 31.76333135 34.94593354 36.31285832 36.42590456 37.22903063 36.56093984 36.25736639 37.08877649 36.57804189 33.34770634 30.82776443 28.12170903 26.17674209 24.59667614 23.21095835 22.33774111 21.70270389 21.46673146 21.28198054 21.44175804 21.46564184 21.66553359 22.04145875 22.26009096 22.71638483 22.95371707 22.98323447 23.18535329 22.70046183 22.23704261 21.69617984 20.62858058 19.90221124 18.88260646 18.0532853 17.36871648 16.66775304 16.30433123 15.86254185 15.754507 15.57878319 15.48713105 15.77420699 15.77604903 16.23104817 16.33675341 16.26920982 16.49192949 16.06656001 15.89732121 15.46462744 14.45762988 13.71973669 12.43164143 11.28314898 10.34806232 8.951154979 8.095295886 7.27495153
19.24440629 18.70439471 19.32253958 21.1460885 24.79752559 28.45262473 31.18037497 33.23948811 32.81519363 32.82146044 31.98620553 31.32949418 31.54758225 31.57140301 31.76246156 29.83268662 27.09966999 24.73874514 23.06780514 21.46993257 20.60899401 19.81871666 19.26275567 19.0242372 18.8858043 18.88941414 18.99082061 19.17274628 19.44455692 19.75471329 20.00722073 20.21912343 20.32873653 20.12502187 19.80035179 19.32568706 18.47993582 17.62911736 16.65778789 15.66658952 14.98293462 14.21645077 13.6016519 13.14603433 12.81953226 12.63017766 12.37017349 12.31618064 12.19998472 12.27396724 12.29965238 12.09022324 12.08050989 11.69923445 11.46640906 11.06668809 10.16200761 9.490308072 8.401498317 7.584120976 6.814417055 5.753710217 5.140997609 4.490265247
18.88364611 18.08170089 17.10368577 19.31448962 22.98348277 27.10014227 29.12310681 31.87360176 29.91113555 29.5720958 27.60529905 26.58188718 27.1561147 26.01184724 26.55429779 25.93234941 25.20815565 23.22949684 21.5055284 19.8815169 18.78140069 17.68262245 17.32953499 16.62325212 16.57892011 16.33982162 16.09453387 16.39710079 16.25496724 16.81785622 17.00373561 16.94402598 17.47677741 17.07263852 17.11650645 16.79966481 15.7494803 15.33570297 14.1987367 13.37209141 12.6142021 11.51725136 11.16571643 10.38259784 10.17121182 9.813345813 9.109470421 9.216123554 8.531637292 8.809413069 8.670210329 8.018325673 8.300027707 7.556528813 7.739336639 7.397727871 6.15826167 6.156085702 5.071549157 4.728708323 4.253572695 3.131741845 3.034811893 2.495473645
19.29909076 17.58249103 16.84463355 19.22501949 22.02301856 26.52386344 29.45806375 31.04356277 29.6986353 27.65113364 25.6418967 24.61105788 24.05406847 23.59668505 23.07529937 22.35333832 22.12292746 21.959205 20.28446941 18.58173299 17.54775509 16.56033097 15.73078855 15.22070504 14.73010357 14.48377107 14.31633579 14.21478786 14.29254964 14.39422467 14.55311031 14.76404855 14.87819 14.87580298 14.76417098 14.50699196 13.92466685 13.2826042 12.44277238 11.51877753 10.81108151 9.987305997 9.269517016 8.651279955 8.147089598 7.780743111 7.208423355 6.863583017 6.499496069 6.289297467 6.15490972 5.855656173 5.75479687 5.418734881 5.258835029 4.982787853 4.422057966 4.052139437 3.450851498 3.04687686 2.670283255 2.198426977 1.926048743 1.709490005
18.25028147 16.4732757 15.37837188 18.04911849 21.71696232 26.81836645 29.55457026 31.21671874 28.64364662 26.2866024 23.30387425 21.41585287 21.52512036 20.46034319 20.21216028 19.2329193 18.37142064 18.60480138 18.01948734 17.37645148 16.18635047 14.96414509 14.37261605 13.54731396 13.07336116 12.60269906 12.12451328 12.09700861 11.81025715 12.05721093 12.07503747 11.98702755 12.35875284 12.11106645 12.27520909 12.1420188 11.41602314 11.21080172 10.35565257 9.660938443 9.008026663 7.961602432 7.556270594 6.749744538 6.35386445 5.920690688 5.139382431 4.949169887 4.374743224 4.330207589 4.162894151 3.617232606 3.819942219 3.339089221 3.429290717 3.250637195 2.589738223 2.58690731 2.064762833 1.888403608 1.689749565 1.259245423 1.216155775 1.059655602
-9999 14.48067577 14.36881295 18.22487396 21.14730925 26.85410422 30.03614541 30.88121215 28.67420035 24.94702919 21.99320148 20.67249216 19.48751127 18.98353959 17.98493838 17.08608234 16.73337388 16.2649717 16.09969518 15.64330237 15.18170688 14.19687332 13.20549232 12.45954384 11.60094158 11.16740607 10.85055581 10.48529618 10.32701738 10.00918695 10.06348677 10.23830429 10.2647982 10.28834902 10.11689365 9.958966075 9.829026666 9.427573016 8.841090967 8.083497739 7.408750403 6.850226837 6.183042235 5.578544486 4.910470928 4.513780511 4.09217929 3.686608833 3.333742947 2.998251784 2.820079704 2.707765974 2.599635513 2.409736771 2.25139601 2.068006782 1.880481258 1.692190643 1.44199575 1.260029443 1.050780447 0.949822018 0.861644973 0.825579438
-9999 -9999 12.43918837 16.39873396 20.54552346 25.93799043 28.56009883 30.01963576 27.45192307 24.08223918 20.6542298 18.66914415 17.65521418 16.90421672 16.42821932 15.54975907 14.65116666 14.09289305 13.76057413 13.78292963 13.49317565 13.06707084 12.12374048 11.34535187 10.60983188 9.972826071 9.316248976 8.871213062 8.629871831 8.555621895 8.407657561 8.199386086 8.138996943 8.150640751 8.314678909 8.251295754 7.794223364 7.525298192 7.150860973 6.697972812 6.208846985 5.379736994 4.814254534 4.350078609 3.871071022 3.49806449 2.885576063 2.538441905 2.295694738 2.162301152 2.044307347 1.763993493 1.655922664 1.56564494 1.557790533 1.463948407 1.172987165 1.045078512 0.936123142 0.853755148 0.786028147 0.63252077 0.607882905 0.637204351
-9999 -9999 -9999 13.6714831 18.70469644 24.25453642 27.08277611 28.68343789 26.06721106 23.34086352 20.03679309 17.34788049 16.75089749 15.90876761 15.05858988 14.23064775 13.48943105 13.09240585 12.64771559 12.12654658 11.89566565 11.67594122 11.46516781 10.65698124 9.660710318 9.071280081 8.368215803 7.891534532 7.599702056 7.204928876 7.079544765 6.929618741 6.805861899 6.822315715 6.717499303 6.646761198 6.500879467 6.277702483 5.964910981 5.496088726 5.004854705 4.452794025 3.960537789 3.532921502 3.003551897 2.625317619 2.280893255 1.976390606 1.766272895 1.548643005 1.438104461 1.332042583 1.237666294 1.191092984 1.100587627 1.007265012 0.905542153 0.812809782 0.707971667 0.632380656 0.547155977 0.537958656 0.527483559 0.575443104
-9999 -9999 -9999 11.77648073 16.72235942 21.58468375 24.88619517 26.50582912 24.95406914 22.75594734 19.94092662 17.67752861 15.92547346 14.9167226 14.22164071 13.5307856 12.51548297 12.00731241 11.48808444 11.02714363 10.6670699 10.23020748 10.04431128 9.78287089 8.985413271 8.340989294 7.583296718 7.036473669 6.547973723 6.204944794 5.979965244 5.696331414 5.584014569 5.414742171 5.376066863 5.310882725 5.102251088 4.982924638 4.624483489 4.337644763 4.003675583 3.483049057 3.081659369 2.617578396 2.252402417 1.993645737 1.667265682 1.442851092 1.237252812 1.106849243 1.028899809 0.926887453 0.876403938 0.798139431 0.759048359 0.710541907 0.623892382 0.566795574 0.499073304 0.455753498 0.431372539 0.426346045 0.453920496 0.564182403
-9999 -9999 -9999 9.556106934 13.48248853 18.3924684 22.49543545 24.72793964 23.5465943 22.70730145 19.8723284 17.31986057 17.20938337 14.86246109 13.83481221 13.10100871 11.88635495 11.54441299 10.99915341 10.43066719 10.06472766 9.562395126 9.276310244 9.02765074 8.606287312 7.917103904 7.115404642 6.527184633 6.114554878 5.586409953 5.338798042 5.032394293 4.801600125 4.711260487 4.519774492 4.435412501 4.297585866 4.13072628 3.920909931 3.613501042 3.266910537 2.879978632 2.526079664 2.207656422 1.850672907 1.592746126 1.344620847 1.150120213 1.012617825 0.874517129 0.791348822 0.734882919 0.66617884 0.646231901 0.613664444 0.56482292 0.514321294 0.472044412 0.429577365 0.397371821 0.370590747 0.398804906 0.428848546 0.540872543
-9999 -9999 -9999 -9999 11.48828216 14.55345578 17.89759638 20.64621001 22.17622169 23.55106777 22.88101299 20.67003646 18.86873936 17.48634018 15.55512215 13.93650883 11.97177765 11.2759454 10.5103225 10.00671302 9.592202574 9.039596347 8.652614689 8.232327791 7.913196066 7.632695709 6.831691028 6.166038743 5.590104639 5.105320196 4.788219385 4.40754121 4.140397669 3.889530304 3.724407015 3.610341792 3.413360421 3.290391921 3.041163498 2.842207718 2.618854544 2.271136957 1.988310623 1.679536415 1.433267717 1.255157875 1.033040188 0.87739297 0.743032817 0.650832128 0.600591798 0.539841675 0.511914652 0.48085933 0.469072624 0.450623659 0.409543746 0.383473081 0.348032818 0.334404679 0.326280896 0.361592919 0.420405287 0.490900116
-9999 -9999 -9999 -9999 8.929614658 12.07721095 15.59310876 17.81371464 20.29430853 24.27006086 24.9843837 23.4577055 22.72331321 20.17899888 18.75809732 16.4567703 11.95181046 12.03800906 10.59739724 9.978519818 9.539646444 8.804008676 8.404888236 8.002877441 7.510895765 7.21327813 6.635938142 5.984261411 5.495477272 4.861457934 4.517829741 4.089249177 3.764630128 3.5534128 3.257025362 3.119645673 2.927425138 2.766210184 2.619699663 2.400728378 2.179390426 1.91203315 1.680355012 1.455646813 1.210643496 1.029377095 0.864572352 0.732296431 0.639172135 0.540933274 0.491758392 0.454091376 0.419797421 0.417150307 0.403378558 0.384063762 0.36677849 0.349385058 0.323165257 0.310925046 0.300355136 0.366614523 0.426150007 0.461765727
-9999 -9999 -9999 -9999 -9999 9.011086726 12.33256411 15.49279328 19.94093156 23.91314083 27.00718237 27.94893304 29.5798777 27.16349073 23.62937107 20.5244004 17.81508906 14.77270178 12.08871145 11.19418777 10.26659596 9.035432392 8.471784724 7.799489913 7.281085348 6.880031222 6.417855933 5.904040044 5.277801231 4.687707428 4.313184508 3.860276008 3.486520676 3.165780994 2.881752123 2.705625536 2.482219261 2.320298871 2.124520189 1.965350922 1.811240974 1.571691937 1.386386962 1.169990015 0.992416898 0.868904375 0.722230696 0.607238894 0.51204081 0.441280196 0.406070667 0.372163339 0.355640163 0.341532994 0.336315055 0.331182615 0.31833154 0.310165096 0.296974553 0.296573886 0.303184235 0.370742395 0.424128395 0.487534575
-9999 -9999 -9999 -9999 -9999 7.192140785 10.25008663 13.59008334 18.924628 24.0532814 27.80885412 30.99169206 35.12988771 31.60779628 29.18921306 26.09730712 26.79389539 21.31938133 18.44858245 15.78258716 14.55190324 10.36865417 9.612670161 9.003055793 7.323584418 6.889405681 6.299169658 5.820457292 5.301250877 4.620104741 4.225100512 3.745832135 3.354997479 3.058231597 2.705122953 2.513538332 2.267990237 2.070205354 1.931007036 1.7464834 1.587903809 1.390382744 1.224574984 1.05660719 0.885750198 0.761252895 0.640821742 0.540227633 0.469368187 0.400371184 0.363990899 0.342656986 0.328368533 0.324846172 0.32115338 0.315123542 0.310371787 0.304995558 0.298558133 0.302512629 0.312984626 0.409341246 0.439268699 0.510286787
-9999 -9999 -9999 -9999 -9999 -9999 8.096090115 10.9328795 16.82135184 22.1506858 27.22100628 32.35011545 36.14555058 35.83498441 36.92409096 36.29231674 33.52273471 31.89148753 29.2276065 25.86480509 22.13101222 17.13426883 14.13493429 9.81691016 8.77585039 7.701489981 6.360488721 5.782670749 5.237024073 4.616217713 4.206395091 3.716530968 3.304183311 2.94104528 2.603916724 2.385132029 2.129737105 1.914374039 1.719335351 1.550234693 1.420474362 1.234453237 1.079136576 0.919344964 0.78115378 0.689473294 0.580936381 0.495269798 0.428174078 0.37348598 0.34854026 0.325907389 0.316164679 0.306848399 0.307371972 0.307235373 0.305130095 0.302311876 0.30695383 0.332722144 0.363775042 0.475893301 0.534086489 0.659066136
-9999 -9999 -9999 -9999 -9999 -9999 5.996835975 7.936038585 13.00073537 19.67927374 25.03144194 31.77134032 35.90889417 38.02414165 42.43715162 43.67886022 43.31293927 41.56122499 38.93206462 34.49239536 31.45686541 24.30042931 20.2371463 16.78527606 12.18741998 8.693764589 6.54110384 5.922670517 5.428650879 4.753599738 4.26357466 3.688172837 3.322465108 3.022934164 2.630398675 2.375271042 2.075430606 1.883439881 1.699606256 1.483451051 1.331812484 1.124246462 0.999794883 0.879331374 0.727202589 0.644691714 0.539912773 0.474669148 0.426907689 0.369371027 0.34883897 0.325601466 0.314459846 0.31128691 0.313884197 0.318058261 0.313532049 0.316363778 0.329192815 0.362693207 0.43553259 0.596769623 0.638133589 0.797416939
-9999 -9999 -9999 -9999 -9999 -9999 -9999 5.892673372 10.03283617 15.44780895 20.55617998 28.38377018 32.97035915 40.67628403 45.18864821 48.80449214 52.10802968 54.43295738 52.21987944 47.8630131 43.01103982 36.03083737 27.36653592 21.35469249 15.06178778 11.84988139 8.390775273 6.695725376 5.620067289 4.941539941 4.470023571 3.905348032 3.455019227 3.043567095 2.69787684 2.454001369 2.147772667 1.894533041 1.660372455 1.44551016 1.29893098 1.112056352 0.953693582 0.816125862 0.698822148 0.625634716 0.543024071 0.475889635 0.424027672 0.383408865 0.363222211 0.343822128 0.332450731 0.331044967 0.333605353 0.337977448 0.338105294 0.343648623 0.371052454 0.430116483 0.504583577 0.726308533 0.859886081 1.101188566
-9999 -9999 -9999 -9999 -9999 -9999 -9999 3.836234724 6.294029174 10.62658303 13.96215053 21.24522017 28.35863133 37.52588828 42.56451207 49.52136076 57.79404661 64.25123847 60.94374022 57.5476583 55.33072776 47.69632882 37.13690544 31.02429749 22.19216013 15.47820981 11.321331 7.685203106 6.755800377 5.591049786 4.838176325 4.21259899 3.679339504 3.343816693 2.916519324 2.593227501 2.256933062 2.002196031 1.753553768 1.494727162 1.307144488 1.09519824 0.950797592 0.823684681 0.693187741 0.617159332 0.535554098 0.483438055 0.447172506 0.401309479 0.382979989 0.368906465 0.35597649 0.356872881 0.360404514 0.372055343 0.379109934 0.382710206 0.432484604 0.49889213 0.653945399 0.982511603 1.097650917 1.457945349
-9999 -9999 -9999 -9999 -9999 -9999 -9999 3.41921942 4.835051449 7.066795002 9.758705262 15.35879062 21.07848859 29.78084456 36.7507436 43.41770335 53.33899992 57.16102925 59.56226795 61.56793616 60.28112317 54.58173013 47.47752914 40.34400918 28.96389931 21.9128878 15.34674855 10.67148134 7.617717456 6.283661264 5.572750058 4.696850841 4.116820871 3.569750661 3.133515055 2.824696091 2.430754744 2.124728494 1.822035665 1.557335687 1.376247053 1.155516105 0.972406388 0.8255806 0.701418405 0.629546687 0.55248144 0.491571518 0.45170611 0.419255198 0.404050233 0.392307639 0.38225106 0.384712785 0.394830128 0.406801864 0.416421877 0.44747695 0.51892224 0.643218667 0.793092627 1.173775917 1.442651572 1.804709651
-9999 -9999 -9999 -9999 -9999 -9999 -9999 -9999 3.690014366 5.310571339 6.540241654 10.48296544 14.32906458 18.62514262 28.29533091 34.89806213 44.33438566 48.58869318 56.61512068 60.13798398 62.7815037 60.16731558 56.8499155 51.12229587 38.94716431 30.73369745 22.28035561 14.07992497 11.49753741 8.478802882 6.499246949 5.476828559 4.580259787 4.158863321 3.552884597 3.125177382 2.689985805 2.365757563 2.064929765 1.734153101 1.499134699 1.249898546 1.064614252 0.911326674 0.759996126 0.670087278 0.589074508 0.527376036 0.496772928 0.458085688 0.440085701 0.433436295 0.422114397 0.434420792 0.44262397 0.464414429 0.498538922 0.520872838 0.609475856 0.76098471 0.981138521 1.490013329 1.766009882 2.209411727
