meets/meet004/data/CCSM_6k_neotropic_bio02.asc
NCOLS 154 
NROWS 168 
XLLCORNER -112 
YLLCORNER -55.5 
CELLSIZE 0.5 
NODATA_value -9999 
[rows 58 to 86 of 168, columns 64 to 127 of 154]
6.826128037 8.359352721 9.204156511 8.966751423 8.242096993 7.764794462 7.441910406 7.38219434 7.570026882 7.811784246 7.836076311 7.632612904 7.435106007 7.426528518 7.476032374 7.453307706 7.369551908 7.300627942 7.307883494 7.342176668 7.365678237 7.372352112 7.381094588 7.436964331 7.476589146 7.507905834 7.515482494 7.510269869 7.577149035 7.631533223 7.631975684 7.592489203 7.537225252 7.511661978 7.482008429 7.512760362 7.586016656 7.651263827 7.75294342 7.860749602 8.032390206 8.21772789 8.490738735 8.724726856 9.002209648 9.159011969 9.197020724 9.182696372 8.97499995 8.783737769 8.528134667 8.223341725 7.986721013 7.756791001 7.591901039 7.436277756 7.350048961 7.274395624 7.065098225 6.893335252 6.276691968 5.341863354 4.519979448 -9999
7.215323243 8.748831871 9.740778355 9.179270941 8.034202905 7.550628159 7.51997719 7.607297694 7.71614863 7.858180566 7.839531328 7.642637428 7.450327485 7.452818006 7.485929875 7.464753285 7.399344024 7.330010453 7.360600972 7.403307968 7.423302051 7.430297338 7.43144739 7.462931658 7.489606029 7.486290367 7.458805323 7.424294026 7.454734077 7.452412009 7.448727429 7.439078433 7.380189362 7.404958845 7.401204743 7.445662851 7.54256926 7.633188976 7.730913957 7.82849996 7.997380788 8.171851629 8.37203055 8.650004453 8.869527809 9.022965916 9.029706036 8.975950233 8.747775864 8.475688099 8.194235087 7.974554479 7.718155895 7.580959777 7.45429595 7.374283768 7.401429549 7.389519632 7.33449375 7.302518819 7.114014088 6.820323876 6.735966182 6.251290936
7.084038555 8.689702329 9.552123781 9.061076069 7.985304098 7.530302577 7.579521891 7.748519556 7.84084955 7.892291751 7.849315637 7.682659097 7.53220463 7.516264666 7.539649312 7.5190991 7.462541491 7.412075027 7.434491569 7.474960938 7.493216686 7.493787134 7.487872722 7.505692114 7.512293165 7.495351371 7.45525907 7.401946796 7.39719003 7.377698093 7.3711852 7.379791027 7.364014551 7.403882819 7.419487641 7.466633747 7.539261112 7.608791403 7.708010712 7.813880201 7.976924745 8.144681273 8.307565985 8.477110063 8.609769861 8.690383788 8.701096019 8.623936786 8.446199868 8.19535446 7.989874827 7.844550847 7.67847839 7.554467504 7.446429998 7.385994492 7.417884858 7.464399361 7.433351884 7.491379267 7.473006905 7.434345663 7.62341974 7.489037235
6.670444693 8.342402209 9.294897068 9.003650185 8.008412992 7.639293829 7.762821675 7.901578011 7.965704594 7.950460618 7.893230134 7.773349531 7.637229767 7.624831855 7.636891668 7.609930934 7.561366398 7.513708007 7.534346778 7.562328823 7.569740306 7.565774575 7.551725465 7.556405552 7.549674372 7.52334784 7.483876781 7.424534487 7.407809485 7.385489354 7.383838283 7.409729326 7.435609982 7.481372151 7.514601243 7.557742465 7.579635907 7.588785077 7.721787954 7.830237648 7.971405014 8.13102043 8.272301264 8.356054044 8.358344104 8.386323787 8.426056609 8.338851361 8.21130527 8.017792013 7.875468554 7.827265085 7.783442784 7.614862777 7.493253946 7.448894915 7.454355633 7.482368089 7.504287827 7.486370413 7.575429056 7.634777883 7.687849614 7.814312724
6.283559063 8.155861423 9.2096416 9.038503629 8.160054821 7.842249834 7.952591165 8.117510486 8.135049945 8.077891994 8.005532815 7.90042093 7.796490451 7.756597804 7.738448448 7.703287116 7.659446705 7.624421747 7.634888519 7.651523806 7.649192915 7.633612267 7.609603399 7.611265009 7.605261832 7.581617633 7.546729338 7.498138119 7.46883603 7.443550737 7.445100669 7.47362645 7.514418173 7.573591713 7.627427881 7.673595681 7.695071529 7.72380546 7.8031221 7.890517741 8.007124471 8.131961059 8.209950726 8.259657559 8.241367966 8.253204414 8.279613376 8.212770214 8.105523603 7.936135191 7.824382514 7.796160797 7.747836288 7.635177781 7.527255992 7.478827865 7.49333153 7.530133847 7.542277158 7.558720615 7.613156834 7.681531266 7.758226725 7.809024842
6.180219413 8.227838455 9.679749097 9.199286581 8.303049455 8.045944624 8.196090426 8.387959603 8.344701673 8.264340843 8.174754515 8.074172677 7.973121547 7.917160347 7.863865852 7.81555755 7.783490407 7.740031718 7.759840277 7.763803312 7.748334493 7.725668984 7.675896185 7.690983729 7.68967698 7.666115431 7.639296434 7.597767012 7.560327134 7.524768357 7.525284757 7.554431953 7.595268167 7.663099375 7.740190926 7.801238749 7.838171371 7.899325528 7.940204416 7.988707224 8.06650447 8.148650814 8.19836889 8.245854713 8.233897767 8.218056159 8.228438328 8.197553132 8.053125276 7.889401497 7.797680002 7.757269022 7.697997109 7.623234101 7.532418538 7.506945397 7.546676025 7.592204846 7.615125833 7.650907841 7.713260649 7.77773153 7.849912142 7.928391643
7.08815184 8.622992569 9.449755745 9.249774694 8.450344509 8.250053917 8.473936937 8.661494395 8.615561901 8.429652581 8.319364412 8.27300235 8.198639867 8.121951843 8.027406289 7.969886622 7.956216722 7.931636656 7.93163571 7.910269492 7.886063836 7.86616 7.828946122 7.823557162 7.805100637 7.775082234 7.743700723 7.700719687 7.670123968 7.64270148 7.636548476 7.646502958 7.677609421 7.740733276 7.816828342 7.889443168 7.949812074 8.005446776 8.051480182 8.092657332 8.156796885 8.22269106 8.270530245 8.319748209 8.318796338 8.295470154 8.252436856 8.144082189 8.038432272 7.898618871 7.804104679 7.769625803 7.710079116 7.664967414 7.598450975 7.588369212 7.630445317 7.655670442 7.686790893 7.703631755 7.770180783 7.85587329 7.959006836 8.051649857
8.186993349 9.017017675 9.638721537 9.370479414 8.655170737 8.554416912 8.89864633 9.06574126 8.94718745 8.659728707 8.513612628 8.532471093 8.468927212 8.387171096 8.245036216 8.173593285 8.189708813 8.162461185 8.153119957 8.104498446 8.071372191 8.063492189 8.014319016 7.995126955 7.955592451 7.910628835 7.872673865 7.814098406 7.795533012 7.772588591 7.762793689 7.759196466 7.756189894 7.831276301 7.894233741 7.967064169 8.04377556 8.107236074 8.162406589 8.197578587 8.250572389 8.307775389 8.376242878 8.418327044 8.434954755 8.403033297 8.292340581 8.128683425 8.075227941 7.952531981 7.868041912 7.851325266 7.775015509 7.766091497 7.723449086 7.732081508 7.776950805 7.766761069 7.831496381 7.815385464 7.88468531 7.997030222 8.070260899 8.159832391
8.707427162 9.395786325 9.772195888 9.623642394 9.252066756 9.227479994 9.421718235 9.570352346 9.33829512 9.031826377 8.867616724 8.83330951 8.810217837 8.713235209 8.584148993 8.504122363 8.477568326 8.449125486 8.430038687 8.390842469 8.34739122 8.311231076 8.256483067 8.217941015 8.160737751 8.096731878 8.035814273 7.973192827 7.948011521 7.928015838 7.91449956 7.905622094 7.910254448 7.956687105 8.015404904 8.083437068 8.149068911 8.207544423 8.269328886 8.312831972 8.3681909 8.414465814 8.443858959 8.501515965 8.513465709 8.484027367 8.420155165 8.305055174 8.22950268 8.131147819 8.060144859 8.028036118 7.972247081 7.963236154 7.941015206 7.965018393 8.03071504 8.079242478 8.11689641 8.145488183 8.164086771 8.165992046 8.20699821 8.200790518
8.9891881 9.603160753 10.01047405 9.815477738 9.642436282 9.600929299 9.627096379 9.96134334 9.603159749 9.355468718 9.217425219 9.139291435 9.155216993 8.996724133 8.922007858 8.838275987 8.765368427 8.744017267 8.698663489 8.690929585 8.642575403 8.573613008 8.509378434 8.434759855 8.378550463 8.304394547 8.220560629 8.144947267 8.116660995 8.099676689 8.083883748 8.066402672 8.064055976 8.096586196 8.147209436 8.205757524 8.254896654 8.320106979 8.389364763 8.446518684 8.508083567 8.554283818 8.552861071 8.616734147 8.619688624 8.598986654 8.562900938 8.509832583 8.449421575 8.378191265 8.320981958 8.281854703 8.225581765 8.221089699 8.217449472 8.251740054 8.328455246 8.407446869 8.415754023 8.458038351 8.407457066 8.276407579 8.243012065 8.097907782
8.924573884 9.67590789 10.13826167 9.822063768 9.264648986 9.142722876 9.265460263 9.449073315 9.574772175 9.687765156 9.636570115 9.40827761 9.241842013 9.229487455 9.267445956 9.206795142 9.070504423 8.957663672 8.98130938 9.021918069 8.974997138 8.865595085 8.737467425 8.689328895 8.636953229 8.555744749 8.467530476 8.372937129 8.344660117 8.321761188 8.294189509 8.267001066 8.244154443 8.26434129 8.294955677 8.34023129 8.386607306 8.4427214 8.522433387 8.605710635 8.69691559 8.787650099 8.841860185 8.829110644 8.779886509 8.760322421 8.76285853 8.749577606 8.729082737 8.693451993 8.659329278 8.630050782 8.602788778 8.579715938 8.570978345 8.584219898 8.628508112 8.664562572 8.651009739 8.594165836 8.431870711 8.17846288 7.9513254 7.858181144
8.077100885 9.23014403 10.12869343 9.834625143 8.862319365 8.61931933 8.812932365 8.997536414 9.429174141 9.837426613 9.878980199 9.552577145 9.31957388 9.420293514 9.595131978 9.561064995 9.349687192 9.180804764 9.233109075 9.345519683 9.304348587 9.146094133 8.991181639 8.949455808 8.927544745 8.846196099 8.736649163 8.625381649 8.580740925 8.560857412 8.521670784 8.468095994 8.434357299 8.434831965 8.452788352 8.487242136 8.513221825 8.571450275 8.650333757 8.763741392 8.871191354 8.988441262 9.102364404 9.022484137 8.94172402 8.927133915 8.953504087 8.995182342 8.992326882 9.000108157 8.984615764 8.957366963 8.962520579 8.923698008 8.918112932 8.907981577 8.906522425 8.888282984 8.789555154 8.648384694 8.411374548 8.060027209 7.711316199 7.673190547
5.735913627 8.302587461 9.990506094 9.719621439 8.690999061 8.4437143 8.621760384 9.011272005 9.427847861 9.752029724 9.855561058 9.663279876 9.49991819 9.670017275 9.926905436 9.919761615 9.673995649 9.475565194 9.524879374 9.651419105 9.620023654 9.466879333 9.320318468 9.284025944 9.283617097 9.201975116 9.069600621 8.939232386 8.882151937 8.836902359 8.778499271 8.721920476 8.662001197 8.655005283 8.656947136 8.66786387 8.679373803 8.713826103 8.796103048 8.898877821 9.020923916 9.150303844 9.2111377 9.193279786 9.116802971 9.115132526 9.178054517 9.239088987 9.255973694 9.261773252 9.262727053 9.250443855 9.251943195 9.254991439 9.263084773 9.224994357 9.180552479 9.072396059 8.890487893 8.641558924 8.346947471 8.05894352 7.789190052 7.667038227
4.032373677 7.370278005 9.775343798 9.584509946 8.478742845 8.206989659 8.515001118 9.022521592 9.473249659 9.793911907 9.919816031 9.760030188 9.663992866 9.886608125 10.2245783 10.23072432 9.942035038 9.731842635 9.7700339 9.923649844 9.898396697 9.735261111 9.614240299 9.579533297 9.612795695 9.535476495 9.382231825 9.254763555 9.176843864 9.131671057 9.060813921 8.979837647 8.913164037 8.882587091 8.87315697 8.863231233 8.834486484 8.855763888 8.933306638 9.042771634 9.170478279 9.293600781 9.387937539 9.408819514 9.368325776 9.367729375 9.413322297 9.455027231 9.436174539 9.465322654 9.48370652 9.482771416 9.51720928 9.531862631 9.557482037 9.504023387 9.416624768 9.248448892 8.953232972 8.617478767 8.3088262 8.085456893 7.870350708 7.747043657
-9999 6.449494062 9.064454103 8.991548546 7.97361023 7.986319131 8.465872674 9.085420014 9.596304073 9.937812002 10.10897666 9.968572684 9.892000486 10.13263988 10.429179 10.44810124 10.20068738 9.986712171 10.01698103 10.1251127 10.10388225 9.979450859 9.869316994 9.856640495 9.878163863 9.816120443 9.697874991 9.578142112 9.509339043 9.45563697 9.373555941 9.292416994 9.202964406 9.1656775 9.128371134 9.081334311 9.029114154 9.003714532 9.089408178 9.209846953 9.345051318 9.49573405 9.621366869 9.689887856 9.739988598 9.743962575 9.661101935 9.602566526 9.610436689 9.628786069 9.659125749 9.71557509 9.761842726 9.799066397 9.80670307 9.73495186 9.645824214 9.425210378 9.052520137 8.592731772 8.272692867 8.143455381 8.007503715 7.932061408
-9999 -9999 7.347584416 7.808980266 7.660984003 8.091561251 8.592398341 9.193573954 9.712614731 10.13346345 10.31623185 10.18138307 10.10633981 10.30571737 10.59846736 10.62411775 10.40226002 10.21968483 10.22566895 10.31315825 10.28293832 10.16914684 10.08240042 10.06853425 10.1072821 10.06391602 9.964511101 9.879105493 9.817252402 9.779656567 9.69945781 9.597912979 9.51074231 9.456829755 9.412092989 9.340638284 9.239567651 9.190533348 9.260393134 9.390798967 9.536213767 9.683322405 9.818917254 9.903297561 9.974707996 9.984652134 9.889475325 9.831594197 9.835238598 9.8461418 9.869864474 9.932894388 9.986592904 10.01166733 10.02715806 9.956782099 9.846834994 9.618618477 9.210350226 8.729971049 8.398292774 8.286112877 8.165193968 8.08816072
-9999 -9999 -9999 6.209451673 7.831519667 8.852470339 9.093053573 9.264768775 9.748196228 10.28593158 10.52261066 10.34467848 10.30849712 10.46018543 10.68494087 10.72613474 10.58739019 10.47486006 10.44207099 10.45627435 10.42020053 10.34234331 10.28165048 10.26124945 10.27303635 10.24767028 10.20317408 10.17274105 10.10370436 10.06522028 9.98834275 9.898352194 9.830451762 9.74453251 9.704892745 9.615285586 9.47730698 9.4179339 9.475829642 9.584043454 9.705081258 9.841815631 9.959552808 10.00919093 10.02565781 10.04968148 10.08529448 10.13082222 10.07553937 10.07865835 10.10264421 10.12972476 10.18257014 10.20515813 10.22138711 10.13648243 10.01287147 9.808641813 9.395872964 9.004332578 8.684686474 8.477672526 8.337556382 8.270287234
-9999 -9999 -9999 5.46346974 7.915345946 9.250866187 9.373639021 9.287177211 9.602110209 10.13122107 10.40467547 10.37093167 10.38830797 10.51792307 10.71526585 10.77840783 10.70706256 10.64707043 10.60683646 10.58780504 10.54337905 10.48201919 10.44295555 10.40419518 10.39648075 10.37403831 10.3505012 10.34873702 10.29544932 10.26564391 10.19678492 10.10748313 10.05066951 9.948520385 9.891784047 9.811206922 9.708215577 9.676036814 9.707631272 9.795170261 9.888703041 9.98731871 10.06946799 10.09496731 10.09774886 10.12223623 10.16583119 10.22099554 10.19459964 10.19746831 10.23068106 10.28342399 10.3534442 10.35810611 10.34574586 10.24239001 10.09484953 9.898276585 9.531884262 9.194795924 8.889825781 8.663572452 8.529631166 8.444071176
-9999 -9999 -9999 5.290157258 8.092182026 9.546387687 9.279036827 9.013601468 9.374917407 9.721782549 10.00396733 10.12041725 10.36541988 10.49131467 10.63949595 10.75160379 10.76029857 10.77835751 10.73129104 10.68664257 10.6449626 10.60795578 10.58214692 10.53731433 10.48985243 10.46855321 10.46784805 10.46012401 10.44103298 10.40652989 10.34714171 10.29083107 10.1933294 10.08205919 9.994181393 9.930125082 9.909360283 9.946050037 9.972644925 10.01598744 10.07114377 10.13042366 10.17422285 10.20970908 10.21168277 10.22555246 10.22306661 10.17901997 10.22358263 10.22810444 10.28170878 10.42829365 10.49323867 10.46243404 10.40268269 10.25819371 10.0803112 9.881457168 9.573600995 9.281709768 9.030916742 8.837025946 8.690242772 8.587552108
-9999 -9999 -9999 -9999 7.114805416 8.519756182 8.903213629 9.008798298 9.065506094 9.059897446 9.278320376 9.599391505 9.995720131 10.27622332 10.49401678 10.67379388 10.7541062 10.80182294 10.78073124 10.74144051 10.71336202 10.6990504 10.69343952 10.65180645 10.61327827 10.58914582 10.57918535 10.58091627 10.57725061 10.56196108 10.50844426 10.44463985 10.34003 10.17999972 10.04970625 9.999506877 10.04333942 10.13203812 10.1884187 10.23574505 10.27518507 10.28335057 10.29696497 10.3353624 10.36069961 10.36890893 10.35689276 10.31464455 10.30789234 10.30785676 10.36721986 10.52170742 10.57658352 10.49356412 10.31332837 10.11677292 9.9278265 9.745923802 9.529877744 9.333523348 9.12797681 8.954981329 8.814697893 8.693575675
-9999 -9999 -9999 -9999 5.489865287 6.935280605 8.23624974 9.191862901 8.933400695 8.260791453 8.351282071 8.901356252 9.533517711 9.916404674 10.30181689 10.60225391 10.7133708 10.81132368 10.78395974 10.74935397 10.73767911 10.75267501 10.78494234 10.74919659 10.74136304 10.73016372 10.70780808 10.71250718 10.72896875 10.7578641 10.71605318 10.63261259 10.51598251 10.31684397 10.09682985 10.0379161 10.14484762 10.28507998 10.36501111 10.44580535 10.48659526 10.4617779 10.42609927 10.48358202 10.54321704 10.55626203 10.54970763 10.54374485 10.48611012 10.44241555 10.48999221 10.65030569 10.71263325 10.52384386 10.19794534 9.93832703 9.77912371 9.556509906 9.438189137 9.357223549 9.21313337 9.053167483 8.907293092 8.784851836
-9999 -9999 -9999 -9999 -9999 5.700905938 7.562294744 8.770944253 8.750622642 8.01112632 7.966710495 8.26048875 8.824525394 9.478916374 10.1373508 10.57242559 10.72516221 10.79501514 10.74586327 10.73207917 10.73058378 10.72937404 10.77911924 10.77490026 10.79945298 10.81559177 10.82184303 10.8729689 10.87392036 10.89864533 10.86998176 10.82233673 10.72173495 10.50014829 10.28117061 10.18421468 10.19908109 10.3039908 10.46014684 10.61577624 10.69242955 10.6685484 10.63579675 10.66273442 10.71994447 10.74167331 10.7433861 10.73350989 10.68621411 10.6550237 10.67983531 10.79790547 10.8141289 10.63825375 10.32698206 10.02406317 9.746867832 9.511257823 9.386076919 9.329535798 9.215725443 9.097514198 8.976962412 8.867644067
-9999 -9999 -9999 -9999 -9999 4.50196175 6.751846923 8.782727097 8.565595597 7.868547543 7.813351798 8.012217731 8.119688119 8.974131184 9.813440499 10.30035246 10.3883402 10.67679474 10.59626871 10.64328873 10.70379528 10.66590198 10.72186539 10.71215253 10.74773075 10.79333474 10.88844888 11.0117031 10.94435809 10.96249222 10.95825557 11.00982471 11.00820213 10.7993004 10.47639051 10.36404802 10.30056706 10.26978719 10.54176593 10.79485197 10.90524525 10.88866266 10.84434342 10.86614241 10.89133616 10.89673467 10.89188478 10.9110624 10.86353218 10.85624348 10.86841701 10.95682517 10.97905542 10.75525273 10.51686108 10.18331311 9.774244631 9.454926164 9.348543725 9.287478498 9.193327524 9.104716059 9.021021068 8.927884863
-9999 -9999 -9999 -9999 -9999 -9999 5.613434632 7.263611604 8.058134789 8.257791215 8.414337554 8.22474063 8.08088285 8.28367877 8.663697893 9.002024233 9.261028108 9.721984902 10.08828262 10.49290482 10.67207219 10.55104277 10.52021749 10.47039902 10.5793184 10.66101562 10.7419002 10.84096798 10.80920926 10.8480146 10.88492493 10.94205291 11.01807165 10.9085575 10.78596975 10.66739457 10.4846667 10.49533565 10.66439091 10.91214888 11.03383281 11.03848452 11.0405031 11.03247522 11.05448731 11.03078553 10.952334 10.94741047 10.97079317 11.05770598 11.06455974 11.04596926 10.97456553 10.73467727 10.45972322 10.12559817 9.755254664 9.485044474 9.345395915 9.307376712 9.202365858 9.075138305 8.982951975 8.930111303
-9999 -9999 -9999 -9999 -9999 -9999 4.399040617 6.024800425 7.533017813 8.681418835 9.00647785 8.445234642 8.008623254 7.647157264 7.30520068 7.386559053 7.890531919 8.466372474 8.85401312 9.710404432 10.17540097 10.02228471 10.12637812 10.25974128 10.32549787 10.39737046 10.52732584 10.63836868 10.52257726 10.55767736 10.74227086 10.85146432 11.07519758 11.04433922 11.05067934 10.8844145 10.68534423 10.64633366 10.76493378 10.98284098 11.08339054 11.07611962 11.15520959 11.09150356 11.12723493 11.10573599 10.98709783 10.90442882 11.01733563 11.18639404 11.15417387 11.00025185 10.90476164 10.54258641 10.26333949 9.961258884 9.670150676 9.436619676 9.374773146 9.341968635 9.223890854 9.060516872 8.890957755 8.860789395
-9999 -9999 -9999 -9999 -9999 -9999 -9999 4.909958228 7.078878359 8.867332132 9.542539649 8.782110452 7.635228448 7.406782649 7.111032537 6.927984736 6.928764651 6.681745991 7.260837108 7.676678318 8.247862358 9.021223109 9.500582028 9.965285495 10.17056575 10.32093256 10.33299326 10.28154536 10.38798572 10.53562788 10.58928388 10.5398007 10.54552499 10.81264678 11.11574554 11.16906952 10.93412431 10.78594342 10.82988137 10.92925205 10.95226668 10.91388412 10.90520383 10.93184988 11.00847478 11.01571312 10.9672831 10.99263586 10.99737319 11.0430673 10.93353279 10.70916854 10.44770343 10.18097105 9.94288275 9.73644708 9.595134603 9.500169601 9.431246721 9.369732729 9.235255235 9.058523403 8.894938759 8.811444517
-9999 -9999 -9999 -9999 -9999 -9999 -9999 3.797767831 6.606613337 9.141404699 10.18301935 9.311934029 7.884796885 8.326464626 7.963629911 7.646675417 7.330161973 6.021859747 6.725513093 6.567138439 6.999230606 8.234794671 9.039263954 9.679253436 10.18723941 10.40287543 10.39614535 10.08321628 10.28719195 10.44380069 10.36699198 10.10218886 9.957981367 10.49363859 11.09643756 11.33607935 11.09711218 10.86892223 10.85681527 10.83474595 10.79979795 10.7186843 10.62991265 10.67879699 10.78731418 10.79948847 10.80764932 10.89435334 10.78734215 10.75613482 10.6015945 10.32366308 10.00691106 9.84983127 9.650603596 9.525766873 9.538460902 9.534555826 9.469151055 9.403305215 9.252663414 9.054088834 8.866635868 8.751266226
-9999 -9999 -9999 -9999 -9999 -9999 -9999 3.141746087 5.638750546 8.378221304 10.01747104 10.32106891 10.46620124 10.10619785 9.912702817 9.569678544 9.168131974 8.810987493 8.135124977 7.713232972 7.654522874 7.869393824 8.416406633 9.343135136 10.26031455 10.70406807 10.67933077 10.49014451 10.55603556 10.40686947 10.26064067 9.892759148 9.71754027 10.39722844 11.143045 11.4209173 11.383783 11.02146473 10.87508363 10.7545147 10.63213601 10.53119653 10.47817377 10.44831255 10.44949991 10.43746585 10.43897767 10.39423235 10.37501996 10.27350771 10.14688004 10.02493444 9.842342788 9.675873304 9.514890563 9.451257482 9.498344149 9.526863323 9.496615027 9.393315663 9.235390293 9.050368471 8.851038751 8.720676792
-9999 -9999 -9999 -9999 -9999 -9999 -9999 -9999 4.274795497 7.041268712 9.166040329 10.53182848 11.92959948 11.50337378 11.32873491 11.00619735 10.66444908 10.85236644 9.766937619 8.948302116 8.382664515 7.844855218 7.899288606 8.809233411 10.01910474 10.69206095 10.78341817 10.78946074 10.8774812 10.63006341 10.46386125 10.12191989 9.836864904 10.59271154 11.30587705 11.5081468 11.38965313 11.04045708 10.77497077 10.58314921 10.42086847 10.30315948 10.26722858 10.21805992 10.17518229 10.12658646 10.09187774 10.00051645 10.0166913 9.930579844 9.869851352 9.863856438 9.736932318 9.604189299 9.465275463 9.417496672 9.508638195 9.546226481 9.501130495 9.390507375 9.23251399 9.044759758 8.838847382 8.690247329
