meets/meet004/data/CCSM_21k_neotropic_bio05.asc
NCOLS 154 
NROWS 168 
XLLCORNER -112 
YLLCORNER -55.5 
CELLSIZE 0.5 
NODATA_value -9999 
[rows 87 to 115 of 168, columns 64 to 127 of 154]
-9999 -9999 -9999 -9999 -9999 -9999 -9999 -9999 -9999 20.33989219 19.00601692 18.36546458 17.52391633 14.34716711 11.11266201 8.553897237 6.770519447 5.559239077 4.536345612 4.047896234 5.048342416 7.530051331 10.76429493 14.67979838 18.80666689 22.60833415 25.56382414 28.00379515 29.17703988 29.87647713 30.38584347 30.2300844 30.18820801 30.17227791 30.22010419 30.21737481 30.16867872 30.15324226 30.10005399 30.11230896 30.15349125 30.19084286 30.42465061 30.74326962 31.17260321 31.31887317 31.18360244 30.96357676 30.62319506 30.26062757 30.06509062 30.0690329 30.08339731 30.09726091 30.0852282 29.89866447 29.6061331 29.21010795 28.79504279 28.25010594 27.73411834 27.26305812 26.71406583 26.3564925
-9999 -9999 -9999 -9999 -9999 -9999 -9999 -9999 -9999 -9999 -9999 19.41038954 19.34420231 16.6908673 13.98443331 11.2363189 8.898777524 7.5095646 5.870987588 4.69096297 5.05069619 6.36265111 8.494847922 11.64594522 15.01348696 18.8711919 22.32861524 25.62744671 27.64616772 29.0421632 29.89211029 29.90830257 29.81787922 29.87566011 29.92736222 29.95239798 30.01560283 30.10861741 30.12774796 30.25621511 30.40130965 30.57009842 30.94124639 31.2490255 31.71469535 31.84396702 31.63992871 31.39842232 30.89541242 30.3518342 30.06844307 30.01996828 30.02581105 30.0030821 29.98311066 29.76942357 29.43662418 28.98735365 28.47513972 27.86269126 27.33219816 26.86537718 26.26970667 25.93847413
-9999 -9999 -9999 -9999 -9999 -9999 -9999 -9999 -9999 -9999 -9999 -9999 -9999 17.57223577 16.05893668 14.08156683 11.4485232 8.952807441 7.632399427 6.328931115 5.60817201 6.13598888 7.063927872 9.130384662 11.58504121 14.78536864 18.32416672 21.90768227 24.63703272 27.21309209 28.94768497 29.07375867 29.48839636 29.63058094 29.54476686 29.68179114 29.74457708 29.90161491 29.99778924 30.14665337 30.3867835 30.57940292 30.92114143 31.30323787 31.671929 31.83742713 31.82266834 31.63436215 31.15316662 30.59650361 30.18580861 30.03074943 29.90581354 29.70534777 29.64857763 29.41246141 29.13627419 28.81401247 28.29177131 27.85440643 27.36588381 26.80538485 26.23999726 25.86471798
-9999 -9999 -9999 -9999 -9999 -9999 -9999 -9999 -9999 -9999 -9999 -9999 -9999 -9999 -9999 16.5238236 14.66370557 12.34926142 10.54913697 8.621066913 7.266593078 6.889139268 6.710238715 7.609458694 8.715683351 10.93492814 13.91533566 17.2095136 20.30666929 23.42152623 25.92090277 27.32982768 28.46165057 29.08482228 29.30740198 29.45994981 29.44525649 29.54928504 29.68236214 29.88004701 30.13477321 30.40229307 30.75536436 31.13054926 31.50382969 31.73017066 31.80901893 31.74950525 31.44293629 30.9551945 30.46837504 30.01612993 29.60051308 29.22975522 29.05365212 28.82239702 28.64241788 28.45802132 28.09949737 27.76724402 27.39871367 26.95000917 26.432087 26.0292701
-9999 -9999 -9999 -9999 -9999 -9999 -9999 -9999 -9999 -9999 -9999 -9999 -9999 -9999 -9999 -9999 -9999 17.87128411 14.75018418 12.20053682 10.15603931 8.740869381 7.773844964 7.325806669 6.795895352 7.699929807 9.804956896 11.92692985 15.43854634 18.46326018 21.7009442 24.62758571 26.92453625 28.25525718 28.86299672 29.38761528 29.33420194 29.20735391 29.27582806 29.46130781 29.79048365 30.16053657 30.55408354 30.97471793 31.3154965 31.57598505 31.72540734 31.7480644 31.64971972 31.4739943 30.88340367 29.94012956 29.05508479 28.60043949 28.27052745 28.02509575 28.02210638 27.91618254 27.79463029 27.58817121 27.39630675 27.15517743 26.78103945 26.2610716
-9999 -9999 -9999 -9999 -9999 -9999 -9999 -9999 -9999 -9999 -9999 -9999 -9999 -9999 -9999 -9999 -9999 19.59785532 17.41121522 15.37173154 13.53306759 11.56759737 9.926376517 8.506283916 7.103098546 7.116871345 8.230911534 9.588377153 12.37781565 15.2207871 18.39237159 21.87670699 24.84048782 27.13599078 28.38944898 29.26564156 29.29916581 29.07417209 29.126176 29.26290831 29.53758381 29.95722371 30.42975982 30.85577228 31.16280611 31.41666074 31.56266686 31.63730522 31.64707995 31.50230161 30.87101842 29.81809273 28.78101444 28.14341043 27.72154537 27.45339304 27.48468277 27.50349863 27.57620474 27.53773505 27.44609487 27.27379698 26.92129033 26.39304495
-9999 -9999 -9999 -9999 -9999 -9999 -9999 -9999 -9999 -9999 -9999 -9999 -9999 -9999 -9999 -9999 -9999 -9999 -9999 17.92311256 16.51651191 14.71381312 12.80612389 10.49023533 8.960333269 8.12709665 8.227296306 9.383486189 11.03275904 13.20236757 16.3605227 19.65871005 22.91845439 25.91184739 27.98492087 29.31032625 29.25488981 28.97539043 29.08297781 29.14369234 29.44387152 29.93021734 30.41883288 30.76566517 31.01858056 31.22794872 31.33978817 31.4162676 31.37922819 31.2389851 30.63526614 29.63661544 28.62836431 27.98170092 27.43842442 27.16039695 27.24725857 27.22892392 27.46594528 27.65155415 27.61104543 27.41094234 26.96635214 26.34803222
-9999 -9999 -9999 -9999 -9999 -9999 -9999 -9999 -9999 -9999 -9999 -9999 -9999 -9999 -9999 -9999 -9999 -9999 -9999 19.85517586 18.55266498 16.8789371 14.69237972 12.03996649 9.861472729 8.742928702 8.861465234 9.886770925 10.85232735 12.34621157 15.31075785 18.67584943 22.00611971 25.16872747 27.4446819 29.08006315 29.31596337 29.07977671 29.18643203 29.30927515 29.61335123 30.05806425 30.42640512 30.66133954 30.8280559 30.97529361 31.02670811 31.01402504 30.95904668 30.78139201 30.26516351 29.48646706 28.6906025 28.12299731 27.69173592 27.43245004 27.43335203 27.48574785 27.73160517 27.90984239 27.81448252 27.55427971 27.03321363 26.25028049
-9999 -9999 -9999 -9999 -9999 -9999 -9999 -9999 -9999 -9999 -9999 -9999 -9999 -9999 -9999 -9999 -9999 -9999 -9999 -9999 20.52958812 18.49081892 16.13394408 12.91833928 9.983244577 8.529174627 9.03201374 10.33790881 11.10322999 12.10353487 14.69929844 18.03733943 21.55466836 24.97126261 27.6721106 29.31690823 29.31564825 29.27432943 29.43341149 29.60560929 29.88390253 30.25323755 30.62752912 30.6930152 30.67503571 30.66751725 30.62822598 30.54470335 30.4265676 30.26277723 29.88209897 29.33386878 28.78973235 28.38843322 28.1531878 27.94962175 27.87015563 27.94928595 28.03846238 28.19041654 27.99237976 27.59394097 27.15834544 26.07926075
-9999 -9999 -9999 -9999 -9999 -9999 -9999 -9999 -9999 -9999 -9999 -9999 -9999 -9999 -9999 -9999 -9999 -9999 -9999 -9999 21.41982805 19.48425685 16.80131057 13.25688614 9.978812083 8.408622685 8.792131126 10.49005106 11.32716638 12.28015044 14.63936429 17.90999366 21.43202672 24.96419864 27.76413762 29.55358538 29.90162339 29.71437616 29.73088928 29.87439424 30.09677057 30.32681144 30.53470467 30.60040479 30.5784776 30.3972969 30.18091311 30.02082968 29.84430581 29.67602587 29.41632253 29.12459004 28.88100266 28.65210836 28.52692731 28.38407181 28.30333493 28.2864508 28.22667637 28.15402812 27.81017884 27.32476706 26.65807207 25.76397918
-9999 -9999 -9999 -9999 -9999 -9999 -9999 -9999 -9999 -9999 -9999 -9999 -9999 -9999 -9999 -9999 -9999 -9999 -9999 -9999 22.03855523 19.96503459 17.62398747 13.40410734 9.62393453 7.93294886 8.512243943 10.61662135 11.46393663 12.38113483 14.65375606 17.94859266 21.57962315 25.24622145 28.09639379 29.99931489 30.40847233 30.46089698 30.35819636 30.26884061 30.19737887 30.27307103 30.37605308 30.37890016 30.39650277 30.15914532 29.73646425 29.46417095 29.22240342 29.03592642 28.90920016 28.87319706 28.89169964 28.72973138 28.71983706 28.64262876 28.5333525 28.50596164 28.25395613 27.9851323 27.51186197 26.93859299 26.12345596 25.48798824
-9999 -9999 -9999 -9999 -9999 -9999 -9999 -9999 -9999 -9999 -9999 -9999 -9999 -9999 -9999 -9999 -9999 -9999 -9999 -9999 21.91968916 19.55609232 16.77417359 13.16766348 9.665991406 7.950928885 8.155680425 10.00912044 11.24310716 12.54664758 15.11791912 18.52561596 22.15066476 25.73115021 28.59450449 30.47333404 30.9334538 30.84089574 30.82040462 30.6622452 30.41271566 30.11780786 30.05639011 30.01018081 29.9265218 29.64954585 29.23066777 28.80472411 28.5793069 28.46615395 28.41316986 28.45587919 28.55326092 28.58143488 28.63970186 28.6027726 28.51647562 28.39315366 28.09118575 27.70652322 27.19692049 26.67056839 26.07789101 25.44181562
-9999 -9999 -9999 -9999 -9999 -9999 -9999 -9999 -9999 -9999 -9999 -9999 -9999 -9999 -9999 -9999 -9999 -9999 -9999 -9999 21.86945078 18.7783952 16.30154761 12.80355888 9.542482684 7.930436467 8.100801703 9.570453256 11.16459545 12.74395161 15.64601131 19.19391963 22.93275656 26.43139874 29.31601314 31.1023485 31.31679025 31.23524207 31.09498451 30.91718003 30.60649051 30.16639643 29.77921607 29.59611396 29.43527731 29.10800543 28.67727852 28.20376923 27.98415318 27.87826893 27.88058606 28.00940099 28.14053403 28.26159149 28.39365196 28.40986638 28.34802254 28.24034862 27.87104506 27.40398367 26.91561217 26.47721962 26.03423589 25.40603429
-9999 -9999 -9999 -9999 -9999 -9999 -9999 -9999 -9999 -9999 -9999 -9999 -9999 -9999 -9999 -9999 -9999 -9999 -9999 -9999 21.61082014 18.2322611 15.22072986 12.46718161 10.0415966 8.643210011 8.467985147 9.930098222 11.39833826 13.15220378 16.43171938 20.00044023 23.64548374 27.09932899 29.80326258 31.45582326 31.63503403 31.32740766 31.15519249 30.887573 30.54875204 30.1506554 29.77161584 29.46424439 29.10714559 28.70581457 28.26388015 27.80984687 27.58876871 27.46818644 27.41142202 27.47369997 27.64136963 27.80844215 27.98824686 28.005851 27.98738662 27.87705083 27.44300402 27.01400992 26.50585726 26.03107158 25.6609684 25.17857178
-9999 -9999 -9999 -9999 -9999 -9999 -9999 -9999 -9999 -9999 -9999 -9999 -9999 -9999 -9999 -9999 -9999 -9999 -9999 -9999 21.65826602 17.86866071 14.59658774 12.45891344 10.64254945 9.443990658 9.13757012 10.32886942 11.94622803 13.74857016 17.27352145 20.79542478 24.48061794 27.7637292 30.30677808 31.78831391 31.72099171 31.3863175 31.12207253 30.81456139 30.48551609 30.14562234 29.78724653 29.53374374 29.20622929 28.70349096 28.1338602 27.5496216 27.36431565 27.19092217 27.0998197 27.13857224 27.18314442 27.3761492 27.54893962 27.57399976 27.53426179 27.35787191 26.740712 26.25409381 25.82874109 25.4884692 25.27427846 24.9653597
-9999 -9999 -9999 -9999 -9999 -9999 -9999 -9999 -9999 -9999 -9999 -9999 -9999 -9999 -9999 -9999 -9999 -9999 -9999 22.44453897 21.18422142 17.81879257 15.01801028 12.86912239 11.3498231 10.28887135 9.834503931 11.06442162 12.58760908 14.72043464 18.31420513 21.78519251 25.18705839 28.23132776 30.46849012 31.76661981 31.73122161 31.26496034 31.02981448 30.76517352 30.47310309 30.16117963 29.8713625 29.70376531 29.55737063 29.12560117 28.52837542 27.96231102 27.46721062 27.13081837 26.89452174 26.85037001 26.91391257 26.98648248 27.12114117 27.00050345 26.73143646 26.40948206 25.92972531 25.42021665 25.02556376 24.78886064 24.63090915 24.53348134
-9999 -9999 -9999 -9999 -9999 -9999 -9999 -9999 -9999 -9999 -9999 -9999 -9999 -9999 -9999 -9999 -9999 -9999 -9999 22.19383061 20.99390851 17.79297924 15.16788111 13.15003558 11.86920658 10.87445446 10.33727359 11.54749869 13.33591098 15.79455416 19.40315049 22.64959909 25.91849173 28.66064974 30.62124014 31.75985936 31.6070466 31.16436077 30.95326137 30.7081966 30.44351606 30.184338 29.93201378 29.77401342 29.76893377 29.41566732 28.86736636 28.33613235 27.74464728 27.29685578 26.98216204 26.86176863 26.83781247 26.7511192 26.68408326 26.45129368 26.1067962 25.67808815 25.14702818 24.59700346 24.22263932 24.12473823 24.04419942 24.19040989
-9999 -9999 -9999 -9999 -9999 -9999 -9999 -9999 -9999 -9999 -9999 -9999 -9999 -9999 -9999 -9999 -9999 -9999 -9999 21.84805863 20.69724156 17.57698134 14.96748301 13.09522489 11.88644554 11.06441566 10.62498182 11.89423458 13.97164518 17.02530965 20.64663529 23.6204153 26.36048518 28.84934032 30.64153051 31.59295888 31.50406963 31.06093597 30.83907009 30.60922236 30.38072498 30.10703524 29.88203555 29.72698126 29.62792617 29.34315471 28.9310848 28.45719798 27.89368535 27.41189526 26.98917077 26.75796076 26.61270345 26.39622398 26.22697767 25.83418334 25.35993082 24.86765612 24.34540067 23.91191608 23.67771554 23.61597132 23.76291584 24.13932002
-9999 -9999 -9999 -9999 -9999 -9999 -9999 -9999 -9999 -9999 -9999 -9999 -9999 -9999 -9999 -9999 -9999 -9999 -9999 21.47582665 20.31329373 17.23838194 14.77248745 12.72112209 11.58835881 10.91659001 10.6633848 12.04513318 14.57890859 18.1617765 21.81976941 24.42449718 26.87962163 29.09190269 30.60134018 31.48405817 31.35838698 30.99025507 30.78905569 30.55018626 30.29876068 30.03625698 29.77972554 29.58926316 29.44868692 29.17454824 28.86170999 28.46120967 27.94137409 27.46595177 26.97536578 26.6063244 26.24263652 25.8355615 25.49836225 25.03265594 24.54046333 24.0499534 23.60890321 23.24372518 23.22117428 23.53965391 23.92869872 24.56841299
-9999 -9999 -9999 -9999 -9999 -9999 -9999 -9999 -9999 -9999 -9999 -9999 -9999 -9999 -9999 -9999 -9999 -9999 -9999 20.85638433 19.6697264 16.85621985 14.38550636 12.47952895 10.99197764 10.5594723 10.62523574 12.15035068 15.12068689 19.22716268 22.91202846 25.32378003 27.35159061 29.22981643 30.54232674 31.26410479 31.18205108 30.90570097 30.74468373 30.51950711 30.26869551 29.93393354 29.61832496 29.42258237 29.28117467 28.98627143 28.72441883 28.37518484 27.98435648 27.5551915 26.98505875 26.41706296 25.75989801 25.21760084 24.61952383 24.06892891 23.74662014 23.27336654 22.86787332 22.61332976 22.82203533 23.68229839 24.62037359 25.33766473
-9999 -9999 -9999 -9999 -9999 -9999 -9999 -9999 -9999 -9999 -9999 -9999 -9999 -9999 -9999 -9999 -9999 -9999 -9999 20.26022646 19.01417289 16.57517806 14.14020568 12.30528198 10.86347023 10.34930962 10.63047116 12.19125824 15.46383577 20.20702387 23.95422112 26.22159626 27.88916568 29.45676483 30.48654704 31.11635284 31.1156791 30.8648007 30.72277385 30.47463614 30.18940988 29.84047806 29.49078093 29.28712093 29.11191062 28.82802737 28.56145107 28.27321825 27.96471515 27.56807675 26.97537208 26.30937333 25.52769308 24.86754357 24.16268633 23.59707478 23.29791676 22.8764346 22.49508751 22.23010242 22.5864554 23.81707984 24.95299744 25.7294799
-9999 -9999 -9999 -9999 -9999 -9999 -9999 -9999 -9999 -9999 -9999 -9999 -9999 -9999 -9999 -9999 -9999 -9999 -9999 19.75943582 18.5896159 16.39739643 14.09130489 12.46395798 10.98250697 10.42781287 10.83018965 12.28530227 16.01760538 21.29797401 25.04051881 27.06463084 28.50775137 29.79517908 30.5423989 30.99950484 31.01740217 30.85115454 30.67643756 30.41762293 30.12003275 29.73492835 29.36870985 29.14932067 28.96170029 28.69879891 28.46453245 28.16572902 27.89558619 27.56657525 26.97083883 26.30132649 25.51913256 24.76275322 24.12928902 23.5355541 23.18498147 22.83027774 22.36554008 22.10958351 22.49664237 23.77123025 24.92048157 -9999
-9999 -9999 -9999 -9999 -9999 -9999 -9999 -9999 -9999 -9999 -9999 -9999 -9999 -9999 -9999 -9999 -9999 -9999 -9999 19.14417548 18.10211332 16.53319033 14.65291737 13.16718626 11.83364535 11.30488246 11.65892853 13.23266964 17.17911968 22.37843981 26.08360683 28.05199514 29.22604587 30.23228617 30.74405076 31.08325038 31.07377751 30.86686781 30.67221487 30.36460099 30.04977739 29.70257644 29.35660241 29.14276685 28.94568512 28.67709583 28.43826436 28.12626167 27.87304332 27.54103011 26.95765347 26.2787014 25.51600947 24.78287914 24.12993819 23.5257331 23.14487739 22.77065203 22.38017895 22.13944609 22.50924696 23.70830527 24.85299893 -9999
-9999 -9999 -9999 -9999 -9999 -9999 -9999 -9999 -9999 -9999 -9999 -9999 -9999 -9999 -9999 -9999 -9999 -9999 18.36358631 18.64661649 17.83012013 16.92764506 15.58197612 14.30510166 13.15277951 12.76994639 12.97570923 14.24280407 18.68142171 23.7485357 27.20971469 28.90584714 30.0792605 30.74097312 31.04552734 31.20816931 31.10476317 30.92491374 30.63988306 30.29525365 29.97019915 29.65504007 29.37612741 29.1301166 28.97770757 28.71635492 28.43210826 28.13692113 27.81512944 27.51267947 26.95232978 26.27149092 25.49722154 24.76515054 24.09496222 23.4862804 23.14119582 22.74175714 22.33090135 22.12105656 22.46523479 23.70473742 24.85081642 -9999
-9999 -9999 -9999 -9999 -9999 -9999 -9999 -9999 -9999 -9999 -9999 -9999 -9999 -9999 -9999 -9999 -9999 -9999 18.35274364 18.17256951 17.89202518 17.62166774 16.90513698 15.69691864 14.48770284 14.30908005 14.84083842 16.65471594 20.59402265 24.93567961 28.0337473 29.61409732 30.48569667 31.03723299 31.18563987 31.26445866 31.15143391 30.91776719 30.63189918 30.27388566 29.92940885 29.60842685 29.31598679 29.10495658 28.92912167 28.66472548 28.38994634 28.08144567 27.78532938 27.44483154 26.90490909 26.26069612 25.52793998 24.82417552 24.18725463 23.58051902 23.17582082 22.75542759 22.38066584 22.21365113 22.58500511 23.65945924 24.66848175 -9999
-9999 -9999 -9999 -9999 -9999 -9999 -9999 -9999 -9999 -9999 -9999 -9999 -9999 -9999 -9999 -9999 -9999 -9999 18.48048975 18.14851623 18.04277938 18.22110932 18.49868445 16.99653686 15.62345299 15.98952876 16.95724288 19.1757452 22.72326746 26.35747646 28.91372898 30.15621191 30.91620535 31.21444933 31.23141679 31.19764237 31.06338019 30.90966115 30.59251086 30.24129856 29.88968741 29.5485691 29.20061408 29.01228446 28.83065668 28.56496009 28.29979989 27.97971265 27.69401899 27.40703904 26.89033842 26.27147335 25.61362188 24.94868982 24.34158174 23.77505961 23.35964722 22.84079147 22.5585247 22.40305733 22.72467523 23.77421911 24.54993748 -9999
-9999 -9999 -9999 -9999 -9999 -9999 -9999 -9999 -9999 -9999 -9999 -9999 -9999 -9999 -9999 -9999 -9999 -9999 19.07291806 17.90834869 17.52774388 17.93035901 18.45165271 17.92694148 17.2584291 18.07622312 19.33384036 21.95340558 25.01753734 27.91410112 29.95703452 30.78523881 31.10832811 31.24659254 31.13820586 31.04972835 30.92023372 30.74008588 30.50780343 30.23083463 29.89767285 29.54459006 29.21429283 28.96376828 28.75693343 28.47130207 28.17979421 27.87877379 27.59445618 27.29353091 26.80322212 26.24038093 25.64561902 25.0795848 24.58173886 24.09657041 23.76699212 23.48724063 23.22208494 23.1163815 23.35745078 24.00203098 24.59919708 -9999
-9999 -9999 -9999 -9999 -9999 -9999 -9999 -9999 -9999 -9999 -9999 -9999 -9999 -9999 -9999 -9999 -9999 22.06052324 19.80805962 17.5470993 16.88111037 17.67548772 18.64296447 18.83382673 18.98782252 20.09666416 21.91549876 24.5802563 27.04665223 29.47606663 31.04037586 31.26826348 31.37838865 31.30583455 31.03026673 30.8630795 30.71580846 30.57888379 30.39035996 30.19946933 29.89408985 29.51919117 29.1953379 28.87122516 28.65949255 28.35429869 28.03392739 27.74365753 27.40471717 27.13946745 26.68836459 26.18547126 25.64903267 25.19905855 24.84747753 24.53359668 24.42252307 24.24238808 23.97332044 23.99707094 24.05462952 24.33630385 -9999 -9999
-9999 -9999 -9999 -9999 -9999 -9999 -9999 -9999 -9999 -9999 -9999 -9999 -9999 -9999 -9999 -9999 -9999 21.40196272 20.20362077 18.44751788 17.66678246 17.97897714 18.96363484 19.92484195 21.03845721 22.537332 24.27401664 26.47278392 28.42091217 30.21196044 31.31965747 31.47062682 31.44590896 31.20720814 30.9649845 30.77207752 30.57271858 30.40919409 30.27100509 30.09955087 29.7911617 29.40291668 29.02032665 28.71013698 28.46368217 28.12922059 27.78820222 27.45752485 27.15028592 26.86477878 26.47999632 26.08977753 25.72025518 25.34531099 25.14394221 24.93655315 24.9197587 24.99535764 24.80390315 24.64062602 24.54638503 -9999 -9999 -9999
