meets/meet004/data/CCSM_6k_neotropic_bio02.asc
NCOLS 154 
NROWS 168 
XLLCORNER -112 
YLLCORNER -55.5 
CELLSIZE 0.5 
NODATA_value -9999 
[rows 29 to 57 of 168, columns 64 to 127 of 154]
-9999 -9999 -9999 -9999 -9999 -9999 -9999 -9999 -9999 -9999 -9999 -9999 -9999 -9999 -9999 -9999 -9999 -9999 -9999 -9999 -9999 -9999 -9999 -9999 -9999 -9999 -9999 -9999 -9999 -9999 -9999 -9999 -9999 -9999 -9999 -9999 -9999 0.538035952 -9999 -9999 -9999 -9999 -9999 -9999 -9999 -9999 -9999 -9999 -9999 -9999 -9999 -9999 -9999 -9999 -9999 -9999 -9999 -9999 -9999 -9999 -9999 -9999 -9999 -9999
-9999 -9999 -9999 -9999 -9999 -9999 -9999 -9999 -9999 -9999 -9999 -9999 -9999 -9999 -9999 -9999 -9999 -9999 -9999 -9999 -9999 -9999 -9999 -9999 -9999 -9999 -9999 -9999 -9999 -9999 -9999 -9999 -9999 -9999 -9999 -9999 -9999 0.538245784 -9999 -9999 -9999 -9999 -9999 -9999 -9999 -9999 -9999 -9999 -9999 -9999 -9999 -9999 -9999 -9999 -9999 -9999 -9999 -9999 -9999 -9999 -9999 -9999 -9999 -9999
-9999 -9999 -9999 -9999 -9999 -9999 -9999 -9999 -9999 -9999 -9999 -9999 -9999 -9999 -9999 -9999 -9999 -9999 -9999 -9999 -9999 -9999 -9999 -9999 -9999 -9999 -9999 -9999 -9999 -9999 -9999 -9999 -9999 -9999 -9999 -9999 -9999 -9999 -9999 -9999 -9999 -9999 -9999 -9999 -9999 -9999 -9999 -9999 -9999 -9999 -9999 -9999 -9999 -9999 -9999 -9999 -9999 -9999 -9999 -9999 -9999 -9999 -9999 -9999
-9999 -9999 -9999 -9999 -9999 -9999 -9999 -9999 -9999 -9999 -9999 -9999 -9999 -9999 -9999 -9999 2.310773417 -9999 -9999 -9999 -9999 -9999 -9999 -9999 -9999 -9999 -9999 -9999 -9999 -9999 -9999 -9999 -9999 -9999 -9999 -9999 0.544552102 -9999 -9999 -9999 -9999 -9999 -9999 -9999 -9999 -9999 -9999 -9999 -9999 -9999 -9999 -9999 -9999 -9999 -9999 -9999 -9999 -9999 -9999 -9999 -9999 -9999 -9999 -9999
-9999 -9999 -9999 -9999 -9999 -9999 -9999 -9999 -9999 -9999 -9999 -9999 -9999 -9999 4.154048239 4.462956779 4.410140603 -9999 -9999 -9999 -9999 -9999 -9999 -9999 -9999 -9999 -9999 -9999 -9999 -9999 -9999 -9999 -9999 -9999 -9999 -9999 -9999 -9999 -9999 -9999 -9999 -9999 -9999 -9999 -9999 -9999 -9999 -9999 -9999 -9999 -9999 -9999 -9999 -9999 -9999 -9999 -9999 -9999 -9999 -9999 -9999 -9999 -9999 -9999
-9999 -9999 -9999 -9999 -9999 -9999 -9999 -9999 -9999 -9999 3.348197933 4.293858049 5.264948309 6.02629029 6.711872993 6.997391208 -9999 -9999 6.145030112 5.722715207 5.063917456 4.305854709 3.390840761 -9999 -9999 -9999 -9999 -9999 -9999 -9999 -9999 -9999 -9999 -9999 -9999 -9999 -9999 -9999 -9999 -9999 -9999 -9999 -9999 -9999 -9999 -9999 -9999 -9999 -9999 -9999 -9999 -9999 -9999 -9999 -9999 -9999 -9999 -9999 -9999 -9999 -9999 -9999 -9999 -9999
-9999 -9999 -9999 -9999 -9999 -9999 -9999 -9999 -9999 4.313550981 5.510793624 6.726046677 8.07015379 8.150402304 8.735321626 8.894136726 8.511952021 8.798528405 8.191103517 8.168903313 7.60103684 6.573004948 5.91647233 4.550621949 -9999 -9999 -9999 -9999 -9999 -9999 -9999 -9999 -9999 -9999 -9999 -9999 -9999 -9999 -9999 -9999 -9999 -9999 -9999 -9999 -9999 -9999 -9999 -9999 -9999 -9999 -9999 -9999 -9999 -9999 -9999 -9999 -9999 -9999 -9999 -9999 -9999 -9999 -9999 -9999
-9999 -9999 -9999 -9999 -9999 -9999 -9999 -9999 -9999 6.55743802 7.79864568 8.415268426 8.956082867 9.047553867 9.090432551 9.089998639 8.920297889 8.968410665 8.884896959 8.987641161 8.672196535 8.04296478 7.50972351 6.599559344 6.091504456 5.706820436 5.57040051 5.828998818 5.715710853 5.831949701 5.821974338 5.765672528 5.633585434 4.886099356 3.968662391 -9999 -9999 -9999 -9999 -9999 -9999 -9999 -9999 -9999 -9999 -9999 -9999 -9999 -9999 -9999 -9999 -9999 -9999 -9999 -9999 -9999 -9999 -9999 -9999 -9999 -9999 -9999 -9999 -9999
-9999 -9999 -9999 -9999 -9999 -9999 -9999 -9999 -9999 8.161150151 9.268426759 9.277669458 9.440861232 9.210348635 8.948656487 8.844837707 8.741301914 8.756505632 8.756592122 9.021156887 8.927307273 8.604779806 8.540216945 8.055539906 8.299501352 8.180022055 7.96028424 8.466986643 7.961251891 8.213504068 8.149720238 7.795735746 7.95825386 6.811551172 5.76229991 4.629811317 3.275848046 -9999 -9999 -9999 -9999 -9999 -9999 -9999 -9999 -9999 -9999 -9999 -9999 -9999 -9999 -9999 -9999 -9999 -9999 -9999 -9999 -9999 -9999 -9999 -9999 -9999 -9999 -9999
3.065957495 3.563565706 4.108556314 3.560193187 -9999 -9999 -9999 -9999 7.30227642 8.772040207 9.608700359 9.709998633 9.38383449 9.253356366 8.997822122 8.815001287 8.685398326 8.572205368 8.554046737 8.502359276 8.487036305 8.481694173 8.584446881 8.56563675 8.77630187 8.817879469 8.657412642 8.733477282 8.622622977 8.728753681 8.630236047 8.443465881 8.255362725 7.729750213 7.169795589 6.094723628 4.677726333 3.430306881 -9999 -9999 -9999 -9999 -9999 -9999 -9999 -9999 -9999 -9999 -9999 -9999 -9999 -9999 -9999 -9999 -9999 -9999 -9999 -9999 -9999 -9999 -9999 -9999 -9999 -9999
3.743045768 -9999 -9999 4.808522378 4.644737347 5.199028729 5.997762658 7.026552591 8.343452043 9.461632075 10.0414956 9.986633872 9.647195882 9.518910815 9.195857448 8.974304554 8.813354981 8.563279588 8.391258409 8.190711931 8.107149434 8.172053113 8.310100797 8.394724922 8.696584378 8.761185124 8.602540151 8.632856017 8.604769159 8.707283678 8.627832455 8.481371688 8.309352599 8.009414613 7.868931856 7.062573447 5.909848237 4.806039426 -9999 -9999 -9999 -9999 -9999 -9999 -9999 -9999 -9999 -9999 -9999 -9999 -9999 -9999 -9999 -9999 -9999 -9999 -9999 -9999 -9999 -9999 -9999 -9999 -9999 -9999
-9999 -9999 -9999 4.642431626 6.218416005 7.265325947 7.805258846 8.827391605 9.511888699 10.19124495 10.52167029 10.39587222 10.27167418 9.757176528 9.4677044 9.118242155 8.841946733 8.749507509 8.405991685 8.130355197 7.996726613 7.849655149 7.866461132 8.099576554 8.294660344 8.457778111 8.573323213 8.609319852 8.683137076 8.743774418 8.634714369 8.445975917 8.242391951 8.079486749 7.890634227 7.480202815 6.944059838 6.347137319 5.648109077 4.972035299 3.886471573 -9999 -9999 -9999 -9999 -9999 -9999 -9999 -9999 -9999 -9999 -9999 -9999 -9999 -9999 -9999 -9999 -9999 -9999 -9999 -9999 -9999 -9999 -9999
-9999 -9999 -9999 3.929393939 6.004609222 7.440240648 8.275734753 9.415004113 9.965200446 10.52258343 10.75955167 10.55601813 10.32266525 9.605537911 9.098205741 8.701586374 8.473674313 8.486750501 8.209900436 7.994394159 7.836370419 7.691794926 7.61806803 7.800239312 8.048276801 8.243139568 8.442642803 8.544386697 8.640917289 8.628579169 8.500403825 8.249036082 8.025165985 7.883452531 7.862575411 7.67459101 7.522577401 7.41326853 7.0800078 6.67791614 5.637242853 4.124110677 -9999 -9999 -9999 -9999 -9999 -9999 -9999 -9999 -9999 -9999 -9999 -9999 -9999 -9999 -9999 -9999 -9999 -9999 -9999 -9999 -9999 -9999
-9999 -9999 -9999 -9999 4.292724425 5.945936807 7.595446936 8.943187528 9.899216983 10.42691543 10.59789583 10.37456012 9.891300599 9.084490138 8.164471523 7.69872904 7.765304258 7.789696212 7.807334363 7.765255362 7.686684173 7.574824202 7.612131999 7.804288335 7.947553917 8.220080638 8.528199001 8.560572267 8.571835994 8.392028657 8.172202511 7.943842812 7.652294788 7.593110711 7.658417029 7.704846467 7.826616133 7.898700981 7.795668196 7.82677075 7.070885503 5.78809464 4.631248613 -9999 -9999 -9999 -9999 -9999 -9999 -9999 -9999 -9999 -9999 -9999 -9999 -9999 -9999 -9999 -9999 -9999 -9999 -9999 -9999 -9999
-9999 -9999 -9999 -9999 -9999 4.628782741 6.761971407 8.53858055 9.563590695 9.899369853 10.08179018 9.978572157 9.465254498 8.540950796 7.498138844 7.025442867 7.171612878 7.387213366 7.490829034 7.481444444 7.522817322 7.551277216 7.6898666 8.055183068 8.43360535 8.749282051 8.986151109 8.900543494 8.694190628 8.27174777 7.965422892 7.734686414 7.587437074 7.595801117 7.701952047 7.729583857 7.793573568 7.955451525 7.887031126 7.99986324 7.606338553 6.96030595 6.142387183 4.599074421 -9999 -9999 -9999 -9999 -9999 -9999 -9999 -9999 -9999 -9999 -9999 -9999 -9999 -9999 -9999 -9999 -9999 -9999 -9999 -9999
-9999 -9999 -9999 -9999 -9999 3.733893831 6.334141947 8.578166969 9.301742824 9.270062903 9.391312867 9.442706296 9.236706222 8.199743773 7.089364019 6.658814813 6.953127787 7.279394212 7.272080212 7.231577102 7.331657626 7.426988079 7.751161363 8.350062334 9.186818663 9.592967161 9.545546727 9.545738005 9.000645942 8.288869065 7.934917212 7.845363316 7.766654874 7.773295694 7.821468819 7.848313776 7.787572518 7.65266339 7.560089911 7.492869212 7.357868674 7.467934458 7.401836197 6.124969009 4.910342823 -9999 -9999 -9999 -9999 -9999 -9999 -9999 -9999 -9999 -9999 -9999 -9999 -9999 -9999 -9999 -9999 -9999 -9999 -9999
-9999 -9999 -9999 -9999 -9999 3.448879489 6.144323085 8.282321665 8.998058011 8.751761572 8.752875472 8.785638664 8.551327739 7.917654792 7.153044703 6.832687375 6.983114931 7.145680266 7.124327157 7.081097107 7.191678976 7.317841987 7.760113754 8.452018162 9.294655195 9.764391616 9.844609314 9.738785912 9.277477563 8.759571336 8.406492373 8.191581539 8.073919223 8.031855133 7.98480681 7.817082324 7.624868076 7.345321888 7.062347083 6.906864635 6.913168453 7.249159483 7.507350446 7.061513318 6.526614851 6.116882209 5.830854771 5.682027916 5.471367772 5.218835766 4.685331715 3.986773802 -9999 -9999 -9999 -9999 -9999 -9999 -9999 -9999 -9999 -9999 -9999 -9999
-9999 -9999 -9999 -9999 -9999 3.281337219 6.031082211 8.409908615 8.784696716 8.349430801 8.220954876 8.157090747 7.863910259 7.636355582 7.337966462 7.145125528 7.086499667 7.052373229 7.007115012 6.944229949 7.045692362 7.190149711 7.559344961 8.228786673 8.991982921 9.469719953 9.622447697 9.714384108 9.408690951 9.233521823 8.961935551 8.57188034 8.441990861 8.27651198 8.184645713 7.938701586 7.625162146 7.191969645 6.854407129 6.491609126 6.528698031 6.988361475 7.285359545 7.491012286 7.737075171 7.776829175 7.693065082 8.005145228 7.488831055 7.546247884 7.039545486 6.129918213 5.503350903 4.188705607 2.894292318 -9999 -9999 -9999 -9999 -9999 -9999 -9999 -9999 -9999
-9999 -9999 -9999 -9999 -9999 3.381889955 6.068864747 8.181366237 8.718028819 8.241013502 8.036361748 7.816115696 7.587787771 7.472216148 7.373271414 7.259957503 7.178362839 7.079849008 7.007448804 6.954064048 7.004717645 7.07001111 7.317386859 7.818954334 8.402873409 8.873096435 9.163144585 9.296950353 9.290270247 9.160499253 8.986213028 8.731328342 8.520168331 8.451324606 8.407181874 8.150985531 7.807595182 7.330709278 6.876986265 6.470967113 6.439486298 6.805347594 7.28951868 7.657551839 8.046727985 8.270587336 8.333060904 8.493504864 8.307738465 8.298975368 7.966140941 7.437870602 6.903112724 5.871638598 4.822956616 3.628876851 -9999 -9999 -9999 -9999 -9999 -9999 -9999 -9999
-9999 -9999 -9999 -9999 -9999 3.347453457 6.076066199 8.517584742 8.657138977 8.191536 7.948031438 7.614008006 7.369594031 7.378937066 7.398132771 7.359296702 7.264162609 7.11398498 7.053565429 7.002619624 6.994480234 6.943346299 6.985868116 7.496531409 7.891647224 8.353803673 8.774694655 8.885762799 9.143022899 9.009400116 8.943133991 8.841965549 8.515520202 8.681433135 8.708399266 8.443680841 8.051862042 7.602557904 7.090756685 6.637950828 6.584926746 6.968600255 7.316165387 7.693436197 8.04460659 8.342399691 8.444088666 8.424932751 8.398278249 8.332836711 8.16278921 8.078601251 7.974069615 7.138185236 6.589609832 5.293737378 3.565373955 2.283426715 -9999 -9999 -9999 -9999 -9999 -9999
-9999 -9999 -9999 -9999 -9999 3.605081758 6.02596341 7.850264678 8.349384762 7.924767714 7.724207548 7.473497993 7.334022387 7.428272113 7.600113852 7.582484763 7.409507959 7.21582466 7.112551948 7.046573021 7.007432262 6.954987577 7.01664746 7.301872658 7.693834505 8.197109491 8.751026462 9.153482432 9.336059972 9.314642375 9.296905523 9.197321158 9.112455153 9.070134585 9.010304741 8.711075474 8.235425093 7.784237674 7.443946308 7.274072081 7.235834627 7.381814085 7.618534842 7.857958319 8.096923705 8.291866349 8.419975903 8.470463904 8.433163649 8.371686569 8.264569428 8.184100812 8.056097717 7.727418002 7.211734835 5.965605726 4.183233491 2.606620561 -9999 -9999 -9999 -9999 -9999 -9999
-9999 -9999 -9999 -9999 -9999 4.126044285 6.226083499 7.819017524 7.983663074 7.663253228 7.496173846 7.349868974 7.232685158 7.483561647 7.785641514 7.780620728 7.504837689 7.270636542 7.144161577 7.083451378 7.042437085 6.986466679 7.027690159 7.294544654 7.629120332 8.148781931 8.785608754 9.503320165 9.503223425 9.609172187 9.640312554 9.522685314 9.609503617 9.382193252 9.272189546 8.95354305 8.407424357 7.924290723 7.816445976 7.896924278 7.86644662 7.83625717 7.938131072 8.109248481 8.258989153 8.421180623 8.547685595 8.598336836 8.513805536 8.44796293 8.307564989 8.238183326 8.043266965 7.864679511 7.520680692 6.317083145 4.519116537 2.636924286 -9999 -9999 -9999 -9999 -9999 -9999
-9999 -9999 -9999 -9999 -9999 5.591930535 6.823015588 7.616714649 7.801136425 7.52785388 7.437906003 7.369913585 7.37226177 7.538844629 7.706528659 7.687430345 7.488317652 7.273440639 7.159157795 7.119707187 7.089292302 7.058538663 7.13741017 7.33519898 7.665750041 8.120384233 8.636212108 9.086581426 9.294910216 9.372976987 9.438283376 9.416043579 9.411060654 9.316548948 9.229273546 8.975724627 8.57499042 8.314230353 8.094581899 8.068726041 8.062266775 8.11599503 8.284658683 8.390036492 8.570971795 8.660190387 8.663669628 8.623076996 8.514556467 8.377137734 8.24648426 8.17101654 8.015414332 7.929886324 7.536034504 6.479998658 4.938848884 3.298088629 -9999 -9999 -9999 -9999 -9999 -9999
-9999 -9999 -9999 3.636081568 5.587326597 6.84663677 7.228446513 7.610821463 7.69122961 7.536179811 7.54896099 7.553843781 7.515442269 7.590600537 7.643283617 7.579191981 7.408225256 7.237214133 7.16690348 7.146937717 7.129356786 7.111786924 7.198897567 7.413075028 7.678508329 8.05448063 8.433781055 8.736623557 8.94701151 8.992867482 9.061757201 9.088637209 9.100191607 9.06013166 9.039637271 8.873586003 8.616932898 8.462011772 8.188576808 8.120295444 8.13238976 8.271628551 8.512070531 8.649127135 8.823620348 8.880125694 8.775735192 8.69299408 8.542184582 8.365337297 8.232557131 8.218578382 8.0700835 7.982661106 7.700159994 6.857387469 5.676340226 4.117477114 2.967189806 -9999 -9999 -9999 -9999 -9999
-9999 -9999 3.284979975 4.784302736 6.11443048 6.94837256 7.154555492 7.141786952 7.442356213 7.772551035 7.904136153 7.858826164 7.78723823 7.681543707 7.575640619 7.471702703 7.352947632 7.253047434 7.189377713 7.169195807 7.166747098 7.162877212 7.260422515 7.455393252 7.735371123 8.030285939 8.305639052 8.529167627 8.619150325 8.628129328 8.661570601 8.665279219 8.663188898 8.691649464 8.699257421 8.603021758 8.405338257 8.224120051 8.091368458 8.065949525 8.13394332 8.338816422 8.613164302 8.755618516 8.864098806 8.881472768 8.761350394 8.635416556 8.550951474 8.500831797 8.410121873 8.336137497 8.201717845 8.054377432 7.783106416 7.22276235 6.630769311 5.750430574 4.206399262 2.719576376 -9999 -9999 -9999 -9999
-9999 -9999 4.922164408 5.998730299 6.645269097 7.047968254 6.971886285 6.863657347 7.402279113 7.953232307 8.138902994 8.01288509 7.893873433 7.687808139 7.517936365 7.400212373 7.303339359 7.238055083 7.187924935 7.183756192 7.192722203 7.19459828 7.285060411 7.481485676 7.743448542 7.988616645 8.169010202 8.324668069 8.367906756 8.304140226 8.2977836 8.288482562 8.260172809 8.325805918 8.345967984 8.292408763 8.162059174 8.005796735 7.969565056 7.991778448 8.091856918 8.369599315 8.614992865 8.707617948 8.777603056 8.782507241 8.686282488 8.59969671 8.633607061 8.620883146 8.568198328 8.481788505 8.314740435 8.074526479 7.8671365 7.499339269 7.357615866 6.871982296 5.035117124 3.309086042 -9999 -9999 -9999 -9999
4.097707079 5.768773293 7.236361421 7.39954083 7.063994204 6.971368745 7.001572738 7.135948712 7.522828338 7.978152275 8.123925708 7.923433835 7.653418584 7.557529735 7.488710768 7.388654619 7.278263928 7.18215379 7.17730517 7.200359204 7.225079157 7.236716137 7.313004933 7.477278643 7.692258523 7.854783336 7.982368553 8.046902544 8.071866111 8.033315865 7.997888215 7.972712184 7.929305491 7.986520044 8.012032449 8.002129349 7.947567574 7.892204654 7.883920067 7.926442593 8.064245254 8.314075946 8.477644508 8.615490976 8.604027553 8.656763967 8.71733806 8.728664977 8.779272062 8.745063762 8.666937475 8.556666671 8.34685106 8.097597005 7.824621564 7.593433964 7.509767606 6.906883032 5.441132634 3.518990027 -9999 -9999 -9999 -9999
5.471756384 7.199422453 8.657226021 8.380401835 7.547445472 7.258966337 7.156631371 7.27563176 7.558161472 7.952374174 8.032116928 7.759251081 7.486677101 7.459670101 7.457367279 7.398947658 7.287539539 7.182966962 7.193909131 7.233804367 7.262107171 7.273185973 7.324838314 7.454972612 7.603074909 7.722850237 7.782407495 7.822900239 7.870846339 7.835271922 7.821900205 7.80037152 7.734071761 7.767845947 7.766264063 7.77311798 7.79784977 7.80163885 7.840022586 7.892364305 8.030234876 8.268259052 8.455878874 8.62562336 8.651009702 8.755438983 8.893065596 8.932952594 8.937235442 8.861216687 8.734955765 8.570600534 8.323021966 8.046199498 7.801985369 7.529397986 7.472728486 7.017985023 5.855440954 4.29707579 2.987533118 -9999 -9999 -9999
6.309009054 7.934972777 8.875377701 8.779000958 8.125509676 7.668977337 7.357246951 7.268408887 7.541396795 7.852867497 7.882359518 7.672396877 7.446238104 7.423750756 7.468020911 7.432721687 7.330357384 7.250898165 7.252431812 7.284349648 7.311302659 7.319638912 7.347510151 7.435850291 7.520938439 7.578149419 7.621317602 7.634143192 7.701973134 7.770192376 7.764309156 7.705566905 7.652331766 7.625912121 7.605449531 7.62553991 7.656581578 7.698800257 7.784497877 7.88260389 8.043826115 8.257219967 8.491557667 8.68354113 8.913074124 9.083901856 9.13191869 9.183869775 9.064156237 8.935888591 8.715339593 8.429212261 8.19756481 7.933064597 7.70732424 7.500521612 7.406524044 7.093628862 6.522090457 5.83440562 4.866192414 3.631052732 2.561300393 -9999
