meets/meet004/data/CCSM_6k_neotropic_bio18.asc
NCOLS 154 
NROWS 168 
XLLCORNER -112 
YLLCORNER -55.5 
CELLSIZE 0.5 
NODATA_value -9999 
[rows 87 to 115 of 168, columns 64 to 127 of 154]
-9999 -9999 -9999 -9999 -9999 -9999 -9999 -9999 -9999 234.6391944 357.3574638 508.9067881 299.0381684 409.6463261 540.4999813 649.2628954 732.2735899 988.2723522 1026.359542 1044.19863 1075.33486 1147.185945 940.4542797 854.9407133 766.4136356 674.2875999 578.5924943 480.5700728 422.1690149 381.1404825 362.2250739 351.7911195 350.8596855 348.8174929 347.6348045 346.94891 346.5960257 346.3719971 346.3883299 345.5329747 347.527231 353.3533539 360.1493343 369.4522981 378.6894538 385.0725303 389.4182458 392.1934355 392.8051642 392.294124 388.4721764 380.5358735 372.1078793 362.0720808 351.8618477 342.7694217 333.1903656 323.3949351 312.7900716 302.6314991 292.3863554 279.2305505 266.3320669 250.6812042
-9999 -9999 -9999 -9999 -9999 -9999 -9999 -9999 -9999 -9999 -9999 293.4885091 182.0056322 269.208234 395.8548702 484.4479257 561.1173333 926.2018572 926.4227958 915.1019158 948.9669399 1046.937643 1153.173028 879.7432489 836.4028985 783.7891838 682.1931338 583.8607471 513.3515276 438.6359658 389.785902 366.0623826 346.1990438 341.6024433 337.991938 335.5547038 335.6715766 336.2446068 337.0037623 337.7108244 340.4661875 346.4261796 352.9072341 362.9032303 373.15532 380.4613711 385.9817749 389.6788564 391.1870608 392.513667 391.1658244 384.2897674 378.9614547 370.9022852 361.2441645 353.0242726 344.047556 334.8857492 324.6125606 312.9327383 301.0515206 286.3634077 272.7129026 256.6405747
-9999 -9999 -9999 -9999 -9999 -9999 -9999 -9999 -9999 -9999 -9999 -9999 -9999 387.5926737 549.2837746 346.3829986 450.3681646 951.1768447 920.1090985 882.2086655 893.0692021 958.6627559 1038.741623 1162.909212 1295.411158 862.9920216 784.2508577 705.8704128 614.0779003 509.8069459 444.815681 396.1827348 358.7912781 342.3561883 327.6094167 325.1628574 325.7280239 328.3373733 331.1921708 334.0489669 337.4002552 343.4098414 350.7414289 360.5132987 371.1390106 378.77316 385.073784 388.9550988 390.9656837 393.6343642 393.0206677 390.7538112 387.0048264 381.8435513 375.0019912 367.0791945 357.3870946 347.6422429 335.8182431 322.132561 309.3339055 293.2678795 278.001764 262.3543104
-9999 -9999 -9999 -9999 -9999 -9999 -9999 -9999 -9999 -9999 -9999 -9999 -9999 -9999 -9999 491.1877309 668.9102801 824.5691002 840.4352249 841.317702 846.9102186 869.4239475 924.7734387 1059.057576 1225.856205 1300.946975 839.5551539 798.3176338 711.4357294 601.8671165 520.7447449 448.3422339 380.5579379 347.5281636 323.0747502 315.5798729 317.4231395 320.8534707 325.3399019 330.779114 335.3485127 340.9197711 348.4839208 358.2115058 368.9424067 376.7418742 381.9558042 386.6999678 389.6356434 391.7862425 394.719926 396.9568698 397.0161547 394.4699299 389.496534 381.6652908 371.6270099 360.2973131 347.2291814 331.7119163 317.9108839 302.2977876 285.7605222 269.42514
-9999 -9999 -9999 -9999 -9999 -9999 -9999 -9999 -9999 -9999 -9999 -9999 -9999 -9999 -9999 -9999 -9999 246.5422021 307.7115747 787.3466655 815.0989969 789.127973 798.393075 912.8270546 1038.663203 1142.692196 1235.767738 1289.090941 784.2385044 701.4931587 611.7392987 504.6633718 413.5237064 362.691528 320.2213336 310.4866807 311.2672762 315.6835943 321.4802159 327.8453132 332.7357228 340.2008539 347.4960759 356.645515 366.2407445 373.7060824 379.6974911 383.5168594 386.2768891 388.912788 393.338657 400.9504 406.4619342 405.7592702 402.8037342 394.8820318 382.6397145 370.8556527 356.5386761 340.8283572 326.8062381 309.640568 294.1293553 278.2222868
-9999 -9999 -9999 -9999 -9999 -9999 -9999 -9999 -9999 -9999 -9999 -9999 -9999 -9999 -9999 -9999 -9999 349.0187635 193.0092617 244.370142 275.1555321 695.7470814 711.5261653 781.2437203 865.8008712 967.2571138 1091.10722 1181.750812 1170.337308 1125.967546 664.9682629 553.2717715 450.5901797 386.2223478 329.2001453 311.1274685 308.3993167 310.8744419 316.7580995 323.9088046 330.1383898 337.8577333 346.4876668 355.4748133 364.2079872 370.9026245 376.1292224 380.6262248 384.0427966 387.2378248 393.4641104 403.612227 410.9039351 411.2004472 409.2343602 401.3590237 389.2429121 376.0053226 362.0731069 346.810021 333.2507155 317.521531 302.4383791 287.9998806
-9999 -9999 -9999 -9999 -9999 -9999 -9999 -9999 -9999 -9999 -9999 -9999 -9999 -9999 -9999 -9999 -9999 -9999 -9999 140.0282937 166.2727121 205.4324339 656.6883466 687.2390803 719.5251634 792.623352 904.1905308 979.2305346 1060.44156 1085.666569 1000.020184 577.3969593 488.9534681 409.8154393 340.6398587 316.2306959 307.3857658 307.7667754 312.9949793 319.539977 326.2681672 335.7254654 345.3073844 353.3073545 361.9911822 368.3015839 373.9291492 377.7933801 382.0419868 387.5433614 394.2346447 403.6220867 411.4420862 411.4583775 409.062403 401.3074425 388.8747931 376.9233395 364.0754401 350.2659794 337.4399241 322.7923488 311.4005456 298.1349408
-9999 -9999 -9999 -9999 -9999 -9999 -9999 -9999 -9999 -9999 -9999 -9999 -9999 -9999 -9999 -9999 -9999 -9999 -9999 75.36553422 93.15425922 119.3344136 155.7388994 620.2366358 635.7073244 686.3424136 770.7392606 860.6733162 966.7354772 1028.792024 981.9587248 843.3640577 528.9785286 439.1353322 365.9840471 328.9703673 312.9003202 307.0794463 310.4640836 315.9119611 323.4193037 333.6109204 343.7445272 352.3165713 360.4578744 366.0704631 371.8378861 377.02121 382.7183451 388.8730915 395.3353341 402.3288574 407.8423033 407.8610778 404.6933442 397.6849956 387.2110369 376.0135183 364.2979318 352.5339466 341.6979732 329.8109138 318.8730402 309.3204247
-9999 -9999 -9999 -9999 -9999 -9999 -9999 -9999 -9999 -9999 -9999 -9999 -9999 -9999 -9999 -9999 -9999 -9999 -9999 -9999 56.57048247 79.47349165 100.3037782 579.9120082 595.135768 631.4787327 702.9210004 472.7468664 597.3037634 999.3882509 979.2422749 856.6996251 708.583685 475.7826869 386.8939701 342.1414071 318.2634292 307.6400491 309.4088849 313.773433 321.5486086 333.2731758 343.1560802 351.996151 359.6415284 365.0141171 371.4976954 377.5505085 384.3833836 391.4090594 397.087084 400.9454165 403.4462323 402.0522263 398.1957232 392.1982299 383.7557995 374.7007499 364.6918181 354.9603759 345.2595877 335.5082706 326.3573072 320.9298677
-9999 -9999 -9999 -9999 -9999 -9999 -9999 -9999 -9999 -9999 -9999 -9999 -9999 -9999 -9999 -9999 -9999 -9999 -9999 -9999 34.03280005 50.48831195 74.63708343 111.6525426 578.3481569 614.3536015 683.0793387 442.1523904 573.7126879 997.5469698 988.2408583 877.6110276 733.7831553 607.617131 419.2862052 362.970286 331.5461845 314.8767853 314.827359 317.4713681 325.083607 335.7088755 345.916395 353.7010922 360.8053812 365.9354977 373.0291223 379.8315119 387.0150622 394.5096843 398.5924501 399.5712084 399.4620312 397.5551932 393.6856833 388.6527185 381.6755034 374.837381 366.8242011 358.9934362 352.3811488 345.9416552 339.9276255 334.9549918
-9999 -9999 -9999 -9999 -9999 -9999 -9999 -9999 -9999 -9999 -9999 -9999 -9999 -9999 -9999 -9999 -9999 -9999 -9999 -9999 25.73629629 41.52236017 58.48245503 93.84751549 579.5410659 618.3291591 697.0741361 433.9230398 574.6546754 713.7128408 1023.056506 892.2638361 745.8478071 616.5409859 509.8341288 377.8880864 343.4304926 322.11364 322.020177 323.683322 330.8393247 341.6819463 351.3914234 357.0930169 363.0785002 367.9955693 376.0987177 382.8023748 390.0603421 397.3687683 400.7462678 400.0016901 397.5500056 395.0313217 391.2417019 386.8096797 380.6594858 376.381811 370.8728083 365.0344265 360.4317757 357.0357678 355.1232509 350.6767921
-9999 -9999 -9999 -9999 -9999 -9999 -9999 -9999 -9999 -9999 -9999 -9999 -9999 -9999 -9999 -9999 -9999 -9999 -9999 -9999 195.7666782 35.72736008 55.5750359 91.93863188 603.1880064 643.119189 719.7443562 454.6688223 603.7820092 730.3168115 1043.771562 910.3744374 746.581641 607.2787617 503.1857631 446.5231828 429.4212832 432.0177513 332.6692315 333.4139167 339.5081682 348.1051618 356.3522787 362.764497 367.9311789 372.6625509 379.8616962 387.2103844 393.7543308 399.4691215 401.5308232 400.4989879 398.1410917 394.3423146 389.9791817 385.8628531 381.6562671 377.9109187 374.8138487 372.0715437 370.2983639 368.7999206 367.1752862 364.0790244
-9999 -9999 -9999 -9999 -9999 -9999 -9999 -9999 -9999 -9999 -9999 -9999 -9999 -9999 -9999 -9999 -9999 -9999 -9999 -9999 194.4362052 34.12498786 52.37093004 603.3088072 624.6026352 665.0412966 325.4085855 466.0885383 622.0190381 1102.793034 1076.8404 914.7945305 729.9320051 592.2032767 484.8416879 430.5022213 418.5085539 423.4821282 434.1213063 344.0207413 348.849722 357.3131701 363.9768058 369.4393078 373.8940677 378.1698118 385.1086232 392.1344883 398.064529 402.4107616 403.6615474 403.0093822 400.379037 395.877941 390.6447851 386.6757088 383.5523565 380.3233512 380.1096884 379.869351 380.3763627 379.5974531 379.0890857 376.9404829
-9999 -9999 -9999 -9999 -9999 -9999 -9999 -9999 -9999 -9999 -9999 -9999 -9999 -9999 -9999 -9999 -9999 -9999 -9999 -9999 201.9830412 33.07383634 550.325746 612.6250801 634.1300447 677.833133 327.5001809 472.6254023 629.330653 1114.467725 1077.081508 909.0978352 719.7717872 573.237966 471.5890926 420.809723 409.5580125 415.270253 426.0222889 439.0396395 457.038396 365.7995942 372.2466142 377.1173086 381.099446 385.0340248 391.1571125 397.6699998 402.6400622 406.2651968 407.1031159 405.5799933 402.8433301 398.0954794 393.312532 389.3317363 386.5150715 384.7259815 385.2971617 386.7728605 388.0499216 388.6589102 388.6674158 387.4461448
-9999 -9999 -9999 -9999 -9999 -9999 -9999 -9999 -9999 -9999 -9999 -9999 -9999 -9999 -9999 -9999 -9999 -9999 -9999 -9999 191.9146423 379.6040084 554.0625526 602.2837737 624.9952932 677.1673931 329.2863905 466.9549702 623.4268973 1131.038127 1080.671958 890.377647 689.9272861 551.5182554 452.0177072 406.653331 399.8079704 407.1901191 417.418362 429.2920717 446.3183666 468.3314968 488.6206625 386.7365782 390.0389008 393.5708266 399.9308314 404.7566662 409.0208151 412.4484531 412.6577972 410.3551757 406.9982302 402.9559334 398.1215582 394.4132929 392.0696435 390.4287091 392.7322717 394.4305446 695.119591 692.3476368 688.2537546 679.6220521
-9999 -9999 -9999 -9999 -9999 -9999 -9999 -9999 -9999 -9999 -9999 -9999 -9999 -9999 -9999 -9999 -9999 -9999 -9999 74.13687285 180.727548 348.5151204 498.8919394 568.4139259 606.9394584 675.1873847 313.9559299 458.1767123 607.6046872 1115.539858 1051.535039 863.6480708 664.3150658 526.541355 439.222543 399.1365598 393.0540716 400.3466188 410.6247105 422.202897 438.979091 459.9193358 479.1412325 493.3400517 504.9250819 403.7633538 408.3035481 412.9722749 416.1214507 418.6805785 418.4355121 415.7540522 412.618534 408.4051468 404.5170289 401.3185656 399.343348 398.788116 683.7002238 690.6039016 692.7251406 690.0217079 686.315839 681.0294963
-9999 -9999 -9999 -9999 -9999 -9999 -9999 -9999 -9999 -9999 -9999 -9999 -9999 -9999 -9999 -9999 -9999 -9999 -9999 65.68220864 159.6711033 313.1008518 453.4649053 522.6952303 577.5177082 668.751459 309.7940504 449.263503 589.3475668 1115.360441 1033.632901 833.3106114 628.0748945 504.39165 423.7296439 389.5289259 385.8143564 393.9363606 403.6314935 415.4244996 431.8434374 452.8107962 472.5609028 486.1385278 497.6275679 512.3936227 531.7542288 550.2942209 571.8311184 591.8664771 609.0282804 624.4791936 636.4165545 418.8475959 654.6453169 659.5829356 664.245657 669.4500335 674.2071691 681.7625538 685.4930851 684.1678521 682.7997186 676.077541
-9999 -9999 -9999 -9999 -9999 -9999 -9999 -9999 -9999 -9999 -9999 -9999 -9999 -9999 -9999 -9999 -9999 -9999 -9999 62.20378592 144.2966089 275.3082081 397.0105967 475.8312505 546.7922184 666.7933574 832.7007792 443.1054763 1090.809528 1113.654513 1012.36548 812.9090766 612.1924229 486.2987956 414.3971734 383.91333 380.857083 387.4888562 397.507362 409.1323575 425.9140823 447.2423693 467.4399362 482.7945525 496.5481687 511.081643 528.2204228 546.371002 564.9485808 583.1671255 600.3282504 615.6661016 628.6010366 638.5697774 645.813362 650.194545 653.5129417 657.2926509 661.3324274 665.4428408 671.3039413 677.0811501 674.1343877 664.3423469
-9999 -9999 -9999 -9999 -9999 -9999 -9999 -9999 -9999 -9999 -9999 -9999 -9999 -9999 -9999 -9999 -9999 -9999 -9999 60.04902144 131.254355 244.048114 349.9079731 426.6975014 515.4186215 668.1896265 878.6130112 442.4140102 1148.453555 1143.109197 1015.26775 800.4502892 594.0348562 473.3407013 405.2299051 378.9639728 375.1432289 381.0900252 390.5596829 402.7397333 419.2671634 440.5277493 461.2219407 477.3170104 493.1416998 508.3372605 524.2628023 541.37653 557.2525841 574.1763324 590.182041 605.3994797 619.2068868 627.7852366 634.513759 636.8749308 636.975165 639.7774851 643.9524381 650.9328103 660.413524 668.4657144 663.496177 640.2940807
-9999 -9999 -9999 -9999 -9999 -9999 -9999 -9999 -9999 -9999 -9999 -9999 -9999 -9999 -9999 -9999 -9999 -9999 -9999 63.59292452 124.7584431 219.7338011 310.2950851 385.7619032 485.4937427 673.7002622 937.4508389 1155.234381 1228.313743 1192.497173 1037.495717 800.8787835 583.1181986 463.7175011 399.3401371 375.57395 370.9030192 375.3546139 384.7002402 396.3946726 412.712752 433.5425558 453.6916123 470.6495651 486.6628019 502.2548311 519.0756378 534.9293835 548.79636 562.563912 577.390038 593.6149461 607.6450055 614.3295425 619.1500524 619.5568455 616.6423629 617.4070911 626.5640597 639.0482828 652.8230627 662.3766226 656.3596618 607.9678867
-9999 -9999 -9999 -9999 -9999 -9999 -9999 -9999 -9999 -9999 -9999 -9999 -9999 -9999 -9999 -9999 -9999 -9999 -9999 68.68736512 121.6536962 199.0875892 276.2833732 352.4550155 467.0803915 688.9064295 998.097514 1244.421177 1303.374732 1235.287289 1048.898422 794.4492475 572.8453912 452.3202421 393.1401822 373.1834894 368.2484695 371.1177304 379.6611875 391.0881151 406.5093334 425.6193408 444.969965 462.3196705 478.9363491 495.129719 511.3161134 526.75456 539.250537 551.163078 564.1940819 577.8288 589.8168833 594.5558285 597.3328026 595.9530222 592.8093062 594.7976167 606.6782177 624.4165171 640.6583669 647.5946991 633.8642051 570.5959223
-9999 -9999 -9999 -9999 -9999 -9999 -9999 -9999 -9999 -9999 -9999 -9999 -9999 -9999 -9999 -9999 -9999 -9999 -9999 75.09305141 119.5493347 182.5593886 246.5958734 325.9993879 450.9111706 699.7236377 1055.051491 1343.548924 1359.483564 1256.697232 1047.131747 777.0254296 548.6402539 441.6432695 387.3292257 370.1066611 365.6994402 368.0419685 375.9042858 386.5453076 400.9985718 418.8613128 436.3832296 453.8287357 470.8966535 487.0030052 503.4916756 518.5285682 529.769938 540.4521697 551.4164989 561.8333869 569.1706549 572.9697657 571.3327921 569.7210283 569.9239591 572.3887699 588.1223993 607.8868833 624.4391586 628.0740424 606.7494232 -9999
-9999 -9999 -9999 -9999 -9999 -9999 -9999 -9999 -9999 -9999 -9999 -9999 -9999 -9999 -9999 -9999 -9999 -9999 -9999 79.93021759 119.1467399 170.9872868 232.2810053 317.4154874 459.2100976 722.0070393 1078.679953 1343.079239 1347.467868 1210.581424 987.1397416 730.6629029 528.5723233 424.7374271 380.2279384 367.1979161 363.0216676 365.1258953 372.3030555 382.5904298 396.1546619 412.2372715 429.0178309 445.7259033 462.2704845 477.9582479 493.4663872 507.7220635 518.7376451 528.929773 538.5724119 546.6018203 552.2698577 553.9277674 551.8827201 550.3254353 551.0751674 555.9700722 570.4350442 588.974741 603.8439892 604.5793745 577.5861659 -9999
-9999 -9999 -9999 -9999 -9999 -9999 -9999 -9999 -9999 -9999 -9999 -9999 -9999 -9999 -9999 -9999 -9999 -9999 61.90115733 83.43284937 117.0083087 163.7159951 223.6711383 318.996344 466.2497569 729.4615421 1078.055824 1343.212362 1282.268878 1110.898308 889.0243928 663.6199454 482.0928557 408.2291963 372.7200203 362.6326099 359.7978912 361.4533815 369.1633669 379.1214631 391.9698886 407.5460079 422.5890845 438.7717285 454.332103 469.1045685 484.0899262 496.2467027 507.8773113 517.8015804 526.4986224 534.3820233 539.5696591 540.0324494 538.1140533 537.0713584 538.0937589 542.2513699 555.8673631 570.5581882 583.2003747 582.3941213 557.6652073 -9999
-9999 -9999 -9999 -9999 -9999 -9999 -9999 -9999 -9999 -9999 -9999 -9999 -9999 -9999 -9999 -9999 -9999 -9999 62.01746377 85.31278824 120.5998614 165.3522077 232.2517053 343.3002709 506.4248543 746.0580653 1029.03728 1207.780897 1145.052225 963.1373931 761.9455317 582.8425108 453.3136697 389.3172754 365.805198 359.272973 357.2332886 359.6421883 367.0074829 377.265986 389.5137995 403.4110012 417.9786497 432.9363569 447.9168579 461.7722658 474.8201793 486.5262134 496.6471896 505.9744849 514.2114009 521.0914349 525.9095681 526.5498559 525.6508606 525.1399322 526.1475965 530.8409923 540.3000196 552.0268047 560.8720215 558.3354259 530.9113775 -9999
-9999 -9999 -9999 -9999 -9999 -9999 -9999 -9999 -9999 -9999 -9999 -9999 -9999 -9999 -9999 -9999 -9999 -9999 61.45961523 90.67366211 128.2049573 176.6710876 236.2890135 375.6947171 542.0592828 745.3115014 956.9354994 1104.986508 982.5485169 794.9665768 625.5221078 504.5470665 408.7608086 375.2523851 359.8035276 355.5272764 354.9661177 357.249644 365.846329 376.2970675 387.8209222 400.5264563 413.8303672 427.7399458 442.3742099 455.1449552 466.7956084 477.725212 485.8302898 494.0272899 501.5484517 508.1696729 513.0855489 514.4580585 513.7866015 513.6566713 515.1270751 518.3564633 525.1786278 532.0204229 537.1657627 532.7950991 515.3956989 -9999
-9999 -9999 -9999 -9999 -9999 -9999 -9999 -9999 -9999 -9999 -9999 -9999 -9999 -9999 -9999 -9999 -9999 -9999 64.53676459 101.461488 150.7169548 213.3476531 296.4807437 420.0474401 568.0489103 715.3052677 834.7035356 881.704873 797.9870369 649.1659043 521.0928948 439.8193156 386.7930736 361.3394588 353.7959464 352.2937504 353.2827367 357.299483 365.1435576 375.1757342 385.7676527 396.9579083 408.6650058 420.9869199 433.8576933 445.3588819 455.6775953 465.1694587 472.7817061 479.8899954 487.0470759 493.7827511 499.0311148 501.0698755 501.6870721 501.8546121 502.0628005 503.0793093 504.3383955 506.3175553 503.9134403 492.6989078 466.87283 -9999
-9999 -9999 -9999 -9999 -9999 -9999 -9999 -9999 -9999 -9999 -9999 -9999 -9999 -9999 -9999 -9999 -9999 36.03599632 69.49214109 115.5067322 175.9577818 255.3803003 341.7340375 453.9415131 576.3728188 663.1016868 710.8753477 703.6690228 632.7490638 520.5771358 437.2798005 389.0340103 362.0928309 352.6934325 348.2683046 348.8572235 351.8789347 356.2694032 364.4945846 373.9288967 383.2450639 393.2359293 402.6001857 413.3318566 424.4511078 434.2840771 444.0285003 452.3691219 459.1244042 465.4149797 471.9198654 479.3298021 485.4967493 487.4052426 488.4179246 488.4419947 486.4480532 484.4212886 479.5379412 473.456469 462.7861754 443.8306614 -9999 -9999
-9999 -9999 -9999 -9999 -9999 -9999 -9999 -9999 -9999 -9999 -9999 -9999 -9999 -9999 -9999 -9999 -9999 44.97730738 76.51163031 127.7787675 200.468622 292.6837115 384.1076344 466.187421 534.2846449 578.7581112 585.1656557 560.8789972 511.7306053 443.3703561 389.7638396 366.0292574 351.5663821 346.1004744 345.6102787 347.0775638 351.097367 356.7176356 364.1117042 372.3133161 380.6807683 389.1168799 397.3239387 406.1122396 414.6459886 423.1807085 431.6511267 439.2697065 446.1176906 452.4783445 458.4683654 464.2950913 468.8789554 471.3497166 472.4471521 471.006351 467.1927852 459.852408 443.9762076 425.7868965 407.5250259 -9999 -9999 -9999
