meets/meet004/data/CCSM_0k_neotropic_bio14.asc
NCOLS 154 
NROWS 168 
XLLCORNER -112 
YLLCORNER -55.5 
CELLSIZE 0.5 
NODATA_value -9999 
[rows 87 to 115 of 168, columns 64 to 127 of 154]
-9999 -9999 -9999 -9999 -9999 -9999 -9999 -9999 -9999 4.215348283 4.769501499 6.036180366 8.45846391 11.20952953 16.19388231 20.22628553 25.46376346 30.6915634 37.39563992 42.57861604 47.80723101 51.85390477 57.0222628 51.70558305 45.59588667 37.79430359 29.83984473 20.32702076 14.45739632 10.24047086 8.395727239 6.268833776 5.289191714 4.515419284 3.944967292 3.594488094 3.149816997 2.811731495 2.49834197 2.24072504 2.076545377 1.860486723 1.596390372 1.377036934 1.202798703 1.098473259 0.975553145 0.884681029 0.809428714 0.755855074 0.720531653 0.671497007 0.64596413 0.627671814 0.631293988 0.647381746 0.691224992 0.748249986 0.91086012 1.12802168 1.389063606 1.97247479 2.595508469 3.205544515
-9999 -9999 -9999 -9999 -9999 -9999 -9999 -9999 -9999 -9999 -9999 5.684488979 6.624931222 7.745380593 11.32270397 12.70444257 16.26610872 22.29521774 25.5857051 32.53088745 39.26908337 46.50626685 53.48457452 52.35488605 48.75306902 45.06050844 36.53114118 28.43595326 22.94952108 16.02668971 11.57625589 8.894308781 6.403186245 5.705556849 4.809029984 4.081158901 3.585387149 3.174010892 2.832714164 2.489175489 2.249753541 2.013551188 1.828991229 1.621465507 1.385957458 1.223445269 1.094064609 0.998108719 0.92460634 0.857488537 0.82514523 0.78617585 0.776477814 0.780847526 0.778873434 0.811585665 0.876649378 0.919775081 1.089371085 1.312664738 1.589583667 2.274820003 2.814803182 3.540022199
-9999 -9999 -9999 -9999 -9999 -9999 -9999 -9999 -9999 -9999 -9999 -9999 -9999 7.80771441 8.571613555 10.21435518 12.84887417 16.32553205 20.38140838 24.92632399 31.2456538 40.26597772 45.10374468 48.15995333 50.99050968 46.9973038 40.44909262 34.9806332 28.83468485 21.16005411 16.96327847 12.12898109 9.051060234 7.54431051 5.566707817 4.918574837 4.009706689 3.510447909 3.169006247 2.777343158 2.54828506 2.191612108 1.973721938 1.805252451 1.616960131 1.462667709 1.232623371 1.116064677 1.048765889 1.00435829 0.970612806 0.924445256 0.914288343 0.929590263 0.987065397 1.01710387 1.055961023 1.10280686 1.245846394 1.493484737 1.769961534 2.388117267 2.960178204 3.640737642
-9999 -9999 -9999 -9999 -9999 -9999 -9999 -9999 -9999 -9999 -9999 -9999 -9999 -9999 -9999 8.630572875 9.874968121 11.66754544 15.17243248 20.12567413 23.57828325 29.86043363 34.81094754 41.51342655 44.8173893 45.44885501 42.12534711 39.39503954 33.76035413 26.16372331 21.89019626 17.44071005 12.074577 9.42476232 6.878084304 5.640065185 4.932754082 4.148341341 3.667472746 3.197485685 2.863828662 2.58751741 2.293298021 2.050507048 1.829185059 1.658570577 1.555212275 1.411342421 1.29234618 1.199431705 1.160726363 1.177869722 1.185725721 1.215503196 1.246003464 1.278377922 1.339721977 1.395210379 1.534145212 1.684756957 1.919967229 2.490502317 3.085003427 3.790780176
-9999 -9999 -9999 -9999 -9999 -9999 -9999 -9999 -9999 -9999 -9999 -9999 -9999 -9999 -9999 -9999 -9999 9.203398803 10.8125787 13.13522297 17.37019329 21.46690949 25.41165211 32.15651268 36.35710986 36.85667191 40.15828119 40.56171124 36.60456658 31.11189602 26.28246003 20.92968251 14.97159011 11.80569769 8.004816092 6.825770682 5.559058599 4.786345743 4.231715798 3.691670272 3.374227289 2.893526448 2.654907795 2.351372479 2.089552395 1.930139296 1.698917324 1.614621324 1.534586398 1.502660103 1.472103708 1.411315325 1.477648271 1.489291633 1.583714628 1.619715068 1.620200696 1.669855457 1.725536735 1.884655753 2.121636904 2.604127644 3.019911561 3.70471415
-9999 -9999 -9999 -9999 -9999 -9999 -9999 -9999 -9999 -9999 -9999 -9999 -9999 -9999 -9999 -9999 -9999 6.944112258 7.795307993 9.873946302 10.93399176 12.10465819 16.38575915 21.23107725 25.19147723 29.11496429 34.14350377 36.91919244 33.94210541 32.41114004 28.59114289 23.13715608 17.30221251 14.00258114 9.543002942 8.032422233 6.740248731 5.560526415 4.966513237 4.343255067 3.977418693 3.543411749 3.141551248 2.798870016 2.484034031 2.278740621 2.050017503 1.881685234 1.779892016 1.703433295 1.69787241 1.781279491 1.849746139 1.910392175 1.968950392 1.98372705 1.986417671 1.993731539 2.06060476 2.149823833 2.289604688 2.67686989 3.195642627 3.871244
-9999 -9999 -9999 -9999 -9999 -9999 -9999 -9999 -9999 -9999 -9999 -9999 -9999 -9999 -9999 -9999 -9999 -9999 -9999 6.14505172 7.663794218 8.854017527 9.692622232 13.60236445 17.69787141 20.60934817 25.79446345 26.39057874 29.25700477 30.85448185 28.09907356 22.54409391 19.15392193 15.18719098 10.54405748 8.902705895 7.351027705 6.316161606 5.670504499 5.003819621 4.603672166 4.012040536 3.710062201 3.268207825 2.926579614 2.696828335 2.334221344 2.208928241 2.03823067 1.983676332 1.967976829 1.955656688 2.056119848 2.118045009 2.244747409 2.295868204 2.262784965 2.297575945 2.284065321 2.365349232 2.512806837 2.903995817 3.320294454 3.963238249
-9999 -9999 -9999 -9999 -9999 -9999 -9999 -9999 -9999 -9999 -9999 -9999 -9999 -9999 -9999 -9999 -9999 -9999 -9999 4.68778489 4.642855044 5.209200621 6.321719683 7.45756395 10.66686683 13.09678938 17.05356294 20.57269104 23.86242091 26.81162652 26.42001377 22.51974878 19.65280685 15.69327219 11.73594092 9.883833605 8.37462936 7.034120613 6.434053217 5.770432788 5.377467747 4.882121314 4.3994584 3.985289083 3.575800644 3.29773074 2.967862709 2.730318547 2.552748846 2.417788344 2.354741829 2.328776294 2.357010329 2.375577763 2.447543173 2.473442471 2.46492941 2.480310453 2.492611364 2.587470464 2.701404934 3.121085156 3.682317196 4.458058749
-9999 -9999 -9999 -9999 -9999 -9999 -9999 -9999 -9999 -9999 -9999 -9999 -9999 -9999 -9999 -9999 -9999 -9999 -9999 -9999 3.779871351 4.079110468 4.373299816 5.694789406 6.885396773 9.558845842 12.34511363 14.75293733 18.67494615 22.61282542 22.08874755 21.36662897 18.94228787 16.04317025 12.09313183 10.16967643 8.609717628 7.639934134 7.03464339 6.482522725 6.092188954 5.589437694 5.171208796 4.729415091 4.296567436 3.99659826 3.616916895 3.37865373 3.179635502 2.966345516 2.876600979 2.722971359 2.685384793 2.637084378 2.638453389 2.660317822 2.645873859 2.651486537 2.660745987 2.793981709 2.922060536 3.357118465 3.864467301 4.760776927
-9999 -9999 -9999 -9999 -9999 -9999 -9999 -9999 -9999 -9999 -9999 -9999 -9999 -9999 -9999 -9999 -9999 -9999 -9999 -9999 3.153219695 3.031731534 3.380166976 4.123176936 5.137023373 5.661353427 7.386499424 10.47334274 13.91169175 17.28963956 19.35051821 19.30931555 18.32807796 15.10373496 12.49218826 10.65297433 9.220653854 8.084260612 7.688239878 7.228553679 6.942338286 6.512376306 6.123638692 5.697625878 5.284533909 4.980752363 4.606471098 4.310756298 4.014077999 3.802113748 3.610874416 3.34826719 3.205580003 3.066617998 3.014433176 2.993621833 2.951392129 3.003395331 3.047608403 3.209626179 3.363271993 3.870427496 4.478258693 5.39492286
-9999 -9999 -9999 -9999 -9999 -9999 -9999 -9999 -9999 -9999 -9999 -9999 -9999 -9999 -9999 -9999 -9999 -9999 -9999 -9999 2.972801761 2.946498785 2.868396895 3.68096352 4.412785633 4.973771163 6.669064129 8.577823739 10.9888241 15.62907327 17.28850631 16.68970404 16.46066171 14.94539446 12.18968526 10.32447697 9.227699433 8.484158326 8.248119824 7.874084721 7.625472556 7.444560694 7.167241166 6.821540322 6.351704678 6.043951016 5.734535941 5.399618023 5.170597158 4.767865736 4.53633305 4.138528285 3.858756126 3.71909104 3.503640288 3.472336206 3.435726661 3.448663196 3.58361644 3.764857316 3.952907741 4.592739858 5.103254722 6.011803962
-9999 -9999 -9999 -9999 -9999 -9999 -9999 -9999 -9999 -9999 -9999 -9999 -9999 -9999 -9999 -9999 -9999 -9999 -9999 -9999 3.245578851 2.864051349 2.810456054 3.504043627 4.161804624 4.331096934 5.560964379 7.737227409 10.18918178 12.87670133 14.7811179 15.33609157 15.11970994 13.35794168 11.94155159 10.51994978 9.45537655 8.72431798 8.676883347 8.626658261 8.56208376 8.380265322 8.247230025 8.00233869 7.734452819 7.48985843 7.121929283 6.847528912 6.445760204 6.100916957 5.75491694 5.247840367 4.890519738 4.540295534 4.333200766 4.231121652 4.144041513 4.222644933 4.334990908 4.588321806 4.822577026 5.349186241 5.995283654 6.900563166
-9999 -9999 -9999 -9999 -9999 -9999 -9999 -9999 -9999 -9999 -9999 -9999 -9999 -9999 -9999 -9999 -9999 -9999 -9999 -9999 3.252508841 2.854463192 2.974680285 3.50190692 4.137706121 4.162348754 5.166974159 6.615422478 8.983101092 12.21319199 13.97094531 14.26919682 13.87030841 12.54543289 10.82334317 10.18857874 9.354145487 9.049148782 9.245719991 9.371052532 9.494177764 9.524725418 9.456184685 9.439928946 9.233122186 9.100489284 8.833054551 8.502619653 8.267842947 7.750359496 7.324547463 6.816633772 6.192604353 5.95751132 5.561700015 5.395315562 5.381943987 5.301752821 5.64016665 5.871888464 6.234534964 6.740581148 7.192772203 8.14999478
-9999 -9999 -9999 -9999 -9999 -9999 -9999 -9999 -9999 -9999 -9999 -9999 -9999 -9999 -9999 -9999 -9999 -9999 -9999 -9999 3.393154752 3.119409528 3.238822155 3.67224841 4.005786099 3.961884167 5.006869436 6.596980253 8.882953927 11.34686867 12.985526 13.23721445 12.92336098 11.60204701 10.36563559 9.819899463 9.718150756 9.488695356 9.804529629 10.11860065 10.27655114 10.46136037 10.64328116 10.65961239 10.67028429 10.56641057 10.33163154 10.18001438 9.78674054 9.382502504 8.952357049 8.290731894 7.792822604 7.241027724 6.907313563 6.720103146 6.557138097 6.713410806 6.867855313 7.333658278 7.681041377 8.078943847 8.809816687 9.555089286
-9999 -9999 -9999 -9999 -9999 -9999 -9999 -9999 -9999 -9999 -9999 -9999 -9999 -9999 -9999 -9999 -9999 -9999 -9999 -9999 3.179692724 3.084327092 3.336606158 3.941175205 4.271347162 3.987390069 5.213223715 6.223470949 8.614913209 11.29308984 12.7296853 12.56320494 12.26266334 10.83605193 9.622998988 9.484601729 9.895490605 10.08663685 10.63516562 11.02306342 11.35632196 11.79958114 12.0242591 12.37736382 12.35917138 12.44944101 12.4819132 12.20634717 12.16014969 11.61267256 11.20624042 10.64599342 9.879260353 9.588714514 9.007305191 8.843119131 8.892264026 8.756595053 9.338290284 9.709554468 10.29151811 10.98077822 11.26551463 12.41956456
-9999 -9999 -9999 -9999 -9999 -9999 -9999 -9999 -9999 -9999 -9999 -9999 -9999 -9999 -9999 -9999 -9999 -9999 -9999 4.38764362 3.128616077 3.234420041 3.433988789 4.304240694 4.448682314 4.190258608 5.122451104 6.453574975 8.48210249 10.7755717 12.0696751 11.97673434 11.47304497 10.47403769 9.531857969 9.476695937 10.134828 10.7951379 11.41784513 12.05240297 12.38004234 12.81617422 13.33353656 13.6049656 13.96460697 14.06820781 14.06920437 14.16889893 13.89047927 13.70805956 13.33081554 12.62291804 12.16473199 11.53456152 11.25588514 11.08728962 10.96914758 11.33239956 11.65452875 12.49951796 13.05909914 13.49419145 14.62715886 15.33769871
-9999 -9999 -9999 -9999 -9999 -9999 -9999 -9999 -9999 -9999 -9999 -9999 -9999 -9999 -9999 -9999 -9999 -9999 -9999 4.15573775 2.747105945 3.450509185 3.717363613 4.899052842 5.01948692 4.501473838 5.407888079 6.252165966 8.283003071 10.55053619 11.67613089 11.43184076 10.98847211 10.01946387 9.220168541 9.559203179 10.54317302 11.58233898 12.52428328 13.28868772 13.83022109 14.51424789 14.92123482 15.57033252 15.93755525 16.2870587 16.60870965 16.56952629 16.84086757 16.53313659 16.45915432 16.02055867 15.50820278 15.38217545 14.85328974 14.80786025 15.10241383 15.05656783 15.98310255 16.71671533 17.88311466 19.03546587 19.60850858 20.5204711
-9999 -9999 -9999 -9999 -9999 -9999 -9999 -9999 -9999 -9999 -9999 -9999 -9999 -9999 -9999 -9999 -9999 -9999 -9999 4.177143722 2.534022171 3.065417475 4.098821255 5.565340308 5.509662044 5.063655849 5.517561821 6.49990592 8.104321027 9.944350386 11.14201648 10.88112072 10.51979209 9.909424189 9.501753523 9.781834037 11.01495088 12.32269897 13.6213195 14.76029407 15.28592191 15.80566013 16.61807303 17.20889375 18.2726843 18.59687 18.58577358 19.09748859 19.09768895 19.87500022 19.72003577 18.84295954 18.90578329 18.53571979 19.09877235 19.03748562 18.61142714 19.39942765 19.86826666 22.10970124 23.18588466 23.68512154 24.81847517 25.59593157
-9999 -9999 -9999 -9999 -9999 -9999 -9999 -9999 -9999 -9999 -9999 -9999 -9999 -9999 -9999 -9999 -9999 -9999 -9999 3.676302245 2.311618987 2.759656877 4.113735378 5.672732479 6.316996151 5.52047837 5.895547295 6.549870718 7.960892951 9.667225959 10.59989744 10.51659518 10.24626216 9.848495287 9.595257417 10.31051159 11.79165441 13.26936388 14.65214652 16.09891882 16.94140701 17.98394161 18.96290753 19.69438168 20.45314848 21.16696465 21.88516007 22.59470784 22.81917434 23.08895322 23.43947318 23.65438189 23.89941005 23.82275193 23.68401976 23.85694737 24.54152058 25.43300468 26.21698654 27.55459477 29.68380911 31.47837572 32.56945695 33.02547273
-9999 -9999 -9999 -9999 -9999 -9999 -9999 -9999 -9999 -9999 -9999 -9999 -9999 -9999 -9999 -9999 -9999 -9999 -9999 3.306877967 2.146514926 2.519489663 3.801399525 6.209527382 6.849646155 6.032005927 6.141501892 6.615319491 7.914455017 9.357330285 10.30165035 10.43780984 10.17481215 9.906138059 10.15116906 10.82935723 12.45381209 13.95388382 15.52142276 17.55615772 18.66598379 19.88510687 20.81976728 21.83812846 23.33174119 23.98790553 24.74860478 25.33857991 26.1304213 27.31993119 27.65128606 27.8707663 28.14398027 28.59509488 29.51815047 29.65906808 30.00492032 30.48052991 32.14861419 34.79368355 36.80491722 38.15435368 39.1793009 38.83963764
-9999 -9999 -9999 -9999 -9999 -9999 -9999 -9999 -9999 -9999 -9999 -9999 -9999 -9999 -9999 -9999 -9999 -9999 -9999 2.940068369 2.076473247 2.416286558 3.524999562 6.732252207 7.345715582 6.309447154 6.341703116 6.731734478 7.983369819 9.372365413 10.16182524 10.2324045 10.29964978 10.32332369 10.5143335 11.5485447 13.31035944 15.0447519 16.97622714 18.64427728 20.20569995 22.11765159 23.57582512 25.0343216 25.97102929 27.17498024 28.60412692 29.6879326 30.84928283 31.30095228 32.29244527 33.66299036 34.32482356 35.02822931 34.99327553 35.38087301 36.89269007 37.70154097 40.07472456 41.34260095 44.28923217 46.78213805 47.84741425 46.91528442
-9999 -9999 -9999 -9999 -9999 -9999 -9999 -9999 -9999 -9999 -9999 -9999 -9999 -9999 -9999 -9999 -9999 -9999 -9999 2.754919133 2.039445835 2.370927485 3.243895885 6.328409664 7.400580552 6.357525113 6.44523836 6.987592851 8.075708869 9.452010955 10.25917578 10.55458589 10.39572218 10.64807823 11.27494428 12.24567252 14.18627475 15.94481366 17.72266812 20.21664046 21.69854977 23.82017259 25.79805529 27.18838068 29.43031761 30.54673921 31.93295364 33.58049026 34.29027414 36.37395453 37.22950475 38.17099777 39.57214621 39.69030049 41.09914783 41.45416697 42.13758739 43.66810187 45.35817496 48.78167713 51.64630299 53.00451922 55.19589345 -9999
-9999 -9999 -9999 -9999 -9999 -9999 -9999 -9999 -9999 -9999 -9999 -9999 -9999 -9999 -9999 -9999 -9999 -9999 -9999 2.648162628 2.173804441 2.401455219 3.338473085 6.500457867 7.455916849 6.649703168 6.798624862 7.345232882 8.594159405 9.856265512 10.39282308 10.61761825 10.83955385 11.27027402 11.99663201 13.14799753 15.12199407 17.13644299 19.42721635 21.76983553 23.50218495 25.85519546 28.13730597 30.48689255 32.82892428 34.32014511 36.26409981 38.00692642 39.82436222 41.5496877 42.83879476 44.36718399 45.63585267 46.72901102 47.5842457 48.07565617 49.39050714 50.52002113 53.25245449 56.17338854 59.33242304 61.24953374 61.86827784 -9999
-9999 -9999 -9999 -9999 -9999 -9999 -9999 -9999 -9999 -9999 -9999 -9999 -9999 -9999 -9999 -9999 -9999 -9999 3.517342733 2.686312402 2.315095981 2.661008821 3.42829409 6.155934624 7.226550507 6.508591412 6.988810442 8.206119412 9.046519379 10.38997128 10.87328692 11.05004691 11.00902487 11.59531403 12.6408295 13.91788595 16.19164452 18.18490668 20.29204203 23.28637924 25.19482832 27.91845909 30.3687608 32.33359713 35.53424539 37.40251217 39.9353612 42.16511624 43.62645543 46.23091076 47.67665811 49.25308561 51.17582344 51.58800656 53.11541933 53.66978995 54.79388892 56.29830683 58.23657942 61.81516841 65.03497169 66.3368088 67.87612031 -9999
-9999 -9999 -9999 -9999 -9999 -9999 -9999 -9999 -9999 -9999 -9999 -9999 -9999 -9999 -9999 -9999 -9999 -9999 3.185426619 2.827053382 2.821191627 3.295247433 4.857750657 7.253848432 7.57466479 7.591942825 8.436852238 9.339795776 10.35621358 11.41287252 11.37850661 11.28025431 11.47723755 12.36112189 13.52223472 14.97527539 17.22738633 19.59786041 22.31042782 25.11667999 27.28988419 30.19957818 33.0698711 35.8749307 38.73331153 40.81071442 43.78044769 46.39789138 48.98721681 51.27529964 52.96869844 55.0557218 56.59181357 58.10362025 58.98142419 59.58196212 61.1291652 62.34253776 65.02606596 67.68216388 70.61018602 72.37272107 72.66583141 -9999
-9999 -9999 -9999 -9999 -9999 -9999 -9999 -9999 -9999 -9999 -9999 -9999 -9999 -9999 -9999 -9999 -9999 -9999 2.915052393 3.160515758 3.463355824 4.506047201 6.3528755 8.154951464 8.340289158 8.580504938 9.945470124 11.03116123 11.79961462 12.01483363 11.79170318 11.58549433 11.63738546 12.6847174 14.23355807 15.80482686 18.39526415 20.78213841 23.50060403 26.86180766 29.20892818 32.54615733 35.54232629 38.30774288 41.70389751 43.9347661 47.09894609 49.803929 52.39871606 55.48582779 57.2912414 59.43892979 61.51096737 62.56002615 63.82177231 64.44630517 65.67164793 67.20169221 68.98078243 71.61940407 74.58842354 76.2031103 77.46001933 -9999
-9999 -9999 -9999 -9999 -9999 -9999 -9999 -9999 -9999 -9999 -9999 -9999 -9999 -9999 -9999 -9999 -9999 -9999 3.048515429 3.841132036 4.925446387 7.083912216 8.208535592 10.3739421 9.409203633 10.36030838 11.69954208 12.84437363 12.91124967 12.86968334 12.16724977 12.16791552 12.24515808 13.50263877 15.16122207 16.8999868 19.59531339 22.36964355 25.53450209 28.84788131 31.43261532 34.98854691 38.32734078 41.64295405 45.01760451 47.38732544 50.48737383 53.50464394 56.63337036 59.65141505 61.59506346 64.00154597 65.89919392 67.4202518 68.60869984 69.23447356 70.53084932 71.61548152 73.67975136 75.82570931 78.09042723 79.62508725 80.18598855 -9999
-9999 -9999 -9999 -9999 -9999 -9999 -9999 -9999 -9999 -9999 -9999 -9999 -9999 -9999 -9999 -9999 -9999 2.61414214 3.315261691 4.691354193 6.788018366 9.818003968 10.00966128 11.96732897 10.99327304 12.18150542 13.56421657 15.14163791 14.16024963 13.78806695 12.85717859 12.73306439 12.75440496 14.04775476 16.05748624 17.95740385 21.21654108 23.66011223 26.63033345 30.69170667 33.72726433 37.85918321 40.89344956 43.97064157 48.18855808 50.94101858 54.39309077 57.00518316 59.54261563 63.23358094 65.31150268 67.78621037 69.9095205 70.83415206 72.5281194 73.11699296 74.04070839 74.90750073 76.20051748 78.49888438 80.3640783 82.30790517 -9999 -9999
-9999 -9999 -9999 -9999 -9999 -9999 -9999 -9999 -9999 -9999 -9999 -9999 -9999 -9999 -9999 -9999 -9999 2.758057068 3.925320024 5.812130876 8.850839381 11.83263492 13.15181909 13.5753451 13.00957366 14.22651637 14.90544733 15.7500248 15.28381308 14.31749434 13.39315261 13.48464971 13.72040309 15.08450652 17.05229189 18.91889302 21.97468161 25.1317189 28.69757991 32.51873459 35.47330855 39.53522634 43.41346432 47.20558558 51.02771123 53.70909943 57.1333329 60.37136275 63.42559139 66.4905414 68.43885903 70.76671219 72.81261891 74.2561449 75.49684978 76.06197836 77.01811077 77.68222923 78.93849489 80.54186618 82.20413065 -9999 -9999 -9999
