meets/meet004/data/CCSM_21k_neotropic_bio16.asc
NCOLS 154 
NROWS 168 
XLLCORNER -112 
YLLCORNER -55.5 
CELLSIZE 0.5 
NODATA_value -9999 
[rows 58 to 86 of 168, columns 64 to 127 of 154]
813.0842802 704.7920864 602.2786196 537.6621209 512.634854 548.7822532 614.7531781 673.8608208 701.9183819 715.5608952 736.9789189 776.7472931 814.73808 841.7165546 854.6447098 860.4042068 873.6249731 879.7367778 878.9717906 872.3524287 866.9383166 861.9634836 851.6609336 835.6815789 818.4024312 808.1376265 789.6884872 784.8187159 780.0380654 776.6006309 790.3074257 812.6494852 831.9633409 864.7296684 868.6795085 883.3366306 910.5845561 913.8139887 924.7256841 884.2740348 852.3661338 878.3578151 875.2438953 861.0766633 816.1190988 773.5249202 730.5202902 675.856076 636.8096806 594.6293447 578.900855 578.7391693 577.1281991 595.376637 607.1513892 635.278509 670.6871248 692.8869987 725.7300437 749.6111048 771.2967465 794.5147439 814.0230209 -9999
774.7842944 674.0115404 579.9915197 519.4692488 488.4715615 529.8385781 588.8400816 641.6099179 664.1649349 683.1536813 694.0770127 743.6440093 785.7338963 811.3924847 832.3741689 838.6305698 847.025227 852.936271 850.1448802 834.9774375 832.0564387 822.8743566 809.378009 800.3461108 779.5503269 769.0332199 780.3798638 778.0905757 792.1155593 807.6005649 816.8116248 855.08522 877.8567512 897.7642821 940.5598208 936.7729158 971.0768157 962.8038556 944.7047177 943.2646279 899.1916352 905.7161979 899.9037558 880.4585767 840.6291579 798.9179095 748.886179 696.918589 661.5740573 623.7414816 608.2973654 605.6689839 608.9031103 631.2964174 651.0277338 679.0472437 715.0550813 744.0091992 775.3342187 807.3993264 830.3285005 860.43999 877.4203447 896.4181504
751.1981135 678.4737267 590.4029158 524.2029911 498.3756008 511.1137624 554.2500715 594.9106218 625.3573089 644.1255637 665.2014932 704.8098657 744.907817 774.1956609 796.8946683 803.6345339 809.6328904 813.18116 806.5787209 795.56144 788.6892719 777.1868599 766.283403 753.6835723 739.960891 743.5073907 759.5456863 772.1381244 794.8381381 817.646003 833.9126025 873.5592638 904.278749 950.107378 976.4508074 973.8188035 1003.10397 998.7560924 1004.716772 978.4167373 925.6313818 907.8957553 897.5720854 876.8775742 842.0830134 802.7653732 757.1553122 711.5587923 678.0402461 647.7570361 639.1094956 639.6097753 643.7664357 666.7390688 688.5325407 720.9189527 758.318955 788.6223099 827.1614234 859.1770241 884.4151757 915.4722203 936.678185 956.7940176
786.2976452 691.0726018 597.8080349 534.8947234 506.1247421 521.2611283 561.8275802 599.9351514 604.1654857 610.047151 627.0598055 670.9669657 706.6913911 731.5919486 754.080234 759.6924896 769.6854085 769.692647 768.9818019 754.7492151 749.1602542 740.6075245 728.9870964 724.4451067 709.7611125 716.0118905 738.7256947 748.2742914 776.2854831 806.1032856 820.8856849 875.2264968 898.1636724 927.5197265 966.3349485 964.2413376 1001.636113 984.2355477 970.367425 960.992049 920.4514433 907.9165039 864.1682524 850.8503414 821.4641009 790.0138575 754.6070377 719.2725166 694.14636 669.1905485 659.6325879 664.7079132 667.6879113 697.5198616 720.5898307 751.4061051 792.72282 828.4116018 865.4338727 900.6135086 928.0395612 963.2931104 981.630597 1001.405921
819.9284632 721.0104856 621.9726976 551.0664239 521.7675976 529.2749152 558.3155446 592.1674251 600.5074053 605.4954149 622.2348929 647.881221 673.5796871 695.9429477 712.8097366 721.2745755 725.9788366 722.7995047 717.8664933 710.6143214 705.7687044 697.1083131 689.013895 681.2624792 674.396562 685.7801287 705.4099846 724.7201208 757.4736937 786.7350943 806.4703902 852.0714965 883.3920242 930.1903753 954.4365725 947.8360111 972.5341862 967.6710772 966.949171 946.8429209 903.526978 887.5509065 853.3974761 826.5426106 787.3456754 762.091106 734.8095983 712.7458357 693.7766505 680.9221402 681.3761392 687.5341601 697.9097976 722.0584127 747.0973478 782.0335141 822.3019412 857.1770116 896.1348993 931.5456487 958.3114939 989.43305 1012.550655 1035.902509
856.6974715 742.4139965 627.3722019 569.8845876 532.2046829 537.7850721 557.148872 582.0278166 597.343425 610.2631139 624.1328761 651.1462867 678.0374052 695.2126256 713.1446986 719.7908331 717.9872419 712.2520169 689.8324017 669.0980585 664.3785831 658.9175552 652.9657334 650.5783329 645.2699434 656.6363542 676.6812572 695.6743383 722.3500657 754.2850708 774.1969769 820.2164116 848.7010976 877.1432928 910.5022078 907.2835581 931.6301455 919.1848487 910.6776295 901.1744613 871.8810114 860.2378067 837.4301267 824.9294952 813.7438481 785.957299 751.3104635 729.1874176 698.8304359 693.2420743 694.3373645 704.5032198 717.468662 744.125835 770.1617036 799.9477093 839.2459742 878.653613 913.4252347 949.8665772 979.6555437 1007.801818 1029.905573 1049.856906
849.5487747 736.7521753 638.6565984 574.2018492 548.1358401 547.4318574 554.687817 569.596808 585.7668886 605.1678571 625.9428668 645.8932222 667.2450495 687.9606868 704.8485109 709.6226524 704.6686658 694.0998627 671.8983778 645.4558367 622.1766192 618.1121406 614.6307125 612.8655704 612.0461394 624.5599421 643.1149781 661.9610587 691.9890525 720.4416338 738.1001209 779.709564 808.8188437 849.6007155 872.3468298 864.9959663 883.5192702 882.2796821 878.8144773 867.6462104 869.6674414 886.4818116 894.2207631 889.5841246 874.6136277 851.9447323 830.9492683 806.8089643 787.6857629 770.1343471 766.5601456 767.780968 770.969036 788.001127 802.8720719 831.9390762 863.2091723 886.855932 923.6054619 956.3153655 982.1667896 1010.39887 1030.971852 1056.502349
823.8338413 720.607219 620.834448 576.6841861 571.4461229 564.3384239 546.3132132 555.738528 577.5834428 595.5827875 612.3716479 631.7605062 651.5102798 665.9193848 687.4579002 692.6762041 684.0151604 675.0483169 654.4411529 632.4272944 610.3219987 578.5667573 577.7131627 580.7897764 579.8592072 591.1160359 610.4760157 626.071474 648.5919438 678.9548657 695.7720633 745.9559264 762.1635072 782.9177478 815.9911845 814.6774856 847.1744676 847.9008111 866.5854288 904.0527582 914.3156716 930.1261431 936.5892228 923.5608656 915.4470222 896.6329887 877.9495668 865.6342617 855.4361299 844.3799482 847.2911579 847.5602655 861.0673293 878.5801393 894.9353416 921.0744753 948.8192476 973.5329285 987.3061225 1002.798659 1002.184052 1002.836469 1021.634223 1041.30957
778.1057147 675.880949 609.3989916 573.1571902 558.5739194 556.8042306 551.7233228 546.682797 553.1710631 572.4786751 591.6858463 606.2713549 626.3296708 643.5079311 658.9777938 663.5245614 660.2479833 652.02216 633.820255 615.239822 598.3432175 575.9488099 557.7996413 547.840146 551.2892843 559.1059538 575.0901178 591.4723778 615.9687298 640.0730597 655.3855154 690.1187048 715.9676505 750.6264235 774.4719998 805.1978206 842.6352684 875.5849929 902.0911555 924.8656143 934.3800848 944.342196 950.8720025 946.0656163 938.4460571 926.6287291 914.6337341 905.1158824 899.3687086 897.7803886 905.3448765 915.0667182 927.1664395 945.4924077 963.5081696 989.1194282 1014.972661 1034.857623 1056.277373 1067.82511 1071.078776 1064.041559 1054.160572 1043.776095
725.1647668 646.9045098 570.3941557 550.9842728 545.7062901 554.4801941 549.233217 534.0617808 550.1383614 550.6637242 556.9985055 576.4144479 598.167629 614.4401543 627.2310453 633.7875953 634.3388784 629.6032224 617.6563408 600.8821326 589.4160418 572.3137573 560.5330497 552.6843193 544.1494792 548.6077253 555.5504023 569.2642628 591.6085518 617.5910328 647.5529355 687.1142857 725.0964753 761.002029 801.6667155 829.7623768 865.8728449 893.4053544 911.7606913 933.3477868 941.0452966 951.9293743 958.7145866 954.8261519 954.0494125 949.0470425 940.0503111 937.8580272 938.8338174 941.8052651 952.5925637 961.0303687 979.1048741 997.9612051 1017.93584 1041.935333 1064.928508 1088.605946 1107.370392 1125.707316 1134.546682 1134.977637 1132.105334 1126.685474
689.5153335 629.0772651 567.7936414 548.9784431 556.9403582 564.7704028 568.1519234 553.9763114 544.874518 522.2698727 529.4071338 548.6816277 568.8535983 585.3340704 593.6297487 598.4874569 604.0210112 605.2329531 595.5147329 583.5895859 575.5823047 565.2968684 558.6119468 551.5542231 548.9777126 556.1613914 566.8483278 582.7438054 604.4460483 631.2435287 660.0022802 696.2929859 732.4085436 768.9485786 803.942485 829.8899111 860.1242205 884.9262323 905.578886 921.9840836 931.0787046 941.1414987 949.9733404 952.5937546 957.5912442 959.7342565 958.7459259 964.5571109 966.9524663 976.0294335 990.1641556 1000.935195 1020.001143 1035.096127 1057.882443 1080.978146 1101.519247 1124.254743 1144.263745 1164.793935 1177.250565 1181.561217 1189.232882 1189.684864
672.7172449 631.5563936 572.9986578 555.2801741 559.5137905 574.67432 575.9244423 570.2186578 539.6650726 498.2669554 492.66962 518.3053533 541.9903287 551.8475827 557.2852978 562.8174865 572.2469394 580.3288868 574.4646139 564.2356942 561.60663 555.8222664 554.789026 554.9642894 550.8083982 560.1486987 575.4124268 590.6308902 615.648807 638.3959616 665.3424949 704.6630183 732.9078903 766.1380626 796.8640285 819.650855 851.8341752 869.2556186 886.2496132 903.1045394 912.9862177 926.4317008 936.0737273 943.6813934 954.2433458 963.1850004 969.6661774 983.4949225 989.5787711 1002.203689 1018.700048 1028.763734 1050.780195 1067.509696 1086.655383 1108.872455 1129.027536 1151.236174 1172.30216 1192.418327 1208.459626 1219.651274 1233.156971 1241.890092
713.3924304 674.8537793 611.1048467 585.3735448 574.0223599 570.5555521 573.8552411 556.0188297 528.3606002 481.5692938 475.9985609 499.5092534 513.618378 525.6728805 525.3921287 528.9413811 542.0405464 550.7638272 550.046468 542.9801141 541.5030154 542.2228457 543.0261741 543.5339513 544.1985934 554.5639164 569.9269364 587.0337116 608.9608211 632.2405694 657.6227731 688.4403754 718.324831 748.4478774 775.5223704 797.4268999 822.1946721 842.5936299 861.2596849 876.855875 889.5004397 904.723246 917.9789114 931.5264497 944.3640035 959.3466188 975.3000111 991.2357695 1004.18589 1019.500848 1037.020043 1050.653235 1068.914537 1082.977736 1101.843289 1121.880793 1138.858733 1160.886906 1177.423039 1199.016815 1215.716927 1228.416616 1246.50903 1256.675269
739.2650151 727.8280716 691.5788534 644.5564064 598.4552376 583.1811789 575.7709697 563.4303951 531.3006693 479.1585695 463.9365981 483.2482999 493.5609361 498.189261 496.4255912 498.958718 513.8401598 525.2679714 526.0609785 520.489611 521.9432767 524.8298923 528.0027964 533.5476451 532.8317221 544.4507239 562.3852032 578.5031087 601.3059083 621.2083453 644.82777 676.6106871 700.2683729 726.5597326 751.6932757 771.1250026 796.67041 814.1813649 830.236418 848.7292545 863.3881603 881.5810248 898.5001599 916.0256159 932.4603759 951.8832787 971.7264901 993.4521359 1010.650375 1025.670298 1044.168539 1058.119473 1077.757576 1090.751894 1106.278568 1127.379568 1145.234627 1164.728675 1181.998262 1200.34121 1218.083844 1234.817705 1252.446299 1268.612959
-9999 784.0598827 804.2792337 737.0460552 659.425693 607.7174986 595.4601849 583.4842527 538.6198361 499.3624293 478.4596659 482.3464523 482.4294003 481.5629642 477.0584836 479.3006297 493.4754726 503.5450444 506.1270672 502.7917845 501.8286917 508.0295069 511.2065443 515.8467393 519.5563222 529.3167561 546.0534922 562.0837015 583.3630003 603.2101706 626.4930209 651.3847182 675.7273966 700.6956228 721.8630658 744.0851838 764.7130985 783.7421649 802.966016 819.51198 838.8134955 861.0411545 881.5148213 901.2188509 919.7631968 939.6680619 965.6019729 986.5291345 1003.464324 1019.907554 1035.582106 1050.830579 1065.8319 1081.907622 1100.321376 1118.640476 1136.604074 1157.552837 1172.671877 1195.476602 1212.317185 1221.923845 1241.552811 1251.650765
-9999 -9999 873.6043449 804.8998414 707.6686355 654.7514374 618.8083505 615.8812951 582.8700787 536.0694709 510.2833537 497.4864409 485.8897741 475.0229305 470.4936524 465.2126796 475.0456138 482.7889262 485.6698635 484.6965265 486.4310626 489.2376068 493.614718 499.3860603 501.5189272 512.1557745 528.8793746 544.6501243 563.3817982 581.431598 602.0706796 628.7800817 650.1507019 671.8344546 693.5638825 712.4326098 734.174427 752.3387602 771.3683023 792.1289877 813.2748002 837.3775619 861.2104073 882.908517 904.9245093 928.1274243 950.6685095 973.2966852 989.8350377 1001.723982 1017.331407 1031.840199 1048.966461 1064.785292 1080.525214 1102.996555 1125.617178 1149.940492 1164.345702 1179.035073 1197.730227 1215.134616 1233.60618 1238.613896
-9999 -9999 -9999 890.0062852 744.6255413 687.7860609 674.3154447 663.8135866 632.8819269 606.7431534 562.0431735 520.8411466 505.0190304 479.6052247 466.4775915 464.9349381 463.9387219 466.9089281 469.4667847 469.7558184 469.1606716 473.7577439 475.5884419 480.0192905 486.0050491 494.4508896 508.9530868 522.525915 541.5326869 558.8234809 579.2578625 603.480497 623.6571051 645.8970616 664.8284373 685.3718097 706.9504387 723.3900906 745.0531957 765.1265883 787.851299 816.0462273 841.3713288 865.17776 890.1082881 912.4893914 931.2349985 950.028985 964.6066865 976.3135264 987.850351 1003.799065 1016.61513 1035.22536 1056.938986 1075.473451 1102.332214 1125.167767 1139.405743 1162.252767 1176.88096 1188.900972 1206.633976 1207.575031
-9999 -9999 -9999 887.7006553 765.0867708 717.3914106 707.7000624 713.7353062 707.8599399 699.0441467 663.6392587 599.8234493 543.0134531 507.7254177 481.2784043 467.5012887 458.7225243 455.5325056 452.3733321 453.9120252 453.1771027 454.3730285 457.376159 462.130134 468.5954291 477.3562046 490.3018455 503.3700426 519.7496095 536.9649794 555.4914753 577.3603489 597.7850597 618.8345078 638.2768114 657.3515637 677.3870443 696.6698042 717.2579855 738.2550732 761.0539306 787.7895398 815.527986 839.9051036 866.3282429 888.1916716 904.2040765 921.1447742 933.6430946 944.8422552 957.6158035 972.0688566 986.1127324 1005.186114 1026.377255 1046.103115 1071.454557 1094.936977 1116.075262 1134.752254 1148.862164 1163.310859 1174.239447 1180.530992
-9999 -9999 -9999 844.3616382 755.8536088 736.3427512 745.8858092 757.5244639 787.3201418 813.8439051 776.0231277 693.2387347 596.3106754 547.1843168 502.3911226 481.7334287 456.7130178 453.8380163 445.7786317 443.965536 442.2420725 441.9535914 441.2679067 445.9774387 452.2552145 459.1470874 472.4030784 483.1003467 498.2936312 514.0534371 531.813616 553.3370846 573.6421916 592.6827394 612.611567 632.3679962 652.4151699 670.993835 692.9217818 712.5813846 735.0795145 762.5884559 786.1117428 814.0650279 840.1877356 860.564767 877.2755538 892.1639324 904.7397425 916.2988842 927.5832319 941.5708731 952.7716339 970.3222441 990.3511928 1007.039103 1035.220426 1054.706781 1073.151778 1096.983015 1109.151257 1122.362457 1132.50336 1135.433473
-9999 -9999 -9999 -9999 730.0170118 734.4174896 746.9179557 770.533573 854.5645832 916.3214924 906.8059416 805.1303533 697.6337823 619.1674801 547.681625 508.0347588 487.484365 461.9606134 450.4010407 441.51543 433.6732767 426.592183 427.0043074 427.7008151 434.2023574 440.7763533 450.5326846 461.8700794 475.4099946 490.2543923 506.6448714 525.3554741 545.9453705 564.5423869 584.6448578 604.9562315 626.1143527 647.4138609 668.1870741 689.7358962 710.892865 734.2489374 758.8672033 783.7208791 807.9889783 828.437504 845.8670313 861.0381033 873.4714466 886.0065623 897.590905 909.4849969 921.5064175 938.1941237 954.7939106 970.0798505 994.3997431 1015.362326 1040.23656 1060.734875 1074.121252 1087.357676 1094.141607 1099.434841
-9999 -9999 -9999 -9999 670.5457145 720.6758749 735.6165882 763.4972433 891.6811009 1004.160185 1006.817593 919.3687598 805.3516753 705.9970922 613.4851561 556.5168521 517.7985167 489.8939516 460.7674408 445.9290068 434.4954534 415.4118738 417.8249842 415.9510918 419.0158579 424.1975021 433.2496083 439.9803973 453.7452142 466.4696735 481.9311801 501.8358978 518.2467893 539.0113761 559.6070528 581.1909812 605.8137887 627.0260683 650.9903374 671.0346825 690.2528891 714.5134789 733.9991899 756.4948714 779.1992116 797.3987715 816.2749794 832.6424556 843.2152584 856.1227563 867.4614198 878.5891874 891.1900698 902.9903383 916.9717502 929.9955942 956.816441 974.5540397 995.1476912 1022.648468 1034.869708 1046.73827 1052.12666 1051.968244
-9999 -9999 -9999 -9999 -9999 674.3139812 750.2371905 806.2215585 899.9288855 977.9837401 998.2091912 967.470061 904.9333561 848.8075252 759.4521475 700.4382855 646.6198219 570.2395434 524.9523386 478.3360562 441.2944108 426.9222801 415.8571301 408.500195 409.4398541 411.4369505 414.1014999 422.7573932 432.5920451 445.400485 460.2217177 478.748784 498.2724182 518.3996113 539.9491967 563.6156906 590.1520609 614.8602817 635.2690399 654.5739408 671.7099972 690.0699104 709.7690849 729.8050373 750.1852905 768.12373 785.4028822 801.3090206 813.1917605 824.6858186 835.1051339 845.5344057 857.1182774 869.4284598 882.7530814 894.1814326 915.728027 936.062182 960.6884044 983.8673437 997.4229176 1008.892522 1013.18612 1008.954674
-9999 -9999 -9999 -9999 -9999 620.5862151 758.3147513 860.7351575 903.6421946 929.6463524 949.0397494 972.6943562 991.8012703 1016.327884 973.372624 924.3747445 860.4734673 708.7872867 639.1301525 554.2870778 486.8561781 446.4040332 421.1818599 413.0029457 403.0547332 402.8841667 400.6885175 406.9692326 416.0467378 428.8893233 443.2993124 463.4503019 483.2442013 504.8972168 528.2127566 552.9359524 582.2670309 609.107478 624.5426536 639.7094873 654.2773875 670.5871603 686.6611781 706.434767 725.8502694 741.6086759 758.7734764 771.997676 783.3940295 791.7939038 801.0446454 811.6951457 821.7121061 831.7268048 846.5717553 857.5604694 878.4292519 895.2704859 917.7589981 941.6980611 956.1501086 967.8194237 971.5994091 961.1211313
-9999 -9999 -9999 -9999 -9999 -9999 701.0727939 853.2871992 893.5035949 904.6738205 925.2835945 979.1558613 1055.662261 1169.763887 1294.328697 1314.803956 1216.617942 1085.854876 943.0620065 763.9753127 638.8737107 567.3256266 480.3291862 442.9040261 415.1174331 398.7474327 395.8298368 397.2247221 402.1447337 412.8333349 427.2320518 448.3303098 471.1297989 493.5322379 518.5098982 543.8500538 570.0253345 594.0990496 609.9301614 622.2870422 634.8798877 649.8864396 666.0541928 684.6300199 703.9829208 719.6156681 734.5212875 746.7753563 757.8391741 765.6850453 773.179953 781.8364788 788.3641167 800.3493076 810.455269 820.1679805 839.9757747 857.5803018 879.3418528 900.3543361 912.9702322 924.4564875 926.6514347 914.5437278
-9999 -9999 -9999 -9999 -9999 -9999 605.895258 869.9952243 841.6746106 878.9499103 902.0463586 960.7775647 1065.011718 1271.420037 1520.815519 1605.20163 1513.814127 1472.434392 1320.561017 1081.766027 910.2778648 790.866291 586.9650936 513.0423765 445.4640626 408.8518975 392.5307297 387.0640533 394.4182223 400.2915687 412.7647046 437.1782607 459.5750011 482.7720534 508.7082662 535.1002032 560.0146661 580.7455085 594.3492445 604.615606 615.604884 632.4714133 646.4683516 665.1920451 685.3810163 699.6970867 714.7230088 724.2528039 735.8517121 743.4617983 750.4884732 757.3652088 758.9398528 767.9687277 776.2857219 786.4172019 809.8169468 819.66887 837.4520237 860.0641085 869.194468 879.7398768 883.392339 865.772261
-9999 -9999 -9999 -9999 -9999 -9999 -9999 600.5184172 734.1041097 827.304253 894.5464579 952.1056004 1053.206292 1199.69591 1422.356701 1540.478356 1604.103607 1652.009669 1615.029844 1566.800517 1399.578394 1092.693589 837.3078622 649.1983247 502.2939094 430.2687201 406.8258343 392.7116973 391.4620561 394.7426464 407.4085112 428.5978658 452.0612926 476.3191483 500.8509042 523.5929761 546.1290495 564.960354 579.4984815 590.0763635 601.4376044 616.0853906 630.6161663 649.5285828 668.2500499 682.8374499 696.8550225 709.5355141 719.9478623 728.4653 733.5126603 738.2483586 739.5331512 747.3489963 754.436069 762.9851012 780.1128668 795.7684537 809.8159048 821.038787 827.4839941 833.863706 829.7846124 811.9934675
-9999 -9999 -9999 -9999 -9999 -9999 -9999 369.0311482 568.6519675 751.1032513 895.41344 957.7610799 1027.263249 1147.717463 1290.704118 1360.405352 1493.953691 1661.625945 1679.124648 1810.488243 1693.11503 1318.389637 1028.53608 804.3086594 591.3561462 485.2665137 440.7303382 406.5692887 402.8198057 400.9917056 407.5687247 428.9000893 447.3971764 469.3802367 492.8922779 513.1979026 532.5289174 549.4467498 562.5978917 574.6310206 586.5076856 600.0642314 614.4311097 631.5585191 651.7567064 667.4728519 681.4270064 695.3110442 705.2556233 716.3859145 720.5100088 723.231673 722.5906034 726.5811927 733.8979836 740.9392486 759.3320376 771.8797642 777.2602645 785.4422667 785.2895429 784.3742005 779.8019383 754.4811294
-9999 -9999 -9999 -9999 -9999 -9999 -9999 238.0663994 405.4859332 612.5497802 772.745539 901.619623 1006.517102 1067.392922 1114.653188 1179.334335 1229.509622 1330.607893 1423.093142 1519.782494 1471.964917 1305.045807 1135.305887 908.0513794 715.8459271 581.9028997 499.7358893 447.6595004 420.2510659 413.3907815 420.2680307 434.6565556 453.8721994 469.8498701 487.541178 503.4635116 519.8272977 535.1589195 547.0583219 558.4199372 569.1332231 582.6112719 597.8393095 613.92782 633.1272037 648.2516151 661.5405619 677.5131039 689.683682 700.2626365 705.4624697 708.0397269 708.798846 713.2370611 719.7667642 727.1969185 741.2470267 751.6603898 760.2215996 762.0875001 758.2996582 750.5146644 733.5478043 709.9263428
-9999 -9999 -9999 -9999 -9999 -9999 -9999 -9999 253.5132072 426.3586505 597.6787181 762.9149318 931.4372143 972.9443799 987.1593029 1017.748063 1032.09565 1032.10351 1111.592682 1184.286469 1198.417209 1201.635575 1150.106516 1020.151141 861.6150606 728.9178739 613.6700749 518.7858371 475.6556411 445.9177653 440.8435898 450.5888216 460.2271135 471.1232944 484.6132307 493.8181055 505.1747373 518.3558009 526.541368 536.409175 546.9286013 560.4704792 574.8200698 589.4234419 610.7374265 629.8303348 646.4352996 662.7606594 679.2702754 692.8884655 698.0075152 700.5268579 698.6248648 703.624327 708.7424173 713.8037562 728.1565275 736.0752297 739.2604803 741.7385245 731.2448289 712.5861581 692.5694447 662.3319521
