meets/meet004/data/CCSM_6k_neotropic_bio07.asc
NCOLS 154 
NROWS 168 
XLLCORNER -112 
YLLCORNER -55.5 
CELLSIZE 0.5 
NODATA_value -9999 
[rows 29 to 57 of 168, columns 64 to 127 of 154]
-9999 -9999 -9999 -9999 -9999 -9999 -9999 -9999 -9999 -9999 -9999 -9999 -9999 -9999 -9999 -9999 -9999 -9999 -9999 -9999 -9999 -9999 -9999 -9999 -9999 -9999 -9999 -9999 -9999 -9999 -9999 -9999 -9999 -9999 -9999 -9999 -9999 4.557539466 -9999 -9999 -9999 -9999 -9999 -9999 -9999 -9999 -9999 -9999 -9999 -9999 -9999 -9999 -9999 -9999 -9999 -9999 -9999 -9999 -9999 -9999 -9999 -9999 -9999 -9999
-9999 -9999 -9999 -9999 -9999 -9999 -9999 -9999 -9999 -9999 -9999 -9999 -9999 -9999 -9999 -9999 -9999 -9999 -9999 -9999 -9999 -9999 -9999 -9999 -9999 -9999 -9999 -9999 -9999 -9999 -9999 -9999 -9999 -9999 -9999 -9999 -9999 4.521114798 -9999 -9999 -9999 -9999 -9999 -9999 -9999 -9999 -9999 -9999 -9999 -9999 -9999 -9999 -9999 -9999 -9999 -9999 -9999 -9999 -9999 -9999 -9999 -9999 -9999 -9999
-9999 -9999 -9999 -9999 -9999 -9999 -9999 -9999 -9999 -9999 -9999 -9999 -9999 -9999 -9999 -9999 -9999 -9999 -9999 -9999 -9999 -9999 -9999 -9999 -9999 -9999 -9999 -9999 -9999 -9999 -9999 -9999 -9999 -9999 -9999 -9999 -9999 -9999 -9999 -9999 -9999 -9999 -9999 -9999 -9999 -9999 -9999 -9999 -9999 -9999 -9999 -9999 -9999 -9999 -9999 -9999 -9999 -9999 -9999 -9999 -9999 -9999 -9999 -9999
-9999 -9999 -9999 -9999 -9999 -9999 -9999 -9999 -9999 -9999 -9999 -9999 -9999 -9999 -9999 -9999 6.359145085 -9999 -9999 -9999 -9999 -9999 -9999 -9999 -9999 -9999 -9999 -9999 -9999 -9999 -9999 -9999 -9999 -9999 -9999 -9999 4.440628503 -9999 -9999 -9999 -9999 -9999 -9999 -9999 -9999 -9999 -9999 -9999 -9999 -9999 -9999 -9999 -9999 -9999 -9999 -9999 -9999 -9999 -9999 -9999 -9999 -9999 -9999 -9999
-9999 -9999 -9999 -9999 -9999 -9999 -9999 -9999 -9999 -9999 -9999 -9999 -9999 -9999 7.88120635 8.293031533 8.263816214 -9999 -9999 -9999 -9999 -9999 -9999 -9999 -9999 -9999 -9999 -9999 -9999 -9999 -9999 -9999 -9999 -9999 -9999 -9999 -9999 -9999 -9999 -9999 -9999 -9999 -9999 -9999 -9999 -9999 -9999 -9999 -9999 -9999 -9999 -9999 -9999 -9999 -9999 -9999 -9999 -9999 -9999 -9999 -9999 -9999 -9999 -9999
-9999 -9999 -9999 -9999 -9999 -9999 -9999 -9999 -9999 -9999 6.469992666 7.302253093 8.23513679 8.989236497 9.757006926 10.14883101 -9999 -9999 9.737502023 9.425908591 8.877508352 8.184134331 7.389043732 -9999 -9999 -9999 -9999 -9999 -9999 -9999 -9999 -9999 -9999 -9999 -9999 -9999 -9999 -9999 -9999 -9999 -9999 -9999 -9999 -9999 -9999 -9999 -9999 -9999 -9999 -9999 -9999 -9999 -9999 -9999 -9999 -9999 -9999 -9999 -9999 -9999 -9999 -9999 -9999 -9999
-9999 -9999 -9999 -9999 -9999 -9999 -9999 -9999 -9999 7.082313477 8.177606011 9.226041862 10.79373146 11.03249255 11.8944741 12.0660529 11.50074721 11.82395856 11.28856449 11.45097898 11.07034639 10.2721825 9.863602435 8.481574147 -9999 -9999 -9999 -9999 -9999 -9999 -9999 -9999 -9999 -9999 -9999 -9999 -9999 -9999 -9999 -9999 -9999 -9999 -9999 -9999 -9999 -9999 -9999 -9999 -9999 -9999 -9999 -9999 -9999 -9999 -9999 -9999 -9999 -9999 -9999 -9999 -9999 -9999 -9999 -9999
-9999 -9999 -9999 -9999 -9999 -9999 -9999 -9999 -9999 9.068999327 10.9994645 11.98166733 12.8467908 13.03159162 13.09921239 13.0403517 12.68450192 12.56091137 12.33881017 12.34800002 11.78466928 11.32707636 10.98610663 10.21057278 9.768459131 9.50494941 9.48487282 9.82472315 9.768995028 9.87251189 9.858314687 9.770459024 9.563844903 8.791821338 7.788894691 -9999 -9999 -9999 -9999 -9999 -9999 -9999 -9999 -9999 -9999 -9999 -9999 -9999 -9999 -9999 -9999 -9999 -9999 -9999 -9999 -9999 -9999 -9999 -9999 -9999 -9999 -9999 -9999 -9999
-9999 -9999 -9999 -9999 -9999 -9999 -9999 -9999 -9999 11.76451301 13.58558206 13.68931023 14.17996766 13.88925707 13.59138265 13.38174278 13.06218836 12.91151595 12.72605558 12.91183769 12.54638672 11.88147608 11.61184522 11.37425871 11.74341102 11.81808991 11.83385327 12.4126425 12.04079212 12.26738439 12.19934528 11.84157916 11.88895816 10.77715292 9.637023886 8.426693372 7.03434298 -9999 -9999 -9999 -9999 -9999 -9999 -9999 -9999 -9999 -9999 -9999 -9999 -9999 -9999 -9999 -9999 -9999 -9999 -9999 -9999 -9999 -9999 -9999 -9999 -9999 -9999 -9999
5.241026797 5.440861015 5.789048624 5.156608997 -9999 -9999 -9999 -9999 10.66108829 12.72352498 14.04950294 14.45742305 14.25205122 14.3440625 14.27754739 14.05673546 13.68500961 13.37915795 13.11512796 12.81956773 12.45952833 12.04244563 11.84620813 11.64252845 12.19386539 12.54915327 12.61368475 12.847166 12.81889707 12.91623937 12.84827773 12.68120202 12.46451872 11.8803884 11.22245358 10.12110984 8.692880301 7.325491308 -9999 -9999 -9999 -9999 -9999 -9999 -9999 -9999 -9999 -9999 -9999 -9999 -9999 -9999 -9999 -9999 -9999 -9999 -9999 -9999 -9999 -9999 -9999 -9999 -9999 -9999
5.527765518 -9999 -9999 7.256061333 7.089079559 8.132215005 9.671620429 11.16839069 12.97437512 14.37846703 15.21560081 15.17379563 14.82818065 14.84702965 14.87239499 14.65275029 14.2060864 13.72601595 13.16566488 12.71074245 12.26278055 11.841287 11.65387444 11.51088035 12.06801807 12.50399886 12.66245087 12.91684858 13.04294625 13.15355146 13.10979385 12.98421721 12.79073544 12.43266153 12.18936751 11.36803285 10.22396011 9.066761526 -9999 -9999 -9999 -9999 -9999 -9999 -9999 -9999 -9999 -9999 -9999 -9999 -9999 -9999 -9999 -9999 -9999 -9999 -9999 -9999 -9999 -9999 -9999 -9999 -9999 -9999
-9999 -9999 -9999 7.533690995 10.76014913 12.75116913 13.63555659 15.17183761 15.73194344 16.30218241 16.57208198 16.07380292 15.92053103 15.2761709 15.18823298 14.81576936 14.16068614 13.88730922 13.16142181 12.6841646 12.09590067 11.46605906 11.19067416 11.2402225 11.39743914 11.98462459 12.53435354 12.96143989 13.23640303 13.42701273 13.40070389 13.11228378 12.88469587 12.63015127 12.39318746 11.96788935 11.4301611 10.85133802 9.873227838 8.858290025 7.422607079 -9999 -9999 -9999 -9999 -9999 -9999 -9999 -9999 -9999 -9999 -9999 -9999 -9999 -9999 -9999 -9999 -9999 -9999 -9999 -9999 -9999 -9999 -9999
-9999 -9999 -9999 6.752431418 10.90037087 13.60279076 14.97265122 16.73675121 16.97562849 17.22741483 17.06387711 16.40206592 15.94896326 14.75949804 14.1629025 13.78621194 13.56685066 13.32038426 12.52315349 12.16583683 11.67895956 11.07018561 10.73502344 10.79008201 11.12191288 11.51843067 12.2451704 12.81511238 13.22138323 13.40369072 13.38964847 13.04604879 12.71334321 12.41683574 12.34228792 12.11159968 11.93046283 11.85923094 11.34861223 10.77482602 9.448126409 7.54315938 -9999 -9999 -9999 -9999 -9999 -9999 -9999 -9999 -9999 -9999 -9999 -9999 -9999 -9999 -9999 -9999 -9999 -9999 -9999 -9999 -9999 -9999
-9999 -9999 -9999 -9999 7.871490387 10.92544831 13.81413969 15.98692744 16.77721107 16.74931143 16.41493844 15.97759647 15.19724654 13.67142688 13.24881902 13.05451379 12.90229389 12.39411064 11.61290181 11.46111775 11.11273893 10.61191801 10.41985644 10.68194567 10.96971868 11.35381583 12.2207284 12.62103851 13.06747865 13.15649612 13.04394626 12.6940639 12.26323186 12.04090543 11.91286063 11.87971566 11.94717738 12.02079255 11.91279985 11.88842477 11.02964775 9.550183803 8.14011178 -9999 -9999 -9999 -9999 -9999 -9999 -9999 -9999 -9999 -9999 -9999 -9999 -9999 -9999 -9999 -9999 -9999 -9999 -9999 -9999 -9999
-9999 -9999 -9999 -9999 -9999 8.314158715 11.93361007 14.77092473 15.75639913 15.44015698 15.07296283 15.02917412 14.20082241 13.17023735 12.73171753 12.31784421 12.0816884 11.55810507 10.9442273 10.70728636 10.90645874 10.95225398 10.82167307 11.26101485 11.95909069 12.40334722 12.79105378 13.00343177 13.13490335 12.87910378 12.64451481 12.31667328 11.98826943 11.79474063 11.69430619 11.67021797 11.7210278 11.83084168 11.86753609 12.03556626 11.654364 10.96318239 10.00877136 8.251931558 -9999 -9999 -9999 -9999 -9999 -9999 -9999 -9999 -9999 -9999 -9999 -9999 -9999 -9999 -9999 -9999 -9999 -9999 -9999 -9999
-9999 -9999 -9999 -9999 -9999 6.574532338 10.5867736 14.17042497 14.74644316 13.95256456 13.59524388 13.83865088 13.59934199 13.069338 12.37353941 11.7556208 11.5376319 11.06199211 10.89293991 11.35605536 11.92319076 11.94345362 12.2617147 12.59089116 13.99271552 14.55037753 13.92527821 13.8799163 13.45796329 12.72663065 12.35580588 12.18441154 11.88569076 11.78448494 11.71290833 11.64489231 11.51836281 11.49171756 11.44201615 11.49517756 11.49246724 11.60007306 11.61837086 10.33901233 9.196295911 -9999 -9999 -9999 -9999 -9999 -9999 -9999 -9999 -9999 -9999 -9999 -9999 -9999 -9999 -9999 -9999 -9999 -9999 -9999
-9999 -9999 -9999 -9999 -9999 5.993235834 9.764588909 12.93218231 13.66401548 12.72771407 12.58064918 12.96560692 13.12445862 12.86059196 12.24312314 11.62332224 11.12446756 11.24888493 11.46733953 11.89380573 12.36302203 12.38472982 12.77693101 13.40477849 14.38882205 14.907187 14.51000875 14.18867029 13.78135506 13.21243717 12.81968075 12.50249459 12.31548793 12.11041492 12.04086519 11.68591045 11.26519166 11.02472568 10.87723682 10.95391256 11.10038154 11.48860156 11.87043258 11.61602567 11.39430954 11.0804737 10.70824151 10.46319617 10.11057791 9.600831001 8.725099201 7.564558955 -9999 -9999 -9999 -9999 -9999 -9999 -9999 -9999 -9999 -9999 -9999 -9999
-9999 -9999 -9999 -9999 -9999 5.69901094 9.201479451 12.56268595 12.84262894 12.05601069 12.14411682 12.53921235 12.654184 12.57067121 12.26100815 11.63731975 11.19343368 11.88266534 11.84231987 11.96093351 12.20524803 12.30010116 12.91282312 13.29407295 13.8572952 14.11808245 14.03928873 14.26922291 13.96350957 13.79115627 13.44524603 13.07972947 12.94076444 12.50256139 12.40244207 11.89760048 11.18594114 10.57896185 10.5471225 10.5094971 10.72252894 11.16923786 11.58656628 12.19276561 12.90897223 13.3050705 13.52632945 14.18802957 13.49439968 13.50154434 12.66868097 11.15952075 9.973350178 7.687182712 5.39612125 -9999 -9999 -9999 -9999 -9999 -9999 -9999 -9999 -9999
-9999 -9999 -9999 -9999 -9999 5.607764468 8.946358832 11.76815526 12.36614066 11.93808703 12.03835212 12.28073322 12.28860991 12.25207842 11.96376886 11.41753628 11.51235755 11.84727368 11.820721 11.80574337 11.82058826 11.75547802 12.00239285 12.32667249 12.79386305 13.06861277 13.49654353 13.75117571 13.77591683 13.6916499 13.57128459 13.32314884 13.08708741 12.69698937 12.64042503 12.14973605 11.2824617 10.80544988 10.50680693 10.37172345 10.51621676 10.93515035 11.58893632 12.40949097 13.40879894 14.16787246 14.7585319 15.3232876 15.19690131 15.13967537 14.55002481 13.53669636 12.40909514 10.47499593 8.455810348 6.298082766 -9999 -9999 -9999 -9999 -9999 -9999 -9999 -9999
-9999 -9999 -9999 -9999 -9999 5.391726963 8.689356559 11.90460067 12.20043801 11.86098355 12.00849609 12.05802223 12.03344389 11.96447797 11.69386001 11.3599204 11.5113771 11.60064528 11.44593174 11.33353426 11.16558877 10.81746434 10.69420723 11.28145327 11.81491958 12.46637579 12.9884708 13.17466151 13.46549551 13.42205287 13.34833519 13.22555075 13.03714418 12.77162775 12.80041201 12.34364309 11.442554 11.09060988 10.63407308 10.3836908 10.55265703 11.03645355 11.54586336 12.6180016 13.58248871 14.51368707 15.24444588 15.74056526 15.72445611 15.61714569 15.24630357 14.80720823 14.3593283 12.57611602 11.20418405 8.810559865 5.868983038 3.665616535 -9999 -9999 -9999 -9999 -9999 -9999
-9999 -9999 -9999 -9999 -9999 5.593627257 8.607177781 11.09256644 11.86167258 11.54885689 11.77360689 11.87138885 11.85850872 11.81716748 11.69612524 11.42762741 11.29841961 11.06211481 10.77326655 10.46676805 10.41366376 10.35778917 10.54926559 10.97621368 11.57982461 12.22079356 12.89663378 13.50846329 13.52369486 13.42682157 13.30746185 13.10920281 12.86259269 12.76938733 12.65033869 12.1181734 11.3745772 10.8350901 10.70757428 10.81268008 11.12532997 11.62409551 12.27198693 13.12696914 13.97177265 14.76101165 15.41925931 15.79718406 15.8422471 15.69630226 15.39870351 15.01085916 14.44506794 13.47055371 12.14458772 9.922776347 6.906647946 4.283745046 -9999 -9999 -9999 -9999 -9999 -9999
-9999 -9999 -9999 -9999 -9999 6.338463352 9.016475457 11.19315505 11.44762676 11.37272945 11.5219725 11.63108032 11.71029023 11.71999474 11.72186223 11.56717355 11.3558713 11.21614573 10.91510136 10.83648524 10.74799433 10.56739502 10.60368531 10.99752955 11.48413887 12.11856742 13.04120416 14.55825219 14.25936046 14.16338362 13.9353745 13.67710191 13.66453927 13.35761504 13.09797626 12.38347539 11.3599007 10.62640831 10.89206273 11.35906382 11.79420824 12.33171825 13.04436547 13.82381901 14.52644779 15.19648042 15.68778365 15.9850139 15.9156387 15.72045244 15.38884065 15.03947323 14.38678276 13.67389949 12.74655153 10.6169759 7.558898207 4.425623156 -9999 -9999 -9999 -9999 -9999 -9999
-9999 -9999 -9999 -9999 -9999 8.094632294 9.693689289 10.79401443 11.39434292 11.34539249 11.45509648 11.50056159 11.54609726 11.60907692 11.64671801 11.5528048 11.3475619 11.1702386 10.98230051 10.90265233 10.83541173 10.74897957 10.8628887 11.1395571 11.56224681 12.06239213 12.68443818 13.5658727 13.9326011 13.93418017 13.85718493 13.65049514 13.57581938 13.36981741 13.09066598 12.50991748 11.61172287 11.28946996 11.35559453 11.73028604 12.2574271 12.99490434 13.81589058 14.55292957 15.17492317 15.66809541 15.92519798 15.99056772 15.90288785 15.66133092 15.32403748 14.93612713 14.3645188 13.77178126 12.98554505 11.10796881 8.373552814 5.606427495 -9999 -9999 -9999 -9999 -9999 -9999
-9999 -9999 -9999 5.817598125 7.894692934 9.50427434 10.04879461 11.00325646 11.35125065 11.3417436 11.46545137 11.46897547 11.4125965 11.43960533 11.46634092 11.35456189 11.14094788 11.05074435 10.90868017 10.8348177 10.81065012 10.80793105 10.9639046 11.28398188 11.66994681 12.0439095 12.58204013 13.01093737 13.25839413 13.28946201 13.2723385 13.11831799 13.18831146 13.03530351 12.84475701 12.43809301 11.87634434 11.76091462 11.81673567 12.09203526 12.67986602 13.62399247 14.54271518 15.21363339 15.75189296 16.11143104 16.13065886 16.07907379 15.92359061 15.65669528 15.30637688 14.94707712 14.40027272 13.93409827 13.35611531 11.81159172 9.587933375 6.903820319 4.970049034 -9999 -9999 -9999 -9999 -9999
-9999 -9999 5.423794566 6.906968782 8.247138824 9.28587994 10.06045393 10.51120249 11.01823998 11.40118822 11.57236633 11.50984523 11.40567763 11.24067692 11.07516522 10.97983305 10.91080874 10.84220511 10.74949381 10.6978421 10.71576288 10.77806089 10.98355355 11.31334342 11.71715459 12.0372202 12.41951014 12.73876381 12.80764449 12.75672461 12.70629629 12.60500731 12.51257916 12.39444423 12.31918125 12.21890204 12.0773671 12.10864911 12.29057226 12.71749642 13.36388222 14.2112269 15.08172652 15.66211968 16.04545177 16.2678291 16.21304258 16.06280559 15.90663217 15.7178955 15.35268624 14.90878244 14.49699635 14.04402766 13.37389897 12.23739208 10.96300945 9.419792607 6.860733523 4.531958861 -9999 -9999 -9999 -9999
-9999 -9999 7.477424101 8.625053721 8.989364535 9.912803618 9.958598364 10.18158881 10.83316717 11.37340895 11.55563433 11.38942843 11.21250507 10.97168534 10.78142262 10.68476503 10.62655134 10.59246713 10.54266926 10.52964534 10.58949634 10.69363457 10.91974398 11.25666975 11.63774586 11.9131341 12.18006729 12.43023437 12.47646573 12.40337588 12.34437396 12.27369561 12.24031071 12.18117386 12.22076131 12.25184273 12.28099101 12.48816878 12.774915 13.26468388 13.89481245 14.67246058 15.45782461 15.86558297 16.13659878 16.29227842 16.1993023 16.04650761 15.93677256 15.72228846 15.35101544 15.11112183 14.67932238 14.01820957 13.35185775 12.47562873 12.09409817 11.16704765 8.064028311 5.400499639 -9999 -9999 -9999 -9999
6.359865187 8.989552839 11.26394574 11.04049186 9.964151721 10.05181055 10.23078087 10.27338053 10.74760466 11.22762691 11.33422727 11.11571382 10.81613955 10.6780744 10.57657436 10.47682976 10.39605655 10.32625336 10.34535813 10.39101634 10.49819725 10.63081324 10.83338921 11.12900339 11.44763066 11.65662624 11.83685727 12.01826784 12.08350654 12.04991488 12.03394375 11.98612256 11.94698484 11.9874429 12.06428405 12.25143593 12.46083224 12.80089986 13.17629852 13.66529008 14.26461112 14.96635551 15.51701192 15.92469628 16.07341634 16.17683021 16.24616873 16.15421619 15.97346665 15.66999675 15.46807018 15.16261982 14.65927095 13.93000646 13.2244548 12.62856182 12.27825175 11.13255888 8.603227997 5.552938876 -9999 -9999 -9999 -9999
8.301967078 11.4438167 13.88709754 12.91656049 11.29230331 10.91997905 10.68271498 10.62765455 10.68438683 10.99604867 11.07258675 10.7591478 10.44965645 10.39303719 10.36563438 10.32215502 10.23847552 10.16450292 10.25111578 10.36404092 10.44582601 10.55903196 10.70943822 10.95195964 11.19790538 11.37211125 11.44323487 11.62126271 11.75566359 11.77677885 11.79705954 11.77347179 11.74083226 11.81322969 11.95408403 12.19851285 12.53556317 12.98619671 13.43883912 13.95066048 14.55862433 15.17742599 15.70894684 16.10077907 16.22064898 16.34531533 16.43316342 16.30431535 15.99006925 15.74484337 15.49425108 15.10409597 14.56059109 13.88891123 13.23249548 12.48682136 12.1551295 11.19022262 9.125258755 6.541004147 4.865395703 -9999 -9999 -9999
9.779140394 13.00739017 14.69381836 13.76368672 12.81739099 12.08103395 11.32086402 10.90861297 10.92403818 11.01736217 10.90396077 10.61102923 10.33587112 10.37783259 10.5258558 10.5571536 10.49512173 10.45489827 10.52703659 10.63659597 10.6886053 10.69916711 10.69625657 10.78379711 10.93130592 11.05630329 11.15944674 11.22966954 11.41617169 11.58776369 11.6674411 11.59795013 11.61554479 11.68602776 11.82041637 12.15512287 12.56657865 13.07303272 13.61114464 14.15607813 14.77349024 15.42355738 16.01590473 16.3502168 16.68249172 16.80532219 16.74719729 16.55577952 15.98934588 15.86969933 15.53836946 14.95010068 14.3772656 13.71047636 13.0584907 12.42681592 11.97581076 11.19001655 10.15093673 8.936194629 7.44201344 5.816856202 4.416599569 -9999
