meets/meet004/data/CCSM_21k_neotropic_bio13.asc
NCOLS 154 
NROWS 168 
XLLCORNER -112 
YLLCORNER -55.5 
CELLSIZE 0.5 
NODATA_value -9999 
[rows 87 to 115 of 168, columns 64 to 127 of 154]
-9999 -9999 -9999 -9999 -9999 -9999 -9999 -9999 -9999 108.4330174 160.4680703 222.4506931 277.3319712 325.7334863 342.4115445 352.0150716 332.7173022 315.0028208 330.4119962 340.8023219 351.3262586 370.6229012 385.5759595 382.9921301 362.0933241 329.1590023 280.0163474 232.4506715 200.5097134 174.4913017 163.4415007 160.4069149 161.5705301 164.4735672 168.7370497 173.6981091 178.6530474 183.6487982 187.1260519 189.326587 191.061079 192.1137282 192.4507152 195.2722692 201.4615677 207.3847195 215.5745225 221.6204171 229.0442161 234.7898607 237.2882218 237.4022764 236.4277175 237.6256166 237.3888302 239.6785906 245.0223412 247.3257022 247.9605103 245.4339396 239.4964661 231.7194542 221.3542071 212.7494713
-9999 -9999 -9999 -9999 -9999 -9999 -9999 -9999 -9999 -9999 -9999 138.2486675 182.9861356 248.7504237 301.389623 332.2528781 325.6851589 304.2446841 298.946877 295.505713 315.0441288 339.2866405 381.262344 400.1800373 420.450985 392.6339836 337.855896 292.5221342 255.324891 213.1411023 187.4047832 171.8328511 162.8539081 162.5135332 162.194612 165.3387004 170.1339861 175.0693919 178.5163716 181.3763917 183.8082632 185.2978941 185.9968649 188.5290679 195.4414873 203.0077206 212.7504374 221.2180362 228.1415525 235.7055663 238.8815597 239.7603141 240.640759 241.2179965 241.5034579 241.9286822 243.3786408 243.935622 241.3498952 238.8573911 233.7959978 225.3555664 218.4266193 208.8840235
-9999 -9999 -9999 -9999 -9999 -9999 -9999 -9999 -9999 -9999 -9999 -9999 -9999 162.8579113 217.812501 268.7406551 305.5766987 330.1267585 310.1260032 285.688569 287.0285072 315.0091108 340.1799765 386.6097541 438.9975204 445.0438147 399.6215955 356.0456944 310.7155063 255.1598911 221.3475681 195.5550976 172.5444172 163.8225154 157.9517602 159.8285104 161.7587903 166.1835476 171.0856379 175.2985327 177.9348659 180.6139044 182.5783575 187.9634933 197.796745 205.477226 215.6370229 224.1857791 230.6889286 238.6407893 242.9581084 245.4978412 246.8263637 248.1454503 248.340758 248.7941498 247.8848428 247.297645 243.6474887 238.1535734 232.8530038 224.5914411 216.532816 207.9953126
-9999 -9999 -9999 -9999 -9999 -9999 -9999 -9999 -9999 -9999 -9999 -9999 -9999 -9999 -9999 189.9516854 247.3407688 301.6744577 302.3450024 286.880508 283.7232873 283.5164238 314.9605183 353.8874037 415.9736833 435.1982999 428.9983876 407.3979186 349.3569356 301.4863023 260.4238573 222.3121524 185.4852487 169.0028937 155.0032584 154.95235 157.2389642 160.4934464 163.9653608 168.5572862 172.2716145 177.1034891 183.2015067 191.5027513 200.6034825 208.9711795 218.0107473 227.1553559 234.8282445 241.1439972 246.3044918 251.4875248 253.7896179 255.0682043 255.4993061 254.4275983 252.0360743 249.4877551 244.9462182 238.9807693 233.0568225 224.7045989 216.7717343 208.9071107
-9999 -9999 -9999 -9999 -9999 -9999 -9999 -9999 -9999 -9999 -9999 -9999 -9999 -9999 -9999 -9999 -9999 204.4110973 249.4535149 292.1560036 300.1888309 269.6298327 270.8253609 308.7825743 342.724427 378.8745414 406.1614027 421.9680033 387.0794847 352.1230257 301.775408 244.9779004 199.9689561 175.4712441 154.2657931 152.2193576 154.5861994 158.3211872 162.7188931 168.8093051 173.1989121 180.3114647 186.5195606 193.6014337 203.2252059 211.3760406 220.4251609 228.0763254 235.4839087 242.2244035 248.5624647 255.2649256 260.013519 261.306671 259.6883351 258.1284806 255.0415728 251.0297265 246.4951858 240.1541803 233.8457511 226.6026909 219.3741806 212.3113335
-9999 -9999 -9999 -9999 -9999 -9999 -9999 -9999 -9999 -9999 -9999 -9999 -9999 -9999 -9999 -9999 -9999 132.47839 186.7645167 243.6606348 268.4535689 263.0172762 257.0735607 264.1460123 292.8757494 322.5400473 354.6945399 379.7963035 375.0284623 362.1185759 321.270758 262.9440729 215.5028232 185.6784421 158.4423047 153.0395797 153.8476455 157.1919247 163.302215 169.6009995 174.8764205 182.0022433 189.2543437 197.4949655 206.2521098 213.6334117 222.1738724 230.1445349 237.5137821 243.6977294 249.9830676 256.9425888 261.3919173 261.3188611 259.8257841 257.4296023 254.004847 249.5168256 245.4704486 239.79139 234.5841508 228.5578409 222.3024153 217.1202671
-9999 -9999 -9999 -9999 -9999 -9999 -9999 -9999 -9999 -9999 -9999 -9999 -9999 -9999 -9999 -9999 -9999 -9999 -9999 178.4017382 220.5952574 243.6411213 258.6153212 252.5591099 249.1021484 277.6867336 308.2551794 321.8196194 338.8276076 342.7059151 316.56243 271.9557712 232.59178 197.2307961 164.8652326 154.120805 153.4313628 156.8351012 162.1046633 169.4148842 175.2131335 183.0783618 190.21586 197.7131888 206.9835529 214.931524 223.8016624 231.3911974 238.449689 245.5948972 251.1815074 255.7237632 259.2799882 258.5349653 255.5737203 253.2738111 250.1242578 247.0056141 243.4947793 240.090874 235.1751543 230.4840108 226.5103193 221.5163055
-9999 -9999 -9999 -9999 -9999 -9999 -9999 -9999 -9999 -9999 -9999 -9999 -9999 -9999 -9999 -9999 -9999 -9999 -9999 122.6003872 173.2318115 222.490485 248.4987104 245.2884765 226.6583776 241.836592 269.1889548 292.7461998 316.0903766 325.082883 318.90608 289.3324746 251.4153145 211.2801935 179.1402373 162.7459821 155.5024418 156.9231047 162.7019081 169.4303794 175.5251138 183.6448992 191.6119896 199.8118438 208.5385906 215.6261681 224.3825187 232.4915812 239.2226685 245.9383816 250.5337677 252.4168694 253.7678983 252.478924 249.5794896 247.7174063 245.5475265 243.8205957 241.6133811 239.5781334 236.510891 233.5637568 229.561968 226.1521134
-9999 -9999 -9999 -9999 -9999 -9999 -9999 -9999 -9999 -9999 -9999 -9999 -9999 -9999 -9999 -9999 -9999 -9999 -9999 -9999 130.1580205 194.4998093 240.0921955 237.9807449 222.1990996 226.5518023 247.1145322 271.8476864 300.9893067 320.0119087 321.8452693 302.8402004 266.142712 227.8599468 188.3333976 168.5474025 158.3951112 156.37436 161.734614 168.6452144 175.1829606 184.3743712 192.0815303 200.1887702 208.7563879 216.2340406 225.3768629 233.4961477 239.8051451 245.2158729 248.551226 247.9742752 246.8096164 245.4216893 242.9101134 241.7833685 241.3506182 241.2679426 240.264206 239.5904297 236.9907149 234.6487297 231.581794 229.2092839
-9999 -9999 -9999 -9999 -9999 -9999 -9999 -9999 -9999 -9999 -9999 -9999 -9999 -9999 -9999 -9999 -9999 -9999 -9999 -9999 108.7867334 177.9841453 227.735917 236.6757721 223.1835606 230.660779 241.9549504 265.9153118 296.8562234 314.1293181 326.2948792 313.6660729 282.7795022 240.6684153 201.1258738 176.4616698 164.1156457 157.4202815 162.9229409 169.5943413 176.3580596 185.304276 193.5976129 201.5059302 209.45774 216.2466441 224.7933991 232.632607 238.0497342 242.9775788 244.7140361 242.9906247 241.1742187 240.0174061 238.3121438 238.2714328 238.8311426 239.4780398 239.5031455 239.428271 238.2525704 237.0036508 234.827276 232.5518297
-9999 -9999 -9999 -9999 -9999 -9999 -9999 -9999 -9999 -9999 -9999 -9999 -9999 -9999 -9999 -9999 -9999 -9999 -9999 -9999 96.02848561 169.7759528 226.5206385 238.2841278 228.4552471 235.9747677 247.2295279 266.4652632 306.4377732 331.4643329 342.5320846 321.1742595 295.5847747 251.8513188 203.9848417 177.7629316 165.3953327 158.1445807 162.1964732 169.9551563 176.9711635 186.8464841 194.5869371 201.1135143 208.9871614 215.7982323 224.1677897 231.338858 235.7977443 239.5046423 240.7306257 238.6291977 236.5439184 236.2930517 235.8626357 236.1752271 237.0057701 238.8031302 239.5617103 239.868443 239.2611387 238.1630681 237.6751884 234.2099182
-9999 -9999 -9999 -9999 -9999 -9999 -9999 -9999 -9999 -9999 -9999 -9999 -9999 -9999 -9999 -9999 -9999 -9999 -9999 -9999 97.55704335 175.6887306 236.5876208 244.4961003 239.7069371 249.0359153 262.101553 285.2322191 323.9714144 352.0170852 345.9550527 330.0278403 297.9154645 252.3098698 206.8886056 178.9682443 165.489685 158.0811363 162.6633838 169.2843547 176.3947311 185.765588 194.0513864 201.7524435 208.3628926 214.5206469 221.7891555 228.193243 232.2279647 234.7080715 235.547209 235.1569374 233.6325656 233.3639291 233.0900479 233.7715979 235.4566079 236.4336251 237.9052958 238.6037334 238.5933707 237.2684718 236.1859493 234.3571189
-9999 -9999 -9999 -9999 -9999 -9999 -9999 -9999 -9999 -9999 -9999 -9999 -9999 -9999 -9999 -9999 -9999 -9999 -9999 -9999 99.8884692 185.6698979 261.2963 260.6952583 251.5175682 257.4235732 270.4583824 296.5063043 339.6858289 370.7662379 357.4411005 330.111488 294.6158326 247.5630143 199.0504466 172.6466912 160.2205058 155.8674827 159.5113468 167.0237027 174.4943705 184.2380733 192.6918992 198.7863483 205.9418378 211.5003274 218.0677292 224.2927031 227.631594 229.7497446 231.0000703 230.7536508 231.1415546 230.9653975 230.9602652 231.605652 233.0545028 234.5092622 235.7728234 237.1631317 237.7491175 236.1773213 234.4626201 232.8382988
-9999 -9999 -9999 -9999 -9999 -9999 -9999 -9999 -9999 -9999 -9999 -9999 -9999 -9999 -9999 -9999 -9999 -9999 -9999 -9999 101.6902436 188.313575 257.8188675 262.7326583 253.9308 264.5976842 278.9501349 309.4571901 349.9166091 379.0444746 361.5382557 320.6917065 285.1206562 239.2020022 194.3857828 169.4955725 158.7877575 153.8648324 157.423003 164.4941904 171.5446807 181.0076961 188.9349474 196.0765151 202.2118179 207.5438999 213.4149311 218.811887 222.6566714 224.7475011 226.4105377 227.9159181 228.39526 228.7586168 229.258396 229.7432207 230.3622691 231.7512754 233.0138107 234.6680414 235.2223535 234.1771446 233.5326535 232.9438061
-9999 -9999 -9999 -9999 -9999 -9999 -9999 -9999 -9999 -9999 -9999 -9999 -9999 -9999 -9999 -9999 -9999 -9999 -9999 -9999 101.1641138 189.1572488 267.787361 269.8608952 255.2673717 264.3736447 284.7486081 315.0874045 359.1966678 384.1917402 363.3036637 307.1651307 270.0821094 224.8372307 181.5892461 160.6292905 152.0837468 150.1018964 152.8471887 160.354734 167.8288995 177.2063457 185.1642909 191.3491209 197.7747596 202.6238571 207.9940292 213.701859 216.4648114 219.9193172 222.1917605 223.4337805 225.2693587 226.0056271 226.8184756 227.6371248 228.1225913 229.0571286 230.6602652 232.9603904 232.7743092 231.3572525 231.663481 232.1895157
-9999 -9999 -9999 -9999 -9999 -9999 -9999 -9999 -9999 -9999 -9999 -9999 -9999 -9999 -9999 -9999 -9999 -9999 -9999 37.22517472 95.43415581 178.6088021 245.6379953 255.0126403 247.8900891 269.1559385 295.9059939 328.7882682 364.2475863 379.7951141 352.3202613 292.3488344 254.0244202 212.0078259 174.4388164 155.9097805 149.2500641 147.2739527 151.1410579 157.4804797 164.4628809 173.1970361 181.7664115 188.0290844 193.7338547 198.2521273 203.2879341 208.1554575 211.9031148 215.4959972 218.0713039 220.0790824 222.0134149 224.0948315 227.1897285 229.4484633 230.8315382 233.095021 234.6787293 237.4272814 237.2429224 233.6554641 231.1981816 231.5919014
-9999 -9999 -9999 -9999 -9999 -9999 -9999 -9999 -9999 -9999 -9999 -9999 -9999 -9999 -9999 -9999 -9999 -9999 -9999 34.76090799 89.11368589 167.9193835 234.1530144 251.0016353 244.9003944 268.7394901 307.2168938 337.449641 371.9397149 374.0261515 343.0191306 274.3598006 234.2660017 197.0416902 161.9950658 147.4106127 142.5137329 143.8397333 148.8866001 154.0033595 160.5344326 169.4166649 177.9408706 183.4063548 189.7885417 194.4193098 198.9905493 204.1171887 207.3483396 211.3535581 214.0889857 217.1012275 220.9645475 225.7312041 229.1183761 231.8443032 234.2203471 236.5733097 238.3385745 240.7113658 240.7555289 238.0330963 235.7997123 237.3609127
-9999 -9999 -9999 -9999 -9999 -9999 -9999 -9999 -9999 -9999 -9999 -9999 -9999 -9999 -9999 -9999 -9999 -9999 -9999 34.30354795 82.17873434 151.2808594 211.2885402 230.6570223 236.5286715 275.260504 325.2754104 361.3984349 382.733099 370.5103804 329.2143041 268.8499043 221.8969318 185.3738443 154.2420016 141.233587 139.7387123 142.2912431 147.5328999 153.2320257 158.6675343 166.0489536 175.1847121 181.7941612 187.4296402 192.0280429 197.1685649 201.3704799 204.7412735 208.1175686 212.3756237 217.6364171 223.290068 227.9215998 232.0527391 235.0579863 236.5391782 238.382206 239.2210355 240.785296 240.5737584 239.6632596 243.8065441 240.6123342
-9999 -9999 -9999 -9999 -9999 -9999 -9999 -9999 -9999 -9999 -9999 -9999 -9999 -9999 -9999 -9999 -9999 -9999 -9999 33.15559178 77.0261779 139.9405174 195.3357228 220.2867282 229.3274188 273.3076132 340.5603851 386.3270948 401.252165 374.2084099 329.3301062 266.3567124 208.751616 174.561585 146.1941567 136.9835965 136.4986837 142.1056974 145.8360972 151.710177 157.4258799 164.8983716 171.7511861 177.1580878 184.6450893 189.5455796 193.7667521 197.58986 201.0154604 205.663893 211.8042461 218.6804403 225.5851751 230.3009989 233.7836849 235.8431976 236.53807 238.5950378 239.3913644 239.7003371 243.2819236 249.652147 255.7138572 250.8206486
-9999 -9999 -9999 -9999 -9999 -9999 -9999 -9999 -9999 -9999 -9999 -9999 -9999 -9999 -9999 -9999 -9999 -9999 -9999 35.77942169 73.08650699 127.2313768 176.3040857 200.6924977 215.4547751 280.7355232 361.0774549 420.0290159 430.2106922 388.9781405 331.2428458 267.4995676 207.0345927 166.9462149 140.0380011 133.9974485 136.5011954 140.8936881 145.3350936 150.9527939 156.9682899 163.7942972 170.5828025 176.7594765 181.3488823 187.1361686 191.2705971 195.870709 200.434775 204.5062579 210.6909164 217.5394595 224.6241144 229.5004101 233.1428518 234.4087177 233.2883543 233.0328368 235.9346003 242.9307607 245.9867649 260.3507393 260.0532105 253.4098838
-9999 -9999 -9999 -9999 -9999 -9999 -9999 -9999 -9999 -9999 -9999 -9999 -9999 -9999 -9999 -9999 -9999 -9999 -9999 38.2884553 71.54092373 115.9232589 159.4417692 179.6787963 209.6080917 285.0655497 389.4668956 450.5014242 449.0925785 398.7839856 333.764144 264.2366163 204.8589619 165.0635233 138.4025244 134.3142725 136.7741853 141.825934 146.4812838 151.7521354 158.4447099 166.0402133 172.5306871 178.3685341 182.5642497 187.9204918 193.422528 197.3992055 200.7154991 203.1829335 208.2845525 215.5715446 221.5934774 225.1651475 227.1626081 227.8805264 227.6928507 229.2272927 235.5740158 242.0424294 250.0619316 266.7709668 269.458935 257.3924181
-9999 -9999 -9999 -9999 -9999 -9999 -9999 -9999 -9999 -9999 -9999 -9999 -9999 -9999 -9999 -9999 -9999 -9999 -9999 41.45822476 68.83912935 104.9001587 143.9531709 168.2657547 200.7442035 290.8373185 408.8161007 481.6241644 470.985775 414.3827567 336.6563335 262.5391522 197.5623725 162.6645925 138.6468176 134.5200592 137.8802468 142.9250759 147.2973291 153.9743218 160.0492745 166.2769724 173.7337461 178.878573 183.9535404 189.4467581 193.0327974 198.0261529 200.2390237 202.4973214 207.0470658 210.4905416 214.8548116 217.7822346 217.9732642 218.565099 220.6829814 222.5787882 231.9624577 244.9477354 250.4864436 272.384377 271.2309509 -9999
-9999 -9999 -9999 -9999 -9999 -9999 -9999 -9999 -9999 -9999 -9999 -9999 -9999 -9999 -9999 -9999 -9999 -9999 -9999 42.76660261 66.77878614 96.18305513 129.1525905 156.7217521 203.4875753 300.2355186 420.830183 491.2186056 474.1975763 404.6130719 322.8317168 249.5527222 193.1342905 158.0483993 137.9141989 133.9433035 137.5998109 143.1026906 148.5207232 154.9332745 161.6218587 168.033119 174.494333 180.0182081 184.8614963 190.3164553 194.4003817 197.8119772 200.0305713 201.8916532 205.6273382 208.2890657 210.4603345 211.9858103 211.5586793 212.2256967 215.3591882 219.2940685 231.7338843 244.0344843 250.8196787 270.6022516 269.9401258 -9999
-9999 -9999 -9999 -9999 -9999 -9999 -9999 -9999 -9999 -9999 -9999 -9999 -9999 -9999 -9999 -9999 -9999 -9999 29.85065101 44.15668022 64.70656797 89.6479227 121.5028862 158.0461542 206.8168139 303.2091012 421.5159719 500.0888387 463.0511817 381.7836827 298.1890949 234.5202812 178.2288207 152.8993185 135.8374332 133.8266363 137.729797 142.636153 148.1380653 155.1167742 161.2719104 167.7784343 174.6272565 179.7126773 184.5227803 189.507349 192.6013982 196.4649769 198.7730567 200.7092424 203.6125033 204.8427205 207.2832759 207.9386475 207.0541239 207.8608586 211.9403604 215.9917775 227.2329388 241.9861085 247.5742403 268.0769075 266.8344886 -9999
-9999 -9999 -9999 -9999 -9999 -9999 -9999 -9999 -9999 -9999 -9999 -9999 -9999 -9999 -9999 -9999 -9999 -9999 28.71078091 42.74273214 63.25277869 86.34621738 119.2348208 160.1786805 220.0760676 311.0799043 415.9570391 463.3211547 425.0389208 340.8280769 261.4647706 209.5940089 168.7294659 145.8575395 133.5802691 133.7408682 137.1082113 142.0872214 147.8917634 154.7549729 161.5746778 168.0556548 174.4533081 180.0778574 184.689496 189.6137943 193.099976 195.713993 197.5656491 199.1395802 201.907759 203.3944158 204.151515 204.3353836 203.6959561 204.5509576 208.5267215 213.8272126 226.2952844 239.5271096 246.4710343 261.4630037 260.1696484 -9999
-9999 -9999 -9999 -9999 -9999 -9999 -9999 -9999 -9999 -9999 -9999 -9999 -9999 -9999 -9999 -9999 -9999 -9999 27.99450632 44.58397753 65.8481625 89.2253339 117.730193 173.6508367 236.5246415 308.6326821 387.3707645 430.8346129 372.8091123 285.4981701 220.2748331 184.8114325 152.1036082 138.8647415 132.091467 133.4688451 136.4042925 140.8302693 146.8947571 154.4365147 160.9329133 167.1244626 173.8673874 179.2097379 184.3207928 188.7468442 191.561033 194.8159028 195.8716522 196.8480909 198.8758922 199.4297748 200.3168244 200.3308466 199.9291854 200.6317802 204.7937455 209.7309501 218.8659882 236.3724216 242.2337096 258.1213188 254.5593754 -9999
-9999 -9999 -9999 -9999 -9999 -9999 -9999 -9999 -9999 -9999 -9999 -9999 -9999 -9999 -9999 -9999 -9999 -9999 28.03827505 47.1284877 72.40327348 100.6305773 140.1976386 188.6660441 243.437964 299.6664681 346.2382081 351.7324658 307.6611175 238.3595792 186.3806875 161.8320037 141.8754123 132.1121613 131.3200459 132.7476671 135.7709184 139.5920445 145.9751605 153.1334385 159.8367192 166.1498946 172.1662541 177.3246442 182.3160097 186.8701336 189.772224 192.019328 193.1146542 193.5419021 195.4794056 196.2054291 196.8338551 196.7735871 196.863027 197.6746505 201.1026259 208.5984974 218.8490928 232.5951402 236.9729027 239.0386323 234.8676075 -9999
-9999 -9999 -9999 -9999 -9999 -9999 -9999 -9999 -9999 -9999 -9999 -9999 -9999 -9999 -9999 -9999 -9999 27.34366052 30.31379232 52.02890157 80.8927013 115.93804 157.6399019 203.610446 244.2367126 277.3011421 286.1081503 278.9200114 243.0059668 188.9000461 157.7006876 140.7166043 129.8364874 128.2271846 129.7356029 131.4561822 135.1865632 137.583993 143.6727612 151.1005917 157.8531042 163.8471447 169.5251155 174.6539667 179.1097771 183.4064831 185.7571076 188.7184017 189.7664604 189.5963067 191.0790112 191.109249 192.6686375 192.4611 192.5896169 196.1647944 202.1841768 204.0830854 210.9079659 230.0409262 230.387683 221.3313412 -9999 -9999
-9999 -9999 -9999 -9999 -9999 -9999 -9999 -9999 -9999 -9999 -9999 -9999 -9999 -9999 -9999 -9999 -9999 30.87452185 32.64185513 54.48057241 87.95132355 128.762376 170.5304609 202.7972224 223.7965804 237.7344154 233.4900873 217.513337 192.134239 158.8267847 136.8660611 129.9473495 125.9459315 126.8447005 128.86304 130.8190164 134.135108 137.738226 142.6132391 149.1287535 155.079902 161.0538712 166.1944882 170.8087505 174.6858991 178.5755603 181.4234543 183.588613 184.7538841 185.1761978 186.5014374 186.7824112 186.9008279 187.358267 189.6701272 190.7354911 196.4176473 206.3812047 213.2947955 215.1622997 210.0228167 -9999 -9999 -9999
