meets/meet004/data/CCSM_0k_neotropic_bio14.asc
NCOLS 154 
NROWS 168 
XLLCORNER -112 
YLLCORNER -55.5 
CELLSIZE 0.5 
NODATA_value -9999 
[rows 58 to 86 of 168, columns 64 to 127 of 154]
72.83842733 53.78364026 41.46285874 42.39394096 46.05979785 59.73552371 72.69239829 83.55110759 88.03362256 91.30736105 93.46802908 94.04336381 97.20687123 98.55771708 97.09290359 93.24882328 89.69602113 87.24943945 84.377751 82.08386248 79.32269442 75.46754744 73.00365463 70.84727514 69.41076856 68.38135672 67.31804354 67.59905438 67.18418985 67.68903025 67.13937825 66.39428952 65.22391089 62.47607742 60.31810285 56.43860419 50.93600195 47.03539501 43.0512698 40.61730275 38.56787778 35.32935167 31.7376557 25.03228758 19.88882666 17.92912485 17.4248616 17.84651645 19.61009121 21.82089502 24.0806558 26.78017263 27.98050322 29.8485445 31.80062952 33.66055171 35.07293097 35.30755787 34.58074467 33.19054569 30.68207784 27.21336547 23.56711071 -9999
52.78596689 42.71220892 34.6259439 37.07955273 46.86795221 60.34800709 72.48612202 81.30586378 80.200417 79.21992494 78.4450269 79.11504335 82.39143339 83.13786572 82.53253906 80.95587212 80.72343319 79.98296466 80.62638508 79.88062983 77.29913873 75.02295824 73.43872677 71.53926081 70.68340942 69.56005408 68.85050173 69.31391831 68.41509816 67.26436439 67.03413815 64.16788008 62.29660512 59.16136399 54.7211475 50.75826262 46.32574158 42.33066359 39.26648177 36.0443955 33.99278023 32.16094289 29.72340209 24.40623417 20.48602271 18.91507454 19.12116709 20.36512606 22.08820171 24.97153947 27.19439629 29.40804712 32.16527581 33.81345889 36.10820751 37.92926996 38.9755932 39.82532904 39.13868445 38.31380848 36.10722248 32.82148938 30.40471735 27.66176145
39.86877576 32.45392754 28.75106225 33.17029997 44.03466351 54.65497983 62.49869005 68.02443556 68.5194004 67.64993629 65.85360819 64.67210109 65.72170209 65.71332038 65.89210402 64.62640671 63.27481492 63.66838153 63.28837716 63.99061293 63.94808456 63.81819923 65.14638516 65.79543177 67.98316585 69.38803004 70.62321803 71.42563584 69.90142635 68.12245409 65.95556993 62.36464107 59.05174423 54.76668755 50.17682854 46.44497418 41.96810551 38.17852474 34.95812394 32.46573483 31.03087479 29.47225949 28.54217206 24.75036419 22.16243089 21.72545018 22.5047201 23.96646111 26.17485799 28.6951191 30.84641497 33.14131701 35.48887573 37.85761402 40.19570709 42.04190557 43.53010397 44.22722093 43.77027484 42.54819716 40.45994771 38.16749707 35.65972915 33.77981056
29.11383323 25.86648978 24.85353116 30.06905609 39.6689608 50.73198928 56.30598372 61.3608299 59.68630858 58.48480558 56.47091013 55.53132435 56.01899031 55.75502586 54.82148906 53.4461652 53.26936273 52.70751804 53.67016166 53.68440343 53.70116909 54.933535 55.16562579 56.84836421 57.79890179 59.27393432 61.07951628 61.73377023 63.18921064 63.66102511 64.10545734 61.37906482 57.63597594 53.25166224 47.79700236 43.94982567 39.3050343 35.81533714 33.25875262 30.7132578 29.30381395 28.32492588 27.74450372 26.43156009 25.1787412 25.18166801 26.34258546 28.2519595 30.11368059 32.90647436 35.01174817 37.10105237 39.54233208 41.44964046 44.27343013 46.0951667 46.87215212 48.19138105 46.8447024 45.71321077 43.53303916 41.04667577 39.25299074 37.94510024
22.76291415 20.41673466 22.9186134 29.23448328 37.97084622 45.21686379 49.94328972 52.96063911 51.55893225 50.72247974 49.10603436 47.06630314 46.43505583 45.32907009 44.6695099 43.7201702 42.66749888 42.87989682 42.78752679 43.62809196 43.99085279 44.40576109 45.69782205 46.36353239 47.99325436 48.85681586 49.42036339 50.85628896 51.18066625 52.21238714 52.41982299 51.74737314 51.98432461 50.86638952 46.16786757 42.32526085 37.98860507 34.48908068 31.7808706 29.71837187 28.67862792 27.95852367 27.63268644 27.90317061 28.6508445 29.52334669 31.17228604 33.20077959 35.67883412 38.42931707 40.65669678 43.37927882 45.70598279 47.95879018 50.17137543 51.79944018 52.6803027 52.83420743 51.45562628 49.41724661 46.80485934 44.42333024 42.06582193 40.64335297
17.43739407 18.02276484 20.98293749 28.14999554 36.46159104 43.88175518 47.66600904 49.35479482 47.63295159 46.45024525 44.73423702 42.58756151 41.357461 40.07747913 38.47326444 37.45061079 36.82928097 36.21315193 36.69751949 36.89062643 37.18922183 38.21834905 38.59180241 39.98000427 40.89739687 41.82806404 42.90265623 43.46357074 44.40013924 44.65822613 44.9229614 44.96985632 44.16140371 44.12317599 43.18022265 41.81835203 37.61732513 34.37816161 32.07134156 29.97315554 28.91397199 28.37079655 28.32843031 28.75157277 29.69368471 30.67205288 32.55112691 34.57793553 37.08623374 39.7971144 42.12283656 44.50677691 47.0815349 48.61524529 50.35062624 51.64044464 51.85002266 51.26333918 49.75707803 47.21966259 44.71346279 41.56650572 38.45275253 35.89289793
16.03014288 18.06850126 22.10543593 28.51151734 36.18892707 41.47617319 44.24829471 45.96953692 44.91054789 43.27101314 41.6337595 39.06976612 37.06960471 35.01985572 33.42621601 32.3309078 31.07036544 30.67941522 30.38091309 30.72388096 31.01900369 31.39449888 32.3628401 33.037561 34.22857145 34.9059518 35.47398408 36.44996997 36.75550638 37.49391537 37.67449027 37.30820552 37.33070377 36.56710992 36.17202734 35.57465255 34.66458312 34.3322398 32.74929987 30.82389149 29.9139598 29.44632503 29.32606595 29.99754972 30.89423589 31.98812982 34.06893921 35.94248773 38.38954236 40.36898501 41.29648818 41.99619278 43.21568531 43.38485184 43.97742049 43.98546222 42.9822352 42.53117182 40.65901593 39.38293306 37.83797231 35.41833956 32.73606659 29.77711679
14.48075393 18.03522199 21.38359186 27.93011733 36.08431359 41.26112156 44.67184875 45.21579894 44.24328421 41.64531155 39.57504099 37.49161782 34.88940402 33.16484463 30.41065007 28.91501201 27.81007547 26.82784507 26.71443198 26.37663453 26.37937072 27.07313682 27.43703602 28.16543328 28.92725504 29.46875281 30.50680629 30.98225872 31.6562449 32.08662967 32.38180692 32.5350224 32.35265674 32.03015787 31.25029665 30.68218989 30.00861701 29.31206528 29.09241885 28.55897617 28.32747389 28.53922272 28.41725111 28.78445787 28.97815252 29.2339026 30.27969255 30.83696926 31.87596656 32.76555583 33.32474626 34.36798138 34.44705472 34.57564569 34.47715813 33.97908777 33.23650803 31.92645797 30.6337407 28.56686649 27.21488865 25.29200237 23.63011983 22.86454715
14.32619405 17.69263812 21.79389841 27.22429496 33.27796212 37.45786387 40.12715242 41.63628631 41.8458366 41.09472723 39.2549904 36.01516914 33.51427461 31.30509659 28.77711803 27.27803308 25.55722 24.44963731 23.7814742 23.40783322 23.35420853 23.40593534 23.82114914 24.26133222 24.99333791 25.49690655 26.07532238 26.82679469 27.33410776 28.00403981 28.32083747 28.37099634 28.46539659 28.03927718 27.64786247 27.10741198 26.28173395 25.64592224 24.97718136 24.51453228 24.22599127 23.8380785 23.77158699 23.70956592 23.88118739 24.07217243 24.45453853 25.08225445 25.60242783 26.4073123 26.86196626 27.02826923 27.32359625 26.9334135 26.707654 26.16498564 24.77503829 23.79572547 22.07530792 20.69547937 19.42901658 17.59088369 16.59650338 15.28012794
14.18708366 16.18487066 19.42650035 22.29806941 28.23232928 32.1695598 35.02801273 36.00147629 35.69628551 35.87172271 34.90763978 33.9833312 32.8375494 30.26917544 27.62421227 25.6493015 23.77797443 22.50280013 21.66834546 21.03145239 20.66798285 20.58879156 20.79985373 21.00537281 21.56858061 21.85026001 22.36056196 23.04173616 23.43969419 24.12182483 24.47103418 24.6277176 24.92983849 24.53274121 24.19970598 23.75227467 22.84528131 22.30737928 21.45078252 20.8336659 20.29422568 19.73925882 19.53966773 19.1793934 19.240537 19.1685772 19.18036687 19.63491135 19.72037664 20.35703966 20.49423336 20.38872544 20.61749335 20.02568445 19.75732375 19.21316218 17.95502626 16.99310306 15.54997531 14.24951625 13.26315074 11.73028728 10.80099066 10.00078642
13.78305467 16.11051869 18.08229698 20.46428757 24.65897868 28.42470602 31.35685816 33.13348024 32.36156737 32.04922478 31.00034093 29.8072043 29.62127615 29.19898943 26.94447415 24.97510533 22.97334803 21.33724204 20.34114946 19.43910097 19.03390335 18.73165742 18.64192577 18.7369846 18.95545011 19.17548918 19.54565342 19.99119443 20.45640759 20.96779564 21.31527795 21.61642862 21.80633481 21.67340606 21.42561912 21.02145924 20.30141208 19.58349494 18.75463808 17.91387516 17.3354449 16.67492257 16.17188609 15.80747724 15.59901665 15.48876293 15.29678044 15.36992691 15.29750355 15.45482699 15.49444261 15.22207428 15.21960562 14.71501393 14.45139058 13.95886485 12.84465325 12.09408088 10.8334917 9.946449605 9.100977895 7.922257505 7.301959203 6.558645725
12.9946093 15.02765445 15.24659994 17.88183075 22.21568806 27.15755142 29.43308581 32.25418263 30.10234715 29.38933093 27.23857687 25.84386543 26.06643354 24.80177528 24.87597075 23.91864176 21.66284566 20.25091886 19.08890626 18.11579907 17.4401499 16.81551424 16.82744052 16.38930855 16.6788889 16.64062081 16.64273488 17.15648324 17.15766728 17.92542609 18.18869677 18.17663371 18.78257242 18.38265183 18.5052301 18.21308834 17.2240489 16.92243398 15.81485609 15.15158355 14.45595207 13.39328605 13.16176111 12.37537963 12.31608909 12.01823986 11.2924929 11.54093273 10.78557137 11.19804012 11.0667155 10.2537246 10.63046522 9.722764138 9.980311512 9.610419134 8.110419679 8.165094495 6.891761791 6.560193109 6.035161042 4.701146419 4.679602782 3.999706212
12.84080016 13.32068386 14.58897134 17.50856284 21.10462217 25.94380957 29.55676049 31.60197118 30.13228964 27.89420619 25.71017494 24.39163365 23.49271965 22.77444422 22.04199383 21.19922515 20.66296325 19.41144475 18.26821758 17.0991881 16.42622844 15.82893434 15.36253662 15.12105813 14.90664529 14.82542949 14.84706048 14.94508956 15.15606062 15.41690022 15.64232283 15.88847273 16.06313911 16.06595351 15.98476829 15.74179531 15.19318073 14.60309626 13.8184544 12.96336483 12.30337876 11.53807247 10.87530849 10.30506088 9.858414834 9.529579719 8.974352704 8.685514235 8.315347533 8.130929225 7.987925694 7.635330435 7.532594418 7.141850398 6.996773773 6.693639074 6.056853522 5.656198233 4.97488405 4.532890826 4.100987123 3.554501313 3.250482317 2.978014071
11.4770654 11.55575462 12.02083932 15.64185367 20.26152859 26.16769435 29.70487172 32.11488982 29.44969741 26.90160519 23.74325068 21.59461225 21.47853361 20.37170686 19.79209025 18.72420305 17.68519571 17.66413995 17.05719282 16.20332496 15.34754874 14.51312927 14.17581305 13.59398046 13.37819079 13.06436623 12.74879558 12.88183098 12.67839855 13.07060012 13.13627872 13.07098564 13.47548087 13.20588298 13.39496203 13.22840719 12.49080312 12.32147624 11.45301233 10.81231663 10.18047202 9.141538997 8.81072283 7.991512004 7.662608956 7.260811232 6.448228063 6.320651096 5.698310966 5.724470298 5.552667285 4.894552616 5.164070696 4.58756692 4.751772591 4.57603169 3.795394443 3.847960189 3.226941185 3.052036886 2.815951323 2.278758552 2.258489357 2.042389
-9999 9.577363403 10.35043554 15.68791178 19.54137278 25.57655494 29.6958125 31.80747103 29.6692737 25.71812471 22.51008909 21.12878534 19.70654915 19.10806121 18.03504315 16.96425179 16.43262554 15.80038884 15.48596949 15.02020146 14.58003788 13.90034244 13.20727631 12.68925194 12.05693854 11.76015075 11.56475305 11.34178896 11.26498112 11.03129653 11.132345 11.31913138 11.36207352 11.35542205 11.15130598 10.96690661 10.8128728 10.38808915 9.792106669 9.013449745 8.345237138 7.828816272 7.1708233 6.59068056 5.918710102 5.536398625 5.148604252 4.759473227 4.419120645 4.070932283 3.878366593 3.775291571 3.666567308 3.459910778 3.286659382 3.087899526 2.920477326 2.711720543 2.418598344 2.181361686 1.917872918 1.817909717 1.699509396 1.652993988
-9999 -9999 8.211405789 12.72994452 18.42984187 24.52427677 28.26794957 30.66842045 28.17724068 24.72810665 21.18171048 19.08038084 17.99455882 17.25936155 16.5830431 15.70077348 14.72522612 14.12378824 13.71030207 13.51614521 13.19690813 12.80767785 12.30228964 11.72493991 11.1979224 10.68483507 10.15806153 9.795124576 9.60375152 9.604867112 9.460795682 9.235452422 9.161461043 9.14228842 9.27874281 9.16165476 8.631956546 8.319880933 7.917610327 7.458553966 6.9754238 6.137358699 5.570503814 5.119636276 4.666561643 4.307429507 3.684221718 3.34135155 3.120014548 3.02286509 2.90152427 2.578489592 2.459350801 2.372884676 2.391122975 2.299923664 1.96569122 1.817319769 1.686276879 1.583589866 1.482661856 1.284880186 1.241534811 1.274749399
-9999 -9999 -9999 10.30144989 16.04661782 22.54001116 26.72434267 29.01473091 26.54735812 23.70690981 20.26033149 17.7307258 16.92381184 16.23881337 15.37816456 14.45863214 13.74781928 13.2581411 12.79689801 12.2052232 11.90561545 11.56861182 11.31259635 11.15864969 10.35964944 9.879632459 9.283129605 8.886807196 8.619701417 8.230309754 8.10911098 7.935980815 7.774014452 7.750259327 7.558661832 7.439440576 7.241261368 6.947257389 6.612619966 6.108253124 5.615522936 5.069961466 4.573148816 4.160122355 3.643803977 3.266214375 2.938329554 2.645119353 2.449297931 2.240187621 2.121571362 2.013131178 1.899486788 1.864656268 1.7648345 1.668308905 1.559974493 1.441088566 1.314022791 1.194479651 1.079166289 1.054760896 1.02155717 1.077294734
-9999 -9999 -9999 8.610272944 13.75719261 18.90689386 23.40642787 26.15646384 24.80066583 22.60222507 19.76879421 17.61707928 15.88822734 15.04982198 14.41192644 13.75625219 12.85958621 12.32517742 11.83480313 11.30319179 10.92381257 10.43336052 10.12956863 9.792737078 9.547816956 9.206509653 8.53249888 8.026452425 7.550854633 7.187179301 6.930813645 6.597437753 6.43084006 6.195608207 6.089154321 5.972874706 5.699722483 5.531691402 5.143495253 4.834400724 4.500687533 3.977735019 3.592320555 3.130886584 2.774079184 2.522014662 2.204502404 1.991261826 1.779807107 1.660712628 1.575665326 1.458892177 1.402875323 1.314930657 1.276202087 1.225964324 1.118669196 1.047700238 0.946374977 0.875261124 0.827068975 0.79972305 0.823239621 0.93453397
-9999 -9999 -9999 6.81967157 10.42748674 15.69094927 20.06774064 22.68080192 22.79918577 22.04259684 19.22159389 16.95424911 16.83607267 14.73070618 13.81375896 13.11427126 12.1969385 11.82949012 11.33958362 10.77130666 10.36154206 9.80095871 9.459475534 9.128502867 8.686929458 8.440607419 8.060181566 7.503237516 7.074099716 6.504821756 6.216891396 5.825309904 5.541687093 5.386696586 5.112726563 4.983665505 4.795493428 4.585447273 4.362029454 4.046733019 3.699666778 3.330748068 2.983973013 2.677691275 2.327424766 2.070198487 1.832162276 1.635228538 1.495421594 1.342295605 1.246984209 1.18009261 1.092589384 1.073720409 1.029013897 0.976880325 0.91133447 0.846740748 0.781987068 0.715811092 0.667425975 0.687427349 0.703269627 0.848956597
-9999 -9999 -9999 -9999 8.822253675 11.9038509 15.42957802 18.40878775 19.90583801 21.9610391 21.460419 19.61986816 17.94802469 16.83618314 15.24081718 13.76021451 11.96724435 11.43825982 10.81394306 10.31109386 9.898871844 9.335164064 8.880560834 8.393030242 7.970674409 7.648349457 7.229318511 6.942755971 6.481357595 5.951356317 5.577541794 5.107786768 4.761257008 4.430249718 4.200558351 4.042421833 3.800280258 3.660767412 3.404434135 3.207082399 2.993372539 2.665018549 2.398694232 2.097923498 1.863627788 1.689719642 1.45974396 1.301289071 1.147812741 1.038231413 0.972128697 0.892351434 0.853143306 0.807240567 0.79101855 0.766108872 0.702856047 0.663415737 0.599805935 0.566660042 0.54289099 0.567185246 0.628959797 0.796196407
-9999 -9999 -9999 -9999 6.863812912 9.88488836 13.21658969 15.38587801 17.85836791 21.60350945 22.62225965 21.7676647 21.09388981 19.03701744 17.97905287 15.87989617 11.81645374 11.95733495 10.72841021 10.17093427 9.735016232 9.061970096 8.598873545 8.156918087 7.571922329 7.216230062 6.737739675 6.389575143 6.134193511 5.638307335 5.236939631 4.710273946 4.298798688 4.020950875 3.654909518 3.474498637 3.250832736 3.079971387 2.941970497 2.735221619 2.521517181 2.283188341 2.068778575 1.858337712 1.627686038 1.446012273 1.265498534 1.118060632 1.006764063 0.878633625 0.813134553 0.75384916 0.697751113 0.689661297 0.661216375 0.634621088 0.598566608 0.561607764 0.522285779 0.490578606 0.46724062 0.533450394 0.5947284 0.754339291
-9999 -9999 -9999 -9999 -9999 7.155415409 10.13210651 13.02034037 16.93621823 20.7731111 23.75483559 24.98212446 26.74304466 24.93596343 21.95124108 19.19862813 16.94098419 14.29192612 11.85085389 11.12988338 10.25592625 9.112854309 8.541081544 7.86381374 7.298060914 6.87867077 6.379877163 5.956110286 5.558475567 5.223462401 4.976607783 4.429478044 3.986786403 3.588979107 3.237242185 3.022416116 2.778583197 2.607209268 2.413225939 2.281391761 2.142273041 1.921144986 1.751072158 1.54782813 1.383044984 1.259155732 1.090552569 0.958707313 0.837128061 0.737937821 0.681894547 0.622470267 0.589281108 0.557113464 0.540818477 0.526127596 0.49484067 0.473330051 0.444253159 0.434788704 0.435533886 0.50403101 0.619663534 0.78242769
-9999 -9999 -9999 -9999 -9999 5.740118022 8.334500493 11.1879464 15.80002311 20.24689962 23.82440235 27.45591281 31.682963 28.7124905 26.86255065 24.09307769 25.11367796 20.15967852 17.71296762 15.39427393 14.26581265 10.25623644 9.53020335 8.946853126 7.297220645 6.840826593 6.208753682 5.716664319 5.36321661 4.918371266 4.659081933 4.295554686 3.847727477 3.483219661 3.068665535 2.834828178 2.571162555 2.354498296 2.224670192 2.065194724 1.919226076 1.736703341 1.579333225 1.424214067 1.257473862 1.129654683 0.98879926 0.866372116 0.775108159 0.671838194 0.614637499 0.568209278 0.533244184 0.515636899 0.494399579 0.478917791 0.460533917 0.440207258 0.425275779 0.42191813 0.42744742 0.536338141 0.654512752 0.803004871
-9999 -9999 -9999 -9999 -9999 -9999 6.603712799 8.705322269 13.58281048 18.23815178 22.82667527 27.60419055 31.71268906 32.27737769 33.72803704 33.5391633 31.53493137 30.34140764 28.1611984 24.52342805 21.09693334 16.43889607 13.73694012 9.579922611 8.574667987 7.530750064 6.239666309 5.663182052 5.116807515 4.674783424 4.386944367 4.019287411 3.726577283 3.379424021 2.993259934 2.741458142 2.461645876 2.225658251 2.031297627 1.8737061 1.754781828 1.575449019 1.433824582 1.275408523 1.137394728 1.039689383 0.911218034 0.803084911 0.705921156 0.625154415 0.578316526 0.528342099 0.498171357 0.471546615 0.457163031 0.447259994 0.431469177 0.418518807 0.416671416 0.441912641 0.476357078 0.601521491 0.775365951 0.973293479
-9999 -9999 -9999 -9999 -9999 -9999 4.936128289 6.214090173 10.37294106 15.88774883 20.32250342 25.97179747 30.516291 33.01862788 37.8545012 39.64760164 40.41451878 39.36776109 37.35117009 33.15342916 30.66205233 24.06709076 19.43574049 16.26588006 11.6935519 8.378748288 6.355033244 5.751492521 5.293717757 4.66865338 4.252389223 3.809794558 3.549512795 3.313959459 3.016050458 2.805605312 2.463621736 2.243763752 2.055571685 1.829537124 1.680304679 1.47980106 1.363183341 1.237573534 1.082369911 0.988091297 0.856552618 0.774864381 0.69931306 0.609677565 0.563265437 0.510788329 0.477870596 0.462349041 0.449174826 0.445294753 0.428501518 0.422740331 0.435474075 0.469481232 0.554264837 0.770784304 0.882618023 1.117384437
-9999 -9999 -9999 -9999 -9999 -9999 -9999 4.84802235 8.143906839 12.15738865 16.17909772 22.80017018 27.02242343 33.9901273 39.02817106 42.98908083 47.26609413 50.57260625 49.65359081 46.39160725 42.21391864 35.84906496 27.19321904 21.46457431 14.80230001 11.46795324 8.030570192 6.428129803 5.38973393 4.729645107 4.323023935 3.844348988 3.501382065 3.185626885 2.951837097 2.781612529 2.557809267 2.327749062 2.067504553 1.830347097 1.681095551 1.489351858 1.330973631 1.181966708 1.055060383 0.969623076 0.861969898 0.769663387 0.684253327 0.612774708 0.568117663 0.521988786 0.488854774 0.470526556 0.459127695 0.456189311 0.449192175 0.44927414 0.478646247 0.544004229 0.631569412 0.888935517 1.117762733 1.453036233
-9999 -9999 -9999 -9999 -9999 -9999 -9999 3.351334092 5.210930012 8.360342461 10.89077215 16.94710674 22.55971122 30.48056979 35.53038714 41.63249284 50.23962016 57.58774092 55.88222097 54.2547031 53.45137221 46.79313024 36.53681544 30.89311336 21.91225447 15.32153734 11.01746609 7.304449614 6.406904211 5.328647213 4.597278742 4.02942234 3.570686721 3.329826863 3.050158277 2.8137431 2.564431081 2.395289144 2.213549424 1.933275697 1.724134823 1.499769577 1.34308117 1.204456506 1.061090514 0.969891038 0.855067 0.779205487 0.713839018 0.629697556 0.584969429 0.540746984 0.505636052 0.492208862 0.480737306 0.486132946 0.488445794 0.489539902 0.546864144 0.622869161 0.801387578 1.182100508 1.375016648 1.84603223
-9999 -9999 -9999 -9999 -9999 -9999 -9999 3.08948402 4.137335723 5.835203355 7.910519032 12.36248311 16.61938209 23.60124765 29.56298386 35.27836993 44.12389969 47.98952256 51.18439716 54.88949716 55.23951058 51.59471366 46.26828165 40.06899638 28.60223255 21.57422908 15.37376338 10.42905903 7.285259178 5.987034478 5.278358225 4.447229728 3.917125716 3.486920369 3.192721798 2.981473457 2.670322455 2.459689126 2.238429207 2.032001387 1.827408164 1.588738981 1.38601119 1.222825629 1.08021439 0.992644446 0.884175666 0.796453986 0.720834671 0.651490265 0.609199198 0.567600041 0.531215555 0.514002992 0.51224045 0.51893386 0.52480221 0.559072422 0.642145724 0.784874227 0.960189645 1.386003061 1.773263946 2.246984382
-9999 -9999 -9999 -9999 -9999 -9999 -9999 -9999 3.324021866 4.671878347 5.594974527 8.577420019 11.46607709 14.79832604 22.52891285 27.53916657 35.26311207 38.07650329 45.71246033 49.92154246 53.33339767 53.60608878 52.85464326 48.30366866 37.11174576 29.92136981 22.1498163 13.95411589 11.31018356 8.239474431 6.19394647 5.212863476 4.396687553 4.039985674 3.570458345 3.2197744 2.86908436 2.633388829 2.39132499 2.150542789 1.978949988 1.705955757 1.498052164 1.320167086 1.145435226 1.034970795 0.923744967 0.836315698 0.773422133 0.698765088 0.659829925 0.618244605 0.579111085 0.576718733 0.569126648 0.585085573 0.618255178 0.643655703 0.749128462 0.924847611 1.177739262 1.747549948 2.173105578 2.74026768
