meets/meet004/data/CCSM_21k_neotropic_bio07.asc
NCOLS 154 
NROWS 168 
XLLCORNER -112 
YLLCORNER -55.5 
CELLSIZE 0.5 
NODATA_value -9999 
[rows 29 to 57 of 168, columns 64 to 127 of 154]
-9999 -9999 -9999 -9999 -9999 -9999 -9999 -9999 -9999 -9999 -9999 -9999 -9999 -9999 -9999 -9999 -9999 -9999 -9999 -9999 -9999 -9999 -9999 -9999 -9999 -9999 -9999 -9999 -9999 -9999 -9999 -9999 -9999 -9999 -9999 -9999 -9999 3.720412608 -9999 -9999 -9999 -9999 -9999 -9999 -9999 -9999 -9999 -9999 -9999 -9999 -9999 -9999 -9999 -9999 -9999 -9999 -9999 -9999 -9999 -9999 -9999 -9999 -9999 -9999
-9999 -9999 -9999 -9999 -9999 -9999 -9999 -9999 -9999 -9999 -9999 -9999 -9999 -9999 -9999 -9999 -9999 -9999 -9999 -9999 -9999 -9999 -9999 -9999 -9999 -9999 -9999 -9999 -9999 -9999 -9999 -9999 -9999 -9999 -9999 -9999 -9999 3.782505732 -9999 -9999 -9999 -9999 -9999 -9999 -9999 -9999 -9999 -9999 -9999 -9999 -9999 -9999 -9999 -9999 -9999 -9999 -9999 -9999 -9999 -9999 -9999 -9999 -9999 -9999
-9999 -9999 -9999 -9999 -9999 -9999 -9999 -9999 -9999 -9999 -9999 -9999 -9999 -9999 -9999 -9999 -9999 -9999 -9999 -9999 -9999 -9999 -9999 -9999 -9999 -9999 -9999 -9999 -9999 -9999 -9999 -9999 -9999 -9999 -9999 -9999 -9999 -9999 -9999 -9999 -9999 -9999 -9999 -9999 -9999 -9999 -9999 -9999 -9999 -9999 -9999 -9999 -9999 -9999 -9999 -9999 -9999 -9999 -9999 -9999 -9999 -9999 -9999 -9999
-9999 -9999 -9999 -9999 -9999 -9999 -9999 -9999 -9999 -9999 -9999 -9999 -9999 -9999 -9999 -9999 7.476696857 -9999 -9999 -9999 -9999 -9999 -9999 -9999 -9999 -9999 -9999 -9999 -9999 -9999 -9999 -9999 -9999 -9999 -9999 -9999 4.613903359 -9999 -9999 -9999 -9999 -9999 -9999 -9999 -9999 -9999 -9999 -9999 -9999 -9999 -9999 -9999 -9999 -9999 -9999 -9999 -9999 -9999 -9999 -9999 -9999 -9999 -9999 -9999
-9999 -9999 -9999 -9999 -9999 -9999 -9999 -9999 -9999 -9999 -9999 -9999 -9999 -9999 7.673354218 8.48473845 9.235416164 -9999 -9999 -9999 -9999 -9999 -9999 -9999 -9999 -9999 -9999 -9999 -9999 -9999 -9999 -9999 -9999 -9999 -9999 -9999 -9999 -9999 -9999 -9999 -9999 -9999 -9999 -9999 -9999 -9999 -9999 -9999 -9999 -9999 -9999 -9999 -9999 -9999 -9999 -9999 -9999 -9999 -9999 -9999 -9999 -9999 -9999 -9999
-9999 -9999 -9999 -9999 -9999 -9999 -9999 -9999 -9999 -9999 5.504572438 6.795449297 8.230679528 9.607072431 10.8353824 11.60718377 -9999 -9999 11.61086789 11.014199 9.967448472 9.026524015 8.162189195 -9999 -9999 -9999 -9999 -9999 -9999 -9999 -9999 -9999 -9999 -9999 -9999 -9999 -9999 -9999 -9999 -9999 -9999 -9999 -9999 -9999 -9999 -9999 -9999 -9999 -9999 -9999 -9999 -9999 -9999 -9999 -9999 -9999 -9999 -9999 -9999 -9999 -9999 -9999 -9999 -9999
-9999 -9999 -9999 -9999 -9999 -9999 -9999 -9999 -9999 6.696794205 8.373802799 10.38794051 12.31880735 12.72995737 13.80199256 14.1818307 13.85562109 14.04756454 13.42924478 13.21736433 12.40417166 10.9600087 9.864039477 8.472421251 -9999 -9999 -9999 -9999 -9999 -9999 -9999 -9999 -9999 -9999 -9999 -9999 -9999 -9999 -9999 -9999 -9999 -9999 -9999 -9999 -9999 -9999 -9999 -9999 -9999 -9999 -9999 -9999 -9999 -9999 -9999 -9999 -9999 -9999 -9999 -9999 -9999 -9999 -9999 -9999
-9999 -9999 -9999 -9999 -9999 -9999 -9999 -9999 -9999 10.34342792 12.32609817 13.3953283 14.30094381 14.54522264 14.62564818 14.6563625 14.37090979 14.27838452 14.0979685 14.02253923 13.39278532 12.57367999 11.86616018 10.72244004 10.24394944 9.818061578 9.7246682 10.14079778 10.14021143 10.33709538 10.52754319 11.0530295 11.24158202 11.02524547 10.42124433 -9999 -9999 -9999 -9999 -9999 -9999 -9999 -9999 -9999 -9999 -9999 -9999 -9999 -9999 -9999 -9999 -9999 -9999 -9999 -9999 -9999 -9999 -9999 -9999 -9999 -9999 -9999 -9999 -9999
-9999 -9999 -9999 -9999 -9999 -9999 -9999 -9999 -9999 13.0897792 14.82586147 14.98412803 15.46943888 15.17851579 14.84953854 14.73795472 14.46795062 14.36240586 14.06136765 14.30950894 13.97816897 13.38692608 13.25833749 12.64746958 12.98353503 12.87661038 12.71804611 13.32316779 12.80926447 13.13107151 13.1432881 13.17341286 13.60342894 12.90540653 12.12215267 11.13082116 10.03899745 -9999 -9999 -9999 -9999 -9999 -9999 -9999 -9999 -9999 -9999 -9999 -9999 -9999 -9999 -9999 -9999 -9999 -9999 -9999 -9999 -9999 -9999 -9999 -9999 -9999 -9999 -9999
5.624055154 6.52657882 7.274630444 6.349624063 -9999 -9999 -9999 -9999 12.01172613 14.31637054 15.64498786 15.78988599 15.5700178 15.60001374 15.64761187 15.45799971 15.16967514 14.87196687 14.60806382 14.38682714 14.0509171 13.69826526 13.64856088 13.53873655 13.79499492 13.78702071 13.53288116 13.56992967 13.4002932 13.58557913 13.53632738 13.48425609 13.53818968 13.37018574 13.06277075 12.18551 11.09998506 9.877503685 -9999 -9999 -9999 -9999 -9999 -9999 -9999 -9999 -9999 -9999 -9999 -9999 -9999 -9999 -9999 -9999 -9999 -9999 -9999 -9999 -9999 -9999 -9999 -9999 -9999 -9999
7.842124187 -9999 -9999 9.503415815 8.767906185 9.46766676 10.6398309 12.45448722 14.39126149 16.05315162 16.87361484 16.69035669 16.33678581 16.32649471 16.48304666 16.28826327 15.94239724 15.48868267 14.9577363 14.59124867 14.11247591 13.73350779 13.63086027 13.54070315 13.90914491 13.8676761 13.5448999 13.49795808 13.39547346 13.48451843 13.35471369 13.19298419 13.14350189 12.98953351 13.21317701 12.52268969 11.53603752 10.63367333 -9999 -9999 -9999 -9999 -9999 -9999 -9999 -9999 -9999 -9999 -9999 -9999 -9999 -9999 -9999 -9999 -9999 -9999 -9999 -9999 -9999 -9999 -9999 -9999 -9999 -9999
-9999 -9999 -9999 10.71997039 12.76723357 14.16055641 14.79989974 16.30939507 16.95870634 17.74775221 17.93700319 17.53629205 17.36680022 16.76774168 16.93825161 16.75872559 16.1894198 15.96634819 15.27030844 14.74528387 14.17506413 13.61872489 13.35506286 13.43986309 13.58550823 13.66021245 13.76315678 13.68839539 13.69574913 13.69528782 13.48669469 13.1076343 12.77277988 12.61363268 12.50546554 12.30411526 11.87358318 11.33452039 11.13640732 10.86152262 9.666892357 -9999 -9999 -9999 -9999 -9999 -9999 -9999 -9999 -9999 -9999 -9999 -9999 -9999 -9999 -9999 -9999 -9999 -9999 -9999 -9999 -9999 -9999 -9999
-9999 -9999 -9999 9.975425942 12.73649055 14.81166729 15.92900983 17.74621962 17.9916962 18.46132036 18.44118677 17.78127914 17.19711284 16.39291322 16.27812779 15.95528579 15.56730427 15.55217334 15.0189524 14.57995277 13.98080979 13.40907295 12.95586209 13.06841325 13.37269529 13.48876163 13.69229702 13.78737216 13.95983002 13.8612763 13.76637933 13.33362332 12.88367683 12.59948402 12.52332657 12.25855745 11.99080604 11.99652156 12.17607586 12.15806083 11.2745983 9.952178882 -9999 -9999 -9999 -9999 -9999 -9999 -9999 -9999 -9999 -9999 -9999 -9999 -9999 -9999 -9999 -9999 -9999 -9999 -9999 -9999 -9999 -9999
-9999 -9999 -9999 -9999 9.247245643 11.75815804 14.28019384 16.64769693 17.72991063 18.06444459 18.04055425 17.63502865 16.92327244 15.62155458 14.42270654 13.99799818 14.40470643 14.48956756 14.43353363 14.08398056 13.94550072 13.40564032 13.10110401 13.22183379 13.37984566 13.57326072 14.112554 14.15667707 14.26394221 14.16773515 13.9088522 13.68777156 13.2543958 12.99755254 12.84066858 12.82576449 12.85870053 13.03550618 13.05843198 13.34995827 12.7356342 11.76492259 10.78123359 -9999 -9999 -9999 -9999 -9999 -9999 -9999 -9999 -9999 -9999 -9999 -9999 -9999 -9999 -9999 -9999 -9999 -9999 -9999 -9999 -9999
-9999 -9999 -9999 -9999 -9999 9.040639063 12.37920717 15.10369159 16.44614255 16.69944004 16.939399 17.08041457 16.39693297 14.86780921 13.21768277 12.74547057 13.41463549 13.84548993 13.84808531 13.88590497 13.86828964 13.5426852 13.51354223 13.91706875 14.44258112 14.77358772 15.17756242 15.14412583 14.9397202 14.52003403 14.14630558 13.88651348 13.72086137 13.55352746 13.40145786 13.2635004 13.1909862 13.27772151 13.10382542 13.3006074 13.04662008 12.85382851 12.32648572 11.15357276 -9999 -9999 -9999 -9999 -9999 -9999 -9999 -9999 -9999 -9999 -9999 -9999 -9999 -9999 -9999 -9999 -9999 -9999 -9999 -9999
-9999 -9999 -9999 -9999 -9999 6.9705239 10.83430735 14.27037927 15.07702951 15.03661735 15.4630567 16.14298183 16.23556771 14.55942545 12.55118169 12.16268565 13.05162474 13.97128156 13.56809209 13.48592758 13.57666422 13.45825728 13.91480761 14.70513676 16.19619354 16.54353286 16.29841496 16.55906508 15.75317582 14.85883571 14.39019127 14.27813534 14.27591307 14.07846696 13.88092411 13.68821988 13.40396843 12.98893686 12.56670702 12.37128221 12.37671976 13.03890717 13.60938827 12.50346609 11.41976875 -9999 -9999 -9999 -9999 -9999 -9999 -9999 -9999 -9999 -9999 -9999 -9999 -9999 -9999 -9999 -9999 -9999 -9999 -9999
-9999 -9999 -9999 -9999 -9999 6.159015772 9.924887562 13.00601596 13.98749313 13.82418525 14.34758205 15.28092587 15.54147353 14.62628363 13.27277502 12.88464087 13.46541654 14.0452633 14.13184773 14.0679323 14.18295531 14.17601657 14.78571251 15.50643712 16.68655371 17.12698742 16.96172249 16.78207375 16.16958381 15.64359048 15.20900438 14.8916606 14.76601303 14.58591202 14.41159827 13.98926705 13.40694196 12.63476937 11.81077324 11.31197767 11.28980743 12.11061288 12.96314127 12.90414389 12.62203608 12.36128724 12.16470303 11.98214205 11.81452583 11.64093642 11.29796046 11.09510343 -9999 -9999 -9999 -9999 -9999 -9999 -9999 -9999 -9999 -9999 -9999 -9999
-9999 -9999 -9999 -9999 -9999 5.566776068 9.269204754 12.5276295 13.11173368 12.80873286 13.3366784 14.41602401 15.00370676 14.66974196 14.10463443 13.90729885 13.89108515 14.38315246 14.46469251 14.57733318 14.64003592 14.42791055 15.10346856 15.33748273 16.202783 16.70143201 16.62548519 16.6134119 16.10388662 16.12607308 15.86155699 15.28184081 15.03680817 14.83838033 14.71712924 14.15403895 13.36832767 12.30276611 11.2869321 10.18650819 10.15342851 11.23413929 11.9563503 12.65796149 13.41319134 13.69541401 13.66980518 14.03688029 13.49163816 13.80004913 13.41975215 12.81458854 12.40773124 11.14793767 9.820606015 -9999 -9999 -9999 -9999 -9999 -9999 -9999 -9999 -9999
-9999 -9999 -9999 -9999 -9999 5.40640731 8.932622826 11.75220776 12.74667015 12.63031619 13.13511382 13.8677851 14.4466728 14.5263843 14.49140075 14.36220106 14.3138946 14.48886762 14.37666928 14.22950547 14.01721439 13.62470984 13.63505301 14.04854099 14.79831657 15.34154237 15.62310345 15.74591448 15.72914433 15.44359282 15.36519813 15.10160942 14.81639283 14.80902131 14.81873476 14.2988312 13.40166267 12.25066724 11.0848225 10.13082362 9.946529803 10.66762281 11.65522668 12.36522113 13.10213911 13.55386331 13.67673444 13.99858758 13.85625781 14.09336802 13.91914717 13.62162934 13.23401349 12.43055225 11.57737979 10.23752888 -9999 -9999 -9999 -9999 -9999 -9999 -9999 -9999
-9999 -9999 -9999 -9999 -9999 5.278915739 8.758364949 11.94817776 12.49788985 12.49732663 12.93417567 13.32446055 13.96382672 14.26628259 14.56062824 14.55686648 14.40932969 14.40470626 13.9115445 13.41716963 12.93898127 12.60423197 12.52716837 13.06872383 13.46255971 14.15383986 15.0078149 15.13849537 15.52630446 15.11017463 14.91407006 14.73309544 14.46458003 14.77290527 15.00983695 14.45000331 13.45312495 12.3929418 11.07587199 10.2890715 10.09508067 10.71863661 11.47078533 12.01548715 12.67033108 13.17321224 13.3304088 13.44925449 13.44592932 13.56218969 13.5252808 13.57076892 13.66169469 13.14584116 12.89954472 11.65459209 9.887348431 8.648084342 -9999 -9999 -9999 -9999 -9999 -9999
-9999 -9999 -9999 -9999 -9999 5.450550879 8.703637268 11.1709813 11.92896396 11.79922543 12.16081389 12.55716721 13.19082946 13.82747572 14.42792788 14.47484995 14.07477802 13.51587396 12.88993393 12.37585779 12.00885549 11.71180776 11.72113608 12.26311085 13.12876134 14.02046224 15.03740882 15.9212956 16.18586888 15.94958146 15.66946211 15.17238918 14.83603848 14.91253003 14.91115604 14.3281455 13.18867001 12.11764775 11.32901879 10.98295067 10.79952988 11.04228394 11.43042004 11.84736758 12.25814961 12.59327595 12.87832676 13.05665769 13.07856559 13.12137337 13.05093116 12.98440998 12.99107181 12.98806646 12.80899683 11.94901957 10.52417155 9.251523849 -9999 -9999 -9999 -9999 -9999 -9999
-9999 -9999 -9999 -9999 -9999 5.915409197 8.913802725 11.27635941 11.52725862 11.13536371 11.32346655 11.81041473 12.33365353 13.22285796 14.09325817 14.18959906 13.48966474 12.85895973 12.13737247 11.4983992 11.05077983 10.85978937 10.76953066 11.70023924 12.83221406 14.07186387 15.29452492 16.92856069 16.80212537 16.82167148 16.60378835 15.96781146 15.6813683 15.36147444 15.12444393 14.35640617 13.070912 11.86858273 11.71210081 11.79749679 11.72208568 11.90391111 12.08524078 12.10624441 12.28914493 12.54481156 12.87331472 13.01125077 12.93806845 12.7443354 12.59608401 12.54205251 12.28823387 12.35748732 12.42798757 11.70374614 10.5741475 9.31401138 -9999 -9999 -9999 -9999 -9999 -9999
-9999 -9999 -9999 -9999 -9999 7.472633102 9.374797239 10.79409999 11.33978904 11.24570193 11.41259626 11.48964463 11.75545895 12.47927164 13.16147986 13.19285449 12.6842224 11.93662238 11.31975566 10.75147065 10.39191266 10.30603501 10.51934383 11.3144475 12.43690238 13.76462206 15.02983641 16.16877767 16.62179877 16.73550135 16.66073279 16.19909478 15.89375582 15.52312378 15.28064279 14.65304828 13.7406316 13.2230553 12.8395653 13.02402913 12.88657636 12.74064545 12.74332372 12.57944853 12.69585556 12.79889423 12.90513682 12.98126991 12.86170188 12.62312664 12.330483 12.02983343 11.87709082 11.98549082 11.87650165 11.28415254 10.50150086 9.965254199 -9999 -9999 -9999 -9999 -9999 -9999
-9999 -9999 -9999 4.91898059 7.049809671 8.480798938 9.439195523 10.52916231 11.07411624 11.36539218 11.65988469 11.6098574 11.52983108 12.01223188 12.39521318 12.27658144 11.7434107 10.9948461 10.61775251 10.1401069 9.884206773 9.956152475 10.18678724 11.06260483 12.02728453 13.32122222 14.55598257 15.52899593 16.0165402 16.20607549 16.25874592 15.96117496 15.85018603 15.40481574 15.30312907 14.85724937 14.36678638 14.18818413 13.58064257 13.73836524 13.48207542 13.07286991 13.06150119 12.85295234 12.88779882 12.88013393 12.81676315 12.8955073 12.74053815 12.54531537 12.31044946 12.08149876 11.75416146 11.57614014 11.46651678 11.06231575 10.92362266 10.69268757 10.92286425 -9999 -9999 -9999 -9999 -9999
-9999 -9999 4.69861155 5.877509372 7.225349788 7.951822681 8.708319244 9.395992811 10.45435227 11.3711788 11.84601933 11.87193321 11.76435651 11.6461336 11.46058759 11.17295942 10.80611097 10.35459184 10.03798378 9.794773571 9.809974523 9.88266024 10.08920148 10.81270862 11.81328555 12.97385923 14.08655102 14.88394788 15.13653266 15.35707803 15.48991569 15.45292386 15.32793396 15.20706643 15.08555171 14.7644108 14.27956609 13.92146292 13.52094362 13.34778658 13.04933118 12.77708703 12.76083629 12.58783383 12.57873668 12.51880236 12.42628427 12.45592966 12.4361902 12.47820138 12.31742497 12.04424641 11.73967009 11.44159751 11.10141356 11.23120442 11.50369538 11.85456527 11.89353542 11.95647009 -9999 -9999 -9999 -9999
-9999 -9999 6.46027187 7.417890815 7.64505903 7.996811683 8.034707803 8.570493625 9.915481755 11.16994136 11.74617073 11.73547647 11.63278995 11.18621454 10.69344043 10.34215859 10.13435819 9.876360668 9.825721129 9.769844975 9.804389444 9.889145037 10.05846112 10.57941885 11.55280097 12.62749106 13.56808517 14.34681647 14.6138588 14.4983182 14.68630301 14.79704725 14.72480095 14.73994241 14.5915257 14.27551614 13.84493511 13.3984275 12.83312613 12.54802596 12.22416666 12.09384151 12.13475337 11.92045992 11.91209724 11.86850418 11.81322858 11.91389183 12.08012281 12.25535772 12.17667682 11.99880667 11.7217103 11.25179702 11.09782659 11.46450487 12.02329719 12.55827832 12.37448186 12.36062175 -9999 -9999 -9999 -9999
5.706185327 8.036835893 9.968208251 9.425926675 8.212273437 7.994915802 8.313552673 8.750068661 9.496011089 10.65495664 11.1851152 11.10136181 10.78256055 10.52677854 10.23086133 9.920030603 9.772730557 9.689361778 9.692113401 9.701333205 9.756332308 9.847429199 10.00551876 10.33749775 11.17901274 12.09405969 12.96216976 13.62642286 13.85405309 13.83024038 13.77731402 13.84848712 13.79858792 13.81441056 13.74430376 13.50177643 13.01377286 12.55770824 12.03306723 11.58093439 11.33107008 11.21104968 11.17268518 11.09072874 10.98350132 11.0177421 11.17523404 11.37320322 11.6052372 11.90572672 11.96076174 11.75898807 11.47864509 11.00875558 11.17838878 11.54223512 12.04700646 12.36116405 12.34987669 12.17523743 -9999 -9999 -9999 -9999
7.582533819 10.30259408 12.31175237 11.05247117 8.881283295 8.390040168 8.650426155 9.21244389 9.567615531 10.14125737 10.52867104 10.37469731 10.04994734 9.911518352 9.78055054 9.681273994 9.611391497 9.527702759 9.567286248 9.616987251 9.693698831 9.775973677 9.887521538 10.07533864 10.73152309 11.47953773 12.18230518 12.82975594 13.14976107 13.15665129 13.12758612 12.97060976 12.87161027 12.81249343 12.64715351 12.3601939 12.01097512 11.57319468 11.07764233 10.65481657 10.37400806 10.31214754 10.28933858 10.31367504 10.312302 10.4176059 10.67109742 10.86620814 11.17906872 11.5255433 11.52156562 11.29554135 10.99982104 10.90207112 11.14158399 11.38770492 11.76947917 12.0768132 12.13667644 12.08171551 12.01851762 -9999 -9999 -9999
9.077351764 11.94957228 13.36336426 11.94298767 9.519329236 8.622178639 8.89408007 9.464693757 9.818053544 10.02263138 10.07064299 9.770617695 9.534052797 9.494263524 9.54045073 9.533832506 9.499759648 9.47299205 9.497652276 9.552398363 9.610580869 9.692919682 9.762049001 9.878103289 10.24350647 10.79576556 11.40266456 11.89689069 12.29778277 12.5889028 12.55462294 12.27904435 11.98466296 11.61844408 11.32331409 11.04792439 10.71494286 10.32770909 10.169765 10.13976839 10.17385645 10.21664366 10.27902542 10.34811706 10.45609824 10.51134411 10.54381376 10.68085675 10.84955378 11.00307827 10.89557663 10.59639935 10.64609435 10.74594801 10.92336384 11.13910014 11.42594486 11.69377447 12.01902326 12.2518945 12.31887577 12.15463288 11.92064026 -9999
