meets/meet004/data/CCSM_21k_neotropic_bio17.asc
NCOLS 154 
NROWS 168 
XLLCORNER -112 
YLLCORNER -55.5 
CELLSIZE 0.5 
NODATA_value -9999 
[rows 58 to 86 of 168, columns 64 to 127 of 154]
317.7180488 239.9611132 189.1695976 182.2341466 210.893511 267.405476 316.1183513 347.7418653 354.1450932 360.701806 366.2295441 387.1416146 417.2320929 442.7322096 467.7850597 466.8150853 466.4786268 473.7447973 473.5691071 484.2415339 483.1145369 477.17885 482.8678986 486.4588466 444.6186156 381.4298389 319.781294 268.2889482 229.7807813 196.1990686 182.9670502 179.1523271 175.1705759 183.483206 190.5649167 203.1362461 222.5586666 240.6442105 264.9735575 284.1186097 302.0890555 319.3148841 327.6875897 327.3587156 313.9848416 300.8172177 288.7503681 274.024696 264.7006963 256.8440804 258.2292127 271.4267925 284.4740065 306.2592648 307.9677517 300.8297008 284.4094784 260.374628 239.4900753 232.6366863 215.1168515 205.9520106 210.3643602 -9999
246.5660881 195.221462 155.4724864 161.0649447 189.9781477 245.029993 283.1545148 309.7638519 312.3757153 319.5124594 321.4037618 347.1378053 380.5586653 395.2468177 411.0707167 412.5762854 416.6153261 418.0037619 421.4010512 417.3276354 418.0025166 426.2478592 424.5147344 434.5387525 439.7166358 393.3916553 339.4876588 298.7679005 270.3061796 243.8780024 233.2143318 228.7767215 232.0484799 240.2956988 257.6609889 273.4971083 297.1473071 321.555642 344.7455526 379.4143208 398.5072795 417.1662628 405.5655256 395.9238677 374.1477545 360.2902718 353.1742394 331.2761785 312.2210956 303.0707707 302.9373235 304.591625 321.5216538 342.1600326 348.9450228 338.5291392 309.1819655 289.2890881 267.717527 236.6374484 241.5669727 221.431422 206.9527883 217.5698629
194.200352 154.7023729 131.3738195 141.7293252 176.3254295 216.130721 245.4770069 267.2061944 278.4901181 286.0945461 290.8263632 305.815231 329.4248994 344.1242802 358.5640462 356.0955947 353.9629783 357.6932593 355.2947461 357.4457603 357.3484289 358.3184942 365.6488736 370.1725624 380.4165503 387.393481 371.2713512 336.1630933 312.4982421 294.0214627 290.150363 293.3434627 299.0849619 317.3487969 336.665595 357.4565968 389.8099285 388.3405977 375.5207355 368.085048 362.5506881 351.3884474 343.40065 330.5308064 320.2409086 312.7788365 305.0355157 300.4165579 300.8294931 304.3733756 310.7946591 321.9342701 334.3135121 348.420256 363.490073 373.9611313 365.410631 332.9016556 301.1977759 266.9217164 243.9248619 216.041445 206.6740733 192.6183005
155.9526241 128.5124274 114.666286 131.2631971 159.8806791 199.3629224 225.3838329 244.7457519 249.7424471 257.0861586 260.8709144 278.0800021 300.1023062 307.2031303 317.0885341 315.0992852 315.9837273 314.7505724 317.2111602 314.5395144 315.7291473 321.5148477 321.2827328 331.6949374 335.8049586 343.4260382 356.3657165 358.5024418 353.5439597 344.5021412 344.0928364 351.9151443 368.8141294 373.8722232 364.2394169 356.4622116 347.1939851 333.4608897 328.9416948 316.3927422 310.9044933 305.5871128 296.1629964 293.5280263 281.9861525 274.4305878 273.8020956 268.0127452 271.8096847 270.7753195 276.2242745 288.8775261 292.9659312 308.2901707 315.8177042 325.9676434 336.6096191 336.9045185 341.4941275 302.3135023 276.4080853 239.0550788 216.3831866 214.5672809
125.7656322 108.8034518 108.0177454 126.302418 152.6248838 180.7411104 200.0162452 215.2214344 222.4832434 231.3728006 237.4493255 248.5217225 262.2841546 269.9777145 277.7238984 275.1746959 271.3707962 272.7020071 270.305688 271.9660161 272.1818263 272.8137529 278.2631967 281.5122372 289.7933816 294.6278216 300.7295226 309.8969239 315.2920969 322.707297 324.0128704 323.1022006 324.175633 317.3912553 311.8377537 303.5528773 291.3159833 283.5510544 272.2446427 265.8830951 261.3363164 254.1086245 248.7006503 242.3020988 238.0812176 235.4010178 231.5004529 230.9681047 231.6599273 234.1681369 238.1065862 243.27993 250.2625446 257.4820398 266.168307 272.0945574 275.6669171 279.7917124 276.2788694 273.790745 267.7922868 258.4413136 246.1091407 225.4280524
106.980457 99.05453267 100.3200135 122.4430803 144.5570331 171.1205478 187.131058 199.0814828 203.4934878 214.3478493 220.5739067 234.3127297 245.0560574 248.8176517 250.4663796 248.3478128 246.2354536 243.1946579 243.4626093 240.6551501 241.2094041 243.7922849 244.1409277 250.9045448 255.6805304 261.2686938 269.7365464 274.2529675 281.4615607 286.199968 287.7154093 290.3669953 286.4083777 283.7750527 275.8221733 267.8154788 259.0862182 248.0215971 242.1109782 232.5311656 227.9149545 222.6744201 215.7392736 212.6580251 206.5876364 203.0457777 201.5607982 199.0129197 202.9964906 202.4168881 206.6325542 211.2834804 214.3218759 220.6461974 223.7917027 228.4940867 232.6486458 229.6101475 229.9088407 222.8789027 216.7429219 210.427557 200.3534652 196.9827205
97.88743179 99.82937046 107.7396736 124.0041751 141.3696936 159.25399 170.9841497 179.9125414 190.4815323 199.7806178 206.8321152 214.8831033 222.408343 224.9492813 226.7295431 223.1412419 217.6471058 215.2882364 211.6024313 210.6627773 209.9586663 209.5349854 212.3668231 215.2657964 221.1075786 224.8371935 230.2213142 237.4943162 242.6566819 249.0199279 250.1486356 250.5832692 250.9019317 245.7096219 240.810407 233.8815153 223.9999377 216.7151947 207.1677168 200.6605849 196.0731519 188.1998626 183.9483135 178.0272075 174.2531304 172.4781048 169.6917578 168.8994937 168.3464654 170.1464312 172.1075573 173.3151217 176.5480876 178.1629146 181.0296663 182.5860238 181.7462533 180.9914707 175.9118222 171.1798091 165.245387 156.8206408 151.4290603 145.255076
90.4425738 98.00391075 104.1720925 124.7925177 140.6268965 154.701303 166.2274623 169.3815167 179.4318898 187.4223646 193.5570122 207.6939898 211.8523438 210.7269726 209.916827 205.2108374 199.6154254 194.7871113 192.1312542 187.9082382 185.1963349 185.6976546 185.9909763 188.8646979 192.5061503 195.6465092 203.9040309 207.3950876 212.260208 218.1240481 219.7580822 223.9853885 222.3457292 219.1555083 213.641131 208.1848777 200.1698961 192.3562638 186.2745689 176.8568526 171.5246063 164.076773 158.9928733 155.4443711 148.6528324 145.6081322 142.7844175 141.8872126 143.0134208 141.2062934 141.3441232 143.6984133 143.0766857 144.9361352 144.5573492 143.2667625 143.0085338 139.1314574 135.0806112 127.1598555 121.8968525 115.7721097 108.4623261 106.1445893
86.81903028 94.4590209 107.9073249 124.1215986 134.2796643 146.9934741 156.7769829 160.087204 169.308534 181.7947367 188.1068285 191.6634775 198.6792442 200.4458197 198.0166573 192.9262122 185.8156153 180.2366021 174.4330159 170.1288843 167.5587122 165.4102548 165.3493598 166.8139819 170.2667503 173.0088415 177.636062 183.1592116 188.0653298 193.6357709 195.2477042 197.4353878 198.9876769 196.5985756 193.7438609 188.6932617 181.204041 174.7803322 166.4428763 159.3409212 154.365882 146.3343303 140.8677875 134.5281502 129.3396651 126.8098597 123.1843487 120.5085878 118.4543872 117.8967071 118.1316874 117.126295 116.7980456 115.4845046 114.3755949 112.9142452 108.6792601 105.3410357 99.41753921 94.1661058 89.06411793 82.48782635 78.48079535 74.34555263
84.24022912 87.41677588 100.4049815 110.9018224 129.5178967 145.3722371 154.9958092 156.6635322 164.0349989 174.2459712 176.237744 182.8895107 193.1549408 190.8601465 188.7532083 182.5097791 174.6835781 168.3377707 162.1885362 156.0962901 151.4384427 148.3365995 147.5120794 147.1939686 149.7743454 151.4102535 155.4622687 160.4649852 163.6481178 169.5371768 171.9052675 174.8351694 177.6259503 175.4120944 174.1945098 171.0103273 164.2353006 159.0679668 151.6749477 144.3540202 138.7800933 130.6216938 125.4589696 119.1543457 113.4205195 109.3360629 103.8353171 101.7524235 98.18216901 96.27237038 94.4410496 91.78715698 91.21260879 88.3518162 86.91639805 84.55507431 79.64770314 76.53971122 70.73762199 66.01955531 62.1122446 56.43476422 52.69193867 49.82365147
77.47412511 84.74057513 97.09599321 109.4251275 125.9741028 143.3140794 157.2291627 162.5225274 164.7287054 169.9224694 171.4525911 175.2494914 181.9360549 184.3869306 182.2857453 175.5204875 167.1847361 160.475065 152.7121847 145.5938445 141.0704508 136.8244863 134.1237983 133.2460036 133.8246333 135.0541882 138.1203084 141.9685783 146.0267693 150.6228324 152.6784634 156.1266973 159.1316913 159.3980752 159.3166696 156.6402865 151.7366044 147.3445138 140.0271176 133.0758593 127.7840755 120.1454634 113.7563133 107.0269969 101.0464274 97.50245823 91.59653311 86.77437453 82.35087069 78.59005238 76.8150397 73.50038714 71.1582472 67.98425174 65.75626005 63.47670865 58.64759999 55.45092871 50.58241261 46.96497053 43.45734685 39.13483754 36.65055272 34.0551421
71.6902526 78.39341356 82.87884522 102.1552027 122.8255197 149.7008146 165.0032687 171.3132494 165.5962629 164.7467442 158.6452334 165.2333382 176.8008481 174.5198168 175.5197744 168.4726441 158.9276849 153.8535125 145.3147998 137.5928593 131.2650411 124.9596358 123.0203365 119.119522 119.3784335 119.1268964 120.5668899 124.4145281 125.1392439 131.5316576 133.9702846 136.3701717 141.5722226 140.0049326 143.3924947 142.6710021 137.2601077 135.9042024 128.556587 123.0956385 117.485187 107.9055629 103.9351397 96.40375815 90.14841493 84.94732243 76.59709263 73.35121109 66.76757496 63.08118009 60.15291117 54.50152125 53.55281036 48.90085346 48.10687957 45.86625125 39.45039715 38.85030331 33.57319887 32.07935817 29.81284048 24.5683277 24.26300063 21.38618365
66.59765702 70.6886823 77.59980339 95.82695155 121.6059728 150.7076232 170.4609264 178.0672575 171.246842 160.4828996 154.7481717 159.8317128 164.7830317 169.335166 169.8928527 162.3938755 155.1739036 148.2494665 139.9775776 131.0963755 125.0765172 118.9923953 113.9125537 110.8055639 108.1576476 107.6025793 108.8819352 110.4724293 113.4029593 116.6763045 118.7180038 122.6721005 126.120149 128.6955334 130.5842543 130.2505167 128.7939554 126.4987178 121.3571284 115.4236241 110.3460122 103.3087666 96.01129172 88.75302303 81.36738104 76.58429361 68.81328842 62.35945592 56.58292979 51.12626705 48.31125996 44.16619601 41.22164926 37.92183597 35.73278346 33.71278421 30.23571614 28.00984552 24.94199576 22.8767623 20.86695017 18.5254374 17.19254429 15.78727333
60.74864037 61.92996656 64.91736928 85.80479367 118.1224317 156.2965208 178.1721223 185.7008144 172.3665325 156.5850251 143.9946986 146.9544062 157.3969232 158.090265 161.6637479 156.004189 148.4667895 143.7345209 135.7142897 126.4290057 119.3436184 111.7115714 107.3494639 102.1005341 98.87005325 96.40698164 95.96093719 97.16784802 97.46220977 101.6600131 103.4421231 106.2663056 111.0238249 111.5695106 115.9849195 117.0298756 115.3698246 115.839599 111.1098987 106.7985424 102.1224906 93.33397314 88.70812044 80.66541593 72.83349847 66.64854633 57.40011414 52.45274847 45.8769395 40.95351217 37.80277537 32.43723442 31.11603296 27.42220438 26.19225743 24.62832011 20.60324858 20.05066475 17.06074475 15.98534832 14.73715137 12.19320039 12.00556495 10.67680384
-9999 52.53297484 58.24369421 84.92319585 116.9266852 157.4091906 178.0806446 187.447587 173.1560366 150.4816258 140.2846713 143.4210447 146.0657494 151.9174247 153.9334172 147.2578267 144.4646592 138.6938261 130.941194 122.1865926 115.0649689 108.1517424 101.6723847 96.49959371 90.72695237 88.76091456 88.04750705 87.35193289 88.61537839 88.587231 90.48501088 94.98652896 97.91155484 101.4183887 102.617966 103.8794175 106.3920717 105.9468446 103.2825738 98.31030068 93.39757527 88.35073275 81.1971827 73.34269179 64.24435741 58.24567754 51.23990404 44.33825687 38.62097204 33.07937353 29.92231764 26.90845624 24.21614365 21.80807761 19.73415279 18.00933329 16.46483103 14.85704184 13.1579683 11.87902274 10.43207703 9.715527438 9.036986441 8.429624242
-9999 -9999 48.82392895 73.11085721 108.3510345 150.7119858 174.0277246 187.2498813 168.491919 147.2305142 132.453257 133.5785658 135.8896815 137.7883472 143.5993872 140.7084057 135.9382132 131.9060115 126.4090428 117.9805634 111.4122484 102.924156 96.82105654 91.54248624 85.82916778 81.97072584 79.34257167 77.40858056 77.29540393 79.02204039 79.44509539 81.54071948 83.37373428 86.18649897 90.51714592 92.35997788 92.71055298 92.78713342 91.39673429 89.00596542 85.34417167 77.75244385 71.79828542 65.1263835 56.70720746 50.79341714 42.03295508 36.28076836 31.73899166 27.07383797 24.26364759 20.30415456 18.0823392 16.44304646 15.19248463 14.21724317 11.92954946 10.73108165 9.765243068 8.948631664 8.229668799 7.0505885 6.587660664 6.341605793
-9999 -9999 -9999 62.13797657 97.16424493 138.5479072 164.2666434 178.4098575 161.9747195 142.9367105 130.3977492 124.6719839 132.803715 131.8061646 133.4082746 129.9083171 129.2514453 125.4629672 121.2340134 114.1982619 107.452137 99.78845036 93.87950272 87.9652912 81.07375877 77.65661966 73.74801095 71.48694132 70.68662243 69.38644094 70.08093174 72.13201178 73.13737298 75.73399748 77.74133058 79.46571196 81.9514578 81.82298276 81.27314048 78.54462827 74.90791553 69.14657433 63.78804482 57.33106335 49.06906722 43.05860862 36.12408972 30.81192448 26.41598335 21.87690017 19.18208985 16.57175526 14.5013761 13.40779368 12.0215344 10.91432314 9.878618255 8.957694544 7.95137201 7.076477176 6.313145085 5.850155646 5.461061361 5.319546903
-9999 -9999 -9999 53.66025897 85.1321935 119.2360769 146.9216197 162.9802574 153.6578067 143.1199483 133.9252776 127.9049669 123.8691173 125.8554695 125.9226163 123.140708 118.5751632 117.8042004 113.785764 108.5547611 103.503078 96.89151691 90.59926403 84.07868879 77.78186852 73.73328293 69.19361954 65.90708639 63.53521881 62.06580582 61.36318328 61.52695971 62.63411276 63.73296335 66.01459412 67.16415253 68.08702788 69.4544113 68.11487063 66.7627581 64.19662888 58.83941781 54.10394845 47.22529023 40.90882542 36.10575557 29.84951395 24.90550923 20.60866798 17.27365657 15.30299509 13.0196193 11.47937754 10.14502091 9.288534768 8.646848899 7.674189184 6.997738029 6.168603777 5.531065317 5.088755087 4.642636534 4.387980234 4.332983578
-9999 -9999 -9999 43.48655981 67.29995238 101.2614473 132.7033281 145.8735469 143.8705475 141.0366327 132.1321681 123.2014482 128.2000521 120.3813471 118.7372967 115.9120546 110.6708688 109.8131061 107.8561479 103.880817 98.63872768 93.46107003 88.16708383 82.40236362 75.52080887 71.33827036 66.05042123 62.62514802 60.0342615 56.70664296 55.94149806 55.43036787 55.18147423 56.14322434 56.63232716 57.76557984 59.35543267 59.39362617 59.12312778 57.52887613 54.78362753 50.56046694 46.21008737 41.23467745 34.9976555 30.0995911 24.90360756 20.79134707 17.58438187 14.29426975 12.28340747 10.64075933 9.132243133 8.552637177 7.77788311 7.101838857 6.480446856 5.921338312 5.324546875 4.729845604 4.293207135 3.966496647 3.731041005 3.859353827
-9999 -9999 -9999 -9999 56.72025867 79.13632689 103.6767905 123.5300056 134.8671456 141.2276028 144.0255781 137.2812605 132.0063745 128.7860947 120.030988 112.4203786 105.6309998 102.8515655 98.72079619 96.65613197 93.34982846 88.75067148 84.25381377 78.79377958 73.07258315 68.99613348 63.91406908 59.56335176 55.76792317 52.55614905 50.62633269 48.84515046 47.92495019 47.45960495 47.8193702 48.02675589 48.17753685 49.10883886 48.03498311 47.27744806 45.31262071 41.357044 37.72862974 32.87676064 28.32310152 24.77018184 20.20933375 16.66780268 13.58201048 11.20812241 9.870539301 8.449024543 7.469975312 6.706414902 6.202994208 5.826441236 5.272279046 4.837667256 4.28695871 3.90686363 3.609296135 3.32347694 3.200010719 3.402114906
-9999 -9999 -9999 -9999 44.51281492 65.48900198 90.31414765 107.0037304 122.9585361 143.334263 149.6104998 149.2060613 149.2294603 136.9612596 127.5673215 116.9860143 100.415777 99.71795753 94.34342166 90.86601968 87.52035878 84.48829704 80.90745875 76.61260893 70.96401704 66.73622254 61.79929758 57.4278858 54.04942935 49.49891849 47.52308314 45.02428607 43.30426018 42.47428134 41.51544276 41.54946443 41.68509635 41.4325925 41.29027796 40.23124826 38.27182905 34.982728 31.73089135 28.26471519 23.93885783 20.3205514 16.8131628 13.9296454 11.76217007 9.478930695 8.15495852 7.145035791 6.204114903 5.838217485 5.319477424 4.917756427 4.541923134 4.181562001 3.799246558 3.428022983 3.147397571 2.984056505 2.90046176 3.15992564
-9999 -9999 -9999 -9999 -9999 47.69914554 69.33517569 91.88708696 117.7256671 140.5974386 159.0082195 165.7041318 174.044888 160.1888927 143.7210734 128.7557698 118.6188215 103.2765959 93.5706985 89.67690211 85.03440648 79.01783368 76.1082845 71.95814687 67.6476486 64.17497728 59.53333863 55.10136049 51.06733986 47.01671031 44.49583169 41.50838486 39.47358867 37.79388283 36.56569123 35.84180218 35.22173354 35.20150181 34.01719175 33.39426422 31.76682696 28.65193284 25.98019713 22.43061997 19.20685164 16.73335206 13.73587529 11.31260632 9.309878127 7.73864878 6.883476988 5.990720384 5.354592574 4.850486978 4.466330461 4.196873634 3.854419609 3.565797996 3.239876159 3.012042708 2.847879347 2.723901203 2.768838744 3.123866004
-9999 -9999 -9999 -9999 -9999 36.71459057 56.89803391 77.17528597 107.2620121 140.2020643 160.7363424 175.0273752 200.6137995 180.3071905 165.4695483 150.0841103 149.9494662 124.3520946 113.9811342 104.4881222 98.24901695 80.79999348 77.67266098 74.77187749 64.93986432 61.37029743 56.72886288 52.78409352 49.21704737 45.02203048 42.54108737 39.52232313 37.27588465 35.49137301 33.57516802 32.79996047 32.03846719 31.03956331 30.47338493 29.37427328 27.64773444 25.02380417 22.40117487 19.65850094 16.47323423 14.00213149 11.62031907 9.651244503 8.192998071 6.848404061 5.995725556 5.34160628 4.759590299 4.445901564 4.052560897 3.789270458 3.527940138 3.262191783 3.054799716 2.829899713 2.679639966 2.666962744 2.745838675 3.15353906
-9999 -9999 -9999 -9999 -9999 -9999 44.14452631 63.64095599 93.11464148 126.6718422 154.1912095 182.5585485 199.6338155 196.6329328 200.1007091 194.9675007 175.9405043 167.1768545 157.9773687 140.2879855 125.0665691 105.8468317 92.38321999 72.54552282 67.73915913 61.84247008 54.11819303 50.46522828 46.56970395 42.89032496 40.46147838 37.73472247 35.38436748 33.31331283 31.54847741 30.29727915 29.02499044 28.09844861 26.73523199 25.5255918 23.99607737 21.38020543 19.09327917 16.2763765 13.80775269 11.99238748 9.891416196 8.230529646 6.958256104 5.978708061 5.440922498 4.833477992 4.404541099 4.013429557 3.726801182 3.51836156 3.25151707 3.046772044 2.85464058 2.739787413 2.692860784 2.747020536 3.048671112 3.618809093
-9999 -9999 -9999 -9999 -9999 -9999 34.5138246 48.715575 74.36558753 112.8770347 141.0735019 171.2777301 191.6474134 206.8155094 215.9625146 216.1285739 214.5351941 206.6653512 194.3191993 174.7232117 165.3566706 139.358822 114.2350594 100.0710615 78.37048026 62.05034653 50.94212391 47.91962328 45.12321914 40.96191012 38.70259615 36.02575467 34.11090883 32.42018284 30.45472428 29.15109439 27.80546635 26.40684963 25.02459221 23.35044576 21.79058472 18.98025386 17.00962794 14.8932425 12.21778159 10.57639437 8.493040649 7.274118492 6.465571038 5.426683779 5.011839342 4.466996849 4.129367146 3.86673784 3.553816479 3.386203506 3.134145052 2.976001695 2.875303462 2.759537397 2.829807345 3.069967296 3.354657442 4.058720502
-9999 -9999 -9999 -9999 -9999 -9999 -9999 37.45334838 61.53517043 92.81324342 118.6720149 152.1881294 171.8964654 200.3406991 212.4650642 226.226468 237.9100143 248.7032091 243.4917091 234.9624249 219.1240685 190.8738068 151.1995837 123.1133203 89.87786325 72.72879106 56.68200079 48.46779799 43.00299162 39.81024012 37.56784528 35.2052914 33.13961953 31.4310507 29.89062484 28.60452406 26.96268519 25.45860176 23.72724041 21.86424854 20.21680874 17.7905791 15.63414057 13.2697009 11.20163716 9.739817582 8.083670834 6.82088074 5.891896911 5.190710436 4.810158164 4.371473345 4.036666638 3.757172308 3.528653522 3.38425343 3.186214027 3.039229935 2.939137218 2.924248664 3.014629722 3.440583414 4.041869083 5.021903949
-9999 -9999 -9999 -9999 -9999 -9999 -9999 25.79497133 41.77829905 68.16933212 89.42364142 121.6175406 152.4327104 185.1927755 197.9205519 219.1004405 245.5991607 271.5215272 272.9585159 275.6056563 271.084679 240.8578826 197.0414257 166.5456193 122.0853473 89.24485835 68.16523407 49.83703691 45.37546272 40.54035622 37.04410295 34.49499178 32.51483093 31.27256131 29.6025057 28.20241845 26.54004346 24.95349475 23.04117778 21.03703736 19.26282643 16.51645284 14.73525192 12.68403885 10.56043486 9.201371621 7.537764492 6.532572323 5.828153578 5.082172685 4.731706033 4.30878454 3.995166067 3.790883985 3.56498199 3.46033758 3.28909158 3.181276844 3.178332531 3.18573839 3.499292162 4.199067323 4.752543351 6.171808884
-9999 -9999 -9999 -9999 -9999 -9999 -9999 21.35649616 33.47952478 50.60617206 68.04858996 95.21322268 122.7342861 154.5758409 174.1612548 195.9464766 225.9472862 237.6172573 253.5265607 275.5702752 280.9133747 262.5092174 245.6643586 211.4832025 154.9500122 118.0254586 87.37875985 62.64608667 47.86588952 41.93075298 38.70830048 34.9948999 32.84823376 31.11882011 29.62906997 28.29287379 26.47756842 24.72881694 22.71444949 20.48654068 18.71226338 16.42695176 14.298258 12.2377628 10.3059716 9.050593347 7.68072299 6.557615628 5.787885953 5.13300474 4.797793032 4.427985713 4.088747211 3.84174618 3.672537717 3.587020519 3.461951092 3.420924487 3.469930128 3.668709943 3.988439817 4.857327033 5.847730638 7.235896508
-9999 -9999 -9999 -9999 -9999 -9999 -9999 -9999 23.03069153 36.92940393 48.08428139 70.66943482 93.75538922 110.0822636 145.6480757 169.202703 195.5966853 203.0481054 237.4594225 258.5646689 274.330768 281.4251031 282.2517191 257.3942275 201.4939335 162.9700311 120.360231 79.58521795 66.26621632 51.60791934 41.80321369 37.36592126 33.82627317 32.30373145 30.34719432 28.50638717 26.52644635 24.78897191 22.9131761 20.53343216 18.71815626 16.21495952 14.3482159 12.52397219 10.48320187 9.282081423 7.890416182 6.876883329 6.260700258 5.5207535 5.109172659 4.707043575 4.322435065 4.142629427 3.93664506 3.869379538 3.815711038 3.777416892 3.918074507 4.182520946 4.678585233 5.864109023 6.788468148 8.421467576
