meets/meet004/data/CCSM_6k_neotropic_bio06.asc
NCOLS 154 
NROWS 168 
XLLCORNER -112 
YLLCORNER -55.5 
CELLSIZE 0.5 
NODATA_value -9999 
[rows 112 to 139 of 168, columns 64 to 127 of 154]
-9999 -9999 -9999 -9999 -9999 -9999 -9999 -9999 -9999 -9999 -9999 -9999 -9999 -9999 -9999 -9999 -9999 -9999 8.771597477 4.004368882 0.6312042 -1.271148565 -2.351930778 -2.384124575 -1.934403649 -0.933009278 0.315652284 1.794087173 3.533712891 4.916841881 6.120918359 7.02637835 7.536065263 7.99297409 8.307483533 8.51044753 8.651574192 8.642279238 8.903011069 9.087189987 9.149502262 9.180535448 9.160094682 9.275976897 9.311860331 9.345348367 9.297361036 9.235711507 9.215576257 9.171605883 8.941134356 8.558383318 8.149678221 7.711657444 7.309402001 6.977965067 6.70189807 6.50816285 6.37310086 6.519530258 8.761761511 12.75098949 16.30252072 -9999
-9999 -9999 -9999 -9999 -9999 -9999 -9999 -9999 -9999 -9999 -9999 -9999 -9999 -9999 -9999 -9999 -9999 -9999 6.76572436 1.34586358 -1.749490353 -2.388375397 -1.865601373 -1.308400891 -0.332285619 0.767938786 1.866497508 3.014870898 4.267718952 5.376345999 6.401559063 7.100350689 7.622533695 7.941182748 8.034514764 8.186087225 8.423028258 8.608478475 8.686028194 8.696335881 8.730697448 8.740494679 8.80244451 8.906904568 8.956940982 8.977252963 8.923476756 8.877442797 8.849983509 8.806612412 8.620948991 8.314757542 7.976908124 7.649009889 7.365640461 7.145581278 7.000554758 6.918341816 6.763235789 7.119072312 9.303145502 12.94853105 16.06590036 -9999
-9999 -9999 -9999 -9999 -9999 -9999 -9999 -9999 -9999 -9999 -9999 -9999 -9999 -9999 -9999 -9999 -9999 10.82375882 4.880265114 -1.382657624 -4.06611591 -2.947824488 -1.469003102 -0.27689372 1.206445501 2.359373009 3.086629267 4.260414871 5.061941684 5.979042607 6.821375147 7.337711348 7.899741637 7.798454405 7.831871701 8.02246012 8.299695115 8.719914601 8.525257713 8.386433876 8.313303953 8.280845505 8.373563731 8.468109577 8.582581377 8.587676041 8.506514967 8.507264459 8.446243597 8.409131246 8.269544477 8.029527499 7.779977262 7.579771263 7.421224143 7.286260084 7.210395355 7.467860571 7.711012672 8.051865311 10.22073542 13.61092161 -9999 -9999
-9999 -9999 -9999 -9999 -9999 -9999 -9999 -9999 -9999 -9999 -9999 -9999 -9999 -9999 -9999 -9999 -9999 8.758947665 3.604374758 -1.620287685 -3.869329302 -3.07982774 -1.059182695 0.480286516 2.057269471 3.22789016 3.817115308 4.497471111 5.267618443 6.250703325 6.926463427 7.227141022 7.637449599 7.512743131 7.547772439 7.686709094 8.01194634 8.299207175 8.144167453 7.94144858 7.859645834 7.789165336 7.907198712 7.963911761 8.044878698 8.09270396 8.033259352 7.973840401 7.946821635 7.918357452 7.850086629 7.736485287 7.622923223 7.504644174 7.40143653 7.492258214 7.581677461 8.061160708 9.158134721 10.70890269 12.6457257 -9999 -9999 -9999
-9999 -9999 -9999 -9999 -9999 -9999 -9999 -9999 -9999 -9999 -9999 -9999 -9999 -9999 -9999 -9999 -9999 7.74489269 2.839924374 -1.856535455 -3.807702677 -2.701507093 -0.726012559 0.98317633 2.678511212 3.743844235 3.999887472 4.359632098 4.973932245 5.776544604 6.351136823 6.707258495 7.165845725 7.07423469 7.04220351 7.214081343 7.532918311 7.856265237 7.658451961 7.428843039 7.367450864 7.365673199 7.419450396 7.452931078 7.485979447 7.50921795 7.493342249 7.443514687 7.460822451 7.44279499 7.430737248 7.42664323 7.435697821 7.395331842 7.422678692 7.789789713 8.210070715 8.808734863 11.08681949 13.24388346 -9999 -9999 -9999 -9999
-9999 -9999 -9999 -9999 -9999 -9999 -9999 -9999 -9999 -9999 -9999 -9999 -9999 -9999 -9999 -9999 -9999 7.155342699 2.422648045 -2.036047385 -3.793490716 -2.833585222 -0.718304255 1.192063327 2.945992821 3.951401241 4.089242766 4.041780826 4.150150697 4.308739752 4.693681223 5.384734465 5.992965631 6.274037213 6.486030427 6.669636117 6.771437046 6.876762389 6.936880116 6.982383648 7.008614318 6.952986457 6.922951183 6.931394722 6.966246493 6.98727471 6.972968834 6.954687023 6.999998933 7.024119617 7.066899704 7.101962064 7.145326545 7.235257467 7.425169055 8.318345199 9.649055441 11.38731811 13.00900336 14.65009925 -9999 -9999 -9999 -9999
-9999 -9999 -9999 -9999 -9999 -9999 -9999 -9999 -9999 -9999 -9999 -9999 -9999 -9999 -9999 -9999 -9999 6.939041535 2.11674834 -2.447011228 -4.091677542 -2.856019826 -0.687041564 1.436511673 3.268123394 4.250180548 4.142836251 3.739720503 3.565873367 3.208004071 3.362649483 4.288494935 4.917220171 5.50017056 5.866583891 6.136138691 6.159965568 6.060889378 6.373607475 6.573724642 6.642186404 6.575713839 6.443496176 6.482675781 6.49821559 6.516940601 6.515713568 6.498651352 6.56380045 6.62789532 6.728155997 6.779699016 6.976374466 7.371982274 7.87563989 9.212926583 11.18377907 -9999 -9999 -9999 -9999 -9999 -9999 -9999
-9999 -9999 -9999 -9999 -9999 -9999 -9999 -9999 -9999 -9999 -9999 -9999 -9999 -9999 -9999 -9999 -9999 6.459026574 1.781475806 -2.548988912 -4.087166072 -2.782349475 -0.338373497 1.543630887 3.249346909 4.083133853 4.026900796 3.626260673 3.1753611 2.89663902 2.966232583 3.491211646 4.166583289 4.726359715 5.070713378 5.4024636 5.580633932 5.738833525 5.905766732 6.03949 6.140108061 6.123680435 6.037546942 6.046222306 6.063827419 6.100151957 6.114738508 6.119268486 6.167810991 6.225038483 6.401628419 6.553942865 6.964843647 7.858097946 9.152975125 10.74518569 -9999 -9999 -9999 -9999 -9999 -9999 -9999 -9999
-9999 -9999 -9999 -9999 -9999 -9999 -9999 -9999 -9999 -9999 -9999 -9999 -9999 -9999 -9999 -9999 -9999 6.280592994 1.570349553 -2.788656846 -4.243518303 -2.694289354 -0.222738355 1.533884609 3.06675039 3.808113778 3.667220566 3.276069167 2.959865389 2.684688694 2.650966841 3.038700719 3.513686204 4.066955816 4.478145064 4.934490211 5.250682725 5.374171781 5.588721866 5.667779883 5.724356429 5.670315996 5.62926592 5.688876085 5.719975414 5.778030961 5.803366727 5.810835602 5.881777283 5.947912813 6.142553811 6.340697021 6.937039385 8.300749708 10.07917906 11.80820314 -9999 -9999 -9999 -9999 -9999 -9999 -9999 -9999
-9999 -9999 -9999 -9999 -9999 -9999 -9999 -9999 -9999 -9999 -9999 -9999 -9999 -9999 -9999 -9999 -9999 6.129675776 1.402874256 -2.922092159 -4.377193928 -2.912938314 -0.48790736 1.251842672 2.644721942 3.219663298 3.055484404 2.592785497 2.433790699 2.338164401 2.373984778 2.594396539 2.952850763 3.518025695 4.084770449 4.582576743 4.831796398 5.043143523 5.190686723 5.288820997 5.358254004 5.29418824 5.24643878 5.356426833 5.484714329 5.566295491 5.564952967 5.5869366 5.673060974 5.765767857 6.061595456 6.266930663 6.977033222 8.676679383 10.72028431 -9999 -9999 -9999 -9999 -9999 -9999 -9999 -9999 -9999
-9999 -9999 -9999 -9999 -9999 -9999 -9999 -9999 -9999 -9999 -9999 -9999 -9999 -9999 -9999 -9999 -9999 6.03666762 1.317208459 -3.08063623 -4.630723306 -3.153105569 -0.857786257 0.882966986 2.136537731 2.761092214 2.567662773 2.131406014 2.08028174 2.056841798 2.106991982 2.427334287 2.685309264 3.26200886 3.785709475 4.219388787 4.456734509 4.620477457 4.794920083 4.90217575 5.014069909 5.000096536 4.973774312 5.07724086 5.174222475 5.23761594 5.294743989 5.351268745 5.481315625 5.630492056 6.026333357 6.384068271 7.262508821 9.137396404 11.24280049 -9999 -9999 -9999 -9999 -9999 -9999 -9999 -9999 -9999
-9999 -9999 -9999 -9999 -9999 -9999 -9999 -9999 -9999 -9999 -9999 -9999 -9999 -9999 -9999 -9999 -9999 5.921822684 1.13699398 -3.248026166 -4.856089263 -3.491749387 -1.29616569 0.383333289 1.809962298 2.435539799 2.257867484 1.973622626 1.913574686 1.857162452 2.047196744 2.417886617 2.703877262 3.203180055 3.575438945 3.899175113 4.022652463 4.121530478 4.315739612 4.517474302 4.693661502 4.762694159 4.842649334 4.862242283 4.772863756 4.918658464 5.103890674 5.193336833 5.521916285 5.567548792 6.150388822 6.961510989 8.007355911 9.86814187 11.77223502 -9999 -9999 -9999 -9999 -9999 -9999 -9999 -9999 -9999
-9999 -9999 -9999 -9999 -9999 -9999 -9999 -9999 -9999 -9999 -9999 -9999 -9999 -9999 -9999 -9999 8.50685713 5.385374035 0.753222745 -3.479483555 -5.126467087 -3.969446983 -1.835659434 0.008634383 1.558175835 2.385649195 2.311530893 2.010965092 1.977752557 1.982288204 2.171619443 2.609077765 2.980804814 3.268174469 3.433059557 3.598373797 3.662568873 3.74221299 3.8602869 4.056073774 4.298722931 4.523020184 4.695421296 4.706394134 4.650108358 4.92871419 5.416417312 5.786098669 6.143843364 6.329077714 7.042596976 8.023918516 9.17512031 -9999 -9999 -9999 -9999 -9999 -9999 -9999 -9999 -9999 -9999 -9999
-9999 -9999 -9999 -9999 -9999 -9999 -9999 -9999 -9999 -9999 -9999 -9999 -9999 -9999 -9999 -9999 7.779714641 4.682680741 0.095568087 -4.004938836 -5.524194449 -4.307548128 -2.388878168 -0.377760891 1.403699074 2.33649414 2.249685204 2.08456592 2.091843593 2.189648466 2.433472668 2.922229907 3.329624194 3.402640025 3.357373215 3.399888349 3.412915406 3.450980017 3.482749952 3.553083955 3.810447596 4.187449069 4.580456129 4.558669311 4.654572586 5.246874281 6.102814611 7.000517569 7.517383373 7.752456916 8.52595462 9.489066395 10.6857995 -9999 -9999 -9999 -9999 -9999 -9999 -9999 -9999 -9999 -9999 -9999
-9999 -9999 -9999 -9999 -9999 -9999 -9999 -9999 -9999 -9999 -9999 -9999 -9999 -9999 -9999 -9999 6.597375935 3.228673428 -0.815440726 -4.220212449 -5.502815356 -4.432985126 -2.503570207 -0.511951866 1.256578099 2.21530126 2.213309675 2.021410847 2.078524813 2.244646127 2.514034697 2.960175441 3.300720872 3.258596165 3.085778917 3.057429433 3.079235548 3.138994615 3.133969177 3.192231648 3.425784328 3.763401106 4.115460336 4.148010554 -9999 -9999 -9999 8.447398953 9.140961197 9.506051615 10.21516233 -9999 -9999 -9999 -9999 -9999 -9999 -9999 -9999 -9999 -9999 -9999 -9999 -9999
-9999 -9999 -9999 -9999 -9999 -9999 -9999 -9999 -9999 -9999 -9999 -9999 -9999 -9999 -9999 8.380243147 5.164888611 1.53264218 -1.791883966 -4.519288971 -5.416459437 -4.213000287 -2.452421755 -0.548958741 1.214746024 2.145726897 2.043393445 1.847182211 2.006843576 2.238451811 2.499159887 2.892478521 3.06470905 3.030020202 2.772884139 2.707875567 2.749563548 2.825259787 2.804961167 2.874032666 3.054203234 3.260645013 3.519391298 3.622553782 3.874556685 -9999 -9999 -9999 -9999 -9999 -9999 -9999 -9999 -9999 -9999 -9999 -9999 -9999 -9999 -9999 -9999 -9999 -9999 -9999
-9999 -9999 -9999 -9999 -9999 -9999 -9999 -9999 -9999 -9999 -9999 -9999 -9999 -9999 -9999 7.371343098 3.938439278 0.432600945 -2.393070283 -4.225528982 -4.8203674 -3.873795063 -2.282368694 -0.481111266 1.16206661 2.026863059 1.948414551 1.731338666 1.830726732 2.068705055 2.336751799 2.725690184 2.906388178 2.721218202 2.370426495 2.250712136 2.280921842 2.386056052 2.380326387 2.432068507 2.60185451 2.812937512 3.074934315 3.141989785 3.585792781 -9999 -9999 -9999 -9999 -9999 -9999 -9999 -9999 -9999 -9999 -9999 -9999 -9999 -9999 -9999 -9999 -9999 -9999 -9999
-9999 -9999 -9999 -9999 -9999 -9999 -9999 -9999 -9999 -9999 -9999 -9999 -9999 -9999 8.883490698 6.465753026 2.802790223 -0.799667875 -2.664262879 -3.878460687 -4.188156959 -3.387507061 -2.182966997 -0.411240479 1.247397286 2.046959119 1.838306333 1.537884238 1.73559108 1.941733986 2.196127603 2.543261665 2.808945763 2.456701014 2.037806458 1.868517698 1.91765964 1.943518738 1.974949315 1.988788213 2.143567353 2.370113236 2.686192947 2.816873856 3.171122543 4.897089171 -9999 -9999 -9999 -9999 -9999 -9999 -9999 -9999 -9999 -9999 -9999 -9999 -9999 -9999 -9999 -9999 -9999 -9999
-9999 -9999 -9999 -9999 -9999 -9999 -9999 -9999 -9999 -9999 -9999 -9999 -9999 -9999 6.974573589 4.684826304 1.80943869 -0.805543237 -2.448812493 -3.204465298 -3.404396211 -2.852246344 -1.782052513 -0.282600019 1.178160697 1.930327021 1.855892635 1.659199698 1.662526658 1.794843361 2.013733737 2.425376754 2.591294637 2.282299205 1.770893201 1.57265325 1.590464441 1.681456867 1.69002045 1.706217945 1.872567776 2.110091496 2.338532443 2.55376577 3.036213763 4.771543337 7.581325726 -9999 -9999 -9999 -9999 -9999 -9999 -9999 -9999 -9999 -9999 -9999 -9999 -9999 -9999 -9999 -9999 -9999
-9999 -9999 -9999 -9999 -9999 -9999 -9999 -9999 -9999 -9999 -9999 -9999 -9999 6.850430041 5.102536959 3.030846203 1.044879747 -1.032084193 -2.024101895 -2.484054292 -2.610502216 -2.191812693 -1.50097655 -0.076830983 1.248946467 1.930110731 1.857305327 1.728383166 1.709899585 1.737042315 1.939580277 2.314088947 2.528050638 2.16462734 1.639986523 1.368102641 1.409053868 1.494467825 1.527537195 1.524016317 1.762918337 2.025953658 2.237572709 2.889726435 3.277299206 4.989709673 -9999 -9999 -9999 -9999 -9999 -9999 -9999 -9999 -9999 -9999 -9999 -9999 -9999 -9999 -9999 -9999 -9999 -9999
-9999 -9999 -9999 -9999 -9999 -9999 -9999 -9999 -9999 -9999 -9999 -9999 -9999 5.87629091 3.878367129 1.991584734 0.537276942 -0.592171298 -1.356026912 -1.585660556 -1.633716824 -1.449217451 -0.779614833 0.214891987 1.31047375 1.888944852 1.876390686 1.765360085 1.687806804 1.735370049 1.893630306 2.267482384 2.393403927 2.111118858 1.517726332 1.351107151 1.442708577 1.466204562 1.591599124 1.561258936 1.919724441 2.551154925 3.194639881 4.045977253 5.040664085 -9999 -9999 -9999 -9999 -9999 -9999 -9999 -9999 -9999 -9999 -9999 -9999 -9999 -9999 -9999 -9999 -9999 -9999 -9999
-9999 -9999 -9999 -9999 -9999 -9999 -9999 -9999 -9999 -9999 -9999 -9999 -9999 5.217881155 2.967007436 1.191770216 0.279144881 -0.435466097 -1.048800446 -1.036086316 -1.043708902 -1.026005015 -0.414970217 0.377608717 1.335874169 1.858496676 1.816368672 1.755125797 1.736862601 1.759392897 1.906949653 2.21386428 2.40132124 2.278040722 1.832802805 1.832703852 2.123687878 2.026562734 2.429098654 2.32134413 2.771435996 3.699347155 4.412225557 5.51530528 6.799136577 -9999 -9999 -9999 -9999 -9999 -9999 -9999 -9999 -9999 -9999 -9999 -9999 -9999 -9999 -9999 -9999 -9999 -9999 -9999
-9999 -9999 -9999 -9999 -9999 -9999 -9999 -9999 -9999 -9999 -9999 -9999 -9999 4.671471633 2.476818402 0.767672057 -0.184099946 -0.718573557 -1.155649738 -1.24222683 -1.240994625 -1.138820997 -0.641855311 0.120724699 1.082328825 1.602904954 1.637105411 1.683441695 1.678133869 1.758831662 1.888547703 2.03162262 2.208486085 2.471441972 2.759044862 3.180395872 3.640598613 4.097970194 4.190673221 4.360803402 4.766908565 5.245789458 -9999 -9999 -9999 -9999 -9999 -9999 -9999 -9999 -9999 -9999 -9999 -9999 -9999 -9999 -9999 -9999 -9999 -9999 -9999 -9999 -9999 -9999
-9999 -9999 -9999 -9999 -9999 -9999 -9999 -9999 -9999 -9999 -9999 -9999 -9999 4.230339959 1.93407475 0.276426071 -0.556427453 -1.133036068 -1.528228024 -1.668140754 -1.708453492 -1.607088617 -1.215830417 -0.520227713 0.427939326 0.988513811 1.114491702 1.365788385 1.531664351 1.690148789 1.836865831 1.878904809 2.03320307 2.737743781 3.621422213 4.386936113 -9999 -9999 -9999 -9999 -9999 -9999 -9999 -9999 -9999 -9999 -9999 -9999 -9999 -9999 -9999 -9999 -9999 -9999 -9999 -9999 -9999 -9999 -9999 -9999 -9999 -9999 -9999 -9999
-9999 -9999 -9999 -9999 -9999 -9999 -9999 -9999 -9999 -9999 -9999 -9999 -9999 3.854321011 1.520883241 -0.150510808 -0.959106622 -1.419588416 -1.854262024 -2.054409979 -2.159553285 -2.161978416 -1.918782528 -1.348613212 -0.728149631 -0.140410914 0.341346433 0.709139091 1.202390209 1.514815347 1.804517694 1.845051516 2.067958925 2.968706807 4.040480196 4.968293554 -9999 -9999 -9999 -9999 -9999 -9999 -9999 -9999 -9999 -9999 -9999 -9999 -9999 -9999 -9999 -9999 -9999 -9999 -9999 -9999 -9999 -9999 -9999 -9999 -9999 -9999 -9999 -9999
-9999 -9999 -9999 -9999 -9999 -9999 -9999 -9999 -9999 -9999 -9999 -9999 5.761800949 3.497121816 1.14160728 -0.511997978 -1.255147009 -1.739448908 -2.233715148 -2.536632754 -2.703294821 -2.747363581 -2.568172007 -2.064861458 -1.582359109 -0.967882894 -0.309671543 0.244494644 0.985725909 1.554404447 2.034028231 2.236997762 2.432081838 3.488914803 4.524100887 -9999 -9999 -9999 -9999 -9999 -9999 -9999 -9999 -9999 -9999 -9999 -9999 -9999 -9999 -9999 -9999 -9999 -9999 -9999 -9999 -9999 -9999 -9999 -9999 -9999 -9999 -9999 -9999 -9999
-9999 -9999 -9999 -9999 -9999 -9999 -9999 -9999 -9999 -9999 -9999 -9999 5.439490002 3.379915441 1.064290116 -0.643906579 -1.369432149 -2.020601023 -2.690250343 -3.112499744 -3.330891235 -3.241820312 -2.96947249 -2.508537081 -1.935720547 -1.272064846 -0.640819713 0.104691712 0.908567923 1.713005246 2.469827581 2.967074862 3.631714253 4.322908942 5.021740191 -9999 -9999 -9999 -9999 -9999 -9999 -9999 -9999 -9999 -9999 -9999 -9999 -9999 -9999 -9999 -9999 -9999 -9999 -9999 -9999 -9999 -9999 -9999 -9999 -9999 -9999 -9999 -9999 -9999
-9999 -9999 -9999 -9999 -9999 -9999 -9999 -9999 -9999 -9999 -9999 -9999 5.598371859 3.77876349 1.623379014 -0.151650818 -1.250826224 -2.200527603 -3.05998079 -3.597049025 -3.811934536 -3.641204339 -3.265502847 -2.750539168 -2.161598394 -1.472946437 -0.788266108 0.014742141 0.892388088 1.869315713 -9999 -9999 -9999 -9999 -9999 -9999 -9999 -9999 -9999 -9999 -9999 -9999 -9999 -9999 -9999 -9999 -9999 -9999 -9999 -9999 -9999 -9999 -9999 -9999 -9999 -9999 -9999 -9999 -9999 -9999 -9999 -9999 -9999 -9999
