meets/meet004/data/CCSM_0k_neotropic_bio17.asc
NCOLS 154 
NROWS 168 
XLLCORNER -112 
YLLCORNER -55.5 
CELLSIZE 0.5 
NODATA_value -9999 
[rows 58 to 86 of 168, columns 64 to 127 of 154]
274.7007319 207.0376228 159.6356751 158.3314931 183.1393965 237.5235116 292.7493532 335.8281193 350.0431582 362.7365889 364.5482343 374.9720494 390.343151 399.326601 409.3875728 405.9312422 399.8689049 402.4349707 400.5963643 406.3526821 404.2658585 395.9381383 397.5607031 399.3431736 409.3031428 414.3634224 417.6326091 429.4525742 391.8575485 359.9755728 345.3566026 343.9857834 343.6754626 357.2562317 367.7186924 382.7465388 402.8196064 416.7075519 433.7402839 433.4336806 428.6002396 412.4990661 406.0883349 393.7685069 386.0424734 339.0813143 275.8249615 219.9900012 184.1716698 154.6044432 140.555014 134.030846 130.740454 132.8144168 135.8804955 139.6949013 141.3439724 140.334874 136.1537384 130.6022024 121.4871151 110.1052679 99.55073106 -9999
205.6264754 166.944757 134.3729567 140.6140457 173.2072729 227.0744724 272.6376673 311.138952 315.4602957 321.2520056 324.6792257 335.3296766 351.5716283 356.9781488 358.183287 355.1095542 357.2642383 356.6223227 359.3960803 357.4622266 354.7644877 359.2477282 358.1728072 363.5303712 367.4873018 371.8603369 383.5480235 391.6268232 401.3288883 405.4898179 414.2934694 418.8440913 418.0101731 419.4665235 412.4906518 404.6534064 399.5171071 387.8705034 384.9660246 376.2249427 371.1263828 369.1914656 362.1045264 357.8130754 348.1661653 339.6506306 292.9056502 240.1782832 203.6053178 173.6759822 159.3930331 148.6018107 146.7075549 146.6781043 151.6993528 155.4913923 155.5929597 157.7145707 152.8660791 149.1260133 141.0436932 129.6124558 122.7220581 112.5213933
157.2589365 128.9132686 113.1021991 127.5235058 165.9210985 208.2537729 245.5131509 273.8798428 285.0546752 290.1824943 290.0181678 294.4422417 303.2263903 307.5654696 310.5204517 307.7975398 306.1660248 308.4616104 308.7798578 311.0086677 311.1915779 312.3354726 316.8387958 320.4866381 327.7224561 332.9406987 338.9042603 346.8110743 350.6153197 356.5726838 357.926042 355.8202176 357.6927485 352.2931612 349.0665546 343.5031857 334.4592454 329.7688301 322.6568911 320.500853 318.7307962 314.7999991 313.3766048 308.7870812 306.3296735 303.6530142 303.4393398 266.1838898 230.6955702 200.8452161 186.5139396 177.4374867 172.7834997 174.3394513 177.6393213 181.3502518 183.1947394 183.0563116 179.4071718 173.5600101 165.2286176 156.0058623 146.3047179 137.7094541
119.3745133 106.1518382 99.0727468 117.897582 153.9139008 197.7099084 228.3284313 255.0826456 257.4032549 262.0095315 261.3787174 266.0693148 272.7849952 275.2382652 274.8454952 272.0310409 273.9846613 273.2757539 277.442885 277.4460645 278.0403504 283.9811914 285.1419053 292.1103884 295.7064551 301.1027561 308.7966034 311.0217015 316.3305232 316.5797555 317.4832395 317.6318027 313.1496677 312.3374187 303.9864669 298.4772883 293.9020286 285.190571 284.3914653 278.8378856 276.8336304 278.3434409 274.3231149 276.2723329 273.5375442 270.9906863 276.1531146 276.1728579 259.8433246 232.5441098 218.4455501 208.2753418 205.1937991 206.040185 211.9933116 215.6795662 213.8220566 216.6986855 208.1246976 202.1265659 192.2794823 178.2692218 169.7411317 160.6134724
95.38378777 85.75540634 91.94079226 115.7630826 149.7821386 181.6168156 207.8613028 227.182082 231.5945868 236.337921 236.1359531 236.1389085 239.1927468 239.6568678 240.1199845 238.3075945 236.9651001 238.6589474 239.5592765 242.7089412 244.3996251 247.3831236 252.3694132 256.1667222 262.2798577 265.8494263 268.6513372 273.2622907 274.1319267 276.0383784 275.294723 271.1897311 269.1786299 262.7975697 258.3853891 253.2608686 245.9643688 242.4255807 237.4569184 236.3321136 235.4932491 234.1604969 234.6108659 234.1771005 235.9283617 236.5521549 238.2348201 242.9276695 247.7719456 255.3128078 261.3608581 256.591399 253.0890586 255.3513532 258.1733773 261.2635856 261.3325441 258.6681731 250.3203623 239.2738156 226.4244476 212.4765119 199.6966022 190.0007446
77.08904936 76.69876255 84.72999384 111.6330086 144.69683 176.9654806 199.1217533 213.8874771 214.9763141 218.4986803 218.0901706 217.4867681 218.5032064 217.5242426 215.2384501 213.3671874 213.3477573 212.4240315 214.925326 216.1314875 217.7418032 222.7147785 225.0637477 230.8709934 234.7897558 238.5596674 242.616971 244.2548398 246.1078468 244.7642773 243.9811745 241.5966221 235.6900222 233.0003695 226.0772125 220.7841292 216.4315661 210.1832605 209.2282525 205.6405493 204.8457854 205.6344796 203.8406053 205.8038065 206.0482121 206.3597021 210.4702949 211.4086584 218.57474 222.7840943 229.080951 236.3163874 241.161216 247.7514658 251.7153984 257.1164243 261.122422 257.6898063 259.0266294 253.272573 247.4701881 242.6321304 230.792759 218.2383299
70.00363034 75.44519139 88.34403715 113.0368866 143.9026694 167.8904665 185.0704813 198.1069151 201.7744816 203.2413412 202.3717293 199.4015803 197.4542664 194.4673829 192.3851887 190.2206354 187.7189079 187.5014019 187.6141741 189.4119814 191.0011599 193.6293019 197.7905205 201.3390683 206.0476743 208.7429973 210.5553001 213.1068257 212.6505057 212.8265012 211.2270289 206.9469151 203.8702542 198.2652586 193.6837954 189.3323047 183.6943867 180.1714382 176.4800956 174.9261745 173.9643488 172.5680135 173.2540344 173.1044161 174.6209732 175.6800254 177.6333582 181.1440572 184.3324535 189.434569 192.8518431 195.7484407 200.8409856 202.5499724 206.287052 207.679793 205.6717599 205.8161592 200.2623246 196.8815698 191.6843559 183.5582441 179.3417601 173.1045526
63.73195104 73.85702902 84.80811126 110.0496658 142.2394544 164.6302831 184.2014721 191.3555203 193.6756823 191.9164545 189.4449088 188.6900693 183.7614279 181.2790435 175.4323634 171.9051398 170.1967852 167.6263912 168.1789804 167.3093505 167.6767475 171.5705397 173.5323428 176.9477193 179.9149407 181.9272539 185.5200196 186.141422 186.7579466 185.5467418 184.2739107 181.7940027 177.9481647 174.4835453 168.2187018 164.312426 159.6942319 155.4543643 153.7425335 149.9820581 148.5185309 148.3399746 147.2001501 147.9584348 147.6220518 148.0632794 151.1902655 152.5187515 155.9403321 158.6650089 160.5462887 164.6875751 165.0979286 166.5708017 167.208405 166.0773357 164.969615 160.9772856 156.5044368 149.3464207 143.8966566 137.2857224 130.6881133 128.6333136
62.00907047 72.84209373 86.79657945 108.4441781 135.60309 155.7415536 170.799304 179.5858604 184.1058696 185.2062566 183.1509946 176.9599001 173.0975406 169.0098537 163.8780106 160.1900577 155.4090813 152.7793458 150.9113489 150.1809336 150.2168601 150.8991019 153.0792941 155.1376277 158.2288512 160.0651917 161.3832567 163.2420813 163.1419943 163.4726325 162.4328729 159.4659081 157.1794687 152.8419088 149.035272 145.3316823 140.353297 136.7683239 133.1009668 130.7860729 129.2530962 127.2120626 126.6971773 125.8516195 126.1889509 126.4914958 127.2078294 129.0429144 130.4022632 132.994854 134.4530117 134.9609046 136.2179654 135.1799644 134.9499846 133.4483213 128.6495882 125.3701485 118.6414194 113.2375874 107.8558757 100.1416424 96.03407554 90.97981473
61.37742271 67.12643494 81.12421799 97.66930608 126.1747304 147.7708945 164.6817361 174.2982943 175.2337516 177.5875138 174.0760545 167.9187197 165.8830783 159.7896419 153.9879903 148.3825569 142.8864656 139.6392868 136.4881106 134.6792763 133.1519884 132.8519964 134.3633974 134.9597036 137.5677887 138.4321736 139.4186224 141.4925038 141.0271291 141.786273 141.341034 139.0148344 138.0628106 134.1755231 130.9125085 127.9412075 122.8116068 119.7772278 115.983283 113.2852798 111.1357123 108.6227507 107.9273498 106.3881328 106.4989771 105.9431931 105.3771967 106.7804401 106.4000974 108.3412057 108.3223891 107.5556908 108.3285031 106.0234932 105.284452 103.1020374 98.14645323 94.53831406 88.01298149 82.39005363 77.53256532 70.46114347 66.18704194 62.2658209
59.23854478 66.87963614 77.44034598 93.95130971 115.9682012 137.4702295 157.9602625 170.7842497 172.2811556 171.7841556 167.6886586 163.2193365 159.160027 154.3076304 147.3622868 141.5210146 135.3728937 130.6090365 126.8518085 123.5266093 121.6508028 120.3137093 120.1470976 120.3355508 121.2351301 121.8250217 122.4418558 123.5370148 123.8370524 124.4452053 124.2391136 123.1719109 122.216848 119.7272997 117.3378329 114.6679213 110.6274827 107.3094307 103.523582 100.3362547 98.07685788 95.36096086 93.70863234 92.08419017 91.34885945 90.68282481 89.46786987 89.2159928 88.23077596 88.13104397 87.69612984 86.13882114 85.48456761 83.26085348 81.7298812 79.54021984 74.6456747 70.94140571 65.11682424 60.40976553 56.05662904 50.20591407 46.80647084 43.07987981
56.27253796 62.85204532 66.20636415 82.84540496 105.0666097 131.3561721 151.916525 170.3789124 165.9334806 164.4457595 158.0866579 154.6807915 154.1838441 147.473752 140.9817088 133.6453594 126.0739138 122.5660954 117.109014 113.7871202 110.54857 107.2380073 107.8341749 105.0615841 106.6378975 106.0824395 104.742441 107.035992 105.4304984 107.8174412 107.9281035 105.7045661 107.5148646 104.3678367 103.9431095 102.2281119 97.22066153 95.96279493 91.19166184 88.91082483 86.25757236 81.89482241 81.47098854 77.96309728 77.87850819 76.22422366 72.64807825 73.2672859 69.33383351 69.98179196 68.52207921 64.41806439 65.03695768 60.72396691 60.98669982 58.77178632 51.73160157 51.17074866 44.56957878 42.28943204 39.14353139 32.17087802 31.51282534 27.4829955
54.53171231 55.83283249 60.76109376 77.25798135 97.16624987 122.8845562 146.9278528 162.6956347 162.2052945 157.6902741 151.4909944 149.6395111 146.7479269 142.2554163 135.4329435 128.1518586 121.8701166 115.9506021 111.4084437 106.4868059 103.1456609 100.2883085 98.10852473 96.64569304 95.38157361 94.61608554 94.15260173 94.10870829 94.23023167 94.64808957 94.82392639 94.9053981 94.93073894 94.21885412 93.38723916 92.03562004 89.55148832 87.1408263 83.9562168 80.70854494 78.15843935 75.14384633 72.50258609 69.96986166 67.83342014 66.00378126 62.94241099 60.79355131 58.20405381 56.05870453 54.44439577 51.8983662 50.17937492 47.62649585 45.81842291 43.78591605 40.09159109 37.273145 33.42905573 30.41990289 27.76269637 24.48014438 22.40369117 20.4290555
48.51111667 48.68243424 50.0124576 64.63015244 88.96130613 117.5589066 140.473381 158.0749031 152.982967 148.8807698 141.6578463 137.5380803 140.1092541 134.6980123 128.841254 121.4100829 114.0305079 109.9182828 104.6893007 99.94629776 95.88031363 91.65636893 90.27298984 86.93954564 85.84280676 84.05042206 81.89612997 82.53986349 81.00434394 82.41012901 82.4026328 81.4823197 83.18041719 81.81216884 82.49646448 81.94469049 79.06889864 78.53308996 75.15695189 72.78297954 70.29201749 66.06393081 64.62555849 60.67856574 58.69077728 55.97868301 51.40251104 49.85944448 45.71081251 44.16266544 42.1201603 37.92526256 37.69613565 34.09313839 33.48007846 31.81643891 27.19135462 26.57808568 22.79647499 21.24695328 19.57094857 16.10067382 15.70525806 13.85508432
-9999 40.39460548 43.40075882 62.32180253 81.20059123 110.6921834 134.2977142 149.956383 148.5562899 139.7480204 131.9714773 133.0328831 131.4929997 128.6895434 122.5324274 114.9655395 110.4772466 104.8035625 100.098883 94.44587546 90.40098243 87.40102017 84.13067999 81.40282026 77.95495483 76.18336063 75.13988623 73.84807774 73.29349592 72.09933583 72.16962416 73.2421623 73.4513902 73.71923727 73.1136438 72.52324964 72.59879516 71.2141129 69.13273976 65.91005536 63.3178023 61.19750672 58.00520439 54.80412056 50.48831896 47.81441668 44.84564184 41.50371162 38.47949448 34.92517024 32.81110287 30.98912018 28.97044812 26.88866042 24.66535496 22.93632664 21.3333701 19.45855772 17.35020617 15.47851886 13.68521669 12.77116638 11.74345486 10.88676662
-9999 -9999 34.95616628 51.29241966 74.41732434 100.7502163 121.889803 137.3451001 134.0323291 129.1357292 122.9186698 121.0782734 121.4604186 118.7142093 114.885545 109.6152388 103.3365077 99.02295481 94.77483353 89.91642433 85.94362043 81.43194584 78.19583039 75.25556039 72.59697757 69.96981522 67.16320634 65.34042046 64.4676235 64.46663049 63.89508649 63.14459215 63.14774254 63.60374317 64.62692698 64.6387393 63.24994488 62.43811168 61.1081151 59.35653815 57.22622993 53.5134598 50.47255197 47.42455705 43.94898001 40.80823154 36.22358186 32.91933772 30.3105347 28.01757112 26.15213674 22.94154959 21.02528926 19.61208946 18.63380726 17.49654181 14.86827197 13.46056628 12.33878099 11.40146779 10.58655276 9.007041771 8.418947836 8.132043474
-9999 -9999 -9999 42.26051746 63.96893738 89.96724306 111.2077492 125.3501304 122.7442274 119.5602739 113.5922483 111.8379514 113.379754 111.5335497 107.8198829 102.3396644 98.42666642 94.65600436 90.80619988 85.62915758 81.6732242 77.67055909 74.43859351 71.50908363 67.54950293 65.03884246 62.27042778 60.23523925 59.08804022 57.32288183 56.79350379 56.5263446 56.00807849 56.5471533 56.28166768 56.27031553 56.32800838 55.49792172 54.54812855 52.41591696 50.30413491 47.50405065 44.53610414 41.59845931 37.29937021 34.11833897 30.61351455 27.28390088 24.90432159 21.9736916 20.13385153 18.32517714 16.4917387 15.58886909 14.12084084 12.98113595 11.8507221 10.75197249 9.731512441 8.707520189 7.829110975 7.356262915 6.896170827 6.708889127
-9999 -9999 -9999 36.08792685 55.87445783 75.99108675 94.79168643 108.386451 110.0199905 109.6638713 105.9824635 104.3097662 103.2586344 101.7952289 99.88265972 96.87863823 92.6643481 89.42578402 85.96337403 81.57830855 78.16579512 74.00674678 70.50486156 67.01349607 63.46594365 60.78507203 57.65807838 55.30777073 53.17518338 51.56165087 50.48949473 49.34608217 48.93813608 48.41583615 48.49042291 48.4601499 47.9238702 47.71414781 46.28867838 45.0475491 43.39615386 40.41499886 37.8495121 34.20468307 30.84306275 28.02735112 24.42604559 21.59694756 18.93486128 16.82226997 15.41736351 13.68791714 12.51335169 11.23596611 10.42496771 9.739727665 8.693957195 7.967880978 7.090736445 6.476205956 6.050140083 5.601255199 5.411795235 5.42756996
-9999 -9999 -9999 29.42914174 44.1125272 64.42704764 83.02453261 95.10881324 98.1683034 102.6961608 99.26929787 96.7101976 100.0777994 94.8985777 93.00649224 90.24601831 87.21875563 85.15028157 82.3188513 78.26826298 74.73795302 70.84398596 67.95255746 64.58081291 60.51157841 57.68484834 54.62598552 51.98109505 50.1268996 47.46959226 46.22887311 44.83224464 43.70150174 43.39066062 42.41199547 42.27387457 42.03255449 41.34038071 40.5893982 39.03142039 37.26895126 34.82534025 32.17360488 29.51618024 25.98408925 23.17292853 20.15976133 17.48043019 15.64290391 13.45761193 12.05794814 10.9189166 9.664199564 9.175218637 8.40329327 7.713873207 7.062388699 6.447238128 5.876142128 5.310770322 4.884266375 4.701267005 4.53151718 4.773433426
-9999 -9999 -9999 -9999 38.47944782 51.48604374 66.7848369 79.99653871 88.16119077 97.99064289 100.9696079 99.03328392 96.98758863 94.99145787 91.38539799 87.23128397 81.6912279 80.18159119 77.28486866 74.17391772 71.38661045 67.8668437 64.57366768 61.11443542 57.58879132 54.87694771 51.60173152 48.83806939 46.14698686 43.76339707 42.07877331 40.07309066 38.66031725 37.33161891 36.48898963 35.9748038 35.1397878 34.79323809 33.53582818 32.54876805 31.15873979 28.64084834 26.45106911 23.5449518 20.94608598 18.73245065 15.89066891 13.72730708 11.72593336 10.21127642 9.274594333 8.196228237 7.523460119 6.811025316 6.394792733 6.015433987 5.412214639 5.007781121 4.490192554 4.175962306 3.94208932 3.79086374 3.815074754 4.195542701
-9999 -9999 -9999 -9999 31.34962581 44.11980727 59.09675469 69.85464779 80.8007081 97.01838275 102.2836261 102.4780005 101.9980177 97.09291973 95.22727236 89.04711816 77.01917396 78.65777874 73.78082203 71.05705115 68.24108936 65.00064796 61.91839845 59.22519997 55.2978781 52.51308864 49.23847041 46.44723533 44.21398803 41.04728869 39.23214712 37.01906585 35.086632 33.90025005 32.16091106 31.49971292 30.67103206 29.78210514 29.23223436 27.84032597 26.45065449 24.36654 22.23447258 20.21381474 17.54831576 15.35335005 13.19537918 11.28496525 9.913145006 8.40509626 7.485097335 6.763871188 6.013059135 5.739818638 5.275121415 4.894486974 4.527451781 4.157468389 3.854801793 3.547098479 3.32070214 3.370526527 3.422005608 3.867261535
-9999 -9999 -9999 -9999 -9999 34.20198636 47.97748053 61.66567466 78.28499274 94.23146422 105.8183485 110.3090206 117.7273366 111.9624144 103.6006497 96.09290716 90.22933279 82.65633727 74.09470797 71.39707841 67.34540161 62.39889486 59.38050706 55.9039975 52.6622137 50.1190461 46.98170261 44.01492407 41.22430375 38.47568627 36.52452074 34.02455375 32.05586033 30.18087153 28.55036696 27.5416544 26.36063883 25.56367348 24.34899716 23.39317383 22.17554409 20.09223803 18.33039231 16.13076149 14.15486493 12.57733078 10.65201627 9.117229986 7.74949151 6.702811217 6.082674779 5.409358802 4.951761066 4.521191233 4.224546436 3.988956833 3.655589926 3.414581975 3.153597579 2.994920891 2.901257014 2.962382638 3.195891955 3.812051698
-9999 -9999 -9999 -9999 -9999 28.01196175 40.75874963 54.87684543 73.95133149 92.50245219 106.3962977 119.5278142 136.7200678 126.3687524 119.8495353 111.1398648 116.5159242 100.0950505 92.33143091 84.41352144 79.39547246 63.94335348 60.83997368 57.86727862 50.73977891 48.12717206 44.94110984 41.96473826 39.54386988 36.46181236 34.48536765 32.01251291 29.95470975 28.28823616 26.26539198 25.1713755 23.92192753 22.6859313 21.87734455 20.56786171 19.30125929 17.52597755 15.76461047 14.10143442 12.1611344 10.59950118 9.093335836 7.773176142 6.803544259 5.83112217 5.230679272 4.733695168 4.266724531 4.030835657 3.716717368 3.485317873 3.260688852 3.046011811 2.893563902 2.754411386 2.670721861 2.875521056 3.112078948 3.770977117
-9999 -9999 -9999 -9999 -9999 -9999 33.67751804 45.41800396 65.57602943 85.02772453 102.6204909 121.7440502 137.0288644 140.7428403 147.9595336 148.6976548 140.5483709 136.7763299 128.3425575 115.3616547 101.9789328 84.46422798 73.4387627 57.34935879 52.97118916 48.50093367 42.99819996 40.08425489 37.13837844 34.39275257 32.45547095 30.12060762 28.11953834 26.19008844 24.39614657 23.16152749 21.71024594 20.43963968 19.11764588 17.86877613 16.71866274 14.98283569 13.44146882 11.76667632 10.21202393 9.067914249 7.744020558 6.651027348 5.750706497 5.040371494 4.618761838 4.140616591 3.801000355 3.493336779 3.2573517 3.095700528 2.898262581 2.743095635 2.621772438 2.600404243 2.62748626 2.876345094 3.381748299 4.277521245
-9999 -9999 -9999 -9999 -9999 -9999 26.37101672 34.90121901 52.46441052 75.79151724 93.70260112 115.6921229 132.8745418 145.4743699 166.7611408 174.9925468 177.2079432 173.0467202 164.3905762 147.4262798 136.1936912 110.9176765 92.00537958 79.43211815 61.68446122 49.3145367 41.15778148 38.60948798 36.28639328 32.96590932 30.79237592 28.33855392 26.7029406 25.21071982 23.28942236 22.04146479 20.37904312 19.10722181 17.84321758 16.19596327 14.94929995 13.15655468 11.84041149 10.60531137 8.95328235 7.989880802 6.716709509 5.878120245 5.308136193 4.557836169 4.209295049 3.767084684 3.471466838 3.271192408 3.020270601 2.903872953 2.715883847 2.609461671 2.570168696 2.553541383 2.711913321 3.210586506 3.627357493 4.613883154
-9999 -9999 -9999 -9999 -9999 -9999 -9999 26.84842597 42.18730436 60.41546388 77.04898535 103.2971516 120.6214967 148.8977953 169.8863062 186.4790503 203.8460869 216.2725678 212.3240366 199.646435 182.5364259 155.165637 120.6854669 97.3213319 71.43201902 58.46717666 45.65593248 39.39058457 34.96148688 32.03423506 29.96965895 27.62015769 25.77087188 24.04238272 22.58572083 21.42295785 19.71829418 18.20873137 16.5900559 14.9877234 13.76427757 12.16826879 10.75253633 9.377402726 8.161701757 7.287431016 6.296002389 5.484250181 4.83513992 4.312551222 3.995019731 3.623685208 3.348487628 3.118322682 2.938153099 2.833001447 2.697987133 2.60494638 2.583764734 2.677531408 2.848463561 3.463643675 4.317041098 5.665287718
-9999 -9999 -9999 -9999 -9999 -9999 -9999 18.16202789 28.53888382 43.94143999 55.70648541 80.51705249 103.815906 135.2436819 155.4866382 180.6733361 215.1772545 243.7724453 237.3023503 232.1357743 226.145463 196.5104969 156.2633098 131.7262073 96.63970762 71.2728972 55.04874157 41.13015684 37.26637486 32.98467693 29.8786917 27.20317411 25.27203244 23.96574725 22.42468775 21.05426992 19.18329148 17.78869461 15.99035061 14.27423996 12.90333786 11.09265836 9.966936951 8.753956742 7.571220059 6.801545451 5.803976483 5.195421854 4.714637156 4.180986596 3.891306413 3.528030291 3.282335962 3.100522791 2.937982427 2.87336979 2.752472895 2.685660153 2.752341395 2.87292326 3.289999098 4.2352892 5.01164387 6.782311688
-9999 -9999 -9999 -9999 -9999 -9999 -9999 14.9790595 22.23337417 31.43154958 41.67865782 60.56217402 80.40808823 108.2826105 132.8586464 156.2100077 191.1006809 208.4563803 222.312316 234.8968137 234.3165641 216.9226854 193.5972754 166.7232671 121.8418011 94.39979256 70.44464068 51.79481415 39.65771545 34.54849595 31.52886131 28.06387983 25.82438441 23.94781489 22.47278791 21.2358022 19.23392142 17.56392266 15.65594814 13.82755375 12.50541845 10.93771253 9.551023855 8.361797422 7.290332662 6.578050313 5.777426904 5.137405179 4.625043078 4.175651122 3.90021891 3.594219255 3.33105447 3.132572763 3.018500018 2.965829409 2.882539668 2.905497225 3.034489156 3.342227068 3.756708207 4.845802717 6.155772259 7.951431004
-9999 -9999 -9999 -9999 -9999 -9999 -9999 -9999 15.61795795 23.45106551 29.50255688 43.9861687 57.86962147 72.79206382 104.8188637 126.2155286 155.3334199 171.2614645 200.9141154 217.3406042 230.6299655 228.8815461 221.664271 201.2175838 156.319392 126.4665274 95.7984716 64.61602781 53.96080982 42.23193458 34.22536883 30.15656566 26.91255325 25.3413356 23.31426663 21.6287665 19.39253826 17.81339905 15.93087621 13.89391036 12.40487897 10.68017195 9.47005138 8.336373586 7.218790835 6.529233859 5.750799668 5.204444648 4.81464556 4.358926005 4.089353172 3.773467067 3.493962233 3.379048155 3.235668527 3.219816575 3.223839259 3.23253088 3.442305929 3.837946991 4.468899864 5.960822815 7.144719486 9.227299761
