meets/meet004/data/CCSM_21k_neotropic_bio10.asc
NCOLS 154 
NROWS 168 
XLLCORNER -112 
YLLCORNER -55.5 
CELLSIZE 0.5 
NODATA_value -9999 
[rows 58 to 86 of 168, columns 64 to 127 of 154]
18.25023051 17.0614113 15.92327612 15.26260468 15.05654459 15.5187127 16.6217141 18.02260973 19.55717147 20.88990147 21.65312152 21.70825743 21.63241253 21.6314257 21.69873203 21.72014898 21.68460678 21.71088977 21.66817575 21.65727656 21.64524236 21.61324804 21.60076143 21.60830341 21.63584115 21.69436233 21.78293779 21.92896815 22.04964947 22.2409319 22.31264026 22.25463473 22.24803469 22.16199357 22.09456317 21.98664443 21.84219577 21.69688544 21.54448974 21.45525254 21.4169014 21.40860858 21.43943543 21.45458976 21.44935952 21.37082907 21.27980099 21.14657759 21.10513878 21.02117395 20.95235011 20.88342053 20.82719319 20.92641792 21.053218 21.2431724 21.53497848 21.80457714 22.07784505 22.31540233 22.57617878 22.84423186 23.00419674 -9999
18.14208561 17.05045423 16.09575074 15.49092894 15.25734674 15.83205421 17.14541057 18.67825258 19.96060314 21.02601929 21.6790834 21.71586944 21.65932557 21.70994379 21.74812932 21.77401479 21.77955059 21.77263683 21.76022909 21.75172643 21.72806235 21.70612432 21.70089952 21.70237751 21.71744293 21.77299562 21.82926506 21.91445631 22.05023589 22.15444796 22.2119055 22.20751323 22.14936511 22.116749 22.05711847 21.97151248 21.88190876 21.77448747 21.67637974 21.60865822 21.60235196 21.61168578 21.64543014 21.68796367 21.7174951 21.64584197 21.47835604 21.34436916 21.27468599 21.17562257 21.09345808 21.02708168 20.96594927 21.05336471 21.19024084 21.34009248 21.55763062 21.80093225 22.02038372 22.25552919 22.47665585 22.67479904 22.80092893 22.72384216
18.24887405 17.28761995 16.51805858 15.91693754 15.75004371 16.31880353 17.60413406 19.06038575 20.22154797 21.10218444 21.66700272 21.72519526 21.67105275 21.71745796 21.75813902 21.78892963 21.79725041 21.80216494 21.79512519 21.79079447 21.78574558 21.77605373 21.78131838 21.78937826 21.81012428 21.84828663 21.88714483 21.93909673 22.0171146 22.08357908 22.1244011 22.12623446 22.10351802 22.08242576 22.04541127 21.99641587 21.94224975 21.88067134 21.8067332 21.75598821 21.75934862 21.76881819 21.81740573 21.86818959 21.93013123 21.91091873 21.81134192 21.69276883 21.59623957 21.51869847 21.43405912 21.3407776 21.276094 21.28748518 21.34465413 21.43343295 21.57185958 21.76301693 21.95635233 22.15872298 22.3358872 22.48545894 22.5475913 22.47326545
18.39709423 17.58950436 17.27803536 16.60874855 16.29364946 16.83220146 18.030019 19.36598444 20.39911147 21.16612001 21.64852967 21.70714894 21.6899042 21.74096446 21.78085552 21.81151335 21.81757929 21.81826087 21.81933383 21.81569428 21.81946572 21.82776379 21.84232014 21.86049303 21.89255944 21.92547272 21.95067208 21.99999895 22.03373369 22.06802841 22.09716673 22.10420911 22.1020893 22.09109815 22.06936815 22.04430366 22.01657713 21.9945098 21.92959966 21.88800901 21.90251571 21.90918845 21.95080248 22.00556119 22.09542362 22.11501918 22.09996901 22.12855154 21.95517129 21.93530525 21.82705002 21.64496392 21.65524713 21.5048661 21.46920615 21.48644676 21.5538268 21.69791085 21.85414142 22.03292569 22.15810703 22.24898506 22.29228538 22.22727228
18.56311711 17.99415533 17.93426131 17.3242619 16.91330319 17.39969875 18.42607282 19.59488664 20.5179791 21.18751407 21.63618973 21.71874213 21.69924537 21.75114123 21.7923155 21.82451648 21.83320136 21.83614137 21.83393421 21.83624113 21.84810648 21.8664621 21.8923808 21.90773261 21.93068796 21.95873442 21.98080039 22.01811657 22.04316855 22.07168604 22.09944398 22.11203922 22.12078205 22.11503461 22.10386507 22.08586098 22.06263549 22.04220615 22.00007908 21.97306075 21.99178925 22.00412586 22.04679129 22.08999945 22.16343344 22.19133118 22.18818132 22.19340382 22.08867587 22.02740261 21.92125634 21.78058621 21.72165083 21.58818507 21.53867224 21.52634092 21.54273506 21.637776 21.75010383 21.88188967 21.972998 22.02053425 22.02252159 21.97757634
18.57507144 18.25769673 18.57020171 17.87658459 17.40756201 17.89819529 18.85686092 19.8781385 20.70899272 21.28858966 21.65853163 21.71123541 21.70909327 21.75843497 21.80117404 21.83242404 21.84219423 21.85333478 21.85142992 21.85354493 21.86909188 21.89627692 21.93344468 21.9328551 21.93844281 21.95835096 21.97800891 22.01229517 22.03312959 22.06835336 22.09960581 22.11728418 22.14472205 22.1400891 22.13237348 22.11908747 22.09064526 22.06028753 22.03760393 22.02269411 22.05086332 22.07330701 22.10785341 22.14286731 22.17495286 22.17548755 22.14758695 22.11171036 22.00214607 21.8816571 21.77408828 21.69095241 21.60201338 21.5383261 21.52589831 21.49479911 21.47812707 21.54259249 21.61075208 21.71971477 21.78594313 21.79152087 21.77702628 21.76199057
18.25465796 18.01986196 18.15161637 17.93934046 17.8628597 18.43056292 19.43245351 20.46762081 21.12403522 21.4602602 21.68913197 21.73824339 21.72525509 21.7601976 21.78543805 21.81496495 21.83492279 21.85236513 21.86219997 21.87242135 21.88800998 21.90501202 21.92219169 21.92591942 21.92897487 21.94061249 21.95184812 21.97257041 21.99187426 22.01976542 22.05796764 22.09620582 22.1310067 22.14002981 22.13726485 22.1283535 22.10926274 22.08714058 22.0539128 22.0489584 22.07530315 22.10968314 22.14655261 22.16599936 22.16631513 22.12371292 22.05195353 21.9473787 21.83172838 21.71029341 21.60474807 21.53940832 21.47947182 21.4264536 21.38417389 21.35306762 21.33072939 21.34705061 21.42321221 21.50795991 21.58396014 21.63917389 21.64887991 21.66524147
17.88980139 17.78999823 17.64561519 17.9955055 18.31225757 19.07161316 20.20029905 21.25525511 21.69042255 21.74874136 21.80838308 21.77327281 21.75021742 21.77224574 21.7758344 21.79983002 21.83022248 21.84954335 21.87239789 21.88828211 21.89990639 21.90352835 21.90430566 21.91482442 21.91344392 21.91854407 21.92198717 21.92452383 21.94697022 21.9609921 22.00141525 22.05777868 22.11230423 22.12182299 22.12437712 22.12389948 22.11298561 22.10661131 22.07284146 22.06596035 22.08415821 22.12573904 22.17630707 22.16619784 22.14581363 22.07904062 21.95539764 21.79300552 21.70615658 21.57476793 21.46970859 21.42876335 21.35739073 21.30252984 21.2364959 21.19469152 21.17194642 21.13046871 21.26246311 21.33885612 21.43506096 21.5515893 21.60122561 21.68886485
18.08231093 17.79029914 18.00574953 18.18183275 18.8346335 19.71855499 20.79151043 21.86519252 22.0808323 22.04970287 22.04856062 21.90147857 21.8131068 21.78114536 21.78759587 21.80884727 21.82139685 21.85290714 21.86532697 21.88511041 21.89810068 21.89669765 21.90204385 21.90226386 21.90276294 21.90541566 21.90401823 21.90565005 21.91548186 21.93128582 21.96645032 22.01174472 22.05301892 22.07813354 22.0914738 22.09516626 22.08747912 22.10389875 22.09489835 22.08637907 22.09253839 22.11460124 22.13009214 22.11631833 22.07344681 21.99703027 21.9049928 21.77992007 21.65783077 21.52495343 21.41103954 21.34692407 21.2681382 21.21514386 21.15075749 21.11621472 21.1082981 21.11605314 21.20717039 21.29652817 21.44576898 21.6256501 21.740569 21.86687467
18.44989746 17.95787909 17.94671022 17.81643172 18.60305183 19.47913475 20.41034414 22.0782729 22.12692424 22.23580563 22.28925452 22.05307523 21.91002344 21.79693064 21.8283568 21.82688022 21.81317464 21.86903056 21.86954479 21.91182377 21.93989412 21.94794125 21.9748833 21.96857182 21.96577214 21.95255527 21.92386772 21.90214137 21.90081505 21.91032204 21.9364723 21.96770258 21.99700119 22.02055507 22.05523206 22.08221327 22.09574965 22.11256824 22.09480997 22.08324217 22.08201539 22.09177773 22.08785853 22.05459546 21.99651779 21.93074368 21.86594198 21.78742118 21.66911933 21.53326505 21.41179273 21.32938667 21.22059128 21.16961534 21.11829163 21.09272294 21.10252138 21.13654502 21.24980602 21.36060283 21.55874124 21.80249914 22.0126578 22.23675067
19.27344035 17.9411902 16.9751857 16.49789122 16.63877455 17.36460997 18.58491701 20.01089087 21.36005971 22.43851915 22.83410826 22.3577106 21.8376466 21.7483016 21.78762023 21.7881718 21.77885747 21.78301472 21.84531533 21.91681854 21.96720625 21.9955715 22.01200811 22.03997053 22.04961684 22.04442014 22.0214779 21.99283461 21.98902776 21.98894842 21.99478755 22.00645136 22.0209151 22.04116801 22.05947061 22.07339591 22.0800626 22.0781535 22.06416964 22.04704705 22.0413698 22.05686482 22.04922009 21.9956941 21.92484476 21.86094546 21.82453713 21.77546366 21.6873928 21.5961251 21.48093795 21.36442042 21.26538981 21.18108684 21.12211632 21.12098016 21.16523948 21.24239323 21.37139051 21.52786353 21.80248133 22.1361056 22.47483105 22.7988684
19.82705661 17.7975679 16.00305143 15.06563441 14.61489144 15.11459141 16.43475983 18.0656412 20.4896022 22.62672345 23.37055612 22.64021262 21.78836805 21.68886458 21.78610019 21.79102349 21.76285055 21.7283069 21.81928077 21.92520115 21.99364813 22.03494294 22.06648406 22.11794583 22.15375459 22.15687136 22.13200731 22.09588643 22.08053813 22.07195303 22.06493244 22.05666111 22.05588594 22.05988999 22.06039739 22.06204674 22.05731268 22.04585946 22.03071916 22.00869319 22.00242134 22.02453062 22.01621041 21.94077008 21.85064016 21.78972516 21.76637874 21.73942682 21.66616011 21.61713167 21.51155173 21.3868817 21.29022 21.20768506 21.15929437 21.17690379 21.26474078 21.38557123 21.54570218 21.73654499 22.0666636 22.48333014 22.92309292 23.29742059
19.91403974 17.69088576 15.47038744 13.98517201 13.23315181 13.55793994 14.93368954 16.92838748 19.89250867 22.78962019 23.91843243 23.00764323 21.88634716 21.74353362 21.92920982 21.93981647 21.85266045 21.78655943 21.85425983 21.95807377 22.03903112 22.09850318 22.15059034 22.23209173 22.29484173 22.31066134 22.27798409 22.22604979 22.19578954 22.16114007 22.13279698 22.11939411 22.09895915 22.09005608 22.07280585 22.05778291 22.04874424 22.02809003 22.01142252 21.98994534 21.97736431 21.99068028 21.9666055 21.8915601 21.79510631 21.70844204 21.65532107 21.61849225 21.55227746 21.50733461 21.43302698 21.33542781 21.27073889 21.23605262 21.23468339 21.3194835 21.45695785 21.60940325 21.80886667 22.01382863 22.3778401 22.83039336 23.26036851 23.62608083
20.11997561 17.84143844 15.24763931 13.39992145 12.09394176 12.24889876 13.7219856 15.90068126 19.36522885 22.94251603 24.28850465 23.18820407 21.94670324 21.85870498 22.11671106 22.12733301 21.9830229 21.86987833 21.91476119 22.01820635 22.09891794 22.16305524 22.24367626 22.34988847 22.44835539 22.47244845 22.42714625 22.36637126 22.3148787 22.2649975 22.22277303 22.1917797 22.16093491 22.13508624 22.10405011 22.08040622 22.06329405 22.03197936 22.00989265 21.98115773 21.96174316 21.96843358 21.93901 21.86432976 21.75633524 21.62499518 21.51022437 21.41336469 21.31067248 21.29201239 21.25607793 21.21275821 21.23612322 21.30154963 21.38172512 21.54728737 21.73664301 21.94698953 22.19975332 22.42890977 22.7804738 23.19563077 23.58346974 23.8473125
-9999 18.45623583 16.03006817 13.34873861 11.28399413 11.12349544 12.66065195 15.10384215 18.73986183 22.60045021 24.23846731 23.27415266 22.1055795 22.00741795 22.29814359 22.30925103 22.1239441 21.97966172 21.99173311 22.08240088 22.16439894 22.23654352 22.32902735 22.46870634 22.59687715 22.63867701 22.5893309 22.51363628 22.45655494 22.40039451 22.33670428 22.28907103 22.23978058 22.19892478 22.16541283 22.12446504 22.09389852 22.06443107 22.01882884 21.97866161 21.9481315 21.94628239 21.92328362 21.86273765 21.76276771 21.59089654 21.34605335 21.09544621 21.06528047 21.01579775 21.03917369 21.13700632 21.21321644 21.40324249 21.61791043 21.86311156 22.0906206 22.39580458 22.65103219 22.98497311 23.32065081 23.58060912 23.85830393 24.0686773
-9999 -9999 17.07801299 13.82520555 11.01393516 10.56844573 11.99436845 14.40398623 17.94869675 21.86629944 23.6437466 23.00056284 22.14576829 22.14325601 22.4225241 22.41595954 22.2127356 22.06383803 22.06719894 22.15027589 22.23126235 22.30441863 22.41490796 22.57135346 22.72300512 22.77985437 22.73429617 22.66811218 22.60558211 22.54301331 22.46802228 22.39421464 22.32566558 22.26222526 22.2160016 22.16485327 22.12358975 22.08285385 22.02272551 21.97268032 21.93249131 21.92766596 21.89685143 21.83811327 21.73334086 21.55242308 21.29190422 21.04545986 21.04359836 21.02755385 21.07904111 21.23000685 21.33261308 21.53569706 21.79017217 22.04634962 22.28304748 22.62248827 22.92662963 23.30214246 23.64371236 23.82176179 24.06870414 24.25269509
-9999 -9999 -9999 14.69603372 11.31881977 10.50811458 11.61993175 13.80429818 16.8218409 20.55386513 22.50473093 22.35677495 22.17941185 22.26462117 22.41724391 22.45483575 22.26903835 22.13259559 22.13164762 22.20972245 22.29386708 22.37622916 22.49284171 22.64654438 22.80489752 22.87321109 22.84841229 22.8135522 22.73466369 22.67276401 22.57700899 22.47267535 22.38944186 22.28985751 22.23322676 22.16379127 22.10673171 22.07104314 22.00328729 21.95417988 21.91218321 21.89313272 21.85711708 21.7758912 21.65999004 21.52550707 21.3912402 21.28425114 21.2651339 21.32750802 21.41497929 21.49357408 21.62029463 21.77713231 21.88150569 22.11261032 22.35531091 22.59840673 23.00585516 23.37596422 23.6877078 23.9237065 24.15167078 24.3118929
-9999 -9999 -9999 15.50185388 11.92769262 10.87194725 11.47754936 13.25039383 15.73308773 18.7947957 20.82045968 21.4215727 21.75324248 22.14410782 22.41959571 22.52455173 22.34110551 22.19684788 22.20162836 22.28106903 22.36360048 22.43916903 22.54253645 22.6823661 22.81927835 22.88331883 22.86776032 22.83266757 22.775736 22.70646699 22.5942712 22.45918991 22.33160167 22.2239575 22.15045164 22.07308083 22.01469421 21.97480791 21.93689424 21.90937463 21.87947796 21.86346802 21.82115096 21.74435818 21.65788932 21.58573728 21.53701565 21.52253785 21.53591015 21.60923028 21.71329114 21.83430946 21.96977728 22.05695254 22.12894373 22.31992995 22.55320658 22.79961702 23.11492022 23.39801053 23.65324754 23.83024587 24.02647527 24.19417317
-9999 -9999 -9999 16.2835574 12.67586573 11.38079648 11.58742726 12.54020941 14.4117046 16.84528024 18.60126886 19.70255332 21.09147214 21.69328457 22.24381527 22.5820025 22.33970865 22.23352535 22.25918834 22.34746014 22.44169893 22.50146438 22.57532182 22.71578878 22.80289678 22.86140291 22.85854395 22.78521569 22.79928292 22.71502265 22.59760917 22.45307683 22.21540776 22.17940191 22.05939766 21.96465036 21.94916075 21.8381583 21.84934659 21.87073398 21.84641875 21.82423305 21.79172557 21.73598997 21.68996221 21.67711041 21.6850004 21.73699912 21.73407939 21.77864267 21.91983808 22.13329677 22.36329793 22.4120336 22.46677794 22.63287603 22.86860676 23.18399879 23.31898937 23.43772118 23.5867551 23.69060594 23.76218988 23.91715231
-9999 -9999 -9999 -9999 13.75569482 12.32371099 11.86952571 12.17959575 13.05200361 14.56853669 16.09398955 17.50721953 19.1994996 20.59156095 21.76550013 22.43755285 22.32340507 22.18939162 22.24810653 22.40434063 22.5330875 22.59977845 22.66702951 22.78530171 22.86665591 22.92575377 22.94450578 22.90905402 22.92259823 22.86989693 22.76627873 22.62411434 22.43139513 22.3562848 22.25106938 22.12981702 22.02923637 21.90407766 21.85532888 21.83032205 21.79208472 21.76866109 21.76237408 21.74568445 21.74883553 21.75927813 21.77908295 21.82337667 21.83728586 21.90870808 22.08085091 22.33335102 22.58792919 22.67967214 22.74455927 22.89674072 23.08063345 23.29284655 23.4047886 23.48110163 23.56293526 23.60023479 23.58929988 23.61041704
-9999 -9999 -9999 -9999 15.30536907 13.37637606 12.38486882 11.74024868 11.33131557 11.78280849 12.85587755 14.48839443 16.79116141 18.68308829 20.84140247 22.11938617 21.94661903 21.99742329 22.19261451 22.42826627 22.65287817 22.73575937 22.80351038 22.94987206 23.01755228 23.07594019 23.12100044 23.13506128 23.13035033 23.12521997 23.04787375 22.91605671 22.80714776 22.68640868 22.62072824 22.4475418 22.22293656 22.05081954 21.8569338 21.77214546 21.70306973 21.67866823 21.71244148 21.73190136 21.7831548 21.8276013 21.81613883 21.85020341 21.94122448 22.02637945 22.22786859 22.50874532 22.75976118 22.88061428 22.95294432 23.07894919 23.1902153 23.28680992 23.44242764 23.54030567 23.57325774 23.57064891 23.50579324 23.35823509
-9999 -9999 -9999 -9999 -9999 15.13805773 12.71702041 10.71716135 9.394332737 8.831849873 9.388864807 10.94025836 13.29008108 16.04849679 18.97644949 20.91240081 21.38519541 21.62992355 21.97638636 22.42812676 22.78252895 22.93522033 23.08061334 23.18396356 23.23418016 23.28997718 23.31339077 23.30973827 23.33205901 23.32654384 23.26505814 23.16453116 23.06680574 23.00502799 22.93229372 22.70023569 22.35130485 22.02904774 21.79110725 21.66086171 21.56582172 21.54384128 21.58419106 21.66191711 21.76404201 21.836289 21.85326546 21.93608436 22.08375486 22.29054004 22.50492836 22.69514204 22.87766412 22.99993239 23.10306451 23.21820607 23.29426997 23.38288555 23.49802947 23.58867546 23.60935643 23.5663664 23.43007097 23.21675354
-9999 -9999 -9999 -9999 -9999 17.32367431 13.35713715 9.553537366 8.098843646 6.385525796 6.215089527 7.813872539 9.331769434 13.10677241 16.88471932 19.25461743 20.0902118 20.91924009 21.58298543 22.25435489 22.91235247 23.14187634 23.38926374 23.58144923 23.49097273 23.55826367 23.56958685 23.50712869 23.59517192 23.5570713 23.48119287 23.37984039 23.26588661 23.18333005 23.16366349 22.88269239 22.40352394 21.91677441 21.73436257 21.55718118 21.43582972 21.43853768 21.42065651 21.57225956 21.72354983 21.83154928 21.87625547 21.96568037 22.19619821 22.53266238 22.76229077 22.82369013 22.96703503 23.1308934 23.2541913 23.36760788 23.44155889 23.49601406 23.5769647 23.6446316 23.61679567 23.52045431 23.39453383 23.09423541
-9999 -9999 -9999 -9999 -9999 -9999 15.15886337 11.6109795 8.725119185 6.309016751 5.407496937 6.067530931 7.848346015 10.45643154 13.58663022 15.95608241 17.34817881 19.04330357 20.13180723 21.59273243 22.67202144 23.03253172 23.65427312 23.70038034 23.84125912 23.96178445 23.92255427 23.96868606 23.99579638 23.97133194 23.84141869 23.61493717 23.38068589 23.25584044 23.12439356 22.83222066 22.4452727 22.06245909 21.80960229 21.6452953 21.50163259 21.42160432 21.41417073 21.5122399 21.66764601 21.7907946 21.86839653 21.9952898 22.14419021 22.35417751 22.59646143 22.8144231 23.06398779 23.2617409 23.4392324 23.55422892 23.56963059 23.57930724 23.592448 23.59926601 23.52229266 23.38160269 23.19094084 22.91039596
-9999 -9999 -9999 -9999 -9999 -9999 17.06724452 14.58893547 10.45661306 7.071113698 5.299468535 5.237752283 6.103875185 7.325048785 9.511102706 11.47954017 13.11768031 15.9403917 16.75769492 19.16683462 20.92490742 21.42314535 23.30826619 23.45797601 23.85938918 24.21266963 24.21778867 24.41093629 24.39958497 24.39574281 24.22491667 23.89092774 23.49262023 23.33272966 23.09371345 22.79057249 22.49749314 22.18407787 21.94097654 21.78843718 21.61805354 21.47199328 21.39117944 21.47057359 21.60144769 21.69635073 21.78788791 21.94783612 21.97677525 22.04392601 22.32776486 22.72895039 23.12569045 23.35980463 23.57620475 23.67375769 23.59749339 23.61337217 23.55831826 23.52216065 23.41172422 23.22261186 22.97771559 22.65049937
-9999 -9999 -9999 -9999 -9999 -9999 -9999 16.54949062 12.51023856 8.420905209 5.749705087 4.583398523 3.99003583 3.985151359 4.23027656 5.291414411 7.001985476 8.870754049 11.12777523 13.43095445 15.82454943 17.81035521 19.94284532 21.66110605 23.21700146 24.26730582 24.44367675 24.55850115 24.56931673 24.52690128 24.42015152 24.26941935 24.00691441 23.62864692 23.18966389 22.79442721 22.52253137 22.27154465 22.05608068 21.88697195 21.70058172 21.53270439 21.42550199 21.45727825 21.51141222 21.59683609 21.69679301 21.72008553 21.82730635 21.90694934 22.20058903 22.67328334 23.08688885 23.36959548 23.50815816 23.56092406 23.46019043 23.38650551 23.42572431 23.49292254 23.34958393 23.04419306 22.70975705 22.34957289
-9999 -9999 -9999 -9999 -9999 -9999 -9999 18.68586066 14.40395604 9.925782193 6.671410552 4.643335332 2.569457147 1.733584855 0.135498763 0.346386098 1.94670409 2.599528492 5.435345906 7.599489019 10.48826955 13.61418829 16.64145537 19.35550697 22.04897821 23.81096803 24.28403189 24.55548517 24.71503239 24.66239008 24.66648556 24.75478365 24.60081983 24.07490457 23.38875051 22.83841739 22.56375782 22.33016738 22.08991647 21.94743128 21.73848705 21.53721836 21.44993269 21.5072564 21.56172506 21.69457048 21.81563628 21.74328967 21.96856909 21.98713895 22.25191297 22.73442969 23.10675418 23.29905824 23.39675165 23.41129432 23.25325905 23.11353354 23.23736233 23.38579348 23.22863872 22.81583897 22.39765923 22.01616403
-9999 -9999 -9999 -9999 -9999 -9999 -9999 18.60590062 15.95060929 12.3815176 9.172241743 6.541059082 3.840355411 2.015535619 0.255849394 -0.423505515 0.151724776 0.666151939 1.981239638 3.17816967 5.940771248 9.686878011 13.36564664 16.92138729 19.8783339 22.3039294 23.55984687 24.41325562 24.61865633 24.75633152 24.94844585 25.16134975 25.23842073 24.48722739 23.59567856 22.97068638 22.58146793 22.33425594 22.18970391 22.01926705 21.85629654 21.68726403 21.51781135 21.7922738 22.04716172 22.24913978 22.44238507 22.50222256 22.50631773 22.50269395 22.62708595 22.84384279 23.0630046 23.23418331 23.30018341 23.26729928 23.10280861 22.97186222 22.97657786 23.02038513 22.80528281 22.39747845 21.99497058 21.58853079
-9999 -9999 -9999 -9999 -9999 -9999 -9999 -9999 17.3235237 15.0756015 12.33372999 9.614412887 6.450269059 4.438226331 2.101272071 0.776210949 0.583088792 0.209800881 0.604000196 0.617471207 2.883886481 6.74080003 10.42205062 14.24298181 17.63691449 20.31630066 22.06718498 23.6390354 24.12915844 24.46793713 24.74648478 25.0179315 25.33799559 24.43333298 23.5687359 23.01620187 22.66466966 22.46722529 22.4580868 22.36151556 22.29568727 22.21593968 22.02734091 22.50497877 22.87730884 23.09279117 23.26766478 23.25832295 23.03909479 22.89114903 22.86048687 22.88911599 23.05791889 23.23253129 23.296918 23.23814593 23.01140688 22.74217672 22.57390897 22.50128576 22.22080501 21.8178933 21.46078923 21.10436745
