meets/meet004/data/CCSM_21k_neotropic_bio08.asc
NCOLS 154 
NROWS 168 
XLLCORNER -112 
YLLCORNER -55.5 
CELLSIZE 0.5 
NODATA_value -9999 
[rows 87 to 115 of 168, columns 64 to 127 of 154]
-9999 -9999 -9999 -9999 -9999 -9999 -9999 -9999 -9999 17.45671098 15.6047067 13.36200269 11.00347679 8.081678765 5.383401373 3.361608699 2.305407074 1.453436496 0.733842156 0.475952222 1.885755929 4.584242195 7.840514885 11.36125596 14.69983154 17.70458604 19.84818281 21.55915499 22.58048409 23.22373279 23.69175159 23.74858957 23.5561131 23.28108189 22.81659533 22.47133558 22.27318417 22.16720074 22.12035605 22.17477286 22.24603664 22.32868101 22.56523259 22.76197743 23.03756914 23.09205912 22.94844528 22.72502626 22.2686264 21.81893114 21.6345711 21.68766525 21.84088141 22.09931182 22.34749644 22.28006512 21.92659026 21.52724797 21.27883023 21.00433932 20.739952 20.51683135 20.25852189 20.09039363
-9999 -9999 -9999 -9999 -9999 -9999 -9999 -9999 -9999 -9999 -9999 16.26480046 14.57729705 11.76450089 9.05720964 6.555081607 4.639235094 3.015089624 1.6739157 0.776470416 1.450997357 3.08032098 5.479444349 8.601998716 11.70240762 14.88787735 17.44459337 19.67679731 21.23607936 22.19666552 22.81512889 22.93227337 22.73584006 22.86452931 22.77214952 22.63983338 22.62109342 22.55050689 22.53719705 22.7089393 22.87860356 23.08996847 23.45153154 23.61050851 23.83635478 23.800046 23.49387586 23.17882561 22.55987488 21.96502167 21.76230148 21.85027165 22.04817391 22.31076204 22.52830859 22.39822977 21.92354985 21.42783463 21.1214811 20.78164584 20.48682156 20.32157868 20.06261553 19.94046932
-9999 -9999 -9999 -9999 -9999 -9999 -9999 -9999 -9999 -9999 -9999 -9999 -9999 14.85596216 12.85681865 10.34932749 7.560088489 4.638710434 3.170109871 1.877877976 1.443316974 2.267531225 3.391521804 5.816600967 8.662969978 11.61520053 14.41523449 17.25534655 19.11670756 20.7112951 21.90153756 22.2266153 22.70398035 22.90466759 22.90028601 23.01372973 22.91896168 22.87343648 22.84481957 22.84392064 23.06753702 23.48727782 23.86696697 24.042124 24.11071893 24.01850986 23.8023729 23.40916573 22.83649318 22.2523007 21.98026374 22.15643062 22.38168847 22.29994854 22.3490271 22.12679221 21.68802904 21.39922674 21.06087027 20.84124155 20.61798096 20.39689918 20.20501925 20.03955801
-9999 -9999 -9999 -9999 -9999 -9999 -9999 -9999 -9999 -9999 -9999 -9999 -9999 -9999 -9999 13.91304171 11.31429876 8.348272084 6.144482574 3.943017152 2.644348901 2.368836015 2.523560978 3.898351185 5.590633146 8.011643056 10.72269199 13.68164121 16.0105386 18.1873971 20.01586805 21.14902977 22.10822866 22.74509225 23.11481287 23.30915924 23.28909885 23.17397828 23.09452256 23.09654474 23.29565341 23.72874583 24.12457935 24.25882611 24.28084172 24.21408211 24.03496372 23.74439845 23.28152139 22.72385006 22.36702184 22.26884329 22.19000295 21.85556662 21.66181968 21.39942712 21.09964839 20.98421446 20.86093488 20.80644454 20.70780819 20.59309873 20.42380334 20.25910707
-9999 -9999 -9999 -9999 -9999 -9999 -9999 -9999 -9999 -9999 -9999 -9999 -9999 -9999 -9999 -9999 -9999 14.039753 10.37357073 6.971918426 4.695247523 3.599946712 3.051227242 2.903649088 2.939349588 4.33602003 6.870529099 9.219426255 12.22007031 14.8209676 17.35065656 19.28763972 21.03741108 22.36482181 23.17267726 23.72625748 23.66904993 23.487013 23.416108 23.43657019 23.61072916 24.01059526 24.3567094 24.47044015 24.43215838 24.38560696 24.34842216 24.18641438 23.81033438 23.40013342 22.86754812 22.20486019 21.53443658 21.11507439 20.59551589 20.32369934 20.36991975 20.26652644 20.52743776 20.70015554 20.75664214 20.77298888 20.67786879 20.50647285
-9999 -9999 -9999 -9999 -9999 -9999 -9999 -9999 -9999 -9999 -9999 -9999 -9999 -9999 -9999 -9999 -9999 16.60357223 13.52369886 10.26728734 7.613273038 5.65357204 4.13305119 3.063873923 2.335486676 2.937973296 4.61331682 6.484733418 9.17290878 11.7959865 14.6378613 17.27290715 19.61708935 21.77891649 23.23693587 24.12291093 24.09308742 23.77565666 23.66638706 23.67341105 23.82762778 24.19273756 24.51087775 24.62356828 24.61030231 24.58835334 24.55205251 24.43439276 24.13318478 23.70741452 23.03980184 22.16580646 21.28394379 20.69038352 20.18804111 19.97556439 20.12298558 20.21196531 20.54173149 20.75298378 20.86212274 20.9225398 20.85679091 20.66828343
-9999 -9999 -9999 -9999 -9999 -9999 -9999 -9999 -9999 -9999 -9999 -9999 -9999 -9999 -9999 -9999 -9999 -9999 -9999 13.29825626 10.63574788 7.900692359 5.514500576 3.95370809 3.244922013 3.101194018 3.71054807 4.917837946 7.201423057 9.39552013 12.33798248 15.3520928 18.27004125 21.15112429 23.36798935 24.65624892 24.46002823 24.0376229 24.01228075 23.88290717 23.99356577 24.41121964 24.66265543 24.80736462 24.82449013 24.78066245 24.72783807 24.53211016 24.1892632 23.77852773 23.08929454 22.18863026 21.28680252 20.79305964 20.39633919 20.25133308 20.45895136 20.66151537 20.8708049 20.99614726 21.08436602 21.14920976 21.01903621 20.70815045
-9999 -9999 -9999 -9999 -9999 -9999 -9999 -9999 -9999 -9999 -9999 -9999 -9999 -9999 -9999 -9999 -9999 -9999 -9999 15.12119044 12.76252851 9.781275264 7.076486981 4.999438849 3.865201326 3.410889826 3.719732423 4.730214374 6.331822944 8.275046775 11.07083991 14.15324485 17.2570083 20.46609354 22.99637361 24.57385066 24.78000198 24.53024633 24.51825082 24.45291807 24.52848252 24.77169795 24.97119327 25.09263144 25.10762307 25.00360089 24.80922255 24.5130802 24.08638239 23.61720411 23.01432487 22.34799809 21.74494459 21.33913674 21.07999165 20.96993496 21.09493311 21.2393519 21.37821571 21.48817613 21.49998731 21.45410447 21.2428345 20.71565733
-9999 -9999 -9999 -9999 -9999 -9999 -9999 -9999 -9999 -9999 -9999 -9999 -9999 -9999 -9999 -9999 -9999 -9999 -9999 -9999 14.36566531 11.29514097 8.268589877 5.8412219 4.176077135 3.405701438 3.838386624 4.851889801 6.155363306 7.747945388 10.36414787 13.36219622 16.58163411 19.87208855 22.54552666 24.4108892 24.90998422 25.13617578 25.14369562 25.17746457 25.2002688 25.24405143 25.35165275 25.37159009 25.4189112 25.22901915 24.84629727 24.43029149 23.85079554 23.33983532 22.87396545 22.53693526 22.29100397 22.00316672 21.87568089 21.79210288 21.78356446 21.84032111 21.87669221 22.00100116 21.87681378 21.66402614 21.51917646 20.57442384
-9999 -9999 -9999 -9999 -9999 -9999 -9999 -9999 -9999 -9999 -9999 -9999 -9999 -9999 -9999 -9999 -9999 -9999 -9999 -9999 15.25311253 12.22625634 9.097552116 6.313310256 4.457475229 3.569302953 3.868181906 4.987716568 6.125043028 7.715414203 10.25745663 13.10364415 16.22371673 19.51651106 22.24247225 24.20336271 24.95986613 25.23256164 25.60306754 25.78963152 25.79656423 25.57906838 25.45328037 25.47681151 25.55042128 25.28061362 24.77698461 24.16828092 23.4908504 22.95965025 22.62647152 22.59296913 22.63962577 22.54413531 22.48674457 22.41075792 22.3343511 22.32120438 22.23792369 22.14353705 21.84868383 21.44649544 20.90993011 20.12013863
-9999 -9999 -9999 -9999 -9999 -9999 -9999 -9999 -9999 -9999 -9999 -9999 -9999 -9999 -9999 -9999 -9999 -9999 -9999 -9999 15.94526046 12.8242844 9.511839433 6.506755387 4.356890386 3.32930973 3.688251801 4.891502679 6.138638164 7.724589603 10.26661997 13.00849252 16.09782411 19.53174679 22.26099544 24.26401847 24.97075727 25.29950351 25.78967398 26.22964136 26.23318982 25.79462795 25.3336211 25.49682644 25.62677213 25.2567834 24.57635602 23.84810388 23.13872888 22.5285819 22.31764748 22.59885308 22.92623609 22.85076618 22.88706471 22.83463609 22.71899081 22.69306385 22.38035675 22.10874743 21.63240017 21.03377611 20.21014282 19.72386963
-9999 -9999 -9999 -9999 -9999 -9999 -9999 -9999 -9999 -9999 -9999 -9999 -9999 -9999 -9999 -9999 -9999 -9999 -9999 -9999 16.10530906 12.89081523 9.396189619 6.351764601 4.146158489 3.042851301 3.240455743 4.390054306 5.922206995 7.969255918 10.69751041 13.47442 16.52666564 19.80949807 22.57038342 24.50046334 25.15922937 25.35161906 25.76620669 26.02724009 26.07291802 25.90427879 25.70429486 25.57255668 25.43271575 24.94943272 24.25640681 23.52046325 22.86437962 22.42409568 22.27347911 22.47465042 22.79400787 22.90830932 22.99673985 22.96033189 22.80873232 22.62315702 22.28672383 21.89977116 21.36977924 20.80947769 20.19817007 19.64561494
-9999 -9999 -9999 -9999 -9999 -9999 -9999 -9999 -9999 -9999 -9999 -9999 -9999 -9999 -9999 -9999 -9999 -9999 -9999 -9999 16.2649236 12.71713969 9.008677705 6.039375914 3.76101735 2.675979372 2.918397989 3.751947674 5.911754251 8.336480814 11.23488884 14.05978214 17.11721265 20.39823729 23.20359246 25.02596485 25.37143802 25.49324998 25.76211916 25.88477166 25.9308613 25.96686708 25.94493253 25.49724579 25.17868682 24.60001064 23.8697209 23.15713103 22.64942296 22.29893828 22.19098248 22.3678682 22.60874021 22.72984556 22.89615308 22.89643755 22.73972184 22.49654699 22.13719043 21.67913932 21.15794022 20.67930698 20.22586731 19.73656291
-9999 -9999 -9999 -9999 -9999 -9999 -9999 -9999 -9999 -9999 -9999 -9999 -9999 -9999 -9999 -9999 -9999 -9999 -9999 -9999 16.2139156 12.45316083 8.542306864 5.804321097 4.023271623 3.061347583 3.132282015 4.232132978 6.254984712 8.921018497 11.96513577 14.83152452 17.88756403 21.07700387 23.72727324 25.39382251 25.65754917 25.58627309 25.85415768 26.11974005 26.12512732 25.87389939 25.51043951 25.20876703 24.83584237 24.25216348 23.58633861 22.90959331 22.48587593 22.21667817 22.08760861 22.16276927 22.29791063 22.40115688 22.49881452 22.50123386 22.48226244 22.33266909 21.90522927 21.44639523 20.9394568 20.48086526 20.10555777 19.73606906
-9999 -9999 -9999 -9999 -9999 -9999 -9999 -9999 -9999 -9999 -9999 -9999 -9999 -9999 -9999 -9999 -9999 -9999 -9999 -9999 16.27932574 12.2282258 8.078380002 5.809415884 4.404327428 3.60486417 3.667243705 4.593603817 6.881874201 9.707238767 12.78676305 15.61914505 18.70210637 21.82211315 24.35047949 25.84665759 25.8268417 25.64205258 25.93891347 26.29433615 26.25071761 25.76048721 25.20891211 25.044576 24.70473544 24.18542421 23.59573509 22.80578643 22.48496957 22.21461066 22.04192424 22.05744301 22.04223977 22.10067289 22.11784802 22.09343354 22.13014013 22.04551814 21.49795704 21.01308079 20.52592743 20.14113904 19.86111472 19.57772403
-9999 -9999 -9999 -9999 -9999 -9999 -9999 -9999 -9999 -9999 -9999 -9999 -9999 -9999 -9999 -9999 -9999 -9999 -9999 18.03914654 16.00401217 12.24199506 8.539973779 6.225977719 5.045483714 4.358661491 4.340891922 5.450468713 7.645047059 10.60733279 13.72523063 16.57483943 19.49146446 22.39559382 24.76179797 26.06114705 25.92910363 25.59724986 25.80740825 26.0646322 26.03524843 25.65069895 25.28004922 25.09745471 24.97122058 24.52785418 23.866766 23.24240506 22.70825618 22.36158394 22.09629321 22.02390066 22.00522579 21.92551147 21.87589245 21.71943575 21.55159649 21.25960589 20.7647905 20.20528459 19.77675358 19.52839831 19.35272949 19.26757276
-9999 -9999 -9999 -9999 -9999 -9999 -9999 -9999 -9999 -9999 -9999 -9999 -9999 -9999 -9999 -9999 -9999 -9999 -9999 17.78962372 15.86388412 12.24775681 8.703352618 6.539770718 5.508350055 4.898481721 4.857171776 5.995012575 8.401916785 11.52612094 14.60802405 17.27456214 20.12767066 22.80518434 24.94048272 26.08382835 25.77818431 25.39585944 25.54759037 25.7559804 25.74752823 25.4726188 25.19759668 25.06192844 25.08202014 24.71429306 24.08035059 23.49470332 22.90290603 22.47690237 22.14903593 21.99475302 21.9147908 21.75135613 21.58148722 21.30212355 20.97285513 20.51962107 19.99764091 19.43047652 19.02936747 18.94789635 18.88059791 18.94343142
-9999 -9999 -9999 -9999 -9999 -9999 -9999 -9999 -9999 -9999 -9999 -9999 -9999 -9999 -9999 -9999 -9999 -9999 -9999 17.40525044 15.59157291 12.18149287 8.857904457 6.739936811 5.676196282 5.144281572 5.194065115 6.474180688 9.070630907 12.40058725 15.46743262 17.99200766 20.39373146 22.80185248 24.63106659 25.59017035 25.49839086 25.10959373 25.22945666 25.36520839 25.38458598 25.1768887 24.93339334 24.86348392 24.75401459 24.44605314 23.9895218 23.47122626 22.93168212 22.49796643 22.07340804 21.81240845 21.62745367 21.35213282 21.13533618 20.71871329 20.25734262 19.78522238 19.26130477 18.80258553 18.57956747 18.51460051 18.56232224 18.88157711
-9999 -9999 -9999 -9999 -9999 -9999 -9999 -9999 -9999 -9999 -9999 -9999 -9999 -9999 -9999 -9999 -9999 -9999 -9999 16.99909169 15.20737792 11.90915712 8.700202068 6.610006742 5.581278751 5.125506468 5.27231057 6.723453155 9.652392315 13.2590721 16.3446475 18.5806874 20.73953296 22.86810215 24.34278448 25.2920255 25.29026458 25.04039099 25.17836374 25.19323208 25.16299264 25.03482005 24.77724198 24.64664795 24.48432496 24.1766133 23.841695 23.39507557 22.8986112 22.46139582 21.96811511 21.58897398 21.20249671 20.77438338 20.42974581 19.96825331 19.50077987 19.04073226 18.61576644 18.24646841 18.16134083 18.39387835 18.7407219 19.35799947
-9999 -9999 -9999 -9999 -9999 -9999 -9999 -9999 -9999 -9999 -9999 -9999 -9999 -9999 -9999 -9999 -9999 -9999 -9999 16.41834428 14.65707744 11.50553625 8.40083362 6.384680398 5.28158886 4.933781402 5.237884223 6.872116818 10.23267514 14.13995213 17.26563202 19.35983843 21.16253034 22.88620432 24.20418791 25.01763788 25.15175379 25.21789656 25.17154168 25.16785758 25.12919454 24.92664166 24.75447582 24.50562109 24.28762944 23.98956181 23.68530659 23.31912649 22.90586474 22.4706646 21.89229771 21.30967337 20.65093752 20.14197405 19.59846558 19.07401919 18.7348838 18.2871436 17.915859 17.67385369 17.90659141 18.60030499 19.45374894 20.34805663
-9999 -9999 -9999 -9999 -9999 -9999 -9999 -9999 -9999 -9999 -9999 -9999 -9999 -9999 -9999 -9999 -9999 -9999 -9999 15.90152062 14.09839465 11.11018143 8.093139074 6.13871137 5.063385624 4.831020464 5.310979818 7.163396887 10.81299595 15.00119681 18.19394413 20.1443339 21.58274271 22.98519941 24.0065569 24.71845154 24.90050157 24.96515378 24.93965276 24.9026042 24.86398863 24.72611826 24.56785439 24.33357188 24.06453559 23.76633112 23.5237526 23.20877947 22.85599451 22.41497063 21.80363728 21.14349313 20.38067754 19.77274883 19.13024907 18.59179713 18.27534134 17.8912995 17.52766122 17.36009311 17.75983636 18.84022828 20.04331467 21.06123074
-9999 -9999 -9999 -9999 -9999 -9999 -9999 -9999 -9999 -9999 -9999 -9999 -9999 -9999 -9999 -9999 -9999 -9999 -9999 15.48405385 13.74906917 10.80290726 7.824633285 6.140609701 5.026126096 4.928688846 5.621995424 7.49396466 11.57543439 16.03426195 19.20815636 20.89374978 22.04345779 23.18249657 23.86442884 24.35149079 24.45952369 24.39001644 24.49005047 24.44327647 24.42350899 24.39436284 24.26112164 24.05243674 23.79874021 23.54197706 23.34737387 23.05676263 22.7253522 22.34420621 21.73102705 21.08439725 20.34465723 19.63110658 19.03770592 18.47408337 18.11159177 17.79330818 17.33820337 17.11391185 17.71008025 19.05613328 20.51975369 -9999
-9999 -9999 -9999 -9999 -9999 -9999 -9999 -9999 -9999 -9999 -9999 -9999 -9999 -9999 -9999 -9999 -9999 -9999 -9999 14.9652807 13.3406101 10.86678454 8.365623719 6.742093325 5.752119387 5.766646178 6.565945563 8.686142692 12.71664202 17.15815216 20.29486747 21.8524905 22.72084128 23.53152245 23.93990395 24.25606332 24.30554023 24.20646528 24.2380789 24.18328137 24.15640605 24.12709851 23.99196355 23.85113518 23.64470054 23.41765928 23.23879933 22.96159408 22.65915219 22.25967591 21.66386221 21.02748497 20.31831777 19.63581905 19.01666124 18.44215213 18.05728155 17.72509833 17.22249105 17.02185828 17.62073423 19.07745322 20.56810477 -9999
-9999 -9999 -9999 -9999 -9999 -9999 -9999 -9999 -9999 -9999 -9999 -9999 -9999 -9999 -9999 -9999 -9999 -9999 15.23220896 14.51835281 13.1044267 11.20048787 9.248199019 7.829465567 6.922844406 7.105921536 7.995722885 10.00293229 14.17520484 18.59384424 21.51145903 22.74942683 23.56622453 24.03397818 24.1985233 24.32315205 24.32207858 24.25708396 24.18555762 24.10153629 24.01899669 23.88757637 23.76418959 23.63747731 23.53784454 23.35162475 23.13957125 22.89886378 22.55127846 22.16763462 21.60342545 20.98188512 20.28517523 19.59852045 18.97920498 18.4029238 18.01807733 17.63867741 17.16606642 16.87854508 17.49040835 19.02303904 20.50299971 -9999
-9999 -9999 -9999 -9999 -9999 -9999 -9999 -9999 -9999 -9999 -9999 -9999 -9999 -9999 -9999 -9999 -9999 -9999 15.11209447 14.12164594 12.90844268 11.70104171 10.44698558 9.100926356 8.226969515 8.594151973 9.876695197 12.3052139 15.8882983 19.60409114 22.23812922 23.49821038 24.10398157 24.439765 24.44155789 24.46485062 24.42310329 24.31776084 24.19311123 24.0022745 23.85156137 23.70790897 23.55797659 23.4544744 23.35072223 23.1740264 22.98875129 22.73108095 22.44027494 22.0760516 21.53483474 20.95044317 20.28691395 19.64438244 19.03135954 18.45085776 18.03430568 17.64869378 17.14428 16.90859869 17.48634219 18.93057062 20.36886344 -9999
-9999 -9999 -9999 -9999 -9999 -9999 -9999 -9999 -9999 -9999 -9999 -9999 -9999 -9999 -9999 -9999 -9999 -9999 15.06620255 13.63848986 12.51947918 11.95532788 11.70236892 10.36603486 9.368967014 10.09919512 12.07955734 14.65611948 17.77418765 20.7539667 22.93073238 24.07950841 24.7089619 24.83295284 24.68405124 24.59928289 24.52769639 24.41644653 24.19889634 23.90016772 23.66561008 23.51158162 23.34114358 23.24043162 23.11744737 22.95059279 22.78616458 22.53529526 22.27878365 21.97734775 21.49062653 20.93609156 20.31814965 19.70834609 19.13229578 18.59829469 18.18684263 17.72357059 17.3652063 17.00792295 17.53967261 19.04328917 20.4087216 -9999
-9999 -9999 -9999 -9999 -9999 -9999 -9999 -9999 -9999 -9999 -9999 -9999 -9999 -9999 -9999 -9999 -9999 -9999 15.01123122 12.75276039 11.55073455 11.49633026 11.69507168 11.39854422 11.36512628 12.54362703 14.63349309 17.22430503 19.82697783 22.15212469 23.91183449 24.76502108 25.13199104 25.12110967 24.85432342 24.72281273 24.70883923 24.60934166 24.26626628 23.84331404 23.54363106 23.36467493 23.22471189 23.08886422 22.95494196 22.77830701 22.60303966 22.38810084 22.1536684 21.86875572 21.41518669 20.89857578 20.34290598 19.81250774 19.33668535 18.87955376 18.54837122 18.21039906 17.78900343 17.58687472 18.08483201 19.35256071 20.56389773 -9999
-9999 -9999 -9999 -9999 -9999 -9999 -9999 -9999 -9999 -9999 -9999 -9999 -9999 -9999 -9999 -9999 -9999 11.18476835 5.292164348 11.70485197 10.47108392 11.05601626 11.67705711 12.46117128 13.37467623 14.99621733 17.21860458 19.76792684 21.7172438 23.58217877 24.93293963 25.3319815 25.66483144 25.31489453 24.93621392 24.77687394 24.80135892 24.88339269 24.33216569 23.77202573 23.40332587 23.21002653 23.10673417 22.91399614 22.78546852 22.60083066 22.40998015 22.23941243 21.95136177 21.73106847 21.32109041 20.84545959 20.34838667 19.91278629 19.56295015 19.18975804 18.93865601 18.79091552 18.47021446 18.32776193 18.80838338 19.85410267 -9999 -9999
-9999 -9999 -9999 -9999 -9999 -9999 -9999 -9999 -9999 -9999 -9999 -9999 -9999 -9999 -9999 -9999 -9999 9.048685202 4.048244491 12.07834482 10.95972306 11.1955754 12.24620427 13.6763136 15.50757828 17.45580875 19.32724495 21.31734191 22.92685283 24.37710722 25.32185781 25.51306204 25.57940978 25.20569474 24.86871952 24.70077681 24.72622565 24.68573461 24.2050841 23.65464747 23.25186232 23.00270015 22.85493925 22.67502057 22.52458819 22.32108853 22.10590501 21.88794703 21.65969024 21.43118079 21.09344271 20.72561515 20.36750486 20.00564385 19.72297432 19.4841261 19.30568676 19.2963999 19.26047317 19.40120816 19.79808205 -9999 -9999 -9999
