meets/meet004/data/CCSM_0k_neotropic_bio03.asc
NCOLS 154 
NROWS 168 
XLLCORNER -112 
YLLCORNER -55.5 
CELLSIZE 0.5 
NODATA_value -9999 
[rows 29 to 57 of 168, columns 64 to 127 of 154]
-9999 -9999 -9999 -9999 -9999 -9999 -9999 -9999 -9999 -9999 -9999 -9999 -9999 -9999 -9999 -9999 -9999 -9999 -9999 -9999 -9999 -9999 -9999 -9999 -9999 -9999 -9999 -9999 -9999 -9999 -9999 -9999 -9999 -9999 -9999 -9999 -9999 14.73678308 -9999 -9999 -9999 -9999 -9999 -9999 -9999 -9999 -9999 -9999 -9999 -9999 -9999 -9999 -9999 -9999 -9999 -9999 -9999 -9999 -9999 -9999 -9999 -9999 -9999 -9999
-9999 -9999 -9999 -9999 -9999 -9999 -9999 -9999 -9999 -9999 -9999 -9999 -9999 -9999 -9999 -9999 -9999 -9999 -9999 -9999 -9999 -9999 -9999 -9999 -9999 -9999 -9999 -9999 -9999 -9999 -9999 -9999 -9999 -9999 -9999 -9999 -9999 14.8194408 -9999 -9999 -9999 -9999 -9999 -9999 -9999 -9999 -9999 -9999 -9999 -9999 -9999 -9999 -9999 -9999 -9999 -9999 -9999 -9999 -9999 -9999 -9999 -9999 -9999 -9999
-9999 -9999 -9999 -9999 -9999 -9999 -9999 -9999 -9999 -9999 -9999 -9999 -9999 -9999 -9999 -9999 -9999 -9999 -9999 -9999 -9999 -9999 -9999 -9999 -9999 -9999 -9999 -9999 -9999 -9999 -9999 -9999 -9999 -9999 -9999 -9999 -9999 -9999 -9999 -9999 -9999 -9999 -9999 -9999 -9999 -9999 -9999 -9999 -9999 -9999 -9999 -9999 -9999 -9999 -9999 -9999 -9999 -9999 -9999 -9999 -9999 -9999 -9999 -9999
-9999 -9999 -9999 -9999 -9999 -9999 -9999 -9999 -9999 -9999 -9999 -9999 -9999 -9999 -9999 -9999 44.11068564 -9999 -9999 -9999 -9999 -9999 -9999 -9999 -9999 -9999 -9999 -9999 -9999 -9999 -9999 -9999 -9999 -9999 -9999 -9999 15.07686105 -9999 -9999 -9999 -9999 -9999 -9999 -9999 -9999 -9999 -9999 -9999 -9999 -9999 -9999 -9999 -9999 -9999 -9999 -9999 -9999 -9999 -9999 -9999 -9999 -9999 -9999 -9999
-9999 -9999 -9999 -9999 -9999 -9999 -9999 -9999 -9999 -9999 -9999 -9999 -9999 -9999 60.98520132 62.28281127 62.11533294 -9999 -9999 -9999 -9999 -9999 -9999 -9999 -9999 -9999 -9999 -9999 -9999 -9999 -9999 -9999 -9999 -9999 -9999 -9999 -9999 -9999 -9999 -9999 -9999 -9999 -9999 -9999 -9999 -9999 -9999 -9999 -9999 -9999 -9999 -9999 -9999 -9999 -9999 -9999 -9999 -9999 -9999 -9999 -9999 -9999 -9999 -9999
-9999 -9999 -9999 -9999 -9999 -9999 -9999 -9999 -9999 -9999 59.06357264 67.23533177 72.76371597 73.21723267 74.05002715 74.25050489 -9999 -9999 72.18690088 70.4922473 66.69372928 61.94430395 54.79086787 -9999 -9999 -9999 -9999 -9999 -9999 -9999 -9999 -9999 -9999 -9999 -9999 -9999 -9999 -9999 -9999 -9999 -9999 -9999 -9999 -9999 -9999 -9999 -9999 -9999 -9999 -9999 -9999 -9999 -9999 -9999 -9999 -9999 -9999 -9999 -9999 -9999 -9999 -9999 -9999 -9999
-9999 -9999 -9999 -9999 -9999 -9999 -9999 -9999 -9999 68.4834842 72.38413518 71.44795374 72.03920455 71.17114819 71.04908294 71.35530719 71.72188198 72.28666784 72.27825567 72.93182757 72.53291468 71.73935162 69.91447556 64.06012887 -9999 -9999 -9999 -9999 -9999 -9999 -9999 -9999 -9999 -9999 -9999 -9999 -9999 -9999 -9999 -9999 -9999 -9999 -9999 -9999 -9999 -9999 -9999 -9999 -9999 -9999 -9999 -9999 -9999 -9999 -9999 -9999 -9999 -9999 -9999 -9999 -9999 -9999 -9999 -9999
-9999 -9999 -9999 -9999 -9999 -9999 -9999 -9999 -9999 69.40313704 68.3764851 67.88561287 67.43954144 67.27110847 67.34867266 67.62919982 68.19888585 69.16889446 69.72966362 70.56498634 71.43801924 72.23040992 72.0796948 71.53862098 71.12729538 70.62259291 70.27583972 70.53578194 70.27491597 70.45929339 70.29034207 69.96989558 69.4372381 67.80333173 63.3287093 -9999 -9999 -9999 -9999 -9999 -9999 -9999 -9999 -9999 -9999 -9999 -9999 -9999 -9999 -9999 -9999 -9999 -9999 -9999 -9999 -9999 -9999 -9999 -9999 -9999 -9999 -9999 -9999 -9999
-9999 -9999 -9999 -9999 -9999 -9999 -9999 -9999 -9999 67.06731769 66.17967055 65.65682143 64.46348307 64.15306391 63.79502569 63.88242319 64.62519584 65.57991219 66.37715544 67.47217748 68.64333659 69.73139276 70.811604 72.01701689 72.89091606 73.41681768 73.51819715 73.62735053 73.25625516 73.38773059 73.03393529 72.30770431 72.00116599 70.56576146 69.03915642 66.6679105 56.97438249 -9999 -9999 -9999 -9999 -9999 -9999 -9999 -9999 -9999 -9999 -9999 -9999 -9999 -9999 -9999 -9999 -9999 -9999 -9999 -9999 -9999 -9999 -9999 -9999 -9999 -9999 -9999
68.98805733 68.83534687 69.84613899 70.55857937 -9999 -9999 -9999 -9999 66.71632259 66.79255538 66.08031509 65.39762508 63.87157823 62.48166247 61.08009858 60.66306658 61.26546469 61.80459591 62.98303194 63.92532497 65.54859517 67.77912813 69.74308578 71.06730858 71.91495406 72.64476724 72.98734391 73.17352043 73.17092938 73.06022278 72.83847663 72.49550098 72.04086418 71.24459926 70.12391381 68.65372994 64.34117518 54.90741598 -9999 -9999 -9999 -9999 -9999 -9999 -9999 -9999 -9999 -9999 -9999 -9999 -9999 -9999 -9999 -9999 -9999 -9999 -9999 -9999 -9999 -9999 -9999 -9999 -9999 -9999
66.5643866 -9999 -9999 65.86871407 65.09767864 63.21260347 61.34751134 61.45095445 62.63119568 62.6494616 62.61874956 62.55478102 61.90541829 61.58419065 59.70327241 58.9218545 59.48576252 59.87889203 61.04699687 61.76600309 63.46610223 66.26492984 68.56420671 70.04291122 70.92255827 71.78908703 72.20647191 72.55467226 72.68278873 72.62197191 72.5906204 72.38909236 72.02891543 71.53132809 70.93863402 70.17322699 68.37896294 61.99703268 -9999 -9999 -9999 -9999 -9999 -9999 -9999 -9999 -9999 -9999 -9999 -9999 -9999 -9999 -9999 -9999 -9999 -9999 -9999 -9999 -9999 -9999 -9999 -9999 -9999 -9999
-9999 -9999 -9999 60.98733737 57.45208659 56.73621318 57.14929193 57.64379097 59.53056185 60.8776731 61.24319933 61.71825269 61.49106766 61.0261234 59.35645585 58.67772014 58.95047459 59.10267328 59.78289779 60.15130837 62.44574525 65.40481744 67.32084026 69.1011946 69.92644446 70.733566 71.40429447 71.79894078 71.87178406 72.21523717 72.18999512 72.03684356 72.28742894 71.21277096 71.15017506 71.21525463 70.89705566 68.31305441 66.57893949 65.1372389 60.99583791 -9999 -9999 -9999 -9999 -9999 -9999 -9999 -9999 -9999 -9999 -9999 -9999 -9999 -9999 -9999 -9999 -9999 -9999 -9999 -9999 -9999 -9999 -9999
-9999 -9999 -9999 57.48407419 54.73005404 54.55075423 55.30614009 56.21789698 58.61442075 60.24956102 61.17932903 61.95057055 61.89099046 61.5459016 60.47620235 59.85624021 60.30124821 60.17651406 60.80009715 61.24469524 63.26368151 65.99839494 67.67481851 69.00682693 69.35327709 69.9540565 70.42847392 70.73612228 70.72207211 70.73588396 70.45613563 69.98927211 69.96310983 69.00364084 68.9047867 68.78465426 68.96314316 69.96002032 69.07677876 68.60521284 67.58432274 64.47925902 -9999 -9999 -9999 -9999 -9999 -9999 -9999 -9999 -9999 -9999 -9999 -9999 -9999 -9999 -9999 -9999 -9999 -9999 -9999 -9999 -9999 -9999
-9999 -9999 -9999 -9999 54.20227768 54.4355529 55.23557932 56.22849184 58.97700659 61.91100127 62.55609114 62.20052572 61.70800175 62.26723482 63.29832398 62.43204535 61.78791351 62.03276716 62.70700295 63.79659677 64.87061387 66.70980444 68.79873282 69.63634709 69.16874361 69.07369582 69.16667859 69.32676785 68.95717501 68.32205453 67.60382464 66.63017172 65.44670679 65.27525708 64.79265913 64.8370077 65.23084867 65.04770733 66.24245186 66.94816835 67.6450531 69.23875287 67.19577859 -9999 -9999 -9999 -9999 -9999 -9999 -9999 -9999 -9999 -9999 -9999 -9999 -9999 -9999 -9999 -9999 -9999 -9999 -9999 -9999 -9999
-9999 -9999 -9999 -9999 -9999 56.54082031 57.1999238 58.30920945 60.77475719 63.72255818 64.44936631 63.2548012 62.55088608 63.26574476 64.85139195 63.98385782 62.74973394 62.66720285 63.53998708 64.4324044 63.17710613 63.51637039 65.66328894 66.34477411 66.47332586 66.29021605 66.55837109 67.12750941 66.9038686 66.1347625 65.16067322 63.99821011 62.65345772 62.45859497 62.29354466 62.54833691 63.2140305 63.65571133 65.15931796 66.42004056 67.53781265 68.89678857 69.9848731 66.63926016 -9999 -9999 -9999 -9999 -9999 -9999 -9999 -9999 -9999 -9999 -9999 -9999 -9999 -9999 -9999 -9999 -9999 -9999 -9999 -9999
-9999 -9999 -9999 -9999 -9999 59.19118725 60.88876937 61.53075532 63.32776165 65.80891308 66.46223413 64.41057414 63.36919739 63.43252447 64.56790219 64.02796738 61.51700412 59.92113482 61.48238195 58.46346214 56.91010547 58.00935879 59.2694899 63.16917818 62.66202997 62.77242246 64.22764151 64.63025068 65.42042494 64.78415303 63.61397815 62.51359135 61.16740769 61.11591877 61.35120784 61.66525624 62.45097176 63.28314938 65.11387455 66.40796528 67.75104983 68.23788973 67.86335991 69.52623597 63.78235187 -9999 -9999 -9999 -9999 -9999 -9999 -9999 -9999 -9999 -9999 -9999 -9999 -9999 -9999 -9999 -9999 -9999 -9999 -9999
-9999 -9999 -9999 -9999 -9999 62.43156243 65.14946376 65.14261325 66.18708217 67.9921938 67.69545198 64.7664834 62.79084651 62.34923041 62.64452178 61.60977427 59.54674988 58.0796918 58.33431289 55.02695703 54.23048286 55.59435705 57.73671237 61.80100565 62.01618692 62.60091945 63.90546513 64.29169249 64.67485985 64.22871268 62.9253122 61.95580253 60.9908397 60.89235094 60.88190247 61.22519179 62.25889821 63.57314398 65.71548144 67.60578092 68.75383917 68.420239 68.28579578 69.68843567 69.02485164 66.60131735 65.84652727 66.01661569 66.41112593 67.10410034 67.31969323 66.88555795 -9999 -9999 -9999 -9999 -9999 -9999 -9999 -9999 -9999 -9999 -9999 -9999
-9999 -9999 -9999 -9999 -9999 64.8477244 68.12193284 68.57956209 68.98935173 70.24215244 68.34349493 64.48971268 61.04780036 61.09654008 61.08702298 60.03225873 58.51571657 56.1480223 55.64394149 54.01080365 54.21151114 56.31581166 57.83242328 61.25248755 63.53302779 64.38052027 65.28116475 65.40800807 64.81391826 63.56171703 63.12352578 62.4417203 61.38390008 61.07325746 60.93954715 61.36504587 62.49509884 63.94195801 66.51891807 69.61963806 70.60929045 69.29940903 69.19108867 69.75546355 69.78048534 70.36663084 69.75899712 69.6768801 69.10921496 69.65807849 69.92096286 69.77764879 69.72119053 70.58432557 71.02513576 -9999 -9999 -9999 -9999 -9999 -9999 -9999 -9999 -9999
-9999 -9999 -9999 -9999 -9999 68.21836477 70.74366692 71.08490142 70.90549179 71.00591851 68.34092838 64.93963462 62.09189229 61.37998402 61.02959329 60.1314605 58.89535362 56.80371299 56.72233518 56.87386989 57.72402421 59.21142722 60.66080051 63.3215536 65.51223777 67.32049414 67.64074214 66.94619755 65.88134692 64.64666536 63.94977318 63.86282666 62.95239372 62.16071194 61.68173823 62.03814504 63.05350979 64.50262947 67.07420421 68.82136012 69.80870822 69.4994041 68.9353703 69.51059095 69.73761647 70.02268259 69.79584156 69.3658388 68.61337699 69.08757563 69.55763631 70.22695902 71.31450739 72.20693731 73.11210723 74.20415996 -9999 -9999 -9999 -9999 -9999 -9999 -9999 -9999
-9999 -9999 -9999 -9999 -9999 70.57193155 72.73820175 72.98799221 72.13611801 71.56375775 68.89347716 66.29837504 63.72104768 63.10602474 62.50588415 61.30255714 60.03689028 58.6684128 59.27496949 59.99497558 61.40727345 63.57232977 65.54376057 66.89614076 67.99550805 68.53819668 68.57749113 69.04459743 67.1565976 66.01989617 64.99604464 64.34210757 63.7214446 63.52631164 62.91449684 63.21666854 64.44251444 65.44563002 67.97925749 68.71315531 69.33983445 69.92996439 68.79147046 70.14689526 70.31935963 69.38496823 67.83877401 66.4015444 66.61781025 66.67828944 67.26582902 68.51202321 69.33904281 70.82184725 72.10337757 73.49004086 74.73196247 69.69077402 -9999 -9999 -9999 -9999 -9999 -9999
-9999 -9999 -9999 -9999 -9999 72.79650927 73.53146638 73.33239729 72.85880878 72.60109308 71.10804235 69.04020389 67.22317814 66.25760143 64.51979083 63.38486003 62.80803671 62.74731965 63.84185369 65.63516854 67.59495663 69.81031483 71.39944574 71.61729225 70.74140767 69.52477364 67.821683 66.77264197 66.890239 66.10744208 64.9115715 64.40787749 64.14261066 63.55373909 63.3997442 64.20708445 66.12792202 68.69982198 70.76557457 71.65661889 72.44275904 72.48792091 71.81986263 71.62037112 69.91277506 67.54185457 66.08507376 65.19785595 64.9604933 65.18791263 65.88245074 67.13230403 68.55624467 70.13940164 71.71960284 73.30348437 74.60644467 69.22985243 -9999 -9999 -9999 -9999 -9999 -9999
-9999 -9999 -9999 -9999 -9999 72.24102685 74.7873521 73.00708285 73.09692863 73.41862551 72.70622229 71.08926956 69.89490927 68.94675329 67.02978726 66.25464868 66.5225517 67.28311123 69.17291967 72.13316866 73.16738704 73.64853972 73.34906584 72.55158972 72.1245431 70.92676194 67.66774219 64.78908318 65.06875921 65.11549955 64.53920882 64.19623622 64.14564306 63.62641468 63.71442469 64.67002975 66.99819284 70.87203594 70.40101801 70.62873573 71.00427821 70.52666932 70.45802268 71.4907664 68.54257808 66.29012729 65.12787309 64.17535421 64.11908564 64.35871542 65.02339876 66.30204862 67.87082994 69.44653163 71.3034112 72.72816654 73.5401546 68.31727041 -9999 -9999 -9999 -9999 -9999 -9999
-9999 -9999 -9999 -9999 -9999 75.63454642 77.56731214 74.57738615 73.24376799 72.26192631 72.03976171 72.19216211 72.11012491 72.52347288 70.89720189 70.57176174 71.15797384 72.84898458 72.99507226 73.06157835 73.08839579 73.30468821 72.92333745 72.42958521 72.01670193 72.7165876 69.24339765 66.33996066 65.16405596 64.66214735 64.65963493 64.12200671 63.66562973 63.59580101 63.8575375 64.66791442 66.19041076 67.39278748 68.08862591 67.82811234 68.5391121 69.83950089 70.88664967 70.659739 68.12314273 65.95650073 64.75874514 64.12384081 63.65031446 63.64949693 64.26025411 65.47794973 66.94053349 68.57686771 69.8762352 71.11616736 71.12227503 68.1975496 -9999 -9999 -9999 -9999 -9999 -9999
-9999 -9999 -9999 71.05850415 72.39189607 75.21448901 78.94764311 76.8950845 74.30539691 72.02041592 71.88834536 74.04463705 74.22879009 74.57988216 74.68509948 74.64342483 74.37818866 73.58768231 73.95563399 74.08119428 73.9480701 73.79578605 73.12189318 72.53622149 71.97966948 72.48637581 71.26346176 68.03500773 66.37364767 65.29912959 64.93270242 64.6675494 63.59231856 63.79067474 64.05008204 64.61275075 65.41609255 65.720077 66.8479068 66.55678899 67.81131264 70.54474482 71.10549028 69.09692824 67.55864083 65.58085161 64.06893396 63.05527169 62.47240534 62.434478 63.2722784 64.83396024 66.25342445 67.92841766 69.09060074 70.31212707 68.75793319 66.51518991 66.25526047 -9999 -9999 -9999 -9999 -9999
-9999 -9999 69.0533953 72.33188345 74.12960445 74.94285462 74.65457352 75.5390918 76.43046228 75.18868596 74.74597675 76.07994688 76.51338626 76.62478973 76.62922527 76.43965132 75.91627432 75.33525263 75.40400317 75.59104035 75.34431641 74.7196626 73.81799543 72.9786012 72.34823296 72.58912746 72.979633 69.74650137 67.99932974 67.18615127 66.6096466 66.3567027 65.20801365 64.97286032 64.93798761 65.41743594 66.5034915 67.26753819 68.5224072 69.47775858 71.22427925 70.80690161 68.6812733 67.01710873 66.40127009 64.16567701 62.25820352 61.05794506 60.80075209 61.27488258 62.20343621 63.65808105 65.38378122 66.65428275 67.76759352 68.20450465 67.58874009 66.75572677 66.71943659 66.03774578 -9999 -9999 -9999 -9999
-9999 -9999 68.51027523 71.75235361 74.20138457 72.28836818 71.74689861 72.21290006 76.06938349 78.93691957 77.97680585 78.43755455 78.70139915 78.63681001 78.64580105 78.08284744 77.46681851 77.01823565 76.90512223 76.40071297 76.15427726 75.91324203 74.79095156 73.76736174 72.96266336 72.9768786 73.62066862 71.29103532 69.63138567 69.0891749 68.53282473 68.28380811 67.61769054 67.21117187 67.00128031 67.52160779 68.85338435 70.18077112 72.12925037 71.51612925 69.31335261 67.47153556 64.96599759 64.17899296 64.22063502 62.72416316 60.88269382 59.51377637 59.68080006 60.37246974 61.34220486 62.70364807 63.52809917 64.88724006 66.09717343 66.82287072 66.96194285 66.83180243 67.14197858 66.27784825 -9999 -9999 -9999 -9999
67.25151535 64.81572284 65.6829039 69.72739661 72.24019999 71.39147787 70.54566995 71.51528487 75.11086229 79.23949082 80.64585876 80.49579049 79.80649619 79.7398994 78.73633229 77.63051039 77.00748598 76.38458698 75.8023001 75.25388261 75.08309183 75.14579079 74.7609009 74.57589025 74.11727542 73.78843996 74.00415809 73.04055376 71.63218462 70.81174776 70.34059073 70.53541142 70.64454559 70.96391385 70.68287539 71.29819914 72.79138795 71.42329606 69.56172208 67.68768892 66.05246774 63.64651733 62.28497301 61.92062006 62.31242487 61.78735539 60.1011751 59.20820307 59.17337348 59.74387455 60.69104235 61.64334517 62.37667915 63.77953381 65.09890765 66.24639592 66.77544114 66.95999555 67.73453664 67.86103948 -9999 -9999 -9999 -9999
66.07953799 63.72173154 63.98594258 67.5253807 69.91607937 70.50153143 70.02671825 70.98843599 74.61187909 78.63589249 80.118326 79.91907908 79.21972798 78.53754952 77.63465387 76.78491257 76.30202078 75.60749388 75.02447532 74.45408037 74.28708395 74.42035383 74.29422638 74.12653653 73.8952911 74.33192517 74.88539763 74.82581257 74.11883413 73.30014206 72.82523191 73.15680317 73.67589258 74.31284814 74.43625981 72.61752586 70.50351025 68.21487905 66.58698693 64.55457736 62.03065239 60.61208985 59.81696649 60.03242157 60.84140453 61.02574055 59.84648981 59.05947721 58.99641212 59.45702612 60.30211492 60.96793436 61.74501917 63.25878797 64.72333619 66.11142851 67.04249135 67.57809674 68.50512178 68.7755932 66.00279065 -9999 -9999 -9999
64.06339005 61.2391787 60.31978593 64.43879874 68.089037 70.41803431 70.9001139 71.08159434 74.44401156 77.92068221 78.11318082 77.73397207 77.17709137 76.59422207 75.99353312 75.51964685 75.17546323 74.84807495 74.51236656 74.00993564 73.83982082 74.0632709 74.44857141 74.14343353 74.00930815 74.10342461 74.54636269 75.04240991 75.63278949 75.93866268 75.75534729 75.84060137 75.1847376 74.08666954 72.48693018 70.02003626 67.48803506 64.86178956 62.91284391 60.73556878 59.05315299 58.09242941 57.71621265 58.54414692 59.7491248 60.64369173 59.74676249 59.20269895 59.22615652 59.51012233 60.32371782 61.02393419 61.70703751 63.22834662 64.86183576 66.08672726 67.27930798 68.28452586 68.95299242 69.39964905 68.48512492 66.31940699 62.2861842 -9999
