meets/meet004/data/CCSM_21k_neotropic_bio03.asc
NCOLS 154 
NROWS 168 
XLLCORNER -112 
YLLCORNER -55.5 
CELLSIZE 0.5 
NODATA_value -9999 
[rows 29 to 57 of 168, columns 64 to 127 of 154]
-9999 -9999 -9999 -9999 -9999 -9999 -9999 -9999 -9999 -9999 -9999 -9999 -9999 -9999 -9999 -9999 -9999 -9999 -9999 -9999 -9999 -9999 -9999 -9999 -9999 -9999 -9999 -9999 -9999 -9999 -9999 -9999 -9999 -9999 -9999 -9999 -9999 14.93475682 -9999 -9999 -9999 -9999 -9999 -9999 -9999 -9999 -9999 -9999 -9999 -9999 -9999 -9999 -9999 -9999 -9999 -9999 -9999 -9999 -9999 -9999 -9999 -9999 -9999 -9999
-9999 -9999 -9999 -9999 -9999 -9999 -9999 -9999 -9999 -9999 -9999 -9999 -9999 -9999 -9999 -9999 -9999 -9999 -9999 -9999 -9999 -9999 -9999 -9999 -9999 -9999 -9999 -9999 -9999 -9999 -9999 -9999 -9999 -9999 -9999 -9999 -9999 16.245228 -9999 -9999 -9999 -9999 -9999 -9999 -9999 -9999 -9999 -9999 -9999 -9999 -9999 -9999 -9999 -9999 -9999 -9999 -9999 -9999 -9999 -9999 -9999 -9999 -9999 -9999
-9999 -9999 -9999 -9999 -9999 -9999 -9999 -9999 -9999 -9999 -9999 -9999 -9999 -9999 -9999 -9999 -9999 -9999 -9999 -9999 -9999 -9999 -9999 -9999 -9999 -9999 -9999 -9999 -9999 -9999 -9999 -9999 -9999 -9999 -9999 -9999 -9999 -9999 -9999 -9999 -9999 -9999 -9999 -9999 -9999 -9999 -9999 -9999 -9999 -9999 -9999 -9999 -9999 -9999 -9999 -9999 -9999 -9999 -9999 -9999 -9999 -9999 -9999 -9999
-9999 -9999 -9999 -9999 -9999 -9999 -9999 -9999 -9999 -9999 -9999 -9999 -9999 -9999 -9999 -9999 65.36233122 -9999 -9999 -9999 -9999 -9999 -9999 -9999 -9999 -9999 -9999 -9999 -9999 -9999 -9999 -9999 -9999 -9999 -9999 -9999 32.07092498 -9999 -9999 -9999 -9999 -9999 -9999 -9999 -9999 -9999 -9999 -9999 -9999 -9999 -9999 -9999 -9999 -9999 -9999 -9999 -9999 -9999 -9999 -9999 -9999 -9999 -9999 -9999
-9999 -9999 -9999 -9999 -9999 -9999 -9999 -9999 -9999 -9999 -9999 -9999 -9999 -9999 72.74586611 75.25341139 76.09369342 -9999 -9999 -9999 -9999 -9999 -9999 -9999 -9999 -9999 -9999 -9999 -9999 -9999 -9999 -9999 -9999 -9999 -9999 -9999 -9999 -9999 -9999 -9999 -9999 -9999 -9999 -9999 -9999 -9999 -9999 -9999 -9999 -9999 -9999 -9999 -9999 -9999 -9999 -9999 -9999 -9999 -9999 -9999 -9999 -9999 -9999 -9999
-9999 -9999 -9999 -9999 -9999 -9999 -9999 -9999 -9999 -9999 67.12563593 70.84177996 72.1494558 72.52090678 73.28762779 73.7858529 -9999 -9999 75.00401286 75.42038347 75.58759291 73.00529205 66.27092969 -9999 -9999 -9999 -9999 -9999 -9999 -9999 -9999 -9999 -9999 -9999 -9999 -9999 -9999 -9999 -9999 -9999 -9999 -9999 -9999 -9999 -9999 -9999 -9999 -9999 -9999 -9999 -9999 -9999 -9999 -9999 -9999 -9999 -9999 -9999 -9999 -9999 -9999 -9999 -9999 -9999
-9999 -9999 -9999 -9999 -9999 -9999 -9999 -9999 -9999 69.03785703 70.09531907 69.42512543 70.30378522 69.66283574 69.87575543 70.36084718 70.73968174 71.38511666 71.72462036 71.9023298 71.96344661 72.85522623 72.92635192 71.47198582 -9999 -9999 -9999 -9999 -9999 -9999 -9999 -9999 -9999 -9999 -9999 -9999 -9999 -9999 -9999 -9999 -9999 -9999 -9999 -9999 -9999 -9999 -9999 -9999 -9999 -9999 -9999 -9999 -9999 -9999 -9999 -9999 -9999 -9999 -9999 -9999 -9999 -9999 -9999 -9999
-9999 -9999 -9999 -9999 -9999 -9999 -9999 -9999 -9999 66.44846847 65.98096081 65.9234099 65.94154017 66.27167222 66.77317269 67.23924091 67.72139721 68.59774204 68.94601029 69.57394702 70.29070894 70.72862442 70.72495642 71.11861202 71.17479509 71.31241532 71.60947472 71.92869115 71.51419894 71.64273318 71.52698892 70.41192495 70.54248743 70.05791127 70.17111554 -9999 -9999 -9999 -9999 -9999 -9999 -9999 -9999 -9999 -9999 -9999 -9999 -9999 -9999 -9999 -9999 -9999 -9999 -9999 -9999 -9999 -9999 -9999 -9999 -9999 -9999 -9999 -9999 -9999
-9999 -9999 -9999 -9999 -9999 -9999 -9999 -9999 -9999 64.7495447 64.2106935 63.99123905 63.19222886 63.33202332 63.55574799 63.72606187 64.3660103 65.19365996 65.57839857 66.3996407 67.27724924 67.89147974 68.80663132 69.48728283 70.05455819 70.43421047 70.59242974 70.81209218 70.49713295 70.63221374 70.56783233 69.58114132 69.58192913 69.04400726 69.14824975 69.25877446 69.15785391 -9999 -9999 -9999 -9999 -9999 -9999 -9999 -9999 -9999 -9999 -9999 -9999 -9999 -9999 -9999 -9999 -9999 -9999 -9999 -9999 -9999 -9999 -9999 -9999 -9999 -9999 -9999
65.9186759 65.35768729 65.038659 64.941443 -9999 -9999 -9999 -9999 63.77976274 63.21065284 62.82119699 62.62704398 61.54043528 61.19776349 60.27700065 60.23311707 60.87115049 61.37203957 62.11221128 62.58894831 63.83513423 65.61218272 67.08793288 67.94866131 68.51606091 68.98138957 69.04742442 69.24522803 69.35353341 69.29380584 69.26124001 69.08617884 68.71148382 68.32406791 68.35901305 68.48671017 68.87746254 69.74668767 -9999 -9999 -9999 -9999 -9999 -9999 -9999 -9999 -9999 -9999 -9999 -9999 -9999 -9999 -9999 -9999 -9999 -9999 -9999 -9999 -9999 -9999 -9999 -9999 -9999 -9999
63.22047449 -9999 -9999 61.26484663 61.83274791 61.56583298 60.75388006 60.34820487 61.0982472 61.12779431 61.09056905 60.93193029 59.95921294 59.5753964 58.19592619 57.88306705 58.34416421 58.70244361 59.45453966 59.81446463 61.09277142 63.3582781 65.09027722 66.01082094 66.58749733 67.09245921 66.9973636 67.29975739 67.44615206 67.80780921 68.20535328 68.29525497 68.26430891 68.09148343 67.72941311 68.0221106 68.59953788 69.32094342 -9999 -9999 -9999 -9999 -9999 -9999 -9999 -9999 -9999 -9999 -9999 -9999 -9999 -9999 -9999 -9999 -9999 -9999 -9999 -9999 -9999 -9999 -9999 -9999 -9999 -9999
-9999 -9999 -9999 57.95041875 56.42946591 56.49609693 57.42100089 57.75382828 59.22530745 60.0484294 60.76974497 60.93925829 60.40506234 59.52026654 57.60379676 56.50474136 56.96357306 57.63023596 58.17162373 58.48843976 59.80180776 61.56531509 63.08444132 64.27410339 64.59581062 65.02967661 65.25776445 65.36782708 65.69348633 66.17886275 66.59164903 67.22303717 67.98253019 67.59189101 67.71594383 67.51269309 67.54566934 67.94612677 67.47485648 66.92556725 67.0281137 -9999 -9999 -9999 -9999 -9999 -9999 -9999 -9999 -9999 -9999 -9999 -9999 -9999 -9999 -9999 -9999 -9999 -9999 -9999 -9999 -9999 -9999 -9999
-9999 -9999 -9999 56.4276043 55.33905019 55.61640356 56.72534944 57.01469185 59.14563697 60.23390762 60.99998926 61.45238903 61.54620202 59.88038543 57.20059967 55.99575026 56.26072907 56.92839265 57.44527409 58.08571707 59.38585942 61.05308427 62.46773153 63.2877945 63.40189721 63.73085926 63.8747432 63.85693521 63.78518341 64.04256436 64.06328009 64.18022021 64.80879955 64.72889975 65.28163234 65.53688973 65.77072593 66.2892829 65.9774821 66.09177766 66.54706161 67.80672082 -9999 -9999 -9999 -9999 -9999 -9999 -9999 -9999 -9999 -9999 -9999 -9999 -9999 -9999 -9999 -9999 -9999 -9999 -9999 -9999 -9999 -9999
-9999 -9999 -9999 -9999 56.50644137 56.98893003 58.27482173 58.61283233 60.25369908 61.56061289 61.93500742 61.28154276 60.20005083 59.43015373 57.36273687 56.00916764 55.73129227 56.12862984 57.00098144 58.34188236 58.55595853 59.8895332 61.21792138 62.15258937 62.37156347 62.91147029 62.62582721 62.57009192 61.99609943 61.27126293 60.9049898 60.43657379 60.01258513 60.63165164 60.8585603 61.38645019 62.14852705 62.1311073 63.51383383 64.47119164 65.25154817 66.71882098 67.92119435 -9999 -9999 -9999 -9999 -9999 -9999 -9999 -9999 -9999 -9999 -9999 -9999 -9999 -9999 -9999 -9999 -9999 -9999 -9999 -9999 -9999
-9999 -9999 -9999 -9999 -9999 58.53209209 60.35061309 61.61264233 62.66268395 63.21533486 62.62241099 60.82605569 59.45538174 58.82214674 57.30640558 55.82995295 55.12493949 55.62788538 56.89620702 56.96736514 57.47047887 58.73525201 59.8239491 60.72615987 61.11270287 61.52376638 61.38832254 60.83297356 60.06862452 59.0392063 58.36685014 57.80778915 57.30041435 57.88895144 58.53478596 59.22142785 60.11936358 60.77924146 62.19510172 63.40937586 64.27644035 65.1607317 65.82060131 66.10118782 -9999 -9999 -9999 -9999 -9999 -9999 -9999 -9999 -9999 -9999 -9999 -9999 -9999 -9999 -9999 -9999 -9999 -9999 -9999 -9999
-9999 -9999 -9999 -9999 -9999 59.87577209 63.62723439 64.49233664 65.4995441 64.93461421 63.03829543 60.51232585 58.72130986 57.77158252 57.30315488 55.90996478 54.98296441 54.41526907 56.25674345 56.52954294 57.27103168 58.43721322 58.75666391 59.54556366 59.45761734 60.28487192 60.70736662 59.30942591 58.77639741 57.61772681 56.77460083 56.50206774 56.11125495 56.87370351 57.91604819 58.61695112 59.56026285 60.54256737 62.17748863 63.21402304 64.26618937 64.20382294 63.41208092 64.35299933 65.44348386 -9999 -9999 -9999 -9999 -9999 -9999 -9999 -9999 -9999 -9999 -9999 -9999 -9999 -9999 -9999 -9999 -9999 -9999 -9999
-9999 -9999 -9999 -9999 -9999 61.46051453 66.02115895 67.23951276 67.27263838 65.5861555 62.64861299 59.13538607 56.75943379 55.73611198 55.47922764 54.59940662 53.48719347 52.75218558 52.51707223 52.78499033 53.58601262 54.64918785 55.74260833 57.64432997 58.78817951 59.64161008 60.27139032 59.84909963 58.83653213 57.34057911 56.40280119 56.1749436 56.0175258 56.61765624 57.23839561 58.00270567 59.10485138 60.43549522 62.42862839 64.02493776 64.73534114 64.21876214 63.79912805 63.74758871 64.07289864 64.44544287 64.88421494 65.572289 65.61587333 66.07000912 66.33921516 66.6164732 -9999 -9999 -9999 -9999 -9999 -9999 -9999 -9999 -9999 -9999 -9999 -9999
-9999 -9999 -9999 -9999 -9999 63.46890083 68.48248991 69.82265317 68.80952544 66.00946122 61.94133593 57.4787482 53.69487575 53.68253932 53.99715262 53.3441351 52.57510708 50.31572637 50.13442273 49.60858232 50.66420495 52.94822679 53.74139023 57.5702113 59.36047551 60.18272294 60.86418578 60.74071945 59.97426797 58.029182 56.8772896 56.60203757 56.46230879 56.63638506 57.12291192 57.87050585 59.07489349 60.65760174 62.96116169 65.87363995 66.68954718 65.22380511 64.47120943 63.99066272 62.99145603 62.93821841 63.42415598 63.52046702 63.95268665 64.18076967 64.55486862 65.34692706 65.89550788 66.27009095 66.35367875 -9999 -9999 -9999 -9999 -9999 -9999 -9999 -9999 -9999
-9999 -9999 -9999 -9999 -9999 66.46279738 70.54635531 71.39004945 69.17735897 65.20226247 60.82573278 56.6796792 53.62228389 53.03027135 52.9842624 52.60201728 51.75811211 50.12699501 50.10693855 50.52981918 52.24538758 55.06826157 57.57211993 60.10235591 61.31606618 62.03129249 62.20572606 61.69846786 60.99450707 60.08102317 58.55661128 57.8922803 57.41975488 57.44976926 57.51866374 58.19254048 59.59166498 61.23677223 63.51212186 65.3942024 66.11952882 65.38875855 64.28668722 63.63403205 62.99518983 62.63753244 62.55405433 62.58757055 62.67941099 63.00421311 63.37853189 64.02900045 64.76016115 65.05104722 65.33208906 65.89377245 -9999 -9999 -9999 -9999 -9999 -9999 -9999 -9999
-9999 -9999 -9999 -9999 -9999 68.22162725 71.69177446 72.63809064 69.33655925 64.90834256 60.67186976 57.09954249 53.81917351 53.45008901 53.16167474 52.86645563 52.2249435 50.66072764 52.05506542 53.71406436 56.03582897 58.00009708 59.80975831 62.05874938 63.97088375 64.30012178 63.26514597 62.56399708 61.64777529 61.10510092 60.7902246 60.20197543 58.71159499 58.75181038 58.33767524 58.91004504 60.49279096 61.98332832 64.53757719 65.33918322 65.68188231 65.57045395 64.11497402 63.72640917 62.95329262 62.56341222 62.33886089 61.85364825 62.10052922 62.33364759 62.73956518 63.27589857 63.45554526 64.06369102 64.72515336 65.28170697 66.96616228 69.10844128 -9999 -9999 -9999 -9999 -9999 -9999
-9999 -9999 -9999 -9999 -9999 71.22889299 71.65272233 71.18646828 69.52272877 65.92765609 62.25494045 59.13484952 56.43208756 55.53112129 55.15715197 54.90071111 54.76302705 54.97332456 56.27109273 57.83356058 59.5306203 61.36619374 62.89010726 63.85893078 64.0821354 64.41687903 63.85906035 62.67216775 61.7210875 61.34231868 61.24860924 61.6751356 61.94752907 60.99534923 60.39037256 60.78381781 62.55089323 64.51495606 65.99634316 66.59732073 66.87279325 66.52936986 65.70828423 64.94663623 64.04926997 63.49320109 63.01155006 62.76894711 62.78108157 62.78850807 63.01583973 63.45479811 63.8426799 64.6199629 65.34839939 66.09696863 67.40089086 68.60958402 -9999 -9999 -9999 -9999 -9999 -9999
-9999 -9999 -9999 -9999 -9999 74.01509506 71.51491964 69.63993319 68.58551875 66.93908115 64.60707862 61.85488887 59.42714193 58.53715917 58.05408137 57.75278667 57.85830824 58.22056708 59.69653558 61.86408891 63.93269475 65.2377722 66.91851249 65.81555523 64.58231553 63.84160396 63.55614522 62.30451017 61.37911944 61.04086341 61.01961317 61.61415412 62.66019619 61.67634363 61.36806224 62.20730221 64.33749899 67.18357812 67.16589101 67.10865624 66.65366547 64.89440468 63.83457743 64.38263954 64.11620125 63.69182211 63.17162352 62.99588789 63.46030736 64.27243102 64.42974071 64.62869789 65.02699117 65.81105185 66.87873749 67.40956909 68.42303332 68.99563477 -9999 -9999 -9999 -9999 -9999 -9999
-9999 -9999 -9999 -9999 -9999 76.55680817 72.75430046 69.70623629 67.75663517 65.47502807 64.18700199 64.08749706 63.65488968 62.43756683 61.3337997 61.0556449 61.2307853 62.33106836 63.81190033 66.06157282 67.90953445 68.7063379 69.02840222 67.65605223 66.04123928 64.41018367 63.30170103 62.19551631 61.07860644 60.46267598 60.22079186 60.70198563 61.09072748 61.14552667 61.04413156 61.65186746 62.78305754 63.41499378 63.51514046 62.42221907 62.28274071 62.59016193 62.85150825 63.68294297 63.67941135 63.56050692 63.41437981 63.33996083 63.70141174 64.30955437 65.20721602 66.42395829 66.73806744 67.82553076 68.62501407 69.46231346 70.83444417 69.3075251 -9999 -9999 -9999 -9999 -9999 -9999
-9999 -9999 -9999 74.86149823 78.97025922 79.25773461 74.35130088 70.24842827 67.90843652 65.36382546 64.66030302 65.81823586 66.52955494 65.3346057 64.43989459 64.4247813 65.03166162 66.79313056 67.85033428 70.11138529 71.5745721 71.41129316 71.37322885 69.21337524 67.53751959 65.24447693 63.2935294 61.98125822 61.04286445 60.02239298 59.47960927 59.71655546 59.71520598 60.23452599 60.249596 60.63879162 60.88601576 60.55948552 60.8371288 59.57180478 59.93032541 61.76738794 62.55889207 63.33202426 63.61279387 63.62974314 63.64510068 63.58192263 63.88737892 64.30733141 65.16958895 66.28299431 67.47291547 69.90291289 71.35482101 71.70333517 71.19598257 68.75540601 66.71052295 -9999 -9999 -9999 -9999 -9999
-9999 -9999 70.45358373 78.3978738 79.02642087 80.94160163 76.78313406 72.27122024 69.65476594 68.45019947 67.93115629 68.05057159 68.5425604 68.49782937 68.63646288 69.09850053 69.65173609 70.87169087 71.92023101 73.06254843 72.83335027 72.63096792 72.82748146 71.00163752 68.66288366 66.06297529 63.8179429 62.3597398 61.8752287 60.59708205 59.72070953 59.3996355 59.32368899 59.55252847 59.69199115 60.03452516 60.43883173 60.35026829 60.68420424 60.62180018 61.42560941 62.9078928 63.63416039 64.33093088 64.25396762 64.2766557 64.42805832 64.20447023 64.69186288 65.06715451 65.91310254 67.21734855 68.57680369 71.02495806 73.53983737 71.92990087 71.57531553 69.54669438 67.11481502 65.05570457 -9999 -9999 -9999 -9999
-9999 -9999 74.94345072 75.70546938 77.51504163 77.96724161 78.88067992 75.16521899 73.2539578 72.26172601 71.59520775 71.13705729 70.96996926 71.53141327 72.72975782 73.54262635 73.58495281 74.1349321 73.70995299 73.83967203 73.66513884 73.40100623 73.55229685 72.75748411 70.00570617 67.00119714 64.5097681 62.69587182 61.93571747 61.61041485 60.53586988 59.855606 59.46943721 59.74472646 59.99541748 60.44362058 60.97849601 61.31510706 62.5336527 63.20696017 64.33654103 65.54398733 65.77744853 66.21280625 65.89485872 65.75955782 65.8607718 65.60489274 66.05055668 66.43418209 67.35700294 68.20503607 69.37320094 71.85251016 73.32281208 70.54413063 71.08372047 69.51305126 65.46969272 63.14066779 -9999 -9999 -9999 -9999
72.49535553 70.35574243 69.82487524 72.30428444 75.67683303 75.92760752 75.68790334 76.73624515 77.82715555 76.56335604 75.62348939 74.67399435 74.39115714 74.79220175 75.67325506 76.55643119 76.1676816 75.43318069 75.14885763 75.18948862 74.99909176 74.72478636 74.75465519 74.69265667 71.82533969 68.63387345 65.68039478 63.44770821 62.69298754 62.42316165 62.12267572 61.53135696 61.16757039 61.24381853 61.4236854 61.94599751 63.12532017 64.11801296 65.66249865 67.07527966 68.35790227 69.31784993 69.47258294 69.55178437 68.94309265 68.66857862 68.64894795 68.33365951 68.64058274 68.48616218 68.58299947 69.58462661 70.82803269 73.2974515 71.54063363 69.86634165 70.0167885 68.0028916 65.63449521 61.46998377 -9999 -9999 -9999 -9999
71.94451994 67.82441865 66.63813015 68.82218555 74.01858516 74.91126632 74.21553469 74.71841007 78.39838791 80.68039554 79.75620817 78.61978245 78.21852435 78.45686715 78.9729981 78.77287626 77.96653667 77.3502126 77.01260792 76.93319613 76.634095 76.34163247 76.33680488 76.73190237 74.06640548 70.87714517 67.79688335 65.12361877 63.98464535 63.63406118 63.59170151 64.03725072 63.82412349 64.10202321 64.47741316 65.4028518 66.70335016 68.21445969 70.15214364 71.91031339 73.47448291 74.26418633 74.51180639 74.26098084 73.52047955 73.06952237 72.77436761 72.33262232 71.72466697 70.85414291 71.12272417 72.01357373 73.33792092 73.32433682 71.21848651 69.05043547 69.37719834 67.42380228 65.05093874 62.39092886 59.35891213 -9999 -9999 -9999
68.59854375 63.78619303 61.98703826 66.29050869 73.92276296 76.84442441 75.0488228 73.8639892 77.07728324 80.93372326 82.07981882 82.64230127 82.00213962 81.71125478 81.36313822 80.82410169 79.99364065 79.40081747 79.00160333 78.8153436 78.58629313 78.16974632 78.143325 78.37181118 76.76266274 73.78875224 70.63157559 68.08971594 66.55770068 65.57924625 65.58994986 66.34680278 67.29985294 68.71448428 69.74492722 70.90543993 72.37072426 74.2883162 74.88988787 74.56786799 74.37877162 74.51092589 74.75652993 74.94446308 75.2639255 75.78908364 76.13323833 76.14335832 75.08833027 74.36137471 74.5846804 75.63480221 74.46708753 73.02932625 71.55006757 69.84866989 69.41017112 68.31768634 66.68231237 65.41100807 63.7256494 61.56523596 59.57471832 -9999
