meets/meet004/data/CCSM_6k_neotropic_bio16.asc
NCOLS 154 
NROWS 168 
XLLCORNER -112 
YLLCORNER -55.5 
CELLSIZE 0.5 
NODATA_value -9999 
[rows 58 to 86 of 168, columns 64 to 127 of 154]
771.0094366 707.4786056 626.1480307 536.4566972 455.3768378 459.3604441 528.4996949 596.1254277 636.8243528 669.9991496 696.1720909 736.9677528 774.29182 793.9331395 807.6692921 815.1143951 829.0497885 844.7131079 849.8715708 853.4062425 850.4207229 843.5059112 838.2781236 828.668055 819.2324269 808.0966866 804.3169602 814.5699353 823.8956614 830.7328554 841.2737323 859.5657025 873.2589573 889.2852369 898.6836665 904.6359346 904.6126704 892.2758616 868.494665 867.287935 868.8467146 863.9316269 844.7283933 817.1251799 773.74012 740.7290842 704.2354904 663.1161723 635.1980008 603.2626404 596.8235335 610.8684784 625.5036492 659.9249971 689.6817595 729.0643134 774.5471211 810.049636 846.9473271 868.1682806 886.5135468 905.690122 905.9409824 -9999
755.1111882 645.310858 560.0013892 486.4703715 422.6410244 450.3225133 520.4194988 591.811676 622.759673 650.3120717 676.289996 715.2808417 751.3737007 766.0756894 777.4096297 784.0531888 799.8978414 811.9856796 814.7868901 811.7061933 807.1446724 805.5008733 797.0452113 792.8973646 784.8103361 777.2960968 781.6148005 789.7948836 807.8179898 825.0987626 840.0065423 860.8240743 880.435021 895.7349569 907.7860797 914.6835681 912.3740187 901.1852486 894.7243443 896.2801044 896.9629619 885.7532637 870.0768069 839.2095826 797.9831546 761.5807932 724.4642545 689.5747102 663.5276325 644.349859 638.7160422 655.2662353 678.0405271 711.9083255 761.3690462 801.5115134 853.231919 897.2366627 931.1601045 972.3408529 991.741785 1006.053894 1015.637142 1006.555297
745.7328405 620.9415595 506.0770237 439.9570095 409.4913379 449.1922116 513.3483297 574.8313248 613.3752257 638.0324036 656.8182028 687.1433494 714.518063 730.7553949 741.6722647 747.5601586 758.6228575 769.2546083 771.3810964 769.8669875 765.37368 762.1085107 758.5241354 755.424297 752.9437559 752.1929672 759.2280182 765.7870625 784.446054 806.1285807 825.943957 848.4476536 869.5205512 887.3602048 899.1755906 906.8318323 904.8268815 896.2163878 901.1197801 902.6904909 900.892639 889.4105757 872.0939011 843.9926371 808.5659097 778.1464201 744.2209404 712.205178 694.4721818 679.5662578 681.2771998 703.7281831 729.4017805 776.894208 826.3197878 873.7488297 934.4031283 984.3998393 1033.315743 1072.206374 1097.137587 1119.620372 1125.625973 1128.620254
747.9662146 622.3194044 506.1479818 441.3097082 409.9464244 444.9979618 508.1961347 569.0966765 596.4356725 620.6601048 637.9422869 663.5682286 685.3149804 699.5176924 715.2865925 729.9238113 747.2313143 760.1913401 750.1974661 732.6774071 729.6548029 732.1251798 727.8006279 729.8015873 728.5038384 730.6588708 743.2804307 748.86262 763.9823643 778.7049196 800.0089069 825.752772 845.7074743 865.0742268 875.5894446 882.6834701 882.190848 888.242173 892.2560025 889.749704 886.6186979 877.4270535 863.0980012 841.8187469 813.7280297 783.8656607 756.5892616 731.9211347 718.2071495 709.6449056 713.2411815 743.2589326 768.6913636 819.1329653 877.7893656 931.0126066 1002.678603 1059.713518 1109.046342 1158.382333 1187.090038 1212.713097 1225.755031 1225.233545
745.0177034 621.1075038 514.7010441 452.2695714 428.9684711 450.109133 505.1494283 561.1723708 590.5073926 608.8546759 629.5234076 658.6329108 687.6726691 706.5410315 721.1240985 732.7293729 742.5401579 745.6203547 734.5224582 713.8808471 695.4426043 697.5934809 699.0047212 701.8413932 705.8251271 710.3114751 720.8807851 732.8131999 748.0282167 764.478155 779.4658391 797.2782985 817.8969946 834.8033186 846.8702468 853.2410666 859.8430726 866.9240616 867.0514445 866.9296771 863.8344895 854.1015015 842.4579446 825.7259271 806.3247206 787.3523106 768.2607935 751.4127839 746.9481741 745.6821235 755.9386092 787.1483122 818.4127366 873.5954217 928.9925601 984.2840327 1058.267398 1119.830386 1179.891485 1228.778745 1261.333667 1291.461845 1305.088531 1313.721182
740.4819419 611.0534855 507.2650919 460.0279038 443.3824473 463.9785788 513.2167162 565.3087165 593.1610337 616.7928723 637.0095804 660.2458472 685.5412779 699.3836053 714.9512374 723.8941638 727.6691447 726.6861668 711.7192519 691.0583659 666.6040381 671.6978234 673.657295 680.0259554 686.2236662 692.7917738 705.7244378 718.0736433 733.0387543 749.2606647 764.9225461 782.819375 798.19845 810.6817548 822.0070698 831.189523 838.3111687 841.0711511 843.7869823 842.3367923 850.1500716 848.587743 849.2434373 829.981681 812.0919824 788.7143684 775.3282083 770.321964 772.0058866 780.4391898 793.9065198 826.6823381 863.4482129 910.4216811 967.5272191 1024.403722 1097.121873 1161.571545 1216.960758 1273.530244 1308.743768 1338.723687 1363.769208 1365.842925
691.5240274 582.7360728 499.3469251 460.6672482 459.1036407 480.4637592 515.9918806 555.8367633 586.6435326 612.8417348 632.6756403 649.1466022 666.0460958 681.3552184 695.5724427 703.040686 703.4138545 698.1513592 685.1912393 667.1673564 646.1352074 641.5060597 647.6190813 655.2029054 663.6858272 671.3467466 683.3214782 696.5558849 711.1551343 727.6365102 741.8096461 756.7739588 771.7358062 782.8926118 793.9391057 811.6557793 837.5529214 861.2955157 876.0403223 887.9184021 893.2378359 891.1947509 886.159553 872.0264647 854.7826042 836.1402951 816.2528271 800.5746443 796.6473056 811.5048827 830.2005065 864.9102633 900.6782016 949.9078306 1001.604135 1052.625176 1119.86946 1179.725436 1238.121841 1289.281255 1324.91219 1358.189658 1379.480334 1395.572545
636.0256678 541.0556576 465.6066243 451.1552977 464.5722925 486.2688056 511.778611 543.7294597 571.1867324 599.3184462 617.9902485 630.3959291 640.5359771 655.2250103 669.9886587 676.4399171 676.1758022 669.8219426 657.8999545 643.0831342 626.5409124 615.6382725 620.9787089 629.6775468 638.6227577 647.3020637 662.107757 672.8241487 686.6765523 702.3626308 715.5994811 732.714507 755.6697244 785.4119093 820.8019753 848.8717455 873.3007802 897.407382 905.6168572 915.3359463 918.9771578 916.7039471 913.889951 899.6327616 884.3529968 870.7907641 856.6638325 847.5002251 844.0186891 846.1417753 856.7693282 890.3223588 923.3389626 964.8118417 1017.414562 1060.325159 1126.438137 1177.395681 1225.624887 1276.991135 1310.837966 1347.672567 1369.878623 1387.842447
581.3572884 499.2507127 442.7014897 430.4713722 446.8681629 470.1510486 493.609195 517.5743004 544.5734496 570.5928475 588.5512025 600.8540697 612.357342 625.6516457 637.6367461 643.878592 644.3950671 640.2018732 631.4041164 620.1031915 607.7186362 596.8109577 595.9574043 605.9814491 616.2751718 624.9284998 636.7794855 649.1335652 662.8532475 677.5205598 700.8620651 734.7222899 770.7810759 802.7669999 835.8214981 863.0246793 884.7341363 904.5576423 914.8781504 922.963767 926.5053751 925.0355331 922.6661884 914.4386464 905.5889719 896.9234551 888.9086631 885.3540903 886.8716025 894.8071306 908.655198 929.2003726 956.080725 987.5759673 1024.625783 1063.628303 1106.053082 1153.364959 1200.538447 1244.193623 1277.017633 1310.589456 1334.270788 1356.651069
536.713818 462.8588355 405.4267632 408.9746894 427.2651884 452.1820459 477.8894487 493.0714828 519.0401909 539.4258566 554.731991 569.3519772 582.4770087 594.5574173 604.6151538 610.0165012 612.6433108 612.0457312 605.1727845 597.0085125 588.9229772 582.9667823 579.8451413 579.4795832 590.6838992 599.1872644 610.3264418 626.1736002 648.3827029 677.3079046 706.8722977 739.6544717 776.1374229 804.2831546 836.4294802 861.574519 881.7160439 902.5609946 909.5259147 918.3431105 922.7727652 923.4295952 925.9683686 921.635544 919.7555506 917.7845066 915.2178346 917.0171146 924.3061898 935.8727048 952.3714634 974.4329736 1001.286639 1031.32385 1065.58702 1100.714814 1138.040826 1175.339566 1207.7401 1238.241663 1256.825444 1265.204331 1279.762091 1294.135811
509.3116588 450.7496221 405.1112962 406.6935353 419.0489742 444.5417623 474.670409 497.6566456 504.0727045 505.5448903 517.6069287 540.5653519 559.5545949 568.6889942 572.1090194 576.1984416 582.7648261 585.9282946 581.9451218 575.4156173 570.4590144 569.7608972 571.49229 573.8593716 580.0983796 590.2341781 605.8057607 626.183511 648.1564373 674.4771194 702.4922638 732.5599387 764.2458989 792.4404512 820.7170228 844.2359191 863.4283415 880.7097022 891.462692 900.9358621 907.3557841 911.8403356 917.2120095 920.3521388 925.4987246 930.1064214 935.8546553 945.4387176 955.8127318 971.0052731 989.1447008 1010.932052 1036.970869 1064.503065 1095.991862 1127.798114 1160.42692 1194.182125 1225.243896 1255.224613 1276.53188 1289.959306 1302.346427 1310.668945
508.6634379 462.5791944 413.555718 431.1101616 446.0304467 447.3037998 473.7282224 500.8152622 489.9310852 476.8515573 485.3498155 515.0424635 540.3286363 543.638554 541.856693 544.0433343 553.2907467 561.750756 557.6014124 553.2201731 551.0902071 553.9622798 560.335679 563.5685474 571.5531364 582.8086608 599.2646091 620.4377077 640.2084445 665.2766004 690.669167 717.9494503 747.5352611 771.593912 798.2983892 819.6959617 837.3140237 855.156283 865.6455673 877.888946 887.0537321 894.9035925 905.0128153 913.3442691 925.193529 936.964645 950.2527681 967.118265 981.0297992 999.3051902 1018.392025 1039.926482 1064.449588 1088.117424 1116.241108 1143.139711 1171.191367 1202.501861 1228.486763 1257.510984 1279.354095 1295.778044 1315.30911 1326.389227
548.4444008 503.503528 457.4145289 450.8864823 465.3909441 465.0788661 469.9546273 484.1791626 476.1783082 460.2131101 467.2243693 497.4211203 521.9978554 524.4264723 516.7016671 517.0400399 528.1858011 536.7459096 536.3212055 532.2358928 531.7383581 537.7140548 545.0220045 550.8175166 558.4154675 570.2599463 587.6240939 607.996143 627.9431733 650.2459238 673.9571582 698.9970082 724.9664125 748.4581935 771.0071432 791.2373677 809.3507766 825.7941514 839.5232439 852.3425471 864.2738508 877.064033 890.2711291 903.7466837 919.5909192 936.3487333 956.032495 977.3779572 996.3663362 1017.640461 1037.224389 1056.768136 1079.277023 1098.313655 1120.99483 1144.128709 1167.498889 1193.038919 1216.158782 1240.11745 1261.812552 1281.174734 1300.700257 1317.788138
571.553022 554.5682088 522.729696 499.7964368 488.7060282 486.694429 478.8311649 486.4841839 476.0294609 456.5320784 459.902454 489.1655058 512.1955713 509.6677675 498.1779541 496.5280633 507.7528614 517.3612558 516.6523871 513.385114 513.8818281 520.70057 529.3689186 535.1384661 543.10967 554.785661 571.8419971 592.0307639 609.9894721 631.4979741 653.1802111 676.1323564 700.7983213 721.1539328 743.1273828 762.3264351 780.1215277 797.7199002 812.0929262 827.7775398 842.7473536 859.1459467 875.9024823 892.3872861 911.7576452 932.9519416 957.5734069 982.6004938 1003.471479 1025.974528 1044.606419 1061.809788 1082.126548 1096.146217 1114.547829 1133.424977 1152.913783 1175.502327 1193.640955 1214.081397 1233.988378 1253.832164 1275.624892 1292.137445
-9999 602.3456609 625.4562527 584.266769 530.1606107 510.7723521 502.9169285 507.3124169 492.3153143 472.7154977 471.6890671 491.1670303 507.3828377 502.1259151 489.7122872 487.1863656 495.9533582 503.631694 503.2418415 499.6992512 500.1832646 506.6868227 514.061941 520.4289595 527.6126343 538.9482999 554.9557606 572.5593398 590.9025037 609.9800529 630.5506947 652.9122068 674.8499828 696.2197655 716.0503682 735.280379 754.7672426 772.3598445 789.7573077 806.4436931 824.1922497 844.5611838 864.6211265 884.0273625 903.9877141 927.4571258 955.6471371 982.6794538 1003.123323 1022.574336 1039.323686 1054.205128 1069.492307 1082.204549 1096.184385 1112.852673 1130.912859 1149.614067 1165.874441 1182.073827 1200.79488 1220.885804 1240.498197 1255.241185
-9999 -9999 698.9683909 661.3816802 591.4105013 547.7412202 540.4967048 541.655843 527.6138182 505.488966 496.2668309 503.4310254 507.8187395 499.0413242 487.0801046 483.2100643 488.6102006 493.5879321 492.2989542 489.2486756 489.3220073 493.7025087 499.656021 505.4842717 512.8287896 523.4329688 537.6748418 553.560816 570.657795 589.0809609 608.5098086 629.6456034 650.4606118 671.0254399 691.5095643 710.6208363 730.4384948 748.9384586 767.1786277 786.5163313 806.4187934 829.111235 851.8908337 873.2209233 896.052801 920.4782567 948.0064259 974.0264521 992.2291477 1009.652123 1023.844668 1035.571264 1048.213187 1058.898897 1071.594544 1086.131112 1101.947109 1118.898229 1132.525488 1147.398165 1163.733074 1180.480964 1198.508513 1209.834684
-9999 -9999 -9999 723.6598043 646.0994068 593.6530554 583.1138735 584.8590042 571.1520301 551.9620409 535.8667251 523.7032481 511.8893028 499.3193002 489.3612105 485.5121714 485.9424919 486.8402137 484.8847964 482.3478335 481.654592 483.6885114 486.8478626 492.6914689 499.7893506 509.7635647 522.9148149 536.7935593 553.2322168 570.229333 588.9053769 609.8997092 629.5282903 650.3579422 670.1434868 689.5465804 710.0876709 728.6495464 748.1603154 767.9904552 789.0200314 813.4238615 837.7786651 861.5449516 887.1200044 911.3352853 935.1242809 957.3613768 973.4953729 987.1335594 999.2833015 1010.480333 1020.80071 1031.319185 1041.754054 1055.238425 1070.91119 1085.340109 1098.126766 1110.257638 1124.499606 1139.243412 1152.827446 1162.386512
-9999 -9999 -9999 734.7149673 679.8147178 637.6687572 623.1587306 626.4549169 627.4832621 618.6966639 599.3732784 566.5501279 528.8171186 507.7321003 495.5482599 488.582142 485.4606811 482.4812696 479.6938457 476.9308185 475.0598209 475.0546836 476.8321452 481.529636 488.4956494 497.7922741 509.5542368 522.8108788 537.8712207 554.2271071 572.3930032 592.3329192 612.3328567 632.1218666 651.636186 670.7841728 690.5239345 710.1685124 729.459604 749.5361402 770.8405999 794.6636953 819.8778103 844.4545264 870.6314646 893.6727762 913.959163 933.4291172 947.5122662 960.0555342 970.9735506 980.4380839 990.2652312 999.7262166 1010.293918 1022.305032 1035.077869 1048.080154 1058.093852 1068.726312 1080.626085 1092.055263 1103.543019 1110.004443
-9999 -9999 -9999 701.035681 688.8593763 665.0353926 655.6392381 663.8202247 683.7466819 700.3355954 682.3316776 623.1083989 553.0030214 523.6828399 506.7243788 496.3238554 486.1877796 479.7028908 476.7437674 473.2799512 470.0722701 468.2738872 468.1812144 472.2739014 478.8692102 487.3554238 498.4336311 511.1347199 524.7588896 540.6052302 558.2232171 577.9942551 598.3510476 616.3349946 635.2494774 654.1620613 673.7874854 693.0092802 712.5800205 732.0700879 752.9517419 776.2583758 798.6096308 824.0971545 849.0552353 870.435016 888.8321744 904.2746719 918.6441521 930.6953095 940.9587174 950.2642611 958.3491362 968.8707223 978.770731 989.1839498 999.6184777 1008.632815 1018.336791 1025.787447 1035.261641 1045.476347 1052.536647 1059.390694
-9999 -9999 -9999 -9999 655.8524383 667.7601064 670.1316906 689.9339196 737.8391532 782.6209895 772.8179818 701.4926868 618.2683613 567.8517857 530.5330763 507.4283611 495.8330343 485.2635564 477.4389179 470.8323112 464.9084086 461.2264192 460.5244204 463.0651995 468.5081282 476.0017664 485.6561406 497.3267401 510.3729658 525.5331026 542.7980987 561.6045223 581.1726957 599.3510154 617.7785385 637.4060525 657.847498 678.1317325 698.1625274 717.7211915 737.4976071 758.6443769 780.1976489 802.2932929 824.4291949 843.4365075 859.660349 874.4169995 886.7131827 898.4777151 908.5575045 917.2452544 926.6720687 935.619816 945.2335845 954.3373473 962.0279593 969.8961266 977.0161784 983.8302411 991.7013641 998.7359694 1004.309877 1007.195205
-9999 -9999 -9999 -9999 603.39063 653.2195819 674.8151621 692.5559481 777.7779577 867.6310837 867.4264449 777.4108517 687.7088982 627.3650321 575.173183 538.7308617 512.0019261 502.9123053 481.121936 468.8383717 460.0442898 454.1412054 452.3424742 454.322124 458.0335253 464.1227517 473.0519447 482.3147802 495.6191649 510.0557096 526.8144983 545.6814015 563.4018798 582.9125788 601.3084873 622.1408235 645.6906591 665.4243546 687.6419243 706.7830503 724.9224305 744.4299336 763.3447546 781.6313998 799.4920345 816.1183842 831.5330027 844.8880813 855.9030768 865.8631408 875.6594728 885.6890832 895.2436137 904.241784 912.1371995 919.703719 926.8288713 932.3219979 939.1305743 944.9726385 951.229532 956.8318348 959.638287 959.3977883
-9999 -9999 -9999 -9999 -9999 615.1610333 688.7838874 752.6489578 824.9292524 886.3894146 892.2002701 847.2973796 796.9153511 756.0145657 694.932 656.1397738 621.353707 562.7841576 524.0443063 488.8298486 458.0233 450.6469525 446.6023473 446.9358839 449.668716 454.3632 461.5280264 470.4126666 482.2258733 496.235718 512.9898632 531.7366769 550.9095256 570.4221993 590.3172939 613.3109394 638.9437081 662.1655332 681.4622632 698.1961456 713.6200699 729.0144358 744.9329689 759.9624205 774.7570243 788.7833233 801.4970691 813.084242 822.4059188 831.5777369 841.0642939 850.9855092 861.4087649 869.9793704 878.4075326 885.0993863 889.8101818 895.2003589 900.2448601 906.0986003 912.3452315 916.7057763 918.1400789 913.8379344
-9999 -9999 -9999 -9999 -9999 568.8577919 699.7440089 815.4568366 870.3883202 894.4659933 901.086519 905.6134665 926.7503063 926.1085643 885.8819559 855.3143874 822.7597855 674.4438526 622.2966875 553.8271858 495.0339872 459.2442576 448.1321443 448.4943318 443.1975692 446.1822349 452.1874505 459.0444104 470.4031582 483.8272772 500.2703553 520.1195248 540.9573621 561.1344754 582.3486722 606.9656529 635.5162486 663.0911601 676.7276608 689.9814851 702.2293738 714.1845099 726.374918 739.5863328 751.7483654 763.4104401 774.6671075 782.9073354 792.0169367 798.9909448 807.8091401 818.6146881 827.9225272 837.086936 845.2107171 850.8769763 854.4116065 858.5193324 863.9920363 869.032056 875.1645145 880.7616375 881.274649 873.7115232
-9999 -9999 -9999 -9999 -9999 -9999 674.8785125 846.6830326 904.1030475 917.4060661 935.8258574 978.5009529 1044.926243 1132.109196 1221.120819 1236.916122 1146.131309 1027.019079 904.8651179 746.5819558 635.28895 573.1976265 500.6651422 467.423787 453.5876023 442.3934674 445.2861771 451.5099476 460.6985348 472.5335851 488.5341468 508.936597 530.6566054 552.537504 575.8247809 601.3508761 628.4240049 652.1628799 667.0528425 677.7854845 687.9754815 698.0300261 708.9674919 720.4978224 731.690644 742.195436 750.7510022 758.3611564 766.0797663 772.7797596 780.3323412 788.6963622 796.2111014 803.3868031 809.7081116 814.608298 818.2386041 822.089759 827.4268079 833.8925395 840.321169 845.4946553 845.0464303 834.6296651
-9999 -9999 -9999 -9999 -9999 -9999 596.7015531 882.9441323 888.0638928 915.6626704 952.0181473 1026.546181 1128.195916 1287.840955 1516.077236 1581.815141 1466.888377 1399.383926 1258.905474 1048.823345 896.5742102 788.28365 604.7264004 539.6566349 482.5178513 449.5766897 441.611196 445.2199554 453.8203589 463.2272846 477.9966135 499.4751739 521.2469735 544.3428159 568.7655029 593.8604449 619.6156296 642.4104053 654.9919276 664.4461887 672.9849989 683.1840391 692.3142395 703.6031329 714.9554179 724.6527355 732.6093522 737.8271 746.6216228 752.6612985 758.5903549 764.5009333 767.9787431 774.2585877 777.9680885 781.972933 786.2206633 787.7164513 794.9891022 801.2050411 807.031813 811.4857793 812.9461651 797.3137047
-9999 -9999 -9999 -9999 -9999 -9999 -9999 611.2972792 758.7581784 874.2994686 955.7330126 1032.487032 1137.762237 1292.566648 1473.811864 1567.66145 1600.547855 1627.095639 1584.941302 1536.881385 1385.435313 1097.747673 848.9709603 670.3338794 538.8621149 471.8485542 452.1412208 449.6486261 453.0516751 460.3011945 473.6772291 493.4340529 514.8711041 537.6968649 560.9551411 584.8690195 608.5417386 628.5090371 642.3266139 652.1951878 660.9813491 669.8348875 679.2663793 690.1293248 701.0696884 710.9910456 719.5867387 727.3296309 734.407657 740.4878145 744.9829385 747.4524671 749.5182053 752.2916272 754.618109 758.2551455 762.4538798 765.7656119 769.0360534 771.5755934 774.8692988 777.8159242 773.3358681 757.3462049
-9999 -9999 -9999 -9999 -9999 -9999 -9999 369.7609263 581.1119056 785.4238057 913.4133221 995.7233295 1079.694626 1219.139553 1331.208752 1431.796664 1561.243319 1700.712744 1710.553388 1819.583008 1699.270737 1322.5247 1032.666025 811.960506 616.7800967 514.572889 478.9602992 459.4022714 458.8678466 462.1333694 473.0873402 491.8940674 510.9894157 532.4545116 553.8769852 575.2398298 596.8268828 616.0526207 628.5276706 639.5423535 648.2068957 656.4163017 665.961735 676.3067068 687.6851631 697.9989559 707.3877492 717.1573963 723.5793883 730.3244326 733.6652396 733.4790024 733.7896031 734.732167 736.3318447 739.5175452 743.6136045 747.6640128 748.5081549 747.079064 747.0968969 746.247037 739.1707198 718.409637
-9999 -9999 -9999 -9999 -9999 -9999 -9999 241.9650319 416.2602556 611.9872283 769.1748873 904.3692777 1023.722407 1098.978799 1159.194275 1230.850509 1323.375422 1401.772981 1497.474542 1569.245618 1513.787811 1335.401981 1139.324642 930.0901828 729.0252708 602.7802218 534.9289523 488.9520035 471.0522574 471.0879942 479.2829235 494.997133 512.4906172 529.75009 547.3196061 565.4277133 584.2318034 601.2530894 613.1684982 623.2755993 632.0307762 640.8719768 651.1494789 660.8083009 672.3063631 683.5985763 693.4617971 703.7036712 712.6170701 717.9199151 721.506457 722.5612624 721.1681707 722.3955695 723.5434416 726.7328298 730.9562694 733.1890007 735.2100039 733.0998027 728.8756831 721.1607571 706.0172796 683.7113006
-9999 -9999 -9999 -9999 -9999 -9999 -9999 -9999 257.8062386 424.6850599 583.0195621 742.3061704 904.1695766 954.430676 999.6526209 1052.728094 1101.639212 1119.462094 1224.905846 1265.240646 1273.685821 1259.407682 1179.602427 1043.888927 873.9633509 741.3418906 643.3992102 547.4428596 510.4179515 491.7997481 488.5679171 500.3135774 513.7333724 526.4399919 539.5377663 553.5106551 568.5320718 583.9167928 593.4982946 602.8622444 611.2703729 619.9937194 630.9043024 639.9606549 652.5521493 665.5032287 678.0692575 690.8012363 703.4744596 710.8427033 715.7219326 717.7643026 714.5551744 716.518745 716.9894609 720.1641588 725.0745611 726.3817242 728.618811 724.9862774 716.143625 701.1233725 680.7545956 654.9998724
