meets/meet004/data/CCSM_0k_neotropic_bio13.asc
NCOLS 154 
NROWS 168 
XLLCORNER -112 
YLLCORNER -55.5 
CELLSIZE 0.5 
NODATA_value -9999 
[rows 87 to 115 of 168, columns 64 to 127 of 154]
-9999 -9999 -9999 -9999 -9999 -9999 -9999 -9999 -9999 103.9610201 148.0445007 207.1145551 258.6354891 310.266672 348.7687254 368.4517151 356.8953707 348.6696085 379.3071109 397.4577981 410.4243247 423.9725758 436.0256624 419.4051236 391.952085 354.9735798 303.4855985 249.8139204 216.9373325 191.708229 180.4894824 177.6822286 181.7085379 184.4096051 188.4143107 193.1803292 198.4696415 203.4392144 207.7948097 210.9744759 213.3947221 215.5150199 216.9375242 218.7060078 220.1054809 224.9869181 230.3099641 234.2316674 239.8219606 244.0433536 246.3662706 246.6482588 245.8732007 246.6349496 246.9090485 248.7165228 251.9401145 253.1824891 252.2857546 249.1520078 243.3060469 235.3369075 225.6591252 215.1084799
-9999 -9999 -9999 -9999 -9999 -9999 -9999 -9999 -9999 -9999 -9999 130.1842459 171.9604263 232.2515023 300.6913393 338.5509318 343.115495 334.8319146 331.9081119 336.2227887 359.4342925 385.5556692 429.4768003 448.5623162 459.4067821 426.8523669 365.6227327 314.9181124 276.0490897 232.2919145 203.6783836 188.1388395 180.3876306 181.5071858 183.492227 185.781395 188.8402408 194.2871526 198.7723383 202.9500879 205.9879002 208.3106656 209.8140718 211.8038739 214.2301403 219.5872367 225.9769338 230.5828353 237.1729643 242.9691964 247.1524351 248.8315051 248.7641859 249.5424967 249.1159009 250.2059088 252.7935085 252.9150714 250.1725569 245.2159725 238.0237434 229.3258399 220.6702541 211.144976
-9999 -9999 -9999 -9999 -9999 -9999 -9999 -9999 -9999 -9999 -9999 -9999 -9999 156.3485993 213.7836818 270.6041821 321.3932958 362.0896357 343.6379192 320.8391943 328.7982325 355.1841554 386.9667396 437.767155 491.9932751 492.6927843 437.407668 387.9030013 335.9601063 275.8318068 239.5034661 211.6189099 187.8950585 179.0828568 177.7175869 179.6601099 182.8420103 186.7833729 191.4495573 196.7263199 200.3521046 203.3331998 205.6732987 209.2439588 215.1174057 220.6235281 225.3584937 230.602565 236.2133064 242.6430229 248.9949286 252.5633882 254.7544959 257.1820334 257.9754727 257.7775354 257.0976809 254.5197982 249.13657 241.9663379 235.7349326 228.0517252 220.3850424 211.4890961
-9999 -9999 -9999 -9999 -9999 -9999 -9999 -9999 -9999 -9999 -9999 -9999 -9999 -9999 -9999 190.9595379 259.3067629 320.8609098 324.354295 316.3596364 314.2691346 321.5941725 345.252328 396.1559197 468.8802667 494.8244278 478.1252737 451.2165887 388.3068319 327.3206909 281.7991054 241.099852 201.0052484 183.1973339 171.4933854 172.9720815 177.4375002 183.3909457 188.7648802 194.0412397 198.1517549 201.3698884 205.2443752 209.6158633 215.2244929 220.4605723 224.9200332 229.7217752 234.5400453 242.0598873 250.0119614 257.5626795 263.2820748 266.4600515 266.6330374 264.9166228 261.2702233 256.5288162 249.0653605 242.8243045 237.4150861 229.9569185 221.7096313 212.3583482
-9999 -9999 -9999 -9999 -9999 -9999 -9999 -9999 -9999 -9999 -9999 -9999 -9999 -9999 -9999 -9999 -9999 216.4764047 266.0908976 306.3351557 314.3385363 294.2085654 296.1035402 339.04789 388.7079885 431.7784053 464.9886267 484.7604267 440.0624347 394.6986154 330.9773752 267.3790254 216.6832062 190.4561985 167.5941142 165.7781567 171.6702516 179.0916942 185.9170004 192.4164518 197.4387359 200.6084465 204.5739888 208.815784 213.5211144 218.5479168 223.2962336 227.9418997 233.854346 239.9831752 249.9384716 263.5411561 274.8264085 275.2479393 274.1377802 269.9717259 263.2085619 256.9724018 251.0207715 245.0598754 239.5599065 231.4411612 223.7329947 215.0627928
-9999 -9999 -9999 -9999 -9999 -9999 -9999 -9999 -9999 -9999 -9999 -9999 -9999 -9999 -9999 -9999 -9999 135.6059046 193.7889277 248.2722427 273.2832486 270.9354882 267.7103385 288.7763284 320.7894174 358.8086405 403.947385 438.6817212 433.9516792 412.5570419 359.1396838 288.5943251 232.3791357 199.9118909 170.3768861 163.818102 166.2710068 174.2485321 181.4609459 188.3060903 193.9011637 197.9305089 202.1653655 206.4845605 211.1884968 216.4811842 221.6799807 228.333559 235.0212232 242.5562483 253.1399213 266.7276135 277.0862455 277.4100491 274.0369225 268.4611811 260.5907893 256.0886128 251.5511493 245.8480059 240.6596878 233.452325 226.1361883 218.3716193
-9999 -9999 -9999 -9999 -9999 -9999 -9999 -9999 -9999 -9999 -9999 -9999 -9999 -9999 -9999 -9999 -9999 -9999 -9999 172.1207952 212.4812515 240.7103465 259.4700836 260.2539841 262.9042243 289.6435568 334.5346561 359.1477478 387.0564324 392.1010053 356.7183241 294.0560614 246.1448554 207.8417663 173.1320788 164.3016892 162.6347554 169.1271328 175.9855312 182.6930908 188.622415 193.5083807 198.7045795 203.581863 208.8886926 214.766419 222.402128 230.4793247 238.4174932 247.0768675 256.8626396 266.9824832 275.0489751 272.8940036 267.8274909 262.0495666 258.069149 254.388881 250.5582734 246.005327 241.2641569 234.7811109 229.8014789 222.6045176
-9999 -9999 -9999 -9999 -9999 -9999 -9999 -9999 -9999 -9999 -9999 -9999 -9999 -9999 -9999 -9999 -9999 -9999 -9999 113.7077276 159.4692933 206.9502575 237.226493 243.7869774 236.7816103 251.6789676 282.4187937 323.3596003 353.3700741 371.3026037 354.1332378 307.3682824 259.7712475 214.5955693 181.1980708 167.4774232 162.8507656 164.0029403 170.0223782 175.9117035 182.1672572 188.281826 194.1178649 199.8006976 206.6445804 214.5609599 223.3538722 232.482679 241.4706558 250.1469998 257.7920363 263.4450444 266.0792842 263.7926624 260.4457264 258.2492136 255.3548228 252.4670663 249.2169292 245.9819865 242.4568019 237.6279621 232.6067291 227.2467748
-9999 -9999 -9999 -9999 -9999 -9999 -9999 -9999 -9999 -9999 -9999 -9999 -9999 -9999 -9999 -9999 -9999 -9999 -9999 -9999 115.1146661 176.1686424 222.2987173 231.1481152 226.4769046 233.2861942 257.2163352 295.3068086 336.1501191 364.9488779 352.9883322 314.1970419 267.3592516 224.7088345 185.9340395 169.6521454 162.3059563 160.7181039 165.3237484 171.13364 177.3006764 185.7290719 192.6175079 199.2482267 206.2199107 214.0931438 223.8346392 233.8178367 243.6397565 252.3363009 257.2927072 258.0729583 255.9712406 255.8930307 255.0438421 253.6249072 252.2251939 250.6418143 248.4518527 246.4795191 243.4592871 239.6551095 235.6984674 232.0429445
-9999 -9999 -9999 -9999 -9999 -9999 -9999 -9999 -9999 -9999 -9999 -9999 -9999 -9999 -9999 -9999 -9999 -9999 -9999 -9999 94.84702365 158.1868984 206.8734185 224.149235 221.7322062 232.2202715 252.1835127 288.0575261 328.3191632 359.4375158 356.7506203 323.845326 281.3353219 233.4415938 193.8156776 173.6451981 164.2149356 160.5193357 164.8531469 170.1585146 176.6686174 184.6710586 192.2851302 199.106106 205.8489797 213.8190293 224.2526004 234.7528629 244.1874844 251.1598759 254.7728786 253.8561188 251.1275911 251.3484416 251.1652644 250.7794614 250.1528728 249.8334716 248.6552367 247.3371564 245.8018484 243.6106177 240.7874494 237.3518471
-9999 -9999 -9999 -9999 -9999 -9999 -9999 -9999 -9999 -9999 -9999 -9999 -9999 -9999 -9999 -9999 -9999 -9999 -9999 -9999 83.48846874 151.3202895 205.841934 224.9065328 223.4958466 237.0446536 258.3947066 292.9521978 335.6877805 374.2862053 372.4978308 329.9469801 293.1381544 246.411447 195.1945398 173.7114527 164.2382093 159.6390959 163.5979587 169.377611 176.0161615 184.8358419 192.4204833 198.0695704 204.8554928 213.2789247 224.2925282 235.6797481 243.5466149 249.8220606 252.1644034 250.5455595 247.4566538 248.067047 248.942822 248.960372 248.7936489 249.7871336 249.5196782 249.0004798 248.1400606 247.020037 246.4381938 242.7032284
-9999 -9999 -9999 -9999 -9999 -9999 -9999 -9999 -9999 -9999 -9999 -9999 -9999 -9999 -9999 -9999 -9999 -9999 -9999 -9999 85.69004027 157.5848425 216.2447215 235.0722573 234.0957499 249.0354475 271.0120513 304.6121011 353.4416919 391.1053674 381.1355805 344.2608546 305.5989634 253.5633352 203.6225651 174.8606269 163.885017 159.1401882 163.0769404 168.2582376 174.8717901 183.1499917 190.8320654 197.6100066 203.888858 212.6067504 223.2156364 233.5259545 240.7979597 245.534166 248.407638 248.6705771 248.0795652 247.7405812 247.1950605 247.0241085 247.8067366 248.5063379 249.2795671 249.7548653 249.9007547 249.229313 247.9562437 245.5775694
-9999 -9999 -9999 -9999 -9999 -9999 -9999 -9999 -9999 -9999 -9999 -9999 -9999 -9999 -9999 -9999 -9999 -9999 -9999 -9999 86.75912095 167.2756329 240.1917587 248.6471874 244.9130533 258.9429406 282.0347865 317.4360482 367.9348999 408.7910088 396.0746918 356.285585 313.3936939 259.286721 205.1229689 175.1489612 160.4937422 157.6665818 161.1226436 166.6058862 173.0799164 181.8075517 189.5883796 195.4045154 202.0390298 210.1837826 220.6142548 231.5551745 237.1769388 241.2031401 244.551152 247.0360281 248.7540375 248.8773474 248.5423879 248.0158647 247.6299902 247.4272008 248.5069892 250.1578393 250.9706138 250.0806442 249.0891479 247.2496399
-9999 -9999 -9999 -9999 -9999 -9999 -9999 -9999 -9999 -9999 -9999 -9999 -9999 -9999 -9999 -9999 -9999 -9999 -9999 -9999 90.24177049 170.5498213 237.2320713 253.8354005 249.8387354 263.6007027 288.7031137 327.5567756 378.2384706 414.8614011 397.2576159 356.7065854 314.1632061 259.694627 207.6749422 178.4193241 162.6413778 156.4737348 160.1324774 165.0486557 171.2775545 179.4114197 186.7482004 193.2450932 199.3379793 205.4281423 215.602785 225.2854775 231.9608483 237.0900952 241.7183151 245.2906385 248.2044408 249.6402792 250.2684985 250.455457 249.8994366 250.2427183 252.0387857 253.8927331 254.0271682 252.5089448 249.4837774 248.1062876
-9999 -9999 -9999 -9999 -9999 -9999 -9999 -9999 -9999 -9999 -9999 -9999 -9999 -9999 -9999 -9999 -9999 -9999 -9999 -9999 86.26870623 167.4216047 240.3426262 252.6094288 249.5083619 261.6622345 292.7640739 332.4673953 382.7250282 417.9781111 396.9826842 352.3497257 309.338632 257.6991563 204.0234922 177.2115424 163.3070526 156.3570313 157.9608554 162.8996589 168.9369921 177.0713074 184.3645701 190.0904543 196.240146 201.183829 209.2983981 219.1436521 226.2494694 232.3177341 237.8856396 242.7270707 247.1199638 249.2979265 251.1964035 252.2066738 252.1152412 252.8309546 255.5378577 257.8427492 258.2620721 256.9734508 254.615004 250.4158515
-9999 -9999 -9999 -9999 -9999 -9999 -9999 -9999 -9999 -9999 -9999 -9999 -9999 -9999 -9999 -9999 -9999 -9999 -9999 31.3949285 80.59004344 154.0871091 217.0085412 239.0766887 244.1870705 261.4723535 297.7584303 341.319971 386.8625152 410.9832679 384.3194369 341.826961 299.3046781 248.7583405 202.8815129 178.2989095 165.7121363 159.1929069 159.7683937 161.580294 167.4239184 174.9621129 182.3218414 188.3899705 193.8479948 198.4393558 204.6746963 211.5975344 219.9680063 226.8923178 233.5211486 239.265465 243.7552122 247.6447124 250.4060223 252.6326389 254.3303745 256.3614166 258.8429538 261.7275085 261.996035 259.798411 257.3513676 253.989821
-9999 -9999 -9999 -9999 -9999 -9999 -9999 -9999 -9999 -9999 -9999 -9999 -9999 -9999 -9999 -9999 -9999 -9999 -9999 27.88071398 71.45008986 138.5082602 198.7584148 223.3063062 235.739494 260.1663148 304.707927 351.8220755 391.8365868 405.7090123 384.3803664 330.2316158 286.3036763 242.2089278 197.4357446 176.6494161 166.0155224 161.6148942 162.5467402 164.3305753 167.553198 173.1067506 180.4087848 185.5923944 191.5371823 196.0401946 202.0342738 207.5237678 215.5115347 222.8150915 229.9509444 236.5069179 241.5362126 246.5723413 250.2303867 253.3477554 255.9945815 258.4027264 260.3565296 263.0455954 262.9814344 260.543542 258.3069207 254.9950494
-9999 -9999 -9999 -9999 -9999 -9999 -9999 -9999 -9999 -9999 -9999 -9999 -9999 -9999 -9999 -9999 -9999 -9999 -9999 26.52639174 63.79498234 121.846796 174.7365459 202.8950217 223.320815 260.4224399 317.2394554 372.3429187 405.6602513 409.3015061 385.4065222 325.7091434 278.2553102 233.0533841 195.9359027 175.8527895 168.4325492 163.9593051 164.9266966 167.0151107 170.3776857 174.8504084 179.3620579 184.833788 190.3223145 194.9714706 200.5185085 205.6495244 212.8700168 220.280986 227.9301985 235.0144202 241.5456181 246.7503631 251.31977 254.5362757 256.3431009 258.3768617 259.1576697 259.5773592 259.6893364 258.9822153 256.8443583 250.9068237
-9999 -9999 -9999 -9999 -9999 -9999 -9999 -9999 -9999 -9999 -9999 -9999 -9999 -9999 -9999 -9999 -9999 -9999 -9999 25.14401433 58.0524421 108.0440181 155.6282889 184.93147 211.6099847 259.0853259 334.0675037 401.00193 428.0926171 424.5745785 388.2176464 323.3029514 268.8354198 228.45356 191.6573182 176.866288 169.1597831 166.2868434 167.3371844 169.2005779 172.5884661 177.6878082 182.2059863 185.3982325 188.6208618 193.2482257 198.4533781 204.2729581 210.5983094 217.2730961 225.1298806 233.0901915 241.1189036 246.7127461 251.15816 253.7340337 254.2412896 255.5274498 255.7542018 256.3724475 257.0956646 257.3677983 253.1068325 241.5287453
-9999 -9999 -9999 -9999 -9999 -9999 -9999 -9999 -9999 -9999 -9999 -9999 -9999 -9999 -9999 -9999 -9999 -9999 -9999 26.67088828 54.29875841 97.12455405 139.2348871 167.091441 197.9626477 261.7074388 358.3613554 440.4926358 462.249684 436.5851062 397.268336 326.0878846 263.1336522 224.6177873 190.8266725 176.7699227 170.3269556 167.9490455 168.9776369 170.9910844 174.3452903 179.3226712 183.6525757 187.21604 190.6199687 192.595989 195.9366853 201.8175088 207.3892956 213.2479138 220.8036169 229.9202596 238.7665527 244.2414195 248.9499951 250.5762231 248.7228463 248.3887208 250.628648 253.9229696 255.5657824 255.8624145 249.1156676 228.1033401
-9999 -9999 -9999 -9999 -9999 -9999 -9999 -9999 -9999 -9999 -9999 -9999 -9999 -9999 -9999 -9999 -9999 -9999 -9999 28.57963369 52.86408269 88.13454158 124.3989797 151.1021658 190.7364083 266.9509373 382.7932476 478.0101866 493.9843746 452.2977109 397.5299664 322.0857134 253.8655714 217.1698183 187.1964954 177.4520024 172.0494686 169.3661599 170.7157864 172.4189209 175.769435 180.4687486 184.7590247 188.6745733 191.7328033 193.8770683 195.5845538 199.3849578 204.309831 209.2886747 216.2349712 224.7304094 232.773481 237.8071735 241.4892976 242.6220861 240.8316407 240.9814562 244.8481933 249.7122009 251.8173752 250.9922193 240.2422178 213.3373536
-9999 -9999 -9999 -9999 -9999 -9999 -9999 -9999 -9999 -9999 -9999 -9999 -9999 -9999 -9999 -9999 -9999 -9999 -9999 31.33457409 51.4877371 80.12691111 111.2237564 140.4624396 183.1426829 273.5030546 407.294592 518.8443581 517.7363208 463.770795 391.8146988 313.9202314 241.1615894 211.8473325 184.4269802 175.5473158 171.8340376 169.9193174 171.43269 173.4095899 176.6637963 181.2073366 184.926817 188.6564264 192.0613276 194.2042558 196.0596033 197.2822746 201.5822618 205.9492714 211.8655639 218.4652059 224.3228063 228.9223138 230.7893391 231.6788209 231.804137 232.6130943 238.3929184 244.7883913 246.5229573 243.4921765 229.6406876 -9999
-9999 -9999 -9999 -9999 -9999 -9999 -9999 -9999 -9999 -9999 -9999 -9999 -9999 -9999 -9999 -9999 -9999 -9999 -9999 33.2895375 51.39420411 75.05990288 103.038442 133.5054818 185.1193491 283.1583964 416.3007634 520.4326756 514.216991 445.5175547 367.6084356 293.7298304 227.5920589 199.2464467 178.192137 172.7977515 169.874632 168.7575014 170.5174359 172.8270255 175.9984047 180.0514866 183.8866991 187.6315897 190.8286193 193.1431598 195.1242946 196.5047072 198.2877195 202.3881757 207.6981371 213.2443087 217.8198754 221.2172741 222.6179671 223.7564605 224.6292348 226.5159399 232.3717346 237.8658692 238.5789005 234.0394444 218.5400719 -9999
-9999 -9999 -9999 -9999 -9999 -9999 -9999 -9999 -9999 -9999 -9999 -9999 -9999 -9999 -9999 -9999 -9999 -9999 24.59180578 35.00501457 50.61242558 70.98552328 98.14161833 134.3442548 187.8207617 287.1280325 422.0936598 521.322666 487.7709552 406.5578902 331.7482675 266.6241201 204.7497148 186.9752035 170.7234132 166.5630658 165.905364 165.6207463 167.9336542 170.4595628 173.7624421 178.3317086 181.5631015 185.3211063 188.4866884 190.9239017 193.6472766 194.9398453 196.3537257 198.9808239 203.5670896 208.5524362 212.8674162 215.246073 216.7150243 218.0256132 218.9905202 221.2653381 226.1671279 230.6524995 230.2443131 225.0033513 210.0589665 -9999
-9999 -9999 -9999 -9999 -9999 -9999 -9999 -9999 -9999 -9999 -9999 -9999 -9999 -9999 -9999 -9999 -9999 -9999 24.83353318 35.82612589 52.03571616 71.14811432 99.09990332 140.0771026 202.0860527 294.8289411 407.773782 475.1651277 442.0679252 357.6666362 287.077674 234.2538143 188.1574916 169.5150081 160.727449 159.2607555 159.1582479 160.2220902 162.9204459 166.1463293 169.551114 173.6375253 177.5234029 181.3211856 184.7696296 187.433893 190.1013342 192.0160722 193.7058107 195.1153519 199.3889169 203.777633 207.6189448 209.8716346 211.4539158 212.8376943 214.0276577 216.1709322 219.5874744 222.6061025 221.1886211 215.4492092 200.4821127 -9999
-9999 -9999 -9999 -9999 -9999 -9999 -9999 -9999 -9999 -9999 -9999 -9999 -9999 -9999 -9999 -9999 -9999 -9999 25.17290693 38.45938241 55.52963671 75.11486232 99.28907587 153.2612142 217.2095276 295.1182604 381.9957211 439.7297688 383.0946346 296.2946401 240.0103257 201.8496547 164.1817187 156.1481809 150.4877336 149.8377304 151.5055241 153.2316991 156.6138501 160.2428387 163.8061468 168.2189246 172.1437857 176.1282797 179.9772909 182.8431001 185.9333651 188.2749688 189.9042758 191.7958308 194.5541405 198.4510443 202.0950983 204.2444729 205.7684711 207.094127 208.2901155 210.2215163 211.7906847 213.5899491 210.8033618 204.7298859 194.9732945 -9999
-9999 -9999 -9999 -9999 -9999 -9999 -9999 -9999 -9999 -9999 -9999 -9999 -9999 -9999 -9999 -9999 -9999 -9999 26.61205296 42.88197204 64.4415818 89.11598791 123.4926271 171.0668664 228.0799666 286.5595775 337.3748181 353.906958 312.5540903 243.8164558 200.5513451 173.2001308 151.4801188 139.8043274 139.231532 140.2694129 142.4939064 145.2266272 148.7817753 152.7517198 156.3569059 160.7871793 164.9103884 169.0472438 173.039447 176.1393271 179.3020467 181.9392925 184.2173038 186.0791652 189.0600198 192.6896522 196.0218516 198.1719578 199.6817178 200.7237524 201.2994344 202.0051901 201.9821684 201.4353732 196.3268433 187.8206362 177.8683623 -9999
-9999 -9999 -9999 -9999 -9999 -9999 -9999 -9999 -9999 -9999 -9999 -9999 -9999 -9999 -9999 -9999 -9999 25.04078707 29.137893 49.2152314 74.67098073 106.2280523 143.7511954 187.5235279 234.4968815 270.0207281 285.9450823 281.915757 246.4203821 194.226853 169.511512 146.9146456 136.2606857 132.089763 128.6142823 130.3953924 133.7368948 136.6362373 140.4326528 144.5019494 148.0706324 153.0039344 156.8386783 160.8233758 165.0388454 168.3143875 172.0720941 175.2939396 177.7981137 180.113495 183.2090505 186.6980814 190.1064141 191.6636428 193.0881387 193.9287093 193.5721341 192.5138541 189.6999772 186.4803147 178.5707244 166.9031434 -9999 -9999
-9999 -9999 -9999 -9999 -9999 -9999 -9999 -9999 -9999 -9999 -9999 -9999 -9999 -9999 -9999 -9999 -9999 29.17461572 31.81819507 53.55034527 84.63305064 122.0993218 160.9026687 193.6040792 218.2837985 234.3656466 235.2080052 221.3135419 196.0556682 163.8622296 147.2571879 136.3809694 129.8183375 126.9958907 127.2605287 128.023919 129.4538152 131.2740934 134.0278296 138.4721967 143.2117201 147.6145733 151.7594155 155.6830912 159.3778271 163.1976791 166.6458149 169.803485 172.5218585 175.0711759 177.7973856 180.4061028 182.7306736 184.2030007 185.2897464 184.9610266 183.7406846 180.7642713 173.5813462 164.4309791 153.7294228 -9999 -9999 -9999
