meets/meet004/data/CCSM_0k_neotropic_bio19.asc
NCOLS 154 
NROWS 168 
XLLCORNER -112 
YLLCORNER -55.5 
CELLSIZE 0.5 
NODATA_value -9999 
[rows 58 to 86 of 168, columns 64 to 127 of 154]
274.7007319 207.0376228 159.6356751 158.3314931 183.1393965 237.5235116 292.7493532 335.8281193 350.0431582 362.7365889 364.5482343 374.9720494 390.343151 399.326601 409.3875728 405.9312422 399.8689049 402.4349707 400.5963643 406.3526821 404.2658585 395.9381383 397.5607031 399.3431736 409.3031428 414.3634224 417.6326091 432.4647653 441.0929819 457.7833743 464.8949526 468.2892508 475.2474121 472.4355124 367.7186924 382.7465388 402.8196064 416.7075519 438.0164787 450.9728142 462.4073338 471.1474108 464.7527858 393.7685069 386.0424734 378.2247711 367.1213415 362.1128778 364.3569462 370.452777 378.8758181 395.9926096 412.4370719 433.8761803 454.2390228 468.4762049 479.6604122 485.641452 486.0872608 478.4228292 469.0076445 451.9247353 430.5168666 -9999
205.6264754 166.944757 134.3729567 140.6140457 173.2072729 227.0744724 272.6376673 311.138952 315.4602957 321.2520056 324.6792257 335.3296766 351.5716283 356.9781488 358.183287 355.1095542 357.2642383 356.6223227 359.3960803 357.4622266 354.7644877 359.2477282 358.1728072 363.5303712 367.4873018 371.8603369 383.5480235 391.6268232 401.3288883 405.4898179 414.2934694 418.8440913 418.0101731 453.5212639 472.330802 491.641658 513.2188191 533.6731495 553.119955 569.9495686 581.3403626 583.1902674 362.1045264 357.8130754 348.1661653 339.6506306 340.6665647 336.4286359 343.7806539 348.7359774 357.0981039 378.6131244 391.9642388 413.0848128 429.0107369 442.8741123 459.4946887 461.2044172 465.5943942 456.2661568 446.5184585 435.9562987 415.8794953 400.065869
157.2589365 128.9132686 113.1021991 127.5235058 165.9210985 208.2537729 245.5131509 273.8798428 285.0546752 290.1824943 290.0181678 294.4422417 303.2263903 307.5654696 310.5204517 307.7975398 306.1660248 308.4616104 308.7798578 311.0086677 311.1915779 312.3354726 316.8387958 320.4866381 327.7224561 332.9406987 338.9042603 346.8110743 350.6153197 356.5726838 357.926042 355.8202176 357.6927485 559.8102417 582.1763906 606.390319 633.533674 655.1242834 676.6342355 691.4731113 699.8235359 314.7999991 313.3766048 308.7870812 306.3296735 303.6530142 303.4393398 305.2055335 311.2438362 319.8412917 328.5674554 343.8167223 358.982353 376.2119277 391.9852496 403.1300358 414.530537 419.9676616 420.1222095 416.0269408 409.3921669 398.5931957 383.0494705 369.4105794
119.3745133 106.1518382 99.0727468 117.897582 153.9139008 197.7099084 228.3284313 255.0826456 257.4032549 262.0095315 261.3787174 266.0693148 272.7849952 275.2382652 274.8454952 272.0310409 273.9846613 273.2757539 277.442885 277.4460645 278.0403504 283.9811914 285.1419053 292.1103884 295.7064551 301.1027561 308.7966034 311.0217015 316.3305232 316.5797555 317.4832395 317.6318027 313.1496677 657.1835693 687.0753414 715.1093307 743.5355213 772.2686198 787.3810847 802.2109605 808.0921919 278.3434409 274.3231149 276.2723329 273.5375442 270.9906863 276.1531146 276.1728579 283.7729556 289.347753 297.5975358 313.0083631 321.3796459 337.3471431 347.0818992 358.0123368 369.4436343 370.8171157 375.0558485 367.8771412 361.3018324 356.1026223 342.3749405 335.8222921
910.1208219 561.7766849 91.94079226 115.7630826 149.7821386 181.6168156 207.8613028 227.182082 231.5945868 236.337921 236.1359531 236.1389085 239.1927468 239.6568678 240.1199845 238.3075945 236.9651001 238.6589474 239.5592765 242.7089412 244.3996251 247.3831236 252.3694132 256.1667222 262.2798577 265.8494263 268.6513372 273.2622907 274.1319267 276.0383784 275.294723 271.1897311 269.1786299 749.8565027 781.9207417 811.3346315 839.9013572 864.3936266 879.9343336 890.4774227 235.4932491 234.1604969 234.6108659 234.1771005 235.9283617 236.5521549 238.2348201 242.9276695 247.7719456 255.3128078 261.3608581 269.014649 279.0565818 287.3345799 297.5864604 303.8562705 307.9251959 312.7061737 310.2670848 308.4259649 303.2209791 295.1033682 287.2509994 278.7259591
897.3306021 519.0626373 455.1383232 111.6330086 144.69683 176.9654806 199.1217533 213.8874771 214.9763141 218.4986803 218.0901706 217.4867681 218.5032064 217.5242426 215.2384501 213.3671874 213.3477573 212.4240315 214.925326 216.1314875 217.7418032 222.7147785 225.0637477 230.8709934 234.7897558 238.5596674 242.616971 244.2548398 246.1078468 244.7642773 243.9811745 241.5966221 235.6900222 233.0003695 859.8250749 889.2602582 913.2790427 940.215172 209.2282525 205.6405493 204.8457854 205.6344796 203.8406053 205.8038065 206.0482121 206.3597021 210.4702949 211.4086584 218.57474 222.7840943 229.080951 236.3163874 241.161216 247.7514658 251.7153984 257.1164243 261.122422 257.6898063 259.0266294 253.272573 247.4701881 242.6321304 233.6103012 230.3868357
552.1774046 480.3095705 88.34403715 113.0368866 143.9026694 167.8904665 185.0704813 198.1069151 201.7744816 203.2413412 202.3717293 199.4015803 197.4542664 194.4673829 192.3851887 190.2206354 187.7189079 187.5014019 187.6141741 189.4119814 191.0011599 193.6293019 197.7905205 201.3390683 206.0476743 208.7429973 210.5553001 213.1068257 212.6505057 212.8265012 211.2270289 206.9469151 203.8702542 198.2652586 193.6837954 189.3323047 183.6943867 180.1714382 176.4800956 174.9261745 173.9643488 172.5680135 173.2540344 173.1044161 174.6209732 175.6800254 177.6333582 181.1440572 184.3324535 189.434569 192.8518431 195.7484407 200.8409856 202.5499724 206.287052 207.679793 205.6717599 205.8161592 200.2623246 196.8815698 191.6843559 183.5582441 179.3417601 173.1045526
502.0052627 431.3979012 84.80811126 110.0496658 142.2394544 164.6302831 184.2014721 191.3555203 193.6756823 191.9164545 189.4449088 188.6900693 183.7614279 181.2790435 175.4323634 171.9051398 170.1967852 167.6263912 168.1789804 167.3093505 167.6767475 171.5705397 173.5323428 176.9477193 179.9149407 181.9272539 185.5200196 186.141422 186.7579466 185.5467418 184.2739107 181.7940027 177.9481647 174.4835453 168.2187018 164.312426 159.6942319 155.4543643 153.7425335 149.9820581 148.5185309 148.3399746 147.2001501 147.9584348 147.6220518 148.0632794 151.1902655 152.5187515 155.9403321 158.6650089 160.5462887 164.6875751 165.0979286 166.5708017 167.208405 166.0773357 164.969615 160.9772856 156.5044368 149.3464207 143.8966566 137.2857224 130.6881133 128.6333136
463.9627214 405.6990456 362.6029492 108.4441781 135.60309 155.7415536 170.799304 179.5858604 184.1058696 185.2062566 183.1509946 176.9599001 173.0975406 169.0098537 163.8780106 160.1900577 155.4090813 152.7793458 150.9113489 150.1809336 150.2168601 150.8991019 153.0792941 155.1376277 158.2288512 160.0651917 161.3832567 163.2420813 163.1419943 163.4726325 162.4328729 159.4659081 157.1794687 152.8419088 149.035272 145.3316823 140.353297 136.7683239 133.1009668 130.7860729 129.2530962 127.2120626 126.6971773 125.8516195 126.1889509 126.4914958 127.2078294 129.0429144 130.4022632 132.994854 134.4530117 134.9609046 136.2179654 135.1799644 134.9499846 133.4483213 128.6495882 125.3701485 118.6414194 113.2375874 107.8558757 100.1416424 96.03407554 90.97981473
451.5939393 386.4905255 339.8710235 328.8771298 126.1747304 147.7708945 164.6817361 174.2982943 175.2337516 177.5875138 174.0760545 167.9187197 165.8830783 159.7896419 153.9879903 148.3825569 142.8864656 139.6392868 136.4881106 134.6792763 133.1519884 132.8519964 134.3633974 134.9597036 137.5677887 138.4321736 139.4186224 141.4925038 141.0271291 141.786273 141.341034 139.0148344 138.0628106 134.1755231 130.9125085 127.9412075 122.8116068 119.7772278 115.983283 113.2852798 111.1357123 108.6227507 107.9273498 106.3881328 106.4989771 105.9431931 105.3771967 106.7804401 106.4000974 108.3412057 108.3223891 107.5556908 108.3285031 106.0234932 105.284452 103.1020374 98.14645323 94.53831406 88.01298149 82.39005363 77.53256532 1250.133748 1250.228335 1246.827151
615.2438434 402.5014523 350.9918471 325.2421958 115.9682012 137.4702295 157.9602625 170.7842497 172.2811556 171.7841556 167.6886586 163.2193365 159.160027 154.3076304 147.3622868 141.5210146 135.3728937 130.6090365 126.8518085 123.5266093 121.6508028 120.3137093 120.1470976 120.3355508 121.2351301 121.8250217 122.4418558 123.5370148 123.8370524 124.4452053 124.2391136 123.1719109 122.216848 119.7272997 117.3378329 114.6679213 110.6274827 107.3094307 103.523582 100.3362547 98.07685788 95.36096086 93.70863234 92.08419017 91.34885945 90.68282481 89.46786987 89.2159928 88.23077596 88.13104397 87.69612984 86.13882114 85.48456761 83.26085348 81.7298812 79.54021984 74.6456747 70.94140571 65.11682424 60.40976553 1291.910813 1298.221999 1305.754625 1310.779703
308.3046992 556.0454098 369.7283953 82.84540496 105.0666097 131.3561721 151.916525 170.3789124 165.9334806 402.2428949 415.1625373 154.6807915 154.1838441 147.473752 140.9817088 133.6453594 126.0739138 122.5660954 117.109014 113.7871202 110.54857 107.2380073 107.8341749 105.0615841 106.6378975 106.0824395 104.742441 107.035992 105.4304984 107.8174412 107.9281035 105.7045661 107.5148646 104.3678367 103.9431095 102.2281119 97.22066153 95.96279493 91.19166184 88.91082483 86.25757236 81.89482241 81.47098854 77.96309728 77.87850819 76.22422366 72.64807825 73.2672859 69.33383351 69.98179196 68.52207921 64.41806439 65.03695768 60.72396691 60.98669982 58.77178632 51.73160157 51.17074866 44.56957878 1070.409764 1316.109521 1327.138243 1341.952039 1352.010939
287.621339 335.2243107 413.3961036 77.25798135 97.16624987 122.8845562 146.9278528 162.6956347 162.2052945 383.9779258 395.9402882 416.0849826 146.7479269 142.2554163 135.4329435 440.1004639 121.8701166 115.9506021 111.4084437 468.9825959 474.5525126 100.2883085 98.10852473 96.64569304 95.38157361 94.61608554 94.15260173 94.10870829 94.23023167 94.64808957 94.82392639 94.9053981 94.93073894 94.21885412 93.38723916 92.03562004 89.55148832 87.1408263 83.9562168 80.70854494 78.15843935 75.14384633 72.50258609 69.96986166 67.83342014 66.00378126 62.94241099 60.79355131 58.20405381 56.05870453 54.44439577 51.8983662 50.17937492 47.62649585 45.81842291 43.78591605 40.09159109 37.273145 974.8519245 996.7554918 1315.431952 1328.731355 1344.255703 1357.714855
266.5279978 332.9939412 455.4551209 64.63015244 88.96130613 117.5589066 140.473381 158.0749031 152.982967 369.6586052 377.1123353 394.3565993 140.1092541 134.6980123 417.9402189 418.3557991 425.0555884 109.9182828 438.5554896 445.659992 451.0796646 460.451036 472.3420966 479.3506929 491.1053116 84.05042206 81.89612997 82.53986349 81.00434394 82.41012901 82.4026328 81.4823197 83.18041719 81.81216884 82.49646448 81.94469049 79.06889864 78.53308996 75.15695189 72.78297954 70.29201749 66.06393081 64.62555849 60.67856574 58.69077728 55.97868301 51.40251104 49.85944448 45.71081251 44.16266544 42.1201603 37.92526256 37.69613565 34.09313839 33.48007846 31.81643891 27.19135462 892.8558337 901.4172618 922.0327631 1300.484877 1314.539417 1331.059568 1343.927925
-9999 326.8393714 750.3134556 62.32180253 81.20059123 110.6921834 134.2977142 149.956383 148.5562899 359.0350094 365.1216111 381.7646514 131.4929997 128.6895434 399.823205 400.1961 409.4830078 416.4269411 422.5736606 425.6926491 431.2743598 442.7829305 452.0484243 461.4741098 468.2109058 476.3757786 488.5192245 73.84807774 73.29349592 72.09933583 72.16962416 73.2421623 73.4513902 73.71923727 73.1136438 72.52324964 72.59879516 71.2141129 69.13273976 65.91005536 63.3178023 61.19750672 58.00520439 54.80412056 50.48831896 47.81441668 44.84564184 41.50371162 38.47949448 34.92517024 32.81110287 30.98912018 28.97044812 26.88866042 24.66535496 22.93632664 827.2140574 837.0980482 846.937988 850.1155971 1273.119468 1286.897723 1301.334974 1310.057063
-9999 -9999 842.766018 51.29241966 74.41732434 100.7502163 121.889803 137.3451001 134.0323291 353.4058768 352.7053499 363.8783943 121.4604186 118.7142093 381.5709388 383.4859132 389.4092619 395.3094075 400.5234252 407.626918 413.5237494 421.8301827 429.9915722 438.2464091 448.5994655 456.1702292 464.8512928 473.1900732 482.2820739 64.46663049 63.89508649 63.14459215 63.14774254 63.60374317 64.62692698 64.6387393 63.24994488 62.43811168 61.1081151 59.35653815 57.22622993 53.5134598 50.47255197 47.42455705 647.2693015 655.6501107 36.22358186 32.91933772 30.3105347 28.01757112 26.15213674 22.94154959 21.02528926 19.61208946 18.63380726 17.49654181 771.0951205 776.4827918 780.790355 788.2014796 1235.030214 1245.792897 1258.550241 1263.346728
-9999 -9999 -9999 42.26051746 63.96893738 89.96724306 111.2077492 125.3501304 122.7442274 349.8075022 347.1827187 349.3762251 113.379754 111.5335497 363.0277229 365.6738825 372.4581722 378.1455443 383.9135119 389.5092 395.7035879 405.232598 412.0715317 421.465494 429.371411 437.0064584 446.9624356 454.5897906 463.4157153 471.5536688 479.5082962 56.5263446 56.00807849 56.5471533 56.28166768 56.27031553 56.32800838 55.49792172 54.54812855 52.41591696 50.30413491 47.50405065 44.53610414 41.59845931 37.29937021 34.11833897 638.7589124 646.9936557 659.3787641 669.0423808 678.6516504 18.32517714 16.4917387 15.58886909 14.12084084 12.98113595 11.8507221 725.5272092 728.9552626 725.9302434 726.7699415 726.2249115 1205.042513 1207.82704
-9999 -9999 -9999 36.08792685 55.87445783 75.99108675 94.79168643 108.386451 110.0199905 109.6638713 348.1068279 343.5116442 338.575919 338.7389788 344.5934077 348.9277211 352.6648839 358.4801247 364.7659941 371.4798866 377.6274553 384.9778374 393.827271 401.9808489 410.8727743 418.1716651 426.1730267 435.2950187 442.981585 451.7684832 458.8977304 466.6966525 48.93813608 48.41583615 48.49042291 48.4601499 47.9238702 47.71414781 46.28867838 45.0475491 43.39615386 40.41499886 37.8495121 34.20468307 30.84306275 28.02735112 601.6559026 611.7053495 619.8034427 629.6270259 637.2433229 643.8558562 12.51335169 11.23596611 10.42496771 9.739727665 8.693957195 672.99289 669.2397706 667.170492 664.0334439 657.2556804 653.8650829 645.5693849
-9999 -9999 -9999 378.4346616 44.1125272 64.42704764 83.02453261 95.10881324 98.1683034 102.6961608 99.26929787 344.3802612 332.9947187 326.181665 329.2240059 334.1679551 337.2511498 342.0374314 348.3868962 354.3515787 360.6659118 369.9378328 377.3820949 386.3434618 394.5755096 402.2092096 412.3207503 419.7850798 428.2584038 435.6554534 442.8914923 452.0919314 43.70150174 43.39066062 42.41199547 42.27387457 42.03255449 41.34038071 40.5893982 39.03142039 37.26895126 34.82534025 32.17360488 29.51618024 25.98408925 23.17292853 571.8984824 576.4353645 586.4465386 592.4364771 599.5260136 607.5359244 611.0597373 9.175218637 8.40329327 7.713873207 627.3567137 624.7597055 623.9079155 616.7266169 611.865755 605.3692782 595.3086777 4.773433426
-9999 -9999 -9999 -9999 38.47944782 51.48604374 66.7848369 79.99653871 88.16119077 97.99064289 100.9696079 99.03328392 342.4579211 332.2731417 324.871283 322.8948773 322.5116376 327.3479245 330.6930243 336.7033846 342.4445953 350.3917768 359.5219814 367.8532156 376.899649 384.2967855 392.9563253 401.9884156 409.5786439 418.1257399 425.0508271 432.4635388 440.1734837 446.7920594 454.4566006 461.1003935 35.1397878 34.79323809 33.53582818 32.54876805 31.15873979 28.64084834 26.45106911 23.5449518 20.94608598 18.73245065 15.89066891 541.6382093 546.8353723 554.0173836 559.72432 564.4663362 570.547895 573.7743543 578.1427622 579.9800723 578.2153289 577.4032046 571.9069103 4.175962306 3.94208932 3.79086374 3.815074754 4.195542701
-9999 -9999 -9999 -9999 31.34962581 44.11980727 59.09675469 69.85464779 80.8007081 97.01838275 102.2836261 102.4780005 101.9980177 348.5281138 347.1385636 338.5954943 313.8182592 329.4020946 318.5947342 321.61838 326.8587736 335.8157941 342.5903063 352.7507958 360.9895108 368.4552891 378.6902653 385.8929789 394.7582524 402.0773091 409.1861076 418.2956435 423.8133689 431.1175178 436.8529732 443.2740361 451.2711006 29.78210514 29.23223436 27.84032597 26.45065449 24.36654 22.23447258 20.21381474 17.54831576 15.35335005 13.19537918 11.28496525 516.4098058 520.5182869 525.9568307 532.5461716 535.1625094 540.0746352 539.9889565 540.7619171 4.527451781 4.157468389 3.854801793 3.547098479 3.32070214 3.370526527 3.422005608 3.867261535
-9999 -9999 -9999 -9999 -9999 34.20198636 47.97748053 61.66567466 78.28499274 94.23146422 105.8183485 110.3090206 117.7273366 111.9624144 407.4137183 396.2435855 383.9489628 361.3106645 336.0446016 329.5921639 320.0523244 319.2686108 327.6244306 335.0497216 344.3254607 351.6920471 360.2275835 368.1590481 375.6695199 384.0598634 391.2329807 398.5989469 406.3368674 412.4961138 418.6834898 424.5374337 431.1858665 438.1057349 24.34899716 23.39317383 22.17554409 20.09223803 18.33039231 16.13076149 14.15486493 12.57733078 10.65201627 9.117229986 7.74949151 486.3481775 490.7400614 494.8439899 499.2441455 500.3531139 501.6331971 3.988956833 3.655589926 3.414581975 3.153597579 2.994920891 2.901257014 2.962382638 3.195891955 3.812051698
-9999 -9999 -9999 -9999 -9999 293.6441283 40.75874963 54.87684543 73.95133149 92.50245219 106.3962977 119.5278142 136.7200678 126.3687524 119.8495353 111.1398648 495.8515852 428.6743788 393.962168 376.0346869 355.3316956 317.0818145 321.8331413 330.3333255 329.6413445 337.107531 346.3908125 352.2521268 359.736337 366.5186411 373.7979814 382.6908754 390.7056947 397.2079192 402.602406 408.5450397 416.5357262 422.4884271 428.314251 20.56786171 19.30125929 17.52597755 15.76461047 14.10143442 12.1611344 10.59950118 9.093335836 7.773176142 6.803544259 457.6260505 461.418167 4.733695168 4.266724531 4.030835657 3.716717368 3.485317873 3.260688852 3.046011811 2.893563902 2.754411386 2.670721861 2.875521056 3.112078948 3.770977117
-9999 -9999 -9999 -9999 -9999 -9999 33.67751804 45.41800396 65.57602943 85.02772453 102.6204909 121.7440502 137.0288644 140.7428403 147.9595336 148.6976548 140.5483709 136.7763299 557.6843686 484.6271744 431.5203911 391.5092831 355.0619572 323.2053134 326.6324078 326.7847082 328.4721183 335.0093345 340.9909088 347.2488127 353.9420174 362.4516798 371.4789425 378.7146373 385.8474871 392.0505101 398.9633428 405.4026878 410.1668184 17.86877613 16.71866274 14.98283569 13.44146882 11.76667632 10.21202393 9.067914249 7.744020558 6.651027348 5.750706497 5.040371494 4.618761838 4.140616591 3.801000355 3.493336779 3.2573517 3.095700528 2.898262581 2.743095635 2.621772438 2.600404243 2.62748626 2.876345094 3.381748299 4.277521245
-9999 -9999 -9999 -9999 -9999 -9999 278.8063108 34.90121901 52.46441052 75.79151724 93.70260112 115.6921229 132.8745418 145.4743699 166.7611408 174.9925468 177.2079432 173.0467202 164.3905762 621.0562557 555.4642522 492.4539371 401.3519213 371.3396093 334.3015568 317.9936438 314.4860528 319.7687782 324.4628672 328.7952756 334.5882329 344.8242778 353.7637411 361.9935703 370.0933261 376.6911156 384.2155923 389.7732141 394.4501112 16.19596327 14.94929995 13.15655468 11.84041149 10.60531137 8.95328235 7.989880802 6.716709509 5.878120245 5.308136193 4.557836169 4.209295049 3.767084684 3.471466838 3.271192408 3.020270601 2.903872953 2.715883847 2.609461671 2.570168696 2.553541383 2.711913321 3.210586506 3.627357493 4.613883154
-9999 -9999 -9999 -9999 -9999 -9999 -9999 275.4563074 42.18730436 60.41546388 77.04898535 103.2971516 120.6214967 148.8977953 169.8863062 186.4790503 203.8460869 216.2725678 212.3240366 199.646435 182.5364259 155.165637 120.6854669 425.6474061 350.7597357 324.0205046 310.5516184 309.3333686 310.8547563 314.4468659 319.6729288 328.4105766 337.5879559 346.5604228 355.7328714 362.5977819 369.2179804 375.7528936 380.5616801 14.9877234 13.76427757 12.16826879 10.75253633 9.377402726 8.161701757 7.287431016 6.296002389 5.484250181 4.83513992 4.312551222 3.995019731 3.623685208 3.348487628 3.118322682 2.938153099 2.833001447 2.697987133 2.60494638 2.583764734 2.677531408 2.848463561 3.463643675 4.317041098 5.665287718
-9999 -9999 -9999 -9999 -9999 -9999 -9999 159.1330665 28.53888382 43.94143999 55.70648541 80.51705249 103.815906 135.2436819 155.4866382 180.6733361 215.1772545 243.7724453 237.3023503 232.1357743 226.145463 196.5104969 156.2633098 131.7262073 96.63970762 338.8789337 316.880106 301.1627341 299.6382592 302.2196987 305.5597869 27.20317411 25.27203244 23.96574725 340.9808418 347.6881016 353.8437543 17.78869461 15.99035061 14.27423996 12.90333786 11.09265836 9.966936951 8.753956742 7.571220059 6.801545451 5.803976483 5.195421854 4.714637156 4.180986596 3.891306413 3.528030291 3.282335962 3.100522791 2.937982427 2.87336979 2.752472895 2.685660153 2.752341395 2.87292326 3.289999098 4.2352892 5.01164387 6.782311688
-9999 -9999 -9999 -9999 -9999 -9999 -9999 100.6622909 22.23337417 31.43154958 41.67865782 60.56217402 80.40808823 108.2826105 132.8586464 156.2100077 191.1006809 208.4563803 222.312316 234.8968137 234.3165641 216.9226854 193.5972754 166.7232671 121.8418011 94.39979256 70.44464068 51.79481415 39.65771545 34.54849595 31.52886131 28.06387983 25.82438441 23.94781489 22.47278791 21.2358022 19.23392142 17.56392266 15.65594814 13.82755375 12.50541845 10.93771253 9.551023855 8.361797422 7.290332662 6.578050313 5.777426904 5.137405179 4.625043078 4.175651122 3.90021891 3.594219255 3.33105447 3.132572763 3.018500018 2.965829409 2.882539668 2.905497225 3.034489156 3.342227068 3.756708207 4.845802717 6.155772259 7.951431004
-9999 -9999 -9999 -9999 -9999 -9999 -9999 -9999 15.61795795 23.45106551 29.50255688 43.9861687 57.86962147 72.79206382 104.8188637 126.2155286 155.3334199 171.2614645 200.9141154 217.3406042 230.6299655 228.8815461 221.664271 201.2175838 156.319392 126.4665274 95.7984716 64.61602781 53.96080982 42.23193458 34.22536883 30.15656566 26.91255325 25.3413356 23.31426663 21.6287665 19.39253826 17.81339905 15.93087621 13.89391036 12.40487897 10.68017195 9.47005138 8.336373586 7.218790835 6.529233859 5.750799668 5.204444648 4.81464556 4.358926005 4.089353172 3.773467067 3.493962233 3.379048155 3.235668527 3.219816575 3.223839259 3.23253088 3.442305929 3.837946991 4.468899864 5.960822815 7.144719486 9.227299761
