meets/meet004/data/CCSM_0k_neotropic_bio02.asc
NCOLS 154 
NROWS 168 
XLLCORNER -112 
YLLCORNER -55.5 
CELLSIZE 0.5 
NODATA_value -9999 
[rows 87 to 115 of 168, columns 64 to 127 of 154]
-9999 -9999 -9999 -9999 -9999 -9999 -9999 -9999 -9999 4.424470108 6.479709593 8.878623609 10.86024285 10.89340625 10.65436279 10.62842112 10.51546678 10.56445262 9.979859124 9.284725442 8.56665791 7.679794685 7.274654602 7.895804006 8.84070818 9.567593536 10.23497674 10.64604851 10.57397171 10.44203898 10.3400412 10.17241327 10.3638266 10.54410802 10.9233099 11.05525128 10.92409215 10.68905798 10.45757416 10.2011733 9.997477953 9.859240823 9.745238682 9.823121134 9.883902642 9.858939516 9.761569308 9.622017087 9.660286244 9.684217169 9.639642483 9.569942143 9.46309822 9.368680439 9.282299185 9.274420935 9.355104846 9.384217497 9.349658712 9.214978087 9.050153066 8.88255221 8.665688413 8.485963615
-9999 -9999 -9999 -9999 -9999 -9999 -9999 -9999 -9999 -9999 -9999 6.281650555 8.487081761 8.689794813 8.828615722 9.244903778 9.567909797 9.989695909 9.930284462 9.597598753 9.050952392 8.212380692 7.471293146 7.724048837 8.141418766 8.711553534 9.546641639 10.33311223 10.48936869 10.68782746 10.77160387 10.7456915 10.98902723 10.83148755 10.86685451 10.83269278 10.62852378 10.46646992 10.30837872 10.08848124 9.899442818 9.7507366 9.607939836 9.743379464 9.891183601 9.907892427 9.820955047 9.665788629 9.72423857 9.763358878 9.68830789 9.560098853 9.425748516 9.348201332 9.32966118 9.357436144 9.464930146 9.507622403 9.468566236 9.307301608 9.130877266 8.951687109 8.714895953 8.520637263
-9999 -9999 -9999 -9999 -9999 -9999 -9999 -9999 -9999 -9999 -9999 -9999 -9999 5.418822849 6.219187619 7.21996466 8.308240253 9.285332624 9.722912751 9.938331003 9.863191935 9.351659514 8.912590307 8.301551984 7.831324201 7.942538514 8.574382598 9.263739128 9.8765565 10.47794047 10.78411992 10.652534 10.51694658 10.52294335 10.49585976 10.40235118 10.36016344 10.29152055 10.20036624 10.1489399 10.01499438 9.784075648 9.697476153 9.79283376 9.967569455 10.02368842 9.969612037 9.929627324 9.877294065 9.832308588 9.716650486 9.490072928 9.317640337 9.347690738 9.411738122 9.514268335 9.697800589 9.738238397 9.673522302 9.512632853 9.306020662 9.094439875 8.843490006 8.628728214
-9999 -9999 -9999 -9999 -9999 -9999 -9999 -9999 -9999 -9999 -9999 -9999 -9999 -9999 -9999 5.073587703 6.52988399 8.003048288 9.190529972 10.12088197 10.39633396 10.19682823 9.696253949 8.909485348 8.059633839 7.762523906 7.878093417 8.188248847 8.835850069 9.637262742 10.10419026 10.14884031 10.07943131 10.1006 10.02719851 10.00694075 10.02103614 10.02893497 10.02090866 10.02247174 9.938007121 9.769085584 9.720131749 9.859810473 10.06556304 10.1384886 10.08748929 10.03085536 9.973245813 9.924407288 9.790326792 9.546486672 9.397273436 9.513612522 9.708080857 9.881518624 10.05969242 10.08457021 9.955374673 9.738095863 9.493121918 9.270879953 9.036315456 8.789119257
-9999 -9999 -9999 -9999 -9999 -9999 -9999 -9999 -9999 -9999 -9999 -9999 -9999 -9999 -9999 -9999 -9999 6.177296842 8.128157762 9.891095874 10.83338488 10.57099999 9.923050341 9.67244256 8.957723269 8.329498044 7.778330086 7.157484257 7.940152758 8.549582429 9.086702666 9.732584155 9.900980968 9.895693611 9.677806745 9.624908062 9.689260501 9.707062396 9.762519178 9.715900623 9.706615778 9.683002857 9.662297506 9.900483733 10.17585466 10.23745772 10.09426924 9.955501096 9.963541687 10.01129429 9.911647473 9.685125909 9.582524429 9.763239211 10.16838937 10.35781874 10.3951992 10.48360141 10.18919495 9.894409051 9.648795743 9.461343963 9.276673166 8.945429523
-9999 -9999 -9999 -9999 -9999 -9999 -9999 -9999 -9999 -9999 -9999 -9999 -9999 -9999 -9999 -9999 -9999 4.638005158 6.747837763 8.897980392 10.36629892 10.99718418 11.05546311 10.89048985 10.20348448 9.535489961 8.781276072 8.089745196 8.212823202 8.467918291 8.876970089 9.598218561 9.937471218 9.894470744 9.520414048 9.401843031 9.470354083 9.538879209 9.632358661 9.644914432 9.682669659 9.716532963 9.77082371 9.994721072 10.20893712 10.23473494 10.06377791 9.915755397 9.921029007 9.998704019 9.952119436 9.783386249 9.736567098 9.904158249 10.2209886 10.3520282 10.34080999 10.35305798 10.15520731 9.970375802 9.768265863 9.588031265 9.364745713 9.039585113
-9999 -9999 -9999 -9999 -9999 -9999 -9999 -9999 -9999 -9999 -9999 -9999 -9999 -9999 -9999 -9999 -9999 -9999 -9999 7.500585989 9.529245757 11.4809925 12.87715588 12.17353478 11.52849033 10.89600141 10.18492331 10.06588759 9.328639906 9.017646717 9.181883947 9.767846331 10.33358046 10.04692223 9.489808867 9.303259338 9.412287897 9.509957487 9.587824534 9.743729495 9.842161031 9.878001722 9.965764118 10.06671037 10.19580357 10.17669592 9.982395453 9.858283351 9.895905331 9.933106637 9.917350828 9.840609581 9.817465859 9.877474978 9.97153922 10.02112143 10.00393188 9.872927699 9.952793598 9.975190234 9.847487228 9.643342476 9.37463909 9.106763643
-9999 -9999 -9999 -9999 -9999 -9999 -9999 -9999 -9999 -9999 -9999 -9999 -9999 -9999 -9999 -9999 -9999 -9999 -9999 7.315976463 9.510107149 11.43688431 12.56352655 12.3441701 11.6557904 11.18931807 10.83085606 10.69003747 10.06489443 9.648909974 9.636220611 10.03206556 10.39498224 10.27323347 9.894518222 9.6672438 9.526663236 9.46353923 9.556244606 9.743512283 9.881646291 9.999083947 10.05606713 10.02520142 9.976843803 9.929368273 9.858578032 9.838460947 9.920979613 9.993219879 9.969888272 9.857764416 9.748227029 9.763529143 9.796887083 9.805911638 9.780249992 9.735505521 9.817584441 9.853435848 9.769065243 9.609903293 9.370583636 9.181634402
-9999 -9999 -9999 -9999 -9999 -9999 -9999 -9999 -9999 -9999 -9999 -9999 -9999 -9999 -9999 -9999 -9999 -9999 -9999 -9999 9.904297513 11.15771315 11.79756209 11.69983073 10.96986177 10.66626711 10.71354949 10.68214808 10.33743903 10.02888464 9.971156323 10.24736112 10.44123415 10.55735623 10.49994731 10.28161933 9.832232315 9.360295692 9.544752413 9.714359101 9.834774618 10.02834126 10.12261218 9.958909739 9.683190911 9.61437074 9.725582122 9.836951876 10.00603575 10.14216165 10.10946136 9.884409363 9.641588707 9.669418434 9.722355759 9.725035878 9.726381086 9.746307354 9.774137046 9.762677942 9.732026913 9.642723143 9.412521083 9.402169404
-9999 -9999 -9999 -9999 -9999 -9999 -9999 -9999 -9999 -9999 -9999 -9999 -9999 -9999 -9999 -9999 -9999 -9999 -9999 -9999 9.978734698 11.16622612 11.46500495 11.04486168 10.19085544 9.954616615 10.277334 10.56932439 10.45634676 10.22550791 10.25884845 10.5080559 10.77148946 10.86704525 10.84339768 10.69710104 10.43269006 10.09322477 9.80045021 9.597873365 9.614536259 9.934076863 10.11494271 9.942682178 9.614390631 9.538980447 9.651894367 9.863961298 10.14722193 10.3484796 10.30803605 10.00452865 9.710828565 9.657357267 9.700524962 9.718334478 9.741957123 9.741849025 9.795986007 9.819535933 9.852375492 9.893799083 9.877542621 9.886630592
-9999 -9999 -9999 -9999 -9999 -9999 -9999 -9999 -9999 -9999 -9999 -9999 -9999 -9999 -9999 -9999 -9999 -9999 -9999 -9999 10.0438777 11.02319048 11.61954264 10.75402862 9.554753815 9.385958677 10.08584189 10.60219438 10.51098935 10.36764065 10.47828281 10.79682136 11.16008771 11.16268232 11.12604905 11.06464621 11.01042402 11.00492672 10.2865881 9.592205493 9.430625748 9.849936419 10.27750448 9.896540538 9.585541953 9.542304819 9.69496618 9.896387965 10.23702928 10.56704912 10.53531496 10.11811175 9.744688728 9.72586373 9.743943817 9.767828226 9.809347228 9.774987121 9.910968792 9.977549875 10.09309595 10.28780982 10.45399903 10.40035906
-9999 -9999 -9999 -9999 -9999 -9999 -9999 -9999 -9999 -9999 -9999 -9999 -9999 -9999 -9999 -9999 -9999 -9999 -9999 -9999 9.752082924 10.77609589 10.93754599 10.54282611 9.788985172 9.672237386 10.11896488 10.52814292 10.53149346 10.41271581 10.58611347 10.99767943 11.37074043 11.40818321 11.34386693 11.33173499 11.39563414 11.3138962 10.82329338 10.25653695 9.922619212 9.822413836 9.80392253 9.740626437 9.681472353 9.717464971 9.832796071 10.0060384 10.28498827 10.50473988 10.49114023 10.22811866 9.94706107 9.873483089 9.882105554 9.922116577 10.01818521 10.09759216 10.17585969 10.26083869 10.41033755 10.62232968 10.79214141 10.80022668
-9999 -9999 -9999 -9999 -9999 -9999 -9999 -9999 -9999 -9999 -9999 -9999 -9999 -9999 -9999 -9999 -9999 -9999 -9999 -9999 9.516694262 10.29548612 10.64564898 10.51626755 10.14453462 10.11064524 10.35306228 10.61185771 10.45708333 10.38479293 10.59478138 11.10620971 11.60223636 11.5619793 11.45863402 11.46405504 11.60756107 11.64072791 11.17369837 10.74417324 10.34500978 9.863757218 9.453979348 9.709760479 9.853438193 9.93215311 10.02248299 10.10345244 10.31502905 10.47171486 10.48641669 10.34224078 10.14181851 10.15262238 10.13478561 10.17849034 10.30706952 10.45025875 10.4688753 10.54957492 10.70518668 10.91969638 11.10546288 11.03003006
-9999 -9999 -9999 -9999 -9999 -9999 -9999 -9999 -9999 -9999 -9999 -9999 -9999 -9999 -9999 -9999 -9999 -9999 -9999 -9999 9.29747696 10.11611077 10.38179536 10.63987812 10.65799399 10.63718472 10.51664064 10.42089653 10.33076826 10.37483301 10.63026328 11.09401654 11.49924666 11.55872691 11.48854848 11.51781992 11.65889395 11.61674315 11.11371616 10.46142531 10.09849229 10.0369156 10.08266925 10.04404089 10.06539442 10.11466095 10.17612142 10.26790091 10.41160767 10.55095033 10.60448631 10.55847453 10.52025759 10.54483344 10.61392212 10.63693743 10.60384803 10.62794802 10.68332009 10.82537399 10.93854525 11.04941876 11.15777376 11.07081075
-9999 -9999 -9999 -9999 -9999 -9999 -9999 -9999 -9999 -9999 -9999 -9999 -9999 -9999 -9999 -9999 -9999 -9999 -9999 -9999 9.255559841 10.0077879 10.3465786 10.83681718 11.08449784 11.02194887 10.55239821 10.19296075 10.13657666 10.27337851 10.5549277 11.02074702 11.44002909 11.49002522 11.41803339 11.46650174 11.64703515 11.64443596 11.0125368 10.20333798 9.916807475 10.20507488 10.52995292 10.34553087 10.2626075 10.26132132 10.28918556 10.40505384 10.52006051 10.64324162 10.73119001 10.75822 10.83379413 10.89246576 11.0271075 11.03516244 10.88179036 10.77567165 10.81040338 10.93305793 10.97080723 10.96971772 11.05283047 10.89854024
-9999 -9999 -9999 -9999 -9999 -9999 -9999 -9999 -9999 -9999 -9999 -9999 -9999 -9999 -9999 -9999 -9999 -9999 -9999 7.145316703 9.179790812 10.12366442 10.59724957 11.0412155 11.16856522 11.00957806 10.4622859 9.98744116 9.943569772 10.12291179 10.45234247 10.97361101 11.31938484 11.40188795 11.28282821 11.3508948 11.62334979 11.60097085 11.10638724 10.46642791 10.20355609 10.32325363 10.46662912 10.44521074 10.33454534 10.33290477 10.4138644 10.51761329 10.60115493 10.6866421 10.76986732 10.83436684 10.95031278 11.0445565 11.18013615 11.18105297 11.05878948 10.99321305 10.82849123 10.74990829 10.66033624 10.58091796 10.53053873 10.43098874
-9999 -9999 -9999 -9999 -9999 -9999 -9999 -9999 -9999 -9999 -9999 -9999 -9999 -9999 -9999 -9999 -9999 -9999 -9999 7.192349863 9.249770522 10.24874603 10.84025091 11.19602092 11.22661839 10.97609685 10.28261911 9.79170371 9.92422531 10.23921689 10.6166772 11.0921788 11.37158727 11.4208411 11.30320558 11.39081152 11.69875214 11.73159948 11.3226655 10.76801249 10.49760582 10.51350478 10.54593008 10.53018634 10.45657904 10.47143153 10.58479066 10.65441377 10.67673536 10.69168476 10.73698344 10.80786696 10.93397089 10.99966487 11.13682779 11.13182101 11.00220945 10.94245467 10.67517244 10.46003131 10.29979819 10.15469493 9.98490357 9.904611121
-9999 -9999 -9999 -9999 -9999 -9999 -9999 -9999 -9999 -9999 -9999 -9999 -9999 -9999 -9999 -9999 -9999 -9999 -9999 7.331787565 9.402590902 10.45810908 10.96747446 11.27381131 11.17755413 10.87017308 10.20058451 9.757812975 10.12022163 10.83206769 11.23214293 11.3946121 11.50432059 11.54706574 11.57449963 11.64577295 11.80182207 11.84935503 11.44984134 11.01017774 10.75373376 10.66925867 10.73637641 10.67859218 10.70987944 10.75154507 10.79133068 10.84926246 10.76735795 10.6743932 10.65817834 10.70064012 10.76377121 10.835621 10.88361239 10.83346831 10.70372473 10.51938404 10.32157568 10.15227204 9.902826108 9.714527464 9.581322188 9.199128898
-9999 -9999 -9999 -9999 -9999 -9999 -9999 -9999 -9999 -9999 -9999 -9999 -9999 -9999 -9999 -9999 -9999 -9999 -9999 7.481547745 9.537979408 10.53186453 11.06729197 11.28525877 11.10703558 10.83280564 10.22849296 9.885967177 10.39847317 11.22969652 11.6000849 11.59297591 11.59525551 11.64478711 11.73965631 11.75511592 11.7639696 11.7119238 11.31607844 10.98084288 10.75549105 10.61973707 10.68053241 10.68466847 10.8092394 10.88108772 10.88806779 10.92536181 10.80829441 10.66978301 10.61482384 10.61796174 10.61728426 10.6262864 10.59761349 10.49951717 10.36062051 10.14515268 9.946388406 9.731252189 9.492253093 9.266832529 8.840556234 8.049156063
-9999 -9999 -9999 -9999 -9999 -9999 -9999 -9999 -9999 -9999 -9999 -9999 -9999 -9999 -9999 -9999 -9999 -9999 -9999 7.548060568 9.594916307 10.60476536 11.10359618 11.28048508 11.02271849 10.76891627 10.36889898 10.252899 10.64474621 11.31161459 11.62162197 11.55539022 11.51187994 11.67218007 11.78020828 11.74793553 11.5635382 11.20933907 11.05884281 10.77027924 10.55359274 10.43875006 10.31761352 10.50441063 10.73400799 10.84080347 10.8782235 10.83722503 10.77850868 10.70044263 10.63329064 10.60870132 10.55113309 10.4780637 10.33851263 10.19921198 10.12808139 9.910490489 9.680730272 9.382316884 8.882326178 8.501075869 7.850615098 6.374639843
-9999 -9999 -9999 -9999 -9999 -9999 -9999 -9999 -9999 -9999 -9999 -9999 -9999 -9999 -9999 -9999 -9999 -9999 -9999 7.518557756 9.558689308 10.74153663 11.27801256 11.40102058 11.056862 10.81505756 10.48701122 10.40609827 10.71621571 11.25363214 11.51830639 11.50222408 11.51485753 11.69143947 11.84133855 11.81441893 11.60588039 11.26052957 11.10073338 10.84666679 10.59801045 10.39138502 10.2472418 10.43154683 10.68119618 10.79810483 10.80817661 10.76996702 10.74790309 10.71199682 10.66539048 10.63112467 10.54440585 10.43553986 10.25951112 10.11626994 10.0598898 9.82607148 9.59293092 9.059941409 8.2416226 7.331262944 6.131723958 4.550969019
-9999 -9999 -9999 -9999 -9999 -9999 -9999 -9999 -9999 -9999 -9999 -9999 -9999 -9999 -9999 -9999 -9999 -9999 -9999 7.392817012 9.475730244 10.86660555 11.68255018 11.70632607 11.21306062 10.88798844 10.53355476 10.37406586 10.55707169 11.01704638 11.28396758 11.39665696 11.58682903 11.77048034 11.94648708 11.96270068 11.8627605 11.76185127 11.41803786 11.16651831 10.89096742 10.55959971 10.40887024 10.50688816 10.7062512 10.78488325 10.75420049 10.72131807 10.72590953 10.73052933 10.70247636 10.6660399 10.58588135 10.45207117 10.33372402 10.184051 10.10550333 9.911356166 9.582510576 8.955969764 7.698686706 5.97902988 3.940148288 -9999
-9999 -9999 -9999 -9999 -9999 -9999 -9999 -9999 -9999 -9999 -9999 -9999 -9999 -9999 -9999 -9999 -9999 -9999 -9999 7.270922588 9.420424103 11.02416622 11.89142426 11.98356682 11.42326449 10.99336205 10.52712383 10.22432228 10.2180064 10.49113861 10.79932433 11.1557635 11.52915985 11.7942703 11.96118829 12.01589011 11.95377128 11.84558265 11.55899318 11.29681529 11.02389551 10.7415173 10.60249365 10.61835985 10.72747787 10.75086731 10.70339746 10.67775817 10.71102585 10.7551897 10.73988675 10.6889387 10.59988311 10.47493271 10.35153251 10.20284739 10.11792253 9.886281275 9.588433972 8.865805262 7.390985663 5.284968168 3.188937197 -9999
-9999 -9999 -9999 -9999 -9999 -9999 -9999 -9999 -9999 -9999 -9999 -9999 -9999 -9999 -9999 -9999 -9999 -9999 4.898867231 7.318439031 9.479552544 11.27625016 12.30598146 12.29346274 11.68842279 11.14081726 10.49455052 9.997348776 9.874999928 9.860373871 10.17176784 10.87360257 11.46811599 11.70042994 11.86383878 11.92638172 11.82452577 11.6868469 11.46185345 11.20725423 10.9876185 10.84008591 10.75601418 10.69766614 10.71754693 10.69496792 10.64534856 10.61579309 10.68998179 10.78518989 10.77776818 10.69646095 10.58842511 10.4454059 10.30612051 10.14470718 10.06418949 9.849379246 9.495512198 8.918794088 7.357154943 5.126586643 3.009650633 -9999
-9999 -9999 -9999 -9999 -9999 -9999 -9999 -9999 -9999 -9999 -9999 -9999 -9999 -9999 -9999 -9999 -9999 -9999 5.414847352 7.908147167 10.07843488 11.78840878 12.65547041 12.59369016 11.87736408 11.23632384 10.53483645 10.05240243 9.841657003 9.9171806 10.1936836 10.7087665 11.19594741 11.49315076 11.64815488 11.70654859 11.62347323 11.49659358 11.32653358 11.15926176 10.99579106 10.86213056 10.77673191 10.72698858 10.71304024 10.67895965 10.62624278 10.61693996 10.68028367 10.76518338 10.75281868 10.669514 10.54769912 10.40269042 10.24497817 10.05901677 9.927069307 9.665625385 9.420717052 8.822455237 7.321056049 5.120117745 3.080438924 -9999
-9999 -9999 -9999 -9999 -9999 -9999 -9999 -9999 -9999 -9999 -9999 -9999 -9999 -9999 -9999 -9999 -9999 -9999 6.326756601 8.878428783 10.86214037 12.27025159 13.312554 12.7026174 11.87656 11.12476275 10.34892843 10.01863763 9.856155233 10.14205018 10.39603349 10.59660559 10.92950016 11.13900089 11.33153674 11.38811813 11.30120816 11.2793982 11.14739774 11.09276542 11.01772043 10.87881305 10.74958257 10.71754833 10.70764979 10.66093595 10.60856008 10.60084073 10.63436103 10.71085341 10.68539829 10.58817243 10.49233024 10.3293497 10.17216817 9.983838513 9.823268045 9.515401539 9.300825937 8.858267698 7.376674053 5.12771033 2.919405004 -9999
-9999 -9999 -9999 -9999 -9999 -9999 -9999 -9999 -9999 -9999 -9999 -9999 -9999 -9999 -9999 -9999 -9999 -9999 7.573041737 9.609136816 11.27725828 12.39437124 12.79021856 12.33312119 11.34777207 10.51178058 9.69851713 9.349418676 9.574111579 10.14446373 10.43263477 10.46886682 10.50115002 10.69807925 10.89102484 10.92885924 10.78855717 10.68658644 10.82020353 11.00832025 11.03821947 10.93276981 10.79427293 10.71644882 10.66597222 10.60909097 10.56267633 10.538609 10.54868629 10.56488148 10.52054826 10.43888896 10.32812517 10.20914782 10.07755074 9.919919193 9.807777912 9.623532828 9.412071385 8.911404524 7.409638413 5.11658455 3.090165131 -9999
-9999 -9999 -9999 -9999 -9999 -9999 -9999 -9999 -9999 -9999 -9999 -9999 -9999 -9999 -9999 -9999 -9999 7.112698948 8.849585672 10.34995094 11.63492192 12.29892036 12.48197656 11.79316449 10.6729117 9.800543875 9.054196146 8.305324867 9.163115311 10.05957638 10.40707072 10.2554817 10.02000716 10.37701871 10.54035379 10.51843788 10.29621573 9.997496954 10.45600669 10.92186471 11.07403697 10.9744727 10.83231391 10.7155857 10.62484579 10.55513344 10.5154074 10.45828487 10.44469683 10.40773631 10.34522274 10.27645816 10.15908765 10.07886987 9.992627044 9.930729841 9.973375469 9.727691903 9.223536506 8.785222465 7.184343238 4.754058255 -9999 -9999
-9999 -9999 -9999 -9999 -9999 -9999 -9999 -9999 -9999 -9999 -9999 -9999 -9999 -9999 -9999 -9999 -9999 7.672586586 9.650364729 11.16608851 12.15320481 12.34362875 12.00472408 11.31788684 10.3225518 9.517799246 8.849511329 8.583363568 9.051759224 9.760936563 10.11520036 10.14902263 10.08972016 10.29379596 10.42320332 10.38606503 10.10819973 9.935252937 10.33488239 10.82299312 11.01720219 10.96898973 10.79879007 10.71191601 10.63818988 10.55896329 10.50183329 10.43616585 10.37340553 10.29994723 10.21873212 10.15007139 10.07460885 10.0020748 10.00048303 9.896298685 9.914157337 9.618626654 8.543529748 7.153915413 5.513580563 -9999 -9999 -9999
