meets/meet004/data/CCSM_0k_neotropic_bio10.asc
NCOLS 154 
NROWS 168 
XLLCORNER -112 
YLLCORNER -55.5 
CELLSIZE 0.5 
NODATA_value -9999 
[rows 58 to 86 of 168, columns 64 to 127 of 154]
20.81872011 19.77459003 18.94406128 18.32601942 18.03343303 18.39429217 19.34160466 20.64471513 22.14483656 23.48200262 24.25698375 24.30485694 24.22498074 24.23355538 24.31387693 24.34487625 24.31861724 24.35851186 24.34326162 24.36571799 24.37955814 24.36584209 24.3627696 24.37121914 24.38787536 24.41985826 24.46825275 24.57194174 24.65145491 24.81392989 24.87107878 24.81927516 24.84559424 24.80828472 24.82714402 24.82440931 24.79731569 24.787029 24.74795342 24.74307041 24.80147552 24.90745639 25.08391497 25.27498609 25.45905318 25.61497762 25.71743701 25.70364248 25.6296361 25.4440801 25.16129887 24.79634593 24.47398634 24.36408009 24.34584472 24.40619311 24.55401728 24.69510228 24.87025736 24.99760959 25.25676295 25.62310774 25.87993373 -9999
20.76672443 19.90171671 19.22174717 18.63531625 18.2006549 18.6440769 19.87444924 21.31515831 22.59138808 23.6632437 24.32211496 24.3488827 24.27964022 24.33460555 24.37506209 24.40409931 24.41672773 24.41358424 24.42775977 24.44713138 24.44610884 24.44329265 24.44693058 24.44964457 24.45651037 24.49289865 24.52086349 24.57686974 24.69410748 24.78395763 24.84792537 24.8658771 24.84667406 24.88153189 24.89841725 24.92017702 24.95391798 24.96940056 24.98169103 24.99217607 25.07489324 25.19167187 25.35054618 25.53517835 25.72704981 25.80342718 25.79003966 25.69492567 25.5389096 25.2430514 24.97568627 24.74128164 24.47764051 24.47052989 24.56038536 24.64181256 24.75368793 24.90861361 25.00435369 25.14217594 25.30872754 25.47653742 25.59234411 25.59328321
20.93807983 20.3384794 19.82460785 19.1587995 18.72504643 19.14542772 20.35547596 21.76400991 22.91257886 23.79198117 24.36056696 24.40805464 24.33822279 24.3831406 24.4214737 24.44781443 24.45528795 24.46049911 24.47154406 24.48728936 24.49933187 24.50449243 24.51696237 24.52787243 24.54325645 24.56936808 24.59192093 24.62697233 24.69913331 24.77065809 24.83333633 24.8737017 24.90467073 24.9558325 25.00135666 25.05862956 25.11846348 25.17349998 25.20233201 25.24216219 25.3258662 25.42682727 25.57493811 25.72334196 25.87810249 25.94240252 25.91590787 25.81272175 25.62899449 25.37828428 25.14294665 24.94118568 24.77456421 24.72510005 24.7658383 24.81287476 24.88542075 25.02012242 25.11692336 25.23147444 25.33548762 25.40969814 25.4181544 25.34205181
21.17362549 20.8878 20.58734519 19.90147411 19.36659669 19.72558292 20.85829576 22.15159043 23.17444174 23.92672854 24.40310272 24.45220329 24.41561638 24.46328219 24.49946793 24.5207101 24.51867388 24.50931914 24.52276768 24.52858229 24.54352589 24.56466344 24.57768336 24.60327285 24.63097978 24.65673842 24.67511803 24.71633007 24.76194627 24.8138494 24.8803079 24.93930256 25.00595794 25.07427039 25.14133644 25.22440795 25.29896657 25.38200674 25.42328214 25.47621513 25.55593232 25.63879198 25.75892005 25.84472528 25.9603753 25.9908655 25.99189173 25.98560327 25.73996203 25.62408847 25.42965977 25.19262107 25.16938853 24.94481574 24.88744342 24.88925417 24.91694116 25.04825299 25.12956105 25.24651309 25.30233622 25.31885396 25.3180667 25.1988367
21.4757079 21.37597541 21.21907028 20.57763084 20.08510541 20.3706784 21.32828089 22.48827102 23.38013317 24.02873863 24.46755289 24.53649982 24.49866799 24.54370948 24.57772146 24.59597211 24.59143805 24.58136994 24.58150028 24.58715379 24.60370888 24.62965426 24.65513045 24.67191142 24.69017596 24.71589424 24.7388858 24.78138685 24.82561805 24.88454076 24.95870012 25.02882438 25.11320013 25.19235125 25.27804596 25.36992266 25.44873534 25.534812 25.58445491 25.64292097 25.71037456 25.76968488 25.84278677 25.88252211 25.92828461 25.92639571 25.89475079 25.8436881 25.66546314 25.51716491 25.33727881 25.15960276 25.0761021 24.91578047 24.86178496 24.84465433 24.85957052 24.9625604 25.04697766 25.15321766 25.20241264 25.18927706 25.14428488 25.04798146
21.66493242 21.68698666 21.81817921 21.11949944 20.62757232 20.9095918 21.81965745 22.86038051 23.64392377 24.21204416 24.57180186 24.60815651 24.58548342 24.62551038 24.66014568 24.67397624 24.66642434 24.66001784 24.65792138 24.65847703 24.67364957 24.70483191 24.73953898 24.73533736 24.7340346 24.75330613 24.78047242 24.82553731 24.87495143 24.94731822 25.03205796 25.1093635 25.21213282 25.29991595 25.39389337 25.49511348 25.57308963 25.65655648 25.7125155 25.76335238 25.81303636 25.85110911 25.88805163 25.88137396 25.85067506 25.78271401 25.70442077 25.59121969 25.39882776 25.18670517 25.01591096 24.90110019 24.77356366 24.71317349 24.69883733 24.6817372 24.69716206 24.79322661 24.87024875 24.99348956 25.04866834 25.00876047 24.96354593 24.90722911
21.58515282 21.5994626 21.62879644 21.2860377 21.05022739 21.43004859 22.33523473 23.30784866 23.95853596 24.35562834 24.65153283 24.71264037 24.69167287 24.71185218 24.71622911 24.72541889 24.73423476 24.73930861 24.74438257 24.74787168 24.75783675 24.77343937 24.78336674 24.78235491 24.77789617 24.79021282 24.80894889 24.84591059 24.89607329 24.96608369 25.06049559 25.16033679 25.27333065 25.36904911 25.46640717 25.57237682 25.66420322 25.74968059 25.79099035 25.82135762 25.85550706 25.88702122 25.89763393 25.86584113 25.78684173 25.65737881 25.50103009 25.29824452 25.09795776 24.8910703 24.71970008 24.62218345 24.53534973 24.47739427 24.43786832 24.42314372 24.43300826 24.48307085 24.59690327 24.71383765 24.80868921 24.86652609 24.86793201 24.87247846
21.49427044 21.57329026 21.4223941 21.4774889 21.44752944 21.93686122 22.89345612 23.86407962 24.37474805 24.5828301 24.76887639 24.82430642 24.81637762 24.8188573 24.78779557 24.78608161 24.81244684 24.82292195 24.83879685 24.84377241 24.84469444 24.84258305 24.83022973 24.83771899 24.82747594 24.83369392 24.84574645 24.85774749 24.91909975 24.97597965 25.07404473 25.19445429 25.3225045 25.41974015 25.51477984 25.62608425 25.72837849 25.8357294 25.84767998 25.85286643 25.86967152 25.89413148 25.91263545 25.83428572 25.73179362 25.5650458 25.33570176 25.04073137 24.8818203 24.67148298 24.50130243 24.43061002 24.32054384 24.26704605 24.20024852 24.17311051 24.17587187 24.15325777 24.35140885 24.47246355 24.6173347 24.78080361 24.85402781 24.96481745
21.74360236 21.78078456 21.98598271 21.80982908 21.93815453 22.45233505 23.29979372 24.28366647 24.61946794 24.79924275 24.96594562 24.95964829 24.95696521 24.93348715 24.90247462 24.89369188 24.89955667 24.92259104 24.92763913 24.93073395 24.9307414 24.92291518 24.91494473 24.91042047 24.90338766 24.90595654 24.91072232 24.9275326 24.97069798 25.03061086 25.12204496 25.22745017 25.34196342 25.44904749 25.5540826 25.66267242 25.75552673 25.83303233 25.8608873 25.86712446 25.87150458 25.87307193 25.8398072 25.76244689 25.63047716 25.45088064 25.25849699 25.0262201 24.81289503 24.59922853 24.41852515 24.3141849 24.20483783 24.13796647 24.06718319 24.04371571 24.06054535 24.10101591 24.24741752 24.39643 24.61931416 24.8814238 25.05691882 25.2265899
21.9531847 21.96147412 22.20580162 21.61746968 21.75654106 22.2199575 22.93821761 24.35525723 24.58257224 24.89899969 25.12449521 25.05863543 25.07418623 24.97830522 24.97849063 24.96833427 24.95297422 24.99877928 24.98632433 25.00624223 25.01199126 24.99968974 25.0008492 24.98868007 24.98793988 24.99074399 24.98840466 25.00226103 25.04534255 25.0984926 25.17918612 25.26569564 25.36203467 25.46510482 25.57139495 25.6716792 25.74587551 25.82244402 25.84452152 25.85637833 25.85981582 25.85106163 25.79394751 25.69609093 25.54444271 25.37373771 25.21685486 25.03994816 24.82393516 24.60808007 24.41687118 24.28911938 24.14280692 24.07425052 24.01236938 23.99464758 24.02893178 24.09924641 24.27296654 24.45235679 24.74233669 25.09020481 25.4082906 25.69082405
22.69946603 21.5223321 21.07006612 20.41019822 20.09741246 20.46067579 21.40781922 22.67040667 23.89068373 24.93868964 25.44134341 25.2181003 24.92133171 24.93103841 24.99606063 25.00494207 24.96891039 24.94799549 25.00850997 25.07652487 25.10433223 25.09040379 25.06523505 25.08070644 25.08908371 25.09626745 25.0983193 25.10184323 25.13990172 25.18669008 25.24867667 25.31340708 25.38735287 25.47064462 25.55276627 25.63366037 25.69886868 25.75164084 25.78350766 25.80183555 25.81351741 25.8315168 25.79559664 25.66040588 25.48686364 25.31460314 25.17749123 25.03181263 24.85156997 24.68102045 24.49616796 24.33191814 24.19876279 24.09321261 24.02408167 24.03333452 24.10207354 24.21640171 24.41592784 24.65184158 25.02534438 25.46554412 25.90773577 26.34254894
22.8691767 21.03911671 19.812359 18.9505129 18.15811808 18.46028075 19.58588189 21.03498523 23.13468863 25.00223653 25.77243173 25.34450675 24.80336905 24.85763697 25.03938151 25.07184495 24.99757737 24.92725144 25.03204534 25.16183585 25.21115263 25.19052026 25.16020027 25.19822385 25.22959023 25.23851394 25.23020341 25.21652174 25.24060957 25.27718829 25.32278636 25.36148425 25.41375163 25.47514266 25.52985606 25.5923188 25.64054717 25.681255 25.71212836 25.7334704 25.75380861 25.79576414 25.78507679 25.6106109 25.41365542 25.24413489 25.12030449 24.99889906 24.83848658 24.71424493 24.54050678 24.36922582 24.23777683 24.13818685 24.08458187 24.11973693 24.23708839 24.39898688 24.6530264 24.92826631 25.35056353 25.85944205 26.39683575 26.90693806
22.41648184 20.54725853 18.95935097 17.7172848 16.71577183 16.87158259 18.03641769 19.93318022 22.59318387 25.12163049 26.20432585 25.56754848 24.79100319 24.86594445 25.18621926 25.24853868 25.10534644 25.00202279 25.10387812 25.26762003 25.3406655 25.32481729 25.31204694 25.37113771 25.43803042 25.45340829 25.4123047 25.36540634 25.3723353 25.38367868 25.40294096 25.43072652 25.45195029 25.49160213 25.52263908 25.55889128 25.59492683 25.61889246 25.64268555 25.65773157 25.67469554 25.71208455 25.67378394 25.53089861 25.33144604 25.14583369 25.00915479 24.888266 24.74045942 24.62311939 24.48413087 24.33966901 24.24328979 24.19616239 24.20105514 24.31558958 24.50084344 24.72688757 25.01295935 25.31799288 25.76786539 26.26339198 26.76849418 27.27793173
22.48963323 20.42962327 18.54315997 17.04730621 15.50360588 15.51307116 16.80775996 18.86803564 22.07283476 25.18938242 26.4479232 25.62588789 24.74368636 24.89956007 25.33102156 25.41123392 25.20882468 25.06471296 25.17042957 25.36787552 25.45375164 25.43655687 25.45147221 25.54036243 25.65121549 25.67293779 25.60592731 25.53797098 25.52332071 25.51618375 25.51441782 25.514292 25.51414071 25.52859869 25.53498967 25.55342697 25.56951832 25.57392053 25.58814054 25.58891839 25.59784013 25.63041726 25.59764868 25.4768689 25.288021 25.06971034 24.87933334 24.69498226 24.50904057 24.42647388 24.33089192 24.24418018 24.24030917 24.30144222 24.39728658 24.60117667 24.85010061 25.14069178 25.47500002 25.80430829 26.24662801 26.70756828 27.1497754 27.54108616
-9999 20.99554603 19.2580091 16.82089371 14.62483763 14.42316569 15.78634215 18.02942548 21.4306402 24.79816263 26.31527043 25.61560374 24.76952884 24.93020346 25.40300446 25.5041358 25.28616532 25.12263874 25.22147507 25.42043076 25.52228357 25.52472473 25.55410549 25.68723132 25.83708516 25.88205302 25.81780522 25.74194039 25.7128585 25.69495172 25.66390796 25.63776255 25.60364005 25.5951328 25.58701366 25.57113282 25.56476725 25.55406338 25.54102493 25.53150214 25.52858859 25.55257342 25.53669095 25.46125337 25.32954542 25.08896872 24.7373331 24.38721656 24.28533079 24.17130729 24.14317048 24.20947009 24.26367597 24.45485653 24.6894625 24.97507569 25.25559232 25.62710933 25.94784103 26.3530234 26.78450332 27.17228719 27.57062932 27.79210376
-9999 -9999 20.17957262 16.95251012 14.32725686 13.8936789 15.15647575 17.37954002 20.69210361 24.17473614 25.81489463 25.35253452 24.73156472 24.94881207 25.40365698 25.50419569 25.30378899 25.16081978 25.25794858 25.44937235 25.55848173 25.58117076 25.64278375 25.79990619 25.97800798 26.04761977 25.99994514 25.94697353 25.91788297 25.89126724 25.84561838 25.78505738 25.72560486 25.68592805 25.65209369 25.61110034 25.5714765 25.53311024 25.49797516 25.47474658 25.46300658 25.48844976 25.46819047 25.40691303 25.28886833 25.04957192 24.69941602 24.36396621 24.30086079 24.23046629 24.23737758 24.36038702 24.43985046 24.64167918 24.91208215 25.20196912 25.49190616 25.89189847 26.24509141 26.67212298 27.11182838 27.4370212 27.79885587 27.93919014
-9999 -9999 -9999 17.39160726 14.59027067 13.79691485 14.79719606 16.82275705 19.70087389 23.1760837 25.00799192 24.87617419 24.73167588 24.99498653 25.28843316 25.42011945 25.29397093 25.21097586 25.29752189 25.44620896 25.56145241 25.62555289 25.7221858 25.8802894 26.05151948 26.14031979 26.14052293 26.13960073 26.09346361 26.07711502 26.01196487 25.91724478 25.84962849 25.76292432 25.71114211 25.63425357 25.55297971 25.49399177 25.44193404 25.41587728 25.39657133 25.40564405 25.38244752 25.29236599 25.14186692 24.97634264 24.80852283 24.65243504 24.59528014 24.60871347 24.65498558 24.70426345 24.80451546 24.94402417 25.04286013 25.30956094 25.62939019 25.93299732 26.38540319 26.78107225 27.16850941 27.53020068 27.80518648 27.92134903
-9999 -9999 -9999 18.11090521 15.11256517 14.10531808 14.64793716 16.30581868 18.64978831 21.70270691 23.66029931 24.24558303 24.5406852 24.93474698 25.21311779 25.36830378 25.29345546 25.25879265 25.34900434 25.47039872 25.58034644 25.65745803 25.76354979 25.92091264 26.07689731 26.1639154 26.17289599 26.17192007 26.15615455 26.13818169 26.06380268 25.94444254 25.83439955 25.7444795 25.67715621 25.58469985 25.48372862 25.40057805 25.36200119 25.34318245 25.32712604 25.33593083 25.30057655 25.21208279 25.10000413 25.02160704 24.98721974 24.97150743 24.97367855 25.0109282 25.07061915 25.14167008 25.23359403 25.29278419 25.36817263 25.60524222 25.92991459 26.24624642 26.59035264 26.87550176 27.1845758 27.46805991 27.69547207 27.79166891
-9999 -9999 -9999 18.82223735 15.764424 14.52637767 14.73089525 15.61193624 17.40825785 19.83425855 21.75929195 22.88693377 24.30572806 24.68602421 24.97925658 25.28992806 25.24335817 25.32115872 25.37054864 25.48151409 25.61019542 25.69268472 25.79130494 25.97451817 26.09216304 26.17073656 26.17449207 26.11136339 26.1718106 26.14896504 26.07662093 25.95334116 25.74455782 25.74737497 25.64501497 25.53533957 25.46756822 25.29060349 25.2891702 25.29913822 25.27349501 25.2697625 25.2351561 25.17499087 25.11966311 25.12969531 25.19315425 25.29268943 25.28932573 25.32074632 25.41371719 25.53583866 25.69846303 25.72599695 25.80177187 26.02038983 26.36184775 26.78994187 26.90329456 27.00199632 27.19213297 27.40927786 27.55002377 27.58198854
-9999 -9999 -9999 -9999 16.71259936 15.37199376 14.96409449 15.29261025 16.16173721 17.66420969 19.25873764 20.8602921 22.62698521 23.82227516 24.73300739 25.30404684 25.22975424 25.16872339 25.28365087 25.49306558 25.67654626 25.79703749 25.90738497 26.08246685 26.2081733 26.28133095 26.27582726 26.22994723 26.2702969 26.2727274 26.22170613 26.12360461 25.98484225 25.97553778 25.91740306 25.79361474 25.6368348 25.44190468 25.35460157 25.29896195 25.24405607 25.22218994 25.21243902 25.18752299 25.19087567 25.23816968 25.33412202 25.44327856 25.47282218 25.53087982 25.6536868 25.812154 25.99863062 26.07493357 26.17191788 26.37313543 26.63537493 26.92404574 27.05623225 27.14754348 27.27718549 27.40248958 27.43209588 27.36890647
-9999 -9999 -9999 -9999 17.84376698 16.32028717 15.45831621 14.85941063 14.50489678 15.0103198 16.06877183 17.70695514 20.2368875 22.11169786 24.14098825 25.29367362 24.95463704 24.83770472 25.20012591 25.52103249 25.79468832 25.94360878 26.07568254 26.25169783 26.39834377 26.47457656 26.45905966 26.43849211 26.45864814 26.48718795 26.46383379 26.40201819 26.37811412 26.34576828 26.37553183 26.22021875 25.93334335 25.6941102 25.43601251 25.30449343 25.2025529 25.1637223 25.18933664 25.20121033 25.24414913 25.33286126 25.41091777 25.52151496 25.62508057 25.69163112 25.8469542 26.03973847 26.22806674 26.36547272 26.47539193 26.63758599 26.78304993 26.8945822 27.12893471 27.30584976 27.38940308 27.43817051 27.39100509 27.19416075
-9999 -9999 -9999 -9999 -9999 17.68067911 15.72205297 13.8679535 12.63610473 12.15719647 12.73511957 14.26478491 16.54492745 19.40959669 22.44373288 24.31930862 24.67456962 24.83330891 25.19378716 25.6669389 26.01208464 26.12479041 26.24431224 26.41432342 26.55255705 26.63685832 26.64238114 26.61760597 26.65061183 26.68063872 26.67109702 26.62455604 26.61219217 26.66717209 26.71046882 26.52052994 26.14265955 25.75846186 25.436324 25.22796518 25.09099691 25.06453705 25.10956751 25.17217269 25.26781507 25.37996178 25.48117586 25.63200031 25.7961023 25.97852428 26.15163459 26.26821878 26.4177024 26.5845537 26.75905343 26.90573239 26.97253324 27.06499944 27.243344 27.42119138 27.4883332 27.46921834 27.33434788 27.09865453
-9999 -9999 -9999 -9999 -9999 19.76907454 16.19818044 12.70625147 11.36907848 9.801951096 9.661367355 11.2676849 12.71387021 16.40722729 20.29530392 22.80606197 23.62077465 24.56051264 25.09461493 25.7297069 26.33410451 26.41455756 26.41985565 26.79079777 26.76615193 26.84145499 26.85635059 26.80577801 26.88323614 26.89512545 26.8788317 26.81732762 26.76012971 26.83290377 26.94713819 26.72498978 26.23977906 25.72664394 25.42727255 25.13999749 24.97777298 25.00682843 25.00772266 25.14457556 25.27671512 25.41265972 25.53531281 25.69907774 25.92981555 26.24684342 26.45306867 26.46562677 26.55270404 26.8166216 27.05595512 27.1956792 27.21602891 27.24793622 27.39770745 27.54642482 27.54957552 27.452729 27.30784498 27.00402919
-9999 -9999 -9999 -9999 -9999 -9999 17.75317015 14.68116856 11.97772754 9.749695162 8.936129201 9.597548962 11.32351229 13.85792981 16.92732783 19.34388401 20.89634207 22.6513757 23.81751864 25.34312446 26.3850553 26.61530601 27.11964171 27.10033259 27.19824938 27.25564828 27.13522111 27.12850868 27.2008265 27.25733061 27.21452748 27.07245538 26.92644255 26.92549689 26.90345919 26.66612386 26.28586442 25.86067804 25.52519071 25.27497156 25.10367519 25.05761072 25.0832836 25.16222812 25.2887425 25.42068996 25.53565529 25.70856755 25.87382234 26.10110721 26.34981959 26.5644714 26.82714212 27.03093475 27.23549159 27.37522375 27.40937524 27.45451871 27.49920478 27.54129548 27.4765641 27.33632614 27.13832377 26.8450428
-9999 -9999 -9999 -9999 -9999 -9999 19.56267319 17.24672619 13.6338221 10.49499398 8.862448333 8.833649428 9.670556129 10.80709415 12.95104619 14.92659317 16.5805227 19.49273466 20.55511731 23.13034562 24.86102767 25.23911625 27.17677118 27.09395405 27.34887918 27.57911883 27.41718837 27.43418326 27.56053953 27.67170039 27.61097764 27.40110632 27.10392826 27.05100714 26.89231533 26.62937787 26.33746836 25.98438041 25.67952933 25.46212014 25.27770363 25.18123009 25.1536997 25.18963985 25.28059944 25.36688687 25.46348517 25.63468493 25.68163061 25.79329502 26.09810393 26.52872852 27.02910819 27.16345086 27.32557883 27.45671831 27.48229292 27.59674861 27.53411797 27.49185349 27.37506099 27.1911138 26.95188038 26.5936065
-9999 -9999 -9999 -9999 -9999 -9999 -9999 19.12415448 15.50256391 11.78320349 9.284839466 8.207026978 7.643316528 7.58988894 7.753191764 8.847112364 10.67715864 12.66192959 14.89489997 17.09065921 19.45135479 21.52901707 23.6602566 25.34577945 26.85375237 27.77954767 27.75446945 27.75757069 27.80124909 27.89447813 27.91240172 27.86311906 27.70137764 27.39919825 27.02242081 26.65626974 26.37355845 26.09635849 25.82767544 25.61076661 25.4160857 25.2850596 25.20727491 25.21053604 25.22394207 25.28503022 25.3747896 25.40199576 25.49504626 25.57277498 25.88193285 26.39052147 26.82857198 27.12369868 27.28186089 27.39161128 27.39208342 27.40102428 27.44094457 27.4751623 27.31151683 27.00154962 26.65991983 26.27320707
-9999 -9999 -9999 -9999 -9999 -9999 -9999 21.16554305 17.18467084 13.17099828 10.12598505 8.230280867 6.287350098 5.392267809 3.680135172 3.964758083 5.78646774 6.667260889 9.39724036 11.44239038 14.17858141 17.2108923 20.03690934 22.97108762 25.79641714 27.45075689 27.68059164 27.8252398 27.97422762 28.09269713 28.238192 28.39948446 28.34859874 27.85251313 27.21667234 26.69111417 26.40958702 26.17770829 25.90371204 25.72039572 25.50489226 25.3324855 25.25540599 25.26404749 25.26946393 25.36375425 25.46374931 25.40008595 25.59640171 25.57457023 25.846949 26.36592623 26.73179249 27.01001535 27.1784616 27.26581849 27.21098546 27.15836693 27.25365373 27.35777421 27.17462213 26.75183706 26.31861102 25.8992528
-9999 -9999 -9999 -9999 -9999 -9999 -9999 21.11519922 18.71957994 15.48406972 12.513149 9.993162866 7.39258911 5.592354004 3.819488539 3.212431518 3.972172323 4.630390646 5.988295883 7.170495493 9.794865184 13.36864309 16.86529098 20.29051362 23.58494979 26.03244268 26.93120542 27.50795606 27.80589759 28.16945337 28.49819753 28.78820852 28.91080917 28.18085429 27.30940579 26.72604566 26.38474706 26.17719445 26.03524135 25.85653844 25.68733982 25.52196698 25.3336288 25.53293775 25.69368016 25.84702436 26.03290157 26.08395047 26.10438246 26.10400115 26.2440156 26.49662015 26.75117921 26.95646648 27.0649743 27.09561373 27.01700653 26.94236195 26.960616 26.98221158 26.7407548 26.31087789 25.87258294 25.43084447
-9999 -9999 -9999 -9999 -9999 -9999 -9999 -9999 20.04157332 17.94806359 15.43154508 12.88625424 9.839482087 7.84851952 5.593498337 4.382321937 4.357110788 4.116175262 4.641218469 4.696166541 6.863501637 10.48690969 14.01593038 17.69551494 21.05006969 23.9673257 25.45357809 26.67330652 27.35807447 27.90177801 28.27036779 28.57395987 28.90489612 28.00198288 27.15379039 26.67088416 26.42567344 26.30920469 26.33203276 26.24493925 26.17076048 26.07391879 25.85144527 26.229832 26.48291286 26.65235106 26.84517279 26.83581497 26.67445174 26.55446344 26.54890395 26.61201033 26.79996204 26.96838821 27.03728638 27.02077788 26.86846544 26.66530847 26.54548773 26.47516224 26.16896249 25.7251184 25.305176 24.9063493
