meets/meet004/data/CCSM_6k_neotropic_bio11.asc
NCOLS 154 
NROWS 168 
XLLCORNER -112 
YLLCORNER -55.5 
CELLSIZE 0.5 
NODATA_value -9999 
[rows 87 to 115 of 168, columns 64 to 127 of 154]
-9999 -9999 -9999 -9999 -9999 -9999 -9999 -9999 -9999 17.58363207 16.14821918 14.14208011 11.78763949 8.525659376 5.541767947 3.195487486 1.824280863 0.690612206 0.084198379 -5.7e-05 1.390084827 4.019234257 7.288963295 10.883845 14.32018618 17.61999698 19.97649807 21.60513836 22.55871 23.20056695 23.61865274 23.61081504 23.32140304 23.12581146 22.79635133 22.650555 22.66166863 22.82313264 22.84466909 22.98587082 23.10740459 23.18508793 23.44307041 23.6500389 23.96155583 24.04759923 23.9070557 23.67998547 23.18254947 22.68399599 22.4832847 22.50918406 22.56208549 22.6474226 22.71000188 22.49726869 22.0743375 21.60225016 21.25116502 20.83443877 20.38246928 19.98560416 19.51147622 19.17939138
-9999 -9999 -9999 -9999 -9999 -9999 -9999 -9999 -9999 -9999 -9999 16.76770736 15.64132642 12.75274987 9.936054594 6.995339215 4.474269465 2.320918366 0.81845311 -0.01521636 0.671187209 2.260812092 4.675995186 7.788554552 10.74113384 14.15738413 17.20191898 19.7957873 21.41763962 22.25942936 22.85684152 22.90296181 22.49959193 22.77051703 22.81365162 22.80254335 23.04777217 23.1188472 23.14219115 23.40227592 23.59875355 23.78942939 24.16724716 24.33312321 24.56083714 24.53965897 24.27333725 24.01299757 23.40316924 22.75130677 22.46010132 22.49365529 22.58437884 22.66201316 22.6891437 22.42265427 21.91248895 21.30656601 20.82323316 20.23755819 19.70366356 19.36447446 18.88261425 18.6186052
-9999 -9999 -9999 -9999 -9999 -9999 -9999 -9999 -9999 -9999 -9999 -9999 -9999 15.60484913 13.94841025 11.2800307 7.878630969 4.347611077 2.486842288 0.74165075 0.075564915 1.143194194 2.345266799 4.676258086 7.537457416 10.57807844 13.67091004 16.8054544 19.21372805 21.00445362 22.05842437 22.31629724 22.80086015 22.99600506 22.94405336 23.28105543 23.24919374 23.27602709 23.31098961 23.32592996 23.59039652 24.00256295 24.38482832 24.55490846 24.58963246 24.47945251 24.38484928 24.06010052 23.50238108 22.90225791 22.53480682 22.61132165 22.6603852 22.43976917 22.37266519 22.02501601 21.52384042 21.14362793 20.53589388 20.00230194 19.5157971 19.09991008 18.7092432 18.39355699
-9999 -9999 -9999 -9999 -9999 -9999 -9999 -9999 -9999 -9999 -9999 -9999 -9999 -9999 -9999 14.69628104 11.98550205 8.665607101 5.951079535 2.991808631 1.26900217 0.955791454 1.164873481 2.492850726 4.186954463 6.685169249 9.544904516 12.69946568 15.46937068 18.11669642 20.28068967 21.40529694 22.34366066 22.94066025 23.30254858 23.49863297 23.48175829 23.38030969 23.34864003 23.36972946 23.59519777 24.02264346 24.31291448 24.44210095 24.47595312 24.46231307 24.41490843 24.1998997 23.79023927 23.22535374 22.79272938 22.60055167 22.34059732 21.82110395 21.43712613 21.00622003 20.63442216 20.43369951 20.06682905 19.72810821 19.38524554 19.08530608 18.717899 18.40539066
-9999 -9999 -9999 -9999 -9999 -9999 -9999 -9999 -9999 -9999 -9999 -9999 -9999 -9999 -9999 -9999 -9999 15.45970684 11.04659054 6.735433778 3.764802941 2.265095593 1.338415851 1.113315824 1.242565195 2.670416193 5.315124874 7.787435898 10.959589 13.50354139 16.30986974 18.76522515 20.88315686 22.15610848 22.92386732 23.50341261 23.4524063 23.35629547 23.34875536 23.40813836 23.56906919 23.86253839 24.16979644 24.34607938 24.45752573 24.51157179 24.51236144 24.40853828 24.09253145 23.77045238 23.19103875 22.45471186 21.65791116 20.89612538 20.00744291 19.50989831 19.47914946 19.25644588 19.40045155 19.43385977 19.30586412 19.12958006 18.84523447 18.5083521
-9999 -9999 -9999 -9999 -9999 -9999 -9999 -9999 -9999 -9999 -9999 -9999 -9999 -9999 -9999 -9999 -9999 17.92912434 14.70837419 10.81648484 7.453432735 4.689036704 2.457881565 0.992968073 0.184024344 0.778480275 2.697691104 4.709994936 7.394690968 9.792368391 12.8052279 15.86564901 18.5447544 20.7926516 22.23825666 23.193215 23.26893043 23.04183301 23.00438797 23.09634018 23.30730448 23.65368898 23.99407783 24.24315836 24.41470963 24.4903498 24.48053072 24.41524753 24.21534324 23.89855182 23.22532415 22.32143551 21.27225524 20.29191104 19.33457352 18.83215527 18.88313937 18.88237834 19.14628566 19.26157173 19.23099549 19.14059096 18.90950864 18.53596425
-9999 -9999 -9999 -9999 -9999 -9999 -9999 -9999 -9999 -9999 -9999 -9999 -9999 -9999 -9999 -9999 -9999 -9999 -9999 14.61501874 11.38992975 7.515670268 3.925731264 1.779230101 0.737024803 0.492441392 1.479334922 2.976069052 5.246783796 7.218437841 10.15237666 13.25012312 16.18460484 19.23307371 21.55485555 22.97994087 22.98041126 22.72034255 22.78690022 22.76645571 22.99476974 23.46067932 23.80922551 24.11354639 24.30462137 24.3766184 24.36744459 24.2554778 24.00553046 23.7495633 23.08465463 22.15577454 21.13060132 20.2253352 19.33415903 18.89103518 19.01830882 19.13817801 19.27521977 19.30066 19.28116503 19.25952753 18.97553793 18.45824338
-9999 -9999 -9999 -9999 -9999 -9999 -9999 -9999 -9999 -9999 -9999 -9999 -9999 -9999 -9999 -9999 -9999 -9999 -9999 16.3747464 13.72288338 9.844032768 6.081833914 2.951238837 1.081461851 0.403776171 1.16974422 2.677003014 4.327219469 6.094745606 8.751637931 11.59420245 14.57492221 17.94263705 20.72375474 22.48075974 22.84987374 22.6530238 22.73509921 22.79310331 23.03366114 23.41424336 23.7724802 24.11313294 24.28097465 24.29736188 24.17859785 23.95894204 23.65898097 23.30579699 22.73304637 22.07041669 21.35179552 20.62288366 19.96769155 19.5941764 19.59845514 19.65214439 19.72759384 19.75903672 19.66331303 19.52946307 19.15222125 18.37538623
-9999 -9999 -9999 -9999 -9999 -9999 -9999 -9999 -9999 -9999 -9999 -9999 -9999 -9999 -9999 -9999 -9999 -9999 -9999 -9999 15.30282766 11.76127121 7.9916361 4.022041637 1.1387416 0.001764129 1.042135137 2.807353625 4.18606743 5.66786801 8.045612238 10.52889305 13.37753832 16.96014916 20.09384941 22.12041782 22.60150182 22.78400727 22.86267062 22.97114372 23.21724375 23.50222789 23.85218123 24.08923683 24.28622673 24.22049847 23.94864809 23.59990228 23.13271208 22.70931819 22.28774371 21.97239494 21.67903452 21.15117771 20.7728201 20.47046408 20.28619216 20.23217243 20.19121106 20.28901789 20.04711172 19.67364817 19.40553167 18.11266004
-9999 -9999 -9999 -9999 -9999 -9999 -9999 -9999 -9999 -9999 -9999 -9999 -9999 -9999 -9999 -9999 -9999 -9999 -9999 -9999 16.05710134 12.82462637 8.916624873 4.492262649 1.13153728 -0.194706894 0.810344158 2.845049211 4.250220935 5.740518313 7.957063147 10.15720921 12.86158137 16.33225717 19.53421872 21.6666732 22.32806359 22.53171351 22.95515538 23.20563466 23.46712096 23.59505046 23.77194947 23.95943896 24.13986828 23.9897816 23.62395498 23.11127262 22.47918478 21.98458292 21.69211684 21.73520056 21.81009344 21.56976125 21.30978251 21.06387083 20.85130507 20.72340149 20.50936792 20.3048079 19.83649109 19.25183852 18.4917239 17.38641168
-9999 -9999 -9999 -9999 -9999 -9999 -9999 -9999 -9999 -9999 -9999 -9999 -9999 -9999 -9999 -9999 -9999 -9999 -9999 -9999 16.61901801 13.43931875 9.520942202 4.547032242 0.604560158 -0.856606572 0.525130784 2.821889829 4.345331474 5.847641741 8.002718118 9.969819758 12.38432597 16.10428783 19.31332632 21.44297406 22.05268538 22.23136064 22.81694272 23.30122578 23.57419697 23.55150059 23.54392874 23.70732189 23.89165657 23.65428689 23.15247083 22.59451279 21.8177552 21.17116719 21.01432554 21.4659089 21.90899519 21.70754179 21.5613312 21.39430259 21.18283382 21.07564533 20.60145706 20.10329063 19.40784632 18.6058438 17.45427422 16.68713401
-9999 -9999 -9999 -9999 -9999 -9999 -9999 -9999 -9999 -9999 -9999 -9999 -9999 -9999 -9999 -9999 -9999 -9999 -9999 -9999 16.62011901 13.13210558 8.761125846 4.10765892 0.41717064 -1.000313708 0.144178281 2.336871374 4.203251092 6.083038386 8.332540207 10.25956255 12.67878855 16.06777899 19.27601447 21.35617635 21.88990676 22.01861797 22.52782717 22.99304981 23.2731772 23.3024226 23.28256173 23.35692839 23.38864304 23.05793225 22.48906364 21.84728313 21.18760598 20.76515458 20.66998687 21.01196153 21.44881137 21.49949152 21.4863734 21.37821552 21.17031108 20.93481698 20.4375335 19.86969939 19.08982503 18.23197263 17.31332049 16.3982766
-9999 -9999 -9999 -9999 -9999 -9999 -9999 -9999 -9999 -9999 -9999 -9999 -9999 -9999 -9999 -9999 -9999 -9999 -9999 -9999 16.73697927 12.53688784 7.895734351 3.460029462 0.015186035 -1.221852497 0.047681084 1.923668134 4.215027787 6.443340461 8.744877489 10.54169383 12.7765576 16.20243131 19.47715357 21.48137404 21.70900183 21.75183902 22.18955493 22.6450611 22.87859541 22.92077874 22.91767367 22.87870236 22.80918357 22.41568748 21.79356069 21.09458593 20.62571938 20.28928061 20.21174814 20.49958835 20.89687938 20.92336341 21.05849953 21.03764695 20.8582308 20.66788843 20.13060417 19.53590731 18.75083629 17.90435551 17.18236003 16.26767936
-9999 -9999 -9999 -9999 -9999 -9999 -9999 -9999 -9999 -9999 -9999 -9999 -9999 -9999 -9999 -9999 -9999 -9999 -9999 -9999 16.54882594 11.81898503 6.652005768 2.717412634 0.160133688 -0.752783424 0.371048492 2.449672537 4.575013093 6.787091371 9.110652134 10.9108508 13.12244666 16.3405679 19.42936575 21.29106555 21.55420293 21.48706081 21.88505784 22.31193288 22.49154316 22.39988446 22.22778707 22.2953555 22.23601533 21.84977739 21.24212813 20.57801433 20.11076058 19.77324312 19.61345993 19.71674152 19.86650713 19.99209982 20.11100373 20.14313928 20.14956599 19.9909714 19.45998192 18.83704934 18.07977334 17.27403232 16.56984566 15.95388769
-9999 -9999 -9999 -9999 -9999 -9999 -9999 -9999 -9999 -9999 -9999 -9999 -9999 -9999 -9999 -9999 -9999 -9999 -9999 -9999 16.60667909 11.19833041 5.441816769 2.245844795 0.365248704 -0.258833381 0.975501364 2.889883032 5.124763993 7.31056949 9.553717545 11.17461848 13.27926476 16.41842864 19.42813515 21.17052944 21.19748193 21.11666687 21.53327757 21.93876061 22.08877821 21.89827396 21.65090147 21.82754772 21.84282649 21.50729581 20.99084494 20.18665253 19.76525942 19.33602836 19.06981745 19.05110685 18.94242024 19.1223713 19.16272707 19.17346373 19.26625497 19.14947316 18.47087562 17.81473775 17.08472625 16.38385198 15.8161481 15.45599337
-9999 -9999 -9999 -9999 -9999 -9999 -9999 -9999 -9999 -9999 -9999 -9999 -9999 -9999 -9999 -9999 -9999 -9999 -9999 18.73965419 16.08956024 10.80972358 5.584207036 2.25774652 0.762970509 0.374119471 1.482574936 3.513596405 5.630680908 7.8941215 10.10803096 11.67018093 13.60443316 16.45786818 19.15359297 20.69403189 20.76177824 20.60206665 20.95768034 21.38212605 21.53045245 21.39207769 21.29211998 21.43275043 21.62310005 21.38178066 20.85770446 20.25022269 19.61498653 19.07476446 18.70706241 18.59512287 18.53167849 18.51103877 18.45578172 18.32446057 18.18717758 17.77324769 17.18543453 16.38684257 15.76959992 15.35758651 14.99120306 14.8785961
-9999 -9999 -9999 -9999 -9999 -9999 -9999 -9999 -9999 -9999 -9999 -9999 -9999 -9999 -9999 -9999 -9999 -9999 -9999 18.46370422 15.80480068 10.46028566 5.213842441 2.122670187 0.941466908 0.672842208 1.836909847 3.885882781 6.150327599 8.451864408 10.63062695 12.0658552 13.88122299 16.50223329 18.90550269 20.21223191 20.14225293 19.96008433 20.2815434 20.67837611 20.86704891 20.79373903 20.72954509 20.92569155 21.21478717 21.07063907 20.63483587 20.13300274 19.44549144 18.84137992 18.43677966 18.27834718 18.16974449 18.09233763 17.87674657 17.59719213 17.25816349 16.66246679 16.07397186 15.26042099 14.69673616 14.55101404 14.35955084 14.44187382
-9999 -9999 -9999 -9999 -9999 -9999 -9999 -9999 -9999 -9999 -9999 -9999 -9999 -9999 -9999 -9999 -9999 -9999 -9999 17.9885075 15.16299203 9.797630643 4.732421617 1.700950174 0.621684671 0.598384948 1.906741523 4.187965148 6.513492392 8.92873397 11.12840785 12.66887582 14.34119583 16.54087518 18.48762045 19.57745708 19.61150421 19.37743262 19.6718586 19.97365482 20.11828955 20.09623421 20.02909475 20.22813449 20.37566022 20.30511254 20.07578433 19.66205269 19.11249466 18.58941282 18.1609528 17.96180085 17.82922289 17.5631868 17.3316328 16.89280848 16.40009354 15.87231975 15.22410896 14.61392722 14.31684149 14.17480077 14.17435824 14.59251087
-9999 -9999 -9999 -9999 -9999 -9999 -9999 -9999 -9999 -9999 -9999 -9999 -9999 -9999 -9999 -9999 -9999 -9999 -9999 17.32297207 14.31679709 8.846421921 3.734381853 0.809815231 -0.054563231 0.08300393 1.64165869 4.170482234 6.799234714 9.407894097 11.65900568 13.0089716 14.54945821 16.43941554 18.08034912 19.09559076 19.12565581 19.0073395 19.29392258 19.4479906 19.53961167 19.54988421 19.42385795 19.51329947 19.60330966 19.51686918 19.42982745 19.14347808 18.73791289 18.3275452 17.90049177 17.59392977 17.25818913 16.78536733 16.3957929 15.90400467 15.38599333 14.93235387 14.42493549 13.99139634 13.90249328 14.11816154 14.57443114 15.46505509
-9999 -9999 -9999 -9999 -9999 -9999 -9999 -9999 -9999 -9999 -9999 -9999 -9999 -9999 -9999 -9999 -9999 -9999 -9999 16.33234496 13.05323247 7.537061546 2.453197666 -0.210693377 -1.037085956 -0.62478329 1.24684414 3.930066159 7.003599816 9.871999739 12.16877068 13.37672022 14.50219435 16.09728671 17.65154195 18.55786384 18.75197995 18.86417094 18.95724512 19.1155159 19.13994839 19.00095533 18.97998198 18.90437084 18.90431575 18.84010709 18.74155015 18.63534 18.4369667 18.15666332 17.7086208 17.1415708 16.47266271 15.84331847 15.14044207 14.56053264 14.21205011 13.78254927 13.40460228 13.16083308 13.56408934 14.4351584 15.55288847 16.91672696
-9999 -9999 -9999 -9999 -9999 -9999 -9999 -9999 -9999 -9999 -9999 -9999 -9999 -9999 -9999 -9999 -9999 -9999 -9999 15.2354183 11.76408986 6.34927249 1.398795981 -1.061563345 -1.664245761 -1.117423353 0.879573682 3.690662569 7.039959664 10.18970861 12.56153142 13.62444978 14.46095425 15.83955403 17.13273072 17.97768433 18.25144585 18.40755905 18.49580202 18.55472281 18.55032646 18.42372682 18.3433015 18.22524401 18.17919603 18.11548926 18.10225229 18.07489984 18.008021 17.83415073 17.35829039 16.67362322 15.8410143 15.08843558 14.30020631 13.70710771 13.37908547 13.03141008 12.69507301 12.67639032 13.44605127 14.95486749 16.68010958 18.192911
-9999 -9999 -9999 -9999 -9999 -9999 -9999 -9999 -9999 -9999 -9999 -9999 -9999 -9999 -9999 -9999 -9999 -9999 -9999 14.26864734 10.70621542 5.327410105 0.485092919 -1.428145674 -1.935438946 -1.177632288 0.920714081 3.606338157 7.213807726 10.5603558 12.88615825 13.77913854 14.48749825 15.61044714 16.64820734 17.33344195 17.58961646 17.7069786 17.81778395 17.83843509 17.79262942 17.68462936 17.51544715 17.4575504 17.40371453 17.3894151 17.47315543 17.48595325 17.50988795 17.39568601 16.95333122 16.26978128 15.42133179 14.62817757 13.91736782 13.30811229 12.94020564 12.67830937 12.30503149 12.29883782 13.46896475 15.59440192 17.93607347 -9999
-9999 -9999 -9999 -9999 -9999 -9999 -9999 -9999 -9999 -9999 -9999 -9999 -9999 -9999 -9999 -9999 -9999 -9999 -9999 13.19288441 9.703441188 4.96039962 0.900067973 -0.867049637 -1.049053562 -0.22556885 1.682312642 4.281375345 7.633002157 10.81997248 13.07832882 13.9769348 14.55857485 15.4919905 16.28895079 16.81392021 17.02296603 17.06330562 17.11974781 17.08193932 17.02806498 16.94780358 16.82009486 16.81348795 16.78348073 16.80583036 16.90030757 16.93138185 17.01146292 16.93939103 16.53656529 15.88293828 15.07266262 14.32209154 13.62401233 13.02903841 12.64206589 12.37984998 11.98711235 12.09053691 13.40313691 15.83396123 18.21452056 -9999
-9999 -9999 -9999 -9999 -9999 -9999 -9999 -9999 -9999 -9999 -9999 -9999 -9999 -9999 -9999 -9999 -9999 -9999 14.28271104 12.115575 8.878883272 4.750849573 1.493856557 0.327751027 0.395542432 1.32074623 3.014209203 5.222879093 8.300575111 11.19039335 13.18636283 13.97982276 14.65751801 15.34162953 16.02217988 16.35998862 16.45359611 16.50479336 16.48355876 16.39475439 16.3571416 16.28755687 16.23972716 16.2657367 16.29848791 16.36573592 16.39497016 16.42016109 16.52292723 16.5364167 16.18935781 15.55124968 14.78038339 14.06044174 13.37128301 12.79060107 12.41180237 12.08575721 11.7917911 11.7863817 13.17318161 15.78662236 18.25638496 -9999
-9999 -9999 -9999 -9999 -9999 -9999 -9999 -9999 -9999 -9999 -9999 -9999 -9999 -9999 -9999 -9999 -9999 -9999 13.35013447 10.43848385 7.414258179 4.484373408 2.474291937 1.595558903 1.936133198 2.935874583 4.49836477 6.615833231 9.020968768 11.21012802 12.93462856 13.84171316 14.43421029 15.01967546 15.45300679 15.70976784 15.8102115 15.80912771 15.84190994 15.799059 15.77381414 15.74526836 15.70622671 15.77196133 15.85500158 15.91769332 15.939849 15.95931843 16.06543869 16.10054828 15.80254486 15.24854922 14.55869025 13.88624653 13.24937784 12.69237389 12.3025028 12.01472674 11.64530461 11.72118218 13.09560552 15.64154873 17.99039009 -9999
-9999 -9999 -9999 -9999 -9999 -9999 -9999 -9999 -9999 -9999 -9999 -9999 -9999 -9999 -9999 -9999 -9999 -9999 12.01917915 8.2599058 5.542367558 3.903821814 3.019713265 2.899375774 3.350584852 4.470004602 6.084605674 8.053324264 9.798726899 11.31841251 12.6685175 13.61180017 14.22211988 14.65523068 14.88239425 15.03435454 15.10907008 15.05426494 15.19422455 15.27331342 15.26030239 15.20699295 15.12297028 15.24702131 15.3906604 15.47262776 15.45854881 15.48757646 15.55535274 15.6437548 15.40033765 14.88055661 14.36148926 13.71970137 13.16419022 12.6982876 12.34360505 12.03048 11.79179911 11.69915743 13.01838785 15.63383971 18.04702663 -9999
-9999 -9999 -9999 -9999 -9999 -9999 -9999 -9999 -9999 -9999 -9999 -9999 -9999 -9999 -9999 -9999 -9999 -9999 10.40404388 5.73693381 3.219946054 2.902275203 3.597819156 4.216881978 5.174505039 6.345027501 7.52100281 8.893155794 10.36305971 11.74362319 12.89476137 13.58820065 14.04971877 14.32952563 14.38541372 14.48915273 14.63641734 14.73268537 14.77361253 14.75476775 14.7357437 14.68369765 14.67733366 14.73389839 14.85443216 14.9207202 14.91440207 14.919474 14.95420281 14.95463853 14.73945272 14.35497792 13.91110878 13.47011577 13.07885906 12.75696363 12.55702376 12.38885176 12.125923 12.18816398 13.45676614 15.79973738 17.89666224 -9999
-9999 -9999 -9999 -9999 -9999 -9999 -9999 -9999 -9999 -9999 -9999 -9999 -9999 -9999 -9999 -9999 -9999 14.27468606 8.889941861 3.142543483 0.957132891 2.406549886 4.095766356 5.375009133 6.87298558 8.021696035 8.593552419 9.571860016 10.89012257 12.22888232 13.22541106 13.62991565 14.03983248 13.99153872 13.97341974 14.07943457 14.25396093 14.51842666 14.37907598 14.29039652 14.20942363 14.13377336 14.17021947 14.20060983 14.27338614 14.31487221 14.29610057 14.30964075 14.2840616 14.21619538 14.04211306 13.78891995 13.42731548 13.20734135 12.99617559 12.82162279 12.77241149 12.87573316 12.85898166 12.90872225 14.12530603 16.26917359 -9999 -9999
-9999 -9999 -9999 -9999 -9999 -9999 -9999 -9999 -9999 -9999 -9999 -9999 -9999 -9999 -9999 -9999 -9999 12.22523563 7.766610848 3.06658953 1.270887093 2.379326749 4.572377091 6.208103865 7.738136035 8.865299671 9.286656256 9.956279292 10.99479647 12.31572933 13.13169433 13.39043569 13.66058843 13.54105003 13.53885749 13.6070231 13.78523579 13.95557096 13.84277638 13.69917564 13.62318665 13.5379657 13.58471512 13.60276557 13.64613393 13.66692551 13.6445722 13.60609208 13.58218947 13.52596607 13.42797703 13.29737166 13.155079 13.01690273 12.91956588 12.96169995 13.06009769 13.35841394 13.82882367 14.55681966 15.66992392 -9999 -9999 -9999
