meets/meet004/data/CCSM_0k_neotropic_bio09.asc
NCOLS 154 
NROWS 168 
XLLCORNER -112 
YLLCORNER -55.5 
CELLSIZE 0.5 
NODATA_value -9999 
[rows 29 to 57 of 168, columns 64 to 127 of 154]
-9999 -9999 -9999 -9999 -9999 -9999 -9999 -9999 -9999 -9999 -9999 -9999 -9999 -9999 -9999 -9999 -9999 -9999 -9999 -9999 -9999 -9999 -9999 -9999 -9999 -9999 -9999 -9999 -9999 -9999 -9999 -9999 -9999 -9999 -9999 -9999 -9999 24.52853282 -9999 -9999 -9999 -9999 -9999 -9999 -9999 -9999 -9999 -9999 -9999 -9999 -9999 -9999 -9999 -9999 -9999 -9999 -9999 -9999 -9999 -9999 -9999 -9999 -9999 -9999
-9999 -9999 -9999 -9999 -9999 -9999 -9999 -9999 -9999 -9999 -9999 -9999 -9999 -9999 -9999 -9999 -9999 -9999 -9999 -9999 -9999 -9999 -9999 -9999 -9999 -9999 -9999 -9999 -9999 -9999 -9999 -9999 -9999 -9999 -9999 -9999 -9999 24.64870512 -9999 -9999 -9999 -9999 -9999 -9999 -9999 -9999 -9999 -9999 -9999 -9999 -9999 -9999 -9999 -9999 -9999 -9999 -9999 -9999 -9999 -9999 -9999 -9999 -9999 -9999
-9999 -9999 -9999 -9999 -9999 -9999 -9999 -9999 -9999 -9999 -9999 -9999 -9999 -9999 -9999 -9999 -9999 -9999 -9999 -9999 -9999 -9999 -9999 -9999 -9999 -9999 -9999 -9999 -9999 -9999 -9999 -9999 -9999 -9999 -9999 -9999 -9999 -9999 -9999 -9999 -9999 -9999 -9999 -9999 -9999 -9999 -9999 -9999 -9999 -9999 -9999 -9999 -9999 -9999 -9999 -9999 -9999 -9999 -9999 -9999 -9999 -9999 -9999 -9999
-9999 -9999 -9999 -9999 -9999 -9999 -9999 -9999 -9999 -9999 -9999 -9999 -9999 -9999 -9999 -9999 24.6563393 -9999 -9999 -9999 -9999 -9999 -9999 -9999 -9999 -9999 -9999 -9999 -9999 -9999 -9999 -9999 -9999 -9999 -9999 -9999 24.82562301 -9999 -9999 -9999 -9999 -9999 -9999 -9999 -9999 -9999 -9999 -9999 -9999 -9999 -9999 -9999 -9999 -9999 -9999 -9999 -9999 -9999 -9999 -9999 -9999 -9999 -9999 -9999
-9999 -9999 -9999 -9999 -9999 -9999 -9999 -9999 -9999 -9999 -9999 -9999 -9999 -9999 24.93271298 24.90351568 24.75728964 -9999 -9999 -9999 -9999 -9999 -9999 -9999 -9999 -9999 -9999 -9999 -9999 -9999 -9999 -9999 -9999 -9999 -9999 -9999 -9999 -9999 -9999 -9999 -9999 -9999 -9999 -9999 -9999 -9999 -9999 -9999 -9999 -9999 -9999 -9999 -9999 -9999 -9999 -9999 -9999 -9999 -9999 -9999 -9999 -9999 -9999 -9999
-9999 -9999 -9999 -9999 -9999 -9999 -9999 -9999 -9999 -9999 24.74109663 24.92771848 25.02957924 25.12905452 25.13916074 24.97218341 -9999 -9999 23.9983954 24.3154251 23.98949672 23.73874053 23.43185066 -9999 -9999 -9999 -9999 -9999 -9999 -9999 -9999 -9999 -9999 -9999 -9999 -9999 -9999 -9999 -9999 -9999 -9999 -9999 -9999 -9999 -9999 -9999 -9999 -9999 -9999 -9999 -9999 -9999 -9999 -9999 -9999 -9999 -9999 -9999 -9999 -9999 -9999 -9999 -9999 -9999
-9999 -9999 -9999 -9999 -9999 -9999 -9999 -9999 -9999 25.34290594 25.40046973 25.58043041 25.57684679 25.35438352 25.20300179 24.92281469 24.467243 24.02057943 23.78744994 23.34473633 23.04675565 22.95793183 23.30543977 23.51989749 -9999 -9999 -9999 -9999 -9999 -9999 -9999 -9999 -9999 -9999 -9999 -9999 -9999 -9999 -9999 -9999 -9999 -9999 -9999 -9999 -9999 -9999 -9999 -9999 -9999 -9999 -9999 -9999 -9999 -9999 -9999 -9999 -9999 -9999 -9999 -9999 -9999 -9999 -9999 -9999
-9999 -9999 -9999 -9999 -9999 -9999 -9999 -9999 -9999 26.74208176 26.66849384 26.25730786 25.81542303 25.27627141 24.82729414 24.42360814 24.18485425 24.05822857 23.74938774 23.53616838 23.44189336 23.4103884 23.44150072 23.6733512 24.65973487 24.87084739 25.20908493 25.46295601 25.77875177 26.00453412 26.09179991 26.05592915 25.92727289 25.66479803 25.37256391 -9999 -9999 -9999 -9999 -9999 -9999 -9999 -9999 -9999 -9999 -9999 -9999 -9999 -9999 -9999 -9999 -9999 -9999 -9999 -9999 -9999 -9999 -9999 -9999 -9999 -9999 -9999 -9999 -9999
-9999 -9999 -9999 -9999 -9999 -9999 -9999 -9999 -9999 27.84432529 27.61078327 26.77192704 25.95219346 25.03809755 24.26133819 23.78310867 23.68902664 23.7780908 23.56496397 23.61488488 23.78656295 24.12874276 24.54001599 24.95288913 25.17600108 25.40859801 25.63271012 25.78804519 25.83292598 27.30097643 27.22377395 26.89833846 26.7481532 26.23237129 25.81630032 25.51559492 25.28942469 -9999 -9999 -9999 -9999 -9999 -9999 -9999 -9999 -9999 -9999 -9999 -9999 -9999 -9999 -9999 -9999 -9999 -9999 -9999 -9999 -9999 -9999 -9999 -9999 -9999 -9999 -9999
24.8235569 24.93172688 25.07942707 25.32968661 -9999 -9999 -9999 -9999 27.67565533 27.95674181 27.63116034 26.75798638 25.87400032 24.50176087 23.4821279 22.80096213 22.60312814 22.81565171 22.74769736 22.99191979 23.69101413 24.73038191 25.85808243 26.28103326 26.60380034 26.78607796 26.69217801 26.65478574 26.49999986 26.33410669 26.06465553 27.20875838 26.81954967 26.45278167 26.13652755 25.82052661 25.57775373 25.39542691 -9999 -9999 -9999 -9999 -9999 -9999 -9999 -9999 -9999 -9999 -9999 -9999 -9999 -9999 -9999 -9999 -9999 -9999 -9999 -9999 -9999 -9999 -9999 -9999 -9999 -9999
24.83862931 -9999 -9999 25.16771328 25.50176129 25.85898395 26.19723981 26.89212435 27.03421147 27.32304256 27.0652811 26.23072667 25.2854508 23.68840375 22.31204162 21.36761025 21.09827185 21.2865474 21.45999341 22.11074815 23.25099453 24.88841434 26.53894403 27.14668071 27.49350963 27.69128099 27.42917845 27.3207723 27.0070999 26.66883407 26.32644819 25.94981931 27.01030312 26.68417329 26.41938063 26.1119414 25.9037603 25.73312129 -9999 -9999 -9999 -9999 -9999 -9999 -9999 -9999 -9999 -9999 -9999 -9999 -9999 -9999 -9999 -9999 -9999 -9999 -9999 -9999 -9999 -9999 -9999 -9999 -9999 -9999
-9999 -9999 -9999 25.0597651 24.74975478 24.71863085 24.95478344 25.10700745 25.4660025 25.94386475 25.65197957 24.9948343 24.10065299 22.27892249 20.57975993 19.61469241 19.11475061 19.29160938 20.38422675 21.37538962 23.0265543 25.10786273 26.5366506 27.35556995 27.77672037 27.88890143 27.76476188 27.61622416 27.02649463 26.86017302 26.44222491 25.96355474 25.89334223 26.81909079 26.56309382 26.33918761 26.11286836 26.14317274 26.02633447 26.05592912 25.95855311 -9999 -9999 -9999 -9999 -9999 -9999 -9999 -9999 -9999 -9999 -9999 -9999 -9999 -9999 -9999 -9999 -9999 -9999 -9999 -9999 -9999 -9999 -9999
-9999 -9999 -9999 25.05506759 24.43178206 24.05952951 23.80080859 23.5481369 23.76022711 23.95149804 23.53244278 22.7865925 21.79071516 20.08049793 18.55388856 17.79859727 17.72909867 18.3853447 20.35203934 22.25153686 24.14348742 25.87803906 26.86083364 27.47564525 27.72649007 27.73530187 27.35837999 27.03897002 26.30808088 25.94318762 25.4730814 25.04604529 25.04605591 26.34629304 26.22672445 26.13202468 26.05275916 26.1993757 26.12477284 26.20882879 26.12232863 25.92693701 -9999 -9999 -9999 -9999 -9999 -9999 -9999 -9999 -9999 -9999 -9999 -9999 -9999 -9999 -9999 -9999 -9999 -9999 -9999 -9999 -9999 -9999
-9999 -9999 -9999 -9999 24.75525128 23.94965941 23.13134674 22.29237655 21.98600206 21.72531846 21.00972733 20.03933635 18.63967713 17.62068546 16.43495098 16.31830481 17.07480118 18.40289321 21.37178088 24.69575728 26.63599299 27.0338275 27.33009565 27.40254118 27.47497603 27.08110179 26.24084998 25.61003179 24.75412435 24.00890576 23.50294307 23.27698094 23.06928541 25.18465198 25.34751215 25.41352605 25.49163677 25.77113227 25.67106792 25.84628111 25.91949571 25.81285028 25.97814991 -9999 -9999 -9999 -9999 -9999 -9999 -9999 -9999 -9999 -9999 -9999 -9999 -9999 -9999 -9999 -9999 -9999 -9999 -9999 -9999 -9999
-9999 -9999 -9999 -9999 -9999 24.17360021 22.79474619 21.34981894 20.50817962 19.77849829 18.85167869 17.97783978 16.84338424 16.03227179 15.33076309 15.79223289 17.20102478 19.32728865 22.56397068 25.78868884 27.50639386 27.51770148 27.16848935 26.72974809 26.31987232 25.54567552 24.4927306 23.62750688 22.90719224 22.35068302 21.88860412 21.62091949 21.37425902 21.42897134 23.9957871 24.10203189 24.22288822 24.44824164 24.45513922 24.64804848 24.92291904 25.22404795 25.62601232 25.77703893 -9999 -9999 -9999 -9999 -9999 -9999 -9999 -9999 -9999 -9999 -9999 -9999 -9999 -9999 -9999 -9999 -9999 -9999 -9999 -9999
-9999 -9999 -9999 -9999 -9999 24.46430639 22.50239313 20.51864536 19.14768212 18.14502837 17.16350355 16.60015314 16.0793313 15.47594965 14.98004413 16.03110316 18.14415102 20.66090084 23.45488181 25.9597706 27.21739117 27.07933801 26.48322779 25.63460423 24.61202991 23.4847832 22.43102254 21.29735776 21.03943801 21.03210959 20.68778969 20.20819012 19.92651778 20.00051262 20.07166026 22.59276122 22.76626879 22.64640639 22.89689679 22.96620232 23.42066329 24.19772056 24.98198493 25.54188244 25.95276102 -9999 -9999 -9999 -9999 -9999 -9999 -9999 -9999 -9999 -9999 -9999 -9999 -9999 -9999 -9999 -9999 -9999 -9999 -9999
-9999 -9999 -9999 -9999 -9999 24.41155888 22.15239448 19.82535704 18.19132814 17.03319801 16.14491247 15.8198202 15.66413845 15.61817128 15.9067512 17.29887732 19.58539925 21.95764999 24.11205881 25.68120795 26.45565905 26.22463346 25.41626805 24.44854385 23.14853204 21.8829965 20.74405451 19.74905052 19.50380223 19.41591615 19.1532 18.85249792 18.58428895 18.822297 19.07658357 19.40854286 19.80923594 21.7818669 21.73870816 21.57112801 22.04573508 23.04755953 24.12239721 25.1470442 25.92980898 26.41552404 26.47707926 26.40054176 26.32497584 26.29178046 26.21680406 26.10384485 -9999 -9999 -9999 -9999 -9999 -9999 -9999 -9999 -9999 -9999 -9999 -9999
-9999 -9999 -9999 -9999 -9999 24.28493555 21.74899908 19.03697142 17.46476056 16.22233762 15.45443411 15.37846055 15.44812061 16.18676887 17.16073641 18.87382748 21.1026178 23.44979858 24.59322397 25.35644926 25.60028147 25.2010765 24.49389098 23.36677541 22.01107202 20.72396597 19.60550878 18.51310537 18.25127484 17.94559846 17.7205703 17.60605284 17.35684766 17.95157952 18.50806548 18.99710451 19.40021988 19.60463389 19.60883984 20.54176841 20.94663594 22.1623094 23.30097948 24.68645365 25.9088655 26.55769382 26.58077066 26.5596591 26.36982962 26.29069285 26.17471807 26.05598986 26.1212522 26.00884805 26.09347233 -9999 -9999 -9999 -9999 -9999 -9999 -9999 -9999 -9999
-9999 -9999 -9999 -9999 -9999 24.00972357 21.46746356 18.90310354 17.16831874 16.08804931 15.44297836 15.39851539 15.96741485 17.11520735 18.70233117 20.45957615 22.26076103 23.75349384 24.58201502 24.82661036 24.7911505 24.34085544 23.48709458 22.62542906 21.42255366 20.2875482 19.36861858 18.31855736 17.9567549 17.48480974 17.25273471 17.31071865 17.26119196 17.95936943 18.46564844 19.07861451 19.80469186 19.88106593 19.87378027 19.455223 19.85555427 20.90958428 21.86959604 22.98922122 23.74883361 24.25412663 26.38230797 26.31464166 26.16823114 26.01847463 25.85201936 25.65991257 25.63373825 25.61553309 25.76463556 25.89296586 -9999 -9999 -9999 -9999 -9999 -9999 -9999 -9999
-9999 -9999 -9999 -9999 -9999 23.83245452 21.19763455 18.61821942 17.06973975 16.12343128 15.69345864 15.80837976 16.3907261 18.18486171 20.2097614 21.84817022 22.9630285 24.03657342 24.32831288 24.29418826 24.08117753 23.60122649 22.79004438 22.35000001 21.4205992 20.58838614 19.91945552 18.67135721 18.65113838 18.05475236 17.88340787 18.14055894 17.7372605 18.83039563 19.26562224 19.98610745 20.96100939 20.96222985 21.24935788 20.46467764 20.65520616 21.75468154 22.24446035 23.12664655 23.63970054 23.93212891 24.02023046 25.97645188 25.76956292 25.55476958 25.33529891 25.0892178 24.89689363 24.96863298 25.18453256 25.4607805 25.83849046 26.27906775 -9999 -9999 -9999 -9999 -9999 -9999
-9999 -9999 -9999 -9999 -9999 23.21190203 20.7894931 18.52709159 17.0947378 16.44654227 16.23973634 16.53535426 17.58484273 19.3558698 21.38413971 22.75208238 23.31969985 23.56200459 23.70963605 23.6449969 23.52319168 23.31378221 22.97971196 22.7339167 22.41943803 21.94742614 21.44701949 20.94499578 20.45691963 20.161438 20.08132559 20.24307232 20.58598345 20.81787831 21.25679469 22.02777897 23.12300075 23.9951025 23.86086847 23.49221302 23.40898464 23.46887652 23.70380222 23.71173078 23.69629225 23.69397496 23.67510256 25.9400571 25.84941947 25.50464619 25.19336857 24.90864443 24.57689417 24.32023731 24.38872653 24.76122449 25.45834672 26.01984226 -9999 -9999 -9999 -9999 -9999 -9999
-9999 -9999 -9999 -9999 -9999 22.84148659 20.38808313 18.11358375 17.26874254 16.83207543 16.84387744 17.44584229 18.44786218 20.31262504 22.31322699 23.40475529 23.29182777 23.14330678 23.23606651 23.16831917 23.1572449 23.20607815 23.27405963 23.19331665 23.4334564 23.23501678 22.82787852 23.00928149 22.1265197 22.10698919 22.12178258 22.2109976 23.19407024 22.67402708 23.04817699 23.77916601 24.86688134 26.81511256 25.85652534 25.90343686 25.61374379 24.78162907 24.93898501 24.1298444 23.7261892 23.52812697 25.70517276 25.80559458 25.76079396 25.35158609 25.05619285 24.84812736 24.32475275 24.19280328 23.93543209 24.15306138 24.90769245 25.49141868 -9999 -9999 -9999 -9999 -9999 -9999
-9999 -9999 -9999 -9999 -9999 21.00188187 19.49047155 18.38625858 17.71999982 17.57193897 17.85636618 18.53471419 19.58980063 21.01247042 22.33812072 23.11041634 23.18733939 23.03744858 23.06309542 23.09838369 23.15987844 23.23687165 23.32930841 23.45237307 23.58768755 23.49894089 23.2170669 23.02736301 22.725278 22.72804086 22.79687443 22.94171739 23.36322844 23.42925036 23.81845596 24.36282145 25.02205747 25.74324495 25.68907919 25.49824182 25.18453686 24.69438871 24.37548773 23.93691788 23.68828248 23.52001142 25.79569463 26.00653014 26.03831179 25.89538885 25.63019507 25.28005992 24.87814058 24.41540692 24.11269377 24.22803255 24.78025455 25.35273479 -9999 -9999 -9999 -9999 -9999 -9999
-9999 -9999 -9999 22.58887919 20.49691278 19.04376148 18.43898204 18.18545636 18.39002262 18.64373529 19.15489625 19.8559004 20.65964404 21.56707698 22.37091797 22.89858661 22.97888716 22.95871664 23.07790465 23.15117398 23.23157153 23.30761518 23.36088768 23.476748 23.55768074 23.44135453 23.14106068 22.83042375 22.70337134 22.75282193 22.82261544 22.93359445 23.21771299 23.49333051 23.87629391 24.216384 24.40480598 24.54161884 24.56972707 24.36625419 24.15575963 23.91480887 23.63855015 23.55269833 23.51744459 23.50322441 25.98956132 26.31209313 26.41144295 26.43158251 26.17899345 25.72537731 25.35021162 24.70703046 24.2781995 24.27542856 24.67750393 25.25324199 25.59564205 -9999 -9999 -9999 -9999 -9999
-9999 -9999 23.15731702 20.96121997 18.61508464 17.44337231 17.45157959 17.96451857 19.25861253 20.37289779 21.12813396 21.45680535 21.83203767 22.19219535 22.50214141 22.7749994 22.91306589 22.99858617 23.15379143 23.27259129 23.37427678 23.42791656 23.46683129 23.5736699 23.61511134 23.49522487 23.22072182 22.93981533 22.79618441 22.73332725 22.78444392 22.93884765 23.16071863 23.48835049 23.76713351 23.93727717 23.98009827 23.8562765 23.79433775 23.60387692 23.4681738 23.39771183 23.30583282 23.35030129 23.43629285 23.54342387 26.11795605 26.54447813 26.59312604 26.46603379 26.18582903 25.75691416 25.29445528 24.71630968 24.29716869 24.20924182 24.4422564 24.86572814 25.40629238 25.89299605 -9999 -9999 -9999 -9999
-9999 -9999 21.83496377 19.50882409 17.20127153 16.35806529 17.06094538 18.01746536 20.03030075 21.7494358 22.59793453 22.57972893 22.71224933 22.67912199 22.6568689 22.78155283 22.90647198 23.06314726 23.2342938 23.39435306 23.55354727 23.62553648 23.69769795 23.8096813 23.73203579 23.61827969 23.35993472 23.07965671 22.92752107 22.83029174 22.85912049 22.99791134 23.18387536 23.51560461 23.75579911 23.84835648 23.73948613 23.47145593 23.41484185 23.21118793 23.09618551 23.11051566 23.07366435 23.20182415 23.3828292 25.5710676 26.11835807 26.57824787 26.52040079 26.32057985 26.02335457 25.60230163 25.16315856 24.64412813 24.22690338 24.11043185 24.2686506 24.60130323 25.28584644 25.92240735 -9999 -9999 -9999 -9999
23.90888904 22.17472352 20.14290589 18.26295242 16.7729108 16.44297177 17.21071261 18.66852072 20.27997703 22.32898729 23.19693147 23.1959532 22.97654209 22.94883138 22.92611904 22.94237013 22.87382348 22.98183983 23.23127314 23.42103196 23.5666264 23.65246407 23.70260484 23.79546712 23.81834334 23.74102253 23.54892425 23.31942368 23.19137837 23.09276412 23.11328162 23.2598973 23.41642845 23.67932913 23.86156641 23.86654812 23.74399408 23.50308658 23.33237396 23.11624362 23.01326302 22.99290125 22.98167741 23.17067387 23.34845528 25.45728511 25.93777734 26.21125799 26.25260026 26.06205457 25.77571854 25.42184429 25.01922877 24.56321978 24.21252638 24.11071831 24.23839628 24.62322828 25.22138026 25.86785547 -9999 -9999 -9999 -9999
22.75603267 20.88285281 18.94231694 17.57147413 16.63966758 16.60393009 17.60820668 19.08703618 20.69184557 22.27645632 23.16260271 23.09371874 22.92665432 22.96521782 22.93276935 22.98776446 23.08082169 23.13009864 23.33740167 23.50238635 23.61518405 23.6773533 23.7024049 23.75914865 23.77849017 23.86719948 23.74756536 23.63389318 23.59053167 23.54655583 23.57847214 23.6786416 23.76490261 23.91350789 24.0156178 23.98608923 23.84220642 23.62929948 23.45492443 23.23922999 23.13211668 23.12585376 23.11324628 23.28916564 23.44899203 25.40521612 25.76205974 25.95082444 25.98717511 25.82454593 25.56068071 25.2228282 24.83647683 24.45503142 24.20287437 24.14555404 24.28433184 24.5963465 25.08435661 25.63130338 25.96427692 -9999 -9999 -9999
21.14905401 19.74276853 18.21739252 17.26281031 16.77545858 17.05119917 17.95381689 19.24772673 20.95902986 22.51712713 23.38101098 23.43268442 23.34272259 23.32575059 23.39872362 23.43670791 23.43899766 23.53594328 23.57456144 23.63748141 23.68891321 23.69149797 23.70124857 23.71509239 23.72156207 23.71907824 23.96293049 24.00345944 24.01826645 24.15026384 24.18699699 24.1332568 24.18131257 24.15579484 24.15156302 24.07813696 23.94228594 23.79968801 23.6409148 23.52089374 23.44661261 23.43423669 23.49262957 23.57501308 23.67591554 25.46254206 25.68953165 25.78832568 25.78707066 25.65237231 25.38780366 24.98513964 24.58767517 24.37225595 24.23086129 24.23769228 24.38490242 24.59832635 24.8930443 25.14864708 25.4580302 25.82359528 26.06208779 -9999
