meets/meet004/data/CCSM_21k_neotropic_bio16.asc
NCOLS 154 
NROWS 168 
XLLCORNER -112 
YLLCORNER -55.5 
CELLSIZE 0.5 
NODATA_value -9999 
[rows 29 to 57 of 168, columns 64 to 127 of 154]
-9999 -9999 -9999 -9999 -9999 -9999 -9999 -9999 -9999 -9999 -9999 -9999 -9999 -9999 -9999 -9999 -9999 -9999 -9999 -9999 -9999 -9999 -9999 -9999 -9999 -9999 -9999 -9999 -9999 -9999 -9999 -9999 -9999 -9999 -9999 -9999 -9999 221.8602509 -9999 -9999 -9999 -9999 -9999 -9999 -9999 -9999 -9999 -9999 -9999 -9999 -9999 -9999 -9999 -9999 -9999 -9999 -9999 -9999 -9999 -9999 -9999 -9999 -9999 -9999
-9999 -9999 -9999 -9999 -9999 -9999 -9999 -9999 -9999 -9999 -9999 -9999 -9999 -9999 -9999 -9999 -9999 -9999 -9999 -9999 -9999 -9999 -9999 -9999 -9999 -9999 -9999 -9999 -9999 -9999 -9999 -9999 -9999 -9999 -9999 -9999 -9999 227.4017969 -9999 -9999 -9999 -9999 -9999 -9999 -9999 -9999 -9999 -9999 -9999 -9999 -9999 -9999 -9999 -9999 -9999 -9999 -9999 -9999 -9999 -9999 -9999 -9999 -9999 -9999
-9999 -9999 -9999 -9999 -9999 -9999 -9999 -9999 -9999 -9999 -9999 -9999 -9999 -9999 -9999 -9999 -9999 -9999 -9999 -9999 -9999 -9999 -9999 -9999 -9999 -9999 -9999 -9999 -9999 -9999 -9999 -9999 -9999 -9999 -9999 -9999 -9999 -9999 -9999 -9999 -9999 -9999 -9999 -9999 -9999 -9999 -9999 -9999 -9999 -9999 -9999 -9999 -9999 -9999 -9999 -9999 -9999 -9999 -9999 -9999 -9999 -9999 -9999 -9999
-9999 -9999 -9999 -9999 -9999 -9999 -9999 -9999 -9999 -9999 -9999 -9999 -9999 -9999 -9999 -9999 99.22588769 -9999 -9999 -9999 -9999 -9999 -9999 -9999 -9999 -9999 -9999 -9999 -9999 -9999 -9999 -9999 -9999 -9999 -9999 -9999 226.8853344 -9999 -9999 -9999 -9999 -9999 -9999 -9999 -9999 -9999 -9999 -9999 -9999 -9999 -9999 -9999 -9999 -9999 -9999 -9999 -9999 -9999 -9999 -9999 -9999 -9999 -9999 -9999
-9999 -9999 -9999 -9999 -9999 -9999 -9999 -9999 -9999 -9999 -9999 -9999 -9999 -9999 124.9574962 131.2706847 146.1303574 -9999 -9999 -9999 -9999 -9999 -9999 -9999 -9999 -9999 -9999 -9999 -9999 -9999 -9999 -9999 -9999 -9999 -9999 -9999 -9999 -9999 -9999 -9999 -9999 -9999 -9999 -9999 -9999 -9999 -9999 -9999 -9999 -9999 -9999 -9999 -9999 -9999 -9999 -9999 -9999 -9999 -9999 -9999 -9999 -9999 -9999 -9999
-9999 -9999 -9999 -9999 -9999 -9999 -9999 -9999 -9999 -9999 161.1625476 164.2734412 170.8994753 177.2155425 185.0166966 191.2753028 -9999 -9999 222.5227633 224.4194602 225.5374171 219.7105166 208.8071715 -9999 -9999 -9999 -9999 -9999 -9999 -9999 -9999 -9999 -9999 -9999 -9999 -9999 -9999 -9999 -9999 -9999 -9999 -9999 -9999 -9999 -9999 -9999 -9999 -9999 -9999 -9999 -9999 -9999 -9999 -9999 -9999 -9999 -9999 -9999 -9999 -9999 -9999 -9999 -9999 -9999
-9999 -9999 -9999 -9999 -9999 -9999 -9999 -9999 -9999 263.5695845 254.5552539 264.2622145 255.1337876 264.9002029 263.7003789 264.8985026 286.7530541 277.21849 293.0891635 296.0479394 294.698768 285.3396254 268.4951095 258.2139742 -9999 -9999 -9999 -9999 -9999 -9999 -9999 -9999 -9999 -9999 -9999 -9999 -9999 -9999 -9999 -9999 -9999 -9999 -9999 -9999 -9999 -9999 -9999 -9999 -9999 -9999 -9999 -9999 -9999 -9999 -9999 -9999 -9999 -9999 -9999 -9999 -9999 -9999 -9999 -9999
-9999 -9999 -9999 -9999 -9999 -9999 -9999 -9999 -9999 370.9587033 361.6444015 346.1050732 341.2155846 329.8936019 334.0104704 335.1216284 328.3743628 340.4188787 340.6893202 345.2776371 343.3245809 335.8893532 314.5423951 287.190814 269.5272635 252.5752383 227.3546834 209.9323493 203.2529487 187.3267414 185.9552712 197.7268546 204.879684 226.5588437 243.7077859 -9999 -9999 -9999 -9999 -9999 -9999 -9999 -9999 -9999 -9999 -9999 -9999 -9999 -9999 -9999 -9999 -9999 -9999 -9999 -9999 -9999 -9999 -9999 -9999 -9999 -9999 -9999 -9999 -9999
-9999 -9999 -9999 -9999 -9999 -9999 -9999 -9999 -9999 543.5878193 485.1776201 463.287038 416.7616159 416.4227579 393.3728933 395.2792471 394.4358821 407.1607019 403.47889 414.1997612 412.7913876 397.2928492 385.7977737 356.03193 323.0261729 301.0383408 289.9978905 258.6595879 257.6774651 233.7862021 225.6990191 236.4442683 233.8976486 252.0199681 268.4251017 281.3937533 298.284084 -9999 -9999 -9999 -9999 -9999 -9999 -9999 -9999 -9999 -9999 -9999 -9999 -9999 -9999 -9999 -9999 -9999 -9999 -9999 -9999 -9999 -9999 -9999 -9999 -9999 -9999 -9999
789.5221242 834.6276293 885.4400017 912.4887509 -9999 -9999 -9999 -9999 764.1133969 690.4687625 631.3220487 559.0949598 505.500295 470.3193217 450.1083474 448.8495349 449.3962268 462.6580057 475.438975 489.5752604 487.7403691 460.2159872 445.7930612 402.1896722 376.2935319 353.4136939 322.5688029 302.2789667 278.9498428 270.2070058 263.5456624 257.0603858 260.9651544 269.9406384 282.4861111 294.7752859 309.8342375 321.5890866 -9999 -9999 -9999 -9999 -9999 -9999 -9999 -9999 -9999 -9999 -9999 -9999 -9999 -9999 -9999 -9999 -9999 -9999 -9999 -9999 -9999 -9999 -9999 -9999 -9999 -9999
1010.193082 -9999 -9999 1245.402962 1270.72848 1280.506901 1262.885517 1134.79279 1062.884357 911.9320219 769.0498247 671.8790758 584.7650479 558.9843687 515.5638847 565.0331338 591.1853751 604.1071212 626.8266579 645.4709091 614.6546146 591.3679251 558.1110394 518.1586044 475.3655094 423.3778223 386.3913114 351.129332 339.4300288 315.8646189 306.5588953 302.6593488 297.2302352 305.4750101 313.4639303 322.7144111 338.543726 349.8435843 -9999 -9999 -9999 -9999 -9999 -9999 -9999 -9999 -9999 -9999 -9999 -9999 -9999 -9999 -9999 -9999 -9999 -9999 -9999 -9999 -9999 -9999 -9999 -9999 -9999 -9999
-9999 -9999 -9999 1494.756449 1601.611626 1623.955702 1531.39694 1441.97423 1290.520312 1074.887511 932.5319791 769.5365577 658.4333028 625.838949 628.2382897 662.9694107 703.0816743 739.0275625 770.8922225 818.9074675 800.2856271 721.9798951 685.4588477 644.0649181 589.6567961 543.8716409 468.1429599 425.6590441 400.4641076 372.0319116 358.9739565 346.7007526 336.9030705 340.3141932 345.1605987 356.2513033 363.2489473 373.9474316 384.6480674 397.2358417 394.6033715 -9999 -9999 -9999 -9999 -9999 -9999 -9999 -9999 -9999 -9999 -9999 -9999 -9999 -9999 -9999 -9999 -9999 -9999 -9999 -9999 -9999 -9999 -9999
-9999 -9999 -9999 1778.879443 1864.667215 1865.791533 1811.190634 1699.77911 1468.09296 1208.67021 1016.756939 870.8703093 737.5638622 726.9363421 711.8744493 817.38003 901.7084708 979.2213348 1017.31433 1016.238574 997.743932 987.1988545 921.2224182 855.6620762 775.6560114 661.9322462 608.6429836 534.5016965 487.3412106 437.291086 413.7211793 409.6403059 394.6406811 396.9840415 390.8179557 396.5611632 408.3840208 416.4671982 425.4900749 429.7983008 432.7049659 432.0511472 -9999 -9999 -9999 -9999 -9999 -9999 -9999 -9999 -9999 -9999 -9999 -9999 -9999 -9999 -9999 -9999 -9999 -9999 -9999 -9999 -9999 -9999
-9999 -9999 -9999 -9999 2034.107412 2071.745141 1933.376748 1810.514485 1581.548685 1279.999608 1086.831087 909.7253156 778.5747528 812.3327768 859.4495312 960.0984693 1107.740744 1236.172167 1224.510549 1249.263822 1225.285656 1186.087648 1153.563534 1047.302709 946.7083618 850.9978769 709.5293143 630.0667619 575.3319169 505.2159583 481.1441627 459.3379017 451.9165296 448.2705703 446.0175261 450.8174302 457.1555275 456.3395867 464.77703 474.0225419 476.743076 471.5459861 471.5183289 -9999 -9999 -9999 -9999 -9999 -9999 -9999 -9999 -9999 -9999 -9999 -9999 -9999 -9999 -9999 -9999 -9999 -9999 -9999 -9999 -9999
-9999 -9999 -9999 -9999 -9999 2108.096818 1946.898362 1787.233995 1531.795258 1314.613956 1114.147668 932.5166806 839.8556838 901.5027585 970.9818402 1120.30259 1290.495228 1438.664977 1483.254914 1485.148059 1473.126108 1467.994317 1399.063219 1288.772781 1165.605225 1023.402889 874.9719233 738.6113236 655.0024263 576.1145479 545.3331348 526.3706363 505.5337906 506.256758 499.2623816 499.1175529 504.482469 506.9349399 518.9745769 522.2738487 529.1871188 535.7819725 527.4195516 518.4033017 -9999 -9999 -9999 -9999 -9999 -9999 -9999 -9999 -9999 -9999 -9999 -9999 -9999 -9999 -9999 -9999 -9999 -9999 -9999 -9999
-9999 -9999 -9999 -9999 -9999 2107.765401 1916.870286 1781.360692 1556.299358 1304.737938 1067.425404 914.5101261 852.7870465 940.4837052 1076.129265 1227.33799 1412.838748 1566.325289 1612.280384 1665.236602 1689.416281 1638.805983 1630.914229 1486.564029 1317.647267 1165.784476 966.2423724 819.1159996 726.7223188 627.4303636 588.6595231 559.7622123 545.5009662 539.8769934 535.4718151 533.1295606 536.6909766 540.029946 553.7337551 572.719528 587.1587993 590.7899352 592.4886643 572.2057038 560.0342963 -9999 -9999 -9999 -9999 -9999 -9999 -9999 -9999 -9999 -9999 -9999 -9999 -9999 -9999 -9999 -9999 -9999 -9999 -9999
-9999 -9999 -9999 -9999 -9999 2076.385652 1932.049509 1727.741642 1481.429358 1225.112641 1025.977637 908.7321108 904.8581217 1022.421922 1171.324581 1325.473408 1494.672813 1619.709856 1731.788024 1801.524541 1840.662212 1808.763699 1778.134224 1634.809621 1448.905182 1270.688349 1079.918371 900.4719876 789.3326541 682.4277082 643.2707962 613.00069 591.6270979 579.9967467 572.2745391 563.2247951 567.5060902 572.281876 596.0271506 620.7904757 644.2831585 658.5044374 665.8201181 654.2857639 631.2657083 605.5724788 577.6366558 547.8368803 520.6220558 494.5400975 477.3037711 458.2273561 -9999 -9999 -9999 -9999 -9999 -9999 -9999 -9999 -9999 -9999 -9999 -9999
-9999 -9999 -9999 -9999 -9999 2080.223812 1890.460178 1658.415131 1397.393933 1149.116055 942.7621822 880.0671917 916.4114279 1052.613629 1176.892399 1331.267588 1475.408327 1598.915642 1701.943115 1853.092189 1902.173091 1914.659034 1917.814207 1766.244685 1573.729863 1388.853428 1144.725094 963.9080116 842.7765725 721.7147242 681.0008691 639.5261605 619.8330535 598.5838379 593.5909284 581.2358913 577.2140988 583.2662112 616.0563062 655.2775291 683.8959053 711.7108652 733.5388934 711.4238737 689.9001577 662.5579712 623.963972 593.9814693 558.0213597 527.3737681 506.9681463 480.6617076 465.7111216 454.8797276 448.022386 -9999 -9999 -9999 -9999 -9999 -9999 -9999 -9999 -9999
-9999 -9999 -9999 -9999 -9999 2007.972805 1822.847552 1584.804377 1351.055757 1088.255307 909.6526209 863.0167769 934.3840633 1052.853597 1194.065472 1293.778835 1413.250926 1526.346774 1667.24274 1816.312267 1919.759527 1938.669068 1966.542129 1834.322312 1660.816473 1475.09161 1248.839126 1045.37414 900.2021091 769.8944766 721.4639552 678.889357 654.5598338 633.0717058 617.0055624 602.9933748 609.5192756 609.1339673 640.9704417 686.2693598 723.7772833 754.3064586 779.084957 773.5545524 744.2369127 711.7970959 677.4201723 633.4421165 597.719897 559.306179 536.0401562 510.8065802 489.9494788 478.8825526 469.3385382 469.5999903 -9999 -9999 -9999 -9999 -9999 -9999 -9999 -9999
-9999 -9999 -9999 -9999 -9999 1887.572913 1721.586547 1480.17296 1253.877956 1014.248669 847.4425697 819.7599778 921.2571105 1025.99021 1123.875011 1220.016528 1343.697244 1420.198609 1531.548052 1703.765458 1806.63478 1913.373698 1953.824978 1863.888862 1716.300896 1518.614231 1262.544702 1081.017856 959.6102282 801.0071765 753.7947461 713.6407359 687.9404024 668.5194172 651.5196194 639.1101683 645.0532612 638.7545664 672.6204372 715.4607116 750.86222 788.3928101 816.7457182 804.1421128 777.7483527 744.9985169 706.1317395 661.4714853 627.281297 577.5364762 553.0121575 525.7424719 504.946155 496.8893497 483.3176006 484.6844682 478.3333233 471.629738 -9999 -9999 -9999 -9999 -9999 -9999
-9999 -9999 -9999 -9999 -9999 1738.897956 1578.677503 1358.146828 1166.860513 953.7801922 822.1130963 810.1016048 910.3990212 984.7092206 1055.099041 1102.415096 1197.722959 1280.23502 1406.376141 1553.569546 1663.691383 1764.133266 1830.215353 1772.393386 1672.022277 1517.041769 1298.886949 1107.069999 956.5565637 833.2165461 787.9341167 747.2742567 720.5213152 709.046944 704.3058196 696.8609806 687.8362291 699.7390278 717.8841949 748.070717 775.787806 805.0934041 825.5182166 815.104774 800.6841215 767.2265276 722.2358564 676.8713682 635.8219857 591.8357224 567.1950177 542.1275352 519.8171482 509.801709 500.0382717 500.5472908 494.1904104 487.8435309 -9999 -9999 -9999 -9999 -9999 -9999
-9999 -9999 -9999 -9999 -9999 1627.891731 1446.011127 1242.333477 1064.052754 895.0742627 771.9326464 756.6078161 862.264296 895.2106235 946.3671709 982.4835931 1061.093843 1130.477709 1221.186643 1369.555177 1460.360499 1585.842023 1648.015677 1633.157542 1532.170364 1419.378309 1208.011089 1053.265126 933.1775959 830.4622984 800.7117973 774.8872493 752.0418676 759.4636821 759.9594584 763.1403489 750.8747491 756.0977301 767.200306 787.0427221 797.9168931 823.83225 826.1451662 818.0885028 796.0286723 763.0066935 713.8607284 676.0355744 634.345365 591.4830695 569.5472152 542.846072 526.2890919 520.6406112 514.0142111 515.7788275 511.9672696 505.1316169 -9999 -9999 -9999 -9999 -9999 -9999
-9999 -9999 -9999 -9999 -9999 1361.442706 1248.566634 1080.71931 959.4141586 844.7329248 766.130805 740.3926838 798.6250731 839.4641629 855.5157484 879.3066819 953.5820005 1009.595485 1098.219383 1201.320833 1272.6828 1363.322938 1420.983491 1410.135756 1361.299382 1263.741104 1126.639813 1001.295676 905.959639 826.7433031 805.2420259 796.8146838 783.0082494 794.538745 802.6914022 808.06702 807.6122356 819.4816287 824.0211518 825.487708 828.0047724 833.7104874 825.1636653 807.4608348 783.3811984 750.8000772 705.7308586 662.1944215 623.7366496 584.7655084 564.9916049 547.0814067 530.6148723 526.9147926 521.8777642 524.7310301 520.9711234 513.1121424 -9999 -9999 -9999 -9999 -9999 -9999
-9999 -9999 -9999 1210.0546 1195.927046 1162.518924 1044.809434 932.730375 862.7398877 791.6384334 736.4301269 707.6288023 735.8868194 740.4418253 775.8759104 796.5854299 840.5554626 898.0247576 939.5282234 1048.221924 1094.785188 1144.269032 1219.349091 1178.538832 1161.176609 1098.024087 969.9295816 906.1456396 859.9622849 792.0124818 794.2348103 801.4915822 808.5144435 827.633935 832.0731438 840.7046786 862.8183765 854.9619814 857.1924092 852.65319 840.5247258 826.1053134 812.7887689 780.5594174 749.5370423 716.7247215 672.4291073 635.4295313 601.9188343 564.4741678 550.2272022 535.4454628 526.5636463 530.2536095 524.6953993 532.4605406 531.7690497 524.5245865 513.1048877 -9999 -9999 -9999 -9999 -9999
-9999 -9999 1089.455014 1092.329099 1021.209369 956.1091101 899.9685689 839.9249787 797.1771565 798.1217519 784.8497648 763.9961454 730.8636628 735.0126311 739.1717093 775.2712541 815.6907611 855.8637317 909.9546334 957.1518394 1001.555279 1061.967487 1094.430831 1087.330048 1041.03429 977.3006894 880.7658868 823.3143255 792.0195238 765.3815219 774.2141567 796.4955177 808.6144416 831.6603278 838.7762055 845.5437146 863.4439216 855.9520357 853.5693173 838.8513387 824.0411463 808.9461351 778.1507494 758.011809 713.0031823 682.0023815 646.8360651 604.7651935 577.3933598 547.7440085 536.1789991 529.2596153 522.6276369 527.7642507 529.583542 536.3678479 539.9138814 533.5225424 526.9030019 510.9239082 -9999 -9999 -9999 -9999
-9999 -9999 964.7631158 929.6718463 854.1563279 801.1690577 762.0593453 821.9314201 822.1589445 817.1779575 804.7842494 794.7741461 775.6312856 786.5036506 779.8375735 789.663223 825.0492938 839.8384172 882.4780901 926.1129674 957.279678 1002.60611 1040.525963 1017.435395 988.6926743 941.0791638 843.3429308 765.663621 736.4618631 727.3192907 744.9756281 773.961693 792.0236568 814.1598751 823.5484431 827.1695346 835.0671386 827.350479 824.6480597 802.0489506 784.3575689 766.0123253 736.7803584 704.0015554 664.2989996 630.9413528 590.2464746 562.7288206 540.3709014 515.8915188 512.0731764 507.3105823 511.3910061 519.6568492 525.0409695 536.6284234 542.3171929 540.8664931 541.5607834 526.5108786 -9999 -9999 -9999 -9999
859.8714273 831.0665363 826.5185799 804.972998 732.3662556 679.1148382 723.6782123 792.3430352 818.1501548 810.3642449 805.0027765 818.5859735 806.2090526 818.0089875 827.7076999 833.1936109 852.5037801 875.1456737 901.7386267 922.7256224 957.7989755 976.7079603 994.4819256 976.3000147 947.3523577 896.0128394 840.4600475 777.0248198 720.7140946 691.9018379 706.9479997 741.1071428 763.1229291 777.9889759 777.9508857 780.2566965 784.1975399 773.4530563 766.3970641 741.5106177 724.1321954 710.7984378 679.7352923 650.3436662 623.8552767 603.8600548 565.8387495 533.3710317 508.1770627 487.260972 481.195801 493.7200642 497.0844251 513.0036293 520.4237654 529.7696228 544.5283282 546.9484848 554.3304059 555.1423361 -9999 -9999 -9999 -9999
853.5180744 763.852481 711.7998242 668.3562388 619.8950795 624.3906414 694.7503403 767.0224493 785.5082613 788.7181403 792.3845756 802.5960784 826.7794611 845.9294199 847.7638391 856.3543814 882.6115449 898.4613791 908.4473884 921.7006337 929.4057054 944.6771389 947.2303133 926.0973149 902.2793116 870.8821818 806.3321199 770.5780695 744.7252451 704.0001592 700.2602562 689.8994428 702.9968019 711.0907341 720.1961129 714.5000749 729.2083386 733.6546381 727.8716399 725.5688625 705.2532214 734.306255 740.4138723 728.9273354 705.0076094 670.9669854 635.4945001 596.6642111 560.0804584 519.4214459 501.9753251 495.0887419 492.8622987 503.5421871 510.9005311 531.3918092 558.5111912 579.1512185 598.4414299 624.9160117 639.7364383 -9999 -9999 -9999
836.2782375 743.0226665 648.1283025 581.3670255 539.7134348 587.0631903 665.5155954 731.1409141 751.3947218 765.3177404 754.6358503 794.3033838 827.4521181 845.2514348 861.6839599 870.0692052 882.3131455 891.6871955 899.1407124 895.6224837 907.1473167 904.7704099 902.6130869 891.5483216 861.2025384 829.6777947 807.9205996 790.8826476 764.0988081 751.3190751 740.0663155 756.3556239 760.3797202 771.4028858 803.9192245 800.8996892 819.6047021 811.1598304 810.685211 821.8562426 793.8159245 813.8035863 812.2737616 799.3545219 768.9788867 732.4664673 684.4080511 636.0454454 600.2280219 560.4370018 543.5503677 535.0475111 533.0461616 548.2553112 562.7076356 584.7719198 611.9754065 634.5975394 660.2503207 686.1803866 707.6121029 727.5335069 745.5168798 -9999
