meets/meet004/data/CCSM_6k_neotropic_bio01.asc
NCOLS 154 
NROWS 168 
XLLCORNER -112 
YLLCORNER -55.5 
CELLSIZE 0.5 
NODATA_value -9999 
[rows 29 to 57 of 168, columns 64 to 127 of 154]
-9999 -9999 -9999 -9999 -9999 -9999 -9999 -9999 -9999 -9999 -9999 -9999 -9999 -9999 -9999 -9999 -9999 -9999 -9999 -9999 -9999 -9999 -9999 -9999 -9999 -9999 -9999 -9999 -9999 -9999 -9999 -9999 -9999 -9999 -9999 -9999 -9999 25.32045205 -9999 -9999 -9999 -9999 -9999 -9999 -9999 -9999 -9999 -9999 -9999 -9999 -9999 -9999 -9999 -9999 -9999 -9999 -9999 -9999 -9999 -9999 -9999 -9999 -9999 -9999
-9999 -9999 -9999 -9999 -9999 -9999 -9999 -9999 -9999 -9999 -9999 -9999 -9999 -9999 -9999 -9999 -9999 -9999 -9999 -9999 -9999 -9999 -9999 -9999 -9999 -9999 -9999 -9999 -9999 -9999 -9999 -9999 -9999 -9999 -9999 -9999 -9999 25.38304176 -9999 -9999 -9999 -9999 -9999 -9999 -9999 -9999 -9999 -9999 -9999 -9999 -9999 -9999 -9999 -9999 -9999 -9999 -9999 -9999 -9999 -9999 -9999 -9999 -9999 -9999
-9999 -9999 -9999 -9999 -9999 -9999 -9999 -9999 -9999 -9999 -9999 -9999 -9999 -9999 -9999 -9999 -9999 -9999 -9999 -9999 -9999 -9999 -9999 -9999 -9999 -9999 -9999 -9999 -9999 -9999 -9999 -9999 -9999 -9999 -9999 -9999 -9999 -9999 -9999 -9999 -9999 -9999 -9999 -9999 -9999 -9999 -9999 -9999 -9999 -9999 -9999 -9999 -9999 -9999 -9999 -9999 -9999 -9999 -9999 -9999 -9999 -9999 -9999 -9999
-9999 -9999 -9999 -9999 -9999 -9999 -9999 -9999 -9999 -9999 -9999 -9999 -9999 -9999 -9999 -9999 25.41975003 -9999 -9999 -9999 -9999 -9999 -9999 -9999 -9999 -9999 -9999 -9999 -9999 -9999 -9999 -9999 -9999 -9999 -9999 -9999 25.43236845 -9999 -9999 -9999 -9999 -9999 -9999 -9999 -9999 -9999 -9999 -9999 -9999 -9999 -9999 -9999 -9999 -9999 -9999 -9999 -9999 -9999 -9999 -9999 -9999 -9999 -9999 -9999
-9999 -9999 -9999 -9999 -9999 -9999 -9999 -9999 -9999 -9999 -9999 -9999 -9999 -9999 25.64743455 25.67981013 25.55245401 -9999 -9999 -9999 -9999 -9999 -9999 -9999 -9999 -9999 -9999 -9999 -9999 -9999 -9999 -9999 -9999 -9999 -9999 -9999 -9999 -9999 -9999 -9999 -9999 -9999 -9999 -9999 -9999 -9999 -9999 -9999 -9999 -9999 -9999 -9999 -9999 -9999 -9999 -9999 -9999 -9999 -9999 -9999 -9999 -9999 -9999 -9999
-9999 -9999 -9999 -9999 -9999 -9999 -9999 -9999 -9999 -9999 25.23490666 25.42676148 25.54334619 25.71473106 25.78045964 25.67598879 -9999 -9999 24.84754234 24.55131658 24.30202241 24.11876346 23.91432337 -9999 -9999 -9999 -9999 -9999 -9999 -9999 -9999 -9999 -9999 -9999 -9999 -9999 -9999 -9999 -9999 -9999 -9999 -9999 -9999 -9999 -9999 -9999 -9999 -9999 -9999 -9999 -9999 -9999 -9999 -9999 -9999 -9999 -9999 -9999 -9999 -9999 -9999 -9999 -9999 -9999
-9999 -9999 -9999 -9999 -9999 -9999 -9999 -9999 -9999 25.68701528 25.74082265 25.91444153 25.93946667 25.77816734 25.70234866 25.48279477 25.09733345 24.73932967 24.52874188 24.15331435 23.89589698 23.81204345 23.48097099 23.78380276 -9999 -9999 -9999 -9999 -9999 -9999 -9999 -9999 -9999 -9999 -9999 -9999 -9999 -9999 -9999 -9999 -9999 -9999 -9999 -9999 -9999 -9999 -9999 -9999 -9999 -9999 -9999 -9999 -9999 -9999 -9999 -9999 -9999 -9999 -9999 -9999 -9999 -9999 -9999 -9999
-9999 -9999 -9999 -9999 -9999 -9999 -9999 -9999 -9999 26.81392712 26.76139655 26.39945658 26.03389682 25.57639252 25.19529324 24.85542413 24.67100885 24.5779723 24.35328747 24.20635485 24.14821517 24.16484593 24.21690322 24.43957866 24.59663952 24.86458144 25.22396635 25.47227889 25.78454948 25.99372315 26.07355315 26.04114774 25.93034876 25.71649944 25.48591212 -9999 -9999 -9999 -9999 -9999 -9999 -9999 -9999 -9999 -9999 -9999 -9999 -9999 -9999 -9999 -9999 -9999 -9999 -9999 -9999 -9999 -9999 -9999 -9999 -9999 -9999 -9999 -9999 -9999
-9999 -9999 -9999 -9999 -9999 -9999 -9999 -9999 -9999 27.53158517 27.34107254 26.58813806 25.9679378 25.18310764 24.53649059 24.15255079 24.09234823 24.18185276 24.02749922 24.13902389 24.32187671 24.68270543 25.13213338 25.55681771 25.83884073 26.13551254 26.43153844 26.66905794 26.75155714 26.93637478 26.8856877 26.61830216 26.47251473 26.06073277 25.71888964 25.50426186 25.41911845 -9999 -9999 -9999 -9999 -9999 -9999 -9999 -9999 -9999 -9999 -9999 -9999 -9999 -9999 -9999 -9999 -9999 -9999 -9999 -9999 -9999 -9999 -9999 -9999 -9999 -9999 -9999
25.04600127 25.10875884 25.19926313 25.37004457 -9999 -9999 -9999 -9999 27.02801419 27.18860999 26.9313916 26.26350527 25.60041176 24.52085782 23.76764295 23.24282106 23.09659503 23.28707829 23.22273301 23.45435166 24.08363649 25.05460647 26.15994316 26.67186616 27.15869273 27.44665102 27.42909826 27.48658529 27.3874202 27.28464084 27.0690002 26.79491813 26.47607536 26.16312455 25.88755844 25.66432127 25.5589393 25.49196593 -9999 -9999 -9999 -9999 -9999 -9999 -9999 -9999 -9999 -9999 -9999 -9999 -9999 -9999 -9999 -9999 -9999 -9999 -9999 -9999 -9999 -9999 -9999 -9999 -9999 -9999
24.94552851 -9999 -9999 25.07709731 25.31654967 25.59255125 25.76527317 26.24853615 26.32312624 26.46054855 26.25422179 25.63367206 24.93640139 23.74212622 22.77085481 22.0653822 21.86809555 22.01366883 22.13424653 22.66638648 23.62112059 25.0534061 26.58085285 27.24198769 27.82322369 28.15587526 28.00875892 28.0366966 27.80030456 27.54899814 27.28207717 26.97778246 26.63379468 26.35506037 26.10038103 25.87655782 25.77736087 25.69432373 -9999 -9999 -9999 -9999 -9999 -9999 -9999 -9999 -9999 -9999 -9999 -9999 -9999 -9999 -9999 -9999 -9999 -9999 -9999 -9999 -9999 -9999 -9999 -9999 -9999 -9999
-9999 -9999 -9999 24.83385082 24.61084682 24.58610484 24.75117659 24.86686272 25.07510721 25.42552841 25.16105782 24.59768321 23.93232108 22.58124195 21.37309195 20.69443423 20.282535 20.46991222 21.30488028 22.10431232 23.4383559 25.07653082 26.3101842 27.16537305 27.76613598 28.05552111 28.11993246 28.15427713 27.71296868 27.65549163 27.33527335 26.96354604 26.94322309 26.38858988 26.19876122 26.01287072 25.81874146 25.92566194 25.78953616 25.81062184 25.79880317 -9999 -9999 -9999 -9999 -9999 -9999 -9999 -9999 -9999 -9999 -9999 -9999 -9999 -9999 -9999 -9999 -9999 -9999 -9999 -9999 -9999 -9999 -9999
-9999 -9999 -9999 24.66655463 24.17889518 23.91255497 23.74381478 23.57642897 23.69542947 23.79325096 23.41900941 22.79612272 21.99869811 20.71443333 19.61318597 19.08943608 19.06778467 19.65608244 21.21955016 22.73469351 24.23071768 25.53000202 26.3251717 26.9744591 27.41597785 27.60308403 27.46589699 27.36549513 26.85605454 26.67089939 26.33523261 26.00855054 26.07819411 25.68079257 25.59591661 25.52075418 25.43736041 25.60901975 25.52819901 25.63798612 25.69531892 25.68099407 -9999 -9999 -9999 -9999 -9999 -9999 -9999 -9999 -9999 -9999 -9999 -9999 -9999 -9999 -9999 -9999 -9999 -9999 -9999 -9999 -9999 -9999
-9999 -9999 -9999 -9999 24.21139374 23.57575728 23.01400828 22.39405829 22.12168827 21.84711568 21.22828809 20.431803 19.30923214 18.54216426 17.62075036 17.62117316 18.34713045 19.46773805 21.87179086 24.51771823 26.04021078 26.24400425 26.47419013 26.66101137 26.90619056 26.75190126 26.1772906 25.76856625 25.195201 24.68777328 24.35668241 24.2649644 24.15294474 24.19482087 24.32460125 24.39625687 24.52420919 24.7075468 24.78258812 25.00270406 25.22970836 25.3919046 25.68612757 -9999 -9999 -9999 -9999 -9999 -9999 -9999 -9999 -9999 -9999 -9999 -9999 -9999 -9999 -9999 -9999 -9999 -9999 -9999 -9999 -9999
-9999 -9999 -9999 -9999 -9999 23.56214193 22.54617351 21.43148255 20.72833987 20.05858353 19.29499257 18.63421283 17.73630454 17.10818981 16.53887257 16.99984433 18.30112176 20.07303326 22.65876642 25.1377557 26.45357758 26.37863004 26.11043845 25.8958175 25.73337895 25.24061375 24.45542965 23.80093163 23.32041467 22.98127237 22.68570991 22.5595465 22.43936156 22.59618842 22.80573003 22.98616515 23.2101567 23.43378085 23.62821602 23.89516727 24.28117732 24.71014059 25.18788656 25.50752138 -9999 -9999 -9999 -9999 -9999 -9999 -9999 -9999 -9999 -9999 -9999 -9999 -9999 -9999 -9999 -9999 -9999 -9999 -9999 -9999
-9999 -9999 -9999 -9999 -9999 23.63872373 22.13075648 20.54170357 19.37479044 18.48398399 17.68549554 17.33005553 17.01866868 16.52449084 16.09324453 17.04563222 18.94859424 21.12095286 23.21620699 24.98885253 25.91282197 25.79976081 25.32850789 24.82108866 24.17991478 23.37973491 22.52388996 21.64271064 21.48257898 21.5959825 21.40735022 21.07833826 20.95470588 21.12967932 21.33103728 21.58805961 21.90300708 22.04208879 22.33802965 22.55099956 23.06799757 23.72598466 24.42227041 25.12996204 25.7110273 -9999 -9999 -9999 -9999 -9999 -9999 -9999 -9999 -9999 -9999 -9999 -9999 -9999 -9999 -9999 -9999 -9999 -9999 -9999
-9999 -9999 -9999 -9999 -9999 23.59220403 21.7569982 19.82133968 18.41175583 17.37396064 16.66750044 16.53042278 16.52994787 16.56708531 16.83375114 18.05049518 20.04244665 21.99690751 23.62896448 24.69703614 25.25568892 25.0927227 24.46619962 23.8175039 22.88075993 21.91789592 20.9493908 20.12650539 19.97858005 19.97724888 19.83563139 19.6736206 19.548805 19.86956976 20.24137732 20.60256674 20.98408707 21.13100146 21.3041286 21.36669012 21.8829366 22.72759502 23.64426851 24.64131824 25.4741627 25.9948074 26.11631296 26.09873483 26.06088061 26.04575505 26.00899353 25.91773241 -9999 -9999 -9999 -9999 -9999 -9999 -9999 -9999 -9999 -9999 -9999 -9999
-9999 -9999 -9999 -9999 -9999 23.54841438 21.3968763 19.06924508 17.66993741 16.52541218 15.91292678 15.99142715 16.18664746 16.95457235 17.87785882 19.3623993 21.19859744 23.04867869 23.96175144 24.48946652 24.64627264 24.34303264 23.81911859 22.94489668 21.88963801 20.84624773 19.83435633 18.89509861 18.6973621 18.48625305 18.38042831 18.37390922 18.253444 18.87877578 19.51262117 20.01961447 20.42982328 20.62581489 20.60091086 20.37951103 20.8576368 21.91196351 22.91277537 24.11801963 25.19162421 25.81319222 25.95287834 25.9975642 25.93489216 25.89526266 25.84397023 25.80347951 25.88339225 25.79891636 25.86618356 -9999 -9999 -9999 -9999 -9999 -9999 -9999 -9999 -9999
-9999 -9999 -9999 -9999 -9999 23.44261381 21.1765874 18.89308994 17.31935823 16.33916167 15.82564544 15.91235753 16.5453257 17.68087681 19.13293561 20.67017611 22.17074875 23.36101693 24.0343011 24.20679744 24.16388309 23.80199332 23.08371648 22.39939138 21.38837808 20.41109709 19.55100248 18.57208972 18.2821208 17.90692516 17.77037991 17.8999861 17.95323496 18.68919669 19.24666179 19.87343247 20.58095483 20.67893722 20.64071865 20.25347886 20.64908823 21.69935063 22.69442235 23.8924444 24.76551843 25.37717445 25.6642108 25.696863 25.69123812 25.61790799 25.54206615 25.44538251 25.42783247 25.40880963 25.4807009 25.5752908 -9999 -9999 -9999 -9999 -9999 -9999 -9999 -9999
-9999 -9999 -9999 -9999 -9999 23.40758226 20.95126325 18.5816174 17.16799708 16.31433986 15.98621725 16.20846914 16.85322805 18.55980155 20.40152457 21.86934419 22.82778065 23.7085234 23.9777391 23.96243009 23.77428972 23.3366421 22.613411 22.25969106 21.41941435 20.64945232 19.98378759 18.74666425 18.78699875 18.27074341 18.15871008 18.45000196 18.18751233 19.22152158 19.7274161 20.46958912 21.3916143 21.48495265 21.73043143 21.06732007 21.30592981 22.37453769 22.8922572 23.89077401 24.5333543 24.96926713 25.25859391 25.38162243 25.3098938 25.22049703 25.09687763 24.94064728 24.79410583 24.80422203 24.86965437 25.08197897 25.41159938 25.77306748 -9999 -9999 -9999 -9999 -9999 -9999
-9999 -9999 -9999 -9999 -9999 22.87930985 20.57975281 18.46387673 17.11879502 16.54230487 16.42297186 16.82436034 17.89234385 19.58398797 21.45995865 22.73115787 23.26030818 23.48667834 23.63531798 23.59106715 23.47414678 23.25379269 22.92917345 22.71063202 22.41744752 21.94710038 21.40787759 20.83817693 20.35470527 20.04291815 19.95441277 20.10386407 20.41914615 20.75768165 21.24706125 22.02687794 23.06051699 23.89323682 23.88023231 23.67832392 23.71647825 23.8783084 24.20327919 24.33706488 24.45856811 24.61583469 24.79360244 24.84989608 24.84244543 24.67012467 24.53347229 24.43632311 24.27810517 24.19817261 24.17542877 24.45365842 25.02781923 25.4837319 -9999 -9999 -9999 -9999 -9999 -9999
-9999 -9999 -9999 -9999 -9999 22.15606239 20.02549007 18.02563971 17.2320154 16.8327307 16.91834658 17.61239854 18.67112701 20.4569061 22.33783467 23.39403563 23.35613861 23.29210117 23.36299625 23.32032338 23.29145625 23.27087985 23.30635411 23.22459627 23.4408276 23.20878532 22.72466011 22.76436335 21.88896485 21.73720431 21.68924278 21.75630442 22.52572205 22.24116237 22.68229013 23.41277943 24.43284333 26.16339009 25.52235024 25.75728877 25.6448811 25.0128392 25.30804897 24.61575827 24.34424833 24.28969887 24.39487474 24.46010026 24.50610414 24.29494717 24.19296885 24.1693532 23.90199924 23.84324151 23.63944312 23.92776655 24.69405927 25.32263249 -9999 -9999 -9999 -9999 -9999 -9999
-9999 -9999 -9999 -9999 -9999 20.63136252 19.29105053 18.23870992 17.60683047 17.49057842 17.83322411 18.59633003 19.70149465 21.10855531 22.40942895 23.19447528 23.32085316 23.23667479 23.26016105 23.28423527 23.32086308 23.34751667 23.41388024 23.51873226 23.64715682 23.51791641 23.17012788 22.89265436 22.51125679 22.41214828 22.40044544 22.49134557 22.85016698 22.97443617 23.3867303 23.93167624 24.53851961 25.22451221 25.33610848 25.34542751 25.202382 24.84854183 24.62220516 24.30128707 24.14667807 24.12558785 24.28322242 24.45381486 24.52625256 24.50237123 24.42164711 24.31388341 24.15113744 23.85671339 23.67338211 23.89089007 24.48927666 25.09723398 -9999 -9999 -9999 -9999 -9999 -9999
-9999 -9999 -9999 21.92228446 20.21170699 18.97682782 18.42333528 18.21601703 18.21361388 18.48155449 19.04439422 19.82948426 20.68616093 21.62658478 22.4572415 23.01486525 23.13058521 23.16183752 23.25071488 23.30438688 23.36411316 23.40716066 23.458317 23.5645493 23.65759821 23.51457225 23.16294449 22.80941384 22.5910174 22.55157376 22.56086086 22.63891833 22.90693836 23.18573506 23.54418351 23.8847053 24.07251036 24.2191428 24.37619092 24.33264178 24.24397205 24.05683011 23.8278344 23.80729226 23.83173087 23.93331919 24.24864152 24.49187539 24.59156811 24.70540127 24.64936607 24.47111609 24.36522873 23.94660218 23.69627667 23.82981929 24.27610431 24.8962814 25.27831994 -9999 -9999 -9999 -9999 -9999
-9999 -9999 22.40944138 20.4911837 18.49543808 17.52027929 17.57711935 18.09686058 19.02049217 20.14681995 20.9452574 21.33996824 21.77969102 22.18165439 22.52479678 22.8326482 22.99983844 23.1051858 23.24400292 23.34495034 23.43722847 23.4818109 23.52939165 23.64025235 23.69553365 23.55878157 23.24254091 22.91850509 22.71287962 22.60312195 22.6174243 22.75745114 22.9842106 23.298377 23.57855557 23.76923697 23.83484913 23.77447894 23.78331941 23.6861207 23.62130028 23.560216 23.47283621 23.52994704 23.64443743 23.84875779 24.17328318 24.4588388 24.56203529 24.57780932 24.50810924 24.3655394 24.18979444 23.87387805 23.65617181 23.71098732 23.98727224 24.41360707 24.97814556 25.47678443 -9999 -9999 -9999 -9999
-9999 -9999 21.32181693 19.28336205 17.26706056 16.57696424 17.29282184 18.23364433 19.77200125 21.49306546 22.37659583 22.41822969 22.58963334 22.595679 22.60188744 22.7538448 22.89619303 23.06519598 23.2319687 23.37902482 23.50310045 23.54977362 23.59900301 23.70077657 23.76570379 23.6391471 23.34792739 23.03754708 22.84511489 22.72844224 22.7459635 22.89476362 23.10026596 23.42652186 23.6772227 23.80465718 23.74833355 23.56933673 23.54472841 23.38471648 23.30767615 23.2838886 23.2414719 23.35172801 23.52064865 23.7429371 24.06417766 24.34197684 24.36002994 24.34984272 24.26913928 24.13267901 23.99647241 23.74683503 23.55397587 23.58916297 23.76105883 24.08799972 24.78611085 25.40925118 -9999 -9999 -9999 -9999
23.36952776 21.82773909 20.04004165 18.3298496 16.99004438 16.74753595 17.53119408 18.96641924 20.55392498 22.09297127 22.98546317 23.00213024 22.80524856 22.79708707 22.78465765 22.81844361 22.93707352 23.02446033 23.25748448 23.43807201 23.56810967 23.63193043 23.66745648 23.75397317 23.78757694 23.70002641 23.48579911 23.23466708 23.08924119 22.98521347 23.01056382 23.17490789 23.35827854 23.63185397 23.83795135 23.89341212 23.82634498 23.6546893 23.51805404 23.3372412 23.24420706 23.17716717 23.14776348 23.28514795 23.43881704 23.64218696 23.89779566 24.04008372 24.11256866 24.08554926 24.01842794 23.91950013 23.81030406 23.63468316 23.52160714 23.55565646 23.72105931 24.09853818 24.68228377 25.33353807 -9999 -9999 -9999 -9999
22.36182533 20.76194073 19.10727159 17.85364688 16.99899846 17.0130411 18.00757305 19.45749988 21.01251534 22.53976908 23.3808734 23.28321056 23.09086321 23.11330947 23.07835013 23.11806799 23.18449467 23.21768623 23.40877991 23.56529558 23.66611046 23.71152358 23.72819412 23.78223214 23.81340829 23.76909131 23.64306836 23.51557196 23.46780469 23.42720878 23.47121956 23.60016904 23.7190352 23.89348887 24.02720934 24.04568869 23.95716327 23.80443734 23.65728898 23.45995102 23.36748722 23.31553833 23.2812337 23.41053271 23.5218119 23.64582292 23.8028508 23.86192479 23.91122781 23.89377626 23.8220038 23.72899151 23.62509035 23.51351939 23.48548504 23.58270134 23.754699 24.08076009 24.56378356 25.09722627 25.48895137 -9999 -9999 -9999
20.95801847 19.78310518 18.48745442 17.65951614 17.24705468 17.54548751 18.42397975 19.67839823 21.31882083 22.7961523 23.60931477 23.6320962 23.52160744 23.49511719 23.56025302 23.58505282 23.56833674 23.64601515 23.67739114 23.73874524 23.78340356 23.77572064 23.78082233 23.79590624 23.81041821 23.81877697 23.82529745 23.86575849 23.88687648 24.02110371 24.07954489 24.06198346 24.14354905 24.15912101 24.192406 24.16551186 24.07647803 23.97183769 23.83937053 23.72674177 23.65997939 23.62850808 23.66192801 23.71890745 23.77614375 23.81054422 23.83359091 23.81959395 23.8358554 23.78593053 23.71369137 23.58599561 23.44444508 23.44575873 23.50071451 23.63326646 23.83786013 24.0987073 24.38276796 24.64140878 24.96077843 25.31830988 25.59383432 -9999
