meets/meet004/data/CCSM_0k_neotropic_bio16.asc
NCOLS 154 
NROWS 168 
XLLCORNER -112 
YLLCORNER -55.5 
CELLSIZE 0.5 
NODATA_value -9999 
[rows 58 to 86 of 168, columns 64 to 127 of 154]
954.6739554 817.8912064 671.598991 559.5263999 487.4020945 511.2618617 567.5188826 623.9845614 659.5492394 692.5091735 719.4589919 763.1386124 803.802848 827.7806846 845.5739484 855.1553072 870.0516755 887.0654441 894.8298663 902.8632726 904.7148231 902.4074784 902.4063658 897.352272 891.9717964 884.6144383 876.8006083 872.9931764 877.3274458 886.1805273 898.4896574 917.7508589 929.2099819 937.8980774 936.2689455 926.9979344 931.6828353 939.7980879 948.1009467 946.3410342 943.1945861 931.3940556 904.7994885 862.9727859 805.0085627 755.306536 702.239888 649.9355365 617.3354296 585.4034734 580.1617043 596.4780619 616.1178512 658.3941251 698.5793212 750.7021652 810.3086427 859.4802197 905.3779346 932.5374739 955.4406521 976.0035497 976.6093799 -9999
938.4793895 801.7054514 653.3997113 555.4470215 496.3148072 503.9714127 564.5590355 622.1181523 642.888882 671.0837988 697.8257221 738.6309707 777.4937182 796.6308105 812.1207345 821.6730929 838.8156027 852.4895476 859.1782196 861.153044 861.6959162 865.0196399 861.9327184 861.3156238 856.4806981 851.3718647 857.3373241 866.2352943 885.8422567 906.1045381 920.8196844 938.5795513 954.7945842 957.2336891 955.2710139 944.5230026 957.9978549 967.3213825 973.0512815 972.3498506 969.0038222 952.2021884 930.0993085 886.3807981 832.3003779 780.552927 726.3816635 679.2751932 647.895093 625.4090082 620.0369884 639.4214041 665.6411306 709.6545336 770.6720663 824.4212863 891.8884512 950.2597398 993.3836872 1042.360121 1065.518976 1080.338459 1090.84557 1078.074312
925.0855529 791.9995575 653.2348108 560.2949555 512.3476986 523.3566907 580.8671601 636.7656104 660.6430954 671.4841567 694.6521678 737.678232 779.3020721 798.8970156 813.6835493 828.0479506 844.6640249 857.9285982 848.0433781 826.7797105 818.244718 819.6269422 821.0903067 821.2385013 821.7886798 823.1111438 830.8454567 854.0305163 877.4770766 900.4183275 917.1874056 933.3018217 945.487269 947.8918764 942.5665678 947.7426061 959.3176773 967.5688401 970.3227667 969.5360474 963.7527876 947.2460492 923.6878707 885.5331047 839.6877906 796.7372506 749.6629447 707.8467513 684.4622359 666.547408 668.1938525 692.6829125 722.6530531 778.9504026 839.7050034 900.2295067 975.3127931 1038.536915 1096.854793 1142.327868 1170.624514 1193.114059 1198.632111 1198.817271
921.8828942 789.4050631 655.2509419 572.0661317 526.7830079 538.7582695 596.378039 657.3810076 678.2321603 694.9178592 718.9791385 756.2692992 793.4842701 810.042379 823.3303186 834.3425699 845.146344 849.9485671 833.9299599 808.2599449 779.3803712 785.944871 786.7177851 791.1755738 793.3462054 796.8697654 809.5484729 829.3568669 852.9133952 874.3926896 890.0310902 905.225234 913.1517042 913.2354152 922.0675737 932.6178743 942.1500288 946.8164133 947.7080481 943.0926885 936.0220596 921.2859681 901.6622525 872.1602445 836.2695957 798.2999566 763.0375463 733.7745803 714.7167864 705.8577102 709.8367427 740.4750385 772.2680088 828.5474298 897.6343986 961.8133711 1044.341459 1113.82971 1169.159029 1224.262636 1254.903591 1278.970603 1291.060577 1286.484883
910.1208219 781.6062273 659.9371828 579.983561 543.8430312 555.4752061 603.237104 654.3327071 683.3327679 704.7358543 728.49289 758.2648524 787.3959562 804.9925298 817.5814298 825.6184543 829.2416094 825.8907884 808.7902729 783.0124604 752.8462049 744.4527636 749.6284682 754.8761273 761.4959612 767.3475141 778.022347 797.0410233 818.8341338 838.6166375 852.6618639 862.3800798 869.7222958 882.4845266 895.2251008 902.4556703 906.2607893 910.2839897 906.9617374 903.3233441 895.9979978 882.8813514 866.0142052 843.1883882 818.9387325 794.8820932 771.5934723 752.6479388 745.7228195 745.1251739 756.6810506 789.5286224 826.5526541 887.2083896 951.5619849 1015.847626 1097.660054 1167.602382 1232.731027 1285.214714 1318.583869 1346.695554 1357.453744 1362.753555
897.3306021 763.8029318 646.6510997 582.8383226 553.0069537 563.619345 604.7381166 650.4560919 677.9287095 703.1712209 725.8283669 750.2284224 775.1220442 788.8756716 802.2897742 807.8707688 806.421353 799.6306255 780.475056 755.7710472 729.5075066 710.4834194 715.073435 723.365218 731.2102076 738.7216313 752.0622659 764.4374212 779.7716771 796.5864892 809.7424948 827.3427013 841.9923933 852.771479 862.0738954 889.2602582 913.2790427 940.215172 946.4436979 955.1028454 953.9863515 940.0228792 927.4561369 892.9493656 858.8697073 820.9168036 779.1164323 766.9661479 767.7695962 777.6187973 793.2324652 828.5742828 871.6254806 923.1790485 988.6702112 1052.267894 1130.011344 1201.222028 1259.534558 1318.753524 1353.976599 1381.564968 1402.955029 1402.619786
838.2067617 723.6081773 627.3613087 573.4682193 559.984602 570.9190068 597.9267695 632.5253264 661.9204938 689.4619992 711.4552228 729.1636388 746.814231 761.495498 774.2097304 778.8963717 775.0970704 765.7106935 749.3239916 728.9264897 707.6189713 688.1724346 679.5029395 688.4993302 698.0827661 706.5627937 719.0487174 732.2606422 746.7554314 762.7429781 776.2148182 808.5095755 846.1582716 879.1624033 912.5073303 939.772966 960.7184669 979.0497279 986.1075731 989.5057014 986.1573922 973.2120429 956.9565869 930.261607 900.522739 870.4481405 839.8617362 815.7892377 797.8673892 802.3422181 823.3757837 861.23419 902.0769013 956.3532322 1014.604905 1071.692618 1143.706178 1208.448542 1270.344643 1324.112664 1360.524526 1392.50611 1411.825026 1426.07822
772.6544955 669.4218289 581.2765061 552.5598214 554.0844629 565.6742547 583.2742507 610.2230218 637.2830795 666.8935222 687.6755824 701.6726498 713.6031396 727.6713468 740.9163662 745.1152403 741.2621536 732.3078001 718.3396304 702.0600492 686.4496806 673.2879529 662.3794394 659.6115343 663.7796375 673.1438414 688.5202657 707.3055395 734.8609188 769.7929528 804.2024928 842.2710895 882.7611398 911.1383058 944.0754015 968.1780229 985.8082333 1003.710614 1003.626737 1004.269046 1000.191097 988.7162749 977.8602903 954.5256743 929.4354177 908.2255868 886.0585836 870.9241368 863.5738023 862.5920929 872.1290896 889.2958834 918.2200478 964.4682055 1022.451286 1070.77238 1141.415447 1197.791265 1249.237655 1304.389671 1340.006627 1376.647853 1400.062982 1417.01452
707.1345066 614.7056081 545.0856918 520.3528443 525.3655565 539.4764879 556.5758117 576.3947948 602.4293861 629.5961896 649.4662394 663.8327236 676.9031672 689.780023 700.6312758 705.01404 703.2274533 697.1105184 687.2176407 675.9968821 665.2333015 658.0331761 654.3659112 655.7514494 663.1524682 674.9396541 693.8206669 718.5728459 747.1029809 781.7370324 816.4566635 852.2784591 889.1591205 918.7999635 947.9340104 970.0170233 984.2702503 996.5133133 998.8488688 999.0977127 995.8526699 987.5986037 978.9372495 964.5267905 950.1811691 936.5765589 924.0553868 917.1547476 916.0192705 922.60368 936.2052308 956.6243687 984.0802567 1015.036633 1050.695062 1086.765536 1119.633222 1165.467044 1216.778521 1264.573466 1300.339377 1335.365298 1361.77649 1386.663422
651.2242442 567.2417054 496.6911357 490.2545808 497.6900147 514.5122211 534.581221 544.4617092 569.4145464 590.4853904 607.3547967 623.7659324 638.9180809 650.5502693 659.6379804 663.6862419 664.450109 662.8045271 655.6208537 648.3946053 642.5173881 640.217727 642.4136737 647.4014559 658.7610038 673.2375432 693.4808723 720.3918316 747.0348896 781.0203104 813.6567201 847.2430053 884.3910036 908.4076354 935.6941833 955.1195723 967.3447209 980.6786332 980.4940471 982.1386342 981.1067689 976.4657346 974.7719569 967.0469788 962.3460537 958.4845334 953.982563 955.4861372 961.7595173 973.3648707 990.9331793 1013.828059 1042.48213 1072.771392 1106.403495 1139.624077 1170.904565 1200.655366 1223.282808 1241.771939 1250.756966 1272.354052 1306.580592 1326.323327
615.2438434 547.3172252 489.7361754 478.3082233 488.9444273 506.6523359 528.8241048 545.2107544 548.5195935 549.5773997 562.4555641 586.4719054 606.4632013 615.9991 619.2962897 622.4775541 627.5517798 629.6637204 626.0127782 621.0912147 618.558013 621.3737291 627.646402 635.3983089 647.8574086 663.9228824 685.0942204 710.9414286 737.1114695 767.2417665 797.6889524 828.0658761 858.8939943 883.5335926 906.6869177 924.6680497 936.8008118 947.1396896 951.587354 954.8600176 956.5703753 957.0965915 959.0962344 960.4888449 964.8207165 969.3091554 975.7627854 986.5509298 997.966121 1014.938365 1035.153524 1058.916736 1087.537983 1116.520007 1148.901942 1179.760933 1207.764618 1235.623386 1258.074987 1278.949133 1291.910813 1298.221999 1305.754625 1310.779703
607.748629 556.0454098 496.0724784 485.5144954 491.7373291 505.3076347 525.7063062 543.7674381 528.8923323 514.5734328 523.0844931 552.7202113 578.4742261 582.5875889 581.567767 583.3325895 590.8300117 598.156743 594.6756936 592.080068 592.2097617 598.0762302 608.4732748 616.2167677 630.1960771 646.5975251 667.7563829 694.1181775 716.5279313 745.1218785 772.1455435 798.6500527 828.0585296 848.0669422 870.5030062 887.2261267 898.2840128 910.9382206 916.1980904 923.3620406 928.8829826 933.1546954 940.8107861 948.5341138 960.5249714 973.519863 988.9464473 1008.590172 1024.985263 1046.249481 1068.639931 1093.518738 1122.002381 1148.635483 1178.835851 1206.802342 1232.33792 1259.60792 1280.005359 1300.627748 1316.109521 1327.138243 1341.952039 1352.010939
641.7394574 598.787132 546.9521569 523.7462745 509.4279704 507.5433995 520.7954236 523.4507768 510.805388 493.1104584 499.2166132 528.4441863 552.5698256 556.2799848 549.7562141 550.0431901 559.6291141 566.5738606 566.708747 563.8996538 565.2476172 573.5435757 583.768018 593.9013322 606.5242353 623.0361559 644.3860914 668.3530669 691.1099857 715.5317886 740.4581155 765.2361032 789.8507614 810.8163785 829.8205614 846.3576619 860.2791445 872.5293828 882.5836858 891.7963255 900.8872234 910.9166053 922.1028037 935.1197913 951.3861233 969.7252677 992.0347145 1016.421178 1038.756838 1063.942204 1087.567896 1111.628914 1139.033712 1162.359933 1189.270666 1214.830596 1237.980872 1262.251461 1280.773432 1299.500645 1315.431952 1328.731355 1344.255703 1357.714855
658.2972484 654.5388944 624.9318311 595.1313302 552.4958777 530.8691714 531.5500136 525.1856225 509.572963 486.9797049 487.8282744 514.6223711 536.0991036 535.1225342 525.5933576 524.4897355 534.1099907 541.9643935 541.6750284 539.1206652 540.6079342 548.8108704 559.3567711 568.3577139 580.7884813 596.1871958 616.2143378 639.5066254 659.2764493 682.6818682 705.0409785 727.1697914 751.1595259 769.3444248 788.8792478 805.6451155 820.2845082 835.5197661 847.5553942 861.1941597 874.5999891 888.7896683 904.2299349 920.4369719 940.3114039 963.0846308 990.1668874 1018.506953 1043.091853 1069.914535 1093.059012 1115.550384 1141.528549 1160.869152 1184.711329 1207.917294 1229.505303 1253.072311 1268.990499 1285.103313 1300.484877 1314.539417 1331.059568 1343.927925
-9999 710.0437472 750.3134556 699.7733858 626.0402907 577.0131501 563.1960793 552.5310184 529.3151857 503.7054676 498.0084323 513.3942879 526.5411389 522.6634931 512.7818956 511.122637 518.91119 525.1871405 524.7091103 521.1597911 521.9781774 528.6795855 536.6346892 545.4418922 555.4912268 569.8594206 588.5252675 608.243645 628.3376786 648.3881343 669.4411087 691.5186384 712.3234913 732.36182 750.3177675 767.6770675 785.5987453 801.6094489 818.1582264 834.0596676 851.1845705 870.8420304 890.2182825 909.5066128 929.6990407 954.364147 984.7637708 1014.735631 1038.856807 1062.969819 1084.19131 1104.150586 1125.264059 1143.76193 1164.401292 1186.018396 1208.095288 1229.702335 1244.612345 1259.094519 1273.119468 1286.897723 1301.334974 1310.057063
-9999 -9999 842.766018 797.88577 704.4992626 639.1490217 613.3787151 598.7075665 574.1930837 542.5170485 525.5253984 525.9408736 525.1532438 516.6275696 506.6937942 504.0168534 509.0817478 513.3674378 511.7783434 508.136003 507.5648696 511.2403 516.8835717 523.8764794 532.9378768 545.3291133 561.2567098 578.7708573 597.0096369 616.4110146 636.0281171 656.4234534 676.5016491 696.0673571 715.3832663 733.6326349 752.3367808 770.3344189 788.8227266 808.7351794 829.2896698 852.3106693 875.2553027 896.6131566 919.5532085 944.8559235 973.9302855 1002.399509 1024.033238 1045.684415 1063.910901 1080.244614 1098.255746 1114.68256 1134.096361 1154.45777 1175.089791 1195.989126 1209.190568 1222.410129 1235.030214 1245.792897 1258.550241 1263.346728
-9999 -9999 -9999 877.5752438 775.5226085 700.7732389 672.2308689 659.8988495 632.7454871 600.9207869 573.5955273 550.7367305 530.5366106 516.2144536 506.6274562 503.5649413 504.6826919 505.8681107 503.3654195 499.7274298 497.934759 498.644687 500.7504158 506.624748 513.7184323 524.5662259 538.6853592 553.3326505 570.7252151 587.9943264 606.8175601 627.3948533 646.1001214 666.6297567 685.4210874 704.3011758 724.8904576 743.4099129 764.2847777 785.6645915 808.1031657 834.155244 859.8750301 883.5089614 909.0388242 933.7416062 958.6372999 982.4515689 1001.70571 1018.629354 1034.120917 1049.197235 1063.428593 1079.576577 1096.514867 1115.29542 1135.720055 1153.713728 1166.266336 1177.453548 1187.584392 1196.582216 1205.042513 1207.82704
-9999 -9999 -9999 893.4009261 818.2094622 757.2981798 727.1983572 718.9355706 707.4012381 684.7896349 651.431585 603.821935 554.0795675 527.6723148 512.4153692 504.5430994 502.5057567 500.3035177 496.8785781 492.862526 489.4882781 487.8201001 488.0428692 491.6519812 497.5932986 506.6651782 518.4419415 531.8608181 547.0941019 563.5546365 581.5520733 600.9913606 620.5379981 639.9953165 659.349688 678.8011144 699.0052711 719.4413854 740.4056147 762.6238271 785.8136718 811.5551906 838.3796723 863.3404265 889.8356909 913.6672175 935.0492085 956.1445213 972.8836323 988.0186193 1001.56986 1013.84393 1026.598815 1040.541176 1056.028455 1072.211069 1088.706211 1104.304834 1114.313257 1123.508866 1131.495043 1137.453085 1143.603582 1144.736466
-9999 -9999 -9999 853.0844979 826.9188216 789.9590212 769.5982329 771.3227813 782.555027 788.3096367 755.063575 676.4483787 589.339953 550.5273295 525.551428 511.765633 502.0681503 496.4879854 492.7918289 487.7282611 482.9538155 479.4512794 477.1668776 479.7591562 484.2602456 491.7385372 502.1088771 513.9211114 527.5640447 542.8337652 559.9511358 579.2401496 599.0239774 617.4018476 636.7645827 656.5093603 677.3007307 697.8374527 719.3896007 740.9521797 763.6077425 788.7273302 812.2028764 838.7397205 864.7003412 887.2803524 907.6218903 925.1583575 941.9450427 956.3083151 968.6674199 980.0291042 989.6194018 1002.87012 1015.573089 1028.682532 1041.663041 1051.793441 1061.454682 1066.720141 1072.001631 1077.301302 1078.638647 1082.693404
-9999 -9999 -9999 -9999 781.6010488 788.4508119 786.0537675 803.8550464 850.2540545 890.7428448 868.9346442 778.0089613 675.6865695 609.8040383 558.6474504 528.1945014 514.2580014 501.9572364 492.6398695 484.5742873 476.8969922 471.3114348 468.3840652 468.7674001 471.6469034 477.4911493 485.7453058 495.9771639 508.0582443 521.9969398 538.0994491 555.9841196 574.806642 593.2255579 612.590895 633.644384 655.8593702 678.3484137 700.7179728 722.4836274 743.9504642 766.3448838 788.7365756 812.0755777 835.6985233 856.6200365 875.4612967 893.0270867 908.0624499 922.3173069 934.2628404 944.2723727 954.5606152 964.3737022 974.5300913 984.5680538 993.5260048 1001.882359 1008.568842 1013.27903 1017.286923 1019.552725 1020.414964 1021.267032
-9999 -9999 -9999 -9999 710.1370763 763.1253415 786.9666059 804.7582193 897.3339089 992.5042194 985.9189495 879.9856807 775.0681585 690.9440621 618.3687908 569.8384121 535.7217789 520.9357061 496.5808613 482.5008392 471.8798149 463.4331305 459.8150473 459.2891955 460.0326666 464.1549923 471.2515139 478.3583269 490.2548089 502.3783329 517.2714708 534.6524127 550.6331339 570.7617679 589.9476183 612.4487135 638.6484591 661.2858498 686.2826396 708.0026739 727.7757716 748.1227642 767.044456 787.0826526 806.496654 825.3651282 844.4452577 861.0016986 875.0505381 887.99345 899.4723961 910.6086436 920.7327082 928.7123122 935.068938 942.3975337 950.3172605 955.1737257 961.8895556 965.7050752 968.3866674 969.636339 967.6023985 967.1103999
-9999 -9999 -9999 -9999 -9999 707.3244645 789.7799206 861.8195896 941.3241605 1008.676374 1015.583914 966.2854267 906.2096188 847.8126279 765.8166284 710.3980407 660.4364473 589.3760437 543.6411882 503.6055056 469.5830767 460.0284915 453.9381199 451.7623646 451.8650122 454.3858463 459.3523158 465.9377205 475.3917208 486.5994592 500.8358502 517.2775312 534.5591332 553.768993 574.1450067 598.7412921 627.2187969 653.6957506 676.3992517 696.2887023 713.5786642 729.765621 746.2036644 762.5341822 779.0388071 795.5296323 811.7469755 826.6566791 839.1539012 850.936603 861.8649505 872.5508439 882.7104516 890.0249273 896.7239452 902.4147744 906.925468 911.6779196 916.0481544 920.069518 923.2967349 923.9829601 922.3735593 917.3804051
-9999 -9999 -9999 -9999 -9999 640.7634174 783.8689098 915.7884643 976.5353977 1005.545098 1018.689502 1031.024016 1057.916341 1049.624096 997.2191721 946.9635654 887.8361763 713.5231373 650.0529201 572.1610712 508.1031084 469.5241689 456.153538 454.2762126 446.1168369 446.9672096 450.383876 454.9232156 463.4778058 473.5435338 486.9785267 504.0725271 522.0023286 541.8622453 562.758777 588.6135703 620.0939371 650.5896271 668.3619496 685.5695282 700.1064145 713.0888761 726.0261751 740.7742029 754.5730915 768.6151611 783.1978511 794.3576094 806.4427558 815.6527621 825.4349779 836.7486122 845.1808945 853.1191577 859.6940198 864.2255562 867.2949178 870.2490095 874.9892886 878.0967735 881.808117 884.723385 882.6596507 875.1889522
-9999 -9999 -9999 -9999 -9999 -9999 733.5702534 920.2236709 989.0201742 1013.331852 1044.307272 1100.399038 1182.10167 1280.917 1375.065964 1374.720289 1249.924404 1100.050987 954.0602056 776.5702838 656.21677 589.1078008 511.9706293 475.237748 458.1483454 443.9968854 444.2357322 447.8047833 453.8483009 462.3968295 475.4298428 492.9100627 512.1507044 532.8310717 555.5090779 581.5843759 610.6268848 637.1680276 655.7457487 670.3809758 683.3760519 695.3044414 707.8836956 721.2100913 734.4124997 747.2163748 758.5705617 768.7478774 778.9794854 787.5047615 795.8575623 804.157673 810.4687677 816.3525949 821.078023 824.7719121 827.8716622 830.7658633 834.8219297 839.3225913 843.7085613 847.0349978 845.6045936 835.109357
-9999 -9999 -9999 -9999 -9999 -9999 628.8964891 926.216725 946.3577746 990.0261905 1043.613369 1137.262625 1261.206177 1443.603149 1695.101414 1754.611216 1607.084183 1515.35728 1339.18368 1099.732425 933.5973917 817.4832365 622.8341704 552.6653743 489.6578999 452.5901732 441.0026515 442.1694717 447.5305649 453.8400795 466.0195884 484.8396977 504.063013 525.906512 549.1133925 573.7235491 600.3604242 625.1494866 641.0592302 654.4035095 666.1593213 679.0756463 690.5128231 703.960629 717.8951684 729.6923524 739.9081351 747.5021435 758.3062286 766.2073793 772.807783 778.4301486 780.0819384 785.1897938 787.0579434 789.927956 793.9868398 794.2844506 799.7098419 803.8382108 808.0853033 811.6800091 812.8585241 798.0754332
-9999 -9999 -9999 -9999 -9999 -9999 -9999 631.4459716 789.4072868 921.4410904 1022.424083 1118.959359 1249.342183 1427.512802 1631.317157 1727.69657 1748.318729 1759.436385 1695.397235 1630.507091 1461.885067 1152.886418 887.4958203 693.6919907 550.3798127 476.9114261 452.7620425 446.703113 447.4348218 452.2767431 463.944069 481.979634 501.1712885 522.1450127 543.3575063 565.4722817 588.647387 609.3722772 626.0390957 639.8009946 652.0123838 663.87683 676.1387539 689.7334386 703.3799486 715.3676375 725.692076 735.350701 744.5815657 752.9758228 758.4580423 760.5443498 761.6827807 762.809893 763.420551 765.8020521 769.1784877 771.2861787 772.4114498 772.5738233 774.7038834 777.9715289 774.3566423 759.2787466
-9999 -9999 -9999 -9999 -9999 -9999 -9999 374.9058845 590.7057149 805.0735372 949.0048161 1050.903336 1160.482154 1316.841425 1449.607613 1559.961483 1689.394923 1832.081191 1834.482128 1947.476265 1813.991345 1405.927682 1095.599775 849.3298389 635.1657075 523.5254058 482.0931738 457.6607085 455.559975 457.1956057 467.4535668 485.6285776 502.510244 522.3081429 540.2374991 558.1663832 577.6713819 595.5306521 610.3870566 625.0595879 637.1079819 648.367164 661.0506316 674.3888017 688.8545146 701.1252291 711.7049821 722.9792998 731.3167712 741.0421568 745.6491085 745.2700924 745.7151729 744.7151136 745.0042605 747.0417257 749.9924168 752.9920648 751.313801 747.6044003 746.9520245 747.3288561 741.6984126 721.9246858
-9999 -9999 -9999 -9999 -9999 -9999 -9999 239.9470323 412.9679496 609.1894001 773.5246144 925.0191423 1064.238989 1156.029175 1232.911713 1315.639447 1412.375576 1496.794269 1600.250113 1677.25738 1618.403882 1426.733512 1212.659141 979.9554095 758.9059788 619.7825315 543.2444895 492.0720782 472.2892737 472.0541842 480.7032732 496.6393048 513.9519427 527.558884 540.1237249 553.5590967 568.2885216 582.3334035 594.7839542 607.3086722 618.6679555 630.5412663 644.0490122 656.8249104 671.1734141 684.3744391 695.1985055 706.5013533 717.2194609 724.8672726 730.0064976 731.789479 730.7570939 731.3963121 731.9558604 734.318568 737.5496131 738.6160596 738.9114141 735.4506987 731.0828352 724.6645825 710.9609284 688.9651434
-9999 -9999 -9999 -9999 -9999 -9999 -9999 -9999 251.2771598 413.0555233 570.0605665 734.7974763 908.8569439 971.2233814 1032.390486 1097.823819 1154.644668 1180.994092 1298.36476 1348.065091 1362.734317 1350.116381 1261.679253 1109.053798 919.2161601 770.720886 660.3058297 556.4874992 517.4334703 498.7789602 496.4027929 508.9065312 523.6448099 531.9221005 539.6935571 548.1957693 557.8023623 567.9821075 576.7543411 586.5979744 596.5065102 607.7127163 621.5394804 633.9766292 649.6617697 664.635652 678.024416 691.1243111 705.3691261 714.7681537 721.2522024 724.5539155 722.1995346 724.3528845 725.2429293 728.0897607 732.331559 732.7708936 733.9769801 729.7646582 721.1700321 707.3533626 688.2437729 661.7578028
