meets/meet004/data/CCSM_0k_neotropic_bio16.asc
NCOLS 154 
NROWS 168 
XLLCORNER -112 
YLLCORNER -55.5 
CELLSIZE 0.5 
NODATA_value -9999 
[rows 29 to 57 of 168, columns 64 to 127 of 154]
-9999 -9999 -9999 -9999 -9999 -9999 -9999 -9999 -9999 -9999 -9999 -9999 -9999 -9999 -9999 -9999 -9999 -9999 -9999 -9999 -9999 -9999 -9999 -9999 -9999 -9999 -9999 -9999 -9999 -9999 -9999 -9999 -9999 -9999 -9999 -9999 -9999 276.9105902 -9999 -9999 -9999 -9999 -9999 -9999 -9999 -9999 -9999 -9999 -9999 -9999 -9999 -9999 -9999 -9999 -9999 -9999 -9999 -9999 -9999 -9999 -9999 -9999 -9999 -9999
-9999 -9999 -9999 -9999 -9999 -9999 -9999 -9999 -9999 -9999 -9999 -9999 -9999 -9999 -9999 -9999 -9999 -9999 -9999 -9999 -9999 -9999 -9999 -9999 -9999 -9999 -9999 -9999 -9999 -9999 -9999 -9999 -9999 -9999 -9999 -9999 -9999 287.7498869 -9999 -9999 -9999 -9999 -9999 -9999 -9999 -9999 -9999 -9999 -9999 -9999 -9999 -9999 -9999 -9999 -9999 -9999 -9999 -9999 -9999 -9999 -9999 -9999 -9999 -9999
-9999 -9999 -9999 -9999 -9999 -9999 -9999 -9999 -9999 -9999 -9999 -9999 -9999 -9999 -9999 -9999 -9999 -9999 -9999 -9999 -9999 -9999 -9999 -9999 -9999 -9999 -9999 -9999 -9999 -9999 -9999 -9999 -9999 -9999 -9999 -9999 -9999 -9999 -9999 -9999 -9999 -9999 -9999 -9999 -9999 -9999 -9999 -9999 -9999 -9999 -9999 -9999 -9999 -9999 -9999 -9999 -9999 -9999 -9999 -9999 -9999 -9999 -9999 -9999
-9999 -9999 -9999 -9999 -9999 -9999 -9999 -9999 -9999 -9999 -9999 -9999 -9999 -9999 -9999 -9999 121.6484803 -9999 -9999 -9999 -9999 -9999 -9999 -9999 -9999 -9999 -9999 -9999 -9999 -9999 -9999 -9999 -9999 -9999 -9999 -9999 293.2382545 -9999 -9999 -9999 -9999 -9999 -9999 -9999 -9999 -9999 -9999 -9999 -9999 -9999 -9999 -9999 -9999 -9999 -9999 -9999 -9999 -9999 -9999 -9999 -9999 -9999 -9999 -9999
-9999 -9999 -9999 -9999 -9999 -9999 -9999 -9999 -9999 -9999 -9999 -9999 -9999 -9999 160.5079244 158.5969787 154.8298458 -9999 -9999 -9999 -9999 -9999 -9999 -9999 -9999 -9999 -9999 -9999 -9999 -9999 -9999 -9999 -9999 -9999 -9999 -9999 -9999 -9999 -9999 -9999 -9999 -9999 -9999 -9999 -9999 -9999 -9999 -9999 -9999 -9999 -9999 -9999 -9999 -9999 -9999 -9999 -9999 -9999 -9999 -9999 -9999 -9999 -9999 -9999
-9999 -9999 -9999 -9999 -9999 -9999 -9999 -9999 -9999 -9999 241.3754283 230.1659681 223.2180641 215.9637482 212.1578635 211.5984956 -9999 -9999 201.2949879 200.3361534 198.4425251 192.3657646 192.3873198 -9999 -9999 -9999 -9999 -9999 -9999 -9999 -9999 -9999 -9999 -9999 -9999 -9999 -9999 -9999 -9999 -9999 -9999 -9999 -9999 -9999 -9999 -9999 -9999 -9999 -9999 -9999 -9999 -9999 -9999 -9999 -9999 -9999 -9999 -9999 -9999 -9999 -9999 -9999 -9999 -9999
-9999 -9999 -9999 -9999 -9999 -9999 -9999 -9999 -9999 336.1803721 316.9511194 302.526317 290.4732233 282.8344039 284.395916 285.9445784 287.5934009 279.5960526 280.5006531 271.2007018 263.9892574 258.106312 250.0683273 234.2318673 -9999 -9999 -9999 -9999 -9999 -9999 -9999 -9999 -9999 -9999 -9999 -9999 -9999 -9999 -9999 -9999 -9999 -9999 -9999 -9999 -9999 -9999 -9999 -9999 -9999 -9999 -9999 -9999 -9999 -9999 -9999 -9999 -9999 -9999 -9999 -9999 -9999 -9999 -9999 -9999
-9999 -9999 -9999 -9999 -9999 -9999 -9999 -9999 -9999 415.38711 389.4549402 363.5266434 345.0633514 347.2543372 351.8889804 353.4918368 349.7590882 350.9652002 345.3013705 335.4405636 327.5951606 315.186408 297.2036208 275.7306638 260.4489297 249.7352298 238.1932112 229.4585502 225.4851743 220.4533817 221.5863263 231.7558416 242.0514224 256.7574556 273.9597271 -9999 -9999 -9999 -9999 -9999 -9999 -9999 -9999 -9999 -9999 -9999 -9999 -9999 -9999 -9999 -9999 -9999 -9999 -9999 -9999 -9999 -9999 -9999 -9999 -9999 -9999 -9999 -9999 -9999
-9999 -9999 -9999 -9999 -9999 -9999 -9999 -9999 -9999 519.3854664 475.7215921 444.2521135 417.5291522 429.9762043 426.1549526 432.9737216 439.6402398 444.4748412 452.2461869 437.7486098 425.497326 408.2057809 374.033688 346.5544971 313.5668996 289.4499397 277.0684053 258.2306134 255.4195748 248.0152688 245.9987773 257.8103513 263.7773265 279.3341525 294.9744242 307.9129727 315.7544075 -9999 -9999 -9999 -9999 -9999 -9999 -9999 -9999 -9999 -9999 -9999 -9999 -9999 -9999 -9999 -9999 -9999 -9999 -9999 -9999 -9999 -9999 -9999 -9999 -9999 -9999 -9999
837.1401416 844.6577016 856.1600671 852.5010736 -9999 -9999 -9999 -9999 681.2707561 625.3842249 573.1228766 518.3927459 497.2461833 483.431285 489.8021651 496.2191379 501.662427 523.3298804 531.0174783 534.9114141 522.0850904 480.4280788 441.2320248 389.5643687 352.3375806 328.3472121 302.3532845 284.5161855 273.0831166 268.6747308 267.6718275 272.7568309 282.2877488 296.5137128 313.0441594 325.4934486 332.5367117 340.5230601 -9999 -9999 -9999 -9999 -9999 -9999 -9999 -9999 -9999 -9999 -9999 -9999 -9999 -9999 -9999 -9999 -9999 -9999 -9999 -9999 -9999 -9999 -9999 -9999 -9999 -9999
1043.370535 -9999 -9999 1079.930049 1053.710879 1041.450044 1001.029977 936.0745444 889.2430312 808.9455154 715.9988954 641.9803923 575.749513 570.5985493 562.2414326 618.1601562 651.4504492 676.3709331 695.4418084 698.3702341 654.6263973 607.6155747 553.44165 503.4271899 441.218735 391.4145536 360.8090687 326.7845303 321.2266064 308.427149 302.2761677 308.2456458 310.5820804 326.6055227 341.6310322 352.9853765 365.2162335 370.5785926 -9999 -9999 -9999 -9999 -9999 -9999 -9999 -9999 -9999 -9999 -9999 -9999 -9999 -9999 -9999 -9999 -9999 -9999 -9999 -9999 -9999 -9999 -9999 -9999 -9999 -9999
-9999 -9999 -9999 1308.876453 1332.33747 1319.793463 1239.637737 1191.931674 1123.901073 1016.53892 907.8269975 786.1176331 683.2545266 654.5533956 681.1094732 726.7072558 776.0474583 812.866051 836.6388169 874.1315665 838.1571164 725.6805678 668.3266546 608.9139558 550.2931592 503.8525679 425.7661143 390.1078063 370.4783859 352.0445334 345.4430758 340.8884444 342.8189911 354.1999676 369.7807673 381.5820236 390.0764547 397.6686246 399.2824166 404.6901319 400.1903327 -9999 -9999 -9999 -9999 -9999 -9999 -9999 -9999 -9999 -9999 -9999 -9999 -9999 -9999 -9999 -9999 -9999 -9999 -9999 -9999 -9999 -9999 -9999
-9999 -9999 -9999 1577.018183 1572.691463 1571.121876 1560.515153 1503.106966 1402.114452 1264.930176 1095.789961 942.5154287 795.9623849 780.5507406 773.0844821 883.6429439 978.2506563 1052.8872 1076.809653 1064.667156 1032.463573 974.1878008 895.9484251 811.3341491 722.2380602 621.1669706 564.8543875 498.9202423 452.2254235 417.6471607 392.5670437 393.1929266 390.0787529 398.3663225 404.9767579 416.3820418 431.2051126 439.6327856 443.0650648 441.1301496 437.1552034 426.8098331 -9999 -9999 -9999 -9999 -9999 -9999 -9999 -9999 -9999 -9999 -9999 -9999 -9999 -9999 -9999 -9999 -9999 -9999 -9999 -9999 -9999 -9999
-9999 -9999 -9999 -9999 1804.673766 1861.335216 1858.563263 1832.762867 1674.518406 1479.971939 1284.425152 1065.417551 889.1715943 864.8221174 920.7228911 1032.993026 1178.548236 1306.023773 1286.975332 1291.593772 1245.949394 1181.984385 1133.168071 1016.944974 916.6615499 823.3145004 682.7260779 609.2186009 552.353075 485.1001499 463.8948936 442.9455281 440.475816 440.6784775 449.2100205 459.3893326 469.2723557 474.9879309 477.7403648 482.6682244 478.4552766 462.9836226 458.2902724 -9999 -9999 -9999 -9999 -9999 -9999 -9999 -9999 -9999 -9999 -9999 -9999 -9999 -9999 -9999 -9999 -9999 -9999 -9999 -9999 -9999
-9999 -9999 -9999 -9999 -9999 2114.501962 2111.79084 2028.558074 1827.721974 1585.847969 1346.434024 1111.036566 921.1401476 969.4676221 1037.126106 1187.276496 1358.142703 1499.535388 1529.184579 1519.383192 1496.367806 1476.70359 1401.855015 1298.368471 1165.713035 1032.243442 890.5850005 747.6364953 653.5361158 566.4869038 529.6856552 507.9002249 487.498275 492.0905837 491.7954663 496.9636755 506.3862109 513.7596899 522.3409765 526.2288178 529.2818841 522.382452 507.1350172 485.0039553 -9999 -9999 -9999 -9999 -9999 -9999 -9999 -9999 -9999 -9999 -9999 -9999 -9999 -9999 -9999 -9999 -9999 -9999 -9999 -9999
-9999 -9999 -9999 -9999 -9999 2299.609649 2235.135883 2128.067107 1865.828053 1552.192539 1296.121169 1065.501484 889.1879912 994.065678 1148.791311 1301.036497 1483.476986 1622.424994 1673.233252 1701.495781 1702.670469 1691.006451 1675.484716 1550.560901 1391.697329 1239.393103 1030.028201 870.5487044 756.8842493 625.0954971 581.5295411 546.3130501 528.2229416 525.8501056 526.4453599 531.9644732 536.4488383 545.5031826 553.5696144 570.4608134 576.0203301 566.1161072 560.2913085 531.0490316 504.2558632 -9999 -9999 -9999 -9999 -9999 -9999 -9999 -9999 -9999 -9999 -9999 -9999 -9999 -9999 -9999 -9999 -9999 -9999 -9999
-9999 -9999 -9999 -9999 -9999 2354.236575 2260.334352 2087.188876 1801.689366 1470.56068 1204.780661 997.8343686 916.5727911 1051.175408 1224.56025 1386.706715 1563.932983 1671.621924 1773.77462 1816.942136 1850.026519 1869.565933 1840.489743 1752.553412 1577.515438 1402.800215 1195.434584 978.4000171 840.0533029 692.1383531 638.0122161 602.3038383 571.3538658 567.8214069 564.2614717 562.992123 569.143241 575.7955766 591.0751501 608.2396699 623.4264324 624.1353299 613.895829 590.1680022 555.5107153 524.7416761 494.8913045 466.8734055 452.6366284 437.8600639 433.7085725 433.970414 -9999 -9999 -9999 -9999 -9999 -9999 -9999 -9999 -9999 -9999 -9999 -9999
-9999 -9999 -9999 -9999 -9999 2329.871367 2189.670942 1988.692617 1673.910903 1325.737942 1069.419205 894.1822459 895.9685661 1062.284476 1236.233039 1396.320092 1547.73662 1656.512893 1732.645703 1824.353985 1862.824362 1900.599182 1943.390004 1826.168644 1670.079703 1491.729595 1242.13681 1032.598334 871.0271737 726.5936574 671.5468582 626.1802761 603.3186573 594.2024648 596.180706 592.3642885 587.3906331 593.2360025 613.9520412 634.6851691 654.5726078 661.5360401 665.3539781 630.3539227 593.0802253 557.9943675 519.0475149 490.6999528 470.9816386 454.8914666 450.3744965 447.1263216 449.3366713 450.655445 456.9916919 -9999 -9999 -9999 -9999 -9999 -9999 -9999 -9999 -9999
-9999 -9999 -9999 -9999 -9999 2195.927858 2052.93687 1829.613504 1519.069859 1196.296203 966.9191717 826.3107062 885.6505056 1043.478354 1223.471805 1341.658062 1462.27166 1544.069044 1655.575747 1721.999718 1792.88735 1855.361658 1861.845143 1795.238722 1656.439399 1492.895871 1278.007212 1060.379481 915.9248009 759.5336136 706.1037395 670.2591126 644.7753721 636.3503427 630.3376279 624.2950421 625.6986832 622.8667737 639.0975135 659.0816136 680.2496604 688.2504644 687.7607214 661.5963454 620.7772569 584.2417757 549.5530386 510.8644674 490.7904836 469.4498737 462.3574058 461.3509403 459.7133353 465.2950607 470.0940568 475.5014838 -9999 -9999 -9999 -9999 -9999 -9999 -9999 -9999
-9999 -9999 -9999 -9999 -9999 2042.821779 1875.722674 1668.531887 1377.038537 1074.192983 867.5410062 750.1956895 854.6696626 987.4555135 1147.423416 1258.904071 1355.207777 1415.02263 1479.876195 1548.241101 1611.977811 1676.010664 1719.512029 1664.401719 1554.296338 1401.169283 1202.709578 1028.472139 911.2921192 771.6429867 720.5700461 701.1313966 678.8111296 675.1336739 666.1444381 660.8488163 657.3972313 646.5794704 663.1625338 676.8522292 694.7538691 697.0506947 706.5687517 675.5651791 632.7238024 596.5187671 554.4282858 517.7900804 497.9371023 472.019637 464.1426457 463.1298244 460.9656793 468.3531317 476.0189697 482.8188068 491.1096362 492.8258605 -9999 -9999 -9999 -9999 -9999 -9999
-9999 -9999 -9999 -9999 -9999 1831.905664 1675.135153 1466.746468 1212.685739 959.6657426 799.9031782 716.1587065 828.9624009 932.1372146 1049.484856 1114.18713 1180.072978 1239.559836 1290.259672 1347.228332 1399.336059 1448.595994 1470.843048 1431.591272 1365.923329 1258.63681 1110.827574 970.3298991 866.4557036 772.215349 741.0811026 724.542645 710.7858764 713.9753451 713.3724218 707.3651185 693.3237304 686.4971185 686.5705015 687.729101 698.5234824 701.027861 693.6837557 665.9538098 634.1452989 598.251447 557.1037176 519.2455193 495.1755709 471.2948921 462.6828987 460.53458 459.7511588 469.3917288 478.3681136 488.3672643 495.8123792 498.2761428 -9999 -9999 -9999 -9999 -9999 -9999
-9999 -9999 -9999 -9999 -9999 1618.161843 1448.550409 1269.65486 1058.64559 846.7747535 735.2653338 668.0965674 780.3756046 843.2079982 934.628658 970.7452188 1019.154744 1062.098188 1075.706151 1137.734562 1167.670502 1200.967398 1230.499991 1209.154319 1171.671425 1115.769034 1006.240119 900.8320111 794.7659873 747.8190619 739.7263412 732.5482659 734.1120342 742.6975569 751.7730411 748.319568 726.6987038 715.9563723 704.7545293 697.1915685 693.3328598 692.0581697 679.3714037 655.8604047 619.4896834 586.0572663 540.5392374 510.9002632 484.7678361 462.5136408 453.9856907 451.0654226 452.4979594 462.0155148 475.3442058 487.9177157 495.5437905 501.2811162 -9999 -9999 -9999 -9999 -9999 -9999
-9999 -9999 -9999 -9999 -9999 1345.593913 1207.069653 1050.806702 909.8995092 777.1436697 694.1229023 706.3461055 735.7212258 787.7459061 832.4792356 860.575735 895.412486 929.6785075 975.1412534 1026.424441 1075.81236 1133.859098 1173.861879 1187.809263 1170.723232 1119.712095 1032.916407 933.3296472 827.9600818 730.0987615 728.7559635 740.2920052 748.0006113 763.6366889 768.7710257 766.6936138 756.0383848 743.78989 731.3615026 712.8455641 704.9392915 689.361519 666.2372359 637.4473615 603.8872118 572.3511709 533.2545779 499.0844322 474.8156054 452.472541 444.3416139 443.157671 444.4904743 456.5487748 469.0775833 481.8968537 490.9375582 496.5017674 -9999 -9999 -9999 -9999 -9999 -9999
-9999 -9999 -9999 1212.181909 1183.643269 1093.12662 959.6024257 855.6265718 773.933195 715.5669891 737.9927774 758.0652279 781.541142 807.8978989 841.7810379 871.1729855 916.4188547 953.8729161 992.0763649 1036.871134 1073.716573 1122.686933 1158.820908 1158.045786 1143.96872 1101.431063 1018.077726 941.7189223 860.6401881 755.7144199 706.4662774 732.8379452 751.724666 767.621106 771.2092995 768.3374227 765.4302403 751.0956975 736.1584892 715.8670043 698.9856608 668.4790365 651.2973433 613.9986453 578.628273 549.8965225 511.8887078 481.3552871 461.4328219 439.1714016 433.3517084 433.452736 436.863321 449.2067403 463.6870534 477.6432071 487.0792697 493.7599394 499.0032953 -9999 -9999 -9999 -9999 -9999
-9999 -9999 1110.277081 1065.888804 974.3233659 878.1140697 800.6223292 723.8684536 703.8171414 741.985167 764.8253843 786.6421368 808.6401044 841.3246568 866.5527948 893.6867725 927.6950733 961.9513515 999.484245 1035.514637 1068.561635 1100.031187 1125.190172 1122.464706 1102.342827 1059.843102 992.6839295 921.9603206 849.3221892 778.8988284 725.5546586 711.7657903 736.1860189 750.7573771 756.3109312 753.9021458 752.2874472 735.2356718 718.6568794 696.369453 679.0157019 653.6171031 622.3677129 595.3779034 555.7603715 528.5049563 497.1113848 467.124279 447.5099186 431.0683136 426.0840807 427.394586 433.4936249 445.5194635 461.0389148 473.6774612 481.767669 506.9531979 524.5561468 532.6929033 -9999 -9999 -9999 -9999
-9999 -9999 997.9293106 895.0624161 795.9145409 706.7054621 639.8983992 678.6458049 706.8129522 745.3766649 771.974288 810.7452148 832.9125516 856.0085414 882.1431348 903.1617117 934.1947145 963.6655918 988.6384324 1020.742168 1043.781118 1065.54572 1088.948746 1071.095323 1055.638948 1020.31039 955.4706012 902.984207 851.3919891 793.2436725 758.3310716 721.2137831 702.3099763 712.5048508 721.6747932 717.7246417 707.4677534 698.0355704 684.4580824 659.0649114 642.4623174 638.2787987 624.1294218 609.708614 579.7671077 548.446137 515.834319 481.6035074 457.5246069 429.3209342 418.7130747 422.2977143 431.850318 443.5675948 461.2429176 475.0193331 494.9534199 517.9521434 541.3340367 560.2973225 -9999 -9999 -9999 -9999
881.6450916 864.1125628 845.2318353 760.7511178 658.519504 580.9499523 617.4467032 657.9760015 701.4314621 734.6999002 768.9156395 811.4310315 848.1627088 871.7518499 887.8964364 907.8325427 936.1142343 961.3331256 983.9288028 998.9724429 1018.853385 1036.36298 1045.727104 1034.8985 1011.845334 977.8658302 938.8161527 895.0806076 855.6696006 821.477682 788.4539851 767.5287314 750.5337186 734.8977092 726.2443447 716.3805889 715.412415 717.7566909 723.4522042 732.0899636 734.6246688 724.623987 711.2083873 682.8526212 651.1346424 616.5068086 569.9090293 529.792037 497.1695664 471.5726662 459.0363165 454.1154262 460.3917224 478.876607 508.8539971 533.6827269 555.583251 581.8515336 595.3884111 618.4700481 -9999 -9999 -9999 -9999
921.1605132 830.8665367 720.5053763 633.1742818 549.4948897 553.6171576 596.2533388 646.6068004 685.5436394 724.1008088 753.0518882 800.8360169 846.0873585 866.593788 885.641974 898.7795075 923.5105356 944.3899493 958.2651603 974.8644522 984.6725978 992.5814117 995.8709186 985.0255467 970.3152909 947.3852382 912.1620678 884.9126653 861.99081 836.6347894 823.8567464 812.2767891 812.0996395 813.2622911 810.4576626 802.5144896 807.1559944 811.2444808 819.1747398 819.8847108 820.7230982 813.7182114 796.5987144 763.6324823 715.9336064 670.8082107 622.2590706 578.705068 544.3990451 510.0647603 499.5418967 503.0918465 513.5010844 537.5203443 565.5079603 602.1256051 641.8467305 675.8736411 700.4580724 717.835284 727.7801648 -9999 -9999 -9999
951.6076898 830.1997421 691.5359823 586.1034515 515.9377973 523.1022938 578.9322327 639.080954 671.9399911 708.0180607 736.8417383 787.8803635 831.2184866 849.8512222 868.6016419 881.375127 901.8562857 922.1050656 931.3991132 938.660828 946.478317 951.0236816 952.2937707 944.9949039 931.4951326 911.5812003 899.0163188 883.7274416 866.8632873 855.1192164 856.1129282 869.2160492 879.2291164 885.0519351 887.3734602 879.6289317 875.8026395 884.5476214 891.83795 894.1796166 894.1157515 880.5323065 858.3263414 819.8691381 766.8651342 718.0810028 661.3408357 612.4043314 579.3808062 549.6100812 538.8513293 545.8455157 558.8070668 590.3935602 634.8166163 672.7916459 719.7631686 756.9667577 791.2043096 828.7109914 840.7595089 842.4421913 839.9023159 -9999
