meets/meet004/data/CCSM_0k_neotropic_bio05.asc
NCOLS 154 
NROWS 168 
XLLCORNER -112 
YLLCORNER -55.5 
CELLSIZE 0.5 
NODATA_value -9999 
[rows 87 to 115 of 168, columns 64 to 127 of 154]
-9999 -9999 -9999 -9999 -9999 -9999 -9999 -9999 -9999 23.0544185 22.07774383 22.47003092 22.08315087 18.95106862 15.64075882 13.21140157 11.53558624 10.14337288 9.086307722 8.64530734 9.675630008 11.75793826 14.67402223 18.64889057 22.97802837 27.06425487 30.10905174 32.43468058 33.41726321 33.94216732 34.36444471 34.20911131 34.18738697 34.24580947 34.35617617 34.40137414 34.39028843 34.37751981 34.29739711 34.25790191 34.25474228 34.25520576 34.42121922 34.68484401 35.03025147 35.10033643 34.9203344 34.6365 34.24612097 33.82457637 33.55168137 33.48225789 33.51028185 33.64543442 33.74210275 33.66859317 33.44349169 33.1682321 32.94815516 32.63079584 32.17322038 31.66375551 31.06961864 30.65489377
-9999 -9999 -9999 -9999 -9999 -9999 -9999 -9999 -9999 -9999 -9999 22.3880909 23.18892421 20.72910746 18.21341189 15.63755145 13.23026533 11.39719607 10.02422604 9.145853371 9.580848367 10.62024708 12.45849579 15.58948196 18.99004402 22.90148266 26.6910674 30.12595008 32.00786085 33.22772014 33.96111299 33.92662322 33.79552317 33.89410285 33.99952674 34.07202278 34.18124588 34.2841972 34.28792707 34.3750827 34.49722162 34.65310748 34.97046856 35.25111101 35.63939349 35.67864687 35.40845152 35.07254845 34.52070725 33.93461177 33.57876958 33.45016295 33.50334609 33.61914474 33.70427824 33.58743848 33.28401657 32.9324644 32.63112799 32.21556625 31.70476699 31.21687926 30.59722704 30.22152697
-9999 -9999 -9999 -9999 -9999 -9999 -9999 -9999 -9999 -9999 -9999 -9999 -9999 20.51886642 19.7675195 18.1285392 15.72468508 13.03260258 11.60926975 10.29187491 9.890172864 10.53815422 11.34373596 13.19826551 15.50245336 18.66426006 22.24825912 26.21268494 29.07057689 31.62600714 33.2695614 33.23035919 33.47364295 33.59410241 33.57739225 33.75879805 33.8681574 34.03668156 34.10864539 34.22502319 34.47125086 34.72771802 35.12114093 35.43861891 35.72061925 35.79140884 35.66320856 35.36209533 34.81375336 34.1929516 33.69977972 33.46455807 33.45983755 33.35603246 33.37714621 33.21614537 32.9536574 32.73156124 32.41751976 32.08899349 31.6155801 31.06352894 30.48875525 30.08201608
-9999 -9999 -9999 -9999 -9999 -9999 -9999 -9999 -9999 -9999 -9999 -9999 -9999 -9999 -9999 19.47585958 18.26930546 16.403702 14.55032367 12.59089352 11.44726407 11.22539664 11.09419126 11.80453657 12.67691936 14.76731321 17.67489323 21.03005198 24.43685205 27.85198553 30.36723915 31.50064936 32.35526135 32.87420969 33.08428559 33.34047923 33.5363483 33.67528075 33.77949419 33.94250981 34.2169477 34.56805889 35.00243524 35.34410031 35.65861059 35.80043974 35.76979632 35.58500599 35.1764624 34.59077196 34.00440002 33.46980408 33.1391108 32.83680797 32.70389342 32.53395499 32.38353959 32.30197765 32.14862361 31.9361584 31.56589718 31.10959456 30.57492993 30.15837792
-9999 -9999 -9999 -9999 -9999 -9999 -9999 -9999 -9999 -9999 -9999 -9999 -9999 -9999 -9999 -9999 -9999 21.37167853 18.63177152 16.03826934 14.23097124 12.93153862 12.0188446 11.51746526 10.82590957 11.57790247 13.5700425 15.51952506 19.21878211 22.46263596 25.84325703 28.67915245 30.77716737 31.96994282 32.44081589 32.99819491 33.15903929 33.23545712 33.3921086 33.52926223 33.86823612 34.29064485 34.72053349 35.17686242 35.53189094 35.74503005 35.81647485 35.74113932 35.48196474 35.15805505 34.4539124 33.44697233 32.52536288 32.13179155 31.77818562 31.59356876 31.68663786 31.67759355 31.76582435 31.74544472 31.52975891 31.21974181 30.7883952 30.27987531
-9999 -9999 -9999 -9999 -9999 -9999 -9999 -9999 -9999 -9999 -9999 -9999 -9999 -9999 -9999 -9999 -9999 22.00249055 20.75679052 18.98657988 17.37038004 15.6405043 14.15273465 12.73730797 11.2354287 11.14186237 12.15657383 13.40399621 16.08197373 18.80914838 22.14388985 25.78849115 28.72765693 30.85344702 31.92799583 32.72741529 32.90436702 32.87023742 33.01735889 33.18083496 33.55772861 34.06289516 34.55667646 35.03306275 35.38871037 35.62688515 35.72049783 35.69995293 35.55076215 35.24788557 34.50124851 33.38871073 32.32342895 31.66566462 31.23699489 31.02737265 31.17487311 31.29955783 31.537013 31.62728035 31.50634269 31.26043803 30.84497337 30.31622452
-9999 -9999 -9999 -9999 -9999 -9999 -9999 -9999 -9999 -9999 -9999 -9999 -9999 -9999 -9999 -9999 -9999 -9999 -9999 21.26649961 20.31751505 18.62548913 17.11323605 14.80886017 13.23261699 12.35108541 12.3947048 13.47753966 14.99542106 16.68604563 19.72971287 23.41231816 26.99171962 29.76743006 31.61735719 32.83271958 32.75856817 32.58422644 32.78449565 32.92533479 33.34267817 33.95607799 34.52200034 34.93696675 35.24373896 35.45382805 35.52638286 35.50479064 35.33006829 35.04189855 34.32885986 33.28319519 32.242746 31.56812873 31.03244873 30.8417529 31.03705442 31.1581039 31.46959846 31.64859033 31.57127968 31.3248002 30.83127046 30.19703097
-9999 -9999 -9999 -9999 -9999 -9999 -9999 -9999 -9999 -9999 -9999 -9999 -9999 -9999 -9999 -9999 -9999 -9999 -9999 22.62506804 22.38991763 20.76891275 18.95049382 16.40391712 14.27796778 13.17180118 13.10914754 14.12998064 14.9574644 16.09781843 18.67863883 22.05111806 25.51283401 28.76619424 31.14796115 32.68720933 32.88274702 32.67282274 32.8318827 33.02970916 33.38894959 33.96377528 34.48014153 34.84775806 35.06243726 35.20171978 35.22857997 35.14135592 34.9559284 34.63562489 34.01652255 33.19311992 32.37008221 31.76001521 31.38591727 31.21367824 31.30820673 31.43876261 31.67455798 31.82312343 31.69825479 31.41225759 30.85678873 30.06375155
-9999 -9999 -9999 -9999 -9999 -9999 -9999 -9999 -9999 -9999 -9999 -9999 -9999 -9999 -9999 -9999 -9999 -9999 -9999 -9999 24.09615621 22.34137053 20.30642565 17.28366592 14.50644882 13.12507679 13.43039588 14.79192858 15.3443338 16.08792937 18.21522894 21.26485379 24.68434224 28.09689813 30.82445594 32.66231318 32.92560687 32.91467779 33.12870535 33.36961065 33.69617137 34.07904364 34.499493 34.73826413 34.85750801 34.89989966 34.8544275 34.73489881 34.46339309 34.15298656 33.67459023 33.09197718 32.53194599 32.10550586 31.9266097 31.79597135 31.77490714 31.85759382 31.93517324 32.05039583 31.82909501 31.42704755 30.95919625 29.8741269
-9999 -9999 -9999 -9999 -9999 -9999 -9999 -9999 -9999 -9999 -9999 -9999 -9999 -9999 -9999 -9999 -9999 -9999 -9999 -9999 24.7111386 23.27403822 20.8648167 17.58221288 14.52421761 13.06634604 13.35451311 15.0220874 15.67762227 16.35463546 18.30415255 21.13860129 24.56980895 28.09448222 30.90791691 32.73648187 33.09930446 33.16454773 33.45485027 33.67271514 33.94270185 34.18662834 34.42433033 34.55941341 34.62551268 34.58190563 34.41537581 34.18217772 33.89255361 33.59984789 33.24263486 32.89865089 32.61537858 32.42053765 32.33896481 32.24635975 32.18573894 32.18059437 32.12251781 32.03477682 31.67300184 31.17386791 30.4818837 29.54951674
-9999 -9999 -9999 -9999 -9999 -9999 -9999 -9999 -9999 -9999 -9999 -9999 -9999 -9999 -9999 -9999 -9999 -9999 -9999 -9999 25.12132506 23.64582399 21.51726084 17.67012181 14.16737705 12.61555535 13.16760097 15.2895421 15.86622581 16.49723442 18.43280877 21.14298085 24.6806326 28.3510104 31.23179842 33.17925162 33.62469851 33.67814709 33.6800763 33.87613306 34.05688607 34.13704771 34.28438329 34.31960595 34.3707809 34.19337553 33.90473942 33.60325563 33.26875481 32.9838508 32.76164715 32.66103988 32.66558546 32.54047568 32.56008339 32.51571581 32.43309249 32.40964242 32.15977575 31.90041499 31.40441193 30.79996491 29.97392242 29.23053059
-9999 -9999 -9999 -9999 -9999 -9999 -9999 -9999 -9999 -9999 -9999 -9999 -9999 -9999 -9999 -9999 -9999 -9999 -9999 -9999 24.75073548 23.14389381 20.61602592 17.3683138 14.19621035 12.63061223 12.81343096 14.62375412 15.62014008 16.67685916 18.96941086 21.69040473 25.21371855 28.79096586 31.68614005 33.63129137 34.13225207 34.05531531 34.01633394 33.87723503 33.98368413 33.93499247 33.91052765 33.92932166 33.92389166 33.68639663 33.32759068 32.95605425 32.65343408 32.4384201 32.28744065 32.26185664 32.35107522 32.42017749 32.52268502 32.51876845 32.44498231 32.31744971 31.99740351 31.60804823 31.05693046 30.4667968 29.80456408 29.08356865
-9999 -9999 -9999 -9999 -9999 -9999 -9999 -9999 -9999 -9999 -9999 -9999 -9999 -9999 -9999 -9999 -9999 -9999 -9999 -9999 24.48294856 22.23514142 20.00812738 16.94145632 14.07906277 12.6192416 12.81962302 14.17609093 15.46763285 17.03755915 19.4199606 22.24377362 25.88385349 29.38719075 32.33191751 34.21155512 34.48432445 34.44290958 34.26967948 34.06331478 33.77971418 33.6205152 33.47475753 33.49287384 33.45385597 33.16199256 32.74515161 32.30831942 32.07302014 31.88981678 31.79103955 31.85098185 31.94588084 32.08819656 32.28192988 32.32922196 32.25939584 32.14585352 31.72850287 31.24750697 30.69879487 30.1622793 29.62439921 28.92414678
-9999 -9999 -9999 -9999 -9999 -9999 -9999 -9999 -9999 -9999 -9999 -9999 -9999 -9999 -9999 -9999 -9999 -9999 -9999 -9999 24.13652336 21.62168822 18.89442918 16.56816549 14.53859256 13.29513482 13.18622391 14.45735292 15.60912649 17.36903125 19.82230327 22.97075905 26.49410326 29.95856945 32.70943187 34.46409337 34.73643769 34.48360406 34.30750227 34.00793626 33.62343668 33.23172144 33.12670931 33.10372062 33.0016831 32.68647825 32.26300188 31.82861165 31.58700942 31.43692928 31.345302 31.36631927 31.44183051 31.58343484 31.77463877 31.81804939 31.77881997 31.63384664 31.18990827 30.74964791 30.17689466 29.59545654 29.11616764 28.54979503
-9999 -9999 -9999 -9999 -9999 -9999 -9999 -9999 -9999 -9999 -9999 -9999 -9999 -9999 -9999 -9999 -9999 -9999 -9999 -9999 24.10707546 21.21720111 18.22042061 16.53441615 15.13461983 14.08527682 13.80798634 14.80499126 16.05270167 17.80474895 20.29289562 23.61814763 27.16103144 30.46967778 33.06960059 34.6781452 34.72139958 34.47792866 34.22229574 33.89257506 33.52787834 33.16646565 32.77829069 32.78921112 32.70358102 32.4093571 31.96421654 31.44493778 31.24513244 31.05399548 30.94473043 30.95971767 30.97042397 31.11571859 31.24268894 31.24044407 31.18495234 30.96883246 30.37883199 29.88810888 29.27479049 28.69458468 28.32116234 27.8497613
-9999 -9999 -9999 -9999 -9999 -9999 -9999 -9999 -9999 -9999 -9999 -9999 -9999 -9999 -9999 -9999 -9999 -9999 -9999 24.82692343 23.65462072 21.17123363 18.672009 16.94701474 15.81386914 14.89457734 14.36950281 15.44614657 16.56675367 18.30341983 21.22667441 24.49476485 27.75234128 30.80612225 33.10640831 34.53259624 34.62477111 34.26205613 34.06017914 33.79505682 33.47374076 33.14855576 32.84593764 32.62487659 32.54375082 32.3305787 31.88937314 31.43105857 31.02764096 30.74147338 30.55591251 30.53331856 30.61473568 30.63100393 30.70395585 30.54834258 30.28940732 29.90821831 29.15809214 28.39096505 27.73388298 27.26381388 27.05056005 26.92994263
-9999 -9999 -9999 -9999 -9999 -9999 -9999 -9999 -9999 -9999 -9999 -9999 -9999 -9999 -9999 -9999 -9999 -9999 -9999 24.67338108 23.62905191 21.27765072 18.93763456 17.23143223 16.32656702 15.45918495 14.77017392 15.88974739 17.21910805 18.92106151 22.18287857 25.20441765 28.32550636 31.08025601 33.1140915 34.39117974 34.3722239 34.0569983 33.88537615 33.67196464 33.39695587 33.12367506 32.86000012 32.69216632 32.62520976 32.20243613 31.79990437 31.3970487 30.83575145 30.4069332 30.15119258 30.08239313 30.10765293 30.01268567 29.96194647 29.67252467 29.22566424 28.66656507 27.76663893 27.07484424 26.68289905 26.55826112 26.45738864 26.50172937
-9999 -9999 -9999 -9999 -9999 -9999 -9999 -9999 -9999 -9999 -9999 -9999 -9999 -9999 -9999 -9999 -9999 -9999 -9999 24.4121203 23.48597998 21.34441017 19.19499687 17.39090525 16.32645628 15.61541375 15.01816132 16.21045362 17.78588653 19.97679669 23.31714678 26.08984969 28.66972614 31.16303178 32.99471311 34.08666836 34.16294466 33.85051961 33.70502832 33.51602435 33.27827563 33.00630582 32.77875417 32.62339637 32.47962908 32.12704006 31.64366437 31.10373324 30.55325814 30.06360885 29.66375437 29.43031884 29.3149778 29.09853691 28.92598127 28.43896544 27.82626603 27.34346213 26.82164441 26.38068281 26.12473689 26.03340413 26.05679998 26.28051057
-9999 -9999 -9999 -9999 -9999 -9999 -9999 -9999 -9999 -9999 -9999 -9999 -9999 -9999 -9999 -9999 -9999 -9999 -9999 24.11916621 23.18732439 21.16044713 19.1083391 17.32483755 16.02370947 15.44552771 15.00708738 16.33118781 18.32015692 21.0225276 24.37783995 26.74024552 29.04705237 31.26418417 32.82964371 33.84888827 33.88153396 33.65242941 33.5402424 33.37640461 33.14210009 32.87653918 32.62030409 32.43547352 32.3006577 31.96555161 31.5729714 31.09058194 30.49885935 29.96466803 29.44121975 29.06435191 28.69774381 28.28997267 27.95342438 27.49241073 27.00829407 26.5269094 26.08416693 25.70395745 25.6184726 25.8206369 26.02057255 26.35008589
-9999 -9999 -9999 -9999 -9999 -9999 -9999 -9999 -9999 -9999 -9999 -9999 -9999 -9999 -9999 -9999 -9999 -9999 -9999 23.5767235 22.64915999 20.80358383 18.74106182 17.0983966 15.74481623 15.06501723 14.91766957 16.35320923 18.72544032 21.96793653 25.34968448 27.53161708 29.41624454 31.28705132 32.64236031 33.49924476 33.59703995 33.46222886 33.39534328 33.25947739 33.02572911 32.71683042 32.41249397 32.2297497 32.09335839 31.79599374 31.45127167 31.01293826 30.53955948 30.03863918 29.43674998 28.87014808 28.21608368 27.67433644 27.07982328 26.53321881 26.21696279 25.74929747 25.33717648 25.03733356 25.15660439 25.78247584 26.43347345 26.60108868
-9999 -9999 -9999 -9999 -9999 -9999 -9999 -9999 -9999 -9999 -9999 -9999 -9999 -9999 -9999 -9999 -9999 -9999 -9999 23.0192852 22.05542549 20.53366752 18.50615653 16.91419177 15.59836106 14.82095393 14.8474121 16.27853062 18.91307613 22.83086036 26.24887555 28.28760746 29.79847648 31.35916494 32.45154181 33.22434935 33.377744 33.28473405 33.25571399 33.10822498 32.86511553 32.53966106 32.21519108 32.02913332 31.87543756 31.59396648 31.29273148 30.91119072 30.51361322 30.04015834 29.42066628 28.7570004 27.98203443 27.32650669 26.62562165 26.06417527 25.76961967 25.3518928 24.94671556 24.62227547 24.80582256 25.58955204 26.33797654 26.51997062
-9999 -9999 -9999 -9999 -9999 -9999 -9999 -9999 -9999 -9999 -9999 -9999 -9999 -9999 -9999 -9999 -9999 -9999 -9999 22.50691606 21.82790891 20.37489495 18.46967603 17.04705265 15.63011998 14.85796398 14.95103459 16.18548916 19.14059973 23.76211435 27.1778264 28.97787122 30.2551843 31.5683594 32.38029931 32.97776961 33.17427051 33.15102092 33.09723357 32.94579107 32.69211072 32.36183514 32.02546448 31.83184521 31.66356295 31.40207817 31.15626572 30.80168514 30.44088874 30.03260991 29.4116226 28.74515849 27.97052754 27.22101252 26.59451984 26.00470628 25.65678695 25.30531614 24.78370419 24.37508102 24.55522945 25.27237143 25.90632139 -9999
-9999 -9999 -9999 -9999 -9999 -9999 -9999 -9999 -9999 -9999 -9999 -9999 -9999 -9999 -9999 -9999 -9999 -9999 -9999 21.8857626 21.49055939 20.50036266 18.98042912 17.64546183 16.32302556 15.57301343 15.59734337 16.69171334 19.97215044 24.68652439 28.08043294 29.81937937 30.85296591 31.88167482 32.48035161 32.95743056 33.10960042 33.05878372 32.97472056 32.77598739 32.5154439 32.21944114 31.92425497 31.73761756 31.56697845 31.30883666 31.06473085 30.74037482 30.41400532 30.00930821 29.39745621 28.72352634 27.97040615 27.24784457 26.60285329 26.00327159 25.62649184 25.24456761 24.69763945 24.28525259 24.40330948 25.07052086 25.6756464 -9999
-9999 -9999 -9999 -9999 -9999 -9999 -9999 -9999 -9999 -9999 -9999 -9999 -9999 -9999 -9999 -9999 -9999 -9999 20.8390347 21.38495332 21.42570457 20.907421 19.85262221 18.66408184 17.41287743 16.83320961 16.65912184 17.39473502 21.32702518 25.90507496 29.05361451 30.54887815 31.56855076 32.30670962 32.72239662 33.03069249 33.08042962 33.03245722 32.85452716 32.60890304 32.33959224 32.09181507 31.85753498 31.64448687 31.51756894 31.27033927 31.00128543 30.70608639 30.35652148 29.98709713 29.39089626 28.72041266 27.95925008 27.2395098 26.5805285 25.97172286 25.60331524 25.17139538 24.63958606 24.20843157 24.30757343 25.0166313 25.6651486 -9999
-9999 -9999 -9999 -9999 -9999 -9999 -9999 -9999 -9999 -9999 -9999 -9999 -9999 -9999 -9999 -9999 -9999 -9999 20.87984119 21.37668403 21.65627299 21.67363723 21.02726183 19.77564976 18.39365512 18.09490834 18.16083689 19.42298234 22.95584686 26.90955603 29.7596278 31.17168171 31.95137054 32.5784661 32.84749418 33.06091039 33.07437772 32.96475817 32.76500502 32.49262237 32.20459551 31.9407028 31.70314779 31.52649788 31.384735 31.1411985 30.88521619 30.59015929 30.29099778 29.94250467 29.36652369 28.71987855 28.0028888 27.30988534 26.65272688 26.02853054 25.60127237 25.15212608 24.63375918 24.24645105 24.34576261 24.97878644 25.5479118 -9999
-9999 -9999 -9999 -9999 -9999 -9999 -9999 -9999 -9999 -9999 -9999 -9999 -9999 -9999 -9999 -9999 -9999 -9999 21.32679058 21.61378182 21.83975064 22.1832358 22.48284055 20.78986949 19.1852313 19.38721506 19.8580547 21.61787435 24.86856704 28.17356736 30.51389499 31.6548009 32.36530317 32.77313207 32.91924194 33.01327086 32.99246877 32.91620693 32.66849142 32.38664134 32.08970173 31.80944019 31.50402973 31.35813821 31.21310542 30.97104977 30.7367757 30.4402181 30.16287713 29.8771813 29.35165607 28.72658527 28.07236103 27.39887791 26.77325022 26.19133222 25.76005519 25.22172078 24.83981986 24.41257697 24.46429402 25.09792849 25.55644866 -9999
-9999 -9999 -9999 -9999 -9999 -9999 -9999 -9999 -9999 -9999 -9999 -9999 -9999 -9999 -9999 -9999 -9999 -9999 22.1194043 21.40167555 21.25894548 21.66235105 22.13346622 21.29163594 20.59557977 21.02302367 21.67935574 24.0864614 26.89406343 29.56552472 31.48254131 32.26573218 32.60025433 32.83136501 32.852986 32.87273985 32.83015224 32.72274916 32.54535537 32.31571179 32.02758042 31.72806423 31.44779975 31.23390322 31.06531266 30.80849678 30.55403655 30.2833897 30.01395278 29.72290609 29.22953961 28.66089946 28.05702186 27.47755873 26.96566508 26.47523865 26.13772096 25.79028725 25.37534309 25.0544228 25.03174012 25.36466247 25.6736151 -9999
-9999 -9999 -9999 -9999 -9999 -9999 -9999 -9999 -9999 -9999 -9999 -9999 -9999 -9999 -9999 -9999 -9999 24.7661556 22.98310942 21.10432563 20.57429583 21.25266991 22.07143312 21.84718296 21.95256747 22.63562959 23.99448198 26.40934783 28.75480526 30.98342443 32.49965448 32.72424573 32.89324233 32.92115366 32.78197342 32.69442398 32.63276355 32.53656278 32.38046318 32.22947464 31.96296137 31.65008905 31.36890969 31.07733674 30.89839483 30.62325724 30.35163876 30.09718002 29.7730479 29.51513886 29.06672974 28.5643717 28.01597993 27.5559262 27.18340295 26.82508958 26.65500071 26.44856804 26.02450289 25.75761072 25.60753851 25.63958034 -9999 -9999
-9999 -9999 -9999 -9999 -9999 -9999 -9999 -9999 -9999 -9999 -9999 -9999 -9999 -9999 -9999 -9999 -9999 24.22372293 23.44341207 21.97836448 21.29001827 21.35564233 22.036276 22.69243779 23.44148571 24.48928341 26.15632818 28.14582595 29.96751809 31.67241947 32.75428676 32.93959359 32.98809339 32.84771657 32.71043266 32.58923927 32.450509 32.33072161 32.22616479 32.08599462 31.81212875 31.47040149 31.12759509 30.85774979 30.64502096 30.3398468 30.03936948 29.73855138 29.45298026 29.18399763 28.80350587 28.41254825 28.03465252 27.65284048 27.39769975 27.15407098 27.05492728 26.95370606 26.52548211 26.14143841 25.84679358 -9999 -9999 -9999
