meets/meet004/data/CCSM_21k_neotropic_bio19.asc
NCOLS 154 
NROWS 168 
XLLCORNER -112 
YLLCORNER -55.5 
CELLSIZE 0.5 
NODATA_value -9999 
[rows 29 to 57 of 168, columns 64 to 127 of 154]
-9999 -9999 -9999 -9999 -9999 -9999 -9999 -9999 -9999 -9999 -9999 -9999 -9999 -9999 -9999 -9999 -9999 -9999 -9999 -9999 -9999 -9999 -9999 -9999 -9999 -9999 -9999 -9999 -9999 -9999 -9999 -9999 -9999 -9999 -9999 -9999 -9999 79.34690844 -9999 -9999 -9999 -9999 -9999 -9999 -9999 -9999 -9999 -9999 -9999 -9999 -9999 -9999 -9999 -9999 -9999 -9999 -9999 -9999 -9999 -9999 -9999 -9999 -9999 -9999
-9999 -9999 -9999 -9999 -9999 -9999 -9999 -9999 -9999 -9999 -9999 -9999 -9999 -9999 -9999 -9999 -9999 -9999 -9999 -9999 -9999 -9999 -9999 -9999 -9999 -9999 -9999 -9999 -9999 -9999 -9999 -9999 -9999 -9999 -9999 -9999 -9999 73.07972407 -9999 -9999 -9999 -9999 -9999 -9999 -9999 -9999 -9999 -9999 -9999 -9999 -9999 -9999 -9999 -9999 -9999 -9999 -9999 -9999 -9999 -9999 -9999 -9999 -9999 -9999
-9999 -9999 -9999 -9999 -9999 -9999 -9999 -9999 -9999 -9999 -9999 -9999 -9999 -9999 -9999 -9999 -9999 -9999 -9999 -9999 -9999 -9999 -9999 -9999 -9999 -9999 -9999 -9999 -9999 -9999 -9999 -9999 -9999 -9999 -9999 -9999 -9999 -9999 -9999 -9999 -9999 -9999 -9999 -9999 -9999 -9999 -9999 -9999 -9999 -9999 -9999 -9999 -9999 -9999 -9999 -9999 -9999 -9999 -9999 -9999 -9999 -9999 -9999 -9999
-9999 -9999 -9999 -9999 -9999 -9999 -9999 -9999 -9999 -9999 -9999 -9999 -9999 -9999 -9999 -9999 22.30012479 -9999 -9999 -9999 -9999 -9999 -9999 -9999 -9999 -9999 -9999 -9999 -9999 -9999 -9999 -9999 -9999 -9999 -9999 -9999 62.16020675 -9999 -9999 -9999 -9999 -9999 -9999 -9999 -9999 -9999 -9999 -9999 -9999 -9999 -9999 -9999 -9999 -9999 -9999 -9999 -9999 -9999 -9999 -9999 -9999 -9999 -9999 -9999
-9999 -9999 -9999 -9999 -9999 -9999 -9999 -9999 -9999 -9999 -9999 -9999 -9999 -9999 15.52410754 20.07520727 26.40973303 -9999 -9999 -9999 -9999 -9999 -9999 -9999 -9999 -9999 -9999 -9999 -9999 -9999 -9999 -9999 -9999 -9999 -9999 -9999 -9999 -9999 -9999 -9999 -9999 -9999 -9999 -9999 -9999 -9999 -9999 -9999 -9999 -9999 -9999 -9999 -9999 -9999 -9999 -9999 -9999 -9999 -9999 -9999 -9999 -9999 -9999 -9999
-9999 -9999 -9999 -9999 -9999 -9999 -9999 -9999 -9999 -9999 4.556361899 6.638560088 9.238662376 14.13806577 19.30670147 24.31833441 -9999 -9999 46.63490088 53.41223203 57.15769242 59.20860914 58.15296045 -9999 -9999 -9999 -9999 -9999 -9999 -9999 -9999 -9999 -9999 -9999 -9999 -9999 -9999 -9999 -9999 -9999 -9999 -9999 -9999 -9999 -9999 -9999 -9999 -9999 -9999 -9999 -9999 -9999 -9999 -9999 -9999 -9999 -9999 -9999 -9999 -9999 -9999 -9999 -9999 -9999
-9999 -9999 -9999 -9999 -9999 -9999 -9999 -9999 -9999 3.921614378 5.194759595 8.120019099 11.80481679 15.39071035 21.81124125 27.55339774 37.59364708 44.94425158 51.66013233 61.04007563 64.31314952 64.21830023 66.72637681 61.15382584 -9999 -9999 -9999 -9999 -9999 -9999 -9999 -9999 -9999 -9999 -9999 -9999 -9999 -9999 -9999 -9999 -9999 -9999 -9999 -9999 -9999 -9999 -9999 -9999 -9999 -9999 -9999 -9999 -9999 -9999 -9999 -9999 -9999 -9999 -9999 -9999 -9999 -9999 -9999 -9999
-9999 -9999 -9999 -9999 -9999 -9999 -9999 -9999 -9999 4.259048069 5.423372701 7.801917968 10.70588553 15.08346578 21.45833484 26.91747369 33.61344847 41.92100981 48.71900033 55.01268803 57.17622759 57.86792616 55.67961899 50.81366977 46.83917368 43.53088508 38.26254054 33.79922603 32.68345938 29.07585117 30.47524261 35.66699097 40.29878235 50.20005206 58.47958891 -9999 -9999 -9999 -9999 -9999 -9999 -9999 -9999 -9999 -9999 -9999 -9999 -9999 -9999 -9999 -9999 -9999 -9999 -9999 -9999 -9999 -9999 -9999 -9999 -9999 -9999 -9999 -9999 -9999
-9999 -9999 -9999 -9999 -9999 -9999 -9999 -9999 -9999 449.1786986 399.4760912 375.8177672 330.9362873 13.45291784 18.90518197 24.27628497 31.00340587 37.14872237 40.63239938 46.31195197 46.07676944 43.87892542 41.75349999 38.04301824 33.78181676 32.01064937 30.61677349 28.28350255 28.73693733 27.53873941 29.93313949 35.41231552 40.33426373 48.86273575 58.39206651 63.84399054 69.85912266 -9999 -9999 -9999 -9999 -9999 -9999 -9999 -9999 -9999 -9999 -9999 -9999 -9999 -9999 -9999 -9999 -9999 -9999 -9999 -9999 -9999 -9999 -9999 -9999 -9999 -9999 -9999
80.19366607 68.25303616 60.11244012 40.17441674 -9999 -9999 -9999 -9999 626.5071275 565.978161 512.7844754 456.2384692 403.9882533 369.9772374 18.22027818 23.58842294 30.16679831 35.26363121 39.77301698 41.15616153 39.49766967 35.6040266 30.64955844 27.50009567 24.50425952 23.58824948 23.7741742 23.20815707 24.55465809 26.34095452 29.39234369 33.87604112 39.62478492 48.28819338 56.66479976 62.74172988 70.38589417 73.74101933 -9999 -9999 -9999 -9999 -9999 -9999 -9999 -9999 -9999 -9999 -9999 -9999 -9999 -9999 -9999 -9999 -9999 -9999 -9999 -9999 -9999 -9999 -9999 -9999 -9999 -9999
87.37281756 -9999 -9999 57.2236397 947.9530973 953.9030298 959.1633791 880.0736084 844.4634239 740.0260834 643.4541065 563.9088905 479.1882719 14.59169455 20.79982778 27.24018464 35.15974485 38.0989014 39.41635074 39.68948999 34.40842733 28.31695271 23.5371473 20.16673738 18.08487145 18.04842012 18.07257241 20.04029705 22.39925304 24.33912699 28.35997567 33.35584261 39.59198722 45.01553642 54.69730795 60.96221885 70.05115918 76.61811357 -9999 -9999 -9999 -9999 -9999 -9999 -9999 -9999 -9999 -9999 -9999 -9999 -9999 -9999 -9999 -9999 -9999 -9999 -9999 -9999 -9999 -9999 -9999 -9999 -9999 -9999
-9999 -9999 -9999 1122.059029 1184.806454 1206.8072 1185.917006 1140.195127 1057.965572 928.0981714 817.8494681 683.8070817 572.8813707 18.59808529 26.27684326 34.7972865 41.60793052 45.56226907 43.2527931 37.62417078 31.72959885 24.89607431 380.9141829 345.2641477 306.2319729 15.62569539 17.25773732 19.28068584 21.74335858 26.02866374 29.98961531 34.62895036 39.74645458 46.56324182 54.5164067 62.50702775 71.00314089 79.06262494 85.07208848 89.94150126 87.77877201 -9999 -9999 -9999 -9999 -9999 -9999 -9999 -9999 -9999 -9999 -9999 -9999 -9999 -9999 -9999 -9999 -9999 -9999 -9999 -9999 -9999 -9999 -9999
-9999 -9999 -9999 1353.235383 1427.396329 1455.368125 1464.197081 1427.405095 1289.452399 1121.74803 964.7511896 807.4642149 20.1422468 27.21772227 37.2916004 45.41751952 51.08439988 52.34582605 44.25378862 35.47997495 27.09111096 522.1796361 474.1752231 431.1759924 385.9833639 326.3366397 16.39816928 19.73299326 23.94798111 29.23872317 35.40362639 41.10716144 47.64880557 54.25518295 62.20549197 68.47122683 75.21541643 84.52105016 91.39134182 100.5616975 100.387439 100.2050751 -9999 -9999 -9999 -9999 -9999 -9999 -9999 -9999 -9999 -9999 -9999 -9999 -9999 -9999 -9999 -9999 -9999 -9999 -9999 -9999 -9999 -9999
-9999 -9999 -9999 -9999 1653.611466 1723.734605 1684.701866 59.55951584 49.79639974 36.91805045 30.24004501 28.76019643 31.37008659 39.501644 49.86830241 59.95038308 63.09451467 62.28064374 46.91537592 687.549964 651.5548269 624.1406249 592.1914065 533.0288168 470.0049308 408.8497761 354.4759965 21.89758799 27.37915067 36.58691645 43.5544933 51.63685644 61.16066232 66.60391007 74.333506 81.42660118 87.13297477 93.94595901 102.0015442 109.0097798 114.5822087 115.269926 111.6685381 -9999 -9999 -9999 -9999 -9999 -9999 -9999 -9999 -9999 -9999 -9999 -9999 -9999 -9999 -9999 -9999 -9999 -9999 -9999 -9999 -9999
-9999 -9999 -9999 -9999 -9999 1900.50109 1831.143222 94.33624022 76.83820427 56.77058402 45.25798383 41.89866653 42.00513307 49.95806978 60.46735254 66.63580171 63.55737915 56.85372845 41.8405405 1485.148059 1473.126108 1467.994317 1399.063219 678.2054583 604.1410456 514.4885524 20.47054107 25.37623228 32.54994109 42.23973748 51.07039674 62.15077098 72.92440979 80.23814699 87.78896909 94.14569601 100.0242247 109.3752305 116.8307152 125.3455249 128.2747806 127.949137 124.4252033 120.4821781 -9999 -9999 -9999 -9999 -9999 -9999 -9999 -9999 -9999 -9999 -9999 -9999 -9999 -9999 -9999 -9999 -9999 -9999 -9999 -9999
-9999 -9999 -9999 -9999 -9999 2054.928905 1916.870286 138.2332819 109.5460825 80.23605484 62.12217701 52.8564413 50.01440378 57.24097241 64.78478152 69.2915045 58.83106946 48.55214072 1612.280384 1665.236602 1689.416281 1638.805983 1630.914229 1486.564029 1317.647267 20.75808528 25.67812836 29.81698953 36.53564117 47.06551512 56.53685764 69.88714873 82.30677147 89.39398188 96.59061865 103.0630304 111.0838336 122.1704709 132.5600973 144.7680037 153.7020008 146.4349736 138.5733086 132.7795873 127.7305758 -9999 -9999 -9999 -9999 -9999 -9999 -9999 -9999 -9999 -9999 -9999 -9999 -9999 -9999 -9999 -9999 -9999 -9999 -9999
-9999 -9999 -9999 -9999 -9999 2076.385652 1932.049509 195.7731433 147.3814582 105.9554779 81.62206925 66.36950245 59.93046606 61.65102456 64.1095326 62.96361272 52.29214654 1619.709856 1731.788024 1801.524541 1840.662212 1808.763699 1778.134224 1634.809621 1448.905182 29.22904429 33.51063536 37.04053697 43.57164566 52.2485979 61.16910875 74.68433416 85.6604903 93.77252593 98.48588121 103.1681205 111.8126076 123.3086691 139.2007444 155.5087125 162.0551618 155.368629 148.3771093 137.7857857 130.9546423 126.9084619 126.8580198 132.5541456 138.3374157 147.7831341 152.3507245 159.4827388 -9999 -9999 -9999 -9999 -9999 -9999 -9999 -9999 -9999 -9999 -9999 -9999
-9999 -9999 -9999 -9999 -9999 2080.223812 1890.460178 251.2956349 180.507889 126.6416725 96.85604831 76.91815126 67.36652206 64.33018549 58.73515787 55.71866374 1475.408327 1598.915642 1701.943115 1853.092189 1902.173091 1914.659034 1917.814207 1766.244685 43.62151794 41.99296727 43.0349237 44.51307492 48.40550231 55.14454235 62.36422192 73.87599555 83.71687679 87.2233208 90.76854665 93.38716872 98.77101683 109.0355872 130.9977784 154.3783081 165.4887489 160.6765119 153.9768343 140.3748949 128.9472686 130.2632574 134.2728331 139.5537498 148.4770001 162.9415945 168.781501 182.8591135 192.9508882 203.6310218 214.8892165 -9999 -9999 -9999 -9999 -9999 -9999 -9999 -9999 -9999
-9999 -9999 -9999 -9999 -9999 2007.972805 1822.847552 306.0785143 211.0732153 145.2091201 110.3723373 86.30358403 74.41208969 65.80554783 58.8776962 54.56215541 1413.250926 1526.346774 1667.24274 1816.312267 1919.759527 1938.669068 1966.542129 1834.322312 66.7691059 60.03513335 59.0884917 54.25082099 54.26919319 56.88650848 60.20530615 68.06659301 74.05496513 78.61927049 77.7412596 78.64724815 85.29721554 93.06781432 113.3387867 134.4110861 147.3515939 149.1027151 143.8689851 136.7832812 126.4184079 125.8061105 131.1767054 140.1056241 150.499136 166.6483586 177.0003693 189.0843753 207.4737295 223.241173 239.7197484 245.928525 -9999 -9999 -9999 -9999 -9999 -9999 -9999 -9999
-9999 -9999 -9999 -9999 -9999 1887.572913 1721.586547 331.1167779 232.3923105 154.5719714 119.1742826 95.35245487 82.54319019 73.29823758 64.08408586 1220.016528 1343.697244 1420.198609 1531.548052 1703.765458 1806.63478 1913.373698 1953.824978 107.0406542 95.62586922 84.8050473 73.5446236 62.63149829 56.37625833 54.58018256 55.06481398 57.79093556 63.04120606 61.63408706 62.72781988 62.33905697 65.99851136 71.92496075 87.70387412 107.3011332 119.8620433 126.4608094 128.4202853 125.4380799 121.7438277 126.9877069 134.8507231 143.652473 154.559166 170.4120718 184.7685709 198.6856868 218.7945522 227.0867079 255.8456402 267.5538422 278.9374794 285.6310079 -9999 -9999 -9999 -9999 -9999 -9999
-9999 -9999 -9999 -9999 -9999 1738.897956 522.3641536 355.8857293 242.003419 169.5054576 134.5207363 110.9769163 98.10440339 85.62596361 1055.099041 1102.415096 1197.722959 1280.23502 1406.376141 1553.569546 1663.691383 1764.133266 162.3202445 152.920524 137.3861834 113.6279812 89.15294453 68.67369278 55.87636953 48.39582705 43.93947698 42.85981839 43.5301535 44.11400474 45.29067232 45.1846452 687.8362291 699.7390278 62.90625526 76.10113753 88.83954808 99.46603234 105.8912705 111.9829209 116.7511624 123.5282198 133.2913465 142.7920456 155.5971805 168.3722626 179.6897594 194.8937021 210.5409913 231.3879403 254.214356 270.4703814 293.2590269 305.2310489 -9999 -9999 -9999 -9999 -9999 -9999
-9999 -9999 -9999 -9999 -9999 1627.891731 517.9270266 353.2827386 253.2236716 184.6866813 147.8066373 128.9211167 118.3465415 106.6484545 946.3671709 982.4835931 1061.093843 1130.477709 1221.186643 162.8333048 193.1982969 221.953674 237.8081967 216.3998855 186.5245058 146.9175636 107.9604212 1053.265126 933.1775959 830.4622984 800.7117973 774.8872493 752.0418676 759.4636821 759.9594584 763.1403489 750.8747491 756.0977301 767.200306 787.0427221 67.05417751 79.70142672 87.75460719 100.4643958 112.1139897 121.3593588 131.6936979 142.5999992 153.6321495 166.6847971 178.0324419 191.7136893 208.6796999 226.0966244 254.3067541 272.906311 301.1785425 324.4712701 -9999 -9999 -9999 -9999 -9999 -9999
-9999 -9999 -9999 -9999 -9999 1361.442706 495.1710375 362.0275242 268.0442299 205.1384994 172.3698309 149.7151429 137.8527334 130.3288276 123.4799338 127.0535258 140.2611053 155.9297563 185.8535024 223.1148344 257.7889351 286.0498448 300.9433992 271.4400885 233.5912251 185.1868486 129.2820832 1001.295676 905.959639 826.7433031 805.2420259 796.8146838 783.0082494 794.538745 802.6914022 808.06702 807.6122356 819.4816287 824.0211518 825.487708 65.85124287 77.17779108 89.24837557 99.53463409 112.6303516 122.4377143 130.9116303 140.1267169 150.4207141 161.597971 172.8326241 186.5991689 202.5797341 223.449837 249.7902118 271.9666885 300.3141849 328.7529245 -9999 -9999 -9999 -9999 -9999 -9999
-9999 -9999 -9999 1210.0546 1195.927046 1162.518924 480.0270387 373.1096397 305.6851283 237.3495569 198.665095 173.7578094 165.9287511 166.1691168 161.915024 172.9464877 196.4766848 215.0518508 255.8552763 295.8311171 335.0966055 372.9267069 380.8216088 346.6691496 283.6495906 220.164538 155.9647949 107.8542004 859.9622849 792.0124818 794.2348103 801.4915822 808.5144435 827.633935 832.0731438 840.7046786 862.8183765 854.9619814 857.1924092 63.49124118 73.82807521 82.95518202 94.85544919 105.6071908 117.222078 126.1241145 133.362765 140.9391154 148.5763956 158.585613 168.5720641 181.7988683 196.7790482 215.5831883 244.26063 267.8830485 298.513537 329.4923683 338.1818374 -9999 -9999 -9999 -9999 -9999
-9999 -9999 1089.455014 1092.329099 1021.209369 462.4902518 492.4847344 437.0865039 353.4282519 278.9534448 238.7174344 213.1921048 196.9917955 201.2034162 211.032883 226.1982522 250.3849791 279.6181947 321.9482519 367.3250278 405.8581105 434.6776349 436.4013186 388.738178 320.4095441 251.7056928 181.4386028 125.697027 792.0195238 765.3815219 774.2141567 796.4955177 808.6144416 831.6603278 838.7762055 845.5437146 863.4439216 855.9520357 65.23007612 77.10500527 87.2212528 97.92156387 108.9739595 118.3678248 128.1232037 135.5978461 140.4793127 146.5664199 152.3000909 161.0717706 170.9433626 181.9812035 198.7303031 218.1089969 245.2762335 269.2172017 296.5232662 325.9833863 349.2945071 374.6604715 -9999 -9999 -9999 -9999
-9999 -9999 964.7631158 929.6718463 360.1378788 411.2037222 472.174927 550.4329921 554.525161 565.4864963 564.9473069 582.6531871 243.3639096 259.0103626 266.2628436 286.9408461 323.9129225 351.672306 400.2545941 444.4583857 479.6220912 504.3482362 499.4380376 446.993493 361.0687387 284.6982574 209.5661805 145.112618 736.4618631 727.3192907 744.9756281 773.961693 792.0236568 814.1598751 823.5484431 827.1695346 65.20929902 72.3180561 84.41504086 97.73204017 108.8677653 120.582143 128.9729219 137.789958 145.7583335 151.1361697 154.1201286 158.1295995 162.4517854 169.3847546 177.735207 188.7713807 204.1258334 222.0898993 249.4522681 273.1415173 299.4277971 328.5160667 348.9864002 384.8415596 -9999 -9999 -9999 -9999
781.6993327 831.0665363 362.6748988 338.0841126 318.145504 362.8591183 442.0013775 507.4673147 527.7504793 508.6177814 513.0633181 542.0330616 554.0667708 317.2752207 331.8467619 349.7005713 383.3444137 424.9931973 467.6497964 512.7090972 545.5107311 548.7674194 535.7387285 470.9859944 396.0332724 313.0779733 234.8575756 171.2084531 690.1285064 691.9018379 706.9479997 741.1071428 763.1229291 777.9889759 777.9508857 77.78761494 85.11413608 94.62069902 107.8159588 123.7871458 135.3494355 144.984186 155.1278978 161.7523956 170.4279748 173.4903906 171.0839565 173.489127 174.9500164 182.1169722 190.5430816 198.1629732 213.5003742 232.3532983 258.1434812 282.909636 303.7025894 335.1261522 361.5472288 393.2028387 -9999 -9999 -9999 -9999
732.9432285 363.6490494 282.9277052 266.5614409 268.0867257 338.2308482 406.5038862 456.6169238 460.2138649 461.2011028 457.7589889 469.5838227 498.0412715 528.6376124 561.907844 417.8570182 464.7948216 506.5751998 540.0950172 573.6855899 590.411148 591.686017 571.5593758 502.6256832 417.1279564 340.5696832 262.2399007 203.6423554 632.4891141 644.5746876 663.7092052 684.2667232 702.9968019 711.0907341 101.41776 107.3037213 119.9748691 130.1425881 144.8515009 160.5241258 173.8704734 187.6981789 196.6841247 201.0530935 203.0786629 202.0964198 199.4991055 198.9764882 197.8661836 199.6879707 205.7420942 216.8207066 231.980359 250.1189975 274.0280648 297.6061421 324.1336598 351.9898596 375.685655 412.5538788 431.8600277 -9999 -9999 -9999
687.6572778 308.5516159 241.6545046 220.3632199 232.1569238 304.7669073 369.1708046 413.2923539 412.5586631 412.8233643 399.569123 433.9989334 465.586061 485.4628951 512.2703769 523.0350416 537.1414308 547.4149479 594.584689 620.1172659 629.8724906 609.4619574 578.4064723 515.7387198 436.4665352 363.1988023 288.0029109 581.5640623 581.7087282 589.9027593 606.1986497 628.9247714 639.6654716 132.1354952 139.389021 148.4297706 161.2445363 173.9208995 191.6743701 213.4107818 226.4121131 239.9491144 244.937071 247.0922419 248.5398375 241.1359843 230.9493543 223.9446567 221.702209 223.2983625 229.7182423 236.3757044 250.0027902 271.1812551 296.2874982 321.421634 346.582007 371.0598134 398.075355 430.5687275 451.1750683 520.8489475 508.7205262 -9999
