meets/meet004/data/CCSM_6k_neotropic_bio04.asc
NCOLS 154 
NROWS 168 
XLLCORNER -112 
YLLCORNER -55.5 
CELLSIZE 0.5 
NODATA_value -9999 
[rows 29 to 57 of 168, columns 64 to 127 of 154]
-9999 -9999 -9999 -9999 -9999 -9999 -9999 -9999 -9999 -9999 -9999 -9999 -9999 -9999 -9999 -9999 -9999 -9999 -9999 -9999 -9999 -9999 -9999 -9999 -9999 -9999 -9999 -9999 -9999 -9999 -9999 -9999 -9999 -9999 -9999 -9999 -9999 147.9899881 -9999 -9999 -9999 -9999 -9999 -9999 -9999 -9999 -9999 -9999 -9999 -9999 -9999 -9999 -9999 -9999 -9999 -9999 -9999 -9999 -9999 -9999 -9999 -9999 -9999 -9999
-9999 -9999 -9999 -9999 -9999 -9999 -9999 -9999 -9999 -9999 -9999 -9999 -9999 -9999 -9999 -9999 -9999 -9999 -9999 -9999 -9999 -9999 -9999 -9999 -9999 -9999 -9999 -9999 -9999 -9999 -9999 -9999 -9999 -9999 -9999 -9999 -9999 145.7802353 -9999 -9999 -9999 -9999 -9999 -9999 -9999 -9999 -9999 -9999 -9999 -9999 -9999 -9999 -9999 -9999 -9999 -9999 -9999 -9999 -9999 -9999 -9999 -9999 -9999 -9999
-9999 -9999 -9999 -9999 -9999 -9999 -9999 -9999 -9999 -9999 -9999 -9999 -9999 -9999 -9999 -9999 -9999 -9999 -9999 -9999 -9999 -9999 -9999 -9999 -9999 -9999 -9999 -9999 -9999 -9999 -9999 -9999 -9999 -9999 -9999 -9999 -9999 -9999 -9999 -9999 -9999 -9999 -9999 -9999 -9999 -9999 -9999 -9999 -9999 -9999 -9999 -9999 -9999 -9999 -9999 -9999 -9999 -9999 -9999 -9999 -9999 -9999 -9999 -9999
-9999 -9999 -9999 -9999 -9999 -9999 -9999 -9999 -9999 -9999 -9999 -9999 -9999 -9999 -9999 -9999 147.2317565 -9999 -9999 -9999 -9999 -9999 -9999 -9999 -9999 -9999 -9999 -9999 -9999 -9999 -9999 -9999 -9999 -9999 -9999 -9999 141.1491265 -9999 -9999 -9999 -9999 -9999 -9999 -9999 -9999 -9999 -9999 -9999 -9999 -9999 -9999 -9999 -9999 -9999 -9999 -9999 -9999 -9999 -9999 -9999 -9999 -9999 -9999 -9999
-9999 -9999 -9999 -9999 -9999 -9999 -9999 -9999 -9999 -9999 -9999 -9999 -9999 -9999 138.2020547 140.9348292 140.5898234 -9999 -9999 -9999 -9999 -9999 -9999 -9999 -9999 -9999 -9999 -9999 -9999 -9999 -9999 -9999 -9999 -9999 -9999 -9999 -9999 -9999 -9999 -9999 -9999 -9999 -9999 -9999 -9999 -9999 -9999 -9999 -9999 -9999 -9999 -9999 -9999 -9999 -9999 -9999 -9999 -9999 -9999 -9999 -9999 -9999 -9999 -9999
-9999 -9999 -9999 -9999 -9999 -9999 -9999 -9999 -9999 -9999 118.7214539 110.4970319 108.282135 105.638885 109.8493041 114.0049219 -9999 -9999 129.0357294 133.3607501 136.8948844 138.1531227 142.4485295 -9999 -9999 -9999 -9999 -9999 -9999 -9999 -9999 -9999 -9999 -9999 -9999 -9999 -9999 -9999 -9999 -9999 -9999 -9999 -9999 -9999 -9999 -9999 -9999 -9999 -9999 -9999 -9999 -9999 -9999 -9999 -9999 -9999 -9999 -9999 -9999 -9999 -9999 -9999 -9999 -9999
-9999 -9999 -9999 -9999 -9999 -9999 -9999 -9999 -9999 104.279681 96.8358433 87.13159978 83.21245545 86.48856645 89.02240901 93.07850049 100.4835233 106.6006439 111.9182813 118.7654632 124.519328 129.8748331 137.4983477 136.4086335 -9999 -9999 -9999 -9999 -9999 -9999 -9999 -9999 -9999 -9999 -9999 -9999 -9999 -9999 -9999 -9999 -9999 -9999 -9999 -9999 -9999 -9999 -9999 -9999 -9999 -9999 -9999 -9999 -9999 -9999 -9999 -9999 -9999 -9999 -9999 -9999 -9999 -9999 -9999 -9999
-9999 -9999 -9999 -9999 -9999 -9999 -9999 -9999 -9999 65.2956545 63.59764028 67.84003343 76.40600923 81.04938511 85.70685719 89.36106613 91.41067774 93.53551287 97.34468017 101.837604 107.1888849 113.4113649 119.8357623 121.5671586 122.9504895 125.7663457 128.097657 130.9905536 132.3238841 133.1645207 134.1336428 134.3079531 134.423652 133.6525255 132.1887735 -9999 -9999 -9999 -9999 -9999 -9999 -9999 -9999 -9999 -9999 -9999 -9999 -9999 -9999 -9999 -9999 -9999 -9999 -9999 -9999 -9999 -9999 -9999 -9999 -9999 -9999 -9999 -9999 -9999
-9999 -9999 -9999 -9999 -9999 -9999 -9999 -9999 -9999 43.66366127 58.88554685 67.87096037 80.40193149 88.79932019 94.41898775 96.82268551 95.60875355 91.71805593 93.08953045 92.20005543 94.11948997 97.31187372 102.7448423 106.8238839 109.6219068 114.189186 119.9645918 123.1365901 126.692221 127.8031829 129.5404924 131.3654806 131.0597698 131.8904973 129.5507228 128.2933194 127.7621825 -9999 -9999 -9999 -9999 -9999 -9999 -9999 -9999 -9999 -9999 -9999 -9999 -9999 -9999 -9999 -9999 -9999 -9999 -9999 -9999 -9999 -9999 -9999 -9999 -9999 -9999 -9999
81.31186879 72.646746 64.67943796 65.94672144 -9999 -9999 -9999 -9999 44.48783998 66.92597016 82.47295191 88.25405327 95.80045123 104.0821215 114.5259229 117.8381168 114.0887734 109.0744905 104.0062648 97.80970255 90.4197832 84.81357107 83.16895179 90.81430311 100.5654551 108.7536739 114.2674747 119.1169137 122.7965979 124.8456001 128.0091262 131.1035023 132.6125413 132.4541072 130.4090571 129.1752043 128.0946698 126.1993136 -9999 -9999 -9999 -9999 -9999 -9999 -9999 -9999 -9999 -9999 -9999 -9999 -9999 -9999 -9999 -9999 -9999 -9999 -9999 -9999 -9999 -9999 -9999 -9999 -9999 -9999
65.43364361 -9999 -9999 48.20082393 42.49253859 34.78734144 39.36271488 56.98617456 73.08978331 95.56201446 107.1669958 106.7094904 112.6180318 115.4458593 128.0871776 133.4157553 130.1201738 125.4638399 118.3387402 108.6527723 95.5023763 80.34262581 71.12962753 77.48274062 89.84375522 100.3483419 108.8788758 115.7316118 122.6523242 125.7585261 129.6367913 133.6372106 135.3198686 136.1278178 134.0765602 133.2891459 132.3962253 129.6297339 -9999 -9999 -9999 -9999 -9999 -9999 -9999 -9999 -9999 -9999 -9999 -9999 -9999 -9999 -9999 -9999 -9999 -9999 -9999 -9999 -9999 -9999 -9999 -9999 -9999 -9999
-9999 -9999 -9999 41.90142984 45.25027045 52.61099218 58.37781631 73.3267474 83.86465368 100.0568932 108.6674445 108.2921271 114.1871182 115.3425765 130.8339857 141.7765242 145.4766483 144.0830809 128.9128694 118.8475542 100.4404782 75.44826311 65.64402064 66.87511563 76.23245245 87.56221659 99.85787853 113.0521677 121.4122247 128.3400506 134.4149315 135.3769601 137.2992595 137.1981767 136.7479355 135.4138461 133.4174149 132.0707096 124.2648709 115.3431856 109.0644189 -9999 -9999 -9999 -9999 -9999 -9999 -9999 -9999 -9999 -9999 -9999 -9999 -9999 -9999 -9999 -9999 -9999 -9999 -9999 -9999 -9999 -9999 -9999
-9999 -9999 -9999 40.27563806 41.85810488 52.79369953 61.47866935 75.52558613 80.19382468 90.96482604 97.04117711 97.2133421 103.7526878 113.900743 137.1350694 152.2528685 157.9072106 153.4444879 125.5839159 105.7109528 88.5835104 70.77079083 63.43229576 63.36086783 70.47160481 79.12961826 91.73404542 106.1801005 118.1156103 127.6827874 134.8512834 136.4612803 136.0096828 134.7091401 133.885534 131.3859466 128.9256304 126.3103545 120.643745 114.070014 108.6811753 101.9243062 -9999 -9999 -9999 -9999 -9999 -9999 -9999 -9999 -9999 -9999 -9999 -9999 -9999 -9999 -9999 -9999 -9999 -9999 -9999 -9999 -9999 -9999
-9999 -9999 -9999 -9999 32.27081147 36.59104289 50.72661534 66.60742389 74.24338441 80.88574341 88.26225818 96.21309722 110.732026 126.7265543 151.7670704 162.7358194 159.0240288 144.3109305 105.1491083 77.67685028 75.73521803 75.02173234 72.12036377 69.08063236 72.59272834 77.74608252 87.42414927 98.86455423 112.6659845 125.0362714 133.3907075 134.024306 133.2516096 132.1260334 128.669098 126.2840891 123.7481886 120.7914344 118.2192736 114.5861072 109.5653601 104.1079108 97.10716134 -9999 -9999 -9999 -9999 -9999 -9999 -9999 -9999 -9999 -9999 -9999 -9999 -9999 -9999 -9999 -9999 -9999 -9999 -9999 -9999 -9999
-9999 -9999 -9999 -9999 -9999 32.44947864 39.12718036 58.28451752 70.1311702 80.49747527 92.54739542 104.5903882 121.9500325 138.0956758 157.6669849 159.8180425 147.4285292 122.5479801 84.63877417 76.03387312 89.04922865 91.28940612 87.61254966 81.69321849 80.95676501 83.1781823 89.40100124 98.46943738 109.7754316 119.9419091 127.6369608 129.7237553 129.7145005 128.5587173 126.1638012 124.5764077 122.4157013 119.6842068 118.3475632 116.500738 113.5652199 108.9789327 103.8208533 99.39048715 -9999 -9999 -9999 -9999 -9999 -9999 -9999 -9999 -9999 -9999 -9999 -9999 -9999 -9999 -9999 -9999 -9999 -9999 -9999 -9999
-9999 -9999 -9999 -9999 -9999 41.14348284 35.75337463 52.96569692 68.60794994 82.66074796 98.12618369 111.1697957 126.1338912 139.3220817 152.3501121 144.8907391 126.4903277 102.1984688 81.03482125 95.6521937 112.4119681 109.3084916 106.3923218 92.84060307 93.08201704 92.79500399 93.1889367 102.8694101 109.5269881 115.1984918 121.5346508 124.5788366 126.3107704 125.8135352 126.4580626 125.3162428 121.8888735 123.960053 119.8941433 120.8265555 119.1316782 112.6447371 112.0151137 107.9569364 109.6211475 -9999 -9999 -9999 -9999 -9999 -9999 -9999 -9999 -9999 -9999 -9999 -9999 -9999 -9999 -9999 -9999 -9999 -9999 -9999
-9999 -9999 -9999 -9999 -9999 45.16865619 35.24864842 50.37895264 67.84517959 82.94403033 97.63880048 110.4084626 122.0989082 132.1154674 135.7428324 124.6196729 105.6151567 91.6255574 92.61587044 108.9454817 118.1870264 111.0872936 103.9438372 90.58955612 88.05647887 89.84957856 94.42443724 102.471211 107.9891313 113.1520542 118.8766251 122.343945 126.0405231 125.5725243 124.3087585 123.0029367 118.8640267 118.6516491 117.9712039 121.9276395 120.8042218 114.9621073 112.684627 113.1005279 117.8353788 119.2743338 118.0395238 116.6163832 113.689488 107.7151693 100.2824082 89.87146947 -9999 -9999 -9999 -9999 -9999 -9999 -9999 -9999 -9999 -9999 -9999 -9999
-9999 -9999 -9999 -9999 -9999 47.71526594 38.38337352 53.02091528 68.59919657 82.26130525 95.79351227 107.163755 117.447419 122.3164134 121.7499124 109.438601 96.07063258 101.0825241 103.3567 110.7772486 111.3497618 100.3203158 93.01934422 82.88579859 81.34204157 86.82487039 94.67433025 103.8640852 106.4407748 112.3088036 117.3897138 122.4642917 129.3859469 124.7146528 118.2682475 115.0851831 109.955721 106.1634122 109.7977748 116.891672 117.6585259 112.3795212 109.8320844 113.0006223 122.3768449 130.3974345 136.4527896 143.7796043 141.4791594 140.7204777 133.6488837 120.7614486 108.4674897 86.26949285 65.09027529 -9999 -9999 -9999 -9999 -9999 -9999 -9999 -9999 -9999
-9999 -9999 -9999 -9999 -9999 47.9123387 40.73250731 53.23744047 67.17687252 79.39046524 90.93875437 102.2639938 108.9676475 111.4330464 106.9341064 99.1518147 94.13920769 97.60151729 98.28962511 96.2663397 91.70164245 84.77682272 80.06965938 77.26879479 80.31874562 85.70319212 90.6837946 97.28310631 100.2121573 107.0243659 112.3875084 116.6285266 120.7692592 114.5695305 109.4216769 105.1933446 98.88380712 98.63348619 101.419268 110.0626175 112.7785479 108.4076921 105.3717221 111.0438396 123.9400724 137.1461061 150.8918034 161.4188261 164.8365301 164.8235576 159.0348372 147.0794222 131.5023767 108.4419038 84.19578325 62.78500244 -9999 -9999 -9999 -9999 -9999 -9999 -9999 -9999
-9999 -9999 -9999 -9999 -9999 51.14196262 43.67797538 55.8131265 66.43811267 76.03431127 85.73252255 96.05124048 103.587276 102.3810817 97.64805365 94.69627613 92.90027041 93.95519882 90.18208459 86.44785858 83.73801434 81.3501825 82.78120695 81.93626818 83.1556013 84.93593069 86.75049996 88.38677043 90.49282348 97.77688865 99.88733135 101.2316403 108.6264518 97.80243923 94.26113707 91.38680148 87.81179806 91.50339632 93.32668005 101.8874867 106.5290369 102.1929706 100.2296286 112.6823407 125.4162526 141.2653867 159.8605356 176.3359124 178.2636695 179.3964189 174.4149287 162.4206361 151.4526669 124.1599055 100.8205437 76.49559457 52.98970943 35.63104699 -9999 -9999 -9999 -9999 -9999 -9999
-9999 -9999 -9999 -9999 -9999 51.40839378 46.36084767 56.677405 65.70939521 72.66797109 80.73023343 90.5617639 96.12606081 95.7684257 93.40400492 92.73118994 91.40716684 90.21773566 88.63168862 88.27357286 87.69399551 87.08340015 88.27972624 87.54282659 87.56275675 86.34143102 84.27245437 83.37586301 83.71307306 83.39715617 81.96957519 81.36924236 79.10267087 78.35646141 78.04013685 79.55683199 82.57316864 87.27018081 90.12183014 94.65025264 100.0083277 104.2534809 110.4068059 120.1015949 132.1094654 146.9124978 163.6369613 175.8709179 180.7356144 179.1875872 174.1471835 164.3690952 149.2182123 128.1603511 104.7193299 80.57486135 57.78757853 39.21158057 -9999 -9999 -9999 -9999 -9999 -9999
-9999 -9999 -9999 -9999 -9999 50.24160675 49.35375958 59.79759324 65.38470823 69.94070061 76.58161864 85.41455947 92.79916183 91.7862229 90.60884013 91.31553608 92.56629127 94.62020949 93.04462725 94.21589849 94.16380523 92.37350553 93.17289711 92.73064538 91.99615528 89.79640257 86.11471773 82.72896663 81.65529587 80.04852115 77.90551539 76.24740904 78.22153411 76.54161778 77.95566011 81.76134431 86.97285371 101.6516079 96.70610641 102.7768502 107.367429 112.0246991 124.4526261 128.3773323 137.9452478 151.274463 165.4802753 178.221324 182.4431801 178.8379104 173.982434 165.3263753 148.2286342 129.7394556 106.4529472 83.26122519 61.45193782 41.27898693 -9999 -9999 -9999 -9999 -9999 -9999
-9999 -9999 -9999 -9999 -9999 48.89333065 52.28011922 59.21178511 64.81502038 69.67318348 75.39871807 82.25036105 87.69079576 89.50571185 89.99166095 91.33665183 92.84391388 94.94248313 94.84509087 95.2271938 94.98438514 93.95955804 94.25974006 94.29150215 94.30949634 92.03580802 88.81520129 85.32027275 83.50321543 81.64982387 79.70729826 78.51656578 78.46335745 78.33305631 79.25524712 82.4130924 86.46256144 92.88282242 95.02746325 99.79570162 105.2198368 111.3266924 119.1872767 128.0308764 137.8644489 151.4481021 166.8527855 179.5684427 186.8720004 188.4935996 183.8895853 171.8876878 155.0939993 133.2520514 110.8255449 87.94794477 65.81357646 47.19908335 -9999 -9999 -9999 -9999 -9999 -9999
-9999 -9999 -9999 52.55516778 49.84768151 54.59283711 56.69715684 60.37213098 66.06271546 71.06110654 75.80633032 80.7682338 85.25171846 87.46065765 89.2079891 90.75764621 91.59378465 93.7532351 93.06564086 93.1581099 93.25377707 92.97035051 93.69173133 94.26589692 95.23793567 93.72978526 91.27277693 88.71670169 85.71199944 84.90563957 82.85092028 81.59234174 81.07569889 79.76348698 80.39450379 81.77689494 83.0107712 86.26849025 89.76488145 94.5788897 100.7338802 107.2098278 114.3439098 125.2433327 136.137522 151.1756272 168.7139614 183.5969831 192.4704251 197.8431824 192.7087459 177.8254294 161.6286399 135.8761831 113.3040576 91.36681287 70.32213189 53.16820699 41.74159198 -9999 -9999 -9999 -9999 -9999
-9999 -9999 53.23400774 45.89635817 47.38113024 54.69435226 59.76257018 63.99571754 68.77139591 73.87266065 77.83820525 80.77020692 83.37319088 85.11822811 86.19133947 87.42204983 88.4015532 89.26942414 89.34869907 89.36638426 89.74010352 90.3931637 91.35264687 92.74215514 93.93028236 93.10985182 91.0718824 88.97235387 87.08285603 86.14255914 84.86214223 83.80238161 83.32870846 82.32785206 82.52109609 83.16244141 83.62720833 86.08167385 89.37100856 94.1813329 100.2504956 106.3176244 114.2266719 123.3945841 134.923115 150.1741939 169.0004726 186.2698896 193.7611742 195.4692333 189.7784764 175.6213981 156.8919893 132.7646994 109.8312637 89.58014105 73.9337152 61.27519573 49.91852805 40.6831536 -9999 -9999 -9999 -9999
-9999 -9999 47.15239406 45.32684049 49.49206045 57.26009985 62.81785988 67.52269114 72.28832769 77.28651941 80.21230112 81.11838925 82.32641259 82.90651921 83.11047168 83.86982062 84.58152458 85.1405664 85.50314082 85.60801932 86.34174302 87.51642517 88.60201844 90.37978267 91.79662874 91.45658152 90.21748365 88.44583439 86.90505676 86.37505376 85.39590968 85.00437883 85.57872468 84.39274919 85.2271588 86.15669174 87.1462773 91.61845835 93.53277433 97.94700912 103.2276652 107.4171973 114.1075093 122.2520464 132.8705466 147.3397001 165.8222995 183.804368 189.2026143 189.3349837 183.1244051 168.7679785 150.7784192 127.0768041 104.68613 86.73275949 75.31566538 66.25233573 56.07289419 47.90993935 -9999 -9999 -9999 -9999
48.12365164 49.05217995 52.66438336 54.57696832 56.78848228 61.97684632 67.2625258 71.70335991 75.94245738 79.39928922 81.37754974 81.69227478 81.24593967 81.27559092 81.10120865 81.32594995 81.91266352 82.22593355 82.75257626 83.04529125 83.80677682 85.01388627 86.25957421 87.98408432 89.22152827 89.46370617 88.81790531 87.88116558 87.20199102 86.62927528 86.76760053 86.96924737 87.62503807 87.70741974 88.37383445 89.98436105 92.11098884 95.59384693 98.38873975 101.7522007 105.6166969 109.4402649 114.4015198 122.2331005 131.0967574 142.9852902 158.917134 171.0165248 179.0025983 179.9124962 173.6235596 160.6185875 142.4853109 120.7858009 99.9457619 84.0976167 74.49551355 66.70574177 59.30008171 51.09547101 -9999 -9999 -9999 -9999
42.95158317 51.60467821 63.92579312 67.70534821 67.94058771 71.24520557 74.34125592 76.89949792 79.21382695 81.54358516 82.66893763 81.94329149 80.97199522 80.81553008 80.40522189 80.5111782 80.97955408 81.01713426 81.40951679 81.64981186 82.29256772 83.39521016 84.3598535 85.80079589 87.04844859 87.63008195 87.80193441 87.66632868 87.70356467 87.9859604 88.21094668 88.74185892 89.55043354 89.91090754 91.35533874 93.07592755 94.98984015 98.43185467 101.1229113 104.3999546 108.5354903 111.9981651 116.6226174 124.16922 132.0767232 142.0175293 154.3283393 163.4458226 170.3199931 170.7184986 164.4101008 151.4252435 134.0730837 114.3712705 96.38905039 82.1595259 73.91503328 67.04009408 60.88650201 54.46751868 46.49253649 -9999 -9999 -9999
41.14557737 57.18566464 71.61718672 78.49930166 81.69728004 83.50361164 82.28047497 82.25194621 82.87413899 83.67119894 83.8050156 82.78940879 81.48623053 81.19868773 81.11183144 81.15701242 81.24829301 81.2778593 81.38946895 81.48021744 81.8354559 82.56780269 83.15949754 84.23918736 85.19045319 86.14604986 87.11213544 87.93294818 88.57849886 89.50421128 90.31767689 90.46172498 91.40806163 92.12154685 93.11846277 95.23130184 97.84097793 100.9629918 103.8860243 106.7896624 111.2026373 116.697267 122.9052084 129.6823089 137.1695457 144.9919135 154.5848357 161.5578986 163.5727075 162.4276128 154.9239027 140.2424452 124.2663262 109.3609944 94.87134532 83.30640765 75.31554584 67.9989293 63.56971 58.50331602 54.05278398 51.64514807 47.48388295 -9999
