meets/meet004/data/CCSM_21k_neotropic_bio15.asc
NCOLS 154 
NROWS 168 
XLLCORNER -112 
YLLCORNER -55.5 
CELLSIZE 0.5 
NODATA_value -9999 
[rows 87 to 115 of 168, columns 64 to 127 of 154]
-9999 -9999 -9999 -9999 -9999 -9999 -9999 -9999 -9999 74.66441406 76.54593533 74.41060953 71.96815389 68.95508965 64.03084114 61.10608726 57.54996171 54.53739724 51.60473401 49.78252427 48.10290466 48.07066429 46.72287376 48.78295292 50.04655352 51.99700256 53.46761419 56.69215133 59.94521289 63.40755516 65.18839256 68.22373273 69.56618187 70.79651345 71.75342189 72.68857628 73.73473601 74.80893219 75.95988674 77.10285258 78.15039931 79.46224729 80.63388409 82.0850069 83.44039742 84.72368815 86.30753963 87.71331192 89.04361785 90.20721525 91.11516295 92.14026332 92.99106312 93.90221637 94.70841773 95.49651836 96.34912023 97.09729244 97.68509896 98.13762765 98.47626038 98.34087342 97.96290051 97.37422738
-9999 -9999 -9999 -9999 -9999 -9999 -9999 -9999 -9999 -9999 -9999 72.99268255 72.60193308 72.23847177 68.81588934 67.81567245 64.44561452 58.6907823 56.60037676 51.42752144 48.71295194 47.85229459 47.43021599 49.15547036 51.70835415 52.41448124 54.08693912 54.81847688 56.58212878 60.09494873 62.98096171 65.68511099 68.6888674 69.86281895 71.08636647 72.58418104 73.6995623 74.73579757 75.91575788 77.03506553 78.10640274 79.52564097 80.62310293 82.12272013 83.57874388 84.96551353 86.68633337 87.98125877 89.29690548 90.49921518 91.40776158 92.47331158 93.06436159 93.89750041 94.63286435 95.24024183 95.94283358 96.5348693 97.01099742 97.28674995 97.49987402 97.06614109 96.70321317 96.01249064
-9999 -9999 -9999 -9999 -9999 -9999 -9999 -9999 -9999 -9999 -9999 -9999 -9999 67.90945928 69.50071976 70.47732653 68.6367566 67.038924 62.32405897 56.51911785 51.88169391 48.21581009 48.4147418 49.65634712 51.65084805 54.27528473 55.0848175 55.87792147 56.74487969 58.72589148 59.66673223 63.13428969 65.79068179 67.41616902 70.31485337 71.7282698 73.52800842 74.6257572 75.80075732 77.01502629 78.12280981 79.61089887 80.91464323 82.2913268 83.91891167 85.2933228 86.89544132 88.24528399 89.41915789 90.58301969 91.53967518 92.41314166 93.15602866 93.86388726 94.38904133 94.89246321 95.42137577 95.8570576 96.13906382 96.30076691 96.39667701 96.0545149 95.61603151 95.02700722
-9999 -9999 -9999 -9999 -9999 -9999 -9999 -9999 -9999 -9999 -9999 -9999 -9999 -9999 -9999 70.14612671 71.78765441 72.75004566 69.53666824 61.99204034 58.35701996 53.64830359 52.4346557 51.43392666 53.9761931 54.60334229 55.47774293 56.15961461 56.71356163 58.54400444 58.23591465 59.47107056 62.7328933 64.75354619 68.13439634 70.79992416 72.38428047 74.08550017 75.47583246 76.75145696 77.94121169 79.36615485 80.84203938 82.35552401 83.95303407 85.39536212 86.85116583 88.23584292 89.42039168 90.56609159 91.47800751 92.29936114 93.04042632 93.55867505 93.95261112 94.25570368 94.57819662 94.87544274 95.0810077 95.26916756 95.44564519 95.15950091 94.76824933 94.24710819
-9999 -9999 -9999 -9999 -9999 -9999 -9999 -9999 -9999 -9999 -9999 -9999 -9999 -9999 -9999 -9999 -9999 74.29867236 74.38819801 73.60302249 68.92151882 61.0817421 57.40050881 54.81986099 55.02013111 56.60853894 55.72534654 56.55049562 56.96314988 58.4771545 58.46619096 58.1976436 59.67713912 61.68443772 66.22892191 68.51409359 71.31796038 73.34946765 74.81499968 76.2059607 77.47730832 79.06461275 80.33995969 81.96625452 83.67989131 85.09953239 86.74150021 87.98970968 89.15111894 90.32275059 91.29039687 92.23688301 93.00826485 93.17367956 93.21762121 93.38886469 93.64725453 93.84986845 94.14244707 94.44323223 94.48712871 94.39950659 94.34326568 93.87703034
-9999 -9999 -9999 -9999 -9999 -9999 -9999 -9999 -9999 -9999 -9999 -9999 -9999 -9999 -9999 -9999 -9999 74.86782412 78.80123212 79.4287642 78.85063408 74.97101166 67.72977951 62.64882154 60.42325337 59.04669161 57.03301063 56.94979268 57.91827265 58.08739166 57.80310957 57.40867293 58.04017051 58.95040438 63.81682553 66.50164299 69.17956295 72.21592455 73.87316883 75.38836089 76.65725595 78.19114146 79.72321649 81.43301153 83.2102413 84.63193046 86.20956662 87.60794595 88.82629647 90.04413595 90.96135642 91.62977539 92.29635372 92.31949 92.22458911 92.28152017 92.48356754 92.76773026 93.08268523 93.52745838 93.84140243 93.92336695 93.7751774 93.45302389
-9999 -9999 -9999 -9999 -9999 -9999 -9999 -9999 -9999 -9999 -9999 -9999 -9999 -9999 -9999 -9999 -9999 -9999 -9999 84.78273994 86.94353244 83.63913977 82.35921421 74.04523242 66.37220107 63.92739063 60.81578091 61.01850961 59.83369523 58.40924447 58.31587216 58.19874896 56.35052549 57.93447365 62.14237242 64.58291045 67.98001681 70.99410899 72.6348652 74.38099343 75.7324259 77.49436422 78.86321346 80.74485663 82.6307586 84.15845354 85.91935829 87.22631323 88.42971251 89.56597553 90.42584512 91.00019117 91.36195555 91.30618155 91.07076988 91.11434998 91.50149847 91.74771514 92.25138189 92.78664086 93.04596005 93.28352772 93.2927417 92.99201855
-9999 -9999 -9999 -9999 -9999 -9999 -9999 -9999 -9999 -9999 -9999 -9999 -9999 -9999 -9999 -9999 -9999 -9999 -9999 89.72456582 96.11484848 98.0675571 93.91762059 87.94490535 77.14848542 72.41437297 67.87752747 64.57569849 62.94165354 60.5402305 59.0678846 58.66972023 56.99014049 58.0037214 60.69128603 63.05181366 66.07284896 69.57754661 71.38807144 73.2686526 74.6429258 76.36691365 78.04453689 79.93895359 81.86450468 83.4214281 85.06668214 86.53479769 87.67474983 88.74283539 89.39199278 89.72830617 89.8985608 89.87969612 89.7795236 89.88737657 90.29643188 90.70183043 91.31068498 91.85353612 92.29936061 92.49281795 92.43122324 91.99870742
-9999 -9999 -9999 -9999 -9999 -9999 -9999 -9999 -9999 -9999 -9999 -9999 -9999 -9999 -9999 -9999 -9999 -9999 -9999 -9999 99.62710919 104.2303666 105.3602829 96.07359681 86.80747367 79.40378787 74.0065083 70.80621068 67.60140044 64.07836617 63.13299797 60.58575058 58.88077737 58.56426657 60.41102892 62.37101422 65.69403135 68.3948851 70.33161183 72.13209508 73.55527881 75.48889532 77.05674144 78.99193408 80.98648796 82.61211402 84.32608133 85.6260253 86.69541562 87.5789928 88.12255864 88.35168075 88.34116595 88.55657993 88.61321591 88.79750652 89.3779041 89.81896668 90.50134245 91.00836977 91.43261005 91.61381546 91.53585703 90.82506048
-9999 -9999 -9999 -9999 -9999 -9999 -9999 -9999 -9999 -9999 -9999 -9999 -9999 -9999 -9999 -9999 -9999 -9999 -9999 -9999 107.813384 114.2064843 112.6213895 105.0449025 94.28858754 89.1266815 83.01588938 76.64906119 72.63848788 69.02062226 65.9413025 63.19870669 60.70590614 60.54598464 60.42106635 61.66530673 64.42356827 67.2390502 69.06229244 71.12952496 72.57634881 74.35586343 76.03930515 77.96204807 79.76928416 81.31844445 82.88997038 84.26918748 85.22471478 85.94532623 86.38348343 86.76408643 86.85099171 87.15939853 87.41927461 87.76081326 88.39675932 88.8526482 89.49567245 89.92343444 90.2485353 90.18465448 89.89259536 89.10507942
-9999 -9999 -9999 -9999 -9999 -9999 -9999 -9999 -9999 -9999 -9999 -9999 -9999 -9999 -9999 -9999 -9999 -9999 -9999 -9999 111.7995999 117.7351084 118.8358495 110.7680844 99.36091669 93.16061782 85.28096948 80.37588868 76.36158419 71.36780054 68.11138465 65.12520066 62.31023537 60.90467186 60.82130769 62.03018551 64.17220864 66.3932577 67.99100519 70.16165022 71.61584278 73.30847169 74.7995652 76.3968169 78.35939652 79.90555989 81.36420042 82.68448606 83.36543476 84.15677092 84.59212017 84.99076083 85.30983372 85.78051404 86.30549756 86.70613975 87.40064274 87.88830206 88.269825 88.71855469 88.96306988 88.57204484 88.33109974 87.22813937
-9999 -9999 -9999 -9999 -9999 -9999 -9999 -9999 -9999 -9999 -9999 -9999 -9999 -9999 -9999 -9999 -9999 -9999 -9999 -9999 116.5109344 124.2137356 123.3889627 113.4747565 102.7032248 96.51398782 88.23084124 81.60885117 76.72905582 73.23838286 69.6377907 66.0056318 63.18405914 62.01698155 60.99170099 61.39342211 63.22456781 65.39967898 67.0163528 68.76398862 70.15512091 71.84366163 73.39012095 74.94140076 76.48305934 77.84358474 79.22780761 80.40580377 81.26355722 81.90789773 82.4426323 83.09425364 83.58692931 84.22626803 84.84009763 85.35822624 85.96063822 86.45787265 86.84587211 87.09377416 87.11025756 86.6631725 86.01930828 85.03261677
-9999 -9999 -9999 -9999 -9999 -9999 -9999 -9999 -9999 -9999 -9999 -9999 -9999 -9999 -9999 -9999 -9999 -9999 -9999 -9999 121.2135208 128.3164174 128.7148545 117.463306 105.4228371 98.19717209 88.84526954 82.97746031 77.90581691 73.66563221 69.70592331 65.97248388 63.02113504 61.63781128 61.06093192 61.23867801 62.88425303 64.55865434 65.78262043 67.17810644 68.39173216 69.97704583 71.61470555 72.64503535 74.24644687 75.44405973 76.77499904 77.95500718 78.59903319 79.36176125 80.05544016 80.73439345 81.70850575 82.2844367 83.0744557 83.61759788 84.07937849 84.73168375 84.65985795 84.97375869 84.69813661 84.15419905 83.55947104 82.52669717
-9999 -9999 -9999 -9999 -9999 -9999 -9999 -9999 -9999 -9999 -9999 -9999 -9999 -9999 -9999 -9999 -9999 -9999 -9999 -9999 122.1768734 130.3978225 129.9047998 118.8767113 107.1522721 99.67330148 89.2815061 82.82939148 77.66354946 73.85173564 69.95143871 66.20149582 63.16892934 61.79593699 60.88034705 60.81693055 61.70976086 63.35073993 64.33300437 65.48074168 66.65959765 68.07146315 69.32554907 70.53230444 71.77588792 72.91420572 74.10705991 75.14146975 76.03371852 76.88140008 77.69017558 78.64219974 79.56686476 80.45527792 81.23395648 81.81056537 82.258284 82.56408633 82.68647192 82.61850205 82.34500456 81.80837643 80.98861922 80.14662606
-9999 -9999 -9999 -9999 -9999 -9999 -9999 -9999 -9999 -9999 -9999 -9999 -9999 -9999 -9999 -9999 -9999 -9999 -9999 -9999 125.0781921 132.3572569 133.1391023 122.4796649 109.044447 100.5653343 89.61603807 84.15317173 78.55490676 74.37551793 70.1486897 66.34172491 62.78022262 61.8234472 60.80413605 60.50026676 61.22868421 62.37471095 62.61538217 63.6383434 64.49911163 65.65679066 66.81665057 67.67532009 68.91576183 69.85768048 70.81309583 72.11676143 72.65941944 73.78771149 74.73626242 75.72099163 77.07430067 77.70729067 78.78949859 79.29118485 79.47351555 79.99917304 79.62726212 79.66380542 79.1839504 78.31395752 78.03140987 76.7638668
-9999 -9999 -9999 -9999 -9999 -9999 -9999 -9999 -9999 -9999 -9999 -9999 -9999 -9999 -9999 -9999 -9999 -9999 -9999 87.10711622 123.8844445 133.757332 133.5475142 122.127929 109.6302557 101.8068332 91.32463641 84.8692897 79.61602917 75.04693793 70.70318733 66.82185522 63.41070468 61.71872974 60.67963885 60.18575373 60.28247382 61.09904437 61.29546624 61.77789647 62.63976427 63.63172147 64.48818806 65.42989954 66.19662414 67.08470696 68.10099196 68.96025632 69.99530101 70.89198751 71.91058578 73.19959779 74.25709374 75.39083753 76.14916636 76.72781832 77.10114172 77.12265985 77.00099198 76.60822351 76.10412936 75.49951767 74.55800012 73.65897168
-9999 -9999 -9999 -9999 -9999 -9999 -9999 -9999 -9999 -9999 -9999 -9999 -9999 -9999 -9999 -9999 -9999 -9999 -9999 87.28276053 125.0196299 134.3494986 135.2121372 125.6229222 111.0735867 102.63913 92.53403444 86.88074733 81.24138257 76.16966421 71.67481011 67.64286566 63.66976337 62.3762347 60.91718284 60.04431602 59.95788966 60.18981099 59.81925699 59.97793846 60.44662945 61.18431433 62.14436443 62.60476447 63.3860615 64.07286872 64.78170654 65.81183068 66.49461677 67.57918294 68.38465939 69.60959316 70.68717041 71.48617489 72.50410623 73.00243098 73.07743613 73.43366952 72.83711873 72.51652001 71.72976212 70.72866278 70.23648596 70.03936074
-9999 -9999 -9999 -9999 -9999 -9999 -9999 -9999 -9999 -9999 -9999 -9999 -9999 -9999 -9999 -9999 -9999 -9999 -9999 86.10318672 122.9324209 134.0115042 135.1823296 123.2359821 110.9593181 103.6766067 94.94140518 88.5568432 83.05172802 77.88517326 72.77856164 68.79639249 64.84546665 62.63870739 60.95974981 60.37382288 59.20826718 59.03623542 58.51282482 58.11596183 58.65184932 59.34238815 59.88478752 60.49449845 60.77530539 61.46254773 62.30797789 62.88572674 63.74463116 64.14592783 65.06234506 66.58035528 67.35141423 68.31164025 68.56925397 69.12622824 69.59594994 69.26873298 69.0568689 67.78001452 66.96701865 66.5145306 66.79439995 66.24462181
-9999 -9999 -9999 -9999 -9999 -9999 -9999 -9999 -9999 -9999 -9999 -9999 -9999 -9999 -9999 -9999 -9999 -9999 -9999 85.14721969 122.6076965 133.4632725 135.9924668 125.9393993 111.095231 103.7685779 96.2066892 91.08958767 85.3244837 79.54532917 74.69700221 70.31292951 66.09430859 63.68279881 61.47871182 60.03037678 58.93249677 58.15677445 57.26311344 56.60422782 56.6626001 56.9642455 57.42602617 57.82930311 58.35752402 58.76840224 59.10925016 59.61366054 60.19052927 60.78802929 61.33012704 62.17469562 63.04567623 63.67711139 64.35361204 64.66121909 64.43248615 64.1830065 63.72353138 63.05249623 62.45283059 62.56449854 63.35077103 63.2112063
-9999 -9999 -9999 -9999 -9999 -9999 -9999 -9999 -9999 -9999 -9999 -9999 -9999 -9999 -9999 -9999 -9999 -9999 -9999 86.0263955 118.8780312 131.8071648 134.2903776 123.2250253 110.046147 105.0979119 98.22673878 93.67954778 87.79809411 82.12545786 76.42559012 71.53107861 66.91640193 64.16150188 61.50904503 60.3653254 58.4579577 57.22818028 56.24896628 54.99267327 55.04703526 54.95615165 55.25077542 55.59430787 55.55940356 56.05382795 56.40870031 56.80237339 56.90247423 56.90340805 57.47442823 58.11121109 58.8520199 59.29754537 59.33186162 59.58306727 59.50367095 59.23319688 58.7784771 58.68876305 58.07311151 59.89682865 60.06021465 60.86701347
-9999 -9999 -9999 -9999 -9999 -9999 -9999 -9999 -9999 -9999 -9999 -9999 -9999 -9999 -9999 -9999 -9999 -9999 -9999 87.45133864 118.2648937 129.807855 133.1463213 119.140321 110.4709142 105.5229986 101.0761099 96.62405448 90.55942078 83.81537227 78.37078763 73.3018715 68.06714403 64.58484218 61.88101966 60.01005456 58.2178856 56.69332213 55.06144023 53.85851832 53.37158639 53.14635738 52.95606325 52.91177569 53.0979425 53.25063831 53.31557289 53.45564132 53.18572764 53.36242988 53.31318907 53.31712018 53.73883287 53.89627871 54.26269419 54.34253085 53.85703022 53.9025869 54.03081785 54.44298273 54.64285586 56.84242703 57.79140787 58.37087608
-9999 -9999 -9999 -9999 -9999 -9999 -9999 -9999 -9999 -9999 -9999 -9999 -9999 -9999 -9999 -9999 -9999 -9999 -9999 87.63150078 112.5138585 125.4278498 132.0097601 120.2035779 110.2039819 107.4504869 102.8689299 99.51643616 92.72067436 86.01458573 79.78134508 74.00689636 68.30789717 64.56050076 61.69462443 60.15695633 57.76878255 56.23662589 54.56412488 52.76111154 52.225446 51.31320333 51.0310883 50.98595877 50.47339391 50.69501322 50.63430909 50.5165132 50.39378999 49.59729128 49.59808497 49.27843487 49.0790743 49.48968039 48.96288553 49.05907514 49.48777884 49.270119 50.11948697 51.11537479 51.27762799 54.78764326 55.32603679 -9999
-9999 -9999 -9999 -9999 -9999 -9999 -9999 -9999 -9999 -9999 -9999 -9999 -9999 -9999 -9999 -9999 -9999 -9999 -9999 85.72642693 108.5410404 120.7602902 126.6102787 116.6783332 110.7009971 108.6264836 105.2783487 101.2474275 94.66182406 87.19248933 80.93317334 74.85903436 68.81654603 64.57922822 61.78109056 59.81610662 57.66647245 55.73139303 53.68015815 51.89382318 51.17453365 50.08669724 49.27848748 48.70471177 48.19161468 48.17851592 47.84017112 47.55969511 46.87520987 46.16332136 45.80281534 45.21140232 44.73300682 44.53521504 44.24387004 44.35932359 44.68042756 45.17613502 46.58352444 47.81459168 48.23516485 51.43109402 52.83586043 -9999
-9999 -9999 -9999 -9999 -9999 -9999 -9999 -9999 -9999 -9999 -9999 -9999 -9999 -9999 -9999 -9999 -9999 -9999 66.17038313 83.05234145 101.5733743 113.4008177 124.5291581 118.8787042 112.3137969 109.8854007 106.3924621 102.9118214 95.55851963 87.49352618 80.75403105 74.62375165 68.55336874 64.36044359 61.69321036 59.85791776 57.17717849 55.33615125 53.3287429 51.03100043 50.01328928 48.47698869 47.70898005 47.14715593 46.04202185 45.9022603 45.2483925 44.79025958 44.27304332 43.23724593 42.67202904 41.87609298 41.14157091 41.11921101 40.60341002 40.79887476 41.39740596 41.71897028 43.14654382 44.88412905 45.51862642 49.04421517 50.09661015 -9999
-9999 -9999 -9999 -9999 -9999 -9999 -9999 -9999 -9999 -9999 -9999 -9999 -9999 -9999 -9999 -9999 -9999 -9999 62.38666359 76.43285739 93.81614763 105.9558464 115.8242212 114.2093189 112.5740619 109.9303662 107.0559598 102.2704068 95.74887838 87.17861437 80.45841086 74.48221341 68.74990275 64.5830889 62.01442722 59.78433532 57.24367147 54.92057556 52.54788862 50.3243547 49.22520037 47.64883597 46.33425357 45.31673133 44.24238566 43.8751931 43.05945978 42.34473917 41.34526751 40.37633722 39.79119612 38.89711292 38.27330987 37.77914868 37.575506 37.75953981 38.2723926 39.13213726 40.75617914 42.6583435 43.45103698 46.16625148 47.60142916 -9999
-9999 -9999 -9999 -9999 -9999 -9999 -9999 -9999 -9999 -9999 -9999 -9999 -9999 -9999 -9999 -9999 -9999 -9999 63.13786706 73.46488564 88.22692575 99.75948037 110.0722572 114.9212893 113.3273135 109.3455609 104.9483739 101.032897 93.57322501 85.18565506 78.62952965 73.45250423 68.59475019 64.89635847 62.30292969 60.0507534 57.0507786 54.71228073 52.26290957 49.73149263 48.36601071 46.37053379 45.11900991 43.9664317 42.62498397 42.12420115 40.95289582 40.18071818 39.22915413 37.94901212 37.22499164 36.20965138 35.45714524 35.12688861 34.8964868 35.15999688 35.97641006 36.64754077 38.07909754 40.82035945 41.7616324 44.63441564 45.36340611 -9999
-9999 -9999 -9999 -9999 -9999 -9999 -9999 -9999 -9999 -9999 -9999 -9999 -9999 -9999 -9999 -9999 -9999 -9999 62.11549888 69.24413594 84.23640286 96.66110132 108.813133 110.6297463 110.7461663 107.1147598 102.9814134 97.21395697 91.23478686 83.36809353 77.33055776 72.53659842 68.58661458 65.36080142 62.81503987 60.2833841 57.21348163 54.52546382 51.87649798 49.34857458 47.91404621 45.92298019 44.14478633 42.67083432 41.22052779 40.5285151 39.35561685 38.15898535 36.91056779 35.63164994 34.91667413 33.94102318 33.28610882 32.93314208 32.83185093 33.10042408 33.88908429 35.40841188 37.15017575 39.45472153 40.17228848 41.37236475 41.97988591 -9999
-9999 -9999 -9999 -9999 -9999 -9999 -9999 -9999 -9999 -9999 -9999 -9999 -9999 -9999 -9999 -9999 -9999 70.30494463 63.07616257 68.00603094 81.23755762 95.29286743 107.8929652 109.0223355 108.1622117 104.2689776 97.08400347 91.13842261 87.00232741 79.40227752 74.76433937 71.66210646 68.74990828 65.72091463 63.32718852 60.63850665 57.01680433 54.3881687 52.07005073 49.06291075 47.40226498 44.82127086 43.27499666 41.93572876 39.94443206 38.91603586 37.30568304 36.37686133 35.22765146 33.61631753 32.80631112 31.63823173 31.10467057 30.96033727 30.86459884 31.76661116 33.36386658 33.93953615 35.28610491 38.72302783 38.98050228 38.48187594 -9999 -9999
-9999 -9999 -9999 -9999 -9999 -9999 -9999 -9999 -9999 -9999 -9999 -9999 -9999 -9999 -9999 -9999 -9999 70.55879433 60.76081305 64.30756734 80.44307386 94.0180063 103.9958123 105.0213398 102.1670275 97.83754943 92.76406751 86.66464321 82.13764365 76.93342412 73.25692492 70.77758732 68.54811867 66.2240284 63.61653784 60.94636451 57.73483169 54.65950444 51.77460695 48.96838614 47.16531664 44.84169201 42.57529738 40.68644475 38.70154165 37.62195066 36.06419834 34.54440938 33.17251331 31.68858344 30.9092842 30.00798456 29.23629341 29.10360565 29.53019037 29.94294891 31.49882149 33.79392167 35.47505179 36.18025331 35.57613248 -9999 -9999 -9999
