meets/meet004/data/CCSM_21k_neotropic_bio09.asc
NCOLS 154 
NROWS 168 
XLLCORNER -112 
YLLCORNER -55.5 
CELLSIZE 0.5 
NODATA_value -9999 
[rows 28 to 55 of 168, columns 64 to 127 of 154]
-9999 -9999 -9999 -9999 -9999 -9999 -9999 -9999 -9999 -9999 -9999 -9999 -9999 -9999 -9999 -9999 -9999 -9999 -9999 -9999 -9999 -9999 -9999 -9999 -9999 -9999 -9999 -9999 -9999 -9999 -9999 -9999 -9999 -9999 -9999 -9999 -9999 -9999 -9999 -9999 -9999 -9999 -9999 -9999 -9999 -9999 -9999 -9999 -9999 -9999 -9999 -9999 -9999 -9999 -9999 -9999 -9999 -9999 -9999 -9999 -9999 -9999 -9999 -9999
-9999 -9999 -9999 -9999 -9999 -9999 -9999 -9999 -9999 -9999 -9999 -9999 -9999 -9999 -9999 -9999 -9999 -9999 -9999 -9999 -9999 -9999 -9999 -9999 -9999 -9999 -9999 -9999 -9999 -9999 -9999 -9999 -9999 -9999 -9999 -9999 -9999 21.74058959 -9999 -9999 -9999 -9999 -9999 -9999 -9999 -9999 -9999 -9999 -9999 -9999 -9999 -9999 -9999 -9999 -9999 -9999 -9999 -9999 -9999 -9999 -9999 -9999 -9999 -9999
-9999 -9999 -9999 -9999 -9999 -9999 -9999 -9999 -9999 -9999 -9999 -9999 -9999 -9999 -9999 -9999 -9999 -9999 -9999 -9999 -9999 -9999 -9999 -9999 -9999 -9999 -9999 -9999 -9999 -9999 -9999 -9999 -9999 -9999 -9999 -9999 -9999 21.81387795 -9999 -9999 -9999 -9999 -9999 -9999 -9999 -9999 -9999 -9999 -9999 -9999 -9999 -9999 -9999 -9999 -9999 -9999 -9999 -9999 -9999 -9999 -9999 -9999 -9999 -9999
-9999 -9999 -9999 -9999 -9999 -9999 -9999 -9999 -9999 -9999 -9999 -9999 -9999 -9999 -9999 -9999 -9999 -9999 -9999 -9999 -9999 -9999 -9999 -9999 -9999 -9999 -9999 -9999 -9999 -9999 -9999 -9999 -9999 -9999 -9999 -9999 -9999 -9999 -9999 -9999 -9999 -9999 -9999 -9999 -9999 -9999 -9999 -9999 -9999 -9999 -9999 -9999 -9999 -9999 -9999 -9999 -9999 -9999 -9999 -9999 -9999 -9999 -9999 -9999
-9999 -9999 -9999 -9999 -9999 -9999 -9999 -9999 -9999 -9999 -9999 -9999 -9999 -9999 -9999 -9999 22.30346259 -9999 -9999 -9999 -9999 -9999 -9999 -9999 -9999 -9999 -9999 -9999 -9999 -9999 -9999 -9999 -9999 -9999 -9999 -9999 21.95888117 -9999 -9999 -9999 -9999 -9999 -9999 -9999 -9999 -9999 -9999 -9999 -9999 -9999 -9999 -9999 -9999 -9999 -9999 -9999 -9999 -9999 -9999 -9999 -9999 -9999 -9999 -9999
-9999 -9999 -9999 -9999 -9999 -9999 -9999 -9999 -9999 -9999 -9999 -9999 -9999 -9999 22.09130357 22.08837266 21.96983913 -9999 -9999 -9999 -9999 -9999 -9999 -9999 -9999 -9999 -9999 -9999 -9999 -9999 -9999 -9999 -9999 -9999 -9999 -9999 -9999 -9999 -9999 -9999 -9999 -9999 -9999 -9999 -9999 -9999 -9999 -9999 -9999 -9999 -9999 -9999 -9999 -9999 -9999 -9999 -9999 -9999 -9999 -9999 -9999 -9999 -9999 -9999
-9999 -9999 -9999 -9999 -9999 -9999 -9999 -9999 -9999 -9999 21.89524231 22.04487688 22.10390174 22.18535953 22.1571808 21.98494535 -9999 -9999 20.97659084 20.61429874 20.34370865 20.17033909 19.95569776 -9999 -9999 -9999 -9999 -9999 -9999 -9999 -9999 -9999 -9999 -9999 -9999 -9999 -9999 -9999 -9999 -9999 -9999 -9999 -9999 -9999 -9999 -9999 -9999 -9999 -9999 -9999 -9999 -9999 -9999 -9999 -9999 -9999 -9999 -9999 -9999 -9999 -9999 -9999 -9999 -9999
-9999 -9999 -9999 -9999 -9999 -9999 -9999 -9999 -9999 22.54100281 22.52677949 22.63615415 22.58514894 22.29502322 22.08840061 21.7705779 21.27043494 20.71994949 20.48228529 20.01655916 19.70102286 19.62897136 19.29400765 19.70159731 -9999 -9999 -9999 -9999 -9999 -9999 -9999 -9999 -9999 -9999 -9999 -9999 -9999 -9999 -9999 -9999 -9999 -9999 -9999 -9999 -9999 -9999 -9999 -9999 -9999 -9999 -9999 -9999 -9999 -9999 -9999 -9999 -9999 -9999 -9999 -9999 -9999 -9999 -9999 -9999
-9999 -9999 -9999 -9999 -9999 -9999 -9999 -9999 -9999 23.88432405 23.71994859 23.20304421 22.70687755 22.10346444 21.61067865 21.16327668 20.83323924 20.65424817 20.27926596 20.04536981 19.93640531 19.91439624 19.98146042 20.25683302 21.50944302 21.80435952 22.26366775 22.63745803 23.03929869 23.34733715 23.51586862 23.59589496 23.584368 23.4451718 23.2610819 -9999 -9999 -9999 -9999 -9999 -9999 -9999 -9999 -9999 -9999 -9999 -9999 -9999 -9999 -9999 -9999 -9999 -9999 -9999 -9999 -9999 -9999 -9999 -9999 -9999 -9999 -9999 -9999 -9999
-9999 -9999 -9999 -9999 -9999 -9999 -9999 -9999 -9999 25.03049042 24.7063777 23.77445645 22.85086618 21.9099484 21.09773254 20.53659708 20.33009278 20.35914791 20.06118806 20.08166735 20.2101615 20.51758339 20.9680194 21.40312617 21.71400105 22.03221296 22.37712532 24.25523592 24.39900093 24.67354458 24.66621159 24.45739442 24.40302765 24.02050373 23.72830477 23.5085519 23.34715736 -9999 -9999 -9999 -9999 -9999 -9999 -9999 -9999 -9999 -9999 -9999 -9999 -9999 -9999 -9999 -9999 -9999 -9999 -9999 -9999 -9999 -9999 -9999 -9999 -9999 -9999 -9999
21.85922491 22.02567875 22.25865877 22.60829935 -9999 -9999 -9999 -9999 25.08901097 25.27362699 24.86578171 23.91907293 22.99451799 21.55003427 20.51032354 19.76192307 19.44385012 19.58246167 19.38632129 19.54865598 20.18211928 21.15886279 22.24829268 22.68190872 23.06211664 23.32006045 23.31988645 23.37111978 23.29451487 23.21124952 24.99643695 24.71412573 24.41791624 24.17273994 23.97247969 23.74537193 23.59306716 23.46464541 -9999 -9999 -9999 -9999 -9999 -9999 -9999 -9999 -9999 -9999 -9999 -9999 -9999 -9999 -9999 -9999 -9999 -9999 -9999 -9999 -9999 -9999 -9999 -9999 -9999 -9999
21.77273305 -9999 -9999 22.33990638 22.82647951 23.2710001 23.70160561 24.42595888 24.53959374 24.7868394 24.46697042 23.56948907 22.58541181 20.94499837 19.51073509 18.50499414 18.10466346 18.22273704 18.28344456 18.8057061 19.86851314 21.40729066 22.9702906 23.5537412 23.92134786 24.16021131 23.96986487 23.92803462 23.66837044 23.41985851 25.2302979 24.88161776 24.51388045 24.27361414 24.10762791 23.88219385 23.75451945 23.65180445 -9999 -9999 -9999 -9999 -9999 -9999 -9999 -9999 -9999 -9999 -9999 -9999 -9999 -9999 -9999 -9999 -9999 -9999 -9999 -9999 -9999 -9999 -9999 -9999 -9999 -9999
-9999 -9999 -9999 22.16727092 22.0066414 22.08923315 22.44502256 22.71375898 23.11744816 23.60514389 23.25830495 22.54680354 21.59067304 19.6994688 17.92960072 16.88632738 16.2692125 16.30894946 17.31526493 18.23153789 19.80421032 21.72379078 23.04195981 23.81949072 24.24823989 24.39940741 24.26252873 24.15570763 23.61273608 23.45691267 23.06985963 24.85039586 24.77515746 24.25804184 24.04436226 23.88222108 23.73343044 23.82325329 23.76593041 23.80366672 23.69331639 -9999 -9999 -9999 -9999 -9999 -9999 -9999 -9999 -9999 -9999 -9999 -9999 -9999 -9999 -9999 -9999 -9999 -9999 -9999 -9999 -9999 -9999 -9999
-9999 -9999 -9999 22.15015886 21.66971087 21.36750743 21.25014509 21.08435507 21.34315763 21.58371976 21.1473134 20.33425885 19.2691003 17.49487726 15.84800363 15.04431487 14.89626505 15.46950279 17.39234371 19.21567386 21.07047365 22.68654834 23.59639397 24.14955811 24.35732356 24.3682716 23.98702749 23.63136029 22.84169819 22.46768956 21.90125631 21.50005529 23.96582334 23.53029894 23.43131653 23.38574136 23.36793855 23.60644252 23.63076905 23.78310704 23.77229445 23.64952173 -9999 -9999 -9999 -9999 -9999 -9999 -9999 -9999 -9999 -9999 -9999 -9999 -9999 -9999 -9999 -9999 -9999 -9999 -9999 -9999 -9999 -9999
-9999 -9999 -9999 -9999 21.99084275 21.22399972 20.4653226 19.6261248 19.36189336 19.13281488 18.39706486 17.35572802 15.90173146 14.79599097 13.50936389 13.35664905 14.11415454 15.4649353 18.42668036 21.78268741 23.6945548 24.04987329 24.32003472 24.33325388 24.34532137 23.94989423 23.03634154 22.31868139 21.32714037 20.40584314 19.79249232 19.47492864 22.1966229 22.06482717 22.20580896 22.32833742 22.52111868 22.92629379 22.97758958 23.31452503 23.49665719 23.5138609 23.77900892 -9999 -9999 -9999 -9999 -9999 -9999 -9999 -9999 -9999 -9999 -9999 -9999 -9999 -9999 -9999 -9999 -9999 -9999 -9999 -9999 -9999
-9999 -9999 -9999 -9999 -9999 21.39214372 19.96701052 18.51070904 17.65509627 16.9331374 16.00556475 15.05510959 13.88379938 12.98422457 12.25309671 12.73439625 14.21215423 16.43939023 19.74653266 23.05614944 24.79644577 24.82759043 24.4666114 23.99514482 23.54372672 22.72679011 21.53619217 20.49744048 19.51308358 18.66705451 18.00503497 17.60988507 20.42115252 20.37071983 20.49400683 20.65504307 20.91917265 21.30301086 21.47894926 21.87987183 22.31103223 22.77231788 23.31925891 23.60846219 -9999 -9999 -9999 -9999 -9999 -9999 -9999 -9999 -9999 -9999 -9999 -9999 -9999 -9999 -9999 -9999 -9999 -9999 -9999 -9999
-9999 -9999 -9999 -9999 -9999 21.68676565 19.57269458 17.48695639 16.08873558 15.03501495 14.05974829 13.47188911 12.89032109 12.27657184 11.81779794 12.91662949 15.20383729 17.86302928 20.81033766 23.46444565 24.75467433 24.65809463 24.07927206 23.24744719 22.18067021 20.9984256 19.71690084 18.39451107 17.71347181 17.2715368 16.68689668 16.05310562 15.64419092 18.68714145 18.64995049 18.85718657 19.16425136 19.198265 19.64367174 19.91485464 20.53967725 21.51043109 22.47476916 23.18244535 23.74034496 -9999 -9999 -9999 -9999 -9999 -9999 -9999 -9999 -9999 -9999 -9999 -9999 -9999 -9999 -9999 -9999 -9999 -9999 -9999
-9999 -9999 -9999 -9999 -9999 21.58425474 19.13303601 16.6519798 14.93379058 13.73135997 12.85968844 12.53321029 12.38225688 12.36672238 12.72127409 14.24954675 16.77848073 19.36210978 21.70004506 23.3983229 24.20700147 24.03498756 23.19592228 22.20348247 20.83253343 19.47677134 18.09362366 16.83498823 16.23350289 15.71026627 15.18831319 14.72691061 14.35172335 14.6099422 17.54708858 17.8088815 18.1528088 18.16386431 18.26149038 18.27765241 18.9061524 20.07039544 21.29912211 22.45286117 21.03183824 21.59098525 21.76291376 24.03363348 24.04514013 24.13599539 24.17190956 24.12045913 -9999 -9999 -9999 -9999 -9999 -9999 -9999 -9999 -9999 -9999 -9999 -9999
-9999 -9999 -9999 -9999 -9999 21.46193244 18.68758634 15.77893323 14.13950047 12.86033866 12.11913532 12.07990313 12.17772471 12.99730439 14.08716792 15.96137072 18.47088407 21.09802476 22.37128812 23.23589049 23.48794442 23.08766 22.36310755 21.08187707 19.63522725 18.2335773 16.8927917 15.55476993 15.01918861 14.4004815 13.96184702 13.68648189 13.36788917 13.97083687 14.53525939 15.0646596 15.46698593 15.68750441 17.54993189 17.07126397 17.60011386 18.92950421 20.13493008 19.5335004 20.54544792 21.13063956 21.25659044 21.26173681 23.81406764 23.94680849 24.00556708 24.0279806 24.15970593 23.98577737 23.95310815 -9999 -9999 -9999 -9999 -9999 -9999 -9999 -9999 -9999
-9999 -9999 -9999 -9999 -9999 21.16192595 18.39232914 15.63415745 13.81355217 12.69471966 12.09452859 12.11558783 12.76945893 14.05167085 15.77449081 17.71731797 19.7891299 21.48723817 22.41691157 22.72315123 22.64897915 22.1156722 21.19516687 20.23243458 18.90759947 17.6844375 16.60394526 15.38087339 14.82082544 14.18509666 13.81887781 13.74890225 13.65618239 14.31577547 14.80493157 15.36727913 16.03245238 16.07935663 16.07283211 15.70700636 16.15605235 17.22385233 18.18926318 19.28082799 20.02505267 20.53275677 20.74113613 20.74117704 20.80250942 23.46295842 23.54274101 23.5335351 23.60769692 23.51284528 23.51201338 23.48291526 -9999 -9999 -9999 -9999 -9999 -9999 -9999 -9999
-9999 -9999 -9999 -9999 -9999 20.92651689 18.09497394 15.32113396 13.71830757 12.73871652 12.357782 12.59057711 13.27359419 15.22791923 17.42377291 19.23886814 20.55535002 21.81207212 22.09108224 22.0580271 21.78119828 21.17508208 20.22247678 19.69772198 18.70367547 17.81694381 17.07174273 15.72976271 15.71953992 15.06337515 14.80127193 15.04800264 14.56394854 15.65187358 15.98721534 16.61591218 17.42845736 17.30829384 17.56527586 16.7225185 16.93919918 18.00964588 18.47670139 19.31175633 19.78941687 20.0900296 20.26679024 20.29337733 20.33156147 20.35070288 20.37436925 22.85524725 22.84802457 22.78494135 22.83627838 22.90935662 23.11378228 23.4329687 -9999 -9999 -9999 -9999 -9999 -9999
-9999 -9999 -9999 -9999 -9999 20.22950059 17.62143476 15.22081262 13.75725211 13.08396908 12.94051453 13.37575982 14.54802272 16.4904709 18.7007546 20.20678276 20.873965 21.18219506 21.30633068 21.16717238 20.95179081 20.63131378 20.204363 19.92123915 19.57471021 19.09889852 18.64043779 18.17668631 17.75642052 17.54738126 17.50730939 17.67153836 17.99017956 18.13851792 18.45137728 19.05071687 19.90012621 20.55838077 20.30399407 19.83374687 19.70784228 19.68732736 19.86392264 19.81648341 19.77312401 19.78414201 19.85371404 19.86889512 19.91674848 19.87190711 19.88969904 19.94416354 22.14063626 22.07211072 22.00597198 22.15016433 22.6171475 23.0292204 -9999 -9999 -9999 -9999 -9999 -9999
-9999 -9999 -9999 -9999 -9999 19.35871778 16.97808417 14.78881859 13.91744417 13.51455922 13.58959426 14.33369589 15.46523312 17.48518137 19.65448626 20.81706542 20.73609176 20.58610754 20.58977373 20.39470524 20.29658242 20.2922106 20.28977197 20.23234915 20.50509453 20.36804842 20.0775721 20.38418669 19.65975205 19.79487872 19.91375196 20.04354453 21.07288235 20.40145487 20.61974018 21.14608806 21.93176407 23.55983616 22.46945857 22.36140614 21.97866776 21.02604741 21.07148289 20.2289292 19.78394829 19.60314555 19.60307057 19.62196687 19.71124123 19.64102812 19.6689807 19.8154 19.74597167 19.79335918 21.40506026 21.55934368 21.91017326 22.32219889 -9999 -9999 -9999 -9999 -9999 -9999
-9999 -9999 -9999 -9999 -9999 17.64736427 16.20883001 15.06182896 14.40716394 14.30695094 14.65376931 15.46107354 16.62825186 18.15789559 19.5986296 20.41003093 20.43711559 20.23284678 20.1799248 20.10528041 20.10125165 20.15571227 20.23752929 20.40217672 20.60772893 20.59360166 20.4762358 20.41212032 20.3105754 20.47873801 20.6708328 20.92036572 21.35484533 21.35152981 21.56363543 21.91580664 22.32652345 22.78350053 22.52450916 22.11371644 21.6777602 21.0473473 20.60220331 20.09275319 19.79998428 19.64592699 19.68577023 19.78594593 19.84955885 19.89139008 19.92765902 20.00183049 20.03151686 19.90352469 21.25325548 21.49864757 21.87095265 22.28125992 -9999 -9999 -9999 -9999 -9999 -9999
-9999 -9999 -9999 19.66248489 17.45174904 16.02128884 15.34150218 15.11120792 15.14932923 15.457165 16.0160855 16.82055752 17.69162302 18.66184434 19.51733374 20.02952029 20.0376202 19.94603866 19.96943992 19.98205284 20.03050932 20.08586705 20.18229686 20.35360172 20.52222871 20.49785787 20.37150069 20.18350956 20.26043927 20.45606893 20.65959433 20.92120051 21.21753366 21.47655098 21.67021377 21.84210998 21.82286452 21.76055298 21.57240677 21.12404503 20.77695372 20.39287821 19.97810957 19.81336439 19.71956146 19.70705593 19.89082213 20.01214768 20.07824436 20.18288026 20.20154353 20.21956733 20.30832113 20.13193514 21.37222898 21.59909156 21.88795151 22.27144306 22.65972426 -9999 -9999 -9999 -9999 -9999
-9999 -9999 20.34105509 18.05849852 15.64831156 14.50560649 14.59579371 15.12434866 16.08616586 17.28219159 18.07698295 18.43667151 18.8558841 19.22054468 19.52589838 19.76874901 19.83507904 19.84401929 19.93358983 20.00417814 20.08811186 20.15878504 20.23629672 20.40311884 20.52839797 20.49215716 20.34234422 20.20388724 20.21539821 20.30004604 20.4674265 20.70977781 20.96919982 21.25185385 21.43470783 21.46751571 21.34239572 21.03854236 20.79794372 20.42633615 20.16679041 19.9733222 19.75910025 19.73097831 19.75413404 19.85480661 20.04144658 20.20059567 20.23198417 20.23086967 20.22756352 20.24756088 20.27097556 20.19067368 21.33672329 21.56912983 21.84796526 22.2009888 22.59509768 22.94944354 -9999 -9999 -9999 -9999
-9999 -9999 18.98761637 16.59532655 14.27751321 13.49199846 14.27448442 15.37892746 16.95516116 18.74674652 19.61341873 19.59806527 19.72208525 19.65407479 19.60316108 19.67922515 19.71974467 19.82922326 19.94870289 20.08073895 20.1968079 20.25303153 20.32227101 20.46026666 20.58766965 20.54529242 20.40211917 20.23585953 20.18413123 20.24214517 20.35694843 20.54198638 20.77147235 21.05709653 21.24694117 21.25143189 20.99149242 20.57327185 20.43245969 20.06947323 19.85736519 19.76369832 19.63110036 19.70933724 19.81657388 19.95122853 20.14700773 20.29265799 20.24374778 20.18979304 20.15752103 20.16976153 20.20457388 20.20705572 21.22940088 21.48159448 21.76481306 22.12020267 22.55300578 22.93351576 -9999 -9999 -9999 -9999
21.15588842 19.35251871 17.22897615 15.33521129 13.85736279 13.5922315 14.4595696 15.99034324 17.82845454 19.38372919 20.26646271 20.22879916 19.98604678 19.91416944 19.83700909 19.80546821 19.84827718 19.88041872 20.06585451 20.22566942 20.33674077 20.39443517 20.43689062 20.55037175 20.63039344 20.62079711 20.52576236 20.40728763 20.38066848 20.36851231 20.47706483 20.66128446 20.83877375 21.06425484 21.19437825 21.11040793 20.892312 20.54563696 20.27574835 19.97797193 19.77777133 19.6942606 19.61598317 19.74487348 19.86834875 20.01172313 20.15970245 20.20734196 20.19339896 20.09730369 20.07381287 20.10053592 20.1426708 20.18139079 21.11682234 21.37855241 21.68009005 22.05679666 22.47939644 22.87093679 -9999 -9999 -9999 -9999
