meets/meet004/data/CCSM_21k_neotropic_bio18.asc
NCOLS 154 
NROWS 168 
XLLCORNER -112 
YLLCORNER -55.5 
CELLSIZE 0.5 
NODATA_value -9999 
[rows 29 to 57 of 168, columns 64 to 127 of 154]
-9999 -9999 -9999 -9999 -9999 -9999 -9999 -9999 -9999 -9999 -9999 -9999 -9999 -9999 -9999 -9999 -9999 -9999 -9999 -9999 -9999 -9999 -9999 -9999 -9999 -9999 -9999 -9999 -9999 -9999 -9999 -9999 -9999 -9999 -9999 -9999 -9999 221.8602509 -9999 -9999 -9999 -9999 -9999 -9999 -9999 -9999 -9999 -9999 -9999 -9999 -9999 -9999 -9999 -9999 -9999 -9999 -9999 -9999 -9999 -9999 -9999 -9999 -9999 -9999
-9999 -9999 -9999 -9999 -9999 -9999 -9999 -9999 -9999 -9999 -9999 -9999 -9999 -9999 -9999 -9999 -9999 -9999 -9999 -9999 -9999 -9999 -9999 -9999 -9999 -9999 -9999 -9999 -9999 -9999 -9999 -9999 -9999 -9999 -9999 -9999 -9999 135.1149105 -9999 -9999 -9999 -9999 -9999 -9999 -9999 -9999 -9999 -9999 -9999 -9999 -9999 -9999 -9999 -9999 -9999 -9999 -9999 -9999 -9999 -9999 -9999 -9999 -9999 -9999
-9999 -9999 -9999 -9999 -9999 -9999 -9999 -9999 -9999 -9999 -9999 -9999 -9999 -9999 -9999 -9999 -9999 -9999 -9999 -9999 -9999 -9999 -9999 -9999 -9999 -9999 -9999 -9999 -9999 -9999 -9999 -9999 -9999 -9999 -9999 -9999 -9999 -9999 -9999 -9999 -9999 -9999 -9999 -9999 -9999 -9999 -9999 -9999 -9999 -9999 -9999 -9999 -9999 -9999 -9999 -9999 -9999 -9999 -9999 -9999 -9999 -9999 -9999 -9999
-9999 -9999 -9999 -9999 -9999 -9999 -9999 -9999 -9999 -9999 -9999 -9999 -9999 -9999 -9999 -9999 99.22588769 -9999 -9999 -9999 -9999 -9999 -9999 -9999 -9999 -9999 -9999 -9999 -9999 -9999 -9999 -9999 -9999 -9999 -9999 -9999 162.3961887 -9999 -9999 -9999 -9999 -9999 -9999 -9999 -9999 -9999 -9999 -9999 -9999 -9999 -9999 -9999 -9999 -9999 -9999 -9999 -9999 -9999 -9999 -9999 -9999 -9999 -9999 -9999
-9999 -9999 -9999 -9999 -9999 -9999 -9999 -9999 -9999 -9999 -9999 -9999 -9999 -9999 124.9574962 131.2706847 146.1303574 -9999 -9999 -9999 -9999 -9999 -9999 -9999 -9999 -9999 -9999 -9999 -9999 -9999 -9999 -9999 -9999 -9999 -9999 -9999 -9999 -9999 -9999 -9999 -9999 -9999 -9999 -9999 -9999 -9999 -9999 -9999 -9999 -9999 -9999 -9999 -9999 -9999 -9999 -9999 -9999 -9999 -9999 -9999 -9999 -9999 -9999 -9999
-9999 -9999 -9999 -9999 -9999 -9999 -9999 -9999 -9999 -9999 161.1625476 164.2734412 170.8994753 177.2155425 185.0166966 191.2753028 -9999 -9999 222.5227633 224.4194602 225.5374171 219.7105166 208.8071715 -9999 -9999 -9999 -9999 -9999 -9999 -9999 -9999 -9999 -9999 -9999 -9999 -9999 -9999 -9999 -9999 -9999 -9999 -9999 -9999 -9999 -9999 -9999 -9999 -9999 -9999 -9999 -9999 -9999 -9999 -9999 -9999 -9999 -9999 -9999 -9999 -9999 -9999 -9999 -9999 -9999
-9999 -9999 -9999 -9999 -9999 -9999 -9999 -9999 -9999 263.5695845 254.5552539 264.2622145 20.16494204 22.2931308 30.23314172 34.60037388 286.7530541 277.21849 293.0891635 296.0479394 294.698768 285.3396254 268.4951095 258.2139742 -9999 -9999 -9999 -9999 -9999 -9999 -9999 -9999 -9999 -9999 -9999 -9999 -9999 -9999 -9999 -9999 -9999 -9999 -9999 -9999 -9999 -9999 -9999 -9999 -9999 -9999 -9999 -9999 -9999 -9999 -9999 -9999 -9999 -9999 -9999 -9999 -9999 -9999 -9999 -9999
-9999 -9999 -9999 -9999 -9999 -9999 -9999 -9999 -9999 26.80816095 26.12555689 24.86902634 25.94413719 26.86812004 33.50636647 37.55720664 42.53004873 54.74923956 340.6893202 345.2776371 343.3245809 335.8893532 314.5423951 287.190814 269.5272635 252.5752383 227.3546834 209.9323493 203.2529487 187.3267414 185.9552712 197.7268546 204.879684 226.5588437 243.7077859 -9999 -9999 -9999 -9999 -9999 -9999 -9999 -9999 -9999 -9999 -9999 -9999 -9999 -9999 -9999 -9999 -9999 -9999 -9999 -9999 -9999 -9999 -9999 -9999 -9999 -9999 -9999 -9999 -9999
-9999 -9999 -9999 -9999 -9999 -9999 -9999 -9999 -9999 45.60490255 39.31862042 36.36551998 32.54969655 33.48463039 35.57041677 37.05842157 41.42929645 49.18229187 48.10783202 61.22884248 60.08671343 53.7243516 385.7977737 356.03193 323.0261729 301.0383408 289.9978905 258.6595879 257.6774651 233.7862021 225.6990191 236.4442683 233.8976486 252.0199681 268.4251017 281.3937533 298.284084 -9999 -9999 -9999 -9999 -9999 -9999 -9999 -9999 -9999 -9999 -9999 -9999 -9999 -9999 -9999 -9999 -9999 -9999 -9999 -9999 -9999 -9999 -9999 -9999 -9999 -9999 -9999
671.1206184 688.6170977 136.2575075 912.4887509 -9999 -9999 -9999 -9999 73.02125328 65.31616003 58.5332087 48.94716083 44.39985549 40.95903699 41.09120888 42.08435624 44.19246274 48.32575819 50.93522319 54.03156979 53.14333577 48.60279282 46.71271437 40.28486919 36.76053984 33.52483213 29.57973629 27.01591937 24.85594987 26.47014876 28.09158814 257.0603858 260.9651544 269.9406384 282.4861111 294.7752859 309.8342375 321.5890866 -9999 -9999 -9999 -9999 -9999 -9999 -9999 -9999 -9999 -9999 -9999 -9999 -9999 -9999 -9999 -9999 -9999 -9999 -9999 -9999 -9999 -9999 -9999 -9999 -9999 -9999
176.9253824 -9999 -9999 205.7943713 191.8053059 191.9549851 170.3792071 144.1232982 131.0820486 107.2541994 85.19530577 72.55213094 60.10386655 57.24870417 53.45515615 56.70497084 60.64994041 60.28709866 59.90000982 63.22366695 55.80759847 49.27619622 45.90471952 39.25782514 37.13078188 32.92877317 27.12373006 26.99907413 25.9705269 26.12925941 27.7412724 31.22094432 37.04883343 39.66206496 313.4639303 322.7144111 338.543726 349.8435843 -9999 -9999 -9999 -9999 -9999 -9999 -9999 -9999 -9999 -9999 -9999 -9999 -9999 -9999 -9999 -9999 -9999 -9999 -9999 -9999 -9999 -9999 -9999 -9999 -9999 -9999
-9999 -9999 -9999 280.977306 300.8509937 297.7604713 260.0102788 224.8120526 195.473755 154.5086192 129.9369472 99.6498561 81.17971922 75.23011754 72.61635493 76.74897329 75.61413702 77.35716645 75.86112418 73.02562912 68.35578521 55.3279511 50.53797195 45.24541411 41.33315122 37.52078659 32.2076044 30.26369128 29.17375213 30.85199579 31.85870838 34.35964507 37.96205749 42.1125379 48.91823405 356.2513033 363.2489473 373.9474316 384.6480674 397.2358417 394.6033715 -9999 -9999 -9999 -9999 -9999 -9999 -9999 -9999 -9999 -9999 -9999 -9999 -9999 -9999 -9999 -9999 -9999 -9999 -9999 -9999 -9999 -9999 -9999
-9999 -9999 -9999 416.1771769 419.3442937 428.1463868 408.8110761 352.9487631 291.4685252 221.4964697 170.3590058 143.6776798 112.3740231 104.4466893 96.19900596 103.3107923 107.1524359 108.1483222 100.7955817 91.52858653 82.5579067 73.94859996 65.5075125 58.86829246 55.22138387 47.54278027 42.70364444 39.73085954 38.17721272 38.50421273 39.07383039 41.75024837 45.13774757 49.07138002 55.21655058 59.5440236 64.06113626 74.95408613 82.13364896 92.12239377 432.7049659 432.0511472 -9999 -9999 -9999 -9999 -9999 -9999 -9999 -9999 -9999 -9999 -9999 -9999 -9999 -9999 -9999 -9999 -9999 -9999 -9999 -9999 -9999 -9999
-9999 -9999 -9999 -9999 575.5859043 586.7617803 515.8879509 475.6056275 393.1902541 289.3438271 230.015624 177.1007552 142.7935803 134.915963 130.1802256 140.1809705 141.8764163 148.9480428 129.462763 115.7993176 105.4734828 93.0599027 91.44327319 78.25944491 75.66230454 68.66275169 56.23537697 54.56606176 50.63303554 50.61704998 51.41952494 52.11068167 56.47204356 58.04553984 63.26668755 68.43801087 74.0039696 78.79284605 88.06748096 98.09963727 103.1237928 101.8271771 100.1882128 -9999 -9999 -9999 -9999 -9999 -9999 -9999 -9999 -9999 -9999 -9999 -9999 -9999 -9999 -9999 -9999 -9999 -9999 -9999 -9999 -9999
-9999 -9999 -9999 -9999 -9999 758.3488237 686.0436504 607.4880716 486.8019762 361.2562562 284.8077092 230.3347342 180.6145014 174.2694362 169.5322859 1120.30259 183.9219427 185.6282835 170.7530773 151.3768008 143.3897809 137.4756596 130.0324755 120.5794362 113.0038667 100.5464866 88.32387043 78.73549035 71.84317894 68.5275002 66.59295932 67.3423577 68.629145 71.53462478 75.02768155 77.84527181 82.65178493 90.26022967 96.11782801 104.9115248 108.4384292 111.3246732 109.1048702 107.6203078 -9999 -9999 -9999 -9999 -9999 -9999 -9999 -9999 -9999 -9999 -9999 -9999 -9999 -9999 -9999 -9999 -9999 -9999 -9999 -9999
-9999 -9999 -9999 -9999 -9999 892.5677613 796.0039725 698.5742763 567.2540782 413.5662697 322.0674921 254.2352414 210.703123 204.1774898 209.5283596 223.4161459 217.6301935 222.5006001 203.3085027 196.1254792 191.6856304 179.6079941 189.8859878 167.7131298 163.8294154 147.3392506 118.7627067 109.8527798 96.33726407 88.40829711 85.2856729 80.48134544 82.71030506 82.85629644 535.4718151 533.1295606 536.6909766 540.029946 553.7337551 572.719528 587.1587993 125.1763921 123.5316579 118.6521742 118.2292862 -9999 -9999 -9999 -9999 -9999 -9999 -9999 -9999 -9999 -9999 -9999 -9999 -9999 -9999 -9999 -9999 -9999 -9999 -9999
-9999 -9999 -9999 -9999 -9999 1023.058062 914.3388092 772.3187925 612.8703562 455.5791713 368.2349417 302.9257854 260.0924147 257.845114 263.6042186 275.7314579 273.0753673 268.2082621 263.5374014 260.8486453 268.2654904 267.5570261 274.4719327 261.1759306 243.6994046 217.0012657 187.7526284 160.5229646 140.2853862 123.5362751 113.4622255 106.6860346 101.3519083 579.9967467 572.2745391 563.2247951 567.5060902 572.281876 596.0271506 620.7904757 644.2831585 658.5044374 135.7746544 133.220945 131.6438034 129.6137231 127.9922969 129.0949254 129.4120258 131.7667159 131.3887837 131.9055151 -9999 -9999 -9999 -9999 -9999 -9999 -9999 -9999 -9999 -9999 -9999 -9999
-9999 -9999 -9999 -9999 -9999 1116.372405 955.485163 790.6165154 628.3139272 479.4587685 387.3169927 332.3465832 303.6878027 308.666603 306.0557805 318.3115035 315.624946 311.4776632 318.518949 339.2582709 351.5076627 367.5807482 391.7825096 371.136237 347.5745483 313.405901 258.6557426 220.3841922 187.9623547 158.4314122 145.6353734 128.3998645 619.8330535 598.5838379 593.5909284 581.2358913 577.2140988 583.2662112 616.0563062 655.2775291 683.8959053 711.7108652 733.5388934 146.5001201 143.1740331 146.5461996 145.6415666 145.2508707 145.3976059 151.6251345 150.0681623 153.6511256 152.8051357 153.2949062 151.7627498 -9999 -9999 -9999 -9999 -9999 -9999 -9999 -9999 -9999
-9999 -9999 -9999 -9999 -9999 1149.998505 981.0098134 806.9100231 650.6063717 501.5645937 432.8888309 385.3949584 364.4613987 363.9700104 371.2684992 376.090365 379.069407 379.9831233 404.5020965 437.3724044 475.42766 507.3862795 538.6900662 523.0991429 489.6951702 439.0542966 373.1215379 307.188773 258.2889835 211.2820228 185.2541434 162.2255831 143.0352748 131.3569997 120.1884295 114.3890358 118.3632625 120.963289 640.9704417 686.2693598 723.7772833 754.3064586 779.084957 164.4933074 160.7420144 159.3082605 159.0382041 160.4563121 159.6690367 166.2176911 167.1618286 166.9640789 175.190579 178.8000347 181.3763737 178.0006063 -9999 -9999 -9999 -9999 -9999 -9999 -9999 -9999
-9999 -9999 -9999 -9999 -9999 1352.00272 958.9235842 780.6230864 662.5121251 524.9980403 459.8413979 427.8631362 421.5474531 432.1235617 428.4346034 432.4528424 442.4562794 445.4864149 493.748107 541.0185765 586.0174241 662.2430948 707.4309322 693.9663618 647.1126957 586.4569246 486.8261345 405.5676927 339.9510049 260.1328119 230.0797911 194.373031 167.5999749 151.4839645 134.0269294 127.4562041 128.5521425 127.9297929 140.3589966 300.2913736 320.9323718 347.384637 357.2445535 184.3105683 183.198009 185.7690206 186.1205557 183.4174601 183.5982516 183.2274425 186.9102576 187.5343877 193.6873914 192.3763972 205.3325966 203.0525719 202.0056125 198.3325795 -9999 -9999 -9999 -9999 -9999 -9999
-9999 -9999 -9999 -9999 -9999 1071.858691 923.7455835 769.3547726 657.4516953 557.910931 526.226764 505.6816358 502.5362157 499.7292889 494.5638842 495.5309086 518.2536993 532.0138737 588.1491116 652.9388637 716.2449403 794.5756889 846.2367625 843.564326 807.4122128 737.5838167 618.2773084 511.2332137 414.7619494 326.9817837 279.4162191 231.9982678 197.6006994 174.8244718 159.9436377 150.85715 144.4168427 148.7832162 156.0020672 170.9810856 183.0281024 194.6564255 207.6084901 210.0601035 217.456602 217.3784929 214.8367217 214.1366622 210.4204472 208.0935545 205.4996899 204.0065539 207.0694737 212.1558441 221.7776003 226.4717354 235.5208866 233.9418068 -9999 -9999 -9999 -9999 -9999 -9999
-9999 -9999 -9999 -9999 -9999 874.1123166 889.2015199 759.8558017 677.591829 615.411762 585.5479281 573.8989862 578.8009447 574.2287241 556.2868386 562.2677568 588.7824347 616.2313257 677.452215 754.3276298 821.8434515 918.3586088 980.8966347 984.559833 941.3187761 867.4454046 730.7511701 607.8133659 494.7697892 390.4520739 332.2266737 278.1594393 231.8884714 213.1225935 193.1530351 183.6528058 178.4962767 176.1787384 189.2755609 202.5134077 214.7267688 231.1655763 240.8479452 253.1410916 260.9574985 260.4001368 259.7006965 255.1869111 251.2828975 243.9233686 238.6912879 236.7738305 234.239437 239.8143366 250.5044382 255.9335642 271.0558886 276.1083362 -9999 -9999 -9999 -9999 -9999 -9999
-9999 -9999 -9999 -9999 -9999 906.117631 844.0425177 756.7855755 708.4107743 682.4251149 671.0404033 643.8547874 636.4500432 632.8806926 618.3694821 623.5066983 659.8325443 684.8486079 750.9497272 822.859432 887.9508624 974.5412243 1029.285096 1037.951487 1005.490645 936.0899475 806.0218539 682.7600526 561.2128973 449.8962567 389.1124555 328.9706349 283.2096415 255.7884782 237.2130462 228.315962 221.2029271 228.7135201 235.1617882 251.1897932 262.8114642 276.3077413 293.5816208 298.070036 310.4007577 309.1568713 301.1474788 296.8769885 285.8118908 278.3045348 272.1870097 266.5103434 265.8260184 269.3658713 278.9681515 286.6024107 299.2872558 313.7900892 -9999 -9999 -9999 -9999 -9999 -9999
-9999 -9999 -9999 869.3232687 840.8913828 836.7330108 787.3034348 756.7507217 763.7361573 748.7691789 736.4301269 707.6288023 699.4356334 698.8137441 680.3393866 688.9699639 733.2753886 749.5978117 814.4452443 878.4624101 930.7696455 1022.009729 1068.457515 1076.142524 1033.316071 969.3347752 844.7244292 731.5641874 638.4657323 506.6695912 450.8273525 392.3158157 345.8697586 325.5191299 297.2864143 289.4357664 294.3796802 292.3208968 304.4224912 323.192047 335.4210014 352.4413812 362.0571681 371.3241944 377.5112445 371.733613 366.3308259 351.745476 340.413018 323.8764138 313.5071829 310.187258 302.5493602 311.5966864 316.7420437 239.3189606 238.9930367 234.2409697 230.1077211 -9999 -9999 -9999 -9999 -9999
-9999 -9999 568.9077619 820.3776132 771.5423229 764.4268348 783.3482344 799.3702264 797.1771565 798.1217519 784.8497648 763.9961454 730.8636628 735.0126311 733.6200372 744.0533075 768.7701167 800.2486815 853.8247603 907.7543564 955.9888077 1014.381944 1055.102659 1049.382118 1014.889869 955.5970134 853.7666664 745.7671222 648.1296641 552.6158406 500.6430298 451.7029135 408.1915845 387.1816222 364.0474983 356.9912174 361.4906573 366.917101 380.0394179 398.0690699 410.4082936 425.9352298 441.3560594 446.3890872 449.1255503 440.4628947 423.5597948 407.5645157 386.1278051 369.206657 358.0296104 347.7444962 345.2412902 349.1812144 359.1089279 235.8833012 230.7419359 223.8340121 222.9360885 222.7742962 -9999 -9999 -9999 -9999
-9999 -9999 788.5958623 744.0123604 696.5131277 715.3171394 754.5538175 821.9314201 822.1589445 817.1779575 804.7842494 794.7741461 775.6312856 786.5036506 779.8375735 789.663223 825.0492938 839.8384172 882.4780901 926.1129674 956.3615273 1002.60611 1034.452507 1015.560017 986.2976378 938.0841 837.4233694 752.8410345 694.3592872 596.1622943 557.4675013 522.1728906 482.2120249 477.782606 446.9451663 445.0592788 461.4720487 456.9573276 483.6273488 496.5702004 510.3407929 538.3700035 539.4099848 545.243934 538.941444 520.1219047 501.4719562 473.3398932 451.4295211 422.3106514 406.8649822 399.6639134 391.3549827 402.1836837 407.9143967 236.1903391 231.9025796 221.3641899 212.8063915 211.1826909 -9999 -9999 -9999 -9999
859.8714273 811.4424708 729.6872169 692.1651756 647.8676891 660.7157306 723.6782123 792.3430352 818.1501548 810.3642449 805.0027765 818.5859735 806.2090526 818.0089875 827.7076999 833.1936109 852.5037801 875.1456737 901.7386267 922.7256224 957.7989755 976.7079603 994.4819256 976.3000147 947.3523577 896.0128394 830.9514199 759.0095772 695.6709548 646.3907312 600.7598147 572.9111482 550.1548185 537.8732247 533.4914933 532.0087242 537.5805271 548.6263617 569.3404327 596.2677696 613.3183598 623.2448094 635.0104492 631.1947554 623.8552767 603.8600548 565.8387495 533.3710317 500.9963762 473.6902371 457.4829805 443.9826885 439.0912149 447.0643498 460.1694053 246.7772607 231.7488042 215.7386426 221.4814782 200.5760103 -9999 -9999 -9999 -9999
853.5180744 763.852481 677.9538727 628.4536283 589.2033783 624.3906414 694.7503403 767.0224493 785.5082613 788.7181403 792.3845756 802.5960784 826.7794611 845.9294199 847.7638391 856.3543814 882.6115449 898.4613791 908.4473884 921.7006337 929.4057054 944.6771389 947.2303133 926.0973149 902.2793116 868.6044775 802.0824778 757.9947329 720.1543119 664.1947355 646.0498322 628.30955 621.6089892 617.3304811 605.6694664 611.6552555 637.9374504 651.8518389 671.0313326 689.0818857 702.8087471 719.4482857 675.2540451 728.9273354 705.0076094 670.9669854 635.4945001 596.6642111 560.0804584 519.4214459 501.9753251 495.0887419 492.8622987 503.5421871 510.9005311 253.4956871 239.261815 221.2973396 222.0488316 206.3402432 187.3209012 -9999 -9999 -9999
836.2782375 743.0226665 648.1283025 581.3670255 539.7134348 587.0631903 665.5155954 731.1409141 751.3947218 765.3177404 754.6358503 794.3033838 827.4521181 845.2514348 861.6839599 870.0692052 882.3131455 891.6871955 899.1407124 895.6224837 907.1473167 904.7704099 902.6130869 891.5483216 861.2025384 828.5514715 793.2227788 759.8061419 725.9651834 695.1803359 673.1088631 670.0323139 661.0044268 668.6803684 678.0171939 685.4234446 707.809124 724.3149868 750.8845653 821.8562426 783.6184258 783.552182 725.7630736 684.0208876 768.9788867 732.4664673 684.4080511 636.0454454 600.2280219 560.4370018 543.5503677 535.0475111 533.0461616 548.2553112 562.7076356 273.7232738 252.2714028 233.8215107 218.6680037 210.2154723 206.2638624 205.9586213 194.4646677 -9999
