meets/meet004/data/CCSM_0k_neotropic_bio06.asc
NCOLS 154 
NROWS 168 
XLLCORNER -112 
YLLCORNER -55.5 
CELLSIZE 0.5 
NODATA_value -9999 
[rows 28 to 55 of 168, columns 64 to 127 of 154]
-9999 -9999 -9999 -9999 -9999 -9999 -9999 -9999 -9999 -9999 -9999 -9999 -9999 -9999 -9999 -9999 -9999 -9999 -9999 -9999 -9999 -9999 -9999 -9999 -9999 -9999 -9999 -9999 -9999 -9999 -9999 -9999 -9999 -9999 -9999 -9999 -9999 -9999 -9999 -9999 -9999 -9999 -9999 -9999 -9999 -9999 -9999 -9999 -9999 -9999 -9999 -9999 -9999 -9999 -9999 -9999 -9999 -9999 -9999 -9999 -9999 -9999 -9999 -9999
-9999 -9999 -9999 -9999 -9999 -9999 -9999 -9999 -9999 -9999 -9999 -9999 -9999 -9999 -9999 -9999 -9999 -9999 -9999 -9999 -9999 -9999 -9999 -9999 -9999 -9999 -9999 -9999 -9999 -9999 -9999 -9999 -9999 -9999 -9999 -9999 -9999 23.64895298 -9999 -9999 -9999 -9999 -9999 -9999 -9999 -9999 -9999 -9999 -9999 -9999 -9999 -9999 -9999 -9999 -9999 -9999 -9999 -9999 -9999 -9999 -9999 -9999 -9999 -9999
-9999 -9999 -9999 -9999 -9999 -9999 -9999 -9999 -9999 -9999 -9999 -9999 -9999 -9999 -9999 -9999 -9999 -9999 -9999 -9999 -9999 -9999 -9999 -9999 -9999 -9999 -9999 -9999 -9999 -9999 -9999 -9999 -9999 -9999 -9999 -9999 -9999 23.70954646 -9999 -9999 -9999 -9999 -9999 -9999 -9999 -9999 -9999 -9999 -9999 -9999 -9999 -9999 -9999 -9999 -9999 -9999 -9999 -9999 -9999 -9999 -9999 -9999 -9999 -9999
-9999 -9999 -9999 -9999 -9999 -9999 -9999 -9999 -9999 -9999 -9999 -9999 -9999 -9999 -9999 -9999 -9999 -9999 -9999 -9999 -9999 -9999 -9999 -9999 -9999 -9999 -9999 -9999 -9999 -9999 -9999 -9999 -9999 -9999 -9999 -9999 -9999 -9999 -9999 -9999 -9999 -9999 -9999 -9999 -9999 -9999 -9999 -9999 -9999 -9999 -9999 -9999 -9999 -9999 -9999 -9999 -9999 -9999 -9999 -9999 -9999 -9999 -9999 -9999
-9999 -9999 -9999 -9999 -9999 -9999 -9999 -9999 -9999 -9999 -9999 -9999 -9999 -9999 -9999 -9999 23.10326936 -9999 -9999 -9999 -9999 -9999 -9999 -9999 -9999 -9999 -9999 -9999 -9999 -9999 -9999 -9999 -9999 -9999 -9999 -9999 23.77588603 -9999 -9999 -9999 -9999 -9999 -9999 -9999 -9999 -9999 -9999 -9999 -9999 -9999 -9999 -9999 -9999 -9999 -9999 -9999 -9999 -9999 -9999 -9999 -9999 -9999 -9999 -9999
-9999 -9999 -9999 -9999 -9999 -9999 -9999 -9999 -9999 -9999 -9999 -9999 -9999 -9999 22.65990542 22.52453518 22.39570159 -9999 -9999 -9999 -9999 -9999 -9999 -9999 -9999 -9999 -9999 -9999 -9999 -9999 -9999 -9999 -9999 -9999 -9999 -9999 -9999 -9999 -9999 -9999 -9999 -9999 -9999 -9999 -9999 -9999 -9999 -9999 -9999 -9999 -9999 -9999 -9999 -9999 -9999 -9999 -9999 -9999 -9999 -9999 -9999 -9999 -9999 -9999
-9999 -9999 -9999 -9999 -9999 -9999 -9999 -9999 -9999 -9999 22.73795416 22.47149053 22.18625426 21.93868211 21.71457917 21.47098246 -9999 -9999 20.95842643 20.87100407 20.9109428 21.03934404 21.2376042 -9999 -9999 -9999 -9999 -9999 -9999 -9999 -9999 -9999 -9999 -9999 -9999 -9999 -9999 -9999 -9999 -9999 -9999 -9999 -9999 -9999 -9999 -9999 -9999 -9999 -9999 -9999 -9999 -9999 -9999 -9999 -9999 -9999 -9999 -9999 -9999 -9999 -9999 -9999 -9999 -9999
-9999 -9999 -9999 -9999 -9999 -9999 -9999 -9999 -9999 22.83428637 22.33424015 21.92059563 21.41811278 21.06656685 20.68416537 20.40845877 20.19627824 19.78300163 19.7903644 19.45772301 19.45983213 19.79852424 19.81670867 20.64712784 -9999 -9999 -9999 -9999 -9999 -9999 -9999 -9999 -9999 -9999 -9999 -9999 -9999 -9999 -9999 -9999 -9999 -9999 -9999 -9999 -9999 -9999 -9999 -9999 -9999 -9999 -9999 -9999 -9999 -9999 -9999 -9999 -9999 -9999 -9999 -9999 -9999 -9999 -9999 -9999
-9999 -9999 -9999 -9999 -9999 -9999 -9999 -9999 -9999 22.89381072 22.06892041 21.29451602 20.54518295 20.03529861 19.63591063 19.34323115 19.31899624 19.27215674 19.13460207 18.97194552 19.10662035 19.41305913 19.74965491 20.36551037 20.75801208 21.15230419 21.47611741 21.56312887 21.86812826 22.02732223 22.12190465 22.11731268 22.082676 22.24030273 22.4853733 -9999 -9999 -9999 -9999 -9999 -9999 -9999 -9999 -9999 -9999 -9999 -9999 -9999 -9999 -9999 -9999 -9999 -9999 -9999 -9999 -9999 -9999 -9999 -9999 -9999 -9999 -9999 -9999 -9999
-9999 -9999 -9999 -9999 -9999 -9999 -9999 -9999 -9999 22.81613126 21.86631721 20.99355538 19.96781078 19.3750769 18.8078291 18.4895721 18.59643883 18.70741126 18.66939731 18.69613286 18.98652642 19.52791516 20.0036269 20.65373158 20.86554431 21.18193748 21.46391675 21.41188898 21.69007602 21.74538237 21.72885835 21.63111277 21.44428877 21.62720453 21.86864773 22.28398995 22.85100096 -9999 -9999 -9999 -9999 -9999 -9999 -9999 -9999 -9999 -9999 -9999 -9999 -9999 -9999 -9999 -9999 -9999 -9999 -9999 -9999 -9999 -9999 -9999 -9999 -9999 -9999 -9999
23.07913425 22.99038211 22.94667463 23.34209403 -9999 -9999 -9999 -9999 23.15041263 22.54948929 21.66733053 20.78020293 20.06749948 18.84730476 18.04959109 17.54738454 17.44497363 17.7375528 17.8235379 18.17115883 18.90656291 19.87738434 20.84541774 21.34341877 21.61408368 21.82743683 21.86249696 21.82739826 21.80458576 21.68221484 21.55989681 21.40897496 21.24511122 21.26291043 21.35885595 21.73396272 22.36365774 22.97093012 -9999 -9999 -9999 -9999 -9999 -9999 -9999 -9999 -9999 -9999 -9999 -9999 -9999 -9999 -9999 -9999 -9999 -9999 -9999 -9999 -9999 -9999 -9999 -9999 -9999 -9999
22.75793917 -9999 -9999 22.44607916 22.7341316 22.58392742 22.22442367 22.21959774 21.63266027 21.08087142 20.44291628 19.83550088 19.23530274 17.9736433 16.80328914 16.04638279 15.87138284 16.21662522 16.61008025 17.40075581 18.56510689 20.03357315 21.430708 22.05078005 22.25862914 22.45959598 22.35268359 22.26540769 22.08144227 21.82670236 21.65914742 21.51061011 21.3215205 21.27366209 21.20557597 21.4569218 22.02817667 22.56135779 -9999 -9999 -9999 -9999 -9999 -9999 -9999 -9999 -9999 -9999 -9999 -9999 -9999 -9999 -9999 -9999 -9999 -9999 -9999 -9999 -9999 -9999 -9999 -9999 -9999 -9999
-9999 -9999 -9999 22.05122768 20.550075 19.69915267 19.49522606 18.95924133 19.0361053 19.2424036 18.81431065 18.38755096 17.72961941 16.39303819 14.82915702 14.09092907 13.88355485 14.21200538 15.53317911 16.70532474 18.39532784 20.43163933 21.74344446 22.39391041 22.67286853 22.71320333 22.55815646 22.45031132 21.96385068 21.86400532 21.66251141 21.49061633 21.66400566 21.31004174 21.27022339 21.39510858 21.59856797 22.11468322 22.31534068 22.64415556 23.14200558 -9999 -9999 -9999 -9999 -9999 -9999 -9999 -9999 -9999 -9999 -9999 -9999 -9999 -9999 -9999 -9999 -9999 -9999 -9999 -9999 -9999 -9999 -9999
-9999 -9999 -9999 22.186575 20.08565289 18.69402719 17.83222667 16.83167331 16.89844866 16.97663226 16.66606403 16.33898518 15.64728737 14.35594795 13.03457985 12.53490353 12.72097017 13.48510233 15.61839276 17.63454242 19.59745907 21.36136028 22.31990301 22.74800936 22.77847595 22.66058262 22.21118985 21.90894914 21.28494099 21.06151774 20.8211142 20.71544081 20.95091211 20.69463185 20.68163527 20.76403832 20.8907672 21.21181479 21.29138481 21.57431788 22.13153261 22.87442659 -9999 -9999 -9999 -9999 -9999 -9999 -9999 -9999 -9999 -9999 -9999 -9999 -9999 -9999 -9999 -9999 -9999 -9999 -9999 -9999 -9999 -9999
-9999 -9999 -9999 -9999 21.47976285 19.54770146 17.58190277 15.87286078 15.23146852 15.02412591 14.49508864 13.90418701 12.98603937 12.34876597 11.6076327 11.73787482 12.47243823 13.85430558 16.79351278 20.13185775 22.01584102 22.43761902 22.80301512 22.72852105 22.59965957 22.04425124 21.06420057 20.54566031 19.87492628 19.44965401 19.23191474 19.20179598 19.23456363 19.32520498 19.47753127 19.605339 19.71198196 19.87665747 20.06182064 20.27035906 20.87441314 21.7038897 22.62917981 -9999 -9999 -9999 -9999 -9999 -9999 -9999 -9999 -9999 -9999 -9999 -9999 -9999 -9999 -9999 -9999 -9999 -9999 -9999 -9999 -9999
-9999 -9999 -9999 -9999 -9999 20.75871756 17.93895916 15.38657476 14.17592075 13.61297203 12.83388948 12.20255405 11.46994542 11.11008565 10.91257067 11.59437366 12.89730584 14.92283162 18.06071267 21.07685229 22.44821926 22.4598124 22.16103777 21.62632315 21.08808611 20.15805623 19.06247162 18.43042499 18.04950923 17.95387924 17.83873205 17.76409944 17.68685601 17.82041529 18.01429513 18.23434056 18.45241204 18.65233121 18.92393164 19.16876562 19.76141012 20.51760789 21.43386812 22.50144178 -9999 -9999 -9999 -9999 -9999 -9999 -9999 -9999 -9999 -9999 -9999 -9999 -9999 -9999 -9999 -9999 -9999 -9999 -9999 -9999
-9999 -9999 -9999 -9999 -9999 21.85324022 18.17631532 14.80535854 13.21236416 12.54009279 11.66852117 11.1341067 10.73561298 10.65502842 10.70672491 11.93518101 13.86475645 16.19224516 18.95511995 20.90993782 21.80748366 21.67752419 20.96850559 20.12513755 18.78513185 17.51056398 16.66871766 15.77288414 16.04577379 16.6380185 16.68885599 16.374471 16.26453791 16.41695329 16.56649566 16.8655998 17.25510171 17.46342709 17.90803244 18.19670377 18.77548562 19.39355075 20.10654099 21.4462394 22.64899413 -9999 -9999 -9999 -9999 -9999 -9999 -9999 -9999 -9999 -9999 -9999 -9999 -9999 -9999 -9999 -9999 -9999 -9999 -9999
-9999 -9999 -9999 -9999 -9999 22.24770505 18.24037003 14.60495613 12.67482636 11.86357318 11.05172991 10.67861777 10.58310386 10.81569858 11.44934756 12.96660697 15.15355991 17.4135287 19.4873928 20.5601413 21.06102828 20.84422541 19.9732692 18.95170341 17.17964995 15.78326156 14.83297809 14.13102252 14.33641555 14.72022023 14.85614086 14.83392245 14.7917196 15.14590897 15.46140807 15.89695518 16.4549556 16.76726522 17.12629844 17.28830748 17.83153105 18.51864315 19.338176 20.60654326 21.63817791 22.35964587 22.66310755 22.78752886 22.89330565 23.06502079 23.34224174 23.64516353 -9999 -9999 -9999 -9999 -9999 -9999 -9999 -9999 -9999 -9999 -9999 -9999
-9999 -9999 -9999 -9999 -9999 22.39043313 18.15516947 13.99009534 12.26194025 11.39066717 10.68407776 10.53450358 10.62928958 11.43316331 12.4723774 14.239587 16.50005745 18.81639361 19.87987047 20.39218506 20.51244718 20.20475274 19.39885622 17.94312182 16.20584343 14.79592662 13.84116883 12.9318915 12.99322898 12.92334016 13.05192606 13.36737459 13.39980742 14.1083272 14.7308395 15.38279142 15.9991346 16.46145285 16.65764314 16.61622276 17.10684372 17.96593193 18.86555959 19.99201939 20.80002376 21.36283715 21.55097176 21.41771229 21.65213813 21.57432397 21.83861413 22.4229384 22.90160708 23.55209393 24.33657459 -9999 -9999 -9999 -9999 -9999 -9999 -9999 -9999 -9999
-9999 -9999 -9999 -9999 -9999 22.19325391 18.03048059 14.17444797 12.12231706 11.34147816 10.76508815 10.74487004 11.31553458 12.43659452 13.97819893 15.75026017 17.61068478 19.14526128 20.04677225 20.29323736 20.2123245 19.69194494 18.64952063 17.54403658 16.06999656 14.79930141 13.89094542 12.94494255 12.72928338 12.48998711 12.54159199 12.91138445 13.1087423 13.87426588 14.43978756 15.23069911 16.10592284 16.48736062 16.83167218 16.65787761 17.10366343 17.99199065 18.75954783 19.76664524 20.37265743 20.78700516 20.97538376 20.88485751 20.89592823 20.79602333 20.94098064 21.2538013 21.67126225 22.24680438 22.92889166 23.67512032 -9999 -9999 -9999 -9999 -9999 -9999 -9999 -9999
-9999 -9999 -9999 -9999 -9999 22.1077139 17.86071764 13.81487551 12.12740823 11.42242466 11.06105754 11.28451884 11.91356563 13.61187187 15.52444801 17.15061699 18.34609695 19.5250151 19.88956835 19.87316866 19.6805522 19.23690478 18.33721574 17.69472721 16.5702822 15.53060088 14.69505347 13.47136477 13.40416094 13.05243396 13.05997561 13.46805867 13.38876239 14.4051816 14.85719739 15.73362723 16.86914346 17.15878285 17.90309572 17.57500794 17.86189494 18.74787968 19.04888145 19.87618185 20.29270517 20.52915822 20.64029245 20.62370637 20.51272612 20.36538983 20.36155047 20.35710438 20.29916422 20.89720376 21.36188508 22.32308171 23.63984008 24.52064696 -9999 -9999 -9999 -9999 -9999 -9999
-9999 -9999 -9999 -9999 -9999 21.42755045 17.50934233 14.09941874 12.35017769 11.93677559 11.79646763 12.17114961 13.22436987 14.87177899 16.7353899 18.09045682 18.77373772 19.15377199 19.43581653 19.47531628 19.43926155 19.31331525 18.9587893 18.54873785 17.96875624 17.1695499 16.28116239 15.49687394 14.94895745 14.71258445 14.70885995 14.9888048 15.40207212 15.71777072 16.21071283 17.19638716 18.60858593 19.80850583 20.04292715 19.96172323 20.08173943 20.21616394 20.45268341 20.45032036 20.41578896 20.4048547 20.38334415 20.29664291 20.21248633 20.00814334 19.92415287 19.91257078 19.89594536 20.07553924 20.41906221 21.43813851 23.02395105 24.09603853 -9999 -9999 -9999 -9999 -9999 -9999
-9999 -9999 -9999 -9999 -9999 20.43422122 16.88953462 13.68980498 12.73593151 12.50145062 12.5887279 13.23936119 14.25859084 15.96164254 17.74265627 18.82037697 18.87422841 18.88809332 19.1732786 19.27900506 19.39049312 19.54862593 19.69600812 19.36794747 19.31896254 18.71115457 17.74530081 17.30093045 16.44160669 16.29779416 16.29271993 16.47533039 17.27460017 17.07337487 17.50180655 18.49136888 20.04773569 22.29838579 21.61450337 21.73428572 21.65835256 21.11090911 21.38428353 20.73986687 20.44587146 20.28050248 20.1830624 20.1222273 20.10419671 19.87630665 19.80582874 19.82932953 19.7212442 19.79357135 19.86086865 20.84266754 22.61592194 23.90111607 -9999 -9999 -9999 -9999 -9999 -9999
-9999 -9999 -9999 -9999 -9999 18.18168494 15.96450499 14.18908959 13.3097506 13.26391825 13.60108802 14.41578045 15.5378283 16.83527264 18.00807495 18.79510621 19.01556129 19.06348212 19.25737397 19.44522066 19.62080248 19.77875653 19.85744473 19.83213848 19.69802023 19.21322824 18.43541529 17.80040474 17.27074901 17.1330848 17.12237595 17.28766338 17.69610974 17.87982732 18.35511322 19.12715355 20.12106547 21.0746539 21.29714909 21.25050404 21.15246393 20.89126913 20.72197829 20.45926399 20.2572378 20.16030971 20.21114915 20.28876354 20.3041304 20.26478476 20.21046167 20.14306551 20.07126654 19.90323498 19.98391542 20.81556632 22.20378788 23.4604678 -9999 -9999 -9999 -9999 -9999 -9999
-9999 -9999 -9999 20.65667211 17.57269023 15.56471721 14.94779694 14.35306213 14.11707226 14.3324603 14.83907702 15.71724682 16.7164419 17.54538216 18.27886046 18.86648318 19.08580188 19.25274935 19.49005918 19.68962195 19.85086239 19.96019694 19.99290053 19.94563944 19.8343983 19.39143704 18.68264687 18.04446907 17.67436534 17.58220957 17.56263856 17.67317791 17.95267553 18.29160224 18.71686778 19.22346145 19.63373878 19.94815868 20.29055026 20.26055994 20.25304181 20.18921955 19.94404607 19.95707106 19.96692418 20.06785693 20.2725147 20.36657489 20.44627037 20.5334227 20.53227228 20.44294383 20.39404061 20.14743568 20.0937936 20.73197533 21.609359 22.86219625 23.82080829 -9999 -9999 -9999 -9999 -9999
-9999 -9999 21.31248315 18.44948991 15.386681 13.85203966 13.89726295 14.59282094 15.30502978 16.09533183 16.75335957 17.22483882 17.7575901 18.25564013 18.67014726 19.05226626 19.27851986 19.47148254 19.72960062 19.9383802 20.08683548 20.15179818 20.12775028 20.09831451 19.93411929 19.553914 18.99357745 18.46486634 18.16259969 18.03607046 18.01820646 18.1334368 18.3523913 18.66587794 18.95816486 19.24931446 19.49106467 19.59451725 19.76667002 19.77780434 19.81417513 19.74862354 19.63954702 19.70300864 19.89811355 20.0066933 20.19273684 20.3662244 20.39122017 20.37792232 20.35935903 20.30506255 20.27696574 20.04742248 19.98864514 20.28434521 20.76366409 21.56873941 22.94039059 24.18533862 -9999 -9999 -9999 -9999
-9999 -9999 19.06903005 16.30152675 13.66690488 12.66086001 13.49599528 14.65199013 16.09824322 17.58269541 18.2769566 18.39435323 18.66648646 18.85565977 19.02680058 19.28365517 19.46415266 19.69257581 19.94021908 20.0853647 20.23379581 20.33484566 20.29980571 20.24633102 20.10703216 19.77375446 19.3137863 18.86280162 18.60465333 18.51385773 18.5085397 18.60931091 18.79964512 19.07807675 19.29968084 19.4868199 19.55348663 19.52065275 19.66712825 19.56712807 19.52404923 19.46935377 19.21006902 19.41770668 19.77829554 19.92632385 20.11591426 20.27077882 20.22004679 20.14550894 20.10569065 20.06033456 19.90052949 19.79128273 19.70790377 19.90344052 20.127861 20.66783748 22.35580253 23.830289 -9999 -9999 -9999 -9999
21.45990219 18.65677092 15.85671434 14.17403193 13.01955323 12.83348023 13.59178979 15.02539246 16.68300121 18.27095646 19.14367375 19.26014738 19.23664906 19.33851795 19.30186929 19.33833013 19.52051135 19.64950063 19.87483831 20.02111416 20.15969192 20.27525585 20.32499257 20.38531261 20.29086384 20.04673417 19.69385167 19.33629006 19.15014396 19.04161882 19.05659743 19.22090642 19.39748377 19.60909228 19.76555897 19.83705752 19.8519516 19.78497881 19.76363117 19.63471155 19.54130267 19.22253889 19.052661 19.30457246 19.71833181 19.85627168 19.94684209 19.98385716 19.95988424 19.88049155 19.85898047 19.80501384 19.67761509 19.6198762 19.62580006 19.79170003 19.99298119 20.68285809 22.08491264 23.68130766 -9999 -9999 -9999 -9999
