meets/meet004/data/CCSM_6k_neotropic_bio14.asc
NCOLS 154 
NROWS 168 
XLLCORNER -112 
YLLCORNER -55.5 
CELLSIZE 0.5 
NODATA_value -9999 
[rows 29 to 57 of 168, columns 64 to 127 of 154]
-9999 -9999 -9999 -9999 -9999 -9999 -9999 -9999 -9999 -9999 -9999 -9999 -9999 -9999 -9999 -9999 -9999 -9999 -9999 -9999 -9999 -9999 -9999 -9999 -9999 -9999 -9999 -9999 -9999 -9999 -9999 -9999 -9999 -9999 -9999 -9999 -9999 12.32974274 -9999 -9999 -9999 -9999 -9999 -9999 -9999 -9999 -9999 -9999 -9999 -9999 -9999 -9999 -9999 -9999 -9999 -9999 -9999 -9999 -9999 -9999 -9999 -9999 -9999 -9999
-9999 -9999 -9999 -9999 -9999 -9999 -9999 -9999 -9999 -9999 -9999 -9999 -9999 -9999 -9999 -9999 -9999 -9999 -9999 -9999 -9999 -9999 -9999 -9999 -9999 -9999 -9999 -9999 -9999 -9999 -9999 -9999 -9999 -9999 -9999 -9999 -9999 12.297353 -9999 -9999 -9999 -9999 -9999 -9999 -9999 -9999 -9999 -9999 -9999 -9999 -9999 -9999 -9999 -9999 -9999 -9999 -9999 -9999 -9999 -9999 -9999 -9999 -9999 -9999
-9999 -9999 -9999 -9999 -9999 -9999 -9999 -9999 -9999 -9999 -9999 -9999 -9999 -9999 -9999 -9999 -9999 -9999 -9999 -9999 -9999 -9999 -9999 -9999 -9999 -9999 -9999 -9999 -9999 -9999 -9999 -9999 -9999 -9999 -9999 -9999 -9999 -9999 -9999 -9999 -9999 -9999 -9999 -9999 -9999 -9999 -9999 -9999 -9999 -9999 -9999 -9999 -9999 -9999 -9999 -9999 -9999 -9999 -9999 -9999 -9999 -9999 -9999 -9999
-9999 -9999 -9999 -9999 -9999 -9999 -9999 -9999 -9999 -9999 -9999 -9999 -9999 -9999 -9999 -9999 5.780093737 -9999 -9999 -9999 -9999 -9999 -9999 -9999 -9999 -9999 -9999 -9999 -9999 -9999 -9999 -9999 -9999 -9999 -9999 -9999 12.17716321 -9999 -9999 -9999 -9999 -9999 -9999 -9999 -9999 -9999 -9999 -9999 -9999 -9999 -9999 -9999 -9999 -9999 -9999 -9999 -9999 -9999 -9999 -9999 -9999 -9999 -9999 -9999
-9999 -9999 -9999 -9999 -9999 -9999 -9999 -9999 -9999 -9999 -9999 -9999 -9999 -9999 6.910625408 7.828415944 7.913651342 -9999 -9999 -9999 -9999 -9999 -9999 -9999 -9999 -9999 -9999 -9999 -9999 -9999 -9999 -9999 -9999 -9999 -9999 -9999 -9999 -9999 -9999 -9999 -9999 -9999 -9999 -9999 -9999 -9999 -9999 -9999 -9999 -9999 -9999 -9999 -9999 -9999 -9999 -9999 -9999 -9999 -9999 -9999 -9999 -9999 -9999 -9999
-9999 -9999 -9999 -9999 -9999 -9999 -9999 -9999 -9999 -9999 2.678106663 3.796000317 5.406726012 7.104248227 8.87848859 9.985074446 -9999 -9999 12.27013213 12.88244207 13.34999612 13.16970609 12.60395465 -9999 -9999 -9999 -9999 -9999 -9999 -9999 -9999 -9999 -9999 -9999 -9999 -9999 -9999 -9999 -9999 -9999 -9999 -9999 -9999 -9999 -9999 -9999 -9999 -9999 -9999 -9999 -9999 -9999 -9999 -9999 -9999 -9999 -9999 -9999 -9999 -9999 -9999 -9999 -9999 -9999
-9999 -9999 -9999 -9999 -9999 -9999 -9999 -9999 -9999 1.855539604 2.80777646 4.282618995 6.609813865 7.705375889 9.667813145 11.22362945 12.37253087 14.20280649 14.74800957 15.85361723 16.17799846 16.13774763 16.10660288 14.01562662 -9999 -9999 -9999 -9999 -9999 -9999 -9999 -9999 -9999 -9999 -9999 -9999 -9999 -9999 -9999 -9999 -9999 -9999 -9999 -9999 -9999 -9999 -9999 -9999 -9999 -9999 -9999 -9999 -9999 -9999 -9999 -9999 -9999 -9999 -9999 -9999 -9999 -9999 -9999 -9999
-9999 -9999 -9999 -9999 -9999 -9999 -9999 -9999 -9999 1.613437176 2.455959258 3.684494312 5.241677543 6.950042254 8.82455478 10.52844827 11.90849065 13.43831117 14.69819408 15.96119917 16.58134813 16.3854924 15.60391539 14.42703365 12.96596263 12.03188775 11.25221299 10.4756996 10.54447953 10.47598055 10.99269581 11.95434101 12.99720984 13.80457454 14.52291044 -9999 -9999 -9999 -9999 -9999 -9999 -9999 -9999 -9999 -9999 -9999 -9999 -9999 -9999 -9999 -9999 -9999 -9999 -9999 -9999 -9999 -9999 -9999 -9999 -9999 -9999 -9999 -9999 -9999
-9999 -9999 -9999 -9999 -9999 -9999 -9999 -9999 -9999 1.291784739 1.930304476 2.762274456 3.918841512 5.794088637 7.677765791 9.423523243 11.01284429 12.22904942 13.51111457 14.04807286 14.14369875 13.58652219 12.55599439 12.00599596 11.39760648 11.08469307 11.05715047 10.92792018 11.42412725 11.76635325 12.28935525 13.43147788 14.44134688 15.25520274 15.93956854 16.49851758 16.21154206 -9999 -9999 -9999 -9999 -9999 -9999 -9999 -9999 -9999 -9999 -9999 -9999 -9999 -9999 -9999 -9999 -9999 -9999 -9999 -9999 -9999 -9999 -9999 -9999 -9999 -9999 -9999
12.8963637 10.79353997 9.70394065 7.021091782 -9999 -9999 -9999 -9999 1.192314695 1.260291645 1.608783428 2.201505914 3.157800361 5.058738174 7.030049288 9.115898742 11.00510094 12.10790322 13.22466884 13.27587519 12.59021664 11.26989961 9.303014269 8.597228514 7.840848679 7.898683731 8.864023448 9.69554547 11.14895448 12.27847163 13.36957057 14.43411432 15.60324745 16.52150589 17.63084803 18.41078332 18.35549606 18.0204806 -9999 -9999 -9999 -9999 -9999 -9999 -9999 -9999 -9999 -9999 -9999 -9999 -9999 -9999 -9999 -9999 -9999 -9999 -9999 -9999 -9999 -9999 -9999 -9999 -9999 -9999
12.12471159 -9999 -9999 7.604515612 5.620027407 4.081337842 2.741856974 1.879920958 1.538094599 1.428098525 1.608917861 2.035933111 2.874922226 5.117702794 7.511075823 9.861525651 12.15238219 13.31183529 13.90934316 13.17876204 11.90107156 9.896904035 7.640321702 6.793624589 6.109538103 6.294412471 7.458591704 8.390629041 10.28756044 12.2016418 14.06389534 15.90980846 17.25609037 18.53151606 19.69094241 20.90350704 21.70446975 21.74733624 -9999 -9999 -9999 -9999 -9999 -9999 -9999 -9999 -9999 -9999 -9999 -9999 -9999 -9999 -9999 -9999 -9999 -9999 -9999 -9999 -9999 -9999 -9999 -9999 -9999 -9999
-9999 -9999 -9999 6.530881954 5.818830447 4.877190758 3.82483085 2.649943466 2.199984767 1.889756065 2.002546854 2.463471468 3.546085583 6.509582348 9.380330906 12.35100746 15.34312108 16.03753831 15.23524152 13.51237272 11.17343393 8.954505928 7.283188899 6.302605408 5.895675991 6.260950035 7.099137767 8.463837032 10.42096661 12.09798748 14.35917566 16.48900064 18.1793474 20.18619392 21.75756929 23.03057982 24.58635701 25.85830341 25.27422732 24.7111304 22.93597416 -9999 -9999 -9999 -9999 -9999 -9999 -9999 -9999 -9999 -9999 -9999 -9999 -9999 -9999 -9999 -9999 -9999 -9999 -9999 -9999 -9999 -9999 -9999
-9999 -9999 -9999 5.767242022 6.185739658 5.874727736 5.032879217 3.806178399 3.372907799 2.961299713 3.254508041 4.104109568 5.849296741 9.62292716 13.64330213 16.91907456 19.41326821 19.26259331 16.41846353 12.59498614 9.424358579 7.381773053 6.56544844 5.922642502 5.766594457 6.282923898 7.358604323 9.035423581 11.25313069 13.68727675 16.08283807 18.57949407 20.35131725 22.74339092 24.1715654 25.9394812 28.36926194 30.19014149 30.56315435 30.21241177 29.06229727 25.83925123 -9999 -9999 -9999 -9999 -9999 -9999 -9999 -9999 -9999 -9999 -9999 -9999 -9999 -9999 -9999 -9999 -9999 -9999 -9999 -9999 -9999 -9999
-9999 -9999 -9999 -9999 6.75866696 6.866891376 7.068007479 5.762133556 5.260773482 4.737344021 4.994112444 6.679657614 9.70993597 13.99887872 19.39871249 22.4272621 23.44619758 22.99783933 16.62001398 10.02031756 6.557918627 5.848551056 5.697639932 5.679224775 5.576663838 6.264490208 7.844250085 9.838049149 12.73438428 16.15851491 19.01349423 21.67773897 23.97300107 25.87663347 27.59362617 29.01298867 31.42734613 33.16075871 34.39820171 35.26513111 34.60348381 31.90431271 29.3560775 -9999 -9999 -9999 -9999 -9999 -9999 -9999 -9999 -9999 -9999 -9999 -9999 -9999 -9999 -9999 -9999 -9999 -9999 -9999 -9999 -9999
-9999 -9999 -9999 -9999 -9999 11.3917087 10.91599641 9.01882497 8.515746368 7.829824074 7.913637 9.554767755 12.88336617 17.65365096 23.01428931 24.8504015 23.64826673 20.76697675 14.33048892 8.227806351 5.326725443 5.150101244 5.584008075 5.788891972 5.823869542 6.617887067 8.383096025 10.77118275 13.81908957 17.72939651 20.92292694 24.47011913 26.76085681 28.74213897 30.84361724 31.97407453 34.13054648 36.17413466 38.54057202 39.73030463 40.2213483 38.91565814 36.21482255 30.80734302 -9999 -9999 -9999 -9999 -9999 -9999 -9999 -9999 -9999 -9999 -9999 -9999 -9999 -9999 -9999 -9999 -9999 -9999 -9999 -9999
-9999 -9999 -9999 -9999 -9999 18.5875096 17.9975219 14.12598016 12.61632976 12.22622367 11.85456301 12.74665403 14.91204773 19.48649856 24.5175862 24.80002369 20.66595017 15.54981624 11.21137911 6.85380753 5.088812485 5.693479755 6.039893608 6.712982339 6.487145477 7.25592673 9.39852476 11.66609327 14.63942378 18.17276116 21.81499825 25.81669795 29.01422643 30.45556414 32.09328593 33.95804445 36.42521777 38.90589191 41.4245605 44.18698173 45.16278316 44.22501891 42.50452083 37.6517392 29.38332412 -9999 -9999 -9999 -9999 -9999 -9999 -9999 -9999 -9999 -9999 -9999 -9999 -9999 -9999 -9999 -9999 -9999 -9999 -9999
-9999 -9999 -9999 -9999 -9999 35.35955363 30.01058394 22.19598153 18.66058052 17.04997261 15.75370028 15.60541177 16.93163326 19.42240237 21.52013785 20.50249398 16.48604171 12.13916328 9.15506538 6.753833335 6.399742368 7.7159298 8.436213439 8.990071791 8.691840334 9.074840387 10.8562291 12.66156307 15.12438474 18.22834713 22.24020464 26.00843901 29.4959787 31.11702692 32.00179348 32.98126747 35.45301198 38.91966744 43.29852591 46.75002106 48.92704172 48.96876348 47.3684754 43.99388605 36.69636289 29.48841954 23.13003313 18.62317812 16.41607894 14.87768885 14.26162265 13.55638496 -9999 -9999 -9999 -9999 -9999 -9999 -9999 -9999 -9999 -9999 -9999 -9999
-9999 -9999 -9999 -9999 -9999 60.05881828 46.42687769 31.22267359 24.6032828 21.67761039 19.33535271 18.25559419 18.4053742 18.51617983 17.90216155 16.01304163 13.15552263 9.714002389 8.965476626 8.119310213 9.268600682 11.32102624 11.81554076 12.88427386 12.07280965 11.81175465 13.1205308 13.97434771 15.85992947 18.30882414 21.57511089 25.788644 28.56988123 29.80084402 30.54474268 30.814793 32.09838119 34.58086632 40.34230865 46.57001635 49.88891456 50.12607927 49.24852046 44.47960802 39.87970502 35.39653659 28.38491783 24.25999297 20.66046103 18.94878414 18.1748513 17.08791781 16.86596896 14.93238777 12.81936401 -9999 -9999 -9999 -9999 -9999 -9999 -9999 -9999 -9999
-9999 -9999 -9999 -9999 -9999 87.14022098 64.14977706 41.7022805 29.416232 24.46712199 21.18332394 19.79274265 19.32883609 18.04836931 16.01557201 14.18705442 12.47657886 11.00490974 11.48801562 12.22188685 14.98560065 18.66354702 20.2491952 20.55120613 18.58302009 16.6790682 16.15949393 15.46936615 15.9741276 17.95486748 20.29635243 23.30432562 26.16410871 26.50617458 26.60856852 26.80567567 27.07726028 30.26174827 35.60439763 41.26852912 45.02845663 46.20026002 45.66980562 43.22509261 39.73912912 37.80124878 31.06318033 25.51886445 22.16100422 20.02299218 19.14923709 18.6264735 18.34246202 17.31517718 15.63339413 13.67608261 -9999 -9999 -9999 -9999 -9999 -9999 -9999 -9999
-9999 -9999 -9999 -9999 -9999 115.3137998 79.11905197 46.12507749 32.47698305 25.86090918 22.08882341 21.42242525 20.61147335 18.49112302 15.74034453 14.11470064 13.59373725 13.5188484 16.37790417 18.70908936 23.46241115 29.2945236 31.7077964 30.91039219 26.97705904 22.80300197 19.5153877 16.22707036 15.07223365 16.40732727 17.53257674 19.226013 22.33803855 21.76497624 21.95226738 21.54575619 21.12509192 22.82288874 28.25163719 35.43246624 39.17167735 40.89559326 41.80217219 39.984088 38.21254397 37.61120991 30.12080457 24.31328886 21.4783686 18.99007424 18.3680808 18.87272141 19.29678628 18.92576682 18.61971787 16.5949289 12.8588586 9.369960669 -9999 -9999 -9999 -9999 -9999 -9999
-9999 -9999 -9999 -9999 -9999 122.0735424 84.18187425 52.22542013 34.2764523 27.14721914 23.40453796 22.93768586 22.87303597 20.5738427 17.40746273 16.67250616 17.9374752 20.24509348 24.63298266 29.83050158 36.97973522 44.80455605 48.52495483 45.82546746 38.94813476 31.04038645 23.23923509 16.72912299 13.73897085 12.83775505 12.60744247 13.47084065 14.30390715 15.05765792 15.26902035 15.09884319 14.70233349 15.17025457 18.98794138 23.25282198 27.77395878 30.66425431 31.86760172 33.28704307 34.23258971 35.45945949 28.51863792 22.76332698 19.5661805 17.5014538 17.04025695 17.75663863 18.75184163 19.59111068 19.80056684 17.90861159 14.1047536 10.50130941 -9999 -9999 -9999 -9999 -9999 -9999
-9999 -9999 -9999 -9999 -9999 120.2561992 81.40791277 49.37845184 34.84952654 27.60909087 24.2805665 24.96679772 26.00878845 23.68483829 20.75855784 21.04670964 24.3543354 28.11737991 35.71693197 43.57035695 53.14515123 63.61507827 69.87558825 63.22262688 52.77547334 40.92366269 28.35025692 16.99810188 13.50520538 10.71827055 9.273045309 9.350079097 8.163429582 9.848838886 10.11392258 10.08902278 10.03180575 8.94865869 12.90970112 15.06435132 18.94506915 23.12711378 24.35298632 28.38755074 31.09348798 33.35092391 25.50239634 20.08483163 17.06912892 15.30121244 15.11152767 16.0483472 17.66236379 19.35697052 20.30215887 19.01004089 15.20777995 11.26237705 -9999 -9999 -9999 -9999 -9999 -9999
-9999 -9999 -9999 -9999 -9999 104.1334623 74.66092054 50.40907909 36.60057703 29.54631775 25.97429805 26.8268577 28.03716804 28.31733573 28.21535749 30.5235304 35.01863393 41.28949597 50.1627344 60.58782895 72.15332045 83.74244293 88.82889588 81.35643929 67.54558663 51.47957934 35.3759354 23.42653429 16.30688381 12.47543509 10.05313128 8.987759249 8.26813273 8.556682151 8.577550415 8.823319735 9.494841715 10.02926625 12.74563786 15.39803684 18.80819927 21.8642527 24.10347608 27.31094865 29.822189 31.13531194 23.54457261 18.06362078 15.11054996 13.38801587 13.31065129 14.49050462 16.28946459 18.34486863 19.90700508 19.17807843 15.86649156 12.14756632 -9999 -9999 -9999 -9999 -9999 -9999
-9999 -9999 -9999 150.2928626 117.2795318 90.76994516 71.53993055 51.73360983 41.2804503 33.33771832 28.80961677 29.59168832 31.55623989 34.06335315 36.9177416 41.40950754 47.74900115 55.50916991 66.80390225 79.06698918 92.24145075 104.7838769 110.4992488 99.48657854 81.52021618 62.14526588 43.08831441 28.81486618 19.96181444 15.44514596 12.30139448 10.59632121 9.501048047 9.303246085 9.217364688 9.698785468 10.99065373 12.55897793 15.49766615 18.71332959 21.39248186 23.67131132 25.60768788 28.32198025 30.25906729 28.28083718 20.71589667 15.53203288 13.0447113 11.52130828 11.67647436 13.06858804 15.03528476 17.29411167 19.51427867 19.47457954 16.58907223 13.16350189 9.287156368 -9999 -9999 -9999 -9999 -9999
-9999 -9999 151.7636108 130.2661933 108.9120178 87.73051232 75.55809593 65.80455829 52.79952307 40.81652697 35.050091 35.15199959 37.41034572 42.5314256 48.52128523 55.17243652 63.11183412 72.83027959 85.44110802 99.40430935 112.7160883 124.2401944 126.9680018 113.8650643 92.46371958 69.75290045 49.34593854 33.64682399 24.23063785 19.10568724 15.57608296 13.69851186 12.55793767 11.97525453 11.71088248 12.46429488 14.36682748 16.79994157 20.23112613 23.8031086 25.99808062 27.92800963 29.37947068 31.25604426 32.58387318 25.75525031 18.6944807 13.82472376 11.55649699 10.43882064 10.76400869 12.28856224 14.40813487 16.85161772 19.04965594 19.44399216 17.64583552 14.71212713 10.45746986 7.000857213 -9999 -9999 -9999 -9999
-9999 -9999 125.1205074 100.3816813 84.45376402 86.46521149 83.91687652 80.50231141 65.61376424 50.90622045 44.02782439 44.62346013 47.23164486 54.18079008 61.50282212 69.75204849 79.52235717 91.18656728 105.6770999 120.3905274 133.6034801 138.1510044 139.7392555 128.1076734 102.8326056 78.12563364 56.39712782 38.52005863 28.81042756 23.24061286 19.36542324 17.56860387 16.1357214 15.54774177 15.27531627 16.18830536 18.66387275 21.51249327 25.50590987 29.48337116 31.52868217 33.23435406 34.07554959 35.57664695 31.5145031 23.03956291 16.22887315 12.11474782 10.5224048 9.796290718 10.44745259 12.21293386 14.38960396 16.83963465 19.1803036 19.97798767 18.5315293 16.31293461 11.96266981 8.196242906 -9999 -9999 -9999 -9999
157.2147625 128.0537375 99.22759954 86.24256754 75.59768401 80.9314179 88.71128917 88.92622079 80.16032516 63.70033811 57.41756309 60.57513954 66.29475236 71.14496729 76.01375127 84.59531611 97.69371469 112.0216456 126.8043239 134.4291051 132.8430789 129.8974677 125.9705616 118.71939 110.9974711 87.21974208 64.01644384 45.94038427 35.12447798 28.28715374 24.03910007 22.39037522 21.17951944 20.89616468 20.30060885 21.76768808 24.88351694 27.76011394 32.37923814 35.91850006 38.29481801 40.39706434 40.28042659 35.09903849 28.78781748 20.46298732 15.06875007 11.48098836 10.25830633 10.04357525 10.94614054 12.88156877 15.28568973 17.58485743 19.77893014 20.55012798 19.37926917 17.31812331 13.30703263 9.580900366 -9999 -9999 -9999 -9999
135.2553758 103.2421712 76.93564515 67.81733302 63.23080958 76.41502139 81.52445694 85.35003161 91.37485535 80.6794068 75.03849202 80.47127007 87.69223639 91.90616816 95.38586673 103.9837838 118.2499055 126.7944205 126.4498041 126.9530671 124.7968114 119.4163248 115.5166691 110.0317364 103.7879366 97.11545053 74.36893468 55.37526059 43.52568151 35.74700197 30.65062803 28.80288981 27.45552175 28.05248547 28.53939188 30.40185265 33.70647658 36.39390878 41.77123816 46.10189364 43.87074667 36.62997042 32.11302241 28.70264965 25.50496381 18.91131961 13.98878941 11.25115803 10.67648682 10.88732217 12.14436846 14.41068215 16.7272075 18.78296285 20.7452589 21.61184539 20.84983771 19.2601074 16.02067503 12.2789952 10.19972091 -9999 -9999 -9999
116.7721294 88.34523224 63.29643716 55.01615932 55.05644505 68.43108261 77.79941448 85.72819457 91.34858389 100.0987241 97.08720503 103.7410998 113.0260128 114.6555918 116.2600992 116.3913593 116.4381785 117.9239137 116.5258483 114.6888449 114.0306211 112.6216517 110.8711603 106.2245573 101.3787367 95.36590116 85.46414964 68.08391976 55.10174657 45.030488 39.69324576 37.9652184 36.74923082 38.72205656 39.71421675 42.70343383 46.91370338 50.22184518 48.73231159 41.56267101 36.36288815 31.49520056 27.62835185 24.69493732 22.2996748 17.43576264 13.74021548 11.66537277 11.60497489 12.51560099 14.00809846 16.25455687 18.57158929 20.42669429 21.84493128 22.85645826 22.64408907 21.64730057 19.41328807 17.24376132 15.04052788 12.54952478 10.46454419 -9999
