meets/meet004/data/CCSM_6k_neotropic_bio08.asc
NCOLS 154 
NROWS 168 
XLLCORNER -112 
YLLCORNER -55.5 
CELLSIZE 0.5 
NODATA_value -9999 
[rows 58 to 86 of 168, columns 64 to 127 of 154]
20.33425653 20.00464051 19.26959048 18.80514116 18.66903001 17.28739254 18.26503892 19.55529266 21.03986612 22.3492889 23.11536313 23.17350926 23.1037819 23.11135306 23.1862485 23.2191396 23.19768378 23.2392724 23.22371093 23.2433305 23.25582078 23.23933789 23.23446826 23.23619133 23.2483857 23.27693465 24.98300138 25.09988583 25.1935995 25.37091104 25.43905101 25.39979544 25.43505933 25.4028874 25.42387546 25.41800729 25.38497688 25.36966887 25.32701986 23.19942621 23.14727444 23.13242377 23.13156104 23.14377344 23.1255184 23.10087537 23.04362353 22.94540168 22.93921145 22.867507 22.78885467 22.71241855 22.64329485 22.73994867 22.90060069 23.09422377 23.32853471 23.54622152 23.73164436 23.85990589 24.11044268 24.42354014 24.67549384 -9999
20.33222483 20.12626036 19.56010248 19.12730021 18.85552732 17.57311953 18.77123824 20.19255051 21.441066 22.49005666 23.14932021 23.18959197 23.13709807 23.19159433 23.23043663 23.26347901 23.27643371 23.27991559 23.29287939 23.3091328 23.30876605 23.30261453 23.3068513 23.3069326 23.31246773 23.34619989 23.37236494 25.11446916 25.24253041 25.34362891 25.41718973 25.442661 25.42886069 25.46609043 25.48247203 25.50036156 25.53116645 25.54199893 23.44866023 23.38727053 23.35353024 23.33912512 23.35920345 23.35518985 23.37789664 23.31114981 23.20999114 23.09589056 23.04610418 22.9411272 22.86917457 22.79692533 22.73629884 22.83500352 23.01687051 23.18480091 23.36041363 23.54439742 23.65832598 23.76639413 23.89851204 24.02721494 24.11281972 24.21303899
20.52890608 19.71526243 20.16587061 19.67079979 17.52825711 18.0313826 19.21897547 20.58955731 21.70987858 22.57754052 23.14832493 23.21248768 23.16179722 23.20710483 23.24522528 23.27748701 23.28931878 23.30135307 23.31188132 23.32727903 23.34133297 23.34514194 23.35871171 23.36804008 23.38393364 23.41026489 23.43172559 23.46528048 25.25045979 25.32935919 25.39610851 25.43865736 25.46964338 25.51938987 25.56214628 25.6144816 25.67144326 23.63466378 23.5851804 23.54478675 23.51713629 23.49943809 23.51674763 23.53378414 23.56496874 23.54577731 23.47695789 23.38889108 23.31401863 23.22285741 23.12663921 23.03760819 22.98382623 23.02398839 23.12815402 23.23244556 23.35200441 23.49087692 23.59966046 23.68148664 23.75995338 23.80591166 23.78680785 23.78685374
20.75402935 20.09278089 19.51702632 18.98675661 18.72786861 18.5133067 19.64202097 20.90488551 21.9078408 22.65633421 23.14381502 23.20968973 23.19565017 23.78811668 23.8291574 23.85779068 23.86063364 23.86187788 23.87090048 23.33831443 23.35631401 23.3752804 23.39586228 23.41755275 23.4466905 23.47326887 23.49016597 23.53177086 23.56026893 25.36679205 25.43387042 25.48871399 25.54988116 25.61271189 25.67151181 25.74918231 23.73524257 23.74275715 23.69525548 23.66790896 23.64360402 23.62093149 23.63355288 23.63907701 23.69308346 23.67785521 23.65224211 23.67103266 23.526833 23.50993913 23.42247023 23.27006771 23.27313442 23.17854235 23.19002151 23.23516747 23.30239251 23.40970665 23.49919764 23.60125352 23.63491417 23.62536065 23.61368429 23.5430348
20.9473083 20.3979821 20.00392094 19.5386177 19.36555032 19.78847116 20.74033064 21.84080573 22.70966393 23.34273845 23.77559703 23.84716537 23.81684612 23.86379997 23.90004789 23.92368291 23.92504565 23.9230594 23.92425656 23.93144394 23.37160234 23.3970216 23.42715258 23.44507055 23.46751084 23.4940524 23.51404963 23.54929677 23.57592881 23.61090307 23.64781812 23.6758063 25.63323866 25.70197347 25.77674956 23.7612786 23.76459521 23.76816306 23.74107418 23.72507102 23.70619715 23.68584168 23.6926898 23.6953798 23.72213376 23.7093255 23.67532585 23.65407094 23.56784846 23.52198248 23.43342477 23.32252339 23.27791555 23.2078992 23.20324124 23.21196548 23.23560245 23.30446361 23.37609969 23.45136656 23.47778229 23.45362284 23.40925927 23.35269463
20.97119415 20.5782303 20.39617286 20.0225146 19.88394286 20.31525264 21.2066668 22.1807065 22.95438943 23.51232068 23.87325058 23.91608804 23.89807508 23.93829767 23.9692908 23.98650839 23.9839189 23.98407662 23.9804107 23.98175768 23.98887567 23.41498224 23.45478703 23.4568309 23.46289551 23.48357972 23.50447967 23.5398291 23.56689927 23.6096657 23.65102666 23.68331198 23.72919005 23.7476322 23.7668478 23.77876611 23.77358325 23.76179914 23.75164237 23.99005266 23.98128024 23.97595544 23.98077678 23.98358047 23.98457101 23.95304066 23.57753253 23.50289526 23.42222226 23.34001122 23.26030089 23.19813456 23.14462835 23.11443774 23.1369285 23.13204345 23.12352152 23.16387455 23.21314203 23.27642216 23.28983078 23.25419692 23.20127743 23.15001657
20.67039607 20.35745903 20.29833107 20.19233857 20.33747928 20.84556059 21.68823794 22.58170385 23.22815513 23.65504201 23.96163748 24.01983223 23.99790412 24.01705442 24.02154477 24.02992113 24.03536284 24.03838903 24.03885686 24.03792899 24.03757498 23.41608322 23.43480615 23.44022195 23.44506998 23.46025613 23.47552112 23.50114893 23.52699696 23.56296928 23.61045648 23.66045078 23.7110869 23.73975591 23.75972742 24.04831409 24.04644383 24.04365675 24.02987819 24.01858534 24.00930769 24.00767341 24.00224422 23.99021395 23.95653632 23.889898 23.8040951 23.69263859 23.24836716 23.1575719 23.07303893 23.02086997 22.98316393 22.96092497 22.95752527 22.95141799 22.94868181 22.97152615 23.02239356 23.07847122 23.09806351 23.08406883 23.03867717 22.98734819
20.30012767 20.21086035 20.07617772 20.3563876 20.73151759 21.32633839 22.14860996 23.04794699 23.57551153 23.85685671 24.07470581 24.11515426 24.10902815 24.10591734 24.08008985 24.07738444 24.09178379 24.09370351 24.09797031 24.09522063 24.08449742 23.40992681 23.41123485 23.42471205 23.42535935 23.43570894 23.44516812 23.45517957 23.48466197 23.50660363 23.55577356 23.623435 24.03807105 24.04602976 24.05634639 24.06523492 24.07358299 24.08577505 24.0581574 24.03875514 24.02509034 24.02241516 24.01883408 23.98328771 23.92970733 23.84256915 23.72139664 23.56800846 23.48235623 23.36846293 23.28259574 22.86330312 22.80843875 22.77913103 22.75854277 22.74704604 22.7530341 22.75472385 22.82495179 22.8850093 22.904594 22.90514572 22.90212991 22.85684715
20.3993283 20.25189536 20.47348427 20.56158257 21.02769478 21.64018409 22.4271141 23.33057597 23.7346231 24.0099487 24.22000519 24.21986873 24.20582407 24.18788094 24.16545502 24.15409388 24.15017519 24.15887537 24.14974378 24.14086824 24.12464842 24.10150693 23.40946772 23.41138108 23.41554158 23.42474135 23.43136177 23.44112689 23.45881054 23.48277999 23.95407117 23.98640833 24.01718139 24.03935129 24.05666189 24.07034075 24.07907374 24.08343561 24.06603222 24.0483366 24.02982257 24.0199677 23.99952973 23.95664346 23.89075087 23.79207243 23.68478219 23.55288159 23.43280231 23.3087576 23.20411867 23.145625 23.08381238 23.05526679 23.02512166 23.01843973 22.58431998 22.60274958 22.64673537 22.68232198 22.7263117 22.76543538 22.7632136 22.78328812
20.61097529 20.42736314 20.54578317 20.28502356 20.71747839 21.29284306 22.01346428 23.29673182 23.6555087 24.05193245 24.31759743 24.27574835 24.27611793 24.20575478 24.2031978 24.18780664 24.16598459 24.19333577 24.16219242 24.16115205 24.148703 24.12190777 24.10642645 24.07929525 23.40977032 23.42151086 23.42540624 23.97488924 23.96614402 23.9580277 23.96502613 23.98594615 24.00317453 24.02485296 24.0470926 24.06008426 24.06678448 24.07289111 24.05389183 24.03857149 24.01882133 24.00303712 23.97910844 23.91945355 23.84824411 23.75599863 23.65830985 23.55024289 23.42484982 23.29345868 23.17591591 23.09558043 23.00061653 22.95594314 22.91737515 22.89470474 22.90786243 22.92093694 22.96434035 22.99842729 23.08120535 23.19465887 22.70863011 22.80242636
21.14492768 20.25788292 19.64208821 20.78437621 19.14934858 19.6301829 20.61942459 21.85680237 23.0119985 23.98860604 24.50146785 24.37494541 24.15299363 24.14536405 24.16043972 24.1509103 24.12801178 24.10351206 24.12582974 24.14647331 24.14856612 24.13672018 24.1142118 24.11005908 24.0973567 24.07713755 24.05275973 24.02298958 24.00860756 23.99614164 23.99268842 23.99747745 24.00381177 24.01434249 24.02270857 24.02871157 24.03258142 24.02892888 24.01856509 24.00376792 23.98222157 23.96726896 23.93360519 23.87153921 23.79771298 23.70504048 23.62287002 23.53497436 23.42209375 23.32135954 23.19674549 23.07649932 22.9800906 22.89300138 22.83309 22.80249056 22.81095305 22.81613634 22.84453142 22.86460182 23.00219921 23.24370027 23.39620848 23.44719734
21.4789987 19.9898692 18.6439434 19.23123689 18.60649904 19.01564475 18.97620591 20.43003811 22.29826582 23.93959778 24.69164724 24.4455028 24.05998843 24.07353385 24.14211252 24.14182947 24.10083635 24.03967597 24.08665688 24.13626308 24.15195137 24.14915017 24.13117696 24.14495697 24.15228638 24.13938658 24.11240528 24.07707238 24.05540984 24.03730333 24.0254095 24.0165394 24.00969877 24.00890146 24.00301834 24.00107865 24.00023261 23.99049368 23.98186662 23.96649932 23.9443459 23.93196822 23.89135613 23.81827926 23.73584568 23.64654096 23.57006296 23.48866641 23.37953989 23.3032587 23.17587199 23.03666979 22.92820879 22.8272017 22.75892308 22.72571464 22.73674035 22.76113849 22.79851274 22.83125262 23.0116101 23.35952489 23.61562505 23.62709588
21.54701233 19.79300365 18.03318282 17.97009811 17.12901026 17.3984748 17.55155231 19.36481867 21.72892648 23.92469626 24.96961317 24.6097154 24.06056948 24.07817464 24.23127102 24.2442146 24.15294616 24.06776468 24.10068265 24.15767999 24.1827226 24.18295223 24.17421111 24.20735043 24.2329774 24.22569795 24.18949952 24.13956217 24.1141985 24.08607616 24.06203587 24.04746927 24.02653474 24.01570605 23.99928372 23.98693074 23.98234912 23.96758324 23.95720697 23.93816019 23.91151545 23.89536254 23.8496225 23.77305675 23.68088519 23.56518541 23.4604174 23.36801018 23.25230754 23.1660576 23.04669157 22.9158006 22.81861461 22.73649185 22.69198728 22.68825475 22.71974142 22.7666283 22.86603317 22.97758382 23.21212725 23.5474022 23.77440818 23.83528775
21.68630302 19.83890364 17.74382647 16.17446929 15.89125978 16.03699836 16.41220248 18.391242 21.2154465 23.89561011 25.10717807 24.64630911 24.04487411 24.12086953 24.34008862 24.36199596 24.22798641 24.11037306 24.13375572 24.19980382 24.22443892 24.22134404 24.22388584 24.26817695 24.31654376 24.31334211 24.26616763 24.21012831 24.1744672 24.14138881 24.11198955 24.08669584 24.05813591 24.03783899 24.01223167 23.99580185 23.987575 23.96442144 23.94924543 23.92252332 23.89046421 23.87325004 23.82018074 23.73673859 23.62910631 23.47519829 23.31850348 23.16882281 23.01798691 22.93803816 22.83691223 22.73963133 22.68543806 22.65744012 22.65219441 22.68594751 22.73275135 22.84160929 23.03629094 23.24475623 23.49796776 23.78892858 23.99720968 24.05360876
-9999 20.261201 18.27295099 16.03993124 14.22821575 14.79886633 15.39665881 17.64481786 20.64233339 23.52793943 24.96936189 24.62597163 24.08182704 24.16325421 24.42081515 24.45891637 24.30235354 24.17030711 24.1791661 24.24266044 24.27091291 24.26866994 24.27457837 24.33658635 24.39740571 24.40014482 24.3530245 24.28989399 24.25026499 24.21527854 24.1718582 24.13889674 24.10345988 24.07080022 24.04786164 24.02033542 24.0025541 23.98643404 23.95000309 23.91475989 23.87404834 23.84758005 23.7989822 23.72054713 23.60502667 23.40744401 23.14654941 22.87658883 22.76608046 22.65012893 22.58040723 22.58189165 22.56037594 22.60967575 22.66195359 22.74184672 22.79598563 22.94315367 23.25154051 23.63413782 23.92058849 24.06943254 24.18472969 24.25953628
-9999 -9999 18.89920147 16.30514595 13.944437 13.50367506 14.7649546 16.99263463 20.01818395 22.97902461 24.51573701 24.37712649 24.0361013 24.18406664 24.44581425 24.48592186 24.33927477 24.21859732 24.22314867 24.2828267 24.31008475 24.31096045 24.32911117 24.39525302 24.46602203 24.47377991 24.42405382 24.36610484 24.3209451 24.28258209 24.2356423 24.18639172 24.1413875 24.09591076 24.06436341 24.03166854 24.00958975 23.9873476 23.94063016 23.89779548 23.84907358 23.82152709 23.76624324 23.68571918 23.56265925 23.34506054 23.05598767 22.76142506 22.65408127 22.55581107 22.50522177 22.54145928 22.54258894 22.61838031 22.70317854 22.79632058 22.85758367 23.03461413 23.41304705 23.88726006 24.19237289 24.28662687 24.37472714 24.44800264
-9999 -9999 -9999 16.86704091 14.20941133 13.40543374 14.40306808 16.43070128 19.17308195 22.1239555 23.80212324 23.90897182 23.97238867 24.17936824 24.36651161 24.45960685 24.35146311 24.27268971 24.27468795 24.31066774 24.34289645 24.36295868 24.39416606 24.45480251 24.50951432 24.514689 24.48135558 24.4331133 24.37346389 24.33251436 24.26399865 24.200938 24.14853733 24.07677465 24.04098533 23.9973451 23.96704002 23.95113411 23.90288705 23.86335414 23.81580925 23.77843549 23.71668518 23.630056 23.50417189 23.31048881 23.0789233 22.84994884 22.74251158 22.68083309 22.64441781 22.64621168 22.65775606 22.71854981 22.75904642 22.86258436 22.93347188 23.09868095 23.54284951 23.98237432 24.29103902 24.45113286 24.54237411 24.55201282
-9999 -9999 -9999 17.43544549 14.72966275 13.70271675 14.24199223 15.90583964 18.25570571 20.91996155 22.67847658 23.30319876 23.68001909 24.03574466 24.28477017 24.43162981 24.37436189 24.33051788 24.33739461 24.36471717 24.39627162 24.42369147 24.45829624 24.50591042 24.53763575 24.52614467 24.47940914 24.41931394 24.36412775 24.30662435 24.21918191 24.12466365 24.03892574 23.96558438 23.92239642 23.87982363 23.856037 23.84219098 23.82246813 23.80310568 23.76920246 23.73903773 23.67775691 23.5922291 23.48126418 23.33256354 23.17073128 23.0181298 22.94008767 22.89339753 22.85560959 22.84481272 22.83688468 22.86198541 22.89262599 22.98939084 23.08410941 23.27466196 23.68881953 24.1013175 24.38244129 24.50693394 24.55345595 24.53846615
-9999 -9999 -9999 18.03246675 15.36438666 14.10645881 14.31380567 15.20557268 17.01322911 19.41032587 21.11293968 22.03849369 23.25608455 23.68817805 24.03901268 24.36540837 24.33398689 24.39279339 24.38679128 24.4094551 24.46471524 24.49749805 24.53623579 24.59141176 24.57657853 24.54952914 24.49199024 24.37040459 24.35874157 24.27283989 24.1663427 24.06004522 23.86846817 23.86278653 23.78829695 23.73615359 23.76028272 23.69785687 23.71509251 23.74197519 23.71737307 23.68948993 23.64629826 23.55548615 23.46738999 23.37399369 23.28275862 23.22327776 23.14113997 23.10822663 23.08059046 23.04579386 23.06693279 23.07743905 23.08550107 23.20508038 23.35090589 23.54341072 23.9397916 24.30196726 24.50198776 24.54833468 24.48447209 24.44412731
-9999 -9999 -9999 -9999 16.31214902 14.95172624 14.55231122 14.89185299 15.77489434 17.29638446 18.80487127 20.16397388 21.7022973 22.79179752 23.66971617 24.25441679 24.28199087 24.27528279 24.33536653 24.43278462 24.53555073 24.60811449 24.65906433 24.71311177 24.70635794 24.67082292 24.60010646 24.48552311 24.44316835 24.36347112 24.25423422 24.13793703 23.98203576 23.93884797 23.87540936 23.80426483 23.76046766 23.69142705 23.67255567 23.66168109 23.62897306 23.60408871 23.57660757 23.51682342 23.46318869 23.40164899 23.34677403 23.31846136 23.27859202 23.26945897 23.25533383 23.22221757 23.25692862 23.31129119 23.42263145 23.59106904 23.76608987 23.973783 24.26278321 24.51400893 24.63489751 24.60874089 24.47859567 24.34122992
-9999 -9999 -9999 -9999 17.44597494 15.9076597 15.05729211 14.47178062 14.13410028 14.65524617 15.71151651 17.29036304 19.56161922 21.22150955 22.97306008 24.077359 23.98109966 24.03294706 24.2669406 24.4452528 24.64110169 24.75259124 24.8311729 24.90741812 24.91280182 24.88207592 24.80578793 24.6963374 24.63198179 24.55657741 24.45018541 24.34805516 24.24050962 24.15937558 24.11428557 23.99407384 23.86147867 23.74747619 23.60948721 23.55714889 23.50107073 23.47680061 23.47833363 23.45136286 23.43194115 23.41313286 23.37119914 23.34131521 23.36260228 23.3814864 23.39127966 23.36237396 23.38083414 23.53427918 23.77396361 24.00260401 24.18471246 24.45888724 24.61780761 24.75397722 24.77650702 24.68553723 24.53930953 24.28956594
-9999 -9999 -9999 -9999 -9999 17.29528984 15.34342887 13.49643898 12.27866387 11.80914206 12.38287206 13.9076664 16.1846899 18.86163079 21.50203106 23.21736925 23.66593854 23.90127888 24.20581417 24.56850045 24.85881584 24.96934818 25.06546227 25.1338545 25.14602563 25.11902613 25.03692925 24.91920994 24.84461852 24.76093014 24.65339305 24.54587881 24.44915674 24.40538565 24.35053936 24.17406179 23.92276921 23.67830665 23.49732177 23.39460965 23.31822692 23.31112877 23.33092429 23.35456922 23.37547178 23.38302282 23.37350566 23.37864604 23.40878252 23.45427464 23.48593597 23.46987482 23.52050463 23.65563049 23.88589432 24.15009108 24.42074751 24.68491712 24.85326746 24.93615395 24.91306307 24.77102988 24.56636755 24.30352026
-9999 -9999 -9999 -9999 -9999 18.9653367 15.84071626 12.354003 11.01784507 9.450212447 9.300767518 10.86674976 12.31537182 16.01731583 19.70406064 21.95715315 22.70533406 23.53061408 24.03890722 24.58698382 25.12694196 25.21959018 25.32315962 25.50792699 25.41320312 25.39992376 25.28198884 25.15236918 25.08652635 24.98681171 24.86546254 24.71356598 24.59982345 24.54251691 24.56927705 24.33333767 23.95896467 23.55491392 23.39604779 23.24221697 23.14643169 23.17650034 23.17486257 23.25083027 23.312669 23.35865169 23.38476832 23.39771898 23.45972132 23.51889995 23.57654547 23.57534292 23.62532202 23.80530958 23.95170871 24.23207064 24.60448419 24.87520002 25.00551286 25.07214801 24.9907048 24.79844881 24.5900379 24.31891747
-9999 -9999 -9999 -9999 -9999 -9999 17.30784751 14.33822588 11.62841602 9.363890614 8.51913755 9.172802648 10.90367899 13.45267311 16.5477216 18.9223371 20.31274748 21.8799317 22.8430896 24.13177146 25.04135149 25.25684504 25.71562324 25.71228905 25.77076149 25.77010313 25.59392681 25.47419698 25.40179004 25.28359021 25.12403133 24.94709236 24.75557876 24.68416146 24.58940931 24.34393993 24.01834435 23.65318288 23.41556439 23.26228765 23.14955413 23.13751543 23.14593106 23.18900794 23.24474151 23.31117682 23.39243482 23.46027828 23.48877645 23.5148994 23.59260284 23.65814146 23.80769355 24.03931253 24.32228925 24.59459172 24.83645089 25.00302603 25.05329522 25.00777854 24.89659734 24.72133675 24.52456509 24.27834402
-9999 -9999 -9999 -9999 -9999 -9999 18.96909596 16.70430409 13.27811369 10.08410453 8.410476127 8.365956484 9.210132862 10.36399535 12.55492497 14.56467254 16.2496495 19.06930492 19.91370782 22.07679228 23.61116571 23.96968203 25.57352209 25.66025178 25.90487118 26.08131113 25.88659179 25.79342292 25.78005913 25.66189087 25.40971339 25.17802537 24.86321417 24.75353615 24.61954965 24.41482019 24.12261952 23.75214335 23.519203 23.3579788 23.22366212 23.18251414 23.14859343 23.1722285 23.1946967 23.2410222 23.36001952 23.50633678 23.44980601 23.44463818 23.57976954 23.75170017 23.96165074 24.32057765 24.70312209 24.94624802 25.01822978 25.15110304 25.06145549 24.92288383 24.78420622 24.6331685 24.43234106 24.16524536
-9999 -9999 -9999 -9999 -9999 -9999 -9999 18.52648054 15.11232759 11.35325583 8.798990573 7.682309484 7.099483617 7.094713044 7.320280694 8.461830221 10.3120676 12.32369123 14.55356958 16.74736093 19.01034265 20.88768248 22.79355906 24.23654821 25.50960341 26.28707301 26.23880507 26.16240921 26.03461234 25.87573589 25.70023658 25.55075157 25.35036778 25.0665246 24.7397101 24.43167949 24.20319481 23.93456088 23.67211716 23.47819787 23.32845287 23.27978408 23.24535819 23.23768367 23.20604933 23.234122 23.30857606 23.31351222 23.35787218 23.3706127 23.55730234 23.8768222 24.22876188 24.52000139 24.77090166 24.94122503 24.99215029 25.00344047 24.99295983 24.95793966 24.79613546 24.54075712 24.28266418 24.00135461
-9999 -9999 -9999 -9999 -9999 -9999 -9999 20.48352659 16.77917085 12.73770116 9.628994922 7.679608783 5.672043408 4.862323267 3.222601559 3.547148716 5.377330247 6.285421957 9.015817725 11.06214029 13.81039067 16.83698581 19.65816353 22.2898964 24.63080561 26.02958424 26.2037239 26.32984476 26.290509 26.15006111 26.07398648 26.07431637 25.9159304 25.49517048 24.9683479 24.53077205 24.32734212 24.0968949 23.78412549 23.58839081 23.40700864 23.35048347 23.36108566 23.36022393 23.32433516 23.37747787 23.43128754 23.32917107 23.45696362 23.42730456 23.62595489 24.02993648 24.43056136 24.57629192 24.73464837 24.84904932 24.84480608 24.83561506 24.89290665 24.92994075 24.76758388 24.43059905 24.10322718 23.81654752
-9999 -9999 -9999 -9999 -9999 -9999 -9999 20.7629006 18.33151151 15.06155432 12.0035358 9.484751435 6.865803302 5.089886809 3.351331062 2.770612024 3.537740847 4.193344985 5.553502552 6.738603527 9.377585255 12.96581414 16.47020156 19.883439 22.6967204 24.78864082 25.57250874 26.07801806 26.16857285 26.32286004 26.4094821 26.50161241 26.50297531 25.85746684 25.15538605 24.68230622 24.36616711 24.20521018 23.97768075 23.74145607 23.59722039 23.55920457 23.48505306 23.67419114 23.7801316 23.88065338 24.00213961 23.98951362 23.93465888 23.86904048 23.95144023 24.15788766 24.368672 24.56241873 24.67734252 24.74138138 24.74007396 24.71467052 24.71707647 24.70205002 24.5080338 24.17523061 23.87390589 23.56783516
-9999 -9999 -9999 -9999 -9999 -9999 -9999 -9999 19.69017234 17.55025867 14.99622499 12.42580914 9.373573695 7.375481813 5.131690745 3.924090235 3.895887299 3.625097392 4.146752371 4.204736469 6.38174704 10.03276121 13.58522862 17.27917134 20.52543839 23.05651764 24.35756587 25.40346449 25.82841753 26.19222869 26.35016061 26.47866139 26.63152109 25.86432789 25.17961942 24.77269794 24.51517181 24.43010294 24.33202238 24.15880502 24.08337081 24.09558373 23.99566031 24.33397538 24.54650891 24.66900468 24.77811985 24.70143989 24.46364335 24.26469746 24.20073273 24.2284629 24.37904143 24.59645273 24.72432038 24.7647201 24.69228979 24.546356 24.40943603 24.33789607 24.10623818 23.78490728 23.52141616 23.26614265
