meets/meet004/data/CCSM_6k_neotropic_bio18.asc
NCOLS 154 
NROWS 168 
XLLCORNER -112 
YLLCORNER -55.5 
CELLSIZE 0.5 
NODATA_value -9999 
[rows 29 to 57 of 168, columns 64 to 127 of 154]
-9999 -9999 -9999 -9999 -9999 -9999 -9999 -9999 -9999 -9999 -9999 -9999 -9999 -9999 -9999 -9999 -9999 -9999 -9999 -9999 -9999 -9999 -9999 -9999 -9999 -9999 -9999 -9999 -9999 -9999 -9999 -9999 -9999 -9999 -9999 -9999 -9999 264.7879278 -9999 -9999 -9999 -9999 -9999 -9999 -9999 -9999 -9999 -9999 -9999 -9999 -9999 -9999 -9999 -9999 -9999 -9999 -9999 -9999 -9999 -9999 -9999 -9999 -9999 -9999
-9999 -9999 -9999 -9999 -9999 -9999 -9999 -9999 -9999 -9999 -9999 -9999 -9999 -9999 -9999 -9999 -9999 -9999 -9999 -9999 -9999 -9999 -9999 -9999 -9999 -9999 -9999 -9999 -9999 -9999 -9999 -9999 -9999 -9999 -9999 -9999 -9999 271.8548965 -9999 -9999 -9999 -9999 -9999 -9999 -9999 -9999 -9999 -9999 -9999 -9999 -9999 -9999 -9999 -9999 -9999 -9999 -9999 -9999 -9999 -9999 -9999 -9999 -9999 -9999
-9999 -9999 -9999 -9999 -9999 -9999 -9999 -9999 -9999 -9999 -9999 -9999 -9999 -9999 -9999 -9999 -9999 -9999 -9999 -9999 -9999 -9999 -9999 -9999 -9999 -9999 -9999 -9999 -9999 -9999 -9999 -9999 -9999 -9999 -9999 -9999 -9999 -9999 -9999 -9999 -9999 -9999 -9999 -9999 -9999 -9999 -9999 -9999 -9999 -9999 -9999 -9999 -9999 -9999 -9999 -9999 -9999 -9999 -9999 -9999 -9999 -9999 -9999 -9999
-9999 -9999 -9999 -9999 -9999 -9999 -9999 -9999 -9999 -9999 -9999 -9999 -9999 -9999 -9999 -9999 112.0631535 -9999 -9999 -9999 -9999 -9999 -9999 -9999 -9999 -9999 -9999 -9999 -9999 -9999 -9999 -9999 -9999 -9999 -9999 -9999 261.0223613 -9999 -9999 -9999 -9999 -9999 -9999 -9999 -9999 -9999 -9999 -9999 -9999 -9999 -9999 -9999 -9999 -9999 -9999 -9999 -9999 -9999 -9999 -9999 -9999 -9999 -9999 -9999
-9999 -9999 -9999 -9999 -9999 -9999 -9999 -9999 -9999 -9999 -9999 -9999 -9999 -9999 154.4117284 148.2855523 141.2065891 -9999 -9999 -9999 -9999 -9999 -9999 -9999 -9999 -9999 -9999 -9999 -9999 -9999 -9999 -9999 -9999 -9999 -9999 -9999 -9999 -9999 -9999 -9999 -9999 -9999 -9999 -9999 -9999 -9999 -9999 -9999 -9999 -9999 -9999 -9999 -9999 -9999 -9999 -9999 -9999 -9999 -9999 -9999 -9999 -9999 -9999 -9999
-9999 -9999 -9999 -9999 -9999 -9999 -9999 -9999 -9999 -9999 249.5638769 238.5390848 229.5745107 217.3453291 207.5088584 197.3521466 -9999 -9999 165.414184 158.5254441 153.7547228 148.3594915 144.3039722 -9999 -9999 -9999 -9999 -9999 -9999 -9999 -9999 -9999 -9999 -9999 -9999 -9999 -9999 -9999 -9999 -9999 -9999 -9999 -9999 -9999 -9999 -9999 -9999 -9999 -9999 -9999 -9999 -9999 -9999 -9999 -9999 -9999 -9999 -9999 -9999 -9999 -9999 -9999 -9999 -9999
-9999 -9999 -9999 -9999 -9999 -9999 -9999 -9999 -9999 350.0113499 333.9929049 319.0109583 303.3920401 287.048306 269.2840645 254.7595858 240.587061 225.2006871 215.4910844 204.7216191 195.4138303 185.7440507 177.9515797 163.3630353 -9999 -9999 -9999 -9999 -9999 -9999 -9999 -9999 -9999 -9999 -9999 -9999 -9999 -9999 -9999 -9999 -9999 -9999 -9999 -9999 -9999 -9999 -9999 -9999 -9999 -9999 -9999 -9999 -9999 -9999 -9999 -9999 -9999 -9999 -9999 -9999 -9999 -9999 -9999 -9999
-9999 -9999 -9999 -9999 -9999 -9999 -9999 -9999 -9999 441.7775567 418.5706891 389.4628177 364.1675884 342.2205961 323.9653612 308.1259891 289.9149726 275.759334 261.97806 248.131792 236.1879022 222.1674588 205.9943988 188.716934 173.8978959 162.4244812 151.9654569 144.236882 139.8002276 136.8667991 138.9281337 147.5532963 158.6372171 173.8495598 190.0621217 -9999 -9999 -9999 -9999 -9999 -9999 -9999 -9999 -9999 -9999 -9999 -9999 -9999 -9999 -9999 -9999 -9999 -9999 -9999 -9999 -9999 -9999 -9999 -9999 -9999 -9999 -9999 -9999 -9999
-9999 -9999 -9999 -9999 -9999 -9999 -9999 -9999 -9999 155.2370174 147.1737778 142.8655518 128.204118 124.152848 116.1580672 111.1172154 108.5219067 331.0476462 322.1942273 303.8891602 287.4741117 268.7047922 242.5224723 221.8341997 199.1497599 181.5615562 169.0380106 157.1322462 150.8524207 146.9674982 146.112392 152.1910204 160.4392684 170.9854146 184.0243235 194.8593299 202.2005874 -9999 -9999 -9999 -9999 -9999 -9999 -9999 -9999 -9999 -9999 -9999 -9999 -9999 -9999 -9999 -9999 -9999 -9999 -9999 -9999 -9999 -9999 -9999 -9999 -9999 -9999 -9999
758.6868587 774.1158212 794.6245731 802.592336 -9999 -9999 -9999 -9999 201.3853422 199.1080559 190.2872237 172.9163254 159.3421984 143.0146029 133.3433437 127.6418807 121.5153684 120.8686828 117.6348023 115.6964217 342.5161282 310.9431811 279.0849765 247.523183 221.242249 200.6755093 182.1289653 167.0725264 157.8812619 152.6889848 150.4543475 152.9809617 158.5893563 168.1285764 179.2181671 189.5228275 196.1116827 200.667368 -9999 -9999 -9999 -9999 -9999 -9999 -9999 -9999 -9999 -9999 -9999 -9999 -9999 -9999 -9999 -9999 -9999 -9999 -9999 -9999 -9999 -9999 -9999 -9999 -9999 -9999
915.2940068 -9999 -9999 1008.591618 1017.291524 1029.431174 1012.948334 311.1704902 309.4143687 290.0821352 250.5870641 227.0863342 192.7597302 177.0294019 159.0208337 159.4482728 156.8110644 152.9160281 150.5652001 147.3394527 134.9003456 368.442624 330.4762598 297.8220964 260.5280772 229.7649825 205.7207247 182.540017 172.9376063 162.5332917 156.6145917 156.9822296 157.9488869 165.9985686 176.6363623 186.4578357 195.5423583 201.5046826 -9999 -9999 -9999 -9999 -9999 -9999 -9999 -9999 -9999 -9999 -9999 -9999 -9999 -9999 -9999 -9999 -9999 -9999 -9999 -9999 -9999 -9999 -9999 -9999 -9999 -9999
-9999 -9999 -9999 1211.337127 1258.713806 1276.156769 435.9204409 435.1386931 413.576466 373.8638939 334.2480352 276.9881261 238.068083 211.7455071 194.5644669 573.080927 560.5019861 544.8544038 531.4882231 514.3278937 480.4180176 427.1310872 389.8828648 352.9416299 312.8465278 278.071823 237.9306392 210.7035924 191.93544 175.6246791 166.8634681 162.5473437 160.4868483 166.5931925 174.8660948 185.1696561 197.6656202 207.3772293 208.9375631 208.4682966 200.132113 -9999 -9999 -9999 -9999 -9999 -9999 -9999 -9999 -9999 -9999 -9999 -9999 -9999 -9999 -9999 -9999 -9999 -9999 -9999 -9999 -9999 -9999 -9999
-9999 -9999 -9999 1474.685598 1523.913474 1562.474783 1566.223448 596.7392774 544.5278104 480.5079537 394.8679356 339.6498313 280.9490305 756.6836967 671.4220821 664.4807939 667.8263808 659.8638388 636.3167139 595.1599529 560.1694097 524.2022954 484.3557701 443.4786722 393.8727953 338.4607841 296.2355852 254.3678729 224.1959756 200.4061783 182.9219741 175.1549442 169.6965121 173.1116954 178.7970016 187.9758366 201.2956934 212.6291454 217.7157049 219.7534998 213.5346566 196.4567898 -9999 -9999 -9999 -9999 -9999 -9999 -9999 -9999 -9999 -9999 -9999 -9999 -9999 -9999 -9999 -9999 -9999 -9999 -9999 -9999 -9999 -9999
-9999 -9999 -9999 -9999 1817.166049 1867.462212 1859.030717 1889.813287 1712.609507 1546.531639 1367.756085 1149.401189 961.4270259 841.6208512 744.5533587 740.6297148 765.7939451 787.7702509 733.5407489 681.0614885 255.6218249 238.0748727 241.1671463 220.3573961 491.3463901 431.583947 358.6809295 308.3514826 268.0665753 231.2675247 210.2732767 193.3099672 186.2184191 184.0557537 186.8273326 194.1416124 206.1927741 215.890286 224.4321579 229.6341323 226.0180642 213.5748353 199.7821147 -9999 -9999 -9999 -9999 -9999 -9999 -9999 -9999 -9999 -9999 -9999 -9999 -9999 -9999 -9999 -9999 -9999 -9999 -9999 -9999 -9999
-9999 -9999 -9999 -9999 -9999 2130.598451 2125.348618 1975.38152 1887.035518 1675.941176 1449.516591 1207.509065 996.9603057 881.1983061 789.6244357 795.6353407 826.0951335 851.7030412 826.0648728 785.5002866 326.8176733 324.8792306 324.1599761 692.867212 311.0090205 546.5203331 465.3202916 385.1212949 323.5726985 272.3260593 238.9737233 216.6937591 201.7987615 196.9673444 195.5535802 198.6148842 207.7018749 217.9486423 228.9656532 236.6618215 238.5185853 231.6189235 218.4419423 197.5507735 -9999 -9999 -9999 -9999 -9999 -9999 -9999 -9999 -9999 -9999 -9999 -9999 -9999 -9999 -9999 -9999 -9999 -9999 -9999 -9999
-9999 -9999 -9999 -9999 -9999 169.6783763 2278.528247 2190.608462 1961.271697 1670.209744 1415.279701 1165.46018 957.1168167 863.6548324 807.0842859 815.8590768 850.0934221 880.8926139 888.3928018 895.9614696 40.18883346 40.38904659 907.3763565 848.0862309 770.5225169 681.499249 567.618244 472.5471421 390.8712584 312.4589926 270.0916988 237.01606 217.4660702 208.6903435 203.0864363 203.53152 209.7149902 218.1287684 230.4596646 242.7895276 247.8842321 245.2088265 237.2541225 217.0411411 196.4442731 -9999 -9999 -9999 -9999 -9999 -9999 -9999 -9999 -9999 -9999 -9999 -9999 -9999 -9999 -9999 -9999 -9999 -9999 -9999
-9999 -9999 -9999 -9999 -9999 249.6976994 2341.416166 2197.279515 1935.253846 1609.093849 1329.930643 1094.822156 912.3896126 835.6610532 809.3845633 831.1594476 874.8519372 912.1328335 958.107984 999.0168115 54.8206072 59.13017196 1061.249447 1016.539415 930.3836349 828.7634011 704.1857997 575.0200125 470.378869 371.7449942 314.0458767 273.1788908 243.0221674 227.3920115 216.0412601 209.4937674 212.0272701 217.8625733 230.7163775 244.8197859 254.2546402 255.8800434 249.574443 234.6677511 215.4150817 197.577587 184.4708646 175.7138369 176.4263395 179.35429 185.3188614 192.6940344 -9999 -9999 -9999 -9999 -9999 -9999 -9999 -9999 -9999 -9999 -9999 -9999
-9999 -9999 -9999 -9999 -9999 351.3967723 2304.141955 2137.596268 1833.069746 1473.006081 1190.910797 981.0182682 828.7901066 801.1226895 796.5041386 825.6342608 879.7988476 934.1506007 1002.893357 1083.212834 1136.268056 1173.946528 1214.084581 1154.64052 1080.127609 975.2232684 820.7382541 672.4995904 546.8928459 431.3019347 364.1156737 308.9800188 272.3461007 249.1799786 231.1371727 219.6123261 214.1408148 213.7927201 229.4374141 245.9185272 257.1992156 261.7701126 260.5918259 246.4112029 229.3272877 211.8836902 198.6640531 192.4503621 190.013492 192.9708525 198.3873138 204.0008691 212.0856891 213.5520588 215.895531 -9999 -9999 -9999 -9999 -9999 -9999 -9999 -9999 -9999
-9999 -9999 -9999 -9999 -9999 1547.356105 2184.321577 1994.892758 1687.558926 1342.461033 1080.041785 902.4990566 787.3608387 767.4685285 785.0020246 823.4628325 886.1194841 950.522941 1035.392271 1119.565146 1190.665396 1247.680377 1276.963504 1249.463269 1183.141945 1084.179533 936.5553612 777.8526677 643.5673118 507.4811893 427.086915 364.433813 316.2565137 284.0898872 256.7131983 237.0272192 226.2953197 221.432164 231.2162025 245.3125605 257.6738102 262.9810404 263.0032154 252.8907602 236.5691099 219.833231 207.8661448 198.0064215 195.4031676 196.3611713 200.2261081 207.1772987 213.4570375 218.5276471 221.0445416 221.5023806 -9999 -9999 -9999 -9999 -9999 -9999 -9999 -9999
-9999 -9999 -9999 -9999 -9999 1305.169018 2014.442993 1841.733217 1545.743005 1214.425039 970.70737 813.6189298 723.2755055 735.4520468 765.3814353 812.0633196 883.5801879 957.7389071 1034.933232 1115.174345 1184.427083 1251.9612 1309.398458 1284.634008 1238.003444 1150.310465 1007.911816 860.2391757 722.4531703 575.7480132 489.8927373 418.9594828 364.629502 325.2689615 287.6483021 262.7509059 243.58127 229.4511303 235.7542562 247.8119673 259.6443974 264.0866945 268.0135019 256.9278387 239.7998948 222.9147838 207.1219037 195.8271142 192.7980026 190.5080304 193.8194884 201.6187577 209.073053 214.7627258 221.2026365 222.0906654 218.8132692 213.8512684 -9999 -9999 -9999 -9999 -9999 -9999
-9999 -9999 -9999 -9999 -9999 1018.754214 1815.725546 1629.607657 1364.529752 1082.329687 887.1630733 766.1216921 699.2012771 701.4979096 731.8450246 782.9011114 854.4665112 926.4496024 994.7146965 1063.944704 1126.400711 1186.964737 1228.637318 1234.219621 1212.95748 1146.793823 1029.710171 896.4894545 765.8567492 636.4354658 550.0079954 473.1651448 410.8327554 365.9439766 327.0635504 296.4277325 267.3341529 251.7850483 250.1133073 255.0343222 264.2232898 270.0898057 270.1861698 258.6816061 244.7556888 225.4285515 206.988863 192.9893292 185.305128 181.5297993 182.4172979 188.559252 195.6905202 204.4312791 211.8834881 213.7285405 210.6348212 205.4146267 -9999 -9999 -9999 -9999 -9999 -9999
-9999 -9999 -9999 -9999 -9999 807.4661127 1582.660076 1417.507153 1185.862994 946.183887 803.9177957 700.6311403 655.7050564 663.0462439 695.9832421 747.2461923 817.0582503 885.9987699 930.7892058 990.5200172 1037.762704 1090.176157 1133.394344 1153.861249 1146.957594 1105.149189 1002.441571 899.9324179 782.3737385 676.2282432 598.8095894 521.9052992 457.7933957 416.0313463 374.5137196 342.5185647 309.6991816 282.4009181 283.1388834 281.9548073 284.4718425 290.3931101 283.626114 272.8768493 253.4918944 229.3506221 205.2736309 187.6981997 175.9622153 169.1161194 166.8945211 170.9929774 177.6639878 187.1665511 196.8740844 200.1119318 196.8628895 193.0719364 -9999 -9999 -9999 -9999 -9999 -9999
-9999 -9999 -9999 -9999 -9999 1448.49534 1327.577059 1168.597304 1003.651231 844.1621369 734.0730401 661.6783971 628.8973 641.8785408 675.2440951 725.1303627 781.9210206 835.8867174 875.4109877 916.2922808 955.8142235 997.9401961 1035.681464 1057.90976 1063.264534 1031.827252 965.3702757 884.0516317 790.255922 702.4239827 634.5970088 569.0958803 514.4994482 470.0299549 429.6770206 399.3615516 370.7770941 353.7288268 343.8539578 340.3441168 338.6635437 331.1129536 319.1150359 295.0980818 269.8502327 240.562019 209.9889034 185.9202533 168.8184986 157.4475614 153.359158 154.9798373 159.8578174 168.9495774 178.1877366 182.3931592 180.5476207 175.4038616 -9999 -9999 -9999 -9999 -9999 -9999
-9999 -9999 -9999 575.5861982 1270.130635 1189.52215 1050.857327 941.2841368 832.0709865 727.8958019 666.4024083 616.1103488 595.3814651 618.0003694 659.7605752 703.2015399 747.4257014 791.8234028 815.9671464 853.089094 882.5324782 914.6512389 955.0081525 970.613374 984.3481533 968.8068338 911.5869936 859.6496747 795.1662983 716.9597679 667.2926801 617.2166979 572.5191803 539.2912713 498.7635907 473.5342748 454.6531258 436.1103237 428.7009135 421.9354788 411.3362024 392.0410448 371.5144317 335.0477348 296.7461288 256.6994911 218.6178995 186.6433555 163.949666 147.862782 139.6872245 138.6672827 141.523845 148.7712804 159.322933 163.6309927 160.7687673 157.3433477 146.5090299 -9999 -9999 -9999 -9999 -9999
-9999 -9999 575.8665381 1142.611291 1060.687706 958.2260047 865.116392 769.1525233 698.7830834 645.8387506 604.9689271 584.2962173 578.0119337 605.2799535 643.620888 683.7637437 719.9974692 754.7760422 784.6466583 811.8132817 840.9931947 872.8647926 905.2258138 924.0894059 931.2954898 917.8169617 882.7518128 837.5032172 784.520236 733.9141649 694.6429113 657.9017191 628.2492911 600.2511699 574.7951061 554.9173486 539.4288554 527.7278085 514.077759 504.3299743 489.0477697 459.2374513 425.3025374 379.1148513 328.6609773 281.9555421 233.3229665 193.4807152 164.037033 143.145575 133.1100745 129.1338129 129.9390939 135.6834539 142.9337624 147.1618762 145.7836964 140.6795715 130.212946 120.0213161 -9999 -9999 -9999 -9999
-9999 -9999 491.9673772 979.1581412 876.2430359 770.4646799 679.5548113 635.1050293 594.6961165 566.9365299 555.8235343 557.3488253 563.9710419 592.7811578 629.7724375 663.0161828 696.0187982 727.2169577 749.974633 780.444911 807.7081262 836.465298 871.1216345 882.3107178 894.3910624 889.3137577 857.9079527 828.4444353 795.4907479 754.4137584 730.8714707 709.30472 689.7390153 678.8320641 659.925347 648.4984151 639.5031495 625.5716113 616.8658134 596.666381 571.2417008 535.6121294 489.9538877 434.7965849 370.8455328 310.3678454 252.1340026 205.4093039 170.1292051 142.9622941 128.4634963 121.447286 120.1376564 123.4760435 130.0946612 133.2544118 130.193333 126.8097723 114.3695898 104.3000073 -9999 -9999 -9999 -9999
855.9636986 921.631458 932.8339069 847.0407939 729.1830911 629.8413856 581.7110204 542.0291098 528.9612218 522.7818623 522.4904089 543.4853978 564.8463019 589.0768049 614.7372004 644.9718607 676.8511413 705.7790819 732.9745285 757.8149715 785.3207779 816.8754027 845.5516065 861.4757765 871.0758891 866.5260524 852.6381554 833.079168 808.3238825 787.5421111 768.6625976 756.5682677 751.8075304 744.7432992 744.1269843 737.1580062 725.2312579 716.5564928 696.7909088 677.645567 649.1115138 598.3367873 545.5606592 478.7703053 409.5912751 345.4506814 276.8748851 220.5986105 178.447494 146.5126089 130.5068962 120.6370512 116.6105273 117.9670688 120.9706638 123.811528 120.7707911 115.9513327 105.1640925 93.71717515 -9999 -9999 -9999 -9999
817.8551576 842.9337383 810.0692408 711.4842337 606.4944624 536.3363301 491.9342654 475.3167132 476.8786027 484.0161543 501.4979426 529.2664599 559.3728113 580.1839349 603.1367039 626.6388873 658.4700674 686.1353879 710.8962311 738.3878036 763.119991 791.260486 817.5458671 832.3477914 844.6723748 848.6322042 840.4676611 834.8316575 823.3113797 809.0990507 805.4732408 805.0580487 808.9503608 812.0816287 814.3162141 813.7035462 808.8721115 799.3297429 778.3967985 747.5863206 711.1502678 657.4543199 600.1071336 530.6932393 449.3233403 375.4067091 301.5723627 240.3170147 194.4662464 155.7660363 135.2067598 123.2202145 116.9432443 116.3197005 117.928004 119.1476094 116.2963554 111.7889331 102.6316769 92.15779929 83.94979819 -9999 -9999 -9999
803.4853581 785.9113059 717.9648438 622.306703 519.651535 460.1657403 446.0435948 442.2976378 446.0717262 460.8926545 480.9861638 516.9815335 548.4862 568.6913197 589.672156 612.4542017 642.3454705 669.8354939 693.197657 717.4032443 740.3535339 765.6415082 787.6778762 803.708539 815.6207411 819.9231064 827.3203178 829.8579421 828.1757533 827.6447145 828.5647895 839.0023885 848.4045679 859.0361371 868.7037959 871.9843986 866.3052363 857.4145012 834.0297344 798.313837 760.1515702 700.9125561 638.9023771 567.0714398 480.449993 406.318689 325.3019874 258.7663267 210.8888527 167.5157457 146.0599594 130.136107 122.0202971 120.1616513 119.8601253 120.7957836 118.4950998 115.3930705 108.9235884 102.2069629 94.08323492 83.50876021 75.00474641 -9999
