meets/meet004/data/CCSM_0k_neotropic_bio15.asc
NCOLS 154 
NROWS 168 
XLLCORNER -112 
YLLCORNER -55.5 
CELLSIZE 0.5 
NODATA_value -9999 
[rows 29 to 57 of 168, columns 64 to 127 of 154]
-9999 -9999 -9999 -9999 -9999 -9999 -9999 -9999 -9999 -9999 -9999 -9999 -9999 -9999 -9999 -9999 -9999 -9999 -9999 -9999 -9999 -9999 -9999 -9999 -9999 -9999 -9999 -9999 -9999 -9999 -9999 -9999 -9999 -9999 -9999 -9999 -9999 82.81921 -9999 -9999 -9999 -9999 -9999 -9999 -9999 -9999 -9999 -9999 -9999 -9999 -9999 -9999 -9999 -9999 -9999 -9999 -9999 -9999 -9999 -9999 -9999 -9999 -9999 -9999
-9999 -9999 -9999 -9999 -9999 -9999 -9999 -9999 -9999 -9999 -9999 -9999 -9999 -9999 -9999 -9999 -9999 -9999 -9999 -9999 -9999 -9999 -9999 -9999 -9999 -9999 -9999 -9999 -9999 -9999 -9999 -9999 -9999 -9999 -9999 -9999 -9999 86.41714731 -9999 -9999 -9999 -9999 -9999 -9999 -9999 -9999 -9999 -9999 -9999 -9999 -9999 -9999 -9999 -9999 -9999 -9999 -9999 -9999 -9999 -9999 -9999 -9999 -9999 -9999
-9999 -9999 -9999 -9999 -9999 -9999 -9999 -9999 -9999 -9999 -9999 -9999 -9999 -9999 -9999 -9999 -9999 -9999 -9999 -9999 -9999 -9999 -9999 -9999 -9999 -9999 -9999 -9999 -9999 -9999 -9999 -9999 -9999 -9999 -9999 -9999 -9999 -9999 -9999 -9999 -9999 -9999 -9999 -9999 -9999 -9999 -9999 -9999 -9999 -9999 -9999 -9999 -9999 -9999 -9999 -9999 -9999 -9999 -9999 -9999 -9999 -9999 -9999 -9999
-9999 -9999 -9999 -9999 -9999 -9999 -9999 -9999 -9999 -9999 -9999 -9999 -9999 -9999 -9999 -9999 76.62057268 -9999 -9999 -9999 -9999 -9999 -9999 -9999 -9999 -9999 -9999 -9999 -9999 -9999 -9999 -9999 -9999 -9999 -9999 -9999 89.47186011 -9999 -9999 -9999 -9999 -9999 -9999 -9999 -9999 -9999 -9999 -9999 -9999 -9999 -9999 -9999 -9999 -9999 -9999 -9999 -9999 -9999 -9999 -9999 -9999 -9999 -9999 -9999
-9999 -9999 -9999 -9999 -9999 -9999 -9999 -9999 -9999 -9999 -9999 -9999 -9999 -9999 80.20376966 78.20875432 77.37400655 -9999 -9999 -9999 -9999 -9999 -9999 -9999 -9999 -9999 -9999 -9999 -9999 -9999 -9999 -9999 -9999 -9999 -9999 -9999 -9999 -9999 -9999 -9999 -9999 -9999 -9999 -9999 -9999 -9999 -9999 -9999 -9999 -9999 -9999 -9999 -9999 -9999 -9999 -9999 -9999 -9999 -9999 -9999 -9999 -9999 -9999 -9999
-9999 -9999 -9999 -9999 -9999 -9999 -9999 -9999 -9999 -9999 97.5798751 93.06913935 88.6047076 85.31926184 81.97626862 79.97357881 -9999 -9999 74.41902933 72.66527683 71.32188064 70.28806368 70.22210848 -9999 -9999 -9999 -9999 -9999 -9999 -9999 -9999 -9999 -9999 -9999 -9999 -9999 -9999 -9999 -9999 -9999 -9999 -9999 -9999 -9999 -9999 -9999 -9999 -9999 -9999 -9999 -9999 -9999 -9999 -9999 -9999 -9999 -9999 -9999 -9999 -9999 -9999 -9999 -9999 -9999
-9999 -9999 -9999 -9999 -9999 -9999 -9999 -9999 -9999 98.39384346 95.60698287 91.64862447 88.36338696 86.13219803 83.83368519 82.38230885 80.67679091 78.28392566 77.29172384 75.01452047 73.78543685 73.4099097 71.72401071 72.89955517 -9999 -9999 -9999 -9999 -9999 -9999 -9999 -9999 -9999 -9999 -9999 -9999 -9999 -9999 -9999 -9999 -9999 -9999 -9999 -9999 -9999 -9999 -9999 -9999 -9999 -9999 -9999 -9999 -9999 -9999 -9999 -9999 -9999 -9999 -9999 -9999 -9999 -9999 -9999 -9999
-9999 -9999 -9999 -9999 -9999 -9999 -9999 -9999 -9999 96.27966137 93.93825452 91.65183416 89.36739009 87.94112562 86.45064516 85.30068167 83.92442257 82.95429953 81.68922613 80.37434021 79.66898579 79.24281957 79.00986989 78.83678412 79.35378169 79.61450775 79.54395506 79.35741266 78.97903191 78.32508932 77.2043519 76.24530436 74.81465812 74.44617834 74.50707698 -9999 -9999 -9999 -9999 -9999 -9999 -9999 -9999 -9999 -9999 -9999 -9999 -9999 -9999 -9999 -9999 -9999 -9999 -9999 -9999 -9999 -9999 -9999 -9999 -9999 -9999 -9999 -9999 -9999
-9999 -9999 -9999 -9999 -9999 -9999 -9999 -9999 -9999 93.0374293 92.16147169 90.79267385 89.90907717 88.92729561 88.10769968 87.48279724 86.84675339 86.76779755 86.15381671 85.78136268 85.90324009 86.07515284 86.52271059 86.36112334 86.59682328 85.98574985 84.92248307 83.50088032 81.79951975 79.68244936 77.1966738 75.03596139 72.37991888 71.35534796 70.93351123 71.21964946 73.27555771 -9999 -9999 -9999 -9999 -9999 -9999 -9999 -9999 -9999 -9999 -9999 -9999 -9999 -9999 -9999 -9999 -9999 -9999 -9999 -9999 -9999 -9999 -9999 -9999 -9999 -9999 -9999
86.93668814 87.66815974 87.50230344 88.64887536 -9999 -9999 -9999 -9999 92.04606035 91.19489639 90.47628403 90.21892607 89.52536812 89.13248005 88.73445411 88.20784813 87.99856434 88.31763094 88.52743519 89.01958191 89.65031213 90.47090813 91.46308863 91.4972569 91.45317693 90.97010293 88.96121688 86.88153286 83.85074745 80.57536923 77.6748147 74.45623363 71.55065235 69.79439149 68.44229876 68.26863016 69.4778535 71.01170098 -9999 -9999 -9999 -9999 -9999 -9999 -9999 -9999 -9999 -9999 -9999 -9999 -9999 -9999 -9999 -9999 -9999 -9999 -9999 -9999 -9999 -9999 -9999 -9999 -9999 -9999
86.24222018 -9999 -9999 85.93085174 86.24522681 86.21517473 86.51073556 87.59451075 87.56537336 87.61826023 88.59160596 88.45742345 88.63166393 88.05145647 87.67328993 87.44975103 87.80591392 88.89801481 89.91097291 91.06189247 92.82212716 94.24864908 95.3734014 95.79163227 95.52638744 94.07686523 92.06385268 88.89864508 85.86245659 81.99011182 78.12695904 74.77441697 71.57128251 69.4232656 67.65281282 66.64398137 66.98133782 67.74473268 -9999 -9999 -9999 -9999 -9999 -9999 -9999 -9999 -9999 -9999 -9999 -9999 -9999 -9999 -9999 -9999 -9999 -9999 -9999 -9999 -9999 -9999 -9999 -9999 -9999 -9999
-9999 -9999 -9999 84.97972057 83.11451007 82.74955617 83.87653796 84.42088314 84.8763642 85.66249251 86.11610074 87.23076009 87.2248636 86.36221103 85.75342092 85.46732724 86.52299414 87.79409469 89.48575717 92.16206887 94.14896746 95.62316789 96.72355214 96.96447246 96.29007257 95.46547099 92.54560412 89.7262057 86.47206203 82.32423898 78.95942794 75.11324302 72.51816067 69.69963741 67.85937006 66.56791942 65.47602273 65.302496 66.18903296 67.72645335 69.44620138 -9999 -9999 -9999 -9999 -9999 -9999 -9999 -9999 -9999 -9999 -9999 -9999 -9999 -9999 -9999 -9999 -9999 -9999 -9999 -9999 -9999 -9999 -9999
-9999 -9999 -9999 81.62396684 80.03442541 79.21403831 79.29209956 79.87608177 81.01099901 82.3764636 84.33390146 84.38991264 84.55675541 83.63360066 82.94531445 83.24559585 84.4674286 86.52715303 89.31014505 92.45318182 95.23064188 96.70357123 97.39536441 97.08663777 96.38703801 95.04357507 93.17767507 90.10538679 86.44597379 82.34192481 78.35644807 75.41709882 72.66565341 70.05016965 67.96114185 66.33009067 65.08082163 64.3532057 64.34047091 64.6526099 65.81730228 68.55704105 -9999 -9999 -9999 -9999 -9999 -9999 -9999 -9999 -9999 -9999 -9999 -9999 -9999 -9999 -9999 -9999 -9999 -9999 -9999 -9999 -9999 -9999
-9999 -9999 -9999 -9999 76.09497178 75.24175305 75.68882669 76.0987473 77.45276162 79.82025664 81.18349166 81.85630032 81.74803947 80.56653738 80.05488088 80.61919413 83.00440409 84.54848312 88.53878909 92.79666333 95.41895168 96.68718081 96.21717237 96.41348632 94.52213981 93.70346916 92.23117287 88.9618007 86.59303396 81.09428152 77.89408604 74.59352632 71.56278556 69.59716307 67.8887485 66.35272054 64.67248151 63.23248994 62.31415482 62.35962318 62.97615208 64.6936263 67.73656118 -9999 -9999 -9999 -9999 -9999 -9999 -9999 -9999 -9999 -9999 -9999 -9999 -9999 -9999 -9999 -9999 -9999 -9999 -9999 -9999 -9999
-9999 -9999 -9999 -9999 -9999 70.09328568 70.20241219 71.33873989 73.01463741 75.4211058 77.11117032 77.43370571 77.70108595 77.29887497 77.62172374 78.92472427 81.60238464 83.95238557 87.55543431 91.14408947 92.93187926 93.36164431 92.64570931 91.90420295 90.69698935 90.15937877 88.88498762 86.38317682 84.41173839 80.06851947 77.55196272 74.83695743 71.54322227 70.27712037 68.30557801 66.72267209 64.99293554 63.05433947 61.50224859 60.57440847 60.88537338 62.66884481 65.06698999 68.85863037 -9999 -9999 -9999 -9999 -9999 -9999 -9999 -9999 -9999 -9999 -9999 -9999 -9999 -9999 -9999 -9999 -9999 -9999 -9999 -9999
-9999 -9999 -9999 -9999 -9999 64.1882084 64.87561651 66.24088562 67.97284442 70.62229319 72.02513987 72.85166398 73.66064937 74.25043822 75.62726651 77.35224871 80.99296512 83.1570046 86.35429172 88.2057651 89.11890721 89.37326804 87.83029143 87.63729742 85.58307042 85.00015831 84.93880572 82.62818214 82.04135822 78.30018147 76.39481816 74.48328409 71.62635571 70.536646 69.14904654 67.9125594 65.804561 63.22711871 60.94045949 59.30428038 59.20332324 60.79392425 63.44255541 66.43849611 70.2201498 -9999 -9999 -9999 -9999 -9999 -9999 -9999 -9999 -9999 -9999 -9999 -9999 -9999 -9999 -9999 -9999 -9999 -9999 -9999
-9999 -9999 -9999 -9999 -9999 57.25311698 58.63666309 61.00495339 63.01164454 65.15305899 66.10421609 67.02810035 68.78519907 71.08009684 73.82305067 75.68551949 78.56908651 80.3620508 82.30200104 83.09381594 82.79319583 81.92419933 80.51890562 79.67877502 78.46723917 78.25689365 77.89540229 76.74160762 76.76154841 74.63459748 74.27123317 73.25703581 71.69979886 71.70167785 71.1464929 70.54911658 69.01077813 66.36558784 63.29930668 60.49651381 60.02181669 61.47293577 63.74514803 66.7725498 69.8085548 72.41548064 74.66365313 75.77966879 76.17126372 76.204282 76.04510387 76.80094971 -9999 -9999 -9999 -9999 -9999 -9999 -9999 -9999 -9999 -9999 -9999 -9999
-9999 -9999 -9999 -9999 -9999 50.0685531 53.16337422 56.76878276 58.94328758 60.18493008 60.52243876 61.77436848 64.67559835 68.23122344 71.34955518 73.34344663 75.26040405 76.74944909 76.9948429 76.85066573 75.75100438 74.10899493 73.15546299 71.89323958 71.21378374 71.07307997 70.92613412 71.06528707 71.10163352 70.87926589 71.26979134 71.41439818 71.44135137 72.41140428 73.86699714 74.03247512 73.0732183 71.32211221 66.87266216 62.7550784 61.77526584 63.0160072 64.91694138 67.62702445 70.42244199 72.39583023 73.1353459 73.25450498 73.18052968 72.80830875 72.41944968 72.76930375 73.27205619 74.52424958 76.43821279 -9999 -9999 -9999 -9999 -9999 -9999 -9999 -9999 -9999
-9999 -9999 -9999 -9999 -9999 44.5917467 48.98829486 53.58414349 55.72415857 56.50129285 55.60739393 57.03230136 60.78537594 64.80217405 68.02046295 69.10604317 70.1667504 70.36231757 70.1481938 68.93026064 67.34959677 65.62188751 64.13923674 63.53728671 63.29617523 63.92943547 64.62797877 65.42088205 66.90387853 67.23660943 68.99091103 70.50743384 71.97221658 74.12008431 76.36487258 77.70195806 78.01591245 76.2378343 72.34064753 68.20160816 66.57088751 66.96020625 68.30868374 70.19850125 72.33458259 73.53699783 73.88877355 73.4338325 72.98615412 72.10733822 71.41550919 71.54566663 71.51077455 72.56223747 73.9362719 75.58528336 -9999 -9999 -9999 -9999 -9999 -9999 -9999 -9999
-9999 -9999 -9999 -9999 -9999 40.8266975 47.00199397 53.64511456 54.12084462 53.41439389 52.14312963 53.33344361 58.06299562 61.10978514 63.70514038 64.65791726 64.7924027 64.32688023 62.54550143 60.8059872 58.8410029 56.77053077 55.45226488 55.56953024 56.21760604 57.41975271 59.37146563 61.7357389 63.9120778 65.72843945 67.94758708 71.17517848 73.10985237 76.12369669 79.38255233 81.31322752 82.52590847 81.96179775 78.6471677 74.40832123 72.30597525 71.87496497 72.40162403 73.59582803 74.84448753 75.57436218 75.27985473 74.62443747 73.67654075 72.35285983 71.27870008 70.76528396 70.0740918 70.98225917 71.67166223 73.00448983 75.93839101 78.86257479 -9999 -9999 -9999 -9999 -9999 -9999
-9999 -9999 -9999 -9999 -9999 41.4900646 47.01387349 51.94732079 52.79707732 50.95232012 48.99899989 50.55692875 54.32567232 57.09392557 59.38712943 59.20533783 58.3063372 56.88358253 55.00089474 52.7398547 50.5132045 48.72470341 47.61868563 48.22864764 49.80987324 52.32402628 55.68836221 59.32336986 62.81724577 65.79034679 69.10345846 72.54445841 76.01263151 79.28315703 82.47138431 84.71148455 86.39962562 86.55520118 84.21804084 81.24697767 79.02402977 77.71560437 77.41488572 77.281769 77.69933105 77.86187634 77.37772441 76.56170152 75.46389702 73.76785268 72.32441585 71.33076408 70.20473983 70.36426887 70.57569764 71.84650464 74.54466409 77.22269466 -9999 -9999 -9999 -9999 -9999 -9999
-9999 -9999 -9999 -9999 -9999 42.79568796 47.89307552 52.25417357 51.01497743 47.8898452 46.7702634 47.93121333 51.08350703 52.75319286 54.5389957 53.67168174 51.82126479 50.35090333 47.534849 45.51450827 43.22451587 41.44998698 40.79524516 42.3510016 44.9894674 48.56303487 53.14365972 58.73579032 61.99969978 66.12625707 70.09980712 73.76507769 78.65718755 80.71909139 83.95091622 86.10662071 87.69740334 89.43808094 86.68024802 85.11883588 83.19864799 81.39297855 81.68727182 80.38577248 79.9890688 79.86822199 79.478983 79.12382345 77.64796739 75.72759558 73.91937281 72.34868269 70.71819134 69.95597668 69.74630636 70.61414992 72.9839672 75.86107352 -9999 -9999 -9999 -9999 -9999 -9999
-9999 -9999 -9999 -9999 -9999 45.06358061 46.86701554 48.38784436 46.42726709 44.34196622 44.73280077 46.05449111 48.05769764 48.8225393 48.72279943 47.48762671 46.03009705 44.01196176 41.89965152 39.84021606 37.83547696 36.68999017 36.53340912 38.6559717 41.80642316 46.01921202 51.23966717 56.37348553 61.00192077 65.12836464 68.91134481 72.92141909 76.70507773 79.95294977 82.71100523 84.39245625 85.71620627 85.76231595 85.04827028 83.60102074 82.46895611 81.73322904 81.2597015 81.07579983 80.87440527 81.12291439 81.09123108 80.67979028 79.57342935 77.71180109 75.76586684 73.78195783 71.6255741 70.42414963 69.41686078 69.6608742 71.79406883 74.13485251 -9999 -9999 -9999 -9999 -9999 -9999
-9999 -9999 -9999 38.7462932 43.26277746 44.8810992 45.15183339 44.11455015 41.28046526 40.95764238 42.66331534 43.93679537 45.02435265 44.26743525 43.55292983 42.01169379 40.41734655 38.6256272 36.78791405 35.04053198 33.49425853 33.31278122 33.31547347 36.24877593 39.73875583 44.33376977 49.99233806 55.24360848 59.92237069 63.75279756 67.51560447 71.30914368 74.76771066 77.54581691 79.78391235 81.01904484 81.90496974 81.79843272 81.24073287 79.92685407 79.36930785 79.91398198 79.87200324 80.24637716 80.59537856 81.2533044 81.926814 81.97069868 81.06936163 79.25983416 77.33286097 75.07466363 72.57509808 70.71642025 69.00668041 68.70470596 70.42966722 72.26068137 75.78387594 -9999 -9999 -9999 -9999 -9999
-9999 -9999 34.76808511 39.16734047 43.18932119 43.15535079 39.27560882 36.36116319 35.62747465 37.43000327 39.5927061 40.70141605 41.08309629 40.36662066 38.75707212 37.20990494 35.77496998 34.21149739 32.83313306 31.58278013 30.70808839 30.72944646 31.72617771 34.51719506 38.6024156 43.35980267 48.62439868 53.98249866 58.36951836 62.27798346 65.51946241 68.74160811 71.53672944 73.98122048 75.90568962 76.82547634 77.46960595 76.98976005 76.77629622 76.03526985 75.89228614 76.50311518 77.07812575 78.13501243 78.99483357 80.10215779 81.00069634 81.37807464 80.90909408 79.50263721 77.65335305 75.26999093 72.65474821 70.41489003 68.54432158 67.76134273 68.73694622 70.28882266 73.17850605 76.48944486 -9999 -9999 -9999 -9999
-9999 -9999 37.35178173 41.10986668 44.09320989 40.18853262 34.82584708 31.37959403 31.74845832 34.12936925 36.02177588 36.9796068 37.03845927 35.75134414 34.61982874 33.39129972 32.3147433 31.00127337 30.03333346 29.27956698 28.99371116 29.84226817 30.68560494 33.62285326 37.65254431 42.25774649 47.38198799 52.87180717 56.65127051 60.22523788 63.20544158 65.77635975 68.09877284 69.8898669 71.33941975 72.0839146 72.64277915 72.51021008 72.38867511 71.93234384 72.11584741 73.1979049 74.12438384 75.38725564 76.65554487 78.20750227 79.46797929 80.18089334 80.18827301 78.97666359 77.56365732 75.3603737 72.80600894 70.43354855 68.25054069 67.22747974 67.99241088 68.774522 71.09254776 73.82568001 -9999 -9999 -9999 -9999
25.24570073 32.10883143 39.45014448 41.42964651 42.47264883 38.66143533 32.44483551 29.2139921 29.22012033 31.19857281 32.47908126 32.53248369 32.09999195 31.93121674 31.7071312 30.94188036 29.97204195 29.10021066 28.66988699 28.50007607 28.85432912 29.50286933 30.79433352 33.2535938 36.95076029 41.3232501 46.06983995 51.03648965 54.90826362 58.24598783 60.61685567 63.01889092 64.64628192 66.18336728 67.21015623 67.72171111 68.46387603 68.57758557 68.60765593 68.51251419 68.97482006 69.81772518 70.97870314 72.4010121 73.88555159 75.58117393 77.01511134 78.0786577 78.48071551 78.01589347 76.62281946 74.75243195 72.48727576 70.24308305 68.40156929 67.23559259 67.36527448 68.02757997 69.82630137 72.31295366 -9999 -9999 -9999 -9999
31.12783196 37.20642765 43.21123235 43.80510546 43.26584091 36.33143717 30.62347652 28.28419126 28.04820514 28.94672136 29.52647568 29.39236361 29.08683694 29.25322387 29.5164614 29.35011614 29.12837985 28.82848518 28.82611355 28.95544691 29.3827363 30.40746311 31.53267855 33.42698332 36.54714043 40.31051837 44.58811841 49.05860303 52.49063503 55.61054999 57.96225663 59.79425727 61.24352051 62.2866583 63.17627115 63.8083309 64.57403007 65.18036208 65.09856021 65.37332373 65.84084629 66.93179743 68.32999031 69.44519812 71.01520066 72.78855082 74.38156787 75.86925469 76.4288401 76.19876809 75.54734684 74.05831148 72.26633986 70.21923169 68.33787669 67.36681882 67.67091571 68.23854888 69.47662975 71.28355397 73.20200392 -9999 -9999 -9999
37.26532318 41.05327824 46.14239793 46.54388772 43.20566362 35.83428756 30.89374578 28.52123398 28.00713087 28.13066073 28.25526302 28.08793806 27.81311132 28.21956073 28.78920882 29.0173934 29.25075259 29.33183331 29.6855385 30.21535422 30.74468039 31.37337593 32.2014702 33.84035263 36.29885052 39.51251774 43.21647078 46.77953146 50.09027121 53.19430749 55.10676337 56.87439959 58.20297871 58.91626137 59.91864835 60.49830178 61.25837182 61.92243736 62.08987102 62.78637436 63.44316541 64.05495823 65.40728641 66.54369962 68.31395148 70.07879505 71.44345054 73.09252473 73.94576099 74.4431008 73.70599342 72.87937367 71.2712577 69.60741738 68.37089969 67.39196345 67.78478927 68.13342709 69.10768041 70.82053274 72.43877282 74.63720529 76.5733924 -9999
