meets/meet004/data/CCSM_21k_neotropic_bio04.asc
NCOLS 154 
NROWS 168 
XLLCORNER -112 
YLLCORNER -55.5 
CELLSIZE 0.5 
NODATA_value -9999 
[rows 29 to 57 of 168, columns 64 to 127 of 154]
-9999 -9999 -9999 -9999 -9999 -9999 -9999 -9999 -9999 -9999 -9999 -9999 -9999 -9999 -9999 -9999 -9999 -9999 -9999 -9999 -9999 -9999 -9999 -9999 -9999 -9999 -9999 -9999 -9999 -9999 -9999 -9999 -9999 -9999 -9999 -9999 -9999 119.5681478 -9999 -9999 -9999 -9999 -9999 -9999 -9999 -9999 -9999 -9999 -9999 -9999 -9999 -9999 -9999 -9999 -9999 -9999 -9999 -9999 -9999 -9999 -9999 -9999 -9999 -9999
-9999 -9999 -9999 -9999 -9999 -9999 -9999 -9999 -9999 -9999 -9999 -9999 -9999 -9999 -9999 -9999 -9999 -9999 -9999 -9999 -9999 -9999 -9999 -9999 -9999 -9999 -9999 -9999 -9999 -9999 -9999 -9999 -9999 -9999 -9999 -9999 -9999 121.0055904 -9999 -9999 -9999 -9999 -9999 -9999 -9999 -9999 -9999 -9999 -9999 -9999 -9999 -9999 -9999 -9999 -9999 -9999 -9999 -9999 -9999 -9999 -9999 -9999 -9999 -9999
-9999 -9999 -9999 -9999 -9999 -9999 -9999 -9999 -9999 -9999 -9999 -9999 -9999 -9999 -9999 -9999 -9999 -9999 -9999 -9999 -9999 -9999 -9999 -9999 -9999 -9999 -9999 -9999 -9999 -9999 -9999 -9999 -9999 -9999 -9999 -9999 -9999 -9999 -9999 -9999 -9999 -9999 -9999 -9999 -9999 -9999 -9999 -9999 -9999 -9999 -9999 -9999 -9999 -9999 -9999 -9999 -9999 -9999 -9999 -9999 -9999 -9999 -9999 -9999
-9999 -9999 -9999 -9999 -9999 -9999 -9999 -9999 -9999 -9999 -9999 -9999 -9999 -9999 -9999 -9999 101.2778219 -9999 -9999 -9999 -9999 -9999 -9999 -9999 -9999 -9999 -9999 -9999 -9999 -9999 -9999 -9999 -9999 -9999 -9999 -9999 119.804467 -9999 -9999 -9999 -9999 -9999 -9999 -9999 -9999 -9999 -9999 -9999 -9999 -9999 -9999 -9999 -9999 -9999 -9999 -9999 -9999 -9999 -9999 -9999 -9999 -9999 -9999 -9999
-9999 -9999 -9999 -9999 -9999 -9999 -9999 -9999 -9999 -9999 -9999 -9999 -9999 -9999 91.1794987 94.31810187 94.79936889 -9999 -9999 -9999 -9999 -9999 -9999 -9999 -9999 -9999 -9999 -9999 -9999 -9999 -9999 -9999 -9999 -9999 -9999 -9999 -9999 -9999 -9999 -9999 -9999 -9999 -9999 -9999 -9999 -9999 -9999 -9999 -9999 -9999 -9999 -9999 -9999 -9999 -9999 -9999 -9999 -9999 -9999 -9999 -9999 -9999 -9999 -9999
-9999 -9999 -9999 -9999 -9999 -9999 -9999 -9999 -9999 -9999 71.94549476 66.07831308 66.38871444 68.05581822 73.71239456 78.12198316 -9999 -9999 90.02069159 94.30083919 98.09098913 100.7009027 105.487331 -9999 -9999 -9999 -9999 -9999 -9999 -9999 -9999 -9999 -9999 -9999 -9999 -9999 -9999 -9999 -9999 -9999 -9999 -9999 -9999 -9999 -9999 -9999 -9999 -9999 -9999 -9999 -9999 -9999 -9999 -9999 -9999 -9999 -9999 -9999 -9999 -9999 -9999 -9999 -9999 -9999
-9999 -9999 -9999 -9999 -9999 -9999 -9999 -9999 -9999 58.32875638 57.40639387 61.89865607 68.30294497 74.88748323 82.04260673 83.74468926 82.91963413 83.96137914 84.2494252 86.92109194 89.87378291 91.95883741 95.68636699 93.94927273 -9999 -9999 -9999 -9999 -9999 -9999 -9999 -9999 -9999 -9999 -9999 -9999 -9999 -9999 -9999 -9999 -9999 -9999 -9999 -9999 -9999 -9999 -9999 -9999 -9999 -9999 -9999 -9999 -9999 -9999 -9999 -9999 -9999 -9999 -9999 -9999 -9999 -9999 -9999 -9999
-9999 -9999 -9999 -9999 -9999 -9999 -9999 -9999 -9999 60.6307772 76.36407096 85.69111652 94.76652595 98.10224337 100.5212911 99.60116841 94.04640481 89.51905105 87.04765837 86.12304588 85.20105482 84.68415477 84.3240538 81.43079237 79.13159306 80.23842442 82.84308975 87.13951667 89.79261266 92.43434588 95.14065576 97.41579673 99.65076455 101.241914 102.1875694 -9999 -9999 -9999 -9999 -9999 -9999 -9999 -9999 -9999 -9999 -9999 -9999 -9999 -9999 -9999 -9999 -9999 -9999 -9999 -9999 -9999 -9999 -9999 -9999 -9999 -9999 -9999 -9999 -9999
-9999 -9999 -9999 -9999 -9999 -9999 -9999 -9999 -9999 97.41468793 118.0389027 120.5425343 124.4672442 125.5031651 124.0433024 121.7146417 114.0054222 105.3699556 99.60161602 95.05070357 89.48320626 84.09058424 81.27928503 77.54255896 76.42748277 76.98933973 80.07760581 83.85009126 86.78450613 89.98484735 93.13885249 96.82018087 99.90940698 101.9996093 102.8878752 102.6431266 101.5608604 -9999 -9999 -9999 -9999 -9999 -9999 -9999 -9999 -9999 -9999 -9999 -9999 -9999 -9999 -9999 -9999 -9999 -9999 -9999 -9999 -9999 -9999 -9999 -9999 -9999 -9999 -9999
37.93590761 30.86140185 26.9782571 21.36322026 -9999 -9999 -9999 -9999 104.0432487 137.2698458 153.7993759 152.2717299 154.4642453 151.2126466 155.1313897 152.3717298 142.3990118 136.0864066 123.8737877 116.3584786 104.9045826 91.3932125 84.83607509 80.84394923 82.28213564 83.163684 84.1739019 87.28658251 88.49292819 91.14241474 93.64735274 95.60988437 98.70028909 101.0398678 102.6819178 103.2484248 102.6972337 101.9062024 -9999 -9999 -9999 -9999 -9999 -9999 -9999 -9999 -9999 -9999 -9999 -9999 -9999 -9999 -9999 -9999 -9999 -9999 -9999 -9999 -9999 -9999 -9999 -9999 -9999 -9999
27.35985064 -9999 -9999 37.80128832 41.27916071 56.72161082 78.85355076 114.1572465 137.3164383 166.8004623 179.2680049 173.3137176 174.4779304 166.8913116 171.9377486 168.9400435 157.9020014 153.3668409 140.4225148 133.4233374 120.3121751 103.5130938 97.20850181 91.76598699 91.37778543 90.14661236 90.60639267 91.88599124 92.03128729 92.85660126 93.84326726 94.76844205 96.5964111 99.27453393 102.4146097 103.5922153 104.3333107 104.5445661 -9999 -9999 -9999 -9999 -9999 -9999 -9999 -9999 -9999 -9999 -9999 -9999 -9999 -9999 -9999 -9999 -9999 -9999 -9999 -9999 -9999 -9999 -9999 -9999 -9999 -9999
-9999 -9999 -9999 51.47450814 68.14503395 85.71489473 102.1741902 127.8156897 146.329176 168.4162391 176.6401156 174.277885 172.4806138 164.4203638 164.5516139 162.9672275 154.0348458 149.9035857 141.361314 137.7337763 125.9533579 114.2020878 108.9525381 105.8582995 105.4619322 102.9682004 98.99065681 97.28518107 95.89660246 94.03736149 94.64335121 94.7849627 94.15986778 98.12625278 100.2950951 103.0837496 105.3153464 105.846192 104.6113375 102.3309521 98.97045755 -9999 -9999 -9999 -9999 -9999 -9999 -9999 -9999 -9999 -9999 -9999 -9999 -9999 -9999 -9999 -9999 -9999 -9999 -9999 -9999 -9999 -9999 -9999
-9999 -9999 -9999 53.09285981 70.75286453 86.89633889 98.9423286 119.0184112 131.4491939 148.2167988 155.364384 154.1484972 151.5485199 142.4525338 144.1632365 145.107846 141.4903124 138.5391986 128.9924794 128.9536019 126.331106 123.9117327 122.8220513 122.5304305 121.9304006 118.5974001 112.6997262 107.8637489 104.5996225 101.7449366 102.4714637 103.7119345 102.3054878 104.4162802 105.7002143 107.0777521 109.041396 109.5876922 110.2574137 108.4887176 103.9913274 97.7760596 -9999 -9999 -9999 -9999 -9999 -9999 -9999 -9999 -9999 -9999 -9999 -9999 -9999 -9999 -9999 -9999 -9999 -9999 -9999 -9999 -9999 -9999
-9999 -9999 -9999 -9999 55.60257708 65.16782768 78.55802476 92.56402082 107.6705567 115.7276099 121.8823248 127.8988154 126.5080784 122.6616973 121.6317436 124.3003858 126.1987551 117.8016341 111.5998197 124.177695 139.1231454 139.1897244 138.1105843 135.203316 135.9722845 132.3979268 126.4145048 123.6035075 117.4014681 116.3363436 117.2143714 118.2729012 119.9769479 117.4206002 117.3893248 117.8516289 117.4733415 120.2088897 116.7685222 116.3729804 111.2863726 101.811223 94.17964251 -9999 -9999 -9999 -9999 -9999 -9999 -9999 -9999 -9999 -9999 -9999 -9999 -9999 -9999 -9999 -9999 -9999 -9999 -9999 -9999 -9999
-9999 -9999 -9999 -9999 -9999 49.93899541 59.71658405 73.60682182 86.49496122 91.11211795 98.8493114 110.0000128 113.7715333 113.9065572 112.573029 110.8199059 109.9128001 101.4835928 107.6492946 135.2555625 155.4729782 155.2080585 150.3753369 144.6023906 143.8588554 140.2582461 136.5329575 135.2735439 129.8627916 129.1251887 128.940033 128.2310398 129.2910155 126.7001085 124.2904303 122.5517928 119.8198206 118.3865107 115.1232531 113.5461931 109.9317426 104.7730677 99.83700118 94.13704983 -9999 -9999 -9999 -9999 -9999 -9999 -9999 -9999 -9999 -9999 -9999 -9999 -9999 -9999 -9999 -9999 -9999 -9999 -9999 -9999
-9999 -9999 -9999 -9999 -9999 46.73325268 47.61369764 63.55541165 72.99594254 77.21992746 86.62219734 100.5842591 111.0711266 109.3124123 105.3371235 98.62827481 97.69785444 109.3432931 122.2116472 153.7546053 171.704314 166.7884753 160.2853457 149.2686623 149.6059281 145.7956127 139.0221928 142.7978063 134.9560862 134.7436816 133.317126 130.4878806 133.6122965 130.7637955 129.508913 127.2663519 121.0235116 117.7171124 112.065668 108.8445861 105.3957579 103.1334895 105.9176057 98.72759288 93.37781399 -9999 -9999 -9999 -9999 -9999 -9999 -9999 -9999 -9999 -9999 -9999 -9999 -9999 -9999 -9999 -9999 -9999 -9999 -9999
-9999 -9999 -9999 -9999 -9999 43.38638116 42.05232384 56.05123067 66.5888062 70.84363775 80.84072578 95.2060713 104.6435073 104.3463998 97.52864006 90.78503913 98.88992149 123.082543 146.0684926 169.9118581 178.6083382 168.5015838 155.7905099 139.2050748 133.2162312 127.6189449 122.1140213 124.9737413 123.7857868 126.9848487 127.925867 127.2721231 131.3404232 131.5038907 130.4546686 127.4922784 120.3577384 114.7542463 109.0362168 106.9355466 102.6918768 98.22093137 97.72448372 96.27592348 95.93941663 95.76408442 93.84001376 92.10525217 91.93622127 91.39043099 89.43456173 87.12275955 -9999 -9999 -9999 -9999 -9999 -9999 -9999 -9999 -9999 -9999 -9999 -9999
-9999 -9999 -9999 -9999 -9999 40.55864775 39.55234297 54.09022403 61.21579534 65.01617207 74.50001315 87.65010728 98.96541962 97.70198347 92.91420045 93.71744759 113.2398843 151.7619696 163.5519819 176.33864 173.7815357 153.9704771 142.499768 116.2897965 101.2462209 95.88768914 95.20910283 95.52901709 103.6080443 112.1216093 116.0409305 118.2416852 124.7116473 123.6991854 122.4705212 118.3133283 112.2473932 106.0293849 101.1533322 101.3655159 99.33133776 94.39628827 91.14298634 89.41545266 95.85437841 100.7569279 99.77397334 102.0471149 100.1260228 103.5765809 102.6153282 99.28882556 97.2373916 86.61060109 77.44974956 -9999 -9999 -9999 -9999 -9999 -9999 -9999 -9999 -9999
-9999 -9999 -9999 -9999 -9999 39.65063601 38.82406786 49.24027896 56.93251062 62.11718269 70.49745794 81.74816641 90.52036247 91.71498324 93.30116868 102.6428336 124.3831295 148.6980033 154.4609356 151.4077111 140.2325918 119.6151759 99.05352944 82.07817464 70.83132001 69.11821812 71.21037467 74.46253245 83.72441241 91.13422786 96.8216806 101.2143766 105.1160532 106.9350163 109.0477445 106.4999551 98.81175588 92.30677301 88.30260599 93.55108151 94.16276258 88.76423996 84.49778569 82.24692805 87.9872546 93.90534339 96.04975176 98.8174243 99.94681698 104.2621507 104.79294 104.0097482 101.2178953 93.13354849 85.18565075 75.49756624 -9999 -9999 -9999 -9999 -9999 -9999 -9999 -9999
-9999 -9999 -9999 -9999 -9999 42.04173344 38.81805777 48.13726812 53.81675402 59.03583635 66.24846828 74.53395667 84.92526527 88.57645593 98.10520132 110.5696585 122.4567881 139.5821544 130.310895 114.0347095 97.37166929 79.37982635 53.74037716 53.70294219 49.87146344 51.98570731 57.34491065 58.58391729 67.26512458 72.18812188 78.62733459 81.6651973 85.22301664 91.36450079 99.3681226 96.89863303 87.51788844 78.95177113 69.21428612 77.5397097 80.20393125 75.05993929 76.43200144 75.30184537 79.49789986 84.40721385 86.98358919 90.67175914 93.15083227 97.27315971 99.06997823 99.54809523 101.7710584 94.07675106 88.8036322 79.28514458 68.20387219 61.31654427 -9999 -9999 -9999 -9999 -9999 -9999
-9999 -9999 -9999 -9999 -9999 43.06914331 38.36681359 45.31113408 50.10206508 53.81833929 59.34515319 66.29942449 74.2820025 81.69685591 93.78391718 102.8515756 105.0062887 101.3914377 92.69041131 78.35887616 65.72368022 54.08101271 43.91958259 42.82391795 44.38559577 47.68933996 52.84250806 59.05229672 67.06877264 75.60529363 82.24624538 86.68491047 92.94944474 98.72842559 103.4951667 100.5144777 88.96859362 76.99356577 64.21513005 59.76750797 60.53366897 64.5859497 68.16748555 71.21225266 73.50144282 76.17297083 79.15926394 82.00990962 84.79541605 87.08263853 88.4209658 89.10630722 88.55690851 86.38701069 82.07182962 75.72432274 67.59597374 62.11261287 -9999 -9999 -9999 -9999 -9999 -9999
-9999 -9999 -9999 -9999 -9999 42.64809463 37.50380642 44.25710399 47.79997121 48.25272187 52.25207104 58.08933532 65.13668387 72.31024866 84.84134969 90.51350208 81.5602035 70.63597951 65.92742525 57.44789611 49.84950227 45.09046588 41.07210836 41.60503305 44.43997269 47.74270997 53.40393508 67.32480044 75.26828114 93.56195631 105.2809166 110.0821782 130.7330132 120.3505604 123.5581003 120.0457421 105.9785013 103.9583591 85.32328511 80.92167357 75.47646698 73.19218314 77.38236226 70.97551545 69.13173892 70.07394683 73.17822054 75.90221702 79.46692591 79.16454306 79.9174771 81.22973709 77.01951359 76.74088104 74.6903578 69.89136706 64.4218433 59.66904374 -9999 -9999 -9999 -9999 -9999 -9999
-9999 -9999 -9999 -9999 -9999 35.20390143 36.29434028 41.89814018 45.59047035 46.3277363 49.09574358 51.80431691 55.50035436 61.28521522 66.57769372 68.65596168 65.99239842 60.16473542 55.90848473 51.82270354 47.93019437 44.97648612 43.80452602 44.04565858 46.03155656 48.80935394 52.61289385 63.47238825 74.60613247 90.59399065 103.2920016 111.3886344 120.9515259 121.5557713 123.4728405 121.0509724 113.5499229 110.6559138 98.83638427 94.76834982 87.99121229 78.54594933 73.99174948 68.95430536 66.48742881 66.77586148 69.95280666 74.03825731 77.22185487 79.32959916 80.10256518 79.80679163 77.66398198 74.43407153 70.70175998 66.65795379 62.13081639 58.36659422 -9999 -9999 -9999 -9999 -9999 -9999
-9999 -9999 -9999 37.65484829 32.97068034 34.67416273 36.76509776 41.35310931 44.02218204 45.19680744 47.42458864 47.62625417 48.80479865 52.89136989 55.18677673 56.64941883 57.20475939 55.37210355 53.48471506 50.54284902 47.93535464 46.92595232 46.06002365 46.08508187 47.24171386 49.00467914 50.8857633 58.34605781 68.94762909 80.38194875 91.64287838 99.73829511 107.1998002 109.1546001 111.4309002 110.0387027 107.2108495 108.4526721 95.50978818 95.22788688 88.42452059 74.84700998 69.20714773 65.25466891 63.09916666 63.95428591 67.78898683 73.32731741 76.53679543 80.40137158 80.99133206 79.85714704 79.31522854 72.85777307 69.46416941 65.11166854 61.1268167 57.98758615 60.56795164 -9999 -9999 -9999 -9999 -9999
-9999 -9999 40.85388926 33.58087465 31.24489808 35.27372703 38.02485227 41.09207681 43.53722648 43.95795498 45.42708398 46.25346698 46.72263266 48.51970058 49.56654767 50.63428892 52.16834788 52.28234706 51.14775609 49.22770576 47.52079816 46.37584212 46.09503449 46.11674402 46.7223547 48.39873356 50.92925886 56.31926345 63.86668537 72.11939497 80.6093698 87.6908425 91.92734486 94.94679654 95.27767045 92.81795602 88.68619976 83.29887217 79.36596203 76.38192328 72.11159194 66.2816445 63.1498253 60.20888372 60.00212411 61.12938846 64.81869542 70.23451495 72.78091183 74.84352805 75.16489452 73.82343977 71.27737918 67.07711539 64.14258591 61.7349882 62.43551466 63.91304326 64.48421558 66.672507 -9999 -9999 -9999 -9999
-9999 -9999 35.61020518 30.87226191 33.86941985 38.43272105 40.21631717 42.3623363 44.20656451 44.25073559 45.45808449 45.4221521 45.63415547 46.21093039 46.09930768 46.77004815 48.96511601 48.90885338 48.39549804 46.79364135 45.70991328 45.21903618 45.0693102 45.41975583 45.89500678 47.63366898 50.04328111 55.1709842 61.63245028 66.60321608 73.12705909 78.12004025 79.99156596 83.14563222 80.721867 76.9369735 71.98505039 65.68176439 62.61780322 60.98910611 59.08383965 57.81376887 56.50378835 54.55103616 55.32654077 56.94616413 60.26536431 65.27145835 66.71878888 67.51968308 67.26836117 65.6216683 63.00599069 59.08064556 57.42443661 56.1739195 61.49795602 66.74085278 64.12067923 65.9153307 -9999 -9999 -9999 -9999
33.37697073 30.79808364 31.88543706 33.53836485 37.03992306 40.06540314 41.84542171 44.02908189 44.13830898 44.62825061 44.73938815 45.02387731 44.79560519 44.534573 44.41484559 44.52432493 45.41182717 45.54894619 45.3096861 44.06976222 43.48809937 43.44091392 43.59467551 43.9033865 44.60113189 46.2754867 49.15379711 53.46744715 58.29591774 63.29514359 66.76709538 69.60499905 70.28310113 70.8578585 68.85056419 64.83629371 59.83209686 55.54736094 53.92868379 52.49118572 52.6322547 51.55553919 50.8782323 50.29484155 50.69370678 51.31364188 53.78589075 56.48280136 58.20553303 59.21659523 58.6897993 57.26552246 55.05428537 51.54513905 48.8423595 49.91855675 55.25445659 58.63418963 61.43500826 61.78554226 -9999 -9999 -9999 -9999
34.08329394 32.00543915 37.38446412 38.51319234 40.54278554 42.02158705 42.63799335 44.85606608 45.43155343 44.62596053 44.63232575 44.55643474 44.16777658 43.59048729 43.12369809 42.64562781 43.19715426 42.92895443 42.46512601 41.68001628 41.44602876 41.59882691 41.97237402 42.57024982 43.14056911 45.02726485 47.44806563 51.5437436 55.54612573 58.66334626 61.57085297 62.64985266 62.33085839 61.43331096 58.4332355 54.88778435 52.3173535 49.68967528 48.2863117 47.95353608 47.22145605 46.91153552 46.10271659 45.77922903 46.61573736 47.00437601 48.1478638 49.42540401 51.07316392 51.77867094 51.54052635 49.90961287 47.65900861 44.8891973 42.31280078 41.71642731 47.01369788 50.7269629 54.34525497 57.84538903 57.93337343 -9999 -9999 -9999
36.24656531 35.19822652 39.59705815 41.60807751 42.40205208 43.06758884 44.90749707 47.18903486 46.87768944 44.85266489 44.20654043 44.23957061 43.87693152 43.34238142 42.68385027 42.2182675 42.06119695 41.6047099 41.02208276 40.30197293 39.91245533 40.30300609 40.72166186 41.31569234 42.15288217 43.66205649 45.87858683 48.59379645 51.99002124 55.02439789 56.31894971 55.92515794 54.1637461 52.1974515 49.26312602 46.96228704 45.32598902 44.13179517 44.02709232 43.41657023 43.45521209 43.50957081 43.2232565 43.81873574 43.75177796 43.83437601 45.14257827 45.38071105 46.56320809 46.93153779 46.00891244 44.0783966 40.80393338 39.01541531 37.05324335 36.81888748 40.08780586 43.62416073 49.29419837 54.99474886 59.14879977 62.54421085 63.0442799 -9999
