meets/meet004/data/CCSM_0k_neotropic_bio02.asc
NCOLS 154 
NROWS 168 
XLLCORNER -112 
YLLCORNER -55.5 
CELLSIZE 0.5 
NODATA_value -9999 
[rows 29 to 57 of 168, columns 64 to 127 of 154]
-9999 -9999 -9999 -9999 -9999 -9999 -9999 -9999 -9999 -9999 -9999 -9999 -9999 -9999 -9999 -9999 -9999 -9999 -9999 -9999 -9999 -9999 -9999 -9999 -9999 -9999 -9999 -9999 -9999 -9999 -9999 -9999 -9999 -9999 -9999 -9999 -9999 0.536212514 -9999 -9999 -9999 -9999 -9999 -9999 -9999 -9999 -9999 -9999 -9999 -9999 -9999 -9999 -9999 -9999 -9999 -9999 -9999 -9999 -9999 -9999 -9999 -9999 -9999 -9999
-9999 -9999 -9999 -9999 -9999 -9999 -9999 -9999 -9999 -9999 -9999 -9999 -9999 -9999 -9999 -9999 -9999 -9999 -9999 -9999 -9999 -9999 -9999 -9999 -9999 -9999 -9999 -9999 -9999 -9999 -9999 -9999 -9999 -9999 -9999 -9999 -9999 0.535009626 -9999 -9999 -9999 -9999 -9999 -9999 -9999 -9999 -9999 -9999 -9999 -9999 -9999 -9999 -9999 -9999 -9999 -9999 -9999 -9999 -9999 -9999 -9999 -9999 -9999 -9999
-9999 -9999 -9999 -9999 -9999 -9999 -9999 -9999 -9999 -9999 -9999 -9999 -9999 -9999 -9999 -9999 -9999 -9999 -9999 -9999 -9999 -9999 -9999 -9999 -9999 -9999 -9999 -9999 -9999 -9999 -9999 -9999 -9999 -9999 -9999 -9999 -9999 -9999 -9999 -9999 -9999 -9999 -9999 -9999 -9999 -9999 -9999 -9999 -9999 -9999 -9999 -9999 -9999 -9999 -9999 -9999 -9999 -9999 -9999 -9999 -9999 -9999 -9999 -9999
-9999 -9999 -9999 -9999 -9999 -9999 -9999 -9999 -9999 -9999 -9999 -9999 -9999 -9999 -9999 -9999 2.338281937 -9999 -9999 -9999 -9999 -9999 -9999 -9999 -9999 -9999 -9999 -9999 -9999 -9999 -9999 -9999 -9999 -9999 -9999 -9999 0.531447802 -9999 -9999 -9999 -9999 -9999 -9999 -9999 -9999 -9999 -9999 -9999 -9999 -9999 -9999 -9999 -9999 -9999 -9999 -9999 -9999 -9999 -9999 -9999 -9999 -9999 -9999 -9999
-9999 -9999 -9999 -9999 -9999 -9999 -9999 -9999 -9999 -9999 -9999 -9999 -9999 -9999 4.166045869 4.49456433 4.439312562 -9999 -9999 -9999 -9999 -9999 -9999 -9999 -9999 -9999 -9999 -9999 -9999 -9999 -9999 -9999 -9999 -9999 -9999 -9999 -9999 -9999 -9999 -9999 -9999 -9999 -9999 -9999 -9999 -9999 -9999 -9999 -9999 -9999 -9999 -9999 -9999 -9999 -9999 -9999 -9999 -9999 -9999 -9999 -9999 -9999 -9999 -9999
-9999 -9999 -9999 -9999 -9999 -9999 -9999 -9999 -9999 -9999 3.304949576 4.264554543 5.220860908 6.026447864 6.720723268 7.015806134 -9999 -9999 6.190146739 5.744246229 5.073834293 4.298903227 3.380060528 -9999 -9999 -9999 -9999 -9999 -9999 -9999 -9999 -9999 -9999 -9999 -9999 -9999 -9999 -9999 -9999 -9999 -9999 -9999 -9999 -9999 -9999 -9999 -9999 -9999 -9999 -9999 -9999 -9999 -9999 -9999 -9999 -9999 -9999 -9999 -9999 -9999 -9999 -9999 -9999 -9999
-9999 -9999 -9999 -9999 -9999 -9999 -9999 -9999 -9999 4.250936649 5.42756511 6.639216714 7.981975526 8.088865193 8.712374172 8.883954834 8.52946814 8.828721304 8.217286272 8.183618788 7.620228173 6.582921146 5.905440573 4.550531927 -9999 -9999 -9999 -9999 -9999 -9999 -9999 -9999 -9999 -9999 -9999 -9999 -9999 -9999 -9999 -9999 -9999 -9999 -9999 -9999 -9999 -9999 -9999 -9999 -9999 -9999 -9999 -9999 -9999 -9999 -9999 -9999 -9999 -9999 -9999 -9999 -9999 -9999 -9999 -9999
-9999 -9999 -9999 -9999 -9999 -9999 -9999 -9999 -9999 6.439520392 7.653232509 8.271971197 8.80140741 8.931936428 9.009367939 9.026746816 8.89507185 8.968805236 8.900318363 9.013635685 8.689652002 8.058459242 7.508121936 6.615852114 6.110396244 5.729592304 5.586122175 5.847859838 5.730784554 5.839858421 5.819868843 5.758952868 5.611157711 4.851429697 3.91504814 -9999 -9999 -9999 -9999 -9999 -9999 -9999 -9999 -9999 -9999 -9999 -9999 -9999 -9999 -9999 -9999 -9999 -9999 -9999 -9999 -9999 -9999 -9999 -9999 -9999 -9999 -9999 -9999 -9999
-9999 -9999 -9999 -9999 -9999 -9999 -9999 -9999 -9999 8.043731872 9.102265443 9.109669761 9.26205035 9.065094327 8.842007664 8.767832322 8.709010651 8.749652158 8.767493278 9.053313913 8.954865123 8.636911397 8.558130227 8.117061733 8.361373748 8.249850805 8.024042584 8.508796531 8.006639684 8.235098231 8.142263179 7.77630407 7.888786101 6.728481054 5.644372108 4.436645208 3.074426377 -9999 -9999 -9999 -9999 -9999 -9999 -9999 -9999 -9999 -9999 -9999 -9999 -9999 -9999 -9999 -9999 -9999 -9999 -9999 -9999 -9999 -9999 -9999 -9999 -9999 -9999 -9999
3.081036719 3.590521574 4.161003086 3.622196113 -9999 -9999 -9999 -9999 7.267539577 8.681924858 9.481711311 9.538518308 9.240425894 9.095637134 8.895070483 8.731830418 8.637109834 8.559477993 8.542942489 8.536566865 8.524550963 8.534142743 8.665208393 8.667815741 8.891656425 8.931347202 8.769241494 8.816911698 8.686252142 8.752611752 8.625806581 8.414223734 8.151872258 7.56365741 6.886418763 5.763239434 4.342229409 3.045961261 -9999 -9999 -9999 -9999 -9999 -9999 -9999 -9999 -9999 -9999 -9999 -9999 -9999 -9999 -9999 -9999 -9999 -9999 -9999 -9999 -9999 -9999 -9999 -9999 -9999 -9999
3.765614607 -9999 -9999 4.882799967 4.737027476 5.29875048 6.063089352 7.07791249 8.350571004 9.415027667 9.96583911 9.85982076 9.51915007 9.367898671 9.102896593 8.889353353 8.746836448 8.526333827 8.372638195 8.209579357 8.134810283 8.234365101 8.408543566 8.505078272 8.825422192 8.909174268 8.758652163 8.77771001 8.728182075 8.77539565 8.658455309 8.452016555 8.208245459 7.839249863 7.534201878 6.669254581 5.458906166 4.324678918 -9999 -9999 -9999 -9999 -9999 -9999 -9999 -9999 -9999 -9999 -9999 -9999 -9999 -9999 -9999 -9999 -9999 -9999 -9999 -9999 -9999 -9999 -9999 -9999 -9999 -9999
-9999 -9999 -9999 4.741181472 6.319944138 7.374151683 7.918741173 8.906749038 9.555887418 10.20336711 10.49189786 10.34179789 10.1745971 9.675691249 9.375114627 9.05101567 8.7750503 8.705129885 8.382804033 8.130752185 7.999980182 7.893030942 7.933894112 8.196191009 8.445881806 8.623657453 8.733065341 8.760135289 8.801167923 8.833424197 8.689218152 8.415305136 8.155235003 7.847242059 7.567981235 7.069706929 6.423225103 5.773416715 5.098620905 4.477445919 3.489150833 -9999 -9999 -9999 -9999 -9999 -9999 -9999 -9999 -9999 -9999 -9999 -9999 -9999 -9999 -9999 -9999 -9999 -9999 -9999 -9999 -9999 -9999 -9999
-9999 -9999 -9999 4.026444878 6.106450656 7.54727824 8.401032894 9.523157768 10.06330035 10.56922945 10.78419718 10.57962698 10.28713511 9.573726151 9.032769791 8.627543218 8.403076945 8.42170381 8.165161742 7.962464463 7.82213523 7.704129885 7.65837475 7.887351103 8.167931095 8.382139574 8.595063208 8.702251119 8.77655487 8.738948707 8.565687576 8.237139073 7.948236835 7.686065767 7.564869552 7.303933668 7.028938109 6.854095274 6.528163906 6.170624966 5.218789958 3.835990696 -9999 -9999 -9999 -9999 -9999 -9999 -9999 -9999 -9999 -9999 -9999 -9999 -9999 -9999 -9999 -9999 -9999 -9999 -9999 -9999 -9999 -9999
-9999 -9999 -9999 -9999 4.380047197 6.037179153 7.708041269 9.045483505 10.005535 10.50329831 10.6485072 10.40167853 9.885511515 9.05314052 8.090613998 7.614059667 7.686581593 7.711348173 7.728686593 7.689731022 7.638784203 7.555327379 7.603745465 7.836952091 8.011180825 8.298726577 8.654988383 8.725033092 8.727091333 8.523627762 8.26611139 7.976075139 7.627171539 7.528437407 7.452587537 7.417924914 7.475548081 7.498176093 7.392033021 7.412310893 6.72868674 5.575502276 4.468898073 -9999 -9999 -9999 -9999 -9999 -9999 -9999 -9999 -9999 -9999 -9999 -9999 -9999 -9999 -9999 -9999 -9999 -9999 -9999 -9999 -9999
-9999 -9999 -9999 -9999 -9999 4.703586214 6.846686633 8.627745693 9.647546635 9.966194819 10.12362407 9.983940454 9.448180848 8.488375053 7.409024388 6.921370213 7.067584673 7.269062468 7.371940264 7.37248361 7.424565527 7.464394217 7.644461185 8.055939447 8.468771033 8.817439951 9.108944748 9.060730313 8.842366084 8.419961744 8.081162053 7.824365266 7.609829887 7.589256776 7.596825405 7.584405406 7.630030471 7.702960543 7.627974944 7.694672823 7.324225973 6.745199921 5.947881667 4.489214403 -9999 -9999 -9999 -9999 -9999 -9999 -9999 -9999 -9999 -9999 -9999 -9999 -9999 -9999 -9999 -9999 -9999 -9999 -9999 -9999
-9999 -9999 -9999 -9999 -9999 3.783661293 6.387680378 8.625631828 9.34533097 9.29704332 9.380092649 9.411534785 9.175938024 8.108143143 6.959282512 6.519932422 6.806564466 7.113673548 7.115399759 7.082598519 7.198387184 7.329448751 7.667594633 8.327606499 9.224491983 9.667997818 9.67650225 9.681559408 9.138785261 8.443596835 8.053009743 7.934952692 7.815822234 7.816617072 7.876838377 7.831301598 7.720270372 7.572958105 7.413946309 7.284878929 7.186709583 7.25580351 7.172440567 5.956013131 4.760928772 -9999 -9999 -9999 -9999 -9999 -9999 -9999 -9999 -9999 -9999 -9999 -9999 -9999 -9999 -9999 -9999 -9999 -9999 -9999
-9999 -9999 -9999 -9999 -9999 3.467062663 6.152038344 8.279163866 8.979061477 8.713327134 8.689702601 8.692260826 8.432246341 7.765132438 6.979411624 6.64200564 6.78387218 6.942964218 6.93423881 6.899297641 7.022731043 7.191658909 7.652433049 8.400454118 9.308082928 9.815728478 9.930572302 9.860199912 9.42616436 8.907714496 8.53873089 8.317903065 8.188051348 8.14346568 8.124085121 7.958623332 7.712564485 7.412475491 7.086335882 6.874637347 6.844470761 7.126934136 7.337370358 6.87183693 6.345009822 5.924588704 5.61674299 5.458429495 5.233072276 4.974054088 4.446532008 3.757397235 -9999 -9999 -9999 -9999 -9999 -9999 -9999 -9999 -9999 -9999 -9999 -9999
-9999 -9999 -9999 -9999 -9999 3.291585248 6.023948548 8.380005229 8.725804859 8.255745124 8.098705667 8.009077023 7.67854824 7.434111439 7.120860488 6.917895227 6.862232503 6.829926663 6.801666451 6.746436111 6.857478043 7.042792338 7.441699538 8.160425205 8.981149343 9.511854992 9.704594821 9.845483483 9.546244169 9.370337283 9.084850354 8.700556905 8.560195148 8.405807683 8.334018848 8.085567324 7.733798042 7.276946132 6.893840815 6.487700706 6.487141435 6.892512243 7.154039404 7.31515175 7.53139525 7.529001752 7.416926577 7.704297466 7.179432137 7.205878649 6.695140573 5.800916923 5.188233258 3.944709958 2.725204948 -9999 -9999 -9999 -9999 -9999 -9999 -9999 -9999 -9999
-9999 -9999 -9999 -9999 -9999 3.381555444 6.039251519 8.117278562 8.613621287 8.097251458 7.857246288 7.604758283 7.354329588 7.224717332 7.126047854 7.011444414 6.935721515 6.849881275 6.783390587 6.747517403 6.806646003 6.897059964 7.17471578 7.732349143 8.371469833 8.876550595 9.206667648 9.367664388 9.381841391 9.253754261 9.073581258 8.827478568 8.62846185 8.575467656 8.531766854 8.272321963 7.886397333 7.374425223 6.88364592 6.463217372 6.407911235 6.734572196 7.156357183 7.491998048 7.843034474 8.028281084 8.070623406 8.19225438 7.992271229 7.947202086 7.599038648 7.075406235 6.531453669 5.565193582 4.569765212 3.458013073 -9999 -9999 -9999 -9999 -9999 -9999 -9999 -9999
-9999 -9999 -9999 -9999 -9999 3.346271028 6.024470662 8.433843517 8.512087072 8.002425162 7.727551408 7.36650686 7.101894822 7.107825384 7.140277918 7.104949588 7.024169163 6.894131853 6.835293392 6.799599198 6.798312721 6.760533523 6.814730032 7.362662657 7.816557137 8.315863622 8.780494779 8.918649812 9.194705166 9.082458899 9.007447734 8.920171417 8.606566456 8.764107048 8.803084328 8.528734397 8.078686336 7.590174495 7.088391192 6.631246031 6.565792044 6.903542406 7.195590273 7.549478968 7.852497908 8.097853463 8.190844863 8.150406398 8.105413263 8.00424923 7.810325368 7.705808055 7.576675023 6.785584068 6.25183822 5.046140059 3.421099007 2.211414149 -9999 -9999 -9999 -9999 -9999 -9999
-9999 -9999 -9999 -9999 -9999 3.583800113 5.953067811 7.718223199 8.161663308 7.690001616 7.457531408 7.189510635 7.041933836 7.148547871 7.340252716 7.335324389 7.177090716 7.000281513 6.900891729 6.84688847 6.810012179 6.756765651 6.835380164 7.146500803 7.576106735 8.105463612 8.702095225 9.142594987 9.345414309 9.351067009 9.333252861 9.239491695 9.159607374 9.122224677 9.056929723 8.749682433 8.248850014 7.771664531 7.435894848 7.265272113 7.216940448 7.327553464 7.512721162 7.721578631 7.912140775 8.069318222 8.18398279 8.208872271 8.154730526 8.065918809 7.933041433 7.827620849 7.669404436 7.345073217 6.841653838 5.674122386 4.001115188 2.506942001 -9999 -9999 -9999 -9999 -9999 -9999
-9999 -9999 -9999 -9999 -9999 4.076391285 6.106586158 7.630605683 7.742888632 7.376187058 7.186642325 7.035994249 6.927517411 7.199754826 7.533345105 7.550825823 7.287526181 7.065886391 6.946038724 6.891241503 6.84966814 6.789695863 6.832654577 7.109842056 7.474663887 8.009828223 8.691108104 9.444830451 9.459717329 9.591232573 9.625007432 9.513317538 9.605066889 9.377354895 9.269591935 8.946537293 8.397251134 7.909769313 7.805341534 7.870234493 7.838292167 7.775976696 7.846424192 7.958777086 8.065380371 8.173183863 8.272526692 8.305335507 8.214141727 8.135438646 7.989816121 7.87302475 7.662733859 7.466069619 7.125760831 5.985519197 4.292595663 2.52644138 -9999 -9999 -9999 -9999 -9999 -9999
-9999 -9999 -9999 -9999 -9999 5.498943018 6.654117527 7.375059865 7.513160303 7.200555798 7.097138237 7.035196123 7.054352351 7.255468219 7.45877412 7.459448477 7.277411588 7.074785821 6.965920235 6.9297402 6.899683774 6.864746683 6.945080374 7.149473793 7.492884418 7.9571103 8.500723745 8.975145013 9.206330438 9.310334598 9.380422238 9.370179023 9.375756105 9.287492616 9.202392288 8.949450322 8.552615728 8.284363203 8.06836792 8.037610028 8.024907047 8.054501507 8.167495063 8.239080813 8.352528888 8.396465418 8.377119434 8.32660756 8.219999333 8.078746011 7.937355368 7.835080458 7.662230311 7.539080868 7.140174452 6.13903553 4.689416863 3.142387363 -9999 -9999 -9999 -9999 -9999 -9999
-9999 -9999 -9999 3.620340763 5.511094373 6.700963073 6.995224958 7.312127176 7.351400713 7.165809734 7.174732465 7.201427809 7.193043137 7.299996635 7.395447039 7.3530808 7.202900802 7.0425492 6.975576883 6.959203873 6.943507033 6.92190173 7.006872948 7.222307167 7.497813608 7.873211176 8.267663489 8.581191967 8.799685342 8.876559865 8.949993928 8.986378799 9.019690957 8.973087609 8.971696096 8.808371517 8.549579144 8.407536886 8.130309917 8.056327028 8.067116267 8.17736571 8.375910214 8.446442248 8.549571068 8.537195342 8.406472281 8.324349788 8.185710474 8.0432613 7.927216033 7.873487156 7.714896368 7.582419493 7.290233147 6.490284161 5.376337481 3.916121383 2.837962012 -9999 -9999 -9999 -9999 -9999
-9999 -9999 3.311827431 4.747074648 5.997264475 6.756149808 6.876347318 6.799370675 7.069394993 7.382458042 7.519262694 7.497694598 7.458492719 7.394781382 7.33087476 7.246384435 7.142574349 7.055237791 6.998125619 6.979019684 6.977891453 6.973361728 7.067096339 7.264678203 7.545533418 7.83762211 8.117977513 8.346795273 8.449256016 8.468044609 8.507304745 8.527225745 8.539183982 8.576040038 8.595893364 8.505261848 8.313307759 8.138229663 8.00983536 7.985325377 8.048735438 8.218950105 8.426069598 8.495646707 8.515809954 8.466564301 8.320942208 8.186265037 8.152409831 8.145315264 8.072091311 7.992617593 7.843590086 7.666415338 7.380012455 6.851149163 6.316369697 5.498624554 4.043890425 2.631118224 -9999 -9999 -9999 -9999
-9999 -9999 4.968114858 5.950012025 6.487514239 6.811636805 6.652307071 6.501444789 7.017505405 7.555358137 7.744184918 7.650461319 7.566580929 7.392462978 7.269472236 7.169436615 7.087249594 7.036771893 6.989031618 6.988387992 6.999614342 7.000380706 7.087969128 7.285892701 7.543930823 7.78224392 7.963114732 8.115760425 8.153142799 8.103274983 8.100083836 8.098970828 8.085837533 8.154585984 8.19827095 8.149063028 8.018074593 7.876904481 7.838080308 7.869074691 7.968079148 8.181464242 8.386016483 8.394162198 8.36987 8.313525028 8.195546654 8.101298394 8.177389465 8.250322427 8.218983785 8.130222271 7.970401442 7.710943148 7.484069564 7.14017094 7.03970867 6.607804843 4.863098215 3.215501959 -9999 -9999 -9999 -9999
4.19737024 5.862769694 7.289695721 7.336233063 6.887170079 6.707395195 6.671227468 6.76713456 7.139200114 7.580818862 7.737962801 7.564045224 7.327984783 7.264586668 7.232506526 7.150012191 7.051464223 6.969926814 6.971834783 6.998115491 7.023970248 7.035440372 7.110865199 7.273135233 7.483498413 7.639069592 7.758312624 7.815460887 7.834861596 7.790423408 7.763131341 7.744418004 7.713826668 7.779341542 7.813166631 7.813358644 7.769752292 7.724502978 7.721677068 7.767649506 7.896174598 8.089101459 8.218518738 8.256147955 8.1570128 8.145476732 8.19112871 8.198348523 8.292603585 8.358377841 8.313492938 8.1939624 8.009308608 7.753451387 7.491351718 7.273057342 7.227104118 6.67521617 5.27945906 3.440180129 -9999 -9999 -9999 -9999
5.602646523 7.308713133 8.712331143 8.292650072 7.316638841 6.953490164 6.806714862 6.916142209 7.192023668 7.573110133 7.654865687 7.411743505 7.169132426 7.165563093 7.197674743 7.150613634 7.055075116 6.961140196 6.977131303 7.023775763 7.053469403 7.062897608 7.113707741 7.239156447 7.383031527 7.494068973 7.54140946 7.569878564 7.60856 7.571928944 7.556996108 7.534875518 7.474647278 7.516019259 7.534766877 7.54720386 7.574117472 7.584662438 7.629045138 7.696975273 7.833213031 8.017155603 8.168147625 8.254859818 8.209426448 8.263676744 8.387966366 8.420872526 8.472216134 8.483384478 8.381053213 8.215807559 7.99757351 7.72837271 7.494357188 7.24952408 7.22073879 6.818025367 5.711887891 4.215785748 2.959017349 -9999 -9999 -9999
6.468015598 8.052849191 8.908167803 8.653659958 7.819212228 7.286872507 6.983014284 6.926133446 7.193867674 7.496105974 7.530129831 7.339703916 7.137225372 7.138653825 7.203880823 7.182463977 7.091563365 7.021649815 7.027733311 7.068267755 7.096116728 7.102098229 7.128074896 7.210798208 7.288959247 7.33691875 7.366427481 7.368219262 7.426527778 7.487436387 7.482558366 7.423074923 7.377181045 7.356408477 7.343604476 7.372117817 7.410506264 7.46199222 7.550295129 7.651869122 7.810197709 8.004201328 8.206689182 8.359157714 8.544448925 8.663158681 8.705851408 8.773656196 8.671222195 8.576743023 8.387831588 8.123661273 7.894285254 7.637764098 7.430198586 7.239470677 7.173535783 6.899149174 6.371328073 5.732769565 4.804900408 3.591477408 2.547652851 -9999
