meets/meet004/data/CCSM_0k_neotropic_bio01.asc
NCOLS 154 
NROWS 168 
XLLCORNER -112 
YLLCORNER -55.5 
CELLSIZE 0.5 
NODATA_value -9999 
[rows 87 to 115 of 168, columns 64 to 127 of 154]
-9999 -9999 -9999 -9999 -9999 -9999 -9999 -9999 -9999 19.05902549 17.57253365 15.64340037 13.45462209 10.49507892 7.782901791 5.676454738 4.524169354 3.577979496 2.910720758 2.716709922 4.038947488 6.574024786 9.739370245 13.22675765 16.52885837 19.60196278 21.84065183 23.67499339 24.7846604 25.50891973 26.03391322 26.02352017 25.76115356 25.51766131 25.11761853 24.87603131 24.83567707 24.89612581 24.92772186 25.0560748 25.15685068 25.22523117 25.4439017 25.54342429 25.75195182 25.78690753 25.66770033 25.47882195 25.02506467 24.55545946 24.35002612 24.40087733 24.54243401 24.75379209 24.94795835 24.8461311 24.48679413 24.08201889 23.80689516 23.49974174 23.14973188 22.83222472 22.45482028 22.20604886
-9999 -9999 -9999 -9999 -9999 -9999 -9999 -9999 -9999 -9999 -9999 18.12818068 16.91742533 14.17156293 11.56683451 8.98184507 6.913290417 5.158965028 3.726729492 2.834758516 3.480645606 4.999547795 7.296695132 10.37912853 13.33480438 16.5613898 19.24765316 21.65877104 23.35926748 24.43738986 25.12194598 25.16697263 24.83566404 25.0049344 24.97458593 24.94228444 25.09485084 25.20348529 25.25694682 25.49775384 25.69379776 25.88361124 26.24269667 26.26849411 26.40508676 26.34598937 26.09097168 25.84003105 25.23613665 24.62237199 24.39871317 24.48015439 24.6521323 24.85514299 25.00414858 24.83496017 24.36033682 23.84743725 23.48509087 23.08004621 22.67959795 22.41101222 22.0241853 21.81914032
-9999 -9999 -9999 -9999 -9999 -9999 -9999 -9999 -9999 -9999 -9999 -9999 -9999 16.90115007 15.24129961 12.80382476 9.926404249 6.86673768 5.268212128 3.740550999 3.177729793 4.055895233 5.153579778 7.483599818 10.2803742 13.21081462 16.06548633 18.98496862 21.07654971 22.91813062 24.24371971 24.47212577 24.92259014 25.06806127 25.05647174 25.24253787 25.25886677 25.33891882 25.38504445 25.44332257 25.68784196 26.0453597 26.36685215 26.48228833 26.48223939 26.39614784 26.281113 25.9794358 25.43336395 24.85352328 24.55363978 24.69900773 24.86135051 24.71040397 24.70847086 24.44022184 23.98760952 23.68368863 23.27373488 22.96037562 22.62316058 22.2939336 21.98850441 21.7340664
-9999 -9999 -9999 -9999 -9999 -9999 -9999 -9999 -9999 -9999 -9999 -9999 -9999 -9999 -9999 16.08398888 13.64468661 10.70476354 8.350496283 5.828764301 4.357993566 4.043538416 4.182951265 5.485762958 7.137628796 9.556672933 12.27075128 15.24081876 17.73942715 20.10988296 22.06022663 23.22004922 24.22873882 24.83413625 25.17880241 25.41225807 25.46515982 25.43185306 25.41661858 25.46405063 25.68155194 26.05834291 26.3879588 26.48495898 26.47828761 26.4414219 26.38413887 26.19921991 25.79973122 25.26271173 24.88084163 24.73447581 24.5726942 24.13845095 23.85533288 23.52129289 23.19766391 23.07317595 22.89726188 22.76644773 22.57405242 22.35451711 22.07657414 21.82246506
-9999 -9999 -9999 -9999 -9999 -9999 -9999 -9999 -9999 -9999 -9999 -9999 -9999 -9999 -9999 -9999 -9999 16.64625222 12.80436884 9.134911289 6.595955588 5.315412103 4.605946927 4.367698941 4.432456865 5.790543196 8.281795617 10.65372025 13.65733966 16.18699236 18.81729124 20.96794759 22.88099404 24.22638551 25.0629149 25.66546488 25.62875806 25.50406681 25.48845414 25.55675715 25.76614262 26.10883195 26.42916794 26.51586935 26.48767305 26.49419983 26.54953948 26.49360724 26.21044728 25.88139678 25.32823919 24.60483361 23.84105042 23.27319776 22.57280642 22.20491403 22.24537298 22.10189321 22.37471733 22.53249014 22.51762591 22.44118324 22.22251739 21.95977869
-9999 -9999 -9999 -9999 -9999 -9999 -9999 -9999 -9999 -9999 -9999 -9999 -9999 -9999 -9999 -9999 -9999 18.94005266 16.0095621 12.69375885 9.851203096 7.568083467 5.733654188 4.472457678 3.690527087 4.246993823 5.949185013 7.826302426 10.44408079 12.89850712 15.76580432 18.56421772 21.04079466 23.2972224 24.82526795 25.784121 25.79883862 25.52966189 25.47889845 25.53333743 25.73864286 26.08449678 26.39245198 26.50987614 26.52247158 26.55491451 26.60815222 26.59083804 26.40314767 26.07006451 25.40308763 24.48868301 23.49706821 22.72467269 22.01944503 21.68459702 21.81144185 21.87701209 22.22581587 22.42583884 22.48512479 22.46928526 22.30792923 22.02973721
-9999 -9999 -9999 -9999 -9999 -9999 -9999 -9999 -9999 -9999 -9999 -9999 -9999 -9999 -9999 -9999 -9999 -9999 -9999 16.00695886 13.27321249 10.1194715 7.215902495 5.359255504 4.464535665 4.214237808 4.946444639 6.250504534 8.446578237 10.44186162 13.30846127 16.29360982 19.19458569 22.2314117 24.5955186 25.99238987 25.86192263 25.50991038 25.54484525 25.46939794 25.65715136 26.08054752 26.36749421 26.53315734 26.5719177 26.59134547 26.62265567 26.53487491 26.30199002 26.0028815 25.32662165 24.39674426 23.40663592 22.73134791 22.12505185 21.85485836 22.03866714 22.22469947 22.42352916 22.5335534 22.58287254 22.5966327 22.38384444 21.9711468
-9999 -9999 -9999 -9999 -9999 -9999 -9999 -9999 -9999 -9999 -9999 -9999 -9999 -9999 -9999 -9999 -9999 -9999 -9999 17.69565759 15.44434407 12.22747566 9.128948429 6.549995815 5.000100138 4.412222191 4.931495648 6.136414788 7.649723651 9.370366667 11.98675418 14.89201651 17.89822327 21.22953726 23.93223541 25.64200514 25.9328224 25.73181258 25.77369346 25.76776739 25.93452003 26.23014163 26.48240615 26.66220654 26.72298862 26.68268372 26.56360154 26.34724554 26.02990722 25.65264332 25.07540406 24.39757328 23.73244437 23.17616142 22.74788908 22.52772373 22.60577807 22.73409639 22.85991084 22.95328135 22.91916411 22.8384875 22.53728253 21.88634141
-9999 -9999 -9999 -9999 -9999 -9999 -9999 -9999 -9999 -9999 -9999 -9999 -9999 -9999 -9999 -9999 -9999 -9999 -9999 -9999 16.9825007 13.96812465 10.80435145 7.579289276 5.231430004 4.255664924 5.03527752 6.425059166 7.59386926 8.917423283 11.26909961 13.94539422 16.95067694 20.3832239 23.27723276 25.26802467 25.82272174 26.07857065 26.1337854 26.21785644 26.35894015 26.48245041 26.68344619 26.78171764 26.89734355 26.77234544 26.45759759 26.09935868 25.61061258 25.16901676 24.73649857 24.40991078 24.14135913 23.73285544 23.48836855 23.315426 23.24061442 23.26219466 23.28992624 23.4115094 23.23527591 22.95935384 22.75074355 21.62863076
-9999 -9999 -9999 -9999 -9999 -9999 -9999 -9999 -9999 -9999 -9999 -9999 -9999 -9999 -9999 -9999 -9999 -9999 -9999 -9999 17.70420915 14.91977041 11.64235981 8.088416974 5.410069868 4.307962923 5.023317264 6.576253771 7.665428761 8.959611203 11.17348274 13.62746012 16.49556986 19.85769971 22.79014221 24.87358381 25.65198697 25.94097111 26.35708265 26.61148562 26.74638593 26.65767185 26.63815445 26.74015919 26.87471346 26.67926007 26.24211421 25.68986578 25.05730706 24.5547115 24.25074063 24.25178758 24.32623631 24.17017384 24.02810045 23.88567375 23.76492665 23.72092811 23.58797801 23.46284449 23.08474005 22.59602421 21.94731116 21.00023947
-9999 -9999 -9999 -9999 -9999 -9999 -9999 -9999 -9999 -9999 -9999 -9999 -9999 -9999 -9999 -9999 -9999 -9999 -9999 -9999 18.24049375 15.48224946 12.17973782 8.204558341 5.133530768 3.905005693 4.823859483 6.60669061 7.745782258 9.005249811 11.17016513 13.43576018 16.16213893 19.69429633 22.63971768 24.74583791 25.45841158 25.76764935 26.33957067 26.83967531 26.98376419 26.68945372 26.40938892 26.60326138 26.75805908 26.46555156 25.8752611 25.23502757 24.49908458 23.86600026 23.68638667 24.05988831 24.45223121 24.33349836 24.31784073 24.22909915 24.08575845 24.05760601 23.67727652 23.32180942 22.73727177 22.01709375 21.03485808 20.38946966
-9999 -9999 -9999 -9999 -9999 -9999 -9999 -9999 -9999 -9999 -9999 -9999 -9999 -9999 -9999 -9999 -9999 -9999 -9999 -9999 18.28499113 15.28237555 11.6257445 7.876795301 4.948315945 3.711254366 4.395680253 6.016265639 7.496388036 9.204058665 11.51935051 13.79211227 16.47423532 19.76699676 22.72327932 24.76176856 25.42161052 25.64088031 26.13904643 26.50670357 26.67572354 26.58673749 26.46475523 26.42669303 26.35521426 25.96543129 25.35064277 24.66981528 24.00790928 23.55530121 23.42532857 23.70964737 24.09302469 24.20650441 24.27727895 24.2263744 24.07279247 23.87286853 23.47736308 23.00540231 22.34699144 21.62704602 20.85310904 20.12006791
-9999 -9999 -9999 -9999 -9999 -9999 -9999 -9999 -9999 -9999 -9999 -9999 -9999 -9999 -9999 -9999 -9999 -9999 -9999 -9999 18.38943977 14.84726482 10.93726405 7.340582092 4.522974387 3.385042837 4.155227118 5.424079827 7.444233086 9.478557017 11.91790463 14.14921012 16.75144482 20.0556018 23.05368504 24.99682806 25.36761988 25.53822302 25.89657415 26.16870593 26.32057531 26.37331052 26.39175948 26.11632017 25.88635105 25.41732265 24.75847081 24.08730476 23.56686794 23.20718342 23.09712708 23.33403274 23.66230475 23.7659132 23.95166023 23.96119711 23.80484481 23.5956163 23.16230569 22.63159341 21.97940718 21.3090044 20.69756069 19.99639361
-9999 -9999 -9999 -9999 -9999 -9999 -9999 -9999 -9999 -9999 -9999 -9999 -9999 -9999 -9999 -9999 -9999 -9999 -9999 -9999 18.27756175 14.28847288 9.966453847 6.779151773 4.706214548 3.808783685 4.382807461 5.878831586 7.717739199 9.89243622 12.41957916 14.6890554 17.26497801 20.3982867 23.20420439 24.99603647 25.34158051 25.34584379 25.724302 26.08240813 26.18661151 26.01144894 25.74922327 25.62856012 25.38973724 24.91833805 24.29489984 23.6233038 23.17033312 22.85399472 22.69858541 22.78956984 22.93809729 23.07520871 23.20227686 23.23436122 23.24824589 23.11260742 22.63814434 22.09663181 21.46103409 20.8256509 20.28459204 19.78393164
-9999 -9999 -9999 -9999 -9999 -9999 -9999 -9999 -9999 -9999 -9999 -9999 -9999 -9999 -9999 -9999 -9999 -9999 -9999 -9999 18.35304334 13.8408206 9.074946439 6.51093358 4.985491646 4.311651857 4.934866445 6.271583204 8.262810862 10.48384794 12.99161854 15.15037584 17.6881226 20.72908741 23.39715004 25.03126028 25.1166099 25.07856649 25.4793842 25.91359193 25.98281481 25.62173281 25.23097038 25.2498274 25.09036849 24.67546729 24.11152793 23.31179192 22.93564807 22.58305097 22.3569488 22.35180415 22.29925762 22.42794109 22.46786561 22.47510109 22.56720156 22.48522673 21.8740375 21.31185811 20.70148957 20.15062305 19.73282584 19.40147476
-9999 -9999 -9999 -9999 -9999 -9999 -9999 -9999 -9999 -9999 -9999 -9999 -9999 -9999 -9999 -9999 -9999 -9999 -9999 20.09590886 17.96045533 13.64904304 9.376370553 6.708139514 5.482979176 4.987713461 5.500581623 6.955899866 8.84888646 11.1765448 13.69215322 15.82567747 18.19461704 20.94570413 23.34691131 24.7753165 24.82912512 24.67590981 25.0022269 25.36970372 25.45176557 25.24282908 25.04899157 25.04625592 25.09517987 24.76368901 24.15707077 23.53308376 22.93445292 22.4824347 22.15918665 22.05885162 22.02739783 21.98174841 21.94874682 21.81390009 21.67379589 21.34944583 20.80805981 20.1460881 19.61823525 19.27770651 19.01671123 18.92844603
-9999 -9999 -9999 -9999 -9999 -9999 -9999 -9999 -9999 -9999 -9999 -9999 -9999 -9999 -9999 -9999 -9999 -9999 -9999 19.86395392 17.77966378 13.49582974 9.273189429 6.799916541 5.812828073 5.403859578 5.921985311 7.38823391 9.459851864 11.86967176 14.33852998 16.30266113 18.57029143 21.07490373 23.20201601 24.44714644 24.34977851 24.17381652 24.46246805 24.78906083 24.90340604 24.80245744 24.71152074 24.76569666 24.9307365 24.67427581 24.12021007 23.57329238 22.90914263 22.37791479 22.00498592 21.8433054 21.75654671 21.62731656 21.46204545 21.18789657 20.85990884 20.35841424 19.79867015 19.12972224 18.65768155 18.53413221 18.4145065 18.50556061
-9999 -9999 -9999 -9999 -9999 -9999 -9999 -9999 -9999 -9999 -9999 -9999 -9999 -9999 -9999 -9999 -9999 -9999 -9999 19.49999155 17.3685343 13.13163356 9.08911643 6.666380488 5.73317679 5.492208289 6.107867871 7.756401359 9.926616656 12.49287355 14.95721834 16.8928635 18.83710796 21.02017906 22.80901946 23.85331382 23.90852303 23.70733948 23.97785659 24.25205031 24.36108032 24.29436243 24.19761655 24.28083675 24.32188922 24.12909102 23.76190991 23.27941522 22.71739163 22.22621603 21.79055451 21.54792659 21.38865539 21.12065399 20.91174983 20.48727321 20.0091971 19.51455761 18.92960876 18.41322541 18.14946038 18.0561666 18.08178243 18.48417816
-9999 -9999 -9999 -9999 -9999 -9999 -9999 -9999 -9999 -9999 -9999 -9999 -9999 -9999 -9999 -9999 -9999 -9999 -9999 19.03051592 16.80973453 12.53465457 8.487174104 6.138002461 5.349251198 5.210121517 5.985451224 7.82117821 10.3176415 13.1095661 15.60789353 17.28435994 19.04914069 20.95625419 22.43181109 23.43268957 23.52503621 23.44417029 23.72150149 23.90182943 23.97187914 23.92957708 23.79185858 23.80492907 23.77413902 23.57975562 23.34228395 22.95671107 22.48913593 22.04112442 21.56771514 21.21612353 20.8525779 20.40847278 20.05093758 19.5716816 19.08330414 18.61863295 18.15021061 17.7584803 17.68638368 17.93081031 18.31671336 19.071363
-9999 -9999 -9999 -9999 -9999 -9999 -9999 -9999 -9999 -9999 -9999 -9999 -9999 -9999 -9999 -9999 -9999 -9999 -9999 18.32123218 15.94941112 11.67226151 7.649010706 5.482325065 4.696206009 4.749649664 5.723069958 7.691965392 10.64673258 13.75077144 16.30850199 17.84944191 19.24000493 20.80340288 22.11542249 22.98913725 23.25890208 23.45217335 23.55098146 23.69832918 23.72872971 23.61406684 23.55592138 23.42055141 23.31227058 23.13147425 22.91311042 22.64631817 22.31502595 21.93128223 21.39649412 20.81697268 20.14927108 19.59334836 18.98379916 18.4305343 18.09153162 17.64366478 17.28045715 17.04629222 17.37182216 18.16000135 19.13128131 20.18455565
-9999 -9999 -9999 -9999 -9999 -9999 -9999 -9999 -9999 -9999 -9999 -9999 -9999 -9999 -9999 -9999 -9999 -9999 -9999 17.56657993 15.06616087 10.87709223 6.939147537 4.902646809 4.257237194 4.424446995 5.530233265 7.669265356 10.9035089 14.31466267 16.93309767 18.35827099 19.41970888 20.70037594 21.73136874 22.52802186 22.85710284 23.05540377 23.16819498 23.24264365 23.26460651 23.19449578 23.1110755 22.96320489 22.8046233 22.63027589 22.49278223 22.29203824 22.05820594 21.71262087 21.15495226 20.48935777 19.68989815 19.02441202 18.31039704 17.74465753 17.43617014 17.06553571 16.73750615 16.63817868 17.23715369 18.52541207 19.95795611 21.12744676
-9999 -9999 -9999 -9999 -9999 -9999 -9999 -9999 -9999 -9999 -9999 -9999 -9999 -9999 -9999 -9999 -9999 -9999 -9999 16.92903285 14.38583309 10.19443197 6.301505833 4.672800623 4.070312357 4.407701796 5.659648699 7.728104725 11.34669444 14.97905074 17.59123985 18.78817153 19.61855818 20.66402681 21.40626647 21.99341855 22.25056692 22.34677594 22.53218759 22.59534951 22.60966217 22.59003059 22.49331447 22.38960984 22.24727326 22.11704748 22.05286496 21.89948615 21.71574943 21.44813198 20.90305863 20.2400723 19.4546132 18.70157311 18.05892705 17.47590035 17.11851562 16.82936453 16.42691938 16.33079885 17.21703558 18.92520534 20.78396978 -9999
-9999 -9999 -9999 -9999 -9999 -9999 -9999 -9999 -9999 -9999 -9999 -9999 -9999 -9999 -9999 -9999 -9999 -9999 -9999 16.13522663 13.66516924 10.0142718 6.734835999 5.188577945 4.789366019 5.207436999 6.419089115 8.590038517 12.06356366 15.6600993 18.22119207 19.35247009 19.96129982 20.71634444 21.22031219 21.65003607 21.83383648 21.88166909 22.00724623 22.03058306 22.04082791 22.03399301 21.95710698 21.91446531 21.82123058 21.73071196 21.68533324 21.55284263 21.4210562 21.16541274 20.65297884 20.01144021 19.25807478 18.54767113 17.89419582 17.3096322 16.9325075 16.63707267 16.20923225 16.17990983 17.14774972 19.06129869 20.93970259 -9999
-9999 -9999 -9999 -9999 -9999 -9999 -9999 -9999 -9999 -9999 -9999 -9999 -9999 -9999 -9999 -9999 -9999 -9999 16.61284832 15.3703597 13.11349233 10.02063332 7.38407157 6.253852389 6.00322331 6.547797249 7.689724396 9.624413393 13.09941445 16.57002549 18.89598148 19.78323738 20.37255252 20.85931225 21.16846811 21.41854758 21.5166327 21.5955822 21.60561957 21.5919446 21.57355996 21.53520064 21.50051279 21.48066646 21.48665948 21.43418401 21.35010122 21.2480978 21.09815065 20.89578976 20.42848899 19.80138318 19.07793129 18.37511561 17.72798371 17.15132072 16.77620323 16.42508641 16.05618033 15.93535809 16.95859943 19.00620206 20.95282747 -9999
-9999 -9999 -9999 -9999 -9999 -9999 -9999 -9999 -9999 -9999 -9999 -9999 -9999 -9999 -9999 -9999 -9999 -9999 16.12200622 14.28362455 12.21251054 10.09989439 8.468097788 7.453543777 7.319357657 7.987424882 9.295225046 11.39064661 14.24117033 17.08831212 19.14111512 20.05609187 20.51241722 20.8862352 21.01848066 21.17803948 21.2482455 21.26217821 21.25971268 21.20307067 21.1565886 21.11261957 21.07255277 21.09481614 21.12074133 21.08318656 21.01423567 20.90050957 20.79885868 20.61710437 20.1858023 19.61870034 18.94519546 18.29367719 17.67114056 17.10006183 16.70043118 16.36145984 15.95109717 15.89925023 16.9028651 18.88551657 20.726475 -9999
-9999 -9999 -9999 -9999 -9999 -9999 -9999 -9999 -9999 -9999 -9999 -9999 -9999 -9999 -9999 -9999 -9999 -9999 15.44002705 12.92589036 11.05355563 9.923192321 9.335775459 8.701400679 8.531603959 9.425258412 11.11120723 13.19766218 15.55084528 17.7058982 19.34424903 20.19871183 20.67550546 20.89179686 20.86866238 20.92651589 20.99421375 20.9562997 20.9524093 20.86042803 20.76929926 20.70900794 20.64068448 20.68830982 20.73206782 20.70609935 20.64038943 20.53534956 20.43998864 20.32237934 19.94772358 19.41178291 18.83916574 18.21964263 17.6535648 17.14925194 16.76551368 16.36707944 16.09328223 15.91402404 16.87609436 18.91238079 20.76684431 -9999
-9999 -9999 -9999 -9999 -9999 -9999 -9999 -9999 -9999 -9999 -9999 -9999 -9999 -9999 -9999 -9999 -9999 -9999 14.63223425 11.22343859 9.415544307 9.256882 9.735093738 9.922798961 10.39514554 11.52730213 13.02900616 14.89698713 16.81630577 18.56155902 19.89285951 20.51372217 20.79105357 20.86491034 20.76142384 20.78747218 20.89168787 20.92904192 20.79162828 20.57935762 20.4340213 20.35219482 20.31994481 20.32604842 20.35440906 20.32161577 20.25719913 20.16455975 20.07113208 19.9247677 19.58348878 19.13161746 18.62600355 18.13926974 17.69967954 17.30012448 17.02656468 16.77487127 16.46781573 16.42932079 17.33581419 19.11039295 20.70828069 -9999
-9999 -9999 -9999 -9999 -9999 -9999 -9999 -9999 -9999 -9999 -9999 -9999 -9999 -9999 -9999 -9999 -9999 17.93659618 13.83278398 9.423793517 7.768398155 8.847378524 10.08264226 11.04190416 12.19135635 13.53221108 14.79377341 16.46871086 17.98870526 19.44337621 20.5089297 20.75957536 21.00195777 20.83596422 20.64260988 20.63352318 20.79258442 20.99172224 20.63434061 20.29529261 20.08570291 19.99202701 19.98286457 19.94454479 19.96331097 19.91831997 19.84223687 19.78102837 19.62928929 19.49117139 19.19496606 18.82546612 18.39068908 18.05041879 17.76356318 17.48262036 17.32990557 17.29547704 17.16315622 17.13506266 17.97860566 19.54754004 -9999 -9999
-9999 -9999 -9999 -9999 -9999 -9999 -9999 -9999 -9999 -9999 -9999 -9999 -9999 -9999 -9999 -9999 -9999 16.27104056 13.11487843 9.560430725 8.173547612 8.894191777 10.51927824 11.98872193 13.56793273 15.05343666 16.10550774 17.35344222 18.56630265 19.81635947 20.59547428 20.73793266 20.80137608 20.55915237 20.39894504 20.37868131 20.50896001 20.59838703 20.30958711 19.94045235 19.70248177 19.58382457 19.55220428 19.51784643 19.50625407 19.4404885 19.35080541 19.24256165 19.12825435 18.99325836 18.77216402 18.5158748 18.25688579 17.99898174 17.80324316 17.69784406 17.66438317 17.79295767 18.01744489 18.46088203 19.19885023 -9999 -9999 -9999
