meets/meet004/data/CCSM_21k_neotropic_bio08.asc
NCOLS 154 
NROWS 168 
XLLCORNER -112 
YLLCORNER -55.5 
CELLSIZE 0.5 
NODATA_value -9999 
[rows 29 to 57 of 168, columns 64 to 127 of 154]
-9999 -9999 -9999 -9999 -9999 -9999 -9999 -9999 -9999 -9999 -9999 -9999 -9999 -9999 -9999 -9999 -9999 -9999 -9999 -9999 -9999 -9999 -9999 -9999 -9999 -9999 -9999 -9999 -9999 -9999 -9999 -9999 -9999 -9999 -9999 -9999 -9999 23.75139471 -9999 -9999 -9999 -9999 -9999 -9999 -9999 -9999 -9999 -9999 -9999 -9999 -9999 -9999 -9999 -9999 -9999 -9999 -9999 -9999 -9999 -9999 -9999 -9999 -9999 -9999
-9999 -9999 -9999 -9999 -9999 -9999 -9999 -9999 -9999 -9999 -9999 -9999 -9999 -9999 -9999 -9999 -9999 -9999 -9999 -9999 -9999 -9999 -9999 -9999 -9999 -9999 -9999 -9999 -9999 -9999 -9999 -9999 -9999 -9999 -9999 -9999 -9999 23.77172194 -9999 -9999 -9999 -9999 -9999 -9999 -9999 -9999 -9999 -9999 -9999 -9999 -9999 -9999 -9999 -9999 -9999 -9999 -9999 -9999 -9999 -9999 -9999 -9999 -9999 -9999
-9999 -9999 -9999 -9999 -9999 -9999 -9999 -9999 -9999 -9999 -9999 -9999 -9999 -9999 -9999 -9999 -9999 -9999 -9999 -9999 -9999 -9999 -9999 -9999 -9999 -9999 -9999 -9999 -9999 -9999 -9999 -9999 -9999 -9999 -9999 -9999 -9999 -9999 -9999 -9999 -9999 -9999 -9999 -9999 -9999 -9999 -9999 -9999 -9999 -9999 -9999 -9999 -9999 -9999 -9999 -9999 -9999 -9999 -9999 -9999 -9999 -9999 -9999 -9999
-9999 -9999 -9999 -9999 -9999 -9999 -9999 -9999 -9999 -9999 -9999 -9999 -9999 -9999 -9999 -9999 23.96027245 -9999 -9999 -9999 -9999 -9999 -9999 -9999 -9999 -9999 -9999 -9999 -9999 -9999 -9999 -9999 -9999 -9999 -9999 -9999 23.68619861 -9999 -9999 -9999 -9999 -9999 -9999 -9999 -9999 -9999 -9999 -9999 -9999 -9999 -9999 -9999 -9999 -9999 -9999 -9999 -9999 -9999 -9999 -9999 -9999 -9999 -9999 -9999
-9999 -9999 -9999 -9999 -9999 -9999 -9999 -9999 -9999 -9999 -9999 -9999 -9999 -9999 23.98477981 24.08318957 24.0083193 -9999 -9999 -9999 -9999 -9999 -9999 -9999 -9999 -9999 -9999 -9999 -9999 -9999 -9999 -9999 -9999 -9999 -9999 -9999 -9999 -9999 -9999 -9999 -9999 -9999 -9999 -9999 -9999 -9999 -9999 -9999 -9999 -9999 -9999 -9999 -9999 -9999 -9999 -9999 -9999 -9999 -9999 -9999 -9999 -9999 -9999 -9999
-9999 -9999 -9999 -9999 -9999 -9999 -9999 -9999 -9999 -9999 23.37436132 23.54153783 23.67187179 23.82278424 23.93655851 23.8721161 -9999 -9999 23.11380742 22.79673386 22.53588626 22.3174885 22.07789464 -9999 -9999 -9999 -9999 -9999 -9999 -9999 -9999 -9999 -9999 -9999 -9999 -9999 -9999 -9999 -9999 -9999 -9999 -9999 -9999 -9999 -9999 -9999 -9999 -9999 -9999 -9999 -9999 -9999 -9999 -9999 -9999 -9999 -9999 -9999 -9999 -9999 -9999 -9999 -9999 -9999
-9999 -9999 -9999 -9999 -9999 -9999 -9999 -9999 -9999 23.89955949 23.91425784 24.02934188 24.00351291 23.80184406 23.69772278 23.46708723 23.08966207 22.67378853 22.50004572 22.12847291 21.87352569 21.78418036 21.46307272 21.76459424 -9999 -9999 -9999 -9999 -9999 -9999 -9999 -9999 -9999 -9999 -9999 -9999 -9999 -9999 -9999 -9999 -9999 -9999 -9999 -9999 -9999 -9999 -9999 -9999 -9999 -9999 -9999 -9999 -9999 -9999 -9999 -9999 -9999 -9999 -9999 -9999 -9999 -9999 -9999 -9999
-9999 -9999 -9999 -9999 -9999 -9999 -9999 -9999 -9999 24.94382301 24.81494449 24.36792529 24.01425135 23.47121532 23.08729822 22.73686867 22.47955494 22.38296782 22.12001577 21.98184673 21.93088551 21.92749314 21.98995142 22.17829668 22.35572151 22.66316426 23.11169064 23.47080983 23.88378807 24.19366833 24.36245342 24.42982258 24.40329941 24.26933899 24.08818215 -9999 -9999 -9999 -9999 -9999 -9999 -9999 -9999 -9999 -9999 -9999 -9999 -9999 -9999 -9999 -9999 -9999 -9999 -9999 -9999 -9999 -9999 -9999 -9999 -9999 -9999 -9999 -9999 -9999
-9999 -9999 -9999 -9999 -9999 -9999 -9999 -9999 -9999 25.47370186 25.23612437 24.44940374 23.83195315 23.02986449 22.37030179 21.93187214 21.80491207 21.88894175 21.68811095 21.76933958 21.95427116 22.23475888 22.69999392 23.09021728 23.36338462 23.70416983 24.12503499 24.43244552 24.6365114 24.90593358 24.93986642 24.80849127 24.75061752 24.43986494 24.18471979 24.06458397 24.05662582 -9999 -9999 -9999 -9999 -9999 -9999 -9999 -9999 -9999 -9999 -9999 -9999 -9999 -9999 -9999 -9999 -9999 -9999 -9999 -9999 -9999 -9999 -9999 -9999 -9999 -9999 -9999
22.50753855 22.5933621 22.75282577 23.06798038 -9999 -9999 -9999 -9999 24.8526158 24.91642536 24.61273509 24.01024869 23.32094596 22.35135625 21.59018438 21.07596227 20.90506366 21.00750945 20.92331919 21.05213973 21.60871657 22.48946084 23.47803177 23.98221173 24.49070399 24.83272228 24.87320913 25.00435063 24.9847436 24.97585711 24.8656328 24.72202457 24.52881888 24.34532219 24.183584 24.08402551 24.11793195 24.15474661 -9999 -9999 -9999 -9999 -9999 -9999 -9999 -9999 -9999 -9999 -9999 -9999 -9999 -9999 -9999 -9999 -9999 -9999 -9999 -9999 -9999 -9999 -9999 -9999 -9999 -9999
22.23145898 -9999 -9999 22.59163214 22.93801421 23.26498901 23.56508816 23.95058279 24.06304948 24.11610532 23.86450855 23.3484852 22.61640427 21.59210992 20.65538123 20.02881274 19.84381614 19.93141402 20.0297647 20.36275185 21.1938495 22.45809124 23.75665707 24.39283605 24.97581574 25.3375636 25.23055589 25.28984177 25.13653636 24.97489091 24.7879968 24.62083742 24.40905217 24.26882398 24.16784309 24.10287229 24.18517099 24.23368319 -9999 -9999 -9999 -9999 -9999 -9999 -9999 -9999 -9999 -9999 -9999 -9999 -9999 -9999 -9999 -9999 -9999 -9999 -9999 -9999 -9999 -9999 -9999 -9999 -9999 -9999
-9999 -9999 -9999 22.19405264 22.149931 22.22573692 22.54458328 22.75277641 22.97824876 23.26931908 22.99203925 22.39804908 21.76780702 20.53569328 19.49177897 18.89546834 18.56985592 18.70716419 19.36375873 19.99291762 21.08280292 22.36149651 23.39174472 24.13876694 24.68828785 25.01279423 25.07382779 25.1493394 24.81086877 24.81271579 24.60219761 24.32880183 24.421731 24.03279079 24.00737644 23.99220819 23.9972135 24.27600423 24.15817996 24.16910763 24.16884178 -9999 -9999 -9999 -9999 -9999 -9999 -9999 -9999 -9999 -9999 -9999 -9999 -9999 -9999 -9999 -9999 -9999 -9999 -9999 -9999 -9999 -9999 -9999
-9999 -9999 -9999 22.02008708 21.70573553 21.56657112 21.61211132 21.59271079 21.73312283 21.8010515 21.40675377 20.71898875 19.97527796 18.8058282 17.86325356 17.44123758 17.48121671 18.01362411 19.28135481 20.4792977 21.7011532 22.70169444 23.33699886 23.87388258 24.24297102 24.44710693 24.35041738 24.27559912 23.85715649 23.73880864 23.45448515 23.20393391 23.32329281 23.05227146 23.12303296 23.18371157 23.26672621 23.58483172 23.55938723 23.71860605 23.82529725 23.8679835 -9999 -9999 -9999 -9999 -9999 -9999 -9999 -9999 -9999 -9999 -9999 -9999 -9999 -9999 -9999 -9999 -9999 -9999 -9999 -9999 -9999 -9999
-9999 -9999 -9999 -9999 21.73222601 21.26392994 20.91497619 20.46429407 20.15753916 19.25717517 18.73687016 18.40708364 17.34043792 16.64792326 15.88931176 15.92475623 16.63229376 17.6655816 19.66128216 21.83312251 23.03869479 23.20032311 23.386432 23.58283239 23.77303611 23.6715427 23.16298446 22.73419261 22.28930345 21.81152016 21.53221095 21.40223399 21.28215132 21.41399251 21.59279909 21.77768626 22.02425762 22.24344911 22.49374898 22.80515349 23.07806042 23.31121806 23.63917239 -9999 -9999 -9999 -9999 -9999 -9999 -9999 -9999 -9999 -9999 -9999 -9999 -9999 -9999 -9999 -9999 -9999 -9999 -9999 -9999 -9999
-9999 -9999 -9999 -9999 -9999 21.20914974 20.34210071 19.37893254 18.00130033 17.38803404 16.70805558 16.54311037 15.69849578 15.11496163 14.66753142 15.10324282 16.33220854 17.93426254 20.07936693 22.1080621 23.18983308 23.19240473 23.01626232 22.94277538 22.84040626 22.45906529 21.75837789 21.08523118 20.63985313 20.2285797 19.92758302 19.76994178 19.6173433 19.83200483 20.07454919 20.3333102 20.64118095 20.91634044 21.23960551 21.6129221 22.0359558 22.44783103 22.91659062 23.30221628 -9999 -9999 -9999 -9999 -9999 -9999 -9999 -9999 -9999 -9999 -9999 -9999 -9999 -9999 -9999 -9999 -9999 -9999 -9999 -9999
-9999 -9999 -9999 -9999 -9999 21.28104341 19.26635915 17.74758259 16.60214528 15.72100878 15.02635185 15.15156941 14.84240264 14.39048729 14.03265465 14.86308889 16.66830918 18.59304552 20.35213635 21.74162843 22.51984456 22.59969108 22.33183707 22.07519729 21.65208077 21.01250988 20.23400613 19.4134944 19.09743543 19.00017974 18.76584921 18.42929287 18.29926444 18.50943525 18.7885983 19.1173896 19.43478718 19.70214885 20.02733498 20.33960344 20.85517824 21.38600626 21.98405899 22.64468134 23.22384789 -9999 -9999 -9999 -9999 -9999 -9999 -9999 -9999 -9999 -9999 -9999 -9999 -9999 -9999 -9999 -9999 -9999 -9999 -9999
-9999 -9999 -9999 -9999 -9999 20.62969425 18.82633987 16.94934883 15.57230246 14.58113955 13.98840497 14.18252287 14.17132895 14.22900871 14.49099909 15.57978163 17.4072028 19.11237939 20.50013616 21.34578728 21.86490368 21.93432881 21.57651946 21.23417693 20.56434041 19.7961911 18.90513467 18.07453129 17.78806861 17.60242915 17.40313222 17.22134788 17.1152551 17.44660766 17.82183631 18.18704565 18.52636566 18.71999716 18.94320081 19.12475733 19.65283852 20.35993279 21.1408265 21.9444612 22.63280646 23.06599734 23.17925826 23.21426789 23.19501437 23.2472471 23.2983554 23.29431615 -9999 -9999 -9999 -9999 -9999 -9999 -9999 -9999 -9999 -9999 -9999 -9999
-9999 -9999 -9999 -9999 -9999 20.58374422 18.43563127 16.13166005 14.81650011 13.75904853 13.28163242 13.55271371 13.71654891 14.48082852 15.34900678 16.67050632 18.29744323 19.86700016 20.67511477 21.11018182 21.32953561 21.2982735 21.0251712 20.43847234 19.66765823 18.78629507 17.8127396 16.86749587 16.57205702 16.28546372 16.13014877 16.12685544 16.07893316 16.65338077 17.16897722 17.6143417 17.88397531 17.99800685 18.11479025 18.06446547 18.59011388 19.51893515 20.39341064 21.2835987 22.03550431 22.48205317 22.55651546 22.51657613 22.57367041 22.61508416 22.68112759 22.77797592 22.92427531 22.99459647 23.17072 -9999 -9999 -9999 -9999 -9999 -9999 -9999 -9999 -9999
-9999 -9999 -9999 -9999 -9999 20.47399378 18.22681427 16.00858988 14.49981855 13.60489756 13.22728416 13.39462301 13.97860094 15.07862281 16.43026941 17.81414948 19.13518811 20.16067203 20.79231356 20.98120753 21.03110229 20.86763846 20.40255319 19.92194697 19.12712632 18.27254368 17.41924102 16.45686076 16.11244764 15.7686549 15.64831153 15.77620984 15.86339066 16.49350357 16.96442521 17.43888509 17.90227236 17.93491175 17.9900736 17.78554858 18.239556 19.17892318 20.00825973 20.88636472 21.45402066 21.84167613 21.99107234 21.95999725 22.0128363 22.03771832 22.10462247 22.14259115 22.25975611 22.33017194 22.47201566 22.63277057 -9999 -9999 -9999 -9999 -9999 -9999 -9999 -9999
-9999 -9999 -9999 -9999 -9999 20.43340138 18.04111911 15.76124463 14.41252645 13.61814712 13.42098407 13.62883923 14.23132324 15.86218696 17.5735969 18.92634951 19.79899051 20.56281025 20.84537689 20.92537303 20.85431923 20.5389612 20.02221446 19.76526407 19.07673743 18.37087143 17.69125774 16.44848646 16.50816574 16.07974502 15.97049621 16.27829605 16.07831581 16.97816353 17.37045361 17.9018317 18.50231538 18.48119362 18.79124818 18.33956587 18.65926967 19.58645669 20.02846556 20.75347774 21.12748417 21.36282786 21.48196719 21.49390822 21.49156813 21.49433671 21.5252851 21.53604949 21.54767781 21.59090359 21.68135128 21.92336914 22.3159018 22.71198044 -9999 -9999 -9999 -9999 -9999 -9999
-9999 -9999 -9999 -9999 -9999 19.91209462 17.70994194 15.72700377 14.43043953 13.89028475 13.88827189 14.19668112 15.23110549 16.84662589 18.63534822 19.83888206 20.32547537 20.54821296 20.70885012 20.72034167 20.67018676 20.5315701 20.32672957 20.1992605 19.99289476 19.54515486 18.99303251 18.40038307 17.95789335 17.66739266 17.59360878 17.76123155 18.02965582 18.30467996 18.6496244 19.19106927 19.89433104 20.44572531 20.49574829 20.39981705 20.53115323 20.71661805 20.95764723 20.99080033 20.94693701 20.94837019 20.98137963 20.94816426 20.95351557 20.87811732 20.88666235 20.9490126 20.951639 20.97294951 21.01769759 21.28139583 21.80086544 22.25461023 -9999 -9999 -9999 -9999 -9999 -9999
-9999 -9999 -9999 -9999 -9999 19.13988332 17.15748525 15.36235514 14.59818535 14.21462675 14.40626941 14.93764094 16.00020547 17.73278455 19.53936848 20.56066749 20.56220553 20.54262259 20.57638625 20.55483845 20.56420582 20.58486722 20.69363386 20.71353846 20.98877696 20.76874951 20.26160423 20.21914951 19.41119757 19.23448128 19.17425788 19.23244157 19.87216865 19.63134025 19.90004894 20.39175 21.09115076 22.29290331 21.85057388 22.09650105 22.08037101 21.61404635 21.79731371 21.18551143 20.79350688 20.63606187 20.59742743 20.55192026 20.58904541 20.45599875 20.45799193 20.59767058 20.52839694 20.63769058 20.56779775 20.84777925 21.43996165 21.95382434 -9999 -9999 -9999 -9999 -9999 -9999
-9999 -9999 -9999 -9999 -9999 17.5196931 16.39074103 15.54072427 15.00978491 14.93802433 15.37329586 15.87293543 17.01488066 18.40703217 19.69101761 20.46914289 20.59015789 20.5232883 20.52503515 20.54442576 20.60138686 20.66785488 20.80270858 20.98264506 21.17887657 21.05536229 20.70533756 20.37816644 20.00619356 19.87947016 19.8501704 19.94391138 20.24842482 20.34669693 20.61812573 20.97288243 21.35369974 21.78744919 21.88917434 21.90690894 21.82533515 21.54772888 21.30430807 20.9532755 20.67584844 20.52605696 20.52614626 20.55428338 20.54887432 20.51796188 20.52372194 20.56460418 20.60399459 20.54131955 20.56480864 20.80960876 21.23741334 21.71083633 -9999 -9999 -9999 -9999 -9999 -9999
-9999 -9999 -9999 18.97302969 17.05962416 15.84565952 15.54528318 15.54154306 15.65987534 15.99093982 17.01819083 17.80571801 17.98712571 18.92961174 19.77094731 20.33021936 20.42089361 20.46452771 20.51606253 20.55456399 20.62818898 20.71048972 20.83293951 20.99019641 21.16204021 21.03346428 20.68393206 20.30685936 20.06246736 20.01789322 20.01743222 20.12584606 20.36318516 20.61118006 20.88124755 21.10300932 21.14116844 21.18922286 21.33838146 21.26862114 21.19569325 21.01933688 20.76738557 20.65042 20.51506319 20.4757248 20.5926638 20.6249054 20.62102119 20.63545132 20.62094675 20.61153428 20.68186785 20.56938254 20.57106582 20.77305673 21.0691954 21.50271679 21.79041705 -9999 -9999 -9999 -9999 -9999
-9999 -9999 19.63359459 17.60032346 15.55848074 14.62831582 14.82241241 15.50503023 16.97590344 18.1281036 18.92282556 19.3138969 19.752132 20.16714612 20.2254473 20.5063885 20.62366898 20.66730805 20.73910281 20.78115822 20.83836369 20.87789194 20.94335162 21.09649068 21.20149796 21.10211436 20.81269191 20.32672091 20.09742423 19.99333534 20.01112627 20.15206194 20.38693988 20.66875217 20.9300501 21.06863801 21.07560086 21.00801247 20.99264853 20.89892619 20.8149068 20.7211141 20.58687097 20.5330176 20.5039614 20.52786174 20.61278873 20.67314186 20.61118486 20.52293263 20.4856432 20.48489535 20.51787324 20.473855 20.50459452 20.65930306 20.82610998 21.09334673 21.46543541 21.77838926 -9999 -9999 -9999 -9999
-9999 -9999 18.53757497 16.44837158 14.47255891 13.84427086 14.64541709 16.18737721 17.75577888 19.48206831 20.35288046 20.38896648 20.55180206 20.54485447 20.52834434 20.64886812 20.7483228 20.86228296 20.97452014 21.06556623 20.91708037 21.19350472 21.0191051 21.15123737 21.25027321 21.15036675 20.87601926 20.57113772 20.10652004 20.00430899 20.01255149 20.15824626 20.41826218 20.69849517 20.978456 21.11429421 21.05275591 20.92708041 20.88368896 20.73149576 20.63394023 20.56587059 20.46563982 20.48959721 20.51732419 20.55976073 20.62638668 20.65097126 20.51976795 20.37124013 20.31043519 20.31516785 20.35918655 20.39410318 20.43094879 20.57969308 20.65371754 20.84354758 21.33516893 21.69339863 -9999 -9999 -9999 -9999
21.40639421 19.09721751 17.24551971 15.50053042 14.18092301 14.01509013 15.40637837 16.92508843 18.54761091 20.08122587 20.95613054 20.96494196 20.76185761 20.73428529 20.6950975 20.69604832 20.77716795 20.81978092 21.0077542 21.14437715 21.24554054 21.30036629 21.34386877 21.45976144 21.54254494 21.53717179 20.99733358 20.7537607 20.61308067 20.1645562 20.20661295 20.39005115 20.60112611 20.88309593 21.10527536 21.18189433 21.14629233 21.00731078 20.86982042 20.68372835 20.55020833 20.47683758 20.39471023 20.46017821 20.95796568 21.11200989 21.28226134 21.35549925 20.39641544 20.23518667 20.17837303 20.20411372 20.26267986 20.3196999 20.42267306 20.56336508 20.66056275 20.94026561 21.28999886 22.18404646 -9999 -9999 -9999 -9999
20.3773899 18.63406973 16.28201009 14.9847771 14.12942109 14.75455642 15.85756912 17.40699031 18.98743358 20.5101732 21.33167337 21.22817655 21.03125941 21.0325843 20.97409395 20.98625814 21.02016797 21.02092554 21.17815318 21.29618693 21.37237138 21.41021599 21.42883729 21.50314432 21.57456529 21.25806396 21.14558944 21.0268543 20.97844903 20.93337571 20.9817127 21.1201793 20.90714867 21.09993756 21.26730049 21.30973886 21.52019087 21.37915526 21.23397477 21.04000174 20.90321608 20.83229005 20.76824612 20.9014458 21.00823117 21.10511364 21.18663137 21.17999092 21.16668131 21.08682373 21.05012197 21.05786419 21.05154003 21.04692937 21.08474261 21.19325599 21.28343819 21.47898605 21.7465512 22.03716932 22.26533575 -9999 -9999 -9999
18.95509912 17.59760755 16.15169756 15.25395997 14.82657693 15.19791689 16.22454354 17.59845529 19.26412996 20.73177042 21.52370898 21.54680422 21.4335885 21.39543647 21.44369455 21.44558229 21.40873856 21.46159918 21.46395019 21.4962887 21.51925699 21.50016674 21.50598954 21.53561474 21.5767 21.30207312 21.32509874 21.37719272 21.38973282 21.51095069 21.56449175 21.54554384 21.63059972 21.65341712 21.69525702 21.67858746 21.60009306 21.5069096 21.37553723 21.25941454 21.1202793 21.07048165 21.08372711 21.13293904 21.18805962 21.19554103 21.16141156 21.07618626 21.06150728 20.99625622 20.9479072 20.8942274 20.8402187 20.92421696 21.01814201 21.16575103 21.32410457 21.4967554 21.6541898 21.77837222 21.9498825 22.12887484 22.29009309 -9999
