meets/meet004/data/CCSM_6k_neotropic_bio19.asc
NCOLS 154 
NROWS 168 
XLLCORNER -112 
YLLCORNER -55.5 
CELLSIZE 0.5 
NODATA_value -9999 
[rows 87 to 115 of 168, columns 64 to 127 of 154]
-9999 -9999 -9999 -9999 -9999 -9999 -9999 -9999 -9999 21.13943141 26.46881995 37.99224965 52.61890396 70.81145505 100.303877 122.899145 147.5860653 173.6691915 205.9111752 227.341399 245.6194315 254.688821 263.7289151 233.5742786 200.6836425 165.8645312 410.4531648 342.6726191 304.1222989 276.1339798 266.3030209 263.512004 269.6989991 275.8519821 282.2537313 289.0600086 297.0096517 304.1949233 309.1978908 313.4237852 317.721514 322.6573474 327.0757878 327.1926995 326.6501218 326.2774191 326.4135362 326.9235228 325.9139001 325.3413664 325.0309756 3.503461432 3.304805281 3.13189396 3.060342616 3.070190359 3.127471017 3.232443266 3.539537682 3.995802819 4.547947509 5.876064933 7.330101435 9.116724261
-9999 -9999 -9999 -9999 -9999 -9999 -9999 -9999 -9999 -9999 -9999 29.19305881 37.03258198 47.95437801 70.98839998 82.13923023 100.7528838 130.7068736 148.939802 183.1371494 213.3903696 237.8061468 257.3117615 245.466028 219.2666777 198.9045983 160.1573749 404.8630968 357.5544158 306.7334267 277.5941239 265.0348354 256.940144 260.1339375 265.3001207 270.0593669 277.5002363 285.6497716 290.5184813 296.5074678 301.4779061 305.8527825 310.569455 310.02466 310.6036233 6.374231601 5.640807024 5.151141102 4.79935706 4.448131963 4.228357016 3.933370583 3.774604352 3.692166768 3.594733739 3.638554466 3.753930084 3.83019675 4.174885658 4.627192062 5.194317895 6.7754083 8.008702514 9.788632976
-9999 -9999 -9999 -9999 -9999 -9999 -9999 -9999 -9999 -9999 -9999 -9999 -9999 41.19136294 50.14721925 61.36981666 79.17783617 97.94276792 116.8654411 145.427413 174.0654238 211.9022521 229.4345524 233.8464804 234.3856119 212.9582706 180.1984041 152.3101243 124.7215589 345.3952378 306.010895 278.7313554 257.5179494 251.5940002 247.2218509 252.2298661 259.4304835 267.7352328 275.003811 280.9490314 285.8575583 290.0224109 293.016033 294.5756484 7.924429614 7.116108767 6.193708215 5.653966347 5.298052333 5.023209172 4.798636418 4.496308761 4.321495315 4.262271671 4.338980223 4.376054982 4.378299707 4.448651886 4.73837746 5.245784396 5.804413329 7.183117456 8.514130094 10.16846984
-9999 -9999 -9999 -9999 -9999 -9999 -9999 -9999 -9999 -9999 -9999 -9999 -9999 -9999 -9999 46.27001384 56.95863165 68.91237763 83.34354289 113.1041147 133.7286426 162.9051956 184.6518136 206.9821377 213.6611412 211.7561008 191.1861259 172.343972 145.3297274 111.2886572 91.71812368 302.1922507 260.4178682 243.5294491 233.9628151 235.2877065 242.8676858 250.8714 258.5656916 266.3110855 271.0634253 273.7261884 11.9118448 10.48390106 9.088572371 8.090177457 7.36014034 6.683475199 6.217230924 5.774116611 5.566571382 5.486047429 5.344480354 5.319414813 5.29378427 5.285049231 5.37482123 5.411653184 5.643978596 5.876680793 6.3341101 7.629269337 8.974995577 10.67059449
-9999 -9999 -9999 -9999 -9999 -9999 -9999 -9999 -9999 -9999 -9999 -9999 -9999 -9999 -9999 -9999 -9999 47.78938577 57.8805352 72.4381201 94.3386962 117.7542984 137.7362361 164.6336022 180.0886546 179.3926246 185.0861524 181.5214943 158.5485915 130.3707009 108.5345506 85.46663877 61.98149871 50.0437138 35.9565132 31.22638256 26.5259308 23.41775622 21.12573037 18.81382355 17.21685816 15.04741498 13.70419935 12.07840361 10.61296226 9.625618828 8.398453075 7.864939259 7.235158834 6.902423092 6.702521557 6.416008191 6.454138622 6.380669993 6.489521879 6.491598854 6.324402239 6.342889671 6.325247616 6.529370602 6.97442797 8.022709969 8.938713136 10.58212986
-9999 -9999 -9999 -9999 -9999 -9999 -9999 -9999 -9999 -9999 -9999 -9999 -9999 -9999 -9999 -9999 -9999 32.43773285 38.71109798 49.22373561 57.75253476 68.94266249 90.67121059 112.4636986 130.8197798 146.1463042 161.202885 167.602629 149.5355437 135.577488 116.7987217 93.41787972 69.83025305 56.78503917 40.57180481 34.84432752 30.18720379 25.79356248 23.4936902 21.05353027 19.49917532 17.67221454 15.80662605 14.21572361 12.59065023 11.52019548 10.41989862 9.497998285 8.919290301 8.406747876 8.173931937 8.061286979 7.901859066 7.856268719 7.824047649 7.731406463 7.55610228 7.360787831 7.330048382 7.318294442 7.51889225 8.336505549 9.501541504 11.13935508
-9999 -9999 -9999 -9999 -9999 -9999 -9999 -9999 -9999 -9999 -9999 -9999 -9999 -9999 -9999 -9999 -9999 -9999 -9999 30.18122059 37.68380358 47.96495938 54.99685866 73.6092053 93.38097608 104.9041615 124.3964695 124.8567512 130.7067636 129.6764241 115.0100178 90.61259771 75.53462092 60.64937785 43.46354369 37.33428941 31.93010993 28.0888371 25.74271878 23.29974936 21.6845591 19.46651593 18.12625431 16.22190179 14.61134214 13.46253797 11.97140016 11.32004186 10.5066421 10.18769901 9.919431657 9.38841604 9.457760008 9.143397206 9.105792769 8.949589965 8.438520519 8.306887896 8.03226763 7.98267904 8.175888547 8.945386561 9.935273839 11.49125763
-9999 -9999 -9999 -9999 -9999 -9999 -9999 -9999 -9999 -9999 -9999 -9999 -9999 -9999 -9999 -9999 -9999 -9999 -9999 20.22289555 21.53604449 25.73470275 34.16069738 42.07272605 58.13636945 69.95708458 85.55959884 98.63821675 107.4752245 114.0755662 108.3628032 90.17535532 76.53702762 60.96341758 46.43407703 39.79712052 34.56745822 29.99448333 27.9595164 25.6127083 24.21176375 22.42516554 20.61885383 18.97184057 17.25750584 16.06022878 14.80371707 13.79285406 13.11909923 12.52434786 12.15075232 11.71513904 11.3972321 10.98121943 10.66958825 10.37559528 9.916443509 9.531914127 9.209890518 9.110934855 9.169422385 9.920204646 11.10565682 12.95363304
-9999 -9999 -9999 -9999 -9999 -9999 -9999 -9999 -9999 -9999 -9999 -9999 -9999 -9999 -9999 -9999 -9999 -9999 -9999 -9999 16.41965547 18.94916823 21.79773366 30.33111485 38.17851829 50.24999033 62.465097 71.39061301 85.43619797 97.50404452 91.8751952 84.26154876 72.44773785 60.64650434 46.44310584 39.76428038 34.53541583 31.34030537 29.42087519 27.67816322 26.36321946 24.69248725 23.21875862 21.54990073 19.87549428 18.66401903 17.34429813 16.5433247 15.80994816 15.09508875 14.62028938 13.84265399 13.40530785 12.7426745 12.21499427 11.87885612 11.26633229 10.82405908 10.41304144 10.34577986 10.38746501 11.14717033 12.23840261 14.38193682
-9999 -9999 -9999 -9999 -9999 -9999 -9999 -9999 -9999 -9999 -9999 -9999 -9999 -9999 -9999 -9999 -9999 -9999 -9999 -9999 12.19684517 13.06084283 15.54851793 20.22227988 26.56712686 30.61018563 38.71008118 51.30906722 63.71824385 75.28136326 80.16758427 76.04421271 69.07489408 56.35001656 46.21244308 40.05046424 35.45266489 32.0047002 30.97291781 29.67916737 28.88582255 27.54450231 26.19779174 24.69600747 23.20337098 22.09847259 20.91848948 20.00295416 19.19337202 18.51593412 17.84743577 16.80609706 16.03917345 15.16170671 14.4888762 13.99641435 13.27104068 12.87704873 12.47885461 12.41601189 12.51480843 13.4691548 14.78077592 16.97978379
-9999 -9999 -9999 -9999 -9999 -9999 -9999 -9999 -9999 -9999 -9999 -9999 -9999 -9999 -9999 -9999 -9999 -9999 -9999 -9999 10.74528846 11.59700263 12.24289797 16.03566769 21.04823136 25.02331949 32.93922277 41.1779196 50.88720694 67.28431807 72.36652885 66.8009931 62.99081092 54.8725371 43.82531433 37.7306499 34.45671898 32.39138089 31.99383611 31.46058528 30.90986764 30.30284897 29.43031516 28.20265748 26.59286684 25.52374568 24.70347765 23.7959487 23.22501877 22.19662292 21.40647751 20.07062539 18.92970661 18.19217669 17.06085496 16.5316425 15.81983499 15.29870959 15.18898092 15.0281279 15.17065931 16.48741768 17.53218314 19.8899045
-9999 -9999 -9999 -9999 -9999 -9999 -9999 -9999 -9999 -9999 -9999 -9999 -9999 -9999 -9999 -9999 -9999 -9999 -9999 -9999 10.58124013 10.0998528 10.90814558 14.31305148 18.05639624 20.28012525 26.36176417 36.12097099 46.85384738 57.96391603 64.31854614 63.32185775 59.22319992 49.92452647 41.93926144 37.06123065 34.18023245 32.4065974 32.72939508 33.16240839 33.32957869 32.96741825 32.62286872 31.77019422 30.78537953 30.01030083 29.11282384 28.45569343 27.5529556 26.74123075 25.76280782 24.23452876 23.03259125 21.71774418 20.72124651 20.05945044 19.26017395 18.92775695 18.68647956 18.8134475 19.10120329 20.117902 21.53596748 23.79024168
-9999 -9999 -9999 -9999 -9999 -9999 -9999 -9999 -9999 -9999 -9999 -9999 -9999 -9999 -9999 -9999 -9999 -9999 -9999 -9999 9.930009371 9.322313936 10.26806708 13.07043467 16.65488373 18.37680486 24.42531628 32.21091857 43.03812442 56.18654891 61.87260183 59.92791818 55.22160789 47.57265877 38.59545531 35.03532677 32.96627289 32.56803135 33.82610071 34.89248825 35.7744279 36.22080271 36.22700076 35.97934876 35.21677947 34.82233339 34.2996383 33.58898561 33.21395121 32.04764943 30.96036194 29.60550323 27.83366288 26.95317526 25.47887538 24.82222605 24.35348152 23.56623133 24.14802798 24.18274647 24.86915287 25.89035921 26.728942 29.29202954
-9999 -9999 -9999 -9999 -9999 -9999 -9999 -9999 -9999 -9999 -9999 -9999 -9999 -9999 -9999 -9999 -9999 -9999 -9999 -9999 10.6896091 10.02712217 10.4553183 12.89923777 15.39830676 16.92622348 23.47576787 31.94660959 42.42567841 52.82990845 58.08851481 56.17997736 52.00559038 44.54298239 37.51796312 34.35454839 33.44693648 33.41446029 35.03078523 36.74632127 37.73684904 38.59879135 39.41488054 39.47782142 39.48491517 39.24815859 38.82878487 38.6607397 37.92551215 37.14312261 36.10417026 34.46384981 33.17651364 31.59895119 30.56275329 29.86332255 29.09072597 29.1823932 29.24812901 30.11153179 30.79872064 31.55271141 33.31519043 35.22500595
-9999 -9999 -9999 -9999 -9999 -9999 -9999 -9999 -9999 -9999 -9999 -9999 -9999 -9999 -9999 -9999 -9999 -9999 -9999 -9999 10.59638583 10.51307125 11.27080115 13.00823816 15.37752888 16.46897362 23.92613476 30.32022823 41.04320256 52.13557665 56.33250868 52.77556176 49.0719016 42.01027939 35.0897354 33.41633911 33.54169007 34.54522562 36.86703254 39.00423432 40.56150163 42.1320965 43.09415633 44.28459197 44.36800872 44.75902258 45.087308 44.63263846 44.84174502 43.78134762 42.89274874 41.72830658 39.84882338 39.21438437 37.65967955 37.35541379 37.3867319 36.69471561 38.50977683 39.02146477 40.67094338 42.54413738 42.90630656 46.33769338
-9999 -9999 -9999 -9999 -9999 -9999 -9999 -9999 -9999 -9999 -9999 -9999 -9999 -9999 -9999 -9999 -9999 -9999 -9999 13.61156678 11.44733875 11.42976857 12.11379323 13.87201677 15.49515651 16.50467853 22.94862584 30.55533962 39.71586243 48.78337188 52.46316252 49.81662044 45.55495149 39.96528253 34.70672871 33.50595578 34.52700209 36.36579156 39.0225917 41.61326369 43.10521467 44.83826966 46.70104662 47.69288491 48.91342934 49.41250319 49.71165564 50.34802253 50.00734969 49.94184949 49.20089352 47.69444121 46.89076101 45.5133679 45.17452885 44.91368204 44.70673606 45.97717852 46.88948057 49.41567518 51.05173431 52.21211643 55.3929398 57.47227089
-9999 -9999 -9999 -9999 -9999 -9999 -9999 -9999 -9999 -9999 -9999 -9999 -9999 -9999 -9999 -9999 -9999 -9999 -9999 12.76706289 12.37476261 13.07305432 14.07821143 15.0510072 16.63857351 16.96531456 23.43477884 29.22940397 37.79311722 46.71983318 49.4848602 46.15058319 42.64487449 37.96886343 33.28341504 33.63496683 35.88352557 38.49749159 41.70155186 44.80774947 46.94142406 49.42687892 51.06929168 53.13875206 54.39599336 55.69524324 57.05646558 57.29830285 58.45584839 58.07022841 58.2481051 57.69377492 56.91906707 57.09372501 56.37742503 56.89099031 58.28110502 58.49926037 61.90465198 64.3358425 68.28137651 71.98038994 73.50984903 75.8099693
-9999 -9999 -9999 -9999 -9999 -9999 -9999 -9999 -9999 -9999 -9999 -9999 -9999 -9999 -9999 -9999 -9999 -9999 -9999 14.14766413 13.56941978 14.94130042 16.02403433 17.0172087 17.66636217 18.10214451 22.8819819 29.15012889 36.15361085 42.80068728 45.7515931 43.12193541 40.08001138 36.48840847 33.92431644 34.079225 37.38596628 40.9733509 44.6277098 48.72222643 50.88992689 53.01260414 55.81347254 57.78447226 61.04981506 62.30779517 62.76882822 64.57133596 65.01835537 67.66876962 67.7489993 65.98236002 66.9448862 66.86232651 69.51939279 70.11270013 69.86465136 73.32279106 75.63215992 83.39640564 87.16502121 89.23360592 91.94582006 93.4038192
-9999 -9999 -9999 -9999 -9999 -9999 -9999 -9999 -9999 -9999 -9999 -9999 -9999 -9999 -9999 -9999 -9999 -9999 -9999 14.45960775 15.9561202 17.76509028 19.03766069 19.09593132 19.55635592 19.06062584 23.61983926 28.30410125 34.234797 40.55039954 42.48292375 40.15486528 37.94345019 35.71647933 33.67452161 35.63951027 39.84995123 44.18212284 47.93960363 52.28875616 55.33279456 58.91058913 62.15567439 64.62306949 67.20778361 69.62178619 71.99970725 74.45595976 75.6413149 76.97257612 78.63835863 80.1333572 81.6892143 82.64136361 83.68034846 85.33396127 88.90488976 93.05321186 97.01022881 102.4844916 109.4550075 115.1477307 117.2496663 116.3224733
-9999 -9999 -9999 -9999 -9999 -9999 -9999 -9999 -9999 -9999 -9999 -9999 -9999 -9999 -9999 -9999 -9999 -9999 -9999 17.36876842 18.79109462 20.04256669 21.804369 21.47290756 20.61374963 20.14971997 23.59536568 27.83386472 33.13544519 38.04998242 39.9811076 39.06454753 36.89879643 35.19763459 35.29039072 37.1548055 41.92313704 46.47809473 51.04196478 56.78276358 59.83671947 64.02367332 67.34013857 70.6735567 75.22302963 77.49659093 80.25353015 82.41984526 85.20420254 89.1630869 90.83325627 92.73746719 94.55695923 97.18605232 101.5699511 103.3288119 106.5973545 109.9200858 116.9439297 126.7855792 133.7277865 136.5871288 138.4473884 132.9981166
-9999 -9999 -9999 -9999 -9999 -9999 -9999 -9999 -9999 -9999 -9999 -9999 -9999 -9999 -9999 -9999 -9999 -9999 -9999 19.55874555 21.78070236 23.58892316 24.39751177 23.21322171 21.495905 20.59762289 23.37599807 27.16928344 32.04757565 36.91392876 38.38862225 37.2872902 36.39288473 35.95950593 36.21821195 39.51465389 44.82198179 50.06907892 55.77351493 60.40724173 64.75038136 70.03422761 74.69787406 79.30049141 82.42746614 86.16019535 90.80043683 94.40639716 98.48624727 100.5196187 104.5759675 109.7795483 113.1156489 116.8978874 118.5522302 121.3751849 128.3902912 133.2400415 142.4619024 148.5977907 157.6112542 162.7195383 163.1298811 154.0125585
-9999 -9999 -9999 -9999 -9999 -9999 -9999 -9999 -9999 -9999 -9999 -9999 -9999 -9999 -9999 -9999 -9999 -9999 -9999 24.24274844 26.54839116 25.74446661 26.12349104 24.06432592 21.43561841 20.50277475 23.41707817 27.36602735 31.51244383 35.74262085 37.27810585 37.52113318 36.02557118 36.81195638 38.69329036 41.74330706 47.62797522 52.96808503 58.16316767 65.19767213 69.39681402 75.26061015 80.82471221 84.86007888 91.58948597 95.20620927 99.7749998 105.1337331 108.1328697 115.1613885 118.8250195 123.4608932 129.1489281 131.224223 137.5340866 140.4536592 145.3793871 152.4755075 159.4794662 171.9384168 180.7904918 180.0456389 181.8734991 -9999
-9999 -9999 -9999 -9999 -9999 -9999 -9999 -9999 -9999 -9999 -9999 -9999 -9999 -9999 -9999 -9999 -9999 -9999 -9999 28.54360222 30.61153169 30.00090942 28.28856216 24.38800216 21.64204807 21.05125617 23.72618238 27.27066816 31.66914961 35.48441267 36.43531423 36.67814043 36.90239535 38.31820381 40.82825867 44.64366849 50.59760351 56.63391667 63.28093197 69.78818435 74.77878887 81.51662265 87.86686529 94.25432739 100.6318315 105.3192403 111.5477317 117.194208 123.6029168 129.9132545 135.1771412 141.6243189 147.4449988 152.8920256 157.7100106 161.1990847 168.0796092 174.3952764 184.3352432 194.7711228 203.5682731 203.7720383 199.4153044 -9999
-9999 -9999 -9999 -9999 -9999 -9999 -9999 -9999 -9999 -9999 -9999 -9999 -9999 -9999 -9999 -9999 -9999 -9999 30.04574405 35.83964922 37.78566137 32.93306414 28.68974933 25.21348615 20.83994752 20.61424158 23.97186829 28.9817821 31.96851222 35.80691943 36.57259902 37.10292324 36.69744139 39.01854495 42.75995072 46.97368549 53.82735114 59.75437999 65.7662172 74.07250829 79.53621347 87.33694034 94.37075096 99.97737121 109.0738453 114.2530009 121.4070941 128.5914805 134.1154661 143.3761358 149.205046 156.2540916 164.4443733 167.8290325 175.1553634 179.099375 185.6213493 192.8616989 200.674801 212.2911907 221.2384835 218.2502321 216.1894235 -9999
-9999 -9999 -9999 -9999 -9999 -9999 -9999 -9999 -9999 -9999 -9999 -9999 -9999 -9999 -9999 -9999 -9999 -9999 38.26422113 42.90181799 43.34124959 38.06704589 32.18685986 25.92355348 22.00185004 23.35683379 27.18717264 30.81124118 33.97767181 36.86445864 36.5796288 36.56486668 37.49193075 40.76376627 45.01683719 49.84404175 56.58904519 63.69778451 71.35021997 79.1561065 85.35624153 93.81035182 101.9335262 110.2709239 118.6817636 124.9615592 133.5160768 141.1370076 149.7784018 158.237348 165.1495138 173.9350069 181.0639592 188.1737172 193.6454805 197.7662099 205.4087342 212.0113944 221.5936739 230.1601832 237.4385391 236.30209 229.6004511 -9999
-9999 -9999 -9999 -9999 -9999 -9999 -9999 -9999 -9999 -9999 -9999 -9999 -9999 -9999 -9999 -9999 -9999 -9999 47.00724665 51.04274717 51.22938711 42.13407309 33.55835843 26.16834974 23.94874841 25.9384747 30.80243509 34.53147875 36.58290053 37.14037405 36.37873505 36.49978251 37.24486536 41.22740022 46.61545222 51.78769631 59.60386484 66.74308289 74.3919328 83.84269926 90.53811641 100.1772673 108.8896548 117.2482981 127.4335814 134.1968185 143.8408797 152.5676282 160.3035448 171.0079201 178.2823787 187.5288225 196.2285036 202.0432399 208.9594082 213.2023842 219.8616714 227.3068201 234.5706495 242.6026484 250.0641852 248.1844996 245.0962136 -9999
-9999 -9999 -9999 -9999 -9999 -9999 -9999 -9999 -9999 -9999 -9999 -9999 -9999 -9999 -9999 -9999 -9999 -9999 53.59737739 58.72066416 56.19632009 45.85692157 36.96528889 31.91830805 26.91334194 30.17854706 34.33814229 37.77712942 38.08842505 37.96099234 36.3251742 37.06364417 38.25690754 42.68345649 48.42849306 54.01777071 62.1396548 70.37877501 79.39537797 88.82409719 96.26206316 106.5511201 116.2632279 126.3681861 136.5555391 144.2318507 154.3855158 164.0195247 174.1150001 183.9492516 191.9073228 202.0502954 210.4523578 217.9361774 224.3822342 228.6965005 235.3604021 240.9003659 248.1103341 254.5721325 259.6424663 258.2664081 252.879884 -9999
-9999 -9999 -9999 -9999 -9999 -9999 -9999 -9999 -9999 -9999 -9999 -9999 -9999 -9999 -9999 -9999 -9999 56.79530247 62.46783102 68.2039031 62.61612671 49.07130078 39.1283229 35.28025138 30.78239364 34.20683325 38.37180937 42.54379216 40.04335083 39.21123349 37.23811595 37.81884709 38.85155342 43.41018847 50.08967996 55.91005239 65.61948726 72.78527702 81.3817974 92.8099087 101.668316 113.7275271 122.6276994 132.1063209 144.816283 153.7550597 165.1903078 174.2189029 183.1693055 195.3144241 203.7771057 214.7200286 223.7078096 228.8925899 237.130872 241.257332 246.4049806 251.0309088 255.6662882 262.2068192 265.8208114 265.001719 -9999 -9999
-9999 -9999 -9999 -9999 -9999 -9999 -9999 -9999 -9999 -9999 -9999 -9999 -9999 -9999 -9999 -9999 -9999 67.31201815 69.68785875 70.31533059 64.2168667 53.44131928 43.31993948 38.08087757 35.56322674 38.73608972 40.62114491 42.88205517 41.98110578 39.96562594 38.13340437 39.29919866 40.96519638 45.56670608 51.75483755 57.42143221 66.41177139 75.42576299 85.61664991 96.5897835 105.1566916 116.9538598 128.3961964 139.9642367 151.697307 160.53693 172.1908554 183.2358615 194.1761792 205.1648983 213.4680202 223.710969 232.9463062 240.3811344 246.8885447 250.9064229 255.6796148 259.1607415 262.558273 266.3017241 269.2155932 -9999 -9999 -9999
