meets/meet004/data/CCSM_21k_neotropic_bio12.asc
NCOLS 154 
NROWS 168 
XLLCORNER -112 
YLLCORNER -55.5 
CELLSIZE 0.5 
NODATA_value -9999 
[rows 87 to 115 of 168, columns 64 to 127 of 154]
-9999 -9999 -9999 -9999 -9999 -9999 -9999 -9999 -9999 581.7661383 858.3260822 1210.564613 1541.28497 1871.075769 2114.510046 2288.734471 2344.06132 2350.910327 2485.837692 2592.169768 2732.22993 2991.671709 3143.413339 2997.184101 2822.323342 2486.074446 2044.309463 1639.125443 1406.666002 1224.896606 1151.12797 1113.119824 1111.36581 1109.057535 1121.766365 1134.010817 1142.14533 1154.937469 1163.663372 1170.024185 1178.546755 1190.197305 1203.11427 1225.959344 1249.113035 1269.487463 1294.470242 1315.77699 1337.475605 1357.280484 1360.552962 1347.903995 1337.003288 1328.702931 1319.545771 1318.825068 1328.024569 1327.52141 1317.467242 1299.823902 1267.938559 1227.345663 1181.846163 1135.976356
-9999 -9999 -9999 -9999 -9999 -9999 -9999 -9999 -9999 -9999 -9999 748.7981448 1015.536603 1371.516076 1735.239203 1944.353362 2015.494545 2083.882385 2124.772894 2199.146125 2372.362358 2679.337896 3000.613226 3045.667604 3082.131267 2906.525117 2486.816781 2072.214727 1777.891516 1461.143798 1288.45815 1193.795659 1115.157116 1106.296972 1102.107772 1100.489097 1104.66239 1116.265413 1122.452054 1131.688456 1141.639716 1154.799701 1165.807496 1194.117073 1221.221541 1248.477333 1278.788069 1305.66136 1332.661721 1360.087875 1366.881775 1358.096177 1347.373507 1339.414683 1330.161946 1327.210347 1331.127462 1328.332883 1305.224561 1284.394408 1243.397123 1192.894387 1148.336592 1096.539854
-9999 -9999 -9999 -9999 -9999 -9999 -9999 -9999 -9999 -9999 -9999 -9999 -9999 941.8939219 1248.925749 1506.373911 1762.187835 1958.726072 1967.597761 1989.647874 2129.113119 2387.315718 2611.714798 2919.048514 3188.38632 3138.999279 2868.91697 2582.785201 2188.304074 1755.064226 1499.536457 1324.5411 1180.477552 1122.902847 1072.362238 1074.344796 1075.409844 1085.198158 1100.177215 1116.269988 1128.500359 1144.096469 1161.421365 1188.74701 1223.317915 1247.943296 1281.455887 1309.697676 1333.914854 1360.647302 1376.320078 1374.075504 1370.2098 1366.964811 1355.77044 1354.117985 1344.153831 1333.846839 1303.111759 1263.447813 1219.180205 1170.001838 1122.146086 1073.881918
-9999 -9999 -9999 -9999 -9999 -9999 -9999 -9999 -9999 -9999 -9999 -9999 -9999 -9999 -9999 1068.076387 1366.356242 1651.427709 1712.787433 1794.933451 1896.374586 2043.335632 2265.624362 2594.327306 2935.640292 3050.685165 3018.529146 2895.988662 2521.58363 2117.145834 1811.884265 1527.568389 1273.681971 1155.206279 1065.509669 1044.5223 1051.872578 1063.429336 1081.867205 1105.132125 1119.850597 1137.214798 1158.286537 1187.056163 1220.485689 1250.530911 1279.779464 1311.596787 1334.768124 1357.628195 1376.529963 1392.723146 1397.385841 1394.693884 1388.223926 1377.704756 1355.767966 1334.506702 1296.0612 1256.148481 1207.01905 1150.527576 1102.576002 1058.346279
-9999 -9999 -9999 -9999 -9999 -9999 -9999 -9999 -9999 -9999 -9999 -9999 -9999 -9999 -9999 -9999 -9999 1095.681636 1334.27648 1576.961596 1708.135165 1728.998639 1850.877622 2148.940418 2437.160171 2638.356735 2859.276196 2938.928713 2735.143823 2496.705401 2150.857632 1721.709515 1386.046529 1199.933445 1057.859261 1033.052771 1031.755656 1049.029287 1071.005718 1096.770412 1116.025612 1134.800565 1157.79598 1181.700232 1215.781126 1244.023289 1275.95861 1302.822548 1325.218115 1344.53782 1371.577248 1403.35942 1425.478123 1426.311694 1410.086103 1394.57115 1368.662115 1340.121603 1300.073166 1251.819851 1203.565435 1151.091738 1098.870269 1059.659219
-9999 -9999 -9999 -9999 -9999 -9999 -9999 -9999 -9999 -9999 -9999 -9999 -9999 -9999 -9999 -9999 -9999 714.7925389 955.2500878 1232.385723 1372.249185 1418.890044 1553.547432 1730.394825 1948.192125 2186.759717 2491.135674 2696.199279 2643.529272 2584.491254 2321.011267 1878.424417 1505.041782 1275.105665 1092.500242 1038.959995 1029.915978 1040.018786 1063.455373 1088.669984 1109.908788 1130.549458 1153.786211 1179.837874 1211.071694 1238.758929 1268.618908 1298.441708 1320.053 1340.919699 1368.977368 1404.572363 1426.198738 1421.925993 1406.237745 1387.375979 1358.449039 1326.86042 1289.02649 1244.437331 1198.918291 1149.794987 1105.493073 1070.147716
-9999 -9999 -9999 -9999 -9999 -9999 -9999 -9999 -9999 -9999 -9999 -9999 -9999 -9999 -9999 -9999 -9999 -9999 -9999 855.7955962 1030.807865 1196.304245 1314.247018 1441.422 1563.166071 1767.894336 2030.16339 2183.201256 2383.782198 2474.314583 2291.253991 1924.00265 1597.366428 1333.719797 1125.611987 1051.736771 1027.044668 1035.839042 1054.507188 1079.207221 1102.679188 1122.202634 1148.067079 1171.349853 1202.28243 1232.710196 1263.496298 1295.257393 1320.37115 1347.317087 1371.457848 1393.531604 1410.471889 1402.866467 1381.783469 1361.015248 1333.679723 1307.380955 1273.923646 1240.402884 1199.84555 1155.645527 1119.243426 1087.649561
-9999 -9999 -9999 -9999 -9999 -9999 -9999 -9999 -9999 -9999 -9999 -9999 -9999 -9999 -9999 -9999 -9999 -9999 -9999 561.5128169 751.3039872 959.9634743 1134.21104 1214.007804 1303.244647 1451.119672 1660.462478 1876.604269 2133.846198 2295.402503 2250.082526 1989.185821 1690.499148 1404.579523 1196.386628 1090.106901 1048.861575 1037.728877 1053.776282 1073.110049 1096.613185 1121.551069 1146.607925 1172.224226 1199.616709 1226.470277 1258.421804 1292.887991 1319.056016 1348.221117 1368.917184 1375.884849 1380.077325 1367.669592 1347.026939 1329.879142 1308.006592 1288.241754 1260.978062 1233.814035 1200.370777 1167.037799 1134.130894 1110.25738
-9999 -9999 -9999 -9999 -9999 -9999 -9999 -9999 -9999 -9999 -9999 -9999 -9999 -9999 -9999 -9999 -9999 -9999 -9999 -9999 553.0711486 804.2848446 994.1344564 1096.035369 1154.060195 1283.965674 1451.185225 1646.532946 1946.95738 2192.332276 2206.763524 2035.752248 1749.157215 1488.497617 1243.269903 1113.845404 1056.087915 1038.46297 1050.267856 1066.904096 1091.918532 1121.948594 1146.495682 1172.293703 1195.227677 1224.514081 1257.81486 1292.003233 1323.953971 1351.339893 1363.651986 1356.542876 1343.222012 1332.15866 1311.944808 1298.279294 1284.33633 1270.468013 1251.870033 1230.765348 1202.749505 1174.252741 1144.360236 1132.871749
-9999 -9999 -9999 -9999 -9999 -9999 -9999 -9999 -9999 -9999 -9999 -9999 -9999 -9999 -9999 -9999 -9999 -9999 -9999 -9999 436.1761947 684.8457215 899.8569757 1023.581494 1082.650635 1180.515071 1354.676322 1573.439435 1888.199464 2119.493407 2199.03666 2074.331368 1829.813248 1546.081145 1307.480868 1155.796094 1085.048131 1053.685931 1065.386242 1079.662982 1105.795873 1136.033949 1161.972775 1182.915786 1201.900903 1226.757222 1259.814134 1293.876721 1321.832247 1346.900302 1355.12747 1340.470606 1325.511853 1311.453707 1295.581554 1285.437934 1276.548214 1266.238799 1251.162641 1235.319859 1216.31822 1199.440625 1179.419653 1167.470971
-9999 -9999 -9999 -9999 -9999 -9999 -9999 -9999 -9999 -9999 -9999 -9999 -9999 -9999 -9999 -9999 -9999 -9999 -9999 -9999 380.1166927 645.4633247 860.250835 992.4229202 1054.93013 1156.290271 1354.642477 1549.285015 1883.857434 2191.341552 2288.607322 2116.298009 1893.936689 1607.753708 1325.450162 1161.914718 1096.133869 1064.591248 1076.322473 1093.676579 1119.428571 1152.661645 1180.936028 1196.646695 1208.738229 1234.538255 1266.450815 1297.74915 1325.947698 1344.252125 1348.428838 1330.804356 1311.862965 1303.619596 1291.535613 1283.65364 1274.197022 1269.035135 1261.308555 1248.326433 1235.333318 1224.565343 1217.471121 1199.537412
-9999 -9999 -9999 -9999 -9999 -9999 -9999 -9999 -9999 -9999 -9999 -9999 -9999 -9999 -9999 -9999 -9999 -9999 -9999 -9999 373.2931347 639.5682342 877.4379928 994.8046724 1069.056848 1178.867166 1381.429469 1639.722628 1970.633211 2246.328719 2338.137377 2183.875878 1916.691506 1611.884243 1343.206625 1175.283789 1102.355315 1073.616358 1089.110156 1107.545939 1135.181128 1166.5256 1193.874024 1211.196976 1224.374171 1247.242606 1276.079166 1303.552528 1324.140556 1334.936074 1338.749974 1330.67619 1315.438218 1304.86259 1292.527866 1284.328939 1280.012405 1272.358881 1268.914744 1262.869832 1256.735767 1247.258649 1237.660433 1227.112312
-9999 -9999 -9999 -9999 -9999 -9999 -9999 -9999 -9999 -9999 -9999 -9999 -9999 -9999 -9999 -9999 -9999 -9999 -9999 -9999 370.5075048 664.301207 931.3506071 1013.519978 1086.320655 1196.880245 1410.300401 1675.061959 2029.013291 2342.690999 2416.224603 2219.514957 1915.958345 1604.311752 1307.26526 1148.740484 1086.773452 1072.390353 1090.632124 1113.75768 1142.388281 1175.77846 1204.856429 1220.819921 1234.264871 1255.659282 1281.7751 1310.577753 1326.440323 1331.886665 1335.28906 1329.52407 1322.539775 1312.846136 1300.311374 1290.681359 1285.438196 1280.617453 1282.079546 1282.034952 1284.312914 1272.767756 1261.57426 1252.279364
-9999 -9999 -9999 -9999 -9999 -9999 -9999 -9999 -9999 -9999 -9999 -9999 -9999 -9999 -9999 -9999 -9999 -9999 -9999 -9999 374.1714247 658.989724 907.3642716 1008.516214 1086.329329 1214.862136 1447.623353 1745.857904 2083.798353 2370.781441 2429.786949 2201.961511 1889.048062 1566.260804 1290.868416 1138.967731 1085.360656 1072.423835 1093.360642 1114.89566 1141.494138 1176.256667 1204.347006 1222.729712 1237.026704 1258.404124 1281.801882 1305.246835 1320.976858 1326.090919 1332.463548 1333.003112 1327.825273 1318.802345 1309.970752 1301.196435 1291.058606 1289.780026 1291.065363 1298.209027 1301.010733 1294.175448 1291.498319 1284.887368
-9999 -9999 -9999 -9999 -9999 -9999 -9999 -9999 -9999 -9999 -9999 -9999 -9999 -9999 -9999 -9999 -9999 -9999 -9999 -9999 362.9810104 653.7760094 915.0092451 1001.211318 1074.604085 1210.370972 1480.369768 1760.712144 2130.093217 2402.37823 2426.354711 2158.690777 1827.775724 1503.828001 1231.857349 1103.212986 1066.58427 1067.357784 1089.504777 1113.889334 1141.394863 1177.727779 1207.598517 1226.876901 1238.160096 1257.948307 1280.543941 1304.704249 1319.596287 1326.735494 1333.927893 1335.206671 1333.428673 1329.163786 1320.768169 1313.989474 1306.545172 1302.22379 1310.42697 1320.080581 1327.970512 1325.37813 1323.964658 1329.645709
-9999 -9999 -9999 -9999 -9999 -9999 -9999 -9999 -9999 -9999 -9999 -9999 -9999 -9999 -9999 -9999 -9999 -9999 -9999 177.3046521 342.1086432 603.9820327 835.7891563 951.7330489 1048.794492 1222.622906 1504.03932 1815.501273 2130.854961 2355.798729 2356.505401 2081.251598 1742.406155 1438.233057 1200.487294 1086.079467 1059.333669 1066.39759 1091.560408 1120.323535 1146.365382 1179.361623 1211.215293 1227.343623 1239.601776 1257.525703 1276.884933 1297.429523 1312.814137 1324.76621 1334.727035 1335.749715 1336.123781 1331.758865 1329.654787 1325.904689 1322.304546 1326.394141 1333.85834 1349.169158 1357.392421 1357.899272 1366.200488 1368.612125
-9999 -9999 -9999 -9999 -9999 -9999 -9999 -9999 -9999 -9999 -9999 -9999 -9999 -9999 -9999 -9999 -9999 -9999 -9999 163.3663684 313.7472769 563.6682591 782.3881345 904.9577822 1015.880386 1217.314187 1547.635019 1832.703828 2156.430121 2330.462896 2292.416745 1987.957721 1637.059076 1361.558809 1143.494297 1055.784639 1043.545932 1060.858141 1087.796892 1123.016902 1152.259335 1186.698186 1219.0832 1237.778756 1249.313282 1267.268058 1284.946752 1303.436283 1322.746091 1332.9344 1344.423 1347.616568 1349.367254 1352.632299 1350.936681 1350.177582 1352.020529 1355.109795 1369.372442 1385.036414 1400.494457 1411.387748 1416.50567 1440.360041
-9999 -9999 -9999 -9999 -9999 -9999 -9999 -9999 -9999 -9999 -9999 -9999 -9999 -9999 -9999 -9999 -9999 -9999 -9999 158.2073391 291.6170827 501.9816136 701.2666131 841.7597099 973.5863173 1229.796508 1592.622521 1910.467148 2165.887999 2272.428804 2207.636291 1907.781496 1563.850303 1303.340953 1115.268903 1037.311968 1040.70067 1060.645573 1092.291855 1126.397819 1155.497702 1193.238911 1231.461187 1251.757469 1272.518665 1288.491503 1303.705263 1321.026579 1332.451778 1349.561755 1361.144941 1364.775416 1373.162118 1376.931019 1380.627259 1380.287737 1381.352558 1389.321998 1397.673878 1421.380839 1437.063324 1455.135167 1483.946385 1491.330801
-9999 -9999 -9999 -9999 -9999 -9999 -9999 -9999 -9999 -9999 -9999 -9999 -9999 -9999 -9999 -9999 -9999 -9999 -9999 153.4893518 269.0140341 462.1692962 638.7478822 783.6511254 938.5128564 1230.760889 1647.448305 1979.773144 2218.864051 2270.33976 2154.873948 1826.131051 1478.312041 1247.593871 1082.264716 1030.17628 1032.825429 1054.608313 1085.845745 1127.31743 1160.333118 1201.278499 1238.268717 1264.313279 1289.267382 1309.481991 1323.108445 1340.273846 1353.771311 1363.974476 1378.656363 1391.201331 1402.017179 1409.728864 1411.819168 1411.244277 1413.278891 1423.899818 1437.868543 1455.591056 1491.400356 1541.1762 1577.557915 1569.321713
-9999 -9999 -9999 -9999 -9999 -9999 -9999 -9999 -9999 -9999 -9999 -9999 -9999 -9999 -9999 -9999 -9999 -9999 -9999 159.4251843 258.9265478 421.2613539 579.0468883 728.2380276 891.6868316 1240.89824 1702.909505 2077.374823 2290.156043 2275.072968 2122.254232 1783.484339 1428.087498 1204.987308 1064.777104 1019.292623 1030.342712 1053.493899 1085.764637 1128.427142 1160.517412 1205.544452 1242.884785 1272.759755 1300.733169 1321.086885 1340.423704 1356.392802 1370.222951 1379.530472 1393.958439 1412.179064 1427.472813 1436.709304 1442.249718 1439.386684 1439.581721 1442.687333 1467.582637 1510.348889 1546.995019 1625.948847 1638.371929 1608.474838
-9999 -9999 -9999 -9999 -9999 -9999 -9999 -9999 -9999 -9999 -9999 -9999 -9999 -9999 -9999 -9999 -9999 -9999 -9999 167.2374783 251.615806 383.7225271 522.0408818 673.0863656 864.2528141 1258.795418 1775.877497 2145.909014 2309.124626 2278.425066 2079.788413 1707.963602 1367.260265 1157.609406 1042.220725 1017.598 1027.109849 1051.252689 1089.46094 1130.98454 1166.425379 1205.896049 1245.960596 1279.959582 1308.897153 1334.21504 1355.469102 1372.632296 1386.771406 1393.978644 1411.477386 1434.190121 1448.480267 1456.550007 1456.737703 1454.018411 1459.405979 1468.969091 1508.265456 1548.358466 1601.371556 1681.634581 1701.649234 1643.223472
-9999 -9999 -9999 -9999 -9999 -9999 -9999 -9999 -9999 -9999 -9999 -9999 -9999 -9999 -9999 -9999 -9999 -9999 -9999 178.5502849 249.4613945 356.8100362 471.079665 623.3387217 830.5464191 1253.104068 1815.325494 2219.121018 2342.946595 2252.071637 2023.723124 1650.985498 1290.714952 1122.254667 1026.648226 1007.906377 1028.13493 1051.418479 1087.962053 1135.029277 1169.05727 1213.15548 1249.922051 1282.495969 1316.815238 1340.983389 1365.598505 1387.233916 1398.18313 1412.803648 1427.600078 1443.707713 1455.87591 1461.19861 1460.150436 1456.84082 1468.393493 1480.153519 1528.484393 1592.762518 1636.499346 1731.849676 1726.269101 -9999
-9999 -9999 -9999 -9999 -9999 -9999 -9999 -9999 -9999 -9999 -9999 -9999 -9999 -9999 -9999 -9999 -9999 -9999 -9999 186.9567782 246.6854514 332.5915561 439.4425118 594.6320907 831.6486155 1276.04428 1820.812285 2184.467996 2258.106179 2132.16911 1880.635118 1533.340399 1234.880871 1069.172058 1002.773606 997.2302649 1016.021563 1046.89655 1087.262907 1132.829762 1167.590766 1208.075745 1249.546063 1283.9829 1318.136933 1345.226378 1371.10837 1393.213372 1409.470812 1426.567824 1444.21543 1457.460017 1469.685884 1474.415581 1471.971082 1468.927957 1484.224996 1502.974511 1558.521812 1620.269846 1666.78222 1749.272535 1732.622222 -9999
-9999 -9999 -9999 -9999 -9999 -9999 -9999 -9999 -9999 -9999 -9999 -9999 -9999 -9999 -9999 -9999 -9999 -9999 159.2447849 198.9747659 251.4489495 324.5916018 416.7266472 584.1706672 823.6970766 1248.125308 1773.810844 2142.275156 2147.216532 1972.896387 1715.257016 1410.73953 1124.596255 1024.302914 976.8811664 979.7723237 1008.426188 1036.289639 1077.426027 1128.455939 1165.790601 1211.125616 1247.828725 1282.161151 1318.872958 1345.748273 1374.454121 1397.41054 1416.518721 1436.924416 1454.210612 1469.265319 1483.795892 1486.595843 1483.538848 1481.591056 1503.558381 1519.552426 1572.799939 1637.682852 1676.265767 1754.368647 1730.183559 -9999
-9999 -9999 -9999 -9999 -9999 -9999 -9999 -9999 -9999 -9999 -9999 -9999 -9999 -9999 -9999 -9999 -9999 -9999 164.725054 206.5842498 259.3867875 325.3191493 432.2935407 611.4526161 863.9095096 1255.260959 1700.72125 1961.943306 1927.590279 1739.689184 1488.097526 1243.874562 1053.904073 967.4987348 945.1396372 958.2286532 988.0075186 1024.630685 1067.583946 1117.781297 1155.784504 1198.362069 1241.375461 1278.230292 1315.235658 1343.681476 1371.652093 1396.53447 1417.547453 1439.669532 1458.672958 1474.808367 1485.126635 1490.695913 1489.181912 1488.801885 1507.359911 1531.208389 1585.540431 1640.390055 1678.553837 1727.684108 1698.158141 -9999
-9999 -9999 -9999 -9999 -9999 -9999 -9999 -9999 -9999 -9999 -9999 -9999 -9999 -9999 -9999 -9999 -9999 -9999 171.1315938 223.8081907 282.4638203 351.1231307 442.6061327 654.6294317 909.8858613 1225.944296 1581.075111 1815.264782 1706.451065 1482.391461 1262.408241 1093.758047 950.3323415 916.6219559 915.6987172 934.8632175 972.091107 1005.850187 1051.929871 1106.171498 1146.917267 1193.014462 1233.739999 1272.192586 1312.332523 1340.659529 1371.259298 1397.639018 1416.246127 1439.437848 1457.439473 1474.083729 1487.029091 1492.877699 1494.254547 1493.459543 1512.102781 1533.013364 1574.402184 1636.024681 1667.662035 1710.821829 1669.195201 -9999
-9999 -9999 -9999 -9999 -9999 -9999 -9999 -9999 -9999 -9999 -9999 -9999 -9999 -9999 -9999 -9999 -9999 -9999 179.6420789 245.5531096 316.9922481 405.7733399 530.663013 720.8790098 941.397003 1193.635469 1412.514177 1517.429282 1428.596666 1247.11368 1068.89758 960.0393484 887.3633458 871.1148184 882.0264981 907.128259 945.5173769 989.2091435 1036.369825 1088.384414 1128.839433 1174.557847 1218.07178 1257.537118 1297.798102 1327.782101 1356.576807 1384.305739 1405.942628 1426.758464 1445.826443 1463.214485 1477.416794 1483.711533 1489.317613 1491.083562 1504.588907 1532.260533 1568.870628 1614.134759 1632.155993 1618.233229 1578.112809 -9999
-9999 -9999 -9999 -9999 -9999 -9999 -9999 -9999 -9999 -9999 -9999 -9999 -9999 -9999 -9999 -9999 -9999 138.930189 192.3294288 274.8095665 360.4867524 470.597626 594.5659736 778.1660608 946.1898781 1112.173989 1224.463855 1271.453495 1174.999088 1030.168369 913.0225909 850.2691949 818.0454485 829.0958893 849.7531319 878.9239546 928.4687284 966.4677397 1011.755754 1068.355124 1110.597651 1161.127956 1199.926646 1237.230953 1279.131124 1309.951446 1343.114869 1368.697533 1389.105241 1408.524397 1426.851121 1447.285028 1464.030336 1468.149014 1473.802595 1484.835632 1506.045684 1510.811637 1531.997551 1587.625399 1583.377391 1531.072506 -9999 -9999
-9999 -9999 -9999 -9999 -9999 -9999 -9999 -9999 -9999 -9999 -9999 -9999 -9999 -9999 -9999 -9999 -9999 160.3293414 210.4874521 291.8508672 392.9084595 526.423457 657.3961429 785.9162661 901.4858722 1000.653928 1032.87329 1034.729962 980.3219603 886.4490581 810.477503 790.6313396 782.5656122 797.3776433 826.5832444 856.3491485 899.8917419 948.4153828 997.4187285 1047.90673 1088.353274 1134.606558 1178.570308 1218.370088 1257.139308 1287.421876 1319.414706 1347.473335 1370.19181 1391.773009 1409.134774 1425.085845 1439.208957 1447.890729 1460.870753 1463.620758 1480.161285 1506.834095 1518.975158 1516.510992 1495.444326 -9999 -9999 -9999
