meets/meet004/data/CCSM_21k_neotropic_bio17.asc
NCOLS 154 
NROWS 168 
XLLCORNER -112 
YLLCORNER -55.5 
CELLSIZE 0.5 
NODATA_value -9999 
[rows 87 to 115 of 168, columns 64 to 127 of 154]
-9999 -9999 -9999 -9999 -9999 -9999 -9999 -9999 -9999 28.30077242 36.09084448 50.46765238 69.84863737 89.64144636 118.1070876 139.1015682 160.8789115 179.8707085 209.9668645 234.7359721 260.0987828 281.7661972 307.4367711 278.8979197 251.9991637 208.7901165 161.2616109 112.9031171 82.54360497 60.85635946 51.67761435 41.60823354 37.2897041 33.56566202 31.22041972 29.36117292 27.04733326 25.0207386 22.84018356 20.64139494 18.82361742 16.53877722 14.46811621 12.44964934 10.74505326 9.615049294 8.318394763 7.333743605 6.583452192 5.981312471 5.616920354 5.078043901 4.736605618 4.40840951 4.24361712 4.185877597 4.154564982 4.195291077 4.443777751 4.856857343 5.398665114 6.646582886 7.945384952 9.458504121
-9999 -9999 -9999 -9999 -9999 -9999 -9999 -9999 -9999 -9999 -9999 39.51200174 50.14005376 62.98761421 86.77058154 98.86741952 116.4166788 145.5450116 162.3554519 196.4915299 227.993504 265.0762778 299.15266 291.1072483 274.8892099 254.5205575 204.2341215 160.4878839 128.7146961 91.20142242 68.62812108 54.83586268 42.34282272 38.78531633 34.77063179 30.81868934 28.30026818 26.08072179 23.92762965 21.6384943 19.66530208 17.27863449 15.3189385 13.51250152 11.57440387 10.37730652 9.093033799 8.191678559 7.603785851 6.854278444 6.465988559 5.90070707 5.574092528 5.361129551 5.094772406 5.015484151 5.006298103 5.020277817 5.253737359 5.639036948 6.142004991 7.569587118 8.70434682 10.22389807
-9999 -9999 -9999 -9999 -9999 -9999 -9999 -9999 -9999 -9999 -9999 -9999 -9999 53.81058894 65.3457104 76.82387114 95.37367596 114.3118819 133.7386521 162.7163117 198.0835456 240.4425128 263.5621266 284.0242505 295.6670269 272.020955 237.9736693 204.4342904 166.162423 121.5348055 98.53323683 72.45144538 55.7782593 47.87019368 38.05574449 34.60267604 29.88269329 27.37199579 25.36952997 23.10714662 21.16428858 18.39215067 16.33923821 14.63415539 12.7852286 11.504049 10.10246568 9.21356522 8.542884505 8.000485257 7.604233082 6.95619732 6.547185639 6.334853238 6.290963397 6.202782572 5.908973342 5.878628403 6.049761336 6.444313532 6.931451852 8.058964017 9.217818374 10.60227843
-9999 -9999 -9999 -9999 -9999 -9999 -9999 -9999 -9999 -9999 -9999 -9999 -9999 -9999 -9999 59.38379392 71.57956837 86.47932024 103.7061454 134.9324576 158.078195 193.7770289 218.3391207 251.8462607 266.6006816 269.9638965 255.3049374 235.9743769 200.8881961 154.1019082 129.6784874 102.9213048 72.90588079 59.07485347 45.06050152 38.03178917 34.45999795 30.45153378 27.85645544 25.34066607 23.09482383 20.84499288 18.45270994 16.40566604 14.34719579 12.9538634 11.91807041 10.87813673 10.12563638 9.308974535 9.006072407 8.762426535 8.382450649 8.154950213 7.897219018 7.713832926 7.589553098 7.433853339 7.395120321 7.435412736 7.705700141 8.774028806 9.883677827 11.17833637
-9999 -9999 -9999 -9999 -9999 -9999 -9999 -9999 -9999 -9999 -9999 -9999 -9999 -9999 -9999 -9999 -9999 61.05485462 74.41030766 92.94323418 119.382367 145.5719518 167.1155273 203.3180464 222.6288473 227.1434648 246.2040677 244.2871666 221.4740905 188.0849813 158.301048 125.3594452 91.72719023 72.70423837 51.7882879 44.99494089 38.08322371 33.75060391 31.05637682 28.1927242 26.05648433 22.96923857 21.0179459 18.61119053 16.48108947 15.02937491 13.34297695 12.61088959 11.68024989 11.20996391 10.89191768 10.35583804 10.36060667 10.04004194 10.03171425 9.844640519 9.200327554 9.074301151 8.690042919 8.57846843 8.849707438 9.419145647 10.15731865 11.40578041
-9999 -9999 -9999 -9999 -9999 -9999 -9999 -9999 -9999 -9999 -9999 -9999 -9999 -9999 -9999 -9999 -9999 42.00324782 50.1947421 66.249885 77.60353593 90.69633989 116.5241965 142.9312649 162.3270521 183.0911156 211.1428161 224.469929 209.0662325 198.0845642 174.9621883 141.3025489 107.1916257 87.220299 61.05201832 51.82945907 44.98088661 38.17770345 34.97778481 31.7546339 29.60097333 26.8419136 24.12479604 21.68415897 19.25016693 17.73070415 16.22442547 15.0093624 14.27502966 13.58648508 13.31599722 13.19693766 12.92028647 12.70464238 12.49364996 12.2079709 11.64122688 11.01953783 10.58362859 10.09002121 10.04924196 10.44809915 11.20524342 12.36410315
-9999 -9999 -9999 -9999 -9999 -9999 -9999 -9999 -9999 -9999 -9999 -9999 -9999 -9999 -9999 -9999 -9999 -9999 -9999 42.11718393 52.71874191 65.79195389 74.2730301 96.30702487 117.2059233 133.2204834 159.6573355 162.5155141 178.4090211 186.4033501 169.0809712 138.9272628 119.0434111 94.81962502 68.11625427 57.94883039 48.59491255 42.24929969 39.0225989 35.2803068 33.14456852 29.77560518 27.62850356 24.63739163 22.13342802 20.4453066 18.42177379 17.67168492 16.62889882 16.35466761 15.99066495 15.38718344 15.54380381 15.06221679 14.91304768 14.52630895 13.3985987 13.02786373 12.17588732 11.65060617 11.53031197 11.61314553 12.35674838 13.34973485
-9999 -9999 -9999 -9999 -9999 -9999 -9999 -9999 -9999 -9999 -9999 -9999 -9999 -9999 -9999 -9999 -9999 -9999 -9999 28.17841268 31.21474387 36.96626281 49.00167817 58.36118281 76.10818107 89.72053151 109.2105005 127.1274652 143.7044038 160.1410437 158.4438393 137.9769199 122.2272041 98.17614168 75.45250887 63.84800544 54.65297471 46.42850299 42.99029904 39.10850172 37.08322172 34.25156646 31.39628296 28.71517049 25.97755618 24.17056298 22.48542717 21.19125145 20.50702558 19.88737671 19.5643201 19.15897591 18.83709743 18.29351919 17.74595026 17.24392039 16.34454385 15.47735923 14.62189976 13.93790999 13.67976404 13.92663809 14.51148149 15.74439513
-9999 -9999 -9999 -9999 -9999 -9999 -9999 -9999 -9999 -9999 -9999 -9999 -9999 -9999 -9999 -9999 -9999 -9999 -9999 -9999 23.26937831 28.30886889 33.07462164 44.46487037 52.38840642 67.42172936 80.75875648 91.50255713 111.183424 132.6739904 130.3037693 128.120033 115.0767719 99.19129427 77.92749595 65.80456849 55.50930323 49.22148739 45.60592332 42.33193249 40.49381062 37.64378891 35.41216903 32.62849288 29.9551979 28.07301727 26.28375351 25.27192751 24.46629185 23.85805664 23.35802387 22.46013659 22.02656775 21.10024493 20.36612552 19.76035215 18.62813796 17.96584392 16.9507427 16.42366619 16.09438612 16.19531549 16.84101127 18.30802856
-9999 -9999 -9999 -9999 -9999 -9999 -9999 -9999 -9999 -9999 -9999 -9999 -9999 -9999 -9999 -9999 -9999 -9999 -9999 -9999 17.02557348 19.5239721 24.3219718 30.64260185 38.75615066 42.92990038 51.7151949 66.41097656 83.22819732 100.646269 111.6669068 113.6355551 109.7730477 92.74501649 78.9919157 68.1098215 58.69976701 51.82498839 49.04507216 45.59940104 44.23629054 42.14440664 39.9472342 37.40801794 35.0272729 33.30493782 31.78355068 30.53515518 29.65848182 29.01807306 28.30031985 27.01166908 26.10383977 24.94887689 23.94999661 23.25319821 22.11045585 21.42178131 20.53596564 20.06272592 19.91524053 20.30540571 20.99424107 22.41062647
-9999 -9999 -9999 -9999 -9999 -9999 -9999 -9999 -9999 -9999 -9999 -9999 -9999 -9999 -9999 -9999 -9999 -9999 -9999 -9999 14.49802669 17.37309598 19.86878445 25.40359998 32.19682918 36.75246147 44.97214668 54.10076951 66.00085592 88.73466715 100.0974372 101.0683759 100.5986864 91.19803451 76.24655555 65.2076479 57.94489223 53.09411099 51.25638323 48.34797055 47.13917682 46.147627 44.82713268 42.89222482 40.23891873 38.59412926 37.68457016 36.33902408 35.73843207 34.38489235 33.54005128 31.91805074 30.33147389 29.35010293 27.69922658 26.89189418 25.85297529 25.19026666 24.92786128 24.31209871 24.13422544 24.95704576 25.54676161 27.28546915
-9999 -9999 -9999 -9999 -9999 -9999 -9999 -9999 -9999 -9999 -9999 -9999 -9999 -9999 -9999 -9999 -9999 -9999 -9999 -9999 13.77379091 14.97642707 17.59829173 22.90060228 28.54983366 30.65307925 37.25173356 48.00041129 62.0615525 76.86822724 88.71842444 94.54437377 94.05996447 83.37044959 73.17749096 64.67785557 58.22159892 53.9936637 52.77739302 51.45217996 51.15871699 50.38635077 49.41286584 48.18927058 46.69473753 45.55293052 44.41598095 43.52771436 42.36871755 41.18322105 39.87474124 37.88003555 36.12886978 34.36636286 32.87420289 31.97442895 30.96135745 30.43811681 30.03551348 30.02940076 30.27388504 30.73200634 31.61738874 32.95066825
-9999 -9999 -9999 -9999 -9999 -9999 -9999 -9999 -9999 -9999 -9999 -9999 -9999 -9999 -9999 -9999 -9999 -9999 -9999 -9999 12.84415238 13.76896996 16.61247002 21.22303364 26.60502775 27.80248334 34.17170867 42.37585248 55.84374268 73.90275239 85.96913573 90.39244913 88.54215304 79.67724596 67.41895606 60.90671905 55.81385944 53.91378813 54.1297371 54.28274634 55.00597121 55.04435507 54.41908614 54.44278888 53.20737101 52.74378472 51.97877102 51.17081984 50.59602763 48.97561277 47.39318239 45.46251574 42.84120843 41.56500384 39.4591357 38.5565159 38.03113831 36.96473232 37.93684353 37.76429757 38.66143984 39.17941184 39.27475928 41.10188074
-9999 -9999 -9999 -9999 -9999 -9999 -9999 -9999 -9999 -9999 -9999 -9999 -9999 -9999 -9999 -9999 -9999 -9999 -9999 -9999 13.50456651 14.4554896 16.51602511 20.45380363 24.18880706 25.34892312 32.84479264 41.95796987 55.90956127 70.30200747 81.07608964 84.79209398 83.0872271 74.2026684 64.40774394 58.73879423 56.28619066 54.94895813 56.22983119 57.13877382 57.99467383 58.95235687 59.46360417 59.68144991 59.48876214 59.19275837 58.81088755 58.6184633 57.61526175 56.20937119 54.61608481 52.26904189 50.2040606 47.96156393 46.39709664 45.43633571 44.55751816 44.72800914 44.96528566 46.03477734 46.89058724 47.13848752 48.36199071 49.25039773
-9999 -9999 -9999 -9999 -9999 -9999 -9999 -9999 -9999 -9999 -9999 -9999 -9999 -9999 -9999 -9999 -9999 -9999 -9999 -9999 13.506303 15.13020392 17.52549724 20.03911225 23.62294842 23.94952704 32.25554035 38.33924521 52.90015251 68.05287447 78.41674994 79.78678836 78.38145112 68.16308222 59.07628775 55.53714136 54.47813511 55.07830818 58.31244866 59.82860942 61.94208433 64.08041998 65.03787638 66.39222159 66.31240758 66.87399488 67.67652397 66.90836949 67.22257032 65.45579477 64.0322179 62.14339558 59.21302171 58.25552203 55.86457231 55.35583677 55.54885478 54.74938896 57.07290136 57.74132436 59.50801272 60.95680561 60.60963107 63.83585142
-9999 -9999 -9999 -9999 -9999 -9999 -9999 -9999 -9999 -9999 -9999 -9999 -9999 -9999 -9999 -9999 -9999 -9999 -9999 15.92742044 14.66771517 15.97358294 18.24857451 20.7386574 22.77879696 23.13434074 30.23163332 38.2788861 50.22953404 63.71353146 72.70768942 73.83007815 71.42004528 64.18204379 56.39653326 53.68359728 54.64153459 56.44672083 59.99595664 63.22240753 65.24850179 67.75114576 70.22413671 71.4073988 72.82793477 73.42068299 73.93995098 74.81136886 74.20147238 73.90728624 72.61761829 70.11765463 68.65952887 66.43476514 65.63843052 65.17544781 65.04120666 66.51966393 67.78815735 70.57097022 72.40042917 73.22364826 75.60642453 76.78143481
-9999 -9999 -9999 -9999 -9999 -9999 -9999 -9999 -9999 -9999 -9999 -9999 -9999 -9999 -9999 -9999 -9999 -9999 -9999 15.56639401 16.09394371 18.40776624 20.82138058 21.85068942 23.93918188 23.16133075 29.76646188 34.94389443 46.460059 59.2420283 67.30444344 67.3137749 65.40071731 58.04877636 52.03856225 51.40140661 53.42557282 56.72530373 61.57691976 66.03203647 69.6050917 73.25210837 75.50954549 78.31841342 79.99685373 81.61096912 83.26295536 83.62612613 84.89025253 84.363472 84.56113478 83.13628609 81.77728366 81.5446414 80.07351076 80.18220751 81.69488567 81.87410167 85.54089134 87.9235766 91.49691631 94.34292445 95.13215506 96.41008364
-9999 -9999 -9999 -9999 -9999 -9999 -9999 -9999 -9999 -9999 -9999 -9999 -9999 -9999 -9999 -9999 -9999 -9999 -9999 17.69628115 17.93776857 20.74236866 23.37958807 24.34682599 24.9782747 24.30799723 28.88117675 35.22328624 43.79253554 52.96411713 61.11542637 60.9809437 59.39394742 54.60184266 50.23485612 49.22358287 53.90923389 58.1801179 63.62563247 69.63484966 72.89417009 76.91767296 81.27358927 84.1501582 88.01427079 89.62992403 90.65187814 92.93182124 93.44929248 96.4621677 96.34421154 94.12763014 94.84398018 94.27165248 96.38348737 96.5232955 95.90224757 99.0320311 100.7386073 107.5233887 110.785549 111.9347472 112.6264651 113.3892015
-9999 -9999 -9999 -9999 -9999 -9999 -9999 -9999 -9999 -9999 -9999 -9999 -9999 -9999 -9999 -9999 -9999 -9999 -9999 17.96635796 15.50676058 23.38245143 27.57975933 27.36199371 27.3582961 25.49102152 29.66915258 33.87550745 40.91505838 49.30158212 54.98291229 54.92148398 53.33017756 50.0600408 47.67373334 49.32263336 53.76862244 59.08740982 65.1258266 72.06285535 77.06661722 82.67186696 87.5096923 91.2523221 94.97713731 98.15392205 101.3272905 104.1127828 105.7001236 107.6416606 109.7979327 111.4184631 112.6177142 113.4533364 113.6953522 114.5116298 116.8101839 120.0439653 122.8296441 126.2977432 131.1742451 133.9972625 133.926281 132.7117426
-9999 -9999 -9999 -9999 -9999 -9999 -9999 -9999 -9999 -9999 -9999 -9999 -9999 -9999 -9999 -9999 -9999 -9999 -9999 16.50941783 14.47480655 20.33450398 30.65676309 30.9758209 28.89391818 27.03661572 29.7743234 33.47527749 39.73840259 44.91474283 50.83851505 51.72766773 50.3438614 47.71560867 47.25842298 48.37406926 54.59093988 60.39739726 66.7902618 75.52393607 80.23531287 87.26253514 92.48178236 97.04323758 103.1743407 106.1780292 110.2008873 113.0924623 116.7146452 121.3151058 123.5263715 126.2461493 128.443338 130.3639654 133.8049797 134.5190882 135.5835954 137.4996765 141.8740459 147.3230927 151.8508583 151.2814989 150.9280261 145.010645
-9999 -9999 -9999 -9999 -9999 -9999 -9999 -9999 -9999 -9999 -9999 -9999 -9999 -9999 -9999 -9999 -9999 -9999 -9999 15.53766836 13.39019076 17.85784912 26.530479 32.98764928 30.10180943 27.79834326 29.63532681 32.74329404 37.84318438 43.06544389 47.03601608 46.94286626 46.87197608 45.95262351 46.2820079 49.48121069 55.20288365 61.82836372 70.03704644 77.91226001 84.4358582 91.63128408 98.6961804 104.9393378 110.0198409 114.8838389 120.2289916 124.7925629 130.1300064 133.2741219 138.4077662 144.0403587 147.8904915 150.7058347 151.7120179 152.9770331 156.5862621 158.6748429 162.9755883 165.9816395 170.6374056 170.010544 168.0806859 159.8608549
-9999 -9999 -9999 -9999 -9999 -9999 -9999 -9999 -9999 -9999 -9999 -9999 -9999 -9999 -9999 -9999 -9999 -9999 -9999 14.83374196 13.25615295 17.15703873 23.21658602 34.29292659 29.84552532 27.56764936 29.72343592 32.44440549 37.08879694 40.76799069 44.99926226 45.97879406 45.06832799 45.47087874 47.07850816 49.70341403 56.99195074 63.43057392 71.18247705 81.4736571 87.71517775 96.72312973 103.9574046 109.7236276 118.24836 122.7465709 129.0038225 134.8764163 139.1251027 147.3292253 151.9169211 157.7056967 163.5126103 164.7882304 169.282523 170.4034848 171.7373634 175.5898987 178.7779927 184.5750208 187.9103854 184.5351298 182.7944641 -9999
-9999 -9999 -9999 -9999 -9999 -9999 -9999 -9999 -9999 -9999 -9999 -9999 -9999 -9999 -9999 -9999 -9999 -9999 -9999 14.70123654 13.52825241 16.36608871 23.38159127 33.66576682 29.50460971 27.95269633 29.70858742 32.69777273 36.76979382 40.18856886 42.6355672 43.46238957 44.10030981 45.11523189 47.51913547 51.25893411 57.97276219 65.54531527 74.69478825 84.41687386 91.23031416 100.4753508 109.2977706 117.3744348 125.4764189 130.9675068 138.2186189 144.971182 152.2884197 159.9881209 166.2020975 172.9323014 179.2182132 183.0491097 186.1423205 187.4097782 190.3680099 192.8141909 196.645788 201.1803709 204.8440625 202.5124433 195.9952161 -9999
-9999 -9999 -9999 -9999 -9999 -9999 -9999 -9999 -9999 -9999 -9999 -9999 -9999 -9999 -9999 -9999 -9999 -9999 16.67704758 14.74156376 14.05725497 17.93955836 23.02511095 34.34660844 27.85052206 26.64252274 29.74499365 33.68065559 37.03316912 40.18884931 42.68958288 43.31840186 42.71927703 44.96006733 48.12056108 52.00555014 60.13573496 67.14194833 75.76861977 87.37695513 94.9469337 105.6842656 114.2756269 121.6719287 132.3802211 138.2276917 146.7644233 154.095408 160.8263475 170.726251 177.6704602 185.3074165 193.1139777 195.6682939 200.2331255 201.3074733 204.4716337 208.1871569 211.5605916 216.1936821 218.3389983 214.550568 209.7320659 -9999
-9999 -9999 -9999 -9999 -9999 -9999 -9999 -9999 -9999 -9999 -9999 -9999 -9999 -9999 -9999 -9999 -9999 -9999 15.79725668 15.65918593 16.32470237 20.24245063 29.56388881 33.72995543 28.24336341 29.21934916 32.75563905 35.88829744 38.76075067 41.26341149 41.65996715 41.48357218 42.29763902 45.07765115 48.63332397 53.45116114 61.29573063 69.6414408 79.58134304 90.56992649 98.44744579 109.0543926 119.4952692 129.2580184 139.2150532 145.984444 155.0805661 163.2857578 172.1374676 181.3872404 188.5769006 196.961561 203.6544638 208.9169048 212.2168577 213.9503694 217.7337137 220.523388 224.8689889 227.4613485 230.060325 227.2195632 219.1504488 -9999
-9999 -9999 -9999 -9999 -9999 -9999 -9999 -9999 -9999 -9999 -9999 -9999 -9999 -9999 -9999 -9999 -9999 -9999 15.03762525 17.06300036 19.0342512 25.12078902 35.04272921 33.43381063 29.85856844 31.26667016 36.25624495 38.88752049 41.7251071 41.5873923 41.51447461 40.8189789 41.13156268 44.22446178 49.07396177 54.17788771 63.22328529 71.18696605 81.16793761 93.51670547 102.0486527 114.0570008 124.2070665 134.1609385 145.6782541 152.7697363 163.1612161 171.6857482 179.6177866 190.2319184 197.6412195 206.39407 213.9545657 218.5624156 222.8538042 224.0566564 227.0876674 230.9246547 233.8548036 236.2248516 237.4976673 234.1583465 228.3709582 -9999
-9999 -9999 -9999 -9999 -9999 -9999 -9999 -9999 -9999 -9999 -9999 -9999 -9999 -9999 -9999 -9999 -9999 -9999 15.62240565 20.0801961 24.70646292 34.70794641 46.06775006 38.78392788 31.8144886 34.90294468 39.55692656 42.43069208 42.34700103 42.12500612 40.32769801 40.44944323 40.8306473 44.68168372 49.42769532 55.12385271 64.12996151 73.45982236 84.48381839 96.28792797 105.065047 117.0648169 128.5886422 139.7490852 151.2184808 159.022473 169.1433799 178.9039127 188.5696846 198.0965215 205.4755786 214.3461457 221.4504336 226.5255572 230.6209373 232.4674219 235.1285865 237.1424849 239.7912517 241.0316168 242.2824957 237.5447383 231.2053068 -9999
-9999 -9999 -9999 -9999 -9999 -9999 -9999 -9999 -9999 -9999 -9999 -9999 -9999 -9999 -9999 -9999 -9999 13.07113768 16.64890203 23.15330189 31.00467477 44.33947107 47.21816257 41.50071671 35.26203447 38.66127056 42.2936312 46.22967623 43.87576208 43.00353839 40.29631903 40.10361118 40.02779217 44.19024521 49.47991562 55.66803872 66.62086718 74.67595665 84.67521285 98.24766385 108.0925146 122.1806242 131.9619069 142.2763316 155.7843934 164.8754176 176.6936542 184.9126467 193.5060662 204.2903041 211.7515635 221.5018566 228.5932908 232.1273732 236.2280106 237.7190705 239.1797964 240.3265357 241.8175948 242.4716134 242.4449795 236.8552264 -9999 -9999
-9999 -9999 -9999 -9999 -9999 -9999 -9999 -9999 -9999 -9999 -9999 -9999 -9999 -9999 -9999 -9999 -9999 14.56890487 19.11496004 27.03712945 37.2037049 53.96958465 50.47473695 43.35704015 39.16204903 42.1233841 44.08016761 46.28620776 44.79719024 42.68640114 40.12080824 40.35350117 40.87395585 44.77857633 50.42846645 56.46919067 65.91156574 76.28939744 87.95304158 100.3632282 109.8064864 122.6889332 135.3531376 147.5164983 160.0109444 168.6287379 179.9335251 190.5452242 200.4234618 210.3939519 217.3499148 225.3429726 232.4649737 237.0733708 240.408024 241.7137649 242.6673915 242.4588399 241.9235122 240.9716631 240.6878233 -9999 -9999 -9999
