meets/meet004/data/CCSM_21k_neotropic_bio06.asc
NCOLS 154 
NROWS 168 
XLLCORNER -112 
YLLCORNER -55.5 
CELLSIZE 0.5 
NODATA_value -9999 
[rows 28 to 55 of 168, columns 64 to 127 of 154]
-9999 -9999 -9999 -9999 -9999 -9999 -9999 -9999 -9999 -9999 -9999 -9999 -9999 -9999 -9999 -9999 -9999 -9999 -9999 -9999 -9999 -9999 -9999 -9999 -9999 -9999 -9999 -9999 -9999 -9999 -9999 -9999 -9999 -9999 -9999 -9999 -9999 -9999 -9999 -9999 -9999 -9999 -9999 -9999 -9999 -9999 -9999 -9999 -9999 -9999 -9999 -9999 -9999 -9999 -9999 -9999 -9999 -9999 -9999 -9999 -9999 -9999 -9999 -9999
-9999 -9999 -9999 -9999 -9999 -9999 -9999 -9999 -9999 -9999 -9999 -9999 -9999 -9999 -9999 -9999 -9999 -9999 -9999 -9999 -9999 -9999 -9999 -9999 -9999 -9999 -9999 -9999 -9999 -9999 -9999 -9999 -9999 -9999 -9999 -9999 -9999 20.78698554 -9999 -9999 -9999 -9999 -9999 -9999 -9999 -9999 -9999 -9999 -9999 -9999 -9999 -9999 -9999 -9999 -9999 -9999 -9999 -9999 -9999 -9999 -9999 -9999 -9999 -9999
-9999 -9999 -9999 -9999 -9999 -9999 -9999 -9999 -9999 -9999 -9999 -9999 -9999 -9999 -9999 -9999 -9999 -9999 -9999 -9999 -9999 -9999 -9999 -9999 -9999 -9999 -9999 -9999 -9999 -9999 -9999 -9999 -9999 -9999 -9999 -9999 -9999 20.7494638 -9999 -9999 -9999 -9999 -9999 -9999 -9999 -9999 -9999 -9999 -9999 -9999 -9999 -9999 -9999 -9999 -9999 -9999 -9999 -9999 -9999 -9999 -9999 -9999 -9999 -9999
-9999 -9999 -9999 -9999 -9999 -9999 -9999 -9999 -9999 -9999 -9999 -9999 -9999 -9999 -9999 -9999 -9999 -9999 -9999 -9999 -9999 -9999 -9999 -9999 -9999 -9999 -9999 -9999 -9999 -9999 -9999 -9999 -9999 -9999 -9999 -9999 -9999 -9999 -9999 -9999 -9999 -9999 -9999 -9999 -9999 -9999 -9999 -9999 -9999 -9999 -9999 -9999 -9999 -9999 -9999 -9999 -9999 -9999 -9999 -9999 -9999 -9999 -9999 -9999
-9999 -9999 -9999 -9999 -9999 -9999 -9999 -9999 -9999 -9999 -9999 -9999 -9999 -9999 -9999 -9999 19.40998867 -9999 -9999 -9999 -9999 -9999 -9999 -9999 -9999 -9999 -9999 -9999 -9999 -9999 -9999 -9999 -9999 -9999 -9999 -9999 20.36259556 -9999 -9999 -9999 -9999 -9999 -9999 -9999 -9999 -9999 -9999 -9999 -9999 -9999 -9999 -9999 -9999 -9999 -9999 -9999 -9999 -9999 -9999 -9999 -9999 -9999 -9999 -9999
-9999 -9999 -9999 -9999 -9999 -9999 -9999 -9999 -9999 -9999 -9999 -9999 -9999 -9999 19.17951838 18.91308321 18.59320956 -9999 -9999 -9999 -9999 -9999 -9999 -9999 -9999 -9999 -9999 -9999 -9999 -9999 -9999 -9999 -9999 -9999 -9999 -9999 -9999 -9999 -9999 -9999 -9999 -9999 -9999 -9999 -9999 -9999 -9999 -9999 -9999 -9999 -9999 -9999 -9999 -9999 -9999 -9999 -9999 -9999 -9999 -9999 -9999 -9999 -9999 -9999
-9999 -9999 -9999 -9999 -9999 -9999 -9999 -9999 -9999 -9999 19.80348919 19.36623108 18.92678891 18.52663541 18.13404564 17.767991 -9999 -9999 16.93873403 16.83518624 16.9224135 17.12116623 17.4105091 -9999 -9999 -9999 -9999 -9999 -9999 -9999 -9999 -9999 -9999 -9999 -9999 -9999 -9999 -9999 -9999 -9999 -9999 -9999 -9999 -9999 -9999 -9999 -9999 -9999 -9999 -9999 -9999 -9999 -9999 -9999 -9999 -9999 -9999 -9999 -9999 -9999 -9999 -9999 -9999 -9999
-9999 -9999 -9999 -9999 -9999 -9999 -9999 -9999 -9999 19.97578261 19.33478141 18.67970081 18.00273953 17.50894369 16.96655508 16.59965736 16.25927347 15.81830298 15.82810949 15.50373341 15.51815725 15.88381418 15.95981152 16.76400484 -9999 -9999 -9999 -9999 -9999 -9999 -9999 -9999 -9999 -9999 -9999 -9999 -9999 -9999 -9999 -9999 -9999 -9999 -9999 -9999 -9999 -9999 -9999 -9999 -9999 -9999 -9999 -9999 -9999 -9999 -9999 -9999 -9999 -9999 -9999 -9999 -9999 -9999 -9999 -9999
-9999 -9999 -9999 -9999 -9999 -9999 -9999 -9999 -9999 19.88845484 18.93267016 17.9757581 17.09962094 16.47443077 15.98332875 15.6244484 15.52652787 15.42598916 15.2456527 15.08650231 15.23145499 15.51712909 15.87725222 16.50407934 16.89756078 17.3150203 17.67148562 17.78804128 18.07718396 18.24271126 18.28108466 18.10905347 18.03322151 18.03644587 18.19487146 -9999 -9999 -9999 -9999 -9999 -9999 -9999 -9999 -9999 -9999 -9999 -9999 -9999 -9999 -9999 -9999 -9999 -9999 -9999 -9999 -9999 -9999 -9999 -9999 -9999 -9999 -9999 -9999 -9999
-9999 -9999 -9999 -9999 -9999 -9999 -9999 -9999 -9999 19.97392731 18.93529063 17.88594483 16.70058365 16.04879706 15.41536349 14.98468784 15.02492011 15.04061988 15.0360048 14.98863907 15.24105797 15.76858336 16.18990266 16.80421998 17.01046295 17.33584464 17.59721701 17.57779804 17.84258261 17.90353197 17.86193914 17.67019561 17.46440405 17.4969386 17.64769003 17.96664872 18.37800023 -9999 -9999 -9999 -9999 -9999 -9999 -9999 -9999 -9999 -9999 -9999 -9999 -9999 -9999 -9999 -9999 -9999 -9999 -9999 -9999 -9999 -9999 -9999 -9999 -9999 -9999 -9999
19.94371429 19.85301636 19.83810479 20.47199257 -9999 -9999 -9999 -9999 20.4466197 19.6047189 18.65025433 17.71323383 16.92570777 15.68032831 14.80078341 14.26478275 14.06881684 14.32296197 14.29921473 14.59538874 15.28735229 16.18627216 17.07575555 17.52071943 17.76042441 17.98625578 18.04594158 18.01054518 17.99284289 17.84883876 17.70617067 17.54237416 17.31494067 17.2390729 17.26436769 17.53642321 17.97050497 18.48203974 -9999 -9999 -9999 -9999 -9999 -9999 -9999 -9999 -9999 -9999 -9999 -9999 -9999 -9999 -9999 -9999 -9999 -9999 -9999 -9999 -9999 -9999 -9999 -9999 -9999 -9999
19.34622472 -9999 -9999 19.16883632 19.73682586 19.75515336 19.67100283 19.47599432 18.7308951 18.21165056 17.57732265 16.88297834 16.18413649 14.88549636 13.67617815 12.93747677 12.64775586 12.91426749 13.24188229 13.90590986 15.0078093 16.39668297 17.70259066 18.27853344 18.42726755 18.64043713 18.56366746 18.46610834 18.27569734 17.9951892 17.78902542 17.63961789 17.41710959 17.3542802 17.17541131 17.388732 17.81176703 18.20889656 -9999 -9999 -9999 -9999 -9999 -9999 -9999 -9999 -9999 -9999 -9999 -9999 -9999 -9999 -9999 -9999 -9999 -9999 -9999 -9999 -9999 -9999 -9999 -9999 -9999 -9999
-9999 -9999 -9999 18.54245963 17.39002301 16.7595631 16.75585324 16.47986074 16.46567397 16.46357359 16.02200027 15.53959351 14.8158927 13.59439681 11.97018765 11.11587677 10.78278582 10.93681173 12.201494 13.29643485 14.93091635 16.81454248 18.03034857 18.6448212 18.97762302 19.03508042 18.75314081 18.63871688 18.12840272 17.94235353 17.71385446 17.56801109 17.7264111 17.38885666 17.33216234 17.37678098 17.55637072 18.01398383 18.08399722 18.31333289 18.82173965 -9999 -9999 -9999 -9999 -9999 -9999 -9999 -9999 -9999 -9999 -9999 -9999 -9999 -9999 -9999 -9999 -9999 -9999 -9999 -9999 -9999 -9999 -9999
-9999 -9999 -9999 18.54313652 16.86447413 15.63743289 15.00647707 14.22948006 14.41102791 14.43763953 14.06186216 13.62576076 12.96279613 11.71193279 10.13303704 9.540633452 9.625587083 10.26228442 12.3503058 14.26898692 16.23859532 17.8964907 18.85084921 19.2268171 19.23812339 19.14113087 18.63410836 18.24564084 17.45661217 17.16706866 16.72460235 16.60533632 16.84115739 16.64776867 16.62806494 16.77585331 16.96992153 17.25091981 17.2441949 17.47302958 17.96556511 18.53689629 -9999 -9999 -9999 -9999 -9999 -9999 -9999 -9999 -9999 -9999 -9999 -9999 -9999 -9999 -9999 -9999 -9999 -9999 -9999 -9999 -9999 -9999
-9999 -9999 -9999 -9999 18.24123105 16.44715699 14.70218613 13.01639856 12.47820657 12.3478509 11.83445182 11.18773363 10.22668649 9.463450118 8.518037858 8.553186965 9.240769053 10.63628845 13.5057218 16.85630025 18.53391431 18.98332984 19.30241465 19.21632991 19.13814828 18.7256398 17.60738854 16.99470232 16.15158597 15.48842252 15.13818115 14.93095888 14.97966979 15.11352792 15.34904612 15.51079029 15.75854131 16.00482282 16.15672077 16.35515898 16.90393037 17.49764258 18.24382314 -9999 -9999 -9999 -9999 -9999 -9999 -9999 -9999 -9999 -9999 -9999 -9999 -9999 -9999 -9999 -9999 -9999 -9999 -9999 -9999 -9999
-9999 -9999 -9999 -9999 -9999 17.59534969 14.837937 12.37142054 11.17025626 10.65595286 9.91267562 9.191371409 8.456467513 7.91246754 7.685978895 8.346487103 9.634247982 11.73215392 14.89328101 17.71869773 19.15368879 19.21881696 18.90698598 18.33266529 17.77101313 17.02605233 15.86986736 15.06394738 14.40285657 14.00900312 13.70664631 13.49822761 13.33570535 13.49324869 13.7788118 14.07584912 14.42583165 14.74894495 15.06544736 15.33862736 15.88488018 16.41932399 17.19083163 18.02698785 -9999 -9999 -9999 -9999 -9999 -9999 -9999 -9999 -9999 -9999 -9999 -9999 -9999 -9999 -9999 -9999 -9999 -9999 -9999 -9999
-9999 -9999 -9999 -9999 -9999 18.75595969 15.02913735 11.6155917 10.02458992 9.301013485 8.462922124 7.886351313 7.356423979 7.266608559 7.357446553 8.562854976 10.62054338 13.03448945 15.74174777 17.74493916 18.70239792 18.619635 17.92305828 17.08171382 15.75293502 14.73583484 13.75423622 12.65684234 12.53699775 12.7377131 12.57916399 12.10824609 11.85768141 12.04608239 12.29133213 12.63929461 13.09928161 13.45666613 13.98911365 14.3641284 14.92669432 15.3728886 15.95742196 17.08434536 18.04128194 -9999 -9999 -9999 -9999 -9999 -9999 -9999 -9999 -9999 -9999 -9999 -9999 -9999 -9999 -9999 -9999 -9999 -9999 -9999
-9999 -9999 -9999 -9999 -9999 18.99100962 15.0031162 11.22590772 9.196350687 8.333802613 7.52959779 7.113466041 6.985381695 7.253262271 7.93619352 9.577191826 11.97356637 14.32209283 16.18878496 17.42361412 17.96871916 17.81182003 16.87707867 15.86599435 14.36531859 13.08189709 11.964516 11.04453054 10.99639972 10.96271748 10.88362364 10.7146184 10.53137469 10.85836316 11.20017471 11.67416324 12.25665045 12.67872902 13.11331486 13.36473949 13.95736488 14.61374499 15.3425933 16.3310139 17.1945606 17.80621072 18.04255656 18.169095 18.24348903 18.46200428 18.69825647 18.8075329 -9999 -9999 -9999 -9999 -9999 -9999 -9999 -9999 -9999 -9999 -9999 -9999
-9999 -9999 -9999 -9999 -9999 19.17939675 14.87285305 10.52748428 8.724037201 7.782617205 7.093125697 6.889005692 6.948357491 7.830878596 8.989965743 10.89097616 13.42274762 15.51403284 16.57337159 17.21599888 17.33603563 17.03859423 16.18820581 14.9718389 13.35240371 11.9359733 10.85965277 9.83347846 9.72462653 9.425112022 9.379882098 9.50660419 9.464562612 10.12406989 10.69482949 11.34635548 11.87919537 12.35358891 12.56324327 12.62865443 13.16035141 13.99847444 14.85312814 15.82291686 16.48699831 16.93834937 17.0732419 16.96891637 17.25533382 17.19929539 17.48639076 17.85616832 18.22952081 18.75025809 19.36940632 -9999 -9999 -9999 -9999 -9999 -9999 -9999 -9999 -9999
-9999 -9999 -9999 -9999 -9999 18.98058707 14.72818127 10.68921823 8.528060231 7.644951479 7.057408546 7.018276204 7.609263218 8.858580366 10.49826922 12.46009672 14.43655251 15.88794853 16.7018235 16.99876962 16.94562926 16.53841275 15.654044 14.53213991 13.01198718 11.75981833 10.83497972 9.857675913 9.525439259 9.239785059 9.211154339 9.44492668 9.643311975 10.32973702 10.78969375 11.45675939 12.22592731 12.53690865 12.76919772 12.60483496 13.096879 13.96800636 14.66566126 15.58295318 16.12241921 16.4897305 16.66813166 16.54868542 16.67819136 16.62505009 16.78835203 16.97728171 17.30416802 17.66350142 18.10346058 18.7316065 -9999 -9999 -9999 -9999 -9999 -9999 -9999 -9999
-9999 -9999 -9999 -9999 -9999 18.79677015 14.47473549 10.24788004 8.478915123 7.668357354 7.290856681 7.539935868 8.166674697 10.00297498 12.05580106 13.86156082 15.16325253 16.33173619 16.66368516 16.80686186 16.68308848 16.05523732 14.97095276 14.29215228 13.16466476 12.1646152 11.35773404 10.19586759 10.26560314 10.02911511 9.948573272 10.4504608 10.35875446 11.26507082 11.51096457 12.28675105 13.20619641 13.34768433 14.05154361 13.5612405 13.87773931 14.69119189 14.92929351 15.65214636 15.93496721 16.09206949 16.24640818 16.27602544 16.3485515 16.34501883 16.39833094 16.43069282 16.40678289 16.65822949 16.88151224 17.63694193 18.72420709 19.6522839 -9999 -9999 -9999 -9999 -9999 -9999
-9999 -9999 -9999 -9999 -9999 18.04762961 13.98441375 10.41454972 8.629835413 8.121517139 7.973355627 8.405025889 9.458275268 11.23164163 13.24734955 14.75202266 15.55806902 16.0421433 16.32051823 16.29723703 16.14573074 15.83916606 15.35490385 14.89204707 14.24484408 13.47069189 12.7639234 12.13998149 11.8037566 11.80622121 11.93183476 12.33032906 12.75013814 12.9712027 13.28268103 14.08079905 15.23924946 16.17175913 16.26833675 16.01637785 16.10234759 16.1411356 16.30101167 16.14649894 15.99570588 15.92774154 15.9464857 15.94065545 16.03073761 16.01906164 16.10363293 16.22733184 16.23740267 16.18657549 16.2658299 16.86499071 18.04000369 19.02784335 -9999 -9999 -9999 -9999 -9999 -9999
-9999 -9999 -9999 -9999 -9999 16.99931351 13.22018402 9.893380677 8.871335003 8.667837071 8.736956086 9.403892035 10.44476311 12.24034978 14.15619386 15.31674884 15.47885011 15.55312873 15.78934627 15.77310495 15.80417254 15.83177321 15.86967888 15.47329432 15.40708054 14.82324284 14.06114795 13.79830216 13.27865878 13.429382 13.62460602 13.97244 14.89062091 14.53410625 14.79994351 15.5934439 16.83104696 18.74084791 17.90909844 17.83796706 17.70208384 17.02156822 17.21585536 16.52353379 16.01546859 15.76923479 15.69717968 15.71728879 15.86247213 15.87850398 16.0160476 16.20972512 16.2479513 16.20371785 15.96825657 16.51244516 17.6785256 18.79168694 -9999 -9999 -9999 -9999 -9999 -9999
-9999 -9999 -9999 -9999 -9999 14.60482464 12.2319785 10.35680657 9.408217447 9.379129349 9.708076569 10.55500191 11.70509822 13.04368884 14.3059292 15.15273138 15.37414273 15.44886328 15.6116609 15.73072439 15.84554712 15.90460442 15.93094128 15.82793452 15.6899556 15.21493959 14.64138481 14.14978819 13.96547734 14.11438547 14.32261732 14.71811134 15.21985633 15.37434935 15.65969869 16.24977726 17.01150087 17.66589724 17.70086965 17.39781348 17.21846114 16.85160067 16.58133251 16.23494136 15.8851593 15.71753369 15.7694048 15.89935199 16.06170869 16.22879167 16.37667151 16.53561028 16.63184655 16.3829728 16.31042187 16.73022285 17.50677305 18.39423682 -9999 -9999 -9999 -9999 -9999 -9999
-9999 -9999 -9999 17.44718297 14.52302407 12.40961058 11.29348268 10.48265718 10.25920463 10.46794803 10.94359362 11.83643195 12.83988219 13.68255846 14.44812455 15.04045454 15.24598723 15.43697667 15.59839252 15.80779712 15.95103331 15.94972427 15.98936032 15.88197288 15.77534854 15.31868948 14.77350749 14.24460336 14.14513625 14.36740078 14.56408764 14.92797651 15.28943062 15.67657644 15.90143497 16.26868819 16.45248546 16.55279058 16.74708013 16.45557879 16.37553277 16.21651874 15.92788359 15.84295536 15.71544592 15.73058422 15.98920564 16.16020031 16.34182449 16.58424647 16.70408153 16.78451863 16.96604045 16.69599714 16.55015212 16.91182486 17.40798458 18.13060144 18.40537159 -9999 -9999 -9999 -9999 -9999
-9999 -9999 18.26335197 15.6178423 12.58622586 11.1346655 10.8214904 10.99478254 11.45562302 12.26080585 12.89339149 13.310899 13.86331465 14.33590027 14.75929838 15.14156874 15.34845923 15.52786993 15.74855871 15.95717931 16.09710533 16.13794291 16.10197895 16.03405348 15.86856961 15.47078758 14.97121877 14.58923286 14.49727344 14.60279146 14.77215601 15.03548905 15.39099122 15.66543568 15.90152777 16.08030908 16.15811465 16.12048311 16.13514196 16.00744906 15.97809536 15.94072992 15.78722648 15.78813922 15.83403161 15.98790275 16.24974822 16.47024407 16.57022775 16.60790501 16.68508389 16.78348597 16.88234688 16.79131827 16.78429398 17.00437607 17.1576352 17.33246703 17.80407491 18.22648932 -9999 -9999 -9999 -9999
-9999 -9999 16.36423689 13.51416104 10.9594487 10.02722857 10.89425228 11.62202764 12.58555083 13.81976477 14.46229421 14.51193444 14.75176421 14.91547695 15.09922025 15.33081038 15.44635266 15.69582844 15.91201397 16.14639089 16.29273769 16.30623524 16.27381707 16.19942183 16.02759935 15.67159258 15.27441791 14.88348966 14.71188975 14.88002281 14.99633097 15.15654249 15.48762417 15.68923633 15.96584932 16.11352392 16.02410629 15.90299411 16.04469622 15.93496172 15.93417352 15.90493738 15.77223386 15.92094651 16.05832654 16.25115247 16.50528666 16.68235818 16.62812702 16.56436309 16.58183175 16.58247172 16.65188632 16.72821493 16.75899376 16.88036206 16.77941111 16.82381789 17.52303577 18.06253635 -9999 -9999 -9999 -9999
18.87085564 16.05639152 13.14781868 11.41756251 10.29019472 10.18513045 10.98091955 12.42016218 13.69686442 14.72110223 15.39635786 15.4363198 15.36545404 15.43666488 15.49664487 15.60286535 15.75820121 15.89897274 16.16088752 16.37613845 16.49961981 16.52051194 16.4563742 16.38733758 16.22975896 15.95295035 15.63033816 15.33870968 15.2380629 15.22161878 15.40075928 15.59938716 15.8540186 16.0510176 16.2179435 16.23712664 16.22585261 16.13105851 16.109954 16.08103167 16.02717202 15.99107438 15.94421745 16.11422439 16.31774152 16.48094254 16.60729033 16.63639274 16.60602712 16.43604977 16.33498051 16.37774079 16.44749502 16.54563736 16.65190846 16.78044744 16.73229639 16.96312457 17.49578067 18.13683056 -9999 -9999 -9999 -9999
