meets/meet004/data/CCSM_0k_neotropic_bio03.asc
NCOLS 154 
NROWS 168 
XLLCORNER -112 
YLLCORNER -55.5 
CELLSIZE 0.5 
NODATA_value -9999 
[rows 87 to 115 of 168, columns 64 to 127 of 154]
-9999 -9999 -9999 -9999 -9999 -9999 -9999 -9999 -9999 57.80437553 70.60668962 69.05729338 67.71080217 65.13937028 63.46410464 62.21705269 61.79965129 63.07606195 63.7195622 64.17453962 63.48648349 61.37174596 60.36143981 61.02851129 60.79181862 60.13927852 60.35338894 60.51608177 60.33245156 59.98601353 59.45053548 58.7446772 58.19862525 57.83483011 57.57449398 57.11896394 56.60020026 56.02220813 55.49704205 55.12149549 54.79466427 54.57560815 54.58284691 54.86260844 55.14848659 55.15436752 54.85620728 54.45206263 54.42049236 54.42640316 54.60396013 55.00049721 55.10247035 54.46725995 53.67297 53.32026107 53.51782684 53.49397247 53.20623957 52.52713559 51.95413518 51.55130442 50.97647543 50.59526602
-9999 -9999 -9999 -9999 -9999 -9999 -9999 -9999 -9999 -9999 -9999 72.62990774 73.26320375 69.15483238 66.47726824 65.10781899 64.50705338 64.62120519 64.46037221 64.65904717 64.08137243 62.22164887 60.40442865 60.34063713 58.80756333 59.0315026 59.6358722 59.84944567 59.87020431 60.01772133 59.84809698 59.4045768 58.92832786 58.46647321 58.04327177 57.49855448 56.95865772 56.45756192 56.02633455 55.77595694 55.39582338 54.95814648 54.73917406 54.9118236 55.12682714 55.11320771 54.80503182 54.41066231 54.53771513 54.61226187 54.78196642 55.1017008 54.99801215 54.20832933 53.55786623 53.32477165 53.60828799 53.53799374 53.08365216 52.15882422 51.52793292 51.26099817 50.73579534 50.40143773
-9999 -9999 -9999 -9999 -9999 -9999 -9999 -9999 -9999 -9999 -9999 -9999 -9999 71.14910412 68.96815861 66.73422235 65.18026379 64.60672099 64.81292615 64.29081678 63.30682189 63.35099353 62.65204515 60.73898334 59.24543565 58.45090939 59.0848536 58.70170513 59.03465163 59.53831155 59.67314709 59.72215193 59.5989688 59.01575976 58.39563183 57.7833696 57.21784552 56.7765024 56.36372923 56.09429175 55.71551915 55.28282072 55.00286879 55.02840894 55.18585281 55.19704536 55.17879201 55.18422478 55.11331771 55.16318669 55.23014096 55.2419159 54.40305872 54.05883837 53.94325816 53.87173602 54.18566248 54.13386369 53.42501601 52.50479294 51.84158702 51.49246444 51.09907545 50.63670184
-9999 -9999 -9999 -9999 -9999 -9999 -9999 -9999 -9999 -9999 -9999 -9999 -9999 -9999 -9999 68.33785143 65.99015729 64.95711582 65.96976115 65.15437464 64.04830269 63.6363472 63.11779078 61.18335748 58.98699827 58.2726446 58.14183375 58.3301001 58.38027377 58.77956848 59.06725079 59.38298766 59.60074963 59.27208834 58.69345551 58.06693225 57.4003974 56.8676412 56.47425748 56.2816649 55.96274426 55.5528379 55.29877778 55.37366458 55.5279707 55.56578931 55.55019023 55.34136838 55.40850931 55.65883208 55.6467849 55.41537652 54.67021669 54.45492637 54.50443219 54.53211764 54.73797619 54.67311728 53.89364 52.96967043 52.30382813 52.03198176 51.69956732 51.11559096
-9999 -9999 -9999 -9999 -9999 -9999 -9999 -9999 -9999 -9999 -9999 -9999 -9999 -9999 -9999 -9999 -9999 68.67649614 67.6653947 66.17660781 65.07279498 63.91001012 61.7831572 61.02308368 60.12127175 58.94699061 57.94310312 56.07657634 57.75517103 57.91447112 58.11070663 59.01948462 59.17930262 59.15054473 58.92549468 58.32701629 57.49952354 56.74149586 56.54955348 56.44573939 56.17850871 55.85411152 55.64079184 55.77969214 56.10007787 56.10222313 55.75375828 55.0363555 55.23107618 55.75608852 55.87150529 55.60656144 55.23339689 54.99804036 55.12480862 55.00681814 54.96479689 54.9350767 54.10766881 53.26673849 52.74354842 52.60785133 52.45817146 51.69618689
-9999 -9999 -9999 -9999 -9999 -9999 -9999 -9999 -9999 -9999 -9999 -9999 -9999 -9999 -9999 -9999 -9999 72.71588542 70.10263114 68.2985313 66.6444553 65.32331711 62.93595066 61.66799366 60.75693688 59.80835953 59.06132883 58.17497502 58.24299367 57.82107311 58.27903439 59.37461321 59.15320234 59.05206618 58.37795109 57.91198748 57.53657779 56.92147695 56.85774035 56.85048147 56.57917574 56.12896344 55.89507587 56.11444825 56.50276651 56.47196442 55.9101381 55.00179569 55.06944313 55.66050038 55.90779187 55.70859941 55.29795722 55.08822635 55.00903578 54.71266321 54.50349295 54.38825597 53.81800127 53.29380801 52.96594818 52.95639816 52.80757987 52.14302009
-9999 -9999 -9999 -9999 -9999 -9999 -9999 -9999 -9999 -9999 -9999 -9999 -9999 -9999 -9999 -9999 -9999 -9999 -9999 71.64389401 69.08113434 67.35990876 64.77679843 62.23003307 61.14094899 60.36086606 60.31875575 61.04372983 60.10779389 59.41946421 59.38135447 59.55708409 59.3369162 58.57246972 56.87028734 56.33200854 57.14253406 57.235241 57.18522128 57.4285168 57.17884792 56.50799623 55.92591065 56.33524622 56.84287332 56.76393507 55.9115538 54.87171536 55.05220281 55.50689724 55.79056364 55.77066847 55.48564665 55.05325215 54.51871569 54.0093373 53.83133046 53.36017993 53.41165888 53.24332832 53.12549332 53.23339961 53.02103666 52.55858137
-9999 -9999 -9999 -9999 -9999 -9999 -9999 -9999 -9999 -9999 -9999 -9999 -9999 -9999 -9999 -9999 -9999 -9999 -9999 74.89339591 71.4834417 68.17344218 64.36932505 61.54445743 59.92827515 59.32272352 60.1855883 60.7957792 60.89159579 61.19872333 60.92918113 60.23734227 59.40642447 58.89533929 58.07560432 57.42363336 57.0577045 56.66158585 56.81852378 57.20946117 57.37255443 57.07127309 56.73566559 56.64632428 56.6524315 56.47296887 55.7921629 55.19091908 55.30483928 55.67001709 55.86170203 55.82410557 55.47991646 55.15860818 54.56526442 54.08569428 53.79561042 53.5358734 53.56243227 53.55387883 53.49956419 53.52407882 53.31978221 52.96595528
-9999 -9999 -9999 -9999 -9999 -9999 -9999 -9999 -9999 -9999 -9999 -9999 -9999 -9999 -9999 -9999 -9999 -9999 -9999 -9999 73.55416167 68.33674846 62.67918638 59.72979014 57.36662461 56.87237341 58.72224979 59.31753442 60.63443502 62.0899151 62.19564251 60.53681073 58.7088607 59.47013758 60.44460312 59.83675937 57.84101141 55.78972162 56.06374234 56.23065361 56.61810593 57.48421203 57.80453322 57.07481499 56.27230669 55.86662029 55.69805035 55.57534552 55.76631356 56.0495131 56.12180539 55.84370506 55.41344958 55.23848435 54.96239455 54.57436506 54.22568935 54.08507964 54.04115955 54.1084779 54.0905552 53.94982926 53.75620984 53.56661773
-9999 -9999 -9999 -9999 -9999 -9999 -9999 -9999 -9999 -9999 -9999 -9999 -9999 -9999 -9999 -9999 -9999 -9999 -9999 -9999 74.74747314 68.80457482 62.71219291 57.71710066 54.13354556 53.6138827 56.66242823 58.42248996 60.38861112 62.32299484 62.94831624 60.7759491 58.73787457 58.81722425 59.93193402 59.98466114 59.23216661 57.5603539 56.31764812 55.67329136 55.89843588 57.31394962 57.88734262 57.38838193 56.36118205 55.79493248 55.80104742 56.05296311 56.24029622 56.26300741 56.16209039 55.91243817 55.71064594 55.41114665 55.20575862 54.93352936 54.6837675 54.48471028 54.45472453 54.36143693 54.35541166 54.47122773 54.49260975 54.49725002
-9999 -9999 -9999 -9999 -9999 -9999 -9999 -9999 -9999 -9999 -9999 -9999 -9999 -9999 -9999 -9999 -9999 -9999 -9999 -9999 76.12818431 69.13269936 62.93122033 56.37000648 50.9463256 50.5857396 55.55500711 57.62838071 60.301623 62.80367313 63.44770218 60.95339916 58.06087829 58.15654308 59.17767983 59.29131442 58.86422523 58.83725762 57.49905103 55.68203807 55.45605134 57.2170939 58.41794903 57.31297148 56.23175096 55.90808653 56.16704004 56.20332251 56.18812074 56.10549947 56.03339396 55.99894854 55.78705241 55.5828444 55.41659784 55.26737036 55.10354593 54.88440187 54.98313196 54.76264657 54.81910025 55.28083094 55.36024892 55.53986051
-9999 -9999 -9999 -9999 -9999 -9999 -9999 -9999 -9999 -9999 -9999 -9999 -9999 -9999 -9999 -9999 -9999 -9999 -9999 -9999 76.0718565 68.89441629 61.08508912 55.29004299 51.45917904 51.46844951 55.7792194 58.20388192 60.71878537 62.81770558 62.70764786 60.66350629 58.05855904 57.52860832 58.26479465 58.37239201 58.17558884 58.11459881 58.00044589 58.00006134 57.27818898 57.01055194 56.91948294 56.76153997 56.57923109 56.57892404 56.57674256 56.4866571 56.27074299 56.08826583 56.02566847 56.09557339 56.03130638 55.84298265 55.66637695 55.63913967 55.77724519 55.85733031 55.92042955 55.96667203 56.23518899 56.49927898 56.72112507 56.688949
-9999 -9999 -9999 -9999 -9999 -9999 -9999 -9999 -9999 -9999 -9999 -9999 -9999 -9999 -9999 -9999 -9999 -9999 -9999 -9999 76.42530169 68.28843495 59.13932778 54.89110595 52.24959744 52.70730912 56.61415077 58.86916306 60.83091322 62.01762569 61.96124283 59.78375386 57.05335379 56.65411294 57.17511274 57.27025157 57.22634081 57.2163679 57.64757355 58.52947218 58.71515589 56.8737566 55.22212771 56.45039363 57.21386341 57.36132936 57.08784402 56.50736766 56.3809929 56.11716847 56.05664768 56.19469654 56.33510883 56.21243431 56.07767696 56.21948842 56.62507158 56.96105408 57.09272495 57.23811179 57.57786096 57.6899444 58.03953044 57.63535282
-9999 -9999 -9999 -9999 -9999 -9999 -9999 -9999 -9999 -9999 -9999 -9999 -9999 -9999 -9999 -9999 -9999 -9999 -9999 -9999 76.26776496 67.54818452 58.77044899 54.9389598 53.78126831 54.44192792 57.09639445 58.52941765 60.51976708 61.33505154 61.26600694 58.30658616 55.89324497 55.33455628 55.85835409 56.04654123 56.19917175 56.36864695 56.27932455 56.14853011 56.5663939 57.26282068 57.32226053 57.48258708 57.65020474 57.57259692 57.28996975 56.84118307 56.56906688 56.34952018 56.27987484 56.37709514 56.53136369 56.74728773 56.94987716 57.25732966 57.66663439 57.98729355 58.10492969 58.22227642 58.30430081 58.34440547 58.39683194 58.22626565
-9999 -9999 -9999 -9999 -9999 -9999 -9999 -9999 -9999 -9999 -9999 -9999 -9999 -9999 -9999 -9999 -9999 -9999 -9999 -9999 76.86569267 66.79059606 57.82962313 55.06994125 54.68135213 55.28719787 57.26436153 57.88759026 59.8050093 60.71742627 60.41027176 56.7400383 54.24526707 53.87599508 54.42984626 54.74036037 55.15724609 55.45871883 55.0194966 54.16386417 54.68496286 56.59518543 58.65539681 58.37345496 58.10467732 57.84999257 57.65673783 57.13781267 56.99007826 56.74508027 56.65046869 56.72316711 56.80479351 57.2872545 57.78856573 58.16803463 58.24318962 58.30851675 58.45515258 58.59668239 58.6447995 58.62137346 58.63384761 58.51484096
-9999 -9999 -9999 -9999 -9999 -9999 -9999 -9999 -9999 -9999 -9999 -9999 -9999 -9999 -9999 -9999 -9999 -9999 -9999 75.49100308 76.8942894 66.35265058 58.0474686 55.11371188 54.66107075 55.14593761 57.09758014 57.224512 59.11762112 60.61308455 58.84374947 55.47589761 53.19616359 52.72707245 53.03288078 53.42919689 54.24423514 54.62935807 54.45472412 54.14620833 54.62147094 55.71963069 56.98600765 58.0609199 58.4323512 58.31143748 58.29117443 58.25146704 57.82120379 57.41477287 57.25384104 57.24455501 57.36991025 57.84675848 58.30643061 58.65240599 58.8398532 58.85880558 58.99438821 58.96909555 58.98104648 59.00592512 58.52016233 58.30121354
-9999 -9999 -9999 -9999 -9999 -9999 -9999 -9999 -9999 -9999 -9999 -9999 -9999 -9999 -9999 -9999 -9999 -9999 -9999 75.44371702 76.21743685 65.3321661 57.26487279 54.78146703 54.24962769 54.55925407 56.55811061 56.45899652 58.69058352 60.85494936 57.96825888 54.80707547 52.45976237 52.09255077 52.3384607 52.74693664 53.70770607 54.2072762 54.27626245 54.13703976 54.46530897 55.02018685 55.75044572 56.69905341 57.38490658 58.35994736 58.79146558 58.83389331 58.55268824 58.06766169 57.84214962 57.88891347 58.11823428 58.63863076 59.06447307 59.38922151 59.58862603 59.64952748 59.84223295 59.01775358 58.05793135 57.42241148 56.63063129 56.59504873
-9999 -9999 -9999 -9999 -9999 -9999 -9999 -9999 -9999 -9999 -9999 -9999 -9999 -9999 -9999 -9999 -9999 -9999 -9999 75.05268138 74.47361482 63.72534653 55.90422603 53.74815389 53.32733744 53.61172348 55.81744541 56.31164815 58.65647132 60.61577022 57.64579222 54.60556826 52.66028084 52.1097005 52.58737838 52.92966468 53.41167152 53.91067521 53.82896704 53.75881004 53.93086676 54.23460581 54.93956216 55.59486793 56.5667844 57.60892008 58.5839147 59.35333396 59.01410739 58.57528389 58.42467295 58.55981594 58.78647263 59.32163674 59.84358533 60.23086499 60.48713523 59.90215247 58.95169658 57.91005429 56.89428843 56.14568218 55.70367404 54.98799099
-9999 -9999 -9999 -9999 -9999 -9999 -9999 -9999 -9999 -9999 -9999 -9999 -9999 -9999 -9999 -9999 -9999 -9999 -9999 73.46236057 72.35552738 61.51163888 54.06778558 51.95472564 52.23920988 52.69310293 55.4975442 56.72595925 59.07632084 59.95583756 57.03833526 54.18118826 52.35495707 51.96027652 52.64921771 52.85870189 52.97886251 53.1576776 52.9196602 52.83007013 52.9685443 53.06228848 53.69583181 54.46274285 55.51977777 56.59228417 57.5405988 58.35120838 58.3910084 58.18942839 58.26959452 58.46336955 58.63226236 59.00048345 59.21692525 59.09672957 58.76650329 58.08058399 57.19102923 56.20517408 55.50903588 54.89954204 54.07625334 52.49513341
-9999 -9999 -9999 -9999 -9999 -9999 -9999 -9999 -9999 -9999 -9999 -9999 -9999 -9999 -9999 -9999 -9999 -9999 -9999 70.70536083 69.07487298 58.92107783 52.20558497 50.34963759 50.41267156 51.77342441 55.59712009 58.18795532 59.80406571 58.94439816 55.93614042 53.04647963 51.36486177 51.54275783 52.44472564 52.64133861 52.32267442 51.73415976 51.86375018 51.73216311 51.68054568 51.70505387 51.85416937 52.90925115 54.17601465 55.30018983 56.21711195 56.92202267 57.31672844 57.59162094 57.84513793 58.05553175 58.20502445 58.13666226 57.81714736 57.46944547 57.18551586 56.45538885 55.63261789 54.60732012 53.53990587 52.89546643 51.62629281 48.11887964
-9999 -9999 -9999 -9999 -9999 -9999 -9999 -9999 -9999 -9999 -9999 -9999 -9999 -9999 -9999 -9999 -9999 -9999 -9999 66.97568688 65.69982748 56.97914173 51.32623324 49.67158457 49.69603917 51.61931302 55.5245525 58.78806598 60.10059278 57.46523221 54.48561619 51.99134007 50.74173094 51.08077863 52.14365349 52.306476 52.20601312 51.64635309 51.64532245 51.38807492 51.10476441 50.78255452 50.7090856 51.66606249 52.91130292 54.0322311 54.93495355 55.68950105 56.31918102 56.86766423 57.26125091 57.58721544 57.6386754 57.43141726 56.86420519 56.40468924 56.2307453 55.53075263 54.74025319 53.38810557 51.67222522 49.94948871 47.03954163 41.76326187
-9999 -9999 -9999 -9999 -9999 -9999 -9999 -9999 -9999 -9999 -9999 -9999 -9999 -9999 -9999 -9999 -9999 -9999 -9999 63.23331483 61.78164204 55.3658462 51.3457912 50.12975407 49.9843055 51.93842704 55.78568879 58.77800241 59.58854394 55.39327316 52.6297633 50.80618991 50.25921306 50.67577821 51.77520738 52.06454155 52.19800433 52.45548558 51.94466025 51.63172746 51.1574285 50.27356137 50.0629723 50.82043621 51.91892839 52.92127541 53.69116331 54.56274131 55.34300151 56.07860486 56.63286996 56.93773979 57.00833465 56.76872693 56.41452402 55.95915537 55.69088294 55.21220256 54.23315569 52.77447169 50.25340618 46.07945154 38.71765598 -9999
-9999 -9999 -9999 -9999 -9999 -9999 -9999 -9999 -9999 -9999 -9999 -9999 -9999 -9999 -9999 -9999 -9999 -9999 -9999 59.99415343 59.04887339 54.90779934 52.21356739 51.49093066 51.705321 53.41937753 56.26617247 58.79908367 57.2237383 52.37414827 49.9758018 49.1715638 49.47181763 50.16357605 51.22506692 51.61288266 51.79204937 51.91764353 51.48094182 51.02004729 50.54034165 49.89743216 49.74990113 50.25113919 51.07277394 51.90663357 52.61974398 53.48510525 54.43135688 55.36888381 56.02204222 56.34606374 56.3735038 56.20577171 55.86165159 55.4483946 55.17699099 54.6240764 53.79816398 52.26653114 49.24993524 43.61580934 34.60065962 -9999
-9999 -9999 -9999 -9999 -9999 -9999 -9999 -9999 -9999 -9999 -9999 -9999 -9999 -9999 -9999 -9999 -9999 -9999 54.11009795 57.56600031 56.75457575 54.47548464 53.35433088 53.32997175 54.19598623 55.34376109 57.05612546 58.6762992 54.01365747 48.64998405 46.67633433 47.30490698 48.45690326 49.10520498 50.21363694 50.75910384 50.62717024 50.63134524 50.19401725 49.66009142 49.38504818 49.31174014 49.49159351 49.79635701 50.31866367 50.99165409 51.61037776 52.39208514 53.53973435 54.74349077 55.50606848 55.70814207 55.78351285 55.5615813 55.20502552 54.79668957 54.522736 53.94882772 53.12815031 51.90498891 48.78853908 42.79050606 33.37404527 -9999
-9999 -9999 -9999 -9999 -9999 -9999 -9999 -9999 -9999 -9999 -9999 -9999 -9999 -9999 -9999 -9999 -9999 -9999 53.32022881 54.44574969 54.35991276 53.92682803 54.29310435 54.99749685 56.50973536 56.81445921 57.17316037 56.47263373 51.30152177 46.98599409 45.21150984 45.57206292 46.67128981 47.5511485 48.44510571 48.9267932 48.88971871 48.8090897 48.74991781 48.71681686 48.74711012 48.78755917 48.97725003 49.391288 49.92543134 50.56889421 51.10626707 51.76633487 52.82646683 53.97355332 54.7465962 55.03487305 55.05336495 54.91776985 54.63080434 54.24211957 53.88339622 53.26450256 52.58911992 51.33528903 48.32729315 42.42436982 33.45793928 -9999
-9999 -9999 -9999 -9999 -9999 -9999 -9999 -9999 -9999 -9999 -9999 -9999 -9999 -9999 -9999 -9999 -9999 -9999 51.96828302 51.60745345 52.19170907 53.14602847 54.52656138 55.90499118 58.07908932 56.87042076 55.75448975 53.37597407 48.50466027 45.4467653 44.12925685 44.03319025 44.70748277 45.51618139 46.37860801 46.84191448 46.84633425 46.88659314 47.33238001 47.92202535 48.31539549 48.27993259 48.36281434 48.88560702 49.59588747 50.20467645 50.53283624 51.13016491 52.02227236 53.10652233 53.81268602 54.04347501 54.28073164 54.11847719 53.96217744 53.69207247 53.27847158 52.58183485 52.06596117 51.0498419 48.09165096 42.11414952 32.16273613 -9999
-9999 -9999 -9999 -9999 -9999 -9999 -9999 -9999 -9999 -9999 -9999 -9999 -9999 -9999 -9999 -9999 -9999 -9999 50.71091315 48.97097906 49.94881164 52.57349356 54.51355748 56.25091813 56.41533866 54.4725752 51.73637279 47.0392771 44.49346696 43.73497901 43.02940756 42.68394186 42.78617018 43.52592305 44.38632443 44.84540147 44.77434125 44.87307197 45.88817846 47.08124698 47.77803434 47.88506999 47.9517679 48.33800246 48.88313155 49.44526845 49.88392246 50.38589867 51.10380406 51.85629459 52.45089827 52.78780888 52.97913932 53.08211227 53.04992333 52.97894106 52.92398 52.65711969 52.16944 51.09205814 48.06962077 41.78313023 32.76057127 -9999
-9999 -9999 -9999 -9999 -9999 -9999 -9999 -9999 -9999 -9999 -9999 -9999 -9999 -9999 -9999 -9999 -9999 52.6534724 50.13150371 47.06657916 48.1829433 51.99683684 54.39654507 55.20049415 53.85920786 51.14817924 45.99864128 39.7908371 40.65610877 41.88239201 41.87859925 41.36165418 40.74906464 42.0222189 42.84592921 43.20757751 42.97359858 42.62693679 44.43011249 46.29422405 47.27137714 47.37410726 47.44863602 47.77609675 48.11311242 48.587968 49.01363746 49.42768995 50.11924402 50.57229911 51.08540822 51.47059461 51.67502033 51.96688015 52.09165078 52.35307489 52.86715839 52.7555984 51.80829046 50.83830848 47.43104193 40.11203709 -9999 -9999
-9999 -9999 -9999 -9999 -9999 -9999 -9999 -9999 -9999 -9999 -9999 -9999 -9999 -9999 -9999 -9999 -9999 51.10241184 49.87290486 48.36957772 49.31111341 51.83169451 53.55604517 53.03087459 50.69476542 47.41606506 41.94635696 38.34320096 38.4323353 39.85352316 40.37959548 40.49108226 40.4772035 41.3212732 42.03645251 42.35459216 42.00113037 41.96134026 43.54052537 45.34289255 46.43500452 46.80452018 46.8800463 47.22601723 47.56818434 47.99088341 48.39376626 48.74947017 49.15896536 49.46245601 49.905514 50.37745509 50.751863 51.09507706 51.48452681 51.83965767 52.42367776 52.43588283 50.39402204 47.07179972 42.35752378 -9999 -9999 -9999
