meets/meet004/data/CCSM_6k_neotropic_bio13.asc
NCOLS 154 
NROWS 168 
XLLCORNER -112 
YLLCORNER -55.5 
CELLSIZE 0.5 
NODATA_value -9999 
[rows 58 to 86 of 168, columns 64 to 127 of 154]
284.7702744 270.7408598 259.5943338 241.451588 220.2823131 207.840677 200.6737845 219.4386363 228.4616827 230.8248469 238.4613371 254.0466771 267.9820557 272.3311358 274.041721 276.1649892 282.9825831 289.4024669 290.9932701 290.1272905 290.1869392 287.2222085 281.6369393 283.6729515 288.2920115 291.9127378 296.913839 303.0432631 310.1102282 316.3499344 322.235601 332.7416473 342.4860219 360.9605768 375.5682832 390.1480698 406.6811497 416.6285943 423.7600165 423.6967595 422.2608074 415.2673034 399.5522398 374.9689472 355.5165747 350.6148633 343.1263836 334.6279698 328.5501692 319.4442581 318.2584161 324.0720651 327.6327492 338.3125521 344.9295478 354.8935965 369.6561694 379.5104637 391.6624606 396.9863015 402.7285079 410.4409624 409.1669356 -9999
283.6869752 257.7310268 243.689073 226.3855723 206.4827672 194.5323198 192.8201717 217.6334139 226.8685039 229.9230326 237.7046134 253.2400685 267.3463558 270.6485497 273.0242535 275.1038951 280.1076874 287.596599 292.8577713 296.8838513 297.6252745 290.3685487 280.1124802 273.5268616 277.7623223 281.2006181 289.7258689 295.1269199 301.6570645 310.1602242 321.7645093 340.7663976 358.0453757 375.4820624 394.3812894 409.0914388 424.5782832 435.7168791 440.9317863 442.0025795 440.8077638 430.1658847 417.1634252 391.7246298 355.2047546 340.8241057 337.9362532 333.6251901 330.1743189 328.618606 327.8556985 337.0115774 343.8002619 353.962571 367.5822457 377.3766452 395.3656528 406.7892172 419.2915514 431.5019701 437.9379186 445.3127854 446.4547119 443.8566575
277.2760577 241.602956 227.244316 209.4365893 193.6705615 184.0799424 192.4317621 214.4525988 225.0373379 228.8708598 235.802587 248.4832466 259.8721926 264.0061955 269.08225 277.7502862 287.6685028 296.2954687 300.5038865 301.0212319 298.027706 289.5424535 277.9935475 264.1355078 266.5184732 270.7558232 277.5981013 283.9895818 294.4036682 309.2491759 323.5337442 342.9451373 361.3971458 380.8414342 398.8289288 413.6999299 428.4893488 438.5036746 444.291193 445.042011 443.1276297 433.8097504 418.8316627 395.2808491 362.5297946 330.4269443 328.1572533 325.9297695 326.9207471 328.1975656 331.3534817 342.295057 351.0247582 366.5856312 380.1429395 391.9053651 411.9889306 426.3389194 443.5047717 456.0139586 464.4286232 474.2353112 475.7075629 477.3682502
271.9167786 237.3369805 213.3407129 198.8500254 183.1203317 173.8677262 192.4223095 213.9398874 222.2181584 226.149988 232.2068718 242.2036411 252.7141251 263.3886026 274.498607 282.9611771 291.3770459 298.8170028 300.1880515 298.3141325 294.3668936 285.4896574 275.3874804 263.2866444 256.2321274 260.7655845 269.0441896 272.9735311 285.3444401 301.1562951 315.8046906 336.897719 354.5921382 372.4737988 389.8006995 404.195759 418.4386938 427.6632203 432.934948 433.2143567 431.0177089 422.4171469 410.2610399 389.8892526 360.8898316 331.1935632 318.7569021 316.3146282 320.2677522 321.7402184 325.4647044 341.1310389 347.404695 365.1970484 379.4573762 393.972201 419.5779707 432.9171592 453.0548424 466.0132001 476.1801528 490.7575439 492.5651949 496.8506255
262.1949096 227.514938 197.4800464 184.9979875 172.7409197 173.6722625 191.4922758 208.3211249 217.4806701 221.4362228 226.9200071 239.8899027 252.3359154 263.7596481 273.9862353 281.6477672 288.0636912 292.5960217 293.0134696 290.5574783 285.5920314 277.7483449 268.5272519 259.5919336 250.8573139 249.6597281 255.5426818 261.2210665 273.4432663 289.0216207 303.6864685 321.9068966 339.5565688 356.2892476 372.6804098 385.3497838 396.7994298 405.8763062 410.1231639 411.6242737 410.012856 402.2260362 390.6093421 373.1106117 350.4738082 339.0452441 324.7541726 309.7678569 311.948347 315.3909752 320.2225685 333.1492749 341.8055026 359.2853061 373.4981832 387.3539139 410.5105039 427.0822395 446.9916145 460.9644703 471.3294381 484.3917152 488.3881867 494.2512923
258.8610458 215.9932064 189.8424419 174.747774 165.6577769 174.1114397 189.3739065 204.5633921 211.1504994 215.2211859 224.9949176 236.3812788 248.2810054 257.2597757 267.492813 274.6505003 279.7592336 283.2391741 282.3859083 279.6023297 274.6803872 268.0987326 261.3006563 254.9157537 249.672842 246.2409258 247.8612329 251.5426915 258.9164358 273.4045971 287.415168 304.6817521 320.1379832 334.6697195 349.1784679 360.8210668 371.7140174 378.6384323 383.458304 384.4879126 382.807092 377.5009785 376.4844555 368.8077715 360.305009 350.6493331 338.007683 328.6076209 317.4615864 308.854819 313.4241776 324.8463717 333.3496933 346.6059396 359.638541 374.6387573 396.0058412 418.5694543 440.606351 466.6862208 482.5956226 496.2588597 510.0597611 510.2538801
245.6171208 203.3352915 180.5649999 167.9892107 165.152042 173.9247813 185.7898383 196.6003526 203.9856519 209.710323 218.701833 228.5060037 237.9708453 247.3808647 256.2635415 262.5677241 266.4937685 268.7259721 268.2381775 265.7785824 262.005589 257.2525827 251.9051959 248.6188025 246.0149102 245.8366123 250.2387035 255.2989158 264.4546514 274.716699 285.3765436 299.7122866 312.9318075 327.0329821 340.1000074 351.391002 362.8368831 371.5031421 377.7391362 380.8698517 382.1352276 380.5568453 376.9005759 371.6449874 363.5899601 356.7008888 348.6143027 339.6826998 333.2938849 327.1967247 325.2428828 326.2368924 328.4555359 343.8471918 364.0142128 383.7817349 411.5230165 436.4615819 462.8016302 486.760529 504.267007 521.7138807 533.3693085 541.6626278
228.8012973 188.787034 166.2291129 161.3368806 161.7706044 170.3665565 179.8913201 189.3608356 194.9968588 201.2088552 208.8655853 218.9963513 225.9227079 234.2430883 242.7047798 248.2571442 252.5566916 253.9872156 253.5930675 251.2986604 248.7171853 245.3646213 241.8146175 241.1593398 239.8618075 241.9811521 248.1726569 254.6541678 264.2282971 275.7632552 286.7771362 301.9797472 315.2919517 327.1262228 340.8423914 350.9904555 362.0285446 370.0411562 373.4643577 376.0212698 376.6897889 374.8876675 371.9740819 367.612543 360.6707139 356.7742161 350.0392476 345.4759048 342.6752454 339.1822958 339.9288994 342.3442386 346.2005191 358.0287867 379.518213 396.975277 424.7627502 446.9801553 470.0922436 495.7051311 513.4903256 532.9396293 546.5416452 554.897279
214.3373858 179.8616695 157.2857118 154.1789368 154.8731041 161.6001233 170.1396191 177.5857474 184.662252 190.9435307 197.9255404 204.8857028 212.4362413 220.5880487 228.1219586 233.3651424 236.4682028 238.2569569 238.4261529 237.4286565 235.5309255 233.7702366 231.9868386 232.3319201 233.5442679 236.3453844 243.0115705 250.2860101 260.4842024 271.5857005 282.5036777 296.0997984 308.9267669 321.6737436 333.631168 343.2068296 351.9725125 358.7172764 362.916087 364.9042622 365.4502536 364.230402 361.8659481 358.8541363 355.0723813 352.1537341 349.608415 347.0465529 346.6981111 346.5962957 348.4409607 352.8530786 357.3708603 370.7804728 388.7775741 405.4849558 428.7284526 449.2830918 473.0212094 493.9115803 510.7287248 530.4284755 542.6081699 555.795373
210.5334073 175.2773737 153.7440924 159.0033728 159.5404496 157.6313951 162.1265088 167.1088242 175.8861695 180.7977702 186.0935429 192.3687415 198.5271397 204.8873214 212.7073763 217.1809618 220.1467033 222.8387701 222.6815739 222.6375646 221.8460386 220.6864157 220.8866518 221.7767469 224.3824932 227.9773167 234.3818714 242.5739634 251.2720275 262.812181 272.9483605 285.4757449 298.378542 308.588554 320.7312464 329.16054 336.6081655 343.4725914 346.0095812 349.0227089 350.2995406 349.5216085 349.2664041 347.4929488 345.9693169 345.8605627 344.8441494 345.2354618 347.2638637 349.5516122 353.4935804 358.8658001 364.7148188 375.491866 393.4717907 407.5085568 427.7435703 446.3860352 464.3691099 484.6307717 498.6386413 515.6410436 530.3197211 539.4975529
216.4445645 183.3446803 159.12105 167.8762919 172.5451318 171.4225458 165.3059873 169.5459494 171.9313343 171.2539854 175.1704835 183.083957 190.806604 194.4692827 198.0868117 202.0780453 205.6239381 208.1210622 209.2018598 209.2680503 208.9287806 209.7006598 210.378068 212.6531301 215.4840851 219.2739896 226.0121968 233.2373533 242.4518516 252.2184981 261.8091977 273.4023251 284.4563255 295.0144009 304.9470014 312.5334164 319.3803811 324.8697335 328.8181459 331.7410656 333.3654908 334.6129865 335.2010263 335.892009 336.5391866 337.4928504 339.84875 342.3365965 346.5743214 350.8977507 355.468673 362.1219367 368.0237252 379.0722738 393.9490422 407.1016205 424.0862395 438.7055009 455.5318476 470.2824268 482.4181024 497.3642864 507.0237149 518.7383238
234.5900847 200.6361174 169.7817994 180.4296127 188.8096268 187.0247779 179.1557862 173.1671659 169.6643011 165.2830429 169.0194196 177.1082783 186.7200948 187.7971046 189.2209291 189.6874912 191.8521732 195.4458275 195.8003494 197.3888818 198.796034 201.7514273 205.4056994 207.7354408 211.06167 213.5997651 217.4276681 222.197027 229.2742895 239.5330135 248.0163411 258.1554281 268.9304636 276.4633486 286.9910278 293.8297002 299.0069495 305.3992999 308.2504403 313.0823906 316.1207244 318.6984454 322.3049413 325.1354837 329.1389612 332.344161 335.8232267 340.8764539 343.8109711 349.6277168 355.0221544 362.5422292 369.6030945 377.6036394 389.2699115 399.1943823 413.0406697 425.3783905 434.5667429 448.9101963 456.5623638 466.3328176 476.0331995 484.3510875
262.7083543 227.5112494 194.4680744 191.7600612 200.9991328 198.9178439 189.2682346 178.8437278 167.7474736 162.4674879 166.5097704 174.2695516 181.1892196 184.5425036 185.4156773 185.9588868 189.1457558 192.337182 194.3168507 195.7026698 197.2711182 200.7892088 204.2466425 207.3374939 210.2737159 212.7316619 216.6863583 220.5594007 224.3402216 228.0652362 235.1136042 244.4496702 253.4639543 262.0409451 270.0826457 278.3300433 285.5530793 292.4835955 297.8615336 302.9700743 307.6628733 312.1808007 317.0455079 321.5163015 327.0134468 332.6698226 338.3927224 345.2372606 350.3295746 356.8171686 363.2653166 368.9364796 376.8686567 382.6568374 390.6175603 398.6981894 406.0288329 415.3038424 422.9840271 432.2974102 440.4399558 451.0987735 462.9857533 476.8672447
277.9100943 249.367938 220.3316334 204.904306 216.0827527 214.4878557 205.1186468 192.4498863 181.5261063 167.9874131 165.4201161 173.3446987 180.2600636 177.3979803 178.6910499 179.8277423 183.1991757 187.9562814 189.5331392 191.9760554 194.2195095 197.9816725 201.972037 204.6209292 208.0103866 210.6667689 214.5715456 218.584455 221.3484519 225.3202988 228.3689129 237.3041918 246.261769 254.7015795 262.172102 269.6785544 277.0731959 283.483632 289.3523998 294.6279208 299.8427206 306.0422581 311.6218761 317.4904298 323.8082752 331.1272505 339.298505 347.6337217 354.1598616 361.1775155 367.5974518 372.5665455 379.7816341 383.8368756 389.9528001 396.1711002 401.9903204 409.9851189 415.63431 423.3462745 430.4974161 441.2893735 453.2452092 465.0190215
-9999 268.9407311 251.2955471 218.7104218 232.567274 231.0239624 221.5789608 210.7008063 196.3700759 183.2130747 172.3601534 173.7529465 180.1970405 177.4903661 172.5412308 171.8855186 177.2558597 181.3134301 184.8063318 187.0414082 189.8073322 194.8713152 198.817464 202.2953487 204.7901236 207.4495774 211.7276766 215.1232741 218.6467691 221.2468151 224.0515719 229.6011862 238.0379969 245.8563586 253.4079225 260.7992306 267.4141031 273.7528167 279.9412706 286.0211021 292.6988951 299.3601548 306.2430357 312.7425976 319.7463108 328.297768 337.6582098 347.3457078 353.8365585 360.6277405 366.4882828 370.4482658 375.8204532 379.2387068 384.311382 389.9312228 394.8328668 401.494317 406.0932885 412.3770985 419.1609306 432.6605364 443.646243 454.0378658
-9999 -9999 283.2623829 248.0567294 243.8206676 247.3577725 241.7092826 234.5274565 222.5344735 205.0638411 189.9252682 177.5782981 179.4507316 175.6870555 172.0219136 169.7975957 170.160691 171.9631097 175.7441305 179.9468025 183.8686948 188.7010031 192.927453 196.2793882 199.9354434 202.8332756 206.5502549 209.7778233 212.8814528 216.4012948 218.7532688 222.3877082 230.3331637 238.0131843 244.5795776 251.5820287 258.877761 265.3771008 271.7270548 277.7501571 284.8995311 293.1791699 301.2627139 308.4648586 315.7044124 324.4277996 334.320013 343.9034608 349.9640021 355.5230727 360.7732602 364.1661664 368.7724548 371.9451623 375.8288095 380.7697799 385.6458277 391.5520829 395.2520062 400.0578016 409.0957831 420.0296772 429.9554727 437.4420871
-9999 -9999 -9999 274.4338184 251.7183454 257.5724012 261.1144295 259.4452789 248.1127707 235.1567872 218.2427359 195.1153817 180.0525766 173.9370926 170.8215114 169.8406924 169.6318341 169.9350564 169.8345516 170.9339766 175.2277519 181.1502952 185.5015873 189.5236769 193.0409281 196.1124341 200.3263163 203.6979764 206.9222463 209.9561926 212.491959 215.7253684 222.0519294 229.6812751 236.7719569 243.99385 250.4843102 257.0439176 263.5568843 270.1186928 277.9956499 286.1154924 295.1227969 303.1281703 311.7248404 320.4425719 328.2068674 336.4639991 341.8958752 346.6144413 350.9130988 354.3942175 358.1417796 361.5159808 365.2299011 369.7032269 374.2779601 379.2145592 382.3902471 389.0400726 397.7308735 406.7646001 414.291005 422.59857
-9999 -9999 -9999 278.2660964 247.0228846 261.0978493 272.7349694 282.0749522 279.3586383 268.9603297 251.6503988 226.3630937 200.0110437 182.0118528 172.1226339 169.4026553 168.7712631 168.6615752 169.2009278 170.1365178 171.0407477 172.3727891 175.1893166 179.4157987 183.6579391 187.0912262 190.957014 195.2804469 198.6903847 202.2515105 204.659736 207.2172878 215.1183989 222.8218613 229.7501493 236.9658801 243.6540623 250.0532043 256.6087126 263.1065011 270.9526187 279.1379716 287.9332478 296.4223546 305.126349 313.4327538 320.395049 326.9581526 331.9858405 336.2573328 340.4982715 343.8844325 347.0651885 350.3997152 353.6844328 357.6135619 361.6005508 365.8397372 372.6256577 379.7537107 387.8036618 395.9474967 404.2420416 411.4823081
-9999 -9999 -9999 266.1400205 236.6521796 252.2841117 278.9706564 296.6395308 304.2426262 306.6305228 290.8788122 256.4465033 224.4697325 199.4395212 179.4543305 173.0082425 169.086118 167.1802655 168.1218605 169.5833294 170.9531605 172.7427996 175.0600552 176.9152373 179.6341394 182.2587741 185.6358429 189.5664309 192.9972452 197.4010889 201.541981 206.4649118 211.3462663 215.279023 222.3955486 229.7223018 235.9802191 242.9957432 249.7927016 256.0421824 263.7302629 271.2576687 279.2744444 288.2134242 296.8265017 304.4417414 310.3785463 316.1199158 321.0737994 325.5793395 329.3990856 332.3252274 335.2075754 338.5926199 341.7372102 345.5690977 351.6151555 358.2094176 364.5003129 370.9032058 377.9769166 385.4718133 392.5186521 398.7589264
-9999 -9999 -9999 -9999 228.4382671 238.5284658 271.3689656 300.2122554 323.722904 338.9294989 330.0939532 294.6206443 257.922954 228.2863616 198.5681866 184.344523 175.2587614 168.8356753 165.7664032 167.2445654 168.7575479 170.9731518 173.8505138 176.2548901 179.0456772 181.718034 184.9940466 188.8550952 192.5010558 196.8835418 201.1691075 206.1627622 211.1550518 215.5278771 220.0244894 224.3159741 229.7195645 236.8695067 244.0605859 250.6381002 258.1252219 265.3910873 272.581378 280.3671197 287.7977055 294.7607823 300.4993272 305.5857986 310.1869956 314.3120698 318.2309071 321.3728015 324.2345357 327.6472607 332.8919848 338.4351443 343.6876646 349.4386647 355.002884 360.9047092 367.45288 373.8616734 379.7496332 384.3904412
-9999 -9999 -9999 -9999 216.7922698 222.7719811 258.5090737 294.7673599 329.8772089 363.7639298 361.0217124 327.2574252 295.7061012 257.0841987 231.3475657 211.95155 184.0352027 181.9121105 168.4735855 163.6076622 165.165406 168.1405577 171.3965512 174.1874783 177.356931 180.0572831 183.5583872 187.1239549 190.8122891 195.1860527 199.6062275 205.2858585 210.258735 214.6281677 219.3712663 223.593647 228.6919338 233.0289525 239.5607279 246.4062761 253.2601049 259.7682598 266.7654441 272.654296 278.7053665 284.7264572 289.9492377 295.2405321 298.9420797 302.5280307 306.2266977 310.5366865 315.5298416 320.1789476 325.0330073 329.9416673 334.6679675 339.7877072 344.8126681 350.3406502 356.0810638 361.7285496 366.5619607 368.8515674
-9999 -9999 -9999 -9999 -9999 219.6202006 236.9599929 286.4354146 328.6155367 362.255689 369.6419811 352.3089056 340.2668355 313.7990932 282.5304449 262.0571646 239.7777122 213.401199 189.8161978 177.3852922 166.1862585 164.645388 167.7936813 170.7872565 174.3223555 177.3287538 180.7221272 184.2964818 188.0099163 192.5431319 197.2021577 202.7558039 208.3517744 213.4037346 218.2006416 222.8149453 228.0821766 232.9386442 237.4827628 242.9479576 249.1177231 254.5964247 259.9126506 265.0350419 269.8495864 275.059834 279.7448399 283.811505 287.3154145 291.4967866 296.3296625 301.1706052 306.3501366 310.9933516 315.73949 320.274917 324.1788848 328.641602 333.184095 338.341209 343.8310702 348.7683601 352.1918903 352.7902369
-9999 -9999 -9999 -9999 -9999 219.3269028 249.3968505 278.1288775 313.5982274 349.3668649 361.1069587 363.4306627 376.5404838 364.424546 348.9271178 329.8823384 311.580954 261.0871209 229.57483 212.1547897 194.8325937 165.8249612 166.8128 170.2647464 170.4652989 173.6241278 177.530227 180.9210115 184.4748717 188.8776102 193.7199824 199.8332454 206.1688834 211.1437944 216.5405987 221.4449816 227.4268297 233.634926 237.8945641 242.0719805 246.0282095 249.7277389 254.0237063 258.028682 262.040639 265.9421799 269.6918052 273.2468711 277.1371459 280.9983983 285.6297746 290.9468365 296.2572015 300.7233589 305.326713 309.2453847 312.4440906 316.4748002 320.7810829 325.5461577 330.6123228 335.4104769 338.4727657 336.4540019
-9999 -9999 -9999 -9999 -9999 -9999 256.6803145 307.8072645 310.769773 323.1494492 345.2778634 377.2725573 398.0004839 415.4218566 436.1367035 434.7819749 397.2892484 368.483061 331.449518 280.5104887 246.7963379 219.4561714 192.8516474 169.406314 170.3540252 170.5087022 172.4892038 176.1509846 179.9534242 184.0124706 188.8022493 195.3303011 201.8844527 207.7668891 213.5177619 218.8421274 224.6377613 231.0421277 236.0519876 239.4014005 242.7458205 245.7643186 249.112385 252.6404974 255.9419842 259.1880132 261.9026627 264.5394307 267.9114792 271.4893038 275.7613601 280.4900261 284.9648353 289.1300686 292.8498819 296.5221268 299.7124656 303.2057712 307.4447049 312.2072417 316.9040593 321.157741 322.7197551 319.5632085
-9999 -9999 -9999 -9999 -9999 -9999 236.3144354 347.7818258 324.2292481 310.9648742 321.9584917 361.5479142 401.0973714 448.6564185 535.9994796 560.3986795 506.2958526 478.349564 427.12937 363.5916766 323.2408369 284.1422178 229.5510986 205.5610264 176.4814766 167.6737436 168.0100433 171.5276026 174.84429 178.606731 183.3623931 190.7331995 197.5978115 203.4300614 209.7464796 214.984948 221.1756254 228.6010737 233.0977304 235.9704678 238.777904 241.6368577 244.2529692 247.5440924 250.5188447 253.0653583 254.9625135 256.4638287 260.2456384 263.0408967 266.6286522 270.430722 273.955352 277.5448441 280.53236 283.8821327 287.2405806 289.8913865 294.5335714 298.7739211 302.7144517 306.0296969 307.8250607 301.4559372
-9999 -9999 -9999 -9999 -9999 -9999 -9999 240.8709281 284.9928359 311.4466593 330.3442986 347.6233905 387.3367709 443.8303656 516.2588401 552.6953799 558.6458303 569.5011735 552.4703941 542.6680289 484.3509865 372.7600415 294.1435675 245.5517729 195.0463022 174.3383978 166.5842843 168.2669126 170.5285005 173.622649 177.9786729 184.975828 192.1068436 198.5046951 204.7847583 210.3262694 215.8877666 223.8656607 229.041142 232.3941561 235.3584734 237.8304405 240.3267266 243.0631018 245.553839 247.761165 249.5655972 252.6207898 256.0422959 258.706541 260.651814 261.4182247 263.9957086 266.843085 269.5858476 273.0548911 276.7262612 280.0090867 283.0978794 285.5586638 287.7533453 289.4801285 287.8445347 281.600217
-9999 -9999 -9999 -9999 -9999 -9999 -9999 154.8743243 226.6760066 295.045553 334.5711438 345.9111484 368.1803181 415.0657474 459.2209774 494.7083757 538.5662856 598.0539962 600.6945391 661.9329854 614.3325163 462.0498602 353.398462 290.7926576 225.6917895 192.8482426 175.4171325 164.9013817 165.5806606 167.7408028 171.4063482 178.2752238 186.0472541 191.9462848 198.6568785 204.2688402 211.1057643 219.5605868 224.5548228 228.4602901 231.5039144 233.7416671 236.3693589 238.7260086 240.9967995 242.8263217 244.5144529 248.5421774 251.9602737 255.3523947 257.1060171 256.9909329 256.5392299 257.1453405 259.7283725 263.2212766 267.2042117 270.9498194 272.860589 273.367726 273.7537928 273.2071138 269.6768815 261.5531926
-9999 -9999 -9999 -9999 -9999 -9999 -9999 108.1432014 167.9932055 240.9029888 298.0318899 338.7396886 366.8133603 373.8226999 391.6336632 424.9594318 472.9246942 492.0394716 520.0134866 551.5866687 532.19411 466.8679746 389.9684303 331.8884846 260.0868517 221.9530591 195.4827844 173.2311261 160.8322235 161.4766924 164.6321513 171.1360999 177.9736234 185.1644237 191.7537849 197.6598096 205.3514254 213.2260027 218.0717851 222.1159202 225.4700902 228.095907 231.2755321 233.1414058 235.4768673 237.5104567 238.7351112 242.4093824 246.9597519 250.0538594 252.3462145 253.1688523 252.321953 252.5362395 252.0591614 254.8699977 259.1018848 262.029129 264.2400349 264.1286661 262.3537615 258.7917658 251.9952729 243.3779775
-9999 -9999 -9999 -9999 -9999 -9999 -9999 -9999 113.2218174 176.630515 239.5475267 293.9074391 350.9013787 353.5938981 345.2337816 357.3844559 391.2905402 414.4442538 448.3908853 452.7685392 450.3743279 437.1013231 404.2071733 369.6775057 307.9237145 272.6763787 236.5591347 197.1956398 183.0750896 171.2054563 163.0527655 167.9828593 174.123229 178.1866846 183.9918805 190.6984268 198.0272947 205.5121105 209.6007996 213.5713065 216.9722091 219.9129158 223.6434349 225.2702901 227.8675085 230.2722478 232.0949312 236.2239106 242.6890095 246.4215659 249.3049432 250.8458929 249.4923316 250.0005931 249.3192659 249.6729655 252.876871 255.4606173 257.4900497 256.505739 252.9642953 246.627756 237.5820581 227.9520782
