meets/meet004/data/CCSM_0k_neotropic_bio01.asc
NCOLS 154 
NROWS 168 
XLLCORNER -112 
YLLCORNER -55.5 
CELLSIZE 0.5 
NODATA_value -9999 
[rows 29 to 57 of 168, columns 64 to 127 of 154]
-9999 -9999 -9999 -9999 -9999 -9999 -9999 -9999 -9999 -9999 -9999 -9999 -9999 -9999 -9999 -9999 -9999 -9999 -9999 -9999 -9999 -9999 -9999 -9999 -9999 -9999 -9999 -9999 -9999 -9999 -9999 -9999 -9999 -9999 -9999 -9999 -9999 25.47608633 -9999 -9999 -9999 -9999 -9999 -9999 -9999 -9999 -9999 -9999 -9999 -9999 -9999 -9999 -9999 -9999 -9999 -9999 -9999 -9999 -9999 -9999 -9999 -9999 -9999 -9999
-9999 -9999 -9999 -9999 -9999 -9999 -9999 -9999 -9999 -9999 -9999 -9999 -9999 -9999 -9999 -9999 -9999 -9999 -9999 -9999 -9999 -9999 -9999 -9999 -9999 -9999 -9999 -9999 -9999 -9999 -9999 -9999 -9999 -9999 -9999 -9999 -9999 25.53919619 -9999 -9999 -9999 -9999 -9999 -9999 -9999 -9999 -9999 -9999 -9999 -9999 -9999 -9999 -9999 -9999 -9999 -9999 -9999 -9999 -9999 -9999 -9999 -9999 -9999 -9999
-9999 -9999 -9999 -9999 -9999 -9999 -9999 -9999 -9999 -9999 -9999 -9999 -9999 -9999 -9999 -9999 -9999 -9999 -9999 -9999 -9999 -9999 -9999 -9999 -9999 -9999 -9999 -9999 -9999 -9999 -9999 -9999 -9999 -9999 -9999 -9999 -9999 -9999 -9999 -9999 -9999 -9999 -9999 -9999 -9999 -9999 -9999 -9999 -9999 -9999 -9999 -9999 -9999 -9999 -9999 -9999 -9999 -9999 -9999 -9999 -9999 -9999 -9999 -9999
-9999 -9999 -9999 -9999 -9999 -9999 -9999 -9999 -9999 -9999 -9999 -9999 -9999 -9999 -9999 -9999 25.60395931 -9999 -9999 -9999 -9999 -9999 -9999 -9999 -9999 -9999 -9999 -9999 -9999 -9999 -9999 -9999 -9999 -9999 -9999 -9999 25.59251873 -9999 -9999 -9999 -9999 -9999 -9999 -9999 -9999 -9999 -9999 -9999 -9999 -9999 -9999 -9999 -9999 -9999 -9999 -9999 -9999 -9999 -9999 -9999 -9999 -9999 -9999 -9999
-9999 -9999 -9999 -9999 -9999 -9999 -9999 -9999 -9999 -9999 -9999 -9999 -9999 -9999 25.89779178 25.91081643 25.77406112 -9999 -9999 -9999 -9999 -9999 -9999 -9999 -9999 -9999 -9999 -9999 -9999 -9999 -9999 -9999 -9999 -9999 -9999 -9999 -9999 -9999 -9999 -9999 -9999 -9999 -9999 -9999 -9999 -9999 -9999 -9999 -9999 -9999 -9999 -9999 -9999 -9999 -9999 -9999 -9999 -9999 -9999 -9999 -9999 -9999 -9999 -9999
-9999 -9999 -9999 -9999 -9999 -9999 -9999 -9999 -9999 -9999 25.55305992 25.74647904 25.87994265 26.01738828 26.0808697 25.95948023 -9999 -9999 25.0684277 24.77383567 24.52387983 24.33272504 24.12879627 -9999 -9999 -9999 -9999 -9999 -9999 -9999 -9999 -9999 -9999 -9999 -9999 -9999 -9999 -9999 -9999 -9999 -9999 -9999 -9999 -9999 -9999 -9999 -9999 -9999 -9999 -9999 -9999 -9999 -9999 -9999 -9999 -9999 -9999 -9999 -9999 -9999 -9999 -9999 -9999 -9999
-9999 -9999 -9999 -9999 -9999 -9999 -9999 -9999 -9999 26.09977301 26.1832342 26.37528471 26.39369476 26.22284271 26.11439786 25.86699661 25.44883078 25.0500469 24.83090018 24.43513667 24.16638107 24.07508704 23.73554437 24.02668 -9999 -9999 -9999 -9999 -9999 -9999 -9999 -9999 -9999 -9999 -9999 -9999 -9999 -9999 -9999 -9999 -9999 -9999 -9999 -9999 -9999 -9999 -9999 -9999 -9999 -9999 -9999 -9999 -9999 -9999 -9999 -9999 -9999 -9999 -9999 -9999 -9999 -9999 -9999 -9999
-9999 -9999 -9999 -9999 -9999 -9999 -9999 -9999 -9999 27.36946167 27.34869483 26.98948809 26.63710414 26.14712955 25.74098471 25.37200632 25.13230853 24.99777501 24.73067588 24.55768483 24.48674663 24.47707982 24.51792379 24.71264733 24.85407508 25.10663103 25.44320448 25.67413117 25.96440708 26.15666287 26.22190609 26.16843699 26.03736376 25.81272588 25.57933051 -9999 -9999 -9999 -9999 -9999 -9999 -9999 -9999 -9999 -9999 -9999 -9999 -9999 -9999 -9999 -9999 -9999 -9999 -9999 -9999 -9999 -9999 -9999 -9999 -9999 -9999 -9999 -9999 -9999
-9999 -9999 -9999 -9999 -9999 -9999 -9999 -9999 -9999 28.19654224 28.05271125 27.32054138 26.69363367 25.8912838 25.20136382 24.77176771 24.65836142 24.69361393 24.50926064 24.56661141 24.74438127 25.07586669 25.50038611 25.90247184 26.14967952 26.41404921 26.68014207 26.88045487 26.94158947 27.0946423 27.01219515 26.71368818 26.54396372 26.11917803 25.77275928 25.59177873 25.53987575 -9999 -9999 -9999 -9999 -9999 -9999 -9999 -9999 -9999 -9999 -9999 -9999 -9999 -9999 -9999 -9999 -9999 -9999 -9999 -9999 -9999 -9999 -9999 -9999 -9999 -9999 -9999
25.25523811 25.33655974 25.45191791 25.66383249 -9999 -9999 -9999 -9999 27.66654262 27.91466604 27.7000478 27.07159655 26.39178707 25.31598185 24.50276462 23.93934547 23.73996063 23.87077344 23.78068292 23.96008133 24.5731368 25.52022329 26.5862363 27.06797222 27.51583832 27.77392672 27.70947741 27.72123491 27.57767724 27.4295288 27.18445426 26.86901822 26.51989897 26.19756074 25.92879517 25.73626569 25.67916242 25.66047492 -9999 -9999 -9999 -9999 -9999 -9999 -9999 -9999 -9999 -9999 -9999 -9999 -9999 -9999 -9999 -9999 -9999 -9999 -9999 -9999 -9999 -9999 -9999 -9999 -9999 -9999
25.18068626 -9999 -9999 25.40083645 25.67614875 25.98625744 26.26858249 26.80588778 26.96864318 27.17912675 27.01374939 26.44552004 25.73730092 24.54004427 23.5010303 22.75971354 22.51814921 22.62100332 22.72324495 23.2125175 24.16441132 25.58250967 27.06507616 27.72121323 28.25261655 28.55200653 28.34685135 28.30575938 28.0272077 27.71331544 27.39827277 27.04695811 26.65951598 26.3723156 26.13168654 25.93281702 25.89533069 25.86526422 -9999 -9999 -9999 -9999 -9999 -9999 -9999 -9999 -9999 -9999 -9999 -9999 -9999 -9999 -9999 -9999 -9999 -9999 -9999 -9999 -9999 -9999 -9999 -9999 -9999 -9999
-9999 -9999 -9999 25.16738399 24.98469428 24.99602715 25.22293359 25.39999017 25.6729576 26.07746825 25.86212985 25.32907562 24.67624474 23.2841139 22.03492129 21.30794237 20.87447065 21.02474574 21.86294593 22.66125619 23.99445772 25.63236306 26.85968673 27.69142325 28.25066112 28.50285859 28.50520262 28.47503742 27.97553759 27.84997779 27.4862141 27.03633261 26.97581155 26.42333131 26.2247425 26.07127056 25.92603041 26.08727953 25.95315268 25.97835152 25.95867927 -9999 -9999 -9999 -9999 -9999 -9999 -9999 -9999 -9999 -9999 -9999 -9999 -9999 -9999 -9999 -9999 -9999 -9999 -9999 -9999 -9999 -9999 -9999
-9999 -9999 -9999 25.01333604 24.55613808 24.3103314 24.17252458 24.0564386 24.2188674 24.36871815 24.02712253 23.40474434 22.63543643 21.3033341 20.17788085 19.6237059 19.58090518 20.15738725 21.7312523 23.26782662 24.7810947 26.10042791 26.90325325 27.53812489 27.9483098 28.1107889 27.91786674 27.76080621 27.18910816 26.92357744 26.54225919 26.15806331 26.16254608 25.73383835 25.64138438 25.56755015 25.52135145 25.7275116 25.64331391 25.74779714 25.79169785 25.78569955 -9999 -9999 -9999 -9999 -9999 -9999 -9999 -9999 -9999 -9999 -9999 -9999 -9999 -9999 -9999 -9999 -9999 -9999 -9999 -9999 -9999 -9999
-9999 -9999 -9999 -9999 24.56684409 23.95524467 23.41105447 22.82240927 22.56861246 22.3279698 21.74002796 20.95084598 19.82650792 19.04254611 18.09633088 18.0675023 18.78641545 19.90042432 22.33480161 25.01905855 26.55260394 26.797784 27.04377952 27.23987612 27.4862772 27.30636317 26.68709116 26.2214425 25.60670299 25.04296945 24.66118312 24.47832258 24.29863984 24.28684494 24.38763727 24.45990931 24.56369104 24.74668633 24.81901978 25.02753328 25.24637511 25.41372883 25.74290444 -9999 -9999 -9999 -9999 -9999 -9999 -9999 -9999 -9999 -9999 -9999 -9999 -9999 -9999 -9999 -9999 -9999 -9999 -9999 -9999 -9999
-9999 -9999 -9999 -9999 -9999 23.90786021 22.89630437 21.79640275 21.10365753 20.46292747 19.7181362 19.0589491 18.1646664 17.51753401 16.93290349 17.37673432 18.67263803 20.46233902 23.07258127 25.58751672 26.92449646 26.89178821 26.64337196 26.45086524 26.30242798 25.80337397 25.00057889 24.32144304 23.82278069 23.43506453 23.10368551 22.90146053 22.70103156 22.78303943 22.9307395 23.08538179 23.27172273 23.47807453 23.65419848 23.90989087 24.28513942 24.71079087 25.2094536 25.55192873 -9999 -9999 -9999 -9999 -9999 -9999 -9999 -9999 -9999 -9999 -9999 -9999 -9999 -9999 -9999 -9999 -9999 -9999 -9999 -9999
-9999 -9999 -9999 -9999 -9999 23.96914323 22.46546894 20.88200586 19.72821139 18.85291928 18.07764691 17.72725455 17.41236405 16.9070778 16.46133895 17.39193199 19.30841478 21.4895002 23.60785715 25.39662294 26.34340261 26.26833561 25.81882383 25.33361324 24.70576247 23.90082493 23.08040087 22.1973848 22.05289313 22.1496571 21.92751359 21.53073355 21.33491381 21.42156976 21.51607513 21.74918783 22.01367646 22.11170814 22.40760584 22.60635306 23.10105401 23.73865993 24.42626752 25.15303942 25.76836401 -9999 -9999 -9999 -9999 -9999 -9999 -9999 -9999 -9999 -9999 -9999 -9999 -9999 -9999 -9999 -9999 -9999 -9999 -9999
-9999 -9999 -9999 -9999 -9999 23.90177732 22.06966734 20.13960973 18.73964817 17.71768301 17.02195064 16.88975862 16.88748082 16.9187509 17.1741807 18.38520148 20.38074341 22.34043092 23.9843241 25.06303011 25.6295033 25.48098411 24.88265141 24.25664435 23.33667758 22.38813912 21.4716839 20.67003611 20.5443622 20.56450325 20.41356678 20.19260335 20.0036502 20.25177952 20.50973854 20.81624721 21.15825573 21.25091116 21.39854203 21.44612028 21.95505015 22.77646199 23.6796507 24.67520958 25.5010839 26.0173041 26.12161605 26.08800403 26.01928773 25.98920079 25.94675122 25.88045598 -9999 -9999 -9999 -9999 -9999 -9999 -9999 -9999 -9999 -9999 -9999 -9999
-9999 -9999 -9999 -9999 -9999 23.85444694 21.70463674 19.378554 17.99067943 16.86300136 16.26168894 16.34372672 16.53851526 17.29918954 18.21165998 19.69028796 21.52681203 23.37846026 24.28715114 24.81670413 24.98092906 24.68563499 24.15994614 23.31746446 22.27827315 21.24854343 20.2917722 19.36906778 19.22522882 19.0646602 18.94950972 18.90327524 18.74380344 19.31635563 19.85295002 20.30311293 20.64614119 20.80612454 20.74967931 20.52007911 20.99641864 22.02842476 23.00975466 24.18201745 25.21436102 25.81522924 25.90905573 25.88896759 25.78463677 25.69636989 25.63024039 25.61230223 25.71602999 25.71030923 25.88053664 -9999 -9999 -9999 -9999 -9999 -9999 -9999 -9999 -9999
-9999 -9999 -9999 -9999 -9999 23.7478863 21.48155768 19.20068986 17.63536926 16.66761267 16.16177338 16.25172213 16.88006651 18.0077296 19.45125659 20.98189568 22.4733969 23.65902678 24.33117371 24.50073946 24.45653953 24.09378339 23.38197304 22.70536116 21.71250872 20.74893755 19.92563685 18.99302857 18.74675072 18.42233966 18.30174211 18.42317129 18.44529399 19.12741452 19.63150967 20.20130707 20.83489264 20.88066124 20.84082369 20.44130451 20.84179542 21.8713323 22.84671762 23.9954932 24.82069921 25.38634376 25.59164336 25.55752394 25.47287223 25.33730321 25.22635289 25.12097248 25.13757076 25.18874267 25.37291388 25.56092161 -9999 -9999 -9999 -9999 -9999 -9999 -9999 -9999
-9999 -9999 -9999 -9999 -9999 23.71680261 21.25816524 18.8847513 17.47696242 16.63228462 16.31171862 16.53078365 17.17180898 18.86748479 20.69754292 22.15854615 23.11025153 23.98369774 24.24623025 24.23004877 24.04465739 23.60508562 22.88489274 22.53393789 21.70916932 20.95037973 20.30928107 19.10448898 19.17238329 18.70811172 18.61399609 18.91166077 18.63882313 19.65905168 20.12245294 20.79978926 21.64915168 21.66787371 21.93580614 21.27453223 21.52145175 22.57827061 23.08307636 24.04593267 24.64010851 25.02888025 25.21285953 25.24339481 25.08988105 24.90877035 24.74069253 24.55027738 24.39011894 24.49614972 24.67471628 24.98898934 25.45446629 25.92428018 -9999 -9999 -9999 -9999 -9999 -9999
-9999 -9999 -9999 -9999 -9999 23.19195764 20.88454807 18.7638539 17.4223726 16.849401 16.73218485 17.12642875 18.18903644 19.86769582 21.73244799 22.99783868 23.52135075 23.74520111 23.89107146 23.8489651 23.73111226 23.50986944 23.1893708 22.97092607 22.68499581 22.21881773 21.68873934 21.14852101 20.69579574 20.41383644 20.34984598 20.524979 20.85269615 21.16129739 21.62585253 22.35877556 23.33615247 24.12102336 24.10300482 23.9034306 23.95724662 24.12305326 24.4420076 24.54862936 24.62864737 24.73276696 24.81858034 24.77941973 24.67068186 24.40126918 24.20291798 24.06393042 23.90907261 23.90011425 23.97940871 24.36537597 25.06171662 25.62653974 -9999 -9999 -9999 -9999 -9999 -9999
-9999 -9999 -9999 -9999 -9999 22.46935353 20.32569658 18.31551923 17.52002642 17.12635544 17.20864754 17.89292564 18.94451465 20.7177622 22.5856898 23.63936479 23.604513 23.54005642 23.61200632 23.57346297 23.5462565 23.52731707 23.56647464 23.4861035 23.70172945 23.46999751 22.99423423 23.0392191 22.18652488 22.07161168 22.04484137 22.12470917 22.92410858 22.62830048 23.03234674 23.72696306 24.70443771 26.4024005 25.74992018 25.99108232 25.89647593 25.28788194 25.58247643 24.89243 24.58456902 24.49978491 24.52359732 24.49588023 24.44469437 24.12349616 23.94234044 23.88269839 23.5878777 23.59601826 23.49601234 23.88003705 24.75701174 25.47674797 -9999 -9999 -9999 -9999 -9999 -9999
-9999 -9999 -9999 -9999 -9999 20.93622866 19.58660967 18.52179731 17.88484991 17.76597999 18.10471296 18.85736105 19.95434942 21.35580696 22.64914318 23.43340436 23.56328918 23.48142729 23.5077914 23.53816122 23.57667017 23.60524074 23.67512072 23.78203203 23.91177929 23.78164668 23.4349349 23.16112858 22.79439133 22.71017872 22.71666527 22.82589426 23.20021312 23.31973665 23.70910043 24.22557742 24.80926393 25.47047528 25.57724503 25.58853553 25.46104323 25.13571718 24.93134367 24.616116 24.45735057 24.40714259 24.49428899 24.57469643 24.54358654 24.4191919 24.26593749 24.10577509 23.92105931 23.67578521 23.56572228 23.87079615 24.56612994 25.26165308 -9999 -9999 -9999 -9999 -9999 -9999
-9999 -9999 -9999 22.24119193 20.51692147 19.26881674 18.70422623 18.48329427 18.47428661 18.73770827 19.29485726 20.06775814 20.92293378 21.85890644 22.69065173 23.25058444 23.36853944 23.40620175 23.49788899 23.55680863 23.61887514 23.66571353 23.72041259 23.82748181 23.92373346 23.77938223 23.42586558 23.07214318 22.85555264 22.83217519 22.85131948 22.93942422 23.2135371 23.48468514 23.84256235 24.16714953 24.32867069 24.45422044 24.62639844 24.5842068 24.50969372 24.35743944 24.15467925 24.17268393 24.2143805 24.31896306 24.56814401 24.72581934 24.73793539 24.72905445 24.58983451 24.36442326 24.21463489 23.85557321 23.65041685 23.85034247 24.39648058 25.08446977 25.51801474 -9999 -9999 -9999 -9999 -9999
-9999 -9999 22.73193348 20.80120068 18.78778566 17.79944577 17.84435731 18.35285453 19.2644144 20.38073259 21.17315243 21.56580349 22.00211633 22.40739071 22.75505881 23.06616577 23.23702208 23.34691689 23.49056942 23.59468477 23.68902748 23.73772646 23.78813248 23.90308922 23.96056873 23.82276812 23.50412297 23.17862827 22.97348559 22.86909777 22.889474 23.03248219 23.26022117 23.56979381 23.84516779 24.02453185 24.07769495 24.01268411 24.02496115 23.93512405 23.88253784 23.85851667 23.82040347 23.92864443 24.09257194 24.3063399 24.58424762 24.80083303 24.79036732 24.69159011 24.54087335 24.3361162 24.12940519 23.83744239 23.66373103 23.77701476 24.11812156 24.60824222 25.22301347 25.76769591 -9999 -9999 -9999 -9999
-9999 -9999 21.63535816 19.57249001 17.53642894 16.83171762 17.5327712 18.47110481 19.99451017 21.70534607 22.58475842 22.62567034 22.80297211 22.81441884 22.82692532 22.98284946 23.13002231 23.30305948 23.47150325 23.62184401 23.74792525 23.79884658 23.85205976 23.95744575 24.02567771 23.89848495 23.60472936 23.29025897 23.0938088 22.97662477 22.99155703 23.13574534 23.3473898 23.66051215 23.90992155 24.03204933 23.96742516 23.79049352 23.76674022 23.61832999 23.55316937 23.5793404 23.58052064 23.75927953 23.99914282 24.25327495 24.53950886 24.76396029 24.69108453 24.54398135 24.38478549 24.19197203 24.00585943 23.78395192 23.61920197 23.69303331 23.92194408 24.29276881 25.03376938 25.7021305 -9999 -9999 -9999 -9999
23.68734279 22.13886058 20.3324607 18.60023167 17.23597896 16.97734946 17.7494376 19.17757845 20.76197763 22.28877868 23.17809449 23.20356412 23.01325042 23.01161661 23.00642556 23.04342532 23.1651458 23.25520124 23.49085563 23.67254546 23.80499263 23.8737533 23.91308404 24.00392074 24.03970002 23.95167059 23.73564719 23.47977055 23.32910224 23.21764336 23.24098107 23.40050694 23.57887764 23.84850423 24.04864798 24.09876406 24.03285505 23.86115672 23.73047167 23.55396134 23.47353352 23.45963104 23.47010937 23.69250618 23.92402117 24.15982394 24.40450525 24.51278698 24.49470454 24.34986813 24.20029287 24.05442887 23.90134817 23.72873977 23.63016538 23.70371448 23.90206327 24.31628991 24.93972314 25.62676662 -9999 -9999 -9999 -9999
22.67285452 21.05886339 19.38432285 18.09887468 17.21432185 17.21141164 18.19540354 19.64348586 21.19588389 22.7218427 23.56504861 23.47390796 23.29185569 23.32185013 23.29479461 23.33673462 23.40561603 23.43968396 23.63241814 23.79207696 23.89475339 23.9435104 23.96341202 24.02098854 24.05594991 24.01105887 23.88069479 23.74857105 23.69466962 23.64774958 23.68607349 23.8063085 23.91908613 24.08900081 24.22041045 24.23643247 24.14649177 23.99458712 23.85286078 23.66450172 23.5788047 23.57052651 23.57111291 23.7736553 23.96493 24.13435411 24.29244673 24.33752666 24.31378112 24.19142348 24.0575647 23.92034296 23.78206653 23.66873968 23.63903929 23.75331296 23.95598661 24.30742735 24.81940729 25.38593218 25.80036811 -9999 -9999 -9999
21.27263372 20.07374077 18.7539904 17.88505939 17.42432507 17.70479645 18.58596319 19.84528355 21.48642873 22.96819097 23.78326849 23.81698262 23.71782737 23.69836833 23.76998156 23.79737155 23.78202229 23.86126236 23.89400836 23.95727394 24.0040159 23.99968159 24.00820952 24.02503305 24.04092244 24.04877891 24.05162723 24.08780523 24.10151554 24.22801598 24.28068116 24.25462167 24.33112318 24.34168308 24.37050595 24.34181832 24.25302298 24.15124993 24.02178168 23.91460372 23.85531348 23.85341144 23.91990368 24.02148157 24.13476623 24.21307628 24.26052938 24.2347704 24.20725042 24.10505519 23.97218253 23.79753401 23.63612307 23.63017892 23.67714066 23.82420556 24.0452851 24.32373592 24.63105967 24.91183468 25.25153156 25.62855213 25.92036931 -9999
