meets/meet004/data/CCSM_0k_neotropic_bio14.asc
NCOLS 154 
NROWS 168 
XLLCORNER -112 
YLLCORNER -55.5 
CELLSIZE 0.5 
NODATA_value -9999 
[rows 29 to 57 of 168, columns 64 to 127 of 154]
-9999 -9999 -9999 -9999 -9999 -9999 -9999 -9999 -9999 -9999 -9999 -9999 -9999 -9999 -9999 -9999 -9999 -9999 -9999 -9999 -9999 -9999 -9999 -9999 -9999 -9999 -9999 -9999 -9999 -9999 -9999 -9999 -9999 -9999 -9999 -9999 -9999 9.652350556 -9999 -9999 -9999 -9999 -9999 -9999 -9999 -9999 -9999 -9999 -9999 -9999 -9999 -9999 -9999 -9999 -9999 -9999 -9999 -9999 -9999 -9999 -9999 -9999 -9999 -9999
-9999 -9999 -9999 -9999 -9999 -9999 -9999 -9999 -9999 -9999 -9999 -9999 -9999 -9999 -9999 -9999 -9999 -9999 -9999 -9999 -9999 -9999 -9999 -9999 -9999 -9999 -9999 -9999 -9999 -9999 -9999 -9999 -9999 -9999 -9999 -9999 -9999 9.212808111 -9999 -9999 -9999 -9999 -9999 -9999 -9999 -9999 -9999 -9999 -9999 -9999 -9999 -9999 -9999 -9999 -9999 -9999 -9999 -9999 -9999 -9999 -9999 -9999 -9999 -9999
-9999 -9999 -9999 -9999 -9999 -9999 -9999 -9999 -9999 -9999 -9999 -9999 -9999 -9999 -9999 -9999 -9999 -9999 -9999 -9999 -9999 -9999 -9999 -9999 -9999 -9999 -9999 -9999 -9999 -9999 -9999 -9999 -9999 -9999 -9999 -9999 -9999 -9999 -9999 -9999 -9999 -9999 -9999 -9999 -9999 -9999 -9999 -9999 -9999 -9999 -9999 -9999 -9999 -9999 -9999 -9999 -9999 -9999 -9999 -9999 -9999 -9999 -9999 -9999
-9999 -9999 -9999 -9999 -9999 -9999 -9999 -9999 -9999 -9999 -9999 -9999 -9999 -9999 -9999 -9999 5.396740067 -9999 -9999 -9999 -9999 -9999 -9999 -9999 -9999 -9999 -9999 -9999 -9999 -9999 -9999 -9999 -9999 -9999 -9999 -9999 8.513207423 -9999 -9999 -9999 -9999 -9999 -9999 -9999 -9999 -9999 -9999 -9999 -9999 -9999 -9999 -9999 -9999 -9999 -9999 -9999 -9999 -9999 -9999 -9999 -9999 -9999 -9999 -9999
-9999 -9999 -9999 -9999 -9999 -9999 -9999 -9999 -9999 -9999 -9999 -9999 -9999 -9999 6.729992254 7.453902787 7.362674883 -9999 -9999 -9999 -9999 -9999 -9999 -9999 -9999 -9999 -9999 -9999 -9999 -9999 -9999 -9999 -9999 -9999 -9999 -9999 -9999 -9999 -9999 -9999 -9999 -9999 -9999 -9999 -9999 -9999 -9999 -9999 -9999 -9999 -9999 -9999 -9999 -9999 -9999 -9999 -9999 -9999 -9999 -9999 -9999 -9999 -9999 -9999
-9999 -9999 -9999 -9999 -9999 -9999 -9999 -9999 -9999 -9999 2.82067542 3.901458499 5.431799566 7.033695841 8.65954801 9.626753523 -9999 -9999 11.27152177 11.83567141 12.17815559 12.11269223 11.71627043 -9999 -9999 -9999 -9999 -9999 -9999 -9999 -9999 -9999 -9999 -9999 -9999 -9999 -9999 -9999 -9999 -9999 -9999 -9999 -9999 -9999 -9999 -9999 -9999 -9999 -9999 -9999 -9999 -9999 -9999 -9999 -9999 -9999 -9999 -9999 -9999 -9999 -9999 -9999 -9999 -9999
-9999 -9999 -9999 -9999 -9999 -9999 -9999 -9999 -9999 2.115200552 3.090991856 4.549360085 6.786041223 7.81039411 9.626315497 10.96919272 11.89270513 13.47038197 13.85544424 14.70589833 14.95054962 14.62425175 14.64838087 12.75457136 -9999 -9999 -9999 -9999 -9999 -9999 -9999 -9999 -9999 -9999 -9999 -9999 -9999 -9999 -9999 -9999 -9999 -9999 -9999 -9999 -9999 -9999 -9999 -9999 -9999 -9999 -9999 -9999 -9999 -9999 -9999 -9999 -9999 -9999 -9999 -9999 -9999 -9999 -9999 -9999
-9999 -9999 -9999 -9999 -9999 -9999 -9999 -9999 -9999 1.930699183 2.800494419 3.992300189 5.460332076 7.05360191 8.807530357 10.42291428 11.51409436 12.69452306 13.61714133 14.51250955 14.58576454 14.25516865 13.49486009 12.2918599 10.9479675 9.962534936 9.163351444 8.642502527 8.484474187 8.437153471 8.867868596 9.624701544 10.54857183 11.24281561 11.72122776 -9999 -9999 -9999 -9999 -9999 -9999 -9999 -9999 -9999 -9999 -9999 -9999 -9999 -9999 -9999 -9999 -9999 -9999 -9999 -9999 -9999 -9999 -9999 -9999 -9999 -9999 -9999 -9999 -9999
-9999 -9999 -9999 -9999 -9999 -9999 -9999 -9999 -9999 1.685355917 2.322123813 3.10318962 4.129622187 5.943356962 7.679231409 9.346861341 10.77995287 11.58960295 12.62813252 12.89162246 12.72375975 12.05164128 10.80403161 9.857591701 8.878600323 8.315101971 8.400410961 8.547329843 8.875526056 9.295663304 10.03043689 11.17412499 12.42902359 13.12349785 13.67164028 13.5683428 12.44504618 -9999 -9999 -9999 -9999 -9999 -9999 -9999 -9999 -9999 -9999 -9999 -9999 -9999 -9999 -9999 -9999 -9999 -9999 -9999 -9999 -9999 -9999 -9999 -9999 -9999 -9999 -9999
14.32959075 12.21328985 11.19664047 8.327858278 -9999 -9999 -9999 -9999 1.756808481 1.78433999 2.090414899 2.58890499 3.450515222 5.252289977 7.092916318 9.108127905 10.86092241 11.57676212 12.29879004 12.1789546 11.43739837 10.11119337 8.284262999 7.523303589 6.722530409 6.509904236 7.056897303 7.596545649 8.606339143 9.777750216 10.73298303 12.0529732 13.41783511 14.45585271 15.34979715 15.4564933 14.49813043 13.38703037 -9999 -9999 -9999 -9999 -9999 -9999 -9999 -9999 -9999 -9999 -9999 -9999 -9999 -9999 -9999 -9999 -9999 -9999 -9999 -9999 -9999 -9999 -9999 -9999 -9999 -9999
13.98441273 -9999 -9999 9.489833648 7.328918376 5.574564859 3.995455086 2.902438579 2.421759805 2.179622767 2.21925708 2.492993685 3.193977566 5.387986115 7.636396904 9.958574172 12.16068257 12.83983977 13.10487715 12.35304254 11.13221395 9.17242637 6.925292925 6.098114387 5.450656534 5.613244907 6.666722996 7.34542056 8.697975024 10.08649944 11.5626056 13.23440223 14.46335722 15.82672932 16.95969031 17.42277999 17.09370518 16.26163208 -9999 -9999 -9999 -9999 -9999 -9999 -9999 -9999 -9999 -9999 -9999 -9999 -9999 -9999 -9999 -9999 -9999 -9999 -9999 -9999 -9999 -9999 -9999 -9999 -9999 -9999
-9999 -9999 -9999 8.64120902 8.095161333 7.092843369 5.826933444 4.284565025 3.556490175 2.940882046 2.829688451 3.060863175 3.971538785 6.908008108 9.617022399 12.60045537 15.48090167 15.56256754 14.87586822 13.34261455 10.95654744 8.599834318 6.873142203 5.916043206 5.539368012 5.886338374 6.656703851 7.94395089 9.592459201 10.85088861 12.48958569 14.13754928 15.49924517 16.99686088 18.33730458 19.10451234 19.51703596 19.51761309 18.55595659 17.45097662 15.96327727 -9999 -9999 -9999 -9999 -9999 -9999 -9999 -9999 -9999 -9999 -9999 -9999 -9999 -9999 -9999 -9999 -9999 -9999 -9999 -9999 -9999 -9999 -9999
-9999 -9999 -9999 8.471567386 9.361709067 9.190400498 8.245743795 6.43571436 5.539449447 4.614428774 4.520680288 5.052300317 6.511625505 10.21648488 14.05595637 17.52963136 20.22855473 19.95872502 17.28498765 13.1936557 9.806791512 7.584191712 6.637701844 5.952956725 5.769426143 6.243618599 7.309747307 8.899865568 10.95788681 12.79916189 14.65474062 16.44149759 17.56618915 19.06307672 20.25649114 21.43620448 22.54319605 23.08634293 22.89260332 22.17390295 20.91030809 18.66633915 -9999 -9999 -9999 -9999 -9999 -9999 -9999 -9999 -9999 -9999 -9999 -9999 -9999 -9999 -9999 -9999 -9999 -9999 -9999 -9999 -9999 -9999
-9999 -9999 -9999 -9999 11.2870017 11.74597334 12.20169168 10.04158768 8.718394796 7.26497453 6.874647066 8.065923284 10.66386051 14.842575 20.22260214 23.57690739 25.08624016 25.1096782 18.40726361 11.35117948 7.432175516 6.522969765 6.295040049 6.159341144 5.983985858 6.647823834 8.139124912 10.08992723 12.74761069 15.5410236 17.73796934 19.13057938 20.49720111 21.51867137 22.78010308 23.97761665 25.44129239 26.48485266 27.05804414 27.23270075 26.3209689 24.09749106 21.75910608 -9999 -9999 -9999 -9999 -9999 -9999 -9999 -9999 -9999 -9999 -9999 -9999 -9999 -9999 -9999 -9999 -9999 -9999 -9999 -9999 -9999
-9999 -9999 -9999 -9999 -9999 20.75939024 19.74656267 15.86188578 13.96065376 11.6509543 10.56250681 11.3865194 14.15094747 18.83525546 24.35320846 26.85641123 26.41354957 23.90773493 17.05055435 10.1461602 6.691708871 6.406702126 6.843939454 6.967249427 6.815876796 7.52745992 9.208057473 11.42191885 14.16967071 17.23355656 19.56083648 21.68783849 22.74483324 23.7987134 24.91758219 26.06289916 27.70232017 29.40624681 31.04926996 32.00089859 31.85286822 30.02360353 27.2924884 23.6301649 -9999 -9999 -9999 -9999 -9999 -9999 -9999 -9999 -9999 -9999 -9999 -9999 -9999 -9999 -9999 -9999 -9999 -9999 -9999 -9999
-9999 -9999 -9999 -9999 -9999 35.4583927 33.0759809 25.13246357 20.32268454 17.50196649 15.27282889 14.95962872 16.25611647 21.02221155 26.63937792 27.71065239 24.13254427 19.03518319 14.30826915 9.251540616 7.03884892 7.805957898 8.240573337 8.854534182 8.305505344 8.911454184 10.75382559 12.71712156 15.28265254 18.11793119 20.26985753 23.37287212 24.61041342 25.34624673 26.31090232 27.34417554 29.21075642 31.61096671 33.94246296 36.25310783 36.65669139 34.93506266 32.40234182 28.50480377 24.71486625 -9999 -9999 -9999 -9999 -9999 -9999 -9999 -9999 -9999 -9999 -9999 -9999 -9999 -9999 -9999 -9999 -9999 -9999 -9999
-9999 -9999 -9999 -9999 -9999 66.44710488 54.39296686 38.36326364 29.37708165 23.87613169 20.02139539 18.38138027 18.96478469 21.64623735 24.42180994 24.20201926 20.57659069 16.01366902 12.71513882 9.886105164 9.597284118 11.61016925 12.63821749 13.10273593 12.22281272 12.10008448 13.35777954 14.47788084 16.4226288 18.93173928 21.18957354 23.91720062 26.40812729 26.34418095 26.69948856 27.09145545 28.81077738 31.25682921 34.64952369 38.04517745 39.33975373 38.00073588 35.46466476 32.03553862 28.36763522 25.50831759 23.06604241 21.37667412 20.80231324 20.28354018 20.12843542 19.45301172 -9999 -9999 -9999 -9999 -9999 -9999 -9999 -9999 -9999 -9999 -9999 -9999
-9999 -9999 -9999 -9999 -9999 107.0769757 81.37918975 53.03142871 38.22929962 30.04028123 24.47609156 21.68362197 21.06564853 21.54111298 21.56112107 20.19240421 17.58396875 13.84894755 13.2523359 12.56943737 14.61780048 18.02594662 19.17755123 20.28694217 18.53399631 17.15399367 17.41595885 16.97543575 18.15608409 19.84011278 22.57204848 24.48425168 26.39013657 26.76370609 26.02542741 25.81466574 26.84320687 28.912609 33.31173994 38.05045025 39.89616211 38.75361138 37.09673926 33.65057355 30.51738875 28.15618196 26.58 26.07908062 25.61223135 25.87392407 25.95928618 25.3885624 24.9522497 23.00723875 20.87624921 -9999 -9999 -9999 -9999 -9999 -9999 -9999 -9999 -9999
-9999 -9999 -9999 -9999 -9999 147.2362335 107.7780416 68.23828476 44.58991073 33.98467918 27.24500626 24.33381588 23.25794398 22.23336041 20.60240354 19.19930176 17.81785285 16.48532334 17.83585977 19.50478605 24.3383533 31.01675688 34.0712164 34.3665787 30.56194631 26.28904686 23.40572998 20.72098881 20.00570012 21.05348226 22.94840141 24.42450026 25.13010733 24.83372721 24.56807049 24.26854913 24.81376656 26.48555783 30.27466918 34.59151371 36.92058178 36.77062143 35.72233433 33.70491452 31.35078392 29.88315725 29.30456745 29.11994504 29.47432266 30.13025147 30.7526368 30.84971292 30.61108246 29.30969717 27.23646586 24.90861308 -9999 -9999 -9999 -9999 -9999 -9999 -9999 -9999
-9999 -9999 -9999 -9999 -9999 185.3610222 127.9671994 74.52470331 49.49917383 36.59246367 29.12797389 27.18818736 25.73121815 24.10948251 21.62246777 20.40114632 20.46780307 21.00934233 25.86797956 30.13504442 38.40198129 48.89994771 54.19655653 53.15002002 46.38965858 38.20962017 30.92882991 24.22260548 20.96902495 21.16961097 21.58108517 22.74277603 23.30808687 21.61517293 20.92252469 20.32982728 20.12063529 21.94673597 26.4431038 30.27279838 32.7170544 33.46246956 33.73041075 32.58583265 31.37409158 30.61637737 30.71235057 31.27091888 32.25584606 33.32893561 34.39902338 35.51462974 36.11927985 35.18489561 33.96275423 31.66680148 28.2498376 24.36996248 -9999 -9999 -9999 -9999 -9999 -9999
-9999 -9999 -9999 -9999 -9999 192.31654 134.6363252 83.60226783 52.59042142 39.45904698 32.22533978 30.77190116 30.44911117 28.28225528 25.16508268 25.10791454 27.66914929 31.71095717 39.03469155 47.61242935 59.5495225 73.39624923 80.54182518 77.66099275 66.78710195 53.33048727 39.33122167 27.47466035 21.3332499 18.6629978 17.36273328 17.55419454 17.75303151 17.23105927 16.23738816 15.57309709 15.27164581 15.88108054 19.33042907 22.89746478 26.00225643 28.17934509 28.92442796 29.87343879 30.57329092 31.5022509 32.00098925 32.78011274 33.82646144 32.98694156 33.85160271 35.72835094 37.6620843 39.43749793 40.20542785 38.65989869 35.26311729 31.38476283 -9999 -9999 -9999 -9999 -9999 -9999
-9999 -9999 -9999 -9999 -9999 187.3087824 130.1213782 79.91705045 55.04919999 41.39625774 35.12010336 35.11945472 36.27011089 34.11557085 31.22328857 32.46024364 38.04372321 44.00278006 55.74948453 68.10148489 83.04623731 100.0405357 111.0822076 102.885343 87.75353671 69.83168482 48.99276142 30.10992533 22.63446486 17.23913039 14.16764783 13.37799234 11.09803848 12.81824926 12.66326131 12.01070149 11.7928966 10.66852003 14.17678589 15.82354472 18.55460361 22.19357827 23.31902558 26.67822338 28.95691817 31.00239804 33.31872735 30.59932376 28.7346972 28.24463722 29.34490708 31.41428818 33.9632682 36.34418226 38.2035841 38.47278625 36.61508956 34.37192764 -9999 -9999 -9999 -9999 -9999 -9999
-9999 -9999 -9999 -9999 -9999 137.0298259 118.3775922 81.07916567 58.44728253 46.20580285 39.48526061 39.99468721 41.35975124 42.33543729 43.12279891 47.3995598 54.34087027 63.72271313 76.86525843 92.10131517 109.2028976 126.6267232 134.6213976 125.6356442 106.5113967 83.50868354 59.46026106 39.96403612 27.53855232 20.52785527 15.88037108 13.46766043 11.75546486 11.68772593 11.22593206 11.32951816 12.00506193 12.47216589 14.45906421 16.17605694 18.6186856 21.48025677 23.55112 26.45223955 28.7526809 31.00451216 30.92959009 26.47223445 24.78678738 24.20965542 25.38900849 27.78516922 30.48487674 33.12688663 35.36319201 35.75452145 33.73647596 31.01029626 -9999 -9999 -9999 -9999 -9999 -9999
-9999 -9999 -9999 125.3128283 114.8720658 112.4600953 93.78973046 82.76395425 66.29608014 53.47682597 45.81827924 46.33579261 48.25689468 52.50416982 57.17777613 64.23360484 73.42496721 84.1009388 99.94884481 116.902102 134.6789272 151.5969206 159.4178089 142.8504839 121.0970482 95.04182883 68.09060455 46.77784101 32.77509063 24.87791425 19.36289565 16.09329983 13.82714237 13.10261468 12.41070199 12.75499491 14.16070337 15.77596597 17.62163281 19.39135409 21.48254039 23.67689481 25.49622854 28.12676557 30.04986478 32.01172599 26.16740789 22.12404373 20.97306813 20.66093223 22.04685618 24.58362227 27.53205306 30.17636896 32.95346585 33.66774376 31.56173052 28.85293706 24.47956567 -9999 -9999 -9999 -9999 -9999
-9999 -9999 123.3821231 108.2708392 93.62090083 88.59948094 87.7059262 87.08066295 83.74016389 66.20706279 56.9317654 56.23366761 59.03198151 66.39904748 74.88844534 84.79136159 95.82404266 108.7316895 125.2786687 141.145735 139.5099829 133.9153729 129.5954437 120.4774105 110.6587966 100.7309974 73.32186219 51.26577957 37.36588798 29.46040048 23.64946789 20.28425509 18.08959039 16.73198764 15.90061954 16.53858251 18.58436498 21.06743669 22.98011621 24.70975066 26.67620079 28.55757786 29.97420351 31.89636125 33.34203698 27.78582885 22.88289084 19.42836719 18.47836832 18.57411422 20.04103391 22.62042035 25.58814632 28.51878559 31.14768433 32.06295805 30.70709057 28.17669511 23.73244305 18.9690559 -9999 -9999 -9999 -9999
-9999 -9999 99.55780801 84.31336502 74.89430086 75.75666499 77.29341167 86.61867053 90.07114603 81.41804963 71.62511564 71.97206355 74.89593661 84.69682743 94.549487 106.0007166 118.7570472 123.4336677 119.9457988 120.6268471 117.9207115 109.6433408 109.2324443 97.99526412 92.01617978 85.73308578 77.26469207 55.28544294 41.65703862 33.94238903 28.28609096 25.26639696 22.8860893 21.6764557 20.78561814 21.60557538 24.34520753 27.45790983 29.74059066 31.45840558 33.30657998 35.01482693 35.80611969 37.45061535 29.39581378 23.90302128 19.43412915 16.92581877 16.68257946 17.22453624 18.969824 21.6289633 24.56453328 27.46186049 30.37176134 31.62501588 30.356802 28.53380805 24.32885337 19.4508317 -9999 -9999 -9999 -9999
128.6544982 103.6608831 79.74649842 73.89223315 64.5636636 64.44535637 75.74412381 84.63997656 90.76355482 94.49546892 90.68548482 95.46610233 103.4142101 109.6721388 110.10589 110.5616284 110.666929 110.3666453 108.5796892 105.3499276 102.2386094 98.27758043 93.61069557 87.26321858 80.68271131 74.38431661 71.95839481 62.46538232 48.65695451 39.72642737 33.83151237 31.51079938 29.62021699 28.90507373 27.76504581 29.25875257 32.8741296 36.0884208 39.17781944 40.40628193 42.06476966 44.22447279 44.10733099 34.40624441 25.96966858 20.74938354 17.82536804 15.91366699 16.08116679 17.11991206 18.97381534 21.60212007 24.59053596 27.53564942 30.19848945 31.75308021 30.93144474 29.3849469 25.41611763 20.86844226 -9999 -9999 -9999 -9999
108.2721594 82.64482847 62.71102485 60.02602563 53.31690928 63.51298817 74.71260834 84.94777739 89.31043408 93.73258143 96.11892234 100.4727201 105.2410299 105.0675207 104.8156488 102.3117758 100.4289467 99.10405299 96.44682002 94.57888951 91.45468343 86.00303972 82.19028349 77.93146685 73.50965182 70.27027871 67.09036519 66.2853034 57.65705552 48.41743666 42.01244134 39.59318762 37.81122185 38.5347201 38.94483811 41.09809777 44.90535194 47.90124728 52.77397839 54.25921768 51.38012993 45.90363536 38.98531355 30.50837321 22.73068317 19.01767022 16.51960674 15.55782201 16.41209009 17.82777985 19.92370255 22.80328241 24.54675019 26.76616927 29.22446944 31.03461614 31.4908723 30.83689875 28.21506224 24.02294263 19.94713833 -9999 -9999 -9999
89.61736335 70.96604814 53.3748739 49.63903037 49.7340262 59.75841955 73.25292752 84.6810796 88.02032043 92.35220328 94.22688931 98.45771442 102.4460922 101.193629 99.51079168 97.1584388 94.06118992 92.55258092 89.8397631 86.4725091 83.59421129 79.64109003 76.74313155 73.64616543 70.96333292 67.6477259 66.49107141 66.67410505 66.61956992 59.35459449 53.02341238 51.32001958 50.05580397 52.74592596 54.01466478 57.60876288 58.6106754 54.92552571 51.06543701 46.8258934 43.51897395 40.73356756 35.0544991 27.45890847 20.9650201 17.64951682 16.33632368 16.13992795 17.4325519 19.49775086 21.67374223 24.45054141 25.2349733 27.30751604 29.57623034 31.40546585 32.28919734 32.23367566 30.75544414 28.51194863 25.31781751 20.84259895 16.95318401 -9999
