meets/meet004/data/CCSM_0k_neotropic_bio08.asc
NCOLS 154 
NROWS 168 
XLLCORNER -112 
YLLCORNER -55.5 
CELLSIZE 0.5 
NODATA_value -9999 
[rows 58 to 86 of 168, columns 64 to 127 of 154]
20.69449732 19.71395784 18.73189988 18.11792162 17.78523435 18.16095815 19.13429545 20.42027788 21.8976926 23.20406105 23.96731208 24.0267608 23.95995969 23.97294798 24.05464605 24.09140395 24.07402295 24.12155254 24.11030977 24.13647303 24.15264822 24.14064194 24.14232258 24.1482739 24.16708941 24.19883132 24.24400584 24.34593906 24.65145491 24.81392989 24.87107878 24.81927516 24.84559424 24.80828472 24.82714402 24.82440931 24.40099879 24.31842535 24.21662662 24.13841772 24.0931902 24.09254286 24.1360266 24.18501309 24.23166401 24.24055265 24.20607162 24.12221703 24.09009832 24.00490406 23.89402681 23.75433057 23.63818555 23.69195731 23.80398089 23.97576573 24.19053218 24.3907055 24.56934527 24.69099847 24.93849628 25.24817698 25.49736053 -9999
20.6884087 19.77931652 18.96286009 18.38903558 18.10107346 18.57076711 19.72610487 21.11230937 22.29701027 23.34486091 24.00094596 24.04226052 23.99439836 24.05258789 24.09870659 24.13531497 24.15346936 24.16198394 24.17820381 24.20065723 24.20436032 24.20348951 24.21247684 24.21728077 24.22836742 24.26598185 24.29452609 24.57686974 24.69410748 24.78395763 24.84792537 24.8658771 24.84667406 24.88153189 24.89841725 24.92017702 24.48929925 24.43157912 24.36873471 24.31328437 24.28880197 24.28764862 24.31774364 24.35909243 24.40903947 24.38666266 24.31408073 24.21333139 24.1477265 24.03285318 23.91789521 23.80701312 23.70346061 23.77279769 23.91196579 24.05668066 24.21199762 24.38428716 24.4939634 24.59441844 24.72332007 24.85187143 24.93686966 25.03719277
20.87810483 20.0928417 19.42168277 18.82246537 18.59250781 19.07209467 20.22805999 21.5699475 22.67873098 23.54006763 24.10241566 24.16046478 24.10810326 24.15899384 24.20328039 24.23416572 24.24360092 24.25264827 24.2606401 24.27613643 24.23702775 24.24564007 24.26439787 24.27798615 24.29877969 24.32799282 24.35244455 24.62697233 24.69913331 24.77065809 24.83333633 24.8737017 24.90467073 24.9558325 25.00135666 24.58899709 24.57366321 24.54985176 24.50229572 24.46562882 24.44160767 24.43105973 24.45972653 24.49099857 24.54313113 24.54041893 24.48822411 24.41898789 24.34122111 24.24577206 24.13321032 24.01062208 23.92658323 23.93201638 24.00778393 24.09690022 24.19867401 24.32570852 24.42806029 24.50456285 24.58194566 24.62881483 24.60965061 24.61243934
21.12619594 20.46295751 19.91258081 19.38976014 19.13889932 19.60315002 20.70836211 21.94686997 22.93160009 23.6647518 24.13358544 24.19085927 24.16865484 24.22255105 24.26532715 24.29344889 24.29705931 24.29678078 24.30764579 24.31684269 24.25411813 24.27722926 24.30186145 24.32726881 24.36196512 24.39156283 24.41153512 24.71633007 24.76194627 24.8138494 24.8803079 24.93930256 25.00595794 25.07427039 24.6395988 24.64931558 24.65256817 24.65958004 24.61317452 24.586808 24.56684765 24.54725589 24.56274346 24.58034738 24.64270158 24.64576135 24.63074456 24.65485355 24.5163369 24.49206286 24.3871004 24.21183911 24.18457867 24.07274838 24.06037761 24.08779455 24.14236928 24.24185622 24.32519604 24.42191451 24.45363845 24.44520376 24.43395826 24.36674605
21.34289326 20.80240546 20.41731586 19.93189675 19.76558823 20.18891169 21.14108604 22.24240123 23.1117931 23.7465727 24.18111683 24.25721129 24.23150177 24.28196978 24.32115815 24.34598773 24.34829036 24.34645386 24.34791443 24.35565967 24.36678373 24.30139292 24.33561238 24.35748823 24.38426071 24.41365259 24.43705388 24.78138685 24.82561805 24.88454076 24.95870012 25.02882438 24.63662658 24.65713993 24.67652703 24.6867615 24.68846825 24.69053478 24.66262223 24.64530203 24.62660637 24.30626935 24.32955852 24.61839948 24.65135976 24.6433156 24.61140225 24.59533433 24.50503905 24.45453916 24.35697463 24.22752925 24.16830974 24.07840781 24.0595102 24.05939102 24.07191517 24.13260437 24.19828563 24.2697258 24.29480685 24.27025097 24.22738084 24.17567091
21.43786766 21.00903352 20.8102293 20.40207438 20.27570956 20.70675737 21.59167449 22.56586674 23.339145 23.90013305 24.2633532 24.31094533 24.29792011 24.34215087 24.37757323 24.39622003 24.39546698 24.39544893 24.39261027 24.3938026 24.401595 24.32170199 24.36477692 24.370337 24.38095632 24.40457375 24.42928166 24.46734024 24.87495143 24.94731822 24.5827917 24.61544969 24.66168146 24.67951666 24.69789769 24.39726898 24.3850943 24.36675156 24.36578953 24.35953279 24.35492831 24.35467584 24.3625794 24.37088437 24.37776295 24.35441313 24.30182752 24.4147965 24.33520961 24.24719031 24.15717447 24.08421103 24.01534354 23.97674017 23.98813806 23.9735001 23.95655899 23.99077803 24.03503038 24.09288728 24.10489565 24.06797534 24.01601854 23.96929328
21.22087745 20.86626641 20.75628757 20.60453846 20.71649432 21.22343624 22.06289269 22.95220014 23.59627178 24.02461286 24.334089 24.3970768 24.3803212 24.4037574 24.41301658 24.42421072 24.43185658 24.43581354 24.43644023 24.43544689 24.43527408 24.43800575 24.34741951 24.35692067 24.36524869 24.3831549 24.40224005 24.43067262 24.45899187 24.49660993 24.54485162 24.3968301 24.41840788 24.42243885 24.42258413 24.42093413 24.41573671 24.41070476 24.39651318 24.38604177 24.37815898 24.37759972 24.37485402 24.36281294 24.33162998 24.26518506 24.175268 24.06404945 23.96929082 24.03780225 23.9488138 23.88795135 23.84369728 23.81192002 23.8020551 23.79112644 23.78064308 23.79793773 23.8432103 23.89458028 23.91189454 23.89695093 23.85318603 23.80613072
20.96591054 20.78749792 20.56187136 20.78667287 21.10833948 21.70016116 22.5188983 23.40641127 23.93377782 24.21444705 24.43330994 24.47816779 24.47563529 24.47769669 24.45769208 24.45833865 24.4742264 24.47749724 24.48206418 24.47848691 24.46702992 24.45186619 24.42701347 24.41367953 24.34710381 24.36038926 24.3743635 24.32559335 24.32590919 24.3214337 24.33866654 24.38136251 24.41920346 24.42491461 24.43217907 24.43894995 24.44400853 24.45412415 24.42561875 24.40621436 24.39225418 24.38933753 24.38445825 24.34655974 24.29191084 24.20104456 24.07691418 23.91866213 23.82723941 23.70842098 23.61776941 23.57951476 23.66051728 23.62742494 23.59934468 23.58542081 23.58445539 23.58257882 23.64829389 23.70305497 23.7212614 23.72058708 23.71876557 23.67656854
21.09423826 20.8563514 20.97755989 21.00373343 21.40667359 22.01761382 22.79234338 23.68736096 24.08640097 24.36048752 24.57140596 24.57088182 24.56166103 24.54773161 24.5311129 24.52315091 24.51982188 24.53012323 24.5198132 24.51069349 24.49377352 24.46961046 24.44533417 24.42081751 24.39397247 24.36857641 24.34813993 24.32696112 24.31872048 24.31613791 24.33077316 24.36363838 24.3942921 24.41603964 24.43215728 24.44401302 24.45111166 24.45339525 24.43460909 24.41560089 24.39619267 24.38376267 24.36086598 24.31464406 24.24475264 24.14256456 24.02905804 23.89234108 23.76519046 23.63591255 23.52669152 23.46170929 23.39663316 23.3637956 23.33265136 23.32525199 23.3422069 23.43303622 23.47194061 23.50411026 23.54573159 23.58446043 23.5872657 23.61120466
21.31588317 21.0370668 21.04231181 20.71849479 21.10650364 21.67674829 22.38191555 23.65408462 24.00819361 24.39966988 24.66389095 24.62157085 24.6243679 24.55925742 24.5611717 24.54926091 24.52765094 24.55558134 24.52407994 24.52179543 24.50780745 24.47888436 24.46278394 24.43541919 24.41157923 24.38704864 24.3636286 24.33956283 24.33256653 24.32696597 24.33558323 24.35808056 24.37684525 24.39903167 24.42135488 24.4336546 24.43865112 24.44333528 24.42247476 24.40554395 24.38415289 24.36562975 24.33791278 24.2740336 24.19806881 24.10111448 23.99722848 23.88381162 23.75276224 23.61507707 23.4935008 23.40856475 23.30998623 23.26325314 23.2223902 23.20005251 23.21051968 23.22122757 23.26474058 23.29729477 23.37953088 23.51727251 23.54612543 23.65338794
21.81021195 20.84954444 20.15925388 19.61404222 19.54906266 20.02546679 21.00198742 22.22998671 23.37353376 24.33911803 24.84816454 24.72162268 24.50258025 24.49825307 24.5178734 24.51097815 24.48713473 24.46420673 24.48352511 24.50276132 24.50269596 24.48743375 24.46344334 24.45783611 24.44623484 24.42726698 24.40546082 24.37916437 24.36767179 24.35879037 24.35710162 24.36496586 24.3733927 24.38586325 24.39528508 24.40091732 24.40419647 24.39919017 24.38726308 24.37017029 24.34688688 24.32872323 24.29079338 24.22398988 24.14402751 24.04684083 23.95873205 23.86474891 23.7465513 23.64036086 23.51224753 23.38839261 23.28974887 23.20117797 23.14119112 23.11075215 23.11593344 23.12269287 23.14765647 23.16703541 23.30300489 23.54455891 23.70554536 23.76856401
22.09271311 20.54087751 19.14035775 18.30136739 17.78579853 18.19188032 19.37047751 20.81486181 22.66837063 24.29375669 25.04136404 24.79726924 24.41411689 24.4300372 24.50314848 24.5047091 24.46320467 24.4040265 24.44759473 24.49547245 24.50911853 24.50149684 24.4805055 24.49239741 24.49933359 24.48590083 24.46108986 24.42815391 24.40913098 24.39561663 24.38564527 24.38031771 24.37595499 24.37691541 24.37313981 24.37077767 24.36948198 24.35868007 24.34862217 24.33095347 24.30761483 24.2914935 24.2478289 24.16976141 24.0805808 23.98600006 23.90310508 23.81653695 23.70300929 23.62139568 23.49143268 23.35024947 23.24062953 23.14042546 23.07251192 23.04125802 23.05244711 23.07691495 23.11610091 23.14801743 23.33410687 23.68450765 23.9441706 23.96780814
22.05975481 20.29898269 18.51962234 17.21478347 16.48874451 16.74222013 17.95014698 19.750612 22.1015477 24.28283102 25.32232622 24.96646634 24.42010435 24.44155364 24.59743886 24.61186977 24.52143142 24.43867687 24.47004652 24.52570478 24.54797039 24.54257054 24.53079532 24.55932092 24.58277918 24.57442983 24.53785644 24.48980482 24.4658051 24.44184228 24.41991132 24.40816411 24.3903284 24.3813819 24.36648451 24.35393179 24.34879482 24.33308444 24.32133334 24.30039822 24.27264968 24.25403913 24.20453566 24.1229035 24.0244732 23.90382965 23.79320126 23.69458268 23.57514722 23.4848333 23.36358746 23.23251229 23.13507837 23.0552798 23.01314086 23.01164386 23.04655135 23.0985975 23.20151144 23.32256051 23.56168518 23.90206921 24.13097352 24.20463253
22.14772883 20.29518965 18.19102365 16.60954838 15.39465297 15.51083379 16.80775996 18.77724325 21.59250839 24.26044997 25.47013307 25.01350388 24.41458384 24.49471625 24.71566948 24.73690457 24.60573463 24.49056211 24.51410765 24.57929816 24.60280952 24.59492637 24.5926334 24.63408387 24.67826088 24.67319483 24.62443452 24.56638439 24.53196144 24.50132297 24.47221019 24.44924732 24.42242409 24.40337312 24.3790976 24.36081094 24.3513918 24.3271976 24.30980034 24.28199319 24.24949943 24.22972666 24.17428247 24.08667765 23.9729368 23.81379164 23.65056118 23.49611851 23.34115008 23.25728448 23.15456847 23.05787557 23.00517762 22.98105601 22.97871277 23.01663788 23.07151658 23.18576646 23.3927832 23.61556515 23.8802603 24.18039853 24.38988871 24.4530439
-9999 20.6776336 18.68879676 16.43556602 14.62483763 14.42316569 15.78634215 18.02942548 21.0207021 23.90015531 25.33889761 25.00321827 24.46441946 24.54604612 24.80470222 24.84229837 24.68780951 24.55906887 24.56941956 24.63548394 24.6620664 24.65636633 24.66073063 24.71839653 24.77650499 24.77735035 24.72470212 24.65933783 24.61719858 24.58336743 24.54045775 24.50535855 24.47157741 24.4379179 24.41532399 24.38628218 24.36473871 24.34629582 24.3081165 24.27209308 24.23118738 24.20350649 24.15339621 24.07061089 23.94992595 23.74721451 23.48125042 23.20538424 23.09043268 22.9717789 22.90034102 22.90238824 22.8821353 22.93619345 22.9924656 23.07602658 23.14165146 23.29997531 23.6276687 24.02875208 24.3289943 24.49272253 24.61840876 24.69800908
-9999 -9999 19.27341381 16.68330195 14.32725686 13.8936789 15.15647575 17.37954002 20.39864004 23.35865199 24.89715548 24.76462394 24.42962838 24.57880626 24.83820937 24.87633453 24.73272305 24.61548738 24.62267449 24.68405633 24.71219046 24.71394952 24.73209088 24.79576159 24.86277575 24.8704541 24.8176812 24.75566151 24.70646179 24.66471363 24.61501712 24.56431899 24.51864185 24.47048173 24.43701346 24.39974321 24.37308363 24.34698306 24.2978881 24.25426878 24.20504348 24.17588945 24.12010286 24.03666317 23.90895264 23.68765537 23.39215179 23.09343939 22.98229585 22.8796991 22.82729293 22.86447979 22.86675386 22.94578308 23.03540116 23.13398227 23.21052518 23.40161833 23.80487116 24.29619016 24.62246503 24.736586 24.8353972 24.90972439
-9999 -9999 -9999 17.22968003 14.59027067 13.79691485 14.79719606 16.82275705 19.56496802 22.5122908 24.19213773 24.30681099 24.37486212 24.58159399 24.76391119 24.85466991 24.75142002 24.67226534 24.67913019 24.71718539 24.7501827 24.77553116 24.80778862 24.86959774 24.92665005 24.93144242 24.89464605 24.84537857 24.77829695 24.73250589 24.66144436 24.59213523 24.53982587 24.46116378 24.42165386 24.37388746 24.33451298 24.31416197 24.26208796 24.21963553 24.17166141 24.13315476 24.07149047 23.98187504 23.85357023 23.65598089 23.41860948 23.18569068 23.07366513 23.00845092 22.97033834 22.97060193 22.98351731 23.04713372 23.09690989 23.20597567 23.28978038 23.47139457 23.93439181 24.4076965 24.73424544 24.90437005 24.99903745 25.01952997
-9999 -9999 -9999 17.79174831 15.11256517 14.10531808 14.64793716 16.30581868 18.64978831 21.30866515 23.06903384 23.69953405 24.0797391 24.43762954 24.6838046 24.82812088 24.77269261 24.72905733 24.74251796 24.77226737 24.80622987 24.83958263 24.87876367 24.93307966 24.9701828 24.9624716 24.91590278 24.85364112 24.79357898 24.72981162 24.63804421 24.5381567 24.44692036 24.36743555 24.31753768 24.26791096 24.23411344 24.21244408 24.18646231 24.16269741 24.12702625 24.09522776 24.03282477 23.94527239 23.8329455 23.68214558 23.5155229 23.36019546 23.27881333 23.22828736 23.18852969 23.17611946 23.17153857 23.1998352 23.23782839 23.34162405 23.45224193 23.66046257 24.09494786 24.53681943 24.83544347 24.96838165 25.01686884 25.01065393
-9999 -9999 -9999 18.39601247 15.764424 14.52637767 14.73089525 15.61193624 17.40825785 19.79010355 21.49350484 22.4251099 23.6494511 24.08104427 24.43330995 24.75832832 24.72822377 24.78759262 24.78662727 24.81357404 24.8714526 24.91379474 24.95729336 25.0218628 25.01947712 24.99781538 24.94480238 24.82475302 24.8064647 24.71797753 24.60730673 24.49175276 24.29680098 24.2820853 24.20145361 24.14129125 24.14827235 24.07740682 24.08748463 24.10627644 24.07903926 24.04742906 24.00345008 23.91117894 23.8224975 23.72712284 23.63325348 23.57322905 23.48897565 23.45426004 23.42455481 23.38983575 23.41118092 23.42677666 23.44233113 23.5705312 23.73557155 23.94302351 24.35989236 24.74467726 24.96330955 25.01387177 24.95418328 24.90868135
-9999 -9999 -9999 -9999 16.71259936 15.37199376 14.96409449 15.29261025 16.16173721 17.66420969 19.17305037 20.53874811 22.0804225 23.17143877 24.05216715 24.63501798 24.66353516 24.66010281 24.72548634 24.82823162 24.93464054 25.0169671 25.07744134 25.14718216 25.15596989 25.13176669 25.06888081 24.95956225 24.91722898 24.83402919 24.72112667 24.59916406 24.43773837 24.38558187 24.31042941 24.22816869 24.16979681 24.08657868 24.05484027 24.03415207 23.99673906 23.967902 23.93742224 23.87655244 23.8223022 23.76027687 23.70566368 23.67651077 23.63632854 23.62758771 23.61174826 23.57895687 23.61488393 23.67902412 23.80134735 23.98123107 24.17197408 24.39758961 24.70491375 24.97216639 25.10155682 25.07860336 24.94844729 24.807499
-9999 -9999 -9999 -9999 17.84376698 16.32028717 15.45831621 14.85941063 14.50489678 15.0103198 16.06877183 17.65098678 19.92531874 21.58712785 23.33642509 24.43850414 24.34898085 24.40660853 24.64597136 24.82962362 25.03030828 25.15663809 25.24421375 25.33904528 25.36770538 25.35014856 25.28749841 25.18718555 25.12337114 25.05343007 24.94392031 24.83410081 24.72554372 24.63150313 24.57196044 24.43894226 24.28675012 24.15709402 24.00597558 23.93839254 23.87700021 23.84655303 23.84494145 23.81634924 23.7965352 23.7770545 23.7359921 23.71185807 23.72993386 23.75345484 23.76166672 23.7312751 23.75296887 23.91846529 24.18060453 24.42305089 24.61742971 24.90763612 25.0781261 25.2265505 25.25574472 25.16451971 25.01244017 24.76022486
-9999 -9999 -9999 -9999 -9999 17.68067911 15.72205297 13.8679535 12.63610473 12.15719647 12.73511957 14.26478491 16.54492745 19.21668442 21.85414297 23.56596986 24.01710293 24.25947854 24.56997793 24.9411802 25.23753654 25.36267028 25.47582319 25.56538267 25.60116134 25.59215892 25.52880287 25.42831483 25.3621114 25.28366313 25.1759861 25.06667275 24.96206573 24.90409953 24.83402194 24.64155622 24.36866466 24.10325861 23.9065802 23.78734557 23.70438946 23.69140528 23.7063509 23.72805283 23.75032451 23.76030322 23.7536585 23.76224876 23.79506593 23.84253484 23.87186601 23.85703395 23.91295975 24.06277069 24.31076716 24.59082121 24.87876126 25.15710644 25.33402384 25.42390646 25.4011034 25.25524513 25.04332148 24.77553659
-9999 -9999 -9999 -9999 -9999 19.32268687 16.19818044 12.70625147 11.36907848 9.801951096 9.661367355 11.2676849 12.71387021 16.40722729 20.04677406 22.29394999 23.04458123 23.87312759 24.39107956 24.94703881 25.49452938 25.60428132 25.72643971 25.93360355 25.86837118 25.87498334 25.80523874 25.69426527 25.64340338 25.5458671 25.42488856 25.29981634 25.17145576 25.10351718 25.07395935 24.82042053 24.41738188 23.9921936 23.81647141 23.6458545 23.5435894 23.56783161 23.56190242 23.63581741 23.69957234 23.74907299 23.7807735 23.79808422 23.86375955 23.9232362 23.97767122 23.9755831 24.03246751 24.22681605 24.39146447 24.68802156 25.0818976 25.36532142 25.50032458 25.56923495 25.48791021 25.28634165 25.07027363 24.79131164
-9999 -9999 -9999 -9999 -9999 -9999 17.65058156 14.68116856 11.97772754 9.749695162 8.936129201 9.597548962 11.32351229 13.85792981 16.92732783 19.27432358 20.64148623 22.20912094 23.18188255 24.47905583 25.39565726 25.62979499 26.10978423 26.13494673 26.23750793 26.27321319 26.1350845 26.0507799 26.00399957 25.92509283 25.7799541 25.59352181 25.38644304 25.28681263 25.15851308 24.87072646 24.49323401 24.10465177 23.85035349 23.68093036 23.56244859 23.54391882 23.54854668 23.59177498 23.64899299 23.72086865 23.80920251 23.88644484 23.91616931 23.9417825 24.01532336 24.08295995 24.23874593 24.48346248 24.78434789 25.0730172 25.32960138 25.50640082 25.55688281 25.50946578 25.39237384 25.20876584 25.00360871 24.74803776
-9999 -9999 -9999 -9999 -9999 -9999 19.30382138 17.0372023 13.6338221 10.49499398 8.862448333 8.833649428 9.670556129 10.80709415 12.95104619 14.92659317 16.5805227 19.39779991 20.24972623 22.4198183 23.95677212 24.33392253 25.9560526 26.07014177 26.37090004 26.59473551 26.46426197 26.41457908 26.42563869 26.37293439 26.20733843 25.98212861 25.63635877 25.50868665 25.28545336 24.96074902 24.60529284 24.2136628 23.9666374 23.7895081 23.65090157 23.60458679 23.56741146 23.59327068 23.61682687 23.67056747 23.79986364 23.96016023 23.90085701 23.89816786 24.03120418 24.20174248 24.41237376 24.78372665 25.18916491 25.44319334 25.52190328 25.66259498 25.5690998 25.42494555 25.27721649 25.11610509 24.90795274 24.63390258
-9999 -9999 -9999 -9999 -9999 -9999 -9999 18.87178487 15.50256391 11.78320349 9.284839466 8.207026978 7.643316528 7.58988894 7.753191764 8.847112364 10.67715864 12.66192959 14.89489997 17.09065921 19.3533491 21.24311533 23.1645968 24.6515306 25.97281573 26.80677375 26.8389953 26.84313882 26.78117315 26.72254036 26.63365262 26.53260321 26.31907473 25.95204183 25.49945831 25.06319504 24.72528044 24.40667145 24.12956661 23.92382574 23.77063892 23.71980112 23.68371043 23.67825285 23.64805052 23.68257547 23.76835772 23.7836849 23.83160935 23.84782474 24.0320674 24.35331317 24.70446908 25.00514718 25.26755907 25.44835725 25.50302933 25.51891028 25.50409916 25.45849321 25.28782795 25.0234287 24.7570975 24.47620092
-9999 -9999 -9999 -9999 -9999 -9999 -9999 20.83297992 17.18467084 13.17099828 10.12598505 8.230280867 6.287350098 5.392267809 3.680135172 3.964758083 5.78646774 6.667260889 9.39724036 11.44239038 14.17858141 17.2108923 20.03690934 22.70097164 25.08385202 26.53376412 26.81556288 27.04231261 27.06422877 27.05105438 27.0940978 27.18961827 27.0705553 26.50199859 25.78618611 25.19159434 24.85810424 24.57124292 24.25543396 24.0465235 23.87308549 23.81792951 23.82908214 23.8309439 23.79683441 23.85153409 23.91894121 23.8224235 23.95819262 23.9335468 24.12854147 24.53504363 24.92761217 25.08296038 25.24399553 25.36425908 25.36392452 25.35681382 25.40932587 25.43620281 25.25967297 24.9096596 24.57422885 24.29347545
-9999 -9999 -9999 -9999 -9999 -9999 -9999 21.11519922 18.71957994 15.48406972 12.47640386 9.993162866 7.39258911 5.592354004 3.819488539 3.212431518 3.972172323 4.630390646 5.988295883 7.170495493 9.794865184 13.36864309 16.86529098 20.29051362 23.13200182 25.27009847 26.1478163 26.72460876 26.96788584 27.2355873 27.47842035 27.70898444 27.76839301 26.96439099 26.02064757 25.35773215 24.95465345 24.68308129 24.45300202 24.21818966 24.08035824 24.04785114 23.97629801 24.16950264 24.28022022 24.38194484 24.50607912 24.50189537 24.45608052 24.3973332 24.47959432 24.68281712 24.89332743 25.08470449 25.19928027 25.26632914 25.26475232 25.23994234 25.23670754 25.2087909 25.00197318 24.65541635 24.34427544 24.04780053
-9999 -9999 -9999 -9999 -9999 -9999 -9999 -9999 20.04157332 17.94806359 15.43154508 12.88625424 9.839482087 7.84851952 5.593498337 4.382321937 4.357110788 4.116175262 4.641218469 4.696166541 6.863501637 10.48690969 14.01593038 17.69551494 20.95264383 23.49961397 24.87253162 25.97097104 26.55412106 27.03993633 27.3574395 27.62566935 27.90687803 26.93214304 26.00874335 25.42467299 25.08853879 24.90091414 24.80471933 24.6422529 24.58251096 24.60896224 24.51433577 24.85666144 25.06932079 25.18819349 25.29957047 25.23141836 25.00405537 24.80832227 24.74439927 24.76924961 24.91756235 25.12864791 25.25205144 25.2927651 25.2212596 25.07529668 24.93866344 24.85543977 24.61279693 24.27443799 23.99799201 23.74900519
