meets/meet004/data/CCSM_6k_neotropic_bio16.asc
NCOLS 154 
NROWS 168 
XLLCORNER -112 
YLLCORNER -55.5 
CELLSIZE 0.5 
NODATA_value -9999 
[rows 29 to 57 of 168, columns 64 to 127 of 154]
-9999 -9999 -9999 -9999 -9999 -9999 -9999 -9999 -9999 -9999 -9999 -9999 -9999 -9999 -9999 -9999 -9999 -9999 -9999 -9999 -9999 -9999 -9999 -9999 -9999 -9999 -9999 -9999 -9999 -9999 -9999 -9999 -9999 -9999 -9999 -9999 -9999 264.7879278 -9999 -9999 -9999 -9999 -9999 -9999 -9999 -9999 -9999 -9999 -9999 -9999 -9999 -9999 -9999 -9999 -9999 -9999 -9999 -9999 -9999 -9999 -9999 -9999 -9999 -9999
-9999 -9999 -9999 -9999 -9999 -9999 -9999 -9999 -9999 -9999 -9999 -9999 -9999 -9999 -9999 -9999 -9999 -9999 -9999 -9999 -9999 -9999 -9999 -9999 -9999 -9999 -9999 -9999 -9999 -9999 -9999 -9999 -9999 -9999 -9999 -9999 -9999 271.8548965 -9999 -9999 -9999 -9999 -9999 -9999 -9999 -9999 -9999 -9999 -9999 -9999 -9999 -9999 -9999 -9999 -9999 -9999 -9999 -9999 -9999 -9999 -9999 -9999 -9999 -9999
-9999 -9999 -9999 -9999 -9999 -9999 -9999 -9999 -9999 -9999 -9999 -9999 -9999 -9999 -9999 -9999 -9999 -9999 -9999 -9999 -9999 -9999 -9999 -9999 -9999 -9999 -9999 -9999 -9999 -9999 -9999 -9999 -9999 -9999 -9999 -9999 -9999 -9999 -9999 -9999 -9999 -9999 -9999 -9999 -9999 -9999 -9999 -9999 -9999 -9999 -9999 -9999 -9999 -9999 -9999 -9999 -9999 -9999 -9999 -9999 -9999 -9999 -9999 -9999
-9999 -9999 -9999 -9999 -9999 -9999 -9999 -9999 -9999 -9999 -9999 -9999 -9999 -9999 -9999 -9999 112.0631535 -9999 -9999 -9999 -9999 -9999 -9999 -9999 -9999 -9999 -9999 -9999 -9999 -9999 -9999 -9999 -9999 -9999 -9999 -9999 261.0223613 -9999 -9999 -9999 -9999 -9999 -9999 -9999 -9999 -9999 -9999 -9999 -9999 -9999 -9999 -9999 -9999 -9999 -9999 -9999 -9999 -9999 -9999 -9999 -9999 -9999 -9999 -9999
-9999 -9999 -9999 -9999 -9999 -9999 -9999 -9999 -9999 -9999 -9999 -9999 -9999 -9999 155.5483546 158.3570432 157.7745761 -9999 -9999 -9999 -9999 -9999 -9999 -9999 -9999 -9999 -9999 -9999 -9999 -9999 -9999 -9999 -9999 -9999 -9999 -9999 -9999 -9999 -9999 -9999 -9999 -9999 -9999 -9999 -9999 -9999 -9999 -9999 -9999 -9999 -9999 -9999 -9999 -9999 -9999 -9999 -9999 -9999 -9999 -9999 -9999 -9999 -9999 -9999
-9999 -9999 -9999 -9999 -9999 -9999 -9999 -9999 -9999 -9999 249.5638769 238.5390848 229.5745107 217.3453291 222.1483577 222.7671666 -9999 -9999 207.6092228 205.7597861 203.3529248 195.2137602 194.2125428 -9999 -9999 -9999 -9999 -9999 -9999 -9999 -9999 -9999 -9999 -9999 -9999 -9999 -9999 -9999 -9999 -9999 -9999 -9999 -9999 -9999 -9999 -9999 -9999 -9999 -9999 -9999 -9999 -9999 -9999 -9999 -9999 -9999 -9999 -9999 -9999 -9999 -9999 -9999 -9999 -9999
-9999 -9999 -9999 -9999 -9999 -9999 -9999 -9999 -9999 350.0113499 333.9929049 319.0109583 305.7611795 312.5458414 309.5427551 308.351329 308.3807378 297.1197554 297.4643406 285.657563 278.4314668 270.6629833 260.0819705 241.893071 -9999 -9999 -9999 -9999 -9999 -9999 -9999 -9999 -9999 -9999 -9999 -9999 -9999 -9999 -9999 -9999 -9999 -9999 -9999 -9999 -9999 -9999 -9999 -9999 -9999 -9999 -9999 -9999 -9999 -9999 -9999 -9999 -9999 -9999 -9999 -9999 -9999 -9999 -9999 -9999
-9999 -9999 -9999 -9999 -9999 -9999 -9999 -9999 -9999 441.7775567 418.5706891 389.4778025 391.4917263 389.9186991 389.8939748 388.8080994 382.3423516 380.8199961 373.741063 362.5691768 354.2926321 339.6601353 320.3718748 295.6580786 277.5716316 264.5039572 249.4951473 238.2344076 230.4342394 222.7328183 220.8904711 225.7420126 231.3967019 239.5536141 250.1737563 -9999 -9999 -9999 -9999 -9999 -9999 -9999 -9999 -9999 -9999 -9999 -9999 -9999 -9999 -9999 -9999 -9999 -9999 -9999 -9999 -9999 -9999 -9999 -9999 -9999 -9999 -9999 -9999 -9999
-9999 -9999 -9999 -9999 -9999 -9999 -9999 -9999 -9999 560.9573163 519.8502049 518.6798988 482.0404849 492.002136 479.3104309 481.4642723 486.3762503 488.1511006 496.9587952 480.0907712 469.982321 453.245552 416.2744047 388.9158402 350.8599066 323.1930098 306.4954763 282.5870962 276.233927 262.7182486 255.5064948 260.4888935 259.1865154 267.1408043 273.5430439 278.9937318 279.8286651 -9999 -9999 -9999 -9999 -9999 -9999 -9999 -9999 -9999 -9999 -9999 -9999 -9999 -9999 -9999 -9999 -9999 -9999 -9999 -9999 -9999 -9999 -9999 -9999 -9999 -9999 -9999
786.1092957 796.053948 820.5438214 817.0945889 -9999 -9999 -9999 -9999 721.4099957 689.2278595 655.4154459 608.4121873 580.9902428 556.8378834 554.5821624 556.5011423 558.2311803 577.5434203 586.0159347 591.4272194 581.3818522 543.8471598 505.3171952 451.525484 410.7214145 382.772214 349.8968987 325.428493 306.6312978 294.2060691 287.4077727 283.702081 284.4657545 289.2990632 295.1920209 300.0971663 298.0208596 298.272158 -9999 -9999 -9999 -9999 -9999 -9999 -9999 -9999 -9999 -9999 -9999 -9999 -9999 -9999 -9999 -9999 -9999 -9999 -9999 -9999 -9999 -9999 -9999 -9999 -9999 -9999
1011.514144 -9999 -9999 1113.409954 1116.525922 1129.845225 1117.198353 1036.693538 1003.249636 923.3422368 809.6531366 744.8582324 673.1254856 657.6014363 634.3744564 686.0288309 714.7196866 737.5519527 760.0920132 764.9101624 727.8461 692.5942495 641.7352695 597.1130492 528.4121178 473.0550298 434.9387457 388.3488166 376.5151527 350.7195834 335.5430442 331.7169729 321.7507194 329.2060524 331.7913379 334.1087775 335.0365154 332.0689004 -9999 -9999 -9999 -9999 -9999 -9999 -9999 -9999 -9999 -9999 -9999 -9999 -9999 -9999 -9999 -9999 -9999 -9999 -9999 -9999 -9999 -9999 -9999 -9999 -9999 -9999
-9999 -9999 -9999 1368.418283 1430.462651 1448.549333 1395.612845 1344.594016 1263.570092 1109.637875 1006.224854 880.0189261 787.7035821 752.1401664 758.2927842 794.479153 838.5170164 868.1948273 896.4719256 942.8589876 916.5879379 822.1593879 775.9838379 721.8282085 667.5492354 615.9317232 520.3472155 473.6068993 443.6827391 411.8938782 396.1185579 375.6205959 366.4919763 367.6928398 370.6199903 373.3016132 368.9362519 367.434393 358.845978 353.0799904 340.4549093 -9999 -9999 -9999 -9999 -9999 -9999 -9999 -9999 -9999 -9999 -9999 -9999 -9999 -9999 -9999 -9999 -9999 -9999 -9999 -9999 -9999 -9999 -9999
-9999 -9999 -9999 1667.369605 1700.198578 1736.16668 1737.287101 1647.624359 1512.337971 1319.469786 1161.59361 1016.339678 883.9476647 879.1714482 844.9268492 942.7977936 1025.369174 1088.672522 1121.284979 1120.544271 1107.068903 1078.068224 1023.75344 953.7958359 868.4421442 762.1402263 697.1342746 615.9655039 552.4365284 500.1543812 461.3049899 449.4109446 431.1498459 426.2567913 418.5335893 419.7552213 424.01414 420.3167485 411.4448073 397.924185 383.7745887 359.2373953 -9999 -9999 -9999 -9999 -9999 -9999 -9999 -9999 -9999 -9999 -9999 -9999 -9999 -9999 -9999 -9999 -9999 -9999 -9999 -9999 -9999 -9999
-9999 -9999 -9999 -9999 1945.493333 1989.371423 1957.573606 1889.813287 1712.609507 1546.531639 1367.756085 1149.401189 961.4270259 958.0773232 975.8578211 1066.404402 1195.049224 1305.494407 1298.738802 1322.94434 1300.983391 1279.100108 1258.976572 1168.525218 1089.882371 996.9272112 841.1723665 756.4883995 682.9791003 594.6799521 558.7270637 516.7200034 500.0885419 485.8009932 478.6324765 478.3253359 472.517241 470.0665057 458.8801919 450.8780243 436.4700728 404.6309375 390.7216857 -9999 -9999 -9999 -9999 -9999 -9999 -9999 -9999 -9999 -9999 -9999 -9999 -9999 -9999 -9999 -9999 -9999 -9999 -9999 -9999 -9999
-9999 -9999 -9999 -9999 -9999 2130.598451 2125.348618 2051.451094 1887.035518 1675.941176 1449.516591 1207.509065 996.9603057 1035.256747 1064.416269 1187.869338 1332.869237 1456.790921 1498.765617 1518.727542 1521.691693 1546.308263 1515.056832 1455.267619 1354.642003 1232.258001 1088.238271 931.3338541 817.1017674 704.764399 651.7147363 610.2043008 569.1181883 557.6399267 539.9265435 535.0481546 530.9131604 525.2294601 520.5678765 510.6497079 503.1819797 481.5161892 454.9236953 420.2722574 -9999 -9999 -9999 -9999 -9999 -9999 -9999 -9999 -9999 -9999 -9999 -9999 -9999 -9999 -9999 -9999 -9999 -9999 -9999 -9999
-9999 -9999 -9999 -9999 -9999 2333.048137 2278.528247 2190.608462 1961.271697 1670.209744 1415.279701 1165.46018 961.0819636 1039.015424 1144.912322 1262.836605 1425.57991 1544.724601 1609.75249 1665.947365 1697.532195 1740.366698 1762.035022 1693.420049 1585.355719 1452.510468 1252.212481 1083.362555 949.952388 786.9619352 723.4739297 663.5746401 625.5990149 607.9696859 591.2353007 585.9284984 574.1953411 574.1035476 567.5890048 570.9953506 565.1861572 540.2501222 527.8658208 485.5751558 450.6971353 -9999 -9999 -9999 -9999 -9999 -9999 -9999 -9999 -9999 -9999 -9999 -9999 -9999 -9999 -9999 -9999 -9999 -9999 -9999
-9999 -9999 -9999 -9999 -9999 2412.91852 2341.416166 2197.279515 1935.253846 1609.093849 1329.930643 1094.822156 959.1750204 1052.414618 1180.566602 1315.349643 1470.987184 1574.088939 1687.310874 1759.811338 1815.363572 1879.482159 1905.994586 1884.175055 1767.98967 1626.98012 1440.624488 1214.968388 1055.486705 874.6200939 799.9655053 741.2601198 686.8777361 668.2497597 647.3952731 637.1037148 631.3164776 624.3614852 628.0704589 630.6985876 636.144908 626.1169689 603.7923422 570.6121697 526.301973 488.9029921 447.8762834 409.7701743 384.3978261 358.32604 345.4895853 333.1901903 -9999 -9999 -9999 -9999 -9999 -9999 -9999 -9999 -9999 -9999 -9999 -9999
-9999 -9999 -9999 -9999 -9999 2406.805741 2304.141955 2137.596268 1833.069746 1473.006081 1190.910797 981.0182682 904.5440378 1035.831451 1174.049981 1308.048927 1450.028208 1559.062403 1649.357588 1761.2106 1825.263293 1907.424283 1988.053274 1943.75258 1856.724852 1717.692554 1495.873724 1278.203236 1095.635062 917.9217049 839.192641 767.9505625 727.1156582 703.9132834 692.2148743 679.6587739 662.7237787 660.0945554 668.388113 676.5028712 686.000545 680.4260607 678.697069 632.5935199 587.2022022 543.4530621 490.380903 453.7606303 419.4095072 388.8509923 375.4693836 356.7943316 348.2048188 336.5974989 329.5611048 -9999 -9999 -9999 -9999 -9999 -9999 -9999 -9999 -9999
-9999 -9999 -9999 -9999 -9999 2282.595185 2184.321577 1994.892758 1687.558926 1342.461033 1080.041785 902.4990566 878.495355 1001.453143 1143.889189 1251.802511 1368.777679 1461.147457 1579.74195 1669.68589 1754.719428 1853.187695 1908.684992 1903.050582 1831.965203 1707.262312 1519.533167 1299.359529 1136.881632 949.8890826 876.696041 820.4255411 775.8007923 756.2717226 736.6144454 724.3355164 717.9484141 703.49569 712.0005892 718.0802683 731.4068984 732.1161881 719.6355892 686.2038145 634.4321625 590.3616475 542.7561799 489.147344 455.1392596 417.3483722 399.8208086 384.8511334 368.8772788 361.2024597 351.6027642 347.3540548 -9999 -9999 -9999 -9999 -9999 -9999 -9999 -9999
-9999 -9999 -9999 -9999 -9999 2128.363059 2014.442993 1841.733217 1545.743005 1214.425039 970.70737 813.6189298 827.2244707 938.4664724 1073.77933 1178.442527 1281.939835 1352.494699 1425.591254 1513.960242 1593.332725 1691.495106 1765.339481 1757.040922 1715.855677 1600.45031 1420.829999 1248.483487 1114.634729 948.2853857 876.2076513 839.6384248 803.1203743 794.5564844 773.6872198 761.9334368 751.737039 734.3367384 743.5433829 742.9299045 752.9334257 749.3764456 750.0823617 713.7199378 656.7487388 611.6871942 555.3031895 506.3242514 474.6648207 429.1937713 411.0143813 395.4526554 380.6277672 377.9687327 368.0919728 365.2820837 358.8024745 349.5245664 -9999 -9999 -9999 -9999 -9999 -9999
-9999 -9999 -9999 -9999 -9999 1922.637909 1815.725546 1629.607657 1364.529752 1082.329687 887.1630733 766.1216921 798.9590468 884.3808601 987.8197644 1057.605957 1131.036179 1204.394909 1265.583435 1337.601224 1399.764073 1472.712154 1525.866992 1529.312251 1506.435868 1423.9286 1291.955682 1151.412564 1034.30035 921.6349853 876.6807713 849.3954883 821.8705609 821.2904796 811.1391063 801.9495684 784.222315 767.9443879 763.1772902 753.96027 759.6813173 758.0564016 740.6486401 707.1504654 663.757386 620.5029848 566.493133 514.2372878 476.4786857 437.7981356 420.0421803 405.0394528 391.3034275 388.1189675 382.8522499 382.4019934 375.9724627 366.1384166 -9999 -9999 -9999 -9999 -9999 -9999
-9999 -9999 -9999 -9999 -9999 1712.800883 1582.660076 1417.507153 1185.862994 946.183887 803.9177957 700.6311403 746.9268403 802.4880541 893.3331378 939.2629966 1002.669798 1053.868277 1079.004112 1148.947037 1186.210258 1240.668536 1287.620892 1298.399378 1271.665953 1219.838207 1097.357504 1015.47923 924.672743 865.2022821 845.8073628 826.4103889 821.0376211 824.6994858 829.54012 824.0866874 797.9117021 783.39617 766.1002195 752.3151848 744.8729011 738.628963 721.3333671 691.1096701 645.6710329 606.7814686 548.5408007 508.4453165 470.9803734 434.7740237 418.6590901 403.3513374 394.2791884 393.8798682 392.8170712 395.1341703 388.6321623 382.3983361 -9999 -9999 -9999 -9999 -9999 -9999
-9999 -9999 -9999 -9999 -9999 1448.49534 1327.577059 1168.597304 1003.651231 844.1621369 734.0730401 661.6783971 708.6303282 759.1730162 809.6499786 847.3136524 892.9023954 937.0208867 959.8343218 1003.623358 1031.316235 1057.010514 1091.386441 1099.04695 1077.848775 1032.944251 966.3812468 905.3778201 851.2436324 817.5811052 806.5158931 811.2879763 809.3681201 823.1310506 824.0541016 820.9608298 809.4883635 791.9323604 777.8988911 754.1411889 743.5470397 726.0393312 696.8792455 664.973604 623.70919 587.4586874 539.6435179 495.8050535 461.6317159 428.546476 413.7839133 402.6249161 394.0721385 395.2296916 396.2753133 400.2259321 406.4012743 418.2907911 -9999 -9999 -9999 -9999 -9999 -9999
-9999 -9999 -9999 1272.461377 1270.130635 1189.52215 1050.857327 941.2841368 832.0709865 727.8958019 666.4024083 665.5116266 684.4482729 723.0639541 771.6066121 810.5581689 858.9935685 898.2425346 936.692066 979.6937098 1013.491373 1056.499807 1085.408234 1075.827519 1054.583541 1012.353799 939.144297 874.1578287 798.0131663 750.0010437 757.9791708 772.0066083 785.1098356 796.9515659 801.2384668 796.8103599 789.877987 776.7198681 759.3967427 736.1311713 718.2036125 685.4184324 667.5885029 628.005404 588.5128405 557.7140095 511.426203 475.9961512 450.4713779 417.9418158 407.5802729 399.0580073 394.1119067 400.3411856 402.1003039 407.8121235 434.8310234 457.8937136 460.1266362 -9999 -9999 -9999 -9999 -9999
-9999 -9999 1164.217143 1142.611291 1060.687706 958.2260047 865.116392 769.1525233 698.7830834 666.4693677 687.3257235 708.3588808 731.6999475 769.3298627 802.224673 837.2367441 878.512963 918.3610249 956.2963712 991.1376619 1019.958447 1043.842669 1060.635598 1046.2888 1017.744047 973.6554685 913.6969738 852.4403516 785.3396545 733.9141649 717.3509932 736.6252702 753.4860245 762.5668565 768.053254 765.0314845 760.0709676 743.2338239 725.4890193 701.95726 683.6792652 656.9784784 625.2729996 596.5659475 556.443056 527.9119352 492.8085845 460.0571667 434.0997404 411.6237296 402.5088 397.4320246 396.3002137 400.7076973 407.0368403 419.4375511 453.7670604 480.3326065 495.75653 500.8270987 -9999 -9999 -9999 -9999
-9999 -9999 1071.990663 979.1581412 876.2430359 770.4646799 679.5548113 635.1050293 651.4962742 689.3373889 714.9326886 751.2485171 774.6641476 797.0971357 824.995034 851.5588564 889.71286 927.2593013 951.6356583 982.7611693 1001.209152 1014.093873 1028.991762 999.1732934 974.3149678 936.3966324 877.1418508 832.4887395 795.4907479 754.4137584 730.8714707 709.30472 705.0632088 709.298181 717.872237 712.3506334 696.9325783 690.6986174 671.4477183 648.6892383 631.4542242 629.6772738 620.862263 615.8614637 595.2217263 571.1218721 544.2834138 511.7592034 483.3808932 449.0168713 430.8978792 422.6145608 417.9820999 430.8036813 444.6001962 463.5904441 479.4851193 502.6323065 527.7763907 545.2548362 -9999 -9999 -9999 -9999
855.9636986 921.631458 932.8339069 847.0407939 729.1830911 629.8413856 581.7110204 619.3667294 660.4505765 696.7474391 730.4264651 768.4309619 802.365961 822.3192436 838.097448 859.9050658 893.0613003 923.2140663 946.2727084 959.2344977 974.0372099 984.2159688 984.9803169 963.9554055 933.2364178 896.1316062 859.8850473 833.079168 808.3238825 787.5421111 768.6625976 756.5682677 751.8075304 744.7432992 744.1269843 737.1580062 725.2312579 716.5564928 696.7909088 696.5629859 702.1073388 697.1485877 689.7087969 673.3643521 652.7888123 628.6624548 590.1760418 552.6712141 519.2655044 488.8078545 471.3936251 460.9888313 461.7847679 476.0837022 502.1036032 521.0135491 536.4342468 556.3289252 565.1256608 585.1986526 -9999 -9999 -9999 -9999
817.8551576 842.9337383 810.0692408 711.4842337 606.4944624 536.3363301 560.6365423 613.5454172 654.2548233 696.4844737 725.0250893 767.2268147 808.4908983 824.4118869 840.4184773 853.901212 880.6797492 904.1798437 917.4834768 931.2238645 936.4934955 938.0502862 933.9234552 914.9514433 893.7463503 866.8876003 840.4676611 834.8316575 823.3113797 809.0990507 805.4732408 805.0580487 808.9503608 812.0816287 814.3162141 813.7035462 808.8721115 799.3297429 778.3967985 762.9717451 767.9260764 767.127126 757.0694494 738.5630725 703.8232391 671.7267857 634.7707468 596.3092048 563.5012061 525.9685655 511.6130194 511.3479906 516.2384264 535.1407892 557.7557187 586.5957138 617.1613758 642.2766024 660.5092925 673.9339994 679.4910762 -9999 -9999 -9999
803.4853581 785.9113059 717.9648438 622.306703 519.651535 474.5902766 540.936843 609.4057316 646.5001965 683.2639096 711.4334315 759.0115644 798.2273506 812.4359119 827.5552512 838.5368099 859.5311696 879.5858227 887.3331277 891.1411759 894.1344769 893.7125491 888.8676161 875.5355183 856.889196 833.3917261 827.3203178 829.8579421 828.1757533 827.6447145 828.5647895 839.0023885 848.4045679 859.0361371 868.7037959 871.9843986 866.3052363 857.4145012 834.0297344 821.9171332 826.5874754 820.0853263 805.3455388 781.950272 743.6509158 709.9847943 667.677816 627.5930696 597.386268 565.952911 553.0017435 556.6465569 564.4508292 589.7049768 625.9963928 653.6555858 688.9723726 714.4635804 741.5055254 772.8627137 781.0386757 781.3944062 777.8317772 -9999
