meets/meet004/data/CCSM_6k_neotropic_bio11.asc
NCOLS 154 
NROWS 168 
XLLCORNER -112 
YLLCORNER -55.5 
CELLSIZE 0.5 
NODATA_value -9999 
[rows 29 to 57 of 168, columns 64 to 127 of 154]
-9999 -9999 -9999 -9999 -9999 -9999 -9999 -9999 -9999 -9999 -9999 -9999 -9999 -9999 -9999 -9999 -9999 -9999 -9999 -9999 -9999 -9999 -9999 -9999 -9999 -9999 -9999 -9999 -9999 -9999 -9999 -9999 -9999 -9999 -9999 -9999 -9999 23.94504794 -9999 -9999 -9999 -9999 -9999 -9999 -9999 -9999 -9999 -9999 -9999 -9999 -9999 -9999 -9999 -9999 -9999 -9999 -9999 -9999 -9999 -9999 -9999 -9999 -9999 -9999
-9999 -9999 -9999 -9999 -9999 -9999 -9999 -9999 -9999 -9999 -9999 -9999 -9999 -9999 -9999 -9999 -9999 -9999 -9999 -9999 -9999 -9999 -9999 -9999 -9999 -9999 -9999 -9999 -9999 -9999 -9999 -9999 -9999 -9999 -9999 -9999 -9999 24.07350311 -9999 -9999 -9999 -9999 -9999 -9999 -9999 -9999 -9999 -9999 -9999 -9999 -9999 -9999 -9999 -9999 -9999 -9999 -9999 -9999 -9999 -9999 -9999 -9999 -9999 -9999
-9999 -9999 -9999 -9999 -9999 -9999 -9999 -9999 -9999 -9999 -9999 -9999 -9999 -9999 -9999 -9999 -9999 -9999 -9999 -9999 -9999 -9999 -9999 -9999 -9999 -9999 -9999 -9999 -9999 -9999 -9999 -9999 -9999 -9999 -9999 -9999 -9999 -9999 -9999 -9999 -9999 -9999 -9999 -9999 -9999 -9999 -9999 -9999 -9999 -9999 -9999 -9999 -9999 -9999 -9999 -9999 -9999 -9999 -9999 -9999 -9999 -9999 -9999 -9999
-9999 -9999 -9999 -9999 -9999 -9999 -9999 -9999 -9999 -9999 -9999 -9999 -9999 -9999 -9999 -9999 24.03035913 -9999 -9999 -9999 -9999 -9999 -9999 -9999 -9999 -9999 -9999 -9999 -9999 -9999 -9999 -9999 -9999 -9999 -9999 -9999 24.1727845 -9999 -9999 -9999 -9999 -9999 -9999 -9999 -9999 -9999 -9999 -9999 -9999 -9999 -9999 -9999 -9999 -9999 -9999 -9999 -9999 -9999 -9999 -9999 -9999 -9999 -9999 -9999
-9999 -9999 -9999 -9999 -9999 -9999 -9999 -9999 -9999 -9999 -9999 -9999 -9999 -9999 24.41662188 24.45658154 24.33985027 -9999 -9999 -9999 -9999 -9999 -9999 -9999 -9999 -9999 -9999 -9999 -9999 -9999 -9999 -9999 -9999 -9999 -9999 -9999 -9999 -9999 -9999 -9999 -9999 -9999 -9999 -9999 -9999 -9999 -9999 -9999 -9999 -9999 -9999 -9999 -9999 -9999 -9999 -9999 -9999 -9999 -9999 -9999 -9999 -9999 -9999 -9999
-9999 -9999 -9999 -9999 -9999 -9999 -9999 -9999 -9999 -9999 24.13440613 24.46922751 24.53559269 24.63662418 24.62434097 24.45991534 -9999 -9999 23.52934778 23.22027579 22.97373159 22.81122853 22.62320757 -9999 -9999 -9999 -9999 -9999 -9999 -9999 -9999 -9999 -9999 -9999 -9999 -9999 -9999 -9999 -9999 -9999 -9999 -9999 -9999 -9999 -9999 -9999 -9999 -9999 -9999 -9999 -9999 -9999 -9999 -9999 -9999 -9999 -9999 -9999 -9999 -9999 -9999 -9999 -9999 -9999
-9999 -9999 -9999 -9999 -9999 -9999 -9999 -9999 -9999 24.76086523 24.81864014 24.94463283 24.92477628 24.67589665 24.52380015 24.25398611 23.81843204 23.40806448 23.18398856 22.76612711 22.4918331 22.42112615 22.08213478 22.4592332 -9999 -9999 -9999 -9999 -9999 -9999 -9999 -9999 -9999 -9999 -9999 -9999 -9999 -9999 -9999 -9999 -9999 -9999 -9999 -9999 -9999 -9999 -9999 -9999 -9999 -9999 -9999 -9999 -9999 -9999 -9999 -9999 -9999 -9999 -9999 -9999 -9999 -9999 -9999 -9999
-9999 -9999 -9999 -9999 -9999 -9999 -9999 -9999 -9999 26.02713153 25.8877766 25.43746437 24.94223292 24.40725908 23.95539454 23.56773126 23.3713343 23.28344573 23.01953771 22.83779936 22.7678871 22.77376777 22.83282659 23.09799394 23.28890906 23.55197897 23.87565111 24.07138545 24.34944755 24.52979703 24.58362165 24.53686557 24.42172426 24.23412535 24.0514595 -9999 -9999 -9999 -9999 -9999 -9999 -9999 -9999 -9999 -9999 -9999 -9999 -9999 -9999 -9999 -9999 -9999 -9999 -9999 -9999 -9999 -9999 -9999 -9999 -9999 -9999 -9999 -9999 -9999
-9999 -9999 -9999 -9999 -9999 -9999 -9999 -9999 -9999 26.96607149 26.64457824 25.74528867 24.88793836 23.97208315 23.21264509 22.7783327 22.72645867 22.87047722 22.69128832 22.80423692 22.99171001 23.37598623 23.82723426 24.26667115 24.53041771 24.78932232 25.0259745 25.19930551 25.24939011 25.3985676 25.31733023 25.03825314 24.88062251 24.49863662 24.21230472 24.06291816 24.05742951 -9999 -9999 -9999 -9999 -9999 -9999 -9999 -9999 -9999 -9999 -9999 -9999 -9999 -9999 -9999 -9999 -9999 -9999 -9999 -9999 -9999 -9999 -9999 -9999 -9999 -9999 -9999
24.27601219 24.44363872 24.61753635 24.73015916 -9999 -9999 -9999 -9999 26.80354304 26.88114891 26.54086234 25.59229325 24.69536057 23.29207568 22.30653414 21.66293617 21.52750336 21.80015414 21.76673589 22.07773453 22.80207659 23.87428892 25.05839225 25.51568721 25.8875132 26.09639217 26.02621109 26.01545748 25.88065746 25.74234642 25.49457819 25.20020656 24.86672608 24.56934318 24.32648837 24.1516127 24.12151391 24.14456122 -9999 -9999 -9999 -9999 -9999 -9999 -9999 -9999 -9999 -9999 -9999 -9999 -9999 -9999 -9999 -9999 -9999 -9999 -9999 -9999 -9999 -9999 -9999 -9999 -9999 -9999
24.38171419 -9999 -9999 24.69481442 24.97442971 25.27388447 25.47914096 26.05139411 26.07304598 26.02530456 25.77352708 25.02410171 24.06928475 22.45600422 21.12620985 20.22561082 20.016261 20.24789701 20.45357667 21.15176205 22.30096747 23.96046665 25.66886983 26.28899188 26.69326577 26.91670932 26.68674966 26.62845969 26.33519972 26.03870011 25.73798238 25.40597324 25.04191825 24.75781784 24.51420483 24.3142896 24.27182555 24.26012531 -9999 -9999 -9999 -9999 -9999 -9999 -9999 -9999 -9999 -9999 -9999 -9999 -9999 -9999 -9999 -9999 -9999 -9999 -9999 -9999 -9999 -9999 -9999 -9999 -9999 -9999
-9999 -9999 -9999 24.49589476 24.17580737 24.08955894 24.23550482 24.3023459 24.57002093 24.96641723 24.58857146 23.87167781 22.93834658 21.1592416 19.50688312 18.60004615 18.13290266 18.35386422 19.43713523 20.42375061 22.07208137 24.16532447 25.59805245 26.44855262 26.90814513 27.05032123 26.96849154 26.86593693 26.31648095 26.19829963 25.81868768 25.41650924 25.39637236 24.80393598 24.60849697 24.42713705 24.24211865 24.39957071 24.34351866 24.46893053 24.57165475 -9999 -9999 -9999 -9999 -9999 -9999 -9999 -9999 -9999 -9999 -9999 -9999 -9999 -9999 -9999 -9999 -9999 -9999 -9999 -9999 -9999 -9999 -9999
-9999 -9999 -9999 24.25913165 23.85748852 23.43902053 23.12600912 22.79632895 22.93370542 23.05827957 22.5762596 21.7986389 20.75160651 19.1031008 17.62353318 16.91470295 16.86771783 17.5369168 19.48363873 21.33855539 23.20827497 24.92972092 25.868226 26.49059988 26.80432155 26.82941865 26.49654767 26.21517976 25.52775674 25.22049302 24.7968545 24.4332853 24.5089804 24.07545238 23.9775871 23.89017727 23.81194585 24.00936937 23.98396047 24.18194943 24.35541115 24.50063562 -9999 -9999 -9999 -9999 -9999 -9999 -9999 -9999 -9999 -9999 -9999 -9999 -9999 -9999 -9999 -9999 -9999 -9999 -9999 -9999 -9999 -9999
-9999 -9999 -9999 -9999 23.88472359 23.38935744 22.51849378 21.62298715 21.27208299 20.93479844 20.1618171 19.17046637 17.75979959 16.77269679 15.63391217 15.55548552 16.32397208 17.6498357 20.56364344 23.82590226 25.40760541 25.53629206 25.74248118 25.99549493 26.25859778 26.12705808 25.30961368 24.71159392 23.88891647 23.19216953 22.73524749 22.6003042 22.47649685 22.5096827 22.64289536 22.72221915 22.85944112 23.05909729 23.18141114 23.45703414 23.78812451 24.11047241 24.56161459 -9999 -9999 -9999 -9999 -9999 -9999 -9999 -9999 -9999 -9999 -9999 -9999 -9999 -9999 -9999 -9999 -9999 -9999 -9999 -9999 -9999
-9999 -9999 -9999 -9999 -9999 23.17149451 22.26371754 20.77288595 19.87998783 19.07359829 18.09994644 17.21203206 16.07368174 15.2908934 14.62704021 15.11554831 16.52481782 18.61917512 21.81158516 24.46607223 25.48691888 25.41918362 25.22608509 25.16137311 25.09927301 24.59530002 23.5415102 22.67950759 21.96728623 21.45014676 21.02917829 20.85485485 20.70414475 20.86041247 21.08200751 21.27894755 21.53572752 21.78598375 22.02718258 22.33301688 22.79399971 23.3264553 23.91882445 24.35942159 -9999 -9999 -9999 -9999 -9999 -9999 -9999 -9999 -9999 -9999 -9999 -9999 -9999 -9999 -9999 -9999 -9999 -9999 -9999 -9999
-9999 -9999 -9999 -9999 -9999 23.10347361 21.7762185 19.9836241 18.55716083 17.48068649 16.44793064 15.86824932 15.34591504 14.76504615 14.29712176 15.37630225 17.4669711 19.95604501 22.71530679 24.06373168 24.76282513 24.74224657 24.40623505 24.13634277 23.70779656 22.60089028 21.49394988 20.3372544 20.05471888 20.0559687 19.7476531 19.36558919 19.18551627 19.3773858 19.58693717 19.88320513 20.25578248 20.43070464 20.79923071 21.0395757 21.60197131 22.29096186 22.98549324 23.82884828 24.51768411 -9999 -9999 -9999 -9999 -9999 -9999 -9999 -9999 -9999 -9999 -9999 -9999 -9999 -9999 -9999 -9999 -9999 -9999 -9999
-9999 -9999 -9999 -9999 -9999 22.99342515 21.36425542 19.31950153 17.61573832 16.38367815 15.45927099 15.11596572 14.95723054 14.92366312 15.23138014 16.63045142 18.90669987 21.26796237 22.99025039 23.70008827 24.13854336 24.10674058 23.67648116 23.29666438 22.39172792 21.09413703 19.88559074 18.8446886 18.56250277 18.44131411 18.19580322 17.98648313 17.81457876 18.15542548 18.54648029 18.94872569 19.40237472 19.60335021 19.85575459 19.95845242 20.50749484 21.34703055 22.24248576 23.27852807 24.14894145 24.70930143 24.86731331 24.8850939 24.881354 24.9308229 24.98475173 25.01113173 -9999 -9999 -9999 -9999 -9999 -9999 -9999 -9999 -9999 -9999 -9999 -9999
-9999 -9999 -9999 -9999 -9999 22.89180419 20.96615659 18.53138552 16.88361492 15.56763892 14.76350761 14.66829577 14.72952374 15.47795442 16.46805978 18.19142017 20.42444414 22.48749409 23.21338452 23.54340423 23.6838239 23.55347649 23.22234945 22.61026646 21.37321654 20.05398724 18.85761243 17.72086334 17.3831733 17.00878596 16.79593861 16.74468989 16.57184197 17.23566865 17.9097022 18.46621978 18.94163813 19.1973229 19.25522846 19.11800285 19.61926802 20.65256917 21.62522569 22.78297679 23.80016622 24.39423257 24.50663798 24.49613327 24.47108313 24.43678167 24.47425578 24.59237488 24.81619594 24.95138512 25.24557657 -9999 -9999 -9999 -9999 -9999 -9999 -9999 -9999 -9999
-9999 -9999 -9999 -9999 -9999 22.78034934 20.7343934 18.39905388 16.5887376 15.43424482 14.75793747 14.69046677 15.25563319 16.41225382 18.01249949 19.78396169 21.60833153 22.85337703 23.40472091 23.52027641 23.5141905 23.28437606 22.7011569 21.95261282 20.86577433 19.71522274 18.74103675 17.61490143 17.18930422 16.64117373 16.38604405 16.46762057 16.46524452 17.22993854 17.79547607 18.47251482 19.28218934 19.42057954 19.44820713 19.07002529 19.48092404 20.54295846 21.50210339 22.63110112 23.39750265 23.91990156 24.11273225 24.06687426 24.0364835 23.96222211 23.95772885 23.99513433 24.14367425 24.35267334 24.65849456 24.97262649 -9999 -9999 -9999 -9999 -9999 -9999 -9999 -9999
-9999 -9999 -9999 -9999 -9999 22.74256809 20.50287541 18.097286 16.49052173 15.47079223 15.01212095 15.11382319 15.68823688 17.49634999 19.53990288 21.19704529 22.33879769 23.32195 23.57051692 23.59259571 23.36871064 22.87257719 22.00688992 21.66087413 20.79039533 20.00054574 19.32207142 18.0603588 17.98068486 17.30443604 17.09910494 17.34891375 16.95784644 18.06189093 18.54629477 19.33239011 20.39117443 20.47177292 20.78015103 20.03106282 20.23231021 21.33301542 21.82065601 22.70446203 23.22913084 23.54053339 23.69000895 23.6833684 23.60111365 23.4881789 23.42531393 23.3861442 23.33918568 23.61214625 23.89940373 24.34693367 24.93284174 25.49043096 -9999 -9999 -9999 -9999 -9999 -9999
-9999 -9999 -9999 -9999 -9999 22.25619718 20.13121911 17.99644188 16.50399882 15.79873092 15.57333062 15.86191205 16.9101707 18.70045334 20.74957192 22.13554739 22.72716944 22.98964335 23.15637897 23.10856807 22.96134332 22.68748585 22.28838868 22.05052357 21.73194306 21.26554298 20.75060448 20.18911801 19.75482586 19.47035325 19.33950796 19.45839092 19.77871109 20.04057103 20.51297962 21.33873006 22.49972977 23.28773138 23.33827155 22.998594 22.9187547 22.97732954 23.20924411 23.22225037 23.22092275 23.24602741 23.2836354 23.23640057 23.17908473 23.00867028 22.92373775 22.92042272 22.90296559 23.01357934 23.2003462 23.70866199 24.51876516 25.17643417 -9999 -9999 -9999 -9999 -9999 -9999
-9999 -9999 -9999 -9999 -9999 21.58337012 19.58443409 17.56383884 16.67293269 16.19584614 16.20125799 16.80433016 17.80607795 19.69185646 21.72028946 22.82479306 22.71912451 22.58645914 22.6875018 22.62812504 22.62330782 22.67506496 22.65101251 22.53570924 22.7274214 22.50321416 22.05104655 22.14062589 21.32546425 21.24437831 21.32051917 21.42752867 21.95738541 21.82750534 22.21669329 22.83111557 23.69321269 25.0545028 24.70751147 25.01589091 25.04570218 24.23310478 24.3869208 23.56938702 23.18381138 23.00171449 22.9720199 22.93014678 22.92066698 22.72334805 22.66351425 22.71709815 22.61154831 22.70136372 22.70555357 23.21175714 24.19270236 25.02147645 -9999 -9999 -9999 -9999 -9999 -9999
-9999 -9999 -9999 -9999 -9999 20.13495669 18.88118005 17.83261929 17.13155857 16.95795014 17.24092092 17.92814886 18.98943779 20.42145171 21.7631275 22.54243159 22.6227736 22.47895777 22.50970513 22.54688068 22.61284629 22.69594467 22.76970238 22.84423018 22.95473933 22.83477958 22.51392529 22.28305337 21.94691808 21.9147083 22.00764501 22.17485273 22.44449699 22.57104181 22.9458916 23.40736673 23.90358666 24.46307512 24.65397387 24.76084894 24.6250924 24.11816982 23.77969678 23.33210215 23.0821567 22.93064717 22.94305229 22.99618628 22.98872616 22.93412525 22.88786516 22.87553685 22.84194123 22.73777969 22.75084292 23.18241652 23.99882172 24.78885837 -9999 -9999 -9999 -9999 -9999 -9999
-9999 -9999 -9999 21.31079687 19.71662063 18.55898071 18.03925727 17.85692252 17.82222176 18.05824168 18.57572172 19.29038593 20.09470152 21.00804973 21.81143808 22.33854184 22.42367061 22.39853381 22.51836001 22.59420282 22.67565967 22.75203203 22.81017124 22.91427851 22.99667437 22.86141497 22.52697509 22.20835074 22.03174951 22.01299459 22.09637986 22.23682971 22.52524591 22.80522261 23.2093202 23.56813133 23.70707054 23.84561328 24.00000181 23.8091657 23.59039627 23.31975687 23.02072324 22.90092076 22.84862892 22.82624695 22.98068002 23.09740039 23.1139888 23.16013885 23.13208418 23.06257239 23.06620457 22.87218302 22.81543799 23.15261416 23.81384462 24.54834029 24.99893335 -9999 -9999 -9999 -9999 -9999
-9999 -9999 21.81015074 19.98179437 18.07905379 17.15109668 17.20865465 17.71003931 18.61305385 19.7054023 20.47225531 20.83711413 21.24851722 21.64595765 21.95343184 22.22185892 22.35832565 22.44232916 22.59712115 22.71870321 22.82153788 22.87189945 22.91159899 23.01188667 23.04890061 22.92713741 22.63464808 22.33765892 22.15091373 22.06277374 22.12019157 22.3013996 22.52043119 22.85690533 23.15078297 23.34439561 23.41391219 23.3083707 23.2505597 23.06011107 22.91447698 22.81085301 22.67516708 22.67241731 22.71172363 22.80214554 22.98016028 23.13464963 23.16767721 23.15772006 23.12288391 23.07147586 23.02685403 22.90584365 22.88561133 23.12146235 23.49225294 24.01200941 24.64325742 25.21542964 -9999 -9999 -9999 -9999
-9999 -9999 20.81435787 18.83822168 16.89698199 16.22897989 16.9081788 17.81544795 19.3152329 20.98065318 21.83620127 21.87021527 22.02852625 22.04429877 22.06351668 22.21871337 22.36168535 22.51759533 22.68184346 22.81445473 22.92354777 22.9574959 22.99855411 23.08825758 23.15606793 23.03851146 22.75367074 22.46972067 22.29227422 22.19043634 22.23795831 22.40288725 22.59522004 22.94762419 23.19750812 23.30326508 23.215091 22.95559837 22.90175124 22.69299001 22.56471346 22.53389219 22.454976 22.51652444 22.63164446 22.75825892 22.9503798 23.11265257 23.09664701 23.07600712 23.03991489 22.99264878 22.97684479 22.91241804 22.90597195 23.01465112 23.24837576 23.63766752 24.39600491 25.09476896 -9999 -9999 -9999 -9999
22.80293571 21.30831939 19.58090951 17.90744581 16.59947848 16.3569597 17.11744767 18.51799426 20.05680308 21.54991659 22.41200867 22.42498349 22.23463338 22.23226237 22.22991605 22.26608862 22.3798126 22.46013102 22.68400032 22.85436521 22.97852154 23.03477134 23.06684285 23.14836492 23.18369567 23.10490148 22.90027175 22.66737591 22.52929445 22.44028169 22.47002198 22.63829995 22.81869522 23.09441384 23.28948454 23.32105018 23.22893838 23.01168551 22.83987296 22.62248461 22.50560951 22.42393634 22.37218465 22.49153321 22.5914751 22.72812262 22.89749672 22.97189254 23.00409229 22.97166535 22.94846872 22.93933486 22.94676693 22.93281508 22.90040893 22.97963359 23.1843858 23.6184091 24.24706514 24.95859814 -9999 -9999 -9999 -9999
21.87814254 20.28926495 18.65102839 17.39048283 16.54509739 16.55548037 17.53298708 18.9667081 20.48041965 21.96322596 22.78049907 22.68405779 22.50040712 22.52645642 22.49814836 22.5375519 22.59624967 22.6244715 22.81229322 22.9635724 23.06229051 23.10631123 23.12346743 23.17685459 23.21140573 23.17318582 23.05109134 22.93434722 22.88941861 22.8493995 22.89507583 23.0131176 23.12340019 23.29705695 23.40671838 23.40873312 23.30816883 23.12392001 22.95669689 22.72684521 22.6113041 22.5407375 22.48616007 22.5964265 22.67939182 22.78499159 22.90002012 22.91987706 22.9384682 22.9250514 22.90727294 22.9002738 22.8930862 22.82898927 22.85639149 22.99376979 23.20947493 23.57469692 24.09029236 24.67050083 25.1154916 -9999 -9999 -9999
20.54974502 19.31846871 17.98194664 17.12492463 16.69269193 16.9843186 17.88572554 19.14190555 20.75021011 22.18775121 22.98021772 23.00550325 22.90134266 22.879925 22.94436791 22.96749724 22.94957418 23.02250208 23.05638012 23.11865346 23.16708719 23.16156403 23.17102405 23.18950931 23.20601459 23.21770343 23.22280173 23.26096856 23.28121912 23.40352352 23.45173889 23.43212865 23.49859503 23.50933001 23.52839469 23.4867225 23.38318879 23.25536629 23.10906233 22.97695137 22.88810814 22.82986859 22.83240082 22.8679449 22.900132 22.90782414 22.90682322 22.87558932 22.90991655 22.88385984 22.84815549 22.77811651 22.6842094 22.73724372 22.84839161 23.02618403 23.27353373 23.57417764 23.8804607 24.16808465 24.51626629 24.89264565 25.19978164 -9999
