meets/meet004/data/CCSM_0k_neotropic_bio17.asc
NCOLS 154 
NROWS 168 
XLLCORNER -112 
YLLCORNER -55.5 
CELLSIZE 0.5 
NODATA_value -9999 
[rows 87 to 115 of 168, columns 64 to 127 of 154]
-9999 -9999 -9999 -9999 -9999 -9999 -9999 -9999 -9999 18.59395222 22.80300303 31.31214049 42.69162439 56.5956853 78.89660707 96.74880217 117.2273616 139.7236871 168.313409 191.8441499 211.9823798 226.2525201 242.0187526 218.679567 191.3496763 159.3091286 126.280536 89.37987743 66.04998215 49.53880511 42.05406968 33.84760795 29.93892113 26.66306087 24.26447027 22.55625179 20.15713238 18.10050337 16.0031725 14.00981384 12.59349184 10.92911573 9.490267014 8.281315571 7.263822088 6.627510498 5.931343825 5.40870022 4.974524082 4.631605298 4.379492626 4.038149367 3.801402009 3.600531404 3.514321907 3.504791424 3.544296172 3.650807871 4.012516367 4.552725315 5.220287485 6.763123382 8.467070162 10.48953452
-9999 -9999 -9999 -9999 -9999 -9999 -9999 -9999 -9999 -9999 -9999 25.31362474 31.34247236 39.50434059 57.07080141 65.73719661 80.9568654 105.0936799 121.421034 153.3027011 181.3361841 208.3770608 232.6493528 226.1789896 207.925334 190.8481674 155.2626478 121.4654178 99.02038504 71.72905679 53.88273088 43.35126213 33.80960544 30.76361926 27.07992257 23.94365614 21.34443089 19.19040126 17.14903301 14.89882206 13.25305367 11.46419925 10.0834533 8.911435228 7.732075093 6.986297184 6.315352792 5.839748928 5.497904187 5.120135513 4.903001227 4.58109631 4.39045607 4.295275603 4.164856105 4.192137944 4.303671472 4.364689568 4.770865872 5.316085764 6.0218551 7.861573293 9.334538626 11.35141847
-9999 -9999 -9999 -9999 -9999 -9999 -9999 -9999 -9999 -9999 -9999 -9999 -9999 35.40594948 42.01045004 51.27370301 65.17565648 80.38230694 96.84485842 122.09924 148.6228884 184.7064744 204.7821336 213.5063303 220.3216407 202.8731185 174.5752111 149.5722916 123.734935 91.79963019 74.53733078 55.57629603 43.4488916 37.33781968 29.57132876 26.70837439 22.70389035 20.31905796 18.33363693 16.12186555 14.49052112 12.28283217 10.77763829 9.627774118 8.433333423 7.702983873 6.853108073 6.362564969 6.038395554 5.793213942 5.563014367 5.253433143 5.059992169 4.993226454 5.051233336 5.07290785 5.079846527 5.14619877 5.481952129 6.093051847 6.794712714 8.441720637 10.00460416 11.88224356
-9999 -9999 -9999 -9999 -9999 -9999 -9999 -9999 -9999 -9999 -9999 -9999 -9999 -9999 -9999 40.29916554 48.86819998 58.67010826 71.66269255 97.23892411 115.7084589 143.2769618 164.9732611 188.6008109 199.4599435 199.9682208 183.937819 168.8333581 144.5894547 112.2585531 93.7429255 75.57580464 54.51074964 44.29787938 34.27398019 29.24048747 26.05623321 22.67852445 20.25371033 17.88088263 16.0487607 14.2251469 12.41333729 10.94495388 9.576760716 8.611786596 7.983564405 7.368901984 6.956434682 6.572296229 6.400561255 6.334629661 6.219091856 6.211437384 6.162258707 6.15728085 6.270449861 6.319047038 6.616985326 6.915665057 7.504957216 9.065015269 10.66704178 12.60284022
-9999 -9999 -9999 -9999 -9999 -9999 -9999 -9999 -9999 -9999 -9999 -9999 -9999 -9999 -9999 -9999 -9999 43.02274509 51.60961696 64.3798082 84.55721684 106.0527024 124.3768563 150.4691105 167.1415685 168.3727295 177.2111753 176.3673744 157.0526482 131.8040494 111.1682957 89.18300642 65.47816707 53.06078052 38.43608235 33.49173194 28.48972128 25.18798811 22.6691045 20.1405242 18.34440452 15.82295903 14.30764847 12.59362859 11.06364333 10.13304894 8.945800444 8.485103444 7.927223547 7.692609184 7.533953431 7.311546827 7.432873951 7.379554925 7.547905353 7.554818646 7.402747127 7.452272625 7.469882174 7.796734161 8.378762234 9.633197848 10.76131552 12.62309602
-9999 -9999 -9999 -9999 -9999 -9999 -9999 -9999 -9999 -9999 -9999 -9999 -9999 -9999 -9999 -9999 -9999 30.39201912 36.05999756 45.65325287 53.61231212 64.08102425 83.94035187 104.5223196 122.0017128 137.0016983 153.4102262 161.8326903 147.1460625 136.5670773 119.5201421 97.39881769 74.0354177 60.82541224 43.82414284 37.73693704 32.76320412 28.05756654 25.51986175 22.80407699 21.0360475 18.84231866 16.7123492 14.89948296 13.15440943 12.07507997 10.97834853 10.12259576 9.612471675 9.181663277 9.024043242 9.015430747 8.971543766 8.971366938 9.04345679 8.98237907 8.856154855 8.706391574 8.76417944 8.851291382 9.152817928 10.15829425 11.54949803 13.4120992
-9999 -9999 -9999 -9999 -9999 -9999 -9999 -9999 -9999 -9999 -9999 -9999 -9999 -9999 -9999 -9999 -9999 -9999 -9999 28.87754638 36.30513537 45.77967315 52.44670532 69.88823931 88.17973536 99.36143918 118.4106681 119.7422847 127.5075718 129.3235255 116.731228 94.47991322 80.20002106 65.05850715 47.36173872 40.81964614 34.94740438 30.84762151 28.27091242 25.48096994 23.63243417 21.03916943 19.44092607 17.24047761 15.39563063 14.216128 12.66326604 12.0437436 11.26302752 10.99964977 10.80506089 10.38832043 10.5483256 10.34041685 10.43259771 10.32841192 9.916297627 9.861858192 9.65919781 9.744410522 10.05522541 11.01684509 12.19659875 13.94541983
-9999 -9999 -9999 -9999 -9999 -9999 -9999 -9999 -9999 -9999 -9999 -9999 -9999 -9999 -9999 -9999 -9999 -9999 -9999 20.02234063 21.39998764 25.51695031 33.65513948 41.15663306 56.07434458 67.00306767 81.76996235 94.39633957 104.2258128 112.7650093 109.1170328 93.16117909 81.0967135 65.84112183 50.95907158 43.86139807 38.20875281 33.14008041 30.83969528 28.20155007 26.60470708 24.47750827 22.29786151 20.36549935 18.3540453 17.05937712 15.72174313 14.69517376 14.04239227 13.45353495 13.13375144 12.79931626 12.5710845 12.26144852 12.08097971 11.86186906 11.52961365 11.26826368 11.09175041 11.14275385 11.32318427 12.27708068 13.67723629 15.75689902
-9999 -9999 -9999 -9999 -9999 -9999 -9999 -9999 -9999 -9999 -9999 -9999 -9999 -9999 -9999 -9999 -9999 -9999 -9999 -9999 16.52119466 19.14211047 22.03915746 30.35034513 37.63975223 49.02654583 60.19483904 68.45287531 82.37778671 95.40145005 91.72496172 87.00977577 76.90603055 65.81165814 51.44686121 44.22074439 38.5394739 34.85746512 32.62720223 30.60401416 29.06154625 26.95584437 25.24812087 23.25324632 21.30412139 19.96790692 18.52493629 17.70152668 16.97114718 16.2444141 15.83409021 15.07016087 14.68494879 14.08670246 13.66475085 13.40726663 12.95597964 12.68462859 12.4319852 12.59449161 12.80530979 13.79379425 15.10170999 17.47840837
-9999 -9999 -9999 -9999 -9999 -9999 -9999 -9999 -9999 -9999 -9999 -9999 -9999 -9999 -9999 -9999 -9999 -9999 -9999 -9999 12.51129535 13.45997495 16.02074218 20.6787784 26.79079178 30.46766679 37.86854205 49.59594779 61.78276509 73.64511938 79.8215411 78.05697379 73.20185029 61.24763263 51.54425202 44.99196723 39.84369245 35.91539031 34.53226001 32.81787259 31.78889438 30.15728228 28.54438256 26.75970382 24.9981423 23.78497395 22.54226523 21.51510231 20.63836448 19.92813064 19.24427349 18.18184423 17.40488271 16.59086958 15.95916066 15.54374456 14.99580138 14.79414463 14.62606022 14.83608431 15.13849072 16.3778528 17.96504745 20.41644805
-9999 -9999 -9999 -9999 -9999 -9999 -9999 -9999 -9999 -9999 -9999 -9999 -9999 -9999 -9999 -9999 -9999 -9999 -9999 -9999 11.09086216 12.05125807 12.79254263 16.66248771 21.53141183 25.25655629 32.56552075 40.15694252 49.52530388 65.99760779 72.29747992 69.19121765 67.19293729 59.81305493 49.32060507 42.83642488 39.12461599 36.71046844 35.92772679 34.73002039 33.83990475 33.07732108 32.05700941 30.61322324 28.69437353 27.51090863 26.66864372 25.66723897 25.03409846 23.82245253 23.0211532 21.63471082 20.43012644 19.67423083 18.52773639 18.06868228 17.54758953 17.1827017 17.35069664 17.52878769 17.93548744 19.62098731 20.94477746 23.50692479
-9999 -9999 -9999 -9999 -9999 -9999 -9999 -9999 -9999 -9999 -9999 -9999 -9999 -9999 -9999 -9999 -9999 -9999 -9999 -9999 11.06509316 10.63711155 11.53958526 14.98807889 18.67905384 20.6902418 26.37291804 35.64258567 46.28780819 57.61276634 65.00327113 65.97195062 63.53716955 54.92703406 47.49554089 42.33805349 39.03266633 36.97739129 36.93091861 36.90690456 36.73537104 36.05265855 35.39901157 34.38066301 33.30186236 32.46129362 31.45581467 30.72723965 29.66895405 28.70928693 27.63322952 25.94238098 24.64934947 23.27803762 22.26258426 21.63845061 20.96637765 20.85355965 20.86941453 21.36938951 21.92726362 23.27145527 25.0341932 27.52615965
-9999 -9999 -9999 -9999 -9999 -9999 -9999 -9999 -9999 -9999 -9999 -9999 -9999 -9999 -9999 -9999 -9999 -9999 -9999 -9999 10.47151935 9.913098555 11.01363115 13.82503836 17.36063676 18.87325595 24.65164021 32.08560397 43.00857764 56.71970903 63.62638634 63.55307221 60.07080228 52.9727128 44.02395244 40.2593557 37.96444889 37.42925385 38.33991791 39.16456873 39.72251271 39.67201547 39.23915453 39.06255674 38.18641952 37.74056982 37.07281953 36.31110657 35.78678577 34.37319581 33.13896706 31.58822988 29.61042709 28.67066593 27.15270511 26.49572019 26.16629523 25.51103945 26.42260402 26.80518828 27.75646995 29.13019732 30.24213045 33.08034167
-9999 -9999 -9999 -9999 -9999 -9999 -9999 -9999 -9999 -9999 -9999 -9999 -9999 -9999 -9999 -9999 -9999 -9999 -9999 -9999 11.34592314 10.77475966 11.27773925 13.71244303 16.12362116 17.46277942 23.90075732 32.27526882 43.22247542 54.50017562 60.97789071 60.47859366 57.2785354 49.98474517 42.86853289 39.49256895 38.51515856 38.46425228 39.93445504 41.44528958 42.14524774 42.7154308 43.2081964 43.11229645 42.98199949 42.64270827 42.08166949 41.83845735 40.87765335 39.85065747 38.61985205 36.70171567 35.22522992 33.49465625 32.40850276 31.72024827 31.02208638 31.30344597 31.58226902 32.78125424 33.70413338 34.68275829 36.72021346 38.83387821
-9999 -9999 -9999 -9999 -9999 -9999 -9999 -9999 -9999 -9999 -9999 -9999 -9999 -9999 -9999 -9999 -9999 -9999 -9999 -9999 11.36182644 11.39696872 12.28375635 13.92488359 16.15306823 17.03125131 24.48684256 31.00018022 42.58062188 54.85532025 60.46977586 58.26596257 55.0523991 47.5543993 40.33862444 38.49282087 38.67206322 39.85860793 42.23053596 44.1158115 45.53226431 47.00908898 47.77988701 48.7433666 48.52572305 48.80262075 49.10339407 48.42523801 48.51584499 47.08365019 45.96279475 44.47696125 42.281831 41.57620435 39.83047533 39.51055733 39.6859935 39.0927459 41.05634525 41.91129339 43.71485175 45.72570573 46.24386777 49.81162384
-9999 -9999 -9999 -9999 -9999 -9999 -9999 -9999 -9999 -9999 -9999 -9999 -9999 -9999 -9999 -9999 -9999 -9999 -9999 14.33703097 12.36667246 12.4690858 13.21197901 14.85298705 16.28427849 17.08607609 23.64128378 31.56153483 41.76458562 52.37183693 57.41056607 55.59310084 51.7400589 45.81376179 40.03098847 38.64726628 39.78508609 41.78050761 44.57257327 47.28563218 48.72822928 50.36395123 52.16130676 52.96270172 53.95653199 54.26010046 54.41008594 54.85128597 54.2235031 53.87407929 52.84342154 50.94022862 49.78777289 48.15811357 47.6509915 47.37150197 47.23734846 48.62256148 49.70723643 52.42168234 54.1760292 55.36737711 58.6503828 60.61272163
-9999 -9999 -9999 -9999 -9999 -9999 -9999 -9999 -9999 -9999 -9999 -9999 -9999 -9999 -9999 -9999 -9999 -9999 -9999 13.66740851 13.51620014 14.3591988 15.47700141 16.18233143 17.50631682 17.56608064 24.24631982 30.43931983 40.29913626 50.87458907 55.06069411 52.60486701 49.09257803 43.76263776 38.6083457 38.82083016 41.1472235 44.00680287 47.40086219 50.70525593 52.95437701 55.4898741 57.05423449 59.1732847 60.27525808 61.46794133 62.61476258 62.58603383 63.58296579 62.83656204 62.77764592 61.77160629 60.5385915 60.60369641 59.4495462 59.89325021 61.40854267 61.58509828 65.15818211 67.67214222 71.64885307 75.25209932 76.72288693 78.65967232
-9999 -9999 -9999 -9999 -9999 -9999 -9999 -9999 -9999 -9999 -9999 -9999 -9999 -9999 -9999 -9999 -9999 -9999 -9999 14.78072045 12.2424409 16.48862945 17.58938115 18.29174963 18.60517591 18.75732869 23.75628877 30.58110549 38.84187622 47.29810967 51.72484075 49.45593541 46.51192172 42.44469239 39.36667312 39.37273435 42.87601043 46.50255669 50.37153062 54.61785183 56.84237058 59.200705 62.16996688 64.30225247 67.59865362 68.72934446 69.07846661 70.73115535 70.93259086 73.41156449 73.12617489 70.82660595 71.39504848 70.93622317 73.38359978 73.77767889 73.32420827 76.75378414 78.99041813 86.8809857 90.64816399 92.24608965 94.88757393 96.00283362
-9999 -9999 -9999 -9999 -9999 -9999 -9999 -9999 -9999 -9999 -9999 -9999 -9999 -9999 -9999 -9999 -9999 -9999 -9999 13.36991345 10.5990601 15.14420728 20.95043903 20.60099464 20.58962452 19.81287838 24.65450206 29.94066587 37.14408833 45.23299545 48.42866654 46.70390309 44.36007394 41.62754276 39.21157554 41.08254777 45.3278812 49.71544163 53.64502641 57.94868164 61.15525452 65.10915047 68.62978571 71.33236952 74.06809532 76.64784361 79.16892362 81.5298007 82.4947936 83.55802754 84.97127639 86.11554022 87.28409726 87.81886195 88.29114487 89.72947474 93.10394549 97.12328444 100.8360619 106.0869639 113.0266024 118.3523599 120.4550604 119.5410882
-9999 -9999 -9999 -9999 -9999 -9999 -9999 -9999 -9999 -9999 -9999 -9999 -9999 -9999 -9999 -9999 -9999 -9999 -9999 12.35781116 9.888837404 13.20696559 19.62298484 23.20902984 21.77194023 21.0292653 24.80583181 29.58213881 36.14112636 42.8025405 46.02273943 45.51314883 43.26764663 41.13592029 40.91878426 42.6883182 47.43051807 51.97985277 56.54469605 62.33917531 65.4493418 69.94982225 73.44881836 77.16298963 82.30405795 84.73715351 87.73593937 90.00102561 92.74754224 96.66548953 98.07255357 99.64053771 101.1181663 103.3140914 107.2569151 108.5921011 111.4080271 114.3149767 121.0929362 130.6865129 137.4737462 140.2711002 142.1016871 137.2792118
-9999 -9999 -9999 -9999 -9999 -9999 -9999 -9999 -9999 -9999 -9999 -9999 -9999 -9999 -9999 -9999 -9999 -9999 -9999 11.48726653 9.376370876 11.93669574 17.47379283 25.0848447 22.74859495 21.682898 24.82939401 29.20795259 35.3710413 41.86079644 44.39264302 43.52467436 42.7677184 41.94541648 41.91901921 45.09246229 50.35723122 55.55217379 61.18782394 65.89726205 70.36233916 75.7950824 80.70361537 85.81547992 89.49716263 93.63188271 98.6077557 102.5478916 106.7542348 108.7245377 112.6616536 117.7021682 120.6636635 124.0154718 125.0066029 127.403495 133.9254803 138.2107209 147.2469684 152.8039092 161.8946961 167.5845011 168.2708093 160.2532782
-9999 -9999 -9999 -9999 -9999 -9999 -9999 -9999 -9999 -9999 -9999 -9999 -9999 -9999 -9999 -9999 -9999 -9999 -9999 11.15276109 9.311409833 11.66406631 15.6308444 26.0170444 22.82755802 21.72545788 25.06015035 29.75274935 34.98498068 40.8483379 43.44682274 43.92253261 42.39848273 42.85576656 44.43624367 47.41875756 53.24797482 58.59402416 63.76354866 70.96212 75.22510675 81.28009159 87.04665896 91.48104182 98.79270566 102.7367117 107.9303131 113.5768302 116.7187978 123.9354635 127.4361137 132.0541146 137.2547846 138.9538329 144.7009772 146.9625687 151.4059866 157.9099675 164.7422752 176.8959749 185.7354052 186.2218432 189.1385653 -9999
-9999 -9999 -9999 -9999 -9999 -9999 -9999 -9999 -9999 -9999 -9999 -9999 -9999 -9999 -9999 -9999 -9999 -9999 -9999 10.93661546 9.761890956 11.5807177 16.55731656 26.30537239 23.16497388 22.58910166 25.77617255 30.05849432 35.74168922 40.9781379 42.63620904 43.00630857 43.29988277 44.42585967 46.66802676 50.42976837 56.39673208 62.43288031 69.15737744 75.89268182 80.99384758 87.88199247 94.49440151 101.2159401 107.9332157 112.8772944 119.6076974 125.6376587 132.2398988 138.768612 143.9527637 150.3603122 155.8657109 161.0020668 165.1925108 168.073272 174.4745033 180.1168432 189.981208 200.2103292 209.3308771 211.1816823 208.0997255 -9999
-9999 -9999 -9999 -9999 -9999 -9999 -9999 -9999 -9999 -9999 -9999 -9999 -9999 -9999 -9999 -9999 -9999 -9999 13.59712343 11.21071098 10.28751956 13.15886465 17.16337041 27.088586 22.48581265 22.29665931 26.309738 32.43479321 36.40724271 41.63769482 43.09126466 43.63056699 43.08894295 45.19811515 48.75973127 52.94349206 59.83971785 65.8603122 72.03927121 80.8278436 86.43469482 94.32467306 101.6447176 107.3689168 116.7184396 122.1118873 129.5089717 136.81938 142.5438905 151.9170675 157.7337697 164.8793398 172.6294643 175.7727169 182.4701006 185.7298099 191.9925041 198.4873044 206.1146008 217.7195748 226.8751974 225.8898419 225.2747182 -9999
-9999 -9999 -9999 -9999 -9999 -9999 -9999 -9999 -9999 -9999 -9999 -9999 -9999 -9999 -9999 -9999 -9999 -9999 12.68155836 11.94682103 12.42028034 15.79714983 23.94431166 27.96661089 23.86551914 25.63888342 30.41690308 35.19555646 39.4591286 43.44438821 43.32508989 43.23151414 43.991018 47.09957358 51.26138616 56.14762174 63.09881883 70.37397366 78.45032452 86.73773911 93.22812996 101.8213948 110.1712887 118.4637971 126.8885518 133.0403966 141.5318005 149.0694044 157.5645585 165.9890507 172.6664199 181.2758737 188.1803852 195.0048697 200.0219197 203.5586427 210.7740139 216.7849785 226.2045215 234.7427108 242.3696691 242.9423142 238.0142246 -9999
-9999 -9999 -9999 -9999 -9999 -9999 -9999 -9999 -9999 -9999 -9999 -9999 -9999 -9999 -9999 -9999 -9999 -9999 11.91226504 13.27689769 14.76617312 20.76554762 30.7246299 28.35851193 26.25856849 28.78033885 34.95676673 40.15663383 42.99493293 44.17193454 43.45603839 43.30367606 43.69499005 47.70682903 53.18881069 58.48627607 66.62457023 74.14072926 82.34920769 92.47728223 99.50208971 109.3787373 118.1084142 126.3182324 136.3222016 142.9183056 152.0727289 160.1932448 167.6182041 177.758009 184.706093 193.6147937 201.9814877 207.5643251 214.0420381 217.7520852 224.0131199 230.7918832 237.6398143 245.6181506 253.245386 253.0832481 251.5066254 -9999
-9999 -9999 -9999 -9999 -9999 -9999 -9999 -9999 -9999 -9999 -9999 -9999 -9999 -9999 -9999 -9999 -9999 -9999 12.56252716 16.06206414 20.4945961 31.14348875 39.6532648 34.85744655 30.00130293 34.23908415 39.74601009 44.5951302 45.46078795 45.57732878 43.51234413 44.07652376 44.95923403 49.54761877 55.50372292 61.4209873 70.11386895 78.90478108 88.64831003 98.80485974 106.7164921 117.2070863 127.0424495 136.8351327 146.6404757 153.7263251 162.9298886 171.7745598 180.8753215 189.8967112 197.1404868 206.5102678 214.4192424 221.2784112 227.4168101 231.1090583 237.1900103 242.3698185 249.2522044 255.6158033 260.7931192 260.7280724 256.980156 -9999
-9999 -9999 -9999 -9999 -9999 -9999 -9999 -9999 -9999 -9999 -9999 -9999 -9999 -9999 -9999 -9999 -9999 10.54011694 13.54696644 18.98283409 27.41479994 43.36351647 42.10472091 38.95802264 35.00093873 39.53649128 45.14804942 50.88632589 48.07436977 47.36001792 44.79798002 45.01185385 45.79346641 50.62558551 57.72402457 64.15941323 74.63817797 82.63991233 92.07266082 104.5497765 113.9264571 126.2512858 135.2250002 144.2401186 156.4863886 164.6464402 174.7668884 182.5767399 190.2208941 201.0517123 208.2311909 217.8624952 225.8726694 230.5875636 238.0895288 241.4079517 246.2125753 250.1874461 254.4333684 260.8312381 264.4597665 265.16424 -9999 -9999
-9999 -9999 -9999 -9999 -9999 -9999 -9999 -9999 -9999 -9999 -9999 -9999 -9999 -9999 -9999 -9999 -9999 11.94435333 15.97807943 23.42463165 34.44227151 55.31217786 47.29764092 42.74006492 41.13650602 45.52523682 48.3764523 51.65064389 50.8107832 48.27405171 45.81057575 46.79081491 48.34274178 53.28140907 60.12957325 66.46723032 76.47733797 86.61150288 97.93023909 109.9149912 119.1967041 131.4382351 143.061183 154.2355428 165.3015736 173.2514266 183.4041326 192.9014109 202.0488473 211.2068155 218.0736384 226.6276153 234.48218 240.6821892 246.2799476 249.4124854 253.4985091 256.4043603 259.5124799 263.2223461 266.146528 -9999 -9999 -9999
