meets/meet004/data/CCSM_0k_neotropic_bio12.asc
NCOLS 154 
NROWS 168 
XLLCORNER -112 
YLLCORNER -55.5 
CELLSIZE 0.5 
NODATA_value -9999 
[rows 58 to 86 of 168, columns 64 to 127 of 154]
2801.101818 2407.824397 2006.014074 1740.710814 1578.393769 1643.644406 1826.361103 2002.915321 2079.832663 2143.990765 2220.187134 2360.798094 2498.974741 2573.17324 2630.699435 2674.72891 2741.550405 2817.291523 2857.297383 2891.536786 2893.31883 2867.779826 2841.184507 2787.095577 2730.692334 2674.148207 2626.252462 2601.147049 2578.774245 2568.174536 2574.255395 2606.559656 2631.584293 2664.770314 2687.442371 2695.741088 2695.539811 2680.373226 2655.074899 2609.51014 2556.953001 2468.143673 2352.276563 2206.753143 2030.45675 1880.054181 1733.662491 1600.637961 1526.710525 1468.61687 1465.88282 1511.426787 1568.896796 1667.944512 1768.026115 1873.010962 1975.551557 2057.095494 2125.651165 2161.050745 2176.487668 2169.062351 2130.005058 -9999
2609.487451 2247.160701 1860.673148 1647.837654 1541.191401 1618.365835 1794.732289 1968.09212 2038.02518 2103.361364 2187.496364 2329.777527 2472.069507 2533.527113 2585.106255 2627.350318 2697.641279 2761.129609 2782.568052 2785.457806 2773.117535 2760.716197 2722.972249 2685.393416 2636.772827 2595.201199 2596.560656 2589.614996 2600.060596 2614.230653 2635.925402 2676.849337 2715.602575 2748.064851 2772.828557 2783.916001 2791.638953 2780.802637 2758.63097 2710.067343 2658.250904 2568.885531 2465.521134 2312.70929 2128.829143 1966.606851 1809.033515 1671.317274 1596.506576 1538.859924 1532.657105 1578.987548 1640.904727 1743.117259 1865.301901 1976.201407 2093.474277 2183.626288 2250.372287 2299.704538 2310.922023 2297.912947 2265.031976 2206.869719
2418.361284 2089.568431 1757.803219 1571.87521 1518.479678 1602.228735 1760.543029 1912.875516 2007.514978 2076.849256 2151.14612 2269.524225 2384.924764 2453.52971 2507.354996 2545.870462 2596.841597 2647.964738 2660.738109 2660.077049 2643.576235 2621.957008 2598.653125 2569.740122 2544.202814 2529.202572 2542.229674 2559.461625 2586.155909 2622.521538 2654.708496 2698.615166 2745.404234 2781.331264 2810.450794 2827.2553 2832.943762 2825.728607 2799.681009 2759.905129 2708.92645 2622.749167 2516.882526 2372.681593 2206.659786 2057.23293 1902.093651 1767.102016 1690.723848 1633.442356 1629.948277 1674.588181 1737.144812 1851.194596 1973.859064 2092.85235 2220.461431 2319.194252 2396.020689 2440.317735 2453.131294 2443.274242 2401.302875 2355.919812
2271.708417 1978.212203 1679.195786 1540.5287 1496.141128 1586.45248 1741.312783 1897.631538 1965.026258 2038.254468 2109.123751 2213.785765 2312.022761 2369.61786 2415.710032 2450.66808 2502.128533 2534.304487 2546.87367 2537.288163 2520.969741 2516.211029 2493.206232 2482.998042 2468.102452 2466.670512 2499.276857 2517.767887 2563.328663 2606.790198 2648.785107 2707.234132 2751.17945 2791.936268 2816.755391 2835.768107 2844.143771 2837.893579 2814.099001 2768.471842 2716.561518 2637.154672 2545.191637 2420.037713 2274.561618 2132.792068 1992.629694 1873.921817 1799.746536 1745.719431 1740.421242 1786.029717 1840.065043 1955.985474 2087.084076 2212.494966 2347.44654 2459.310718 2528.56047 2578.993512 2587.982504 2571.576673 2535.338004 2487.158192
2126.273162 1855.054494 1621.495959 1507.678832 1490.663343 1571.229891 1703.334992 1830.81335 1912.625039 1986.189628 2048.783261 2126.354678 2203.909946 2259.589725 2306.273605 2338.91035 2371.259887 2397.742017 2403.40001 2401.334187 2389.538364 2383.711849 2379.131676 2377.353988 2384.531744 2396.388632 2428.240103 2469.579423 2518.258378 2573.022004 2622.563054 2674.598431 2724.587348 2758.859162 2789.570984 2804.577983 2803.264187 2797.546874 2765.858561 2728.686709 2679.994054 2604.190486 2519.711133 2413.370022 2299.446316 2189.720785 2075.217997 1981.90535 1922.320777 1884.794927 1888.05399 1930.445926 1993.421131 2101.306566 2221.686192 2342.238947 2473.690799 2582.39054 2657.882434 2704.449279 2712.607663 2695.660367 2655.865663 2611.646615
2010.466126 1753.312846 1542.411945 1473.073247 1473.800574 1555.813312 1673.023466 1786.336499 1853.884709 1928.443273 1985.868134 2049.234085 2112.686671 2157.165643 2200.856872 2230.581603 2258.824573 2273.849283 2279.042624 2275.357247 2268.02607 2274.319949 2271.918707 2287.595046 2305.679915 2329.271093 2374.59122 2422.234037 2474.1504 2531.607532 2586.286697 2642.830292 2691.883016 2723.477772 2747.933543 2760.64876 2757.573717 2744.789468 2714.732752 2672.237003 2624.668962 2559.112831 2489.95736 2403.778024 2312.598459 2220.239923 2139.771479 2081.354099 2039.448634 2023.948249 2035.780791 2082.112153 2153.902137 2243.483325 2356.707656 2472.383016 2595.993767 2701.443715 2766.228244 2815.141421 2821.711706 2798.93346 2768.74242 2717.527944
1842.70739 1641.547435 1482.496775 1431.349855 1460.71496 1532.441176 1621.403808 1714.581347 1790.740418 1859.18296 1909.633636 1955.051298 1998.859902 2040.733391 2082.122646 2109.042132 2126.818499 2139.583035 2144.162767 2146.279352 2145.050512 2152.703726 2164.842379 2185.798719 2215.615437 2246.817852 2293.597917 2347.211316 2402.573265 2465.072929 2519.344182 2570.329254 2619.603584 2649.07598 2673.797638 2682.864199 2671.627604 2657.529894 2623.767613 2586.109344 2544.095222 2486.436029 2429.786775 2362.928967 2297.008326 2237.850952 2187.901212 2151.13563 2135.784551 2141.684391 2167.266222 2221.088433 2292.566293 2383.150916 2485.828356 2588.107746 2694.939315 2788.361173 2852.333448 2894.657932 2901.471537 2881.571477 2849.840494 2813.404076
1690.304614 1513.180068 1373.473067 1375.292993 1430.481621 1500.50361 1584.087169 1653.330444 1719.364319 1784.859269 1827.776625 1872.219658 1894.535569 1934.389012 1968.374637 1990.474971 2011.569166 2016.663777 2022.966887 2023.958109 2026.063768 2045.572294 2058.051466 2085.998006 2119.253331 2155.986743 2214.502319 2264.932047 2322.046949 2385.750338 2439.889187 2497.375993 2543.912451 2569.26995 2589.932049 2596.774909 2586.235566 2570.267544 2539.976781 2498.380136 2464.275529 2418.777725 2376.015717 2332.951226 2278.724432 2245.893883 2217.674694 2203.196788 2215.153027 2234.984629 2273.072948 2339.021511 2409.508343 2490.748228 2594.215225 2680.705334 2779.83326 2863.730784 2910.359886 2951.555768 2958.010171 2941.09598 2915.350338 2891.757312
1564.018456 1423.664177 1321.503278 1312.193565 1371.051436 1439.781661 1508.74196 1570.887409 1638.085665 1703.894623 1744.914339 1771.335714 1800.144946 1832.504985 1860.949701 1881.041962 1893.508576 1902.845812 1908.828408 1914.728178 1920.30879 1936.398815 1958.772117 1989.116281 2028.099551 2067.775726 2119.36643 2176.704148 2234.282833 2296.911044 2350.944919 2400.250749 2446.960122 2474.30364 2495.765468 2502.27564 2490.688833 2476.378181 2448.740565 2419.442965 2390.84778 2357.85478 2328.959155 2298.569055 2273.804635 2255.42551 2249.14646 2253.328672 2274.989162 2311.714851 2356.705479 2421.655626 2494.819605 2575.238478 2662.343914 2742.211982 2820.0003 2889.874848 2939.43182 2974.584245 2985.057098 2976.49452 2961.197692 2947.938909
1489.29017 1348.753767 1247.510936 1258.510642 1317.906756 1386.568423 1461.575526 1506.304479 1563.327017 1621.020674 1654.975117 1682.648234 1715.945297 1737.150033 1760.080989 1772.364719 1785.007117 1797.86967 1799.903695 1807.105542 1812.65214 1830.510872 1857.903367 1885.512701 1928.541276 1967.336769 2018.447225 2079.061342 2128.840896 2192.759013 2244.598363 2292.998643 2344.461645 2365.709106 2389.588446 2399.428628 2390.674579 2383.30633 2360.740242 2338.762399 2320.471954 2298.005583 2283.719068 2270.436712 2263.274328 2263.75343 2269.84342 2289.079612 2321.042549 2365.985111 2414.649472 2478.118705 2552.414565 2620.467525 2702.530636 2768.792987 2835.347194 2899.627004 2934.26163 2971.144183 2982.26848 2977.305342 2981.254923 2969.354878
1447.889573 1349.170767 1264.390698 1258.391427 1305.830492 1373.430412 1447.953178 1505.501946 1526.885227 1547.048909 1573.871417 1616.425107 1653.500055 1671.420203 1677.460687 1684.926067 1699.542116 1711.905415 1715.554923 1716.844999 1722.754793 1743.246471 1769.280937 1799.286754 1835.508645 1873.921621 1924.382519 1978.915178 2032.234838 2087.98964 2137.828752 2186.210701 2230.898708 2261.515899 2285.664631 2297.912096 2298.610529 2295.421437 2283.97676 2271.009197 2259.353626 2250.062574 2245.446239 2247.393957 2256.702619 2269.792557 2293.421852 2324.112783 2361.263536 2408.04045 2457.474091 2517.88922 2582.379872 2647.118264 2714.911822 2773.418687 2826.173493 2874.031178 2909.257754 2938.400955 2952.190441 2955.555317 2958.491746 2962.457413
1460.363788 1387.288491 1292.167993 1292.526111 1322.046649 1379.514267 1446.440316 1510.939124 1488.406769 1482.604945 1498.747693 1553.50084 1606.591387 1605.505514 1604.633093 1602.833335 1615.176954 1637.465863 1629.697794 1632.415284 1634.918579 1651.574248 1683.442281 1700.653559 1740.108255 1773.539137 1817.104179 1875.220727 1914.303334 1975.255101 2021.711976 2062.750766 2117.016361 2139.366389 2175.024201 2194.438974 2195.933839 2208.884091 2201.875956 2203.14267 2203.036693 2199.352397 2208.638525 2219.497752 2242.372243 2267.628221 2301.102339 2343.5836 2380.955635 2431.540597 2477.851782 2532.543685 2590.173902 2638.595607 2701.286201 2746.057439 2782.691834 2828.894492 2844.732926 2875.150599 2885.716007 2882.797685 2901.064464 2897.078276
1509.048166 1461.711015 1395.099237 1377.188489 1364.732554 1397.501215 1449.427504 1480.981665 1466.965541 1442.400379 1455.505941 1514.110741 1561.404937 1564.813299 1548.623621 1542.314666 1559.015196 1572.295868 1572.137563 1564.529271 1565.437504 1583.793635 1605.257894 1628.013803 1653.09445 1683.717856 1727.685331 1773.849509 1819.99462 1867.035338 1911.195475 1958.727571 2002.527899 2039.803768 2071.833941 2095.422012 2115.352902 2130.600301 2140.811836 2148.642271 2156.235061 2168.220075 2181.392447 2202.374959 2229.70579 2261.424089 2302.070007 2347.02426 2391.575095 2438.48218 2482.582895 2529.33577 2577.081834 2617.854396 2661.17684 2698.248833 2728.005761 2754.877179 2771.03911 2783.306136 2791.260178 2794.084762 2797.392755 2803.581979
1509.636855 1537.587679 1516.944083 1491.865473 1447.43146 1445.867821 1475.387611 1490.450898 1458.554341 1424.879589 1424.721098 1476.028038 1531.308018 1521.203525 1501.528643 1490.610945 1503.509954 1522.128898 1514.144091 1507.000378 1504.229579 1515.954448 1537.907521 1548.9208 1572.999709 1596.552975 1631.122794 1676.639948 1709.992657 1759.433181 1799.249768 1840.497857 1890.808345 1921.655044 1964.160316 1995.16453 2019.40333 2049.529936 2065.916989 2088.738452 2108.993317 2127.034253 2151.735922 2174.65154 2208.246258 2243.961724 2288.01962 2337.003787 2376.208006 2424.325916 2460.880826 2496.193955 2538.702276 2561.557334 2597.732627 2624.487606 2640.711811 2667.711123 2666.030198 2674.45647 2674.626412 2666.075102 2675.292782 2666.541292
-9999 1584.720552 1695.234766 1660.221975 1562.742911 1525.488609 1529.892702 1531.033067 1490.699072 1439.06302 1429.561651 1469.739309 1504.124368 1496.235911 1470.251681 1458.303123 1474.747521 1485.521173 1480.781203 1465.772397 1461.750955 1473.686009 1485.10644 1496.669737 1505.435645 1526.203188 1559.304235 1591.614613 1627.997103 1660.628481 1698.678642 1745.969424 1786.60662 1828.83097 1864.31964 1898.214784 1940.698345 1973.813074 2006.372181 2032.900296 2060.378599 2096.676725 2126.945165 2156.522104 2181.360591 2219.067789 2271.309302 2317.328595 2356.227961 2389.362926 2421.181064 2452.046742 2478.434273 2499.402007 2514.250785 2536.749838 2557.235894 2568.739483 2568.462249 2556.852274 2553.136763 2550.557432 2542.304002 2531.376804
-9999 -9999 1799.045145 1775.234471 1674.557733 1606.824233 1588.946481 1585.989668 1540.396085 1483.876918 1454.728496 1468.520483 1481.516103 1463.018652 1443.929478 1434.062072 1441.779352 1450.50163 1443.895981 1434.155328 1428.628789 1431.007364 1437.341707 1443.420983 1454.031088 1467.430606 1488.559143 1513.418426 1542.942285 1578.755355 1610.863666 1647.95523 1685.885495 1726.386415 1771.732516 1809.662441 1850.005359 1889.431969 1928.285473 1971.463182 2009.026725 2047.560954 2084.828589 2117.248463 2151.463758 2187.055196 2229.179051 2269.912293 2301.384264 2334.520834 2356.620485 2371.665594 2389.298837 2402.640932 2421.563932 2437.604959 2444.58946 2452.146587 2445.864188 2438.729681 2427.392842 2405.466306 2393.155746 2373.752705
-9999 -9999 -9999 1842.581936 1754.484218 1675.311968 1658.160902 1655.103495 1608.296901 1561.321249 1518.833032 1485.058962 1468.319813 1444.319033 1422.324219 1412.894199 1418.314184 1423.922739 1417.749397 1407.352821 1401.375395 1401.794816 1402.676343 1407.826479 1410.220007 1421.361226 1439.201859 1457.993633 1483.188266 1507.165695 1537.193531 1574.516088 1606.754112 1647.878131 1685.486756 1724.304171 1773.217102 1812.452968 1859.459885 1903.697369 1945.41235 1994.959866 2037.376374 2075.147665 2110.489802 2144.361274 2179.929974 2208.956228 2234.738417 2251.672193 2268.530896 2283.145945 2292.174956 2305.882443 2313.421889 2327.341504 2337.929973 2339.517376 2332.508898 2312.566182 2297.210366 2276.984735 2254.284827 2232.272943
-9999 -9999 -9999 1812.476943 1772.658116 1715.717841 1703.345532 1716.745089 1709.794326 1681.458548 1629.885972 1559.405569 1480.683203 1433.032187 1408.210408 1396.926439 1393.481212 1393.259836 1389.163474 1381.077667 1374.487798 1370.35848 1370.272118 1370.98978 1373.555517 1381.01072 1392.599094 1409.034763 1427.549905 1449.371053 1474.157923 1503.909711 1537.253308 1571.406951 1609.297036 1646.704837 1689.976288 1735.861682 1779.996335 1828.71554 1873.115122 1920.554547 1968.373263 2005.616011 2046.406012 2077.735812 2101.551712 2128.240113 2144.427694 2158.875251 2169.861017 2175.839962 2184.496273 2190.004156 2200.242247 2209.509482 2211.53064 2213.638212 2196.875662 2179.267228 2160.403045 2132.610279 2110.093738 2077.624318
-9999 -9999 -9999 1684.517208 1725.123022 1711.266222 1735.57359 1774.856429 1813.130489 1845.379353 1794.42837 1661.16647 1532.359863 1450.127482 1405.011528 1387.522848 1371.803075 1368.404528 1364.502034 1355.102903 1347.28615 1344.100094 1342.564005 1342.769036 1342.895017 1348.949496 1360.703753 1373.418482 1389.378102 1405.050853 1427.625594 1456.213421 1484.597285 1515.431848 1546.582969 1582.750719 1627.040993 1666.564499 1712.341413 1756.991737 1800.104551 1848.923826 1888.530563 1931.582661 1969.302269 1998.528738 2022.107858 2036.51088 2055.880772 2063.816601 2072.67172 2079.853024 2078.834343 2089.559994 2092.6333 2097.884605 2098.272994 2090.133793 2079.387713 2053.342147 2031.200929 2005.561083 1973.863671 1952.504673
-9999 -9999 -9999 -9999 1606.061571 1672.461915 1733.688539 1814.326266 1928.643598 2032.82719 2009.891722 1847.089313 1667.943399 1551.402059 1452.495371 1398.763706 1369.945004 1355.955026 1340.407674 1328.66301 1318.148278 1312.045772 1310.061655 1308.903262 1309.848052 1314.489248 1322.643182 1334.255735 1346.196378 1361.422083 1380.255327 1402.701563 1428.184967 1453.75155 1483.697043 1517.274364 1556.534465 1600.116854 1642.57152 1686.909473 1726.73011 1766.98985 1807.571431 1843.217943 1879.95533 1906.127815 1924.148242 1941.903651 1952.414708 1963.715363 1971.087562 1973.114874 1977.931983 1978.981348 1981.921006 1982.804164 1975.728193 1968.242638 1950.224529 1929.872724 1908.02184 1877.911441 1849.524856 1819.550131
-9999 -9999 -9999 -9999 1449.797754 1594.069125 1726.743602 1830.132374 2019.529665 2235.203932 2239.952917 2043.306536 1851.94121 1692.172793 1584.079264 1494.335552 1383.07491 1392.347566 1329.40655 1305.62003 1290.874945 1282.633439 1277.805517 1279.859715 1277.823728 1281.115054 1290.636451 1297.56722 1311.18139 1321.543806 1338.660821 1360.741073 1378.522069 1404.73652 1428.862614 1462.431066 1505.965508 1542.011639 1589.782691 1628.873039 1665.359572 1703.351974 1733.002806 1767.359754 1793.4779 1816.404341 1838.10364 1850.830687 1864.530189 1870.876085 1877.950353 1885.13154 1885.883423 1888.97687 1881.825631 1878.777698 1873.377236 1857.918972 1847.115953 1823.103462 1800.723725 1773.706323 1741.754953 1716.267168
-9999 -9999 -9999 -9999 -9999 1487.623273 1718.814219 1929.940281 2140.750437 2309.5209 2346.284886 2248.487222 2172.426926 2049.358062 1885.722558 1781.715866 1685.483977 1544.003984 1424.340097 1353.971306 1284.344244 1255.635299 1249.628086 1245.308231 1246.11043 1248.986607 1255.011315 1262.035508 1271.322562 1283.204167 1299.365265 1317.494787 1338.357675 1360.671875 1385.40162 1418.573163 1461.031402 1503.732141 1542.099005 1578.890201 1608.689586 1635.525404 1663.63762 1686.805148 1709.74798 1728.822565 1744.101913 1757.941268 1765.440291 1773.427499 1780.024858 1784.781048 1789.630549 1786.908836 1783.650632 1777.390295 1764.702344 1752.112323 1734.970014 1716.911716 1698.445997 1671.654789 1644.743702 1612.242674
-9999 -9999 -9999 -9999 -9999 1342.949344 1688.650682 2018.260173 2207.857992 2343.686942 2394.929842 2416.667169 2526.832073 2462.932641 2353.936943 2252.543902 2189.746701 1838.79713 1679.693781 1541.661153 1417.508558 1269.555497 1251.014385 1248.94901 1217.120028 1218.860143 1224.703387 1228.704125 1237.480639 1246.59664 1262.446758 1283.638693 1306.019485 1328.707427 1351.678651 1385.829656 1432.676979 1476.617961 1508.539801 1538.152165 1562.684112 1584.479027 1602.359682 1623.834578 1639.811117 1654.821959 1669.418637 1674.718149 1685.092931 1687.680469 1693.06162 1700.717299 1700.962396 1702.081553 1695.668956 1687.73955 1673.905372 1657.151369 1644.802968 1624.218096 1607.749315 1588.278274 1561.563051 1532.060128
-9999 -9999 -9999 -9999 -9999 -9999 1561.820477 1981.992927 2198.661452 2330.380455 2430.387483 2594.219073 2753.041949 2918.156519 3103.742378 3124.747874 2888.655782 2652.556512 2384.750567 2022.359657 1762.069684 1579.371801 1397.514036 1262.125952 1232.426074 1201.577959 1189.051098 1192.878664 1198.364098 1206.694956 1222.582212 1245.181085 1270.728518 1296.186111 1323.919911 1357.829543 1399.017408 1438.029772 1466.735639 1491.157723 1511.108334 1528.214051 1546.397399 1562.632669 1578.225806 1591.330096 1599.396671 1606.788986 1612.175333 1615.998759 1619.392334 1620.565226 1619.299346 1613.339118 1606.50948 1596.599527 1581.44567 1566.72731 1551.744418 1537.129658 1524.134261 1506.625344 1485.388996 1451.58942
-9999 -9999 -9999 -9999 -9999 -9999 1339.532572 1921.093918 2048.690551 2244.993919 2402.744997 2638.633093 2877.933088 3241.910582 3728.77226 3866.179542 3656.952076 3495.682004 3172.557358 2690.423713 2356.712946 2063.261746 1635.76696 1472.95701 1295.2541 1198.396985 1158.853708 1160.613921 1165.458677 1169.151647 1184.240074 1211.929579 1239.818531 1268.612929 1298.977576 1331.55966 1369.704537 1404.191743 1427.436046 1447.46729 1463.649376 1482.416318 1496.302235 1512.8981 1529.166528 1540.549817 1547.875034 1550.465299 1558.531717 1560.010682 1560.387999 1557.329208 1548.001615 1542.663881 1528.944128 1518.221503 1504.575231 1486.821156 1477.332889 1461.095471 1449.743667 1433.632812 1419.124326 1384.878253
-9999 -9999 -9999 -9999 -9999 -9999 -9999 1359.395423 1711.759649 2039.227473 2271.888882 2550.548044 2820.250315 3234.117228 3647.49963 3883.122629 4010.332925 4080.560514 3951.526213 3759.971464 3396.642919 2762.472056 2166.144923 1762.057676 1411.738931 1251.045225 1173.568228 1148.152417 1140.597745 1144.141754 1158.851307 1185.489371 1214.487386 1244.973349 1276.441928 1306.83224 1338.295849 1367.661336 1390.510167 1409.284905 1425.427508 1440.713768 1456.92814 1473.690933 1489.994963 1502.000709 1509.797735 1515.761596 1519.649301 1522.891439 1521.241841 1511.391989 1501.3519 1488.434906 1473.85989 1462.733912 1449.287622 1434.914479 1417.527062 1399.335765 1385.871192 1372.540071 1352.310931 1317.103367
-9999 -9999 -9999 -9999 -9999 -9999 -9999 847.9655906 1276.523569 1734.626593 2032.773566 2316.587819 2612.834914 3017.262338 3309.203249 3606.250547 3980.54426 4314.940617 4282.405501 4398.926191 4121.379237 3313.268485 2618.810873 2115.731441 1617.952984 1353.215697 1233.435809 1148.952638 1135.742963 1131.86345 1141.701641 1167.690665 1196.801974 1225.903038 1256.007468 1280.981193 1307.082521 1333.516183 1349.948034 1370.898857 1385.607612 1398.664659 1417.462209 1432.851854 1452.178894 1465.182889 1471.315991 1482.042633 1484.0158 1489.311817 1486.609144 1470.730916 1461.124026 1443.1339 1430.057029 1419.617442 1404.06475 1394.744241 1373.732223 1352.000307 1335.726069 1317.453716 1297.491057 1258.028538
-9999 -9999 -9999 -9999 -9999 -9999 -9999 560.7469895 922.3943379 1317.546791 1651.016169 1991.624638 2350.401219 2636.061659 2870.424405 3109.030104 3428.666211 3614.539519 3799.135106 3949.172073 3824.369553 3410.101587 2954.901819 2457.734898 1892.268821 1565.059114 1366.744768 1221.195299 1150.315929 1138.10998 1145.742337 1167.872012 1195.262614 1218.439397 1240.11822 1259.956149 1280.900079 1299.989587 1315.768861 1330.815028 1344.871402 1361.414275 1379.403515 1396.61296 1414.163781 1428.258707 1436.816043 1445.588991 1451.491258 1451.687894 1449.303323 1439.689157 1425.36741 1412.517893 1399.826247 1390.840327 1379.669229 1366.81626 1350.622382 1329.28467 1308.716513 1284.038463 1252.254383 1210.080865
-9999 -9999 -9999 -9999 -9999 -9999 -9999 -9999 568.0606934 902.1214555 1216.116112 1589.690044 1969.438083 2150.065833 2407.21727 2621.148359 2824.044363 2924.133739 3212.539173 3312.257988 3352.832379 3311.553853 3115.895006 2758.394845 2247.099405 1900.480096 1622.906378 1351.821045 1254.052377 1187.142585 1155.270834 1170.378017 1192.575527 1206.641766 1221.66712 1234.259577 1247.302417 1263.392734 1273.247219 1285.465318 1297.834753 1312.09891 1332.824903 1347.947624 1369.209671 1386.019812 1397.056921 1409.204452 1419.162494 1423.721059 1424.657584 1417.061484 1402.918022 1393.573674 1383.148827 1376.632706 1367.039077 1356.178169 1341.482701 1320.39646 1293.892032 1258.399456 1221.373718 1174.039406
