meets/meet004/data/CCSM_21k_neotropic_bio09.asc
NCOLS 154 
NROWS 168 
XLLCORNER -112 
YLLCORNER -55.5 
CELLSIZE 0.5 
NODATA_value -9999 
[rows 84 to 111 of 168, columns 64 to 127 of 154]
-9999 -9999 -9999 -9999 -9999 -9999 -9999 17.39178808 12.86390044 7.766144932 4.0629582 1.864643694 -0.132245185 -1.362803345 -3.054962975 -2.807276523 -1.226640062 -0.496781053 2.435722361 4.43198649 7.348984063 10.71645919 13.78609899 17.13089089 20.17990216 22.00422192 22.39269379 22.62865652 22.83264913 22.98330205 22.98823688 22.87155828 22.64230489 21.94166998 21.19456633 20.57711972 20.27364478 20.02250197 19.70803959 19.48931007 19.28857207 19.20851789 19.19616983 19.09949583 18.99476813 19.01385762 19.06093865 18.95035037 19.06546542 18.99203219 19.12392234 19.42937444 19.66136667 19.6811601 19.63479549 19.55597082 19.36527319 19.20350787 19.24303117 19.29947137 19.07824417 18.62885893 18.13735666 17.76880821
-9999 -9999 -9999 -9999 -9999 -9999 -9999 16.28737083 14.11237505 10.81166683 7.405599962 4.045300939 0.694083618 -1.389600235 -3.32985062 -4.102111529 -3.319458991 -2.822748702 -1.441104205 -0.25174079 2.474472273 6.180698169 9.982119572 14.10215965 17.54100519 20.15146815 21.26030965 21.98277115 22.30108614 22.66524703 22.85389747 22.93132808 22.83413274 21.99750258 21.06383967 20.41742328 20.04508974 19.81330386 19.64672008 19.45965376 19.33960174 19.29564251 19.18069634 19.30116795 19.33234967 19.38191461 19.50255934 19.50036339 19.37683522 19.24355231 19.22865945 19.3105751 19.37289577 19.38351968 19.29946163 19.16714872 18.97620851 18.8148795 18.77477362 18.76454784 18.49026492 18.04553208 17.61442883 17.17775239
-9999 -9999 -9999 -9999 -9999 -9999 -9999 -9999 14.97752189 13.51305199 10.86517072 7.305309057 3.245443783 1.084737474 -1.532216399 -3.039149849 -3.103457434 -3.448688514 -2.93238087 -2.886680639 -0.629188437 3.117050684 6.690717521 10.92531095 14.71385602 17.72104891 19.40433371 20.78357891 21.45852384 21.98345963 22.21262081 22.33506797 22.47801376 21.53160745 20.66572831 20.17141569 19.93134118 19.79308497 19.84953088 19.75154472 19.74021683 19.77701646 19.60638879 19.86275374 19.96957436 19.99754094 20.10635156 20.04110507 19.71249764 19.42252715 19.2674789 19.18116164 19.19579254 19.22041058 19.12247612 18.96053048 18.71475619 18.39307962 18.20583448 18.08614728 17.75729947 17.33220153 16.94059285 16.53557589
-9999 -9999 -9999 -9999 -9999 -9999 -9999 -9999 -9999 14.99399687 13.47323231 11.36696245 8.882708089 5.591756377 2.588839523 0.234172568 -1.185935055 -2.290621745 -2.907999259 -3.082678743 -1.731827427 0.858878733 4.085620496 7.594085583 10.98568026 14.25569257 16.79581068 18.81486849 20.02224591 20.74252137 21.21836969 21.09294368 20.75888713 20.54211916 20.18705614 20.0035785 20.05594555 20.20497815 20.26021867 20.41337335 20.53990254 20.63202998 20.85722624 20.79810814 20.84214882 20.76277031 20.58260287 20.35292156 19.847193 19.32651859 19.05886653 19.050603 19.09928924 19.16029538 19.18979815 18.95141236 18.4993421 17.99688297 17.63137015 17.22144314 16.80781657 16.4880447 16.09168861 15.82667929
-9999 -9999 -9999 -9999 -9999 -9999 -9999 -9999 -9999 -9999 -9999 14.08600201 12.92335709 9.937164982 7.008281555 4.068351639 1.614333902 -0.57946142 -2.124139515 -3.062736484 -2.401124327 -0.821126197 1.564146174 4.612064306 7.529303322 10.86601284 13.79153351 16.43823009 18.29871144 19.44968834 20.13593223 20.09225045 19.6876451 19.86116413 19.8712619 19.90634624 20.18605568 20.39574622 20.46035109 20.73343462 20.94392062 21.13395609 21.50204209 21.3686679 21.34710177 21.1786261 20.85031349 20.54476552 19.90338257 19.24801953 18.96700915 19.00634962 19.10923863 19.18434997 19.18516752 18.9132442 18.37965953 17.75206237 17.26626028 16.694517 16.20220034 15.94580872 15.53214498 15.33464025
-9999 -9999 -9999 -9999 -9999 -9999 -9999 -9999 -9999 -9999 -9999 -9999 -9999 12.92438584 11.19654358 8.494561332 5.060831062 1.480285996 -0.420011268 -2.216492758 -2.906738332 -1.886180639 -0.722991647 1.596400004 4.405949371 7.399571089 10.30638625 13.35089992 15.64918747 17.6870805 19.06754829 19.24095694 19.65894851 19.76423212 19.75398857 19.98820172 20.07962304 20.26926096 20.36807723 20.45232898 20.69559644 21.01068156 21.26993112 21.33677038 21.28420161 21.12241361 20.94624401 20.56736832 19.98732223 19.36104362 19.01222272 19.10214852 19.17254729 18.95065916 18.89133612 18.53028138 18.02516974 17.64154 17.04141717 16.54131091 16.09512177 15.74212249 15.42269783 15.16841975
-9999 -9999 -9999 -9999 -9999 -9999 -9999 -9999 -9999 -9999 -9999 -9999 -9999 -9999 -9999 12.04271132 9.302375004 5.883209081 3.10730384 0.091469207 -1.680364082 -2.030286646 -1.842528773 -0.495585168 1.118973577 3.566046156 6.296246387 9.321397342 11.91510325 14.44501398 16.49489132 17.67397118 18.70761842 19.2782843 19.61424825 19.86728069 19.98405201 20.04041458 20.06591484 20.15562219 20.37182506 20.70158918 20.99827144 21.14283334 21.16710852 21.10801837 20.98861807 20.70276411 20.25252059 19.66769239 19.23437542 19.0512439 18.8105676 18.30881286 17.93890306 17.52323775 17.15927622 16.97358355 16.63321573 16.31767749 16.01781369 15.78675912 15.48150889 15.2286163
-9999 -9999 -9999 -9999 -9999 -9999 -9999 -9999 -9999 -9999 -9999 -9999 -9999 -9999 -9999 -9999 -9999 12.75728078 8.254022813 3.831212523 0.809095583 -0.708525164 -1.583284675 -1.844262976 -1.757790612 -0.402686128 2.160440775 4.567652933 7.557096354 9.975867872 12.68074024 14.99352353 17.00728554 18.34266179 19.15525397 19.7803892 19.80439572 19.75288399 19.78409056 19.88010663 20.10942873 20.46294443 20.80268612 21.0156895 21.12595266 21.14842499 21.08773443 20.92621313 20.56255707 20.17535872 19.58870976 18.87648599 18.08461863 17.35662085 16.48709466 16.00326117 16.01658963 15.8193026 15.99059081 16.05258288 15.96225183 15.85772161 15.61643165 15.33392343
-9999 -9999 -9999 -9999 -9999 -9999 -9999 -9999 -9999 -9999 -9999 -9999 -9999 -9999 -9999 -9999 -9999 15.3081783 11.96196179 7.939945374 4.514496892 1.733998257 -0.486533952 -1.96102244 -2.758314774 -2.176659258 -0.301753799 1.619736686 4.188767321 6.496313872 9.349078864 12.230138 14.73412031 17.01675838 18.49088316 19.49880424 19.59313248 19.40869962 19.43790678 19.53150384 19.78687894 20.18158754 20.56107779 20.84876504 21.02952044 21.09922139 21.04985968 20.92253884 20.65181403 20.27043011 19.57773199 18.69035121 17.65307575 16.709483 15.78360232 15.31396216 15.41239624 15.45107418 15.75302053 15.89609208 15.89983551 15.86747778 15.67718061 15.36842814
-9999 -9999 -9999 -9999 -9999 -9999 -9999 -9999 -9999 -9999 -9999 -9999 -9999 -9999 -9999 -9999 -9999 -9999 -9999 11.7462483 8.422740291 4.50886778 0.907100369 -1.214805219 -2.217730831 -2.467783187 -1.505265289 -0.033153468 2.181635332 4.076650368 6.866175528 9.729723347 12.54068464 15.55020545 17.82362153 19.27831431 19.31274466 19.04825817 19.15996979 19.16131373 19.43483866 19.93287594 20.31468339 20.66983461 20.88789346 20.95657887 20.91009412 20.72739488 20.42694283 20.08531724 19.39469287 18.48474694 17.46450186 16.60717067 15.76206211 15.35470502 15.54194791 15.69308063 15.87691363 15.93245855 15.94796832 15.96717758 15.71397722 15.25431128
-9999 -9999 -9999 -9999 -9999 -9999 -9999 -9999 -9999 -9999 -9999 -9999 -9999 -9999 -9999 -9999 -9999 -9999 -9999 13.55858275 10.77111299 6.818807603 2.988168642 -0.100946027 -1.916651604 -2.555721796 -1.777297699 -0.266900901 1.385443495 3.080850455 5.615169009 8.279893103 11.03417332 14.29404589 16.97068375 18.70983384 19.08017999 18.92539354 19.061157 19.12572413 19.39503691 19.82677596 20.21812278 20.56909006 20.77354306 20.79966203 20.64807132 20.37477579 20.00708746 19.59002241 18.99886834 18.35688846 17.66268158 16.98582243 16.38246394 16.04650343 16.10057862 16.19432243 16.29950564 16.37149642 16.30364614 16.19715993 15.86253216 15.14765044
-9999 -9999 -9999 -9999 -9999 -9999 -9999 -9999 -9999 -9999 -9999 -9999 -9999 -9999 -9999 -9999 -9999 -9999 -9999 -9999 12.38553363 8.690484457 4.821563523 0.86753499 -1.993984212 -3.089279703 -1.949882613 -0.12466166 1.265121508 2.703624928 4.958031894 7.306185773 9.93053925 13.32636666 16.21131557 18.20625495 18.70812341 18.94388588 19.08878893 19.2268871 19.50344558 19.8504771 20.22193698 20.47865841 20.69096498 20.62804766 20.31496227 19.9392638 19.4055892 18.92915707 18.49717288 18.22437554 17.96756506 17.49164186 17.16048593 16.89622249 16.75862272 16.73800445 16.71406454 16.85125555 16.63567061 16.30724514 16.08395593 14.83995445
-9999 -9999 -9999 -9999 -9999 -9999 -9999 -9999 -9999 -9999 -9999 -9999 -9999 -9999 -9999 -9999 -9999 -9999 -9999 -9999 13.14012807 9.710474222 5.632294037 1.203512393 -2.188028964 -3.445767679 -2.321130968 -0.211665995 1.247931468 2.722863518 4.890517746 6.934381121 9.427893923 12.6591993 15.59137778 17.61019668 18.31028308 18.5353749 18.99626079 19.35946852 19.65697512 19.82383917 20.02490453 20.2509446 20.43116096 20.27992108 19.86545677 19.31288659 18.6469784 18.11393385 17.83135282 17.92021288 18.04011921 17.8514572 17.63477151 17.41531607 17.23513642 17.1362659 16.95268107 16.78103381 16.35381094 15.84122921 15.15422206 14.13096106
-9999 -9999 -9999 -9999 -9999 -9999 -9999 -9999 -9999 -9999 -9999 -9999 -9999 -9999 -9999 -9999 -9999 -9999 -9999 -9999 13.73214265 10.27724615 6.140753486 1.095846138 -2.912648973 -4.311887884 -2.802212771 -0.374624342 1.211411962 2.787564974 4.905618922 6.681411683 8.967487858 12.35093462 15.2432151 17.25223145 17.82723484 18.09423123 18.73415526 19.37356348 19.69343466 19.68191318 19.700019 19.89107512 20.05932843 19.8018207 19.23888761 18.64262584 17.85778829 17.21242396 17.07519909 17.57531889 18.08383496 17.90238219 17.81248801 17.66859237 17.4850605 17.39326834 16.94947404 16.50214536 15.85858837 15.17460434 14.11993816 13.46496784
-9999 -9999 -9999 -9999 -9999 -9999 -9999 -9999 -9999 -9999 -9999 -9999 -9999 -9999 -9999 -9999 -9999 -9999 -9999 -9999 13.74777663 9.949214363 5.328702715 0.532195055 -3.244699518 -4.621201863 -3.363141377 -1.027089704 0.941624584 2.928125502 5.19724021 6.969420279 9.191180366 12.27190978 15.16691469 17.06729446 17.57676396 17.73689879 18.35202397 18.93150719 19.268227 19.33845161 19.3449142 19.4031806 19.40695237 19.04914245 18.43212638 17.7506997 17.10307925 16.68451618 16.63285255 17.03267743 17.52228654 17.61189981 17.64072901 17.55349827 17.37526564 17.17486558 16.72979353 16.22680344 15.52102206 14.79389661 13.99422166 13.20806301
-9999 -9999 -9999 -9999 -9999 -9999 -9999 -9999 -9999 -9999 -9999 -9999 -9999 -9999 -9999 -9999 -9999 -9999 -9999 -9999 13.8327644 9.322486886 4.396567513 -0.237442691 -3.826071315 -5.052984165 -3.615427167 -1.58236418 0.862297522 3.182282086 5.542998573 7.220097204 9.304702388 12.43400764 15.35451531 17.143267 17.33397016 17.39599555 17.94583948 18.47195014 18.77351938 18.85600369 18.89507321 18.80062919 18.69917172 18.26706436 17.59096214 16.85923499 16.39474846 16.10150726 16.07991734 16.43147393 16.88348102 16.9501439 17.13157523 17.14119964 17.00521782 16.84649663 16.37718345 15.87954764 15.18897972 14.46732939 13.88494286 13.09218092
-9999 -9999 -9999 -9999 -9999 -9999 -9999 -9999 -9999 -9999 -9999 -9999 -9999 -9999 -9999 -9999 -9999 -9999 -9999 -9999 13.63379278 8.582520303 3.133135565 -1.013905273 -3.708404392 -4.622685624 -3.399942356 -1.173752114 1.110190092 3.479504668 5.86884398 7.556845191 9.649163172 12.59433199 15.3893468 17.04539323 17.20433893 17.11110183 17.57040932 18.09313107 18.34042148 18.26464213 18.11411147 18.09653474 17.9700317 17.53995752 16.91116539 16.22527378 15.78860224 15.52517239 15.42960781 15.58746426 15.81059596 15.99058275 16.16121853 16.22485028 16.2792946 16.1821759 15.72488197 15.20343427 14.5403393 13.86790268 13.29824148 12.77865644
-9999 -9999 -9999 -9999 -9999 -9999 -9999 -9999 -9999 -9999 -9999 -9999 -9999 -9999 -9999 -9999 -9999 -9999 -9999 -9999 13.65625945 7.923471468 1.925399074 -1.487263381 -3.542525268 -4.18447448 -2.84271944 -0.757409552 1.605962723 3.97352052 6.291332834 7.817929005 9.836666737 12.74454626 15.45052389 16.97639996 16.88645302 16.7252063 17.17656313 17.69329354 17.89427914 17.67504087 17.41995087 17.51027724 17.44737758 17.08583215 16.53558128 15.74031337 15.39133252 15.04862473 14.85330565 14.89255569 14.87375385 15.090853 15.21241858 15.2682468 15.41728106 15.3618965 14.76379899 14.21157992 13.56929055 12.99616684 12.54226083 12.20665788
-9999 -9999 -9999 -9999 -9999 -9999 -9999 -9999 -9999 -9999 -9999 -9999 -9999 -9999 -9999 -9999 -9999 -9999 -9999 16.02241656 13.11383069 7.545436356 2.051121561 -1.472687357 -3.113183324 -3.51590145 -2.308173119 -0.134407385 2.151243314 4.557881738 6.842307755 8.360810044 10.17086561 12.82567415 15.31021438 16.65216994 16.55051744 16.25966791 16.63528822 17.08754865 17.27688934 17.10986154 16.98499075 17.06281823 17.18488312 16.92347382 16.39446963 15.81568758 15.23264118 14.77589178 14.47631222 14.4398493 14.45992926 14.50695373 14.5351272 14.45087403 14.37507556 14.03637673 13.52805264 12.81513693 12.27124434 11.94400147 11.6290336 11.59367107
-9999 -9999 -9999 -9999 -9999 -9999 -9999 -9999 -9999 -9999 -9999 -9999 -9999 -9999 -9999 -9999 -9999 -9999 -9999 15.70588925 12.7696152 7.121578185 1.64283645 -1.616886824 -2.962357757 -3.226246335 -1.933118193 0.28575072 2.703907754 5.163745675 7.411008216 8.76913176 10.48298751 12.95602731 15.14033569 16.29151626 16.04160521 15.71245175 16.0301817 16.42893526 16.60532889 16.48399288 16.39722653 16.50514254 16.75466193 16.59488965 16.16277142 15.71068681 15.08774847 14.56289256 14.2417844 14.18059892 14.1519891 14.14391697 14.01989634 13.79293224 13.52933559 12.99346577 12.45974974 11.72569992 11.18453626 11.07726291 10.89911806 10.95222499
-9999 -9999 -9999 -9999 -9999 -9999 -9999 -9999 -9999 -9999 -9999 -9999 -9999 -9999 -9999 -9999 -9999 -9999 -9999 15.16161148 14.18625183 6.415092137 1.092229559 -2.105462501 -3.310062521 -3.328394937 -1.871882414 0.583331944 3.088598938 5.664739807 7.937883225 9.407814026 10.98181275 12.99000856 14.78124553 15.68913159 15.56003588 15.2041307 15.44167818 15.72218044 15.86239875 15.7579172 15.63740866 15.77423295 15.90582999 15.82670689 15.61971684 15.28339939 14.81091917 14.37970873 14.03752486 13.90956793 13.87054941 13.67581969 13.54204441 13.158852 12.7162781 12.25175277 11.64427987 11.06790586 10.78574152 10.60589175 10.50777249 10.81553514
-9999 -9999 -9999 -9999 -9999 -9999 -9999 -9999 -9999 -9999 -9999 -9999 -9999 -9999 -9999 -9999 -9999 -9999 -9999 15.76190809 13.67780085 9.391466393 -0.017460105 -3.09127449 -4.072612672 -3.8957168 -2.154649468 0.559295031 3.383581131 6.16992148 8.496797911 9.781150299 11.23689013 12.96706684 14.40493021 15.27227822 15.16689331 14.91328335 15.11730034 15.23525667 15.29035377 15.19620654 15.03110235 15.09709816 15.13992167 15.0784537 15.04059553 14.84207476 14.51382584 14.20178476 13.85810106 13.65585062 13.40636026 13.00283145 12.69620166 12.24840432 11.7960914 11.37555088 10.88138529 10.44345295 10.21844083 10.28963339 10.58813732 11.22523521
-9999 -9999 -9999 -9999 -9999 -9999 -9999 -9999 -9999 -9999 -9999 -9999 -9999 -9999 -9999 -9999 -9999 -9999 -9999 15.13749374 12.84099696 8.468521334 4.355501619 -4.22787783 -5.138781966 -4.679415963 -2.609266961 0.290013855 3.580378462 6.698656905 9.078604388 10.17638725 11.22255067 12.72062147 14.07564266 14.83414036 14.88142417 14.88392198 14.8815892 14.94033543 14.92311464 14.73914121 14.64083917 14.52008888 14.49561916 14.44774758 14.43122696 14.37435141 14.27572364 14.12752345 13.76476695 13.29921532 12.72416298 12.1760757 11.55335231 11.01842213 10.6919436 10.27402345 9.865167099 9.510558938 9.77273093 10.33307129 11.20669548 12.33932452
-9999 -9999 -9999 -9999 -9999 -9999 -9999 -9999 -9999 -9999 -9999 -9999 -9999 -9999 -9999 -9999 -9999 -9999 -9999 14.42264376 11.95818934 7.600333143 3.509413648 -5.166346663 -5.84355264 -5.199105352 -2.983879278 0.105382153 3.68552061 7.073852662 9.510305826 10.51659631 11.25146105 12.47433737 13.60111361 14.3267034 14.47050349 14.48851128 14.4891429 14.43812647 14.36852687 14.19568069 14.04567075 13.9096106 13.82495548 13.7941682 13.87165682 13.91138546 13.96679642 13.89295095 13.51520856 12.96137639 12.22165877 11.5462458 10.80938098 10.24167842 9.930040903 9.572030101 9.125039506 8.9643986 9.402773597 10.50719789 11.88332102 13.17031291
-9999 -9999 -9999 -9999 -9999 -9999 -9999 -9999 -9999 -9999 -9999 -9999 -9999 -9999 -9999 -9999 -9999 -9999 -9999 13.81946407 11.24637774 6.795073433 2.701030586 -5.569387334 -6.11278978 -5.272787391 -2.891177292 0.053631884 3.911519542 7.507424705 9.915094033 10.72249537 11.30864443 12.30583241 13.14430397 13.69685771 13.81577692 13.8139349 13.82692917 13.74961659 13.64651149 13.45964082 13.27297192 13.19548782 13.1403252 13.16154117 13.31525778 13.42246106 13.54069387 13.56260017 13.21098573 12.6424412 11.88795107 11.14496106 10.49521245 9.91153773 9.520621048 9.230313256 8.699088469 8.443183733 9.276072187 10.82917864 12.6625522 -9999
-9999 -9999 -9999 -9999 -9999 -9999 -9999 -9999 -9999 -9999 -9999 -9999 -9999 -9999 -9999 -9999 -9999 -9999 -9999 12.97706308 10.43694488 6.50773607 3.018039692 -4.954856707 -5.155893374 -4.223566848 -2.040530001 0.843886438 4.44141064 7.832975883 10.14821265 10.97359714 11.43771406 12.18207663 12.78952256 13.21308436 13.29152304 13.20963069 13.16704618 13.04119987 12.93441784 12.80242801 12.65051051 12.64226914 12.63330141 12.68783647 12.85372559 12.9735946 13.16614366 13.20645686 12.88762123 12.33501146 11.60862667 10.91840096 10.26151644 9.676905447 9.259602989 8.953325961 8.328168713 8.135613296 8.990664234 10.8221942 12.73632155 -9999
-9999 -9999 -9999 -9999 -9999 -9999 -9999 -9999 -9999 -9999 -9999 -9999 -9999 -9999 -9999 -9999 -9999 -9999 13.37628539 12.16337739 9.78727728 6.386237332 3.535890494 -3.674683548 -3.549655913 -2.506263576 -0.555636378 2.001161692 5.231471514 8.291721365 10.32540871 11.00922793 11.53442269 12.05310424 12.48956455 12.74011015 12.70298332 12.67526101 12.53511247 12.36177356 12.2610897 12.17808867 12.13514367 12.15219477 12.23538831 12.32488133 12.43306087 12.54349759 12.74209734 12.86804017 12.6053898 12.04801691 11.35602011 10.6734062 10.01952059 9.449568798 9.031366521 8.65806949 8.154873368 7.788963573 8.698239318 10.67555729 12.59094532 -9999
-9999 -9999 -9999 -9999 -9999 -9999 -9999 -9999 -9999 -9999 -9999 -9999 -9999 -9999 -9999 -9999 -9999 -9999 12.92409629 10.9747815 8.747958489 6.384201003 4.633750131 -2.241092341 -1.805013861 -0.642905905 1.219000132 3.558309411 6.089337253 8.402998303 10.10257587 10.85175443 11.28836824 11.71021079 11.94010865 12.10661763 12.08000742 11.98288172 11.92536978 11.81024532 11.74188113 11.68645436 11.65079936 11.75023612 11.87991034 11.98324008 12.07704513 12.17385484 12.37123346 12.4902003 12.25443203 11.77216318 11.13950263 10.50821471 9.893714906 9.338529208 8.916193941 8.568806806 7.94616339 7.659866724 8.500771085 10.44944131 12.39604381 -9999
