meets/meet004/data/CCSM_0k_neotropic_bio18.asc
NCOLS 154 
NROWS 168 
XLLCORNER -112 
YLLCORNER -55.5 
CELLSIZE 0.5 
NODATA_value -9999 
[rows 29 to 57 of 168, columns 64 to 127 of 154]
-9999 -9999 -9999 -9999 -9999 -9999 -9999 -9999 -9999 -9999 -9999 -9999 -9999 -9999 -9999 -9999 -9999 -9999 -9999 -9999 -9999 -9999 -9999 -9999 -9999 -9999 -9999 -9999 -9999 -9999 -9999 -9999 -9999 -9999 -9999 -9999 -9999 276.9105902 -9999 -9999 -9999 -9999 -9999 -9999 -9999 -9999 -9999 -9999 -9999 -9999 -9999 -9999 -9999 -9999 -9999 -9999 -9999 -9999 -9999 -9999 -9999 -9999 -9999 -9999
-9999 -9999 -9999 -9999 -9999 -9999 -9999 -9999 -9999 -9999 -9999 -9999 -9999 -9999 -9999 -9999 -9999 -9999 -9999 -9999 -9999 -9999 -9999 -9999 -9999 -9999 -9999 -9999 -9999 -9999 -9999 -9999 -9999 -9999 -9999 -9999 -9999 287.7498869 -9999 -9999 -9999 -9999 -9999 -9999 -9999 -9999 -9999 -9999 -9999 -9999 -9999 -9999 -9999 -9999 -9999 -9999 -9999 -9999 -9999 -9999 -9999 -9999 -9999 -9999
-9999 -9999 -9999 -9999 -9999 -9999 -9999 -9999 -9999 -9999 -9999 -9999 -9999 -9999 -9999 -9999 -9999 -9999 -9999 -9999 -9999 -9999 -9999 -9999 -9999 -9999 -9999 -9999 -9999 -9999 -9999 -9999 -9999 -9999 -9999 -9999 -9999 -9999 -9999 -9999 -9999 -9999 -9999 -9999 -9999 -9999 -9999 -9999 -9999 -9999 -9999 -9999 -9999 -9999 -9999 -9999 -9999 -9999 -9999 -9999 -9999 -9999 -9999 -9999
-9999 -9999 -9999 -9999 -9999 -9999 -9999 -9999 -9999 -9999 -9999 -9999 -9999 -9999 -9999 -9999 121.6484803 -9999 -9999 -9999 -9999 -9999 -9999 -9999 -9999 -9999 -9999 -9999 -9999 -9999 -9999 -9999 -9999 -9999 -9999 -9999 293.2382545 -9999 -9999 -9999 -9999 -9999 -9999 -9999 -9999 -9999 -9999 -9999 -9999 -9999 -9999 -9999 -9999 -9999 -9999 -9999 -9999 -9999 -9999 -9999 -9999 -9999 -9999 -9999
-9999 -9999 -9999 -9999 -9999 -9999 -9999 -9999 -9999 -9999 -9999 -9999 -9999 -9999 160.5079244 158.5969787 154.8298458 -9999 -9999 -9999 -9999 -9999 -9999 -9999 -9999 -9999 -9999 -9999 -9999 -9999 -9999 -9999 -9999 -9999 -9999 -9999 -9999 -9999 -9999 -9999 -9999 -9999 -9999 -9999 -9999 -9999 -9999 -9999 -9999 -9999 -9999 -9999 -9999 -9999 -9999 -9999 -9999 -9999 -9999 -9999 -9999 -9999 -9999 -9999
-9999 -9999 -9999 -9999 -9999 -9999 -9999 -9999 -9999 -9999 241.3754283 230.1659681 223.2180641 215.9637482 209.3899806 211.5984956 -9999 -9999 184.5223343 178.3097416 173.8434841 168.8864672 165.8873852 -9999 -9999 -9999 -9999 -9999 -9999 -9999 -9999 -9999 -9999 -9999 -9999 -9999 -9999 -9999 -9999 -9999 -9999 -9999 -9999 -9999 -9999 -9999 -9999 -9999 -9999 -9999 -9999 -9999 -9999 -9999 -9999 -9999 -9999 -9999 -9999 -9999 -9999 -9999 -9999 -9999
-9999 -9999 -9999 -9999 -9999 -9999 -9999 -9999 -9999 336.1803721 259.9773652 269.9685721 275.6782691 282.8344039 60.96692331 60.27535191 287.5934009 279.5960526 280.5006531 271.2007018 217.1060448 208.9987403 202.9410949 190.0882099 -9999 -9999 -9999 -9999 -9999 -9999 -9999 -9999 -9999 -9999 -9999 -9999 -9999 -9999 -9999 -9999 -9999 -9999 -9999 -9999 -9999 -9999 -9999 -9999 -9999 -9999 -9999 -9999 -9999 -9999 -9999 -9999 -9999 -9999 -9999 -9999 -9999 -9999 -9999 -9999
-9999 -9999 -9999 -9999 -9999 -9999 -9999 -9999 -9999 344.9275858 76.5346736 75.80494841 76.41136094 74.25668641 73.7067373 72.70984387 71.39149811 70.28530896 68.97112107 66.9619467 327.5951606 315.186408 297.2036208 213.941259 201.3076173 191.2802649 181.7416308 175.2839865 172.0541687 220.4533817 221.5863263 231.7558416 242.0514224 256.7574556 273.9597271 -9999 -9999 -9999 -9999 -9999 -9999 -9999 -9999 -9999 -9999 -9999 -9999 -9999 -9999 -9999 -9999 -9999 -9999 -9999 -9999 -9999 -9999 -9999 -9999 -9999 -9999 -9999 -9999 -9999
-9999 -9999 -9999 -9999 -9999 -9999 -9999 -9999 -9999 114.5797415 108.3248763 105.6109265 96.21269141 94.85153963 90.12015351 87.57537713 86.26037769 83.5226539 84.21785234 79.75710708 75.65652413 70.64945317 62.23880964 346.5544971 221.1388285 204.5661601 194.035475 183.6522264 180.013015 248.0152688 245.9987773 257.8103513 263.7773265 279.3341525 294.9744242 307.9129727 315.7544075 -9999 -9999 -9999 -9999 -9999 -9999 -9999 -9999 -9999 -9999 -9999 -9999 -9999 -9999 -9999 -9999 -9999 -9999 -9999 -9999 -9999 -9999 -9999 -9999 -9999 -9999 -9999
837.1401416 844.6577016 856.1600671 852.5010736 -9999 -9999 -9999 -9999 156.2342973 152.8142697 145.1360968 131.4635774 121.931073 111.145935 105.3980824 102.1909111 97.90686568 97.18570506 94.6305699 91.87924183 87.07826676 77.06556835 67.98595151 58.05380858 51.06462 46.62373311 43.13696257 41.32445667 41.28353701 42.90812418 44.85298578 272.7568309 282.2877488 296.5137128 313.0441594 325.4934486 332.5367117 340.5230601 -9999 -9999 -9999 -9999 -9999 -9999 -9999 -9999 -9999 -9999 -9999 -9999 -9999 -9999 -9999 -9999 -9999 -9999 -9999 -9999 -9999 -9999 -9999 -9999 -9999 -9999
984.0721824 -9999 -9999 241.6094438 250.2746322 266.0182714 267.7362269 251.0603102 245.251404 227.8895453 195.6698719 176.1618934 150.2800242 140.4457084 128.5247907 130.6243471 129.1715428 125.4776025 122.9832293 117.7717575 104.5269855 92.8814834 82.025019 73.25353082 63.18535521 56.42738627 52.76822119 49.36797305 50.92773297 51.55862636 53.20687274 197.2164195 205.2766705 220.5986692 341.6310322 352.9853765 365.2162335 370.5785926 -9999 -9999 -9999 -9999 -9999 -9999 -9999 -9999 -9999 -9999 -9999 -9999 -9999 -9999 -9999 -9999 -9999 -9999 -9999 -9999 -9999 -9999 -9999 -9999 -9999 -9999
-9999 -9999 -9999 304.0237341 354.1250181 373.8010151 360.1873041 353.3853826 334.4699373 299.6303483 266.6078145 221.3884227 190.6665881 172.9051604 162.289339 163.333395 159.6018063 157.0536472 153.0319202 148.5352321 135.8400437 112.3636753 100.6076242 90.7390504 83.77453278 77.15570781 65.96828007 62.38398161 61.70776829 62.37689573 63.85970009 65.34757263 206.4860669 219.1234003 234.1372426 381.5820236 390.0764547 397.6686246 399.2824166 404.6901319 400.1903327 -9999 -9999 -9999 -9999 -9999 -9999 -9999 -9999 -9999 -9999 -9999 -9999 -9999 -9999 -9999 -9999 -9999 -9999 -9999 -9999 -9999 -9999 -9999
-9999 -9999 -9999 418.8320984 464.6055104 504.1408836 516.3866242 502.0027849 458.7177051 402.8422625 329.9042876 283.414067 234.9183445 216.4110204 197.1137165 208.3291372 214.473695 213.9940851 203.9602298 187.5195495 172.3620718 158.1539164 143.6160205 131.2556051 118.4764225 103.5657935 96.56597095 88.46906335 82.85129254 80.19005216 77.48119595 79.84869454 81.14383194 84.65391496 87.10839605 90.53600876 95.01807407 97.13653976 97.08913457 94.85599156 437.1552034 426.8098331 -9999 -9999 -9999 -9999 -9999 -9999 -9999 -9999 -9999 -9999 -9999 -9999 -9999 -9999 -9999 -9999 -9999 -9999 -9999 -9999 -9999 -9999
-9999 -9999 -9999 -9999 612.276932 658.960812 659.6173962 659.4953136 588.1994547 493.0285237 414.5354419 335.0629405 275.1967839 257.4754799 727.1762766 754.011846 815.7400457 873.2154282 255.6208574 239.4371424 220.7778909 201.6535977 199.8110385 175.5451798 170.3606627 156.0474429 126.6137511 121.1218842 109.0470221 102.3470294 100.2602339 95.37771647 97.80789455 97.94608902 101.0208897 104.1896058 108.8828265 112.6855498 114.3548103 117.0139865 114.6463034 105.9620836 458.2902724 -9999 -9999 -9999 -9999 -9999 -9999 -9999 -9999 -9999 -9999 -9999 -9999 -9999 -9999 -9999 -9999 -9999 -9999 -9999 -9999 -9999
-9999 -9999 -9999 -9999 -9999 170.9197171 835.9365404 800.459482 699.9735445 579.6566907 474.180073 388.3739756 318.0136938 839.113263 786.0388865 832.8538779 907.1071706 969.1123699 328.8327363 308.9315592 297.7191396 291.6354395 284.7862584 270.0390417 252.8743467 227.4712643 198.5142274 172.4534893 149.2414798 134.7115587 125.706272 119.1487185 115.3529255 115.0136687 115.4284051 117.4250435 122.5607174 127.9341361 133.9577177 137.73413 138.8165046 133.7735979 125.3947366 274.6055458 -9999 -9999 -9999 -9999 -9999 -9999 -9999 -9999 -9999 -9999 -9999 -9999 -9999 -9999 -9999 -9999 -9999 -9999 -9999 -9999
-9999 -9999 -9999 -9999 -9999 256.7033463 966.6687082 921.0486363 789.0140332 623.6813234 507.2543648 414.6025645 344.7341411 831.4676743 821.3318397 876.2167843 955.1085713 408.1985415 389.5830061 389.2382334 386.2424612 380.9012467 399.8160718 369.9801866 360.9708979 328.7550206 263.9624227 237.1959768 198.2101017 169.5051366 156.4669498 137.1994501 134.8535315 129.5942244 128.439562 129.8319604 133.1535274 140.5179068 147.6179703 570.4608134 576.0203301 155.1959407 150.7890143 288.3306372 266.2155495 -9999 -9999 -9999 -9999 -9999 -9999 -9999 -9999 -9999 -9999 -9999 -9999 -9999 -9999 -9999 -9999 -9999 -9999 -9999
-9999 -9999 -9999 -9999 -9999 378.8406101 1072.819773 982.1916049 831.8058317 656.931354 534.5843063 450.6810839 850.364307 816.6762411 839.8531546 908.8030031 473.945531 484.9699678 490.5021373 497.2303664 514.0337145 531.8340362 549.2409319 539.4022869 512.7781596 465.4793677 398.7903743 335.0795061 278.1404082 230.9377622 203.4928192 179.9853357 163.5713359 152.3186421 146.3029291 142.7647955 145.0525055 150.6762019 591.0751501 608.2396699 327.8279283 327.4687615 317.7068261 299.1989027 276.3426102 257.3336909 245.2990092 238.479854 242.7995178 250.0817447 261.6932481 276.3473295 -9999 -9999 -9999 -9999 -9999 -9999 -9999 -9999 -9999 -9999 -9999 -9999
-9999 -9999 -9999 -9999 -9999 524.8270574 1117.397222 1004.779627 828.094075 653.1963648 533.5811373 894.1822459 777.3443051 794.1052294 841.2840251 913.1264531 547.8787284 562.8562548 576.7621441 608.4591522 636.7488438 675.4084513 718.8028746 705.1170064 679.3631858 623.8888321 527.3749506 443.1820883 364.9848619 295.9809768 260.3576874 219.2446603 195.5847883 177.0910459 163.5793779 157.0781092 152.3492472 155.9104585 282.6073675 308.0956316 324.7384408 328.7970636 325.4697915 184.1923531 175.1066175 165.7531429 157.4686631 244.1044793 246.0478721 253.5110296 264.1839841 276.4231493 291.0443105 131.5646504 122.7451564 -9999 -9999 -9999 -9999 -9999 -9999 -9999 -9999 -9999
-9999 -9999 -9999 -9999 -9999 1323.523998 1114.611397 976.6812609 814.7880146 645.7369137 550.9232272 826.3107062 747.8583823 769.0349138 832.8132188 605.3678612 634.0772928 655.4210646 695.888777 731.4118897 781.5577966 843.235296 885.1936056 887.1984168 1243.550347 1105.830402 919.5551567 737.5007643 488.6512647 392.9864473 337.60932 286.9415334 245.7431404 216.0185867 192.4093746 178.4349399 171.2239951 169.1963763 177.4075463 295.0964792 312.7379295 318.0828306 315.4480206 206.7529437 200.1967253 194.0623265 189.485315 238.7502525 240.324373 245.6024067 254.2212399 266.4770015 278.1067545 169.3674212 160.5263527 150.7411088 -9999 -9999 -9999 -9999 -9999 -9999 -9999 -9999
-9999 -9999 -9999 -9999 -9999 1079.979776 1066.408837 922.2251404 780.8578309 641.7931735 559.2706943 750.1956895 693.3840453 742.4941364 813.0193333 678.4107208 719.1669412 744.4662008 794.6633233 839.2109851 895.0510332 979.1416701 1386.974364 1343.96037 1270.688854 1145.545367 962.7184891 792.0271515 646.1973919 504.3200785 419.2296326 353.9613728 299.5856852 266.3331788 225.2559294 207.5556322 194.3287354 184.4572845 193.1237292 284.1226262 300.3102192 303.267472 307.003908 230.7161528 226.9085312 222.1543593 233.8010737 225.4577837 226.2142064 228.5982582 236.1940718 248.7343747 260.24528 206.577657 198.8875927 189.8819432 175.0020972 157.3497664 -9999 -9999 -9999 -9999 -9999 -9999
-9999 -9999 -9999 -9999 -9999 818.1418471 704.9918084 859.9202583 744.1984076 637.3435947 596.2832866 716.1587065 681.7449158 713.3847154 770.6244161 738.7097388 787.3014962 826.2648113 878.901124 1104.528667 1168.238436 1232.992429 1271.935377 1261.042807 1212.794592 1111.796602 960.9834347 808.260256 671.6863544 584.9043014 507.4165698 432.0812107 365.0062366 319.4698324 277.9533979 253.7200345 230.6517308 221.1914487 221.277282 228.8451346 239.6865425 291.3419776 259.0766925 272.8240399 256.5124581 237.3643131 221.5696767 210.846882 207.2547622 207.8188619 213.2185994 223.4324101 234.2498248 246.4660763 238.6826088 233.0527217 217.791279 201.97153 -9999 -9999 -9999 -9999 -9999 -9999
-9999 -9999 -9999 -9999 -9999 640.6093783 890.1728203 792.5982307 713.1563209 646.4990775 635.623791 668.0965674 652.7491103 680.5233483 730.5518301 789.087288 859.1614264 920.2459594 962.3058173 1017.618209 1064.622825 1118.159761 1156.152393 1158.625814 1124.768071 1051.906317 921.7410584 800.39681 680.4802725 663.4509777 584.9191328 503.2865368 430.6554101 386.216928 338.2848311 312.1744715 288.4421466 267.0471332 273.3260475 275.0097477 283.8820407 297.4424501 301.2188381 269.5884725 249.9058083 227.5185023 206.8460317 193.5305901 185.9696191 184.153976 186.8294267 195.1035846 205.7750637 217.7512863 230.4315089 237.8251652 268.8310106 252.6903279 -9999 -9999 -9999 -9999 -9999 -9999
-9999 -9999 -9999 -9999 -9999 861.2919152 796.85274 730.9263799 702.0717698 688.6183746 691.5712271 649.489391 638.9767243 666.9828217 710.1522985 764.0372165 820.5602535 871.111859 906.908347 944.3162956 981.8646229 1020.451422 1048.73958 1051.834227 1030.495422 971.8895146 882.4623352 787.4036913 691.1629487 720.4366275 644.1791186 568.1510454 500.0759667 451.6150809 404.6508789 378.3426763 355.4310259 343.443567 340.4132681 343.8984208 351.1887164 356.6146876 300.5656889 275.0734542 250.4770903 224.4624307 199.0689732 179.8801899 168.5033401 162.5291 163.7939918 170.5138846 179.6006045 191.5564314 203.211811 210.5764327 312.9979456 306.3742005 -9999 -9999 -9999 -9999 -9999 -9999
-9999 -9999 -9999 451.076778 803.0780727 758.0114433 704.9665226 682.6404245 698.2502295 715.5669891 655.9537578 626.5384292 622.39945 653.7560479 700.5765011 745.0127479 788.8091856 831.7596104 852.5981293 886.430246 912.217762 937.7309374 967.5922371 962.5544853 950.5436817 910.7582863 835.2618025 770.326933 704.8447254 630.8159731 694.0337203 629.1775145 569.9227596 533.8901538 481.9940063 459.691354 447.1599838 430.0602417 436.3900698 436.0784507 441.2111524 358.9366421 333.3357358 295.6313031 259.7256247 225.1542646 194.2715092 169.1125078 153.8339632 144.6050368 142.6740054 147.255427 155.2859844 164.9070148 177.9262345 184.6456733 184.6235625 367.9996118 362.3151989 -9999 -9999 -9999 -9999 -9999
-9999 -9999 445.3846704 389.3905551 720.1824894 678.4228163 680.5070891 680.9314776 703.8171414 645.4470761 623.4701215 617.0949746 622.6446996 654.9222769 694.1631078 734.1342715 770.001093 803.4726811 830.1169649 853.157101 877.5448695 901.6096125 921.8749102 919.9022194 903.0455351 867.5664158 815.5462833 760.6925959 708.0404049 661.6313045 725.5546586 673.0344602 629.0584326 592.0343485 559.3192311 539.8918459 528.8360771 522.9914962 523.1697081 528.1294894 446.4723897 407.6028941 367.4867897 321.2713479 274.1475495 234.6776315 196.5515138 166.0411715 146.2319951 133.6091229 130.3810877 132.7596042 138.7096335 147.7669316 157.4398239 163.6162042 164.3494755 161.2025247 425.7784293 419.0794694 -9999 -9999 -9999 -9999
-9999 -9999 365.9610793 717.6416285 647.7057635 624.0719716 637.4637255 678.6458049 597.1457918 590.4633966 595.5678028 608.6827098 624.7497257 654.9197629 691.1360179 722.9065567 755.2003556 785.2053264 804.2806607 829.5361652 850.8663468 870.8946123 893.8259891 884.8506296 874.4822785 850.209524 804.5178613 765.819147 735.3353468 698.9176786 680.6820597 721.2137831 689.8734373 672.2761854 641.240996 631.1817418 630.2812429 592.3395961 576.8275414 548.0468857 512.309309 465.821953 413.694865 358.2620912 299.0466696 248.1342441 203.0031818 168.0044441 144.7039448 127.9923983 121.5151479 121.3014396 125.6327715 132.3300644 141.8491277 146.9466024 145.497462 143.7638857 132.7773669 121.6772933 -9999 -9999 -9999 -9999
462.0865049 818.8071866 758.6402105 676.6056872 599.9802382 576.190779 617.4467032 657.9760015 547.4786443 557.7982898 571.2508311 604.9755501 636.2708086 661.564121 685.409412 713.8368975 744.5781056 772.3228266 794.6065673 813.1862761 834.0165052 856.1278749 873.0615056 872.0153861 862.8001327 842.3525644 816.9142631 790.9927954 768.1733545 752.7449992 738.953349 731.3373199 729.9747391 734.8977092 721.1077106 712.0825969 694.9981506 679.4424414 650.0809804 619.4593918 579.1839833 517.719789 457.8568581 390.4849242 325.529118 270.8508567 217.4848615 175.4970125 147.4231356 127.3575477 119.8407558 117.3701555 119.121079 124.7167813 131.1434172 136.0430181 134.8543311 131.7927357 121.9883065 109.6783135 -9999 -9999 -9999 -9999
877.2948188 804.6146271 720.5053763 633.1742818 549.4948897 553.6171576 480.8599347 488.2542515 506.2902946 526.627547 555.7703235 597.238506 637.5591259 658.7493285 679.6518377 700.526802 731.2954052 757.7587092 777.1347167 797.954848 816.0863271 836.0835723 852.4086272 854.4989463 852.6759583 845.6265359 830.3698058 819.935078 811.1802879 801.1268976 802.3879805 806.2826636 812.0996395 813.2622911 810.4576626 802.5144896 787.2198113 765.8644809 731.719974 687.0278821 637.4247609 571.4753346 505.7423446 433.4733447 356.1959856 291.8857988 233.2805951 187.4558866 157.0185591 132.3330936 121.4875012 117.4387865 117.1858675 121.1713217 126.8635626 130.6471839 129.7177311 126.8914561 118.6697765 107.7082277 96.39521699 -9999 -9999 -9999
895.4882397 790.1026054 633.0255998 554.0217208 474.584254 436.1222758 444.3664229 462.9846029 481.520226 508.5143795 538.871539 586.9513304 627.7823396 648.4900344 667.4769278 687.5900899 716.217231 742.0960379 760.948113 779.0806163 796.3163867 815.7533686 831.268805 840.0126349 844.7224095 842.8312746 847.2269507 849.9444652 848.987577 851.9200372 856.1129282 869.2160492 879.2291164 885.0519351 887.3734602 879.6289317 858.5704407 834.8081777 794.2780012 742.3762663 689.7843344 616.9117632 545.3361769 467.8787682 383.1647322 316.6272705 251.0531573 200.5824923 168.4654594 140.3583388 128.9559813 121.9766142 120.2906106 123.5771466 127.9508407 131.7066273 131.4221014 129.7443036 124.0894069 116.6683234 106.4173562 92.8254221 81.73680705 -9999
