meets/meet004/data/CCSM_21k_neotropic_bio18.asc
NCOLS 154 
NROWS 168 
XLLCORNER -112 
YLLCORNER -55.5 
CELLSIZE 0.5 
NODATA_value -9999 
[rows 87 to 115 of 168, columns 64 to 127 of 154]
-9999 -9999 -9999 -9999 -9999 -9999 -9999 -9999 -9999 237.3713691 368.8926719 524.9081806 672.6475186 819.5696203 903.9990236 961.9766243 957.5010378 925.6308901 943.2890292 965.8762922 1003.406148 1105.339154 1151.622794 1134.558836 1083.690289 968.3473249 789.1182155 498.3174617 428.9266283 372.1936011 349.7046195 334.3003193 333.372742 331.6343563 334.2168734 335.3765115 336.6517896 338.48362 339.4920035 340.2976339 341.2546639 344.545703 349.6375173 356.0340317 363.033005 366.6623723 370.4955928 372.7946064 374.4711884 375.4162406 371.5497425 364.0868794 357.484359 350.4520059 343.5162144 337.5187253 334.1835552 329.3450309 323.9175423 317.9048985 308.6485101 300.3427509 291.6326985 283.841626
-9999 -9999 -9999 -9999 -9999 -9999 -9999 -9999 -9999 -9999 -9999 303.229461 424.5801677 599.1010904 760.496918 861.835956 884.5080763 874.3605291 877.639731 854.2026938 892.3588402 1010.272381 1131.567989 1177.777759 1228.739688 1162.828302 997.0202287 811.0598384 696.7662359 439.0916588 388.1631267 358.3110697 332.8814397 328.7080213 326.7382893 324.1321647 324.179761 326.1799127 325.3496118 327.97573 329.6222195 333.163362 337.1333428 344.0026211 352.1344307 357.3207885 362.0171274 366.5324629 368.7045105 372.7116701 370.7417219 364.9764614 360.6162769 354.221301 348.8760155 344.626433 342.0453639 337.5541313 330.6588473 324.9897258 314.7585355 306.0063493 295.9489583 285.984892
-9999 -9999 -9999 -9999 -9999 -9999 -9999 -9999 -9999 -9999 -9999 -9999 -9999 385.2281561 537.5843053 676.2175501 797.6859081 889.4870597 865.8521269 835.4756027 855.9305819 915.9276493 1007.386924 1145.774082 1281.1484 1293.514382 1180.854544 1058.681014 889.5714838 710.4451306 448.8509761 396.8792609 353.2589969 335.4253261 317.0721507 315.139405 314.0231753 315.6109502 317.8421574 321.2124509 323.5773778 327.9136025 332.1726566 338.9229583 347.4736039 351.9780921 358.5619698 363.1886707 365.9232378 370.0810273 370.6964917 368.6101429 365.2468937 361.6759811 357.7416575 354.3346525 351.4650866 347.7789432 339.9878717 331.2697094 321.0880944 311.8395628 301.6790922 291.2242234
-9999 -9999 -9999 -9999 -9999 -9999 -9999 -9999 -9999 -9999 -9999 -9999 -9999 -9999 -9999 470.5885113 628.0363042 782.3048886 805.3205008 800.7401782 824.2453449 849.8966037 925.0992483 1045.496322 1215.784955 1266.583684 1256.006963 1202.542673 1044.479612 876.4218832 734.3394892 616.0198322 522.1687047 345.4628466 315.8363808 306.1138687 306.3654766 307.9737768 311.5694103 317.2152892 319.8430468 323.5095257 328.3658378 335.6448807 343.7835247 349.2547363 353.9066971 359.5690008 363.0893742 367.1044231 369.0480541 370.9465361 370.220352 369.0388655 367.9021701 364.6960951 359.8110856 355.5392895 348.4038808 339.5558042 328.4272739 316.9645917 306.7808298 562.7788216
-9999 -9999 -9999 -9999 -9999 -9999 -9999 -9999 -9999 -9999 -9999 -9999 -9999 -9999 -9999 -9999 -9999 302.5737389 648.1336587 776.6108023 819.6811789 779.1245613 802.6438952 905.531146 1018.693115 1115.406945 1192.690709 1228.753803 1142.12782 1048.370956 891.8481349 697.72618 554.5720308 483.9353503 446.1506099 442.8125792 452.1248123 466.6276161 481.1541212 314.7798035 318.5235803 323.3987825 328.3920485 333.7532909 341.2721156 346.3726941 351.5701076 354.7024178 358.9104004 361.3501101 365.8337882 372.8756165 375.8483808 377.7454481 375.9396814 372.3156839 369.534719 363.3230114 355.8218588 345.8236554 335.5017461 325.5335056 583.2936588 559.3973321
-9999 -9999 -9999 -9999 -9999 -9999 -9999 -9999 -9999 -9999 -9999 -9999 -9999 -9999 -9999 -9999 -9999 208.178165 255.0872474 631.45894 708.7362607 719.4932204 744.608647 788.4183657 859.6185344 944.5804635 1045.536527 1124.749187 1109.024885 1077.492798 955.3228874 756.4086959 594.7288705 499.5588889 451.1776712 438.8330749 445.4330493 461.4309739 477.2200336 492.8471589 507.2398281 522.4348175 539.5677363 334.0156197 340.2085652 344.2876632 348.4143218 352.2240921 355.4779682 358.3537701 363.4218693 372.3412244 377.2614763 379.1153162 378.4131792 735.5082642 717.5896897 699.6866173 679.5759024 657.5105883 633.9890827 607.8774079 583.1330073 562.1670531
-9999 -9999 -9999 -9999 -9999 -9999 -9999 -9999 -9999 -9999 -9999 -9999 -9999 -9999 -9999 -9999 -9999 -9999 -9999 220.665934 562.8029688 644.7231685 706.7633244 728.7509174 730.2159958 798.12552 877.6130736 936.7478908 1006.629894 1021.87082 936.3367096 774.5855027 612.0733987 514.5110406 457.9026381 436.6943159 439.8130052 456.4660571 469.8679889 485.8956418 501.8229932 517.3418974 535.0308533 556.3847751 338.6281543 343.3338402 347.381095 350.685258 355.100436 359.0428059 363.9532318 371.8870108 377.0905508 378.182905 727.9146411 713.8902223 698.4059185 683.3692857 667.2361112 651.9382666 631.1257928 608.6070481 588.8833399 570.1152996
-9999 -9999 -9999 -9999 -9999 -9999 -9999 -9999 -9999 -9999 -9999 -9999 -9999 -9999 -9999 -9999 -9999 -9999 -9999 148.2587391 185.1917548 569.1163272 660.791339 681.3821306 668.7941709 707.5035936 764.0377967 823.3821941 914.305723 955.1334003 910.4707364 788.0525762 643.8290508 537.6120248 474.204892 443.4919884 440.4177852 451.8342989 464.5775399 479.2106519 495.2568378 513.2798584 532.5985394 555.2605332 579.9006483 603.8757523 346.6094008 350.7669379 354.8291138 359.955276 364.7774141 368.9395288 372.9967623 373.312889 701.3346176 690.4862421 678.978248 668.8516916 657.3675222 645.320217 629.3890338 612.4783804 594.5769761 579.3909973
-9999 -9999 -9999 -9999 -9999 -9999 -9999 -9999 -9999 -9999 -9999 -9999 -9999 -9999 -9999 -9999 -9999 -9999 -9999 -9999 135.0505567 496.7206008 621.8243065 649.9475751 638.775966 665.2753747 703.6532716 759.8392206 864.3426959 930.8931199 915.6635351 809.4213314 668.3469493 564.1554895 487.2715582 446.5068247 440.649773 446.8389767 459.0580769 471.6822828 488.8317294 510.6978737 529.8917593 553.2415264 576.4104119 602.11284 631.3998684 658.953609 684.0655346 705.2335467 714.6046977 709.1250461 698.2103818 691.0974866 677.1609417 668.9206254 663.7333719 657.8774876 651.6684965 642.525033 629.8731703 615.4507569 598.2708277 588.6668199
-9999 -9999 -9999 -9999 -9999 -9999 -9999 -9999 -9999 -9999 -9999 -9999 -9999 -9999 -9999 -9999 -9999 -9999 -9999 -9999 273.3784151 149.8003461 591.0186411 644.5593392 631.5798242 658.1416973 705.4431125 761.0920667 869.9702751 936.7968021 928.1383342 835.3831832 703.3136107 589.9710444 503.5374522 455.4531855 444.3860311 448.68175 460.1947072 474.5043493 492.9185497 514.8460061 535.7137431 556.5266885 576.991096 600.0316331 627.834723 655.9124778 677.1859749 695.1891008 701.1931164 692.8844489 682.5394213 674.1877731 665.165858 660.8821425 659.2062755 655.4093137 650.9256027 644.4265696 635.754221 626.3094895 613.6715672 602.3099943
-9999 -9999 -9999 -9999 -9999 -9999 -9999 -9999 -9999 -9999 -9999 -9999 -9999 -9999 -9999 -9999 -9999 -9999 -9999 -9999 247.5241157 134.451696 587.2177759 648.9642958 637.2081173 663.8112672 714.9042669 771.7890375 894.7482949 982.5732616 978.1173927 863.9796243 729.0980828 604.857179 508.7920817 457.1365129 446.8877415 450.2908144 462.4381 478.2943937 496.8601575 520.4218475 542.3511143 559.3851594 576.9233574 600.3765236 627.354898 653.0606285 671.8826564 686.0427541 689.8164534 679.86763 669.3501685 666.9454093 661.6178841 658.9709796 657.8050707 657.4815804 655.3130801 650.3916192 644.74703 636.9203476 631.4945332 613.9261606
-9999 -9999 -9999 -9999 -9999 -9999 -9999 -9999 -9999 -9999 -9999 -9999 -9999 -9999 -9999 -9999 -9999 -9999 -9999 -9999 251.1785514 450.5162159 616.8292473 661.4405752 660.0902977 692.0002112 746.3534072 823.3093603 937.4232321 1024.069159 1011.478914 891.3363397 738.9818777 608.176079 509.5695511 455.6358377 444.1010204 450.1099274 464.0068171 480.008864 499.9601146 523.3394002 545.1290547 562.7505198 579.2973511 600.1226474 624.1028235 646.7529903 662.2622685 671.1799839 675.3728575 673.0777088 666.5612826 663.454302 659.6399043 658.2465983 659.0385192 657.5949407 657.7100344 655.9427409 652.3432141 643.9860479 634.230265 621.001197
-9999 -9999 -9999 -9999 -9999 -9999 -9999 -9999 -9999 -9999 -9999 -9999 -9999 -9999 -9999 -9999 -9999 -9999 -9999 -9999 257.8949319 480.6419468 674.5039538 689.2754578 683.5637407 710.1908153 765.1795567 850.3456356 974.1491279 1070.64079 1045.160784 900.8209767 726.1809453 595.3436328 493.6451522 444.3556953 437.9395721 446.7698508 461.4671318 477.4943206 497.3231081 521.6873647 545.2264819 560.0624392 576.5701024 595.7868143 618.3072013 640.856129 652.7438381 659.2731432 664.4072795 664.3794257 665.3405997 663.5822807 660.5797681 659.0430234 658.7182847 659.5037718 660.3166244 661.8737432 660.7956914 650.8026266 639.4300752 627.2359093
-9999 -9999 -9999 -9999 -9999 -9999 -9999 -9999 -9999 -9999 -9999 -9999 -9999 -9999 -9999 -9999 -9999 -9999 -9999 -9999 261.6652521 481.3489265 661.6301321 691.526172 690.4649771 728.6472224 788.5070175 884.8346664 999.1803343 1084.944702 1050.714639 894.7553568 715.5562168 577.441434 482.2017753 435.3512852 430.0619975 441.6547628 456.6047756 471.4489784 490.5836372 514.9368512 535.7699278 552.5005901 567.9056772 586.5089909 606.336136 625.5320179 638.5612364 646.180078 654.0973738 659.1761635 661.9910892 662.1871043 662.3083805 661.5803323 658.3880296 659.7399095 660.9098692 664.5797567 663.8760415 655.5168164 648.1209288 637.129588
-9999 -9999 -9999 -9999 -9999 -9999 -9999 -9999 -9999 -9999 -9999 -9999 -9999 -9999 -9999 -9999 -9999 -9999 -9999 -9999 259.3769102 484.6867053 679.1047731 703.123522 693.0217321 730.6861901 808.5476516 903.0334743 1027.504901 1103.084474 1050.864222 876.0720582 681.4375373 549.899918 459.011931 421.2442503 422.2143248 436.2956405 449.9801989 464.8361423 483.297535 507.8158575 528.2296372 544.232047 557.3826091 573.8413922 592.5657438 612.7587989 624.1998006 634.344288 644.0003035 650.591259 657.8964157 660.487684 662.3495885 662.7710543 660.3924289 660.8141842 663.8819449 668.9402383 669.740901 662.2347265 657.7127973 651.5264218
-9999 -9999 -9999 -9999 -9999 -9999 -9999 -9999 -9999 -9999 -9999 -9999 -9999 -9999 -9999 -9999 -9999 -9999 -9999 36.438069 243.0902992 450.619936 623.2170632 667.7807736 679.8244133 746.8933207 835.948324 939.7684582 1039.451689 1088.255939 1022.822609 844.0827322 652.2710664 522.6282939 444.3701962 411.2272811 413.8807088 430.4288086 444.6184561 460.9689739 479.021269 500.7271606 521.3089741 535.354752 546.8466697 562.0826896 578.5694346 595.3042398 609.3409887 621.6062069 633.4510419 641.9153327 649.5649743 654.6697112 659.2077745 661.9425664 662.6248896 665.9649013 669.2106324 675.6023145 676.4789248 671.4377676 668.7623837 661.6777026
-9999 -9999 -9999 -9999 -9999 -9999 -9999 -9999 -9999 -9999 -9999 -9999 -9999 -9999 -9999 -9999 -9999 -9999 -9999 31.98466852 225.4296717 424.104926 589.8296906 650.475922 667.7879673 750.3862985 870.7080766 967.2673089 1067.907989 1084.549271 1001.222154 809.6271751 609.9424765 495.2048358 425.4736455 401.0753009 408.0107981 424.5993025 439.0677775 456.5584411 474.8385388 496.8645465 517.6161343 531.6875296 542.1926492 556.369012 570.9946405 586.633702 601.635046 613.7069287 625.5303598 635.7734742 643.8698342 652.5511484 658.2348832 662.2548228 665.1927471 669.1728858 674.0609834 679.9311838 682.6474095 680.8368109 678.2176851 686.1911423
-9999 -9999 -9999 -9999 -9999 -9999 -9999 -9999 -9999 -9999 -9999 -9999 -9999 -9999 -9999 -9999 -9999 -9999 -9999 29.29988391 208.4531456 377.2373291 530.3948599 600.8731249 642.8793379 767.9898606 919.0216817 1029.633023 1094.898287 1074.800087 971.1611485 783.7752051 589.5495355 477.6896141 415.9871307 396.2408192 402.611355 419.7931522 434.9487454 452.5610814 470.8905895 493.2914974 516.2262692 530.74817 545.2492209 558.6491466 570.5605535 584.3021043 595.4519251 609.5413391 621.953853 632.680678 643.5797824 652.4514617 659.0403062 663.6901346 666.5757532 669.9315671 672.727014 678.1720456 680.2965473 683.3209312 696.5345385 693.7606091
-9999 -9999 -9999 -9999 -9999 -9999 -9999 -9999 -9999 -9999 -9999 -9999 -9999 -9999 -9999 -9999 -9999 -9999 -9999 88.84601008 191.2591967 347.6859445 485.989173 570.7737417 624.7785906 772.3353209 963.6984465 1095.649514 1149.05589 1091.106848 967.3717167 762.6248697 565.3371848 461.5697149 407.864532 392.3978401 399.7692632 414.3969236 428.6323802 447.2478652 466.4410343 490.4110713 513.105291 529.1167739 545.115047 559.2368628 570.0840907 583.3808649 593.9315233 603.481833 615.6683954 628.9254198 641.992718 650.9320797 657.0079151 659.9408779 660.7435477 665.6930447 669.2419654 672.535535 685.1206406 706.6699713 726.1203348 718.6573919
-9999 -9999 -9999 -9999 -9999 -9999 -9999 -9999 -9999 -9999 -9999 -9999 -9999 -9999 -9999 -9999 -9999 -9999 -9999 92.57858613 180.6072458 314.5381881 438.0390707 527.2640365 593.7899789 790.6817204 1015.353395 1179.33519 1219.337916 1123.18558 970.7916014 755.0830209 551.3529189 448.054354 402.5826134 390.4484096 397.1963227 409.0984132 424.2623271 443.3261011 461.7716914 485.5306709 506.6481169 525.2326218 541.1502452 555.638069 568.3287007 579.4223973 588.664249 595.7069439 607.5496455 621.0342164 634.4091281 643.6239798 648.7798261 650.4194682 649.3146934 649.1103384 658.2466318 677.3273557 689.0442394 731.9068676 736.0955942 725.2296984
-9999 -9999 -9999 -9999 -9999 -9999 -9999 -9999 -9999 -9999 -9999 -9999 -9999 -9999 -9999 -9999 -9999 -9999 -9999 97.62193632 173.4149663 282.5031843 393.2822168 480.3508951 580.3093704 806.4008985 1087.517279 1251.335225 1261.084092 1143.520101 971.2933028 738.881371 539.5350602 437.1831873 397.7065689 389.1300757 394.9393213 407.3586044 422.7490787 440.4061145 458.7106933 481.031257 501.6851176 520.3271339 535.9325169 550.9116872 564.7363495 575.4301065 582.7326982 587.4233046 597.3298393 610.6222049 621.3073687 627.4336372 629.9527942 630.1059747 630.7528293 634.9679653 652.6564159 671.4108945 695.6787455 742.5979029 755.6522178 730.9647073
-9999 -9999 -9999 -9999 -9999 -9999 -9999 -9999 -9999 -9999 -9999 -9999 -9999 -9999 -9999 -9999 -9999 -9999 -9999 102.8219986 165.7071995 257.8608741 352.7444689 448.3614059 558.4841048 815.7948468 1125.685752 1323.016683 1305.768067 1152.510687 958.0148524 719.6825339 512.8636391 424.0904534 392.7830939 387.1978505 394.870194 405.9897207 420.0169606 439.3701331 456.6779437 476.6654824 496.3871243 513.5418063 530.22463 544.705806 557.9780964 570.0096552 575.599302 580.3025526 588.5080744 594.4258008 600.945734 606.1834704 603.9884792 604.0043807 610.2978523 614.8803125 639.4538711 673.5082681 692.4626825 753.4285356 754.9465688 -9999
-9999 -9999 -9999 -9999 -9999 -9999 -9999 -9999 -9999 -9999 -9999 -9999 -9999 -9999 -9999 -9999 -9999 -9999 -9999 105.0152504 158.6166472 233.0598811 321.9386943 420.8075007 561.3297687 837.9972631 1150.732854 1318.131689 1275.523435 1101.83399 899.8860963 675.8681404 497.5180733 410.6719472 387.2304403 383.2981377 390.5034883 403.2339425 418.2841017 436.1314101 453.0575804 471.4172185 490.3463832 506.9348723 522.7501519 537.2188701 550.0560396 560.7438018 566.4719467 571.6451653 578.7241529 582.2601496 585.4100779 586.9494027 584.3340507 584.4298444 592.377788 602.2575153 633.2415439 666.2952769 688.3635274 742.5565796 744.2699466 -9999
-9999 -9999 -9999 -9999 -9999 -9999 -9999 -9999 -9999 -9999 -9999 -9999 -9999 -9999 -9999 -9999 -9999 -9999 77.26170581 106.9696968 153.3882333 220.348999 302.6405242 417.0416665 560.0010994 823.7141429 1124.172866 1302.799809 1220.347494 1018.356512 815.359675 618.9184617 454.4854918 396.0222564 379.6667926 379.5068343 387.7919834 398.0440754 412.9245044 431.1612936 447.6959242 466.2667484 483.2467477 499.2265987 513.9724861 527.5730164 539.6050945 549.688966 556.800026 562.1317344 567.418901 569.6618703 572.432764 573.3862219 569.5407507 570.0163724 580.8840837 589.6572045 618.6098229 655.8361924 675.5122192 729.2577797 727.9614975 -9999
-9999 -9999 -9999 -9999 -9999 -9999 -9999 -9999 -9999 -9999 -9999 -9999 -9999 -9999 -9999 -9999 -9999 -9999 72.89978392 103.557591 150.688791 211.6165809 301.711557 424.1464665 585.2630756 825.5098264 1079.399633 1182.627172 1091.229191 893.3284985 704.5488832 546.1047788 431.9552086 383.1210621 372.8795185 373.9247066 382.4856882 394.138785 408.2567426 425.6049474 441.8045946 458.7520837 475.8680577 491.3880308 505.5700254 518.4203183 529.4617451 538.5935013 544.3757871 549.9788797 555.6691739 558.1368127 559.1301051 558.6663005 556.5809838 557.6623578 567.3139798 580.7272315 611.3477982 644.4455318 665.1680064 702.5328043 699.7257893 -9999
-9999 -9999 -9999 -9999 -9999 -9999 -9999 -9999 -9999 -9999 -9999 -9999 -9999 -9999 -9999 -9999 -9999 -9999 68.91922505 106.6474315 157.2712185 221.5753274 300.1003507 452.7659893 614.4151139 797.0547208 981.4627453 1077.474518 946.31234 744.5599421 583.994772 476.2631922 394.2377751 368.4873265 365.9364461 369.3218604 378.4226318 387.8022015 402.3060855 419.9829867 435.935923 452.066229 467.9016715 483.0403132 497.299775 509.4459815 519.4677599 528.499214 533.1435439 537.6092364 541.7317204 543.3762219 544.6050899 545.136125 544.1430839 545.0776527 556.0957189 567.6754895 591.2885805 632.3790409 650.6752935 686.4611024 674.9215117 -9999
-9999 -9999 -9999 -9999 -9999 -9999 -9999 -9999 -9999 -9999 -9999 -9999 -9999 -9999 -9999 -9999 -9999 -9999 67.76773114 112.8631854 174.4804378 252.0493648 354.1398777 481.7757463 620.20155 759.7572014 859.9086145 871.568505 772.3717411 616.1901212 490.4678357 418.0706045 373.0999571 359.0509016 358.9977384 363.148962 371.8925782 383.6333957 397.7538783 413.9351251 428.9033791 444.2394434 458.7257375 472.4540626 485.7631113 497.085757 506.157753 513.5777257 518.1078111 521.1574161 525.7067685 528.2909378 530.3896289 531.1299118 532.3733146 534.5478833 543.7408767 562.4141483 586.3784463 617.5035925 629.3033003 630.9831935 618.3798202 -9999
-9999 -9999 -9999 -9999 -9999 -9999 -9999 -9999 -9999 -9999 -9999 -9999 -9999 -9999 -9999 -9999 -9999 34.00397425 68.4761947 124.0358195 196.0510961 288.5129039 390.6799063 510.540861 606.3881001 688.5773577 708.1189305 692.2852825 612.7292836 491.2774047 410.2808756 373.0516582 350.1403962 346.9880837 351.8849021 357.1059495 368.2938826 376.6699684 391.080227 407.3039224 421.7041879 436.368068 448.8329465 461.5137271 473.1858153 483.0511278 491.7023851 498.9230982 502.9455726 504.3337388 507.9797546 510.4807316 514.2715799 515.6686648 517.0228291 526.3855174 542.86434 547.7995341 563.3233983 605.2337174 605.1722922 580.401019 -9999 -9999
-9999 -9999 -9999 -9999 -9999 -9999 -9999 -9999 -9999 -9999 -9999 -9999 -9999 -9999 -9999 -9999 -9999 41.68619919 73.99724693 131.7617529 214.2249287 317.9926108 417.9161932 496.9426172 552.4818688 590.3744061 578.6971969 544.7079664 489.8840593 416.7955872 364.5028212 348.3050368 339.1807628 341.0058089 347.5603258 353.3614847 363.1935332 375.0070642 388.3723595 402.0522511 414.6830022 427.7616106 439.4262847 450.2645404 459.9906004 468.9598963 476.6086979 482.5046142 486.3786853 488.7739737 492.1370955 494.5087073 496.2370466 499.3368557 506.5275366 509.8978619 524.8046576 547.9215009 562.1888234 564.5910327 552.9542061 -9999 -9999 -9999
