meets/meet004/data/CCSM_21k_neotropic_bio04.asc
NCOLS 154 
NROWS 168 
XLLCORNER -112 
YLLCORNER -55.5 
CELLSIZE 0.5 
NODATA_value -9999 
[rows 58 to 86 of 168, columns 64 to 127 of 154]
39.0211331 38.15245851 41.49292714 41.91467238 42.89238193 44.14474735 46.64864549 49.17935866 48.7984498 46.22186842 45.24856348 45.03352384 44.74144631 44.11130492 43.4757313 42.6783078 42.07558873 41.40814018 40.6330957 40.00419944 39.60595489 39.55195965 39.96749925 40.57143943 41.3985209 42.90565203 44.53155519 46.38098656 48.68131477 50.22633997 50.90934848 50.02703494 47.79645169 45.86103099 43.08004718 41.4141872 41.3583068 40.89709053 41.07250408 40.75851815 40.63830493 41.17789878 41.3072188 42.62349259 43.35608579 43.52279139 44.14900949 43.71794701 44.42492324 43.95361571 42.78230648 40.57976413 37.36802966 36.15114803 34.06962961 33.94608214 35.86196644 39.87411615 45.81614761 54.27942723 59.43364942 65.36625184 68.62335718 -9999
39.786557 38.58505444 41.75573565 42.53865942 41.90214499 43.90412352 47.81465328 51.17678595 50.89026967 48.52483648 47.46106448 46.77503228 46.30450664 45.48726292 44.97611764 44.29727725 43.35603488 42.50750886 41.57859956 40.77866012 40.19888601 40.05885956 40.13588 40.7069496 41.44036026 42.34456363 43.70231043 44.68531018 46.01005738 46.37554317 46.11502304 45.20045104 43.12120362 41.80602942 40.02080481 39.394783 39.38324961 39.20062819 39.6168324 39.29969562 39.69851018 40.53756402 41.07986854 42.92215538 44.55300137 45.07962044 45.40928338 44.97549775 44.44853689 43.04785282 41.16771893 39.55147306 36.34341501 35.20022084 33.74572972 33.48776486 34.75200235 37.08349493 43.11077193 50.99788862 59.41860302 67.35445085 74.07282403 71.76805323
37.74167277 38.88191228 42.94912997 42.0016483 40.87678999 44.2121088 48.95730937 52.52368694 52.78786258 50.99343653 49.9027874 49.01294005 48.33388765 47.60575403 47.09581185 46.33378459 45.3899591 44.41244735 43.42643677 42.60205191 41.84779926 41.3487569 41.22052996 41.42436261 41.87148972 42.56226496 43.45104889 43.99760285 44.59899847 44.35152174 44.01978956 43.32283348 41.89615544 41.14988716 40.00320501 39.62587419 39.83295401 39.88166039 40.179546 40.09087964 40.52544297 41.29982192 42.19177554 43.86442658 45.49839511 46.13080053 46.46693134 46.05455305 45.18564126 43.65781334 41.96061191 40.55445406 38.24797207 36.82691622 35.10656702 34.49258974 35.18686851 37.40904718 41.4513017 48.45574212 55.319819 62.77565424 71.28635286 72.46444147
35.05096033 40.91849364 51.99515755 47.93805919 41.44433331 45.02350404 50.43432831 53.65337708 54.75717532 53.540642 52.61852061 51.68545864 50.69353636 49.82471132 49.49000924 48.81460391 47.83993372 47.06542626 45.99832667 45.14020841 44.34087524 43.55944376 43.07160603 42.99961305 43.06684842 43.18174007 43.80506763 43.88930111 44.11446147 43.89662516 43.45155689 43.10907429 42.43940408 41.94077846 41.41884375 41.43584204 41.58689954 41.8992907 42.09466629 42.31079313 42.92643296 43.2506766 44.15228174 45.31257353 46.26011876 47.23388988 47.79451566 47.41626473 46.79878291 45.56657015 43.97436791 43.31516424 41.83085513 39.61518371 37.45695732 36.42518254 36.92652067 38.15525817 41.67931942 46.01447601 52.91618464 59.84526339 65.65792936 70.33366043
32.56465307 44.06842882 57.5169919 53.8002717 44.51337856 47.97450755 52.41937042 55.6566698 56.73652964 55.95279247 55.18874456 54.48522439 53.45211881 52.69038463 52.2832873 51.57690596 50.72683983 49.88782678 48.97253457 48.03725718 47.02787027 46.0274067 45.27943529 44.79524126 44.54125673 44.43253513 44.60188204 44.63317185 44.73012122 44.54713102 44.417751 44.3960177 44.22025093 44.1956401 44.07169115 44.19641282 44.42318827 44.75664379 44.92997037 45.14272731 45.68437928 46.08504556 46.74872888 47.4319128 48.34021649 49.13173621 49.90156184 50.00358362 49.12797093 47.84999667 46.54497886 45.81010753 44.68523359 42.73454609 40.8963725 39.8974262 40.13529235 41.2658418 43.59476012 47.05701183 51.85120958 57.4090757 63.07279044 66.6826905
31.22988684 48.44081227 69.6349353 60.10205891 48.52792045 52.11786031 54.72652208 57.64107871 58.54696929 59.12646076 58.22704269 57.7720536 56.46462713 55.78987007 55.13827603 54.415326 53.62320235 52.88624993 51.88333846 50.75873653 49.73974435 48.4413888 47.56521729 46.76286767 46.30062118 45.86631674 45.91454779 45.75320061 45.8516024 45.93210711 45.93975872 46.28958276 46.60524647 46.84892826 47.15990777 47.51636872 47.73290143 48.15622429 48.30401194 48.49295783 49.03794769 49.44032632 49.94275537 50.61978966 51.18524164 52.07758557 52.91119379 53.76126446 52.14213123 50.6737915 49.48751323 48.80391011 47.58716987 46.23164403 44.8064637 43.83150302 44.1183679 45.05851207 46.48560659 49.37835234 53.02474543 57.51222007 62.23957506 65.61695151
37.40675089 50.71175186 59.97770707 57.85375275 54.07134211 57.26959811 59.74211803 62.85803574 63.11909219 61.64839211 60.8140153 60.1844456 59.35878053 58.79024884 58.74291434 57.88437626 56.62429535 55.47050295 54.33416966 53.32022536 52.09377139 50.77247997 49.58543739 48.74445554 48.03613756 47.59850956 47.58868944 47.5905207 47.790405 48.03086439 48.31048976 48.90269766 49.54351992 50.12585089 50.67480092 51.14656802 51.53877636 51.99239596 52.13639859 52.39897312 52.96500055 53.41891317 54.05485124 54.55327887 55.04205514 55.46391828 55.73890694 55.5421711 54.79065949 53.75462235 52.8907588 52.48718263 51.65775603 50.55304171 49.36951784 48.5460739 48.42172694 48.75149072 49.49571904 51.16651971 53.65838211 56.6498341 60.76503228 63.72385933
48.42778401 51.09999759 56.87535817 58.16927457 58.75641707 62.34910129 65.53003025 70.53738849 68.33076507 64.15718176 62.62760878 62.82498199 62.08331164 61.23589 61.86798639 61.04811848 59.06966971 57.99876519 56.64171113 55.71534577 54.38941644 52.77645883 51.80127027 50.78418489 49.94800378 49.49217229 49.6566483 49.74406319 49.95809548 50.50039847 51.07008961 52.01589334 52.89995403 53.56091836 54.47238349 55.19472509 55.64208455 56.32043942 56.41405887 56.79466203 57.43008196 57.64150848 58.72504916 58.97972876 59.33451689 59.35215631 58.86667441 58.37632003 58.32276925 57.76009459 57.21880848 57.15884956 56.77497983 55.56930531 54.48406291 53.53210333 53.07889212 52.38340708 52.38159298 52.6825939 54.29578814 57.11741052 59.61511306 63.39703918
40.54553501 43.44866639 47.19922122 51.89450055 60.13927795 67.65500296 74.14592201 75.97163456 71.01895718 66.19660728 64.43877858 62.69569687 63.26776366 63.68485341 63.67390896 62.5723525 61.15603268 59.79986171 58.35479862 57.39198777 56.23331897 54.9882549 53.81743049 52.94380043 52.26706898 51.88125999 52.02435662 52.34777152 52.8875444 53.546397 54.18544047 55.23482617 56.28563054 57.33088475 58.31977586 59.1210031 59.85318796 60.50743123 60.78883828 61.13124565 61.40444408 61.46290878 61.88189786 62.21644509 62.63266699 62.9818036 62.92452068 62.69928407 62.59250259 62.30091241 62.0252222 61.87067569 61.27044132 60.68030083 59.76311609 58.85689925 58.21976334 57.41854276 56.8556943 57.15713841 58.40764694 61.75341368 66.35406214 70.69796943
39.84085961 34.79456819 35.42851069 46.8075004 61.2969181 70.43054109 74.01447219 80.48624829 71.99869006 65.81965625 63.74645152 63.24851795 64.83230132 65.1029495 65.02141922 63.98253985 62.84754871 61.35713483 60.17248254 58.96620375 57.99272221 57.00958111 56.40801559 55.61872188 55.03850147 54.73621564 54.93830077 55.45933879 56.02084826 56.9119645 57.76004528 58.96260788 60.15358797 61.22625539 62.4037322 63.40783855 64.35637183 64.99513864 65.17399202 65.21584786 65.03576394 64.34607653 64.7025664 64.89197714 65.79658122 66.63813611 66.81627518 67.42644116 67.15849549 67.17085556 66.93309462 66.55302773 66.42457782 65.94709181 65.66099523 64.98425662 64.53036255 63.92106138 64.02877306 65.38820843 68.0432276 72.26657048 83.73663026 88.36177027
55.85582155 38.69580213 35.08084689 46.13285835 55.57422325 64.12477712 68.97019813 67.17731383 67.07217835 64.2306219 63.32088499 64.2635312 68.24131248 67.80096649 66.27750393 64.39477147 64.06326267 63.50569604 61.59484961 59.88807472 59.16253238 59.04824385 58.9260054 58.4869091 58.11337801 58.02436447 58.35212844 58.99574007 59.7609181 60.78508378 61.69274475 62.93369399 64.2511807 65.65430267 66.92851677 67.92965471 68.99064113 69.48055086 69.65776491 69.14873638 68.07617517 66.33557025 65.41044185 66.46534796 68.4873434 69.99305989 70.54470916 70.85298098 71.02544751 71.06273864 71.33876534 71.47229645 71.68250395 72.12555434 72.53117017 72.79703767 73.38238014 74.16682655 76.01299398 79.87861091 82.9421442 84.07409493 93.49736779 107.1844949
72.04546398 46.12006106 39.64505675 49.89277735 60.14819264 67.33909834 71.22039703 67.70538259 61.36267208 63.17044134 64.01044095 64.58603761 70.76729975 69.2384354 65.57250084 63.88803636 64.27491074 64.8383609 62.8307671 60.65151601 60.30036078 60.74181551 61.29015468 61.03653176 60.93494896 61.13920478 61.63869335 62.63493929 63.37187212 64.72960907 65.97106272 67.36234236 68.82030065 70.2766896 71.77840728 72.84081615 73.96594242 74.41312209 74.42548213 73.38637418 71.64579421 68.70443555 66.80616821 68.76147808 71.49350386 73.25287773 73.85436188 74.18554487 74.21095548 74.78414963 75.61457088 76.57417189 77.99714387 79.60270993 81.29141871 83.04938525 85.30207583 87.27452914 89.9670499 94.69113499 97.10485982 94.72731528 103.8836957 118.4767785
81.35805797 53.64255382 47.56157335 53.62130627 68.14479655 78.7450958 82.49407358 75.61489383 62.5493525 63.72824161 67.43390402 66.08771681 72.56786597 70.85829374 64.74977216 62.1460977 64.28623926 65.53544053 64.11849964 61.70990036 61.48175578 62.66517951 63.56516914 64.04667698 64.11021414 64.55205403 65.28282779 66.1194037 67.31448995 68.76198328 70.11703111 71.74289052 73.6461727 75.24154942 76.81446608 77.98961789 79.12794571 79.53176894 79.45482892 78.33430554 75.61634458 71.67153078 69.82146245 70.59199615 73.70820408 75.61189513 75.75723858 76.29951252 77.08752063 78.11116558 80.30556036 82.75873617 85.56098282 88.72333801 92.28708497 95.54910549 98.88311045 102.2012962 101.8851032 102.9643163 103.0057261 99.30555311 104.7181738 117.687845
98.49477437 61.08957532 50.97816405 53.64871424 74.71106854 90.05909647 95.88998539 87.947303 69.00644676 70.59571901 73.98382092 67.66181448 74.76556075 70.54381173 63.67159842 61.55432946 64.12556627 66.57439262 64.72267733 62.54516333 62.7106447 64.22776007 65.82724218 66.73514247 67.42893948 68.23789316 69.05234632 70.17765115 70.76235864 72.31804762 73.99671068 75.85109341 78.34785571 80.03569986 82.02129185 83.32422593 84.74280597 85.18279971 84.41842029 82.89140573 79.16821005 74.22282356 70.95170448 70.41524643 72.44503924 74.67888618 76.16952506 78.72567371 81.19049712 82.84648521 86.04941531 90.12802576 94.38940823 98.78632305 103.8013055 108.5444952 113.4577869 115.5078582 110.3668494 106.2949566 104.3177749 100.308281 103.4987153 111.903983
-9999 71.34973905 53.55508559 46.59894815 79.51983893 103.5889646 113.5000887 105.0257843 78.94385995 76.26562907 80.15906475 71.65508367 76.19425529 71.83852323 64.20780461 61.82752266 64.87335118 67.09550612 65.84818522 63.63223349 63.65553759 65.91629345 68.07619999 69.81864267 71.00377032 72.30032 73.25127881 74.01308084 74.90632284 75.6094281 76.82296109 79.04497381 81.89499378 83.93270764 86.28208887 88.2485657 89.91781342 90.84443937 89.61142322 86.79560717 82.10659693 76.36728629 71.27590468 70.43817892 70.25816912 72.39563514 77.51719718 82.43951782 85.56236524 88.28150306 93.49329525 98.92268424 104.6463332 110.4327571 116.1423353 121.6502849 127.6379542 128.9028201 116.7484662 103.655766 99.01876168 100.5596125 105.2766582 108.484572
-9999 -9999 64.63153489 42.02394077 82.68488496 115.4763009 129.0783119 122.5970672 93.52261549 80.25693242 82.62719871 75.40993443 76.68879761 71.7029912 67.56333025 64.27986551 65.47472109 67.16923415 66.00612253 64.96866354 65.13337904 66.85789841 69.52250204 71.85726336 74.36330813 76.13775226 77.39528619 78.23664478 78.54885943 79.31145374 80.0101891 81.66488217 84.03252704 86.08096725 88.98136408 91.68438558 94.16142839 95.70219476 94.46622753 91.20467966 85.7160221 79.12466016 74.15540917 73.65052657 74.54943195 76.69481605 80.11777851 84.47630144 88.93289111 94.03100624 101.2443291 108.5675843 115.9261281 122.3193853 128.1100289 133.1972126 138.5565624 138.2290705 121.9856032 103.329397 97.98150353 99.36649324 104.4785472 106.7571649
-9999 -9999 -9999 46.72212051 86.94588409 127.0484655 142.6735474 139.553102 108.9648007 84.15956012 80.40576994 72.37886516 73.65710509 70.05864204 71.06954779 69.96395475 66.95757743 66.58466394 65.43646868 66.17368054 66.32962927 67.72804505 70.37430151 73.13084135 77.05863315 79.68626978 81.43337826 82.82554132 83.44450644 83.28739797 83.39916382 84.75949218 85.45641149 87.96758614 90.89095739 93.88466869 97.66794109 100.0590313 99.26043483 95.94794189 91.13334562 84.93891981 80.23970886 81.22334134 82.7810269 84.73561484 86.53489068 88.91211661 96.13633349 103.2629047 111.5698273 120.4014693 128.5175158 134.4505103 138.9430453 142.0816835 147.058375 144.561351 126.3971384 107.710923 99.22483375 99.27231596 102.9841157 107.3948226
-9999 -9999 -9999 52.00913451 84.30191116 126.979358 149.1906468 149.7633353 124.0307725 91.9461604 79.31330093 68.55577757 66.60734246 68.09592557 71.75154827 71.69168237 69.04874966 66.68352813 64.06684111 65.93028284 66.72050015 68.2821124 71.11877188 74.06603624 78.50476683 81.60115812 84.11580363 86.3564339 87.02055356 87.57105263 87.76195905 88.59070754 89.73321469 91.62947966 93.7660686 96.50994287 100.7060115 104.4647431 104.3282743 101.986245 98.45728048 93.68397018 90.66525032 91.39814191 93.55540624 95.70835939 97.99775575 102.304393 108.8747416 116.0545834 124.0184373 132.3735844 140.4356273 145.026912 148.9680926 151.3328498 153.941391 150.5550183 133.9278427 115.1446267 105.3877391 103.2521168 106.4910553 111.8549979
-9999 -9999 -9999 56.38718188 77.95915703 118.6018733 144.640779 157.0666458 139.3103317 108.6499665 87.39595638 66.95689456 58.22782251 65.01124537 73.84796592 75.92524877 71.24805146 66.49517788 65.93748436 67.81377662 68.38315328 69.23355168 71.22497553 74.24510592 78.90794042 82.55469153 85.45566714 88.78396725 90.55675166 91.43379763 92.43066202 94.27455971 95.70043209 96.38962419 97.947354 99.98401472 103.9426369 108.8565982 109.0528604 108.134075 106.7658172 104.0621534 103.408567 103.6655669 105.3270855 108.217407 112.5795595 119.6206253 123.0573848 128.5456519 135.1586564 143.1716858 150.9375365 152.7573311 156.3026393 156.0786954 156.2150485 155.633183 138.0776977 122.6398136 114.3007903 111.8209528 115.2037332 117.845278
-9999 -9999 -9999 -9999 65.08821915 97.00843541 129.2826556 147.7308807 142.9014355 119.2675489 98.07797222 74.29385508 61.65954021 63.25950729 70.08852425 73.58740637 74.8502262 74.00723768 72.85421935 70.41214413 69.21467545 69.05230766 71.28807779 72.48847175 76.61467116 80.35699325 84.49085896 88.99393335 92.38475667 94.73281388 96.58780333 98.1575852 100.0790552 101.0939492 102.5812153 103.6808561 106.2983166 110.0985702 111.2427592 112.1202211 112.7039828 112.6604546 114.0049468 115.1605762 117.3302245 120.5396606 124.3833749 129.4439988 132.0097985 136.0316564 141.4151675 148.8792496 154.9188609 154.0646616 150.3897936 147.3668342 146.4452562 144.5436282 135.0596415 126.1189858 121.2135019 120.7836186 123.1229343 125.0491138
-9999 -9999 -9999 -9999 60.69674274 69.76358357 105.7008783 136.1541559 139.423049 126.7804126 113.135068 94.99143404 78.55551062 69.14306829 66.40334195 71.42566326 79.69327374 87.89052484 79.49421064 73.29447722 70.94070609 68.87878274 72.00006693 72.56469531 74.02358546 77.8580397 83.20559746 88.37068541 93.20599996 97.1562751 100.3489875 102.4390634 104.0896972 105.9627077 109.3951679 109.8511151 110.180903 112.472681 114.0533297 115.1013076 117.7028124 120.637617 123.5231938 126.1989729 128.8374974 131.5253639 133.0493495 136.024566 137.8734954 139.9251149 144.436762 153.2315432 159.0868862 153.1600052 140.4011902 134.0225806 135.3145506 130.7578456 129.1559956 126.9137056 125.6821685 127.6523263 129.3769365 131.8899025
-9999 -9999 -9999 -9999 -9999 59.80751281 80.4581784 114.6400523 129.8691062 131.329761 130.0926669 126.8380365 112.3380595 93.85945444 78.92095595 77.90122026 82.51119085 86.2043715 81.31190085 74.41869991 72.90489065 74.50777913 76.67561929 76.1256854 75.5705795 77.66272016 80.84572321 86.44801144 91.33851683 96.40198403 100.8482753 104.7354823 107.9048629 109.969625 112.9431538 113.8718438 114.1647101 116.1113079 117.6174362 120.0984811 123.8487113 128.0896169 132.5757093 135.5449536 138.1011689 140.0186647 140.1174166 141.5850964 143.1592522 146.3617321 151.0292257 157.9868931 162.0922459 157.3223374 147.3081921 140.0701041 136.4129819 133.2956207 131.6127128 131.5467659 131.5430043 133.7858265 135.7397807 138.1818292
-9999 -9999 -9999 -9999 -9999 77.02496248 68.23919544 100.5069525 117.39641 133.2718319 146.7642941 153.8604027 159.250999 126.1877454 105.590092 95.27810951 86.20626407 84.65618721 80.582193 73.84845877 73.0347402 77.3599856 82.93738466 78.04227408 77.4941035 79.47396155 80.49307507 84.92541541 89.87339719 95.79453634 101.1576932 107.1589413 112.1051789 113.3792785 114.6183186 116.1764105 117.8161082 120.4113334 122.1526583 125.2524975 129.9499441 135.4716123 141.513256 143.7743486 146.0522755 146.9801214 145.4752531 145.9983137 147.416973 152.802772 157.1090913 161.5600831 167.9455912 161.1960438 158.5678867 151.7116339 143.2790856 140.0703676 138.6787212 139.0261744 139.801326 140.5496074 142.5438077 143.8725612
-9999 -9999 -9999 -9999 -9999 -9999 69.98627808 72.01034947 99.63291419 136.8877175 157.9874552 166.0037129 166.173957 148.4239714 126.0710293 110.5361904 102.4257849 94.54304586 82.13737099 76.2771564 75.47365422 74.55775683 76.18157571 78.0271096 78.33422089 81.0368922 84.19951955 87.15746264 89.79721242 94.31930835 99.73755068 105.8476687 112.0540154 114.1584053 116.3253881 118.2162281 119.8859698 123.3494638 125.9969276 130.1955472 135.0105719 140.0371562 145.0902568 148.31672 150.9068857 151.1820888 147.8172641 146.8125276 148.0144317 152.2855431 155.377469 159.1584273 160.8930258 157.6706545 153.4004027 149.6734676 147.2403462 147.5235823 147.9134378 149.5864009 149.5248855 148.909308 148.7408833 149.8257839
-9999 -9999 -9999 -9999 -9999 -9999 81.87631745 58.56136908 80.86002117 135.3237842 160.6761196 163.8558806 163.7176106 151.2136013 138.3944455 125.6127499 112.622075 105.9754832 91.43537213 77.26868695 77.5154975 74.93317118 70.51296759 78.73282112 82.02617787 83.75826025 87.41531627 88.88420106 88.8701572 90.948172 96.64245548 103.1640954 111.7054062 114.4500681 118.195746 121.062698 122.9654268 125.9770817 130.2047736 135.0053649 138.9926546 142.2941852 147.218432 149.4557738 153.1434256 153.8428416 149.2748026 145.7370729 148.1184282 151.1870828 151.7008707 153.3628364 153.7920587 150.7951497 146.3516493 146.1017316 151.1802774 153.8852488 155.7726833 158.9814227 159.0930716 156.7944885 155.6257037 157.8554129
-9999 -9999 -9999 -9999 -9999 -9999 -9999 68.18539534 73.90922404 116.4914651 138.3799873 142.9593549 136.1775364 136.3736748 135.0320177 130.4629526 124.5078778 114.278936 107.3524757 99.02206746 96.76720948 96.86713805 97.81053319 94.40420877 89.39722014 89.09175847 91.99882919 91.3907216 90.97879377 89.03880812 92.37874854 98.94450064 105.463894 112.854233 119.4284552 124.2617089 126.9488168 130.2041893 135.0582303 139.9186299 142.2967129 141.9547335 143.1265409 145.915988 150.1613007 151.5667096 150.2029269 149.7779697 149.9767709 151.1257173 150.3171919 149.645385 147.9317616 150.8324935 152.9190508 155.1562661 158.0755607 160.3683295 163.3204809 164.9713828 165.9102655 166.0361892 166.1572116 166.6255215
-9999 -9999 -9999 -9999 -9999 -9999 -9999 84.03978663 77.37533228 100.3730874 116.8210682 121.0131071 116.5617492 136.2467231 141.9840953 140.5747803 139.2719636 134.2483694 129.8986552 138.2163105 138.7223028 134.4813904 138.5043576 118.755708 103.7002638 100.7966889 102.3249865 102.2415279 101.0605048 94.35394538 93.79958552 100.1919823 103.4283607 113.3974949 122.3229992 129.2155283 132.1998867 135.0267335 139.9542412 144.8503741 145.231683 141.255781 138.3453057 139.5122021 143.9129295 145.8609963 146.5607354 150.2980615 150.8782765 151.9910355 152.1322133 151.6563048 150.155403 157.1929974 163.0418606 165.9774839 167.9610368 168.3164235 169.9021063 171.3053926 172.3267316 173.5908725 176.363135 175.952537
-9999 -9999 -9999 -9999 -9999 -9999 -9999 137.1869351 99.73407193 77.67544252 83.22641361 112.2982254 139.569074 151.5580729 160.9945853 164.3661584 153.1227214 151.0315439 145.8028685 145.5754084 147.8108301 152.2585564 150.2637585 133.2558458 124.2907983 120.1675512 120.9500088 122.1012853 117.3309503 107.8622968 106.3440182 109.1398327 114.8559683 122.5277661 130.6061552 136.107363 138.3049623 139.8457672 143.3418351 147.0539374 145.9827029 140.4052498 135.915463 134.449974 135.6539543 137.8771628 140.1684395 142.3269579 148.5727082 153.6197075 156.5663443 158.2194318 160.9775106 165.8436902 171.3636036 174.8354142 176.5460776 177.5181374 178.3288938 178.7297732 180.20421 181.8486876 183.4082582 185.7762388
-9999 -9999 -9999 -9999 -9999 -9999 -9999 -9999 132.9996856 81.22579101 71.4129386 106.0548401 145.1399041 150.240998 165.502564 173.3808045 165.7788327 162.6355837 151.8742808 147.3401675 147.939015 153.0975972 159.5986085 147.6752682 141.5164319 138.6509193 139.3035089 141.2166449 134.135229 124.9696306 124.8575497 128.2752182 132.6558724 138.4823228 143.7139471 145.1237168 143.806763 143.0981106 142.7792795 145.5428379 143.8794671 138.009986 133.8819764 132.949359 133.3772982 137.042371 139.9980531 141.8671857 149.7908736 157.3887596 161.757261 165.1950824 168.355832 172.1097682 177.5730758 181.2317663 183.1499588 185.9842731 186.8097034 187.7435436 189.4751996 190.9459263 193.0465451 196.64319
