meets/meet004/data/CCSM_6k_neotropic_bio06.asc
NCOLS 154 
NROWS 168 
XLLCORNER -112 
YLLCORNER -55.5 
CELLSIZE 0.5 
NODATA_value -9999 
[rows 56 to 83 of 168, columns 64 to 127 of 154]
19.22839516 16.29359954 13.5212506 12.74472954 12.7811892 13.1968479 14.3220326 15.67515886 17.12373836 18.40785347 19.13056908 19.17440283 19.16351479 19.25450916 19.28292792 19.39296972 19.53767412 19.64605775 19.83101993 19.96744764 20.07018725 20.08466809 20.03287873 19.9573967 19.84395688 19.63658035 19.37470092 19.11443644 18.95263093 18.86847348 18.8702626 18.99559014 19.14527629 19.31495379 19.45154068 19.49401019 19.45312879 19.34674782 19.29540682 19.17697591 19.12192245 19.06927225 19.02017059 19.13885589 19.27474272 19.38606202 19.49877379 19.55978772 19.63657223 19.68372273 19.73304613 19.79416654 19.83769877 19.79146858 19.77324334 19.96578955 20.1446991 20.68256441 21.77639737 23.09280229 23.8996354 -9999 -9999 -9999
17.15833344 14.71193542 12.77685298 12.3106692 12.69461167 13.4412289 14.43701247 15.65580474 17.21500612 18.6403511 19.51343617 19.70412178 19.74210997 19.68894785 19.67368172 19.70561643 19.75410307 19.89691347 19.92435151 19.9585702 20.02179424 20.05991986 20.1138814 20.12982 20.05898828 19.95909139 19.84979542 19.78821351 19.68313018 19.70358628 19.71281587 19.71892068 19.81813218 19.85494466 19.92483427 19.91681799 19.85547725 19.7955398 19.71326567 19.65511187 19.60733979 19.55748532 19.55002337 19.56511418 19.52328935 19.47234822 19.46609559 19.45171251 19.55656246 19.58687763 19.62339003 19.68591133 19.72436168 19.78394762 19.85835255 20.05686945 20.31106803 20.72540048 21.28560155 21.85322498 22.62084659 23.47781764 24.15223958 -9999
15.86771094 13.79081653 12.3395796 12.27307626 12.90583788 13.75853409 14.76023915 15.92512168 17.37867873 18.70255267 19.53243344 19.75368021 19.80978174 19.77806452 19.77956372 19.81793554 19.865484 19.96769873 19.93906341 19.92472511 19.945278 19.9699787 20.00326488 20.00680148 20.01949759 20.07001459 20.15430898 20.25463338 20.22197366 20.29312938 20.30317567 20.25917739 20.31298312 20.29201864 20.33559547 20.31610077 20.24933223 20.22046197 20.1498261 20.12318443 20.07887576 19.96288287 19.83014938 19.7418001 19.63242442 19.5656798 19.54609187 19.49559008 19.53305566 19.52964743 19.54680204 19.58703797 19.63492595 19.82006112 20.03885291 20.26043064 20.5158115 20.73575625 20.98095295 21.14089376 21.59293371 22.20958723 22.75374629 -9999
15.27623806 13.41878991 12.10309255 12.36882389 13.30339486 14.21734321 15.2291802 16.38483377 17.59345646 18.69159613 19.42958599 19.61591683 19.67826421 19.69389163 19.67120894 19.71585356 19.79098208 19.86755108 19.85543613 19.83558561 19.84315895 19.86175693 19.90668909 19.9044996 19.90308782 19.95870001 20.0201392 20.1082344 20.21027371 20.29446887 20.35288017 20.37122151 20.38029611 20.38164411 20.38814457 20.36851691 20.32862645 20.28624283 20.21404863 20.15211268 20.09470285 20.04402712 19.99351144 19.89886951 19.86399069 19.77458315 19.66674331 19.57281148 19.59983103 19.59547535 19.62309407 19.63905322 19.67743445 19.82529641 20.0520119 20.22668406 20.35795253 20.51578037 20.62072313 20.70614834 20.85713592 21.02566187 21.07126001 21.32355169
15.53113261 13.77623525 12.75649098 12.93934948 13.83787482 14.74955449 15.6868383 16.71786201 17.76355605 18.67704201 19.29899934 19.48411683 19.51698334 19.53670635 19.51903979 19.56468385 19.63704104 19.70652887 19.70290838 19.68724581 19.71072405 19.74359135 19.78590905 19.7949169 19.80318013 19.84531962 19.89402011 19.95575009 20.02538889 20.09221281 20.14593342 20.17120148 20.19275403 20.20184647 20.21437998 20.21719235 20.20658252 20.19078714 20.13169903 20.07865536 20.02841192 19.98126766 19.97274347 19.95027198 19.95570189 19.92930713 19.86933405 19.83044991 19.82264433 19.83466278 19.81656604 19.77605323 19.78507886 19.84881732 19.9774532 20.06925882 20.12623584 20.21122341 20.29676511 20.32587659 20.354165 20.32865907 20.1483693 20.12976271
16.18751522 14.56410932 13.59210275 13.62903394 14.42449828 15.05504449 15.89618658 16.85812454 17.77868103 18.56186378 19.11108687 19.29682166 19.3650345 19.37861521 19.36263052 19.40755189 19.46113282 19.52307428 19.52745799 19.51681273 19.54700577 19.59000024 19.65216899 19.66500757 19.69310352 19.73084534 19.75373016 19.82735645 19.86046934 19.90658588 19.95188437 19.9677608 19.992206 20.00032096 20.01717661 20.0325085 20.04722426 20.08152901 20.00754241 19.95785986 19.91932893 19.87283672 19.87016344 19.87749997 19.96544559 19.9760014 19.95653259 20.05067125 19.94754925 20.02463435 19.98958841 19.8383035 19.86791505 19.77569175 19.80366203 19.81440803 19.80984238 19.87723224 19.91686364 20.00590212 19.94693825 19.81732824 19.70691409 19.47912328
16.846761 15.16343877 14.26792032 14.2084456 14.78900064 15.33356354 15.99316388 16.7847368 17.5936297 18.30150161 18.82565148 19.0439104 19.15265102 19.20767688 19.20836568 19.25388359 19.30823636 19.35186266 19.35341432 19.34686986 19.38235312 19.43216221 19.48757538 19.50503288 19.52163253 19.55433226 19.57718212 19.62565184 19.66597836 19.7151044 19.75747267 19.77395134 19.78714566 19.78901351 19.79209205 19.80361203 19.81835925 19.83272351 19.79993076 19.77428666 19.74993873 19.71889632 19.73108829 19.74045274 19.80111985 19.81447474 19.79201805 19.82789474 19.78572989 19.81780829 19.76626533 19.64435692 19.60309828 19.51195168 19.49883042 19.46557248 19.41488866 19.43140435 19.46165825 19.51116156 19.46498053 19.32993089 19.16113133 18.97702395
16.95178814 15.44997592 14.44534621 14.54487179 15.0459151 15.53626741 16.06657405 16.67761597 17.43575286 18.07046222 18.5400896 18.73826036 18.87163091 18.99454333 19.04551837 19.08882145 19.1313846 19.18355093 19.17110971 19.1609147 19.19520272 19.24159958 19.3102599 19.30524109 19.30434471 19.32776719 19.34138625 19.3831329 19.43166225 19.50074312 19.54723576 19.55630982 19.57990222 19.56975809 19.55186352 19.55230609 19.55264974 19.54150062 19.54277506 19.54363553 19.53099923 19.51301028 19.53936463 19.50693604 19.51519625 19.49605799 19.43898214 19.3969863 19.37274727 19.35682058 19.29642555 19.22013597 19.16192772 19.08534704 19.07592305 19.01622167 18.93140367 18.9092237 18.93041235 18.95773093 18.9103315 18.7712779 18.60884825 18.44076786
15.9848846 14.76748618 14.40107266 14.5078864 15.16677533 15.67492653 16.13378583 16.69023048 17.29510915 17.85828891 18.27439078 18.45468454 18.57047513 18.70306538 18.81582232 18.91088801 18.92889636 18.95585241 18.95390378 18.9625132 18.99405407 19.0213675 19.05800438 19.06056214 19.06212678 19.08168909 19.0904841 19.12376757 19.16050778 19.2148527 19.26961578 19.3087949 19.34209738 19.33585632 19.32090896 19.31191084 19.29529632 19.28898403 19.27169583 19.26634185 19.24745088 19.2204474 19.20357575 19.16438699 19.13534947 19.08016836 19.00864458 18.94575821 18.87480403 18.82219137 18.74387151 18.66379416 18.60581078 18.53144609 18.49011849 18.42531089 18.34164028 18.31948028 18.34237039 18.38726298 18.36530931 18.27685577 18.12211236 17.97867848
14.69088242 14.27786771 13.93882496 14.41748659 15.19937484 15.71834064 16.11411348 16.65933892 17.23062941 17.68593318 18.0187615 18.14348975 18.26053676 18.37972827 18.49948895 18.61929641 18.66144785 18.69169473 18.69810015 18.72154356 18.74602706 18.7446534 18.78287696 18.78872659 18.79629364 18.82033648 18.82204254 18.84592088 18.87627356 18.91010121 18.96591262 19.02519411 19.09973106 19.08253925 19.07645692 19.06485644 19.03112082 19.03111998 18.98592599 18.96852298 18.93590054 18.88314155 18.83367156 18.77936782 18.72533896 18.64725044 18.5593528 18.47782479 18.36697184 18.27948436 18.17410546 18.08471484 18.00687377 17.91098509 17.85004557 17.76781082 17.68637614 17.67044487 17.72382271 17.80464463 17.80086626 17.75289134 17.71562535 17.64409677
14.4943138 14.02425497 14.20015741 14.3689129 14.94828771 15.42522849 15.95031622 16.61069913 17.04915082 17.44419583 17.74156959 17.83512656 17.90808677 18.01716996 18.13981608 18.25716312 18.33918318 18.3591445 18.35858212 18.377594 18.41012269 18.42567804 18.45694537 18.47565501 18.50178646 18.53475809 18.5528125 18.57756899 18.58529651 18.60587173 18.65532112 18.71503434 18.77459672 18.77592853 18.76921779 18.75543541 18.72437474 18.70821044 18.65365415 18.62170495 18.56921266 18.50876679 18.46228304 18.36520518 18.28655159 18.183349 18.07897739 17.98027587 17.84304376 17.71758302 17.58348966 17.46823107 17.36800851 17.26227263 17.17238768 17.09273558 17.0173311 16.98338531 17.05487758 17.10942491 17.24325484 17.39691878 17.4025548 17.53241523
14.60024148 14.2189973 14.1371234 13.78175727 14.20005569 14.66188251 15.27874967 16.2948401 16.75212038 17.19171324 17.48808326 17.50447706 17.52550427 17.585186 17.71278581 17.83418293 17.93987191 17.97444718 17.98271556 17.99743537 18.04164502 18.07651675 18.12069482 18.17126553 18.20548733 18.24932326 18.28136066 18.30433649 18.30524499 18.30023232 18.33942688 18.3997741 18.45180359 18.45901059 18.44250639 18.42240178 18.39672273 18.36078966 18.28536928 18.22826626 18.15682297 18.08754944 18.05111498 17.92476622 17.82373623 17.70915435 17.59514131 17.47749544 17.31979685 17.16382737 17.00333822 16.87562817 16.72977605 16.63038298 16.5214417 16.43395261 16.37063499 16.33478541 16.47772694 16.56856301 16.87420429 17.28359044 17.43793486 17.89025156
15.49169773 14.04587076 12.93639826 12.41479973 12.61222721 13.02556766 13.90087914 15.00646836 16.10386967 17.01924781 17.4726964 17.30649716 17.05036797 17.08350486 17.17328375 17.29167184 17.444324 17.51251049 17.54966071 17.58322642 17.65102357 17.72430119 17.79618249 17.85062807 17.89956733 17.95036882 17.98159796 18.00444672 17.98468052 17.96706979 17.99355247 18.04935095 18.10628454 18.09943917 18.07776382 18.04798765 18.00620109 17.95106536 17.85170393 17.74558624 17.64454572 17.5608542 17.47793382 17.39763926 17.3167363 17.19354506 17.0626195 16.91831444 16.77304839 16.62361751 16.46071734 16.31007474 16.15052912 16.03328285 15.91043221 15.86916844 15.86853053 15.89667502 16.10397396 16.37630816 16.96831078 17.78978897 18.40927355 18.50673025
16.52708516 14.03123621 11.78026623 10.85524014 10.78216276 11.23208277 12.27508962 13.68561722 15.46297254 17.03547329 17.63821256 17.18304685 16.60286431 16.54862549 16.65368238 16.77729031 16.95868203 17.09831994 17.16990869 17.21067407 17.29131425 17.39177633 17.47262474 17.54619929 17.59390279 17.65091159 17.68850441 17.7052096 17.68260741 17.63252771 17.64840592 17.71220562 17.7574255 17.752097 17.70806075 17.67186991 17.63519364 17.55701519 17.45716652 17.29521314 17.17339979 17.09493406 16.95902813 16.9166599 16.83128534 16.70433898 16.57191241 16.39362071 16.28976057 16.14788615 15.9930396 15.85277595 15.64993285 15.56949717 15.44222795 15.43073315 15.49380032 15.63306354 16.01175767 16.46907227 17.26854504 18.14692123 18.90055519 18.89751391
17.83394158 14.30136685 11.08653458 9.66723381 9.368767189 9.60382744 10.64543674 12.35785998 14.85884149 17.28898012 18.15198343 17.2161319 16.2042999 16.08582571 16.28031108 16.40309979 16.53601897 16.64700165 16.75188548 16.83339366 16.97299118 17.09275044 17.14356425 17.23573234 17.29425331 17.35182852 17.39251504 17.39292854 17.36276115 17.31320491 17.31205211 17.35434481 17.37727922 17.36880284 17.32467567 17.28803243 17.2630521 17.18985167 17.07753872 16.92779096 16.79540293 16.70011995 16.59303098 16.50796067 16.39972084 16.25401596 16.09963307 15.93046554 15.83002415 15.7382204 15.61361442 15.47535034 15.33496404 15.22232885 15.13523905 15.21922411 15.34618479 15.64448812 16.2220994 16.86666976 17.55240734 18.4080271 19.07635804 19.23638346
18.80605433 14.86356432 10.94797798 9.107689753 8.164121445 8.18594793 9.173172891 10.98555607 14.08971651 17.27178318 18.29632228 17.05326473 15.78219513 15.6953421 15.93948465 16.06810845 16.15913904 16.22627515 16.327363 16.41862348 16.56000269 16.73458864 16.87629262 16.97449573 17.03701588 17.09210606 17.12669201 17.11042593 17.08674962 17.02127096 17.01206176 17.04282977 17.03734859 17.03910534 16.98526485 16.95911335 16.95915149 16.87715799 16.77770017 16.61186489 16.47387697 16.38938485 16.26646015 16.18749854 16.05764546 15.8888871 15.72196332 15.51046718 15.41610927 15.34147531 15.24280043 15.1363281 15.04998742 15.01705986 14.98857982 15.1641389 15.36560949 15.82123027 16.666569 17.29669137 18.04460155 18.75769205 19.35215656 19.51866366
-9999 15.9636329 12.18295218 9.470129248 7.519639846 6.847217764 7.623870081 9.599947685 13.02799302 16.54513047 17.89691705 16.78421267 15.50301025 15.38887523 15.67371347 15.77908357 15.81592985 15.83756109 15.95028949 16.05940818 16.19938815 16.36116155 16.49023944 16.64330659 16.75182172 16.86123851 16.91129257 16.8587493 16.84080757 16.79605085 16.76672856 16.76864361 16.74222026 16.74277276 16.71601728 16.68852235 16.68465271 16.62289088 16.495389 16.32995788 16.18886776 16.08014148 15.96743837 15.8976103 15.79908151 15.62888142 15.40242881 15.15619784 15.06372181 14.94477817 14.86915556 14.82641041 14.77952502 14.81908945 14.94622674 15.21854518 15.46074407 16.06695054 16.91068968 18.08223069 18.86927003 19.14225889 19.42500237 19.58875981
-9999 -9999 14.27980989 10.68081638 7.318077504 5.918973384 6.359301317 8.218795715 11.74867435 15.49500243 17.06321206 16.29671369 15.29487692 15.24040821 15.44406224 15.4915691 15.48282284 15.47049929 15.59347024 15.73546168 15.8829868 16.01632076 16.12898368 16.29994875 16.42414975 16.5340349 16.61297261 16.64938911 16.65724835 16.61411094 16.58770857 16.57280275 16.52697234 16.52996962 16.5036868 16.47649243 16.46392481 16.38855685 16.26286895 16.08988978 15.94143145 15.84681583 15.72579171 15.65874517 15.56173179 15.40102338 15.21207508 14.98130424 14.89811555 14.77274789 14.6932426 14.66533969 14.61198287 14.67409722 14.83113951 15.10965006 15.37884879 15.91820501 16.98186799 18.34131539 19.17163836 19.25608152 19.43495564 19.62905679
-9999 -9999 -9999 12.52917084 7.453032165 5.093312603 5.225298225 6.887561037 10.2201315 14.05249471 15.9566866 15.75366264 15.37502495 15.33193637 15.25036493 15.24248583 15.20536361 15.19426604 15.32440765 15.46872008 15.60801688 15.75007603 15.85062109 16.01186909 16.13183312 16.21456071 16.28804967 16.29177317 16.32987168 16.34869221 16.35168935 16.36924976 16.35628961 16.35225543 16.33796829 16.28975964 16.23578234 16.13525622 16.01438768 15.89459848 15.7666576 15.64672451 15.52706482 15.44686862 15.34404833 15.23796979 15.13636557 15.01609218 14.9291549 14.83318767 14.75292007 14.65507866 14.59628202 14.63709658 14.61442648 14.89030294 15.225099 15.65742372 16.86340286 18.0795569 18.86280387 19.15362406 19.30927977 19.43524586
-9999 -9999 -9999 13.70533221 7.99260061 5.103041789 4.724318775 6.115967423 8.95492822 12.36587881 14.48778714 15.21828822 15.43401566 15.5033616 15.31833413 15.23447077 15.12146747 15.08842474 15.19536645 15.31859752 15.433069 15.53232101 15.61038719 15.75266125 15.84726573 15.90247846 15.93179162 15.91318764 15.95719764 15.95517839 15.93681941 15.92385863 15.88260539 15.92985566 15.96218006 15.98952499 15.96436479 15.82404036 15.75397679 15.68064953 15.58907225 15.50689454 15.39484358 15.31132508 15.22647689 15.16484249 15.09938926 14.87781856 14.77279525 14.66284357 14.59379415 14.55616294 14.50678564 14.59853487 14.68503345 14.94268851 15.15849361 15.59639665 16.69426165 17.76980156 18.51928886 18.83282529 18.94637478 19.09897506
-9999 -9999 -9999 14.55606505 8.6083542 5.427151375 5.008621654 5.625844363 7.557840931 10.47186908 12.59164546 14.02915011 15.65685614 15.58560617 15.36902955 15.36937238 15.13871613 15.13418334 15.14555143 15.2570442 15.36889853 15.41918831 15.45644503 15.59634141 15.63189051 15.65338732 15.67326229 15.55849358 15.63441918 15.60985108 15.56668999 15.53890215 15.39746499 15.50599936 15.48744833 15.47895958 15.55342839 15.4585336 15.4799175 15.50228952 15.43219558 15.3671201 15.29820264 15.19448226 15.14171267 15.02440309 14.89887306 14.8272621 14.67295468 14.55919925 14.49061024 14.35022643 14.36685993 14.50840715 14.63027307 14.97665258 15.33229022 15.80187126 16.74338821 17.65110313 18.20450314 18.46277396 18.52310809 18.59942097
-9999 -9999 -9999 -9999 10.46865555 7.322072916 5.902813286 5.592007322 6.543305239 8.452794347 10.30378765 12.12384307 13.98754336 14.95647898 15.51782818 15.7678471 15.34199742 15.03798429 15.0720305 15.29206767 15.43415929 15.46983665 15.4639594 15.55893552 15.59579113 15.59051018 15.55242071 15.4400758 15.43613607 15.40078126 15.35102105 15.32250754 15.24235891 15.31726768 15.31606053 15.26654764 15.21520053 15.10831048 15.11512698 15.11519299 15.0727792 15.06030259 15.01051159 14.90885718 14.79937238 14.702749 14.62636214 14.57700485 14.49670992 14.43224988 14.38287816 14.24657957 14.30548573 14.55152944 14.9548038 15.44570215 15.89321092 16.3849282 17.07158106 17.6920309 18.10073297 18.24860364 18.22746169 18.20919445
-9999 -9999 -9999 -9999 12.9543508 9.831040076 7.389028168 5.220453177 4.997862125 6.112661519 7.334007541 9.025394073 11.42914137 13.28126103 15.27018253 16.14579109 15.24819799 14.72475934 15.10482903 15.44605283 15.65857765 15.65345129 15.60111573 15.69008321 15.72377526 15.691125 15.60684337 15.4694493 15.39275068 15.28936033 15.22642422 15.26404196 15.27715702 15.28775582 15.34877954 15.24261468 15.06734209 14.88400864 14.72402161 14.68362276 14.60283067 14.58500247 14.58050362 14.50055075 14.40565599 14.35802422 14.29564895 14.21628285 14.27305099 14.26691157 14.25981218 14.12421104 14.1690733 14.64604536 15.36594911 16.00483455 16.46260946 17.14467774 17.49171219 17.84509289 18.04375032 18.07243416 18.0219464 17.83531208
-9999 -9999 -9999 -9999 -9999 12.83014535 8.813521142 5.230315342 3.549077366 3.411517284 3.968279145 5.419070802 7.693392898 10.52154249 13.38032411 15.03617214 15.10841703 15.04253504 15.3600667 15.81295152 16.06261579 15.99011077 15.88809889 15.9081165 15.87755107 15.79832356 15.66174813 15.44714575 15.34556954 15.24159246 15.15035923 15.1021031 15.10766912 15.23239603 15.32083206 15.17950374 14.90651907 14.5952107 14.35242471 14.21081794 14.08420761 14.06988003 14.07709296 14.06746437 14.02245838 14.01149353 14.001011 13.98696254 14.02883735 14.04412431 14.07197655 13.98044935 14.08414924 14.51714311 15.19629097 15.92321414 16.63173658 17.26273908 17.65988878 17.88869887 18.00208092 17.96700745 17.84310503 17.6251401
-9999 -9999 -9999 -9999 -9999 16.04387116 10.29049347 4.413162627 2.678794265 1.139418167 0.664826496 1.772443075 3.125563536 6.982048962 10.98094098 13.33060405 14.20772667 15.14814832 15.55534655 16.1342745 16.64406977 16.53572389 16.27246303 16.50420918 16.22116109 16.07439593 15.81913078 15.48149007 15.46886863 15.30841149 15.16437464 14.94972005 14.78947651 14.94238748 15.29318083 15.10426281 14.71589089 14.26816614 14.00091784 13.76250315 13.59392437 13.59756323 13.5749626 13.64185618 13.68088664 13.74216218 13.79633072 13.80088738 13.88607862 13.88355196 13.95498028 13.92213184 13.95142378 14.53684806 14.98763989 15.71585346 16.67198978 17.35481 17.66469362 17.84878679 17.87857374 17.82845329 17.71070345 17.41138136
-9999 -9999 -9999 -9999 -9999 -9999 12.76944981 8.114918586 4.017032134 0.474835153 -1.059728578 -0.476969468 1.407291168 4.301794123 7.693766193 10.2694086 11.84932757 13.39354399 14.48994745 15.97858495 16.95469961 17.08694038 17.42730427 17.13524376 16.88611825 16.63897936 16.18463992 15.8886028 15.80850695 15.64309353 15.4122202 15.11122852 14.80781581 14.81707571 14.84064592 14.636128 14.46067253 14.08995232 13.78285309 13.51969787 13.32543021 13.28402334 13.26349729 13.30817935 13.37002738 13.49494163 13.68236142 13.77845244 13.78897752 13.74477196 13.87832177 14.02864563 14.34540485 14.93054436 15.59060526 16.25607692 16.85936105 17.29478222 17.53728716 17.59633271 17.60254331 17.5818246 17.45430005 17.15425829
-9999 -9999 -9999 -9999 -9999 -9999 15.19947254 12.13913162 6.551343098 0.887432976 -1.749750189 -1.4583599 -0.406528178 1.399334845 4.085709852 6.377600168 7.955033843 10.45486894 11.65026375 14.19074352 15.75638971 16.05093193 17.98141161 17.39336102 17.30165537 17.21307999 16.57615016 16.29532508 16.33132266 16.24931344 15.72128538 15.28069462 14.68996557 14.55053004 14.41124071 14.3756136 14.27637231 13.9590555 13.66317542 13.41166574 13.2080741 13.15480052 13.03682275 13.12131707 13.1552679 13.27718291 13.53170696 13.82685223 13.69727024 13.6041 13.86998059 14.29041043 14.78643711 15.52739277 16.32317443 16.87808679 17.0510058 17.34366152 17.36440662 17.33769024 17.31402338 17.31837596 17.22680214 16.78632339
-9999 -9999 -9999 -9999 -9999 -9999 -9999 14.69155534 9.024405073 2.837787988 -0.844793894 -1.696873965 -1.516707022 -1.30814258 -0.809393581 0.36385039 1.919070375 4.116326708 6.290517994 8.739779777 11.02479534 12.59658693 14.33629903 15.62099475 16.8829343 17.4874277 17.01992877 16.71527768 16.4634829 16.23789333 16.04744977 15.86091821 15.57859148 15.00531826 14.42349559 13.97468508 13.9767122 13.8801666 13.62176754 13.41190441 13.26216387 13.22975816 13.20548278 13.18387992 13.13317443 13.21408056 13.37550636 13.43442858 13.55299892 13.64518135 14.0512016 14.67108146 15.39434009 15.96052445 16.4596616 16.80447998 16.91457248 17.0144633 17.11543582 17.23484334 17.16230635 16.97130027 16.74460768 16.32476726
