meets/meet004/data/CCSM_21k_neotropic_bio06.asc
NCOLS 154 
NROWS 168 
XLLCORNER -112 
YLLCORNER -55.5 
CELLSIZE 0.5 
NODATA_value -9999 
[rows 112 to 139 of 168, columns 64 to 127 of 154]
-9999 -9999 -9999 -9999 -9999 -9999 -9999 -9999 -9999 -9999 -9999 -9999 -9999 -9999 -9999 -9999 -9999 -9999 5.783709345 0.651515397 -2.889471986 -4.779455166 -5.708200216 -5.547546359 -4.75821672 -3.559295879 -1.938417664 -0.215265667 1.548868431 2.958117829 4.117755363 4.727534039 5.027453425 5.32048585 5.406729146 5.510329438 5.55843403 5.470294741 5.657190223 5.700903218 5.705486897 5.668294683 5.651104881 5.810880414 6.007877213 6.086937781 6.117235241 6.099681114 6.151996837 6.166651067 5.974978694 5.631923818 5.234243895 4.788707423 4.354955418 3.986885898 3.601244554 3.306982404 2.661024241 1.664966445 2.913979692 5.943786063 8.860796283 -9999
-9999 -9999 -9999 -9999 -9999 -9999 -9999 -9999 -9999 -9999 -9999 -9999 -9999 -9999 -9999 -9999 -9999 -9999 3.578845065 -2.164612688 -5.362387017 -5.866157245 -5.17485736 -4.228222773 -2.850139134 -1.51034131 -0.173674181 1.19304383 2.43300448 3.460522779 4.323898138 4.776113922 5.031752616 5.144198846 5.101371785 5.214397957 5.361623794 5.45662992 5.460653978 5.380688816 5.341918669 5.291504125 5.30081263 5.42997906 5.609407935 5.699783188 5.709225736 5.710436899 5.742658412 5.735228066 5.569187061 5.293724419 4.9651936 4.62539246 4.309224424 4.054776876 3.815454086 3.356363246 2.452920244 2.003069729 3.352479013 6.381659538 8.932993495 -9999
-9999 -9999 -9999 -9999 -9999 -9999 -9999 -9999 -9999 -9999 -9999 -9999 -9999 -9999 -9999 -9999 -9999 7.844766263 1.595314358 -5.134973302 -7.908131375 -6.488450464 -4.780078819 -3.103948692 -1.108849674 0.317608565 1.285400539 2.582464857 3.256581071 4.010932511 4.65175313 4.872806067 5.18175443 5.017139349 4.857430612 4.98693058 5.222224279 5.604837585 5.3356958 5.073440304 4.934649289 4.845609777 4.882153146 4.979073164 5.129699127 5.212978326 5.246293968 5.276113337 5.242433159 5.246639091 5.110911853 4.903159639 4.637277334 4.450455515 4.226743059 3.862817127 3.440830509 3.525472977 3.118813463 2.489004515 4.173537225 7.057112516 -9999 -9999
-9999 -9999 -9999 -9999 -9999 -9999 -9999 -9999 -9999 -9999 -9999 -9999 -9999 -9999 -9999 -9999 -9999 5.698523544 0.169726162 -5.400112208 -7.729643062 -6.632458246 -4.313145932 -2.225005665 -0.100318621 1.322151289 2.026039243 2.785271752 3.430713313 4.162686234 4.64205291 4.719901361 4.840295453 4.639189006 4.54546028 4.66292077 4.931377889 5.159995468 4.939870555 4.64003218 4.477600642 4.375612443 4.400517278 4.459957781 4.545905404 4.601655193 4.607693128 4.612981193 4.65052692 4.661996747 4.598642171 4.494399498 4.36241777 4.219162316 3.885162397 3.83824785 3.503036134 3.495701324 3.810450455 4.593858808 6.141286334 -9999 -9999 -9999
-9999 -9999 -9999 -9999 -9999 -9999 -9999 -9999 -9999 -9999 -9999 -9999 -9999 -9999 -9999 -9999 -9999 4.638345345 -0.687929954 -5.762260309 -7.800334851 -6.392493878 -4.002070415 -1.662984553 0.577112723 1.920595785 2.323580113 2.65213653 3.052160184 3.647622124 4.010278943 4.018890805 4.297681182 4.149121393 4.035674095 4.150756822 4.383633598 4.693420261 4.406349262 4.091272079 3.954946151 3.889682439 3.87504335 3.907531664 3.941859698 3.968331299 3.96109252 3.930224592 3.985263048 4.024518125 4.038352934 4.014203632 3.889532537 3.768489494 3.518587 3.45796518 3.15801959 3.422799727 4.968985999 6.527658618 -9999 -9999 -9999 -9999
-9999 -9999 -9999 -9999 -9999 -9999 -9999 -9999 -9999 -9999 -9999 -9999 -9999 -9999 -9999 -9999 -9999 4.016571333 -1.105332001 -5.913006913 -7.748788037 -6.473850186 -3.967091634 -1.437024286 0.884056372 2.125127327 2.31967304 2.252567857 2.164828198 2.090526889 2.296971452 2.723440758 3.118876877 3.324576647 3.451123494 3.585825839 3.597193541 3.609028017 3.61736193 3.603302225 3.561926963 3.437653789 3.351362776 3.358723748 3.387386366 3.410382724 3.39611529 3.376358056 3.415391551 3.457952396 3.535554273 3.567076506 3.385676087 3.177813779 2.949938907 3.477249645 3.930737885 5.034769811 6.397345971 7.586195902 -9999 -9999 -9999 -9999
-9999 -9999 -9999 -9999 -9999 -9999 -9999 -9999 -9999 -9999 -9999 -9999 -9999 -9999 -9999 -9999 -9999 3.829268036 -1.41994286 -6.447460001 -8.16569189 -6.483387742 -3.951251694 -1.325898489 1.138596728 2.293873741 2.187066269 1.853252928 1.434367548 0.814602943 0.854873455 1.529754764 2.049837728 2.507110293 2.791107359 2.960069276 2.876823327 2.723068977 2.959504924 3.109660076 3.125205909 2.981189644 2.840095598 2.864374428 2.883955124 2.895611245 2.881176354 2.863324343 2.892405551 2.93897994 3.019896543 2.902651775 2.842582058 2.762675717 2.80695003 3.446719161 4.407174625 -9999 -9999 -9999 -9999 -9999 -9999 -9999
-9999 -9999 -9999 -9999 -9999 -9999 -9999 -9999 -9999 -9999 -9999 -9999 -9999 -9999 -9999 -9999 -9999 3.306476938 -1.777026763 -6.47723972 -8.085069402 -6.444528905 -3.629254378 -1.166610574 1.025651097 2.030655601 1.982682001 1.568894728 0.965335373 0.476054022 0.424716004 0.781334465 1.280911316 1.716734406 1.991806654 2.23540351 2.291219423 2.326912753 2.440717806 2.536724518 2.593729916 2.511333432 2.412646638 2.409219683 2.415354896 2.446385119 2.445274813 2.4278411 2.432472641 2.442217097 2.580858825 2.50058225 2.544924058 2.725350677 3.367854791 4.449989656 -9999 -9999 -9999 -9999 -9999 -9999 -9999 -9999
-9999 -9999 -9999 -9999 -9999 -9999 -9999 -9999 -9999 -9999 -9999 -9999 -9999 -9999 -9999 -9999 -9999 3.098585216 -2.06528651 -6.867845891 -8.350742983 -6.398841325 -3.542533425 -1.286422887 0.813965245 1.657987121 1.475749626 1.129647096 0.627439705 0.186666569 0.084927434 0.303571823 0.662271255 1.122753281 1.418306428 1.74603222 1.901854897 1.979355234 2.097647954 2.13194631 2.155483938 2.075235032 2.015639312 2.04705237 2.061480854 2.07366169 2.065607914 2.053125855 2.045112918 2.053482755 2.124362343 1.900165762 2.052281048 2.720765627 3.717854685 4.94802381 -9999 -9999 -9999 -9999 -9999 -9999 -9999 -9999
-9999 -9999 -9999 -9999 -9999 -9999 -9999 -9999 -9999 -9999 -9999 -9999 -9999 -9999 -9999 -9999 -9999 2.896707117 -2.243723928 -7.003780689 -8.509985504 -6.608616934 -3.803540913 -1.546551021 0.270417464 0.994334422 0.779604811 0.297792031 0.041721932 -0.15633957 -0.215096304 -0.098783447 0.145460336 0.60416927 1.08813477 1.444781607 1.552603892 1.650674517 1.724820565 1.794882549 1.833979257 1.717142246 1.633827438 1.702163519 1.799111525 1.851780598 1.78136937 1.744706287 1.755712074 1.587866704 1.796552399 1.64344854 1.827518979 2.676260067 4.10237326 -9999 -9999 -9999 -9999 -9999 -9999 -9999 -9999 -9999
-9999 -9999 -9999 -9999 -9999 -9999 -9999 -9999 -9999 -9999 -9999 -9999 -9999 -9999 -9999 -9999 -9999 2.74771244 -2.409632902 -7.196301482 -8.719308818 -6.853439882 -4.152829247 -2.010109618 -0.223480207 0.442827236 0.191709791 -0.256800049 -0.360412382 -0.469286871 -0.467205605 -0.287521692 -0.06904351 0.422284898 0.831320639 1.177026852 1.270383318 1.332596247 1.433574213 1.487737762 1.518239282 1.445384342 1.375088742 1.428764857 1.473756351 1.33620845 1.286919532 1.159832546 1.153438592 1.12997378 1.353790076 0.999448435 1.450481949 2.725881712 4.215952779 -9999 -9999 -9999 -9999 -9999 -9999 -9999 -9999 -9999
-9999 -9999 -9999 -9999 -9999 -9999 -9999 -9999 -9999 -9999 -9999 -9999 -9999 -9999 -9999 -9999 -9999 2.556392809 -2.577895491 -7.342420101 -8.947436925 -7.180350643 -4.555188954 -2.474962726 -0.627792617 0.086409327 -0.099214491 -0.464045757 -0.55594905 -0.646920999 -0.536246555 -0.234894702 0.023872697 0.437534967 0.735150041 0.952240603 0.932133108 0.941467724 1.061557131 1.169983626 1.288549327 1.250928257 1.280309686 1.226556349 0.915002999 0.932447036 0.840872428 0.545308892 0.869884962 0.391659606 0.794888305 1.287606442 1.7196057 3.325594271 4.767233498 -9999 -9999 -9999 -9999 -9999 -9999 -9999 -9999 -9999
-9999 -9999 -9999 -9999 -9999 -9999 -9999 -9999 -9999 -9999 -9999 -9999 -9999 -9999 -9999 -9999 5.548461727 1.954679078 -3.005326911 -7.542520291 -9.11695787 -7.580023831 -5.063130999 -2.793004438 -0.9026887 -0.066987263 -0.119458084 -0.470306018 -0.516082459 -0.519663342 -0.351765083 0.033356352 0.347197986 0.596274731 0.682890566 0.784443031 0.729220426 0.69215979 0.717448908 0.8055782 0.969659853 1.093445574 1.167989381 0.96427577 0.566201198 0.534615814 0.629379955 0.523300293 0.428131712 0.277582521 0.862412508 1.528796214 2.411888957 -9999 -9999 -9999 -9999 -9999 -9999 -9999 -9999 -9999 -9999 -9999
-9999 -9999 -9999 -9999 -9999 -9999 -9999 -9999 -9999 -9999 -9999 -9999 -9999 -9999 -9999 -9999 4.687334736 1.12877263 -3.751276253 -8.185448213 -9.629066514 -7.935363028 -5.581610617 -3.237139956 -1.064482083 -0.112038313 -0.190934143 -0.383966866 -0.402759803 -0.309568251 -0.08638589 0.35919434 0.736410117 0.775325405 0.693562986 0.657254401 0.540307572 0.525534965 0.428770127 0.385542394 0.552572169 0.77830184 1.054482884 0.797847675 0.459821525 0.677112787 0.671326791 0.883377098 1.108968471 0.711102532 1.378455575 2.381078212 3.355154854 -9999 -9999 -9999 -9999 -9999 -9999 -9999 -9999 -9999 -9999 -9999
-9999 -9999 -9999 -9999 -9999 -9999 -9999 -9999 -9999 -9999 -9999 -9999 -9999 -9999 -9999 -9999 3.390224048 -0.470814292 -4.803371372 -8.415669717 -9.557074317 -8.092863242 -5.756308911 -3.325830485 -1.23753534 -0.25947949 -0.249166164 -0.452234029 -0.400506113 -0.233465605 0.011007263 0.428028433 0.740555711 0.695558904 0.502116668 0.441808037 0.363406864 0.323403697 0.192644342 0.125974231 0.254411305 0.440911544 0.646365023 0.191691913 -9999 -9999 -9999 1.579472486 1.572192258 1.463208876 2.161105021 -9999 -9999 -9999 -9999 -9999 -9999 -9999 -9999 -9999 -9999 -9999 -9999 -9999
-9999 -9999 -9999 -9999 -9999 -9999 -9999 -9999 -9999 -9999 -9999 -9999 -9999 -9999 -9999 5.507853418 1.754378139 -2.387439587 -5.942842345 -8.891062998 -9.628511059 -7.966963372 -5.746470548 -3.499808659 -1.33069839 -0.375577075 -0.45855789 -0.643477442 -0.490143799 -0.290499962 -0.047053417 0.3545255 0.525163044 0.486811958 0.258450356 0.143110308 0.084853889 0.087925472 -0.043194595 -0.134188173 -0.056150233 -0.040638798 0.091592286 -0.272716801 -0.676228843 -9999 -9999 -9999 -9999 -9999 -9999 -9999 -9999 -9999 -9999 -9999 -9999 -9999 -9999 -9999 -9999 -9999 -9999 -9999
-9999 -9999 -9999 -9999 -9999 -9999 -9999 -9999 -9999 -9999 -9999 -9999 -9999 -9999 -9999 4.319816089 0.401919094 -3.596557592 -6.672688768 -8.639304627 -9.045634925 -7.70249085 -5.677646587 -3.457665658 -1.471471866 -0.555537374 -0.615857346 -0.819371849 -0.710894007 -0.490052352 -0.24214814 0.162642736 0.352858242 0.206583092 -0.108465668 -0.233682966 -0.272077604 -0.280472177 -0.406351149 -0.513441875 -0.464537818 -0.430688131 -0.34072254 -0.92374516 -1.189568984 -9999 -9999 -9999 -9999 -9999 -9999 -9999 -9999 -9999 -9999 -9999 -9999 -9999 -9999 -9999 -9999 -9999 -9999 -9999
-9999 -9999 -9999 -9999 -9999 -9999 -9999 -9999 -9999 -9999 -9999 -9999 -9999 -9999 5.933511347 3.317947078 -0.874984892 -4.989204754 -7.096258105 -8.429065768 -8.53924903 -7.260142068 -5.611010981 -3.456061941 -1.459310361 -0.612034214 -0.775542168 -1.064457428 -0.879431165 -0.686044237 -0.453604062 -0.066836913 0.22552766 -0.05397017 -0.425282764 -0.597604911 -0.621018249 -0.673450067 -0.774536278 -0.917230843 -0.90022577 -0.954035242 -0.796412732 -1.148783549 -1.770948765 -0.911024739 -9999 -9999 -9999 -9999 -9999 -9999 -9999 -9999 -9999 -9999 -9999 -9999 -9999 -9999 -9999 -9999 -9999 -9999
-9999 -9999 -9999 -9999 -9999 -9999 -9999 -9999 -9999 -9999 -9999 -9999 -9999 -9999 3.958681976 1.390669439 -1.973143372 -5.020152751 -6.855640094 -7.722368395 -7.722053041 -6.771942729 -5.294172307 -3.439145074 -1.642628968 -0.823081113 -0.864300801 -1.048876666 -1.031892763 -0.908133448 -0.69764836 -0.240250325 -0.035911043 -0.260063717 -0.711103868 -0.896693636 -0.938269232 -0.936829346 -1.054820055 -1.265078475 -1.255318141 -1.206618261 -1.37880214 -1.89968498 -2.303574365 -1.467381765 0.090405944 -9999 -9999 -9999 -9999 -9999 -9999 -9999 -9999 -9999 -9999 -9999 -9999 -9999 -9999 -9999 -9999 -9999
-9999 -9999 -9999 -9999 -9999 -9999 -9999 -9999 -9999 -9999 -9999 -9999 -9999 3.974123503 1.980533043 -0.423933775 -2.905817676 -5.377495093 -6.469020284 -7.11042369 -6.985563294 -6.01678495 -5.023889902 -3.310337292 -1.656016926 -0.921471904 -0.950391623 -1.074072998 -1.082952475 -1.087685049 -0.906517965 -0.451601616 -0.268434272 -0.47138198 -1.037661611 -1.432102592 -1.382761975 -1.415922392 -1.437311535 -1.841425039 -1.805752807 -1.81961222 -1.971209326 -1.86576173 -2.513845758 -1.566892143 -9999 -9999 -9999 -9999 -9999 -9999 -9999 -9999 -9999 -9999 -9999 -9999 -9999 -9999 -9999 -9999 -9999 -9999
-9999 -9999 -9999 -9999 -9999 -9999 -9999 -9999 -9999 -9999 -9999 -9999 -9999 2.842547774 0.544276984 -1.633409574 -3.468763797 -4.9945231 -5.850864452 -6.10523729 -5.94457789 -5.385003417 -4.372735271 -3.019727198 -1.668280213 -1.035436428 -1.036911447 -1.140971131 -1.206204967 -1.17797008 -1.031173723 -0.615412482 -0.570831078 -0.802507478 -1.496690537 -1.729582274 -1.681851014 -1.913285352 -1.902143126 -2.294772147 -2.139837549 -1.846245972 -1.721776151 -1.551826033 -1.510105406 -9999 -9999 -9999 -9999 -9999 -9999 -9999 -9999 -9999 -9999 -9999 -9999 -9999 -9999 -9999 -9999 -9999 -9999 -9999
-9999 -9999 -9999 -9999 -9999 -9999 -9999 -9999 -9999 -9999 -9999 -9999 -9999 2.044372183 -0.563045506 -2.706455507 -4.043146608 -5.029895351 -5.685984422 -5.708547558 -5.451549098 -4.990655845 -4.043729895 -3.01436495 -1.735194537 -1.156757657 -1.21248241 -1.255819886 -1.30824077 -1.292179757 -1.175028354 -0.934272182 -0.84068995 -1.030486095 -1.623143191 -1.901476539 -1.8474873 -2.038898931 -1.931166838 -2.33136353 -2.102942404 -1.696757895 -1.381301964 -0.988417045 -0.512241702 -9999 -9999 -9999 -9999 -9999 -9999 -9999 -9999 -9999 -9999 -9999 -9999 -9999 -9999 -9999 -9999 -9999 -9999 -9999
-9999 -9999 -9999 -9999 -9999 -9999 -9999 -9999 -9999 -9999 -9999 -9999 -9999 1.295367435 -1.332604788 -3.390286209 -4.678286387 -5.536243037 -5.961284968 -5.978477235 -5.735913698 -5.220608776 -4.353384541 -3.262150762 -2.06644281 -1.502639664 -1.447435813 -1.423649722 -1.455269256 -1.401349023 -1.297783977 -1.28050175 -1.299877103 -1.283637972 -1.330285909 -1.174947025 -1.049226927 -0.953112973 -1.133459777 -1.271689097 -1.072893238 -1.088533934 -9999 -9999 -9999 -9999 -9999 -9999 -9999 -9999 -9999 -9999 -9999 -9999 -9999 -9999 -9999 -9999 -9999 -9999 -9999 -9999 -9999 -9999
-9999 -9999 -9999 -9999 -9999 -9999 -9999 -9999 -9999 -9999 -9999 -9999 -9999 0.601836175 -2.152477239 -4.256200038 -5.493900171 -6.249767408 -6.573773115 -6.641580389 -6.384950812 -5.797966801 -5.013007085 -4.099465684 -2.841894549 -2.223221575 -2.094101828 -1.868749059 -1.776522174 -1.655000854 -1.657551242 -1.863094852 -1.932048954 -1.690913563 -1.19167614 -0.827505057 -9999 -9999 -9999 -9999 -9999 -9999 -9999 -9999 -9999 -9999 -9999 -9999 -9999 -9999 -9999 -9999 -9999 -9999 -9999 -9999 -9999 -9999 -9999 -9999 -9999 -9999 -9999 -9999
-9999 -9999 -9999 -9999 -9999 -9999 -9999 -9999 -9999 -9999 -9999 -9999 -9999 -0.013060601 -2.903900249 -4.939402762 -6.106776896 -6.798852036 -7.100180163 -7.138155781 -6.971089713 -6.533638126 -5.881878429 -5.023861631 -4.110357164 -3.469625254 -2.965099377 -2.652647403 -2.21244889 -2.05767505 -1.869871278 -2.16924802 -2.261492398 -1.918972318 -1.380629445 -0.865507938 -9999 -9999 -9999 -9999 -9999 -9999 -9999 -9999 -9999 -9999 -9999 -9999 -9999 -9999 -9999 -9999 -9999 -9999 -9999 -9999 -9999 -9999 -9999 -9999 -9999 -9999 -9999 -9999
-9999 -9999 -9999 -9999 -9999 -9999 -9999 -9999 -9999 -9999 -9999 -9999 2.078558514 -0.832749008 -3.83562218 -5.901909811 -7.01611678 -7.414611388 -7.812834768 -7.855906139 -7.685829679 -7.282264695 -6.705484318 -5.955716682 -5.128996188 -4.429862892 -3.804359796 -3.277519386 -2.633425168 -2.257392036 -2.067726172 -2.349953099 -2.510139315 -2.064024792 -1.603436577 -9999 -9999 -9999 -9999 -9999 -9999 -9999 -9999 -9999 -9999 -9999 -9999 -9999 -9999 -9999 -9999 -9999 -9999 -9999 -9999 -9999 -9999 -9999 -9999 -9999 -9999 -9999 -9999 -9999
-9999 -9999 -9999 -9999 -9999 -9999 -9999 -9999 -9999 -9999 -9999 -9999 1.467945352 -1.315897259 -4.595931375 -6.704899166 -7.405603492 -8.114595186 -8.582361754 -8.5581199 -8.440347767 -7.888771012 -7.258333727 -6.528765194 -5.654532791 -4.922086205 -4.302232628 -3.57073631 -2.983173246 -2.47209171 -1.955088098 -2.057088204 -1.838051393 -1.661444564 -1.676810598 -9999 -9999 -9999 -9999 -9999 -9999 -9999 -9999 -9999 -9999 -9999 -9999 -9999 -9999 -9999 -9999 -9999 -9999 -9999 -9999 -9999 -9999 -9999 -9999 -9999 -9999 -9999 -9999 -9999
-9999 -9999 -9999 -9999 -9999 -9999 -9999 -9999 -9999 -9999 -9999 -9999 1.082171631 -1.653737525 -4.713996042 -6.837076439 -7.865321136 -8.759346324 -9.112307384 -9.14787359 -9.036769245 -8.496717525 -7.724902372 -6.917774402 -6.059649118 -5.262862171 -4.639320375 -3.862445538 -3.31826168 -2.54348449 -9999 -9999 -9999 -9999 -9999 -9999 -9999 -9999 -9999 -9999 -9999 -9999 -9999 -9999 -9999 -9999 -9999 -9999 -9999 -9999 -9999 -9999 -9999 -9999 -9999 -9999 -9999 -9999 -9999 -9999 -9999 -9999 -9999 -9999
