meets/meet004/data/CCSM_21k_neotropic_bio10.asc
NCOLS 154 
NROWS 168 
XLLCORNER -112 
YLLCORNER -55.5 
CELLSIZE 0.5 
NODATA_value -9999 
[rows 29 to 57 of 168, columns 64 to 127 of 154]
-9999 -9999 -9999 -9999 -9999 -9999 -9999 -9999 -9999 -9999 -9999 -9999 -9999 -9999 -9999 -9999 -9999 -9999 -9999 -9999 -9999 -9999 -9999 -9999 -9999 -9999 -9999 -9999 -9999 -9999 -9999 -9999 -9999 -9999 -9999 -9999 -9999 23.75139471 -9999 -9999 -9999 -9999 -9999 -9999 -9999 -9999 -9999 -9999 -9999 -9999 -9999 -9999 -9999 -9999 -9999 -9999 -9999 -9999 -9999 -9999 -9999 -9999 -9999 -9999
-9999 -9999 -9999 -9999 -9999 -9999 -9999 -9999 -9999 -9999 -9999 -9999 -9999 -9999 -9999 -9999 -9999 -9999 -9999 -9999 -9999 -9999 -9999 -9999 -9999 -9999 -9999 -9999 -9999 -9999 -9999 -9999 -9999 -9999 -9999 -9999 -9999 23.81781565 -9999 -9999 -9999 -9999 -9999 -9999 -9999 -9999 -9999 -9999 -9999 -9999 -9999 -9999 -9999 -9999 -9999 -9999 -9999 -9999 -9999 -9999 -9999 -9999 -9999 -9999
-9999 -9999 -9999 -9999 -9999 -9999 -9999 -9999 -9999 -9999 -9999 -9999 -9999 -9999 -9999 -9999 -9999 -9999 -9999 -9999 -9999 -9999 -9999 -9999 -9999 -9999 -9999 -9999 -9999 -9999 -9999 -9999 -9999 -9999 -9999 -9999 -9999 -9999 -9999 -9999 -9999 -9999 -9999 -9999 -9999 -9999 -9999 -9999 -9999 -9999 -9999 -9999 -9999 -9999 -9999 -9999 -9999 -9999 -9999 -9999 -9999 -9999 -9999 -9999
-9999 -9999 -9999 -9999 -9999 -9999 -9999 -9999 -9999 -9999 -9999 -9999 -9999 -9999 -9999 -9999 23.96027245 -9999 -9999 -9999 -9999 -9999 -9999 -9999 -9999 -9999 -9999 -9999 -9999 -9999 -9999 -9999 -9999 -9999 -9999 -9999 23.91702621 -9999 -9999 -9999 -9999 -9999 -9999 -9999 -9999 -9999 -9999 -9999 -9999 -9999 -9999 -9999 -9999 -9999 -9999 -9999 -9999 -9999 -9999 -9999 -9999 -9999 -9999 -9999
-9999 -9999 -9999 -9999 -9999 -9999 -9999 -9999 -9999 -9999 -9999 -9999 -9999 -9999 23.98477981 24.08318957 24.0083193 -9999 -9999 -9999 -9999 -9999 -9999 -9999 -9999 -9999 -9999 -9999 -9999 -9999 -9999 -9999 -9999 -9999 -9999 -9999 -9999 -9999 -9999 -9999 -9999 -9999 -9999 -9999 -9999 -9999 -9999 -9999 -9999 -9999 -9999 -9999 -9999 -9999 -9999 -9999 -9999 -9999 -9999 -9999 -9999 -9999 -9999 -9999
-9999 -9999 -9999 -9999 -9999 -9999 -9999 -9999 -9999 -9999 23.37436132 23.54153783 23.67187179 23.82278424 23.93655851 23.8721161 -9999 -9999 23.11380742 22.79673386 22.53588626 22.3174885 22.07789464 -9999 -9999 -9999 -9999 -9999 -9999 -9999 -9999 -9999 -9999 -9999 -9999 -9999 -9999 -9999 -9999 -9999 -9999 -9999 -9999 -9999 -9999 -9999 -9999 -9999 -9999 -9999 -9999 -9999 -9999 -9999 -9999 -9999 -9999 -9999 -9999 -9999 -9999 -9999 -9999 -9999
-9999 -9999 -9999 -9999 -9999 -9999 -9999 -9999 -9999 23.89955949 23.91425784 24.02934188 24.04797785 23.90710654 23.83833189 23.51635948 23.08966207 22.67378853 22.50004572 22.12847291 21.87352569 21.78418036 21.46307272 21.76459424 -9999 -9999 -9999 -9999 -9999 -9999 -9999 -9999 -9999 -9999 -9999 -9999 -9999 -9999 -9999 -9999 -9999 -9999 -9999 -9999 -9999 -9999 -9999 -9999 -9999 -9999 -9999 -9999 -9999 -9999 -9999 -9999 -9999 -9999 -9999 -9999 -9999 -9999 -9999 -9999
-9999 -9999 -9999 -9999 -9999 -9999 -9999 -9999 -9999 25.17106609 25.37039815 25.09327984 24.7713437 24.28242018 23.80797347 23.31500052 22.83712137 22.44129414 22.12001577 21.98184673 21.93088551 21.92749314 21.98995142 22.17829668 22.35572151 22.66316426 23.11169064 23.47080983 23.88378807 24.19366833 24.36245342 24.42982258 24.40329941 24.26933899 24.08818215 -9999 -9999 -9999 -9999 -9999 -9999 -9999 -9999 -9999 -9999 -9999 -9999 -9999 -9999 -9999 -9999 -9999 -9999 -9999 -9999 -9999 -9999 -9999 -9999 -9999 -9999 -9999 -9999 -9999
-9999 -9999 -9999 -9999 -9999 -9999 -9999 -9999 -9999 26.87341389 26.95433383 26.18497273 25.44825314 24.62790753 23.80674702 23.21328798 22.84903348 22.60963614 22.2391923 22.15537101 22.11802192 22.25171895 22.69999392 23.09021728 23.36338462 23.70416983 24.12503499 24.43244552 24.6365114 24.90593358 24.93986642 24.80849127 24.75061752 24.43986494 24.18471979 24.06458397 24.05662582 -9999 -9999 -9999 -9999 -9999 -9999 -9999 -9999 -9999 -9999 -9999 -9999 -9999 -9999 -9999 -9999 -9999 -9999 -9999 -9999 -9999 -9999 -9999 -9999 -9999 -9999 -9999
22.79354634 22.7676522 22.82199619 23.06798038 -9999 -9999 -9999 -9999 26.72459673 27.37863631 27.36383731 26.67641123 25.96248846 24.73577647 23.87034899 23.130677 22.62669594 22.58068239 22.18214465 22.1914872 22.56751297 23.21227046 24.092161 24.45561308 24.89394088 25.17355935 25.19473228 25.30695087 25.23731508 25.19643101 24.99643695 24.72202457 24.52881888 24.34532219 24.183584 24.08402551 24.11793195 24.15474661 -9999 -9999 -9999 -9999 -9999 -9999 -9999 -9999 -9999 -9999 -9999 -9999 -9999 -9999 -9999 -9999 -9999 -9999 -9999 -9999 -9999 -9999 -9999 -9999 -9999 -9999
22.4134662 -9999 -9999 23.10374851 23.56856336 24.20477299 24.9393362 26.05892072 26.58362355 27.20635198 27.22451153 26.58127943 25.8493719 24.44142144 23.31212543 22.36474691 21.76470617 21.74294793 21.55265936 21.90886556 22.66001251 23.75906753 25.03902071 25.54388591 26.00780675 26.25675087 26.07733394 26.06643993 25.80220469 25.54915226 25.2302979 24.88161776 24.51388045 24.27361414 24.16784309 24.10287229 24.18517099 24.23368319 -9999 -9999 -9999 -9999 -9999 -9999 -9999 -9999 -9999 -9999 -9999 -9999 -9999 -9999 -9999 -9999 -9999 -9999 -9999 -9999 -9999 -9999 -9999 -9999 -9999 -9999
-9999 -9999 -9999 22.96065656 23.14352941 23.51138079 24.13901873 24.81413481 25.47964749 26.29717191 26.2378769 25.65293526 24.94203137 23.27601887 21.780437 20.7954407 19.99398387 19.9286346 20.72217222 21.53806665 22.78238905 24.2229339 25.25041993 25.95775748 26.45559427 26.63611992 26.52432519 26.41166625 25.87909454 25.67992129 25.27986502 24.85039586 24.77515746 24.25804184 24.04436226 23.99220819 23.9972135 24.27600423 24.15817996 24.16910763 24.16884178 -9999 -9999 -9999 -9999 -9999 -9999 -9999 -9999 -9999 -9999 -9999 -9999 -9999 -9999 -9999 -9999 -9999 -9999 -9999 -9999 -9999 -9999 -9999
-9999 -9999 -9999 22.83456837 22.73207102 22.78413249 22.9684816 23.25007841 23.7297608 24.24393575 24.04933029 23.38488445 22.50887674 20.81996347 19.33972879 18.54287202 18.26839005 18.78650614 20.54871567 22.27871432 23.86707255 25.08803292 25.75215219 26.30023427 26.63628958 26.71133938 26.39479451 26.06970413 25.33971385 24.92079978 24.38264789 23.98176677 23.96582334 23.53029894 23.43131653 23.38574136 23.36793855 23.60644252 23.63076905 23.78310704 23.82529725 23.8679835 -9999 -9999 -9999 -9999 -9999 -9999 -9999 -9999 -9999 -9999 -9999 -9999 -9999 -9999 -9999 -9999 -9999 -9999 -9999 -9999 -9999 -9999
-9999 -9999 -9999 -9999 22.56690317 22.16045875 21.85505769 21.47865912 21.51523474 21.45581482 20.96968213 20.21245902 18.91327684 17.7834556 16.32337615 16.1286619 16.99538162 18.23935068 21.12496111 24.23692964 25.94320844 26.13642083 26.30582652 26.43654676 26.64020278 26.40169226 25.65696329 25.03431726 24.11641935 23.25879831 22.66730253 22.360776 22.1966229 22.06482717 22.20580896 22.32833742 22.52111868 22.92629379 22.97758958 23.31452503 23.49665719 23.5138609 23.77900892 -9999 -9999 -9999 -9999 -9999 -9999 -9999 -9999 -9999 -9999 -9999 -9999 -9999 -9999 -9999 -9999 -9999 -9999 -9999 -9999 -9999
-9999 -9999 -9999 -9999 -9999 21.86501948 20.9975147 20.03281337 19.4918682 18.90675658 18.25106038 17.66384009 16.64488268 15.68152735 14.67836304 15.10324282 16.76417937 18.91038364 22.03378925 24.97244443 26.4912825 26.44726458 26.17778815 25.99492175 25.87732806 25.34348362 24.39766112 23.50576206 22.60583593 21.82308638 21.17349308 20.7313413 20.42115252 20.37071983 20.49400683 20.65504307 20.91917265 21.30301086 21.47894926 21.87987183 22.31103223 22.77231788 23.31925891 23.60846219 -9999 -9999 -9999 -9999 -9999 -9999 -9999 -9999 -9999 -9999 -9999 -9999 -9999 -9999 -9999 -9999 -9999 -9999 -9999 -9999
-9999 -9999 -9999 -9999 -9999 21.7695642 20.34541117 18.84507002 17.70829621 16.77211633 16.07070849 15.86570974 15.52401794 14.79405542 14.0850334 15.12725641 17.56839358 20.33175635 22.80803388 24.89045377 25.96429085 25.89981944 25.45336981 25.04076264 24.55385042 23.72936152 22.66978693 21.63121787 20.93273585 20.55334211 19.94894001 19.17815963 18.70948782 18.68714145 18.7885983 19.1173896 19.43478718 19.70214885 20.02733498 20.33960344 20.85517824 21.51043109 22.47476916 23.18244535 23.74034496 -9999 -9999 -9999 -9999 -9999 -9999 -9999 -9999 -9999 -9999 -9999 -9999 -9999 -9999 -9999 -9999 -9999 -9999 -9999
-9999 -9999 -9999 -9999 -9999 21.60248261 19.80537537 17.88924043 16.45009468 15.34327652 14.72839683 14.76755852 14.83605126 14.78643137 14.96210834 16.37793356 18.8948916 21.36817906 23.32056146 24.59406573 25.2096992 25.03600932 24.39787776 23.78724388 22.92347209 21.91276051 20.73997312 19.71669618 19.20676199 18.81006488 18.29730576 17.69717992 17.21757252 17.44660766 17.82183631 18.18704565 18.52636566 18.71999716 18.94320081 19.12475733 19.65283852 20.35993279 21.29912211 22.45286117 23.37253423 23.92555894 24.04401533 24.03363348 24.04514013 24.13599539 24.17190956 24.12045913 -9999 -9999 -9999 -9999 -9999 -9999 -9999 -9999 -9999 -9999 -9999 -9999
-9999 -9999 -9999 -9999 -9999 21.49606723 19.35410608 17.02180176 15.57170661 14.358748 13.8473424 14.13163677 14.48309787 15.28340382 16.25481481 17.97214482 20.23877239 22.54325085 23.59234992 24.24821234 24.37568258 23.95448282 23.37955885 22.40593715 21.29702164 20.16209028 18.99051368 17.7910823 17.50617333 17.11336496 16.73169685 16.3615084 16.07893316 16.65338077 17.16897722 17.6143417 17.88397531 17.99800685 18.11479025 18.06446547 18.59011388 19.51893515 20.39341064 21.63288741 22.92843538 23.6306587 23.73800685 23.80837437 23.81406764 23.94680849 24.00556708 24.0279806 24.15970593 23.98577737 23.95310815 -9999 -9999 -9999 -9999 -9999 -9999 -9999 -9999 -9999
-9999 -9999 -9999 -9999 -9999 21.3597012 19.09524478 16.7973835 15.17966697 14.15622007 13.74703169 14.02505442 14.85010846 16.11563995 17.71853733 19.46706105 21.23519807 22.67591856 23.40492988 23.55122866 23.39140913 22.85204835 22.00279327 21.22696689 20.16003458 19.12777264 18.174416 17.10665462 16.80248877 16.38203979 16.13949486 16.1014352 16.00205703 16.76445762 17.36578101 17.884359 18.37706052 18.16099397 17.9900736 17.78554858 18.239556 19.17892318 20.00825973 21.18108503 22.21327543 22.88903461 23.15507416 23.23319434 23.32801351 23.46295842 23.54274101 23.5335351 23.60769692 23.51284528 23.51201338 23.48291526 -9999 -9999 -9999 -9999 -9999 -9999 -9999 -9999
-9999 -9999 -9999 -9999 -9999 21.35126619 18.85235681 16.48282847 15.02843418 14.1484417 13.92222358 14.3222036 15.17961072 17.05434062 19.0937525 20.72708651 21.80425424 22.8157694 22.95220334 22.78923046 22.44153814 21.80236334 20.84388582 20.50651626 19.66807713 18.89524507 18.2653705 17.01311822 17.23721859 16.78711031 16.71493564 17.05519783 16.67411392 17.94155732 18.49790906 19.07053915 19.63153582 19.27605185 19.14796543 18.46700109 18.74177621 19.69858802 20.16962378 21.05594155 21.73842649 22.20230917 22.45488872 22.58335226 22.69038081 22.80883642 22.86970124 22.85524725 22.84802457 22.78494135 22.83627838 22.90935662 23.11378228 23.4329687 -9999 -9999 -9999 -9999 -9999 -9999
-9999 -9999 -9999 -9999 -9999 20.79687772 18.42742114 16.32490904 14.97960658 14.38103821 14.34820794 14.90006532 16.15034233 18.01999604 20.07937865 21.45042942 21.98555801 22.16146267 22.18987237 21.9628392 21.67555869 21.30045763 20.85784806 20.63739162 20.37822453 19.97783644 19.59560109 19.2007282 18.97246951 18.94023497 19.07306733 19.38525575 19.84264658 20.21107336 20.66098479 21.19892423 21.77365296 22.13673546 21.73435777 21.2075721 21.10294892 21.1931162 21.48846176 21.52047097 21.55349739 21.65604189 21.81880593 21.91887068 22.04247675 22.05691724 22.10450688 22.1659013 22.14063626 22.07211072 22.00597198 22.15016433 22.6171475 23.0292204 -9999 -9999 -9999 -9999 -9999 -9999
-9999 -9999 -9999 -9999 -9999 19.95596374 17.81711908 15.86841237 15.07651472 14.68109591 14.82653088 15.64328463 16.83230151 18.78034946 20.80503972 21.90318562 21.80024572 21.59373059 21.55812842 21.34058823 21.17167881 21.0762576 21.02603821 20.98245191 21.27714631 21.16561347 20.91322575 21.23499567 20.69078332 20.97697114 21.25435282 21.51694526 22.682137 22.20867995 22.54559845 23.00764708 23.5080125 24.77207697 23.79903034 23.80671637 23.49893348 22.65909149 22.78620807 21.89508101 21.4192996 21.28524775 21.37986963 21.47276876 21.65703521 21.58952653 21.63597368 21.81703391 21.64139796 21.64751683 21.40506026 21.55934368 22.19637312 22.7147782 -9999 -9999 -9999 -9999 -9999 -9999
-9999 -9999 -9999 -9999 -9999 18.30784294 17.05416314 16.07686589 15.48982059 15.39718668 15.77569469 16.59338892 17.77118997 19.28162566 20.66244086 21.45781315 21.51075677 21.30588792 21.21733375 21.11497734 21.05174425 21.03363742 21.07472494 21.22453066 21.44556356 21.44850806 21.33199813 21.31895981 21.27227222 21.53923249 21.85111236 22.20975612 22.76846295 22.89747679 23.1892665 23.50686312 23.77743744 24.14591408 23.95635179 23.72610344 23.35149398 22.69165627 22.20987235 21.65215541 21.31915567 21.20111286 21.32943864 21.52275596 21.65798009 21.74243268 21.80731911 21.8838184 21.87193839 21.6471418 21.46425758 21.56239541 21.97647932 22.43878455 -9999 -9999 -9999 -9999 -9999 -9999
-9999 -9999 -9999 19.68593294 17.83375567 16.60742471 16.18083057 16.08010907 16.14174031 16.4436003 17.01819083 17.80571801 18.67933523 19.67917453 20.54203435 21.08548692 21.13742828 21.07041921 21.06651241 21.02683449 21.01805199 21.03866554 21.09010201 21.24793699 21.43689651 21.42382465 21.27662725 21.1323042 21.20518953 21.43598179 21.7217659 22.06915707 22.47304698 22.80155548 23.07478343 23.25615947 23.22364747 23.19249049 23.08212961 22.82370029 22.49312475 21.96348751 21.45494664 21.25257645 21.11420406 21.14966035 21.42903161 21.65073743 21.77971336 21.94128698 21.98449157 22.00251899 22.08353085 21.76108136 21.54725652 21.59909156 21.88795151 22.27144306 22.65972426 -9999 -9999 -9999 -9999 -9999
-9999 -9999 20.34105509 18.29276931 16.2127054 15.24759207 15.39725907 16.00528305 16.97590344 18.1281036 18.92282556 19.3138969 19.752132 20.16714612 20.50711915 20.79138533 20.90689007 20.93771418 21.00700141 21.03684369 21.07891563 21.10971665 21.16888244 21.32628068 21.46353375 21.44124304 21.27461239 21.13800614 21.13326955 21.23580644 21.46063568 21.78156648 22.11903212 22.46210192 22.70040951 22.76081091 22.65561747 22.39992709 22.22709993 21.92554394 21.65571637 21.38315813 21.10756083 21.03094603 21.05057054 21.19103485 21.44526344 21.68727498 21.75947272 21.78100809 21.79797498 21.81505607 21.80342119 21.62532195 21.49080196 21.56912983 21.84796526 22.2009888 22.59509768 22.94944354 -9999 -9999 -9999 -9999
-9999 -9999 19.22383947 17.08453326 15.03430041 14.373576 15.14519482 16.18737721 17.75577888 19.48206831 20.35288046 20.38896648 20.55180206 20.54485447 20.52834434 20.64886812 20.7483228 20.86228296 20.97452014 21.06556623 21.15327496 21.19350472 21.25088959 21.38969751 21.5264109 21.49180091 21.32259757 21.15250091 21.09461386 21.1398617 21.29414782 21.54435633 21.84824591 22.17325675 22.38477724 22.41808723 22.20224159 21.83048872 21.69047906 21.34401914 21.11653536 21.00194705 20.82877987 20.8914078 21.00253652 21.17919722 21.41984295 21.61629412 21.60126737 21.53935546 21.51436104 21.52294784 21.51531636 21.43057722 21.34459276 21.48159448 21.76481306 22.12020267 22.55300578 22.93351576 -9999 -9999 -9999 -9999
21.40639421 19.76491313 17.87616915 16.10471382 14.74082696 14.53069857 15.40637837 16.92508843 18.54761091 20.08122587 20.95613054 20.96494196 20.76185761 20.73428529 20.6950975 20.69604832 20.77716795 20.81978092 21.0077542 21.14437715 21.24554054 21.30036629 21.34386877 21.45976144 21.54254494 21.53717179 21.42184997 21.28562731 21.24594136 21.23969285 21.36249561 21.58880412 21.8028003 22.07128458 22.2247094 22.17694383 21.98504967 21.66067289 21.40223574 21.09571762 20.89141511 20.78481705 20.69294169 20.81547192 20.95796568 21.11200989 21.28226134 21.35549925 21.36102448 21.27972711 21.2514758 21.26577484 21.27178985 21.22717478 21.20902013 21.37855241 21.68009005 22.05679666 22.47939644 22.87093679 -9999 -9999 -9999 -9999
20.3773899 18.63406973 16.86271665 15.54558664 14.67640359 14.75455642 15.85756912 17.40699031 18.98743358 20.5101732 21.33167337 21.22817655 21.03125941 21.0325843 20.97409395 20.98625814 21.02016797 21.02092554 21.17815318 21.29618693 21.37237138 21.41021599 21.42883729 21.50314432 21.57456529 21.58958557 21.54314223 21.50196289 21.52965868 21.56563827 21.65936752 21.80265307 21.92074239 22.07146917 22.15235949 22.08393191 21.87398821 21.59767547 21.35736684 21.06804949 20.92690088 20.87216597 20.80834179 20.9014458 21.00823117 21.10511364 21.18663137 21.17999092 21.16668131 21.08682373 21.05012197 21.05786419 21.05154003 21.04692937 21.08474261 21.28280906 21.5936114 21.95950055 22.35721195 22.72133086 22.95946254 -9999 -9999 -9999
18.95509912 17.59760755 16.15169756 15.25395997 14.82657693 15.19791689 16.22454354 17.59845529 19.26412996 20.73177042 21.52370898 21.54680422 21.4335885 21.39543647 21.44369455 21.44558229 21.40873856 21.46159918 21.46395019 21.4962887 21.51925699 21.50016674 21.50598954 21.53561474 21.5767 21.63307693 21.69805102 21.79877549 21.87726349 22.05267655 22.13830421 22.12238956 22.18154036 22.16009924 22.1235797 22.01487216 21.83623042 21.63283224 21.4248825 21.25941454 21.18254961 21.14317469 21.15890777 21.18131044 21.18805962 21.19554103 21.16141156 21.07618626 21.06150728 20.99625622 20.9479072 20.8942274 20.8402187 20.92421696 21.01814201 21.21571368 21.53873715 21.85913803 22.18470264 22.46811855 22.72585918 22.95549862 23.09058886 -9999
