meets/meet004/data/CCSM_6k_neotropic_bio03.asc
NCOLS 154 
NROWS 168 
XLLCORNER -112 
YLLCORNER -55.5 
CELLSIZE 0.5 
NODATA_value -9999 
[rows 87 to 115 of 168, columns 64 to 127 of 154]
-9999 -9999 -9999 -9999 -9999 -9999 -9999 -9999 -9999 60.76210334 66.90215621 65.41335785 64.26096901 61.90974659 60.32329164 59.77576221 59.97403717 61.04229286 61.5853712 61.15776903 59.86055729 57.51210748 55.30636251 53.57679982 52.34932593 51.88718716 52.33275776 52.5166859 52.29391924 52.05278642 51.90386662 51.50783643 51.34654312 51.09743316 50.87853013 50.36703385 49.83753536 49.31138454 48.78113322 48.35504946 47.97487551 47.68119485 47.59370154 47.8571686 48.13662699 48.10476932 47.7950331 47.38549301 47.38289597 47.42007448 47.52869485 47.83932387 48.10106698 48.35839178 48.58043054 48.90905121 49.27453765 49.57696339 49.96203583 49.20425379 48.49773459 48.00131973 47.24924844 46.77689009
-9999 -9999 -9999 -9999 -9999 -9999 -9999 -9999 -9999 -9999 -9999 69.82396616 68.17008401 64.97433718 62.41506983 61.48464805 61.08960317 61.91445713 61.95367905 61.86338284 60.6947899 58.39369635 55.91566391 54.46932003 52.0967899 51.12173765 51.50579501 51.96462474 52.06949548 52.12619911 52.21833964 52.07276884 51.78819963 51.44713954 51.01776096 50.49690273 50.00831707 49.54469776 49.16470786 48.86307168 48.40810052 47.94597798 47.66138472 47.8294019 48.10621864 48.07102308 47.76367756 47.3479757 47.51007394 47.59183873 47.68101175 47.91863012 48.06901943 48.30440064 48.5854257 48.89613086 49.19864113 49.38953722 49.69306362 48.96145752 48.19977431 47.75755384 47.04902604 46.54686019
-9999 -9999 -9999 -9999 -9999 -9999 -9999 -9999 -9999 -9999 -9999 -9999 -9999 66.71078342 63.1077987 61.93217022 61.40828239 60.85452663 61.95865507 61.32408897 60.38855031 59.68132425 58.3584777 55.80876838 53.20077327 51.11324881 50.75139148 50.6576241 51.17406129 51.7396696 51.95516243 51.96068451 51.76934026 51.40476992 50.99666569 50.55959919 50.06861634 49.74153151 49.41315711 49.17015967 48.80941692 48.27096123 47.97849749 47.9790132 48.1702252 48.16119029 48.10598443 48.07672224 48.01192118 48.07649434 48.04484638 47.93203124 47.93011913 48.16923763 48.5799632 48.94760482 49.35309566 49.69539335 49.77350675 49.22180791 48.46304523 47.96432555 47.39564104 46.79465466
-9999 -9999 -9999 -9999 -9999 -9999 -9999 -9999 -9999 -9999 -9999 -9999 -9999 -9999 -9999 62.62778632 61.38332899 60.63135853 61.46661721 61.65577794 60.64679095 60.1034195 59.07691376 56.89492224 54.13399161 52.55059337 51.16791805 50.11587567 50.3158799 50.84236887 51.19847169 51.38963533 51.50117314 51.40086357 51.01155558 50.72544326 50.32862369 49.93538645 49.56856107 49.41193308 49.05948204 48.59689197 48.2862458 48.32847632 48.47593179 48.43469765 48.3939899 48.42210319 48.44328297 48.49722638 48.38280818 48.08740382 47.95265325 48.11773109 48.51984601 48.92825374 49.36906397 49.77286063 49.82411349 49.67207883 48.8980471 48.44669408 47.93972764 47.33101061
-9999 -9999 -9999 -9999 -9999 -9999 -9999 -9999 -9999 -9999 -9999 -9999 -9999 -9999 -9999 -9999 -9999 62.39967115 62.13240798 61.85500887 61.45178762 60.37197459 58.81306633 57.6791344 56.05076046 54.16186661 52.62361012 50.68901057 50.46993829 50.02280536 50.04857014 51.02873982 51.17727973 51.3437155 51.21375269 50.97219636 50.51935414 50.08964239 49.7715013 49.52021732 49.25327289 48.83586993 48.53166048 48.63920305 48.92480682 48.87270668 48.5236454 48.30943916 48.48645073 48.82699993 48.70594673 48.28478332 47.94986055 48.04817168 48.39082313 48.72035867 49.09510136 49.52873545 49.61017141 49.6424251 49.3830228 49.03096805 48.67885851 47.96258084
-9999 -9999 -9999 -9999 -9999 -9999 -9999 -9999 -9999 -9999 -9999 -9999 -9999 -9999 -9999 -9999 -9999 65.17143266 63.54329059 62.83170358 62.61328973 61.44044965 60.20942874 59.04266512 57.7252091 56.25844724 54.88239355 53.5074493 53.38151572 52.17261368 51.37499111 51.56742412 51.47335449 51.61636327 51.4822825 51.32380389 50.9365304 50.469561 50.31872352 50.07394469 49.72630183 49.19672491 48.89784748 49.05051841 49.26251017 49.11947029 48.71509965 48.38175756 48.48053144 48.82948952 48.76038994 48.39700368 48.05059842 47.9434644 48.00718424 48.15122497 48.41764187 48.79256712 49.00273632 49.25412376 49.57125368 49.32431022 49.00905767 48.45875537
-9999 -9999 -9999 -9999 -9999 -9999 -9999 -9999 -9999 -9999 -9999 -9999 -9999 -9999 -9999 -9999 -9999 -9999 -9999 64.46459198 63.82499167 62.82585108 62.07577901 60.00872377 58.8293565 57.73063102 56.94249128 57.3365014 56.30003003 55.91939091 54.2694865 52.95886054 52.32462755 52.17710101 51.9128851 51.68783386 51.43804953 51.08334805 50.78412653 50.80723359 50.46248396 49.63267484 49.12194074 49.30232988 49.60511027 49.40056841 48.81839418 48.40364733 48.50822108 48.69371823 48.67497816 48.46267977 48.24111426 47.87901994 47.48889045 47.46641295 47.69499836 47.79185274 48.41372409 48.8801717 49.32993312 49.50862805 49.15879652 48.8295216
-9999 -9999 -9999 -9999 -9999 -9999 -9999 -9999 -9999 -9999 -9999 -9999 -9999 -9999 -9999 -9999 -9999 -9999 -9999 67.2722646 65.6176149 63.32492391 61.46987895 59.5549572 58.21120807 57.29666502 57.07762038 57.58121453 57.4845438 57.55918624 56.59205043 54.83332523 53.77744907 53.56324124 53.52851564 53.12485905 52.26505565 51.54683986 51.26856615 51.10004274 50.79592458 50.42793702 49.97534604 49.65228996 49.49025392 49.17091038 48.83258807 48.61498257 48.68512636 48.82228515 48.74319224 48.47539692 48.12975613 47.81558087 47.5243548 47.46279766 47.54607034 47.72786404 48.26297655 48.77413292 49.2511069 49.60857774 49.34717167 49.17980836
-9999 -9999 -9999 -9999 -9999 -9999 -9999 -9999 -9999 -9999 -9999 -9999 -9999 -9999 -9999 -9999 -9999 -9999 -9999 -9999 67.40812462 63.28729321 59.76760311 58.01493011 56.3263149 55.56065687 55.92899789 56.52620997 57.39831677 58.23314738 57.95630051 56.34868228 55.12593053 55.2039091 55.56178005 54.96938898 53.25862574 51.71545134 51.49670244 51.23573234 50.89842241 51.0806034 50.97795479 50.11297859 49.15361168 48.7306369 48.70454451 48.73720928 48.82867494 49.02893893 48.93878902 48.46030395 47.96830677 47.8769341 47.89242936 47.8691514 47.83632435 48.04948735 48.43640161 48.92058943 49.36449644 49.70011737 49.65464514 49.73404612
-9999 -9999 -9999 -9999 -9999 -9999 -9999 -9999 -9999 -9999 -9999 -9999 -9999 -9999 -9999 -9999 -9999 -9999 -9999 -9999 68.74960128 63.77693559 59.42489463 56.22565079 53.63756899 52.81191703 54.07103584 55.79905412 57.34402745 58.52613839 57.93618088 57.12762731 56.64397136 56.5997001 56.68346156 56.03014139 54.83043219 53.42709077 52.25266777 51.55681453 51.14152111 51.46685884 51.33894072 50.63431751 49.47148278 48.87814764 48.70274736 48.85675907 49.05099979 49.05876553 48.94605098 48.53829195 48.16741696 48.04472888 48.08702061 48.1419979 48.17772955 48.3377945 48.6602394 49.0271043 49.4388058 49.87182547 50.18632887 50.46192834
-9999 -9999 -9999 -9999 -9999 -9999 -9999 -9999 -9999 -9999 -9999 -9999 -9999 -9999 -9999 -9999 -9999 -9999 -9999 -9999 69.64330735 63.91039677 59.27811806 54.98310682 50.46262924 50.10944442 52.81776146 55.4179735 57.33350877 57.67508815 57.52456837 57.81568029 57.3278859 57.49516657 57.35105297 56.69229085 55.84610759 55.23418752 53.59570998 52.18658814 51.44384374 51.66001398 51.98695713 50.85240877 49.68851644 49.09943445 49.00412245 48.95487523 49.05476635 49.05660062 48.96454387 48.62970468 48.32779862 48.29275944 48.27091573 48.39643833 48.51080001 48.62233716 49.04070642 49.28759068 49.68451511 50.25297649 50.56740423 51.01358101
-9999 -9999 -9999 -9999 -9999 -9999 -9999 -9999 -9999 -9999 -9999 -9999 -9999 -9999 -9999 -9999 -9999 -9999 -9999 -9999 69.5997341 63.651476 57.8942142 53.92368245 50.76752465 50.29015138 52.54760668 55.46850015 57.11298502 56.90246646 57.06765287 57.8503679 57.88688354 58.12786382 57.84326848 57.19281648 56.62419004 56.02599387 55.08851073 54.04637956 53.02935377 52.15786828 51.52608461 50.86311046 50.28685407 49.84348666 49.59095955 49.3260788 49.15485216 49.01453807 48.92621277 48.76796041 48.62858409 48.59731834 48.62930992 48.84572011 49.17467026 49.48092929 49.75847787 50.00736772 50.42732464 50.97874887 51.45492338 51.76001339
-9999 -9999 -9999 -9999 -9999 -9999 -9999 -9999 -9999 -9999 -9999 -9999 -9999 -9999 -9999 -9999 -9999 -9999 -9999 -9999 69.49542084 62.83480858 56.62670303 53.58902992 51.08565364 50.75384371 53.02125122 55.80944571 56.25434187 56.0788849 56.590129 57.71110998 58.22778045 58.36110574 58.03669665 57.35691245 57.08225894 56.70007532 56.16146421 55.3819191 54.37342986 52.7024994 51.13729705 51.0921514 51.03036884 50.5839867 50.13549428 49.63432825 49.28512547 49.06913212 48.98657202 48.95586196 48.96519317 49.06027495 49.1505499 49.50884765 50.0110478 50.49459181 50.74587173 50.9511674 51.32719854 51.8647151 52.41611003 52.47363435
-9999 -9999 -9999 -9999 -9999 -9999 -9999 -9999 -9999 -9999 -9999 -9999 -9999 -9999 -9999 -9999 -9999 -9999 -9999 -9999 69.81892307 62.88608278 56.72592523 53.46230768 52.4018248 52.05230399 53.15826349 54.89433999 55.52273174 55.79972783 56.41047792 57.04638429 57.54056328 57.93708754 57.96123765 57.45458688 57.3093627 57.01892263 56.17955584 54.97152637 54.01372117 53.35189434 52.85148826 52.11041456 51.44461347 50.87372384 50.40957149 49.86323809 49.5650578 49.37661884 49.30887883 49.29512439 49.3571284 49.58524685 49.91481649 50.37212209 50.89682164 51.39589934 51.68339705 51.92678085 52.25160723 52.58854422 52.9367204 53.07760992
-9999 -9999 -9999 -9999 -9999 -9999 -9999 -9999 -9999 -9999 -9999 -9999 -9999 -9999 -9999 -9999 -9999 -9999 -9999 -9999 70.27878597 62.98766513 55.69496055 53.40824388 52.96508674 52.77122127 52.98391048 53.94761299 54.713256 55.33848397 56.0079288 56.44643919 56.79236136 56.31384524 56.91511949 56.768274 57.45150789 57.45661002 56.24725067 54.74149666 53.91237989 54.0225498 54.06675861 53.08446594 52.09578899 51.40811818 50.79637112 50.28638995 50.1561434 49.91473025 49.84026253 49.84837948 49.87900228 50.31230613 50.75037807 51.24289222 51.7718718 52.31140826 52.551914 52.78947313 53.03376802 53.25596449 53.48625589 53.59095543
-9999 -9999 -9999 -9999 -9999 -9999 -9999 -9999 -9999 -9999 -9999 -9999 -9999 -9999 -9999 -9999 -9999 -9999 -9999 73.94019371 70.97588691 63.4794879 55.81593397 53.32557793 52.87541708 52.90216594 52.58528965 53.03705222 54.35272803 55.30173425 55.83976213 56.05303458 55.6788423 55.10135359 55.39420591 55.55547695 56.55241848 57.22915629 56.82586508 55.62187578 54.86086192 54.60627915 54.29766036 53.73096201 52.88069825 52.25875973 51.81578622 51.47416881 51.05373025 50.66046672 50.52511104 50.53450345 50.73238723 51.09230966 51.59189079 52.08000531 52.47927304 52.85869571 53.20106298 53.45249808 53.73069172 53.96371066 54.09639613 54.23006359
-9999 -9999 -9999 -9999 -9999 -9999 -9999 -9999 -9999 -9999 -9999 -9999 -9999 -9999 -9999 -9999 -9999 -9999 -9999 74.13620758 71.21348441 62.74921151 55.27219212 52.89538182 52.31040893 52.77665329 52.00390785 52.2251353 54.33199663 55.76420331 56.29072836 56.25751594 54.84628303 54.3058473 54.52122174 54.86938365 55.98443482 56.69398954 57.09785768 56.81808097 56.01034252 55.56746932 55.07090699 54.43197961 53.80944395 53.26289678 53.00303979 52.64805147 52.03027809 51.48447075 51.23688987 51.23796935 51.47577948 51.89028996 52.36524761 52.83252529 53.14216731 53.470768 53.90145385 54.20055925 54.59743624 54.94587618 55.10682178 55.45787825
-9999 -9999 -9999 -9999 -9999 -9999 -9999 -9999 -9999 -9999 -9999 -9999 -9999 -9999 -9999 -9999 -9999 -9999 -9999 73.99692178 70.6404427 62.38597067 55.09533297 52.31652667 51.37317981 51.85301485 51.654456 52.04162796 55.10382677 56.81813296 57.26142057 56.8760385 54.97569654 54.27624645 54.71620358 54.82128195 55.51968821 56.45110219 56.54891295 56.62640186 56.76142871 56.37100759 55.92326184 55.21015447 54.84525641 54.42252824 53.91866263 53.47881361 52.84229449 52.21328408 51.96521901 52.00470855 52.16081428 52.66942353 53.11925047 53.54457424 53.95575416 54.23947656 54.67792309 55.12216725 55.65588586 56.23772954 56.84301042 57.06198387
-9999 -9999 -9999 -9999 -9999 -9999 -9999 -9999 -9999 -9999 -9999 -9999 -9999 -9999 -9999 -9999 -9999 -9999 -9999 73.69367968 69.46710894 60.5378587 53.57644682 51.48812262 50.27892077 50.97474633 51.84507277 52.45305067 55.66470039 57.55001828 57.88122519 56.56317544 54.6254044 54.10227088 54.5039526 54.55080726 55.01623506 55.57837396 55.56274022 55.75689939 55.92999898 55.70744363 56.13148486 55.90387102 55.63545523 55.22791528 54.63219814 54.21456321 53.6689182 53.1204338 52.95844187 53.097989 53.30565185 53.83810278 54.22279257 54.64485529 55.04748005 55.32613589 55.71299691 56.13061212 56.44032188 56.17492581 55.65021267 54.55985847
-9999 -9999 -9999 -9999 -9999 -9999 -9999 -9999 -9999 -9999 -9999 -9999 -9999 -9999 -9999 -9999 -9999 -9999 -9999 71.46360623 67.65947977 58.30757736 51.85824212 50.15816234 49.30986945 50.14225339 52.45974727 53.75180769 56.32064011 57.93380788 58.03580519 55.45160551 53.70509305 53.76792751 54.08666897 54.16488837 54.39208214 54.42723784 54.74864927 54.67374518 54.68081385 54.63708946 54.60045209 55.30501393 56.05664768 55.87476216 55.38503693 54.7663857 54.4627223 54.24868268 54.31965744 54.65224824 55.12036949 55.45873214 55.78946585 56.16162152 56.43105571 56.72444658 56.62868058 55.46606632 54.49611108 54.21501191 53.36570461 50.3966951
-9999 -9999 -9999 -9999 -9999 -9999 -9999 -9999 -9999 -9999 -9999 -9999 -9999 -9999 -9999 -9999 -9999 -9999 -9999 68.18375319 65.12286933 56.54775743 51.11307689 49.61609737 49.11668879 50.11658317 52.92607981 54.25028193 56.66698183 58.20033481 57.18311374 54.56242372 53.14452033 53.12274698 53.65096005 53.86961169 54.06279715 53.99150307 54.22980772 54.12460271 53.97465892 53.65575382 53.48128231 54.18042832 54.92174815 55.69722487 56.1791775 55.68810697 55.51141704 55.53825325 55.7609458 56.25220137 56.80616986 57.11510805 57.42684057 57.55261885 57.31810208 56.51600096 55.62200341 54.13868573 52.69296112 51.56665536 49.26315513 43.95242677
-9999 -9999 -9999 -9999 -9999 -9999 -9999 -9999 -9999 -9999 -9999 -9999 -9999 -9999 -9999 -9999 -9999 -9999 -9999 64.86648533 61.13139311 55.04476214 51.23204007 50.16989864 49.78656938 50.52009324 53.33405682 54.03702827 56.00125292 58.06781571 55.57193956 53.43809116 52.65425154 52.61903674 53.2279581 53.564856 53.92215627 54.29985539 54.02761908 53.88299142 53.59978513 52.93989213 52.67963055 53.29627246 53.97661838 54.63593946 55.04964467 55.66757067 56.45326604 56.8380023 57.19840899 57.68115763 58.12118201 57.82798458 57.37342599 56.9154618 56.62522435 56.07118155 54.88192463 53.34950905 51.24360521 48.0218922 40.890559 -9999
-9999 -9999 -9999 -9999 -9999 -9999 -9999 -9999 -9999 -9999 -9999 -9999 -9999 -9999 -9999 -9999 -9999 -9999 -9999 61.37101915 58.4953414 54.65086491 52.15118839 51.69282525 51.64950599 52.10500582 53.91872865 54.11619113 55.36530281 55.53587183 52.9840829 51.938463 51.94084641 51.98352637 52.58562446 53.00140571 53.26859135 53.52789267 53.32041631 53.09471362 52.84410251 52.35402787 52.171159 52.54001387 53.11250055 53.64244597 54.03767977 54.63069657 55.56582752 56.44076405 57.10459067 57.42287262 57.40416173 57.16109589 56.70932243 56.2931115 56.02672826 55.42284188 54.36497841 52.75326861 50.29775755 45.7016617 36.60055956 -9999
-9999 -9999 -9999 -9999 -9999 -9999 -9999 -9999 -9999 -9999 -9999 -9999 -9999 -9999 -9999 -9999 -9999 -9999 57.94459477 58.03520708 56.50382102 54.32379522 53.32814735 53.60756707 54.11012554 54.25580839 54.72994404 54.16027289 54.04588655 52.00306941 49.84284943 50.11284207 50.87018511 51.05540043 51.61128963 52.07034458 52.08750302 52.18173747 52.03971625 51.76019825 51.51514145 51.54960585 51.73073076 51.88709277 52.26538008 52.63934057 53.01347699 53.59003553 54.66263809 55.774459 56.47337117 56.65074217 56.69082 56.40236017 55.95922979 55.5483736 55.26379855 54.71133142 53.64890623 52.29491864 49.82158346 44.69390157 35.09988121 -9999
-9999 -9999 -9999 -9999 -9999 -9999 -9999 -9999 -9999 -9999 -9999 -9999 -9999 -9999 -9999 -9999 -9999 -9999 55.71060379 55.21221782 54.79885273 54.20288572 54.46165838 55.63549736 56.08791242 55.94225823 55.37518131 54.15844686 52.77680006 50.57109704 48.48740213 48.20266725 48.89944651 49.52420765 50.03083652 50.49968567 50.41170648 50.4300554 50.42283212 50.53012882 50.59657035 50.66150717 50.90140272 51.23648501 51.61783761 52.03224788 52.34850196 52.93144575 53.91582929 54.96309763 55.65833061 55.88931778 55.87689864 55.6815791 55.29761704 54.88154366 54.51410266 53.86391689 53.00951608 51.72246533 49.34717027 44.18460568 34.9820481 -9999
-9999 -9999 -9999 -9999 -9999 -9999 -9999 -9999 -9999 -9999 -9999 -9999 -9999 -9999 -9999 -9999 -9999 -9999 53.53295657 52.79229318 52.99433068 53.59247051 54.84864637 56.753533 57.07072642 56.38632703 54.56726842 53.05380223 51.16150257 48.9569858 47.35311245 46.49672414 46.71123981 47.38211988 47.85945373 48.32025179 48.42842441 48.51383456 49.09840603 49.68800601 50.103131 50.07295103 50.20284615 50.61387412 51.07806507 51.43556502 51.7054924 52.23900734 53.05703065 54.05801235 54.67431004 54.82927791 55.01639458 54.80499149 54.56831348 54.2511192 53.8217934 53.09295931 52.46946651 51.36487895 49.09339488 43.763409 33.54689505 -9999
-9999 -9999 -9999 -9999 -9999 -9999 -9999 -9999 -9999 -9999 -9999 -9999 -9999 -9999 -9999 -9999 -9999 -9999 51.81945323 50.13507186 50.84916936 52.86805069 55.2533358 56.42582726 56.04807803 54.60458723 51.71427816 49.85663422 48.55532906 47.21525091 46.12807969 45.22230252 44.78657759 45.2080556 45.93739181 46.47056926 46.44810146 46.61158903 47.66158353 48.84107588 49.4692496 49.53160993 49.59079765 50.0347967 50.34679214 50.68083145 50.98873221 51.42628039 52.08197706 52.76068715 53.27925233 53.55705409 53.67918101 53.71386627 53.62001041 53.52569103 53.46601342 53.14518663 52.55670633 51.52577215 49.20810095 43.32487273 34.049306 -9999
-9999 -9999 -9999 -9999 -9999 -9999 -9999 -9999 -9999 -9999 -9999 -9999 -9999 -9999 -9999 -9999 -9999 53.87168716 50.89958315 48.07907554 49.0975401 52.58175768 54.23317456 54.56541712 54.26597942 51.59545293 48.6609568 44.61137196 44.9247963 45.26562837 44.78648003 43.72398141 42.65597742 43.92061648 44.47908452 44.84586461 44.81925805 44.54986667 46.26637904 48.00779601 48.89074415 48.98584883 48.95192508 49.30187553 49.63794339 49.9364989 50.28193864 50.52834185 51.0728561 51.46649858 51.89690722 52.21749137 52.34912054 52.59671049 52.67364344 52.87747346 53.31236057 53.30758605 52.38798972 51.45938579 48.80750638 41.52314413 -9999 -9999
-9999 -9999 -9999 -9999 -9999 -9999 -9999 -9999 -9999 -9999 -9999 -9999 -9999 -9999 -9999 -9999 -9999 52.26796056 50.70654073 49.41110902 50.03756778 52.56498568 53.27802008 52.95838665 51.69720282 49.181859 46.24009721 43.19180536 42.55970457 43.0928811 43.22583663 42.94676376 42.33603446 43.06053019 43.68218653 44.06708216 43.7917853 43.80444663 45.35849222 47.01263139 47.97811184 48.34328814 48.3152315 48.69441438 49.052803 49.41166499 49.724464 49.98567915 50.29178609 50.51693162 50.82498056 51.16558944 51.42508273 51.70736745 52.00307717 52.33197351 52.87195292 52.86090829 51.22427202 48.52226239 43.83165695 -9999 -9999 -9999
