meets/meet004/data/CCSM_6k_neotropic_bio07.asc
NCOLS 154 
NROWS 168 
XLLCORNER -112 
YLLCORNER -55.5 
CELLSIZE 0.5 
NODATA_value -9999 
[rows 58 to 86 of 168, columns 64 to 127 of 154]
11.11736408 14.12219932 15.51118103 14.41228894 13.19465959 12.31279864 11.56053431 11.2392282 11.14525073 11.17003192 11.07828983 10.77878359 10.52112204 10.57949207 10.73355523 10.78208413 10.72551027 10.70186179 10.78940368 10.91001091 10.96488289 10.96231297 10.94819261 11.00883734 11.04914705 11.04402544 11.00948202 11.01281118 11.16575801 11.3263583 11.40766318 11.42621183 11.44908549 11.50374044 11.6824467 12.07278664 12.58111866 13.15239582 13.71480975 14.28214592 14.9390827 15.63317258 16.36267811 16.78642455 17.11055337 17.13033394 16.86305212 16.46969819 15.76537276 15.55409961 15.15039258 14.57004618 14.0312186 13.40093056 12.82712547 12.32706192 11.94288307 11.58847008 11.17870847 10.85281631 10.02067449 8.938205847 7.821310916 -9999
12.38693582 15.12032167 16.55112625 14.90004075 12.61330391 11.6408336 11.6113992 11.64400663 11.50110276 11.40862295 11.29037454 10.97946991 10.7225291 10.81153008 10.93495137 10.98085663 10.96055035 10.90708047 11.03280529 11.18257246 11.23854225 11.25724276 11.24177712 11.28413213 11.33212294 11.32321623 11.28151878 11.26577701 11.32581556 11.40780352 11.48665636 11.55437889 11.58491279 11.7272026 11.81936461 12.27097176 12.90414513 13.56441251 14.15400816 14.73912863 15.38582487 16.00742462 16.57770688 16.96176396 17.21334455 17.09690917 16.70621343 16.17121861 15.34941735 14.84769285 14.39519639 14.02744131 13.47393018 13.1887738 12.84575973 12.57039083 12.47487406 12.34887659 12.20930142 12.26630389 12.10501392 11.87488475 11.95162153 10.96484659
12.48806132 15.23131164 16.28696727 14.7890997 12.51537012 11.67123442 11.62493156 11.85371249 11.76747978 11.57505743 11.45491671 11.20091272 11.00632302 11.08648063 11.22719344 11.27377586 11.23583557 11.19497635 11.3047349 11.44312852 11.50573979 11.52812255 11.53218271 11.57545527 11.60694012 11.58630258 11.53657205 11.50857688 11.56536972 11.66876819 11.79441889 11.95481425 12.0955238 12.27403578 12.41129259 12.76947192 13.35355405 13.98332084 14.57288517 15.15820629 15.7736415 16.32841262 16.75576645 16.9464888 16.96096866 16.69931832 16.25169401 15.62997073 14.9361184 14.44265172 14.08134222 13.84570511 13.54318968 13.34246396 13.13168592 12.99150044 12.98833907 13.04115501 12.97482368 13.14385577 13.20982149 13.31601918 13.73609942 13.35078164
11.90038755 14.7003222 15.91424108 14.87373105 12.69815633 12.19553494 12.07454412 12.19434887 12.09409423 11.8427644 11.68516133 11.48244329 11.31086241 11.4502068 11.61817707 11.65985522 11.60142578 11.51901258 11.62709868 11.73002524 11.789042 11.84407251 11.82459357 11.8864305 11.89430119 11.874965 11.83675853 11.74249069 11.87369125 11.97665748 12.15603446 12.45198645 12.70776176 12.92231075 13.12290934 13.36554799 13.84709796 14.33315694 14.97190008 15.55222773 16.07984088 16.58329584 16.93366271 16.87947902 16.57280853 16.21359177 15.87286468 15.16727768 14.71314295 14.32608696 14.06159472 13.97802041 13.96350152 13.67436284 13.50914667 13.46755896 13.46675176 13.56706216 13.55578801 13.51786072 13.69999676 13.92754075 14.06978182 14.16109348
11.20508307 14.32143534 15.63309794 15.03717299 13.1809067 12.74600962 12.7257873 12.85343216 12.65205577 12.31462696 12.14096118 11.95159048 11.78381302 11.86379017 12.00398672 12.03731684 11.9764449 11.9197569 11.99362975 12.09227223 12.14683387 12.19646326 12.20374338 12.24849862 12.26537366 12.26238032 12.25864246 12.2583578 12.3451137 12.47404668 12.67546038 12.9618996 13.2670506 13.53141788 13.76889773 13.93698254 14.40445301 14.89212924 15.38909759 15.85452536 16.2895064 16.68480554 16.85628218 16.77140266 16.46145788 16.12619726 15.85347505 15.35897145 14.75194147 14.29824399 14.10643324 14.05778981 14.02889706 13.8578427 13.74906894 13.74452818 13.84450669 14.00164668 14.00632466 14.02807184 14.11401792 14.25158326 14.40740332 14.41457089
11.04421607 14.23525915 16.4386127 15.36430571 13.52672438 13.26741858 13.41669863 13.61973587 13.28411392 12.87952418 12.68730298 12.48709189 12.33037097 12.32749604 12.40910386 12.44249946 12.39867709 12.34134795 12.45497834 12.54925665 12.59800729 12.65363394 12.64495928 12.69209964 12.71548372 12.72844238 12.78040739 12.85972497 12.90614187 13.03517877 13.22986024 13.47941812 13.78277312 14.03111386 14.31930821 14.48734343 14.93612872 15.4931154 15.83771939 16.1586357 16.47425433 16.77459897 16.86191442 16.811102 16.57960887 16.2833391 16.11140925 15.87693329 15.10288523 14.41405492 14.11211077 14.06091511 13.98800754 13.91720845 13.83369466 13.87725982 14.07757137 14.36079858 14.33301649 14.45709016 14.54688414 14.59401218 14.72017243 14.7589083
12.20426239 14.71728177 15.99004822 15.44129936 13.74539816 13.54027209 14.04469658 14.32568299 13.94651024 13.351214 13.11081987 13.03273557 12.93520555 12.87463402 12.80035067 12.79397578 12.88271921 12.94625752 13.05213545 13.11446139 13.15625435 13.20497209 13.20645644 13.23540119 13.24206606 13.24141183 13.26408627 13.31123013 13.41497464 13.5652972 13.73751597 13.93518801 14.15412154 14.37351512 14.59516421 14.78533078 15.31907463 15.80166569 16.15907109 16.42975076 16.70789117 16.97393522 17.10623264 17.09697633 16.92609395 16.63679584 16.33222489 15.88362295 15.34064951 14.77283412 14.31674972 14.12835337 14.0980241 14.05097884 13.98864237 14.02422989 14.15408725 14.2845708 14.37997578 14.47340327 14.59652753 14.76367716 15.05541391 15.36502368
13.70763719 15.11146545 16.38569713 15.57400306 13.98019146 13.87543597 14.76723799 15.30072667 14.68513256 13.87622507 13.57129341 13.62090222 13.58912059 13.50246795 13.3211827 13.29296137 13.4860638 13.63312597 13.72932054 13.77268144 13.81664709 13.88144187 13.84158277 13.87356527 13.84545967 13.80194817 13.78610273 13.73542733 13.89975833 14.06637047 14.21921764 14.37343464 14.49615681 14.69463394 14.83088904 15.03872087 15.59045436 16.10333264 16.43202787 16.68321213 16.93453711 17.21588172 17.45783305 17.38450353 17.30835891 17.01440517 16.56242711 15.91233642 15.61640373 15.15649306 14.77514496 14.59955258 14.36370976 14.26442947 14.20285204 14.22647682 14.28056876 14.20012927 14.61580934 14.76025798 15.1409644 15.63383961 15.906368 16.34150776
14.43073205 15.48525004 16.16543326 15.79250314 14.96177077 14.89185568 15.43794033 15.83320721 15.28840067 14.56389335 14.28249802 14.27006759 14.29748478 14.21335304 14.08713023 14.07539976 14.17266165 14.3454374 14.48571643 14.5630269 14.61412595 14.65616613 14.65527435 14.63656454 14.57107237 14.48418822 14.39444639 14.35190468 14.45659594 14.60824486 14.7304326 14.84305734 14.94783098 15.11751579 15.29316565 15.47627988 15.84818949 16.28938008 16.66619903 16.93275698 17.18789334 17.41099771 17.5139709 17.58672643 17.50249683 17.2773521 16.98808881 16.56973412 16.20969963 15.81878518 15.48958084 15.28600073 15.05858328 14.94992093 14.84147331 14.89585773 15.08276775 15.30733993 15.6141445 15.97149932 16.30082377 16.58184349 16.97444186 17.14306305
14.8146594 15.62345015 16.21660969 15.99983994 15.61067102 15.54906279 15.73009663 16.39758863 15.66762321 15.11349367 14.95728106 14.90273705 15.02003015 14.88082036 14.86766182 14.86442768 14.88188064 15.0887792 15.19430685 15.35666262 15.42433798 15.44283536 15.46915585 15.35762687 15.29856486 15.18933659 15.04201449 14.96341193 15.05011756 15.18684033 15.27623605 15.32885374 15.40923997 15.55335245 15.76151038 15.92464734 16.06733546 16.51498345 16.89975388 17.21484152 17.48367525 17.6964399 17.70593323 17.83101668 17.77343404 17.62249609 17.49071196 17.28758617 16.97048468 16.64279063 16.3483995 16.12464409 15.87413724 15.80586834 15.74981136 15.8612969 16.11569911 16.44339547 16.70857054 17.13470093 17.30283085 17.24970359 17.61874444 17.3249237
14.50552292 15.7016782 16.35732823 15.93528774 15.07654137 14.91373355 15.08277574 15.34050666 15.49086662 15.61944114 15.70351427 15.45772449 15.32078046 15.44764729 15.66083725 15.71739486 15.61566124 15.63745833 15.88777437 16.15724761 16.24631055 16.18934656 16.08262534 16.06369231 16.01559023 15.91001715 15.78272038 15.67765985 15.75281577 15.85474855 15.89225535 15.88661667 15.88990644 16.00754146 16.14901524 16.27973512 16.3980456 16.70962333 17.13466706 17.52506298 17.87034115 18.18003544 18.35853171 18.31230177 18.18188295 18.08622237 18.05420178 17.97450746 17.79420623 17.57844592 17.36660373 17.16781101 17.01764853 16.91295327 16.88736571 16.98132743 17.19193389 17.46710262 17.64074685 17.7632513 17.55221885 17.00140944 16.70658037 17.01531036
12.97398665 14.98468678 16.49084642 16.0793101 14.52712011 14.19891858 14.39369671 14.50437659 15.20335578 15.86630838 16.14047441 15.8115357 15.63268645 16.01431081 16.44975039 16.55779545 16.33369389 16.17683489 16.49077005 16.88930517 17.00341927 16.87637371 16.74041627 16.75793458 16.7826687 16.69037745 16.55382749 16.41590631 16.44471249 16.53758813 16.52687473 16.43480198 16.38151819 16.43132576 16.53362235 16.62761597 16.7011497 16.91155873 17.32799821 17.79627085 18.1848827 18.56643062 18.89828276 18.71238942 18.54593031 18.48241836 18.5287687 18.61644468 18.4883012 18.42217673 18.29541662 18.14121492 18.10997292 18.01292218 18.02234287 18.09428808 18.22330151 18.33569595 18.23666662 18.04789102 17.50444643 16.74631427 16.22179525 16.73416069
9.194660844 13.51307189 16.63613522 16.19138504 14.33786413 13.99832278 14.22942122 14.71360745 15.2520913 15.69374021 16.09419588 16.14150003 16.19092219 16.67076658 17.2163873 17.37619229 17.10744521 16.93727061 17.17666684 17.55549087 17.6478121 17.54605397 17.50638815 17.54170865 17.64365091 17.58421791 17.40682996 17.26476058 17.23933415 17.23842564 17.16930424 17.06396486 16.95804075 16.95818081 16.99287302 17.02458975 17.04972741 17.13376889 17.51779004 17.93798722 18.34240521 18.72675457 18.94837392 18.91571922 18.77456345 18.77810651 18.91918154 19.07564061 19.06740601 19.04603757 19.03591267 18.99840407 19.03484249 19.06773034 19.16904666 19.15949481 19.14751453 19.017981 18.57236647 18.04105874 17.47443794 16.66457287 16.15122749 16.42226886
6.517797365 12.08847054 16.50153773 16.09278528 14.02256623 13.75936249 14.22556168 14.93187802 15.49602581 15.87567048 16.33754128 16.51724793 16.74170055 17.30431513 17.95296137 18.12570165 17.8026578 17.61484845 17.82593393 18.2193616 18.32343843 18.17601881 18.11850784 18.19287345 18.3775576 18.35401159 18.17126881 18.05684108 17.9777315 17.95343746 17.8388955 17.67925668 17.54649869 17.46338214 17.45162788 17.41588677 17.33953103 17.40842208 17.66112133 18.05763791 18.43875633 18.80151812 19.06018479 19.08163694 19.01577833 19.05610127 19.21785087 19.41843117 19.43036098 19.53293499 19.63274158 19.71171174 19.85613816 19.91917069 20.05779075 19.97686417 19.81503781 19.4669561 18.61724418 17.97107032 17.27253158 16.56109572 16.02243058 16.14653513
-9999 10.70218443 15.50507271 15.19604784 13.27626685 13.49601372 14.34908004 15.25699721 15.94189635 16.44337021 16.94810301 17.11756992 17.34660184 17.92005155 18.49887921 18.69595638 18.44024758 18.25490737 18.41713867 18.71815019 18.82769442 18.73901598 18.70610353 18.79595649 18.95581293 18.93372392 18.81572022 18.76834087 18.69920921 18.66378656 18.53158831 18.34045534 18.15931749 18.03882299 17.93527208 17.82021447 17.67556909 17.64287376 17.91883022 18.2974417 18.64469848 18.95430639 19.22666415 19.34650743 19.38468956 19.46398122 19.49196929 19.56362349 19.73279372 19.91293319 20.13566803 20.37773392 20.60220109 20.69859258 20.69876982 20.51137403 20.31027197 19.72378107 18.75092654 17.48099022 16.65718384 16.46425351 16.30799509 16.1165919
-9999 -9999 12.74480145 13.28811296 12.88745307 13.82390389 14.80256253 15.76588061 16.47731871 17.15927349 17.65915584 17.7283567 17.89104551 18.37834325 18.95748268 19.17965921 18.98479685 18.86144659 18.96948146 19.18565817 19.26398943 19.21647301 19.23219377 19.31262792 19.49170194 19.51354576 19.42078126 19.35624968 19.29063148 19.27904354 19.14963402 18.94137089 18.7670701 18.59930487 18.46005947 18.28789359 18.06102006 17.99098117 18.24834482 18.68164864 19.07011957 19.40403622 19.71189997 19.85171856 19.97155306 19.91797865 19.77073708 19.85829474 20.06466498 20.31751657 20.59490502 20.90747878 21.20205829 21.299728 21.29280901 21.08770947 20.7910861 20.21326196 18.93613433 17.38770852 16.48759715 16.44880574 16.35158985 15.98232058
-9999 -9999 -9999 10.74007281 13.25358584 15.21062315 15.85325446 16.30627827 16.94667466 17.86775116 18.36361729 18.17804934 18.24429753 18.67005395 19.25334209 19.51400893 19.44534475 19.42375853 19.45297407 19.57011773 19.63441134 19.60595292 19.66968317 19.73937424 19.88728134 19.96523459 19.94842587 20.00087667 19.90371519 19.86933476 19.72755395 19.50403793 19.35520734 19.12434035 18.99073918 18.79647934 18.51146618 18.45898776 18.65777296 19.00762144 19.37616047 19.73754423 20.07214219 20.20895586 20.27086932 20.22074646 20.10518264 20.30720085 20.48391898 20.71507387 21.01668086 21.35362776 21.64685515 21.77313591 21.89364764 21.63752125 21.2495783 20.67437307 19.21233719 17.72954959 16.77726812 16.47244824 16.2354213 15.9383157
-9999 -9999 -9999 9.518209031 13.37420641 15.85142696 16.36463519 16.45170737 16.89645904 17.9118003 18.44167882 18.31352131 18.33855193 18.73530435 19.33006433 19.64969118 19.69704944 19.74212699 19.76977306 19.83969118 19.8968568 19.91592417 20.00645072 20.06986006 20.20498983 20.29472293 20.33155241 20.41645946 20.35693011 20.35667924 20.25704414 20.0751339 19.95932337 19.6941346 19.50752515 19.24511064 18.95178502 18.94219414 19.06273534 19.35346947 19.66567407 19.97842883 20.27648265 20.39782721 20.45366622 20.43069878 20.45484942 20.87815152 21.11714257 21.37462335 21.64939559 21.90603906 22.17152088 22.17026364 22.13724816 21.86241454 21.56071244 20.94387231 19.50100369 18.05967876 17.06045169 16.64865378 16.4161555 16.27581855
-9999 -9999 -9999 9.099261725 13.87957175 16.39391844 16.14396008 15.96688963 16.56867012 17.51203728 18.01072279 17.97263515 18.11737843 18.59707325 19.17138904 19.56625824 19.74485388 19.86494218 19.93564133 19.97722967 20.03118598 20.0979538 20.21613725 20.27944245 20.41185699 20.51535969 20.54718281 20.66178681 20.65420964 20.66062907 20.61256992 20.48874831 20.37760552 20.15629139 19.99113501 19.78795092 19.51131021 19.4257073 19.48963352 19.67500635 19.91566321 20.16572554 20.40671162 20.54062243 20.60362308 20.68618148 21.01445285 21.32033117 21.62956291 21.90168693 22.16259253 22.53157688 22.72211878 22.56001293 22.41524688 21.97828024 21.52014138 20.96974058 19.52434078 18.14251766 17.28906626 16.95294915 16.7413696 16.7329788
-9999 -9999 -9999 -9999 12.2945915 14.87217503 15.58416486 15.94708628 16.22727632 16.49676495 16.88698556 17.21669415 17.7109118 18.23081517 18.78532419 19.26892853 19.64695103 19.92647949 20.00351291 19.99059549 20.04289024 20.14999776 20.3087521 20.38725199 20.5006885 20.60834974 20.68153327 20.80508463 20.87053964 20.92318723 20.9043379 20.80986462 20.70187829 20.49163069 20.33986019 20.20699205 20.07156199 20.05269808 20.05762921 20.1685915 20.32125016 20.45096443 20.63382538 20.79718806 21.0041471 21.31401402 21.61554455 21.88473452 22.08949844 22.28689109 22.51518065 22.86744371 22.9529337 22.62055658 22.05092521 21.38369597 20.77011803 20.10286041 19.07293529 18.1070096 17.42591472 17.13947034 16.9761465 16.97169547
-9999 -9999 -9999 -9999 9.541542349 12.41420614 14.86574612 17.00989475 16.38654238 15.20614593 15.26768225 16.04156101 17.20466638 17.65372182 18.24876693 18.91480879 19.54263328 20.02082093 19.93684167 19.84839361 19.88071294 20.03927024 20.28159236 20.33576719 20.45852438 20.59220033 20.69176041 20.87426132 21.0058984 21.17843458 21.21382309 21.07585043 20.96703907 20.78743354 20.60553673 20.52489016 20.49008347 20.64027615 20.68457479 20.75943702 20.88550921 20.94189221 21.07231267 21.35212271 21.68541279 21.97610637 22.23637511 22.52538112 22.5769267 22.64015786 22.78930359 23.14768141 23.20896959 22.56265024 21.49739308 20.56913486 19.88546117 18.85941171 18.40331026 17.96554708 17.54547879 17.31414934 17.21431948 17.19489106
-9999 -9999 -9999 -9999 -9999 9.961133292 13.8309141 16.44295165 16.1760837 14.41589832 14.32472229 14.84316273 15.76813451 16.75819327 18.01144178 18.94535831 19.48322783 19.75000403 19.6441031 19.49638281 19.51985077 19.70236957 19.98042042 20.12241325 20.30198622 20.49728619 20.68695697 20.96825291 21.1345624 21.31423089 21.4026696 21.39411692 21.32351644 21.08714731 20.88457522 20.79849137 20.8037635 20.96897733 21.14539264 21.34697193 21.53341456 21.60573197 21.74376337 21.9597227 22.27976278 22.54613829 22.76835151 22.98714561 23.05691108 23.1336022 23.21862462 23.43882426 23.3596432 22.7721449 21.78032393 20.69399797 19.57686039 18.60007799 18.1000742 17.85186443 17.54909063 17.46558195 17.39027673 17.3566903
-9999 -9999 -9999 -9999 -9999 7.428050486 12.51146523 17.00323144 15.81500701 13.74787481 13.78184548 14.35581256 14.57678247 16.17646211 17.68692743 18.73628142 19.011836 19.35072148 19.25714512 19.04573765 19.07507607 19.25299559 19.5534008 19.65246944 19.92394782 20.18541637 20.53223004 20.97243785 21.03241475 21.2661255 21.4308328 21.62704345 21.77263749 21.51343021 21.11819197 21.1287786 21.11736033 21.16630829 21.53640072 21.87955346 22.13155339 22.25000434 22.36531875 22.56191182 22.7891539 22.96318407 23.10897717 23.37127329 23.3721956 23.53841456 23.57123644 23.64263198 23.60479709 22.86664516 22.2099416 21.08269457 19.55595729 18.3792258 18.0117111 17.82765894 17.65780158 17.5875956 17.54001534 17.53729355
-9999 -9999 -9999 -9999 -9999 -9999 10.42218189 13.7225274 14.62030841 14.36748717 14.64324114 14.48429504 14.50091718 15.10683569 16.02027562 16.71583533 17.40607248 18.26010779 18.60479759 18.85279728 18.94201702 18.74987942 18.79106009 18.93712966 19.3252983 19.67155932 20.06834169 20.45054907 20.60574616 20.87867638 21.14015947 21.40460122 21.66214178 21.67343279 21.66108985 21.69758763 21.52533803 21.63800143 21.90833364 22.30142949 22.59344424 22.73453556 22.92146103 23.04263679 23.20476941 23.2541748 23.15103654 23.23019597 23.38811701 23.67661004 23.67413173 23.55600204 23.24121439 22.46184668 21.56330669 20.51310772 19.40177377 18.57204718 18.12132304 17.96638558 17.86173437 17.71975153 17.6477853 17.68059021
-9999 -9999 -9999 -9999 -9999 -9999 8.141204933 11.2813277 13.37383743 15.05594224 15.58350233 14.80449363 14.32124454 13.96240832 13.86323738 14.19023048 15.21092455 16.74214451 16.73887823 17.70462209 18.28730052 18.02041985 18.02879708 18.48308952 18.70881991 18.957064 19.48659475 19.85659602 19.91536336 20.14487131 20.72118672 21.09944668 21.71470708 21.92469652 22.13145919 22.057315 21.88430738 21.98335751 22.21669147 22.58500625 22.85054715 22.96227856 23.2955731 23.25118254 23.39262146 23.38047946 23.10979708 22.87493239 23.21015988 23.5989829 23.46794796 23.06712764 22.71277977 21.62354116 20.5935695 19.7075424 19.11357306 18.53248924 18.24832261 18.18843332 18.07546719 17.86217895 17.68924398 17.79307632
-9999 -9999 -9999 -9999 -9999 -9999 -9999 8.74821655 12.43156845 15.57311918 16.72231903 15.31339257 13.43998399 13.24298404 13.14182206 13.20762311 13.61515984 13.46689163 14.31894889 14.86811368 15.69991414 16.93779097 17.80087083 18.40595946 18.64624789 18.93227657 19.19657581 19.33270598 19.65830898 20.02787164 20.29304437 20.45243197 20.7205413 21.44904535 22.17684942 22.56874171 22.3368076 22.22199912 22.39023676 22.61668001 22.74805287 22.75396016 22.8193774 22.94138649 23.1240333 23.13680466 23.01567878 23.00866764 22.99329676 23.00089017 22.66506466 22.09915065 21.33742059 20.65937347 19.97891078 19.38349163 18.99925012 18.65313124 18.36740562 18.31672954 18.21017945 18.03213307 17.87102973 17.90336004
-9999 -9999 -9999 -9999 -9999 -9999 -9999 6.374666997 11.11161499 15.83472341 17.77489964 16.0232415 13.51981585 14.53599859 14.21787157 14.02041154 13.96201897 12.20269083 13.22475825 13.11380792 13.81749089 15.85817771 17.53944785 18.15293517 18.80351808 19.18693001 19.44242666 19.26191431 19.62536136 19.95585886 19.97311106 19.70112835 19.66414536 20.85612813 22.08441798 22.78759873 22.54933218 22.35791385 22.50271555 22.55653661 22.57871767 22.44862084 22.28839044 22.39241929 22.60613664 22.60650897 22.61563177 22.77383482 22.50098105 22.28439207 21.84370051 21.16145034 20.20817946 19.97857425 19.58729452 19.18977164 19.01091962 18.77122994 18.52406556 18.46668312 18.34540455 18.16296339 18.01960757 18.02144022
-9999 -9999 -9999 -9999 -9999 -9999 -9999 5.646376986 9.121830478 13.68909528 16.6063092 17.46490239 18.08565412 17.57237232 17.44575153 16.99122431 16.37965926 15.93013829 14.82910407 14.18206406 14.17480075 14.69719964 15.81098789 17.46585461 19.17139919 20.01724161 20.04890938 19.8680438 20.20940739 20.09591761 19.96347605 19.44298032 19.29712992 20.62320002 22.08488187 22.83736149 23.00127929 22.53996064 22.49531312 22.45608425 22.32452771 22.10622116 21.93837907 21.82130238 21.7494312 21.70271287 21.73940936 21.64396946 21.65385862 21.4413936 21.10025602 20.69374508 20.19218498 19.81426189 19.45927148 19.19034738 19.06426879 18.85642676 18.70391086 18.63544772 18.52803198 18.36355298 18.23660928 18.20379801
-9999 -9999 -9999 -9999 -9999 -9999 -9999 -9999 6.824144651 10.79821106 14.37665368 17.17739209 20.23076339 19.53407522 19.55733462 19.17537239 18.50867479 18.85878771 16.57635565 15.24052631 14.501352 13.93304473 14.36350723 16.38929503 18.89356651 20.19929775 20.36133319 20.35648728 20.67609917 20.52367772 20.37527034 19.82429498 19.48621771 20.91232525 22.27098314 22.86330335 22.85191958 22.44708044 22.20828041 22.07856674 21.89350756 21.63482685 21.49716622 21.33846741 21.0972373 20.98864888 21.02532608 20.86093838 21.01368719 20.9129556 20.71954358 20.55535174 20.18968792 19.81507273 19.47419594 19.23521965 19.17852095 19.03037813 18.87940979 18.8526382 18.77157768 18.59009518 18.46995245 18.39507781
