meets/meet004/data/CCSM_0k_neotropic_bio03.asc
NCOLS 154 
NROWS 168 
XLLCORNER -112 
YLLCORNER -55.5 
CELLSIZE 0.5 
NODATA_value -9999 
[rows 58 to 86 of 168, columns 64 to 127 of 154]
61.38437291 59.42537625 59.19829933 62.95668286 68.60199611 72.19921086 72.7780416 72.24498577 75.05749336 76.35428242 76.14701232 75.92873483 75.45976922 74.96982246 74.37377349 73.93529823 73.7331368 73.47212876 73.21267927 73.01814069 73.18363879 73.6605153 73.9922532 74.25683531 73.96916102 73.91835664 74.08764964 74.19665471 74.40511535 74.20487843 73.96747571 73.67049667 72.48116958 70.98768346 68.6036156 65.99216142 63.53598314 61.09018537 59.63293 57.96706623 56.78964815 56.41535462 56.42488541 57.56275387 58.61282014 59.79404343 59.75085974 59.5553194 59.80583937 60.3288602 61.25201049 62.05046528 62.70686566 64.00159221 64.98295941 66.00633896 67.11782125 67.93509059 68.28418214 68.25404284 67.47893176 65.91574474 64.57726544 -9999
58.29866844 58.72616271 59.37113103 63.38699209 71.63773187 75.59685723 74.7213966 73.19285176 74.00795695 74.75018661 74.32844894 74.25083942 73.98189975 73.34821975 72.88712496 72.52033708 72.32183896 72.28659457 71.97693984 71.75015939 71.86094183 72.22000412 72.71208159 73.08200884 73.39957095 73.59062317 73.50393127 73.23904983 72.98049601 72.62765648 71.80293505 71.10660422 69.81375672 67.74917962 65.59026869 62.90738404 60.30212174 58.0024976 56.94146133 56.02930409 55.4898849 55.32048795 55.26411842 56.31351871 57.25792833 58.9270657 59.81729248 59.99982042 60.64892501 61.8253573 62.88449291 63.69798178 64.60454698 65.03798825 65.39951556 66.06298595 66.9310562 67.3554872 67.42091221 66.70531945 65.51768991 64.06915224 62.63185559 62.60806944
57.33787651 59.18492298 60.68989512 64.76061836 73.28582276 75.48612798 74.69178949 73.29635541 73.44611407 73.66237214 73.06881013 72.87980612 72.54170022 71.86353241 71.2319481 70.89444978 70.92538192 71.03914741 70.86917669 70.69046113 70.74053967 70.97112719 71.25409176 71.48086536 71.65792812 71.89100864 72.1450087 71.90936379 71.44453551 70.65699574 69.47596511 68.30855969 66.62359468 64.8309428 62.75272092 60.28788291 58.09501204 56.17794603 55.31088974 54.72918896 54.45853349 54.52959267 54.83296613 56.01993346 57.39496027 59.3180758 59.87668151 60.42574913 61.33865501 62.56893352 63.63150107 64.32952664 64.81622443 65.09656141 65.3256142 65.48534635 65.49299998 65.17950263 64.80097862 64.07421204 63.28301146 62.47029181 61.93418761 62.01050256
57.15865564 59.26410489 61.81968004 65.65263579 72.64865886 74.31822916 73.9394368 73.19605303 73.19140874 72.80954401 71.98355891 71.60218494 71.24458443 70.22376229 69.39821647 69.08732483 69.38534182 69.8153574 69.62641633 69.62361259 69.61215911 69.58500242 69.89362541 69.82036074 70.05652754 70.16212068 70.3214292 70.63318536 69.86288044 68.94396855 67.37423443 65.76770734 63.83365079 61.88462233 59.99306388 58.15237037 56.46308814 54.9463128 54.391433 54.031091 54.08173949 54.45830525 55.05179646 56.51576597 58.45020637 59.91806761 60.28689831 60.83829777 61.93733631 62.90676817 63.82446147 63.9717308 63.76579162 64.09753527 64.05264782 63.76791746 63.52489457 62.86310848 62.58278813 62.21286395 61.71245049 61.05875679 60.54495322 60.83253185
58.04955938 59.95051088 62.179424 65.42532912 71.57513126 72.72005022 72.88758086 72.96958627 72.8693502 71.84011158 70.82478389 70.25606642 69.61735269 68.64784431 67.79217298 67.47817688 67.8078534 68.21419 68.22496474 68.14444678 68.07567695 67.96684538 68.02593639 68.06621164 68.2072518 68.22949552 68.2006797 68.0402672 67.60372733 67.01370524 65.41938561 63.68984145 61.63780179 59.80333001 57.99789394 56.40615238 55.24786541 54.35436371 54.09708036 54.141049 54.44010398 54.92442173 55.77238113 57.2351906 59.04248851 60.74400151 61.01676981 61.52212943 62.31950159 63.10739482 63.62693427 63.7635934 63.60270633 63.68187804 63.38809736 62.88049574 62.22127126 61.34510741 61.00158527 60.59449374 60.23137828 60.01905666 59.76390894 60.00619941
59.5419142 61.25327852 61.8743042 65.34061466 70.76198309 71.30814423 71.80924994 72.32407688 72.01443935 70.79694201 69.65156932 69.04118361 68.1854439 67.32629914 66.37624341 65.99087971 66.35000949 66.67557047 66.52864036 66.41991621 66.29291516 66.10784189 66.00122397 66.15707373 66.29092282 66.22944703 65.96980792 65.42233601 65.1715548 64.57251912 63.75343549 62.00481374 59.96099284 58.24979723 56.56498895 55.20456826 54.30334963 53.49598731 53.65732874 54.08403683 54.56419124 55.04790831 55.99597829 57.19482021 58.6631532 60.19490578 61.19671673 61.63768149 62.47851451 63.23316498 63.65484635 63.77253631 63.81793246 63.60896682 63.27463334 62.62411028 61.66791038 60.33911639 60.20952727 59.57865665 59.29359054 59.46114357 59.32564868 59.59243653
62.44356802 62.76739158 63.24548668 66.06187656 70.35787448 70.85663912 70.93097223 70.78962465 70.73091125 70.14280251 69.0578053 68.11485183 67.27170711 66.47307367 65.85962085 65.33678474 65.06853024 64.89518328 64.68945637 64.56421457 64.42836873 64.31384407 64.29454358 64.35345122 64.43858738 64.39047183 64.27317989 63.93637654 63.45858751 62.8328356 62.30829158 60.90504216 59.08083891 57.50053749 56.04393535 54.8127828 53.94997605 53.47282796 53.62799517 54.13736645 54.63474612 55.06984612 55.741807 56.77095566 58.00267359 59.36635024 60.53231473 61.83672514 62.90627154 63.43614843 63.72521351 63.70521388 63.57997592 63.48942848 63.25731917 62.77365766 62.14547213 61.35879297 60.77464113 60.16168589 59.75757207 59.65105071 59.50371737 59.59128538
64.17128479 63.73308232 64.16998746 66.91705774 70.20637946 70.44936126 69.94068937 68.95948322 69.44298736 69.04123967 68.42680802 67.2688669 66.36881078 65.62142098 65.34413083 64.71245102 63.87048226 63.22064204 62.9923653 62.82957037 62.66841146 62.60621878 62.67651725 62.59284141 62.69889602 62.73002172 62.75263348 62.78994697 62.08097572 61.45725122 61.00620056 60.13645922 58.48832226 57.03396552 55.82643778 54.72377172 53.94858649 53.38264415 53.69308959 54.23148506 54.69506543 54.97688423 55.31854922 56.42567424 57.43082221 58.69812658 60.00892626 61.80755068 62.70342002 63.52744921 63.68331011 63.48615826 63.3014397 63.30642833 63.28060505 63.03346053 62.7833102 62.72601844 61.70456901 61.13945178 60.16608702 58.82793899 58.18792176 57.09464319
64.70426339 64.77700108 65.93428896 67.87348373 69.27157794 68.97480946 68.85597814 68.62595044 68.87388283 68.1007089 67.24273448 66.1102896 65.11571428 64.52357217 64.10935945 63.41849763 62.67221975 62.0272604 61.62328174 61.39758079 61.15389349 60.98440856 60.86561109 60.89479976 60.9821419 61.05596949 61.20872852 61.14345419 60.71173585 60.17114923 59.83686839 59.51324554 58.13032484 56.8427028 55.71384343 54.76184473 54.11427145 53.8024289 53.91328676 54.31198211 54.70894824 55.06548082 55.60304629 56.3306524 57.24963919 58.27014508 59.20458271 60.24901494 61.22506582 62.13039756 62.81816701 63.07848921 62.48157726 61.85326436 61.17839639 60.55579299 60.10498452 59.56522265 59.2650907 58.01375038 56.78443325 55.76690394 54.68824145 54.23006364
64.52387316 66.34024172 66.90426359 68.18599638 69.16351282 68.50215567 68.63948576 68.39749372 68.76993758 67.13193661 65.88215221 64.80881064 63.53042493 63.39888262 62.95234268 62.25850829 61.5857632 60.8924502 60.49798846 60.18709215 59.89114299 59.64377648 59.33994457 59.50560619 59.54862224 59.61825917 59.81648292 59.76073347 59.38857702 58.93524268 58.70548905 58.74988104 57.87430098 56.75221832 55.72946864 54.8932882 54.44123474 54.09325604 54.16006893 54.40419871 54.71182697 55.06448097 55.68690943 56.22073922 56.96447882 57.72418979 58.20847386 58.77487431 59.5368923 60.2444245 60.3166407 59.85805893 59.24973931 58.71372544 57.98697203 57.38235866 56.98796478 56.31969284 56.27013748 55.26164119 54.36120829 53.87587857 52.48047088 52.79757526
65.17085445 66.16527941 67.10723377 67.63809975 68.92453737 69.68765013 69.60716854 69.85575551 68.66511647 66.63041427 65.19908711 63.98993431 62.51690551 62.09687087 61.87770724 61.41623609 60.76476687 60.05692152 59.58858196 59.17364182 58.83136624 58.66462143 58.52495362 58.50241824 58.53279888 58.53007324 58.5687196 58.47258522 58.14342066 57.77585882 57.65585937 57.79463665 57.78749437 56.83711514 55.99919626 55.30114372 54.85321442 54.58944676 54.50055305 54.54621966 54.70137428 54.92146894 55.23628201 55.83482401 56.42549808 56.9355481 57.24826921 57.51223966 57.97725581 57.94693558 57.60438607 57.29805499 56.75411611 56.4130636 55.83709743 55.38539799 55.10465923 54.61308079 54.54184987 53.79055308 53.57699176 54.11843487 54.08202795 53.17985372
65.46010501 65.89062294 66.35828851 67.06282132 67.91565731 68.97532078 69.77402401 70.12900056 69.30493574 66.98434405 65.29726874 63.99813336 61.88379026 61.3223839 61.28066768 60.97245722 60.27485817 59.44933612 58.94303326 58.50457427 58.13729443 57.98303111 57.77200075 57.64948284 57.60868025 57.54279142 57.48671951 57.36807663 57.09725128 56.77955654 56.73169738 56.9799383 57.18192469 56.89203676 56.26030364 55.67743675 55.30682223 55.0610251 54.91198084 54.8008887 54.83350337 54.92057659 55.01362368 55.58534623 56.03181079 56.3865197 56.51934801 56.48093211 56.34613764 55.99733175 55.72997197 55.6055299 55.11116238 55.01384711 54.57974685 54.27140477 54.17247355 53.55625094 53.37584461 53.21723758 53.6802224 55.24164834 55.16760197 53.23200528
67.27850468 65.69226488 64.45791653 65.4835025 67.55245458 67.93635947 68.61844237 69.28086465 69.51416746 68.35666492 66.39592539 63.98453239 61.49159978 60.99639125 61.37346487 61.04482417 60.11312568 59.15057931 58.71521879 58.38694011 57.95123447 57.53916347 57.06381975 56.91528906 56.73550429 56.56463859 56.5037179 56.31947096 56.17590158 56.02587806 56.04016989 56.23133197 56.41200108 56.54836497 56.42491124 56.0195397 55.77730631 55.58493212 55.4451948 55.33312457 55.31139911 55.36100188 55.45272165 55.67281259 55.82952232 55.75538767 55.4636781 55.06110649 54.97062502 54.82581526 54.69447773 54.6463224 54.43097982 54.33181609 53.74550314 53.27841832 52.94338435 52.65078918 53.0707146 53.72746518 54.29765181 55.79336732 56.23316817 54.69545705
60.72832671 65.24947703 63.10813026 64.59689805 67.14327743 66.98918027 67.52119995 68.48963117 68.93342126 68.19295476 66.58861998 63.84896524 61.25743724 60.87866784 60.89758005 60.53812401 60.13636774 59.10941262 58.7576159 58.53435631 58.05226485 57.46230303 56.76031589 56.52566838 56.25200286 56.0015573 55.860632 55.58605589 55.49301588 55.41663005 55.46857067 55.66102174 55.81960698 56.02628798 56.11990453 56.20744384 56.24436061 56.14488291 55.8334344 55.40202411 55.07509972 54.8565871 54.73317085 54.74685682 54.72965159 54.61186202 54.41334646 54.10190986 54.14268601 54.09082877 54.06917427 54.14967004 53.58326514 53.20503866 52.69256859 52.46600105 52.43298339 52.49004314 53.55525765 54.42928824 55.12529219 56.76077485 57.68887645 56.66046113
-9999 64.84831651 62.55748993 64.28668568 66.90425967 66.34443438 66.3618185 67.46423003 67.64988037 66.81251769 65.41548796 63.53225943 61.29159041 60.66558967 60.64513352 60.07685425 59.58395944 59.11907309 58.86557126 58.69575076 58.41256623 57.75375354 56.98731378 56.64118254 56.32717138 55.93723975 55.59735542 55.18295065 55.10345154 55.0228072 55.06643852 55.26793452 55.42371071 55.66443406 55.83770131 55.95048354 56.05291193 55.91654018 55.40977079 54.75201913 54.31207231 54.09413557 53.89039321 53.85813856 53.79337475 53.75004933 53.7556012 53.66929034 53.76271882 53.74331607 53.82035009 53.28894963 52.64764559 52.42282437 52.3349109 52.38687522 52.47108605 53.11436532 54.54080884 56.3016707 57.56333598 57.81826803 57.86737331 57.83816747
-9999 -9999 62.12446361 64.17213267 65.69467207 65.07085557 64.92456928 65.9714525 65.84801073 65.06552325 63.99592643 62.74291811 61.35210188 60.77148064 60.27845422 59.68762836 59.18826972 58.69527887 58.46985083 58.33847629 58.08234857 57.79568897 57.44677395 57.04336367 56.65766966 56.18839242 55.7043926 55.19445051 55.05138 54.95393163 54.96098179 55.10637089 55.22183173 55.45934307 55.65680492 55.75058494 55.81686504 55.62911091 55.07888244 54.36304479 53.87079665 53.58668459 53.29975894 53.19564518 53.1019309 53.19330378 53.46015369 53.63237373 53.85835464 53.87751751 53.57953843 52.87902269 52.18780034 51.96385238 52.00862743 52.16898449 52.43251637 53.3657478 55.18196813 57.84465097 59.3520752 58.98131351 58.43176168 57.78902267
-9999 -9999 -9999 64.20744633 64.25321463 63.44092171 63.39073859 64.04462973 63.96185124 63.18953392 62.54595415 62.19190121 61.58873856 60.85941913 60.03276324 59.3722902 58.91786749 58.42334541 58.23264678 58.04320858 57.77950788 57.57957293 57.22056584 56.96630737 56.6969439 56.42791212 56.07192252 55.53628189 55.29465846 55.19069285 55.10867306 55.12179664 55.16388967 55.37522969 55.56353921 55.61860677 55.58969999 55.28963561 54.8870259 54.30660608 53.78536161 53.39790007 52.99440359 52.78432435 52.63516547 52.81971498 53.40586271 53.95151542 54.14129182 54.28320174 53.58759351 52.70551828 52.08978256 51.81497356 51.59728933 51.82867188 52.21097207 53.08253515 55.54564966 58.5252173 58.78382338 58.2095563 57.54469635 57.26522802
-9999 -9999 -9999 64.02177929 64.06817612 62.99317475 62.44878959 62.71817879 62.96241669 61.98462679 61.56229029 61.84005919 61.79367272 61.15511435 60.15059663 59.42116294 58.94959669 58.51626361 58.30613884 58.05290214 57.75203657 57.52612958 57.16447676 56.86721274 56.50709862 56.21209146 56.0436261 55.85513365 55.67771051 55.51611385 55.35455898 55.25336847 55.19809209 55.34736475 55.50122803 55.53054702 55.48647801 55.20884375 54.89057748 54.39678801 53.89967721 53.46063083 53.01076091 52.78398549 52.63413616 52.80721149 53.35559104 53.88267964 54.10279151 53.84996498 53.18078642 52.68409481 52.16684832 51.91834593 51.73974519 51.95330866 52.36958334 53.34136555 55.64579038 58.1579628 57.94734331 57.55960568 57.01729625 56.72065144
-9999 -9999 -9999 64.70257841 62.99161997 62.30943363 62.04008426 61.45606359 61.77610959 60.81972696 60.60560027 61.55563346 62.43373553 61.50428139 60.40470397 59.6791656 59.21743395 58.91576682 58.51967303 58.25047172 57.95379412 57.71337148 57.32333302 56.973722 56.44952021 56.11140401 56.03664336 55.77406186 55.69345592 55.53662651 55.40678911 55.41027197 55.26473803 55.25977646 55.24185601 55.45180612 55.57005068 55.35222173 55.092154 54.65953219 54.19273782 53.73958264 53.26168151 53.08123199 52.97052089 53.09831718 53.39306095 53.26970683 53.28807122 52.64720105 52.18045488 51.94225489 51.74496905 51.99086554 52.09536459 52.50401455 52.82305477 53.27556476 55.96250133 57.52051692 57.34309417 57.07060853 56.58695875 56.10753125
-9999 -9999 -9999 -9999 63.48319381 61.88798998 60.51805088 59.63510085 59.52796064 60.1486497 60.10999351 60.94537115 61.63702705 61.5159575 60.90710525 60.27704864 59.57421323 58.96771302 58.69779879 58.61814974 58.39449621 58.15795712 57.75313007 57.42332019 56.96648661 56.59817114 56.39685277 56.09548203 55.91255725 55.67216772 55.4760789 55.40227419 55.15678343 54.86699097 54.55778859 54.64578258 55.1704728 55.57779533 55.5228264 55.20633369 54.76416613 54.24572701 53.77991883 53.57649774 53.51238737 53.44081841 53.37807797 53.06383128 52.58546834 52.15661338 51.85307488 51.72743674 51.76918687 52.23500006 52.84262039 53.60832608 54.310418 55.2250626 57.26439045 57.48596019 57.06400378 56.64062231 56.07047389 55.53108816
-9999 -9999 -9999 -9999 64.35698344 61.63841348 58.62830886 56.67248965 57.25247577 58.05296892 59.66664406 60.95497816 60.50868057 61.38085476 61.65872121 61.04600318 59.76408052 58.74678795 58.98308273 59.20250223 59.12079779 58.8971759 58.41229825 58.15803629 57.86318322 57.45346141 57.09033723 56.6561483 56.32785075 56.01494413 55.71599518 55.59222835 55.33851673 54.76057609 54.06944509 53.96756094 54.5041953 54.92198499 55.17248733 55.26009025 55.09305325 54.63318748 54.11553544 53.97469775 53.79304818 53.71810184 53.26203337 52.59124767 52.25337432 52.05058453 51.90695941 51.79178315 51.93533784 52.66907169 53.97976848 55.24940305 56.3019245 57.70774236 57.57190683 57.46959664 56.99485902 56.35012202 55.71804739 55.11554888
-9999 -9999 -9999 -9999 -9999 63.94851905 58.08793168 55.62089716 56.56925637 59.00806134 60.95991122 62.25362894 62.59298048 62.06104635 61.38545862 60.64339169 59.82288912 59.49291177 59.74936399 60.3057384 60.33581213 59.93517039 59.4577409 59.11525073 58.79203632 58.32741922 57.86042802 57.34957397 56.89073174 56.47717159 56.0867185 55.85475285 55.48829816 54.95945264 54.33973321 54.07678039 54.17261295 54.36476834 54.77486523 55.0710632 55.07009481 54.78138491 54.41143447 54.32535755 53.91236229 53.35166501 52.89081021 52.39837326 52.12928619 51.9173376 51.8521915 51.9078567 52.18822078 52.84649001 53.94786922 55.39629374 57.17596124 57.43556289 57.24558973 57.10851414 56.68087912 56.12927585 55.55311931 54.96012917
-9999 -9999 -9999 -9999 -9999 65.30653195 58.00591847 54.15477793 57.14035375 61.9178951 62.34101351 61.34376641 60.53580672 62.56737885 60.76284132 59.69333396 59.3862663 60.03052737 60.08943358 61.26898852 61.62884915 61.10560315 60.57432662 60.28657674 59.77982748 59.21673309 58.70202235 58.07815227 57.55858381 57.01319161 56.50901443 56.18936606 55.75647906 55.35663371 54.90284438 54.51776464 54.20342872 53.88985698 54.56215411 55.05825687 55.19584207 54.90316075 54.34649317 53.92436762 53.47920249 53.10605313 52.82318827 52.35794364 52.26444188 51.93007269 51.94886505 52.22976197 52.42928926 53.18103858 53.69648479 55.05910618 56.8323601 56.83839954 56.65681565 56.55602406 56.17935395 55.7555771 55.36699414 54.75849314
-9999 -9999 -9999 -9999 -9999 -9999 58.89760607 57.17855348 59.30268574 62.92120983 62.80240355 60.87027045 60.09091103 60.67351883 60.00918907 59.16704515 58.09500482 58.01788695 59.14474452 60.80959191 61.68025345 61.99511496 61.94225473 61.44732544 60.84581408 60.16438966 59.46493375 58.85760568 58.24352617 57.68939718 57.09171653 56.58334645 56.1616252 55.81255638 55.49110705 55.10066796 54.64657999 54.44084799 54.75941146 54.96191894 54.83092063 54.46018232 53.95472513 53.62803835 53.34301297 53.15943233 53.16602448 53.07987414 52.91665495 52.70253063 52.7543549 52.96457338 53.40760605 54.21017627 55.23148997 56.46336882 56.71772176 56.35832074 56.1230683 55.94711121 55.57749798 55.146377 54.71957959 54.30831974
-9999 -9999 -9999 -9999 -9999 -9999 60.56493297 58.11183432 61.15210699 62.66776665 62.64374679 61.37666674 59.89086968 59.7599509 57.83621643 56.75614182 57.2026507 55.32511132 57.92683911 60.14334017 61.15173524 62.02467536 63.17920987 62.05279219 61.59713329 61.02146388 60.16966563 59.6019746 58.7797444 58.31772874 57.69612705 57.05403565 56.54369161 56.20851322 55.94789738 55.39124672 54.89476319 54.51802795 54.54974988 54.63805191 54.47777004 54.13158777 53.67377432 53.50952632 53.35109705 53.32974497 53.61474543 53.97315597 53.72825453 53.66120238 53.82993908 54.05969066 54.45659273 55.55376702 57.08697401 57.05886936 56.3760738 55.8920634 55.69359636 55.4681605 55.06500697 54.61106565 53.98018296 53.62614525
-9999 -9999 -9999 -9999 -9999 -9999 -9999 63.03533934 61.78363452 60.51754724 60.3436798 61.20058242 60.80373343 60.26615939 59.40910175 58.5805731 57.61781544 57.55080603 58.49252625 59.81533072 60.62215661 60.87905071 60.83358275 61.72355209 62.29431788 61.91301684 60.75728224 59.5908466 59.07883845 58.81825567 58.23743338 57.5651885 56.93211772 56.60337557 56.17322186 55.61346973 55.08675159 54.65288257 54.46310947 54.35514542 54.18156436 54.02335381 53.82096186 53.68745197 53.60792909 53.67186616 53.8883951 54.14765106 54.29486643 54.5434842 54.87288403 55.21779721 55.92042683 56.42996787 56.64525406 56.11653253 55.7682826 55.55746813 55.38658464 55.25945951 54.81989514 54.17949158 53.53542446 52.9784829
-9999 -9999 -9999 -9999 -9999 -9999 -9999 62.41653732 63.74518045 60.0720552 59.50131527 61.09128673 62.23228819 60.83681472 57.02864156 55.87029702 57.03603522 53.07326046 57.18514737 56.67903867 58.69807421 60.91103952 59.58355854 61.72115698 62.90534663 62.59469651 61.24555628 59.62173243 59.47027899 59.33200362 58.79073892 58.14785494 57.41876816 56.77753945 56.38630639 55.89138197 55.3530094 54.78636081 54.4251912 54.1425598 53.97552244 54.00054286 54.0332032 54.04258478 54.01919809 54.10849756 54.26823871 54.34818598 54.5901205 55.06298425 55.45967259 55.86545195 56.85846313 56.12107538 55.48546613 55.05393173 55.08236001 55.0946369 55.02180563 54.99363418 54.54618898 53.76659933 53.01244773 52.34782277
-9999 -9999 -9999 -9999 -9999 -9999 -9999 51.37221103 66.23997756 64.410022 63.04112047 61.8886356 60.81680767 60.62972805 59.03639069 57.06231308 57.36723942 57.57959876 58.83070032 59.26420005 60.29786534 61.14742874 61.93372445 62.48344806 62.09775799 61.73475168 61.45293392 60.97252912 60.29729971 59.5665352 58.75856507 57.97008173 57.12289341 56.86784487 56.71118365 56.2852853 55.7735574 55.14263898 54.58267586 54.09107869 53.88586552 54.0448583 54.26480547 54.46551318 54.68695933 54.79545734 54.77986575 54.86928398 54.79172139 54.86578921 55.16194215 55.62851877 55.97111167 55.30651791 54.70858208 54.33867249 54.3864017 54.47561453 54.4703474 54.34989774 53.86792763 53.11301451 52.34491811 51.69343884
-9999 -9999 -9999 -9999 -9999 -9999 -9999 -9999 58.86251063 69.24846592 67.20371744 64.28977392 61.68253604 61.67908232 60.4128468 59.00756969 59.18955996 59.06831664 60.807367 61.45874132 62.08991169 61.10050726 60.93323871 62.96931709 61.45337357 60.929669 61.00357455 61.16053623 60.43598779 59.5694724 58.74501878 58.07426766 57.182802 57.13780709 57.12803335 56.73696314 56.20081457 55.56154457 54.93305077 54.31521054 54.05821823 54.25129865 54.48833241 54.72815345 55.15291463 55.23017769 55.0183203 55.03798975 54.70291728 54.51977157 54.71355894 55.09781821 55.2344528 54.73811362 54.10459624 53.71289126 53.86954511 53.88936294 53.76127223 53.50975894 53.00432224 52.3079267 51.61490156 51.09427
