meets/meet004/data/CCSM_6k_neotropic_bio04.asc
NCOLS 154 
NROWS 168 
XLLCORNER -112 
YLLCORNER -55.5 
CELLSIZE 0.5 
NODATA_value -9999 
[rows 87 to 115 of 168, columns 64 to 127 of 154]
-9999 -9999 -9999 -9999 -9999 -9999 -9999 -9999 -9999 104.5331262 90.2704139 95.027413 114.4491018 132.6116511 150.5751409 168.6012342 186.4638531 201.6112246 199.6115874 193.0067949 191.2684168 188.9005087 189.668795 197.0388884 207.8294845 216.1881032 223.985783 231.1341804 232.9524547 231.557748 229.6448385 224.1813296 226.4464435 230.5095235 237.5960985 241.4351089 241.2667409 237.2263934 238.0355233 236.8699881 235.1126173 233.7377679 229.8057168 222.774392 217.7527645 217.5299436 221.4235667 227.1680708 232.508486 237.7093783 241.0686899 241.7438586 241.6639726 238.816464 236.7806131 238.8837715 243.5966976 248.9071041 251.8040688 255.5641467 258.2504498 259.0575988 260.738236 262.2398044
-9999 -9999 -9999 -9999 -9999 -9999 -9999 -9999 -9999 -9999 -9999 86.01700369 82.72360299 94.81570378 110.8128005 133.7952181 162.6039662 190.5140753 198.1348464 197.6443645 198.6329981 198.0331727 195.7745829 201.5667877 209.8554327 214.3301114 219.536504 230.332902 230.1338057 238.2366407 238.4651922 235.8248375 242.3438284 239.1634048 240.7319658 242.8749624 237.6604687 237.592265 237.0311854 233.7740281 232.2572135 232.0922696 230.6929413 224.7806801 222.7770862 222.6991889 226.7740856 232.4149151 235.0905446 238.9184654 240.4836458 239.0520565 238.6927348 235.8768539 234.1486616 237.0819022 242.6110255 250.5757837 255.4674845 262.669618 267.5154886 268.6905494 271.2294862 271.9671835
-9999 -9999 -9999 -9999 -9999 -9999 -9999 -9999 -9999 -9999 -9999 -9999 -9999 80.50090022 84.07401309 101.9834974 133.3897162 165.9722773 186.0032606 205.8859077 216.9558272 210.9807879 209.65998 211.5112099 209.9649064 211.8944166 214.4508936 221.1172229 225.9102327 233.1800739 244.5420638 242.4806854 241.466387 241.4126613 244.4097054 238.6168882 238.6878045 238.236992 236.4212875 236.0667114 233.5720767 229.8985108 227.2866686 226.9498592 226.1920756 227.1847856 227.9009434 230.5087844 234.5392389 237.2043985 238.1216103 235.5276928 233.283621 234.8083403 234.9598904 238.0729845 242.3009132 246.0556494 256.3691911 266.7992878 272.954446 275.660478 277.5857131 278.5208071
-9999 -9999 -9999 -9999 -9999 -9999 -9999 -9999 -9999 -9999 -9999 -9999 -9999 -9999 -9999 83.34159524 100.8894109 129.0451248 156.8360937 192.5537622 214.8993518 220.3280909 221.8297252 221.9163888 218.7832171 217.4828715 216.8283854 217.6208324 219.7245192 228.5038278 234.9025481 237.0422259 238.7979471 239.1258019 238.3151756 238.0949119 238.1652967 238.9426117 237.8207863 237.0999081 235.1644723 232.1103559 230.0356992 230.3891821 230.5745192 230.3896877 230.1204163 230.4291187 233.2509001 236.1327833 237.3078962 235.1747802 234.2476332 238.7134029 242.629188 246.6843628 249.255515 251.2405297 260.4609701 270.1592685 276.2783141 278.7259219 280.9316357 281.7308866
-9999 -9999 -9999 -9999 -9999 -9999 -9999 -9999 -9999 -9999 -9999 -9999 -9999 -9999 -9999 -9999 -9999 74.84154191 114.0314868 160.7510312 194.6858711 215.6245235 234.4220832 237.3468404 233.1606353 230.5047699 223.5347859 218.8925433 221.8702123 232.4644275 237.9251327 242.4698388 246.9227932 244.8373804 237.6604798 235.7247391 239.1860013 240.5754941 240.5752592 237.2967935 236.6956507 236.9605359 235.7851094 235.5405433 234.9276912 233.9995498 232.99657 232.4192201 234.5660142 235.9803374 237.6361494 238.2315223 240.8208404 248.0418135 257.716798 263.2696993 263.6787084 266.0424149 269.638119 273.9499567 277.5659592 280.2695886 281.5420147 282.7112373
-9999 -9999 -9999 -9999 -9999 -9999 -9999 -9999 -9999 -9999 -9999 -9999 -9999 -9999 -9999 -9999 -9999 58.19446633 83.07028298 125.0347073 163.1122737 199.2921199 230.9055711 248.5911147 252.6210586 251.9508729 239.24409 230.3841393 231.1898226 240.9878602 245.372372 250.7599025 254.9027657 252.5238178 244.9524407 241.8834629 243.0303587 244.4997595 245.6969733 242.4413609 241.8497763 242.7684384 242.2530909 240.7432755 237.9349245 236.4518796 235.5023796 234.7766303 235.8235761 236.9420413 239.1816042 240.8079959 245.8107539 255.5057011 268.1123907 275.4723785 276.1711939 276.9497215 278.0645964 279.7660649 281.2780767 282.2091994 282.7163617 284.1510407
-9999 -9999 -9999 -9999 -9999 -9999 -9999 -9999 -9999 -9999 -9999 -9999 -9999 -9999 -9999 -9999 -9999 -9999 -9999 95.25726105 131.2666041 177.6908391 226.3477499 252.6366661 268.8201057 271.7986675 255.2792423 242.1590396 236.9829502 240.0468715 245.948186 257.0249607 270.0123919 265.3513823 255.9550051 252.201455 252.2730245 251.9825841 252.0912737 251.5155101 251.0308803 250.9127641 250.8091399 246.114598 241.1557601 238.9522845 237.5592876 237.1100351 238.9514889 239.1867837 241.084025 243.281797 247.3054353 258.9024538 273.3426678 281.3690032 282.0579592 283.3679393 283.6600638 285.4758192 285.5820875 283.7339106 283.7860148 285.2076842
-9999 -9999 -9999 -9999 -9999 -9999 -9999 -9999 -9999 -9999 -9999 -9999 -9999 -9999 -9999 -9999 -9999 -9999 -9999 86.08768183 118.4989658 159.7883961 205.12745 248.7189809 279.2460098 288.6160353 270.8299117 250.1221683 240.5374975 239.7577363 246.1595689 262.1668831 274.9029742 274.159661 266.4796552 263.2662855 261.3945438 261.8612637 261.3675179 260.6278889 258.8283478 257.3685003 254.7285142 247.6980956 242.9116114 240.6953375 240.3841456 240.80215 241.3906263 241.884357 243.8023626 245.5926758 249.92709 259.0047168 270.2604151 277.7465176 280.7449676 283.0587606 283.4764419 284.040991 283.9580947 282.9632072 283.0499352 285.5659742
-9999 -9999 -9999 -9999 -9999 -9999 -9999 -9999 -9999 -9999 -9999 -9999 -9999 -9999 -9999 -9999 -9999 -9999 -9999 -9999 113.5387825 147.0572807 186.0735751 242.4372246 289.9086755 304.8977964 282.291841 254.1767655 242.8602747 237.1943955 243.4332507 263.3623509 280.7482955 279.7395306 273.6610318 273.3855721 272.3347281 270.4138371 270.5866667 270.288085 267.0473764 262.3023496 256.6189892 250.6529773 245.1758926 242.7793323 244.2164451 245.9301751 247.3145358 247.1200257 248.1459071 249.924566 252.0056984 257.9702327 263.954111 270.3027432 276.2519755 280.0578823 281.237066 279.9773162 280.5287482 282.5997963 281.7622658 287.2625178
-9999 -9999 -9999 -9999 -9999 -9999 -9999 -9999 -9999 -9999 -9999 -9999 -9999 -9999 -9999 -9999 -9999 -9999 -9999 -9999 109.9515576 140.7242267 183.0308021 245.494613 303.6379055 321.8549778 295.6164935 261.1339956 242.6336316 235.5950127 242.3906561 263.8417355 281.7193983 284.8038257 280.7940764 281.7525118 283.2316501 281.7259623 278.2478448 275.794806 270.1735434 264.5947284 259.1022332 253.5971493 248.7284653 247.7366981 248.9534281 252.2167972 255.9912186 258.1321687 258.3526394 255.6275206 254.0590785 257.1557352 262.079272 266.9560736 271.8966021 275.7557353 279.1501393 281.7216591 284.4016295 286.7162906 289.3297546 293.799245
-9999 -9999 -9999 -9999 -9999 -9999 -9999 -9999 -9999 -9999 -9999 -9999 -9999 -9999 -9999 -9999 -9999 -9999 -9999 -9999 109.6619569 139.8673663 181.9963069 253.5913994 325.1582395 343.368927 303.82625 263.8747267 243.2783844 233.5827066 240.1720537 262.8568182 288.2577384 290.5708128 288.2123247 292.0490026 293.9848091 295.5978599 287.8981954 281.5858132 274.3971516 268.568894 263.7831147 258.6843198 254.1027014 253.0649906 255.0254319 259.4169391 265.2202082 271.4009738 270.6473653 262.0381264 255.5347457 258.3585889 263.0750496 266.2428088 269.7089405 272.376803 277.6118347 284.7288359 289.0141714 290.959777 298.4184751 299.6396209
-9999 -9999 -9999 -9999 -9999 -9999 -9999 -9999 -9999 -9999 -9999 -9999 -9999 -9999 -9999 -9999 -9999 -9999 -9999 -9999 111.2376994 149.0567208 202.1912523 267.7188177 326.8038667 340.6922621 305.0329091 264.4446765 240.9777153 233.0390996 241.7374231 267.8910839 292.0209553 298.4525848 296.880334 300.6179935 304.7805137 303.7293948 296.8930427 286.7485265 278.7971858 273.9438749 270.2938476 265.1585854 260.5198009 260.0657042 262.6878152 266.9017483 273.4528963 277.700196 276.6116492 269.7049703 262.764211 263.0826422 265.7483579 267.3451728 269.0805452 270.5201764 274.8690108 279.2456645 283.8154402 288.0954785 293.1858927 300.0539638
-9999 -9999 -9999 -9999 -9999 -9999 -9999 -9999 -9999 -9999 -9999 -9999 -9999 -9999 -9999 -9999 -9999 -9999 -9999 -9999 111.5768192 162.293725 222.6751305 281.8780011 330.2744551 338.0989989 299.9401764 259.6768546 241.4997147 231.1046885 242.3234463 274.2888472 304.463096 309.6204004 306.9499749 310.3079963 314.9094479 316.3302745 305.2519077 292.7977703 284.7384088 281.7315451 280.0729578 274.0177604 269.3172606 269.106887 271.7496367 275.5607356 280.8372645 285.3472737 284.6138803 278.6712223 270.9921414 272.4235778 272.7238541 271.8037795 271.0562557 269.6380817 271.9368775 274.2494594 279.1458696 285.245729 288.3190377 299.1436278
-9999 -9999 -9999 -9999 -9999 -9999 -9999 -9999 -9999 -9999 -9999 -9999 -9999 -9999 -9999 -9999 -9999 -9999 -9999 -9999 115.836201 174.7015045 241.3601832 298.399576 334.286332 335.8927956 298.7061856 261.5650698 241.4036846 236.7972604 251.7143548 286.2481886 316.8213972 323.8057055 319.5517477 321.8724339 324.3404552 322.4198638 314.8466408 304.6331743 296.7849095 292.4343845 289.5704489 283.8954344 280.6743998 280.458103 282.6817139 286.5622471 290.4126713 294.6861847 295.3530144 292.6911998 290.245909 288.0301386 286.0344925 282.1744797 277.1797366 273.8843151 274.7692006 277.8995557 282.6096193 289.900662 297.1233326 302.2336208
-9999 -9999 -9999 -9999 -9999 -9999 -9999 -9999 -9999 -9999 -9999 -9999 -9999 -9999 -9999 -9999 -9999 -9999 -9999 -9999 117.1730296 187.0696924 265.5067572 314.6912809 342.025913 339.7668766 299.7591298 264.1624513 245.130012 242.7963111 260.7029854 299.9274184 335.2381902 341.009594 333.0662731 333.0966375 333.9566876 331.4346546 323.9720221 316.5971449 308.8360795 303.0486877 299.1145362 293.0678435 290.5076688 290.0411932 289.9969802 295.1433827 297.5501452 303.3301779 305.7307365 305.2878239 307.6203887 301.7321456 299.1701516 294.3428757 286.7550032 281.6066988 283.4742768 286.6747132 291.3949666 298.5663711 305.9392329 305.8838365
-9999 -9999 -9999 -9999 -9999 -9999 -9999 -9999 -9999 -9999 -9999 -9999 -9999 -9999 -9999 -9999 -9999 -9999 -9999 86.09628163 125.397062 200.1898477 276.3429669 329.3692151 351.941654 345.868786 306.7928164 271.0970056 251.3463884 250.7696786 271.5088553 312.9648739 348.9356157 354.7288013 347.9654216 347.2514133 345.1013299 341.2108503 334.0337359 325.4231641 318.5176111 314.8025747 311.0981069 305.2913046 300.412809 297.7656894 296.1829591 297.5935825 302.5254799 309.7309601 312.8359089 313.0177765 313.1408653 309.9064512 307.7719543 303.2706259 298.0336072 297.5372006 295.403502 299.3010365 301.7051929 303.8459743 307.8780455 306.1087536
-9999 -9999 -9999 -9999 -9999 -9999 -9999 -9999 -9999 -9999 -9999 -9999 -9999 -9999 -9999 -9999 -9999 -9999 -9999 89.04619371 132.50307 214.2897943 296.3699322 346.6471399 364.8950841 356.41842 312.5817784 275.7598455 256.2791349 258.8671554 279.9019442 320.2630433 358.2475436 363.3749378 357.7598327 358.4354385 355.2430557 351.5912281 343.9089493 336.2581014 329.7859958 327.1361612 324.9838096 318.7470311 312.8359275 307.8713811 303.3844694 302.2128158 307.2329365 314.4485982 317.4339709 317.0771548 316.6322136 312.0370591 311.4537223 307.9107215 304.4290674 305.3499036 301.3582907 304.5292146 305.8528987 304.0010773 305.3672931 301.0706524
-9999 -9999 -9999 -9999 -9999 -9999 -9999 -9999 -9999 -9999 -9999 -9999 -9999 -9999 -9999 -9999 -9999 -9999 -9999 94.70349474 147.8284079 236.4348716 320.2168272 369.844501 382.844844 368.0307481 319.0637686 275.8515384 260.156637 267.867608 289.0469151 323.06723 351.0056099 362.7913232 363.1361536 364.3354776 362.8281231 358.9586358 352.5629712 346.8494755 342.6426996 340.0596544 338.5212068 333.2660118 327.5872295 321.466003 315.2476931 312.5429616 314.5627116 318.7708268 319.4607625 317.4146371 315.0332086 312.0868546 309.8830427 306.7849272 303.3344219 300.6383867 299.0980791 299.3998886 296.5270305 295.1024872 292.9906384 285.6228201
-9999 -9999 -9999 -9999 -9999 -9999 -9999 -9999 -9999 -9999 -9999 -9999 -9999 -9999 -9999 -9999 -9999 -9999 -9999 106.6173662 167.6069776 264.1002705 352.2828565 397.8878653 403.8648546 383.393398 325.8529608 277.7581124 264.6904854 276.7952188 298.0679285 328.6099511 354.4298859 367.8362686 367.6023721 369.5489659 367.8221124 364.0288109 358.9253165 355.8217178 352.5777718 351.1589253 350.7279713 346.7527146 342.0554807 336.4759854 329.0568519 323.8140753 321.7572401 321.6630445 319.5373464 316.2291598 313.3104156 311.2322315 309.7926172 306.7103855 303.8963082 299.4411878 297.0258643 294.685579 290.4193838 286.2243716 277.0233511 262.5471994
-9999 -9999 -9999 -9999 -9999 -9999 -9999 -9999 -9999 -9999 -9999 -9999 -9999 -9999 -9999 -9999 -9999 -9999 -9999 124.3753306 196.3745934 299.4298069 389.5337768 426.4716003 425.7763899 398.3427789 333.5230487 284.0646357 272.8827804 287.3303669 309.2491532 342.2183156 369.8601053 378.2986752 374.1175572 373.8960452 370.8694017 366.9396827 364.0532736 361.1807209 360.1530487 361.2685223 360.210244 359.3708159 356.1721647 350.4517473 343.7485036 335.7678217 328.4285957 322.7661826 317.370007 314.4995612 311.4187227 312.3805786 313.9103638 312.1020517 309.9307954 305.3305345 301.9518284 297.8950202 286.8666893 275.2867284 260.2330817 235.5405921
-9999 -9999 -9999 -9999 -9999 -9999 -9999 -9999 -9999 -9999 -9999 -9999 -9999 -9999 -9999 -9999 -9999 -9999 -9999 147.846338 225.9361666 330.0311446 416.8333279 446.8508226 438.3728726 408.5024951 344.4628919 296.9515525 286.6718023 303.8690912 325.4723634 358.2556616 383.777912 388.843021 381.748181 379.7204297 375.8361778 371.5091167 369.723696 368.7292317 369.2727426 372.3521674 373.1508265 373.3021574 370.3968326 364.3134063 356.4697727 346.7546613 336.1621219 326.1733555 319.8559812 317.3662494 315.9267431 317.964919 319.8170404 318.8108975 317.0832891 312.4767323 308.9575017 299.7048151 282.3377687 260.4239934 236.2004124 211.6388076
-9999 -9999 -9999 -9999 -9999 -9999 -9999 -9999 -9999 -9999 -9999 -9999 -9999 -9999 -9999 -9999 -9999 -9999 -9999 171.3208012 254.2915128 357.2504395 439.7338892 457.7083004 442.555305 410.2779508 349.2445107 308.3970843 304.9440516 323.5561109 346.9087821 376.9657763 396.8589119 401.7839081 391.0943089 386.4547853 383.0491462 377.6896356 378.6733803 378.6732685 380.94132 386.6618448 390.2050609 388.6340561 385.1925394 378.1092792 368.7227881 357.1581879 343.8363728 333.276959 325.3662792 323.5965901 323.9665287 324.1746148 325.9353874 324.990533 323.3552208 318.6416741 313.5892193 303.0574788 277.4467504 242.8906956 207.6586921 -9999
-9999 -9999 -9999 -9999 -9999 -9999 -9999 -9999 -9999 -9999 -9999 -9999 -9999 -9999 -9999 -9999 -9999 -9999 -9999 192.6639061 276.5289036 373.3398678 443.062526 455.0286551 429.8317326 398.0336585 348.1229514 318.3122741 322.9670943 350.2907595 375.9101111 401.9976939 416.3814097 415.8240234 403.7409683 398.5260949 395.6664116 393.2980521 394.5872962 396.21309 398.4908395 402.3178129 404.5780186 402.4349628 398.2958629 390.4933349 380.6384801 368.7419312 353.790289 340.9784054 332.3030966 330.1240889 330.8435441 331.0268994 331.8933255 330.4156614 328.8754546 324.0572588 319.0474195 306.0440875 276.7549856 236.351805 202.253104 -9999
-9999 -9999 -9999 -9999 -9999 -9999 -9999 -9999 -9999 -9999 -9999 -9999 -9999 -9999 -9999 -9999 -9999 -9999 145.4785002 217.1678779 299.3730256 394.0006001 452.6516141 447.2537387 410.7445914 380.3960234 341.8154337 320.4843376 345.4414751 383.7069649 411.8722174 432.7320506 442.0191 438.0749549 421.4332527 415.5991819 415.6705263 414.5335587 415.5872193 418.6050268 418.5869106 418.0775162 416.9586162 413.0311561 408.9989371 400.4792322 391.4425931 380.8636272 363.0335192 347.3699039 337.8515225 336.2180789 336.3189039 335.7214741 336.364192 334.5616139 333.3055151 329.3333515 322.1792927 311.3017063 280.6149984 238.0538765 203.8117269 -9999
-9999 -9999 -9999 -9999 -9999 -9999 -9999 -9999 -9999 -9999 -9999 -9999 -9999 -9999 -9999 -9999 -9999 -9999 179.8498325 266.5159315 347.8163094 423.2817473 458.2562615 440.3035465 392.3247036 363.6540518 342.5774743 341.7362148 372.4119263 416.7062513 447.3257745 464.8210757 469.7938319 463.7810169 449.7306524 443.4643073 441.9685734 441.6361479 438.4778219 435.7743113 432.6718612 429.7763545 426.9855605 421.2777426 414.5719285 405.7043439 397.665546 386.6804692 370.9896454 355.329115 345.0172284 341.9908268 340.9467322 340.3600496 339.6504553 337.0371433 334.9108625 329.6798694 325.0774764 313.589314 283.6820091 241.9877511 209.5699623 -9999
-9999 -9999 -9999 -9999 -9999 -9999 -9999 -9999 -9999 -9999 -9999 -9999 -9999 -9999 -9999 -9999 -9999 -9999 231.5661418 334.8170216 407.7962416 455.8878543 483.8697746 433.513888 372.6726284 352.0302521 352.7833338 363.6274033 407.7776774 454.9151249 483.7860328 496.2075884 501.5345252 491.7355352 479.5190298 472.6860924 470.6763518 471.7171763 460.0499629 449.192525 442.5138424 440.3083832 437.4015281 429.5335132 419.3693782 409.956008 403.9111123 392.6609665 379.9159368 364.586249 354.3505349 351.4863116 346.388185 346.0883018 343.9069181 339.7498433 336.718204 329.7379174 325.3908805 317.5014135 288.5310195 246.3309269 211.4633302 -9999
-9999 -9999 -9999 -9999 -9999 -9999 -9999 -9999 -9999 -9999 -9999 -9999 -9999 -9999 -9999 -9999 -9999 -9999 296.5428342 400.7547087 460.7143209 474.14263 454.9230341 413.3745576 368.2064032 360.2211441 382.2148756 417.6931795 456.7857158 491.0221718 514.4787636 522.6283056 521.5307192 513.4879358 503.9762642 496.7169065 492.4955087 487.7600148 475.6243416 463.3687658 454.972175 451.5132001 447.2744428 439.8490172 430.1595207 420.603857 413.7958547 404.892045 393.9444093 382.3802621 372.3737972 366.2792929 360.8386806 356.3273569 351.9582792 345.4910808 339.5315522 332.8996063 328.3425493 319.4688178 291.123292 250.5661738 220.0924684 -9999
-9999 -9999 -9999 -9999 -9999 -9999 -9999 -9999 -9999 -9999 -9999 -9999 -9999 -9999 -9999 -9999 -9999 250.6571425 355.1243843 464.3144644 507.7696057 474.3034815 433.585115 403.5760036 369.376935 377.4249931 427.0186079 477.0356446 503.7306915 527.2546974 543.3977386 542.4164584 539.7350746 532.3920086 523.0991577 514.2313295 509.1337317 502.4366372 489.790294 475.8246754 467.2685684 464.2667427 459.6308859 451.1110516 443.0577053 433.9442116 426.9912358 419.6344793 409.0397363 402.083152 392.2957477 383.0572765 376.7512391 367.5270783 361.2685486 353.2292534 345.8420015 335.1885618 325.2715419 318.3921623 289.9824779 250.3804163 -9999 -9999
-9999 -9999 -9999 -9999 -9999 -9999 -9999 -9999 -9999 -9999 -9999 -9999 -9999 -9999 -9999 -9999 -9999 285.8909931 390.6500524 483.7626979 515.8130012 478.4064238 430.4378572 410.5742043 408.136833 428.9834695 474.3518136 519.0951215 542.5442742 552.9596165 560.5243043 559.0529822 553.5753692 546.3509503 537.5473367 529.3701325 523.312316 515.9924352 504.4728838 492.297754 482.3160752 477.2313215 470.8043262 462.989685 455.2058548 446.0712783 438.1929384 430.7484699 422.314039 415.0218787 405.0860786 395.1319965 386.023074 376.6200473 369.2887248 358.1134681 348.4796785 335.7123482 316.1045689 294.4843982 267.8966548 -9999 -9999 -9999
