meets/meet004/data/CCSM_21k_neotropic_bio17.asc
NCOLS 154 
NROWS 168 
XLLCORNER -112 
YLLCORNER -55.5 
CELLSIZE 0.5 
NODATA_value -9999 
[rows 29 to 57 of 168, columns 64 to 127 of 154]
-9999 -9999 -9999 -9999 -9999 -9999 -9999 -9999 -9999 -9999 -9999 -9999 -9999 -9999 -9999 -9999 -9999 -9999 -9999 -9999 -9999 -9999 -9999 -9999 -9999 -9999 -9999 -9999 -9999 -9999 -9999 -9999 -9999 -9999 -9999 -9999 -9999 20.25567952 -9999 -9999 -9999 -9999 -9999 -9999 -9999 -9999 -9999 -9999 -9999 -9999 -9999 -9999 -9999 -9999 -9999 -9999 -9999 -9999 -9999 -9999 -9999 -9999 -9999 -9999
-9999 -9999 -9999 -9999 -9999 -9999 -9999 -9999 -9999 -9999 -9999 -9999 -9999 -9999 -9999 -9999 -9999 -9999 -9999 -9999 -9999 -9999 -9999 -9999 -9999 -9999 -9999 -9999 -9999 -9999 -9999 -9999 -9999 -9999 -9999 -9999 -9999 19.56107287 -9999 -9999 -9999 -9999 -9999 -9999 -9999 -9999 -9999 -9999 -9999 -9999 -9999 -9999 -9999 -9999 -9999 -9999 -9999 -9999 -9999 -9999 -9999 -9999 -9999 -9999
-9999 -9999 -9999 -9999 -9999 -9999 -9999 -9999 -9999 -9999 -9999 -9999 -9999 -9999 -9999 -9999 -9999 -9999 -9999 -9999 -9999 -9999 -9999 -9999 -9999 -9999 -9999 -9999 -9999 -9999 -9999 -9999 -9999 -9999 -9999 -9999 -9999 -9999 -9999 -9999 -9999 -9999 -9999 -9999 -9999 -9999 -9999 -9999 -9999 -9999 -9999 -9999 -9999 -9999 -9999 -9999 -9999 -9999 -9999 -9999 -9999 -9999 -9999 -9999
-9999 -9999 -9999 -9999 -9999 -9999 -9999 -9999 -9999 -9999 -9999 -9999 -9999 -9999 -9999 -9999 22.1286697 -9999 -9999 -9999 -9999 -9999 -9999 -9999 -9999 -9999 -9999 -9999 -9999 -9999 -9999 -9999 -9999 -9999 -9999 -9999 21.99655028 -9999 -9999 -9999 -9999 -9999 -9999 -9999 -9999 -9999 -9999 -9999 -9999 -9999 -9999 -9999 -9999 -9999 -9999 -9999 -9999 -9999 -9999 -9999 -9999 -9999 -9999 -9999
-9999 -9999 -9999 -9999 -9999 -9999 -9999 -9999 -9999 -9999 -9999 -9999 -9999 -9999 15.52410754 20.07520727 26.40973303 -9999 -9999 -9999 -9999 -9999 -9999 -9999 -9999 -9999 -9999 -9999 -9999 -9999 -9999 -9999 -9999 -9999 -9999 -9999 -9999 -9999 -9999 -9999 -9999 -9999 -9999 -9999 -9999 -9999 -9999 -9999 -9999 -9999 -9999 -9999 -9999 -9999 -9999 -9999 -9999 -9999 -9999 -9999 -9999 -9999 -9999 -9999
-9999 -9999 -9999 -9999 -9999 -9999 -9999 -9999 -9999 -9999 4.556361899 6.638560088 9.238662376 14.13806577 19.30670147 24.31833441 -9999 -9999 46.63490088 53.41223203 57.15769242 59.20860914 58.15296045 -9999 -9999 -9999 -9999 -9999 -9999 -9999 -9999 -9999 -9999 -9999 -9999 -9999 -9999 -9999 -9999 -9999 -9999 -9999 -9999 -9999 -9999 -9999 -9999 -9999 -9999 -9999 -9999 -9999 -9999 -9999 -9999 -9999 -9999 -9999 -9999 -9999 -9999 -9999 -9999 -9999
-9999 -9999 -9999 -9999 -9999 -9999 -9999 -9999 -9999 3.921614378 5.194759595 8.120019099 11.80481679 15.39071035 21.81124125 27.55339774 37.59364708 44.94425158 51.66013233 61.04007563 64.31314952 64.21830023 66.72637681 61.15382584 -9999 -9999 -9999 -9999 -9999 -9999 -9999 -9999 -9999 -9999 -9999 -9999 -9999 -9999 -9999 -9999 -9999 -9999 -9999 -9999 -9999 -9999 -9999 -9999 -9999 -9999 -9999 -9999 -9999 -9999 -9999 -9999 -9999 -9999 -9999 -9999 -9999 -9999 -9999 -9999
-9999 -9999 -9999 -9999 -9999 -9999 -9999 -9999 -9999 4.259048069 5.423372701 7.801917968 10.70588553 15.08346578 21.45833484 26.91747369 33.61344847 41.92100981 48.71900033 55.01268803 57.17622759 57.86792616 55.67961899 50.81366977 46.72582622 40.96582 33.52932818 28.05382922 27.51009432 23.17817102 24.23878826 30.28116221 32.9807264 40.93769778 45.66923345 -9999 -9999 -9999 -9999 -9999 -9999 -9999 -9999 -9999 -9999 -9999 -9999 -9999 -9999 -9999 -9999 -9999 -9999 -9999 -9999 -9999 -9999 -9999 -9999 -9999 -9999 -9999 -9999 -9999
-9999 -9999 -9999 -9999 -9999 -9999 -9999 -9999 -9999 4.861747632 5.435920169 7.215327559 9.093828592 13.45291784 18.90518197 24.27628497 31.00340587 37.14872237 40.63239938 46.31195197 46.07676944 43.87892542 41.75349999 38.04301824 33.78181676 32.01064937 30.61677349 28.27188009 27.72349394 25.65514312 27.09995782 32.95671048 36.20072247 44.71901297 50.58315933 54.13819259 58.4396985 -9999 -9999 -9999 -9999 -9999 -9999 -9999 -9999 -9999 -9999 -9999 -9999 -9999 -9999 -9999 -9999 -9999 -9999 -9999 -9999 -9999 -9999 -9999 -9999 -9999 -9999 -9999
80.19366607 68.25303616 60.11244012 40.17441674 -9999 -9999 -9999 -9999 7.097533193 6.099969328 6.132716755 7.05493609 8.725456851 12.92394222 18.22027818 23.58842294 30.16679831 35.26363121 39.77301698 41.15616153 39.49766967 35.6040266 30.64955844 27.50009567 24.50425952 23.58824948 23.7741742 23.20815707 24.55465809 26.34095452 28.09158814 30.87907716 36.73460437 44.5688178 52.13408851 56.33343831 62.32031884 63.90404228 -9999 -9999 -9999 -9999 -9999 -9999 -9999 -9999 -9999 -9999 -9999 -9999 -9999 -9999 -9999 -9999 -9999 -9999 -9999 -9999 -9999 -9999 -9999 -9999 -9999 -9999
87.37281756 -9999 -9999 57.2236397 39.76011119 30.68302452 19.90655164 13.91813471 11.57420159 8.971438858 8.094045623 8.601343376 9.981381888 14.59169455 20.79982778 27.24018464 35.15974485 38.0989014 39.41635074 39.68948999 34.40842733 28.31695271 23.5371473 20.16673738 18.08487145 18.04842012 18.07257241 20.04029705 22.39925304 24.33912699 27.7412724 31.22094432 37.04883343 39.66206496 50.86075784 55.66129148 64.01234423 69.54282011 -9999 -9999 -9999 -9999 -9999 -9999 -9999 -9999 -9999 -9999 -9999 -9999 -9999 -9999 -9999 -9999 -9999 -9999 -9999 -9999 -9999 -9999 -9999 -9999 -9999 -9999
-9999 -9999 -9999 63.02056076 52.03339111 44.64475777 34.19376396 22.52778348 18.22896394 14.20138964 12.22148139 11.7209996 12.85605006 18.59808529 26.27684326 34.7972865 41.60793052 45.56226907 43.2527931 37.62417078 31.72959885 24.89607431 20.64886968 17.76405737 15.84818528 15.62569539 17.25773732 19.28068584 21.74335858 26.02866374 29.98961531 34.35964507 37.96205749 42.1125379 48.91823405 56.80676728 64.45805682 72.5720608 78.6368589 84.99496184 80.61380423 -9999 -9999 -9999 -9999 -9999 -9999 -9999 -9999 -9999 -9999 -9999 -9999 -9999 -9999 -9999 -9999 -9999 -9999 -9999 -9999 -9999 -9999 -9999
-9999 -9999 -9999 74.72218219 67.70615321 62.02717841 53.33747891 38.31660897 30.75080507 23.16040205 19.24355134 18.84536677 20.1422468 27.21772227 37.2916004 45.41751952 51.08439988 52.34582605 44.25378862 35.47997495 27.09111096 20.58391437 17.02259293 14.99073151 14.72927562 15.47008864 16.39816928 19.73299326 23.94798111 29.23872317 35.40362639 41.10716144 45.13774757 49.07138002 55.21655058 59.5440236 64.06113626 74.95408613 82.13364896 92.12239377 93.19838201 89.93364105 -9999 -9999 -9999 -9999 -9999 -9999 -9999 -9999 -9999 -9999 -9999 -9999 -9999 -9999 -9999 -9999 -9999 -9999 -9999 -9999 -9999 -9999
-9999 -9999 -9999 -9999 88.51733816 85.77496241 70.59701304 59.55951584 49.79639974 36.91805045 30.24004501 28.76019643 31.37008659 39.501644 49.86830241 59.95038308 63.09451467 62.28064374 46.91537592 29.54367693 21.28749238 17.92678967 15.79470908 14.84898684 14.42946694 14.82282696 18.11697251 21.89758799 27.37915067 36.58691645 43.5544933 51.63685644 56.47204356 58.04553984 63.26668755 68.43801087 74.0039696 78.79284605 88.06748096 98.09963727 103.1237928 101.8271771 100.1882128 -9999 -9999 -9999 -9999 -9999 -9999 -9999 -9999 -9999 -9999 -9999 -9999 -9999 -9999 -9999 -9999 -9999 -9999 -9999 -9999 -9999
-9999 -9999 -9999 -9999 -9999 136.4119333 114.6739752 94.33624022 76.83820427 56.77058402 45.25798383 41.89866653 42.00513307 49.95806978 60.46735254 66.63580171 63.55737915 56.85372845 41.8405405 25.68314388 19.17484323 17.19051244 16.18394576 15.97748739 16.2739097 16.90240973 20.47054107 25.37623228 32.54994109 42.23973748 51.07039674 62.15077098 68.629145 71.53462478 75.02768155 77.84527181 82.65178493 90.26022967 96.11782801 104.9115248 108.4384292 111.3246732 109.1048702 107.6203078 -9999 -9999 -9999 -9999 -9999 -9999 -9999 -9999 -9999 -9999 -9999 -9999 -9999 -9999 -9999 -9999 -9999 -9999 -9999 -9999
-9999 -9999 -9999 -9999 -9999 194.6228316 171.1391139 138.2332819 109.5460825 80.23605484 62.12217701 52.8564413 50.01440378 57.24097241 64.78478152 69.2915045 58.83106946 48.55214072 36.96253393 24.58192467 20.24022599 19.47956599 20.28619894 20.07260171 20.60172602 20.75808528 25.67812836 29.81698953 36.53564117 47.06551512 56.53685764 69.88714873 82.30677147 82.85629644 85.13150508 88.13780408 94.31748829 100.5836401 108.2113335 117.1847011 125.5099837 125.1763921 123.5316579 118.6521742 118.2292862 -9999 -9999 -9999 -9999 -9999 -9999 -9999 -9999 -9999 -9999 -9999 -9999 -9999 -9999 -9999 -9999 -9999 -9999 -9999
-9999 -9999 -9999 -9999 -9999 310.7640404 261.2050645 195.7731433 147.3814582 105.9554779 81.62206925 66.36950245 59.93046606 61.65102456 64.1095326 62.96361272 52.29214654 41.33710962 32.71257256 25.64238342 25.13791078 26.31503005 27.65780583 29.70029493 29.78728907 29.22904429 33.51063536 37.04053697 43.57164566 52.2485979 61.16910875 74.68433416 85.6604903 93.77252593 98.01150493 97.5786784 104.0001765 110.566976 120.5906746 130.8892408 135.9581482 134.9659141 135.7746544 133.220945 130.9546423 126.9084619 126.8580198 129.0949254 129.4120258 131.7667159 131.3887837 131.9055151 -9999 -9999 -9999 -9999 -9999 -9999 -9999 -9999 -9999 -9999 -9999 -9999
-9999 -9999 -9999 -9999 -9999 449.086787 351.3512205 251.2956349 180.507889 126.6416725 96.85604831 76.91815126 67.36652206 64.33018549 58.73515787 55.71866374 47.54258748 37.27531218 35.51617274 33.17138659 34.96401697 40.22898541 42.10615753 45.38411802 43.62151794 41.99296727 43.0349237 44.51307492 48.40550231 55.14454235 62.36422192 73.87599555 83.71687679 87.2233208 90.76854665 93.38716872 98.77101683 109.0355872 127.2205795 142.0860117 149.689759 151.0898745 149.2972913 140.3748949 128.9472686 130.2632574 134.2728331 139.5537498 145.3976059 151.6251345 150.0681623 153.6511256 152.8051357 153.2949062 151.7627498 -9999 -9999 -9999 -9999 -9999 -9999 -9999 -9999 -9999
-9999 -9999 -9999 -9999 -9999 573.4186145 440.9794768 306.0785143 211.0732153 145.2091201 110.3723373 86.30358403 74.41208969 65.80554783 58.8776962 54.56215541 48.01204839 43.60755963 42.93761733 47.15199149 55.07539875 62.33071649 68.0999698 70.47847747 66.7691059 60.03513335 59.0884917 54.25082099 54.26919319 56.88650848 60.20530615 68.06659301 74.05496513 78.61927049 77.7412596 78.64724815 85.29721554 93.06781432 113.3387867 134.4110861 147.3515939 149.1027151 143.8689851 136.7832812 126.4184079 125.8061105 131.1767054 140.1056241 150.499136 166.2176911 167.1618286 166.9640789 175.190579 178.8000347 181.3763737 178.0006063 -9999 -9999 -9999 -9999 -9999 -9999 -9999 -9999
-9999 -9999 -9999 -9999 -9999 679.8968199 493.6046371 331.1167779 232.3923105 154.5719714 119.1742826 95.35245487 82.54319019 73.29823758 64.08408586 58.90424101 53.60842994 51.8878663 61.02418976 71.65417165 83.86493749 99.42904191 108.693909 107.0406542 95.62586922 84.8050473 73.5446236 62.63149829 56.37625833 54.58018256 55.06481398 57.79093556 63.04120606 61.63408706 62.72781988 62.33905697 65.99851136 71.92496075 87.70387412 107.3011332 119.8620433 126.4608094 128.4202853 125.4380799 121.7438277 126.9877069 134.8507231 143.652473 154.559166 170.4120718 184.7685709 187.5343877 193.6873914 192.3763972 205.3325966 203.0525719 202.0056125 198.3325795 -9999 -9999 -9999 -9999 -9999 -9999
-9999 -9999 -9999 -9999 -9999 700.1457214 522.3641536 355.8857293 242.003419 169.5054576 134.5207363 110.9769163 98.10440339 85.62596361 73.95779332 70.88510144 72.1707577 76.68828151 89.24901366 109.6484373 130.8311155 148.7653483 162.3202445 152.920524 137.3861834 113.6279812 89.15294453 68.67369278 55.87636953 48.39582705 43.93947698 42.85981839 43.5301535 44.11400474 45.29067232 45.1846452 46.69602336 51.26468006 62.90625526 76.10113753 88.83954808 99.46603234 105.8912705 111.9829209 116.7511624 123.5282198 133.2913465 142.7920456 155.5971805 168.3722626 179.6897594 194.8937021 207.0694737 212.1558441 221.7776003 226.4717354 235.5208866 233.9418068 -9999 -9999 -9999 -9999 -9999 -9999
-9999 -9999 -9999 -9999 -9999 707.1495752 517.9270266 353.2827386 253.2236716 184.6866813 147.8066373 128.9211167 118.3465415 106.6484545 91.79057458 92.77042399 99.7883332 109.2372012 134.881522 162.8333048 193.1982969 221.953674 237.8081967 216.3998855 186.5245058 146.9175636 107.9604212 73.06946991 57.86418661 44.85814126 36.74046392 33.33490671 29.60081836 31.21192199 33.066723 33.53127838 34.08168744 35.17582741 45.92169083 55.80683909 67.05417751 79.70142672 87.75460719 100.4643958 112.1139897 121.3593588 131.6936979 142.5999992 153.6321495 166.6847971 178.0324419 191.7136893 208.6796999 226.0966244 250.5044382 255.9335642 267.8796548 267.8740791 -9999 -9999 -9999 -9999 -9999 -9999
-9999 -9999 -9999 -9999 -9999 634.0142437 495.1710375 362.0275242 268.0442299 205.1384994 172.3698309 149.7151429 137.8527334 130.3288276 123.4799338 127.0535258 140.2611053 155.9297563 185.8535024 223.1148344 257.7889351 286.0498448 300.9433992 271.4400885 233.5912251 185.1868486 129.2820832 92.4855951 65.27910257 48.89705242 39.42116327 32.81275329 30.40653859 28.56988075 30.48803428 31.22265759 32.73947404 38.21655017 45.57982895 55.51461873 65.85124287 77.17779108 89.24837557 99.53463409 112.6303516 122.4377143 130.9116303 140.1267169 150.4207141 161.597971 172.8326241 186.5991689 202.5797341 223.449837 244.9441572 249.1733401 249.7782101 246.5026989 -9999 -9999 -9999 -9999 -9999 -9999
-9999 -9999 -9999 610.2679628 561.7166218 547.9787519 480.0270387 373.1096397 305.6851283 237.3495569 198.665095 173.7578094 165.9287511 166.1691168 161.915024 172.9464877 196.4766848 215.0518508 255.8552763 295.8311171 335.0966055 372.9267069 380.8216088 346.6691496 283.6495906 220.164538 155.9647949 107.8542004 76.31893957 56.65771152 44.88586441 36.42437219 33.27027166 30.67230963 32.41813094 33.83488861 37.42155968 43.62517106 50.84453839 63.49124118 73.82807521 82.95518202 94.85544919 105.6071908 117.222078 126.1241145 133.362765 140.9391154 148.5763956 158.585613 168.5720641 181.7988683 196.7790482 215.5831883 242.5328595 239.3189606 238.9930367 234.2409697 230.1077211 -9999 -9999 -9999 -9999 -9999
-9999 -9999 568.9077619 518.6348874 457.2272892 462.4902518 492.4847344 437.0865039 353.4282519 278.9534448 238.7174344 213.1921048 196.9917955 201.2034162 211.032883 226.1982522 250.3849791 279.6181947 321.9482519 367.3250278 405.8581105 434.6776349 436.4013186 388.738178 320.4095441 251.7056928 181.4386028 125.697027 91.06601563 66.72760737 54.6298098 46.92344687 41.92599147 40.64068927 40.25274981 42.07988375 47.82429101 55.83822194 65.23007612 77.10500527 87.2212528 97.92156387 108.9739595 118.3678248 128.1232037 135.5978461 140.4793127 146.5664199 152.3000909 161.0717706 170.9433626 181.9812035 198.7303031 218.1089969 234.0345671 235.8833012 230.7419359 223.8340121 222.9360885 222.7742962 -9999 -9999 -9999 -9999
-9999 -9999 455.8319661 395.9173796 360.1378788 411.2037222 472.174927 493.4809881 412.7146064 326.695106 282.5721799 256.2611476 243.3639096 259.0103626 266.2628436 286.9408461 323.9129225 351.672306 400.2545941 444.4583857 479.6220912 504.3482362 499.4380376 446.993493 361.0687387 284.6982574 209.5661805 145.112618 115.0913601 84.09921835 69.62802265 62.4097541 55.42158494 54.46620614 54.11183849 57.02739272 65.20929902 72.3180561 84.41504086 97.73204017 108.8677653 120.582143 128.9729219 137.789958 145.7583335 151.1361697 154.1201286 158.1295995 162.4517854 169.3847546 177.735207 188.7713807 204.1258334 222.0898993 242.1576321 236.1903391 231.9025796 221.3641899 212.8063915 211.1826909 -9999 -9999 -9999 -9999
540.7208822 458.5645565 362.6748988 338.0841126 318.145504 362.8591183 442.0013775 507.4673147 455.7896369 373.6530716 332.485681 321.6218281 311.023124 317.2752207 331.8467619 349.7005713 383.3444137 424.9931973 467.6497964 512.7090972 545.5107311 548.7674194 535.7387285 470.9859944 396.0332724 313.0779733 234.8575756 171.2084531 131.6726658 103.9503969 88.98366215 78.46658729 72.79720163 72.44056108 73.19568113 77.78761494 85.11413608 94.62069902 107.8159588 123.7871458 135.3494355 144.984186 155.1278978 161.7523956 170.4279748 173.4903906 171.0839565 173.489127 174.9500164 182.1169722 190.5430816 198.1629732 213.5003742 232.3532983 247.2740489 246.7772607 231.7488042 215.7386426 221.4814782 200.5760103 -9999 -9999 -9999 -9999
458.4770318 363.6490494 282.9277052 266.5614409 268.0867257 338.2308482 406.5038862 456.6169238 460.2138649 421.5901618 389.9510861 381.480567 386.7541861 395.6245911 395.767834 417.8570182 464.7948216 506.5751998 540.0950172 573.6855899 590.411148 591.686017 571.5593758 502.6256832 417.1279564 340.5696832 262.2399007 203.6423554 164.5062163 127.9477724 112.2845689 104.3731999 99.75064693 99.85303305 101.41776 107.3037213 119.9748691 130.1425881 144.8515009 160.5241258 173.8704734 187.6981789 196.6841247 201.0530935 203.0786629 202.0964198 199.4991055 198.9764882 197.8661836 199.6879707 205.7420942 216.8207066 231.980359 250.1189975 260.6960437 253.4956871 239.261815 221.2973396 222.0488316 206.3402432 187.3209012 -9999 -9999 -9999
381.8998409 308.5516159 241.6545046 220.3632199 232.1569238 304.7669073 369.1708046 413.2923539 412.5586631 412.8233643 399.569123 433.9989334 457.8983209 466.8621903 474.912906 495.37173 530.3176066 547.4149479 551.2624969 549.662014 556.7534868 565.6759927 572.6748365 515.7387198 436.4665352 363.1988023 288.0029109 233.5647417 193.3214461 158.7589454 142.4259812 133.3525475 128.0746634 132.1354952 139.389021 148.4297706 161.2445363 173.9208995 191.6743701 213.4107818 226.4121131 239.9491144 244.937071 247.0922419 248.5398375 241.1359843 230.9493543 223.9446567 221.702209 223.2983625 229.7182423 236.3757044 250.0027902 271.1812551 280.5333017 273.7232738 252.2714028 233.8215107 218.6680037 210.2154723 206.2638624 205.9586213 194.4646677 -9999
