meets/meet004/data/CCSM_6k_neotropic_bio05.asc
NCOLS 154 
NROWS 168 
XLLCORNER -112 
YLLCORNER -55.5 
CELLSIZE 0.5 
NODATA_value -9999 
[rows 87 to 115 of 168, columns 64 to 127 of 154]
-9999 -9999 -9999 -9999 -9999 -9999 -9999 -9999 -9999 22.38307109 22.2928132 22.95470034 22.76361709 19.70214965 16.45864561 13.91799702 12.10985249 10.80824638 9.77000354 9.298456972 10.34550012 12.45745834 15.61986402 20.23848221 25.06684403 29.2789823 32.37613967 34.73962716 35.71400095 36.21217036 36.60238979 36.40065749 36.31887408 36.31461379 36.36873514 36.37424284 36.34373489 36.3266996 36.25028163 36.22416151 36.25313184 36.30164638 36.50804993 36.77011844 37.10840491 37.18888018 37.0371108 36.78629529 36.41907677 36.01847108 35.75827136 35.69649599 35.63816831 35.56300977 35.46891025 35.23410751 34.94502107 34.54161525 34.07117069 33.80805685 33.45263982 33.06540301 32.58401739 32.24555675
-9999 -9999 -9999 -9999 -9999 -9999 -9999 -9999 -9999 -9999 -9999 22.45613594 23.71642328 21.33821653 18.93106802 16.44309357 14.08492441 12.14152972 10.75106328 9.778927415 10.18057082 11.19737383 13.11551225 16.70733269 20.67730672 24.99700499 28.89507527 32.4243199 34.31484414 35.51620351 36.22229349 36.14556696 35.95638377 36.0122595 36.07970311 36.11919498 36.20299462 36.28915822 36.29108834 36.37960768 36.5260136 36.72604431 37.08046943 37.35629646 37.73755551 37.78562019 37.54427751 37.24133168 36.70987505 36.14356588 35.80378582 35.68545879 35.61624292 35.50725546 35.41277619 35.15966079 34.84311354 34.39525774 33.84363024 33.40862908 33.00341251 32.64558387 32.13942005 31.82873793
-9999 -9999 -9999 -9999 -9999 -9999 -9999 -9999 -9999 -9999 -9999 -9999 -9999 20.73959407 20.24574515 18.73485527 16.47050913 13.92910278 12.33228503 10.97804068 10.45637126 11.09103694 11.98021338 14.02604834 16.64421135 20.25026833 24.29629573 28.41301692 31.3279116 33.92090844 35.56664673 35.4858436 35.68758382 35.76967002 35.71674825 35.86870547 35.95363568 36.10713974 36.17292221 36.28654567 36.54871305 36.82907663 37.22706973 37.55721956 37.84018686 37.91752581 37.81284095 37.53672147 37.00887232 36.40647041 35.93050337 35.71046627 35.50900003 35.26420874 35.16681315 34.90178066 34.62658215 34.28347355 33.74503743 33.3631667 32.99641505 32.52575876 32.04094888 31.70107816
-9999 -9999 -9999 -9999 -9999 -9999 -9999 -9999 -9999 -9999 -9999 -9999 -9999 -9999 -9999 19.87290744 18.83549983 17.14556872 15.43624277 13.333828 12.14919131 11.84054213 11.68294391 12.47809767 13.47258072 15.80517906 19.16632208 23.031286 26.55110359 30.07290435 32.63891946 33.77060503 34.61255648 35.1026534 35.28174903 35.51188013 35.68669682 35.81518492 35.92090255 36.08937761 36.37772319 36.73924324 37.16789678 37.51546201 37.82302657 37.96285729 37.9426999 37.77122735 37.38223011 36.8153298 36.24736169 35.73204104 35.26468725 34.88246607 34.69842132 34.44697307 34.25008011 34.0278036 33.63988059 33.22625069 32.9634852 32.58804569 32.13326256 31.76805637
-9999 -9999 -9999 -9999 -9999 -9999 -9999 -9999 -9999 -9999 -9999 -9999 -9999 -9999 -9999 -9999 -9999 21.92223064 19.3986642 16.81587708 14.97531648 13.64425252 12.5616931 12.10852856 11.52282255 12.40747594 14.53983656 16.53703834 20.88562527 24.5442489 28.03363429 30.91847203 33.05656851 34.23684445 34.68508067 35.2204035 35.36492949 35.44026759 35.60870171 35.77987131 36.13739626 36.55816818 36.99589806 37.42910088 37.76346251 37.96131026 38.02151147 37.94344896 37.70440333 37.402992 36.7176528 35.72835695 34.821793 34.3729716 34.0734142 33.81542905 33.77700258 33.62289547 33.43101484 33.13784196 32.87920094 32.68449425 32.34951076 31.88056832
-9999 -9999 -9999 -9999 -9999 -9999 -9999 -9999 -9999 -9999 -9999 -9999 -9999 -9999 -9999 -9999 -9999 22.39882211 21.39122567 19.80385849 18.12725015 16.51285699 14.7850617 13.33761373 11.877363 11.86372567 12.97279255 14.29644443 17.16698482 20.35827512 24.06386837 27.94048964 30.97280928 33.12058326 34.10830099 34.94045607 35.14212346 35.11173825 35.27298365 35.47041498 35.86975219 36.38554568 36.89071288 37.34465333 37.67316354 37.88951671 37.96239588 37.93564306 37.80075863 37.5177437 36.78715466 35.6895197 34.64675796 34.02599273 33.6431663 33.36743018 33.36344678 33.32298163 33.30357666 33.15844761 32.8321032 32.70228786 32.38514409 31.90032591
-9999 -9999 -9999 -9999 -9999 -9999 -9999 -9999 -9999 -9999 -9999 -9999 -9999 -9999 -9999 -9999 -9999 -9999 -9999 22.05443639 21.16504416 19.66306366 17.8842603 15.46590628 13.88855036 13.06405967 13.26596814 14.39522078 15.92843729 17.55997941 21.0512245 25.28863787 29.18206777 31.91499197 33.60487088 34.8295661 34.92792106 34.83546045 35.04578363 35.19961194 35.64067676 36.28743996 36.88216743 37.27620357 37.55851087 37.74673938 37.80410287 37.7791318 37.61011107 37.33730674 36.63551359 35.59874026 34.57699551 33.94329999 33.43764879 33.15089761 33.20740219 33.14473765 33.26930797 33.27296973 33.00334628 32.74242654 32.3454486 31.74942221
-9999 -9999 -9999 -9999 -9999 -9999 -9999 -9999 -9999 -9999 -9999 -9999 -9999 -9999 -9999 -9999 -9999 -9999 -9999 23.35424957 23.28299753 21.89776928 19.84079829 17.10435653 14.90658465 13.90044466 14.1419853 15.12249616 15.88708084 16.99968196 19.76470288 23.67654725 27.46006517 30.75671421 32.99991084 34.54141433 34.86943319 34.78424985 34.99720358 35.21481167 35.66540266 36.27544627 36.81160205 37.1819823 37.39246222 37.52127633 37.53497995 37.44138658 37.26037317 36.95034406 36.33903899 35.52066388 34.71252964 34.13908111 33.71640878 33.43706567 33.40788691 33.39380355 33.4784204 33.47445065 33.18072878 32.79825668 32.31327671 31.55366007
-9999 -9999 -9999 -9999 -9999 -9999 -9999 -9999 -9999 -9999 -9999 -9999 -9999 -9999 -9999 -9999 -9999 -9999 -9999 -9999 24.98684016 23.47828989 21.28636265 18.00912688 15.05123396 13.80105316 14.58789171 15.89783904 16.31025737 17.00197529 19.22130988 22.63837846 26.18548901 29.7787454 32.538905 34.40195473 34.76818172 34.84286012 35.10974965 35.36432179 35.77965141 36.30054864 36.79085104 37.05216778 37.1932382 37.23981418 37.18193635 37.05168041 36.78567269 36.48513808 36.01210059 35.43126296 34.87514641 34.43943755 34.17784899 33.9412482 33.83057497 33.79072006 33.74101629 33.71188958 33.355232 32.84021563 32.35025236 31.28345388
-9999 -9999 -9999 -9999 -9999 -9999 -9999 -9999 -9999 -9999 -9999 -9999 -9999 -9999 -9999 -9999 -9999 -9999 -9999 -9999 25.51341315 24.38259067 21.92896963 18.30656735 15.02466185 13.6840168 14.54336032 16.09003617 16.6013406 17.2437752 19.56116328 22.40432571 25.63533057 29.13937338 32.07584558 34.10639632 34.79308385 34.95898271 35.28138538 35.52678012 35.88803581 36.27796089 36.6413519 36.85364031 36.9527733 36.92274412 36.75304652 36.51710313 36.23206921 35.94802668 35.59833479 35.25780326 34.98125448 34.72129953 34.56846703 34.37903541 34.23131077 34.11465078 33.94290321 33.74043606 33.27564662 32.71019507 31.96807345 31.02703276
-9999 -9999 -9999 -9999 -9999 -9999 -9999 -9999 -9999 -9999 -9999 -9999 -9999 -9999 -9999 -9999 -9999 -9999 -9999 -9999 25.89076442 24.70089772 22.70091593 18.39789972 14.68377506 13.14265528 14.39386628 16.23526825 16.72140419 17.75069615 19.97581358 22.36868592 25.29417014 28.89599229 31.90616241 34.02954763 34.75637835 35.14725905 35.39603949 35.62565134 35.89582742 36.13858402 36.46702629 36.54221674 36.63265016 36.52495606 36.23689442 35.94588492 35.61805841 35.34635718 35.13461811 35.04156913 34.99452881 34.81323538 34.78805186 34.65881234 34.48537102 34.36053109 34.01878011 33.6702259 33.1173511 32.51272277 31.69146502 30.91478658
-9999 -9999 -9999 -9999 -9999 -9999 -9999 -9999 -9999 -9999 -9999 -9999 -9999 -9999 -9999 -9999 -9999 -9999 -9999 -9999 25.49259901 24.14465474 21.52752475 17.99897218 14.70869208 13.32983191 14.11573409 15.60264886 16.62594292 18.19451294 20.51512761 22.81124645 25.56600961 28.89057763 31.91647527 34.00376846 34.75049022 35.01364705 35.35801474 35.58089677 35.76760468 35.83563912 35.92358497 36.02305359 36.07953117 35.93972038 35.62832421 35.2774879 34.99695579 34.80624441 34.67143134 34.6520001 34.69729543 34.68930744 34.7192803 34.63396333 34.49762459 34.30128019 33.91787033 33.48700659 32.9091516 32.3269804 31.67572378 30.92547761
-9999 -9999 -9999 -9999 -9999 -9999 -9999 -9999 -9999 -9999 -9999 -9999 -9999 -9999 -9999 -9999 -9999 -9999 -9999 -9999 25.22322027 23.18713157 20.63942129 17.43905991 14.6101578 13.45501895 14.13560741 15.14636615 16.72671269 18.59188276 20.97577578 23.15715183 25.76414242 29.08505557 32.12287535 34.11811439 34.61285498 34.87751408 35.14049401 35.37416173 35.49717694 35.40909161 35.33723429 35.46562015 35.51532992 35.34361938 35.00139296 34.59812261 34.39531566 34.25036287 34.17315529 34.23893811 34.31560923 34.38067105 34.4792326 34.4436848 34.33072697 34.16434636 33.7060862 33.21708975 32.66061104 32.13686536 31.61904352 30.84274673
-9999 -9999 -9999 -9999 -9999 -9999 -9999 -9999 -9999 -9999 -9999 -9999 -9999 -9999 -9999 -9999 -9999 -9999 -9999 -9999 24.80209296 22.35521439 19.29578503 17.05057999 15.06516098 14.20779123 14.54778434 15.51389747 17.00529268 18.98022351 21.42340325 23.63737891 26.20303663 29.30948084 32.12781048 33.95791412 34.42130784 34.47845738 34.69121379 34.83440489 34.92859315 34.92423985 34.92265456 34.99688301 35.0112914 34.82693606 34.46822969 34.07449345 33.87192734 33.76104152 33.69730267 33.73451023 33.82233405 33.93548548 34.06894474 34.03230826 33.90015781 33.68795032 33.20092014 32.75874991 32.17042389 31.58389313 31.09766075 30.46113411
-9999 -9999 -9999 -9999 -9999 -9999 -9999 -9999 -9999 -9999 -9999 -9999 -9999 -9999 -9999 -9999 -9999 -9999 -9999 -9999 24.7503093 21.70169029 18.64440789 17.02765999 15.69705993 14.96016918 15.21261248 15.91312075 17.48114834 19.46290553 21.87729782 24.00466047 26.55212133 29.84262768 32.39642537 34.00042587 34.03597635 34.02253972 34.16607974 34.24930678 34.35201506 34.41200236 34.47963154 34.59132687 34.62845855 34.45749934 34.10980113 33.63728988 33.47480354 33.32632392 33.25076722 33.29102881 33.32623987 33.47457989 33.60096157 33.53130242 33.35339171 33.03454638 32.37687196 31.86854207 31.20977534 30.58167696 30.21447544 29.64710545
-9999 -9999 -9999 -9999 -9999 -9999 -9999 -9999 -9999 -9999 -9999 -9999 -9999 -9999 -9999 -9999 -9999 -9999 -9999 24.60796509 24.19138054 21.46259305 19.10840993 17.46316401 16.37333386 15.63219178 15.82974901 16.63673913 17.9422762 19.98333158 22.40079754 24.58248782 27.14343753 30.17928661 32.45470211 33.87994307 33.95763852 33.5830359 33.571828 33.69720278 33.80319289 33.85676807 33.95780409 34.12872323 34.28622539 34.18756283 33.87328594 33.53720038 33.18533819 32.94208151 32.79669983 32.80938602 32.91879527 32.95132747 33.02734894 32.82021558 32.4576394 31.97524323 31.10740979 30.24736025 29.495976 28.94002997 28.55653791 28.33167966
-9999 -9999 -9999 -9999 -9999 -9999 -9999 -9999 -9999 -9999 -9999 -9999 -9999 -9999 -9999 -9999 -9999 -9999 -9999 24.42372007 24.00530223 21.49059863 19.31162911 17.77545989 16.93128506 16.01411643 16.24414107 17.13451973 18.51742374 20.59682689 22.97105032 24.99518819 27.74987739 30.4994095 32.49980086 33.78035493 33.76512922 33.42935355 33.27828905 33.1215776 33.22693783 33.28348697 33.38072375 33.59501988 33.84389833 33.82178216 33.60058266 33.31855316 32.89311374 32.52916537 32.31835461 32.29160663 32.35337378 32.27537844 32.2309587 31.87984789 31.32930017 30.67127659 29.61267903 28.54594942 27.72507538 27.27566295 26.89856291 26.87535741
-9999 -9999 -9999 -9999 -9999 -9999 -9999 -9999 -9999 -9999 -9999 -9999 -9999 -9999 -9999 -9999 -9999 -9999 -9999 24.15130826 23.72705164 21.30523151 19.15326078 17.75349922 16.94784002 16.16359232 16.40021583 17.52128078 18.96602569 21.34380179 23.69358808 25.539968 28.09068313 30.58028576 32.43495136 33.50931856 33.56712616 33.24871391 33.11555231 32.93646136 32.72085032 32.63384186 32.73378314 32.92446147 33.15595082 33.20323497 33.09958123 32.90611669 32.47618179 32.08890365 31.75268066 31.56393917 31.47843796 31.24639329 31.06951177 30.51131141 29.76708606 28.93943101 27.91351317 26.96977379 26.24713494 25.79231284 25.54736239 25.60218006
-9999 -9999 -9999 -9999 -9999 -9999 -9999 -9999 -9999 -9999 -9999 -9999 -9999 -9999 -9999 -9999 -9999 -9999 -9999 23.71510196 23.33593128 21.05916861 19.00921662 17.31909759 16.67901471 16.01113953 16.27370928 17.69067861 19.48465797 21.99735492 24.34338848 26.16611615 28.50228147 30.719517 32.28119784 33.30473495 33.3486518 33.12523928 33.00384472 32.82967268 32.59786455 32.37178508 32.1325495 32.20867015 32.40625888 32.46603976 32.46722782 32.34842266 31.97138193 31.55972595 31.12299819 30.76345683 30.37723249 29.88170281 29.44431758 28.75982364 27.98634384 27.14574292 26.24537363 25.37100902 24.96781346 25.17213621 25.37421261 25.70885299
-9999 -9999 -9999 -9999 -9999 -9999 -9999 -9999 -9999 -9999 -9999 -9999 -9999 -9999 -9999 -9999 -9999 -9999 -9999 23.13931615 22.61534352 20.70268913 18.64655231 17.00656094 16.10913156 15.65701373 16.0344373 17.75768201 19.94409866 22.55774336 24.92777152 26.97828792 28.87213236 30.74969757 32.14772835 33.0004201 33.07855236 32.93643642 32.87914082 32.75297406 32.53309174 32.22726075 31.92531961 31.75730677 31.6579961 31.6802258 31.69679886 31.61732292 31.39600221 31.05993115 30.51503041 29.87714242 29.09034483 28.38696955 27.53861921 26.73054858 26.19237482 25.36180662 24.69102663 24.39884704 24.5222806 25.15351985 25.80936904 25.9929589
-9999 -9999 -9999 -9999 -9999 -9999 -9999 -9999 -9999 -9999 -9999 -9999 -9999 -9999 -9999 -9999 -9999 -9999 -9999 22.50872315 21.91946218 20.43981079 18.41453682 16.82020066 15.77448346 15.44557329 15.82781724 17.73854755 20.20151436 22.91470487 25.64847631 27.72884156 29.29299536 30.89247365 31.98562651 32.75233898 32.91842987 32.84177926 32.80201882 32.62851678 32.38903255 32.09772606 31.78240883 31.58913053 31.44089328 31.15131844 30.88287054 30.81910161 30.69713291 30.39327855 29.81430033 29.07309908 28.09867372 27.24205049 26.23149674 25.47143022 25.145755 24.71414004 24.30824133 23.99423394 24.18918184 24.98595564 25.74577393 25.94877338
-9999 -9999 -9999 -9999 -9999 -9999 -9999 -9999 -9999 -9999 -9999 -9999 -9999 -9999 -9999 -9999 -9999 -9999 -9999 21.91375784 21.73703049 20.28598462 18.38401152 16.95606992 15.73117003 15.51501422 15.8898716 17.70584399 20.53015621 23.27811627 26.58919385 28.45513144 29.78630177 31.07956593 31.96848857 32.56223279 32.73771121 32.73341429 32.66254293 32.520583 32.27514209 31.93244212 31.61300867 31.4072123 31.25227644 30.9921695 30.71907178 30.36579426 29.99906372 29.68603765 29.1203054 28.35609978 27.43877853 26.67450418 26.03635964 25.43184659 25.0576297 24.6975156 24.19425804 23.79576008 23.9534861 24.69289846 25.35001907 -9999
-9999 -9999 -9999 -9999 -9999 -9999 -9999 -9999 -9999 -9999 -9999 -9999 -9999 -9999 -9999 -9999 -9999 -9999 -9999 21.30774107 21.40176869 20.41959417 18.89461103 17.55126447 16.44181586 16.26038194 16.54631071 18.31911883 21.03689706 24.13299313 27.52888869 29.31845238 30.40475682 31.46948263 32.12213125 32.59914487 32.74647518 32.69488856 32.61015668 32.40786089 32.14747472 31.84952747 31.55728487 31.36264811 31.18654769 30.92795315 30.6642573 30.32136881 29.97592046 29.55754709 28.92707417 28.22086969 27.44345096 26.70709916 26.05755068 25.44772256 25.04853071 24.65612235 24.14176345 23.74449515 23.82612235 24.51003724 25.1426771 -9999
-9999 -9999 -9999 -9999 -9999 -9999 -9999 -9999 -9999 -9999 -9999 -9999 -9999 -9999 -9999 -9999 -9999 -9999 19.92530411 20.96944237 21.23576243 20.78921768 19.75878561 18.56343734 17.6523045 17.5335401 17.69812249 19.14766121 21.9589697 25.37180222 28.53681728 30.08396234 31.152578 31.88553036 32.39592311 32.7079268 32.74148469 32.71143346 32.503425 32.27133383 32.00173322 31.7333699 31.50971485 31.29132672 31.15208821 30.90810453 30.59791225 30.29586696 29.93305171 29.5412016 28.93907083 28.22901796 27.44860085 26.71760884 26.05442792 25.43909146 25.04762327 24.61111882 24.10170733 23.71032066 23.74721628 24.46989541 25.1505031 -9999
-9999 -9999 -9999 -9999 -9999 -9999 -9999 -9999 -9999 -9999 -9999 -9999 -9999 -9999 -9999 -9999 -9999 -9999 20.10976817 20.87777812 21.27826616 21.41090737 20.91475807 19.63827748 18.84200294 18.81027523 19.29410841 20.86615786 23.23396306 26.38435105 29.23734822 30.74567133 31.58030621 32.23592016 32.57790372 32.79139071 32.82508796 32.69772091 32.49930104 32.22188848 31.93380029 31.6535764 31.40594083 31.21876834 31.04904979 30.80468399 30.52219402 30.19666445 29.87703766 29.50608362 28.92958733 28.26052918 27.51301342 26.80324775 26.14238458 25.51096694 25.06450019 24.60825488 24.12701148 23.77215534 23.81508924 24.44227742 25.04616136 -9999
-9999 -9999 -9999 -9999 -9999 -9999 -9999 -9999 -9999 -9999 -9999 -9999 -9999 -9999 -9999 -9999 -9999 -9999 20.66404539 20.95148563 21.304497 21.86351836 22.34809691 20.6141484 19.95694168 20.09573885 21.03642559 22.64694603 24.78005238 27.65978511 30.01976211 31.25956212 32.02325688 32.43811132 32.67940604 32.77785453 32.75702117 32.68155913 32.41938242 32.13808453 31.84311369 31.54677524 31.23691163 31.07886662 30.90223145 30.65512203 30.37263319 30.0608849 29.76221969 29.4448883 28.91682799 28.27282018 27.60063116 26.91332474 26.28154204 25.69191889 25.24059128 24.69521711 24.32864618 23.95093044 23.94009887 24.57039266 25.06810058 -9999
-9999 -9999 -9999 -9999 -9999 -9999 -9999 -9999 -9999 -9999 -9999 -9999 -9999 -9999 -9999 -9999 -9999 -9999 21.49010232 20.69871154 20.69611255 21.5148159 21.95494821 21.59077688 21.34011147 21.76840819 22.69832771 24.15839309 26.29649957 29.07131872 30.99196786 31.8612541 32.29522355 32.59755316 32.65446774 32.67461344 32.64631849 32.53811951 32.35577827 32.12892902 31.8406467 31.5289468 31.22905966 30.98904022 30.79066513 30.5326715 30.2374825 29.9267297 29.62385855 29.30657407 28.81256599 28.22174927 27.60375262 27.01819863 26.49606799 25.99355694 25.63509841 25.28672949 24.8942848 24.59467412 24.49814536 24.8502565 25.19666549 -9999
-9999 -9999 -9999 -9999 -9999 -9999 -9999 -9999 -9999 -9999 -9999 -9999 -9999 -9999 -9999 -9999 -9999 24.108654 22.44996027 20.41202572 19.99408666 21.08193224 22.36539617 22.60176575 22.66611066 23.61520969 24.28213579 25.74046443 28.10483406 30.46799734 32.02888101 32.40579011 32.63736296 32.68597677 32.59336475 32.50228495 32.4538675 32.35645449 32.20564419 32.06271769 31.8127442 31.47800012 31.18826182 30.87695718 30.66647832 30.37331504 30.02674577 29.77842946 29.42587325 29.11852864 28.65861138 28.12806008 27.57882646 27.10943587 26.73323049 26.38240546 26.19812086 25.97102819 25.53123427 25.29239889 25.06789889 25.14455159 -9999 -9999
-9999 -9999 -9999 -9999 -9999 -9999 -9999 -9999 -9999 -9999 -9999 -9999 -9999 -9999 -9999 -9999 -9999 23.53361337 22.82546928 21.26627944 20.81841431 21.16509001 22.51555972 23.43985409 24.1413062 25.16012603 25.80560424 27.46468721 29.38341761 31.20419825 32.2899927 32.5645532 32.71799514 32.64742635 32.52452845 32.40390965 32.27167353 32.16726215 32.08446106 31.93865781 31.66490156 31.32727103 30.96275591 30.66357779 30.4223136 30.11573056 29.76918659 29.4228482 29.09836951 28.79437269 28.41315168 28.00054455 27.6070101 27.21627338 26.96829524 26.71285153 26.60890255 26.49569315 26.03350939 25.60351118 25.34133288 -9999 -9999 -9999
