meets/meet004/data/CCSM_0k_neotropic_bio13.asc
NCOLS 154 
NROWS 168 
XLLCORNER -112 
YLLCORNER -55.5 
CELLSIZE 0.5 
NODATA_value -9999 
[rows 29 to 57 of 168, columns 64 to 127 of 154]
-9999 -9999 -9999 -9999 -9999 -9999 -9999 -9999 -9999 -9999 -9999 -9999 -9999 -9999 -9999 -9999 -9999 -9999 -9999 -9999 -9999 -9999 -9999 -9999 -9999 -9999 -9999 -9999 -9999 -9999 -9999 -9999 -9999 -9999 -9999 -9999 -9999 117.4153004 -9999 -9999 -9999 -9999 -9999 -9999 -9999 -9999 -9999 -9999 -9999 -9999 -9999 -9999 -9999 -9999 -9999 -9999 -9999 -9999 -9999 -9999 -9999 -9999 -9999 -9999
-9999 -9999 -9999 -9999 -9999 -9999 -9999 -9999 -9999 -9999 -9999 -9999 -9999 -9999 -9999 -9999 -9999 -9999 -9999 -9999 -9999 -9999 -9999 -9999 -9999 -9999 -9999 -9999 -9999 -9999 -9999 -9999 -9999 -9999 -9999 -9999 -9999 125.6820627 -9999 -9999 -9999 -9999 -9999 -9999 -9999 -9999 -9999 -9999 -9999 -9999 -9999 -9999 -9999 -9999 -9999 -9999 -9999 -9999 -9999 -9999 -9999 -9999 -9999 -9999
-9999 -9999 -9999 -9999 -9999 -9999 -9999 -9999 -9999 -9999 -9999 -9999 -9999 -9999 -9999 -9999 -9999 -9999 -9999 -9999 -9999 -9999 -9999 -9999 -9999 -9999 -9999 -9999 -9999 -9999 -9999 -9999 -9999 -9999 -9999 -9999 -9999 -9999 -9999 -9999 -9999 -9999 -9999 -9999 -9999 -9999 -9999 -9999 -9999 -9999 -9999 -9999 -9999 -9999 -9999 -9999 -9999 -9999 -9999 -9999 -9999 -9999 -9999 -9999
-9999 -9999 -9999 -9999 -9999 -9999 -9999 -9999 -9999 -9999 -9999 -9999 -9999 -9999 -9999 -9999 49.84045307 -9999 -9999 -9999 -9999 -9999 -9999 -9999 -9999 -9999 -9999 -9999 -9999 -9999 -9999 -9999 -9999 -9999 -9999 -9999 133.8311443 -9999 -9999 -9999 -9999 -9999 -9999 -9999 -9999 -9999 -9999 -9999 -9999 -9999 -9999 -9999 -9999 -9999 -9999 -9999 -9999 -9999 -9999 -9999 -9999 -9999 -9999 -9999
-9999 -9999 -9999 -9999 -9999 -9999 -9999 -9999 -9999 -9999 -9999 -9999 -9999 -9999 66.53964301 68.24526997 68.59161237 -9999 -9999 -9999 -9999 -9999 -9999 -9999 -9999 -9999 -9999 -9999 -9999 -9999 -9999 -9999 -9999 -9999 -9999 -9999 -9999 -9999 -9999 -9999 -9999 -9999 -9999 -9999 -9999 -9999 -9999 -9999 -9999 -9999 -9999 -9999 -9999 -9999 -9999 -9999 -9999 -9999 -9999 -9999 -9999 -9999 -9999 -9999
-9999 -9999 -9999 -9999 -9999 -9999 -9999 -9999 -9999 -9999 102.6132279 97.06566501 92.77405402 88.58545734 91.28620763 92.12195608 -9999 -9999 87.52053714 87.11661464 86.22126837 83.57179959 83.6207436 -9999 -9999 -9999 -9999 -9999 -9999 -9999 -9999 -9999 -9999 -9999 -9999 -9999 -9999 -9999 -9999 -9999 -9999 -9999 -9999 -9999 -9999 -9999 -9999 -9999 -9999 -9999 -9999 -9999 -9999 -9999 -9999 -9999 -9999 -9999 -9999 -9999 -9999 -9999 -9999 -9999
-9999 -9999 -9999 -9999 -9999 -9999 -9999 -9999 -9999 140.6708787 132.4224065 125.0765499 120.7490832 122.6249841 122.5150006 123.0444858 123.2545925 119.7645271 119.5926315 115.9133044 112.6141446 109.5936084 106.2256899 99.43218664 -9999 -9999 -9999 -9999 -9999 -9999 -9999 -9999 -9999 -9999 -9999 -9999 -9999 -9999 -9999 -9999 -9999 -9999 -9999 -9999 -9999 -9999 -9999 -9999 -9999 -9999 -9999 -9999 -9999 -9999 -9999 -9999 -9999 -9999 -9999 -9999 -9999 -9999 -9999 -9999
-9999 -9999 -9999 -9999 -9999 -9999 -9999 -9999 -9999 173.644077 163.6427851 153.2316782 149.8714339 149.9973677 151.211828 151.8439005 150.0209072 150.2144055 147.4647251 143.1227468 139.425507 133.7120271 126.1275539 116.8303378 110.3013194 105.4470975 100.0540861 96.03393152 93.68940719 91.25980413 91.43624238 95.35056786 99.3703442 106.3070271 113.9380083 -9999 -9999 -9999 -9999 -9999 -9999 -9999 -9999 -9999 -9999 -9999 -9999 -9999 -9999 -9999 -9999 -9999 -9999 -9999 -9999 -9999 -9999 -9999 -9999 -9999 -9999 -9999 -9999 -9999
-9999 -9999 -9999 -9999 -9999 -9999 -9999 -9999 -9999 222.2964062 203.910576 192.703896 179.9615813 184.3641683 182.3804343 184.6153016 186.9415278 188.4508487 191.0270272 184.7471949 179.4915768 171.6292539 157.3239504 145.5259993 131.8190873 121.1586468 114.8329875 106.2961622 103.5614514 99.70079106 97.41008125 100.4055677 101.7694166 107.0268195 113.5206688 118.0957127 122.6500831 -9999 -9999 -9999 -9999 -9999 -9999 -9999 -9999 -9999 -9999 -9999 -9999 -9999 -9999 -9999 -9999 -9999 -9999 -9999 -9999 -9999 -9999 -9999 -9999 -9999 -9999 -9999
343.2252036 347.0573132 353.3280962 352.5108016 -9999 -9999 -9999 -9999 292.32822 269.8794985 247.8591708 224.1490483 213.1997784 206.9266103 208.8462072 211.2328932 213.060421 221.1417941 224.1043175 225.2681836 219.6107702 202.3021697 185.173402 164.0037476 147.7735677 136.9113683 125.0354374 116.1317936 109.612057 105.525325 103.3910557 102.9450563 105.8642169 112.0560749 118.992952 124.2697326 128.1487932 132.0584689 -9999 -9999 -9999 -9999 -9999 -9999 -9999 -9999 -9999 -9999 -9999 -9999 -9999 -9999 -9999 -9999 -9999 -9999 -9999 -9999 -9999 -9999 -9999 -9999 -9999 -9999
405.1502693 -9999 -9999 433.7755697 433.7930172 436.8368433 425.6229581 401.875602 383.7026173 350.3096004 310.5362707 278.4613054 243.8160721 240.633576 236.3294995 253.8390152 266.2465272 276.5167573 284.9150834 286.3618323 273.3014194 253.7688005 230.6108699 209.6704542 183.3863209 161.8954899 147.4198095 131.1427596 126.1790985 118.1591499 112.8505005 116.1564932 117.7983169 124.9223733 131.3598313 136.2767407 142.6252614 145.5923592 -9999 -9999 -9999 -9999 -9999 -9999 -9999 -9999 -9999 -9999 -9999 -9999 -9999 -9999 -9999 -9999 -9999 -9999 -9999 -9999 -9999 -9999 -9999 -9999 -9999 -9999
-9999 -9999 -9999 508.6422255 526.6263547 534.1279912 525.1977408 510.0685978 482.4684187 437.3143292 391.6073088 340.2368671 296.6358961 272.4324956 275.1018519 290.4337824 311.6248099 326.0339075 337.3248234 351.7518804 340.1902134 301.8049373 278.0603918 252.5967859 225.276932 204.4133421 172.3970342 155.0976123 143.655604 131.0652429 129.6178075 129.1476668 130.8251941 135.9184251 142.8168196 147.9464 152.2822424 155.9465004 158.1601363 161.5353457 160.9589177 -9999 -9999 -9999 -9999 -9999 -9999 -9999 -9999 -9999 -9999 -9999 -9999 -9999 -9999 -9999 -9999 -9999 -9999 -9999 -9999 -9999 -9999 -9999
-9999 -9999 -9999 596.4070172 618.6990085 639.4835179 646.3348747 628.1085329 589.2569239 533.7870391 466.2429322 403.3155917 343.2966282 313.1899232 303.4372457 338.2954421 374.2024172 402.1548261 416.6702045 416.277853 410.2610814 389.4598403 359.981672 326.4274257 288.7549071 249.2147835 222.9453467 193.2344587 171.3277501 155.587112 147.588264 149.2841007 149.2730486 153.1985975 156.3539157 161.0287521 167.419265 171.3020997 173.7635148 173.9170899 173.4879074 172.9702618 -9999 -9999 -9999 -9999 -9999 -9999 -9999 -9999 -9999 -9999 -9999 -9999 -9999 -9999 -9999 -9999 -9999 -9999 -9999 -9999 -9999 -9999
-9999 -9999 -9999 -9999 712.5437737 740.3278552 748.217542 742.9308575 685.1238006 609.4296802 533.666435 449.9139259 380.1566171 347.7728899 341.1023228 378.2297311 434.916295 479.0047749 483.6297982 488.3523491 477.8807816 463.1155398 442.5906718 401.3062276 356.6220862 318.235811 266.3764833 231.550247 206.1699108 180.3919447 174.1343831 168.0047422 168.375224 168.9282299 172.6916296 176.9828325 180.7525682 182.8714228 184.3721962 186.776304 186.1686716 182.8059281 183.0471464 -9999 -9999 -9999 -9999 -9999 -9999 -9999 -9999 -9999 -9999 -9999 -9999 -9999 -9999 -9999 -9999 -9999 -9999 -9999 -9999 -9999
-9999 -9999 -9999 -9999 -9999 807.5681127 814.4155931 790.0047578 718.7687225 630.7672173 543.8441214 458.2728751 388.8392922 364.7807977 373.2964787 431.9602238 499.1753631 553.7428022 566.3871237 562.8236878 553.0033215 548.4274983 524.2971064 486.505683 433.9428993 383.248433 330.0346336 273.9136384 240.6014534 209.8042842 198.1407117 191.9977768 185.6073439 188.1013892 188.3629491 190.3070221 193.4741398 196.0430003 198.8531746 200.5014604 202.0457984 200.8303572 197.0858043 191.4946706 -9999 -9999 -9999 -9999 -9999 -9999 -9999 -9999 -9999 -9999 -9999 -9999 -9999 -9999 -9999 -9999 -9999 -9999 -9999 -9999
-9999 -9999 -9999 -9999 -9999 840.3876694 835.4546904 811.1745547 719.9289433 610.9243469 511.4291642 426.8027192 366.0225787 356.7739561 416.4047799 475.5072105 548.1011507 601.4554234 621.8405121 630.4132918 629.2870691 624.0574888 614.4465912 568.4326769 506.5489626 450.6753171 375.4316299 316.2138424 277.1926562 230.1769039 216.2552378 205.7180307 200.199538 200.0806415 200.7873299 202.9444433 203.8762922 206.7497 209.1236939 214.7188316 217.1976963 214.064099 216.2225811 206.896535 202.5228826 -9999 -9999 -9999 -9999 -9999 -9999 -9999 -9999 -9999 -9999 -9999 -9999 -9999 -9999 -9999 -9999 -9999 -9999 -9999
-9999 -9999 -9999 -9999 -9999 860.0393257 845.8011169 798.0396162 699.3293368 579.6764328 474.3068491 388.2178853 339.1331706 377.650999 444.5061551 506.2129728 575.6207362 616.1879216 655.4051087 669.0292723 679.0021947 684.5133889 670.0044798 637.0117748 569.8970908 506.0558767 431.9439658 352.5723 305.4308293 252.9910276 235.7151448 225.1499971 215.3615966 215.1867246 214.57318 214.2029957 215.8611619 217.6493818 222.2609888 227.4737363 234.2286854 240.0178391 242.3208084 239.4006539 232.0702056 224.9624183 219.2499855 212.9855383 210.9122692 207.950746 207.165253 206.7393014 -9999 -9999 -9999 -9999 -9999 -9999 -9999 -9999 -9999 -9999 -9999 -9999
-9999 -9999 -9999 -9999 -9999 849.833005 822.819466 767.7430548 655.0903761 526.2873505 423.5330803 348.3610522 325.6134503 382.9655801 445.617278 506.2420249 564.2549271 604.6538955 632.2468297 664.2651845 675.6399275 687.500114 700.5018181 656.5549799 597.0202608 532.2979896 443.0297543 368.4292786 313.4473683 263.5108251 246.1841944 232.5803928 226.2168366 224.1689589 226.2842449 225.0516207 222.8322435 224.2760302 230.8852701 236.4334897 248.690231 259.4238355 268.0925816 262.4400517 256.683922 248.5331733 240.1031075 235.9776973 231.8880475 230.1926776 229.5355781 227.8810556 229.8236404 226.2835661 225.7062364 -9999 -9999 -9999 -9999 -9999 -9999 -9999 -9999 -9999
-9999 -9999 -9999 -9999 -9999 801.9461617 773.5323944 707.6559331 597.994035 477.5502318 382.3806562 319.5122548 345.8026335 405.0119854 467.1894684 505.0261786 541.7141806 560.7622858 594.1036833 617.109569 641.1944228 661.0738636 661.8004904 636.7477655 591.6263547 538.5653916 466.8264633 390.8894171 340.2605205 283.2158335 263.3644057 248.5732848 240.1467868 238.9233541 238.2855236 236.7238024 237.2686026 235.456688 239.9988198 251.3483091 265.5847951 277.376808 287.2644579 286.3611007 281.1228407 273.6010737 267.5413161 259.1713411 255.9824973 251.8054261 250.8998762 252.3441842 251.5574071 252.5072244 251.4931551 250.5617073 -9999 -9999 -9999 -9999 -9999 -9999 -9999 -9999
-9999 -9999 -9999 -9999 -9999 746.9312903 710.0953897 651.0912424 541.9722964 428.4059826 342.9782715 308.73749 357.0082351 410.0673608 467.4051002 503.5399708 535.2925614 550.8701936 573.1433277 587.8750135 607.3712102 637.0790608 654.75287 638.3441249 600.1162037 549.6328446 481.4257825 414.8477826 368.1192226 311.1463518 290.9323226 280.2371355 266.7897345 262.0193714 254.5807758 251.1824623 250.181593 245.3499495 256.3367236 268.5091853 282.248743 294.639861 307.9811101 306.7288573 300.7447532 293.4102244 284.3941588 275.8393002 272.3983892 264.7892857 263.1980089 265.2055892 264.3939585 268.2307876 268.9263196 269.1767917 270.7860344 267.3437226 -9999 -9999 -9999 -9999 -9999 -9999
-9999 -9999 -9999 -9999 -9999 674.6379986 634.4682044 568.7293648 476.7190767 380.9078208 311.985556 314.7772698 366.1253149 407.8410414 452.6729801 474.5667546 498.39125 514.450562 533.5000747 549.661001 568.7389521 592.9928714 602.3288084 594.3011371 571.2954064 533.7193957 479.2235099 423.1836223 381.4360221 338.4601481 322.5161017 310.3960291 299.6730245 295.6954879 291.9014941 287.4658404 280.1677202 280.2162528 284.3831378 292.275654 303.623195 315.0289722 323.3768165 321.2451744 319.5841804 310.93823 300.0982074 289.472951 282.9064719 275.125735 272.6579073 273.5829837 273.2996055 278.6478384 281.8478625 286.1771265 289.3711872 288.4785084 -9999 -9999 -9999 -9999 -9999 -9999
-9999 -9999 -9999 -9999 -9999 603.955516 548.1112887 489.7213614 411.7161076 331.0088814 281.4604216 310.3157651 362.3920841 388.8792932 423.8184309 436.6925208 453.3154919 468.5273 473.0520861 495.0983211 508.6509187 525.4373166 541.6486361 537.236167 521.1613997 497.1932778 458.4156494 425.4508781 382.0115762 352.5816788 345.4215473 337.5179165 331.3289011 330.7092917 328.7029914 325.8803485 319.2773014 313.9136575 317.0076985 320.7036878 325.7318606 336.2255395 340.3260953 339.7672204 332.2977512 321.5982862 307.252738 297.8135547 288.0002653 279.1589108 275.3135846 275.0135721 275.9063856 281.1674191 287.6031385 295.0335704 300.6213274 304.2373374 -9999 -9999 -9999 -9999 -9999 -9999
-9999 -9999 -9999 -9999 -9999 531.429445 484.0009098 427.4985969 368.8963781 308.7511276 278.6599548 311.3573745 351.4238877 374.1105138 391.8581776 401.7201902 415.6877787 426.6982431 433.1859185 448.2120867 458.7050327 469.4128937 480.9998282 486.6888918 481.6833721 467.8421116 444.2735357 415.1953095 386.3691413 363.8995736 359.7283634 359.8170008 358.2676784 361.1574801 359.6073545 357.6480826 355.3056867 352.9055713 353.5741514 353.1131132 356.1483562 357.8435161 355.5988413 349.2925464 339.7653923 328.7012245 313.8306871 299.4564149 289.2141895 278.4088504 274.3708292 274.2225854 274.302055 281.6043689 288.207269 296.1195091 305.0738803 310.5305529 -9999 -9999 -9999 -9999 -9999 -9999
-9999 -9999 -9999 474.1990574 481.955593 458.525746 411.0861756 372.8571822 331.3691871 286.2711766 281.4659304 307.9507128 335.9068711 342.6452882 364.0390482 369.0496236 375.8936634 389.0560144 397.4352619 412.2250574 419.4514064 430.69697 442.5614301 439.6767985 440.2319172 432.3120757 409.8349431 396.3611114 382.1682997 363.1947384 368.5806902 377.7202686 381.4414558 388.1814864 385.372918 384.4635529 388.4392471 383.5181507 384.7112931 380.5875981 377.9354138 374.3011748 369.1092537 356.5480104 342.1533346 328.921264 313.3197945 297.3638278 287.252597 274.8222063 270.7186908 270.7412562 271.2414312 278.6659399 286.5141517 295.7495431 306.5552474 313.7023529 318.1552739 -9999 -9999 -9999 -9999 -9999
-9999 -9999 428.846717 429.8821373 414.1873728 387.74188 359.7716501 327.0554809 297.6816002 272.345493 280.5486518 297.2930129 312.9012436 329.6722023 339.1135333 348.2585292 358.8050763 368.6496625 378.5355142 387.3794926 393.7009646 399.1562636 406.1175993 405.9551294 403.5803193 396.3012776 384.6630959 374.2696442 364.4117997 363.2970309 370.6239358 382.3940218 391.0967672 397.7377515 399.5388803 399.4619353 403.3563209 398.7176363 397.1332485 391.5124477 387.7765616 380.7190189 368.9198671 358.3549755 339.4010954 326.0921165 309.9249613 293.3798719 282.1329929 271.5964725 267.7226363 267.3145848 269.185855 275.997556 284.7929129 293.2999571 303.2308824 311.9510878 316.9589929 320.2872797 -9999 -9999 -9999 -9999
-9999 -9999 394.2928799 372.7609343 353.8136934 326.6079371 299.796735 287.148404 268.2256686 259.564038 274.143672 296.2777997 308.3253697 315.7424401 326.9648463 332.5226197 339.6926864 349.0804558 351.4804971 360.2060745 366.6871088 377.2755379 386.3639139 383.688304 380.4951977 371.1700771 355.8790076 355.0138378 352.2141054 354.4168046 365.0047269 379.8532767 389.9028112 397.8935608 400.6685551 401.076059 403.4337617 399.8281227 399.7445917 389.496806 383.9587336 376.8135988 363.9196942 350.9188183 333.6186085 319.8726335 303.7344278 285.954187 276.1905786 265.9441601 263.9146809 264.0975322 267.5710991 273.7690471 283.6601173 292.5740839 302.7638531 311.044323 315.8981035 320.7626078 -9999 -9999 -9999 -9999
302.108334 329.1874648 343.7486872 327.3746629 301.7083272 276.7724387 265.3324318 253.6061496 245.8636329 250.6388719 267.9239597 284.878203 299.056188 308.9202645 314.2779399 320.1714329 327.6662736 333.0438368 340.08188 345.479507 353.5839252 361.4032168 366.3161664 365.5422493 360.3835229 351.7601128 344.2195066 344.4765438 348.1252619 353.2902936 356.3078757 372.1209567 381.8087933 389.2639476 388.4282769 388.2995849 391.6819591 387.3707097 386.574027 386.7808966 386.8708016 383.9728915 377.1219026 366.5208142 351.9301179 338.0117586 319.6097372 301.4114318 287.3715564 274.5540846 267.4015785 263.5412398 267.3344142 275.350524 283.7682531 293.0705095 302.6347053 310.5621667 315.722119 325.4698202 -9999 -9999 -9999 -9999
331.1869414 319.8769655 304.0716078 282.9310307 260.9559502 242.3103711 229.2909855 227.7989342 234.8637213 245.1125196 253.8101815 269.4480161 285.4332355 293.5684609 302.4319693 305.4475806 313.4490183 320.466401 325.7209801 331.9081812 336.1167104 340.8185036 343.7310217 342.6088778 340.6651531 336.1558473 339.884379 343.7523326 343.9429876 349.6363024 358.0072638 367.7167046 376.3580298 382.9712948 387.4383983 390.3906699 396.5434332 398.1453834 399.9793194 398.0127445 397.4944547 395.0595402 389.2154438 378.5196985 360.8312434 347.0299082 329.7110834 314.1137694 301.8697244 286.8704098 283.3403743 284.5529615 287.7960581 296.1391138 305.5523533 319.6643154 336.1313271 350.3082049 359.8449247 366.0476399 369.9067241 -9999 -9999 -9999
355.0255342 324.370945 285.2729264 257.9347337 231.331782 214.0054549 211.5736641 225.7326171 233.4762112 241.3396975 250.7054582 267.6132769 282.5737473 287.8959496 292.2495019 297.3340519 305.9580585 314.9262752 319.3986276 322.7590739 325.2620032 324.4485466 324.0929691 324.5094939 323.0403664 331.0651395 340.8891213 348.653233 352.0040534 355.5442969 358.0078218 365.6819036 373.9228361 381.9173917 388.1101716 391.3510672 396.0747355 398.4987826 399.5024764 397.3328145 396.712742 393.426084 387.1447366 377.0731783 361.8876648 348.0027655 332.4097695 317.843487 308.4173723 299.4795278 295.759682 300.4602575 305.1194958 317.3077041 334.7306358 348.4261269 368.1904927 382.2766055 395.4517187 410.1527949 413.6071184 412.6344374 408.7235674 -9999
