meets/meet004/data/CCSM_0k_neotropic_bio16.asc
NCOLS 154 
NROWS 168 
XLLCORNER -112 
YLLCORNER -55.5 
CELLSIZE 0.5 
NODATA_value -9999 
[rows 87 to 115 of 168, columns 64 to 127 of 154]
-9999 -9999 -9999 -9999 -9999 -9999 -9999 -9999 -9999 225.0811077 343.2541804 490.2216557 622.2718623 771.5427653 905.7563504 994.0706507 1015.627842 1028.549775 1081.699441 1112.960747 1154.774149 1235.97878 1273.518113 1228.222769 1146.172451 1016.938416 837.5624374 670.5035248 592.0478608 543.1856363 518.6739284 519.0220947 526.4038347 531.2038237 536.9752656 542.4513701 546.2493694 551.1583391 558.4924491 563.9172986 572.3909182 582.8688188 592.306552 609.8108172 625.456081 642.9429204 662.9932799 680.1265317 699.4065839 715.682462 724.4944891 726.4832177 725.8100435 726.8972965 726.9643862 730.2627652 736.6154574 738.9688033 736.2308532 729.4953025 716.1352086 695.8764817 671.3088614 641.8252813
-9999 -9999 -9999 -9999 -9999 -9999 -9999 -9999 -9999 -9999 -9999 277.89627 388.5906104 556.2573239 747.5260265 866.0811714 917.3571651 951.1148661 969.3649961 973.8793533 1021.347168 1133.484012 1250.105368 1293.710082 1316.704462 1242.540384 1054.911668 855.7651843 740.7348118 633.3270249 567.1841391 540.8729995 526.5661866 526.7364138 529.1544442 532.0331957 534.4594588 538.3358226 545.9453674 551.0991838 559.3963466 569.7696626 577.6672297 597.5379783 614.8995806 634.0774372 657.2714857 676.2851932 698.0783788 718.3687662 730.494676 734.7855239 736.751186 739.3757787 739.5789075 742.2573928 747.3782237 747.2469733 739.9193923 728.0362473 709.7221031 684.3893584 656.9683294 625.8592332
-9999 -9999 -9999 -9999 -9999 -9999 -9999 -9999 -9999 -9999 -9999 -9999 -9999 366.6741149 521.8183546 674.2808019 832.5375139 963.7663176 953.1396354 934.3936819 960.2711234 1039.963943 1134.606449 1266.816386 1401.711735 1401.134773 1266.680707 1129.085801 948.3280088 762.5850791 646.3591146 587.3849568 538.4499978 519.2258705 515.9955257 517.9932065 523.4065511 531.6018658 541.5945162 551.7542518 561.5114263 571.6692799 583.7085575 600.9538711 621.7326427 641.2326037 660.6718483 680.3303938 699.9873813 720.1832454 735.8787037 746.2058954 753.0373562 759.699897 763.0612871 763.4401337 761.6853727 755.7166301 741.7103263 722.027267 699.3397447 673.0035448 643.568936 613.066452
-9999 -9999 -9999 -9999 -9999 -9999 -9999 -9999 -9999 -9999 -9999 -9999 -9999 -9999 -9999 472.3511032 656.7551503 825.9286874 859.5160085 879.3239705 900.8224876 937.9492339 1009.059208 1155.25119 1332.801198 1404.926334 1367.478962 1302.156779 1138.347991 945.6525745 791.4560604 668.6223063 568.9040341 522.1966255 503.4545145 502.3553537 511.2279544 524.0130787 537.6970263 552.2253049 564.4371091 575.7308082 589.407536 606.0479015 626.2922753 645.2937433 662.8355968 681.4920573 699.5726814 718.8494441 739.4906232 759.7123391 774.8590886 783.5455588 785.96601 782.2138601 773.9254451 762.1913008 742.9347977 718.1618523 692.7808984 665.2605213 635.1317983 605.2336989
-9999 -9999 -9999 -9999 -9999 -9999 -9999 -9999 -9999 -9999 -9999 -9999 -9999 -9999 -9999 -9999 -9999 550.988894 687.6687036 806.683812 850.3187464 839.5440025 863.8614301 991.4959814 1128.818482 1238.077409 1330.283293 1378.671951 1265.419083 1144.228323 978.2894779 764.3196032 604.2807933 530.3840578 492.0020347 486.6637604 498.7188896 515.3869342 532.6799299 550.7021791 564.9736479 577.4806538 591.7229187 607.7301754 625.9816762 644.3493053 662.4498342 679.4037682 696.734013 714.2415967 739.0627607 772.6825993 800.6290055 804.2364692 804.2635642 795.6337242 779.9455099 764.2487726 741.5042568 716.636419 690.760624 661.3502194 631.5637521 603.6334533
-9999 -9999 -9999 -9999 -9999 -9999 -9999 -9999 -9999 -9999 -9999 -9999 -9999 -9999 -9999 -9999 -9999 345.94078 492.1362737 634.4366716 707.4396398 725.706446 757.1385513 839.4626517 936.6328137 1047.469132 1177.510001 1269.946982 1250.763472 1196.804497 1054.51154 834.0962037 649.1881246 547.4546942 492.1209525 477.9595771 487.6482963 505.1570155 523.8234719 543.0389446 559.4001548 573.7936643 589.5034059 606.3563266 624.4307995 643.1323689 661.7682568 679.8592321 698.4038244 718.1973132 744.4638516 778.394652 804.6603269 807.8904268 803.6802463 791.8122228 773.8928599 756.3053555 735.1046924 712.3868341 688.2451965 661.2859634 634.15679 608.8276418
-9999 -9999 -9999 -9999 -9999 -9999 -9999 -9999 -9999 -9999 -9999 -9999 -9999 -9999 -9999 -9999 -9999 -9999 -9999 425.8188087 526.3613101 617.8703957 684.2990053 728.7463247 773.2705948 856.2775865 975.0025126 1054.536707 1134.889432 1154.727792 1055.088808 860.8453923 677.5794798 566.2477364 496.8644611 473.6102894 478.9051385 494.2378863 512.2038441 531.3767484 548.8367738 566.0490108 583.8096391 602.0530933 621.9752838 641.5747307 661.9158973 682.0451703 702.8401833 726.1374609 750.6156281 776.5157004 797.1892334 795.2612408 787.0144141 773.9665128 757.79156 740.9436598 724.3175519 705.7882857 685.0507369 661.8050409 640.338663 618.083539
-9999 -9999 -9999 -9999 -9999 -9999 -9999 -9999 -9999 -9999 -9999 -9999 -9999 -9999 -9999 -9999 -9999 -9999 -9999 274.4083278 384.2584434 508.2977993 602.9669373 650.0125813 678.2318273 738.6093153 829.6331829 923.7251699 1032.442856 1092.194945 1034.836565 881.7768698 711.7549523 589.2091901 510.8562059 475.3523243 472.345351 483.4407193 499.4394931 516.7930986 535.7673402 556.2406601 576.4754187 596.6485368 617.3497161 638.1990502 660.7285542 683.7449151 707.1409539 730.3933379 750.4035098 765.924928 775.1979184 772.7892205 763.395905 752.2799114 740.3974775 727.1009787 714.3236248 699.4649853 682.5707287 664.1988176 645.6113417 629.3101195
-9999 -9999 -9999 -9999 -9999 -9999 -9999 -9999 -9999 -9999 -9999 -9999 -9999 -9999 -9999 -9999 -9999 -9999 -9999 -9999 276.1044506 427.9471688 547.3736715 602.9528756 632.4621035 678.2056725 755.3449112 836.9832254 970.42688 1059.53102 1032.142175 898.018104 737.5091557 614.7541481 521.491593 476.2355336 467.4062743 472.8950122 488.0627903 503.2685191 523.0185751 547.9846664 569.2243046 591.0186233 611.9107273 633.5296557 658.4728041 683.6904711 708.6527809 732.26026 746.9532271 751.9692186 750.7119327 748.568928 739.8576507 731.9357686 725.8601461 715.8746604 707.3594775 695.8595173 682.9903658 668.3915297 650.4637353 641.6760768
-9999 -9999 -9999 -9999 -9999 -9999 -9999 -9999 -9999 -9999 -9999 -9999 -9999 -9999 -9999 -9999 -9999 -9999 -9999 -9999 226.1111996 378.9401593 507.6816851 579.2875641 615.232382 661.1913237 736.0316573 833.7640874 964.0511337 1062.44451 1047.620915 926.5689216 771.2904882 636.6138705 536.0633342 481.9273785 466.3554757 470.3365687 483.2583288 499.0695109 519.9695629 544.5572628 567.5947819 587.8789269 607.2996121 629.213038 655.4219274 681.8633402 706.6984289 727.4371158 738.6854061 739.4978536 735.9428955 733.1750202 728.0976138 723.1546758 719.3941292 713.5299126 707.2640665 699.0405832 690.2473916 681.3978695 670.3474682 659.1482935
-9999 -9999 -9999 -9999 -9999 -9999 -9999 -9999 -9999 -9999 -9999 -9999 -9999 -9999 -9999 -9999 -9999 -9999 -9999 -9999 200.840877 366.1333276 503.449834 579.2936935 620.1588128 669.2358378 754.9329511 848.7482854 988.8249827 1106.184235 1093.62179 951.6400952 793.4949287 653.4636485 538.7103681 480.187548 465.3495187 467.8172405 480.6640296 498.0486298 519.2417803 544.311373 569.0377587 585.5650509 602.9040688 624.2442918 652.1891599 679.3051952 701.320579 721.2151706 730.2817153 730.1190812 725.0114362 724.7907152 723.1242517 720.4831755 717.3660681 715.0545265 711.0469324 705.8539039 700.9738223 696.9772291 693.690052 677.1276614
-9999 -9999 -9999 -9999 -9999 -9999 -9999 -9999 -9999 -9999 -9999 -9999 -9999 -9999 -9999 -9999 -9999 -9999 -9999 -9999 206.0568081 378.5271812 529.2249939 606.5050088 646.583215 698.1077674 783.6134872 897.672079 1037.758021 1145.075989 1125.394054 980.4449088 803.0208248 651.7496692 538.8647538 478.3148814 461.2115038 465.733783 478.2005672 495.088979 516.4550622 541.0198347 564.5651572 582.1526711 599.3520209 620.5423452 646.5051902 672.5068389 693.4008682 709.332814 718.9810296 722.5341273 722.9065925 722.5260843 721.1603391 719.1492672 717.7797728 716.4315199 715.9499242 715.5688584 713.3889027 709.4752642 702.3786473 690.047981
-9999 -9999 -9999 -9999 -9999 -9999 -9999 -9999 -9999 -9999 -9999 -9999 -9999 -9999 -9999 -9999 -9999 -9999 -9999 -9999 206.5779563 398.9693045 580.1056416 633.8203899 669.4537382 722.8752206 814.5873279 935.2203145 1079.792062 1197.239259 1168.51819 993.4601797 793.7541894 642.9405567 526.0831591 467.1288051 454.6228767 460.9556664 473.2851249 489.5647373 510.1140531 535.2858197 560.0273472 575.692831 592.8927557 613.234779 638.5720462 665.3544357 682.5537196 697.1931306 707.997432 716.1660074 721.9292062 721.7635627 720.497474 718.7770831 717.9901571 717.4396832 720.0179529 723.9055644 723.9703793 718.9427523 711.4710608 700.7048261
-9999 -9999 -9999 -9999 -9999 -9999 -9999 -9999 -9999 -9999 -9999 -9999 -9999 -9999 -9999 -9999 -9999 -9999 -9999 -9999 212.0876026 400.3796525 565.745772 638.6553254 675.4860184 734.1579685 832.0145774 961.055217 1107.331336 1211.871728 1172.017706 992.4504794 788.185772 628.055896 516.8369086 461.2538236 449.0912118 455.9501955 467.7623836 481.8858818 501.595457 525.8511483 548.3763797 565.5438407 581.9630511 601.6354466 626.0685438 650.371517 669.424573 685.3132535 698.4523991 709.3068067 717.4345117 720.3307384 721.0380499 720.1769971 718.5798384 718.9839085 723.3577363 728.0154656 729.1765638 726.496589 720.2809633 710.9940528
-9999 -9999 -9999 -9999 -9999 -9999 -9999 -9999 -9999 -9999 -9999 -9999 -9999 -9999 -9999 -9999 -9999 -9999 -9999 -9999 198.0727159 385.9897912 559.2065824 620.3512668 660.8772101 730.1195293 845.7778152 977.445519 1122.640462 1228.628499 1176.4458 974.7702172 759.4040387 608.1261582 499.2533303 449.4783164 442.2449357 450.6506277 461.6844678 474.2028829 492.6260327 516.7406233 538.5285215 554.3939915 569.3422985 587.4445009 611.2519081 635.2527142 653.9028997 672.1309535 687.133951 700.2308946 711.9941689 715.857924 719.4802105 720.1165575 719.0750487 720.0008797 726.3254139 732.1745449 734.100805 732.2595346 728.0144452 719.3121205
-9999 -9999 -9999 -9999 -9999 -9999 -9999 -9999 -9999 -9999 -9999 -9999 -9999 -9999 -9999 -9999 -9999 -9999 -9999 75.57314588 182.0087582 347.1961642 496.7617262 578.7036763 636.2225804 723.7017313 851.9027458 994.9804432 1131.392099 1209.835449 1142.876196 944.7596513 731.0988404 581.6594167 486.9570858 443.2766505 437.1406158 445.5843658 456.8975709 469.4991057 487.6062212 509.9326273 530.6212617 545.970031 558.3381213 574.7947774 596.4247879 617.3641077 638.4941876 657.4290075 673.9661235 688.6207014 700.0098471 708.4139876 713.8553343 717.0659578 719.9133342 723.6537164 729.5918051 736.9604312 738.7377062 735.14916 730.3818604 723.5326682
-9999 -9999 -9999 -9999 -9999 -9999 -9999 -9999 -9999 -9999 -9999 -9999 -9999 -9999 -9999 -9999 -9999 -9999 -9999 65.43181033 156.8495289 305.7741656 444.4798475 526.8285099 601.3894031 713.365897 869.923039 1024.701534 1146.987346 1206.644274 1121.243045 910.1398545 690.7367743 557.801605 471.4352236 434.7381846 431.5627664 440.8549507 451.7218334 464.6054788 482.2785342 504.5910684 525.5647067 539.92746 551.7027705 566.6472566 586.2337592 604.6052214 625.3730783 644.8650765 662.1602455 678.0301053 690.764298 701.2720671 709.1036135 714.1253593 718.8341139 723.5414811 728.3033646 735.6816951 737.5426566 733.6057768 729.8804282 719.7974869
-9999 -9999 -9999 -9999 -9999 -9999 -9999 -9999 -9999 -9999 -9999 -9999 -9999 -9999 -9999 -9999 -9999 -9999 -9999 60.36777699 138.4875737 264.5722694 386.2918066 477.6236744 566.8429099 708.3676225 896.7831504 1071.262403 1181.383916 1203.664209 1096.25468 885.776522 671.4758061 537.959679 462.7336885 430.7274203 428.0565338 435.7839959 446.5699504 459.1949314 477.201894 500.0406915 521.7322635 537.5627913 551.6415541 566.1093074 582.4360215 599.8070486 617.5451 635.5701394 653.3511148 670.3873585 685.6340659 697.5079306 706.4563818 711.9797904 715.6708327 719.7756575 722.193444 724.3295514 727.0448079 728.4766947 721.2914732 706.444723
-9999 -9999 -9999 -9999 -9999 -9999 -9999 -9999 -9999 -9999 -9999 -9999 -9999 -9999 -9999 -9999 -9999 -9999 -9999 56.72902805 122.8657314 231.380264 339.1462688 428.1786236 534.2769511 708.2953141 943.3692047 1144.373189 1241.181865 1234.075583 1098.872946 871.0980506 650.4415081 523.4780231 453.8754335 427.1265069 423.648238 430.4605005 440.640957 453.4203834 471.1632769 494.1353986 516.1647749 532.6537676 548.6757311 563.2368214 577.9830858 593.7529886 608.5537329 625.1270843 642.5635877 661.00068 678.6789354 690.9818485 700.7860161 705.106343 705.7753302 708.4993205 710.2900772 713.6776081 717.95972 719.44743 707.9580196 678.2432241
-9999 -9999 -9999 -9999 -9999 -9999 -9999 -9999 -9999 -9999 -9999 -9999 -9999 -9999 -9999 -9999 -9999 -9999 -9999 58.22401919 113.980883 206.469145 302.3201686 389.3001537 504.6535529 714.0047991 1004.314999 1243.188427 1324.650776 1288.616969 1123.697558 870.4708182 637.1374823 512.5136178 448.4264277 424.8718966 420.1751148 424.9196066 435.324131 447.9358162 465.3347773 487.2312497 507.8120158 525.5863076 541.8149626 556.7045618 571.8641683 585.9472469 598.7611175 612.030371 628.5764017 649.2426681 668.4881911 680.1767389 690.1777694 692.7898057 689.0476996 688.5501468 695.3525561 704.0754181 711.4707697 710.9716061 695.2270945 640.090159
-9999 -9999 -9999 -9999 -9999 -9999 -9999 -9999 -9999 -9999 -9999 -9999 -9999 -9999 -9999 -9999 -9999 -9999 -9999 61.6623224 109.3782523 185.694485 269.6041912 357.3503496 487.1629989 730.2847625 1066.327752 1335.095365 1403.17258 1332.975543 1136.685972 864.0924221 626.4979883 500.3559859 441.8995079 422.6982033 418.321904 421.8590284 431.8636758 444.4592565 461.0127744 480.8378186 500.2905472 518.0370236 534.3527856 549.5479269 564.132969 577.5864321 588.8423183 600.1270182 614.9506294 633.318727 650.8052293 661.2159178 669.3125832 670.456745 666.6414297 667.2193197 677.0020534 690.8179724 699.1794826 694.3707791 669.152679 598.2117141
-9999 -9999 -9999 -9999 -9999 -9999 -9999 -9999 -9999 -9999 -9999 -9999 -9999 -9999 -9999 -9999 -9999 -9999 -9999 66.63654196 106.3926609 169.7987932 241.0457406 331.0235976 471.5337685 742.4873814 1125.821428 1437.507962 1460.401418 1355.469508 1134.496717 846.1022155 601.2510569 488.6297817 434.9758728 419.0079297 416.0684233 420.3601686 429.796448 442.5244645 458.22712 476.3153028 494.0188193 510.9620214 527.1257438 542.0213001 556.7931865 569.8712329 579.7914243 589.9169333 602.4698212 616.7544787 628.8439003 638.2325678 641.6125757 642.4323971 642.6490699 644.3200325 658.4260516 674.6825666 682.9778459 673.1691237 639.590721 -9999
-9999 -9999 -9999 -9999 -9999 -9999 -9999 -9999 -9999 -9999 -9999 -9999 -9999 -9999 -9999 -9999 -9999 -9999 -9999 71.12493552 106.4886152 159.1547632 226.686906 321.925502 478.782416 763.423738 1148.279237 1435.965687 1448.034008 1305.781292 1070.582519 797.1389758 580.6211614 470.6116536 426.5788805 414.8755511 412.6436696 416.9047679 426.2090421 438.8907127 453.9774632 470.5470863 487.5855888 503.712891 519.2512819 533.7054605 547.4419382 559.9522082 569.7365505 579.3683067 590.3396557 601.4878455 611.2063438 617.7349414 620.0499714 620.9592123 622.2299639 626.6359919 639.6280731 654.5024092 660.4449313 647.6882571 608.3974188 -9999
-9999 -9999 -9999 -9999 -9999 -9999 -9999 -9999 -9999 -9999 -9999 -9999 -9999 -9999 -9999 -9999 -9999 -9999 57.03925667 74.9992646 105.7379384 153.555306 217.9844326 322.3205136 484.0213692 767.9756942 1145.817638 1437.498149 1379.387406 1200.022256 965.8354566 725.8565684 531.0349611 452.5726751 417.1451876 408.2727478 407.5427277 411.1917034 421.3825618 433.7694049 448.3416205 464.9814233 480.9428347 496.6397761 511.5255028 525.1986585 538.4444106 549.1366179 559.5986636 569.1423153 578.8985702 589.2469538 597.822071 602.233923 604.2248049 605.5000103 607.1534195 611.2294028 623.2411175 633.9232801 637.4705268 622.7329602 585.5176999 -9999
-9999 -9999 -9999 -9999 -9999 -9999 -9999 -9999 -9999 -9999 -9999 -9999 -9999 -9999 -9999 -9999 -9999 -9999 57.21765214 77.80350949 111.1995483 157.351495 228.8323327 348.2974984 524.7254614 784.2327034 1096.267866 1297.314951 1237.947 1045.204019 830.1318012 638.4363185 499.6190666 431.4368376 407.8238012 402.1438874 401.7069599 406.0855028 415.7838966 428.3810147 442.7307949 458.2318892 473.8943537 489.176665 503.9490144 517.1056059 528.925652 539.4347552 548.6134657 557.6610441 566.687998 575.5211152 583.1316151 587.0761338 589.3957641 590.9487346 592.6027122 597.1067718 604.499637 611.7508502 611.3383987 595.7281877 556.8086812 -9999
-9999 -9999 -9999 -9999 -9999 -9999 -9999 -9999 -9999 -9999 -9999 -9999 -9999 -9999 -9999 -9999 -9999 -9999 56.64391588 83.88499977 120.6311878 171.6674805 236.7159015 384.9255158 564.5242631 786.0786971 1025.114352 1194.448983 1068.617594 866.2203581 683.3091586 553.2361291 450.9048119 414.5863311 398.8512451 394.9984304 395.5199002 399.6845411 410.2716729 423.0629062 436.8868166 451.8656082 466.6000948 481.535877 496.5665347 509.0465087 520.0423401 530.1183927 537.455294 545.3883286 553.4548687 561.5640202 568.8464879 572.7907904 574.8102811 576.4369169 578.3089326 581.5224647 585.6147574 587.7188298 583.7446475 566.5073533 538.1177122 -9999
-9999 -9999 -9999 -9999 -9999 -9999 -9999 -9999 -9999 -9999 -9999 -9999 -9999 -9999 -9999 -9999 -9999 -9999 59.6102918 95.06214238 144.7895324 211.7452113 303.178583 438.3058632 600.9839609 765.643864 905.2748323 963.7262453 873.555666 709.8175863 569.2946123 481.5129661 424.8054576 397.6040401 389.3435428 387.8542093 389.4734869 394.7197255 404.8863876 417.5969659 430.9179391 444.6958429 458.4461494 472.3787804 486.1668647 497.9740961 508.1075291 517.0683106 523.9723329 530.5918584 537.9178165 545.6489827 552.4707607 556.4861544 559.1514367 560.4978887 560.8095413 560.9196347 559.0633653 555.900271 544.6612144 522.0571233 486.9478835 -9999
-9999 -9999 -9999 -9999 -9999 -9999 -9999 -9999 -9999 -9999 -9999 -9999 -9999 -9999 -9999 -9999 -9999 57.46271679 64.3590082 109.42773 172.0274711 259.0543339 358.3834393 483.1282965 622.1211938 722.8587399 780.0930264 777.9367696 695.2228937 569.0324963 476.1606927 425.0103854 396.0652667 385.5394783 380.3944738 380.8376346 384.1683616 388.732752 400.1777993 412.6402628 424.8338665 437.7997579 449.7002475 462.2204496 474.7996705 485.4652621 495.3960065 503.6203302 509.6198275 515.0679093 521.4545546 529.4860882 536.3294373 539.650419 542.0684113 542.5755879 540.0076392 536.7956013 527.8516688 516.35279 497.4609196 467.7575057 -9999 -9999
-9999 -9999 -9999 -9999 -9999 -9999 -9999 -9999 -9999 -9999 -9999 -9999 -9999 -9999 -9999 -9999 -9999 66.95788651 71.55846506 123.0302027 199.5029737 301.2739888 407.2743765 504.0832191 585.9789131 639.2911469 647.4258239 619.4320634 561.1542165 482.3439874 422.4525799 397.1991988 382.1593109 376.4752679 375.6521163 377.1141799 381.5090631 387.8777993 397.4189222 408.4332689 419.4585742 430.712963 441.5380182 452.3426595 462.6986071 472.3095927 481.3740403 489.1286076 495.5935648 501.3578263 507.0619539 512.8601433 517.6788 520.6003307 521.9344909 520.1175911 515.0766438 505.1658183 484.6793001 460.3160871 434.5744449 -9999 -9999 -9999
