meets/meet004/data/CCSM_6k_neotropic_bio13.asc
NCOLS 154 
NROWS 168 
XLLCORNER -112 
YLLCORNER -55.5 
CELLSIZE 0.5 
NODATA_value -9999 
[rows 29 to 57 of 168, columns 64 to 127 of 154]
-9999 -9999 -9999 -9999 -9999 -9999 -9999 -9999 -9999 -9999 -9999 -9999 -9999 -9999 -9999 -9999 -9999 -9999 -9999 -9999 -9999 -9999 -9999 -9999 -9999 -9999 -9999 -9999 -9999 -9999 -9999 -9999 -9999 -9999 -9999 -9999 -9999 106.8425318 -9999 -9999 -9999 -9999 -9999 -9999 -9999 -9999 -9999 -9999 -9999 -9999 -9999 -9999 -9999 -9999 -9999 -9999 -9999 -9999 -9999 -9999 -9999 -9999 -9999 -9999
-9999 -9999 -9999 -9999 -9999 -9999 -9999 -9999 -9999 -9999 -9999 -9999 -9999 -9999 -9999 -9999 -9999 -9999 -9999 -9999 -9999 -9999 -9999 -9999 -9999 -9999 -9999 -9999 -9999 -9999 -9999 -9999 -9999 -9999 -9999 -9999 -9999 113.9495438 -9999 -9999 -9999 -9999 -9999 -9999 -9999 -9999 -9999 -9999 -9999 -9999 -9999 -9999 -9999 -9999 -9999 -9999 -9999 -9999 -9999 -9999 -9999 -9999 -9999 -9999
-9999 -9999 -9999 -9999 -9999 -9999 -9999 -9999 -9999 -9999 -9999 -9999 -9999 -9999 -9999 -9999 -9999 -9999 -9999 -9999 -9999 -9999 -9999 -9999 -9999 -9999 -9999 -9999 -9999 -9999 -9999 -9999 -9999 -9999 -9999 -9999 -9999 -9999 -9999 -9999 -9999 -9999 -9999 -9999 -9999 -9999 -9999 -9999 -9999 -9999 -9999 -9999 -9999 -9999 -9999 -9999 -9999 -9999 -9999 -9999 -9999 -9999 -9999 -9999
-9999 -9999 -9999 -9999 -9999 -9999 -9999 -9999 -9999 -9999 -9999 -9999 -9999 -9999 -9999 -9999 52.48380433 -9999 -9999 -9999 -9999 -9999 -9999 -9999 -9999 -9999 -9999 -9999 -9999 -9999 -9999 -9999 -9999 -9999 -9999 -9999 114.4465088 -9999 -9999 -9999 -9999 -9999 -9999 -9999 -9999 -9999 -9999 -9999 -9999 -9999 -9999 -9999 -9999 -9999 -9999 -9999 -9999 -9999 -9999 -9999 -9999 -9999 -9999 -9999
-9999 -9999 -9999 -9999 -9999 -9999 -9999 -9999 -9999 -9999 -9999 -9999 -9999 -9999 72.81996949 73.7310431 73.23054078 -9999 -9999 -9999 -9999 -9999 -9999 -9999 -9999 -9999 -9999 -9999 -9999 -9999 -9999 -9999 -9999 -9999 -9999 -9999 -9999 -9999 -9999 -9999 -9999 -9999 -9999 -9999 -9999 -9999 -9999 -9999 -9999 -9999 -9999 -9999 -9999 -9999 -9999 -9999 -9999 -9999 -9999 -9999 -9999 -9999 -9999 -9999
-9999 -9999 -9999 -9999 -9999 -9999 -9999 -9999 -9999 -9999 114.779097 109.680511 105.4897607 99.13789619 101.0431403 100.7842319 -9999 -9999 93.37179479 92.57326076 91.38132254 87.83858959 87.28100806 -9999 -9999 -9999 -9999 -9999 -9999 -9999 -9999 -9999 -9999 -9999 -9999 -9999 -9999 -9999 -9999 -9999 -9999 -9999 -9999 -9999 -9999 -9999 -9999 -9999 -9999 -9999 -9999 -9999 -9999 -9999 -9999 -9999 -9999 -9999 -9999 -9999 -9999 -9999 -9999 -9999
-9999 -9999 -9999 -9999 -9999 -9999 -9999 -9999 -9999 165.7226334 158.7983261 151.8540004 143.4990099 139.0545753 137.0709276 136.2440776 135.1390685 130.3897744 129.6968044 125.0470614 121.4345547 117.5227918 112.9481307 104.8852943 -9999 -9999 -9999 -9999 -9999 -9999 -9999 -9999 -9999 -9999 -9999 -9999 -9999 -9999 -9999 -9999 -9999 -9999 -9999 -9999 -9999 -9999 -9999 -9999 -9999 -9999 -9999 -9999 -9999 -9999 -9999 -9999 -9999 -9999 -9999 -9999 -9999 -9999 -9999 -9999
-9999 -9999 -9999 -9999 -9999 -9999 -9999 -9999 -9999 214.748812 204.7653315 190.2862244 177.3367171 171.8093375 170.9230226 170.0910082 166.8708989 166.002118 162.1730123 157.1052321 152.9857832 146.0308544 137.8779674 127.309038 119.5835375 113.8809069 107.5920882 102.8335481 99.15271835 95.80643672 94.48531946 95.71949907 97.16017151 100.3176148 103.7598228 -9999 -9999 -9999 -9999 -9999 -9999 -9999 -9999 -9999 -9999 -9999 -9999 -9999 -9999 -9999 -9999 -9999 -9999 -9999 -9999 -9999 -9999 -9999 -9999 -9999 -9999 -9999 -9999 -9999
-9999 -9999 -9999 -9999 -9999 -9999 -9999 -9999 -9999 278.6661807 258.6333325 239.5299267 212.5777328 213.7220757 208.0785514 208.194304 209.5444224 209.4502051 211.2764738 203.869172 198.8132051 190.9131262 176.0440422 164.5281386 149.6473101 138.0826799 130.4962583 120.5690146 116.3829013 110.3975399 105.9096406 105.6409187 103.6224317 104.6795814 105.8741364 106.2569153 106.4651298 -9999 -9999 -9999 -9999 -9999 -9999 -9999 -9999 -9999 -9999 -9999 -9999 -9999 -9999 -9999 -9999 -9999 -9999 -9999 -9999 -9999 -9999 -9999 -9999 -9999 -9999 -9999
328.7222147 338.2659559 350.5975645 357.209818 -9999 -9999 -9999 -9999 352.4585675 335.9714879 312.482259 280.3340366 252.8337592 241.8168321 239.4246249 239.3359672 239.0841638 245.5354718 247.1868329 247.7566157 243.0066782 228.056723 212.4596191 191.8570984 175.4245644 163.5945747 149.4439375 138.3322152 128.8123254 121.6892151 116.8684367 112.4041189 109.8294043 108.7863389 109.8658251 112.2417397 112.9014718 113.9611432 -9999 -9999 -9999 -9999 -9999 -9999 -9999 -9999 -9999 -9999 -9999 -9999 -9999 -9999 -9999 -9999 -9999 -9999 -9999 -9999 -9999 -9999 -9999 -9999 -9999 -9999
397.0070575 -9999 -9999 447.9753208 456.9529213 470.501071 471.9189957 460.856449 454.3091705 427.670545 385.3279928 345.0694381 296.4933185 282.6861625 271.3399931 284.8887116 293.8368462 301.4856576 308.5200861 308.8079596 298.5074519 285.2807812 266.3291756 249.1165145 222.8512566 199.8721631 182.973513 162.4215435 154.657335 141.7285492 132.1955507 126.5006944 121.3410337 125.3685885 126.7113441 128.2080677 130.3790516 129.8483893 -9999 -9999 -9999 -9999 -9999 -9999 -9999 -9999 -9999 -9999 -9999 -9999 -9999 -9999 -9999 -9999 -9999 -9999 -9999 -9999 -9999 -9999 -9999 -9999 -9999 -9999
-9999 -9999 -9999 533.9275864 559.8471284 574.7898001 573.5517827 568.3367427 554.9112877 517.7920603 474.1883228 416.8824386 362.6080607 323.3875047 312.8992972 321.8445428 336.5921811 345.2258348 354.597874 368.9671971 361.9338575 333.7401538 318.032782 298.3911714 274.9878407 253.7857737 216.5441255 195.383385 180.0040158 162.4347349 152.591677 142.9566712 140.3997617 141.8032083 144.349738 145.9922899 144.9225353 144.7365489 143.1489974 142.2711634 138.985361 -9999 -9999 -9999 -9999 -9999 -9999 -9999 -9999 -9999 -9999 -9999 -9999 -9999 -9999 -9999 -9999 -9999 -9999 -9999 -9999 -9999 -9999 -9999
-9999 -9999 -9999 634.7423762 661.6874678 686.6181954 697.3013018 686.6722818 665.3456822 622.3937098 559.2917699 493.428825 420.3429882 375.1779083 340.5305208 364.7286335 390.3181223 408.7018831 421.2193499 422.1529705 424.050065 417.1708559 400.7744689 377.5757859 346.0483631 306.9531856 279.6352834 245.1783829 218.2388253 193.987041 175.6792126 173.1710948 167.8348462 167.5953207 165.4899046 166.8473551 169.3083694 168.1400503 165.6756681 160.4022396 155.7204437 149.6713847 -9999 -9999 -9999 -9999 -9999 -9999 -9999 -9999 -9999 -9999 -9999 -9999 -9999 -9999 -9999 -9999 -9999 -9999 -9999 -9999 -9999 -9999
-9999 -9999 -9999 -9999 765.1254773 794.7418304 804.444068 805.9847115 771.9812776 713.640047 645.3082127 555.272853 469.4520461 414.2643855 371.7138063 394.3916711 441.6982015 489.0270287 489.5984874 501.6310395 493.6064726 483.2872623 474.0615355 447.6273851 415.6880731 382.0843399 329.6024699 292.5757646 263.908934 226.4266102 214.0498502 201.0821522 196.6282062 192.8474112 192.2603132 193.129533 191.1585979 190.0146057 185.2739086 181.7548694 176.7599776 166.0925005 161.8734735 -9999 -9999 -9999 -9999 -9999 -9999 -9999 -9999 -9999 -9999 -9999 -9999 -9999 -9999 -9999 -9999 -9999 -9999 -9999 -9999 -9999
-9999 -9999 -9999 -9999 -9999 873.2510797 887.4986845 876.037704 829.4909949 757.6478893 672.3818477 573.7754204 481.1108324 429.1696092 384.4550933 435.0256764 496.866003 549.1631219 567.5927028 576.2597163 577.2716043 585.7528802 571.5770066 548.9011062 510.0960425 464.7578951 411.9145589 352.1766346 310.8856408 269.6510534 251.3121691 238.9325202 225.7773228 224.3533601 219.5168475 218.6884144 217.5695248 214.8613786 212.2250892 206.9754662 203.4950235 195.781887 186.0672085 174.7160128 -9999 -9999 -9999 -9999 -9999 -9999 -9999 -9999 -9999 -9999 -9999 -9999 -9999 -9999 -9999 -9999 -9999 -9999 -9999 -9999
-9999 -9999 -9999 -9999 -9999 917.6459857 919.5697981 905.9456841 840.0012752 738.2268979 641.3184406 543.1854036 454.6828159 413.1409919 414.877805 466.7105828 534.9058106 583.7913706 610.387525 629.2370168 640.0133909 655.9755706 661.9123948 638.1959085 596.0724336 547.5444833 474.2451293 409.5292922 361.4943268 301.7743426 280.0266397 261.6557509 250.1228203 245.9329356 242.4594186 241.7677171 237.581948 237.3866091 233.2911828 232.7079629 229.7296828 219.4471633 213.6339752 199.1822983 185.2702001 -9999 -9999 -9999 -9999 -9999 -9999 -9999 -9999 -9999 -9999 -9999 -9999 -9999 -9999 -9999 -9999 -9999 -9999 -9999
-9999 -9999 -9999 -9999 -9999 910.931953 908.5071418 880.1029007 800.395168 686.9009599 582.1349341 491.2669074 417.5312127 384.7096511 431.1885918 487.0622318 551.235595 591.5594078 633.9819829 657.2694787 676.6750452 700.7138403 708.030501 702.2014696 658.4907361 608.0592166 541.2317904 456.5823191 401.2971665 335.2741107 310.1898364 292.5132625 275.6131668 272.066618 267.1731334 264.8511816 263.3214384 260.3332296 260.3119904 258.9209984 259.0349604 253.8541466 243.5356234 230.1454127 213.5117384 205.1220804 195.8499169 187.2976178 182.2657906 177.3191991 175.6447593 172.9900571 -9999 -9999 -9999 -9999 -9999 -9999 -9999 -9999 -9999 -9999 -9999 -9999
-9999 -9999 -9999 -9999 -9999 870.9644595 860.0984586 818.9485788 725.6225466 600.3206628 494.1492961 417.8922361 359.0478379 370.163916 427.8896025 483.1581705 538.9868946 579.9458081 611.0698254 648.3558459 669.3854754 698.8288247 728.9250102 713.5216146 680.4825843 631.957342 552.9289883 475.8837545 412.0217411 349.970116 324.6944562 303.3681057 291.9884051 286.7252097 286.6007698 283.4888626 277.6939832 276.9634024 278.3388624 278.2484225 279.740999 274.8392079 271.9712267 252.8118716 244.5538243 233.9374236 220.5628186 213.9716706 206.1890635 200.5114983 199.1369577 193.8775854 194.3355298 188.8188251 186.637189 -9999 -9999 -9999 -9999 -9999 -9999 -9999 -9999 -9999
-9999 -9999 -9999 -9999 -9999 797.870321 780.8026157 730.6942176 631.5736283 511.4315921 418.1780942 356.8405947 325.5701129 377.6665277 431.9593586 470.6767295 508.8897266 536.6489075 574.6333817 602.660916 632.1632778 667.5348045 686.1926286 686.1437367 659.6509934 617.7318101 553.9060441 476.6583383 423.1497365 358.6732159 336.14139 321.5310404 309.7255502 307.1164419 303.5340845 301.1571757 300.4790801 294.3912177 295.6110919 294.2338907 295.9535307 292.9367094 290.9614875 287.0634702 278.1675418 268.4089659 257.8215946 243.8545272 236.5218665 226.5341197 223.5947595 221.4962839 216.7539684 214.7881431 210.948068 209.0733152 -9999 -9999 -9999 -9999 -9999 -9999 -9999 -9999
-9999 -9999 -9999 -9999 -9999 736.7969742 713.9547804 668.5116768 568.2193702 455.8125899 365.7104001 303.1594715 332.525789 381.4354372 435.8008442 472.930863 510.559583 532.4458562 556.063537 580.5419185 605.6366801 646.5256148 672.4992174 666.3742033 653.4422921 610.3514849 544.2823593 475.5983753 423.7993147 359.2629957 332.4804322 326.2656267 318.0137637 318.6882475 315.6441308 313.9105827 310.908929 305.0443217 305.289259 300.3031217 299.9125065 308.848424 319.9386505 317.9094899 305.5050431 295.0800642 280.5418881 266.6412646 260.2654041 243.8956717 239.8986367 237.1797042 232.3341274 234.4457123 229.5588244 228.7017468 226.9976696 221.8086768 -9999 -9999 -9999 -9999 -9999 -9999
-9999 -9999 -9999 -9999 -9999 661.4275467 638.4172879 587.0669082 502.7220561 407.6903938 332.895701 299.8438068 343.8973675 382.2646713 426.5962827 452.2765504 480.6070561 505.2168367 528.4145277 551.3490805 572.7907102 604.4098857 624.2722814 629.9629272 620.8607523 587.3295955 536.4510304 480.4535225 434.8987786 386.4833344 366.4449782 350.8055977 335.2647861 331.0174157 323.6359267 321.3514019 316.3972863 308.6748865 310.6542319 315.556444 326.5329081 338.4453477 342.8211109 339.4711366 332.7796022 321.4489567 305.0502733 287.6054464 275.3860084 260.8816488 255.8335319 251.8662514 246.7044808 247.8014197 246.4280432 248.5871425 247.9842212 244.0039089 -9999 -9999 -9999 -9999 -9999 -9999
-9999 -9999 -9999 -9999 -9999 594.6622592 553.2584282 508.1949998 434.6844338 353.8265956 298.1391001 296.4382825 343.0190071 369.4139899 407.4266425 425.0178267 451.8789128 471.2895133 480.9440589 504.892258 519.8415073 546.0719788 567.1740657 574.1518434 567.029501 546.1960165 500.5553689 466.416296 426.8299311 397.8282815 387.2636951 375.8151768 366.4248917 366.2651102 362.6929821 359.6410269 351.8543045 344.9809178 346.1817517 347.0576264 351.4997555 361.9097257 363.464018 361.7657592 349.3251995 336.912206 316.0789664 301.2169199 286.5178519 270.6989682 264.2490654 258.6193272 255.0848075 257.3082577 258.4757601 262.774939 263.5683803 263.7351603 -9999 -9999 -9999 -9999 -9999 -9999
-9999 -9999 -9999 -9999 -9999 528.9202323 482.1363741 424.1024226 361.4565709 307.758253 267.9102137 300.0635141 337.410376 361.8582406 384.0647877 398.0491624 418.1223065 435.2392258 446.9114874 464.1223406 476.1501859 492.3081532 505.6886366 513.1668946 510.7926874 494.780278 470.5457923 445.3452092 423.1443806 404.8704452 398.079003 397.7037514 391.970873 396.613632 393.5629128 391.8821288 390.0333982 384.4956611 384.8620601 380.9805484 383.0976802 384.9962326 379.1648743 372.5458808 358.7777959 345.6988115 326.1762088 306.4522466 290.948018 274.4070564 267.9441597 263.0593843 258.7413726 261.3562845 263.5204849 268.9319754 272.564297 273.8474423 -9999 -9999 -9999 -9999 -9999 -9999
-9999 -9999 -9999 476.5889043 484.6408048 462.6613426 415.0259759 375.2906797 328.0532081 277.3804334 273.7884293 301.5069852 327.0694831 339.8293869 364.2831952 372.9577544 384.4002494 400.8235675 403.3321401 420.8338312 426.4063292 434.4016587 451.4149016 443.4526512 451.4793003 444.8519582 422.4027555 417.2138788 410.3327292 398.8321722 402.0288027 407.6558638 409.8080325 416.5162185 415.0372198 413.5299253 416.5278331 410.9544132 411.5219264 403.8162761 400.6854895 396.2206973 390.2737469 377.1784809 359.8073453 345.8754953 325.3331282 306.1585907 293.7777801 274.8678397 269.2321734 265.2805277 261.6616238 267.2908107 269.134941 275.2820595 281.0991949 283.6686018 285.243484 -9999 -9999 -9999 -9999 -9999
-9999 -9999 433.3031727 435.7609913 422.1210865 396.8757706 367.7381705 332.018035 296.0786727 263.9155504 271.4434963 292.2092652 311.2608687 330.7069415 341.7948962 349.6604199 361.1400803 371.9870033 381.7280583 390.4441644 395.7693485 401.3189818 408.3844095 409.8046939 409.3531825 403.3665571 395.9426098 391.7499122 391.3071124 393.7583247 399.5189713 408.8974019 415.5835551 420.4142966 423.3671948 423.1653635 424.9259991 420.1399657 417.7517665 410.6380272 406.2589036 398.3566907 386.1326359 374.5873613 354.9986304 340.8958539 322.3172206 303.1328032 288.8214926 274.8144899 269.3244136 265.9117711 264.3759413 267.761453 272.3367988 278.5506237 283.3200918 287.0696236 287.330609 286.5471162 -9999 -9999 -9999 -9999
-9999 -9999 399.5955836 381.3638788 365.0598375 338.4033167 309.3475055 293.3299438 267.7858897 244.6556111 257.6211148 283.4610479 296.9724679 304.6024233 319.2252473 325.4712504 334.0655515 346.4294226 348.3596398 358.1583128 361.5495163 363.6829867 372.2251919 364.5961027 370.5305183 368.5139401 360.8033899 365.1936982 367.6024459 377.0418034 386.4331478 397.4694973 407.4680833 413.0871092 415.9301304 415.3912012 414.2139498 412.7025487 409.0471004 400.1998747 394.834659 386.3504477 375.4071492 361.9345422 343.9519105 332.026616 319.4000939 302.5812595 287.2572043 272.1744935 269.5671703 267.6009081 268.2820142 273.6425705 278.2451797 284.4546889 290.0036386 293.4424812 295.4540328 294.1142098 -9999 -9999 -9999 -9999
301.107768 331.5019073 349.7117134 337.1431059 314.1224534 288.9599338 274.6258925 258.8425959 245.6120719 242.4581817 255.8952389 271.9200698 285.7122594 293.8735696 300.1494758 308.0462545 319.5379654 329.268869 336.5239321 339.6454139 344.2323031 347.6208864 347.9547754 342.3718774 338.3812264 337.568121 344.9087132 347.0034696 356.6800322 362.861812 371.7300726 386.9594574 395.2559104 400.4683798 397.766728 397.0769367 398.766557 393.8408097 389.9682101 380.0655375 376.2717343 374.8476984 370.1879167 364.8855547 355.3809905 346.5201021 332.5793095 315.5072995 300.0178134 283.081135 271.5750711 269.5326932 272.0268524 277.4182447 284.09548 290.6955256 294.8298412 297.9443635 298.4846184 300.2008409 -9999 -9999 -9999 -9999
287.1744528 305.505398 310.0269733 292.9832693 273.4477705 253.9053063 237.4392395 230.9089603 226.8332277 238.0976921 250.799262 268.1712224 284.2488445 290.4091799 296.3392399 300.8872065 310.3376833 317.7846352 321.1277256 324.5835776 325.3189418 325.8976414 324.651852 319.0314896 316.1622816 317.36353 319.292378 323.749349 332.4433597 343.9004403 352.4275437 360.8836078 367.2921299 370.1988726 373.3732692 371.5188083 378.2647413 380.3628234 384.1270558 383.1025041 384.2612998 383.5559782 379.7010904 374.3847387 361.4542618 352.8452934 340.7947147 327.0786975 314.2492905 296.0472858 288.6727242 285.8081439 283.8856435 287.1819944 291.7723532 299.2835254 308.5514046 315.967439 320.5081716 323.9197313 325.5863981 -9999 -9999 -9999
287.1454563 290.4774358 284.751886 267.6326528 243.1474787 224.5772475 218.4000152 221.7915907 228.5441301 230.9818376 242.8196719 260.7583091 275.334911 280.7173598 285.9641032 289.743004 296.5065135 302.5735549 304.4104543 304.7414424 305.1511367 304.9206632 303.4945641 300.1757042 301.0370961 301.3418699 308.9623626 313.5224976 319.0518428 325.5556821 331.4939883 343.9365939 350.1694617 358.4128442 363.8299884 367.8227067 374.7171349 381.8231431 387.8725864 391.5723555 392.2541618 383.2927061 379.1048081 372.9885442 362.0637886 353.0469838 342.6064989 331.1289052 321.4643718 310.1359837 303.4261225 304.3322452 304.0486216 310.4748363 321.1320729 326.8785254 338.0520866 343.8877507 351.9727548 362.3757409 364.2644824 364.3334274 361.6806074 -9999
