meets/meet004/data/CCSM_6k_neotropic_bio10.asc
NCOLS 154 
NROWS 168 
XLLCORNER -112 
YLLCORNER -55.5 
CELLSIZE 0.5 
NODATA_value -9999 
[rows 29 to 57 of 168, columns 64 to 127 of 154]
-9999 -9999 -9999 -9999 -9999 -9999 -9999 -9999 -9999 -9999 -9999 -9999 -9999 -9999 -9999 -9999 -9999 -9999 -9999 -9999 -9999 -9999 -9999 -9999 -9999 -9999 -9999 -9999 -9999 -9999 -9999 -9999 -9999 -9999 -9999 -9999 -9999 26.94645021 -9999 -9999 -9999 -9999 -9999 -9999 -9999 -9999 -9999 -9999 -9999 -9999 -9999 -9999 -9999 -9999 -9999 -9999 -9999 -9999 -9999 -9999 -9999 -9999 -9999 -9999
-9999 -9999 -9999 -9999 -9999 -9999 -9999 -9999 -9999 -9999 -9999 -9999 -9999 -9999 -9999 -9999 -9999 -9999 -9999 -9999 -9999 -9999 -9999 -9999 -9999 -9999 -9999 -9999 -9999 -9999 -9999 -9999 -9999 -9999 -9999 -9999 -9999 26.97128381 -9999 -9999 -9999 -9999 -9999 -9999 -9999 -9999 -9999 -9999 -9999 -9999 -9999 -9999 -9999 -9999 -9999 -9999 -9999 -9999 -9999 -9999 -9999 -9999 -9999 -9999
-9999 -9999 -9999 -9999 -9999 -9999 -9999 -9999 -9999 -9999 -9999 -9999 -9999 -9999 -9999 -9999 -9999 -9999 -9999 -9999 -9999 -9999 -9999 -9999 -9999 -9999 -9999 -9999 -9999 -9999 -9999 -9999 -9999 -9999 -9999 -9999 -9999 -9999 -9999 -9999 -9999 -9999 -9999 -9999 -9999 -9999 -9999 -9999 -9999 -9999 -9999 -9999 -9999 -9999 -9999 -9999 -9999 -9999 -9999 -9999 -9999 -9999 -9999 -9999
-9999 -9999 -9999 -9999 -9999 -9999 -9999 -9999 -9999 -9999 -9999 -9999 -9999 -9999 -9999 -9999 27.08743714 -9999 -9999 -9999 -9999 -9999 -9999 -9999 -9999 -9999 -9999 -9999 -9999 -9999 -9999 -9999 -9999 -9999 -9999 -9999 26.92663674 -9999 -9999 -9999 -9999 -9999 -9999 -9999 -9999 -9999 -9999 -9999 -9999 -9999 -9999 -9999 -9999 -9999 -9999 -9999 -9999 -9999 -9999 -9999 -9999 -9999 -9999 -9999
-9999 -9999 -9999 -9999 -9999 -9999 -9999 -9999 -9999 -9999 -9999 -9999 -9999 -9999 27.22130273 27.27070091 27.13260677 -9999 -9999 -9999 -9999 -9999 -9999 -9999 -9999 -9999 -9999 -9999 -9999 -9999 -9999 -9999 -9999 -9999 -9999 -9999 -9999 -9999 -9999 -9999 -9999 -9999 -9999 -9999 -9999 -9999 -9999 -9999 -9999 -9999 -9999 -9999 -9999 -9999 -9999 -9999 -9999 -9999 -9999 -9999 -9999 -9999 -9999 -9999
-9999 -9999 -9999 -9999 -9999 -9999 -9999 -9999 -9999 -9999 26.62308388 26.70101851 26.78221675 26.89127087 26.99291069 26.92857147 -9999 -9999 26.27174711 26.02620688 25.81650131 25.64098724 25.48139509 -9999 -9999 -9999 -9999 -9999 -9999 -9999 -9999 -9999 -9999 -9999 -9999 -9999 -9999 -9999 -9999 -9999 -9999 -9999 -9999 -9999 -9999 -9999 -9999 -9999 -9999 -9999 -9999 -9999 -9999 -9999 -9999 -9999 -9999 -9999 -9999 -9999 -9999 -9999 -9999 -9999
-9999 -9999 -9999 -9999 -9999 -9999 -9999 -9999 -9999 26.87246418 26.81828714 26.84461435 26.78315369 26.63365088 26.54880977 26.37600151 26.10551994 25.84018989 25.70570894 25.41547746 25.23751112 25.22057659 24.9853126 25.28893595 -9999 -9999 -9999 -9999 -9999 -9999 -9999 -9999 -9999 -9999 -9999 -9999 -9999 -9999 -9999 -9999 -9999 -9999 -9999 -9999 -9999 -9999 -9999 -9999 -9999 -9999 -9999 -9999 -9999 -9999 -9999 -9999 -9999 -9999 -9999 -9999 -9999 -9999 -9999 -9999
-9999 -9999 -9999 -9999 -9999 -9999 -9999 -9999 -9999 27.4368516 27.26864547 26.90288528 26.58945287 26.13154945 25.78432404 25.50752506 25.39816257 25.38604009 25.23615273 25.16915186 25.21590811 25.33521196 25.49178546 25.7683558 25.96710136 26.27428935 26.6466925 26.90644272 27.20988052 27.40264989 27.46748156 27.40907895 27.27335795 27.04870252 26.80472077 -9999 -9999 -9999 -9999 -9999 -9999 -9999 -9999 -9999 -9999 -9999 -9999 -9999 -9999 -9999 -9999 -9999 -9999 -9999 -9999 -9999 -9999 -9999 -9999 -9999 -9999 -9999 -9999 -9999
-9999 -9999 -9999 -9999 -9999 -9999 -9999 -9999 -9999 27.91420854 27.99423333 27.26638893 26.68423553 25.93585707 25.27917369 24.84762596 24.67191905 24.72910649 24.66215183 24.80902308 25.12307969 25.60924666 26.18085575 26.71872647 27.05721257 27.41515267 27.76830297 28.013511 28.1209268 28.28566249 28.22113817 27.94602307 27.75944129 27.36294765 26.99964546 26.78175414 26.69974071 -9999 -9999 -9999 -9999 -9999 -9999 -9999 -9999 -9999 -9999 -9999 -9999 -9999 -9999 -9999 -9999 -9999 -9999 -9999 -9999 -9999 -9999 -9999 -9999 -9999 -9999 -9999
26.10472665 26.06066079 26.03294644 26.21088571 -9999 -9999 -9999 -9999 27.4624429 27.96961674 27.96485415 27.3673243 26.79106316 25.64899502 24.93753621 24.32975402 24.02022701 24.17219938 23.93030562 24.09419518 24.65469127 25.77085794 26.97813796 27.65344376 28.27898936 28.67808812 28.71529728 28.79967276 28.72778206 28.61842547 28.41652133 28.15419307 27.82309197 27.49693863 27.1905846 26.95157673 26.83825291 26.75036328 -9999 -9999 -9999 -9999 -9999 -9999 -9999 -9999 -9999 -9999 -9999 -9999 -9999 -9999 -9999 -9999 -9999 -9999 -9999 -9999 -9999 -9999 -9999 -9999 -9999 -9999
25.81591199 -9999 -9999 25.70260377 25.86257958 25.96239633 25.96900785 26.76470846 27.02284115 27.45359044 27.46723072 26.89472988 26.32997409 25.00145767 24.03109753 23.19133133 22.77984996 22.90977735 22.85226615 23.40602249 24.22602169 25.68968882 27.24290811 28.08180503 28.83997625 29.32402163 29.27552743 29.3556392 29.19825681 28.95215629 28.70968254 28.43023121 28.07283122 27.77992665 27.4738729 27.21746577 27.09839913 26.97190975 -9999 -9999 -9999 -9999 -9999 -9999 -9999 -9999 -9999 -9999 -9999 -9999 -9999 -9999 -9999 -9999 -9999 -9999 -9999 -9999 -9999 -9999 -9999 -9999 -9999 -9999
-9999 -9999 -9999 25.38833488 25.06562924 24.90065233 25.0045913 25.34689079 25.7434311 26.33291087 26.23324255 25.75214807 25.18049907 23.63893848 22.22594081 21.5754287 21.3320676 21.55709279 22.25584043 22.92130531 24.13157326 25.63740754 26.86641854 27.83677172 28.60366277 29.07278213 29.30579872 29.50395571 29.14437888 29.15648448 28.89102232 28.49045828 28.47475968 27.87535562 27.63827458 27.40197323 27.14008221 27.2032046 26.98857141 26.92133536 26.84872398 -9999 -9999 -9999 -9999 -9999 -9999 -9999 -9999 -9999 -9999 -9999 -9999 -9999 -9999 -9999 -9999 -9999 -9999 -9999 -9999 -9999 -9999 -9999
-9999 -9999 -9999 25.18475687 24.58022427 24.21432764 24.00951812 23.84926822 24.08699815 24.37780266 24.13621071 23.58170099 22.78236287 21.41114792 20.69911296 20.41219217 20.51072853 21.08607753 22.37137134 23.60659818 24.88617382 26.01826805 26.77613058 27.50243554 28.08474349 28.45253439 28.52060126 28.6214104 28.24763153 28.1588897 27.89169979 27.55378196 27.59689532 27.13325852 27.0000902 26.84903926 26.6965285 26.81073567 26.66617432 26.71777325 26.74397159 26.69778285 -9999 -9999 -9999 -9999 -9999 -9999 -9999 -9999 -9999 -9999 -9999 -9999 -9999 -9999 -9999 -9999 -9999 -9999 -9999 -9999 -9999 -9999
-9999 -9999 -9999 -9999 24.5177586 23.8528822 23.31512879 22.81274507 22.49031731 22.26849027 21.75228645 21.05609284 20.18780913 19.68825841 19.12348332 19.27454523 19.97526985 20.9787314 22.9917561 25.19069104 26.56700719 26.73621583 26.94686229 27.11070072 27.43485495 27.43621722 27.06210314 26.80214214 26.43520786 26.07050058 25.815701 25.69232176 25.54116555 25.54550531 25.59035387 25.60686997 25.67191275 25.79002834 25.86416076 26.05709839 26.28140924 26.44949033 26.70052305 -9999 -9999 -9999 -9999 -9999 -9999 -9999 -9999 -9999 -9999 -9999 -9999 -9999 -9999 -9999 -9999 -9999 -9999 -9999 -9999 -9999
-9999 -9999 -9999 -9999 -9999 23.75257607 22.81615459 21.85557257 21.21979452 20.69719874 20.09129089 19.56223653 18.9075603 18.50950296 18.20939325 18.73109177 19.91902585 21.4758597 23.63643827 25.68210087 26.90007217 26.78541119 26.50270743 26.30999322 26.22937817 25.86552265 25.24535954 24.71892602 24.4141394 24.17968558 23.95752431 23.83719073 23.67883859 23.80895066 23.97215976 24.13448357 24.33985032 24.52969426 24.74421006 25.01410136 25.40988809 25.8324642 26.28696668 26.55871375 -9999 -9999 -9999 -9999 -9999 -9999 -9999 -9999 -9999 -9999 -9999 -9999 -9999 -9999 -9999 -9999 -9999 -9999 -9999 -9999
-9999 -9999 -9999 -9999 -9999 24.03511023 22.37432445 20.94923288 19.96187704 19.24868321 18.64881943 18.44099379 18.31031837 18.02822244 17.78589881 18.7040647 20.43594672 22.32936577 24.07238356 25.48853024 26.44108334 26.27564221 25.72194292 25.30868358 24.73839339 24.04178483 23.33522275 22.52679535 22.49787492 22.6380906 22.49481162 22.20951167 22.04152444 22.24097784 22.44984345 22.72103288 23.0274385 23.21796824 23.51581663 23.76293341 24.29548762 24.90490868 25.60865677 26.31035135 26.9223331 -9999 -9999 -9999 -9999 -9999 -9999 -9999 -9999 -9999 -9999 -9999 -9999 -9999 -9999 -9999 -9999 -9999 -9999 -9999
-9999 -9999 -9999 -9999 -9999 24.02885015 21.99726714 20.27717478 19.05652692 18.2070182 17.68948223 17.7074867 17.86225065 18.05620828 18.41320796 19.55587432 21.32645714 23.00275081 24.36927045 25.21440395 25.76148066 25.5310019 24.9878117 24.43542177 23.5951828 22.73913963 21.89076682 21.12617344 21.02047878 21.01893647 20.91130744 20.78566013 20.67591016 20.99961264 21.33299072 21.70240384 22.08639126 22.26158684 22.47664022 22.60399833 23.14380383 23.95586952 24.87473204 25.91469565 26.83084239 27.36754944 27.44847025 27.38468215 27.31184165 27.23091562 27.11770987 26.92990571 -9999 -9999 -9999 -9999 -9999 -9999 -9999 -9999 -9999 -9999 -9999 -9999
-9999 -9999 -9999 -9999 -9999 23.93085325 21.68671265 19.60768873 18.39061659 17.41548312 16.98093555 17.20922835 17.55286585 18.40377013 19.35464728 20.72383032 22.31382976 23.86011252 24.64846196 25.06228728 25.1854883 24.94780228 24.48706916 23.72552947 22.79951719 21.8448294 20.91551971 20.06097183 19.82838317 19.60447945 19.51104814 19.56103201 19.50165152 20.06294074 20.58350712 21.0746856 21.4643971 21.64658502 21.7354361 21.61077801 22.12217154 23.14374218 24.13902184 25.43987769 26.63227601 27.35101712 27.56928665 27.70297666 27.61272327 27.56396857 27.43981229 27.27387259 27.2086081 26.8691582 26.66431888 -9999 -9999 -9999 -9999 -9999 -9999 -9999 -9999 -9999
-9999 -9999 -9999 -9999 -9999 23.78057985 21.5144538 19.49546901 18.09132839 17.24474872 16.88772364 17.1314454 17.87213794 19.0556611 20.46710946 21.89159285 23.19790535 24.20155406 24.7937388 24.93912727 24.89254659 24.57388251 23.9276698 23.30504349 22.38306745 21.46809299 20.65634477 19.73530002 19.44322376 19.09593171 18.98728696 19.15836564 19.23422195 19.87005826 20.32297738 20.91611484 21.60064655 21.74406689 21.79637294 21.49047623 21.92505167 22.95458096 23.94719865 25.24322484 26.27069003 27.0410641 27.5119361 27.69609038 27.74571083 27.67962467 27.54700976 27.31755451 27.12154332 26.81900907 26.59339764 26.40646517 -9999 -9999 -9999 -9999 -9999 -9999 -9999 -9999
-9999 -9999 -9999 -9999 -9999 23.89726763 21.33879491 19.26949521 17.98833361 17.2215396 17.02645076 17.40171615 18.1655792 19.85838521 21.61570857 22.99351073 23.84845846 24.61064289 24.85677792 24.87671177 24.71098992 24.28391809 23.6221508 23.26542579 22.4578569 21.71037029 21.06179086 19.84959114 19.90627843 19.46207936 19.3623496 19.66440221 19.46628455 20.34228207 20.74849942 21.46456739 22.40712526 22.59939746 22.92200981 22.3291175 22.61272564 23.65010879 24.15120953 25.31691848 26.10484553 26.74622496 27.29118497 27.64742402 27.62474264 27.56738211 27.39582521 27.10201959 26.82169264 26.47504836 26.25166185 26.13880102 26.15337741 26.27353088 -9999 -9999 -9999 -9999 -9999 -9999
-9999 -9999 -9999 -9999 -9999 23.38745452 21.01618236 19.17603013 17.96841695 17.45901832 17.45149303 17.99083416 19.14101883 20.81098443 22.60246151 23.81787874 24.3087148 24.51985038 24.66491745 24.64423144 24.53283272 24.30445421 23.98973319 23.75977289 23.46792226 22.98930301 22.4384542 21.87290498 21.40239934 21.09574684 20.99469084 21.13700839 21.41067457 21.67935434 22.12179962 22.92324113 24.03517222 24.96971671 25.05517069 24.93442331 25.03961195 25.22479548 25.60923677 25.86950148 26.16131741 26.53108911 26.95019236 27.18942207 27.27465984 27.10158373 26.91375921 26.69834468 26.34178448 25.98431908 25.64273946 25.58431 25.85501979 26.05031594 -9999 -9999 -9999 -9999 -9999 -9999
-9999 -9999 -9999 -9999 -9999 22.60849666 20.55133311 18.81317419 18.10185227 17.75581156 17.93271285 18.74302728 19.89925941 21.63219482 23.4294847 24.45913766 24.45763174 24.43313447 24.48629174 24.45986064 24.42634926 24.37576457 24.39992995 24.30592925 24.50240286 24.25024129 23.74652487 23.74378819 22.87420024 22.68636583 22.59677657 22.62198725 23.26348968 23.0231336 23.42387825 24.18861107 25.33411581 27.16800283 26.61632001 26.95418963 26.94629952 26.38748448 26.81198187 26.25473901 26.15700838 26.31376458 26.63280382 26.89806146 27.03262123 26.80237004 26.65840943 26.52889694 26.02845932 25.70657379 25.1669383 25.10955089 25.59495614 25.93394483 -9999 -9999 -9999 -9999 -9999 -9999
-9999 -9999 -9999 -9999 -9999 21.13959135 19.94414715 19.03179798 18.48926115 18.43622338 18.85323656 19.69353033 20.84629966 22.24784975 23.51727963 24.29808465 24.44079236 24.3820096 24.40758862 24.43677321 24.46422695 24.46677036 24.52063247 24.61223336 24.73278273 24.58312099 24.21647869 23.9087931 23.5105974 23.37467531 23.31909955 23.37406068 23.68313133 23.77704891 24.1557386 24.7138808 25.3732092 26.10604655 26.32653629 26.43494302 26.42051675 26.20324878 26.11725421 25.96240736 25.98026294 26.18537685 26.58470581 26.95663203 27.1700466 27.20170526 27.0837381 26.82992341 26.43687481 25.83096176 25.30630737 25.17025479 25.46334533 25.8030173 -9999 -9999 -9999 -9999 -9999 -9999
-9999 -9999 -9999 22.34785392 20.79386229 19.69719008 19.1859273 19.03597215 19.11502041 19.44449359 20.06456136 20.89034103 21.77681726 22.72990767 23.56537982 24.12870177 24.24756271 24.29635838 24.37865734 24.43676256 24.49034917 24.51606301 24.5632486 24.66224304 24.75939427 24.60416768 24.23938424 23.86982153 23.62388794 23.5719571 23.54888254 23.60471746 23.84849015 24.07738133 24.3998965 24.7287194 24.90536194 25.04355719 25.33859576 25.36831815 25.41400616 25.3930491 25.30607749 25.46629482 25.6719546 26.0192285 26.60919832 27.09017132 27.35899511 27.58110249 27.48674417 27.12550218 26.79610463 26.00859522 25.40817133 25.19363355 25.33737498 25.70145189 25.89002497 -9999 -9999 -9999 -9999 -9999
-9999 -9999 22.91587832 20.88678624 19.10411183 18.27238216 18.4000278 18.96369122 19.93960885 21.11700615 21.95465204 22.37324418 22.82664501 23.24725318 23.60396865 23.92097271 24.09103391 24.19901544 24.33771769 24.43890101 24.52889466 24.56890257 24.616153 24.73401411 24.79943321 24.65847205 24.33259819 23.99556491 23.77467101 23.65338291 23.64886471 23.77186689 23.98056847 24.26019837 24.5153918 24.69828224 24.77124301 24.75254158 24.82156708 24.80948301 24.86138485 24.92044751 24.97813577 25.18882255 25.48750606 25.94720429 26.57649448 27.14769543 27.40069057 27.4788819 27.35852616 27.03511593 26.59899173 25.9241829 25.35088847 25.07578879 25.10723935 25.34063355 25.71979044 26.06486295 -9999 -9999 -9999 -9999
-9999 -9999 21.63601759 19.75939317 17.92578313 17.36702749 18.15265715 19.13964143 20.72321093 22.47814221 23.38458786 23.42878192 23.60410179 23.62765248 23.64834009 23.80775194 23.94948122 24.11657061 24.28338361 24.43167304 24.55756523 24.60705438 24.6624983 24.77794435 24.86057751 24.73644923 24.44166007 24.12131508 23.91552277 23.79355023 23.79495965 23.934156 24.1377015 24.42857785 24.67746228 24.81251382 24.77573061 24.66526171 24.68160358 24.5936109 24.61313563 24.67648215 24.75863012 25.00526714 25.3453423 25.81446631 26.44245393 27.02731215 27.16736782 27.20171661 27.06357418 26.73717395 26.34551567 25.73045111 25.18503548 24.92080544 24.90454077 25.0821227 25.61993608 26.11290988 -9999 -9999 -9999 -9999
23.72837518 22.27075736 20.59640609 18.98549736 17.73846375 17.5935053 18.45317645 19.93311666 21.55199162 23.10129043 23.99584515 24.00964053 23.80526674 23.80519069 23.80180275 23.83911392 23.95662703 24.0395225 24.2744545 24.45612929 24.59175811 24.66291955 24.70895342 24.81300745 24.86321549 24.78381008 24.57265878 24.31895909 24.16850699 24.05842963 24.08196954 24.23995121 24.42164924 24.68239509 24.88554417 24.95977259 24.92347598 24.80506656 24.71951384 24.60281616 24.58923203 24.59953892 24.66559852 24.93295384 25.23645483 25.65497182 26.18786775 26.55305237 26.79713674 26.82595096 26.69543101 26.42005334 26.04353863 25.5287731 25.07989527 24.84538772 24.84036254 25.08758415 25.55166267 26.07054157 -9999 -9999 -9999 -9999
22.70382833 21.29906841 19.8509476 18.69476003 17.8950774 17.98167948 19.02507258 20.49770534 22.05324463 23.57396581 24.40481793 24.28627595 24.08007366 24.10523107 24.0745974 24.11436796 24.17738508 24.20406177 24.39762453 24.55817678 24.66556213 24.72019186 24.74730416 24.81818232 24.86801757 24.83480529 24.71613574 24.5926463 24.54530931 24.50944084 24.55121702 24.67801045 24.79902306 24.9677136 25.11362796 25.15208119 25.08892406 24.98738211 24.89151972 24.75769673 24.7459481 24.76052427 24.81995451 25.08101762 25.32496026 25.64255434 26.02665627 26.2727269 26.48017981 26.51314035 26.3722666 26.09748254 25.72811455 25.29983093 24.97792569 24.82992539 24.85387381 25.0582455 25.43938024 25.86739302 26.11997924 -9999 -9999 -9999
21.3486802 20.41453571 19.3496402 18.65535868 18.32896013 18.67746335 19.54341975 20.79092337 22.40843418 23.85624028 24.64223082 24.63930846 24.50777312 24.47867602 24.54495944 24.56712667 24.5452116 24.61552568 24.65051428 24.71642232 24.76786783 24.76956805 24.78369828 24.81361316 24.84244427 24.86429168 24.88257949 24.9324241 24.96034569 25.0992976 25.16455051 25.14785284 25.23559814 25.2570657 25.2995388 25.29821056 25.24198316 25.18324771 25.10170643 25.04475946 25.06224608 25.12298639 25.26911662 25.44923775 25.64435516 25.83982317 26.05666828 26.20289305 26.30415993 26.28360022 26.12113252 25.77615376 25.38279385 25.13916329 24.95032305 24.88151855 24.9465454 25.07514262 25.28713934 25.4585324 25.69973805 26.00469354 26.18835876 -9999
