meets/meet004/data/CCSM_21k_neotropic_bio07.asc
NCOLS 154 
NROWS 168 
XLLCORNER -112 
YLLCORNER -55.5 
CELLSIZE 0.5 
NODATA_value -9999 
[rows 58 to 86 of 168, columns 64 to 127 of 154]
10.41360905 13.21884032 14.38831114 12.48782744 9.782904785 8.760615314 9.043178626 9.757361294 10.07365039 10.30524176 10.30447813 9.91848987 9.62655363 9.584441355 9.638080911 9.638752285 9.545179416 9.475431854 9.489870397 9.52627879 9.539927734 9.591511353 9.638411551 9.717647847 9.830240012 10.212145 10.62818942 10.9674477 11.32397409 11.57651906 11.56937906 11.31621579 10.9784161 10.6087349 10.17025614 9.813441245 9.784095487 9.836190069 9.895953673 9.956437064 10.05150525 10.16940632 10.41285011 10.74083789 11.06692277 11.19228308 11.16028419 11.12346986 10.93115176 10.81266337 10.5671734 10.34952513 10.3752657 10.44795219 10.61542728 10.86499608 11.11538793 11.47751216 11.89260045 12.30241797 12.46786015 12.43215154 12.32499642 -9999
11.97695429 14.35578431 15.6302745 13.07550086 9.727036268 8.516595093 9.183908795 10.07568055 10.46381463 10.69608434 10.64673385 10.17747623 9.849045109 9.84616113 9.868496262 9.868372509 9.794552203 9.703045438 9.74679701 9.799272961 9.776293189 9.706952161 9.622877087 9.604693661 9.634149966 9.728383129 9.94692659 10.07954919 10.31870061 10.36409631 10.29729276 10.11961921 9.75357374 9.544618225 9.480906396 9.509104161 9.607825675 9.626218325 9.66642755 9.855195117 10.13359275 10.45055949 10.83683381 11.18232253 11.60951928 11.72106537 11.52942808 11.35664836 10.97792109 10.63876228 10.32878863 10.09930668 9.994687534 10.1623082 10.31997643 10.57326378 10.92823106 11.28831682 11.66933828 12.12220534 12.47413049 12.70392039 13.03574493 13.02490891
12.28916723 14.54407041 15.32957761 13.02364192 9.798472561 8.714853544 9.375900751 10.35372825 10.77163671 10.9330488 10.85721839 10.42866547 10.13468551 10.10305984 10.14470804 10.151106 10.06873705 9.981882723 10.01462387 10.05976317 10.04501653 9.985916782 9.912348281 9.882694214 9.842454133 9.771580228 9.668885472 9.641073396 9.684723959 9.625105664 9.560130968 9.589239989 9.607870145 9.656274712 9.671664307 9.723554137 9.807042734 9.867367776 9.884981887 10.07269896 10.3528696 10.67060714 11.01421866 11.29954656 11.57197018 11.61629456 11.46709047 11.26367588 10.91121044 10.54380745 10.26497053 10.14344375 10.02285057 10.1161361 10.21788456 10.44384454 10.80061876 11.19883263 11.51232286 11.96257376 12.30092853 12.55223088 13.06156696 13.16224758
11.93978432 14.16470433 14.80712601 12.99818879 9.959969367 9.024955404 9.746701531 10.57972264 11.00423951 11.11779253 11.04116782 10.67949361 10.37567522 10.42058198 10.47573444 10.48109403 10.3841365 10.27356367 10.31122983 10.3348869 10.31907108 10.28965796 10.21061244 10.2048637 10.15262252 10.08448167 9.991249823 9.859949864 9.861008324 9.833132454 9.865634361 9.960812315 10.0397727 10.11492597 10.1678147 10.21509035 10.22434571 10.18602036 10.25082294 10.37183309 10.63931005 10.88110559 11.13071366 11.2567012 11.22985409 11.24041876 11.26347541 11.02607518 10.8603176 10.62510891 10.44495843 10.49094808 10.56239595 10.44318534 10.51058926 10.72882321 11.00551593 11.30919917 11.61515195 11.79031373 12.21202588 12.53682325 12.76399539 13.09016128
11.28292512 13.73993951 14.58429068 13.19857001 10.46422763 9.583350055 10.10578007 10.90582946 11.25942134 11.34109166 11.25309186 10.93916046 10.72665092 10.72212141 10.77113029 10.78111266 10.69606686 10.60489753 10.62450364 10.65862074 10.65746704 10.64303698 10.58655214 10.57658465 10.53476966 10.48224667 10.41562392 10.33373832 10.28868613 10.25983156 10.29128945 10.37036813 10.48187859 10.59499395 10.68187448 10.73610741 10.74256517 10.72158117 10.69050038 10.66275541 10.8853715 11.11625303 11.27826245 11.37757893 11.37398978 11.39542863 11.44459311 11.34785788 11.18289606 10.95117918 10.83823529 10.90479073 10.94261561 10.82027822 10.87547556 11.0518881 11.30063899 11.55830675 11.76827847 11.933909 12.18095271 12.44288479 12.66410289 12.79111816
10.81261398 13.55811537 15.38843765 13.59779641 10.85894511 10.16245327 10.74139774 11.35837453 11.67091495 11.72293048 11.55626435 11.21174722 11.01687391 11.00620342 11.06919249 11.08867406 11.01886463 10.93697156 11.00659917 11.06263622 11.0715696 11.07930845 11.02268446 11.01717482 10.98153267 10.92926561 10.88923859 10.86019408 10.76659617 10.72297283 10.74440362 10.79567888 10.90608264 11.01582632 11.15812981 11.23878192 11.26248991 11.30828992 11.18862346 11.04205702 11.14463094 11.35701048 11.48128163 11.65252124 11.72479847 11.78287605 11.88415456 11.97782513 11.66366983 11.41537214 11.30140183 11.28744699 11.27137292 11.17915748 11.21010503 11.36067006 11.58372356 11.85258714 11.97747811 12.14918481 12.3553878 12.53336156 12.73046018 12.86569891
11.36049319 13.38951764 14.32142013 13.45276803 11.61664881 11.19861176 11.83448114 12.47558579 12.48506054 12.0381699 11.71113556 11.48216483 11.32412035 11.29833099 11.28058716 11.33669323 11.40292252 11.43741154 11.52560622 11.56772026 11.59982855 11.62427668 11.58587583 11.56771527 11.50928241 11.43280502 11.34458245 11.2612608 11.21940421 11.19698845 11.20225853 11.22542776 11.27564446 11.35567163 11.45529812 11.56376439 11.7037992 11.75670967 11.67891684 11.54374291 11.55043309 11.73927749 11.94937497 12.13702767 12.24989692 12.30058525 12.29449353 12.19556081 12.03199152 11.83319901 11.7218023 11.7213176 11.68370902 11.62134182 11.60366777 11.72032294 11.87842692 12.00605524 12.13065296 12.2193673 12.39087956 12.57444071 12.76672717 12.92109989
12.12654983 13.19193357 13.87025355 13.54413107 12.48035507 12.43385021 13.23128855 14.00910771 13.45971672 12.57279716 12.00506586 11.86195779 11.70211586 11.69787444 11.5770282 11.658825 11.88255255 12.00055569 12.1107093 12.1557041 12.21574747 12.27574396 12.21991341 12.20180458 12.09926661 11.96966213 11.82843079 11.64157612 11.6554815 11.65152094 11.66322987 11.65514526 11.64000961 11.71874939 11.74741689 11.86771716 12.10492495 12.25259629 12.18001945 12.07816936 12.12448312 12.38425689 12.69652276 12.67132276 12.7710744 12.79772015 12.65155686 12.40895125 12.39959972 12.24597089 12.15894416 12.20319419 12.15679081 12.18548181 12.1864275 12.25270096 12.34466867 12.28228431 12.40831114 12.32286697 12.45603327 12.79884894 13.0319741 13.48116508
12.49805175 13.29679525 13.76241775 13.80057705 13.804314 14.02063167 14.42781335 14.64878 14.08577145 13.28832197 12.68822566 12.57392762 12.57311412 12.53801281 12.43757571 12.47214432 12.60606313 12.71068639 12.79712184 12.86635014 12.95167255 13.00743163 12.99571927 12.93488874 12.79331377 12.61330453 12.39953451 12.21399671 12.18018719 12.18203012 12.16869221 12.15045516 12.13006727 12.18729102 12.26205285 12.37423642 12.54598409 12.65723006 12.70645863 12.70043442 12.79478175 12.98571891 13.12607929 13.26085259 13.2789675 13.23080721 13.15800503 13.01141488 12.96871353 12.9060535 12.91673403 13.01506917 13.0649912 13.18767562 13.26004085 13.39359682 13.54422402 13.65116065 13.68859935 13.74886019 13.74946816 13.81224585 14.09799473 14.18572359
13.0194281 13.4354769 13.70994276 13.75751489 14.4094793 14.65162115 14.53817108 15.03379702 14.31792667 13.77936988 13.47288676 13.26265128 13.44671596 13.3158259 13.39368188 13.44518704 13.47927315 13.62995471 13.64208701 13.76610941 13.75547525 13.70725182 13.75660528 13.58852179 13.46035302 13.264023 12.9973698 12.78968637 12.74302811 12.74361987 12.72149946 12.65656698 12.63413303 12.67723325 12.78228123 12.88380719 12.97423418 13.1114966 13.21899947 13.33054107 13.46835062 13.64523575 13.66435184 13.83344535 13.84890135 13.84481192 13.89039767 13.91992985 13.92428294 13.9298752 13.97036801 14.05431945 14.12039119 14.23838145 14.38058609 14.54025549 14.69629371 14.94424672 14.84748273 14.9505957 14.81098399 14.46476877 14.73223681 14.30477511
13.39296585 13.94237102 14.0558568 13.33072039 12.909863 13.04652768 13.36553658 13.63400552 13.8741313 14.15082923 14.19107492 13.89838317 13.85536767 13.97376891 14.18923976 14.27401485 14.25709761 14.28128023 14.4219227 14.61065589 14.60231212 14.47396403 14.29195343 14.21249843 14.10166062 13.91667219 13.69193255 13.46707923 13.42928616 13.40564258 13.33325923 13.23617284 13.14901001 13.17801864 13.23227359 13.30185993 13.40070227 13.5236723 13.71856334 13.94192475 14.19232188 14.48445398 14.67235436 14.64292044 14.53102411 14.562806 14.72861151 14.87842264 14.98096071 15.06888451 15.15444334 15.22341857 15.3301185 15.37673993 15.48148404 15.58843452 15.66385118 15.7669852 15.62642251 15.47934391 15.00855803 14.17799608 13.8142158 13.95423929
12.81891156 13.77156094 14.37097648 13.57647107 11.87903282 11.49293003 11.9396895 12.33740926 13.15717896 14.14869771 14.44459993 14.18587198 14.13334512 14.45183873 14.81721285 14.94632487 14.85184803 14.83297848 14.99654237 15.28956569 15.29185547 15.09705861 14.91769959 14.82234279 14.75717048 14.60305601 14.38381801 14.16145183 14.0816795 14.05653644 13.95448416 13.78910478 13.66567141 13.63997235 13.66195802 13.71336756 13.78045439 13.90887201 14.14376386 14.49424429 14.81921743 15.20637453 15.57262089 15.3905411 15.21917764 15.27001823 15.51124347 15.80364313 15.89897428 16.07527357 16.1683951 16.18064495 16.36449114 16.30549614 16.39163279 16.43051728 16.33910931 16.32691125 15.94165185 15.54858467 14.97701827 13.94544701 13.22073479 13.51350318
9.899461976 12.8712156 14.76815966 13.71109193 11.4967675 11.02420588 11.32853231 12.0295032 12.85181055 13.63927994 14.12831182 14.41857673 14.5796296 15.02316486 15.5097105 15.60367503 15.38438187 15.35988579 15.52025897 15.74501837 15.77107687 15.6639264 15.5588784 15.51210523 15.52184235 15.3904249 15.17624454 14.95862095 14.84662597 14.73276466 14.56902947 14.40830567 14.23989248 14.18872676 14.16856065 14.17695006 14.20905144 14.34569727 14.58642159 14.92320477 15.31294371 15.74021787 15.99270406 16.01745452 15.91367662 16.01734493 16.31032289 16.61139052 16.72069513 16.821974 16.90325858 16.91345567 16.99983188 17.01424804 17.09051677 16.99340929 16.87820919 16.64168413 16.07934969 15.57520757 14.84449022 13.81928801 13.1493782 13.14643303
8.087759099 11.75435938 14.93884128 13.62534759 11.11572175 10.65518416 11.19804091 11.95266316 12.77565543 13.58295483 14.08440466 14.55993882 14.9551247 15.44996402 16.03511879 16.15492761 15.8964379 15.75995774 15.83959518 16.11450213 16.11022492 16.01639907 16.0260968 15.98339913 16.09440458 16.0442486 15.84378654 15.69875819 15.52870079 15.40830558 15.21762667 15.01058089 14.83370333 14.725928 14.74147907 14.73144641 14.6873979 14.82039581 15.06280333 15.45095375 15.85870015 16.24761405 16.56418996 16.68177046 16.69028993 16.79998989 17.01553343 17.25975884 17.25384994 17.3480904 17.41598293 17.39584665 17.50834622 17.50491838 17.70735204 17.66445445 17.41368133 17.06677265 16.3470939 15.46626302 14.62325911 13.69261247 13.05226783 12.94276642
-9999 10.29654357 14.07377324 12.98082926 10.3337903 10.48599556 11.44858098 12.17908523 13.05436489 13.91945752 14.45969642 14.97712491 15.38588895 15.90378017 16.30771299 16.45191434 16.35649663 16.2343085 16.34465648 16.47175027 16.47395956 16.41069795 16.34112689 16.3696614 16.43415179 16.47987104 16.41599339 16.34323574 16.22416638 16.10033983 15.89021693 15.66706083 15.45443264 15.34227765 15.28695281 15.20172343 15.11011066 15.16523924 15.46530577 15.91928867 16.3747131 16.86710661 17.27711803 17.49646812 17.66237046 17.75110668 17.66767954 17.6372436 17.65130533 17.68615438 17.73329682 17.81356366 17.9195294 18.13695985 18.23078842 18.08620172 17.99801499 17.59013738 16.49098625 15.12486008 14.14674698 13.68633579 13.28968144 13.01113204
-9999 -9999 11.47968484 11.12780078 10.06350897 10.69379502 11.76692947 12.57118982 13.55435922 14.43772472 14.98438381 15.3789012 15.70663116 16.09400368 16.5514636 16.64851443 16.57642342 16.52624132 16.59453223 16.76385252 16.76400675 16.69567252 16.6704249 16.68841365 16.84183469 16.89766596 16.83261433 16.84010271 16.75782043 16.70469554 16.51902151 16.27470443 16.06005739 15.87475794 15.75932267 15.62382474 15.45153502 15.46843978 15.79156805 16.34947096 16.87114097 17.36752063 17.81990833 18.08638175 18.31262679 18.35644462 18.13105926 18.00489877 17.95836078 17.97292719 18.02018796 18.09253703 18.40370151 18.64090969 18.72255728 18.6469197 18.54328696 18.05357807 16.7513835 15.13761576 14.17324303 13.84585787 13.56902248 13.2768971
-9999 -9999 -9999 8.743282173 10.27387922 11.54532183 12.49347278 13.00399187 13.86501274 15.00186194 15.59365777 15.49561665 15.84061197 16.12583291 16.57499517 16.78878207 16.70287338 16.77064438 16.78529686 16.89957074 16.90503166 16.9105276 16.93867498 16.96237115 17.09097851 17.21165516 17.27512385 17.32163051 17.23271257 17.16776207 17.0097429 16.8329781 16.66156993 16.43052949 16.30402509 16.12916632 15.9268325 15.96409183 16.26341632 16.74020572 17.2361879 17.71945905 18.17116384 18.40664598 18.52834386 18.55581295 18.53290026 18.61051644 18.49754903 18.48408873 18.46581154 18.52695381 18.88942011 19.11127107 19.25419866 19.11245276 19.02847333 18.53207222 17.08886917 15.62860118 14.60746305 14.14492614 13.95070474 13.78946411
-9999 -9999 -9999 7.536924846 10.53398367 12.29667316 12.79421634 13.13582736 13.73502466 14.93420413 15.53888305 15.34869942 15.59636301 15.9200534 16.36477483 16.63923373 16.7157963 16.80216357 16.76332215 16.8812849 16.9024637 16.93888263 17.06086459 17.10299336 17.21433429 17.3696774 17.48759515 17.62504622 17.59200715 17.59857493 17.4641014 17.25946647 17.11034137 16.84301095 16.68289639 16.53099553 16.39638723 16.48655837 16.70603651 17.11497397 17.54195755 17.95054846 18.34888735 18.52179716 18.62696957 18.72744604 18.85636781 18.991931 18.91722718 18.90558316 18.87129667 19.08850532 19.46929661 19.59453306 19.6406109 19.47712718 19.26639531 18.73832841 17.46593841 16.1127178 15.13744139 14.62784004 14.45918818 14.30627787
-9999 -9999 -9999 7.132952798 10.8366294 12.95347573 12.75711126 12.94546318 13.53715868 14.41142724 14.94491606 14.82780259 15.01297143 15.47331803 15.97271968 16.38612919 16.56287096 16.73990822 16.7209222 16.8069295 16.86301153 16.93408586 17.07996795 17.15733933 17.29077065 17.42797287 17.59765504 17.75078526 17.81886668 17.85031875 17.7944183 17.71400311 17.56549385 17.33835291 17.16894395 16.97945807 16.81818582 16.95139234 17.15217589 17.45041551 17.79491988 18.11792052 18.42903752 18.65846293 18.87213173 19.0305419 19.1074639 19.1144581 19.12454797 19.1206103 19.07046618 19.57916586 19.96483705 19.89449229 19.82501862 19.49115843 19.17326495 18.75910164 17.50608023 16.36986462 15.53673054 15.09756591 14.859705 14.69178231
-9999 -9999 -9999 -9999 9.396440281 11.64805818 12.63449854 13.20128661 13.52974295 13.43345623 13.72946799 13.97829881 14.40342941 14.84062985 15.42326839 15.89081121 16.29655714 16.58867659 16.661089 16.61466098 16.64900176 16.74477194 16.96268659 16.99842838 17.14878111 17.28441458 17.47312849 17.69834436 17.85757007 17.98445425 17.99727573 17.95031076 17.87471032 17.68226893 17.55452798 17.43232246 17.36911939 17.44699822 17.58319762 17.84953449 18.12921296 18.38476571 18.69190311 18.93192138 19.15045358 19.27888086 19.31606681 19.29583054 19.22020008 19.17058418 19.24088014 19.78659775 20.0579215 19.83009628 19.33876462 18.81961821 18.41724271 17.96676414 17.17824632 16.4232653 15.80479373 15.47812697 15.22677126 15.02893972
-9999 -9999 -9999 -9999 7.127621418 9.440650625 12.19322244 14.34419638 13.83184618 12.53486873 12.24790877 12.68791561 13.73181984 14.18892573 14.924615 15.64602445 16.12465455 16.55660672 16.43807308 16.32443747 16.36301459 16.44208903 16.81486107 16.78524271 16.91182206 17.10879461 17.31709039 17.54467132 17.83614711 18.09201837 18.19487021 18.20015644 18.12727792 17.99039844 17.88463238 17.81835972 17.85322822 18.0193044 18.13642634 18.34919091 18.57497913 18.77353385 18.9668445 19.19839038 19.42727027 19.52256535 19.53346325 19.54271692 19.32694233 19.15416499 19.43707081 19.99519839 20.22026443 19.67202066 18.66546606 17.91264583 17.58006037 16.91330039 16.57807138 16.32374893 15.9408461 15.7235676 15.51845918 15.35366893
-9999 -9999 -9999 -9999 -9999 7.615456473 11.52866874 14.15063792 13.81456173 12.20511407 11.76746061 11.6279154 12.17974119 13.41241108 14.71387297 15.66107826 16.15092041 16.42172407 16.25613322 16.06590709 16.07519288 16.20378176 16.43958243 16.53249218 16.67000481 16.85679089 17.03722682 17.40610751 17.65656319 17.98408764 18.18749911 18.33049145 18.39448122 18.25959727 18.15115669 18.09173867 18.11903628 18.30148663 18.49987257 18.75822226 18.97467452 19.10848775 19.25561696 19.39677753 19.55781248 19.61942862 19.60518222 19.54561973 19.47860537 19.60331102 19.83028675 20.20893456 20.30727792 19.80707665 18.89300015 18.03108021 17.32640392 16.68704411 16.3524893 16.24078076 15.98921449 15.87786044 15.69065045 15.64144323
-9999 -9999 -9999 -9999 -9999 6.600119604 10.53500492 14.88240374 13.46198911 12.12977061 11.90862855 11.5064257 11.81346014 12.4172625 14.37671078 15.45950077 15.74494776 16.2176146 16.01781202 15.78631476 15.83573717 15.94477744 16.1060322 16.13441803 16.31905153 16.53764857 16.69172078 17.16898439 17.31365787 17.72390326 18.03883211 18.37503013 18.67860995 18.54647985 18.3406132 18.31049014 18.34670403 18.44560139 18.76809319 19.11266965 19.32885694 19.43593984 19.51860315 19.58667654 19.63336609 19.60814074 19.63563436 19.78983855 19.82497588 20.03697099 20.18760986 20.42331716 20.58135339 19.92182786 19.36652018 18.45706111 17.37586983 16.57030922 16.30027648 16.2458526 16.11514553 15.94974176 15.78867665 15.80007729
-9999 -9999 -9999 -9999 -9999 -9999 8.766936895 11.69712938 12.2936671 12.29846375 12.44739742 11.86856618 11.93281926 11.97906348 12.57855088 13.4254306 14.38890319 15.23394247 15.50662435 15.73615725 15.822776 15.56838091 15.5857735 15.60348121 15.74679965 15.9769571 16.25202398 16.52392609 16.68445368 17.00419059 17.41280519 17.91986588 18.43352826 18.51897184 18.56003362 18.58432652 18.55524724 18.71941696 18.93520916 19.26521445 19.47560248 19.58818983 19.68578744 19.66139468 19.79949698 19.8721983 19.70612393 19.72546595 19.85271709 20.16859522 20.27109111 20.32572243 20.17406433 19.59298635 18.89132426 18.06986275 17.25151391 16.71145468 16.47660296 16.48883016 16.28480847 16.01300432 15.77859004 15.85467556
-9999 -9999 -9999 -9999 -9999 -9999 6.7637089 9.433723069 11.159898 12.5711152 13.02448881 12.12517773 11.84801556 11.27069797 10.89971728 11.11219553 12.1141765 13.69620677 13.84979092 14.62880816 15.16582017 14.75600487 14.7772408 15.11517591 15.2224477 15.368456 15.68443707 15.77296006 15.93273789 16.09789635 16.57236879 17.23749717 18.07307808 18.24525708 18.58256581 18.75851861 18.75431369 18.86753927 18.99268539 19.27247528 19.42223507 19.48720615 19.71634262 19.68391269 19.93402916 19.98611532 19.6896493 19.46347687 19.73617888 20.1030822 20.06660584 19.88967571 19.69574266 18.87265583 18.08547604 17.41742899 17.05222887 16.71510634 16.64463068 16.69663669 16.4533775 16.05130459 15.71117871 15.84044477
-9999 -9999 -9999 -9999 -9999 -9999 -9999 7.186863159 10.19497354 12.68832898 13.40046497 12.36008646 10.8814973 10.6524362 10.29462531 10.12317306 10.48699535 10.38517527 10.9823291 11.31782453 12.11520262 13.38745398 14.21223732 14.64992816 14.77625612 15.00468038 15.19972573 15.24037807 15.48626835 15.60651514 15.89923651 16.20276933 16.67397366 17.4950426 18.39191067 18.85621875 18.8808362 18.8526051 18.92277807 19.0315067 19.12999229 19.08790111 19.16290904 19.33439509 19.62245403 19.705031 19.59739535 19.60195824 19.61092847 19.69052774 19.46431345 19.08373097 18.51956488 18.07477093 17.61101226 17.20309498 17.03664155 16.90634381 16.85000412 16.74248391 16.47768081 16.1096149 15.86349946 15.83581356
-9999 -9999 -9999 -9999 -9999 -9999 -9999 5.966212378 9.326047461 13.23366947 14.61276878 13.13660804 11.00976885 11.96958279 11.81906359 11.55157036 11.2661075 10.08714971 10.57655211 10.58425788 10.82021879 12.13287055 13.58013281 14.13440206 14.60297486 15.00711668 15.09713488 14.99362247 15.28335917 15.32439456 15.28536867 15.17177665 15.23030708 16.54018979 18.07693903 18.91741884 18.94045234 18.78635964 18.85523116 18.93400056 18.91339654 18.7482171 18.61709707 18.7520118 19.05863136 19.16076565 19.17894462 19.39261368 19.22732657 19.12355325 18.80651608 18.30839382 17.59136653 17.50335326 17.32478998 17.13601031 17.18864714 17.08169573 16.93785948 16.77655568 16.47465575 16.10894754 15.98831895 15.86057232
-9999 -9999 -9999 -9999 -9999 -9999 -9999 6.63722795 7.845685992 11.66189747 13.86004998 14.46332145 14.80832926 14.29310261 14.55357389 14.51386092 13.82888847 13.48819325 12.2330074 11.59217697 11.17137365 11.7395161 12.46473404 13.33632753 14.62586848 15.41342432 15.43845419 15.36916922 15.44236527 15.16399929 14.96484993 14.464692 14.44331851 15.91825008 17.75614424 18.71347295 18.93324777 18.88801068 18.85851599 18.81914585 18.67471262 18.41007148 18.24974147 18.19401975 18.24239217 18.2802653 18.34051724 18.30379359 18.42081497 18.32544954 18.10352188 17.86286785 17.53013304 17.37531048 17.27619134 17.20049808 17.25523753 17.19797707 17.04852127 16.78953582 16.46744709 16.22576673 16.06737905 15.900873
-9999 -9999 -9999 -9999 -9999 -9999 -9999 -9999 7.565918928 9.381079533 12.26027053 14.3679151 16.76255222 16.3285993 16.66523009 16.31959252 15.74603964 16.16008982 14.02096297 12.93149287 11.69463623 11.25174734 11.81537617 12.70445327 14.1883747 15.32466204 15.62884083 15.78297875 16.01594799 15.76337944 15.65972155 15.18198784 14.77923221 16.39974885 18.02895164 18.77818166 18.92073191 18.8556109 18.62445564 18.49533833 18.26819506 17.94782378 17.79915009 17.71574957 17.60599777 17.61101056 17.67357227 17.55245699 17.80851753 17.83298113 17.74391464 17.75087066 17.48645782 17.36074861 17.32571394 17.27184508 17.35633951 17.33297552 17.13288992 16.85523092 16.53675429 16.34133409 16.14855404 15.94590429
