meets/meet004/data/CCSM_0k_neotropic_bio04.asc
NCOLS 154 
NROWS 168 
XLLCORNER -112 
YLLCORNER -55.5 
CELLSIZE 0.5 
NODATA_value -9999 
[rows 58 to 86 of 168, columns 64 to 127 of 154]
28.04885963 37.19723077 47.64920714 49.5075088 48.45477024 48.51657426 47.67143006 46.73372729 44.11389263 41.75099603 40.57129341 39.90102952 39.43460098 39.35548917 39.43742919 39.159867 38.65267716 38.2733371 38.05979913 37.98955686 37.90893905 37.8099447 37.8141921 38.18998857 38.61313292 39.244801 39.91299529 40.54002234 41.38802039 42.14884467 42.10569835 41.43218527 40.8644449 40.7948077 41.32080604 43.15881529 46.00254705 49.03733319 51.77836911 54.49789221 59.01296596 64.24140807 70.56348161 77.7540663 84.44226437 91.96869745 99.42172735 103.2186784 102.209278 98.16171248 90.18764489 78.20816036 66.84869623 57.62360615 50.22548187 43.91145902 39.90291901 36.80732428 35.37951726 34.84441164 34.93640171 37.31830165 37.52237445 -9999
31.67668369 40.70317447 49.69297479 51.35777803 47.19764986 47.20572711 48.37290964 48.04121966 46.12810028 43.80886817 42.41018992 41.56204407 40.70896624 40.8237896 40.80393586 40.55071756 40.1933645 39.55590318 39.67459806 39.79839121 39.76297254 39.71371809 39.63905267 39.77717731 39.98711824 40.16336767 40.31018138 40.37465776 40.78211906 40.54719339 40.56540564 40.46769267 39.97837426 41.19717746 41.8072584 44.67495021 49.10838051 53.03044509 56.55199128 59.51583196 64.33734828 69.93745884 75.91153712 82.12121308 88.76865462 92.58293307 95.19413111 95.39010645 90.6887575 82.31588603 75.17837021 68.26047776 59.77598018 55.14549871 51.95208634 48.59000211 46.22751605 45.47143588 43.81527254 45.03349168 46.81590328 49.36436707 52.3486708 48.26116388
33.24381408 45.46319657 54.34023009 53.73341252 47.93974147 47.79987913 49.37322316 49.86396748 48.56155617 46.34424456 44.91414412 43.83703825 42.96595848 42.91997869 42.97519918 42.68060599 42.17233135 41.60975934 41.64133271 41.79130289 41.74231441 41.61728921 41.4778143 41.46196629 41.43471925 41.32768219 41.15778215 40.81520807 40.78871425 40.5759832 40.91834887 41.61154072 42.33038253 44.10248722 45.84322729 49.31355122 53.7922688 58.12712294 61.8600563 65.39265672 70.14462692 75.19758876 80.24167882 84.70664727 88.39228134 90.11892177 90.32377148 87.57832589 81.82413232 73.85740014 67.82755369 63.25787211 58.28640862 55.40856381 53.57919957 51.66791045 50.61333675 51.30587091 50.81549266 52.72389002 54.80268137 57.44939042 60.71912955 58.6492653
36.04869934 53.08209654 67.25388778 61.41589952 51.20588684 50.3117655 52.20306991 52.96652648 51.72428519 49.53879444 48.01283153 46.9117761 45.75557129 45.76069054 45.90039394 45.54487069 44.87507432 44.11781181 44.13770862 44.08881994 43.9515075 43.82861457 43.38942614 43.35089546 43.11120147 42.73162756 42.37664945 41.82245937 41.8990119 41.92968909 42.85595644 44.47905851 46.63464731 49.22219158 52.03463794 56.01402484 59.92788937 63.95415699 67.88802281 71.59026182 75.73551598 80.02312199 84.30555786 85.57798381 86.12167681 85.61249711 84.80525729 81.3871457 75.59394201 69.90406277 65.17199083 61.76182559 60.45315547 55.79286246 53.87923249 53.1316628 52.58696712 54.43626106 54.7753366 56.47459357 59.03949224 61.83994833 64.87538623 64.95366971
38.73140349 59.71618726 73.00956241 68.15663459 56.31644176 54.67907443 56.09526082 56.80032885 55.50731079 53.40108739 51.761962 50.40637304 49.37027211 49.06692476 49.07076602 48.61405786 47.87171068 47.18070121 46.96027695 46.86193815 46.59091151 46.30697349 45.86786166 45.50460961 45.04275372 44.56772335 44.13602025 43.84304643 44.01006541 44.59929731 46.1126884 48.22637567 51.18535507 54.45499422 58.19297082 62.50016164 66.44224353 70.41763766 73.49388434 76.42231271 79.650903 82.74919212 84.67782394 84.6946255 83.41507478 81.95743632 80.43503357 76.88942589 71.62253757 65.75012938 61.19183779 58.50574554 56.3530634 53.26869925 51.5756049 51.05792618 51.74462665 54.1138108 55.56188551 58.15211804 60.97615479 63.59231571 66.7278305 67.63689325
41.95217928 65.31208709 84.53270956 73.57401614 60.91897572 59.48332448 60.77642823 61.73521056 60.15872899 57.83183024 55.98330266 54.41463489 53.14905625 52.71935537 52.56445353 52.0049262 51.269838 50.47591027 50.26957162 50.06777891 49.66897938 49.28227065 48.77827046 48.09870453 47.37844168 46.81406296 46.45751475 46.37454238 46.85968882 47.85235253 49.87988885 52.26323322 55.51661817 59.40126914 63.73393251 68.39452615 72.5000881 77.00152629 78.94488002 80.68550471 82.76140211 84.59929736 85.2880873 84.25228814 81.76032865 79.02922242 77.38392236 74.48066055 67.9133167 61.26724874 56.8397988 54.34488513 50.88295789 49.57464841 47.83384124 47.74712296 49.66073614 52.36064561 54.63954403 58.40100025 61.73900667 64.24318266 67.54936383 69.34272844
50.2267576 70.74931659 79.74919381 73.88722394 64.0372481 63.23667929 64.80665624 66.55631479 64.9015422 62.15394531 60.03791859 58.3408509 57.24513911 56.4675552 56.12712663 55.4889086 54.7809437 54.23049009 53.82556096 53.57744443 53.05262373 52.44582469 51.71599929 50.90274301 50.08517818 49.48525952 49.08526467 49.16892654 49.91256752 51.33058153 53.61450844 56.21615366 59.66054714 63.39905054 67.67079022 72.47524711 77.06914407 80.97848384 82.85127906 83.90507067 85.34259893 86.6234075 86.73672849 85.36305838 82.44156936 78.86901924 75.29971719 70.30956355 65.19379172 59.61949698 55.38469952 53.18443169 50.57935531 48.79331112 46.91980904 46.50480557 47.54505566 49.23070365 52.08343133 55.44274614 59.38714063 63.24016931 67.30072365 70.539962
63.20794593 74.04078894 81.45131438 73.93193651 64.89566578 65.00955794 67.98948193 72.2420643 69.25919142 66.06812887 63.86179046 62.33726447 61.2834293 60.2768693 59.6080266 58.85700464 58.32167374 58.12493467 57.49877907 57.21570324 56.60523945 55.79081507 54.98056743 54.15804983 53.19463931 52.57263291 52.21379723 51.9814095 53.36863504 54.93410338 57.39312051 60.17330336 63.55055063 67.39569263 71.20252989 75.91312257 80.67567278 85.20612065 86.2682416 86.78189603 87.76994993 88.63500447 89.38854274 86.86015331 84.05399801 79.87410564 74.52314149 67.69628942 64.60462707 60.19199925 56.56532923 54.9387735 52.39090182 50.6722995 48.54315233 47.60242073 47.71764567 46.94138181 51.05151484 53.60945164 58.7080665 65.3075497 69.1802621 76.07541082
64.77875045 75.16671682 77.99142327 71.89562269 65.87584298 66.84409132 70.3832398 73.6884488 71.97830132 69.26320965 67.58073551 66.40849497 65.75917887 64.23254045 62.91974204 61.96028401 61.55073795 61.27565626 60.95557854 60.56507088 59.99895172 59.40819277 58.65489151 57.91134734 57.12948587 56.61660475 56.2698602 56.48093393 57.57052188 59.28869196 61.76145665 64.41862349 67.68719073 71.32435054 75.27735146 79.63260405 83.68518378 87.025738 88.74027422 89.4530197 89.98973953 90.04721391 89.09262687 87.26184247 84.23611618 80.38644325 76.37836503 71.81150074 67.8721078 64.10049451 60.84130945 58.73869417 56.44738469 54.74884787 52.8770035 52.03101719 52.1189125 52.58627723 55.50499005 59.74601267 66.58026721 75.94081985 84.97280393 92.52540971
67.4635779 71.82349164 78.6426088 71.38903784 66.45075753 67.93034458 71.26174535 75.54763859 72.39041151 70.22496888 69.52761598 69.59109928 70.0755495 68.56019435 66.4846723 65.39439746 65.05804064 64.80488123 64.48228384 64.23796599 63.75688385 63.30012073 62.84866435 61.99457741 61.45859831 61.09083346 60.79493064 61.13644623 62.34879025 64.00904291 66.32085558 68.69745558 71.74397467 75.22454166 79.03152877 82.94399975 86.07538676 89.25531156 90.74639952 91.71609605 92.11430116 91.47282812 89.79294932 87.85833463 85.02725451 81.91199586 79.20324719 76.48971962 72.40829419 69.23537341 66.06992703 63.6221196 61.57021877 60.18390972 59.02310585 58.70632116 59.39362265 60.77449272 65.62391141 71.97880585 81.31375285 92.73663642 110.0108147 118.3401259
66.51659432 65.65423904 69.62577309 67.94721672 63.82385853 67.13161351 70.70400837 71.1464084 69.81055006 68.38021689 68.98686939 71.31632545 73.61994069 72.82096619 71.07122377 69.95680472 69.0890421 68.51305013 68.64547367 68.92999163 68.70035964 67.9920501 66.99759626 66.65324733 66.20157146 66.03410713 66.09957684 66.53080092 67.74202092 69.31113535 71.36907608 73.37496178 75.86950389 78.93422495 82.0938395 85.35090155 88.1253084 90.43049953 92.13767011 93.12826963 93.53264307 93.49271855 92.41661372 89.75359266 87.04444283 84.47934323 82.18851827 79.74410315 76.78813932 74.01637521 71.55014731 69.64193255 68.28751379 67.75503987 67.62745626 68.76902576 71.08959356 74.85275469 81.91474389 91.64854185 101.6048109 109.834501 124.836558 143.2792452
69.67818502 57.62536856 65.36920708 67.65970117 65.55397966 70.40455558 75.20177616 73.20490744 68.46059452 68.20160809 70.24618441 72.68065642 77.46478227 77.3042355 75.58269596 74.65545917 73.24203506 72.48582216 73.08816421 74.34998235 74.39385999 73.24274146 72.06935926 71.9574636 71.91206117 71.76744595 71.73803632 72.15802186 73.2014796 74.79992864 76.62844874 78.07846932 80.18549394 82.73517533 85.26818598 87.95032175 90.05062068 92.02267724 93.42628012 94.39888302 94.82286972 94.92782496 94.74979445 91.32551742 88.83564577 86.54989619 84.60517377 82.81126179 80.16276879 78.50681442 76.88929165 75.8978375 75.91359455 76.81089047 78.36645835 81.36318139 85.91286475 91.14596849 100.2122809 111.1491987 119.8499521 123.7898708 137.891207 158.1498069
75.37471045 54.09686175 66.84716878 70.08887582 71.55377993 81.18782312 86.98132263 83.16287553 71.94691771 71.65732811 74.41310393 74.60241104 81.52351824 81.92214149 79.99207042 79.3922652 77.72323558 76.98248542 77.97301829 80.04058049 80.59981137 79.48516384 78.60208047 78.82499088 79.40844305 79.39696652 78.68260872 78.35975489 79.36519102 80.71644865 82.20728762 83.57493592 85.13831276 87.10575418 89.03730471 91.04128573 92.70093072 93.96781818 95.15218899 95.75732674 95.54071615 94.91206512 93.63766091 91.39884451 89.35450438 87.70486479 86.13930251 84.87547681 83.5924599 82.57056038 82.63067112 83.42366897 85.01208709 87.95009022 91.88678648 97.1108264 103.6762871 111.3636477 117.4585247 125.6360995 131.2942053 130.9609611 140.1001924 158.8834715
94.53047374 57.0067438 69.84298884 71.17406997 79.31464989 93.90522704 102.2150911 97.53184159 79.65332264 77.96154849 80.74676128 78.0011127 86.62701949 86.19056205 84.52290185 84.09877205 81.8366125 81.09968928 82.25722132 85.17787197 86.16254165 85.03441664 84.87260447 85.62736343 87.22516727 87.29154087 86.00327153 85.28929884 85.76152399 86.81924202 87.91457142 88.72686623 90.12494562 91.52576681 93.02001844 94.54099388 95.60916876 96.50369806 97.13189024 97.16239074 96.10315648 94.39508254 92.68378881 90.66598828 88.99958044 87.90189375 87.4605714 87.57017277 87.57989263 87.91125937 89.27989331 91.87032525 95.36336954 100.0424598 106.0752602 113.0592766 121.4823753 128.2767337 128.9915869 131.9349843 135.5267064 134.6219018 140.6085592 153.9282343
-9999 63.14107719 70.25390315 65.41987142 85.12684263 111.1628531 122.4118444 115.8390569 91.21214583 83.80828362 85.75327374 82.52956049 90.60743538 90.09425666 88.20454961 88.04776846 85.83823584 84.78591318 86.08941496 88.78379302 90.17180321 89.78095309 90.03732728 91.8093327 94.14944672 94.9612353 93.96882476 93.0895151 93.18121012 93.41076652 93.76319656 94.38999444 94.95988942 96.14384691 97.14170067 98.18834102 99.24342623 99.6454733 99.89897298 98.92166239 96.91096145 94.46960145 91.78684962 91.35412106 90.66559611 90.28063597 90.42403549 91.37578097 92.915085 94.03297083 97.81558109 102.5147746 107.6564469 113.9359792 120.9728267 128.8580926 137.9559255 143.3177594 135.5107775 127.7330334 129.1681011 136.883287 146.6525567 149.1958277
-9999 -9999 70.65075655 55.48578409 89.85410711 125.1676016 140.6452946 134.8885978 106.3370266 90.97536722 90.7555232 87.08797943 92.39019977 92.02753494 91.91092782 91.90484843 89.607945 88.39417814 89.27794482 91.98171051 93.43070742 93.34527971 94.26394305 96.67700685 100.0992515 101.5982621 101.2010898 100.9843442 100.9686178 100.9213203 100.5394472 100.0573441 99.98309305 100.6092731 101.4166818 102.2448758 102.8368773 103.1390278 103.0071801 101.6261402 99.07559278 95.94579477 93.30196588 93.68432194 94.81643015 95.03246231 94.83758795 95.83936691 98.8780209 102.5363879 108.2143747 114.467801 120.9115516 127.2999949 134.0633101 140.826037 148.6332339 151.8439511 139.0216698 125.6114741 125.9850588 133.4274032 142.8540426 141.9639026
-9999 -9999 -9999 46.73755653 93.17852168 137.7066325 155.4498851 152.9818787 123.5419487 100.5368381 96.23677942 89.84208933 89.65629244 91.34723976 95.03293549 95.73644127 93.33396453 91.90660384 92.25050609 94.25467364 95.78582247 96.11355216 97.70125115 100.5847329 104.2867566 106.8680981 107.8869654 109.1195771 108.9669066 108.6916161 108.0474509 106.692345 105.6125117 106.1669439 106.3792601 106.5489086 107.1712568 107.2055012 107.0117447 105.3406871 102.8934699 100.0042503 97.50032299 98.63699296 99.02062706 100.8164499 102.6901913 104.3985966 110.3293679 115.8049861 122.4937116 129.6127206 136.3161213 140.9417205 144.5217769 149.03543 156.7255211 156.3578121 142.4392624 126.9946426 123.3942492 128.8628537 133.2980492 135.1959292
-9999 -9999 -9999 46.36529988 89.45462992 136.5923509 160.2148563 161.6692158 136.7376597 108.9965055 98.43420637 90.84478618 88.02336933 90.13167598 95.54687178 97.13196943 95.48157792 94.06127644 94.23972902 96.06025051 97.6309637 98.35643717 100.3969755 103.6186402 107.9318799 111.0366829 112.7236149 114.575181 115.0421907 115.4704361 115.1853864 113.8952201 112.9470335 112.9933865 112.9202942 112.4087794 112.1583049 112.1880193 111.9601749 110.7767639 109.0713123 107.0272146 105.6459291 106.6423175 108.2083962 111.2056836 115.4190583 120.7547531 127.1723663 133.1397372 139.3390486 145.0649567 150.9543909 153.5232101 156.3390134 159.898747 165.6837558 164.6692615 149.0459649 131.174864 124.6430754 127.4655292 131.8432095 134.0682425
-9999 -9999 -9999 48.58824811 81.70408969 127.4584017 152.4874205 165.2601574 147.9548445 120.8589866 103.2907728 90.66204565 88.24136566 90.87963215 95.17236259 97.30712266 96.7319526 95.1322324 96.24897516 97.71420921 99.16729292 100.044072 102.142924 106.0523047 110.9742757 114.488194 115.8587385 118.0237806 119.8213618 121.1354886 121.8683419 121.2497194 121.1619865 121.5599607 121.174944 120.0229196 118.7158621 118.0495349 117.8578372 117.3905869 116.9005707 116.2948875 116.6393975 117.7285144 119.8770638 124.4812989 131.7687448 141.1307375 145.1117009 150.4462398 155.4299775 159.2517376 163.7856251 164.3912276 167.4493581 168.4961958 171.8251872 175.7740348 154.719672 135.6892112 128.789803 132.05336 138.4874611 138.0226035
-9999 -9999 -9999 -9999 64.49901797 102.9891975 134.5585073 153.0101846 147.7342125 127.3742638 108.9843021 93.42878361 89.59162601 92.46342636 94.95957573 96.87415158 98.08021306 98.68234605 98.75872377 98.82453015 100.0406643 101.1814525 103.7084497 107.2992333 111.9817904 115.5884426 117.6299496 120.4346745 123.1077555 125.8652499 127.745344 128.0878994 129.0627171 130.7179498 132.0298052 130.6052611 127.3428551 125.2679847 124.1757182 123.8746323 124.3116417 125.4446484 127.6529821 129.3428978 132.472649 137.6771943 144.7490372 152.8847146 156.5896687 160.3642095 164.1371032 167.7252343 170.7913024 168.7398769 165.5521244 162.7947175 162.15147 161.0284372 148.8243506 137.5769094 133.8966046 137.5627248 142.743897 143.3804963
-9999 -9999 -9999 -9999 51.93251401 73.39816747 108.7908291 140.0001127 143.8514087 132.2337284 120.6878805 107.162701 99.19578077 95.90149811 96.56413771 99.7693079 101.6603602 105.2354499 101.4346173 99.49214539 100.1446993 101.6524524 104.5268731 107.6530139 111.6045884 115.4928189 118.3728763 122.2848887 125.981795 129.930139 133.1020077 134.1050086 136.4088938 139.6132275 144.6034831 143.8173748 137.9791778 134.5376465 132.0416344 130.5271625 131.7074006 134.7526026 138.2153236 141.2780033 144.4004086 149.2592533 154.5838503 160.7052776 164.1811166 165.7966588 168.8148331 174.1222337 177.2561866 171.973836 159.7405426 151.9767662 149.0230966 139.4367402 139.5303558 137.4901709 137.8243243 142.7136463 146.072772 148.8202988
-9999 -9999 -9999 -9999 -9999 53.22418505 81.73053761 117.4887497 134.4018143 136.9565995 137.6132489 134.4529623 124.5697133 110.7654265 103.8115616 106.0426196 107.3797377 107.338567 103.1197936 99.80646099 99.58510163 100.7625128 103.3963838 106.589848 110.2772742 114.4768 118.3190164 122.8801059 127.4450493 132.1989502 136.134093 138.1069207 141.2130205 144.925598 149.8049987 150.3354963 146.8506315 143.6364066 139.7651965 138.1071175 139.6723939 143.730152 148.7281761 151.6447522 154.6037392 158.4038156 162.2206188 167.1332778 170.5025314 174.0211995 177.425505 180.9450321 182.5709106 179.1145583 170.7050954 160.7762411 149.6803076 141.1266519 139.4100964 140.6404203 142.6308331 146.6407539 150.0758005 153.1797989
-9999 -9999 -9999 -9999 -9999 64.22131298 65.0209454 104.5840966 123.0886694 139.5700131 155.8372957 165.6723627 173.3979583 138.4979248 119.3287913 114.3217721 110.0470339 109.7769409 105.2273605 100.5284505 100.446431 101.3662712 102.4704932 106.2844359 109.2677286 113.4480811 118.0825198 122.9041876 127.77028 133.1303235 137.8421703 140.6328512 144.0948682 147.5790167 151.1312326 152.9115094 152.3524129 152.2977377 147.3775694 144.9642548 147.3356641 153.2515676 159.3367908 161.7171634 163.6159615 165.9024804 167.975001 172.5415528 175.5641844 182.4865371 186.3356817 187.1862779 188.9516916 186.1076529 186.1433744 175.9518491 157.0531823 147.0175978 146.2398716 147.9838529 150.2863406 152.9098293 155.2619213 158.0887162
-9999 -9999 -9999 -9999 -9999 -9999 62.67263617 74.13801509 104.435037 143.4090172 169.7303947 180.260819 177.9389209 155.470024 131.2127525 116.5708677 109.9622521 108.2469184 105.3582493 106.8282597 108.7850284 105.8376549 105.984871 107.1885318 110.8513226 114.5504836 117.605382 121.4721579 126.1617095 131.7522686 136.7661274 140.6499429 145.0075072 147.8974446 150.4898964 152.6436748 153.7803641 154.3842701 152.8127211 152.6177997 155.5818677 160.9196558 166.7708614 169.0809759 170.5096635 171.1500898 169.6668283 171.1558668 174.5361059 181.0217611 185.0798617 188.0766012 189.4312852 183.4566907 175.8682899 168.057646 159.9225671 156.2420413 155.7057585 157.970186 159.4429877 160.5033996 161.8161125 164.0720517
-9999 -9999 -9999 -9999 -9999 -9999 71.22149077 62.31936609 83.95426181 141.0436882 172.581764 176.9098509 177.4726847 157.5147271 140.9515074 126.4342582 115.7043672 113.8556767 104.9113016 105.0493843 109.6761333 104.767333 107.943807 110.938138 113.8111918 116.253417 117.6668925 119.4025832 123.0377384 128.4759562 133.4632961 137.5403591 144.7975864 147.2071885 150.1105781 153.1060416 155.0871331 156.6070317 157.8068853 159.5048345 162.5196317 166.957072 173.0857359 172.9199485 174.5834625 174.5620264 170.2791061 167.1623317 171.7395698 176.6727862 178.4909491 181.4831099 187.7823459 174.7083549 161.8018008 157.9807359 161.2955524 163.5336663 164.2868032 166.9734278 168.3869267 168.4100347 169.4247316 171.8994117
-9999 -9999 -9999 -9999 -9999 -9999 -9999 59.57645401 71.491839 119.0368229 148.0818738 155.4278972 150.2477426 144.2219611 135.3230845 130.2751417 131.4611803 129.0203926 121.5343692 113.3991757 109.8275647 111.664632 114.9542331 116.9279116 118.8239091 120.8813314 119.9720844 118.8695403 120.8296646 123.6372296 127.2171897 130.9676362 136.0807032 143.5589815 150.5915272 155.7418727 157.9344319 160.1742995 162.9710621 166.1532109 168.0747201 168.310653 169.5985703 170.4346862 172.5773041 172.5659569 170.3971986 170.1331801 169.8595643 170.5043206 170.0328331 169.6484643 167.8983466 167.2684837 165.0625095 165.286701 167.60099 169.7322935 171.4810991 172.6181887 174.2906128 176.187562 178.3105897 180.2145398
-9999 -9999 -9999 -9999 -9999 -9999 -9999 70.47883614 67.94411667 100.2911002 124.3882007 131.6717425 131.4943422 142.6412729 139.9625876 141.5895629 154.9802154 160.9559844 155.0229675 158.5494024 151.8552253 142.8466692 145.6433277 132.6225968 128.8794386 129.6036588 127.3018421 123.2378201 122.9479092 122.038598 123.3208382 126.0001739 129.9111985 140.6443454 151.2001517 158.5061783 161.0592364 163.9398126 167.8310753 171.8112192 172.1199679 168.2774114 164.6083048 163.4087139 165.3688306 165.1855727 164.3165966 168.3485488 166.7100146 165.8469045 165.5075494 164.067053 160.4183335 168.2088632 173.0421833 175.3999991 176.5292871 177.431362 177.5850695 178.1537661 180.0713561 183.1877191 187.6117074 189.0033867
-9999 -9999 -9999 -9999 -9999 -9999 -9999 121.3153167 84.30003203 72.71943255 89.03347389 117.6076927 145.8654765 157.004304 165.9079403 173.3231077 174.3645839 179.9911889 177.7640785 177.2633554 172.2153031 166.0631728 158.6466991 146.7480592 144.3563694 145.0391777 140.4136804 135.3603432 131.2967786 127.4932871 127.022011 128.9686496 133.2800268 143.0182777 153.4090909 160.6056529 163.7867957 166.3778932 170.518643 174.5807051 173.5170295 167.3217779 160.9762487 156.0804913 152.6730729 152.3167337 154.0645511 155.453334 161.451189 166.0815269 168.7514978 169.881447 172.2350552 175.7537267 179.7390069 182.7246295 183.9910352 184.7099002 185.3592547 185.8655552 188.1537746 191.6470242 194.9141752 199.1684722
-9999 -9999 -9999 -9999 -9999 -9999 -9999 -9999 116.1187701 67.87104227 68.71578332 104.3984564 145.9594065 152.8138792 172.2513117 185.0564962 184.6317992 191.1357577 187.2816639 184.2403436 178.9839985 174.4378615 172.3155395 160.0330298 157.9072487 158.3044669 153.3157294 148.3307551 144.0279777 138.5910315 137.7078219 139.9509992 143.2204489 151.4587294 159.3778821 164.1018775 165.7680616 167.2173799 169.3348977 172.8742779 171.3985311 164.3804827 157.9447429 152.9872195 147.6890456 148.3110422 151.5311482 152.743228 162.1196257 170.1468992 175.0394939 178.0046127 181.2441446 182.2098674 185.1157287 188.3078806 189.8786806 192.882878 195.169072 196.602089 199.2394968 202.5552967 205.6732611 210.8440463
