meets/meet004/data/CCSM_6k_neotropic_bio14.asc
NCOLS 154 
NROWS 168 
XLLCORNER -112 
YLLCORNER -55.5 
CELLSIZE 0.5 
NODATA_value -9999 
[rows 87 to 115 of 168, columns 64 to 127 of 154]
-9999 -9999 -9999 -9999 -9999 -9999 -9999 -9999 -9999 4.56946105 5.289096547 7.005385653 9.970862966 13.58139534 20.44817934 25.96866176 32.67195225 39.77087261 48.90387614 53.34196426 58.74375628 62.15139165 65.6650524 57.82961317 48.83532107 39.73406981 30.62789878 20.77995564 14.5123785 10.39679453 8.590522925 6.491616902 5.436158507 4.59479812 3.936194397 3.54378149 3.021758055 2.607784645 2.228635836 1.893923709 1.669987805 1.39128757 1.169956771 0.975529405 0.826688448 0.739442778 0.642243546 0.576072349 0.527371582 0.499006125 0.484264635 0.466236588 0.466897367 0.468783099 0.489244548 0.511159935 0.554741548 0.604734486 0.747373691 0.931465002 1.157311429 1.682220346 2.146462268 2.552163841
-9999 -9999 -9999 -9999 -9999 -9999 -9999 -9999 -9999 -9999 -9999 6.153210889 7.31846885 8.999597525 13.86006339 15.98814269 20.70532973 28.88563286 33.56468378 40.92590543 48.99003476 56.23985676 62.53830429 60.21595069 54.34358598 49.49159856 39.26907744 29.6044801 23.62954815 16.44036439 11.67795778 9.034599099 6.439633377 5.648552306 4.670605383 3.961786218 3.44847367 3.055976407 2.690580615 2.264310289 1.964328087 1.662087884 1.418376155 1.213675769 1.011602882 0.876948661 0.771686645 0.69381035 0.64128711 0.595076276 0.57303016 0.559977544 0.565792984 0.588854777 0.607565152 0.645098478 0.706565254 0.744434848 0.89055824 1.080478884 1.318925776 1.932504214 2.417238459 2.872437556
-9999 -9999 -9999 -9999 -9999 -9999 -9999 -9999 -9999 -9999 -9999 -9999 -9999 8.657829707 9.879378869 12.09375595 15.9850796 20.84229667 26.12156083 31.38327913 38.51870665 48.66703996 53.03998116 55.87374789 57.34437079 52.4265802 44.22427343 37.45740657 30.30321884 21.69300098 17.27387222 12.0924398 8.961835773 7.373634507 5.348790644 4.668249131 3.844311907 3.382411044 3.080140335 2.705157424 2.41004091 1.960362085 1.677421139 1.468840209 1.250001282 1.120574406 0.92845841 0.833284214 0.773108112 0.731437259 0.708600675 0.677629928 0.675855581 0.703932432 0.770338253 0.806324995 0.843637048 0.887390495 1.009764953 1.218136081 1.45263923 2.00749743 2.526343627 3.094431639
-9999 -9999 -9999 -9999 -9999 -9999 -9999 -9999 -9999 -9999 -9999 -9999 -9999 -9999 -9999 9.670118531 11.70985145 14.3531404 18.72415331 24.68674692 28.89879999 35.57687714 40.84739039 48.0820951 50.44112035 50.9623533 46.47773352 42.80947692 35.76757766 27.30102242 22.21045829 17.43373472 11.75205325 9.019925645 6.515826431 5.319697324 4.674462205 3.96582748 3.578306114 3.172046552 2.890831521 2.581437879 2.209369082 1.908347765 1.6165069 1.396274763 1.264714962 1.119460759 1.01361992 0.924748468 0.881734525 0.892661706 0.898645145 0.938550935 0.977762448 1.012266262 1.066713526 1.112692621 1.225416161 1.355164777 1.555039737 2.053162137 2.58537657 3.235344881
-9999 -9999 -9999 -9999 -9999 -9999 -9999 -9999 -9999 -9999 -9999 -9999 -9999 -9999 -9999 -9999 -9999 10.50915075 12.86213488 15.7238071 20.33711975 25.03108114 29.51349044 37.00565715 41.03218299 41.30209131 44.26169481 44.28093453 39.11702845 32.49386265 27.04019231 20.75201723 14.49873941 11.325721 7.538291406 6.412122957 5.255919516 4.559680392 4.109826825 3.661427937 3.385966448 3.003998999 2.781231051 2.393338523 2.070583283 1.865749403 1.546819661 1.444432025 1.279156049 1.205348292 1.166154956 1.105273022 1.151714978 1.171323248 1.247589567 1.286197667 1.290745317 1.325628528 1.364607961 1.483269851 1.678728238 2.112882059 2.469796483 3.106874475
-9999 -9999 -9999 -9999 -9999 -9999 -9999 -9999 -9999 -9999 -9999 -9999 -9999 -9999 -9999 -9999 -9999 7.562101761 8.889749512 11.39232568 12.34935453 13.62163607 18.61936114 23.94912569 28.28462347 32.64937072 37.92940883 40.50543274 36.5001399 34.07124295 29.60377758 23.17678875 16.8701893 13.43962489 8.978051387 7.540356827 6.36894116 5.270488392 4.795264233 4.285669123 3.970691888 3.637492544 3.275669473 3.00697331 2.6939324 2.437197283 2.151388654 1.913117856 1.743402848 1.602900829 1.531020485 1.501460722 1.480708122 1.5006979 1.542941275 1.559515651 1.559045537 1.550502174 1.591439208 1.647634616 1.754662977 2.088667466 2.54854217 3.175375297
-9999 -9999 -9999 -9999 -9999 -9999 -9999 -9999 -9999 -9999 -9999 -9999 -9999 -9999 -9999 -9999 -9999 -9999 -9999 7.058248734 8.251741911 9.828581074 10.84313887 15.11556239 19.79677988 22.95540916 28.67146834 29.16617905 31.83062936 32.9254171 29.4507764 22.63302127 18.77789822 14.70411307 9.959161684 8.377132143 6.924915766 5.97236441 5.428093701 4.908506841 4.580382759 4.09163881 3.835261112 3.45545074 3.163166959 2.935734167 2.604839853 2.449701364 2.181432845 2.075635369 1.985664321 1.804035787 1.841474476 1.784902822 1.830560446 1.836446658 1.744657124 1.754759422 1.718540025 1.76105541 1.870008152 2.202693511 2.572040809 3.175719587
-9999 -9999 -9999 -9999 -9999 -9999 -9999 -9999 -9999 -9999 -9999 -9999 -9999 -9999 -9999 -9999 -9999 -9999 -9999 5.152990516 5.208239857 5.494540372 6.831201942 8.097639193 11.80731542 14.56662573 18.95771432 22.91481139 26.27453836 28.86814733 28.03107581 22.71174907 18.95368734 14.97271843 11.18028544 9.373442987 7.928928405 6.677516687 6.193461264 5.637904459 5.302805963 4.891637543 4.508217955 4.155425393 3.805847648 3.541420844 3.272521471 3.037548702 2.870055298 2.731576398 2.585407153 2.425501475 2.333477925 2.227210895 2.197327108 2.159425094 2.073752918 2.025197328 1.976905 2.007961357 2.066777636 2.375155999 2.833544097 3.516259522
-9999 -9999 -9999 -9999 -9999 -9999 -9999 -9999 -9999 -9999 -9999 -9999 -9999 -9999 -9999 -9999 -9999 -9999 -9999 -9999 4.189066763 4.32136325 4.64577042 6.110138096 7.574030352 10.53648389 13.73387945 16.5093823 20.79707697 24.80773082 23.26692041 20.94275665 17.62706514 14.65121954 11.07916224 9.505329689 8.182849172 7.237353933 6.735374644 6.298536089 5.986420202 5.575103689 5.220753859 4.848728703 4.469779645 4.195602641 3.897248329 3.691461442 3.51332982 3.331210017 3.227860503 3.012618211 2.853645602 2.690235255 2.57356783 2.525131631 2.400754846 2.322420636 2.253703282 2.284424807 2.345498273 2.659637759 3.074322037 3.851325119
-9999 -9999 -9999 -9999 -9999 -9999 -9999 -9999 -9999 -9999 -9999 -9999 -9999 -9999 -9999 -9999 -9999 -9999 -9999 -9999 3.328733759 3.300422595 3.560051207 4.362919454 5.588394477 6.226561526 8.210189214 11.79658287 15.50211523 18.91009236 19.86861145 18.42964819 16.49970783 13.27805256 10.81082306 9.423593013 8.457465063 7.720065886 7.417183789 7.03377507 6.793352659 6.431474277 6.100684127 5.716241181 5.387037212 5.105588546 4.789318631 4.561205716 4.35055588 4.18271809 4.006417265 3.747913622 3.615683082 3.374357968 3.210906114 3.103618066 2.923240343 2.865518838 2.778675024 2.824280403 2.889930849 3.257329387 3.755854966 4.550442946
-9999 -9999 -9999 -9999 -9999 -9999 -9999 -9999 -9999 -9999 -9999 -9999 -9999 -9999 -9999 -9999 -9999 -9999 -9999 -9999 3.007323636 3.025537378 3.003487176 3.865444801 4.763678942 5.425483826 7.433512569 9.673328977 12.34593847 16.30817228 17.32813083 15.69278061 14.60322021 12.61471629 10.10175328 8.71639644 8.029442171 7.650505914 7.73893806 7.721532918 7.550721707 7.36675953 7.087851641 6.76667593 6.357864273 6.09328173 5.824865986 5.554025081 5.40706571 5.130894537 4.902958001 4.538049157 4.281696104 4.117291758 3.877313586 3.809636392 3.66053581 3.54228185 3.54166547 3.541753675 3.625809629 4.105557165 4.499925756 5.337276298
-9999 -9999 -9999 -9999 -9999 -9999 -9999 -9999 -9999 -9999 -9999 -9999 -9999 -9999 -9999 -9999 -9999 -9999 -9999 -9999 3.100019206 2.752748241 2.735513188 3.524465245 4.386803468 4.712145715 6.118144261 8.427583647 10.87509661 13.33770911 14.72500876 14.39836261 13.40174834 11.22255577 9.491301681 8.428213247 7.846053872 7.528096471 7.762551269 8.071152684 8.311316488 8.303633115 8.17135331 7.910532164 7.630848225 7.392106368 7.062639982 6.864741407 6.583547321 6.341927751 6.049385516 5.637757226 5.324738675 4.955424219 4.744670825 4.605570282 4.438983636 4.428523313 4.491687736 4.643438362 4.751951477 5.121145338 5.649730358 6.468258802
-9999 -9999 -9999 -9999 -9999 -9999 -9999 -9999 -9999 -9999 -9999 -9999 -9999 -9999 -9999 -9999 -9999 -9999 -9999 -9999 2.940772276 2.559317808 2.671114069 3.300630851 4.08331632 4.281659202 5.44911698 7.10354931 9.418970722 12.47525831 13.72579472 13.22090787 12.20168709 10.52832886 8.643314961 7.906338978 7.47862284 7.442749658 7.887620754 8.315932707 8.74505086 9.149949077 9.403489244 9.363846688 9.057779012 8.877829327 8.662016482 8.366301497 8.192806354 7.839438588 7.457674951 7.079841159 6.550647617 6.343137355 5.945123139 5.7699582 5.672074274 5.515668224 5.788401946 5.932696144 6.283853281 6.741927715 7.162278393 8.092186709
-9999 -9999 -9999 -9999 -9999 -9999 -9999 -9999 -9999 -9999 -9999 -9999 -9999 -9999 -9999 -9999 -9999 -9999 -9999 -9999 3.166753642 2.840408408 2.801597381 3.30231319 3.779277051 3.9245702 5.117298418 6.863666283 9.068970714 11.28718331 12.44684681 12.12388719 11.31431852 9.765301838 8.398490376 7.740888425 7.557601317 7.615889988 8.09490573 8.647397929 9.082517821 9.594442201 10.07239169 10.37384991 10.45864797 10.31511816 10.05364217 9.892648548 9.556874698 9.280923911 8.920000104 8.407193679 8.014609098 7.534918642 7.24626517 7.051810566 6.834174588 6.942691377 7.042023765 7.41162101 7.733454921 8.109804224 8.789417813 9.525396914
-9999 -9999 -9999 -9999 -9999 -9999 -9999 -9999 -9999 -9999 -9999 -9999 -9999 -9999 -9999 -9999 -9999 -9999 -9999 -9999 2.947039219 3.039111119 3.173419466 3.493642469 3.923145165 3.825662186 5.147569761 6.285061173 8.510507618 10.89013601 11.85805558 11.19185102 10.612604 9.161639632 7.853863404 7.583701058 7.652271561 7.889470127 8.51531192 9.15690916 9.68764948 10.34925045 10.86643613 11.49109399 11.88996583 12.1851798 12.08252153 11.79141468 11.67731482 11.28065839 10.89927712 10.46879447 9.884033027 9.612546158 9.193303538 9.069848522 9.052188616 8.922571634 9.495803871 9.761893523 10.33997971 11.00465186 11.24869232 12.40705298
-9999 -9999 -9999 -9999 -9999 -9999 -9999 -9999 -9999 -9999 -9999 -9999 -9999 -9999 -9999 -9999 -9999 -9999 -9999 3.974205421 2.992644886 3.081976047 3.553725251 3.851056008 4.038794203 3.931939191 4.942197552 6.327937449 8.162493196 10.0920213 10.94236292 10.5505924 9.812429395 8.777802806 7.844805632 7.667218492 7.95827954 8.451951203 9.139495146 9.814461191 10.3031689 10.96678082 11.728385 12.31728611 13.0229134 13.41879529 13.67477295 13.65600944 13.34164595 13.17218329 12.82940264 12.20775796 11.90237241 11.39193218 11.23839359 11.11444114 11.01030312 11.42160011 11.69215121 12.54607391 13.09069309 13.50311588 14.6252886 15.41135762
-9999 -9999 -9999 -9999 -9999 -9999 -9999 -9999 -9999 -9999 -9999 -9999 -9999 -9999 -9999 -9999 -9999 -9999 -9999 3.697313302 2.53176245 3.079272746 3.624190349 4.477341042 4.624069319 4.161449192 5.101436719 5.978263035 7.69446257 9.568922737 10.28726647 9.77242996 9.260495666 8.373423509 7.579948288 7.802558091 8.439126307 9.089576663 9.951459674 10.73499449 11.36167269 12.2260486 12.86011412 13.67711458 14.45811308 15.12747196 15.89190494 16.06330476 16.18198587 15.79252793 15.64364967 15.26747083 14.88707994 14.723296 14.50352718 14.50815935 14.78786113 14.87536903 15.78129432 16.55797241 17.74381043 18.89858094 19.51100601 20.56099131
-9999 -9999 -9999 -9999 -9999 -9999 -9999 -9999 -9999 -9999 -9999 -9999 -9999 -9999 -9999 -9999 -9999 -9999 -9999 3.79926208 2.212443659 2.589331435 3.670478374 5.232912551 5.088611562 4.683410409 5.135968987 6.056519542 7.367984716 8.772382639 9.533909767 9.173419287 8.740148969 8.182154527 7.828235237 7.98739376 8.904687984 9.891676436 10.84946035 11.93831836 12.57076441 13.25152295 14.19593543 15.0232871 16.2941311 16.98852773 17.45405871 18.36422004 18.36275062 18.92269619 18.76335188 17.85540016 17.95591922 17.67983233 18.25744065 18.33250044 18.06169419 18.93184428 19.46111535 21.69862228 22.71820342 23.44574054 24.60301265 25.63195594
-9999 -9999 -9999 -9999 -9999 -9999 -9999 -9999 -9999 -9999 -9999 -9999 -9999 -9999 -9999 -9999 -9999 -9999 -9999 3.190168784 1.853334756 2.137125687 3.30261063 5.37637613 5.908738046 5.063694401 5.39990163 5.956583408 7.042465593 8.306146146 8.926367772 8.691501668 8.43467592 8.114615775 7.889937969 8.49725081 9.705913338 10.91409679 11.93318945 13.09794962 13.96170046 15.09459048 16.10637466 17.02344066 18.12769569 19.1183412 20.22655215 21.33302161 21.95889197 22.07069932 22.2775004 22.36256124 22.5317496 22.48445584 22.53314798 22.67850448 23.38802325 24.30059082 25.1961157 26.6740173 28.80406855 30.74587949 31.80644226 32.48871342
-9999 -9999 -9999 -9999 -9999 -9999 -9999 -9999 -9999 -9999 -9999 -9999 -9999 -9999 -9999 -9999 -9999 -9999 -9999 2.799684306 1.530627597 1.751873089 2.791509502 5.582649683 6.376128299 5.564881183 5.584682832 5.918506846 6.891536004 7.902657931 8.510601387 8.567921541 8.351396913 8.161302777 8.444032543 9.022677925 10.40738506 11.6640454 12.93118841 14.57918135 15.43915432 16.73551132 17.77389091 18.94235966 20.55801154 21.52441592 22.80072025 23.79264558 24.9915889 26.21542023 26.39258654 26.39807381 26.54786343 26.94871374 27.81520753 28.0242021 28.37623714 28.9338586 30.60500891 33.21101044 35.23795177 36.75237775 37.90672093 37.69458971
-9999 -9999 -9999 -9999 -9999 -9999 -9999 -9999 -9999 -9999 -9999 -9999 -9999 -9999 -9999 -9999 -9999 -9999 -9999 2.269561214 1.305556412 1.487707611 2.345867694 5.593267376 6.812702343 5.746807425 5.664752265 5.866978437 6.790869407 7.749892274 8.347809993 8.397404754 8.489022093 8.596990998 8.861672906 9.804102564 11.34710652 12.8363625 14.4923299 15.79332345 17.05404011 18.70771691 20.1551216 21.73467899 22.85511676 24.22355826 26.05670138 27.5506354 29.25991779 30.15989377 31.00748615 32.13473474 32.60528088 33.11255533 33.05829201 33.26988451 34.66641272 35.47078812 37.63433749 39.12109325 41.89723575 44.14807786 45.35627391 44.55142433
-9999 -9999 -9999 -9999 -9999 -9999 -9999 -9999 -9999 -9999 -9999 -9999 -9999 -9999 -9999 -9999 -9999 -9999 -9999 1.919617587 1.122825587 1.295789624 1.937402269 5.053718045 6.831604377 5.781835313 5.661422792 5.965242364 6.763970999 7.74548692 8.344120168 8.6978315 8.667442705 8.996295708 9.69341834 10.58961174 12.29689125 13.83061793 15.31915947 17.39508292 18.59531821 20.43157229 22.15056908 23.51515796 25.75846729 27.09884771 28.95716096 30.89951383 32.27653684 34.97457748 36.01596732 36.52679254 37.83061019 37.67576056 38.84794546 39.1697113 39.47196741 40.88039653 42.42976124 45.59614091 48.38386294 49.51793669 51.5693058 -9999
-9999 -9999 -9999 -9999 -9999 -9999 -9999 -9999 -9999 -9999 -9999 -9999 -9999 -9999 -9999 -9999 -9999 -9999 -9999 1.649753739 1.070516851 1.177315395 1.879417753 4.966549728 6.857255798 5.966529059 5.88691992 6.150105625 7.06732746 8.011435757 8.47932238 8.802179308 9.137782152 9.682267313 10.48567724 11.57115288 13.3138972 15.04783163 17.00600542 18.90555351 20.36419231 22.45571642 24.43041182 26.53609291 28.66015046 30.24976156 32.55871753 34.69372207 37.18736449 39.62193382 41.57671942 42.98096104 43.99428971 44.70831406 45.25797252 45.5488996 46.44140877 47.27715734 49.52258762 52.14624849 55.02514508 56.41575669 57.01854413 -9999
-9999 -9999 -9999 -9999 -9999 -9999 -9999 -9999 -9999 -9999 -9999 -9999 -9999 -9999 -9999 -9999 -9999 -9999 2.650620177 1.461532886 0.989966862 1.230426881 1.858882615 4.473024813 6.604626311 5.762072388 5.950258434 6.729336707 7.378289415 8.439590605 8.878286622 9.207123602 9.365015798 10.04405754 11.17840132 12.39796167 14.37996492 16.09825094 17.83388129 20.28333879 21.87449178 24.25871175 26.43401962 28.24984256 31.2497823 33.02334323 35.632876 38.15569382 40.32114414 43.74274792 45.93636089 47.9799756 49.83465406 49.8253207 50.91904638 51.25981304 51.71883974 52.87448074 54.41002418 57.30443541 60.26364037 60.90235788 62.11540286 -9999
-9999 -9999 -9999 -9999 -9999 -9999 -9999 -9999 -9999 -9999 -9999 -9999 -9999 -9999 -9999 -9999 -9999 -9999 2.083445531 1.349340583 1.147178755 1.493545147 2.702538884 5.08084481 6.93846275 6.680527893 7.13928773 7.627805416 8.402719679 9.272954302 9.364610383 9.464418457 9.844541346 10.82935932 12.04416216 13.42034583 15.40052949 17.44481337 19.68349432 21.94607757 23.73842364 26.29045251 28.79200354 31.4454779 34.19954773 36.26132385 39.24180765 41.99196379 45.12848726 48.29118118 50.79323964 54.07952296 55.74095682 56.78145135 57.17568334 57.48435685 58.36428428 58.96939105 60.98894857 62.88303266 65.37714636 66.41495368 66.33602625 -9999
-9999 -9999 -9999 -9999 -9999 -9999 -9999 -9999 -9999 -9999 -9999 -9999 -9999 -9999 -9999 -9999 -9999 -9999 1.602360583 1.319554539 1.325109652 2.096659116 3.682925542 5.550536292 7.587280845 7.511528475 8.372685143 8.970485067 9.587656789 9.793012337 9.734338279 9.785814891 10.04641781 11.14090269 12.69957945 14.18039414 16.46101086 18.52035862 20.74400939 23.47854258 25.41232205 28.28799973 30.88980257 33.5033478 36.78050995 39.01541557 42.35600157 45.35817002 48.2075465 52.07903638 54.75849658 58.20172783 61.04116793 61.6920633 62.44925093 62.70494838 63.0220391 64.0118999 65.14878458 66.76763084 69.31698118 70.13330152 70.88679795 -9999
-9999 -9999 -9999 -9999 -9999 -9999 -9999 -9999 -9999 -9999 -9999 -9999 -9999 -9999 -9999 -9999 -9999 -9999 1.478896083 1.556613895 2.056909993 3.627049206 5.321547994 7.274526872 8.442548078 8.964651018 9.803948731 10.49573532 10.55016075 10.54301166 10.11132916 10.32696055 10.60892339 11.87985967 13.51577681 15.13041714 17.52567962 19.91490405 22.5366129 25.26261195 27.38845318 30.41263671 33.31274344 36.41900333 39.63489078 42.0811876 45.48887138 48.82062674 52.34614747 55.94026596 58.75317749 62.45220524 65.66057028 67.21051287 67.74896197 68.05063847 68.58796377 68.76412669 69.97124482 71.15905522 72.93184884 73.76139914 73.73157161 -9999
-9999 -9999 -9999 -9999 -9999 -9999 -9999 -9999 -9999 -9999 -9999 -9999 -9999 -9999 -9999 -9999 -9999 1.397460141 1.493468182 1.890874183 3.057775526 5.853292056 6.524271184 9.015139989 9.653576194 10.40926908 11.29052595 12.39165659 11.60858161 11.39262052 10.76257979 10.88436939 11.08292378 12.34665989 14.31247103 16.0408818 18.90614716 20.99997076 23.50641343 26.85932241 29.39949714 32.93734175 35.50598123 38.33826583 42.33190642 45.13202366 48.92696353 51.91218699 55.01075563 59.3529105 62.27290731 66.31979948 69.65176928 71.1377524 72.13250608 72.41376786 72.21893612 72.58215189 73.11345554 74.36859464 75.73721662 76.78104437 -9999 -9999
-9999 -9999 -9999 -9999 -9999 -9999 -9999 -9999 -9999 -9999 -9999 -9999 -9999 -9999 -9999 -9999 -9999 1.556438408 1.772334128 2.636321483 4.564292123 7.733616229 8.894730259 10.74072853 11.03102575 11.92259293 12.22149061 12.57457488 12.19520151 11.51314933 11.16094054 11.56418687 11.93948029 13.26291245 15.13042539 16.81566889 19.49917264 22.20517701 25.23342799 28.43714773 30.91614492 34.37432596 37.7267479 41.20239796 44.77232585 47.49060001 51.22306797 54.8721326 58.58045683 62.38309643 65.23129538 68.94116793 72.37315439 74.70964884 75.40617661 75.6758167 75.79902705 75.68359922 76.04461504 76.81721463 78.04960596 -9999 -9999 -9999
