meets/meet004/data/CCSM_6k_neotropic_bio08.asc
NCOLS 154 
NROWS 168 
XLLCORNER -112 
YLLCORNER -55.5 
CELLSIZE 0.5 
NODATA_value -9999 
[rows 87 to 115 of 168, columns 64 to 127 of 154]
-9999 -9999 -9999 -9999 -9999 -9999 -9999 -9999 -9999 19.85134884 18.12357602 16.0298644 13.77859675 10.9361302 8.357965751 6.443352225 5.545824936 4.807670181 4.190657439 3.988295008 5.331559716 7.887432172 11.02884078 14.44789299 17.65147788 20.53438974 22.51389093 24.11722257 24.99191845 25.54188205 25.90061537 25.84777345 25.60927356 25.4153327 25.11007088 24.9340649 24.85090574 24.86671096 24.83964477 24.91197555 24.96956879 25.01398028 25.20186232 25.3530872 25.59606987 25.64362395 25.51022134 25.30702153 24.87167297 24.43507765 24.24761336 24.29421468 24.44934789 24.72524424 25.00140515 24.96644988 24.65347929 24.2914501 24.07208046 23.82203158 23.56336795 23.34517608 23.0876169 22.92167718
-9999 -9999 -9999 -9999 -9999 -9999 -9999 -9999 -9999 -9999 -9999 18.75535029 17.18111533 14.45918354 11.88021091 9.470912487 7.705525578 6.271231046 4.965264299 4.134881446 4.821467714 6.387776307 8.687503067 11.77558115 14.75024835 17.84634275 20.27776827 22.41263708 23.91053359 24.75159613 25.2876059 25.32395164 25.04748211 25.21068648 25.20027865 25.15248039 25.25120664 25.24228166 25.2231094 25.40898855 25.54896447 25.70794783 26.0195766 26.12746715 26.31172564 26.29539431 26.020973 25.75696751 25.17571467 24.59987336 24.39478755 24.46722075 24.65728215 24.92571257 25.16115225 25.04976558 24.60744256 24.14495425 23.86044893 23.55424703 23.26873727 23.10914528 22.85475101 22.72386489
-9999 -9999 -9999 -9999 -9999 -9999 -9999 -9999 -9999 -9999 -9999 -9999 -9999 17.39186257 15.5085869 13.10502106 10.48611668 7.731881478 6.365601987 5.136708585 4.724214697 5.581049598 6.688630957 9.039592441 11.81650972 14.66042147 17.39937396 20.14408259 21.95640231 23.49597379 24.59612274 24.84351831 25.27937321 25.45970712 25.40872586 25.62083688 25.56444405 25.52798592 25.50459346 25.48698102 25.68519168 26.03837273 26.36466167 26.49051454 26.5207583 26.44394694 26.31790131 25.99537641 25.457443 24.90953819 24.63214522 24.79666929 25.00474361 24.91805485 24.96609514 24.76113049 24.34190979 24.07166219 23.76097648 23.55926929 23.34878489 23.14358324 22.95853923 22.78435009
-9999 -9999 -9999 -9999 -9999 -9999 -9999 -9999 -9999 -9999 -9999 -9999 -9999 -9999 -9999 16.48351165 14.03691262 11.23884553 9.148182232 7.066567829 5.857551371 5.622722459 5.82373394 7.166768827 8.822704271 11.18054086 13.82209279 16.69610283 18.98885474 21.09316547 22.88313407 23.98611128 24.8744811 25.44153029 25.74581065 25.90383924 25.87869477 25.75510275 25.67416399 25.64889624 25.8159997 26.18353487 26.52146306 26.60099188 26.60047574 26.58091239 26.49488599 26.30732343 25.90595385 25.39118781 25.03770796 24.92906461 24.83791997 24.49338689 24.29513399 24.03139353 23.73681659 23.62928471 23.52424256 23.49150698 23.40348572 23.29192322 23.1328689 22.95292653
-9999 -9999 -9999 -9999 -9999 -9999 -9999 -9999 -9999 -9999 -9999 -9999 -9999 -9999 -9999 -9999 -9999 16.68738048 13.18873016 9.984447625 7.800280158 6.79774213 6.313039558 6.191120375 6.252506734 7.598223702 10.00969727 12.26664018 15.23187872 17.76763638 20.25894456 22.13906566 23.83984025 25.06906808 25.78846774 26.30564909 26.18723034 25.96784299 25.88580821 25.88254035 26.0187066 26.35810217 26.64526366 26.7164169 26.67052413 26.67085929 26.74518282 26.70276733 26.4051381 26.07422135 25.55138803 24.8798965 24.20562626 23.77966521 23.25155796 22.9788485 23.01463454 22.90333588 23.17788022 23.3638817 23.42999218 23.44459758 23.34001661 23.15959598
-9999 -9999 -9999 -9999 -9999 -9999 -9999 -9999 -9999 -9999 -9999 -9999 -9999 -9999 -9999 -9999 -9999 19.07539708 16.19023537 13.14755464 10.63869167 8.800224026 7.378005102 6.35930227 5.656642844 6.213869601 7.787076101 9.567438793 12.18763184 14.73245692 17.54552793 20.11743857 22.40172468 24.45057189 25.79398177 26.60478725 26.5224102 26.18840217 26.04837633 26.05339169 26.18634692 26.4955594 26.75664477 26.82645744 26.8162585 26.84339012 26.9128441 26.92237828 26.71620567 26.37416646 25.72781341 24.86112735 23.97576317 23.37168525 22.86281364 22.64005362 22.77204514 22.84707209 23.17770951 23.38826389 23.49932201 23.55367544 23.48676599 23.27261146
-9999 -9999 -9999 -9999 -9999 -9999 -9999 -9999 -9999 -9999 -9999 -9999 -9999 -9999 -9999 -9999 -9999 -9999 -9999 16.08610482 13.58248869 11.02588826 8.761011284 7.232490925 6.545728351 6.356915828 6.890243281 8.013651335 10.20548995 12.30301184 15.20054624 18.13668485 20.97271452 23.74748594 25.84051528 27.05549395 26.81300087 26.38988249 26.37581631 26.23898221 26.34022188 26.72949483 26.92559629 27.0230089 27.02127175 27.02036579 27.08790713 27.01776099 26.75982805 26.44304004 25.77810575 24.89163165 23.98979169 23.48467078 23.0731419 22.9177856 23.1084568 23.30119237 23.49403565 23.60894 23.69667921 23.75725647 23.62955579 23.29266642
-9999 -9999 -9999 -9999 -9999 -9999 -9999 -9999 -9999 -9999 -9999 -9999 -9999 -9999 -9999 -9999 -9999 -9999 -9999 17.81525069 15.64179741 12.82539077 10.26994317 8.248293614 7.135579137 6.650386639 6.885247323 7.806196907 9.284287781 11.13615469 13.87377467 16.86721239 19.92133693 23.03934103 25.47941035 26.98988983 27.16387116 26.85320444 26.82340742 26.80012705 26.88126996 27.07837485 27.24367609 27.36118806 27.35046655 27.28126773 27.18236906 26.99327203 26.67086936 26.28288703 25.70607679 25.044198 24.43896 24.01522193 23.7403545 23.62206617 23.73159323 23.87248645 23.99900015 24.0928426 24.09614016 24.05414571 23.83547438 23.28104356
-9999 -9999 -9999 -9999 -9999 -9999 -9999 -9999 -9999 -9999 -9999 -9999 -9999 -9999 -9999 -9999 -9999 -9999 -9999 -9999 17.20090398 14.31643024 11.41702763 9.072961995 7.461885061 6.661434215 6.988415707 7.889413576 9.088722243 10.55809394 13.11401888 16.02219221 19.21013599 22.46583188 25.13260554 26.93574509 27.36983578 27.48464886 27.47465239 27.53879382 27.57059056 27.55387805 27.66908931 27.6734645 27.71646279 27.55879389 27.27193117 26.9371555 26.46240015 26.02075113 25.57572259 25.23042647 24.96806083 24.65860865 24.51478764 24.42485592 24.40694536 24.46564922 24.5028883 24.6116085 24.47903863 24.25591642 24.09560627 23.1443586
-9999 -9999 -9999 -9999 -9999 -9999 -9999 -9999 -9999 -9999 -9999 -9999 -9999 -9999 -9999 -9999 -9999 -9999 -9999 -9999 18.02526617 15.19262699 12.23947345 9.540949128 7.749752212 6.837590585 7.035267598 8.046669045 9.050759218 10.52153208 12.98239122 15.78377468 18.88086803 22.1781756 24.93115765 26.87352707 27.52032652 27.71253128 28.03520792 28.13853209 28.13386556 27.92039889 27.80286011 27.79866847 27.89366901 27.6654642 27.26291285 26.73488503 26.13697009 25.6697919 25.34303022 25.28379926 25.31841592 25.20453857 25.13118409 25.05346818 24.98204822 24.97395249 24.88562841 24.79335214 24.48168101 24.05220618 23.49244777 22.67833055
-9999 -9999 -9999 -9999 -9999 -9999 -9999 -9999 -9999 -9999 -9999 -9999 -9999 -9999 -9999 -9999 -9999 -9999 -9999 -9999 18.6618268 15.78744474 12.65794064 9.747209651 7.707495776 6.660007703 6.898375198 7.97820464 9.104179375 10.52542122 12.97934234 15.67952005 18.76084901 22.29674777 25.08300694 27.08595281 27.72911775 27.93352861 28.3174101 28.54928559 28.51115841 28.14130707 27.71604616 27.85995716 27.9994771 27.69284252 27.14656308 26.49842752 25.83636844 25.26171859 25.048369 25.30909756 25.6068808 25.52505653 25.54511818 25.49283155 25.38887884 25.37770029 25.07405701 24.79864498 24.30220358 23.65065802 22.79151388 22.25720667
-9999 -9999 -9999 -9999 -9999 -9999 -9999 -9999 -9999 -9999 -9999 -9999 -9999 -9999 -9999 -9999 -9999 -9999 -9999 -9999 18.77786028 15.80278518 12.53205569 9.630061528 7.535743976 6.430346126 6.531354829 7.543269833 8.90325242 10.77665898 13.396771 16.15508082 19.21044511 22.58689057 25.44491573 27.42610687 28.01573525 28.10202349 28.36748839 28.47050281 28.4460177 28.24940531 28.03528215 27.95573666 27.87780851 27.46624188 26.87191747 26.23402595 25.61396826 25.19300147 25.02231569 25.20826386 25.50455284 25.61138845 25.69233755 25.65648939 25.51546982 25.32905222 24.9935316 24.58957315 24.02853836 23.41189997 22.74872956 22.14750574
-9999 -9999 -9999 -9999 -9999 -9999 -9999 -9999 -9999 -9999 -9999 -9999 -9999 -9999 -9999 -9999 -9999 -9999 -9999 -9999 18.92539007 15.63480212 12.14497416 9.368431757 7.234716246 6.155196041 6.275834466 6.959058745 8.92617958 11.14350627 13.90152754 16.67549369 19.72419435 23.1011856 26.03725465 27.9628501 28.26914689 28.31927393 28.38442454 28.41553162 28.36563992 28.32236224 28.25013568 27.93921363 27.68411774 27.18840936 26.55055855 25.95257276 25.45649131 25.09833587 24.95457167 25.11487871 25.34425006 25.45188796 25.61632905 25.61129084 25.4475102 25.21383652 24.83986569 24.34878411 23.79225607 23.25417384 22.73718994 22.19170216
-9999 -9999 -9999 -9999 -9999 -9999 -9999 -9999 -9999 -9999 -9999 -9999 -9999 -9999 -9999 -9999 -9999 -9999 -9999 -9999 18.8618022 15.3617463 11.6939607 9.152578099 7.519934289 6.570315737 6.526192078 7.465280503 9.268351245 11.70086776 14.59717895 17.40357891 20.39742589 22.21070262 25.23212303 28.1975241 28.49694516 28.36907067 28.52208417 28.63167638 28.54933117 28.28976073 27.94409895 27.75190859 27.45005567 26.93964465 26.34449916 25.73475347 25.31454625 25.01612939 24.84729356 24.90380452 25.01034352 25.1016376 25.1851905 25.18034106 25.15591918 25.0007963 24.55881412 24.06822882 23.52356248 23.00870932 22.57190529 22.16257389
-9999 -9999 -9999 -9999 -9999 -9999 -9999 -9999 -9999 -9999 -9999 -9999 -9999 -9999 -9999 -9999 -9999 -9999 -9999 -9999 18.93630777 15.162079 11.23990066 9.175155094 7.944526034 7.152475681 7.072605139 7.810010202 9.880865723 12.44247107 15.34980685 18.06577181 21.06856017 22.5319797 25.38135607 27.15041851 28.52827945 28.38429509 28.59081384 28.75858339 28.65386286 28.24556293 27.79165078 27.67708232 27.41614595 26.94256954 26.430947 25.66902698 25.30733241 24.99963533 24.78198362 24.76711201 24.72135607 24.76989475 24.75521089 24.7175815 24.75219572 24.65641023 24.08943547 23.58014557 23.05564194 22.61042639 22.28019431 21.98214622
-9999 -9999 -9999 -9999 -9999 -9999 -9999 -9999 -9999 -9999 -9999 -9999 -9999 -9999 -9999 -9999 -9999 -9999 -9999 20.51778853 18.67367042 15.17570147 11.72898968 9.604538344 8.567876072 7.881180495 7.718955081 8.634066838 10.57050116 13.27712187 16.22328605 18.91330862 21.7438597 22.75642693 25.29383924 26.83037612 28.46367368 28.229318 28.37040917 28.53548988 28.46352917 28.17941392 27.90604898 27.79339809 27.75392618 27.3419701 26.71212364 26.08554149 25.5193187 25.12456813 24.81413019 24.70081948 24.65000664 24.54781179 24.46988167 24.29750389 24.11708645 23.81051632 23.29858606 22.72275058 22.26494068 21.97470366 21.76946939 21.63659486
-9999 -9999 -9999 -9999 -9999 -9999 -9999 -9999 -9999 -9999 -9999 -9999 -9999 -9999 -9999 -9999 -9999 -9999 -9999 20.28600746 18.5622097 15.22754581 11.9137573 9.928775365 9.048916661 8.41654616 8.198007542 9.111995682 11.26965657 14.11606432 17.01028847 19.5178251 22.25820857 22.91263951 25.16808756 26.49455839 26.41000383 27.89420995 27.98641506 28.1553985 28.16111857 27.99909997 27.82964306 27.82012116 27.90188981 27.55691955 26.91971559 26.32376907 25.67188802 25.1923595 24.81534563 24.61547332 24.50832906 24.31105091 24.12034955 23.82201232 23.46896607 23.00775301 22.47346168 21.89523456 21.47666631 21.36134989 21.28233736 21.29241976
-9999 -9999 -9999 -9999 -9999 -9999 -9999 -9999 -9999 -9999 -9999 -9999 -9999 -9999 -9999 -9999 -9999 -9999 -9999 19.9331122 18.32251676 15.16541311 12.09293916 10.14211136 9.206808039 8.652955241 8.509799702 9.55677391 11.87215153 14.92162691 17.80171824 20.18961864 22.47858306 22.90098556 24.85923913 25.96947126 25.9846086 25.7208393 27.62449398 27.76661975 27.8010361 27.71996829 27.59236523 27.62882475 27.57443412 27.27784736 26.81200707 26.24001716 25.64752725 25.14909191 24.67676345 24.38879482 24.16896706 23.87425936 23.62645349 23.19320945 22.72102021 22.23136434 21.69763838 21.22262196 20.98070715 20.91037242 20.94031551 21.2533866
-9999 -9999 -9999 -9999 -9999 -9999 -9999 -9999 -9999 -9999 -9999 -9999 -9999 -9999 -9999 -9999 -9999 -9999 -9999 19.56086019 17.97351513 14.94547653 11.96184173 10.03023469 9.129215567 8.622755105 8.546470288 9.75370013 12.4066363 15.71464508 18.60645284 20.68322836 22.74608719 22.86649472 24.52035922 25.57000455 25.55727992 25.38334996 25.60482043 25.75111302 27.53947657 27.54009128 27.38821753 27.33761769 27.26674746 26.97214659 26.61688932 26.10324919 25.5488416 25.04319291 24.50911554 24.09187063 23.68205641 23.23872575 22.87193906 22.39437352 21.90639215 21.43489283 20.99922961 20.62041625 20.55122622 20.78242107 21.11314075 21.74820397
-9999 -9999 -9999 -9999 -9999 -9999 -9999 -9999 -9999 -9999 -9999 -9999 -9999 -9999 -9999 -9999 -9999 -9999 -9999 19.01457086 17.45768725 14.56780153 11.68862827 9.825990074 8.819455108 8.419552532 8.494291455 9.87345743 12.93694178 16.49341938 19.42310723 21.41041045 23.11413505 22.70985117 24.188879 25.077271 25.1848982 25.20226579 25.26044075 25.40135616 25.44781591 27.2951006 27.24466597 27.12605357 27.007237 26.73642177 26.38216204 25.98352036 25.50331744 24.98734229 24.36624801 23.75698952 23.07359028 22.54450737 21.98093395 21.43929977 21.08903427 20.63308515 20.25758275 20.0247545 20.27719864 20.97959037 21.83182162 22.67921897
-9999 -9999 -9999 -9999 -9999 -9999 -9999 -9999 -9999 -9999 -9999 -9999 -9999 -9999 -9999 -9999 -9999 -9999 -9999 18.52054457 16.92600452 14.18809369 11.39020495 9.575008934 8.595778073 8.273779181 8.508669645 10.06697749 13.39203497 17.25622185 20.24317979 22.06780042 23.43045028 22.62051252 23.76357679 24.55157718 24.72041884 24.76547849 24.82387408 24.87594243 24.90915209 24.88378718 27.00592531 26.86813239 26.71743228 26.44161209 26.15185751 25.79995196 25.37225323 24.86778593 24.21667691 23.51883473 22.73431356 22.1089735 21.4552229 20.90557977 20.57515177 20.18667766 19.83345499 19.69084591 20.16204619 21.25706142 22.47874683 23.42296563
-9999 -9999 -9999 -9999 -9999 -9999 -9999 -9999 -9999 -9999 -9999 -9999 -9999 -9999 -9999 -9999 -9999 -9999 -9999 18.12733601 16.59670561 13.89347988 11.12794637 9.559212397 8.488503692 8.305082492 8.720191902 10.30061617 14.06146262 18.14603338 21.11592859 22.69156302 23.78091861 22.60083604 23.39404716 23.95177551 24.11659188 24.13489993 24.23145688 24.25649315 24.2632247 24.2565181 24.19264545 26.55266503 26.37776871 26.13509675 25.92230641 25.57763161 25.1858351 24.73491605 24.08419525 23.40542635 22.64506401 21.92205934 21.31361506 20.73970039 20.37333461 20.05177029 19.62692097 19.45653355 20.1301336 21.54171958 23.05833588 -9999
-9999 -9999 -9999 -9999 -9999 -9999 -9999 -9999 -9999 -9999 -9999 -9999 -9999 -9999 -9999 -9999 -9999 -9999 -9999 17.6249071 16.19938835 13.95845309 11.64519617 10.0879173 9.105612939 9.003205592 9.524817201 11.3306925 15.00764205 19.11200156 22.05537631 23.5136694 24.3340028 25.20020197 23.19295778 23.56363877 23.68421002 23.667293 23.71872103 23.69784495 23.68979293 23.68613166 23.6361231 23.65265962 26.13874018 25.92653981 25.72819585 25.40736728 25.04384546 24.59171412 23.96391523 23.29913945 22.57160779 21.8759519 21.24841537 20.66627966 20.27934044 19.95136748 19.49943906 19.37217245 20.09311146 21.64292758 23.17134326 -9999
-9999 -9999 -9999 -9999 -9999 -9999 -9999 -9999 -9999 -9999 -9999 -9999 -9999 -9999 -9999 -9999 -9999 -9999 17.70773527 17.19631909 15.99229121 14.28471836 12.48922589 11.09854301 10.09885053 10.14520655 10.76714896 12.41693013 16.30448359 20.35998395 23.08470474 24.27298845 25.05149134 25.63080474 25.93108761 23.29632087 23.33320745 23.33892979 23.30141365 23.24555159 23.21089417 23.17568791 23.17206379 23.17309022 23.19723712 25.79901916 25.56507338 25.28361617 24.88577913 24.45167433 23.85604176 23.21850087 22.50240698 21.81269989 21.18268421 20.59928312 20.22039706 19.84198618 19.42907982 19.23151284 19.98031278 21.63954853 23.2178385 -9999
-9999 -9999 -9999 -9999 -9999 -9999 -9999 -9999 -9999 -9999 -9999 -9999 -9999 -9999 -9999 -9999 -9999 -9999 17.63056187 16.82561649 15.80133977 14.75476979 13.58657346 12.17508244 11.16271483 11.34110319 12.32959098 14.4705721 17.75972977 21.17246066 23.66653 24.91946966 25.5469555 25.98998411 26.13277627 26.26500497 23.01959856 22.97115859 22.92183415 22.82950692 22.76792442 22.72442869 22.68718692 22.71142776 22.73859726 25.53110981 25.32618098 25.0389661 24.71117103 24.31396298 23.75229949 23.15252373 20.35235612 19.61899538 18.9160961 18.25595073 17.77730087 19.8326523 19.39772726 19.2589336 19.99931044 21.58687483 23.07112176 -9999
-9999 -9999 -9999 -9999 -9999 -9999 -9999 -9999 -9999 -9999 -9999 -9999 -9999 -9999 -9999 -9999 -9999 -9999 17.59125727 16.40055032 15.46768804 14.98804776 14.74480365 13.27200795 12.01851566 12.53502041 14.20188183 16.53099558 19.41905133 22.17257567 24.23335552 25.43250853 26.12276642 26.36597443 26.36755613 26.39166697 26.43757743 26.42168046 26.27232928 26.08231497 22.33535406 22.2547873 22.1577061 25.54938642 25.41552477 25.243365 25.05914762 24.78544279 24.50995121 21.76716721 21.34732184 20.73244318 20.08073943 19.38593084 18.74677171 18.15558678 17.68919895 17.18445116 16.78408742 19.35644062 20.05218785 21.67952132 23.13405 -9999
-9999 -9999 -9999 -9999 -9999 -9999 -9999 -9999 -9999 -9999 -9999 -9999 -9999 -9999 -9999 -9999 -9999 -9999 17.60114698 15.55562557 14.49718463 14.43513996 14.54950084 14.00298454 13.66993655 14.57811951 16.38659354 18.7236535 21.17761564 23.39011396 25.12141836 26.02937584 26.49274191 26.6338106 26.51761706 26.48229781 26.5570686 26.549176 26.28144685 25.94336246 25.71119795 25.57961697 25.47111464 25.3314934 25.19489899 25.00927546 24.81964115 24.59087608 24.33888438 21.17872495 20.79208997 20.27801328 19.69913149 19.14739588 18.63664722 18.15320399 17.79736602 17.44361136 17.02921839 16.82742212 20.57079223 21.93853296 23.18123956 -9999
-9999 -9999 -9999 -9999 -9999 -9999 -9999 -9999 -9999 -9999 -9999 -9999 -9999 -9999 -9999 -9999 -9999 14.27468606 17.5559671 14.57525864 13.43455161 13.9129681 14.38924842 14.82480606 15.33111988 16.63917256 18.57472009 20.89913292 22.82927576 24.67307617 26.0775481 26.54975988 26.97453419 26.78719713 26.60803144 26.54102277 26.61726514 26.74339072 26.27144146 25.81404291 25.51206134 25.36843738 25.29692765 25.1100004 24.97337298 24.77985627 24.57846708 24.40399123 24.10828821 20.56442804 20.22360214 19.80555055 19.30166086 18.90619451 18.55099466 18.19383263 17.96882025 17.81251904 17.54689672 17.37898717 17.88752781 22.38068852 -9999 -9999
-9999 -9999 -9999 -9999 -9999 -9999 -9999 -9999 -9999 -9999 -9999 -9999 -9999 -9999 -9999 -9999 -9999 12.22523563 17.33296652 14.96203078 13.9172939 13.96498144 14.76943292 15.78492583 17.19829653 18.83049728 20.44617491 22.26738508 23.87453754 25.40765219 26.43369317 26.73262016 26.95478445 26.70927868 26.53650589 26.44257869 26.51032816 26.52094576 26.11248331 25.6505399 25.32225225 25.11247259 25.01157445 24.83324317 24.67902353 24.4678275 24.24245955 24.01410613 23.7774783 19.92997937 19.66374045 19.35822976 19.03735756 18.71707904 18.45631294 18.26500175 18.15558546 18.15844313 18.16265199 18.33685314 18.75741147 -9999 -9999 -9999
