meets/meet004/data/CCSM_0k_neotropic_bio02.asc
NCOLS 154 
NROWS 168 
XLLCORNER -112 
YLLCORNER -55.5 
CELLSIZE 0.5 
NODATA_value -9999 
[rows 58 to 86 of 168, columns 64 to 127 of 154]
7.007942268 8.481009681 9.213485174 8.800637253 7.879227279 7.346715694 7.063435136 7.053672483 7.247663635 7.477179877 7.500036982 7.326071214 7.145955615 7.158954704 7.220498383 7.202964461 7.127396821 7.067760936 7.080403498 7.122075724 7.145578647 7.148805493 7.154909063 7.204945272 7.237591611 7.260112303 7.254747698 7.238159968 7.295879523 7.347015842 7.345525604 7.303346074 7.251962475 7.230511761 7.213125166 7.249272417 7.322236133 7.394095592 7.497385778 7.608949628 7.776177053 7.96275043 8.201754585 8.425138958 8.67252179 8.815824132 8.850238633 8.853202926 8.666746143 8.477593002 8.224144757 7.936117037 7.701113408 7.473327033 7.317963822 7.182316725 7.120458833 7.072963233 6.894459527 6.74880514 6.164155205 5.254610697 4.461405115 -9999
7.414885188 8.864988388 9.728350892 8.976739508 7.645874033 7.100875818 7.119331766 7.274736676 7.398395676 7.539029683 7.524208814 7.344484827 7.185022458 7.195710512 7.239065453 7.224338728 7.163844083 7.101906417 7.134059575 7.181634705 7.201271128 7.204577322 7.203091627 7.228620554 7.249832308 7.238062428 7.200733096 7.158627548 7.181762004 7.174564784 7.171089625 7.15932901 7.105673418 7.134195398 7.136712563 7.186659983 7.283491058 7.373357225 7.469954889 7.565576923 7.726747227 7.907701635 8.103029177 8.349842195 8.582979758 8.711297002 8.732170677 8.68775885 8.476235883 8.198291732 7.933261458 7.703085637 7.443191674 7.305763664 7.179006938 7.107353497 7.147783806 7.155549492 7.12233247 7.113400728 6.944023853 6.668674063 6.599890068 6.149491368
7.262704703 8.781075826 9.498674101 8.823327843 7.572928979 7.075350723 7.178912912 7.419389662 7.542133912 7.596136078 7.561230735 7.413365275 7.279807282 7.278798331 7.307963168 7.289175004 7.235939888 7.188976548 7.213797442 7.254782388 7.270938401 7.268101802 7.258131301 7.271623935 7.273121691 7.251171338 7.205780198 7.146752001 7.137533833 7.115615378 7.110541966 7.121006283 7.109176069 7.154152342 7.174097801 7.224499523 7.295032664 7.361243929 7.455604761 7.554014657 7.702825508 7.868073498 8.026075555 8.199018372 8.340126298 8.420365563 8.444346487 8.3783443 8.195645729 7.943350295 7.729465468 7.572904896 7.398675669 7.270967119 7.154520014 7.100735509 7.144475874 7.203608504 7.196120753 7.271156544 7.271306815 7.254976544 7.456403916 7.3614927
6.774618973 8.400053809 9.208551163 8.737059442 7.573894588 7.165326397 7.352110159 7.577975937 7.6612685 7.660050703 7.611622069 7.509912825 7.397760342 7.394990822 7.415775831 7.392175184 7.342042188 7.299378142 7.317296916 7.345374726 7.35056214 7.340497759 7.32266818 7.323065101 7.31385018 7.283680512 7.241149178 7.180609814 7.162118006 7.142719234 7.145159637 7.173840168 7.209254422 7.259699303 7.298713184 7.344363636 7.359950575 7.363431034 7.485542909 7.583759816 7.707675203 7.856581523 7.981123753 8.05834901 8.063995415 8.09265346 8.146333214 8.065479665 7.939031344 7.74866007 7.598194293 7.539073702 7.484429293 7.311017363 7.180732748 7.137427352 7.157748274 7.196142975 7.239626334 7.24736446 7.355439473 7.438091031 7.511741478 7.662033478
6.296967134 8.100597003 9.026583892 8.742495326 7.725029307 7.370893288 7.529741149 7.756252816 7.809068982 7.774325773 7.724151293 7.644349233 7.560708297 7.537990617 7.527812165 7.496302698 7.454297463 7.419016588 7.427873745 7.441536045 7.435168484 7.414239757 7.385186336 7.383432 7.374995369 7.350225633 7.315611926 7.268549055 7.242565857 7.223441907 7.233455381 7.270458562 7.321879117 7.388821328 7.448680603 7.497045703 7.513865053 7.532527098 7.598560543 7.666996433 7.757555618 7.863124254 7.920947757 7.958229748 7.931780778 7.934026374 7.966776114 7.906425356 7.799322479 7.631626316 7.514484798 7.479281384 7.424476802 7.311946314 7.200979983 7.160468073 7.1898772 7.240097798 7.278450355 7.317335826 7.39162072 7.486765418 7.584063012 7.666788186
6.078942383 8.109004576 9.452081508 8.893657209 7.876040966 7.580963157 7.7642983 7.995996931 7.993939025 7.939743028 7.876053845 7.806089202 7.737423562 7.695902413 7.657055054 7.616538515 7.586544781 7.542886232 7.559317339 7.560425884 7.540715312 7.510936508 7.456373641 7.467823761 7.465310762 7.441774829 7.416840615 7.379411178 7.34903873 7.324541682 7.336371436 7.378009099 7.434654253 7.511349088 7.598858897 7.66169896 7.692642587 7.746643978 7.764619309 7.789805627 7.839105556 7.895804937 7.912758481 7.942082361 7.912869608 7.887234175 7.89829139 7.861159855 7.716212521 7.549777828 7.451339992 7.411849064 7.348402441 7.285517781 7.202564896 7.187610966 7.244305278 7.303695709 7.353800098 7.412362103 7.497280334 7.587875549 7.678148469 7.785845733
6.907741127 8.383220916 9.160005536 8.900741629 8.063529398 7.821232904 8.046100862 8.261088226 8.250544842 8.102410393 8.021026947 7.996169468 7.945367503 7.895214742 7.824507774 7.779095224 7.768671398 7.743593416 7.740585463 7.714836294 7.685977532 7.65961423 7.616861735 7.608557607 7.589237958 7.560880906 7.533575512 7.496529689 7.475816772 7.461258758 7.469862136 7.495522201 7.543680931 7.619419143 7.706616273 7.783478577 7.841169452 7.886297521 7.913385682 7.927150357 7.958960278 7.996160694 8.014794778 8.034965995 8.010344774 7.963187012 7.905763541 7.79117824 7.67855816 7.536844647 7.440274525 7.408502578 7.356476519 7.323391853 7.275224626 7.283068487 7.34724516 7.393635993 7.451159933 7.490618828 7.5766239 7.687110135 7.805631501 7.9238948
7.906666207 8.713544225 9.310732787 9.013994195 8.30612296 8.171618213 8.504567452 8.673746143 8.595623567 8.3436681 8.21893086 8.243966929 8.198486585 8.148550627 8.045985543 7.992410067 8.006518583 7.98444101 7.967602321 7.918277945 7.880398772 7.862076258 7.810163128 7.787134414 7.748330398 7.706236838 7.673336857 7.623764253 7.615057852 7.608703888 7.615821153 7.628570328 7.646485245 7.733076911 7.810565257 7.890138605 7.964052928 8.022943367 8.053413933 8.064527607 8.088249245 8.116995445 8.155491165 8.155678965 8.148510098 8.084263846 7.95395774 7.770489211 7.70951392 7.587113086 7.503268745 7.489659195 7.423315908 7.436219271 7.416783273 7.446398949 7.519812742 7.535557144 7.623828523 7.629540525 7.715339592 7.850729333 7.936059193 8.042141514
8.404542693 9.069930869 9.449990578 9.296061099 8.975001955 8.912214431 9.088847705 9.240011366 9.022140238 8.73651718 8.58534747 8.552862135 8.539317292 8.469296133 8.375432681 8.314243684 8.292371503 8.266062616 8.245602648 8.205768609 8.158583713 8.114724063 8.054382988 8.012585348 7.95760511 7.898246488 7.843776283 7.791787488 7.779669252 7.775957238 7.779389363 7.788969527 7.813019384 7.874451365 7.947161253 8.021443114 8.088353321 8.141360578 8.187714975 8.209674717 8.236093525 8.253137068 8.250625146 8.271311554 8.249522235 8.1869072 8.096354952 7.965779715 7.879322707 7.780236568 7.71133281 7.687537819 7.648313583 7.658862747 7.662825328 7.711213108 7.804619738 7.877303273 7.937708612 7.987048746 8.021690146 8.037117592 8.08465198 8.09016604
8.697678878 9.313860314 9.717409469 9.551938203 9.425442099 9.363516502 9.379649866 9.705093396 9.350834105 9.10431591 8.96438612 8.886634297 8.889939758 8.766747093 8.717556632 8.654602181 8.591138838 8.565717233 8.527029006 8.517457563 8.464483827 8.387347265 8.314786058 8.238325418 8.183032902 8.113832266 8.039476095 7.974270702 7.961128718 7.960773893 7.961322126 7.963410574 7.978849018 8.026691265 8.090413905 8.156664276 8.209237388 8.271450726 8.32883395 8.370075558 8.409765948 8.430779228 8.393931957 8.423287648 8.388722123 8.333276193 8.275773106 8.200940786 8.132797602 8.058094143 8.003313373 7.976660218 7.934194151 7.953985921 7.974194363 8.029525056 8.131023787 8.234938087 8.257519686 8.316381058 8.277752212 8.150166807 8.127551358 7.979574398
8.711381936 9.454351562 9.888117152 9.593365696 9.103732913 8.95648438 9.064696214 9.247435003 9.371621346 9.485865207 9.431737347 9.195449206 9.027067293 9.024186768 9.082682273 9.038570097 8.911861937 8.806413212 8.826790062 8.86334645 8.810365462 8.689139243 8.552143097 8.497780363 8.445064494 8.369404137 8.291772298 8.211671649 8.196752611 8.190901682 8.178541515 8.167098073 8.160788245 8.194967592 8.237944844 8.289748478 8.341448583 8.397757388 8.472894608 8.546772261 8.619659593 8.690848383 8.720330398 8.671092088 8.584702568 8.531748555 8.509423594 8.478603718 8.44726276 8.409811532 8.379457706 8.361747214 8.35046323 8.347999696 8.361619127 8.397099118 8.460577201 8.51094702 8.509023001 8.46085035 8.307919136 8.054802886 7.829427134 7.726751743
7.943262628 9.092053816 9.950324392 9.645810773 8.734398248 8.481823228 8.664032377 8.852717014 9.28840682 9.697717337 9.731184573 9.396797424 9.149642857 9.258422369 9.438898868 9.41975844 9.223380534 9.061865765 9.113554474 9.215109933 9.16731138 8.998252402 8.827363238 8.782693928 8.751796356 8.672946016 8.577228383 8.476688364 8.447198804 8.441080502 8.414889377 8.377167629 8.35441545 8.368202985 8.39510504 8.435536036 8.471392668 8.527407589 8.607880311 8.71513612 8.812208316 8.920821339 9.013885438 8.901744977 8.784467593 8.738446354 8.744919728 8.766478039 8.756297591 8.758200885 8.745733933 8.732067819 8.749134111 8.731955252 8.744010178 8.751980863 8.762450421 8.755565397 8.66236849 8.523752189 8.287496636 7.930316583 7.582464712 7.518317966
5.660745466 8.198453471 9.842823158 9.581565161 8.568334573 8.302651305 8.484057197 8.890562716 9.313160377 9.653137253 9.753108022 9.548944593 9.373712519 9.536993422 9.789799207 9.794581641 9.56759187 9.384661659 9.433057607 9.552751275 9.514524108 9.348955726 9.191019788 9.142703889 9.130839937 9.049004709 8.922815938 8.800654205 8.755426845 8.723688453 8.676489628 8.630527225 8.580906803 8.583771501 8.593648978 8.609035457 8.627110393 8.663933967 8.749951857 8.85177681 8.965505043 9.087669974 9.133692139 9.092729225 8.987394363 8.960217236 9.005876428 9.050211112 9.058423953 9.059958817 9.064034533 9.061126412 9.074605538 9.090702963 9.113697034 9.09038487 9.048001788 8.948336095 8.767188441 8.515935578 8.221868546 7.921730417 7.645266826 7.498333314
3.964532794 7.312144571 9.682312512 9.459629696 8.355685359 8.068276148 8.397076006 8.92277059 9.387315973 9.725004534 9.849298482 9.684069544 9.569063213 9.786795328 10.1054668 10.12135923 9.858527231 9.66392726 9.706503426 9.852307554 9.824253984 9.654609653 9.521546306 9.478960886 9.49464593 9.413072082 9.264608437 9.136668211 9.070993945 9.032506695 8.969704548 8.899299508 8.836593143 8.814261039 8.808349601 8.800829745 8.780072602 8.800652971 8.882671461 8.993554608 9.115916538 9.239684099 9.319315662 9.324067993 9.261011608 9.242686642 9.277096578 9.304138397 9.282484731 9.303557861 9.321850718 9.329317964 9.36886299 9.392981493 9.426664937 9.383210939 9.295387443 9.130302286 8.835249963 8.495311514 8.188621621 7.947327243 7.728355418 7.588835911
-9999 6.420980513 9.011673507 8.931346394 7.851804997 7.849653579 8.352489646 9.001492644 9.523851221 9.88785495 10.05608069 9.910522937 9.819882465 10.04572881 10.321104 10.3472732 10.11964241 9.925134442 9.960223961 10.06850642 10.04580926 9.918835763 9.805845178 9.783887269 9.797268683 9.731200617 9.606938258 9.487337857 9.421682851 9.373203914 9.296465315 9.216692979 9.130747835 9.096574193 9.06165328 9.015600904 8.964800407 8.939711783 9.031936843 9.155324746 9.289920585 9.439174065 9.556422682 9.613523171 9.64841607 9.638428568 9.549219653 9.484085042 9.484071198 9.493228643 9.522917788 9.580667821 9.632241506 9.669651093 9.681566878 9.616083168 9.526349872 9.308418983 8.931126469 8.472346815 8.151329049 8.014220035 7.87051034 7.758298653
-9999 -9999 7.342415693 7.754556662 7.554879253 7.964082464 8.486198718 9.114832897 9.65234595 10.08909259 10.27828251 10.14275662 10.05784889 10.23927759 10.50359576 10.52771635 10.32709079 10.16106732 10.17026919 10.25601307 10.22988463 10.12163531 10.03961352 10.02111939 10.05084557 10.00476227 9.905496269 9.820289786 9.756874151 9.715365363 9.636286959 9.539518469 9.45255642 9.396854003 9.348055331 9.27372236 9.175088241 9.124568678 9.198635436 9.332900097 9.475001733 9.625537359 9.754898343 9.829308998 9.891548579 9.891168122 9.792776863 9.727837272 9.722265302 9.724340226 9.746112212 9.805964229 9.862240307 9.888558518 9.901198997 9.833961295 9.722793163 9.49683603 9.086799882 8.608446551 8.282130425 8.165723085 8.044908443 7.936136588
-9999 -9999 -9999 6.160122178 7.725305366 8.730502436 8.997024534 9.188129145 9.684329679 10.25025325 10.4864799 10.31014324 10.26634596 10.39955953 10.60763286 10.64779034 10.50820546 10.40442513 10.37527604 10.39479442 10.3618371 10.28877078 10.23559695 10.21416959 10.22987394 10.20567888 10.16051233 10.13214161 10.06131296 10.02176807 9.945145077 9.852617443 9.782026791 9.694240437 9.646141918 9.552123646 9.411923913 9.347425704 9.409808064 9.521252783 9.644142205 9.779909755 9.893025299 9.938928661 9.947191436 9.962895881 9.991796283 10.02825807 9.966178323 9.960869288 9.979841793 10.00580691 10.05546398 10.07753566 10.08751497 10.00239536 9.885645528 9.68186485 9.277027393 8.883199466 8.568631863 8.37217262 8.236390441 8.140292827
-9999 -9999 -9999 5.405139942 7.811444876 9.120293148 9.25549563 9.190026764 9.534434777 10.09068549 10.36988496 10.33528974 10.35450988 10.46691235 10.65016215 10.70708921 10.63439802 10.57516386 10.53274081 10.51743293 10.477579 10.42163058 10.38854419 10.3542678 10.35420991 10.33681812 10.31848128 10.31961104 10.26728733 10.23374421 10.16389235 10.07389666 10.00991981 9.901892783 9.834751643 9.747666477 9.640588731 9.604306051 9.639153704 9.728052935 9.820547 9.918434229 9.998739612 10.02083406 10.01924775 10.03650123 10.07157027 10.1173419 10.0818166 10.08023369 10.10800711 10.15526808 10.21632396 10.21742822 10.19853785 10.09565235 9.950201793 9.755382168 9.403568961 9.070674545 8.776023 8.565741364 8.434930768 8.332538418
-9999 -9999 -9999 5.215344442 7.963433382 9.404881838 9.151784181 8.908309266 9.292363246 9.682932419 9.964638688 10.0836403 10.31841752 10.43881592 10.58391875 10.69086181 10.6901438 10.70180478 10.65337463 10.61145385 10.57362925 10.53514325 10.51288611 10.47400837 10.43528695 10.42130605 10.42934944 10.42820437 10.41159897 10.37363793 10.31426458 10.25462814 10.15461531 10.03324014 9.928217156 9.857076048 9.837299375 9.870085863 9.896552082 9.943162929 9.999430371 10.05499905 10.09473375 10.13004002 10.13016206 10.1376543 10.12632495 10.07412679 10.11003239 10.1116729 10.15827526 10.29037052 10.34870707 10.30968343 10.23995276 10.09324955 9.915805968 9.719515523 9.423588328 9.145399845 8.902297335 8.730507985 8.594849412 8.493690758
-9999 -9999 -9999 -9999 6.998204809 8.379887538 8.769987353 8.895218331 8.981380837 9.011332402 9.226201377 9.542612839 9.935695953 10.21176068 10.43418527 10.61119653 10.68600822 10.72763222 10.70538177 10.66287522 10.63633245 10.619343 10.61484227 10.57592367 10.54279163 10.5255238 10.5254313 10.53414804 10.53302704 10.51962561 10.46797581 10.40138142 10.28915666 10.11986141 9.97630475 9.919914733 9.962071591 10.05157861 10.10923791 10.15869177 10.19589045 10.20019019 10.21156327 10.24608943 10.27015893 10.27324665 10.25014003 10.20434453 10.19186057 10.18871152 10.24159819 10.38013774 10.42632463 10.32782829 10.1401035 9.939235249 9.746928635 9.564911696 9.358117402 9.176460158 8.985830693 8.834934564 8.711889688 8.601418832
-9999 -9999 -9999 -9999 5.376066398 6.808912635 8.122417584 9.094990832 8.850945167 8.216597876 8.292173354 8.830098779 9.446916864 9.832276316 10.227214 10.52823905 10.64055766 10.73539468 10.70637407 10.66913577 10.65938582 10.66545995 10.69985347 10.66187339 10.65288484 10.64640018 10.63003603 10.63959035 10.66246996 10.68968234 10.6527206 10.56974636 10.44536309 10.24028458 10.01120124 9.947114553 10.05331026 10.20162045 10.27825289 10.36484115 10.40401754 10.37284092 10.33430177 10.39039226 10.44318643 10.45284302 10.43906309 10.42000182 10.36629112 10.31942399 10.35919227 10.50573644 10.55469449 10.3547284 10.01677211 9.750826552 9.583718233 9.355697406 9.247611136 9.179780989 9.051516373 8.916757842 8.794929328 8.678941088
-9999 -9999 -9999 -9999 -9999 5.61147289 7.478874877 8.702340608 8.69549203 7.974538163 7.909667611 8.192108089 8.7337372 9.381576758 10.04313563 10.47786048 10.63492989 10.71094715 10.66658103 10.64915523 10.65043721 10.64811897 10.69429451 10.68373339 10.69953816 10.71393061 10.71937832 10.76799467 10.77164342 10.7995705 10.77711543 10.72796334 10.63006019 10.40741356 10.18155109 10.08348814 10.10482309 10.21459861 10.37024678 10.53222246 10.60600846 10.57546862 10.53895742 10.55926102 10.60513597 10.61944063 10.61398833 10.59655398 10.54744874 10.51377089 10.5353442 10.64288905 10.64776091 10.45774443 10.13656015 9.825273421 9.537198021 9.297978142 9.179515108 9.135224576 9.036829428 8.942083028 8.847957551 8.752773997
-9999 -9999 -9999 -9999 -9999 4.461779122 6.710163478 8.754035653 8.532393208 7.837442385 7.756880056 7.848772388 7.929976322 8.765645324 9.708144738 10.19039728 10.2829326 10.5807802 10.50720446 10.54754144 10.61248164 10.58209735 10.63507996 10.6143197 10.6424919 10.68322372 10.72446924 10.84171931 10.77488133 10.80270803 10.80706241 10.81544542 10.8316179 10.61730901 10.37037903 10.25873257 10.20352611 10.1754572 10.45063297 10.70806132 10.81412171 10.78865788 10.73982132 10.75205716 10.76434551 10.76262772 10.74948545 10.76033633 10.71246203 10.70265087 10.71270701 10.79808486 10.80778583 10.57222188 10.31798478 9.974574137 9.553939873 9.232388312 9.131331846 9.086842568 9.007810129 8.944702555 8.881390784 8.805921463
-9999 -9999 -9999 -9999 -9999 -9999 5.615518835 7.25135085 8.046504317 8.16405559 8.257509641 8.036771842 7.88082872 8.082212665 8.455540206 8.823655817 9.172877358 9.629264767 9.98443593 10.38536061 10.56533021 10.4476436 10.42369022 10.3717733 10.43762174 10.49575939 10.55323821 10.61430707 10.56592573 10.55169945 10.58301213 10.66910837 10.76565231 10.69023677 10.58911041 10.50524803 10.38691947 10.40368026 10.57159685 10.81895954 10.93497439 10.93056485 10.92280881 10.90218693 10.911353 10.88090822 10.80097897 10.78677186 10.80802056 10.89217907 10.89781592 10.87266821 10.79301258 10.54284595 10.25321793 9.908123104 9.529414182 9.258103257 9.130487355 9.108107776 9.018987032 8.913443218 8.83470592 8.795705119
-9999 -9999 -9999 -9999 -9999 -9999 4.423105047 6.048288822 7.534636061 8.588740328 8.854303566 8.254030612 7.810086504 7.424104109 7.130353195 7.257484824 7.831491793 8.403472803 8.773468613 9.616485263 10.05675288 9.899823468 10.02195383 10.14048529 10.17358877 10.22449235 10.2871294 10.34110977 10.22637521 10.16150439 10.20638539 10.34844324 10.61932673 10.60270189 10.70677385 10.71620596 10.59094782 10.56482853 10.67594756 10.88689055 10.97520805 10.95524985 11.02280252 10.94724652 10.97223532 10.94740282 10.82596619 10.74182265 10.84814747 11.00608212 10.96452647 10.81020341 10.71650963 10.34058249 10.0440012 9.739388767 9.445480801 9.210736948 9.163555212 9.15246632 9.050649966 8.905361406 8.746974628 8.71989993
-9999 -9999 -9999 -9999 -9999 -9999 -9999 4.928153163 7.013366855 8.766301101 9.361361954 8.553871091 7.404825883 7.205426064 6.978560368 6.849971815 6.85239081 6.669413811 7.205850582 7.591146025 8.140705086 8.896024857 9.382940596 9.805546202 10.00494289 10.12017293 10.05267146 9.908707984 9.920775156 9.910345022 9.879325763 9.810841368 9.867665337 10.23889517 10.67317268 10.86074564 10.78083171 10.69754188 10.7338318 10.81974018 10.83383524 10.78361458 10.76776642 10.78028912 10.84932269 10.85205654 10.79818222 10.81571145 10.81249453 10.84898639 10.73389275 10.49704126 10.23469222 9.961404458 9.717848013 9.505963024 9.372758413 9.282771506 9.229361522 9.19052966 9.070723614 8.901306188 8.743591124 8.642387025
-9999 -9999 -9999 -9999 -9999 -9999 -9999 3.815262418 6.500806184 9.023310033 9.99244383 9.096889779 7.605877478 8.124585919 7.857648063 7.572929034 7.230433262 5.980130193 6.641453427 6.428423972 6.83764635 8.051939209 8.848193746 9.487001076 9.986587854 10.19680599 10.06738467 9.675881851 9.779219975 9.745481544 9.565855217 9.254215961 9.114712436 9.808421782 10.61273885 11.00051831 10.93687386 10.78593953 10.75682346 10.71909391 10.6579621 10.56594432 10.47243918 10.51233166 10.61030061 10.62521607 10.61950218 10.70245951 10.58073663 10.5391663 10.37844294 10.08771079 9.775939987 9.613402761 9.417811045 9.293157403 9.320962038 9.321490372 9.267093738 9.220458857 9.090533917 8.899902526 8.714732058 8.569513006
-9999 -9999 -9999 -9999 -9999 -9999 -9999 3.159273008 5.574229606 8.27696161 9.849575026 10.16473137 10.28646748 9.974901578 9.821887908 9.521692455 9.115944025 8.767708628 8.066148319 7.56219437 7.466484995 7.688143893 8.202638963 9.139592137 10.05173409 10.47729104 10.35927615 10.13027741 9.960955692 9.690342048 9.399955775 8.961852669 8.788696284 9.611690774 10.60858458 11.07397315 11.10255221 10.93091485 10.76529028 10.61576232 10.47767453 10.36523358 10.30518647 10.26631368 10.25621357 10.24326371 10.23981781 10.18369863 10.14795495 10.03043972 9.896826438 9.775484574 9.592384904 9.432398141 9.27936008 9.217592298 9.27996497 9.313078134 9.295378375 9.214842732 9.072422505 8.892288247 8.693613687 8.52412535
-9999 -9999 -9999 -9999 -9999 -9999 -9999 -9999 4.280555846 6.955772943 9.028851506 10.38648259 11.79755423 11.38764008 11.23206057 10.9316019 10.62508102 10.78773398 9.64288235 8.769187892 8.163896889 7.628476533 7.651896831 8.573705854 9.788958422 10.46753917 10.5026932 10.49427044 10.34453521 9.960783642 9.668533931 9.271186928 8.910876498 9.854971215 10.80376619 11.16920837 11.13068314 10.95185878 10.66827173 10.44022781 10.25390107 10.12010462 10.07644545 10.02634854 9.973588707 9.928544503 9.886702951 9.779130101 9.777363496 9.675860411 9.609862256 9.608712 9.48568082 9.364753095 9.240231053 9.194940627 9.294066823 9.337065634 9.296402323 9.202841885 9.056034989 8.875364311 8.671704521 8.490651687
