meets/meet004/data/CCSM_21k_neotropic_bio01.asc
NCOLS 154 
NROWS 168 
XLLCORNER -112 
YLLCORNER -55.5 
CELLSIZE 0.5 
NODATA_value -9999 
[rows 87 to 115 of 168, columns 64 to 127 of 154]
-9999 -9999 -9999 -9999 -9999 -9999 -9999 -9999 -9999 16.2451808 14.62507358 12.5524046 10.24845677 7.245497538 4.487272018 2.329893374 1.084323493 0.040680962 -0.741723584 -1.053765533 0.293897724 2.979070811 6.278417207 9.832365614 13.21980468 16.36639091 18.68014495 20.53761886 21.65360506 22.34291577 22.83945495 22.84692665 22.62059124 22.3682444 21.94272485 21.65608877 21.54579807 21.54488356 21.55631784 21.67724907 21.78988697 21.88238443 22.14079572 22.29617346 22.55297734 22.59445411 22.43940298 22.20543977 21.71805717 21.22740625 21.02148167 21.08090459 21.22878265 21.44202623 21.62859874 21.49164545 21.06800371 20.60093361 20.28733725 19.9555291 19.63041226 19.38022753 19.0696381 18.85299881
-9999 -9999 -9999 -9999 -9999 -9999 -9999 -9999 -9999 -9999 -9999 15.22928912 13.88342711 11.06329441 8.3345968 5.674964566 3.534871167 1.644216772 0.113868343 -0.902124736 -0.276612374 1.347617255 3.769544797 6.936485542 10.02131884 13.31025912 16.00127493 18.37918957 20.09243909 21.15364036 21.83043033 21.91251494 21.64842946 21.81446768 21.77345361 21.70582795 21.79340771 21.83665429 21.8720481 22.11221257 22.32520004 22.54821875 22.95185075 23.04992948 23.23956958 23.17865274 22.85618461 22.53237295 21.89368346 21.26238873 21.04836135 21.15846191 21.35624551 21.57424906 21.7262311 21.53291611 20.99970588 20.42400817 20.02154313 19.57673561 19.19573272 19.00063748 18.67991996 18.51257172
-9999 -9999 -9999 -9999 -9999 -9999 -9999 -9999 -9999 -9999 -9999 -9999 -9999 13.94992669 12.15647817 9.621752853 6.629370489 3.445833608 1.744500921 0.137084926 -0.46762647 0.397649256 1.516523484 3.97744641 6.907775106 9.917280252 12.77676715 15.69825372 17.73626358 19.50998937 20.80980638 21.09932473 21.58899157 21.77068638 21.77887468 21.950774 21.92236919 21.96958023 22.00395871 22.06315213 22.32646617 22.72961448 23.10811784 23.29404254 23.36217861 23.2670898 23.06077357 22.65981618 22.08192763 21.48915696 21.20546237 21.38676786 21.58848429 21.45071346 21.45634247 21.16710917 20.67341154 20.33039618 19.86760823 19.52738411 19.20432104 18.9210617 18.67089067 18.46159933
-9999 -9999 -9999 -9999 -9999 -9999 -9999 -9999 -9999 -9999 -9999 -9999 -9999 -9999 -9999 13.08832821 10.5332531 7.441470625 4.980330534 2.367187433 0.810261984 0.43276167 0.548425676 1.955635406 3.696842984 6.17727731 8.922346541 11.91861827 14.36450102 16.67283843 18.60259201 19.77520895 20.79409368 21.43940262 21.82715004 22.06468044 22.09821725 22.04862668 22.02676714 22.08629984 22.32143697 22.73905406 23.13431225 23.31851094 23.39110795 23.35503047 23.204156 22.91295938 22.46323262 21.90254285 21.52882414 21.41673653 21.2905797 20.86784871 20.58599158 20.24364598 19.89901548 19.74964554 19.53121609 19.37132963 19.18835614 19.01717043 18.78841615 18.58298933
-9999 -9999 -9999 -9999 -9999 -9999 -9999 -9999 -9999 -9999 -9999 -9999 -9999 -9999 -9999 -9999 -9999 13.60011207 9.60082873 5.776550022 3.142533613 1.800420174 1.069467186 0.84634179 0.910349265 2.310694746 4.889452119 7.294455594 10.30590558 12.83655925 15.43968896 17.51814255 19.38456089 20.77472735 21.65415793 22.27201277 22.23723806 22.10534612 22.08975261 22.1725429 22.39619255 22.77858186 23.15505861 23.35404047 23.42573373 23.44537063 23.42324646 23.28068719 22.91322037 22.52089762 21.96201607 21.26478615 20.52536494 19.96023562 19.25840744 18.88369699 18.91981793 18.76919592 19.00975928 19.14248693 19.1422843 19.11910461 18.96153083 18.73879165
-9999 -9999 -9999 -9999 -9999 -9999 -9999 -9999 -9999 -9999 -9999 -9999 -9999 -9999 -9999 -9999 -9999 16.07609318 12.95941267 9.448095253 6.47140272 4.119423967 2.2485598 0.96047379 0.1665953 0.748397335 2.51704043 4.433785404 7.094911028 9.590662558 12.43878384 15.15300817 17.56691376 19.8414964 21.39424653 22.36806873 22.38022346 22.1071372 22.06051658 22.12802481 22.3470104 22.72934388 23.10152667 23.33391991 23.45758002 23.51902196 23.51025565 23.41021823 23.12860663 22.71919517 22.02836255 21.12366918 20.1462317 19.38022799 18.66973888 18.33718285 18.47240267 18.53964917 18.87721344 19.067466 19.14166677 19.17345917 19.05553139 18.8077343
-9999 -9999 -9999 -9999 -9999 -9999 -9999 -9999 -9999 -9999 -9999 -9999 -9999 -9999 -9999 -9999 -9999 -9999 -9999 12.82340466 9.931921184 6.681624787 3.727411339 1.872116553 0.989482927 0.754267228 1.491529142 2.803653935 5.080048962 7.149878955 10.0211588 12.94751673 15.80572284 18.81118649 21.16284674 22.55853427 22.42222995 22.06027397 22.09998666 22.03177304 22.23210206 22.69782464 23.04020001 23.32711765 23.49167024 23.54719019 23.5254124 23.35655072 23.03496964 22.65181503 21.94384683 21.01335691 20.03248283 19.37015804 18.76290812 18.49969961 18.70358804 18.89121011 19.10061038 19.21190134 19.2774266 19.32240393 19.13102497 18.73300454
-9999 -9999 -9999 -9999 -9999 -9999 -9999 -9999 -9999 -9999 -9999 -9999 -9999 -9999 -9999 -9999 -9999 -9999 -9999 14.59144152 12.14657661 8.80779578 5.632392354 3.044238089 1.514281316 0.926561981 1.427703654 2.650777256 4.246808755 6.055988169 8.715968912 11.59848664 14.55263336 17.81624996 20.46620213 22.14593463 22.43133275 22.23917302 22.29793866 22.30158446 22.48193109 22.81466435 23.1278839 23.40752173 23.57335624 23.57682602 23.43138609 23.15929342 22.75645913 22.29985099 21.69125222 21.0215446 20.37218275 19.84006352 19.42607411 19.21447779 19.30557443 19.43431622 19.56433989 19.66800658 19.64930386 19.57981458 19.29578305 18.64431134
-9999 -9999 -9999 -9999 -9999 -9999 -9999 -9999 -9999 -9999 -9999 -9999 -9999 -9999 -9999 -9999 -9999 -9999 -9999 -9999 13.73153205 10.54354334 7.257612609 4.025641558 1.688334864 0.709041871 1.472345258 2.871837576 4.135747837 5.575050276 7.991031837 10.68735614 13.65086657 16.96769716 19.72833935 21.67081231 22.23782445 22.53584165 22.61754648 22.72165528 22.879874 23.04497963 23.29021944 23.47609753 23.67233496 23.58848683 23.26547886 22.89198565 22.31300872 21.80074824 21.34744586 21.04604761 20.81111981 20.43364526 20.22159209 20.0556064 19.97495556 19.99916871 20.00498259 20.14027753 19.97658455 19.70994335 19.53089173 18.39231614
-9999 -9999 -9999 -9999 -9999 -9999 -9999 -9999 -9999 -9999 -9999 -9999 -9999 -9999 -9999 -9999 -9999 -9999 -9999 -9999 14.51543091 11.52923305 8.098926262 4.480233634 1.770266583 0.656379364 1.368675601 2.960788377 4.157196404 5.578405514 7.887439744 10.36736851 13.19081444 16.40472647 19.17007625 21.17021659 21.97136126 22.30851023 22.77259761 23.07111148 23.23756516 23.18478471 23.21717324 23.38820293 23.58095052 23.41026106 22.96588646 22.38474699 21.70647072 21.16958348 20.86524534 20.90168814 21.00842756 20.87609275 20.7536738 20.61057253 20.47177785 20.41244238 20.26495193 20.12993852 19.77138469 19.31858013 18.70801724 17.78517329
-9999 -9999 -9999 -9999 -9999 -9999 -9999 -9999 -9999 -9999 -9999 -9999 -9999 -9999 -9999 -9999 -9999 -9999 -9999 -9999 15.11150264 12.11242754 8.621373128 4.546164207 1.382312176 0.133405957 1.081358744 2.909299812 4.183247864 5.609821785 7.882505338 10.18376662 12.89361276 16.22212468 18.93466868 20.93647884 21.67059365 22.04721296 22.67442102 23.25213585 23.44260767 23.19340989 22.95226882 23.21140334 23.4171557 23.13223989 22.5105007 21.82271909 21.08902059 20.46184606 20.29688805 20.70250367 21.14347272 21.01458766 21.00307647 20.90659643 20.73899378 20.68448481 20.28642642 19.91153886 19.35533158 18.71737242 17.78502032 17.22467456
-9999 -9999 -9999 -9999 -9999 -9999 -9999 -9999 -9999 -9999 -9999 -9999 -9999 -9999 -9999 -9999 -9999 -9999 -9999 -9999 15.19226983 11.94867583 8.081139813 4.175677363 1.124055953 -0.144995313 0.584078235 2.296933277 3.926544535 5.800088291 8.238054124 10.55064104 13.19106839 16.29838385 19.02713424 20.93194044 21.58014605 21.83102368 22.39554021 22.84259419 23.07827738 23.0656278 23.00945758 23.01940098 22.98721135 22.58722943 21.92359927 21.20431988 20.55083612 20.12432976 20.02326903 20.32255609 20.72015576 20.83279959 20.89289193 20.83212115 20.66467249 20.45533027 20.06060159 19.60436205 18.99424567 18.36442927 17.67635661 17.02910805
-9999 -9999 -9999 -9999 -9999 -9999 -9999 -9999 -9999 -9999 -9999 -9999 -9999 -9999 -9999 -9999 -9999 -9999 -9999 -9999 15.3160354 11.52207392 7.393636544 3.606552206 0.637855843 -0.539209649 0.29525039 1.682320769 3.86643072 6.09252609 8.662940637 10.95231019 13.53691206 16.65774159 19.41842586 21.20737615 21.52805192 21.67738945 22.12154753 22.46632333 22.69402346 22.83807391 22.93453499 22.67129029 22.48339237 21.9938672 21.2731433 20.56016736 20.07534078 19.75790414 19.68830891 19.93406666 20.24383696 20.36169007 20.52748943 20.53175625 20.38813627 20.16051467 19.76378203 19.27586785 18.68548369 18.11235081 17.60435343 16.98948684
-9999 -9999 -9999 -9999 -9999 -9999 -9999 -9999 -9999 -9999 -9999 -9999 -9999 -9999 -9999 -9999 -9999 -9999 -9999 -9999 15.20696437 10.9855029 6.443601399 3.049958205 0.808572137 -0.135864307 0.503024871 2.122088577 4.152970141 6.532464171 9.195798925 11.51395151 14.08815505 17.09579517 19.72561531 21.35906318 21.59318068 21.54763032 21.96987987 22.41579178 22.58944635 22.4627559 22.22668705 22.10721526 21.87299034 21.3849513 20.74358131 20.07017615 19.66265767 19.41245847 19.30483426 19.41180782 19.57255682 19.71249386 19.84137363 19.87421943 19.89176505 19.76300714 19.31403127 18.8188546 18.2486176 17.70860473 17.26186047 16.82213221
-9999 -9999 -9999 -9999 -9999 -9999 -9999 -9999 -9999 -9999 -9999 -9999 -9999 -9999 -9999 -9999 -9999 -9999 -9999 -9999 15.27331614 10.53101232 5.560125973 2.781499647 1.070039557 0.350991597 1.050764186 2.514348469 4.718601438 7.16787232 9.81530955 12.03488242 14.60306766 17.57260666 20.11582869 21.59330446 21.52694692 21.36573737 21.81421254 22.33169732 22.44944158 22.08342525 21.65925712 21.66573629 21.4812058 21.06234065 20.51563441 19.73084556 19.42966285 19.15797328 18.9897814 19.01497749 18.99361399 19.12779448 19.19087048 19.20664627 19.29722887 19.22726278 18.63781096 18.11066361 17.55514306 17.09336697 16.75844773 16.43804765
-9999 -9999 -9999 -9999 -9999 -9999 -9999 -9999 -9999 -9999 -9999 -9999 -9999 -9999 -9999 -9999 -9999 -9999 -9999 17.20492856 14.86613411 10.33564714 5.84257149 2.969536422 1.576989866 1.04297543 1.64148706 3.248592958 5.358943773 7.905670738 10.55603542 12.76557482 15.16801223 17.92565372 20.31854989 21.60374821 21.42725036 21.116893 21.46231215 21.9118974 22.02291353 21.73496837 21.47393051 21.43814674 21.46915836 21.14188953 20.55693949 19.97139979 19.44082065 19.06840641 18.80533265 18.75330725 18.7584367 18.73671023 18.73093668 18.61041592 18.47674816 18.16480022 17.63951845 17.00075462 16.51377122 16.22363084 15.99168845 15.91592486
-9999 -9999 -9999 -9999 -9999 -9999 -9999 -9999 -9999 -9999 -9999 -9999 -9999 -9999 -9999 -9999 -9999 -9999 -9999 16.95178085 14.65402967 10.1400376 5.711219924 3.040196705 1.880849287 1.451725196 2.082093598 3.722835803 6.006542732 8.646333493 11.24641399 13.27762268 15.59490648 18.15176021 20.32028524 21.44091481 21.08294654 20.7114036 21.000049 21.39564878 21.51116153 21.29986281 21.1191273 21.12981962 21.29450435 21.05577315 20.53112966 20.02848239 19.44153075 18.98692951 18.6751199 18.56517867 18.51638384 18.41920377 18.2807401 18.02451721 17.71034799 17.22162981 16.66912412 16.01379363 15.54737714 15.44077837 15.32211811 15.37416585
-9999 -9999 -9999 -9999 -9999 -9999 -9999 -9999 -9999 -9999 -9999 -9999 -9999 -9999 -9999 -9999 -9999 -9999 -9999 16.55063895 14.20280342 9.748413292 5.484518589 2.869834098 1.778308498 1.522438402 2.270349397 4.101344219 6.507555971 9.29860122 11.89136651 13.87692565 15.8611365 18.08514601 19.88298943 20.80868224 20.67280962 20.29456631 20.51037452 20.77611478 20.87868427 20.74361746 20.5736117 20.63075743 20.66806795 20.50036929 20.18668976 19.77394967 19.28315775 18.86541511 18.48555785 18.27942666 18.15265791 17.91633607 17.7325619 17.3273392 16.86571551 16.37745202 15.80502456 15.28262892 15.01923389 14.90827042 14.89068599 15.20582903
-9999 -9999 -9999 -9999 -9999 -9999 -9999 -9999 -9999 -9999 -9999 -9999 -9999 -9999 -9999 -9999 -9999 -9999 -9999 16.0394209 13.59246276 9.082405083 4.825647235 2.291095663 1.350604745 1.221372322 2.147313351 4.179296568 6.914978014 9.943176358 12.56596602 14.29606343 16.08679561 18.03304499 19.49021087 20.39450152 20.32715518 20.07194304 20.27199997 20.38912839 20.43147068 20.352291 20.16142952 20.15548211 20.11868473 19.95556467 19.78782771 19.47891887 19.0788274 18.70498106 18.28430254 17.9730214 17.63911642 17.22820708 16.89345081 16.43406924 15.96363286 15.49889103 15.03502916 14.62023434 14.47397982 14.63731978 14.95181848 15.58589677
-9999 -9999 -9999 -9999 -9999 -9999 -9999 -9999 -9999 -9999 -9999 -9999 -9999 -9999 -9999 -9999 -9999 -9999 -9999 15.27587156 12.67600688 8.162184487 3.926275257 1.58425696 0.666532195 0.737040782 1.875802551 4.057740321 7.257058091 10.61086693 13.29329024 14.88364816 16.30336012 17.90747113 19.23951032 20.02069893 20.09749019 20.12473789 20.12467462 20.19855564 20.20052621 20.05114005 19.95568196 19.7931924 19.67804057 19.52345194 19.37856545 19.18034418 18.92094035 18.61051985 18.13235717 17.60291717 16.97838881 16.45620779 15.87907394 15.34686783 15.00877175 14.56267454 14.16539301 13.86322556 14.08834599 14.70065356 15.54353091 16.52595516
-9999 -9999 -9999 -9999 -9999 -9999 -9999 -9999 -9999 -9999 -9999 -9999 -9999 -9999 -9999 -9999 -9999 -9999 -9999 14.47282123 11.73768146 7.318388595 3.170741138 0.969166831 0.20448062 0.412733568 1.693895313 4.060266133 7.55296821 11.21085543 13.96182227 15.43955108 16.52537858 17.83149654 18.88259559 19.5899736 19.73734996 19.77429691 19.78238616 19.78299874 19.76913757 19.66699816 19.55681214 19.39025665 19.21888737 19.06699261 18.99385063 18.85881927 18.69592128 18.41658862 17.91726215 17.31107414 16.5616056 15.93066451 15.24691705 14.6966879 14.3834154 14.00236726 13.60162072 13.41406605 13.81405414 14.85814095 16.11001856 17.24270082
-9999 -9999 -9999 -9999 -9999 -9999 -9999 -9999 -9999 -9999 -9999 -9999 -9999 -9999 -9999 -9999 -9999 -9999 -9999 13.78019998 11.00467969 6.594629473 2.509068728 0.729778403 0.028940445 0.413870247 1.859506728 4.158099102 8.032709988 11.93331079 14.67873098 15.92562397 16.77487185 17.83120395 18.55485402 19.05257948 19.15754923 19.1087212 19.1988235 19.18608315 19.16518953 19.11616504 18.99892762 18.87759926 18.73197016 18.62156193 18.60330651 18.50629227 18.38338587 18.18170154 17.6960321 17.09511342 16.36170048 15.63743932 15.0164447 14.44559932 14.07619688 13.76713463 13.2765666 13.02838428 13.68706745 15.05915856 16.64910717 -9999
-9999 -9999 -9999 -9999 -9999 -9999 -9999 -9999 -9999 -9999 -9999 -9999 -9999 -9999 -9999 -9999 -9999 -9999 -9999 12.94690054 10.24982483 6.390031498 2.935477125 1.274313629 0.810455565 1.301571576 2.712344154 5.114442756 8.84207876 12.67509439 15.36707477 16.55849721 17.19759451 17.94193701 18.3975986 18.73664858 18.79122849 18.70665703 18.73530494 18.68910375 18.66057547 18.6278032 18.5261314 18.47237857 18.37606252 18.29865017 18.29072663 18.20485594 18.12889313 17.93000846 17.47124588 16.88678937 16.18260688 15.49978963 14.86313507 14.28688728 13.89466556 13.57109954 13.02617691 12.81865273 13.49204361 15.02952788 16.65409664 -9999
-9999 -9999 -9999 -9999 -9999 -9999 -9999 -9999 -9999 -9999 -9999 -9999 -9999 -9999 -9999 -9999 -9999 -9999 13.65776282 12.1308441 9.645500213 6.380576916 3.594974519 2.387570644 2.121961916 2.761727811 4.113465674 6.299685489 9.967507838 13.65182083 16.10624376 17.06826631 17.71552013 18.15182596 18.38380495 18.53723994 18.51929797 18.48093751 18.40396918 18.3153989 18.25373625 18.18287167 18.12777591 18.09496115 18.0979199 18.0567041 18.00524767 17.93567163 17.83637892 17.68387537 17.265804 16.6882862 16.00954993 15.32885236 14.69698203 14.12683161 13.73380411 13.35931113 12.87991591 12.56032151 13.26277042 14.88804783 16.50572119 -9999
-9999 -9999 -9999 -9999 -9999 -9999 -9999 -9999 -9999 -9999 -9999 -9999 -9999 -9999 -9999 -9999 -9999 -9999 13.08032649 10.96811161 8.68425038 6.425458469 4.705407037 3.682393473 3.574069786 4.36695963 5.886969988 8.20177798 11.23591767 14.23794842 16.39871803 17.39810858 17.89092977 18.21480005 18.26634584 18.32680181 18.29078307 18.20499038 18.12193902 17.99086188 17.8998374 17.82463386 17.75878832 17.76994662 17.79145623 17.76105785 17.71696643 17.63092712 17.56365989 17.4177463 17.02330548 16.49677146 15.85892139 15.23065668 14.6219798 14.05776926 13.64448268 13.27558808 12.74529711 12.49348533 13.1546878 14.72315737 16.32553995 -9999
-9999 -9999 -9999 -9999 -9999 -9999 -9999 -9999 -9999 -9999 -9999 -9999 -9999 -9999 -9999 -9999 -9999 -9999 12.32149899 9.479642369 7.399788774 6.193877442 5.606807661 5.018326408 4.934811261 5.975179577 7.87576333 10.17203771 12.64964682 14.91560582 16.64623086 17.57757965 18.0880889 18.23846633 18.13187978 18.09210773 18.05524195 17.94988727 17.8639562 17.70203147 17.56550672 17.47113346 17.37945581 17.41091709 17.44845313 17.42741958 17.37857636 17.29835316 17.22091549 17.12424416 16.77877474 16.27711131 15.72953113 15.1338122 14.58092122 14.08402369 13.68761447 13.2637855 12.89721025 12.49666745 13.11609675 14.7606591 16.3464171 -9999
-9999 -9999 -9999 -9999 -9999 -9999 -9999 -9999 -9999 -9999 -9999 -9999 -9999 -9999 -9999 -9999 -9999 -9999 11.36850214 7.619121978 5.626529612 5.463772795 6.013066159 6.341018157 6.979303105 8.282472358 9.981468934 12.01837111 14.04150272 15.85950324 17.2492699 17.91563457 18.19982061 18.19970479 17.98794845 17.91836524 17.94753429 17.91963877 17.72414601 17.45959295 17.27586778 17.16230074 17.10258943 17.09059574 17.10641501 17.07203936 17.01642448 16.93761324 16.86011762 16.73041448 16.4097043 15.98193824 15.49840733 15.03014954 14.6031736 14.20966801 13.92781803 13.61722412 13.1777027 12.95712896 13.56350916 15.02938721 16.49291417 -9999
-9999 -9999 -9999 -9999 -9999 -9999 -9999 -9999 -9999 -9999 -9999 -9999 -9999 -9999 -9999 -9999 -9999 14.9391018 10.47178555 5.635456922 3.818142833 4.993508657 6.362030459 7.557824374 8.953114117 10.4770003 11.92038008 13.75117943 15.30598418 16.81580104 17.90553688 18.17152459 18.42342086 18.13958999 17.81885858 17.72671758 17.82366248 17.97678777 17.58716015 17.20671777 16.96261751 16.83426114 16.80060995 16.73840518 16.73850548 16.68615258 16.61390644 16.55424459 16.41513437 16.29614521 16.01247422 15.65909057 15.24209707 14.91739786 14.63692842 14.33543769 14.1344844 14.0647924 13.76053112 13.56036093 14.19823386 15.51516879 -9999 -9999
-9999 -9999 -9999 -9999 -9999 -9999 -9999 -9999 -9999 -9999 -9999 -9999 -9999 -9999 -9999 -9999 -9999 13.21681645 9.677805656 5.748237134 4.211060774 5.044488526 6.876974875 8.623127972 10.48009756 12.14725622 13.33554122 14.68222567 15.93919823 17.20781493 17.99460579 18.11983429 18.15161269 17.83331214 17.57439102 17.48261867 17.56301993 17.60368675 17.27720931 16.8813238 16.61120274 16.45436694 16.3920379 16.33143537 16.29989781 16.22457606 16.13042312 16.02298047 15.91316006 15.78516742 15.57246087 15.32691564 15.07637111 14.8239314 14.61054874 14.47062381 14.35171478 14.37978378 14.4111528 14.64408392 15.24381745 -9999 -9999 -9999
