meets/meet004/data/CCSM_6k_neotropic_bio11.asc
NCOLS 154 
NROWS 168 
XLLCORNER -112 
YLLCORNER -55.5 
CELLSIZE 0.5 
NODATA_value -9999 
[rows 58 to 86 of 168, columns 64 to 127 of 154]
19.90706799 18.82719271 17.7709796 17.12993827 16.90715776 17.28739254 18.26503892 19.55529266 21.03986612 22.3492889 23.11536313 23.17350926 23.1037819 23.11135306 23.1862485 23.2191396 23.19768378 23.2392724 23.22371093 23.2433305 23.25582078 23.23933789 23.23446826 23.23619133 23.2483857 23.27693465 23.32158712 23.41949575 23.49727791 23.64810184 23.70286169 23.65772383 23.67145081 23.62781575 23.60873533 23.55918834 23.48283286 23.39651694 23.29074511 23.19942621 23.14727444 23.13242377 23.13156104 23.14377344 23.1255184 23.10087537 23.04362353 22.94540168 22.93921145 22.867507 22.78885467 22.71241855 22.64329485 22.73994867 22.90060069 23.09422377 23.32853471 23.54622152 23.73164436 23.85990589 24.11044268 24.42354014 24.67549384 -9999
19.85554497 18.83603121 17.93325793 17.3352039 17.07907286 17.57311953 18.77123824 20.19255051 21.441066 22.49005666 23.14932021 23.18959197 23.13709807 23.19159433 23.23043663 23.26347901 23.27643371 23.27991559 23.29287939 23.3091328 23.30876605 23.30261453 23.3068513 23.3069326 23.31246773 23.34619989 23.37236494 23.42548606 23.53298232 23.61717427 23.66762313 23.67798426 23.64894787 23.65441762 23.64786614 23.61385134 23.57432567 23.51536868 23.44866023 23.38727053 23.35353024 23.33912512 23.35920345 23.35518985 23.37789664 23.31114981 23.20999114 23.09589056 23.04610418 22.9411272 22.86917457 22.79692533 22.73629884 22.83500352 23.01687051 23.18480091 23.36041363 23.54439742 23.65832598 23.76639413 23.89851204 24.02721494 24.11281972 24.21303899
20.02685456 19.09786802 18.33865187 17.72183472 17.52825711 18.0313826 19.21897547 20.58955731 21.70987858 22.57754052 23.14832493 23.21248768 23.16179722 23.20710483 23.24522528 23.27748701 23.28931878 23.30135307 23.31188132 23.32727903 23.34133297 23.34514194 23.35871171 23.36804008 23.38393364 23.41026489 23.43172559 23.46528048 23.52765352 23.58733055 23.63018928 23.64883068 23.65467194 23.67077056 23.67959911 23.67329349 23.65902381 23.63466378 23.5851804 23.54478675 23.51713629 23.49943809 23.51674763 23.53378414 23.56496874 23.54577731 23.47695789 23.38889108 23.31401863 23.22285741 23.12663921 23.03760819 22.98382623 23.02398839 23.12815402 23.23244556 23.35200441 23.49087692 23.59966046 23.68148664 23.75995338 23.80591166 23.78680785 23.75232906
20.22254509 19.43283256 18.76164598 18.22651582 18.02595453 18.5133067 19.64202097 20.90488551 21.9078408 22.65633421 23.14381502 23.20968973 23.19565017 23.24354034 23.27650872 23.30488228 23.3110607 23.31535988 23.32977098 23.33831443 23.35631401 23.3752804 23.39586228 23.41755275 23.4466905 23.47326887 23.49016597 23.53177086 23.56026893 23.59668104 23.63317545 23.65668046 23.68154097 23.70070083 23.71826671 23.72953936 23.73524257 23.74275715 23.69525548 23.66790896 23.64360402 23.62093149 23.63355288 23.63907701 23.69308346 23.67785521 23.65224211 23.67103266 23.526833 23.50993913 23.42247023 23.27006771 23.27313442 23.17854235 23.19002151 23.23516747 23.30239251 23.40970665 23.49919764 23.60125352 23.63491417 23.62536065 23.61057767 23.46197208
20.40157925 19.68650339 19.18901804 18.71671756 18.5991719 19.04484945 20.01689267 21.13895496 22.03201218 22.68944767 23.14493636 23.2354035 23.21871249 23.26592735 23.29812752 23.3250834 23.33122461 23.33524007 23.3401983 23.3500245 23.37160234 23.3970216 23.42715258 23.44507055 23.46751084 23.4940524 23.51404963 23.54929677 23.57592881 23.61090307 23.64781812 23.6758063 23.70696854 23.72868595 23.74976923 23.7612786 23.76459521 23.76816306 23.74107418 23.72507102 23.70619715 23.68584168 23.6926898 23.6953798 23.72213376 23.7093255 23.67532585 23.65407094 23.56784846 23.52198248 23.43342477 23.32252339 23.27791555 23.2078992 23.20324124 23.21196548 23.23560245 23.30446361 23.37609969 23.45136656 23.47778229 23.45362284 23.38519562 23.25232236
20.3844809 19.83253274 19.50609409 19.14641232 19.05546907 19.50794855 20.41520662 21.40301657 22.20382709 22.78738629 23.17705127 23.24349825 23.24524101 23.28813029 23.31726273 23.34024092 23.34561031 23.35537736 23.35770729 23.363063 23.38403307 23.41498224 23.45478703 23.4568309 23.46289551 23.48357972 23.50447967 23.5398291 23.56689927 23.6096657 23.65102666 23.68331198 23.72919005 23.7476322 23.7668478 23.77876611 23.77358325 23.76179914 23.75164237 23.74180131 23.72366429 23.71076689 23.71234122 23.69662292 23.69153264 23.64400118 23.57753253 23.50289526 23.42222226 23.34001122 23.26030089 23.19813456 23.14462835 23.11443774 23.1369285 23.13204345 23.12352152 23.16387455 23.21314203 23.27642216 23.28983078 23.25419692 23.1726767 23.05541279
19.9771313 19.48940782 19.35496969 19.26296264 19.48095204 20.00136838 20.83214943 21.7247681 22.3957524 22.86021244 23.1970622 23.27582661 23.27228513 23.30139403 23.31371552 23.33317115 23.34618587 23.36028465 23.36945009 23.38005936 23.39790422 23.41608322 23.43480615 23.44022195 23.44506998 23.46025613 23.47552112 23.50114893 23.52699696 23.56296928 23.61045648 23.66045078 23.7110869 23.73975591 23.75972742 23.77096994 23.76974903 23.76413662 23.74284103 23.72407974 23.70347377 23.69279983 23.6817697 23.65804074 23.62082505 23.54585797 23.45421409 23.34593353 23.24836716 23.1575719 23.07303893 23.02086997 22.98316393 22.96092497 22.95752527 22.95141799 22.94868181 22.97152615 23.02239356 23.07847122 23.09806351 23.08406883 23.03867717 22.98283011
19.47220774 19.30060986 19.04785219 19.38112763 19.84532651 20.44111683 21.22849317 22.10566239 22.66689215 22.99225966 23.24223092 23.29751822 23.3095675 23.32277592 23.31297404 23.32653863 23.34801238 23.36251277 23.38305662 23.39601614 23.40753847 23.40992681 23.41123485 23.42471205 23.42535935 23.43570894 23.44516812 23.45517957 23.48466197 23.50660363 23.55577356 23.623435 23.68897242 23.71532633 23.73922735 23.75533108 23.76068132 23.76519406 23.7265829 23.69450083 23.66743231 23.65802449 23.64060758 23.59632284 23.54191637 23.44989568 23.33370019 23.18906939 23.09492149 22.99241972 22.9026674 22.86330312 22.80843875 22.77913103 22.75854277 22.74704604 22.7530341 22.75472385 22.82495179 22.8850093 22.904594 22.90514572 22.90212991 22.85684715
19.63549212 19.35130097 19.50909557 19.60369646 20.10953351 20.69826801 21.45282821 22.3252084 22.76366385 23.08342332 23.32100339 23.33056993 23.32561995 23.32893552 23.33499822 23.34603074 23.35138229 23.37539845 23.38295933 23.39793449 23.40841592 23.40524367 23.40946772 23.41138108 23.41554158 23.42474135 23.43136177 23.44112689 23.45881054 23.48277999 23.52658687 23.58184334 23.63543786 23.67567824 23.70532675 23.72339636 23.72926711 23.7234597 23.69376885 23.66013045 23.62561868 23.60611901 23.57559147 23.52379761 23.45251399 23.34852446 23.24122444 23.11455106 22.99648161 22.8805964 22.77813178 22.71784561 22.66132977 22.623297 22.59456559 22.57867349 22.58431998 22.60274958 22.64673537 22.68232198 22.7263117 22.76543538 22.7632136 22.78328812
19.97665324 19.66641534 19.65213029 19.34372627 19.79078561 20.32897292 21.01380387 22.23648365 22.63536567 23.07314559 23.35547622 23.3109375 23.30979236 23.27126787 23.30377763 23.31612866 23.3057797 23.34997177 23.34307418 23.36877083 23.38637233 23.38192803 23.39700722 23.40190612 23.40977032 23.42151086 23.42540624 23.43308758 23.45273001 23.47085929 23.50661643 23.54953877 23.58937214 23.62760538 23.66136393 23.6786022 23.68171159 23.6774024 23.64464885 23.61197706 23.57499018 23.54948892 23.51198288 23.44312667 23.36387718 23.26393611 23.16588136 23.05134986 22.93227445 22.80584854 22.69276533 22.61964351 22.52984816 22.48409277 22.45066836 22.4247913 22.43022087 22.44852229 22.47068854 22.50071559 22.57373135 22.68015699 22.70863011 22.80242636
20.74453532 19.6388342 18.83546434 18.26393635 18.28713229 18.70812225 19.6392943 20.83331089 21.97555221 22.95898413 23.47168626 23.33842874 23.12019097 23.13254613 23.17860215 23.19951681 23.19825388 23.20244307 23.24408824 23.29153138 23.32622913 23.34186711 23.35724364 23.38339413 23.40750027 23.42676865 23.43365992 23.44052006 23.45438561 23.47111828 23.49594686 23.52218935 23.55044139 23.57721487 23.598297 23.60851107 23.61044604 23.59891631 23.57572443 23.54455513 23.50467265 23.47522521 23.42714637 23.35731123 23.2762004 23.17463822 23.08715665 22.99365315 22.88065219 22.78058347 22.65720514 22.54105427 22.44803363 22.36184158 22.30433565 22.27362017 22.27661604 22.28362249 22.30824232 22.33679755 22.49465185 22.76566589 22.94220142 22.98229078
21.23197968 19.46149385 17.87627411 16.9557168 16.5194417 16.87472583 17.96997341 19.39517337 21.22143105 22.85844971 23.59922553 23.33563841 22.94797043 22.97155164 23.06643109 23.09712259 23.08591684 23.06491565 23.13203692 23.20591314 23.2578627 23.28716849 23.31377694 23.36221045 23.40629836 23.43513542 23.44124694 23.44629349 23.45575769 23.46748964 23.48455148 23.4976615 23.5134029 23.5296497 23.5367387 23.54062284 23.54172098 23.52537678 23.50638737 23.47572396 23.43580198 23.40918702 23.34990063 23.27217724 23.18503591 23.08782369 23.00592651 22.91261161 22.80365824 22.7206566 22.59030129 22.45274163 22.33862486 22.23711925 22.16581498 22.13028211 22.13580806 22.16446221 22.20607766 22.26495115 22.47602048 22.87625025 23.19618135 23.18771434
20.69257354 19.27087011 17.24053508 15.86239649 15.1454289 15.31072071 16.3796649 18.20441789 20.55785982 22.78919372 23.82902009 23.43221627 22.86374927 22.88066595 23.0498449 23.09341022 23.04285438 23.00113776 23.05891533 23.13933192 23.20183864 23.24185187 23.28138681 23.3497908 23.41450523 23.45143705 23.452712 23.44676835 23.45350386 23.45845367 23.46541037 23.4735961 23.47758996 23.48348058 23.48311593 23.47915468 23.47755685 23.46245594 23.44412125 23.41453239 23.37298625 23.34140376 23.28412521 23.20137741 23.10795654 22.98439135 22.8723694 22.77332901 22.64868513 22.55645575 22.42724641 22.2870649 22.18118572 22.08939852 22.03584479 22.02823503 22.0525342 22.10325319 22.22821575 22.37335587 22.66262817 23.05249639 23.32668391 23.41021137
20.3637248 19.33514408 16.96646592 15.21679656 13.92017615 13.6841649 14.80281661 17.02860944 19.89687286 22.66787231 23.89284311 23.38690395 22.75027697 22.81903228 23.04691829 23.10043596 23.01479899 22.94650326 22.99645533 23.08362561 23.1484649 23.19003509 23.24274902 23.32703067 23.41341022 23.45793102 23.45363841 23.44507616 23.44716695 23.44760385 23.45102873 23.45165513 23.4492355 23.44904392 23.44050946 23.43616057 23.43654326 23.41523545 23.3964444 23.3628445 23.31923505 23.291798 23.22731371 23.13929219 23.03223655 22.87038354 22.70585452 22.54730879 22.38418275 22.29490816 22.18029729 22.06796753 21.99851059 21.95807191 21.93776104 21.96591479 22.00159198 22.12403027 22.3680865 22.63114515 22.94315432 23.28181394 23.53314694 23.62150155
-9999 19.89746094 17.6436832 15.15626436 12.96641838 12.10539427 13.24128095 15.79195759 19.14605158 22.18209753 23.67136675 23.2864145 22.6917181 22.76179128 23.02543943 23.09165131 22.99218823 22.91089636 22.94713678 23.02881954 23.09467714 23.14190061 23.19902854 23.30021114 23.39889729 23.45020888 23.45252766 23.44208977 23.44135162 23.44492613 23.43820798 23.43106036 23.42519839 23.41352035 23.4130936 23.40137836 23.39243113 23.38662799 23.34675264 23.31058917 23.26424312 23.22640368 23.17641483 23.09015717 22.9754607 22.76904308 22.49332046 22.21419212 22.08693467 21.96103339 21.87255536 21.85532615 21.82014519 21.84891871 21.89007229 21.96462142 22.00513422 22.17665076 22.55125003 23.03531918 23.39392009 23.56394496 23.7110024 23.81204332
-9999 -9999 18.57671502 15.55917465 12.46282013 11.20435463 12.15049861 14.65609427 18.32334115 21.50132738 23.12358448 22.95719919 22.56722668 22.70414379 22.96122632 23.02455869 22.93140983 22.85881656 22.89425649 22.97336681 23.03980158 23.08709178 23.15199417 23.25997968 23.36724857 23.42663393 23.42910282 23.42555146 23.42673312 23.42737097 23.42184429 23.40649674 23.39264969 23.37154676 23.36069741 23.34553682 23.33898061 23.32822444 23.28120528 23.23869722 23.18673441 23.15628716 23.10031074 23.01212798 22.88732668 22.65868843 22.35579262 22.04688856 21.91956901 21.80586625 21.73279414 21.74861721 21.73292684 21.78990404 21.86382897 21.95132101 21.99764264 22.20607459 22.66928693 23.26242877 23.64919247 23.76156368 23.87830488 23.97604073
-9999 -9999 -9999 16.3671704 12.58931804 10.81387803 11.47356552 13.66158045 17.304468 20.51699129 22.31917255 22.44214817 22.46969312 22.65650492 22.81252653 22.91461583 22.85531919 22.82083296 22.85351641 22.9135083 22.98044653 23.04571081 23.11853182 23.21900458 23.31047105 23.36414671 23.38689563 23.39170733 23.38097037 23.38707162 23.36423937 23.33995512 23.32688273 23.27710368 23.26200773 23.23724653 23.22036117 23.21920299 23.17133059 23.1361356 23.08970499 23.05046965 22.99158095 22.89560824 22.76831177 22.56299953 22.31507085 22.0733973 21.94066027 21.85596369 21.79542443 21.77290674 21.76514685 21.81241753 21.83706567 21.93903949 22.00018764 22.19120632 22.73083772 23.28019289 23.67084052 23.87414157 24.01190792 24.03588357
-9999 -9999 -9999 17.0859637 13.2329593 11.17989429 11.20051002 12.89197707 16.06955988 19.22502469 21.12987084 21.80692959 22.16888828 22.49986856 22.69708827 22.83383691 22.80335193 22.7920621 22.82770108 22.87884416 22.94227922 23.00668314 23.07730504 23.16487138 23.23369681 23.27058066 23.2772662 23.26906002 23.26763732 23.25760482 23.21861992 23.16919249 23.12144434 23.07679407 23.05306424 23.02810106 23.01807772 23.01566981 23.00288806 22.98889289 22.95753882 22.92998425 22.86978702 22.7793131 22.6635882 22.50308525 22.32663706 22.15763034 22.05551884 21.98421012 21.92141977 21.88688636 21.85397547 21.86735355 21.88841094 21.98580475 22.07518864 22.28624031 22.78345763 23.2872618 23.64430437 23.81400437 23.90298246 23.92875529
-9999 -9999 -9999 17.79208219 14.12052208 11.92688215 11.47165878 12.04416596 14.41002883 17.68602591 19.53072822 20.53439594 21.78432586 22.15403495 22.44504361 22.7422221 22.70783357 22.77963089 22.79161116 22.83743278 22.9215912 22.98784604 23.05307816 23.14670424 23.16808834 23.18450276 23.18049133 23.10581265 23.1447181 23.10853429 23.05104576 22.9911669 22.84278929 22.86861903 22.81489499 22.78244703 22.82031746 22.76188507 22.79252635 22.82822408 22.80808535 22.78399781 22.74003324 22.64463528 22.55194831 22.44784307 22.34172722 22.26532261 22.16267112 22.10656386 22.05716321 21.99480022 22.00137246 22.00396434 22.00486532 22.13196536 22.27911828 22.49048408 22.9519469 23.37669648 23.62538562 23.70980207 23.66666542 23.70242586
-9999 -9999 -9999 -9999 15.30922211 13.37074477 12.15933988 12.02940252 13.08223767 15.20484958 17.26107601 18.64324016 20.17972458 21.25111988 22.11203008 22.65916138 22.62648613 22.58448945 22.65810124 22.79535548 22.92630934 23.01719427 23.08223001 23.16888133 23.19423654 23.19677145 23.16863313 23.09629176 23.10171796 23.06912762 23.0090712 22.94245705 22.83112342 22.83214343 22.79886582 22.75167971 22.72349572 22.65968013 22.65425963 22.64815031 22.61786829 22.59641956 22.56599701 22.50233109 22.44017121 22.36798077 22.30209554 22.25867687 22.20159262 22.17323449 22.14015241 22.0819936 22.10670648 22.1660815 22.29303762 22.47872324 22.66107942 22.88133911 23.20885349 23.49962866 23.65886769 23.65721203 23.5470632 23.46910559
-9999 -9999 -9999 -9999 16.75606023 14.76497857 13.28938276 11.96179814 11.49373454 12.28516574 13.67747824 15.68537413 17.9185198 19.5826796 21.4251129 22.51435507 22.28485858 22.24870012 22.53453096 22.76864158 22.98892533 23.09730256 23.17222572 23.26741629 23.30303159 23.3002502 23.25611068 23.17631467 23.15584385 23.11788911 23.05902924 23.01791329 22.96010734 22.93278826 22.93672647 22.85003167 22.73510655 22.62995403 22.49690536 22.44676795 22.38774587 22.36151702 22.36035339 22.32320163 22.29467741 22.26819434 22.21829025 22.17673386 22.18693281 22.18807304 22.18158836 22.12644897 22.13658867 22.3112635 22.59354678 22.85226247 23.03727962 23.34188475 23.51438984 23.67209247 23.71600051 23.6419943 23.51889148 23.30060028
-9999 -9999 -9999 -9999 -9999 16.62873429 14.18117546 11.51684251 9.827376739 9.215482092 9.775590901 11.45304182 14.17446197 16.98559025 19.76935967 21.52488697 21.92474405 22.1177522 22.46259017 22.86832303 23.16867848 23.25506385 23.32214429 23.40017784 23.42902586 23.41954322 23.36034857 23.2570536 23.22071177 23.17679669 23.11733489 23.0661327 23.02715972 23.05574365 23.06040561 22.92825125 22.70998361 22.47899112 22.29835438 22.18488803 22.09734277 22.08177756 22.09135777 22.10643228 22.11709098 22.11986977 22.11061378 22.1093982 22.13163628 22.15703634 22.17016761 22.12476795 22.15950356 22.31439858 22.58324624 22.88567956 23.18658908 23.47641859 23.66669747 23.7690903 23.77115316 23.65148797 23.47105947 23.23376466
-9999 -9999 -9999 -9999 -9999 18.75843219 15.00257677 10.7486899 8.808428168 6.692601259 6.126249062 7.417301317 8.704915904 13.5375164 17.74681342 20.09982049 20.92035821 21.75337942 22.30247335 22.89506396 23.43637955 23.50166644 23.50950675 23.73934461 23.62854824 23.61409542 23.49517665 23.35179751 23.34505092 23.27335497 23.19338178 23.06694153 23.00433196 23.01754413 23.16963238 22.98745568 22.65591206 22.28125899 22.10963438 21.93385722 21.82005332 21.83192629 21.81024803 21.88297918 21.93645108 21.98298274 22.01788653 22.0301891 22.08742284 22.12503189 22.16746685 22.13614666 22.14829389 22.37569013 22.53568704 22.85344678 23.28337718 23.5778897 23.73193803 23.81376503 23.75742425 23.60464469 23.4310982 23.16126781
-9999 -9999 -9999 -9999 -9999 -9999 16.75264276 13.39233346 9.831127347 6.419498637 4.906654137 5.289789884 7.105357979 10.31919563 14.2200872 17.02805445 18.54233518 20.13093055 21.15069509 22.45578508 23.37317108 23.59841501 24.041139 23.97354628 23.96004607 23.92930765 23.74608171 23.63921482 23.60656184 23.49127857 23.35463851 23.20725129 23.039939 23.03995541 23.01614147 22.83656885 22.61018157 22.28275239 22.03883392 21.85704821 21.72339818 21.69511582 21.68807929 21.72027766 21.76763279 21.83735228 21.93458812 22.00457851 22.02558415 22.03036592 22.10397586 22.16597251 22.32260142 22.59554798 22.91846855 23.21703808 23.45890887 23.62028267 23.68746699 23.66611552 23.58683778 23.45100404 23.19643781 22.80929483
-9999 -9999 -9999 -9999 -9999 -9999 18.58563794 16.24647309 11.98519622 7.160800231 4.708164176 4.529340373 5.358005637 7.020396361 9.684141914 12.18205721 14.4221614 17.39647704 18.23935199 20.41135002 21.93395739 22.32637453 24.0177421 23.91653836 24.06082467 24.21058518 23.99642583 23.93866504 23.98546795 23.86732689 23.57818997 23.36798319 23.01117855 22.96727717 22.88540787 22.78172464 22.59930809 22.29159419 22.0407709 21.85356148 21.70164023 21.64964847 21.60367653 21.62185399 21.62949878 21.67733523 21.81691251 21.97754758 21.90693483 21.88081405 22.03313644 22.24163655 22.48526886 22.89802318 23.33648259 23.58988284 23.59781953 23.69627626 23.59394756 23.48288444 23.30058844 23.09285133 22.8048922 22.34772592
-9999 -9999 -9999 -9999 -9999 -9999 -9999 18.14081359 14.04206195 8.992688382 5.714737463 4.355757181 3.880803066 4.05388503 4.571932903 5.909500958 7.792517094 9.972845524 12.47113343 14.99530091 17.23722023 19.05485948 20.94048866 22.3194151 23.5738197 24.34897261 24.30426716 24.27447062 24.15536534 24.00297849 23.86979242 23.78101369 23.62778055 23.29555343 22.91115376 22.61005641 22.4982295 22.3274556 22.07101091 21.86430112 21.71474116 21.67224118 21.63851631 21.62752557 21.58040715 21.61245863 21.70017977 21.7028473 21.75449249 21.77102134 21.99104385 22.36744587 22.77863015 23.08799402 23.34067615 23.50013625 23.40327396 23.31689953 23.29306519 23.28087452 23.04975474 22.68012472 22.2758911 21.83087301
-9999 -9999 -9999 -9999 -9999 -9999 -9999 19.99052261 15.75027722 10.87789509 7.188184232 4.951974083 2.868082118 1.832785374 0.370319564 0.692902971 2.17417985 2.992266907 5.857709112 7.785266352 10.75492918 14.21976626 17.30103062 20.14608865 22.52724419 23.96877021 24.15512357 24.37647171 24.3499719 24.25358994 24.27344647 24.39893017 24.33714937 23.75396145 23.07304081 22.57168338 22.4736662 22.35309872 22.04918264 21.85807397 21.68555107 21.65329593 21.69290588 21.71472678 21.67174402 21.74795378 21.81590829 21.68275498 21.83493728 21.80662632 22.03331309 22.50121014 22.98222424 23.09071766 23.13049323 23.10281206 22.99830429 22.86720578 22.93132044 22.99929755 22.75846242 22.268246 21.72648647 21.28620799
-9999 -9999 -9999 -9999 -9999 -9999 -9999 18.96708847 16.91064689 13.77352805 10.40762974 7.110549416 3.758151372 1.757115442 -0.131109413 -0.851701889 -0.110965748 0.425281133 1.819648428 2.945820667 5.712423055 9.54909749 13.38713408 17.52584898 20.39793774 22.5195542 23.33580799 23.93666283 24.05489714 24.37020773 24.57065563 24.79268699 24.86864783 24.03843305 23.15604911 22.61548407 22.31897739 22.31281162 22.11460989 21.88757662 21.78251255 21.7923405 21.76717523 22.02051283 22.18469439 22.32321627 22.45869251 22.45032972 22.34541049 22.24171268 22.32389889 22.56378179 22.78951966 22.84723118 22.81739834 22.72818857 22.59720312 22.47064187 22.45847242 22.45632279 22.15618156 21.65635026 21.15891447 20.65088884
-9999 -9999 -9999 -9999 -9999 -9999 -9999 -9999 17.66447684 16.29506374 13.72131206 10.25018818 6.262092204 4.133600455 1.489874058 -0.0031014 0.022027492 -0.397289337 0.138220772 0.203414835 2.502513278 6.314628633 9.965222054 14.27316689 18.07297892 20.61936869 21.94914883 23.07068534 23.56382761 24.08820994 24.35584637 24.58954421 24.829825 23.87009247 23.0288253 22.57943978 22.38469432 22.4340053 22.39338036 22.24148443 22.21540406 22.29042 22.24488739 22.66816189 22.98158816 23.14849623 23.26184914 23.20065885 22.8661233 22.59800001 22.51755887 22.5564627 22.64140046 22.70919372 22.65624138 22.52239688 22.32347772 22.03856933 21.866054 21.75039361 21.38213642 20.89106325 20.42387712 19.95170201
