meets/meet004/data/CCSM_21k_neotropic_bio05.asc
NCOLS 154 
NROWS 168 
XLLCORNER -112 
YLLCORNER -55.5 
CELLSIZE 0.5 
NODATA_value -9999 
[rows 58 to 86 of 168, columns 64 to 127 of 154]
23.63441247 23.88543854 23.15196049 21.42595126 19.85168866 19.83074659 21.02289741 22.78773103 24.63475182 26.18581048 26.9842023 26.82700044 26.61791426 26.61039482 26.7284342 26.78018535 26.74333052 26.78964087 26.78623004 26.82112468 26.82938182 26.78576476 26.74287407 26.73237009 26.7887866 27.13185713 27.55755478 27.99295238 28.37740293 28.76452697 28.81745169 28.56240404 28.31170462 27.93057617 27.55375178 27.19160635 27.09820285 27.14042165 27.16004051 27.20806074 27.30966882 27.44356752 27.65978878 27.86902844 28.06504733 28.0672147 27.89114408 27.66100055 27.39968634 27.18612459 26.91322144 26.7124757 26.76366935 27.00753229 27.35572562 27.81982359 28.29387818 28.75159003 29.20655603 29.53617237 29.85252538 30.08275854 30.19273075 -9999
24.40268965 24.62334327 24.11463119 22.09428924 20.14832664 20.1083112 21.72080619 23.71804852 25.26223588 26.52003866 27.16217523 26.91570702 26.7014189 26.76245396 26.8253756 26.88321541 26.90437365 26.89670762 26.93980656 26.9828336 26.97463986 26.94313421 26.90701029 26.88196639 26.86034108 26.95025724 27.17987534 27.38608209 27.69212899 27.83841863 27.83582446 27.69509758 27.36165266 27.18267024 27.1751006 27.20531418 27.30074194 27.31859024 27.31629668 27.41340076 27.60010134 27.8147108 28.09596018 28.35687217 28.66932814 28.66672078 28.35989671 28.07648157 27.6996415 27.28730766 26.96029885 26.7294697 26.66412588 26.95917764 27.28961467 27.70562126 28.20475916 28.70998595 29.1135897 29.5321742 29.85738985 30.03645953 30.2320366 30.20284439
24.83238182 25.23624808 24.68679587 22.79710794 20.87158827 20.7775924 22.30956687 24.25764174 25.6719667 26.6959619 27.22936562 27.01242705 26.79111644 26.84077214 26.92195297 26.98409875 26.98968819 26.98756882 27.02687322 27.06784707 27.08163386 27.06580482 27.04565871 27.03649056 27.01865847 27.00050268 26.96359512 27.01182965 27.13570802 27.15306006 27.14532645 27.20291371 27.24638254 27.30444394 27.3300577 27.38279389 27.45551882 27.49833724 27.45832482 27.59111235 27.80806723 28.03822465 28.32085685 28.54690509 28.77797089 28.77292169 28.54632682 28.28575452 27.91785305 27.56615217 27.29286942 27.12362245 27.01982844 27.1712794 27.38478333 27.71731134 28.1192251 28.56222302 28.9454929 29.31293059 29.62155163 29.82101242 29.95787195 29.91981399
25.01542021 25.62028739 25.30562459 23.67734223 21.65459588 21.49656632 22.95893551 24.66310662 25.96171534 26.83247305 27.25768317 27.06617753 26.87801003 26.97322994 27.07393776 27.1349065 27.11358475 27.07461758 27.12817168 27.1486874 27.16990361 27.19547465 27.17739976 27.19763873 27.17867994 27.15952737 27.10558907 27.05109111 27.09967632 27.12226922 27.20395484 27.32274141 27.4229407 27.51210498 27.57200884 27.63273191 27.66531723 27.6515184 27.65367177 27.71996482 27.95033232 28.16105341 28.40350029 28.54951121 28.603274 28.6098166 28.57119402 28.39662346 28.12287719 27.92232003 27.71845639 27.63268864 27.7027258 27.47405121 27.53394433 27.73800149 27.99565569 28.35441372 28.6741456 28.94522871 29.20759891 29.41534083 29.53975304 29.48916136
24.95579362 25.79630012 25.86654859 24.4153234 22.56839275 22.35794748 23.54660712 25.10160287 26.23032772 26.96622391 27.34265033 27.18411191 27.02613874 27.09735967 27.19744099 27.26128358 27.24248554 27.20939692 27.23914824 27.27674728 27.31250341 27.35022256 27.35602169 27.36610215 27.34769996 27.33146341 27.29371018 27.26899145 27.26923312 27.2972644 27.37307577 27.46671788 27.59470456 27.70342928 27.79265026 27.85538145 27.87736872 27.87205173 27.8115165 27.76391798 27.96533666 28.17131597 28.34844643 28.46188519 28.52027497 28.55632196 28.57858011 28.51008522 28.28854375 28.06865515 27.88955685 27.80871934 27.77924076 27.54437173 27.56382878 27.69738271 27.88525466 28.15771833 28.40357051 28.6332586 28.8473128 29.00691335 29.08007282 29.05131355
24.78501107 25.81823991 26.7749932 25.08246592 23.24927628 23.15396063 24.3922006 25.68521409 26.70832231 27.30876568 27.52479395 27.29185916 27.14708483 27.2085554 27.32043892 27.39214862 27.37844909 27.35689645 27.42338751 27.47105219 27.51533871 27.5720552 27.5822837 27.57805506 27.54339283 27.52053995 27.4990794 27.51160503 27.47212171 27.49637231 27.56494272 27.62332768 27.75048309 27.84963384 27.96857217 28.04692332 28.07595561 28.10729473 27.99723548 27.85611711 27.9487008 28.15166789 28.29784067 28.44494037 28.52434789 28.56432783 28.60681459 28.65150897 28.30561907 28.0221973 27.83255687 27.72408705 27.62508951 27.4477426 27.45636734 27.53592541 27.68166791 27.93536293 28.09708915 28.32404553 28.49961466 28.58647359 28.6648694 28.66014878
24.50436979 25.32511338 25.85033715 25.09862315 24.05560127 24.28170822 25.59639935 26.90657478 27.50094505 27.59443318 27.60837938 27.42334148 27.29794233 27.31626139 27.35723832 27.45185216 27.54051576 27.61005755 27.69740405 27.75250577 27.81253604 27.86185816 27.8629867 27.84762411 27.7940856 27.73765616 27.65763672 27.60956984 27.59979631 27.62998177 27.6857993 27.74091312 27.8199762 27.88589033 27.96688607 28.06353392 28.18817657 28.23776523 28.14518194 28.01256629 28.00282196 28.16448072 28.362661 28.5114646 28.59722318 28.59350024 28.51071552 28.34744381 28.10062476 27.84209008 27.64406288 27.54742357 27.44418891 27.30087317 27.24298649 27.29978446 27.38784995 27.51549439 27.69288025 27.86657634 28.04432459 28.19184907 28.28872317 28.35820265
24.26672893 24.8799243 25.18838358 25.20152616 24.88552303 25.50116812 27.00708203 28.48242163 28.45730998 28.01667367 27.7516917 27.61727202 27.51137994 27.50699157 27.44411335 27.54766891 27.75254536 27.90278364 28.01333443 28.08528529 28.16230951 28.215943 28.19860507 28.18683703 28.09728812 27.98905932 27.84617285 27.67888702 27.71876188 27.73996568 27.79324182 27.83426095 27.88131377 27.93991017 27.95119779 28.05811581 28.26723337 28.41251841 28.3011557 28.18306028 28.1994096 28.41436277 28.67251686 28.59499249 28.64107941 28.59306175 28.35716287 28.02907296 27.90669731 27.66154777 27.47193824 27.41757977 27.29870396 27.22874265 27.1856349 27.19653859 27.23261312 27.18002752 27.39507968 27.46003164 27.62701188 27.97700241 28.23340421 28.65981423
24.65156438 24.94580385 25.40907728 25.57053365 25.98913691 26.80834398 27.97908646 29.13121252 28.99978289 28.55891202 28.21679913 28.14415469 28.07628566 28.02255331 27.97228715 28.03058709 28.14920194 28.27522919 28.35603997 28.44259074 28.55188835 28.61641418 28.63646436 28.59172525 28.4816176 28.33365735 28.12901294 27.96489048 27.92253419 27.93090266 27.95343084 27.9772467 28.00174767 28.048874 28.10892758 28.20541198 28.3463367 28.44460537 28.44161278 28.40789727 28.4518671 28.58282217 28.68359111 28.71889642 28.66387711 28.51354508 28.33314827 28.09424534 27.9105588 27.73175483 27.61062974 27.59442809 27.56196598 27.5916933 27.60998052 27.68685496 27.79925913 27.92932278 28.09023692 28.26851162 28.43979769 28.71798745 29.10494896 29.38432125
25.31402173 25.34892021 25.41683559 25.09450731 25.9257792 26.72628078 27.47648921 29.26306731 29.0357084 28.89802363 28.85919903 28.62360617 28.6065987 28.44148524 28.54174314 28.60782608 28.63397595 28.82183218 28.8367633 28.96958948 28.99351667 28.9746078 29.06360047 28.95315809 28.8597416 28.70020037 28.45388397 28.25533717 28.19376482 28.16858012 28.1614549 28.1325581 28.13863642 28.17739737 28.25616715 28.33231954 28.39432454 28.49937524 28.53233627 28.59553972 28.66947362 28.77904029 28.76661613 28.81175974 28.73646355 28.62506211 28.56097648 28.47351738 28.3338553 28.19316785 28.08620196 28.06122075 27.9996372 28.04745987 28.12040986 28.23920695 28.39912933 28.65371722 28.78563644 29.0416161 29.23019219 29.3887754 29.86622341 29.94095669
26.46224654 25.65092064 24.68918877 23.45882312 23.01565291 23.605852 24.89882933 26.47986474 27.98422174 29.20784592 29.66996507 29.12971879 28.62149417 28.66211002 28.88412881 28.99613593 28.98457012 29.01750031 29.19719584 29.41982388 29.4693491 29.40271082 29.29413752 29.2656588 29.20546158 29.06555913 28.85069112 28.63688637 28.5473679 28.48331037 28.41504199 28.34044809 28.28547172 28.28735978 28.30757231 28.3437193 28.39509478 28.46709049 28.5646517 28.69080043 28.84590618 29.06244765 29.1794346 29.0761244 28.89988483 28.81479083 28.85579244 28.87987596 28.84986571 28.81011777 28.74446638 28.68582427 28.6669176 28.63651453 28.6767594 28.78355218 28.93146568 29.14713497 29.28421533 29.46508604 29.61000544 29.68125265 29.91281882 30.20643008
26.67752614 25.44118324 23.8040102 22.12384169 20.29529068 20.35862784 21.92038423 23.82103183 26.75437945 29.36428493 30.27277276 29.44184096 28.61700955 28.8019358 29.21057218 29.34578307 29.25921251 29.20676753 29.43755041 29.77577598 29.85068599 29.74938702 29.64852144 29.62956751 29.61081811 29.49579502 29.28878972 29.05431746 28.92333226 28.81690362 28.69611957 28.55032506 28.44185103 28.38962537 28.35285538 28.35543037 28.37567078 28.4315535 28.55939111 28.7642825 28.97883731 29.29676421 29.54451376 29.32708503 29.09326554 29.03316373 29.15740013 29.29325572 29.31525431 29.3775823 29.33603142 29.24584 29.25013211 29.15792797 29.17511669 29.24717236 29.33111277 29.51779619 29.57021848 29.68228034 29.77961519 29.7866309 29.90031005 30.27900082
24.91420382 24.80058391 23.55663453 21.05192405 18.5011856 18.20829563 19.64196306 22.22161901 25.89015063 29.21674296 30.57035083 29.80530635 28.87598536 29.07366899 29.61907423 29.79304942 29.62196417 29.51548909 29.71585947 30.01644653 30.11475122 30.06847162 30.02432665 30.06101487 30.12959385 30.040607 29.82642385 29.58443408 29.39147747 29.1943101 28.9988914 28.82890351 28.65129841 28.55659776 28.47058776 28.43196779 28.42530471 28.48617548 28.61468576 28.81622299 29.08424264 29.43274922 29.59321138 29.55238699 29.36505975 29.33796134 29.50412008 29.67135869 29.71794232 29.75882153 29.73294891 29.6448884 29.61899863 29.57774758 29.61441215 29.64525816 29.76266778 29.87541158 29.92646574 29.92608948 29.95294825 29.95735517 30.03623451 30.30200713
23.50999955 24.25512822 23.5026394 20.46646034 16.9082312 16.4412611 18.05849349 20.8134854 25.14805385 29.23772172 30.81464827 29.98890373 29.05021051 29.36065187 30.0152561 30.18325908 29.92971654 29.77324107 29.92097416 30.22785803 30.32488252 30.29093588 30.3192253 30.38134443 30.54657626 30.52388568 30.31287642 30.10056427 29.86850212 29.63063445 29.38510557 29.15343421 28.92546279 28.78920552 28.71845346 28.66120578 28.59868417 28.64589078 28.7899944 29.02585928 29.31513542 29.6344212 29.84897288 29.91412156 29.82312665 29.78697542 29.87906812 29.94193304 29.87789618 29.93777945 29.92489333 29.84427151 29.88125679 29.89522948 30.10889713 30.26708472 30.31359408 30.36924588 30.33024418 30.23609659 30.20745861 30.17639837 30.18358714 30.3325405
-9999 23.88997253 23.93966181 20.10640222 15.50151943 14.93260267 16.76422771 19.70971666 24.44721647 28.96090914 30.88795981 30.24080297 29.35682683 29.64579918 30.25131595 30.4293199 30.20215865 30.0218733 30.13852027 30.36380602 30.47171377 30.4732245 30.51081987 30.63806823 30.80595606 30.86568989 30.74746875 30.57384799 30.36780323 30.1515695 29.8708815 29.58139412 29.29293812 29.13380986 29.01970676 28.89018222 28.7645587 28.74751181 28.92240655 29.228632 29.55832727 29.95517218 30.28731429 30.46203868 30.57252409 30.5126568 30.23527747 30.0001146 29.95607736 29.9238777 29.91525178 29.97240012 30.04815258 30.34313666 30.57353766 30.73644361 30.81340303 30.83982004 30.71672833 30.59922229 30.49937434 30.44191429 30.43840009 30.42767032
-9999 -9999 23.42051203 19.54093884 14.99731872 14.23519823 15.93536762 18.82554066 23.68903561 28.46203718 30.57967485 30.20207715 29.57103499 29.86319446 30.38936087 30.53898669 30.34234475 30.19431414 30.27580666 30.47491755 30.56707538 30.58690965 30.64591878 30.77080061 30.98790679 31.11228058 31.06064489 30.97437731 30.81676248 30.63658422 30.3715736 30.04818169 29.74124013 29.51122894 29.31762338 29.12687904 28.92029948 28.85061881 29.04507058 29.4429162 29.8426226 30.27726648 30.64479211 30.86891104 31.03383313 30.94253894 30.57722886 30.25785403 30.15277024 30.07953947 30.04878941 30.11882349 30.3826523 30.68514453 30.93681859 31.09921133 31.1428387 31.14852356 30.98431284 30.82517763 30.69895482 30.59295702 30.55024154 30.52395989
-9999 -9999 -9999 18.93428332 15.30079537 14.25264452 15.50793312 18.0193674 22.51495504 27.50102571 30.0259967 29.86164971 29.77810701 30.04904538 30.34081438 30.50100052 30.38929987 30.34520882 30.3868967 30.51064513 30.608163 30.66569913 30.76017666 30.88099227 31.06034922 31.22792641 31.26492488 31.28112122 31.14470917 31.03238932 30.79442665 30.48140515 30.2258344 29.9292272 29.73596846 29.48792918 29.19919187 29.12716466 29.30833983 29.67753196 30.06988321 30.47940905 30.84865958 31.03214127 31.1057526 31.05123551 30.891154 30.7280831 30.51421758 30.41365276 30.33777311 30.36768938 30.72703892 31.02954202 31.22396844 31.34593563 31.36628654 31.29352413 31.13049548 30.92562122 30.73953609 30.63023637 30.61480378 30.67036133
-9999 -9999 -9999 18.87823488 16.12824961 15.05246527 15.2495918 17.26063811 21.01092455 25.63579505 28.37321746 29.06976043 29.5148537 29.95273778 30.26831617 30.4710252 30.4023975 30.38809055 30.44113396 30.52606763 30.60758895 30.67543943 30.78884189 30.90663558 31.03243011 31.2071798 31.27701933 31.32767633 31.26430066 31.1922007 30.99751708 30.70915213 30.45939268 30.17931601 29.97231693 29.72902123 29.45979171 29.38347828 29.54153958 29.89008042 30.24901571 30.62744284 30.95011177 31.09464967 31.15655047 31.14382305 31.07200243 30.99598795 30.82429666 30.70061771 30.59045449 30.76520485 31.12087006 31.33702821 31.47506704 31.55350073 31.54979798 31.46257906 31.23677062 30.97536356 30.74501052 30.59088436 30.57256155 30.60147167
-9999 -9999 -9999 19.37736202 17.17797644 16.13074131 15.44400483 16.22716972 19.07607315 23.06486728 25.73288686 27.14793585 28.96238664 29.45757489 29.87878735 30.31162254 30.27077779 30.37011978 30.38793019 30.45756613 30.56134421 30.63679439 30.76452881 30.89537272 30.99286353 31.11132022 31.19636482 31.21433338 31.2640714 31.20962498 31.0637772 30.83936419 30.51761337 30.33094129 30.08727702 29.85831026 29.68757988 29.55810966 29.75051917 30.08460179 30.38476849 30.70147418 30.99109134 31.11315881 31.19909348 31.22377852 31.17964045 31.12267852 30.97336523 30.87291686 30.74677589 31.12599579 31.5238446 31.60845639 31.6555687 31.66454582 31.64480406 31.65195084 31.31872259 30.98650556 30.72698669 30.58210364 30.39423896 30.36019537
-9999 -9999 -9999 -9999 17.71405934 16.74103214 16.0301241 16.2070974 17.55957192 19.81745845 22.06692382 24.20121317 26.53756169 28.0884318 29.30509498 30.06383126 30.06994941 30.07654423 30.15436447 30.30083314 30.46023507 30.58771642 30.72200255 30.85503987 30.95277241 31.05229706 31.14283625 31.19792301 31.27568153 31.29484224 31.20655998 31.03908905 30.79797349 30.60230759 30.39251823 30.18307815 30.00646099 29.9188706 30.01933432 30.23995025 30.46458584 30.69700639 30.93374312 31.075108 31.18382334 31.21595634 31.18778073 31.12916409 30.98105638 30.8565637 30.86661244 31.31129197 31.64945844 31.66273333 31.54911231 31.4882741 31.46139204 31.43075626 31.22548926 30.98260012 30.74239786 30.56467885 30.30324673 30.11533392
-9999 -9999 -9999 -9999 18.05209001 17.2008988 16.9790077 16.85013528 16.08348322 16.05747847 17.32860788 19.71145159 23.18558131 25.62119896 28.34526492 29.94030615 29.64320812 29.60167127 29.851289 30.06106326 30.3027615 30.49156673 30.66751235 30.78847174 30.91450272 31.03958022 31.12731893 31.2346009 31.33796418 31.44557861 31.42592009 31.31148505 31.19472585 30.97372788 30.80914918 30.59091471 30.36874039 30.30749441 30.22560123 30.33994874 30.47048072 30.629166 30.81940293 30.95849816 31.1031466 31.15149304 31.11930607 31.07230449 30.90425744 30.73566749 31.00036014 31.455205 31.75224675 31.65142161 31.32545592 31.17297294 31.18141489 31.06088668 31.01969242 30.95437869 30.75241881 30.54403366 30.23955764 29.91397561
-9999 -9999 -9999 -9999 -9999 18.24891046 17.73928637 16.51503194 14.49452622 12.85139547 13.16636097 14.59937611 17.76688381 21.84228294 26.04807063 28.66731899 29.3022637 29.50548737 29.67311234 29.95359771 30.21560615 30.31940755 30.500926 30.67751684 30.8384526 30.98716084 31.10176798 31.22862774 31.35414205 31.49295369 31.52946779 31.48876356 31.42449126 31.28603001 31.13849692 30.88167676 30.55429536 30.34544961 30.26256912 30.32881422 30.4083346 30.51282354 30.6501385 30.78148358 30.91198345 30.96339314 30.96203109 30.90552921 30.88944032 31.05572724 31.30644254 31.62878612 31.8059229 31.70206919 31.41653423 31.20756072 31.05316173 30.9156444 30.87799685 30.84454346 30.66617441 30.44964149 30.09817714 29.80434187
-9999 -9999 -9999 -9999 -9999 19.94901214 18.29580727 16.5140493 13.42633973 10.59601164 9.927538655 10.79345815 12.43172116 17.35105852 23.10633964 26.55553025 27.7948015 29.04961773 29.37388158 29.77817684 30.33285206 30.39122004 30.46363019 30.79742214 30.78413525 30.9117112 31.04472515 31.18430874 31.2993969 31.44500909 31.52363597 31.54154941 31.56658339 31.44041656 31.32585609 31.04668685 30.60099247 30.19362752 30.21084932 30.27493886 30.31126487 30.40301361 30.45190656 30.58511508 30.68190875 30.71886941 30.82489122 31.00826246 31.1371425 31.38743873 31.6081525 31.79785349 31.95032927 31.82925073 31.63473679 31.38293904 31.07240486 30.81505018 30.77139672 30.73375865 30.5356116 30.29850805 29.97801302 29.65868149
-9999 -9999 -9999 -9999 -9999 -9999 19.07582972 17.29885299 13.7790552 10.40882231 9.051942002 8.911959444 10.74818244 13.7397259 17.92910594 21.41554513 23.67736943 26.0989213 27.58250542 29.33227329 30.41729879 30.40529065 30.83315006 30.69675 30.84478092 30.95677775 30.91157526 31.01457761 31.13875305 31.30076765 31.38914774 31.41764174 31.42115322 31.35760111 31.2500416 30.9884644 30.61082146 30.31935642 30.20683856 30.24069678 30.25158461 30.30159021 30.36926282 30.39490709 30.59978952 30.79606492 30.83680903 30.97254752 31.1324135 31.40429392 31.63249089 31.81290006 31.95295621 31.85324318 31.68579066 31.42794394 31.07786724 30.81832654 30.69269045 30.63741526 30.379646 30.03370446 29.63372275 29.39506238
-9999 -9999 -9999 -9999 -9999 -9999 19.55517717 19.30143151 15.27624447 11.16187174 9.032476844 8.243831546 8.988458061 10.06424918 12.20696741 14.63637288 17.41828791 21.55381852 22.83382222 26.27292299 28.40174855 28.40739517 30.34525931 30.33736415 30.5724057 30.81040136 30.71642333 30.78148962 30.92011656 31.089233 31.17440928 31.17942008 31.21674803 31.16142912 31.09861094 30.89657953 30.61064329 30.35443751 30.17689443 30.17344749 30.12816173 30.1240607 30.23188001 30.28322149 30.56717057 30.72822224 30.70648269 30.78100133 30.95771997 31.22039377 31.43934024 31.61914237 31.87334629 31.67529357 31.55358246 31.31912279 30.95129822 30.71944813 30.60133013 30.54227482 30.23301152 29.77089847 29.26880813 28.99386996
-9999 -9999 -9999 -9999 -9999 -9999 -9999 19.51236451 16.89921808 13.05995217 10.14530593 8.283947264 7.049302386 6.847302472 6.819675992 7.742697544 9.720428657 11.77871032 14.56048998 17.52114281 20.61775168 23.49462271 26.10538796 28.04199185 29.62204685 30.62346716 30.56954624 30.5420215 30.67645358 30.83718476 30.90467424 30.85980619 30.82017748 30.90264827 30.98685896 30.85215357 30.5603427 30.27480958 30.07662185 29.97105606 29.92302341 29.84953182 29.8784074 30.04119418 30.26231407 30.41951922 30.483789 30.55352042 30.68623262 30.83875772 30.99797237 31.16122984 31.24699623 31.22137399 31.10839119 30.92495031 30.67647336 30.49641072 30.4456304 30.42578034 30.05545885 29.45138949 28.93951189 28.56523523
-9999 -9999 -9999 -9999 -9999 -9999 -9999 20.67964071 18.29987439 15.5328074 12.5927545 9.599327393 6.375658096 5.487882399 3.704310947 3.642199381 4.710503193 4.871728375 8.003991834 10.18724839 13.26886213 17.41640621 21.47610216 25.03213916 28.22022082 30.07165506 30.25086978 30.18814267 30.47222322 30.6189619 30.64410479 30.53954793 30.4294933 30.63279879 30.86085331 30.77577041 30.46934487 30.12719346 29.92187707 29.87562709 29.76533317 29.61332115 29.57197233 29.74892293 29.95806249 30.13944187 30.25981162 30.32583255 30.44370554 30.47655006 30.57761981 30.69633481 30.68800876 30.71383426 30.63022561 30.49648165 30.34310021 30.17059229 30.16315841 30.19481708 29.79215291 29.06341727 28.55745595 28.10837159
-9999 -9999 -9999 -9999 -9999 -9999 -9999 20.71625188 18.70471414 17.77521 15.68181023 12.70118722 9.398020955 6.663152716 4.628157979 3.681145117 3.897240355 4.0485646 4.83178735 5.877269699 8.456123666 12.75463734 17.12447526 21.78051719 25.73550466 28.64021908 29.5800567 30.06813812 30.25337476 30.36167174 30.43024424 30.31274496 30.31547822 30.39427778 30.58712077 30.54214569 30.28607147 30.06628306 29.93402467 29.79048131 29.657588 29.50678501 29.3896097 29.67786283 29.93654677 30.13191252 30.27733922 30.25608111 30.33682765 30.3183276 30.33139247 30.3886064 30.36599056 30.3655125 30.2840132 30.15754764 30.01404955 29.85095658 29.77024179 29.64005422 29.15983832 28.55877133 28.0500369 27.5629979
-9999 -9999 -9999 -9999 -9999 -9999 -9999 -9999 19.94217511 19.17665101 18.29982066 15.94819369 13.1799633 10.505046 7.651174946 5.671187903 5.168797944 5.015897823 4.457785217 4.23517105 5.772946839 9.536396135 13.62332558 18.37525871 22.84420876 26.36846081 28.09211296 29.42688875 30.06969836 30.32871727 30.46633989 30.40337337 30.43104498 30.41448153 30.48716642 30.43398777 30.24936643 30.09739913 30.00831434 29.86496589 29.77739369 29.67658232 29.55664888 30.02312904 30.33276088 30.50823827 30.60716285 30.43047535 30.39032876 30.25820157 30.19531653 30.20437214 30.16684639 30.18731139 30.10074006 29.9531322 29.79331733 29.50890226 29.25899374 28.98652764 28.45408578 27.93259872 27.42400166 26.97005293
