meets/meet004/data/CCSM_6k_neotropic_bio17.asc
NCOLS 154 
NROWS 168 
XLLCORNER -112 
YLLCORNER -55.5 
CELLSIZE 0.5 
NODATA_value -9999 
[rows 29 to 57 of 168, columns 64 to 127 of 154]
-9999 -9999 -9999 -9999 -9999 -9999 -9999 -9999 -9999 -9999 -9999 -9999 -9999 -9999 -9999 -9999 -9999 -9999 -9999 -9999 -9999 -9999 -9999 -9999 -9999 -9999 -9999 -9999 -9999 -9999 -9999 -9999 -9999 -9999 -9999 -9999 -9999 44.62780073 -9999 -9999 -9999 -9999 -9999 -9999 -9999 -9999 -9999 -9999 -9999 -9999 -9999 -9999 -9999 -9999 -9999 -9999 -9999 -9999 -9999 -9999 -9999 -9999 -9999 -9999
-9999 -9999 -9999 -9999 -9999 -9999 -9999 -9999 -9999 -9999 -9999 -9999 -9999 -9999 -9999 -9999 -9999 -9999 -9999 -9999 -9999 -9999 -9999 -9999 -9999 -9999 -9999 -9999 -9999 -9999 -9999 -9999 -9999 -9999 -9999 -9999 -9999 44.5572169 -9999 -9999 -9999 -9999 -9999 -9999 -9999 -9999 -9999 -9999 -9999 -9999 -9999 -9999 -9999 -9999 -9999 -9999 -9999 -9999 -9999 -9999 -9999 -9999 -9999 -9999
-9999 -9999 -9999 -9999 -9999 -9999 -9999 -9999 -9999 -9999 -9999 -9999 -9999 -9999 -9999 -9999 -9999 -9999 -9999 -9999 -9999 -9999 -9999 -9999 -9999 -9999 -9999 -9999 -9999 -9999 -9999 -9999 -9999 -9999 -9999 -9999 -9999 -9999 -9999 -9999 -9999 -9999 -9999 -9999 -9999 -9999 -9999 -9999 -9999 -9999 -9999 -9999 -9999 -9999 -9999 -9999 -9999 -9999 -9999 -9999 -9999 -9999 -9999 -9999
-9999 -9999 -9999 -9999 -9999 -9999 -9999 -9999 -9999 -9999 -9999 -9999 -9999 -9999 -9999 -9999 22.57963168 -9999 -9999 -9999 -9999 -9999 -9999 -9999 -9999 -9999 -9999 -9999 -9999 -9999 -9999 -9999 -9999 -9999 -9999 -9999 44.43076268 -9999 -9999 -9999 -9999 -9999 -9999 -9999 -9999 -9999 -9999 -9999 -9999 -9999 -9999 -9999 -9999 -9999 -9999 -9999 -9999 -9999 -9999 -9999 -9999 -9999 -9999 -9999
-9999 -9999 -9999 -9999 -9999 -9999 -9999 -9999 -9999 -9999 -9999 -9999 -9999 -9999 26.2639818 30.30667967 32.55920096 -9999 -9999 -9999 -9999 -9999 -9999 -9999 -9999 -9999 -9999 -9999 -9999 -9999 -9999 -9999 -9999 -9999 -9999 -9999 -9999 -9999 -9999 -9999 -9999 -9999 -9999 -9999 -9999 -9999 -9999 -9999 -9999 -9999 -9999 -9999 -9999 -9999 -9999 -9999 -9999 -9999 -9999 -9999 -9999 -9999 -9999 -9999
-9999 -9999 -9999 -9999 -9999 -9999 -9999 -9999 -9999 -9999 10.5989573 14.22140328 18.87038669 23.79487337 29.2828137 33.48912753 -9999 -9999 43.76888632 48.05948641 49.69460018 47.26339793 44.89186651 -9999 -9999 -9999 -9999 -9999 -9999 -9999 -9999 -9999 -9999 -9999 -9999 -9999 -9999 -9999 -9999 -9999 -9999 -9999 -9999 -9999 -9999 -9999 -9999 -9999 -9999 -9999 -9999 -9999 -9999 -9999 -9999 -9999 -9999 -9999 -9999 -9999 -9999 -9999 -9999 -9999
-9999 -9999 -9999 -9999 -9999 -9999 -9999 -9999 -9999 9.004838234 11.76082475 16.22907445 22.60647405 25.9831365 31.36485751 35.70407678 39.70337046 45.17342349 47.75379754 53.46518461 56.3196271 57.22653486 59.63860262 52.27621575 -9999 -9999 -9999 -9999 -9999 -9999 -9999 -9999 -9999 -9999 -9999 -9999 -9999 -9999 -9999 -9999 -9999 -9999 -9999 -9999 -9999 -9999 -9999 -9999 -9999 -9999 -9999 -9999 -9999 -9999 -9999 -9999 -9999 -9999 -9999 -9999 -9999 -9999 -9999 -9999
-9999 -9999 -9999 -9999 -9999 -9999 -9999 -9999 -9999 9.546257571 11.98488655 15.54963573 19.85233079 24.61765801 29.83049375 34.45721563 38.70247301 42.96833394 46.78141071 50.39596016 52.21354743 52.81662333 52.75147202 51.52110136 50.73315688 47.53998951 43.58762463 40.32134736 39.82995778 39.35798526 40.97115586 44.22022923 48.05569298 51.39929376 54.84763818 -9999 -9999 -9999 -9999 -9999 -9999 -9999 -9999 -9999 -9999 -9999 -9999 -9999 -9999 -9999 -9999 -9999 -9999 -9999 -9999 -9999 -9999 -9999 -9999 -9999 -9999 -9999 -9999 -9999
-9999 -9999 -9999 -9999 -9999 -9999 -9999 -9999 -9999 10.35158776 12.00965344 14.49202238 17.3348421 22.47730296 27.74267828 32.82298517 37.52877721 41.11266346 44.94051361 46.68903731 46.78642673 45.71992991 42.699899 41.04871752 38.94298508 38.41305132 39.82342289 40.7820732 43.23743396 45.66807546 46.80126764 50.57249454 53.68840271 57.29960307 60.5048723 63.80128911 64.31096324 -9999 -9999 -9999 -9999 -9999 -9999 -9999 -9999 -9999 -9999 -9999 -9999 -9999 -9999 -9999 -9999 -9999 -9999 -9999 -9999 -9999 -9999 -9999 -9999 -9999 -9999 -9999
52.01731532 46.2327001 42.95047539 35.00250839 -9999 -9999 -9999 -9999 12.26726327 12.10680815 12.69104371 14.02262227 16.44983162 21.29900934 26.95991562 32.63647244 37.86202949 41.62008406 44.68767296 45.48807797 43.78464829 39.6533561 34.62218824 31.88230427 29.64346892 29.54016128 31.76817333 34.111499 38.26106324 43.21336947 48.73953239 55.14009063 59.01363061 62.3182874 66.96580825 70.9011428 72.20345852 73.03074879 -9999 -9999 -9999 -9999 -9999 -9999 -9999 -9999 -9999 -9999 -9999 -9999 -9999 -9999 -9999 -9999 -9999 -9999 -9999 -9999 -9999 -9999 -9999 -9999 -9999 -9999
54.18061425 -9999 -9999 42.45945731 35.98461731 30.53766444 25.06149784 19.6382154 17.85368998 16.12574794 15.16541246 15.72782039 17.45911787 23.02125031 29.6654863 37.21288049 43.74859022 46.95930455 48.29040244 46.9730511 42.11266408 36.00178749 30.01826289 26.83536801 24.64267764 24.9322851 27.47593965 30.68333612 35.79850232 41.56044111 48.21409524 56.23147978 65.15012802 71.57909802 75.78079428 80.65656032 85.10724758 86.85906766 -9999 -9999 -9999 -9999 -9999 -9999 -9999 -9999 -9999 -9999 -9999 -9999 -9999 -9999 -9999 -9999 -9999 -9999 -9999 -9999 -9999 -9999 -9999 -9999 -9999 -9999
-9999 -9999 -9999 44.57541234 44.94291444 41.99850878 35.30792707 29.46009679 25.98360518 22.28635757 20.23470828 19.76459654 21.31270048 28.45865939 37.18841084 46.21170298 54.20885339 56.57646744 54.50335954 49.41815439 42.10556722 34.51965478 29.25848407 26.04401506 24.13194067 24.68891265 27.22272851 30.96258723 36.47191234 42.34929841 49.46894943 57.98862472 65.5418733 77.40791075 84.99529793 89.6721716 95.62759446 100.7662709 100.2910639 99.63356972 94.32346724 -9999 -9999 -9999 -9999 -9999 -9999 -9999 -9999 -9999 -9999 -9999 -9999 -9999 -9999 -9999 -9999 -9999 -9999 -9999 -9999 -9999 -9999 -9999
-9999 -9999 -9999 53.82183592 57.88629235 56.54270584 52.51000419 45.23490812 39.01234575 32.67023598 28.24921188 27.88940183 30.09986621 39.53617855 50.49941225 61.31546179 69.2189893 69.68072317 61.28987889 49.54480672 39.31318997 32.68263159 28.71538168 26.31364206 24.91952392 25.57667508 28.61667594 33.13990023 39.83831505 47.07826155 55.77797132 65.39530125 74.03971008 85.81351989 95.88134119 101.6823415 110.7160777 117.0013135 119.460155 118.3406008 115.4728655 106.0506517 -9999 -9999 -9999 -9999 -9999 -9999 -9999 -9999 -9999 -9999 -9999 -9999 -9999 -9999 -9999 -9999 -9999 -9999 -9999 -9999 -9999 -9999
-9999 -9999 -9999 -9999 76.6492349 77.91455822 73.16993356 65.71155997 56.1372969 45.27519796 39.32296631 38.84107127 42.90146106 53.69946716 67.9947231 79.19193292 85.04379018 86.23695428 66.3224741 45.67088897 34.07075474 30.65877907 28.87285456 27.45818523 26.50799042 27.3922053 31.09479258 36.39363409 44.64528077 55.09957892 65.61332654 77.12753158 89.42580628 98.95263095 109.7333353 115.6167195 123.4713089 129.8807339 133.7564011 137.0489999 135.4155243 126.7777505 119.3117409 -9999 -9999 -9999 -9999 -9999 -9999 -9999 -9999 -9999 -9999 -9999 -9999 -9999 -9999 -9999 -9999 -9999 -9999 -9999 -9999 -9999
-9999 -9999 -9999 -9999 -9999 115.73895 108.7350876 93.46984895 78.42386769 63.46315216 53.68937325 51.5015916 54.59706403 66.18855798 80.96119703 89.97026047 90.35926494 84.98310648 65.3906565 44.93251054 35.13906465 33.78007314 33.32030285 32.88178898 31.70009066 31.91341381 35.83073059 41.09405141 49.51126064 60.57604753 72.31254554 85.7784051 99.20180209 109.3390151 120.0082696 129.8399188 136.8275139 143.7571763 151.5129153 155.476399 157.5298722 153.4712143 144.2775338 130.0315918 -9999 -9999 -9999 -9999 -9999 -9999 -9999 -9999 -9999 -9999 -9999 -9999 -9999 -9999 -9999 -9999 -9999 -9999 -9999 -9999
-9999 -9999 -9999 -9999 -9999 169.6783763 151.3872602 126.7226029 105.0621715 83.66068854 70.40862985 63.62450509 62.8826491 73.69626278 89.04975771 94.2252596 86.51370188 75.78687171 60.64646446 46.43695124 40.18883346 40.38904659 42.39246141 41.48129613 39.67645179 39.26653116 41.94539358 46.63624262 53.71850189 63.47268957 75.31394848 90.22173132 104.7004613 113.9162125 124.4238797 134.2778272 147.6021205 156.334972 163.9226206 174.5670085 177.8857835 173.7151562 168.9803905 152.9817893 139.1482931 -9999 -9999 -9999 -9999 -9999 -9999 -9999 -9999 -9999 -9999 -9999 -9999 -9999 -9999 -9999 -9999 -9999 -9999 -9999
-9999 -9999 -9999 -9999 -9999 249.6976994 213.0965305 168.1612642 134.6684166 106.5503724 87.74867479 76.61405067 73.23283079 79.22040727 87.3152687 89.0280475 81.49711841 71.46460251 62.71121876 55.06743842 54.8206072 59.13017196 61.41493732 61.02831013 56.86876104 53.1824036 53.65907281 54.91983218 59.331656 66.70341583 76.89797183 90.37526414 102.7415019 111.224174 119.0521831 126.0917392 137.338904 154.6791587 175.5416107 187.7473104 195.7003777 196.1724587 191.1603148 180.0523215 165.319222 154.0301502 144.4884049 136.9600799 133.5437206 129.8883526 127.1777823 120.346548 -9999 -9999 -9999 -9999 -9999 -9999 -9999 -9999 -9999 -9999 -9999 -9999
-9999 -9999 -9999 -9999 -9999 351.3967723 277.7851092 208.0244227 160.5033913 124.9393086 102.106807 87.77600509 81.24783186 82.67488781 83.84499654 83.0941865 78.76803923 70.88515598 70.46465678 70.91810997 76.2303406 86.18158265 88.7289139 88.55375625 79.72491077 72.96672729 67.45449651 63.98633612 65.08517147 69.08990838 76.90844798 87.84041944 98.29168144 103.2623152 107.4651143 111.4226669 118.7387673 130.3115721 158.7478466 190.1914578 205.2529248 210.793138 212.810108 195.9553271 181.4211374 172.9888734 169.36241 164.9153299 162.3888616 160.0941514 158.1528294 152.5350597 149.1868359 138.2471382 128.291085 -9999 -9999 -9999 -9999 -9999 -9999 -9999 -9999 -9999
-9999 -9999 -9999 -9999 -9999 440.5477954 342.5211019 248.2348963 184.89991 139.4344285 113.6450059 98.75718618 91.43735123 89.64427241 87.93440882 86.91011653 85.81885472 85.5428395 91.45029884 99.54832493 112.921033 127.4048757 133.9139595 129.4908827 116.2860713 101.005825 88.66726924 77.36397101 71.76976715 71.83369936 75.39933836 81.98103228 89.11339357 92.1355367 93.81137698 95.0730498 98.84462128 109.5331194 132.4711373 160.0796502 179.2430179 188.6491115 191.9234102 185.5281657 178.3741864 176.3140043 181.0302327 189.1921419 194.982741 193.1152357 191.5511602 188.1812016 183.9228288 176.1330096 166.2115273 153.519498 -9999 -9999 -9999 -9999 -9999 -9999 -9999 -9999
-9999 -9999 -9999 -9999 -9999 524.6663185 389.3613229 267.4780403 200.7335116 147.2350379 120.8951204 110.2656694 101.8838793 99.50932919 97.66743447 97.3728313 101.4890648 105.5066081 121.8972285 137.6512851 157.7096149 181.1238759 192.6125568 181.52873 158.2834282 134.3201721 109.2560233 87.46190986 77.20469998 71.27583248 71.14341238 73.14807595 79.59695299 78.00617386 78.73490667 78.3583026 79.35003701 84.82294861 102.7701345 126.6838122 144.9022246 157.3116265 167.5676381 168.7940676 171.5358704 175.781244 186.2232042 195.8271142 192.7980026 190.5080304 193.8194884 201.6187577 209.073053 211.9948621 203.9655352 192.3168478 173.5516643 151.6596478 -9999 -9999 -9999 -9999 -9999 -9999
-9999 -9999 -9999 -9999 -9999 543.959491 408.3469146 288.4881191 209.97067 157.6676487 133.678659 125.1257985 121.8854526 118.6012863 114.4347424 117.4411908 129.0101204 143.595455 164.9446806 189.8984186 217.6985814 244.849363 257.2082515 242.0176683 211.0818534 173.5209361 133.7809583 100.3100133 80.91807041 68.28496275 62.81924356 61.14774655 60.83855509 61.5654662 61.97287254 61.27340186 60.89336523 64.80208291 77.84528895 93.54846041 109.9970894 126.38531 138.8572788 151.4312323 163.8526698 174.4649664 188.5577308 192.9893292 185.305128 181.5297993 182.4172979 188.559252 195.6905202 204.4312791 211.8834881 213.7285405 210.6348212 195.6190306 -9999 -9999 -9999 -9999 -9999 -9999
-9999 -9999 -9999 -9999 -9999 537.9418743 400.2807313 284.1047264 213.8988539 165.6139723 145.0597734 142.5540429 144.6721018 142.1237237 138.4631793 146.0207903 166.53951 186.1740651 216.5949818 248.3905149 282.5085409 315.9427156 335.2696141 307.932044 266.6680669 215.3963477 159.5814747 109.7048461 88.76395959 68.6332562 58.85622314 54.57423477 47.62795714 50.83146322 50.68412427 50.25376448 50.22532579 48.97558754 62.23258875 73.15998881 87.45951616 107.4015918 118.6256995 141.2177022 159.2931472 174.4033803 190.5203641 187.6981997 175.9622153 169.1161194 166.8945211 170.9929774 177.6639878 187.1665511 196.8740844 200.1119318 196.8628895 193.0719364 -9999 -9999 -9999 -9999 -9999 -9999
-9999 -9999 -9999 -9999 -9999 485.0606725 378.6323053 283.4775642 223.0745245 180.9315022 162.0778553 160.8333416 164.9255856 170.1273011 176.5823245 189.8554796 213.0236535 240.4165449 272.9819913 309.7407311 347.0478487 380.7039279 393.3126047 365.2842037 315.6087662 254.4048655 189.6990686 138.0405634 104.6862652 80.71898986 68.0351629 59.41140973 53.40534962 51.56988097 50.54819821 50.66813647 52.59035252 56.64444915 66.26833637 77.79383085 91.52617948 108.2599479 124.3676265 143.3749649 162.4637802 178.2747526 194.5316755 185.9202533 168.8184986 157.4475614 153.359158 154.9798373 159.8578174 168.9495774 178.1877366 182.3931592 180.5476207 175.4038616 -9999 -9999 -9999 -9999 -9999 -9999
-9999 -9999 -9999 575.5861982 519.3166477 439.2951126 360.5277294 285.1388903 242.9175801 201.5892906 183.3467108 184.3315296 190.4962338 203.9727463 219.1862534 239.2191769 268.3277406 297.8300351 335.2560132 373.3786432 412.2348133 447.2035908 459.4915932 422.0646818 361.360531 291.0754362 219.288335 160.7903826 124.5787917 96.70202962 81.61786004 71.16606056 63.71119988 60.67923998 58.67112673 59.6690004 64.19879501 69.63238827 80.69794242 93.99518432 107.3641349 122.5945786 137.7525513 155.1473828 173.115787 188.0442739 203.876114 186.6433555 163.949666 147.862782 139.6872245 138.6672827 141.523845 148.7712804 159.322933 163.6309927 160.7687673 157.3433477 146.5090299 -9999 -9999 -9999 -9999 -9999
-9999 -9999 575.8665381 500.7685553 422.4776062 393.9852072 368.8814771 327.1484017 279.7263262 237.6643753 216.5188796 214.9983353 222.0214114 242.4479839 267.4093374 292.6775622 323.1757668 357.9950067 396.8920782 437.7049994 475.4034739 503.4197733 506.9197573 462.9176003 394.8498878 317.8710695 242.4876361 181.0655595 141.190056 113.8922813 98.22254016 87.32985682 80.26196138 76.2366271 74.01538556 75.5518915 81.86120894 90.60527262 102.6157781 116.6879006 130.3810151 144.833793 159.6606901 175.4441733 190.9122029 204.617697 217.7941631 193.4807152 164.037033 143.145575 133.1100745 129.1338129 129.9390939 135.6834539 142.9337624 147.1618762 145.7836964 140.6795715 130.212946 120.0213161 -9999 -9999 -9999 -9999
-9999 -9999 491.9673772 394.8063388 330.1556704 343.100406 371.4554805 369.9588521 324.3864316 278.2052719 257.1357208 259.2037823 266.8496587 293.3391212 320.366588 348.7608655 384.8145581 420.8710859 462.7398188 503.1942842 537.2375776 559.9967054 558.3957662 504.6993139 426.99766 346.3885703 267.759847 201.2404947 164.6772499 134.7823793 118.5990326 109.2366344 101.7354784 99.55694395 97.01881592 100.146953 109.0259237 117.2510018 132.7295526 146.9201099 160.7194986 176.5686624 188.0999845 202.7112281 216.120734 226.418711 238.1295444 205.4093039 170.1292051 142.9622941 128.4634963 121.447286 120.1376564 123.4760435 130.0946612 133.2544118 130.193333 126.8097723 114.3695898 104.3000073 -9999 -9999 -9999 -9999
586.8674046 500.8393891 404.8753693 343.7979719 292.3593089 298.0828356 355.2654766 396.0226129 366.1644531 323.3675897 305.2869815 317.0547062 338.108363 355.6972811 375.7419825 403.5576507 443.46879 487.2289438 526.4512974 565.3306495 593.8935783 605.6819069 595.2804174 536.6998452 459.0736006 375.6709474 295.9870197 231.0312581 188.820535 160.7080104 143.6244963 133.062608 128.4357582 126.3333907 127.8472226 132.0817594 139.8629413 150.8547923 165.8562817 182.7145342 197.0318463 209.882365 222.3476751 233.3634483 245.1586855 254.1207722 260.5509005 220.5986105 178.447494 146.5126089 130.5068962 120.6370512 116.6105273 117.9670688 120.9706638 123.811528 120.7707911 115.9513327 105.1640925 93.71717515 -9999 -9999 -9999 -9999
519.0987081 418.5220931 323.2988751 275.2962442 244.8709058 285.3188227 335.3500371 375.8561739 402.1925461 373.0028107 362.3319793 384.8518152 412.9153485 427.7088053 440.6144456 466.0557398 510.0276947 553.6818649 561.5067641 569.9045063 568.5748293 560.4893577 554.6954875 549.9802234 486.791806 407.6979001 330.3665777 267.505716 226.2094762 193.5262917 176.9319797 168.9811113 165.348938 167.1796236 169.3248494 176.5962352 189.0147519 199.4382183 216.5471489 231.3822188 245.2297411 259.9963138 268.6976658 277.153901 282.964163 285.2607858 289.9175059 240.3170147 194.4662464 155.7660363 135.2067598 123.2202145 116.9432443 116.3197005 117.928004 119.1476094 116.2963554 111.7889331 102.6316769 92.15779929 83.94979819 -9999 -9999 -9999
459.7595401 364.1304932 269.1251732 229.4610376 218.6151083 259.0662055 310.4160579 357.3361962 376.2346147 400.4072435 411.4204417 441.0165027 466.7828461 476.759844 489.1219121 494.4415147 501.5720755 510.5069999 510.6006701 508.9516572 508.476265 506.2563198 505.7848881 501.0467124 496.8773154 437.3519697 367.4638752 311.4663367 268.7598226 235.7861831 218.4669279 212.2130751 208.7369275 216.0004327 224.3576018 234.2660746 247.4982768 259.6872412 277.7751478 293.4848451 307.6733758 319.5376483 324.1068439 328.8288375 326.6221623 324.5147249 322.5816271 258.7663267 210.8888527 167.5157457 146.0599594 130.136107 122.0202971 120.1616513 119.8601253 120.7957836 118.4950998 115.3930705 108.9235884 102.2069629 94.08323492 83.50876021 75.00474641 -9999
