meets/meet004/data/CCSM_0k_neotropic_bio10.asc
NCOLS 154 
NROWS 168 
XLLCORNER -112 
YLLCORNER -55.5 
CELLSIZE 0.5 
NODATA_value -9999 
[rows 29 to 57 of 168, columns 64 to 127 of 154]
-9999 -9999 -9999 -9999 -9999 -9999 -9999 -9999 -9999 -9999 -9999 -9999 -9999 -9999 -9999 -9999 -9999 -9999 -9999 -9999 -9999 -9999 -9999 -9999 -9999 -9999 -9999 -9999 -9999 -9999 -9999 -9999 -9999 -9999 -9999 -9999 -9999 26.56130186 -9999 -9999 -9999 -9999 -9999 -9999 -9999 -9999 -9999 -9999 -9999 -9999 -9999 -9999 -9999 -9999 -9999 -9999 -9999 -9999 -9999 -9999 -9999 -9999 -9999 -9999
-9999 -9999 -9999 -9999 -9999 -9999 -9999 -9999 -9999 -9999 -9999 -9999 -9999 -9999 -9999 -9999 -9999 -9999 -9999 -9999 -9999 -9999 -9999 -9999 -9999 -9999 -9999 -9999 -9999 -9999 -9999 -9999 -9999 -9999 -9999 -9999 -9999 26.59235311 -9999 -9999 -9999 -9999 -9999 -9999 -9999 -9999 -9999 -9999 -9999 -9999 -9999 -9999 -9999 -9999 -9999 -9999 -9999 -9999 -9999 -9999 -9999 -9999 -9999 -9999
-9999 -9999 -9999 -9999 -9999 -9999 -9999 -9999 -9999 -9999 -9999 -9999 -9999 -9999 -9999 -9999 -9999 -9999 -9999 -9999 -9999 -9999 -9999 -9999 -9999 -9999 -9999 -9999 -9999 -9999 -9999 -9999 -9999 -9999 -9999 -9999 -9999 -9999 -9999 -9999 -9999 -9999 -9999 -9999 -9999 -9999 -9999 -9999 -9999 -9999 -9999 -9999 -9999 -9999 -9999 -9999 -9999 -9999 -9999 -9999 -9999 -9999 -9999 -9999
-9999 -9999 -9999 -9999 -9999 -9999 -9999 -9999 -9999 -9999 -9999 -9999 -9999 -9999 -9999 -9999 26.70695284 -9999 -9999 -9999 -9999 -9999 -9999 -9999 -9999 -9999 -9999 -9999 -9999 -9999 -9999 -9999 -9999 -9999 -9999 -9999 26.56315244 -9999 -9999 -9999 -9999 -9999 -9999 -9999 -9999 -9999 -9999 -9999 -9999 -9999 -9999 -9999 -9999 -9999 -9999 -9999 -9999 -9999 -9999 -9999 -9999 -9999 -9999 -9999
-9999 -9999 -9999 -9999 -9999 -9999 -9999 -9999 -9999 -9999 -9999 -9999 -9999 -9999 26.87268929 26.89571498 26.74104029 -9999 -9999 -9999 -9999 -9999 -9999 -9999 -9999 -9999 -9999 -9999 -9999 -9999 -9999 -9999 -9999 -9999 -9999 -9999 -9999 -9999 -9999 -9999 -9999 -9999 -9999 -9999 -9999 -9999 -9999 -9999 -9999 -9999 -9999 -9999 -9999 -9999 -9999 -9999 -9999 -9999 -9999 -9999 -9999 -9999 -9999 -9999
-9999 -9999 -9999 -9999 -9999 -9999 -9999 -9999 -9999 -9999 26.40144843 26.46344283 26.52648042 26.58892805 26.649411 26.5536907 -9999 -9999 25.83453543 25.596691 25.39546257 25.2334365 25.08518707 -9999 -9999 -9999 -9999 -9999 -9999 -9999 -9999 -9999 -9999 -9999 -9999 -9999 -9999 -9999 -9999 -9999 -9999 -9999 -9999 -9999 -9999 -9999 -9999 -9999 -9999 -9999 -9999 -9999 -9999 -9999 -9999 -9999 -9999 -9999 -9999 -9999 -9999 -9999 -9999 -9999
-9999 -9999 -9999 -9999 -9999 -9999 -9999 -9999 -9999 26.73588569 26.71455187 26.8097686 26.77856724 26.58040134 26.53939805 26.27887585 25.86153592 25.51175562 25.34263006 25.00214536 24.79438069 24.78966445 24.56133845 24.86701853 -9999 -9999 -9999 -9999 -9999 -9999 -9999 -9999 -9999 -9999 -9999 -9999 -9999 -9999 -9999 -9999 -9999 -9999 -9999 -9999 -9999 -9999 -9999 -9999 -9999 -9999 -9999 -9999 -9999 -9999 -9999 -9999 -9999 -9999 -9999 -9999 -9999 -9999 -9999 -9999
-9999 -9999 -9999 -9999 -9999 -9999 -9999 -9999 -9999 27.70569979 27.87074347 27.67612496 27.42297073 27.02569866 26.63479434 26.22627758 25.88687347 25.61860217 25.26376108 24.99528836 24.93677444 24.98845408 25.08949752 25.30992263 25.48633256 25.77094774 26.11897188 26.34695695 26.62108517 26.80166075 26.88911217 26.85743649 26.75706604 26.55707981 26.35181578 -9999 -9999 -9999 -9999 -9999 -9999 -9999 -9999 -9999 -9999 -9999 -9999 -9999 -9999 -9999 -9999 -9999 -9999 -9999 -9999 -9999 -9999 -9999 -9999 -9999 -9999 -9999 -9999 -9999
-9999 -9999 -9999 -9999 -9999 -9999 -9999 -9999 -9999 29.15232407 29.30719465 28.64561523 28.06942127 27.30694177 26.59112704 26.10954493 25.88209431 25.76960411 25.49734229 25.47603416 25.47985163 25.62513371 25.87439546 26.26901161 26.53302068 26.85134067 27.16337482 27.35757379 27.4247697 27.56763071 27.51464076 27.259726 27.12349126 26.74664469 26.43793539 26.30628937 26.31540127 -9999 -9999 -9999 -9999 -9999 -9999 -9999 -9999 -9999 -9999 -9999 -9999 -9999 -9999 -9999 -9999 -9999 -9999 -9999 -9999 -9999 -9999 -9999 -9999 -9999 -9999 -9999
25.77803632 25.74776569 25.73442738 25.94005342 -9999 -9999 -9999 -9999 28.70910922 29.36677795 29.43001809 28.89547116 28.32474499 27.19234763 26.40435339 25.75545418 25.38190541 25.46511331 25.18865742 25.29122111 25.73700442 26.4338688 27.33203555 27.65658499 28.02152272 28.21059558 28.11809432 28.13367933 27.97774615 27.8439681 27.57522321 27.28638979 26.99869999 26.71878511 26.49616901 26.37346998 26.39673404 26.44793253 -9999 -9999 -9999 -9999 -9999 -9999 -9999 -9999 -9999 -9999 -9999 -9999 -9999 -9999 -9999 -9999 -9999 -9999 -9999 -9999 -9999 -9999 -9999 -9999 -9999 -9999
25.49528352 -9999 -9999 25.51724419 25.86962254 26.39720694 26.95985235 27.93860552 28.34882066 28.90658368 28.98781121 28.50613366 27.93471444 26.6163113 25.55675034 24.68169503 24.22048943 24.29876437 24.22299463 24.70784984 25.53406231 26.722207 28.08004412 28.58248167 29.01824435 29.22394428 28.95922863 28.88948537 28.55770661 28.23264302 27.86938835 27.45769423 27.08000199 26.80243326 26.60887532 26.49872234 26.55890758 26.60600491 -9999 -9999 -9999 -9999 -9999 -9999 -9999 -9999 -9999 -9999 -9999 -9999 -9999 -9999 -9999 -9999 -9999 -9999 -9999 -9999 -9999 -9999 -9999 -9999 -9999 -9999
-9999 -9999 -9999 25.36000989 25.45247468 25.70341422 26.10324538 26.54639449 27.05833458 27.75062699 27.73048168 27.31489025 26.75251994 25.18657645 23.73565631 22.82285998 22.15901224 22.20518347 23.10732561 24.00528822 25.3399447 26.9115334 28.03916743 28.78291402 29.28601838 29.4427807 29.33031205 29.18987909 28.62852253 28.42319094 27.99199731 27.50188242 27.44997221 26.87367762 26.68766533 26.54866246 26.50218419 26.75020092 26.6005993 26.60162586 26.59216998 -9999 -9999 -9999 -9999 -9999 -9999 -9999 -9999 -9999 -9999 -9999 -9999 -9999 -9999 -9999 -9999 -9999 -9999 -9999 -9999 -9999 -9999 -9999
-9999 -9999 -9999 25.16379533 25.0176453 24.98866323 24.95791056 25.02367068 25.35309567 25.72329709 25.53830561 25.01362448 24.26741632 22.69603445 21.29564628 20.53625402 20.32294091 20.88268276 22.68581052 24.48625281 26.12563116 27.44139193 28.19468967 28.79376576 29.19241196 29.28001782 28.96980162 28.69083408 28.00959221 27.64497484 27.19342898 26.78780939 26.76670125 26.34629304 26.22672445 26.13202468 26.05275916 26.1993757 26.12477284 26.20882879 26.27343265 26.30015099 -9999 -9999 -9999 -9999 -9999 -9999 -9999 -9999 -9999 -9999 -9999 -9999 -9999 -9999 -9999 -9999 -9999 -9999 -9999 -9999 -9999 -9999
-9999 -9999 -9999 -9999 24.81437162 24.37515104 23.96922952 23.48635708 23.39462435 23.22452321 22.72678574 22.05420164 20.84904359 19.86642646 18.77562045 18.89390245 19.57096414 20.55764852 23.13173535 26.23053359 27.95927141 28.17393579 28.39042412 28.56329452 28.8532286 28.64123253 27.93438595 27.4328809 26.6437619 25.97176469 25.53435255 25.36399871 25.2465812 25.18465198 25.34751215 25.41352605 25.49163677 25.77113227 25.67106792 25.84628111 25.91949571 25.81285028 26.12444609 -9999 -9999 -9999 -9999 -9999 -9999 -9999 -9999 -9999 -9999 -9999 -9999 -9999 -9999 -9999 -9999 -9999 -9999 -9999 -9999 -9999
-9999 -9999 -9999 -9999 -9999 24.17360021 23.2622236 22.27396722 21.68319966 21.04417477 20.35307054 19.79817327 18.82364479 18.1400088 17.81343813 18.30886289 19.47156886 21.01547005 23.88909254 26.74971541 28.24737649 28.17581679 27.89762903 27.71222352 27.6428642 27.14803197 26.29325318 25.59960571 24.98487807 24.54558198 24.18213125 23.97804831 23.82227894 23.84771767 23.9957871 24.10203189 24.22288822 24.44824164 24.45513922 24.64804848 24.92291904 25.22404795 25.62601232 25.95265068 -9999 -9999 -9999 -9999 -9999 -9999 -9999 -9999 -9999 -9999 -9999 -9999 -9999 -9999 -9999 -9999 -9999 -9999 -9999 -9999
-9999 -9999 -9999 -9999 -9999 24.46430639 22.71696477 21.30040886 20.1877373 19.27797186 18.52734139 18.27070014 17.95040359 17.63424054 17.36673853 18.25706082 19.9657759 22.18120487 24.50037156 26.47140984 27.50373402 27.3626827 26.84626241 26.39609191 25.88090659 25.09612048 24.22075901 23.35967383 23.1775182 23.32771245 23.1074623 22.65770024 22.48841709 22.4773165 22.44680765 22.59276122 22.76626879 22.64640639 22.89689679 23.10982481 23.58223027 24.19772056 24.98198493 25.60514314 26.31045526 -9999 -9999 -9999 -9999 -9999 -9999 -9999 -9999 -9999 -9999 -9999 -9999 -9999 -9999 -9999 -9999 -9999 -9999 -9999
-9999 -9999 -9999 -9999 -9999 24.41155888 22.26396388 20.50429927 19.15057449 18.08344892 17.41195914 17.35732021 17.45950049 17.63337283 17.96923734 19.09132536 20.91753273 23.13211663 24.92636513 26.08737409 26.65742194 26.39525015 25.69757814 25.04967191 24.15920993 23.20711823 22.25955991 21.49370485 21.43907514 21.57327778 21.45286685 21.18437546 20.95193787 21.14808032 21.34884412 21.5851791 21.86067364 21.7818669 21.86870575 21.99475631 22.52420957 23.26913136 24.13083876 25.1624008 26.06862704 26.60956693 26.69419966 26.62217132 26.51836808 26.4302955 26.32472171 26.20202662 -9999 -9999 -9999 -9999 -9999 -9999 -9999 -9999 -9999 -9999 -9999 -9999
-9999 -9999 -9999 -9999 -9999 24.28493555 21.86015817 19.747519 18.38131945 17.21089082 16.62839945 16.80059031 17.12507125 17.95977838 18.89303817 20.24357658 22.14281853 24.21717039 25.1769214 25.75979898 25.86576971 25.39344923 24.74496531 23.81738427 22.69265913 21.63759644 20.69030109 19.74831955 19.80339647 19.80606615 19.75070312 19.64427561 19.39632818 20.04757847 20.66279016 21.11347927 21.46363614 21.57425119 21.15369746 21.09426324 21.61631054 22.56548722 23.49285289 24.68645365 25.9088655 26.55769382 26.58077066 26.59926059 26.4693742 26.34444639 26.20780664 26.11825303 26.14464521 26.00884805 26.09347233 -9999 -9999 -9999 -9999 -9999 -9999 -9999 -9999 -9999
-9999 -9999 -9999 -9999 -9999 24.02438802 21.6208088 19.53772115 18.02993984 17.03793281 16.55142875 16.69915919 17.42012961 18.58675799 19.98308413 21.45664498 23.05319695 24.3433997 25.03777245 25.18298362 25.06250608 24.56417918 23.7126677 22.96020285 21.91672853 21.01940801 20.23016489 19.33577127 19.0794796 18.87005107 18.82160869 18.9494423 18.97372458 19.79683464 20.44036419 21.07709587 21.75314281 21.67583258 21.32709224 20.97668393 21.4408654 22.40870705 23.32389907 24.54930105 25.56550538 26.21110394 26.38230797 26.42513606 26.35808306 26.180436 25.99168315 25.78357661 25.67508001 25.61553309 25.76463556 25.89296586 -9999 -9999 -9999 -9999 -9999 -9999 -9999 -9999
-9999 -9999 -9999 -9999 -9999 24.14098476 21.3906252 19.2414894 17.86993984 17.02060727 16.71579288 16.9480256 17.69055241 19.36976509 21.1134372 22.59173267 23.57410563 24.48407935 24.73275048 24.63055559 24.36117185 23.83884481 23.1163287 22.77690379 21.98926129 21.25676097 20.62097544 19.42260657 19.48539534 19.0509303 18.96165437 19.34804935 19.08516927 20.35763193 21.00040304 21.76700939 22.63551326 22.5544332 22.54666827 21.76818805 22.09746882 23.09104932 23.52850633 24.6305768 25.37178655 25.82663088 26.12956013 26.30112013 26.13910273 25.92022182 25.65683558 25.32409567 25.01721861 24.96863298 25.18453256 25.4607805 25.83849046 26.27906775 -9999 -9999 -9999 -9999 -9999 -9999
-9999 -9999 -9999 -9999 -9999 23.62938367 21.01871587 19.0604427 17.78991549 17.22089102 17.11493715 17.51952156 18.6511179 20.30843627 22.09095634 23.33000485 23.8582992 24.06529585 24.19433055 24.12551028 24.01689276 23.79618937 23.49342478 23.27788348 23.001482 22.53284716 21.98625633 21.42572167 20.95497069 20.65848287 20.72671629 21.04019104 21.52856912 22.00648303 22.62611151 23.42408066 24.378145 25.08084323 24.87188753 24.49910409 24.46492585 24.64601711 25.02211908 25.18174648 25.37524262 25.62206912 25.87276908 25.9400571 25.84941947 25.50464619 25.19336857 24.90864443 24.57689417 24.41499184 24.38872653 24.76122449 25.45834672 26.01984226 -9999 -9999 -9999 -9999 -9999 -9999
-9999 -9999 -9999 -9999 -9999 22.84148659 20.46719345 18.59667361 17.85530413 17.47459864 17.56007827 18.25954686 19.39790407 21.12408465 22.91590597 23.94673848 23.94889293 23.92889946 23.98082026 23.95529289 23.92448005 23.88056141 23.91420589 23.8337863 24.0425792 23.79619109 23.29289378 23.28517153 22.40615213 22.33481151 22.45944151 22.71457704 23.77943618 23.53774065 24.08407683 24.82937426 25.73038619 27.41666748 26.627596 26.82336128 26.64617908 25.94301056 26.25233707 25.63219667 25.4629082 25.53132317 25.70517276 25.80559458 25.76079396 25.35158609 25.05619285 24.84812736 24.32475275 24.19280328 23.93543209 24.15306138 25.10423733 25.88170293 -9999 -9999 -9999 -9999 -9999 -9999
-9999 -9999 -9999 -9999 -9999 21.00978369 19.76885638 18.78886897 18.20178441 18.09512981 18.42454579 19.2035467 20.34614858 21.74336004 23.01204215 23.79483752 23.9406044 23.88475563 23.91082364 23.94184508 23.97241964 23.98129009 24.04517115 24.14779458 24.27875258 24.13262706 23.76087298 23.44408834 23.03217593 22.9403459 23.07742451 23.33158384 23.85645383 24.09140793 24.57175835 25.13171017 25.69963764 26.3509894 26.40341946 26.38541617 26.18101409 25.73827145 25.55277867 25.39815942 25.39580628 25.5289015 25.79569463 26.00653014 26.03831179 25.89538885 25.63019507 25.28005992 24.87814058 24.41540692 24.11269377 24.22803255 24.84198331 25.58474057 -9999 -9999 -9999 -9999 -9999 -9999
-9999 -9999 -9999 22.58887919 20.59600197 19.44104664 18.92985044 18.74987195 18.76409085 19.03385781 19.57685154 20.39496798 21.27885192 22.23087755 23.06882648 23.63455473 23.7546518 23.80562693 23.88898908 23.94820265 24.00507018 24.0386694 24.0948408 24.20352177 24.31016906 24.1556585 23.78192854 23.40051767 23.13559119 23.06607223 23.13008452 23.31895427 23.67932985 24.05722915 24.47216293 24.83393998 25.01230611 25.13369637 25.26959222 25.22341529 25.07940103 24.81925462 24.77560289 24.97929176 25.20295746 25.52169587 25.98956132 26.31209313 26.41144295 26.43158251 26.17899345 25.72537731 25.35021162 24.70703046 24.2781995 24.27542856 24.67750393 25.34680645 25.79792716 -9999 -9999 -9999 -9999 -9999
-9999 -9999 23.15731702 20.96121997 18.96672467 18.04232173 18.09879832 18.6021106 19.50327976 20.61865138 21.45463561 21.87527448 22.33073373 22.75351844 23.11298115 23.43143815 23.6023055 23.71101967 23.85103679 23.95400125 24.04740263 24.0939253 24.14940831 24.27654396 24.34914251 24.2077275 23.87178207 23.52070485 23.27983642 23.1382446 23.1344113 23.34706194 23.63778871 24.00411629 24.30794766 24.50049578 24.54313828 24.44116131 24.4398917 24.30822767 24.2672142 24.36681914 24.48284692 24.76985987 25.13522152 25.58839771 26.11795605 26.54447813 26.59312604 26.46603379 26.18582903 25.75691416 25.29445528 24.71630968 24.29716869 24.20924182 24.4422564 24.86572814 25.45888235 26.02806362 -9999 -9999 -9999 -9999
-9999 -9999 21.83496377 19.73013826 17.78537399 17.11958668 17.7955801 18.70371047 20.21329373 21.96221839 22.8729538 22.92550816 23.10979471 23.13737179 23.16070195 23.3210651 23.46347362 23.63088381 23.79900504 23.9489716 24.07775758 24.1335439 24.19532129 24.31849213 24.40711891 24.2808398 23.97429315 23.63973046 23.41349185 23.26888248 23.25008413 23.40244236 23.65190724 23.99710508 24.24331346 24.3569566 24.26337583 24.05759807 24.07989166 24.00294416 24.03495171 24.14223004 24.27961595 24.62832164 25.07346609 25.5710676 26.11835807 26.57824787 26.52040079 26.32057985 26.02335457 25.60230163 25.16315856 24.64412813 24.22690338 24.11043185 24.2686506 24.60130323 25.28584644 25.92240735 -9999 -9999 -9999 -9999
23.90888904 22.21573401 20.47614177 18.79925182 17.49060676 17.24821479 18.00329671 19.39944016 21.01995986 22.5679243 23.47065161 23.50051257 23.3099852 23.31586597 23.31559602 23.3532683 23.47140259 23.55505162 23.79132676 23.97446075 24.11275823 24.18897052 24.24004697 24.34925343 24.40248712 24.31995554 24.09743838 23.82861493 23.65818185 23.52606989 23.52979248 23.66868517 23.83393603 24.08615302 24.2818063 24.35486281 24.32360024 24.21128579 24.13252188 24.02186924 24.01806423 24.06895233 24.1862697 24.57066868 24.99786727 25.45728511 25.93777734 26.21125799 26.25260026 26.06205457 25.77571854 25.42184429 25.01922877 24.56321978 24.21252638 24.11071831 24.23839628 24.62322828 25.22138026 25.86785547 -9999 -9999 -9999 -9999
22.78843219 21.18945016 19.55573549 18.29686152 17.43314003 17.44229775 18.44144975 19.92137946 21.48840848 23.02050639 23.86644924 23.7682685 23.58041265 23.61305682 23.58666787 23.62730123 23.69137907 23.71907343 23.91411762 24.07640342 24.18544409 24.2430796 24.2732809 24.34677766 24.39764419 24.35943906 24.22842429 24.09049396 24.02484029 23.96818886 23.99306151 24.10123329 24.20851341 24.36952733 24.51065329 24.5506122 24.49460952 24.40012303 24.31016051 24.18242017 24.1736911 24.21988978 24.31873217 24.67822544 25.03673171 25.40521612 25.76205974 25.95082444 25.98717511 25.82454593 25.56068071 25.2228282 24.83647683 24.45503142 24.20287437 24.14555404 24.28433184 24.5963465 25.08435661 25.63130338 25.96427692 -9999 -9999 -9999
21.45850693 20.21633172 19.04135573 18.21420825 17.74116021 18.02315267 18.90183129 20.17606497 21.81364942 23.28347198 24.08834802 24.11096081 24.00078416 23.98165557 24.05313905 24.07680628 24.05679782 24.12915352 24.1655779 24.23257097 24.28524508 24.28789524 24.30299116 24.33297476 24.35843393 24.37415005 24.38176866 24.41710139 24.42885895 24.55005357 24.59921636 24.56691147 24.64272624 24.65740424 24.69703244 24.69881517 24.64748061 24.59570251 24.52002981 24.46638976 24.48633538 24.56426938 24.73856857 24.97185438 25.22523676 25.46254206 25.68953165 25.78832568 25.78707066 25.65237231 25.38780366 24.98513964 24.58767517 24.37225595 24.23086129 24.23769228 24.38490242 24.59832635 24.8930443 25.14864708 25.4580302 25.82359528 26.06208779 -9999
