meets/meet004/data/CCSM_21k_neotropic_bio11.asc
NCOLS 154 
NROWS 168 
XLLCORNER -112 
YLLCORNER -55.5 
CELLSIZE 0.5 
NODATA_value -9999 
[rows 28 to 55 of 168, columns 64 to 127 of 154]
-9999 -9999 -9999 -9999 -9999 -9999 -9999 -9999 -9999 -9999 -9999 -9999 -9999 -9999 -9999 -9999 -9999 -9999 -9999 -9999 -9999 -9999 -9999 -9999 -9999 -9999 -9999 -9999 -9999 -9999 -9999 -9999 -9999 -9999 -9999 -9999 -9999 -9999 -9999 -9999 -9999 -9999 -9999 -9999 -9999 -9999 -9999 -9999 -9999 -9999 -9999 -9999 -9999 -9999 -9999 -9999 -9999 -9999 -9999 -9999 -9999 -9999 -9999 -9999
-9999 -9999 -9999 -9999 -9999 -9999 -9999 -9999 -9999 -9999 -9999 -9999 -9999 -9999 -9999 -9999 -9999 -9999 -9999 -9999 -9999 -9999 -9999 -9999 -9999 -9999 -9999 -9999 -9999 -9999 -9999 -9999 -9999 -9999 -9999 -9999 -9999 21.55555113 -9999 -9999 -9999 -9999 -9999 -9999 -9999 -9999 -9999 -9999 -9999 -9999 -9999 -9999 -9999 -9999 -9999 -9999 -9999 -9999 -9999 -9999 -9999 -9999 -9999 -9999
-9999 -9999 -9999 -9999 -9999 -9999 -9999 -9999 -9999 -9999 -9999 -9999 -9999 -9999 -9999 -9999 -9999 -9999 -9999 -9999 -9999 -9999 -9999 -9999 -9999 -9999 -9999 -9999 -9999 -9999 -9999 -9999 -9999 -9999 -9999 -9999 -9999 21.54798942 -9999 -9999 -9999 -9999 -9999 -9999 -9999 -9999 -9999 -9999 -9999 -9999 -9999 -9999 -9999 -9999 -9999 -9999 -9999 -9999 -9999 -9999 -9999 -9999 -9999 -9999
-9999 -9999 -9999 -9999 -9999 -9999 -9999 -9999 -9999 -9999 -9999 -9999 -9999 -9999 -9999 -9999 -9999 -9999 -9999 -9999 -9999 -9999 -9999 -9999 -9999 -9999 -9999 -9999 -9999 -9999 -9999 -9999 -9999 -9999 -9999 -9999 -9999 -9999 -9999 -9999 -9999 -9999 -9999 -9999 -9999 -9999 -9999 -9999 -9999 -9999 -9999 -9999 -9999 -9999 -9999 -9999 -9999 -9999 -9999 -9999 -9999 -9999 -9999 -9999
-9999 -9999 -9999 -9999 -9999 -9999 -9999 -9999 -9999 -9999 -9999 -9999 -9999 -9999 -9999 -9999 21.93914249 -9999 -9999 -9999 -9999 -9999 -9999 -9999 -9999 -9999 -9999 -9999 -9999 -9999 -9999 -9999 -9999 -9999 -9999 -9999 21.48995302 -9999 -9999 -9999 -9999 -9999 -9999 -9999 -9999 -9999 -9999 -9999 -9999 -9999 -9999 -9999 -9999 -9999 -9999 -9999 -9999 -9999 -9999 -9999 -9999 -9999 -9999 -9999
-9999 -9999 -9999 -9999 -9999 -9999 -9999 -9999 -9999 -9999 -9999 -9999 -9999 -9999 22.09130357 22.08837266 21.96983913 -9999 -9999 -9999 -9999 -9999 -9999 -9999 -9999 -9999 -9999 -9999 -9999 -9999 -9999 -9999 -9999 -9999 -9999 -9999 -9999 -9999 -9999 -9999 -9999 -9999 -9999 -9999 -9999 -9999 -9999 -9999 -9999 -9999 -9999 -9999 -9999 -9999 -9999 -9999 -9999 -9999 -9999 -9999 -9999 -9999 -9999 -9999
-9999 -9999 -9999 -9999 -9999 -9999 -9999 -9999 -9999 -9999 21.89524231 22.04487688 22.10390174 22.18535953 22.1571808 21.98494535 -9999 -9999 20.97659084 20.61429874 20.34370865 20.17033909 19.95569776 -9999 -9999 -9999 -9999 -9999 -9999 -9999 -9999 -9999 -9999 -9999 -9999 -9999 -9999 -9999 -9999 -9999 -9999 -9999 -9999 -9999 -9999 -9999 -9999 -9999 -9999 -9999 -9999 -9999 -9999 -9999 -9999 -9999 -9999 -9999 -9999 -9999 -9999 -9999 -9999 -9999
-9999 -9999 -9999 -9999 -9999 -9999 -9999 -9999 -9999 22.54100281 22.52677949 22.63615415 22.58514894 22.29502322 22.08840061 21.7705779 21.27043494 20.71994949 20.48228529 20.01655916 19.70102286 19.62897136 19.29400765 19.70159731 -9999 -9999 -9999 -9999 -9999 -9999 -9999 -9999 -9999 -9999 -9999 -9999 -9999 -9999 -9999 -9999 -9999 -9999 -9999 -9999 -9999 -9999 -9999 -9999 -9999 -9999 -9999 -9999 -9999 -9999 -9999 -9999 -9999 -9999 -9999 -9999 -9999 -9999 -9999 -9999
-9999 -9999 -9999 -9999 -9999 -9999 -9999 -9999 -9999 23.88432405 23.71994859 23.20304421 22.70687755 22.10346444 21.61067865 21.16327668 20.83323924 20.65424817 20.27926596 20.04536981 19.93640531 19.91439624 19.98146042 20.25683302 20.50994191 20.82553758 21.24081943 21.52194795 21.86668799 22.09975583 22.18563725 22.16584703 22.06209437 21.87822436 21.67251991 -9999 -9999 -9999 -9999 -9999 -9999 -9999 -9999 -9999 -9999 -9999 -9999 -9999 -9999 -9999 -9999 -9999 -9999 -9999 -9999 -9999 -9999 -9999 -9999 -9999 -9999 -9999 -9999 -9999
-9999 -9999 -9999 -9999 -9999 -9999 -9999 -9999 -9999 24.57882569 24.18868763 23.46881956 22.82691017 21.9099484 21.09773254 20.53659708 20.33009278 20.35914791 20.06118806 20.08166735 20.2101615 20.51758339 20.9680194 21.40312617 21.71400105 22.03221296 22.37712532 22.62391973 22.74297487 22.94101708 22.88599304 22.64179183 22.50760115 22.13585571 21.85307987 21.70336894 21.66295734 -9999 -9999 -9999 -9999 -9999 -9999 -9999 -9999 -9999 -9999 -9999 -9999 -9999 -9999 -9999 -9999 -9999 -9999 -9999 -9999 -9999 -9999 -9999 -9999 -9999 -9999 -9999
21.85922491 22.02567875 22.25865877 22.60829935 -9999 -9999 -9999 -9999 24.203311 24.046632 23.65670992 23.08033773 22.41096873 21.49170977 20.51032354 19.76192307 19.44385012 19.58246167 19.38632129 19.54865598 20.18211928 21.15886279 22.24829268 22.68190872 23.06211664 23.32006045 23.31988645 23.37111978 23.29451487 23.21124952 22.99350109 22.73582385 22.42886092 22.17150419 21.95784921 21.79164392 21.7606205 21.76030093 -9999 -9999 -9999 -9999 -9999 -9999 -9999 -9999 -9999 -9999 -9999 -9999 -9999 -9999 -9999 -9999 -9999 -9999 -9999 -9999 -9999 -9999 -9999 -9999 -9999 -9999
21.77273305 -9999 -9999 22.33990638 22.65270763 22.9150129 23.11515778 23.42375515 23.42007824 23.36279894 23.1077891 22.63730007 21.9553755 20.94499837 19.51073509 18.50499414 18.10466346 18.22273704 18.28344456 18.8057061 19.86851314 21.40729066 22.9702906 23.5537412 23.92134786 24.16021131 23.96986487 23.92803462 23.66837044 23.41985851 23.10702898 22.80924902 22.46923994 22.22058895 22.02336786 21.85710909 21.83013446 21.82006264 -9999 -9999 -9999 -9999 -9999 -9999 -9999 -9999 -9999 -9999 -9999 -9999 -9999 -9999 -9999 -9999 -9999 -9999 -9999 -9999 -9999 -9999 -9999 -9999 -9999 -9999
-9999 -9999 -9999 21.8269964 21.73168914 21.74794818 21.94398114 22.02973255 22.2505431 22.64480609 22.44180248 21.92468199 21.39740268 19.6994688 17.92960072 16.88632738 16.2692125 16.30894946 17.31526493 18.23153789 19.80421032 21.72379078 22.86100085 23.65565514 24.23334363 24.39940741 24.26252873 24.15570763 23.61273608 23.45691267 23.06985963 22.67747545 22.68211057 22.12430719 21.9466835 21.80121408 21.6813748 21.87226686 21.79501523 21.86916004 21.90577203 -9999 -9999 -9999 -9999 -9999 -9999 -9999 -9999 -9999 -9999 -9999 -9999 -9999 -9999 -9999 -9999 -9999 -9999 -9999 -9999 -9999 -9999 -9999
-9999 -9999 -9999 21.64829675 21.25396739 21.03274818 20.91497597 20.79292466 20.98535835 21.21159536 20.91423931 20.30569333 19.2691003 17.49487726 15.84800363 15.04431487 14.89626505 15.46950279 17.39234371 19.21567386 21.07047365 22.38428183 22.92034488 23.47236862 23.84987215 24.06359975 23.98702749 23.63136029 22.84169819 22.46768956 21.90125631 21.50005529 21.5524441 21.12077899 21.05908902 21.0312911 21.01042652 21.27931516 21.27379178 21.47576276 21.63142614 21.73828888 -9999 -9999 -9999 -9999 -9999 -9999 -9999 -9999 -9999 -9999 -9999 -9999 -9999 -9999 -9999 -9999 -9999 -9999 -9999 -9999 -9999 -9999
-9999 -9999 -9999 -9999 21.33181602 20.74615805 20.21784795 19.6261248 19.36189336 19.13281488 18.39706486 17.35572802 15.90173146 14.79599097 13.50936389 13.35664905 14.11415454 15.4649353 18.42668036 21.72088288 22.96730455 23.07716457 23.19522611 23.33883306 23.51308957 23.37824493 22.92534695 22.31868139 21.32714037 20.40584314 19.79249232 19.47492864 19.27874368 19.27557158 19.42676844 19.56513765 19.79564871 20.08629623 20.28934163 20.64626119 20.97654426 21.28881784 21.7511956 -9999 -9999 -9999 -9999 -9999 -9999 -9999 -9999 -9999 -9999 -9999 -9999 -9999 -9999 -9999 -9999 -9999 -9999 -9999 -9999 -9999
-9999 -9999 -9999 -9999 -9999 20.70817899 19.72172764 18.51070904 17.65509627 16.9331374 16.00556475 15.05510959 13.88379938 12.98422457 12.25309671 12.73439625 14.21215423 16.43939023 19.74653266 22.1080621 23.18983308 23.19240473 23.01626232 22.92624216 22.80002397 22.35985154 21.53619217 20.49744048 19.51308358 18.66705451 18.00503497 17.60988507 17.30785453 17.3997708 17.61874543 17.86161995 18.2085164 18.57920283 18.90211172 19.3364351 19.84440339 20.39581495 21.02100951 21.47779667 -9999 -9999 -9999 -9999 -9999 -9999 -9999 -9999 -9999 -9999 -9999 -9999 -9999 -9999 -9999 -9999 -9999 -9999 -9999 -9999
-9999 -9999 -9999 -9999 -9999 20.71732359 19.26635915 17.48695639 16.08873558 15.03501495 14.05974829 13.47188911 12.89032109 12.27657184 11.81779794 12.91662949 15.20383729 17.86302928 20.35213635 21.74162843 22.51984456 22.59969108 22.33183707 22.07519729 21.65208077 20.9984256 19.71690084 18.39451107 17.71347181 17.2715368 16.68689668 16.05310562 15.64419092 15.79272227 15.97112156 16.30968051 16.74462536 17.01852774 17.50062553 17.86844883 18.48152551 19.23276925 19.96721929 20.83377156 21.53586254 -9999 -9999 -9999 -9999 -9999 -9999 -9999 -9999 -9999 -9999 -9999 -9999 -9999 -9999 -9999 -9999 -9999 -9999 -9999
-9999 -9999 -9999 -9999 -9999 20.62969425 18.82633987 16.6519798 14.93379058 13.73135997 12.85968844 12.53321029 12.38225688 12.36672238 12.72127409 14.24954675 16.77848073 19.11237939 20.50013616 21.34578728 21.86490368 21.93432881 21.57651946 21.23417693 20.56434041 19.47677134 18.09362366 16.83498823 16.23350289 15.71026627 15.18831319 14.72691061 14.35172335 14.6099422 14.94781021 15.34948371 15.83502699 16.10078966 16.43039054 16.64769399 17.27313399 18.16093471 19.10655116 20.14497995 21.03183824 21.59098525 21.76291376 21.80777028 21.82693258 21.93718269 22.01407433 21.99983797 -9999 -9999 -9999 -9999 -9999 -9999 -9999 -9999 -9999 -9999 -9999 -9999
-9999 -9999 -9999 -9999 -9999 20.58374422 18.43563127 15.77893323 14.13950047 12.86033866 12.11913532 12.07990313 12.17772471 12.99730439 14.08716792 15.96137072 18.29744323 19.86700016 20.67511477 21.11018182 21.32953561 21.2982735 21.0251712 20.43847234 19.63522725 18.2335773 16.8927917 15.55476993 15.01918861 14.4004815 13.96184702 13.68648189 13.36788917 13.97083687 14.53525939 15.0646596 15.46698593 15.68750441 15.80858917 15.7606888 16.33318777 17.39227277 18.37873784 19.5335004 20.54544792 21.13063956 21.25659044 21.26173681 21.30992316 21.36252078 21.44473535 21.55281394 21.73511866 21.80985404 22.01465929 -9999 -9999 -9999 -9999 -9999 -9999 -9999 -9999 -9999
-9999 -9999 -9999 -9999 -9999 20.47399378 18.22681427 15.63415745 13.81355217 12.69471966 12.09452859 12.11558783 12.76945893 14.05167085 15.77449081 17.71731797 19.13518811 20.16067203 20.79231356 20.98120753 21.03110229 20.86763846 20.40255319 19.92194697 18.90759947 17.6844375 16.60394526 15.38087339 14.82082544 14.18509666 13.81887781 13.74890225 13.65618239 14.31577547 14.80493157 15.36727913 16.03245238 16.07935663 16.07283211 15.70700636 16.15605235 17.22385233 18.18926318 19.28082799 20.02505267 20.53275677 20.74113613 20.74117704 20.80250942 20.83354538 20.90298047 20.92448211 21.07052433 21.16832691 21.35877048 21.5939607 -9999 -9999 -9999 -9999 -9999 -9999 -9999 -9999
-9999 -9999 -9999 -9999 -9999 20.43340138 18.04111911 15.32113396 13.71830757 12.73871652 12.357782 12.59057711 13.27359419 15.22791923 17.42377291 18.92634951 19.79899051 20.56281025 20.84537689 20.92537303 20.85431923 20.5389612 20.02221446 19.69772198 18.70367547 17.81694381 17.07174273 15.72976271 15.71953992 15.06337515 14.80127193 15.04800264 14.56394854 15.65187358 15.98721534 16.61591218 17.42845736 17.30829384 17.56527586 16.7225185 16.93919918 18.00964588 18.47670139 19.31175633 19.78941687 20.0900296 20.26679024 20.29337733 20.33156147 20.35070288 20.37436925 20.3623862 20.3389172 20.45591438 20.62592644 20.95041897 21.4321689 21.93157342 -9999 -9999 -9999 -9999 -9999 -9999
-9999 -9999 -9999 -9999 -9999 19.91209462 17.62143476 15.22081262 13.75725211 13.08396908 12.94051453 13.37575982 14.54802272 16.4904709 18.63534822 19.83888206 20.32547537 20.54821296 20.70885012 20.72034167 20.67018676 20.5315701 20.204363 19.92123915 19.57471021 19.09889852 18.64043779 18.17668631 17.75642052 17.54738126 17.50730939 17.67153836 17.99017956 18.13851792 18.45137728 19.05071687 19.89433104 20.44572531 20.30399407 19.83374687 19.70784228 19.68732736 19.86392264 19.81648341 19.77312401 19.78414201 19.85371404 19.86889512 19.91674848 19.87190711 19.88969904 19.94416354 19.95007304 19.96138797 20.0230523 20.34474798 20.98452805 21.53063497 -9999 -9999 -9999 -9999 -9999 -9999
-9999 -9999 -9999 -9999 -9999 19.13988332 16.97808417 14.78881859 13.91744417 13.51455922 13.58959426 14.33369589 15.46523312 17.48518137 19.53936848 20.56066749 20.56220553 20.54262259 20.57638625 20.39470524 20.29658242 20.2922106 20.28977197 20.23234915 20.50509453 20.36804842 20.0775721 20.21914951 19.41119757 19.23448128 19.17425788 19.23244157 19.87216865 19.63134025 19.90004894 20.39175 21.09115076 22.29290331 21.85057388 22.09650105 21.97866776 21.02604741 21.07148289 20.2289292 19.78394829 19.60314555 19.60307057 19.62196687 19.71124123 19.64102812 19.6689807 19.8154 19.74597167 19.79335918 19.67264136 19.98331427 20.70379977 21.32092597 -9999 -9999 -9999 -9999 -9999 -9999
-9999 -9999 -9999 -9999 -9999 17.5196931 16.20883001 15.06182896 14.40716394 14.30695094 14.65376931 15.46107354 16.62825186 18.15789559 19.5986296 20.41003093 20.43711559 20.23284678 20.1799248 20.10528041 20.10125165 20.15571227 20.23752929 20.40217672 20.60772893 20.59360166 20.4762358 20.37816644 20.00619356 19.87947016 19.8501704 19.94391138 20.24842482 20.34669693 20.61812573 20.97288243 21.35369974 21.78744919 21.88917434 21.90690894 21.6777602 21.0473473 20.60220331 20.09275319 19.79998428 19.64592699 19.68577023 19.78594593 19.84955885 19.89139008 19.92765902 20.00183049 20.03151686 19.90352469 19.86142659 20.11015819 20.6239803 21.16744706 -9999 -9999 -9999 -9999 -9999 -9999
-9999 -9999 -9999 18.97302969 17.05962416 15.84565952 15.34150218 15.11120792 15.14932923 15.457165 16.0160855 16.82055752 17.69162302 18.66184434 19.51733374 20.02952029 20.0376202 19.94603866 19.96943992 19.98205284 20.03050932 20.08586705 20.18229686 20.35360172 20.52222871 20.49785787 20.37150069 20.18350956 20.06246736 20.01789322 20.01743222 20.12584606 20.36318516 20.61118006 20.88124755 21.10300932 21.14116844 21.18922286 21.33838146 21.12404503 20.77695372 20.39287821 19.97810957 19.81336439 19.71956146 19.70705593 19.89082213 20.01214768 20.07824436 20.18288026 20.20154353 20.21956733 20.30832113 20.13193514 20.04191358 20.24762095 20.61698431 21.08757506 21.36507076 -9999 -9999 -9999 -9999 -9999
-9999 -9999 19.63359459 17.60032346 15.55848074 14.50560649 14.59579371 15.12434866 16.08616586 17.28219159 18.07698295 18.43667151 18.8558841 19.22054468 19.52589838 19.76874901 19.83507904 19.84401929 19.93358983 20.00417814 20.08811186 20.15878504 20.23629672 20.40311884 20.52839797 20.49215716 20.34234422 20.20388724 20.09742423 19.99333534 20.01112627 20.15206194 20.38693988 20.66875217 20.9300501 21.06863801 21.07560086 21.00801247 20.79794372 20.42633615 20.16679041 19.9733222 19.75910025 19.73097831 19.75413404 19.85480661 20.04144658 20.20059567 20.23198417 20.23086967 20.22756352 20.24756088 20.27097556 20.19067368 20.17370036 20.31408036 20.50275003 20.79686095 21.16392527 21.45921847 -9999 -9999 -9999 -9999
-9999 -9999 18.53757497 16.44837158 14.27751321 13.49199846 14.27448442 15.32970203 16.88055809 18.6193093 19.5009161 19.58002806 19.72208525 19.65407479 19.60316108 19.67922515 19.71974467 19.82922326 19.94870289 20.08073895 20.1968079 20.25303153 20.32227101 20.46026666 20.58766965 20.54529242 20.40211917 20.23585953 20.10652004 20.00430899 20.01255149 20.15824626 20.41826218 20.69849517 20.978456 21.11429421 20.99149242 20.57327185 20.43245969 20.06947323 19.85736519 19.76369832 19.63110036 19.70933724 19.81657388 19.95122853 20.14700773 20.29265799 20.24374778 20.18979304 20.15752103 20.16976153 20.20457388 20.20705572 20.215204 20.35867919 20.43266093 20.62496606 21.13325327 21.49337469 -9999 -9999 -9999 -9999
20.72373469 19.09721751 17.22897615 15.33521129 13.85736279 13.5922315 14.4595696 15.99034324 17.63957989 19.18582653 20.08670217 20.12423309 19.9433583 19.91416944 19.83700909 19.80546821 19.84827718 19.88041872 20.06585451 20.22566942 20.33674077 20.39443517 20.43689062 20.55037175 20.63039344 20.62079711 20.52576236 20.40728763 20.28721411 20.1645562 20.20661295 20.39005115 20.60112611 20.88309593 21.10527536 21.11040793 20.892312 20.54563696 20.27574835 19.97797193 19.77777133 19.6942606 19.61598317 19.74487348 19.86834875 20.01172313 20.15970245 20.20734196 20.19339896 20.09730369 20.07381287 20.10053592 20.1426708 20.18139079 20.26355008 20.37765697 20.47824761 20.75657815 21.13324425 21.55594816 -9999 -9999 -9999 -9999
