meets/meet004/data/CCSM_0k_neotropic_bio06.asc
NCOLS 154 
NROWS 168 
XLLCORNER -112 
YLLCORNER -55.5 
CELLSIZE 0.5 
NODATA_value -9999 
[rows 56 to 83 of 168, columns 64 to 127 of 154]
19.48326249 16.50050613 13.71719731 12.77341895 12.71331923 12.99360286 13.96414248 15.32504496 17.01547579 18.68595175 19.61539656 19.70764119 19.67978917 19.67765181 19.55661864 19.58895759 19.72208756 19.79559786 19.96292404 20.06028126 20.15516549 20.24235451 20.27008817 20.30714547 20.28564728 20.23683864 20.1124006 19.88736232 19.77166253 19.7190011 19.74425273 19.87622872 20.02251896 20.15258604 20.25332622 20.28729914 20.22892565 20.1455164 20.09199968 19.85554639 19.503147 19.2404659 19.07468498 19.30770292 19.65818286 19.73518426 19.74515724 19.72916647 19.72059576 19.67778928 19.69543432 19.62420091 19.53400316 19.54471419 19.61587414 19.84599388 20.07794886 20.63773402 21.75711577 23.1193722 24.08170367 -9999 -9999 -9999
17.29865258 14.69182895 12.37635891 12.07522196 12.75002974 13.55401903 14.4040787 15.53490094 17.29925438 18.92918395 19.76293596 19.93875312 19.96636017 19.91508789 19.90783891 19.94252015 20.00327572 20.15260955 20.18550326 20.1851049 20.20965872 20.23194544 20.25577109 20.24885825 20.24260233 20.26528661 20.31523189 20.40432149 20.40824361 20.49287991 20.52139572 20.52992466 20.63354694 20.6628647 20.71083109 20.66715565 20.55794596 20.42494702 20.23716646 19.93186721 19.64790559 19.45148962 19.37127972 19.47869465 19.60369122 19.59980808 19.57150655 19.51145598 19.56795648 19.58938503 19.64388148 19.56861661 19.47727093 19.58246529 19.71640205 19.9201041 20.1907609 20.6232808 21.24720334 21.8405384 22.63076306 23.63325104 24.36159264 -9999
16.03320404 13.66963234 11.78063897 11.95214717 13.06857102 14.03942164 14.95746148 16.03968119 17.65462481 18.94950426 19.76706379 19.97062212 20.01912266 19.9984662 20.00675662 20.05235981 20.11080311 20.22356961 20.20751602 20.20310521 20.23234855 20.26540579 20.26962776 20.24787055 20.23999962 20.28302411 20.3834045 20.53623282 20.60122885 20.72777246 20.79043226 20.76603254 20.80185306 20.75699574 20.73780687 20.66623623 20.55204233 20.43887198 20.29005943 20.05218356 19.84545784 19.74219187 19.68791523 19.73864531 19.66711574 19.59957226 19.55154921 19.49619653 19.57429839 19.62995162 19.70242957 19.67416569 19.62893381 19.76647897 19.87991987 20.07813614 20.3479468 20.58321052 20.90099145 21.1082021 21.6226436 22.40097962 23.02868628 -9999
15.46687076 13.41649739 11.64374263 12.16223506 13.52703757 14.60569583 15.56700321 16.66162563 17.8516428 18.90938239 19.62521825 19.81374842 19.87408784 19.90208941 19.8908881 19.94132922 20.03378305 20.1194866 20.11822771 20.11385411 20.12849767 20.16281167 20.2150506 20.22165594 20.22962405 20.28894917 20.35583681 20.4487228 20.5530665 20.64216703 20.70473073 20.73105555 20.74287354 20.71612737 20.68777758 20.61131968 20.51474064 20.40619922 20.30637936 20.19141038 20.08412846 20.00714559 19.91685966 19.85691841 19.79240107 19.73453355 19.69485178 19.65669624 19.73460008 19.80696638 19.87881315 19.92756825 19.9385839 20.03301537 20.17792467 20.34189289 20.52924333 20.72825451 20.88632316 21.001037 21.1413677 21.30143592 21.297385 21.59489054
15.77134108 14.04681635 12.66939445 12.99621527 14.19663873 15.07775485 15.97257685 16.94969539 17.96729232 18.85334219 19.47035613 19.65430942 19.69264992 19.72701557 19.72421308 19.77787943 19.86714181 19.95018899 19.96187851 19.96111466 19.99201781 20.03843516 20.09241435 20.11225538 20.12978523 20.17636918 20.23165211 20.29806008 20.37342445 20.44512779 20.50289374 20.53651429 20.56533643 20.5826952 20.58957605 20.5315057 20.46337978 20.39080761 20.31111075 20.23904808 20.1587372 20.08485366 20.03901702 20.0125162 20.01143314 20.00239549 19.98510817 19.99299821 20.04103635 20.1132082 20.16185365 20.17155218 20.18485576 20.2285961 20.34054239 20.42397238 20.46719712 20.54175992 20.62264044 20.65037865 20.68120801 20.66867886 20.50657405 20.51000848
16.53373692 14.83777446 13.8869222 13.94920916 14.75364683 15.51810202 16.26725036 17.14810509 18.04419707 18.81218633 19.32131921 19.46337021 19.5240199 19.55173244 19.55542191 19.60945443 19.68696318 19.75952546 19.77823434 19.78425373 19.82351272 19.88349859 19.95402777 19.97690206 20.01753089 20.05994665 20.09238408 20.17006479 20.20787848 20.26314917 20.31310499 20.33846196 20.37205956 20.38483044 20.41112749 20.4299724 20.4015474 20.37694217 20.30652736 20.25211733 20.20421812 20.16406024 20.16025942 20.15405869 20.24278401 20.26666373 20.2492367 20.35844272 20.306132 20.40378382 20.42214397 20.25651884 20.27217322 20.16708699 20.1844528 20.18417326 20.16794419 20.23415197 20.26416629 20.35908648 20.3031963 20.18641087 20.09413756 19.88237052
17.3110902 15.56126381 14.65263219 14.5166614 15.20670092 15.86254755 16.52222562 17.29312532 18.06354918 18.72103879 19.1755875 19.30208397 19.32180907 19.36339179 19.38548091 19.44163097 19.51447652 19.57641263 19.59556599 19.60596223 19.64980969 19.71441024 19.78354201 19.81324849 19.84215086 19.88094411 19.91298389 19.97030167 20.01924559 20.07695986 20.12470817 20.15097697 20.17330872 20.18250718 20.19398552 20.20846949 20.22812214 20.24744702 20.21971359 20.19889431 20.17770417 20.15139595 20.168828 20.18097014 20.24690608 20.26194104 20.23933911 20.27677629 20.23129966 20.25928965 20.2035291 20.07163344 20.02238083 19.92105619 19.89993763 19.86281808 19.80720479 19.81947091 19.85190044 19.90428349 19.86254521 19.74451169 19.59225214 19.43080058
17.74027418 15.8802457 14.81223226 14.85246583 15.51270408 16.09599343 16.69817084 17.39264799 18.08915088 18.67057677 19.04163902 19.11450886 19.12057491 19.17518201 19.21022672 19.26559829 19.33114375 19.40164966 19.40516715 19.4137964 19.45762474 19.51982065 19.59953991 19.60818753 19.62018569 19.65105403 19.67718548 19.72778559 19.78464776 19.86467281 19.91678724 19.93628372 19.96914 19.9648806 19.95734224 19.9615229 19.96735364 19.96092147 19.9660683 19.97324251 19.96420619 19.95136207 19.98128758 19.95096135 19.96422438 19.94760877 19.88898552 19.84810723 19.82225945 19.80522868 19.73878292 19.65547467 19.59132519 19.50987189 19.49728263 19.4328153 19.34620108 19.32761403 19.34849445 19.38373032 19.34092068 19.21820362 19.07416841 18.92377382
16.92729814 15.60298298 15.04625549 15.02781565 15.61639953 16.20393763 16.8192366 17.41858125 18.01500899 18.56561969 18.89748591 18.94715874 18.94700119 18.97914962 19.02850751 19.07707853 19.11381932 19.16458279 19.17981383 19.20871753 19.24914181 19.29085241 19.34249569 19.35709761 19.3733998 19.40046885 19.42191695 19.46667578 19.51512867 19.57978222 19.64031483 19.6908017 19.73318021 19.7363408 19.72935366 19.7243029 19.71493018 19.71448753 19.7032128 19.70335858 19.68784324 19.66555781 19.65330667 19.61646462 19.59048633 19.53601363 19.46433282 19.40267613 19.33038531 19.27718466 19.19777932 19.11460112 19.05359069 18.97734565 18.93501634 18.87076224 18.79035945 18.77037212 18.80194436 18.85421817 18.83824637 18.76852091 18.63383924 18.51181157
15.88541806 15.3520547 14.88617546 15.12765256 15.65080029 16.21158292 16.82434727 17.38457685 17.9546712 18.38855594 18.72171305 18.71985913 18.74299724 18.74404968 18.80447947 18.84493734 18.84842844 18.89558185 18.91528763 18.96265311 18.99866465 19.01376782 19.06344541 19.08068461 19.10395445 19.13423741 19.15200188 19.1856964 19.22565468 19.27118995 19.3333449 19.40789632 19.48850607 19.47886983 19.48135047 19.47604699 19.45353463 19.45657126 19.41850451 19.4071669 19.37769344 19.33273851 19.28483787 19.23386822 19.17970811 19.1023363 19.01877789 18.93572958 18.82700169 18.73704249 18.63347548 18.54455569 18.46705468 18.37178964 18.31144795 18.23789592 18.16356119 18.1520179 18.21356202 18.31165748 18.32123865 18.29253773 18.27242889 18.21178456
15.70423437 15.19661574 15.22350987 15.19471055 15.47053756 15.94931022 16.60529226 17.33199211 17.76262938 18.148301 18.43748891 18.40398618 18.36773546 18.39981458 18.4623557 18.50400055 18.5174082 18.56049856 18.5789386 18.62005649 18.66183758 18.69058035 18.73557563 18.76695241 18.80509197 18.84491636 18.87595077 18.91217508 18.93181827 18.96319576 19.0180062 19.08964354 19.15668223 19.17002363 19.17043952 19.16213039 19.14291703 19.13235709 19.08751732 19.05942876 19.01014372 18.95720708 18.91179401 18.82058966 18.7399666 18.6373431 18.53854017 18.43695548 18.30447829 18.17710625 18.04418148 17.93438643 17.83390499 17.73722783 17.651597 17.57798617 17.51620849 17.49507516 17.58203654 17.65401016 17.79708822 17.97285782 18.01679358 18.16620722
15.81153665 15.30887214 15.15188183 14.70182445 14.82369179 15.22385717 15.90248426 17.00965334 17.45812108 17.89241312 18.17667361 18.06596084 17.96269145 17.96246495 18.05013841 18.09505165 18.11827533 18.17536356 18.19971057 18.23654933 18.29221391 18.34148519 18.39547741 18.45815776 18.50293611 18.55112689 18.59453116 18.62855228 18.6377004 18.64454664 18.68959206 18.76083546 18.82128087 18.83574325 18.83012963 18.81636562 18.80057727 18.77374464 18.70551692 18.65523114 18.58732956 18.52372367 18.49079479 18.36577128 18.26663233 18.15279512 18.04081656 17.92464883 17.77031441 17.61587726 17.46160777 17.34043156 17.20343398 17.11071203 17.01225576 16.94241087 16.90024023 16.8753523 17.04921695 17.16226147 17.48027845 17.93200883 18.10397688 18.57475927
16.64561259 15.10153238 13.97052713 13.36620898 13.37190637 13.7303178 14.52247127 15.63334709 16.81223832 17.72442181 18.18180228 17.91397389 17.48697379 17.49123887 17.57401765 17.62740982 17.67491498 17.70615926 17.76802644 17.82129286 17.89883642 17.98697001 18.06993921 18.13642485 18.19153904 18.24613657 18.28775843 18.31730316 18.30746616 18.29892348 18.33041353 18.39757172 18.46077877 18.46590429 18.45143569 18.42761813 18.39825091 18.35022175 18.26146723 18.15945484 18.06127705 17.98529868 17.90197062 17.82695321 17.74445537 17.62194187 17.49654902 17.35173688 17.21419647 17.06722355 16.90856384 16.76964145 16.61967103 16.52041352 16.41529651 16.38728688 16.41287977 16.47633063 16.7120376 17.01000385 17.61413354 18.47783414 19.17251095 19.46436131
17.40721325 14.99643893 12.72742079 11.80020408 11.56945622 11.99239333 12.8763075 14.23138918 16.1730395 17.73890726 18.35235563 17.88224564 17.08804985 17.03938581 17.19488874 17.25727377 17.30582008 17.29673741 17.38448414 17.44877286 17.53958054 17.65568353 17.74580933 17.82426986 17.88121608 17.93923049 17.98436307 18.00429019 17.98588293 17.94717649 17.96759675 18.03984247 18.09347881 18.09339504 18.06115495 18.02959111 18.00294188 17.93349166 17.83749693 17.68523738 17.56787966 17.49307907 17.36046505 17.31992328 17.23706401 17.111117 16.98169686 16.80631335 16.70619743 16.5725456 16.42696318 16.30295027 16.11713124 16.05405582 15.95128358 15.96483468 16.07394469 16.23793698 16.64977105 17.13409577 17.94937365 19.10612241 19.89102719 19.95094865
18.48525362 15.18683113 12.02175773 10.55189166 10.16356162 10.29227972 11.19549411 12.89875307 15.57499956 18.00206019 18.87101963 17.94696928 16.78922033 16.70957899 17.02747626 17.11230923 17.0728892 17.01986731 17.09363664 17.17479654 17.2639284 17.34990674 17.41317901 17.51002544 17.57617361 17.63441883 17.67801834 17.68142842 17.65640977 17.61367874 17.61679959 17.66538513 17.69633945 17.69516342 17.65879227 17.62664041 17.60992928 17.54460266 17.43861113 17.29712638 17.16785098 17.07649563 16.97426126 16.89168421 16.78641288 16.64147866 16.48909715 16.32456061 16.23063102 16.14960434 16.03272185 15.91352408 15.79474198 15.71151663 15.65613195 15.76095942 15.9391867 16.26746278 16.88282098 17.64772019 18.44798314 19.39818683 20.1079856 20.34718771
18.68819577 15.64515472 11.75519168 9.963150182 8.974523819 8.827685141 9.670889601 11.50591796 14.82810411 18.00938512 19.0442243 17.80778006 16.48803788 16.46525222 16.7199623 16.84194398 16.91539973 16.81116649 16.89261689 16.98619004 17.06185712 17.11674667 17.14498625 17.25032259 17.32072453 17.37783429 17.41137297 17.39368803 17.36963397 17.31251845 17.30273373 17.33675843 17.33882903 17.34184927 17.29931573 17.27491997 17.27914316 17.20606487 17.10652115 16.95324957 16.82102628 16.73763983 16.62291226 16.54353335 16.4221597 16.25530457 16.08745996 15.88298293 15.7919601 15.73253278 15.64527969 15.56258759 15.50058652 15.49341153 15.50375033 15.70520783 15.96088544 16.4470661 17.33862908 18.18832204 18.96124151 19.78155164 20.39983387 20.621154
-9999 16.67074584 12.98233445 10.22159169 8.317373417 7.442236427 8.111419679 10.14680856 13.77793103 17.29539661 18.65343111 17.5520521 16.28768896 16.17674613 16.48682978 16.58217814 16.59574529 16.6061607 16.69915494 16.81463973 16.94822692 16.97020504 16.96249021 17.0717915 17.15770449 17.19658059 17.19670968 17.14476402 17.12247757 17.08036426 17.05386308 17.05317955 17.03339349 17.03571215 17.01588185 16.99242449 16.98854003 16.9323353 16.80907329 16.64934751 16.51266827 16.41301113 16.30879268 16.24223178 16.1496552 15.98088085 15.75715844 15.51555941 15.4318104 15.32949943 15.26400239 15.24410869 15.21970533 15.29803939 15.46138869 15.75996575 16.0468367 16.72741617 17.7595878 18.98119763 19.80839125 20.14326825 20.4745714 20.71932419
-9999 -9999 14.94384935 11.39241591 8.006231601 6.4719293 6.855411222 8.81670271 12.50558449 16.24999563 17.82692318 17.08391943 16.09960745 16.05229568 16.26657011 16.32337956 16.30354215 16.29197323 16.40324077 16.52213796 16.66104229 16.78472883 16.89279325 16.99852188 17.07159537 17.09326643 17.05496269 16.97464779 16.94981955 16.90455004 16.87385537 16.8563244 16.8161339 16.81922151 16.7992556 16.77027101 16.75736421 16.68169199 16.55592972 16.39430583 16.25180785 16.16289402 16.05116513 15.99069283 15.90374692 15.75135875 15.56376581 15.3418324 15.26721007 15.15729848 15.08733952 15.08739904 15.05771167 15.14595748 15.34270897 15.65052822 15.96589326 16.70571302 17.84533483 19.25443268 20.10042314 20.26027475 20.45363329 20.68400429
-9999 -9999 -9999 13.22095619 8.039118928 5.572659116 5.708625693 7.553630126 10.99711533 14.80112192 16.71494287 16.55923854 16.18588809 16.16130059 16.08318611 16.07026803 16.05831747 16.03630524 16.16374394 16.29482242 16.4261893 16.55491389 16.65536471 16.79768506 16.9092551 16.98767353 16.96581898 16.860312 16.81145986 16.79660348 16.74735001 16.69377564 16.66031232 16.64433772 16.641477 16.59361116 16.5240281 16.42790482 16.30497722 16.18796528 16.06560859 15.95758633 15.84939514 15.77357153 15.68777361 15.58603622 15.49509856 15.38404033 15.30282018 15.22865958 15.15992648 15.08034964 15.04408518 15.10584121 15.13669766 15.44167334 15.78773913 16.37149682 17.69907273 18.98980838 19.80699826 20.09708562 20.25804094 20.42834385
-9999 -9999 -9999 14.35224385 8.536551732 5.576805658 5.160499833 6.684595051 9.713033555 13.10803733 15.23630553 15.9997741 16.21616454 16.32808924 16.14841472 16.06920842 15.97592872 15.94403647 16.06619723 16.17915638 16.29116417 16.39373298 16.46436948 16.59866677 16.67838271 16.72956991 16.73872508 16.70597966 16.69076655 16.65965633 16.59104717 16.50810451 16.43122062 16.44797166 16.45787888 16.39320282 16.2744683 16.12962999 16.04909821 15.97722646 15.88930146 15.81372735 15.7153666 15.6446847 15.57628998 15.52210686 15.50893417 15.47344463 15.40493234 15.30811674 15.24313609 15.21683048 15.1542283 15.17280219 15.21541128 15.50642563 15.88906636 16.46241443 17.56099464 18.68680947 19.44234038 19.74104626 19.86123512 20.00867669
-9999 -9999 -9999 15.17702271 9.230983912 5.949631547 5.362527307 5.910079899 8.161744857 11.18262803 13.31309437 14.78088235 16.4129581 16.37683414 16.18159331 16.18351374 15.98913035 15.98055051 16.00964214 16.12942302 16.23680971 16.30709726 16.34054679 16.46947369 16.50644945 16.52153889 16.50961888 16.40070609 16.44141295 16.40859836 16.35978536 16.29857641 16.1647572 16.24966413 16.23532184 16.21892231 16.10336713 15.81355419 15.79305565 15.79961707 15.73340082 15.6795118 15.62362916 15.53232136 15.50128538 15.49384421 15.51708551 15.4667243 15.316249 15.22820105 15.16309461 15.06325691 15.10053519 15.26372119 15.42906416 15.80017004 16.19432788 16.68719233 17.64970582 18.54739434 19.11284706 19.32353604 19.34486986 19.41150207
-9999 -9999 -9999 -9999 11.16565074 7.924085145 6.16644297 5.73927788 6.801767659 9.107812543 10.98644225 12.81601934 14.69834219 15.69779818 16.28166771 16.54254415 16.15592036 15.87013324 15.92561393 16.16529845 16.31248159 16.37661378 16.37745695 16.48690049 16.5235588 16.5197746 16.47248613 16.35052657 16.33116936 16.27021415 16.21333775 16.16912669 16.08251099 16.13456737 16.11692092 16.0568801 15.9720129 15.82996728 15.73781407 15.67395831 15.58262067 15.52583279 15.48432652 15.40945832 15.38199313 15.32784917 15.27179221 15.23673281 15.17688225 15.13141049 15.08883976 14.99869755 15.08280815 15.37444321 15.8039896 16.31207968 16.79630234 17.30686144 17.99927078 18.5944637 18.9103692 18.98502862 18.89414404 18.83535599
-9999 -9999 -9999 -9999 13.6246591 10.52900007 7.63861314 5.354145491 5.099204124 6.333204557 7.856370283 9.687097948 12.09307167 13.9761734 15.98773362 16.87142979 16.03856411 15.52117479 15.93461621 16.30653579 16.52252246 16.56852247 16.52148557 16.62801597 16.68435088 16.65098591 16.56706471 16.44043983 16.33416973 16.23809902 16.16499835 16.15687038 16.18416702 16.16023075 16.19293667 16.07423093 15.84790685 15.63902084 15.4465875 15.35032496 15.26029142 15.22001108 15.20999544 15.12511828 15.04165744 14.9977313 14.95827039 14.9145064 14.9631589 14.99656006 14.99668729 14.90537403 14.98218201 15.48502738 16.25371138 16.91448113 17.3913555 18.08373914 18.43193726 18.68302345 18.78656441 18.72873547 18.5904359 18.35064764
-9999 -9999 -9999 -9999 -9999 13.48740199 9.149964199 5.338164907 3.617224022 3.537909553 4.237730846 5.833208459 8.298035416 11.13935084 14.0373148 15.70711924 15.81811812 15.79473039 16.15117936 16.64129676 16.90397466 16.87657917 16.80995761 16.86517532 16.87173191 16.80690041 16.69343162 16.50127079 16.4026547 16.28704751 16.18860174 16.13020275 16.10071096 16.18236875 16.23552884 16.07674416 15.74844241 15.38632595 15.10817615 14.91095353 14.77235407 14.74124734 14.7297499 14.72363448 14.70032009 14.69825253 14.71068752 14.72172787 14.78670172 14.83145109 14.86447808 14.80997339 14.94407372 15.41520422 16.12340856 16.86475673 17.58554426 18.22780053 18.52474416 18.64176791 18.66945464 18.56638772 18.34711451 18.03814962
-9999 -9999 -9999 -9999 -9999 16.26760478 10.76082799 4.712278379 2.92758103 1.41749191 0.912364085 2.07671959 3.262494902 7.697969319 11.59568114 13.96638113 14.8792658 15.84803979 16.29844005 16.92291283 17.44129815 17.3910283 17.16818554 17.4354045 17.21480405 17.0808835 16.9281508 16.62394962 16.61828695 16.46680849 16.31180782 16.15737273 15.96285359 16.071856 16.24120265 16.03170527 15.57330609 15.08944744 14.78245449 14.48643793 14.30482752 14.29325525 14.2595591 14.32823321 14.38943682 14.46220001 14.54464146 14.57305229 14.67762497 14.70792621 14.78678011 14.76696476 14.82586498 15.43023444 15.91651877 16.66557566 17.62560853 18.27036883 18.45954663 18.51996387 18.47213934 18.35320125 18.1699345 17.75745793
-9999 -9999 -9999 -9999 -9999 -9999 13.30492044 8.699014954 4.515458462 1.079689123 -0.533932432 -0.142483245 1.634143266 4.652093768 8.308183453 11.04173183 12.44841376 14.0296629 15.17297495 16.70024037 17.69363678 17.88745913 18.27256032 18.05794416 17.90832187 17.70196763 17.32943056 17.11703943 17.08062757 17.03595416 16.81838613 16.46090967 16.10048066 16.02838342 15.97613153 15.71919431 15.37312871 14.9415513 14.59587629 14.29191634 14.08717622 14.02507064 13.99310862 14.05610324 14.13746209 14.27401961 14.47821094 14.61173381 14.640909 14.61308999 14.74540442 14.91610286 15.25500557 15.8476049 16.52639935 17.19997917 17.80770358 18.13174448 18.26256969 18.24214674 18.17228366 18.05666281 17.83512079 17.44972306
-9999 -9999 -9999 -9999 -9999 -9999 15.77426253 12.7578712 7.154089779 1.589577832 -1.121793763 -1.017655105 -0.09081253 1.694505436 4.220265509 6.523918265 8.462797406 11.00739462 12.23335768 14.81002857 16.42823295 16.81142252 18.75378636 18.24337455 18.26636815 18.2319869 17.7607742 17.58125194 17.62075642 17.7258466 17.49079108 16.97393565 16.3060573 16.14558565 15.82827383 15.47010216 15.18949246 14.82228761 14.50642851 14.21501521 14.01028514 13.93452812 13.81511404 13.91692751 13.96831474 14.09308974 14.37869769 14.69647868 14.57805049 14.51687196 14.79171077 15.21346722 15.69362703 16.44490643 17.26045571 17.79725931 17.86781582 18.05144826 18.03759393 17.95998071 17.85703503 17.73138384 17.51996838 17.04912872
-9999 -9999 -9999 -9999 -9999 -9999 -9999 15.304622 9.759973054 3.404132711 -0.319808287 -1.178704474 -1.035274103 -0.965171237 -0.603177037 0.581688321 2.30355685 4.541379804 6.816308372 9.306172438 11.61529421 13.27091642 15.05152354 16.47394059 17.8065022 18.46544929 18.16223213 17.99358441 17.93542343 18.02649173 17.93792615 17.75305684 17.37839637 16.69176277 15.93280173 15.34183806 15.026488 14.75725694 14.47908097 14.24835548 14.09445207 14.05875673 14.0191004 14.02537867 13.97820244 14.06766611 14.25960545 14.34059058 14.47906721 14.58716018 14.99075395 15.62440183 16.32538285 16.8812228 17.35959962 17.60130647 17.62151618 17.6553874 17.71551075 17.78988739 17.65001565 17.34858026 16.99603197 16.56687505
