meets/meet004/data/CCSM_0k_neotropic_bio11.asc
NCOLS 154 
NROWS 168 
XLLCORNER -112 
YLLCORNER -55.5 
CELLSIZE 0.5 
NODATA_value -9999 
[rows 29 to 57 of 168, columns 64 to 127 of 154]
-9999 -9999 -9999 -9999 -9999 -9999 -9999 -9999 -9999 -9999 -9999 -9999 -9999 -9999 -9999 -9999 -9999 -9999 -9999 -9999 -9999 -9999 -9999 -9999 -9999 -9999 -9999 -9999 -9999 -9999 -9999 -9999 -9999 -9999 -9999 -9999 -9999 24.41657078 -9999 -9999 -9999 -9999 -9999 -9999 -9999 -9999 -9999 -9999 -9999 -9999 -9999 -9999 -9999 -9999 -9999 -9999 -9999 -9999 -9999 -9999 -9999 -9999 -9999 -9999
-9999 -9999 -9999 -9999 -9999 -9999 -9999 -9999 -9999 -9999 -9999 -9999 -9999 -9999 -9999 -9999 -9999 -9999 -9999 -9999 -9999 -9999 -9999 -9999 -9999 -9999 -9999 -9999 -9999 -9999 -9999 -9999 -9999 -9999 -9999 -9999 -9999 24.44790492 -9999 -9999 -9999 -9999 -9999 -9999 -9999 -9999 -9999 -9999 -9999 -9999 -9999 -9999 -9999 -9999 -9999 -9999 -9999 -9999 -9999 -9999 -9999 -9999 -9999 -9999
-9999 -9999 -9999 -9999 -9999 -9999 -9999 -9999 -9999 -9999 -9999 -9999 -9999 -9999 -9999 -9999 -9999 -9999 -9999 -9999 -9999 -9999 -9999 -9999 -9999 -9999 -9999 -9999 -9999 -9999 -9999 -9999 -9999 -9999 -9999 -9999 -9999 -9999 -9999 -9999 -9999 -9999 -9999 -9999 -9999 -9999 -9999 -9999 -9999 -9999 -9999 -9999 -9999 -9999 -9999 -9999 -9999 -9999 -9999 -9999 -9999 -9999 -9999 -9999
-9999 -9999 -9999 -9999 -9999 -9999 -9999 -9999 -9999 -9999 -9999 -9999 -9999 -9999 -9999 -9999 24.63877902 -9999 -9999 -9999 -9999 -9999 -9999 -9999 -9999 -9999 -9999 -9999 -9999 -9999 -9999 -9999 -9999 -9999 -9999 -9999 24.44605824 -9999 -9999 -9999 -9999 -9999 -9999 -9999 -9999 -9999 -9999 -9999 -9999 -9999 -9999 -9999 -9999 -9999 -9999 -9999 -9999 -9999 -9999 -9999 -9999 -9999 -9999 -9999
-9999 -9999 -9999 -9999 -9999 -9999 -9999 -9999 -9999 -9999 -9999 -9999 -9999 -9999 24.93271298 24.90351568 24.75728964 -9999 -9999 -9999 -9999 -9999 -9999 -9999 -9999 -9999 -9999 -9999 -9999 -9999 -9999 -9999 -9999 -9999 -9999 -9999 -9999 -9999 -9999 -9999 -9999 -9999 -9999 -9999 -9999 -9999 -9999 -9999 -9999 -9999 -9999 -9999 -9999 -9999 -9999 -9999 -9999 -9999 -9999 -9999 -9999 -9999 -9999 -9999
-9999 -9999 -9999 -9999 -9999 -9999 -9999 -9999 -9999 -9999 24.74109663 24.92771848 25.02957924 25.12905452 25.13916074 24.97218341 -9999 -9999 23.9983954 23.68619565 23.43122296 23.24923857 23.05211351 -9999 -9999 -9999 -9999 -9999 -9999 -9999 -9999 -9999 -9999 -9999 -9999 -9999 -9999 -9999 -9999 -9999 -9999 -9999 -9999 -9999 -9999 -9999 -9999 -9999 -9999 -9999 -9999 -9999 -9999 -9999 -9999 -9999 -9999 -9999 -9999 -9999 -9999 -9999 -9999 -9999
-9999 -9999 -9999 -9999 -9999 -9999 -9999 -9999 -9999 25.34290594 25.40046973 25.58043041 25.57684679 25.35438352 25.20300179 24.92281469 24.467243 24.02057943 23.78744994 23.34473633 23.04675565 22.95793183 22.59497822 22.95126253 -9999 -9999 -9999 -9999 -9999 -9999 -9999 -9999 -9999 -9999 -9999 -9999 -9999 -9999 -9999 -9999 -9999 -9999 -9999 -9999 -9999 -9999 -9999 -9999 -9999 -9999 -9999 -9999 -9999 -9999 -9999 -9999 -9999 -9999 -9999 -9999 -9999 -9999 -9999 -9999
-9999 -9999 -9999 -9999 -9999 -9999 -9999 -9999 -9999 26.74208176 26.66849384 26.25730786 25.81542303 25.27627141 24.82729414 24.42360814 24.18485425 24.05822857 23.74938774 23.53616838 23.44189336 23.4103884 23.44150072 23.6733512 23.8416968 24.09088056 24.40387568 24.59191781 24.86359674 25.0366363 25.08169571 25.01226045 24.86832556 24.64428319 24.42369455 -9999 -9999 -9999 -9999 -9999 -9999 -9999 -9999 -9999 -9999 -9999 -9999 -9999 -9999 -9999 -9999 -9999 -9999 -9999 -9999 -9999 -9999 -9999 -9999 -9999 -9999 -9999 -9999 -9999
-9999 -9999 -9999 -9999 -9999 -9999 -9999 -9999 -9999 27.63498385 27.3743649 26.71425188 25.95219346 25.03809755 24.26133819 23.78310867 23.68902664 23.7780908 23.56496397 23.61488488 23.78656295 24.12874276 24.54001599 24.95288913 25.17600108 25.40859801 25.63271012 25.78804519 25.83292598 25.96459345 25.86373701 25.55299594 25.36386591 24.93898875 24.60507909 24.44139599 24.41051213 -9999 -9999 -9999 -9999 -9999 -9999 -9999 -9999 -9999 -9999 -9999 -9999 -9999 -9999 -9999 -9999 -9999 -9999 -9999 -9999 -9999 -9999 -9999 -9999 -9999 -9999 -9999
24.8235569 24.93172688 25.07942707 25.32968661 -9999 -9999 -9999 -9999 26.89350432 26.8918945 26.59648997 26.08259046 25.48688692 24.50176087 23.4821279 22.80096213 22.60312814 22.81565171 22.74769736 22.99191979 23.69101413 24.73038191 25.85808243 26.28103326 26.60380034 26.78607796 26.69217801 26.65478574 26.49999986 26.33410669 26.06465553 25.72872411 25.3552076 25.0185075 24.74084402 24.55060049 24.50556676 24.51606681 -9999 -9999 -9999 -9999 -9999 -9999 -9999 -9999 -9999 -9999 -9999 -9999 -9999 -9999 -9999 -9999 -9999 -9999 -9999 -9999 -9999 -9999 -9999 -9999 -9999 -9999
24.83862931 -9999 -9999 25.16771328 25.50176129 25.72620413 25.78579021 25.95862853 25.9786778 25.96738487 25.7345159 25.2966875 24.67711889 23.68840375 22.31204162 21.36761025 21.09827185 21.2865474 21.45999341 22.11074815 23.25099453 24.88841434 26.53894403 27.14668071 27.49350963 27.69128099 27.42917845 27.3207723 27.0070999 26.66883407 26.32644819 25.94981931 25.52812301 25.21109662 24.93928601 24.72098506 24.67783596 24.66252248 -9999 -9999 -9999 -9999 -9999 -9999 -9999 -9999 -9999 -9999 -9999 -9999 -9999 -9999 -9999 -9999 -9999 -9999 -9999 -9999 -9999 -9999 -9999 -9999 -9999 -9999
-9999 -9999 -9999 25.0597651 24.74975478 24.63182232 24.70035578 24.70943445 24.80633893 25.03028279 24.7815354 24.29895154 23.75996198 22.27892249 20.57975993 19.61469241 19.11475061 19.29160938 20.38422675 21.37538962 23.0265543 25.10786273 26.41784444 27.2555865 27.77672037 27.88890143 27.76476188 27.61622416 27.02649463 26.86017302 26.44222491 25.96355474 25.89334223 25.28098642 25.03936205 24.84942608 24.66696871 24.82949355 24.73849888 24.82840632 24.88878994 -9999 -9999 -9999 -9999 -9999 -9999 -9999 -9999 -9999 -9999 -9999 -9999 -9999 -9999 -9999 -9999 -9999 -9999 -9999 -9999 -9999 -9999 -9999
-9999 -9999 -9999 24.88823887 24.28688202 23.92669572 23.73321511 23.5481369 23.61087169 23.65486571 23.3122315 22.7581329 21.79071516 20.08049793 18.55388856 17.79859727 17.72909867 18.3853447 20.35203934 22.25153686 24.14348742 25.4666484 26.19206591 26.82262792 27.2754454 27.5134493 27.35837999 27.03897002 26.30808088 25.94318762 25.4730814 25.04604529 25.04605591 24.56070827 24.42724087 24.31661821 24.23560566 24.43020683 24.36960988 24.52489556 24.65494273 24.76118823 -9999 -9999 -9999 -9999 -9999 -9999 -9999 -9999 -9999 -9999 -9999 -9999 -9999 -9999 -9999 -9999 -9999 -9999 -9999 -9999 -9999 -9999
-9999 -9999 -9999 -9999 24.23076742 23.56898581 23.03169207 22.29237655 21.98600206 21.72531846 21.00972733 20.03933635 18.63967713 17.62068546 16.43495098 16.31830481 17.07480118 18.40289321 21.37178088 24.39206028 25.6135527 25.81002211 26.05522228 26.31858686 26.59936728 26.52900953 26.06096172 25.61003179 24.75412435 24.00890576 23.50294307 23.27698094 23.06928541 23.02697492 23.10778263 23.15744375 23.24595519 23.42933311 23.5129229 23.74809124 24.04420193 24.33047132 24.78232925 -9999 -9999 -9999 -9999 -9999 -9999 -9999 -9999 -9999 -9999 -9999 -9999 -9999 -9999 -9999 -9999 -9999 -9999 -9999 -9999 -9999
-9999 -9999 -9999 -9999 -9999 23.47397682 22.52778763 21.34981894 20.50817962 19.77849829 18.85167869 17.97783978 16.84338424 16.03227179 15.33076309 15.79223289 17.20102478 19.32728865 22.56397068 24.60754338 25.66325491 25.65793146 25.50883851 25.46529825 25.42150612 25.07741601 24.44622222 23.62750688 22.90719224 22.35068302 21.88860412 21.62091949 21.37425902 21.42897134 21.56382398 21.71392767 21.91170945 22.1292878 22.32811632 22.60258469 23.03570128 23.54419022 24.13461337 24.55839011 -9999 -9999 -9999 -9999 -9999 -9999 -9999 -9999 -9999 -9999 -9999 -9999 -9999 -9999 -9999 -9999 -9999 -9999 -9999 -9999
-9999 -9999 -9999 -9999 -9999 23.47542777 22.09503731 20.51864536 19.14768212 18.14502837 17.16350355 16.60015314 16.0793313 15.47594965 14.98004413 16.03110316 18.14415102 20.66090084 22.90421418 24.17578878 24.9218709 24.96395996 24.66959045 24.42106351 24.00388891 23.39983412 22.43102254 21.29735776 21.03943801 21.03210959 20.68778969 20.20819012 19.92651778 20.00051262 20.07166026 20.31800668 20.62861104 20.74431113 21.09567711 21.30968435 21.83968933 22.51390726 23.20133997 24.04404561 24.74502969 -9999 -9999 -9999 -9999 -9999 -9999 -9999 -9999 -9999 -9999 -9999 -9999 -9999 -9999 -9999 -9999 -9999 -9999 -9999
-9999 -9999 -9999 -9999 -9999 23.40765903 21.72086489 19.82535704 18.19132814 17.03319801 16.14491247 15.8198202 15.66413845 15.61817128 15.9067512 17.29887732 19.58539925 21.78088134 23.052433 23.79885354 24.26984728 24.27799887 23.90459755 23.54304303 22.87566424 21.8829965 20.74405451 19.74905052 19.50380223 19.41591615 19.1532 18.85249792 18.58428895 18.822297 19.07658357 19.40854286 19.80923594 19.94132075 20.15417836 20.23015194 20.76546241 21.59578965 22.48832056 23.53499615 24.40382576 24.95926945 25.09735214 25.09409924 25.06300477 25.09201598 25.13261093 25.15687674 -9999 -9999 -9999 -9999 -9999 -9999 -9999 -9999 -9999 -9999 -9999 -9999
-9999 -9999 -9999 -9999 -9999 23.39033401 21.40902765 19.03697142 17.46476056 16.22233762 15.45443411 15.37846055 15.44812061 16.18676887 17.16073641 18.87382748 21.05004074 22.50983675 23.26264235 23.62768084 23.80610387 23.71818504 23.41729234 22.83423448 22.01107202 20.72396597 19.60550878 18.51310537 18.25127484 17.94559846 17.7205703 17.60605284 17.35684766 17.95157952 18.50806548 18.99710451 19.40021988 19.60463389 19.60883984 19.43992984 19.93026825 20.95474099 21.92680574 23.08765014 24.0983854 24.68515264 24.76495768 24.71665045 24.65246188 24.57999529 24.59919965 24.71216758 24.93630903 25.08103693 25.39527596 -9999 -9999 -9999 -9999 -9999 -9999 -9999 -9999 -9999
-9999 -9999 -9999 -9999 -9999 23.31823731 21.23639158 18.90310354 17.16831874 16.08804931 15.44297836 15.39851539 15.96741485 17.11520735 18.70233117 20.45957615 21.89422838 22.8637925 23.44579336 23.59363134 23.61500533 23.41929848 22.90768356 22.41811415 21.42255366 20.2875482 19.36861858 18.31855736 17.9567549 17.48480974 17.25273471 17.31071865 17.26119196 17.95936943 18.46564844 19.07861451 19.80469186 19.88106593 19.87378027 19.455223 19.85555427 20.90958428 21.86959604 22.98922122 23.74883361 24.25412663 24.4005509 24.31229457 24.22983021 24.11094018 24.07819019 24.09632789 24.24279245 24.45750021 24.78773911 25.11941445 -9999 -9999 -9999 -9999 -9999 -9999 -9999 -9999
-9999 -9999 -9999 -9999 -9999 23.29130006 21.05453929 18.61821942 17.06973975 16.12343128 15.69345864 15.80837976 16.3907261 18.18486171 20.2097614 21.71204446 22.57357687 23.32835794 23.59615891 23.65219881 23.55464884 23.21431307 22.66137307 22.35000001 21.4205992 20.58838614 19.91945552 18.67135721 18.65113838 18.05475236 17.88340787 18.14055894 17.7372605 18.83039563 19.26562224 19.98610745 20.96100939 20.96222985 21.24935788 20.46467764 20.65520616 21.75468154 22.24446035 23.12664655 23.63970054 23.93212891 24.02023046 23.95849447 23.82340464 23.65432068 23.55929259 23.48521335 23.41580299 23.70817857 24.01671135 24.48461923 25.09474967 25.67507631 -9999 -9999 -9999 -9999 -9999 -9999
-9999 -9999 -9999 -9999 -9999 22.80839932 20.71559648 18.52709159 17.0947378 16.44654227 16.23973634 16.53535426 17.58484273 19.3558698 21.38283314 22.6058607 23.11363613 23.3490804 23.51391034 23.52898646 23.47009057 23.30326254 22.97971196 22.7339167 22.41943803 21.94742614 21.44701949 20.94499578 20.45691963 20.161438 20.05819815 20.15535104 20.38182025 20.67962406 21.08940017 21.72180496 22.54378288 23.21120811 23.34079618 23.32074744 23.40898464 23.46887652 23.70380222 23.71173078 23.69629225 23.69397496 23.67510256 23.5675488 23.44792728 23.21846881 23.09350498 23.05390578 23.01851464 23.13395215 23.33554211 23.86517263 24.69689448 25.37391752 -9999 -9999 -9999 -9999 -9999 -9999
-9999 -9999 -9999 -9999 -9999 22.14792962 20.22217343 18.11358375 17.26874254 16.83207543 16.84387744 17.44584229 18.44786218 20.31262504 22.2704726 23.32604993 23.29182777 23.14330678 23.23606651 23.16831917 23.1572449 23.20607815 23.27405963 23.19331665 23.4334564 23.23501678 22.82787852 22.76678588 21.8873157 21.63713185 21.49343781 21.46282208 21.98926463 21.84561076 22.19885492 22.79453435 23.62672354 24.98183448 24.6314887 24.95883993 25.00546693 24.63008179 24.92240407 24.1298444 23.7261892 23.52812697 23.44444341 23.33895261 23.27079552 23.0039584 22.89081543 22.91352767 22.7732707 22.86519101 22.87862359 23.40099386 24.39974664 25.24076686 -9999 -9999 -9999 -9999 -9999 -9999
-9999 -9999 -9999 -9999 -9999 20.83862818 19.49047155 18.30325029 17.57908839 17.42814333 17.76197176 18.53471419 19.58980063 21.01247042 22.33812072 23.11041634 23.18733939 23.03744858 23.06309542 23.09838369 23.15987844 23.23687165 23.32930841 23.45237307 23.58768755 23.49894089 23.2170669 22.9432065 22.48968356 22.29352677 22.18497187 22.18877699 22.45341311 22.56783219 22.91879349 23.36494485 23.84792797 24.40290024 24.59392843 24.70730545 24.689995 24.49872885 24.33394434 23.93691788 23.68828248 23.52001142 23.48434866 23.47585902 23.40123036 23.28157255 23.18462469 23.12450537 23.05722765 22.9436432 22.95763659 23.40234751 24.22858371 25.02648211 -9999 -9999 -9999 -9999 -9999 -9999
-9999 -9999 -9999 22.03922254 20.47673908 19.04376148 18.43898204 18.18545636 18.10019051 18.31231095 18.87568956 19.73176148 20.65939021 21.56707698 22.37091797 22.89858661 22.97888716 22.95871664 23.07790465 23.15117398 23.23157153 23.30761518 23.36088768 23.476748 23.55768074 23.44135453 23.14106068 22.83042375 22.59354302 22.49306974 22.42843795 22.4497456 22.68003491 22.90621939 23.24093826 23.53216557 23.65716313 23.77780591 23.99279082 24.02253715 24.00559125 23.89829089 23.63855015 23.55269833 23.51744459 23.50322441 23.61541612 23.66944759 23.62804268 23.59144842 23.50008638 23.38065545 23.33562733 23.14140822 23.0702515 23.41022318 24.0804922 24.86442917 25.33462505 -9999 -9999 -9999 -9999 -9999
-9999 -9999 22.4484409 20.62058762 18.61508464 17.44337231 17.45157959 17.96451857 18.84593452 19.93630008 20.74870284 21.2060443 21.71129532 22.14955145 22.50214141 22.7749994 22.91306589 22.99858617 23.15379143 23.27259129 23.37427678 23.42791656 23.46683129 23.5736699 23.61511134 23.49522487 23.22072182 22.93981533 22.70462723 22.55289977 22.52495295 22.62919899 22.83974546 23.12245715 23.40128679 23.58685332 23.6501323 23.63501975 23.67217398 23.60387692 23.4681738 23.39771183 23.30583282 23.35030129 23.43629285 23.54342387 23.69734276 23.80786402 23.75878314 23.66371371 23.56294844 23.44981448 23.35887811 23.21440525 23.17944225 23.41590131 23.84246411 24.35088955 24.979915 25.53473548 -9999 -9999 -9999 -9999
-9999 -9999 21.403974 19.45491283 17.20127153 16.35806529 17.06094538 18.01746536 19.53931248 21.25236757 22.16000316 22.25838039 22.48704329 22.51994938 22.54329121 22.7206967 22.88983278 23.06314726 23.2342938 23.39435306 23.51692112 23.55416879 23.58932363 23.68166909 23.73203579 23.61827969 23.35993472 23.0277281 22.78802782 22.64754755 22.63886726 22.7759784 22.99933166 23.29796231 23.56999414 23.72175285 23.70167447 23.47145593 23.41484185 23.21118793 23.09618551 23.11051566 23.07366435 23.20182415 23.3828292 23.5483006 23.68522584 23.76866781 23.64389433 23.47614205 23.36314043 23.27950891 23.23010833 23.19757891 23.19769466 23.38099243 23.63763186 24.0049039 24.75309085 25.40900313 -9999 -9999 -9999 -9999
23.51633492 22.04766373 20.14290589 18.26295242 16.7729108 16.44297177 17.21071261 18.66852072 20.27997703 21.84271398 22.77019621 22.82881244 22.66645573 22.67842835 22.67488436 22.72732557 22.87382348 22.98183983 23.23127314 23.42103196 23.5666264 23.65246407 23.70260484 23.79467202 23.81834334 23.70713894 23.45692997 23.16138205 22.98765354 22.85728076 22.88285086 23.05823907 23.25997714 23.54420285 23.77049203 23.86357473 23.74399408 23.50308658 23.33237396 23.11624362 23.01326302 22.99290125 22.98167741 23.17067387 23.34845528 23.48454161 23.56721627 23.54805418 23.44772085 23.27924445 23.17186062 23.12775738 23.11177089 23.11103586 23.17035258 23.35442321 23.60210661 24.03242992 24.65397198 25.34211957 -9999 -9999 -9999 -9999
22.50099861 20.88285281 18.94231694 17.57147413 16.63966758 16.60393009 17.60820668 19.08703618 20.69184557 22.27645632 23.16260271 23.09371874 22.92665432 22.96521782 22.93276935 22.98776446 23.08082169 23.13009864 23.33740167 23.50238635 23.61518405 23.6773533 23.7024049 23.75914865 23.77849017 23.714319 23.56136342 23.39854909 23.33362837 23.28035902 23.32764859 23.47889272 23.62407927 23.82039299 23.98647821 23.98608923 23.84220642 23.62929948 23.45492443 23.23922999 23.13211668 23.12585376 23.11324628 23.28916564 23.44106714 23.46404424 23.46864291 23.38919149 23.2821612 23.1310348 23.03656453 22.99968549 22.99632214 23.04132906 23.14932515 23.37474733 23.63475385 24.02044271 24.53642705 25.10172743 25.54057312 -9999 -9999 -9999
21.14905401 19.74276853 18.21739252 17.26281031 16.77545858 17.05119917 17.95381689 19.24772673 20.95902986 22.51712713 23.38101098 23.43268442 23.34272259 23.32575059 23.39872362 23.43670791 23.43899766 23.53594328 23.57456144 23.63748141 23.68891321 23.69149797 23.70124857 23.71509239 23.72156207 23.71907824 23.71023299 23.73767196 23.74560297 23.87358977 23.94610001 23.9494138 24.06239464 24.10620607 24.15156302 24.07813696 23.94228594 23.79968801 23.6409148 23.52089374 23.44661261 23.43423669 23.49262957 23.56959768 23.57119526 23.52227791 23.43873756 23.2952523 23.20420111 23.07108239 22.97887773 22.92070763 22.88324765 23.00384628 23.16470832 23.4031376 23.68399385 24.00665405 24.32005588 24.60936437 24.95716266 25.33836061 25.65154956 -9999
