meets/meet004/data/CCSM_0k_neotropic_bio04.asc
NCOLS 154 
NROWS 168 
XLLCORNER -112 
YLLCORNER -55.5 
CELLSIZE 0.5 
NODATA_value -9999 
[rows 87 to 115 of 168, columns 64 to 127 of 154]
-9999 -9999 -9999 -9999 -9999 -9999 -9999 -9999 -9999 126.4862492 102.2459539 89.05290068 93.97973667 115.8018365 136.3551785 155.8674602 176.2317749 192.0695156 190.2067077 183.8293537 180.8796061 178.5225108 174.6365554 173.9834658 174.9760964 171.3968682 165.6618619 162.9375756 156.7754955 152.5232591 152.1081482 155.1946991 161.3704324 163.5460426 165.9338698 167.0911565 166.2662659 165.3759163 165.4006601 163.8647584 162.2388555 161.2785148 157.9597697 154.2082691 153.163879 155.3824049 159.0716933 164.5685032 169.6182848 175.4546207 179.6776416 181.6697351 183.5451025 184.2736806 186.4756217 190.6511419 195.1062771 200.8542014 205.3169793 210.742213 215.1828014 217.311927 221.03288 224.7831948
-9999 -9999 -9999 -9999 -9999 -9999 -9999 -9999 -9999 -9999 -9999 101.4201984 70.7719375 83.40394379 98.89216915 122.1918972 153.0470973 182.5022701 190.2135116 189.793609 188.6514095 187.3235495 183.4023884 185.9840928 192.0656947 187.0824951 177.1882239 172.885601 166.5783637 163.255879 162.8025493 165.4610846 171.9588476 171.0748136 170.6492401 169.7477477 166.636638 164.7423938 163.264851 160.0796457 158.5720151 159.5606341 158.8382387 158.0534455 159.9400004 163.1535665 166.8193171 172.2372027 175.1375866 179.2811007 181.8904777 182.136043 183.7757978 184.5090748 187.2956656 191.5521294 196.2428898 204.1835929 211.5078915 221.2446213 228.1786248 230.320218 234.3493215 236.9286871
-9999 -9999 -9999 -9999 -9999 -9999 -9999 -9999 -9999 -9999 -9999 -9999 -9999 89.57546904 76.51340189 88.98161255 122.7118204 157.6205485 177.4102653 199.214786 208.9145878 200.6687421 197.9602267 199.7439567 198.7898476 194.6705169 189.3584853 184.2800479 175.4050618 169.7052477 170.2396631 170.9762889 170.6877712 173.1322595 173.470031 171.8213643 170.3406463 167.7010568 166.3721695 164.8888321 163.7697155 163.4667156 163.9478144 165.2680931 166.7778981 169.062122 170.6045302 173.0911006 177.0709537 180.3697128 182.18314 182.1936026 183.3488447 186.9406656 188.8630657 193.3408543 197.2723494 201.3875448 214.2305882 227.2475286 235.8907305 240.1219702 243.4644719 245.7231569
-9999 -9999 -9999 -9999 -9999 -9999 -9999 -9999 -9999 -9999 -9999 -9999 -9999 -9999 -9999 84.44693753 95.50812104 119.372302 146.5266279 184.3033376 206.4349513 210.3203945 211.6082521 213.1756505 212.8044815 208.2356602 202.7164003 197.2907427 188.1843067 181.4952447 179.9530386 179.7582767 177.4435244 178.1699364 177.9836741 177.0615189 175.8652222 174.3786838 173.6162945 172.5123805 171.935909 172.6068308 173.7249317 173.0229062 172.6357863 173.1624804 173.4104296 175.3132484 178.4195864 181.5637707 183.7335254 184.0303404 186.2676632 192.2412291 197.699194 202.9623242 206.1275283 208.7729695 220.2423566 232.5606211 240.8031463 244.6670383 248.3598149 250.2907861
-9999 -9999 -9999 -9999 -9999 -9999 -9999 -9999 -9999 -9999 -9999 -9999 -9999 -9999 -9999 -9999 -9999 65.61694934 101.1884796 149.2820825 183.7378033 206.4371749 225.3559414 231.237419 229.2020402 226.3029358 217.2905417 208.2202337 206.2764342 211.6711687 207.6993957 198.8389867 194.5286725 192.4765199 187.8329394 186.0921675 186.6796267 185.7031291 184.474478 182.954521 182.513524 184.1142472 184.2264846 181.1154553 177.0844364 175.6970165 177.2016205 179.4354695 181.6958326 183.7968899 186.0340025 187.085209 191.2341949 201.0973552 214.0106353 221.5248754 222.4221374 226.3825277 231.337346 237.6901712 243.5072092 247.1170973 250.3834348 252.8459543
-9999 -9999 -9999 -9999 -9999 -9999 -9999 -9999 -9999 -9999 -9999 -9999 -9999 -9999 -9999 -9999 -9999 66.95677391 74.98089133 110.5236092 147.5618011 188.0922694 223.2209862 242.5615204 247.443477 245.7094894 231.5879475 221.8716312 221.4357988 229.454656 227.4329856 220.4955568 217.6631388 213.439294 208.4151053 204.6884959 202.6196799 200.908654 198.3321693 196.4974652 195.2836414 195.8369317 194.7920242 189.4420978 183.3824473 180.827753 181.6646608 183.9515383 185.7269794 187.3321738 189.6673941 190.8955653 197.1909949 209.8480799 225.9472561 235.2731002 236.6834062 238.7928135 241.0773526 245.0253982 248.4090167 250.1793947 252.4904624 254.8786075
-9999 -9999 -9999 -9999 -9999 -9999 -9999 -9999 -9999 -9999 -9999 -9999 -9999 -9999 -9999 -9999 -9999 -9999 -9999 75.46248897 108.0232389 162.9878919 218.383344 246.2767988 262.2084579 265.0699323 246.6793724 230.4534813 227.0851009 231.8873865 234.0152234 238.9839292 245.7834916 239.2914995 233.4871578 228.1734475 221.7021772 218.0419026 215.0133417 211.8327002 208.9430997 208.5669524 206.5225631 198.6268672 191.2041136 187.5965603 188.0510539 189.5289187 191.0758334 191.9002385 193.9915259 195.6538475 200.8041521 215.0597687 232.715898 242.5788844 243.4007278 245.6817831 247.4705423 251.327961 253.113886 252.3136298 254.3236601 257.6808273
-9999 -9999 -9999 -9999 -9999 -9999 -9999 -9999 -9999 -9999 -9999 -9999 -9999 -9999 -9999 -9999 -9999 -9999 -9999 73.68476622 96.44272171 142.6188397 193.8115548 239.7983344 271.6973208 280.4337999 259.4106351 236.0591906 227.1297179 229.2648771 234.7115697 248.2581166 260.2300834 256.687482 248.7324919 243.2405174 238.3555459 235.8137013 232.1343423 229.0728722 224.3044763 219.6434097 214.3687871 206.4081459 199.6081746 195.9505682 195.7719289 196.8262951 197.6813293 198.572238 200.2986922 201.3391497 205.9719839 216.8367606 230.3872558 239.2969298 242.580397 245.3067385 247.3370774 249.3140345 251.1420174 251.4930757 253.9248613 259.4430451
-9999 -9999 -9999 -9999 -9999 -9999 -9999 -9999 -9999 -9999 -9999 -9999 -9999 -9999 -9999 -9999 -9999 -9999 -9999 -9999 95.59438885 128.4307482 169.8763692 231.4174282 283.6754001 298.8695042 271.0831564 238.138013 227.00623 223.6625471 232.0499823 253.8908322 273.6460884 267.8275292 257.4433366 253.391862 253.3858697 253.1178154 249.8428804 247.3146279 240.0663974 230.2664629 221.416082 213.863617 208.2920932 205.0967473 205.0284793 205.5867069 206.9779504 207.6753801 208.5017159 208.5783133 210.6589708 217.6710253 225.177665 232.5466058 238.9635522 242.995261 245.7516399 245.2999748 247.9578673 251.7928732 252.7929933 263.6276784
-9999 -9999 -9999 -9999 -9999 -9999 -9999 -9999 -9999 -9999 -9999 -9999 -9999 -9999 -9999 -9999 -9999 -9999 -9999 -9999 97.38524554 122.9174486 167.3007352 233.3488768 297.4995216 316.0502643 284.4894649 245.5391698 225.5503942 220.9467879 230.0034694 256.5581482 277.2609424 276.5795289 267.3531314 265.2844963 266.9346289 268.0532509 265.6286532 260.4238489 251.1664951 238.8376486 228.201956 221.0919487 217.5789553 215.1303878 214.7803182 215.8538191 218.7793138 221.429436 221.1713615 217.3183726 215.0869016 218.9439806 225.1401478 231.1807281 236.5130548 241.0132156 245.8136271 249.6346773 254.4630293 258.5723601 263.8955351 272.2180476
-9999 -9999 -9999 -9999 -9999 -9999 -9999 -9999 -9999 -9999 -9999 -9999 -9999 -9999 -9999 -9999 -9999 -9999 -9999 -9999 99.35029642 121.90302 163.7680613 241.5655053 319.3954923 338.1030865 293.3519725 247.6087929 225.5130401 217.0239426 227.7102123 259.6980382 288.1443313 286.6140083 278.4782387 278.3032547 281.9919487 283.7307369 278.552794 271.7635429 261.2611878 247.7425675 233.3542308 230.8313809 228.5335941 226.4443387 225.9947928 226.3485339 231.8992797 237.3365513 235.8095874 226.2857147 218.6305713 223.1770358 228.6470302 232.8432421 236.7710226 240.1514213 246.5725002 255.4882495 262.2363455 266.0103185 276.244963 280.8893621
-9999 -9999 -9999 -9999 -9999 -9999 -9999 -9999 -9999 -9999 -9999 -9999 -9999 -9999 -9999 -9999 -9999 -9999 -9999 -9999 104.5288199 132.3285495 184.1617293 255.5313763 320.5133905 335.0456937 294.5804656 247.6584252 223.3901842 217.7875793 230.5709245 265.2991955 293.4865448 297.7512152 291.0105059 291.6624035 295.9862258 296.1648772 289.0896211 277.6801844 267.6221621 259.7791344 252.469447 245.5723449 240.4653427 237.7798214 238.1173724 240.5459534 245.0344474 248.2562265 246.0935108 237.782712 230.4093565 231.4796887 234.8248226 237.3258863 239.2037875 241.1074964 246.5295253 252.6094753 259.8478208 266.9643303 274.8661198 284.2358449
-9999 -9999 -9999 -9999 -9999 -9999 -9999 -9999 -9999 -9999 -9999 -9999 -9999 -9999 -9999 -9999 -9999 -9999 -9999 -9999 107.6281568 147.219459 203.5357537 271.339083 326.9222251 335.4001279 289.2754573 241.2267236 223.3181698 218.5789296 234.4553816 274.9341383 309.1030239 311.0582936 304.4743563 305.1830772 309.4819995 311.540008 300.170975 285.6354176 276.3747027 274.3200714 272.3105974 260.6290393 252.6029263 249.4584042 250.8964782 254.8028142 258.1367556 260.6833409 259.0851947 252.2145478 243.387165 245.9132339 246.2590507 246.0247394 245.533152 243.6739701 248.1661859 251.2721425 258.5588626 268.6136231 274.2710665 287.2890737
-9999 -9999 -9999 -9999 -9999 -9999 -9999 -9999 -9999 -9999 -9999 -9999 -9999 -9999 -9999 -9999 -9999 -9999 -9999 -9999 112.066775 164.2704566 231.0950479 292.2284143 332.2524425 333.054571 288.2702466 242.9891685 224.7048643 227.1269271 247.4870921 288.9071445 321.7875345 327.2238852 319.3306628 318.9635955 321.7548901 320.8642195 313.7684912 303.8637807 295.0596749 288.6758016 281.8748341 272.9480712 265.3391596 262.1092708 263.5982651 267.4014629 271.3202611 274.9208865 275.3324254 272.5253263 269.5646154 266.9428356 264.6315127 261.6580941 257.738395 255.1911667 257.4717674 261.6122871 268.7676641 278.7518757 287.7325989 294.4100384
-9999 -9999 -9999 -9999 -9999 -9999 -9999 -9999 -9999 -9999 -9999 -9999 -9999 -9999 -9999 -9999 -9999 -9999 -9999 -9999 113.1097929 180.5633659 259.6707983 311.5347213 342.0987003 338.0620243 288.0407184 242.3059699 228.8715715 235.8245266 259.7854341 305.0346919 342.3691998 345.565158 335.444937 333.3136616 334.4501719 333.0535029 326.704737 320.2805535 311.5364121 302.3058689 293.4601424 284.7743275 277.3962067 274.0500351 274.9685475 278.9913641 282.4508465 288.4818211 291.1820305 291.0292181 292.7992035 286.7665108 283.1792564 279.1927181 273.167004 270.0100404 273.236742 277.4851123 284.1985564 293.2734744 301.8436518 302.794379
-9999 -9999 -9999 -9999 -9999 -9999 -9999 -9999 -9999 -9999 -9999 -9999 -9999 -9999 -9999 -9999 -9999 -9999 -9999 95.82773092 122.548107 196.0521045 273.7782935 328.3233218 351.2479229 342.2962478 294.4448113 251.162915 236.2011165 245.9935689 272.526567 318.6172297 356.2101052 360.6782773 351.8301426 349.0215837 346.8678721 344.5308165 337.7723746 329.3015935 321.4343056 315.5881682 308.6378597 300.3958764 293.1485757 288.3654786 286.2574271 287.222934 292.3850093 299.595465 302.9232146 303.185442 302.9142227 299.1913531 296.6571342 293.2493306 289.0264178 289.9875306 290.0463427 296.066717 300.6866796 304.132114 308.971797 306.135164
-9999 -9999 -9999 -9999 -9999 -9999 -9999 -9999 -9999 -9999 -9999 -9999 -9999 -9999 -9999 -9999 -9999 -9999 -9999 96.96689637 129.6830831 212.4957332 296.0561062 346.5924385 364.0169754 352.2634134 299.5289121 255.449962 242.0463673 255.5204831 281.986729 326.5889635 365.8300274 368.3260521 361.5089408 359.856772 356.7900766 354.7715949 347.1877812 338.8783258 332.1925686 328.9468592 324.4955639 316.9645608 310.0887347 303.9203248 298.6729774 296.5511896 301.0352321 308.0962904 310.5849451 309.3504933 308.6398166 303.9744154 303.021301 300.4947104 297.5927731 300.3264399 298.8512899 304.4280333 307.5558416 306.7023335 309.3783953 303.7690123
-9999 -9999 -9999 -9999 -9999 -9999 -9999 -9999 -9999 -9999 -9999 -9999 -9999 -9999 -9999 -9999 -9999 -9999 -9999 100.7265091 145.8192298 236.6373066 322.5670635 372.0907526 382.6577806 364.2334083 307.5755088 257.8366851 249.4481034 267.7926143 293.2117097 328.6268189 355.758049 366.3537943 363.5108533 363.7786873 364.078776 361.8215148 356.5760508 350.2571025 345.7864018 343.7435142 340.7960666 334.7897214 327.5011243 320.2470577 313.4891466 309.5716529 310.6071839 313.9203068 313.6569263 311.0683412 307.6249766 305.2299543 302.552032 300.637579 298.9952116 297.4158106 298.5443944 300.0014577 299.4846333 299.9772122 298.5072618 291.060893
-9999 -9999 -9999 -9999 -9999 -9999 -9999 -9999 -9999 -9999 -9999 -9999 -9999 -9999 -9999 -9999 -9999 -9999 -9999 110.8286826 165.8842328 266.2745719 357.0794576 402.2887967 405.8655749 382.0953748 316.8635864 263.0731753 256.8846828 279.1716862 303.6206574 334.6818622 358.2467127 369.1833257 366.8201794 368.2202502 369.6510274 368.6247541 365.1548248 361.4594138 358.1173464 357.4187248 355.7414876 350.1880817 344.2245801 336.849033 328.4206419 321.8452667 318.6747581 317.6267828 314.7421431 310.478686 307.190812 306.4947166 305.3581389 303.8867086 302.0413753 298.7424065 298.6625711 297.4342452 295.1133045 292.2565707 284.2787535 271.3286446
-9999 -9999 -9999 -9999 -9999 -9999 -9999 -9999 -9999 -9999 -9999 -9999 -9999 -9999 -9999 -9999 -9999 -9999 -9999 127.1795366 196.1502355 303.7201472 396.7545025 433.4750719 430.9156114 400.3156464 328.3584402 274.2359635 268.0659291 290.1406133 314.2343636 348.3753075 374.2645509 378.9870876 373.1473434 373.2662446 374.4234195 375.2105872 372.8630953 369.9793622 369.0699542 369.7175667 368.6406455 365.5450628 359.9564334 352.2385921 344.2598284 335.41111 326.6626004 319.2055133 313.437871 310.9886889 309.0424123 311.036806 314.0765485 313.8294735 311.8397279 308.6202907 305.8671863 303.0144657 293.7343257 283.5634823 270.3267294 247.4732477
-9999 -9999 -9999 -9999 -9999 -9999 -9999 -9999 -9999 -9999 -9999 -9999 -9999 -9999 -9999 -9999 -9999 -9999 -9999 150.2972223 226.893858 336.0468898 426.2670474 456.2716834 445.5704124 412.0283885 341.29797 288.6549408 282.9002385 306.7172757 330.7051039 363.2054614 387.0692885 390.0090693 381.8317391 379.6447332 378.9993857 379.1656696 377.7788493 377.5328865 378.7234723 381.5042302 382.7486505 380.7465497 375.7945037 367.6623559 358.0637269 347.4665905 335.1598429 324.3146995 317.7353943 315.3730279 315.5937069 318.7930356 322.7457178 323.1161992 320.9855169 317.2613687 313.7106311 306.1650797 290.8596405 270.5297149 248.5759609 225.5278467
-9999 -9999 -9999 -9999 -9999 -9999 -9999 -9999 -9999 -9999 -9999 -9999 -9999 -9999 -9999 -9999 -9999 -9999 -9999 173.1400762 256.420209 365.3194651 451.5926353 469.003558 450.2288213 414.2935449 346.3014666 301.0959946 301.9502031 326.7238607 351.3994236 381.4327114 399.9879533 402.157804 391.5329761 387.0593947 385.4569679 381.8728989 384.5086522 384.993456 388.1720494 395.7960646 399.353084 396.4333685 391.1637265 382.4866653 372.1501608 359.4418709 345.0658146 332.7459496 324.8064441 323.7326927 325.5211799 327.1888607 329.6453333 329.7576737 328.3132551 324.2016621 319.6803383 309.8211935 286.3607682 254.8588326 222.9246468 -9999
-9999 -9999 -9999 -9999 -9999 -9999 -9999 -9999 -9999 -9999 -9999 -9999 -9999 -9999 -9999 -9999 -9999 -9999 -9999 195.5062464 280.0459993 382.2027516 455.4821512 466.3864021 437.5466719 401.7684407 345.9455397 312.8472035 321.8397372 354.6090721 380.8655363 405.0856577 417.4333942 416.1075964 404.3483025 398.9096508 396.9710357 395.7234238 398.2684324 400.6541177 403.9903642 409.5116908 412.0316098 409.3178387 404.1120972 395.2774226 384.7559698 372.0620279 355.6718871 341.4943565 332.7990432 331.2841364 333.2742506 334.2491071 335.8805721 335.4281544 334.0479849 329.7070375 325.0910963 312.7318521 285.7380346 248.621574 217.5735929 -9999
-9999 -9999 -9999 -9999 -9999 -9999 -9999 -9999 -9999 -9999 -9999 -9999 -9999 -9999 -9999 -9999 -9999 -9999 153.2288895 220.0784448 303.4484711 403.48469 465.3782781 458.0281125 417.4524514 383.192305 339.9978491 315.5874644 345.4056141 389.1547631 417.4343262 434.8750765 441.7271887 436.8129369 422.0558245 415.9977998 417.2920617 416.0992333 418.8200309 422.424724 423.682913 423.8800702 422.5419339 419.3086486 414.6401123 405.9264614 396.5571618 385.1319652 366.3475551 348.9688253 339.233628 338.6183776 339.5528106 340.1042757 341.2952544 340.2212597 339.14304 335.7061698 329.0214888 318.5226683 289.5650763 250.1342494 218.5987494 -9999
-9999 -9999 -9999 -9999 -9999 -9999 -9999 -9999 -9999 -9999 -9999 -9999 -9999 -9999 -9999 -9999 -9999 -9999 185.5507598 270.5340857 353.1163341 432.4042061 469.0513894 448.9538998 395.8713586 363.3842628 338.9093267 338.8472664 373.4036638 420.6232103 450.822402 465.7702004 467.9761484 461.3801866 449.2889737 443.4668346 443.2930558 443.4709506 441.1460927 438.7424216 436.2392016 434.5866423 432.1344369 426.5522377 419.6993615 410.6686862 402.4113978 390.8748741 374.1013956 357.4331939 347.1517877 344.7707439 344.6771282 344.7969182 344.7875043 343.0199399 341.0951204 336.3268838 331.9674662 320.9011483 292.7677015 253.7630937 223.586316 -9999
-9999 -9999 -9999 -9999 -9999 -9999 -9999 -9999 -9999 -9999 -9999 -9999 -9999 -9999 -9999 -9999 -9999 -9999 235.8915266 339.0083734 413.2403398 464.774659 494.1494916 440.2470646 372.4105915 348.7814021 348.9436949 361.2490812 407.8298754 457.2299392 485.3508848 495.6542777 497.9292076 489.0973602 479.104087 473.2366201 471.8790267 473.1276608 462.092649 451.7456602 445.4137927 444.5969578 442.1011549 434.510449 424.0880596 414.7502351 408.7018098 396.9697852 383.8221788 367.6460456 357.4276298 355.2590053 350.5581763 351.2799346 349.5671601 345.9764926 343.2893431 336.7455126 332.7294982 324.9132381 297.3171356 257.6302093 225.1977028 -9999
-9999 -9999 -9999 -9999 -9999 -9999 -9999 -9999 -9999 -9999 -9999 -9999 -9999 -9999 -9999 -9999 -9999 -9999 300.1294716 405.9970424 466.7611789 480.2897541 460.2150883 415.1480726 365.9607048 356.439463 380.2972359 416.7959607 456.1265485 489.9939116 512.2956175 519.7549873 519.0001949 511.8848403 503.2181149 496.8709983 494.1186787 490.0475312 477.6824579 464.8044054 456.4482953 454.2442068 451.2424862 443.9519434 434.3063449 424.9811375 418.1436726 409.2707069 398.0987502 386.4191073 376.6575265 370.8876282 365.9769839 361.8559472 357.9687726 352.0804813 346.3404337 340.0055273 335.452475 326.713828 299.6456349 261.2795451 232.6024982 -9999
-9999 -9999 -9999 -9999 -9999 -9999 -9999 -9999 -9999 -9999 -9999 -9999 -9999 -9999 -9999 -9999 -9999 252.140536 358.6428344 469.688497 513.8195701 478.705636 433.9788218 401.9436527 366.8537318 374.8234003 427.3982082 480.1328507 503.9409625 523.8603229 538.0635388 539.852801 539.6113279 530.5829607 522.1655454 515.1352772 511.2143524 506.3180193 492.2448926 476.9728416 467.6743951 465.6720951 462.6208562 454.4543106 446.3819126 437.6699731 431.0630524 423.9724729 413.5775854 406.7508789 397.3187993 388.3260478 382.5086975 373.5785582 367.45427 359.8085338 352.4236825 342.3085524 332.6009661 325.3629987 298.2210965 260.5212922 -9999 -9999
-9999 -9999 -9999 -9999 -9999 -9999 -9999 -9999 -9999 -9999 -9999 -9999 -9999 -9999 -9999 -9999 -9999 288.6036236 394.2830641 489.272327 520.9478952 480.5209436 429.0653308 407.881953 407.1893792 429.4798527 477.571876 522.9673387 543.9047969 551.3420826 557.1184895 555.8921198 552.7590558 544.4321082 535.8551459 528.6253899 524.6989375 518.9378674 506.0749633 492.5508679 482.1357437 476.9389289 472.3743415 464.9878922 457.6049475 449.0914435 441.6294944 434.7242084 426.6396032 419.7771918 410.2142378 400.5207387 391.7037779 382.5286684 375.4166055 364.5508975 354.8660408 342.2988578 323.4155225 302.5979923 277.1571987 -9999 -9999 -9999
