meets/meet004/data/CCSM_0k_neotropic_bio07.asc
NCOLS 154 
NROWS 168 
XLLCORNER -112 
YLLCORNER -55.5 
CELLSIZE 0.5 
NODATA_value -9999 
[rows 58 to 86 of 168, columns 64 to 127 of 154]
11.4164924 14.27169707 15.56376666 13.97887699 11.48541985 10.17561772 9.70544821 9.76354609 9.65614932 9.79274461 9.84941727 9.64861489 9.46988798 9.54911519 9.70839322 9.74225388 9.66647715 9.61964905 9.67100722 9.75384426 9.76390183 9.70507125 9.66980833 9.70273678 9.78460687 9.82179885 9.79211479 9.75537239 9.8056155 9.90098764 9.93075069 9.91352903 10.00530554 10.1855863 10.51420556 10.98505074 11.52454998 12.10357367 12.57255979 13.12633211 13.69294811 14.11450922 14.53570446 14.63644178 14.7962882 14.74364941 14.81190174 14.86551162 14.49147146 14.05230096 13.42673439 12.78977845 12.28113274 11.67678299 11.26135819 10.88125298 10.60889448 10.41135468 10.09671539 9.88777347 9.134933 7.971708 6.90863121 -9999
12.71878996 15.09546679 16.38565869 14.16180073 10.67297056 9.39308336 9.52783552 9.93913545 9.99675708 10.08563326 10.12291918 9.89145023 9.71186531 9.81034105 9.93188503 9.96181074 9.90550598 9.82465208 9.91159056 10.00922474 10.02111988 9.97587498 9.9063202 9.89110818 9.87721347 9.83557703 9.7963918 9.77433154 9.84065935 9.87855747 9.98718175 10.06844454 10.17804191 10.53030522 10.88074909 11.42419144 12.07833298 12.71213746 13.1186568 13.5028929 13.92460489 14.29434542 14.66236938 14.82742046 14.99002847 14.78318477 14.59807075 14.47964142 13.97590457 13.26040332 12.61560854 12.09313925 11.5211576 11.23307141 10.97715614 10.75845028 10.67932319 10.62355836 10.56398117 10.66391824 10.59870069 10.40855674 10.53759306 9.82220251
12.66650449 14.83667695 15.65116249 13.62452686 10.33341606 9.37304762 9.6113816 10.12245373 10.26893527 10.3120981 10.34809616 10.17204308 10.03534141 10.12863978 10.25938973 10.28172872 10.20218671 10.11973934 10.17903379 10.26274588 10.2783191 10.24092767 10.18626597 10.17282583 10.14977949 10.08633969 9.9879123 9.93855546 9.99031456 10.07064524 10.234535 10.42476421 10.6706582 11.03508916 11.43232946 11.98333591 12.5570723 13.10344085 13.47945187 13.80253353 14.14438659 14.42899738 14.63731788 14.63589452 14.53111259 14.19527766 14.10289661 13.86551995 13.36130655 12.6953583 12.14723107 11.77205133 11.41485135 11.16951028 10.95208993 10.84324342 10.90876258 11.05195378 11.10495691 11.34802335 11.49014032 11.61348272 12.03923746 11.87136436
11.85230635 14.1739318 14.89582469 13.30801016 10.42537427 9.64141164 9.94342191 10.35298438 10.46744233 10.52066842 10.5741119 10.488385 10.38361077 10.53061041 10.68583057 10.699756 10.58154647 10.45526144 10.50936886 10.55012007 10.55930779 10.5489653 10.47687559 10.48843779 10.43992678 10.38121488 10.2972156 10.1660569 10.25167866 10.36017999 10.60518119 10.9078459 11.29381499 11.73102304 12.16592838 12.62951723 13.03497704 13.40113769 13.76235649 14.03591835 14.25189958 14.426783 14.49748104 14.25858585 13.79635063 13.50619902 13.51260961 13.25724085 12.81784432 12.31768901 11.90483103 11.78500817 11.73737376 11.40608189 11.21067277 11.19281864 11.26762716 11.44732284 11.56807894 11.64930209 11.91889062 12.18185797 12.40688295 12.59528947
10.84757094 13.51214007 14.51699503 13.3625546 10.79289576 10.13598487 10.33062294 10.62943236 10.7165344 10.82170615 10.90600051 10.88069632 10.86037892 10.98066617 11.1042497 11.1092253 10.99326566 10.87606052 10.88732515 10.9202384 10.92191634 10.90861245 10.85642731 10.84742609 10.81262648 10.77279786 10.7265968 10.6827168 10.71326411 10.77905166 11.05705184 11.41541319 11.87887774 12.3552005 12.84301911 13.29118436 13.6002812 13.85818283 14.04615645 14.16115235 14.24970757 14.31626225 14.20227646 13.90443478 13.4340218 13.06141541 13.05669923 12.85135191 12.51505914 12.09307774 11.8102261 11.72970497 11.67320894 11.48198913 11.36014533 11.38742306 11.55533639 11.80224162 11.93157575 12.07590884 12.27204313 12.47398049 12.69003843 12.77666018
10.20951789 13.23848253 15.27626311 13.61122367 11.13032821 10.63127254 10.81239298 11.05578844 11.10046693 11.2148107 11.30779094 11.30642436 11.34761779 11.43075219 11.53583671 11.54180479 11.43412765 11.31281844 11.36250087 11.38276938 11.37484344 11.36164227 11.29732631 11.28802007 11.26143738 11.23635356 11.24278037 11.279651 11.27645144 11.34312519 11.50741349 11.89909082 12.39915135 12.89506478 13.43385553 13.87874084 14.16605539 14.48079448 14.47075263 14.40315125 14.36675845 14.34351491 14.13094069 13.88601683 13.48865374 13.10282668 12.90639729 12.75382147 12.35018563 11.93958555 11.70584868 11.62232129 11.51463571 11.45360182 11.38302115 11.47738616 11.74728515 12.10441277 12.21368184 12.44130452 12.64433519 12.76106562 12.94237592 13.06515757
11.06237415 13.3560129 14.48325567 13.47334059 11.46073479 11.03810878 11.34356489 11.66991387 11.66469468 11.55130691 11.61494622 11.73924519 11.81086053 11.87731258 11.8805843 11.90614943 11.9392145 11.93246251 11.96576057 11.94909029 11.92949268 11.90974407 11.84682449 11.82307625 11.77747413 11.7422356 11.72118063 11.72498364 11.78062271 11.87477644 11.98855232 12.30689929 12.76840524 13.25103986 13.75102627 14.2001157 14.53414816 14.74823349 14.75607219 14.64265973 14.56757987 14.52003457 14.37842655 14.1533041 13.81030266 13.41363749 13.06040183 12.59959712 12.20634759 11.88099346 11.67555841 11.62935045 11.57042986 11.53482088 11.50100055 11.60210948 11.82265563 12.04983937 12.26031087 12.4508127 12.6789353 12.88679754 13.11788884 13.29706978
12.32119044 13.67193286 14.50948201 13.47039828 11.83100884 11.59927935 12.15968491 12.5780324 12.37795765 12.08504966 12.01127321 12.25524869 12.35292073 12.41751627 12.31324901 12.35065268 12.53555367 12.62948422 12.64852063 12.60278862 12.57475431 12.55797972 12.46106751 12.44093452 12.35800132 12.28476673 12.22791209 12.14169564 12.26633081 12.38048194 12.48368376 12.68543314 13.07352468 13.55872214 13.9908 14.41811914 14.76230138 15.02912322 14.99897658 14.87056384 14.78789573 14.76437881 14.74277847 14.45384406 14.18839185 13.77260965 13.25462433 12.57207109 12.29520482 11.94304695 11.78215883 11.79731047 11.72693061 11.7463889 11.72046833 11.81340654 11.97740724 12.01344726 12.35537116 12.4789155 12.82340264 13.34523947 13.63867097 14.08563232
12.9891637 14.00177643 14.33243723 13.69616025 12.95625453 12.92096999 13.19979463 13.46431096 13.09950865 12.82881973 12.76769533 12.93726315 13.1140653 13.12589469 13.06429007 13.11012401 13.23133525 13.32649961 13.38066136 13.36497058 13.34106996 13.30622737 13.23306025 13.15807816 13.04907447 12.93607579 12.81480023 12.74345323 12.81411105 12.92306585 13.00099683 13.08779156 13.44052249 13.85305585 14.26424882 14.6478687 14.94680258 15.13195732 15.18682215 15.11577077 15.05438103 14.98785981 14.83844087 14.68350037 14.40973664 14.04991731 13.67521665 13.22142731 12.86943934 12.52243165 12.27564123 12.18725736 12.24090991 12.38230969 12.52537788 12.73406346 12.9849792 13.22466856 13.39356528 13.76750976 14.12656548 14.41198457 14.78316319 14.91823077
13.47978423 14.03953328 14.52435009 14.00865091 13.6277666 13.668937 13.66509344 14.18925295 13.59727002 13.56182522 13.60669896 13.71207743 13.99320053 13.82792051 13.84786691 13.9010754 13.94987801 14.06696102 14.09473145 14.15163494 14.13311452 14.06240141 14.01212306 13.84462061 13.74176697 13.60964305 13.44023537 13.3436627 13.40515149 13.50766287 13.56146121 13.55476885 13.78651471 14.14339651 14.51729956 14.85912858 15.07908009 15.29109418 15.37818196 15.38498086 15.37102015 15.31073948 15.07343834 14.98252738 14.72623343 14.43636753 14.21747137 13.95314049 13.66009761 13.37566789 13.26883142 13.32595871 13.3911039 13.54706393 13.75169988 13.99302023 14.26796661 14.62177379 14.67478143 15.04910256 15.22731461 15.12767313 15.48681104 15.11352436
13.36699052 14.28899212 14.7348007 14.18337554 13.20826118 12.85232658 13.02264753 13.23789992 13.64830037 14.23653944 14.46605737 14.37014947 14.43940198 14.53243399 14.67844023 14.71690659 14.66616659 14.66344426 14.81288826 14.97853804 14.97562614 14.81154916 14.61281482 14.52551983 14.42791846 14.29932285 14.1573392 14.0436268 14.09747228 14.17703146 14.18510036 14.13123872 14.12206626 14.41833839 14.71082693 14.99019355 15.20685464 15.3834814 15.54643785 15.66886269 15.75766552 15.82413681 15.78732326 15.52989956 15.21422559 14.9849239 14.86407137 14.74225968 14.56995962 14.51295301 14.54656195 14.59342244 14.71340548 14.79799033 14.97502469 15.16121473 15.35365125 15.5840815 15.6009065 15.72924959 15.50650543 14.88365823 14.47694813 14.5294716
12.13450945 13.79870672 14.99484784 14.38324631 12.86065481 12.29689566 12.41727491 12.62347523 13.4022299 14.47758797 14.9028968 14.68292422 14.78520113 15.0979492 15.40273503 15.44920259 15.30220197 15.24300582 15.46163129 15.75109305 15.76838322 15.51876856 15.27965645 15.23464478 15.19180151 15.07216769 14.92036501 14.77596751 14.79440536 14.86640794 14.83278267 14.70195981 14.61023828 14.70891791 14.92189785 15.15072627 15.31708445 15.48719366 15.67577818 15.90327516 16.07084679 16.24313125 16.38482404 16.01455344 15.67764359 15.49740328 15.47243561 15.52112848 15.54019132 15.64038966 15.69305281 15.70359609 15.87543019 15.87228618 16.02061329 16.12632085 16.17509751 16.34835382 16.229005 16.01690087 15.43864065 14.3556842 13.744416 14.12367978
8.41389905 12.48008953 15.27015406 14.63202913 12.68397222 12.22121905 12.36410636 12.83263822 13.3974997 14.12172063 14.6893171 14.92383274 15.24389112 15.63534043 15.95119198 16.04490106 15.91597802 15.86571386 16.06577954 16.36110962 16.41815605 16.24798687 16.10656249 16.06370457 16.09369662 15.99763551 15.79155544 15.62630837 15.58573445 15.57081969 15.48262549 15.34825323 15.21113706 15.179522 15.23023925 15.36791538 15.46706172 15.58683916 15.78126272 15.99724736 16.20914529 16.41529175 16.47113409 16.33244092 16.09792452 16.07058548 16.23743094 16.43666771 16.47866283 16.52498695 16.57212009 16.58140203 16.67176591 16.73182238 16.95713409 17.06203967 17.08995732 16.99563527 16.51982361 15.85024633 15.14221752 14.19833718 13.59565373 13.70924336
6.52830896 11.20644165 15.34241701 14.6440928 12.44455987 12.0441482 12.43620672 13.0279145 13.61794584 14.26101064 14.79126386 15.1671519 15.62106357 16.07590257 16.59420093 16.71898394 16.39361937 16.3492189 16.51956649 16.83166635 16.92311921 16.80164063 16.77500584 16.7693035 16.87876955 16.80858986 16.58521951 16.43697878 16.34619024 16.29927097 16.17078724 15.9883869 15.83062587 15.73236664 15.69558907 15.65776549 15.61058301 15.67489772 15.90923352 16.23325998 16.55179307 16.84334478 17.02681485 17.03123893 16.9213787 16.92432065 17.04930349 17.19743059 17.14448509 17.19988041 17.24060122 17.22876235 17.48468102 17.65430818 17.88993247 17.88436464 17.72812997 17.39435089 16.49744647 15.60797833 14.85456366 14.00144248 13.39661282 13.39353009
-9999 9.90153771 14.40542694 13.89299557 11.73588204 11.83166855 12.58628807 13.34261525 14.07814939 14.7994048 15.37262963 15.59919799 16.02158208 16.55918762 17.0188495 17.22339382 16.98383677 16.78837966 16.92028761 17.15372286 17.19802759 17.17435691 17.20706685 17.27345163 17.39350378 17.3966407 17.27948782 17.19251643 17.09817187 17.03512487 16.88227088 16.67638398 16.47444337 16.34180666 16.22855717 16.11353528 15.99346064 15.98759822 16.30026025 16.72143766 17.10470654 17.44953305 17.73307284 17.84971302 17.93606762 17.93194367 17.76413888 17.67134423 17.64060934 17.66401729 17.69389789 17.97871395 18.29567381 18.44549814 18.49925167 18.35590141 18.15542728 17.52523809 16.37512655 15.04812683 14.16062657 13.86105172 13.60094625 13.4138044
-9999 -9999 11.81887982 12.083994 11.49998777 12.2390929 13.07085871 13.81632896 14.65852323 15.50605004 16.06083869 16.16558 16.39365007 16.84882034 17.42512461 17.63802088 17.44786736 17.31155812 17.39403991 17.58018673 17.61272552 17.51278597 17.47637479 17.56754641 17.73960283 17.8057457 17.78225344 17.79216877 17.72321448 17.6791088 17.53296001 17.31109909 17.11742643 16.94368069 16.79588928 16.63430504 16.43784228 16.40250676 16.70083892 17.1677288 17.58838243 17.96255438 18.30195584 18.47765727 18.62747439 18.59476178 18.31789882 18.13799501 18.05154533 18.04897604 18.18998912 18.544148 18.89759722 19.02968711 19.03760873 18.85020648 18.54344181 17.79575181 16.46697316 14.88200967 13.954239 13.84459348 13.76804021 13.73294827
-9999 -9999 -9999 9.5940931 12.02322002 13.76162609 14.19296373 14.34644744 15.14079016 16.22144145 16.76604034 16.57795153 16.66919343 17.08783896 17.66973947 17.93393906 17.83534589 17.80867744 17.81694052 17.90871779 17.93341183 17.8687862 17.88796877 17.93019429 18.04307822 18.08622452 18.1204993 18.24418428 18.19581356 18.1584386 18.0464245 17.87426761 17.73266325 17.50645639 17.36056064 17.17433104 16.93105722 16.90628922 17.1439569 17.53240254 17.93079365 18.31515798 18.66805668 18.82931871 18.89837592 18.86207808 18.70917494 18.58753734 18.4077217 18.34981904 18.62341848 18.984363 19.3041005 19.44908 19.55047464 19.29896137 18.93403845 18.23926612 16.70162731 15.17841347 14.57651335 14.3828147 14.31303137 14.21507101
-9999 -9999 -9999 8.44265811 12.19239465 14.47822432 14.82093679 14.65289162 15.14305721 16.27933572 16.84454057 16.71293637 16.75658594 17.11535079 17.70582961 18.01898294 18.03981472 18.07217893 18.06454864 18.11698045 18.14235415 18.11634235 18.17307667 18.20779901 18.32373305 18.38895841 18.41151616 18.47567156 18.44057027 18.43382669 18.36143677 18.23218555 18.1345395 17.8904503 17.71988115 17.55370152 17.3746633 17.39631805 17.56067097 17.88350616 18.22004789 18.55278188 18.86171683 18.98461052 19.03564583 19.0059292 18.87631656 18.77661239 18.63455899 18.7191091 19.00687785 19.27577596 19.5839394 19.67980303 19.7112255 19.43216439 18.99996364 18.28858723 16.89897636 15.59661671 15.14482373 14.88151502 14.79363513 14.69048434
-9999 -9999 -9999 8.06048935 12.64205205 15.09383297 14.75140514 14.49541143 15.04200136 15.92071011 16.44177872 16.38134437 16.52699047 16.97250286 17.52167969 17.9138929 18.05235906 18.16458541 18.2047747 18.21694063 18.24493014 18.25425023 18.33962814 18.38392859 18.48605074 18.5725277 18.61165982 18.69722954 18.6944746 18.6789126 18.61552483 18.50672768 18.37449279 18.15649788 17.97227297 17.77593326 17.70252007 17.8314177 17.9636325 18.19108677 18.45160583 18.71060131 18.95308871 19.08403336 19.12415035 19.09223275 18.96561982 18.91154915 18.97241195 19.20647765 19.46758664 19.81117405 19.99944585 19.82979764 19.65616873 19.22376725 18.77173899 18.24385263 16.83911209 15.89937006 15.52461977 15.29773067 15.18874596 15.13823647
-9999 -9999 -9999 -9999 11.02371256 13.54040993 14.49152315 14.91607829 15.08766761 14.98177008 15.34886437 15.65764989 16.11968719 16.60018164 17.13131042 17.60404129 17.93730482 18.19238303 18.23813156 18.19039882 18.21461463 18.25948422 18.37968306 18.41747157 18.50700694 18.5969327 18.66315367 18.77895984 18.83839259 18.89566374 18.86935057 18.77428602 18.65438124 18.44435285 18.28575719 18.15312045 18.05689001 18.08560155 18.20735464 18.40131574 18.61781374 18.80367496 18.98768814 19.12422399 19.19211501 19.22359529 19.20290206 19.23031994 19.38151525 19.53484105 19.75118779 20.06698649 20.14002008 19.77185466 19.18925183 18.54046932 17.94670156 17.31987479 16.34194886 15.96295883 15.74693344 15.59823004 15.53739265 15.48937562
-9999 -9999 -9999 -9999 8.35350899 11.04654103 13.85408814 16.04833472 15.45949769 14.15362216 13.89750251 14.48626354 15.61249853 16.01847409 16.58680849 17.24640189 17.804269 18.27401131 18.1516014 18.02142708 18.02984097 18.10861011 18.31780942 18.33258835 18.41047148 18.53047653 18.61967637 18.77923345 18.92930374 19.08362582 19.1196811 19.01299277 18.87539404 18.70010381 18.51545031 18.43165483 18.44502098 18.57474825 18.62930854 18.75646801 18.88444536 18.98633669 19.09673753 19.25048716 19.41363574 19.45869765 19.59944529 19.81318618 19.83851045 19.82576005 19.95723192 20.28456214 20.32276082 19.65997893 18.55653032 17.64874553 17.02200825 16.21220485 16.06271469 15.97328244 15.88128566 15.82384833 15.78470485 15.74681059
-9999 -9999 -9999 -9999 -9999 8.7749849 12.8750924 15.64581129 15.37140947 13.51431988 12.97519542 13.15924586 13.95322148 15.11669124 16.36077315 17.27782729 17.77735921 18.00373664 17.85220849 17.65861013 17.65193312 17.76606106 17.98637881 18.0727194 18.19895827 18.36860048 18.52626862 18.77606742 18.9339161 19.12201018 19.21509356 19.20689429 19.15730081 18.93653058 18.73684409 18.64661333 18.65301034 18.7890042 18.93249163 19.12478505 19.25910696 19.30485809 19.36901227 19.43707598 19.67106526 19.90460959 20.06773631 20.22305907 20.23324989 20.25098238 20.31803072 20.50342612 20.40261337 19.78891016 18.78954683 17.73633714 16.6804332 16.18853838 16.03532281 15.9962568 15.94334733 15.93122821 15.92702203 15.92567945
-9999 -9999 -9999 -9999 -9999 6.83205644 11.56806694 16.16484452 14.93234229 12.65779848 12.44265953 12.79473506 13.0996459 14.00992895 15.97710793 17.07124834 17.31533777 17.62566591 17.48594359 17.21513884 17.21998997 17.31772015 17.557075 17.60643956 17.80281467 18.0408867 18.26933522 18.66746597 18.71985135 18.94773425 19.12449282 19.24820687 19.42665334 19.17983139 18.88860066 18.81722892 18.82450308 18.88195251 19.15362972 19.44860213 19.59227599 19.65034023 19.76175589 19.93914371 20.12809654 20.26629186 20.34993684 20.55148766 20.49665441 20.60973597 20.62163821 20.67419887 20.61402315 19.87968298 19.2153822 18.11612071 16.81073926 16.24322357 16.11691681 16.06697557 16.03402228 16.04270464 16.04094808 16.08138018
-9999 -9999 -9999 -9999 -9999 -9999 9.53437535 12.68194176 13.56853272 12.97504548 13.14839747 13.20311506 13.11484313 13.32082401 14.09040905 14.9131257 15.78944246 16.59706217 16.88135778 17.07849088 17.1291939 16.85236588 16.82807684 16.87912895 17.15421496 17.44513565 17.74699397 18.03387506 18.14094445 18.29053511 18.53686099 18.8555627 19.16905408 19.15382033 19.08253588 19.06555477 19.00744652 19.11006283 19.3055341 19.68446472 19.94308004 20.07074597 20.24439711 20.32926667 20.45507441 20.46844322 20.31556633 20.32177362 20.42461031 20.66727904 20.65766123 20.52818992 20.20875561 19.44809383 18.5640799 17.54787805 16.8014756 16.42721631 16.26868885 16.27985356 16.22776728 16.16324354 16.14541995 16.19587047
-9999 -9999 -9999 -9999 -9999 -9999 7.30307924 10.40801567 12.32113893 13.70519613 14.13437736 13.44815718 13.04052946 12.42320985 12.32852637 12.78713562 13.69078477 15.18925602 15.14577482 15.98927701 16.44557238 15.96110485 15.86274005 16.34170669 16.51633481 16.75556714 17.09686981 17.35028049 17.39778781 17.42438296 17.6898969 18.1379689 18.78074535 18.86316019 19.13704419 19.34638881 19.29318428 19.37859627 19.57102936 19.9254735 20.14621385 20.23818311 20.53666369 20.45850014 20.56609128 20.52776143 20.19214322 19.90215776 20.19076846 20.5103159 20.3688257 19.99679109 19.67899403 18.61364772 17.59420844 17.06901815 16.754414 16.4795078 16.45351676 16.50039633 16.43630041 16.30688085 16.20404776 16.26053838
-9999 -9999 -9999 -9999 -9999 -9999 -9999 7.81807985 11.35149609 14.48555254 15.51340917 13.97678053 12.17824213 11.95600672 11.74661822 11.69324821 11.89283342 11.58874093 12.31926717 12.69097058 13.42859697 14.61262085 15.4239487 15.88623122 16.06076321 16.34579196 16.54562398 16.62790269 16.79243434 16.84909712 16.96387562 17.04301093 17.33233495 18.088842 19.0004638 19.52898406 19.57064339 19.57360962 19.70844467 19.90564112 19.99542716 19.96102393 20.00664062 20.0797183 20.2382798 20.21926443 20.03804753 19.97447948 19.91439567 19.89052689 19.56137888 19.01024994 18.30224266 17.65268497 17.15562614 16.93968354 16.80661117 16.7084135 16.66353248 16.63159528 16.54640818 16.42929073 16.33234669 16.31301342
-9999 -9999 -9999 -9999 -9999 -9999 -9999 6.11258263 10.19811402 15.02081126 16.79365201 14.89065015 12.22175449 13.35471943 13.77842405 13.55448143 12.6769563 11.26768949 11.61394826 11.34180135 11.64884273 13.21917878 14.85005925 15.37074407 15.87557877 16.29020757 16.43773896 16.22878346 16.44387775 16.425337 16.27102396 15.91497394 15.87409958 17.27517937 18.82148261 19.68195797 19.75840877 19.68727138 19.76442016 19.79790751 19.74591744 19.56636685 19.38148872 19.45194092 19.64172181 19.63687137 19.56854033 19.69239509 19.38214559 19.1402018 18.71349479 18.05715418 17.19346505 17.12975508 16.97347378 16.88009759 16.92186398 16.91905219 16.84258383 16.76641123 16.66575445 16.55284626 16.43902976 16.37033319
-9999 -9999 -9999 -9999 -9999 -9999 -9999 6.14977036 8.41520455 12.85042506 15.62404817 16.42422922 16.91385633 16.45216282 16.63700608 16.68648175 15.89050496 15.22710963 13.71078072 12.76013911 12.38266886 12.57312703 13.24422039 14.62722116 16.18695169 16.97146381 16.85725235 16.61449435 16.5197376 16.26809754 15.99759246 15.4594446 15.38559369 16.90180241 18.70633603 19.67472153 19.90648028 19.82298101 19.72290679 19.62571755 19.44419827 19.17894487 18.99055268 18.84920032 18.75440451 18.69363668 18.69266685 18.55992623 18.52096392 18.28177424 17.94140317 17.57279322 17.13809967 17.05476768 16.96143407 16.96322688 17.06302436 17.09586613 17.06502495 16.95466434 16.84197426 16.74220213 16.60832417 16.48976261
-9999 -9999 -9999 -9999 -9999 -9999 -9999 -9999 7.27212584 10.04465998 13.43504772 16.15573047 19.12624706 18.46272618 18.59217231 18.52576196 17.95093767 18.26314782 15.85808238 14.26841439 13.14850781 12.48512799 12.55783706 13.61568817 15.92908225 17.17970792 17.21652096 17.15856513 17.11651548 16.72128901 16.45847449 15.96436305 15.58314071 17.24772391 18.91149678 19.68594678 19.80519895 19.71122089 19.42049746 19.22155453 18.96825571 18.65412418 18.49284977 18.32027559 18.08352065 17.97666587 17.96983786 17.76796381 17.87356869 17.74743388 17.56395022 17.43936931 17.17348564 17.10828612 17.07845857 17.11868494 17.25291499 17.32636113 17.29200582 17.19843645 17.08546512 16.96753221 16.80077702 16.61762011
