meets/meet004/data/CCSM_21k_neotropic_bio06.asc
NCOLS 154 
NROWS 168 
XLLCORNER -112 
YLLCORNER -55.5 
CELLSIZE 0.5 
NODATA_value -9999 
[rows 56 to 83 of 168, columns 64 to 127 of 154]
16.86516302 13.80100729 10.91233477 9.991016344 9.911232133 10.26400905 11.28899952 12.63894656 14.21460004 15.50117345 16.16096895 16.12590418 16.05811506 16.10494386 16.07679364 16.15651409 16.25891357 16.34904472 16.53819727 16.68966013 16.74742633 16.73519684 16.66670311 16.5823325 16.46128724 16.28036116 16.08879996 15.89840689 15.83582465 15.8997207 15.97935446 16.12842526 16.30591697 16.43513224 16.578706 16.60335798 16.49388124 16.42124482 16.40994447 16.34145425 16.34411245 16.33102603 16.30696116 16.45577728 16.57977776 16.66624513 16.68499877 16.6456227 16.51249087 16.27326079 16.20703076 16.25259875 16.31463758 16.44048119 16.58107939 16.79724957 16.85477036 17.06438333 17.49138233 17.97272756 18.29430916 -9999 -9999 -9999
14.58738173 11.84347802 9.508570052 9.185794423 9.854494147 10.7217167 11.59236237 12.69910088 14.36254459 15.88611551 16.68513264 16.85321838 16.84338424 16.80720955 16.85305573 16.88588436 16.87950761 16.98128708 17.0033728 17.03115274 17.03168501 16.93470969 16.8604742 16.7743667 16.69459038 16.60782682 16.55380731 16.56186605 16.5304565 16.63990397 16.73293373 16.7746446 16.90853967 16.94473764 17.00434873 16.97418865 16.91846069 16.86878869 16.81084756 16.79931794 16.7864675 16.79290656 16.83290784 16.88349329 16.88501563 16.84432697 16.73613652 16.48832344 16.38334183 16.23942194 16.21212042 16.2320359 16.25618054 16.43668727 16.60696616 16.83589173 17.00404869 17.20128748 17.3451934 17.44242934 17.66450132 18.00056181 18.29004192 -9999
13.22080342 10.66659822 8.763649356 8.938123816 10.06878387 11.07013128 11.97971878 13.03036974 14.56110143 15.88056872 16.67972417 16.90851057 16.99136063 17.02595347 17.09035329 17.14143307 17.19815111 17.31420902 17.29635965 17.29484589 17.28945409 17.1942534 17.10446252 17.01472224 16.95854659 16.91971213 16.92936536 17.02550468 17.05342884 17.18800792 17.24807263 17.24618825 17.33328853 17.32184128 17.38349564 17.37816511 17.31410736 17.30423158 17.26408684 17.25162368 17.25816357 17.2741612 17.24693866 17.12819056 16.99812456 16.87493162 16.73085989 16.53753069 16.46853458 16.37346123 16.34604804 16.36295057 16.38840366 16.55958009 16.74029835 16.95482751 17.17849025 17.27407787 17.31395559 17.23375439 17.38466522 17.650607 17.86773433 -9999
12.42573537 10.26755896 8.484356691 9.018788384 10.42129038 11.59171611 12.53689739 13.64236797 14.79842125 15.82395431 16.51544138 16.73823078 16.85237379 16.91629283 16.95687933 17.0148429 17.10982145 17.19366218 17.19300955 17.18356064 17.19834667 17.23618205 17.28413321 17.27727273 17.22619111 17.22187411 17.23294875 17.3065329 17.37342838 17.47432232 17.5385317 17.57547837 17.60807892 17.63805201 17.6941942 17.69621001 17.69291627 17.69237192 17.64986913 17.55820565 17.46650859 17.36415131 17.25912637 17.17454964 17.05980886 16.94565541 16.83046864 16.71983321 16.72172042 16.64854538 16.63151022 16.63016302 16.66943835 16.79686944 16.96963823 17.13235748 17.2765281 17.42166913 17.44425141 17.40996886 17.38325936 17.33253913 17.19629167 17.17793548
12.54321459 10.69217767 9.357218259 9.773466022 11.07311571 12.06273886 12.93366612 13.90391349 14.90032999 15.7629131 16.37214722 16.58376157 16.65643092 16.7377123 16.77724493 16.83299275 16.92095114 17.0056861 17.01224935 17.0080839 17.03661733 17.07988804 17.13331043 17.15379635 17.17620434 17.22892245 17.29470965 17.37075626 17.45098406 17.52795439 17.58519549 17.61367372 17.6385124 17.64816922 17.65839339 17.65923976 17.64847609 17.63096946 17.57334293 17.51841339 17.45519763 17.36761751 17.30663819 17.24735853 17.20600071 17.15662713 17.07923635 17.02207864 17.00664261 17.02234472 17.02789888 16.9801787 16.99697787 17.0551433 17.16689878 17.2734668 17.31860634 17.36339039 17.43317004 17.35035683 17.3206231 17.26878154 16.89630499 16.75756641
13.07563589 11.45558306 10.49849858 10.67915344 11.69462652 12.47161091 13.21223398 14.08338398 14.95747583 15.71468052 16.21651536 16.38668392 16.50233481 16.55264796 16.59820332 16.65381247 16.72944825 16.80105391 16.81694185 16.8138005 16.85083253 16.90581669 16.96678733 16.99277503 17.02605742 17.0750457 17.11433925 17.19114125 17.238668 17.28913677 17.33832048 17.3619291 17.38316799 17.39717902 17.40419414 17.41764155 17.44097152 17.46549805 17.40284882 17.34813173 17.31102227 17.27994782 17.27278664 17.29281001 17.3734199 17.36939784 17.30771861 17.37054828 17.26255959 17.29721112 17.27349796 17.14174056 17.14032985 17.03086587 17.02335506 17.00917827 16.99013976 17.04521455 17.05899365 17.15491498 16.99557304 16.87851758 16.77575765 16.39900008
13.6728685 12.0563606 11.28225791 11.21675339 12.10416512 12.77459742 13.44082705 14.19577341 14.97090637 15.62513224 16.08955847 16.24495145 16.29948782 16.37523826 16.4263107 16.48017092 16.54641868 16.60449939 16.61464459 16.61812654 16.65503637 16.70718559 16.76946956 16.7895175 16.8129303 16.84921675 16.87808626 16.93525313 16.98054699 17.03743284 17.08178632 17.09634975 17.11282597 17.10843533 17.11077578 17.11927404 17.13480355 17.15047056 17.12101611 17.10116257 17.07996516 17.05506294 17.07018398 17.08430626 17.14628519 17.16089333 17.133987 17.16222735 17.10564769 17.11747597 17.05132156 16.90392861 16.83662515 16.72409351 16.68835322 16.6454946 16.58461567 16.59941158 16.63529203 16.6993496 16.66636009 16.56402856 16.41596993 16.26019539
13.97239709 12.26012454 11.38655554 11.48466951 12.39033117 12.99150735 13.65080286 14.32683956 15.03740737 15.58583521 15.9685296 16.08011194 16.13021092 16.20235198 16.25124643 16.30347455 16.35958446 16.41992489 16.41678834 16.40841598 16.44376911 16.49274674 16.55959924 16.56088024 16.56186016 16.59127435 16.60984081 16.65141095 16.70552554 16.77339948 16.8205391 16.8276488 16.84440045 16.83380752 16.81044236 16.8081414 16.81346569 16.79900481 16.80861202 16.81406009 16.80406986 16.79465741 16.81655904 16.79241913 16.79954942 16.78145178 16.72266003 16.67368383 16.64194924 16.60682516 16.53115505 16.43664006 16.35371659 16.26858511 16.2462623 16.17525534 16.09794435 16.08277579 16.11961104 16.17486072 16.14422686 16.05311203 15.93440922 15.79444987
13.14387661 11.93559574 11.52891703 11.64585512 12.43895246 13.08309647 13.7619182 14.43098898 15.01588452 15.55626328 15.89724383 15.94117665 15.97382198 16.01793039 16.07665116 16.11515894 16.13759324 16.17264601 16.17179783 16.18478551 16.21270749 16.23758147 16.27711087 16.27990884 16.28480318 16.30485113 16.31305427 16.34830904 16.3803921 16.43299332 16.48354077 16.51548536 16.54433175 16.5302187 16.51158795 16.49976952 16.48437738 16.48105555 16.4662651 16.46882338 16.45238887 16.42520323 16.41328603 16.37443693 16.34732626 16.29291499 16.21622199 16.15188299 16.06863325 16.00889107 15.92226058 15.82610598 15.76047989 15.67953135 15.63931872 15.57946152 15.50942303 15.50943915 15.56222729 15.64720904 15.65344504 15.61740836 15.521996 15.43710276
12.1401791 11.68799073 11.31813003 11.65739509 12.40516797 13.06731791 13.77579348 14.47331392 14.99759326 15.44387651 15.74662584 15.75531424 15.80926408 15.80911713 15.86708515 15.88884391 15.86999281 15.90222795 15.90262513 15.92958119 15.94656205 15.94019904 15.97869167 15.98503245 15.99802151 16.01939719 16.01774206 16.0373109 16.06328038 16.08844474 16.13001195 16.17911569 16.24130416 16.22116079 16.2037809 16.19039866 16.16230842 16.15992212 16.12113625 16.10489092 16.07492648 16.03010588 15.97599411 15.92366974 15.87000502 15.79534159 15.70560601 15.62012171 15.50709759 15.41557687 15.31299407 15.21438558 15.14191315 15.04326084 14.9992074 14.94383763 14.88794445 14.89774322 14.98676854 15.13716467 15.17097861 15.17815347 15.20143011 15.17864914
12.15351264 11.64900859 11.64665952 11.7699566 12.18482291 12.78771231 13.55127312 14.48243252 14.91401144 15.27059005 15.52857347 15.57022708 15.50317154 15.4845405 15.53471144 15.55844277 15.54313881 15.56454279 15.55891813 15.5762406 15.6002158 15.60898255 15.64074509 15.65683652 15.68830383 15.72035281 15.72947843 15.75089377 15.742347 15.74887254 15.78473863 15.82679154 15.8716804 15.86158298 15.84687473 15.83117556 15.80035261 15.78737531 15.73515415 15.70746285 15.65708535 15.59710326 15.55751182 15.45804383 15.38490961 15.28273786 15.17514324 15.08283046 14.94184527 14.82570133 14.69389571 14.57935891 14.49697478 14.40401768 14.34993966 14.29325815 14.25503511 14.27816213 14.40163757 14.51965143 14.69032954 14.9057416 15.00695423 15.19859767
12.29459363 11.91344331 11.70689283 11.33699243 11.5162999 12.07465963 12.93831812 14.22927029 14.71778172 15.11865375 15.38631227 15.3609549 15.15988274 15.12565934 15.14806126 15.16263904 15.15470281 15.19187747 15.19467628 15.20348008 15.23804142 15.26735597 15.30699519 15.3646363 15.39938859 15.43617737 15.45651417 15.4656508 15.45073671 15.42496024 15.43995544 15.47599112 15.5045034 15.50016412 15.47388592 15.44851235 15.42009036 15.38787864 15.31333679 15.26499865 15.201123 15.13380455 15.10226429 14.9783144 14.8875622 14.78025019 14.67057882 14.55358754 14.40957236 14.26329265 14.11583396 14.0069013 13.879246 13.80907842 13.73982378 13.69895146 13.70283561 13.7094705 13.93815371 14.0910204 14.4192082 14.92400662 15.1339866 15.63618158
13.06928069 11.70854962 10.63333197 10.12810273 10.10578991 10.55932432 11.53329275 12.84585922 14.11009044 15.05701669 15.47889015 15.23133562 14.7661265 14.6883411 14.69488906 14.72212108 14.72747251 14.73622008 14.77527314 14.80916799 14.86703699 14.9287468 15.00218409 15.05316037 15.10380096 15.14888693 15.15875857 15.16980714 15.11808174 15.07766779 15.08178276 15.10427526 15.13646171 15.10934114 15.07529872 15.04185937 14.99439251 14.94341819 14.84608836 14.74887567 14.6535843 14.57799367 14.50708024 14.43320396 14.36886072 14.25198483 14.12718093 14.00145332 13.868905 13.74123326 13.59002304 13.4624057 13.33679909 13.2597746 13.19527536 13.19511766 13.26761451 13.38014978 13.65779282 13.98574213 14.60144741 15.50325657 16.09860302 16.25219079
13.85861458 11.6696223 9.433033722 8.547370621 8.416257863 8.865697803 9.980694735 11.48362257 13.59720049 15.21558722 15.82817283 15.25596898 14.48366443 14.35009707 14.39335932 14.3994582 14.40736449 14.37378905 14.44100804 14.48621029 14.55883052 14.65232841 14.73082185 14.80722472 14.85364763 14.89273901 14.90497171 14.89286563 14.84165277 14.76036718 14.74163542 14.76122028 14.77617962 14.74965302 14.69089735 14.64206282 14.59521639 14.52268149 14.41562725 14.27003821 14.15961988 14.09038967 13.97189286 13.93654393 13.8740879 13.7631455 13.64615666 13.4896126 13.41628002 13.30230873 13.16763631 13.06519505 12.88564096 12.85243183 12.7834839 12.81665509 12.99200346 13.19088494 13.62856663 14.13369567 14.80259692 15.8411839 16.67957526 16.76549764
15.01474185 11.92936832 8.788474867 7.340832123 7.004418094 7.184089747 8.313430752 10.1921158 13.03834007 15.57746302 16.442039 15.38672962 14.29635576 14.05050414 14.10936373 14.18937439 14.2375823 14.15560331 14.1956005 14.27142817 14.34367435 14.40454521 14.46544824 14.54890963 14.6077515 14.6501821 14.65017931 14.62581313 14.5448515 14.46154544 14.42986193 14.42059784 14.41140593 14.367871 14.3020271 14.25501772 14.21625327 14.14047821 14.02826417 13.89301822 13.77129892 13.69253135 13.60050732 13.53493247 13.45138313 13.32061642 13.19379719 13.05996817 12.99724719 12.93684754 12.82969033 12.73143273 12.61916675 12.56349954 12.52389538 12.65184888 12.88445859 13.23372745 13.84711606 14.35088191 15.10845803 16.13806717 16.88685631 17.1555741
15.42224045 12.50076884 8.563798125 6.841112752 5.792509456 5.786076944 6.860452576 8.860822238 12.37239842 15.65476689 16.73024361 15.42896492 14.09508581 13.91068785 13.98013731 14.02833147 14.03327864 14.01328333 14.08137898 14.1133559 14.2146576 14.27453681 14.2931285 14.39794529 14.45217168 14.47963708 14.46908988 14.40180608 14.33980134 14.22232887 14.1674789 14.14285331 14.09175947 14.06327752 13.97697439 13.92975937 13.91128626 13.82549497 13.72719108 13.57490553 13.45643527 13.38680715 13.28478292 13.2323511 13.13283672 12.98698553 12.86353469 12.6821742 12.62404625 12.58968905 12.5089104 12.44842486 12.37291057 12.3903111 12.40154509 12.60263028 12.89991275 13.30247323 13.98315028 14.76983357 15.5841995 16.4837859 17.13131931 17.38977407
-9999 13.59342896 9.865888571 7.125572967 5.167729127 4.446607104 5.315646731 7.530631426 11.39285158 15.04145161 16.42826339 15.26367806 13.97093788 13.74201901 13.94360296 13.97740556 13.84566203 13.78756479 13.79386379 13.89205575 13.9977542 14.06252655 14.16969298 14.26840682 14.37180427 14.38581885 14.33147536 14.23061224 14.14363686 14.05122966 13.98066458 13.91433329 13.83850548 13.79153221 13.73275394 13.68845879 13.65444804 13.58227257 13.45710078 13.30934333 13.18361417 13.08806557 13.01019626 12.96557055 12.91015363 12.76155012 12.56759793 12.362871 12.30477203 12.23772331 12.18195496 12.15883646 12.12862318 12.20617681 12.34274924 12.65024189 12.81538804 13.24968266 14.22574207 15.47436221 16.35262735 16.7555785 17.14871866 17.41653829
-9999 -9999 11.94082718 8.413138067 4.933809753 3.541403202 4.168438152 6.254350835 10.13467638 14.02431247 15.59529105 14.82317596 13.86440383 13.76919078 13.83789727 13.89047226 13.76592133 13.66807282 13.68127442 13.71106503 13.80306864 13.89123713 13.97549388 14.08238696 14.1460721 14.21461462 14.22803056 14.13427461 14.05894205 13.93188868 13.8525521 13.77347726 13.68118274 13.636471 13.55830071 13.5030543 13.46876446 13.38217903 13.25350253 13.09344524 12.97148163 12.90974586 12.82488378 12.78252929 12.72120634 12.58609433 12.4461696 12.25295526 12.19440946 12.10661228 12.02860145 12.02628646 11.9789508 12.04423485 12.21426132 12.45229163 12.59955175 13.09494548 14.23292935 15.68756187 16.52571179 16.74709915 16.98121906 17.24706279
-9999 -9999 -9999 10.19100114 5.026916143 2.707322692 3.014460339 5.015375534 8.649942294 12.49916378 14.43233892 14.36603307 13.93749504 13.92321247 13.76581922 13.71221846 13.68642649 13.57456444 13.60159984 13.61107439 13.70313134 13.75517152 13.82150168 13.91862112 13.96937072 14.01627125 13.98980103 13.95949071 13.9119966 13.86462725 13.78468375 13.64842704 13.56426447 13.49869771 13.43194337 13.35876286 13.27235937 13.16307283 13.04492352 12.93732624 12.83369531 12.75995 12.67749573 12.62549529 12.57740874 12.49542255 12.35825373 12.11756667 12.01666855 11.92956403 11.87196157 11.84073556 11.83761881 11.91827095 11.96976977 12.23348286 12.33781321 12.76145191 14.04162631 15.29702004 16.13207305 16.48531022 16.66409904 16.88089722
-9999 -9999 -9999 11.34131003 5.59426594 2.755792114 2.455375452 4.124810751 7.275899887 10.70159092 12.83433441 13.72106101 13.91849069 14.03268438 13.90354134 13.83179147 13.6866012 13.58592698 13.67781181 13.64478272 13.70512526 13.7365568 13.7279773 13.80364223 13.81809582 13.8375024 13.78942418 13.70263011 13.67229351 13.59362577 13.53341568 13.44968566 13.34905131 13.33630505 13.28942054 13.1980257 13.06340448 12.89691991 12.83550308 12.77510645 12.70705817 12.67689439 12.60122442 12.57285251 12.5295809 12.41637701 12.21563462 12.00405695 11.90706948 11.79503454 11.71915781 11.67669952 11.65157345 11.74249515 11.83445614 12.07637354 12.28340267 12.72425065 13.77083221 14.86264576 15.60756914 15.96304433 16.11337337 16.2951938
-9999 -9999 -9999 12.24440922 6.341347038 3.177265581 2.686893567 3.281706546 5.538914464 8.653440035 10.78797079 12.32013326 13.9494152 13.98425686 13.90606767 13.92549336 13.70790683 13.63021156 13.66700798 13.65063663 13.69833268 13.70270853 13.68456086 13.73803339 13.70209288 13.68334735 13.59870978 13.46354811 13.44520472 13.35930624 13.26935891 13.12536109 12.95211952 12.99258838 12.91833307 12.87885219 12.86939406 12.60671732 12.59834328 12.63418628 12.5898486 12.58355367 12.56205382 12.45469588 12.32696175 12.19323663 12.07217655 12.00822042 11.84881725 11.75230656 11.67630971 11.54682993 11.55900755 11.7139641 11.83055008 12.17338739 12.47153911 12.8928492 13.81264236 14.61664094 15.19025615 15.48453772 15.53453397 15.66841306
-9999 -9999 -9999 -9999 8.317619054 5.092973961 3.395625564 3.005810793 4.029828974 6.384002224 8.337455829 10.22291436 12.13413227 13.24780195 13.88182659 14.17302005 13.77339227 13.48786764 13.49327547 13.68617215 13.81123331 13.84294448 13.75931596 13.85661149 13.8039913 13.76788248 13.66970775 13.49957865 13.41811145 13.31038799 13.20928425 13.0887783 12.92326318 12.92003866 12.83799025 12.75075568 12.6373416 12.47187239 12.4361367 12.39041576 12.33537288 12.31224068 12.24184001 12.14318663 12.03336975 11.93707547 11.87171392 11.83333355 11.7608563 11.68597953 11.6257323 11.52469423 11.59153693 11.83263705 12.21034769 12.66865589 13.04414933 13.46399212 14.04724294 14.55933481 14.93760413 15.08655189 15.07647547 15.0863942
-9999 -9999 -9999 -9999 10.92446859 7.760248176 4.785785258 2.505938894 2.251637048 3.522609734 5.080699117 7.023535984 9.453761474 11.43227323 13.42064992 14.29428171 13.51855357 13.04506456 13.41321592 13.73662578 13.93974691 14.04947769 13.85265128 14.00322902 14.00268066 13.93078561 13.81022854 13.68992958 13.50181707 13.35356023 13.23104987 13.1113286 13.06744793 12.98332944 12.9245168 12.77255499 12.51551217 12.28819001 12.08917489 11.99075783 11.89550159 11.85563214 11.85255843 11.76010778 11.67587633 11.62892769 11.58584283 11.52958758 11.57731511 11.5815025 11.56328933 11.46000661 11.53198231 11.97940095 12.65998985 13.26032712 13.60135451 14.14758629 14.44162104 14.63062975 14.81157271 14.82046607 14.72109845 14.56030668
-9999 -9999 -9999 -9999 -9999 10.63345399 6.210617621 2.364394026 0.679964486 0.646281403 1.398900355 2.971460705 5.587142622 8.429871862 11.33419766 13.00624073 13.15134328 13.0837633 13.41697911 13.88769062 14.14041327 14.11562579 14.06134357 14.14502466 14.16844779 14.13036996 14.06454117 13.82252023 13.69757886 13.50886605 13.34196868 13.15827212 13.03001004 13.02643274 12.98734023 12.78993809 12.43525908 12.04396298 11.76269656 11.57059196 11.43366008 11.40433579 11.39452154 11.38470604 11.35417097 11.34396452 11.35684887 11.35990948 11.41083495 11.45241622 11.47615579 11.41985156 11.49864498 11.89499255 12.52353408 13.17648051 13.72675781 14.22860029 14.52550755 14.6037627 14.67695991 14.57178105 14.40752668 14.16289865
-9999 -9999 -9999 -9999 -9999 13.34889254 7.760802351 1.631645556 -0.035649376 -1.533758972 -1.981089897 -0.712967555 0.618261012 4.93379602 8.729628852 11.09602948 12.04985374 12.83200313 13.35606957 13.99186209 14.49711489 14.4464426 14.35759798 14.66300412 14.46508372 14.37406263 14.35300437 14.01532435 13.98573903 13.72110583 13.48480386 13.16651929 12.88797344 12.89393671 12.98524289 12.73619671 12.25428844 11.74802613 11.44275613 11.16226921 10.98240793 10.96707377 10.93330341 10.99843854 11.04854266 11.11072866 11.18925686 11.21842391 11.31216662 11.35046774 11.42054264 11.37453633 11.36897588 11.90742286 12.26821662 12.92587793 13.69653504 14.24474096 14.47112024 14.48790605 14.42046608 14.34876629 14.18933637 13.8586042
-9999 -9999 -9999 -9999 -9999 -9999 10.30889283 5.601723604 1.485388104 -1.889641437 -3.395455418 -2.956606734 -1.184636821 1.760662426 5.350555057 7.990114524 9.288466237 10.86497884 12.07588106 13.59611604 14.59452278 14.83690974 15.24737656 15.09326879 15.09798127 14.97982065 14.65955127 14.49065152 14.45429937 14.29657706 13.97634255 13.49777586 12.98762496 12.83862927 12.69000799 12.40413789 12.05557421 11.59993946 11.2716294 10.97548233 10.77598213 10.71340038 10.68347538 10.73351241 10.80029254 10.92386662 11.13068509 11.24708157 11.27969641 11.2356987 11.36139978 11.48717763 11.77889188 12.26025683 12.7944664 13.35808119 13.82635333 14.10687186 14.21608749 14.1485851 14.09483754 14.02070015 13.85513271 13.54038682
-9999 -9999 -9999 -9999 -9999 -9999 12.79146827 9.867708444 4.116346473 -1.409243467 -3.992011967 -3.881346181 -2.859557495 -1.206448788 1.307250132 3.524177355 5.304111408 7.857611758 8.984031303 11.64411483 13.23592837 13.6513903 15.56801852 15.22218824 15.349958 15.44194536 15.03198626 15.00852956 14.98737867 14.99133665 14.60204049 13.94192291 13.14366996 12.91617203 12.51604513 12.13806092 11.85632961 11.48689823 11.18420904 10.90097221 10.70592666 10.63685456 10.51553739 10.5993088 10.63314141 10.74210692 11.01683339 11.31752446 11.22154109 11.11731157 11.3727344 11.72946666 12.17760364 12.80263774 13.46810642 13.9016938 13.89906935 14.00434179 13.95669945 13.84563813 13.77963402 13.71959387 13.55762942 13.15342519
-9999 -9999 -9999 -9999 -9999 -9999 -9999 12.32550135 6.70424454 0.371623194 -3.255159038 -4.076139198 -3.832194912 -3.805133728 -3.474949318 -2.380475512 -0.766566696 1.393535056 3.57816088 6.203318285 8.50254906 10.10716874 11.89315064 13.39206369 14.84579072 15.61878678 15.36982051 15.30164343 15.19018524 15.23066962 15.00543773 14.65703686 14.14620383 13.40760567 12.5949483 11.99593482 11.6795065 11.42220449 11.15384378 10.93954935 10.79303112 10.76163071 10.71549835 10.70679909 10.63986004 10.71448821 10.88639366 10.95156218 11.07530415 11.14822998 11.53365892 12.07749887 12.72743135 13.14660306 13.49737893 13.72185533 13.63983181 13.59006692 13.59562628 13.68329643 13.57777804 13.34177459 13.07601243 12.72942167
