meets/meet004/data/CCSM_21k_neotropic_bio02.asc
NCOLS 154 
NROWS 168 
XLLCORNER -112 
YLLCORNER -55.5 
CELLSIZE 0.5 
NODATA_value -9999 
[rows 29 to 57 of 168, columns 64 to 127 of 154]
-9999 -9999 -9999 -9999 -9999 -9999 -9999 -9999 -9999 -9999 -9999 -9999 -9999 -9999 -9999 -9999 -9999 -9999 -9999 -9999 -9999 -9999 -9999 -9999 -9999 -9999 -9999 -9999 -9999 -9999 -9999 -9999 -9999 -9999 -9999 -9999 -9999 0.555634576 -9999 -9999 -9999 -9999 -9999 -9999 -9999 -9999 -9999 -9999 -9999 -9999 -9999 -9999 -9999 -9999 -9999 -9999 -9999 -9999 -9999 -9999 -9999 -9999 -9999 -9999
-9999 -9999 -9999 -9999 -9999 -9999 -9999 -9999 -9999 -9999 -9999 -9999 -9999 -9999 -9999 -9999 -9999 -9999 -9999 -9999 -9999 -9999 -9999 -9999 -9999 -9999 -9999 -9999 -9999 -9999 -9999 -9999 -9999 -9999 -9999 -9999 -9999 0.61447668 -9999 -9999 -9999 -9999 -9999 -9999 -9999 -9999 -9999 -9999 -9999 -9999 -9999 -9999 -9999 -9999 -9999 -9999 -9999 -9999 -9999 -9999 -9999 -9999 -9999 -9999
-9999 -9999 -9999 -9999 -9999 -9999 -9999 -9999 -9999 -9999 -9999 -9999 -9999 -9999 -9999 -9999 -9999 -9999 -9999 -9999 -9999 -9999 -9999 -9999 -9999 -9999 -9999 -9999 -9999 -9999 -9999 -9999 -9999 -9999 -9999 -9999 -9999 -9999 -9999 -9999 -9999 -9999 -9999 -9999 -9999 -9999 -9999 -9999 -9999 -9999 -9999 -9999 -9999 -9999 -9999 -9999 -9999 -9999 -9999 -9999 -9999 -9999 -9999 -9999
-9999 -9999 -9999 -9999 -9999 -9999 -9999 -9999 -9999 -9999 -9999 -9999 -9999 -9999 -9999 -9999 4.886943364 -9999 -9999 -9999 -9999 -9999 -9999 -9999 -9999 -9999 -9999 -9999 -9999 -9999 -9999 -9999 -9999 -9999 -9999 -9999 1.479721485 -9999 -9999 -9999 -9999 -9999 -9999 -9999 -9999 -9999 -9999 -9999 -9999 -9999 -9999 -9999 -9999 -9999 -9999 -9999 -9999 -9999 -9999 -9999 -9999 -9999 -9999 -9999
-9999 -9999 -9999 -9999 -9999 -9999 -9999 -9999 -9999 -9999 -9999 -9999 -9999 -9999 5.582047986 6.385055131 7.027569262 -9999 -9999 -9999 -9999 -9999 -9999 -9999 -9999 -9999 -9999 -9999 -9999 -9999 -9999 -9999 -9999 -9999 -9999 -9999 -9999 -9999 -9999 -9999 -9999 -9999 -9999 -9999 -9999 -9999 -9999 -9999 -9999 -9999 -9999 -9999 -9999 -9999 -9999 -9999 -9999 -9999 -9999 -9999 -9999 -9999 -9999 -9999
-9999 -9999 -9999 -9999 -9999 -9999 -9999 -9999 -9999 -9999 3.694979254 4.814017238 5.938390488 6.967136041 7.940994722 8.564459541 -9999 -9999 8.708616845 8.30695112 7.534154374 6.589840219 5.409158662 -9999 -9999 -9999 -9999 -9999 -9999 -9999 -9999 -9999 -9999 -9999 -9999 -9999 -9999 -9999 -9999 -9999 -9999 -9999 -9999 -9999 -9999 -9999 -9999 -9999 -9999 -9999 -9999 -9999 -9999 -9999 -9999 -9999 -9999 -9999 -9999 -9999 -9999 -9999 -9999 -9999
-9999 -9999 -9999 -9999 -9999 -9999 -9999 -9999 -9999 4.623323209 5.86964379 7.211840729 8.660587862 8.868049295 9.644246563 9.978456228 9.801422266 10.02787033 9.632074833 9.503592891 8.926469452 7.984939133 7.193484142 6.055407715 -9999 -9999 -9999 -9999 -9999 -9999 -9999 -9999 -9999 -9999 -9999 -9999 -9999 -9999 -9999 -9999 -9999 -9999 -9999 -9999 -9999 -9999 -9999 -9999 -9999 -9999 -9999 -9999 -9999 -9999 -9999 -9999 -9999 -9999 -9999 -9999 -9999 -9999 -9999 -9999
-9999 -9999 -9999 -9999 -9999 -9999 -9999 -9999 -9999 6.873049439 8.132878002 8.830657181 9.430262604 9.639362273 9.766009317 9.854826889 9.732180899 9.794649382 9.719986812 9.756034013 9.413883747 8.893190893 8.392336613 7.625650532 7.291110027 7.001496849 6.963783816 7.294143116 7.251690978 7.405777663 7.530034653 7.782650838 7.930091582 7.724056691 7.312703397 -9999 -9999 -9999 -9999 -9999 -9999 -9999 -9999 -9999 -9999 -9999 -9999 -9999 -9999 -9999 -9999 -9999 -9999 -9999 -9999 -9999 -9999 -9999 -9999 -9999 -9999 -9999 -9999 -9999
-9999 -9999 -9999 -9999 -9999 -9999 -9999 -9999 -9999 8.475572435 9.519788468 9.588529184 9.775483221 9.612861159 9.437735292 9.391918145 9.312442589 9.363378037 9.221219721 9.501462521 9.404127576 9.088582208 9.122615399 8.788382956 9.095558106 9.069538856 8.977977767 9.434413858 9.030164204 9.274766495 9.274933511 9.166211019 9.465528281 8.910409821 8.382256401 7.709070323 6.942755189 -9999 -9999 -9999 -9999 -9999 -9999 -9999 -9999 -9999 -9999 -9999 -9999 -9999 -9999 -9999 -9999 -9999 -9999 -9999 -9999 -9999 -9999 -9999 -9999 -9999 -9999 -9999
3.70730269 4.265620976 4.731322088 4.123537492 -9999 -9999 -9999 -9999 7.661050426 9.049471281 9.82836864 9.888738841 9.581856726 9.546859514 9.431911107 9.310835061 9.233955784 9.127229394 9.073391467 9.004563802 8.969421789 8.987730834 9.156537365 9.199390244 9.451787121 9.510478467 9.344105891 9.396528745 9.293576824 9.413964823 9.375428194 9.315757279 9.302291013 9.135054781 8.92958116 8.345454914 7.645388052 6.889231645 -9999 -9999 -9999 -9999 -9999 -9999 -9999 -9999 -9999 -9999 -9999 -9999 -9999 -9999 -9999 -9999 -9999 -9999 -9999 -9999 -9999 -9999 -9999 -9999 -9999 -9999
4.957828121 -9999 -9999 5.822253123 5.421437328 5.828847905 6.464110102 7.516059463 8.792808518 9.812937501 10.30818733 10.1697565 9.795408192 9.726573939 9.592461669 9.428146348 9.301458423 9.092235212 8.893053258 8.727677276 8.62170265 8.701314058 8.872364737 8.938329309 9.261751494 9.304164929 9.074725835 9.084093041 9.034731397 9.143556528 9.108629653 9.010182194 8.972320729 8.844766058 8.949207239 8.518197832 7.913668428 7.371362672 -9999 -9999 -9999 -9999 -9999 -9999 -9999 -9999 -9999 -9999 -9999 -9999 -9999 -9999 -9999 -9999 -9999 -9999 -9999 -9999 -9999 -9999 -9999 -9999 -9999 -9999
-9999 -9999 -9999 6.212267729 7.204481717 8.000161674 8.498250561 9.419300024 10.04384597 10.65724646 10.90027109 10.68648631 10.4904265 9.980204543 9.757076036 9.469474551 9.222071975 9.201444138 8.882986368 8.624286472 8.476944602 8.384410892 8.424966792 8.638351499 8.775669167 8.883191982 8.981528433 8.947806629 8.997215081 9.063385728 8.981012392 8.811349879 8.683258935 8.525792856 8.468194019 8.306839573 8.02009123 7.701367594 7.514274857 7.269135628 6.4795356 -9999 -9999 -9999 -9999 -9999 -9999 -9999 -9999 -9999 -9999 -9999 -9999 -9999 -9999 -9999 -9999 -9999 -9999 -9999 -9999 -9999 -9999 -9999
-9999 -9999 -9999 5.628893878 7.048252897 8.237716652 9.03578649 10.11795243 10.64130332 11.11997465 11.24912195 10.92702083 10.58416981 9.816139619 9.31118671 8.934281984 8.758278879 8.853602306 8.627678374 8.468870115 8.302624047 8.186652607 8.093233145 8.270710521 8.47854252 8.59650369 8.74591956 8.804193308 8.904303182 8.877116795 8.819194146 8.557548811 8.349756295 8.15550738 8.175432008 8.033877279 7.886440178 7.952408115 8.033468273 8.035478534 7.502913874 6.74824615 -9999 -9999 -9999 -9999 -9999 -9999 -9999 -9999 -9999 -9999 -9999 -9999 -9999 -9999 -9999 -9999 -9999 -9999 -9999 -9999 -9999 -9999
-9999 -9999 -9999 -9999 5.225289438 6.70084846 8.321757504 9.757686689 10.682927 11.1205828 11.17341862 10.80701762 10.18781861 9.283913902 8.273259201 7.840162266 8.027929042 8.132795741 8.227255825 8.216859371 8.165921621 8.028575412 8.020223551 8.217712062 8.34521893 8.539137885 8.838103682 8.857845854 8.843087796 8.680750256 8.471185013 8.272420161 7.954305565 7.880630776 7.814646029 7.873281532 7.991492976 8.099104331 8.293910791 8.606877182 8.310198487 7.849417638 7.32274262 -9999 -9999 -9999 -9999 -9999 -9999 -9999 -9999 -9999 -9999 -9999 -9999 -9999 -9999 -9999 -9999 -9999 -9999 -9999 -9999 -9999
-9999 -9999 -9999 -9999 -9999 5.291675182 7.470927421 9.305783476 10.30559433 10.55660694 10.60786006 10.38934248 9.748859093 8.745564551 7.574578894 7.11579022 7.394809697 7.70195327 7.879035285 7.910434187 7.970172467 7.954330281 8.084334627 8.451301418 8.826251684 9.089267595 9.317250975 9.212622062 8.974084431 8.572512848 8.256752976 8.02748643 7.862110417 7.845994932 7.844514675 7.854834317 7.930336954 8.070098415 8.149937551 8.433832136 8.385902973 8.375648706 8.113367023 7.372644079 -9999 -9999 -9999 -9999 -9999 -9999 -9999 -9999 -9999 -9999 -9999 -9999 -9999 -9999 -9999 -9999 -9999 -9999 -9999 -9999
-9999 -9999 -9999 -9999 -9999 4.173655004 6.893570132 9.20330104 9.875385591 9.763969469 9.747647364 9.76849377 9.533738025 8.411210491 7.192223082 6.800153265 7.176170186 7.602510451 7.632966756 7.623533223 7.775495666 7.864630501 8.175876739 8.75625657 9.629870777 9.973247593 9.89433852 9.821086433 9.259149225 8.561323366 8.169973649 8.067441701 8.010393978 8.006945559 8.039282697 8.023617154 7.983438829 7.863835847 7.813662828 7.820385186 7.954046156 8.371476871 8.629996302 8.046355446 7.473494518 -9999 -9999 -9999 -9999 -9999 -9999 -9999 -9999 -9999 -9999 -9999 -9999 -9999 -9999 -9999 -9999 -9999 -9999 -9999
-9999 -9999 -9999 -9999 -9999 3.785362784 6.552525793 8.745181759 9.409755668 9.066751633 8.988561153 9.03643451 8.821252377 8.15212182 7.363633066 7.03493746 7.202273397 7.409183362 7.421632679 7.425756707 7.600080222 7.747077925 8.241941816 8.938581779 9.809721148 10.21481106 10.22306597 10.04392004 9.513622372 8.970125377 8.578304506 8.36538194 8.271555157 8.258201527 8.248967631 8.114153392 7.924153122 7.63588544 7.373303739 7.242486664 7.308495351 7.777285677 8.270371098 8.226080574 8.087304386 7.966286305 7.892972062 7.856964815 7.752204301 7.691167755 7.494978295 7.391166602 -9999 -9999 -9999 -9999 -9999 -9999 -9999 -9999 -9999 -9999 -9999 -9999
-9999 -9999 -9999 -9999 -9999 3.533171582 6.347782211 8.747123294 9.022121723 8.454975548 8.260916771 8.286150143 8.056221705 7.875089998 7.616100978 7.418728287 7.303252893 7.236987635 7.251790091 7.23160833 7.417257804 7.639322801 8.116813978 8.829821215 9.618049036 10.05137655 10.11896619 10.09110592 9.658188116 9.357828296 9.021623705 8.649833279 8.49012906 8.403922221 8.406852772 8.19101394 7.897325331 7.46256287 7.106383569 6.710223727 6.771275493 7.327333116 7.708403645 8.099913447 8.449164522 8.619649585 8.669958559 8.916291915 8.628265077 8.856977748 8.663103369 8.373939826 8.17613752 7.387748435 6.516333366 -9999 -9999 -9999 -9999 -9999 -9999 -9999 -9999 -9999
-9999 -9999 -9999 -9999 -9999 3.593249536 6.301639838 8.389906928 8.817809768 8.235251911 7.98952923 7.860216106 7.746635904 7.70338101 7.678161801 7.554807482 7.408601612 7.262833947 7.20370884 7.190143385 7.323347988 7.502890853 7.849989072 8.443504104 9.073745582 9.516557018 9.718464936 9.714987985 9.59391405 9.278668581 8.997339344 8.742666054 8.507536442 8.507748574 8.523538218 8.320853132 7.986273918 7.501913194 7.040205971 6.624971304 6.57659864 6.975426121 7.492759122 7.868488776 8.253717406 8.489805528 8.555351895 8.76137588 8.685020782 8.879415624 8.821751129 8.72179311 8.570368464 8.086204412 7.563744074 6.745893982 -9999 -9999 -9999 -9999 -9999 -9999 -9999 -9999
-9999 -9999 -9999 -9999 -9999 3.601362218 6.279027246 8.678928192 8.665606803 8.111807582 7.847406217 7.608206011 7.515216129 7.625340741 7.740673823 7.695699356 7.52526429 7.297529008 7.241663591 7.206907133 7.250465416 7.310466782 7.492469127 8.110286569 8.61211842 9.100936265 9.494716004 9.4712478 9.571621284 9.233087455 9.066296686 8.869614494 8.492385645 8.679349294 8.756389935 8.51250346 8.138170752 7.681557805 7.148099438 6.722795279 6.630639003 7.028258682 7.354491036 7.657038506 7.976390601 8.241611077 8.310025001 8.318854563 8.349993264 8.45380753 8.485702363 8.58702598 8.669102857 8.421711064 8.349250104 7.608316659 6.621177795 5.97655629 -9999 -9999 -9999 -9999 -9999 -9999
-9999 -9999 -9999 -9999 -9999 3.882367053 6.236393044 7.95222706 8.293341256 7.77895276 7.570707446 7.425661935 7.443860431 7.678552316 7.958034106 7.946795552 7.707774496 7.430125258 7.253306674 7.157399211 7.148946167 7.187090641 7.371435055 7.83109147 8.413190621 9.031544202 9.602747971 9.978221084 9.990094297 9.783843084 9.597327619 9.357591604 9.19055925 9.095949774 9.004902688 8.709193856 8.249630896 7.81769512 7.476738119 7.314350886 7.221947287 7.346361927 7.510732885 7.694466726 7.851255334 7.995874024 8.114833316 8.195526559 8.210864934 8.238714577 8.224153864 8.239231139 8.293848394 8.39288373 8.370474409 7.89793972 7.093385377 6.347432028 -9999 -9999 -9999 -9999 -9999 -9999
-9999 -9999 -9999 -9999 -9999 4.378295741 6.374698856 7.852849161 7.906030124 7.453910151 7.315760937 7.305318906 7.32953779 7.740285411 8.181711565 8.194888872 7.804891804 7.486559275 7.245590877 7.113379905 7.065061338 7.084684651 7.206809723 7.700577417 8.287340974 8.983703601 9.720610468 10.54725682 10.3129966 10.26809351 10.13156742 9.838431961 9.825976143 9.474395763 9.281578163 8.93073297 8.409497876 7.973738552 7.866536865 7.917141563 7.813199779 7.724972252 7.714562386 7.7943197 7.879332895 7.990019064 8.132281911 8.196552947 8.210538007 8.191094181 8.11562427 8.105765225 7.990668757 8.132592391 8.311681184 7.889444841 7.235152465 6.426261274 -9999 -9999 -9999 -9999 -9999 -9999
-9999 -9999 -9999 -9999 -9999 5.720809389 6.820568151 7.524160844 7.683459492 7.363126494 7.325403391 7.363425663 7.482924424 7.791753572 8.072435696 8.054982391 7.766648984 7.440224253 7.223351202 7.102590613 7.057099504 7.08089924 7.261334967 7.654908511 8.213484463 8.86581835 9.514142108 10.05625475 10.15236305 10.11873196 10.03322521 9.833172186 9.709611055 9.491695788 9.327935689 9.033877903 8.626788646 8.385399696 8.155067934 8.129887995 8.026112939 7.974390615 8.009371158 8.010963035 8.084646087 8.135042053 8.183712476 8.222331279 8.193085672 8.117876492 8.040364687 7.99069154 7.926540878 8.129222765 8.150250926 7.838233407 7.438679761 6.906671055 -9999 -9999 -9999 -9999 -9999 -9999
-9999 -9999 -9999 3.682422567 5.567252971 6.721689115 7.018164664 7.396571036 7.520259197 7.428855105 7.539316773 7.641403324 7.6707453 7.848144335 7.987462306 7.909160745 7.63693511 7.343801913 7.204180571 7.10936942 7.074578704 7.109817231 7.270638967 7.656802194 8.122929646 8.691361761 9.212995105 9.625067069 9.776954923 9.727274318 9.670638542 9.531463896 9.464971236 9.279017739 9.22007344 9.009256488 8.747363821 8.592291314 8.262073015 8.184192121 8.079851668 8.074770274 8.17113043 8.140034894 8.198288899 8.195596138 8.157241812 8.199211472 8.139595885 8.067557528 8.02266931 8.007979135 7.930875426 8.092059156 8.181912527 7.932049341 7.777180485 7.351800749 7.28669986 -9999 -9999 -9999 -9999 -9999
-9999 -9999 3.310340223 4.60784238 5.709935333 6.436332637 6.686520439 6.790598659 7.281954607 7.783594568 8.047137905 8.078918406 8.06359117 7.977348725 7.866141945 7.720347425 7.526643894 7.338474322 7.219341121 7.156311184 7.144933106 7.177871789 7.347711334 7.677200181 8.111342515 8.570917418 8.989747086 9.281591172 9.3657642 9.305941177 9.250687558 9.178980445 9.09309587 9.056192566 9.004866191 8.863743915 8.630402922 8.401640221 8.205077039 8.091668511 8.015631198 8.037796208 8.12025103 8.097870682 8.082337393 8.046667488 8.006013678 7.997263651 8.045203113 8.119210569 8.118796953 8.095823091 8.050690512 8.126389832 8.163961481 8.078594205 8.233806268 8.244458278 7.982324297 7.778365855 -9999 -9999 -9999 -9999
-9999 -9999 4.841550665 5.61574906 5.92607069 6.234893486 6.337832144 6.442030301 7.263482821 8.071592424 8.409695337 8.348272621 8.255787454 8.001657353 7.777313329 7.605895045 7.457362689 7.321833275 7.242534425 7.214021488 7.222417096 7.258731965 7.398229182 7.697318989 8.087619899 8.460570177 8.752740276 8.994861664 9.0511983 8.932473987 8.890481281 8.856862301 8.756756257 8.806338272 8.754246761 8.628638811 8.442433204 8.215260168 8.025022524 7.931225771 7.864605998 7.926785945 7.981931151 7.892871031 7.849459645 7.80467587 7.780283519 7.816095954 7.978988361 8.141746665 8.201844565 8.183790417 8.131725638 8.084698594 8.137238532 8.087535291 8.546606966 8.729642447 8.101535249 7.804579113 -9999 -9999 -9999 -9999
4.13671934 5.65437556 6.960288975 6.815348834 6.214788457 6.070348292 6.292353711 6.714474138 7.390475321 8.15779239 8.458574404 8.289830291 8.021271566 7.873209443 7.742025789 7.594421403 7.443662295 7.308993777 7.283512501 7.294382826 7.31716062 7.358470431 7.479591047 7.721351704 8.029363874 8.300621627 8.513604269 8.645653016 8.685519777 8.633273307 8.558836112 8.521162043 8.440260977 8.460472536 8.442257902 8.36381009 8.214985784 8.051753 7.901212606 7.767944127 7.745681811 7.771258596 7.761952975 7.713799736 7.572365491 7.565726899 7.671680599 7.771725963 7.965902442 8.153775311 8.203049158 8.182447941 8.130098496 8.069137285 7.997090163 8.06413742 8.434927034 8.405948987 8.105779225 7.484116471 -9999 -9999 -9999 -9999
5.455217556 6.987674544 8.204321568 7.606552215 6.573800239 6.285085335 6.419960024 6.883391603 7.500856338 8.182006563 8.397268795 8.156564455 7.860920504 7.776266786 7.723993993 7.626217983 7.493669076 7.36969834 7.368016647 7.398655664 7.428678371 7.463137895 7.547818024 7.730999006 7.948453408 8.136368622 8.259223234 8.355201345 8.413827988 8.372111531 8.348055383 8.306021889 8.215192433 8.213067513 8.154557419 8.083919297 8.011722789 7.89459222 7.771203562 7.661911989 7.622248778 7.658232461 7.66677204 7.659036245 7.58165388 7.612094871 7.765823666 7.859813297 8.018149813 8.166324919 8.194451339 8.134322994 8.067040055 7.993871346 7.934867492 7.863259841 8.165334904 8.142646656 7.895021956 7.53789453 7.134061314 -9999 -9999 -9999
6.226931121 7.622177239 8.283553719 7.917067281 7.036951186 6.625663546 6.674902392 6.991000374 7.567488939 8.111688741 8.265965522 8.074663312 7.818127286 7.757881858 7.762410115 7.70563448 7.599203595 7.521633127 7.503297576 7.528755592 7.552599253 7.576930727 7.628389677 7.741648458 7.863188322 7.966060703 8.053881642 8.100559074 8.185121444 8.255707565 8.234570895 8.14675334 8.065660551 7.983553928 7.89743717 7.833579393 7.754481755 7.672281183 7.616125602 7.561009109 7.567189453 7.612515782 7.684242717 7.755340771 7.869669992 7.96645138 8.027346863 8.132763027 8.146748778 8.18204026 8.126431009 8.014565688 7.9278364 7.847693429 7.815674209 7.780513286 7.930767881 7.988916164 8.014562634 8.014087699 7.850283582 7.48302841 7.101687855 -9999
