meets/meet004/data/CCSM_6k_neotropic_bio08.asc
NCOLS 154 
NROWS 168 
XLLCORNER -112 
YLLCORNER -55.5 
CELLSIZE 0.5 
NODATA_value -9999 
[rows 29 to 57 of 168, columns 64 to 127 of 154]
-9999 -9999 -9999 -9999 -9999 -9999 -9999 -9999 -9999 -9999 -9999 -9999 -9999 -9999 -9999 -9999 -9999 -9999 -9999 -9999 -9999 -9999 -9999 -9999 -9999 -9999 -9999 -9999 -9999 -9999 -9999 -9999 -9999 -9999 -9999 -9999 -9999 26.94645021 -9999 -9999 -9999 -9999 -9999 -9999 -9999 -9999 -9999 -9999 -9999 -9999 -9999 -9999 -9999 -9999 -9999 -9999 -9999 -9999 -9999 -9999 -9999 -9999 -9999 -9999
-9999 -9999 -9999 -9999 -9999 -9999 -9999 -9999 -9999 -9999 -9999 -9999 -9999 -9999 -9999 -9999 -9999 -9999 -9999 -9999 -9999 -9999 -9999 -9999 -9999 -9999 -9999 -9999 -9999 -9999 -9999 -9999 -9999 -9999 -9999 -9999 -9999 26.97128381 -9999 -9999 -9999 -9999 -9999 -9999 -9999 -9999 -9999 -9999 -9999 -9999 -9999 -9999 -9999 -9999 -9999 -9999 -9999 -9999 -9999 -9999 -9999 -9999 -9999 -9999
-9999 -9999 -9999 -9999 -9999 -9999 -9999 -9999 -9999 -9999 -9999 -9999 -9999 -9999 -9999 -9999 -9999 -9999 -9999 -9999 -9999 -9999 -9999 -9999 -9999 -9999 -9999 -9999 -9999 -9999 -9999 -9999 -9999 -9999 -9999 -9999 -9999 -9999 -9999 -9999 -9999 -9999 -9999 -9999 -9999 -9999 -9999 -9999 -9999 -9999 -9999 -9999 -9999 -9999 -9999 -9999 -9999 -9999 -9999 -9999 -9999 -9999 -9999 -9999
-9999 -9999 -9999 -9999 -9999 -9999 -9999 -9999 -9999 -9999 -9999 -9999 -9999 -9999 -9999 -9999 27.08743714 -9999 -9999 -9999 -9999 -9999 -9999 -9999 -9999 -9999 -9999 -9999 -9999 -9999 -9999 -9999 -9999 -9999 -9999 -9999 26.92663674 -9999 -9999 -9999 -9999 -9999 -9999 -9999 -9999 -9999 -9999 -9999 -9999 -9999 -9999 -9999 -9999 -9999 -9999 -9999 -9999 -9999 -9999 -9999 -9999 -9999 -9999 -9999
-9999 -9999 -9999 -9999 -9999 -9999 -9999 -9999 -9999 -9999 -9999 -9999 -9999 -9999 26.43767756 26.50285873 26.38186497 -9999 -9999 -9999 -9999 -9999 -9999 -9999 -9999 -9999 -9999 -9999 -9999 -9999 -9999 -9999 -9999 -9999 -9999 -9999 -9999 -9999 -9999 -9999 -9999 -9999 -9999 -9999 -9999 -9999 -9999 -9999 -9999 -9999 -9999 -9999 -9999 -9999 -9999 -9999 -9999 -9999 -9999 -9999 -9999 -9999 -9999 -9999
-9999 -9999 -9999 -9999 -9999 -9999 -9999 -9999 -9999 -9999 26.62308388 26.70101851 26.78221675 26.89127087 26.41106226 26.33261874 -9999 -9999 25.6107414 25.34424508 25.12451325 24.96213921 24.79391093 -9999 -9999 -9999 -9999 -9999 -9999 -9999 -9999 -9999 -9999 -9999 -9999 -9999 -9999 -9999 -9999 -9999 -9999 -9999 -9999 -9999 -9999 -9999 -9999 -9999 -9999 -9999 -9999 -9999 -9999 -9999 -9999 -9999 -9999 -9999 -9999 -9999 -9999 -9999 -9999 -9999
-9999 -9999 -9999 -9999 -9999 -9999 -9999 -9999 -9999 26.87246418 26.81828714 26.84461435 26.41410192 26.24432198 26.16942589 25.96653023 25.63437691 25.30720355 25.15019532 24.82646127 24.61517504 24.58983357 24.31073039 24.60514863 -9999 -9999 -9999 -9999 -9999 -9999 -9999 -9999 -9999 -9999 -9999 -9999 -9999 -9999 -9999 -9999 -9999 -9999 -9999 -9999 -9999 -9999 -9999 -9999 -9999 -9999 -9999 -9999 -9999 -9999 -9999 -9999 -9999 -9999 -9999 -9999 -9999 -9999 -9999 -9999
-9999 -9999 -9999 -9999 -9999 -9999 -9999 -9999 -9999 27.4368516 27.26864547 26.71589211 26.372613 25.88399404 25.53822195 25.22252623 25.06390611 25.0206508 24.82939116 24.74066105 24.73514188 24.80152276 24.9007624 25.11991991 25.27127003 25.55180716 25.93486227 26.21661629 26.55674761 26.79377316 26.90243524 26.89618821 26.81888075 26.61216226 26.38812425 -9999 -9999 -9999 -9999 -9999 -9999 -9999 -9999 -9999 -9999 -9999 -9999 -9999 -9999 -9999 -9999 -9999 -9999 -9999 -9999 -9999 -9999 -9999 -9999 -9999 -9999 -9999 -9999 -9999
-9999 -9999 -9999 -9999 -9999 -9999 -9999 -9999 -9999 27.58745692 27.41150111 26.64547814 26.09646954 25.3260361 24.74790096 24.40125436 24.3736484 24.49870651 24.38241914 24.52226646 24.74881912 25.13320848 25.62975026 26.05499063 26.32582224 26.64227763 26.98356806 27.2417255 27.3705625 27.58139857 27.57312844 27.36256359 27.24732078 26.87148683 26.53597843 26.34111074 26.291409 -9999 -9999 -9999 -9999 -9999 -9999 -9999 -9999 -9999 -9999 -9999 -9999 -9999 -9999 -9999 -9999 -9999 -9999 -9999 -9999 -9999 -9999 -9999 -9999 -9999 -9999 -9999
25.28292656 25.32649548 25.4302511 25.62319425 -9999 -9999 -9999 -9999 26.93038258 26.95556668 26.64945674 26.03495632 25.4185284 24.49099983 23.84930474 23.41097314 23.32371645 23.50718573 23.48284833 23.70060947 24.32447273 25.29190061 26.38304837 26.93450706 27.47665385 27.80621519 27.8226125 27.92393202 27.8566014 27.7875402 27.62187399 27.41498219 27.15263071 26.86668067 26.60165566 26.42899278 26.38196831 26.35649457 -9999 -9999 -9999 -9999 -9999 -9999 -9999 -9999 -9999 -9999 -9999 -9999 -9999 -9999 -9999 -9999 -9999 -9999 -9999 -9999 -9999 -9999 -9999 -9999 -9999 -9999
25.08725476 -9999 -9999 25.21552557 25.4262246 25.6504178 25.75130884 26.05139411 26.09140555 26.08432907 25.83266907 25.29486726 24.62711573 23.66997832 22.8819128 22.31873778 22.22165737 22.34013295 22.47449858 22.90605137 23.78313987 25.14237871 26.57294784 27.26010421 27.91715926 28.30809352 28.2169701 28.30286549 28.11639258 27.91157849 27.70583142 27.47923775 27.20658987 26.97946397 26.7454278 26.60528648 26.58376913 26.55386528 -9999 -9999 -9999 -9999 -9999 -9999 -9999 -9999 -9999 -9999 -9999 -9999 -9999 -9999 -9999 -9999 -9999 -9999 -9999 -9999 -9999 -9999 -9999 -9999 -9999 -9999
-9999 -9999 -9999 24.89669671 24.67521868 24.63033678 24.82557971 24.90013159 25.00895363 25.23158644 24.9213636 24.35821956 23.74065358 22.65641691 21.7349707 21.23395454 20.94505603 21.1516321 21.81711996 22.4473674 23.59333541 24.97249417 26.10026112 26.93208434 27.55755408 27.91619881 28.07128045 28.18620749 27.83577199 27.8637224 27.62510777 27.3264248 27.36533864 26.8758281 26.77637628 26.66678976 26.55926679 26.74549356 26.57587431 26.54958959 26.5429469 -9999 -9999 -9999 -9999 -9999 -9999 -9999 -9999 -9999 -9999 -9999 -9999 -9999 -9999 -9999 -9999 -9999 -9999 -9999 -9999 -9999 -9999 -9999
-9999 -9999 -9999 24.68753458 24.21115978 24.00001091 23.94832048 23.84509618 23.91018589 23.8676261 23.51213042 22.84239929 22.1221868 21.08862471 20.25736455 19.89919076 19.97445448 20.50772803 21.73353328 22.90880243 24.11898557 25.17927855 25.868226 26.49059988 26.95412592 27.21041535 27.19030806 27.19794245 26.8495903 26.78027601 26.54516066 26.28761643 26.39359903 26.07217463 26.05336873 26.03579179 26.02517657 26.23911326 26.14461443 26.22201756 26.30925954 26.3146715 -9999 -9999 -9999 -9999 -9999 -9999 -9999 -9999 -9999 -9999 -9999 -9999 -9999 -9999 -9999 -9999 -9999 -9999 -9999 -9999 -9999 -9999
-9999 -9999 -9999 -9999 24.20652565 23.66227699 23.28301769 22.81274507 22.49031731 22.26849027 21.75228645 21.05609284 20.18780913 19.17120933 18.51871427 18.60130542 19.27343343 20.23842861 22.14262149 24.21120977 25.40760541 25.53629206 25.74248118 25.99549493 26.25859778 26.21470067 25.79797831 25.47472114 25.13372339 24.79746152 24.58066189 24.5384287 24.42723812 24.56155537 24.6804956 24.77764772 24.94230348 25.07958145 25.23780629 25.43749599 25.68778071 25.91679822 26.20071256 -9999 -9999 -9999 -9999 -9999 -9999 -9999 -9999 -9999 -9999 -9999 -9999 -9999 -9999 -9999 -9999 -9999 -9999 -9999 -9999 -9999
-9999 -9999 -9999 -9999 -9999 23.75257607 22.81615459 21.83787242 21.21979452 20.69719874 20.09129089 19.56223653 18.9075603 17.85683204 17.46252631 17.91102938 19.07294688 20.55722611 22.57971144 24.46607223 25.48691888 25.41918362 25.22608509 25.16137311 25.09927301 24.76811086 24.17272719 23.63424277 23.35786068 23.14647912 22.95240745 22.89634598 22.79635379 23.02664926 23.24118455 23.4515018 23.70286899 23.87836615 24.14401258 24.39699963 24.77948956 25.20003126 25.64301097 26.02726965 -9999 -9999 -9999 -9999 -9999 -9999 -9999 -9999 -9999 -9999 -9999 -9999 -9999 -9999 -9999 -9999 -9999 -9999 -9999 -9999
-9999 -9999 -9999 -9999 -9999 23.73673701 22.37432445 20.94923288 19.96187704 19.24868321 18.64881943 18.44099379 17.62628341 17.22232157 16.89019284 17.73905505 19.41483568 21.23544837 22.83206577 24.06373168 24.76282513 24.74224657 24.40623505 24.13634277 23.70779656 23.12377652 22.48298526 21.79213613 21.7024998 21.86499506 21.76235482 21.53560552 21.48370206 21.69451503 21.99211835 22.25837791 22.55187187 22.7717085 23.01361302 23.24770729 23.73396586 24.24666271 24.85224477 25.55754721 26.18487377 -9999 -9999 -9999 -9999 -9999 -9999 -9999 -9999 -9999 -9999 -9999 -9999 -9999 -9999 -9999 -9999 -9999 -9999 -9999
-9999 -9999 -9999 -9999 -9999 23.65949907 21.99726714 20.27717478 19.05652692 18.2070182 17.68948223 17.7074867 17.02993965 17.11671287 17.38902643 18.45151955 20.16610317 21.75321688 22.99025039 23.70008827 24.13854336 24.10674058 23.67648116 23.29666438 22.61850235 21.89545777 21.12962458 20.45458475 20.36944003 20.41035499 20.33519107 20.2535226 20.22569023 20.57402097 20.98921674 21.35274073 21.67459471 21.85254674 22.03598561 22.16099483 22.63825384 23.34579071 24.11786759 25.00701982 25.77827435 26.27739874 26.44582716 26.48306225 26.45637799 26.42584505 26.39031051 26.28156085 -9999 -9999 -9999 -9999 -9999 -9999 -9999 -9999 -9999 -9999 -9999 -9999
-9999 -9999 -9999 -9999 -9999 23.62828057 21.68671265 19.60768873 18.39061659 17.41548312 16.98093555 17.20922835 16.54731438 17.32465461 18.21025173 19.5075724 21.03882606 22.48749409 23.21338452 23.54340423 23.6838239 23.55347649 23.22234945 22.61026646 21.82866577 21.00294596 20.13217152 19.34386632 19.17266219 19.03032477 18.98275228 19.05142721 19.04350721 19.62689659 20.21312695 20.67857082 20.98993321 21.13520843 21.21935808 21.12806254 21.59380507 22.53723291 23.4314782 24.41403011 25.28902407 25.8109863 25.99432453 26.04778738 26.06048319 26.01077616 25.97990786 25.9450963 26.00828305 25.9755316 26.07555703 -9999 -9999 -9999 -9999 -9999 -9999 -9999 -9999 -9999
-9999 -9999 -9999 -9999 -9999 23.55011754 21.5144538 19.49546901 18.09132839 17.24474872 16.88772364 17.1314454 16.7747686 17.88009673 19.24672962 20.62307798 21.89231278 22.85337703 23.40472091 23.52027641 23.5141905 23.28437606 22.74432197 22.24210341 21.42796956 20.60428707 19.83318992 18.95604861 18.70806493 18.42264254 18.33856698 18.50850937 18.62017215 19.29885031 19.80340298 20.34094886 20.88701493 20.97892255 21.03455201 20.83667957 21.26200258 22.21798228 23.06651962 24.07974381 24.76970796 25.27563994 25.55730934 25.58609881 25.62698281 25.56450359 25.52055198 25.46515817 25.43224345 25.45503595 25.51388532 25.65277636 -9999 -9999 -9999 -9999 -9999 -9999 -9999 -9999
-9999 -9999 -9999 -9999 -9999 23.51455848 21.33879491 19.26949521 17.98833361 17.2215396 17.02645076 17.40171615 16.98301893 18.63182 20.36713264 21.72625397 22.57710375 23.32195 23.57051692 23.59259571 23.46367302 23.09266633 22.52008297 22.24414555 21.50534682 20.81434781 20.18983248 18.99868893 19.05855733 18.63173058 18.53497666 18.82465853 18.64897124 19.54783406 20.01641396 20.63980878 21.365122 21.45638098 21.77587226 21.37163568 21.68427121 22.64028891 23.08390826 23.93042697 24.44981018 24.78406966 25.04518006 25.14751218 25.11037823 25.05424237 24.96704423 24.8449926 24.72626964 24.771625 24.74862087 25.00460898 25.37629487 25.73948532 -9999 -9999 -9999 -9999 -9999 -9999
-9999 -9999 -9999 -9999 -9999 23.03855878 21.01618236 19.17603013 17.96841695 17.45901832 17.45149303 17.99083416 17.95264349 19.58896888 21.40257138 22.62569236 23.12377065 23.34743503 23.49125937 23.47789302 23.40076289 23.21227341 22.95252889 22.78039422 22.53424807 22.07913089 21.51549284 20.91476756 20.43456117 20.10325576 19.97077646 20.07703643 20.31694514 20.65315001 21.09305337 21.75440148 22.60180421 23.28773138 23.41252125 23.38142874 23.53339295 23.77119916 24.07117038 24.19751892 24.25740188 24.36250366 24.50762044 24.55843411 24.55972459 24.43800557 24.34532775 24.28142003 24.15812714 24.108756 24.10376738 24.41503505 24.9575771 25.39978501 -9999 -9999 -9999 -9999 -9999 -9999
-9999 -9999 -9999 -9999 -9999 22.39520849 20.55133311 18.81317419 18.10185227 17.75581156 17.93271285 18.74302728 18.69174856 20.45257006 22.29861989 23.35159336 23.36659729 23.36862342 23.41233708 23.38833058 23.38244045 23.34798723 23.4148033 23.36924852 23.59734738 23.34582197 22.80042915 22.70903528 21.83519555 21.57928586 21.43790219 21.42752867 21.95738541 21.82750534 22.21669329 22.83111557 23.69321269 25.0545028 24.70751147 25.01589091 25.04570218 24.64246735 24.93560886 24.33674679 24.05377571 23.96661137 24.05147445 24.07350815 24.12004875 23.94986166 23.87898406 23.8688717 23.68785668 23.70668913 23.58854998 23.92971681 24.60301283 25.19270112 -9999 -9999 -9999 -9999 -9999 -9999
-9999 -9999 -9999 -9999 -9999 21.13959135 19.94414715 19.03179798 18.48926115 18.43622338 18.85323656 19.69353033 19.70986156 21.12238569 22.43388575 23.24263824 23.40199028 23.36225909 23.37926308 23.40415258 23.45013285 23.47958414 22.76970238 22.84423018 22.95473933 23.68244607 23.27443836 22.90869815 22.46069518 22.2690785 22.16209191 22.17485273 22.44449699 22.57104181 22.9458916 23.40736673 23.90358666 24.46307512 24.65397387 24.76084894 24.73005954 24.51417769 24.33078103 24.05165932 23.84638307 23.77573387 23.8847994 24.00193922 24.03794271 23.99862192 23.93315878 23.84653856 23.76394991 23.59519794 23.54738975 23.84512533 23.99882172 24.78885837 -9999 -9999 -9999 -9999 -9999 -9999
-9999 -9999 -9999 22.28042211 20.79386229 19.69719008 19.1859273 19.03597215 19.11502041 19.44449359 20.06456136 19.38890207 20.18857318 21.12121406 21.93920566 22.49288221 22.62180061 22.64958795 22.72911723 22.76472989 22.79749873 22.81085585 22.8318658 22.91427851 22.99667437 22.86141497 22.52697509 22.20835074 22.03174951 22.49298464 22.43011482 22.46419679 22.69553763 22.93385937 23.27143978 23.56813133 23.70707054 23.84561328 24.03962478 24.05919688 24.03298361 23.90652451 23.6907647 23.63044397 23.56551639 23.5787465 23.80788643 23.9643606 23.99038057 24.05248691 23.99787418 23.83673795 23.80031915 23.55496085 23.46991276 23.70376127 23.81384462 24.59735922 25.08230558 -9999 -9999 -9999 -9999 -9999
-9999 -9999 22.66140892 20.88678624 19.10411183 18.27238216 18.4000278 18.96369122 19.93960885 19.7054023 20.47225531 20.83711413 21.24851722 21.64595765 21.99457186 22.30547184 22.47819156 22.58209941 22.70962565 22.79382786 22.86677174 22.88884056 22.91956571 23.01367996 23.06589893 22.93796381 22.63464808 22.33765892 22.15091373 23.65338291 22.54338857 22.65342144 22.87059436 23.16061161 23.4445143 23.63426132 23.70066038 23.68697202 23.71598657 23.66919234 23.61858433 23.54401117 23.42358845 23.40886361 23.42696562 23.51196566 23.71133125 23.68503574 23.88602406 23.83847374 23.76362769 23.65936778 23.56903122 23.410832 23.33769863 23.12146235 23.55147819 24.09728484 24.7677235 25.34801306 -9999 -9999 -9999 -9999
-9999 -9999 21.62706499 19.75939317 17.92578313 17.36702749 18.15265715 19.13964143 19.3152329 20.98065318 21.83620127 21.87021527 22.02852625 22.04429877 22.06351668 22.21871337 22.36168535 22.52615728 22.68184346 22.81445473 22.92354777 22.9574959 22.99855411 23.08825758 23.15606793 23.03851146 22.75367074 22.46972067 23.91552277 23.79355023 23.79495965 23.934156 23.0442433 23.350762 23.62861352 23.78201007 23.76147765 23.66398404 23.63288019 23.50751676 23.42261044 22.58651859 22.49892329 22.60555948 22.76059542 22.96317842 23.25535226 23.49553669 23.52873012 23.54944007 23.49450922 23.41725093 23.3264982 23.09646532 22.9413473 23.01465112 23.24837576 23.77654206 24.56237609 25.26690364 -9999 -9999 -9999 -9999
23.72837518 22.27075736 20.59640609 18.98549736 17.73846375 17.5935053 18.45317645 18.51799426 20.05680308 21.54991659 22.41200867 22.42498349 22.23463338 22.23226237 22.22991605 22.26608862 22.3798126 22.46013102 22.68400032 22.85436521 22.97852154 23.03477134 23.06684285 23.14836492 23.18369567 23.10490148 22.90027175 24.31895909 24.16850699 24.05842963 24.08196954 24.23995121 24.42164924 24.68239509 24.88554417 24.95977259 24.92347598 24.80506656 24.71951384 22.63686195 22.519277 22.42393634 22.37218465 22.49491301 22.63692918 22.82214931 23.04550643 23.16666612 23.24331829 23.2428705 23.20663218 23.15343389 23.10111704 22.96838281 22.90040893 22.97963359 23.1843858 23.6184091 24.24706514 25.192387 -9999 -9999 -9999 -9999
22.70382833 21.29906841 19.8509476 18.69476003 17.8950774 17.98167948 17.53298708 18.9667081 20.48041965 21.96322596 22.78049907 22.68405779 22.50040712 22.52645642 22.49814836 22.5375519 22.59624967 22.6244715 22.81229322 22.9635724 23.06229051 23.10631123 23.12346743 23.17685459 23.21140573 23.17318582 24.71613574 24.5926463 24.54530931 24.50944084 24.55121702 24.67801045 24.79902306 24.9677136 25.11362796 25.15208119 25.08892406 24.98738211 24.89151972 22.72684521 22.6113041 22.5407375 22.48616007 22.5964265 22.67939182 22.78499159 22.9196307 22.96282227 23.015724 23.01648015 22.97598722 22.94532675 22.8930862 22.82898927 22.85639149 22.99376979 23.20947493 23.57469692 24.09029236 24.67050083 25.1154916 -9999 -9999 -9999
21.3486802 20.41453571 19.3496402 18.65535868 18.32896013 16.9843186 17.88572554 19.14190555 20.75021011 22.18775121 22.98021772 23.00550325 22.90134266 22.879925 22.94436791 22.96749724 22.94957418 23.02250208 23.05638012 23.11865346 23.16708719 23.16156403 23.17102405 23.18950931 23.20601459 23.21770343 24.88257949 24.9324241 24.96034569 25.0992976 25.16455051 25.14785284 25.23559814 25.2570657 25.2995388 25.29821056 25.24198316 25.18324771 25.10170643 22.97695137 22.88810814 22.82986859 22.83240082 22.8679449 22.900132 22.90782414 22.90682322 22.87558932 22.90991655 22.88385984 22.84815549 22.77811651 22.6842094 22.73724372 22.84839161 23.02618403 23.27353373 23.57417764 23.8804607 24.16808465 24.51626629 24.89264565 25.19978164 -9999
