meets/meet004/data/CCSM_6k_neotropic_bio16.asc
NCOLS 154 
NROWS 168 
XLLCORNER -112 
YLLCORNER -55.5 
CELLSIZE 0.5 
NODATA_value -9999 
[rows 87 to 115 of 168, columns 64 to 127 of 154]
-9999 -9999 -9999 -9999 -9999 -9999 -9999 -9999 -9999 234.6391944 357.3574638 508.9067881 643.164299 785.9170484 908.0693433 982.5258774 989.299639 988.2723522 1026.359542 1044.19863 1075.33486 1147.185945 1183.694235 1146.927612 1078.762896 968.0452395 807.6316555 653.1282779 579.0695724 531.4860321 507.1299119 507.460798 515.0404423 521.4295846 529.7859745 539.8611023 550.4106176 560.9178178 571.4566689 578.7830059 587.1090954 595.9030817 603.2967288 616.7320628 628.6001442 643.9809072 663.4052637 680.5277375 698.4296744 713.1867356 720.5591116 721.2284246 719.5793565 719.4769966 718.5352185 721.6761949 728.1447425 730.8226263 728.683777 721.7578025 707.979114 687.063119 661.9990118 634.192307
-9999 -9999 -9999 -9999 -9999 -9999 -9999 -9999 -9999 -9999 -9999 293.4885091 411.2706231 581.3238982 771.3127756 879.3486462 911.6300969 926.2018572 926.4227958 915.1019158 948.9669399 1046.937643 1153.173028 1197.231433 1227.130034 1169.888451 1006.079676 825.4031032 717.7669103 615.7937379 552.3442324 527.223428 514.223307 514.3968617 517.5594637 523.882181 532.6136818 542.0418295 553.506697 561.9462098 570.9285776 580.2268915 586.825216 602.5256116 616.0553182 633.1353493 655.5536506 674.9818295 695.7577456 715.1499117 726.1856682 729.0999676 729.9645808 730.8424863 729.6057891 732.0043313 737.1005712 737.3127837 730.4919849 718.3047605 699.5783251 673.9563571 646.4557445 617.9422242
-9999 -9999 -9999 -9999 -9999 -9999 -9999 -9999 -9999 -9999 -9999 -9999 -9999 387.5926737 549.2837746 699.6300775 841.2379127 951.1768447 920.1090985 882.2086655 893.0692021 958.6627559 1038.741623 1162.909212 1295.411158 1307.027249 1194.73889 1075.021427 910.3589765 737.7027543 627.6763645 571.3326778 524.6971136 506.1616494 503.4676774 507.7406285 517.1811635 529.153436 542.9529262 556.0967511 566.6924005 576.1479799 586.6885535 601.1101086 618.6921802 636.3339744 654.7981538 674.1144349 694.0578908 714.4626805 729.4656312 738.1514743 743.2896512 748.1718665 750.2382366 750.2812976 749.0169019 743.9862873 730.710452 711.4891032 688.6045974 662.0609365 633.1413123 605.4664
-9999 -9999 -9999 -9999 -9999 -9999 -9999 -9999 -9999 -9999 -9999 -9999 -9999 -9999 -9999 491.1877309 668.9102801 824.5691002 840.4352249 841.317702 846.9102186 869.4239475 924.7734387 1059.057576 1225.856205 1300.946975 1277.645244 1226.851875 1081.719004 906.4545854 763.5026056 647.7363525 553.2265126 508.7196615 491.3718298 491.7071419 502.8300524 517.6663216 533.6324281 549.6791981 561.8985014 572.3906408 584.7678551 599.6037526 617.9946024 635.7843754 652.2322672 670.5948131 689.6032712 709.9003043 730.129286 748.5062062 761.4408173 768.0480881 769.2663706 765.7184536 758.4920494 748.4170252 730.4671404 706.7164785 681.5182113 654.1510041 625.0160737 598.30713
-9999 -9999 -9999 -9999 -9999 -9999 -9999 -9999 -9999 -9999 -9999 -9999 -9999 -9999 -9999 -9999 -9999 555.6492319 682.6869553 787.3466655 815.0989969 789.127973 798.393075 912.8270546 1038.663203 1142.692196 1235.767738 1289.090941 1191.147883 1083.162496 933.4604809 736.175102 586.1940419 516.600606 481.1359029 477.2821822 490.1480086 507.369849 524.4571338 541.5232609 554.5059847 566.0436041 578.8823772 594.5368213 612.405831 630.341062 647.5922957 664.3607684 683.3294185 702.0811192 726.7704755 758.414348 783.4258112 785.2313672 783.6504247 775.3833269 761.9675082 748.5588007 727.671976 704.1588514 678.8043063 650.2239368 621.7921565 596.9625342
-9999 -9999 -9999 -9999 -9999 -9999 -9999 -9999 -9999 -9999 -9999 -9999 -9999 -9999 -9999 -9999 -9999 349.0187635 493.6737839 631.661067 693.7971044 695.7470814 711.5261653 781.2437203 865.8008712 967.2571138 1091.10722 1181.750812 1170.337308 1125.967546 1000.382058 799.905884 628.0096385 532.9558781 481.4749496 468.8005488 478.5769507 495.5182351 512.2837416 528.9023293 542.7548126 555.281615 569.7188254 586.5883442 605.3602036 624.4808882 642.8876289 661.50359 681.7236353 703.2354758 729.6254101 761.664896 785.3117535 786.7154286 781.2256255 770.0117412 754.2953493 739.0920958 719.9911144 698.9372948 675.4660905 649.4427382 623.8881164 601.766219
-9999 -9999 -9999 -9999 -9999 -9999 -9999 -9999 -9999 -9999 -9999 -9999 -9999 -9999 -9999 -9999 -9999 -9999 -9999 430.9702961 527.5431409 605.5080774 656.6883466 687.2390803 719.5251634 792.623352 904.1905308 979.2305346 1060.44156 1085.666569 1000.020184 824.2029501 654.5564214 550.4282039 485.2674421 463.7454191 468.7998442 483.082555 498.0969501 513.4825278 527.5481787 542.2473254 558.1084319 577.0606466 597.7388237 618.3312791 639.7469767 660.7513075 683.6895941 709.1417354 734.0261987 758.4313453 777.0249492 773.9255492 764.8661186 752.4285381 737.9779071 722.9443339 708.4256731 691.6770891 671.4618642 648.7737517 628.5464293 609.5675463
-9999 -9999 -9999 -9999 -9999 -9999 -9999 -9999 -9999 -9999 -9999 -9999 -9999 -9999 -9999 -9999 -9999 -9999 -9999 278.7562552 388.354407 505.4593337 588.0318428 620.2366358 635.7073244 686.3424136 770.7392606 860.6733162 966.7354772 1028.792024 981.9587248 843.3640577 685.9668449 570.861656 496.7043713 462.7985003 459.421614 468.896943 481.6291651 495.1576465 510.5573244 528.1187403 546.7114621 567.2891978 589.2361161 611.6123796 635.4876539 660.0328232 685.4297614 710.7687256 731.5501749 746.6303803 755.1277691 752.2380068 742.8585574 732.3845723 721.43864 709.4869024 698.0492218 684.3373512 667.5726508 649.238228 631.6196286 618.2585851
-9999 -9999 -9999 -9999 -9999 -9999 -9999 -9999 -9999 -9999 -9999 -9999 -9999 -9999 -9999 -9999 -9999 -9999 -9999 -9999 278.1674592 427.187139 540.6333452 579.9120082 595.135768 631.4787327 702.9210004 782.4727551 910.0783153 999.3882509 979.2422749 856.6996251 708.583685 592.2697783 503.3501998 459.9006655 450.6493889 454.5304606 466.2623685 478.0392229 494.4453574 516.5505177 535.9511117 558.5638458 580.9427472 604.2802942 630.7934054 657.6814896 684.6504206 710.1103743 725.7958304 731.396308 730.8108881 728.7062416 720.8988717 713.5762433 707.7305328 698.7186818 690.4811961 679.4865069 666.2074351 650.8953882 633.0335706 627.0340864
-9999 -9999 -9999 -9999 -9999 -9999 -9999 -9999 -9999 -9999 -9999 -9999 -9999 -9999 -9999 -9999 -9999 -9999 -9999 -9999 223.8169848 373.767217 496.1643291 555.0686485 578.3481569 614.3536015 683.0793387 776.4336371 901.0905246 997.5469698 988.2408583 877.6110276 733.7831553 607.617131 512.7144397 460.8195896 444.5777134 446.4034384 456.5289992 469.136165 487.1120971 509.5414159 531.4743586 552.0422842 572.9745495 596.7364417 624.9463515 653.5141874 680.0659879 702.3708552 714.7462511 716.4964782 714.0080829 712.2266532 708.4646412 704.2805173 700.5599366 694.9089087 688.884015 680.633447 671.033318 661.0071027 649.6407408 640.2661287
-9999 -9999 -9999 -9999 -9999 -9999 -9999 -9999 -9999 -9999 -9999 -9999 -9999 -9999 -9999 -9999 -9999 -9999 -9999 -9999 194.0571119 354.7038035 486.4745123 551.7341323 579.5410659 618.3291591 697.0741361 785.8121457 918.2217722 1031.255535 1023.056506 892.2638361 745.8478071 616.5409859 509.8341288 454.1712663 438.3842806 438.2508594 448.9704327 463.415081 482.0909729 505.4924084 529.5851303 546.1526964 564.6331009 587.8057356 618.0899654 648.3172084 671.2122495 692.7398357 702.858923 703.7892511 700.0505691 701.2295794 701.4217005 699.7729529 696.6562148 694.1494581 690.4523055 685.0846994 679.0518725 673.2345646 668.561822 653.4370112
-9999 -9999 -9999 -9999 -9999 -9999 -9999 -9999 -9999 -9999 -9999 -9999 -9999 -9999 -9999 -9999 -9999 -9999 -9999 -9999 195.7666782 362.6431089 507.9958911 575.4469328 603.1880064 643.119189 719.7443562 825.4363342 957.3613928 1059.82934 1043.771562 910.3744374 746.581641 607.2787617 503.1857631 446.5231828 429.4212832 432.0177513 442.4701903 457.0505497 476.1686352 498.7081142 520.8259954 538.3171389 556.2391765 578.7903989 607.0462865 635.323237 658.2012492 675.9445515 686.9474198 691.6521381 693.4256323 694.7980722 695.1939844 694.5184575 693.9831967 693.0038699 692.501563 691.5084284 688.0606633 682.293718 673.9165613 661.9341829
-9999 -9999 -9999 -9999 -9999 -9999 -9999 -9999 -9999 -9999 -9999 -9999 -9999 -9999 -9999 -9999 -9999 -9999 -9999 -9999 194.4362052 381.7707819 559.5683758 603.3088072 624.6026352 665.0412966 745.9256776 855.0934499 991.5506943 1102.793034 1076.8404 914.7945305 729.9320051 592.2032767 484.8416879 430.5022213 418.5085539 423.4821282 434.1213063 448.7314009 467.3434748 489.8639257 512.0324261 527.7858145 545.0471114 566.1826116 593.2947724 622.0729265 641.5543408 658.3883327 670.6709195 679.9243713 687.0957293 688.5661193 689.3655081 689.3830844 690.0221438 690.9642295 692.9104994 696.1060978 694.9238668 687.9574839 679.1634416 668.1213902
-9999 -9999 -9999 -9999 -9999 -9999 -9999 -9999 -9999 -9999 -9999 -9999 -9999 -9999 -9999 -9999 -9999 -9999 -9999 -9999 201.9830412 387.0426023 550.325746 612.6250801 634.1300447 677.833133 763.2407827 880.7501699 1016.522713 1114.467725 1077.081508 909.0978352 719.7717872 585.6385094 478.2335328 420.809723 409.5580125 415.270253 426.0222889 439.0396395 457.038396 479.0059338 499.5543069 515.5697763 530.9963702 550.7913445 576.4519025 601.9722007 623.1602727 640.9669836 655.5267865 667.7142187 677.0441824 681.7164132 684.4053939 685.3594712 685.563284 687.099749 691.4874971 695.6087192 695.8152305 691.6669668 684.5956347 674.9647855
-9999 -9999 -9999 -9999 -9999 -9999 -9999 -9999 -9999 -9999 -9999 -9999 -9999 -9999 -9999 -9999 -9999 -9999 -9999 -9999 191.9146423 379.6040084 554.0625526 602.2837737 624.9952932 677.1673931 778.3170132 897.6540919 1031.760148 1131.038127 1080.671958 890.377647 689.9272861 577.7991424 470.0382836 412.8129516 399.8079704 407.1901191 417.418362 429.2920717 446.3183666 468.3314968 488.6206625 502.7773056 516.3505911 534.1164548 558.4199639 582.9510496 603.2651296 623.1422115 639.2552842 653.3536041 666.0318678 671.2985356 676.820555 679.0775834 679.5884523 681.8681008 687.8450336 693.5733049 695.119591 692.3476368 688.2537546 679.6220521
-9999 -9999 -9999 -9999 -9999 -9999 -9999 -9999 -9999 -9999 -9999 -9999 -9999 -9999 -9999 -9999 -9999 -9999 -9999 74.13687285 180.727548 348.5151204 498.8919394 568.4139259 606.9394584 675.1873847 786.3080135 915.0185683 1041.294455 1115.539858 1051.535039 863.6480708 664.3150658 554.1781253 464.2272669 413.7290985 393.0540716 400.3466188 410.6247105 422.202897 438.979091 459.9193358 479.1412325 493.3400517 504.9250819 520.9909736 542.449951 563.5631274 585.8356989 605.5516629 622.7175788 638.0160028 649.5854122 658.9187092 665.5218045 669.6438999 673.4874398 677.7947355 683.7002238 690.6039016 692.7251406 690.0217079 686.315839 681.0294963
-9999 -9999 -9999 -9999 -9999 -9999 -9999 -9999 -9999 -9999 -9999 -9999 -9999 -9999 -9999 -9999 -9999 -9999 -9999 65.68220864 159.6711033 313.1008518 453.4649053 522.6952303 577.5177082 668.751459 805.3073947 943.6022351 1057.820011 1115.360441 1033.632901 833.3106114 628.0748945 531.1311844 448.838581 409.7983866 391.4936491 393.9363606 403.6314935 415.4244996 431.8434374 452.8107962 472.5609028 486.1385278 497.6275679 512.3936227 531.7542288 550.2942209 571.8311184 591.8664771 609.0282804 624.4791936 636.4165545 646.6530202 654.6453169 659.5829356 664.245657 669.4500335 674.2071691 681.7625538 685.4930851 684.1678521 682.7997186 676.077541
-9999 -9999 -9999 -9999 -9999 -9999 -9999 -9999 -9999 -9999 -9999 -9999 -9999 -9999 -9999 -9999 -9999 -9999 -9999 62.20378592 144.2966089 275.3082081 397.0105967 475.8312505 546.7922184 666.7933574 832.7007792 988.6180249 1090.809528 1113.654513 1012.36548 812.9090766 612.1924229 505.3301712 441.5597836 407.0136805 396.839098 391.9179818 397.507362 409.1323575 425.9140823 447.2423693 467.4399362 482.7945525 496.5481687 511.081643 528.2204228 546.371002 564.9485808 583.1671255 600.3282504 615.6661016 628.6010366 638.5697774 645.813362 650.194545 653.5129417 657.2926509 661.3324274 665.4428408 671.3039413 677.0811501 674.1343877 664.3423469
-9999 -9999 -9999 -9999 -9999 -9999 -9999 -9999 -9999 -9999 -9999 -9999 -9999 -9999 -9999 -9999 -9999 -9999 -9999 60.04902144 131.254355 244.048114 349.9079731 426.6975014 515.4186215 668.1896265 878.6130112 1058.905626 1148.453555 1143.109197 1015.26775 800.4502892 594.0348562 487.3496973 429.6182878 408.1278502 399.8160143 398.9454772 401.3640588 404.4866949 419.2671634 440.5277493 461.2219407 477.3170104 493.1416998 508.3372605 524.2628023 541.37653 557.2525841 574.1763324 590.182041 605.3994797 619.2068868 627.7852366 634.513759 636.8749308 636.975165 639.7774851 643.9524381 650.9328103 660.413524 668.4657144 663.496177 640.2940807
-9999 -9999 -9999 -9999 -9999 -9999 -9999 -9999 -9999 -9999 -9999 -9999 -9999 -9999 -9999 -9999 -9999 -9999 -9999 63.59292452 124.7584431 219.7338011 310.2950851 385.7619032 485.4937427 673.7002622 937.4508389 1155.234381 1228.313743 1192.497173 1037.495717 800.8787835 583.1181986 474.0344768 425.3104249 407.0439508 402.6441592 403.8751756 407.1926538 412.1660336 417.9708563 433.5425558 453.6916123 470.6495651 486.6628019 502.2548311 519.0756378 534.9293835 548.79636 562.563912 577.390038 593.6149461 607.6450055 614.3295425 619.1500524 619.5568455 616.6423629 617.4070911 626.5640597 639.0482828 652.8230627 662.3766226 656.3596618 607.9678867
-9999 -9999 -9999 -9999 -9999 -9999 -9999 -9999 -9999 -9999 -9999 -9999 -9999 -9999 -9999 -9999 -9999 -9999 -9999 68.68736512 121.6536962 199.0875892 276.2833732 352.4550155 467.0803915 688.9064295 998.097514 1244.421177 1303.374732 1235.287289 1048.898422 794.4492475 572.8453912 456.1122089 415.9953378 406.9596847 404.4688575 405.7720772 410.5746497 415.6181339 422.7721476 431.8345276 444.969965 462.3196705 478.9363491 495.129719 511.3161134 526.75456 539.250537 551.163078 564.1940819 577.8288 589.8168833 594.5558285 597.3328026 595.9530222 592.8093062 594.7976167 606.6782177 624.4165171 640.6583669 647.5946991 633.8642051 570.5959223
-9999 -9999 -9999 -9999 -9999 -9999 -9999 -9999 -9999 -9999 -9999 -9999 -9999 -9999 -9999 -9999 -9999 -9999 -9999 75.09305141 119.5493347 182.5593886 246.5958734 325.9993879 450.9111706 699.7236377 1055.051491 1343.548924 1359.483564 1256.697232 1047.131747 777.0254296 548.6402539 441.8969832 408.1656726 401.1902705 401.7610026 403.7774214 409.1833178 415.7168776 423.1372847 433.3132145 442.2787587 453.8287357 470.8966535 487.0030052 503.4916756 518.5285682 529.769938 540.4521697 551.4164989 561.8333869 569.1706549 572.9697657 571.3327921 569.7210283 569.9239591 572.3887699 588.1223993 607.8868833 624.4391586 628.0740424 606.7494232 -9999
-9999 -9999 -9999 -9999 -9999 -9999 -9999 -9999 -9999 -9999 -9999 -9999 -9999 -9999 -9999 -9999 -9999 -9999 -9999 79.93021759 119.1467399 170.9872868 232.2810053 317.4154874 459.2100976 722.0070393 1078.679953 1343.079239 1347.467868 1210.581424 987.1397416 730.6629029 528.5723233 424.7374271 391.8013077 391.2162172 392.7313847 396.5273856 403.5139934 411.2300265 419.9196268 430.2938819 440.2342023 449.9624925 462.2704845 477.9582479 493.4663872 507.7220635 518.7376451 528.929773 538.5724119 546.6018203 552.2698577 553.9277674 551.8827201 550.3254353 551.0751674 555.9700722 570.4350442 588.974741 603.8439892 604.5793745 577.5861659 -9999
-9999 -9999 -9999 -9999 -9999 -9999 -9999 -9999 -9999 -9999 -9999 -9999 -9999 -9999 -9999 -9999 -9999 -9999 61.90115733 83.43284937 117.0083087 163.7159951 223.6711383 318.996344 466.2497569 729.4615421 1078.055824 1343.212362 1282.268878 1110.898308 889.0243928 663.6199454 482.0928557 408.2291963 372.7200203 373.9829462 379.9581635 384.7277967 393.5446632 403.1927925 412.7267195 425.0127946 434.8140524 445.4404924 456.1097774 469.1045685 484.0899262 496.2467027 507.8773113 517.8015804 526.4986224 534.3820233 539.5696591 540.0324494 538.1140533 537.0713584 538.0937589 542.2513699 555.8673631 570.5581882 583.2003747 582.3941213 557.6652073 -9999
-9999 -9999 -9999 -9999 -9999 -9999 -9999 -9999 -9999 -9999 -9999 -9999 -9999 -9999 -9999 -9999 -9999 -9999 62.01746377 85.31278824 120.5998614 165.3522077 232.2517053 343.3002709 506.4248543 746.0580653 1029.03728 1207.780897 1145.052225 963.1373931 761.9455317 582.8425108 453.3136697 389.3172754 365.805198 359.272973 359.9410693 368.4571656 379.176892 390.908761 402.0097618 414.2880799 426.1423649 437.9986435 449.4996785 461.7722658 474.8201793 486.5262134 496.6471896 505.9744849 514.2114009 521.0914349 528.1002785 532.0453598 532.8725878 531.1096685 529.4853634 530.8409923 540.3000196 552.0268047 560.8720215 558.3354259 530.9113775 -9999
-9999 -9999 -9999 -9999 -9999 -9999 -9999 -9999 -9999 -9999 -9999 -9999 -9999 -9999 -9999 -9999 -9999 -9999 61.45961523 90.67366211 128.2049573 176.6710876 236.2890135 375.6947171 542.0592828 745.3115014 956.9354994 1104.986508 982.5485169 794.9665768 625.5221078 504.5470665 408.7608086 375.2523851 359.8035276 355.5272764 354.9661177 357.249644 365.846329 376.2970675 388.1957392 402.2359237 414.9100625 427.7399458 442.3742099 455.1449552 466.7956084 477.725212 485.8302898 494.513145 505.7679977 517.8025379 528.8768039 533.3101331 536.3015539 535.5678817 534.1851346 534.2767073 530.7500143 532.0204229 537.1657627 532.7950991 515.3956989 -9999
-9999 -9999 -9999 -9999 -9999 -9999 -9999 -9999 -9999 -9999 -9999 -9999 -9999 -9999 -9999 -9999 -9999 -9999 64.53676459 101.461488 150.7169548 213.3476531 296.4807437 420.0474401 568.0489103 715.3052677 834.7035356 881.704873 797.9870369 649.1659043 521.0928948 439.8193156 386.7930736 361.3394588 353.7959464 352.2937504 353.2827367 357.299483 365.1435576 375.1757342 385.7676527 396.9579083 408.6650058 420.9869199 433.8576933 445.3588819 455.6775953 465.1694587 472.7817061 484.3351777 496.6718323 510.0704313 520.8474104 527.659698 531.7334498 532.2866786 531.2659195 528.0724163 522.0076093 511.56469 503.9134403 492.6989078 466.87283 -9999
-9999 -9999 -9999 -9999 -9999 -9999 -9999 -9999 -9999 -9999 -9999 -9999 -9999 -9999 -9999 -9999 -9999 56.79530247 69.49214109 115.5067322 175.9577818 255.3803003 341.7340375 453.9415131 576.3728188 663.1016868 710.8753477 703.6690228 632.7490638 520.5771358 437.2798005 389.0340103 362.0928309 352.6934325 348.2683046 348.8572235 351.8789347 356.2694032 364.4945846 373.9288967 383.2450639 393.2359293 402.6001857 413.3318566 424.4511078 434.2840771 444.0285003 452.3691219 459.1244042 470.496796 482.8262993 497.7625841 510.0019148 516.0745563 520.8076574 521.5450087 518.8597294 515.5199539 505.9420724 491.5637023 471.8237349 443.8306614 -9999 -9999
-9999 -9999 -9999 -9999 -9999 -9999 -9999 -9999 -9999 -9999 -9999 -9999 -9999 -9999 -9999 -9999 -9999 67.31201815 76.51163031 127.7787675 200.468622 292.6837115 384.1076344 466.187421 534.2846449 578.7581112 585.1656557 560.8789972 511.7306053 443.3703561 389.7638396 366.0292574 351.5663821 346.1004744 345.6102787 347.0775638 351.097367 356.7176356 364.1117042 372.3133161 380.6807683 389.1168799 397.3239387 406.1122396 414.6459886 423.1807085 431.6511267 439.2697065 446.1176906 455.3397822 467.4372561 480.5206411 491.5086052 499.2162243 503.6648002 504.3861197 501.1507899 493.2955686 478.3988742 459.6356955 438.4096605 -9999 -9999 -9999
