meets/meet004/data/CCSM_6k_neotropic_bio12.asc
NCOLS 154 
NROWS 168 
XLLCORNER -112 
YLLCORNER -55.5 
CELLSIZE 0.5 
NODATA_value -9999 
[rows 87 to 115 of 168, columns 64 to 127 of 154]
-9999 -9999 -9999 -9999 -9999 -9999 -9999 -9999 -9999 563.333984 826.9443057 1178.968186 1502.253447 1825.548716 2164.29852 2381.374732 2472.011442 2552.27944 2697.549815 2753.099549 2820.165834 2922.697174 2981.606141 2790.361513 2567.080639 2279.754429 1927.101597 1568.074098 1373.078753 1239.438888 1178.847237 1157.532221 1166.222997 1173.131669 1183.899538 1198.108985 1213.751807 1229.099872 1242.619229 1251.381158 1264.624566 1282.496018 1299.641215 1321.184778 1340.655608 1361.36403 1384.564445 1404.439835 1421.531978 1434.893095 1437.893284 1429.228483 1418.433919 1406.140231 1393.273684 1387.002484 1382.731104 1373.047003 1355.11293 1330.779736 1298.044903 1253.725543 1206.151511 1154.319322
-9999 -9999 -9999 -9999 -9999 -9999 -9999 -9999 -9999 -9999 -9999 723.7900522 994.5758262 1346.016837 1785.824807 2016.677494 2115.641415 2244.814132 2261.017659 2335.183751 2458.896433 2645.853853 2864.995967 2878.2876 2840.264014 2689.465821 2317.394088 1938.158476 1689.140676 1433.557434 1273.903268 1201.743367 1151.098963 1146.597046 1147.371701 1152.791032 1166.377898 1182.406326 1197.536346 1210.534705 1225.698407 1243.552232 1259.972314 1283.875557 1306.987781 1331.209228 1359.464763 1385.164408 1407.024706 1429.28634 1439.9913 1434.779981 1432.496518 1422.720608 1410.230803 1403.355512 1396.348039 1384.977737 1360.997953 1328.573367 1288.285556 1237.619963 1187.798548 1134.476185
-9999 -9999 -9999 -9999 -9999 -9999 -9999 -9999 -9999 -9999 -9999 -9999 -9999 944.7720853 1283.830892 1581.160584 1878.544141 2116.833652 2102.034846 2097.686442 2178.986742 2399.298636 2560.019824 2774.335045 2991.657962 2947.338793 2678.211855 2407.273311 2063.303883 1684.215099 1452.532186 1300.851624 1183.449723 1136.376383 1106.823612 1110.640894 1123.999367 1144.570019 1166.624813 1186.51154 1203.855769 1221.411268 1240.814792 1265.366344 1293.395665 1319.436087 1346.38579 1372.123672 1396.555068 1422.923624 1439.373199 1447.200496 1449.567172 1448.597152 1442.728425 1433.188374 1418.667867 1399.465808 1366.774675 1323.783434 1277.933938 1224.769991 1170.712934 1119.669927
-9999 -9999 -9999 -9999 -9999 -9999 -9999 -9999 -9999 -9999 -9999 -9999 -9999 -9999 -9999 1118.402999 1457.279811 1750.26642 1791.697669 1878.058207 1931.055433 2046.486387 2193.176519 2494.070774 2795.386047 2926.290089 2838.686326 2710.471105 2399.494848 2014.468924 1722.402122 1471.351577 1246.388476 1141.899735 1080.874736 1070.170914 1087.638344 1110.68755 1136.623196 1163.687311 1183.579848 1200.656927 1221.587601 1246.686346 1277.200746 1304.391558 1327.540858 1354.451666 1380.657163 1407.793099 1434.710187 1457.934798 1472.463858 1476.563197 1473.538139 1460.305826 1438.198601 1411.509346 1372.185732 1322.363133 1272.981251 1219.062279 1162.975472 1111.61833
-9999 -9999 -9999 -9999 -9999 -9999 -9999 -9999 -9999 -9999 -9999 -9999 -9999 -9999 -9999 -9999 -9999 1171.04098 1405.204382 1610.81803 1701.633834 1722.149571 1797.620048 2084.598147 2356.415166 2549.379319 2752.68067 2851.441912 2623.346051 2362.054416 2048.039341 1650.655243 1328.779176 1171.615475 1059.565609 1042.230101 1057.803879 1083.878975 1112.85772 1140.890464 1161.625669 1182.645339 1203.83895 1229.49975 1256.958351 1284.088423 1310.155763 1333.895921 1361.304873 1387.483681 1421.301694 1464.446262 1497.273732 1500.19415 1496.837704 1478.882751 1448.109415 1416.994987 1373.391241 1323.360755 1273.721259 1216.568314 1161.791134 1113.619983
-9999 -9999 -9999 -9999 -9999 -9999 -9999 -9999 -9999 -9999 -9999 -9999 -9999 -9999 -9999 -9999 -9999 742.3244405 994.4167295 1248.573896 1354.803765 1369.332786 1465.207707 1664.945036 1883.69298 2133.491208 2432.879576 2634.867507 2570.198962 2465.559139 2198.373448 1790.210443 1428.579383 1223.95916 1070.646267 1030.101225 1036.711434 1057.716298 1085.159291 1113.12293 1136.374274 1158.798954 1183.415694 1209.959665 1237.809047 1265.532447 1291.473268 1318.601009 1347.746908 1377.79997 1415.107064 1461.568101 1494.926042 1498.074363 1492.555817 1471.679138 1438.65118 1403.834001 1362.656898 1316.537115 1269.788209 1217.120967 1167.258695 1123.812665
-9999 -9999 -9999 -9999 -9999 -9999 -9999 -9999 -9999 -9999 -9999 -9999 -9999 -9999 -9999 -9999 -9999 -9999 -9999 839.8168701 990.8918406 1130.0793 1214.105806 1341.623879 1486.668365 1683.351592 1985.857704 2150.392798 2334.692606 2410.998535 2225.247014 1843.792298 1515.310534 1275.231032 1088.266938 1028.400946 1019.554626 1034.748819 1058.74924 1082.966888 1106.646077 1133.518996 1161.628896 1189.13152 1218.76669 1247.419962 1277.416645 1305.686467 1339.122889 1376.733742 1412.839012 1448.876158 1476.878746 1475.563738 1465.026418 1443.048635 1410.736047 1378.093369 1344.134201 1304.773508 1262.782723 1216.071902 1176.815179 1139.558038
-9999 -9999 -9999 -9999 -9999 -9999 -9999 -9999 -9999 -9999 -9999 -9999 -9999 -9999 -9999 -9999 -9999 -9999 -9999 538.5359825 706.1401604 879.3306703 1020.184909 1096.17847 1204.697028 1362.741486 1609.684561 1862.83861 2119.784047 2289.631539 2211.090667 1919.30088 1605.399611 1334.099194 1134.785525 1041.782138 1013.508618 1013.304383 1031.508182 1051.646517 1077.286043 1108.020108 1139.230113 1169.581601 1200.74551 1230.778826 1263.641656 1297.693028 1334.865239 1372.648705 1403.875413 1427.140285 1442.129888 1439.671787 1427.041655 1407.544503 1381.437059 1353.325969 1324.110817 1292.376418 1257.556295 1219.301953 1184.704816 1159.110478
-9999 -9999 -9999 -9999 -9999 -9999 -9999 -9999 -9999 -9999 -9999 -9999 -9999 -9999 -9999 -9999 -9999 -9999 -9999 -9999 505.0309905 725.1862863 884.7051265 975.6660166 1049.601185 1181.942831 1401.062432 1630.577043 1961.197623 2219.419915 2195.941928 1970.907679 1675.565746 1406.0361 1165.538273 1050.469312 1005.036333 994.0423202 1008.163677 1024.437391 1051.270613 1088.609839 1119.892158 1153.525879 1184.766144 1215.622983 1252.508791 1290.685375 1330.683916 1368.977057 1393.669952 1403.192634 1404.858395 1400.440709 1387.30537 1372.022965 1353.826032 1331.762673 1309.052225 1284.293307 1255.10598 1223.3243 1190.823664 1180.623119
-9999 -9999 -9999 -9999 -9999 -9999 -9999 -9999 -9999 -9999 -9999 -9999 -9999 -9999 -9999 -9999 -9999 -9999 -9999 -9999 387.732748 600.9342735 779.6371651 887.1975583 971.8278081 1075.018214 1279.680305 1560.18739 1894.281339 2169.481243 2215.744276 2031.332622 1761.547633 1462.083555 1218.650626 1077.166987 1012.573494 989.1071087 999.9775869 1015.164968 1043.471589 1079.363562 1114.227211 1143.877306 1173.398773 1204.556038 1244.256834 1284.745691 1323.984648 1359.561495 1378.496865 1379.942253 1376.319818 1370.792355 1361.049359 1349.636248 1335.146045 1319.981176 1302.72931 1284.110866 1264.366062 1244.164399 1224.500205 1211.032629
-9999 -9999 -9999 -9999 -9999 -9999 -9999 -9999 -9999 -9999 -9999 -9999 -9999 -9999 -9999 -9999 -9999 -9999 -9999 -9999 326.6576652 553.8989226 736.025587 851.355346 940.6057877 1049.653224 1292.272408 1547.100992 1899.572993 2247.089256 2303.370957 2081.896381 1829.272258 1529.29923 1238.765282 1084.272841 1016.357442 985.1338851 996.9431522 1013.448005 1042.128677 1079.887355 1116.703616 1139.367443 1164.189833 1194.222911 1237.481214 1279.613207 1314.959507 1348.511911 1363.881119 1362.433118 1354.288715 1350.939649 1344.610853 1336.257632 1323.057754 1314.020986 1303.847799 1291.305787 1278.716129 1268.690413 1262.323935 1244.113438
-9999 -9999 -9999 -9999 -9999 -9999 -9999 -9999 -9999 -9999 -9999 -9999 -9999 -9999 -9999 -9999 -9999 -9999 -9999 -9999 316.6113248 544.3526223 746.0219725 870.2095235 959.4169473 1072.853098 1307.804884 1620.672923 1987.857369 2297.853108 2358.360356 2159.431063 1866.098116 1541.077327 1264.274304 1099.921346 1022.548848 992.4005858 1000.436595 1017.023525 1045.184536 1079.081734 1111.980524 1136.947419 1160.606648 1189.60676 1228.771487 1268.91877 1302.460661 1329.666428 1344.214421 1346.728605 1344.61097 1339.299786 1332.211422 1324.799374 1317.157219 1310.559408 1306.125373 1302.300333 1297.291702 1290.955882 1282.318643 1269.208961
-9999 -9999 -9999 -9999 -9999 -9999 -9999 -9999 -9999 -9999 -9999 -9999 -9999 -9999 -9999 -9999 -9999 -9999 -9999 -9999 304.9414204 560.4095088 799.7839961 892.4505946 975.9153016 1099.086817 1353.896939 1671.973159 2059.118247 2406.418092 2453.648312 2206.146453 1876.651881 1549.84103 1251.322453 1089.147797 1018.067616 996.3535582 1004.330035 1020.951664 1047.26403 1081.68461 1112.687527 1134.905388 1156.808763 1183.39063 1220.541136 1259.982163 1289.407357 1312.793908 1327.413111 1335.848348 1338.683732 1333.050644 1324.813803 1318.275755 1313.511781 1308.84419 1311.466777 1314.9915 1316.604167 1310.636217 1303.286749 1292.903477
-9999 -9999 -9999 -9999 -9999 -9999 -9999 -9999 -9999 -9999 -9999 -9999 -9999 -9999 -9999 -9999 -9999 -9999 -9999 -9999 313.7394024 561.6618017 782.7650072 901.8169622 986.5440939 1115.889919 1387.633407 1729.543306 2116.500042 2430.324017 2460.84129 2205.595521 1869.205109 1530.2165 1246.917557 1091.111824 1025.113736 1001.995677 1010.245455 1024.751303 1049.438484 1080.812646 1110.205539 1132.069866 1152.163968 1176.887094 1210.86687 1246.172385 1275.001579 1298.431026 1314.753625 1324.911455 1330.332327 1327.189449 1322.270189 1316.319327 1310.762719 1309.223169 1314.630299 1322.424655 1326.732463 1326.170237 1322.944352 1314.889625
-9999 -9999 -9999 -9999 -9999 -9999 -9999 -9999 -9999 -9999 -9999 -9999 -9999 -9999 -9999 -9999 -9999 -9999 -9999 -9999 294.39627 547.3234383 781.4825711 877.1057541 965.0357787 1113.440677 1423.762936 1757.643144 2146.2287 2472.267516 2476.184955 2176.281173 1824.924035 1498.634471 1212.960949 1073.55661 1020.648405 1006.514098 1016.962038 1029.203945 1052.278417 1084.514174 1113.519717 1133.687743 1150.690901 1172.997981 1206.357057 1237.491549 1264.916226 1289.790189 1306.578534 1317.593398 1325.161939 1324.490297 1321.998155 1318.015635 1313.684479 1311.945746 1323.341689 1332.954027 1341.505452 1345.751887 1344.619724 1342.520274
-9999 -9999 -9999 -9999 -9999 -9999 -9999 -9999 -9999 -9999 -9999 -9999 -9999 -9999 -9999 -9999 -9999 -9999 -9999 145.9581767 278.5813015 501.8977925 706.3484971 834.0424792 941.500768 1108.625989 1420.670275 1780.944144 2149.136734 2423.108761 2403.360014 2109.103493 1755.560733 1440.828142 1193.963778 1069.318728 1023.411994 1011.891202 1022.693385 1036.658721 1059.056766 1088.957765 1117.950529 1137.839283 1154.461669 1174.680605 1202.451441 1230.686196 1257.782467 1281.960534 1299.031701 1309.866817 1316.749098 1319.199184 1319.903939 1318.191586 1317.649473 1321.514748 1331.184347 1346.69938 1356.296626 1359.184458 1363.642281 1364.871385
-9999 -9999 -9999 -9999 -9999 -9999 -9999 -9999 -9999 -9999 -9999 -9999 -9999 -9999 -9999 -9999 -9999 -9999 -9999 129.7750398 245.5845989 451.3126073 641.9510213 760.0015343 889.9347342 1093.62758 1446.257035 1810.384186 2153.527046 2410.929722 2354.473058 2031.070303 1666.632606 1387.858823 1157.191512 1055.379821 1020.898625 1018.593647 1031.211692 1045.64259 1068.409557 1100.472415 1129.11654 1150.137552 1166.647978 1186.107088 1212.828818 1235.791078 1263.192284 1285.710517 1303.126928 1314.324531 1320.784662 1327.259632 1328.309854 1328.217701 1330.94201 1333.658661 1347.296123 1363.881141 1381.75974 1392.469422 1397.458148 1393.64678
-9999 -9999 -9999 -9999 -9999 -9999 -9999 -9999 -9999 -9999 -9999 -9999 -9999 -9999 -9999 -9999 -9999 -9999 -9999 123.2946879 224.9493325 398.6630755 562.7571541 700.6118353 844.2159826 1083.385436 1462.533022 1854.439801 2176.192178 2371.101773 2287.819713 1959.753677 1607.637712 1331.99115 1141.291961 1048.871159 1027.70609 1026.386842 1040.140276 1058.008297 1081.279363 1112.014128 1143.11668 1166.361525 1189.40584 1208.930951 1229.678221 1254.277309 1275.774487 1300.417742 1317.239626 1325.335484 1335.658822 1340.743671 1345.858449 1345.084874 1343.621885 1351.055151 1361.322813 1384.484535 1406.623926 1426.923462 1428.006854 1417.999706
-9999 -9999 -9999 -9999 -9999 -9999 -9999 -9999 -9999 -9999 -9999 -9999 -9999 -9999 -9999 -9999 -9999 -9999 -9999 118.7718606 204.8820301 353.7259184 494.5901426 620.6099963 794.9234601 1084.681769 1525.780286 1935.085545 2231.931985 2389.334365 2252.674563 1904.626171 1545.8736 1295.71108 1116.800205 1050.612388 1032.066564 1037.258018 1051.722638 1069.727082 1094.342847 1128.380111 1160.632439 1185.084472 1208.584177 1230.262799 1253.234123 1276.820612 1295.53071 1315.568462 1333.062187 1347.371183 1359.495824 1364.925936 1366.68277 1364.869368 1365.627478 1373.009215 1388.026969 1412.652609 1447.442224 1475.589292 1472.559571 1432.568149
-9999 -9999 -9999 -9999 -9999 -9999 -9999 -9999 -9999 -9999 -9999 -9999 -9999 -9999 -9999 -9999 -9999 -9999 -9999 123.2505796 197.4921224 318.9445049 438.9184398 565.8272281 754.5387896 1088.432859 1598.828663 2053.735648 2320.417569 2423.487321 2252.076968 1882.334141 1506.71628 1268.034439 1110.34189 1051.483304 1038.251555 1045.397039 1061.403 1083.245651 1107.93889 1141.085994 1173.187658 1199.258628 1226.079799 1248.040351 1271.580208 1293.189948 1312.6995 1332.025459 1348.939619 1366.024088 1380.625512 1386.303749 1392.44202 1388.617015 1383.981119 1387.82399 1416.625842 1456.852474 1499.389186 1521.838663 1518.777216 1419.576303
-9999 -9999 -9999 -9999 -9999 -9999 -9999 -9999 -9999 -9999 -9999 -9999 -9999 -9999 -9999 -9999 -9999 -9999 -9999 129.7499828 192.0658305 290.0704259 390.9955781 525.3119319 725.4240089 1112.529389 1673.211357 2162.919881 2402.57161 2461.087035 2233.965635 1836.067953 1465.449598 1235.161107 1095.962749 1057.678007 1049.038304 1054.714076 1072.751179 1092.094354 1118.767676 1152.843093 1185.971528 1215.182073 1239.540039 1265.154625 1292.3587 1315.759682 1335.417937 1349.368042 1368.684883 1390.002403 1404.935733 1410.311274 1409.611081 1404.517109 1406.954294 1414.449574 1451.27318 1493.860233 1543.910856 1562.268527 1540.253559 1405.306385
-9999 -9999 -9999 -9999 -9999 -9999 -9999 -9999 -9999 -9999 -9999 -9999 -9999 -9999 -9999 -9999 -9999 -9999 -9999 140.1632046 192.3907563 269.1168381 349.7309799 481.7457822 704.3475641 1123.629467 1749.239803 2293.302193 2460.066292 2456.56912 2199.85282 1791.261172 1403.58894 1211.44282 1088.892226 1055.952965 1052.010999 1058.987954 1076.222443 1100.002305 1125.868381 1159.308292 1192.016702 1221.229819 1254.367362 1280.391714 1307.727619 1335.19293 1351.167234 1373.546748 1390.705804 1406.638008 1421.183181 1422.74803 1423.620832 1419.001048 1421.375973 1434.411814 1472.626151 1529.907342 1579.042846 1576.910635 1540.452467 -9999
-9999 -9999 -9999 -9999 -9999 -9999 -9999 -9999 -9999 -9999 -9999 -9999 -9999 -9999 -9999 -9999 -9999 -9999 -9999 148.8592829 194.0431684 256.7501569 335.1142764 478.5515205 720.0467777 1158.429877 1775.143705 2274.154101 2417.015529 2349.6252 2062.895493 1676.329139 1346.639918 1162.888295 1068.878119 1051.612145 1050.005765 1058.955912 1079.572423 1103.460296 1131.145747 1164.894054 1198.072288 1231.581047 1263.965276 1292.365239 1322.588639 1349.618962 1372.975236 1394.902077 1414.727118 1432.06433 1445.068006 1450.514228 1448.498212 1445.101299 1452.463738 1467.336076 1508.470042 1560.36163 1606.137793 1599.71072 1535.907984 -9999
-9999 -9999 -9999 -9999 -9999 -9999 -9999 -9999 -9999 -9999 -9999 -9999 -9999 -9999 -9999 -9999 -9999 -9999 132.9901203 159.7352845 198.5612482 253.7805274 326.081614 475.8696514 726.7631315 1167.042754 1768.597245 2268.538145 2296.785036 2162.601461 1872.331701 1536.218385 1233.237204 1112.378776 1044.02487 1033.928974 1041.016802 1051.837132 1073.986083 1102.903875 1131.673083 1168.107758 1201.370298 1233.568012 1269.859269 1298.540728 1330.485219 1358.286614 1383.114829 1411.443011 1432.697637 1452.0972 1470.812216 1471.565686 1474.674797 1473.378754 1480.439692 1496.270532 1532.862184 1579.209391 1620.756914 1603.138089 1548.524239 -9999
-9999 -9999 -9999 -9999 -9999 -9999 -9999 -9999 -9999 -9999 -9999 -9999 -9999 -9999 -9999 -9999 -9999 -9999 140.7571179 170.7800596 212.1511405 266.0860077 353.4102143 529.4573739 795.4965602 1201.668718 1701.198805 2064.98454 2071.314298 1896.190596 1624.080395 1357.663755 1150.026859 1046.79452 1011.374686 1013.638464 1023.805502 1041.355545 1068.699561 1100.130485 1131.654466 1168.267509 1204.116872 1240.599638 1276.041782 1306.239695 1338.612771 1366.952909 1396.268567 1424.456113 1448.536993 1471.599979 1488.147335 1497.035224 1499.628529 1500.516445 1510.340178 1526.065885 1558.379342 1593.719482 1623.485704 1606.354603 1534.153581 -9999
-9999 -9999 -9999 -9999 -9999 -9999 -9999 -9999 -9999 -9999 -9999 -9999 -9999 -9999 -9999 -9999 -9999 -9999 148.3964641 188.2745765 233.7649352 293.6858085 373.020751 580.8215339 852.9357787 1212.803933 1610.326259 1922.556895 1812.593543 1602.520544 1366.864022 1189.417538 1030.86894 992.7797035 977.2608303 984.8122486 1003.625881 1024.118797 1056.396174 1093.798162 1126.536771 1165.604091 1202.745515 1238.749376 1278.382241 1308.611739 1341.26104 1371.507787 1397.137641 1429.128173 1454.067682 1478.919544 1501.182589 1509.52588 1515.969801 1518.342476 1527.227123 1543.10797 1565.991668 1589.658377 1612.888712 1589.640126 1543.758221 -9999
-9999 -9999 -9999 -9999 -9999 -9999 -9999 -9999 -9999 -9999 -9999 -9999 -9999 -9999 -9999 -9999 -9999 -9999 161.8845527 215.4759065 276.8779171 359.2259835 472.3888129 670.4510545 917.3359009 1190.674483 1436.947981 1584.569546 1514.940367 1335.727704 1154.891037 1039.502606 961.1319988 932.5041653 939.7965778 956.0107401 980.3156369 1008.199297 1043.66267 1082.961576 1117.856914 1157.608671 1195.365674 1234.017877 1272.151493 1303.419918 1336.316713 1366.5673 1396.659796 1425.456296 1452.30592 1481.209405 1503.167578 1516.786797 1525.004063 1528.922423 1536.361315 1543.216114 1556.052879 1567.7759 1571.307579 1538.942239 1471.378149 -9999
-9999 -9999 -9999 -9999 -9999 -9999 -9999 -9999 -9999 -9999 -9999 -9999 -9999 -9999 -9999 -9999 -9999 131.7138807 180.5260775 248.3361777 326.9506021 433.9344784 549.2454657 736.6167402 951.1287113 1127.259286 1275.101536 1326.594252 1241.333125 1106.053866 989.7146071 916.530935 884.4047764 889.6838818 904.5799988 925.583905 958.2894429 987.0255002 1024.247944 1067.787373 1104.679207 1147.526273 1182.39897 1218.529638 1259.822881 1292.262089 1327.799409 1356.774474 1384.639613 1415.693214 1442.586091 1475.031961 1501.433711 1511.707719 1522.660237 1525.981309 1526.346494 1526.909714 1524.513907 1520.410439 1505.896775 1463.607384 -9999 -9999
-9999 -9999 -9999 -9999 -9999 -9999 -9999 -9999 -9999 -9999 -9999 -9999 -9999 -9999 -9999 -9999 -9999 157.3142218 203.1603857 275.327283 370.9287768 502.6523998 634.5328344 777.0591291 918.2254443 1029.680686 1081.091016 1089.27439 1043.203347 955.5923298 881.8829851 855.9094166 846.0316694 854.8971257 877.5191566 899.5012523 932.5349551 967.9170254 1007.567626 1050.120215 1086.20941 1127.320652 1166.201687 1204.457432 1241.840298 1273.412939 1309.13729 1341.975273 1373.75168 1404.680865 1431.180249 1459.625442 1482.96903 1498.401968 1507.767252 1509.490995 1506.383057 1494.083558 1469.256071 1440.952834 1412.797937 -9999 -9999 -9999
