meets/meet004/data/CCSM_21k_neotropic_bio01.asc
NCOLS 154 
NROWS 168 
XLLCORNER -112 
YLLCORNER -55.5 
CELLSIZE 0.5 
NODATA_value -9999 
[rows 58 to 86 of 168, columns 64 to 127 of 154]
17.67892031 16.5641901 15.46443162 14.81200923 14.58337982 15.03989869 16.13617488 17.53988081 19.08867282 20.44099082 21.21639742 21.27013908 21.19171247 21.1878991 21.25576771 21.28002926 21.24775528 21.28072767 21.24003805 21.23269495 21.22084188 21.18653958 21.16812359 21.1664765 21.18346196 21.22660068 21.30265508 21.4386884 21.54178116 21.72759652 21.79240388 21.73486355 21.74701764 21.67931416 21.65036139 21.58096905 21.4708221 21.36892737 21.24148879 21.14251627 21.08055205 21.05724613 21.0771349 21.08422717 21.07844364 21.0153768 20.88948157 20.72716535 20.64776037 20.55051504 20.47660656 20.4190359 20.40204774 20.53825183 20.72109372 20.93445716 21.16224479 21.33717658 21.49033344 21.57772972 21.76123987 21.964086 22.10820587 -9999
17.59010343 16.59651945 15.6898718 15.09244474 14.81883633 15.37588172 16.68843413 18.22374349 19.5179852 20.59848169 21.25668297 21.28829256 21.22437569 21.27541597 21.31158531 21.33876148 21.34969484 21.34637494 21.33685227 21.33044432 21.30727928 21.28251124 21.27164692 21.26217573 21.26453668 21.3081561 21.35311075 21.42893923 21.55557495 21.65608367 21.71288065 21.71484773 21.6722798 21.66112195 21.63240533 21.5787186 21.5251303 21.45203153 21.37505361 21.30382665 21.26884555 21.25873194 21.2777976 21.29781838 21.31828982 21.24815723 21.10580805 20.94800795 20.85452037 20.73498085 20.6526565 20.59827094 20.56136268 20.68452133 20.86936321 21.03683116 21.20075228 21.38255376 21.48499542 21.58581999 21.68065609 21.77435332 21.82600779 21.80907517
17.73948925 16.91772335 16.21515167 15.59972041 15.36227256 15.89578408 17.17264505 18.63512319 19.80419992 20.69439248 21.26202997 21.31210728 21.24745689 21.29204124 21.33114154 21.36289016 21.37454158 21.381203 21.37684174 21.37303397 21.36782571 21.35671334 21.35636753 21.35497076 21.36325265 21.38831356 21.41580224 21.45790641 21.52735055 21.59177954 21.63124921 21.63856217 21.63012465 21.62645334 21.61528003 21.59520134 21.57168247 21.54027244 21.48603187 21.44284963 21.41788061 21.40771584 21.43682606 21.46396943 21.50800246 21.48385886 21.396981 21.30051641 21.20940141 21.11998795 21.03348435 20.94566987 20.90165738 20.93101785 21.02193432 21.11840661 21.21924288 21.35108242 21.46681378 21.55273988 21.63167659 21.68713331 21.64162033 21.57750596
17.94930955 17.33479216 16.83271302 16.2486675 15.96563264 16.44630228 17.63141515 18.96861383 20.01067934 20.78474785 21.26321581 21.31037921 21.27690728 21.32827596 21.36760319 21.39737852 21.40430528 21.40259453 21.40629388 21.40191311 21.40545415 21.41434774 21.42401159 21.43391106 21.45507706 21.47678444 21.48862369 21.52757091 21.55244793 21.58026456 21.60764719 21.61819558 21.6226876 21.62777161 21.62430165 21.62251493 21.62448873 21.62690244 21.58297538 21.55527089 21.54020694 21.53161676 21.55434026 21.58383724 21.65645495 21.66079036 21.64563854 21.67990057 21.53080582 21.52781586 21.44298511 21.2777182 21.28694995 21.15772345 21.13723335 21.15755407 21.19685722 21.29683179 21.38551159 21.49492598 21.52457834 21.52575427 21.51402829 21.40785052
18.1730884 17.71782848 17.40218322 16.85964738 16.63284089 17.04490562 18.05763006 19.23783083 20.16572739 20.8384437 21.28035151 21.34462386 21.30706898 21.3553107 21.39595598 21.42687724 21.43416337 21.43296399 21.43135302 21.43299507 21.44510594 21.46533841 21.48716364 21.49579238 21.50750696 21.52379022 21.53401091 21.55978283 21.57406637 21.59416408 21.61571071 21.6263614 21.63843526 21.64130636 21.64345301 21.64438328 21.64489573 21.64694569 21.62384392 21.61185781 21.60373718 21.59875405 21.62210483 21.64644502 21.70042897 21.71155766 21.70034552 21.70457374 21.61991801 21.58212393 21.49738954 21.37259932 21.323839 21.2192211 21.18504617 21.1720879 21.16755972 21.22302246 21.28753542 21.36297846 21.39230346 21.37282113 21.32438122 21.26003074
18.23359316 17.90059097 17.85651283 17.32655976 17.14229135 17.56176063 18.53059707 19.56935437 20.39715403 20.97640475 21.33759635 21.36007157 21.33336172 21.37827055 21.42405589 21.45234715 21.45781059 21.4631092 21.46328508 21.46689618 21.48179599 21.51208961 21.54700037 21.53859703 21.53286984 21.54158383 21.54949779 21.57347159 21.58001397 21.60430062 21.62747674 21.63779063 21.66161049 21.66162142 21.66125399 21.66241635 21.65434473 21.64146207 21.63895948 21.63379769 21.6304361 21.63447815 21.65021067 21.66342854 21.6822495 21.66377298 21.6250775 21.57942365 21.4975409 21.41298824 21.32951855 21.25863043 21.19480604 21.14291125 21.14401186 21.11589203 21.07982084 21.11114687 21.14570586 21.20522916 21.22077832 21.1777301 21.1208604 21.06835802
17.94808003 17.65020105 17.6114716 17.46520638 17.5671898 18.11713896 19.06245312 20.02716793 20.69439583 21.10325426 21.38102619 21.41470729 21.37891461 21.40261721 21.42090246 21.44807589 21.47080453 21.4879824 21.50075908 21.51062444 21.52699886 21.54748 21.56111984 21.55871474 21.5499295 21.54786581 21.54386651 21.54862239 21.55402938 21.56943774 21.59681548 21.62598282 21.65441996 21.65998019 21.6585438 21.66060158 21.66083465 21.6580927 21.64017916 21.62522004 21.6204046 21.63285876 21.64656052 21.64652044 21.63047763 21.5751651 21.49991411 21.40216187 21.30545036 21.21181018 21.12657922 21.07057607 21.02585127 20.98804503 20.96380872 20.94042195 20.91332429 20.91725869 20.96374632 21.01420824 21.0406898 21.03724293 20.99378373 20.95590824
17.62266869 17.46411342 17.23527039 17.55741513 17.94807218 18.65202889 19.64206999 20.6105558 21.1114849 21.32392068 21.47473216 21.46642867 21.43195344 21.44384068 21.43003949 21.45021656 21.4928287 21.51490508 21.54223517 21.55695338 21.57043939 21.57924885 21.57422626 21.58042792 21.56661775 21.55552397 21.53900581 21.5174177 21.52741079 21.52744003 21.55542971 21.60142981 21.64599357 21.64894929 21.64572263 21.6527102 21.66289367 21.67593372 21.63688854 21.60419024 21.59213082 21.61269278 21.63169048 21.60123284 21.565206 21.48752352 21.37344472 21.22463772 21.14097325 21.03152199 20.94178855 20.90294538 20.84296835 20.80649541 20.76252307 20.73671903 20.71986599 20.69715524 20.78560395 20.84242098 20.88268034 20.916657 20.92212666 20.91932893
17.85911238 17.55855368 17.66323965 17.77250983 18.31439572 19.07448749 20.01006427 21.03257869 21.38233617 21.5343283 21.64662198 21.57687071 21.5108886 21.48323666 21.48202617 21.49817634 21.51788503 21.55486558 21.57456994 21.59477903 21.60964914 21.6139419 21.61704795 21.6117346 21.59724652 21.57994494 21.55431245 21.53024309 21.52276789 21.52298541 21.5441869 21.57695105 21.60678251 21.62351206 21.63256993 21.64126105 21.64567067 21.6426821 21.61349884 21.58317503 21.56480626 21.56744084 21.55990808 21.52637847 21.46737087 21.37639984 21.27940875 21.15694626 21.04084336 20.9211736 20.81742199 20.75867286 20.69416082 20.65154005 20.6069611 20.58325794 20.57947308 20.58878638 20.65290143 20.70711382 20.79703249 20.89617891 20.94296231 21.01329937
18.22656452 17.83409327 17.74627773 17.45859969 18.01493486 18.74603201 19.60732248 21.11530599 21.36949114 21.66365439 21.82659908 21.67250065 21.56242492 21.47212334 21.49037259 21.50073045 21.49957395 21.56340573 21.56411089 21.60339838 21.62742829 21.63096853 21.65158954 21.64038402 21.63124008 21.6128738 21.57855445 21.54924953 21.53983146 21.5324984 21.5430316 21.55847351 21.573882 21.58952874 21.60472992 21.61053789 21.60366958 21.60116472 21.56743464 21.54174435 21.52128915 21.51732629 21.49405741 21.44138489 21.36772383 21.28018757 21.20058906 21.10459224 20.988746 20.85998919 20.74579893 20.67101661 20.5740795 20.52870264 20.485547 20.46338606 20.46943095 20.49507854 20.56781037 20.63804175 20.78552561 20.97981097 21.08962586 21.27203771
18.88770422 17.72615902 16.84487286 16.25379289 16.2698391 16.8679837 17.9984603 19.40851879 20.69789871 21.77084292 22.2141186 21.86871675 21.4471731 21.38285385 21.4121999 21.43082778 21.42838869 21.43518582 21.50123461 21.57160995 21.61496452 21.63425212 21.64248915 21.66336586 21.66740925 21.65495566 21.62400448 21.58773119 21.57204019 21.55808082 21.55251353 21.5493099 21.54768995 21.54975924 21.54894406 21.5445573 21.5336532 21.51687756 21.49255953 21.468514 21.45228027 21.45945115 21.43862201 21.3665511 21.274061 21.18278282 21.12183697 21.05258428 20.95463285 20.86082934 20.7415706 20.62665556 20.52997894 20.44442128 20.38479698 20.37046658 20.3955228 20.4428531 20.52935577 20.6356594 20.88591526 21.25373248 21.55789225 21.72086092
19.23329983 17.44742811 15.78549309 14.85488896 14.29173025 14.77415401 16.09484843 17.74181201 19.94731276 21.90256533 22.64378672 22.06776436 21.3624793 21.30468805 21.38603243 21.40408223 21.37848981 21.34219879 21.43480459 21.54297017 21.60150914 21.6294799 21.64725513 21.69111186 21.72088265 21.71548244 21.68122577 21.63557965 21.60952962 21.58430567 21.56367688 21.54019616 21.52252543 21.50988239 21.49045923 21.47567145 21.45717569 21.43363401 21.41241886 21.39125072 21.3800191 21.40247563 21.38761489 21.28807956 21.17548057 21.08416472 21.03270761 20.97826491 20.89019597 20.8264075 20.70669999 20.57224084 20.46324866 20.36627072 20.3021224 20.29493192 20.34403992 20.43217803 20.56191382 20.71713338 21.04442284 21.54764546 22.00043184 22.13117701
19.07234183 17.22638254 15.24611361 13.75861816 12.8645295 13.11381627 14.42306111 16.49119211 19.3405098 22.03665244 23.12490319 22.35924188 21.42307488 21.32362817 21.49546594 21.52704829 21.43081646 21.35793011 21.42851289 21.54042827 21.60986142 21.64643867 21.67886163 21.74788868 21.80526588 21.80989718 21.76594724 21.70550422 21.66293709 21.61605815 21.57527459 21.54371555 21.5045185 21.47795241 21.44383353 21.41479191 21.39226252 21.36341108 21.34356579 21.32390383 21.31641533 21.33980165 21.31200563 21.22458416 21.10073315 20.98342631 20.90721165 20.84186953 20.75110375 20.68181357 20.57333391 20.44672935 20.35089145 20.28039161 20.2456071 20.28389965 20.36884415 20.4915828 20.71187666 20.96892073 21.35127147 21.8230104 22.19125405 22.4011455
19.06256577 17.28573258 15.04039058 13.19974875 11.65672069 11.67838557 13.05043324 15.31245997 18.74915794 22.09672169 23.41508272 22.49473371 21.45275003 21.4222761 21.65959725 21.68504678 21.52654814 21.40018191 21.45495621 21.56952333 21.63553392 21.67074706 21.72193951 21.81039388 21.89965217 21.91062889 21.85335418 21.78280201 21.7255228 21.66391948 21.60777215 21.55825888 21.50487025 21.46358174 21.41426955 21.3779159 21.34796895 21.31087925 21.2927403 21.27140376 21.26657795 21.29361749 21.27421529 21.19755673 21.07070913 20.90869061 20.76603223 20.6270902 20.48517736 20.43204901 20.34703705 20.25351315 20.21959537 20.22256068 20.24532129 20.34150253 20.45433897 20.64446724 20.97534351 21.32846081 21.71558054 22.11278387 22.42294686 22.59310375
-9999 17.78262628 15.79686136 13.13761518 10.76115974 10.36013019 11.78577903 14.34998541 18.05134619 21.68793045 23.29309455 22.52413106 21.5569246 21.52794743 21.80911627 21.84385333 21.63818707 21.48142221 21.50403376 21.60750519 21.67656837 21.71189007 21.76601218 21.8784474 21.98732907 22.00910887 21.9513893 21.86945541 21.80421407 21.74340688 21.66934952 21.60137157 21.52982277 21.47084007 21.41835044 21.36322748 21.32018744 21.28468901 21.25003443 21.23088964 21.22683085 21.25250118 21.25912753 21.20800081 21.11644419 20.91588753 20.60799044 20.30242191 20.21457838 20.11987166 20.06835751 20.0917946 20.09376571 20.19433076 20.32191769 20.4769187 20.60043722 20.86701851 21.2697919 21.78553146 22.18346236 22.41494237 22.62812006 22.75373721
-9999 -9999 16.63308608 13.51915281 10.40422706 9.651905841 10.93949962 13.46824526 17.1945085 20.94739915 22.69356121 22.22518799 21.55123658 21.62009797 21.88440816 21.91814233 21.71426855 21.55536571 21.56579949 21.65330259 21.71873063 21.75867587 21.82284071 21.94213005 22.06200505 22.09392186 22.03401414 21.95961334 21.89384662 21.82486423 21.74329878 21.65464471 21.56850764 21.4895523 21.42118274 21.35244025 21.29557615 21.24784398 21.20225778 21.17983632 21.17414219 21.20821535 21.21317311 21.1695194 21.08026986 20.8686962 20.54424316 20.22750582 20.1481437 20.0642364 20.02269877 20.07590326 20.08583564 20.19296154 20.35082972 20.51221172 20.63928747 20.9376526 21.40919892 21.99920435 22.41095867 22.56933465 22.74156222 22.84355453
-9999 -9999 -9999 14.2042661 10.63988232 9.433791564 10.41890648 12.69279888 16.06555296 19.71581331 21.66723489 21.66006384 21.54635549 21.69629115 21.83631146 21.89830492 21.75929763 21.63944613 21.6407792 21.69517424 21.76488632 21.81907382 21.8925039 22.00510981 22.10975999 22.1401191 22.09685532 22.04258113 21.95425899 21.8932528 21.79398831 21.67954827 21.5945038 21.47736053 21.39868786 21.31103094 21.23097047 21.18366459 21.12908344 21.10837166 21.1012976 21.12318537 21.12303357 21.05497504 20.94171169 20.77940078 20.59653643 20.42830296 20.31460459 20.27417344 20.2433578 20.21402635 20.22639575 20.28689671 20.32046543 20.46953663 20.61140582 20.83874817 21.40570005 21.96315331 22.35183249 22.57937128 22.73033826 22.78721809
-9999 -9999 -9999 14.87461284 11.26057294 9.78134548 10.211345 12.03280025 14.85021022 18.07650924 20.13026571 20.84800348 21.20971976 21.56364326 21.79969014 21.92212404 21.80277396 21.71205557 21.73765554 21.77501733 21.83368707 21.88190353 21.9456209 22.04422137 22.12458616 22.14207878 22.08753443 22.01901105 21.94812623 21.87122874 21.75425342 21.61302549 21.48169828 21.36558231 21.28040953 21.18618468 21.09926034 21.0377065 21.00776158 21.00410039 21.003716 21.02600746 21.01304485 20.94626768 20.85313036 20.75155569 20.66262452 20.58793861 20.51942729 20.48621784 20.4584537 20.43868477 20.43561751 20.43534518 20.439394 20.56033967 20.71846781 20.95914682 21.42759746 21.89138604 22.22133523 22.39827832 22.50393847 22.55459948
-9999 -9999 -9999 15.57380045 12.05705901 10.3550947 10.36935087 11.25906742 13.3413159 16.10123347 18.08529641 19.27358487 20.69716754 21.16543268 21.56479964 21.88502843 21.7646793 21.77084337 21.78402065 21.82515102 21.90141685 21.94297296 21.99772013 22.09693981 22.1364065 22.13823236 22.07286999 21.94384533 21.92772219 21.83263081 21.70088874 21.53733911 21.29866375 21.26818311 21.15208462 21.04586442 20.99279394 20.85249699 20.86735522 20.90483274 20.89963384 20.90989711 20.8981942 20.84163283 20.78856466 20.74681296 20.71285718 20.70552075 20.64743544 20.62031647 20.62120074 20.63705271 20.70051854 20.6851422 20.67789716 20.80525484 20.99419719 21.26320149 21.58553603 21.88250926 22.08893387 22.18143251 22.16087289 22.20208142
-9999 -9999 -9999 -9999 13.28341104 11.51498078 10.80939409 11.00456373 11.96162002 13.70514827 15.43544972 17.05444394 18.83598964 20.11815112 21.13720193 21.75484464 21.67826252 21.61011459 21.67967793 21.8385384 21.97851365 22.05093324 22.1004443 22.20204084 22.23581405 22.23184228 22.16991126 22.06187567 22.02098696 21.93957712 21.81137302 21.65013972 21.45236354 21.39130887 21.2988371 21.1712332 21.03839067 20.88489441 20.83441459 20.81475627 20.78461837 20.77906732 20.7770126 20.74957797 20.73427918 20.71734261 20.70916169 20.72096845 20.70250927 20.71045041 20.73993629 20.77711307 20.87165974 20.92893945 21.02781794 21.18219836 21.33834575 21.53383936 21.74100966 21.91951258 22.02555615 22.02895711 21.93645556 21.86008169
-9999 -9999 -9999 -9999 14.69324532 12.86037923 11.56427917 10.67101174 10.26339902 10.87733181 12.05168304 13.77714678 16.28076313 18.22548649 20.28665269 21.48962681 21.26116204 21.25103819 21.53344411 21.80892945 22.05583374 22.18608973 22.23285334 22.3605954 22.40718087 22.40406509 22.35747028 22.29183607 22.21691883 22.15847089 22.03986058 21.8850379 21.76757623 21.66363859 21.61606647 21.44683373 21.19949435 21.00182473 20.80386106 20.7178388 20.64041428 20.61406823 20.63834662 20.62973443 20.6480996 20.6685328 20.66190067 20.67589058 20.73366776 20.77739701 20.83668175 20.8796932 20.96239937 21.12303855 21.36267779 21.5455458 21.61692708 21.76834191 21.89606768 21.99467148 22.00865799 21.94486911 21.82233805 21.59845336
-9999 -9999 -9999 -9999 -9999 14.53498172 12.11518835 9.828217369 8.386391741 7.833780122 8.387651486 9.922549795 12.38012815 15.38011097 18.40198344 20.30713689 20.7499716 20.958882 21.31820833 21.79301975 22.14245093 22.28005432 22.40659291 22.52158908 22.58080304 22.60773398 22.58268211 22.50253549 22.45499853 22.38064196 22.25747614 22.10389262 21.97893241 21.92164046 21.86455011 21.64482394 21.30357946 20.9711909 20.71315092 20.55299595 20.43514282 20.40365985 20.42421517 20.4661613 20.52495137 20.57193821 20.60183238 20.66122056 20.75747954 20.87019597 20.94822546 20.95862978 21.02287587 21.17471872 21.40116981 21.59367314 21.71791903 21.84939064 21.95746381 22.014554 21.99790107 21.88861053 21.70363587 21.44103335
-9999 -9999 -9999 -9999 -9999 16.44591689 12.79842021 8.756199534 7.162893069 5.306762139 4.989216927 6.501496974 7.938497767 12.07433332 16.14012422 18.64336621 19.49720504 20.34746199 20.96372208 21.64203964 22.26540003 22.42533449 22.59734675 22.85251272 22.79141489 22.84150839 22.8445966 22.74004882 22.74848159 22.63526025 22.48646909 22.30043803 22.12324075 22.04415788 22.03579655 21.76956737 21.32462236 20.86272277 20.62102254 20.38939707 20.23566024 20.2240924 20.18690009 20.29541726 20.39363324 20.47730245 20.5494835 20.61852879 20.7720863 20.95198348 21.05568705 21.0158703 21.02299109 21.24287264 21.38389924 21.57442727 21.77630332 21.8913006 21.96936138 22.00614855 21.93637905 21.79217138 21.61187744 21.30730845
-9999 -9999 -9999 -9999 -9999 -9999 14.44542865 11.16444322 7.962574638 5.136539862 4.010433418 4.584147092 6.367794758 9.190844833 12.60521691 15.19517994 16.70973108 18.4173862 19.55130766 21.01123708 22.05752669 22.36912829 22.91862278 22.94723048 23.1034148 23.20071385 23.1367918 23.14580868 23.14309966 23.06675024 22.8698796 22.56876558 22.2625185 22.11574447 21.96898862 21.6808756 21.32207553 20.93208592 20.64012181 20.41295267 20.23899066 20.16583782 20.14322223 20.18986089 20.27489643 20.37651296 20.50123501 20.62429093 20.71707071 20.81093554 20.94025719 21.03907083 21.20469976 21.4078724 21.62805221 21.7901849 21.86928376 21.89926594 21.89403236 21.84390224 21.74364367 21.59043917 21.39767421 21.11970299
-9999 -9999 -9999 -9999 -9999 -9999 16.18495999 14.05405226 9.893771986 5.864544399 3.827343356 3.749197841 4.617988113 6.015922495 8.390463832 10.52003854 12.31873703 15.29745176 16.22002336 18.65789674 20.36726487 20.82182491 22.63177588 22.72597539 23.08594457 23.41733866 23.39722487 23.55331333 23.55443303 23.53328281 23.2965638 22.89524452 22.40982628 22.21823888 21.93908989 21.61537098 21.32657313 20.9966245 20.70879209 20.49370889 20.30721815 20.19929499 20.12081554 20.14373763 20.18479053 20.2578406 20.41330304 20.60549105 20.57599651 20.58397584 20.77424415 21.04015229 21.34840627 21.59094871 21.87223294 21.98934623 21.89217565 21.89697085 21.79128219 21.67099295 21.54094708 21.38493113 21.1726066 20.85335177
-9999 -9999 -9999 -9999 -9999 -9999 -9999 15.78907396 11.90695297 7.438710082 4.545797845 3.320746897 2.801896736 2.866759107 3.173683721 4.29216349 6.033290684 7.970925128 10.30978303 12.71308486 15.15557941 17.18866588 19.26326876 20.91726245 22.43088934 23.4393524 23.59475861 23.72388078 23.73108555 23.70413453 23.55415486 23.33198874 23.01267911 22.55770848 22.04990339 21.60850459 21.31343722 21.03824226 20.76730267 20.54963471 20.36823098 20.2697437 20.202445 20.18500745 20.16252095 20.21072779 20.31382855 20.34110696 20.4079289 20.43738536 20.65896971 21.03039979 21.3948526 21.62575713 21.76576079 21.81505796 21.72293564 21.63757297 21.61027041 21.60545885 21.44430029 21.16308284 20.8687209 20.55119336
-9999 -9999 -9999 -9999 -9999 -9999 -9999 17.74334053 13.67355763 9.126748979 5.738692402 3.646796341 1.623939059 0.684789323 -0.927799094 -0.707074482 0.836088269 1.446713653 4.325836976 6.459784423 9.346684678 12.55269196 15.56449266 18.52484643 21.22762205 22.92228643 23.37398804 23.67932509 23.80551455 23.81755289 23.81936413 23.83081643 23.66177886 23.01606691 22.23663267 21.6195689 21.3132054 21.06000669 20.76330073 20.57126571 20.38818064 20.29837016 20.28935963 20.29445658 20.27097485 20.34563467 20.42859611 20.32439502 20.47930601 20.45570151 20.65966889 21.06834731 21.42527033 21.52736318 21.58130722 21.58510255 21.44951304 21.33944844 21.40462142 21.47815689 21.31107088 20.93172696 20.54380455 20.22815277
-9999 -9999 -9999 -9999 -9999 -9999 -9999 17.35010781 15.0531671 11.80145284 8.595010092 5.674375226 2.739257755 0.866539421 -0.913890924 -1.643365415 -1.054103021 -0.613855973 0.66656223 1.835426634 4.565944264 8.324539447 12.06811176 15.81777056 18.95363546 21.38666368 22.52127084 23.29355507 23.55606246 23.81890662 24.01660688 24.19457758 24.20096221 23.3495175 22.36395598 21.68365769 21.28052455 21.02775591 20.83516091 20.63004278 20.50185726 20.44858368 20.36331295 20.58749849 20.7399533 20.87106323 21.02022384 21.03329658 20.95482765 20.87374981 20.93742463 21.11200785 21.28378324 21.40826866 21.42933284 21.38530628 21.2556837 21.1405531 21.12095546 21.12645847 20.91493164 20.54333619 20.19442085 19.83318218
-9999 -9999 -9999 -9999 -9999 -9999 -9999 -9999 16.16590319 14.37672428 11.80566464 8.784918697 5.309616406 3.293592956 0.926971841 -0.478674159 -0.696690594 -1.140423944 -0.795857017 -0.851948569 1.393037074 5.241932667 8.953901743 12.9239055 16.46385621 19.30475465 20.97043599 22.36409282 22.93026181 23.40115057 23.6742977 23.9035044 24.1626702 23.16637919 22.22498619 21.6501179 21.31933281 21.13781155 21.10713663 20.97596145 20.94148752 20.96839325 20.8556355 21.25604624 21.52354043 21.66162816 21.79055263 21.73808766 21.44065153 21.20059889 21.11146875 21.10438282 21.22765894 21.37636618 21.4098592 21.34739002 21.1507246 20.89024584 20.71901086 20.63171925 20.36714948 20.00831188 19.70258365 19.3742239
