meets/meet004/data/CCSM_0k_neotropic_bio09.asc
NCOLS 154 
NROWS 168 
XLLCORNER -112 
YLLCORNER -55.5 
CELLSIZE 0.5 
NODATA_value -9999 
[rows 58 to 86 of 168, columns 64 to 127 of 154]
20.39318073 19.19782927 18.00918506 17.3031423 17.02306439 17.37829965 18.34866284 19.67202418 21.2538024 22.68344062 23.52133559 23.60326013 23.54581678 23.5595476 23.6437029 23.68977785 23.68621882 23.74733332 23.73094584 23.74587046 23.75594064 23.74137797 23.73395129 23.73019496 23.73261907 23.75329915 23.79492325 24.18547623 24.252469 24.40730117 24.44417535 24.36135331 24.35308291 24.27043442 24.2342331 24.15844061 24.05218949 23.96022416 24.03291563 23.93150745 23.85127181 23.80891178 23.79787048 23.7807024 23.75110302 25.61497762 25.71743701 25.70364248 25.6296361 25.4440801 25.16129887 24.79634593 24.47398634 24.36408009 24.34584472 24.40619311 24.55401728 24.69510228 24.87025736 24.99760959 25.25676295 25.62310774 25.87993373 -9999
20.36583266 19.2582061 18.2340119 17.57473102 17.24895672 17.6996962 18.88487824 20.33106515 21.66443552 22.82017519 23.54184391 23.60259206 23.56304451 23.62692619 23.67256178 23.71766692 23.75204194 23.77056786 23.78218018 23.79683123 23.79306939 23.78788766 23.79078174 23.78299281 23.7792599 23.81101813 23.83648096 23.89912872 24.02513857 24.13892585 24.22310269 24.26245578 24.27019781 24.30234385 24.32166364 24.31136237 24.29554839 24.25087447 24.16884966 24.08495545 24.02343264 23.98549955 23.96959939 23.95696474 23.95300549 23.85964217 25.79003966 25.69492567 25.5389096 25.2430514 24.97568627 24.74128164 24.47764051 24.47052989 24.56038536 24.64181256 24.75368793 24.90861361 25.00435369 25.14217594 25.30872754 25.47653742 25.59234411 25.59328321
20.66367462 19.67849829 18.81677508 18.08851041 17.77413429 18.2040687 19.36452023 20.75537819 21.94324106 22.89881448 23.5247943 23.60977802 23.56927309 23.62915106 23.67595028 23.7189949 23.74604707 23.7684117 23.78096642 23.79466295 23.8079231 23.81565644 23.83009939 23.83528162 23.84431485 23.86783834 23.89003432 23.93335664 24.01670139 24.10883925 24.18701394 24.23991795 24.28117277 24.32076487 24.3487103 24.36153838 24.36288063 24.3435712 24.27682857 24.2094914 24.1511561 24.10806592 24.10102844 24.08945752 24.10231295 24.04750481 23.94051642 25.81272175 25.62899449 25.37828428 25.14294665 24.94118568 24.77456421 24.72510005 24.7658383 24.81287476 24.88542075 25.02012242 25.11692336 25.23147444 25.33548762 25.40969814 25.4181544 25.34205181
21.0868498 20.22394522 19.48468537 18.74768061 18.35924872 18.73067292 19.81208947 21.08567409 22.14870443 22.97288492 23.5046656 23.59049323 23.58971166 23.65611624 23.7049311 23.74335447 23.75540172 23.76011721 23.77714324 23.78490232 23.8057902 23.83460852 23.85735842 23.87980224 23.90622787 23.93316818 23.95061192 23.99793094 24.05270224 24.11707575 24.18794913 24.2502209 24.31028704 24.34982718 24.3851953 24.40823206 24.42004665 24.42498104 24.35567038 24.29888831 24.24722708 24.20110298 24.18840561 24.16727081 24.19724009 24.17192809 24.13595358 24.15494697 25.73996203 25.62408847 25.42965977 25.19262107 25.16938853 24.94481574 24.88744342 24.88925417 24.91694116 25.04825299 25.12956105 25.24651309 25.30233622 25.31885396 25.3180667 25.1988367
21.47049615 20.71571047 20.11219983 19.35271159 18.98106503 19.27728136 20.20002437 21.34976007 22.2863715 23.00694057 23.5039333 23.61324888 23.6089966 23.67917873 23.72979988 23.7659897 23.77393812 23.77357048 23.77929929 23.78971625 23.81569787 23.85390311 23.89053322 23.91112986 23.93242681 23.96233237 23.98903004 24.03743884 24.08525418 24.14665307 24.21350636 24.27198639 24.33210374 24.37205714 24.40549135 24.42554534 24.431683 24.42705863 24.37455313 24.3242766 24.27461607 24.2303312 24.21414708 24.18765779 24.19911516 24.1744182 24.13808421 24.13026871 24.02945483 23.98712318 23.89571763 25.15960276 25.0761021 24.91578047 24.86178496 24.84465433 24.85957052 24.9625604 25.04697766 25.15321766 25.20241264 25.18927706 25.14428488 25.04798146
21.64078816 20.94399861 20.5673544 19.79635675 19.41825885 19.70841772 20.59459899 21.62553867 22.46669827 23.11642045 23.53911793 23.61599045 23.63152394 23.69755548 23.75346345 23.78704524 23.78854923 23.79317357 23.79917196 23.80594302 23.83310319 23.87874597 23.92770082 23.92952646 23.93561216 23.96114983 23.9952625 24.05254556 24.09267858 24.16212377 24.22651489 24.27588645 24.34519817 24.37187842 24.40190849 24.41881581 24.4136908 24.3990383 24.35607291 24.306983 24.2611653 24.22607069 24.19772053 24.16567164 24.14001113 24.08632718 24.02040344 23.9556274 23.85255764 23.75926518 23.66888623 23.60010253 23.5486497 23.51076484 23.53459002 23.51493543 23.47909473 23.50745885 23.52478324 23.55388149 23.52334532 23.41920024 24.96354593 24.90722911
21.18970807 20.63288583 20.31770951 19.90728813 19.76696082 20.15279479 21.02791611 21.98405627 22.69370047 23.17662062 23.54225441 23.65525795 23.67020802 23.71559091 23.7331695 23.76475798 23.79674522 23.81972467 23.83679964 23.84546218 23.86771709 23.89864706 23.9219477 23.93064852 23.93339836 23.95025904 23.9711521 24.0085261 24.05246986 24.11193792 24.17813548 24.24225739 24.30216217 24.32939325 24.34602717 24.36208525 24.37551911 24.3689137 24.31530237 24.2520592 24.20646574 24.18806517 24.16920197 24.12286566 24.0604983 23.9607262 23.84374391 23.71808542 23.59342995 23.48777609 23.39524809 23.33895289 23.30939385 23.2871168 23.28885246 23.27956565 23.25984847 23.26612209 23.30869994 23.3419169 23.33869819 23.30123206 23.19802165 23.12295298
20.73834167 20.48705182 19.9764705 20.06431081 20.13633891 20.62017953 21.52611206 22.43733357 23.03076521 23.32582295 23.5844437 23.697427 23.73556334 23.75847007 23.73253382 23.75658927 23.8203071 23.8585785 23.88728503 23.89669083 23.90976074 23.92317301 23.92124676 23.93834106 23.93400483 23.93940891 23.94483939 23.94836681 23.99822557 24.04277087 24.1070408 24.18260394 24.25264801 24.26747932 24.2725063 24.29304588 24.32607892 24.34738296 24.2670923 24.18602613 24.13522327 24.13680909 24.13664479 24.04861899 23.96422729 23.83576595 23.66872048 23.47565542 23.36414882 23.23618518 23.13613269 23.09837149 23.04755818 23.02949449 23.0135587 23.0063846 23.00281265 23.00083295 23.10297891 23.1634944 23.19691577 23.22669732 23.20051048 23.20775804
21.2655267 20.84557357 20.76802883 20.50701444 20.6398609 21.10614522 21.89981764 22.84860928 23.2312184 23.48271875 23.7128027 23.76276574 23.79695058 23.81196957 23.80687802 23.83106387 23.86731444 23.91652745 23.93622517 23.94696934 23.95913528 23.96356579 23.96583609 23.964275 23.95516721 23.9481133 23.93703845 23.93664024 23.96473297 24.00629026 24.05757163 24.11541838 24.16490656 24.1950389 24.21682894 24.23605888 24.25420748 24.2533236 24.20100407 24.13586149 24.08766919 24.06663193 24.02445182 23.94161914 23.82115117 23.67305238 23.52690021 23.35903099 23.20734316 23.06152968 22.94444208 22.88453835 22.82707284 22.80119933 22.77678363 22.77784008 22.79781772 22.8357272 22.94267676 23.03159083 23.17947053 23.34977121 23.42658995 23.54664015
21.93502348 21.43423032 21.21887408 20.42136051 20.50349036 20.88108191 21.52916518 22.91031115 23.19930133 23.58436072 23.85360696 23.81287618 23.84967179 23.78391344 23.84096751 23.86909743 23.87597778 23.95278323 23.95215446 23.98492956 24.00362649 23.99968404 24.00955928 23.98994652 23.98134705 23.96666132 23.93946078 23.92712853 23.94980605 23.98110967 24.01906074 24.0530035 24.08437681 24.11163523 24.14338928 24.15791409 24.15556193 24.15717892 24.11147335 24.06974234 24.03223914 24.015627 23.94252743 23.84294138 23.68675221 23.53220077 23.40673613 23.26244589 23.11414212 22.95098872 22.82118952 22.74642805 22.64423661 22.61528773 22.58595234 22.59040221 22.6288409 22.69983527 22.85426488 23.00747848 23.29275582 23.65261523 23.86444503 24.16877806
22.69946603 21.44209398 20.34927251 19.33528166 18.90522098 19.12173528 19.97950947 21.24854872 22.56730852 23.75516436 24.28660966 23.97302059 23.60211495 23.65603643 23.79403335 23.85116868 23.83979161 23.83523271 23.92287887 24.01278807 24.05254428 24.03930144 24.00946259 24.01842073 24.01435583 23.99846748 23.9705121 23.94033595 23.95354915 23.97247779 23.98461411 23.9949508 24.00250713 24.01242106 24.02163881 24.0207311 24.01301029 24.00177421 23.97574583 23.95579828 23.94828213 23.97759254 23.94715468 23.78686531 23.57759785 23.40597191 23.29728935 23.18527653 23.05805316 22.93442564 22.79726533 22.67576204 22.57220389 22.48985666 22.43597373 22.45522029 22.52451223 22.64289455 22.84462993 23.10953916 23.5921669 24.25472526 24.81097007 25.03795776
22.8691767 21.03911671 19.23579595 17.93969273 16.94205737 17.06296387 18.06716861 19.56352637 21.85253627 23.97549872 24.76568857 24.11817266 23.40029226 23.49945856 23.79409223 23.88266028 23.82693246 23.75876304 23.89487365 24.05279364 24.11179449 24.08253655 24.0388467 24.07026642 24.08782854 24.07399875 24.03677634 23.97789677 23.97226205 23.96971146 23.95779147 23.94043973 23.92156524 23.90847654 23.89128054 23.87735509 23.86097833 23.84148237 23.82905489 23.82923486 23.84634435 23.92996224 23.9447118 23.72707315 23.46978741 23.29450445 23.19997253 23.10786673 23.00519353 22.91036081 22.76957509 22.62291707 22.49381609 22.39386905 22.32945049 22.35842442 22.45941904 22.64984133 22.95483615 23.33785802 23.95296121 24.8144636 25.62054288 25.72415174
22.10012852 20.54725853 18.55322596 16.74451169 15.40104068 15.26743844 16.29312865 18.26652965 21.27240557 24.23281434 25.36600952 24.38077607 23.32409795 23.44758881 23.94353611 24.07606257 23.92493836 23.80284444 23.92938847 24.11451353 24.19051837 24.16110654 24.1247112 24.17689072 24.23452968 24.22734478 24.1621659 24.07846169 24.03575288 23.98685709 23.93712862 23.90262705 23.84875745 23.81685213 23.7758449 23.73744352 23.71270286 23.68941724 23.68256163 23.68961729 23.73359766 23.8385917 23.83075066 23.67478481 23.41286487 23.2163832 23.11427451 23.01524809 22.90320823 22.80687843 22.67066639 22.51435756 22.39325042 22.31465292 22.28101042 22.36787268 22.5119456 22.76601871 23.23777055 23.81163829 24.48607228 25.19213864 25.74463822 26.03017034
21.69488579 20.42962327 18.30734956 16.14579186 14.0409224 13.66922286 14.74640388 16.92416815 20.60670053 24.33129648 25.67136525 24.4200912 23.19582604 23.43622272 24.09117122 24.25700314 24.02767749 23.84677963 23.97460486 24.19189834 24.27313601 24.23158486 24.20919603 24.28624961 24.38621082 24.38734663 24.2990129 24.19716313 24.12662814 24.04966969 23.97155025 23.90605352 23.81888076 23.75795866 23.6889928 23.63344735 23.59021893 23.55155564 23.55650543 23.57368278 23.63943161 23.77050721 23.81423416 23.73276225 23.51123448 23.27059919 23.07625269 22.85897392 22.66388985 22.58697936 22.4749883 22.33793489 22.2899503 22.30693422 22.34705064 22.51538987 22.69692001 23.02293588 23.66606778 24.37411944 25.02181066 25.55599454 25.94663018 26.16262669
-9999 20.99554603 19.2580091 16.12174872 13.01817849 12.11090829 13.20385147 15.7088611 19.73392956 23.78259282 25.4670796 24.37955809 23.18665741 23.44359465 24.15819057 24.3461105 24.1051395 23.90213144 24.02456802 24.25041968 24.34284694 24.30593024 24.27988446 24.39440698 24.51836592 24.53185485 24.44669924 24.32909792 24.25693968 24.18545466 24.07915608 23.97257743 23.84675126 23.75971568 23.66676277 23.56968146 23.49449374 23.43756347 23.43556085 23.48304151 23.57451004 23.72494145 23.8539696 23.86685761 23.82447774 23.56464884 23.05890041 22.58455544 22.45012218 22.31814825 22.22126968 22.21080075 22.18949746 22.32340068 22.54526819 22.78015959 22.94702759 23.4095008 24.08018948 24.97207952 25.59563548 25.89757443 26.1644233 26.23017355
-9999 -9999 20.17957262 16.50292799 12.5199547 11.21581693 12.12026012 14.58857324 18.6965032 22.93896364 24.81488077 24.0831932 23.18904314 23.49329983 24.13266049 24.31049274 24.10107852 23.9407864 24.07610553 24.29897555 24.40052912 24.37844703 24.37566404 24.49990197 24.63703257 24.66271886 24.57796827 24.47410896 24.40550385 24.33471873 24.22500489 24.09479273 23.94552653 23.8254342 23.70141292 23.56845336 23.44751113 23.35253056 23.33277556 23.38259917 23.48379551 23.66724766 23.81347139 23.86720321 23.86105609 23.62645699 23.13832945 22.6813344 22.55978253 22.40829161 22.29183593 22.28850125 22.2308352 22.33004914 22.56032232 22.78445804 22.95667747 23.4541256 24.20215007 25.1505784 25.79015225 25.98581132 26.16738472 26.15220787
-9999 -9999 -9999 17.17575034 12.66184724 10.83412343 11.43607932 13.59911468 17.36802742 21.63195152 23.82723966 23.64096853 23.39186766 23.67418387 23.9784792 24.14237848 24.0596009 24.00884952 24.14568753 24.33013056 24.44258017 24.47044087 24.50899412 24.62006864 24.73354791 24.75091559 24.68777356 24.61305695 24.51568446 24.47110667 24.3487182 24.19969282 24.07926282 23.90174949 23.76671713 23.59094847 23.39984172 23.27232253 23.22034029 23.26089788 23.35216698 23.51324539 23.65527628 23.64150152 23.55522568 23.4255279 23.28751928 23.16541412 22.94288987 22.83917903 22.70648509 22.52196501 22.43687615 22.42525275 22.38025593 22.55579739 22.7954302 23.15311277 24.04749535 24.95332648 25.52716872 25.80637028 25.91300523 25.82717409
-9999 -9999 -9999 17.78540175 13.30592744 11.2143619 11.19088165 12.85287169 16.01813137 19.84915257 22.26820829 23.07888625 23.42948145 23.80022849 23.96631512 24.10280678 24.06917473 24.10200227 24.2548425 24.41087417 24.5203645 24.5633876 24.61852613 24.73298483 24.82298995 24.81495208 24.7145223 24.60532413 24.52501949 24.4673601 24.33321376 24.16228304 24.00317192 23.85957762 23.73263107 23.54223129 23.31158667 23.13187174 23.08033584 23.11340452 23.1867921 23.32793037 23.42140889 23.39416591 23.32714256 23.29439921 23.31795652 23.33819425 23.21838333 23.12032533 22.99360769 22.83488439 22.70549872 22.58690348 22.49514235 22.62604642 22.88402431 23.25274816 23.99339834 24.69698236 25.16802478 25.38341226 25.42576895 25.33875629
-9999 -9999 -9999 18.50607005 14.24910864 11.96745961 11.47120943 12.01455341 14.36770498 17.66010813 20.08734716 21.68107237 23.53153757 23.73326974 23.80329827 24.0616132 24.0491846 24.24240028 24.30755079 24.47057399 24.61322671 24.66345988 24.72366105 24.86357752 24.93320548 24.89492959 24.73396397 24.50528388 24.49229508 24.41207106 24.26860739 24.0813374 23.80598298 23.81771933 23.70600058 23.51035265 23.29110129 22.96366372 22.95664032 23.00203951 23.02852375 23.12129909 23.16537954 23.16535496 23.15934903 23.19609702 23.24745906 23.30072852 23.25127319 23.17641904 23.10583575 23.0462246 23.033085 22.89952061 22.83858934 22.97531283 23.27169159 23.70977612 24.12229558 24.52983203 24.80388303 24.92331265 24.85697774 24.73947913
-9999 -9999 -9999 -9999 15.69114024 13.43568703 12.18289193 12.01794889 13.04830193 15.14687479 17.28461813 19.39468772 21.59551682 22.85485872 23.69017926 24.22340614 24.06538537 24.0075519 24.17657934 24.5026803 24.73101659 24.83271611 24.90114602 25.03321544 25.10156452 25.0512013 24.87508719 24.66112017 24.58533398 24.50221445 24.36463849 24.19948251 24.02549267 24.05056619 24.02054276 23.82556342 23.51208691 23.16791935 23.03267861 22.97991928 22.93748226 22.9531455 22.97852976 22.98502466 23.00503809 23.04822081 23.11765351 23.18209164 23.18643341 23.18495848 23.17596363 23.14762859 23.19350785 23.21940451 23.32869265 23.51041432 23.72755414 23.99975173 24.25673655 24.47663063 24.6006087 24.60661078 24.44482452 24.23105376
-9999 -9999 -9999 -9999 17.3238315 15.16634314 13.33241157 11.96216412 11.4673304 12.21746088 13.61619741 15.73836448 18.72107 20.8228045 23.12612055 24.33896577 23.73600425 23.45861781 24.017635 24.53530551 24.88437041 25.01438841 25.11130575 25.22136375 25.31267788 25.26940698 25.09729668 24.92654362 24.79267985 24.69808084 24.5689675 24.44922148 24.41506102 24.41258123 24.53685187 24.3359329 23.87623864 23.49496577 23.15368869 22.9918318 22.84249867 22.77595931 22.80208731 22.78425701 22.81667785 22.88366023 22.94586582 23.03086635 23.12245485 23.18796075 23.22116311 23.17413512 23.20467345 23.39343239 23.75739662 23.97055743 24.00734268 24.18313203 24.31557244 24.46800338 24.46362975 24.3697577 24.18570138 23.80487717
-9999 -9999 -9999 -9999 -9999 17.14905375 14.27392587 11.53397959 9.8064004 9.154878887 9.705669797 11.36103728 14.0844564 17.48349601 20.95913275 23.05891857 23.37512916 23.50483094 23.99382061 24.64447772 25.06514959 25.16092738 25.23379325 25.351072 25.42794873 25.40651971 25.28799657 25.12409599 25.01018202 24.90248657 24.76644297 24.6200103 24.57184739 24.66725847 24.79373785 24.58534643 24.11390624 23.62197806 23.18099579 22.87146152 22.63457034 22.52648669 22.51282401 22.53292105 22.59710808 22.68673444 22.78637314 22.91404521 23.07228271 23.2028965 23.2397366 23.13607748 23.13545992 23.33148128 23.66428274 23.89486819 24.01414171 24.14160116 24.25355101 24.3392039 24.29885491 24.16376357 23.90068676 23.5080675
-9999 -9999 -9999 -9999 -9999 19.31564085 15.23222407 10.77690895 8.800060442 6.655612115 6.080952437 7.434960645 8.708227328 13.53891265 18.24384139 21.11557629 22.1390908 23.26949033 23.89452923 24.67140557 25.35479728 25.41195381 25.340565 25.67605301 25.57533676 25.5624437 25.48827235 25.32629658 25.28559693 25.14949395 24.98520738 24.78322026 24.58650382 24.70164935 24.88548363 24.66658554 24.16460532 23.62935589 23.15938579 22.70881057 22.399303 22.30155734 22.1844795 22.28331736 22.37984306 22.50160009 22.65561764 22.7827803 23.00742825 23.20980711 23.2653152 23.09115251 22.94976907 23.2586154 23.47104954 23.68654595 23.92316587 24.02810723 24.11158012 24.15615473 24.05337655 23.88565505 23.65164837 23.20079184
-9999 -9999 -9999 -9999 -9999 -9999 17.0219621 13.51385381 9.846828345 6.479669664 4.98560588 5.358214375 7.151313301 10.33795311 14.22460842 17.2240521 19.06202433 21.06745842 22.49274221 24.26621558 25.41040161 25.57123417 26.01667276 25.87992522 25.91278165 25.89548878 25.70594488 25.65986499 25.65743141 25.63292379 25.43269208 25.07121865 24.75029102 24.66439105 24.63862574 24.40018629 24.07038017 23.6445475 23.18917361 22.76086642 22.43252231 22.25332193 22.15630581 22.15101604 22.21580062 22.35336239 22.57532607 22.7776074 22.89228587 22.96534498 23.04813524 23.08082113 23.18973176 23.38410114 23.6237484 23.78770657 23.86843368 23.90234501 23.89746726 23.84720554 23.70049985 23.50653675 23.23261723 22.83000747
-9999 -9999 -9999 -9999 -9999 -9999 18.73893113 16.76375885 12.03387302 7.271158435 4.840818328 4.663338268 5.460804951 7.119926523 9.713876425 12.15193398 14.32056994 17.54158148 18.85899983 21.82436519 23.68501949 23.93258276 25.93647603 25.66770038 25.86799145 26.06053983 25.86615374 25.9315802 26.00087232 26.12567143 25.92326744 25.42009748 24.89042003 24.69935502 24.4413321 24.14753083 23.95464975 23.66233085 23.21455307 22.844827 22.53213183 22.32462671 22.16527613 22.13730149 22.12135998 22.21266095 22.47586061 22.77437452 22.67643422 22.63128357 22.7754177 23.03266363 23.37664026 23.51358266 23.77310301 23.86972682 23.75572973 23.76332684 23.64706905 23.52675515 23.33467499 23.10931388 22.80843626 22.34550297
-9999 -9999 -9999 -9999 -9999 -9999 -9999 18.42300723 14.20735484 9.157681824 5.922872076 4.589389827 4.10323227 4.215114799 4.641613472 5.906031704 7.762456145 9.865428453 12.37936395 14.90336578 17.46842396 19.59112094 21.7380223 23.46925832 25.04065279 25.99636943 25.96403272 25.9940555 26.06371714 26.18890712 26.09653941 25.81860049 25.45291622 24.96834386 24.49965509 24.07299005 23.7973064 23.5190161 23.16560295 22.83951551 22.58125677 22.44709512 22.35252327 22.25566598 22.17689621 22.20616681 22.34130944 22.39729203 22.42421881 22.39856051 22.55801569 22.88610547 23.19913722 23.38952968 23.49661565 23.51840734 23.41954874 23.34194344 23.31450031 23.29719411 23.0590547 22.67388804 22.25133005 21.80398232
-9999 -9999 -9999 -9999 -9999 -9999 -9999 20.34844636 15.99341284 11.09814292 7.456898041 5.241951629 3.227567258 2.094041209 0.505933305 0.768310346 2.247242911 2.956848581 5.827336025 7.770542214 10.71931822 14.17623454 17.2364993 20.5977986 23.59001182 25.33735763 25.59587491 25.74755234 25.95598685 26.13795397 26.19710717 26.16272027 25.96111849 25.28547373 24.57065536 23.969421 23.64808832 23.37776244 23.04070269 22.78790343 22.57277008 22.50382264 22.51070699 22.40038646 22.30196824 22.32757666 22.38274158 22.27207347 22.39895004 22.31147267 22.4350221 22.76941736 23.01653002 23.08903788 23.10098564 23.07918644 22.97130892 22.86126905 22.92726369 22.99207054 22.73708134 22.22345607 21.670516 21.22909421
-9999 -9999 -9999 -9999 -9999 -9999 -9999 19.16621808 17.16282672 14.02948394 10.69984927 7.38723394 4.058805385 1.996443035 0.041931579 -0.744337545 -0.032932911 0.453017029 1.821802027 2.981240567 5.739687714 9.527153696 13.35158702 17.46301403 20.97750239 23.52890275 24.507774 25.13186617 25.48627048 25.87168765 26.12120263 26.23524913 26.18174986 25.35646794 24.43099455 23.79750988 23.4336503 23.19365992 23.01396695 22.8058912 22.67042862 22.62536116 22.50687579 22.62010554 22.65461198 22.7066519 22.83074994 22.83547453 22.72722279 22.59181969 22.57425439 22.67213845 22.75419167 22.802891 22.76762321 22.68454816 22.55565902 22.44196262 22.43004697 22.4189506 22.10764651 21.589899 21.07958099 20.57126953
-9999 -9999 -9999 -9999 -9999 -9999 -9999 -9999 17.89951293 16.59149093 14.03762788 10.57389576 6.552304154 4.397740864 1.706162582 0.178126971 0.131652761 -0.299340942 0.249164855 0.315460346 2.599684304 6.350908963 9.9839697 14.24985603 18.11469157 21.10082913 22.69407669 23.99180154 24.74131427 25.28560225 25.57056839 25.70767281 25.85197102 24.91060473 24.04710518 23.56203864 23.3478482 23.21439627 23.25587353 23.14225276 23.10289095 23.12512627 22.93748933 23.18184788 23.27986977 23.31900336 23.44237252 23.39087656 23.08045016 22.79681372 22.63576041 22.56507319 22.57676166 22.63012213 22.56870281 22.43978624 22.24903313 21.97299768 21.80066478 21.68445488 21.3127813 20.79767994 20.32303198 19.85349149
