meets/meet004/data/CCSM_6k_neotropic_bio15.asc
NCOLS 154 
NROWS 168 
XLLCORNER -112 
YLLCORNER -55.5 
CELLSIZE 0.5 
NODATA_value -9999 
[rows 29 to 57 of 168, columns 64 to 127 of 154]
-9999 -9999 -9999 -9999 -9999 -9999 -9999 -9999 -9999 -9999 -9999 -9999 -9999 -9999 -9999 -9999 -9999 -9999 -9999 -9999 -9999 -9999 -9999 -9999 -9999 -9999 -9999 -9999 -9999 -9999 -9999 -9999 -9999 -9999 -9999 -9999 -9999 70.07019599 -9999 -9999 -9999 -9999 -9999 -9999 -9999 -9999 -9999 -9999 -9999 -9999 -9999 -9999 -9999 -9999 -9999 -9999 -9999 -9999 -9999 -9999 -9999 -9999 -9999 -9999
-9999 -9999 -9999 -9999 -9999 -9999 -9999 -9999 -9999 -9999 -9999 -9999 -9999 -9999 -9999 -9999 -9999 -9999 -9999 -9999 -9999 -9999 -9999 -9999 -9999 -9999 -9999 -9999 -9999 -9999 -9999 -9999 -9999 -9999 -9999 -9999 -9999 72.81377418 -9999 -9999 -9999 -9999 -9999 -9999 -9999 -9999 -9999 -9999 -9999 -9999 -9999 -9999 -9999 -9999 -9999 -9999 -9999 -9999 -9999 -9999 -9999 -9999 -9999 -9999
-9999 -9999 -9999 -9999 -9999 -9999 -9999 -9999 -9999 -9999 -9999 -9999 -9999 -9999 -9999 -9999 -9999 -9999 -9999 -9999 -9999 -9999 -9999 -9999 -9999 -9999 -9999 -9999 -9999 -9999 -9999 -9999 -9999 -9999 -9999 -9999 -9999 -9999 -9999 -9999 -9999 -9999 -9999 -9999 -9999 -9999 -9999 -9999 -9999 -9999 -9999 -9999 -9999 -9999 -9999 -9999 -9999 -9999 -9999 -9999 -9999 -9999 -9999 -9999
-9999 -9999 -9999 -9999 -9999 -9999 -9999 -9999 -9999 -9999 -9999 -9999 -9999 -9999 -9999 -9999 72.82766964 -9999 -9999 -9999 -9999 -9999 -9999 -9999 -9999 -9999 -9999 -9999 -9999 -9999 -9999 -9999 -9999 -9999 -9999 -9999 73.5893929 -9999 -9999 -9999 -9999 -9999 -9999 -9999 -9999 -9999 -9999 -9999 -9999 -9999 -9999 -9999 -9999 -9999 -9999 -9999 -9999 -9999 -9999 -9999 -9999 -9999 -9999 -9999
-9999 -9999 -9999 -9999 -9999 -9999 -9999 -9999 -9999 -9999 -9999 -9999 -9999 -9999 79.15329134 76.45427621 74.75847447 -9999 -9999 -9999 -9999 -9999 -9999 -9999 -9999 -9999 -9999 -9999 -9999 -9999 -9999 -9999 -9999 -9999 -9999 -9999 -9999 -9999 -9999 -9999 -9999 -9999 -9999 -9999 -9999 -9999 -9999 -9999 -9999 -9999 -9999 -9999 -9999 -9999 -9999 -9999 -9999 -9999 -9999 -9999 -9999 -9999 -9999 -9999
-9999 -9999 -9999 -9999 -9999 -9999 -9999 -9999 -9999 -9999 97.50632864 93.05390972 88.58896466 85.0271008 81.39481146 78.9729107 -9999 -9999 72.23907273 70.43791893 68.88477481 67.1838032 66.80108473 -9999 -9999 -9999 -9999 -9999 -9999 -9999 -9999 -9999 -9999 -9999 -9999 -9999 -9999 -9999 -9999 -9999 -9999 -9999 -9999 -9999 -9999 -9999 -9999 -9999 -9999 -9999 -9999 -9999 -9999 -9999 -9999 -9999 -9999 -9999 -9999 -9999 -9999 -9999 -9999 -9999
-9999 -9999 -9999 -9999 -9999 -9999 -9999 -9999 -9999 97.77604794 95.24579352 91.62262054 88.16796042 86.11664482 83.76704327 82.24506505 80.55122464 78.1790744 77.09746356 74.71425075 73.37111579 72.5031167 70.25987276 70.59534357 -9999 -9999 -9999 -9999 -9999 -9999 -9999 -9999 -9999 -9999 -9999 -9999 -9999 -9999 -9999 -9999 -9999 -9999 -9999 -9999 -9999 -9999 -9999 -9999 -9999 -9999 -9999 -9999 -9999 -9999 -9999 -9999 -9999 -9999 -9999 -9999 -9999 -9999 -9999 -9999
-9999 -9999 -9999 -9999 -9999 -9999 -9999 -9999 -9999 96.7546731 94.70898815 92.49535751 90.15469477 88.64024841 87.00902385 85.79035396 84.4399571 83.49950014 82.22584921 80.90642451 80.10766925 79.32577109 78.93116872 78.30934154 78.5853836 78.68928876 78.29019211 77.75637343 76.53542772 74.98141218 72.50454458 69.59640904 66.10309189 63.15273598 60.7223487 -9999 -9999 -9999 -9999 -9999 -9999 -9999 -9999 -9999 -9999 -9999 -9999 -9999 -9999 -9999 -9999 -9999 -9999 -9999 -9999 -9999 -9999 -9999 -9999 -9999 -9999 -9999 -9999 -9999
-9999 -9999 -9999 -9999 -9999 -9999 -9999 -9999 -9999 94.68091359 94.05569476 92.60417549 91.61742733 90.41155701 89.30492409 88.59570932 88.0024383 87.79652153 87.26173024 86.80152283 86.97715697 87.23125874 87.66975057 87.83621566 88.19058493 87.8616221 86.97548344 85.39007396 83.4302854 80.39058024 76.67687249 72.78789288 67.93887801 64.34987567 60.87571297 58.40958946 57.61642712 -9999 -9999 -9999 -9999 -9999 -9999 -9999 -9999 -9999 -9999 -9999 -9999 -9999 -9999 -9999 -9999 -9999 -9999 -9999 -9999 -9999 -9999 -9999 -9999 -9999 -9999 -9999
84.42375514 85.64352012 85.82380929 87.17057308 -9999 -9999 -9999 -9999 93.52262772 93.34999972 92.92029272 92.53129769 91.62874852 91.12296938 90.48047881 89.77894522 89.47817608 89.63869484 89.75855643 90.12356673 90.80771484 91.95041109 93.25434295 93.90755625 94.44251634 94.58965106 93.04468537 91.20831118 87.96505623 84.06919318 80.34373611 75.33687955 70.43255742 66.23534084 62.04691476 59.0109428 56.80188169 55.92051002 -9999 -9999 -9999 -9999 -9999 -9999 -9999 -9999 -9999 -9999 -9999 -9999 -9999 -9999 -9999 -9999 -9999 -9999 -9999 -9999 -9999 -9999 -9999 -9999 -9999 -9999
84.65613925 -9999 -9999 85.36018072 85.92592196 86.1893911 87.04545038 88.73085244 89.36464574 90.06727015 91.3570625 91.23322464 91.20276817 90.58524309 89.93008307 89.35317341 89.45736978 90.2903821 91.27930668 92.28879641 94.15831277 96.15324508 97.63921749 99.01841564 99.44110545 98.89930807 97.86843631 95.19321064 92.61806846 88.36030025 84.01091019 79.45325792 74.19470081 70.24571059 65.69428547 61.72986746 58.56205326 56.46580723 -9999 -9999 -9999 -9999 -9999 -9999 -9999 -9999 -9999 -9999 -9999 -9999 -9999 -9999 -9999 -9999 -9999 -9999 -9999 -9999 -9999 -9999 -9999 -9999 -9999 -9999
-9999 -9999 -9999 84.84151353 83.29010545 83.23727984 84.55584383 85.40281108 86.56648152 87.88753404 88.84048974 90.26201145 90.30538329 89.3824619 88.42826356 87.56374978 88.03852969 88.84510062 90.48927885 93.37264366 95.59510675 97.57147855 99.19016781 100.3686429 100.8338862 100.987099 99.11125503 97.1924251 94.70614186 90.85379105 87.44442433 82.35067003 78.55353883 73.86068106 69.63015624 65.73773102 60.73074053 57.627941 56.38715448 56.64390649 58.01721375 -9999 -9999 -9999 -9999 -9999 -9999 -9999 -9999 -9999 -9999 -9999 -9999 -9999 -9999 -9999 -9999 -9999 -9999 -9999 -9999 -9999 -9999 -9999
-9999 -9999 -9999 82.14888779 80.7734171 80.17303221 80.54361902 81.34245353 83.1550911 85.03181564 87.57095188 88.20957328 88.4610623 87.24895826 85.89149016 85.17878299 85.61243013 87.19053468 90.14210629 93.60973908 96.76604912 98.87370895 100.1309144 100.701977 100.9705551 100.8025884 100.2810505 98.4604544 95.90997532 92.31451858 88.5378849 85.11601181 81.20116273 76.86434637 72.55059299 68.62401162 64.43521064 60.7621387 58.47570528 56.97248096 57.32942862 59.86209255 -9999 -9999 -9999 -9999 -9999 -9999 -9999 -9999 -9999 -9999 -9999 -9999 -9999 -9999 -9999 -9999 -9999 -9999 -9999 -9999 -9999 -9999
-9999 -9999 -9999 -9999 77.50570446 76.92156119 77.78170147 78.56582689 80.70656442 83.7150751 85.69501494 86.78900658 86.69804716 84.6653976 82.75955541 82.14807913 83.68129558 84.75938553 89.15382258 94.0137285 97.0135533 98.94324123 99.06813097 99.96537112 99.03226294 99.25691261 99.47935377 97.69782566 96.59313396 92.11485277 89.08697722 85.17716364 81.21045563 78.03990622 74.57295376 71.33781154 66.74615778 63.4201471 60.05802845 58.49950151 58.05016609 58.41949758 61.83707502 -9999 -9999 -9999 -9999 -9999 -9999 -9999 -9999 -9999 -9999 -9999 -9999 -9999 -9999 -9999 -9999 -9999 -9999 -9999 -9999 -9999
-9999 -9999 -9999 -9999 -9999 73.06874755 73.83886347 75.56181342 77.99469947 80.96447053 83.05251436 83.39869293 83.11771771 81.17908957 79.83000654 79.97386003 82.00347879 84.2056829 88.24914608 92.48193773 94.53942125 95.56402774 95.53141288 95.53953841 95.29256716 95.86597233 96.10516177 95.15926227 94.46798626 91.02598494 88.92126455 85.99898972 81.93797428 79.86626031 76.69191451 74.08788576 70.41089827 66.49569055 62.95201413 60.3296591 59.50541718 59.95591907 61.70533758 65.17590816 -9999 -9999 -9999 -9999 -9999 -9999 -9999 -9999 -9999 -9999 -9999 -9999 -9999 -9999 -9999 -9999 -9999 -9999 -9999 -9999
-9999 -9999 -9999 -9999 -9999 68.83161419 70.42467167 72.58101039 74.74461476 77.69362419 79.11805675 79.32052126 78.92045305 77.75566064 77.19557131 78.03758601 81.58118134 83.73297256 87.3409949 89.70379397 90.92877616 91.80668822 90.73253834 91.48661031 90.6686759 91.07899341 92.46274092 91.23592087 91.70134748 88.71518701 86.98788242 85.23415982 81.76339241 80.60069752 78.63280824 76.80618529 73.07133281 69.29010508 65.16647139 61.9546339 60.63330953 60.49419576 62.5900465 64.84971483 68.5847772 -9999 -9999 -9999 -9999 -9999 -9999 -9999 -9999 -9999 -9999 -9999 -9999 -9999 -9999 -9999 -9999 -9999 -9999 -9999
-9999 -9999 -9999 -9999 -9999 63.94127329 66.16439184 69.13614285 71.16754796 73.09553273 73.65574681 73.42255509 73.36799222 73.5632058 74.95610839 76.49176179 79.3344398 81.28712425 83.61170824 84.94746218 84.88260303 84.53874367 83.88254307 84.23821362 84.33546071 85.10204917 85.83543791 85.42812628 86.00956146 84.24243334 84.04402678 83.25639245 81.62825028 81.84319058 81.19251613 80.72889842 78.54868795 74.82849438 70.59432035 66.27602585 64.66357494 64.70978357 65.70359058 67.9840961 70.38359886 72.7137073 74.19498612 74.7493317 74.80416562 74.85560109 75.45805145 77.37362342 -9999 -9999 -9999 -9999 -9999 -9999 -9999 -9999 -9999 -9999 -9999 -9999
-9999 -9999 -9999 -9999 -9999 58.35482227 62.23793574 66.1074187 67.79169584 68.28773745 67.86743891 67.58802922 68.16755997 70.18662578 72.8009529 74.78420869 76.69043083 78.21787465 78.8225267 79.23199701 78.53150945 77.50489442 76.99683401 77.25282912 78.04485783 78.73535746 79.37440455 79.71654194 79.9940113 79.63893105 79.81654163 80.21168794 80.52436669 81.82918565 83.67689139 84.26645477 83.31937354 81.55887294 76.20068999 70.93647474 68.86412233 68.33351805 69.354582 70.81933393 72.78296665 74.10801926 73.67889365 73.26237867 72.48121642 71.81843772 72.08837933 72.89582828 74.49337879 77.10875012 80.97864617 -9999 -9999 -9999 -9999 -9999 -9999 -9999 -9999 -9999
-9999 -9999 -9999 -9999 -9999 53.43728384 58.36764978 62.95099313 64.42497795 64.26435107 62.3274925 61.7734368 63.55898669 66.56156543 69.65512027 71.08488072 72.11604934 72.52883196 72.59601644 72.09030788 70.90489215 69.74055852 69.13106751 69.72645863 70.85353563 72.00519946 73.02352114 73.66725671 74.76571048 74.86444007 76.4261784 78.09715988 79.76888733 82.40998818 85.07582384 87.26065833 88.292113 86.7428532 82.87312597 77.84673777 75.35281172 74.57382048 74.43012154 75.14418365 76.04712493 76.65039534 76.10698258 74.63036086 73.64634592 72.17756276 71.8467623 72.33271585 72.70174737 74.4803691 77.03800774 80.60252311 -9999 -9999 -9999 -9999 -9999 -9999 -9999 -9999
-9999 -9999 -9999 -9999 -9999 48.96259809 55.75781089 62.28207437 62.25581209 60.58189575 58.04886533 57.08148051 60.01979397 62.83995583 65.96947483 67.34090652 67.57197979 67.22651614 65.77020915 64.81575348 63.4279129 61.9956092 61.31219035 62.30645459 64.15680061 65.62447825 67.31694758 69.29651691 70.74201484 72.18016617 73.84635988 77.00394173 79.0525685 82.67336466 86.41541243 89.12938143 91.38256106 91.74405965 88.68840606 83.83535919 81.03261729 79.61070935 79.13766286 79.30456562 78.97692457 79.09998046 78.00772916 76.59542312 75.52742489 73.26870996 72.49086207 72.11675014 71.61367558 73.02139422 73.92306166 76.68345685 81.84501722 87.4898955 -9999 -9999 -9999 -9999 -9999 -9999
-9999 -9999 -9999 -9999 -9999 47.8830766 54.54654722 59.68338927 60.0702102 57.40581698 53.95414001 53.52382074 56.17948306 59.05152995 62.03082178 62.37951086 61.6973289 60.70334397 59.19756002 57.58162932 55.88085001 54.67861338 54.2833993 55.52584791 57.61628862 59.99158377 62.92801376 65.82769826 68.44328742 70.88008522 73.70696416 77.10118555 80.49388503 84.24148738 87.79089782 90.87013452 93.69436923 94.29314122 92.46903702 89.19569635 86.60854166 84.82849057 83.35418701 82.64431104 82.00053639 81.85650889 80.88347227 79.44187243 77.99223509 75.86646177 74.73988337 73.72145723 72.52651229 72.61007222 72.85091755 74.99612605 79.19473295 83.84348103 -9999 -9999 -9999 -9999 -9999 -9999
-9999 -9999 -9999 -9999 -9999 47.65347974 54.18774182 58.94559604 57.39960877 53.55842327 50.91145097 50.56423029 53.07091354 55.25225578 57.97989222 57.63484427 56.34248712 55.01670979 52.66496889 51.00161991 49.11097568 47.89644585 47.5694002 49.45334128 52.10057666 55.47782572 59.60102653 64.54112111 66.87303701 70.37125782 73.7229063 77.1154001 81.66693247 84.08521344 87.76676368 90.55018647 92.85965302 95.30324512 92.65685577 90.8668391 88.72225314 86.58943831 86.20667381 84.68306638 83.7041396 83.70028126 82.99087461 82.50984935 80.98213512 78.8195441 77.33154606 75.68560472 73.95477543 73.01706562 72.53192551 73.74039739 77.03866528 81.26478088 -9999 -9999 -9999 -9999 -9999 -9999
-9999 -9999 -9999 -9999 -9999 48.83373456 52.23626752 54.44358612 52.03715754 49.20569358 48.30879591 48.87943231 50.85722255 52.23904429 53.10284949 52.3769963 51.21357842 49.47273989 47.66128688 45.84148516 44.04577207 43.00139357 42.82309388 44.95436696 47.97184188 51.9704196 57.00035794 61.60338242 65.54423014 69.07343979 72.28357491 76.10106836 79.46644037 82.87169552 85.76562712 87.90873367 89.89867314 90.16582565 89.69742812 87.91520672 86.51206749 85.62348489 84.57111065 84.49522459 84.05495106 84.54078066 84.66704656 84.29074623 83.26405739 81.3987145 79.85491825 77.92319694 75.681355 74.09186742 72.75605974 73.22235226 75.90204987 79.20884791 -9999 -9999 -9999 -9999 -9999 -9999
-9999 -9999 -9999 39.52536072 44.88344651 47.75770721 49.25866838 49.20991 46.05015653 45.34279122 46.38597831 47.54945193 48.75184609 48.7252629 48.86383278 47.68518079 46.31284697 44.68509483 42.84154792 41.15229796 39.4055496 38.71991298 38.53559435 40.91979387 44.38267689 49.00807209 54.67541509 59.79264997 64.00176808 67.49459105 70.81308439 74.31073964 77.44197489 80.08049958 82.50652618 83.85644312 84.9894548 85.04866983 84.53564079 82.86197945 82.07927733 82.36774345 82.15627237 82.69090434 83.1199722 84.25148258 85.26046123 85.65442593 85.31067445 83.50976604 82.07363617 80.0450932 77.58343988 75.52689593 73.35439992 73.02126249 75.15862487 77.64933073 82.15799512 -9999 -9999 -9999 -9999 -9999
-9999 -9999 34.5262993 39.29558296 43.76246809 44.67682193 42.38404604 40.65679674 40.1684273 42.07481369 44.14713044 45.44564446 46.23416657 45.88562896 44.53996064 43.16832734 41.90967858 40.36949949 38.82001324 37.25937691 35.85652959 35.10010995 35.50288879 37.96606761 41.94112483 46.84246552 52.45758439 57.84662574 62.12833219 65.86684952 68.88040338 71.98206528 74.57173377 76.79726366 78.68946003 79.58432947 80.13265881 79.67174313 79.37556001 78.39316005 78.03727155 78.4556976 78.92397372 80.07302112 81.21285597 82.80386444 84.36781014 85.30282506 85.31318409 84.28006857 82.86684565 80.74706397 78.19094726 75.74665204 73.60148789 72.83646375 74.06352627 76.11443874 79.71918195 83.6090344 -9999 -9999 -9999 -9999
-9999 -9999 35.14816797 39.66887949 43.49572965 40.81770521 37.20003947 35.49290664 36.66534388 39.77015631 41.84153094 43.14167673 43.285686 41.7543711 40.48340013 39.08688222 37.84203357 36.48243947 34.84818318 33.5463129 32.45335206 32.20831488 32.67278289 35.26819457 39.55832449 44.58757491 50.25611923 56.05519816 59.86630906 63.52697935 66.39235907 68.95967513 71.21161769 72.79866323 74.12501269 74.67337512 74.97185537 74.83102081 74.44235618 73.9713362 74.10383916 75.04334436 75.97485812 77.37125776 78.96614004 80.96030159 82.95914291 84.37169715 85.02745915 84.2357936 83.28068971 81.35635234 78.89257772 76.45656508 74.02538764 72.84217005 73.78047183 74.93447372 77.68180112 80.72814079 -9999 -9999 -9999 -9999
16.85484105 25.47649106 34.70753068 38.38626732 40.89423756 38.51111588 34.1465083 33.11412637 34.38122837 37.3162297 39.08418835 39.03661147 38.4111168 37.85384385 37.02949024 35.87721598 34.54318433 33.06876568 31.86360216 30.64283481 30.15101851 30.1468373 30.999324 33.60905457 37.60807208 42.57234004 48.18414399 53.60683359 57.77397828 61.23691825 63.65417056 66.07918134 67.70599455 69.09692491 69.91355332 70.285876 70.84983098 70.83987262 70.83532472 70.81117947 71.32945643 72.24791366 73.51083965 75.02679456 76.70319819 78.72883142 80.78507546 82.47886857 83.44930859 83.57640906 82.51137605 80.87164442 78.69509998 76.33445988 74.37108056 73.05953088 73.08040682 73.79464642 75.80915404 78.27751496 -9999 -9999 -9999 -9999
19.09950683 27.12883456 35.61398382 38.68467688 40.72161858 35.6911262 31.85495396 31.74852155 32.68243495 34.73545013 35.4146945 34.91062111 34.19016128 33.79984236 33.58211523 32.75140584 31.62960872 30.5092656 29.58864918 28.89652908 28.68240193 29.21567464 30.14864782 32.40739523 36.10280294 40.56412171 45.7201777 50.7798018 54.61294019 58.08520341 60.46996098 62.32251257 63.77036116 64.72782856 65.60795282 66.16112567 66.83290573 67.45029695 67.579379 68.13118555 68.8697485 70.21198964 71.73615006 72.99964062 74.68138174 76.57253532 78.58998826 80.51423466 81.55514411 81.82157018 81.49750324 80.22449498 78.46947424 76.26486732 74.17295176 72.77685586 72.66615402 72.96745416 74.06991271 75.86042871 77.50052704 -9999 -9999 -9999
23.40387431 29.25084747 36.92559896 40.18133453 40.06924355 34.79978821 31.46425519 30.94518687 31.46297866 32.15796946 32.23733953 31.72035026 30.93532371 30.68782409 30.69785596 30.16610114 29.54818069 28.81697895 28.38670752 28.20473259 28.42416873 28.99260854 29.87449293 31.93014448 34.91188395 38.7327053 43.29903631 47.46428033 51.23480214 54.60392627 56.6901897 58.55698728 59.88621079 60.66464926 61.67044604 62.29809538 63.26600226 64.14568171 64.70348127 65.89165536 67.01343673 68.08108332 69.74230549 71.06167839 72.85957498 74.72928693 76.25076321 78.1414211 79.28823419 80.12170344 79.64862476 78.95166837 77.28335023 75.37237098 73.77842674 72.25589118 71.85565776 71.61973479 72.22410158 73.45260508 74.87276616 76.76491152 78.49880758 -9999
