meets/meet004/data/CCSM_21k_neotropic_bio18.asc
NCOLS 154 
NROWS 168 
XLLCORNER -112 
YLLCORNER -55.5 
CELLSIZE 0.5 
NODATA_value -9999 
[rows 58 to 86 of 168, columns 64 to 127 of 154]
813.0842802 704.7920864 602.2786196 537.6621209 512.634854 548.7822532 614.7531781 673.8608208 701.9183819 715.5608952 736.9789189 776.7472931 814.73808 841.7165546 854.6447098 860.4042068 873.6249731 879.7367778 878.9717906 872.3524287 866.9383166 861.9634836 851.6609336 835.6815789 818.4024312 801.2068817 773.5943423 751.6534387 730.6378858 705.6870826 701.1649215 709.5866526 707.5698786 724.8621966 726.6607707 740.9217769 777.9931393 796.149424 827.7964979 884.2740348 847.6508673 840.8881537 795.4795907 765.8843678 685.8161331 608.3750997 730.5202902 675.856076 636.8096806 594.6293447 578.900855 578.7391693 577.1281991 595.376637 607.1513892 300.8297008 284.4094784 260.374628 239.4900753 232.6366863 215.1168515 205.9520106 210.3643602 -9999
774.7842944 667.006969 555.4477801 509.4844803 484.3473594 529.8385781 588.8400816 641.6099179 664.1649349 683.1536813 694.0770127 743.6440093 785.7338963 811.3924847 832.3741689 838.6305698 847.025227 852.936271 850.1448802 834.9774375 832.0564387 822.8743566 809.378009 800.3461108 779.5503269 762.8631306 751.9335572 734.6022657 730.0971891 719.8364865 715.8363901 724.903249 732.1811232 747.552342 767.035155 780.8605796 810.694473 830.6264259 853.3510194 943.2646279 899.1916352 888.7348839 826.5097311 781.18004 725.8680797 658.5828941 610.02721 696.918589 661.5740573 623.7414816 608.2973654 605.6689839 608.9031103 631.2964174 651.0277338 338.5291392 309.1819655 289.2890881 267.717527 236.6374484 241.5669727 221.431422 206.9527883 217.5698629
740.0371597 632.9717491 528.4265254 480.0952317 469.9492656 501.9542671 549.8772269 594.9106218 625.3573089 644.1255637 665.2014932 704.8098657 744.907817 774.1956609 796.8946683 803.6345339 809.6328904 813.18116 806.5787209 795.56144 788.6892719 777.1868599 766.283403 753.6835723 739.960891 734.4232171 728.9397833 722.2025996 719.6215825 719.4422902 724.1259602 735.8280929 747.9834367 768.348456 786.2983321 801.9132654 828.1383292 848.1074353 870.8785422 978.4167373 925.6313818 907.8957553 861.5803891 829.136837 768.0917306 694.9738034 648.2211044 586.5013273 678.0402461 647.7570361 639.1094956 639.6097753 643.7664357 666.7390688 688.5325407 391.9420345 365.410631 332.9016556 301.1977759 266.9217164 243.9248619 216.041445 206.6740733 192.6183005
708.2250873 593.6212878 435.3200989 408.1425431 448.8394878 483.7580398 529.4200264 569.0570629 591.9202515 610.047151 627.0598055 670.9669657 706.6913911 731.5919486 754.080234 759.6924896 769.6854085 769.692647 768.9818019 754.7492151 749.1602542 740.6075245 728.9870964 724.4451067 709.7611125 704.8959018 705.3572403 697.8026337 705.560141 710.5636926 714.8963628 731.8473052 746.5305645 762.4287472 781.4964499 797.8684198 819.6975052 833.8198271 849.1783282 861.8815827 920.4514433 907.9165039 854.730956 822.2101601 775.1327838 727.77386 687.3272208 625.4136404 596.7550848 552.2928284 528.7195476 507.0625227 482.1154214 697.5198616 720.5898307 439.7277176 405.930105 383.7554718 346.0399692 302.3135023 276.4080853 239.0550788 216.3831866 214.5672809
669.9987457 458.1938426 418.544103 390.567242 435.423395 461.5775917 495.2850435 528.2579087 549.6274374 572.010393 591.7460508 624.5084444 656.0367786 683.1441321 705.2742964 713.5054733 719.2217257 722.1305345 717.8664933 710.6143214 705.7687044 697.1083131 689.013895 681.2624792 674.396562 673.710918 674.6693565 677.0969921 684.8296304 694.4855628 705.8462094 721.0263043 737.5256554 754.030683 771.4107068 782.7499832 796.9595106 811.3087006 819.9737638 829.1090938 903.526978 887.5509065 853.3974761 826.5426106 787.3456754 738.0409993 703.1962608 665.2888802 633.2428521 601.977233 584.7204216 563.5554055 547.5341184 530.0598328 747.0973478 499.5531866 467.3272935 431.4221659 389.449673 345.1944433 314.1519062 277.7889053 246.1091407 225.4280524
638.3004197 440.3961673 396.7309531 380.5314373 416.9946842 443.2052795 470.2015802 497.3924605 395.7402256 414.2761028 555.4378429 589.8630602 617.5009113 639.8423929 659.6386074 667.5927904 675.5434268 675.614219 676.3763822 669.0980585 664.3785831 658.9175552 652.9657334 650.5783329 645.2699434 645.5492045 649.4572752 653.0820955 663.8310584 675.740847 686.561322 704.1550442 719.9791343 733.1644615 748.8157063 760.1405504 771.9610423 776.8935611 784.0039729 901.1744613 871.8810114 860.2378067 824.2437084 802.8108839 773.8203962 747.2700973 720.4151331 688.3385539 671.9434128 646.8913697 637.3335106 618.4946913 600.7798534 590.982899 567.3144722 544.6515358 512.3571067 484.3722189 438.9535704 391.510885 351.3894429 310.6681934 281.0673505 256.6396063
596.5570259 419.0338284 393.1864449 373.4920771 362.1981671 418.8555942 362.4992919 363.5061879 377.0081383 394.2249929 413.5501307 542.8263678 566.8617482 589.5483954 609.5945842 618.1353545 623.4234532 627.1654253 625.8285549 623.6219164 622.1766192 618.1121406 614.6307125 612.8655704 611.9687267 615.0716695 620.5808902 627.3078101 638.5049328 651.5282736 664.2501757 680.3518487 696.197821 710.2073048 724.087059 731.5884934 738.6170302 745.7816422 747.357839 867.6462104 836.5275911 821.3630602 804.323642 781.8526421 760.9985987 734.5118291 710.4235239 696.3281052 674.3578291 663.7313512 657.597381 640.0248127 630.8133714 610.0471936 593.5006264 582.1084466 549.3379433 516.3536609 473.9477756 430.333317 395.4081322 353.4559035 317.9171409 291.2847921
548.0529861 407.7716443 383.838163 378.0689589 373.8025349 369.8459749 357.6508021 351.4770996 368.7569393 379.5993904 392.1653367 418.7086605 524.3583903 540.9971968 560.6187485 569.8072538 577.3080767 580.8121865 582.4612824 579.8863239 580.5047184 578.5667573 577.7131627 580.7897764 579.2992529 584.3296859 592.1667828 599.3500409 612.1040744 624.9264675 637.9136487 656.9476855 670.3672792 681.0817285 695.4631988 702.9871455 712.7955073 714.419402 820.0355024 819.3187145 799.7279342 795.9405055 770.516718 754.6803641 737.5034229 719.4513819 703.4456148 690.804425 681.9538942 670.8563181 665.7879152 651.0297333 645.0059173 640.9394407 614.06351 603.9030853 569.0479963 546.8178394 514.408405 462.0399921 429.1438467 382.3415692 348.2319662 323.9438755
510.4514094 395.1796573 397.8989839 393.0154519 383.0402433 381.5100368 373.746298 360.2833344 360.2274896 372.9280608 385.0647919 396.7762136 416.2651679 438.4187478 517.4371961 525.5309021 532.7774445 538.4054494 540.1468344 541.7692509 543.2193663 544.3222379 545.3733381 547.840146 551.2892843 556.9696635 565.4470049 574.0371726 586.546173 599.5695846 611.6709341 627.8468348 642.181326 656.3178802 668.46995 675.341304 682.9101479 793.8144595 795.5169111 792.2359011 772.7401884 764.0191371 756.8906194 740.3228338 728.5907559 716.0463693 698.9424672 690.7484473 676.3392534 671.519935 671.4845907 658.7744467 653.1217847 637.0621426 626.4843064 616.8838945 589.6889695 563.5677711 526.7527115 488.7738338 454.637418 413.3395954 377.0126215 347.0079091
488.8141575 415.0549302 411.5116612 402.5290207 403.6094399 406.7807232 389.9222724 370.9297119 374.0842062 372.325722 370.4536864 383.3549886 402.0627723 417.2865265 436.0841783 448.7465538 463.9410554 475.6935923 482.797666 488.0772069 493.9224309 497.6837574 502.8029298 509.0071071 515.4656443 525.8288193 540.3643515 556.0062789 574.9198215 571.0793708 582.8419656 598.6688329 613.4613789 624.5530585 721.8984686 724.5145717 747.4754016 750.981459 752.572104 759.9264201 750.5375683 747.645074 739.5207435 729.8806739 722.4132185 716.0333486 700.6562102 693.3708279 684.564714 676.0051447 672.3135929 657.1095802 651.9498862 641.8231054 627.3112771 617.0949029 588.5144724 570.9597123 537.7314023 501.392349 470.5957782 428.9135026 396.1585815 366.1480845
487.0097032 427.9162503 371.3607506 428.877005 438.7833328 440.6715387 425.4776854 401.324562 388.3761704 373.7202704 374.7865135 380.1609534 392.8941793 409.3875766 422.5269432 431.4191565 445.4642806 457.0850102 462.6360131 465.3494327 468.3481864 472.9908982 477.0416219 481.1586487 486.1472324 495.5910138 509.2048835 523.5919079 543.1766842 563.0433364 577.1548303 605.336458 630.1417508 659.4763304 685.477187 689.3225794 711.4893541 727.4503153 737.4885438 745.2330075 736.6771446 737.1311488 739.428021 731.9897787 730.142153 726.5747119 713.4233556 706.5091459 691.9977388 681.4036756 679.3614183 663.1401181 652.5037546 635.0345931 623.4112791 612.845028 587.7521851 565.8458783 535.3549856 505.3039748 474.721532 438.7134012 406.370063 376.6968665
506.2409438 446.9266913 383.7047743 351.8208093 333.5171389 346.4606657 460.0395771 570.2186578 408.9610767 382.4008918 367.5359687 375.6441642 389.8625055 396.3245213 410.2346861 416.5222429 429.855576 443.8462396 444.2117491 445.6903622 447.5173358 449.6855843 453.9298173 456.2289535 458.0552999 465.5050752 478.5372383 492.0592714 506.4576212 526.4672199 541.6216168 571.2539172 591.3644442 607.67467 643.3113334 652.4531009 681.0256548 695.8420647 698.8224809 725.0240298 726.0280338 727.300889 735.2933287 732.3010792 737.3402391 737.5642087 720.2195826 720.9919623 705.0990693 689.7053196 682.1353741 655.3573445 647.6421725 630.624216 615.0772757 601.6816849 572.0197115 556.2928258 526.9605858 498.8131694 471.6680356 436.3877673 407.5041627 382.0982245
541.9294587 482.7632843 416.6812818 374.5693553 347.1052044 570.5555521 573.8552411 556.0188297 425.7798779 388.4916907 378.6902809 382.9613952 385.6202979 395.7963592 404.0088737 407.7938366 420.9216171 433.2161811 435.6305493 433.2514918 432.0214694 434.6585798 435.8229678 436.5542953 435.4512551 440.681483 451.9131342 463.116804 479.6900605 495.7201947 509.1267485 533.8800405 557.1795629 583.9452901 611.3432601 622.8230448 649.9367941 675.3862164 695.5680987 715.3468892 718.3315725 730.3993717 742.4621607 746.0849772 750.9052511 753.0135216 745.1748582 736.6692263 719.3783247 699.6906801 691.0774642 669.3068136 647.2515984 626.4399518 604.7546843 590.0406444 565.6065664 541.5653298 514.6097299 487.3089034 459.3856456 428.9897845 400.4731743 375.0421842
564.416515 509.7325359 454.4890138 403.3899731 598.4552376 583.1811789 575.7709697 563.4303951 455.6354126 408.2718134 383.3939089 383.8321129 387.7086022 389.4455912 398.516898 400.7357694 415.1178354 427.8750414 426.3453852 424.3856238 422.3969749 422.3216358 423.0073749 421.5123969 417.3746747 418.9352103 428.5207398 437.2246286 449.3322045 464.563622 479.0641151 504.7358111 524.6092091 542.4640607 574.9878504 589.7353729 621.743488 646.102 658.7435247 695.5316007 706.6132643 720.9951133 738.8972122 742.1129388 754.5909338 759.0143345 745.8252294 745.8291512 729.813481 704.5656998 690.9619517 659.8967306 641.0777465 619.8213957 593.1708599 576.2926995 548.5687695 527.7206246 500.7230381 472.9523861 446.7573493 417.4753058 390.1997828 367.7026711
-9999 520.5139201 58.24369421 443.4325508 659.425693 607.7174986 595.4601849 583.4842527 468.3039541 430.4009036 411.3076135 399.592309 391.477823 392.6518011 395.7211958 398.342515 411.502064 423.9514196 423.7108089 420.7841613 416.8159536 416.6330908 416.2744947 412.2809792 406.0692926 405.3328019 411.6403247 417.514483 429.5785711 439.9549708 453.1188805 474.896648 494.8624102 520.1945763 539.546731 561.8650674 591.6819334 621.5800871 650.7246256 670.7383794 690.1395454 717.090928 737.9559798 747.6341268 751.0397457 752.2094243 756.4727256 747.9554386 728.0375971 704.074651 683.5148672 660.8001569 632.720492 607.6791289 580.4908167 560.7501903 538.40465 513.1969083 487.8325421 460.3059628 432.8357297 406.2759208 380.0997036 357.2575551
-9999 -9999 48.82392895 459.6920375 707.6686355 654.7514374 618.8083505 615.8812951 511.3827388 463.4788724 435.2017439 419.4090187 407.3981022 396.048612 400.1617487 397.6869331 409.3055032 418.0363719 418.5539734 418.5516087 415.0139299 412.4271126 411.3366464 406.5871586 399.1234387 396.4886226 399.6884554 402.9343343 410.3584656 420.5719235 430.5870599 451.5140137 466.9589182 485.8210324 512.8266263 530.5608478 562.8819126 585.2527248 610.419117 651.0240364 669.6372602 693.3089322 710.5574643 723.2732489 740.5042191 745.7442953 733.488532 728.0003192 714.4272078 688.4525801 671.1162244 637.2538169 614.876679 592.1182184 563.7860513 546.3019601 521.6273442 499.9381727 475.2558861 446.7989779 422.162581 396.16908 371.7235979 348.6993672
-9999 -9999 -9999 464.9260468 744.6255413 687.7860609 674.3154447 663.8135866 541.2871389 510.5777272 479.0701378 438.8603337 439.715215 413.4468815 402.2342641 402.6172232 408.0213786 414.9669502 416.1083956 415.9075803 413.3355612 412.5322581 410.2452954 403.2386979 397.1418177 392.9553588 393.7217483 393.9638463 399.1643636 405.5385501 414.0417844 431.6801854 445.4884869 462.340596 482.6518719 502.7666163 533.6446026 553.772766 584.8822224 614.749852 639.5899677 669.9450091 687.5499509 704.9220757 715.9701255 718.5006218 714.3160846 706.6225188 687.8113285 664.001945 640.7786058 614.1639064 588.5377888 569.5880633 544.7238117 525.9849796 506.2552544 486.3802469 461.8690412 437.0193571 411.5184934 387.2055941 363.9620083 340.4118838
-9999 -9999 -9999 445.701215 765.0867708 717.3914106 707.7000624 713.7353062 707.8599399 572.4343593 555.3808645 516.542723 471.4411346 448.5292058 426.5258926 416.7977874 407.4371629 410.927444 411.0265745 411.3715066 408.7293964 408.9323582 407.7165334 401.443188 395.9959993 391.1147076 389.3113055 389.2692569 392.1049118 395.8425195 400.4249867 412.4070388 425.870835 440.8347897 459.1246015 473.506818 497.9224476 524.1333718 550.1071004 579.561455 599.3915673 623.3333638 648.8237 661.5694684 676.6111619 679.5782438 671.1350133 665.0706016 645.4024922 626.3612419 609.2282256 584.6999514 562.2604589 540.6136095 521.082784 505.6708515 487.2705724 469.0796945 448.2279591 425.1649493 402.3417986 379.6847176 357.0467952 335.5391614
-9999 -9999 -9999 404.9745928 755.8536088 736.3427512 745.8858092 757.5244639 787.3201418 813.8439051 619.4115777 567.0656735 524.9133293 480.3657484 446.1022462 434.3593836 409.2233419 413.0158423 409.0272192 408.6988924 407.2091201 408.4450548 405.6518241 401.032179 395.9088429 391.3293202 389.3404263 388.2656126 387.8800617 388.6526798 392.7727793 403.975424 412.2822513 423.147463 438.0408952 452.8419949 476.5761461 494.4037149 520.1978519 543.6382517 566.5117509 592.63177 607.2819499 627.4335407 638.5451725 640.3129746 638.6498857 628.9616771 614.0485441 595.3778696 575.5560907 554.8198048 531.757528 516.7191322 496.8912164 480.8678305 467.1678446 450.6064751 431.6260537 412.7385329 391.6109348 370.8605636 350.356087 329.3339541
-9999 -9999 -9999 -9999 730.0170118 734.4174896 746.9179557 770.533573 854.5645832 916.3214924 906.8059416 805.1303533 594.7114209 546.5747627 487.7229549 458.4895501 441.319631 421.4079474 411.5573937 407.8157389 403.1365192 400.7587033 400.2959648 396.4811626 392.6753042 388.5453674 386.6320197 385.0978702 384.1927269 383.6680989 384.2690138 391.1238382 398.5936562 407.7357573 419.594386 430.0157419 447.444089 467.809442 487.8178583 509.4966004 525.4895423 543.6977833 562.2466592 575.9518797 588.4243046 591.3655824 588.9143809 583.3836959 570.4430848 557.5078191 542.9327752 523.3824747 504.8836025 488.3919241 471.5304111 457.9734018 444.8105099 430.6147693 416.3288086 399.914745 381.8146896 363.2747155 344.086918 324.8531163
-9999 -9999 -9999 -9999 338.3444973 720.6758749 735.6165882 763.4972433 891.6811009 1004.160185 1006.817593 919.3687598 805.3516753 603.4977339 546.9389641 507.1888182 456.6395794 447.4279927 420.5170448 408.649955 403.5718937 395.3096036 396.2438217 392.1817892 388.8818689 384.9822863 384.934782 382.2658814 380.350113 378.3856644 379.744744 385.5649478 388.9959661 394.7708929 404.338331 414.2840987 430.8724757 444.2688956 464.2967847 480.2965885 496.5050797 514.5074612 523.6725551 539.3077088 548.2403038 550.6788102 553.9509734 548.1991951 538.6106469 527.911525 512.8579052 496.3783645 478.6007515 465.0513842 447.1931568 433.2297571 424.3897421 410.4923328 398.1594021 385.9599279 369.8149919 354.1596222 337.2344003 318.6329137
-9999 -9999 -9999 -9999 -9999 364.4361642 750.2371905 806.2215585 899.9288855 977.9837401 998.2091912 967.470061 904.9333561 848.8075252 651.052114 606.8232327 569.4453179 505.9115524 466.1068253 438.3905001 414.53928 398.2725416 393.5632667 387.2541868 384.3249484 380.9007263 377.8692423 377.1988206 375.0656853 373.8716413 372.982984 376.2502245 380.7431341 386.0825759 393.233995 400.8404947 413.8668156 429.1189288 441.8834586 456.8398309 466.9341022 477.2732877 488.7746433 498.517161 507.3673901 509.9147316 510.6793505 509.6610736 502.0340815 493.8783896 482.6436791 467.8310792 453.9958647 439.3536618 425.0975113 412.2855872 402.3671024 390.7731667 381.6868359 370.9575998 357.9018099 344.223533 329.8990307 313.4034048
-9999 -9999 -9999 -9999 -9999 360.9676502 419.7655794 860.7351575 903.6421946 929.6463524 949.0397494 972.6943562 991.8012703 1016.327884 973.372624 738.027217 702.0933892 605.0822391 544.6959118 505.4051214 467.7064132 413.9396935 401.954125 395.7267785 377.8537645 374.745756 369.7817469 369.885756 367.3055813 367.270039 367.6146548 370.8817968 375.3142962 378.6007838 385.1197359 393.1530322 407.286386 418.2474214 428.7009721 438.4549771 447.3764537 455.9420453 461.4649136 471.0019248 477.1924139 479.3127148 482.1228912 479.0155061 474.5900936 466.0282327 455.0383228 443.5176978 429.4941427 417.7197557 404.6005387 391.9758697 383.0751686 372.0890063 364.2046049 354.9199429 343.8193573 333.1620745 320.8137564 306.0374581
-9999 -9999 -9999 -9999 -9999 -9999 407.5574204 482.0969533 893.5035949 904.6738205 925.2835945 979.1558613 1055.662261 1169.763887 1294.328697 1314.803956 883.9790457 825.050316 758.7298118 653.0830616 576.2718167 518.2441303 453.4097154 402.466568 386.9526016 372.9577651 361.8405214 360.0358008 357.9155305 357.3129946 357.5385369 362.5398153 367.497037 372.617379 378.9137229 385.4664791 395.2853211 406.6436197 413.5849712 421.160328 425.9722291 431.060171 437.510285 443.419588 449.9939218 451.5925724 452.1322613 451.4246294 447.1804203 440.9073108 431.9183853 420.7385809 408.827367 397.260098 385.1074943 373.3779289 365.1612426 354.9160615 348.4772991 340.383285 330.7845677 322.2413936 312.1602539 299.9376185
-9999 -9999 -9999 -9999 -9999 -9999 381.5062578 508.8336434 841.6746106 878.9499103 902.0463586 960.7775647 1065.011718 1271.420037 1520.815519 1605.20163 1513.814127 1037.70667 963.7849436 832.9937422 745.2962959 659.2771786 522.0236939 469.9032101 407.3494144 371.4367753 351.3812785 347.2485468 346.7190522 345.1026564 346.8090419 355.0645529 359.5417466 364.4504372 372.1092842 378.7010653 389.3814965 395.6313842 399.9802125 404.7339256 408.1514472 414.4908101 417.296655 422.8758733 428.4085478 429.1004785 432.0794754 428.4106972 426.5365079 420.8795784 413.8206364 402.9213388 390.8710535 380.7444275 367.437811 357.2687982 350.4877351 339.2555344 333.3286185 326.6144475 318.4672303 311.9015853 303.1579104 292.8632946
-9999 -9999 -9999 -9999 -9999 -9999 -9999 399.5182228 465.3868254 827.304253 894.5464579 952.1056004 1053.206292 1199.69591 1422.356701 1540.478356 1604.103607 1652.009669 1615.029844 1566.800517 1399.578394 1092.693589 667.4481904 555.8409897 439.9075928 387.663683 359.6084778 342.4001598 336.4845213 335.3074471 336.9436846 344.4955608 351.1684377 358.8797915 365.9793108 371.9035531 378.9346334 385.2207576 389.5156005 392.2883383 394.4842612 398.9961385 402.3304054 408.5643488 413.2736079 414.4958292 415.7919618 414.8553168 412.2776073 408.1625276 400.3690705 390.340306 379.033439 369.0977538 357.3907795 347.0560716 339.25873 331.2711453 324.6341145 317.5544633 309.2863739 303.5931061 295.7823873 287.1477421
-9999 -9999 -9999 -9999 -9999 -9999 -9999 294.0682646 396.1553696 751.1032513 895.41344 957.7610799 1027.263249 1147.717463 1290.704118 1360.405352 1493.953691 1661.625945 1679.124648 1810.488243 1693.11503 1318.389637 1028.53608 804.3086594 514.1279085 430.0970415 384.8753128 340.9696228 335.0509281 330.4446032 328.3605228 336.1975627 342.2433588 349.074173 357.9625976 363.6040388 369.0398676 374.5068223 375.1894511 378.8165918 380.8126151 383.9519804 388.5301092 392.9289632 399.1968451 401.4112942 401.9529771 402.7447827 398.4988787 397.0322603 390.3686687 379.2969552 369.4075489 357.7860137 347.718933 338.5413225 331.5554942 324.1340417 316.3120906 310.6837096 302.782865 296.734734 289.5478144 281.2289683
-9999 -9999 -9999 -9999 -9999 -9999 -9999 211.7573395 322.2979507 438.0758792 772.745539 901.619623 1006.517102 1067.392922 1114.653188 1179.334335 1229.509622 1330.607893 1423.093142 1519.782494 1471.964917 1305.045807 1135.305887 908.0513794 715.8459271 496.7412987 426.7389477 370.8023106 338.3060723 328.362193 327.1422227 330.0107205 337.407978 344.1551642 350.8631345 355.1457518 360.5227283 363.8494904 365.9229549 367.5422497 368.894848 373.1300932 377.6226248 383.4149306 388.5976428 390.4522979 391.2688011 391.9255851 390.1084471 387.1186113 380.7001978 372.1576437 362.3473841 352.9113567 344.0769245 335.6221761 328.7338606 322.7079888 316.9917376 310.2808308 301.9266738 295.5018081 287.8904163 280.4826316
-9999 -9999 -9999 -9999 -9999 -9999 -9999 -9999 253.5132072 332.6099037 432.6941646 762.9149318 931.4372143 972.9443799 987.1593029 1017.748063 1032.09565 1032.10351 1111.592682 1184.286469 1198.417209 1201.635575 1150.106516 1020.151141 861.6150606 728.9178739 505.9384558 417.4296679 382.0485015 348.5329205 329.3403648 329.9604446 332.0278364 335.770969 342.3995843 344.9004076 347.9964056 351.7321134 351.3732702 353.303187 355.1954611 358.9525712 364.5406918 368.6741098 375.9168369 379.6701906 380.8460393 381.7597101 379.4858815 379.286055 373.3468758 364.737591 357.2403204 348.5599169 341.0852531 334.5299063 329.4442689 323.4159713 316.9575336 312.1566287 303.4820777 295.8045502 287.5284524 278.6520158
