meets/meet004/data/CCSM_21k_neotropic_bio05.asc
NCOLS 154 
NROWS 168 
XLLCORNER -112 
YLLCORNER -55.5 
CELLSIZE 0.5 
NODATA_value -9999 
[rows 29 to 57 of 168, columns 64 to 127 of 154]
-9999 -9999 -9999 -9999 -9999 -9999 -9999 -9999 -9999 -9999 -9999 -9999 -9999 -9999 -9999 -9999 -9999 -9999 -9999 -9999 -9999 -9999 -9999 -9999 -9999 -9999 -9999 -9999 -9999 -9999 -9999 -9999 -9999 -9999 -9999 -9999 -9999 24.50739815 -9999 -9999 -9999 -9999 -9999 -9999 -9999 -9999 -9999 -9999 -9999 -9999 -9999 -9999 -9999 -9999 -9999 -9999 -9999 -9999 -9999 -9999 -9999 -9999 -9999 -9999
-9999 -9999 -9999 -9999 -9999 -9999 -9999 -9999 -9999 -9999 -9999 -9999 -9999 -9999 -9999 -9999 -9999 -9999 -9999 -9999 -9999 -9999 -9999 -9999 -9999 -9999 -9999 -9999 -9999 -9999 -9999 -9999 -9999 -9999 -9999 -9999 -9999 24.53196953 -9999 -9999 -9999 -9999 -9999 -9999 -9999 -9999 -9999 -9999 -9999 -9999 -9999 -9999 -9999 -9999 -9999 -9999 -9999 -9999 -9999 -9999 -9999 -9999 -9999 -9999
-9999 -9999 -9999 -9999 -9999 -9999 -9999 -9999 -9999 -9999 -9999 -9999 -9999 -9999 -9999 -9999 -9999 -9999 -9999 -9999 -9999 -9999 -9999 -9999 -9999 -9999 -9999 -9999 -9999 -9999 -9999 -9999 -9999 -9999 -9999 -9999 -9999 -9999 -9999 -9999 -9999 -9999 -9999 -9999 -9999 -9999 -9999 -9999 -9999 -9999 -9999 -9999 -9999 -9999 -9999 -9999 -9999 -9999 -9999 -9999 -9999 -9999 -9999 -9999
-9999 -9999 -9999 -9999 -9999 -9999 -9999 -9999 -9999 -9999 -9999 -9999 -9999 -9999 -9999 -9999 26.88668553 -9999 -9999 -9999 -9999 -9999 -9999 -9999 -9999 -9999 -9999 -9999 -9999 -9999 -9999 -9999 -9999 -9999 -9999 -9999 24.97649892 -9999 -9999 -9999 -9999 -9999 -9999 -9999 -9999 -9999 -9999 -9999 -9999 -9999 -9999 -9999 -9999 -9999 -9999 -9999 -9999 -9999 -9999 -9999 -9999 -9999 -9999 -9999
-9999 -9999 -9999 -9999 -9999 -9999 -9999 -9999 -9999 -9999 -9999 -9999 -9999 -9999 26.8528726 27.39782166 27.82862572 -9999 -9999 -9999 -9999 -9999 -9999 -9999 -9999 -9999 -9999 -9999 -9999 -9999 -9999 -9999 -9999 -9999 -9999 -9999 -9999 -9999 -9999 -9999 -9999 -9999 -9999 -9999 -9999 -9999 -9999 -9999 -9999 -9999 -9999 -9999 -9999 -9999 -9999 -9999 -9999 -9999 -9999 -9999 -9999 -9999 -9999 -9999
-9999 -9999 -9999 -9999 -9999 -9999 -9999 -9999 -9999 -9999 25.30806163 26.16168037 27.15746844 28.13370784 28.96942804 29.37517477 -9999 -9999 28.54960192 27.84938523 26.88986198 26.14769024 25.57269829 -9999 -9999 -9999 -9999 -9999 -9999 -9999 -9999 -9999 -9999 -9999 -9999 -9999 -9999 -9999 -9999 -9999 -9999 -9999 -9999 -9999 -9999 -9999 -9999 -9999 -9999 -9999 -9999 -9999 -9999 -9999 -9999 -9999 -9999 -9999 -9999 -9999 -9999 -9999 -9999 -9999
-9999 -9999 -9999 -9999 -9999 -9999 -9999 -9999 -9999 26.67257681 27.70858421 29.06764132 30.32154688 30.23890106 30.76854763 30.78148806 30.11489457 29.86586752 29.25735426 28.72109773 27.92232892 26.84382288 25.823851 25.23642609 -9999 -9999 -9999 -9999 -9999 -9999 -9999 -9999 -9999 -9999 -9999 -9999 -9999 -9999 -9999 -9999 -9999 -9999 -9999 -9999 -9999 -9999 -9999 -9999 -9999 -9999 -9999 -9999 -9999 -9999 -9999 -9999 -9999 -9999 -9999 -9999 -9999 -9999 -9999 -9999
-9999 -9999 -9999 -9999 -9999 -9999 -9999 -9999 -9999 30.23188276 31.25876833 31.37108639 31.40056475 31.01965341 30.60897693 30.2808109 29.89743766 29.70437368 29.3436212 29.10904153 28.62424031 28.09080908 27.74341239 27.22651938 27.14151023 27.13308188 27.39615382 27.92883907 28.21739539 28.57980664 28.80862785 29.16208297 29.27480352 29.06169135 28.61611579 -9999 -9999 -9999 -9999 -9999 -9999 -9999 -9999 -9999 -9999 -9999 -9999 -9999 -9999 -9999 -9999 -9999 -9999 -9999 -9999 -9999 -9999 -9999 -9999 -9999 -9999 -9999 -9999 -9999
-9999 -9999 -9999 -9999 -9999 -9999 -9999 -9999 -9999 33.06370652 33.7611521 32.87007286 32.17002253 31.22731285 30.26490203 29.72264256 29.49287073 29.40302573 29.09737245 29.29814801 29.21922694 29.15550944 29.44824016 29.45168956 29.99399798 30.21245502 30.31526312 30.90096584 30.65184708 31.03460348 31.00522724 30.84360847 31.06783298 30.40234513 29.7698427 29.09746988 28.41699767 -9999 -9999 -9999 -9999 -9999 -9999 -9999 -9999 -9999 -9999 -9999 -9999 -9999 -9999 -9999 -9999 -9999 -9999 -9999 -9999 -9999 -9999 -9999 -9999 -9999 -9999 -9999
25.56776944 26.37959518 27.11273524 26.82161663 -9999 -9999 -9999 -9999 32.45834583 33.92108944 34.29524219 33.50311982 32.49572557 31.28034205 30.44839528 29.72278246 29.23849198 29.19492885 28.90727855 28.98221588 29.33826938 29.88453742 30.72431644 31.05945597 31.55541933 31.77327649 31.57882274 31.58047485 31.39313609 31.43441788 31.24249805 31.02663025 30.85313035 30.60925863 30.32713844 29.72193321 29.07049004 28.35954342 -9999 -9999 -9999 -9999 -9999 -9999 -9999 -9999 -9999 -9999 -9999 -9999 -9999 -9999 -9999 -9999 -9999 -9999 -9999 -9999 -9999 -9999 -9999 -9999 -9999 -9999
27.18834891 -9999 -9999 28.67225213 28.50473205 29.22282012 30.31083373 31.93048154 33.12215659 34.26480218 34.4509375 33.57333504 32.5209223 31.21199106 30.15922481 29.22574004 28.5901531 28.40295016 28.19961858 28.49715853 29.12028521 30.13019076 31.33345093 31.81923659 32.33641246 32.50811323 32.10856736 31.96406642 31.6711708 31.47970763 31.14373912 30.83260208 30.56061148 30.34381371 30.38858832 29.91142169 29.34780455 28.84256989 -9999 -9999 -9999 -9999 -9999 -9999 -9999 -9999 -9999 -9999 -9999 -9999 -9999 -9999 -9999 -9999 -9999 -9999 -9999 -9999 -9999 -9999 -9999 -9999 -9999 -9999
-9999 -9999 -9999 29.26243002 30.15725658 30.92011951 31.55575298 32.78925581 33.42438031 34.21132581 33.95900346 33.07588556 32.18269292 30.36213849 28.90843926 27.87460236 26.97220562 26.90315992 27.47180244 28.04171871 29.10598048 30.43326738 31.38541143 32.08468429 32.56313125 32.69529288 32.5162976 32.32711227 31.82415185 31.63764135 31.20054915 30.67564539 30.49919098 30.00248934 29.83762788 29.68089624 29.4299539 29.34850422 29.22040454 29.17485552 28.48863201 -9999 -9999 -9999 -9999 -9999 -9999 -9999 -9999 -9999 -9999 -9999 -9999 -9999 -9999 -9999 -9999 -9999 -9999 -9999 -9999 -9999 -9999 -9999
-9999 -9999 -9999 28.51856246 29.60096468 30.44910018 30.9354869 31.97569968 32.40272412 32.89895989 32.50304893 31.4070399 30.15990897 28.10484601 26.41116483 25.49591924 25.19289135 25.81445776 27.3692582 28.84893969 30.21940511 31.30556365 31.8067113 32.29523035 32.61081867 32.6298925 32.32640538 32.033013 31.41644219 31.02834496 30.49098168 29.93895964 29.72483423 29.24725269 29.15139151 29.03441076 28.96072757 29.24744137 29.42027076 29.63109042 29.2401634 28.48907517 -9999 -9999 -9999 -9999 -9999 -9999 -9999 -9999 -9999 -9999 -9999 -9999 -9999 -9999 -9999 -9999 -9999 -9999 -9999 -9999 -9999 -9999
-9999 -9999 -9999 -9999 27.4884767 28.20531504 28.98237997 29.66409549 30.2081172 30.41229548 29.87500607 28.82276228 27.14995893 25.0850047 22.9407444 22.55118514 23.64547549 25.12585601 27.93925542 30.94028081 32.47941503 32.38897016 32.40351866 32.4381637 32.51799395 32.29890052 31.71994254 31.15137939 30.41552818 29.65615767 29.04703335 28.61873044 28.2340656 28.11108046 28.1897147 28.33655478 28.61724184 29.040329 29.21515275 29.70511725 29.63956458 29.26256517 29.02505673 -9999 -9999 -9999 -9999 -9999 -9999 -9999 -9999 -9999 -9999 -9999 -9999 -9999 -9999 -9999 -9999 -9999 -9999 -9999 -9999 -9999
-9999 -9999 -9999 -9999 -9999 26.63598876 27.21714417 27.47511213 27.61639881 27.3553929 26.85207462 26.27178598 24.85340049 22.78027675 20.90366166 21.09195767 23.04888347 25.57764385 28.74136632 31.6046027 33.02197843 32.76150216 32.42052822 32.24973404 32.21359424 31.79964005 31.04742978 30.20807321 29.34257677 28.52903716 27.85295189 27.38474109 27.05656672 27.04677615 27.18026966 27.33934951 27.61681785 28.02666646 28.16927279 28.63923476 28.93150026 29.27315249 29.51731735 29.18056061 -9999 -9999 -9999 -9999 -9999 -9999 -9999 -9999 -9999 -9999 -9999 -9999 -9999 -9999 -9999 -9999 -9999 -9999 -9999 -9999
-9999 -9999 -9999 -9999 -9999 25.72648359 25.8634447 25.88597097 25.10161943 24.33763084 23.92597882 24.02933315 23.59199169 21.82603401 19.90862824 20.72554063 23.67216812 27.005771 29.30983985 31.23086674 32.27906214 32.07789228 31.83786589 31.78685058 31.94912856 31.2793677 30.05265118 29.21590741 28.29017357 27.59654881 26.96935526 26.38638143 26.13359448 26.12454936 26.17225623 26.32751448 26.50325004 26.44560298 26.55582067 26.7354106 27.30341407 28.41179576 29.56681023 29.58781144 29.46105068 -9999 -9999 -9999 -9999 -9999 -9999 -9999 -9999 -9999 -9999 -9999 -9999 -9999 -9999 -9999 -9999 -9999 -9999 -9999
-9999 -9999 -9999 -9999 -9999 25.15002539 24.92800376 24.23192367 23.18384381 22.15798786 21.87717984 22.39439191 22.52685523 21.8795459 21.20896854 22.4618327 25.43898291 28.36735613 30.32063269 31.49154643 32.15167446 31.9878366 31.66279119 31.37243147 31.0518723 30.20888451 28.92623848 27.82660429 27.16598353 26.60630796 26.09262802 25.60627899 25.29738771 25.44427518 25.61177298 25.66343029 25.66359241 25.31349839 24.9240881 24.67671717 25.24717231 26.72435786 28.30573457 29.23515779 29.81659669 30.16749796 30.20725959 30.15123705 30.05801486 30.1029407 29.99621693 29.90263632 -9999 -9999 -9999 -9999 -9999 -9999 -9999 -9999 -9999 -9999 -9999 -9999
-9999 -9999 -9999 -9999 -9999 24.74617282 24.14205781 23.05511378 21.83577088 20.59135006 20.4298041 21.3050297 21.95206425 22.50062056 23.09460017 24.798275 27.31383277 29.8971853 31.03806411 31.79333206 31.97607156 31.46650479 31.29167438 30.30932162 29.55518672 28.63740531 27.48513796 26.44689036 25.82851315 25.5511851 25.24143909 24.788445 24.50137078 24.96245022 25.41195873 25.50039443 25.24752303 24.65635502 23.85017537 22.81516261 23.31377991 25.23261373 26.80947844 28.48087835 29.90018965 30.63376339 30.74304708 31.00579666 30.74697198 30.99934452 30.90614291 30.67075686 30.63725206 29.89819576 29.19001233 -9999 -9999 -9999 -9999 -9999 -9999 -9999 -9999 -9999
-9999 -9999 -9999 -9999 -9999 24.38699438 23.66080409 22.44142599 21.27473038 20.27526766 20.19252236 20.8860613 22.05593602 23.38496466 24.98966998 26.82229778 28.7504471 30.37681615 31.07849278 31.22827509 30.96284366 30.16312259 29.28909701 28.5806809 27.81030375 27.1013607 26.45808317 25.60359039 25.25458359 24.68337788 24.57635247 24.5465361 24.4597048 25.13875833 25.60842851 25.75559058 25.62758998 24.78757589 23.85402021 22.73565858 23.0434088 24.63562917 26.32088795 27.94817431 29.22455832 30.04359381 30.34486611 30.54727301 30.53444917 30.71841811 30.7074992 30.59891105 30.53818152 30.09405366 29.68084037 28.96913538 -9999 -9999 -9999 -9999 -9999 -9999 -9999 -9999
-9999 -9999 -9999 -9999 -9999 24.07568589 23.23310044 22.1960578 20.97680498 20.16568399 20.22503235 20.86439641 22.13050141 24.26925756 26.6164293 28.4184273 29.57258222 30.73644245 30.57522966 30.2240315 29.62206975 28.6594693 27.49812113 27.36087611 26.62722446 26.31845505 26.36554895 25.33436296 25.7919076 25.13928974 24.86264333 25.18355624 24.82333449 26.03797609 26.52080152 26.73675436 26.65932135 25.74062613 25.12741561 23.850312 23.97281998 25.4098285 26.40007884 27.66763351 28.60529829 29.26528173 29.57681698 29.72527993 29.79448082 29.90720853 29.92361174 30.00146174 30.06847758 29.80407065 29.78105697 29.29153402 28.61155552 28.30036825 -9999 -9999 -9999 -9999 -9999 -9999
-9999 -9999 -9999 -9999 -9999 23.49818049 22.68805102 21.58553102 20.55879937 19.92074256 20.13416952 20.9621931 22.64910473 25.05911735 27.67527743 29.22687261 29.63284705 29.55801726 29.21045216 28.67309482 28.15458623 27.55097383 27.07603993 27.15515792 27.37360542 27.49115413 27.80133222 28.06127709 27.98962548 27.75580267 27.60129687 27.50271824 27.58617662 27.88373274 28.19383708 28.40894455 28.42791947 28.28940688 27.59735554 26.99932853 26.90187747 27.18341955 27.73143171 27.99386653 28.25385548 28.5210175 28.82481247 28.99731314 29.1093032 29.14043501 29.15456409 29.21174182 29.22847448 29.17464196 29.07482674 28.81401028 28.56417524 28.27936719 -9999 -9999 -9999 -9999 -9999 -9999
-9999 -9999 -9999 -9999 -9999 22.9147227 22.13398674 21.16974009 20.39859363 19.80320078 20.06042264 21.21430676 22.77841664 25.46320774 28.24945203 29.5063479 28.96851485 28.41208846 27.92671874 27.27150416 26.85495238 26.69156258 26.63920954 27.17353356 28.2392946 28.89510671 29.35567286 30.72686285 30.08078415 30.25105348 30.22839437 29.94025145 30.57198921 29.89558069 29.92438743 29.94985007 29.90195896 30.60943064 29.62119925 29.63546384 29.42416953 28.92547933 29.30109614 28.6297782 28.30461352 28.31404635 28.57049441 28.72853956 28.80054058 28.62283938 28.61213161 28.75177763 28.53618518 28.56120518 28.39624415 28.2161913 28.2526731 28.10569832 -9999 -9999 -9999 -9999 -9999 -9999
-9999 -9999 -9999 -9999 -9999 22.07745775 21.60677574 21.15090656 20.74800649 20.62483128 21.12067283 22.04464654 23.46055717 25.52296048 27.46740906 28.34558587 28.05836513 27.38548566 26.93141657 26.48219504 26.23745977 26.21063943 26.4502851 27.14238202 28.12685798 28.97956165 29.67122122 30.31856586 30.5872761 30.84988682 30.98335011 30.91720612 31.11361216 30.89747312 30.94034148 30.90282554 30.75213248 30.88895254 30.54043495 30.42184261 30.1050375 29.59224612 29.32465622 28.81438989 28.58101487 28.51642792 28.67454162 28.8806219 28.92341057 28.85191831 28.70715451 28.56544371 28.50893736 28.36846362 28.18692351 28.01437539 28.0082739 28.35949102 -9999 -9999 -9999 -9999 -9999 -9999
-9999 -9999 -9999 22.36616356 21.57283374 20.89040952 20.7326782 21.01181949 21.33332087 21.83334021 22.60347831 23.44628935 24.36971327 25.69479034 26.84333773 27.31703599 26.98939793 26.43182277 26.21614503 25.94790403 25.83524008 25.90587675 26.17614755 26.94457771 27.80263307 28.6399117 29.32949005 29.7735993 30.16167645 30.57347627 30.82283356 30.88915147 31.13961665 31.08139218 31.20456404 31.12593756 30.81927184 30.74097472 30.3277227 30.19394403 29.85760818 29.28938865 28.98938478 28.6959077 28.60324474 28.61071816 28.8059688 29.05570761 29.08236264 29.12956184 29.01453099 28.86601739 28.72020191 28.27213728 28.01666891 27.97414061 28.33160724 28.823289 29.32823584 -9999 -9999 -9999 -9999 -9999
-9999 -9999 22.96196352 21.49535167 19.81157564 19.08648818 19.52980964 20.39077535 21.90997529 23.63198464 24.73941082 25.1828322 25.62767117 25.98203387 26.21988597 26.31452816 26.1545702 25.88246178 25.78654249 25.75195288 25.90707985 26.02060316 26.19118043 26.8467621 27.68185516 28.44464681 29.05776979 29.47318074 29.6338061 29.9598695 30.2620717 30.48841291 30.71892518 30.87250211 30.98707947 30.84471988 30.43768074 30.04194603 29.65608558 29.35523564 29.02742653 28.71781695 28.54806277 28.37597305 28.41276829 28.50670511 28.6760325 28.92617373 29.00641795 29.08610638 29.00250886 28.82773238 28.62201697 28.23291578 27.88570754 28.23558049 28.66133058 29.1870323 29.69761033 30.1829594 -9999 -9999 -9999 -9999
-9999 -9999 22.82450876 20.93205185 18.60450773 18.02404025 18.92896008 20.19252127 22.50103258 24.98970613 26.20846494 26.24741092 26.38455416 26.10169149 25.79266069 25.67296897 25.58071085 25.57218911 25.7377351 25.91623587 26.09712714 26.19538028 26.33227819 26.77884068 27.58040032 28.29908364 28.84250308 29.23030613 29.32574855 29.37834101 29.68263398 29.95358974 30.21242512 30.42917874 30.55737502 30.38904006 29.8690414 29.30142161 28.87782235 28.48298768 28.15834018 27.99877889 27.90698723 27.84140643 27.97042378 28.11965665 28.31851525 28.59625 28.70824983 28.81972081 28.75850857 28.58127839 28.37359662 27.98001195 27.85682035 28.34486693 28.8027083 29.38209621 29.89751762 30.4231581 -9999 -9999 -9999 -9999
24.57704097 24.09322741 23.11602693 20.84348919 18.50246816 18.18004625 19.29447222 21.17023084 23.1928755 25.37605887 26.58147306 26.53768161 26.1480146 25.96344342 25.7275062 25.52289596 25.53093176 25.58833452 25.85300093 26.07747165 26.25595212 26.36794114 26.46189296 26.72483534 27.4087717 28.04701005 28.59250791 28.96513254 29.09211599 29.05185915 29.1780733 29.44787428 29.65260652 29.86542816 29.96224726 29.73890306 29.23962547 28.68876675 28.14302122 27.66196606 27.3582421 27.20212406 27.11690262 27.20495313 27.30124284 27.49868465 27.78252438 28.00959596 28.21126432 28.3417765 28.29574224 28.13672886 27.92614011 27.55439294 27.83029724 28.32268255 28.77930285 29.32428861 29.84565736 30.31206799 -9999 -9999 -9999 -9999
24.44769684 24.10360137 23.22408714 21.04348751 18.79251543 18.65404922 19.93942567 21.85139045 23.78221557 25.64243083 26.68964 26.50060149 26.1080624 26.01646221 25.85734418 25.83778808 25.87030507 25.87674748 26.10548352 26.30664738 26.44112516 26.51117051 26.55422465 26.65767114 27.19281033 27.75989889 28.27110514 28.72816283 28.98558572 29.05637199 29.10694058 29.09903501 29.17752724 29.24762567 29.2258595 28.96355188 28.50485636 27.9944395 27.4875868 26.99627082 26.71812051 26.64317357 26.59629974 26.76945232 26.89207976 27.08385103 27.35609619 27.51183085 27.69155959 27.79880409 27.72859638 27.54814009 27.31445862 27.34255231 27.72266338 28.1849545 28.62424952 29.14119654 29.62805877 30.05444308 30.31282678 -9999 -9999 -9999
23.6647335 23.7930503 22.87193432 21.1287821 19.37382338 19.34389534 20.48644244 22.16379464 24.18059814 25.90874688 26.75577563 26.62383608 26.37743704 26.30147307 26.39350646 26.41971687 26.37926725 26.45427913 26.50102507 26.58355111 26.64226588 26.62762937 26.6225232 26.65246999 26.93809685 27.40359238 27.95647188 28.45875674 28.82823927 29.22880676 29.28755667 29.05368895 28.89320264 28.56318172 28.32766282 28.02211304 27.63340356 27.19649778 26.98061256 26.93908634 26.96032395 27.00955022 27.11193326 27.23161035 27.34111387 27.35567109 27.27995029 27.16918019 27.23289562 27.24250021 27.10769705 26.82843525 26.90227489 27.18263528 27.53033001 27.97499188 28.42999356 28.89506195 29.36421666 29.69432384 29.98337709 30.15519469 30.21068217 -9999
