meets/meet004/data/CCSM_6k_neotropic_bio06.asc
NCOLS 154 
NROWS 168 
XLLCORNER -112 
YLLCORNER -55.5 
CELLSIZE 0.5 
NODATA_value -9999 
[rows 28 to 55 of 168, columns 64 to 127 of 154]
-9999 -9999 -9999 -9999 -9999 -9999 -9999 -9999 -9999 -9999 -9999 -9999 -9999 -9999 -9999 -9999 -9999 -9999 -9999 -9999 -9999 -9999 -9999 -9999 -9999 -9999 -9999 -9999 -9999 -9999 -9999 -9999 -9999 -9999 -9999 -9999 -9999 -9999 -9999 -9999 -9999 -9999 -9999 -9999 -9999 -9999 -9999 -9999 -9999 -9999 -9999 -9999 -9999 -9999 -9999 -9999 -9999 -9999 -9999 -9999 -9999 -9999 -9999 -9999
-9999 -9999 -9999 -9999 -9999 -9999 -9999 -9999 -9999 -9999 -9999 -9999 -9999 -9999 -9999 -9999 -9999 -9999 -9999 -9999 -9999 -9999 -9999 -9999 -9999 -9999 -9999 -9999 -9999 -9999 -9999 -9999 -9999 -9999 -9999 -9999 -9999 23.22041516 -9999 -9999 -9999 -9999 -9999 -9999 -9999 -9999 -9999 -9999 -9999 -9999 -9999 -9999 -9999 -9999 -9999 -9999 -9999 -9999 -9999 -9999 -9999 -9999 -9999 -9999
-9999 -9999 -9999 -9999 -9999 -9999 -9999 -9999 -9999 -9999 -9999 -9999 -9999 -9999 -9999 -9999 -9999 -9999 -9999 -9999 -9999 -9999 -9999 -9999 -9999 -9999 -9999 -9999 -9999 -9999 -9999 -9999 -9999 -9999 -9999 -9999 -9999 23.29335545 -9999 -9999 -9999 -9999 -9999 -9999 -9999 -9999 -9999 -9999 -9999 -9999 -9999 -9999 -9999 -9999 -9999 -9999 -9999 -9999 -9999 -9999 -9999 -9999 -9999 -9999
-9999 -9999 -9999 -9999 -9999 -9999 -9999 -9999 -9999 -9999 -9999 -9999 -9999 -9999 -9999 -9999 -9999 -9999 -9999 -9999 -9999 -9999 -9999 -9999 -9999 -9999 -9999 -9999 -9999 -9999 -9999 -9999 -9999 -9999 -9999 -9999 -9999 -9999 -9999 -9999 -9999 -9999 -9999 -9999 -9999 -9999 -9999 -9999 -9999 -9999 -9999 -9999 -9999 -9999 -9999 -9999 -9999 -9999 -9999 -9999 -9999 -9999 -9999 -9999
-9999 -9999 -9999 -9999 -9999 -9999 -9999 -9999 -9999 -9999 -9999 -9999 -9999 -9999 -9999 -9999 22.55986333 -9999 -9999 -9999 -9999 -9999 -9999 -9999 -9999 -9999 -9999 -9999 -9999 -9999 -9999 -9999 -9999 -9999 -9999 -9999 23.36569697 -9999 -9999 -9999 -9999 -9999 -9999 -9999 -9999 -9999 -9999 -9999 -9999 -9999 -9999 -9999 -9999 -9999 -9999 -9999 -9999 -9999 -9999 -9999 -9999 -9999 -9999 -9999
-9999 -9999 -9999 -9999 -9999 -9999 -9999 -9999 -9999 -9999 -9999 -9999 -9999 -9999 22.1243663 22.00413365 21.86924499 -9999 -9999 -9999 -9999 -9999 -9999 -9999 -9999 -9999 -9999 -9999 -9999 -9999 -9999 -9999 -9999 -9999 -9999 -9999 -9999 -9999 -9999 -9999 -9999 -9999 -9999 -9999 -9999 -9999 -9999 -9999 -9999 -9999 -9999 -9999 -9999 -9999 -9999 -9999 -9999 -9999 -9999 -9999 -9999 -9999 -9999 -9999
-9999 -9999 -9999 -9999 -9999 -9999 -9999 -9999 -9999 -9999 22.19014241 21.90218628 21.58678089 21.35124253 21.11628427 20.8839788 -9999 -9999 20.40961484 20.31326116 20.34852046 20.47769932 20.67621705 -9999 -9999 -9999 -9999 -9999 -9999 -9999 -9999 -9999 -9999 -9999 -9999 -9999 -9999 -9999 -9999 -9999 -9999 -9999 -9999 -9999 -9999 -9999 -9999 -9999 -9999 -9999 -9999 -9999 -9999 -9999 -9999 -9999 -9999 -9999 -9999 -9999 -9999 -9999 -9999 -9999
-9999 -9999 -9999 -9999 -9999 -9999 -9999 -9999 -9999 22.18845542 21.62746815 21.16983096 20.64556602 20.29904058 19.94364992 19.68797029 19.4822971 19.11633781 19.12945524 18.80842435 18.83770258 19.17310116 19.19700494 20.04493665 -9999 -9999 -9999 -9999 -9999 -9999 -9999 -9999 -9999 -9999 -9999 -9999 -9999 -9999 -9999 -9999 -9999 -9999 -9999 -9999 -9999 -9999 -9999 -9999 -9999 -9999 -9999 -9999 -9999 -9999 -9999 -9999 -9999 -9999 -9999 -9999 -9999 -9999 -9999 -9999
-9999 -9999 -9999 -9999 -9999 -9999 -9999 -9999 -9999 22.05930071 21.17574168 20.37909724 19.55418239 19.08537508 18.68923069 18.42757567 18.47960061 18.4915983 18.43720236 18.29837526 18.41851937 18.76972787 19.0836894 19.71861782 20.12921741 20.54007624 20.87911388 20.98664413 21.30714938 21.48216228 21.58908001 21.60655989 21.61747591 21.79067989 22.04084132 -9999 -9999 -9999 -9999 -9999 -9999 -9999 -9999 -9999 -9999 -9999 -9999 -9999 -9999 -9999 -9999 -9999 -9999 -9999 -9999 -9999 -9999 -9999 -9999 -9999 -9999 -9999 -9999 -9999
-9999 -9999 -9999 -9999 -9999 -9999 -9999 -9999 -9999 21.82264362 20.77478601 19.83071922 18.7896568 18.21931822 17.68734555 17.4548141 17.63109227 17.81009331 17.82440117 17.95918003 18.26709654 18.86813986 19.37602161 20.00882081 20.22849406 20.55283418 20.85502711 20.86534282 21.14345118 21.25725817 21.28146775 21.23023983 21.11007836 21.2808529 21.50881367 21.84905172 22.35239572 -9999 -9999 -9999 -9999 -9999 -9999 -9999 -9999 -9999 -9999 -9999 -9999 -9999 -9999 -9999 -9999 -9999 -9999 -9999 -9999 -9999 -9999 -9999 -9999 -9999 -9999 -9999
22.58247339 22.51582687 22.44751418 22.80117976 -9999 -9999 -9999 -9999 22.16818937 21.47355736 20.55993418 19.46494416 18.78100299 17.53000735 16.8152807 16.37166902 16.36568367 16.74640118 16.86814729 17.34182332 18.11495567 19.12479403 20.1754909 20.71640141 21.03073295 21.24356978 21.30652661 21.30859056 21.31191643 21.22484235 21.13742662 21.04496699 20.91031559 20.9441573 21.00250327 21.31233749 21.87508354 22.39909663 -9999 -9999 -9999 -9999 -9999 -9999 -9999 -9999 -9999 -9999 -9999 -9999 -9999 -9999 -9999 -9999 -9999 -9999 -9999 -9999 -9999 -9999 -9999 -9999 -9999 -9999
22.25295337 -9999 -9999 21.88830822 22.12926362 21.92831361 21.40177539 21.31647355 20.5983249 20.25374959 19.58742607 18.7901614 18.11550939 16.63684725 15.5804415 14.87962901 14.78759194 15.19002434 15.63378918 16.52067171 17.69600093 19.19889201 20.68972428 21.32494888 21.59834684 21.84407833 21.76292019 21.74089472 21.57735658 21.35689736 21.23208355 21.1239308 20.98355568 20.95224065 20.85079169 21.06726109 21.55789662 22.01436546 -9999 -9999 -9999 -9999 -9999 -9999 -9999 -9999 -9999 -9999 -9999 -9999 -9999 -9999 -9999 -9999 -9999 -9999 -9999 -9999 -9999 -9999 -9999 -9999 -9999 -9999
-9999 -9999 -9999 21.48203962 19.91011426 19.00817299 18.70265636 18.07278949 18.02389334 18.15249659 17.76407549 17.36513894 16.6412981 15.21243504 13.72305797 13.07111348 12.87855617 13.28373704 14.61338223 15.79407077 17.49181433 19.58706501 20.91782041 21.60717143 21.9577691 22.03761128 21.94132627 21.8793651 21.4317571 21.38155147 21.21130624 21.1073526 21.3159168 20.93700196 20.93450004 21.02796278 21.15989254 21.6232843 21.85392764 22.24281049 22.76098565 -9999 -9999 -9999 -9999 -9999 -9999 -9999 -9999 -9999 -9999 -9999 -9999 -9999 -9999 -9999 -9999 -9999 -9999 -9999 -9999 -9999 -9999 -9999
-9999 -9999 -9999 21.59013996 19.44036127 17.9947789 17.06777653 15.97688837 15.95470215 15.9584572 15.61256973 15.29572838 14.54212004 13.35190714 12.09001288 11.62934465 11.82625022 12.60636801 14.74552282 16.72200289 18.67238033 20.45369848 21.41691403 21.90231959 21.98644786 21.92347705 21.52608986 21.27667564 20.70481701 20.5427871 20.32762001 20.26334948 20.56417158 20.33359965 20.33788714 20.42483025 20.51556929 20.82123573 20.92343867 21.25781048 21.86780527 22.60631134 -9999 -9999 -9999 -9999 -9999 -9999 -9999 -9999 -9999 -9999 -9999 -9999 -9999 -9999 -9999 -9999 -9999 -9999 -9999 -9999 -9999 -9999
-9999 -9999 -9999 -9999 20.86453396 18.87758 16.85399147 15.05641223 14.40867786 14.1211401 13.55389449 13.00417564 12.08353927 11.49024236 10.78514199 10.94609436 11.69351496 13.07765202 15.9511526 19.20526858 21.19229184 21.65510796 21.98549489 21.81076738 21.73918952 21.23396677 20.31485897 19.87773567 19.24231545 18.87232232 18.68725925 18.73000941 18.82164177 18.98616077 19.15594112 19.28642478 19.44271775 19.61707087 19.82838846 20.06643517 20.71107002 21.59228581 22.50335159 -9999 -9999 -9999 -9999 -9999 -9999 -9999 -9999 -9999 -9999 -9999 -9999 -9999 -9999 -9999 -9999 -9999 -9999 -9999 -9999 -9999
-9999 -9999 -9999 -9999 -9999 20.11812387 17.25063841 14.64556028 13.41816573 12.79340171 12.00721437 11.41282073 10.71249592 10.38708013 10.20897434 10.90969678 12.20891965 14.17521849 17.23608047 20.37364794 21.90824197 21.89024428 21.61721702 20.88934442 20.21117621 19.33407727 18.29031262 17.72563282 17.36239011 17.32608416 17.22995818 17.23238745 17.2157808 17.44196162 17.66645528 17.87968306 18.14985871 18.39018063 18.66041953 18.91968021 19.5530716 20.36435402 21.30917215 22.35343722 -9999 -9999 -9999 -9999 -9999 -9999 -9999 -9999 -9999 -9999 -9999 -9999 -9999 -9999 -9999 -9999 -9999 -9999 -9999 -9999
-9999 -9999 -9999 -9999 -9999 21.23447309 17.48566331 14.05002098 12.46134178 11.76745936 10.87517007 10.3793773 10.01718814 9.952120771 10.00703976 11.27212257 13.14369805 15.40687444 18.10682448 20.39480318 21.27496898 21.13011452 20.42463557 19.44147469 17.93373882 16.7143259 15.91101253 15.060381 15.33002757 15.95968502 16.02583166 15.78758317 15.73970783 15.92434403 16.10347415 16.41553305 16.87910269 17.14427938 17.59653431 17.89346375 18.52004085 19.13721628 19.83819694 21.23753066 22.48445706 -9999 -9999 -9999 -9999 -9999 -9999 -9999 -9999 -9999 -9999 -9999 -9999 -9999 -9999 -9999 -9999 -9999 -9999 -9999
-9999 -9999 -9999 -9999 -9999 21.47735392 17.56779256 13.86103213 11.90143531 11.07298843 10.28946583 9.94796504 9.886859535 10.11837305 10.75945299 12.25956862 14.39367357 16.61348394 18.72444031 20.06483149 20.55828304 20.35211989 19.43717476 18.08549132 16.37044434 15.0206335 14.0878261 13.42849422 13.6533745 14.03831873 14.17820527 14.22647016 14.1453003 14.51344758 14.93790611 15.45489213 16.06959034 16.44662531 16.84538162 17.01127733 17.56348016 18.25005186 19.05797534 20.32484139 21.47281616 22.21938752 22.47567044 22.54844239 22.61724846 22.80061387 23.06783949 23.3503312 -9999 -9999 -9999 -9999 -9999 -9999 -9999 -9999 -9999 -9999 -9999 -9999
-9999 -9999 -9999 -9999 -9999 21.47794417 17.46316947 13.20405706 11.44253286 10.56148688 9.882445264 9.776587046 9.898823387 10.70299414 11.74422191 13.49936105 15.71803327 17.99982925 19.20265855 19.92150571 20.02994084 19.55907784 18.58184664 17.13338502 15.44521681 14.08631737 13.14874307 12.28682384 12.33080001 12.24286162 12.38023786 12.63247939 12.60113607 13.35424184 14.11585842 14.843132 15.54891139 16.11071164 16.27570063 16.25686276 16.75605939 17.62156279 18.52600564 19.6371158 20.5855943 21.19564734 21.32881522 21.15736414 21.36773332 21.33745415 21.61291003 22.1841619 22.76537224 23.3076186 24.05010418 -9999 -9999 -9999 -9999 -9999 -9999 -9999 -9999 -9999
-9999 -9999 -9999 -9999 -9999 21.28703494 17.340919 13.39052605 11.29326901 10.48206829 9.937395032 9.940414628 10.554945 11.67495511 13.2213873 14.98419105 16.83637832 18.35031164 19.23646794 19.48249386 19.40495259 18.90395239 17.86928317 16.80610349 15.35635794 14.11763371 13.24276168 12.28714464 12.08091164 11.81049826 11.76441644 12.06964871 12.23844123 13.08342497 13.7135099 14.57209064 15.6207239 16.06184603 16.35136334 16.19554533 16.65889369 17.56857645 18.3358575 19.35596189 20.00998417 20.47797045 20.6772216 20.56954606 20.64048537 20.58156896 20.74648214 21.07142 21.47696712 22.04221054 22.68664779 23.40139534 -9999 -9999 -9999 -9999 -9999 -9999 -9999 -9999
-9999 -9999 -9999 -9999 -9999 21.22230829 17.14845888 13.00235831 11.27860897 10.54357455 10.21606856 10.47260393 11.13267693 12.83456274 14.76283266 16.38060457 17.56911695 18.75050589 19.12568943 19.10670331 18.90994552 18.48961727 17.58418264 16.96647429 15.85459997 14.85057236 14.04921207 12.83084256 12.77429259 12.38907742 12.32800987 12.67673867 12.50081741 13.56576426 14.07781137 15.05914317 16.36427889 16.71938314 17.39486523 17.02719737 17.33353218 18.2380628 18.55646012 19.39699148 19.82577372 20.07177208 20.255412 20.29905832 20.24911922 20.15242819 20.17583609 20.20476339 20.15999121 20.7218849 21.15912537 22.08255948 23.39853684 24.51252843 -9999 -9999 -9999 -9999 -9999 -9999
-9999 -9999 -9999 -9999 -9999 20.61639969 16.78726164 13.27696043 11.48974996 11.0450322 10.93359729 11.34128141 12.42418346 14.0964468 15.96991088 17.32853636 18.02133205 18.40353677 18.68703364 18.73156051 18.69837393 18.57572398 18.22451589 17.83287523 17.26478123 16.48442258 15.61807613 14.84682349 14.2874949 14.05394187 14.02843866 14.29434684 14.71300193 15.06973526 15.61448902 16.65148399 18.11023902 19.35532317 19.55948173 19.45774864 19.53646895 19.6502919 19.8802155 19.87872373 19.8601834 19.87708027 19.92284601 19.90033286 19.8933733 19.74691345 19.6988304 19.7274883 19.71608074 19.87740741 20.18642545 21.1588683 22.72827229 24.01491096 -9999 -9999 -9999 -9999 -9999 -9999
-9999 -9999 -9999 -9999 -9999 19.71983203 16.12095944 12.83734385 11.84492533 11.61373043 11.72855515 12.42207125 13.47011938 15.19424667 17.00113359 18.08842162 18.1302904 18.156948 18.44344517 18.54914703 18.65942179 18.81984406 18.96369332 18.62824201 18.6020107 18.00510464 17.05902431 16.6393428 15.76951568 15.61782656 15.59772485 15.77114437 16.55504215 16.3859806 16.8817707 17.91420838 19.51536993 21.77633672 21.15848577 21.29052586 21.21633475 20.65272179 20.95469099 20.15123342 19.7954795 19.62563535 19.5883727 19.60492712 19.65635707 19.51648777 19.51107775 19.55094152 19.48594946 19.53996829 19.57461945 20.5135784 22.25179618 23.82779288 -9999 -9999 -9999 -9999 -9999 -9999
-9999 -9999 -9999 -9999 -9999 17.54503217 15.2002812 13.35147532 12.43640741 12.38241413 12.74554124 13.59909533 14.75544576 16.07638853 17.27609566 18.07040824 18.28999295 18.34604819 18.53993278 18.72461045 18.89959689 19.05278159 19.13151417 19.10135402 18.97991708 18.50445593 17.73891014 17.12740222 16.59292947 16.47035876 16.44490122 16.59763527 17.0114934 17.21415651 17.737244 18.54916503 19.57384023 20.57662515 20.81512195 20.79094165 20.69313799 20.36406578 20.09189038 19.721575 19.49751601 19.40905715 19.50904859 19.65969229 19.75753607 19.80181437 19.80797719 19.79562099 19.76297991 19.58905648 19.64276781 20.41843361 21.87794852 23.30537705 -9999 -9999 -9999 -9999 -9999 -9999
-9999 -9999 -9999 19.85004626 17.42978794 15.39323363 14.30116142 13.50620791 13.26867038 13.47048003 13.99582693 14.91729261 15.95320359 16.80100963 17.55775 18.15319619 18.38017357 18.54744517 18.78115298 18.98169381 19.14330094 19.24316466 19.27902944 19.21060904 19.09315825 18.61071002 17.85710332 17.15949763 16.86601003 16.8451391 16.85899215 16.98027606 17.29988023 17.65038008 18.10906145 18.64641211 19.10072622 19.45514504 19.79080635 19.78890119 19.73571579 19.47171542 19.15373836 19.11214301 19.09938242 19.17048651 19.48754952 19.7340139 19.88236381 20.05943685 20.08973503 19.99086065 19.99788491 19.73595824 19.68747991 20.26971925 21.40778671 22.81116405 23.73118381 -9999 -9999 -9999 -9999 -9999
-9999 -9999 20.46301603 18.13108276 15.57626274 14.07470971 13.75684925 13.95472195 14.46313883 15.25329076 15.93007769 16.43091975 17.00012291 17.52356257 17.96683359 18.35521558 18.58312719 18.77833763 19.03591508 19.24599363 19.39566406 19.45667439 19.41955008 19.36330189 19.16881775 18.73656405 18.13109587 17.55227208 17.263185 17.14824312 17.14978176 17.32263814 17.58036409 17.96969055 18.31927851 18.65223021 18.92560577 19.01011588 19.16246285 19.10666042 19.05687437 18.96431288 18.80400294 18.86305802 18.9775497 19.18059804 19.51911149 19.81664319 19.95341301 19.99975437 20.00853375 19.96570414 19.92533695 19.78303981 19.79734139 20.16783864 20.81914874 21.61122923 22.90576241 24.04761831 -9999 -9999 -9999 -9999
-9999 -9999 18.64055357 16.15941599 13.92786798 12.92836549 13.75486223 14.52385597 15.53707879 16.78206898 17.48301345 17.62970619 17.92791693 18.13791124 18.34101623 18.60415301 18.78663628 19.02354118 19.27304466 19.49570155 19.6450538 19.67060838 19.60715969 19.532529 19.36152477 18.97946394 18.47770958 17.96839925 17.6913555 17.58037562 17.58124592 17.74193231 17.95095029 18.32078363 18.58977433 18.79790133 18.87318874 18.77859635 18.89879238 18.80642806 18.76760807 18.73445168 18.64832556 18.7901153 18.99171216 19.22700591 19.55310033 19.83661356 19.86046425 19.87403076 19.86906335 19.84071987 19.85621216 19.82029682 19.84165449 20.09063678 20.22378569 20.71760615 22.35735538 23.69999535 -9999 -9999 -9999 -9999
21.0247823 18.41039716 15.60463218 14.01546971 13.20190119 13.14841439 13.9441257 15.36387681 16.5458731 17.6636025 18.39236094 18.51955609 18.51661459 18.64049626 18.74834588 18.88618822 19.08515895 19.24529348 19.52925818 19.74654082 19.8534436 19.8803712 19.81804875 19.75163014 19.58477115 19.30104991 18.90409772 18.50450053 18.27583209 18.14005001 18.14061824 18.31234576 18.51205961 18.78569862 18.99005985 19.07611577 19.09866342 18.99139408 18.97755647 18.87003348 18.82820548 18.76506197 18.73281059 18.89425789 19.0829936 19.29162484 19.52913417 19.66064365 19.73438719 19.73998646 19.75945854 19.79276674 19.85335983 19.88152889 19.85693011 19.92742679 20.09239181 20.72217473 22.07904076 23.57979535 -9999 -9999 -9999 -9999
