meets/meet004/data/CCSM_6k_neotropic_bio09.asc
NCOLS 154 
NROWS 168 
XLLCORNER -112 
YLLCORNER -55.5 
CELLSIZE 0.5 
NODATA_value -9999 
[rows 29 to 57 of 168, columns 64 to 127 of 154]
-9999 -9999 -9999 -9999 -9999 -9999 -9999 -9999 -9999 -9999 -9999 -9999 -9999 -9999 -9999 -9999 -9999 -9999 -9999 -9999 -9999 -9999 -9999 -9999 -9999 -9999 -9999 -9999 -9999 -9999 -9999 -9999 -9999 -9999 -9999 -9999 -9999 23.94504794 -9999 -9999 -9999 -9999 -9999 -9999 -9999 -9999 -9999 -9999 -9999 -9999 -9999 -9999 -9999 -9999 -9999 -9999 -9999 -9999 -9999 -9999 -9999 -9999 -9999 -9999
-9999 -9999 -9999 -9999 -9999 -9999 -9999 -9999 -9999 -9999 -9999 -9999 -9999 -9999 -9999 -9999 -9999 -9999 -9999 -9999 -9999 -9999 -9999 -9999 -9999 -9999 -9999 -9999 -9999 -9999 -9999 -9999 -9999 -9999 -9999 -9999 -9999 24.07350311 -9999 -9999 -9999 -9999 -9999 -9999 -9999 -9999 -9999 -9999 -9999 -9999 -9999 -9999 -9999 -9999 -9999 -9999 -9999 -9999 -9999 -9999 -9999 -9999 -9999 -9999
-9999 -9999 -9999 -9999 -9999 -9999 -9999 -9999 -9999 -9999 -9999 -9999 -9999 -9999 -9999 -9999 -9999 -9999 -9999 -9999 -9999 -9999 -9999 -9999 -9999 -9999 -9999 -9999 -9999 -9999 -9999 -9999 -9999 -9999 -9999 -9999 -9999 -9999 -9999 -9999 -9999 -9999 -9999 -9999 -9999 -9999 -9999 -9999 -9999 -9999 -9999 -9999 -9999 -9999 -9999 -9999 -9999 -9999 -9999 -9999 -9999 -9999 -9999 -9999
-9999 -9999 -9999 -9999 -9999 -9999 -9999 -9999 -9999 -9999 -9999 -9999 -9999 -9999 -9999 -9999 24.03035913 -9999 -9999 -9999 -9999 -9999 -9999 -9999 -9999 -9999 -9999 -9999 -9999 -9999 -9999 -9999 -9999 -9999 -9999 -9999 24.25367026 -9999 -9999 -9999 -9999 -9999 -9999 -9999 -9999 -9999 -9999 -9999 -9999 -9999 -9999 -9999 -9999 -9999 -9999 -9999 -9999 -9999 -9999 -9999 -9999 -9999 -9999 -9999
-9999 -9999 -9999 -9999 -9999 -9999 -9999 -9999 -9999 -9999 -9999 -9999 -9999 -9999 24.51413603 24.48909934 24.33985027 -9999 -9999 -9999 -9999 -9999 -9999 -9999 -9999 -9999 -9999 -9999 -9999 -9999 -9999 -9999 -9999 -9999 -9999 -9999 -9999 -9999 -9999 -9999 -9999 -9999 -9999 -9999 -9999 -9999 -9999 -9999 -9999 -9999 -9999 -9999 -9999 -9999 -9999 -9999 -9999 -9999 -9999 -9999 -9999 -9999 -9999 -9999
-9999 -9999 -9999 -9999 -9999 -9999 -9999 -9999 -9999 -9999 24.31049221 24.46922751 24.53559269 24.63662418 24.62434097 24.45991534 -9999 -9999 23.52934778 23.22027579 23.29334351 23.06069886 22.7587799 -9999 -9999 -9999 -9999 -9999 -9999 -9999 -9999 -9999 -9999 -9999 -9999 -9999 -9999 -9999 -9999 -9999 -9999 -9999 -9999 -9999 -9999 -9999 -9999 -9999 -9999 -9999 -9999 -9999 -9999 -9999 -9999 -9999 -9999 -9999 -9999 -9999 -9999 -9999 -9999 -9999
-9999 -9999 -9999 -9999 -9999 -9999 -9999 -9999 -9999 24.81480494 24.81864014 24.94463283 24.92477628 24.67589665 24.52380015 24.25398611 23.81843204 23.40806448 23.18398856 22.76612711 22.4918331 22.42112615 22.54570618 22.78189326 -9999 -9999 -9999 -9999 -9999 -9999 -9999 -9999 -9999 -9999 -9999 -9999 -9999 -9999 -9999 -9999 -9999 -9999 -9999 -9999 -9999 -9999 -9999 -9999 -9999 -9999 -9999 -9999 -9999 -9999 -9999 -9999 -9999 -9999 -9999 -9999 -9999 -9999 -9999 -9999
-9999 -9999 -9999 -9999 -9999 -9999 -9999 -9999 -9999 26.02713153 25.8877766 25.43746437 24.94223292 24.40725908 23.95539454 23.56773126 23.3713343 23.28344573 23.01953771 22.83779936 22.7678871 22.77376777 22.83282659 23.09799394 23.28890906 24.0802503 24.43865952 24.69467109 25.02212223 25.24867252 25.34067413 25.32245823 25.2074321 24.97100761 24.69934397 -9999 -9999 -9999 -9999 -9999 -9999 -9999 -9999 -9999 -9999 -9999 -9999 -9999 -9999 -9999 -9999 -9999 -9999 -9999 -9999 -9999 -9999 -9999 -9999 -9999 -9999 -9999 -9999 -9999
-9999 -9999 -9999 -9999 -9999 -9999 -9999 -9999 -9999 26.96607149 26.64457824 25.74528867 24.88793836 23.97208315 23.21264509 22.7783327 22.72645867 22.87047722 22.69128832 22.80423692 22.99171001 23.37598623 23.82723426 24.26667115 24.53041771 24.78932232 25.0259745 25.19930551 25.24939011 26.47987047 26.43115398 26.12636885 26.00267435 25.50986 25.12762996 24.83126437 24.62789457 -9999 -9999 -9999 -9999 -9999 -9999 -9999 -9999 -9999 -9999 -9999 -9999 -9999 -9999 -9999 -9999 -9999 -9999 -9999 -9999 -9999 -9999 -9999 -9999 -9999 -9999 -9999
24.52033967 24.60424038 24.71631861 24.91593918 -9999 -9999 -9999 -9999 26.80354304 26.94810763 26.54086234 25.59229325 24.69536057 23.29207568 22.30653414 21.66293617 21.52750336 21.80015414 21.76673589 22.07773453 22.80207659 23.87428892 25.05839225 25.51568721 25.8875132 26.09639217 26.02621109 26.01545748 25.88065746 25.74234642 25.49457819 26.4102907 26.06185268 25.71953569 25.43150515 25.12510285 24.89402209 24.71644467 -9999 -9999 -9999 -9999 -9999 -9999 -9999 -9999 -9999 -9999 -9999 -9999 -9999 -9999 -9999 -9999 -9999 -9999 -9999 -9999 -9999 -9999 -9999 -9999 -9999 -9999
24.49723309 -9999 -9999 24.69481442 24.97442971 25.27388447 25.47914096 26.07689935 26.10521228 26.27897012 25.9434603 25.02410171 24.06928475 22.45600422 21.12620985 20.22561082 20.016261 20.24789701 20.45357667 21.15176205 22.30096747 23.96046665 25.66886983 26.28899188 26.69326577 26.91670932 26.68674966 26.62845969 26.33519972 26.03870011 25.73798238 25.40597324 25.04191825 25.90303303 25.66801858 25.36918944 25.15544967 24.99139457 -9999 -9999 -9999 -9999 -9999 -9999 -9999 -9999 -9999 -9999 -9999 -9999 -9999 -9999 -9999 -9999 -9999 -9999 -9999 -9999 -9999 -9999 -9999 -9999 -9999 -9999
-9999 -9999 -9999 24.55447695 24.17580737 24.08955894 24.23550482 24.3023459 24.57002093 24.96641723 24.58857146 23.87167781 22.93834658 21.1592416 19.50688312 18.60004615 18.13290266 18.35386422 19.43713523 20.42375061 22.07208137 24.16532447 25.59805245 26.44855262 26.90814513 27.05032123 26.96849154 26.86593693 26.31648095 26.19829963 25.81868768 25.41650924 25.39637236 24.80393598 25.77189704 25.55558283 25.3334982 25.35437891 25.25018027 25.30263188 25.23188704 -9999 -9999 -9999 -9999 -9999 -9999 -9999 -9999 -9999 -9999 -9999 -9999 -9999 -9999 -9999 -9999 -9999 -9999 -9999 -9999 -9999 -9999 -9999
-9999 -9999 -9999 24.53479542 23.85748852 23.43902053 23.12600912 22.79632895 22.93370542 23.05827957 22.5762596 21.7986389 20.75160651 19.1031008 17.62353318 16.91470295 16.86771783 17.5369168 19.48363873 21.33855539 23.20827497 24.92972092 25.90313173 26.5357609 26.80432155 26.82941865 26.49654767 26.21517976 25.52775674 25.22049302 24.7968545 24.4332853 24.5089804 24.07545238 25.3526204 25.30800838 25.21579072 25.37686069 25.31804682 25.43020424 25.37263339 25.21088632 -9999 -9999 -9999 -9999 -9999 -9999 -9999 -9999 -9999 -9999 -9999 -9999 -9999 -9999 -9999 -9999 -9999 -9999 -9999 -9999 -9999 -9999
-9999 -9999 -9999 -9999 24.23656712 23.38935744 22.51849378 21.62298715 21.27208299 20.93479844 20.1618171 19.17046637 17.75979959 16.77269679 15.63391217 15.55548552 16.32397208 17.6498357 20.56364344 23.82590226 25.74874577 26.10785948 26.39178091 26.44737922 26.51044529 26.12705808 25.30961368 24.71159392 23.88891647 23.19216953 22.73524749 22.6003042 22.47649685 22.5096827 22.64289536 24.47829064 24.62317942 24.90148012 24.84697431 25.0591877 25.16151897 25.09085744 25.28166008 -9999 -9999 -9999 -9999 -9999 -9999 -9999 -9999 -9999 -9999 -9999 -9999 -9999 -9999 -9999 -9999 -9999 -9999 -9999 -9999 -9999
-9999 -9999 -9999 -9999 -9999 23.68383812 22.26371754 20.77288595 19.87998783 19.07359829 18.09994644 17.21203206 16.07368174 15.2908934 14.62704021 15.11554831 16.52481782 18.61917512 21.81158516 24.98292952 26.67472552 26.64724139 26.2839091 25.81751196 25.37938655 24.59530002 23.5415102 22.67950759 21.96728623 21.45014676 21.02917829 20.85485485 20.70414475 20.86041247 21.08200751 23.07972768 23.26217995 23.54107923 23.59745888 23.83655122 24.14133191 24.48161162 24.90274416 25.08468054 -9999 -9999 -9999 -9999 -9999 -9999 -9999 -9999 -9999 -9999 -9999 -9999 -9999 -9999 -9999 -9999 -9999 -9999 -9999 -9999
-9999 -9999 -9999 -9999 -9999 24.03511023 22.01402711 19.9836241 18.55716083 17.48068649 16.44793064 15.86824932 15.34591504 14.76504615 14.29712176 15.37630225 17.4669711 19.95604501 22.71530679 25.20216746 26.44108334 26.27564221 25.66494741 24.79126825 23.74301611 22.60089028 21.49394988 20.3372544 20.05471888 20.0559687 19.7476531 19.36558919 19.18551627 19.3773858 19.58693717 19.88320513 20.25578248 21.74797377 22.02345826 22.15378183 22.6405655 23.4614054 24.24268685 24.82310133 25.21921822 -9999 -9999 -9999 -9999 -9999 -9999 -9999 -9999 -9999 -9999 -9999 -9999 -9999 -9999 -9999 -9999 -9999 -9999 -9999
-9999 -9999 -9999 -9999 -9999 24.02885015 21.71340149 19.31950153 17.61573832 16.38367815 15.45927099 15.11596572 14.95723054 14.92366312 15.23138014 16.63045142 18.90669987 21.26796237 23.41430497 24.98202607 25.76148066 25.5310019 24.70999931 23.71755318 22.39172792 21.09413703 19.88559074 18.8446886 18.56250277 18.44131411 18.19580322 17.98648313 17.81457876 18.15542548 18.54648029 18.94872569 19.40237472 19.60335021 20.84813398 20.74331489 21.24219387 22.26168932 23.34198865 24.3650294 25.13859262 25.62497999 25.70364112 25.64210104 25.59394879 25.59543663 25.543202 25.44833135 -9999 -9999 -9999 -9999 -9999 -9999 -9999 -9999 -9999 -9999 -9999 -9999
-9999 -9999 -9999 -9999 -9999 23.93085325 21.31581421 18.53138552 16.88361492 15.56763892 14.76350761 14.66829577 14.72952374 15.47795442 16.46805978 18.19142017 20.42444414 22.77224753 23.93781689 24.71774158 24.97437271 24.58977344 23.90968443 22.74639156 21.37321654 20.05398724 18.85761243 17.72086334 17.3831733 17.00878596 16.79593861 16.74468989 16.57184197 17.23566865 17.9097022 18.46621978 18.94163813 19.1973229 19.25522846 19.11800285 20.09530255 21.31430978 22.45537576 22.78297679 23.80016622 24.39423257 25.74126421 25.7433595 25.59527904 25.56952423 25.48190499 25.40257427 25.50048191 25.39959052 25.47928176 -9999 -9999 -9999 -9999 -9999 -9999 -9999 -9999 -9999
-9999 -9999 -9999 -9999 -9999 23.6594085 21.04409199 18.39905388 16.5887376 15.43424482 14.75793747 14.69046677 15.25563319 16.41225382 18.01249949 19.78396169 21.60833153 23.1185778 23.9676444 24.24167264 24.22784661 23.80284965 22.96171725 22.09780578 20.87670099 19.71522274 18.74103675 17.61490143 17.18930422 16.64117373 16.38604405 16.46762057 16.46524452 17.22993854 17.79547607 18.47251482 19.28218934 19.42057954 19.44820713 19.07002529 19.48092404 20.54295846 21.50210339 22.63110112 23.39750265 23.91990156 24.11273225 24.06687426 25.35577536 25.26528157 25.142974 25.00368301 25.01386887 25.00852014 25.1570261 25.26929519 -9999 -9999 -9999 -9999 -9999 -9999 -9999 -9999
-9999 -9999 -9999 -9999 -9999 23.47593483 20.7557904 18.097286 16.49052173 15.47079223 15.01212095 15.11382319 15.68823688 17.49634999 19.53990288 21.19704529 22.33879769 23.44118438 23.75767768 23.75039326 23.5537853 23.09740678 22.30452032 21.86831877 20.92405836 20.07254545 19.3614556 18.0603588 17.98068486 17.30443604 17.09910494 17.34891375 16.95784644 18.06189093 18.54629477 19.33239011 20.39117443 20.47177292 20.78015103 20.03106282 20.23231021 21.33301542 21.82065601 22.70446203 23.22913084 23.54053339 23.69000895 27.64742402 27.62474264 27.56738211 27.39582521 27.10201959 26.82169264 24.35806851 24.57893101 24.83757222 25.18388352 25.58882275 -9999 -9999 -9999 -9999 -9999 -9999
-9999 -9999 -9999 -9999 -9999 22.83502892 20.33506545 17.99644188 16.50399882 15.79873092 15.57333062 15.86191205 16.9101707 18.70045334 20.74957192 22.13554739 22.72716944 22.98964335 23.15637897 23.10856807 23.00164821 22.81095728 22.48604302 22.25183741 21.93567671 21.45442464 20.92695884 20.37591718 19.82703471 19.47035325 19.33950796 19.45839092 19.77871109 20.04057103 20.51297962 21.33873006 22.49972977 23.43716267 23.33827155 22.998594 22.9187547 22.97732954 23.20924411 23.22225037 23.22092275 23.24602741 23.2836354 27.18942207 27.27465984 27.10158373 26.91375921 26.69834468 26.34178448 25.98431908 25.64273946 25.58431 25.85501979 25.30839249 -9999 -9999 -9999 -9999 -9999 -9999
-9999 -9999 -9999 -9999 -9999 22.0371743 19.73807901 17.56383884 16.67293269 16.19584614 16.20125799 16.80433016 17.80607795 19.69185646 21.72028946 22.82479306 22.71912451 22.58645914 22.6875018 22.62812504 22.62330782 22.68470265 22.75967068 22.68749807 22.93613877 22.73586387 22.30063988 22.46400405 21.52099937 21.43878725 21.40177318 21.45198537 22.37707382 21.8835023 22.30612505 23.08432377 24.22332981 26.22188836 25.30129707 25.36538207 25.07423718 24.23310478 24.3869208 23.56938702 23.18381138 23.00171449 22.9720199 26.89806146 27.03262123 26.80237004 26.65840943 26.52889694 26.02845932 25.70657379 25.1669383 25.10955089 25.59495614 25.93394483 -9999 -9999 -9999 -9999 -9999 -9999
-9999 -9999 -9999 -9999 -9999 20.45138238 19.00561821 17.83261929 17.13155857 16.95795014 17.24092092 17.92814886 18.98943779 20.42145171 21.7631275 22.54243159 22.6227736 22.47895777 22.50970513 22.54688068 22.61284629 22.69594467 22.79383804 22.92041808 23.06012072 22.97131901 22.67566919 22.47007282 22.1268165 22.09013103 22.11294529 22.21560458 22.61040932 22.6845617 23.10867549 23.69445604 24.38957336 25.15569817 25.12007145 24.94339963 24.6250924 24.11816982 23.77969678 23.33210215 23.0821567 22.93064717 22.94305229 26.95663203 27.1700466 27.20170526 27.0837381 26.82992341 26.43687481 25.83096176 25.30630737 25.17025479 25.46334533 25.8030173 -9999 -9999 -9999 -9999 -9999 -9999
-9999 -9999 -9999 22.34785392 20.04669428 18.77890996 18.14695986 17.85692252 17.82222176 18.05824168 18.57572172 19.29038593 20.09470152 21.00804973 21.81143808 22.33854184 22.42367061 22.39853381 22.51836001 22.59420282 22.67565967 22.75203203 22.81017124 22.92306553 23.00455661 22.887625 22.57718521 22.26063214 22.11407639 22.12835872 22.16806621 22.24992934 22.52524591 22.80522261 23.2093202 23.57880836 23.80626948 23.977592 24.00000181 23.8091657 23.59039627 23.31975687 23.02072324 22.90092076 22.84862892 22.82624695 22.98068002 27.09017132 27.35899511 27.58110249 27.48674417 27.12550218 26.79610463 26.00859522 25.40817133 25.19363355 25.33737498 25.70145189 25.89002497 -9999 -9999 -9999 -9999 -9999
-9999 -9999 22.91587832 20.75217331 18.44794048 17.31080554 17.34436419 17.80237874 18.70280606 19.82455649 20.58898932 20.91983433 21.29778689 21.64998722 21.95343184 22.22185892 22.35832565 22.44232916 22.59712115 22.71870321 22.82153788 22.87189945 22.91159899 23.01188667 23.04890061 22.92713741 22.64900829 22.36092226 22.20626461 22.12613551 22.15725236 22.3013996 22.52043119 22.85690533 23.15078297 23.34439561 23.41391219 23.3083707 23.2505597 23.06011107 22.91447698 22.81085301 22.67516708 22.67241731 22.71172363 22.80214554 22.98016028 27.14769543 27.40069057 27.4788819 27.35852616 27.03511593 26.59899173 25.9241829 25.35088847 25.07578879 25.10723935 25.34063355 25.71979044 26.06486295 -9999 -9999 -9999 -9999
-9999 -9999 21.63601759 19.36190258 17.08748408 16.27332707 17.02791008 17.97692072 19.50314375 21.23352054 22.09250612 22.07426629 22.19896291 22.15437608 22.12028212 22.23871439 22.36267031 22.51759533 22.68992765 22.85304481 22.97559857 23.00729952 23.03986797 23.12237178 23.16598799 23.04837039 22.78468718 22.50462867 22.35174836 22.24700223 22.27415802 22.41925054 22.59522004 22.94762419 23.19750812 23.30326508 23.215091 22.95559837 22.90175124 22.69299001 22.56471346 22.53389219 22.454976 22.51652444 22.63164446 22.75825892 22.9503798 27.02731215 27.16736782 27.20171661 27.06357418 26.73717395 26.34551567 25.73045111 25.18503548 24.92080544 24.90454077 25.0821227 25.61993608 26.11290988 -9999 -9999 -9999 -9999
23.69706566 21.99676963 20.00659362 18.16070657 16.71147995 16.41562395 17.2087319 18.69092088 20.30006998 21.8328224 22.70958903 22.69874229 22.47040557 22.43380379 22.4005577 22.41296681 22.51395773 22.59698254 22.82492058 23.00748021 23.12564688 23.16764981 23.1817906 23.24513059 23.26552716 23.17853834 22.9824653 22.75291424 22.62744353 22.53603548 22.55633706 22.70759966 22.87333602 23.14454441 23.34099879 23.36054112 23.24382665 23.01168551 22.83987296 22.62248461 22.50560951 22.43539924 22.38260081 22.49153321 22.5914751 22.72812262 22.89749672 26.55305237 26.79713674 26.82595096 26.69543101 26.42005334 26.04353863 25.5287731 25.07989527 24.84538772 24.84036254 25.08758415 25.55166267 26.07054157 -9999 -9999 -9999 -9999
22.57876272 20.75427956 18.85314289 17.52361588 16.63376906 16.61590961 17.65000365 19.14073072 20.75264302 22.28160965 23.11484101 23.01226418 22.80788787 22.81538265 22.77580925 22.8019903 22.8573211 22.88796583 23.35979907 23.52104408 23.63399256 23.69820087 23.72450158 23.78504913 23.3665448 23.32026766 23.1998102 23.08757665 23.04949434 23.01141368 23.05085363 23.16393555 23.26103685 23.41802017 23.5299386 23.50811532 23.37284743 23.1651666 22.98828832 22.76580602 22.64806665 22.59840762 22.54596181 22.64771134 22.72818988 22.80147178 22.90002012 26.2727269 26.48017981 26.51314035 26.3722666 26.09748254 25.72811455 25.29983093 24.97792569 24.82992539 24.85387381 25.0582455 25.43938024 25.86739302 26.11997924 -9999 -9999 -9999
20.97232266 19.63378212 18.15616787 17.24422798 16.8115393 17.11013656 18.01969962 19.32124901 21.03637645 22.58938895 23.45314248 23.49390493 23.39274674 23.36874971 23.43273164 23.4684081 23.46880016 23.56369018 23.60140117 23.66373863 23.71469487 23.71874176 23.72973559 23.74753231 23.75902435 23.43161601 23.43573696 23.47752201 23.50013654 23.64268242 23.68819492 23.64665346 23.70415794 23.68823505 23.69572993 23.62945868 23.49648658 23.35527579 23.19429826 23.0688089 22.98400815 22.93541167 22.95547796 22.98424092 23.02034318 23.02766888 23.00221095 26.20289305 26.30415993 26.28360022 26.12113252 25.77615376 25.38279385 25.13916329 24.95032305 24.88151855 24.9465454 25.07514262 25.28713934 25.4585324 25.69973805 26.00469354 26.18835876 -9999
