meets/meet004/data/CCSM_21k_neotropic_bio03.asc
NCOLS 154 
NROWS 168 
XLLCORNER -112 
YLLCORNER -55.5 
CELLSIZE 0.5 
NODATA_value -9999 
[rows 58 to 86 of 168, columns 64 to 127 of 154]
64.90293847 61.16097958 60.07586823 65.22636245 73.83165051 77.97960614 76.1516692 74.03860029 76.37241767 78.82967543 79.89439168 81.09035954 81.18665425 81.09650793 80.89321289 80.58327231 80.5492946 80.50683868 80.32409826 80.29633454 80.37501014 80.07788129 79.96182964 79.98484445 79.59896229 77.11883045 74.40537523 72.19212477 70.56456234 69.4959596 69.39901676 70.26542473 71.55381551 73.18680688 75.28083067 77.401685 77.27490979 76.33045323 75.67534194 75.03345929 74.70847259 74.52912858 73.96181582 73.08577191 72.62097081 72.70274257 73.21696062 73.79716796 74.38914341 74.70501466 75.46545837 75.65982694 74.62636122 73.45214076 72.19776407 70.55257896 69.42606215 69.01650377 67.71324833 67.69930079 65.67769735 63.34445567 61.97329531 -9999
61.00964403 59.76944376 59.50932656 65.06256439 74.22052303 79.99953504 77.30323873 74.98923995 75.51223799 76.81630801 77.75873021 79.24809532 79.56609002 79.32628885 79.29969747 79.10675129 79.14938163 79.28485322 79.1472008 79.1087982 79.46492046 80.15193898 80.9444841 81.43014757 81.4461694 80.65310731 78.65394455 77.21204892 75.69621314 75.20421988 75.33251033 76.11459203 77.82606729 79.03260656 78.65326248 77.94587113 77.04128981 76.71375967 76.42533086 75.00504568 73.57839658 72.22434142 70.71851178 70.13443322 69.13018915 69.3730841 70.64399502 71.56057755 73.06707069 73.9974562 74.97823927 75.81688151 75.32468171 74.05278811 72.83662344 71.41270242 70.30122305 68.84373342 68.0144289 66.92878841 66.3079583 65.28009922 64.55112939 63.94565398
59.82644322 59.98377676 60.69371724 65.72506364 74.96978095 80.02088482 77.73869232 74.94976799 74.977398 75.74805576 76.44796092 77.80030834 78.17294852 78.01273871 77.81143659 77.63673023 77.85202125 78.13192797 78.09511853 78.1176887 78.37213556 78.86924909 79.42443951 79.77463637 80.07895186 80.38782403 80.72058908 80.25506317 79.64228589 79.59436773 79.62495074 78.8859239 77.85800403 77.09410727 76.27495319 75.46076348 74.65509522 73.97529707 74.0931259 73.05852099 71.88353591 70.71742517 69.46604833 68.86712777 68.2300082 68.52759846 69.60962799 70.63886418 72.04562829 73.23388848 74.35408986 74.93810927 75.31707228 74.43328682 73.5185583 72.20085707 70.7605045 69.22445076 67.59540148 66.36380965 65.27769546 64.31611848 64.50342306 64.6427173
59.63729856 60.63525374 62.19199353 66.73775419 75.19354515 79.60546458 77.35430496 75.14256955 74.59753052 75.07869899 75.61423249 76.77420215 77.22759389 76.65697387 76.33116459 76.17488126 76.56564089 77.07171859 76.97884731 77.10307008 77.2834974 77.46495813 77.92760447 77.92558997 78.15831188 78.26668064 78.4187913 78.63173078 78.07731887 77.5847086 76.71718272 75.57731498 74.4091306 73.60776631 72.75120239 72.0524335 71.49903477 71.1749639 71.38410772 71.09148296 70.09250048 69.52015043 68.83472421 68.63684715 68.83371419 69.13004374 69.56330719 70.65394532 71.4306286 72.14802558 72.97199888 73.13116582 72.93014969 73.12498689 72.20811486 70.80726976 69.49255602 68.01877214 66.69662379 65.64413073 64.75895952 63.70659411 63.03728175 63.63305697
60.49463942 61.27328548 62.78676296 66.72144981 73.94289837 78.02601542 76.91844385 74.75763143 74.29789142 74.46504405 74.8532898 75.83786021 75.98450523 75.55467481 75.11899506 74.90375303 75.26904085 75.71785507 75.74105313 75.69986221 75.70291998 75.67017149 75.82172184 75.82191026 75.93358745 75.89628418 75.81661707 75.63841727 75.26240963 74.68370311 73.85160232 72.89488534 71.73922602 70.83008048 70.01235152 69.4026763 68.98252506 68.79631445 69.27558874 69.83462793 69.07769334 68.50622456 68.07571505 67.93260825 67.9665667 68.10558704 68.35753807 68.863916 69.6257537 70.43483074 70.9741307 71.03618311 71.01643973 71.4607101 70.56914094 69.31627117 68.04127788 66.76535882 65.71617598 64.82696982 63.90583134 63.12943242 62.64811675 62.69990221
61.6754064 62.30457858 62.39061671 66.28770851 73.15009039 76.3170366 75.07305538 73.99635581 73.27535633 73.45665683 74.03384929 75.04903687 75.08275859 74.69222192 74.05872716 73.74452518 74.09337092 74.42041661 74.18033614 73.96275418 73.83462061 73.6022994 73.50936076 73.5786843 73.65949444 73.57990087 73.35125782 72.8212033 72.66956682 72.11528698 71.34570262 70.64444139 69.59378979 68.86173004 67.99096569 67.40408842 67.04957826 66.78186762 67.48059588 68.46770925 68.30381032 67.70533877 67.40524288 67.0135248 66.84013488 66.75149798 66.63632944 66.35226687 67.56885538 68.450082 69.00316349 69.33969932 69.53799656 69.82741239 69.15027311 68.09774921 66.99130251 65.59999508 65.03479808 64.1511169 63.48393076 63.13600747 62.64913607 62.83436105
63.09930968 63.56514631 64.30056233 66.84206631 70.90514657 72.54222015 71.5539868 70.50616058 70.9794891 72.60959422 73.75076342 74.43878969 74.44094797 74.08077868 73.792352 73.2589431 72.89708098 72.60506162 72.20732783 71.92569403 71.63834679 71.36696462 71.27943429 71.2657494 71.32829891 71.32119677 71.31733997 71.09958875 70.67045687 70.07354231 69.41885817 68.81121452 68.15833574 67.6198964 67.06815363 66.47506978 65.71338397 65.43910683 65.95583318 66.82604613 67.19821203 66.73129729 66.11211444 65.73507871 65.52460713 65.44256659 65.55107731 65.79812301 66.39448208 67.03034328 67.46603654 67.63848328 67.81695252 68.09487576 67.85094486 67.12515383 66.44993423 65.72529011 65.10412257 64.51116033 63.97219866 63.6385144 63.36472182 63.37186517
63.98015636 64.84954747 65.94965337 66.79734026 68.46187532 68.91226949 68.13634754 66.57760697 68.56728897 71.17334562 73.06445719 73.56885876 73.44761713 73.14937343 73.3505659 72.66868891 71.59747578 70.80717763 70.29290445 69.90308172 69.47816655 69.17079669 69.12174374 68.97886113 69.12159996 69.27315499 69.48188143 69.75393707 69.06945549 68.45316026 67.80682118 67.32905177 66.87406297 66.47547301 66.28642621 65.69897453 64.59298037 63.93107536 64.48352712 65.17721615 65.32107505 64.51201912 63.67094544 64.35894586 64.42620188 64.43888508 64.81741639 65.43974455 65.4799427 65.92286054 66.20653945 66.18587622 66.20253408 66.17861857 66.00454935 65.69829816 65.47785815 65.62422236 65.18594876 65.22005296 64.83875811 63.78656697 63.01433972 61.50135019
64.43859824 65.76055204 67.00606169 66.67941193 66.24867579 65.96885046 66.11562936 66.57320851 67.95105185 69.85028868 71.538509 71.08213188 70.42077416 70.21861864 70.41522728 70.0193493 69.28540252 68.69411824 68.34838958 68.00722513 67.46780824 67.03795706 66.76872197 66.74047648 66.91510821 67.15074493 67.52792112 67.70371657 67.32504161 66.76655102 66.27858278 65.8835207 65.57312918 65.14876425 64.74391532 64.20693922 63.45975956 63.02605283 63.02309323 63.2774269 63.19441196 62.73070439 62.49648342 62.55692095 62.94400342 63.36135719 63.65514709 64.04338513 64.1765012 64.24876502 64.11166447 63.72129084 63.36740667 62.90031866 62.52987084 62.08626452 61.78072313 61.4898377 61.34840597 61.04428584 60.94046803 60.43582747 59.27511672 58.73138173
64.30646244 66.41971381 68.47902369 67.62817848 65.38685263 64.95483694 66.18821267 66.74767383 68.1175302 69.34962857 69.59798466 69.20665793 67.73594936 67.64034968 67.35948269 66.90593312 66.45207211 65.77937202 65.6878864 65.39349302 65.37659966 65.30551721 64.80673746 65.00702915 65.11370191 65.32353712 65.76646607 65.94743959 65.63241061 65.17087711 64.77948624 64.61118021 64.32552259 63.9201066 63.36246515 62.88045708 62.47288681 61.98169992 61.77907246 61.56134281 61.34990695 60.99432427 61.09799684 61.03169183 61.33144501 61.57283209 61.52158169 61.48843352 61.50629006 61.45581119 61.29314012 60.9911628 60.60379686 60.22745942 59.71241832 59.24889143 58.99757163 58.43180422 58.54537295 58.17494106 58.14740795 58.325456 56.90956852 57.39239472
64.22064094 65.86428056 67.25110861 68.42528383 67.96403924 67.2615276 67.7185211 68.73647383 69.38264589 69.28766178 68.69975175 67.98684304 66.58910839 65.94544843 65.45744849 64.90934985 64.46473909 63.93966845 63.66559495 63.31064862 63.29482102 63.45414269 63.66028384 63.7153156 63.77344634 63.88533244 64.08711077 64.21813404 63.91604548 63.56842045 63.36312641 63.32059236 63.24407347 62.89275357 62.49772416 62.10433544 61.67759931 61.24619522 60.73840661 60.21202703 59.70046608 59.13398498 58.84493013 59.11079197 59.52629184 59.61911193 59.37822433 59.1063671 59.02283292 58.89239202 58.73775625 58.5959904 58.25961551 58.07439167 57.67485248 57.32676526 57.16400457 56.79042768 56.95036759 56.85836978 57.32560328 58.59944533 58.29973188 56.89403217
64.84650266 65.94063159 66.07744337 66.67577794 68.27378616 69.26250889 69.83522739 70.99690857 70.98949896 69.80159284 68.86682913 67.67132755 65.95298231 64.92590837 64.41775423 63.79849686 63.32412905 62.72759686 62.4615328 62.01909532 61.99241662 62.21331395 62.34172216 62.51706335 62.5920137 62.60312137 62.68224472 62.7348247 62.52433857 62.2275342 62.11143965 62.24368929 62.28803447 62.07704137 61.79962678 61.4611303 61.08971308 60.65221208 60.01643361 59.16905874 58.50230102 57.75702565 57.11872833 57.54807759 57.93205321 57.94829019 57.61052202 57.15591481 57.19113984 57.00223158 56.93366432 57.01246906 56.66431068 56.7251609 56.42067857 56.18825435 56.26337129 56.00302221 56.47201925 56.73524048 57.05044419 58.40704594 58.81190422 57.02477945
68.84710927 66.7435601 64.74988347 65.48122186 67.4759084 68.51387724 69.98420306 71.23442029 71.72290054 71.22454377 70.0672657 67.52410371 65.37827791 64.14560589 63.43229422 62.99525725 62.88837917 62.16272635 61.85987789 61.62959062 61.51510862 61.48887608 61.38740756 61.46432087 61.35865317 61.3111082 61.33416557 61.29189955 61.17207272 61.0700321 61.08786808 61.19749375 61.29366887 61.22220804 61.05245063 60.77986905 60.49404368 59.93183818 59.35993444 58.58384378 57.77328425 56.94889027 56.47931259 56.45769262 56.59835949 56.48685186 56.13095185 55.72677952 55.77258053 55.7965719 55.84497338 55.99246204 55.91678814 55.98647705 55.80552053 55.85795016 55.76098603 55.72014877 56.31905954 56.3225445 56.88199222 58.63838331 59.35454452 58.32890849
66.89012729 67.36367842 64.04218133 65.32802906 67.34638656 67.29756504 68.50100637 70.68004314 71.78471233 71.58095542 70.72255442 67.62276131 64.94816092 63.70914696 62.95559527 62.45823288 62.25805428 61.96128951 61.77578832 61.4217297 61.43239708 61.31750966 60.98276707 61.04904787 60.77956076 60.5076433 60.42981909 60.20181842 60.16797494 60.09601179 60.16520889 60.33660833 60.44794529 60.46909964 60.13233928 59.85228778 59.67550084 59.07726272 58.515466 57.67974655 56.89596856 56.24026037 55.71531726 55.57065452 55.50917445 55.36826473 55.11621347 54.79087086 54.98463151 55.06181992 55.19057784 55.47040822 55.46726164 55.64651497 55.17922239 55.00023893 55.12839924 55.10003801 55.56510415 56.36530169 57.31329263 59.1910507 60.28316979 59.72166366
-9999 67.87942733 64.55548671 65.78708813 68.23928971 66.2660033 66.14196335 69.44149475 70.81375653 70.73152191 70.24176057 67.2639509 64.77251815 63.47765822 63.02437218 62.41943793 61.84326328 61.4310366 61.10355913 60.97381445 60.92186123 60.92342461 60.94567197 60.91112431 60.7938773 60.29303304 59.92868398 59.49641995 59.39621632 59.31307579 59.39146803 59.60854928 59.74656327 59.78015648 59.58512272 59.42654347 59.3092625 58.80604683 58.13577356 57.1377343 56.29281858 55.48670381 54.86100476 54.63170173 54.50719158 54.41671516 54.44217792 54.41503958 54.59037158 54.69356733 54.90421679 55.14639603 55.20719263 54.8245698 54.65390239 54.69642222 54.39972519 54.33058458 55.50130388 57.30732327 58.83495767 59.65963501 60.19610688 60.54395035
-9999 -9999 65.5979505 66.98136966 67.55970506 65.6917803 64.70743958 67.51043783 68.64921612 69.18699837 69.11747252 66.89974607 64.84898944 63.78852645 63.1219144 62.55414286 61.90371542 61.34933358 61.02700294 60.71904034 60.6296409 60.60296039 60.57982922 60.59046427 60.31292652 59.93405719 59.71883021 59.23852693 59.05049187 58.85901639 58.88590413 59.07259884 59.22071494 59.42314314 59.46852476 59.39035086 59.35336828 58.89330827 58.05342877 56.8155314 55.8177254 55.0017428 54.32821363 54.03306378 53.84876423 53.91057566 54.22825679 54.44331057 54.72129594 54.81649083 54.95976317 55.19907581 54.67745904 54.22719796 54.12161365 54.019049 53.72234677 53.91457124 55.51935763 58.05381619 59.63232405 60.062933 60.22646909 60.42451755
-9999 -9999 -9999 67.5509547 67.46610951 66.66310856 64.53827911 65.30796069 66.67136882 67.15750209 67.19336272 66.87976733 65.40523777 64.51287783 63.53336556 62.72000457 62.20591807 61.466755 61.1745833 60.83626191 60.6577734 60.49488247 60.30251501 60.29010673 60.06864554 59.59233687 59.24967553 58.95289137 58.81411992 58.70287475 58.66502163 58.66731531 58.73199603 58.94897988 59.09250716 59.10472614 58.98885017 58.47936378 57.69641789 56.64870802 55.66598276 54.85356285 54.10625143 53.75594063 53.59050497 53.7216035 54.05077181 54.13728026 54.27588608 54.41247405 54.70659736 54.80606482 54.10809635 53.70126731 53.41451561 53.42532594 53.1719963 53.53981573 55.50254487 58.09848767 59.90147511 60.19509352 59.83287718 59.386113
-9999 -9999 -9999 67.62029775 66.03455511 65.12146832 64.48816342 63.8783464 65.42151986 65.51159612 65.78983619 66.70568767 66.15635839 65.44395794 64.44540848 63.53882212 62.74753222 62.01887546 61.77170651 61.35564164 61.10765389 60.84645797 60.43758006 60.2640712 60.01142933 59.45479402 59.05585935 58.64835509 58.43468262 58.17189603 58.12339137 58.21937244 58.29838854 58.54337112 58.68788034 58.68409755 58.57706864 58.10820393 57.50373136 56.63114734 55.74791528 54.96766296 54.24405355 53.93246508 53.74330352 53.64258158 53.51717698 53.44326665 53.56729582 53.73110307 54.10791604 53.86699764 53.20808841 52.98054814 52.86840418 52.88717198 52.84496163 53.37727715 55.25549107 57.76695932 59.47696346 59.80429109 59.32077104 58.7493625
-9999 -9999 -9999 66.7988392 64.71383378 63.36847537 63.25603399 62.03916999 63.66095833 63.85354558 64.36268615 66.14008784 67.33048346 66.47029496 65.55529548 64.57832352 63.60612377 62.7295205 62.48038434 62.07256664 61.72103229 61.39767942 60.87325694 60.5254349 59.96375197 59.48206216 59.07853549 58.56595621 58.27924341 57.92252424 57.71269204 57.65193602 57.49420741 57.52699435 57.48611037 57.70142727 58.20035557 57.95892043 57.47136538 56.77792316 56.01475501 55.30886428 54.6235538 54.20389864 53.68071876 53.31981757 53.08495061 52.84991897 53.10094895 53.24149922 53.74887362 53.15349314 52.54785635 52.59428161 52.53650072 52.80170989 52.95921759 53.25093647 55.37687893 57.61231752 59.10864626 59.4206483 59.23592524 58.65213154
-9999 -9999 -9999 -9999 65.86493173 63.27920354 61.58636271 60.61824134 60.7772366 62.28457799 63.13754314 64.65814333 66.08371768 66.6484467 66.37739701 65.88467593 64.67694411 63.60167731 63.14648923 63.03429285 62.7327226 62.33870308 61.66525718 61.33950686 60.7441398 60.24335664 59.72449911 59.08741664 58.63420397 58.13800635 57.79224064 57.60928388 57.2538204 56.9419602 56.56784768 56.63695573 57.10668656 57.37460681 57.26979247 56.74007652 56.10851569 55.36842934 54.56915696 54.10943505 53.68462358 53.39148162 53.19605002 53.04330084 53.29827552 53.56366342 53.76542094 53.07821967 52.67528305 52.93609622 53.43202447 53.96883956 54.31407673 54.81328889 56.3032936 57.91469655 59.0045985 59.15762393 59.08232607 58.71661199
-9999 -9999 -9999 -9999 68.01369591 64.44080767 59.89730845 57.3809425 57.98406841 59.18582812 61.45623067 63.96398031 64.13033061 65.85253382 66.52809352 66.0653184 65.02540354 64.10199261 64.13671413 64.2243731 63.9874013 63.61949313 62.65464282 62.49609331 62.03325166 61.35625576 60.69033797 59.91455533 59.26942149 58.5864898 58.07581796 57.78848432 57.38479109 56.74594385 55.93745981 55.7907707 56.22460804 56.46581581 56.54131762 56.37534205 55.95192215 55.23516147 54.52901869 54.21738858 53.92598624 53.75041727 53.65035002 53.58433601 53.99431021 54.40532667 53.92214567 53.20898471 52.92177867 53.5420174 54.84255222 55.7987478 56.08366066 57.14226189 57.77782504 58.56396751 59.22416345 59.1443861 59.0724705 58.60693776
-9999 -9999 -9999 -9999 -9999 68.11994523 59.72490182 56.42151846 57.08909635 58.20946092 59.72400321 63.52783474 65.62843733 65.60543406 65.46754031 64.96016408 64.30849591 64.06885213 64.52297138 65.2430416 65.35510325 64.94452717 64.38250394 63.88933746 63.31234851 62.54060365 61.81897116 60.83893914 60.00903699 59.20737645 58.5787168 58.11420548 57.56003419 56.94063248 56.17871962 55.84716654 55.84848129 55.8785262 56.0778603 56.12788207 55.90778637 55.41890759 54.8780325 54.67047086 54.54109393 54.50037759 54.52321999 54.66737947 54.73309433 54.33406636 53.91332659 53.46396441 53.33814325 53.90796859 55.00513573 56.06238003 56.9092009 57.82298772 58.44837227 58.83742222 59.22153235 59.11158752 59.11719239 58.55813906
-9999 -9999 -9999 -9999 -9999 65.23011402 60.31110083 55.12243083 57.86320016 57.35939961 57.3652606 60.81460312 60.26545732 65.5820779 63.67275626 62.92631434 63.3386537 63.75046305 64.38357856 65.69497143 66.22711612 65.8813442 65.72769733 65.26565704 64.54315991 63.64609515 62.92099178 61.81699034 60.79300821 59.77268261 59.01162615 58.40827148 57.82432127 57.32439145 56.72169459 56.24390041 55.84642124 55.45400326 55.84885046 56.08994825 56.03625654 55.69112534 55.30533637 55.26160278 55.2999887 55.43147958 55.31587338 55.01802855 54.8086221 54.31968969 54.05370065 53.87374422 53.59389106 54.34924137 54.84965335 55.81878451 57.10411634 58.1004876 58.56651378 58.68951073 58.76187323 58.95348483 59.21432843 58.5452296
-9999 -9999 -9999 -9999 -9999 -9999 62.34442354 59.14764117 60.75166628 60.04093115 59.3786706 61.03543993 59.81372045 61.76278853 62.50908654 61.92881386 60.84091909 61.05278031 62.8134084 64.691367 65.75147181 66.37077129 66.61481857 66.19032529 65.70215998 64.76718003 63.5276314 62.43557813 61.41463895 60.37410016 59.50590944 58.84900946 58.27112234 57.78096775 57.2886846 56.78336754 56.2409731 55.88638475 56.0698041 56.35092317 56.367076 56.10502259 55.87789875 55.95766196 55.71226333 55.43851712 55.56666548 55.55221513 55.3968724 55.08398924 54.92312123 54.77746165 54.89949435 55.41404494 56.14146058 56.93778721 57.61989967 58.06296394 58.22908837 58.14148247 58.31247432 58.64165481 58.97214684 58.37913743
-9999 -9999 -9999 -9999 -9999 -9999 65.63046827 62.85147304 63.82220653 62.94899229 61.80296834 61.84937524 59.98823708 58.80530589 58.26294221 58.59010673 59.16652097 57.88921549 60.63016589 63.40065448 64.58560095 65.91158487 67.41400651 66.55555744 66.35440203 65.60852336 64.10285071 63.04029317 61.87116367 60.92688046 60.04214606 59.30442181 58.74271313 58.23699456 57.84058816 57.34419382 56.72584565 56.27745025 56.48821393 56.7807939 56.85692652 56.64971459 56.43934477 56.26236133 55.74915612 55.54117305 55.8847094 56.22300312 56.02328846 55.93187485 55.95486137 55.86632947 56.14040966 56.67743028 57.65467686 58.26821006 58.07866693 58.03675745 57.99139941 57.77926244 57.93243758 58.41455491 58.61485651 57.92264371
-9999 -9999 -9999 -9999 -9999 -9999 -9999 68.09401399 66.07183616 64.63908464 64.54593475 63.26874683 60.94463466 58.51944804 55.5029368 55.13507719 55.87827121 56.97175811 60.05159737 62.55307796 63.66721619 64.19531046 64.48880361 65.9845864 66.91834378 66.4957253 64.86723919 63.40072399 62.33526445 61.74373116 60.91407896 60.11124645 59.26293979 58.72642227 58.28645193 57.81500484 57.34682776 57.01858095 57.04882971 57.21469042 57.08194149 57.08015489 56.87569057 56.52165486 56.10915424 55.94088399 56.06678947 56.24606991 56.3089008 56.39690491 56.56829278 56.65641692 57.05984561 57.18219151 57.49301051 57.79250416 57.77796575 57.87369783 57.82969976 57.91797743 58.03619632 58.20929277 57.98853297 57.32109684
-9999 -9999 -9999 -9999 -9999 -9999 -9999 65.20636637 67.85329025 64.55736369 63.93947929 63.71431114 61.77742163 58.4607476 52.72325943 50.92918565 52.31545475 49.13225866 53.88665883 53.5668501 57.52951053 62.91194649 62.5637535 65.64722055 67.22135312 66.83169749 65.41391867 63.62305766 62.86328302 62.52185221 61.88984494 61.04434907 60.10115871 59.5598542 58.97245566 58.42960299 58.04680372 57.72193162 57.48482159 57.11581912 56.95763151 57.11948532 57.13057002 56.91356908 56.54543539 56.34870757 56.3519013 56.28429761 56.32392021 56.52510776 56.73096039 56.89905606 57.47018958 57.06489696 56.69838958 56.78142229 57.09049505 57.5953259 57.83735657 58.08052436 58.19446283 58.14379372 57.26986732 56.61488197
-9999 -9999 -9999 -9999 -9999 -9999 -9999 49.10389618 69.95388828 68.15444057 67.10686256 64.77293179 62.48458271 61.00403182 57.22687903 54.66663497 54.52710733 54.01706706 55.08064825 55.40484826 58.41011545 60.13354685 62.35716087 65.78137955 66.62535499 65.96808234 65.21951371 64.25087882 63.45208921 63.16799509 62.62694721 62.1216578 61.32013024 60.81785694 60.08838841 59.49250893 59.03178589 58.30729779 57.66281276 57.11505846 56.90771088 57.17679046 57.37020318 57.25088781 57.01441723 56.82091663 56.7067441 56.66646333 56.38857635 56.24224879 56.33933833 56.57238578 56.7371044 56.46748407 56.10008406 56.16327791 56.587039 57.16217498 57.63856586 57.97291084 58.07384932 57.56866065 56.66816685 55.95289299
-9999 -9999 -9999 -9999 -9999 -9999 -9999 -9999 56.4759538 72.17075069 70.33084663 67.29511665 64.09040394 62.2859054 59.80833732 58.47276918 57.58321445 56.30406109 58.09543691 57.4616227 60.35202805 60.81114241 60.78457255 64.03638236 65.96864883 65.48236221 64.83594907 64.34973744 63.60783219 62.87427357 62.09686346 61.64268211 61.06592817 60.71417947 60.45489723 59.98228075 59.44085467 58.7601954 58.10678012 57.42815268 57.1157875 57.35936906 57.54845406 57.29331942 57.22088713 57.00076298 56.73562614 56.70026111 56.2387823 55.88776679 55.9194854 56.05483786 56.27540236 56.10897409 55.66353819 55.73054555 56.29435754 56.81521313 57.32565851 57.68439519 57.72262883 56.94037934 56.04718328 55.41949973
