meets/meet004/data/CCSM_6k_neotropic_bio19.asc
NCOLS 154 
NROWS 168 
XLLCORNER -112 
YLLCORNER -55.5 
CELLSIZE 0.5 
NODATA_value -9999 
[rows 58 to 86 of 168, columns 64 to 127 of 154]
740.8886753 635.6756975 527.6054904 464.0599137 424.2916835 459.3604441 528.4996949 596.1254277 636.8243528 669.9991496 696.1720909 736.9677528 774.29182 793.9331395 807.6692921 815.1143951 829.0497885 844.7131079 849.8715708 853.4062425 850.4207229 843.5059112 838.2781236 828.668055 819.2324269 808.0966866 797.6027826 790.3883368 784.4543883 777.4258565 778.0158245 790.2325686 796.2973393 811.8623803 818.9555087 828.8295868 846.9429549 854.6485748 866.8023392 867.287935 868.8467146 863.9316269 844.7283933 817.1251799 773.74012 740.7290842 704.2354904 663.1161723 635.1980008 603.2626404 596.8235335 610.8684784 625.5036492 659.9249971 689.6817595 729.0643134 774.5471211 810.049636 846.9473271 868.1682806 886.5135468 905.690122 905.9409824 -9999
700.4182258 594.9361613 488.8398281 438.5285149 414.7836808 450.3225133 520.4194988 591.811676 622.759673 650.3120717 676.289996 715.2808417 751.3737007 766.0756894 777.4096297 784.0531888 799.8978414 811.9856796 814.7868901 811.7061933 807.1446724 805.5008733 797.0452113 792.8973646 784.8103361 777.2960968 781.6148005 779.7948284 783.5099823 787.3399726 792.012322 807.6863992 821.1537077 835.8756007 850.450662 861.6125252 876.5847378 886.0653898 894.7243443 896.2801044 896.9629619 885.7532637 870.0768069 839.2095826 797.9831546 761.5807932 724.4642545 689.5747102 663.5276325 644.349859 638.7160422 655.2662353 678.0405271 711.9083255 761.3690462 801.5115134 853.231919 897.2366627 931.1601045 972.3408529 991.741785 1006.053894 1015.637142 1006.555297
653.5840968 553.637181 460.2344986 416.7373438 409.4913379 449.1922116 513.3483297 574.8313248 613.3752257 638.0324036 656.8182028 687.1433494 714.518063 730.7553949 741.6722647 747.5601586 758.6228575 769.2546083 771.3810964 769.8669875 765.37368 762.1085107 758.5241354 755.424297 752.9437559 752.1929672 759.2280182 765.7870625 775.0594757 786.1484602 796.4830169 813.2642844 830.8429498 847.3341796 863.1312646 875.1776373 887.1776085 896.2163878 901.1197801 902.6904909 900.892639 889.4105757 872.0939011 843.9926371 808.5659097 778.1464201 744.2209404 712.205178 694.4721818 679.5662578 681.2771998 703.7281831 729.4017805 776.894208 826.3197878 873.7488297 934.4031283 984.3998393 1033.315743 1072.206374 1097.137587 1119.620372 1125.625973 338.6682333
615.8331809 521.1821381 437.3491745 408.3892706 404.4215063 444.9979618 508.1961347 569.0966765 596.4356725 620.6601048 637.9422869 663.5682286 685.3149804 697.6593984 705.6236661 711.2741919 724.3473704 730.3259934 735.0750063 732.6774071 729.6548029 732.1251798 727.8006279 729.8015873 728.5038384 730.6588708 743.2804307 748.86262 763.9823643 777.6184394 790.9136302 812.4829143 828.4335615 845.1592293 858.981982 871.1515644 882.190848 888.242173 892.2560025 889.749704 886.6186979 877.4270535 863.0980012 841.8187469 813.7280297 783.8656607 756.5892616 731.9211347 718.2071495 709.6449056 713.2411815 743.2589326 768.6913636 819.1329653 877.7893656 931.0126066 1002.678603 1059.713518 1109.046342 1158.382333 1187.090038 1212.713097 316.4801072 309.5479841
572.5045374 481.7249651 416.18439 396.6409647 404.2547859 443.8204008 498.046624 547.3809587 579.1335207 601.2238246 614.5013168 632.2021833 647.873142 659.8383696 668.6668285 674.5628325 683.2380687 690.5469014 694.410678 696.0162904 695.4426043 697.5934809 699.0047212 701.8413932 705.8251271 710.3114751 720.8807851 732.8131999 748.0282167 764.478155 779.4658391 797.2782985 814.9365983 829.0609472 843.4715568 853.2410666 859.8430726 866.9240616 867.0514445 866.9296771 863.8344895 854.1015015 842.4579446 825.7259271 806.3247206 787.3523106 768.2607935 751.4127839 746.9481741 745.6821235 755.9386092 787.1483122 818.4127366 873.5954217 928.9925601 984.2840327 1058.267398 1119.830386 1179.891485 1228.778745 1261.333667 1291.461845 267.9666972 259.7824959
531.3822402 444.5034959 387.3962144 382.2430707 397.8113044 438.3858349 487.4488688 533.8221477 557.0760925 579.7943172 591.5576004 605.0922003 616.9764175 626.1874418 635.2598449 641.7618801 651.343722 656.5761873 661.6461115 664.4576497 665.730311 671.6978234 673.657295 680.0259554 686.2236662 692.7917738 705.7244378 718.0736433 733.0387543 749.2606647 764.9225461 782.819375 798.19845 810.6817548 822.0070698 831.189523 838.3111687 841.0711511 843.7869823 842.0537437 839.2208809 832.6419924 823.1143377 812.7147125 799.5384637 783.4691906 775.3282083 770.321964 772.0058866 780.4391898 793.9065198 826.6823381 863.4482129 910.4216811 967.5272191 1024.403722 1097.121873 1161.571545 1216.960758 1273.530244 1308.743768 1338.723687 219.637038 216.4198427
479.8292891 409.636909 364.7173841 364.4458684 387.1675686 424.7364752 466.9033066 505.607974 534.2576223 553.8094787 564.6169953 574.5698203 581.8664895 591.6910687 600.9340686 607.786685 615.3170554 621.6049158 627.3480118 632.1310047 635.5806669 641.5060597 647.6190813 655.2029054 663.6858272 671.3467466 683.3214782 696.5558849 711.1551343 727.6365102 741.8096461 756.7739588 771.7358062 782.8926118 793.9391057 801.6504987 806.3804416 811.6003531 812.6822164 813.2418568 811.8103186 806.3669676 801.4826436 794.4999918 788.0141069 783.0871275 783.8272984 785.7237014 796.6473056 811.5048827 830.2005065 864.9102633 900.6782016 949.9078306 1001.604135 1052.625176 1119.86946 1179.725436 1238.121841 1289.281255 1324.91219 1358.189658 1379.480334 164.3157128
433.456211 367.5863828 327.6973398 341.150879 367.4943559 402.6209193 446.6696179 481.1366246 503.7302949 524.1019531 535.2962717 548.1582777 549.9377847 560.1962198 568.0329581 574.8391206 585.4027466 589.6459092 595.9835655 600.5886578 605.3812274 615.6382725 620.9787089 629.6775468 638.6227577 647.3020637 662.107757 672.8241487 686.6765523 702.3626308 715.5994811 732.714507 744.691216 755.1244554 764.7885364 772.0824949 779.4917022 782.9542332 786.3850604 786.8118053 787.935039 786.7179544 784.1538558 783.1314553 779.0597309 780.9985474 787.7028623 796.0668583 812.706942 831.4166731 852.66236 890.3223588 923.3389626 964.8118417 1017.414562 1060.325159 1126.438137 1177.395681 1225.624887 1276.991135 1310.837966 1347.672567 1369.878623 1387.842447
403.2643899 347.8674584 312.8571691 313.515092 339.1306538 371.3346621 406.4273236 437.8538232 467.3823984 493.1250927 506.8827831 514.7929072 522.1535465 531.7525143 539.6697201 546.3131169 553.5734919 560.1285103 567.0286851 573.2719898 578.6650536 587.2371991 595.9574043 605.9814491 616.2751718 624.9284998 636.7794855 649.1335652 662.8532475 677.5205598 690.2723531 704.2266219 717.5357416 728.492374 738.6194205 746.0290953 752.1970511 757.8935257 762.1541304 765.5511638 768.0723832 770.0745131 771.5008242 773.4788025 776.3232079 780.8889445 791.8909681 803.7768806 822.4109094 843.5023894 865.6904459 898.9739523 932.8036754 973.2225663 1015.973686 1055.934091 1106.053082 1153.364959 1200.538447 1244.193623 1277.017633 1310.589456 1334.270788 1356.651069
396.6363335 334.491662 294.2511321 291.9474514 311.3911407 337.5974416 372.5142945 401.1549026 429.3459351 458.5050297 474.9184737 485.4066011 497.0105962 502.5774554 511.3063414 516.3158886 523.4368491 532.0471906 536.6803768 544.3076397 550.1381782 559.4483982 569.7716658 578.6384594 590.6838992 599.1872644 610.3264418 623.1464212 633.9914317 649.1220705 661.0042074 674.8382553 689.1547409 698.4386752 709.8438888 718.3197363 725.1986147 732.477173 737.6065704 743.4770899 748.7561769 753.2616977 758.6976211 763.3918343 770.2005276 777.7417372 789.2009065 803.732414 820.6222146 842.6370606 863.4530059 893.2025411 926.1932148 957.3024502 998.3419338 1030.343247 1072.738385 1115.230359 1149.8349 1193.05401 1220.869054 1249.96038 1279.762091 1294.135811
407.467151 351.6686439 306.6566738 288.3498544 295.6845238 318.4517038 349.1825985 379.1739793 403.7223907 428.9278994 446.9310896 464.1291451 478.2896752 485.3239161 489.5744404 493.4180085 501.3588343 509.0897316 515.9142287 522.0634944 527.8784129 538.4829358 548.6592624 558.9927025 568.7598134 576.8449912 588.4937357 599.7487595 612.3790355 624.8880335 636.1424654 649.8155924 662.2253543 674.2364587 684.967116 693.7271 703.1882708 711.1506211 719.0908645 726.023076 732.4870534 740.7864592 747.5045988 757.0132158 765.5665051 775.0625666 789.4473337 802.6135839 820.8937975 839.2461659 858.7610083 886.042261 912.2940941 942.7830243 973.6845446 1002.341576 1036.822798 1069.717009 1103.215404 1135.497746 1161.146439 1188.312875 1209.584994 1231.133687
438.9748624 381.0901593 324.491836 302.8248045 293.686339 306.7820364 333.63271 364.7292322 378.8022515 401.9118422 419.585384 441.2481598 462.6972916 463.5763877 468.4445754 469.8465226 476.3028153 488.0716723 490.164645 498.9368507 504.5185358 513.7564963 526.76757 532.5427814 544.7560302 552.4103326 562.3464838 575.6995946 583.7615782 598.8275808 609.2341317 620.1720043 635.0099136 642.9608988 657.5041185 667.4244245 675.643838 687.655504 694.1093722 705.1693786 713.907067 722.3660166 733.7810436 742.6185973 754.9027736 765.6303252 779.5264539 794.423311 809.0639426 828.0777327 844.8643796 867.5652419 889.7297874 908.7945372 939.5654542 960.2413462 984.7265641 1015.631135 1032.280591 1066.978763 1085.770329 1101.764318 1128.031944 1135.508019
311.3068622 422.3898644 365.5295977 331.5807176 304.7014961 312.0954342 162.1057841 354.7824505 369.6481801 382.9491933 400.0693123 425.4566806 445.9802685 451.3194383 451.6093361 452.1317791 460.4329511 468.9035881 475.2279017 480.5552668 485.8692127 496.7239971 506.8189941 516.066819 524.4032774 531.7786196 543.3864205 554.3351536 565.7653816 576.7138446 586.3437576 598.7471469 610.0797915 622.29654 633.7840951 643.7074847 655.6978437 666.1604659 676.865131 686.9790903 696.797227 709.1991289 719.7069917 732.2480445 743.9830053 755.5524749 769.910449 784.1640296 799.6937275 815.3315428 830.0603854 848.1054095 866.1105856 883.8960858 902.6326607 920.558341 940.5458856 959.6624169 979.8190007 998.3521192 1014.735199 1031.812992 1044.468359 1059.571522
285.3712775 447.9901869 397.6934984 358.0940273 324.2320415 140.5039184 154.0740203 165.6983796 358.6588961 367.9722907 380.2090469 403.4953882 429.9097842 430.8088827 432.5153569 432.3772296 438.777806 450.0062472 452.5644981 460.2616572 465.5001176 474.5091921 486.4442724 491.7623808 502.4554336 509.6203668 519.3336938 532.162055 539.0927871 552.300455 560.8861063 570.4305425 583.5793669 591.3858256 605.9227836 616.2128085 626.4652292 640.1657203 648.3899531 662.1977957 673.82997 685.0130716 699.8509025 709.2270768 723.9594141 735.1908434 747.5613734 762.7252212 771.9816689 788.9865595 800.5389479 812.8815238 831.346311 840.1210504 859.1022525 872.1075579 883.7851629 902.9672612 909.6236634 929.0298299 938.8702828 945.7747775 961.8211922 962.2952985
-9999 443.2534936 418.1128356 385.0121295 114.5202826 136.903701 150.2023053 157.1052257 358.6151395 355.6817449 365.7574723 388.7376866 410.1540914 415.9455862 413.7002851 414.0089403 423.4748825 431.3864245 437.6132922 441.1150262 447.0520691 458.9079123 468.3368977 476.8501373 482.3796981 489.9961221 502.3076851 512.0539016 522.2156338 529.0954739 537.5357672 549.9210869 559.1111961 570.582346 578.9690443 588.9696118 603.8469954 614.5885767 627.0240457 636.058044 648.1189528 664.9006705 677.7545438 690.1308307 697.8738798 708.9539223 724.6084918 735.7619472 746.3384237 752.6850494 763.0395468 779.0437576 791.500222 804.7285506 812.8474658 826.4595909 841.4815477 851.4940439 861.5840769 863.7508818 873.6280344 885.294288 889.6973216 894.021792
-9999 -9999 419.9042639 392.5309979 110.74707 127.0813394 137.3941064 144.8372606 353.0826245 347.1018793 349.7499882 367.4472541 385.6288457 389.6778364 393.4516929 395.4858255 401.7973859 408.7996434 414.4941944 422.7973257 429.3580372 438.2369889 446.9607162 454.6748798 464.8240667 472.0147952 480.605051 489.2258512 498.2607598 509.4883069 516.7434808 524.4109614 532.2045839 542.0682025 554.7632438 563.9403543 574.0951822 583.9862791 595.4198295 609.9000545 621.5834106 633.5978829 645.7083323 656.4983985 669.1089406 677.9611095 686.87025 695.8133545 704.1406254 715.0791125 723.2479239 732.3145403 742.8954368 754.6260157 770.1818311 780.7398653 787.6184125 794.4062659 800.159675 809.2172587 812.458809 810.9149572 812.5660986 812.3999269
-9999 -9999 -9999 387.1962896 98.3847375 117.7982198 128.2012028 134.101731 347.4414328 338.8704469 339.0719868 347.6106618 361.1071098 367.6500457 371.4981072 375.2689729 382.4982637 389.353294 396.0360191 403.1503721 410.7061704 421.265103 429.1751101 438.5116981 446.3087532 454.0411595 464.1856503 472.4457737 481.4017301 489.7902846 497.2022673 505.9984941 512.4237618 521.7791043 530.1473535 538.8505119 550.488545 558.2022089 570.6062251 580.840666 591.8812524 605.3374052 615.1672039 626.6068224 634.694998 642.3523327 652.5390192 657.8439241 666.7825399 672.5152851 680.5491624 692.2642967 701.2570079 713.8808961 723.0151531 734.6976104 744.2466548 748.3037662 753.962077 752.3450385 754.8554503 755.0949486 751.288932 752.3468275
-9999 -9999 -9999 370.7272234 87.714052 102.5557168 114.7277344 120.4858079 121.9229883 337.5807063 333.8900653 335.4957773 337.4353733 341.2425731 349.6042436 355.8716147 360.234471 366.9324772 374.2746421 382.90698 390.6581843 399.2156306 409.5563535 417.7504013 427.1130432 434.7212475 442.9042202 453.1301353 460.9623238 470.4788329 477.3472548 483.8251091 492.2012023 498.8754436 507.8195809 514.936628 522.7092705 532.5842569 540.5760394 551.3753962 560.4733762 569.8600622 580.5434803 587.6609937 596.9246903 603.2356632 608.8512301 617.1703299 622.9286441 630.650269 637.6654818 645.3761307 656.1560716 664.6735938 676.9617467 686.6930301 692.0538808 698.9013391 696.6685631 696.3707086 695.4177293 690.2403091 689.6127114 681.8996695
-9999 -9999 -9999 337.8609913 344.3812792 88.03138419 102.4790815 109.9756027 112.9357423 343.183562 339.4319037 328.0891001 323.2832954 322.490431 330.6427936 338.6585271 341.7551115 347.4300946 354.9937786 363.0414754 371.2563858 381.7266814 391.0149205 400.318239 409.099285 417.430278 428.0722156 436.8364707 445.6834759 453.7498938 461.224504 470.0156347 476.6430919 483.7423537 489.6534722 496.1066948 504.3714242 510.0770029 518.0298882 525.3910097 532.970901 541.9288709 547.7175033 556.1178566 562.1771185 567.6889482 575.1415218 578.6108809 587.9589005 593.0521044 600.3637218 609.2845372 615.2216544 627.0362349 635.937397 645.0109859 651.6390887 653.7223109 653.7532538 647.1354149 644.9319996 641.8378142 634.8719495 632.6641384
-9999 -9999 -9999 -9999 322.7444703 72.71217948 87.12350612 98.07037102 105.9322388 115.8865189 357.6807095 340.0611903 324.3431055 321.4036447 320.0414271 321.8441158 322.9885691 328.8467963 333.3176378 341.0931115 348.6369882 358.1574202 369.1617996 378.1246286 388.0052604 396.2365493 405.5958333 415.9846565 424.1171033 433.7315355 441.3393418 449.030679 456.9695583 462.4467259 468.7749246 473.470139 477.9757331 484.7001568 489.6447324 496.7994782 502.4522494 507.8499194 514.7022726 519.4841672 526.2316255 531.0757996 535.5932332 542.3900844 547.3486608 554.6172253 560.8274888 566.3227688 575.0663708 582.3738348 592.3936571 599.3847504 601.538968 604.3610561 599.8498271 596.5639024 593.6657351 587.6142066 582.9399861 573.5458322
-9999 -9999 -9999 -9999 302.9884055 316.0858372 79.2862121 90.47904412 101.4838077 117.9120355 122.8647488 359.294215 339.7147876 329.3441274 334.2232991 330.6102728 309.0251505 326.5522017 317.2268164 321.1167254 328.0937215 339.1317957 347.9490352 358.9681928 368.1390035 376.6921626 387.7416873 396.3881159 406.3257912 414.660984 423.0158389 433.3517236 439.6630313 446.0545255 450.0914338 454.1754964 459.2125388 460.9567389 467.7936978 472.1462555 476.9260808 482.7613701 486.1276496 491.6621891 494.8982276 499.1720536 505.5994721 509.6233857 516.7349048 521.3560448 527.6729415 534.8353312 539.7906862 549.1027333 554.3941488 559.6997244 562.2737259 559.8452316 560.4625341 554.3698068 551.4165722 547.8284656 540.0985778 532.7730377
-9999 -9999 -9999 -9999 -9999 326.6370351 354.5131803 82.62099068 101.9649295 117.8298394 128.8872155 131.026914 136.741466 397.1312551 383.6807966 378.4949546 371.4315608 352.9699917 330.6073685 325.494182 317.8608069 318.6258875 328.3666677 336.7302417 346.8056212 355.283391 365.0437174 374.6463544 383.5868826 393.6527191 402.4741769 411.1980603 419.8319207 425.5342529 430.2675742 433.6696813 436.9459662 440.568487 443.5190586 447.6280581 450.3903357 453.1204894 457.2408412 459.583983 463.3693047 466.8703927 470.6983235 476.1641702 480.179721 485.9548509 491.5192587 496.5289457 503.4863791 508.0217967 513.8508028 517.1549209 516.592387 516.5826177 513.4056589 511.3354308 509.2499993 503.6917565 498.1802903 486.3212023
-9999 -9999 -9999 -9999 -9999 326.5978484 381.7022178 74.71723354 97.71106548 117.8881042 131.5413693 142.4070481 158.7682197 146.3762757 464.3274797 459.1019517 469.340224 413.3255418 382.7697519 367.9643131 350.245725 313.9157478 318.9461935 328.3677803 327.66019 336.2287688 346.9578451 354.9768864 364.4479915 373.4089193 382.7970777 393.1482339 402.2011621 408.4232912 412.7949087 416.4285447 420.9730979 423.2883946 425.9862103 427.5255281 429.0327582 431.5080006 432.2385849 435.5182246 437.1146825 439.9086891 443.9812092 445.9220703 451.4975379 455.3229734 460.6197265 466.8215941 471.081704 476.0740649 478.5193966 480.6672547 480.6833781 478.8508768 478.5977857 474.7120686 472.4920454 468.841377 462.6689431 3.176217031
-9999 -9999 -9999 -9999 -9999 -9999 393.5499146 475.9059841 87.61081166 109.6527887 128.0755939 148.3646487 162.3983791 164.0744905 170.797663 614.3455305 585.3809348 568.1368921 533.149988 471.4502363 423.8321327 384.9253005 349.1052233 316.7932875 320.4812983 321.7589512 324.6244665 333.5461098 341.98287 350.9311987 360.0843567 370.3687048 380.6109763 387.4407933 393.3776419 397.5524363 401.8515678 405.2635163 406.3673234 407.2881493 407.7553177 408.4382469 410.0075049 411.3282088 413.1397118 414.9498494 416.646351 419.4891096 422.2800402 426.401138 430.5771534 433.8789559 438.083093 439.338513 441.6449401 442.7772489 441.2543282 440.8498105 438.605998 437.0242713 434.6452601 428.9097008 2.839511474 3.603523756
-9999 -9999 -9999 -9999 -9999 -9999 378.1749528 519.3760313 69.44787667 97.67697302 118.4600827 143.8185512 160.9722776 173.5619884 195.3438408 202.0261794 199.2609168 711.0069555 670.9983611 595.7530863 538.2065898 474.516296 389.0437018 358.4851512 323.1158136 308.7720002 306.8864771 314.4257763 321.8455942 329.2629885 337.7650294 350.0162224 360.7174597 368.1657819 374.8494516 379.5289831 385.1688846 388.8117075 389.599336 389.5377203 389.4904985 390.7957269 390.8059042 392.7710627 393.7775618 394.536565 395.8729135 396.0486439 398.5525844 400.8937494 403.2859202 405.6758514 407.523794 408.2153983 408.0011039 408.7446046 407.6849873 406.8662844 2.282600055 2.194925139 2.300560697 2.699403371 3.040029777 3.898024278
-9999 -9999 -9999 -9999 -9999 -9999 -9999 397.6546338 54.51144003 78.40121754 98.45175201 129.5930645 149.238302 181.2412579 202.160638 218.3395848 232.7963969 241.6024137 232.4284505 215.446571 700.2477687 582.9635136 465.5415704 398.5745948 333.2824334 311.341579 300.167326 301.0036198 304.0793381 310.080305 317.9369022 329.3697687 340.7871722 348.7979121 356.3512282 361.9339314 367.34034 372.4717795 374.157515 374.7080215 375.2007938 376.0635894 377.4600973 378.6327353 379.6518479 379.8299608 379.4995943 378.8276327 378.8054826 379.3065149 380.1528239 379.9283092 380.4243173 380.285518 380.0015141 380.8719229 2.499138022 2.361772467 2.285272273 2.315172705 2.434511859 2.946159471 3.667343176 4.855662123
-9999 -9999 -9999 -9999 -9999 -9999 -9999 198.4543664 35.6215788 56.12480469 71.13166505 101.5802493 131.1699809 168.0593423 189.2931341 217.8508069 252.1204094 277.3891379 266.5323055 254.8267735 243.8299199 209.3382307 165.3995696 446.0445316 361.4479219 320.6678862 302.503006 289.1660233 288.6795921 292.3638534 297.7629892 308.0319531 321.6548389 327.6876071 336.7628431 342.9127334 348.9336534 356.2649216 356.6341732 359.4469597 360.4784251 361.3753807 364.508305 364.6838862 366.3472622 365.814251 363.2202026 362.5834248 360.8485657 359.9980872 359.5585268 356.9094743 356.8425738 355.0427655 2.734631578 2.676282447 2.511576085 2.430821314 2.456100666 2.509776137 2.845841716 3.647841826 4.298939661 5.877537887
-9999 -9999 -9999 -9999 -9999 -9999 -9999 17.36566211 26.91402639 38.9959358 52.12713802 76.14147741 102.3197301 137.160548 166.0962948 192.7012305 231.354199 246.1842979 255.552362 263.3720623 258.2891961 233.921366 205.5745173 175.1952811 395.0581023 344.699267 316.3979514 290.7311111 277.2800169 276.9344117 281.4760855 290.8122176 300.929584 310.0954342 318.2850601 325.2776046 333.1096316 339.2597657 342.7301764 344.9194004 347.3361381 350.93162 353.8021666 355.076322 354.6406374 353.7926297 352.156055 350.199295 348.2459365 345.1550631 343.7905457 342.536788 3.019380581 2.843227421 2.745994367 2.705722202 2.61974882 2.624433488 2.706203457 2.948900302 3.280987158 4.217071306 5.326785211 6.935438673
-9999 -9999 -9999 -9999 -9999 -9999 -9999 -9999 17.86884311 27.83124798 35.67590606 54.81925851 73.17608579 92.20089617 132.2399698 159.0134627 192.713246 209.1987285 239.7767764 251.0047389 260.2625374 251.3815305 238.4637608 213.4228185 446.581509 395.8545769 353.5573348 303.7984883 287.4533571 273.6732304 266.7305605 274.1688187 283.066221 290.6924634 299.5359222 306.6404347 314.2922122 322.0929658 325.5730207 329.5467619 333.3287381 337.1335036 342.0766573 341.8732575 342.1225039 341.1308328 339.2718645 338.3237417 335.4052335 333.2708988 332.0648242 330.1915802 3.095657385 2.985981512 2.878562136 2.882334339 2.8822326 2.902298895 3.074489201 3.392870037 3.916304306 5.205729593 6.194531332 8.055312756
