meets/meet004/data/CCSM_6k_neotropic_bio05.asc
NCOLS 154 
NROWS 168 
XLLCORNER -112 
YLLCORNER -55.5 
CELLSIZE 0.5 
NODATA_value -9999 
[rows 58 to 86 of 168, columns 64 to 127 of 154]
26.98507502 27.91301585 27.85076063 26.6853652 26.10049747 26.07133274 26.32077346 27.16434988 28.52392946 29.87258458 30.61072327 30.53246381 30.33090378 30.3575566 30.51311896 30.60001966 30.59099427 30.66956052 30.72846708 30.83473602 30.91016089 30.93229167 30.95145749 31.01563882 31.06864464 31.11404003 31.16379099 31.26744456 31.38773167 31.61948768 31.71083885 31.68538922 31.76206861 31.79575907 32.01804216 32.38888741 32.8304509 33.37285779 33.86463584 34.40533035 35.01795846 35.59605544 36.19282749 36.52822465 36.74297779 36.69601374 36.40914399 35.96528827 35.29842842 35.08374704 34.69719461 34.15708415 33.66614456 33.22099168 32.86597837 32.58749257 32.45869457 32.32422633 32.15966141 31.99371007 31.6136082 31.14779308 30.57505721 -9999
27.66317388 28.53911158 28.6542188 27.26886464 25.91669878 25.85817681 26.8405794 28.02884041 29.09455923 30.10021908 30.71996053 30.59538674 30.4007933 30.5054217 30.60616032 30.69671019 30.75153243 30.77463155 30.88824141 31.01815807 31.0817012 31.11899969 31.1484662 31.18863174 31.23521076 31.28191624 31.30165798 31.37401141 31.53608927 31.70227239 31.83953653 31.9256004 31.9652089 32.10884671 32.20750918 32.63948867 33.23277158 33.85065534 34.36805679 34.89124131 35.48052772 36.05145174 36.57121832 36.86063346 37.07733524 36.87149233 36.37295674 35.74403009 34.94924838 34.4431682 34.01829047 33.66649453 33.15136462 33.01407021 32.89777163 32.79707488 32.83282659 32.86465695 32.83002455 32.97245223 32.96214984 32.90054662 33.02288154 32.28839829
28.01919393 29.00754688 29.04345825 27.72844918 26.35324494 26.4207889 27.31176985 28.5715745 29.53103583 30.25209944 30.75391605 30.68502956 30.52330635 30.62318697 30.74623323 30.83845972 30.8728766 30.90150522 31.00764327 31.13037433 31.21646383 31.27171389 31.31809176 31.37037217 31.41012025 31.43162221 31.43059216 31.46432696 31.59075862 31.76098099 31.94035231 32.12601573 32.28827783 32.47588225 32.62567257 32.98666427 33.56013657 34.17410798 34.70458419 35.23686165 35.80205341 36.30968027 36.72850992 36.89676078 36.91667055 36.62862545 36.12102806 35.46042064 34.75876272 34.2773145 33.89790826 33.62175834 33.32826854 33.19128128 33.10913912 33.06075926 33.11457491 33.25237842 33.27158879 33.46973237 33.56398649 33.64467826 33.88446872 33.48054434
28.08790277 29.26443151 29.50634384 28.50276498 27.12265461 27.25057943 27.97073069 29.05247342 29.87277526 30.40462818 30.7962482 30.77926495 30.67589691 30.82882202 30.98080759 31.06740712 31.06255859 31.04208686 31.15455667 31.24683798 31.33604777 31.43407274 31.47676256 31.55143807 31.58740471 31.60581034 31.59048869 31.56984714 31.7341606 31.88324337 32.10791883 32.41974725 32.69996776 32.92263171 33.14008595 33.39805649 33.89432222 34.41468595 34.97944249 35.51008759 35.99916981 36.45613257 36.80382614 36.75697899 36.53825412 36.18959317 35.82939727 35.21794893 34.6606922 34.3507213 34.05118313 33.81632391 33.83141657 33.45005459 33.31280869 33.281967 33.27659414 33.4442944 33.47265165 33.52376285 33.64693501 33.74486899 33.77669591 33.64021677
28.05184408 29.48487412 29.90101825 29.24561859 27.96990734 28.07957316 28.71895118 29.63816896 30.24568548 30.61612857 30.96661266 30.99550088 30.93646403 31.07146704 31.2123524 31.29120043 31.28468125 31.27161956 31.34704407 31.43914209 31.52918699 31.62862547 31.69131877 31.7535315 31.78700619 31.81671257 31.83582458 31.88400965 32.01109206 32.18915108 32.43293305 32.73585094 33.05419626 33.3204314 33.56098979 33.74059457 34.22281226 34.72485275 35.18902835 35.62881202 36.03944513 36.40370186 36.58737047 36.5118554 36.26257773 35.94067201 35.6454931 35.18686619 34.53767137 34.11605228 33.87269858 33.70214673 33.63199534 33.36979439 33.24789936 33.21010066 33.25939535 33.43305103 33.46798291 33.53923341 33.57899845 33.58151415 33.56853466 33.39159484
27.99600421 29.68523507 30.88395891 29.9091775 28.57263948 28.80368599 29.48327268 30.29735183 30.71986678 30.9499864 31.22739257 31.22535225 31.20200189 31.32203936 31.45462223 31.5313209 31.53006169 31.52489889 31.62608805 31.71017135 31.79321001 31.89523351 31.95521917 31.99734074 32.01982843 32.05620957 32.12179364 32.24285787 32.33780412 32.53592189 32.777096 33.03572794 33.36267535 33.60087195 33.87117173 34.03964952 34.48877846 35.03461603 35.38049446 35.70227123 36.00525356 36.28760925 36.40127904 36.31803804 36.09480511 35.7793971 35.55039139 35.27391959 34.4756325 33.7708755 33.40853632 33.28105108 33.14993525 33.00255549 32.90961772 32.89348149 33.00897504 33.27002228 33.26342883 33.41482109 33.45721564 33.36529008 33.32902068 33.19967616
28.18914699 29.48476795 30.39112087 29.94918575 28.91217349 29.21519861 30.17848242 31.01591347 31.24161939 31.20950291 31.38521065 31.48742011 31.50568068 31.5776994 31.61617299 31.70486379 31.81161557 31.90210993 32.00603923 32.07697459 32.15030841 32.22633959 32.26446082 32.29596333 32.30419284 32.32310091 32.35457037 32.43499771 32.57548243 32.7801499 33.00713175 33.24398291 33.49621891 33.70937144 33.91607317 34.09724163 34.61437095 35.09064971 35.43076691 35.69609261 35.95534205 36.19438263 36.30980839 36.26136333 36.06144342 35.7169642 35.34086947 34.82938116 34.21545354 33.59502548 33.06062123 32.79214753 32.70383488 32.58242493 32.47876086 32.44954078 32.49572754 32.60405108 32.72234617 32.86066625 32.96183684 33.04053294 33.17752627 33.34370216
28.39851961 29.38933316 30.32452209 29.99148965 29.1795663 29.59377661 30.88135146 31.96006559 31.91576197 31.56215825 31.59005491 31.76439197 31.84965735 31.88219622 31.82067165 31.91225778 32.14751165 32.3248207 32.42742069 32.49422499 32.56267415 32.62609528 32.62445973 32.66229187 32.64175331 32.62228466 32.60814527 32.58134822 32.77603189 32.97647168 33.18513025 33.39862875 33.59588787 33.77717319 33.90734596 34.10357731 34.62157519 35.13445263 35.41795386 35.65173511 35.87043765 36.09902327 36.29150461 36.16387135 36.03369787 35.66165561 35.12177991 34.39016121 33.98337557 33.43597742 32.94925042 32.68426742 32.37058353 32.17541457 32.05289761 31.99428765 31.9669449 31.87057413 32.33963205 32.56490261 32.94183066 33.38673096 33.62199335 33.98560454
28.92504585 29.50950501 30.36559067 30.16141604 29.91005848 30.31708417 31.38825655 32.44390634 32.3375515 32.00808918 32.02406761 32.10519415 32.20557155 32.230523 32.22694631 32.33256288 32.51184483 32.7045819 32.84429855 32.9406209 33.02424864 33.08184417 33.11221972 33.11221955 33.07285883 33.01894631 32.94725889 32.92947368 33.04189245 33.2141166 33.38575372 33.55809168 33.72242769 33.89344432 34.06238344 34.2317153 34.57256423 34.99759053 35.31985319 35.55446193 35.75710601 35.9197645 35.97625394 35.95193161 35.78904841 35.46070109 35.06706619 34.55000999 34.05274339 33.53636821 33.0730705 32.7542318 32.42659178 32.21219356 32.01386099 31.98859331 32.10009885 32.29072524 32.66902208 33.08092423 33.54407862 33.97876227 34.37699667 34.67547828
29.41490088 29.84244744 30.35373309 29.78159722 29.81072671 30.21094531 31.0088463 32.69242873 32.41974358 32.30520691 32.44536432 32.40721411 32.54553442 32.46600636 32.58044763 32.69861062 32.82175255 33.06322638 33.17702241 33.35409799 33.465983 33.51935212 33.58985066 33.5288924 33.50405218 33.43865985 33.32337515 33.26774842 33.35536255 33.48707265 33.61566293 33.72862784 33.86104357 34.01236305 34.20401676 34.34704912 34.46405818 34.87577311 35.18512316 35.44310778 35.64049822 35.78398935 35.75704821 35.75578291 35.59717028 35.33165043 35.08585327 34.7650816 34.29028153 33.806618 33.35173772 33.00027226 32.60391329 32.43625132 32.27125306 32.29524951 32.4863341 32.77818088 33.18629748 33.70326394 34.17703514 34.53329403 35.0566793 35.21517527
29.99722065 29.74754897 29.29372649 28.35008746 27.68876858 27.93930122 28.98365488 30.34697503 31.59473629 32.63868896 33.17621067 32.76422165 32.37114843 32.53115216 32.83412099 33.0090667 33.05998524 33.14996882 33.43743508 33.74047403 33.89733412 33.91364775 33.87880783 33.91432037 33.91515756 33.86038597 33.76431834 33.68210656 33.73749628 33.82181834 33.88580782 33.93596762 33.99619098 34.10698063 34.22677906 34.32772277 34.40424669 34.66068869 34.98637099 35.27064922 35.51488687 35.74088964 35.83646553 35.70994103 35.49861925 35.27976743 35.11682129 34.89282191 34.56725462 34.20206342 33.82732108 33.47788575 33.16817765 32.94623612 32.79779792 32.85049587 33.06046442 33.36377765 33.74472081 34.13955946 34.52052963 34.79119841 35.11585392 35.52204061
29.50107181 29.01592299 28.27111264 26.93455024 25.30928287 25.43100136 26.66878633 28.18999381 30.66632832 32.90178167 33.77868697 32.99458256 32.23555076 32.5629363 33.10343278 33.33508576 33.29237592 33.27515483 33.66067874 34.09997924 34.29473352 34.26815003 34.21304101 34.30413387 34.37657149 34.34128904 34.2423319 34.12111591 34.1273199 34.17011584 34.17528064 34.14700759 34.1389437 34.18342275 34.24168311 34.29948587 34.33634334 34.46857392 34.78516474 35.09148399 35.35828249 35.66136467 35.85731088 35.62904932 35.37721565 35.18675734 35.10068112 35.0100654 34.77806177 34.57006289 34.28845623 33.99399087 33.75990577 33.58241935 33.46457082 33.52502124 33.71710183 33.9687595 34.24842429 34.5169633 34.77299147 34.89323549 35.12235044 35.6316746
27.02860243 27.81443874 27.7226698 25.85861885 23.70663132 23.60215022 24.87485796 27.07146744 30.1109328 32.98272033 34.24617931 33.35763194 32.39522209 32.75659229 33.49669838 33.77929208 33.64346418 33.58427226 33.92855232 34.38888453 34.62080328 34.6388044 34.64995239 34.777441 34.93790422 34.93604643 34.799345 34.65768911 34.6020953 34.55163055 34.48135635 34.41830967 34.33531997 34.32698364 34.31754869 34.31262218 34.31277951 34.32362056 34.59532876 34.86577817 35.13780814 35.42687452 35.5414049 35.4236799 35.17428428 35.03212247 35.01881461 35.00610615 34.89743016 34.78425797 34.64952709 34.4737544 34.36980653 34.29005918 34.30428571 34.37871892 34.49369932 34.66246912 34.79446587 34.9077285 35.02684528 35.07259997 35.22758553 35.65865232
25.32385169 26.95203486 27.44951571 25.20047504 22.18668767 21.94531042 23.39873457 25.91743409 29.58574233 33.14745366 34.63386356 33.57051266 32.52389567 32.99965723 33.89244602 34.1938101 33.96179685 33.84112361 34.15329692 34.63798507 34.88344112 34.91060744 34.99480046 35.16736918 35.41457349 35.44611765 35.29796083 35.16726701 35.06448112 34.97470842 34.85095725 34.72208645 34.58384728 34.50248748 34.43689273 34.37500013 34.29868252 34.28558007 34.4388215 34.6695028 34.9126333 35.19090298 35.32664494 35.26913548 35.07342379 34.94498836 34.93981419 34.92889835 34.84647025 34.8744103 34.87554201 34.84803984 34.90612558 34.93623055 35.04637057 35.14100307 35.1806473 35.28818637 35.28381319 35.26776168 35.31713313 35.31878777 35.37458715 35.66519879
-9999 26.66581733 27.68802489 24.66617709 20.79590669 20.34323149 21.97295012 24.8569449 28.96988937 32.98850067 34.84502005 33.90178259 32.84961209 33.30892678 34.17259268 34.47503994 34.25617744 34.09246846 34.36742816 34.77755836 35.02708257 35.10017753 35.19634297 35.43926308 35.70763465 35.79496243 35.7270128 35.62709017 35.54001679 35.45983741 35.29831686 35.10909895 34.90153776 34.78159574 34.65128936 34.50873682 34.3602218 34.26576464 34.41421922 34.62739957 34.83356624 35.03444787 35.19410252 35.24411773 35.18377107 35.09286263 34.8943981 34.71982133 34.79651553 34.85771136 35.00482359 35.20414433 35.38172611 35.51768203 35.64499657 35.72991921 35.77101604 35.79073161 35.66161622 35.56322091 35.52645387 35.60651241 35.73299746 35.70535172
-9999 -9999 27.02461134 23.96892933 20.20553057 19.74287727 21.16186385 23.98467633 28.22599305 32.65427593 34.7223679 34.0250704 33.18592243 33.61875146 34.40154492 34.67122831 34.46761969 34.33194588 34.56295171 34.92111985 35.14697622 35.23279377 35.36117746 35.61257668 35.91585169 36.04758066 36.03375387 36.00563878 35.94787983 35.89315449 35.73734259 35.51417364 35.29404245 35.12927449 34.96374627 34.76438601 34.52494487 34.37953802 34.51121377 34.77153841 35.01155102 35.25085205 35.43769168 35.51046373 35.53328484 35.31900203 34.98281217 34.83959897 34.96278052 35.09026446 35.28814762 35.57281847 35.81404117 35.97382521 36.12394852 36.19735954 36.1699349 36.13146697 35.91800232 35.72902392 35.65923551 35.70488727 35.78654549 35.61137738
-9999 -9999 -9999 23.26924365 20.70661801 20.30393576 21.07855268 23.19383931 27.16680616 31.92024587 34.3203039 33.93171198 33.61932247 34.00199032 34.50370702 34.75649476 34.65070836 34.61802458 34.77738172 35.03883781 35.24242822 35.35602895 35.52030426 35.75124333 36.01911446 36.1797953 36.23647554 36.29264984 36.23358687 36.21802697 36.0792433 35.87328769 35.71149696 35.47659578 35.32870748 35.08623899 34.74724853 34.59424398 34.67216063 34.90221992 35.14281808 35.38426874 35.59920701 35.65582447 35.61491765 35.45871625 35.24154821 35.32329303 35.41307388 35.54826154 35.76960092 36.00870642 36.24313716 36.41023249 36.50807411 36.52782419 36.4746773 36.33179679 36.07574005 35.80910649 35.64007199 35.6260723 35.54470108 35.37356156
-9999 -9999 -9999 23.22354124 21.36680702 20.95446875 21.08895396 22.56767479 25.85138726 30.27767911 32.92946596 33.53180953 33.77256759 34.23866594 34.64839846 34.88416194 34.81851691 34.83055173 34.96513951 35.1582887 35.3299258 35.44824518 35.61683791 35.82252131 36.05225556 36.19720138 36.26334403 36.32964711 36.31412775 36.31185763 36.19386355 35.99899253 35.84192876 35.62399026 35.46970522 35.23463562 34.91614982 34.7662345 34.81671213 35.034119 35.25474632 35.48532337 35.67132623 35.70915229 35.68014312 35.59554127 35.55423868 35.75597007 35.88993782 36.03746692 36.24318974 36.46220199 36.67830652 36.76879851 36.82228161 36.80510306 36.71920605 36.54026896 36.19526534 35.82948032 35.57974055 35.48147907 35.36253028 35.3747936
-9999 -9999 -9999 23.65532677 22.48792595 21.82106981 21.15258173 21.59273399 24.12651105 27.98390636 30.60236825 32.00178526 33.77423457 34.18267943 34.5404186 34.93563062 34.88357001 34.99912552 35.08119277 35.23427387 35.40008451 35.51714211 35.67258228 35.87578386 36.04374751 36.16874701 36.2204451 36.2202804 36.28862882 36.27048015 36.17925991 36.02765045 35.77507051 35.66229075 35.47858334 35.2669105 35.0647386 34.8842409 34.96955102 35.17729588 35.34785879 35.53284564 35.70491426 35.73510469 35.74533575 35.71058457 35.91332591 36.14759327 36.30251759 36.46088619 36.65320278 36.88180332 37.08897871 37.06842008 37.04551995 36.95493281 36.8524316 36.77161185 36.26772899 35.79362078 35.4935694 35.41572311 35.26447769 35.33239976
-9999 -9999 -9999 -9999 22.76324704 22.19424795 21.48697815 21.5390936 22.77058156 24.94955929 27.19077321 29.34053722 31.69845517 33.18729415 34.30315237 35.03677563 34.98894846 34.96446379 35.07554341 35.28266316 35.47704953 35.61983441 35.7727115 35.94618751 36.09647963 36.19885992 36.23395398 36.24516042 36.30667571 36.32396849 36.25535895 36.13237216 35.9442372 35.80889837 35.65592073 35.47353969 35.28676252 35.16100856 35.17275619 35.28378449 35.39402937 35.51126702 35.64433697 35.70604525 35.80351948 36.01676301 36.24190669 36.46173937 36.58620837 36.71914096 36.89805882 37.11402328 37.25841943 37.17208603 37.00572901 36.82939813 36.66332895 36.48778861 36.14451634 35.7990405 35.52664769 35.38807398 35.2036082 35.18088992
-9999 -9999 -9999 -9999 22.49589314 22.24524622 22.25477429 22.23034793 21.3844045 21.31880745 22.60168979 25.06695508 28.63380775 30.93498285 33.51894946 35.06059988 34.79083127 34.74558027 35.0416707 35.29444644 35.53929059 35.69272153 35.88270809 36.0258504 36.18229964 36.28332534 36.29860378 36.34371062 36.39864908 36.46779491 36.44024731 36.33989239 36.24419609 36.07518935 35.95431627 35.76750484 35.55742555 35.52428479 35.4085964 35.44305978 35.48833989 35.52689468 35.65281629 35.85267346 36.09106878 36.33413059 36.53202406 36.74166398 36.84997769 36.90706943 37.04911576 37.27189245 37.37804289 37.20869561 36.86334219 36.57396941 36.34807063 36.00408944 35.89502245 35.81063997 35.58922912 35.3865835 35.23626589 35.03020314
-9999 -9999 -9999 -9999 -9999 22.79127865 22.64443524 21.67326699 19.72516107 17.8274156 18.29300143 20.26223353 23.46152741 27.27973576 31.39176589 33.98153045 34.59164486 34.79253907 35.00416979 35.30933433 35.58246657 35.69248034 35.86851931 36.03052975 36.17953729 36.29560975 36.34870509 36.41539866 36.48013194 36.55582335 36.55302883 36.49622002 36.43118556 36.31954334 36.20540728 35.97799511 35.71028258 35.56418804 35.49781735 35.55778987 35.61762217 35.675612 35.82085634 36.02718707 36.30222116 36.55763182 36.76936251 36.97410815 37.08574843 37.17772651 37.29060117 37.41927361 37.44379244 37.28928801 36.9766149 36.61721211 36.20859697 35.86281706 35.75996299 35.74056329 35.55117156 35.4325894 35.23338176 34.9818304
-9999 -9999 -9999 -9999 -9999 23.47192165 22.80195869 21.41639406 18.49380127 14.88729298 14.44667197 16.12825564 17.702346 23.15851108 28.6678684 32.06688547 33.21956267 34.49886979 34.81249167 35.18001216 35.71914584 35.78871948 35.82586383 36.15667862 36.14510892 36.2598123 36.35136082 36.45392791 36.50128338 36.57453699 36.59520744 36.5767635 36.562114 36.4558177 36.4113728 36.23304141 35.83325122 35.43447443 35.53731857 35.64205661 35.72547777 35.84756757 35.94028135 36.203768 36.47004054 36.70534624 36.9053079 37.17216067 37.25827421 37.42196653 37.52621672 37.56476382 37.55622086 37.40349322 37.19758149 36.79854802 36.22794708 35.73403579 35.67640471 35.67644573 35.53637532 35.41604889 35.25071879 34.94867491
-9999 -9999 -9999 -9999 -9999 -9999 23.1916317 21.83744599 18.63734055 14.84232232 13.58351256 14.00732557 15.90820835 19.40862981 23.71404182 26.98524393 29.25540005 31.65365178 33.09474504 34.83138223 35.89671663 35.8368198 36.21836436 36.07237342 36.21141655 36.31053868 36.25298161 36.33915187 36.41425311 36.52176991 36.55237967 36.51582974 36.46995759 36.49050849 36.50173578 36.33371563 35.98601056 35.72795375 35.69118673 35.82112735 35.91887445 36.01855889 36.18495832 36.35081615 36.57479678 36.74911643 36.83339796 37.00864842 37.17709453 37.421382 37.5524535 37.58464767 37.58661924 37.39239104 37.15391195 36.76918465 36.26113481 35.8668294 35.6586102 35.56271829 35.46427768 35.30157613 35.10208534 34.8348485
-9999 -9999 -9999 -9999 -9999 -9999 23.34067747 23.42045932 19.92518053 15.94337521 13.83375215 13.34613373 13.91471636 15.36174317 17.94894723 20.56783064 23.16595839 27.19701345 28.38914197 31.89536561 34.04369023 34.07135179 36.01020869 35.87645054 36.01047529 36.17014399 36.06274491 36.1519211 36.24668603 36.39418475 36.4424721 36.3801413 36.40467265 36.47522656 36.5426999 36.43292861 36.1606797 35.94241301 35.8798669 35.99667199 36.05862125 36.11707909 36.33239584 36.37249961 36.54788936 36.65766236 36.64150404 36.70178463 36.90743012 37.2030829 37.33792855 37.35753807 37.49921687 37.15093393 36.91674393 36.58562919 36.16457886 35.87615076 35.61272923 35.52612356 35.38949057 35.18055492 34.91604611 34.57939971
-9999 -9999 -9999 -9999 -9999 -9999 -9999 23.43977188 21.45597352 18.41090717 15.87752514 13.6165186 11.92327697 11.93484146 12.33242848 13.5714735 15.53423021 17.58321833 20.60946689 23.60789346 26.72470949 29.5343779 32.13716986 34.0269542 35.52918219 36.41970427 36.21650458 36.04798366 36.12179187 36.26576497 36.34049414 36.31335018 36.29913278 36.45436361 36.60034501 36.54342679 36.3135198 36.10216572 36.0120043 36.02858442 36.01021674 35.98371833 36.02486018 36.12526641 36.25720773 36.35088521 36.39118514 36.44309622 36.54629568 36.64607152 36.71626625 36.77023211 36.73176068 36.61989792 36.43857237 36.18797161 35.9138226 35.66759454 35.48284144 35.55157287 35.37248579 35.00343333 34.61563741 34.2281273
-9999 -9999 -9999 -9999 -9999 -9999 -9999 23.9330389 22.46209951 20.78447314 18.3636612 14.94573796 11.08960886 10.54844007 8.688367077 8.687158773 10.02755784 9.801171051 13.3720199 15.51358801 19.0498144 23.72049024 27.83249496 31.4197841 34.55430134 36.29717595 36.31999982 36.05993249 36.29992389 36.41416479 36.45869854 36.38433645 36.25777801 36.50071803 36.70198635 36.64851556 36.42189335 36.18175505 36.03891762 35.97605272 35.86381587 35.73886424 35.68608788 35.80959409 35.94350909 36.0620306 36.15450567 36.18652788 36.23397352 36.14563672 36.14705371 36.19854659 36.06427554 36.06307106 35.94458333 35.76350465 35.60000588 35.37954595 35.3140701 35.47036619 35.26983432 34.75834982 34.25283114 33.82357119
-9999 -9999 -9999 -9999 -9999 -9999 -9999 22.60427627 22.46950517 22.36660433 20.97182679 18.18850586 15.04043145 12.39107607 9.988034073 8.759263707 9.035747437 9.250179396 10.15875573 11.12766068 14.1065895 18.49185458 23.09638105 28.13910774 32.47591425 35.327994 36.00864466 36.28302357 36.40596964 36.5463161 36.63553594 36.54558974 36.56029074 36.61870221 36.71603388 36.65995454 36.45355833 36.22747856 36.06546851 35.89417618 35.7540924 35.62891307 35.50741679 35.71800114 35.87489995 36.00501255 36.14398805 36.09185259 36.10270114 35.98235003 35.90274091 35.89205412 35.79961177 35.74485988 35.61256449 35.43856379 35.27775958 35.05852184 35.00245343 35.06580885 34.81685413 34.31968895 33.8159814 33.3464327
-9999 -9999 -9999 -9999 -9999 -9999 -9999 -9999 21.93450117 23.05747836 22.88949449 21.23480635 19.07581565 16.14704647 12.91565915 10.91792508 10.52229596 10.29022432 9.523709624 8.963216325 11.02462081 14.79454937 18.9152247 24.38237008 29.68140382 33.3577974 34.81713465 35.9074641 36.43159027 36.59802451 36.68374583 36.60838357 36.6407749 36.6027622 36.64865534 36.5899534 36.42211194 36.27285216 36.14945891 35.9715418 35.86842585 35.79597842 35.67584948 36.04392478 36.23829267 36.35093363 36.45344603 36.26256188 36.16475067 35.95614641 35.81731888 35.77148752 35.66900584 35.61036992 35.45702715 35.2590666 35.0850718 34.75675986 34.53169447 34.51354647 34.2179399 33.72414496 33.24653116 32.81694352
