meets/meet004/data/CCSM_6k_neotropic_bio09.asc
NCOLS 154 
NROWS 168 
XLLCORNER -112 
YLLCORNER -55.5 
CELLSIZE 0.5 
NODATA_value -9999 
[rows 58 to 86 of 168, columns 64 to 127 of 154]
20.23584542 19.10710222 17.97984567 17.33272107 17.09325097 17.45651296 18.43727929 19.76492379 21.34664442 22.76663534 23.59559859 23.66639737 23.59708318 23.60198414 23.67889217 23.72467967 23.72000097 23.77976041 23.76334946 23.77705328 23.78802097 23.77607527 23.77061208 23.77094473 23.77627701 23.80028687 23.58855386 23.68620286 23.76259174 23.92344362 23.96940222 23.90246182 23.90440363 23.83270438 23.80203314 23.73198522 23.63123511 23.53958898 23.4236465 23.34172964 23.29040283 23.90117381 23.86168202 23.82989753 23.76665088 23.6565606 23.50892896 26.21154883 26.20024165 26.07723244 25.85085727 25.52344979 25.2093212 25.08587356 25.04115663 25.05618604 25.14437391 25.22219534 25.33501673 25.40162982 25.61317281 25.93580992 26.14013313 -9999
20.19051434 19.17224986 18.23604171 17.60086971 17.32927382 17.78996177 18.97845455 20.4349895 21.76070932 22.90780595 23.62244433 23.6669085 23.6146186 23.6727688 23.71023838 23.75493002 23.78821556 23.80598643 23.81786281 23.83347149 23.83033754 23.82715412 23.83289037 23.82699374 23.82778069 23.86312115 23.89290893 23.72441159 23.82012944 23.89363626 23.92872125 23.92649781 23.8768416 23.86493884 23.84825045 23.79905664 24.38449005 24.34514637 24.26483889 24.18646512 24.12458906 24.08953759 24.07641524 24.03493354 24.01765777 23.89701854 23.71145616 26.28560364 26.16594331 25.90137356 25.67813764 25.46548241 25.20688827 25.19569209 25.2761536 25.3248969 25.39999211 25.51671874 25.56253916 25.66028548 25.78929064 25.92290753 26.01173411 25.93832066
20.50010362 19.6055195 18.833555 18.15630402 17.88976687 18.31967486 19.47458298 20.86567861 22.04134679 22.99260561 23.60886696 23.67877022 23.62621119 23.67644199 23.71626456 23.75918557 23.78546879 23.80781615 23.82111317 23.83603152 23.85090694 23.8611864 23.87815224 23.88593262 23.89850746 23.92360424 23.94769962 23.99475631 24.0804365 24.17585128 24.2555027 24.31017828 24.35504666 24.39760652 24.43046447 24.4470193 24.45543771 24.44190939 24.38159109 24.32038605 24.26595664 24.22683194 24.2199135 24.20147912 24.2037126 24.13695032 24.00473759 23.87364474 26.34233915 26.10312053 25.88176009 25.69423043 25.53275616 25.48725665 25.52391637 25.552785 25.60261902 25.70833968 25.77076937 25.85333561 25.93062908 25.97957172 25.95261526 25.81383013
20.8625076 20.17205986 19.53114939 18.8268336 18.48899049 18.85826668 19.92903472 21.19804608 22.25485009 23.07198652 23.59274984 23.66100937 23.64994777 23.70778285 23.74770096 23.78582642 23.79698303 23.80283978 23.81989798 23.83102231 23.85355539 23.88420115 23.91085506 23.93333877 23.96409948 23.99292031 24.00973595 24.06015895 24.11522538 24.18123795 24.25455489 24.32015327 24.38303292 24.4265478 24.46878481 24.49590832 24.51691218 24.52823654 24.46416732 24.4152666 24.3671349 24.32339615 24.31452501 24.28309627 24.30485489 24.26521241 24.20321196 24.20294241 24.02365909 23.99138633 26.23438472 26.00033416 25.98772644 25.76021018 25.70460129 25.69503087 25.70379802 25.82066198 25.86742405 25.95479427 25.98397619 25.97069725 25.94009485 25.7668116
21.20108999 20.61541067 20.1232348 19.46989081 19.13784688 19.4220937 20.33453397 21.47079886 22.40455163 23.11634798 23.60225503 23.69527304 23.67653342 23.73653167 23.77935783 23.81406593 23.8199276 23.82092738 23.82817316 23.84177702 23.87022815 23.9112757 23.95107447 23.97316499 23.99681424 24.02658664 24.05203645 24.10083263 24.1485097 24.21066521 24.27864281 24.34091568 24.40413157 24.44989767 24.49046404 24.51589181 24.53025 24.53272607 24.48801604 24.4447111 24.3990328 24.35577905 24.34192693 24.30976152 24.31108229 24.27647309 24.22028038 24.19232562 24.06902366 24.00566766 23.90132572 23.76087089 23.70775246 25.78563657 25.72878427 25.70000867 25.70086128 25.7869415 25.84506827 25.92407759 25.95022227 25.90959188 25.83385837 25.69548912
21.29646631 20.87016951 20.63141335 19.96570502 19.59426032 19.87097482 20.75205932 21.77003497 22.60646702 23.23303341 23.64345885 23.70448877 23.70329074 23.76095772 23.80869461 23.83996785 23.8398618 23.84597053 23.85451555 23.86648154 23.89658607 23.94613917 23.99799374 24.00121606 24.00752423 24.03296227 24.06316797 24.12013652 24.15890272 24.2283295 24.2940371 24.34730603 24.41961753 24.45178637 24.48950373 24.51272671 24.51616358 24.50829566 24.47060005 24.42816165 24.38633698 24.35207491 24.32454685 24.29138517 24.25619878 24.19180845 24.10848066 24.03284446 23.90626398 23.79354952 23.68849914 23.60377736 23.5381436 23.48821142 23.4987013 23.47021411 23.42142188 23.44103001 23.44815277 23.46452215 23.4269628 23.30762953 23.1726767 23.05541279
20.81075582 20.44129567 20.33183016 20.03283688 19.98802942 20.35378089 21.20657867 22.13773666 22.83770496 23.31015131 23.66078209 23.75165598 23.75196963 23.78947259 23.79801507 23.82723501 23.85907395 23.88375449 23.90444373 23.91980791 23.94603212 23.97928469 24.00713494 24.01477662 24.01801295 24.03228604 24.04859623 24.08334975 24.12384026 24.18297946 24.24987486 24.31653711 24.38022377 24.41368957 24.4373683 24.45906466 24.47930198 24.48038309 24.43223574 24.37464977 24.33185874 24.31553587 24.29640284 24.24661709 24.17749993 24.07077958 23.94132074 23.79969281 23.65916349 23.53491236 23.43045128 23.36040144 23.31363871 23.28018159 23.26532137 23.24561417 23.21302166 23.20343459 23.23333199 23.25007352 23.23794603 23.18772635 23.06657991 22.98283011
20.24315604 20.26656538 19.962249 20.15588993 20.34990165 20.82248151 21.70065077 22.60272992 23.18695979 23.46714014 23.70830059 23.79399602 23.82042362 23.83658529 23.79980526 23.82167272 23.89143229 23.92803047 23.96325919 23.97886048 24.00006449 24.02002934 24.01902096 24.03718764 24.03448946 24.03673207 24.03236485 24.03183815 24.07905569 24.12082406 24.18422144 24.26220428 24.33547289 24.35431927 24.36726553 24.39300198 24.43363817 24.46107864 24.38472292 24.30900071 24.25941455 24.26357039 24.26546323 24.17389588 24.08282125 23.94855438 23.7668011 23.56267679 23.43978583 23.29152945 23.17978941 23.12559017 23.06187202 23.031728 22.99659564 22.97396034 22.95172806 22.93600571 23.0236184 23.05831388 23.07705984 23.09316489 23.0521481 23.05701333
20.77026615 20.55351894 20.70570114 20.58625998 20.8529796 21.30533502 22.090365 23.0147703 23.39319182 23.6235642 23.83614022 23.87344956 23.88404218 23.88985146 23.87679781 23.89920923 23.9426624 23.99154675 24.02319752 24.04087272 24.05994035 24.07310429 24.08161671 24.0829611 24.07103741 24.05957473 24.04192408 24.03309785 24.054051 24.0913479 24.14202703 24.20025779 24.25297397 24.28784206 24.31574911 24.33994872 24.36404544 24.36845054 24.3202664 24.25884144 24.21230466 24.19264465 24.14890398 24.0628188 23.93751598 23.78344123 23.62710961 23.44614467 23.28283141 23.12065505 22.99250046 22.91793422 22.84415162 22.80292783 22.75887656 22.74658655 22.74627321 22.75959879 22.84598575 22.91031842 23.0473355 23.20160662 23.25281446 23.36768812
21.41018096 21.16593176 21.14694182 20.48361953 20.66815128 21.05854364 21.71006587 23.08022579 23.35757894 23.7225491 23.97174388 23.91413333 23.92624366 23.85466906 23.90399778 23.92885453 23.94070938 24.02330989 24.03137094 24.0752296 24.10442023 24.11463435 24.13046211 24.11553785 24.10624824 24.09190478 24.05709382 24.03529436 24.05266149 24.07496148 24.11058529 24.14565164 24.17847713 24.21019212 24.24742331 24.26594802 24.26984745 24.27531166 24.23224438 24.1929462 24.15504075 24.13765546 24.06430287 23.95934029 23.79559403 23.63342402 23.49801665 23.34455619 23.18321914 23.0041531 22.8637142 22.77319674 22.65601561 22.61173086 22.56148004 22.5465504 22.55700208 22.60886758 22.73095005 22.85799525 23.13283487 23.46581024 23.666462 23.96333705
22.2072157 21.13654344 20.1954649 19.31919791 19.03459468 19.25967537 20.13448985 21.39626738 22.71281518 23.88731459 24.40119527 24.06972966 23.67287224 23.71814946 23.8440888 23.89969285 23.89542318 23.89202445 23.99606613 24.09405325 24.14370115 24.15084248 24.12931272 24.14980343 24.14840234 24.1308688 24.09883151 24.05821706 24.06698661 24.07494043 24.0845705 24.0951797 24.10315128 24.11705931 24.13056216 24.13334428 24.129926 24.12117681 24.09692692 24.07782992 24.0706773 24.09806887 24.06325883 23.89701908 23.67823648 23.49872013 23.38014197 23.2563512 23.11835783 22.98043899 22.83344689 22.69846432 22.57727484 22.47658846 22.39873629 22.40171157 22.44231993 22.52547674 22.69990531 22.93938195 23.41499892 24.056916 24.59683919 24.8084881
22.41840586 20.76269107 19.09034778 17.85118359 17.00439865 17.16147098 18.18008542 19.69855992 21.98310673 24.09938559 24.86901159 24.18939774 23.45153162 23.53984951 23.82062685 23.90513377 23.8540515 23.78736148 23.93496674 24.1053588 24.17471393 24.16705025 24.13650533 24.18035979 24.20717605 24.19945639 24.15949906 24.09790032 24.08664532 24.07328002 24.06018837 24.04374633 24.02446116 24.01541302 24.00102295 23.99172172 23.97916804 23.96151601 23.94871667 23.94777552 23.96123505 24.0403307 24.05239887 23.82152679 23.55440505 23.37005389 23.26304861 23.16299148 23.05116047 22.9427876 22.79266033 22.62829406 22.48565497 22.36778579 22.27878197 22.28811618 22.34750421 22.51423172 22.79458 23.15312053 23.75724495 24.59303635 25.39655771 25.4744723
21.7755484 20.28872139 18.36066359 16.65060949 15.42889059 15.3289425 16.3796649 18.38503071 21.38861752 24.34588657 25.46210995 24.44645204 23.36742994 23.47405853 23.95073367 24.07995625 23.92990915 23.80671278 23.94411839 24.13814362 24.2243304 24.2183389 24.19429085 24.2666637 24.33616668 24.33444057 24.27655359 24.19150342 24.15138959 24.09267967 24.04027664 24.00994129 23.95301973 23.92619997 23.88731203 23.85180171 23.8309526 23.80704782 23.79998257 23.80231379 23.84409139 23.9429638 23.92505588 23.75885939 23.48292195 23.27681496 23.16527455 23.05497401 22.93426104 22.82590873 22.68085495 22.509243 22.37233537 22.27184001 22.21503803 22.28585963 22.39071383 22.62155643 23.06797719 23.61486567 24.28628146 24.97490982 25.53003406 25.78252929
21.41555267 20.2005865 18.13994844 16.00331627 14.01223445 13.6841649 14.80281661 17.02860944 20.7026817 24.42482325 25.74162237 24.46196868 23.21338909 23.43489404 24.0679532 24.23234659 23.99580897 23.81621129 23.94491836 24.17625623 24.26276805 24.23822721 24.2348288 24.32188557 24.4429017 24.45310791 24.37533621 24.28585437 24.21545866 24.13651955 24.06237147 24.00029391 23.91344713 23.85491325 23.7890174 23.7387948 23.69819905 23.65983015 23.66458038 23.67703659 23.73805039 23.8577573 23.89458638 23.79791991 23.5625597 23.31141099 23.10447911 22.8804629 22.67632677 22.59114867 22.47210449 22.31676768 22.25743459 22.25541216 22.27364206 22.42649304 22.56826549 22.87821409 23.50578835 24.18761204 24.83777375 25.35442698 25.75092444 25.95536494
-9999 20.80990775 19.07406724 16.02671532 12.96641838 12.10539427 13.24128095 15.79195759 19.82162797 23.86440853 25.52933189 24.41102059 23.1889644 23.42236601 24.10896235 24.29404758 24.05571475 23.84668016 23.97301659 24.19376554 24.29515175 24.27695695 24.26140795 24.39570345 24.52433289 24.54630808 24.48993763 24.38285801 24.32367646 24.24933381 24.14361963 24.05539266 23.92774922 23.84972714 23.75122184 23.65732478 23.59380336 23.537016 23.53450494 23.57216472 23.65891601 23.80183437 23.91767713 23.91729131 23.85667572 23.58691318 23.07447924 22.59257555 22.45135958 22.30778644 22.2034341 22.18440303 22.1523913 22.26488983 22.46882304 22.68777939 22.8315983 23.2792125 23.9279061 24.81510164 25.43291689 25.72822941 25.99163458 26.03432619
-9999 -9999 20.04774002 16.40435271 12.46282013 11.20435463 12.15049861 14.65609427 18.77181229 23.01105556 24.86860658 24.09671412 23.17163023 23.45409785 24.07286392 24.24307902 24.02440662 23.85594374 23.992951 24.22254744 24.32417328 24.30397419 24.30267792 24.44031987 24.60107151 24.63027777 24.5583927 24.46722595 24.41722662 24.36425011 24.26439719 24.14167658 23.99198175 23.88154847 23.76460092 23.63799764 23.52071338 23.42675431 23.40905871 23.4558267 23.55380472 23.72219684 23.85516526 23.8972213 23.87748406 23.63238194 23.13361501 22.66805586 22.54277896 22.38813234 22.26743689 22.24882643 22.18057363 22.27000878 22.48451799 22.69376484 22.83928285 23.32684781 24.06594404 25.01140656 25.65563846 25.84405886 26.02871569 26.00430043
-9999 -9999 -9999 17.09538217 12.58931804 10.81387803 11.47356552 13.66158045 17.4254223 21.69564713 23.87117588 23.64116136 23.36554631 23.6266532 23.91717973 24.07618319 23.96653662 23.92159392 24.04873269 24.23792262 24.35354301 24.36995037 24.41047019 24.52630712 24.64427192 24.66961413 24.62552608 24.55578526 24.48297625 24.45682604 24.34075304 24.21259538 24.08882291 23.92947523 23.79687964 23.62515575 23.45225857 23.32301458 23.27585553 23.31493313 23.40007481 23.55161802 23.68096485 23.65614269 23.55386223 23.41562469 23.26985812 23.14389026 22.91874152 22.80893027 22.67180875 22.4813085 22.38765557 22.36828088 22.29888443 22.45979558 22.69483467 23.04747562 23.93672958 24.8307859 25.40507187 25.69899594 25.80918353 25.716271
-9999 -9999 -9999 17.69222642 13.2329593 11.17989429 11.20051002 12.89197707 16.06955988 19.90607338 22.31182607 23.08629469 23.41807479 23.76221777 23.91145249 24.04345042 23.99334508 24.02496605 24.15911009 24.31724417 24.42361154 24.45212329 24.50338422 24.60673313 24.69691862 24.68612903 24.59197124 24.49505518 24.43052319 24.39385676 24.26866996 24.10982506 23.964739 23.83134567 23.71486235 23.53185669 23.31802409 23.14806204 23.10263208 23.13972679 23.20972171 23.34273498 23.42702228 23.38791686 23.30869095 23.26945268 23.28696145 23.30044545 23.17679689 23.07803625 22.95172612 22.78736126 22.64671372 22.51770476 22.41192715 22.53355531 22.7822178 23.14295353 23.89291013 24.58959207 25.0627449 25.29232181 25.34001478 25.25112215
-9999 -9999 -9999 18.40566197 14.15905944 11.92688215 11.47165878 12.04416596 14.41002883 17.72209397 20.1362402 21.70693285 23.53833002 23.72031514 23.77539266 24.02577033 23.99490713 24.18682723 24.23589133 24.39277837 24.53300409 24.55518175 24.61309456 24.738517 24.79275707 24.75245308 24.58629983 24.36013545 24.36520426 24.29432936 24.15938703 23.9946493 23.72111587 23.74954796 23.64356341 23.45740268 23.27247782 22.94918879 22.95291218 23.01247256 23.03440286 23.12259799 23.15829985 23.14739192 23.13118366 23.16149856 23.20414588 23.25099554 23.20103927 23.12544943 23.05616347 22.98725849 22.97312868 22.82732901 22.75490629 22.87766127 23.16307178 23.59701058 24.00991481 24.42732268 24.69614753 24.82700498 24.77029135 24.65654709
-9999 -9999 -9999 -9999 15.5909412 13.37074477 12.15933988 12.02940252 13.08223767 15.20484958 17.3398335 19.44055621 21.63452946 22.88045393 23.70191411 24.23061813 24.06154897 23.99072808 24.14263558 24.45834186 24.68003816 24.75478588 24.80846289 24.91223097 24.95987717 24.89387946 24.7035099 24.48225049 24.40519023 24.33444371 24.20128302 24.04277683 23.87924762 23.91717094 23.90521828 23.72208704 23.42938724 23.11336064 22.99760354 22.96022639 22.91898077 22.93377788 22.95843695 22.95274737 22.96600159 23.00469082 23.06357176 23.12598763 23.128023 23.1252565 23.12147906 23.08791977 23.13187907 23.1404484 23.24349794 23.41500288 23.61964439 23.887646 24.14513359 24.37563054 24.50209678 24.51610774 24.37078678 24.16408337
-9999 -9999 -9999 -9999 17.19284096 15.07205672 13.28938276 11.96179814 11.49373454 12.28516574 13.67747824 15.80562287 18.78672301 20.88371814 23.18114906 24.39214878 23.7709747 23.4792375 24.02525182 24.52569196 24.86637632 24.96117304 25.04995085 25.12586363 25.1869843 25.12774426 24.91822199 24.73804509 24.59760629 24.49385629 24.36925413 24.25573039 24.21553788 24.23539636 24.38332018 24.19707603 23.77024169 23.41315619 23.08992608 22.96024782 22.81190171 22.74884163 22.77129528 22.74922121 22.77501753 22.83744732 22.89027251 22.96505725 23.06502154 23.1243144 23.16364697 23.1150728 23.14523755 23.3229099 23.67512415 23.87659876 23.90094567 24.07444715 24.20496373 24.36508748 24.36255531 24.28369012 24.10905614 23.73552204
-9999 -9999 -9999 -9999 -9999 17.03639481 14.21018019 11.51684251 9.827376739 9.215482092 9.775590901 11.45304182 14.17446197 17.57811548 21.05255068 23.14942452 23.45485473 23.56235997 24.04721218 24.67382385 25.08838695 25.16007336 25.20649856 25.29259612 25.3309988 25.28426891 25.12557671 24.93055787 24.79217128 24.66796408 24.52397462 24.36867507 24.33137396 24.4404821 24.5949374 24.40555214 23.96973149 23.51795333 23.09937966 22.82130179 22.58807122 22.48135613 22.47458939 22.48713956 22.54209469 22.62820298 22.72304881 22.84438278 23.00173622 23.13286087 23.17911846 23.07378907 23.07493814 23.26404271 23.58372019 23.80499829 23.91760097 24.03837075 24.14776152 24.2424855 24.20257191 24.07720578 23.83016999 23.45226818
-9999 -9999 -9999 -9999 -9999 19.18883664 15.15454114 10.7486899 8.808428168 6.692601259 6.126249062 7.417301317 8.704915904 13.5375164 18.35343062 21.22212852 22.2322275 23.35855385 23.96963809 24.727979 25.40495732 25.44646839 25.35746883 25.6607424 25.51487548 25.47513131 25.3219909 25.12773614 25.05408385 24.88644611 24.71511325 24.46607035 24.2753171 24.40266438 24.66752787 24.46997825 24.01614067 23.51256326 23.0711377 22.65289747 22.34739417 22.2522128 22.1375927 22.23034537 22.32198184 22.4391869 22.59017456 22.71206905 22.9359803 23.14489602 23.20938803 23.04365139 22.90605908 23.21132567 23.40627052 23.60951629 23.83680733 23.93720371 24.01500649 24.069848 23.96949878 23.81786103 23.59352696 23.16126781
-9999 -9999 -9999 -9999 -9999 -9999 16.93328823 13.44969279 9.831127347 6.419498637 4.906654137 5.289789884 7.105357979 10.31919563 14.2200872 17.25589205 19.17108336 21.16497668 22.58296365 24.34635009 25.49146681 25.64272722 26.06881572 25.90098221 25.87678191 25.82226037 25.5705092 25.46300321 25.40950081 25.30477008 25.07636075 24.71396145 24.39847928 24.3416932 24.35218723 24.15290218 23.90649294 23.52182099 23.08886711 22.68994582 22.36447918 22.19093785 22.0987181 22.08969064 22.14924369 22.28561736 22.50579092 22.70395796 22.82077074 22.90554686 23.00235819 23.04048348 23.15386713 23.3484697 23.58228153 23.73635667 23.80146236 23.82934109 23.82673448 23.78157297 23.63727468 23.4580789 23.19643781 22.80929483
-9999 -9999 -9999 -9999 -9999 -9999 18.63088821 16.6801449 11.98519622 7.160800231 4.708164176 4.529340373 5.358005637 7.020396361 9.684141914 12.18205721 14.4221614 17.64026003 18.95815956 21.921797 23.77660001 24.01411993 26.01866141 25.72645376 25.87437594 26.03489681 25.74055466 25.74350021 25.77435564 25.79283739 25.44228902 24.9228608 24.40736551 24.22602054 24.05834949 23.91482803 23.80321993 23.55129937 23.11302641 22.77193509 22.45763312 22.26011206 22.09686981 22.06634302 22.0598098 22.16317196 22.4166055 22.71624773 22.61904481 22.58105727 22.730142 23.00329728 23.3638191 23.49800972 23.75128182 23.84357553 23.7125351 23.71667994 23.59394756 23.48288444 23.30058844 23.09285133 22.8048922 22.34772592
-9999 -9999 -9999 -9999 -9999 -9999 -9999 18.30415658 14.04206195 8.992688382 5.714737463 4.355757181 3.880803066 4.05388503 4.571932903 5.909500958 7.792517094 9.972845524 12.47113343 14.99530091 17.56434879 19.68316854 21.83921771 23.53139822 25.07778364 25.99658412 25.88080722 25.82191081 25.78326535 25.73940908 25.55847993 25.2365548 24.88408631 24.45402681 24.0731396 23.74409566 23.61432977 23.41205447 23.06908745 22.75704083 22.49846901 22.36941033 22.29192704 22.19349413 22.12934434 22.16524531 22.29895813 22.35881282 22.38587386 22.3656581 22.53579535 22.8716398 23.2014982 23.38968123 23.4998028 23.51226912 23.40327396 23.31689953 23.29306519 23.28087452 23.04975474 22.68012472 22.2758911 21.83087301
-9999 -9999 -9999 -9999 -9999 -9999 -9999 20.19283909 15.75027722 10.87789509 7.188184232 4.951974083 2.868082118 1.832785374 0.370319564 0.692902971 2.17417985 2.992266907 5.857709112 7.785266352 10.75492918 14.21976626 17.30103062 20.66918881 23.64063694 25.38227334 25.53991719 25.6190057 25.73875967 25.71645045 25.67486749 25.58367247 25.35202454 24.76686098 24.17066123 23.66823203 23.51222578 23.3003674 22.95808641 22.71461922 22.48521935 22.42523015 22.44206833 22.34458497 22.26361056 22.30993118 22.36694264 22.25726708 22.38839614 22.29745216 22.42897343 22.77526729 23.04917733 23.11988094 23.13049323 23.10281206 22.99830429 22.86720578 22.93132044 22.99929755 22.75846242 22.268246 21.72648647 21.28620799
-9999 -9999 -9999 -9999 -9999 -9999 -9999 18.96708847 16.91064689 13.77352805 10.40762974 7.110549416 3.758151372 1.757115442 -0.131109413 -0.851701889 -0.110965748 0.425281133 1.819648428 2.945820667 5.712423055 9.54909749 13.38713408 17.52584898 21.04592258 23.58567551 24.4913561 25.06873513 25.21454963 25.49391883 25.61738109 25.64363316 25.56420564 24.8127979 24.04177791 23.53482554 23.21798947 23.14296695 22.94682277 22.7287252 22.58598556 22.54807549 22.44848303 22.57850206 22.63598158 22.70582282 22.84268723 22.85376075 22.73993127 22.59753624 22.5824407 22.69376809 22.78951966 22.84723118 22.81739834 22.72818857 22.59720312 22.47064187 22.45847242 22.45632279 22.15618156 21.65635026 21.15891447 20.65088884
-9999 -9999 -9999 -9999 -9999 -9999 -9999 -9999 17.66447684 16.29506374 13.72131206 10.25018818 6.262092204 4.133600455 1.489874058 -0.0031014 0.022027492 -0.397289337 0.138220772 0.203414835 2.502513278 6.314628633 9.965222054 14.27316689 18.16738633 21.18011459 22.72684092 24.00794266 24.57701184 24.99713573 25.1717777 25.24436401 25.2883261 24.47357737 23.74521496 23.36605642 23.20868297 23.20778661 23.23067567 23.09400672 23.04243738 23.07242536 22.89186356 23.16792646 23.2937659 23.35419272 23.49259403 23.44184231 23.12552161 22.83380852 22.67745531 22.62953535 22.64140046 22.70919372 22.65624138 22.52239688 22.32347772 22.03856933 21.866054 21.75039361 21.38213642 20.89106325 20.42387712 19.95170201
