meets/meet004/data/CCSM_21k_neotropic_bio09.asc
NCOLS 154 
NROWS 168 
XLLCORNER -112 
YLLCORNER -55.5 
CELLSIZE 0.5 
NODATA_value -9999 
[rows 56 to 83 of 168, columns 64 to 127 of 154]
19.93155087 17.97318942 15.96440187 14.60780061 13.69724954 13.75817041 14.87342225 16.41903836 18.02354023 19.87096446 20.69035523 20.56262565 20.33039034 20.29600555 20.21405443 20.20115622 20.19607781 20.18585291 20.33266539 20.45750333 20.52528926 20.54916194 20.55729089 20.62083839 20.69659899 20.7081039 20.68471783 20.65988364 20.698216 20.75678524 20.83394478 20.94484759 21.03221613 21.14821815 21.21538985 21.12303109 20.8711405 20.58556083 20.35302538 20.06631218 19.92155662 19.86298887 19.81046328 19.94028972 20.03381681 20.11184903 20.19003362 20.17503768 20.13165207 20.05111212 20.00992142 20.02775041 20.06133398 20.12366473 21.0108637 21.28280906 21.5936114 21.95950055 22.35721195 22.72133086 22.95946254 -9999 -9999 -9999
18.22504397 16.76146091 15.17618556 14.24121316 13.81399036 14.18613805 15.18764647 16.5517389 18.2603501 19.79243678 20.61942656 20.65435327 20.82913646 20.76388866 20.78999366 20.76973177 20.69745146 20.72565222 20.75807276 20.81445493 20.86259081 20.86686008 20.88038793 20.69894761 20.73387967 20.78901039 20.87483463 20.99984376 21.09063695 21.29597977 21.3775829 21.33382745 21.37820512 21.31833902 21.26284367 21.12668279 20.92852787 20.72569182 20.51546063 20.35293522 20.24142162 20.19505077 20.21911743 20.25431299 20.30735861 20.31525812 20.2513774 20.1663965 20.12727862 20.0542402 20.0162025 19.97300713 19.97370752 20.10424919 20.94785652 21.21571368 21.53873715 21.85913803 22.18470264 22.46811855 22.72585918 22.95549862 23.09058886 -9999
17.37619116 16.12361922 14.91274862 14.25454015 14.04254227 14.49248825 15.55556167 16.94107853 18.5145581 19.92053754 20.72213432 20.78645138 20.72028122 20.73470605 20.82193324 20.86770663 20.86025847 20.91860593 20.89818273 20.90716137 20.91415192 20.90023331 20.89558987 20.90217873 20.84357881 20.88850296 20.98585176 21.15095394 21.28188394 21.50546689 21.56687382 21.47861572 21.46295283 21.34463551 21.27047024 21.15365673 20.99067457 20.85582381 20.70695308 20.60408127 20.54728349 20.52658189 20.5632331 20.57355932 20.58600594 20.54654913 20.43260836 20.3005468 20.2252024 20.14657085 20.07840223 20.01691871 20.01709862 20.14784693 20.97920564 21.2431724 21.53497848 21.80457714 22.07784505 22.31540233 22.57617878 22.84423186 23.00419674 -9999
17.219587 16.12746413 15.1172695 14.51030105 14.27517359 14.81837122 16.075324 17.57889872 18.89331477 20.01823552 20.70444656 20.75219397 20.70335946 20.77269705 20.81978695 20.86485757 20.90176161 20.91751579 20.92713198 20.93553111 20.92797919 20.92565748 20.929014 20.9322606 20.94054991 21.01894197 21.06523514 21.15270318 21.28625666 21.39564153 21.44384468 21.42427067 21.34985716 21.30175165 21.23873022 21.14543683 21.06051093 20.96879623 20.8790706 20.81366093 20.78333706 20.77468281 21.09813991 21.08535041 21.0739103 20.96936901 20.80958852 20.52597819 20.43714197 20.33012591 20.26111504 20.19715649 20.18095387 20.30272252 21.13508229 21.34009248 21.55763062 21.80093225 22.02038372 22.25552919 22.47665585 22.67479904 22.80092893 22.72384216
17.41700525 16.4741458 15.67913076 15.04716148 14.82628418 15.32164357 16.53188096 17.95646909 19.13295136 20.05871804 20.65242877 20.71988085 20.66994409 20.73006374 20.78052144 20.82702008 20.85655015 20.88183125 20.89320771 20.90464083 20.91648181 20.92578796 20.94455842 20.95877592 20.97988753 21.01576616 21.16515776 21.20107451 21.26365613 21.32015629 21.33967165 21.3225441 21.28724479 21.25123199 21.2134311 21.16519297 21.11893314 21.41137032 21.34733653 21.28536388 21.23417615 21.19924779 21.19843455 21.1934579 21.20882581 21.15496427 21.05249994 20.95038782 20.86168704 20.7894482 20.71838824 20.65626334 20.6358671 20.67375395 20.76190303 20.84634 21.57185958 21.76301693 21.95635233 22.15872298 22.3358872 22.48545894 22.5475913 22.47326545
17.71354839 16.96922189 16.36043065 15.70840755 15.43487568 15.85653262 16.96142841 18.26118011 19.29919286 20.09761312 20.5982524 20.66172575 20.64662206 20.71678755 20.76391539 20.80670924 20.82812638 20.83547265 20.85724354 20.86606514 20.88688124 20.92136892 20.94840753 20.97982246 21.01707763 21.05534035 21.07934566 21.13024694 21.30466427 21.31638819 21.32035105 21.30070408 21.27723562 21.39431495 21.41174132 21.4260116 21.43810217 21.43979846 21.38139576 21.33187355 21.28977195 21.26070725 21.25398667 21.25162986 21.29393657 21.27483984 21.25334158 21.28217469 21.14130482 21.15230127 21.08153555 20.93556846 20.95590156 20.84289756 20.82319538 20.82875891 20.84886075 20.9105179 20.95125808 22.03292569 22.15810703 22.24898506 22.29228538 22.22727228
18.02174748 17.41218092 16.97279372 16.32355574 16.06979284 16.40559571 17.35346561 18.49987733 19.42044613 20.11188621 20.56998508 20.64403225 20.62249304 20.68680406 20.73746765 20.78079567 20.79841828 20.8073282 20.81890659 20.83718414 20.86912461 20.91462978 20.96050127 20.9902116 21.02123581 21.05681064 21.08297129 21.12833096 21.16191272 21.20668843 21.25467315 21.28907264 21.32852412 21.35160838 21.37045607 21.3824382 21.38758957 21.38621949 21.34422461 21.30968318 21.27419234 21.2471136 21.24614861 21.24040041 21.27124754 21.26216992 21.24301034 21.25052189 21.16758029 21.14223064 21.06591619 20.9512781 20.91721302 20.82106128 20.79406808 20.77289539 20.74728901 20.76831828 20.78988988 20.80614559 20.7632896 20.66240625 22.02252159 21.97757634
18.10043885 17.56932998 17.41006145 16.7329223 16.51701703 16.85264141 17.79313903 18.80643903 19.63330719 20.21029616 20.58515699 20.60550141 20.59643223 20.65514804 20.71587988 20.75768004 20.77194852 20.78544822 20.80310739 20.82645436 20.86308469 20.9247045 20.9824181 20.9976474 21.01001378 21.03901884 21.06440483 21.10979488 21.13260814 21.1762761 21.22049798 21.24628311 21.29077278 21.30433655 21.31537008 21.32307041 21.31774376 21.30320788 21.2776832 21.24687403 21.217987 21.2049301 21.19482463 21.18590004 21.18512171 21.14953133 21.10730517 21.05931402 20.97356023 20.89559594 20.81816627 20.75545902 20.70543405 20.66012314 20.66955815 20.6353123 20.5795416 20.58553407 20.5835901 20.58842171 20.54099647 20.42306497 20.28611526 20.17433876
17.61205534 17.19067347 17.0551669 16.82184403 16.85147888 17.33459699 18.26919861 19.22620364 19.89194651 20.30800493 20.58905578 20.62553039 20.59761497 20.62935139 20.64851203 20.69231891 20.73767073 20.77610433 20.81048305 20.84067476 20.88234466 20.93242476 20.97367725 20.99145761 21.00155358 21.01477362 21.01942728 21.03836417 21.0557547 21.08807027 21.13100966 21.16987656 21.20757132 21.21548694 21.2160338 21.22138394 21.23047802 21.22504893 21.18527169 21.14116607 21.11468382 21.11811952 21.12315066 21.10260313 21.06742512 20.99142642 20.89817645 20.79423902 20.68612916 20.59590253 20.51213203 20.45691851 20.42686188 20.39392114 20.38320239 20.35936416 20.31923051 20.30749493 20.33130081 20.34744921 20.33075958 20.28097446 20.16725796 20.086793
17.10466134 16.94318549 16.59429795 16.86484185 17.16832653 17.81700617 18.83434954 19.78514461 20.29314543 20.50755381 20.65956415 20.64465151 20.61592015 20.6374841 20.60730125 20.6440686 20.72938984 20.77887417 20.83355443 20.87028926 20.91276548 20.95728618 20.97380263 21.00204035 21.00479581 21.00186305 20.98246714 20.95951232 20.98263508 20.9913021 21.02791768 21.0755329 21.12313578 21.12232579 21.10665531 21.11250523 21.13757899 21.15484172 21.08877404 21.02258171 20.99135657 21.02069143 21.04197674 20.98204423 20.92972213 20.83059468 20.69376264 20.5213675 20.42641477 20.31463831 20.22144321 20.1841906 20.13027452 20.10306548 20.07385637 20.05399811 20.03241512 20.01287494 20.10534629 20.15044258 20.17172968 20.18507391 20.15147333 20.15315898
17.59320808 17.21179712 17.21873913 17.20106809 17.60376341 18.27916055 19.20632594 20.26451933 20.59893804 20.72683712 20.8284502 20.77111083 20.69076507 20.6531947 20.64696804 20.68499694 20.73758852 20.80871603 20.86311387 20.90983503 20.95568892 20.9932652 21.02590867 21.03779908 21.03244694 21.01469113 20.9754406 20.94215126 20.93251407 20.93635089 20.95931592 20.98743179 21.01169528 21.0187918 21.01963172 21.02316031 21.02890665 21.02160651 20.97568532 20.92338545 20.89386647 20.8987645 20.88582172 20.83537654 20.75092036 20.63444438 20.51887571 20.38021363 20.24776893 20.11809123 20.00780445 19.94670437 19.88834847 19.85206695 19.81958357 19.8094756 19.81457617 19.8405849 19.9342667 20.01232573 20.14510938 20.29559886 20.36793946 20.48171715
18.27456994 17.7764012 17.55408313 16.99433806 17.35970359 17.98594455 18.82857935 20.39606598 20.61380415 20.9027694 21.05313855 20.88009224 20.74297116 20.63345385 20.65546544 20.68758641 20.71309931 20.81811819 20.850888 20.92933497 20.98720544 21.02413747 21.07320365 21.06925521 21.06740808 21.04110416 20.98239485 20.93188061 20.91517018 20.90126023 20.90467879 20.90468914 20.90847396 20.91223172 20.91827225 20.91326759 20.89370437 20.88653899 20.84111911 20.80946454 20.7894348 20.80044961 20.7586667 20.69354573 20.58077263 20.46339217 20.37594058 20.26253307 20.13697068 19.99212346 19.8693527 19.79619759 19.69096785 19.6568899 19.61900466 19.61627676 19.64393404 19.70369687 19.84930732 19.98732599 20.25038433 20.59090631 20.78881198 21.08944975
19.21709105 17.82961653 16.66788986 15.77261508 15.58801378 16.04713742 17.12177376 18.58315172 19.95502713 21.15452877 21.58893892 21.11249952 20.57136151 20.51833073 20.5857036 20.64195024 20.64912899 20.67219288 20.79800417 20.92991813 21.00927877 21.04445655 21.05965599 21.09526262 21.10223241 21.07664076 21.01727121 20.95018856 20.91845909 20.8884481 20.86478483 20.83792857 20.81352675 20.79440349 20.77659501 20.75584962 20.72809233 20.70394732 20.67448807 20.65946467 20.6677672 20.72532469 20.72715925 20.60822416 20.44510253 20.31387397 20.24831498 20.17582316 20.07420583 19.97102311 19.84129714 19.72129839 19.61671634 19.52981471 19.4708338 19.48412513 19.5457286 19.65643409 19.84263484 20.08555839 20.54057071 21.18001578 21.72027828 21.94950621
19.60327697 17.56344955 15.57479094 14.33996715 13.50177753 13.84071666 15.09213636 16.79642187 19.23057962 21.45346028 22.20753032 21.3662299 20.4552461 20.43011077 20.60823144 20.66585704 20.6286831 20.58351403 20.74678495 20.94333764 21.03801248 21.06670585 21.07767338 21.14059991 21.1785985 21.15611206 21.08738776 20.99408797 20.94257592 20.88654516 20.83213888 20.77213514 20.72020059 20.67745837 20.63110343 20.59537492 20.55474354 20.52197375 20.50181069 20.50631817 20.53971548 20.65104458 20.69912381 20.51960381 20.31307713 20.17883313 20.13196055 20.08718829 20.01150793 19.94274163 19.81236425 19.66675498 19.53797782 19.43270926 19.36402711 19.38595826 19.48045002 19.66472747 19.9411969 20.29564204 20.87486269 21.71085586 22.49871296 22.61884513
19.1300495 17.26710585 15.0584978 13.2322315 11.94227125 11.9887917 13.23923454 15.42982982 18.61593338 21.75000073 22.87550123 21.72897913 20.50938042 20.45926228 20.8018227 20.89450072 20.73984348 20.63435051 20.77142176 20.9833329 21.09191134 21.12069926 21.14554641 21.23470842 21.31524082 21.30313498 21.21399765 21.09958967 21.00640056 20.90439075 20.81217832 20.73383382 20.64185642 20.57730814 20.50591993 20.44657652 20.39961162 20.36088728 20.34838609 20.35894066 20.41963941 20.55453656 20.57744773 20.45939973 20.23971327 20.08288933 20.02964418 19.97873619 19.90155494 19.83177086 19.70662513 19.55580996 19.43264211 19.35022436 19.30794564 19.38731905 19.52494674 19.75687063 20.20066743 20.73948191 21.376833 22.06255295 22.59759215 22.9025761
18.92512021 17.3553515 14.95415014 12.71667224 10.62610037 10.37284047 11.66310398 14.07050316 17.94547488 21.86931816 23.26626588 21.90458638 20.52933405 20.59674307 21.06177193 21.14979218 20.89961922 20.71068951 20.83651657 21.06275724 21.16566542 21.18551677 21.22848897 21.34262821 21.46973883 21.46509955 21.35301994 21.21900791 21.10233564 20.96777452 20.84014321 20.7267624 20.59922216 20.50651878 20.40554163 20.33139821 20.26690454 20.21691455 20.22211686 20.24484981 20.33186036 20.4917101 20.56657065 20.5130709 20.32873914 20.12323506 19.97849719 19.80936206 19.64763719 19.60335318 19.50240508 19.37005509 19.31896147 19.32861039 19.356829 19.51000213 19.67382143 19.97919686 20.57954596 21.24679987 21.8558046 22.37219091 22.75471361 22.99979934
-9999 17.99234103 16.03006817 12.81011546 9.650548659 8.864627575 10.14990478 12.86430747 17.11506129 21.36795831 23.11128535 21.95449652 20.66087205 20.73803899 21.27411942 21.37802135 21.07040856 20.83963168 20.92916653 21.14357466 21.25667873 21.2723243 21.31026968 21.45768033 21.60662137 21.61452182 21.50530213 21.35365018 21.22587088 21.09967447 20.94450458 20.78962326 20.61843872 20.49572276 20.37241467 20.25797372 20.17105073 20.10825547 20.11216194 20.16793053 20.28137491 20.46233891 20.62287045 20.65612586 20.63655333 20.40864852 19.94763788 19.51859802 19.42061047 19.32003162 19.23543006 19.2295132 19.20485201 19.32522408 19.52326514 19.74188944 19.8860656 20.30992857 20.93532288 21.76630897 22.354427 22.65685156 22.93448293 23.02679064
-9999 -9999 17.07801299 13.29602297 9.244201103 8.002845489 9.095797878 11.74550388 16.04800574 20.49853526 22.41793442 21.64473002 20.71437638 20.89449945 21.36098032 21.4723302 21.18769742 20.96546326 21.0420101 21.23173196 21.34076019 21.36974175 21.41797813 21.56966708 21.72991109 21.7524858 21.63680088 21.5000905 21.38352004 21.24785412 21.0853689 20.90081112 20.70653524 20.54877323 20.39214739 20.24190653 20.11585914 20.0236784 20.01470878 20.08084801 20.21235639 20.42905293 20.60478803 20.67354722 20.68610363 20.47343611 20.02812026 19.60711936 19.51602132 19.39538481 19.28856036 19.28388598 19.22126705 19.30299369 19.50890388 19.70847282 19.84395926 20.29642597 20.99103508 21.88159463 22.47816712 22.67642261 22.87608808 22.89746105
-9999 -9999 -9999 14.01728002 9.427899493 7.654306693 8.415584496 10.74859678 14.67662171 19.05819163 21.298564 21.15658706 20.88011092 21.10197797 21.29738666 21.38858288 21.25320837 21.12497627 21.18553768 21.30619767 21.42490359 21.48455136 21.55583019 21.69799052 21.82370283 21.83832695 21.7483487 21.64046341 21.49098523 21.39080263 21.21619339 20.99688047 20.82741779 20.61114319 20.43398861 20.24395657 20.05815299 19.94245562 19.90888299 19.97417416 20.0954845 20.29591784 20.46708353 20.47240083 20.40532884 20.29704719 20.18691454 20.09414129 19.89380237 19.80763488 19.68308607 19.49512148 19.40156079 19.36781812 19.29386707 19.44586428 19.63477527 19.93674015 20.78761871 21.62256312 22.15766791 22.4468262 22.57053243 22.53318998
-9999 -9999 -9999 14.69107607 10.10814249 8.030661368 8.129997989 9.941655912 13.20574391 17.10571526 19.53304797 20.40684364 20.76468888 21.12351844 21.31539994 21.43634698 21.32249707 21.2642412 21.37344539 21.44952698 21.53978155 21.58754407 21.65431529 21.78836108 21.88904658 21.88629779 21.76671915 21.63557177 21.51743265 21.40484324 21.22102709 20.98328646 20.76038897 20.56288517 20.39240614 20.18485627 19.95980804 19.79124881 19.76560431 19.83180952 19.93939709 20.12058762 20.24853103 20.25034085 20.20325578 20.18752231 20.23128718 20.26973083 20.16202443 20.07008258 19.94650333 19.78135905 19.64062865 19.49472494 19.36716266 19.46227092 19.66739961 19.98041281 20.65276859 21.29522674 21.73236893 21.95912165 22.02474077 21.98663129
-9999 -9999 -9999 15.42330675 11.04349041 8.766660955 8.354323072 9.026462123 11.41157167 14.72019061 17.12838957 18.74668406 20.57813609 20.88551205 21.10333973 21.38958643 21.30327469 21.40274235 21.44551983 21.52345049 21.63363521 21.6681951 21.7321894 21.87725703 21.9533831 21.92719115 21.77182024 21.54402886 21.50227903 21.38267275 21.18962734 20.92511032 20.59047935 20.53589951 20.36131652 20.14274757 19.9237509 19.60874406 19.62974627 19.71762892 19.78037869 19.91595911 20.00093356 20.03086175 20.056889 20.11070232 20.17420981 20.23218771 20.18699382 20.11152414 20.04239404 19.96693198 19.94179004 19.780947 19.67283317 19.76898193 19.99960038 20.38390471 20.73015858 21.06881051 21.31007773 21.44675718 21.39668893 21.3402942
-9999 -9999 -9999 -9999 12.5421131 10.23576598 9.014532138 8.907744517 9.932814685 12.05468873 14.1671692 16.28160677 18.47835429 19.85843475 20.82153455 21.40514934 21.21989293 21.14439293 21.25800085 21.52459391 21.72976768 21.81490916 21.86143663 22.0118848 22.07701503 22.04571428 21.89578861 21.70257102 21.61402726 21.51218783 21.33532255 21.09835117 20.84377481 20.79124852 20.68753293 20.45689372 20.13416373 19.80249638 19.70125352 19.68467329 19.68031327 19.7457984 19.81433666 19.85634145 19.91441347 19.97608301 20.05062092 20.12180025 20.12331777 20.11054045 20.09708092 20.05585283 20.08505379 20.0646437 20.12253165 20.24978056 20.39531395 20.60159803 20.78919407 20.9571334 21.05864425 21.07349301 20.94015779 20.7758681
-9999 -9999 -9999 -9999 14.23964215 12.00432666 10.11769555 8.754487625 8.262031798 9.019283475 10.42430445 12.53702186 15.493727 17.70501581 20.05382677 21.30012171 20.75046727 20.55450615 21.01118944 21.45867147 21.7902978 21.96440514 21.99409528 22.14595873 22.24011955 22.21559208 22.09701521 21.9770559 21.84226826 21.75242395 21.58900866 21.38672352 21.27428484 21.18617741 21.20976802 20.96494477 20.49307406 20.11935848 19.81265975 19.68828621 19.57774903 19.56323417 19.63412491 19.65352418 19.72628795 19.81347523 19.88473996 19.96472511 20.06013383 20.10835494 20.13552476 20.07876375 20.08825628 20.22858208 20.51792579 20.66683211 20.62112545 20.70617387 20.80229266 20.89884132 20.88173729 20.80270214 20.64241273 20.30990432
-9999 -9999 -9999 -9999 -9999 14.05578675 11.0782678 8.256183114 6.534626159 5.893591332 6.467158684 8.107297236 10.88701973 14.29990239 17.7682835 19.87611109 20.22293537 20.33340276 20.76184593 21.40165722 21.81413431 21.92833884 22.04007658 22.20064909 22.30775442 22.33693721 22.29560224 22.17505913 22.08826691 21.98600731 21.81954234 21.59801292 21.46956718 21.46766413 21.49089418 21.22829634 20.74037844 20.25154184 19.8462029 19.5814764 19.38296739 19.31644851 19.34010301 19.39512865 19.49108726 19.59284661 19.69901645 19.82868182 19.98354531 20.11473761 20.15162895 20.03421063 19.99880172 20.14026253 20.40458488 20.55947931 20.57942338 20.6197943 20.68637905 20.7325979 20.69020991 20.56430287 20.33360767 19.97799627
-9999 -9999 -9999 -9999 -9999 16.31315852 12.07399545 7.47330598 5.515888849 3.344720335 2.818707792 4.246375469 5.633050876 10.37245678 14.95281801 17.78167093 18.82712801 19.78309592 20.43959952 21.23729192 21.93180793 22.01649692 22.08745651 22.47196771 22.41646312 22.46710383 22.50321723 22.38070932 22.37943692 22.23300831 22.03631908 21.76268136 21.50902942 21.50951283 21.59039217 21.31416442 20.79662878 20.25998955 19.83588352 19.44382746 19.17329655 19.09535067 18.99981769 19.12952749 19.24787827 19.3755025 19.53337263 19.6647876 19.88970251 20.1089789 20.16929333 19.97367184 19.79531443 20.05308808 20.18817137 20.32589968 20.44937815 20.46668945 20.51146223 20.52344143 20.4201321 20.28024349 20.06694908 19.65718157
-9999 -9999 -9999 -9999 -9999 -9999 13.94145133 10.27720295 6.557905458 3.152511583 1.713664364 2.16321985 3.963452447 7.080987749 10.89679673 13.81302539 15.54629188 17.5033165 18.94109346 20.66618439 21.81993472 22.06198796 22.58944728 22.52912429 22.69370409 22.76737315 22.67376625 22.70346721 22.734034 22.69256614 22.45267367 22.02774026 21.62695296 21.45754268 21.33933052 21.05384486 20.71902131 20.29714147 19.88837422 19.5054507 19.20731407 19.04735679 18.9681114 18.97485026 19.04774895 19.18413688 19.40129679 19.5948556 19.72092341 19.80720092 19.89979675 19.91499963 19.99411956 20.12622872 20.28202397 20.36459637 20.35379778 20.30306499 20.25688692 20.18081671 20.04801459 19.88288863 19.6465217 19.28527045
-9999 -9999 -9999 -9999 -9999 -9999 15.74275897 13.61928778 8.773185768 3.93200375 1.529277638 1.372676208 2.243048715 3.802748525 6.359539037 8.708813733 10.78505448 14.00063161 15.23254179 18.15004352 20.01138956 20.34843089 22.37872748 22.25676441 22.56638928 22.8726601 22.80618105 22.9961423 23.05226517 23.1486964 22.88196395 22.30549883 21.71233497 21.45167502 21.12065236 20.79488299 20.60096601 20.32880314 19.92353382 19.59064267 19.30233261 19.11404032 18.96356549 18.92380889 18.91375433 18.99549852 19.24331893 19.51629728 19.44797266 19.40940797 19.56590351 19.80835105 20.14107432 20.20846706 20.3759601 20.39769261 20.19320502 20.1295424 19.98205759 19.8377023 19.66775208 19.48878177 19.22973009 18.80798959
-9999 -9999 -9999 -9999 -9999 -9999 -9999 15.36535092 10.98565079 5.794337703 2.55593685 1.236368898 0.785484584 0.832709176 1.161335466 2.358700314 4.215074243 6.337254729 8.827806311 11.39370602 13.95125814 16.08052333 18.22793668 20.0086409 21.68232956 22.74598737 22.82339447 22.95690059 23.04278101 23.13277965 22.97036128 22.61902477 22.19281514 21.6632184 21.14940465 20.70304687 20.43775703 20.18160835 19.86110581 19.57160044 19.33039835 19.19522623 19.09461719 18.99427957 18.91017258 18.93374344 19.05687649 19.10770691 19.14244822 19.12490438 19.29431394 19.60239112 19.89619568 20.01948147 20.05294076 20.00598651 19.83341918 19.69281229 19.62538535 19.60111295 19.38643774 19.04975818 18.68588127 18.29766106
