meets/meet004/data/CCSM_6k_neotropic_bio03.asc
NCOLS 154 
NROWS 168 
XLLCORNER -112 
YLLCORNER -55.5 
CELLSIZE 0.5 
NODATA_value -9999 
[rows 29 to 57 of 168, columns 64 to 127 of 154]
-9999 -9999 -9999 -9999 -9999 -9999 -9999 -9999 -9999 -9999 -9999 -9999 -9999 -9999 -9999 -9999 -9999 -9999 -9999 -9999 -9999 -9999 -9999 -9999 -9999 -9999 -9999 -9999 -9999 -9999 -9999 -9999 -9999 -9999 -9999 -9999 -9999 11.80540413 -9999 -9999 -9999 -9999 -9999 -9999 -9999 -9999 -9999 -9999 -9999 -9999 -9999 -9999 -9999 -9999 -9999 -9999 -9999 -9999 -9999 -9999 -9999 -9999 -9999 -9999
-9999 -9999 -9999 -9999 -9999 -9999 -9999 -9999 -9999 -9999 -9999 -9999 -9999 -9999 -9999 -9999 -9999 -9999 -9999 -9999 -9999 -9999 -9999 -9999 -9999 -9999 -9999 -9999 -9999 -9999 -9999 -9999 -9999 -9999 -9999 -9999 -9999 11.90515631 -9999 -9999 -9999 -9999 -9999 -9999 -9999 -9999 -9999 -9999 -9999 -9999 -9999 -9999 -9999 -9999 -9999 -9999 -9999 -9999 -9999 -9999 -9999 -9999 -9999 -9999
-9999 -9999 -9999 -9999 -9999 -9999 -9999 -9999 -9999 -9999 -9999 -9999 -9999 -9999 -9999 -9999 -9999 -9999 -9999 -9999 -9999 -9999 -9999 -9999 -9999 -9999 -9999 -9999 -9999 -9999 -9999 -9999 -9999 -9999 -9999 -9999 -9999 -9999 -9999 -9999 -9999 -9999 -9999 -9999 -9999 -9999 -9999 -9999 -9999 -9999 -9999 -9999 -9999 -9999 -9999 -9999 -9999 -9999 -9999 -9999 -9999 -9999 -9999 -9999
-9999 -9999 -9999 -9999 -9999 -9999 -9999 -9999 -9999 -9999 -9999 -9999 -9999 -9999 -9999 -9999 36.33779992 -9999 -9999 -9999 -9999 -9999 -9999 -9999 -9999 -9999 -9999 -9999 -9999 -9999 -9999 -9999 -9999 -9999 -9999 -9999 12.2629511 -9999 -9999 -9999 -9999 -9999 -9999 -9999 -9999 -9999 -9999 -9999 -9999 -9999 -9999 -9999 -9999 -9999 -9999 -9999 -9999 -9999 -9999 -9999 -9999 -9999 -9999 -9999
-9999 -9999 -9999 -9999 -9999 -9999 -9999 -9999 -9999 -9999 -9999 -9999 -9999 -9999 52.7082791 53.81574592 53.36687662 -9999 -9999 -9999 -9999 -9999 -9999 -9999 -9999 -9999 -9999 -9999 -9999 -9999 -9999 -9999 -9999 -9999 -9999 -9999 -9999 -9999 -9999 -9999 -9999 -9999 -9999 -9999 -9999 -9999 -9999 -9999 -9999 -9999 -9999 -9999 -9999 -9999 -9999 -9999 -9999 -9999 -9999 -9999 -9999 -9999 -9999 -9999
-9999 -9999 -9999 -9999 -9999 -9999 -9999 -9999 -9999 -9999 51.74964032 58.80182452 63.93273656 67.03895589 68.79028625 68.94775564 -9999 -9999 63.10684298 60.7126109 57.04210298 52.61221939 45.89011628 -9999 -9999 -9999 -9999 -9999 -9999 -9999 -9999 -9999 -9999 -9999 -9999 -9999 -9999 -9999 -9999 -9999 -9999 -9999 -9999 -9999 -9999 -9999 -9999 -9999 -9999 -9999 -9999 -9999 -9999 -9999 -9999 -9999 -9999 -9999 -9999 -9999 -9999 -9999 -9999 -9999
-9999 -9999 -9999 -9999 -9999 -9999 -9999 -9999 -9999 60.90595954 67.38883746 72.90284152 74.76704248 73.87634542 73.44016689 73.71206477 74.01216517 74.41271347 72.56107299 71.33803428 68.66123765 63.98839727 59.98287511 53.65303505 -9999 -9999 -9999 -9999 -9999 -9999 -9999 -9999 -9999 -9999 -9999 -9999 -9999 -9999 -9999 -9999 -9999 -9999 -9999 -9999 -9999 -9999 -9999 -9999 -9999 -9999 -9999 -9999 -9999 -9999 -9999 -9999 -9999 -9999 -9999 -9999 -9999 -9999 -9999 -9999
-9999 -9999 -9999 -9999 -9999 -9999 -9999 -9999 -9999 72.30608123 70.90023043 70.23453573 69.71455367 69.4278499 69.39678721 69.70669849 70.32438438 71.39936266 72.00772874 72.78620947 73.58879853 71.00653798 68.35655033 64.63456543 62.35890814 60.04051352 58.72931157 59.32990405 58.50868832 59.07260245 59.05648707 59.01127587 58.90502712 55.57550783 50.95283154 -9999 -9999 -9999 -9999 -9999 -9999 -9999 -9999 -9999 -9999 -9999 -9999 -9999 -9999 -9999 -9999 -9999 -9999 -9999 -9999 -9999 -9999 -9999 -9999 -9999 -9999 -9999 -9999 -9999
-9999 -9999 -9999 -9999 -9999 -9999 -9999 -9999 -9999 69.37091354 68.22252234 67.7730967 66.57886293 66.31275229 65.8406633 66.09630638 66.9206543 67.81934568 68.80837558 69.86733493 71.15440861 72.4218081 73.54745768 70.82254866 70.67368536 69.21610951 67.26705208 68.21260377 66.11900457 66.95399614 66.80457068 65.83358218 66.93819387 63.20362366 59.79335506 54.94220702 46.56935345 -9999 -9999 -9999 -9999 -9999 -9999 -9999 -9999 -9999 -9999 -9999 -9999 -9999 -9999 -9999 -9999 -9999 -9999 -9999 -9999 -9999 -9999 -9999 -9999 -9999 -9999 -9999
58.49917608 65.49635613 70.97118337 69.04136399 -9999 -9999 -9999 -9999 68.49466231 68.94347454 68.39174597 67.1627205 65.84199247 64.5100115 63.02078274 62.71015994 63.46651244 64.07133692 65.22274707 66.32329151 68.11683458 70.43165846 72.46577799 73.5719632 71.97309127 70.26672859 68.63508021 67.97979633 67.26493652 67.57968346 67.17037277 66.58253583 66.23089837 65.06311035 63.88795052 60.2179378 53.81100592 46.82698725 -9999 -9999 -9999 -9999 -9999 -9999 -9999 -9999 -9999 -9999 -9999 -9999 -9999 -9999 -9999 -9999 -9999 -9999 -9999 -9999 -9999 -9999 -9999 -9999 -9999 -9999
67.71354096 -9999 -9999 66.26904263 65.51961095 63.93127488 62.014041 62.91463817 64.30715907 65.80417827 65.99473611 65.81500182 65.05987558 64.11323367 61.83171879 61.24655354 62.03928889 62.38721868 63.7359259 64.43928797 66.11183658 69.01321716 71.30762252 72.92860899 72.06307054 70.0670659 67.93740201 66.83407305 65.97258775 66.19720692 65.81211386 65.3206239 64.96383762 64.42236519 64.55570275 62.12661013 57.80390544 53.0072332 -9999 -9999 -9999 -9999 -9999 -9999 -9999 -9999 -9999 -9999 -9999 -9999 -9999 -9999 -9999 -9999 -9999 -9999 -9999 -9999 -9999 -9999 -9999 -9999 -9999 -9999
-9999 -9999 -9999 61.62227292 57.79116935 56.97772394 57.24195262 58.18274512 60.46226099 62.51460504 63.49033453 64.67587211 64.51841439 63.87187334 62.33578595 61.54416916 62.44010106 63.00361985 63.86841641 64.09846806 66.1110473 68.45992251 70.29479209 72.05886322 72.77652676 70.5719069 68.39860697 66.4225574 65.60042829 65.12077251 64.43478223 64.41269926 63.9704036 63.96983356 63.6691267 62.50227251 60.75207318 58.4917483 57.2063075 56.12861269 52.35992599 -9999 -9999 -9999 -9999 -9999 -9999 -9999 -9999 -9999 -9999 -9999 -9999 -9999 -9999 -9999 -9999 -9999 -9999 -9999 -9999 -9999 -9999 -9999
-9999 -9999 -9999 58.19228209 55.0862837 54.69642796 55.27234044 56.25347473 58.70298383 61.0804554 63.05455435 64.35785699 64.72311138 65.08038339 64.23969761 63.11803716 62.45866875 63.71250508 65.55777219 65.71183116 67.0981895 69.48207733 70.96461476 72.29082505 72.36414173 71.56478001 68.94671552 66.67430175 65.35562234 64.37465137 63.48489166 63.23014893 63.12396237 63.49002834 63.70435907 63.36562643 63.05352531 62.5105335 62.38655139 61.97702059 59.66519296 54.67351901 -9999 -9999 -9999 -9999 -9999 -9999 -9999 -9999 -9999 -9999 -9999 -9999 -9999 -9999 -9999 -9999 -9999 -9999 -9999 -9999 -9999 -9999
-9999 -9999 -9999 -9999 54.53509075 54.42281759 54.98313399 55.94062749 59.00394853 62.25280052 64.56250729 64.93191975 65.08613632 66.44873441 61.6241456 58.9736942 60.18545481 62.84998125 67.22983189 67.7530371 69.17002392 71.38034985 73.05409673 73.0605507 72.44993378 72.39927758 69.78470286 67.82779611 65.59670937 63.78619793 62.65130464 62.57919348 62.40031075 63.06096128 64.28696908 64.8571623 65.51016934 65.70865397 65.43942894 65.83522122 64.10799023 60.60715436 56.89416482 -9999 -9999 -9999 -9999 -9999 -9999 -9999 -9999 -9999 -9999 -9999 -9999 -9999 -9999 -9999 -9999 -9999 -9999 -9999 -9999 -9999
-9999 -9999 -9999 -9999 -9999 55.67349505 56.66325081 57.80667567 60.69655011 64.11443787 66.88658557 66.39468062 66.65286151 64.85039385 58.89338045 57.03467871 59.35935974 63.9137066 68.44548113 69.8724606 68.97580143 68.94724348 71.05986801 71.53159082 70.52045655 70.53968497 70.25340728 68.44765019 66.19150822 64.22611316 62.99508531 62.79850281 63.29051178 64.39989953 65.8607011 66.23341461 66.49223684 67.24332671 66.45887624 66.46852396 65.26601153 63.48800654 61.37004197 55.73330788 -9999 -9999 -9999 -9999 -9999 -9999 -9999 -9999 -9999 -9999 -9999 -9999 -9999 -9999 -9999 -9999 -9999 -9999 -9999 -9999
-9999 -9999 -9999 -9999 -9999 56.79329934 59.83071131 60.53570718 63.07787392 66.43984957 69.07792863 68.23429811 67.92024371 62.74031459 57.29455237 56.64366797 60.26477397 65.80545474 66.75957338 63.68036148 61.49073494 62.18459345 63.21433465 66.31827906 65.65429457 65.92933512 68.54833768 68.77374328 66.87970348 65.13011411 64.22015113 64.38852867 65.34458139 65.96211659 66.77648792 67.39704902 67.61006444 66.59286004 66.07305752 65.18271837 64.02340352 64.37833988 63.70803867 59.24133573 53.39478927 -9999 -9999 -9999 -9999 -9999 -9999 -9999 -9999 -9999 -9999 -9999 -9999 -9999 -9999 -9999 -9999 -9999 -9999 -9999
-9999 -9999 -9999 -9999 -9999 57.54620017 62.92454441 64.04426929 65.85222348 68.76145651 69.57411612 67.76110611 65.15566078 61.56524379 58.42500005 58.78428935 62.7725767 63.52345419 62.12711449 59.5360078 58.17088218 59.08761912 60.73534986 63.05227773 64.59635931 65.50123519 67.84702536 68.63776318 67.31905187 66.29792235 65.57489641 65.51957677 65.55906893 66.32188231 66.31422813 66.89322458 67.68520504 66.62589255 64.92776793 63.05385951 62.27865615 63.09871088 63.24411847 60.79113043 57.27959932 55.20415801 54.45202902 54.30489712 54.11528226 54.35816718 53.69946641 52.70332118 -9999 -9999 -9999 -9999 -9999 -9999 -9999 -9999 -9999 -9999 -9999 -9999
-9999 -9999 -9999 -9999 -9999 57.57731041 65.54470118 66.94355527 68.40263594 69.25533676 67.69495881 65.05265657 62.14474405 60.74739732 59.84798616 61.39837763 63.30943543 59.35009553 59.17012115 58.05759179 57.72674461 58.45602094 58.54138086 61.89816096 64.889885 67.07511437 68.53942448 68.07927923 67.38056006 66.95248491 66.65505065 65.53560883 65.23564275 66.19853103 65.99221079 66.72523252 68.16737236 67.98369962 64.98840919 61.76897967 60.88766998 62.5679349 62.87764094 61.43817183 59.93564038 58.45011625 56.87474276 56.42182507 55.49584445 55.8917387 55.56652271 54.92994143 55.18056426 54.48947636 53.63653232 -9999 -9999 -9999 -9999 -9999 -9999 -9999 -9999 -9999
-9999 -9999 -9999 -9999 -9999 60.30727528 67.83614274 69.52122957 70.49918853 69.03127342 66.75632732 63.64535044 61.74651018 60.98733532 61.63000558 63.58602525 62.3535432 59.75931003 59.2810608 58.904076 59.25862142 60.14226812 60.96606691 63.4311842 65.6789382 67.89623807 67.89252792 67.60840345 67.43848964 66.90573685 66.21490375 65.53502063 65.10362515 66.56164198 66.51027837 67.08775812 69.2011672 67.84270308 65.45267568 62.390471 61.2338681 62.23369022 62.90067074 61.70721955 60.01080352 58.37564784 56.46266824 55.42873753 54.66731866 54.81607209 54.7500162 54.94598093 55.62946084 56.05385088 57.03719001 57.61875455 -9999 -9999 -9999 -9999 -9999 -9999 -9999 -9999
-9999 -9999 -9999 -9999 -9999 62.08499578 69.92538697 71.54868084 70.95760803 69.06287295 66.18673462 63.14475013 61.242601 61.67370685 63.26510466 64.7829953 63.10420156 61.32404539 61.62508732 61.78672481 62.64318323 64.1864496 65.32385212 66.4500506 66.79391399 67.01068391 67.55756541 67.44585274 67.89963945 67.12386105 66.99812272 66.85517842 65.31737382 67.97436711 68.03217943 68.40509546 70.36769977 68.54950256 66.67959333 63.92669961 62.40065161 63.14166251 63.36611791 60.97190697 59.22778044 57.47953396 55.39124696 53.52369888 53.40902216 53.35697621 53.53946398 54.55857124 55.53233028 56.75985515 58.81383063 60.08400668 60.74943362 62.29311476 -9999 -9999 -9999 -9999 -9999 -9999
-9999 -9999 -9999 -9999 -9999 64.44980319 70.01090907 70.77049953 70.38960743 68.61949882 65.60612751 62.95386403 61.8460766 62.86000537 64.97975779 66.35222246 65.58003874 65.2300648 66.02038403 67.32329392 67.29074824 67.14741398 66.51313685 66.52451266 66.4417188 67.07509989 67.85512103 67.76109345 69.03483159 69.37339806 69.86234964 70.15927123 70.84462188 71.03030356 71.22579846 71.88439367 72.40203264 71.84285135 69.52037984 67.27353464 65.03928103 63.50441697 62.08069553 59.86117764 57.95201444 56.17410613 54.60687659 53.62008744 53.23211787 53.3354062 53.67055366 54.52120178 55.77057687 57.36525882 59.38229442 60.1203284 60.56821665 60.84910593 -9999 -9999 -9999 -9999 -9999 -9999
-9999 -9999 -9999 -9999 -9999 65.09534024 69.05229797 69.85534897 69.7407702 67.38270931 65.05981374 63.19162772 61.76350042 63.85294375 66.41983467 67.26466662 66.08773112 64.82295004 65.45208645 65.36668689 65.52326762 66.11342404 66.27592157 66.32893886 66.43180144 67.24212237 67.36807923 65.27789217 66.64550946 67.84517347 69.17871173 69.62502272 70.324388 70.23853604 70.79100895 72.30234462 74.00966413 74.57167548 71.76277046 69.52090776 66.6975388 63.54554177 60.85486557 58.66141967 56.85484345 55.4153356 54.48625367 53.78998661 53.49333253 53.73867554 53.98434606 54.77707363 55.90733593 57.5159962 59.00168899 59.499835 59.78538689 59.58311842 -9999 -9999 -9999 -9999 -9999 -9999
-9999 -9999 -9999 -9999 -9999 69.08195866 70.38615933 70.56424373 68.46499603 66.35163911 64.93097652 64.08307566 63.85068138 64.9392254 66.16910149 66.54167953 65.99054245 65.11446086 65.18814333 65.30252427 65.42706893 65.66705811 65.7045319 65.84821027 66.29983056 67.31984957 68.08509753 66.98117862 66.71338792 67.26608151 68.11111652 68.97950209 69.32222942 69.68344189 70.50270445 71.74887156 73.84770131 73.64588759 71.2827662 68.78541591 65.77454396 62.45521179 59.96470974 57.65187313 56.48115445 55.27277032 54.40227267 53.92602155 53.54094518 53.48930927 53.81404393 54.70639391 55.80008938 57.58068744 58.03402531 58.33648588 58.98152187 58.8269202 -9999 -9999 -9999 -9999 -9999 -9999
-9999 -9999 -9999 62.50142223 70.77319718 72.03744889 71.93346859 69.16880915 67.75667146 66.44639554 65.84094027 65.86328306 65.85216843 66.35369246 66.65843678 66.75019303 66.49546643 65.49073895 65.6990889 65.96269467 65.94753053 65.80155714 65.65998001 65.69555951 65.7972864 66.87596438 67.0303144 67.14830228 67.48186412 67.6691613 68.27551301 69.28203155 69.00194643 69.50457007 70.37608626 71.34201354 72.55543166 71.95028657 69.29643715 67.15408343 64.1362436 60.71368996 58.53150821 56.8511605 56.01625387 55.11692707 54.40407158 54.06402256 53.64483923 53.42977652 53.78514587 54.98451849 56.04118517 57.288681 57.65269179 58.05642145 59.20295859 59.64056021 59.70141916 -9999 -9999 -9999 -9999 -9999
-9999 -9999 60.56608404 69.26776256 74.14002129 74.82729268 71.11563294 67.94452834 67.54578071 68.17316658 68.30181422 68.27916453 68.27510373 68.33702062 68.40205511 68.04932889 67.39140796 66.89642336 66.88108145 67.01534512 66.88041884 66.45793972 66.10267328 65.89911555 66.01748797 66.71212956 66.87573791 66.95443731 67.29692044 67.63593 68.16754784 68.74473776 69.2358369 70.12536665 70.61554859 70.40748615 69.59578347 67.91938536 65.833944 63.42403614 60.86512277 58.67766718 57.10993561 55.90315167 55.24368483 54.59531638 54.03890325 53.76032543 53.75714598 54.08377856 54.77948121 55.91427423 56.57529083 57.35090834 58.19624057 59.02207186 60.48311223 61.04625456 61.31121765 60.00884958 -9999 -9999 -9999 -9999
-9999 -9999 65.82700596 69.55006303 73.92368027 71.09964573 70.00871036 67.41243903 68.32977832 69.92830684 70.43233423 70.35370687 70.40240684 70.06952806 69.73046719 69.25947692 68.72727687 68.33209857 68.17936478 68.22410406 67.92317565 67.27926072 66.71457154 66.46269138 66.53735726 67.05722088 67.06867874 66.97112716 67.06952866 66.95064559 67.21915282 67.53045557 67.48335889 68.34978315 68.29335565 67.6829514 66.46091643 64.10705105 62.38448599 60.24854057 58.23653212 57.04291565 55.73224619 54.88369361 54.39562065 53.90594866 53.62133706 53.59232624 54.17412484 54.83224129 55.81518931 56.12944295 56.64253579 57.60026943 58.92166204 60.11191443 60.83641593 61.53804044 62.43922926 61.27370176 -9999 -9999 -9999 -9999
64.43072232 64.17197158 64.24357495 67.02184036 70.89408513 69.35435868 68.43634738 69.46057036 69.995395 71.05822395 71.67604386 71.28137664 70.75924409 70.77614796 70.80469076 70.52376331 70.00985316 69.5523685 69.37705856 69.29408025 68.82209377 68.07302487 67.50431272 67.18731569 67.19520178 67.38470615 67.43655324 66.95559334 66.80069303 66.66699263 66.46107361 66.51619109 66.37076716 66.62405074 66.41117214 65.31584867 63.78039139 61.65351452 59.83410331 58.00420297 56.53322889 55.55177372 54.63451697 54.10144612 53.52955073 53.51335121 53.65780821 54.03335498 54.96159508 55.80769352 56.03114914 56.4326401 56.93905987 58.13060479 59.16781963 60.12904772 61.16316685 62.0421873 63.24524511 63.37166869 -9999 -9999 -9999 -9999
65.90915542 62.9110256 62.34006779 64.88106367 66.83707714 66.47417821 66.99262669 68.45943031 70.7402455 72.32028895 72.54056448 72.1177107 71.64519843 71.77565102 71.94318269 71.680261 71.1779749 70.667174 70.17684011 69.79714208 69.52161722 68.88118153 68.39610223 68.06975972 67.89729552 67.91043515 68.00880683 67.31540652 66.95365411 66.5315365 66.30381223 66.2537921 65.87328386 65.75548049 64.96745418 63.72184936 62.20581928 60.07639515 58.33854039 56.57340968 55.15792352 54.47734721 53.8284263 53.57270802 53.33331429 53.56543333 54.11657737 54.78888506 55.89241235 56.28011965 56.37546287 56.74355188 57.16129183 57.9325432 58.96080132 60.29875636 61.47798333 62.7153298 64.16739636 65.69443611 61.40370281 -9999 -9999 -9999
64.51496553 61.00357317 60.40211933 63.78378945 63.3944122 63.47947838 64.98838724 66.63000058 69.03488132 71.27720207 72.28895709 72.30586886 72.04267565 71.53469368 70.94929907 70.40459928 69.84537746 69.35407667 68.89338465 68.48384267 68.40277524 68.41316559 68.69235144 68.95391498 68.8018293 68.54143937 68.29476208 67.98190424 67.46546338 67.05515047 66.54680399 66.43904151 65.88009349 65.25666614 64.34163817 62.73519399 60.92813162 58.8906983 57.19208843 55.68352915 54.44770319 53.53641681 53.01953158 53.10963906 53.42771495 54.05372032 54.52804151 55.47228848 56.68872453 56.3078632 56.08915152 56.38231101 57.01755145 57.86133456 59.02155477 60.35754985 61.84570039 63.39247873 64.25111922 65.28959878 65.38811645 62.42294128 57.99258803 -9999
