meets/meet004/data/CCSM_21k_neotropic_bio14.asc
NCOLS 154 
NROWS 168 
XLLCORNER -112 
YLLCORNER -55.5 
CELLSIZE 0.5 
NODATA_value -9999 
[rows 29 to 57 of 168, columns 64 to 127 of 154]
-9999 -9999 -9999 -9999 -9999 -9999 -9999 -9999 -9999 -9999 -9999 -9999 -9999 -9999 -9999 -9999 -9999 -9999 -9999 -9999 -9999 -9999 -9999 -9999 -9999 -9999 -9999 -9999 -9999 -9999 -9999 -9999 -9999 -9999 -9999 -9999 -9999 5.732102406 -9999 -9999 -9999 -9999 -9999 -9999 -9999 -9999 -9999 -9999 -9999 -9999 -9999 -9999 -9999 -9999 -9999 -9999 -9999 -9999 -9999 -9999 -9999 -9999 -9999 -9999
-9999 -9999 -9999 -9999 -9999 -9999 -9999 -9999 -9999 -9999 -9999 -9999 -9999 -9999 -9999 -9999 -9999 -9999 -9999 -9999 -9999 -9999 -9999 -9999 -9999 -9999 -9999 -9999 -9999 -9999 -9999 -9999 -9999 -9999 -9999 -9999 -9999 5.492160668 -9999 -9999 -9999 -9999 -9999 -9999 -9999 -9999 -9999 -9999 -9999 -9999 -9999 -9999 -9999 -9999 -9999 -9999 -9999 -9999 -9999 -9999 -9999 -9999 -9999 -9999
-9999 -9999 -9999 -9999 -9999 -9999 -9999 -9999 -9999 -9999 -9999 -9999 -9999 -9999 -9999 -9999 -9999 -9999 -9999 -9999 -9999 -9999 -9999 -9999 -9999 -9999 -9999 -9999 -9999 -9999 -9999 -9999 -9999 -9999 -9999 -9999 -9999 -9999 -9999 -9999 -9999 -9999 -9999 -9999 -9999 -9999 -9999 -9999 -9999 -9999 -9999 -9999 -9999 -9999 -9999 -9999 -9999 -9999 -9999 -9999 -9999 -9999 -9999 -9999
-9999 -9999 -9999 -9999 -9999 -9999 -9999 -9999 -9999 -9999 -9999 -9999 -9999 -9999 -9999 -9999 5.225971956 -9999 -9999 -9999 -9999 -9999 -9999 -9999 -9999 -9999 -9999 -9999 -9999 -9999 -9999 -9999 -9999 -9999 -9999 -9999 6.4280322 -9999 -9999 -9999 -9999 -9999 -9999 -9999 -9999 -9999 -9999 -9999 -9999 -9999 -9999 -9999 -9999 -9999 -9999 -9999 -9999 -9999 -9999 -9999 -9999 -9999 -9999 -9999
-9999 -9999 -9999 -9999 -9999 -9999 -9999 -9999 -9999 -9999 -9999 -9999 -9999 -9999 4.330394698 5.572592035 7.303645925 -9999 -9999 -9999 -9999 -9999 -9999 -9999 -9999 -9999 -9999 -9999 -9999 -9999 -9999 -9999 -9999 -9999 -9999 -9999 -9999 -9999 -9999 -9999 -9999 -9999 -9999 -9999 -9999 -9999 -9999 -9999 -9999 -9999 -9999 -9999 -9999 -9999 -9999 -9999 -9999 -9999 -9999 -9999 -9999 -9999 -9999 -9999
-9999 -9999 -9999 -9999 -9999 -9999 -9999 -9999 -9999 -9999 1.212100709 1.84911236 2.523937229 4.165873988 5.637999009 7.128142013 -9999 -9999 13.87887466 15.85257974 16.95486312 17.33249264 16.55569868 -9999 -9999 -9999 -9999 -9999 -9999 -9999 -9999 -9999 -9999 -9999 -9999 -9999 -9999 -9999 -9999 -9999 -9999 -9999 -9999 -9999 -9999 -9999 -9999 -9999 -9999 -9999 -9999 -9999 -9999 -9999 -9999 -9999 -9999 -9999 -9999 -9999 -9999 -9999 -9999 -9999
-9999 -9999 -9999 -9999 -9999 -9999 -9999 -9999 -9999 0.965003064 1.473328792 2.066361677 2.656650553 3.422427138 5.751657019 7.405845609 11.66775513 14.06070831 16.03367066 18.75968989 19.84763437 19.59578855 20.43598272 17.93091769 -9999 -9999 -9999 -9999 -9999 -9999 -9999 -9999 -9999 -9999 -9999 -9999 -9999 -9999 -9999 -9999 -9999 -9999 -9999 -9999 -9999 -9999 -9999 -9999 -9999 -9999 -9999 -9999 -9999 -9999 -9999 -9999 -9999 -9999 -9999 -9999 -9999 -9999 -9999 -9999
-9999 -9999 -9999 -9999 -9999 -9999 -9999 -9999 -9999 0.930981511 1.417137985 2.105962058 2.473022489 3.403370537 5.371009684 6.768601342 8.885610576 12.48875355 14.93021685 16.84679356 17.45469201 17.30330833 16.62003491 14.31279725 12.43307794 10.90896832 8.943073659 7.435908867 7.403744688 6.30673539 6.796650021 8.464176966 9.573018865 12.39961145 13.79168262 -9999 -9999 -9999 -9999 -9999 -9999 -9999 -9999 -9999 -9999 -9999 -9999 -9999 -9999 -9999 -9999 -9999 -9999 -9999 -9999 -9999 -9999 -9999 -9999 -9999 -9999 -9999 -9999 -9999
-9999 -9999 -9999 -9999 -9999 -9999 -9999 -9999 -9999 0.85953759 1.180313845 1.720071798 2.241615135 2.921606069 4.174792126 5.122470984 6.916110939 9.336543153 9.625130983 13.03945799 13.0310632 11.87850095 11.46112859 9.953693318 8.526900991 7.799245687 7.346341653 6.705282735 6.747447043 6.584126465 7.342210888 9.316057554 10.59880012 13.34904641 15.26356081 16.08577415 17.2079736 -9999 -9999 -9999 -9999 -9999 -9999 -9999 -9999 -9999 -9999 -9999 -9999 -9999 -9999 -9999 -9999 -9999 -9999 -9999 -9999 -9999 -9999 -9999 -9999 -9999 -9999 -9999
25.19821611 20.65881404 17.81925897 10.85879702 -9999 -9999 -9999 -9999 1.123761911 0.982589298 1.121124945 1.438039361 1.978422649 3.153817091 4.058809081 4.811219185 6.224765739 7.599215859 8.792397169 9.661860973 9.49883381 8.952154638 7.542199061 6.757687775 5.862785486 5.539479788 5.684423113 5.557952306 5.660717695 6.402470755 7.203509375 8.448929212 10.43583506 13.28865658 15.66332283 16.78465602 18.66716186 18.52548298 -9999 -9999 -9999 -9999 -9999 -9999 -9999 -9999 -9999 -9999 -9999 -9999 -9999 -9999 -9999 -9999 -9999 -9999 -9999 -9999 -9999 -9999 -9999 -9999 -9999 -9999
26.63350781 -9999 -9999 14.92183181 9.373256747 6.453919873 3.604182533 2.315889284 1.781953541 1.347473803 1.3025969 1.473647081 1.938125551 3.668730328 4.865443591 5.520344369 7.007504982 7.534434058 7.656815391 8.665032057 7.67171095 6.540846782 5.467555108 4.654668016 4.113622913 4.162146458 4.055723204 4.64161694 4.8667815 5.290103972 6.201974586 7.525261541 9.771691693 10.57387439 14.41281208 15.86369383 18.60336444 20.02259173 -9999 -9999 -9999 -9999 -9999 -9999 -9999 -9999 -9999 -9999 -9999 -9999 -9999 -9999 -9999 -9999 -9999 -9999 -9999 -9999 -9999 -9999 -9999 -9999 -9999 -9999
-9999 -9999 -9999 14.85490972 10.95897002 8.588177863 6.419227521 3.652302428 2.774730938 2.076231961 1.881346295 1.948455293 2.569802083 4.822426464 6.075070592 7.267282818 7.924921641 8.700758536 8.413593091 7.674110825 6.995172942 5.647281811 4.921393206 4.074935309 3.632279119 3.669401641 3.92623051 4.25304235 4.487869812 5.558900193 6.19432032 7.57339702 9.029002347 10.4697264 12.79334765 15.40580443 18.28732099 20.7996994 22.41465518 23.51260661 21.44097672 -9999 -9999 -9999 -9999 -9999 -9999 -9999 -9999 -9999 -9999 -9999 -9999 -9999 -9999 -9999 -9999 -9999 -9999 -9999 -9999 -9999 -9999 -9999
-9999 -9999 -9999 15.06093307 12.81749364 11.25817714 9.163475479 5.882199776 4.657588615 3.513607003 3.308064903 3.670194206 4.682506938 7.434754088 8.764778141 9.254604801 9.612103459 9.944193714 8.680374591 7.750361048 6.053177753 4.590745723 3.896221042 3.319879959 3.270565362 3.637384334 3.485373495 4.032926436 4.777270881 5.986804819 7.117898807 8.215363368 9.832972607 11.39446619 13.83900084 15.34869225 16.76185883 20.46200078 22.67868962 25.66978318 25.23186207 23.50772691 -9999 -9999 -9999 -9999 -9999 -9999 -9999 -9999 -9999 -9999 -9999 -9999 -9999 -9999 -9999 -9999 -9999 -9999 -9999 -9999 -9999 -9999
-9999 -9999 -9999 -9999 15.13035702 14.24842213 12.10975675 9.378206535 7.840508225 5.98861205 5.484707054 6.290881038 8.298387721 11.59386313 11.34385754 12.7483746 12.64797426 12.92193532 10.32930656 6.572826089 4.282881516 3.530602186 3.205781825 3.123265178 3.038723005 3.397031204 4.415794999 4.859989969 5.687139488 7.317970458 8.328102611 10.06995454 11.81147893 12.97039381 15.03435287 16.91262283 18.92578946 20.53649099 23.80910088 26.55282355 27.72163239 27.16220981 25.4626072 -9999 -9999 -9999 -9999 -9999 -9999 -9999 -9999 -9999 -9999 -9999 -9999 -9999 -9999 -9999 -9999 -9999 -9999 -9999 -9999 -9999
-9999 -9999 -9999 -9999 -9999 25.1045217 20.22626016 15.4525808 13.027108 10.15204629 9.00696146 9.658192437 11.5927708 15.11809547 14.94830354 15.46158075 14.41939797 13.39022969 10.28916667 5.340914612 3.230197004 2.909591834 2.997223726 3.077590964 3.186333669 3.741265359 5.140625762 6.30819925 7.277178375 8.695193776 9.584216759 11.43312983 13.27231411 15.00869591 16.935886 18.23445889 19.93755256 22.55507561 24.31926782 27.18367033 27.79452215 28.15489259 26.48387131 25.58291339 -9999 -9999 -9999 -9999 -9999 -9999 -9999 -9999 -9999 -9999 -9999 -9999 -9999 -9999 -9999 -9999 -9999 -9999 -9999 -9999
-9999 -9999 -9999 -9999 -9999 38.13837874 34.06298324 24.72430118 19.54373225 16.02978599 13.56226857 12.98425713 13.70782677 17.33836111 17.36976294 18.27044544 15.86320534 11.72576517 8.198762298 4.387156524 3.063383825 3.338396218 3.435812609 3.82751637 3.814226291 4.326624822 6.392175934 8.296141911 9.013293059 10.14783916 10.95382498 13.02476929 14.66064773 16.21408338 17.99391104 19.44733463 21.99740102 24.16227598 26.71613042 29.07266666 31.58229111 30.89746021 29.08780216 27.35692385 25.97895696 -9999 -9999 -9999 -9999 -9999 -9999 -9999 -9999 -9999 -9999 -9999 -9999 -9999 -9999 -9999 -9999 -9999 -9999 -9999
-9999 -9999 -9999 -9999 -9999 71.38034169 56.59954896 38.26970927 28.56636239 22.19423313 18.37385942 16.34658792 16.16601367 17.44266683 18.10737703 16.92383416 12.84432251 8.71950633 6.163716047 4.101521717 3.838177814 4.595669609 4.963223131 5.616015994 5.607991896 6.026867878 7.987592188 9.808834033 12.31260901 12.95049266 12.80694663 14.27757878 15.44715437 16.99850758 18.26171636 19.15873308 21.70686243 24.31417884 27.45443385 30.36722692 31.12411125 29.66087704 28.76535965 27.13479169 26.03075919 24.75977613 23.92350826 23.93011584 24.16176931 24.77181218 24.7993205 25.12559223 -9999 -9999 -9999 -9999 -9999 -9999 -9999 -9999 -9999 -9999 -9999 -9999
-9999 -9999 -9999 -9999 -9999 112.8732255 84.07859405 52.49654607 37.27722467 28.00325744 22.47317728 19.01111199 17.64788426 16.74366279 14.68120276 12.81673959 9.899888832 6.599978689 5.963677886 5.131213952 5.796338351 7.172483326 7.593710331 8.69585836 8.427636732 8.483943909 10.11574093 11.44969379 13.62941305 15.384986 14.86316707 15.18613277 15.61181568 16.02298755 16.91872046 17.46800168 19.50850614 22.15279454 26.08842362 30.21047687 31.66854414 30.30579518 27.94414889 26.34673004 24.50744522 25.02186574 24.8914554 24.65953191 25.00657847 27.1942849 26.79951599 28.37556491 27.81657814 27.89670524 26.77659688 -9999 -9999 -9999 -9999 -9999 -9999 -9999 -9999 -9999
-9999 -9999 -9999 -9999 -9999 152.627982 109.4738873 67.33618117 42.69398925 31.441402 24.72398501 20.59946955 18.37846847 15.61784291 12.74266998 10.87570303 8.904657498 7.335947182 7.351943801 7.825449611 9.864198067 12.45687726 13.63476066 14.73893082 13.6538536 12.50598878 13.25191886 13.0789348 14.41440713 16.61049602 16.59349931 15.94375184 15.02992776 15.23009863 14.7879978 14.76100468 17.00156599 18.87650466 22.739562 26.47140041 28.1958177 27.79006703 26.26248259 24.62731146 22.82279803 22.06617199 21.76042667 22.63041119 23.14211006 25.71604212 26.70836859 27.68660476 30.24929687 31.30556912 31.62576163 30.10498232 -9999 -9999 -9999 -9999 -9999 -9999 -9999 -9999
-9999 -9999 -9999 -9999 -9999 188.5507201 125.4462349 71.78794384 46.58942196 33.12250472 25.74880504 21.69000604 19.32912906 16.16323249 12.28974115 10.4764748 9.217583938 8.739878194 10.76447118 12.62341539 16.12340868 20.32891249 22.49961285 22.93920361 20.02446967 17.50123161 16.0026839 14.05158981 13.25662872 15.04250868 15.82407204 15.55358 14.51246198 13.2174111 12.64493315 12.37771317 13.74039632 15.20969772 18.07680366 21.99405231 23.67601943 24.29879147 24.06049881 22.62997174 21.40469859 21.92732681 21.75889191 21.83665173 22.44212881 24.5337447 26.45713162 27.9206241 30.93863657 31.39813439 35.36226479 33.48544525 33.04725947 31.79148357 -9999 -9999 -9999 -9999 -9999 -9999
-9999 -9999 -9999 -9999 -9999 189.5429142 130.7644186 79.12483589 47.76538296 34.89046343 27.6720913 23.84131273 21.48856044 17.54435651 13.47850017 12.32099312 12.43032351 13.59701424 16.58820215 21.14784609 26.92014651 32.28965505 35.57361478 33.41367339 28.82661135 23.13487911 18.07170775 13.55340747 11.48562987 11.09426595 10.80996027 11.58457936 10.93570085 10.66133367 10.62960982 10.35903423 10.72687062 12.05681284 14.20064287 16.9444822 18.86576761 20.26263354 21.10732479 20.98669568 20.90660957 20.77762825 20.84605054 21.13994716 21.85452191 22.91536022 23.9280509 25.70088049 28.3946645 31.62198131 34.73112094 35.69849041 38.39927996 37.18653247 -9999 -9999 -9999 -9999 -9999 -9999
-9999 -9999 -9999 -9999 -9999 185.9833907 125.7282283 74.62834771 49.67027155 36.1594628 28.80001078 25.91363249 24.46333266 20.53333049 16.16287907 15.9559074 17.43921919 19.77930294 26.18887834 33.32289152 41.34748616 49.00728257 53.69653841 46.79679702 38.30429444 28.63697016 20.14145495 12.43396972 9.975217826 8.313562244 7.113508089 7.116946599 6.397114553 7.075806445 7.127682685 7.024569904 7.252555598 7.173651647 10.05714676 11.94138009 14.37064599 17.11019492 18.08786833 20.14355082 21.23549514 21.50037464 21.79908377 21.99658113 22.75984807 23.62874851 24.5887071 26.46926335 28.34117899 31.09884792 36.16467743 37.73124406 41.49669963 42.71494161 -9999 -9999 -9999 -9999 -9999 -9999
-9999 -9999 -9999 -9999 -9999 158.9267366 114.9160168 76.79642332 52.2178336 39.15462478 31.90018969 28.67740458 26.92476748 24.9881676 22.81159308 23.84031953 26.95566625 31.17304399 38.82613325 48.82703327 58.82522814 66.43325212 69.77880024 60.00554405 48.2294593 35.64269997 23.18542086 15.50937658 10.63500123 8.472292324 6.813057803 6.061062607 5.919553127 6.067773021 6.532820123 6.452263227 6.869240175 7.797432844 9.491395748 11.40469554 13.44500002 15.75723769 17.68550589 19.42168762 21.08876353 22.45240346 23.11483193 23.47902495 23.72065238 24.54359677 25.56856682 27.18491202 29.33793292 32.63609431 36.87283127 39.44638607 44.59149621 47.93119705 -9999 -9999 -9999 -9999 -9999 -9999
-9999 -9999 -9999 181.6862303 165.947672 140.6399531 110.6084994 79.42223413 60.36846022 45.12556934 35.77170226 31.63361009 31.15325177 31.5500797 31.07382258 34.26666343 39.68103364 45.16439947 56.2154859 67.94107381 79.18760615 88.19853223 90.02213264 76.77053253 57.90129412 41.24719411 26.4338608 17.05132846 11.05751835 9.121972717 7.257797007 6.192278607 6.050262244 5.826780634 6.40568966 6.943211156 7.863878538 9.031444627 10.36933224 12.82577982 14.79582921 16.3921512 18.38940706 20.21916844 21.71143145 22.96586829 23.5631007 24.5144475 25.88697672 27.15896828 27.71323195 29.40650633 30.64749721 33.84410292 38.42685421 41.09822519 47.86215153 49.7632764 48.91133181 -9999 -9999 -9999 -9999 -9999
-9999 -9999 171.7618229 154.3437958 134.6908354 134.7015092 115.6666234 100.929607 76.72224187 55.02833409 44.22224209 39.51893512 37.4559388 39.93971673 43.09137515 48.09912861 54.97843633 63.11037374 75.11323585 88.17532342 99.45452807 106.8570183 104.5941271 87.73381542 65.77947811 46.95406014 30.74211009 19.34271561 13.51761963 10.34004845 8.487802016 7.809598992 7.504608974 7.566864321 7.820974673 8.566771701 10.2297771 11.73158927 13.62826337 15.80072392 17.5946837 19.49758931 21.3735486 22.64296542 23.9676603 24.9141314 25.28617047 25.87974915 26.72920421 27.99873223 30.22900229 32.0520481 34.21225688 37.1203942 41.49726499 45.09090065 50.25866705 49.43571684 52.15950765 51.16261417 -9999 -9999 -9999 -9999
-9999 -9999 135.853423 116.6905529 105.5170986 122.2498181 126.714453 120.9335369 94.14898935 67.67382177 54.8732685 49.42062303 47.87709113 53.21052189 56.74170404 63.54882209 73.25301462 82.57212807 96.82741196 109.8739113 120.1686244 124.7207085 120.9474813 102.1281611 74.53989088 53.27464678 35.71170817 22.16520157 16.38458613 12.6060378 10.43956114 9.950522533 9.40348734 9.384345942 9.93526252 10.85645251 13.14278096 15.20399903 17.36819932 20.1088056 22.26479211 24.31562262 25.7572919 27.00495114 27.96538215 28.52234118 28.33125133 28.78557494 29.47144124 30.33391637 31.99099346 34.05924688 36.88051136 41.1861348 46.19402789 49.34835792 52.82100772 48.83322359 50.40510756 48.38029133 -9999 -9999 -9999 -9999
163.0442602 136.5156094 106.4732704 99.48956682 94.69624122 102.0503347 118.1979129 133.4060136 110.8153228 81.56241007 69.20842681 68.18009629 66.97040939 69.77791567 73.0612666 79.55398289 91.27418854 104.0135144 117.3760361 129.7443191 137.9223912 138.5427742 130.7697021 108.5823205 83.30414384 59.74751954 40.97972373 27.04159608 19.8607953 15.28935942 13.21319913 12.50503029 12.14824569 12.73464811 12.80809976 14.33744141 17.23521535 19.89370992 23.59880743 26.41975595 28.64022917 30.96276788 32.68275983 33.31452548 34.10861168 33.85176803 32.91287018 32.79040964 32.68036751 33.58516664 35.74861441 37.34395365 40.30238694 44.72378686 49.06266881 52.47566008 51.84016252 48.51139677 55.00935354 46.00634628 -9999 -9999 -9999 -9999
135.1273416 105.7333928 81.68777043 77.8200272 78.41528491 93.92183754 108.0828977 120.95124 122.0524164 98.88077824 87.55138264 86.04171415 87.89876841 91.04908829 91.5256191 99.00934431 112.7917248 126.1473172 137.5285731 147.2514011 152.0232597 148.8321402 139.7587733 117.0573713 89.19517761 66.99514514 47.81672705 33.70577998 25.61198451 19.80107009 16.82104825 16.32820345 15.85284647 16.678498 17.96981482 19.68480014 22.94200354 25.55696025 29.95451597 34.15830417 37.96076108 41.23861619 43.16582975 43.22979712 42.45410186 41.44646173 39.6344663 38.82467204 38.65637349 38.53328342 39.95313394 41.7763117 44.80919865 49.36118756 53.71298279 52.9933938 51.2124652 47.53865612 56.25991639 49.13065438 43.26233701 -9999 -9999 -9999
110.4420847 88.24555709 68.87329471 63.24330783 68.16945522 85.00588818 101.80321 113.2446204 113.5677173 114.1591633 107.0496658 107.7290562 111.9464118 114.0927485 115.1003312 122.2709218 133.7856953 145.1149412 149.4568535 147.8667915 148.1999991 149.9917207 141.9484402 120.0620198 95.40541561 73.74635481 54.60302573 41.30843864 32.3472079 25.26473596 22.35179804 21.46301701 21.1529409 22.89500343 24.57679468 27.48941035 31.27915023 34.69147782 39.57295426 43.94995382 47.864757 52.18377509 53.90148019 55.54961193 54.34674315 50.9372777 48.10213633 45.80878392 45.00795448 44.30399653 46.4634555 47.47961487 50.89248503 56.16107792 55.88325952 54.4091607 51.77146265 50.2309615 48.35231348 51.73956759 50.81140582 51.8401114 48.96216109 -9999
