meets/meet004/data/CCSM_0k_neotropic_bio07.asc
NCOLS 154 
NROWS 168 
XLLCORNER -112 
YLLCORNER -55.5 
CELLSIZE 0.5 
NODATA_value -9999 
[rows 87 to 115 of 168, columns 64 to 127 of 154]
-9999 -9999 -9999 -9999 -9999 -9999 -9999 -9999 -9999 7.65421314 9.17718934 12.85689487 16.03915846 16.72322929 16.78801403 17.08281036 17.01541442 16.7487511 15.66215897 14.46792684 13.4936721 12.51356722 12.05182419 12.93789384 14.54259534 15.90905939 16.95841264 17.59209817 17.52617611 17.40745611 17.39267968 17.31631487 17.80768284 18.23141523 18.97248094 19.35478257 19.30044787 19.08003689 18.84348025 18.50670633 18.24534941 18.06528806 17.8540315 17.90494731 17.92234611 17.87517464 17.79483087 17.67062003 17.75119229 17.79323381 17.65374244 17.39973751 17.17363697 17.20057232 17.2941784 17.39380256 17.48035262 17.54256987 17.57248546 17.54327165 17.41950479 17.23050912 16.99938715 16.77224824
-9999 -9999 -9999 -9999 -9999 -9999 -9999 -9999 -9999 -9999 -9999 8.64884832 11.58437159 12.56570874 13.28065361 14.19937562 14.83234669 15.45885113 15.40525461 14.84339651 14.12415504 13.19859059 12.36878374 12.80074126 13.84416953 14.75746534 16.00822003 17.26517617 17.52018189 17.80778613 17.99823957 18.08899596 18.64812328 18.52598071 18.72198823 18.83993933 18.66006715 18.53865021 18.39916676 18.08750901 17.87037761 17.74211327 17.55221923 17.74368219 17.94259549 17.9773467 17.91980539 17.76451199 17.83030064 17.87759478 17.68521381 17.34991609 17.138344 17.24495377 17.41977759 17.54800978 17.65572172 17.75864529 17.83706631 17.84415532 17.72024754 17.46295903 17.17701653 16.90554406
-9999 -9999 -9999 -9999 -9999 -9999 -9999 -9999 -9999 -9999 -9999 -9999 -9999 7.6161505 9.01747668 10.81898373 12.74655819 14.37208464 15.00150252 15.45839904 15.57998276 14.76166196 14.22553771 13.66758468 13.2184431 13.58839169 14.51198078 15.78103925 16.73010042 17.59865235 18.07198119 17.83682211 17.64618884 17.83073436 17.97370698 18.00232706 18.10652488 18.12637291 18.09739415 18.09264291 17.97523299 17.69822075 17.6308552 17.79596021 18.0618201 18.15982786 18.06783308 17.99359756 17.92179182 17.82404023 17.59302134 17.17911621 17.12705233 17.29169738 17.44747804 17.6609648 17.8973554 17.9891804 18.10672794 18.11764664 17.9508792 17.66169084 17.3065558 17.04046255
-9999 -9999 -9999 -9999 -9999 -9999 -9999 -9999 -9999 -9999 -9999 -9999 -9999 -9999 -9999 7.42427161 9.895239318 12.32051052 13.9314283 15.53369521 16.23202102 16.02359136 15.36215674 14.56194252 13.66340732 13.32104276 13.54978491 14.03777609 15.13499252 16.39559968 17.10624775 17.09048451 16.91158479 17.04107326 17.0840146 17.23345863 17.45813025 17.63557404 17.74420613 17.80770302 17.75825552 17.58521428 17.57748026 17.80595622 18.12701403 18.24591844 18.15923446 18.12541983 17.99948408 17.83078609 17.59369712 17.22714393 17.18901809 17.47061865 17.81154388 18.12054813 18.37790345 18.44520802 18.47226254 18.3842863 18.14995624 17.81765683 17.47851273 17.1945958
-9999 -9999 -9999 -9999 -9999 -9999 -9999 -9999 -9999 -9999 -9999 -9999 -9999 -9999 -9999 -9999 -9999 8.99477578 12.01228161 14.94651388 16.64810138 16.54044487 16.06109301 15.85046507 14.89942413 14.13048904 13.42408271 12.76376827 13.74795125 14.76242857 15.63688207 16.49045941 16.73047929 16.72967452 16.42380229 16.50162939 16.85102746 17.10751937 17.26365387 17.21281487 17.27816562 17.33624006 17.36549245 17.74926206 18.13875319 18.24786461 18.10509201 18.08895412 18.03973845 17.9555176 17.74007595 17.41723577 17.34914919 17.75197652 18.44612185 18.83006341 18.91246722 19.08362023 18.83133237 18.57521097 18.29379333 17.98466146 17.68394305 17.30384785
-9999 -9999 -9999 -9999 -9999 -9999 -9999 -9999 -9999 -9999 -9999 -9999 -9999 -9999 -9999 -9999 -9999 6.37825577 9.62565549 13.02806989 15.55463073 16.83500573 17.56621294 17.6598738 16.79394157 15.94340664 14.86806384 13.90588512 14.10096337 14.64503828 15.2318414 16.16552604 16.79954901 16.75550304 16.30823602 16.23470967 16.45971041 16.75796153 16.9411563 16.96540501 17.1134866 17.3110857 17.48065202 17.81131488 18.06803055 18.12356812 17.99991603 18.02805758 18.01548816 17.96373362 17.80095243 17.56171642 17.60746253 17.97872051 18.58056309 18.92071706 18.97274731 19.03546601 18.86953635 18.70831936 18.4425394 18.10552001 17.733715 17.33613645
-9999 -9999 -9999 -9999 -9999 -9999 -9999 -9999 -9999 -9999 -9999 -9999 -9999 -9999 -9999 -9999 -9999 -9999 -9999 10.46926063 13.79428096 17.04425186 19.87927189 19.5621538 18.855596 18.0514332 16.88516811 16.48963394 15.51985076 15.17625047 15.46257075 16.40081357 17.41509523 17.15297695 16.68676089 16.51504993 16.47159695 16.61556293 16.76626289 16.96670929 17.21294043 17.48071491 17.81958309 17.86929328 17.93681948 17.92810154 17.85390456 17.96605644 17.97549385 17.89526551 17.77603627 17.6447761 17.6937036 17.94167391 18.29012128 18.55442398 18.58384661 18.5024258 18.63412185 18.73509893 18.53627442 18.11521065 17.68098038 17.32688251
-9999 -9999 -9999 -9999 -9999 -9999 -9999 -9999 -9999 -9999 -9999 -9999 -9999 -9999 -9999 -9999 -9999 -9999 -9999 9.76852014 13.30393015 16.77615791 19.51787834 20.05732216 19.44956762 18.86177406 17.99576339 17.58351914 16.52920127 15.76652167 15.81544415 16.65423006 17.49807758 17.44320279 17.03730566 16.83495668 16.69654137 16.70186086 16.81888928 17.03129532 17.22364707 17.52034501 17.72441907 17.69788517 17.61061889 17.58251509 17.67018434 17.8262314 17.93871882 17.95081159 17.84744809 17.65861596 17.57073127 17.70082579 17.95443894 18.13032405 18.18038668 18.18501297 18.32923567 18.39910771 18.26008378 17.95435532 17.57430966 17.33497367
-9999 -9999 -9999 -9999 -9999 -9999 -9999 -9999 -9999 -9999 -9999 -9999 -9999 -9999 -9999 -9999 -9999 -9999 -9999 -9999 13.46531221 16.32754469 18.82213662 19.58793209 19.1223762 18.75474237 18.24444657 18.00841553 17.04879253 16.15219577 16.03192108 16.92748758 17.78476711 17.75236558 17.37119076 17.18278101 16.99872128 16.77781394 17.02482213 17.27591354 17.37037023 17.44538353 17.51179642 17.44886907 17.20773766 17.20950845 17.46126132 17.70020822 17.94279577 18.09500403 18.01342863 17.70013174 17.39936564 17.50485834 17.68910514 17.81978749 17.93685097 18.02032542 18.08646803 18.04278797 17.99210024 17.87350076 17.50964421 17.55229246
-9999 -9999 -9999 -9999 -9999 -9999 -9999 -9999 -9999 -9999 -9999 -9999 -9999 -9999 -9999 -9999 -9999 -9999 -9999 -9999 13.34992914 16.2289007 18.28193915 19.13620322 18.82539807 18.56723691 18.1378284 18.09119126 17.31509728 16.40727942 16.29725632 17.28982608 18.33823497 18.47595733 18.0928546 17.83306072 17.61321704 17.53502903 17.40209426 17.23963705 17.20000946 17.33273824 17.47349636 17.32525268 17.05853263 17.09649967 17.29697705 17.59757335 18.04261822 18.3930438 18.35408187 17.89320763 17.43083104 17.42854615 17.57158167 17.69107973 17.81508036 17.87996848 17.98923067 18.06342232 18.125841 18.16334879 18.12638937 18.14152198
-9999 -9999 -9999 -9999 -9999 -9999 -9999 -9999 -9999 -9999 -9999 -9999 -9999 -9999 -9999 -9999 -9999 -9999 -9999 -9999 13.19337613 15.94497334 18.46387624 19.07757208 18.75454943 18.55455461 18.15469463 18.39752263 17.43069064 16.50801639 16.51483418 17.71323914 19.2213553 19.19419849 18.80109035 18.6614959 18.70478033 18.70401029 17.89001368 17.22675 17.00558464 17.21502395 17.59305941 17.26754046 17.04649382 17.06784369 17.26095264 17.60819027 18.21920567 18.83424837 18.8018505 18.06839595 17.46765299 17.49795973 17.58307835 17.67377055 17.80166242 17.81013692 18.02547152 18.21962688 18.41164102 18.61008535 18.88358386 18.72593658
-9999 -9999 -9999 -9999 -9999 -9999 -9999 -9999 -9999 -9999 -9999 -9999 -9999 -9999 -9999 -9999 -9999 -9999 -9999 -9999 12.81956741 15.64146483 17.90542692 19.06821832 19.02281644 18.79255637 18.14110164 18.08838616 17.34470378 16.57608426 16.88169439 18.12898743 19.58495116 19.83045226 19.46950469 19.41283302 19.58834343 19.46825141 18.6607072 17.6836657 17.32355612 17.22911549 17.22419464 17.16060988 17.1113537 17.17506145 17.37957264 17.71398577 18.27768343 18.72894396 18.72559581 18.23337928 17.75268455 17.68079465 17.75237782 17.83297987 17.96106131 18.07747005 18.19703419 18.33383747 18.51214112 18.80082343 19.02667022 19.05173207
-9999 -9999 -9999 -9999 -9999 -9999 -9999 -9999 -9999 -9999 -9999 -9999 -9999 -9999 -9999 -9999 -9999 -9999 -9999 -9999 12.45228223 15.07647103 18.00096379 19.15841805 19.41552685 19.18262459 18.28705746 18.02617391 17.1904099 16.74490568 17.09904594 18.57730402 20.33576572 20.40801401 20.04129677 20.01746933 20.28359826 20.34510112 19.38277309 18.35685996 17.61897694 17.34324899 17.11991142 17.20051864 17.22211647 17.31506787 17.55624716 17.87988516 18.29522419 18.66044767 18.70682091 18.40430044 18.00266073 18.06116832 18.07276292 18.10491455 18.20230727 18.34632263 18.33661873 18.43103238 18.59253974 18.9282491 19.13430863 19.13761176
-9999 -9999 -9999 -9999 -9999 -9999 -9999 -9999 -9999 -9999 -9999 -9999 -9999 -9999 -9999 -9999 -9999 -9999 -9999 -9999 12.19057221 14.97614014 17.66499243 19.36672657 19.81729759 19.53858932 18.41909764 17.80454505 17.07007274 16.91501474 17.35099741 19.02703841 20.57358928 20.88880382 20.56728786 20.55045622 20.74566863 20.6085187 19.74742279 18.63169934 17.85245902 17.5278051 17.58944807 17.47318866 17.45942528 17.56853345 17.7624835 18.06419281 18.40512535 18.72411742 18.84241275 18.72830535 18.60959457 18.5820924 18.63730468 18.57742492 18.38818607 18.32806356 18.38625423 18.59318229 18.76112927 18.9382661 19.10681349 19.01343084
-9999 -9999 -9999 -9999 -9999 -9999 -9999 -9999 -9999 -9999 -9999 -9999 -9999 -9999 -9999 -9999 -9999 -9999 -9999 -9999 12.04121048 14.98382781 17.89148544 19.6782799 20.27107489 19.93580665 18.42751395 17.60819668 16.94937728 16.91998351 17.47207452 19.42322803 21.08945113 21.32679908 20.97752276 20.94707025 21.11605632 20.99658305 20.01569894 18.83790629 18.13443213 18.03170146 17.952232 17.72300591 17.66227431 17.73780922 17.8455909 18.2104518 18.45945966 18.75623679 18.94280887 18.96618356 19.07197167 19.01376817 19.08181551 18.97117981 18.68336955 18.48044206 18.49349955 18.65815177 18.70721244 18.7128296 18.85059726 18.62525824
-9999 -9999 -9999 -9999 -9999 -9999 -9999 -9999 -9999 -9999 -9999 -9999 -9999 -9999 -9999 -9999 -9999 -9999 -9999 9.46512354 11.93819578 15.25736249 18.25617865 20.0335182 20.43239378 19.96444078 18.32351892 17.45308227 16.81997615 16.70086891 17.76287637 19.78086246 21.27857363 21.62435239 21.27515617 21.24474157 21.42780659 21.23578101 20.39563585 19.32993691 18.68048574 18.52713936 18.36701596 17.99008827 17.68634178 17.72020244 17.86525062 18.05553375 18.33437257 18.613053 18.81073326 18.92645832 19.08720571 19.09278374 19.1747909 19.0632469 18.7947265 18.67726153 18.35512081 18.22973235 18.07417276 17.93195843 17.99471893 17.89154651
-9999 -9999 -9999 -9999 -9999 -9999 -9999 -9999 -9999 -9999 -9999 -9999 -9999 -9999 -9999 -9999 -9999 -9999 -9999 9.53339807 12.13602937 15.68713643 18.93001833 20.43760697 20.69436946 20.1177546 18.18062696 17.34303533 16.90939963 16.82561073 18.31463875 20.23858909 21.67677999 21.92413489 21.5963661 21.59520959 21.78225993 21.6421121 20.86117391 19.89028683 19.27393054 19.1084498 18.91631527 18.57206726 18.22182811 17.94283923 18.00395781 18.10931279 18.23440679 18.41245961 18.56255951 18.67001177 18.81332258 18.7583931 18.85537483 18.74384059 18.46360654 18.34457897 17.83886047 17.72353348 17.74055319 17.68420147 17.63163034 17.50084388
-9999 -9999 -9999 -9999 -9999 -9999 -9999 -9999 -9999 -9999 -9999 -9999 -9999 -9999 -9999 -9999 -9999 -9999 -9999 9.76885493 12.62539884 16.41122355 19.61832805 20.97525308 20.96027042 20.27573891 18.27490391 17.3282319 17.25337615 17.87004876 19.48475768 20.86712485 21.84629555 22.15914817 22.01003356 22.00235543 22.09596092 21.97960791 21.27078034 20.48069467 19.93984967 19.67241857 19.54215866 19.207874 18.93315937 18.66298666 18.42029632 18.27911211 18.24539662 18.22337425 18.2425982 18.27300846 18.30994569 18.2658834 18.18676527 17.98657268 17.69586985 17.56094498 17.50853033 17.53110434 17.40565948 17.30235895 17.20052107 16.72934168
-9999 -9999 -9999 -9999 -9999 -9999 -9999 -9999 -9999 -9999 -9999 -9999 -9999 -9999 -9999 -9999 -9999 -9999 -9999 10.18419186 13.18210198 17.12174269 20.46929027 21.72133262 21.26187514 20.55829898 18.43053257 17.42758925 17.60176162 18.72994687 20.3373483 21.39668081 22.14738806 22.41094138 22.29787416 22.23875257 22.20502487 22.0324219 21.38350548 20.78521352 20.30543068 20.01371855 19.89080354 19.6183077 19.46916907 19.2271577 18.9224096 18.72345425 18.51020337 18.33629116 18.21674567 18.16173413 18.10826298 18.01050734 17.89625761 17.76666365 17.63014631 17.46737374 17.39151846 17.31380135 17.10037464 16.87961718 16.348315 15.33314717
-9999 -9999 -9999 -9999 -9999 -9999 -9999 -9999 -9999 -9999 -9999 -9999 -9999 -9999 -9999 -9999 -9999 -9999 -9999 10.67537239 13.8906029 17.99825419 21.26898144 22.40430244 21.86497591 20.80008497 18.65006491 17.62031153 17.7993688 19.19031314 20.77658896 21.78351947 22.41197493 22.64562582 22.46214111 22.31693919 22.10043413 21.66719073 21.32287537 20.81930968 20.42082297 20.18903236 19.89736534 19.85363693 19.81321081 19.60355562 19.3503777 19.03872091 18.8051708 18.57986015 18.38234123 18.27336862 18.12752969 18.02316008 17.88139522 17.74719051 17.71092074 17.55455182 17.40117694 17.18142707 16.59010421 16.07146405 15.2066218 13.24768966
-9999 -9999 -9999 -9999 -9999 -9999 -9999 -9999 -9999 -9999 -9999 -9999 -9999 -9999 -9999 -9999 -9999 -9999 -9999 11.22580164 14.54903258 18.8516996 21.97319353 22.95280226 22.24898036 20.95157204 18.88716026 17.70103863 17.83046592 19.58337539 21.1400865 22.12334605 22.693072 22.88813872 22.70906958 22.58691435 22.23092646 21.80314561 21.49416995 21.1073616 20.73781294 20.46250946 20.20790096 20.19032673 20.18698386 19.98456219 19.6744985 19.33931318 19.08391225 18.83670969 18.62584263 18.46091113 18.29397671 18.17043765 18.04212525 17.93515766 17.89037252 17.69482857 17.52445479 16.96996234 15.94981165 14.67735333 13.03525448 10.89706315
-9999 -9999 -9999 -9999 -9999 -9999 -9999 -9999 -9999 -9999 -9999 -9999 -9999 -9999 -9999 -9999 -9999 -9999 -9999 11.69133238 15.33745289 19.62691135 22.75269289 23.35205167 22.43316279 20.96326182 18.88218105 17.649572 17.71661295 19.88878026 21.44027803 22.43163084 23.05413939 23.22703421 23.07375997 22.97667535 22.72646368 22.42253815 21.98115804 21.62724135 21.28912211 21.00428022 20.79155463 20.6745336 20.62109434 20.37910682 20.02974014 19.64952239 19.38078751 19.13480079 18.89799399 18.73281226 18.56900648 18.41167088 18.31748862 18.19907919 18.14570501 17.95138702 17.66910012 16.97026891 15.31973112 12.9754797 10.17661888 -9999
-9999 -9999 -9999 -9999 -9999 -9999 -9999 -9999 -9999 -9999 -9999 -9999 -9999 -9999 -9999 -9999 -9999 -9999 -9999 12.11938526 15.95360514 20.07759617 22.77458686 23.27316028 22.09301533 20.57935258 18.70950763 17.38857418 17.85623712 20.03113932 21.60910669 22.68742875 23.30450023 23.51162184 23.35026387 23.28079636 23.08032107 22.81610228 22.45295592 22.14191459 21.8120716 21.52719456 21.31158738 21.13058533 21.00429845 20.71193328 20.34102914 19.96398458 19.67804307 19.42460992 19.17082334 18.97016045 18.80295245 18.63675631 18.53065961 18.4006182 18.3372133 18.09876144 17.82297622 16.96268161 15.00709722 12.11709297 9.21640579 -9999
-9999 -9999 -9999 -9999 -9999 -9999 -9999 -9999 -9999 -9999 -9999 -9999 -9999 -9999 -9999 -9999 -9999 -9999 9.05351758 12.71312753 16.70271061 20.69967846 23.06463461 23.05169557 21.56695284 20.13021348 18.39338096 17.03813791 18.28241299 20.26798994 21.79213083 22.98620432 23.66662996 23.82727033 23.62672673 23.49604468 23.35608669 23.08223659 22.83509884 22.56792912 22.24887675 21.98276897 21.73301245 21.48282883 21.2993473 20.97395763 20.6263721 20.26220767 19.96644533 19.70131926 19.41727901 19.20089336 18.98128062 18.79969154 18.66880853 18.51335776 18.45870224 18.25689206 17.87284545 17.18292264 15.07967871 11.98066374 9.01793777 -9999
-9999 -9999 -9999 -9999 -9999 -9999 -9999 -9999 -9999 -9999 -9999 -9999 -9999 -9999 -9999 -9999 -9999 -9999 10.15533405 14.52482005 18.54019693 21.86000774 23.30953547 22.89866063 21.01826173 19.77722572 18.42619225 17.80048452 19.1839475 21.106674 22.546656 23.49853357 23.98893937 24.17008027 24.04402821 23.92666231 23.7748826 23.5542061 23.2339542 22.90638528 22.556806 22.26414018 22.00354635 21.71838195 21.45808249 21.11764517 20.7924456 20.50935224 20.21767555 19.94529304 19.64107255 19.38682404 19.15904528 18.94230309 18.75311611 18.54466021 18.42324353 18.14646701 17.91381386 17.18594636 15.14890566 12.06881273 9.20689974 -9999
-9999 -9999 -9999 -9999 -9999 -9999 -9999 -9999 -9999 -9999 -9999 -9999 -9999 -9999 -9999 -9999 -9999 -9999 12.17426521 17.2037723 20.81200359 23.08780533 24.41480566 22.72179484 20.44894323 19.5615974 18.56160549 18.76993873 20.32001704 22.31633013 23.55814314 24.0650417 24.44669099 24.47261732 24.43267969 24.31181189 24.12399677 24.05676644 23.55131464 23.14753048 22.80374675 22.53278426 22.22695829 21.92372968 21.58979371 21.23494603 20.99339928 20.73304623 20.4419387 20.16862137 19.85665292 19.59195339 19.32975095 19.08654907 18.85055173 18.5946231 18.43759356 18.09636649 17.8635441 17.35219419 15.33878315 12.17574233 9.07697962 -9999
-9999 -9999 -9999 -9999 -9999 -9999 -9999 -9999 -9999 -9999 -9999 -9999 -9999 -9999 -9999 -9999 -9999 -9999 14.93375147 19.62210477 22.57763079 23.57532361 23.4624544 21.92519091 20.11469282 19.29738137 18.74603225 19.87577032 21.51801654 23.19530948 24.24535999 24.52647615 24.54332784 24.57863844 24.53689279 24.37007783 24.09540122 23.81514341 23.57950108 23.38153928 23.10312599 22.8312704 22.51068813 22.16982142 21.81933088 21.45623091 21.17451036 20.91579048 20.64168506 20.37338295 20.05789912 19.77518898 19.49470169 19.23274599 18.99635307 18.72426854 18.53182227 18.27584358 18.04135023 17.44185858 15.41438916 12.245575 9.43257401 -9999
-9999 -9999 -9999 -9999 -9999 -9999 -9999 -9999 -9999 -9999 -9999 -9999 -9999 -9999 -9999 -9999 -9999 13.50850879 17.65274332 21.99002163 24.14738728 23.65320874 22.94626716 21.36423717 19.81631762 19.16108065 19.6836165 20.87245575 22.53810212 24.01862906 24.85057023 24.79466041 24.58953905 24.69412368 24.60059563 24.34396577 23.9593985 23.45347263 23.5336039 23.59228378 23.4265165 23.16555042 22.82955807 22.4287592 22.08305647 21.72375976 21.4540441 21.15875713 20.83969349 20.57991527 20.25083697 19.96568766 19.65957166 19.394795 19.18278053 18.96876136 18.86497359 18.43916513 17.80320567 17.28071356 15.14692266 11.85194919 -9999 -9999
-9999 -9999 -9999 -9999 -9999 -9999 -9999 -9999 -9999 -9999 -9999 -9999 -9999 -9999 -9999 -9999 -9999 15.0141379 19.34991506 23.08494107 24.64597526 23.81482772 22.41525498 21.34207087 20.36216504 20.07294202 21.09721075 22.38562079 23.55245694 24.49202929 25.0502766 25.06483418 24.92692006 24.9116137 24.79563022 24.52169764 24.06649449 23.67715825 23.73623723 23.86921634 23.72607111 23.4357487 23.03493901 22.68223458 22.36408648 22.002019 21.70079764 21.40775235 21.10175723 20.8237683 20.47615845 20.14804314 19.8507173 19.57541779 19.42424967 19.0902084 18.91160209 18.34359628 16.95345877 15.19787953 13.01676791 -9999 -9999 -9999
