meets/meet004/data/CCSM_21k_neotropic_bio12.asc
NCOLS 154 
NROWS 168 
XLLCORNER -112 
YLLCORNER -55.5 
CELLSIZE 0.5 
NODATA_value -9999 
[rows 58 to 86 of 168, columns 64 to 127 of 154]
2514.38213 2233.140359 1956.519827 1760.664814 1699.761553 1797.72499 1985.446531 2138.231467 2156.528941 2134.94403 2179.349673 2291.136828 2408.406738 2500.262674 2563.85641 2606.087656 2680.730742 2748.78484 2779.24658 2806.051086 2799.843125 2769.697976 2731.32763 2648.348866 2577.084944 2498.463616 2387.283138 2323.086463 2264.147124 2216.621543 2221.264413 2254.089743 2274.997749 2334.813689 2354.840822 2388.236909 2451.419219 2481.45422 2532.727643 2520.936336 2506.507611 2516.19929 2463.703605 2396.78811 2244.90325 2096.674593 1973.321768 1822.324987 1724.418977 1630.57764 1596.55214 1602.507275 1611.384693 1658.301633 1696.926424 1757.664115 1817.006989 1847.302306 1890.562885 1936.895855 1949.749081 1970.841075 2006.616029 -9999
2349.627506 2103.887544 1798.164071 1658.885448 1611.352695 1742.530472 1901.941885 2032.888319 2068.001801 2075.273657 2090.902512 2233.182965 2376.273245 2455.22347 2535.026406 2580.847254 2640.097528 2700.10316 2707.585669 2685.131752 2680.682838 2642.511506 2587.636825 2532.475781 2443.076037 2368.265172 2330.808668 2274.851428 2267.734051 2249.542763 2253.413017 2304.914324 2338.20764 2385.242136 2457.883399 2474.155986 2555.201152 2574.74256 2596.66489 2636.369934 2619.422237 2632.301911 2562.104057 2474.093465 2348.041181 2201.30283 2065.62318 1903.548935 1813.201193 1716.597322 1677.560208 1670.104806 1682.375123 1738.353284 1782.2955 1843.280374 1894.419835 1933.041966 1973.25134 1993.062894 2032.057024 2052.185556 2037.94332 2076.562369
2231.068966 1982.578157 1718.717459 1579.207355 1568.438929 1657.577912 1788.439595 1909.255985 1965.405992 1991.115181 2052.809918 2168.933806 2295.857475 2388.499816 2471.264934 2508.107921 2551.20434 2593.056603 2583.201925 2560.784969 2534.536717 2483.124643 2435.51216 2371.345974 2309.795354 2277.461882 2255.663499 2237.376953 2238.767433 2251.671716 2270.615795 2325.008221 2377.741701 2457.359001 2517.146526 2542.89902 2617.924627 2654.975373 2706.547204 2722.452235 2690.920814 2693.807487 2645.810165 2574.195382 2448.000069 2298.341437 2163.689116 2016.327864 1918.800273 1823.493167 1791.595017 1786.012544 1790.090321 1838.090882 1882.760195 1949.056137 2003.018819 2034.836958 2071.887883 2085.400847 2088.23654 2090.54993 2091.829701 2082.76044
2170.702064 1894.170734 1644.520706 1537.501491 1513.481592 1612.308354 1735.757494 1844.109516 1894.90617 1926.969829 1973.12517 2099.502938 2222.509826 2297.398653 2380.482342 2413.785937 2457.961719 2483.729173 2477.225716 2438.817893 2415.309691 2366.538674 2315.788037 2280.221241 2217.22838 2190.811884 2191.680137 2169.157281 2203.672316 2233.758945 2253.470458 2337.475491 2388.214006 2449.734428 2530.340295 2563.310967 2650.061094 2672.520487 2696.796982 2734.152778 2719.703077 2727.35086 2671.620742 2607.357328 2508.033787 2388.893407 2268.055346 2129.468089 2045.747303 1949.840611 1912.554959 1903.106446 1892.004009 1955.147778 1994.471949 2052.050526 2102.437923 2151.509739 2176.780078 2183.770671 2184.237426 2177.015523 2149.336757 2154.737907
2102.201888 1852.672669 1626.157236 1511.880855 1493.048859 1559.866644 1645.410586 1738.973292 1790.26897 1844.004579 1910.187262 2009.518175 2109.881048 2196.562704 2273.271142 2307.05726 2332.510445 2352.294095 2334.436318 2307.820091 2279.236174 2231.662066 2191.099034 2146.320395 2113.45712 2103.945192 2106.555596 2119.767302 2159.181839 2204.591585 2246.759745 2323.105194 2392.316686 2478.246186 2547.342289 2573.427466 2642.906617 2685.6688 2722.881335 2743.555656 2715.293629 2714.16567 2678.766265 2625.819285 2545.041542 2438.180334 2336.273958 2236.586349 2155.810274 2084.307298 2061.211999 2048.419219 2050.81865 2087.301478 2121.793226 2185.264567 2234.059685 2266.544229 2286.098328 2290.6662 2280.789838 2262.143565 2234.245384 2213.354881
2073.323914 1812.597511 1573.424016 1501.272698 1461.445353 1525.451937 1588.2945 1658.227589 1710.782602 1776.215699 1833.67428 1939.51451 2031.448568 2101.002166 2168.212379 2199.787671 2224.29862 2229.985367 2220.0679 2186.075609 2160.766553 2120.739054 2085.110416 2063.340861 2035.76944 2033.351727 2048.417776 2066.624643 2113.392772 2170.887456 2215.544545 2304.102746 2375.877136 2442.10734 2525.844719 2559.19576 2628.953669 2655.541863 2677.9803 2705.065709 2694.272094 2692.958934 2651.693874 2606.695993 2544.326207 2470.302139 2391.256524 2321.826676 2269.075658 2216.64917 2201.801547 2189.473312 2197.086043 2231.880057 2257.368879 2301.519769 2344.186558 2384.037786 2391.345589 2391.573694 2378.912714 2348.416686 2313.434044 2287.786757
1982.257445 1759.856146 1573.785582 1478.507638 1453.09529 1489.023063 1525.143482 1569.712182 1631.757079 1699.090939 1765.049211 1840.33495 1916.692104 1988.713498 2054.18751 2081.710123 2092.551258 2098.897512 2080.343745 2060.199324 2039.929499 2005.746793 1979.55287 1958.82154 1949.346688 1958.358866 1979.420977 2010.701213 2065.187264 2127.975244 2181.141458 2268.368272 2346.823216 2434.013228 2507.423418 2533.596348 2592.324474 2631.773724 2655.709182 2673.363858 2649.032795 2635.513199 2617.659456 2572.821598 2524.446754 2464.081536 2406.246168 2362.556676 2317.563029 2295.044951 2297.067831 2295.29235 2309.548466 2330.723224 2358.397012 2410.565067 2446.377531 2469.90226 2482.787458 2478.160981 2461.089798 2426.215607 2389.245824 2363.698438
1879.75236 1686.418822 1507.732159 1468.434762 1472.487545 1488.974275 1483.95944 1501.180265 1572.302294 1625.671978 1673.736467 1765.029599 1823.745704 1873.884004 1941.012223 1968.150547 1977.646532 1980.408447 1967.479025 1947.824059 1930.935004 1897.785518 1886.352295 1882.695083 1871.473472 1887.161411 1915.984034 1951.372458 2006.012543 2076.476099 2135.407125 2241.759589 2309.676439 2368.033079 2460.724283 2494.62286 2571.873429 2581.773225 2587.816137 2616.870917 2599.836883 2600.66978 2570.802644 2531.459067 2491.293286 2446.308117 2402.715679 2377.286322 2365.837729 2345.792405 2355.80641 2356.856875 2384.030808 2426.666461 2438.433741 2481.80545 2510.909586 2543.96266 2553.59795 2541.085344 2524.868598 2492.712475 2451.660023 2426.407249
1774.795319 1600.149698 1501.211561 1456.825679 1439.158792 1460.933694 1470.046666 1461.126551 1492.528452 1557.455754 1610.946814 1654.750662 1722.572879 1783.034393 1832.832966 1854.598016 1866.977327 1870.927227 1856.652859 1843.578692 1831.935943 1813.27412 1801.42937 1795.619304 1800.686714 1821.535981 1853.883131 1894.088999 1954.339409 2021.877231 2079.300864 2169.380179 2249.519769 2336.370654 2410.144955 2439.101697 2495.207997 2532.311272 2554.602753 2568.314623 2552.502852 2542.138905 2534.488325 2500.661385 2472.715771 2444.129719 2408.984731 2390.63291 2372.183099 2374.85103 2396.175719 2407.41164 2432.440298 2454.236271 2485.71651 2527.547587 2552.00473 2571.680351 2581.481896 2578.121929 2566.028028 2536.353184 2505.357441 2485.922592
1698.433519 1558.23288 1445.305994 1403.671507 1417.73879 1460.748678 1460.54138 1431.344225 1473.339042 1496.359226 1508.714975 1564.220842 1638.483593 1680.629599 1727.061399 1746.768764 1762.290382 1770.794589 1761.815307 1747.258838 1740.627712 1726.056817 1723.208454 1724.867933 1730.429201 1753.591877 1787.134304 1832.367175 1887.315832 1957.303358 2016.380617 2106.702351 2186.295066 2251.923806 2336.377866 2372.31358 2433.631375 2465.50135 2481.326328 2506.754021 2501.48294 2501.575508 2494.896456 2473.713206 2458.583827 2444.528048 2413.711166 2405.927616 2400.642433 2400.910739 2417.136969 2420.144214 2451.059958 2476.144107 2502.090087 2535.588549 2549.398885 2581.832985 2584.429052 2590.699733 2583.572911 2557.557943 2542.470507 2519.060694
1640.818512 1557.176736 1469.870251 1425.882943 1455.76832 1494.064578 1509.078827 1480.217717 1468.044506 1440.083687 1458.072352 1499.102543 1555.13776 1606.937885 1639.091812 1651.697487 1671.425026 1685.850733 1677.880731 1664.936409 1659.040747 1654.833059 1654.476253 1656.059978 1664.276484 1688.912083 1726.201401 1769.897825 1827.418627 1890.356961 1946.164274 2029.695139 2107.026929 2187.535066 2261.057608 2296.678958 2355.085611 2399.441815 2429.700234 2451.814263 2450.48579 2457.051856 2464.419512 2454.572237 2453.82649 2452.536002 2434.538405 2432.554232 2420.288152 2421.660393 2443.216112 2445.112215 2465.329686 2474.236573 2502.005269 2532.195799 2542.458598 2561.473203 2566.88803 2575.879674 2573.644773 2555.880034 2546.63518 2534.379199
1622.895334 1567.884396 1481.953335 1469.88093 1482.392454 1549.724925 1554.684802 1537.695506 1469.706349 1399.538543 1369.404281 1424.032065 1495.497073 1515.260529 1551.688777 1559.889525 1579.271217 1608.978178 1595.556942 1585.452288 1583.377712 1577.920339 1588.499408 1591.229955 1596.408973 1620.317666 1659.009796 1702.903916 1751.634255 1814.477519 1869.197513 1954.716807 2022.329685 2080.295149 2166.4438 2207.420291 2273.90833 2315.802288 2335.042844 2382.282483 2394.616385 2404.60336 2425.557341 2427.065199 2440.830268 2449.938426 2433.089494 2451.58023 2438.775292 2437.180468 2451.713636 2436.772257 2462.42606 2468.643833 2487.057137 2508.801555 2507.21211 2532.205995 2530.924886 2542.181231 2542.413797 2525.193621 2529.702922 2519.895499
1666.911801 1634.151123 1553.517746 1531.695985 1531.189917 1570.64197 1585.774595 1552.057403 1479.130188 1371.42777 1348.751957 1393.78297 1425.68023 1465.972553 1483.512761 1485.633097 1513.272784 1536.127805 1534.380589 1519.818822 1515.83136 1521.019196 1525.586749 1530.53252 1533.237886 1555.250821 1593.329629 1632.963823 1685.541642 1738.67456 1789.13373 1862.788783 1931.888039 2005.326722 2074.691753 2117.815858 2181.953848 2237.09844 2282.244089 2321.51649 2340.060971 2370.771978 2395.517748 2412.889359 2428.002552 2446.777159 2452.672618 2457.531217 2452.366649 2445.304326 2459.453144 2454.828503 2454.914866 2454.881798 2459.821968 2476.088221 2476.147298 2483.871114 2480.117199 2484.628822 2483.757356 2472.977829 2472.96312 2467.12391
1685.822406 1694.584551 1666.114017 1621.611638 1583.429867 1627.995698 1628.898058 1606.143391 1512.314574 1378.970386 1314.109652 1344.495629 1383.718491 1395.433949 1418.581504 1418.967876 1447.337858 1477.104246 1470.07778 1459.305895 1456.466469 1458.182531 1467.655003 1471.311978 1471.1219 1488.80243 1524.785155 1561.879816 1604.771555 1656.697854 1705.483933 1778.062226 1839.273778 1893.269574 1971.551599 2017.375064 2086.275859 2142.728359 2176.19413 2242.076173 2274.129749 2307.900678 2349.716201 2369.41152 2397.340321 2421.32393 2423.127885 2446.785199 2446.179182 2433.043797 2440.914601 2424.074411 2430.696196 2425.736429 2421.315426 2435.024585 2427.854707 2436.457534 2427.999838 2426.47206 2423.520397 2411.767429 2413.237552 2407.310391
-9999 1734.955801 1815.214865 1771.472366 1699.388272 1686.804194 1678.830238 1660.358909 1533.487214 1413.297444 1352.137926 1350.193231 1349.625654 1362.975185 1369.770417 1369.863494 1402.843561 1426.724038 1425.810287 1413.492043 1406.211298 1414.305272 1418.864458 1421.300275 1418.151658 1431.886601 1465.065161 1495.431491 1540.156494 1577.648982 1625.416539 1689.938485 1748.207519 1814.493291 1865.528484 1922.966505 1992.145145 2053.83616 2113.558677 2156.281588 2201.450337 2261.714806 2306.894287 2336.622761 2353.286629 2373.692544 2406.009326 2415.428544 2411.863327 2400.143778 2397.093142 2394.667678 2382.718443 2378.742065 2372.953391 2378.485421 2379.803622 2379.806589 2370.766212 2367.863137 2361.420287 2343.71684 2338.782537 2325.424336
-9999 -9999 1870.811728 1829.768972 1747.32861 1760.192756 1717.894397 1733.525845 1623.375081 1482.95753 1398.250986 1369.862762 1350.790455 1330.10847 1345.182616 1333.914353 1355.072081 1372.912098 1375.878356 1372.862622 1368.663552 1366.132621 1370.735652 1373.372802 1370.745865 1381.307888 1406.679685 1431.530278 1466.255672 1507.371003 1545.846985 1605.655399 1653.024604 1706.908685 1774.453859 1823.499646 1890.592391 1942.907402 1999.203708 2075.693991 2124.142963 2176.447339 2222.920072 2258.675857 2297.642646 2325.690499 2330.555406 2347.05497 2351.237408 2335.455384 2335.507255 2315.910657 2313.924479 2311.925905 2304.487039 2318.067 2318.39209 2325.500256 2315.537013 2301.283108 2295.683835 2281.553592 2274.588421 2251.708791
-9999 -9999 -9999 1895.987378 1774.919752 1776.137445 1798.84332 1797.587544 1702.268742 1609.8533 1501.454938 1398.129616 1401.643781 1341.439493 1320.120724 1317.334617 1322.345283 1333.39788 1337.428722 1335.914616 1331.177962 1333.846088 1333.358288 1331.878891 1332.110787 1339.416597 1359.388893 1377.848709 1409.800353 1439.671749 1477.220157 1531.620498 1574.386879 1626.508509 1677.591572 1730.724637 1800.640151 1846.632066 1913.69184 1974.535858 2030.518501 2098.624837 2146.08385 2190.169679 2223.319021 2247.301942 2260.092343 2268.506172 2265.457608 2249.546658 2238.317797 2232.249326 2219.32825 2227.565015 2228.623293 2234.503834 2249.629822 2254.861956 2244.850674 2240.065884 2226.890116 2208.016081 2197.460771 2167.747596
-9999 -9999 -9999 1840.63482 1757.071762 1767.312694 1811.928868 1856.975162 1824.217486 1787.022201 1711.446835 1585.052482 1463.174596 1403.075099 1351.000063 1322.62684 1293.85381 1296.792963 1292.395736 1295.037469 1291.194093 1292.01886 1294.400566 1292.121448 1294.558264 1300.426259 1313.833532 1331.485055 1354.67114 1382.401296 1411.216943 1452.823481 1496.858854 1542.750828 1593.256247 1636.703193 1693.31401 1752.929915 1809.662299 1872.491052 1923.087813 1980.174975 2040.628138 2077.239636 2119.885954 2144.396842 2147.927478 2157.983902 2148.686802 2140.331406 2138.101905 2130.498887 2125.220271 2128.558093 2137.293265 2148.155072 2160.605956 2170.227479 2170.024029 2163.290219 2151.461943 2135.396426 2115.099088 2087.660655
-9999 -9999 -9999 1697.574439 1666.744277 1729.649888 1838.725404 1895.249346 1951.431853 1997.36862 1912.681538 1742.164443 1593.436108 1473.310703 1383.865668 1346.068994 1276.020096 1281.909038 1267.756011 1267.068722 1263.609036 1264.59415 1260.895289 1262.362007 1262.893382 1267.327581 1280.794551 1293.264942 1312.285236 1331.454484 1359.25762 1400.182641 1435.406386 1474.938243 1519.150266 1563.846662 1621.268506 1666.009875 1725.231811 1777.214479 1829.62504 1891.124129 1931.68156 1984.150736 2020.086527 2041.101703 2054.925079 2056.520974 2056.020038 2045.01405 2037.669388 2036.036392 2023.596485 2035.535616 2040.233056 2046.320063 2070.145401 2074.252852 2074.90201 2077.120036 2062.9924 2046.718461 2025.686983 1997.882164
-9999 -9999 -9999 -9999 1570.343871 1664.485172 1777.472064 1884.716581 2080.882009 2209.165427 2209.994538 2005.772932 1799.502275 1651.877575 1488.275903 1399.080723 1345.526947 1289.704436 1260.689717 1249.344492 1235.883075 1223.994899 1225.595083 1221.393648 1225.118037 1229.204887 1238.010278 1250.312553 1264.822463 1282.618765 1303.534411 1333.990828 1369.030825 1403.512582 1445.023225 1483.298799 1530.767381 1583.823829 1631.898536 1684.467809 1726.871847 1772.164951 1820.068863 1859.2234 1897.345039 1920.636684 1932.802522 1941.265982 1938.864063 1938.406402 1937.246977 1931.56297 1927.997681 1933.915957 1939.375314 1946.018951 1962.918047 1973.909872 1985.367473 1988.418905 1979.219752 1964.013349 1939.671893 1911.402996
-9999 -9999 -9999 -9999 1417.572805 1588.76274 1732.794049 1859.538812 2143.182809 2404.686193 2425.225255 2258.692647 2052.831461 1834.917027 1657.275018 1529.204304 1389.587121 1352.715244 1276.403501 1244.84253 1226.701992 1192.530446 1198.946856 1193.660301 1191.657399 1194.552034 1205.202047 1209.781252 1224.994501 1236.479703 1257.542956 1288.785374 1313.269445 1345.821533 1383.465898 1422.318396 1472.217386 1513.070927 1566.218011 1608.269769 1648.378868 1695.015639 1723.797159 1765.302495 1795.011149 1814.464311 1836.459067 1843.744572 1846.615735 1846.008677 1843.782281 1842.285177 1836.979573 1842.199405 1839.783214 1842.817815 1870.257208 1874.177214 1885.878628 1899.95462 1890.541108 1877.060364 1852.788068 1822.679007
-9999 -9999 -9999 -9999 -9999 1461.948913 1706.722122 1909.983594 2183.246707 2395.444102 2487.782714 2433.578973 2357.564036 2206.285126 1999.12414 1857.033194 1735.802948 1541.030977 1419.460665 1325.703921 1246.46721 1202.082534 1183.940443 1166.119925 1163.632059 1163.270035 1161.666331 1170.76515 1179.588033 1193.679214 1211.425663 1237.293693 1267.652762 1297.90543 1333.062697 1369.508518 1415.193034 1463.03173 1500.395017 1540.953733 1570.710734 1599.828417 1633.083162 1661.532726 1690.477868 1710.275286 1725.857407 1739.881048 1742.705599 1745.708028 1746.450598 1743.39657 1743.363656 1743.538331 1746.022056 1747.073859 1763.385387 1775.703987 1793.070994 1805.794208 1802.188987 1789.330916 1768.060825 1731.03725
-9999 -9999 -9999 -9999 -9999 1327.488772 1675.293983 1960.089728 2157.785052 2346.898651 2431.236163 2495.235152 2623.963165 2588.771953 2465.563219 2337.234051 2224.794976 1880.022275 1698.005734 1539.19046 1401.51655 1249.307663 1202.674054 1185.930104 1138.172235 1135.757025 1125.187069 1131.849847 1140.008598 1155.314228 1174.157942 1203.10706 1233.675883 1263.52771 1298.945967 1337.060265 1386.548238 1428.543277 1459.135745 1487.035214 1512.517975 1537.409925 1557.291605 1586.734169 1609.228835 1625.561943 1643.570908 1650.565929 1658.17385 1655.774938 1654.808531 1656.343166 1652.261747 1653.02511 1656.003649 1656.59758 1673.701861 1680.23097 1698.406426 1712.07325 1711.189037 1703.292986 1682.931636 1643.742436
-9999 -9999 -9999 -9999 -9999 -9999 1516.587857 1888.621801 2075.846192 2240.349494 2367.242561 2565.776985 2736.142917 2920.834694 3144.872247 3171.111463 2929.869654 2696.657728 2432.82274 2050.179983 1776.719118 1582.68969 1369.555458 1224.291689 1167.583049 1126.281744 1099.339268 1097.645 1099.854876 1111.621838 1130.516786 1163.459217 1199.099455 1231.896552 1269.464761 1305.737625 1346.043296 1385.950177 1410.026502 1431.754192 1449.396739 1467.303821 1488.889402 1510.241204 1534.068321 1549.504586 1561.70091 1571.231279 1576.327431 1576.867129 1575.988326 1573.28967 1567.94157 1568.969907 1567.773852 1566.310015 1580.653908 1589.934242 1606.11022 1618.90005 1618.183852 1611.909276 1594.961203 1555.345912
-9999 -9999 -9999 -9999 -9999 -9999 1311.036875 1840.565249 1906.105037 2135.869031 2269.329765 2486.027041 2722.72145 3154.690991 3587.287273 3726.846717 3579.458278 3495.2338 3202.800866 2718.558556 2390.684539 2091.64227 1620.844846 1444.850294 1247.096592 1134.354177 1072.277558 1060.242453 1068.09602 1071.458468 1089.147495 1130.50036 1166.027079 1199.859683 1241.287723 1279.920161 1319.715207 1349.078686 1367.401607 1382.091778 1394.697329 1415.253711 1429.900148 1451.640528 1473.155222 1484.720603 1499.435952 1502.632867 1511.988436 1511.250467 1511.061651 1506.394555 1493.738741 1493.172945 1486.736878 1487.007512 1507.863655 1505.424008 1517.961348 1532.596059 1529.017813 1524.418114 1512.125221 1472.309014
-9999 -9999 -9999 -9999 -9999 -9999 -9999 1324.740322 1656.460324 1948.268842 2153.59038 2371.018028 2617.745567 2977.487933 3407.085777 3663.297967 3823.867208 3948.631921 3867.625236 3734.139198 3388.145169 2758.101695 2168.40208 1756.611797 1372.054838 1196.101829 1108.397883 1058.888902 1043.112336 1043.931868 1061.571555 1097.993054 1136.994325 1176.586581 1216.678724 1250.703156 1283.970054 1311.953818 1330.429577 1342.03537 1354.290232 1369.4484 1383.79627 1404.491254 1424.172338 1437.140177 1448.380817 1457.276581 1462.564159 1465.540286 1462.048653 1454.486061 1442.863198 1439.702398 1434.310638 1432.386182 1442.494334 1451.0711 1456.187315 1457.644282 1450.993937 1443.737419 1423.664321 1384.760581
-9999 -9999 -9999 -9999 -9999 -9999 -9999 858.1048094 1274.543032 1698.707639 2024.757727 2246.534074 2490.749932 2812.283573 3114.997587 3325.918487 3661.989441 4033.377097 4072.60451 4270.063557 4045.955593 3300.838757 2637.166645 2158.247696 1624.148328 1342.79858 1200.145839 1073.259724 1056.1988 1042.543977 1044.246406 1080.60817 1112.386237 1149.064543 1190.723931 1222.15468 1250.397521 1276.23519 1288.345657 1302.611134 1314.242761 1324.735288 1341.769952 1357.075886 1379.934663 1394.265624 1402.39408 1416.09634 1418.374191 1427.248564 1422.895648 1410.205727 1398.332808 1386.995975 1384.996351 1382.043508 1392.787742 1399.746165 1391.150624 1391.800033 1377.722605 1359.753389 1343.276971 1297.869301
-9999 -9999 -9999 -9999 -9999 -9999 -9999 579.479949 946.3200266 1374.165245 1717.298893 2037.563601 2341.261376 2555.165289 2724.179767 2922.801497 3136.072276 3340.06112 3541.112484 3770.464547 3701.820595 3345.354265 3009.238488 2489.820191 1939.045547 1584.947626 1352.132863 1178.360602 1079.379201 1050.763107 1055.110324 1073.375584 1107.301565 1136.056565 1167.902272 1193.532595 1218.755252 1240.986928 1253.831578 1264.738266 1275.032363 1287.967298 1303.340356 1319.288284 1338.843498 1352.304 1360.868543 1375.108197 1382.10712 1387.542625 1384.84436 1375.519123 1363.514449 1356.044319 1353.018089 1351.77908 1358.644105 1362.607504 1361.789721 1351.707388 1333.124471 1310.302263 1276.949168 1236.006599
-9999 -9999 -9999 -9999 -9999 -9999 -9999 -9999 597.206931 962.3955003 1316.110724 1705.990211 2085.944907 2223.61004 2385.091778 2525.780394 2640.282014 2679.762877 2924.006671 3105.401493 3181.426603 3230.167198 3138.392768 2802.799758 2312.57743 1966.590055 1638.767888 1347.72046 1230.860612 1127.16479 1080.755165 1089.846228 1101.947485 1121.175698 1146.953838 1161.963556 1179.351117 1200.516889 1207.658772 1217.404408 1228.467322 1239.925791 1257.085772 1269.951552 1293.583176 1313.181904 1324.914564 1340.287076 1351.531263 1363.613284 1360.103594 1349.283812 1336.467504 1330.599177 1327.308067 1324.770823 1333.087722 1335.335657 1325.979666 1319.914203 1292.863931 1254.98231 1220.05415 1170.985369
