meets/meet004/data/CCSM_6k_neotropic_bio18.asc
NCOLS 154 
NROWS 168 
XLLCORNER -112 
YLLCORNER -55.5 
CELLSIZE 0.5 
NODATA_value -9999 
[rows 58 to 86 of 168, columns 64 to 127 of 154]
753.7367576 707.4786056 626.1480307 536.4566972 455.3768378 420.3188375 408.0726638 408.4758853 418.1432313 437.612058 464.6942822 499.4643084 531.8369114 554.6285309 575.8861428 596.049205 622.3575586 649.321132 671.8633543 694.090505 713.3103807 732.9014577 752.4644166 767.9094602 779.9126317 791.5915286 804.3169602 814.5699353 823.8956614 830.7328554 841.2737323 859.5657025 873.2589573 889.2852369 898.6836665 904.6359346 904.6126704 892.2758616 868.494665 829.023362 788.2743171 732.9786953 666.9917951 593.3421175 506.705641 430.9093134 355.2951435 283.1245458 230.9893008 185.9063624 161.0451459 145.5143207 134.8133752 131.0472132 129.0093312 129.5066732 129.2287505 127.0041675 122.5581065 117.8958984 110.4436352 100.7341644 91.82492438 -9999
695.4163616 645.310858 560.0013892 486.4703715 422.6410244 391.7688559 383.3659471 381.5770058 396.6507354 417.8784139 445.6744681 481.2383607 513.2493159 535.2838039 557.374828 577.7953923 604.9198784 630.0161872 648.8047568 666.4672137 683.1140415 703.3393034 717.8976133 733.2036756 745.5413177 756.2483483 776.3574836 789.7948836 807.8179898 825.0987626 840.0065423 860.8240743 880.435021 895.7349569 907.7860797 914.6835681 912.3740187 901.1852486 877.6082693 838.9566913 798.6290984 740.1247418 680.7915834 608.932327 524.4447836 451.776894 372.8728042 306.570782 254.5131651 209.1544224 183.9312601 162.9292142 153.2578107 147.0667999 146.3848931 146.5377995 144.4593017 145.6992319 141.0462641 138.4160835 132.0451458 122.2976609 117.1626385 107.5661491
625.9064812 579.4888046 506.0770237 439.9570095 395.09407 373.2060435 363.8346713 364.0808162 379.2824053 401.0436244 427.0000145 458.2044068 487.1392637 510.5514618 533.2683915 553.305205 576.9607916 600.3783067 618.5003683 635.1033969 649.6884808 666.158878 681.9251907 696.3720663 710.0166701 724.3914759 744.7993441 763.2328702 784.446054 806.1285807 825.943957 848.4476536 869.5205512 887.3602048 899.1755906 906.8318323 904.8268815 891.4583611 867.5996691 831.2850487 792.2137203 737.8305585 677.2936541 609.727667 533.8950223 468.5510308 398.3472377 333.4925667 284.3157026 240.558844 215.6172035 196.3488084 183.0918865 177.6076223 174.6511862 174.2933973 173.6392989 172.4951313 169.5470815 165.2593035 158.8252533 151.6890021 143.7360788 135.9380153
570.1688886 530.6866376 466.0154 417.1407254 376.958412 357.2994895 350.9703745 350.8215242 364.5685489 385.692152 409.993972 438.1263664 462.0484016 483.9668878 505.9133626 525.5822478 549.7368945 569.7087339 587.4589447 602.5196316 616.5114254 634.7795396 647.8646056 663.6676795 677.9088316 692.4117225 715.3495685 732.2929983 755.9088937 778.7049196 800.0089069 825.752772 845.7074743 865.0742268 875.5894446 882.6834701 880.488876 867.6170335 845.9476812 809.5757496 770.1843526 718.4358532 664.7754922 604.4926651 536.0984745 475.9021326 412.8558251 359.3039778 314.7982979 275.2673653 250.9314598 230.4304291 219.2712022 212.3275137 211.3541504 210.4890401 205.8665822 207.4598524 200.0442317 196.063398 188.5276861 176.6587316 170.5123363 162.2070357
510.6862191 477.6783492 432.7248612 393.4564726 363.2889201 347.4635745 340.4352605 340.7648226 352.745124 372.1216612 392.5653799 414.8161488 436.239374 456.9823667 478.2184175 496.9399464 517.1953395 536.2018883 552.6716755 568.5605545 582.0601536 597.9528766 613.104643 628.6439157 644.8856657 660.8957047 681.3864863 702.7786383 725.9978137 749.9935418 772.7189204 796.2547734 817.8969946 834.8033186 846.8702468 852.8189328 848.3741187 835.3326119 811.0406856 778.772172 742.8122258 694.8068498 643.4395824 589.0242101 532.2912473 483.4224268 432.2189945 386.2461497 349.4651518 316.359119 296.2668736 280.2234251 268.1918714 262.6100109 258.4386744 256.8932856 254.1857948 250.6916029 243.8317694 235.2581756 225.340982 213.9235625 203.3843641 195.4301435
470.8646404 443.2306106 404.8759568 378.8300386 354.4029596 340.3728089 333.9358258 331.4187916 344.2363202 361.3729587 379.4364517 397.5638117 414.2325954 433.2611332 452.9973094 470.6649519 489.7483303 505.4265038 521.6990579 536.7387818 549.8398187 566.3562079 579.758512 596.8563837 613.645417 630.3162762 652.5982217 673.0714882 696.2310832 719.601874 742.4695368 766.5588966 786.4353208 803.7468277 814.1906583 818.6086567 814.2262307 800.9463688 778.3652569 745.8847114 710.0655302 666.2049005 621.6421046 575.3460765 526.8479107 483.5230889 442.5318586 410.372425 380.2284096 355.5356129 338.4471031 325.0574185 317.5273575 311.0521211 308.1998117 306.0734723 301.8415901 298.2614931 288.0739621 277.149782 265.5658143 249.5290877 237.5296114 227.1253963
424.4353956 409.2610404 385.9720485 366.091168 351.0104765 339.7719044 333.0219735 332.7356288 342.1670365 356.3857255 369.8210041 383.3325226 396.8349908 412.9003909 430.9540468 446.5015676 462.1183226 476.918454 491.548944 506.2181424 518.9824125 533.9300831 548.4117126 564.7683308 582.3031885 599.3407068 620.2386066 641.6612095 663.7404412 686.9232262 708.428799 729.8725302 749.8863661 764.7350662 775.1490136 779.3987941 773.2269206 760.3275558 737.3310734 708.3475381 676.8619654 637.0761461 596.9884481 556.9258945 517.9189956 485.4855452 455.1079805 428.3976159 407.7675952 390.2490802 379.4054684 371.8437184 365.737353 363.0313881 360.0177248 358.2701012 354.2459077 348.1033793 337.865132 324.2412841 310.0686413 293.4751718 277.8385041 265.8065618
394.9928033 384.1241639 366.6121611 361.9616048 354.1304439 346.6991093 339.6606947 335.4659722 345.0212992 357.0490967 365.7124086 376.7877163 383.2538797 398.3568387 414.1318401 426.8198417 441.5450285 452.2373114 466.0589562 479.1702611 490.191869 505.6082434 517.8229032 533.6102685 550.6700186 567.1744916 589.9754686 609.236743 629.9767956 652.5926208 672.8121731 694.7730882 712.3937952 727.1137799 736.0131597 740.5452674 733.9961261 722.9632334 703.6477696 674.2867471 647.2807413 609.5698758 575.906712 546.1734154 510.5406629 487.1919137 461.2612278 443.2680066 431.9465269 419.6256152 414.5804331 410.0751292 409.1328262 407.8125822 408.179672 407.1434283 401.9158735 397.6249631 384.9150019 370.6385793 355.0426401 334.7126062 317.6662745 304.7244551
372.5801226 375.851277 371.4359175 367.3295147 366.5251899 361.4557775 355.4618637 351.4564643 354.6679729 363.278787 369.5232846 373.9594838 380.5442671 391.0345779 403.2167502 414.2230039 424.6241147 434.849445 445.7462083 457.1275114 467.0065414 478.8220046 490.9199906 505.2667925 521.2846936 537.298789 556.8509212 576.9887924 597.211452 618.2943782 637.6165111 656.5398768 674.6335352 688.4991433 698.6042338 703.1280856 698.5461078 688.6167693 670.6999278 648.0056384 623.1395041 593.140423 564.3136649 536.5072102 511.3521651 490.7684978 473.6118104 459.5546059 451.0160757 445.3852183 442.5199147 443.1125801 443.8533536 445.5490763 446.6205544 446.4150751 443.3340429 437.3603628 426.362513 411.2594774 395.502237 376.2628343 356.6376063 340.3979067
365.7814558 373.04506 375.2804326 383.0121166 386.5962869 384.9818266 378.8123428 368.8495496 369.7595483 373.8275746 376.2044 377.9562948 381.1422235 388.7609887 397.6950383 405.1655549 413.9159254 421.407456 430.072312 438.8714949 445.5668323 455.0378747 465.2246567 476.8680731 491.7225533 505.3952982 523.8359185 543.2687647 560.7390526 581.5841167 599.6840248 617.891212 636.4851585 649.6084508 660.7475483 667.4966978 664.899934 658.236573 645.3777101 625.8470222 606.5154048 580.960547 556.6192375 536.1708418 514.5226932 499.778576 485.8519047 474.5172736 471.3309305 467.7297612 467.8741888 470.3494164 473.6229571 476.6745928 479.0749884 479.5079597 477.4661492 473.3251749 461.6551123 446.6917854 430.3959998 409.600711 389.970738 370.8704118
96.87808759 376.4528635 392.9404242 406.6935353 415.9913731 416.6174367 408.6766923 399.6091145 390.1244961 385.6367926 385.7152202 387.2944812 390.0533187 393.9123266 398.3751718 403.9409221 410.2516835 416.9482496 422.1508216 426.7354779 431.3637238 438.2587396 445.7851125 455.2929496 466.2399149 478.3406486 494.6472085 511.5037557 528.8789469 547.0460801 564.0543424 582.1815795 599.7221099 614.7283971 627.1231971 634.9157482 636.5218006 633.8580367 624.9109702 611.5923832 595.1654348 575.3771764 556.4098314 539.1222322 524.0891218 511.4176395 501.4760381 493.9321361 490.1929391 488.795724 489.0530569 492.4514399 495.6874717 499.0177883 501.7940067 502.2396475 499.852357 494.1972138 484.000033 469.4669125 453.2151169 432.4973006 410.4288409 390.3425699
94.5606639 98.67470297 407.1162347 431.1101616 446.0304467 447.3037998 437.5540782 425.5073344 409.0917624 398.1267139 395.5055297 399.1250673 401.8778942 401.412532 402.9564104 405.1683991 410.2631656 416.9729177 417.753129 419.8898305 420.64348 424.3428226 430.2960564 434.4876802 443.846616 452.0757959 464.9117206 480.7759198 493.6329796 512.4589747 528.0225361 543.9268939 564.051027 576.9607226 592.7469976 603.73059 606.9465789 610.8691926 606.5676094 599.0436298 589.2232291 573.2150086 558.9830951 547.3330916 535.1936626 526.6765505 519.6736893 512.9735004 511.4456404 508.9489967 508.8329374 512.8600701 513.6763489 517.3485146 518.2849168 517.5114113 514.6067773 508.5739729 498.6418801 482.315373 465.3078269 443.6757726 421.3295511 400.9411148
89.81252638 89.89131867 420.1676769 450.8864823 465.3909441 465.0788661 453.6059211 438.0067201 421.2127314 407.846364 405.6028262 409.9535668 413.7921486 411.8695806 409.2990716 409.9647266 414.9878192 420.281036 420.4743303 418.5912776 417.5744298 418.841065 421.1174806 423.6495293 426.9162665 432.8692159 443.2695777 454.5711999 467.7149848 481.6909401 495.8289855 513.0946358 529.7085691 546.1864232 561.3445982 573.1526158 582.9706791 589.620102 591.5174101 589.6351702 583.3880318 574.5943083 564.7065154 555.9564949 548.4854346 541.6093465 536.318924 532.4487952 529.6813806 527.6732732 526.6169923 527.3043725 527.8567015 527.646545 527.0545547 524.7879959 519.3828991 511.1396952 499.2539743 483.161109 465.3463373 442.6489638 418.285344 395.9132906
571.553022 82.17940497 434.106367 471.5780911 488.7060282 486.694429 475.0631641 455.7591922 439.1061594 423.034432 418.3279641 423.3222959 427.5079269 423.0715286 417.5236217 415.9327542 420.824755 426.5889061 424.3402363 421.0078588 417.3965711 416.0061887 416.9085636 414.8421949 415.5737782 417.2587686 423.4657866 432.4089095 441.1205956 454.3267085 466.0483067 480.7259501 498.0580946 512.0717363 529.1384281 543.0123997 554.9068426 566.3368706 572.7294372 576.9484543 577.9304283 574.2681632 569.1633235 565.2254728 560.2229593 556.3521867 553.8328092 550.0989732 547.0975666 543.8049494 540.5824929 539.508074 537.2750229 534.6429483 530.7135207 526.1808282 518.3467962 509.4846681 495.6610215 477.3788153 458.0045046 433.1998671 409.5995193 386.8015619
-9999 71.52821864 454.5081911 497.6341261 515.0664693 510.7723521 496.5843468 479.802847 459.4312099 443.6902054 438.0082394 439.2116728 441.8124257 434.3855568 426.5605528 424.1101229 428.6448781 433.052683 430.5240486 425.4194943 421.2496279 418.7833689 417.0583121 413.402279 409.386584 409.7504516 412.9777535 417.6728014 424.7997802 432.2628703 442.3072395 456.6985574 470.2517393 485.5748484 500.2080225 513.3142632 530.0208806 543.3962347 555.3464748 564.4334268 568.5253017 572.4886126 573.6635286 572.6495366 569.7775415 567.4628983 567.2753607 564.9649411 560.3751175 555.56324 551.5291901 547.234979 542.8313052 537.1026049 529.357717 523.3518891 514.788595 503.168148 487.411548 467.0676368 446.232954 422.5952613 396.8061663 372.1054594
-9999 -9999 66.3672587 509.0310818 533.1264085 530.870217 518.9199915 507.2762003 490.5150763 471.7910561 462.5988212 460.991479 457.6804699 445.8990446 436.0944207 432.2371623 435.358143 438.8872606 435.6004096 430.2102626 425.3988819 421.6442075 418.669589 413.4505797 408.5708977 405.535199 405.3704295 406.8540868 410.5367967 416.7493724 423.2016715 433.4800336 444.7711245 457.6169739 472.7873218 486.2574825 502.3185556 517.7162132 532.0032813 546.2946727 556.2935637 564.6979487 570.7408161 573.4939282 574.576126 574.5827342 574.5169976 572.0544146 566.2308455 560.0892691 553.5065036 546.7230236 540.2434655 532.0681916 523.4679144 515.7852398 504.4999329 492.3514383 475.3866039 454.1156764 432.4583203 405.5468847 380.9485757 356.5411388
-9999 -9999 -9999 510.3719585 541.6883184 540.8641933 539.713083 534.5595661 521.2224 512.1291976 500.9069309 483.2988549 473.6021096 458.2191716 444.6317962 440.3188956 441.0847257 443.6567292 439.4337443 433.9363546 429.0841017 424.7778942 421.3934731 415.9041949 409.2641515 405.8936035 403.4841035 403.3202694 403.9848699 405.186256 409.9021606 417.7704573 425.5406778 436.5858394 447.9837786 460.2222657 478.1025109 492.7750705 509.7944088 526.1069341 537.8143632 551.7744506 561.6800235 568.4711091 574.2894305 575.7270039 574.3599728 570.6351822 563.5077259 554.3974738 547.0888558 538.9339917 530.7590046 522.2424968 511.7450464 503.542905 492.4698623 479.9582956 462.1746126 439.0023871 416.6910069 390.9098234 366.1837144 341.2872226
-9999 -9999 -9999 489.7832908 528.3732473 539.566344 549.7701471 561.4097012 565.3263844 562.1585542 548.9738906 524.8871237 495.1227083 470.7324282 454.5313215 448.3916705 446.2791422 445.468539 442.4967869 436.7753639 431.960467 427.5640364 423.2874217 417.8252843 411.3702614 407.0391471 403.5316063 401.0671602 399.5412019 398.4039027 399.6707612 403.8188155 409.4391755 416.9922333 426.2662017 436.6744076 451.9051901 468.0481139 484.8552986 502.275352 516.1486572 531.2936598 544.348484 553.9719953 563.3162015 566.1854412 563.5806759 559.9491876 552.068271 542.5593503 533.8455209 524.1270971 514.8888052 504.8361628 495.3056572 486.7729389 475.0598618 462.2215575 442.9379615 421.089616 399.4123559 373.9331365 349.1452448 323.1080611
-9999 -9999 -9999 444.5791571 497.9414019 520.3169815 556.7176406 581.5650099 605.7060114 624.4920063 611.3616289 566.2271454 524.2004497 487.2491773 462.361137 454.7414979 447.3854494 446.6953732 442.9434815 437.0333697 431.9541052 427.7863211 425.0005984 419.2980451 412.9744784 408.7050554 404.8064514 402.1741884 398.7698594 394.9019432 394.6510195 396.1906731 398.8010928 403.1320813 408.5980072 417.4926014 432.0598992 445.3435595 461.7302378 478.6632461 492.6056624 509.028083 521.6412497 533.5498455 543.8982196 547.8133682 546.3255632 541.3564546 534.7831907 524.5762222 515.7405611 506.0194151 494.9586608 486.8312855 476.2781281 467.5355642 456.1811803 443.204976 425.84327 403.1949813 381.5204861 356.9839039 333.2547925 310.076436
-9999 -9999 -9999 -9999 452.8949371 500.7967467 552.703749 602.8114219 654.9231684 694.0911635 687.0217491 630.8772368 569.7124843 524.270909 482.968188 463.8127249 453.7284392 448.4541113 441.9116642 435.9330764 431.1183305 427.1531915 423.5521725 419.1281841 413.6370046 409.56221 405.6400736 401.9359437 397.6664979 393.2644075 390.9107757 389.7662793 389.7161964 391.2232627 394.5573632 401.0121769 412.4740911 426.1231855 441.0844713 456.914594 470.0372241 484.1729027 497.7873932 508.9967773 519.5208387 523.3017913 521.7849225 518.236592 510.7953563 502.908116 494.2822728 483.7570175 474.2822158 464.5174106 455.0668225 446.408397 434.670214 421.5662429 403.5811992 383.5827692 363.5596826 339.9572843 317.1114703 293.5833539
-9999 -9999 -9999 -9999 398.023586 464.9524076 549.5726291 617.2271185 692.5234821 764.5246625 761.8723593 693.5730187 625.028934 565.3638287 528.0482983 499.3072379 457.7503548 464.558961 442.1788027 433.256473 428.1262844 424.3236684 421.0749224 417.812861 412.4949857 408.3848323 404.9155393 401.4023455 397.0577682 391.6613158 388.7428434 386.1314151 383.9036531 383.4148196 383.7601955 389.1672653 400.0830328 409.964096 425.1838159 438.9249406 451.252832 464.7771815 474.616487 486.3449854 494.0793597 497.6155594 497.7710176 493.8476695 488.8715221 481.0377171 472.922586 463.9339688 453.9871426 445.8848814 435.1064779 426.2817155 415.0636453 401.3852934 385.960708 365.5984523 346.3274649 324.4560738 303.5336894 282.4712186
-9999 -9999 -9999 -9999 -9999 412.4822001 525.8058245 631.7458396 720.6322702 787.4579442 797.9915896 754.4321915 721.6563576 672.2130166 614.4501536 581.6418797 551.8862964 510.6829291 471.0135402 451.5548197 431.4601734 420.1039999 417.2816372 412.9669882 408.9687453 405.4871836 401.79111 397.8610907 393.4701586 388.9895397 386.0599316 382.8740179 380.5725988 379.1846667 378.7228896 382.5348407 391.4979404 402.1174805 413.7783492 426.1086911 436.0074583 446.0506135 456.1471092 463.8460968 470.2154949 472.519168 471.4467863 468.7568269 462.93869 456.854783 449.8691356 441.4092601 433.20991 424.1929571 415.1663047 405.8306779 393.505177 380.0571369 363.7105713 346.0143291 329.1154972 309.190528 290.0294556 269.7513373
-9999 -9999 -9999 -9999 -9999 39.77172766 488.3634281 633.6395134 717.5888658 785.3007806 804.1902982 797.5848376 816.0139844 780.5972317 740.9314216 707.0009158 691.3267133 595.0982703 542.7454125 509.9191335 478.0723491 424.2527137 421.4137622 417.4967718 402.7678581 399.3729706 396.2047136 392.8456679 388.5133921 384.172958 381.911419 380.2853615 379.1901854 377.2481643 376.005799 379.5797176 388.327493 397.393567 407.1144556 416.7545299 425.254162 433.8636115 440.3837677 446.7226715 450.7288722 451.8691964 450.9671643 446.6859814 442.608627 436.2000804 429.8706006 423.0547016 414.1568383 407.7413619 397.7689336 388.238781 375.2999241 361.3866613 346.541861 328.8321542 313.2460576 296.3271078 279.3277152 262.1268225
-9999 -9999 -9999 -9999 -9999 -9999 417.8966749 562.1453606 664.0706398 741.8303969 781.5822893 832.0218538 867.3260796 899.401534 938.0621645 940.9633133 872.7997432 814.4303943 744.7639466 644.2489494 572.1237246 518.5200824 465.3801324 416.0841625 406.4487523 395.1686514 386.2129253 383.0094846 379.9020778 376.6082113 375.4854228 375.4432517 375.4138249 375.1338971 374.923837 377.7848415 384.7279767 392.4398379 399.6670266 407.0454437 413.1902873 419.4228925 425.6331523 429.5768023 432.4293597 433.0409576 430.7823708 428.3060787 424.3332091 419.756136 414.3950582 407.4967343 399.9430672 390.6700299 381.4838038 370.8291598 356.939871 342.9382933 328.0074035 312.7436669 299.3988298 284.435471 269.874518 253.7043613
-9999 -9999 -9999 -9999 -9999 -9999 596.7015531 473.7589667 570.3723007 671.0600962 729.6528453 805.9125478 882.1485742 982.9148222 1106.811787 1146.101522 1099.250385 1043.120568 957.3667589 818.6969137 726.0240322 642.1108402 525.9094131 477.2590816 420.0861292 390.6510452 374.9105767 372.9826157 370.8454545 367.6964467 367.8459173 370.0883432 372.5660946 372.9430521 373.6255524 376.0710098 382.1214938 388.129061 392.3166876 397.6682786 401.7447635 407.9749841 412.2872677 414.9359381 418.1238321 418.6013887 417.0872759 413.8196228 412.3118037 408.0754569 403.2566368 395.9661008 388.0785431 379.3720159 367.7062621 356.4997303 341.7266114 327.5458232 314.8693924 299.6774316 288.2702776 274.3826048 263.1600781 249.9819328
-9999 -9999 -9999 -9999 -9999 -9999 -9999 336.0949184 450.7691139 554.4570185 628.7250814 741.4670253 840.120517 979.9090155 1110.086798 1187.705322 1234.076067 1246.740262 1190.660204 1102.783363 988.5402143 816.35256 650.0344885 545.9620397 445.1059072 401.452236 376.7628497 366.5960532 361.7265485 360.0131689 360.7695353 364.3364255 367.6968342 369.7329228 371.683596 373.8396725 377.3183433 381.2588743 384.5185298 387.6640579 390.9992486 395.2531794 400.095347 404.2044274 407.3640797 408.7217704 408.6858064 407.5351895 405.2449316 402.6527968 397.7966306 389.6567247 381.2006754 370.3015926 358.2045701 346.4527005 332.2445722 318.4476569 304.5975894 291.3697904 280.7779574 269.7941755 258.6381129 245.220766
-9999 -9999 -9999 -9999 -9999 -9999 -9999 369.7609263 301.9209139 418.8509616 500.8204696 620.0614101 744.0700677 903.4425617 1022.977614 1139.90717 1268.89049 1365.045279 1317.240366 1289.854022 1184.281902 959.2302502 757.6650754 632.9159915 497.5631147 426.0917515 390.6218959 363.3598492 357.8128514 354.2140773 354.3426168 358.7243121 363.8089535 365.9399002 368.1451952 369.2074662 371.5197973 374.1027158 374.3748278 376.8862128 379.0395155 382.9253886 388.3730485 393.1687961 398.4176394 401.3986943 401.7290701 402.8137052 400.830078 398.8465353 394.2195615 384.4399683 375.9526681 363.7400781 351.4641083 339.8773704 324.9860676 312.8166637 300.0296929 287.2260344 277.5010606 266.6493916 257.3095059 244.4049546
-9999 -9999 -9999 -9999 -9999 -9999 -9999 241.9650319 416.2602556 284.4360972 365.4887316 475.604821 604.65462 743.7273252 876.0640614 989.9242549 1119.667073 1180.692822 1208.252885 1215.56982 1146.845518 1002.23221 862.1013301 728.6515767 567.4626902 478.8920015 423.7716744 380.8632287 357.9808905 352.4421809 352.1110591 355.5214481 359.8161651 362.080448 363.4755467 364.1403123 365.1979742 366.0531012 366.321659 366.4039275 368.4063807 373.5732307 379.3772448 386.2860156 392.5293265 396.4630805 398.4278313 399.2152679 397.6971056 394.16122 389.1163421 380.8411403 371.059458 359.6940426 347.8231908 336.7030143 323.7482504 311.8290751 300.0412997 288.491874 279.1203159 268.7257311 257.9474201 244.0445072
-9999 -9999 -9999 -9999 -9999 -9999 -9999 -9999 257.8062386 424.6850599 235.7729306 337.1665524 443.6314937 547.4463792 697.7580164 812.5351258 914.3938281 976.5740644 1060.269655 1265.240646 1273.685821 1003.091983 918.8745149 810.360585 657.3183934 563.992545 488.7436945 413.166806 386.0556443 364.1201813 350.8457537 352.4266223 355.2001667 355.8724419 356.2299173 356.0091345 356.0754725 357.0559544 356.0971391 355.7053565 357.6727314 363.0075532 370.0724507 377.6025615 386.3820446 392.0030816 394.6221799 395.8988097 394.7923952 391.6163436 387.1464106 379.120886 369.5104267 359.4140008 348.1303198 338.1913408 326.0553518 315.4001458 305.09734 293.9383731 284.0316823 272.3449326 261.659275 247.2529914
