meets/meet004/data/CCSM_21k_neotropic_bio15.asc
NCOLS 154 
NROWS 168 
XLLCORNER -112 
YLLCORNER -55.5 
CELLSIZE 0.5 
NODATA_value -9999 
[rows 58 to 86 of 168, columns 64 to 127 of 154]
37.66438865 43.62387524 48.34815207 47.71080252 42.48202468 34.89158884 31.34863419 30.05539583 30.14069354 30.50736118 30.85550412 30.85019846 30.06169059 29.49811549 28.69787696 28.5685486 28.34910949 27.58948933 27.48541655 26.79918776 27.14572502 28.05234286 28.67820346 30.27525696 32.53217928 35.74773827 39.3004211 42.86205393 46.27948246 49.790683 51.84863299 53.35858059 54.85931357 55.42182785 55.75457517 55.60481655 55.50522457 55.20882526 54.69666384 53.92409583 53.51352352 54.5291597 55.18020641 56.92503446 57.19525655 57.44152721 57.9703907 57.6433196 57.42768327 56.6960734 55.93955562 55.72651013 55.62870575 55.90509109 56.8566027 57.08135814 58.34835491 60.01408332 61.43910038 60.48198108 61.61499947 61.92286383 59.76922895 -9999
44.6516214 48.76195469 52.4347189 49.97727387 43.88907209 36.24623916 33.15794613 31.92504929 31.82060555 31.7410039 31.86940522 31.27986763 29.88450445 29.73367229 29.2923053 29.25628865 29.07134985 28.99222775 28.83891295 28.84850928 29.24526515 29.06321578 29.81517017 30.90702026 32.76331641 35.19601249 38.16168923 40.89829132 43.58550731 46.52911893 48.06586975 49.95085648 50.93906736 51.39492235 51.86480289 51.71698829 51.80064162 51.46601632 51.04754049 50.86071322 50.71751135 51.98142093 52.1790843 53.34010191 54.47603689 54.62902068 55.42929869 54.90021002 54.35844544 53.72107436 52.86439799 53.05624081 52.42211421 51.99986162 52.54284036 52.64906286 55.10350402 56.18895412 57.80209633 59.88489528 58.6008169 60.59113107 61.9866633 60.52344543
51.10964281 54.37481244 56.17315896 52.7912416 45.30856827 38.60951005 35.8322849 34.64306062 33.9826173 33.358546 33.28816185 33.16675299 32.27642749 31.99165403 31.44843959 31.79976247 32.11800603 31.87219601 31.9399969 31.54308373 31.61370322 31.54996086 31.47337118 32.17761947 33.28928088 35.17094982 37.40487256 39.52269739 41.91977822 44.00777788 45.22653344 46.7382267 47.68607231 48.51995509 48.86466464 48.7047334 49.02884089 48.94698307 49.28265199 49.34841371 49.18960014 50.47896176 50.9738194 52.50458611 52.94985398 52.5434871 53.20914607 52.9017209 52.74367898 51.87823526 50.50335951 49.97884957 49.3645315 49.04427011 49.1154023 48.75547851 50.11102588 51.96276564 54.15169926 56.69569396 58.8410591 61.82332193 62.85306143 65.08658565
56.48059796 58.62597395 59.15962409 54.31508586 46.99478491 40.11169763 37.53818504 36.58370697 36.10570637 35.38397557 35.20672399 34.89316382 33.84242554 33.86511338 33.62095362 33.94833155 33.97721387 34.13783912 33.7171175 33.42542663 33.34178165 32.68808895 32.97628586 33.10638018 33.99928501 35.17930378 36.85029549 38.54924234 39.9956581 41.65807448 42.56060964 44.07839849 44.61555771 45.16658928 45.74561082 45.81618806 46.54755808 46.77771945 47.07732252 48.01828858 48.258895 49.75819436 50.23160901 50.65207186 51.51978727 51.45865872 51.94126006 51.45348395 51.07034553 50.62576666 49.80965452 49.16925777 48.80851616 47.59397854 47.53392545 47.50272707 48.7654741 49.77235191 51.97312497 55.00994315 57.19298105 60.92405468 63.63908523 64.51248106
61.88754404 62.35748574 60.81558354 55.1986672 47.92099845 42.23201073 40.02509282 39.07579421 38.38502443 37.66988017 37.45672628 37.30077811 36.82653442 36.77527786 36.47039914 36.80566981 37.09401408 36.76082535 36.4844186 35.79703541 35.52504108 35.13145907 34.6788114 34.83152469 35.02767206 35.90730258 37.01204827 37.87491912 39.18519534 40.06668025 40.64482129 41.82529462 42.35508327 43.43796683 43.94756251 44.2543436 45.33382289 46.06102335 47.4633845 48.44911111 49.001927 50.54830707 51.26118719 52.40808828 52.75490995 52.24620872 52.71831015 52.39417043 52.23591395 51.5892361 50.42209228 49.91639466 49.26381405 48.79947851 48.45440212 48.12335811 48.9750311 50.25555432 52.48480308 55.19401685 57.58815316 60.88837732 63.98995472 66.81557626
65.98889033 65.07022639 62.57972016 55.96302914 49.14023401 43.46868623 41.28065875 40.35934347 40.15688172 39.30342277 39.01430742 38.46907325 38.22659969 38.26013501 38.49740005 38.72047418 38.63948865 38.60725799 37.96302489 37.5136146 37.08837639 36.37524085 36.33155683 35.94846877 35.99021585 36.27213845 36.7201255 37.40752584 37.93203653 38.57930465 39.05936765 39.88842648 40.55731985 41.22361848 42.28883781 43.03101286 44.31355652 45.68676155 46.87809778 48.66568158 49.44872275 50.9751944 52.0925325 52.56377502 53.52070974 53.48469731 53.7660178 53.50379265 52.95828342 52.79270245 52.28285903 51.68275472 51.43000351 50.49540959 50.46473853 50.60261168 51.16443528 52.48377014 54.24480347 57.1327294 59.7721651 62.75211309 65.72904202 68.01929431
68.56298244 65.28434228 61.27206595 55.17438093 49.69133487 45.30587766 43.08797819 42.23446933 41.25757895 40.79210891 40.58185827 40.34684123 40.21220669 40.40523032 40.48576382 40.75112039 40.87412949 40.57168888 40.16135159 39.46453162 39.07886644 38.60517549 38.02982371 37.79042186 37.44222909 37.63633503 37.87365724 37.85392341 38.31095962 38.46208644 38.79487939 39.63275401 40.13792219 41.35698891 42.30497703 43.26401674 44.95612913 46.39776098 48.39080199 49.93050582 50.94346447 52.75680306 53.72837211 54.99177 55.65841515 55.47994596 55.98382389 55.96865719 55.99042071 55.58164098 54.8622274 54.68794392 54.25977831 54.16118297 54.10179463 54.2218929 55.14714968 56.450899 58.55167274 60.95802177 63.20870128 66.19546446 68.82317924 71.42083965
70.09593944 65.76560244 61.28600761 54.46231872 50.41516251 46.63443081 43.16286427 43.05246056 42.26652661 42.04740555 41.92511397 40.8317483 41.03286701 41.35893928 41.87063768 42.2551527 42.16660096 42.13188837 41.59399416 41.13316267 40.89735547 40.0616637 39.79453626 39.52496892 39.013517 39.04500538 38.69837308 38.79874788 38.95976134 39.0725389 39.38133368 40.01525552 40.65460221 41.58511621 43.01813112 44.15601787 45.92770186 47.54718367 49.01894139 51.05840975 52.26397518 54.10844726 55.1322865 55.80035408 57.20599087 57.37208247 58.20130755 58.05986266 57.61098141 58.08938914 57.77044404 57.70953516 57.67229424 57.33300463 57.88605582 58.40936573 59.45692408 60.83832123 62.47855324 65.45827795 67.57216339 70.44348703 73.06997673 74.83034397
70.15684403 64.94502389 59.56251664 54.26670863 50.88105713 47.44524488 44.88606288 43.99851947 42.84799182 41.85316536 41.79157038 42.07687402 41.88608504 42.03289961 42.57531429 42.98142245 43.22982318 43.21167767 42.97386866 42.59310164 42.31177834 41.92679708 41.45188777 41.10119437 40.61612248 40.55442806 40.42703878 40.18201852 40.2872418 40.29491213 40.73166055 41.36597854 41.96246151 43.08570007 44.17988743 45.39404156 47.05637192 48.52998697 50.38227884 51.94384176 53.05484047 54.81260196 55.96233585 57.32652053 58.36317167 58.58581917 59.30679144 59.77441771 60.15876488 60.26006384 60.06881535 60.34542278 60.5464524 61.00327174 61.5277973 62.16352345 63.55721714 65.01965426 67.17626762 69.45566599 71.61916321 74.32367186 76.68014276 78.99760418
68.50054782 64.72289934 59.07195039 56.19961095 51.52164312 48.00699257 45.38539564 44.02099813 43.38613826 41.89050463 42.1865685 42.26701139 41.78428059 42.51520974 42.94464742 43.64354543 44.06470362 44.23236733 44.16011643 43.95142151 43.96105655 43.59943398 43.24438167 43.09597574 42.55616529 42.56463042 42.36026228 42.17240043 42.41470529 42.40510377 42.85894522 43.46835268 44.00035854 45.09350887 46.08156074 47.15330576 48.68368742 49.94218412 51.4330456 52.89241695 53.96655474 55.6207668 56.74695777 57.89217919 59.22353347 59.79176003 60.87749736 61.32313852 61.91249606 62.49711316 62.87115565 63.55389219 63.92380968 64.66654116 65.42694624 66.33683658 68.03837945 69.36702586 71.5785264 73.85267354 75.91122927 78.6454906 80.86777918 82.96232143
69.65366311 64.65032387 59.56167692 56.8398869 53.58561745 49.72502493 46.54516453 44.46488989 43.34956803 41.28909924 41.41790209 42.12439388 42.16419752 42.45379757 42.85255481 43.60378449 44.37952083 44.77320795 45.00402066 45.08526165 45.11912102 45.05740957 44.91820128 44.78039499 44.50700142 44.52224437 44.46407369 44.3469379 44.45240598 44.55546743 45.08740806 45.5656685 46.06280511 46.8641653 47.64437792 48.64365165 49.84200034 50.86081816 52.27276552 53.52948312 54.53888807 55.99625576 57.1925763 58.55543383 59.82143733 60.45310033 61.63193704 62.73866804 63.69655872 64.67899055 65.14341747 66.05575748 66.96631348 67.96905362 68.99252742 69.97431276 71.68981238 73.29475858 75.39715209 77.53172818 79.604748 82.05336872 84.25820073 86.36811462
71.91123336 67.01871899 63.10265489 58.85982805 55.27486278 50.00562598 46.35618213 44.20184976 43.2163094 40.89549802 41.80496786 42.40436836 41.92687916 42.7038162 42.6374653 43.63045176 44.80634002 45.2803856 45.87303834 45.98744897 46.39199925 46.69096641 46.53213107 46.99405082 46.60753107 46.8594041 47.07572854 46.87784354 47.52605712 47.21987288 47.68237539 48.35334488 48.4232547 49.53213736 49.66304879 50.39099922 51.66443811 52.1051282 53.52672023 54.3278249 55.25968715 57.06090405 57.74416926 59.11776138 60.49796247 61.47277497 63.22230179 64.12165121 65.44010003 66.75006128 67.68893727 69.23189611 70.1091926 71.45994504 72.4577288 73.65514322 75.89116489 77.05102184 79.43235717 81.20967547 83.13858507 85.96265281 87.74257438 89.95450833
77.84551478 71.49666068 66.11304428 61.61151906 56.52016619 50.28870538 45.80096102 42.7587092 41.90236644 40.96218786 41.54123648 42.15645676 42.42822058 42.44679206 42.3847273 43.39647391 44.55571823 45.43175376 46.13409343 46.68604708 47.118387 47.58481246 47.94831233 48.2426829 48.48887789 48.79045654 48.99737959 49.15439274 49.34098093 49.48450642 49.96075232 50.2178563 50.49052439 50.87486789 51.21275876 51.84391382 52.48899972 53.08096775 54.04211743 54.99443895 55.89018404 57.11369369 58.33397525 59.73006098 61.15764176 62.17558989 63.87895607 65.43040677 66.94802607 68.6085331 69.61460267 71.07734184 72.54676353 73.94096431 75.36970258 76.59996261 78.37730446 80.13767655 82.0876759 84.10872973 86.09218606 88.32840946 90.45829433 92.39521527
82.11604309 76.22541063 71.71168614 65.41623726 58.18526096 50.33641252 45.21823845 42.32800861 42.30493745 41.78036685 43.07098287 43.75790248 42.78834104 43.03304668 42.5221425 43.40548353 44.84054974 45.65418795 46.52469984 47.11716882 47.84752679 48.6512898 48.97989951 49.8462812 50.09521031 50.79650188 51.35643052 51.53023757 52.19178339 52.01187047 52.45635807 52.86681018 52.78282702 53.49077835 53.26197586 53.67016528 54.36899137 54.48776749 55.52705339 56.08889202 56.90862643 58.48564358 59.24295732 60.77510274 62.22415672 63.49039046 65.57313171 66.86502985 68.57363524 70.3450175 71.65857053 73.66649759 74.94295214 76.51850436 77.97673419 79.3424874 81.49138018 82.88043072 85.00647538 86.84158843 88.73924983 91.21860527 93.07286364 95.1846673
-9999 81.1945883 76.91557612 68.72553195 60.27166563 51.13682427 46.42772806 43.57423753 42.92415608 44.41945334 44.89575253 44.47598259 44.27056188 43.42191461 43.06828682 44.07914854 44.97888078 46.02462803 46.90185242 47.7328995 48.33190274 49.19458266 49.90015373 50.66813703 51.60291814 52.15832789 52.75227333 53.3001867 53.6970628 54.29121771 54.65668326 54.59608363 54.76980441 54.8496336 55.26433482 55.5249282 55.52196825 55.83292096 56.44489669 57.36329118 58.26938195 59.18465259 60.38736192 61.85716788 63.56475572 64.94173695 66.51348234 68.25521532 69.98847262 71.89724054 73.34154147 74.91513819 76.66093722 78.29287925 80.11471438 81.59561114 83.1927257 85.04452332 86.8569474 89.00259966 91.01754865 92.8744451 95.0034301 96.86145871
-9999 -9999 81.28324987 73.10599672 63.35261361 53.94960168 48.27573835 45.47840708 46.39816371 47.415327 48.49974218 47.46403315 46.4039109 45.54713275 44.49634978 44.74629513 45.87474239 46.71865119 47.38929779 48.18004916 48.96788678 50.00874186 50.7915928 51.63516868 52.41263099 53.38435999 54.372026 55.18899092 55.78984898 55.94749265 56.54199321 56.9268601 57.2417231 57.3662708 57.04114307 57.245294 57.58505015 57.9263371 58.38539941 58.72693781 59.54246193 61.00970005 62.17362838 63.46936575 64.98998433 66.36112625 68.51709204 70.13168793 71.61045449 73.40651055 74.844104 77.00706668 78.65671958 80.18797486 81.86221317 83.2947543 85.34573096 87.14199818 88.84376834 90.72487338 92.64222646 94.95508671 97.05323588 98.82968654
-9999 -9999 -9999 78.81930617 66.34916954 56.88730345 52.07169442 49.20319221 50.12142129 51.9874393 51.98838949 50.77971305 48.28811524 47.11685591 46.1627946 46.61538834 46.78318292 47.3879621 47.96497525 48.80234249 49.47747835 50.53061993 51.28843978 52.15211899 53.34517967 54.14129264 55.2730396 56.12397982 56.89015363 57.68385087 58.20323248 58.52943786 58.92974462 59.09683162 59.21516809 59.34391783 59.29843992 59.64396114 59.92676662 60.54423212 61.33519702 62.4790552 63.63936056 64.93438626 66.68200996 68.18959376 69.90707495 71.53274356 73.13989341 75.03336799 76.58150148 78.44966131 80.19853507 81.60955361 83.455483 84.93189608 86.65940429 88.36013883 90.07868979 92.15199016 94.0993493 96.0700176 98.17996339 99.93272467
-9999 -9999 -9999 81.32004577 69.41626781 61.02914952 55.95600937 53.69031733 54.78106484 55.93517508 55.86227118 54.06496606 52.16728626 49.82132059 48.35926179 48.11856841 48.52797422 48.48947226 48.89425215 49.56994612 50.13398583 51.0028393 51.85978608 52.91558057 53.99499281 54.93874409 56.1818477 57.15806227 58.19095651 59.02535054 59.81967994 60.50587098 60.8434856 61.2697512 61.29332603 61.57308106 61.77920777 61.77366021 62.288109 62.66048499 63.39255879 64.59726856 65.65070199 67.2149767 68.69129366 70.0826355 71.9013005 73.48121293 75.24934178 76.9088926 78.31344902 80.16029697 81.79635369 83.50809953 85.0677307 86.41213666 88.14168527 89.74841748 91.58645452 93.45419997 95.27436754 97.34780891 99.31793178 101.3019815
-9999 -9999 -9999 84.23171092 73.06886491 64.95005493 59.61124497 57.90385403 59.07124618 60.18629185 60.25888418 58.83918555 54.1454662 52.97931861 50.81665095 50.24544871 50.04873387 49.97571507 49.89752367 50.3508177 50.91951595 51.60531392 52.33651757 53.21848529 54.45362454 55.32260394 56.67375711 57.64241719 58.66155626 59.88350462 60.644853 61.42473217 62.1365548 62.51812299 62.97266276 63.21858744 63.2717469 63.64377348 63.92147901 64.46537945 65.17189629 66.22696808 67.41078861 68.67570073 70.34871918 71.88190709 73.49171892 75.14362968 76.66602973 78.47679388 80.01022068 81.6792784 83.40112894 84.66464293 86.29544547 87.65832802 89.19091598 90.71926909 92.36496187 94.28553146 96.06821537 98.05358582 100.0451918 101.7814621
-9999 -9999 -9999 -9999 75.59379293 69.02493084 64.07979737 61.45035385 61.88860466 62.51791882 61.68855594 59.95021057 57.3077127 54.52542795 52.68590031 52.17447724 52.43327542 51.76160502 51.92096815 51.76907135 51.93768555 52.38923716 53.04946549 53.90180845 54.95843751 55.83184959 57.04210741 58.15937999 59.38720816 60.52937982 61.53800368 62.55035507 63.39779037 64.11558236 64.60451352 65.1380373 65.60625211 65.78013258 66.33856148 66.777746 67.49390172 68.63213674 69.69057283 71.13285406 72.51642454 73.89663973 75.6098588 77.15412405 78.82656367 80.36215984 81.7221505 83.37578449 84.87047524 86.3432404 87.74396019 88.94901836 90.46445505 91.90776939 93.62819808 95.32825587 97.02805849 99.02317001 100.8952045 102.8207527
-9999 -9999 -9999 -9999 77.96083568 72.16121949 65.84613906 63.08097175 63.96783867 63.64838539 62.87998621 61.05741019 57.95329572 56.25337077 54.051851 53.51265376 54.74332361 53.52578914 53.33561137 53.23283335 53.272927 53.08083466 53.79693818 54.3607624 55.39705734 56.25826207 57.39410245 58.44299127 59.52361749 60.91136053 61.8663139 63.05692834 64.03540448 64.91999525 65.79414559 66.41559016 67.01098611 67.62137886 68.00078093 68.67259111 69.31146626 70.40119922 71.60568269 72.69307523 74.2728279 75.73954286 77.19435305 78.81423279 80.16136693 81.76948956 83.21132406 84.6663911 86.29725057 87.3891584 88.88648133 90.11917279 91.47785608 92.92843958 94.38674081 96.20244021 97.84397107 99.68017783 101.4909605 103.1352775
-9999 -9999 -9999 -9999 -9999 75.69416576 69.93738037 65.78115603 63.54747532 62.28263793 60.51235992 59.19576615 56.31238422 56.34830613 55.82134085 56.09679755 55.64873018 55.79548646 55.76645086 54.74608618 54.28817417 54.88938315 54.99625414 55.47916984 56.25649755 56.95078142 57.87379423 58.96205749 60.08831111 61.33242204 62.3958544 63.70187671 64.80978126 65.90924393 66.92215204 67.84528461 68.76143158 69.37153799 70.13713262 70.66508434 71.40005143 72.5710651 73.64400858 75.00662703 76.34114741 77.66397156 79.19520499 80.61085845 82.0490732 83.40196078 84.65028355 86.11480164 87.47138624 88.83151065 90.15546477 91.3160376 92.69345655 94.09753281 95.65137014 97.24190782 98.78008237 100.5919146 102.2009886 103.8261664
-9999 -9999 -9999 -9999 -9999 79.98260133 73.79019558 69.70449142 64.70482141 60.21458121 58.38446053 57.55197547 54.55083265 57.13948705 57.79131464 58.36276689 56.6020574 56.64661117 55.86698795 54.91698277 53.97090502 55.27359458 55.03687981 55.20698763 56.97703453 57.65277006 58.46030239 59.46879886 60.44223354 61.75727871 62.77932281 64.14418334 65.34844194 66.54662682 67.84795473 68.82590328 69.85005289 70.90170431 71.38604204 72.08704436 72.80470068 73.90041625 75.13386911 76.35675658 77.85087016 79.1951028 80.57713858 82.03467504 83.1970323 84.56870038 85.84738248 87.15639973 88.59457048 89.71531469 91.14232279 92.33065506 93.61213309 95.037287 96.37977613 98.03970099 99.56368539 101.1743834 102.7298737 103.9628808
-9999 -9999 -9999 -9999 -9999 -9999 77.36649488 73.13652253 66.96090963 60.94649868 57.83057476 55.69395043 55.65144553 58.04323027 59.6983303 60.32185132 60.63759228 58.97464562 56.97326694 55.23331206 54.28048678 54.90208605 54.43471817 56.85957394 56.88801003 57.71456995 59.39809967 60.1739745 61.17604297 62.33606848 63.37543297 64.72088903 66.03475633 67.36072784 68.684051 69.86006412 71.01460582 71.97390798 72.84038755 73.51312733 74.29989435 75.55357019 76.70984222 78.12273078 79.50537842 80.78719689 82.21927398 83.47929697 84.74470222 85.9091144 87.01421976 88.31226227 89.52667946 90.84559357 92.08635233 93.25188033 94.61065021 95.9707506 97.37823869 98.84684358 100.2237139 101.7640007 103.0248705 104.1486224
-9999 -9999 -9999 -9999 -9999 -9999 79.30103133 79.72883361 70.20973727 62.30786451 58.45107423 56.06979392 56.36273911 58.36629024 61.7671154 63.0005372 61.46995673 61.30652519 59.96520303 57.6831233 55.16849931 55.42704373 53.96918145 53.86533579 55.581593 58.26044953 60.47903529 60.99266189 61.84556658 63.03649715 63.99951848 65.44467798 66.68472805 67.93786465 69.36862692 70.62092973 71.7863368 72.87734461 73.7056733 74.61020452 75.42383345 76.77344504 77.97419152 79.26788481 80.87063131 82.13954681 83.53136192 84.75581636 85.81595767 87.06502244 88.11669467 89.37709752 90.51883866 91.59223533 92.96632423 94.07138567 95.44147877 96.72601001 97.91504457 99.47288703 100.6412318 102.049061 103.2270716 103.8468234
-9999 -9999 -9999 -9999 -9999 -9999 -9999 77.46914477 71.60164797 65.22478163 61.81024319 58.16523493 58.14348289 57.91979642 60.63909989 61.07683846 60.73247385 60.25337357 59.98289776 60.02229486 58.74399645 55.8434352 54.8414504 53.83425903 55.08204813 56.52770718 59.69919352 61.40062388 62.85095471 63.77499918 64.8135931 66.11492426 67.44472368 68.74332594 70.00108093 71.14494752 72.41674731 73.50819187 74.53165273 75.52048884 76.44535025 77.72150194 79.02139556 80.42491792 81.85193498 83.10268105 84.46586222 85.73315728 86.89810489 88.01236155 89.00801173 90.14598614 91.2283192 92.35612891 93.54342721 94.64686158 95.94323348 97.18303462 98.41239486 99.58977137 100.7316915 101.8324149 102.6823787 103.1842758
-9999 -9999 -9999 -9999 -9999 -9999 -9999 78.21470054 75.478915 70.86623889 68.71526939 63.42304886 59.88641116 58.43736047 59.88512632 58.96906465 58.48472038 58.68938949 58.54501579 60.32148008 58.97498333 55.23307676 53.77121728 52.0562473 52.45213231 55.08075265 58.31415466 61.97755858 63.23065384 64.44421744 65.76382133 67.25904732 68.30679134 69.47270833 70.65284681 71.73635561 73.07247809 74.06662383 75.26772318 76.31140594 77.32938418 78.78903204 79.89025211 81.30164992 82.72904762 83.97557014 85.46637154 86.57797563 87.77225245 88.85990735 89.79917992 91.03038342 91.92965396 93.0625186 94.1208919 95.12117114 96.49469729 97.51902337 98.60882503 99.55044114 100.3877315 101.3475591 101.9871309 101.9737466
-9999 -9999 -9999 -9999 -9999 -9999 -9999 76.09478128 74.6240217 74.67588907 72.93454002 68.73026103 64.62235459 60.63478744 58.95156308 57.81697177 55.83142783 56.50104891 56.54561506 56.11639047 54.73756474 53.13373426 50.98049594 49.42122986 51.2581292 53.13433197 56.07776341 60.23843443 63.41425746 65.00712766 66.31499564 67.97722457 69.17195657 70.16253556 71.16445884 72.14994165 73.3574243 74.51936038 75.6622107 76.86356125 77.88615326 79.11938081 80.44193832 81.72729886 83.16700728 84.38301207 85.71387877 87.00319071 88.2056845 89.35837482 90.30438935 91.34101576 92.37036051 93.38640815 94.40285472 95.36345077 96.49181239 97.43803704 98.4105694 99.2295771 99.99633999 100.5031813 100.7271958 100.6055186
-9999 -9999 -9999 -9999 -9999 -9999 -9999 -9999 78.33391688 78.01314065 78.20002078 73.4123816 71.10716333 66.80180851 60.22592194 57.47477582 54.89505196 54.38710424 52.50291006 51.87517966 50.5830244 49.59362191 48.18011613 47.69662382 49.68194985 51.11140177 54.12062761 58.94768648 60.88865945 63.78897056 66.80840674 68.62043157 69.85108845 70.77890308 71.65723135 72.51305969 73.76696142 74.79657843 75.8678398 77.06153522 78.10105659 79.49974469 80.60668203 81.88143795 83.34700004 84.61986875 86.09727817 87.30412562 88.64477543 89.78165605 90.74509242 91.88676117 92.74479189 93.73656743 94.62816671 95.453245 96.50833381 97.29340005 98.16772932 98.80983795 99.29013998 99.45958546 99.46548679 98.95016372
