meets/meet004/data/CCSM_0k_neotropic_bio06.asc
NCOLS 154 
NROWS 168 
XLLCORNER -112 
YLLCORNER -55.5 
CELLSIZE 0.5 
NODATA_value -9999 
[rows 112 to 139 of 168, columns 64 to 127 of 154]
-9999 -9999 -9999 -9999 -9999 -9999 -9999 -9999 -9999 -9999 -9999 -9999 -9999 -9999 -9999 -9999 -9999 -9999 9.152525368 4.410009516 1.02774705 -0.904569528 -1.931965113 -1.931925354 -1.263711926 -0.174382341 1.296449208 2.847935622 4.548549999 5.857237227 6.955751855 7.589759204 7.918612178 8.300514752 8.486562246 8.70145897 8.868472 8.85944049 9.117176779 9.239110863 9.285954981 9.276655929 9.277071436 9.434408531 9.623311708 9.736103737 9.743376417 9.707171874 9.720938426 9.708559931 9.495003153 9.134631882 8.742610082 8.31232884 7.922698489 7.596709116 7.322461629 7.125354295 6.976275756 7.060382784 9.125510872 12.92218616 16.47946904 -9999
-9999 -9999 -9999 -9999 -9999 -9999 -9999 -9999 -9999 -9999 -9999 -9999 -9999 -9999 -9999 -9999 -9999 -9999 7.185652833 1.779570785 -1.318685308 -1.912972561 -1.328988176 -0.63355497 0.480886952 1.725642299 2.933323488 4.210691079 5.376046891 6.370215242 7.237181316 7.739256029 8.056926488 8.252726573 8.316093213 8.502662025 8.73475102 8.90760575 8.965854293 8.934172513 8.924454435 8.896793829 8.937111616 9.064081804 9.245981784 9.352265866 9.379526186 9.367599223 9.372267716 9.349523145 9.171640493 8.885710479 8.562320166 8.244812741 7.969312009 7.750970113 7.60589869 7.514443671 7.333992856 7.612564225 9.61735096 13.11908747 16.24104109 -9999
-9999 -9999 -9999 -9999 -9999 -9999 -9999 -9999 -9999 -9999 -9999 -9999 -9999 -9999 -9999 -9999 -9999 11.25764681 5.3303661 -0.885695996 -3.573091449 -2.400538829 -0.874834038 0.482945795 2.136249848 3.47454894 4.310865478 5.536892076 6.216703145 6.96479537 7.649084246 7.929585316 8.303703278 8.227029978 8.181377786 8.350458207 8.673365048 9.083090149 8.846859276 8.637190858 8.536444868 8.48453863 8.539351624 8.64857754 8.815338356 8.899497483 8.897594658 8.938422892 8.933354414 8.935223592 8.815892768 8.598684041 8.356408272 8.1611312 8.000622419 7.856328217 7.790027116 8.009402911 8.221297218 8.476897164 10.46061585 13.78763115 -9999 -9999
-9999 -9999 -9999 -9999 -9999 -9999 -9999 -9999 -9999 -9999 -9999 -9999 -9999 -9999 -9999 -9999 -9999 9.209585026 4.093497006 -1.106576589 -3.355956992 -2.459185387 -0.378978978 1.350366922 3.079320671 4.416341395 5.05911743 5.760205156 6.415061148 7.180390184 7.704010162 7.874759415 8.061173335 7.936102866 7.914802437 8.067541631 8.384014509 8.653563362 8.489927564 8.216778279 8.086057641 8.034652793 8.092656081 8.175515206 8.280934483 8.337827802 8.33857184 8.330799027 8.351223026 8.360229334 8.32734742 8.264505108 8.183935225 8.077422695 7.973450076 8.063862576 8.143325194 8.610109777 9.572023341 10.94355888 12.83002567 -9999 -9999 -9999
-9999 -9999 -9999 -9999 -9999 -9999 -9999 -9999 -9999 -9999 -9999 -9999 -9999 -9999 -9999 -9999 -9999 8.228146423 3.374912311 -1.29030486 -3.242585418 -2.054179393 -0.007747921 1.850834231 3.752604472 5.017399802 5.34567879 5.648279385 6.082899332 6.734368946 7.157143876 7.226832709 7.576707958 7.479298107 7.431730895 7.56437257 7.842510943 8.182258984 7.941619578 7.690046608 7.598166593 7.590040405 7.611583215 7.68385908 7.745423324 7.782939058 7.778046823 7.738396653 7.797769166 7.822742927 7.851691161 7.907330858 7.968300007 7.941312594 7.973721578 8.334401193 8.733690845 9.327497253 11.35694464 13.44020856 -9999 -9999 -9999 -9999
-9999 -9999 -9999 -9999 -9999 -9999 -9999 -9999 -9999 -9999 -9999 -9999 -9999 -9999 -9999 -9999 -9999 7.659726611 2.969400228 -1.449782164 -3.20951841 -2.160388424 0.054356901 2.095811118 4.051495402 5.224155222 5.380205234 5.288078185 5.250231829 5.23010042 5.49272302 5.988496517 6.433133308 6.676745447 6.833817327 6.979406924 7.035590417 7.087168515 7.165813091 7.217769907 7.218747474 7.156332028 7.128342307 7.177899741 7.245245861 7.278838421 7.273589876 7.266165944 7.308942024 7.363675108 7.449637791 7.535338236 7.625534737 7.746877778 7.954343065 8.811543593 10.03243963 11.62882156 13.22529734 14.85544811 -9999 -9999 -9999 -9999
-9999 -9999 -9999 -9999 -9999 -9999 -9999 -9999 -9999 -9999 -9999 -9999 -9999 -9999 -9999 -9999 -9999 7.459469137 2.692520853 -1.812357224 -3.461147013 -2.128301494 0.045238082 2.260290572 4.268806115 5.353820912 5.226130022 4.895011441 4.532047329 3.961613844 4.0771042 4.816686392 5.364446571 5.816962028 6.125576574 6.30008018 6.263638124 6.159734244 6.48552399 6.72710267 6.806518642 6.739537019 6.65482706 6.726908891 6.787357817 6.823665525 6.837641521 6.826407023 6.89447027 6.950119477 7.065192575 7.158510644 7.385530871 7.795874811 8.316387362 9.566777848 11.43190139 -9999 -9999 -9999 -9999 -9999 -9999 -9999
-9999 -9999 -9999 -9999 -9999 -9999 -9999 -9999 -9999 -9999 -9999 -9999 -9999 -9999 -9999 -9999 -9999 6.994289031 2.367156828 -1.914938532 -3.457344731 -2.086201377 0.37648993 2.360117995 4.131513707 5.081040842 5.017458091 4.594687383 4.068898859 3.636671226 3.646282313 4.051075605 4.564064968 5.014148076 5.284523654 5.531817035 5.653255766 5.753195477 5.971148847 6.174842494 6.287943373 6.285686736 6.252305507 6.303436777 6.36346746 6.414423584 6.443867139 6.457515134 6.509296008 6.560735298 6.732171385 6.882171684 7.303040371 8.16647563 9.432048991 11.01414666 -9999 -9999 -9999 -9999 -9999 -9999 -9999 -9999
-9999 -9999 -9999 -9999 -9999 -9999 -9999 -9999 -9999 -9999 -9999 -9999 -9999 -9999 -9999 -9999 -9999 6.818905643 2.179781055 -2.124160009 -3.582236216 -2.004354328 0.432744487 2.251654251 3.825901923 4.630889126 4.441946826 4.110992385 3.664883619 3.30350874 3.282887897 3.541532687 3.90931899 4.33892578 4.640668214 4.964049664 5.191569136 5.354624225 5.579398744 5.746159798 5.843174636 5.857079169 5.855925918 5.952739657 6.030565483 6.100561087 6.144151453 6.157949088 6.227730139 6.290855649 6.483760824 6.670832613 7.253285985 8.607874684 10.36633625 12.07996892 -9999 -9999 -9999 -9999 -9999 -9999 -9999 -9999
-9999 -9999 -9999 -9999 -9999 -9999 -9999 -9999 -9999 -9999 -9999 -9999 -9999 -9999 -9999 -9999 -9999 6.672601822 2.001590686 -2.250249738 -3.712457588 -2.277980186 0.130650629 1.857749001 3.199461741 3.87036978 3.681396189 3.196080504 3.024893308 2.900665439 2.923543959 3.088059719 3.336025201 3.796497568 4.235857989 4.589922918 4.806734113 4.987868472 5.202424519 5.38486214 5.49820013 5.479486641 5.482836641 5.627510996 5.795785667 5.893197019 5.903077558 5.93524141 6.01973819 6.11430819 6.406490892 6.603500685 7.300572611 8.985108069 11.01038716 -9999 -9999 -9999 -9999 -9999 -9999 -9999 -9999 -9999
-9999 -9999 -9999 -9999 -9999 -9999 -9999 -9999 -9999 -9999 -9999 -9999 -9999 -9999 -9999 -9999 -9999 6.570128146 1.912304037 -2.422802112 -3.969187956 -2.53000418 -0.296747753 1.365479909 2.608091483 3.239749141 3.007073813 2.561323766 2.529075078 2.525757415 2.623852279 2.827426397 3.057717888 3.529788902 3.925211736 4.253797594 4.431166447 4.591362305 4.823128194 5.025096662 5.169649165 5.210382484 5.220180234 5.350920262 5.489812569 5.564095316 5.633122923 5.699171133 5.831753736 5.979602252 6.371348743 6.720217735 7.588468154 9.448381563 11.53320157 -9999 -9999 -9999 -9999 -9999 -9999 -9999 -9999 -9999
-9999 -9999 -9999 -9999 -9999 -9999 -9999 -9999 -9999 -9999 -9999 -9999 -9999 -9999 -9999 -9999 -9999 6.438759943 1.718454725 -2.607499681 -4.215265306 -2.935385955 -0.821212945 0.828734336 2.131508152 2.813916181 2.633143952 2.297443854 2.286004523 2.308182348 2.50533526 2.838590408 3.132399256 3.484469398 3.743501861 3.950035977 4.03064838 4.11961847 4.371490225 4.659537678 4.872036658 4.982335874 5.096960002 5.146091475 5.090310569 5.248079285 5.442209367 5.53489901 5.867968266 5.913906529 6.492828262 7.293528907 8.329749229 10.17844679 12.06144423 -9999 -9999 -9999 -9999 -9999 -9999 -9999 -9999 -9999
-9999 -9999 -9999 -9999 -9999 -9999 -9999 -9999 -9999 -9999 -9999 -9999 -9999 -9999 -9999 -9999 8.923863589 5.88757442 1.304138305 -2.892525391 -4.538148354 -3.44408248 -1.382463186 0.350376927 1.804416072 2.614705948 2.550297973 2.243180421 2.283777802 2.386789702 2.65050303 3.071391918 3.392760606 3.603710495 3.659056852 3.732134967 3.734627531 3.778746055 3.969157852 4.231115329 4.499283122 4.760822613 4.966809738 5.004504109 4.968630324 5.25294062 5.74873948 6.120983986 6.482465517 6.667160806 7.379264935 8.350772168 9.493046114 -9999 -9999 -9999 -9999 -9999 -9999 -9999 -9999 -9999 -9999 -9999
-9999 -9999 -9999 -9999 -9999 -9999 -9999 -9999 -9999 -9999 -9999 -9999 -9999 -9999 -9999 -9999 8.206711449 5.171396197 0.642683295 -3.410505294 -4.929025944 -3.795239846 -1.945299044 -0.028603314 1.644276806 2.555139483 2.481666934 2.31867392 2.368629558 2.585142063 2.917600221 3.372135222 3.809511064 3.740764093 3.604393326 3.537796964 3.473811044 3.525254563 3.600915451 3.748297551 4.03543244 4.442046821 4.860244683 4.857694267 4.972540754 5.574051644 6.432590491 7.332930598 7.851337522 8.082712567 8.853081906 9.809098487 10.99475862 -9999 -9999 -9999 -9999 -9999 -9999 -9999 -9999 -9999 -9999 -9999
-9999 -9999 -9999 -9999 -9999 -9999 -9999 -9999 -9999 -9999 -9999 -9999 -9999 -9999 -9999 -9999 7.002501632 3.703779623 -0.300406498 -3.668782818 -4.952191053 -3.947990611 -2.084389691 -0.187619562 1.491889235 2.439053782 2.438249223 2.271028186 2.405545887 2.690091541 3.045152072 3.491160064 3.806595043 3.687559683 3.432299617 3.308557069 3.245687586 3.272658114 3.311773585 3.424113974 3.675438609 4.036441057 4.41492669 4.458438625 -9999 -9999 -9999 8.774325886 9.461187864 9.824651162 10.5308922 -9999 -9999 -9999 -9999 -9999 -9999 -9999 -9999 -9999 -9999 -9999 -9999 -9999
-9999 -9999 -9999 -9999 -9999 -9999 -9999 -9999 -9999 -9999 -9999 -9999 -9999 -9999 -9999 8.713939775 5.581345532 1.998810871 -1.281155009 -3.962167769 -4.861576352 -3.736731038 -2.042142598 -0.218854872 1.443242096 2.360352705 2.269228285 2.10147045 2.329742299 2.669569498 3.039554901 3.455713335 3.682805149 3.508593531 3.165487949 2.978383859 2.947160343 2.996771976 3.011901322 3.125007506 3.32797212 3.549020525 3.823406536 3.938549214 4.202109465 -9999 -9999 -9999 -9999 -9999 -9999 -9999 -9999 -9999 -9999 -9999 -9999 -9999 -9999 -9999 -9999 -9999 -9999 -9999
-9999 -9999 -9999 -9999 -9999 -9999 -9999 -9999 -9999 -9999 -9999 -9999 -9999 -9999 -9999 7.700067496 4.330259862 0.888233812 -1.899998555 -3.694171859 -4.292700531 -3.408900199 -1.881378881 -0.162551321 1.402892176 2.257959824 2.184668784 1.983615745 2.195120185 2.551971625 2.929233322 3.362439438 3.54592083 3.307633265 2.869309665 2.641614191 2.588790328 2.617276834 2.64450539 2.719155464 2.896351503 3.120845644 3.393255176 3.465637507 3.913285577 -9999 -9999 -9999 -9999 -9999 -9999 -9999 -9999 -9999 -9999 -9999 -9999 -9999 -9999 -9999 -9999 -9999 -9999 -9999
-9999 -9999 -9999 -9999 -9999 -9999 -9999 -9999 -9999 -9999 -9999 -9999 -9999 -9999 9.194793135 6.785275111 3.185538232 -0.356571585 -2.17044169 -3.351572846 -3.66202662 -2.916974218 -1.777057485 -0.086646539 1.4954972 2.279359415 2.079764005 1.795201149 2.082499299 2.426643725 2.800028009 3.266375699 3.567451402 3.146326317 2.582865193 2.294951792 2.237731108 2.213618641 2.263901497 2.29821936 2.462538994 2.694122414 3.012501444 3.1461629 3.499086086 5.225666122 -9999 -9999 -9999 -9999 -9999 -9999 -9999 -9999 -9999 -9999 -9999 -9999 -9999 -9999 -9999 -9999 -9999 -9999
-9999 -9999 -9999 -9999 -9999 -9999 -9999 -9999 -9999 -9999 -9999 -9999 -9999 -9999 7.269847014 4.989929632 2.174606869 -0.383216932 -1.990839988 -2.715411807 -2.917619654 -2.405076684 -1.38922461 0.044424672 1.439345319 2.179749174 2.117461405 1.916233822 2.049149815 2.310832016 2.659362414 3.149143456 3.340330083 3.001196372 2.400219898 2.080989439 2.001129508 1.990420678 2.017872968 2.035690313 2.202703696 2.448913444 2.673049764 2.889428025 3.365471734 5.0971918 7.895007973 -9999 -9999 -9999 -9999 -9999 -9999 -9999 -9999 -9999 -9999 -9999 -9999 -9999 -9999 -9999 -9999 -9999
-9999 -9999 -9999 -9999 -9999 -9999 -9999 -9999 -9999 -9999 -9999 -9999 -9999 7.14333789 5.382977438 3.323599121 1.397154614 -0.635254902 -1.597861832 -1.992404697 -2.109458755 -1.760226047 -1.102391517 0.278002271 1.531140541 2.189511534 2.125831013 1.991934785 2.06624285 2.216040262 2.525806042 3.027774585 3.319007315 2.884958556 2.234317137 1.866885597 1.816803494 1.830136289 1.866084595 1.86497094 2.097237464 2.365797759 2.571848579 3.221963145 3.59947909 5.3082192 -9999 -9999 -9999 -9999 -9999 -9999 -9999 -9999 -9999 -9999 -9999 -9999 -9999 -9999 -9999 -9999 -9999 -9999
-9999 -9999 -9999 -9999 -9999 -9999 -9999 -9999 -9999 -9999 -9999 -9999 -9999 6.170320585 4.152356975 2.276685803 0.86112019 -0.210292026 -0.938119322 -1.129949638 -1.171729195 -1.011514434 -0.374102235 0.563114606 1.614080849 2.174688615 2.144083908 2.027727311 2.05864435 2.192286612 2.45990488 2.91060498 3.08050843 2.767056557 2.120743956 1.854993183 1.876269069 1.804941896 1.935074294 1.901874871 2.256687337 2.885030076 3.521958664 4.366321417 5.351514071 -9999 -9999 -9999 -9999 -9999 -9999 -9999 -9999 -9999 -9999 -9999 -9999 -9999 -9999 -9999 -9999 -9999 -9999 -9999
-9999 -9999 -9999 -9999 -9999 -9999 -9999 -9999 -9999 -9999 -9999 -9999 -9999 5.518736105 3.232302666 1.47130569 0.602097079 -0.074200203 -0.657365579 -0.580649034 -0.572891479 -0.596999325 -0.004904159 0.757541646 1.663069063 2.156006047 2.089799647 2.007246907 2.050293295 2.154100329 2.370641253 2.738793989 3.043038873 2.831313107 2.345121229 2.288068547 2.518060286 2.364757242 2.764476142 2.656555543 3.096048046 4.014234149 4.723043911 5.816550033 7.090745927 -9999 -9999 -9999 -9999 -9999 -9999 -9999 -9999 -9999 -9999 -9999 -9999 -9999 -9999 -9999 -9999 -9999 -9999 -9999
-9999 -9999 -9999 -9999 -9999 -9999 -9999 -9999 -9999 -9999 -9999 -9999 -9999 4.974777411 2.767418072 1.046210112 0.128482566 -0.360036412 -0.755370251 -0.800290357 -0.785052125 -0.698705337 -0.213604596 0.504303558 1.42579929 1.922665885 1.922133792 1.945234166 1.978450856 2.112100277 2.302815028 2.488461552 2.696172844 2.959764972 3.23966356 3.608900134 4.019312959 4.432297996 4.517782956 4.681817095 5.08034485 5.546349102 -9999 -9999 -9999 -9999 -9999 -9999 -9999 -9999 -9999 -9999 -9999 -9999 -9999 -9999 -9999 -9999 -9999 -9999 -9999 -9999 -9999 -9999
-9999 -9999 -9999 -9999 -9999 -9999 -9999 -9999 -9999 -9999 -9999 -9999 -9999 4.548376312 2.247149374 0.560963844 -0.225246488 -0.755159084 -1.116820942 -1.200390634 -1.214402672 -1.133515131 -0.747457469 -0.091641463 0.805212656 1.325990481 1.417368023 1.635655139 1.794978885 1.991354206 2.164232314 2.236833998 2.463045413 3.124622118 4.018118917 4.76472194 -9999 -9999 -9999 -9999 -9999 -9999 -9999 -9999 -9999 -9999 -9999 -9999 -9999 -9999 -9999 -9999 -9999 -9999 -9999 -9999 -9999 -9999 -9999 -9999 -9999 -9999 -9999 -9999
-9999 -9999 -9999 -9999 -9999 -9999 -9999 -9999 -9999 -9999 -9999 -9999 -9999 4.177094311 1.843062118 0.147780835 -0.619895427 -1.029627891 -1.419679876 -1.568644926 -1.653638339 -1.661477441 -1.425281833 -0.90260461 -0.322290721 0.233782731 0.66469673 0.994918761 1.466783244 1.807678387 2.116262705 2.171011554 2.407661984 3.32955626 4.422850223 5.339610064 -9999 -9999 -9999 -9999 -9999 -9999 -9999 -9999 -9999 -9999 -9999 -9999 -9999 -9999 -9999 -9999 -9999 -9999 -9999 -9999 -9999 -9999 -9999 -9999 -9999 -9999 -9999 -9999
-9999 -9999 -9999 -9999 -9999 -9999 -9999 -9999 -9999 -9999 -9999 -9999 6.093620558 3.829013796 1.476022511 -0.194371604 -0.879767055 -1.310015614 -1.760227234 -2.001785908 -2.145423968 -2.193194635 -2.025834666 -1.564122871 -1.136509558 -0.561433609 0.040202066 0.548426946 1.26922374 1.822007386 2.298934116 2.513926711 2.768815579 3.798916922 4.860220516 -9999 -9999 -9999 -9999 -9999 -9999 -9999 -9999 -9999 -9999 -9999 -9999 -9999 -9999 -9999 -9999 -9999 -9999 -9999 -9999 -9999 -9999 -9999 -9999 -9999 -9999 -9999 -9999 -9999
-9999 -9999 -9999 -9999 -9999 -9999 -9999 -9999 -9999 -9999 -9999 -9999 5.77890508 3.722646151 1.381530714 -0.312003939 -0.967147789 -1.568767275 -2.180234055 -2.533900436 -2.725454452 -2.64591115 -2.389553773 -1.967092261 -1.455119491 -0.832030763 -0.258977596 0.439918283 1.227711942 1.995558296 2.753783383 3.263635711 3.936929541 4.645612082 5.364801911 -9999 -9999 -9999 -9999 -9999 -9999 -9999 -9999 -9999 -9999 -9999 -9999 -9999 -9999 -9999 -9999 -9999 -9999 -9999 -9999 -9999 -9999 -9999 -9999 -9999 -9999 -9999 -9999 -9999
-9999 -9999 -9999 -9999 -9999 -9999 -9999 -9999 -9999 -9999 -9999 -9999 5.946734217 4.132114129 1.949206569 0.203102244 -0.819394635 -1.708426568 -2.501080038 -2.980918463 -3.174569526 -3.005270211 -2.642736382 -2.172442284 -1.653916181 -1.005711429 -0.360609174 0.38492083 1.236884928 2.173011001 -9999 -9999 -9999 -9999 -9999 -9999 -9999 -9999 -9999 -9999 -9999 -9999 -9999 -9999 -9999 -9999 -9999 -9999 -9999 -9999 -9999 -9999 -9999 -9999 -9999 -9999 -9999 -9999 -9999 -9999 -9999 -9999 -9999 -9999
