meets/meet004/data/CCSM_0k_neotropic_bio05.asc
NCOLS 154 
NROWS 168 
XLLCORNER -112 
YLLCORNER -55.5 
CELLSIZE 0.5 
NODATA_value -9999 
[rows 29 to 57 of 168, columns 64 to 127 of 154]
-9999 -9999 -9999 -9999 -9999 -9999 -9999 -9999 -9999 -9999 -9999 -9999 -9999 -9999 -9999 -9999 -9999 -9999 -9999 -9999 -9999 -9999 -9999 -9999 -9999 -9999 -9999 -9999 -9999 -9999 -9999 -9999 -9999 -9999 -9999 -9999 -9999 27.28755247 -9999 -9999 -9999 -9999 -9999 -9999 -9999 -9999 -9999 -9999 -9999 -9999 -9999 -9999 -9999 -9999 -9999 -9999 -9999 -9999 -9999 -9999 -9999 -9999 -9999 -9999
-9999 -9999 -9999 -9999 -9999 -9999 -9999 -9999 -9999 -9999 -9999 -9999 -9999 -9999 -9999 -9999 -9999 -9999 -9999 -9999 -9999 -9999 -9999 -9999 -9999 -9999 -9999 -9999 -9999 -9999 -9999 -9999 -9999 -9999 -9999 -9999 -9999 27.31973414 -9999 -9999 -9999 -9999 -9999 -9999 -9999 -9999 -9999 -9999 -9999 -9999 -9999 -9999 -9999 -9999 -9999 -9999 -9999 -9999 -9999 -9999 -9999 -9999 -9999 -9999
-9999 -9999 -9999 -9999 -9999 -9999 -9999 -9999 -9999 -9999 -9999 -9999 -9999 -9999 -9999 -9999 -9999 -9999 -9999 -9999 -9999 -9999 -9999 -9999 -9999 -9999 -9999 -9999 -9999 -9999 -9999 -9999 -9999 -9999 -9999 -9999 -9999 -9999 -9999 -9999 -9999 -9999 -9999 -9999 -9999 -9999 -9999 -9999 -9999 -9999 -9999 -9999 -9999 -9999 -9999 -9999 -9999 -9999 -9999 -9999 -9999 -9999 -9999 -9999
-9999 -9999 -9999 -9999 -9999 -9999 -9999 -9999 -9999 -9999 -9999 -9999 -9999 -9999 -9999 -9999 28.40421153 -9999 -9999 -9999 -9999 -9999 -9999 -9999 -9999 -9999 -9999 -9999 -9999 -9999 -9999 -9999 -9999 -9999 -9999 -9999 27.30080942 -9999 -9999 -9999 -9999 -9999 -9999 -9999 -9999 -9999 -9999 -9999 -9999 -9999 -9999 -9999 -9999 -9999 -9999 -9999 -9999 -9999 -9999 -9999 -9999 -9999 -9999 -9999
-9999 -9999 -9999 -9999 -9999 -9999 -9999 -9999 -9999 -9999 -9999 -9999 -9999 -9999 29.49114608 29.74091517 29.54258844 -9999 -9999 -9999 -9999 -9999 -9999 -9999 -9999 -9999 -9999 -9999 -9999 -9999 -9999 -9999 -9999 -9999 -9999 -9999 -9999 -9999 -9999 -9999 -9999 -9999 -9999 -9999 -9999 -9999 -9999 -9999 -9999 -9999 -9999 -9999 -9999 -9999 -9999 -9999 -9999 -9999 -9999 -9999 -9999 -9999 -9999 -9999
-9999 -9999 -9999 -9999 -9999 -9999 -9999 -9999 -9999 -9999 28.33353436 28.81421902 29.36134261 30.16959667 30.79050193 30.91981536 -9999 -9999 29.53359265 29.01976716 28.51860599 27.97929324 27.4066259 -9999 -9999 -9999 -9999 -9999 -9999 -9999 -9999 -9999 -9999 -9999 -9999 -9999 -9999 -9999 -9999 -9999 -9999 -9999 -9999 -9999 -9999 -9999 -9999 -9999 -9999 -9999 -9999 -9999 -9999 -9999 -9999 -9999 -9999 -9999 -9999 -9999 -9999 -9999 -9999 -9999
-9999 -9999 -9999 -9999 -9999 -9999 -9999 -9999 -9999 29.04152991 29.83252012 31.21297752 32.49815673 32.43193807 32.94663775 32.85876581 32.08869922 31.99648659 31.15932481 30.67863857 29.96572205 28.97468906 28.26337229 27.75066011 -9999 -9999 -9999 -9999 -9999 -9999 -9999 -9999 -9999 -9999 -9999 -9999 -9999 -9999 -9999 -9999 -9999 -9999 -9999 -9999 -9999 -9999 -9999 -9999 -9999 -9999 -9999 -9999 -9999 -9999 -9999 -9999 -9999 -9999 -9999 -9999 -9999 -9999 -9999 -9999
-9999 -9999 -9999 -9999 -9999 -9999 -9999 -9999 -9999 32.17223914 33.26170474 33.47967698 33.59599442 33.31282091 33.01311256 32.6906415 32.36183666 32.23868643 31.89863663 31.74546983 31.27052424 30.56966097 30.1660724 29.61345508 29.34880161 29.26527777 29.42496896 29.85375765 30.02293638 30.31559499 30.40166069 30.34792789 30.16358167 29.39545215 28.66747962 -9999 -9999 -9999 -9999 -9999 -9999 -9999 -9999 -9999 -9999 -9999 -9999 -9999 -9999 -9999 -9999 -9999 -9999 -9999 -9999 -9999 -9999 -9999 -9999 -9999 -9999 -9999 -9999 -9999
-9999 -9999 -9999 -9999 -9999 -9999 -9999 -9999 -9999 34.80965083 35.62018659 34.86822912 34.33571321 33.50549215 32.66785591 32.21452473 32.07262337 32.04938118 31.8779978 32.11398041 32.03202445 31.91388804 32.08940062 31.92476457 32.33662219 32.41894157 32.37827931 32.96845929 32.61970881 32.96673799 32.87746091 32.38557406 32.4007587 31.16225512 30.04425763 28.9388336 28.24715664 -9999 -9999 -9999 -9999 -9999 -9999 -9999 -9999 -9999 -9999 -9999 -9999 -9999 -9999 -9999 -9999 -9999 -9999 -9999 -9999 -9999 -9999 -9999 -9999 -9999 -9999 -9999
27.54517785 28.20648363 28.90405917 28.47569528 -9999 -9999 -9999 -9999 34.04360832 35.54783141 36.01609884 35.36562296 34.53469467 33.40459529 32.61255135 31.94136577 31.54281795 31.58681088 31.38741729 31.52512593 31.91149603 32.46849163 33.2698872 33.54004745 33.97821092 34.12198679 33.87723955 33.87671835 33.67576495 33.66221082 33.40227323 33.01552105 32.56073375 31.87937468 31.17921307 30.1286114 29.1124145 28.51837978 -9999 -9999 -9999 -9999 -9999 -9999 -9999 -9999 -9999 -9999 -9999 -9999 -9999 -9999 -9999 -9999 -9999 -9999 -9999 -9999 -9999 -9999 -9999 -9999 -9999 -9999
28.41504021 -9999 -9999 29.85900658 30.01093098 30.96635464 32.10761081 33.737584 34.96558632 36.10897769 36.35802027 35.59739885 34.61222827 33.18517498 32.05018638 31.1330657 30.57546677 30.45592314 30.32514999 30.69217657 31.38267406 32.46000312 33.69445897 34.1934482 34.70237399 34.86980293 34.48269345 34.36347076 34.09003774 33.91036715 33.58693542 33.18642518 32.71728484 32.23284609 31.82630751 30.9609091 30.01148898 29.53698022 -9999 -9999 -9999 -9999 -9999 -9999 -9999 -9999 -9999 -9999 -9999 -9999 -9999 -9999 -9999 -9999 -9999 -9999 -9999 -9999 -9999 -9999 -9999 -9999 -9999 -9999
-9999 -9999 -9999 29.82527009 31.55044855 32.6964101 33.35146278 34.41060025 35.08817523 36.00284563 35.94584195 35.14401674 34.27608296 32.24803718 30.62375677 29.51589045 28.76901652 28.94083134 29.55525623 30.22249071 31.20641713 32.49960504 33.52864215 34.25505269 34.7511057 34.90495039 34.78860479 34.65123684 34.20950179 34.0960834 33.69910753 33.17256229 32.94568371 32.3294726 31.90685391 31.32234533 30.65850007 30.56609381 29.97334927 29.51802064 28.86231528 -9999 -9999 -9999 -9999 -9999 -9999 -9999 -9999 -9999 -9999 -9999 -9999 -9999 -9999 -9999 -9999 -9999 -9999 -9999 -9999 -9999 -9999 -9999
-9999 -9999 -9999 29.19102786 31.24305217 32.52935971 33.0222813 33.77139941 34.06709115 34.51904962 34.29325503 33.41651471 32.26866479 29.91137228 27.97065295 26.94867758 26.6561327 27.48010344 29.04791364 30.6356104 31.96179678 33.03456823 33.63633491 34.17782211 34.55575806 34.64293217 34.41515045 34.21136386 33.69486424 33.41585364 32.97858991 32.48458603 32.31152323 31.83326986 31.66036391 31.38258943 31.08307832 31.008975 30.74197591 30.56871453 29.8534269 28.82361204 -9999 -9999 -9999 -9999 -9999 -9999 -9999 -9999 -9999 -9999 -9999 -9999 -9999 -9999 -9999 -9999 -9999 -9999 -9999 -9999 -9999 -9999
-9999 -9999 -9999 -9999 29.56069115 30.6382091 31.53675101 31.95987149 32.19661405 31.98928249 31.51742332 30.6270015 29.00586052 26.88793821 24.38935185 23.93363042 24.91270552 26.28539406 29.11859009 32.18537065 33.79125634 33.76328163 33.8551743 33.98263247 34.18174189 34.05855926 33.57743463 33.13103442 32.53073959 31.92531479 31.45919838 31.17246172 30.88858247 30.85857573 30.97974099 31.04622003 31.17212426 31.40385251 31.22087773 31.3420748 30.82146238 29.75646437 29.27974353 -9999 -9999 -9999 -9999 -9999 -9999 -9999 -9999 -9999 -9999 -9999 -9999 -9999 -9999 -9999 -9999 -9999 -9999 -9999 -9999 -9999
-9999 -9999 -9999 -9999 -9999 29.07763863 29.90870698 30.18311509 30.05018678 29.25295119 28.54176164 27.98624203 26.5747368 24.52710158 22.33718958 22.41174299 24.16043674 26.52230014 29.6627614 32.51905079 34.20020662 34.21173426 33.80294805 33.76886121 33.82819039 33.45932522 32.74812017 31.92821508 31.26603358 30.6854011 30.24063285 29.99001209 29.8327617 29.97127584 30.20950002 30.36001133 30.52256547 30.75330437 30.63058417 30.75363181 30.60604024 30.30790445 29.93267851 29.23803278 -9999 -9999 -9999 -9999 -9999 -9999 -9999 -9999 -9999 -9999 -9999 -9999 -9999 -9999 -9999 -9999 -9999 -9999 -9999 -9999
-9999 -9999 -9999 -9999 -9999 28.24551155 28.66705186 28.82376573 27.96944814 26.66742431 25.78193877 25.74589197 25.21573645 23.43734035 21.48496344 22.11812557 24.92928172 28.06397217 30.52819102 33.02451034 34.45618133 34.31246604 33.90533809 33.3081593 33.50615507 32.91222834 31.73466438 30.75280346 30.01508883 29.67144788 29.34803873 29.06763503 29.04229412 29.20677504 29.40542525 29.56529826 29.6172318 29.43021158 29.29415615 29.16659104 29.38301067 30.02665142 30.67548508 30.01280862 30.11332969 -9999 -9999 -9999 -9999 -9999 -9999 -9999 -9999 -9999 -9999 -9999 -9999 -9999 -9999 -9999 -9999 -9999 -9999 -9999
-9999 -9999 -9999 -9999 -9999 27.80108627 27.68333086 27.31424649 26.24101055 24.6787607 23.88819432 24.09954225 24.01220509 23.26995405 22.5906436 23.74737304 26.54607452 29.36773163 31.37445972 33.09817359 34.01081348 33.78017663 33.22728512 32.54445005 32.18876836 31.4631087 30.37245078 29.46768505 28.91111178 28.5889623 28.42576903 28.2594657 28.21677062 28.51945352 28.80541473 28.89589091 28.84284666 28.4270244 27.90965683 27.45701976 27.78656897 28.93505537 30.08326621 30.46734278 30.83053352 31.25524875 31.19315951 31.05579502 30.77311826 30.47746513 29.94734018 29.26281456 -9999 -9999 -9999 -9999 -9999 -9999 -9999 -9999 -9999 -9999 -9999 -9999
-9999 -9999 -9999 -9999 -9999 27.46630168 26.99806088 26.20948691 24.90998613 23.14393047 22.53407998 22.95365803 23.20721736 23.60097417 24.12928936 25.76321675 28.22721881 30.98053828 32.10342306 32.88308624 33.16193416 32.71064075 32.2665507 31.26572394 30.34203315 29.57035676 28.70701085 27.98430446 27.72192372 27.66544865 27.44410432 27.30125864 27.34514999 27.87181065 28.40671869 28.55896885 28.3741819 27.84200227 27.02137276 25.93500247 26.29422033 27.91192186 29.20509831 30.47887071 31.5930058 32.06251349 32.18318679 32.47489145 32.04066901 31.91896569 31.41391215 30.73636974 30.34300792 29.14074258 28.17353304 -9999 -9999 -9999 -9999 -9999 -9999 -9999 -9999 -9999
-9999 -9999 -9999 -9999 -9999 27.15021155 26.5672893 25.59357974 24.27034829 22.74510708 22.26221948 22.45537369 23.15980171 24.20707222 25.65457996 27.41045328 29.3870323 31.20412313 32.00571323 32.15723996 32.00402838 31.34013565 30.47711888 29.75528015 28.84847905 27.98481157 27.50207291 26.93776773 26.9697958 26.80434379 26.73019784 26.73394607 26.81507075 27.66990526 28.27170459 28.56495009 28.61339048 27.92011194 27.09440433 26.04917322 26.28290682 27.68210567 29.14080371 30.54485608 31.61914802 32.25226297 32.53857037 32.69507205 32.54419797 32.29910766 31.86578926 31.32885842 30.82992282 29.95408818 29.17924524 28.33525403 -9999 -9999 -9999 -9999 -9999 -9999 -9999 -9999
-9999 -9999 -9999 -9999 -9999 26.8493597 26.14312017 25.36998651 23.92744309 22.6046563 22.2777238 22.39566124 23.05885448 24.875179 26.94781721 28.74058961 30.0458521 31.27602646 31.42106883 31.20678307 30.7514113 29.87130114 28.73443734 28.70083694 28.06597855 27.66378212 27.49880968 26.38859529 27.09560079 26.80958813 26.91843082 27.33171927 26.89530875 28.20120851 28.84933715 29.22490191 29.40541149 28.75646247 28.33038112 27.2256287 27.33089944 28.61996022 29.50888503 30.6385669 31.45961276 32.20006284 32.71427961 32.89812931 32.67976258 32.36967083 31.97268421 31.60448505 31.22616107 30.47840551 30.03254439 29.18950878 28.21766581 27.6938276 -9999 -9999 -9999 -9999 -9999 -9999
-9999 -9999 -9999 -9999 -9999 26.35058886 25.60528833 24.6244029 23.55220452 22.52890484 22.28407376 22.58466265 23.69982496 25.66080201 28.11213589 29.66313267 30.20076377 30.31007564 30.24517016 29.90705375 29.5139957 28.99206497 28.53222519 28.52747424 28.67833495 28.82793178 29.11200769 29.18900101 28.92022508 28.85784059 29.08727145 29.33408686 29.68213849 30.07133167 30.49614858 30.82367223 31.08266611 31.12100171 30.55071274 30.10073373 30.04400556 30.32481842 30.91318958 31.23158065 31.73294919 32.35199218 32.76735513 32.88735184 32.76585548 32.38147834 31.9653586 31.57256214 31.08297066 30.54764628 29.95850968 29.17872879 28.38691293 27.71722493 -9999 -9999 -9999 -9999 -9999 -9999
-9999 -9999 -9999 -9999 -9999 26.07698609 25.05480052 24.14167538 23.32856348 22.54820239 22.4732221 23.13676806 24.16992413 26.4041282 28.98145832 30.21705022 29.82919931 29.38981695 29.21483642 28.832504 28.75213417 28.76767615 29.01126592 29.16765287 29.68251365 30.00425185 30.58909879 31.878742 30.97963914 31.02736337 31.20614637 31.29445079 32.24844162 31.81152245 32.05046171 32.3255009 32.5812844 33.45902088 32.70147591 32.87739116 32.6975355 32.13649244 32.52059405 31.87246131 32.21283529 32.60991592 32.88503822 33.06385514 32.91495601 32.51707891 32.09343024 31.70381141 31.01141682 30.54438848 29.85444499 29.07265529 28.45299923 27.59921666 -9999 -9999 -9999 -9999 -9999 -9999
-9999 -9999 -9999 -9999 -9999 25.45209678 24.54301228 24.07822656 23.56749745 23.2284406 23.4527839 24.16087731 25.32057706 26.83957598 28.5286229 29.365125 29.24268159 28.77505993 28.80037464 28.93001466 29.06099295 29.14343272 29.3812551 29.70306867 30.10239063 30.1558626 30.7119991 31.32942243 31.39867629 31.53151569 31.62976104 31.90071045 32.42266808 32.48376731 32.76592931 32.96624269 33.04229625 33.36730941 33.14695192 33.10047266 32.86097138 32.42414294 32.243887 32.1194837 32.51816493 32.8906173 33.14703822 33.27396133 33.21844104 32.95733757 32.56235084 32.1090487 31.51759048 30.89685589 30.20223132 29.44797124 28.79724522 28.06823946 -9999 -9999 -9999 -9999 -9999 -9999
-9999 -9999 -9999 25.75154542 25.18555116 24.47385581 23.80838439 23.86228788 24.01056724 24.28215254 24.81946039 25.44303939 26.40681019 27.33354007 28.1810325 28.7174256 28.7699592 28.82303201 28.92216936 29.0836442 29.24056928 29.34000316 29.57535613 29.90246793 30.25096962 30.25307978 30.28419314 30.65737565 30.93216516 31.17589745 31.34613069 31.56945028 32.13629261 32.35805889 32.72418176 32.85602068 32.70327383 32.74110913 32.45295041 32.3650006 32.14945843 31.78096282 31.7236009 32.18111989 32.62196129 33.08567407 33.39349512 33.56824632 33.54919226 33.41614641 33.06100719 32.58702253 32.0385653 31.309803 30.64549393 29.96265065 29.42858397 28.74975575 28.10418442 -9999 -9999 -9999 -9999 -9999
-9999 -9999 26.10852166 25.01239747 23.47692311 22.86710833 23.10814849 23.59394938 24.55447664 25.91390752 26.81311532 27.07985963 27.50554805 27.90627853 28.23682986 28.53214262 28.6870089 28.83660384 29.01044159 29.17098191 29.34817301 29.48449788 29.70142713 30.0528465 30.36358399 30.35115373 30.11719808 30.43219819 30.58809866 30.63992475 30.79008738 30.9840237 31.44768972 31.86529689 32.19524485 32.25083573 31.99162302 31.69281887 31.45603659 31.27115925 31.11472534 31.35617862 31.90791246 32.37984127 32.72288323 33.20154247 33.55795096 33.7735951 33.79962311 33.67099596 33.33628089 32.86060532 32.27319774 31.54918204 30.87882446 30.32935499 30.10896286 29.80567251 29.00142862 28.16960276 -9999 -9999 -9999 -9999
-9999 -9999 26.3206647 24.59395442 22.41002238 22.08372703 22.76790417 23.6551527 25.32338096 27.15408251 28.20835201 28.14792263 28.28077669 28.25642638 28.27010682 28.46548812 28.61290787 28.82907684 29.02808139 29.23238404 29.42515655 29.55639979 29.77684669 30.12318242 30.44647219 30.43774019 30.13019816 30.24678614 30.31365886 30.24257644 30.32781589 30.47005953 30.75781386 31.21086027 31.53567232 31.55564245 31.19862894 30.74438876 30.53384358 30.57034479 31.01978396 31.59515493 32.11838536 32.49700539 32.81128719 33.18042659 33.57712325 33.8832546 33.9219232 33.81121197 33.50426966 33.02644183 32.44679098 31.67488749 31.03073223 30.58866081 30.64086043 30.55505375 29.59880954 28.68183751 -9999 -9999 -9999 -9999
27.70120429 27.7020603 26.95502956 24.69533836 22.55326172 22.22871254 23.04839779 24.48789348 26.18788492 27.83792715 28.73866464 28.65696823 28.4188399 28.44887139 28.48759882 28.5486421 28.67736686 28.77428233 29.07223044 29.3204556 29.51462134 29.63764368 29.83646864 30.13797558 30.38769804 30.39939862 30.17746884 30.03645659 30.08777156 30.04321623 30.09308612 30.20038162 30.31669431 30.57148305 30.81939144 30.79576158 30.52595097 30.60008173 30.8640997 31.11043133 31.49570024 31.93195615 32.24768757 32.63801122 32.80883955 33.03935207 33.57574152 33.83050019 33.97396371 33.8708427 33.55703642 33.09754749 32.51784435 31.77652101 31.13344587 30.77049705 30.81597838 30.65181958 29.87925113 28.75075569 -9999 -9999 -9999 -9999
27.96190307 27.97024017 27.33320544 25.05420876 23.17820643 22.85649523 23.68431077 25.06767714 26.65472326 28.31655413 29.16984692 28.98170139 28.72946986 28.80139343 28.82783244 28.90148188 28.96833693 29.00254262 29.2627309 29.49398285 29.65004539 29.7329001 29.84513604 30.07309001 30.27685432 30.31873677 30.18300141 30.00402969 30.03701558 30.04903421 30.12114534 30.17585253 30.16782839 30.26660999 30.37576775 30.68038782 30.97181979 31.26429656 31.54926106 31.77875244 32.13111838 32.46745679 32.72992045 33.05837231 33.15134021 33.27648121 33.76096066 33.98745815 34.08115741 33.94588345 33.59387424 33.09982157 32.48658398 31.76178783 31.19493917 30.81160791 30.84834036 30.72683936 30.09501481 29.2491423 28.56487373 -9999 -9999 -9999
27.3949269 27.84166107 27.14459402 25.50449148 24.23383473 23.90203936 24.25316624 25.2788206 26.96271491 28.54935893 29.40296054 29.38083323 29.214215 29.23518232 29.38743609 29.45324256 29.43662413 29.5338125 29.61713674 29.73553579 29.81980762 29.82117657 29.83026629 29.97432936 30.09130843 30.16620386 30.19690447 30.22306168 30.22743424 30.35272748 30.39866331 30.31765681 30.44561955 30.59232775 30.84176705 31.19573891 31.53842014 31.92939713 32.23836472 32.53052937 32.87361381 33.22987935 33.59031594 33.75707798 33.90423362 33.88514994 34.14275869 34.33114554 34.20882245 34.00162733 33.54858081 32.88087086 32.27043938 31.66211707 31.17182649 30.87460431 30.8530819 30.72681317 30.48730714 30.10105505 29.64673976 29.04867553 28.45183012 -9999
