meets/meet004/data/CCSM_0k_neotropic_bio05.asc
NCOLS 154 
NROWS 168 
XLLCORNER -112 
YLLCORNER -55.5 
CELLSIZE 0.5 
NODATA_value -9999 
[rows 58 to 86 of 168, columns 64 to 127 of 154]
27.44969644 27.94132941 27.34440563 25.93102416 24.55399087 24.21503936 24.66290969 25.80322728 27.31077413 28.74224887 29.61648106 29.61923701 29.48901064 29.54758139 29.71514984 29.79461369 29.77728026 29.84321866 29.87852324 29.95694947 29.99625038 29.97047704 29.93943609 29.95060733 30.02460649 30.10482296 30.17551929 30.29160521 30.40684435 30.6287601 30.72118295 30.67956157 30.8071586 30.94258204 31.25201243 31.65128697 32.07659231 32.54244565 32.86261922 33.17851567 33.53840595 33.85670109 34.22361969 34.37508709 34.46340394 34.34322167 34.36345095 34.36170815 34.06576985 33.68225258 33.12916396 32.46394414 31.91006655 31.44326196 31.14127806 30.95938912 30.95684128 30.9945652 30.99770684 30.99597557 30.7575766 30.37268762 29.93731749 -9999
28.18566072 28.51196418 28.02940132 26.32403579 24.20000813 23.99877919 25.09483873 26.60076108 27.84839988 28.99501565 29.74813743 29.70519865 29.58595315 29.71243046 29.82277313 29.90313996 29.93928903 29.94413868 30.02981827 30.12307885 30.14961755 30.13868665 30.1213708 30.11276412 30.10683752 30.1245262 30.15222861 30.22305434 30.39372585 30.5207245 30.69191248 30.79950009 30.92091545 31.24643259 31.56852667 32.03551112 32.59307362 33.11833668 33.42503616 33.69430328 34.00873335 34.30149101 34.57922904 34.68433887 34.78242954 34.51771832 34.29292253 34.13633766 33.71050465 33.0673697 32.49442169 32.0207075 31.4597415 31.26608678 31.15508081 31.10034317 31.20856652 31.35181287 31.45030433 31.66495524 31.74006839 31.70999266 31.83497806 31.41709305
28.43784557 28.8834933 28.32055694 26.62074213 24.53005479 24.45080247 25.58395845 27.07214912 28.23622759 29.16544029 29.81845229 29.8263525 29.72799133 29.85565535 29.98360281 30.05960815 30.06932852 30.06992833 30.1409123 30.22386054 30.27033691 30.27936283 30.27868032 30.28508121 30.27956472 30.26270887 30.21956441 30.23661554 30.36373901 30.51577303 30.73742874 30.9612785 31.23599463 31.61778436 32.02190551 32.51484161 33.02045208 33.49424846 33.79056262 34.04158161 34.30312379 34.51385104 34.6763349 34.64841072 34.54254573 34.19767315 34.08800478 33.85851816 33.4023429 32.8085665 32.30908472 31.94360351 31.59970711 31.39810638 31.29263232 31.2672158 31.3759597 31.5937137 31.72759735 31.998402 32.17134833 32.28216158 32.54581151 32.38137284
28.38604327 29.01170626 28.78274689 27.25721932 25.1790211 25.15951366 26.21067227 27.50108947 28.5116394 29.33285475 29.89543111 29.95175521 29.90763067 30.08234285 30.24125248 30.30921043 30.26850965 30.2147869 30.2876032 30.3343738 30.38282051 30.43246389 30.43090336 30.46533985 30.45745767 30.44116153 30.38959968 30.33612169 30.45955714 30.62332916 30.91828618 31.24630786 31.66587455 32.11585348 32.57705587 33.05948963 33.43652444 33.77807986 34.06888385 34.28803568 34.4561177 34.59084324 34.65774046 34.41264454 34.03913464 33.77286275 33.76184631 33.61568357 33.12397632 32.72147283 32.326975 32.04152701 32.00954698 31.57316888 31.39512557 31.3769919 31.43557135 31.68147481 31.83224523 32.00838857 32.22208692 32.36826884 32.50102051 32.47765999
28.15866114 29.07340388 29.16962722 27.879216 25.99959668 25.99853242 26.85284856 27.92255768 28.78008358 29.54274494 30.08158801 30.18278029 30.18218799 30.34405796 30.48973061 30.55085627 30.50774218 30.45247315 30.48289114 30.52620063 30.57172603 30.62302269 30.63996932 30.66067458 30.65477734 30.65374197 30.63958069 30.65301847 30.7325097 30.85601152 31.18176001 31.56639016 32.05218646 32.53770768 33.03700463 33.49965385 33.82840334 34.10562985 34.26587004 34.36004666 34.42741174 34.4676582 34.37110446 34.08540492 33.68092788 33.32335645 33.29603834 33.1281282 32.7463588 32.35236739 32.0137552 31.80133841 31.69558977 31.40304532 31.26008296 31.25024114 31.36254118 31.62171253 31.78347619 31.98019233 32.13458834 32.21849218 32.28229057 32.20746076
27.94979207 29.11872823 30.08849537 28.4636895 26.64303229 26.72726597 27.51056382 28.44843643 29.18961781 29.88538747 30.34942996 30.42093322 30.4681927 30.6059342 30.74606343 30.80740308 30.7652714 30.7144681 30.76766802 30.79656578 30.83246818 30.88146292 30.89686622 30.8962076 30.88162307 30.88740759 30.91996585 31.00743659 31.0610992 31.207798 31.42420073 31.83537454 32.36829135 32.85994538 33.39119777 33.84026374 34.13340903 34.44171595 34.43682093 34.37639376 34.33096464 34.29487698 34.11222827 33.83697818 33.45287812 33.05043545 32.79538281 32.6019287 32.17244508 31.74481423 31.4446316 31.27779596 31.1059609 30.96347371 30.88030378 30.91020146 31.09348623 31.4320268 31.56217629 31.82503484 31.98525587 31.97926924 32.01654433 31.98893139
27.98967229 28.95899588 29.52951116 28.50115624 27.07713432 27.24204641 28.16280149 29.08849512 29.67970367 30.1169266 30.51243213 30.68640393 30.75786172 30.8564622 30.90909181 30.98322796 31.05303382 31.0970453 31.1455744 31.15780782 31.17863449 31.20059648 31.18932018 31.18017386 31.15087393 31.14270445 31.14309758 31.19165942 31.29575138 31.45455866 31.62886715 31.99770099 32.50158545 32.98738066 33.48037993 33.9244186 34.24907834 34.46272102 34.45928499 34.34601831 34.25542311 34.18559238 34.03173322 33.76976872 33.40078899 32.94965112 32.52473465 32.00227325 31.5367329 31.15817812 30.87333773 30.74395157 30.62402055 30.51216653 30.43601689 30.47287172 30.61301508 30.82021149 31.06225523 31.30503087 31.51718167 31.65531845 31.75172808 31.80888135
28.2066085 29.02398756 29.39565747 28.59805084 27.48180913 27.81086227 28.98403218 29.96260925 30.33262885 30.4736056 30.73298626 30.97510782 31.09591797 31.16156595 31.11772848 31.19559002 31.38398211 31.52506607 31.56380826 31.56544173 31.57341896 31.57174754 31.52451292 31.52161913 31.46195577 31.41900414 31.37991397 31.32739204 31.49198549 31.65167189 31.81702866 32.09332946 32.56203075 33.03759197 33.47215047 33.89416613 34.21583601 34.48569448 34.41748109 34.27773074 34.16558917 34.09711732 34.02761634 33.68771228 33.36809996 32.87494595 32.27340222 31.50780067 31.12220651 30.68008944 30.41563431 30.34186616 30.19398529 30.11817854 30.03191628 30.05130246 30.14096843 30.16546516 30.56893318 30.79057298 31.14464129 31.6377772 31.91109986 32.29741688
28.69339807 29.19839217 29.5559471 28.8908708 28.42679209 28.87028021 29.80508689 30.79630307 30.86213803 30.97712073 31.20518424 31.34124933 31.48180076 31.52570927 31.52664577 31.61412456 31.74874345 31.88699817 31.95959996 31.98502707 32.00290754 31.99680772 31.96863588 31.92503057 31.85416644 31.78099215 31.690751 31.65562831 31.74592932 31.88626161 32.01900303 32.1774351 32.59720472 33.02307948 33.43468834 33.80999909 34.08971961 34.26431441 34.27433947 34.17519953 34.06452475 33.94506689 33.75023488 33.50409003 33.14970324 32.68726041 32.21375682 31.65838279 31.17391763 30.6995379 30.31982271 30.12164379 30.0748149 30.11953752 30.17697488 30.31204963 30.50118769 30.71974372 30.97560182 31.42151992 31.9236537 32.38484239 32.79995677 33.08443799
29.29132088 29.34840542 29.67623192 28.71047536 28.45145839 28.89279417 29.5675777 31.19890629 31.0553911 31.45423834 31.78337257 31.77803827 31.95589198 31.79038546 31.89800532 31.99612705 32.06815334 32.24232458 32.29444202 32.38818427 32.42532843 32.4038866 32.40760047 32.30277837 32.24470308 32.16076994 32.03476653 31.97221498 32.04285189 32.15220951 32.25105327 32.31560431 32.60779558 32.97913976 33.34742919 33.6754942 33.87965736 34.06483882 34.08369888 34.040212 33.95834971 33.83446315 33.56423313 33.34829866 32.99286576 32.58916265 32.25828793 31.87778932 31.43041202 30.99154515 30.73043919 30.66639027 30.59453788 30.65777596 30.76395564 30.9354311 31.16820684 31.49712609 31.72399838 32.21136403 32.70759306 33.05968196 33.59078792 33.68828363
30.01260311 29.3905245 28.70532783 27.54958452 26.58016755 26.58264438 27.5451188 28.87124701 30.46053869 31.96096125 32.64785965 32.28412336 31.92637577 32.02367286 32.25245788 32.34431641 32.34108157 32.36960352 32.5809147 32.7998309 32.87446256 32.79851917 32.68275403 32.66194468 32.6194575 32.54545942 32.44509763 32.36092996 32.40493844 32.47595494 32.51551389 32.52881044 32.58284503 32.88424268 33.16226262 33.41781168 33.60510555 33.73370315 33.80790508 33.82831753 33.81894257 33.80943549 33.68929388 33.35685277 32.95868096 32.60686577 32.36062039 32.09399656 31.78415609 31.58017656 31.45512579 31.36306389 31.33307651 31.31840385 31.3903212 31.54850161 31.76653102 32.06041213 32.3129441 32.73925344 33.12063897 33.36149237 33.64945908 33.99383291
29.5417227 28.79514565 27.72226863 26.18345039 24.43011103 24.28928899 25.29358241 26.85486441 29.5752694 32.21649523 33.25525243 32.56516986 31.87325098 32.13733501 32.59762377 32.70647636 32.60802205 32.53974323 32.84611543 33.19986591 33.30796376 33.17445209 33.02546578 33.05891464 33.07301759 33.01139818 32.90472808 32.7802577 32.78028829 32.81358443 32.80037942 32.74180228 32.70371709 32.80231295 32.9830528 33.18031738 33.32002633 33.42068532 33.51327511 33.58851254 33.63872645 33.73621032 33.74528909 33.33447672 32.9147076 32.60852028 32.45413247 32.32744183 32.24638875 32.21293526 32.12001599 32.00654636 31.99256143 31.926342 31.97189687 32.09115553 32.2490422 32.5862908 32.87877605 33.15099664 33.3880143 33.46180661 33.63544319 34.07462843
26.89915267 27.66692066 27.29191179 25.18392079 22.84753384 22.51349877 23.55960047 25.73139129 28.97249926 32.12378082 33.56033673 32.87080202 32.03311145 32.34491942 32.97866824 33.15721029 32.98886722 32.88558117 33.15941618 33.53590616 33.68208445 33.59789361 33.5197415 33.57373001 33.66987023 33.63205434 33.46957378 33.30773679 33.24214422 33.18449843 33.09942508 33.01363836 32.90747651 32.87468542 32.88903152 32.99455579 33.076991 33.13144182 33.21987385 33.29437374 33.37699627 33.49178738 33.44539535 33.22412513 32.8843374 32.71206414 32.72652809 32.76122832 32.70929385 32.67459129 32.60484194 32.49492611 32.46650789 32.44333901 32.61326604 32.82299909 33.02914402 33.26309805 33.40264459 33.49796652 33.59020066 33.59652401 33.70363933 34.05643107
25.21650473 26.85159637 27.09760869 24.60724298 21.41908369 20.87183334 22.10709632 24.53383246 28.44604995 32.27039576 33.83548816 32.97493196 32.10910145 32.54115479 33.31416323 33.56092792 33.3090191 33.16038539 33.41218338 33.81785639 33.98497633 33.9183873 33.91999209 34.01962609 34.19949408 34.18642415 33.99659248 33.83066681 33.71582421 33.61178942 33.47352097 33.32514533 33.1694549 33.07421591 32.9949048 32.93268546 32.88972617 32.88096259 33.01575467 33.18650955 33.37281935 33.58098461 33.64972711 33.57477228 33.3435384 33.17962522 33.13676345 33.08041352 32.93644519 32.93241319 32.88588091 32.79134994 32.98526754 33.14771971 33.3936828 33.58957247 33.68901541 33.84141699 33.83607555 33.79630037 33.81580517 33.78299412 33.79644669 34.01468409
-9999 26.57228355 27.38776139 24.11458726 20.05325546 19.27390498 20.69770775 23.48942381 27.85608042 32.09480141 34.02606074 33.15125009 32.30927104 32.73593375 33.50567928 33.80557196 33.57958206 33.39454036 33.61944255 33.96836259 34.14625451 34.14456195 34.16955706 34.34524313 34.55120827 34.59322129 34.4761975 34.33728045 34.22064944 34.11548913 33.93613396 33.72956353 33.50783686 33.37751881 33.24443902 33.10595977 32.98200067 32.91993352 33.10933354 33.37078517 33.61737481 33.86254418 34.04186552 34.0919448 34.08572282 33.91282452 33.52129732 33.18690364 33.07241974 32.99351672 32.95790028 33.22282264 33.51537914 33.74353753 33.96064036 34.11586716 34.20226398 34.25265426 34.13471435 34.02932446 33.96901782 34.00431997 34.07551765 34.13312859
-9999 -9999 26.76272917 23.47640991 19.50621937 18.7110222 19.92626993 22.63303167 27.16410772 31.75604567 33.88776187 33.24949943 32.49325752 32.90111602 33.69169472 33.96140044 33.75140951 33.60353135 33.79728068 34.10232469 34.27376781 34.2975148 34.36916804 34.56606829 34.8111982 34.89901213 34.83721613 34.76681656 34.67303403 34.58365884 34.40681538 34.16742349 33.93356033 33.7629022 33.59514488 33.40457605 33.19520649 33.08419875 33.25676864 33.56203463 33.84019028 34.1254484 34.35312097 34.4683501 34.53122131 34.34612053 33.88166463 33.47982741 33.3187554 33.20627452 33.27732864 33.63154704 33.95530889 34.17564459 34.3803177 34.5007347 34.50933507 34.50146483 34.31230799 34.13644235 34.05466214 34.10486823 34.2216735 34.41695256
-9999 -9999 -9999 22.81504929 20.06233895 19.33428521 19.90158942 21.90007757 26.13790549 31.02256337 33.48098321 33.13719007 32.85508152 33.24913955 33.75292558 34.00420709 33.89366336 33.84498268 33.98068446 34.20354021 34.35960113 34.42370009 34.54333348 34.72787935 34.95233332 35.07389805 35.08631828 35.10449628 35.00727342 34.95504208 34.79377451 34.56804325 34.39297557 34.15079411 34.00203764 33.7679422 33.45508532 33.33419404 33.44893412 33.72036782 33.99640224 34.27274431 34.51745182 34.60289024 34.58614953 34.4481143 34.2042735 33.97157767 33.71054188 33.57847862 33.78334496 34.06471264 34.34818568 34.55492121 34.6871723 34.74063471 34.72177758 34.61076294 34.40070004 34.16822185 34.38351161 34.47990032 34.57107231 34.64341486
-9999 -9999 -9999 22.79490196 20.72894638 20.05502998 19.98143662 21.33748667 24.85609076 29.38737305 32.0808461 32.71271047 32.97275048 33.44344003 33.85424433 34.08819136 34.01574344 34.0162154 34.13074587 34.29613683 34.43351832 34.51007533 34.63744615 34.80646578 35.00211576 35.11852832 35.15024124 35.18165122 35.13133682 35.09348302 34.95248394 34.74029006 34.56576012 34.33842196 34.17776003 33.94690434 33.6491316 33.52594804 33.60976918 33.86073262 34.10934935 34.36650923 34.57708343 34.62929522 34.61193581 34.52803606 34.38525073 34.25005702 34.03949133 34.02722584 34.25001394 34.49260644 34.7381677 34.85260522 34.92663678 34.93859002 34.88903 34.75100166 34.459971 34.28342618 34.58716411 34.62256128 34.65487025 34.69916103
-9999 -9999 -9999 23.23751206 21.87303596 21.04346452 20.11393245 20.40549133 23.20374622 27.10333814 29.75487309 31.16222672 32.93994857 33.349337 33.703273 34.09740664 34.04148941 34.14513592 34.21441684 34.34636365 34.48173985 34.56134749 34.68017493 34.85340228 34.99250019 35.09406659 35.1212787 35.09793563 35.13588755 35.08751096 34.97531019 34.80530409 34.53924999 34.40616201 34.20759481 33.99485557 33.8058872 33.64497189 33.75668815 33.99070384 34.18500665 34.39011311 34.57671787 34.61635472 34.62543573 34.58607696 34.48270533 34.37827345 34.28866095 34.4346787 34.63068125 34.87443096 35.09998104 35.09351883 35.08523289 35.02393729 34.96606687 34.93104496 34.48881791 34.4467644 34.63746683 34.62126671 34.53361582 34.54973854
-9999 -9999 -9999 -9999 22.1893633 21.46449507 20.65796612 20.65535617 21.88943527 24.08958262 26.33530662 28.47366923 30.81802938 32.29797982 33.41297813 34.14658544 34.09322518 34.06251627 34.16374549 34.35569727 34.52709622 34.636098 34.75714001 34.90437206 35.03056574 35.1167073 35.1356398 35.12948641 35.16956195 35.16587789 35.08268832 34.94341271 34.73689223 34.57892022 34.40267811 34.21000055 34.02890291 33.91556883 33.94516871 34.07527405 34.20043441 34.32950775 34.47201466 34.53368231 34.57410814 34.55144446 34.47469427 34.46705275 34.5583975 34.66625154 34.84002755 35.06568404 35.22282823 35.14629787 34.99324143 34.852549 34.7430039 34.62673623 34.34121964 34.55742253 34.65730264 34.58325866 34.43153669 34.32473161
-9999 -9999 -9999 -9999 21.97816809 21.5755411 21.49270128 21.40248021 20.55870181 20.48682672 21.75387279 24.17336149 27.7055702 29.99464749 32.57454211 34.11783168 33.84283311 33.7951861 34.08621761 34.32796287 34.55236343 34.67713258 34.83929499 34.96060432 35.09482236 35.18146244 35.18674108 35.21967328 35.26347347 35.32172484 35.28467945 35.16986315 35.05956106 34.86033456 34.70838698 34.50588576 34.29292783 34.21376909 34.07589604 34.10679297 34.14473678 34.20634777 34.30673297 34.37560544 34.45529318 34.45642895 34.55771568 34.72769258 34.80166935 34.82232011 34.95391921 35.18993617 35.30494283 35.14500631 34.8102417 34.56322666 34.41336375 34.29594399 34.49465195 34.65630589 34.66785007 34.5525838 34.37514075 34.09745823
-9999 -9999 -9999 -9999 -9999 22.26238689 22.0250566 20.9839762 18.98863349 17.05222943 17.21292627 18.99245432 22.2512569 26.25604208 30.39808795 32.98494653 33.59547733 33.79846703 34.00338785 34.29990689 34.55590778 34.64264023 34.79633642 34.93789472 35.07069018 35.17550089 35.21970024 35.27733821 35.3365708 35.40905769 35.4036953 35.33709704 35.25801177 35.11889933 34.97237293 34.72335749 34.40145275 34.17533015 34.04066778 34.03573858 34.03146103 34.04610543 34.09876217 34.16071046 34.37138535 34.60286212 34.77842383 34.94478694 35.01995161 35.08243347 35.1825088 35.31339951 35.34668709 35.20411438 34.91295539 34.60109387 34.26597746 34.41633891 34.56006697 34.63802471 34.61280197 34.49761593 34.27413654 33.96382907
-9999 -9999 -9999 -9999 -9999 23.09966122 22.32889493 20.8771229 17.85992332 14.07529039 13.35502361 14.87145465 16.3621408 21.70789827 27.57278907 31.03762947 32.19460357 33.4737057 33.78438364 34.13805167 34.66128812 34.70874845 34.72526054 35.04184406 35.01761872 35.1217702 35.19748602 35.29141559 35.3381383 35.41454274 35.43630064 35.4055796 35.38950693 35.25168739 35.12980331 34.84893419 34.39780917 33.97139995 33.93608421 33.93504006 33.89710351 33.94359548 34.02131499 34.26737692 34.51753336 34.72849187 34.8945783 35.12453995 35.17427938 35.31766218 35.40841832 35.44116363 35.43988813 35.30991742 35.13190097 34.78169637 34.43634779 34.5135924 34.57646344 34.58693944 34.50616162 34.39590589 34.21088258 33.83883811
-9999 -9999 -9999 -9999 -9999 -9999 22.83929579 21.38095671 18.08399118 14.0547346 12.61446504 13.06063181 14.7489864 17.97291778 22.3985925 25.95485753 28.23785622 30.62672507 32.05433273 33.77873125 34.82283068 34.73982501 35.10063716 34.93707311 35.06253683 35.14710328 35.07642453 35.15091449 35.22157202 35.32648927 35.35524712 35.31647237 35.26953474 35.18220375 35.05866741 34.78474908 34.38057523 34.05161413 33.90141039 33.97638106 34.03025626 34.09581661 34.23750573 34.38536991 34.5925365 34.74246283 34.79377727 34.93350743 35.06551931 35.28036903 35.40306565 35.44429278 35.46376118 35.29569873 35.09047925 34.74785722 34.60917918 34.55896079 34.53125854 34.5220003 34.40005094 34.21990635 33.98054074 33.64559353
-9999 -9999 -9999 -9999 -9999 -9999 23.07734177 23.16588687 19.47522871 15.29477396 13.0125836 12.43050207 12.94971693 14.11771529 16.54879188 19.31105388 22.15358218 26.19665064 27.3791325 30.79930558 32.87380533 32.77252737 34.61652641 34.58508124 34.78270296 34.98755404 34.85764401 34.93153243 35.01854423 35.15022956 35.18068798 35.11190455 35.08680265 35.00874584 34.96531802 34.81649097 34.48267674 34.20088388 34.07745787 34.14048871 34.15649899 34.17271123 34.35177773 34.37542765 34.53440602 34.62085117 34.57084091 34.59863644 34.76881895 35.02718786 35.16053647 35.21025831 35.37262106 35.05855415 34.85466415 34.86627746 34.62222982 34.53095606 34.49111069 34.46037704 34.29333544 34.03826469 33.72401614 33.3096671
-9999 -9999 -9999 -9999 -9999 -9999 -9999 23.12270185 21.11146914 17.88968525 15.19360088 12.79807606 11.14296803 10.99083548 11.14344118 12.27493653 14.19639027 16.13012073 19.13557554 21.99714302 25.04389118 27.88353727 30.47547224 32.36017181 33.86726541 34.81124125 34.70785611 34.6214871 34.72785777 34.87558885 34.90180177 34.79606777 34.71073132 34.78060477 34.93326553 34.87082212 34.59713139 34.33086656 34.18752564 34.1539966 34.08987923 34.01978066 34.02574102 34.10509697 34.21648224 34.28693054 34.29765298 34.31507006 34.39346288 34.47768707 34.55213283 34.63465177 34.62762551 34.53390777 34.51522576 34.54099001 34.42812735 34.3638009 34.37904323 34.42148267 34.19642383 33.77787099 33.32837866 32.87988847
-9999 -9999 -9999 -9999 -9999 -9999 -9999 23.69723457 22.16293861 20.35152796 17.77908415 14.24982991 10.38626072 9.756805462 8.549825006 8.530051542 9.036159447 9.061378285 12.04794743 14.0066747 17.25104474 21.80055778 25.9080125 29.4085301 32.50626318 34.29448537 34.42510934 34.23519324 34.51006502 34.63671901 34.62937809 34.48262447 34.33527707 34.65479377 34.94032866 34.91317082 34.65678313 34.37460769 34.1875319 34.0808595 33.9258712 33.75743323 33.66786924 33.77303656 33.88823506 33.98568789 34.05004013 34.0456475 34.07953678 33.98677155 33.99447545 34.06777221 33.97215153 34.09063882 34.10350899 34.13174755 34.10822698 34.09074089 34.17411906 34.27839692 34.02058541 33.45583437 32.87544715 32.3915189
-9999 -9999 -9999 -9999 -9999 -9999 -9999 23.27786537 22.20772206 21.97413689 20.41567341 17.53232936 14.29842968 11.5736456 9.370411435 8.509203579 8.587077077 8.578541224 9.166471773 10.01675944 12.72620802 16.77118568 21.10308984 26.04918202 30.31459861 33.14315541 33.84575597 34.14153968 34.28135261 34.42023733 34.52346974 34.46642004 34.51913653 34.66877223 34.85849172 34.84269604 34.63240921 34.37883473 34.18489833 33.97875258 33.7982042 33.63239133 33.48035534 33.67395588 33.82235635 33.93582865 34.04690253 33.96854736 33.95519301 33.8235613 33.74284866 33.73968534 33.68786973 33.81619691 33.80677254 33.81375178 33.80525933 33.7893737 33.84353524 33.84279091 33.52112017 32.96338646 32.38076099 31.84222895
-9999 -9999 -9999 -9999 -9999 -9999 -9999 -9999 22.60777288 22.77198531 22.41326183 20.63845546 18.34936922 15.36465715 12.16424779 10.38680059 9.954911204 9.681545402 8.977372571 8.429917552 10.22025644 13.76302482 17.48263012 22.35252746 27.50527574 31.11094249 32.56979929 33.67701199 34.19679861 34.35447291 34.46093517 34.4398512 34.52540713 34.57618139 34.71120352 34.69887013 34.53559605 34.37755789 34.23472415 34.03168179 33.89210152 33.77768232 33.62853363 33.98429569 34.18044671 34.28119113 34.35481963 34.14060326 34.01259844 33.78487186 33.63774357 33.58762085 33.55746639 33.69138354 33.66622117 33.64567245 33.60501411 33.4691721 33.38602867 33.29449176 32.91300374 32.34354985 31.76956845 31.25632742
