meets/meet004/data/CCSM_0k_neotropic_bio04.asc
NCOLS 154 
NROWS 168 
XLLCORNER -112 
YLLCORNER -55.5 
CELLSIZE 0.5 
NODATA_value -9999 
[rows 29 to 57 of 168, columns 64 to 127 of 154]
-9999 -9999 -9999 -9999 -9999 -9999 -9999 -9999 -9999 -9999 -9999 -9999 -9999 -9999 -9999 -9999 -9999 -9999 -9999 -9999 -9999 -9999 -9999 -9999 -9999 -9999 -9999 -9999 -9999 -9999 -9999 -9999 -9999 -9999 -9999 -9999 -9999 114.2804217 -9999 -9999 -9999 -9999 -9999 -9999 -9999 -9999 -9999 -9999 -9999 -9999 -9999 -9999 -9999 -9999 -9999 -9999 -9999 -9999 -9999 -9999 -9999 -9999 -9999 -9999
-9999 -9999 -9999 -9999 -9999 -9999 -9999 -9999 -9999 -9999 -9999 -9999 -9999 -9999 -9999 -9999 -9999 -9999 -9999 -9999 -9999 -9999 -9999 -9999 -9999 -9999 -9999 -9999 -9999 -9999 -9999 -9999 -9999 -9999 -9999 -9999 -9999 112.8388644 -9999 -9999 -9999 -9999 -9999 -9999 -9999 -9999 -9999 -9999 -9999 -9999 -9999 -9999 -9999 -9999 -9999 -9999 -9999 -9999 -9999 -9999 -9999 -9999 -9999 -9999
-9999 -9999 -9999 -9999 -9999 -9999 -9999 -9999 -9999 -9999 -9999 -9999 -9999 -9999 -9999 -9999 -9999 -9999 -9999 -9999 -9999 -9999 -9999 -9999 -9999 -9999 -9999 -9999 -9999 -9999 -9999 -9999 -9999 -9999 -9999 -9999 -9999 -9999 -9999 -9999 -9999 -9999 -9999 -9999 -9999 -9999 -9999 -9999 -9999 -9999 -9999 -9999 -9999 -9999 -9999 -9999 -9999 -9999 -9999 -9999 -9999 -9999 -9999 -9999
-9999 -9999 -9999 -9999 -9999 -9999 -9999 -9999 -9999 -9999 -9999 -9999 -9999 -9999 -9999 -9999 109.5749936 -9999 -9999 -9999 -9999 -9999 -9999 -9999 -9999 -9999 -9999 -9999 -9999 -9999 -9999 -9999 -9999 -9999 -9999 -9999 109.4666931 -9999 -9999 -9999 -9999 -9999 -9999 -9999 -9999 -9999 -9999 -9999 -9999 -9999 -9999 -9999 -9999 -9999 -9999 -9999 -9999 -9999 -9999 -9999 -9999 -9999 -9999 -9999
-9999 -9999 -9999 -9999 -9999 -9999 -9999 -9999 -9999 -9999 -9999 -9999 -9999 -9999 99.30073567 101.6075045 100.7566027 -9999 -9999 -9999 -9999 -9999 -9999 -9999 -9999 -9999 -9999 -9999 -9999 -9999 -9999 -9999 -9999 -9999 -9999 -9999 -9999 -9999 -9999 -9999 -9999 -9999 -9999 -9999 -9999 -9999 -9999 -9999 -9999 -9999 -9999 -9999 -9999 -9999 -9999 -9999 -9999 -9999 -9999 -9999 -9999 -9999 -9999 -9999
-9999 -9999 -9999 -9999 -9999 -9999 -9999 -9999 -9999 -9999 85.40265477 76.31673984 73.06971819 70.5292225 73.05956231 76.23461866 -9999 -9999 88.31662769 92.50129965 96.09706313 98.2220139 102.7634084 -9999 -9999 -9999 -9999 -9999 -9999 -9999 -9999 -9999 -9999 -9999 -9999 -9999 -9999 -9999 -9999 -9999 -9999 -9999 -9999 -9999 -9999 -9999 -9999 -9999 -9999 -9999 -9999 -9999 -9999 -9999 -9999 -9999 -9999 -9999 -9999 -9999 -9999 -9999 -9999 -9999
-9999 -9999 -9999 -9999 -9999 -9999 -9999 -9999 -9999 71.9265712 64.63983124 57.78477771 57.44434131 61.0046489 64.60344422 66.48370609 68.26279978 71.51915468 73.56486345 78.52139815 83.22991155 87.55369665 95.020746 93.87351324 -9999 -9999 -9999 -9999 -9999 -9999 -9999 -9999 -9999 -9999 -9999 -9999 -9999 -9999 -9999 -9999 -9999 -9999 -9999 -9999 -9999 -9999 -9999 -9999 -9999 -9999 -9999 -9999 -9999 -9999 -9999 -9999 -9999 -9999 -9999 -9999 -9999 -9999 -9999 -9999
-9999 -9999 -9999 -9999 -9999 -9999 -9999 -9999 -9999 47.2993358 55.12741276 62.22863983 70.08118706 74.96142065 77.29574062 77.3978182 74.20947071 70.77473793 70.15754887 70.47384665 71.2022101 74.15222656 78.05954035 78.07403319 77.95239862 79.51822637 81.11187032 83.24366779 83.63677946 83.79156316 84.45113104 85.04508325 85.78425769 86.66878986 87.37843749 -9999 -9999 -9999 -9999 -9999 -9999 -9999 -9999 -9999 -9999 -9999 -9999 -9999 -9999 -9999 -9999 -9999 -9999 -9999 -9999 -9999 -9999 -9999 -9999 -9999 -9999 -9999 -9999 -9999
-9999 -9999 -9999 -9999 -9999 -9999 -9999 -9999 -9999 67.3227274 86.58009147 91.36557517 96.95374196 100.6670942 101.2736304 100.2339124 94.46517247 86.59804036 82.73522541 78.80373597 72.60598663 68.05501007 67.41171869 66.28109763 67.66799809 69.96165846 73.10955768 75.84767834 76.97698445 77.83990168 78.97796574 80.0855086 81.22975874 82.21825001 82.36363611 83.52868813 86.87612862 -9999 -9999 -9999 -9999 -9999 -9999 -9999 -9999 -9999 -9999 -9999 -9999 -9999 -9999 -9999 -9999 -9999 -9999 -9999 -9999 -9999 -9999 -9999 -9999 -9999 -9999 -9999
44.86080044 36.84718672 29.52776984 29.43132857 -9999 -9999 -9999 -9999 79.5335981 110.0467171 126.8391731 127.7522025 131.9575656 128.7050969 133.110732 130.4179701 121.2768165 117.6306448 106.1761973 99.75379181 87.90628634 72.3253854 63.94620156 61.04079459 65.14446722 68.60920952 70.45727291 73.60021632 74.48561052 75.57078618 77.05374047 78.49474778 80.10698166 81.24157078 81.97409908 83.0475211 85.74768056 88.31898525 -9999 -9999 -9999 -9999 -9999 -9999 -9999 -9999 -9999 -9999 -9999 -9999 -9999 -9999 -9999 -9999 -9999 -9999 -9999 -9999 -9999 -9999 -9999 -9999 -9999 -9999
28.31253584 -9999 -9999 17.6652201 18.80020247 33.93683921 56.725019 92.81040361 112.7901185 141.4344224 155.3672011 151.9976647 154.8435164 144.3346278 146.3482428 142.3434105 131.7567389 128.9222307 117.307041 112.1926323 99.42228681 80.15408695 70.46721131 63.65322083 64.86310982 66.53279246 68.50295976 71.87185576 73.60273098 74.85273763 76.10222103 77.50897235 79.32189139 81.09746768 82.80413375 84.40878287 86.93726561 88.78619379 -9999 -9999 -9999 -9999 -9999 -9999 -9999 -9999 -9999 -9999 -9999 -9999 -9999 -9999 -9999 -9999 -9999 -9999 -9999 -9999 -9999 -9999 -9999 -9999 -9999 -9999
-9999 -9999 -9999 17.89289828 42.87974475 63.13726548 76.83754774 98.74432044 116.9315107 139.8492278 150.136707 150.8329034 151.3695465 136.8892826 132.6455035 131.6521483 126.023167 121.7440248 113.2443456 111.3225231 100.9730791 87.28509912 78.91153465 73.17986968 70.99821771 69.14367391 68.98306724 71.85772816 74.33033068 75.62957284 77.78167715 78.57772225 79.18092003 81.3146788 83.47475221 85.29693255 87.53206344 89.30137138 85.32415428 80.64220128 76.41451872 -9999 -9999 -9999 -9999 -9999 -9999 -9999 -9999 -9999 -9999 -9999 -9999 -9999 -9999 -9999 -9999 -9999 -9999 -9999 -9999 -9999 -9999 -9999
-9999 -9999 -9999 16.29738505 44.05268928 64.04142242 73.91738196 90.07787147 100.997488 117.1233743 124.7356391 125.0130268 123.4556942 112.2951407 115.0320507 120.3147244 119.5971326 114.6978489 99.01472975 98.43152507 98.18205188 94.92470431 91.00992572 87.37886576 84.24876576 79.77973149 76.06159495 75.80044792 77.15177943 79.24450421 81.93115953 82.98934986 82.84554086 84.38339569 85.71704807 86.80954148 87.7818601 88.11379391 85.89298495 82.37766303 76.52022712 70.11518907 -9999 -9999 -9999 -9999 -9999 -9999 -9999 -9999 -9999 -9999 -9999 -9999 -9999 -9999 -9999 -9999 -9999 -9999 -9999 -9999 -9999 -9999
-9999 -9999 -9999 -9999 31.95054071 44.0850593 56.15592864 67.60747608 79.62415046 84.96131757 89.64704496 94.97064943 95.39061456 97.66044065 107.4274233 114.329369 111.166111 97.38159337 77.07211371 90.5808149 110.3450585 111.8468381 108.5598715 101.6558469 98.78450983 93.01630427 87.74625764 88.09501403 84.41275367 86.65157055 89.84916067 91.35194819 93.55483418 92.44036486 94.17004512 94.46167525 94.27300686 96.67215338 91.36650464 89.15983491 82.08683729 72.30106963 65.06561924 -9999 -9999 -9999 -9999 -9999 -9999 -9999 -9999 -9999 -9999 -9999 -9999 -9999 -9999 -9999 -9999 -9999 -9999 -9999 -9999 -9999
-9999 -9999 -9999 -9999 -9999 35.08569156 40.20786352 52.07236726 62.19401397 64.95361844 71.81574321 81.54937142 89.24853667 96.34511246 107.0482416 107.4877167 97.15898555 76.9072743 70.08895617 103.6746298 129.2606653 130.0663201 123.1673102 112.7980949 107.428058 100.6475334 94.89429115 94.90031862 92.18712857 94.79941114 97.58031383 99.00120101 101.2525833 99.48697715 99.25923327 97.65784868 95.29467622 95.13284439 90.09990303 87.93463437 83.21644966 77.19324113 71.58936056 67.09642895 -9999 -9999 -9999 -9999 -9999 -9999 -9999 -9999 -9999 -9999 -9999 -9999 -9999 -9999 -9999 -9999 -9999 -9999 -9999 -9999
-9999 -9999 -9999 -9999 -9999 39.64856267 32.52903181 44.40735787 52.40769104 55.73404516 65.35273402 77.25142117 88.15998297 93.72941043 100.3176675 92.48204002 79.13419725 72.48100091 84.45053326 125.4975294 147.3964568 140.8494585 133.7899095 115.4694382 110.5102174 102.8974174 92.62011379 95.41630279 94.23293976 98.98767594 101.7504873 101.1989451 104.3714893 101.1004792 98.61763623 95.98090229 91.81433317 88.83181602 85.14917609 84.34479869 82.25251212 79.52532652 80.43822477 74.14855299 72.31337376 -9999 -9999 -9999 -9999 -9999 -9999 -9999 -9999 -9999 -9999 -9999 -9999 -9999 -9999 -9999 -9999 -9999 -9999 -9999
-9999 -9999 -9999 -9999 -9999 39.82815147 28.89036553 37.42710087 46.33180586 50.38850014 60.71975666 72.60203786 81.85291517 86.51310211 85.79996489 76.11020673 70.03631252 82.73115024 106.2786491 134.3750546 145.6708155 134.3209817 119.9868587 100.120604 89.61259329 82.20323964 76.99375018 80.94176617 85.27724601 92.41273223 96.26716292 96.64080983 98.19492423 96.93110835 95.73371846 93.00818963 88.58979869 84.69324567 80.60645637 81.28152548 80.12701545 76.8061063 77.31353129 76.50225147 78.14396782 78.36867176 76.03452474 73.11262158 69.23449954 64.10435603 56.98405431 49.45004019 -9999 -9999 -9999 -9999 -9999 -9999 -9999 -9999 -9999 -9999 -9999 -9999
-9999 -9999 -9999 -9999 -9999 37.47498429 25.1190651 36.00836503 42.62233826 46.16176047 55.79231003 66.63518412 75.72526682 77.32791756 75.03276264 68.61753503 76.05606403 108.8934783 117.4947638 129.7594143 128.8386028 110.1446993 94.40415393 73.18645432 57.30803074 54.53450852 57.98217493 63.02033618 71.38363893 81.30477889 86.6029012 87.50182024 90.43389453 89.82074243 89.93345267 87.67834166 84.51608346 81.1314349 73.36844987 73.75189295 74.66517498 71.14672265 70.08791472 73.98772295 84.49365454 90.75769395 91.2544916 93.27598581 87.24854288 85.11431952 77.1231037 66.14118296 58.10474524 43.79128823 33.44128798 -9999 -9999 -9999 -9999 -9999 -9999 -9999 -9999 -9999
-9999 -9999 -9999 -9999 -9999 35.05266066 23.08263551 32.06826279 39.79639245 43.21606405 51.44564639 60.91835454 67.3951153 68.41127723 65.52132709 66.50404947 79.14395198 98.1510012 103.0462548 100.5458609 92.62555327 76.92061401 60.33258091 46.96614975 39.46947648 40.94348594 44.88669057 50.01525611 56.99874373 65.12742947 71.04571971 73.75835072 77.01198352 77.93712137 80.60292671 80.20160187 77.69802728 72.11267421 63.70139123 65.31764898 67.49032002 63.61841834 63.75146923 71.09750696 84.90231406 95.13112399 100.7388387 103.7640237 101.0540007 97.17227128 88.77123616 77.26698946 66.6162886 53.08097567 42.4550817 33.01541759 -9999 -9999 -9999 -9999 -9999 -9999 -9999 -9999
-9999 -9999 -9999 -9999 -9999 38.13331904 21.90088194 32.86817869 38.08337855 40.59827653 47.1095815 54.89032368 61.75479331 61.18872281 61.40803162 66.01360833 72.71962644 82.60609967 78.78185138 67.66497893 57.80396238 48.68303723 36.58129903 35.24133631 33.33941373 34.5166606 36.67854982 37.51136518 43.36772511 49.0532243 53.52640705 56.79819571 61.59674128 65.04596592 72.12500837 74.41211229 72.70425211 67.46903671 56.82588131 55.18113006 59.02754301 57.14581193 58.80382391 72.2798454 85.69006587 97.05887391 105.8741441 112.316439 107.4748831 102.506298 93.44427458 81.52598615 71.89680687 58.4532335 50.98935379 41.13563305 31.45308428 27.00836087 -9999 -9999 -9999 -9999 -9999 -9999
-9999 -9999 -9999 -9999 -9999 37.12302111 21.21448521 28.17612333 35.22920762 36.71247325 42.04102401 48.84235251 53.38389635 54.80338623 57.00016929 60.21666997 61.28467856 59.41015775 56.2462817 50.4111862 45.16729492 40.96266854 37.80619578 36.46456669 35.78430108 35.09166073 34.9422232 35.93996704 39.09076678 42.9000704 48.28357509 54.52651574 62.63600028 70.32525895 78.15633842 81.5977893 81.62413225 80.15921587 68.92084324 62.4106949 63.09849161 66.70063119 74.36727442 81.96207161 91.32076476 100.098448 108.1526395 111.9457343 109.4978051 101.449884 91.63734512 80.5303516 68.916281 58.45833738 49.36859826 39.96154839 32.64255969 28.40750999 -9999 -9999 -9999 -9999 -9999 -9999
-9999 -9999 -9999 -9999 -9999 32.91870572 18.81906552 28.15219463 32.96036752 34.0532178 38.10330739 43.28395698 47.8395651 48.88026042 51.96195514 53.8873484 51.15324379 48.70383201 48.18389222 47.28975471 45.0619187 42.20131552 41.25703815 40.04600748 39.89594522 38.58021376 37.23476994 41.45861111 42.93847228 51.74173496 60.83756311 70.17054998 93.56782231 86.77674544 94.0469172 97.74298409 96.25842372 109.509873 91.35027181 89.86903758 86.84646625 83.64289685 94.92624339 91.86676085 97.03770441 103.9484204 110.6177359 116.0864922 113.3256358 103.9537235 94.17446281 83.7079502 67.60970783 58.49248042 48.16241463 38.16002619 31.56854049 28.68122757 -9999 -9999 -9999 -9999 -9999 -9999
-9999 -9999 -9999 -9999 -9999 17.33472136 19.59887857 27.16481444 33.02611645 35.43492873 37.99715915 39.81152854 41.68695121 43.62742542 45.08332236 46.26765633 46.62186963 46.91135203 46.5679883 46.06269317 44.77757989 42.88040518 42.09432647 41.55308247 41.6136837 40.22867763 38.6829378 39.65017881 43.00199337 49.96165161 58.68958129 67.65494804 78.2380266 82.38161492 87.92112725 91.68156417 93.60316196 98.27899895 91.64043692 89.39812674 86.60528232 83.05498207 86.04409805 89.67011669 96.92225913 105.2597401 113.9133821 120.1164501 121.2546364 117.5665942 108.0298556 94.54340291 79.43574388 63.55298641 50.51998913 39.09078882 30.475887 26.09388715 -9999 -9999 -9999 -9999 -9999 -9999
-9999 -9999 -9999 28.274975 14.80874324 22.57475809 25.91003879 29.50478366 34.72010528 38.00460447 39.47287348 38.1566214 38.09630801 39.9732372 40.86597759 42.12510767 43.51896324 44.75263894 44.05453566 43.65274575 42.82280006 41.70117616 41.68343469 41.50861106 42.2693092 41.28173104 39.63975051 39.26152562 41.29071237 45.2608836 51.00419075 56.84527107 62.38200384 67.83047432 72.77048466 76.14404471 78.70709439 82.59983425 76.57343265 76.88319863 75.39140168 71.48253328 74.50350175 83.2275088 93.99782478 105.6107512 117.8777564 126.8230554 130.0433649 130.566923 121.2476191 105.4005525 90.42127463 68.80055162 52.71734784 40.22470525 31.42885562 25.92077444 23.05710313 -9999 -9999 -9999 -9999 -9999
-9999 -9999 35.34434472 20.53601149 18.40024771 28.82507028 32.30110964 33.42126316 35.99787153 38.55846927 39.32753279 38.26152416 37.44387166 37.63002902 37.93356319 38.69363885 39.769064 40.43714311 40.4164778 39.96082919 39.67625805 39.43356912 39.71074319 40.43683297 41.43652803 41.18811192 40.27452891 40.2998383 41.31029597 43.49325279 46.87418334 50.54752385 53.9296635 57.69423992 60.18051627 61.35763462 60.67107062 58.50376923 57.95014812 57.28913725 58.71685648 61.03488159 67.01611029 77.64669852 91.2599848 105.7984026 120.7608593 132.9418444 135.1422858 132.0486385 122.2008204 106.8355104 89.3188782 68.78946861 51.53157233 39.22694263 32.8574159 29.38826763 25.51086624 23.54469113 -9999 -9999 -9999 -9999
-9999 -9999 27.57146851 19.4685863 27.22692469 35.85184354 36.38879836 36.64837981 38.0384523 39.74508849 40.18568453 38.60148471 37.60591613 36.88828182 36.20742785 36.28133155 36.96083973 37.2833379 37.35206215 37.01852749 37.01510528 37.29219004 37.780077 38.93775694 40.34637861 40.70215036 40.51382741 41.03220447 41.83666849 42.94080086 44.95603975 46.83925917 48.56762153 51.17421977 51.79982097 51.33402423 48.97795749 46.32393008 46.94497647 47.16870705 50.3624898 54.41506487 61.32949889 73.28916745 88.03832307 103.6670701 119.9801073 134.0813315 133.8082746 129.5131833 119.5703906 104.2555357 87.32534159 66.81479952 49.59945531 38.15401906 34.07357692 31.85957084 28.06107361 26.87008969 -9999 -9999 -9999 -9999
23.26300945 22.01597336 26.81251713 29.43728767 34.39987818 38.95030327 39.88561683 39.45177202 39.63721185 39.70597153 39.54814557 38.76298574 37.5366513 36.76571062 36.21130914 35.81493407 35.84888816 35.80101286 35.80062293 35.49453651 35.61751507 35.97571666 36.63426983 37.84906379 39.15693211 40.06613952 40.59994627 41.4775705 42.16499238 43.09434159 43.9208657 44.67263146 45.3982028 46.55634412 47.07712888 46.33516283 45.26960627 44.72852031 45.23659839 46.46185489 49.46930045 52.62076817 58.65334525 70.21845456 83.76053828 98.38542877 113.6635103 123.614725 126.6838483 123.2245054 114.0684931 100.2816813 83.94149546 65.04925695 48.37539217 37.76064737 33.55395393 31.36015035 29.04178136 26.96969457 -9999 -9999 -9999 -9999
21.36764235 25.75776321 38.86993965 40.66559867 40.99131005 43.11314339 42.64987394 42.2392025 40.95459492 39.87832078 39.38942245 38.63435139 37.7786622 37.26313435 36.93349287 36.51708337 36.25523065 35.99506883 35.77636491 35.44158591 35.43292758 35.73064174 36.21216214 37.20846982 38.48176527 39.55371619 40.37072763 41.5821021 42.39063278 43.03256209 43.53525063 43.45136822 43.41911464 43.81222094 44.03397125 44.03510693 44.20709361 45.20041473 46.48050307 47.90116672 51.21750784 54.02887785 59.38391883 70.13278337 81.39532906 94.13079374 107.1623549 115.8238588 119.1664781 116.6427137 108.4513781 95.54828778 79.81224069 62.575316 48.16849802 37.83076179 33.72194686 30.89866132 28.74566063 27.35354978 24.30137083 -9999 -9999 -9999
23.63126345 32.57677239 44.3856629 47.48161674 46.89503726 46.83900993 45.97794409 45.0134529 42.60109237 40.44163816 39.44020699 38.92671215 38.43100782 38.22601954 38.10277454 37.78404558 37.41044231 37.02039489 36.72296967 36.45975506 36.37698807 36.39238878 36.60219605 37.32446015 38.0327469 38.97945904 40.04645494 40.97938789 42.06603357 43.16127855 43.28959048 42.60094966 42.14942306 41.98055383 41.90769177 42.87796543 44.45869234 46.41532946 48.57231171 50.48062495 54.28402114 58.74535496 64.99245849 73.25096151 82.12139036 91.76583339 102.898135 110.2834545 111.6917457 109.9611559 102.216486 87.85255786 73.49475787 60.40495287 48.80908436 40.41609549 35.51535809 31.70231241 30.02565187 28.3324756 26.94994852 26.89387225 25.54575013 -9999
