meets/meet004/data/CCSM_6k_neotropic_bio10.asc
NCOLS 154 
NROWS 168 
XLLCORNER -112 
YLLCORNER -55.5 
CELLSIZE 0.5 
NODATA_value -9999 
[rows 58 to 86 of 168, columns 64 to 127 of 154]
20.69855385 20.00464051 19.26959048 18.80514116 18.66903001 19.10017641 20.03041002 21.29902985 22.76921944 24.07626322 24.82490176 24.84431702 24.73958901 24.73551676 24.80928539 24.83802033 24.80959938 24.84767455 24.83140944 24.85270338 24.86675802 24.8543467 24.85243806 24.86324425 24.88415206 24.92344039 24.98300138 25.09988583 25.1935995 25.37091104 25.43905101 25.39979544 25.43505933 25.4028874 25.42387546 25.41800729 25.38497688 25.36966887 25.32701986 25.32006821 25.38336665 25.49090527 25.65146843 25.82121832 25.98082866 26.11524317 26.20324352 26.21154883 26.20024165 26.07723244 25.85085727 25.52344979 25.2093212 25.08587356 25.04115663 25.05618604 25.14437391 25.22219534 25.33501673 25.40162982 25.61317281 25.93580992 26.14013313 -9999
20.7036756 20.12626036 19.56010248 19.12730021 18.85552732 19.37334727 20.59363413 22.00231589 23.23890859 24.27721275 24.90637009 24.89625203 24.79962103 24.84153089 24.87361389 24.89972425 24.91015111 24.90542451 24.91927933 24.93941947 24.93887311 24.93855394 24.94521612 24.95078278 24.96425405 25.00831696 25.04584279 25.11446916 25.24253041 25.34362891 25.41718973 25.442661 25.42886069 25.46609043 25.48247203 25.50036156 25.53116645 25.54199893 25.55378876 25.56883527 25.65777139 25.78312502 25.95639016 26.13564996 26.32971644 26.39563346 26.37367016 26.28560364 26.16594331 25.90137356 25.67813764 25.46548241 25.20688827 25.19569209 25.2761536 25.3248969 25.39999211 25.51671874 25.56253916 25.66028548 25.78929064 25.92290753 26.01173411 25.93832066
20.94404366 20.55301467 20.16587061 19.67079979 19.40034036 19.89763074 21.10491454 22.47969142 23.58452395 24.42538462 24.95791244 24.96813623 24.86818818 24.89647015 24.9251682 24.94735793 24.95292754 24.95692312 24.96858768 24.98558278 24.99919173 25.0077404 25.02384833 25.03987549 25.06136075 25.09477576 25.12628238 25.1702796 25.25045979 25.32935919 25.39610851 25.43865736 25.46964338 25.51938987 25.56214628 25.6144816 25.67144326 25.72665047 25.76080805 25.81098704 25.91177701 26.03321648 26.20478852 26.37702866 26.5526529 26.63259068 26.61185478 26.51190534 26.34233915 26.10312053 25.88176009 25.69423043 25.53275616 25.48725665 25.52391637 25.552785 25.60261902 25.70833968 25.77076937 25.85333561 25.93062908 25.97957172 25.95261526 25.81383013
21.24419433 21.10031258 20.9162931 20.42225061 20.07097078 20.51060356 21.63729907 22.89502775 23.87522442 24.57907001 25.01425974 25.0228381 24.95570683 24.98575628 25.00955901 25.02540104 25.02088142 25.01087092 25.02478969 25.03311183 25.05006394 25.07498988 25.09244956 25.1226303 25.15683808 25.18943775 25.2144743 25.26351491 25.31303314 25.36679205 25.43387042 25.48871399 25.54988116 25.61271189 25.67151181 25.74918231 25.82541044 25.90928504 25.96307874 26.03634011 26.13973574 26.25730528 26.41624638 26.53745328 26.69682758 26.75079595 26.7660444 26.7786333 26.52977606 26.41846746 26.23438472 26.00033416 25.98772644 25.76021018 25.70460129 25.69503087 25.70379802 25.82066198 25.86742405 25.95479427 25.98397619 25.97069725 25.94009485 25.7668116
21.53105334 21.56491295 21.57570167 21.13693463 20.81110645 21.17664989 22.14309378 23.27780961 24.12380471 24.71862645 25.11010586 25.13511715 25.06109719 25.08358421 25.10163135 25.11058141 25.10101679 25.08870065 25.08926803 25.09688737 25.11589765 25.14637993 25.17640642 25.19856923 25.22255665 25.25402616 25.28209342 25.32843797 25.37311648 25.4297124 25.4990062 25.5595308 25.63323866 25.70197347 25.77674956 25.86110304 25.9410077 26.03424407 26.10330351 26.19146826 26.29561913 26.40075152 26.52542949 26.61548845 26.71227887 26.74908657 26.74315598 26.70982277 26.53601444 26.38734744 26.20782851 26.03203488 25.94869874 25.78563657 25.72878427 25.70000867 25.70086128 25.7869415 25.84506827 25.92407759 25.95022227 25.90959188 25.83385837 25.69548912
21.62185849 21.86372184 22.22039985 21.72401625 21.38032018 21.74042286 22.67267347 23.70311874 24.43495996 24.94065371 25.24871783 25.23776046 25.17302619 25.18966358 25.2008298 25.20117737 25.18432471 25.17353655 25.17136193 25.17294265 25.19076344 25.22672465 25.26624351 25.26708595 25.27100291 25.29518536 25.32502974 25.37187374 25.41823217 25.48350484 25.56026164 25.62345337 25.71086199 25.7852929 25.86345897 25.95655091 26.0375278 26.12668379 26.21230947 26.30284662 26.39583808 26.4923978 26.59282322 26.64389155 26.67347584 26.64792902 26.60157204 26.51579726 26.32525791 26.11420496 25.944735 25.82698985 25.69975141 25.62511793 25.60195203 25.57186527 25.5704502 25.65530732 25.70249697 25.80427877 25.83698923 25.77008918 25.70809338 25.61242196
21.3991341 21.68551137 22.0039818 21.88047172 21.8050636 22.25826308 23.19882737 24.17273058 24.78022916 25.11838202 25.36222514 25.37904367 25.32095759 25.30955539 25.28293089 25.27185881 25.26787821 25.26512206 25.26766 25.27133795 25.28295407 25.30250723 25.31689578 25.31978305 25.31954235 25.33492763 25.35423296 25.39021253 25.43421862 25.49473798 25.57784653 25.66125871 25.75667381 25.8358369 25.91764751 26.01415574 26.10834136 26.20560004 26.278684 26.35387435 26.43911845 26.53334919 26.61116829 26.64604826 26.63123061 26.55347082 26.43754404 26.26023825 26.07207553 25.86697768 25.6928984 25.59078255 25.49366416 25.42142243 25.36260263 25.32762551 25.31643605 25.3460977 25.43652691 25.53264952 25.6096454 25.64802829 25.63063375 25.60883783
21.11054393 21.57961748 21.79217627 22.04580366 22.18372322 22.74726606 23.75510672 24.75465403 25.2171595 25.36406609 25.50327794 25.52374809 25.488104 25.45309212 25.38133781 25.35327124 25.36507041 25.36217346 25.37611485 25.3789002 25.38070135 25.38173527 25.37246986 25.38316534 25.37584954 25.38216048 25.3919374 25.40139933 25.45493758 25.49925587 25.5838534 25.68560943 25.79523943 25.87635395 25.95496233 26.0573608 26.16390416 26.27797249 26.32742272 26.38239781 26.45285971 26.54517729 26.63003634 26.6219421 26.59228806 26.48301544 26.29640674 26.03611627 25.88967448 25.68383931 25.50897619 25.42904254 25.30630976 25.2270832 25.13432479 25.07993936 25.05410577 25.00514065 25.1822146 25.28062175 25.41108961 25.55710785 25.62082562 25.71296451
21.30170239 21.71074735 22.29302407 22.34927561 22.63889827 23.22531801 24.13531833 25.14867273 25.4594168 25.58941539 25.71613144 25.68543207 25.65713117 25.59852259 25.52814647 25.49099515 25.47776751 25.48714202 25.48499475 25.48303923 25.48269051 25.47657592 25.47125459 25.4678288 25.46054845 25.46193137 25.46198823 25.47237613 25.50451663 25.55132701 25.62887147 25.71630332 25.81239695 25.90355835 25.99412271 26.09497737 26.19226987 26.28402676 26.34587912 26.39866373 26.45611286 26.52414339 26.56121271 26.55563592 26.49632431 26.37669031 26.23489526 26.03932795 25.84364905 25.63411205 25.4475803 25.32808113 25.19711007 25.10309817 24.99931836 24.94408305 24.92817199 24.93818021 25.0579491 25.18597062 25.39266406 25.63783116 25.79916654 25.9531069
21.45837996 21.845643 22.4949918 22.1031507 22.39264346 22.93790836 23.72825442 25.19938219 25.40090388 25.68013005 25.87634893 25.79305557 25.79710395 25.66170804 25.62668295 25.5871242 25.55053142 25.58260994 25.55820203 25.57182935 25.57663358 25.56652798 25.56990325 25.55900476 25.55599196 25.55611068 25.5464352 25.55094162 25.58303761 25.62079662 25.687377 25.75616603 25.83493172 25.92532389 26.01820012 26.113328 26.19444943 26.28242923 26.33863599 26.39497919 26.44746399 26.50529095 26.51574625 26.48785579 26.40929236 26.2998748 26.19642116 26.06438749 25.86271419 25.65266541 25.45485812 25.30766227 25.1364654 25.03541369 24.93677713 24.88275768 24.87941818 24.91590815 25.05928908 25.21452082 25.48536334 25.81158232 26.11941539 26.38655516
22.2072157 21.36817364 21.22589324 20.78437621 20.63484329 21.08492435 22.11589811 23.43054311 24.66464593 25.7044705 26.18680788 25.9441367 25.62570782 25.61131981 25.6484708 25.63178313 25.57448632 25.53433306 25.58591401 25.64859663 25.67623397 25.6654045 25.64414444 25.66119067 25.66831453 25.67234663 25.66501074 25.65729039 25.68191591 25.71337839 25.76188728 25.81117198 25.87097357 25.943379 26.01685496 26.09485376 26.16777265 26.23599127 26.2970505 26.35493419 26.41166279 26.48673575 26.51209889 26.44564567 26.34284741 26.23082049 26.14726185 26.04305778 25.88427663 25.72184055 25.53096634 25.34680351 25.18618785 25.04562771 24.93608216 24.90558583 24.93289735 25.00817124 25.17325973 25.37772024 25.72791456 26.14541093 26.57265585 27.00543744
22.41840586 20.76269107 19.91321274 19.23123689 18.60649904 19.01564475 20.23092684 21.74257112 23.87224328 25.75222327 26.50792688 26.05489254 25.49025272 25.52828485 25.6892396 25.69967265 25.60232957 25.5085011 25.60525482 25.72934686 25.77723734 25.76080213 25.7377308 25.77647563 25.80994842 25.81791823 25.79960572 25.77744263 25.78842817 25.80946806 25.84380669 25.86947893 25.9110232 25.96624014 26.01488229 26.07794511 26.13726638 26.19026112 26.24861056 26.30597453 26.36449063 26.45767872 26.49790134 26.38639014 26.25761537 26.14368448 26.07034856 25.99052766 25.85026773 25.73778574 25.56043503 25.36802784 25.21245384 25.07488754 24.97902626 24.97190649 25.04251717 25.16247021 25.37637124 25.61372313 26.00419104 26.48484942 27.01404164 27.53358986
21.7755484 20.28872139 19.04227 17.97009811 17.12901026 17.3984748 18.65723541 20.62628457 23.32225875 25.86908037 26.93948559 26.2721801 25.46728301 25.5267158 25.83603114 25.87936543 25.70850941 25.57701062 25.66505247 25.81988538 25.89097196 25.8798267 25.87024843 25.93567529 26.00789899 26.02409004 25.97866877 25.92575449 25.92297555 25.92176397 25.93185193 25.95096956 25.96531153 26.00145587 26.03168856 26.07106887 26.11790902 26.15733855 26.20550086 26.2518864 26.30329998 26.38277803 26.39271958 26.30419755 26.16062006 26.02409682 25.93156551 25.84641158 25.71972553 25.61440256 25.47347797 25.3126002 25.19198041 25.11016584 25.07285452 25.14415034 25.2820066 25.45877625 25.70119291 25.96056092 26.3798562 26.849308 27.34330938 27.87044455
21.68630302 20.2005865 18.62454339 17.26238308 15.89125978 16.03699836 17.39556705 19.56189021 22.79806282 25.93749885 27.18100415 26.32158021 25.40825943 25.55141731 25.97843842 26.04431684 25.80925995 25.63462005 25.72393818 25.90849553 25.98802114 25.97163606 25.98843867 26.08058727 26.19788873 26.22093347 26.15281888 26.08640537 26.06436572 26.05006399 26.04514511 26.04085725 26.03997412 26.05588461 26.06493072 26.09148467 26.12227432 26.14004251 26.17677513 26.20516929 26.24179725 26.31163741 26.31912765 26.24133133 26.10135367 25.92390495 25.76952682 25.61647044 25.45078417 25.38205256 25.28810969 25.18769056 25.16347146 25.19378711 25.2502946 25.41249734 25.61169866 25.85178715 26.13649465 26.41658653 26.82407317 27.25824144 27.69366287 28.10372609
-9999 20.80990775 19.10448123 17.03252872 14.9778602 14.79886633 16.21277395 18.67236257 22.15913587 25.54842287 27.05150069 26.30783853 25.42453944 25.57785929 26.05080365 26.14025309 25.89160696 25.69638531 25.77604215 25.95757221 26.05090433 26.04758051 26.06902102 26.20272908 26.35226568 26.39638713 26.3374426 26.2631137 26.23527982 26.21740611 26.18580223 26.16452636 26.13467023 26.13351961 26.13459847 26.13050842 26.14004273 26.14705903 26.15293335 26.16434845 26.18648215 26.23894904 26.2559828 26.2178385 26.12562676 25.91996262 25.59579182 25.27033935 25.19324098 25.09337291 25.06831607 25.12747661 25.16405452 25.32959924 25.53252215 25.77869222 26.0126481 26.33166242 26.59394443 26.94471837 27.34620862 27.71478389 28.10814901 28.32831123
-9999 -9999 20.04774002 17.14442823 14.54527451 14.14228598 15.44214195 17.88068032 21.41353667 24.91498779 26.5379056 26.03255238 25.37741275 25.5898076 26.04924375 26.14360654 25.91640893 25.74565794 25.82396484 25.99827683 26.09440449 26.10304593 26.15038045 26.30082175 26.47136533 26.53357196 26.48608124 26.43585968 26.41170396 26.39124614 26.35250732 26.30105543 26.25182929 26.22504517 26.20677968 26.18373143 26.16557689 26.1463068 26.12800907 26.12318335 26.12965566 26.17825799 26.18233883 26.14863455 26.06503304 25.8539561 25.52895964 25.21749259 25.18131306 25.13051309 25.14382331 25.2590125 25.32312555 25.50462284 25.74761318 26.00331055 26.24660448 26.59633203 26.88934341 27.25892618 27.66661353 27.97182736 28.33330715 28.46727842
-9999 -9999 -9999 17.51121951 14.70506888 13.96491927 15.01708179 17.19518141 20.40286357 23.88992663 25.70729595 25.54351963 25.3720664 25.63438152 25.93264764 26.06070766 25.91705847 25.81871084 25.88596857 26.01858256 26.12049774 26.1640443 26.24310971 26.38335763 26.53310195 26.60808248 26.60292698 26.59569051 26.55813707 26.55098322 26.49334655 26.41453962 26.35940588 26.29363904 26.26411504 26.20923039 26.15491798 26.1184768 26.08400925 26.07438515 26.07117583 26.09657413 26.08948803 26.02123355 25.89244116 25.75245924 25.61655179 25.49087479 25.46155119 25.50014093 25.55331298 25.59431297 25.67946798 25.80117899 25.87393422 26.11071311 26.39027368 26.64523094 27.0381825 27.36918889 27.72751615 28.07232062 28.34835422 28.46010505
-9999 -9999 -9999 17.98285168 15.23945345 14.29229822 14.83065403 16.58656072 19.29091451 22.39548785 24.34589433 24.91462733 25.19414044 25.5882461 25.86762412 26.02156105 25.93861937 25.89272836 25.9668964 26.07353029 26.16990088 26.22776754 26.31219842 26.44253162 26.56695366 26.62960789 26.62376454 26.61270419 26.60031964 26.5898684 26.5238294 26.42029669 26.32813934 26.26092573 26.22093477 26.15537119 26.08476572 26.02918554 26.01032752 26.00847288 26.00602111 26.02652334 26.00350315 25.92916572 25.83213192 25.77524687 25.77194008 25.78925382 25.82074654 25.88543706 25.95486718 26.0198683 26.10007487 26.14406688 26.19988584 26.41262624 26.70222845 26.97218693 27.2547946 27.47888479 27.75978601 28.02769293 28.25714606 28.35438458
-9999 -9999 -9999 18.55961417 15.93700731 14.8108381 14.93288026 15.8237478 17.84482419 20.51094319 22.4364758 23.56654448 24.99124866 25.37042125 25.65839643 25.96581216 25.91526555 25.98728473 26.02209975 26.11969023 26.23692214 26.30059977 26.38318632 26.53153944 26.60831023 26.6561357 26.63362092 26.55099241 26.61101234 26.58899576 26.52107568 26.41410697 26.21954597 26.24717924 26.1738553 26.09350324 26.06246606 25.91575982 25.93583458 25.96723902 25.95648195 25.96288918 25.93586257 25.8846918 25.83911145 25.8673192 25.96076671 26.08827485 26.11766117 26.17531997 26.27935531 26.40133967 26.55448529 26.57259195 26.63479796 26.8326254 27.14149138 27.53573246 27.58889194 27.62841465 27.79138019 27.99654041 28.14186215 28.18744428
-9999 -9999 -9999 -9999 16.8142126 15.66740318 15.23301744 15.54931281 16.52236001 18.21316826 19.93034823 21.55314064 23.3434038 24.55105764 25.46403498 26.03436178 25.9504607 25.87702233 25.98000142 26.17827787 26.35238425 26.45707316 26.54557064 26.68402511 26.76685059 26.8017598 26.76267829 26.68816185 26.7163863 26.71267029 26.65893641 26.5670739 26.43883238 26.45153707 26.42377679 26.331097 26.20998526 26.05031718 25.9930474 25.96322239 25.92514961 25.91397924 25.91204414 25.89293894 25.90391357 25.96691413 26.08782101 26.22536284 26.28518911 26.36841339 26.50303666 26.66267905 26.84275059 26.90890002 26.99312927 27.17480408 27.40768718 27.65915038 27.74174415 27.7877711 27.90212029 28.02631478 28.06424463 28.01636561
-9999 -9999 -9999 -9999 17.71135865 16.57348568 15.74231888 15.17902853 14.86644739 15.46298701 16.64819455 18.4095419 20.98562701 22.88211335 24.93502416 26.09042344 25.72927047 25.58912927 25.94470657 26.25987578 26.52446983 26.65104963 26.76614016 26.90262529 27.00804401 27.0451492 26.98390389 26.92853908 26.92870888 26.93900223 26.90481136 26.83804489 26.80940015 26.79970593 26.85870847 26.73433053 26.48608435 26.28211057 26.06062923 25.96401908 25.88156923 25.85504157 25.88892602 25.90537475 25.95558573 26.0583402 26.1593772 26.29350685 26.42616972 26.51816309 26.68503388 26.87687534 27.06169067 27.18979481 27.27933393 27.42122812 27.5373717 27.61106319 27.8111778 27.956856 28.03276147 28.09279563 28.0712181 27.88300407
-9999 -9999 -9999 -9999 -9999 17.5986321 15.91751203 14.19123349 12.97789657 12.47329326 13.07941484 14.66415025 17.15859683 20.19869656 23.27196281 25.15776267 25.49608838 25.63888012 25.99309578 26.46129107 26.80148617 26.89307978 26.98511843 27.12206341 27.22195248 27.26652201 27.22685221 27.15852401 27.15856313 27.15915851 27.12662664 27.06358246 27.04547331 27.11206034 27.17643972 27.01693523 26.68126452 26.33942473 26.05640144 25.8845548 25.76860926 25.7549582 25.80840144 25.87608859 25.97806592 26.10164609 26.22249356 26.39669455 26.58467727 26.78781327 26.97262178 27.09121534 27.23665735 27.39579939 27.55669651 27.68279176 27.71501934 27.77345701 27.92676693 28.08609611 28.1573136 28.1580825 28.04340089 27.82808977
-9999 -9999 -9999 -9999 -9999 19.18883664 16.17577666 13.0407102 11.68339479 9.963169152 9.733253716 11.25019829 12.68381517 16.90537278 21.13707296 23.66555327 24.46488249 25.4102687 25.93875768 26.57709191 27.18115536 27.24134979 27.21622538 27.56016693 27.50151228 27.53845178 27.49025869 27.39560827 27.42756851 27.40239312 27.35548482 27.25057672 27.18300644 27.25914828 27.40992703 27.21647915 26.78029213 26.3091344 26.04924005 25.79904092 25.65793999 25.70028526 25.70715815 25.85005186 25.98759994 26.13233791 26.27092769 26.45745145 26.70894054 27.04365663 27.26153457 27.27717747 27.35833973 27.61777295 27.85293188 27.97363804 27.95505428 27.95507296 28.09536249 28.23430938 28.24509848 28.16903904 28.04664896 27.76513143
-9999 -9999 -9999 -9999 -9999 -9999 17.367618 14.96639378 12.2979727 9.737676913 8.760585169 9.328714363 11.11746314 13.99169316 17.48251836 20.1558151 21.73407242 23.49619789 24.67690474 26.22685561 27.28051857 27.49754366 27.98798481 27.94341989 28.00006536 28.0115076 27.83247731 27.76727438 27.78042038 27.77458498 27.68199012 27.50677484 27.34786378 27.3553104 27.36138435 27.16811508 26.84116118 26.45536122 26.1524493 25.93506427 25.78443464 25.7541467 25.79172073 25.87501023 26.00395175 26.14151412 26.26780386 26.45617034 26.64403289 26.89399514 27.15361139 27.36556128 27.62405985 27.8195107 28.0143824 28.13985424 28.15144649 28.17994553 28.22278903 28.27308098 28.22239855 28.09682448 27.91518236 27.6490037
-9999 -9999 -9999 -9999 -9999 -9999 18.96909596 17.47147588 13.94354766 10.37658798 8.57269227 8.479452754 9.304338419 10.71428801 13.12102286 15.37102904 17.3215912 20.31976945 21.41480928 24.03110158 25.78376959 26.15831975 28.11364119 28.00907918 28.2261106 28.40555523 28.16181416 28.11429264 28.17064726 28.20008587 28.03343914 27.75804179 27.45738348 27.40547128 27.32824874 27.16254646 26.92323773 26.60029497 26.31859672 26.12920042 25.96282961 25.88512364 25.87537728 25.9125589 26.00388686 26.09214994 26.19747811 26.37035984 26.44620638 26.58151567 26.8938433 27.31734838 27.81372422 27.93758769 28.08578615 28.21053278 28.22833001 28.34136197 28.29499775 28.27527585 28.17768276 28.00306329 27.77209571 27.43918762
-9999 -9999 -9999 -9999 -9999 -9999 -9999 18.60308447 15.55082265 11.77666406 9.222488517 7.962096003 7.34968854 7.498055703 7.949333599 9.225738328 11.09818593 13.15530669 15.50905122 17.87924065 20.34979232 22.45435022 24.61430889 26.30511868 27.80554203 28.68145788 28.54878182 28.43972146 28.40008243 28.38646737 28.27429469 28.10112474 27.89361346 27.66577602 27.42957868 27.18814591 26.98378679 26.74076303 26.48768471 26.28763132 26.10783331 25.99553266 25.93217069 25.94312501 25.96308167 26.02740671 26.12077562 26.15287079 26.25478391 26.3403615 26.65378313 27.15888508 27.59469117 27.88735713 28.04027774 28.14976363 28.15185599 28.16949701 28.23584344 28.30514834 28.16539244 27.8681367 27.53882078 27.16773749
-9999 -9999 -9999 -9999 -9999 -9999 -9999 20.48352659 16.87385564 13.26564952 10.31441204 8.161675622 5.992432554 5.23841213 3.849415982 4.25748078 5.926124829 6.725759571 9.463943349 11.40974884 14.29787753 17.65345647 20.7612363 23.96100584 26.81330677 28.43652909 28.53804255 28.53572725 28.6237623 28.6045452 28.56929954 28.53200877 28.36301747 28.02677741 27.61993892 27.26336303 27.07625622 26.86422552 26.59434464 26.4184109 26.20722923 26.05029696 25.98440133 26.00283371 26.01706336 26.11502754 26.21470017 26.15655355 26.34552801 26.31781329 26.59101287 27.11097963 27.48138701 27.76574068 27.94172714 28.0381475 27.98997602 27.95091506 28.08331719 28.22807053 28.07586045 27.67287446 27.25379112 26.84838049
-9999 -9999 -9999 -9999 -9999 -9999 -9999 20.7629006 18.33151151 15.53858159 12.86428782 9.994643393 7.045118518 5.291178546 3.695505833 3.142742852 3.897565078 4.446765156 5.706954331 6.787015751 9.497178178 13.28978866 17.15544108 21.18148268 24.62665439 27.0711917 27.88252978 28.37082667 28.52775655 28.7396092 28.8439129 28.86602154 28.82885599 28.29949048 27.73321971 27.35258225 27.0811777 26.92211251 26.76983487 26.58526947 26.41406396 26.25348386 26.07163363 26.27291379 26.43526356 26.59160176 26.77919046 26.82765184 26.83686955 26.82397652 26.96203302 27.22174354 27.48603708 27.71162538 27.84112541 27.88837372 27.82314948 27.76893616 27.81877933 27.88372061 27.67650441 27.27051713 26.85557648 26.43063864
-9999 -9999 -9999 -9999 -9999 -9999 -9999 -9999 19.69017234 17.55025867 15.53265719 12.71913856 9.419959496 7.578336193 5.340691082 4.091802379 4.090659331 3.74980283 4.161707239 4.204736469 6.38174704 10.11518461 13.89645955 18.17372621 22.08422063 25.03878276 26.48628634 27.6691154 28.21860546 28.61344744 28.76329822 28.79520521 28.87533863 28.24818317 27.7056206 27.40757515 27.21089121 27.12532166 27.12632556 27.01702288 26.92404323 26.81664546 26.59216816 26.96563065 27.21681841 27.38902273 27.58270326 27.56706014 27.39201867 27.25921507 27.25357431 27.32886529 27.53420843 27.73501968 27.83481518 27.84014724 27.70076114 27.51706853 27.41863884 27.38782367 27.12036054 26.71344766 26.32603545 25.95319626
