meets/meet004/data/CCSM_6k_neotropic_bio06.asc
NCOLS 154 
NROWS 168 
XLLCORNER -112 
YLLCORNER -55.5 
CELLSIZE 0.5 
NODATA_value -9999 
[rows 84 to 111 of 168, columns 64 to 127 of 154]
-9999 -9999 -9999 -9999 -9999 -9999 -9999 17.55837191 11.35048452 4.949749727 0.588761554 -1.077503536 -2.430206989 -3.987558524 -5.529504497 -5.333252765 -3.934461137 -2.401519776 0.147261652 2.399780098 5.23232351 7.862312526 10.29304711 13.26684892 15.75078326 17.11024595 16.87757316 16.79801818 16.67456253 16.45830593 16.48558748 16.6832081 16.59363265 15.6445899 14.61756837 13.86091683 13.87256117 13.82384119 13.53620207 13.41951611 13.2850982 13.2902434 13.39769743 13.4171748 13.33737245 13.45552163 13.5388739 13.41269306 13.73299247 13.86124465 14.3033532 15.03709626 15.85609608 16.08449681 16.35728882 16.57373302 16.58908626 16.60831601 16.79000454 17.00368306 16.92442977 16.59538643 16.23322357 15.80213097
-9999 -9999 -9999 -9999 -9999 -9999 -9999 16.95789928 13.3476747 8.677509049 4.365517592 0.723603463 -3.045222663 -5.181296257 -7.457717459 -8.231960601 -7.343911822 -6.67995889 -4.670348341 -3.05440338 -0.068211251 3.794654941 7.285393158 10.67325313 13.30451506 15.31075239 15.95973528 16.41497977 16.19656225 16.45039848 16.67205989 17.10260942 17.26316083 15.99550219 14.63115201 13.82259305 13.45227904 13.68751792 13.57015539 13.43809193 13.42956469 13.5226919 13.56903772 13.89669876 14.12546875 14.30229968 14.4045787 14.44788313 14.44884252 14.54095644 14.80248488 15.19830904 15.60742678 15.930598 16.15329301 16.24821641 16.21349079 16.20209508 16.29854257 16.43036113 16.28882215 15.95613598 15.57937213 15.14263469
-9999 -9999 -9999 -9999 -9999 -9999 -9999 -9999 15.11035652 12.2592673 8.512840808 4.057414257 -1.154947742 -3.387028742 -6.641675462 -8.257447309 -7.986378827 -8.568563386 -7.052646022 -6.277309989 -3.476731191 0.861504639 4.551717474 7.993075051 10.7878373 13.15849966 14.45580146 15.55097682 15.7554911 16.07434679 16.3084755 16.78408859 17.15455719 15.69043695 14.3776722 13.72665005 13.57019236 13.82577172 13.9411785 13.89297506 13.97491829 14.16115157 14.17868327 14.70545737 15.14105537 15.36228475 15.42811995 15.4016235 15.15106348 15.04319081 15.0977753 15.21613578 15.47931792 15.79529719 15.98283121 16.02384695 15.90655085 15.72638173 15.65228468 15.66090826 15.44636222 15.13404979 14.77657871 14.42186572
-9999 -9999 -9999 -9999 -9999 -9999 -9999 -9999 -9999 15.03437742 12.48075341 9.220523347 5.666365556 1.894856836 -1.453364055 -4.102352822 -5.636809523 -6.769562549 -6.774573387 -6.309679354 -4.454166275 -1.380462477 1.973265028 5.03547346 7.732523925 10.39660658 12.34091202 13.98169079 14.71658855 15.16845056 15.47284124 15.40077043 14.87294446 14.57367659 14.05092415 13.84868363 14.00438032 14.46738546 14.56351189 14.81813829 15.0549444 15.21857762 15.58583421 15.79646272 16.13363178 16.26326724 16.14630477 15.99877105 15.50982146 15.0566531 14.92817263 15.15647349 15.44675051 15.70559555 15.92684906 15.84649536 15.52191838 15.1802544 14.94003834 14.65992139 14.39032698 14.174596 13.86712389 13.65481887
-9999 -9999 -9999 -9999 -9999 -9999 -9999 -9999 -9999 -9999 -9999 13.46316109 11.10036684 7.837117447 4.628023009 1.18496479 -1.87856349 -4.360031775 -5.702662269 -6.229454301 -5.308881873 -3.449839776 -0.804328043 2.028153806 4.608152766 7.56166079 9.956328911 12.08869772 13.75255609 14.3013256 14.82477807 14.73130003 13.88355333 14.22712091 14.19294912 14.14752108 14.68453169 14.89205155 14.93991895 15.28202367 15.56674777 15.82889534 16.32342054 16.46094199 16.66473052 16.74224183 16.51041573 16.34628666 15.74226301 15.10384635 14.94951093 15.21114771 15.50930493 15.68015028 15.79015626 15.59634408 15.16200791 14.68400865 14.32004684 13.91489676 13.59309105 13.44971688 13.19488815 13.07496148
-9999 -9999 -9999 -9999 -9999 -9999 -9999 -9999 -9999 -9999 -9999 -9999 -9999 12.53682835 10.20443642 6.852393322 2.621697129 -1.697488693 -3.807710205 -5.736497275 -6.471019202 -5.121925738 -3.802301877 -1.354529832 1.500064456 4.302108073 7.083988961 9.742309004 11.64023908 13.33139459 14.19346924 14.40174782 14.83460544 14.81321982 14.4845258 14.9323629 14.89770937 14.99899848 15.06692885 15.06591734 15.39947704 15.92825884 16.37376692 16.54724176 16.6194219 16.62224819 16.66046132 16.42701596 15.96394385 15.46277852 15.19564533 15.42319655 15.59978721 15.42057822 15.36066214 15.04027533 14.52156305 14.20108269 13.79575014 13.49354093 13.25974397 13.07939176 12.91124619 12.76691612
-9999 -9999 -9999 -9999 -9999 -9999 -9999 -9999 -9999 -9999 -9999 -9999 -9999 -9999 -9999 11.56454928 7.883764206 3.526654073 0.005031184 -3.573354755 -5.529504191 -5.683431513 -5.248362981 -3.636677418 -1.800093136 0.64451055 3.383925518 6.355381714 8.692889454 10.76712967 12.63234628 13.83416017 14.80049406 15.12766335 15.2176123 15.22978122 15.13853776 15.02157496 14.9909029 15.01123129 15.30089707 15.81192588 16.26064434 16.39350621 16.44806183 16.54822483 16.64418636 16.62593573 16.35387115 15.88563096 15.5357122 15.42801064 15.22383778 14.68012684 14.25975365 13.80780188 13.39912556 13.23813316 13.09659812 13.04547825 12.97521662 12.90762019 12.75511408 12.65381665
-9999 -9999 -9999 -9999 -9999 -9999 -9999 -9999 -9999 -9999 -9999 -9999 -9999 -9999 -9999 -9999 -9999 11.73033735 5.933991709 0.4060899 -3.132710568 -4.365655579 -4.901363804 -5.10466047 -4.869477935 -3.328179256 -0.601954009 1.97571001 4.839164145 7.119170216 9.584377444 11.53406324 13.38928536 14.50894966 15.21482441 15.65263793 15.30432816 15.02977877 14.97304233 15.16060777 15.38053453 15.73686643 16.15599859 16.26834101 16.30891063 16.47067283 16.76194762 16.94510147 16.72910706 16.47012594 15.93000993 15.21757814 14.40875514 13.60251448 12.62473788 12.10867646 12.08729007 11.91771785 12.2946999 12.60883468 12.75899292 12.7984281 12.75159936 12.65875512
-9999 -9999 -9999 -9999 -9999 -9999 -9999 -9999 -9999 -9999 -9999 -9999 -9999 -9999 -9999 -9999 -9999 15.1345398 10.55176201 5.312244028 1.134061397 -1.871392181 -4.104541255 -5.633774521 -6.331152442 -5.620714 -3.546681029 -1.343945168 1.311193963 3.637211411 6.376140592 8.88190067 11.25036028 13.33386781 14.7904692 15.62600396 15.41937113 15.00551518 14.82707629 15.0161344 15.22963253 15.54140718 15.90156451 16.07679525 16.27119511 16.50257592 16.80574504 17.04220529 16.95185641 16.65659843 15.97938194 15.05207698 13.96219053 12.93216544 11.91445541 11.41305404 11.49574596 11.56958433 12.00936632 12.34685169 12.56027733 12.69227421 12.71690898 12.58121145
-9999 -9999 -9999 -9999 -9999 -9999 -9999 -9999 -9999 -9999 -9999 -9999 -9999 -9999 -9999 -9999 -9999 -9999 -9999 10.13519389 5.830303507 0.901192598 -3.416822783 -5.366416521 -6.310332453 -6.400180715 -5.174086762 -3.771352496 -1.194498355 0.926888205 3.695535678 6.396575031 8.909380421 11.9232554 14.33954121 15.66961842 15.3391526 14.87464098 14.84217061 14.71839183 14.86561009 15.29321689 15.5558712 15.94421087 16.26778779 16.53153343 16.87155855 17.03230744 16.80584331 16.56920061 15.87916421 14.87930982 13.81754651 12.88129502 11.99071142 11.57415948 11.73448574 11.96557102 12.16411097 12.30060528 12.47940365 12.70797085 12.71680991 12.43501358
-9999 -9999 -9999 -9999 -9999 -9999 -9999 -9999 -9999 -9999 -9999 -9999 -9999 -9999 -9999 -9999 -9999 -9999 -9999 12.20821643 8.371463939 3.29973148 -1.206351868 -4.344346012 -5.892218151 -6.440742925 -5.643960567 -4.226757901 -2.38480398 -0.434368531 2.157895534 4.73714317 7.521273141 10.75081131 13.53133723 15.18668314 15.37559618 14.95390473 14.8587599 14.80415952 14.94925218 15.21893581 15.58196447 16.11813489 16.46213593 16.67562173 16.80996632 16.78666138 16.51843748 16.15145834 15.53849326 14.81979932 14.07297459 13.32095109 12.68006837 12.33871537 12.37661262 12.4960618 12.62707101 12.74324588 12.81750259 12.8865687 12.77479996 12.24394009
-9999 -9999 -9999 -9999 -9999 -9999 -9999 -9999 -9999 -9999 -9999 -9999 -9999 -9999 -9999 -9999 -9999 -9999 -9999 -9999 9.903134912 5.301518071 0.810407762 -2.980590668 -5.306146464 -6.303231984 -5.538798023 -3.994396101 -2.583548813 -1.006499598 1.365436012 3.744276669 6.575874197 9.883646353 12.85621549 14.7299525 15.15297042 15.32143778 15.14672012 15.10021091 15.23672634 15.4481953 15.85032523 16.27162521 16.70995183 16.8483263 16.69603383 16.46513488 15.95851686 15.50523107 15.04742508 14.70355436 14.4357349 13.89112029 13.51536149 13.24080448 13.08652923 13.07223563 13.09805634 13.27675494 13.16616924 12.93402119 12.87402219 11.8381941
-9999 -9999 -9999 -9999 -9999 -9999 -9999 -9999 -9999 -9999 -9999 -9999 -9999 -9999 -9999 -9999 -9999 -9999 -9999 -9999 10.69578006 6.379491765 2.014140703 -2.156801527 -4.85306449 -6.111836007 -5.484987971 -3.795466544 -2.539222832 -0.995843407 1.160941432 3.343656475 5.978438944 9.234403458 12.25654733 14.23510614 14.72711149 14.913764 15.37595374 15.59593494 15.82697583 15.81019915 15.9592061 16.27779457 16.71252201 16.69541767 16.44124325 15.93463976 15.19821147 14.6024438 14.27690603 14.37686295 14.52985976 14.3164419 14.07532288 13.85891542 13.65539825 13.5675545 13.40159655 13.27523175 12.90291922 12.40186518 11.7911444 10.91303064
-9999 -9999 -9999 -9999 -9999 -9999 -9999 -9999 -9999 -9999 -9999 -9999 -9999 -9999 -9999 -9999 -9999 -9999 -9999 -9999 11.23629679 7.06889304 2.540464422 -1.873669076 -5.086231678 -6.490731042 -5.61062675 -3.768942451 -2.403868777 -0.977094492 1.088226492 3.094812328 5.214121698 9.019819835 12.01265973 13.92180526 14.35075271 14.33429732 15.20863043 15.87548429 16.19314446 15.98562067 15.76431266 16.16279208 16.56684216 16.44764151 16.02817809 15.39601073 14.47586553 13.59217133 13.39329898 14.00543672 14.58337895 14.42237662 14.31347455 14.17163465 13.94927774 13.89814133 13.42795319 12.99488603 12.36750606 11.59218042 10.53842128 10.0375212
-9999 -9999 -9999 -9999 -9999 -9999 -9999 -9999 -9999 -9999 -9999 -9999 -9999 -9999 -9999 -9999 -9999 -9999 -9999 -9999 11.29876148 6.9177951 2.215810178 -2.105450676 -5.265342314 -6.644301306 -5.841863927 -4.055105796 -2.476120759 -0.794377128 1.302412732 3.240524728 5.436475833 8.864883984 11.92872953 13.81081988 14.0946676 14.12594332 14.77701736 15.4743641 15.88477482 15.91547364 15.86791952 16.0250712 16.21104642 15.93384116 15.40415315 14.72584359 13.87046296 13.23250753 13.0729149 13.49150126 14.04153136 14.15788424 14.15975162 14.0677376 13.83742696 13.58137926 13.12096502 12.59648961 11.880589 11.08983891 10.27517143 9.605132462
-9999 -9999 -9999 -9999 -9999 -9999 -9999 -9999 -9999 -9999 -9999 -9999 -9999 -9999 -9999 -9999 -9999 -9999 -9999 -9999 11.47176386 6.62039968 1.565032679 -2.533510997 -5.619784088 -6.862070012 -5.864850177 -4.333856474 -2.380066812 -0.447449352 1.667023766 3.39459168 5.374397742 8.894109209 12.1169262 13.94810277 13.90955948 13.77224788 14.39562341 15.10346405 15.50277037 15.69063599 15.80377135 15.73880279 15.7073097 15.3189839 14.7171931 14.09236311 13.38899859 12.81910778 12.65628938 12.97485524 13.42811808 13.49111295 13.63887069 13.63884471 13.45235249 13.16879846 12.7564188 12.15734236 11.43417312 10.70421685 10.0467566 9.431604155
-9999 -9999 -9999 -9999 -9999 -9999 -9999 -9999 -9999 -9999 -9999 -9999 -9999 -9999 -9999 -9999 -9999 -9999 -9999 -9999 11.44842164 6.198226177 0.87004699 -3.025774696 -5.50388381 -6.48053988 -5.492011436 -3.761085759 -1.965593504 -0.105992143 2.034352574 3.693767726 5.741376818 8.991753899 12.05051469 13.71690123 13.81192343 13.68741143 14.26983017 14.98060919 15.32380049 15.25691257 15.03110087 15.14313966 15.07994505 14.68111323 14.08354337 13.39671369 12.83281499 12.34238783 12.11756835 12.22041927 12.3634224 12.49550518 12.59097542 12.68376604 12.81583178 12.7213179 12.22936608 11.57776941 10.89135358 10.21945711 9.635477463 9.230577975
-9999 -9999 -9999 -9999 -9999 -9999 -9999 -9999 -9999 -9999 -9999 -9999 -9999 -9999 -9999 -9999 -9999 -9999 -9999 -9999 11.60333837 5.82538217 -0.000232633 -3.320952417 -5.295018535 -6.002831151 -4.822483633 -3.214408563 -1.304468093 0.470632137 2.497553801 3.948456496 5.894211921 9.052763377 12.12335998 13.68887409 13.58363606 13.50033917 14.18824762 14.85138451 15.13081781 14.88704246 14.50354877 14.70406791 14.66871975 14.30211715 13.83661395 12.94909576 12.48486078 11.96517032 11.64361897 11.6063378 11.45382087 11.64663024 11.64192178 11.74900023 12.06700667 12.15302945 11.5135706 10.83621597 10.19836474 9.651327125 9.187628019 8.970598
-9999 -9999 -9999 -9999 -9999 -9999 -9999 -9999 -9999 -9999 -9999 -9999 -9999 -9999 -9999 -9999 -9999 -9999 -9999 14.99395262 11.2836505 5.534651692 0.129241196 -3.253163897 -4.762943083 -5.208812424 -4.155149415 -2.360902653 -0.653011465 1.233899031 3.144088464 4.441910158 6.277821642 9.104499655 11.86572673 13.32610677 13.23592942 13.13179836 13.71057084 14.41064756 14.68170552 14.48305414 14.28528948 14.39359626 14.58793183 14.31595946 13.76252053 13.10278327 12.40817798 11.80622842 11.40644725 11.25928463 11.16431399 11.13078967 11.10239448 11.08299754 11.10414047 10.87518464 10.44930895 9.821748133 9.345947985 9.020266392 8.77048854 8.697345224
-9999 -9999 -9999 -9999 -9999 -9999 -9999 -9999 -9999 -9999 -9999 -9999 -9999 -9999 -9999 -9999 -9999 -9999 -9999 14.77651061 11.0623885 5.221063748 -0.265275909 -3.38865576 -4.517798307 -4.796180868 -3.642754338 -1.829804613 -0.091511728 1.722998678 3.48068698 4.660498857 6.447421888 9.064214957 11.5641719 12.83353961 12.636569 12.49331129 13.03179937 13.67848437 14.01425489 13.93221158 13.79601987 14.01567238 14.30278225 14.13779382 13.61932815 13.07336556 12.33480512 11.69133992 11.24407925 11.01182528 10.8870471 10.81373701 10.65756254 10.49683345 10.29683924 9.874473394 9.486334623 8.929288408 8.531235026 8.467436413 8.46328167 8.597117836
-9999 -9999 -9999 -9999 -9999 -9999 -9999 -9999 -9999 -9999 -9999 -9999 -9999 -9999 -9999 -9999 -9999 -9999 -9999 14.29588099 10.465467 4.59535181 -0.695361721 -3.764827582 -4.794959803 -4.810641037 -3.456859754 -1.484933145 0.213510925 1.725723684 3.416049238 4.895528274 6.586315864 8.929919651 10.97609476 12.02777485 12.07557027 11.89880417 12.41428054 12.92382236 13.2190821 13.28482079 13.1776451 13.41334766 13.50874057 13.38297826 13.08354967 12.57992897 12.02012598 11.50311584 11.04807515 10.75593887 10.55794109 10.36332087 10.22078673 9.918346056 9.586850999 9.210354755 8.72690419 8.235874377 8.145216835 8.22818647 8.418958214 9.126558699
-9999 -9999 -9999 -9999 -9999 -9999 -9999 -9999 -9999 -9999 -9999 -9999 -9999 -9999 -9999 -9999 -9999 -9999 -9999 13.61141233 9.638373404 3.718989682 -1.603213788 -4.601231011 -5.414242329 -5.270248624 -3.657625746 -1.477311119 0.371167447 1.881101187 3.594534712 4.988179752 6.634476033 8.733777495 10.39315495 11.4404722 11.5896849 11.60908088 12.14242673 12.44357005 12.68153269 12.84291554 12.7080822 12.78325139 12.80762357 12.65043487 12.47452708 12.08063177 11.6708018 11.25517898 10.82704526 10.4535847 10.10776103 9.782717575 9.516164079 9.175259656 8.799556565 8.466878979 8.089700055 7.738952593 7.868817965 8.39753903 9.228357529 10.69365655
-9999 -9999 -9999 -9999 -9999 -9999 -9999 -9999 -9999 -9999 -9999 -9999 -9999 -9999 -9999 -9999 -9999 -9999 -9999 12.60764011 8.452018812 2.540887417 -2.760569623 -5.522193798 -6.313276723 -5.913194086 -3.988258363 -1.675202934 0.546332077 2.259895011 4.012493112 5.370916444 6.723748097 8.377628746 9.921394492 10.90572493 11.27643445 11.66588482 11.92020446 12.24339566 12.43409458 12.37999878 12.45174665 12.34245223 12.25342586 12.09187731 11.85915135 11.67792585 11.40356556 11.05280286 10.6253423 10.1268779 9.587754831 9.118230663 8.633573755 8.20830702 7.909318998 7.590597048 7.291436317 7.201473168 7.948234243 9.213046436 10.84844126 13.11862751
-9999 -9999 -9999 -9999 -9999 -9999 -9999 -9999 -9999 -9999 -9999 -9999 -9999 -9999 -9999 -9999 -9999 -9999 -9999 11.49697996 7.228407289 1.419491746 -3.717615191 -6.264671251 -6.856479221 -6.373072434 -4.392671527 -2.060978962 0.528999431 2.631479396 4.527759607 5.704898951 6.757767601 8.175850297 9.419700337 10.31387047 10.76908722 11.23153621 11.46204319 11.69909008 11.89326398 11.91919901 11.9585838 11.79675524 11.67056759 11.50203982 11.35706091 11.23495175 11.03686022 10.77202725 10.33849789 9.784617881 9.141505905 8.579348846 8.006581987 7.560728305 7.271920446 7.034979439 6.763011991 6.991499117 8.296495703 10.52044883 13.06737344 15.38287825
-9999 -9999 -9999 -9999 -9999 -9999 -9999 -9999 -9999 -9999 -9999 -9999 -9999 -9999 -9999 -9999 -9999 -9999 -9999 10.50965935 6.203221149 0.476007777 -4.543960996 -6.547167561 -7.067222511 -6.374418785 -4.488359906 -2.277848136 0.756324492 3.19774778 5.059974241 6.034095746 6.852998529 7.91908008 8.950839152 9.686603107 10.11155133 10.39244945 10.76606325 10.95034612 11.12117077 11.26977311 11.16668295 11.13820758 11.01191585 10.8993198 10.87757584 10.78820078 10.66108884 10.42998199 10.01931709 9.472820035 8.832446853 8.229667108 7.673796437 7.208589779 6.909280415 6.746562795 6.478339707 6.754672587 8.69291498 12.02856529 15.50452615 -9999
-9999 -9999 -9999 -9999 -9999 -9999 -9999 -9999 -9999 -9999 -9999 -9999 -9999 -9999 -9999 -9999 -9999 -9999 -9999 9.456056111 5.239026864 0.136063723 -4.070162233 -5.919807052 -6.082997342 -5.349925643 -3.762502974 -1.622990402 1.361457302 3.896154477 5.751610594 6.554304345 7.13903205 7.989514162 8.789667739 9.338612159 9.694938855 9.894070233 10.16712433 10.30784505 10.46254313 10.57726253 10.52392525 10.55942597 10.47175652 10.42888649 10.4455655 10.36925276 10.28231891 10.08185711 9.708358382 9.196933253 8.582940963 8.004986498 7.454152304 6.999173161 6.690438447 6.546348729 6.256308751 6.696279648 8.909128088 12.7514207 16.24160988 -9999
-9999 -9999 -9999 -9999 -9999 -9999 -9999 -9999 -9999 -9999 -9999 -9999 -9999 -9999 -9999 -9999 -9999 -9999 11.46129831 8.32900519 4.395085504 -0.084709579 -3.498679203 -4.713032191 -4.557881568 -3.737898698 -2.482331043 -0.739503673 2.228997609 4.79342534 6.462776032 6.939523872 7.512161556 8.115612672 8.893849168 9.246837663 9.496541522 9.676471406 9.834360156 9.907553753 9.985976333 10.01052114 10.03010527 10.09183687 10.07422157 10.10881475 10.07012287 10.0205491 9.930232288 9.775344418 9.433436979 8.95013878 8.383666804 7.836107341 7.300745931 6.861857262 6.549566129 6.343881307 6.170509678 6.45166752 8.783780702 12.84654295 16.44688601 -9999
-9999 -9999 -9999 -9999 -9999 -9999 -9999 -9999 -9999 -9999 -9999 -9999 -9999 -9999 -9999 -9999 -9999 -9999 10.36497106 6.489066101 2.762207658 -0.527560975 -2.663607682 -3.554037182 -3.151524361 -2.299269202 -1.152052782 0.654507822 2.870358319 4.85848307 6.377341493 7.071642723 7.553427646 8.108666963 8.660850403 8.978281405 9.169458301 9.270865803 9.402227086 9.45242732 9.52911842 9.591607596 9.618331368 9.682439847 9.699053775 9.710404763 9.690305708 9.617404468 9.56878426 9.461086098 9.178640068 8.760685061 8.250983884 7.759907281 7.28039254 6.869514954 6.563741487 6.398707938 6.123509088 6.514027634 8.818501244 12.73921209 16.16214186 -9999
