meets/meet004/data/CCSM_0k_neotropic_bio13.asc
NCOLS 154 
NROWS 168 
XLLCORNER -112 
YLLCORNER -55.5 
CELLSIZE 0.5 
NODATA_value -9999 
[rows 58 to 86 of 168, columns 64 to 127 of 154]
358.3709456 319.6243902 273.2562964 233.3151421 209.4519293 198.5454845 207.7773413 222.3344295 231.786434 240.1306875 251.3683132 268.5755677 283.5469833 290.5630087 294.6041215 298.9805658 306.5971877 313.8048758 316.7195324 317.5890512 316.9533591 314.1071984 309.2384399 304.4851975 313.1465058 323.7727344 335.4336713 345.7924273 352.6654639 358.9469823 364.3926071 370.9416209 376.3657764 385.2437923 396.5527043 407.3468203 419.4729782 424.1736535 425.0897541 417.6271308 407.7289957 389.2066699 376.8273706 367.404711 354.8600076 345.400666 332.9570638 320.9335933 314.4217696 306.8115319 308.0533322 317.0336321 325.3309506 342.6062011 356.8851392 376.0905816 400.6330174 419.4010078 437.2892517 445.670708 453.1773021 460.1258796 457.1849011 -9999
352.8430635 308.2204487 259.1994452 223.583041 196.6942198 193.0108089 204.754485 219.4748031 228.7137909 237.4570643 248.3577514 264.6468581 279.338353 285.7437251 290.7356371 297.1848723 305.4738669 314.0384257 315.4749968 314.9269057 312.0838092 302.5460547 296.3693209 290.4941368 301.4616419 312.1259703 325.3923462 336.3814889 345.6247934 354.8640551 361.4408178 374.729427 392.0741954 406.8659266 422.4800986 433.0860735 443.1705 449.1574006 447.4620605 440.5963447 430.5723572 407.6440808 382.9966045 355.0755117 345.7195734 335.939453 328.5620348 320.5723577 316.7951506 314.9384604 315.8986976 328.2151763 338.3047047 356.2117094 377.9592411 396.6699409 424.5583993 444.1394605 461.7243948 477.3943543 484.546441 490.4868063 489.8239718 483.7580313
341.0837442 297.2783968 250.2089603 215.750005 194.5278701 192.8750939 203.354709 219.6717809 230.3286101 240.6124349 249.9341101 264.7551694 278.0753543 289.081074 297.5716905 303.5590255 310.0027623 314.9058452 315.4358249 312.5541324 307.4300682 298.2950722 287.1302147 276.9900873 287.8227938 298.3524435 310.5621375 322.1444583 332.1793217 345.3471562 361.0529398 381.1634242 399.1529132 416.2929883 430.6382034 441.0920626 450.426297 454.3274408 452.9509258 445.6335467 434.8409224 413.8895304 386.8363872 350.3348974 330.9566334 326.1720421 321.4067742 317.1065797 317.3809086 318.5686249 323.1440145 336.4100333 348.6216991 370.3430162 391.035524 410.4714159 438.4819774 459.2337876 480.5611769 494.8488081 503.1416219 510.9384923 509.9064308 508.7427063
332.3785351 287.9911077 242.6080976 213.6657626 192.8794321 191.5213873 205.5865767 224.6061065 230.2453803 242.4305852 251.7971232 266.4349387 279.0958272 288.0458223 296.4691404 302.1290309 307.2742571 310.9188571 309.8013149 305.3290115 300.3185768 292.5204824 283.9216558 275.2617691 273.4076319 283.3585101 295.3274481 305.1876635 319.9520688 338.3157524 354.2040092 375.6682731 392.7939039 407.988527 421.5510799 431.5230379 439.8401028 443.1976427 441.1883866 433.2177112 422.4553131 402.7043963 380.233315 348.0147285 317.9307047 313.8570935 314.3337456 312.9615333 315.3438297 318.3919991 323.4462746 339.8628395 350.8448528 371.7261936 391.8863193 411.6859574 441.7161065 460.3157796 481.2594753 494.8726392 503.6469366 515.0639211 514.3179086 515.3137961
328.982569 280.5329998 237.0984106 209.1972434 192.6060984 193.9811643 207.6026727 222.8499446 229.047097 240.1535091 249.8812586 262.2572331 273.5350833 283.0131263 290.7435711 295.6740519 299.0918041 300.7160886 298.9564521 295.0678354 290.1096635 284.1213075 277.6219644 272.678217 268.513052 267.533464 277.4410373 290.1716294 306.9865576 324.6512793 340.3585757 358.5775753 375.2400419 389.5338798 402.3076815 410.4391836 416.0265092 418.7228715 415.6582019 409.2741052 399.5706784 382.2189387 364.8584655 349.4404953 329.0705393 309.83157 302.3720585 303.5312951 308.0569427 313.05827 319.3889919 333.3616036 345.6158695 365.3245839 383.5992868 400.6076146 425.4294728 443.9840479 463.4564221 476.5858055 484.7245988 494.3834659 495.4044191 498.4153785
330.2245912 278.0278441 233.0408567 208.4615057 197.0848217 197.7920791 208.4819722 220.9125581 229.7386508 237.9677757 246.5976711 255.2310947 265.3015404 272.7407902 280.4483708 285.1547637 287.8262003 288.6851246 286.6126753 282.9741278 278.6047972 274.5366993 271.0249469 268.9113451 268.6447115 269.5638533 275.6974481 283.939232 293.3090651 306.1394967 320.6950953 337.9338494 352.3245254 364.5672171 375.4519855 382.7621042 387.7073602 393.2237111 392.5638678 391.9564525 388.6733142 379.6651351 370.8770357 355.1808951 338.1412938 320.841542 301.4348275 292.1631074 296.8734387 302.4171643 308.8619747 321.4491382 333.585227 347.4241378 363.361489 379.4692774 405.8823415 435.2105219 458.1000501 484.6070882 500.3950343 513.6191214 526.5486494 527.7374369
314.2702893 266.0255662 227.4275288 205.2867835 198.9814933 199.7493294 205.4695752 215.9656274 227.3462209 237.9755795 246.823992 252.7244585 259.3082091 264.4175126 269.0625441 270.8390517 272.7626318 273.2096625 271.5786046 268.7272354 265.8795086 263.7802628 261.8684309 262.8442003 264.9149662 269.0018863 277.6286879 286.4447795 298.647726 311.3327436 323.4340322 338.4483217 351.2108603 363.4758706 373.4744733 380.6498464 386.760482 389.8307406 390.3841789 387.673844 383.6581509 376.210967 366.5959846 355.0632884 340.7006122 328.0189715 314.7613331 301.6618646 292.2596707 289.7788155 298.7296132 314.454538 331.0141937 352.9594948 376.3630025 398.8383375 428.6369756 455.216382 482.1579942 506.1197808 523.3371013 540.2216915 551.6049966 560.6765223
293.6851719 248.4789347 210.7793258 196.5937181 195.5156769 196.4374276 198.8803359 210.6700268 221.4297209 233.8495209 242.8010701 246.2061833 251.0181324 256.1495826 261.184751 262.0186952 258.2848924 257.8974671 256.6598196 253.971568 252.4253216 251.7824862 251.4690051 254.7358967 257.8466988 263.7482588 273.9120195 283.6957673 295.4070408 308.9532221 320.6564055 335.8241547 348.0900614 356.9506373 366.6056247 371.9860631 377.1729672 379.1840219 377.6558187 374.8263405 371.4214197 365.2018741 358.3002762 349.8481389 338.261036 330.6331695 319.9375655 312.4191332 307.9379298 306.2971813 315.1795587 332.3059422 349.0948512 368.2911172 393.0517639 413.0481942 442.7727252 467.4400938 490.2491587 516.0860743 533.6140784 552.7420563 566.7957737 576.217202
272.7432473 228.6529848 196.3869184 183.4930446 182.1398106 184.2510191 189.0188228 198.368211 209.3833567 220.8330303 229.5582027 235.0824211 239.9517685 244.4849565 248.4147815 249.3854308 247.2869187 243.0652551 241.3024198 240.1729113 239.2258558 239.7908796 240.890505 244.696803 249.6721745 255.8258009 265.6615021 275.6123937 287.7947515 300.1585704 311.2840757 324.0378711 334.9901368 344.3489611 351.8268561 356.4916339 359.5678606 360.8025057 360.3469046 358.0085653 355.2942583 353.6061868 352.4780554 347.5957255 342.8141094 337.2085916 331.0647404 327.5940846 325.2877307 326.5244539 330.2314551 344.7242434 360.9905627 380.52599 400.8207687 419.3770632 444.2646303 466.7750255 491.0939625 513.0009977 530.233179 549.844504 563.408648 577.8540651
254.6615819 213.5212248 177.9311277 171.3370244 170.190106 173.6600944 181.4659068 186.2279158 197.7863262 206.6813326 214.4577481 221.6051643 227.5949652 232.4045582 235.0336421 236.0915262 235.3902177 233.1842801 228.5463372 225.316005 225.2967536 226.0573496 228.6658632 232.305977 238.183985 244.4429649 253.3893508 263.9470211 273.7609794 286.2109922 295.9882344 306.9846365 317.960228 324.1971716 331.8876308 336.854325 343.3190572 351.2917263 352.4936512 354.8807148 355.7603024 354.9406469 355.5883771 351.9885117 349.9865747 346.8997117 343.4033572 342.1298811 342.0708086 344.5183005 349.0130637 355.5148429 367.5993619 383.2122763 402.1750266 417.1093681 438.3728265 459.1727125 477.5145966 499.5772213 514.550754 531.9205794 548.9982574 559.2855355
250.8354903 213.856316 181.7727186 167.8472921 167.5571604 170.4523238 179.192816 187.4801033 189.3554731 189.8046713 196.1324564 207.1910316 216.4793693 220.0564536 220.4194846 221.2307036 222.6578639 222.6168721 219.4465296 215.7371898 213.0708488 214.4934608 216.9113714 221.3411149 226.4723927 232.4325526 241.2624617 250.1259049 260.2364194 270.2101395 279.0575557 288.8144353 301.3965171 311.6593715 322.1421722 330.9677187 336.8910705 342.73887 345.3292717 347.8900482 349.44462 349.6079626 350.6863675 350.2037504 350.8727327 351.1741405 351.3050706 353.5889306 355.1648977 359.4282409 365.1100379 371.4045813 380.4526339 389.2786191 399.8074729 410.1645786 427.4748811 442.9012118 460.7927152 477.0049749 492.8250632 511.6715642 528.4572954 544.2976219
262.3751714 230.2871451 196.1842852 178.0136699 182.7703815 179.8052018 178.3027799 186.7730438 181.3438717 174.7056417 179.7495388 194.1754287 206.5620263 208.4785508 206.2663897 206.7165462 209.9920264 212.0290107 209.6680697 206.7845073 205.6210283 206.741361 209.7092459 211.5142077 215.8079327 222.0364032 229.6879398 240.3517562 249.413116 260.3528931 271.9682403 282.7316952 295.1586546 304.1334355 313.0507278 320.7572916 326.1662651 331.8971213 334.7327498 337.6622518 339.8403848 341.4349138 343.8087458 345.3524921 348.6045532 351.7143193 355.4926059 361.4545176 364.6910399 370.8400496 377.4438884 383.8103617 393.2027137 400.828724 410.4677514 419.3033724 426.3372059 436.4886272 449.2867329 469.6392568 487.2230327 507.134033 525.7229798 542.4505131
292.04307 257.8391523 225.627136 200.3240532 195.1016506 191.1960876 181.1481724 180.2205418 174.3920402 166.0191487 169.3456622 184.1438855 196.0444376 197.7338557 193.6890926 193.6313901 197.6269096 200.1941379 199.2711134 196.8008897 196.4662653 198.841865 202.3117148 205.0897969 209.3821889 215.8634309 223.9708829 233.8920542 242.6007031 252.3993395 263.0182223 272.9443202 283.2503772 291.5312078 299.2038968 306.3749649 311.8849158 316.9326553 320.8098568 324.1758487 327.6970032 330.8377977 334.3212513 337.9385438 342.5994367 348.273597 354.8223031 362.4168127 368.665023 376.363792 383.8064234 390.6210562 399.5390258 405.9263276 414.1723566 422.20408 428.6446994 437.0875336 447.7561044 459.6743913 474.8336514 494.0647761 511.6083404 529.6296895
310.0387534 288.6348597 259.9803672 231.7822868 209.5963278 205.1441365 194.58812 183.5785962 175.8772835 164.9909111 163.8102609 178.0635744 189.1349188 189.2985137 183.7087629 183.2659282 187.8979153 190.6270895 190.1003623 188.2902381 190.2019724 193.8368422 197.6958339 200.8123216 204.6202338 207.7842778 215.7504308 225.3540033 233.6249996 242.331549 251.8135822 260.7305591 270.0850852 277.7798924 284.4540277 291.070193 296.7688474 302.0571384 306.7665677 310.9093829 315.5298299 320.4919001 325.2524095 330.3399536 336.0808935 343.3978082 352.1306844 361.4835964 369.0362244 377.4869209 385.0662799 391.4576141 400.223311 405.4044576 412.6279482 419.9062564 425.9961864 433.8726827 443.1625446 453.2814829 464.057174 475.7260125 492.4113333 507.4672844
-9999 317.0986927 314.5982396 277.1037491 233.4171517 219.0026767 208.3164128 197.5302031 185.3437439 174.9860697 167.4344862 175.919911 183.5589608 183.0485185 178.3640024 177.7020605 181.1974847 183.6412723 182.9728005 183.7206989 185.7334412 190.3535211 193.9430641 197.7620226 200.6544803 203.8384971 208.7084648 214.1510387 222.0836296 230.3882348 238.9128616 247.2181756 255.2412281 262.6184619 269.2752084 275.8208835 281.7551725 287.147372 292.8280372 298.2186302 304.4996312 310.8594566 317.2090103 323.2197621 329.6238365 338.1236232 347.9684475 358.1849707 365.5913625 373.3637762 380.2431663 385.8107721 392.618655 397.8203967 404.7607761 411.6901079 418.2903986 425.798321 434.1831001 443.7548211 453.3494516 462.9798311 473.664754 482.1933855
-9999 -9999 357.2124941 321.4534099 266.3765587 233.4786519 225.8083971 217.8369619 207.9080503 194.0522699 182.5901627 177.4387484 180.4863862 179.29269 175.0346009 174.4163424 177.1308132 178.8623211 177.8612268 177.4687197 180.3738052 184.4084699 188.0476321 191.684001 195.7191883 199.1534426 203.4274847 207.0699419 210.790603 217.8694685 225.9275891 233.7882166 241.5325227 248.7777884 254.8644618 261.5601418 268.1456345 274.2609192 280.5751615 286.6450064 293.9531902 302.0663929 310.0594724 317.0547122 324.0989654 332.8270185 342.7173063 352.5346126 359.1785878 365.521952 371.4300373 375.9842487 381.8978483 386.9012524 392.9543898 399.8486728 406.6749828 415.3378438 422.9560686 430.8939407 439.4352389 447.6732822 456.9478835 463.4078389
-9999 -9999 -9999 357.0183074 293.4433877 251.2254679 243.3208305 239.1316387 229.8657471 220.3391032 207.6352661 188.7514818 178.533212 175.8477874 174.320889 173.5659069 174.6354107 174.9885587 173.8861846 172.0280725 172.8440035 177.8608736 181.2675476 185.662433 189.5158461 192.9950177 197.7645646 201.215259 204.8423146 208.1352892 213.9294897 221.4707319 228.6711311 236.1755746 242.7073437 249.6678849 256.3354842 262.7917497 269.7622057 276.649156 284.8124446 293.4845248 302.7373545 310.8149792 319.3666872 328.084086 335.9077926 344.085017 349.8481691 354.7589244 359.5022329 363.762278 368.3058369 373.3010754 378.9483059 385.6840081 393.8971311 402.3080871 408.9377248 416.0074744 422.7937317 429.3285417 436.2728285 441.3190693
-9999 -9999 -9999 361.9697 307.754663 268.4329435 255.6601271 260.9249214 258.3253947 250.0456708 236.638258 216.3096668 194.0198961 178.1550894 174.1199983 172.3711 172.8205958 172.2336328 170.8546233 169.0260811 167.4567457 168.4869694 173.0923539 177.5209481 181.9524541 185.5942453 189.7254344 193.8676765 197.3181115 200.7045084 203.4198014 210.8184614 218.0480466 225.3289989 232.086215 239.4406803 246.4298653 253.1986363 260.2478523 267.3803651 275.7239146 284.4798994 293.8095444 302.6053123 311.6209491 320.198586 327.2408865 333.8863966 338.9648222 343.225874 347.5670862 351.2540764 355.0318258 360.595584 366.6373331 373.3083109 380.2665185 387.1388189 392.7816424 398.2426502 403.6144165 408.396958 413.4302074 417.8491714
-9999 -9999 -9999 344.1279986 307.2054861 276.7279297 264.6732386 277.323417 282.3802899 283.4383464 270.8024365 242.4854518 215.4565336 193.22408 176.3579282 172.539459 171.7497019 169.642041 168.5038094 166.7260686 164.5429268 166.140457 168.7189599 171.4341558 174.4448524 177.4724703 182.8860372 186.385274 190.1038726 192.843371 196.4228177 201.9009719 208.4393583 215.2769369 222.3621006 229.9211766 236.9078915 244.3883594 251.7619838 258.6002823 266.6760923 274.8677075 283.3068923 292.8430165 302.0133967 310.0974979 316.5893207 322.5870425 327.5646746 331.9971414 335.8456149 340.1017304 344.5174455 349.7110147 355.0785234 360.4456656 365.6941272 370.8052243 375.5916144 379.4387201 383.1435966 386.7152415 389.3749044 394.1121213
-9999 -9999 -9999 -9999 291.5127414 277.3201091 266.9416081 285.3468722 302.6200215 314.9196177 307.389144 276.5628871 244.2783069 218.6477373 192.5374579 180.1091012 172.61594 169.7932898 167.6222914 164.6225682 161.5301876 163.9678093 166.9456405 170.0715975 173.210861 176.1529383 179.5613657 183.0879468 186.9916973 191.3583926 195.8326045 201.1957256 206.6256482 212.1441358 217.9578617 223.4967725 229.6772186 236.9935873 244.2254123 251.0590053 258.8973552 266.6182792 274.2902695 282.7780474 291.0910306 298.8941737 305.3651926 311.1011674 315.9576437 320.9787456 326.2831369 330.5706015 334.7391954 338.745108 342.8198106 347.1379491 351.1272547 355.094116 359.023474 362.0547851 364.9687845 367.2244755 369.1037627 372.5866673
-9999 -9999 -9999 -9999 270.0157318 276.9971383 269.2589026 286.0776011 311.5725337 341.7666 338.8189873 306.3844357 276.2269979 243.958716 225.2493561 209.2406457 180.9039835 180.1235782 166.7577098 162.4200696 159.0018321 161.7434869 164.7970362 168.3559226 171.841561 174.8885077 178.6808326 182.0292517 185.974631 190.2850764 194.7560431 200.5020655 205.5678256 211.2064074 217.3631649 223.1673525 229.9539043 235.9173974 241.4551502 248.4279238 255.0257697 261.4095377 267.6287932 274.1720704 280.5485116 287.1682393 293.9726295 300.4470171 305.8708388 311.4052814 316.2611661 320.4003226 324.7450834 327.6184992 330.3256394 333.4336454 336.8127249 339.922813 343.4331295 346.366171 348.5311381 349.9726003 350.5467561 352.8087282
-9999 -9999 -9999 -9999 -9999 269.735789 285.3507159 297.1435001 316.6901391 343.8730826 349.7087377 331.7853818 323.1842463 304.0665002 280.6127912 264.8187321 243.8479688 216.8288412 190.4594911 176.3115787 162.973448 159.639265 162.9966778 166.4554112 170.3907952 173.7616862 177.4044807 180.8712396 184.6644909 188.9857017 193.5062798 198.947631 204.6283691 210.5822821 216.682916 222.8663976 229.9047864 236.2751149 241.4889135 246.5350861 252.6340807 257.8659984 263.0606285 268.4467228 273.8687744 279.740733 285.5109758 290.8610187 295.6920445 300.2306373 304.682109 308.816697 312.6148926 315.3724048 317.7825046 320.4245506 322.954416 325.7418377 328.7591719 331.4663643 333.7183828 335.0222045 335.4055548 335.707084
-9999 -9999 -9999 -9999 -9999 262.031338 300.7566698 335.7216705 344.0533743 338.3488784 346.8739844 348.3359574 365.2908867 361.6782605 354.138078 340.6217875 323.3720834 271.2159344 235.0393665 215.8245692 194.5711947 161.9065501 163.8503361 167.8281903 168.7406913 172.3105627 176.3959211 179.6212245 183.0329136 187.0303216 191.5185682 197.364126 203.597082 209.4374163 215.8011144 222.1272363 229.7550937 236.6079847 240.7769623 244.9268863 249.7746942 253.9242105 258.6077675 263.2926549 267.890549 272.6732426 277.3892847 281.4798 285.5012137 288.7227322 292.4287478 296.6161816 299.919645 302.5629672 304.9588431 307.0574848 309.1268838 311.5919288 314.4399242 317.081866 319.4201964 321.1173812 321.4597158 319.863649
-9999 -9999 -9999 -9999 -9999 -9999 295.6383272 357.680155 366.3905534 355.7065524 356.144192 375.907909 399.5434404 432.0956906 469.3122961 468.933005 423.8898586 388.4428787 347.3042279 290.6325405 252.8109362 221.240781 189.8005977 169.7202065 171.3194053 171.7855429 173.9229621 177.3227044 180.6471148 184.1270487 188.4390848 194.5474764 201.0374523 207.6637419 214.4548685 221.0138027 228.0274652 234.2165765 238.5913351 242.0310198 245.0112975 249.2476324 253.7025173 258.3909917 262.8378538 267.1509657 270.6284251 273.5319027 276.8040691 279.4169381 282.440638 285.5581615 287.7663311 289.9907824 291.524269 293.4273258 295.6574097 297.8012188 300.4429455 303.1276198 305.5121994 307.5585622 307.7112175 304.9269726
-9999 -9999 -9999 -9999 -9999 -9999 261.2441358 382.3515952 367.7706193 360.7668662 366.0608365 387.4677183 423.5898336 493.5493208 599.5195116 622.8796158 555.9913448 519.1718212 451.9532764 379.491955 335.6835758 292.857945 229.9819277 203.3745428 176.637253 171.4414058 171.5060951 174.98933 177.6775309 180.6731639 184.8349141 191.799913 198.4090593 205.1824281 212.6396943 219.0893709 226.1132638 231.7526972 235.3943809 238.6098735 240.4556761 244.1816317 248.7344799 253.6513814 258.3953754 262.199177 264.6751893 266.6385341 269.8556096 272.0518001 274.2727612 276.1670569 276.8208114 278.6093668 279.2902729 280.8377503 283.2420518 284.441643 287.1301845 289.3458618 291.4487042 293.4201052 294.4826665 289.2766716
-9999 -9999 -9999 -9999 -9999 -9999 -9999 262.4126592 314.6185504 350.3844378 377.4968687 394.1666774 430.9031901 487.2669681 570.3231717 608.1441167 609.7493162 614.901983 589.9330399 573.9077222 509.4445284 389.4045687 303.3767035 249.6837682 192.9743955 174.0735264 171.3413342 172.9550282 175.3017015 178.1014129 182.1645865 188.7138339 195.50656 202.72592 210.0541116 216.4342802 222.7301097 228.3272716 232.3420218 235.3129111 237.2236366 239.2626664 243.9760117 248.849843 253.4420958 257.1550579 259.7083515 262.0629376 264.439891 266.7591919 268.3657057 268.9729857 269.2887881 269.6373745 269.9615699 271.3576343 273.4517275 274.900973 275.8100168 275.992338 276.8394086 278.3349754 277.1776475 272.2485412
-9999 -9999 -9999 -9999 -9999 -9999 -9999 165.4489164 243.8553957 319.9470907 369.0111534 390.491777 413.7454745 454.2651917 497.1552305 537.0275209 580.4966624 641.659032 641.6038853 701.7312676 649.0371786 485.314847 369.6395289 302.2214499 230.02909 192.9628307 174.5719827 171.2324404 172.5587899 175.272611 179.1034387 185.7406503 192.5895966 199.2072761 206.5675335 212.5046173 218.6328021 224.4696457 227.643639 231.2596815 233.2175362 234.7404325 239.0035079 243.601652 248.2429731 251.6738324 254.1275875 256.888773 258.5354147 261.0535474 262.0609205 261.6125506 261.8761574 261.5883285 261.7598075 263.0336676 265.0191479 266.6351555 266.1580073 264.2520219 263.7644572 263.9966616 261.4402799 254.8627526
-9999 -9999 -9999 -9999 -9999 -9999 -9999 111.1483947 171.720247 251.5799661 314.5502984 365.2207333 404.6010233 418.7304721 427.7386241 443.7240183 478.7542262 507.1576945 552.9463878 584.0834745 562.08288 491.0946676 408.1153996 349.9602767 272.720468 229.9547643 199.5079257 173.7520076 170.2724066 172.7871812 176.7059147 183.0983646 189.8538124 196.1348061 202.1129588 207.6368933 213.7231852 218.9296076 222.94627 226.2090809 228.3007424 230.2769522 232.3554914 236.3754244 240.815971 244.5051842 246.7025223 249.167767 251.3992059 252.8368073 253.9093502 254.07816 253.543374 254.0880224 254.6254321 256.1274915 258.2227205 258.9842936 259.0699903 257.2015784 254.9042742 252.1869851 246.6187724 239.1133592
-9999 -9999 -9999 -9999 -9999 -9999 -9999 -9999 111.8427365 177.9031643 243.4469634 303.3628231 368.2428423 377.0613394 375.5653675 382.0883729 388.57477 415.1168964 452.1108784 460.9146862 464.4863985 457.7534885 428.3859049 393.0043605 327.1623514 287.3440888 245.8901726 202.5644035 187.0239026 174.216005 173.0688312 179.0568524 185.6506134 190.3486176 195.9109372 200.9666976 206.6550992 212.1334454 215.8092857 219.4305667 221.8010594 223.5929185 225.7068822 226.7604457 231.2537435 235.2737398 238.0878306 241.3148608 244.6678412 246.3702393 247.7287805 248.4227209 247.1980564 248.4219693 249.1686137 250.8754215 253.3792195 254.0248694 254.4718888 252.1668017 248.3305978 242.7803647 234.7088619 225.5482404
