meets/meet004/_saidas_enm/CCSM_Maxent_0k_Cavanillesia_umbellata1.asc
NCOLS 154 
NROWS 168 
XLLCORNER -112 
YLLCORNER -55.5 
CELLSIZE 0.5 
NODATA_value -9999 
[rows 75 to 99 of 168, columns 56 to 111 of 154]
-9999 -9999 -9999 -9999 -9999 -9999 -9999 -9999 -9999 -9999 -9999 0.248408406972885 0.210018306970596 0.195117250084877 0.20623616874218 0.24944232404232 0.331831574440002 0.348931431770325 0.360450178384781 0.403032720088959 0.326439380645752 0.319119453430176 0.289407819509506 0.110588110983372 0.116301104426384 0.121514655649662 0.127284213900566 0.130533069372177 0.136246129870415 0.143466174602509 0.147872760891914 0.152864471077919 0.152717560529709 0.153114080429077 0.152084410190582 0.148132681846619 0.15058259665966 0.15064013004303 0.154108673334122 0.159567847847939 0.162160620093346 0.171444565057755 0.176033049821854 0.414197832345963 0.418174684047699 0.408019125461578 0.398543030023575 0.379684895277023 0.34936648607254 0.318423539400101 0.291134983301163 0.27524146437645 0.263467788696289 0.250605851411819 0.225814059376717 0.217069983482361
-9999 -9999 -9999 -9999 -9999 -9999 -9999 -9999 -9999 -9999 -9999 0.26485738158226 0.221294015645981 0.203217163681984 0.205224722623825 0.222509384155273 0.277625292539597 0.358875453472137 0.365130186080933 0.395530670881271 0.350030958652496 0.312742114067078 0.293480485677719 0.110822208225727 0.110635995864868 0.111200220882893 0.11609947681427 0.121864959597588 0.127629861235619 0.132828131318092 0.136016175150871 0.141579315066338 0.145168349146843 0.144889265298843 0.140754863619804 0.135924533009529 0.135619133710861 0.135850057005882 0.137759119272232 0.139090314507484 0.143331333994865 0.155174747109413 0.381626635789871 0.388932794332504 0.385068416595459 0.364898145198822 0.351539790630341 0.333614498376846 0.312377154827118 0.291474878787994 0.273799866437912 0.256623685359955 0.249519780278206 0.24623441696167 0.247968077659607 0.238575533032417
-9999 -9999 -9999 -9999 -9999 -9999 -9999 -9999 -9999 -9999 -9999 -9999 0.244835540652275 0.21640807390213 0.205138131976128 0.210220500826836 0.231912910938263 0.275907844305038 0.327538579702377 0.394743829965591 0.420456558465958 0.412489116191864 0.309294760227203 0.117683984339237 0.280440419912338 0.271652817726135 0.109694913029671 0.117705784738064 0.123679384589195 0.127429589629173 0.128776520490646 0.134370103478432 0.137655407190323 0.137787505984306 0.134495675563812 0.129046723246574 0.1263747215271 0.12411292642355 0.125054135918617 0.127095356583595 0.133237183094025 0.149029284715652 0.161940738558769 0.381496638059616 0.361703932285309 0.331037431955338 0.309636771678925 0.291003614664078 0.274635583162308 0.264594703912735 0.256122231483459 0.247017413377762 0.240080580115318 0.237151369452477 0.2406315356493 0.246883109211922
-9999 -9999 -9999 -9999 -9999 -9999 -9999 -9999 -9999 -9999 -9999 -9999 0.276733875274658 0.236353233456612 0.213459506630898 0.196545943617821 0.188320651650429 0.184979185461998 0.211961463093758 0.283437043428421 0.372350543737411 0.419184356927872 0.416030079126358 0.304702788591385 0.274795144796371 0.253975629806519 0.276469260454178 0.118450626730919 0.125102281570435 0.127408549189568 0.124948285520077 0.130686044692993 0.132189109921455 0.131318226456642 0.129652306437492 0.12477170675993 0.118914395570755 0.112887293100357 0.112392157316208 0.116199396550655 0.124961592257023 0.142618879675865 0.166642010211945 0.167413622140884 0.144968181848526 0.30488196015358 0.27674475312233 0.251832008361816 0.238630205392838 0.239930465817451 0.244072943925858 0.231631577014923 0.2216507345438 0.219127744436264 0.218727484345436 0.207970187067986
-9999 -9999 -9999 -9999 -9999 -9999 -9999 -9999 -9999 -9999 -9999 -9999 -9999 0.276025801897049 0.217427998781204 0.172694146633148 0.141255214810371 0.137359112501144 0.149693176150322 0.179191827774048 0.253566831350327 0.340318292379379 0.366902440786362 0.34029433131218 0.242859125137329 0.245971396565437 0.274874716997147 0.121904842555523 0.1323052495718 0.134971022605896 0.131439670920372 0.134267345070839 0.133000761270523 0.130138829350471 0.12653774023056 0.117580316960812 0.113985270261765 0.107924267649651 0.105996996164322 0.106266640126705 0.11137793213129 0.130542978644371 0.15242962539196 0.156089410185814 0.14308625459671 0.305195659399033 0.263542324304581 0.227282404899597 0.232367053627968 0.235040113329887 0.239290222525597 0.235650837421417 0.204498633742332 0.198803007602692 0.176018223166466 0.14813506603241
-9999 -9999 -9999 -9999 -9999 -9999 -9999 -9999 -9999 -9999 -9999 -9999 -9999 0.312134951353073 0.22673998773098 0.148535043001175 0.123581737279892 0.108196377754211 0.107337601482868 0.126901090145111 0.147838443517685 0.225353911519051 0.32108211517334 0.290729910135269 0.325496524572372 0.265963584184647 0.281589895486832 0.126789122819901 0.139525294303894 0.148834124207497 0.14373941719532 0.136821761727333 0.13207645714283 0.126520097255707 0.119589805603027 0.116363331675529 0.120572984218597 0.113667272031307 0.108676671981812 0.102964237332344 0.0966205969452858 0.113013006746769 0.137597441673279 0.142444401979446 0.136243432760239 0.315452694892883 0.252153813838959 0.223392799496651 0.250380277633667 0.25343781709671 0.259044587612152 0.25681933760643 0.250402420759201 0.161504924297333 0.136351138353348 0.114707484841347
-9999 -9999 -9999 -9999 -9999 -9999 -9999 -9999 -9999 -9999 -9999 -9999 -9999 -9999 0.267543405294418 0.16898675262928 0.131683617830276 0.107479467988014 0.100431747734547 0.108435831964016 0.131669208407402 0.171960785984993 0.224525824189186 0.268730252981186 0.307022124528885 0.369917690753937 0.36310139298439 0.29073241353035 0.125880300998688 0.151899516582489 0.160529285669327 0.170825570821762 0.165065243840218 0.158635601401329 0.146159410476685 0.135796725749969 0.138729482889175 0.136884868144989 0.12735940515995 0.123516194522381 0.106602557003498 0.110492311418056 0.117285005748272 0.118339076638222 0.121007837355137 0.28153869509697 0.239580646157265 0.19211557507515 0.236433699727058 0.234022453427315 0.232543602585793 0.228706508874893 0.197309717535973 0.140430390834808 0.115392945706844 0.103013031184673
-9999 -9999 -9999 -9999 -9999 -9999 -9999 -9999 -9999 -9999 -9999 -9999 -9999 -9999 0.335930824279785 0.210484743118286 0.155269369482994 0.115554749965668 0.100278928875923 0.102840639650822 0.115447074174881 0.136392414569855 0.168684929609299 0.191414266824722 0.218406826257706 0.260075479745865 0.296414494514465 0.391241490840912 0.294872969388962 0.380702883005142 0.198592856526375 0.189393222332001 0.20090351998806 0.204139530658722 0.189973786473274 0.180338308215141 0.195223450660706 0.203041583299637 0.187602251768112 0.155328214168549 0.126919075846672 0.124232761561871 0.108461424708366 0.100239619612694 0.104552790522575 0.258722305297852 0.228467255830765 0.188769727945328 0.237337708473206 0.236670449376106 0.215260043740273 0.204946935176849 0.166005089879036 0.151512712240219 0.10234759747982 0.101917952299118
-9999 -9999 -9999 -9999 -9999 -9999 -9999 -9999 -9999 -9999 -9999 -9999 -9999 -9999 -9999 0.325062602758408 0.213434666395187 0.130322620272636 0.103728927671909 0.0976484045386314 0.0954512879252434 0.109540820121765 0.128620967268944 0.147745206952095 0.167717382311821 0.18546861410141 0.208645716309547 0.233582407236099 0.272753566503525 0.339821547269821 0.458752185106277 0.428936123847961 0.222420439124107 0.221756815910339 0.23464672267437 0.258441269397736 0.2539302110672 0.254316657781601 0.252813547849655 0.254111349582672 0.232502490282059 0.16276042163372 0.115683630108833 0.0901458859443665 0.0905910357832909 0.242149129509926 0.225858762860298 0.204673051834106 0.218111544847488 0.271268725395203 0.248356476426125 0.210110828280449 0.171479448676109 0.154261738061905 0.144909083843231 0.101174123585224
-9999 -9999 -9999 -9999 -9999 -9999 -9999 -9999 -9999 -9999 -9999 -9999 -9999 -9999 -9999 0.495091289281845 0.280131638050079 0.167311489582062 0.0855549052357674 0.0960363373160362 0.0814169645309448 0.0898860841989517 0.0911491885781288 0.103634931147099 0.133443206548691 0.148551523685455 0.173081964254379 0.18325001001358 0.204055726528168 0.237731412053108 0.302403301000595 0.44728296995163 0.184888854622841 0.191301271319389 0.222922131419182 0.299500644207001 0.284456610679626 0.292322874069214 0.301476508378983 0.296948820352554 0.289281964302063 0.241772100329399 0.126109525561333 0.0812026411294937 0.0807686448097229 0.232159316539764 0.226979702711105 0.226046353578568 0.230214923620224 0.251368403434753 0.237644597887993 0.249295964837074 0.201294615864754 0.144151777029037 0.115229286253452 0.14016093313694
-9999 -9999 -9999 -9999 -9999 -9999 -9999 -9999 -9999 -9999 -9999 -9999 -9999 -9999 -9999 0.57520979642868 0.234872221946716 0.238624766469002 0.146080553531647 0.0760357305407524 0.053621307015419 0.0652231276035309 0.0725066959857941 0.0884822309017181 0.101025924086571 0.111098401248455 0.131504029035568 0.147689253091812 0.161042228341103 0.181630432605743 0.230540812015533 0.328656166791916 0.396586775779724 0.126278847455978 0.16683954000473 0.203054919838905 0.240924894809723 0.300507068634033 0.304878145456314 0.303843528032303 0.30048993229866 0.272203922271729 0.128549546003342 0.0771518796682358 0.0705094859004021 0.2118811160326 0.232877254486084 0.251820385456085 0.270029991865158 0.269528746604919 0.240473031997681 0.2219617664814 0.2004114985466 0.187633723020554 0.173262178897858 0.167159751057625
-9999 -9999 -9999 -9999 -9999 -9999 -9999 -9999 -9999 -9999 -9999 -9999 -9999 -9999 -9999 -9999 0.478583514690399 0.151761084794998 0.130881756544113 0.0984063073992729 0.0170757342129946 0.0201168395578861 0.0191049762070179 0.0237986166030169 0.0346767231822014 0.0313545614480972 0.096510536968708 0.0982321426272392 0.11269536614418 0.141274571418762 0.177787959575653 0.251769334077835 0.354977756738663 0.310693711042404 0.279421538114548 0.14050866663456 0.160864114761353 0.232626393437386 0.290506690740585 0.291185826063156 0.292858988046646 0.231934949755669 0.106133662164211 0.0709423273801804 0.070413775742054 0.0801039561629295 0.101988419890404 0.303942888975143 0.33743080496788 0.337038993835449 0.303840488195419 0.114868022501469 0.107065230607986 0.102341003715992 0.0964301526546478 0.0968822240829468
-9999 -9999 -9999 -9999 -9999 -9999 -9999 -9999 -9999 -9999 -9999 -9999 -9999 -9999 -9999 -9999 -9999 0.476100474596024 0.137545645236969 0.118544816970825 0.033874835819006 0.0494291186332703 0.0494454316794872 0.0382370986044407 0.0387511625885963 0.0354278534650803 0.0606977269053459 0.0793874934315681 0.0864629223942757 0.109386898577213 0.141293838620186 0.191065058112144 0.255546540021896 0.334973454475403 0.324283003807068 0.239063233137131 0.118019387125969 0.150022849440575 0.159938558936119 0.179065510630608 0.14499369263649 0.133129566907883 0.0917801484465599 0.0788962170481682 0.0886877402663231 0.109922640025616 0.134345978498459 0.169280380010605 0.199185699224472 0.204386875033379 0.19503191113472 0.159872129559517 0.123339451849461 0.11474621295929 0.109568148851395 0.11588279902935
-9999 -9999 -9999 -9999 -9999 -9999 -9999 -9999 -9999 -9999 -9999 -9999 -9999 -9999 -9999 -9999 -9999 -9999 -9999 0.117584750056267 0.0865564942359924 0.0919772759079933 0.0899815931916237 0.116455495357513 0.103436820209026 0.0642116516828537 0.059324823319912 0.0694106817245483 0.0739393159747124 0.0900575593113899 0.115389265120029 0.154736146330833 0.196209654211998 0.250763356685638 0.320695251226425 0.29463055729866 0.328835815191269 0.0979829132556915 0.105443321168423 0.109744630753994 0.0845170989632607 0.098170317709446 0.0938439145684242 0.0976088419556618 0.120107233524323 0.140422910451889 0.16111396253109 0.199357628822327 0.213890478014946 0.234546467661858 0.22176356613636 0.183966636657715 0.142898216843605 0.124986827373505 0.11597403138876 0.115251153707504
-9999 -9999 -9999 -9999 -9999 -9999 -9999 -9999 -9999 -9999 -9999 -9999 -9999 -9999 -9999 -9999 -9999 -9999 -9999 -9999 -9999 0.104910559952259 0.10209409147501 0.0963765904307365 0.123088426887989 0.0945389717817307 0.078615590929985 0.057252012193203 0.0589684434235096 0.0807401835918427 0.0955567583441734 0.124950379133224 0.162019029259682 0.195256069302559 0.237800315022469 0.301798462867737 0.334373414516449 0.310784339904785 0.23028701543808 0.10429573059082 0.129378944635391 0.132202863693237 0.132954612374306 0.146378993988037 0.154620707035065 0.165684625506401 0.178850248456001 0.187798455357552 0.194052577018738 0.237422898411751 0.238337606191635 0.19546465575695 0.145299628376961 0.122752092778683 0.111526645720005 0.10180776566267
-9999 -9999 -9999 -9999 -9999 -9999 -9999 -9999 -9999 -9999 -9999 -9999 -9999 -9999 -9999 -9999 -9999 -9999 -9999 -9999 -9999 -9999 -9999 0.125080853700638 0.116432100534439 0.13517664372921 0.0674563720822334 0.0600145272910595 0.0436430871486664 0.0478555038571358 0.0798637047410011 0.0989798754453659 0.123326830565929 0.15049484372139 0.177439957857132 0.217393204569817 0.2679802775383 0.343583762645721 0.355886101722717 0.408528625965118 0.384380131959915 0.181745082139969 0.201769009232521 0.208587393164635 0.205885693430901 0.204610586166382 0.204879805445671 0.205410614609718 0.203389719128609 0.240334868431091 0.254044651985168 0.212533459067345 0.151983320713043 0.124356731772423 0.116856798529625 0.108155399560928
-9999 -9999 -9999 -9999 -9999 -9999 -9999 -9999 -9999 -9999 -9999 -9999 -9999 -9999 -9999 -9999 -9999 -9999 -9999 -9999 -9999 -9999 -9999 -9999 -9999 0.126698419451714 0.0878918394446373 0.0608509406447411 0.0345634929835796 0.0397938825190067 0.0644977241754532 0.0783218294382095 0.0858872979879379 0.101804800331593 0.128656700253487 0.14959605038166 0.187714368104935 0.229927018284798 0.298622012138367 0.407069146633148 0.467345535755157 0.436263144016266 0.260865926742554 0.254952669143677 0.269708335399628 0.259576797485352 0.24805012345314 0.257645845413208 0.241019368171692 0.254254758358002 0.261295795440674 0.222779095172882 0.165325090289116 0.138345375657082 0.133031278848648 0.135945752263069
-9999 -9999 -9999 -9999 -9999 -9999 -9999 -9999 -9999 -9999 -9999 -9999 -9999 -9999 -9999 -9999 -9999 -9999 -9999 -9999 -9999 -9999 -9999 -9999 -9999 0.113977320492268 0.100905634462833 0.0828600525856018 0.0403076373040676 0.029017111286521 0.0248136352747679 0.0258477479219437 0.0430575981736183 0.0784639343619347 0.0996232703328133 0.12007961422205 0.145609185099602 0.175315722823143 0.22573047876358 0.333232581615448 0.382813781499863 0.49901482462883 0.253001481294632 0.260878831148148 0.256373971700668 0.263365268707275 0.259859770536423 0.260921627283096 0.241864949464798 0.244835048913956 0.242251887917519 0.206572696566582 0.174048647284508 0.164513826370239 0.172763124108315 0.170326352119446
-9999 -9999 -9999 -9999 -9999 -9999 -9999 -9999 -9999 -9999 -9999 -9999 -9999 -9999 -9999 -9999 -9999 -9999 -9999 -9999 -9999 -9999 -9999 -9999 -9999 -9999 -9999 0.0874621272087097 0.0850295275449753 0.0110087879002094 0.00854855123907328 0.0074027949012816 0.0133122308179736 0.0245035570114851 0.0516302660107613 0.0704444721341133 0.122748620808125 0.145250365138054 0.184297069907188 0.253865897655487 0.24266842007637 0.41566926240921 0.241593897342682 0.265205681324005 0.260347694158554 0.267507791519165 0.262607127428055 0.248697847127914 0.213418960571289 0.216670915484428 0.206234320998192 0.194334879517555 0.17546072602272 0.175283178687096 0.19825853407383 0.20476496219635
-9999 -9999 -9999 -9999 -9999 -9999 -9999 -9999 -9999 -9999 -9999 -9999 -9999 -9999 -9999 -9999 -9999 -9999 -9999 -9999 -9999 -9999 -9999 -9999 -9999 -9999 -9999 0.0878537222743034 0.096161000430584 0.0138988308608532 0.0110598308965564 0.0081379096955061 0.0111733255907893 0.0165681876242161 0.0271978639066219 0.0356694348156452 0.0785265192389488 0.132365792989731 0.166636794805527 0.181867733597755 0.197555840015411 0.325585335493088 0.42644065618515 0.28106626868248 0.26503998041153 0.253245770931244 0.249815255403519 0.235188126564026 0.21344918012619 0.199933156371117 0.194838538765907 0.201466843485832 0.208099573850632 0.210480660200119 0.212924867868423 0.204613253474236
-9999 -9999 -9999 -9999 -9999 -9999 -9999 -9999 -9999 -9999 -9999 -9999 -9999 -9999 -9999 -9999 -9999 -9999 -9999 -9999 -9999 -9999 -9999 -9999 -9999 -9999 -9999 -9999 0.082474872469902 0.0267488043755293 0.0214629098773003 0.0144762396812439 0.0198066998273134 0.0236301384866238 0.0276521611958742 0.0364078767597675 0.0575043521821499 0.0930707529187202 0.122489430010319 0.137799307703972 0.166680991649628 0.242197394371033 0.367274165153503 0.176881104707718 0.238738819956779 0.265295177698135 0.262623757123947 0.255474507808685 0.233202069997787 0.201094821095467 0.189904019236565 0.21318855881691 0.25832787156105 0.249079614877701 0.228351250290871 0.195896595716476
-9999 -9999 -9999 -9999 -9999 -9999 -9999 -9999 -9999 -9999 -9999 -9999 -9999 -9999 -9999 -9999 -9999 -9999 -9999 -9999 -9999 -9999 -9999 -9999 -9999 -9999 -9999 -9999 0.0738044902682304 0.0309380348771811 0.0376241207122803 0.0292696580290794 0.0390869826078415 0.0418305471539497 0.0376978106796741 0.0388070158660412 0.0494399964809418 0.0755326375365257 0.0944302529096603 0.0970792397856712 0.118714302778244 0.175264820456505 0.274037808179855 0.118675202131271 0.165111809968948 0.197126880288124 0.251038074493408 0.273363649845123 0.271487861871719 0.220984995365143 0.187499493360519 0.21092464029789 0.252825528383255 0.241125360131264 0.224158272147179 0.17936809360981
-9999 -9999 -9999 -9999 -9999 -9999 -9999 -9999 -9999 -9999 -9999 -9999 -9999 -9999 -9999 -9999 -9999 -9999 -9999 -9999 -9999 -9999 -9999 -9999 -9999 -9999 -9999 -9999 0.0547576062381268 0.0375178828835487 0.0353164933621883 0.0394643843173981 0.0597563199698925 0.0492348708212376 0.042724248021841 0.0365791693329811 0.0461215153336525 0.0667813494801521 0.0777508169412613 0.0728887170553207 0.0794937536120415 0.132178455591202 0.21625129878521 0.0838348269462585 0.0984199047088623 0.092238761484623 0.176194354891777 0.281650841236115 0.278661251068115 0.236838847398758 0.161710307002068 0.214911013841629 0.246425122022629 0.231327906250954 0.209117412567139 0.178384974598885
-9999 -9999 -9999 -9999 -9999 -9999 -9999 -9999 -9999 -9999 -9999 -9999 -9999 -9999 -9999 -9999 -9999 -9999 -9999 -9999 -9999 -9999 -9999 -9999 -9999 -9999 -9999 -9999 0.0768992304801941 0.0441990531980991 0.0607220083475113 0.0455813705921173 0.0550258085131645 0.0509465672075748 0.0396016128361225 0.0367524884641171 0.0443605743348598 0.0641373991966248 0.0711409002542496 0.0626895427703857 0.0680560916662216 0.106800481677055 0.181909635663033 0.0652634277939796 0.0690965205430984 0.0762040093541145 0.111031867563725 0.182709440588951 0.232757583260536 0.239915147423744 0.232713967561722 0.237012907862663 0.23878538608551 0.21719066798687 0.197145417332649 0.153078928589821
-9999 -9999 -9999 -9999 -9999 -9999 -9999 -9999 -9999 -9999 -9999 -9999 -9999 -9999 -9999 -9999 -9999 -9999 -9999 -9999 -9999 -9999 -9999 -9999 -9999 -9999 -9999 -9999 0.0763456523418427 0.0691073909401894 0.0648084059357643 0.0434536673128605 0.038421344012022 0.0343775190412998 0.0322190560400486 0.0292607620358467 0.0470515601336956 0.0667797774076462 0.0721012130379677 0.0579403750598431 0.0561399273574352 0.0959860160946846 0.171608343720436 0.059434749186039 0.0558936037123203 0.0552088208496571 0.0789481773972511 0.1188845038414 0.165182918310165 0.228831961750984 0.248979508876801 0.236055836081505 0.20368455350399 0.195114016532898 0.161962792277336 0.328237473964691
