meets/meet004/_saidas_enm/CCSM_Maha_21k_Cavanillesia_umbellata4.asc
NCOLS 154 
NROWS 168 
XLLCORNER -112 
YLLCORNER -55.5 
CELLSIZE 0.5 
NODATA_value -9999 
[rows 50 to 74 of 168, columns 56 to 111 of 154]
-9999 -9999 -9999 -9999 -9999 -9999 -9999 -9999 -9999 -9999 -9999 -9999 -9999 -104.544921985708 -43.0912694389407 -11.4822058278741 -5.10801511388227 -8.92743778962426 -7.94904607095383 -4.08507661464855 -2.66793582133387 -3.7724950479117 -4.71194323519196 -4.77739140560919 -7.74928685693723 -11.3944623702201 -14.0573020441533 -18.7871474996076 -21.3751239557935 -24.7138700544147 -26.5351321625771 -24.6998209597732 -19.5618558778509 -15.0451213907467 -8.92705766971698 -3.45640933827944 -1.11295007453777 -0.810317176024651 -1.59334792982736 -3.41965692402469 -2.93197573910178 -3.6719081807926 -3.915219366232 -4.94483477119874 -9.37274726292011 -10.1193352753372 -11.0580590157083 -10.7949046597699 -10.9714887201778 -10.9251559050829 -9.01629217944812 -6.86841081457394 -4.54723004026356 -2.77164113190009 -1.62310854264036 -1.59075248908616
-9999 -9999 -9999 -9999 -9999 -9999 -9999 -9999 -9999 -9999 -9999 -9999 -9999 -69.1985749201841 -37.9189077705687 -14.707238345765 -6.51330656222827 -5.42231738963681 -4.23005714702043 -4.68003339281498 -4.98371946320956 -5.25634630270425 -4.08566017076379 -5.20019405296982 -7.34403954555582 -8.73275087458984 -8.91696104633446 -8.93705071909862 -9.27189510387058 -10.9261004648604 -12.1292156047467 -10.9411087347778 -9.44718671358039 -8.64705235551001 -5.36178419670606 -2.76453989322724 -1.14779868718884 -0.972521880481434 -1.58160416501107 -2.03122568932436 -2.05618394145488 -2.96215625501976 -3.20256881052288 -5.23593616799879 -8.76509257456981 -10.9523758845624 -11.1285724150647 -8.7023591463746 -8.12039583447248 -7.76106801488882 -6.11725142878921 -4.9224240209893 -3.23784078571266 -2.12762197615468 -1.36405864956732 -1.17290791731724
-9999 -9999 -9999 -9999 -9999 -9999 -9999 -9999 -9999 -9999 -9999 -53.7164220234884 -45.2388540981415 -48.007650033616 -39.4223917528598 -20.2984829341303 -11.8696803315734 -6.59470173874627 -4.09975523641223 -5.43366371936696 -4.74663278573761 -2.84301985962507 -3.13174162962757 -4.54554754332071 -4.57940012949225 -5.39297375496794 -3.94374827065239 -4.90422381459939 -6.61144989215373 -9.91705733106564 -11.9854405274513 -9.46524340074355 -5.42189709797615 -5.21168692598342 -1.74661206437278 -1.2581044639853 -0.712877927444354 -0.789966784259662 -1.59901423828828 -1.91386950001773 -1.89185857359536 -3.00580142118675 -2.99539560333982 -4.28144175061836 -6.16184409331107 -5.80670131804245 -7.67731317951778 -5.1253317618172 -5.27778744714892 -5.81695259790763 -4.32697230408393 -3.17360019517531 -2.02978274575475 -1.40087377441961 -0.966190908341239 -0.902693467207933
-9999 -9999 -9999 -9999 -9999 -9999 -9999 -9999 -9999 -9999 -42.0694209567699 -39.1074288164534 -40.2104599760011 -47.9795805405181 -47.6148012587141 -34.1348179887235 -19.9332678165976 -12.4092106999644 -7.95298300398306 -5.23106368424801 -3.99957790710858 -4.38422540959997 -5.36080234088292 -6.79767488417448 -5.75635165871368 -5.6211016723288 -6.14357459184773 -9.16176317618882 -14.0472322485994 -19.8777536004957 -20.9025144307619 -14.2366657078838 -7.47836870531977 -4.89213450774258 -1.30885127799485 -1.01125842534111 -0.808494801460494 -1.27841434700119 -1.93351160802221 -2.16057072342312 -2.33519950378445 -2.70211875663599 -2.96169873924466 -3.81576606449126 -5.38439620596258 -5.79857152385894 -6.66140620597535 -6.16837939617225 -5.54382969627421 -4.57235191217517 -3.09138473220415 -2.55842782876077 -1.54020022284655 -1.16285983673706 -0.911971390637425 -0.781246932900239
-9999 -9999 -9999 -9999 -9999 -9999 -9999 -9999 -9999 -9999 -25.3462784327582 -30.9025762072772 -40.6272090548513 -43.2941342461892 -52.4808835838564 -45.6071765779134 -27.4638498685404 -13.2440892412293 -8.48059485712007 -7.79961218074801 -7.55290390368965 -7.77510885796865 -9.29110001188937 -9.36240526619521 -8.80494924809078 -10.0812930375127 -14.5952644112595 -22.6462514618387 -32.2865011467712 -40.8955479841007 -39.7057802229185 -26.8265925605961 -12.7564240916779 -6.93854449008177 -2.286342163494 -1.56779192941678 -0.619805945231173 -1.82717313395993 -2.48325544351816 -2.59430832363063 -2.71544635148666 -2.79492997488529 -3.19379103744709 -4.05072826531387 -5.33327676197274 -5.96288214477005 -5.97953895930712 -4.93985600755171 -4.60376637511998 -3.97902808892753 -2.84572157242312 -2.59882364771789 -1.80753213568567 -1.49070926289058 -1.310099279494 -1.13996781600158
-9999 -9999 -9999 -9999 -9999 -9999 -9999 -9999 -36.2151960019955 -24.0385257048478 -20.1442937246898 -21.9840626269808 -34.7512695916514 -37.9762564393839 -44.3011537970746 -47.46767806848 -32.1068063692513 -17.0489487525584 -11.0077510436078 -9.1690946391695 -9.06722571227535 -9.49995789290002 -10.8416482711235 -12.5289226993384 -14.1190087467059 -19.2181416508607 -28.4458341478277 -42.5012724637256 -55.5460157455417 -57.7897974811352 -53.1798024371487 -31.935277777955 -17.9736386889188 -8.47393427120122 -3.76252648915026 -2.57086458693682 -2.0073169658244 -0.94516786573389 -1.33953766417788 -2.48626686126075 -3.49859756029639 -3.99598329713206 -4.11338387094698 -4.1178867006853 -4.39180980153357 -4.48298012003695 -5.25630792255468 -5.71632867614432 -6.32943154307298 -6.64569610412693 -5.75161375449446 -5.42171531312099 -4.74190973654437 -4.22844753348962 -3.58321659858784 -2.87236002710245
-9999 -9999 -9999 -9999 -9999 -9999 -9999 -9999 -21.5382592201611 -17.7636478157874 -12.5714560417658 -12.2143061755525 -30.2399709851479 -33.4919908643437 -36.7226997620839 -36.5309984414854 -33.2391782625186 -25.4810683279459 -19.0735478866147 -16.6426673309633 -16.345868129644 -17.0523150655159 -17.5619945537727 -19.8692667653367 -27.7129884275507 -38.7380331625652 -51.0500425729479 -65.8573571073652 -75.057546295688 -76.6305685215063 -67.7115812047579 -40.6712484172281 -20.505670154059 -9.70279256532174 -4.23912309701485 -3.03372162011785 -3.08925400791705 -1.35002259462002 -1.14706490129363 -1.26156694488334 -1.91189347737198 -2.28774386239463 -2.88213876529443 -3.3043727474979 -4.25918286439604 -6.01127907137536 -8.60761781377495 -11.5153086341476 -13.9086209908935 -14.8283264074635 -14.7635901753811 -13.8225956325281 -12.3589747609858 -10.8487170305582 -9.08896079236321 -7.61232878652891
-9999 -9999 -9999 -9999 -9999 -9999 -9999 -18.8033164847862 -16.4577198353856 -10.2056941724796 -10.4750260248549 -7.88143862934715 -29.4278790950083 -34.1424297676506 -30.3042912860176 -30.174253706212 -25.0607537349206 -24.4951575398344 -23.1831424559419 -27.1936341951696 -29.5114138255251 -30.5296837856436 -31.719197671985 -36.3743707315954 -46.6651875171302 -52.6893836467762 -54.3458957395901 -54.3446058859314 -57.5785099391336 -62.5243170349522 -66.4752183289755 -44.1435569452463 -23.4431800515874 -11.4091444566046 -4.48763345411279 -2.67786690844326 -2.85272440248818 -3.63894167372859 -2.94145723586069 -3.70689832445355 -5.14053988913589 -7.34172020777892 -9.8726046905794 -11.5471904453019 -14.5070555439067 -18.3618610066116 -18.5970622671074 -16.7270780317032 -14.4814932291918 -12.5008747485481 -11.9477987217207 -11.7340489452618 -11.9291770519243 -14.0622499281903 -14.1824826619875 -13.1742509916585
-9999 -9999 -9999 -9999 -9999 -9999 -9999 -13.6508188048294 -11.2133600518591 -7.23623347108667 -7.85531448297314 -5.95511799910173 -29.5429502986525 -37.1114933973805 -25.9326607884925 -23.5650369722696 -19.3907996354499 -17.8737438054796 -17.330034524773 -19.6342836075356 -22.2645559966686 -25.4099168788755 -30.1473362513334 -29.5871232886035 -28.908278950411 -30.2118447397034 -30.1324812289435 -33.0663041709659 -32.9898243957664 -31.6535260195726 -33.5478594426661 -35.3390966178725 -25.7501700235049 -14.4294388056894 -7.41615155094116 -4.307156618624 -3.72220549878477 -4.19881259938961 -5.19387392673069 -7.61910529860184 -11.4071875657834 -14.6676436588912 -20.4001922757727 -24.2156266607548 -21.5195158406789 -15.8711516810732 -11.1906119639701 -8.56652288401182 -7.49842696598278 -6.92106811818613 -6.66955451993083 -6.55669770205208 -6.43789115118158 -6.65107581017527 -7.59101233076987 -9.6549416717069
-9999 -9999 -9999 -9999 -9999 -9999 -13.5616722115316 -11.7336846654057 -4.76826753075873 -5.14973152218556 -7.99166369934244 -5.10483616964099 -32.7370151854786 -46.8196426977377 -25.7061026154921 -18.3471102221389 -16.5256697235587 -13.8186307705974 -13.0018907328278 -14.9627841073958 -16.9374305954696 -17.5355145358519 -19.1502420633706 -19.0619600280437 -19.4348843346345 -19.5242824541247 -20.0730946094589 -19.7887326004385 -20.2352206732079 -22.2865707778353 -23.0463965970531 -25.3540755286294 -26.8590449633554 -19.8360297889648 -13.2578635277858 -10.9791649570767 -8.93219696893264 -9.96119758517922 -11.624252053125 -14.6239996268885 -20.4752978609114 -23.6071068939322 -20.0847529551242 -15.9300114163417 -11.2952314848205 -9.53163712793567 -9.18654836253431 -10.5211299774555 -14.1500201174566 -19.7840958474317 -19.9175389642235 -20.1915459551244 -18.7688718237948 -16.8542994128188 -14.9919550254588 -12.0073439044629
-9999 -9999 -9999 -9999 -9999 -9999 -13.7185313022133 -7.87187333457013 -2.48557074004761 -1.9839731225634 -3.04771375787487 -4.7866460397328 -33.2236134832533 -47.9674982911169 -26.2462180980246 -14.0940580307269 -14.2951641147728 -12.7947823092522 -11.4193479077011 -12.6112060944513 -13.0043323511588 -12.5879627278594 -12.6943854823962 -12.1464209902265 -12.1266789852905 -12.6561596454642 -12.5707295132879 -12.9280362045285 -13.3675819867671 -14.3344064080504 -15.8187281033818 -16.922013919722 -18.5047174819273 -19.4412548708504 -18.3754861411827 -16.6237725674453 -15.5824606060873 -16.740532655183 -17.3430259344267 -15.0055488553884 -12.3548554264597 -9.8338805038618 -8.52633619750098 -8.46590661525716 -11.2180178841801 -10.9632870278244 -9.35547399086807 -8.516357939793 -8.54005159674339 -8.03607629254626 -8.34600066828762 -7.79431197020694 -7.94791781267478 -7.51911225588001 -6.72864284953126 -6.93255401743185
-9999 -9999 -9999 -9999 -9999 -9999 -13.5896361329766 -9.35729653354283 -3.46678930851421 -0.261952104582259 -0.663112247781167 -5.2422624064757 -32.4820979350322 -44.0861382881693 -23.2313813780367 -12.4813335570841 -11.1142668714641 -12.7284584155099 -11.7037154659545 -12.0273099954308 -11.9821325437683 -10.4256512946404 -9.60187620889446 -9.19803794715629 -9.53239918976716 -10.2880048713884 -10.1469510535874 -10.5234442571263 -10.8993625046033 -11.4324473587555 -12.4032126792783 -12.7371425184079 -13.5662035916227 -13.9023951741875 -14.3170273720925 -14.5211738747909 -12.9023945952141 -11.3390584244219 -10.0078135602127 -8.64232490450515 -9.36708142851487 -9.61857831385147 -8.07705674350534 -7.15042443897212 -6.05773654843602 -4.74972894354119 -4.4988854068227 -3.69512507164958 -3.44592852577714 -3.37892412244315 -3.35564071213787 -3.47947642746356 -2.7770525172439 -2.76636811567997 -3.3809283121284 -3.93825911011681
-9999 -9999 -9999 -9999 -9999 -9999 -9999 -14.04280429852 -7.14279583279317 -0.27534922363181 -0.323851614816039 -4.45673060206674 -23.7720295347404 -34.6852403079529 -21.2564124927629 -10.4186062295638 -8.78959951776698 -9.7485591309638 -11.2665357601482 -12.0471381310822 -11.424019248952 -9.82017978792607 -8.50209827051123 -8.03473410477691 -8.61717240726582 -9.41410036329152 -9.60631292492314 -9.5457706899281 -9.61508527524933 -9.7138143982139 -9.9772112763622 -10.0713575703305 -10.293948381382 -9.97953126219427 -9.50120693535614 -9.03038234972465 -8.12958980266507 -7.34883647188335 -6.44565924906678 -5.25544614114349 -4.65980379090812 -3.78498812078719 -3.34019677630471 -2.83319203223144 -2.20026678697507 -1.90588451840394 -1.85614796604947 -2.0762790829159 -1.6563139380015 -1.48772255392833 -1.50149444541898 -1.61700797652045 -1.88007929731605 -2.12573857960816 -2.4893095139825 -3.04094175405713
-9999 -9999 -9999 -9999 -9999 -9999 -9999 -9999 -13.3724257346754 -1.34155479983009 -0.971404376287376 -3.27601222914721 -18.7133919395162 -24.8429794804921 -13.8739378234355 -7.86507399898197 -6.34925169544706 -7.38658764031084 -8.95421906257354 -11.1270915396845 -10.3168259231416 -9.07986802350974 -7.61254200449192 -7.12472985695614 -7.78743047788114 -8.67398440751159 -8.63140789675002 -8.8584024535078 -8.71650234870084 -8.33180648382741 -8.34468537819103 -8.21591670791772 -8.33717034756857 -7.86472795017567 -7.06081335378293 -6.13048722595979 -5.55234397951912 -4.64185666026635 -3.90350515963707 -3.12169344314739 -2.45397074138269 -2.15084493263436 -1.7908262803504 -1.60300775129486 -1.38880236909351 -1.28170556291665 -1.32757981809344 -2.02260806654346 -2.06561214803487 -1.88891780886934 -1.96694879927743 -1.73485764326234 -1.79857068379727 -1.97361409532859 -2.20061615638998 -2.44344741148715
-9999 -9999 -9999 -9999 -9999 -9999 -10.9615025413244 -15.227074752982 -12.4167351957934 -1.98529500013655 -0.84651403489242 -3.94109541271687 -10.0548812867668 -10.8799967535097 -4.92230146436344 -2.68106778555962 -3.65551925015535 -5.65948651295154 -7.71088501373912 -9.2940765782744 -10.1030571409787 -9.39729230753675 -8.53952190584656 -7.89383318001227 -7.8073660204142 -7.66630746813716 -7.55640600464577 -7.2040993974664 -6.85759101207084 -6.6797202850506 -6.90126640475544 -7.13931364616535 -7.12276492023843 -6.81657076833885 -6.38677580535359 -5.7349814909034 -4.77528660854184 -3.77976484825027 -3.12668889790805 -2.28916124168386 -1.7973157971917 -1.40732472894124 -1.29896618949532 -1.37456475674266 -1.40249473759228 -1.43377900738716 -1.76539144888007 -2.50230088463527 -2.97976753465973 -3.03498442172792 -2.76278931542073 -2.76567682613663 -2.7900482828985 -2.8854914427047 -3.28033101840616 -3.83034606133892
-9999 -9999 -9999 -9999 -9999 -4.49723074199525 -11.684666583805 -19.0821776474597 -9.23982848295854 -3.38211202325504 -2.41494444666402 -3.66892642272741 -4.10881236781617 -2.69376265995546 -1.77516699757493 -2.7192500950033 -3.67328951947686 -4.0690153768918 -6.12039880800652 -7.52721289773853 -7.96554762148944 -7.80085718791877 -8.26338640570347 -7.4756167642519 -6.19587674579412 -5.38071656861089 -4.81402804681601 -4.25394740004441 -3.82906225975064 -3.70471635784632 -3.71050315815126 -3.93793698788733 -4.2478452434345 -4.5675506017691 -5.40550281062789 -5.88674361825345 -4.73415063603431 -3.7070066722279 -3.0585786526015 -2.18085533883175 -1.84402454292078 -1.62723449259926 -1.53040673408609 -1.49496358051916 -1.5423378499619 -1.73378745873622 -2.03202928377587 -3.02684116206072 -3.5113465995336 -3.68908919986653 -3.71400173082764 -3.95217215022886 -4.4438132359755 -4.75468379107261 -5.57775681202546 -5.80329022609751
-9999 -9999 -9999 -9999 -9999 -4.74455438211827 -11.9399675854887 -18.122406619925 -7.7746357886943 -4.13459862051764 -3.53945682537248 -3.07029728529411 -2.14067284311094 -2.05338869786838 -3.10888984939701 -1.39361357484128 -2.77524958223594 -4.14548834696107 -4.70980027117173 -4.753489442435 -5.22906653127217 -5.23215374238808 -5.18684311033728 -4.71274243314751 -4.03751350400943 -3.56307860649109 -3.0170187338483 -2.63096972730296 -2.45570209038309 -2.31017168383509 -2.31596503193897 -2.38489086862252 -2.52473877530667 -2.58838378384707 -2.86175280439617 -3.30053125217383 -3.84476985595738 -3.64833325862601 -3.15161118162188 -2.57030242817247 -2.23009482872116 -1.98811181678714 -1.86619264073918 -1.86988928731709 -2.14245680625931 -2.53407719798506 -3.08843397644517 -3.72610197203257 -4.14459968486096 -4.77244597601838 -5.23687563479645 -5.67680295578741 -6.16603922298918 -6.60338948745721 -6.83325055537138 -6.37891750845964
-9999 -9999 -9999 -9999 -9999 -9999 -11.7511724005144 -12.8539317418941 -5.44076893348123 -4.84943119244655 -4.49485016283163 -4.60244734458112 -3.58476829479088 -3.50119621598557 -3.78333634607033 -1.12038779860427 -2.58416083761576 -4.47475776307276 -4.29490032924777 -4.43737142946333 -3.35887908982545 -3.70637794190515 -3.35569495130608 -3.09872615567891 -2.99974298543492 -2.37274100008891 -2.53148527989866 -2.23907006709657 -2.49716295831829 -2.1080817039527 -2.31244311101836 -1.89281797995928 -1.88140048030303 -1.65655186452539 -1.56537107961258 -1.7684424521997 -2.14091090989423 -2.92594295555523 -2.8140608846846 -2.69467029719622 -2.32013086433882 -2.24552113757232 -2.24203921697469 -2.46304879191372 -3.06654537545543 -3.62484186578523 -4.2897164948133 -4.91962449375314 -5.0317905931111 -5.27240405816126 -5.91542517187093 -6.09539695301099 -6.27948558494414 -6.24138157332403 -5.97829184934896 -5.90456207683658
-9999 -9999 -9999 -9999 -9999 -9999 -12.4165533305937 -11.3069373858709 -3.32208866548593 -3.33032780113648 -4.28601042515806 -7.36609462039057 -6.72688019733712 -4.7133641867053 -3.21187189573643 -2.07158472647301 -2.63523545663916 -3.7404794276 -2.95782343818942 -2.87402821057772 -1.9555026404289 -1.40516934156941 -0.905468771121624 -0.56879780048314 -0.474658498102874 -0.381039839087966 -0.209529743988884 0.0268472011322034 -0.0873737147192448 -0.516793933470798 -1.12939293354811 -1.38478190903703 -1.65859067006541 -1.81691582281146 -1.5895483523407 -1.54639240145424 -1.75632758535792 -1.72561391236928 -1.7742458523192 -2.04427452492925 -2.41676643422229 -2.72548919162415 -2.82535050217254 -3.12818182404622 -3.68040603439722 -3.73125167687026 -3.8138616469379 -3.88170393216147 -3.7896930159224 -3.7546207416775 -3.93725982229474 -4.27688984044169 -4.50314349654224 -4.56086047823999 -4.24973506054818 -4.06630963128588
-9999 -9999 -9999 -9999 -9999 -9999 -12.7275572594052 -16.7175210019571 -5.01700964952711 -4.30296997394974 -4.32915696755757 -7.23309362795459 -15.1535000698417 -14.0901298778856 -10.1503790777297 -5.6985396355081 -2.26821915449478 -4.57953162211335 -3.13143140641869 -2.35875940313944 -1.37064516463794 -0.610504798691275 -0.341337744208627 -0.00213045477626395 0.246552663086888 0.312765154099759 0.457928010243145 0.628247731654283 0.602822500757675 0.261913504581821 -0.0767742038415433 -0.462128791973835 -0.568839713809536 -0.938564160933022 -1.36782440352613 -1.26287274158907 -1.17291554220145 -1.25403703485244 -1.32757074076788 -1.59030937770485 -1.92408437000035 -2.28085328753175 -2.77002062104311 -3.151492519017 -3.72793566750059 -3.4870758537999 -3.36559102198706 -2.82730009449818 -2.53897061493849 -2.70175155297795 -2.53810370715587 -3.28158335416054 -3.2670494301216 -3.28881320750253 -3.076110366295 -3.05237593644704
-9999 -9999 -9999 -9999 -9999 -9999 -9999 -9999 -26.0963395277032 -10.0551013711317 -3.20756203470517 -8.53120258614029 -20.6504808722789 -19.8217661088841 -14.8496666601066 -10.1247132644421 -3.43684366235188 -3.93817746566342 -5.48595695494912 -2.02494941998135 -0.793259832080248 -0.384621347159988 -0.685348472509631 -0.31785354919819 0.230516726355321 0.401570782098895 0.527005059541921 0.599095882689238 0.642561027112951 0.586042022967212 0.424113636388695 0.322179008219357 0.269842311153851 0.0955088402592292 -0.20568782508415 -0.593461096399122 -0.75981147641377 -0.975053008568779 -1.38022554692967 -1.49341318120925 -1.68693879866066 -2.02804804368092 -2.41497076263229 -2.73662387869575 -2.75176475013446 -2.47868475433909 -2.28403166551183 -2.00993944852238 -1.75938231150798 -1.89796127529203 -2.32888808172436 -3.00290713912614 -2.7788460473028 -2.78812398068678 -2.75094701129701 -2.84384519984907
-9999 -9999 -9999 -9999 -9999 -9999 -9999 -9999 -26.5548669618351 -20.6933831654258 -2.85851430435759 -10.6783233486022 -28.7039257833932 -24.5160068184005 -15.8376444895886 -11.5420275145336 -4.23117937072722 -3.75126932718257 -5.60920958409222 -2.2609520983184 -0.53543349950466 -0.342629212094217 -1.24717580311289 -1.0672331798853 -0.130186353526986 0.181218005995937 0.360444877142445 0.369142287200891 0.500633795318056 0.503620227264875 0.461059876149308 0.390142631484158 0.387105530400297 0.277363942449746 0.0451499108079199 -0.152712025972987 -0.50666749179312 -0.603454103858331 -1.04140802725588 -1.59975780482139 -1.69560030895321 -1.79916658823563 -1.87928483465987 -1.98364719434904 -2.19008076317245 -1.79157001522275 -1.66499031952735 -1.39660302394176 -1.37496791919903 -1.87021643198328 -2.24138286052544 -2.88884155040771 -2.63105466541339 -2.61908759847444 -2.66118103861452 -3.03997708220937
-9999 -9999 -9999 -9999 -9999 -9999 -9999 -9999 -9999 -31.7941691081101 -5.27871586438419 -13.3993085895881 -41.5840238098679 -29.8881784850934 -15.7490419232004 -10.1439396164717 -4.77898701304521 -2.67420280686573 -5.46315167812196 -1.42081611721957 -0.329420721039803 -0.635086616873805 -1.40507734750782 -1.22434074617082 -0.82338339363712 -0.350197425773175 -0.191583213026222 -0.0419170045119244 0.141230311201283 0.304828068757388 0.329556163856521 0.33002067754555 0.262881255292466 0.203542496542354 0.0933906847830785 -0.105980635936112 -0.233843216599751 -0.476819938762349 -0.774274555909608 -1.00934153152302 -1.31627164173771 -1.30839667902153 -1.31252415976386 -1.36979069536759 -1.50790928576882 -1.65389905885543 -1.38464722543034 -1.22395976220657 -1.39665939270017 -1.88715320624867 -2.627397147699 -3.2637397436465 -3.43136213421757 -3.31383947104404 -3.12432991389491 -3.28609171864917
-9999 -9999 -9999 -9999 -9999 -9999 -9999 -9999 -9999 -9999 -26.2852376265258 -30.6645247370704 -46.7669152857491 -32.2414832796035 -16.7626692486003 -8.46687654970553 -5.64681293217686 -2.22251475271795 -2.98098045249711 -0.822564742719823 -0.238736238311251 -0.315452031623889 -1.20896355564618 -1.32636407413394 -0.892608278268616 -0.670900249734738 -0.549654460304577 -0.493460581933349 -0.254284757861114 -0.0166185629513538 0.0688047205523609 0.126514567928186 0.0379207894639104 -0.050766429970152 -0.145368368438132 -0.35070034185746 -0.471387397398888 -0.555608626502211 -0.749924904774549 -1.0070192219091 -1.2941170550037 -1.10438790261634 -1.04113725804486 -0.983537021394359 -1.01079175907811 -1.07657580327592 -1.27292901098687 -1.38195336513981 -1.63982705387004 -2.40807179021926 -3.26509929611906 -3.95219763306643 -4.24402515570117 -3.962086794497 -3.21299722414722 -3.29127419310665
-9999 -9999 -9999 -9999 -9999 -9999 -9999 -9999 -9999 -9999 -9999 -59.7664010634614 -46.3546430646292 -31.9574839734451 -16.8712586684404 -7.39096966973717 -3.11183701781802 -2.8900925105863 -0.600783068362978 -1.07502407718102 -0.1883953904018 -0.197826993825408 -0.722473891471307 -0.917120046122409 -0.847494549493391 -0.906343009265384 -0.754483948388723 -0.688281411522416 -0.487666346292266 -0.304428542887332 -0.258042928611796 -0.178441122250288 -0.255827682966048 -0.399912104927191 -0.54675579092559 -0.69270432638512 -0.74786311015697 -0.858361768170061 -0.96057387556254 -1.09617555600202 -1.30614419623304 -1.2339357631166 -1.00705969168413 -0.804755538821009 -0.70620239170634 -0.755155084968419 -1.04273473219315 -1.82497795708414 -2.12987252994802 -2.84415467789856 -3.75678899289595 -4.46903052834876 -4.09343787867279 -3.76885894508517 -3.38978661475426 -3.50052186244232
