meets/meet004/_saidas_enm/CCSM_Maha_0k_Aralia_warmingiana3.asc
NCOLS 154 
NROWS 168 
XLLCORNER -112 
YLLCORNER -55.5 
CELLSIZE 0.5 
NODATA_value -9999 
[rows 50 to 74 of 168, columns 56 to 111 of 154]
-9999 -9999 -9999 -9999 -9999 -9999 -9999 -9999 -9999 -9999 -9999 -9999 -9999 -469.267843713502 -261.853085122742 -119.550110953254 -62.7914273678985 -59.3976190479439 -61.0353453791608 -48.1476794538741 -31.7782306435035 -20.0605240597541 -20.9080774971734 -32.0472366277325 -44.8338257787865 -58.3469136285257 -77.5299317017526 -107.218497497506 -137.500998921855 -172.197792607705 -198.511424466291 -171.59096386646 -135.637740591152 -88.0490369454529 -40.6072439245509 -18.3856890002633 -7.16566522070516 -5.26089622350439 -4.20302224827385 -3.73393951203426 -3.34500253709267 -2.36481262465314 -2.36763277765297 -4.18543000968108 -10.7674875686822 -28.3129824155844 -25.6938259016712 -27.9993805974171 -30.6591459325952 -29.1001604425874 -31.5487346733844 -36.7905457723354 -28.4890573339538 -26.6018858336883 -27.6284523572784 -23.6640613205986
-9999 -9999 -9999 -9999 -9999 -9999 -9999 -9999 -9999 -9999 -9999 -9999 -9999 -210.467709164988 -151.995995777812 -96.9899657610314 -58.0587577120423 -48.2817032593342 -47.4988901577618 -43.8036993969241 -37.3313114264975 -36.4579780160888 -35.3381865461833 -45.2762231068564 -59.4848399553846 -78.571582104192 -102.443682937351 -134.835314202573 -173.938888337985 -216.831107531359 -240.771140518919 -220.734322893279 -175.530230564966 -117.121589202726 -61.2906788560627 -27.8768049939091 -12.093786983835 -5.54557435831168 -4.40975481531313 -3.13195676552994 -2.52778992572774 -2.42594908816442 -3.13072718564115 -4.95864376716565 -8.93668361345412 -13.8020602190576 -16.8853048769065 -17.36567440861 -20.5399025041207 -25.8776128898704 -31.6533569410519 -32.9823186523705 -27.9890465687416 -27.2619868078991 -25.5282596699072 -21.4930142100766
-9999 -9999 -9999 -9999 -9999 -9999 -9999 -9999 -9999 -9999 -9999 -197.660043537868 -133.653655149955 -103.364667076919 -103.571366091723 -88.3852089699654 -64.2212876114341 -44.2943373048008 -39.3534138968247 -48.623564724662 -48.976018022538 -54.6417128396774 -64.2038287328165 -77.7598549724262 -95.6968303983486 -115.405977428343 -148.49918669571 -187.501485261953 -231.169465582833 -277.256585398588 -301.639587010913 -264.397281927059 -205.198941223917 -136.666384539688 -74.2187661587319 -34.677512320748 -16.4177039390362 -8.82350375343813 -5.82610400184563 -4.51351714032851 -2.74227972636376 -3.20276604835491 -3.9356413074152 -5.2807065584897 -7.20077804296468 -8.3460328526865 -12.2436648058943 -12.7414507123391 -17.2060018280355 -28.3763585119805 -32.3330680690658 -28.104220279519 -28.3391816380105 -29.2715513561039 -24.4162548360133 -18.7611679951861
-9999 -9999 -9999 -9999 -9999 -9999 -9999 -9999 -9999 -9999 -180.859501116321 -116.516137239568 -80.5409730233329 -74.0790736541947 -75.2275693982344 -86.0293770299378 -87.0314784550122 -66.5082664701897 -58.4990937920724 -65.4059348174162 -70.8006745914532 -80.8960179697618 -95.3151760760535 -112.57779388592 -134.08585118381 -162.400827881922 -201.392856026765 -246.711033185644 -292.77997950996 -329.654548665531 -339.419460371658 -292.224964739497 -220.028424321808 -144.854582452427 -83.9233641585324 -41.4524499806053 -21.2225173608321 -12.7321600935061 -10.3625387759586 -9.53741863414106 -6.4587137835368 -6.02829212369555 -6.17091428946854 -7.39861717685051 -10.3622601397145 -13.0133708320274 -17.1763252125373 -21.288149733743 -29.4194627943844 -30.4170618620371 -26.0062057280869 -25.5913402964649 -29.4944070779708 -30.4506752099918 -20.3914353953474 -14.0861494230665
-9999 -9999 -9999 -9999 -9999 -9999 -9999 -9999 -9999 -9999 -91.9711970304688 -57.5014911413011 -69.1051452067807 -59.0705254101678 -57.7149317580184 -73.6282202896333 -102.018586290216 -106.310036000188 -96.4177891177211 -99.6175578915423 -105.369777636959 -118.759919636056 -135.545602679799 -154.641918563476 -183.052724372749 -217.099094834427 -261.361335151048 -309.661461134884 -322.638787854487 -313.235090972507 -334.361680011335 -305.145990050635 -232.490069484982 -154.828326028256 -92.5501739741561 -49.52369803349 -29.5566344108152 -19.6846308261672 -15.721384363223 -14.9166514308488 -13.4293306680171 -13.0704428549917 -12.8501789123818 -14.7143609167692 -18.7630742721693 -23.2041291229364 -32.7413879113033 -31.6120564485506 -25.3675749451361 -24.225803844311 -23.460694997546 -27.8389736904809 -32.0477228020786 -32.0673446062244 -19.4877153783829 -12.0488034037328
-9999 -9999 -9999 -9999 -9999 -9999 -9999 -9999 -153.459522121529 -78.7938957889901 -29.4720872307019 -30.8903295142204 -57.4955774595166 -56.6522313764458 -49.530695744312 -65.9845286796792 -102.155991054242 -131.734974478296 -139.022607167267 -145.097510495892 -152.698145263786 -164.958255268687 -175.534446978841 -195.625626968646 -231.545851979137 -239.25030055713 -249.360684805818 -247.736407090924 -252.005514849705 -259.455976316617 -257.327562713145 -250.888837851272 -235.31629058607 -165.80655351162 -105.257989611251 -64.5978836885115 -42.151523816065 -30.3822369908212 -24.9200290979355 -24.3135352294151 -24.6286864657308 -26.6072482276556 -26.4938890871275 -29.563141427083 -36.410668523514 -30.9053477595986 -26.1651382388463 -24.322246698192 -25.7324197480272 -29.8357307005792 -33.6823307013397 -36.818266338103 -40.0277510828044 -39.1049352569912 -22.7882017609489 -12.7947907223851
-9999 -9999 -9999 -9999 -9999 -9999 -9999 -9999 -100.829245551565 -35.6056446573535 -8.50006780056506 -21.132023402951 -48.3368696119109 -48.8095751947096 -44.2056842579923 -60.0828194427841 -89.3293345571458 -132.467059677965 -151.917726037384 -159.789012571535 -169.375876530694 -175.187718599656 -181.170351201361 -180.273990084991 -184.259172455754 -186.989343326689 -190.604216598717 -197.712076249841 -198.792175643518 -195.416827005159 -192.146344920313 -189.886221558416 -187.974012265347 -180.917577586924 -122.934969130687 -85.6778810012605 -64.3653840607962 -49.4812523780593 -42.7657286078479 -42.2832998950543 -43.8861226589205 -47.5742771141548 -48.9413123947195 -42.757585002863 -38.6141841505482 -36.0532606324415 -39.7355851945358 -44.2364281432306 -53.6170810266761 -59.9430650889797 -60.65054846286 -61.0675098425946 -58.4201125616154 -48.4804037642051 -27.9566280275267 -15.095832858035
-9999 -9999 -9999 -9999 -9999 -9999 -9999 -111.847567231045 -60.9073069735233 -19.8584277261676 -3.62360387898576 -14.7943705727458 -38.1855958168737 -45.4868271704733 -44.44656690339 -54.8799562735766 -79.9406686360941 -112.879736594742 -122.890536065961 -132.956241609592 -142.219326498635 -143.759286555556 -147.963918941454 -148.227734180711 -150.744042429264 -156.107081332377 -155.186211312776 -153.157177890089 -153.767802134874 -154.149491486456 -155.285546780713 -153.507309047337 -151.757527395457 -148.411630102987 -142.981532412162 -110.079572999262 -90.3057495225572 -78.582128747029 -71.6616044179384 -69.8480446775593 -66.4925643682891 -64.8412729867552 -63.2027215866904 -61.5556516379317 -64.5740406243325 -72.1611402696295 -85.2474259678571 -96.3124007321275 -104.986501498587 -109.868226178357 -108.18196226413 -100.678712144212 -87.3773957113266 -62.2427723692247 -34.4201109056845 -17.8538100178046
-9999 -9999 -9999 -9999 -9999 -9999 -9999 -83.2481098630195 -37.1214270079807 -8.11004353898646 -3.08526300715782 -13.3950374690247 -43.2792728489887 -56.7352590165405 -51.9515574156967 -51.7004313788712 -73.1416211248979 -92.1474909192414 -99.1496612527013 -103.765982790758 -109.58011373429 -113.62797650632 -119.266227726592 -117.477235169579 -114.569674064287 -117.322619789911 -116.212043019019 -119.961798870763 -119.332146844393 -115.223654909735 -116.672007018125 -117.755489869401 -122.244964968681 -124.734225475257 -126.900474985068 -135.092086069783 -116.044630021022 -102.24402493757 -96.2808779042587 -95.6233608819027 -94.3452503503895 -99.5478598960688 -104.968769369783 -115.78147843923 -135.174275745835 -148.158020530872 -162.72632702641 -166.629734688559 -166.712551542919 -154.995771234993 -146.588853502772 -128.025815308151 -112.64895428433 -78.9720733565717 -46.0732163936396 -24.1336452670344
-9999 -9999 -9999 -9999 -9999 -9999 -103.58814068362 -63.3196513125795 -23.0396322218585 -4.38114894874246 -0.610656759029898 -13.7200350970751 -63.8244520679904 -84.6232537272781 -62.3043352272027 -52.347334151812 -61.0325030159643 -72.3286316470494 -77.0485329047257 -81.0741034975288 -86.891787741537 -88.6665807540295 -89.2404937031013 -87.8989741993594 -89.6255279708729 -90.1469586927048 -91.4732189178262 -90.5366007540531 -89.432407516796 -92.3030666373548 -92.5467033957224 -95.7397740796157 -98.0397268086488 -100.633743044313 -106.848983013818 -111.755476370245 -119.555057865905 -124.398918535716 -131.11302422238 -135.714166876949 -136.908997693617 -140.82613454941 -140.692713464873 -142.575939834253 -146.063174262746 -146.8001708029 -149.034285458119 -146.311728455341 -144.345417346354 -140.506592544654 -132.833461782225 -118.852741456115 -102.920071714395 -86.5989098765692 -56.181591943832 -32.4834190553672
-9999 -9999 -9999 -9999 -9999 -9999 -82.5773360726098 -47.9145878183331 -16.8578618112909 -1.79839501219289 -1.37872128183317 -17.9595264169447 -72.0536685911184 -80.2515067499514 -58.7806819688643 -47.002208427931 -52.4493233809926 -59.5549157034438 -61.2555521267784 -62.4261658228045 -64.5054920476456 -65.3318285540758 -66.0850082309181 -65.4019157112973 -65.812489333414 -67.7865748095316 -67.1869764687275 -66.8328238850821 -66.7026542001554 -67.6647926594938 -70.1773402434722 -72.1522367407464 -75.6266743419297 -78.5622468680208 -82.2050258587888 -86.9756277385655 -90.4006839502794 -95.13487044602 -97.5430845434707 -98.7383167920231 -103.168505890517 -104.419948278369 -108.348877472902 -114.199809974063 -116.842437295303 -122.336859004699 -121.760016845069 -122.337091389324 -120.950637151323 -115.073079783208 -109.172200626947 -96.1360197493459 -83.9096153729885 -72.0384250006317 -65.3609689840506 -45.4683821031874
-9999 -9999 -9999 -9999 -9999 -9999 -73.9847481734072 -42.6463773931311 -14.940818677633 -1.18028636153069 -3.08731064060072 -19.3702984063815 -62.5648023086016 -65.7442666630165 -50.4528079501366 -43.7090267054193 -46.4696150023923 -49.4993394939929 -49.5415793396992 -50.2833502015492 -51.8681980465401 -51.4821263515081 -51.0037618557315 -50.4302669657766 -52.0418832201714 -52.6217885155093 -53.1501595831075 -52.0935094719899 -51.3460417529221 -53.8065744945444 -54.8808999701541 -57.6517250531867 -59.6916548858747 -62.2257928760465 -66.1392553708162 -68.8636839714232 -71.8452594440914 -73.2931583749951 -75.6163489390535 -79.1400272635466 -81.9937023696462 -87.8407612545051 -90.5049488197649 -95.1342088125119 -99.9482956391356 -102.760841643868 -104.004728708547 -101.589374700453 -98.7141947949972 -94.7990579585627 -87.4464681619312 -78.2137847780813 -67.3107491376824 -59.1400149041606 -56.8265397780578 -54.2016573112668
-9999 -9999 -9999 -9999 -9999 -9999 -9999 -35.9765875093759 -13.1247678001511 -0.915209352002142 -3.58594623645477 -15.9096856679484 -48.2677590961121 -49.6090800971858 -41.7871834174576 -39.8907596260125 -41.3227352063763 -40.6440213270908 -40.0535407841756 -39.2309193071784 -38.8593698559619 -38.2964554350272 -38.2887348174612 -38.0482468037504 -38.0471957230871 -38.7563454949184 -38.383773931715 -38.4039239001494 -38.0933793916592 -38.8270536522537 -40.7490991644741 -42.2699741399075 -44.7600792409274 -46.3250584247764 -47.7482891914343 -50.331897892059 -51.7839614117303 -53.9984713069968 -55.9750962283126 -57.9646204075673 -63.333020910056 -66.6932774004416 -71.6450534932775 -75.9557282653283 -77.5603996900813 -80.2833791697788 -78.1284024027537 -76.3864136661548 -73.0626505309782 -67.9851188814412 -62.6279769645208 -55.1906643827437 -49.945512119111 -46.0957684216128 -44.037822593547 -44.1891155843774
-9999 -9999 -9999 -9999 -9999 -9999 -9999 -9999 -11.5945485945443 -1.26527394833433 -2.1191135864735 -13.7754491930905 -39.4894746530913 -37.2626611425868 -34.4002675573787 -36.1693734564444 -36.3591443349305 -34.7189057247328 -33.6408750066086 -32.5101775957829 -31.4643429258316 -30.8349264871128 -30.2700252023689 -29.9642643411389 -29.965882846188 -29.5859341957734 -29.5549789112677 -29.1299870803005 -28.9563131585207 -29.9705466848683 -30.7964940921833 -32.6998497187427 -34.0986731028815 -35.478667046566 -37.2253509017137 -38.506794304243 -40.1097616186711 -41.3544682983464 -43.2814319581031 -47.2855842293002 -50.9840198452648 -55.0932309318664 -58.3773626215876 -64.095474737009 -69.260164470473 -74.2241508891267 -74.051466948033 -72.063906707858 -69.2589002685039 -65.094293576306 -59.2673458064002 -51.6160045548839 -44.8270661901372 -38.3406689417018 -34.5547186866268 -32.8883998854766
-9999 -9999 -9999 -9999 -9999 -9999 -30.429300988602 -18.9537165904115 -6.34667757946076 -3.8454886053896 -5.60525028453118 -16.4255345201955 -34.3499896136851 -32.7245084181778 -29.8707517209448 -30.0395050088464 -31.7202807529701 -31.2102359022285 -29.7569832628252 -27.7081906951342 -25.9186503721522 -24.7123565079127 -23.9862603329107 -23.4397077218183 -22.8070002655095 -22.5088222928845 -22.1737268493344 -22.1038048349649 -22.0869196078624 -22.4632157820562 -23.2716177680664 -24.2177550251867 -25.4469317028405 -26.273321941754 -27.0763964397798 -28.3825284583369 -29.2819138140651 -31.0187968231433 -32.4922313087417 -35.5254957043007 -41.7610900074504 -48.0707248847861 -54.748298131061 -60.8307831102658 -65.1650279500662 -68.7129180755574 -67.6498622694037 -65.372898285749 -62.2781158027422 -57.9256471875958 -53.3336313839116 -46.434999536417 -39.7867094697617 -32.7871357328497 -27.8108997870687 -24.8304664731807
-9999 -9999 -9999 -9999 -9999 -42.4848763218226 -18.311053934564 -11.7759267953735 -7.23978201585383 -8.22963047915693 -9.77432680836072 -20.3839650043722 -32.7036043452091 -30.1453232329687 -27.7265078543399 -26.5106931902705 -29.7626405802181 -28.7480764051698 -27.4798038382634 -25.6832708822794 -23.3765939823609 -22.2777135583085 -20.452508018703 -19.4458221647673 -18.6688760179453 -17.5078257399776 -17.2091125923192 -16.5239026143481 -16.1549398620122 -16.6852675029178 -16.8452392342701 -17.5326083630992 -18.2628677550282 -18.9374176381774 -20.2378301820516 -20.9204281667076 -22.4740125545457 -24.4318466106049 -27.0413974056838 -30.9457192737072 -37.6494745768098 -44.3415620104415 -51.0527780459903 -56.5206791879374 -60.35445915424 -64.0089918947897 -61.7431662067509 -58.3124336032606 -55.2590514095338 -52.2535501620669 -48.9072009845693 -42.28873074165 -35.1378264560202 -28.5851285822676 -23.7738372482457 -19.8291522932132
-9999 -9999 -9999 -9999 -9999 -19.0984250185602 -13.3764621419304 -8.28179279079137 -9.00217203814965 -10.9079610708355 -15.8352813497242 -23.8186505453741 -29.3273180468245 -26.1907608335906 -25.1242507302515 -26.8056320767947 -28.4130481454663 -26.4332837156163 -24.7554229297911 -21.5072789335492 -19.6050994831327 -18.3005256364999 -16.9820110236274 -15.7459307849914 -14.3601350524751 -13.6562741256573 -13.0607553153947 -12.6749656003623 -12.439367271808 -12.3540542184994 -12.6043482706965 -12.9311611318251 -13.5630612473497 -14.1024329222736 -14.7958312504507 -16.0612482383055 -17.6316426448067 -20.3006913559193 -23.0768362213818 -25.945332265004 -32.18473313772 -38.2916299815422 -45.1120612444298 -50.0510614235243 -52.4213215848626 -53.7018166031184 -52.0182682984496 -49.7296367917056 -47.3651528045284 -44.5421598826788 -41.7205378580326 -36.2942245698232 -30.8152529458752 -25.6400656925952 -21.7302647440611 -19.1249555461675
-9999 -9999 -9999 -9999 -9999 -9999 -7.5443527984883 -7.04638021259172 -9.21346233014178 -17.3709376578479 -20.548913582979 -27.147609192143 -28.9316562172221 -24.1683382352978 -25.331466532487 -28.5710385370375 -28.5927491799656 -24.7613679860665 -22.4890172452946 -19.157935299685 -17.5008711787951 -15.9087141865077 -14.7244255035851 -13.275055693701 -11.864885569323 -11.1842857012928 -10.273971368274 -9.54782300954094 -9.12462892875159 -9.11840289623759 -9.44434308469355 -10.1317118945657 -10.6132638026051 -10.8420794441592 -11.2098959003644 -12.4738753824345 -14.0039058112467 -16.7573639146422 -19.3697224575628 -21.4064025310326 -26.619895055113 -31.5600859225065 -37.6326488108654 -41.6844876182645 -42.5857061131553 -44.1120837853112 -42.3157858329175 -40.7118304322414 -38.8277781212112 -36.5115676308455 -34.7227912284568 -31.0709092110844 -27.1830831904621 -23.5592579589669 -21.090101951712 -19.6163772850756
-9999 -9999 -9999 -9999 -9999 -9999 -9.31335222836753 -7.58567441599192 -10.6412749517488 -17.7586366157812 -25.1301739329972 -31.011626931419 -38.1082910830076 -37.8536654880809 -31.4122267258397 -30.2350463599092 -26.6485876069614 -24.7840262824435 -21.2976421999033 -17.2441895170812 -13.4205169889715 -12.0908501272575 -10.7711270354418 -9.50153436989066 -8.32175824186159 -7.34193198015567 -6.3739332190068 -5.52778177368412 -5.23534893709284 -5.43364269137504 -5.96882894539178 -6.41529955681004 -7.14789468132258 -8.14543134939742 -9.51840591853882 -10.6411686621598 -12.2796211072003 -14.6495272990839 -16.7366200795196 -18.30566675165 -20.5211612016025 -24.8192402467383 -29.3684736317844 -32.4212719759676 -33.3753324641944 -33.9806389874716 -33.2803438714039 -32.2939897221581 -31.1476710035485 -29.737808109177 -28.5423624922953 -26.8424099315004 -25.1433707715725 -22.9316565117007 -21.7601199774006 -21.4258659343596
-9999 -9999 -9999 -9999 -9999 -9999 -11.5454820922728 -10.2644851501421 -13.2580724277043 -19.3145715959994 -29.2742958414756 -39.8518480316237 -51.0692287612806 -50.9143491832671 -40.9007238608931 -32.9216223068155 -28.4966991106976 -26.132365196172 -20.1229526214552 -16.2453356438797 -11.0597072243931 -9.08219741271114 -8.14680918546378 -6.97704612594464 -5.58999597760381 -4.71695192571223 -3.70525410727191 -3.02169785780221 -2.69222857380175 -2.71267344271274 -3.26232365775285 -3.30268323051114 -3.89769499751784 -4.59009240045405 -5.56882733104236 -7.40063520646055 -8.64777899998179 -10.9284729716766 -13.0102214143061 -14.7053517841756 -16.5541999893819 -18.1302068362804 -21.7012265349792 -23.9673201542278 -24.2265668129004 -25.3032330970891 -24.6211737188357 -24.5585397967925 -24.0374830242509 -23.0301978925859 -23.0434201045221 -21.67387868493 -21.9339275096619 -21.6407858844227 -21.4565027298678 -23.048664973951
-9999 -9999 -9999 -9999 -9999 -9999 -9999 -9999 -27.0995854250606 -23.2997941966681 -22.1140856388651 -38.1931226287807 -67.4575397360517 -64.4201900248033 -48.4460383558953 -35.2521632342237 -29.1119366842712 -31.7230600171575 -23.9092703343603 -15.37870544582 -9.2308161540226 -7.70724993686763 -7.8488797613802 -6.66619557236835 -4.72955429529351 -3.24772274679513 -2.55223847381853 -2.03442667426845 -1.66209618550637 -1.41652834086537 -1.42969602339865 -1.56358549709478 -1.78656736840651 -2.27707051595418 -3.07890740749024 -4.32903780575803 -5.57988145175854 -7.11389788800778 -8.74658880442537 -10.346586696252 -12.1240505953741 -13.4663476532505 -14.9985434635566 -16.7507382801209 -17.8046143731121 -18.3170066198564 -18.3413659226959 -18.2182494217527 -18.1212232039059 -18.0230465127459 -17.9442427080198 -17.7906692864311 -18.2897520772128 -19.2472521878408 -20.6190318995716 -22.7810574436596
-9999 -9999 -9999 -9999 -9999 -9999 -9999 -9999 -19.1894826366181 -22.5959192494352 -17.1035647307626 -38.6640510744473 -83.1797443253547 -80.2248689316258 -57.3998562092876 -37.952706301003 -26.3374252816148 -30.6463635471886 -24.0574497749275 -13.6160385199164 -8.18594157698043 -6.84980549466669 -6.37648642498945 -5.30312978777931 -4.10917200872435 -2.8608791492342 -2.27353461540571 -1.9510749645853 -1.56019438837021 -0.884902540817219 -0.696865300392044 -0.616875080918818 -0.839989278023087 -1.03499925539936 -1.30421400619542 -2.24554195588714 -2.92605949657539 -4.09641508861182 -5.18487517403025 -6.19876387128088 -7.75566567789562 -8.58872043091758 -9.8599949836454 -10.9130138142027 -11.763007541477 -12.8262021269348 -13.0026838621409 -13.6073453979221 -14.2302006716709 -14.6781523229052 -15.4786791225831 -15.5196673757502 -16.2876924865118 -17.2942298631512 -18.6454646752815 -21.1344224705992
-9999 -9999 -9999 -9999 -9999 -9999 -9999 -9999 -9999 -21.9623103422059 -14.5798598879204 -41.3417750921385 -102.551804708493 -97.1369917256067 -66.1119347843537 -38.0987542491684 -21.3006446651544 -22.5453022063869 -18.3987003443387 -12.1238217289553 -7.10008589036685 -5.7492031425597 -5.673947868773 -4.55958350419104 -3.29643462127223 -2.40902529243004 -1.92992732472394 -1.54207998811314 -1.20179387509497 -0.866143113233445 -0.712820713453817 -0.606260432694252 -0.614690050232302 -0.64858609212094 -0.72794730526241 -1.13720986003125 -1.54383056652535 -2.05931821987264 -2.70570365584176 -3.4549172907533 -4.33407010473696 -5.1074347997196 -5.89791500035998 -6.86086705448556 -8.05346739944718 -9.26801201515748 -10.0038964624179 -10.8887365279468 -11.9786991366017 -13.2469921604649 -14.3204800174315 -14.8615940314593 -15.2360836917293 -15.8737586369281 -16.9696489672032 -18.7516877039906
-9999 -9999 -9999 -9999 -9999 -9999 -9999 -9999 -9999 -9999 -17.3989157499732 -48.4883536950327 -103.587118716164 -98.2683402776463 -66.4831209334034 -36.7378935269925 -14.5010235510385 -13.219594410736 -12.1472455004879 -8.78232193830286 -6.17522074699294 -5.04062348337216 -4.80713629681469 -4.05634977605984 -2.63059993850837 -1.78233614319479 -1.45202957925559 -1.29050606962731 -1.01799250601364 -0.585010875146871 -0.343522022077874 -0.343384939391476 -0.563614885700452 -0.846852091963761 -0.582363857445407 -0.664896780255578 -0.736969037161332 -0.993884365305641 -1.19404690129547 -1.39180375410976 -1.84749191214413 -2.30476236215354 -2.9662706416355 -3.82372960349967 -4.87234315841057 -6.19058121055373 -7.0964952572754 -8.42617751226688 -9.86006425649482 -11.2502854079688 -12.7911474929551 -13.7113845925775 -14.4970111893515 -14.6213771081397 -14.5173961484614 -15.4350120120699
-9999 -9999 -9999 -9999 -9999 -9999 -9999 -9999 -9999 -9999 -9999 -59.8666891517434 -89.1009088813334 -82.2257881549471 -59.1708780125737 -33.9277847356579 -9.30088561999291 -5.38183605399201 -7.09655222848621 -6.65962700873296 -5.87914225167518 -4.70116131379807 -3.95797959027267 -3.29179904445316 -2.35545749926184 -1.65798643880282 -1.39293719074131 -1.19437309410127 -0.971501806670501 -0.657145239327536 -0.464544015668745 -0.421557066916012 -0.450719283506136 -0.479374248453592 -0.540895928909001 -0.944229348681291 -0.703168739151271 -0.570932647617396 -0.480204864478095 -0.456381022780935 -0.582964133468497 -0.746299293435524 -1.0292664349225 -1.65885376156553 -2.74394112088711 -4.029823013619 -4.90836374824894 -5.96567960775179 -7.38651876999877 -9.10469213929069 -10.9907431310607 -12.1584660426544 -13.0287605872122 -13.1325231715476 -12.3968368141205 -12.069406459558
