meets/meet004/_saidas_enm/CCSM_Gower_6k_Aralia_warmingiana4.asc
NCOLS 154 
NROWS 168 
XLLCORNER -112 
YLLCORNER -55.5 
CELLSIZE 0.5 
NODATA_value -9999 
[rows 54 to 80 of 168, columns 60 to 119 of 154]
-9999 -9999 -9999 -9999 -9999 -9999 0 0 0 0 0 0 0 0 0 0 0 0 0 0 0 0 0 0 0 0 0 0 0 0 0 0 0 0 0 0 0 0 0 0 0 0.106530513058507 0.294785676162482 0.528219093403985 0.513201966627328 0.439122218660523 0.385187974754664 0.30643409678068 0.231881529731126 0.174627978120124 0.109519474286215 0.291433659302207 0.46924078669085 0.591631433895986 0.654121565626935 0.647766837187096 0.643864819099956 0.654664677299359 0.647273610295179 0.543150384036147
-9999 -9999 -9999 -9999 0 0 0 0 0 0 0 0 0 0 0 0 0 0 0 0 0 0 0 0 0 0 0 0 0 0 0 0 0 0 0 0 0 0 0 0 0.142230117920234 0.374672145824217 0.489226125455496 0.410376776883474 0.338009660945782 0.26656481880531 0.197261696509097 0.136017467436567 0.0704396617655967 0.0206133292136449 0 0.206985881681714 0.430334567481084 0.576279199133774 0.645491040016995 0.676185587826572 0.676695110976801 0.685848749755741 0.632958522597879 0.54127808398787
-9999 -9999 -9999 -9999 0 0 0 0 0 0 0 0 0 0 0 0 0 0 0 0 0 0 0 0 0 0 0 0 0 0 0 0 0 0 0 0 0 0 0.0124986101663022 0.148628289561496 0.314312043867036 0.32463099556042 0.229510758014116 0.147032487163182 0.0700446745361399 0 0 0 0 0 0 0.0973578378514084 0.352083438842498 0.535495985334118 0.625167917741919 0.676255997549202 0.701634338419499 0.703888950135185 0.649129754662274 0.522731015506964
-9999 -9999 -9999 0 0 0 0 0.141858659594023 0.184412942120807 0 0 0 0 0 0 0 0 0 0 0 0 0 0 0 0 0 0 0 0 0 0 0 0 0 0 0 0 0 0.080892801241797 0.130999195406652 0.057432314916174 0 0 0 0 0 0 0 0 0 0 0 0.26096908155398 0.481464465077362 0.578236555785475 0.647094403126259 0.681232908277979 0.688853395409273 0.644597993522849 0.516305328434131
-9999 -9999 -9999 0 0 0 0.268236218804184 0.31319808578888 0.285942800116166 0.0988882436974993 0 0 0 0 0 0 0 0 0 0 0 0 0 0 0 0 0 0 0 0 0 0 0 0 0 0 0 0 0 0 0 0 0 0 0 0 0 0 0 0 0 0 0.149216963357021 0.395448025504342 0.511728695825098 0.580595940890868 0.626869000224221 0.643154616654895 0.628266137485388 0.519882751438866
-9999 -9999 0 0 0 0.149163687588099 0.452244994996037 0.379900077822746 0.151424857970279 0.0238816608272144 0 0 0 0 0 0 0 0 0 0 0 0 0 0 0 0 0 0 0 0 0 0 0 0 0 0 0 0 0 0 0 0 0 0 0 0 0 0 0 0 0 0 0.0184317373767228 0.270611995728784 0.404685939341366 0.502916565315884 0.546784740227392 0.573882732132603 0.502298192180576 0.417090036284612
-9999 -9999 0 0 0.124154531610634 0.421452995607813 0.582653326286339 0.416737404089894 0.139652422262586 0.0613793574520716 0 0 0 0 0 0 0 0 0 0 0 0 0 0 0 0 0 0 0 0 0 0 0 0 0 0 0 0 0 0 0 0 0 0 0 0 0 0 0 0 0 0 0 0.0960133881923813 0.23468096778629 0.341807086493929 0.408611838617176 0.43426282191107 0.364431073347138 0.263756165726851
-9999 -9999 0 0.0556420624455499 0.40744111288647 0.562803822957695 0.659948637349478 0.497032019319936 0.220137977911713 0.26685167651101 0.0864484170163105 0 0 0 0 0 0 0 0 0 0 0 0 0 0 0 0 0 0 0 0 0 0 0 0 0 0 0 0 0 0 0 0 0 0 0 0 0 0 0.00325654180274293 0 0 0 0 0.0383449133555905 0.152324094427915 0.214365848187756 0.252970590157481 0.255179576395454 0.142205684207069
-9999 -9999 -9999 0.121401286662617 0.482282685690944 0.678089887700686 0.652831480184237 0.543607723860899 0.346844038894247 0.371312175238544 0.233635473238218 0.120917774146568 0.0623330069847428 0 0 0 0 0 0 0 0 0 0 0 0 0 0 0 0 0 0 0 0 0 0 0 0 0 0 0 0.0252138784948817 0.0615453230445568 0.103528919473481 0.122748662116099 0.136661866705242 0.156705941587687 0.165664584501151 0.179021023371453 0.178694836537849 0.179734986542224 0.177214058597521 0.156970199581621 0.13496238664345 0.0978346050828403 0.0680593038035421 0.0304301531436866 0 0 0 0.00519907135173359
-9999 -9999 -9999 -9999 0.46345520725914 0.708862378784112 0.65484211839918 0.569107441619275 0.404284586801532 0.390344905981763 0.273515694803063 0.182736668917625 0.148707365357161 0.0920652974123798 0.0640288391833768 0.0369157993376721 0.00562239314618995 0 0 0 0 0 0 0 0 0 0 0 0 0 0 0 0 0 0 0 0 0.0324076343117786 0.0941331268191684 0.141222289491734 0.184820956125641 0.231986554256484 0.25029687613025 0.280283074800534 0.238550102986991 0.196257217060134 0.20099028819086 0.247921608839857 0.314887081976041 0.330459687049742 0.317167213035757 0.318274975759607 0.284345776350938 0.267606156486062 0.23620611392271 0.200030254978453 0.176845539584471 0.141489516676611 0.0646983209071497 0
-9999 -9999 0.075909192922648 0.348764006739848 0.62375168501645 0.672884604951923 0.638672911279965 0.566001533055556 0.393894593080053 0.423963161750241 0.340626196838852 0.259727111399502 0.213353693412273 0.175581088412853 0.155537692202625 0.143869195966451 0.130438951492706 0.13021473515949 0.12789367618227 0.133906372676036 0.146035687346576 0.147984918783696 0.152791445082355 0.150330070624568 0.149819709118466 0.144971783814657 0.131526947888278 0.1202856758118 0.101245866140333 0.0902880245478783 0.0849133647707668 0.0744038710107178 0.0822502549969039 0.0885214407707721 0.104310156027619 0.144051758792437 0.178407249186505 0.229176511947952 0.274536926819429 0.313870308246586 0.340587118560014 0.290190069114034 0.25889212539667 0.233679284765506 0.222387984665981 0.181582737122636 0.171201081410724 0.205522830191499 0.258599680791877 0.336677636178523 0.385799606799593 0.419078716741363 0.427415109749188 0.395877747042634 0.356193660917094 0.282517260555686 0.206594752501854 0.102097950844162 0 0
-9999 0.10870644835641 0.327250550212678 0.394233533168953 0.585350301156332 0.591442050946006 0.658972265411127 0.537081980673261 0.346614743631154 0.374890184774395 0.344142482421702 0.296669191275129 0.262912629111294 0.240627663407093 0.231795423193777 0.207062401974019 0.215865798618173 0.215762555607381 0.235097757360672 0.248974143982121 0.255589331735251 0.272901411613953 0.27608039710567 0.291255423011596 0.298767730599672 0.287104578907195 0.287947404964895 0.27532087806243 0.268384423849257 0.261312998699215 0.245470329001231 0.245018078803586 0.243744804893166 0.257926509177591 0.27134886408683 0.300132455591139 0.334481159263051 0.367000943653487 0.376143300013697 0.316561267527857 0.264707234341379 0.213537514521192 0.196111750602308 0.175481684811317 0.167752649066114 0.161191300925502 0.130961430339748 0.179535755773929 0.213316784634282 0.270035084185252 0.300021535247 0.319472514338519 0.326862632293829 0.322356036222943 0.299797533389689 0.228576473224785 0.158494078371568 0.0704621257827465 0 0
-9999 0.188884900085442 0.446041755613707 0.380015142354771 0.518281436701517 0.481533744037215 0.50607250619299 0.45286474884241 0.354505002084436 0.340820243882545 0.401584058554139 0.352516349575143 0.311844217181055 0.282600740416676 0.273089149315583 0.283197632630262 0.286202878034795 0.29397070571203 0.311520914704367 0.327180003568042 0.352921294703477 0.369657914406257 0.385278255664768 0.397315662766402 0.405602237052688 0.411947307877738 0.411396415905334 0.409199271163472 0.402339420730059 0.397653163496743 0.394736626206385 0.38944894823833 0.393201065683229 0.396237929941519 0.405306772255985 0.428488483448155 0.449868430326902 0.414425074916835 0.344262355510967 0.286519755280824 0.240438336759589 0.198360190297872 0.176453352786928 0.159290587000109 0.151772986206399 0.154892947298222 0.156346500466578 0.170378536766936 0.196170957570955 0.214564761905009 0.231577243044933 0.239122439209151 0.235901295092134 0.219056977289855 0.18966246635885 0.146052452944649 0.0889950729709077 0.0221419842457025 0 0
-9999 -9999 0.450555953993298 0.500764946203096 0.481321541693734 0.395129869197409 0.366339555963403 0.408132161316239 0.362134280838271 0.364561058522755 0.424043168072528 0.383105794931603 0.365397767717711 0.331806766563605 0.331213522213177 0.344830401546201 0.339102153544782 0.360294521617378 0.37970439885953 0.402862050852344 0.429255835499883 0.446018966509369 0.468462658024556 0.48493075244719 0.501209506747684 0.513662914332592 0.51516641971271 0.521039863171104 0.516288434553087 0.516679264915223 0.516459573063444 0.509901738498816 0.515075699820181 0.515285639798577 0.521013903958858 0.539578998574403 0.470950110395671 0.41120691058161 0.342971721327895 0.289597869871831 0.24684460850066 0.202598346896029 0.187814224313507 0.1690984739902 0.159695966879534 0.158301817668127 0.152912817519656 0.162109849242413 0.166100424840384 0.170284297587637 0.175732375149025 0.171913201781951 0.156441008716966 0.131889550087868 0.0968685633551518 0.0500398673828063 0 0 0 0
-9999 -9999 0.329602396099882 0.449700057311243 0.388678751195396 0.377963575100803 0.33899797189167 0.376456062971083 0.396830823149083 0.412864398646008 0.399019133759951 0.3810044471899 0.357663857008906 0.334208619196366 0.37527772970895 0.380178781312204 0.387310182772725 0.398688218073213 0.423486778291788 0.447355909030298 0.476180284156418 0.501718220049834 0.525064571196583 0.549041886864598 0.565959611056044 0.581208715919499 0.591437974610539 0.597775613705514 0.601350783529067 0.603138434422865 0.604224762415907 0.603393125023761 0.605020637552695 0.588496840973021 0.562188753187121 0.548686418723114 0.496191582843184 0.436344738445057 0.376323641589971 0.326401543450469 0.285662873682065 0.248980723378244 0.226155983519672 0.20604789776518 0.192420707852285 0.1699728926015 0.150882185896823 0.156561204212929 0.153909748862633 0.144129198131589 0.131927769028242 0.111584280512191 0.0895639521816957 0.0573157171841845 0.0188121428711472 0 0 0 0 0
-9999 -9999 0.0645375137712673 0.321737041386478 0.308814377259013 0.380829348988992 0.400182286094552 0.428254696704836 0.445509790603331 0.478436590383541 0.421206160317345 0.333171370806228 0.334581745124491 0.336588287126797 0.42355205930903 0.432699142274411 0.424054370448353 0.448016208619452 0.468620596091007 0.499862644031891 0.535933446133066 0.552100060622513 0.583675255826927 0.605524608228767 0.628329644222154 0.645793905859214 0.647096324543807 0.642903446482025 0.639669268740992 0.633047871649604 0.613959897959174 0.593391808456174 0.561232641571031 0.524669893899887 0.506661718918259 0.50337793281711 0.499984124694483 0.48059436849867 0.423910368139023 0.378490979398504 0.341094199687554 0.303221432224283 0.280956502675394 0.254968270999691 0.218771510493034 0.17822543757047 0.151199447160849 0.156838443031033 0.154557527513041 0.129571668520979 0.101365831413472 0.0655663442986959 0.0360372249641356 0 0 0 0 0 0 0
-9999 -9999 -9999 -9999 0.294938261737558 0.397880578553573 0.549583992218069 0.449471606165648 0.345635730083773 0.363447517641359 0.490783098049923 0.419375133416425 0.357190258065499 0.321547351668828 0.420220607586522 0.468839125851274 0.472136341698543 0.48444937320715 0.5093813921624 0.539064072189708 0.566212058268227 0.59411011449527 0.619291229045352 0.648709708981316 0.641865222632366 0.641196120496064 0.641278294809271 0.626559186282264 0.599982667528049 0.574640141102415 0.554540872730991 0.525667516892179 0.503130552014218 0.479155009169759 0.466390542230159 0.464869914279041 0.461619016993406 0.457642745962779 0.448791584846639 0.438898411440694 0.400450157424401 0.3655468072946 0.336404800481523 0.309020458444677 0.262199616422443 0.227390927882954 0.200020994578692 0.198874518263225 0.166449836644414 0.130879015393232 0.0890975515534022 0.043788803406373 0.00348323844363196 0 0 0 0 0 0 0
-9999 -9999 -9999 -9999 0.0338799737661072 0.449428655099836 0.572868186306985 0.371844028996292 0.196989942449988 0.1949500172712 0.343691510168363 0.489964644710637 0.431512773943154 0.370539828282796 0.476920740244254 0.536637091870273 0.517335112737821 0.536506815082895 0.55489163739118 0.584007607266489 0.616549016254364 0.633805360177363 0.662155871932455 0.64567793404622 0.63827981597198 0.638350945350616 0.636362857127865 0.603352851290236 0.572550397676072 0.541217070933737 0.512830376919987 0.478266217054721 0.458431812836408 0.441015927702628 0.434278286575033 0.434336520292644 0.434748887805477 0.441110557493746 0.439223785043149 0.443741265686823 0.449306589286761 0.425138297348736 0.394629477583299 0.360183318948943 0.322755661604449 0.289450733090374 0.259184791790924 0.224193473320397 0.183077148598806 0.138089180439459 0.0858266580360341 0.0327032378062178 0 0 0 0 0 0 0 0
-9999 -9999 -9999 -9999 -9999 0.512514567892523 0.646990651679639 0.359837182020453 0.0893796971730259 0.0392701779556599 0.193600903862402 0.476728328291176 0.531718713926944 0.507667567423164 0.53410863197234 0.566017807198528 0.566422672879122 0.574127459448334 0.596748339621229 0.626130331499603 0.643278860800358 0.65751806834151 0.655873338866874 0.644095857618293 0.635733295857327 0.63505403238122 0.612486154768201 0.584313641720838 0.555234416455334 0.531622205686493 0.504789319607964 0.457276237502564 0.440171902758003 0.421927642991206 0.41415089396499 0.422234461890869 0.423454822235555 0.436031849396595 0.444175470843761 0.450344969263913 0.461946217694233 0.457242753114938 0.427885316263548 0.388248642251095 0.365046046128436 0.325711140964864 0.283130966049082 0.241938592113933 0.199569852149644 0.149752694151508 0.0899154368774069 0.0325355926914923 0 0 0 0 0 0 0 0
-9999 -9999 -9999 -9999 -9999 -9999 0.616101483701422 0.394454654128471 0.0418668819074546 0 0.0928628440350909 0.372647770695657 0.593659325328089 0.604246470500802 0.597103637195815 0.623204820654396 0.618934596222078 0.628733850082539 0.615880739864497 0.612951817170198 0.633041117625689 0.644128976135822 0.643765547080061 0.638452301160309 0.634088263302346 0.626003735878274 0.582931954125965 0.557263074035397 0.532475382589238 0.507678578889766 0.483513438972209 0.457736283871692 0.443708145259932 0.428020709656994 0.420769883892952 0.422755653663488 0.423340538564744 0.439297669072368 0.452768219838002 0.461285628960083 0.469107509117448 0.462104904574723 0.429891467835248 0.380974145804338 0.352400203918597 0.341209344378205 0.310152922895105 0.264876693236326 0.216412874394622 0.164566355440489 0.106134000503392 0.0509028381008794 0.0122650440514777 0 0 0 0 0 0 0
-9999 -9999 -9999 -9999 -9999 -9999 -9999 0.467050347414434 0.0641273101879378 0 0.0315877487804066 0.282249757714875 0.63889356372349 0.640105773050813 0.623746536501666 0.636538029104371 0.638735341446445 0.628788215794044 0.605758570805949 0.600735668808463 0.617120041327363 0.627709362658115 0.630119885696814 0.629075737025552 0.631727719006293 0.611734853783936 0.569392495666981 0.543921722713245 0.514960956740805 0.485333242647553 0.468177953400082 0.440863064193899 0.431458318799719 0.421359500283764 0.418914412065571 0.430252880845171 0.434014779002843 0.449648712377726 0.463934535189914 0.468841089859378 0.472871227078795 0.456069707665811 0.433811688912675 0.397870288390972 0.361328127662497 0.336813128833987 0.310076467356342 0.289660704400921 0.235374003270702 0.18397367425097 0.133478162450127 0.0862767346423373 0.0520301025083186 0.0230811337330633 0 0 0 0 0 0
-9999 -9999 -9999 -9999 -9999 -9999 -9999 0.322058372491957 0.131547048377578 0 0.0050217243542332 0.206596286967491 0.527489409926616 0.649501413210153 0.632869040178621 0.634943690451465 0.633888443057686 0.624151056131314 0.602090450634913 0.59421937745595 0.603113075527079 0.610237290946504 0.614944542349291 0.617073631536011 0.621954222366399 0.601223283942009 0.562879259493694 0.531202704543253 0.4971519013686 0.46523533085705 0.445355431546854 0.424331239685601 0.413498312367011 0.398609452939089 0.388567154216556 0.389801179632477 0.390619555271481 0.407819433017732 0.42617506476946 0.452196073562473 0.475629321529147 0.461895627152058 0.446890253966639 0.417056756473779 0.382785578382776 0.350702168270271 0.314671127528255 0.296046515558375 0.270373224640764 0.22146477053342 0.178404073414766 0.137076313741681 0.107182883694132 0.080558015160809 0.0518745757954915 0.0176816492625276 0 0 0 0
-9999 -9999 -9999 -9999 -9999 -9999 -9999 0.287158657489684 0.22005696419573 0.0267073507012647 0.022055664246765 0.116375311613364 0.360965796890382 0.614304977577625 0.637039898299328 0.650157496770896 0.635278392684651 0.626394958112206 0.611133147760315 0.597560681248001 0.596476832010396 0.59422567821383 0.600092872622466 0.605557361117438 0.610486660128845 0.614304906266148 0.575893919660049 0.541878890516918 0.491382634025133 0.456739759379073 0.448872020169089 0.418344449554453 0.41129744180205 0.392054526717967 0.373401148615081 0.376519147292673 0.354166611245373 0.353861023194741 0.350981074690288 0.37170436366819 0.433830978831633 0.473204615112118 0.47020121112633 0.445221857957084 0.412953827107348 0.377514705634976 0.336136916258101 0.319495082963261 0.303931771205917 0.270790264535897 0.203958619596723 0.105104011970947 0.0530231366133501 0 0 0 0 0 0 0
-9999 -9999 -9999 -9999 -9999 -9999 -9999 -9999 0.35299203131147 0.154592624843802 0.0722024845620151 0.0942803998253278 0.210957435512782 0.422868052500318 0.477996128331885 0.61278452386803 0.657028624128147 0.64069536791737 0.626179064944882 0.607076922851352 0.597248734291823 0.591300581088539 0.593929780357912 0.598827609110803 0.602327858436547 0.603145437304756 0.595670667384595 0.567253816065441 0.525049908612106 0.49060193824841 0.468659109491843 0.440469986600025 0.423576385121068 0.404163818012168 0.381159666517205 0.372592361687079 0.345979936551982 0.316637647084639 0.287141521340785 0.295497457628386 0.355854641282219 0.408956082393352 0.434589836964252 0.430314390209398 0.412456292782509 0.382663426542619 0.341173490937067 0.318511197834352 0.278179828658139 0.204016151862736 0.123774899893923 0.038266944182095 0 0 0 0 0 0 0 0.0578291653277875
-9999 -9999 -9999 -9999 -9999 -9999 -9999 -9999 0.327373669892141 0.30190743629987 0.161275110826231 0.0619997787609073 0.0197455057319281 0.0991484782758105 0.240034724984588 0.447616133204837 0.630698793090488 0.661338427869492 0.639141049898334 0.615457183837675 0.60232678849653 0.5901161574893 0.593527364029153 0.597841124414779 0.597826417714131 0.585050741896041 0.574703626291387 0.563590213126208 0.557581326922288 0.554913462644215 0.52317345941145 0.484535804677017 0.461328940287556 0.434645886917453 0.407756467810565 0.400838619796836 0.368659739474788 0.31132383358757 0.242513158934202 0.232184866483519 0.298298611942431 0.333176089060848 0.36374531663598 0.386530595379808 0.374679365481707 0.346954649870369 0.294659904567378 0.253221247720663 0.200805184378472 0.137007737977282 0.0723410540787286 0.00292295542840226 0 0 0 0 0 0 0.0717494722999477 0.166210417655223
-9999 -9999 -9999 -9999 -9999 -9999 -9999 -9999 -9999 0.369870699745511 0.222189742872004 0 0 0 0 0 0.285654195838285 0.513663727713438 0.621405347227268 0.618794101180481 0.600856809794875 0.592149162404545 0.598276352237404 0.599994557023091 0.571869716979201 0.561440647960031 0.552706534600103 0.542009073670862 0.536817291726493 0.537936143598519 0.547770332441703 0.532488882223775 0.496786736254371 0.466786895470649 0.433849904789857 0.414539240069308 0.382478322730231 0.329233044336598 0.267427131520494 0.238748547614687 0.24520216701957 0.257665406819891 0.293568876015531 0.32219409666011 0.314041190905466 0.283797145703448 0.233078701109105 0.193912985670363 0.145749307207358 0.0941553716084765 0.0441602493440733 0 0 0 0 0 0 0 0.0691500978174254 0.18119210137442
-9999 -9999 -9999 -9999 -9999 -9999 -9999 -9999 -9999 0.128440435754136 0.297584387346913 0 0 0 0 0 0 0.152615228007659 0.238001911699676 0.302885882883372 0.371987670415602 0.606721986253962 0.616126765103252 0.60459453272045 0.536196787302303 0.528679383934698 0.528758023868842 0.497489882903306 0.509751335538098 0.510664356906494 0.523457780666988 0.539726969289835 0.543035810788567 0.505473751078995 0.466781436059623 0.445270628695583 0.412079957382448 0.373372382482075 0.308938329050442 0.248112966159421 0.218158666789858 0.189938256509759 0.236833306817139 0.279349234499915 0.272467041403286 0.235653478463404 0.186421284074385 0.150806726910242 0.110404067752231 0.0733895587817829 0.0383774228088581 0 0 0 0 0 0 0.0276647481171352 0.0623492003140756 0.166141994105927
