meets/meet004/_saidas_enm/CCSM_Maxent_6k_Cavanillesia_umbellata4.asc
NCOLS 154 
NROWS 168 
XLLCORNER -112 
YLLCORNER -55.5 
CELLSIZE 0.5 
NODATA_value -9999 
[rows 50 to 74 of 168, columns 56 to 111 of 154]
-9999 -9999 -9999 -9999 -9999 -9999 -9999 -9999 -9999 -9999 -9999 -9999 -9999 0.0002241176989628 0.0197152942419052 0.199273392558098 0.152877420186996 0.171410128474236 0.208535611629486 0.27741938829422 0.419850051403046 0.321798294782639 0.284785240888596 0.278971940279007 0.294160336256027 0.339169263839722 0.333931386470795 0.342831492424011 0.3390793800354 0.314995229244232 0.310124039649963 0.323659271001816 0.323430269956589 0.297315716743469 0.255164235830307 0.273268729448318 0.214125141501427 0.173255488276482 0.140047937631607 0.136919364333153 0.129370331764221 0.129047453403473 0.124122828245163 0.109538599848747 0.0261482521891594 0.0295504294335842 0.0473226197063923 0.0738508999347687 0.117311090230942 0.180071786046028 0.294724196195602 0.284132659435272 0.521955966949463 0.507631897926331 0.488822609186172 0.247127383947372
-9999 -9999 -9999 -9999 -9999 -9999 -9999 -9999 -9999 -9999 -9999 -9999 -9999 0.00290502118878067 0.0784358605742455 0.140764534473419 0.177569970488548 0.191798716783524 0.23564475774765 0.27655017375946 0.313909113407135 0.315676420927048 0.333171874284744 0.331723153591156 0.325066566467285 0.34593254327774 0.327021241188049 0.298317134380341 0.25640407204628 0.209837555885315 0.203994795680046 0.247757375240326 0.24278724193573 0.315662741661072 0.282344609498978 0.285305440425873 0.262212067842484 0.231710642576218 0.197892144322395 0.168743953108788 0.160961121320724 0.14992381632328 0.139202147722244 0.0902288481593132 0.0271144863218069 0.0321260988712311 0.0502338744699955 0.08026372641325 0.129317000508308 0.205701261758804 0.281822115182877 0.521856963634491 0.511948764324188 0.496154069900513 0.477676004171371 0.24762374162674
-9999 -9999 -9999 -9999 -9999 -9999 -9999 -9999 -9999 -9999 -9999 0.00131000974215567 0.00147143332287669 0.020545007660985 0.0712582916021347 0.131046563386917 0.182495385408401 0.203657671809196 0.232059583067894 0.249663233757019 0.270134776830673 0.275598168373108 0.283229023218155 0.285120725631714 0.270775854587555 0.277889162302017 0.234564110636711 0.186937347054482 0.142046391963959 0.0934209823608398 0.0622382201254368 0.156956017017365 0.201400443911552 0.30646088719368 0.319946885108948 0.297859460115433 0.27792876958847 0.25712388753891 0.224023938179016 0.186828911304474 0.186371058225632 0.173465996980667 0.157997906208038 0.106052093207836 0.0955588445067406 0.11116923391819 0.172960951924324 0.242452532052994 0.350891590118408 0.517398059368134 0.508546710014343 0.503472745418549 0.49170771241188 0.475753009319305 0.458536833524704 0.245922267436981
-9999 -9999 -9999 -9999 -9999 -9999 -9999 -9999 -9999 -9999 0.00329464650712907 0.00535012641921639 0.0275490172207355 0.0243525560945272 0.042904082685709 0.0874859616160393 0.130614519119263 0.183172717690468 0.215925693511963 0.228717476129532 0.236890316009521 0.234395623207092 0.204255536198616 0.194614440202713 0.187816247344017 0.166309863328934 0.127586394548416 0.0868369340896606 0.0408408902585506 0.016716131940484 0.0149632608518004 0.0452786833047867 0.142551302909851 0.274572610855103 0.317881077528 0.314834117889404 0.298294365406036 0.276247978210449 0.252442121505737 0.226007848978043 0.207353010773659 0.186287865042686 0.175334706902504 0.137292191386223 0.159125432372093 0.206058710813522 0.27777224779129 0.370673656463623 0.596691906452179 0.594680607318878 0.584069192409515 0.571862697601318 0.463372528553009 0.446105778217316 0.428566694259644 0.235944777727127
-9999 -9999 -9999 -9999 -9999 -9999 -9999 -9999 -9999 -9999 0.0171594899147749 0.0623861849308014 0.0398106016218662 0.0401927828788757 0.0276975091546774 0.0403819344937801 0.0791736543178558 0.139001786708832 0.167998433113098 0.174523994326591 0.173676431179047 0.16008797287941 0.130923241376877 0.113321751356125 0.0938103049993515 0.07269037514925 0.0452730730175972 0.0158189870417118 0.00496386783197522 0.00249476451426744 0.00257503986358643 0.0135070635005832 0.0853681266307831 0.159630805253983 0.290051192045212 0.317004650831223 0.316223114728928 0.309554874897003 0.295669585466385 0.287592202425003 0.289482593536377 0.269010782241821 0.205992415547371 0.227574795484543 0.269785434007645 0.431095212697983 0.509351968765259 0.598196089267731 0.586291432380676 0.572632074356079 0.555724382400513 0.54131805896759 0.524890899658203 0.418429791927338 0.402302831411362 0.45801505446434
-9999 -9999 -9999 -9999 -9999 -9999 -9999 -9999 0.0056840106844902 0.0307553727179766 0.117781318724155 0.101931527256966 0.0625286921858788 0.0581712275743484 0.0328702107071877 0.0209255702793598 0.0426212400197983 0.089247390627861 0.113854259252548 0.116008244454861 0.0968952253460884 0.0847853198647499 0.0681221634149551 0.0537541657686234 0.0370680615305901 0.0217219088226557 0.00681056873872876 0.00219573802314699 0.00225027347914875 0.00245147873647511 0.00188053131569177 0.00462883803993464 0.0438979938626289 0.1102105230093 0.247089803218842 0.310403764247894 0.331967502832413 0.331270009279251 0.334403723478317 0.333212912082672 0.340972512960434 0.337673902511597 0.275264859199524 0.314467549324036 0.370203077793121 0.515115559101105 0.596527993679047 0.579260587692261 0.562992334365845 0.546040058135986 0.527262330055237 0.511961579322815 0.492084562778473 0.385797619819641 0.369730710983276 0.434165120124817
-9999 -9999 -9999 -9999 -9999 -9999 -9999 -9999 0.0115512143820524 0.0984115228056908 0.248701766133308 0.1882563829422 0.123438827693462 0.0828232616186142 0.0530411116778851 0.034795131534338 0.0232580918818712 0.044294498860836 0.0588188655674458 0.0516884699463844 0.0369792208075523 0.0307268649339676 0.0248802788555622 0.0178284123539925 0.00944620929658413 0.002445561112836 0.00219974503852427 0.00224273023195565 0.00162831670604646 0.00179448665585369 0.00221904437057674 0.00297848763875663 0.0191646330058575 0.0663770958781242 0.135215029120445 0.276142179965973 0.325091868638992 0.348302662372589 0.357366621494293 0.358479559421539 0.294151663780212 0.302416324615479 0.331802010536194 0.376846075057983 0.430456608533859 0.506450176239014 0.486180156469345 0.551097869873047 0.528614282608032 0.504636108875275 0.484167665243149 0.465799152851105 0.44394513964653 0.343430191278458 0.325382560491562 0.409932464361191
-9999 -9999 -9999 -9999 -9999 -9999 -9999 0.0227942373603582 0.0373991243541241 0.238085746765137 0.355031609535217 0.234360903501511 0.220097422599792 0.162563323974609 0.0949308425188065 0.0599138252437115 0.0449446514248848 0.0343130901455879 0.0299123246222734 0.0215624533593655 0.0145830037072301 0.0137854814529419 0.0127661190927029 0.01248958427459 0.0128499250859022 0.0089298477396369 0.00992074236273766 0.0111742522567511 0.0116359908133745 0.0121073639020324 0.0114942006766796 0.0115052461624146 0.0118404719978571 0.0321366526186466 0.085251696407795 0.146036982536316 0.215702995657921 0.254019945859909 0.278558164834976 0.27586817741394 0.272215813398361 0.289945811033249 0.317563593387604 0.367491185665131 0.487145125865936 0.463182210922241 0.425208657979965 0.397311329841614 0.367430597543716 0.421630650758743 0.320856094360352 0.30220827460289 0.291453540325165 0.283270984888077 0.270410925149918 0.38787978887558
-9999 -9999 -9999 -9999 -9999 -9999 -9999 0.0815950334072113 0.179617047309875 0.342357277870178 0.388423889875412 0.29700294137001 0.259716868400574 0.201323553919792 0.136292412877083 0.10329157859087 0.0790727734565735 0.0641531571745872 0.0415387749671936 0.0322185829281807 0.0260511469095945 0.0242542643100023 0.0219827424734831 0.0245461817830801 0.0283033866435289 0.0281891990453005 0.0308563355356455 0.029397290199995 0.0308397226035595 0.0350953824818134 0.0335134975612164 0.0339334569871426 0.0288154352456331 0.0257113128900528 0.0511673465371132 0.0950629264116287 0.141097664833069 0.186925500631332 0.208385050296783 0.223607778549194 0.243118718266487 0.248605728149414 0.27687805891037 0.316675513982773 0.360177159309387 0.319817394018173 0.282301336526871 0.244958460330963 0.212043911218643 0.205330729484558 0.209630832076073 0.22849939763546 0.223733156919479 0.226044267416 0.231532871723175 0.35880920290947
-9999 -9999 -9999 -9999 -9999 -9999 0.16038291156292 0.221174597740173 0.331299245357513 0.398241817951202 0.398507237434387 0.392472892999649 0.236861735582352 0.165038451552391 0.159675046801567 0.1445322483778 0.138789296150208 0.110071815550327 0.0736911669373512 0.057525273412466 0.0477818734943867 0.0483008697628975 0.0491850562393665 0.0539601184427738 0.0568771734833717 0.0595180727541447 0.0616577789187431 0.0667788684368134 0.0701682046055794 0.0679400190711021 0.067272961139679 0.0640936344861984 0.0620088391005993 0.0591284520924091 0.0545831918716431 0.0748458802700043 0.111900925636292 0.150421261787415 0.173156082630157 0.189687699079514 0.199339792132378 0.198835551738739 0.187466025352478 0.222171053290367 0.224678203463554 0.242028042674065 0.269264817237854 0.287156462669373 0.29738187789917 0.299822092056274 0.307393014431 0.305852442979813 0.317269951105118 0.320026278495789 0.302678346633911 0.326147258281708
-9999 -9999 -9999 -9999 -9999 -9999 0.33999228477478 0.386704415082932 0.42741984128952 0.449707716703415 0.431118726730347 0.41523152589798 0.255771189928055 0.201200664043427 0.186864137649536 0.208265870809555 0.185380831360817 0.155317187309265 0.112333692610264 0.106150381267071 0.0875424742698669 0.0908631607890129 0.0946651697158813 0.103203758597374 0.109621278941631 0.110612608492374 0.117272973060608 0.121152654290199 0.12395802885294 0.125565886497498 0.1218381524086 0.120761036872864 0.115713849663734 0.111970536410809 0.111379623413086 0.111558049917221 0.122413814067841 0.13848577439785 0.161261275410652 0.240500554442406 0.252661556005478 0.280929386615753 0.301396578550339 0.319290280342102 0.337606757879257 0.34165945649147 0.381424009799957 0.384347051382065 0.38581046462059 0.389239698648453 0.388147801160812 0.182316318154335 0.186483830213547 0.186251610517502 0.182136327028275 0.379816621541977
-9999 -9999 -9999 -9999 -9999 -9999 0.457271218299866 0.449399173259735 0.465665578842163 0.477155834436417 0.459693312644958 0.442578196525574 0.307127416133881 0.277498751878738 0.25851371884346 0.253265529870987 0.243456184864044 0.213808417320251 0.155265226960182 0.145035684108734 0.124892920255661 0.138329222798347 0.154073178768158 0.169143453240395 0.171976029872894 0.17313489317894 0.174913659691811 0.177518784999847 0.182910323143005 0.184930071234703 0.184017971158028 0.183378264307976 0.182617589831352 0.180382251739502 0.179395779967308 0.180751129984856 0.200887680053711 0.282547444105148 0.292672246694565 0.310573041439056 0.323445588350296 0.152242466807365 0.167348921298981 0.176985621452332 0.181913584470749 0.188650265336037 0.206840947270393 0.2089953571558 0.209077075123787 0.207582607865334 0.209257423877716 0.208560064435005 0.218165695667267 0.219723775982857 0.215503796935081 0.217945247888565
-9999 -9999 -9999 -9999 -9999 -9999 -9999 0.476249545812607 0.4704969227314 0.488716125488281 0.48357281088829 0.465552240610123 0.450324088335037 0.436026185750961 0.351866006851196 0.349258363246918 0.329806923866272 0.293532729148865 0.22246153652668 0.218607842922211 0.211865693330765 0.232154652476311 0.256899923086166 0.275135099887848 0.280005246400833 0.254622101783752 0.260077506303787 0.261749356985092 0.264673173427582 0.275002300739288 0.276787489652634 0.280811458826065 0.348376274108887 0.345724433660507 0.346640914678574 0.344077199697495 0.350379556417465 0.354730844497681 0.362722307443619 0.380193680524826 0.1841851323843 0.190785810351372 0.19946651160717 0.226038798689842 0.230336830019951 0.230738326907158 0.230902060866356 0.22952589392662 0.228431463241577 0.2278873026371 0.228227004408836 0.236962839961052 0.239362791180611 0.24181142449379 0.242882445454597 0.242953181266785
-9999 -9999 -9999 -9999 -9999 -9999 -9999 -9999 0.456744998693466 0.494941920042038 0.49504092335701 0.484142065048218 0.471865624189377 0.45740818977356 0.47283086180687 0.498602628707886 0.413390070199966 0.371836453676224 0.292716294527054 0.285498976707458 0.28309166431427 0.298306614160538 0.32927331328392 0.351456046104431 0.352666258811951 0.355870604515076 0.364156246185303 0.44894728064537 0.440354466438293 0.435367077589035 0.434363007545471 0.427534371614456 0.424353629350662 0.420737415552139 0.390721708536148 0.391959071159363 0.393916070461273 0.401664614677429 0.407818078994751 0.418965101242065 0.208983302116394 0.234811380505562 0.24281732738018 0.248390033841133 0.241330653429031 0.239676341414452 0.237942785024643 0.236835837364197 0.235542505979538 0.234487697482109 0.235167071223259 0.243635550141335 0.246116682887077 0.248195379972458 0.248163402080536 0.24848099052906
-9999 -9999 -9999 -9999 -9999 -9999 0.484782665967941 0.471598118543625 0.454974383115768 0.489522039890289 0.492335587739944 0.487937301397324 0.489226490259171 0.487830847501755 0.501578032970428 0.523119509220123 0.547914385795593 0.348433464765549 0.346791118383408 0.348458886146545 0.35149747133255 0.365210354328156 0.380429714918137 0.398307651281357 0.49273207783699 0.490397423505783 0.48725762963295 0.48176509141922 0.476529598236084 0.473480880260468 0.470705926418304 0.468698114156723 0.464864432811737 0.463058769702911 0.463227897882462 0.461993664503098 0.464924544095993 0.438861966133118 0.443080097436905 0.451267123222351 0.247220754623413 0.252150148153305 0.255314737558365 0.257166296243668 0.24592550098896 0.240642592310905 0.235710695385933 0.231850504875183 0.229240387678146 0.227389276027679 0.227472096681595 0.229022666811943 0.231600061058998 0.234190493822098 0.480143010616302 0.48215451836586
-9999 -9999 -9999 -9999 -9999 0.407857716083527 0.419504702091217 0.468372255563736 0.477753311395645 0.489106863737106 0.479350030422211 0.493920266628265 0.505238711833954 0.51001912355423 0.514738023281097 0.536868155002594 0.470781117677689 0.390715211629868 0.387949079275131 0.38959589600563 0.404810696840286 0.414737910032272 0.505700409412384 0.507317304611206 0.505867838859558 0.504615366458893 0.502267718315125 0.501227974891663 0.499189555644989 0.494404494762421 0.494362115859985 0.492163121700287 0.491104871034622 0.490379512310028 0.488490760326385 0.488933026790619 0.487873405218124 0.488964438438416 0.490747332572937 0.494732588529587 0.256617218255997 0.257469892501831 0.256427109241486 0.245992168784142 0.237350165843964 0.228174120187759 0.222780212759972 0.216142401099205 0.212789326906204 0.210951626300812 0.209430500864983 0.212072446942329 0.21347676217556 0.215675801038742 0.445407390594482 0.447487264871597
-9999 -9999 -9999 -9999 -9999 0.514118432998657 0.503051936626434 0.484418094158173 0.493622422218323 0.499333441257477 0.496616214513779 0.505371332168579 0.515074491500854 0.523899555206299 0.535515964031219 0.557389199733734 0.480797946453094 0.492968887090683 0.417885184288025 0.507230043411255 0.508013546466827 0.509682953357697 0.512134790420532 0.512994110584259 0.514325320720673 0.512999951839447 0.511675775051117 0.510607302188873 0.509328186511993 0.507979035377502 0.506415069103241 0.50573319196701 0.504536092281342 0.503916025161743 0.503714621067047 0.502467095851898 0.501382112503052 0.499765306711197 0.499719470739365 0.499760508537292 0.256132751703262 0.252614200115204 0.240094065666199 0.233971834182739 0.224552229046822 0.214563488960266 0.206467822194099 0.200335368514061 0.196423932909966 0.193365126848221 0.192146822810173 0.191944852471352 0.192867040634155 0.409010797739029 0.40997701883316 0.410938739776611
-9999 -9999 -9999 -9999 -9999 -9999 0.519681215286255 0.528113663196564 0.511766910552979 0.514215528964996 0.483459860086441 0.484917968511581 0.503307104110718 0.510827541351318 0.522286832332611 0.527391314506531 0.48420774936676 0.498849511146545 0.509694933891296 0.511659502983093 0.5105299949646 0.511752605438232 0.514663755893707 0.516513764858246 0.51771879196167 0.516947865486145 0.515888094902039 0.515199542045593 0.514913558959961 0.514076769351959 0.512609481811523 0.513043582439423 0.511810660362244 0.511518359184265 0.51106333732605 0.509154140949249 0.506572306156158 0.502399384975433 0.499006241559982 0.494434803724289 0.487917214632034 0.242520093917847 0.227297753095627 0.219946622848511 0.210626378655434 0.199915140867233 0.191836848855019 0.18479385972023 0.180161073803902 0.17619614303112 0.173932403326035 0.172151446342468 0.372719287872314 0.370744735002518 0.368209004402161 0.367055714130402
-9999 -9999 -9999 -9999 -9999 -9999 0.542955756187439 0.532994568347931 0.539355993270874 0.508592128753662 0.43111652135849 0.440663278102875 0.448896408081055 0.453362107276917 0.477350771427155 0.515092432498932 0.556338131427765 0.497903406620026 0.271846860647202 0.268928349018097 0.506527423858643 0.507317304611206 0.510863959789276 0.512858629226685 0.514977872371674 0.514261305332184 0.514446139335632 0.514710545539856 0.514595866203308 0.514295637607574 0.51344245672226 0.513385415077209 0.51285046339035 0.511872351169586 0.509988725185394 0.506683051586151 0.502262473106384 0.496647447347641 0.491218507289886 0.484704226255417 0.476666510105133 0.466368973255157 0.224403142929077 0.210135877132416 0.201469630002975 0.191809788346291 0.182650282979012 0.174858167767525 0.169439420104027 0.164622917771339 0.160683199763298 0.348921984434128 0.342924416065216 0.337594777345657 0.331077605485916 0.324768632650375
-9999 -9999 -9999 -9999 -9999 -9999 0.446911752223969 0.470654934644699 0.462029188871384 0.497926622629166 0.39012399315834 0.388491481542587 0.387692898511887 0.38868659734726 0.421345084905624 0.46582555770874 0.537125408649445 0.488123387098312 0.26743957400322 0.274673223495483 0.501945972442627 0.503125607967377 0.507485568523407 0.510611832141876 0.512998104095459 0.511527419090271 0.512748062610626 0.513279438018799 0.513240456581116 0.512566983699799 0.510771811008453 0.510281622409821 0.509344398975372 0.507442831993103 0.503331661224365 0.499018490314484 0.492582559585571 0.486349821090698 0.479833632707596 0.470695734024048 0.463856905698776 0.452149450778961 0.441107958555222 0.430612772703171 0.406480401754379 0.185155421495438 0.175225958228111 0.167532205581665 0.16120046377182 0.153898671269417 0.150113821029663 0.324820935726166 0.316699236631393 0.306308448314667 0.292100518941879 0.284375727176666
-9999 -9999 -9999 -9999 -9999 -9999 -9999 -9999 0.417310059070587 0.485036611557007 0.37311589717865 0.356867790222168 0.342085987329483 0.339056223630905 0.367975890636444 0.42759370803833 0.519503831863403 0.422572553157806 0.287236660718918 0.281264275312424 0.500687837600708 0.499399214982986 0.481523513793945 0.485613137483597 0.510526537895203 0.50859010219574 0.509816408157349 0.511521339416504 0.512090861797333 0.510568618774414 0.507195472717285 0.262980282306671 0.261728316545486 0.259469270706177 0.255671828985214 0.250478118658066 0.483969241380692 0.476499021053314 0.469154924154282 0.461571931838989 0.452564626932144 0.443054407835007 0.432675749063492 0.422483414411545 0.411202192306519 0.399864166975021 0.376583456993103 0.362412005662918 0.350597202777863 0.338702946901321 0.326454073190689 0.313687562942505 0.299702018499374 0.28596293926239 0.269334942102432 0.253868162631989
-9999 -9999 -9999 -9999 -9999 -9999 -9999 -9999 0.496594607830048 0.444541454315186 0.376330137252808 0.339011341333389 0.306099414825439 0.299115419387817 0.328690111637115 0.390142321586609 0.504457831382751 0.51363605260849 0.292768776416779 0.28016409277916 0.497351735830307 0.476838856935501 0.450218200683594 0.223485812544823 0.482028901576996 0.500539600849152 0.497368484735489 0.482503771781921 0.485370963811874 0.501293957233429 0.261083334684372 0.259804278612137 0.25859522819519 0.255472421646118 0.249814674258232 0.244236752390862 0.238312155008316 0.233199372887611 0.227741256356239 0.449643582105637 0.442317485809326 0.432558387517929 0.423891514539719 0.415345430374146 0.40358954668045 0.394402712583542 0.380966007709503 0.367254287004471 0.345931828022003 0.330205470323563 0.318865090608597 0.30251082777977 0.287173628807068 0.268501549959183 0.244770467281342 0.298236012458801
-9999 -9999 -9999 -9999 -9999 -9999 -9999 -9999 -9999 0.438213557004929 0.390996783971786 0.339251637458801 0.284012794494629 0.265067607164383 0.292745471000671 0.362646102905273 0.4791399538517 0.482316642999649 0.27098473906517 0.258588671684265 0.47453299164772 0.448158115148544 0.428564518690109 0.207509636878967 0.451260209083557 0.469566345214844 0.467002868652344 0.45736163854599 0.228134736418724 0.236428454518318 0.242891475558281 0.243524894118309 0.240181684494019 0.242395237088203 0.24709065258503 0.24077495932579 0.235244184732437 0.228556573390961 0.222632214426994 0.217826962471008 0.435787320137024 0.427584022283554 0.418195307254791 0.408846646547318 0.401492774486542 0.391310542821884 0.378294050693512 0.363045334815979 0.349198669195175 0.328380316495895 0.313209027051926 0.297085583209991 0.273824453353882 0.252899438142776 0.30101752281189 0.273315221071243
-9999 -9999 -9999 -9999 -9999 -9999 -9999 -9999 -9999 -9999 0.357622981071472 0.336671590805054 0.27374330163002 0.248826250433922 0.273557305335999 0.338811904191971 0.450777798891068 0.525210022926331 0.235078513622284 0.465878814458847 0.44852876663208 0.429795920848846 0.265884518623352 0.111252598464489 0.425803989171982 0.440028846263885 0.440214902162552 0.433405578136444 0.212273940443993 0.218755200505257 0.223134651780128 0.223943248391151 0.220072984695435 0.220301851630211 0.222160935401917 0.222475126385689 0.221818491816521 0.219164595007896 0.219063803553581 0.213043957948685 0.206450641155243 0.420056879520416 0.412584990262985 0.404204219579697 0.39369785785675 0.383569329977036 0.370914429426193 0.356479793787003 0.342168241739273 0.325168550014496 0.288318634033203 0.265219300985336 0.241514265537262 0.22149845957756 0.26851812005043 0.244885131716728
-9999 -9999 -9999 -9999 -9999 -9999 -9999 -9999 -9999 -9999 -9999 0.300101488828659 0.270305424928665 0.240476831793785 0.259165048599243 0.31512463092804 0.407645136117935 0.463518381118774 0.266170591115952 0.427298784255981 0.426506996154785 0.414447784423828 0.253887057304382 0.251619070768356 0.259752154350281 0.409396409988403 0.413947582244873 0.413982689380646 0.199798628687859 0.204414740204811 0.207307368516922 0.20824933052063 0.205378383398056 0.203943476080894 0.202313229441643 0.198746427893639 0.19847497344017 0.195454105734825 0.194916665554047 0.195122092962265 0.193417176604271 0.408587634563446 0.403384059667587 0.395821869373322 0.386793673038483 0.375892013311386 0.363390475511551 0.348687469959259 0.33156743645668 0.301881104707718 0.266296595335007 0.245057135820389 0.222788527607918 0.203562498092651 0.244055554270744 0.221628785133362
