meets/meet004/_saidas_enm/CCSM_Maha_21k_Aralia_warmingiana2.asc
NCOLS 154 
NROWS 168 
XLLCORNER -112 
YLLCORNER -55.5 
CELLSIZE 0.5 
NODATA_value -9999 
[rows 50 to 74 of 168, columns 56 to 111 of 154]
-9999 -9999 -9999 -9999 -9999 -9999 -9999 -9999 -9999 -9999 -9999 -9999 -9999 -453.266011184726 -208.670298809956 -98.9995356095999 -89.2564301139904 -103.443363897844 -94.3330397857732 -65.1744585919099 -43.1549851292777 -18.6258023108545 -9.82457060381975 -13.0106217069307 -21.0857014745218 -30.1764869038681 -43.4993220317751 -69.076640052222 -89.4463679271863 -121.998380032018 -136.876926921161 -121.590279245843 -87.6466425825182 -53.7714834290458 -19.1411408508483 -9.35513028909056 -8.07118267978004 -4.21453560746083 -4.28360416183207 -5.83329561058208 -4.02853353392881 -5.91758748903555 -5.46949587854187 -6.31482130585476 -8.4713982234145 -12.9770686198972 -12.9975012737882 -11.0433178537071 -9.17402398824922 -5.91006052691472 -3.47448965982193 -5.23497291027509 -5.00386344842261 -3.79401380758114 -2.4081631508993 -2.29737864830048
-9999 -9999 -9999 -9999 -9999 -9999 -9999 -9999 -9999 -9999 -9999 -9999 -9999 -276.513201309127 -153.771102467518 -85.4119397523869 -73.6716831307535 -74.0513704232704 -66.7099939077441 -55.5347128303091 -35.3064181429358 -13.6179868326419 -3.82633075995067 -3.52907792014365 -9.02873224392672 -15.5004415367743 -28.5223465244256 -48.2240153965812 -66.8803051999122 -89.4681286068525 -102.822209802939 -88.0769901127161 -65.9781575464296 -38.250537173438 -14.8823083915805 -6.95107008178259 -5.29528801890867 -2.45328034451592 -1.95577140007089 -2.56629015971424 -2.36192898663225 -3.61045252881978 -3.13492216814274 -3.11834096029113 -4.29845345931197 -4.61853135033752 -4.38573754669428 -3.06359331502117 -2.42107819071136 -2.38339367888918 -2.39278147807829 -3.89535604729554 -3.75995046963034 -3.41469534785548 -2.98037717376031 -3.10543393467309
-9999 -9999 -9999 -9999 -9999 -9999 -9999 -9999 -9999 -9999 -9999 -272.452621729463 -220.709683477376 -195.66747532499 -131.819862621345 -79.7447513309255 -60.489678858357 -47.9164081576682 -39.4078938168607 -36.6018007872711 -29.0784325026654 -13.5188941028041 -5.84360873810445 -4.91830329442193 -9.02171074354542 -17.5796162189112 -27.928838159342 -49.4906142139851 -67.4400357053462 -84.7970747285109 -97.0300017659405 -74.8048535108689 -49.9907863052459 -26.0132766183851 -7.29284569984976 -3.57594092064564 -4.04011891320823 -2.85517764779616 -2.84942584183489 -3.52218222977218 -3.52768035233302 -3.59053140597265 -2.99120108143398 -3.12851275312185 -3.97983531478191 -3.48153186663402 -3.40074010740869 -3.42490822161601 -2.44065589848638 -2.10287218429219 -2.668281962924 -3.5067992116267 -3.70409916014054 -3.61911409340916 -3.63376453204864 -3.97745556771517
-9999 -9999 -9999 -9999 -9999 -9999 -9999 -9999 -9999 -9999 -223.810512899367 -205.161017201129 -188.145868791775 -203.774229153493 -156.245094865831 -103.450923370887 -60.7989201389196 -35.3069994571907 -24.1564200017758 -22.0962607552428 -22.2804198880609 -19.5783401620169 -18.7174037191717 -20.2526269030246 -24.9935961980059 -34.7822231332494 -48.7772915830372 -67.1296887397143 -82.9045478025896 -100.410516617201 -104.391418336528 -80.1327065773531 -48.1584733409665 -22.811933294363 -5.96748752335648 -1.96690107594999 -3.0968416339542 -4.48688610428167 -4.35898371213023 -4.15418578319201 -3.87275379140315 -3.59973762904202 -3.37565427719585 -3.34909672637658 -3.93956773606159 -3.33818327631925 -2.87327704856119 -2.31312574106189 -2.18889206918757 -3.26480968092412 -4.09849931100833 -5.27558940389101 -5.01733412679592 -5.00638617006436 -5.56391158420181 -5.8175828760562
-9999 -9999 -9999 -9999 -9999 -9999 -9999 -9999 -9999 -9999 -137.408223060921 -135.603458877185 -185.623669199415 -193.242349747353 -181.758434503055 -134.36495697406 -80.3377798538072 -44.7290533924956 -32.0430104617696 -28.2009202185084 -26.7871596961217 -31.3676469986034 -39.1945287700044 -45.5711909646506 -51.3177349722004 -60.1150757265064 -73.3813495352768 -93.001833580902 -111.307728758504 -128.35360524484 -129.967580200231 -99.5409564070803 -58.1375654772989 -28.6399751601726 -8.20041999233214 -1.73221444882762 -2.01155768181854 -3.77426770934297 -3.67664176334852 -3.4090906467774 -3.20970610442515 -2.78775268636922 -2.61182727433151 -2.69947800853078 -2.4102909487125 -2.35374691694551 -3.02241792528257 -3.85476530730788 -6.10401625668544 -8.65773293945724 -9.49264140536386 -10.9421143175995 -10.0573414877826 -9.96827814462122 -11.1952861648425 -11.0258567661303
-9999 -9999 -9999 -9999 -9999 -9999 -9999 -9999 -162.413680805333 -92.4672871829604 -58.4477660538852 -96.3317412866494 -173.680517009526 -177.900307809081 -145.233144093724 -134.856173286274 -110.130751562302 -71.917816397502 -56.5497386883637 -50.7372482658699 -49.5087731450921 -53.504284873703 -61.543997996943 -70.685118043576 -76.5878236380762 -86.6029281655225 -103.675940832137 -127.051980797885 -148.647183494831 -152.607465118274 -146.701890062972 -110.274160326556 -69.966029432457 -34.8573603492077 -12.5574519713078 -2.79288579730066 -1.65701400321498 -3.22331209544094 -3.37648538157504 -2.4669095046881 -1.99448141945978 -1.70128676424451 -1.59737764971287 -1.55207502508782 -2.44252553651309 -4.29832316117672 -8.30597524964064 -13.7956834525864 -19.6233505901205 -24.1510037328543 -25.6274426427972 -26.1223428273099 -23.2982207061645 -22.0945383163267 -23.3596542122369 -23.4822761338912
-9999 -9999 -9999 -9999 -9999 -9999 -9999 -9999 -101.853018841141 -43.7239660130541 -35.7604094213742 -77.5442351749746 -166.675735083779 -162.477573322722 -121.145534687059 -102.993773336681 -110.993782694001 -107.828919118751 -92.5269975523299 -84.541847811626 -85.2018754095015 -89.5548227707904 -93.2803338768207 -98.4988168534715 -111.222192958464 -127.60978827969 -144.737307735125 -165.555336384048 -176.715491410374 -178.860199051726 -166.1534696526 -126.781273622184 -80.0172207303466 -45.1131997676201 -19.1304091602604 -6.84335050989732 -2.85562804058614 -2.60530090072907 -3.152302220569 -4.45969350978592 -3.72695641057442 -3.76843953530636 -4.03642862778109 -5.99014833413454 -9.09926623791797 -14.8459217053052 -24.1996831755125 -34.9547014601578 -46.0138279338036 -49.2679617209915 -50.4913601764391 -47.9971821751205 -43.6571013104082 -41.6586649035845 -40.7300494240543 -40.2215365921944
-9999 -9999 -9999 -9999 -9999 -9999 -9999 -108.490667757632 -60.4906736942155 -25.5541883090171 -26.6163430054461 -71.2938319475938 -170.417763812524 -176.441878113086 -119.163923528718 -86.9621809672755 -89.9977223533345 -108.277779048018 -112.813763391061 -125.711783610389 -129.628583485885 -131.193929968857 -132.234341702426 -137.589554170814 -149.844349137496 -157.262140136246 -158.382942054669 -156.7625039631 -160.741281034619 -163.952036281888 -167.536562877958 -136.567589239572 -94.5653836183223 -58.5850744986212 -30.7855837667428 -15.8948555027773 -8.58800519523439 -5.09054735416468 -4.88816707744778 -6.51230296518644 -9.22678881744321 -13.9029237980973 -17.5185961807601 -22.8042502158418 -30.4188984473595 -42.6445087959809 -47.1582971912057 -45.5397772997881 -45.0790589148467 -45.7702330991018 -46.8356721860959 -47.5577352654359 -49.2613767627156 -53.3411839379605 -58.4009450323634 -62.1972182965106
-9999 -9999 -9999 -9999 -9999 -9999 -9999 -76.4082035198199 -36.0236520828579 -18.3704933012035 -20.5576137233027 -68.8073107329208 -169.959826633 -192.365949157345 -126.653989027669 -76.6807860607286 -75.2114413618038 -84.342171540395 -90.6389419616493 -103.423957476446 -112.380034032727 -119.689657569469 -127.320376694329 -125.608904224715 -126.087250988707 -129.384580376864 -128.142602485427 -131.763862103378 -131.350335066483 -126.968815193494 -128.0032108566 -128.677781050265 -110.492852506152 -78.0153732979983 -50.9459772939355 -33.3760634860349 -22.7999443839644 -16.5902908694077 -15.5823273800753 -18.6832912723999 -24.2175423390534 -32.8035066058861 -45.5917178803326 -60.5342658614909 -60.4175442396657 -55.7135935446384 -54.4440191831667 -52.4321412158105 -52.3403175698614 -54.5854695088301 -52.9708104339652 -48.3460936584395 -42.0248556360462 -39.2029084554303 -39.9949113107179 -43.287168707464
-9999 -9999 -9999 -9999 -9999 -9999 -103.022350376269 -45.5978463894946 -17.3081746169253 -11.5235950381563 -15.7800414966482 -64.5096691236418 -179.63817257516 -221.582684995322 -132.551432039584 -74.3617934804047 -63.3772352066159 -65.6425897409995 -70.3483355280964 -83.383009809081 -92.4531815572932 -94.5630935062735 -98.8923093839204 -98.5075488419518 -100.481632740685 -102.163096446609 -102.215612448203 -100.177790112046 -102.217739076725 -108.558367428282 -112.973806997514 -118.905264638983 -120.408765460486 -102.906303165948 -78.6379487101463 -63.7337152264054 -50.9904145405434 -45.8066116257858 -45.9409700850828 -50.6139176592047 -63.0878907174025 -72.588765086506 -71.9023398159022 -68.9689790899051 -67.8833095553045 -70.3084733375324 -72.9806384791256 -76.2211353912403 -74.7928553102367 -78.8240589221615 -71.4341957599397 -65.3894996245414 -53.9050807169696 -46.7969140826666 -44.5322350504877 -40.8949474815283
-9999 -9999 -9999 -9999 -9999 -9999 -82.2738602400984 -31.2726599846922 -13.3975457465194 -11.1973618111266 -19.2237276615689 -65.9005109141043 -176.384866197365 -217.853096490713 -136.709560425839 -72.8740505625979 -58.0085269061061 -57.3137965434452 -59.744588204606 -68.9529721867847 -74.0752421492729 -75.0540103741996 -76.4626071516125 -75.0280893983389 -76.0766910295771 -78.7510477771112 -77.8883802512595 -78.2631237584532 -79.7416098605913 -83.1566438082727 -88.420794724652 -91.8552612134366 -96.3360676534961 -100.080613877474 -99.1965319883463 -90.0806022183967 -82.0864099438477 -79.7060706513069 -79.6534790939518 -74.9095146885169 -70.0159250538036 -70.3812232013598 -72.3872269326311 -74.603534562811 -84.5882487445927 -81.8698477897226 -77.739489733698 -69.999252576402 -61.0540030541654 -53.5803257141912 -48.4851418157871 -42.403436516065 -37.0327746282027 -33.3868302757915 -31.6945395141854 -32.8404702168412
-9999 -9999 -9999 -9999 -9999 -9999 -70.4950723417847 -28.9620267792994 -16.2710113463287 -14.12290243413 -23.8143390496172 -65.0130628175439 -166.784764605147 -198.621351043369 -124.371744532312 -71.1493116011872 -55.249657777331 -53.5037315847394 -54.5180118324499 -60.8929253379928 -64.9061230669503 -61.2860239525161 -60.2205744680385 -59.0012179855241 -61.3791979892025 -64.3533895150611 -64.0663747493322 -64.5233633632693 -65.8885362950117 -68.0467830888465 -71.3562990887956 -72.9824597873855 -75.6225055146564 -77.5663415989146 -80.6535185374881 -82.7000555438549 -78.2530864818609 -73.8917091409268 -69.4899474795144 -67.4303797507023 -69.0573204436569 -70.0974921961355 -67.7388674428395 -63.7285245025984 -63.0946826997872 -57.0663537354067 -54.3831061706984 -49.127734360058 -42.5299106743809 -38.9321837524355 -32.9263562211186 -31.3570193796937 -28.1126659412505 -26.1394341571657 -26.2705626926438 -28.4941044478071
-9999 -9999 -9999 -9999 -9999 -9999 -9999 -38.4956829113362 -22.4774670803799 -17.6944965421706 -22.4086959483099 -55.3058205142711 -133.022917440596 -163.95011886209 -115.937528140421 -67.8733403234019 -53.2064360611393 -49.4553637520627 -49.200889371027 -54.274174285665 -54.8072222583167 -51.5655894511587 -49.0086205796278 -47.3283465089562 -49.001076081027 -51.9462568130374 -51.9952251824415 -52.0353129454166 -52.2227724727164 -52.403734761647 -54.1372041623524 -54.7345459112536 -56.5225109690452 -56.5023755669437 -56.3388571946437 -56.4510602124814 -55.2220980361039 -54.1865861862006 -51.4382300846376 -49.124828270151 -47.5599100113913 -46.4535796940942 -45.3554762699273 -41.8991885910346 -40.2087925789042 -37.814007596307 -35.4750855886799 -33.5185089756886 -28.3081153150368 -24.7452302514166 -21.4460816152227 -19.1240856149631 -17.680670270679 -17.1637506300809 -16.9530768178654 -18.2867294699127
-9999 -9999 -9999 -9999 -9999 -9999 -9999 -9999 -30.5566758623604 -21.6741911387612 -16.1407593452236 -44.5599666876158 -112.618986011966 -130.343942376174 -89.5463592470597 -59.9513249319804 -45.6732944799227 -42.2753003771722 -43.6095880140508 -48.3840424188538 -47.7337857257262 -44.7648524900394 -40.5976699658275 -38.5966342211161 -40.4101313702445 -42.3316304300184 -41.7559712503722 -41.2431986649515 -40.7483731958866 -39.8229052375022 -39.6477605679062 -40.5228334295742 -41.5441740198229 -41.118237638328 -40.1088111389176 -37.767551111446 -37.8108069433861 -36.4412255762698 -34.3865696756893 -33.9307742951954 -31.8625452668377 -31.3292414949923 -30.2903099699982 -27.7603235834339 -27.1645406656961 -23.7276911573805 -22.6657456394924 -21.9711541675726 -19.4976858652332 -16.9833904497759 -14.685142344554 -13.1794128538487 -11.8844024941326 -10.7400443823399 -9.91806260834833 -9.0310952378036
-9999 -9999 -9999 -9999 -9999 -9999 -53.2293014081604 -48.6549041810459 -34.869552420429 -28.8386965159101 -27.6121813692548 -46.5857333811485 -79.6928599292006 -80.3504276210685 -53.6056168154515 -34.7443251223969 -31.8780243467852 -37.5658986056789 -41.782555727001 -44.5161152153356 -43.4901011487065 -40.3437942458813 -38.0539473756282 -34.8594008501905 -32.9470306029589 -31.7909356971285 -30.6055135745071 -30.4366449899458 -30.2194506829313 -29.0935755316146 -28.9055609438235 -29.0082695461146 -29.5307366322186 -29.0257311293916 -28.4859344208146 -27.39670583093 -25.4288775061006 -23.7538341548237 -22.0086877406552 -21.0451254831487 -20.559492183541 -20.2034673767574 -19.6268455579269 -17.4830511561144 -16.163975027588 -14.7271057471542 -13.3423601077398 -12.9927911403053 -13.0125225886942 -11.8976807344812 -10.8377316457433 -9.48755069424468 -8.24763253963461 -7.15607448567754 -6.43014136688126 -6.29011661716115
-9999 -9999 -9999 -9999 -9999 -37.3135077013774 -44.1952485216252 -43.4555320148318 -38.3118659267192 -37.7615974569467 -43.4516811519875 -44.5709598954564 -50.8090643059861 -42.0733572516306 -27.9272768826228 -17.7826095202356 -21.8842834051519 -30.6106873893852 -38.7940995293723 -40.033194374632 -38.1772298030805 -35.6935340816539 -35.7961141830858 -31.8521814909511 -26.7928216410587 -23.5434306230435 -22.2394095915727 -21.6637981155039 -21.105714936346 -21.7719720513493 -21.5506405353281 -20.7592020229499 -21.3165331657102 -21.2147383344763 -21.1508936132364 -21.5938143908685 -18.388935136158 -16.0276338949422 -14.2074635929788 -13.6169504099961 -12.9178185958319 -12.2492823383405 -12.0666589518653 -10.6818470271133 -10.0736610482971 -8.95695011631769 -8.88866191858708 -9.72344015453599 -9.63246326216928 -9.15834060536565 -8.82541351030234 -7.63212904889759 -6.5688385335949 -5.50146323210377 -5.06371882427923 -5.76646802836126
-9999 -9999 -9999 -9999 -9999 -25.5151400916167 -35.5989444242498 -34.3190293535617 -35.4725600170323 -42.2333578878227 -45.3482346386366 -40.9422711272546 -33.3973831711353 -23.5699208025043 -17.9736581827819 -15.243011173769 -20.1067932312036 -27.3356066248302 -32.557662047773 -29.0206687819057 -24.7684505552 -22.9572091699618 -22.8446096778489 -20.9224444335263 -18.2077369487904 -16.4489093142535 -16.1504833281342 -16.0107536885291 -15.2331087964693 -15.2132218766704 -15.4082010333366 -15.7968443868547 -15.8197908592709 -15.761449432446 -15.7882309188574 -15.3381257464114 -13.0568967551196 -10.8639149490396 -9.40145578534666 -8.26953938442577 -7.83789247348112 -7.30110059399261 -7.00112557653285 -6.85596321651231 -7.12532648149426 -7.86385716082344 -8.05493877276644 -8.26382140143956 -8.18557867018954 -8.10735433398966 -8.03380691369767 -6.98947784175731 -5.88533332228279 -5.03416777495523 -4.4728838945315 -4.47186272552179
-9999 -9999 -9999 -9999 -9999 -9999 -26.9227489991069 -25.721718463539 -29.6137654483006 -44.7166799682244 -58.7774065255103 -54.7673254994075 -30.4539930340423 -21.8646586937288 -20.3060405827974 -15.2204650426206 -20.2117191520801 -25.4413975581622 -26.9117371291617 -24.2016158100019 -17.9465200545837 -16.115359505117 -14.7395935690191 -12.9966970642167 -11.5184736339625 -10.3086903769562 -10.2552405575623 -9.72287328535937 -9.93743534728723 -10.3477579461149 -9.40463921671395 -10.2748120164698 -10.9734879781811 -11.4852615146407 -12.3772729678261 -11.6271155708249 -9.5101168549593 -7.42383405449168 -5.80752142927008 -4.92946437169713 -4.5834562166646 -4.35935338392457 -4.88058625382542 -5.45330007313433 -6.26042078500077 -7.35214036911506 -7.55985419595493 -8.14479728785253 -8.19398127815035 -8.51103292940695 -8.24879386358795 -7.41352057848261 -6.47094744973793 -5.6353510468933 -4.94591874848067 -4.73727300097754
-9999 -9999 -9999 -9999 -9999 -9999 -27.6619199457017 -19.4399385077964 -23.4382261674242 -41.4854636026376 -60.6562369489798 -80.3093345173173 -73.9885422444855 -54.819860404151 -39.888232244737 -32.5097714694619 -28.3394883994797 -24.6234391771096 -22.5374043703306 -20.4447459701703 -15.4900861976532 -13.1486409408439 -11.545955750496 -9.73142433399221 -8.13339310961013 -6.72744871423267 -6.1920198430683 -5.78739958885519 -5.87621760854707 -6.34548456011753 -6.85948416625559 -7.18621080346893 -7.34043901154869 -7.22322010057443 -7.31260268963817 -7.23628123067429 -6.11858592203392 -4.70637325057327 -3.55864462315452 -2.91726614418771 -2.74770626851871 -2.8918721671041 -3.54574775868671 -4.17216253610155 -5.0719276612099 -6.12193981046544 -7.02169064368487 -8.01570149991323 -8.97606675993516 -9.84190024062406 -10.200002182556 -9.29147068558629 -8.30941370467692 -7.87426390818568 -7.8837968727371 -8.422872749356
-9999 -9999 -9999 -9999 -9999 -9999 -28.3172705227372 -24.5491800408533 -25.6336331149802 -47.4453602837377 -70.7999710441643 -92.4592354309115 -126.653666242747 -117.515653994891 -87.3486107983475 -63.558978360982 -42.6678773918666 -27.024254344492 -23.7079184944508 -18.7354544162193 -14.5186709775545 -11.6862391608533 -10.7400449652924 -8.98139170428725 -7.04733926192392 -5.48570520343786 -5.12796009026314 -4.85096837079884 -4.71076285725169 -4.94924249202364 -5.01306425673711 -5.17756215766824 -5.38030231339033 -4.80940046015862 -4.2074770153381 -3.76300423870161 -2.85328507618263 -2.28091060266328 -2.11369564218453 -1.95557999567296 -1.87764347778204 -1.80432747831252 -2.43994051036343 -3.04788398181855 -3.8815181070958 -4.88932737730802 -5.92962013936183 -7.39901993864776 -8.41505263229775 -9.86575284534023 -11.3369761835269 -10.280900892656 -9.7665202131178 -10.0058462882363 -10.5953028672914 -12.1854674249955
-9999 -9999 -9999 -9999 -9999 -9999 -9999 -9999 -63.0628381568168 -61.4847268951666 -67.7828238094818 -106.349156378508 -161.704974828167 -158.023776290672 -126.450736324762 -87.4848105380296 -52.6452134108273 -34.6447774020954 -29.5299278851079 -18.4830067748049 -11.8113344314836 -9.38614671177958 -8.78897865052867 -7.85631829458743 -7.16625730121643 -6.10253255960304 -5.46927805586819 -4.81846920080964 -4.47646097636498 -4.49749814135392 -4.30292842662925 -4.3732853376532 -4.23438299445435 -3.69974669862812 -2.93742074154951 -2.25603183917663 -1.50467078749209 -1.00187751073005 -0.793779264509437 -1.00590899099985 -1.00596238933916 -1.2169176069483 -1.64803364945215 -2.12010647296901 -2.84678707494685 -3.72169237465706 -4.61182597057681 -5.84936290312497 -7.50570375500989 -9.21237593806748 -10.1895916128812 -10.6441296356672 -11.1388718521132 -12.0561545676505 -13.4986258680992 -15.053236349592
-9999 -9999 -9999 -9999 -9999 -9999 -9999 -9999 -69.9464262324433 -73.8910259535856 -66.1008799310081 -120.338995371863 -204.020883174919 -191.992884714365 -145.566820615887 -102.972303590687 -58.6559777320188 -36.666843201265 -33.1442173130941 -18.8324125818147 -10.366211577977 -7.95819183579658 -8.2990680417296 -7.32990388543027 -6.1020318870006 -5.31596981919427 -4.923097015526 -4.3858548770663 -4.21924307067474 -3.88729821921773 -3.48940584475376 -3.54212263134822 -2.88446128857043 -2.3084080909912 -2.31518062497037 -2.0379839362998 -1.21933520997315 -0.748063649991716 -0.454734423911597 -0.249569585661399 -0.436919593431529 -0.597215086607062 -0.786164607191774 -1.10934531337896 -1.63784584372446 -2.5631607 -3.47963716666035 -5.26422852547192 -6.65901057780942 -7.96401906525424 -9.58754285870401 -10.4136066728168 -11.2792674850567 -12.7480224710195 -13.6153837961823 -14.6397741528228
-9999 -9999 -9999 -9999 -9999 -9999 -9999 -9999 -9999 -80.8413115228145 -61.9164518935945 -129.413551759675 -256.322985444617 -228.182616085641 -155.72174091742 -107.025639873226 -58.5806678089907 -32.3587038122047 -30.6310148394181 -18.0451315123025 -9.91894608723469 -7.87678102082228 -8.8623667987495 -7.66429696595777 -5.9366892688306 -4.82247736528973 -4.16933940045852 -3.88106616456738 -3.69772456971624 -3.51095397422623 -3.43283328833646 -3.50067169795289 -3.16059007056359 -2.06025861448212 -1.31702737385972 -0.803068049450037 -0.75168150719039 -0.968628187044777 -0.730740025990354 -0.366892890014956 -0.27253848268217 -0.295959090081884 -0.52474477209231 -0.805258711071881 -0.994069210434548 -1.58912481082655 -2.73258562989863 -4.03126897502382 -5.60079867051745 -7.8291990885615 -9.94396860336312 -11.0210206025525 -11.4072576758685 -11.4315018979535 -11.9516475921553 -12.7791430155771
-9999 -9999 -9999 -9999 -9999 -9999 -9999 -9999 -9999 -9999 -81.4545622842286 -159.557919335305 -271.915012690607 -246.756155881858 -165.473158109084 -104.418087648953 -51.1439348763748 -25.9060618153413 -24.2943939884712 -16.3250245808395 -10.2066694655331 -8.49227168812273 -9.15040241516492 -8.25059043911492 -6.24625041642472 -4.75836403681492 -4.19142342056337 -3.89337306671356 -3.62633197367605 -3.27139701966523 -3.15604748159754 -3.25838184416688 -2.99429677181904 -2.12571463683009 -1.47014431195995 -0.680812594031536 -0.301514220207917 -0.0409583877975139 -0.298965760115337 -0.954431850789371 -0.619516651591178 -0.39994302807974 -0.401032535798594 -0.41058385106426 -0.606392281774923 -1.05376119715497 -1.77224788726078 -2.99123211541848 -4.91581724879425 -7.2024939581774 -7.89809931196699 -8.51590337591378 -9.37239104688288 -9.94323679949576 -9.59726672885317 -10.4629936227095
-9999 -9999 -9999 -9999 -9999 -9999 -9999 -9999 -9999 -9999 -9999 -192.201099513303 -263.30995236517 -253.038126857176 -171.546613310497 -102.496762561803 -48.2780098919543 -20.7141524312993 -16.0753060504851 -15.6843044514526 -11.544887808363 -10.1587465382513 -9.24501166820035 -7.94938963680013 -6.57082761855147 -5.10009670831443 -4.5231688185104 -4.04183600164096 -3.70287155958834 -3.36340411600209 -3.16790654667891 -3.25670424947826 -3.31713255207337 -2.53354963778754 -1.74614602398713 -1.10681388654453 -0.547702021414233 -0.216471147758234 -0.070334761225741 -0.170711835700061 -0.282712280059616 -0.607212459915039 -0.725183414154491 -0.728225390825419 -0.672617260600736 -0.976535826802002 -1.50968915078516 -2.44527568635621 -4.18466820350483 -5.93729035147853 -6.17791105510534 -7.13366014726974 -8.05896859128445 -8.08150932564419 -7.82449255363752 -8.22988218804331
