meets/meet004/_saidas_enm/CCSM_Maha_21k_Cavanillesia_umbellata2.asc
NCOLS 154 
NROWS 168 
XLLCORNER -112 
YLLCORNER -55.5 
CELLSIZE 0.5 
NODATA_value -9999 
[rows 50 to 74 of 168, columns 56 to 111 of 154]
-9999 -9999 -9999 -9999 -9999 -9999 -9999 -9999 -9999 -9999 -9999 -9999 -9999 -99.1940062491739 -41.0431612099066 -9.4993003479516 -4.3114607045085 -2.18948305677409 -1.59112978344628 -0.916655361680224 -2.2709088473455 -3.79149879862696 -4.38069581073021 -3.56177460145368 -6.08811516507187 -9.22496475733794 -13.4387915379136 -17.6523828740983 -20.3689376731351 -24.1149594625905 -25.8194446119775 -24.0900276392655 -18.8318910730351 -13.5576431354989 -7.82544722946714 -4.56857165828127 -3.77154270894407 -2.85046493485971 -2.60019836450775 -2.98508128866416 -2.69645603963629 -3.36381738402498 -3.24292208861169 -5.27234490765119 -10.319746858537 -11.2241298994499 -11.9914645667291 -11.9697384729074 -12.2273736813246 -11.2842391924834 -8.84067014769916 -7.11904231513607 -4.66629807727313 -2.83880833810753 -1.68768418464063 -1.67770646302083
-9999 -9999 -9999 -9999 -9999 -9999 -9999 -9999 -9999 -9999 -9999 -9999 -9999 -66.8095812890635 -32.7727449506131 -12.6629120479459 -5.9169706806534 -3.99537884333283 -3.09408748946276 -3.35518306338755 -4.32234252023172 -4.44352577705503 -4.90533471643236 -4.47234905244842 -5.78131170108387 -6.77707921682237 -7.22151803483672 -7.95616347585139 -8.2618174225782 -9.87452540287832 -11.1765579025994 -10.3913199741079 -9.02803754964128 -7.88590929392847 -5.57134630183128 -3.50180531592888 -2.93403240463392 -1.94004622755215 -1.53175992425694 -1.55878587523282 -1.57480327298686 -2.37620726793034 -2.60785159879763 -4.46255377021881 -8.663658997738 -11.1847569580206 -11.1602384926217 -8.83519552806051 -8.09892262816347 -7.94080714410541 -6.49817568562806 -5.16111303682637 -3.3485956058657 -2.18917009561151 -1.41538528596974 -1.23200204059922
-9999 -9999 -9999 -9999 -9999 -9999 -9999 -9999 -9999 -9999 -9999 -46.6469280797669 -39.2947957357916 -45.0307558302703 -31.908820313278 -17.4471402929861 -11.1389494351294 -4.92488531114649 -2.82425902113573 -3.82946674510842 -4.0419880534203 -2.57696426229222 -3.03533116698807 -3.70880743417134 -3.40907945709841 -4.06389286133217 -3.08417751546308 -3.85937129413493 -5.3710179439949 -9.10899926234832 -11.3270723320692 -9.6899920113234 -5.48561463906852 -4.23236346794148 -1.6176253445024 -2.28907256711029 -2.49583999112205 -1.59633615821379 -1.32612653048627 -1.44280006112594 -1.45656353551272 -2.47520608952365 -2.48482991444148 -3.65070499529192 -5.36314136864227 -4.9844066382136 -6.61733477805067 -4.22941008465501 -4.1898561289071 -5.6797190034222 -4.57869591803593 -3.32825932624998 -2.10053343154909 -1.44521665078111 -0.994466712834689 -0.934145348392531
-9999 -9999 -9999 -9999 -9999 -9999 -9999 -9999 -9999 -9999 -38.0842156371588 -26.5565031129617 -19.6600939292285 -23.8942289928032 -38.3892770089954 -28.6784464907769 -16.6384367428172 -10.1190567257838 -7.22652087225567 -4.5550887034207 -3.11649384301737 -2.41153251704793 -1.87452738135696 -1.5490433721348 -1.97432321438561 -2.66485046340705 -5.16455806999396 -8.12591567925806 -13.5405978805131 -19.8327071022804 -20.9548228472691 -14.800096671762 -8.11225166285757 -3.63620249494133 -0.870708441394005 -1.67271211111608 -2.41741137896426 -1.77711866376548 -1.53531630829573 -1.59230860698561 -1.7874182049449 -2.16237052030444 -2.42110389451485 -3.17123292991526 -4.53130233089593 -4.81452153180908 -5.44888419112676 -4.84860752988524 -5.36476411918701 -4.83319152693489 -3.21489560522143 -2.58425353978437 -1.53012910870506 -1.12824216157975 -0.841789665636323 -0.719960266785556
-9999 -9999 -9999 -9999 -9999 -9999 -9999 -9999 -9999 -9999 -16.6086170993898 -12.0328966229003 -18.631280601026 -23.6625110419888 -30.7746786213267 -39.8569334045721 -23.6860063731643 -11.5588457174859 -6.95866514262855 -3.8933088439236 -2.40628841600734 -2.11344480206193 -0.991671106393482 -1.36565087850387 -4.69688888978335 -7.64434762876555 -14.1459199482157 -22.7439129193983 -33.1300907154799 -42.3868398226084 -41.0738258264445 -28.0642145486842 -13.9488198072017 -5.79260785498839 -1.4202245431284 -1.44324596286329 -2.83882257742635 -1.73808934102262 -2.07471288094013 -1.85043202192381 -2.01765915183159 -2.1140658866434 -2.4713142309547 -3.17659104049632 -4.18680083794897 -5.25043912735665 -6.39035709884832 -5.22206551163905 -4.72973227219945 -3.875732228772 -2.65519904361401 -2.28739635063547 -1.50843890566336 -1.18778895548714 -0.978002135434944 -0.843695965048411
-9999 -9999 -9999 -9999 -9999 -9999 -9999 -9999 -32.5681793295593 -24.1651585602521 -15.9257128394701 -13.4659601478474 -20.1951090732519 -22.1893379453454 -27.7580165917479 -43.1152328892552 -27.5231498457302 -13.9519506194841 -9.08005243316511 -7.34748142130209 -4.56178675937616 -4.23520164095249 -4.69384553901026 -5.7164796028475 -11.3598939211158 -18.4628763321219 -28.5224922859305 -43.5018680600783 -57.3998054610716 -59.5647448825943 -55.0892802407269 -32.7927448012091 -19.3016650674044 -8.9630213414971 -2.9145312071334 -1.74189801201958 -2.24283103574219 -0.989450462302965 -1.40054905847956 -2.59457002473334 -3.24660702630475 -3.17515846627138 -3.26930556602115 -3.95441677102466 -4.70689626697677 -4.72534163692405 -5.26762022773615 -5.35930357674532 -5.31765412212447 -4.51230714146462 -3.36224071478224 -2.60779105128685 -1.82200193557088 -1.47472173263804 -1.48796431313721 -1.62976704220386
-9999 -9999 -9999 -9999 -9999 -9999 -9999 -9999 -20.233296975611 -14.7003067154454 -11.6095888780176 -9.88475280191137 -19.4996076626059 -21.2688637538908 -22.3514232806588 -32.3193382393767 -29.1355977829685 -19.4213047701887 -14.8684416006412 -12.5969349188971 -11.984243910641 -12.9119636172781 -11.8722053101963 -16.5426831785296 -26.3778278256963 -38.3716664537435 -51.6378512774751 -67.3821825351276 -75.798091400885 -76.7414374473334 -68.7721151435945 -41.1489956548077 -21.2536585796598 -10.5310711767519 -3.99761733470753 -2.44627620540666 -2.57394331230471 -1.37091422447838 -1.2085354521724 -1.34162734326636 -2.04538571839979 -2.40597154204173 -2.97310293939144 -3.27672541929544 -3.94901335265928 -4.72754569770407 -4.56222918329984 -4.77662487121062 -4.91596772279896 -4.0663119605849 -3.29660863579569 -2.35449733118031 -1.56076583295422 -1.04999661520022 -0.655123496732736 -0.579840790781605
-9999 -9999 -9999 -9999 -9999 -9999 -9999 -17.577381987009 -16.1967705224011 -9.8577465187123 -11.7036408422867 -7.1900228784145 -19.9624375983224 -21.2972087958475 -16.3886233784171 -23.0461151800702 -18.9642489699544 -16.6508931530558 -13.8010509896698 -19.4798540969642 -24.4653300208477 -26.9256499906038 -28.5391206802855 -33.7811024256196 -45.1406736507625 -51.7510896887703 -53.7480091324891 -53.9380735215992 -57.5305882880856 -63.1978803221836 -67.5483317215353 -43.8838721564628 -23.0536847910189 -11.5102969787516 -4.4784955052008 -2.10760167613097 -1.89443513306754 -2.67413298301698 -2.55015657760318 -3.26466421847137 -4.36840882465998 -4.62767495979707 -5.15422786329389 -5.01975653339729 -5.39279300498716 -6.27311417082643 -4.84850212858178 -2.37675805772921 -0.849321807347907 -0.298937301677257 -0.0618520571524854 0.154074346876651 0.392781003941238 0.253306182752349 -0.304463474362086 -0.825931761637933
-9999 -9999 -9999 -9999 -9999 -9999 -9999 -13.0159639733632 -9.41072584096277 -7.11165082386831 -8.57940379660698 -5.67037524541394 -20.1758359278264 -24.6906628463729 -12.6923809934186 -11.095633016864 -8.92199464727806 -8.88983428053229 -9.3306227896938 -10.7109126723709 -15.2046774246505 -21.2906586493147 -27.2088465574668 -26.7581480131473 -25.8538900525155 -27.0949727404999 -27.1713285004123 -30.4028663397231 -30.3301403490711 -29.2128263928221 -31.4319178228474 -33.5319818411484 -23.7207582535224 -13.1554176347176 -5.51547798241827 -1.75700236372138 -0.777977192149685 -0.763456409467328 -1.10874940066424 -1.48407239852295 -2.68863846308701 -3.95516895847507 -6.1035734939443 -8.28245569891069 -5.98466704485794 -3.22846242471616 -1.7218327115374 -1.04325609541364 -1.79180597902351 -3.99879735684935 -5.71413383624455 -6.1223574360643 -6.2779846068588 -6.23894147401232 -4.00831154884712 -2.21593136506586
-9999 -9999 -9999 -9999 -9999 -9999 -13.856933626789 -10.4597751073423 -4.52918752171301 -6.5491022970219 -8.559482428252 -4.98639306927689 -22.6095984501656 -32.0270579092685 -12.2597969962787 -6.23745401934224 -4.85089417318695 -5.07744834287843 -4.65496026740418 -5.79450749145936 -9.64954667577308 -12.6228529460717 -16.3954333903439 -16.7233162594543 -16.9648108641812 -16.8346989352772 -17.5740809268685 -17.4160301006059 -17.4638956842487 -18.6534353082425 -17.2141899247588 -19.4403483498972 -21.2998659981935 -11.3540510902376 -4.05899035742217 -0.842265738115792 0.145268807033115 0.126560403871827 -0.498649129276681 -2.10026953557985 -4.72708423739248 -6.24811876692531 -5.19159272463216 -3.37925235131449 -3.06229140810944 -3.76523075734662 -5.72017306071347 -9.03060723639255 -13.8947223389997 -20.6815533527602 -21.4547503070136 -21.7490943207458 -18.7374349509593 -16.8025815227025 -15.4554683079635 -11.9124356558433
-9999 -9999 -9999 -9999 -9999 -9999 -13.6327179720943 -6.57467479445701 -4.34280521642421 -2.97138588885276 -3.25544297140589 -4.51464186436394 -24.391152956362 -34.6436655687249 -14.0937938860658 -4.18205531872462 -2.73674203575727 -2.60393248487883 -2.26345812622798 -2.08579239263525 -3.54131497096801 -5.27868179574737 -7.77769508079354 -7.46828441948548 -6.66903929633291 -6.82166180442744 -6.58132032215598 -7.12045672937624 -6.95490146400302 -6.74835634802501 -7.55094501803531 -8.18840043509203 -9.90275381187147 -10.795141537238 -7.41857902885427 -3.30097708277335 -1.82187265397569 -1.71450505695936 -2.04795050038831 -1.99440886061022 -2.08330255264693 -3.38590800331915 -5.65560075364741 -6.34545863494849 -9.64415372272161 -9.71412374280101 -7.94591231695041 -7.6470186128412 -8.35685366624012 -8.29048942379552 -9.00315918268721 -8.55705539864634 -8.76546948893579 -7.94121776586455 -6.88942077275215 -6.89624448141363
-9999 -9999 -9999 -9999 -9999 -9999 -10.8725044067569 -8.03757306366552 -2.89758462583588 -0.0908577550454264 -0.665317863377815 -4.79156442618371 -25.4858816472547 -32.1778211111515 -12.6992029745086 -3.28350303708761 -1.56393559934654 -1.18893679391814 -0.73193653068414 -0.689637138002595 -1.4980961828261 -2.21595418301895 -3.5501849733173 -3.36965340067502 -3.01280615880327 -2.44090849537748 -2.8269601222902 -2.59596417379796 -2.66519236777854 -3.24796667159277 -2.99329768544557 -4.27492339576677 -4.73801931442347 -5.52221332128197 -6.97070247715942 -6.71721980613279 -6.0267926079476 -4.81758309528932 -5.2765358360988 -6.99196474701974 -8.26067576723351 -8.81039364709408 -7.3566691444181 -6.58911805792142 -5.45701664389585 -4.10454043414918 -3.84031593293204 -3.08859223591221 -3.21417788185965 -3.33537302620322 -3.47654026569377 -3.669651630077 -2.82468917246356 -2.73640605391999 -3.36274099274803 -3.02738474168668
-9999 -9999 -9999 -9999 -9999 -9999 -9999 -13.4696304398237 -6.95006839034839 -0.0954164381585734 -0.186726407718631 -3.94630772402813 -20.759298069764 -26.0608264746472 -12.7215727834402 -3.31718851542142 -1.09103363018733 -0.43215667869737 0.00461637091219147 0.2240773241696 0.115358393825845 -0.140232781927219 -0.775693811227526 -0.624460938810838 -0.117639878451799 -0.017534657357118 0.0747328685478923 -0.083436482541233 -0.111227974676232 -0.16592891853214 -0.450509330555109 -0.711120650940403 -1.33844185646842 -1.59342504986365 -1.94346265849957 -2.72223937989279 -3.33751923266063 -4.59620822406937 -5.56583779743524 -4.5466648287914 -4.23143653280381 -3.45052364141162 -3.10621015643381 -2.64970464917438 -1.92143577151968 -1.57690888498437 -1.35998320867319 -1.47359422580539 -1.22166450369639 -1.11948846970791 -1.18003373223173 -1.28261200036316 -1.47144169891053 -1.59358043422463 -1.84874220933402 -1.77450497186634
-9999 -9999 -9999 -9999 -9999 -9999 -9999 -9999 -9.32326895251953 -1.17283172754605 -0.770525742869768 -2.77576519101386 -16.3061809892726 -19.1191015831965 -8.65103115463268 -2.8809983149303 -1.01914915591819 -0.38523252186409 0.127813178871772 0.419231028469784 0.480200438847127 0.427171527377504 0.216422916552868 0.228960382376622 0.493224139838832 0.708085503919034 0.573477347083606 0.509202178803539 0.442539290531169 0.257669171020765 0.28892308940351 -0.0724394550563736 -0.328142312071462 -0.568165785546643 -1.16169731673726 -1.70797398390455 -2.2363389661336 -3.05000308284555 -3.55168144200722 -2.84883073532478 -2.29042743200685 -2.05153329996789 -1.69998738946202 -1.49064275433119 -1.1848889152949 -0.98322142209235 -0.9249118253054 -1.47473417541363 -1.52073349278146 -1.35460062373933 -1.36986137679828 -1.20164844500353 -1.21752109082053 -1.31451151495302 -1.46736312968883 -1.65015398398053
-9999 -9999 -9999 -9999 -9999 -9999 -8.88410202416199 -13.2137509790192 -8.09221025645646 -1.78208114332709 -0.569181641450547 -3.26807188949411 -8.55653839192474 -9.03458913107995 -3.69511452897926 -1.89562139214678 -2.23571958866066 -0.587590903957016 0.203145733798571 0.476122617324032 0.634475439348622 0.710413288606962 0.715341107123503 0.675080866007307 0.653464763953944 0.611150956922723 0.483246942893617 0.315388871744092 0.111866346285085 -0.00151504978040795 -0.0748884177695868 -0.174285047242553 -0.318741247834228 -0.272783479433363 -0.28813381464106 -0.588448199116855 -1.04379841723289 -1.95285548456743 -2.59748276542149 -1.99508597561413 -1.53689892612908 -1.10566846789646 -0.968640085886254 -0.994682091173797 -1.01912358616348 -1.00026748298775 -1.13643286077134 -1.70718840185014 -2.10141500929076 -2.12392478153839 -1.87295742729545 -1.85858715974186 -1.87165843483126 -1.95785773891853 -2.30496012752121 -2.73565328239942
-9999 -9999 -9999 -9999 -9999 -3.86637282611426 -9.91416164221659 -17.2466162525587 -6.11166864315986 -3.13017904945392 -2.11157097583837 -2.99212910435622 -3.34955720812946 -2.12134463642697 -1.75423408508134 -3.22066356075009 -3.40020220816312 -1.5937946549221 -0.0887192269641288 0.092123694970212 0.334957329684231 0.404694751796434 0.604418948347063 0.50856161741688 0.119139687561655 -0.206190712026286 -0.549451366312598 -0.739027233377496 -1.05314712004128 -1.55357452540886 -1.46340091136673 -1.58296158993455 -1.43999275423178 -1.12278113458764 -0.965498304640397 -0.522765504869664 -1.09000950929779 -1.848328802697 -2.29912313775597 -1.6170264783455 -1.35667595584439 -1.18645487068857 -1.09021288214103 -1.04930890578478 -1.0454695889234 -1.14328123738498 -1.28683808688993 -2.0570937820144 -2.46078379493328 -2.56358846508492 -2.52304421921751 -2.73438680562995 -3.12908340187487 -3.36924700594435 -4.11031956092665 -5.26768973939769
-9999 -9999 -9999 -9999 -9999 -3.7755728369806 -10.4533752700662 -14.4864050771229 -6.34669862506047 -3.83100147564412 -2.73064150013594 -2.54340621271044 -1.96338806749315 -2.26339580084467 -3.01950577788379 -3.27543740460664 -3.97001328477802 -3.42098210320272 -1.68082708171719 -1.57467144127349 -2.13855880201365 -2.14240414447885 -1.4995311995793 -1.50534342534456 -1.91952640994441 -2.29912485553102 -2.2001615257991 -1.92762513965371 -1.88648765624087 -1.84768487977766 -1.90421223700333 -1.97001521770488 -2.03846889802815 -1.99966794759699 -2.11333506483481 -2.01596981142545 -2.307392027098 -2.95220317215056 -2.53640295222116 -1.94615853855858 -1.59595272577303 -1.3139554113414 -1.22180140525182 -1.23916178606207 -1.39674728972698 -1.62892148382245 -2.00364005941068 -2.50406869943344 -2.82879470874428 -3.3004291113712 -3.65096210417133 -3.9743645176875 -4.38458605091949 -4.76813653084465 -5.41739704605737 -6.2543703514735
-9999 -9999 -9999 -9999 -9999 -9999 -10.5287525447922 -12.7652558894253 -4.85036172936384 -3.93559428125683 -3.61364227794706 -3.73595216886135 -3.06112051140412 -3.70458290224009 -3.35939360849077 -3.66685454054469 -3.94242013028638 -4.06333024756316 -3.59741063775864 -3.7310965268743 -4.08991873723989 -3.75809669594295 -3.41883019258677 -3.13071918691704 -3.01868389068008 -2.88315083357799 -2.98113332997698 -2.81571701449737 -2.41546625362633 -2.00078960193535 -2.2756964482197 -1.78922820244505 -1.75698910901035 -1.47907473679714 -1.29282042390324 -1.41675046327499 -1.79057205451504 -2.21304765540622 -2.11075099507089 -2.0517821599688 -1.70535006236652 -1.60133997763034 -1.6084289531781 -1.78015039953704 -2.02671391535169 -2.40348857109898 -2.84314176840074 -3.39480923378001 -3.79215362117441 -4.40340943992742 -4.73245780437151 -4.40979146152978 -4.51009074034822 -4.67787107369417 -4.5064067537166 -4.45859797606739
-9999 -9999 -9999 -9999 -9999 -9999 -10.9528911034078 -11.7903907029123 -2.94524737933266 -3.13135487812083 -4.06409777112091 -6.89122373616885 -6.08354156594839 -3.93951795331236 -3.01359912533146 -2.13865292783636 -2.59654819272439 -4.85547517655139 -4.96023398274732 -4.41897632487971 -3.77917100687058 -3.04399734659336 -2.48345410637325 -2.00877657325283 -1.71576740374331 -1.50317520365076 -1.43476741922068 -1.33209214308515 -1.51630937573008 -1.69618800685436 -1.68817644087179 -1.68623068051903 -1.75182257192201 -1.7877859664233 -1.53506103091034 -1.46183563131321 -1.53127063542731 -1.51794359192625 -1.52394614867084 -1.71693519726845 -1.94283053882159 -1.89219700154543 -1.98524133136297 -2.24758106533318 -2.73075302138829 -3.13857058740127 -3.74817835019508 -4.00263343762067 -3.89271690968913 -3.68214447920264 -3.40690098818509 -3.14944642181617 -3.18503535188958 -3.21930424189229 -3.02131796271201 -2.92899238949533
-9999 -9999 -9999 -9999 -9999 -9999 -10.8975004233476 -16.1096382052845 -4.87124572979878 -4.23351684250893 -4.28682782631287 -6.92017601273925 -9.02829730283013 -9.36962052778311 -8.46242115735675 -4.66633278762158 -1.80088366399621 -4.60724613290469 -4.95331059519348 -3.9693217102003 -3.6071284000368 -2.95821195509182 -2.72463821039645 -2.1940681574076 -1.58816526050877 -1.25011218194962 -1.10053689659291 -0.990329427555901 -0.97339877861586 -1.29030640842265 -1.1511934577348 -1.13008167964096 -1.13124429072265 -1.25448913413972 -1.54237422772743 -1.35549974629223 -1.21979712107652 -1.33285111881412 -1.35994863273711 -1.51785502933821 -1.79708329467956 -2.12039701757044 -2.39282510034085 -2.43696251639922 -3.02820038148526 -2.94188268895245 -3.112951622012 -2.93001466470048 -2.85651028577952 -3.09676084371717 -2.82160318065753 -2.78782491208149 -2.55304523634138 -2.53677138312364 -2.40718101667898 -2.50739958300466
-9999 -9999 -9999 -9999 -9999 -9999 -9999 -9999 -24.0122685799112 -7.50544850401243 -3.10072498660656 -6.36945685722095 -9.90615510836032 -10.34528165994 -10.4742098166635 -8.5631775147634 -2.77876986905577 -3.1341630186604 -5.09684951005788 -4.00636324325025 -3.18410590527027 -3.31459141767274 -3.68549592022082 -3.10904503835404 -2.18667926605356 -1.66570865785652 -1.43003424875591 -1.35204204490458 -1.21968280856598 -1.15451435228245 -1.15064065465518 -1.03598789396617 -0.99135331888079 -0.975379191412593 -1.04714309101158 -1.21320594961092 -1.21696949782677 -1.08333305879169 -1.21828627798887 -1.30629250292646 -1.55128399631474 -1.58866030355297 -1.63583076619512 -1.78145279055668 -2.03475183410445 -2.07195853872641 -2.13804974974186 -2.13816329551696 -2.03972680846539 -2.0651463793546 -2.44970883749217 -2.78532197397079 -2.34467456096788 -2.36379413127443 -2.42195095789813 -2.60840075395969
-9999 -9999 -9999 -9999 -9999 -9999 -9999 -9999 -23.3569018637858 -12.5299968401403 -2.6638842862526 -4.93223713207629 -12.7655093898801 -11.4418215240536 -10.0088604258712 -9.7064525098761 -3.52447754788945 -2.84738055867252 -4.38252683458888 -3.69388770513145 -3.2023179484476 -3.68429407311579 -4.69155635187224 -4.31478610868364 -2.94864308665209 -2.32728563295557 -2.00264887445528 -1.92753948670173 -1.67146268221653 -1.47406776821485 -1.3150920062926 -1.17420587211069 -1.14126643840101 -0.974047145643965 -0.916284848992836 -0.830878506192035 -0.857283338204387 -0.68161996477694 -0.810856020045073 -0.997911321729803 -1.07770097530075 -1.37745301573561 -1.08156859124256 -1.14139767017858 -1.58693360817102 -1.44627630090896 -1.52534844647475 -1.53168078865497 -1.44253671695159 -1.82321648983919 -2.06498049031554 -2.7265866665898 -2.62062584140227 -2.57526952835273 -2.59365284677117 -2.98830889629341
-9999 -9999 -9999 -9999 -9999 -9999 -9999 -9999 -9999 -25.8191274868034 -2.23924720522953 -3.57369672887051 -18.5365014983349 -13.2148511514278 -9.41660558753522 -8.82834391065793 -4.32614307691539 -2.21144159665642 -4.55751597729354 -3.7698408261633 -3.21880068452046 -4.30711033532151 -5.12559052462923 -4.70314564443913 -3.94546956594019 -3.14011803391224 -2.7746866512218 -2.52001423860645 -2.216892009342 -1.85428552993876 -1.60022308537467 -1.44781507862959 -1.36432211844456 -1.17852846454302 -0.94261961665474 -0.791343949911708 -0.613723444739584 -0.566599538536081 -0.585764316020729 -0.568402316649012 -0.719224445800176 -0.71482140396672 -0.789092766894827 -0.972256104858873 -1.10888987363455 -1.20279088607554 -1.1163953509851 -1.19908574341751 -1.2271466901948 -1.48255185082348 -2.02766091131831 -2.59388724355163 -3.28009257159827 -3.61873159344268 -3.23534971883878 -3.2102502993035
-9999 -9999 -9999 -9999 -9999 -9999 -9999 -9999 -9999 -9999 -13.7881151542667 -12.156194566015 -20.5223865766198 -13.3209602693292 -9.67112312635306 -7.67244118782138 -4.90836733666262 -2.32534385119711 -4.06103344266712 -3.42495160569809 -3.15653928707147 -4.05238304203297 -5.00817084451379 -5.02506701769797 -4.25007351610618 -3.73624448660419 -3.41347928168303 -3.17512883392326 -2.76470387510296 -2.33757874985346 -1.97198460673177 -1.75438943354221 -1.75468771967265 -1.52643044357317 -1.30619924459231 -1.13485834822809 -0.94846162687927 -0.753332415935277 -0.693121692370295 -0.677483939434471 -0.796580710350099 -0.898514033640834 -0.815331989489128 -0.976987905745858 -1.38562171746379 -1.4528122167704 -1.18750244227967 -1.11846886868509 -1.19987374013155 -1.70763103510843 -2.30890166390488 -2.86872839033506 -3.5204118919523 -4.02988921885016 -3.36082455990311 -3.21384840389607
-9999 -9999 -9999 -9999 -9999 -9999 -9999 -9999 -9999 -9999 -9999 -37.007770430016 -19.9265037962685 -13.2033378769927 -9.37105486218158 -6.80916958174727 -2.76880337681374 -3.35594918526019 -3.45339606335577 -2.95999651541991 -3.35277879766045 -3.92515448269654 -4.60671770531299 -4.60417474424453 -4.40579287884978 -4.21263425612087 -3.86889420805022 -3.60044150460175 -3.2254718282191 -2.80212450117662 -2.4526365325059 -2.14378090972332 -2.07283050276536 -1.97961726109366 -1.78495389658343 -1.63495932413344 -1.39455899735238 -1.23391331875929 -1.07429807154925 -0.926860775884555 -0.912562252145668 -0.974332350820593 -1.00817022547591 -1.173574926767 -1.37972117995484 -1.39839113890395 -1.20190613917016 -1.26389164650769 -1.49101920404839 -1.92144644951315 -2.54262128068392 -3.12431695959862 -3.80688241387073 -4.14560646613754 -3.60701547645192 -3.60746201585363
