meets/meet004/_saidas_enm/CCSM_Maxent_0k_Cavanillesia_umbellata2.asc
NCOLS 154 
NROWS 168 
XLLCORNER -112 
YLLCORNER -55.5 
CELLSIZE 0.5 
NODATA_value -9999 
[rows 100 to 124 of 168, columns 56 to 111 of 154]
-9999 -9999 -9999 -9999 -9999 -9999 -9999 -9999 -9999 -9999 -9999 -9999 -9999 -9999 -9999 -9999 -9999 -9999 -9999 -9999 -9999 -9999 -9999 -9999 -9999 -9999 -9999 -9999 0.149988234043121 0.0688009262084961 0.144813030958176 0.0717539265751839 0.0595008283853531 0.0551570020616055 0.0556018352508545 0.0556791871786118 0.0967539697885513 0.105390481650829 0.0765378102660179 0.0843296945095062 0.093795083463192 0.118703939020634 0.154750764369965 0.0431093908846378 0.0418261922895908 0.0424706488847733 0.0550600327551365 0.0751675665378571 0.13348713517189 0.132306590676308 0.12499513477087 0.123699933290482 0.11855249106884 0.110004611313343 0.319748938083649 0.293707281351089
-9999 -9999 -9999 -9999 -9999 -9999 -9999 -9999 -9999 -9999 -9999 -9999 -9999 -9999 -9999 -9999 -9999 -9999 -9999 -9999 -9999 -9999 -9999 -9999 -9999 -9999 -9999 -9999 0.152281433343887 0.0722075700759888 0.147311866283417 0.0648545771837234 0.0507644601166248 0.0488662756979465 0.0561695173382759 0.0961213782429695 0.103638686239719 0.109630614519119 0.0795479267835617 0.0884746313095093 0.0990367978811264 0.125044628977776 0.161797046661377 0.0444955080747604 0.041431225836277 0.0412669405341148 0.0570726692676544 0.128936171531677 0.143670588731766 0.122754774987698 0.066246472299099 0.109905630350113 0.110779397189617 0.109826102852821 0.316419988870621 0.220664232969284
-9999 -9999 -9999 -9999 -9999 -9999 -9999 -9999 -9999 -9999 -9999 -9999 -9999 -9999 -9999 -9999 -9999 -9999 -9999 -9999 -9999 -9999 -9999 -9999 -9999 -9999 -9999 0.248065680265427 0.159089267253876 0.203322157263756 0.0920559093356133 0.0600265562534332 0.0508258007466793 0.0515177063643932 0.0604589320719242 0.105257339775562 0.111321650445461 0.117364995181561 0.0854077786207199 0.0937088429927826 0.107238285243511 0.132579699158669 0.171114578843117 0.0479307286441326 0.0427346006035805 0.0426270999014378 0.0530118532478809 0.0725660473108292 0.124588072299957 0.115372970700264 0.068474143743515 0.0684416145086288 0.110634580254555 0.110667705535889 0.220057621598244 0.222895130515099
-9999 -9999 -9999 -9999 -9999 -9999 -9999 -9999 -9999 -9999 -9999 -9999 -9999 -9999 -9999 -9999 -9999 -9999 -9999 -9999 -9999 -9999 -9999 -9999 -9999 -9999 -9999 0.244033262133598 0.149882614612579 0.190911576151848 0.0804004296660423 0.0556723847985268 0.0502459965646267 0.0536773316562176 0.101815991103649 0.112905152142048 0.111172080039978 0.11442394554615 0.0829665288329124 0.0925745368003845 0.108719788491726 0.133432045578957 0.168615028262138 0.0459732636809349 0.144231304526329 0.140613541007042 0.0481308810412884 0.0636284723877907 0.069232352077961 0.0702501088380814 0.0680994763970375 0.0685963407158852 0.0686956197023392 0.0690036192536354 0.212886393070221 0.198221608996391
-9999 -9999 -9999 -9999 -9999 -9999 -9999 -9999 -9999 -9999 -9999 -9999 -9999 -9999 -9999 -9999 -9999 -9999 -9999 -9999 -9999 -9999 -9999 -9999 -9999 -9999 -9999 0.229823142290115 0.131181597709656 0.109566308557987 0.0724467113614082 0.0515373535454273 0.0503480583429337 0.0559323616325855 0.104779914021492 0.111075073480606 0.100294210016727 0.0594710037112236 0.0679120868444443 0.0849042013287544 0.10470624268055 0.126806482672691 0.147489637136459 0.141179040074348 0.133990094065666 0.12981204688549 0.157398387789726 0.191934436559677 0.212361380457878 0.21674732863903 0.209187895059586 0.21420393884182 0.212385445833206 0.205604165792465 0.196369633078575 0.20581416785717
-9999 -9999 -9999 -9999 -9999 -9999 -9999 -9999 -9999 -9999 -9999 -9999 -9999 -9999 -9999 -9999 -9999 -9999 -9999 -9999 -9999 -9999 -9999 -9999 -9999 -9999 -9999 0.220981076359749 0.104524672031403 0.120242834091187 0.0619039386510849 0.0469091385602951 0.0490485578775406 0.055181473493576 0.0994660034775734 0.0989426299929619 0.0538205057382584 0.0494454428553581 0.0587496235966682 0.079673707485199 0.102486565709114 0.12161211669445 0.13408251106739 0.146558418869972 0.148653447628021 0.151895076036453 0.164266064763069 0.19062902033329 0.208417400717735 0.217920690774918 0.210529968142509 0.210034862160683 0.199941322207451 0.19196155667305 0.208983823657036 0.200813427567482
-9999 -9999 -9999 -9999 -9999 -9999 -9999 -9999 -9999 -9999 -9999 -9999 -9999 -9999 -9999 -9999 -9999 -9999 -9999 -9999 -9999 -9999 -9999 -9999 -9999 -9999 -9999 0.204182609915733 0.0888572409749031 0.106595240533352 0.0563037618994713 0.0420873425900936 0.0472416803240776 0.0542314723134041 0.0892239809036255 0.0772039964795113 0.0435156784951687 0.0439459718763828 0.0568315908312798 0.0828826129436493 0.107745073735714 0.119175083935261 0.129364043474197 0.142498582601547 0.15902478992939 0.187386810779572 0.200895741581917 0.205141365528107 0.22245180606842 0.229690223932266 0.365215748548508 0.243968918919563 0.223722606897354 0.212538629770279 0.206690028309822 0.206112384796143
-9999 -9999 -9999 -9999 -9999 -9999 -9999 -9999 -9999 -9999 -9999 -9999 -9999 -9999 -9999 -9999 -9999 -9999 -9999 -9999 -9999 -9999 -9999 -9999 -9999 -9999 -9999 0.183209478855133 0.219539955258369 0.0868565514683723 0.0489130988717079 0.0360077060759068 0.0440384484827518 0.0515858232975006 0.0514717847108841 0.0409376956522465 0.0359697192907333 0.0408905223011971 0.0585868321359158 0.0864135324954987 0.109382301568985 0.118141651153564 0.122748501598835 0.134235396981239 0.152208641171455 0.179227948188782 0.193428993225098 0.21476523578167 0.235765293240547 0.3529152572155 0.366437405347824 0.245223134756088 0.222144886851311 0.210653573274612 0.208306431770325 0.208678245544434
-9999 -9999 -9999 -9999 -9999 -9999 -9999 -9999 -9999 -9999 -9999 -9999 -9999 -9999 -9999 -9999 -9999 -9999 -9999 -9999 -9999 -9999 -9999 -9999 -9999 -9999 -9999 0.398760080337524 0.247809648513794 0.073488675057888 0.0379079654812813 0.0294112544506788 0.0400494113564491 0.0498721152544022 0.0480528436601162 0.0545489601790905 0.0326533429324627 0.0432704426348209 0.0652393028140068 0.0942107513546944 0.108971051871777 0.114693641662598 0.115100584924221 0.121172390878201 0.13063457608223 0.138417676091194 0.162862539291382 0.181905046105385 0.202807798981667 0.229262590408325 0.240485593676567 0.23070727288723 0.212901324033737 0.205164864659309 0.206750467419624 0.2071832716465
-9999 -9999 -9999 -9999 -9999 -9999 -9999 -9999 -9999 -9999 -9999 -9999 -9999 -9999 -9999 -9999 -9999 -9999 -9999 -9999 -9999 -9999 -9999 -9999 -9999 -9999 -9999 0.425535142421722 0.242335677146912 0.0654680877923965 0.0343748964369297 0.0266761500388384 0.038661777973175 0.0498118065297604 0.0484439022839069 0.0593444481492043 0.065363921225071 0.0589718893170357 0.0870163962244987 0.111244797706604 0.116061963140965 0.115154221653938 0.113371074199677 0.115763194859028 0.121932096779346 0.129173010587692 0.148168832063675 0.165922477841377 0.185379520058632 0.206694826483727 0.216551795601845 0.214653819799423 0.204771921038628 0.201701998710632 0.204270899295807 0.203913316130638
-9999 -9999 -9999 -9999 -9999 -9999 -9999 -9999 -9999 -9999 -9999 -9999 -9999 -9999 -9999 -9999 -9999 -9999 -9999 -9999 -9999 -9999 -9999 -9999 -9999 -9999 0.534336745738983 0.406523793935776 0.2310970723629 0.0607435740530491 0.0323152281343937 0.0276950318366289 0.0383637845516205 0.0512989833950996 0.0517276264727116 0.0649526044726372 0.0858458057045937 0.139334231615067 0.193981319665909 0.135756254196167 0.125448390841484 0.122123941779137 0.118476383388042 0.11866919696331 0.126190096139908 0.135492771863937 0.149675115942955 0.166496261954308 0.181668013334274 0.191896483302116 0.197519809007645 0.201503768563271 0.199269607663155 0.199833825230598 0.201344534754753 0.20071280002594
-9999 -9999 -9999 -9999 -9999 -9999 -9999 -9999 -9999 -9999 -9999 -9999 -9999 -9999 -9999 -9999 -9999 -9999 -9999 -9999 -9999 -9999 -9999 -9999 -9999 -9999 0.508875548839569 0.404365748167038 0.187017783522606 0.0459423176944256 0.0333509258925915 0.0313104279339314 0.0391353219747543 0.0524243302643299 0.0567755252122879 0.087701216340065 0.119000673294067 0.176999896764755 0.224967181682587 0.156470358371735 0.144010469317436 0.13492850959301 0.129183083772659 0.128597944974899 0.134993836283684 0.143282800912857 0.154216676950455 0.164539128541946 0.175052031874657 0.183507859706879 0.188466519117355 0.191452011466026 0.191520810127258 0.192519634962082 0.193259418010712 0.190204441547394
-9999 -9999 -9999 -9999 -9999 -9999 -9999 -9999 -9999 -9999 -9999 -9999 -9999 -9999 -9999 -9999 -9999 -9999 -9999 -9999 -9999 -9999 -9999 -9999 -9999 -9999 0.451629191637039 0.314019381999969 0.0765452533960342 0.0366385728120804 0.0333711989223957 0.0357950627803802 0.0423645302653313 0.0586721487343311 0.111327916383743 0.11665628105402 0.163731321692467 0.206850454211235 0.239093780517578 0.173416808247566 0.165062099695206 0.15714818239212 0.146486073732376 0.144663214683533 0.151776939630508 0.15312123298645 0.161791279911995 0.16396726667881 0.16753788292408 0.175240501761436 0.182161286473274 0.183726236224174 0.182694107294083 0.184085875749588 0.183718398213387 0.179765120148659
-9999 -9999 -9999 -9999 -9999 -9999 -9999 -9999 -9999 -9999 -9999 -9999 -9999 -9999 -9999 -9999 -9999 -9999 -9999 -9999 -9999 -9999 -9999 -9999 -9999 -9999 0.399946302175522 0.200089663267136 0.0500610247254372 0.0313122756779194 0.0356654338538647 0.0387634970247746 0.0596056170761585 0.0846456736326218 0.177300870418549 0.212346196174622 0.237320110201836 0.246474161744118 0.17915615439415 0.192884922027588 0.198927581310272 0.188247054815292 0.174553036689758 0.173215359449387 0.185440510511398 0.193680420517921 0.181503385305405 0.164835467934608 0.160297766327858 0.164511919021606 0.171285808086395 0.174090936779976 0.174814477562904 0.175943344831467 0.174212411046028 0.170246735215187
-9999 -9999 -9999 -9999 -9999 -9999 -9999 -9999 -9999 -9999 -9999 -9999 -9999 -9999 -9999 -9999 -9999 -9999 -9999 -9999 -9999 -9999 -9999 -9999 -9999 0.476202666759491 0.339136958122253 0.117401801049709 0.0330956019461155 0.0315423347055912 0.0384349934756756 0.0506563894450665 0.0885778516530991 0.199517086148262 0.269607663154602 0.353957653045654 0.328354477882385 0.289909899234772 0.198123320937157 0.309857845306396 0.342213213443756 0.304397404193878 0.199025392532349 0.201399862766266 0.315645515918732 0.350881457328796 0.205715745687485 0.165448933839798 0.151558607816696 0.153845936059952 0.160376146435738 0.164652958512306 0.165704399347305 0.166108980774879 0.162355333566666 0.160812690854073
-9999 -9999 -9999 -9999 -9999 -9999 -9999 -9999 -9999 -9999 -9999 -9999 -9999 -9999 -9999 -9999 -9999 -9999 -9999 -9999 -9999 -9999 -9999 -9999 -9999 0.468633472919464 0.233826205134392 0.0492299012839794 0.0264639519155025 0.0331186056137085 0.0434784665703773 0.0691116824746132 0.176671519875526 0.256223976612091 0.33426108956337 0.369461745023727 0.357147395610809 0.337072521448135 0.321384698152542 0.323444068431854 0.332697361707687 0.308366715908051 0.204695165157318 0.29766646027565 0.329064399003983 0.348308473825455 0.298787295818329 0.165692642331123 0.148449048399925 0.146645337343216 0.15265741944313 0.153014928102493 0.152105197310448 0.152266561985016 0.14874555170536 0.145289659500122
-9999 -9999 -9999 -9999 -9999 -9999 -9999 -9999 -9999 -9999 -9999 -9999 -9999 -9999 -9999 -9999 -9999 -9999 -9999 -9999 -9999 -9999 -9999 -9999 -9999 0.441832274198532 0.183425590395927 0.0358649678528309 0.0287990421056747 0.0357498340308666 0.0521545112133026 0.0867350697517395 0.209544748067856 0.291366010904312 0.357632666826248 0.336523562669754 0.335477143526077 0.339643985033035 0.326922833919525 0.320219188928604 0.317959010601044 0.295762956142426 0.190873354673386 0.190436214208603 0.304448306560516 0.338969618082047 0.19403038918972 0.15447011590004 0.14012785255909 0.139134287834167 0.144342213869095 0.141786873340607 0.138482883572578 0.137089923024178 0.12597730755806 0.123345099389553
-9999 -9999 -9999 -9999 -9999 -9999 -9999 -9999 -9999 -9999 -9999 -9999 -9999 -9999 -9999 -9999 -9999 -9999 -9999 -9999 -9999 -9999 -9999 -9999 -9999 0.434931755065918 0.179231733083725 0.0371691696345806 0.0306484922766685 0.0391972921788692 0.0682662799954414 0.10200459510088 0.221747666597366 0.295026928186417 0.3376644551754 0.316171526908875 0.30655226111412 0.299450725317001 0.28080877661705 0.295111119747162 0.304124087095261 0.275749295949936 0.167295917868614 0.159102991223335 0.165271505713463 0.16799983382225 0.156784474849701 0.14159207046032 0.134413123130798 0.131459936499596 0.13132531940937 0.128984108567238 0.126106843352318 0.125257223844528 0.114788845181465 0.168712615966797
-9999 -9999 -9999 -9999 -9999 -9999 -9999 -9999 -9999 -9999 -9999 -9999 -9999 -9999 -9999 -9999 -9999 -9999 -9999 -9999 -9999 -9999 -9999 -9999 -9999 0.397567927837372 0.185282632708549 0.0418162196874619 0.0314396657049656 0.0471801646053791 0.0823695883154869 0.115079529583454 0.232776194810867 0.300314724445343 0.314590245485306 0.295666694641113 0.2836973965168 0.26322665810585 0.243983283638954 0.272586494684219 0.287270128726959 0.172396585345268 0.141844615340233 0.129004836082458 0.128326684236526 0.123902849853039 0.129128947854042 0.127683982253075 0.12597431242466 0.122630879282951 0.120263874530792 0.118483118712902 0.115403898060322 0.10787670314312 0.102991841733456 0.153824836015701
-9999 -9999 -9999 -9999 -9999 -9999 -9999 -9999 -9999 -9999 -9999 -9999 -9999 -9999 -9999 -9999 -9999 -9999 -9999 -9999 -9999 -9999 -9999 -9999 -9999 0.37143537402153 0.18125581741333 0.0487370491027832 0.0366233587265015 0.0498646199703217 0.0837798863649368 0.117827698588371 0.244051903486252 0.302428513765335 0.294847726821899 0.283559709787369 0.268134981393814 0.256753385066986 0.240216702222824 0.249943196773529 0.254302531480789 0.149727821350098 0.119540236890316 0.107522204518318 0.109150491654873 0.113498196005821 0.115649990737438 0.116106636822224 0.116978228092194 0.114768028259277 0.111800521612167 0.108973957598209 0.105664156377316 0.0993283912539482 0.0957092344760895 0.140712022781372
-9999 -9999 -9999 -9999 -9999 -9999 -9999 -9999 -9999 -9999 -9999 -9999 -9999 -9999 -9999 -9999 -9999 -9999 -9999 -9999 -9999 -9999 -9999 -9999 -9999 0.354019045829773 0.185012012720108 0.0486976280808449 0.0366397202014923 0.0492767915129662 0.0811088979244232 0.113959237933159 0.23326750099659 0.273937195539474 0.268767565488815 0.262140721082687 0.248638272285461 0.238543450832367 0.222161531448364 0.227607935667038 0.228300765156746 0.131729945540428 0.104359783232212 0.09562698751688 0.100648619234562 0.106003165245056 0.108970418572426 0.109170034527779 0.109865754842758 0.106843151152134 0.105148188769817 0.103526718914509 0.0997733399271965 0.093091756105423 0.0887563154101372 0.132437750697136
-9999 -9999 -9999 -9999 -9999 -9999 -9999 -9999 -9999 -9999 -9999 -9999 -9999 -9999 -9999 -9999 -9999 -9999 -9999 -9999 -9999 -9999 -9999 -9999 -9999 0.336195826530457 0.188650414347649 0.0447809807956219 0.0327913537621498 0.044450119137764 0.0755047723650932 0.101968795061111 0.131494596600533 0.15565150976181 0.233118951320648 0.222232982516289 0.219474449753761 0.134074777364731 0.129258960485458 0.136928126215935 0.135208174586296 0.118650250136852 0.0985046029090881 0.0916259735822678 0.095476470887661 0.101222828030586 0.102955482900143 0.102698490023613 0.103012479841709 0.101179905235767 0.0996273308992386 0.0978694558143616 0.096112996339798 0.0901858508586884 0.0863392949104309 0.126991748809814
-9999 -9999 -9999 -9999 -9999 -9999 -9999 -9999 -9999 -9999 -9999 -9999 -9999 -9999 -9999 -9999 -9999 -9999 -9999 -9999 -9999 -9999 -9999 -9999 -9999 0.342354267835617 0.198750466108322 0.0469110943377018 0.0309989545494318 0.0401321388781071 0.0641494318842888 0.0857599601149559 0.107274435460567 0.126016691327095 0.13090755045414 0.125414744019508 0.126288965344429 0.119018197059631 0.118914037942886 0.131069079041481 0.129593580961227 0.115049965679646 0.0958812311291695 0.0893143862485886 0.0933841839432716 0.0978151112794876 0.0986661911010742 0.0968526303768158 0.0966439768671989 0.0949551910161972 0.0943191424012184 0.0939419642090797 0.0916928723454475 0.0851078778505325 0.0820517763495445 0.12172132730484
-9999 -9999 -9999 -9999 -9999 -9999 -9999 -9999 -9999 -9999 -9999 -9999 -9999 -9999 -9999 -9999 -9999 -9999 -9999 -9999 -9999 -9999 -9999 -9999 -9999 0.349646896123886 0.2148227840662 0.0543820820748806 0.0328283421695232 0.0373477190732956 0.050859373062849 0.0696499943733215 0.0912914574146271 0.106852509081364 0.116888269782066 0.121909029781818 0.119271107017994 0.116968117654324 0.121754236519337 0.132645770907402 0.204194858670235 0.119204960763454 0.0963712483644485 0.0888218134641647 0.0919749140739441 0.0961660593748093 0.0952062979340553 0.0918451100587845 0.0917368680238724 0.0909824073314667 0.0903274863958359 0.0914489254355431 0.0863900110125542 0.0888554900884628 0.084297738969326 0.121308878064156
-9999 -9999 -9999 -9999 -9999 -9999 -9999 -9999 -9999 -9999 -9999 -9999 -9999 -9999 -9999 -9999 -9999 -9999 -9999 -9999 -9999 -9999 -9999 -9999 0.365180253982544 0.338705807924271 0.220299437642097 0.099140353500843 0.0358915589749813 0.0381865762174129 0.0480679981410503 0.0626434832811356 0.0792605355381966 0.0932178571820259 0.104027204215527 0.110447190701962 0.110402680933475 0.110103718936443 0.117254324257374 0.133770540356636 0.210672557353973 0.12437055259943 0.1005774512887 0.0913433954119682 0.0924450755119324 0.0950365215539932 0.0928461253643036 0.0902385041117668 0.091800682246685 0.0944170653820038 0.0956160128116608 0.0939722806215286 0.0900170505046844 0.0998576954007149 0.169715583324432 0.179878517985344
