meets/meet004/_saidas_enm/CCSM_Maha_0k_Cavanillesia_umbellata1.asc
NCOLS 154 
NROWS 168 
XLLCORNER -112 
YLLCORNER -55.5 
CELLSIZE 0.5 
NODATA_value -9999 
[rows 75 to 99 of 168, columns 56 to 111 of 154]
-9999 -9999 -9999 -9999 -9999 -9999 -9999 -9999 -9999 -9999 -9999 -35.5252958959622 -21.8518947095318 -8.75930797088682 -4.81934884155875 -0.37175286639819 -0.762873047865007 -0.645147394253177 0.308678577110662 0.00856235946944983 -0.436120654362329 -0.755434637945034 -1.72621796109646 -2.42517754103304 -2.33873805300062 -2.3535231251166 -2.13589260594222 -2.02771506771539 -1.95595658596482 -1.72936386918305 -1.75677248710654 -1.68600662443041 -1.8193832600742 -1.90597936618062 -1.88321505897752 -2.00671718747045 -1.94488526639792 -1.83246547680364 -1.73199424337218 -1.69999026251358 -1.70721513584219 -1.84040939690212 -1.99268172916978 -1.95512601826448 -1.84992955960006 -1.99836064691013 -2.30361901007728 -2.88900107019513 -3.41350385019589 -3.92161686974262 -4.62280403744847 -5.46611885524365 -6.41236124593046 -6.28860478711993 -5.32621705828006 -4.72641275971908
-9999 -9999 -9999 -9999 -9999 -9999 -9999 -9999 -9999 -9999 -9999 -35.3544450121088 -17.7563532621163 -5.88552066826275 -4.90251301517228 -2.00613218279349 1 1 -0.629613554766715 0.326227641371566 0.0944039876449513 -0.656268279331697 -1.06602261872294 -1.58966399620089 -1.95769701563514 -2.14087476546306 -2.18248474160639 -2.0231810626344 -1.94629193091139 -1.82822195325618 -1.976007757395 -1.93647126243596 -2.11396196674145 -2.26648882601461 -2.22740496431013 -2.45732474821839 -2.37981241116987 -2.34975741526836 -2.21472932415969 -2.1222216813218 -2.22297360165623 -2.2124315453004 -2.45042530627925 -2.49968280968486 -2.32107411738988 -2.55292858241106 -2.72929085157965 -3.16512927613206 -3.49660512412678 -3.95581746937612 -4.59351024523303 -5.28649860071299 -5.89414923285924 -5.50402706673488 -4.81852788461694 -4.67612160858286
-9999 -9999 -9999 -9999 -9999 -9999 -9999 -9999 -9999 -9999 -9999 -9999 -31.2194286264737 -10.3259323356966 -5.42505007284883 -2.68163791614961 -0.415406366848947 -0.10593988774316 0.07441764219054 0.373783913718788 -0.120407616217655 0.412387357823947 -0.712673289856987 -0.613510131806497 -1.25041279110768 -1.99922833502946 -2.00269100959517 -1.66225680703871 -1.5845853902651 -1.56324467621413 -1.75910246990942 -1.71569018183703 -1.85437651759154 -2.02264753965553 -2.09228068095717 -2.36519482562726 -2.43385726412251 -2.58190433162193 -2.6472298571211 -2.58878004406738 -2.58447103342836 -2.60821707653107 -2.75117105310323 -2.92076061880678 -3.03063201063212 -2.89144234588789 -3.00091606974436 -3.31232020292601 -3.66743355513422 -4.12961333154448 -4.63692997704218 -5.01621101676605 -4.99114690670334 -4.95246151495369 -4.73598932863312 -4.91799017114428
-9999 -9999 -9999 -9999 -9999 -9999 -9999 -9999 -9999 -9999 -9999 -9999 -42.4099251454028 -26.4139058665492 -5.82281662416645 -4.00832827725141 -4.97964478776356 -5.17490424493612 -3.0018880294824 -0.121481654981958 0.874283834817408 -0.928465101144168 0.197618421059701 0.0312235501727897 -1.10743072048652 -2.44113605605139 -1.67919194564169 -1.1053184363596 -0.923275426532205 -0.986832826064095 -1.33417043745775 -1.26705568878015 -1.30927222040853 -1.51836341371457 -1.67100352792484 -2.03930113965334 -2.34495249655917 -2.65197078808146 -2.80558094397145 -2.65919303937597 -2.62548727390801 -2.78084504458446 -2.93399790155797 -3.04837774667078 -3.12207746322161 -3.20298247851484 -3.42893249230091 -3.60520586231782 -3.87396301674254 -4.31064177091498 -4.47545948155334 -4.75114255733296 -5.05969649204762 -5.03692763661216 -5.51348807248343 -6.46171449066659
-9999 -9999 -9999 -9999 -9999 -9999 -9999 -9999 -9999 -9999 -9999 -9999 -9999 -40.7696916343089 -10.5878954110797 -7.79737205942983 -12.9160332804001 -19.2558062731789 -17.4151654725535 -9.03076899739901 -0.454749051157216 0.209670917119699 0.258087985799254 -0.0808177286398322 -0.243359615236663 -1.17398485658691 -0.731790585367078 -0.170949163067101 -0.159300973651604 -0.265371196912454 -0.523023911435885 -0.581750812954884 -0.712598334976082 -0.969874064838302 -1.23578840905903 -1.72559893337523 -2.0454952409794 -2.44235659989098 -2.70044985484894 -2.71813445483523 -2.78819166126689 -2.75619357810296 -3.00846720639147 -3.13969749648801 -3.35267357673288 -3.60465796944501 -3.86894069876243 -4.04144935976669 -4.31788540547689 -4.69556244211497 -4.78620975865886 -4.72446846239341 -5.43832127261946 -6.00069760551339 -6.53285820380777 -7.08405026269066
-9999 -9999 -9999 -9999 -9999 -9999 -9999 -9999 -9999 -9999 -9999 -9999 -9999 -42.2606732734729 -18.7474716230176 -13.5327969757994 -21.1050105509234 -43.6821446600555 -44.9915708456466 -27.6226915723846 -15.9327096244072 -2.60849551912601 -1.20154205747806 -1.30990242892954 -0.857959815155769 0.244126298382653 0.0841369071229907 0.540929580777719 0.561689648226701 0.259556212125961 0.0374660085132797 0.0872518778922242 -0.17085677202573 -0.396097442343347 -0.674219341952005 -1.3133576786364 -1.41158354242526 -1.85699561066883 -2.27227979955506 -2.54879184032146 -3.04685594810618 -2.76368851460195 -2.65813314455032 -3.13659518242188 -3.45100774781127 -4.07074695786635 -4.1629307269742 -4.44146700387766 -4.76539148354612 -5.01278709661967 -5.44024736221951 -5.60700616084412 -5.90229650204563 -6.19522688128828 -6.48190150137852 -6.94616640347822
-9999 -9999 -9999 -9999 -9999 -9999 -9999 -9999 -9999 -9999 -9999 -9999 -9999 -9999 -34.0462554261971 -16.9540923225559 -23.7232564225859 -45.7716410613629 -50.3900229778187 -40.6648581450613 -26.0171923515093 -8.98583815550682 -1.69186829138574 -7.45954357657186 -6.3841543560714 -4.53131507394909 -1.31604770115558 1 0.346424981878256 1 0.709699291136755 0.196708468391097 0.150899737489877 -0.00202787480211297 -0.195075062486111 -0.407853674202007 -0.552449259872375 -0.755889917784916 -1.11896733556328 -1.6654999058752 -2.31321018839177 -2.43600910406116 -2.56630845357082 -3.05831985503151 -3.48423731704764 -3.92524477827224 -4.27534706671297 -4.63004037705732 -5.07647270566584 -5.46657146168164 -5.86000454041398 -6.09249463213562 -6.28693051155944 -6.34011497943012 -6.23933399518923 -6.25317818827191
-9999 -9999 -9999 -9999 -9999 -9999 -9999 -9999 -9999 -9999 -9999 -9999 -9999 -9999 -31.6012613601531 -32.3636956417407 -25.9498511452488 -36.2706901348008 -47.5250351191701 -48.17965673872 -40.5964940515633 -30.8533427996066 -21.70294828217 -17.5474588960181 -9.25174752462666 -18.6907299357105 -9.66728688230542 -4.00678694080352 -0.18139608550181 1 0.131492160707109 0.682752298188862 0.120745261645313 0.250939209024587 0.0331799778670409 -0.277586063333882 -0.296953010306479 -0.217116583969353 -0.569884381726185 -0.844508323902028 -1.58043668556441 -1.8365760817077 -2.40378280595625 -3.23844869311956 -3.5439818691791 -3.92501870955226 -4.34252946090734 -4.79697608002901 -5.29729456812101 -5.72325133275927 -6.26871664098961 -6.32219312483579 -6.5137514428081 -6.4558053519258 -6.08625045720432 -5.50969274276049
-9999 -9999 -9999 -9999 -9999 -9999 -9999 -9999 -9999 -9999 -9999 -9999 -9999 -9999 -9999 -36.164095918223 -27.3927751739904 -22.2240810686645 -37.0623457758065 -51.048612033025 -67.0122849731327 -59.9813464404834 -55.6069842769188 -44.5305592299676 -29.169160876533 -20.7904724670113 -11.7187213628165 -9.42035670324829 -9.25039419192024 -4.41125657740919 -0.578554094834627 0.300076981275716 -0.0459960146202698 0.37797511224108 0.62735547068713 0.718664650394749 0.667712062880783 0.687508710378903 0.568739262693538 0.390201145845164 -0.161327802592176 -1.16204060609091 -2.06645081291074 -3.34867747202229 -3.70824513478594 -4.00946764859832 -4.45414837381172 -4.92678945071086 -5.351840262537 -5.63653674194421 -5.91328730559759 -6.11341666028597 -6.32318409074248 -6.28802936750016 -5.85968427206827 -5.46951715772302
-9999 -9999 -9999 -9999 -9999 -9999 -9999 -9999 -9999 -9999 -9999 -9999 -9999 -9999 -9999 -39.9186702222873 -41.3136773851562 -13.1000539030693 -27.3594924377966 -47.2653138053987 -83.5432681780964 -80.2162137122192 -92.2434905990303 -84.5780034980539 -63.7548413420458 -63.7692398949997 -39.2812187156959 -36.8731914650698 -19.3280692564619 -1.32036559456501 -2.50118557191932 0.129320591371459 -0.367952850040934 0.169511410518724 0.498139116142753 0.93297743832344 0.916905433260002 0.971153752480286 0.97014557514445 0.710388175989791 0.453341361238386 -0.141854911113611 -1.71011716930648 -3.43116286129531 -3.89274805996168 -4.11345258710392 -4.60557705336302 -5.03469042786046 -5.4459612457209 -5.16642377959276 -4.26031595033621 -4.24694648327309 -4.6537541183751 -4.52218424952162 -4.17974835046533 -4.39078706083486
-9999 -9999 -9999 -9999 -9999 -9999 -9999 -9999 -9999 -9999 -9999 -9999 -9999 -9999 -9999 -29.8913213450785 -55.4195168437589 -21.5407170796538 -15.5627008279659 -28.2259838222794 -50.8217795688659 -69.2762934206626 -90.3178152919355 -98.7964131156048 -83.9023185199326 -75.0515551091502 -59.8283640576304 -50.2037008083268 -27.9706367134459 -6.55950030415521 1 -0.77792948091301 1 0.507745811828869 0.768870961536387 0.447671080608738 0.855723733718126 1 0.8648448764239 0.170602967229025 -0.257926436885803 0.215136701074603 -1.45719881710635 -3.20884506560043 -4.08223473606195 -4.27187219769034 -4.5744788904259 -5.02954248530209 -5.34949220900739 -4.01038959664202 -3.05497604804624 -2.6198998237995 -2.31630339749058 -2.07944340312532 -2.08256272672918 -1.64618781815701
-9999 -9999 -9999 -9999 -9999 -9999 -9999 -9999 -9999 -9999 -9999 -9999 -9999 -9999 -9999 -9999 -45.1088944768329 -59.5160338734044 -22.8178120429282 -13.9842614988803 -31.7946155516265 -46.9525229730283 -71.240785952046 -87.4660593226599 -86.9638034674471 -93.4482892555723 -79.4596494150064 -77.1306494760767 -51.5340203892641 -20.8543207757051 -3.59961508272832 -0.414488088286564 1 -0.457106864093129 -0.0562216180591522 0.605239778647647 0.465121011996777 0.679037787838661 0.888141945006738 0.644097962798449 -0.0650860409283551 -0.031390179295731 -1.5215977393875 -3.09757678210317 -3.81872486777548 -4.15781993932986 -4.22841715741406 -4.62026949364542 -4.34796662759612 -3.05578300742748 -2.22415959715624 -2.1069371456065 -1.65271160528071 -1.46781260608872 -1.54694955389569 -1.03571334220674
-9999 -9999 -9999 -9999 -9999 -9999 -9999 -9999 -9999 -9999 -9999 -9999 -9999 -9999 -9999 -9999 -9999 -42.8008954479561 -71.0909616338135 -29.6257458990597 -12.5028007053929 -20.5467183899005 -36.6850580850339 -54.3744838397502 -65.3712966003566 -74.8710534934628 -81.3143508643141 -83.5946853099408 -67.8392878783053 -39.5076801110058 -14.7217755107979 -1.37344451528254 -2.01342183981405 0.386160979211918 -0.117698277049936 -0.336890652363386 0.288973898712642 0.311311260206572 0.115077964595975 0.0472311429728023 -0.529492393723047 -0.830462860895821 -1.63140881405442 -2.46263329293694 -2.67644212737166 -2.70529269396462 -2.87976371757634 -3.0043043465409 -3.28828817803843 -3.1399895624015 -2.72702064367253 -2.68582940960058 -2.53905601815903 -2.72781019981998 -2.63285090196162 -1.89694659826087
-9999 -9999 -9999 -9999 -9999 -9999 -9999 -9999 -9999 -9999 -9999 -9999 -9999 -9999 -9999 -9999 -9999 -9999 -9999 -78.4213413935035 -50.5732328475183 -34.9297222064389 -31.0246140078099 -39.8206557166684 -51.6363734459202 -63.3412255216746 -78.2834493715325 -87.0589802119305 -76.2075745994447 -58.0681246630787 -32.2918118177682 -11.1964692361651 -2.49308360237185 -3.33659857624709 -0.22653603573743 -0.658435363982257 0.0651194063628309 -0.243722017523315 0.152280608370793 -0.164717582343052 -1.15047537218098 -1.05809831189129 -1.39996357834701 -1.75118208549998 -1.75675864067161 -1.89250634501149 -2.12909854282912 -2.03145008088074 -1.76997769649982 -1.79061523613883 -1.64159570194004 -1.92334133885745 -2.18367614139092 -2.49987799535763 -3.08003522809791 -2.97159213025438
-9999 -9999 -9999 -9999 -9999 -9999 -9999 -9999 -9999 -9999 -9999 -9999 -9999 -9999 -9999 -9999 -9999 -9999 -9999 -9999 -9999 -85.451869443885 -74.8667946507627 -50.7141120840963 -43.1690166078236 -54.9040059591463 -65.7278146659051 -78.2408157110588 -81.155854853616 -67.3948051428531 -54.915071827015 -30.464658337202 -12.226141968726 -3.33582360035527 -0.921938442451622 -2.22404119216624 -0.409055097600134 -0.239699047257735 -0.345290752272334 -0.43533565844035 -0.41714405316332 -0.587583317508355 -1.05685134902293 -1.10920470638276 -1.42429989433553 -1.61785618699575 -1.87538107031234 -1.9698284315962 -1.77566194355574 -1.49312889986631 -1.59675451587061 -1.93400279003753 -2.39898156463335 -2.77805502003868 -2.98441403953272 -3.32988650485008
-9999 -9999 -9999 -9999 -9999 -9999 -9999 -9999 -9999 -9999 -9999 -9999 -9999 -9999 -9999 -9999 -9999 -9999 -9999 -9999 -9999 -9999 -9999 -79.7308095732383 -56.3986798893326 -42.627252573621 -46.8834729340905 -57.9301782182642 -69.9738949953625 -70.5408238708387 -66.7890929229649 -52.3364573155073 -34.1012101844325 -17.3574908742078 -5.67540124414916 -0.577065587271943 -3.53922459287639 -0.384396067832711 0.078249510341948 -0.0825402422040913 -1.47212067598927 -1.03906821580609 -0.586400181244608 -0.447431697859675 -0.730676114470069 -1.10096451159675 -1.3913547811411 -1.51093042825378 -1.43507658161564 -1.29284958298033 -1.45812006492687 -1.8195547141413 -2.35436145664656 -2.73587485350717 -2.89012771510533 -3.31617151374747
-9999 -9999 -9999 -9999 -9999 -9999 -9999 -9999 -9999 -9999 -9999 -9999 -9999 -9999 -9999 -9999 -9999 -9999 -9999 -9999 -9999 -9999 -9999 -9999 -9999 -60.5916958056338 -39.1532468853927 -35.9194758188563 -49.0682805175227 -60.5082558150434 -66.5541373944814 -65.6485230010535 -64.4768033965204 -51.0070899437314 -27.7909081579504 -14.8323343497012 -2.61276822108563 -0.9241482794449 -1.48657973259535 -1.33953158610176 -0.867872947792214 -1.86876938917943 -0.53947648716884 0.239529546962123 -0.0629096590928497 -0.585134732510276 -0.82122775208728 -0.839100932856224 -0.88366082413413 -0.953153471960738 -1.14493455021466 -1.57193756903315 -2.05595228029599 -2.43448677883567 -2.73314493023594 -3.50012340518498
-9999 -9999 -9999 -9999 -9999 -9999 -9999 -9999 -9999 -9999 -9999 -9999 -9999 -9999 -9999 -9999 -9999 -9999 -9999 -9999 -9999 -9999 -9999 -9999 -9999 -85.9412936968158 -69.2320465937862 -33.7158805644844 -31.4709205571654 -44.8068327815532 -59.4543101187583 -70.2578160109116 -76.4093692510461 -67.9173887657519 -50.5619810593844 -32.680527420169 -15.6889384701467 -5.33987854303106 -1.98008370705091 0.665863503704919 -1.56730462893822 -1.07037533081672 -0.983445638531268 0.352645618174469 0.258502627200501 -0.307446479999485 -0.517020479613697 -0.564594259340354 -0.612759654981209 -0.794015461038846 -1.09822290824946 -1.48399665444454 -1.77286788835588 -2.09083364969219 -2.55840469146269 -3.53009836920457
-9999 -9999 -9999 -9999 -9999 -9999 -9999 -9999 -9999 -9999 -9999 -9999 -9999 -9999 -9999 -9999 -9999 -9999 -9999 -9999 -9999 -9999 -9999 -9999 -9999 -9999 -9999 -66.3206327943096 -30.3742799376596 -29.5881783060677 -52.733586650086 -68.4654752396694 -75.0013787640598 -73.8185008070422 -61.2394885634412 -46.8594712002259 -29.2311554918852 -17.1275659209224 -5.50175415684622 -1.09043481707627 -0.682258635829702 -0.832564901102635 -1.878205593177 -0.0301946639410815 0.233869975160899 -0.182528413873316 -0.234983561514067 -0.395171660428376 -0.454705508148508 -0.725229011173944 -1.49181566365316 -1.46002158554571 -1.45818724159013 -1.72013750024812 -2.44052046163527 -3.62507663428142
-9999 -9999 -9999 -9999 -9999 -9999 -9999 -9999 -9999 -9999 -9999 -9999 -9999 -9999 -9999 -9999 -9999 -9999 -9999 -9999 -9999 -9999 -9999 -9999 -9999 -9999 -9999 -83.8783111044562 -37.8646454603261 -23.48796559483 -38.5256027602292 -60.7625875579909 -74.6874698052078 -77.9831215504575 -66.9587570153633 -50.7091346316996 -35.2203425016983 -22.5997300824204 -8.56979843626558 -1.46845093082575 -1.17210352738541 -1.67106831253847 -1.97365901877428 -0.373119880510689 0.0745175476361031 -0.122826066004863 -0.102030598829206 -0.135099504299029 -0.144278532063104 -0.492451487390546 -0.974610429411144 -1.14140812537958 -1.23997188797749 -1.56042321197518 -2.35623139128225 -3.28333415811812
-9999 -9999 -9999 -9999 -9999 -9999 -9999 -9999 -9999 -9999 -9999 -9999 -9999 -9999 -9999 -9999 -9999 -9999 -9999 -9999 -9999 -9999 -9999 -9999 -9999 -9999 -9999 -9999 -38.6474535876756 -19.8833521248419 -26.8653154116459 -51.327462979482 -74.5361267211644 -83.8000602721635 -69.8754106724426 -51.5034328786762 -37.3620124274183 -26.2294181247349 -12.0791450009342 -2.96899531282699 -2.97810333904899 -2.27766184816427 -0.967374916748454 -0.515037068357584 -0.13919797166605 -0.26658623329773 -0.350581359706897 -0.532655069198043 -0.46794331483603 -0.245011975515887 -0.31179443624885 -0.703973154776636 -1.14280602378323 -1.62597019318628 -2.2237194868981 -2.94583110215867
-9999 -9999 -9999 -9999 -9999 -9999 -9999 -9999 -9999 -9999 -9999 -9999 -9999 -9999 -9999 -9999 -9999 -9999 -9999 -9999 -9999 -9999 -9999 -9999 -9999 -9999 -9999 -9999 -40.2197638248288 -19.8658552174728 -22.8493836418676 -47.1321717680151 -74.5335016258245 -86.7645393960624 -73.6342008002164 -52.0148695652421 -38.7867663359719 -28.0152198614434 -13.2746609092579 -4.00915753052133 -4.59004798319581 -3.12632338995664 -0.9641825853594 -0.666118397452828 -0.248498127559213 -0.451981118224994 -0.7874207300007 -0.820149630034648 -0.71584429438882 -0.292688118826572 -0.327190610302215 -0.485625644034194 -0.980092337567815 -1.54534282175678 -2.03411898393421 -2.7120595805787
-9999 -9999 -9999 -9999 -9999 -9999 -9999 -9999 -9999 -9999 -9999 -9999 -9999 -9999 -9999 -9999 -9999 -9999 -9999 -9999 -9999 -9999 -9999 -9999 -9999 -9999 -9999 -9999 -42.9833724471169 -20.0380279451342 -20.4294526738807 -46.4178833561247 -79.863165435769 -94.3183770682499 -76.7907051005254 -52.7583587579104 -39.5333678675199 -28.9646739932393 -14.2045846861119 -5.05223680530102 -7.33603255088008 -5.20817195438679 -1.92752155898476 -1.48962711823367 -1.12479354947082 -0.971529250738579 -0.462479693353442 -0.976688854146065 -0.875452089866701 -0.303002486924108 -0.423213510273537 -0.513073879057087 -1.00944218947988 -1.39802502147863 -1.88307912324478 -2.4488613880498
-9999 -9999 -9999 -9999 -9999 -9999 -9999 -9999 -9999 -9999 -9999 -9999 -9999 -9999 -9999 -9999 -9999 -9999 -9999 -9999 -9999 -9999 -9999 -9999 -9999 -9999 -9999 -9999 -46.2060967389517 -21.1265410156028 -21.7770151926741 -49.0127380711301 -81.6337604987419 -96.3941999581431 -82.7539805419329 -59.1707350587099 -42.536566806307 -29.2023459387425 -13.2663228989666 -5.27178697736777 -7.38979108205373 -7.35660961914662 -3.62702222311453 -3.0572808035956 -3.20497023925714 -2.70199258265469 -1.02123114087503 -0.299561125765322 -0.514637594354157 -0.502145780634567 -0.624600243056994 -0.715164646655688 -0.882644664926977 -1.22225254261948 -2.09520134953965 -2.21562185127593
-9999 -9999 -9999 -9999 -9999 -9999 -9999 -9999 -9999 -9999 -9999 -9999 -9999 -9999 -9999 -9999 -9999 -9999 -9999 -9999 -9999 -9999 -9999 -9999 -9999 -9999 -9999 -9999 -50.8501544963805 -23.7038486106942 -24.278743231075 -53.8294874093159 -86.3941614980031 -99.9043164669351 -85.2818641247047 -66.1845380195178 -44.2400208629847 -28.0085498896348 -12.4745451579854 -6.27710912843768 -9.86206011299556 -9.01761483162431 -5.91976635925588 -4.97459068452235 -5.78770421835499 -5.87927040790905 -2.6188804889737 -0.46662661800955 -0.0171402352060515 -0.574814032561497 -1.52291615228832 -1.03859808274129 -0.882863719517828 -1.25027827989268 -1.9379054738599 -2.45961730334907
