meets/meet004/_saidas_enm/CCSM_Gower_6k_Cavanillesia_umbellata5.asc
NCOLS 154 
NROWS 168 
XLLCORNER -112 
YLLCORNER -55.5 
CELLSIZE 0.5 
NODATA_value -9999 
[rows 104 to 129 of 168, columns 59 to 117 of 154]
-9999 -9999 -9999 -9999 -9999 -9999 -9999 -9999 -9999 -9999 -9999 -9999 -9999 -9999 -9999 -9999 -9999 -9999 -9999 -9999 -9999 -9999 -9999 -9999 0.406038175353106 0.504094483840588 0.213746028578751 0 0 0 0 0 0 0 0.163966844868157 0.358725951190188 0.401974130655747 0.391369124510441 0.400752362127886 0.402009462235075 0.397396742237841 0.37688367992664 0.361034260351562 0.406640665300498 0.455937648599726 0.490606477911106 0.511997171623405 0.508148418444663 0.529812083184438 0.52935755058917 0.527891227179484 0.527140839758029 0.516879845004329 0.52488992896398 0.532923525398131 0.531515794571957 0.523348541665117 0.511329643670907 0.499899814890759
-9999 -9999 -9999 -9999 -9999 -9999 -9999 -9999 -9999 -9999 -9999 -9999 -9999 -9999 -9999 -9999 -9999 -9999 -9999 -9999 -9999 -9999 -9999 -9999 0.414998290700474 0.494852173985348 0.166093715341569 0 0 0 0 0 0 0 0.212756408393813 0.366646574852912 0.370704425598993 0.375125902421289 0.381796278275109 0.37717324799494 0.377531467459371 0.371752428138843 0.373418041773564 0.421824945891076 0.451425768199008 0.481414106263126 0.515715663178717 0.512524001934379 0.518283049364824 0.51245182995383 0.507183904049559 0.509991318651811 0.501336842008689 0.513597277240937 0.527999485150307 0.532936098913906 0.528227568726467 0.525506282707273 0.52337859236782
-9999 -9999 -9999 -9999 -9999 -9999 -9999 -9999 -9999 -9999 -9999 -9999 -9999 -9999 -9999 -9999 -9999 -9999 -9999 -9999 -9999 -9999 -9999 -9999 0.480167563770339 0.431535780837749 0.0969271329071433 0 0 0 0 0 0 0.0146436349464327 0.260564427978774 0.349683770455954 0.370345703193931 0.381792757690692 0.364101192319412 0.365091859627328 0.372200296770751 0.386563526781218 0.423697268125138 0.437176831446935 0.471637820542554 0.501046645264601 0.52033907066436 0.548198461037447 0.534390728953922 0.515911055613861 0.507025980691424 0.501469492600115 0.510303141843033 0.514477549080348 0.519068516895291 0.525606996568631 0.526931616455533 0.532741083684235 0.541139689281336
-9999 -9999 -9999 -9999 -9999 -9999 -9999 -9999 -9999 -9999 -9999 -9999 -9999 -9999 -9999 -9999 -9999 -9999 -9999 -9999 -9999 -9999 -9999 -9999 0.549681538656749 0.364158132331089 0.0334072293782394 0 0 0 0 0 0 0.0323458264520496 0.292184244962478 0.35770869116422 0.365709722192514 0.371057112716483 0.358999236823371 0.353838688743818 0.356385957304685 0.371279161005071 0.411736334038651 0.424270243239007 0.456526843548944 0.491524218827526 0.522583820435679 0.552235942687973 0.536209362275624 0.518461341818514 0.507136753365402 0.503796347429446 0.512154843511224 0.511145693135118 0.513307457702322 0.518239419265085 0.519517894349091 0.530243857716153 0.544696233953466
-9999 -9999 -9999 -9999 -9999 -9999 -9999 -9999 -9999 -9999 -9999 -9999 -9999 -9999 -9999 -9999 -9999 -9999 -9999 -9999 -9999 -9999 -9999 -9999 0.503543335099607 0.311939952786724 0 0 0 0 0 0 0 0.0652579065517724 0.272649001223366 0.372643638936979 0.370380028891997 0.35798870336053 0.343292778122655 0.334723046975856 0.334528786157132 0.341488101403462 0.350638226038438 0.390318230061963 0.417670027603212 0.455140613434745 0.507836595253442 0.529952780825961 0.525789815488001 0.509647181525048 0.502678561877044 0.509962148095213 0.513166257120169 0.51072083403708 0.507050499047186 0.509594498493951 0.513993720193324 0.524261001704913 0.543766045256428
-9999 -9999 -9999 -9999 -9999 -9999 -9999 -9999 -9999 -9999 -9999 -9999 -9999 -9999 -9999 -9999 -9999 -9999 -9999 -9999 -9999 -9999 -9999 -9999 0.445227670958843 0.256378384576545 0 0 0 0 0 0 0 0.119639161562568 0.31466399554613 0.428770933210685 0.391214470266408 0.356794848037689 0.340802216117934 0.332389779653481 0.324625885132704 0.331110047217896 0.34092317333969 0.372312201061148 0.40300239277583 0.439223925550271 0.481719516961302 0.503281084752984 0.508994113115692 0.499484511664709 0.50026809316781 0.50956155588262 0.512954141909044 0.507293670842275 0.50079178009984 0.503093739367936 0.509775305650796 0.522613242462593 0.540594627372488
-9999 -9999 -9999 -9999 -9999 -9999 -9999 -9999 -9999 -9999 -9999 -9999 -9999 -9999 -9999 -9999 -9999 -9999 -9999 -9999 -9999 -9999 -9999 0.479409221555065 0.387518670368149 0.212971756617566 0 0 0 0 0 0 0 0.198693893295279 0.402611500738428 0.49945986757379 0.420880800591528 0.364506436732841 0.350016465683362 0.350821170692964 0.339410705127109 0.353723389604161 0.365281719715531 0.39469934589862 0.423886751007868 0.454749702829299 0.473656624235395 0.485058917015997 0.499793694417617 0.49760137620708 0.506542654745031 0.515259370291241 0.517493432574151 0.508459738695253 0.49656343247985 0.497725099602306 0.510099953828108 0.525072119207561 0.545963267138117
-9999 -9999 -9999 -9999 -9999 -9999 -9999 -9999 -9999 -9999 -9999 -9999 -9999 -9999 -9999 -9999 -9999 -9999 -9999 -9999 -9999 -9999 -9999 0.44329836014682 0.303566827224996 0.140717059181053 0 0 0 0 0 0 0.0585742891372181 0.287553122567388 0.504735872090268 0.488662863842599 0.44551206652453 0.4010154000779 0.374670615415074 0.372419956091341 0.364556353590468 0.377785326742869 0.39242391674881 0.414570404494347 0.433128788043159 0.45546790205037 0.476440777833464 0.487875133079292 0.495224101579492 0.497076683393787 0.502954173342833 0.512268256623515 0.513887599720183 0.506443323970409 0.49747953883922 0.500683773599333 0.513171663731952 0.531010716443273 0.530609035349277
-9999 -9999 -9999 -9999 -9999 -9999 -9999 -9999 -9999 -9999 -9999 -9999 -9999 -9999 -9999 -9999 -9999 -9999 -9999 -9999 -9999 -9999 -9999 0.392104932106931 0.196805071570632 0.047749283036452 0 0 0 0 0 0.0303254797260712 0.200250183004901 0.386727434116574 0.482066043056062 0.457993292693788 0.464481226833713 0.441984315203525 0.422952287315467 0.412187974725291 0.404039707827272 0.41091980992422 0.412437559013426 0.427759393866583 0.439972426944359 0.450957656206703 0.473472925169922 0.488799035018443 0.495114837727406 0.496082998442085 0.504935130753192 0.513337382669867 0.515738044036797 0.512761767117685 0.505128762896127 0.510107246467257 0.524911806881429 0.496313060864942 0.470695822148918
-9999 -9999 -9999 -9999 -9999 -9999 -9999 -9999 -9999 -9999 -9999 -9999 -9999 -9999 -9999 -9999 -9999 -9999 -9999 -9999 -9999 -9999 -9999 0.329821417211858 0.0604148722462176 0 0 0 0 0 0.0598530342521955 0.178964913022802 0.325840973552044 0.479608611823503 0.47502801760098 0.454534067033757 0.473734705768359 0.493167954544798 0.480430354388887 0.458927001975243 0.449672517159335 0.466640476697761 0.479465211317994 0.462669508945686 0.441132585244923 0.442769028323045 0.461864049525136 0.483743350060454 0.493339583035128 0.500745509561788 0.5097258917338 0.517204493181641 0.522857420138944 0.523572098775598 0.524036690183486 0.515095780461846 0.470664764839237 0.433458581279137 0.399721395329845
-9999 -9999 -9999 -9999 -9999 -9999 -9999 -9999 -9999 -9999 -9999 -9999 -9999 -9999 -9999 -9999 -9999 -9999 -9999 -9999 -9999 -9999 0.578402332934601 0.268154998331822 0 0 0 0 0.0304968073371339 0.11194445049347 0.212458080548229 0.311225065194458 0.440771763904828 0.563889680541225 0.488550079406097 0.461591455703133 0.504940411629817 0.558761417461501 0.508896794103594 0.497962864785612 0.502642727357085 0.522744635702442 0.56161830118155 0.505560663163 0.451451795376662 0.435289295258785 0.451865589780819 0.477586728061202 0.493441051307432 0.504778213276319 0.515722075671762 0.52339481220317 0.532995948848996 0.537356066914309 0.500340091463337 0.463057202886826 0.414335684340011 0.373424752827507 0.349673104422571
-9999 -9999 -9999 -9999 -9999 -9999 -9999 -9999 -9999 -9999 -9999 -9999 -9999 -9999 -9999 -9999 -9999 -9999 -9999 -9999 -9999 -9999 0.455744411811047 0.211691784447182 0 0 0 0 0.104717170843095 0.222010630192974 0.331410270652521 0.413111783965613 0.509131053618769 0.595124587313318 0.532308680476732 0.504566601005825 0.515377561339526 0.550116802339246 0.523086509596365 0.511581239721566 0.513986553289333 0.549370689913155 0.571316887685818 0.518362765454838 0.462624495759211 0.444220137778644 0.449786307477099 0.481395371724622 0.492717571209736 0.502831330093711 0.51533204521242 0.525071364796614 0.536494278143087 0.505354704175429 0.456943147967293 0.419945804044426 0.373410361803058 0.330898369497156 0.296464005723089
-9999 -9999 -9999 -9999 -9999 -9999 -9999 -9999 -9999 -9999 -9999 -9999 -9999 -9999 -9999 -9999 -9999 -9999 -9999 -9999 -9999 -9999 0.401475635632127 0.18040984745433 0 0 0 0.0278971370775979 0.16493844267682 0.31440188171241 0.423559833408224 0.481277430868805 0.546652356606857 0.592308385561341 0.539843359804929 0.518713189339488 0.544281433668047 0.545518416149996 0.521658409674636 0.499026458485024 0.50321595394127 0.542048000060925 0.577650326028453 0.518086399578102 0.459129812784695 0.443683122919891 0.456368542985336 0.485833822793213 0.491931349268322 0.49984159951272 0.513113951294544 0.525877830098426 0.519954210885238 0.471797213841166 0.4186692850701 0.379669970785544 0.329923604685867 0.28942524690053 0.256693205665021
-9999 -9999 -9999 -9999 -9999 -9999 -9999 -9999 -9999 -9999 -9999 -9999 -9999 -9999 -9999 -9999 -9999 -9999 -9999 -9999 -9999 -9999 0.377156918210892 0.165751827029072 0 0 0 0.0522057948891169 0.213339796548403 0.381287313902255 0.486251901014653 0.520917766264498 0.541596016675878 0.560219349571623 0.525344461559248 0.50824246834266 0.536663769135735 0.557491361521878 0.519060469845195 0.482258292112263 0.469184979085158 0.483664891322018 0.494688847012948 0.474803831814711 0.451619777547417 0.449911791164534 0.45979243706604 0.476923475104068 0.486869629022762 0.498765558032692 0.514852868526233 0.529509438659733 0.493624385198246 0.443024132112838 0.391039158187996 0.353432023116666 0.306383879011438 0.265738242906175 0.230734271042571
-9999 -9999 -9999 -9999 -9999 -9999 -9999 -9999 -9999 -9999 -9999 -9999 -9999 -9999 -9999 -9999 -9999 -9999 -9999 -9999 -9999 -9999 0.374793968013601 0.15670375053812 0 0 0 0.0666043697869685 0.255270698342508 0.437199954011859 0.494814582170698 0.540003149117987 0.530839369657199 0.513378418616109 0.477521848229659 0.490735716097109 0.548145903741508 0.562265574529042 0.519896608644236 0.461273094283709 0.442400372840521 0.44523255726885 0.436169567098196 0.449406587300693 0.446943184090046 0.452272845956773 0.463407574321681 0.469347428908971 0.483433664366914 0.496664146341208 0.514836397220568 0.521147863827656 0.475559652294744 0.425897377190608 0.372647150854239 0.334883081968679 0.283031078076068 0.2475772147611 0.217495405903474
-9999 -9999 -9999 -9999 -9999 -9999 -9999 -9999 -9999 -9999 -9999 -9999 -9999 -9999 -9999 -9999 -9999 -9999 -9999 -9999 -9999 -9999 0.337305069763094 0.129712212772345 0 0 0 0.10948205705748 0.283179286690221 0.451426819714345 0.515862396107812 0.543987008954919 0.515445454550885 0.479685972429419 0.4482163208996 0.450860940168929 0.48935830275861 0.538753261004178 0.495206624392564 0.428642809084938 0.404229064974844 0.414997149619752 0.435649149280267 0.437914268147142 0.437347328320845 0.448682729997523 0.458574440592911 0.464559182631518 0.476993509586935 0.491013859822217 0.512149436899441 0.519083237035767 0.4648281417748 0.412694260075594 0.36253213775646 0.326317688660985 0.281341264300767 0.244053771768536 0.212832534718899
-9999 -9999 -9999 -9999 -9999 -9999 -9999 -9999 -9999 -9999 -9999 -9999 -9999 -9999 -9999 -9999 -9999 -9999 -9999 -9999 -9999 -9999 0.320222112890422 0.108615525867956 0 0 0 0.123906630191746 0.295339424468791 0.454738706476025 0.510844683167464 0.525387912897457 0.495062555378123 0.463394397708203 0.428842260168271 0.423538537637192 0.450677882581569 0.488740545206081 0.473018015369181 0.406878933424435 0.39485135970434 0.421771885654505 0.434327169831679 0.444161419459974 0.440551688816116 0.448074171834011 0.450074240988348 0.458662455203336 0.474145482528729 0.487786992733709 0.510269444820755 0.510999054488844 0.463658719785155 0.414624832639016 0.361608817970409 0.324410349612781 0.279265869664856 0.244467196994813 0.219005927405431
-9999 -9999 -9999 -9999 -9999 -9999 -9999 -9999 -9999 -9999 -9999 -9999 -9999 -9999 -9999 -9999 -9999 -9999 -9999 -9999 -9999 -9999 0.306663140054562 0.0851541498142796 0 0 0 0.110946240920689 0.286216464552373 0.439457377444234 0.468245863191919 0.49515545018336 0.458389819812637 0.432229578415224 0.411491584496758 0.404607266208856 0.411502196530808 0.43977702911852 0.454930258515829 0.405374386526793 0.397408687077827 0.413737283339092 0.438362388249365 0.437630483896099 0.433208755603488 0.43921839320333 0.444650654958781 0.45327684119141 0.469504723591317 0.487105508178701 0.511593184561552 0.503976639039851 0.465002519829591 0.414448089117397 0.367286111876625 0.329722687092994 0.290732872022206 0.255163461656817 0.225293029696934
-9999 -9999 -9999 -9999 -9999 -9999 -9999 -9999 -9999 -9999 -9999 -9999 -9999 -9999 -9999 -9999 -9999 -9999 -9999 -9999 -9999 -9999 0.295520910203164 0.0718460437175474 0 0 0 0.0879065884718626 0.265344863130006 0.412018860938117 0.436012398151008 0.459658780593351 0.423908309661483 0.403039039519687 0.385517133503699 0.379253427168555 0.387291182526126 0.409870129914828 0.458705079421813 0.410956273119967 0.399506075244263 0.422040833156934 0.439787973467939 0.437349465818527 0.425373946453741 0.429894502580344 0.434549469590581 0.446170793015984 0.463606487341242 0.481367709989916 0.495747386971484 0.485059364023992 0.475013191536303 0.429823476416306 0.376555113493608 0.338201932477469 0.297675659655486 0.26428298610968 0.235937563202418
-9999 -9999 -9999 -9999 -9999 -9999 -9999 -9999 -9999 -9999 -9999 -9999 -9999 -9999 -9999 -9999 -9999 -9999 -9999 -9999 -9999 -9999 0.28066267461399 0.053477407744547 0 0 0 0.0583709047036736 0.232517828943586 0.385467569942554 0.411155940550475 0.435565270550585 0.394616943972397 0.380171614397854 0.360031743274909 0.361712600930872 0.3813454101124 0.402776233930501 0.46216211110563 0.420072574997508 0.409674403186701 0.426817134594401 0.444859878261278 0.437078380818417 0.419997259638015 0.423242484059555 0.430268564674651 0.43940284667975 0.461552100598758 0.46996906352889 0.473292801772882 0.469157305820736 0.462983970121031 0.442054059739632 0.388269963570274 0.351288218973227 0.305925648384569 0.270671006558981 0.240945874131615
-9999 -9999 -9999 -9999 -9999 -9999 -9999 -9999 -9999 -9999 -9999 -9999 -9999 -9999 -9999 -9999 -9999 -9999 -9999 -9999 -9999 0.366419135922073 0.255186781594522 0.0295145494846312 0 0 0 0.010036041896904 0.193196455003512 0.358394439227318 0.399723848537487 0.431087980697711 0.395603169802849 0.38419798596837 0.37193360147811 0.377431298523939 0.402740619395547 0.42847148430292 0.468984214941031 0.434538782102173 0.419375373547781 0.434250471385451 0.451252505151628 0.437658522836277 0.424975366003672 0.433321037099359 0.447738081757344 0.461998460408772 0.474142464884943 0.468094668357095 0.465148538255471 0.468331431441099 0.46882159268951 0.456702285758227 0.403919403157634 0.366419243838656 0.321226692686532 0.278681491340739 -9999
-9999 -9999 -9999 -9999 -9999 -9999 -9999 -9999 -9999 -9999 -9999 -9999 -9999 -9999 -9999 -9999 -9999 -9999 -9999 -9999 -9999 0.350034372328407 0.231624916062832 0 0 0 0 0 0.150238548985833 0.338389754943306 0.3675426893222 0.393988313581541 0.414303128193575 0.403340501718689 0.403627272922021 0.41456348154246 0.438689152222544 0.471634642147915 0.481809936751791 0.458472972320606 0.446445775805985 0.455206750127722 0.458727460279893 0.448225305493627 0.43855438583525 0.449546153325796 0.471264081391363 0.47813706936888 0.467426110211954 0.463048072542927 0.46804017412819 0.475798073562667 0.488476758221972 0.477847944116284 0.419761402776416 0.379417397878179 0.322872973138861 0.280469255092727 -9999
-9999 -9999 -9999 -9999 -9999 -9999 -9999 -9999 -9999 -9999 -9999 -9999 -9999 -9999 -9999 -9999 -9999 -9999 -9999 -9999 -9999 0.321315553310476 0.172784388324708 0 0 0 0 0 0.128177779987143 0.315635331773005 0.360715395991507 0.381992676591515 0.4013731166017 0.409084076621063 0.400053777591424 0.420384523923887 0.449030292592397 0.472800596679135 0.473675941094352 0.460696347115108 0.446241833380113 0.452614594115538 0.454164222578678 0.444721448253492 0.43907821233575 0.438918816716204 0.443077586816823 0.44897264343445 0.44272667266385 -9999 -9999 -9999 0.398300177826972 0.359152226252668 0.379749761144525 0.354991488361346 -9999 -9999 -9999
-9999 -9999 -9999 -9999 -9999 -9999 -9999 -9999 -9999 -9999 -9999 -9999 -9999 -9999 -9999 -9999 -9999 -9999 -9999 -9999 0.409181508042091 0.271684176154982 0.106954783066898 0 0 0 0 0 0.117133667805443 0.302004833079444 0.368523800758127 0.387386337653537 0.396551406796016 0.400251015008323 0.406222904747683 0.418354128786241 0.439620931833881 0.451629021984754 0.450269534379448 0.44107449368698 0.433150530883713 0.426703003169099 0.423638634931338 0.411271456493156 0.407015699135162 0.40568267677059 0.40420170569206 0.409832363668386 0.406518356993911 0.407671006578328 -9999 -9999 -9999 -9999 -9999 -9999 -9999 -9999 -9999
-9999 -9999 -9999 -9999 -9999 -9999 -9999 -9999 -9999 -9999 -9999 -9999 -9999 -9999 -9999 -9999 -9999 -9999 -9999 -9999 0.358771804903942 0.197702355836269 0.0141856365161434 0 0 0 0 0 0.113763330059976 0.286337776562062 0.383063366242273 0.390997691054581 0.376442179012522 0.380342193180897 0.387917033781006 0.399217599919056 0.418480899571377 0.428319043867853 0.418783557650596 0.400250940811375 0.388690017583417 0.38130348883688 0.376485287439207 0.365951546756898 0.359319971954452 0.357752413037813 0.358920495587377 0.36417141358475 0.36565883979774 0.377471290678815 -9999 -9999 -9999 -9999 -9999 -9999 -9999 -9999 -9999
-9999 -9999 -9999 -9999 -9999 -9999 -9999 -9999 -9999 -9999 -9999 -9999 -9999 -9999 -9999 -9999 -9999 -9999 -9999 0.389612953417377 0.302517311398052 0.11100360576092 0 0 0 0 0 0 0.109158727957999 0.281164245981268 0.371760351604945 0.369334556592848 0.35328508900639 0.361750070389522 0.368859844520682 0.37902772005328 0.394927754986824 0.406776413978436 0.385979380488631 0.36017308846051 0.343671019492338 0.33664768480539 0.325566815829841 0.318392861338815 0.308412704084207 0.306774435476295 0.311915171006151 0.317335703226245 0.328857969844388 0.345047076086647 0.391860824148596 -9999 -9999 -9999 -9999 -9999 -9999 -9999 -9999
