meets/meet004/_saidas_enm/CCSM_Maxent_6k_Cavanillesia_umbellata1.asc
NCOLS 154 
NROWS 168 
XLLCORNER -112 
YLLCORNER -55.5 
CELLSIZE 0.5 
NODATA_value -9999 
[rows 75 to 99 of 168, columns 56 to 111 of 154]
-9999 -9999 -9999 -9999 -9999 -9999 -9999 -9999 -9999 -9999 -9999 0.284326285123825 0.215416252613068 0.186909556388855 0.193084582686424 0.23321795463562 0.314851850271225 0.324892640113831 0.336758404970169 0.374619841575623 0.326416581869125 0.286398738622665 0.255459040403366 0.247773423790932 0.25854679942131 0.268716096878052 0.278456836938858 0.111909568309784 0.117150649428368 0.123658761382103 0.127840474247932 0.132409438490868 0.132823258638382 0.133539110422134 0.133192881941795 0.130000561475754 0.132742837071419 0.132695347070694 0.13608755171299 0.141472145915031 0.346018195152283 0.360760748386383 0.366645812988281 0.377661019563675 0.393524914979935 0.389927804470062 0.377310544252396 0.350069791078568 0.321803748607635 0.293125182390213 0.267679065465927 0.252504587173462 0.241043075919151 0.228124067187309 0.214842736721039 0.257570177316666
-9999 -9999 -9999 -9999 -9999 -9999 -9999 -9999 -9999 -9999 -9999 0.304935812950134 0.229385375976562 0.198157459497452 0.196293696761131 0.212591931223869 0.267325937747955 0.340555548667908 0.346225261688232 0.372536391019821 0.385609537363052 0.282770782709122 0.262190699577332 0.250678688287735 0.248479768633842 0.248694941401482 0.257302850484848 0.103779964148998 0.108956135809422 0.11281530559063 0.115527957677841 0.12057626247406 0.123994328081608 0.124194897711277 0.121274508535862 0.117366686463356 0.117580428719521 0.117453180253506 0.11919342726469 0.302098572254181 0.309110671281815 0.32832407951355 0.33898451924324 0.345381766557693 0.345355123281479 0.328425168991089 0.317580878734589 0.302822470664978 0.283940762281418 0.264546930789948 0.247833281755447 0.23223090171814 0.222709700465202 0.2176214158535 0.215012937784195 0.219684883952141
-9999 -9999 -9999 -9999 -9999 -9999 -9999 -9999 -9999 -9999 -9999 -9999 0.256723910570145 0.217071920633316 0.202998548746109 0.206811055541039 0.228305160999298 0.270448982715607 0.321954309940338 0.385947912931442 0.393408328294754 0.380731254816055 0.279458552598953 0.26555472612381 0.248779833316803 0.238915905356407 0.246073573827744 0.0999761149287224 0.104993402957916 0.107383325695992 0.108122892677784 0.112500809133053 0.115164548158646 0.115423314273357 0.113107353448868 0.10871833562851 0.106522269546986 0.104755535721779 0.105699740350246 0.107322692871094 0.285319536924362 0.311841040849686 0.331955164670944 0.333952307701111 0.316520482301712 0.289697408676147 0.272448539733887 0.257484763860703 0.243364617228508 0.234651759266853 0.225190013647079 0.215753719210625 0.208565026521683 0.203703731298447 0.20375694334507 0.208253189921379
-9999 -9999 -9999 -9999 -9999 -9999 -9999 -9999 -9999 -9999 -9999 -9999 0.29561722278595 0.243074268102646 0.215223655104637 0.19459468126297 0.186995759606361 0.199223846197128 0.22631074488163 0.277903020381927 0.364921063184738 0.388435900211334 0.383295685052872 0.274581760168076 0.244846001267433 0.223531618714333 0.242924824357033 0.100710608065128 0.10630065202713 0.106582850217819 0.1042255833745 0.10814867913723 0.108401544392109 0.107568651437759 0.106111012399197 0.101893231272697 0.0974253490567207 0.0918474420905113 0.0917085409164429 0.0951180905103683 0.101626925170422 0.116606630384922 0.136856928467751 0.137688308954239 0.300420761108398 0.262362122535706 0.237554043531418 0.217525690793991 0.204822644591331 0.227804496884346 0.231434285640717 0.218604668974876 0.207189172506332 0.182790905237198 0.181788191199303 0.178708896040916
-9999 -9999 -9999 -9999 -9999 -9999 -9999 -9999 -9999 -9999 -9999 -9999 -9999 0.289813935756683 0.222172990441322 0.173319891095161 0.151818484067917 0.146578818559647 0.156873121857643 0.185712665319443 0.242933541536331 0.332001239061356 0.337750911712646 0.310614347457886 0.23974335193634 0.217511087656021 0.243167787790298 0.103938408195972 0.112577714025974 0.113977253437042 0.109786994755268 0.110735185444355 0.10791239887476 0.104698181152344 0.100894138216972 0.092673733830452 0.0895365998148918 0.0845331475138664 0.0831965431571007 0.0831442102789879 0.0875659584999084 0.103554874658585 0.121651791036129 0.125208780169487 0.292963415384293 0.258495688438416 0.22179602086544 0.263441652059555 0.243605211377144 0.245465099811554 0.249059289693832 0.243385821580887 0.232241570949554 0.227113574743271 0.173621475696564 0.129406198859215
-9999 -9999 -9999 -9999 -9999 -9999 -9999 -9999 -9999 -9999 -9999 -9999 -9999 0.353223890066147 0.232666432857513 0.148662716150284 0.132422655820847 0.113026559352875 0.109667055308819 0.128712296485901 0.138343170285225 0.214792817831039 0.315651386976242 0.286986500024796 0.296393036842346 0.291561305522919 0.250192672014236 0.107862152159214 0.118290834128857 0.126276284456253 0.120567090809345 0.125500455498695 0.119075447320938 0.112809993326664 0.100339479744434 0.086219497025013 0.0889564752578735 0.0838616564869881 0.0803844183683395 0.0725494995713234 0.0689816474914551 0.0810991376638412 0.107313670217991 0.1117043197155 0.278203427791595 0.265025079250336 0.20936992764473 0.23159895837307 0.207892224192619 0.209276258945465 0.214063733816147 0.211146757006645 0.207591325044632 0.194495618343353 0.164158314466476 0.0949689149856567
-9999 -9999 -9999 -9999 -9999 -9999 -9999 -9999 -9999 -9999 -9999 -9999 -9999 -9999 0.274281978607178 0.185790002346039 0.142223715782166 0.111639507114887 0.0930774137377739 0.100575417280197 0.12299320846796 0.164343282580376 0.221676260232925 0.270797222852707 0.307566314935684 0.357269078493118 0.351794600486755 0.256230145692825 0.106731779873371 0.128650948405266 0.135437697172165 0.142701134085655 0.131180644035339 0.122174128890038 0.108554117381573 0.107182055711746 0.107025198638439 0.0994291603565216 0.0911781415343285 0.0809415876865387 0.0707180947065353 0.0755256786942482 0.0822231769561768 0.0860643088817596 0.248472943902016 0.231938004493713 0.195585027337074 0.217807561159134 0.193137973546982 0.190441578626633 0.188448414206505 0.186017230153084 0.163258388638496 0.145797967910767 0.133816510438919 0.0814754739403725
-9999 -9999 -9999 -9999 -9999 -9999 -9999 -9999 -9999 -9999 -9999 -9999 -9999 -9999 0.338963955640793 0.231777653098106 0.168180122971535 0.12037467956543 0.0931615456938744 0.0953495651483536 0.107833854854107 0.129959315061569 0.166595265269279 0.193486124277115 0.216927081346512 0.260488957166672 0.292832434177399 0.375582069158554 0.278332620859146 0.336042195558548 0.168637126684189 0.157606586813927 0.161169990897179 0.159575194120407 0.137187585234642 0.122164741158485 0.132155016064644 0.124558478593826 0.110180489718914 0.0920538306236267 0.0687133967876434 0.0677662938833237 0.0649339929223061 0.0717636197805405 0.218500182032585 0.21230149269104 0.185622915625572 0.212790444493294 0.191782981157303 0.190301403403282 0.172498762607574 0.165769204497337 0.131333544850349 0.118993178009987 0.114859655499458 0.0783346071839333
-9999 -9999 -9999 -9999 -9999 -9999 -9999 -9999 -9999 -9999 -9999 -9999 -9999 -9999 -9999 0.324228256940842 0.209778666496277 0.137253880500793 0.0986884459853172 0.0914414301514626 0.089678056538105 0.101947210729122 0.119131483137608 0.137359753251076 0.156480729579926 0.174881845712662 0.199103444814682 0.225573971867561 0.263769149780273 0.325516104698181 0.439427077770233 0.36690366268158 0.176490947604179 0.168885126709938 0.166129320859909 0.169657200574875 0.151579335331917 0.129959687590599 0.11826054751873 0.115636795759201 0.119986183941364 0.0887812674045563 0.0629376471042633 0.0556348785758018 0.182213127613068 0.196129575371742 0.181804522871971 0.181577458977699 0.217707380652428 0.218610510230064 0.199569880962372 0.164878726005554 0.132061347365379 0.118007995188236 0.110058777034283 0.0974710732698441
-9999 -9999 -9999 -9999 -9999 -9999 -9999 -9999 -9999 -9999 -9999 -9999 -9999 -9999 -9999 0.477079719305038 0.270893543958664 0.161786332726479 0.0757371187210083 0.0913807079195976 0.0765973776578903 0.0828872546553612 0.0860017016530037 0.0952834337949753 0.117671154439449 0.132896408438683 0.15833093225956 0.180875346064568 0.194302216172218 0.222742974758148 0.285247296094894 0.421658843755722 0.340693742036819 0.143103122711182 0.150095164775848 0.195708900690079 0.166514083743095 0.14336009323597 0.148605719208717 0.178323969244957 0.191251784563065 0.124878413975239 0.0665153786540031 0.0487123504281044 0.163587614893913 0.188185021281242 0.181623309850693 0.179664984345436 0.248798400163651 0.243469893932343 0.229190587997437 0.190735369920731 0.1503005027771 0.135992154479027 0.120613224804401 0.102399423718452
-9999 -9999 -9999 -9999 -9999 -9999 -9999 -9999 -9999 -9999 -9999 -9999 -9999 -9999 -9999 0.548926115036011 0.346030503511429 0.226477429270744 0.120081253349781 0.0684622824192047 0.0428406894207001 0.0538319498300552 0.0633877143263817 0.0836634859442711 0.0920278429985046 0.0989926233887672 0.11518619209528 0.130446836352348 0.144296109676361 0.16607391834259 0.213396355509758 0.30445596575737 0.320996701717377 0.091239333152771 0.110777266323566 0.130692481994629 0.126045629382133 0.146235153079033 0.164910197257996 0.217172205448151 0.241306453943253 0.126734495162964 0.0650762543082237 0.0459764339029789 0.129178121685982 0.170018464326859 0.185194581747055 0.197450593113899 0.23283588886261 0.281102776527405 0.24931238591671 0.182082563638687 0.14448270201683 0.134870007634163 0.12409582734108 0.118763655424118
-9999 -9999 -9999 -9999 -9999 -9999 -9999 -9999 -9999 -9999 -9999 -9999 -9999 -9999 -9999 -9999 0.452174574136734 0.306663185358047 0.235274538397789 0.0806952118873596 0.0151431756094098 0.0169678758829832 0.0162374842911959 0.0213531497865915 0.0312434453517199 0.0268696397542953 0.0804229453206062 0.0864246040582657 0.0964840352535248 0.126135781407356 0.16316619515419 0.229500040411949 0.280181914567947 0.24130667746067 0.203222140669823 0.0945333763957024 0.0966420099139214 0.114320918917656 0.133946314454079 0.176692098379135 0.218922287225723 0.116430081427097 0.055633869022131 0.0430846437811852 0.133198916912079 0.174701318144798 0.213325291872025 0.241553530097008 0.264854341745377 0.25603723526001 0.226577147841454 0.214296743273735 0.072973869740963 0.0699422582983971 0.0656389966607094 0.0653511062264442
-9999 -9999 -9999 -9999 -9999 -9999 -9999 -9999 -9999 -9999 -9999 -9999 -9999 -9999 -9999 -9999 -9999 0.451987564563751 0.200473517179489 0.243410751223564 0.0695275962352753 0.0445455685257912 0.0408185161650181 0.0320605486631393 0.0325600057840347 0.0276560410857201 0.0458644405007362 0.0701425075531006 0.0724691599607468 0.0943639576435089 0.125054448843002 0.173500373959541 0.234441503882408 0.287970840930939 0.249051555991173 0.242578312754631 0.0709015429019928 0.0821377038955688 0.0876101478934288 0.097086563706398 0.0765438005328178 0.0673940852284431 0.0520645901560783 0.0513332970440388 0.0625405833125114 0.0876467451453209 0.104193337261677 0.12888777256012 0.148505166172981 0.14532408118248 0.135813698172569 0.108977295458317 0.0925567299127579 0.0862450823187828 0.0811393260955811 0.0812367498874664
-9999 -9999 -9999 -9999 -9999 -9999 -9999 -9999 -9999 -9999 -9999 -9999 -9999 -9999 -9999 -9999 -9999 -9999 -9999 0.157068282365799 0.157721951603889 0.209647595882416 0.155781447887421 0.119094625115395 0.0931986272335052 0.049027543514967 0.0426607765257359 0.0574717409908772 0.0624857433140278 0.0759784504771233 0.0991395935416222 0.137611076235771 0.180197834968567 0.232450276613235 0.284160166978836 0.22724623978138 0.25893047451973 0.170221567153931 0.0633254572749138 0.0655901357531548 0.0476379543542862 0.0598585270345211 0.0620706304907799 0.0670986846089363 0.0942885279655457 0.109800666570663 0.119715198874474 0.144931837916374 0.168339401483536 0.174634903669357 0.155449330806732 0.122325956821442 0.0936751663684845 0.0843036472797394 0.0763168931007385 0.0862458646297455
-9999 -9999 -9999 -9999 -9999 -9999 -9999 -9999 -9999 -9999 -9999 -9999 -9999 -9999 -9999 -9999 -9999 -9999 -9999 -9999 -9999 0.179076686501503 0.236187949776649 0.171135678887367 0.126806914806366 0.0900346487760544 0.0589745417237282 0.0421876274049282 0.0416433215141296 0.067689947783947 0.0795182585716248 0.107772625982761 0.145221129059792 0.180021122097969 0.221032232046127 0.282145410776138 0.290822416543961 0.251884609460831 0.158943891525269 0.190966308116913 0.0887676179409027 0.093429334461689 0.08697909116745 0.112803652882576 0.118492983281612 0.123635672032833 0.130609020590782 0.129492580890656 0.145449951291084 0.161161184310913 0.156161278486252 0.127595365047455 0.0957200527191162 0.0814098045229912 0.0752450749278069 0.0672635212540627
-9999 -9999 -9999 -9999 -9999 -9999 -9999 -9999 -9999 -9999 -9999 -9999 -9999 -9999 -9999 -9999 -9999 -9999 -9999 -9999 -9999 -9999 -9999 0.263800263404846 0.186420291662216 0.134257525205612 0.109805956482887 0.0447953976690769 0.0284959822893143 0.0329726003110409 0.0510402955114841 0.0846442803740501 0.108544111251831 0.136453583836555 0.164457634091377 0.203077331185341 0.251047313213348 0.314477473497391 0.301639676094055 0.359516859054565 0.329305112361908 0.14294970035553 0.153647318482399 0.149436965584755 0.143682911992073 0.1375832259655 0.136665195226669 0.131280928850174 0.142275884747505 0.154030919075012 0.165142700076103 0.133446887135506 0.0973507314920425 0.0835090726613998 0.0787057131528854 0.0734254643321037
-9999 -9999 -9999 -9999 -9999 -9999 -9999 -9999 -9999 -9999 -9999 -9999 -9999 -9999 -9999 -9999 -9999 -9999 -9999 -9999 -9999 -9999 -9999 -9999 -9999 0.276070982217789 0.17556981742382 0.0805372819304466 0.0253118518739939 0.0265620946884155 0.0412168838083744 0.0599000677466393 0.0745872482657433 0.090142622590065 0.117133490741253 0.14039446413517 0.175878956913948 0.215235635638237 0.279674232006073 0.345319509506226 0.399577677249908 0.352250456809998 0.190058201551437 0.203340500593185 0.173187121748924 0.156948745250702 0.14884053170681 0.156474307179451 0.157135099172592 0.154531061649323 0.166724070906639 0.141758963465691 0.105124846100807 0.0912512168288231 0.0914624333381653 0.096981979906559
-9999 -9999 -9999 -9999 -9999 -9999 -9999 -9999 -9999 -9999 -9999 -9999 -9999 -9999 -9999 -9999 -9999 -9999 -9999 -9999 -9999 -9999 -9999 -9999 -9999 0.375683128833771 0.267778396606445 0.178154855966568 0.0563431978225708 0.0226543918251991 0.0164579767733812 0.01708091981709 0.0311214309185743 0.0602907799184322 0.0888969376683235 0.109335519373417 0.135748878121376 0.164308100938797 0.211152479052544 0.280398368835449 0.308962434530258 0.391139388084412 0.187624916434288 0.217856109142303 0.191286087036133 0.166749358177185 0.145854964852333 0.152308136224747 0.151919528841972 0.143068730831146 0.146818101406097 0.128840401768684 0.116347096860409 0.115263387560844 0.119297161698341 0.123708993196487
-9999 -9999 -9999 -9999 -9999 -9999 -9999 -9999 -9999 -9999 -9999 -9999 -9999 -9999 -9999 -9999 -9999 -9999 -9999 -9999 -9999 -9999 -9999 -9999 -9999 -9999 -9999 0.279323637485504 0.183696419000626 0.0181928891688585 0.0086910305544734 0.00720588816329837 0.0084382863715291 0.0156919118016958 0.0373101234436035 0.0454558730125427 0.112579852342606 0.136270001530647 0.172543227672577 0.195710495114326 0.177993327379227 0.301858007907867 0.398221760988235 0.20574015378952 0.190736562013626 0.160579577088356 0.151668459177017 0.132954001426697 0.126287549734116 0.125760406255722 0.122378312051296 0.120533682405949 0.116435706615448 0.123174041509628 0.147359907627106 0.160354658961296
-9999 -9999 -9999 -9999 -9999 -9999 -9999 -9999 -9999 -9999 -9999 -9999 -9999 -9999 -9999 -9999 -9999 -9999 -9999 -9999 -9999 -9999 -9999 -9999 -9999 -9999 -9999 0.222490131855011 0.240502923727036 0.0248231180012226 0.0110220639035106 0.00790851376950741 0.00660837022587657 0.0094759427011013 0.0153800919651985 0.0226306300610304 0.0476310290396214 0.0904495269060135 0.123240157961845 0.124976739287376 0.138526171445847 0.219340682029724 0.286266982555389 0.163977697491646 0.181040734052658 0.165758579969406 0.149680137634277 0.137067347764969 0.128119543194771 0.108880616724491 0.112040795385838 0.129519358277321 0.140292599797249 0.14986515045166 0.160836279392242 0.163262993097305
-9999 -9999 -9999 -9999 -9999 -9999 -9999 -9999 -9999 -9999 -9999 -9999 -9999 -9999 -9999 -9999 -9999 -9999 -9999 -9999 -9999 -9999 -9999 -9999 -9999 -9999 -9999 -9999 0.14495424926281 0.0480807758867741 0.0151184694841504 0.00899344868957996 0.0113119529560208 0.0132429180666804 0.014492935501039 0.0189421065151691 0.0354175269603729 0.0562518313527107 0.0814847499132156 0.0905442610383034 0.114849708974361 0.16212323307991 0.256216257810593 0.103400401771069 0.148849010467529 0.178705528378487 0.151562571525574 0.138648599386215 0.130660906434059 0.110785879194736 0.110561959445477 0.13703116774559 0.180600598454475 0.193316087126732 0.176605701446533 0.1575548350811
-9999 -9999 -9999 -9999 -9999 -9999 -9999 -9999 -9999 -9999 -9999 -9999 -9999 -9999 -9999 -9999 -9999 -9999 -9999 -9999 -9999 -9999 -9999 -9999 -9999 -9999 -9999 -9999 0.139964982867241 0.0616417266428471 0.0248027350753546 0.0174278188496828 0.0233917981386185 0.0239536240696907 0.0197759214788675 0.0210295058786869 0.0301033053547144 0.0457364171743393 0.0599297508597374 0.0703789740800858 0.0829811990261078 0.1212158203125 0.195685818791389 0.0755494385957718 0.0938566848635674 0.109698615968227 0.146819308400154 0.163020342588425 0.163569912314415 0.125745117664337 0.114896774291992 0.135071530938148 0.187065899372101 0.196713462471962 0.181593641638756 0.144712835550308
-9999 -9999 -9999 -9999 -9999 -9999 -9999 -9999 -9999 -9999 -9999 -9999 -9999 -9999 -9999 -9999 -9999 -9999 -9999 -9999 -9999 -9999 -9999 -9999 -9999 -9999 -9999 -9999 0.117493204772472 0.0837170854210854 0.0243857931345701 0.0254832897335291 0.0429762043058872 0.0396006852388382 0.0241042450070381 0.020754124969244 0.0299496278166771 0.040045078843832 0.0489393025636673 0.0546914041042328 0.0569955632090569 0.105370089411736 0.170613154768944 0.0599744245409966 0.0668714419007301 0.0625176802277565 0.106467172503471 0.166744872927666 0.188435181975365 0.142249524593353 0.0989177972078323 0.137962386012077 0.18916542828083 0.194873660802841 0.17042002081871 0.148668497800827
-9999 -9999 -9999 -9999 -9999 -9999 -9999 -9999 -9999 -9999 -9999 -9999 -9999 -9999 -9999 -9999 -9999 -9999 -9999 -9999 -9999 -9999 -9999 -9999 -9999 -9999 -9999 -9999 0.155475795269012 0.0937916561961174 0.0415524281561375 0.0325185433030128 0.0374504439532757 0.0336579978466034 0.0247729141265154 0.0231205336749554 0.0279799439013004 0.0395145379006863 0.0452788881957531 0.0482948571443558 0.0528383255004883 0.089918315410614 0.155535414814949 0.0540695339441299 0.052365630865097 0.0524837039411068 0.0676794648170471 0.103996492922306 0.134904876351357 0.145910486578941 0.145319297909737 0.161505609750748 0.181273221969604 0.170002415776253 0.160278812050819 0.129611045122147
-9999 -9999 -9999 -9999 -9999 -9999 -9999 -9999 -9999 -9999 -9999 -9999 -9999 -9999 -9999 -9999 -9999 -9999 -9999 -9999 -9999 -9999 -9999 -9999 -9999 -9999 -9999 -9999 0.173949852585793 0.126463681459427 0.0477988794445992 0.03475496545434 0.0303910747170448 0.0261536557227373 0.0224859286099672 0.022468289360404 0.0318497009575367 0.045325294137001 0.0482903905212879 0.0464648343622684 0.0453986600041389 0.0838777273893356 0.159898474812508 0.0568365268409252 0.0479042939841747 0.0417968146502972 0.0508963391184807 0.075472816824913 0.101209945976734 0.145626559853554 0.192979067564011 0.172224164009094 0.161116287112236 0.160455584526062 0.137439355254173 0.302028983831406
