meets/meet004/_saidas_enm/CCSM_Maxent_6k_Cavanillesia_umbellata2.asc
NCOLS 154 
NROWS 168 
XLLCORNER -112 
YLLCORNER -55.5 
CELLSIZE 0.5 
NODATA_value -9999 
[rows 50 to 74 of 168, columns 56 to 111 of 154]
-9999 -9999 -9999 -9999 -9999 -9999 -9999 -9999 -9999 -9999 -9999 -9999 -9999 0.00214326335117221 0.0889459922909737 0.185518592596054 0.172465279698372 0.171289190649986 0.366942346096039 0.379669189453125 0.447943896055222 0.423890739679337 0.473604619503021 0.226357579231262 0.451778292655945 0.451549589633942 0.437578350305557 0.426672101020813 0.406226187944412 0.378713816404343 0.363464802503586 0.396856427192688 0.424278676509857 0.208939552307129 0.187633901834488 0.32936155796051 0.313642710447311 0.112675935029984 0.107118599116802 0.111775062978268 0.109198115766048 0.118426017463207 0.125456288456917 0.146719127893448 0.0476415492594242 0.053474884480238 0.0572281926870346 0.0622227415442467 0.185926660895348 0.189333572983742 0.230434954166412 0.230893090367317 0.53686797618866 0.519031345844269 0.486896723508835 0.184923008084297
-9999 -9999 -9999 -9999 -9999 -9999 -9999 -9999 -9999 -9999 -9999 -9999 -9999 0.0131068574264646 0.106904201209545 0.14482307434082 0.16685163974762 0.374329775571823 0.37939465045929 0.389400631189346 0.410511285066605 0.432886570692062 0.486337274312973 0.494481861591339 0.436802476644516 0.418148100376129 0.38424214720726 0.337353140115738 0.276709198951721 0.218336060643196 0.205166906118393 0.264044940471649 0.351581901311874 0.201675996184349 0.216236159205437 0.180548191070557 0.374078512191772 0.141604870557785 0.131712391972542 0.126891687512398 0.125713661313057 0.127334624528885 0.133458778262138 0.135013774037361 0.0461347252130508 0.0509439520537853 0.0559425242245197 0.0610285177826881 0.18179489672184 0.193100735545158 0.228247508406639 0.539855480194092 0.517271876335144 0.49031662940979 0.449960321187973 0.183388754725456
-9999 -9999 -9999 -9999 -9999 -9999 -9999 -9999 -9999 -9999 -9999 0.00315223960205913 0.00785686913877726 0.0434296652674675 0.0767556950449944 0.11479913443327 0.144349306821823 0.34972220659256 0.379963159561157 0.393294781446457 0.406495958566666 0.399797827005386 0.403971284627914 0.395826578140259 0.366942971944809 0.328338205814362 0.269264310598373 0.206976667046547 0.144432887434959 0.100156582891941 0.0901497304439545 0.131229221820831 0.259962826967239 0.171811610460281 0.20831324160099 0.208087876439095 0.189944922924042 0.180509343743324 0.167605951428413 0.158266931772232 0.152775123715401 0.153065010905266 0.154943540692329 0.151336207985878 0.171938672661781 0.188162758946419 0.204334631562233 0.216932892799377 0.482978373765945 0.536795675754547 0.526873767375946 0.507085621356964 0.472288459539413 0.446714252233505 0.416376948356628 0.176445677876472
-9999 -9999 -9999 -9999 -9999 -9999 -9999 -9999 -9999 -9999 0.00558902509510517 0.0145691558718681 0.0381103567779064 0.0408455617725849 0.0446687489748001 0.0609970688819885 0.0898696705698967 0.141284286975861 0.168619304895401 0.176957100629807 0.179624915122986 0.172230109572411 0.139642789959908 0.124239265918732 0.103128336369991 0.0782659947872162 0.0532079935073853 0.0322791151702404 0.0186765994876623 0.0375903770327568 0.037264809012413 0.0686197727918625 0.180568307638168 0.34444385766983 0.195081517100334 0.221824690699577 0.216818124055862 0.212835088372231 0.206676349043846 0.200150072574615 0.195917323231697 0.193282395601273 0.173769176006317 0.182996064424515 0.196694195270538 0.206099823117256 0.47113099694252 0.480230242013931 0.531844794750214 0.558655023574829 0.533818304538727 0.504494726657867 0.438318997621536 0.399499744176865 0.386295020580292 0.171217694878578
-9999 -9999 -9999 -9999 -9999 -9999 -9999 -9999 -9999 -9999 0.0448914878070354 0.0471071675419807 0.0704945474863052 0.0461033694446087 0.0258195325732231 0.0250767357647419 0.0542828999459743 0.11700913310051 0.148517280817032 0.153659597039223 0.152226805686951 0.130074322223663 0.0948262587189674 0.0748185813426971 0.052594892680645 0.0347637943923473 0.018713315948844 0.00961282849311829 0.00498922867700458 0.00310769258067012 0.00970753002911806 0.0278811044991016 0.110951006412506 0.0928526371717453 0.171848893165588 0.210271760821342 0.227978408336639 0.228954717516899 0.228009507060051 0.229493692517281 0.230356380343437 0.232407674193382 0.21063420176506 0.214919731020927 0.477798819541931 0.480777889490128 0.517085552215576 0.561108291149139 0.550728976726532 0.532505750656128 0.503352284431458 0.461646884679794 0.432842910289764 0.381229341030121 0.366822063922882 0.434573471546173
-9999 -9999 -9999 -9999 -9999 -9999 -9999 -9999 0.00282616028562188 0.0238691326230764 0.112227261066437 0.0600453093647957 0.0749331563711166 0.057637345045805 0.0253784656524658 0.0160149242728949 0.0328106470406055 0.0786329880356789 0.106487892568111 0.102144442498684 0.0763582289218903 0.064916804432869 0.0521135590970516 0.0372091121971607 0.0215593408793211 0.0105285942554474 0.00503846211358905 0.00213232031092048 0.00132475548889488 0.00139337254222482 0.00139911763835698 0.00384643930010498 0.0194292943924665 0.0624177493155003 0.143191054463387 0.196991994976997 0.227659404277802 0.496274888515472 0.499026536941528 0.502015888690948 0.505393624305725 0.477289527654648 0.481090188026428 0.484004318714142 0.485480099916458 0.532251834869385 0.557044267654419 0.541960299015045 0.510539472103119 0.489739745855331 0.467615067958832 0.436215430498123 0.413327604532242 0.356010675430298 0.328809380531311 0.398185759782791
-9999 -9999 -9999 -9999 -9999 -9999 -9999 -9999 0.0111354570835829 0.0759483724832535 0.239888861775398 0.252701431512833 0.0892843827605247 0.157445922493935 0.0332179367542267 0.022946672514081 0.0183405112475157 0.0420478358864784 0.0556408129632473 0.0450322218239307 0.0282914265990257 0.0231487564742565 0.0193201825022697 0.0125758973881602 0.00556928524747491 0.00220347777940333 0.00194322434253991 0.00147867505438626 0.00157537369523197 0.00195029866881669 0.00221029366366565 0.00228325324133039 0.00870017800480127 0.0376515798270702 0.0936909765005112 0.169712975621223 0.203423455357552 0.493761539459229 0.502753973007202 0.475029587745667 0.478349238634109 0.480394005775452 0.482122302055359 0.480434715747833 0.5229212641716 0.498184263706207 0.477465689182281 0.48497399687767 0.461773961782455 0.4319928586483 0.409071564674377 0.374534755945206 0.349186211824417 0.296736687421799 0.264260679483414 0.350162327289581
-9999 -9999 -9999 -9999 -9999 -9999 -9999 0.0159793719649315 0.0339136533439159 0.170881226658821 0.28146031498909 0.268161654472351 0.276879638433456 0.205060064792633 0.133153095841408 0.0937082916498184 0.0285301748663187 0.0266809351742268 0.0223740488290787 0.0153116369619966 0.0104531962424517 0.00894675496965647 0.00729780411347747 0.00597630999982357 0.0055574607104063 0.00496590882539749 0.00511782197281718 0.00540281925350428 0.00553400814533234 0.00579669885337353 0.00574570754542947 0.00604252424091101 0.00614763516932726 0.0184085201472044 0.0532402247190475 0.099044993519783 0.153979137539864 0.18290776014328 0.439700245857239 0.44647815823555 0.416993111371994 0.412524729967117 0.406777888536453 0.396827727556229 0.46183243393898 0.440692335367203 0.401315271854401 0.36403614282608 0.332733869552612 0.301298588514328 0.282165825366974 0.249459356069565 0.223911806941032 0.204736083745956 0.190923154354095 0.300499051809311
-9999 -9999 -9999 -9999 -9999 -9999 -9999 0.0480899550020695 0.122994787991047 0.293585419654846 0.310761153697968 0.335788697004318 0.293028920888901 0.238531857728958 0.174600630998611 0.141397565603256 0.0445599928498268 0.0433964990079403 0.0370003022253513 0.0275137051939964 0.0210674423724413 0.0177281387150288 0.0142144626006484 0.0146560566499829 0.0160082820802927 0.0151349985972047 0.0154065992683172 0.0134645868092775 0.0139364209026098 0.0164730753749609 0.0161353535950184 0.0161269959062338 0.0136994104832411 0.0127565721049905 0.0293527133762836 0.059880655258894 0.0916943624615669 0.121320888400078 0.135414361953735 0.342855006456375 0.347403138875961 0.331026703119278 0.317414522171021 0.335709810256958 0.295578837394714 0.260728687047958 0.229954823851585 0.196762472391129 0.166984170675278 0.163180366158485 0.168670773506165 0.170691967010498 0.153470173478127 0.147660478949547 0.150025278329849 0.265877038240433
-9999 -9999 -9999 -9999 -9999 -9999 0.0945424512028694 0.163926735520363 0.277014195919037 0.346798956394196 0.30064269900322 0.333553075790405 0.321568489074707 0.240876346826553 0.210757672786713 0.183261662721634 0.0744137465953827 0.0682336017489433 0.05789839848876 0.0440697446465492 0.034838005900383 0.0318052098155022 0.0296527706086636 0.0303337071090937 0.0296159647405148 0.0295781772583723 0.0859184712171555 0.0864510908722878 0.0893637910485268 0.0856595262885094 0.0865310877561569 0.0824883654713631 0.0792279914021492 0.0756777748465538 0.0691100135445595 0.0942232310771942 0.143082305788994 0.18321567773819 0.206137448549271 0.212411418557167 0.20323833823204 0.184612154960632 0.157550752162933 0.153163567185402 0.160844877362251 0.18429259955883 0.218305140733719 0.242496058344841 0.257024765014648 0.263463228940964 0.274061441421509 0.260348170995712 0.249171212315559 0.239498749375343 0.22102202475071 0.245661288499832
-9999 -9999 -9999 -9999 -9999 -9999 0.249204233288765 0.332953482866287 0.39920648932457 0.433865457773209 0.342112690210342 0.36410003900528 0.343512833118439 0.27502053976059 0.255785346031189 0.267086923122406 0.257088214159012 0.0921460315585136 0.082368478178978 0.0776396095752716 0.0599536709487438 0.0559217743575573 0.0523585192859173 0.154879570007324 0.158394619822502 0.154724523425102 0.154058635234833 0.149209558963776 0.14872208237648 0.148375615477562 0.142053425312042 0.138811454176903 0.129990309476852 0.124707624316216 0.122402928769588 0.116781167685986 0.12128097563982 0.123265944421291 0.130311012268066 0.173643752932549 0.185426458716393 0.212185218930244 0.233207061886787 0.255617260932922 0.0887248739600182 0.297686517238617 0.351125478744507 0.361047357320786 0.366990447044373 0.374961793422699 0.128423422574997 0.129033535718918 0.121775209903717 0.116303384304047 0.110551133751869 0.325466305017471
-9999 -9999 -9999 -9999 -9999 -9999 0.373401790857315 0.429458141326904 0.478767514228821 0.489654004573822 0.391484081745148 0.393122881650925 0.370619177818298 0.297179520130157 0.313249945640564 0.299101531505585 0.306702792644501 0.116594575345516 0.104627452790737 0.0982494130730629 0.0792909637093544 0.21181420981884 0.209505438804626 0.216510206460953 0.217080041766167 0.219934836030006 0.209762901067734 0.20441871881485 0.203820571303368 0.196570038795471 0.195316791534424 0.186210125684738 0.182588130235672 0.17684181034565 0.171844661235809 0.173172071576118 0.172462806105614 0.213534146547318 0.224144637584686 0.243545740842819 0.266940802335739 0.0895866975188255 0.102277770638466 0.111398465931416 0.119766436517239 0.13043013215065 0.15088364481926 0.157049715518951 0.159293457865715 0.159048691391945 0.161174595355988 0.158123418688774 0.158683896064758 0.156769871711731 0.148891687393188 0.146431520581245
-9999 -9999 -9999 -9999 -9999 -9999 -9999 0.502419054508209 0.499557554721832 0.507992923259735 0.416103303432465 0.40700888633728 0.438110381364822 0.418453454971313 0.347517430782318 0.345649719238281 0.350632727146149 0.345688313245773 0.321427375078201 0.321109026670456 0.313621938228607 0.312215983867645 0.309952139854431 0.315193593502045 0.320008546113968 0.287031054496765 0.283072412014008 0.272015392780304 0.265577882528305 0.263914257287979 0.257593214511871 0.293882757425308 0.285102158784866 0.281532049179077 0.282988965511322 0.281013488769531 0.289256453514099 0.295833259820938 0.306806981563568 0.329377591609955 0.115880407392979 0.127578437328339 0.136698961257935 0.162795886397362 0.173124328255653 0.179101705551147 0.184191629290581 0.186085611581802 0.186844125390053 0.187697574496269 0.187626406550407 0.187744304537773 0.186731219291687 0.185144245624542 0.182536572217941 0.178384736180305
-9999 -9999 -9999 -9999 -9999 -9999 -9999 -9999 0.498316287994385 0.510811269283295 0.3775714635849 0.405144870281219 0.454041451215744 0.434676766395569 0.41343492269516 0.415741175413132 0.381436467170715 0.351437330245972 0.355975657701492 0.35564985871315 0.353272527456284 0.354968577623367 0.358995229005814 0.36326402425766 0.363554745912552 0.365685075521469 0.405185014009476 0.399246364831924 0.39178591966629 0.387527108192444 0.387913703918457 0.379913628101349 0.376441150903702 0.373043924570084 0.339363664388657 0.343135952949524 0.346839398145676 0.358705401420593 0.368523120880127 0.13326895236969 0.143143072724342 0.168637633323669 0.179002374410629 0.18615460395813 0.191953718662262 0.196941792964935 0.198655784130096 0.201030224561691 0.201833158731461 0.201864495873451 0.203044146299362 0.202212914824486 0.202470734715462 0.201511144638062 0.198908597230911 0.198230534791946
-9999 -9999 -9999 -9999 -9999 -9999 0.517366170883179 0.502508401870728 0.485162526369095 0.486657381057739 0.396954923868179 0.401634573936462 0.46313151717186 0.455852508544922 0.437914580106735 0.425537437200546 0.437725067138672 0.37586897611618 0.382575660943985 0.384959757328033 0.385827153921127 0.390889108181 0.394872546195984 0.447760552167892 0.451729148626328 0.451770305633545 0.450596183538437 0.446486979722977 0.442286223173141 0.440402507781982 0.438498675823212 0.43678742647171 0.432932645082474 0.431858152151108 0.433704942464828 0.434580266475677 0.441389560699463 0.413482189178467 0.421849548816681 0.159641265869141 0.186180025339127 0.19353199005127 0.199049592018127 0.203282728791237 0.21705986559391 0.218502596020699 0.218838542699814 0.218424752354622 0.217889830470085 0.217771381139755 0.217784270644188 0.217990964651108 0.21834771335125 0.218334004282951 0.218074664473534 0.530557930469513
-9999 -9999 -9999 -9999 -9999 0.499148041009903 0.518260657787323 0.486738443374634 0.497465312480927 0.44208562374115 0.370579332113266 0.392415344715118 0.45509997010231 0.458536595106125 0.4043889939785 0.400610506534576 0.389719814062119 0.377054274082184 0.396624833345413 0.391799658536911 0.4499671459198 0.454573422670364 0.464502274990082 0.470412313938141 0.472245723009109 0.476069688796997 0.475441992282867 0.477752208709717 0.47765901684761 0.473064184188843 0.474978238344193 0.473733425140381 0.474036425352097 0.474486619234085 0.473597258329391 0.476214110851288 0.479007869958878 0.485447317361832 0.491222381591797 0.500155806541443 0.203176200389862 0.216802909970284 0.220245987176895 0.220665603876114 0.219848647713661 0.217757612466812 0.216000393033028 0.213564902544022 0.212226286530495 0.211798816919327 0.21117077767849 0.211786642670631 0.212179690599442 0.212591871619225 0.5247443318367 0.525012671947479
-9999 -9999 -9999 -9999 -9999 0.532771050930023 0.516550958156586 0.488343238830566 0.476936727762222 0.403639137744904 0.364314675331116 0.369908273220062 0.400558710098267 0.399525910615921 0.382369369268417 0.363575994968414 0.360458135604858 0.394646614789963 0.41698169708252 0.425945639610291 0.431258261203766 0.445506304502487 0.464743912220001 0.476615607738495 0.4847491979599 0.504120826721191 0.506884634494781 0.509257197380066 0.510708093643188 0.5115886926651 0.512415766716003 0.513697445392609 0.514160394668579 0.51511549949646 0.516655325889587 0.517772734165192 0.520533621311188 0.523134171962738 0.527365684509277 0.533294320106506 0.2216657102108 0.222537353634834 0.221358895301819 0.218929439783096 0.215480327606201 0.211496621370316 0.207861483097076 0.204854771494865 0.202854409813881 0.201392695307732 0.200724899768829 0.198988497257233 0.198610693216324 0.504246771335602 0.505198895931244 0.505636632442474
-9999 -9999 -9999 -9999 -9999 -9999 0.527930319309235 0.532025337219238 0.456139832735062 0.388116896152496 0.342503815889359 0.347307443618774 0.356369972229004 0.357319533824921 0.355746805667877 0.339545458555222 0.354075253009796 0.368643373250961 0.391021400690079 0.404377400875092 0.403896421194077 0.440963447093964 0.455314129590988 0.470390856266022 0.484051913022995 0.490665882825851 0.498934090137482 0.502557516098022 0.510198652744293 0.519116580486298 0.525261104106903 0.530048131942749 0.530888974666595 0.532772839069366 0.534555554389954 0.535398960113525 0.537420451641083 0.538249731063843 0.539372742176056 0.54034411907196 0.538960933685303 0.221371665596962 0.217639431357384 0.213525861501694 0.208125978708267 0.202782690525055 0.19853313267231 0.19452403485775 0.19030524790287 0.18600594997406 0.184588178992271 0.179957211017609 0.469883352518082 0.469804972410202 0.471186190843582 0.473995417356491
-9999 -9999 -9999 -9999 -9999 -9999 0.551182091236115 0.520453035831451 0.476092725992203 0.375568479299545 0.309137314558029 0.321945756673813 0.36686572432518 0.374549925327301 0.36859130859375 0.366627305746078 0.375361442565918 0.351634800434113 0.126494750380516 0.138953655958176 0.413368374109268 0.419476449489594 0.423320293426514 0.436126559972763 0.457088440656662 0.473929733037949 0.476260483264923 0.476517468690872 0.484490841627121 0.498424291610718 0.513292849063873 0.51955235004425 0.525664210319519 0.534271121025085 0.541292011737823 0.542326092720032 0.542334675788879 0.541678726673126 0.540714502334595 0.538839519023895 0.53564041852951 0.217516839504242 0.213042676448822 0.208229586482048 0.202595263719559 0.196980118751526 0.189666524529457 0.181054174900055 0.173054769635201 0.165439605712891 0.160237371921539 0.433478534221649 0.433578491210938 0.431169748306274 0.425787776708603 0.421856582164764
-9999 -9999 -9999 -9999 -9999 -9999 0.527559876441956 0.550338268280029 0.537307143211365 0.416319072246552 0.292162448167801 0.299247831106186 0.377563178539276 0.393330305814743 0.385614007711411 0.385617524385452 0.383606195449829 0.343550205230713 0.117332488298416 0.136904954910278 0.408283323049545 0.404863655567169 0.393835335969925 0.404983758926392 0.434514880180359 0.454898148775101 0.45569720864296 0.448402971029282 0.456450879573822 0.476153880357742 0.493067681789398 0.499551773071289 0.502172946929932 0.510747492313385 0.521230161190033 0.530651330947876 0.533332347869873 0.532928168773651 0.533329486846924 0.532641232013702 0.529013872146606 0.522521495819092 0.515841662883759 0.507865846157074 0.194716572761536 0.187450259923935 0.177539736032486 0.167254254221916 0.158098429441452 0.147810906171799 0.140325024724007 0.396975100040436 0.398391515016556 0.391393184661865 0.377390772104263 0.367592245340347
-9999 -9999 -9999 -9999 -9999 -9999 -9999 -9999 0.482127606868744 0.493046641349792 0.2952800989151 0.291417807340622 0.37142750620842 0.381528079509735 0.37699156999588 0.367402940988541 0.375440537929535 0.362419813871384 0.125888466835022 0.136096611618996 0.396882027387619 0.382965922355652 0.365685164928436 0.373573482036591 0.403526246547699 0.428094774484634 0.427771687507629 0.419730603694916 0.426532417535782 0.444921314716339 0.461670517921448 0.177272200584412 0.177862346172333 0.182747274637222 0.189993321895599 0.196638315916061 0.198647350072861 0.503218948841095 0.505231618881226 0.50639533996582 0.506849408149719 0.501630425453186 0.494945496320724 0.487132608890533 0.478234797716141 0.467048734426498 0.450849622488022 0.432565301656723 0.413610845804214 0.393492698669434 0.379421532154083 0.371382057666779 0.367639154195786 0.357067048549652 0.338065505027771 0.320270627737045
-9999 -9999 -9999 -9999 -9999 -9999 -9999 -9999 0.536627531051636 0.469915211200714 0.311243981122971 0.298531115055084 0.371224075555801 0.366065800189972 0.369462490081787 0.351621270179749 0.371534049510956 0.37021467089653 0.130401223897934 0.138261005282402 0.386101186275482 0.36868891119957 0.343036085367203 0.116455607116222 0.382105022668839 0.404821872711182 0.405407011508942 0.39404022693634 0.399850606918335 0.418699860572815 0.157634690403938 0.16039189696312 0.159021347761154 0.163027465343475 0.170245930552483 0.175984874367714 0.178332269191742 0.178919866681099 0.180550932884216 0.474845081567764 0.476802706718445 0.473226845264435 0.46847727894783 0.463477551937103 0.457789033651352 0.449505984783173 0.433233171701431 0.414482653141022 0.394157022237778 0.371704548597336 0.355246752500534 0.340710550546646 0.332723051309586 0.318581521511078 0.296008795499802 0.306222498416901
-9999 -9999 -9999 -9999 -9999 -9999 -9999 -9999 -9999 0.479971945285797 0.386773586273193 0.358448028564453 0.371009737253189 0.350958526134491 0.355918079614639 0.338884741067886 0.353057652711868 0.358509182929993 0.124694928526878 0.129790440201759 0.370704919099808 0.348972350358963 0.233085304498672 0.0707345530390739 0.358319282531738 0.381230175495148 0.38151142001152 0.374862760305405 0.130862638354301 0.137686252593994 0.143765181303024 0.145243585109711 0.144455194473267 0.147266715764999 0.152221143245697 0.15663455426693 0.158369034528732 0.158646732568741 0.16050460934639 0.162479817867279 0.444112688302994 0.44207751750946 0.439221143722534 0.437269359827042 0.436890184879303 0.432299107313156 0.415815502405167 0.394618093967438 0.372594922780991 0.349734932184219 0.327456414699554 0.309673994779587 0.290842920541763 0.275787383317947 0.263933181762695 0.274752110242844
-9999 -9999 -9999 -9999 -9999 -9999 -9999 -9999 -9999 -9999 0.420982241630554 0.419593423604965 0.374079376459122 0.345402359962463 0.344286948442459 0.326982170343399 0.34142005443573 0.366167515516281 0.117988154292107 0.359372556209564 0.355290710926056 0.339082300662994 0.223711982369423 0.0665638446807861 0.243050798773766 0.359679579734802 0.361761450767517 0.356492251157761 0.122373655438423 0.128226265311241 0.132726550102234 0.134096622467041 0.132565289735794 0.134112283587456 0.137264758348465 0.139469176530838 0.140601754188538 0.140452072024345 0.141907766461372 0.143769159913063 0.145007908344269 0.407833278179169 0.406977027654648 0.408087968826294 0.410314828157425 0.408217042684555 0.393823683261871 0.372968018054962 0.350274354219437 0.325060218572617 0.301562368869781 0.282556176185608 0.263117462396622 0.247090578079224 0.257926553487778 0.243471816182137
-9999 -9999 -9999 -9999 -9999 -9999 -9999 -9999 -9999 -9999 -9999 0.396234601736069 0.373258739709854 0.306967437267303 0.297784477472305 0.317628890275955 0.327848434448242 0.338243842124939 0.22678031027317 0.338715076446533 0.339325368404388 0.232362031936646 0.218418762087822 0.21830090880394 0.228919684886932 0.238096803426743 0.242540776729584 0.243753954768181 0.0751621201634407 0.119996905326843 0.123195126652718 0.124635055661201 0.124031662940979 0.124550431966782 0.12504306435585 0.124585315585136 0.125819087028503 0.125309139490128 0.12633866071701 0.127629727125168 0.127770960330963 0.375638693571091 0.372962415218353 0.37523365020752 0.382267951965332 0.381036013364792 0.367843747138977 0.348804205656052 0.328278660774231 0.305119931697845 0.283141881227493 0.266467541456223 0.248941272497177 0.23261496424675 0.215118870139122 0.228811874985695
