meets/meet004/_saidas_enm/CCSM_Gower_6k_Aralia_warmingiana2.asc
NCOLS 154 
NROWS 168 
XLLCORNER -112 
YLLCORNER -55.5 
CELLSIZE 0.5 
NODATA_value -9999 
[rows 54 to 80 of 168, columns 60 to 119 of 154]
-9999 -9999 -9999 -9999 -9999 -9999 0 0 0 0 0 0 0 0 0 0 0 0 0 0 0 0 0 0 0 0 0 0 0 0 0 0 0 0 0 0 0 0 0 0 0 0.0893688313370352 0.277623994441009 0.511057411682512 0.507389209964388 0.434093535778623 0.380159291872764 0.30140541389878 0.226852846849226 0.169599295238224 0.104490791404315 0.286404976420307 0.46421210380895 0.509272500810263 0.521925039526368 0.543318810322005 0.564672810186245 0.603810396975837 0.630650418567748 0.525988702314675
-9999 -9999 -9999 -9999 0 0 0 0 0 0 0 0 0 0 0 0 0 0 0 0 0 0 0 0 0 0 0 0 0 0 0 0 0 0 0 0 0 0 0 0 0.125068436198762 0.357510464102745 0.484197442573595 0.405348094001574 0.332980978063882 0.26153613592341 0.192233013627197 0.130988784554667 0.0654109788836966 0.0155846463317447 0 0.201957198799814 0.425305884599183 0.550707830734062 0.561230680928326 0.57674044708422 0.593859889358209 0.62139333506685 0.615796840876406 0.524116402266398
-9999 -9999 -9999 -9999 0 0 0 0 0 0 0 0 0 0 0 0 0 0 0 0 0 0 0 0 0 0 0 0 0 0 0 0 0 0 0 0 0 0 0 0.131466607840024 0.297150362145564 0.31960231267852 0.224482075132216 0.142003804281282 0.0650159916542399 0 0 0 0 0 0 0.0923291549695082 0.347054755960598 0.527934678184372 0.592025642041027 0.606607818503753 0.622897453750486 0.640389187825891 0.6324396734089 0.505569333785492
-9999 -9999 -9999 0 0 0 0 0.124696977872551 0.167251260399334 0 0 0 0 0 0 0 0 0 0 0 0 0 0 0 0 0 0 0 0 0 0 0 0 0 0 0 0 0 0.0637311195203246 0.125970512524752 0.0524036320342738 0 0 0 0 0 0 0 0 0 0 0 0.25594039867208 0.476435782195462 0.567249041977203 0.629026662628913 0.6509570870606 0.650757596372492 0.627697132681595 0.499143646712658
-9999 -9999 -9999 0 0 0 0.263207535922284 0.296036404067408 0.268781118394693 0.0938595608155992 0 0 0 0 0 0 0 0 0 0 0 0 0 0 0 0 0 0 0 0 0 0 0 0 0 0 0 0 0 0 0 0 0 0 0 0 0 0 0 0 0 0 0.14418828047512 0.390419342622441 0.506023287870541 0.56941582421685 0.611911490951562 0.626867669306262 0.614289944171203 0.502721069717393
-9999 -9999 0 0 0 0.144135004706199 0.447216312114137 0.362738396101274 0.134263176248807 0.00671997910574207 0 0 0 0 0 0 0 0 0 0 0 0 0 0 0 0 0 0 0 0 0 0 0 0 0 0 0 0 0 0 0 0 0 0 0 0 0 0 0 0 0 0 0.0134030544948226 0.265583312846884 0.399657256459466 0.497543690588089 0.538338040536997 0.563250632500076 0.531514325435661 0.446306169539697
-9999 -9999 0 0 0.119125848728734 0.416424312725913 0.571305259784119 0.399575722368422 0.122490740541114 0.0442176757305992 0 0 0 0 0 0 0 0 0 0 0 0 0 0 0 0 0 0 0 0 0 0 0 0 0 0 0 0 0 0 0 0 0 0 0 0 0 0 0 0 0 0 0 0.0909847053104811 0.22965228490439 0.336778403612029 0.403583155735276 0.42923413902917 0.393647206602223 0.292972298981936
-9999 -9999 0 0.0506133795636498 0.40241243000457 0.55307612407414 0.642336820843181 0.479870337598463 0.20297629619024 0.249689994789538 0.0692867352948382 0 0 0 0 0 0 0 0 0 0 0 0 0 0 0 0 0 0 0 0 0 0 0 0 0 0 0 0 0 0 0 0 0 0 0 0 0 0 0 0 0 0 0 0.0333162304736904 0.147295411546014 0.209337165305856 0.247941907275581 0.253353469854413 0.171421817462154
-9999 -9999 -9999 0.111951015548885 0.474471187747592 0.659706103094337 0.636313572210955 0.526446042139427 0.329682357172775 0.366283492356644 0.228606790356317 0.115889091264668 0.0573043241028427 0 0 0 0 0 0 0 0 0 0 0 0 0 0 0 0 0 0 0 0 0 0 0 0 0 0 0 0.0201851956129816 0.0565166401626567 0.098500236591581 0.117719979234199 0.131633183823342 0.151677258705787 0.160635901619251 0.173992340489553 0.173666153655949 0.174706303660324 0.172185375715621 0.151941516699721 0.12993370376155 0.0928059222009401 0.0630306209216419 0.0254014702617864 0 0 0 0.000170388469833416
-9999 -9999 -9999 -9999 0.454983096037479 0.696340716270227 0.638417728482406 0.551945759897803 0.387122905080059 0.385316223099863 0.268487011921163 0.177707986035725 0.143678682475261 0.082871020481447 0.0537938797183357 0.028920763378922 0.000593710264289893 0 0 0 0 0 0 0 0 0 0 0 0 0 0 0 0 0 0 0 0 0.0273789514298785 0.0891044439372682 0.136193606609834 0.179792273243741 0.226957871374584 0.24526819324835 0.275254391918634 0.255711784708464 0.213418898781606 0.218151969912332 0.26508329056133 0.323588833272728 0.325431004167842 0.312138530153857 0.313246292877707 0.279317093469038 0.262577473604162 0.23117743104081 0.195001572096552 0.171816856702571 0.136460833794711 0.0939144541622347 0
-9999 -9999 0.0664589218089161 0.339313735626116 0.62126873222062 0.656548386177586 0.621511229558493 0.548839851334084 0.376732911358581 0.41893447886834 0.335597513956952 0.254698428517602 0.208325010530373 0.170552405530953 0.150509009320725 0.13884051308455 0.125410268610806 0.12518605227759 0.12286499330037 0.128877689794136 0.141007004464676 0.142956235901796 0.147762762200455 0.145301387742668 0.144791026236566 0.139943100932757 0.126498265006378 0.1152569929299 0.0962171832584325 0.0852593416659783 0.0798846818888667 0.0693751881288176 0.0772215721150038 0.0834927578888719 0.0992814731457192 0.139023075910536 0.173378566304605 0.224147829066052 0.269508243937529 0.308841625364686 0.3549343827662 0.319406202369119 0.288108258651755 0.262895418020591 0.239943774816249 0.198744418844108 0.188362763132196 0.222684511912971 0.275761362513349 0.353839317899995 0.415015740054678 0.448294849996448 0.440264610667836 0.421198852556699 0.385409794172179 0.311733393810771 0.235810885756939 0.131314084099247 0.0215814171660412 0
-9999 0.0992561772426785 0.310088868491206 0.37707185144748 0.56818861943486 0.574280369224534 0.64263604663679 0.519920298951789 0.329453061909681 0.357728503052922 0.339113799539802 0.291640508393229 0.257883946229393 0.235598980525193 0.226766740311877 0.202033719092119 0.210837115736273 0.210733872725481 0.230069074478771 0.243945461100221 0.250560648853351 0.267872728732053 0.27105171422377 0.286226740129696 0.293739047717772 0.282075896025295 0.282918722082995 0.270292195180529 0.263355740967357 0.256284315817315 0.240441646119331 0.239989395921686 0.238716122011266 0.252897826295691 0.26632018120493 0.295103772709239 0.329452476381151 0.361972260771587 0.405359433268782 0.345777400782942 0.293923367596464 0.242753647776277 0.225327883857393 0.204697818066402 0.196968782321199 0.178352982646974 0.148123112061221 0.196697437495402 0.230478466355754 0.299251217440337 0.329237668502085 0.348688647593604 0.356078765548914 0.351572169478028 0.329013666644774 0.25779260647987 0.187710211626653 0.0996782590378313 0 0
-9999 0.17943462897171 0.428880073892235 0.362853460633299 0.501119754980045 0.464372062315742 0.488910824471518 0.435703067120937 0.337343320362964 0.323658562161072 0.396555375672239 0.347487666693243 0.306815534299155 0.277572057534776 0.268060466433683 0.278168949748362 0.281174195152895 0.28894202283013 0.306492231822467 0.322151320686142 0.347892611821577 0.364629231524357 0.380249572782868 0.392286979884502 0.400573554170788 0.406918624995838 0.406367733023434 0.404170588281572 0.397310737848159 0.392624480614842 0.389707943324485 0.38442026535643 0.388172382801328 0.391209247059618 0.400278089374084 0.423459800566255 0.444839747445001 0.44364120817192 0.373478488766052 0.315735888535909 0.269654470014674 0.227576323552957 0.205669486042013 0.188506720255194 0.180989119461484 0.184109080553307 0.17350818218805 0.187540218488409 0.220425745121262 0.243780895160094 0.260793376300018 0.268338572464236 0.265117428347219 0.24827311054494 0.218878599613935 0.175268586199734 0.118211206225993 0.0513581175007873 0 0
-9999 -9999 0.433394272271826 0.483603264481624 0.464159859972261 0.377968187475936 0.349177874241931 0.390970479594766 0.344972599116798 0.347399376801283 0.406881486351056 0.378077112049703 0.360369084835811 0.326778083681704 0.326184839331277 0.339801718664301 0.334073470662882 0.355265838735478 0.37467571597763 0.397833367970444 0.424227152617983 0.440990283627469 0.463433975142656 0.479902069565289 0.49590104932435 0.507814004908455 0.509199588297976 0.514612369524339 0.510233601974402 0.510593778974802 0.510391317856496 0.504265272330156 0.509115983691136 0.509309457788873 0.514358395556045 0.507785725841071 0.500166243650756 0.440423043836695 0.37218785458298 0.318814003126916 0.276060741755745 0.231814480151114 0.217030357568592 0.198314607245285 0.188912100134619 0.187374292098025 0.182128950774741 0.185779230867851 0.195316558095469 0.199500430842722 0.204948508404109 0.201129335037036 0.185657141972051 0.161105683342953 0.126084696610237 0.0792560006378913 0.0222553660739253 0 0 0
-9999 -9999 0.32015212498615 0.43253837558977 0.371517069473924 0.360801893379331 0.321836290170197 0.359294381249611 0.379669141427611 0.395702716924536 0.381857452038479 0.363842765468427 0.340502175287434 0.317046937474894 0.37024904682705 0.375150098430304 0.382281499890824 0.393659535191313 0.418458095409888 0.442327226148397 0.471151601274517 0.496390565898117 0.518321414175271 0.517844781188751 0.513373691217036 0.513369504803205 0.515326354239729 0.512992727558398 0.512321705227169 0.512888067212618 0.51511673451861 0.517909072544016 0.516620255143127 0.514908310915728 0.511791824847964 0.508227990559381 0.5042159109613 0.465560871700142 0.405539774845056 0.355617676705554 0.31487900693715 0.278196856633329 0.255372116774757 0.235264031020265 0.22163684110737 0.187134574322973 0.168043867618296 0.173722885934401 0.181931239452666 0.173345331386674 0.161143902283327 0.140800413767276 0.118780085436781 0.0865318504392694 0.0480282761262322 0.00178154449341283 0 0 0 0
-9999 -9999 0.0550872426575355 0.304575359665006 0.291652695537541 0.36366766726752 0.38302060437308 0.411093014983363 0.396252427710636 0.446881079689227 0.404044478595873 0.316009689084755 0.317420063403019 0.319426605405325 0.406390377587557 0.427670459392511 0.419025687566453 0.442987525737552 0.463591913209107 0.494605011616699 0.528337828332421 0.543236473057991 0.53437453717166 0.51799280082064 0.510746417508403 0.510651924167642 0.512415002449693 0.506739122383272 0.502361030604522 0.501726489879537 0.504828323498892 0.509298217352369 0.509787130681941 0.509735996627288 0.508700756292746 0.508172670090897 0.506951433370426 0.50019887476311 0.453126501394108 0.407707112653589 0.370310332942638 0.332437565479368 0.310172635930479 0.284184404254776 0.235933192214507 0.195387119291943 0.168361128882321 0.174000124752505 0.173706209915267 0.158787801776064 0.130581964668557 0.0947824775537809 0.0652533582192205 0.0264612632952917 0 0 0 0 0 0
-9999 -9999 -9999 -9999 0.277776580016086 0.3807188968321 0.516506225204487 0.309156750739682 0.173056885631916 0.196403169935466 0.377818793241721 0.402213451694953 0.340028576344027 0.304385669947356 0.360300160745476 0.455921141975091 0.467107658816643 0.47942069032525 0.503764561704548 0.513286972644819 0.531423115420668 0.546379377862167 0.533988490010512 0.514929242984884 0.505333683454229 0.504427922918894 0.50453916191498 0.495158006578394 0.486062424471007 0.484333136529165 0.489751253115407 0.497348697130346 0.499760071497113 0.493668009655309 0.481367705149876 0.479902372760617 0.476769689921733 0.472938010564946 0.46440870985303 0.461578352653097 0.429666290679486 0.394762940549685 0.365620933736608 0.32618214016615 0.279361298143915 0.244552609604426 0.217182676300165 0.216036199984698 0.195665969899499 0.160095148648317 0.118313684808487 0.073004936661458 0.032699371698717 0 0 0 0 0 0 0
-9999 -9999 -9999 -9999 0.0244297026523753 0.432266973378363 0.470895241767131 0.207408653838555 0 0 0.170508555726956 0.484935961828737 0.414351092221681 0.353378146561323 0.331985350798197 0.453718490240764 0.51119818775249 0.528866227168538 0.507938828975469 0.495957013561033 0.523049988728722 0.544220683473068 0.53280104363025 0.510494933648972 0.500480134676079 0.500576422194196 0.497885156159857 0.485822004705273 0.471200057311151 0.468277342397859 0.476012340010108 0.484654593305489 0.473698384097716 0.456915803877892 0.450423167882209 0.450479284010089 0.450876656340637 0.457006992585696 0.455188830042394 0.459542038662662 0.464904986858966 0.454354430603821 0.423845610838384 0.377345000670416 0.339917343325922 0.306612414811847 0.287391635157924 0.253409606575482 0.212293281853891 0.167305313694544 0.115042791291119 0.0619193710613027 0.0176176596041973 0 0 0 0 0 0 0
-9999 -9999 -9999 -9999 -9999 0.505763837745718 0.568049114969096 0.19167102715842 0 0 0 0.34488270928641 0.516853995933513 0.490505885701691 0.359464074097474 0.460989693006429 0.556399557675451 0.563475382075747 0.501172986165141 0.486324075335457 0.515445667033918 0.539652109864998 0.52981074803654 0.508353283944757 0.49703292191565 0.496113406020584 0.493411673951668 0.476511420344698 0.459356991612264 0.454647874111289 0.460923607473808 0.470917474377545 0.456102470749435 0.438521638610522 0.431027680457986 0.438817300459288 0.439993284064167 0.452112964782987 0.459960454541165 0.465905607564221 0.477084992415257 0.472552562911573 0.444262669218415 0.405410323972568 0.382207727849909 0.354927274219949 0.312347099304167 0.271154725369018 0.228785985404728 0.178968827406593 0.119131570132492 0.0617517259465773 0.0183566454885822 0 0 0 0 0 0 0
-9999 -9999 -9999 -9999 -9999 -9999 0.644067794884851 0.237044875408693 0 0 0 0.208462134976219 0.581412809924502 0.591135698348422 0.444740127720651 0.506755269979478 0.597342088577084 0.566780669550251 0.504185708975804 0.489761719149985 0.516635804680214 0.537506273746952 0.527499847601721 0.506228977954986 0.494806048787014 0.493371304961152 0.488311425787036 0.470195317991664 0.450232403637618 0.44401797133477 0.450549075940992 0.458501169013344 0.459510122614931 0.444393139215736 0.437405979843113 0.439319539803811 0.439883156163203 0.455260027379641 0.468240739935615 0.476448425089621 0.483985873241264 0.477237908863729 0.446195869823871 0.39813582752581 0.36956188564007 0.358371026099677 0.33936905615019 0.294092826491411 0.245629007649707 0.193782488695574 0.135350133758477 0.0801189713559642 0.0414811773065626 0.0044984577089523 0 0 0 0 0 0
-9999 -9999 -9999 -9999 -9999 -9999 -9999 0.332197576348334 0 0 0 0.0899755594597424 0.575232711566866 0.627309654586647 0.575887315751335 0.582313760011777 0.596271263724976 0.560321631067838 0.523794273301996 0.504892614854157 0.521383197964788 0.531438664957755 0.522460003408083 0.506085443766487 0.493672427727439 0.487978306857897 0.479214049502293 0.46286221610721 0.446640161540894 0.440401507843738 0.442746497648325 0.447465782154317 0.447705744389635 0.437974155637895 0.435617979718546 0.446544140542525 0.450169242403554 0.465234669110259 0.47900100745655 0.483729141956214 0.487612728731289 0.471422173660596 0.449973537407573 0.415031970112444 0.378489809383969 0.35397481055546 0.327238149077814 0.31737053165571 0.264590136525787 0.213189807506055 0.162694295705212 0.115492867897422 0.0812462357634036 0.0522972669881483 0.026507644246661 0.00274038645174612 0 0 0 0
-9999 -9999 -9999 -9999 -9999 -9999 -9999 0.312608101378225 0 0 0 0 0.41141632583586 0.653636874645646 0.638752606803306 0.640611543756294 0.624435362774331 0.568585013911496 0.534295593367986 0.511972737731383 0.520626653179579 0.523346925081177 0.513516029287297 0.500062988440756 0.488393957945423 0.481409225497635 0.471966769101378 0.45750928796491 0.445156974926414 0.442128702578664 0.447617988200037 0.440837831788757 0.430398829099934 0.415771134660562 0.405728835938028 0.406962861353949 0.407781236992953 0.424926454454265 0.442614608687748 0.467689398979197 0.490270528837992 0.477036241529161 0.462576518277757 0.433827875239183 0.399947260104248 0.367863849991743 0.331832809249727 0.313208197279848 0.299589357895849 0.250680903788505 0.207620206669851 0.166292446996766 0.136399016949217 0.109774148415894 0.0690362575169637 0.0348433309839998 0.00792698540018499 0.0105146866693134 0.00313604965141512 0
-9999 -9999 -9999 -9999 -9999 -9999 -9999 0.277708386375953 0.00845815788307913 0 0 0 0.193150326388628 0.608982360023207 0.659902452532206 0.654223896778942 0.64091101417546 0.605942178704593 0.567339854826275 0.521036921735036 0.526806996112658 0.511343280508907 0.507821310358636 0.495163090080903 0.479607572402425 0.472360890060629 0.462779085889705 0.446216436655266 0.440824634670247 0.440946638730471 0.450753911189161 0.435068743116923 0.42827799019188 0.40921620843944 0.390562830336553 0.393680829014145 0.371328292966845 0.371022704916213 0.368142756411761 0.388866045389662 0.449992125874933 0.487933993563401 0.485039804268005 0.460968791214004 0.429874143304259 0.394676387356449 0.353298597979573 0.336656764684734 0.32109345292739 0.300006397790982 0.221120301318196 0.122265693692419 0.0701848183348225 0.00825883818095285 0 0 0 0 0 0.00543433744012067
-9999 -9999 -9999 -9999 -9999 -9999 -9999 -9999 0.182698944259053 0 0 0 0 0.274286913821432 0.50721226158697 0.640750835051458 0.660297873099313 0.645757781488945 0.605364453595888 0.517927014317578 0.528041988192861 0.535605043808471 0.520374870290589 0.491031697688634 0.466357871656257 0.452918885199006 0.442800322969012 0.427792029384182 0.421949290823633 0.424461139122349 0.437328979121201 0.456247981283484 0.440110426481116 0.42132549973364 0.398321348238677 0.389754043408551 0.363141618273455 0.333799328806112 0.304303203062257 0.312659139349858 0.373016323003691 0.426021771125317 0.450723389166366 0.446603413202598 0.429394701136686 0.399825108264091 0.358335172658539 0.335672879555824 0.295341510379611 0.221177833584208 0.140936581615396 0.0554286259035672 0.00434039058492608 0 0 0 0 0 0.0159552379118019 0.0749908470492598
-9999 -9999 -9999 -9999 -9999 -9999 -9999 -9999 0.317923398778409 0.115741291928163 0 0 0 0 0.0346434288232969 0.306724743333318 0.658665104273916 0.664100641106382 0.644367075892965 0.522013851305501 0.573283366348333 0.589595727841579 0.533884128694291 0.485752330817939 0.445718552438913 0.428424177872693 0.414417334282197 0.399373157150243 0.391238955076234 0.393419777652727 0.408752219279914 0.425401587086571 0.434224155206252 0.44233024850168 0.424865778890995 0.418000301518308 0.385821421196261 0.328485515309042 0.259674840655674 0.249346548204991 0.315460293663903 0.35033777078232 0.380906998357452 0.403692277101281 0.391841047203179 0.364116331591841 0.31182158628885 0.270382929442135 0.217966866099944 0.154169419698754 0.089502735800201 0.0200846371498745 0 0 0 0 0 0.00199532539419833 0.08891115402142 0.184936258100624
-9999 -9999 -9999 -9999 -9999 -9999 -9999 -9999 -9999 0.36024276605608 0.0112536357188587 0 0 0 0 0 0.0944378280594558 0.542879860968523 0.649371658410697 0.625592878035417 0.60859352472271 0.594681024528241 0.53634245070188 0.463314348800979 0.410581084065027 0.396463300508004 0.384639970760035 0.370158866288377 0.363130774554481 0.364645359272695 0.377957856226331 0.396942345862117 0.406712538655444 0.416558983986412 0.430023088926649 0.431401904885784 0.399640004451703 0.346394726058071 0.284588813241966 0.255910229336159 0.262363848741042 0.274827088541363 0.310730557737004 0.339355778381582 0.331202872626938 0.300958827424921 0.250240382830577 0.211074667391835 0.162910988928831 0.111317053329949 0.0613219310655456 0.00754343696010151 0 0 0 0 0 0.0100077356876378 0.0863117795388978 0.198353783095893
-9999 -9999 -9999 -9999 -9999 -9999 -9999 -9999 -9999 0.118990164640404 0.110074980807642 0 0 0 0 0 0 0.0372884947907128 0.267218044954761 0.332102016138457 0.401203803670687 0.614187960633468 0.554329975786722 0.45488051910848 0.362290800522208 0.352114525587255 0.352220980110391 0.310603541184935 0.326674884853328 0.327871601149931 0.345046064862844 0.367069591910516 0.371548755680334 0.385824426844704 0.402268959403192 0.427051034136061 0.429032050660264 0.390534064203547 0.326100010771914 0.265274647880893 0.23532034851133 0.207099938231231 0.253994988538612 0.296510916221387 0.289628723124759 0.252815160184877 0.203582965795857 0.167968408631714 0.127565749473703 0.0905512405032552 0.0555391045303305 0.00669671208856937 0 0 0 0 0 0.0448264298386075 0.079510882035548 0.1833036758274
