meets/meet004/_saidas_enm/CCSM_Maxent_0k_Cavanillesia_umbellata1.asc
NCOLS 154 
NROWS 168 
XLLCORNER -112 
YLLCORNER -55.5 
CELLSIZE 0.5 
NODATA_value -9999 
[rows 100 to 124 of 168, columns 56 to 111 of 154]
-9999 -9999 -9999 -9999 -9999 -9999 -9999 -9999 -9999 -9999 -9999 -9999 -9999 -9999 -9999 -9999 -9999 -9999 -9999 -9999 -9999 -9999 -9999 -9999 -9999 -9999 -9999 -9999 0.0892811417579651 0.0901762619614601 0.0733231529593468 0.0358304306864738 0.0253392904996872 0.0233296863734722 0.0291623473167419 0.036799143999815 0.0541007444262505 0.0687670782208443 0.0719320178031921 0.0600791685283184 0.0640412047505379 0.0989361181855202 0.168268248438835 0.0555768013000488 0.0523972362279892 0.0542343407869339 0.0798511058092117 0.145260944962502 0.194077387452126 0.195368230342865 0.177742704749107 0.195611745119095 0.183626145124435 0.162432640790939 0.336223095655441 0.315237760543823
-9999 -9999 -9999 -9999 -9999 -9999 -9999 -9999 -9999 -9999 -9999 -9999 -9999 -9999 -9999 -9999 -9999 -9999 -9999 -9999 -9999 -9999 -9999 -9999 -9999 -9999 -9999 -9999 0.0816613733768463 0.110048890113831 0.0679942592978477 0.0285938475281 0.0178391020745039 0.0177349243313074 0.0303876642137766 0.0467240549623966 0.0668464526534081 0.078443206846714 0.0796400755643845 0.0655216053128242 0.0696937218308449 0.108023650944233 0.180641248822212 0.0578313916921616 0.0504714623093605 0.0501500554382801 0.0928623229265213 0.172320052981377 0.215166196227074 0.180660292506218 0.132297992706299 0.151174485683441 0.155082657933235 0.143610015511513 0.314304798841476 0.345784962177277
-9999 -9999 -9999 -9999 -9999 -9999 -9999 -9999 -9999 -9999 -9999 -9999 -9999 -9999 -9999 -9999 -9999 -9999 -9999 -9999 -9999 -9999 -9999 -9999 -9999 -9999 -9999 0.116079479455948 0.0776897892355919 0.10676035284996 0.0577434226870537 0.0239213667809963 0.0175410620868206 0.0195998568087816 0.0356472730636597 0.0602403283119202 0.0824367105960846 0.0936364531517029 0.0902152881026268 0.0722887143492699 0.0819174274802208 0.119580611586571 0.19719372689724 0.0606664270162582 0.0487153790891171 0.0485414788126945 0.0792501196265221 0.143618553876877 0.178026109933853 0.155856817960739 0.134433329105377 0.136762022972107 0.149683609604836 0.140662610530853 0.298086762428284 0.340136379003525
-9999 -9999 -9999 -9999 -9999 -9999 -9999 -9999 -9999 -9999 -9999 -9999 -9999 -9999 -9999 -9999 -9999 -9999 -9999 -9999 -9999 -9999 -9999 -9999 -9999 -9999 -9999 0.113094553351402 0.0807183086872101 0.153090193867683 0.0440585501492023 0.0203514136373997 0.0169226098805666 0.0210371483117342 0.0438346825540066 0.0740754902362823 0.0878806635737419 0.0903702303767204 0.082310363650322 0.0747952237725258 0.0825651064515114 0.120246395468712 0.190538004040718 0.0553202703595161 0.121449507772923 0.115297839045525 0.0601659938693047 0.102724500000477 0.130292162299156 0.124979220330715 0.118829570710659 0.121482238173485 0.132048889994621 0.125891104340553 0.269820004701614 0.262183636426926
-9999 -9999 -9999 -9999 -9999 -9999 -9999 -9999 -9999 -9999 -9999 -9999 -9999 -9999 -9999 -9999 -9999 -9999 -9999 -9999 -9999 -9999 -9999 -9999 -9999 -9999 -9999 0.110973052680492 0.0927634760737419 0.130537360906601 0.0363413542509079 0.0175705999135971 0.016851494088769 0.02284200116992 0.0481850914657116 0.0794961452484131 0.0773145779967308 0.0570715814828873 0.0509988963603973 0.0613271817564964 0.076908066868782 0.108528606593609 0.14649261534214 0.116297826170921 0.103837288916111 0.097076490521431 0.141381427645683 0.207484975457191 0.252138078212738 0.262120366096497 0.244970858097076 0.257200241088867 0.253492087125778 0.241084039211273 0.224129617214203 0.276555389165878
-9999 -9999 -9999 -9999 -9999 -9999 -9999 -9999 -9999 -9999 -9999 -9999 -9999 -9999 -9999 -9999 -9999 -9999 -9999 -9999 -9999 -9999 -9999 -9999 -9999 -9999 -9999 0.128931596875191 0.0979637429118156 0.108929254114628 0.0278465356677771 0.0148266535252333 0.0161485765129328 0.0221471264958382 0.0422095768153667 0.0723364651203156 0.0629987269639969 0.0417623519897461 0.0384391136467457 0.0533779859542847 0.0732354670763016 0.0994497090578079 0.121661558747292 0.143095970153809 0.145168632268906 0.149872973561287 0.151125654578209 0.201097145676613 0.238339841365814 0.257821261882782 0.240614697337151 0.239935085177422 0.218499466776848 0.225032046437263 0.270045250654221 0.251931101083755
-9999 -9999 -9999 -9999 -9999 -9999 -9999 -9999 -9999 -9999 -9999 -9999 -9999 -9999 -9999 -9999 -9999 -9999 -9999 -9999 -9999 -9999 -9999 -9999 -9999 -9999 -9999 0.162900939583778 0.117529556155205 0.083048440515995 0.022622374817729 0.0124095911160111 0.0148928705602884 0.0214919708669186 0.0366539433598518 0.0536471381783485 0.0525545664131641 0.0394792221486568 0.0388794615864754 0.0576125532388687 0.0799717754125595 0.0949055701494217 0.112375773489475 0.134880512952805 0.163881957530975 0.220624685287476 0.249209761619568 0.228021547198296 0.26514133810997 0.306728035211563 0.391223877668381 0.344165146350861 0.293849140405655 0.26873767375946 0.255982935428619 0.255909532308578
-9999 -9999 -9999 -9999 -9999 -9999 -9999 -9999 -9999 -9999 -9999 -9999 -9999 -9999 -9999 -9999 -9999 -9999 -9999 -9999 -9999 -9999 -9999 -9999 -9999 -9999 -9999 0.22343797981739 0.201838150620461 0.058541938662529 0.016789922490716 0.00952386669814587 0.0130092035979033 0.0196163281798363 0.0327688381075859 0.0477698184549809 0.0494093298912048 0.0411170274019241 0.0435445234179497 0.0628057569265366 0.0812439173460007 0.0919774398207664 0.100595436990261 0.1186448559165 0.149552747607231 0.201605781912804 0.230181634426117 0.276813447475433 0.324692487716675 0.362436294555664 0.387928694486618 0.340681076049805 0.284652084112167 0.258327960968018 0.253331243991852 0.255041390657425
-9999 -9999 -9999 -9999 -9999 -9999 -9999 -9999 -9999 -9999 -9999 -9999 -9999 -9999 -9999 -9999 -9999 -9999 -9999 -9999 -9999 -9999 -9999 -9999 -9999 -9999 -9999 0.340857595205307 0.197309151291847 0.0431338101625443 0.0101588889956474 0.00668375752866268 0.0108109768480062 0.0184612087905407 0.0325052812695503 0.0496994815766811 0.056105837225914 0.0509078167378902 0.055055994540453 0.0718907341361046 0.0788428485393524 0.085334949195385 0.0871534571051598 0.0960005968809128 0.109980575740337 0.12231058627367 0.165414482355118 0.201575547456741 0.244964763522148 0.302583962678909 0.326988101005554 0.302340269088745 0.259525299072266 0.242477864027023 0.246572375297546 0.249026566743851
-9999 -9999 -9999 -9999 -9999 -9999 -9999 -9999 -9999 -9999 -9999 -9999 -9999 -9999 -9999 -9999 -9999 -9999 -9999 -9999 -9999 -9999 -9999 -9999 -9999 -9999 -9999 0.297008991241455 0.179170042276382 0.034791637212038 0.00876743160188198 0.00569708459079266 0.0102655086666346 0.0192096214741468 0.0356543771922588 0.0607544891536236 0.0791568979620934 0.0827951356768608 0.0885167717933655 0.0952499657869339 0.0871403813362122 0.084552176296711 0.0832804813981056 0.0864096134901047 0.0947876796126366 0.105254203081131 0.135621398687363 0.166689082980156 0.204175904393196 0.247951880097389 0.268411546945572 0.263023763895035 0.240263059735298 0.234166890382767 0.241399511694908 0.24296498298645
-9999 -9999 -9999 -9999 -9999 -9999 -9999 -9999 -9999 -9999 -9999 -9999 -9999 -9999 -9999 -9999 -9999 -9999 -9999 -9999 -9999 -9999 -9999 -9999 -9999 -9999 0.348041206598282 0.269912362098694 0.168369755148888 0.0274678412824869 0.00806083623319864 0.00637051975354552 0.0102816913276911 0.0209088753908873 0.0421027950942516 0.0801463425159454 0.110490553081036 0.150540143251419 0.163167163729668 0.130487725138664 0.0991415455937386 0.0932947099208832 0.089053675532341 0.0893108621239662 0.0993814766407013 0.113490775227547 0.136090844869614 0.165256455540657 0.194248765707016 0.214337006211281 0.225760266184807 0.234008967876434 0.229641988873482 0.232172966003418 0.238083243370056 0.240683138370514
-9999 -9999 -9999 -9999 -9999 -9999 -9999 -9999 -9999 -9999 -9999 -9999 -9999 -9999 -9999 -9999 -9999 -9999 -9999 -9999 -9999 -9999 -9999 -9999 -9999 -9999 0.32253497838974 0.228617787361145 0.115811109542847 0.0163559336215258 0.00958881620317698 0.00819729920476675 0.0111085372045636 0.0233099553734064 0.0479837246239185 0.0876917317509651 0.127253338694572 0.160882130265236 0.190535917878151 0.160139679908752 0.127215802669525 0.111140303313732 0.102656491100788 0.101471275091171 0.110598869621754 0.123444795608521 0.141816928982735 0.160424813628197 0.180645734071732 0.197739079594612 0.208471283316612 0.216005980968475 0.218007624149323 0.222526580095291 0.228589847683907 0.226517543196678
-9999 -9999 -9999 -9999 -9999 -9999 -9999 -9999 -9999 -9999 -9999 -9999 -9999 -9999 -9999 -9999 -9999 -9999 -9999 -9999 -9999 -9999 -9999 -9999 -9999 -9999 0.28061842918396 0.17653489112854 0.0438842624425888 0.0111813368275762 0.0110675552859902 0.0104525340721011 0.013684662990272 0.0309308115392923 0.0683733597397804 0.105414479970932 0.147526502609253 0.167379781603813 0.179618641734123 0.185270145535469 0.163503766059875 0.147587016224861 0.128378331661224 0.124914929270744 0.136264845728874 0.137777119874954 0.154275432229042 0.159442618489265 0.166963845491409 0.183013215661049 0.198871806263924 0.204240366816521 0.206051930785179 0.212502613663673 0.217303693294525 0.214650392532349
-9999 -9999 -9999 -9999 -9999 -9999 -9999 -9999 -9999 -9999 -9999 -9999 -9999 -9999 -9999 -9999 -9999 -9999 -9999 -9999 -9999 -9999 -9999 -9999 -9999 -9999 0.239308789372444 0.121868945658207 0.0202053226530552 0.00985906552523375 0.0120646478608251 0.0130871254950762 0.0286723840981722 0.0690971314907074 0.155665695667267 0.163320407271385 0.215904027223587 0.196855410933495 0.197957322001457 0.220173165202141 0.232243254780769 0.20760403573513 0.178815111517906 0.17575067281723 0.199755117297173 0.217267721891403 0.193143174052238 0.161940306425095 0.154801532626152 0.165045857429504 0.181632772088051 0.191741615533829 0.198746368288994 0.206077724695206 0.209874019026756 0.209426149725914
-9999 -9999 -9999 -9999 -9999 -9999 -9999 -9999 -9999 -9999 -9999 -9999 -9999 -9999 -9999 -9999 -9999 -9999 -9999 -9999 -9999 -9999 -9999 -9999 -9999 0.353856950998306 0.20050585269928 0.0451391451060772 0.00979082658886909 0.00963739957660437 0.0128717450425029 0.0206301622092724 0.0665231570601463 0.158791929483414 0.186757445335388 0.213255763053894 0.258303672075272 0.247772663831711 0.228935569524765 0.272711932659149 0.335667133331299 0.261577039957047 0.229104101657867 0.234280556440353 0.281130999326706 0.351364523172379 0.246466636657715 0.164686948060989 0.141038194298744 0.149103969335556 0.16556803882122 0.179488554596901 0.190544351935387 0.198595836758614 0.200173899531364 0.205631598830223
-9999 -9999 -9999 -9999 -9999 -9999 -9999 -9999 -9999 -9999 -9999 -9999 -9999 -9999 -9999 -9999 -9999 -9999 -9999 -9999 -9999 -9999 -9999 -9999 -9999 0.300027012825012 0.168519869446754 0.0207410156726837 0.0072431149892509 0.00977392494678497 0.0149730434641242 0.0360409468412399 0.106359772384167 0.206345185637474 0.22050079703331 0.238606110215187 0.27965036034584 0.329119443893433 0.292649686336517 0.296042203903198 0.314420968294144 0.267778247594833 0.240731805562973 0.248200103640556 0.307051509618759 0.347194880247116 0.255276501178741 0.166893377900124 0.137501269578934 0.139270663261414 0.157443642616272 0.166099563241005 0.173459574580193 0.181620359420776 0.185003936290741 0.189138785004616
-9999 -9999 -9999 -9999 -9999 -9999 -9999 -9999 -9999 -9999 -9999 -9999 -9999 -9999 -9999 -9999 -9999 -9999 -9999 -9999 -9999 -9999 -9999 -9999 -9999 0.268197298049927 0.107288688421249 0.0119936689734459 0.00821962486952543 0.0105443252250552 0.020130468532443 0.0540282055735588 0.140396401286125 0.235652104020119 0.250556796789169 0.236760929226875 0.273266941308975 0.337581098079681 0.303758502006531 0.291854113340378 0.285696893930435 0.244739532470703 0.210190668702126 0.209398001432419 0.26069313287735 0.329262375831604 0.222898334264755 0.14692285656929 0.125351369380951 0.130548790097237 0.147894248366356 0.152189940214157 0.156537517905235 0.163600087165833 0.167686060070992 0.172464728355408
-9999 -9999 -9999 -9999 -9999 -9999 -9999 -9999 -9999 -9999 -9999 -9999 -9999 -9999 -9999 -9999 -9999 -9999 -9999 -9999 -9999 -9999 -9999 -9999 -9999 0.246983259916306 0.109489277005196 0.0145293883979321 0.00862044282257557 0.0115963667631149 0.0316437110304832 0.0699131414294243 0.146657466888428 0.25853967666626 0.259363859891891 0.24001944065094 0.254737585783005 0.2586729824543 0.224845379590988 0.24866971373558 0.263113766908646 0.211085394024849 0.162405043840408 0.146732091903687 0.158014103770256 0.16457237303257 0.147174552083015 0.12527796626091 0.117752581834793 0.120030969381332 0.128734335303307 0.135004207491875 0.141665771603584 0.150275856256485 0.155333861708641 0.162048533558846
-9999 -9999 -9999 -9999 -9999 -9999 -9999 -9999 -9999 -9999 -9999 -9999 -9999 -9999 -9999 -9999 -9999 -9999 -9999 -9999 -9999 -9999 -9999 -9999 -9999 0.241562768816948 0.128667294979095 0.0176412612199783 0.00858699530363083 0.0157798659056425 0.0434060171246529 0.0837231278419495 0.15409329533577 0.261846333742142 0.254795461893082 0.230229005217552 0.233689919114113 0.200030669569969 0.168876752257347 0.212513536214828 0.234991416335106 0.173337534070015 0.116367533802986 0.0958593338727951 0.0946755334734917 0.0887783765792847 0.099971130490303 0.103040747344494 0.105643339455128 0.108684673905373 0.112349443137646 0.120300926268101 0.127968341112137 0.137072652578354 0.143088430166245 0.151560395956039
-9999 -9999 -9999 -9999 -9999 -9999 -9999 -9999 -9999 -9999 -9999 -9999 -9999 -9999 -9999 -9999 -9999 -9999 -9999 -9999 -9999 -9999 -9999 -9999 -9999 0.219000682234764 0.123282477259636 0.0233809556812048 0.0112479561939836 0.0172291696071625 0.0433472953736782 0.0843049362301826 0.166112050414085 0.264586299657822 0.245180413126945 0.219741448760033 0.218497633934021 0.194218948483467 0.164688035845757 0.177202880382538 0.180683836340904 0.130159676074982 0.0813046991825104 0.0654967948794365 0.0680481642484665 0.0749540030956268 0.0808137953281403 0.0860308185219765 0.0922522470355034 0.0965197011828423 0.100668348371983 0.107063211500645 0.114332675933838 0.124678544700146 0.133003264665604 0.140729680657387
-9999 -9999 -9999 -9999 -9999 -9999 -9999 -9999 -9999 -9999 -9999 -9999 -9999 -9999 -9999 -9999 -9999 -9999 -9999 -9999 -9999 -9999 -9999 -9999 -9999 0.207641616463661 0.121450342237949 0.0234689861536026 0.0113438228145242 0.0171163734048605 0.0396011434495449 0.0762290805578232 0.14667446911335 0.217357441782951 0.23627907037735 0.214019447565079 0.20846751332283 0.162187397480011 0.138909742236137 0.14453236758709 0.142938688397408 0.100484982132912 0.0614187158644199 0.0514924116432667 0.058030616492033 0.0657693073153496 0.0721936523914337 0.0767264515161514 0.0823128223419189 0.0855997428297997 0.0906047150492668 0.0984067767858505 0.105522863566875 0.115700304508209 0.124369420111179 0.133687570691109
-9999 -9999 -9999 -9999 -9999 -9999 -9999 -9999 -9999 -9999 -9999 -9999 -9999 -9999 -9999 -9999 -9999 -9999 -9999 -9999 -9999 -9999 -9999 -9999 -9999 0.205366507172585 0.11819613724947 0.0203996151685715 0.00941623654216528 0.0144412480294704 0.0344433300197124 0.059889692813158 0.0984478071331978 0.137944430112839 0.152107328176498 0.139931738376617 0.13234706223011 0.108717225492001 0.101609669625759 0.113973587751389 0.10950031131506 0.0817939937114716 0.0549941025674343 0.0475469380617142 0.0524815730750561 0.0606424622237682 0.0653005689382553 0.0683919489383698 0.0730983167886734 0.0767127722501755 0.0821124538779259 0.0898753628134727 0.0995007753372192 0.111087158322334 0.119894810020924 0.129056796431541
-9999 -9999 -9999 -9999 -9999 -9999 -9999 -9999 -9999 -9999 -9999 -9999 -9999 -9999 -9999 -9999 -9999 -9999 -9999 -9999 -9999 -9999 -9999 -9999 -9999 0.207506909966469 0.119830258190632 0.021706959232688 0.00872096419334412 0.0123469941318035 0.0255944356322289 0.0423464439809322 0.0645478218793869 0.0891307890415192 0.0974577963352203 0.0907668173313141 0.0943168178200722 0.0852644443511963 0.0858703851699829 0.105037190020084 0.101445659995079 0.0776506960391998 0.0525991804897785 0.0455557815730572 0.050768569111824 0.0572045221924782 0.0603433363139629 0.0614199936389923 0.0646843537688255 0.068338543176651 0.0736792832612991 0.0817111358046532 0.0906567052006721 0.0991591811180115 0.110020063817501 0.11930750310421
-9999 -9999 -9999 -9999 -9999 -9999 -9999 -9999 -9999 -9999 -9999 -9999 -9999 -9999 -9999 -9999 -9999 -9999 -9999 -9999 -9999 -9999 -9999 -9999 -9999 0.209361106157303 0.118578195571899 0.0280129369348288 0.0101170493289828 0.0112696336582303 0.0170319229364395 0.0286098811775446 0.0469578541815281 0.0639964044094086 0.0778572410345078 0.086764745414257 0.0844506397843361 0.0829649046063423 0.090905100107193 0.108088307082653 0.114870987832546 0.0844037160277367 0.0537537671625614 0.0455964803695679 0.0497069135308266 0.0555694214999676 0.0565921068191528 0.0555624552071095 0.0587281323969364 0.0629384368658066 0.0673319548368454 0.0770989954471588 0.0792211443185806 0.0955507084727287 0.11441808193922 0.115848004817963
-9999 -9999 -9999 -9999 -9999 -9999 -9999 -9999 -9999 -9999 -9999 -9999 -9999 -9999 -9999 -9999 -9999 -9999 -9999 -9999 -9999 -9999 -9999 -9999 0.227531999349594 0.196294724941254 0.115420162677765 0.0370635762810707 0.0126502541825175 0.0124930813908577 0.0167292691767216 0.0243672449141741 0.0362450405955315 0.0493008270859718 0.0620219521224499 0.0713143348693848 0.0724065229296684 0.0732370242476463 0.0838793814182281 0.109805658459663 0.123063616454601 0.0926756411790848 0.059377808123827 0.0489238053560257 0.0508758388459682 0.0550481826066971 0.05455282330513 0.0541380383074284 0.0588947832584381 0.0671535283327103 0.0752258524298668 0.0807588919997215 0.0842061117291451 0.116902157664299 0.191397458314896 0.209372133016586
