meets/meet004/_saidas_enm/CCSM_Maha_6k_Cavanillesia_umbellata4.asc
NCOLS 154 
NROWS 168 
XLLCORNER -112 
YLLCORNER -55.5 
CELLSIZE 0.5 
NODATA_value -9999 
[rows 100 to 124 of 168, columns 56 to 111 of 154]
-9999 -9999 -9999 -9999 -9999 -9999 -9999 -9999 -9999 -9999 -9999 -9999 -9999 -9999 -9999 -9999 -9999 -9999 -9999 -9999 -9999 -9999 -9999 -9999 -9999 -9999 -9999 -9999 -25.9956034522011 -16.0637953505216 -33.2029078109554 -62.1388660629877 -84.7752722386036 -93.8091692686237 -80.5705125785477 -58.0870618009337 -38.6797635863525 -23.9737389949704 -14.859448102645 -11.9457608223594 -10.5110113195615 -8.36400541723063 -4.08140491165706 -4.3558439538238 -5.5814267735945 -5.96807855755847 -4.99207501825157 -3.97694980581855 -3.68133307672819 -3.71491956836292 -4.01225516548462 -4.20040817272079 -4.54112871421665 -4.97445867429479 -5.51483380726154 -6.58141170059964
-9999 -9999 -9999 -9999 -9999 -9999 -9999 -9999 -9999 -9999 -9999 -9999 -9999 -9999 -9999 -9999 -9999 -9999 -9999 -9999 -9999 -9999 -9999 -9999 -9999 -9999 -9999 -9999 -27.7965476470841 -18.5658373448389 -40.1880030997537 -65.9959443486947 -83.1295533792052 -88.1310892691876 -73.6585774972796 -54.3333041050588 -34.7997961288504 -20.4195739205083 -13.289023377053 -12.2962676815674 -11.3031526116336 -9.39010738558117 -4.33126699213079 -4.67279413932577 -5.33610849067085 -5.38336736647225 -4.06011866231714 -3.27509838372226 -3.11297950194313 -3.13757445675871 -3.6023281673353 -3.77965195409036 -4.28848600300956 -4.84897162135823 -5.30035702350105 -6.72328166629495
-9999 -9999 -9999 -9999 -9999 -9999 -9999 -9999 -9999 -9999 -9999 -9999 -9999 -9999 -9999 -9999 -9999 -9999 -9999 -9999 -9999 -9999 -9999 -9999 -9999 -9999 -9999 -66.0610579548056 -32.6946587812735 -20.8984685106445 -40.8185356175637 -67.1819586395626 -79.439247300292 -80.2175593318834 -67.7290974284808 -48.2780014518728 -31.0264698676819 -17.9008514542499 -11.7377385549934 -11.3076734264288 -12.2940596296361 -10.1276726851674 -5.37945002409839 -5.37305652512291 -6.2895188847447 -5.43613147326981 -3.86232853043552 -2.83831688709667 -2.54727775550824 -2.67330370801033 -3.06355414584975 -3.30010795171842 -3.61750545471364 -4.0424423276092 -4.54420303246037 -5.51965701333419
-9999 -9999 -9999 -9999 -9999 -9999 -9999 -9999 -9999 -9999 -9999 -9999 -9999 -9999 -9999 -9999 -9999 -9999 -9999 -9999 -9999 -9999 -9999 -9999 -9999 -9999 -9999 -67.9079197437914 -34.2992981874244 -21.9421115536257 -45.6894151866097 -70.9550497521444 -79.3202445028828 -76.0473220061969 -63.223209869146 -45.2324766084186 -27.5621589598276 -15.7113807878122 -10.8616939722572 -10.7086920215421 -15.0350303481774 -11.4620334567749 -6.93833101380775 -6.78909344972812 -7.88083920344386 -7.3750173799408 -5.10066234662898 -3.10678915731498 -2.51118656296848 -2.50573229566541 -2.7966677156212 -2.90310023480417 -3.07528438736073 -3.43248248627538 -4.00749713545138 -4.77588359552552
-9999 -9999 -9999 -9999 -9999 -9999 -9999 -9999 -9999 -9999 -9999 -9999 -9999 -9999 -9999 -9999 -9999 -9999 -9999 -9999 -9999 -9999 -9999 -9999 -9999 -9999 -9999 -65.7312949292078 -34.1662645799765 -25.0700911118612 -51.2315516240732 -77.026660005655 -83.9109854867712 -76.5623152483509 -61.0571309191992 -42.3542853158284 -24.7246119650285 -14.7861306044999 -12.1099788020199 -10.290110194847 -15.9473934841431 -12.8768742217222 -9.34886875671166 -9.0524345775652 -9.48286604355492 -9.49489164125294 -7.03758061504266 -4.77230621785443 -3.25116082394262 -2.63196855775613 -2.83120574096211 -2.69312098431495 -3.05278921851931 -3.48891974099126 -4.04697863324593 -5.20057955726981
-9999 -9999 -9999 -9999 -9999 -9999 -9999 -9999 -9999 -9999 -9999 -9999 -9999 -9999 -9999 -9999 -9999 -9999 -9999 -9999 -9999 -9999 -9999 -9999 -9999 -9999 -9999 -64.1987990787827 -34.3583504671128 -29.4580144003009 -63.015184224205 -88.1136626445973 -92.3979166731791 -81.4166036296755 -61.2343157996628 -41.5768088594803 -23.2621594696486 -14.2850388038341 -12.0395595624993 -11.919662610958 -18.2750900253469 -14.8144109569073 -11.9915604033828 -11.1034062770367 -11.1265845128744 -10.5588533945217 -7.99776511706604 -6.4761719287073 -4.83155327829903 -3.58012392916829 -3.05231308032766 -2.86227943129163 -3.15939821730096 -3.79324395687735 -4.51310957457385 -5.71392630768699
-9999 -9999 -9999 -9999 -9999 -9999 -9999 -9999 -9999 -9999 -9999 -9999 -9999 -9999 -9999 -9999 -9999 -9999 -9999 -9999 -9999 -9999 -9999 -9999 -9999 -9999 -9999 -55.9952446380007 -32.3708691003174 -37.19256332007 -78.0789384752336 -102.315479476014 -104.042944542215 -88.1777869966759 -62.2080912329951 -40.2830111251158 -20.5142984351745 -12.7603641066857 -10.8185278755588 -13.6846715944965 -19.8508696466451 -17.4515489800626 -14.4181445084698 -12.9285967232821 -11.8860054287179 -9.89593106772728 -8.81938767094409 -7.39077026232225 -6.09327575835273 -5.33693913970686 -4.11657242713068 -3.66217420799577 -3.41259200142548 -3.88479324296072 -4.80824467814024 -5.46856448556426
-9999 -9999 -9999 -9999 -9999 -9999 -9999 -9999 -9999 -9999 -9999 -9999 -9999 -9999 -9999 -9999 -9999 -9999 -9999 -9999 -9999 -9999 -9999 -9999 -9999 -9999 -9999 -47.0204662805627 -29.9688526298022 -46.4401260956301 -92.0340921087102 -115.453875725826 -111.785348398681 -92.4257760647965 -63.2429416229554 -38.7252670484712 -18.8088303389116 -11.4700418410797 -10.9380384730294 -15.8641792749041 -21.0056157806231 -20.0670943152108 -17.3581682622296 -15.5940638986346 -14.3545770633043 -12.1649292389412 -11.229909175892 -9.77132256829716 -8.31553793862937 -7.56632887151629 -6.57157151318293 -6.26650565453702 -5.90040873523095 -5.39139824142364 -5.05827196617073 -5.59448188551206
-9999 -9999 -9999 -9999 -9999 -9999 -9999 -9999 -9999 -9999 -9999 -9999 -9999 -9999 -9999 -9999 -9999 -9999 -9999 -9999 -9999 -9999 -9999 -9999 -9999 -9999 -9999 -41.041659097883 -26.8238665193856 -55.9899488519413 -106.347596542681 -123.366185975672 -116.048546362696 -92.3125328972056 -61.626095515915 -36.6703089406529 -17.0472908566411 -10.4766649414061 -12.8944456162394 -17.6391966065525 -22.5949456416062 -23.0332628113901 -21.0798888969701 -19.3807752391293 -18.1867574396956 -17.0441013302719 -14.9764751563919 -13.9507585590741 -12.3260399292946 -10.8008981388433 -10.5119011598286 -9.74309118345709 -9.7568968956865 -9.05670327534902 -8.10402444597775 -7.36698219675089
-9999 -9999 -9999 -9999 -9999 -9999 -9999 -9999 -9999 -9999 -9999 -9999 -9999 -9999 -9999 -9999 -9999 -9999 -9999 -9999 -9999 -9999 -9999 -9999 -9999 -9999 -9999 -33.0953044023849 -28.398296273959 -60.5730871215508 -103.429407813051 -118.040101136825 -104.89397028702 -80.5243705119988 -54.1151017911497 -31.5054549603734 -15.0548824289346 -11.4717727395022 -14.8319614272047 -19.9309186663643 -23.6775230525599 -25.3594958977321 -24.2262318179464 -23.1121101219121 -22.1718674616365 -21.292216357881 -19.7396861527791 -18.5106246476278 -16.7626268791152 -15.4463471714842 -15.0502288556496 -14.3801979443738 -14.3495913916024 -13.4150206510469 -12.4441912188774 -11.618099977022
-9999 -9999 -9999 -9999 -9999 -9999 -9999 -9999 -9999 -9999 -9999 -9999 -9999 -9999 -9999 -9999 -9999 -9999 -9999 -9999 -9999 -9999 -9999 -9999 -9999 -9999 -47.5684178015611 -27.0274869407936 -31.3744052239742 -64.5057198805589 -100.300683261656 -105.21745075406 -89.1396127969496 -64.7118676240713 -43.291090525419 -25.8434550750256 -13.3643646506771 -15.060821972074 -17.6833848720981 -22.0066912881488 -25.7646422400671 -27.4150824839654 -26.3864020005355 -25.9392822625861 -25.1169604060698 -24.4039382524276 -22.8038827562019 -22.086279444043 -20.7513414859257 -20.0245106091677 -19.4733786336076 -18.4584521258121 -18.7921029519283 -17.6322072583774 -16.9271912338216 -16.3817136598946
-9999 -9999 -9999 -9999 -9999 -9999 -9999 -9999 -9999 -9999 -9999 -9999 -9999 -9999 -9999 -9999 -9999 -9999 -9999 -9999 -9999 -9999 -9999 -9999 -9999 -9999 -35.044483361938 -25.4890709997857 -40.6381184649836 -71.1563427220386 -94.0089186822105 -91.671323083126 -72.6317621396143 -50.6429659588292 -33.4651299023273 -20.155866580909 -14.3206474019958 -18.2002686932695 -22.9549131560751 -26.1212848977234 -29.1576647788966 -30.7981376215422 -30.3076331059107 -30.1106088942588 -29.9706922102872 -29.3357704957395 -28.1336546536912 -27.1106656821883 -25.6262319266028 -24.6874364179569 -24.1023981130908 -23.5510052404134 -23.4464404016179 -22.594105062634 -22.2877426864928 -21.8697280640055
-9999 -9999 -9999 -9999 -9999 -9999 -9999 -9999 -9999 -9999 -9999 -9999 -9999 -9999 -9999 -9999 -9999 -9999 -9999 -9999 -9999 -9999 -9999 -9999 -9999 -9999 -25.1540742448645 -33.7623980318279 -58.3571930215302 -81.7010027456014 -99.4684581078566 -77.2427249628763 -60.0647506718348 -40.0727122682955 -26.4779973868959 -18.3624498443398 -20.0707013374674 -25.085102400862 -30.2048702535936 -31.3883723036202 -33.6625995388262 -34.0907421828061 -34.800831158003 -34.8719387584674 -35.0612194302307 -35.9356005043705 -33.3496589162209 -31.5768358961778 -30.1074111791408 -29.5059248002586 -29.0965464700702 -28.2790180096247 -28.2435475312618 -27.3111474970393 -27.5728765137701 -27.4910673509089
-9999 -9999 -9999 -9999 -9999 -9999 -9999 -9999 -9999 -9999 -9999 -9999 -9999 -9999 -9999 -9999 -9999 -9999 -9999 -9999 -9999 -9999 -9999 -9999 -9999 -9999 -23.8034261266543 -52.8895308031706 -81.6919883473931 -92.588961898828 -84.5608375390181 -65.6261625784646 -45.0303931561107 -30.4637212363408 -24.0681353862625 -23.8747895595295 -23.8911684100948 -32.0196451664211 -34.710945375128 -36.0869841972989 -36.5247098227393 -37.3493870800937 -38.2439964235166 -38.2088179953895 -37.7119941928781 -37.0556712270456 -36.6065428202312 -36.4736428207195 -35.4270414393642 -35.1667550737748 -34.4566157279261 -33.7251409529444 -33.7279958042632 -33.1259950518356 -33.5930521462356 -33.8070560738288
-9999 -9999 -9999 -9999 -9999 -9999 -9999 -9999 -9999 -9999 -9999 -9999 -9999 -9999 -9999 -9999 -9999 -9999 -9999 -9999 -9999 -9999 -9999 -9999 -9999 -15.349289908278 -32.3533586433145 -80.3561477721453 -108.102286317366 -95.9267038170382 -79.1163999221333 -57.1702518929878 -34.9948569773005 -28.2822439868334 -27.4922990885845 -29.1702022939118 -33.4395349729718 -37.3207076962501 -39.3949110624811 -39.8061631204682 -38.7628601914032 -40.263438985876 -40.9188334055911 -40.0274664052278 -39.3998060692344 -37.1340366705996 -38.465194384296 -40.3599366501694 -40.8592019290091 -41.3384953010927 -40.3541533656543 -39.2796646857805 -39.5570041306306 -39.3050405980957 -40.0953703869063 -40.4484851359704
-9999 -9999 -9999 -9999 -9999 -9999 -9999 -9999 -9999 -9999 -9999 -9999 -9999 -9999 -9999 -9999 -9999 -9999 -9999 -9999 -9999 -9999 -9999 -9999 -9999 -17.664509125917 -42.3034807320917 -86.4573628184835 -109.694870869318 -97.4637436797118 -71.8629756137974 -53.2466600709455 -37.5660440041329 -33.9890512027966 -32.8477273582039 -39.1456903229511 -42.5985684243227 -42.3334120871286 -42.7699310104147 -43.110912945734 -42.2730172046011 -43.7938147529901 -43.9605434788108 -43.2252367927046 -41.8033000723883 -40.7235322055981 -42.7088803062692 -45.2713758202598 -45.7334497841199 -46.578336320999 -45.5776544036202 -45.5606614321229 -45.863027730888 -45.2621421632708 -46.1700782616785 -47.0791490231574
-9999 -9999 -9999 -9999 -9999 -9999 -9999 -9999 -9999 -9999 -9999 -9999 -9999 -9999 -9999 -9999 -9999 -9999 -9999 -9999 -9999 -9999 -9999 -9999 -9999 -20.701993386514 -50.5860500940564 -93.631940249349 -114.481460895802 -92.5414471320701 -68.6918853043736 -53.2947763224329 -43.5675278634737 -39.26032799163 -42.7288394963527 -50.0363865856417 -50.4408134873719 -48.9576357724231 -47.9945492141091 -47.157654040828 -46.3645900482821 -47.1396500682414 -48.2029009442081 -47.4595053412238 -46.150553038838 -44.4442148485638 -47.0890054797622 -50.58461653532 -51.3072665833067 -51.6943376395396 -50.7151410071839 -51.3043939541148 -52.3218611046275 -52.1680674723318 -53.128367075578 -53.7012232472497
-9999 -9999 -9999 -9999 -9999 -9999 -9999 -9999 -9999 -9999 -9999 -9999 -9999 -9999 -9999 -9999 -9999 -9999 -9999 -9999 -9999 -9999 -9999 -9999 -9999 -23.7284235207017 -54.7598025075509 -95.3638044602185 -114.403950528672 -95.5908208754956 -69.7752558298684 -57.386196915127 -49.2032490014383 -47.5923552572201 -50.7435979688776 -56.1287889892577 -58.1123370690008 -58.7693656198119 -57.4928054514737 -54.2265103595116 -51.9491031308405 -52.1385680564411 -53.0941115509913 -53.0255956855754 -53.3582303338762 -53.3854724968554 -54.2022812399294 -55.0415753171336 -54.5849034044683 -55.5924243177107 -56.3593714602227 -57.0752843364949 -58.0538178628074 -57.9113168420679 -59.0307197311231 -59.9716334816162
-9999 -9999 -9999 -9999 -9999 -9999 -9999 -9999 -9999 -9999 -9999 -9999 -9999 -9999 -9999 -9999 -9999 -9999 -9999 -9999 -9999 -9999 -9999 -9999 -9999 -26.3537370466446 -58.4202666054754 -100.958532993786 -119.732484206969 -98.7520285309941 -71.2941277696474 -60.8303568544639 -54.190654554064 -52.8780496446979 -56.8422208874132 -62.1644488521624 -63.2557739874802 -65.1092910600307 -64.8280132982988 -60.1673860929584 -58.0159620427983 -57.3377502419523 -58.7646998095514 -58.744597250916 -60.0327301833283 -61.3656972673238 -59.1959140632794 -58.7951723047129 -58.1723737060517 -59.9784528104844 -61.4728942453528 -62.0428248763468 -63.4037962213834 -63.5525773422453 -65.0597679651841 -65.7048851423693
-9999 -9999 -9999 -9999 -9999 -9999 -9999 -9999 -9999 -9999 -9999 -9999 -9999 -9999 -9999 -9999 -9999 -9999 -9999 -9999 -9999 -9999 -9999 -9999 -9999 -29.3123874271769 -61.7994716650896 -103.983925765356 -122.240035199989 -105.62372658788 -74.7767190068715 -64.0394413016809 -58.7219613161827 -58.4658095488906 -61.2723960116589 -64.3627416324046 -67.5638066432349 -69.3251313558691 -68.9203135334681 -65.7768792135718 -63.6488131803266 -64.4093061964188 -66.6057641785177 -66.5647116117508 -65.7899940668878 -64.1540298765016 -63.7464995358876 -63.8432490325396 -62.6291686526172 -63.7986678706671 -65.6850110579139 -66.8858613460847 -68.4248411137728 -68.2731535551975 -69.1617699396807 -69.9374908600458
-9999 -9999 -9999 -9999 -9999 -9999 -9999 -9999 -9999 -9999 -9999 -9999 -9999 -9999 -9999 -9999 -9999 -9999 -9999 -9999 -9999 -9999 -9999 -9999 -9999 -30.8655851002151 -65.0555199360908 -110.455285514493 -129.311968239815 -113.274006934081 -82.2059602647346 -70.3939232264364 -65.011605374578 -64.8366644707435 -66.9119236038282 -69.5291415300438 -71.7480554179424 -73.7852902621739 -74.1775562281377 -71.2534406976305 -69.2589903702807 -70.5533630389797 -72.9043569329121 -71.7301342643063 -69.169959979719 -67.1719411531003 -66.0025953275669 -67.1152638352053 -66.6272903344156 -68.8404989090553 -69.6947002740416 -70.4728305945118 -72.3268281634321 -72.3159473401157 -73.4119260375441 -73.6142200406273
-9999 -9999 -9999 -9999 -9999 -9999 -9999 -9999 -9999 -9999 -9999 -9999 -9999 -9999 -9999 -9999 -9999 -9999 -9999 -9999 -9999 -9999 -9999 -9999 -9999 -32.4291434667451 -67.2772852748397 -116.149881102429 -137.927440470226 -123.68702104237 -91.6250843745559 -78.5814461915036 -72.8236585160851 -72.5452243951887 -74.4408628782962 -77.6192033588383 -78.985946093526 -80.2117173265845 -79.7691569678052 -76.1580614093917 -74.2630315273271 -76.1518059951043 -76.8012960331662 -75.2417254155263 -73.1600073341384 -70.402432679489 -70.352332620905 -70.9486406797066 -70.6263839487726 -72.1320769259744 -73.7946483890591 -74.2349944104037 -74.9540199525476 -74.6268769996426 -75.8035486526481 -76.6742599584109
-9999 -9999 -9999 -9999 -9999 -9999 -9999 -9999 -9999 -9999 -9999 -9999 -9999 -9999 -9999 -9999 -9999 -9999 -9999 -9999 -9999 -9999 -9999 -9999 -9999 -33.6567007447438 -69.3665843286262 -119.760574754931 -146.347492015351 -131.94795638923 -102.977580872045 -88.6827961139282 -81.6594659722742 -79.4316204963572 -81.3674678330348 -83.8541639648347 -83.7939284690033 -84.6507838439997 -83.6484625869802 -78.5529534105086 -77.0833659148315 -78.599724077982 -79.9100862725297 -78.9488830718302 -77.2404732242688 -74.8445889505175 -74.0922211742902 -75.2778437950412 -74.1814884628156 -75.8082354722576 -76.3548285769134 -76.1773163480904 -77.5150583346409 -77.7930145281233 -78.808854243794 -79.6067823890566
-9999 -9999 -9999 -9999 -9999 -9999 -9999 -9999 -9999 -9999 -9999 -9999 -9999 -9999 -9999 -9999 -9999 -9999 -9999 -9999 -9999 -9999 -9999 -9999 -9999 -34.8617347295084 -72.2460371296637 -123.274759610661 -153.53621823246 -141.383728338464 -115.022358270677 -99.6796514833029 -88.2153908737499 -85.7364815455815 -85.8853651183698 -85.8779564035799 -86.6233378235121 -87.1686020664595 -84.8467437680349 -80.2640192839475 -78.015994392948 -79.4301313211247 -82.36327470918 -81.9878464318417 -81.5237473653415 -79.8725652530436 -79.1371925980171 -79.3000923239496 -77.8169148331109 -78.1458869255894 -77.2152991709312 -78.0093192343186 -80.8852679350635 -79.8163353263102 -80.1325040646873 -81.0083610127081
-9999 -9999 -9999 -9999 -9999 -9999 -9999 -9999 -9999 -9999 -9999 -9999 -9999 -9999 -9999 -9999 -9999 -9999 -9999 -9999 -9999 -9999 -9999 -9999 -27.5567113568043 -39.7760470534203 -77.5505900857855 -127.055561256156 -159.269405105324 -149.444602394297 -125.805252334014 -107.016087387809 -94.8195039729763 -90.3975364714791 -90.0730521862157 -89.6815795204819 -90.2912413952188 -90.3056399351254 -87.6324186914311 -82.2454525070986 -78.6722810182003 -81.2481891577149 -84.5141201476589 -84.9975508187025 -84.8473567226623 -83.9883726992889 -84.1953602355194 -83.842897607785 -81.1620656826623 -79.742537009101 -78.7657810973618 -80.0036975959836 -82.1230488422947 -79.094252480068 -74.6206434472287 -72.4441020256465
