meets/meet004/_saidas_enm/CCSM_Gower_21k_Cavanillesia_umbellata1.asc
NCOLS 154 
NROWS 168 
XLLCORNER -112 
YLLCORNER -55.5 
CELLSIZE 0.5 
NODATA_value -9999 
[rows 52 to 77 of 168, columns 59 to 117 of 154]
-9999 -9999 -9999 -9999 -9999 -9999 -9999 -9999 0 0 0 0 0 0 0.177381748351178 0.389551052065843 0.507150985299133 0.517752749339939 0.55327298140031 0.573594429440746 0.520549760907592 0.401553663880873 0.299676077267212 0.075885112016293 0 0 0 0 0 0 0.271634973322136 0.457123915175197 0.520058444116139 0.564410783652862 0.629244839167488 0.627147451516576 0.620298538999269 0.613670367747501 0.595457444774698 0.591194235072179 0.582904914650351 0.561667938209046 0.569212844023521 0.567070864260018 0.571430085862288 0.583077712623775 0.596925465549591 0.609636309598824 0.630324701829917 0.621034053057215 0.620473221116546 0.619965026339788 0.622055491739162 0.61194802021425 0.589498741829126 0.541794259907147 0.477433530725742 0.399895291577661 0.296761874585417
-9999 -9999 -9999 -9999 -9999 -9999 -9999 0 0 0 0 0 0 0 0 0.169879488302661 0.309876037719141 0.398728505816086 0.375629378114917 0.321718553338367 0.238542344821441 0.105887540814925 0 0 0 0 0 0 0 0 0.0986439620738981 0.479218278138441 0.599605768443325 0.629238214625334 0.653529786150467 0.645632325335403 0.625013772895599 0.613576011225332 0.591590650504426 0.584756924408927 0.578257715964151 0.56106718975938 0.568262044862429 0.57055026985785 0.584684768945805 0.598907777172116 0.613262987207341 0.620327048848417 0.597270835001267 0.599817615382752 0.5990668099848 0.594057064753814 0.60145555264634 0.584994535603704 0.57144726500693 0.530295744722137 0.476530309903483 0.389193450892467 0.282908825245342
-9999 -9999 -9999 -9999 -9999 -9999 -9999 0 0 0 0 0 0 0 0 0 0.0736590802796595 0.144395404308753 0.058580579504586 0.018803579152754 0 0 0 0 0 0 0 0 0 0 0 0.329762864124061 0.650922395708145 0.675551576658746 0.684848534546931 0.671472484397461 0.645858093370229 0.629234297504755 0.608342277294784 0.59938092006271 0.595903390155228 0.588318918997449 0.59572965433663 0.598324906396091 0.619772492747467 0.597085279531363 0.554234327167971 0.545713000324218 0.529567957738905 0.541404124610984 0.546369593575731 0.542655151752886 0.552035753043677 0.535619989962149 0.521310374413896 0.486887840340977 0.442790469253687 0.359601012299398 0.261075068417435
-9999 -9999 -9999 -9999 -9999 0 0 0 0 0 0 0 0 0 0 0 0 0 0 0 0 0 0 0 0 0 0 0 0 0 0 0.191049343864855 0.529005975936972 0.651171586909211 0.659937874513938 0.669700088931676 0.674803314298965 0.655549255845599 0.642233720960897 0.642268405062613 0.640168516154366 0.636552516640801 0.604316388816342 0.54993171696411 0.497396508725982 0.449552840464773 0.413745504887185 0.407973791094294 0.405019490966884 0.427724430063792 0.437964163508001 0.438696406473787 0.450457258710116 0.439008598674901 0.444768644390995 0.43355685373744 0.392304991174734 0.30818527794715 0.204784308661135
-9999 -9999 -9999 -9999 -9999 0 0 0 0.0171659616098975 0.00880028679289879 0 0 0 0 0 0 0 0 0 0 0 0 0 0 0 0 0 0 0 0 0 0.040867897935412 0.36225276768896 0.561216536571283 0.620330330781899 0.621731968834833 0.606988640039381 0.614041136406051 0.604845537476095 0.592423924162238 0.559329081361298 0.511269852036944 0.454903365144036 0.382625036547657 0.317042761096238 0.258697254543759 0.229240198615821 0.220003635188867 0.229359725256175 0.256981478080205 0.27380286059932 0.284812402524854 0.301290288246572 0.323967622381303 0.356439595518544 0.34642098635899 0.289974565818004 0.206829740507259 0.107346315926818
-9999 -9999 -9999 -9999 0 0 0 0.153770781479317 0.270545264714944 0.205861380297305 0 0 0 0 0 0 0 0 0 0 0 0 0 0 0 0 0 0 0 0 0 0 0.198140023625362 0.418810148366461 0.55296167139591 0.552575275367301 0.524569752061447 0.489019683347858 0.436251802091314 0.397814880425944 0.354526030923929 0.299868774988079 0.228340049179062 0.205900629976082 0.217912203569916 0.224965982874219 0.163124232249828 0.135767198510972 0.123946944045998 0.116007411324678 0.156614685779263 0.159521732233685 0.159144369554854 0.19849823130408 0.225614841778997 0.217285257882536 0.178114101140707 0.107983687922239 0
-9999 -9999 -9999 -9999 0 0 0.163058369361121 0.353084586843648 0.295855155693915 0.245374302952902 0.0125366457881142 0 0 0 0 0 0 0 0 0 0 0 0 0 0 0 0 0 0 0 0 0 0.00769124613069849 0.218893612340756 0.403076293356278 0.410717781252129 0.378399485223914 0.330340669010068 0.269427900975134 0.191317810678449 0.112206827062421 0.116935813211845 0.15216543669439 0.0258747594811536 0 0 0 0 0 0 0 0 0 0.0273714455061151 0.0704618429223777 0.0628649311240156 0 0 0
-9999 -9999 -9999 0 0 0.126832692620854 0.408438051366076 0.372246714009154 0.320486392428966 0.23086889138426 0.0153034492680237 0 0 0 0 0 0 0 0 0 0 0 0 0 0 0 0 0 0 0 0 0 0 0 0.141575769688254 0.189390016721887 0.160217263445648 0.0963769464837645 0.0513711821692397 0.0655214288636878 0 0 0 0 0 0 0 0 0 0 0 0 0 0 0 0 0 0 0
-9999 -9999 -9999 0 0.114041650977981 0.414038489119958 0.475688279312136 0.416894792117564 0.364583922096254 0.202920432409929 0.0145071741734767 0.0996360395440762 0.0136296182487492 0 0 0 0 0 0 0 0 0 0 0 0 0 0 0 0 0 0 0 0 0 0 0 0 0 0 0 0 0 0 0 0 0 0 0 0 0 0 0 0 0 0 0 0 0 0
-9999 -9999 -9999 0.104397968316698 0.323670505074343 0.561910572265319 0.510547912386446 0.468582917932299 0.419743605300403 0.194573773279133 0.0300029493336211 0.113974398403462 0.136816485548602 0.109411581959249 0.0691342077680503 0.0483762672480657 0 0 0 0 0 0 0 0 0 0 0 0 0 0 0 0 0 0 0 0 0 0 0 0 0 0 0 0 0 0 0 0 0 0 0 0 0.00920600888242085 0 0 0 0 0 0
-9999 -9999 -9999 -9999 0.544081758571233 0.580614395880485 0.542562850184521 0.516180549323229 0.470834250968109 0.241224451834716 0.0889184841256917 0.13023258277672 0.210833949763063 0.227982892194195 0.210161967495399 0.176834592612462 0.116106749633313 0.0406252011409372 0 0 0 0 0 0 0 0 0 0 0 0 0 0 0 0 0 0 0 0 0 0 0 0 0 0 0.0208864197806472 0.0458237664785887 0.0854647729369649 0.115125417698136 0.150219039425002 0.173368882387361 0.188068776163054 0.209461829087614 0.212381555213697 0.208587200053457 0.194830643611323 0.173229792017562 0.144856026086956 0.106559057738672 0.0669629920315483
-9999 -9999 -9999 -9999 -9999 0.567546175917579 0.557838500339692 0.554154297928025 0.509859695086093 0.270797334768902 0.152665741060442 0.199067974956433 0.23923063363872 0.266124696892788 0.259362050333917 0.237831887359343 0.194037610913239 0.135114595199484 0.114483693898125 0.105441062401641 0.117060631724149 0.128646056118331 0.145323677703344 0.143854023079974 0.159251879361157 0.156211976477534 0.142045931961136 0.140133732286324 0.103037945693591 0.0768435132888192 0.0461945067542865 0 0 0 0 0 0 0 0 0 0.0102879344544798 0.0581646474119859 0.118849809230727 0.151267238511484 0.203808834924446 0.229126964524063 0.257869211139522 0.29590582440932 0.312805304339903 0.346099036425813 0.365524738921231 0.373669308589608 0.387643371572721 0.365795052937146 0.368973962502017 0.345852657335146 0.320344136284691 0.303679737490549 0.268993260558552
-9999 -9999 -9999 0.479240426671631 0.501841060315102 0.561807746191951 0.536910445134409 0.53367325715642 0.506095771445822 0.354537129826247 0.293471823031243 0.330334408090811 0.36941990407372 0.351763827182802 0.290958633124186 0.248391496860117 0.222727135065498 0.222646596876879 0.236081391252638 0.235628476893846 0.255308927334912 0.280235101373784 0.291127677944115 0.305963779884403 0.31646903322254 0.32718772698988 0.329933923519891 0.314402416624647 0.298502680110201 0.266462769877678 0.246007279776738 0.216477440218934 0.176587795079046 0.14827428490431 0.113374318481725 0.10718379276307 0.104800008110028 0.10305225643561 0.13153004723364 0.158400348366749 0.196402649331121 0.250599270505302 0.290553272140001 0.342917532515897 0.378606598274725 0.403766891269384 0.445672237223165 0.466785517975866 0.495830120523297 0.51419245470767 0.522828627115468 0.536385267809868 0.540230185702167 0.522791081818088 0.499072727563323 0.482820804109322 0.476388278747619 0.469730929467155 0.459363985527142
-9999 -9999 0.477949414067357 0.488414068392928 0.530764181245693 0.534609213554469 0.521356766030474 0.502229522181409 0.507764021840473 0.445674485572533 0.4288741625091 0.457817253883516 0.515960418909111 0.441742343692134 0.34453275002864 0.273991541938736 0.255176910398103 0.259699286212058 0.270824085969362 0.263319520478581 0.288754504958616 0.328712260828868 0.358191514561443 0.377374401989261 0.39191538696277 0.407765473235392 0.419230639330465 0.421060535276833 0.426390285087653 0.421065942434373 0.406106823122321 0.360817509059566 0.341670489435046 0.314987148522232 0.282826224646671 0.273864185223663 0.25067910938183 0.259671946191171 0.277169129744562 0.30741333476362 0.337338770096419 0.381297854659801 0.423933021460247 0.455261647859891 0.501524316449283 0.512212314154641 0.49666736868791 0.49024650467592 0.503189798906849 0.511125820519846 0.529193935346766 0.54713661338158 0.557997488490076 0.5565463689785 0.540376535172582 0.529801603862073 0.530572550692354 0.529951012162515 0.530843193156584
-9999 -9999 0.525564064213732 0.525712243751321 0.568598848510764 0.554371587754381 0.529250301219194 0.499978284157622 0.512162886792729 0.52823011312866 0.538667919291169 0.533192745401251 0.516124341158739 0.46472902415559 0.393884730656218 0.330911835598616 0.347935275057376 0.372604719864669 0.379784514613426 0.372811614787377 0.387578562028603 0.414955854414386 0.437011650019277 0.449907720751728 0.462633608315294 0.48275449528265 0.498788709498864 0.508831508573728 0.509885050532274 0.503371133220235 0.494581656345651 0.480512232427062 0.470694637134214 0.446350612558551 0.417134965463258 0.408294107060388 0.39629551229575 0.387781876122671 0.400885159744919 0.416542115776341 0.443184322417103 0.480373608017399 0.511627393906644 0.523952201435181 0.501893571560008 0.49244124429415 0.482544147996666 0.476057008244858 0.480832014611935 0.488401819811553 0.500141963786785 0.511906869704333 0.52104734323745 0.526566679320721 0.528092025881913 0.520827477159325 0.511491052600036 0.499607755856502 0.481401452372808
-9999 -9999 -9999 0.584051606222292 0.602724398621493 0.585084061956466 0.521849951818921 0.445034733459402 0.476772471520185 0.55990660985167 0.575501806940772 0.53048546699724 0.509616684765956 0.458519046014736 0.412559914449771 0.403296030647879 0.417893079307459 0.419693899452549 0.431873903996888 0.442882104166293 0.473911808564136 0.512098148748452 0.54291348627575 0.548999886541494 0.559667005756952 0.560276756866959 0.562842723936489 0.580847732323045 0.573617747616671 0.569767006866842 0.562192212589679 0.546116196180158 0.539466471083628 0.55103602561399 0.537137391655059 0.525615665045812 0.511360575912407 0.497782405663658 0.50855364170425 0.514477684182868 0.529969906053048 0.558734534348812 0.532293630879524 0.514666010208058 0.493466790119903 0.485819552056837 0.475006540800564 0.468265637122737 0.47212866990622 0.47290033053287 0.477870040834582 0.486808048955757 0.488985992252001 0.488016595863643 0.48506456647909 0.474347664141035 0.465964965466573 0.448008545170245 0.429275370777785
-9999 -9999 -9999 0.626044934342098 0.602147283241628 0.600920345032467 0.542526353076683 0.469599381566085 0.420179390062267 0.421536721251104 0.471530917542708 0.473402674023926 0.435431621668696 0.411328505466889 0.41487161659166 0.436801340049702 0.463394025417735 0.476753979701212 0.464612693259503 0.475021615921438 0.508026241862553 0.548421421185775 0.580472988423399 0.616917445930306 0.631031958495136 0.631555679341824 0.626283758116967 0.619462638060729 0.617641543663242 0.615718078186782 0.612015678535249 0.605338837323976 0.601003403195186 0.610999415209945 0.622502339605462 0.617072566706842 0.60121073030694 0.586890153533487 0.58561771232758 0.586006580623021 0.593290905190684 0.564255277199846 0.540436588838788 0.520602746009357 0.504756283318987 0.495721074821848 0.485723988867493 0.47694982068135 0.474346512046747 0.469381652668351 0.467252643061067 0.468234530576967 0.462461264827795 0.460081583758105 0.45106389922145 0.437021446403434 0.42632079465849 0.407379333746107 0.392383007494347
-9999 -9999 -9999 0.624636786826409 0.562882657952275 0.579412311010779 0.519962157519125 0.380374391638069 0.299621400099162 0.250157978731272 0.292530259547708 0.39444650586588 0.351114114516308 0.351390448725316 0.395701251002355 0.430569164104211 0.475163130683993 0.501796850911399 0.512894890739034 0.508029731135154 0.542269211324784 0.587864693197975 0.61166734464375 0.650081798217827 0.67301456404572 0.673846004024743 0.66675543722969 0.66258372338539 0.656887136033462 0.654452097454311 0.654091204114404 0.651520706599636 0.649812412026396 0.656650795511758 0.666293414437392 0.670065195998766 0.665768557536806 0.664327834639685 0.652853355212183 0.624666013234832 0.603123977385256 0.572216644887175 0.55548589727926 0.539165632781211 0.522978952605222 0.513489073129236 0.500337698542626 0.490758640905111 0.483200659831079 0.472707688240644 0.46382443491641 0.457385561851607 0.443647140652483 0.437603011472599 0.425060585417278 0.40867192290046 0.398673927397982 0.37680135670785 0.360181123239187
-9999 -9999 -9999 -9999 -9999 0.431304822116864 0.501486783149131 0.333983490620703 0.203333684256074 0.124804016422363 0.146699379777876 0.261693091675047 0.342254629180946 0.324033646620736 0.34262316965537 0.385791069580836 0.480654810633769 0.559894165696703 0.538120252930993 0.535406860924489 0.571306994605221 0.605593559052831 0.637433909888865 0.666284674080169 0.654643313766001 0.654876504563984 0.662822547885991 0.671869652315716 0.673758504384884 0.674930973052926 0.684800264540932 0.692516659668116 0.693660872498023 0.696905029318407 0.69966770584156 0.69918477965755 0.696216787211854 0.693612951679079 0.66848287248451 0.644462610068669 0.624134782558734 0.600681007936024 0.581090829006024 0.563164797723059 0.548186941361828 0.536043722040879 0.521424415612969 0.508694339674003 0.495276245153681 0.482522500751364 0.467637745735894 0.451788566528466 0.435956850644979 0.423091292460206 0.407876371476474 0.390471622434371 0.376927480714092 0.358785391327807 0.344814004536384
-9999 -9999 -9999 -9999 -9999 0.504302871840516 0.486638826506907 0.315914429879154 0.154247029726136 0.0187196926870069 0.020622541121364 0.141132310506219 0.339810812130136 0.321727920810865 0.329328392201168 0.361347871628498 0.47697452845983 0.575742788070518 0.591864970784121 0.57479478240969 0.601774218811024 0.63159201696338 0.647457091225281 0.645123845630929 0.63147168119786 0.631581844487524 0.640798801190647 0.646512178034792 0.648317288829506 0.645465940544413 0.654128332175808 0.669260767304569 0.683153603268677 0.695037226627458 0.704187224164224 0.715449092092287 0.718948842423504 0.707937997757884 0.687192718988861 0.665649311742839 0.648394422881133 0.624848735388874 0.608322000435319 0.592958145999665 0.575198465004548 0.561120705549657 0.543649118869117 0.527400775372897 0.510570147253885 0.494348384796224 0.475052321389369 0.455338714758004 0.433754955914857 0.416669033807763 0.40174722986546 0.383369749425218 0.369509933870086 0.350000126654576 0.337090606977242
-9999 -9999 -9999 -9999 -9999 -9999 0.467400729154735 0.381340721650379 0.148789690236096 0 0 0.0300551141808766 0.255274653319144 0.35794591577424 0.361013481622747 0.379282274839098 0.490358666307059 0.582083208149374 0.607009795572001 0.584040646466042 0.585144176380807 0.604493420641607 0.622210750417392 0.620451137094337 0.613506576910228 0.614396325887088 0.619119572802996 0.623900355721242 0.622452542819858 0.619983318801294 0.626737386576843 0.638734366573532 0.652299813126995 0.662263309420322 0.672048157799095 0.684646457449114 0.695522650652355 0.707031822450118 0.707605507388866 0.690925552990516 0.672239160700403 0.654127468412353 0.636974708666822 0.618906981913768 0.603257385861346 0.584721110446322 0.563374699196203 0.543712716495021 0.524789873022085 0.506962665153177 0.487187754978394 0.461423227874501 0.440632776903306 0.423808198289915 0.40747235020071 0.39190009807814 0.376751270924602 0.361847900490904 0.345877205654385
-9999 -9999 -9999 -9999 -9999 -9999 -9999 0.451897673760514 0.182300914252544 0 0 0 0.177829635059606 0.438686445920424 0.418626460622201 0.421219904130638 0.503944007332216 0.57932252832701 0.585535606150816 0.562225908232105 0.566546031572054 0.586136512960157 0.601562438879738 0.603017813018755 0.596526815624796 0.598396557145776 0.604156994076073 0.606561905258242 0.604971002694959 0.599169021274185 0.602978782748163 0.612421474286852 0.621849885552009 0.631742060982251 0.639421586675371 0.651863304921974 0.664812728383488 0.676406890308769 0.685104931018497 0.69188760268973 0.698420617589127 0.680772395652699 0.665082890649904 0.648176895352291 0.629134929372434 0.609177603258142 0.58610009454495 0.563212158904377 0.542374294200195 0.521231160891675 0.498653033511177 0.476259170474094 0.453778779092343 0.43734845927154 0.425537127996631 0.410031636706211 0.395617603162114 0.378603232173945 0.3628876959039
-9999 -9999 -9999 -9999 -9999 -9999 -9999 -9999 0.242475888859733 0 0 0 0.109720527135926 0.404179215316036 0.494329512051953 0.492991952028947 0.504689341310993 0.559243154375605 0.567987063510941 0.551080685244313 0.551178207251075 0.569683604593783 0.580140963443115 0.585253664670551 0.583627781836195 0.587056750465505 0.590105019140046 0.592057969366737 0.590528246153984 0.585511126566568 0.586723292248242 0.589420672432361 0.592415108315132 0.601998117268343 0.609191420083451 0.621487138118042 0.634180680876011 0.645049385089316 0.656732388976519 0.662497846089706 0.673906096110468 0.689324466985075 0.689711900485839 0.671405691225822 0.653757737100786 0.633164567117239 0.60656194599187 0.582264659472705 0.55940210426717 0.535459972035003 0.513966201861823 0.495565784639163 0.476894520155536 0.462412027956128 0.450781636120942 0.439320177690271 0.423475606859994 0.410743267156813 0.392254579299529
-9999 -9999 -9999 -9999 -9999 -9999 -9999 -9999 0.301353790437647 0 0 0 0.0517515399552129 0.299210457878844 0.555403705312999 0.54525856499492 0.511182768341829 0.531673618719803 0.557845463823082 0.548974619439483 0.545481744625105 0.556703942374394 0.565743710566458 0.574187431122915 0.573851537126125 0.577544909623105 0.580352998050951 0.579783025641604 0.580321089339146 0.577306203229446 0.577748419002596 0.577704453182131 0.576510434057935 0.583785254982623 0.589173321085601 0.60005725924205 0.612902154734331 0.621945661228704 0.635997739375727 0.644437426446425 0.654938369235533 0.665867123671062 0.668622419673988 0.665633982414357 0.655950609023529 0.645797000138109 0.633221840351868 0.607051010017035 0.58367277538707 0.558297205420823 0.537300610420837 0.521922997553925 0.505590096400636 0.493173430532308 0.482047352812465 0.469357276778683 0.454998604396941 0.441046439389163 0.422097641455262
-9999 -9999 -9999 -9999 -9999 -9999 -9999 -9999 0.362380761002002 0.0538822242720126 0 0 0 0.166681173010447 0.407211875195286 0.573276599748757 0.532280358713218 0.487877065583524 0.519963138424766 0.553826173985934 0.544204999822663 0.55049721696501 0.555078191650114 0.562265417401723 0.564187990567803 0.567365568171935 0.568779723967225 0.568780095526814 0.570411972855871 0.572501140956286 0.572715245976721 0.568870508360109 0.56893800835209 0.570393217353512 0.5761840396013 0.585087300928848 0.592306757410573 0.60653353049097 0.62204673162954 0.634871484463663 0.643643279751785 0.644748756225951 0.640315492991187 0.636346377866417 0.630220373777717 0.622842822819362 0.616299602725185 0.610619377253248 0.604716587587571 0.583401327824341 0.563832191795446 0.547783902398036 0.533485807942433 0.521408589475648 0.510307726450963 0.499193668914856 0.485297410798305 0.474169817164926 0.456733779667428
-9999 -9999 -9999 -9999 -9999 -9999 -9999 -9999 -9999 0.161595239514066 0.00627030450173816 0 0 0.0454996228251543 0.198637333366032 0.350613248432835 0.487115683599057 0.534383173821727 0.513318026395577 0.523428557233308 0.541777920769095 0.549810723468588 0.548393454829631 0.552390321327251 0.558826389828654 0.562645151301562 0.563411183320644 0.560550814394422 0.5649334629563 0.56621559124434 0.566756953565344 0.563766394287616 0.560898284536626 0.5591336737371 0.561125323959193 0.568274155219951 0.575968229535197 0.589608999474206 0.610363884623052 0.627477118369691 0.634461926714156 0.628870101461075 0.617615871146784 0.610209439687273 0.602930773120839 0.597382727908428 0.596463361503894 0.593869883830367 0.58835344595365 0.58365567151178 0.582068030416 0.577947230596029 0.563377629962374 0.551437219660436 0.539399038999044 0.528274026461113 0.516851482541534 0.505230824892471 0.488652066818168
