meets/meet004/_saidas_enm/CCSM_Maha_0k_Cavanillesia_umbellata4.asc
NCOLS 154 
NROWS 168 
XLLCORNER -112 
YLLCORNER -55.5 
CELLSIZE 0.5 
NODATA_value -9999 
[rows 50 to 74 of 168, columns 56 to 111 of 154]
-9999 -9999 -9999 -9999 -9999 -9999 -9999 -9999 -9999 -9999 -9999 -9999 -9999 -87.6017997021152 -45.1098247176897 -21.8557405005422 -15.3657341564285 -16.1540928406552 -17.1927391954318 -13.4750562060004 -12.1023055246156 -10.6154068157326 -2.54837449079224 -0.589512346643986 -0.948989224315923 -1.98450151481579 -3.7103994709001 -8.32533447120239 -14.2742641907983 -23.3263492516517 -32.1451425844273 -25.7673387064527 -16.1199970897612 -6.4025933206481 -1.68554170493108 -0.545171694493617 -2.06595629292773 -2.13994147491793 -1.76901987492395 -1.80958985676845 -3.21921736229084 -3.13643826535998 -4.1979046424299 -6.72586706329819 -13.4086297950864 -11.8658343696736 -11.582109335159 -13.0989893692321 -14.5142116699125 -13.0300310859475 -9.59129768899976 -7.45026785451519 -1.15254910207061 -0.00867762119755544 -1.01098142340107 -1.00583991258063
-9999 -9999 -9999 -9999 -9999 -9999 -9999 -9999 -9999 -9999 -9999 -9999 -9999 -28.9398982443184 -22.1334527522288 -19.1657227686599 -15.7225552216413 -13.4109379608257 -12.510510442325 -12.8348791231755 -12.691311550653 -9.81221174499058 -2.17705483361605 -0.720794504649639 -1.9469249243208 -4.98037098486662 -9.46640941604139 -18.3318150438185 -31.837843051247 -47.4324140311157 -57.5913035175489 -48.8361505737922 -31.8651080336471 -13.003963310059 -3.6162204302942 -1.06970128407217 -0.325639035597356 -2.11749080662966 -2.92472216355113 -3.27707256635806 -3.57920685120097 -4.15265265018787 -5.38782143513134 -8.02659930129994 -11.2090130607481 -12.807245212181 -12.4743528012969 -11.2122328940532 -9.73839690151685 -8.95482731445783 -7.6042691815688 -4.43322747924854 -0.650938411654544 -0.461372357843931 -0.970666815919559 -0.564176164241609
-9999 -9999 -9999 -9999 -9999 -9999 -9999 -9999 -9999 -9999 -9999 -27.5864892346695 -15.9751950235915 -14.8943126777419 -21.577708016771 -20.1355238544175 -17.7763392688156 -14.6536869530156 -12.2556905011661 -14.8713953685351 -11.5760723391839 -7.67254141246954 -5.50480015409833 -5.95902344737075 -8.95520158072719 -14.263155089701 -24.7892624780746 -39.8093986142996 -59.7096174157272 -80.9084734477013 -94.0651634244983 -76.1100086941491 -48.6600957499552 -21.3221552429752 -5.08676622580946 -0.401976574172491 -0.135295351671018 -1.29883980550898 -3.00268074874994 -3.58913656879293 -4.15493918861337 -5.45929564465609 -6.29004714873381 -6.81560835768965 -7.93117922114441 -7.8376660928784 -8.74786511999628 -5.97279112659298 -5.57989806491244 -7.57894444567433 -5.53098103300505 -1.45657188424548 -0.535600604573797 -1.9151295368523 -1.37019951853322 -0.712943582895406
-9999 -9999 -9999 -9999 -9999 -9999 -9999 -9999 -9999 -9999 -24.146323474649 -17.1915432188742 -18.8434306020112 -21.0514821990031 -21.2274342927651 -24.6352738405191 -21.9088933326087 -12.3528666269946 -8.45058491901455 -9.41830196039759 -9.16173226586725 -8.84741596266162 -10.4378578723558 -14.0481297799816 -20.6223529572809 -31.6384965694639 -47.5865907504102 -68.4143990610339 -92.5436287287164 -113.418941222838 -120.630134885069 -95.9765108984108 -60.1594497625794 -26.6995834814142 -6.42929228029364 -0.176454449046938 0.063604826309096 -1.5624365935079 -3.5379030224192 -4.45969299002131 -5.23623344855418 -5.39221318119385 -5.52609578836341 -6.07124856101186 -7.40387496871954 -8.08091862549591 -8.81162559950484 -8.2438328178937 -9.19734069021052 -5.20710622245952 -1.1870748539267 -0.309645965306544 -1.65066512000311 -4.98138095262048 -2.91842712339943 -1.57294115037251
-9999 -9999 -9999 -9999 -9999 -9999 -9999 -9999 -9999 -9999 -9.13561781761941 -13.980771214659 -22.1682420773628 -17.906856816385 -24.6737901992046 -26.3129694998106 -27.2448594500225 -17.5966330153261 -12.55119647153 -12.4715319788829 -13.129274351089 -16.1867731117377 -20.9341440716826 -27.9926613944551 -40.2138616342702 -56.2831748898528 -78.6296841336344 -105.913917954339 -111.425636337559 -103.199732277052 -118.697910945884 -108.003000940449 -69.9272694985574 -32.4432762461786 -8.81443132937755 -0.782797655629283 0.0493375138569919 -2.43308208736064 -4.31757204117037 -5.84636167560058 -6.36217355430611 -5.57625123374329 -5.44239892749383 -6.01556594353839 -7.8221708472834 -10.5378486996876 -12.5029710545282 -8.52855048739647 -2.70078582869 -0.455194622258175 -0.96541930093012 -3.16388161706225 -5.18404914968859 -7.70117785766377 -4.06264825224937 -1.91202326060002
-9999 -9999 -9999 -9999 -9999 -9999 -9999 -9999 -22.4172524835782 -11.2711311783641 -6.92257424904374 -10.8791296576415 -15.0568576517386 -15.6736600401279 -23.0774424848779 -23.7783711308543 -27.7957489919921 -26.101776877475 -22.7798606442698 -23.8551197374279 -26.8241462440435 -31.1564105316978 -37.6079551779981 -49.3154043867504 -68.1862643053728 -70.8851811257603 -74.9503550837262 -73.1568333248492 -73.6208163097583 -75.773567508106 -75.4497659666092 -74.8018948618101 -71.6303542363823 -37.5318478941526 -12.3511664742644 -2.80912119735911 -1.08869727586716 -2.55964149854229 -4.65935974262865 -7.20627675969233 -8.81060355309415 -9.46466478761451 -8.37857824508981 -9.09080993911465 -11.7554568586399 -7.22944144110408 -2.33885009999804 0.172816159013111 -0.0991569485311707 -2.83996530408898 -5.93646590576557 -7.35013893037083 -8.8867490908611 -9.30095962963022 -4.04091698814106 -2.17163642510453
-9999 -9999 -9999 -9999 -9999 -9999 -9999 -9999 -12.4021501091363 -9.33684514339329 -3.46743118134033 -6.2742267172894 -10.0879366211309 -13.6212324170173 -21.4728247171843 -21.1819794252751 -20.8822027690655 -26.4249301434873 -28.1136552836383 -30.0364904086091 -33.7929257139167 -37.0656231214334 -41.7849251118755 -42.1105876452557 -42.6494342478931 -43.3349972196924 -44.7232580932526 -48.204369399923 -48.1223047269968 -45.2304256375927 -43.9437496551832 -44.8216502673198 -46.6819270936597 -44.7626670472807 -17.704435062756 -6.57814599359806 -3.75662710552647 -3.9736130568707 -5.02281864645861 -7.08965569823404 -9.60855590795731 -10.7027758188045 -10.6182348646196 -5.44768887220359 -1.11999883727729 0.675214771643442 -0.275121546384854 -4.13059824921551 -9.35809919364583 -12.6759295689534 -15.6479865943142 -17.5172303167786 -17.0987759441041 -13.1688482428861 -5.30529889852372 -1.87974056700624
-9999 -9999 -9999 -9999 -9999 -9999 -9999 -10.8617009978343 -7.96246660350396 -4.4541288880757 -2.44626532192384 -4.63176096970946 -6.74786333737011 -11.227098029111 -18.0485907364696 -17.4020808212786 -15.8451581501025 -18.2905692037592 -18.6679879276604 -21.2491569334534 -24.168322686816 -25.1692726350869 -27.4269947282563 -27.6091801379746 -27.931000848749 -29.1894878694743 -28.7648127117229 -28.3110611501325 -28.4577338931191 -28.0648515942041 -27.9994232573564 -28.5891130920528 -29.2183848098544 -28.7823562809153 -26.1273453975005 -12.4040063278632 -7.5522096985422 -6.90988903892984 -7.24415562812875 -8.29987701892082 -7.62900503597217 -5.26169507911615 -2.93413709864606 -1.60823757247004 -3.74022406630923 -9.4599979980235 -17.4406219521451 -22.7670250766183 -30.5449574470951 -37.9380003774955 -41.4838573441778 -40.5551798588836 -35.8657135772378 -21.7410779909777 -8.67077627121257 -2.82550729798637
-9999 -9999 -9999 -9999 -9999 -9999 -9999 -7.10769068244445 -6.72890112952303 -0.288461640895498 -2.46562228725473 -3.33104056379095 -6.49904830065508 -11.7980779407064 -15.3655426590284 -13.1119902972244 -11.8437492764022 -12.4125509828296 -12.245597354976 -12.6466551702241 -13.8723511808937 -15.1228178203688 -17.4281097053313 -16.7520965878784 -15.1092770482195 -15.4980143090111 -15.1982467312133 -16.7142092775519 -16.2637110482358 -14.3199082730888 -14.5530949690975 -15.0134105413425 -17.3755170189581 -18.7719786273588 -19.5707454618019 -22.6522844520945 -14.4176440712127 -9.61576568737224 -7.84729125694847 -7.50888596009986 -7.22566262007157 -9.42458931667286 -13.7588850343186 -23.0148393276592 -34.7010820617282 -43.5733983487085 -54.7544480550096 -60.9707750118366 -65.1011426373606 -61.4184622099908 -62.0019927983107 -55.3775266041857 -52.2164925406695 -32.031595092209 -14.2472565867686 -4.64397796868824
-9999 -9999 -9999 -9999 -9999 -9999 -11.7422360296999 -6.85532905169987 -2.39776848419029 0.492792109330999 -2.42037817805612 -3.10584370221656 -11.8380647691875 -20.5538361852655 -16.3464601079844 -10.860939720903 -8.48327346705323 -7.79377550670963 -7.19872286120575 -7.42911771828164 -8.35532450694226 -8.69230351933145 -8.8138037766766 -8.31196911624277 -8.4155437298301 -8.13491336020987 -8.63714868890457 -8.53278358598859 -8.1354360321622 -8.7275670799563 -8.52778353246966 -9.34983253891419 -10.0159743441065 -10.7472705625104 -12.6503361958464 -14.1640769251717 -16.5551617993056 -17.8461789611875 -20.9585032747973 -23.0455574860014 -24.399684820734 -29.5122184712741 -32.9641712937776 -35.9042999923258 -38.9388921544559 -40.6141240843395 -43.1391793003817 -43.2818649848778 -44.6564229450391 -46.4441929725012 -46.14915737675 -43.8578899541314 -40.0478615650733 -33.638736357674 -17.576351944512 -6.46712203999623
-9999 -9999 -9999 -9999 -9999 -9999 -11.8383219309192 -8.88458902521785 -4.78442608221903 -0.175573155039519 0.266395097692113 -1.36978869377923 -15.8239504507146 -21.17319322281 -15.3969721997995 -9.33098522628182 -6.12378500497488 -5.21303508622836 -4.12302341817796 -3.73283236902574 -3.59133109725416 -3.32438900377113 -3.28664922011964 -2.95055446552219 -2.78030061572008 -2.97215371425073 -2.97322452413845 -3.22206317468378 -3.30221139599991 -3.426036818849 -3.8742876263772 -4.27355277261936 -5.05251627870239 -5.64050947086475 -6.27670497060069 -7.11553259356941 -7.72887753748193 -8.99959743330957 -10.1836347526165 -11.1531667140154 -14.0675353606633 -16.7221858312943 -21.3164483947944 -22.7077578616248 -23.7808270232816 -26.5345024698423 -26.9995523738622 -28.4096285681865 -29.6591127368546 -29.4517545996989 -29.452857120047 -26.178692692022 -23.2954812902244 -19.2700818541175 -18.5051144610782 -9.46150932814055
-9999 -9999 -9999 -9999 -9999 -9999 -5.13833436098145 -10.2401184886379 -6.60731835832632 -1.38126853665566 -0.325067921739998 -0.301417182049662 -14.3428522462694 -17.1246867641628 -13.0110576046883 -8.16022960262271 -5.26830677125031 -3.51800957145073 -2.20079583781461 -1.70826111648941 -1.46222946336967 -0.894787395851231 -0.631790148603393 -0.449728593458782 -0.592854260019645 -0.732411044033329 -0.812376702377136 -0.853802997931036 -1.0015087657931 -1.31800254518742 -1.43490203845493 -1.88847191328026 -2.18075847798065 -2.59586733928364 -3.19175657622417 -3.32828512125457 -3.84109628576989 -4.162914496062 -5.43178489500018 -7.54769379324985 -10.2673815150247 -14.9373655878475 -14.9832524607985 -15.7364929574508 -17.1916128387969 -17.9738510938048 -19.3615946054498 -19.241881811971 -19.2505266084401 -19.4744786190299 -17.8340665324733 -15.6358983008322 -12.0923706757273 -10.1239764025208 -10.82891576783 -10.3329272723714
-9999 -9999 -9999 -9999 -9999 -9999 -9999 -2.52811701074119 -8.28871251967535 -4.1280851371145 -0.757755748827132 0.303942389236449 -9.85216040727172 -12.0807495936412 -10.3941402795415 -8.50234382940259 -5.31829187777546 -2.57857679328321 -1.08755547496539 -0.520355588947703 -0.0323839677992621 0.485997514922741 0.70342554087727 0.752455079826805 0.679027982844751 0.519789629184811 0.539306708023849 0.520641123332909 0.395863000966857 0.299497702465933 0.170863849327149 0.0510579844176289 -0.19509825400768 -0.339623004999108 -0.427574380219031 -0.634608332582524 -0.72742551156031 -1.07471950482627 -2.14539478979265 -3.83691867580488 -7.36683936862554 -9.05343563516052 -9.27043849458103 -9.98806321180866 -10.3227430173387 -11.1153714538949 -10.8194382625909 -10.7102189175413 -10.2900933928999 -9.51080501256914 -8.44832338380676 -6.72886608713167 -5.71813515710036 -5.48091455968184 -5.45564759921712 -5.94005255035838
-9999 -9999 -9999 -9999 -9999 -9999 -9999 -9999 -7.07229650375047 -4.18586909718687 -1.01842606741625 0.645390077106157 -7.02363645708765 -7.71837725251333 -7.83863581607932 -6.94649080483385 -4.29672472412459 -1.66432875127934 -0.314933343688711 0.15941626619833 0.641538717358133 0.90612560303372 1 0.988236136603339 0.977128111113241 0.891209000827235 0.958919416689435 0.923453935729889 0.81770089360332 0.651170804802494 0.669580767796011 0.585384546213893 0.533766967477259 0.446506810389823 0.279048241286345 0.0494344354491065 -0.111051771494582 -0.370083164322704 -1.0802945925263 -3.23330737316615 -5.88127766489982 -6.0509517343962 -6.15978595545692 -7.15827420830587 -8.10572003741677 -9.03604919969919 -8.87944377889565 -8.20053072678252 -7.6245583485239 -6.96485512706749 -5.82112246059926 -4.69531219056394 -4.00515694303738 -3.34318621742638 -2.41084175434489 -1.74565386508582
-9999 -9999 -9999 -9999 -9999 -9999 -4.06958954498336 -4.81424914449702 -10.3957380763448 -2.5746050346326 0.118548826735289 0.66169571774724 -4.97542753148436 -6.00504669279724 -5.934728273763 -4.37410460928588 -2.7107820492585 -1.47681792808211 -0.303153104629319 0.272994748944606 0.591404148530364 0.773203153175784 0.83885039176515 0.871458779040147 0.88872912889252 0.92357288484405 0.978118374194482 1 0.978219566047027 0.907714107971871 0.834271080072075 0.808153388246254 0.748001552344377 0.70339684247478 0.661608921259492 0.499081901722677 0.323239147998334 -0.0754412038909291 -0.464526525980026 -1.7756810096644 -3.5765672447074 -4.36018127791314 -5.00442763065254 -5.92032811594148 -6.7491397294048 -7.45893969752771 -7.25927596561151 -6.82925346483298 -6.32711070789435 -5.66022874838235 -4.96960019216684 -4.00960620558578 -2.69196065309986 -1.82849770643149 -1.54722490461665 -0.249325955892177
-9999 -9999 -9999 -9999 -9999 -2.00694159006752 -4.65244426555772 -7.6597455231421 -8.68488718541552 -0.963492868695128 0.620457918269547 0.616403899989245 -3.49955367821906 -4.12664057401228 -4.9765919628686 -1.70532384850739 -1.28078622202674 -0.655437259785665 -0.158044779491413 0.540776682536297 0.79055947358072 0.913838942849406 0.87194015330408 0.858640960030665 0.813750588005038 0.675883910677406 0.728631347546751 0.757162449914697 0.794210902823034 0.847512658623497 0.854542165718776 0.845693442279363 0.831909202547003 0.799033903237269 0.729978525943282 0.716066826404884 0.351363697242864 -0.127318972171263 -0.684240223472328 -1.85675690112286 -2.61594034712856 -3.38504612788675 -4.53404570511662 -5.66495906152116 -6.35200278187133 -7.11869912711989 -6.78388334853003 -6.42557286254398 -5.89885964273359 -5.34444041701263 -4.71753638788444 -3.2473865851149 -2.14930095461437 -1.56365842060468 -1.79598871874068 -1.00214038314906
-9999 -9999 -9999 -9999 -9999 -0.28323812313677 -5.23326421814563 -9.98667832269137 -4.56757466121618 0.182046424183401 1 0.534846918579117 -0.728392990328829 -1.82069361401318 -3.58006503097448 -1.45293804567301 -0.838565634589976 -0.141432757054306 0.347428080902382 0.777028223549158 0.963204095385251 1 0.952036159949571 0.880493474756171 0.752896685024975 0.606503919394918 0.499298233590089 0.457313343334194 0.40436037552565 0.368705534725783 0.359919864073465 0.397587694762947 0.453799721127638 0.485534882602526 0.484543816355029 0.335417894821158 -0.0412480562369946 -0.67130928585346 -1.35178775231794 -1.66815323884624 -1.95526615758659 -2.62265607246699 -3.71259816092707 -4.92524233101842 -5.80484465291245 -6.3138071522204 -6.11599928122081 -5.53309307632311 -4.97091783710123 -4.38195449721835 -3.72611692645952 -2.90599556697691 -2.26032954143817 -2.05582689035112 -2.38583504562534 -3.24211670876336
-9999 -9999 -9999 -9999 -9999 -9999 -4.54681730064051 -12.1191021991644 -2.06974653420921 0.144123956419662 0.818157381251785 0.368768029367246 -0.237800382570722 -1.45583014109904 -4.00144138193341 -2.60418022775702 -1.35619198808459 -0.258583667960131 0.226951363489163 0.443733425195703 0.0269659505164266 0.498308364751923 0.527998639427667 0.376498421342638 0.160606246897834 -0.101299182598561 -0.0627124711838212 -0.0306809029815502 -0.0484473710559941 -0.0848498188694284 -0.0750492309018338 -0.179073396880777 -0.199553988683405 -0.283275296477102 -0.312571368200783 -0.452982794288177 -0.514593582196826 -0.510554479143943 -0.723802216467009 -1.15790461789528 -1.52881203008139 -2.01830933453086 -2.90527899303648 -3.84560876787316 -4.40821481852825 -5.01532749188703 -4.84950863458929 -4.58656941955649 -4.240348277109 -3.82721584321992 -3.41338770484535 -2.95395032602342 -2.71180339870096 -2.83415456858914 -3.13071361480745 -3.69426223007417
-9999 -9999 -9999 -9999 -9999 -9999 -6.03461550371851 -11.1146087517864 -2.36961390351016 0.544459172127421 0.284037302252244 -0.578854378084309 -1.62128713846585 -1.51998757886824 -1.38166368680213 -3.63398755963725 -2.46690266497477 -1.58043248902741 -1.60403696310852 -0.964188598467071 -1.1636781918293 -0.981901017839722 -0.700208706174644 -0.490903660155499 -0.187094862432528 -0.0313588539652527 -0.00953909461743496 -0.0552255188182573 -0.0662371954351011 0.0111888537929586 0.0556766896960663 0.0982463207225027 0.149952714091971 0.166757185250981 0.13208348345836 0.0567603522852838 0.0506819999000376 -0.0429292584313208 -0.269746413377385 -0.609746746888441 -1.03086939486989 -1.41267443327093 -2.01410511986533 -2.6728912081866 -3.18192198196629 -3.56665305980861 -3.70002417716538 -3.70703836350806 -3.59826981281585 -3.43418454145993 -3.22413146732078 -2.93961506946441 -2.99426950339256 -3.22181158229099 -3.55991929623672 -4.01865277691335
-9999 -9999 -9999 -9999 -9999 -9999 -8.64609688184204 -8.52520495701053 -7.63128360939385 -0.596534979208628 -1.3611583066377 -3.45075468922817 -6.78549835248716 -5.9878558052581 -2.934834454416 -2.11406297780756 -4.19654582024738 -2.44602848570582 -1.74116462955724 -1.19191890969076 -0.968795560971341 -0.66091985286387 -0.356232217400988 -0.114740074881039 -0.0861107806835171 -0.247585552013285 -0.158484034009713 -0.129732990017759 -0.15110657184286 -0.287213194214158 -0.22910298770674 -0.125708565804183 -0.00546768929884633 0.114470626673728 0.17482126348962 0.186745442861528 0.110070985186119 0.0232273490032969 -0.127492367593712 -0.369900619823225 -0.633148138912733 -0.955696189683023 -1.32657422533322 -1.76858689145078 -2.17437239486061 -2.50006415101833 -2.70813625333868 -2.89913199967624 -2.98737308291211 -3.05866476331266 -3.11897122394629 -2.98397195676683 -3.22857429134005 -3.67261063616309 -4.25854030819669 -4.54040932822502
-9999 -9999 -9999 -9999 -9999 -9999 -9999 -9999 -16.1194701054019 -6.59194044668058 -2.66380679872629 -3.4144531705287 -10.4992201559957 -10.1429098716435 -5.99050261933604 -2.09933318792512 -2.93578422436314 -2.46763428476728 -2.38640530358986 -0.991000442751361 -0.849690301895063 -0.811410635762121 -0.505114521437755 -0.217254330170245 -0.0607103065127848 -0.0967071522903238 0.088207304495717 0.237445086808267 0.258607135053734 0.144766466335976 -0.0163987005025517 -0.134728084943697 -0.193216519615505 -0.307431883713171 -0.376557633984235 -0.234590135225252 -0.210224745921379 -0.248322114699148 -0.262787702416885 -0.284588142788251 -0.411619543989372 -0.567739765923206 -0.790017973777225 -1.10553945591235 -1.41322668816601 -1.68506592104091 -1.90700178474399 -2.11977513817458 -2.28377120065001 -2.45503434342696 -2.617937642749 -2.80417810612716 -3.28429261806101 -3.62486868525372 -3.8088154841824 -4.22491998375213
-9999 -9999 -9999 -9999 -9999 -9999 -9999 -9999 -11.8442774991459 -16.4197582664909 -1.54194200313792 -2.81237978273126 -13.8242915322967 -11.8789319294287 -7.28710619664934 -3.42200458919957 -1.71499406056384 -2.58614387570079 -2.39661117628463 -0.636852363239528 -0.930242976830306 -0.707470604290364 -0.866084965343866 -0.624600203507775 -0.194375867598314 0.0688577910134555 0.161676053550517 0.206377238627868 0.239405426758704 0.252427068665082 0.244374956086969 0.168431110279201 0.144806561564329 0.0259824496007994 -0.258575296862922 -0.530695385032259 -0.773184829079675 -0.823582225705851 -0.773643095992 -0.606442571171413 -0.544371284483499 -0.571646816230643 -0.640034235169181 -0.760402239022007 -1.01501401505834 -1.18989953578464 -1.46244766406156 -1.82013059152504 -2.23582127353155 -2.71309655420812 -3.09370343216737 -3.4033103519969 -3.79780420487544 -3.6549216152729 -3.73326506116495 -4.21718817616663
-9999 -9999 -9999 -9999 -9999 -9999 -9999 -9999 -9999 -15.5587123351131 -4.7966261161336 -4.32470642565567 -21.150348575327 -15.8105909949659 -6.94599318843722 -4.90683448781412 -1.59607308457154 -2.15323765151919 -1.00732861500976 -0.398563323493297 -0.887444746648899 -0.689598569881048 -1.01779625006301 -0.836311415223908 -0.262135241722864 0.0370437482686325 0.0812975688466182 0.0441821610826869 0.0645610057660306 0.149141283734308 0.170156581307482 0.139752315885334 0.0711975563588156 0.0142110695869032 -0.0476771155264319 -0.199271127725909 -0.341316552208026 -0.547969433474826 -0.815538680439298 -1.03841159966359 -0.998398988621489 -0.818177005494501 -0.758360808398618 -0.792801630581863 -0.875119750573452 -1.10658561909027 -1.48137828669797 -2.14352312264516 -2.83910210769646 -3.48238178022382 -3.90129233273972 -4.41955723319021 -5.01255461336824 -4.83551533935989 -4.18129327484462 -3.94590957262387
-9999 -9999 -9999 -9999 -9999 -9999 -9999 -9999 -9999 -9999 -18.4311723980582 -16.63402477565 -23.3499543915312 -15.1331992547159 -6.05791008940694 -2.37989801421666 -1.7141318920618 0.0649126300201684 -0.128570192097109 -0.148483538949076 -0.701857516891301 -0.609132393020659 -1.08432080632647 -1.10275755009975 -0.437165951650805 -0.110187884154813 -0.0959814773531094 -0.18882299140842 -0.170399328776083 -0.0629782035927331 -0.0214535272968188 -0.0412897769941178 -0.11082253977709 -0.156745802570511 -0.182173550480268 -0.271710495503797 -0.312787211042075 -0.369965634078827 -0.482997709727126 -0.710149438499966 -1.01219478811713 -1.33436270265731 -1.17000887652844 -1.05958570685845 -1.08692857729271 -1.28818623044774 -1.73419103844049 -2.55837412413063 -3.14294094765778 -3.60158020322252 -4.16913137469614 -4.73538025330443 -5.41888606063011 -5.72720539268018 -4.35009637383518 -3.7571250741722
-9999 -9999 -9999 -9999 -9999 -9999 -9999 -9999 -9999 -9999 -9999 -30.5982073469126 -19.1879769156081 -9.18920933929733 -4.16491018470718 -0.62149404521183 -1.14281527519306 1 -0.326691331508332 -0.343437611244211 -0.606622744123554 -0.563345129297072 -0.959094276119759 -1.08691521976374 -0.704034713344892 -0.493860734877444 -0.431734067772418 -0.459415748992056 -0.444299014137245 -0.346536124785467 -0.337565716271647 -0.33828105349313 -0.393551393250069 -0.38401749448819 -0.366576405328729 -0.461473090451532 -0.431426163530422 -0.439332754008496 -0.443997767607688 -0.495606020691137 -0.629568955912081 -0.821109599998742 -1.09008474140737 -1.51015464923298 -1.49612728823009 -1.69500953630998 -2.116463301542 -2.7952791358994 -3.12053487749798 -3.69491247759092 -4.4322841728352 -5.13244290885018 -6.00882676218113 -5.57609466788567 -4.55816892495261 -3.87626752017985
