meets/meet004/_saidas_enm/CCSM_Maha_6k_Aralia_warmingiana1.asc
NCOLS 154 
NROWS 168 
XLLCORNER -112 
YLLCORNER -55.5 
CELLSIZE 0.5 
NODATA_value -9999 
[rows 75 to 99 of 168, columns 56 to 111 of 154]
-9999 -9999 -9999 -9999 -9999 -9999 -9999 -9999 -9999 -9999 -9999 -36.0870095827335 -47.7715482445611 -47.9645365666834 -35.3452585540103 -14.6628027970702 -0.727613102113788 0.0198698092381925 -1.39388150559348 -2.30011069500891 -3.02580636975786 -4.16146850927097 -5.8537343959136 -7.08703948659542 -6.94323641761898 -7.06619869181173 -7.14113924219043 -7.28996652854951 -7.65135163623594 -7.71182349515623 -8.29340194108331 -8.89747487307679 -9.79181297999845 -10.2382810034632 -10.066116540761 -10.1789378591354 -9.88542336156542 -9.99538356452284 -9.81123841257793 -9.36609417103923 -9.34714928757945 -8.97375458189662 -8.88855930236449 -8.51711178662065 -7.7641904498391 -8.48425283600483 -9.48638651279856 -11.3690993311972 -13.4964379491317 -15.7826904265151 -18.3442744341649 -19.7912986877125 -21.2293500195927 -21.4875716674066 -21.6521796471143 -25.7406723598577
-9999 -9999 -9999 -9999 -9999 -9999 -9999 -9999 -9999 -9999 -9999 -34.0774175598097 -37.1349570411103 -41.1961189670777 -37.1733269563724 -25.1642260286495 -6.65405973447728 -1.11749196778395 -1.80777268066603 0.116137010679878 -2.08445692800233 -2.8065433700207 -4.10068881517129 -5.61985034681772 -5.88258678007823 -6.41257737768108 -6.74201896478508 -6.93438349333478 -7.32543275043054 -7.54751095385585 -8.24134419586077 -8.92504378764909 -9.89235410243637 -10.5720748412738 -10.255151000146 -10.2196451806791 -10.1331012986766 -10.0271679345237 -9.92237069143584 -9.35121420188914 -9.36930412179961 -9.54779703363297 -9.78731493897489 -8.89533075808757 -7.50043596740439 -6.3237756167335 -7.0850430525576 -8.5740499940994 -10.284471762398 -12.3341133825892 -14.4659499724912 -15.97058972684 -17.3746978867574 -18.9136092035873 -23.1207230637868 -28.2332695666813
-9999 -9999 -9999 -9999 -9999 -9999 -9999 -9999 -9999 -9999 -9999 -9999 -34.1947633023675 -35.4037942024096 -36.7871427041173 -29.3579779961229 -17.4097695409826 -7.18486333639497 -4.13084267733707 -1.99342719861258 0.284452547126657 -1.25482471503085 -2.79411860158429 -4.33683056209257 -4.70271753975567 -5.43825917249834 -5.83317223546226 -6.15166189687325 -6.7332900807608 -7.22025283509357 -7.97322319754772 -8.61990979452673 -9.34907463618117 -9.92411242627911 -9.88674187014545 -10.1546422815394 -10.3917853064379 -10.352892102611 -10.1808908712564 -9.66296203815774 -9.66802529541526 -10.2047094800682 -11.0784411121357 -10.6047551844671 -8.82922032938467 -7.47972920552196 -7.08227680508608 -7.69040485297989 -8.64539176725564 -9.96231313862866 -11.8822743745768 -13.2636881547235 -15.4944628029031 -19.0957233639221 -23.0964732207563 -27.7867347586962
-9999 -9999 -9999 -9999 -9999 -9999 -9999 -9999 -9999 -9999 -9999 -9999 -38.9509391423554 -33.0590842680356 -29.5487377890593 -26.4678288587083 -33.3193020906467 -36.138029989923 -25.4741236889081 -7.09527825371443 -1.7950603274032 -0.132621484221882 -1.53041483125617 -3.70964294136587 -3.36228381665282 -4.86591332307582 -4.85070559896441 -5.10521210748767 -5.78877609909561 -6.51802469898351 -7.61315894985803 -8.09941515085533 -8.56965641352025 -9.07035391156504 -9.12244515968056 -9.65319446801982 -10.0829388001722 -10.7032861343756 -10.9783030868641 -10.1348157440325 -10.1040760673436 -10.9374931953263 -12.697381780236 -13.0508684328435 -10.9115970766704 -9.75181789347465 -8.63393829335137 -8.24726071115696 -8.61794913317312 -9.51713894425541 -11.4950099524429 -13.4835475239797 -16.0524213481649 -19.3032346956101 -22.6847437762773 -26.5722787950856
-9999 -9999 -9999 -9999 -9999 -9999 -9999 -9999 -9999 -9999 -9999 -9999 -9999 -36.6100016258288 -30.8271329947679 -40.0922162655976 -59.2116275901374 -81.4843815691011 -71.219650810525 -43.0743465653168 -13.5167839892032 -2.33432415720753 -1.58377701536241 -2.95673020212109 -3.53952000907682 -3.76933137692489 -3.69681084544031 -3.85504264150442 -4.76926785718529 -5.3940701143868 -6.48311378349683 -7.14897154562144 -7.76908300623729 -8.4231565728726 -8.79652640530382 -9.43337957883553 -9.99990611110369 -10.5765420416725 -11.1112615271059 -11.1957668771609 -11.0413170558722 -11.4634889053587 -12.7095303911216 -13.2029401855588 -12.5673412664937 -11.2009176725721 -9.74370930591141 -9.06716324404212 -9.21959969804062 -9.98252299537439 -11.7864183009138 -13.6037674539889 -16.1302528399664 -18.9419106557894 -21.6705642804178 -24.8832984026947
-9999 -9999 -9999 -9999 -9999 -9999 -9999 -9999 -9999 -9999 -9999 -9999 -9999 -44.5011450094026 -32.986681505815 -55.0481176154823 -84.4329312019476 -139.056335984089 -140.724063005489 -100.654526150639 -73.7897639620746 -23.0995032974526 -13.0997199328053 -13.5296794477486 -16.1104798324209 -5.21099908079865 -4.42665134579073 -4.18145385219528 -5.13670282157689 -4.63637733814736 -5.52708503267877 -6.64895335816509 -6.77711560106326 -7.58146947237098 -8.22042884346769 -9.24487892447132 -9.54299709927263 -10.2558193599991 -10.8717316072847 -11.1698689859257 -11.9658472285109 -11.7459679730597 -12.4914596984134 -13.5720021745825 -13.6930054397023 -12.1903269482068 -10.8995217220154 -9.78981576393563 -9.84045410775544 -10.8529080889293 -12.1204985561016 -14.0408144351177 -16.1907969883921 -18.3437849326224 -20.5153780722868 -23.3710243568632
-9999 -9999 -9999 -9999 -9999 -9999 -9999 -9999 -9999 -9999 -9999 -9999 -9999 -9999 -31.3167530359993 -50.5162031850343 -86.6297090959612 -141.480665305938 -158.892774699502 -142.460727247661 -110.494287790662 -79.8132687638113 -68.7331606691569 -70.58171827437 -61.9976787969463 -45.7223274819768 -28.708701258182 -12.3832305754643 -9.11535419404766 -6.26411955035951 -6.43857425619724 -4.94583239472329 -6.05752363604149 -7.0540049792489 -7.38147863312511 -8.26785802448985 -8.81523086976525 -9.61784558837273 -10.2803704303608 -10.7004974339462 -11.1468492908572 -12.0559521357074 -12.7721349180191 -13.7494414900417 -14.2253370777163 -13.2059180861622 -11.9585037729094 -11.2994957908377 -11.412805537253 -12.0360100569838 -13.3399982289722 -14.5891510226478 -16.0973635255436 -17.518254184654 -18.5116441134724 -20.1871138872028
-9999 -9999 -9999 -9999 -9999 -9999 -9999 -9999 -9999 -9999 -9999 -9999 -9999 -9999 -29.9609315846788 -46.880204002478 -72.1998040381381 -122.964799524072 -157.240654975872 -162.890265100945 -156.931510834288 -163.755880364 -196.204540736274 -201.378923442481 -152.938026858125 -143.882710146387 -91.6156624137963 -48.6111761309751 -28.8362263299619 -13.5501819222254 -8.52606571474871 -6.99650366381547 -5.41255108131493 -5.78517435953967 -6.173608075129 -7.1277758512238 -7.83010441619732 -8.46142065696419 -9.60400687707892 -9.916022186495 -10.9990688855794 -12.6633986093841 -13.3893267581343 -13.8101382220118 -14.3095765752617 -14.4255215329119 -13.3273612356834 -12.7992236543184 -12.8014054350842 -13.1300704880522 -14.4901375088355 -14.9024923761812 -15.7999238616676 -16.4270290206915 -16.5073128782634 -16.698709753748
-9999 -9999 -9999 -9999 -9999 -9999 -9999 -9999 -9999 -9999 -9999 -9999 -9999 -9999 -9999 -32.7872087531826 -50.3212599398315 -90.8406227966949 -135.772047839283 -173.695969594396 -217.806712091378 -233.914578180734 -271.155008560542 -279.319331952206 -267.413598843462 -270.970716424897 -221.703409115559 -184.585498726373 -127.30946568396 -59.539679032221 -21.6108505492173 -6.97324327332445 -5.44398074849679 -7.65441660463052 -7.10401278138903 -7.20792402392812 -7.68934146790748 -8.33058296054802 -8.78877653154585 -9.34610648149354 -10.4187252246404 -12.2226477424066 -13.443054892557 -14.5988426679023 -14.6629041499017 -15.0643071987351 -14.1685733186902 -13.6026242978905 -13.3464249730876 -13.2583662240141 -13.5461586065906 -14.086879000752 -14.592066787235 -14.918010453674 -15.0859177774581 -14.9811936415007
-9999 -9999 -9999 -9999 -9999 -9999 -9999 -9999 -9999 -9999 -9999 -9999 -9999 -9999 -9999 -45.2099169561964 -49.2261174960968 -67.9060236924534 -111.030802707953 -169.316410121201 -255.096627730017 -260.630845915873 -321.116288857429 -329.643058191598 -328.942189865966 -413.04144740575 -338.358549291476 -364.289860078825 -276.978362429176 -112.803781180452 -47.5744240512087 -16.6554638154775 -6.10978109392842 -9.02841783255271 -8.70735572169044 -8.60793028118738 -9.16110007445101 -9.41628229041112 -9.68254089274184 -10.1085581152788 -10.7498458652752 -12.2809037281344 -13.6465563478618 -14.8574756190265 -14.5318728768187 -15.0664869962832 -14.7418304080425 -14.0800202397093 -13.4721436323053 -12.8315039843597 -12.565021331312 -12.7952413067724 -13.1546697629852 -13.4645280956296 -13.8823040441614 -13.8334799465506
-9999 -9999 -9999 -9999 -9999 -9999 -9999 -9999 -9999 -9999 -9999 -9999 -9999 -9999 -9999 -41.4034143515359 -67.0574361604943 -64.6417147870557 -84.0041463233249 -119.158972825137 -170.298814864911 -212.781053192356 -256.688092406596 -278.694490595048 -267.565010731899 -274.004006012095 -285.871571201834 -297.185354840817 -234.903230121966 -137.422404942534 -66.2902863351681 -25.9662297654572 -10.5468953718827 -8.94832861643686 -9.4863022680996 -9.21551965034149 -10.1408982404787 -11.1870023193873 -11.9775686440568 -12.1969694070352 -12.7347215720852 -12.5351055060572 -13.3669276172173 -14.8250641444613 -14.9893727048959 -14.5823817130867 -15.1211795319886 -14.4165134735611 -13.749063087855 -12.7717374537671 -11.6396793638432 -11.9701551810652 -12.083609189506 -12.5934444217122 -13.7786752871275 -13.8247200033135
-9999 -9999 -9999 -9999 -9999 -9999 -9999 -9999 -9999 -9999 -9999 -9999 -9999 -9999 -9999 -9999 -87.7970500990007 -85.5635531869753 -80.0683429898291 -83.065220422493 -108.351200042319 -149.789894486689 -189.541750967283 -219.10699335142 -215.178006065749 -215.665781494084 -234.343030036742 -258.513829615903 -215.502650240796 -156.100701451794 -95.9056925405149 -46.5866792242484 -17.5751228462268 -14.3908227607539 -8.97036845238024 -8.46892335484834 -10.6477378489459 -12.1631439330576 -12.5580071604584 -12.0689926612462 -12.9036750552778 -12.3069736622703 -12.7970055655824 -14.0534374626653 -14.3007985416065 -14.0639485990737 -14.9015642808057 -15.2995913806114 -14.9084732589477 -13.9946110724006 -12.5858050794938 -13.7690919904747 -13.7405854163007 -14.4188608264131 -16.2933778059316 -16.1111746252248
-9999 -9999 -9999 -9999 -9999 -9999 -9999 -9999 -9999 -9999 -9999 -9999 -9999 -9999 -9999 -9999 -9999 -71.1854219571463 -109.133475056474 -86.5900026283312 -83.5105157834409 -102.815993828618 -136.784816742595 -175.609524824179 -198.051205242954 -216.999120820005 -237.241387300553 -246.997775633887 -213.364248330229 -173.131157492478 -134.045165953001 -83.6138134104082 -54.6932363269029 -32.8798567513663 -16.6963999421057 -8.59094405369602 -9.17443675887084 -10.4984194519155 -11.7180159333626 -10.7013663779418 -10.6873542120401 -11.0725264375032 -12.0532237585176 -13.1940620118449 -13.8108840408949 -13.6013698980947 -14.2645533599543 -15.0211300253493 -16.0180776277178 -16.9784395628166 -17.8645455557392 -17.8097344415814 -18.1438403942918 -18.9090162305714 -20.2484674463121 -20.9388773328035
-9999 -9999 -9999 -9999 -9999 -9999 -9999 -9999 -9999 -9999 -9999 -9999 -9999 -9999 -9999 -9999 -9999 -9999 -9999 -135.981947076846 -102.068715753945 -100.702215279506 -109.067466402009 -147.745970046032 -183.338470648138 -213.171330325414 -247.557030239817 -261.587070560971 -227.889540530002 -189.260675921856 -161.157404552001 -119.236540895067 -99.3155616207994 -77.4743132618465 -37.9893129126742 -16.8294507387743 -12.6369606474619 -9.58439604719015 -10.5663717024882 -9.45321520573698 -9.82069988074373 -9.90204667606855 -10.754072153048 -11.8197150065227 -12.4245469051277 -13.0608988577641 -13.6226479248861 -14.402409289328 -15.9708649483347 -18.0136421456797 -20.4423047421043 -20.8108286759608 -21.4622474580917 -21.9024954977228 -22.4334484107768 -23.5314420717034
-9999 -9999 -9999 -9999 -9999 -9999 -9999 -9999 -9999 -9999 -9999 -9999 -9999 -9999 -9999 -9999 -9999 -9999 -9999 -9999 -9999 -124.794563519284 -96.4080040172868 -109.622600873533 -141.834788528086 -189.850345920485 -223.815330021061 -243.855600934347 -237.07002802083 -198.036708368398 -170.463406852195 -142.180164080703 -141.700353249161 -123.873992887912 -81.2025709487436 -52.9164774391308 -25.8154955728884 -11.9287462932057 -10.0746048241474 -7.87208185206886 -8.15122918053773 -8.87294445434316 -9.54281662442153 -10.413844623149 -11.6145165620519 -12.4376115587748 -12.9762516364403 -13.7106743421951 -15.2796367750978 -17.7478621731332 -20.3715856747676 -21.8223720390204 -22.3058818179125 -22.6677775606728 -22.6631022909998 -21.795533042195
-9999 -9999 -9999 -9999 -9999 -9999 -9999 -9999 -9999 -9999 -9999 -9999 -9999 -9999 -9999 -9999 -9999 -9999 -9999 -9999 -9999 -9999 -9999 -98.2656980553427 -101.613348493011 -127.581004956279 -162.570022242505 -200.088150654215 -217.541010862564 -207.960766061649 -195.161790490205 -165.769497187961 -167.467979983366 -153.392507074054 -121.267226035721 -94.276859371803 -56.9309880033338 -22.9680261589685 -10.2666039976747 -7.54546344211233 -5.55099446784815 -7.03976806360447 -7.81850795681574 -9.03400410133712 -10.4365091637501 -11.5413370584796 -12.2253181261595 -12.7928447356898 -14.2933777876049 -16.8138942010898 -19.5834333576933 -20.9170768029402 -21.6884604512924 -22.4797864213185 -22.6479172574167 -21.9141510650058
-9999 -9999 -9999 -9999 -9999 -9999 -9999 -9999 -9999 -9999 -9999 -9999 -9999 -9999 -9999 -9999 -9999 -9999 -9999 -9999 -9999 -9999 -9999 -9999 -9999 -68.8035880481554 -98.7991251657509 -142.172995605521 -177.337998018594 -196.041004276494 -203.692518548373 -191.498172970368 -195.890125382032 -182.982817621916 -159.194898841927 -154.477064350501 -91.9766979154249 -54.8179256266816 -28.3023285441708 -6.47829595932121 -4.26771692486624 -5.54486109212303 -6.14059151540933 -7.93205476884377 -9.28489527512688 -10.4201373092222 -11.1798859723417 -11.6624401991132 -13.2304377850928 -15.9372003855676 -18.7108194780085 -20.1707216596122 -20.5849391135911 -21.5898276998439 -23.2247046392446 -23.9576198269088
-9999 -9999 -9999 -9999 -9999 -9999 -9999 -9999 -9999 -9999 -9999 -9999 -9999 -9999 -9999 -9999 -9999 -9999 -9999 -9999 -9999 -9999 -9999 -9999 -9999 -92.250222552959 -87.3542519708529 -103.797224004909 -138.617996606991 -172.720001986831 -197.940286598008 -208.502709631537 -219.398519810021 -199.878367198995 -168.714091151274 -152.461302382278 -107.818607281807 -70.4028616276295 -33.6158444599274 -7.91383022773979 -2.36740264194506 -4.70346615951276 -5.13181554324663 -7.03761061566007 -8.2087618574209 -8.89933674494899 -9.69469785992275 -10.1025130649448 -11.8381100158539 -15.0362813551793 -17.9144762863523 -19.3406554437459 -19.8497834644348 -21.1389144125364 -22.9125017432853 -24.4013720561664
-9999 -9999 -9999 -9999 -9999 -9999 -9999 -9999 -9999 -9999 -9999 -9999 -9999 -9999 -9999 -9999 -9999 -9999 -9999 -9999 -9999 -9999 -9999 -9999 -9999 -9999 -9999 -94.6692050453399 -109.702334504799 -140.015833752012 -184.748927539795 -207.497294261436 -214.835025529949 -210.000363183672 -181.099024968798 -151.676365464092 -114.224911312201 -86.2564463475338 -40.9556634733634 -8.24622272739824 -2.52871117270628 -3.4206052158984 -4.14596780849981 -6.69494966009527 -7.02556918347341 -7.20478137374497 -8.35390673633477 -8.66267341276303 -10.7006968649586 -14.6330108201281 -18.4066963138419 -19.2020477310684 -19.06422367937 -20.1944961105938 -22.3955623903183 -24.0742668562096
-9999 -9999 -9999 -9999 -9999 -9999 -9999 -9999 -9999 -9999 -9999 -9999 -9999 -9999 -9999 -9999 -9999 -9999 -9999 -9999 -9999 -9999 -9999 -9999 -9999 -9999 -9999 -110.711128228248 -107.652031778353 -123.493986699997 -157.836859466446 -199.164230833844 -225.517102128433 -228.049073338856 -199.377447533297 -159.66620267924 -126.612125565667 -97.497147541895 -51.6693134471752 -13.8641542865185 -2.61989429624209 -2.84157658856001 -2.37181726693197 -4.14113836758364 -5.95445772141392 -6.70823146485394 -7.8814008011697 -8.8422037478662 -10.9245894932903 -14.1251140183745 -17.1178174749946 -18.8117108116458 -19.6275900556845 -20.8041232708125 -21.8281831696217 -22.2941132413239
-9999 -9999 -9999 -9999 -9999 -9999 -9999 -9999 -9999 -9999 -9999 -9999 -9999 -9999 -9999 -9999 -9999 -9999 -9999 -9999 -9999 -9999 -9999 -9999 -9999 -9999 -9999 -9999 -106.536543921099 -105.815099477277 -125.552785546511 -177.422442093703 -229.723641453223 -245.861576740159 -209.984004297622 -165.109563665404 -134.213661500595 -107.947159791834 -65.7047463409437 -23.1550326665533 -4.33604475832823 -2.27789027483651 -2.70854864637251 -3.20087652014315 -4.96538280344406 -7.02778851573973 -8.50350845833746 -10.1410412423586 -12.3243654015601 -13.509276267125 -15.5693313381018 -17.9485795792435 -20.9171495914078 -22.0582968250621 -21.4355781784061 -20.6291393723339
-9999 -9999 -9999 -9999 -9999 -9999 -9999 -9999 -9999 -9999 -9999 -9999 -9999 -9999 -9999 -9999 -9999 -9999 -9999 -9999 -9999 -9999 -9999 -9999 -9999 -9999 -9999 -9999 -115.744497615906 -100.277529934647 -114.998220941522 -165.000479565718 -222.788049954771 -249.47210194469 -220.973593263503 -169.983353733461 -141.136405017345 -115.480488087773 -67.8023378945495 -28.4595393249037 -7.27056199891216 -2.33241066077202 -4.39545920542022 -3.51307386640399 -5.44151799154618 -6.37614016009302 -8.59935498733124 -10.6624098118228 -12.7436532686886 -13.0175763193828 -14.3285172229669 -16.3509104089928 -19.6260514213487 -20.907086654513 -20.2013219586336 -18.3153973537987
-9999 -9999 -9999 -9999 -9999 -9999 -9999 -9999 -9999 -9999 -9999 -9999 -9999 -9999 -9999 -9999 -9999 -9999 -9999 -9999 -9999 -9999 -9999 -9999 -9999 -9999 -9999 -9999 -120.526072204741 -94.0516040826337 -105.208701317136 -157.815600254028 -221.739913844858 -256.544239236316 -224.215296084179 -172.39026204521 -144.894624868303 -113.169958229498 -67.9292187114877 -32.6928945515971 -10.4134246742349 -2.24373939507824 -4.90069348327437 -4.92372213364558 -6.96449488761538 -8.82845210714821 -8.39265282308812 -10.3304613115224 -12.4820298194954 -12.3635346481953 -12.238773324471 -14.9790996923682 -18.2206541660586 -18.8849639917568 -17.3336213196573 -16.1369431278858
-9999 -9999 -9999 -9999 -9999 -9999 -9999 -9999 -9999 -9999 -9999 -9999 -9999 -9999 -9999 -9999 -9999 -9999 -9999 -9999 -9999 -9999 -9999 -9999 -9999 -9999 -9999 -9999 -119.81341239837 -96.2448804724691 -106.965077053083 -158.861913506809 -226.278091783136 -261.448003252126 -238.07591502354 -189.995228685744 -150.896176088271 -110.323713484326 -63.5606553377073 -28.732569492362 -10.1798128467935 -3.41852035224059 -6.0668484881455 -6.21360409675634 -9.1445364931124 -9.77295850505909 -8.97581871917172 -8.33962037113271 -9.18919978761389 -10.4702421059127 -11.9984041440415 -13.3700817171618 -14.4072620209933 -14.2608947299511 -13.2283289004099 -12.8782550000152
-9999 -9999 -9999 -9999 -9999 -9999 -9999 -9999 -9999 -9999 -9999 -9999 -9999 -9999 -9999 -9999 -9999 -9999 -9999 -9999 -9999 -9999 -9999 -9999 -9999 -9999 -9999 -9999 -118.227351174874 -98.792859653943 -107.292491869991 -168.564418133505 -235.774883035533 -268.118705760063 -244.531691073339 -208.757195732731 -151.151121951822 -105.991628055706 -59.3070268947415 -24.9816503213525 -9.63215424940057 -4.67723211484324 -6.81202987986442 -7.59947087423849 -10.6321350763954 -11.842014109822 -9.87687047987997 -7.91017602823532 -7.24276619653263 -8.41157725263937 -11.4592988590375 -11.18483627403 -10.7356435955389 -10.3702729253173 -9.93788162140084 -10.4313089649487
