meets/meet004/_saidas_enm/CCSM_SVM_6k_Cavanillesia_umbellata1.asc
NCOLS 154 
NROWS 168 
XLLCORNER -112 
YLLCORNER -55.5 
CELLSIZE 0.5 
NODATA_value -9999 
[rows 100 to 124 of 168, columns 56 to 111 of 154]
-9999 -9999 -9999 -9999 -9999 -9999 -9999 -9999 -9999 -9999 -9999 -9999 -9999 -9999 -9999 -9999 -9999 -9999 -9999 -9999 -9999 -9999 -9999 -9999 -9999 -9999 -9999 -9999 0.113268504141561 0.128231544530478 0.10412812926561 0.0960743037515807 0.0973589812740382 0.0996798685039169 0.101212775118698 0.100756943702834 0.0909949956447168 0.076418587185647 0.0788098153018402 0.0725441297237892 -0.015293139540686 -0.075056698546321 -0.039664300987522 -0.0253861394270257 -0.0107219748787079 -0.0133022583417392 -0.0535541818039815 -0.0728247767251268 -0.0480277390725347 -0.0330878759647172 -0.0351834249097591 0.00880598350053574 0.0461932619042211 0.066620835053637 0.0747626265180222 0.076701195536586
-9999 -9999 -9999 -9999 -9999 -9999 -9999 -9999 -9999 -9999 -9999 -9999 -9999 -9999 -9999 -9999 -9999 -9999 -9999 -9999 -9999 -9999 -9999 -9999 -9999 -9999 -9999 -9999 0.106196934301327 0.128402167140269 0.101128523617095 0.0951861035132341 0.0959804536537947 0.0985931497847369 0.100834376280087 0.0996083341033939 0.0865743350953964 0.0714202206644929 0.0736682605074909 0.0565274190917218 -0.0424917006959533 -0.0987456338056247 -0.0585593397077775 -0.0395300808881685 -0.0129018875046324 -0.0123372583436312 -0.0592996206177364 -0.0384283175271744 0.00280373016773955 -0.0411881083299155 -0.0813810770478507 -0.0464260637186758 0.000875275229532346 0.0271701285421685 0.0608184589293775 0.0468713819846699
-9999 -9999 -9999 -9999 -9999 -9999 -9999 -9999 -9999 -9999 -9999 -9999 -9999 -9999 -9999 -9999 -9999 -9999 -9999 -9999 -9999 -9999 -9999 -9999 -9999 -9999 -9999 0.0807340581026043 0.0940490010312334 0.124400631623042 0.0986642413861827 0.0926968382792319 0.0942521178342748 0.0977549655530912 0.100478226484059 0.0975823471370176 0.0825486927918476 0.0679362878833328 0.0659413814800826 0.0352788666672588 -0.0681769230174221 -0.102438284340659 -0.0729222037474653 -0.0563013842805664 -0.0285880240393901 -0.0243797261086586 -0.04962031119201 -0.0429620320285007 -0.0173818281580895 -0.0407843048347206 -0.0640797378454627 -0.0572616290455143 -0.0200841533318698 -0.0011965733503374 0.00381447530268159 -0.0109018650684667
-9999 -9999 -9999 -9999 -9999 -9999 -9999 -9999 -9999 -9999 -9999 -9999 -9999 -9999 -9999 -9999 -9999 -9999 -9999 -9999 -9999 -9999 -9999 -9999 -9999 -9999 -9999 0.0799868927438014 0.0886147335493963 0.121309258744695 0.0941165605549153 0.0892605142623611 0.0914803001430393 0.0969556771966393 0.100318055055107 0.0954371582699223 0.0774932345129652 0.0649655691296218 0.063020758705165 0.0171894495172048 -0.0773837483246556 -0.0920455368705462 -0.0634022553616326 -0.054708348620137 -0.0301303209402591 -0.0247586265074151 -0.0391911021788469 -0.0498904537660198 -0.0460264167597679 -0.0577539458420893 -0.0721157952459731 -0.0657780965902733 -0.050397831906226 -0.041759552359147 -0.0566808830211235 -0.0617725086872663
-9999 -9999 -9999 -9999 -9999 -9999 -9999 -9999 -9999 -9999 -9999 -9999 -9999 -9999 -9999 -9999 -9999 -9999 -9999 -9999 -9999 -9999 -9999 -9999 -9999 -9999 -9999 0.0789360169073365 0.0915565010247515 0.115358256751121 0.0913390506579151 0.0860991506195634 0.0891853600565143 0.0961915022076361 0.100302697180122 0.0920004995698334 0.0718246425192581 0.0676091950562392 0.0678589664427556 0.00416238083499632 -0.0783932510410661 -0.0772410800283934 -0.0563662166112449 -0.042699785952424 -0.0315912921317438 -0.0197462881518726 -0.0427353687400936 -0.056597377878864 -0.0551487671260278 -0.0577594193940885 -0.0728740928415936 -0.0713893195718778 -0.080477055007083 -0.0857670342631199 -0.0874212562822375 -0.0948421715887429
-9999 -9999 -9999 -9999 -9999 -9999 -9999 -9999 -9999 -9999 -9999 -9999 -9999 -9999 -9999 -9999 -9999 -9999 -9999 -9999 -9999 -9999 -9999 -9999 -9999 -9999 -9999 0.0780056628927691 0.0987841287608234 0.109693069422682 0.085739635370897 0.084002032118992 0.0875211891211253 0.0960144783521697 0.100211505179672 0.0870310642165527 0.0653964511052705 0.0698085099496919 0.0695387417676709 -0.00415326377365549 -0.0729252949729161 -0.0622903387644922 -0.0412100409645181 -0.03705187550459 -0.0358682690266925 -0.0392170670823962 -0.0598376477035632 -0.0651495564014081 -0.06544490715488 -0.0575847286922931 -0.061864764360383 -0.0652362485353237 -0.0754601363340642 -0.0841374113207566 -0.0888207377752636 -0.0945387906913556
-9999 -9999 -9999 -9999 -9999 -9999 -9999 -9999 -9999 -9999 -9999 -9999 -9999 -9999 -9999 -9999 -9999 -9999 -9999 -9999 -9999 -9999 -9999 -9999 -9999 -9999 -9999 0.0896494476381668 0.109095887004238 0.102111968045233 0.0824446617912864 0.0829635036909743 0.0877753282769214 0.0965727481348745 0.0997575718814444 0.0803204789884729 0.0598608225514235 0.0683729748480792 0.0695596571020468 -0.014472933259065 -0.0693628621785498 -0.0460096859985368 -0.0344631907893528 -0.0348722616156374 -0.0456524470772172 -0.0601902358870677 -0.068004754776331 -0.0696717286072646 -0.0576147608561475 -0.0500029073882884 -0.0276887324642561 -0.0504624230223618 -0.0557799835233464 -0.0618645376735971 -0.0701467538981292 -0.0709773876472242
-9999 -9999 -9999 -9999 -9999 -9999 -9999 -9999 -9999 -9999 -9999 -9999 -9999 -9999 -9999 -9999 -9999 -9999 -9999 -9999 -9999 -9999 -9999 -9999 -9999 -9999 -9999 0.118162754553285 0.119531658343308 0.096703884957427 0.0837264340066398 0.0838533591438069 0.0883488352169592 0.0973617363193585 0.0988497049518484 0.0764869265629975 0.0580684067296153 0.0663621099545191 0.066702531127694 -0.0208711406635226 -0.0605916300848502 -0.030831702909671 -0.0226950951865343 -0.0288788011658341 -0.0423583012944538 -0.0604978863468039 -0.0716237114945007 -0.0745158035960743 -0.0633112201144512 -0.0400942975155379 -0.00880120209242424 -0.0456324699329138 -0.0638026448193613 -0.0544187226792656 -0.0303488157422202 -0.0270847030864661
-9999 -9999 -9999 -9999 -9999 -9999 -9999 -9999 -9999 -9999 -9999 -9999 -9999 -9999 -9999 -9999 -9999 -9999 -9999 -9999 -9999 -9999 -9999 -9999 -9999 -9999 -9999 0.151839384617512 0.126585670512233 0.0933622658359338 0.0870868231213974 0.0853378346395071 0.0885966121906943 0.0976699256212731 0.0970062746391765 0.0743403794130622 0.0548753880036889 0.0612422494496715 0.0637108417570011 -0.0293400168329966 -0.047207189397336 -0.0150765522988293 -0.0100354042125596 -0.015721215800011 -0.0287222284469514 -0.0410045823378478 -0.0633884622657501 -0.0765491716020893 -0.076971810908449 -0.0465295976470366 -0.0271190355732772 -0.0446531820897327 -0.0663908755375021 -0.0636044801758394 -0.0433414674404349 -0.00798085174055341
-9999 -9999 -9999 -9999 -9999 -9999 -9999 -9999 -9999 -9999 -9999 -9999 -9999 -9999 -9999 -9999 -9999 -9999 -9999 -9999 -9999 -9999 -9999 -9999 -9999 -9999 -9999 0.171346620326294 0.115380152606838 0.0931589707270535 0.0883160042002363 0.0858455278537587 0.0873411192427605 0.0975426447330225 0.0934484589061903 0.0683630815693382 0.0512337678779465 0.0539707791459216 0.0392045098401433 -0.0477677409880027 -0.0378316435747338 -0.00287143450182931 0.00196776565182172 -0.00491592059518248 -0.0176180042999464 -0.0313922242535346 -0.0521441420453524 -0.0660027727616928 -0.070124051912807 -0.0563838690744208 -0.0455123583931986 -0.0505745289991856 -0.0627822741227529 -0.0599744006737917 -0.0434896224563926 -0.0172414299497051
-9999 -9999 -9999 -9999 -9999 -9999 -9999 -9999 -9999 -9999 -9999 -9999 -9999 -9999 -9999 -9999 -9999 -9999 -9999 -9999 -9999 -9999 -9999 -9999 -9999 -9999 0.155357309740539 0.159888657806241 0.101599396716447 0.0930175215586871 0.0906274380626527 0.0868425674969742 0.0881040970963674 0.0978224345941489 0.0883939203374726 0.0616991962682095 0.0500896697271952 0.0448532088291017 0.000118072501520017 -0.0465415245055495 -0.0147275177452376 0.00955191250965487 0.0124353955716964 0.00408535534106963 -0.0111616400856437 -0.023743808318366 -0.0375187505787686 -0.0448351709228679 -0.0421797367577182 -0.0436842848130959 -0.0459418788451344 -0.043736167551321 -0.0505071475812841 -0.0466267086216995 -0.0355253992267073 -0.0180414845167041
-9999 -9999 -9999 -9999 -9999 -9999 -9999 -9999 -9999 -9999 -9999 -9999 -9999 -9999 -9999 -9999 -9999 -9999 -9999 -9999 -9999 -9999 -9999 -9999 -9999 -9999 0.16080547775042 0.110215481188001 0.0915248819789468 0.0936337182634478 0.0918910166828259 0.090344649491258 0.0912743369777496 0.0991652733611879 0.0873791370718263 0.0604108099303541 0.0537083261395922 0.0289974287344392 -0.011103073257944 -0.00634261103794076 0.0166504078665435 0.0288622029579938 0.0280077408860244 0.0209221907797035 0.0135930829284557 0.00250384502230167 -0.00773487519651633 -0.0165552090716822 -0.0192309966433633 -0.0199841095871148 -0.0242124366757083 -0.02989262847702 -0.0344626345853111 -0.0328413386469029 -0.0233931617885018 -0.00985757740808596
-9999 -9999 -9999 -9999 -9999 -9999 -9999 -9999 -9999 -9999 -9999 -9999 -9999 -9999 -9999 -9999 -9999 -9999 -9999 -9999 -9999 -9999 -9999 -9999 -9999 -9999 0.13462793014371 0.0711210589087565 0.089641927380841 0.0928170383534529 0.0951314591715259 0.0925072725970044 0.0937554998977752 0.0991098853137968 0.0853493752210683 0.0635642245352478 0.0451926939876491 0.00744387357869691 0.00701028744593191 0.0424155146786333 0.0611036905088271 0.0583672203018206 0.0537631527270425 0.0460033011764281 0.0401630706744329 0.034080928951384 0.0216508099292544 0.00782556613004709 -0.00204264266034987 -0.00223140928831078 -0.00314323713176362 -0.0112889130322279 -0.0183712528370426 -0.0170293212301094 -0.0100092428900391 -0.000497030483122218
-9999 -9999 -9999 -9999 -9999 -9999 -9999 -9999 -9999 -9999 -9999 -9999 -9999 -9999 -9999 -9999 -9999 -9999 -9999 -9999 -9999 -9999 -9999 -9999 -9999 -9999 0.0801766033909651 0.0673185616701811 0.0863068906885284 0.0883583425113086 0.0901822423444882 0.0901652066535935 0.0914534082660893 0.0909567714793793 0.07242967975727 0.0497607856922172 0.02474747737338 0.0142677943288066 0.0400570764409751 0.0714216917535191 0.0920286489316687 0.089825901600903 0.0789538781189625 0.0709567604925747 0.0721194663052975 0.0709454925626547 0.0479714923290703 0.0207831595470666 0.00779992249787975 0.00654427180406081 0.00818008477549581 0.00297018569518281 8.77962347784478e-05 0.000256106754213503 0.0036562590508129 0.00858835298545324
-9999 -9999 -9999 -9999 -9999 -9999 -9999 -9999 -9999 -9999 -9999 -9999 -9999 -9999 -9999 -9999 -9999 -9999 -9999 -9999 -9999 -9999 -9999 -9999 -9999 0.265794110605092 0.0602640688138246 0.0783008885728101 0.0833862527084153 0.0822467664041098 0.0850319662471161 0.0835747455444235 0.0830862297256151 0.0702202156249607 0.0586469694986702 0.0727429139107069 0.061505414842746 0.05335302305183 0.0699749564352417 0.0949116271516356 0.117638320642082 0.100947086461965 0.0952700670016336 0.0952444210026165 0.101115255946459 0.122115821081902 0.0785096212226938 0.0345955630299095 0.0174248896165742 0.015969886233503 0.0191254221322844 0.0176378915024853 0.0159059305594786 0.0155939194736007 0.0161862121267726 0.0170098922411996
-9999 -9999 -9999 -9999 -9999 -9999 -9999 -9999 -9999 -9999 -9999 -9999 -9999 -9999 -9999 -9999 -9999 -9999 -9999 -9999 -9999 -9999 -9999 -9999 -9999 0.148589903047715 0.0680708084229932 0.0838718258884678 0.0827182560145764 0.0776609711589819 0.0788429015311439 0.0774493141381802 0.0683319622222089 0.0561963218075585 0.0633290569423003 0.0741693001005989 0.0794832925343407 0.0854443870618746 0.0918787404198513 0.0983771979450468 0.109520155710251 0.101262795854461 0.0969981944087693 0.0967652896646372 0.109169023995199 0.118350087221533 0.0847114694745927 0.0480862788375563 0.0322530769879239 0.0275126684341931 0.0315248865195596 0.0292566311398255 0.0275444525739404 0.0264567550961977 0.0258848297999753 0.0253943559276291
-9999 -9999 -9999 -9999 -9999 -9999 -9999 -9999 -9999 -9999 -9999 -9999 -9999 -9999 -9999 -9999 -9999 -9999 -9999 -9999 -9999 -9999 -9999 -9999 -9999 0.0999283082929169 0.0720032488543424 0.0859909160470479 0.0823670169707979 0.0726935976273947 0.0742562287782176 0.0704764467631985 0.0585418695851304 0.0543717015391097 0.0628193391227308 0.0685742442720733 0.0761162399219716 0.0849040468658675 0.0905517105116615 0.0967329069017249 0.100967900795116 0.0953502481726117 0.089003482498028 0.0889807749471898 0.0988826490672929 0.1112834121991 0.0824142646105303 0.0526383162279682 0.0410609356116139 0.0382658516667331 0.0411227564574508 0.0380205986765909 0.0363437460039248 0.0352485508346195 0.033869448707001 0.0322569654014857
-9999 -9999 -9999 -9999 -9999 -9999 -9999 -9999 -9999 -9999 -9999 -9999 -9999 -9999 -9999 -9999 -9999 -9999 -9999 -9999 -9999 -9999 -9999 -9999 -9999 0.0481061827527191 0.0626099029028122 0.0808441692724641 0.074791737747758 0.0644534667854001 0.0654559880686236 0.0642171896550973 0.055918971122057 0.0569291311543693 0.0640446566983087 0.0644784199536534 0.0660652995482766 0.068404701138182 0.0726848740635951 0.0795062875711799 0.0861119343187971 0.0848578511888821 0.0804373353991767 0.0776841681499879 0.0775323422407571 0.076495932254221 0.0662777153648333 0.0536381161467112 0.0469118151282966 0.0444343779074156 0.0444570034561656 0.0429905214086755 0.0422204147508887 0.0412225410063902 0.0395890788277447 0.0374383749966301
-9999 -9999 -9999 -9999 -9999 -9999 -9999 -9999 -9999 -9999 -9999 -9999 -9999 -9999 -9999 -9999 -9999 -9999 -9999 -9999 -9999 -9999 -9999 -9999 -9999 0.0324251126465804 0.0508330276675455 0.0751459374799327 0.0674024195062605 0.0561003552373173 0.0586709968909217 0.0576403116467368 0.0562420787008031 0.0632947615413139 0.0644858034369259 0.0615407635027009 0.0600057468568693 0.0582499364821285 0.0606359149550567 0.0657613624271185 0.0715264982688785 0.075560690828116 0.0736973892599496 0.0721493633541964 0.0696396250487682 0.0652596982035037 0.0614365921710545 0.0548416221771192 0.0505970895409108 0.0489225338660742 0.047353648686293 0.0468045473887815 0.046194999061877 0.0452251077609419 0.0436763210593977 0.0416197137270039
-9999 -9999 -9999 -9999 -9999 -9999 -9999 -9999 -9999 -9999 -9999 -9999 -9999 -9999 -9999 -9999 -9999 -9999 -9999 -9999 -9999 -9999 -9999 -9999 -9999 0.0267522066147947 0.0454191916898881 0.0691980251887265 0.0610617543669804 0.0505428383575182 0.0557071302347209 0.0553776749019109 0.0565223120381303 0.0633868525722393 0.0632643049856715 0.0591806532704751 0.0560826773011392 0.0549239205083803 0.0563371474769064 0.0583298330066627 0.0626362261884956 0.0675343706494783 0.0699293749768174 0.0700849644023451 0.0672001613714845 0.0641222380021456 0.0599322393385794 0.0555258720229623 0.0526843564137651 0.0507093431528436 0.0493451263698302 0.0489474102026884 0.0487901840017604 0.0479093726106443 0.0463746626319446 0.0444916989754711
-9999 -9999 -9999 -9999 -9999 -9999 -9999 -9999 -9999 -9999 -9999 -9999 -9999 -9999 -9999 -9999 -9999 -9999 -9999 -9999 -9999 -9999 -9999 -9999 -9999 0.0284030859350073 0.0447942739533305 0.0672697618406964 0.0590474158715016 0.0475986877629325 0.052458515625766 0.052544860132242 0.0558103241041984 0.0615721021507601 0.0600813790719652 0.0566467740182748 0.0543363863950616 0.0533087814191089 0.0545310023304444 0.0547304355175275 0.0572624968087232 0.0630564562414624 0.0688791194877013 0.0699965782232178 0.0666508091252017 0.0631338864401626 0.0603409508115249 0.0567542016109555 0.0542453926095488 0.0520500467439363 0.0508602376789354 0.0506665744158958 0.0506065290224871 0.0498335786030251 0.0485872620313769 0.0468936746328682
-9999 -9999 -9999 -9999 -9999 -9999 -9999 -9999 -9999 -9999 -9999 -9999 -9999 -9999 -9999 -9999 -9999 -9999 -9999 -9999 -9999 -9999 -9999 -9999 -9999 0.0322214943649514 0.044356405317514 0.0669456878027749 0.0598604747656961 0.04696418545819 0.0495044435035831 0.0525319458192435 0.0558516806731028 0.0599080462761988 0.0585095563005132 0.0558441904827647 0.0544147979384128 0.0547209354367657 0.0549491442838049 0.0532395348842983 0.0542209023520975 0.0601862222936043 0.067126198306503 0.0687371891101883 0.0657996406014393 0.0623472684813152 0.0595183888563403 0.0569892470861781 0.0546937494670299 0.0529208715628108 0.05209267113475 0.0517630070929349 0.0517009330898974 0.0509406744537207 0.0499247989811813 0.0488021593863305
-9999 -9999 -9999 -9999 -9999 -9999 -9999 -9999 -9999 -9999 -9999 -9999 -9999 -9999 -9999 -9999 -9999 -9999 -9999 -9999 -9999 -9999 -9999 -9999 -9999 0.0391666993369028 0.0436823545571216 0.0628296185366697 0.0607152499854853 0.0482567472645363 0.0486856882649732 0.0525942852886516 0.0579630978180597 0.0598964176620765 0.0576729053154744 0.0554476872222843 0.0537285838687676 0.0541255420979301 0.0543452299188136 0.0508380127070271 0.0519339579370952 0.057763796999008 0.0650336631744743 0.0672907557611868 0.0643326578801655 0.0612505013668761 0.0592166048253573 0.0572044212460047 0.0551015766829626 0.0536269660956737 0.0526766141690179 0.0522464916155151 0.0523822918601626 0.051999545699869 0.0513411306387832 0.0506783846591118
-9999 -9999 -9999 -9999 -9999 -9999 -9999 -9999 -9999 -9999 -9999 -9999 -9999 -9999 -9999 -9999 -9999 -9999 -9999 -9999 -9999 -9999 -9999 -9999 -9999 0.0477448684939408 0.0434045884737897 0.0588028222509216 0.0599770611584763 0.048888403489305 0.0502889485509451 0.0554633998657106 0.0585469402909774 0.0603861301642789 0.0567927080856769 0.0519254084205182 0.0519801748985737 0.0518690745654664 0.0510763826481431 0.0496854206227992 0.050221265916857 0.0556407650797339 0.0629564632946924 0.0650355641851079 0.0625862556451844 0.0598282684770665 0.0584152573923621 0.0573388747895226 0.0555259594549753 0.0540194067566202 0.0529543391428585 0.0525933705711653 0.0530767026677961 0.052345156486005 0.0517556491283742 0.051688512151012
-9999 -9999 -9999 -9999 -9999 -9999 -9999 -9999 -9999 -9999 -9999 -9999 -9999 -9999 -9999 -9999 -9999 -9999 -9999 -9999 -9999 -9999 -9999 -9999 0.115451191672133 0.0483585839968257 0.0451538302205584 0.0559602510787892 0.0603574697369021 0.0493535179289475 0.0470315047275727 0.0537783905349113 0.0594899818542161 0.0607700608847671 0.0573268905812997 0.052805514010509 0.052738027281737 0.0531206746103172 0.052692179358909 0.0507383690004414 0.0508996276024653 0.0553184859172596 0.060855305569497 0.0627225888142159 0.0604406178061392 0.0578133409803778 0.0571147448920403 0.0566117592706931 0.0550981251752224 0.0537250815723442 0.0528919699611251 0.0527013789581669 0.0528098844277591 0.0525351816556753 0.0549562318108487 0.0571499178917094
