meets/meet004/_saidas_enm/CCSM_Maha_6k_Cavanillesia_umbellata1.asc
NCOLS 154 
NROWS 168 
XLLCORNER -112 
YLLCORNER -55.5 
CELLSIZE 0.5 
NODATA_value -9999 
[rows 50 to 74 of 168, columns 56 to 111 of 154]
-9999 -9999 -9999 -9999 -9999 -9999 -9999 -9999 -9999 -9999 -9999 -9999 -9999 -81.999385041643 -36.4334470554619 -11.1335180184539 -7.59813820412192 -9.44970304940146 -6.29186335055202 -4.30817617518212 -5.19210390024208 -5.25435817361553 -8.51278002489387 -6.92510742361446 -5.49324080191378 -4.88671780722876 -4.35539375428364 -6.19354963120998 -9.0356391996296 -13.8997408023093 -18.5773096760059 -15.336823485235 -10.7317436987938 -6.6074499831292 -4.58136786434622 -5.12088256559039 -6.18490556773247 -5.17040733562194 -6.61033687607162 -8.02300767141363 -9.91374787252622 -10.9172774215258 -13.5096407262425 -13.8555716623585 -13.5423228972226 -14.9556267494754 -10.8293221670136 -11.4150705580082 -11.6830800044975 -3.60740015161457 -1.21939584368375 -0.0861657555967335 -0.496397228207957 -2.02408196530923 -6.26177971077981 -7.94397819557774
-9999 -9999 -9999 -9999 -9999 -9999 -9999 -9999 -9999 -9999 -9999 -9999 -9999 -46.1462628221813 -23.461681417208 -11.4836520410244 -7.68726814200905 -6.9796976834292 -5.76588047824394 -4.44612365286808 -3.47779823320876 -4.52177861943909 -2.59314971456998 -0.68696041434478 -0.233017185543629 -1.20016220210546 -3.51573414962624 -8.70291760419971 -16.3597870061504 -25.2437024536157 -29.6440496860949 -23.6985108204966 -12.8159462623643 -3.51953555684444 -0.62070095792729 -2.09099624692838 -5.22356271794409 -4.42737683364764 -5.19861209734176 -7.33942445942251 -9.01638517100199 -11.12014926825 -14.1756716121126 -13.4085276515084 -13.2423821241601 -12.9000704905279 -11.1360623080281 -12.6986686243654 -7.76504417404132 -1.86157248677659 -0.574189441939519 -0.361526651476641 -0.732028141155135 -3.45512983319081 -7.814993531428 -7.82828414093207
-9999 -9999 -9999 -9999 -9999 -9999 -9999 -9999 -9999 -9999 -9999 -78.3526358429213 -48.3168133633127 -30.6034091662112 -20.0039323559132 -13.5201095549959 -9.91909978574562 -5.98993932561172 -3.85105739915127 -3.16470950798777 -3.79802515963272 -3.38209609065855 -0.864930732641212 -0.359685807739762 -1.98460400374649 -5.91770659618193 -12.5871631785377 -22.2517169884742 -32.9782782831338 -44.3462799557071 -50.0288912074485 -38.3781026266021 -23.2224104744733 -8.31065489932006 -0.745982961682138 -1.10168330689291 -4.33744472706351 -3.67185461853484 -4.96650689414818 -7.5176950283271 -8.7026899635375 -10.9812154604046 -13.8034935925769 -14.0218842818155 -13.329809850336 -12.9641654958528 -12.891583376795 -8.56212200723985 -3.42174789573556 -0.636117417698071 -0.0924129890449084 -0.512550332003805 -2.74704810938963 -6.4571693557686 -10.9226972375872 -8.63648034638718
-9999 -9999 -9999 -9999 -9999 -9999 -9999 -9999 -9999 -9999 -79.7965227559901 -38.273069929238 -27.6945916694202 -28.9415509021773 -21.8966805905788 -15.3089606254902 -12.8528743512387 -7.53502000269545 -5.96124528039919 -4.58781666117423 -3.03388624271724 -1.9776706309586 -2.15918207258701 -3.90471336550634 -8.46290125064946 -16.3688473233203 -27.483983534829 -39.5805807585132 -53.4777286738382 -66.5569596511706 -70.2845681653572 -53.1362508953048 -31.0213963470806 -13.313927736811 -1.93540042032043 -0.151301884129337 -3.09674598740351 -4.0197650062846 -4.73437042113373 -6.98548532461435 -9.31879338271016 -11.9813760920268 -13.9053056368163 -14.4239499581019 -13.3905047311115 -9.53073045444517 -5.66242579571464 -2.71194720454404 -0.781227228088099 -0.485218441810862 -0.892173996154818 -2.85349616745439 -6.62725670236629 -10.9200692253615 -15.0629505447901 -10.3649227853078
-9999 -9999 -9999 -9999 -9999 -9999 -9999 -9999 -9999 -9999 -40.7098644494959 -19.7692481941247 -25.0374920442388 -24.0240705315543 -25.4940805666996 -22.0897180112475 -15.2728820528777 -6.22258746881282 -3.15341960478737 -2.75981878199113 -2.75721626081485 -4.2723867116754 -6.99430111933838 -11.7018032494586 -20.6655956579239 -32.3950421468441 -46.6465450325221 -62.8907610553005 -80.3227548850907 -94.775942038241 -97.0268035568319 -71.3195439094951 -40.6237333172489 -19.2578844181543 -3.98498767002458 0.174899535102911 -1.28665806802024 -4.85495192895723 -5.01461672422068 -5.53714188980217 -6.42111737909169 -8.0399987507565 -8.65306550199152 -7.56961489670797 -5.5673268655837 -3.45303657289779 -1.17768788616053 -0.514600448860199 -0.72467428392443 -1.57018203332842 -3.68497199267753 -7.20730447372645 -11.4589023944744 -15.5689891905177 -19.3564755141078 -11.5370831002571
-9999 -9999 -9999 -9999 -9999 -9999 -9999 -9999 -83.1968916135126 -54.4882119575534 -27.1676765104067 -13.3206121379196 -17.3188705366217 -18.3280951363796 -24.4123638082599 -27.6756688367493 -19.7371543213379 -10.4824871828045 -7.11422718653485 -7.79236601835144 -10.0659588351174 -12.8521862047156 -16.8763430885938 -24.0401496373136 -37.2629498213764 -53.944564478624 -71.2829136814422 -92.3524918904449 -111.588874612977 -122.265573681285 -118.783490638975 -86.7483966809728 -51.5849344270779 -25.1714972450979 -7.01575921606484 -0.254928395574767 -0.0298394092821883 -2.05030029213148 -3.86828287718964 -5.20881124128274 -5.57228163218938 -5.38256731777503 -4.32503451418791 -2.40024459117802 -0.75914345294489 -0.22414798132848 -0.512520483222106 -1.8660165344765 -2.24824584104639 -4.74022549399135 -8.85812307212584 -13.4321162791963 -18.097057550725 -21.8647855143108 -25.2412045517262 -13.9720021403635
-9999 -9999 -9999 -9999 -9999 -9999 -9999 -9999 -58.7249037490273 -36.3798857766152 -16.5621036305611 -8.47165934355315 -10.8962979709187 -17.2887992073766 -20.3242228858892 -23.2564223342529 -27.5111549594435 -19.4108751246669 -17.208198491172 -20.8765609612598 -26.8234478076215 -31.0454547182885 -34.9984184089329 -44.6261543298217 -63.0152395765613 -82.8082008020725 -88.5203041435201 -94.99836484485 -95.6589511926432 -92.9756835350871 -91.7355061013286 -92.1587728031723 -61.9168084068361 -33.2131127560541 -12.1254198499091 -2.47975619953698 0.192436772050509 0.262703396258601 -0.398034524146579 -0.863184815745579 -0.977186535029526 -0.480565959224144 0.171686427033524 0.644711308704163 -0.188825049749495 -1.91772617317372 -2.97127295476245 -5.02323810907437 -9.39059186639441 -15.5042692743131 -21.2906671800756 -26.9593772165448 -30.6824653968642 -32.8058428995629 -35.5506414320563 -18.153034142184
-9999 -9999 -9999 -9999 -9999 -9999 -9999 -53.6956453593144 -43.2322430916182 -26.4877817589755 -10.3615779839861 -8.37560230479274 -9.08263794827471 -12.7406814673884 -15.5849265825484 -19.589474287732 -22.1270965134003 -27.8642611812564 -30.9724577545054 -38.8430177878755 -46.4287373211122 -51.36566428128 -57.7345305544709 -60.059818391178 -62.5810632135472 -66.5427169803966 -67.3417535490258 -67.7514902550633 -68.0688738765161 -67.0645167485513 -66.693880737727 -65.1102014896847 -64.5472093436353 -41.834754228236 -20.3082030792824 -7.9409943118489 -2.36410290496424 -0.115480610220342 0.488946316688249 0.548983538347427 0.5372562893274 0.271802272128255 -0.585996289735707 -3.01022944908423 -6.1621145148787 -7.35621160224805 -11.9843746275006 -18.9415641873943 -27.9297555395621 -37.9163605055091 -45.4309690841403 -50.6294345829921 -52.7285880939446 -52.5620223264559 -51.3136901655349 -23.9439147954292
-9999 -9999 -9999 -9999 -9999 -9999 -9999 -38.026335530206 -24.4917878509798 -12.3454416448957 -6.92458397706931 -6.80641120638696 -8.5646026034092 -10.028356353155 -12.0468029476318 -14.2136478633599 -16.2433096724896 -20.4241076026745 -23.0971010800252 -26.3202624225549 -31.6338150571435 -36.9702933918911 -44.252919565047 -44.3633095513761 -43.2173217092185 -45.2377901834461 -45.5640608267375 -49.2017302249499 -48.6739228001568 -44.7859285415647 -44.7513744744623 -44.426802546604 -47.3026233031177 -48.0732110093234 -32.1628716273927 -17.4481202856377 -9.98675072787463 -5.41756436375854 -3.93517344498314 -3.93365653567947 -4.34830435478694 -6.76129823489229 -10.2067789638459 -13.8354203709091 -19.3152609359549 -27.1161742839909 -39.7786977427062 -52.4177712572339 -67.5433002572107 -77.4244163917844 -82.8341296739611 -80.8235351646064 -80.0885015930811 -75.1129266136945 -65.8341898563963 -30.9543567063315
-9999 -9999 -9999 -9999 -9999 -9999 -23.0256778363692 -21.9072800626503 -10.5429241606309 -7.83741225135913 -8.11891407246076 -6.60704512156409 -8.41465365301036 -9.31066595717311 -9.8214949326525 -11.1059719363954 -11.5990432497678 -13.612264346181 -15.8096940782408 -18.3024228542099 -22.8185820440213 -26.3073442464082 -29.6289878328534 -30.4027059585031 -32.0684884726285 -32.4728412945459 -33.762580728986 -34.0842781058662 -33.3981744299997 -34.2327590643068 -33.5896021219673 -34.4712347314616 -35.1151058165165 -35.8047911566204 -37.8108028834005 -32.0724158591003 -24.918120130429 -20.9842649346632 -19.3138466644831 -19.5054448461223 -21.3501372471587 -24.9174914798891 -30.3096637300535 -40.2769771875708 -45.2782358071117 -47.2569104012663 -51.4392372278324 -53.8661277402681 -58.3544661684185 -63.2903764912317 -65.972855067914 -66.3363111551963 -63.5135704053971 -56.6808195496888 -51.8577006586606 -37.9739518318389
-9999 -9999 -9999 -9999 -9999 -9999 -13.288481329226 -9.56391409160653 -2.7190602213248 -2.93071371550344 -5.68798852078556 -4.93700587528825 -6.26915008257429 -6.98951813010143 -8.17883070517119 -7.67903648501649 -8.33155516212055 -9.20251901046113 -10.0094992559742 -11.0278596375766 -13.2644575745369 -15.8053356219678 -18.7299102527938 -19.1630233306703 -19.1893992148792 -20.2726525693095 -21.5520864777425 -22.5371444502515 -22.5913423254945 -22.5920238845846 -23.3897943037352 -23.8546914508339 -25.2238777910035 -26.0793337548543 -26.6759935697462 -28.0476950770465 -28.5118326067444 -30.0498474513773 -30.7878006354389 -30.1538051024922 -30.8024577783409 -29.0637667929348 -27.8330279175527 -27.9792777145884 -28.9427749769245 -32.5082786201932 -34.766742346744 -39.0087774016783 -43.6032322382764 -46.3493561548788 -49.0044532875417 -47.2065760845629 -44.9324138212887 -39.6868250571578 -33.9182630092607 -28.2300176254846
-9999 -9999 -9999 -9999 -9999 -9999 -12.7255670696724 -6.69604535405892 -3.27059772924173 -1.46957275226457 -3.4602912493063 -3.21680293537946 -4.59904198262355 -4.63459445409322 -5.96418573320856 -6.14293241773737 -5.87917281968055 -6.21673850558209 -6.56526074580052 -7.57816204754043 -9.02685682567133 -10.9291609945633 -12.9603809679626 -13.2316183349039 -13.6023278050369 -13.3297877815271 -15.1669277710703 -15.9824558389629 -16.0173180355767 -16.8537853205552 -16.9123603148898 -18.0582332733416 -18.5317691209424 -19.3149998339736 -20.2916831237312 -20.2569754144567 -21.4951321510764 -21.4896270238226 -22.2621068808988 -22.9842236155376 -22.8846656327396 -22.9028163476215 -20.9245571740645 -20.2804120896643 -21.9267084141756 -23.5722081232666 -27.638141061671 -30.3949830438416 -33.6086736156024 -37.0403314696846 -37.8648481800476 -36.2568142916439 -31.3059620409398 -26.1644491604889 -23.4176037118229 -17.444727119506
-9999 -9999 -9999 -9999 -9999 -9999 -9999 -7.3962256111096 -4.24500841758327 -0.960868131645753 -1.7435476722557 -2.33222239911234 -2.62719171541729 -3.00015960143982 -3.35627695288008 -3.92163844058093 -4.92102212783866 -4.58403188109948 -4.59625993279588 -4.61960774741592 -5.14524584244687 -6.27366310455508 -7.92387457262974 -8.29610221846681 -7.94962930774031 -8.15915119368481 -8.78061022245663 -10.1330053879752 -10.6313967823278 -10.7897401714274 -11.3351222198629 -11.6933689097946 -12.4996887248866 -12.9562774734748 -13.1615377997625 -13.8222424602505 -13.9438189169945 -14.5665613273107 -15.122816175963 -15.0137918222419 -15.620782139956 -14.7888044785873 -14.2866640806143 -13.419051270631 -14.500590272586 -16.9452451336224 -18.7834976893468 -21.4134165691009 -23.7963226095959 -25.3982455844379 -25.8573441721894 -23.6999448601023 -20.8012092528016 -17.4103219412375 -14.7927532101061 -12.0949688162735
-9999 -9999 -9999 -9999 -9999 -9999 -9999 -9999 -4.35993926613296 -1.07486112393903 -1.31423460678592 -2.0270990016001 -1.70770134264671 -2.91001523386995 -2.20142923768933 -3.80905153943161 -4.98437223263149 -4.32871397748819 -4.21114807002692 -3.99572047705812 -4.1449955209399 -4.60180250087166 -5.48445343306855 -5.91872278529426 -5.8816239850234 -5.56880437759561 -6.64024257724186 -6.96407193635769 -7.13085344058321 -7.4299900722793 -7.51916039672719 -8.09038192714092 -8.4271894794121 -8.85522043937463 -9.40608316019549 -9.82264403450733 -10.2436979027999 -10.4515370752749 -11.0593806986233 -11.240233801182 -11.2352653432018 -11.2131267946443 -10.5751684892317 -9.818114805968 -11.2558650198599 -13.3269868965079 -15.1086253549164 -16.188700385348 -17.7536718092159 -19.3172585572849 -18.9012841628867 -17.7685649785653 -15.348569814874 -12.7423385718712 -11.615378663408 -9.95058056104132
-9999 -9999 -9999 -9999 -9999 -9999 -2.49751767177571 -8.96876514415971 -3.90031555953278 -0.804366397486865 -1.59753488772886 -1.93187241535483 -1.54534810155029 -1.76529983139923 -1.67622121160515 -4.20048215152063 -4.83794211835767 -4.39657066391943 -3.7885792796263 -3.6925395880856 -3.61825822392321 -3.52097397766181 -3.51591024133299 -3.61242133115795 -3.98124664776495 -4.32086372817099 -4.1420043268221 -4.18283188816976 -4.30365022908078 -4.40366470372659 -4.58306933740725 -4.74586767493801 -5.0706587688591 -5.2834491709552 -5.42790747341558 -5.829276169527 -6.0151190734818 -6.52581427149296 -6.94206993379353 -6.85412969839122 -6.99632568110677 -6.53795883057367 -6.21082576554289 -6.01410311845178 -7.77169876347092 -9.90486378502645 -11.3527509685026 -12.6297292885379 -13.8629740115753 -14.7466150997644 -15.1243439463225 -14.0268132698345 -12.4102715220467 -10.1942277430224 -8.19976540560125 -6.29823402122226
-9999 -9999 -9999 -9999 -9999 -3.65340288014458 -5.88340315131315 -6.34494053003866 -1.92711231366294 -1.0262000695228 -2.36618290411231 -1.73825994867139 -1.64555392186147 -0.958210653762807 -2.96268363068226 -5.78322037518798 -4.52655317553502 -4.18412014502273 -4.0888569223126 -4.26270075507907 -3.93904565215037 -3.76446499627547 -3.24144623414458 -3.08190736946241 -2.86506135781317 -2.51968262254256 -2.49590475278631 -2.41165707071106 -2.46111221198757 -2.74472823492524 -2.68577676164284 -2.84574480933136 -2.89619631565625 -2.95391686230614 -3.16842504826547 -3.16060393928692 -3.57944450891387 -3.89030371956662 -4.2583711083776 -4.40207325572635 -4.42564994627461 -4.47623160526634 -4.19513540698177 -4.52475311440584 -6.32455659848777 -8.50032736135795 -9.80132064721071 -10.6518570784755 -11.6232254362893 -12.7532741101886 -13.5006135088309 -12.2049399097187 -10.9750995235517 -8.98535342091004 -7.0119197283168 -4.83338202682842
-9999 -9999 -9999 -9999 -9999 -1.40674056316273 -7.08527100752325 -2.56911970431503 -1.52129498149392 -0.789124125866206 -1.53665419342226 -1.49095510883056 -0.83255896011872 -0.734151004983414 -3.30349646685697 -6.20397150047082 -5.0961886225564 -4.20910954332086 -3.88000060322638 -3.48391296752735 -3.20850595955515 -2.83703766841229 -2.42654070374124 -2.12030531216219 -1.77458431686822 -1.58765313526386 -1.54633196719447 -1.57636707287589 -1.67920924308764 -1.79974918457455 -1.90152469743031 -1.87735424813412 -1.88983516252691 -1.87046482548992 -1.81035621081659 -1.90013493209489 -2.10250751582603 -2.52379850649111 -2.84227059776975 -3.00852823114694 -3.29926387056454 -3.55673430348191 -3.94737575829529 -4.38778823038767 -5.49475801581589 -7.17777472149114 -8.48487324807636 -9.48429542146234 -10.3594394944135 -10.9978754464832 -11.1702718188754 -10.7233517137187 -9.81031560696104 -8.49479312005327 -7.24228760995769 -6.10527579978551
-9999 -9999 -9999 -9999 -9999 -9999 -6.42581176046363 -1.33523225528308 -0.936078694944771 -0.575243729392658 -1.87217956685875 -2.36802628342016 -1.55900486867781 -1.48420071166047 -3.21207592638763 -7.76784403907155 -5.43211454486833 -4.65083291295584 -4.08588064700824 -3.43386065029018 -3.37083532012662 -2.59411467219915 -2.10794070878096 -1.66571285870199 -1.28282696669127 -1.25289695520534 -1.19690885255938 -1.33612329610294 -1.40236024909683 -1.4588623001265 -1.67506889555111 -1.50231399319352 -1.46407376206984 -1.33139246130025 -1.16802329620661 -1.19927806199065 -1.33789691188817 -1.73033679422261 -2.05955089214285 -2.25984076070222 -2.73987035588405 -3.13622780909752 -3.84012887119038 -4.37048372599017 -4.78366643713111 -6.37522277798766 -7.50437317050264 -8.5959167661636 -9.431449884969 -10.013913191689 -10.0448982375916 -9.9280930049432 -9.46713990398086 -8.7366145312112 -8.25580174301097 -7.79958975913131
-9999 -9999 -9999 -9999 -9999 -9999 -7.71014960911252 -1.69824388827281 -0.89677305780402 -0.84071734793006 -2.96861993736011 -3.80646278892516 -3.22844064238208 -3.57152527369065 -2.00809548659141 -2.41784717838308 -4.38990287076476 -5.64058815658095 -5.44569108743632 -4.12361153622131 -3.2550766246557 -3.01871117856791 -2.81640875522141 -2.40378351659257 -1.67879783756148 -1.37960795989754 -1.54612650463641 -1.83609701223984 -1.95282019710653 -1.78805030511027 -1.63240252277988 -1.59076310703058 -1.49440662779649 -1.33898147811228 -1.16263507120613 -1.11601278081006 -1.32849054776404 -1.68876429428911 -1.95496367900877 -2.1334587811113 -2.45143951627834 -2.92886283810024 -3.52719763913065 -4.01917889843948 -4.42639518148339 -5.4289438199401 -6.65958499729924 -7.84648230078372 -8.83680449599806 -9.67410323756391 -10.2034769917124 -9.99635668952707 -9.76105903850813 -9.51281469679772 -9.45119681992935 -9.44396532267388
-9999 -9999 -9999 -9999 -9999 -9999 -10.0595362381069 -7.38915577002492 0.183564229365989 -1.26279250365502 -4.68395882345468 -6.64176650447016 -5.44546188782164 -5.93886211047878 -4.57063723694488 -2.17187694394986 -1.79268717964553 -5.95818292738756 -6.09261302863504 -4.18484325265326 -3.38374550329113 -3.54744536461255 -4.19778837044258 -3.7561711139282 -2.37194550502548 -1.78063959181909 -1.99448547678178 -2.64236390538043 -2.70488283412347 -2.17900709740299 -2.01137183328581 -1.87124187089984 -1.93222968265585 -1.71942539888434 -1.45530596917889 -1.42501399806125 -1.53688172454883 -1.94139765838692 -2.1154520624294 -2.12365574616846 -2.38365518649913 -2.72332356393757 -3.26213068626845 -3.67101776062015 -4.06401823656213 -4.69487607685853 -5.79111301246935 -7.06492481309338 -8.13935448787875 -9.13440707744217 -10.1627600208949 -9.84052674799646 -9.90532275424391 -10.0019014639834 -10.3606679036522 -10.9113342479765
-9999 -9999 -9999 -9999 -9999 -9999 -9999 -9999 -14.0187139215285 -0.578090444389321 -5.24210129541348 -7.73447490353993 -3.71635908285014 -4.6043738383082 -6.53342103666435 -4.9689513538783 -1.36860392856812 -4.76033496598465 -5.51872770762269 -4.52982285106647 -3.89888132568275 -4.83912291215505 -6.1636287388263 -5.9405508626156 -4.1784601602177 -3.08463786595552 -3.2676024100384 -3.83197283550235 -3.76547514102807 -3.21657784704972 -3.03856397170246 -2.97981665859795 -3.07234849658591 -2.87826894601046 -2.47489413234563 -2.30718181142621 -2.34782275605682 -2.48197136820159 -2.50979451464411 -2.48981685980818 -2.58605980056789 -2.80554009861754 -3.13298115742847 -3.43012985531089 -3.73159319607311 -4.08903152049799 -5.0474713450124 -6.12796259856897 -7.1502419689605 -8.1688985165125 -8.97655575993118 -9.17304556017883 -9.43050052735016 -9.89689791188703 -10.6065293650321 -11.4712260275965
-9999 -9999 -9999 -9999 -9999 -9999 -9999 -9999 -14.3101799219109 -4.14641090765833 -3.40313595533446 -4.63227641376174 -4.35968965757291 -4.69217536542809 -5.63109504655951 -6.26740135495483 -1.25140856927777 -4.00313462377548 -4.83205469845651 -4.02480643565218 -4.56675702914196 -5.90280946186585 -8.18401623856578 -8.06108897568737 -5.62321919837017 -4.56040151766653 -4.64120037428244 -5.39102317420258 -5.26288290976866 -4.2827117354911 -3.9933260330515 -3.91213753177944 -4.27532940972783 -4.08218442747947 -3.50308474924161 -3.38443604319046 -3.19746812103581 -3.25240759947049 -3.10310313797529 -2.91442086573178 -2.91064776543088 -2.92459805143928 -3.12079908631338 -3.27302192891979 -3.48789020372735 -3.8207753191666 -4.39137773307221 -5.28756285547428 -6.14973267404366 -7.09395185590138 -7.88397462318692 -8.1589869483389 -8.60658106625751 -9.35890190848172 -10.4837905801063 -11.7939976547579
-9999 -9999 -9999 -9999 -9999 -9999 -9999 -9999 -9999 -11.6591994635366 -0.801871186110088 -0.99614007557587 -6.31721058458496 -7.19092530975512 -6.00611610995299 -6.82213152304043 -2.37153775357814 -4.30078138238114 -4.99411467490945 -4.8601795268452 -5.29931555424186 -7.30572651193671 -9.42275030959138 -9.46337504568916 -7.63517097686163 -6.18994643967985 -6.20590654948854 -6.61094928222269 -6.50947164398627 -5.7813690831731 -5.31455384075347 -5.28276390748093 -5.40988917261655 -5.13264338526095 -4.69095533531635 -4.60033964787873 -4.3600517974999 -4.21767131575011 -3.94543972304751 -3.57372412574571 -3.3561539568059 -3.20719052355104 -3.17679040447014 -3.2301634892411 -3.28351210742753 -3.56550944101703 -4.13422586778633 -4.9172805800824 -5.6302587867358 -6.24748662888961 -6.92990375970022 -7.37713754671081 -7.69623672854352 -8.58782907121383 -10.1432149762165 -11.9301574832487
-9999 -9999 -9999 -9999 -9999 -9999 -9999 -9999 -9999 -9999 -6.36776877281283 -0.945940396966386 -7.44492578073984 -8.86319988719522 -6.7517087513498 -8.0173500951874 -4.05042673531437 -4.36386517219948 -4.93943344856285 -4.92353929630019 -5.75335527233748 -7.5276764032758 -10.0885755337119 -10.660671500584 -8.77522363282369 -7.76648442594532 -7.69035143422384 -7.92521787294659 -7.73055833292292 -6.95376962021421 -6.65374804419359 -6.5798507818046 -6.8619459992797 -6.61784461062599 -5.99149658218295 -5.61594826059933 -5.28423211121969 -5.18362977529492 -4.77737129155849 -4.23544688221561 -3.92486523328677 -3.61039444151961 -3.42682214024238 -3.3320477083323 -3.35423456762636 -3.60607245492272 -4.16391993573833 -5.05786221397955 -5.90362134315798 -6.68410342066943 -7.51051412221982 -7.97694668387675 -8.5152046488786 -8.87763656781282 -9.93705015050656 -11.7654627286042
-9999 -9999 -9999 -9999 -9999 -9999 -9999 -9999 -9999 -9999 -9999 -12.869125604909 -6.25333832540952 -9.61210303140156 -9.24803719278117 -9.09744126511522 -6.20010079716988 -5.27055347528063 -5.32700067821489 -4.91843032706699 -5.77523839217168 -7.51241140650638 -9.99768345087832 -10.7493766116132 -9.95863279831015 -9.47568853482506 -9.14707913656155 -8.98352960756409 -8.75943876516786 -8.10069462625332 -8.0030641734294 -7.87444821829781 -7.95198950063751 -7.92455383088393 -7.44926472245881 -7.36497177375939 -6.79826706798498 -6.43103569015209 -5.85432103594826 -5.09178595439907 -4.66297170291561 -4.14527789974135 -3.86884535001667 -3.69766082650475 -3.58977187946974 -3.86614261070877 -4.33760239811474 -5.10047771928222 -5.99424221900288 -6.93578606454372 -7.9837164057738 -8.66535920823193 -9.34821339535284 -9.65244750994182 -9.83503118120648 -11.1076206456303
