meets/meet004/_saidas_enm/CCSM_SVM_0k_Cavanillesia_umbellata2.asc
NCOLS 154 
NROWS 168 
XLLCORNER -112 
YLLCORNER -55.5 
CELLSIZE 0.5 
NODATA_value -9999 
[rows 50 to 74 of 168, columns 56 to 111 of 154]
-9999 -9999 -9999 -9999 -9999 -9999 -9999 -9999 -9999 -9999 -9999 -9999 -9999 0.121338696695032 0.111088201608614 0.0997090202904124 0.0870746898736927 0.0498776051307048 0.0275012684563367 0.0115725731644307 0.0584391568792981 0.16947358743228 0.367616957862096 0.398695701480535 0.230307713695354 0.100859816687729 0.0271330398050605 0.0310216302362669 0.0556523445003985 0.0722052923916591 0.0776638231177853 0.0702861193691007 0.0491222482362196 0.0401608115229084 0.416958581728372 1.0925163619002 0.742621029334153 0.389831557350499 0.237411865813705 0.145055594406286 0.12474395173735 0.0882116103474515 0.0714645111891278 0.00756546702240507 -0.0973604051636935 -0.0807637723148361 -0.103539097142323 -0.0670780697574491 -0.0406964075164397 0.0139344585384635 0.0696467259875797 0.0405481986902283 0.182353218012635 0.22717263583513 0.144851150908238 0.0886499174256391
-9999 -9999 -9999 -9999 -9999 -9999 -9999 -9999 -9999 -9999 -9999 -9999 -9999 0.108027916183536 0.0949678569255849 0.08429131009199 0.0601079691570967 0.04932074190908 0.0430586961528339 0.0486291522900262 0.0717536395535256 0.0997837374170674 0.167748399827247 0.139390168491984 0.0534320895317396 0.022549271120428 0.0327309164802574 0.0504755006405292 0.0597778604885666 0.0615726638118688 0.0645152138285668 0.069859839469389 0.0661436840062361 0.0416916839242898 0.161313579413826 0.79278091004095 0.918320882743794 0.510950393463788 0.324153836742808 0.213184423860556 0.156917943027167 0.111582959164486 0.0847432338782499 0.0303615272628757 -0.0438411755457869 -0.0560645640709636 -0.048236015913758 0.00443357671303274 0.051283054703225 0.0630028468235501 0.0510086426134136 0.0698999344303802 0.185507391424686 0.206559895767095 0.136338566296365 0.0572281966105433
-9999 -9999 -9999 -9999 -9999 -9999 -9999 -9999 -9999 -9999 -9999 0.117731247394379 0.0956429377105715 0.0784585538176337 0.0772948717415869 0.0770340584675058 0.0703157281280902 0.0627194084962953 0.0715649332368856 0.0735129001780726 0.075504501356968 0.0676464176001545 0.0504439316921914 0.0362842840484692 0.0338139731754292 0.0415259140913273 0.0513125802788389 0.0530806890184644 0.0512248470787001 0.0580201425858262 0.0665889984598307 0.0618332969182562 0.066254153767744 0.0501259043188039 0.059640300084233 0.474019807409856 0.808265643222867 0.565470798444833 0.309933129182739 0.220545108276447 0.173534607940623 0.125898852336081 0.104779314841531 0.0671353290541884 0.0265774027956169 0.0269115750841072 0.0263966677819825 0.10342943037029 0.13413203771154 0.0441839946847989 0.0493273571310309 0.14074265799328 0.157975882159666 0.15256486605854 0.0970567897055253 0.0358486633419526
-9999 -9999 -9999 -9999 -9999 -9999 -9999 -9999 -9999 -9999 0.11864882371924 0.100388643600413 0.0646663866348423 0.0566234792415607 0.076595506459559 0.0886001102681712 0.0836855567943885 0.074556721647986 0.0727705292956717 0.0748144696672502 0.0691508797825149 0.0567000832637332 0.0478335849067282 0.0437384557373197 0.0450266696221745 0.0484337584855176 0.047660228229446 0.0488674305746721 0.0614166941012443 0.0768005989815794 0.079996605292788 0.0619732445905581 0.0598453675100823 0.051633425014967 0.0383380364891452 0.275184849154555 0.58753766614733 0.491273572684199 0.287386772077491 0.1607236223679 0.150309719320836 0.135848496922332 0.123060812397163 0.0982326714378975 0.0696864752116961 0.0570915329096033 0.0581403896912998 0.066915589390534 0.0225656017027702 0.0671222687511889 0.1790904241082 0.217768901829913 0.133473195355976 0.111169751950568 0.080487038921583 0.0474196458871977
-9999 -9999 -9999 -9999 -9999 -9999 -9999 -9999 -9999 -9999 0.084655189699768 0.0496680830862725 0.0365534454133892 0.0493441522537117 0.0808379036480107 0.0961208244759194 0.0800028605328012 0.0674848765981447 0.0665634084857615 0.0632712603562124 0.0589982590060784 0.0494145547183816 0.0457926774179057 0.046243040356688 0.0481898693623725 0.0487947517106703 0.0564824273291285 0.0741285101882483 0.0772362002934933 0.0701799002068301 0.0783625661282352 0.0652314569822434 0.0536813913494903 0.0520268917621177 0.0339782652635839 0.141701787761426 0.368707500346549 0.37138093753079 0.27881729344374 0.164592975653053 0.103758464345185 0.132980074368913 0.141304279654846 0.126124765155704 0.0826805455039381 0.0256030068078925 -0.0153926023865882 0.0239115427492708 0.150127459584005 0.27550845002391 0.349130596893919 0.299984283608805 0.197104899169976 0.135167777641981 0.114810057637404 0.0817144744018528
-9999 -9999 -9999 -9999 -9999 -9999 -9999 -9999 0.112073685562834 0.0632739346602235 0.133083933395823 0.0856618099699971 0.0385839271069524 0.0518999598747546 0.0776861375260621 0.0897931195588981 0.07540204319661 0.0572093164800036 0.0556323958878035 0.0500082544152759 0.0475121673019406 0.0489878639614342 0.0498347319742528 0.0510730978934787 0.054261889937171 0.0529264747158587 0.0519907610730435 0.0496053133437865 0.0491780437203585 0.0499976917760772 0.0496032400675658 0.0489369829202886 0.0494488910430372 0.0502227225734695 0.0350632616243866 0.0512450707523535 0.166672742195773 0.250430414446496 0.245120597870268 0.177739224641877 0.130412289604416 0.0956647761196366 0.11291300384314 0.0800229428332452 0.0209503040602738 0.114526462933111 0.266755598081465 0.399905536324822 0.466068892558318 0.48301407767867 0.414362501211012 0.323119731531301 0.2313723058475 0.189130319009359 0.208200298693306 0.130344834826275
-9999 -9999 -9999 -9999 -9999 -9999 -9999 -9999 0.0735873650577683 0.125837153892471 0.367262803133229 0.0959940902929413 0.0120046126347544 0.0499368479831961 0.075675112743925 0.0841805018994469 0.0727320000252318 0.0566967137078148 0.0538403463091524 0.0501473861779897 0.050186442481912 0.049740824256606 0.0492463861083208 0.0483579633656664 0.0479129285823754 0.0483308738419381 0.0484873133747543 0.0487588762303456 0.0491100751422099 0.0494169621041725 0.0498154491053203 0.0496925713157121 0.0500244908126986 0.0492423586257884 0.0406131802445549 0.0347423788782042 0.051266692597762 0.0959971612175016 0.125891309029222 0.111621532799493 0.0870633869609718 0.0678767432095252 0.0650552624406177 0.137270760289587 0.242449545004776 0.346951322307517 0.344151062812696 0.321439096659123 0.275953835438858 0.21242837915984 0.183851864021667 0.159028452586364 0.136487503646922 0.181443988422584 0.304584870704869 0.232533034404793
-9999 -9999 -9999 -9999 -9999 -9999 -9999 0.0996681983981937 0.0629386823754473 0.341089703461355 0.341978521989804 0.0755433068927241 -0.0168060850350131 0.0421427884699167 0.0737441213972812 0.0792735923312984 0.0730123330511213 0.0626077665522052 0.0571554068137284 0.0490332243165225 0.0469040680904279 0.0463940198063841 0.046158601711982 0.0465116075053584 0.0474546432605439 0.0488014952585913 0.0491872049721003 0.0494748629448496 0.049599259765418 0.0492222530032765 0.0485273553177763 0.0481725538261066 0.0477747855089175 0.0471750273057656 0.0456291924933909 0.03811728133325 0.0386639784693876 0.0447829618231382 0.0478979564373413 0.0484130165070751 0.050373762912658 0.0533586028086303 0.0621647955612007 0.0880633620008543 0.102667523725108 0.105332197812768 0.0765172359113168 0.0599668281483152 0.0501826941488504 0.0465824557626244 0.0490464799197552 0.0500962841304111 0.0610800081312605 0.142502757955418 0.348080202476912 0.358695709042062
-9999 -9999 -9999 -9999 -9999 -9999 -9999 0.0853591338423726 0.205262055895799 0.546748788265227 0.273086055491244 0.0501362434776907 -0.0314171002807701 0.0445808724298828 0.0816016547554423 0.0792372168958781 0.0794302787312327 0.0678413051793803 0.0582775689026763 0.0510002931221424 0.0464164353664598 0.0441468103193858 0.0434139101692186 0.0421127728450454 0.0404912285140601 0.0409592541663734 0.0398496837482536 0.0408082494958179 0.0401162542553921 0.0384153291721825 0.0392724623660168 0.0397327132047325 0.0413531482387176 0.0424226569294684 0.0434143192539641 0.0459026991043656 0.0389000299311989 0.0314991405823589 0.0277806105313766 0.0257624733940156 0.0215320177059262 0.0211811817035811 0.0235634800029205 0.0292720856610648 0.0360174058923565 0.0411584186140814 0.0483633733253856 0.0501189671910783 0.0508104074868869 0.0473550978302936 0.0463424920333859 0.044196144110927 0.0480783763226091 0.0987668297162634 0.303410907588367 0.451414572058565
-9999 -9999 -9999 -9999 -9999 -9999 0.116789990617549 0.10015576653478 0.340108718674412 0.547285550917909 0.242837265824748 0.0597026315066105 -0.0144907241469303 0.0777519814055273 0.095718874967139 0.084139582992003 0.0757189106590984 0.0628768311125913 0.0492487161514771 0.0440918728353986 0.0391779293935949 0.0343873914482359 0.0308895806791254 0.0281263980413984 0.0267498465351876 0.0258912689144113 0.025099398114182 0.0237777851351955 0.0234235546502847 0.0251383575435842 0.0265696186737393 0.0290297016116527 0.0312951435038874 0.0333624098013074 0.0360049096456551 0.0376846470414898 0.0396524199472439 0.0406592867212014 0.043468207574078 0.0453951401467715 0.0460417122015225 0.046663917884731 0.0431746557547575 0.0391564883170288 0.0404024319715033 0.0457659204355843 0.0497465293310932 0.0549789615081989 0.0587590404263702 0.0596761277381317 0.0641895019462138 0.066773035724987 0.0807805272317368 0.0970093287289415 0.238520016678886 0.443097765062276
-9999 -9999 -9999 -9999 -9999 -9999 0.131213767029196 0.0816862418725479 0.146078740363538 0.343953921156283 0.1949683894038 0.0299246145406576 -0.00990068032329833 0.060675426610718 0.0816234701013921 0.0820687016176758 0.0700780654397322 0.0564893818013547 0.0505530297045307 0.050478516006648 0.0440726023672046 0.0414365414949929 0.0411159913073127 0.044931841457812 0.0442729422543667 0.0388276905724317 0.0409044205574789 0.0419072136524505 0.0421050339124436 0.0393594800692774 0.0339013075559519 0.0309496032489346 0.0272560280210252 0.025634095258556 0.0246474087856075 0.0227951259596456 0.0212405788820677 0.0208837151631976 0.0209506779085691 0.0222655930067838 0.0266540096601418 0.0348469052119305 0.0458892192825798 0.0607918921226268 0.0771253498998878 0.0848754691583225 0.0939575207731247 0.0975217163657585 0.10233903667499 0.11225585100738 0.121286950021815 0.148277858506066 0.175781072725311 0.205260473619119 0.193593536301386 0.343889371053092
-9999 -9999 -9999 -9999 -9999 -9999 0.168454236941279 0.0741022652065857 -0.0488037887200815 0.134525840005851 0.143116462690146 0.00646314088030386 -0.0437408067774355 0.0285877940990876 0.0556385383610939 0.0772456765977647 0.0720629255324526 0.0718467541556736 0.0920111612299921 0.103550389391607 0.101689713283037 0.121816660198078 0.147167549293231 0.16366344452539 0.143938214314717 0.130533964199934 0.126561068436216 0.128774685809972 0.125386099253516 0.110224455447479 0.100029894778683 0.0855450358473426 0.0739836170277552 0.0619120530175803 0.0475394347403 0.0402702405525153 0.0379529219637696 0.0430040893929731 0.055530081769143 0.0712683259778784 0.100237518213059 0.116554464948951 0.141591391978635 0.147264169295409 0.141136126869012 0.137792354390154 0.138351634760505 0.146400532398925 0.158106216493534 0.173650043447326 0.206396682370628 0.24864994754087 0.31470588184621 0.359088100026433 0.322431913086128 0.301606300085766
-9999 -9999 -9999 -9999 -9999 -9999 -9999 0.0821445153691973 -0.096410804158199 0.00296274199733576 0.116883448488978 0.0108227022155262 -0.0792465131094169 -0.0253206417148958 0.0185391981165 0.0571946988873911 0.0730190014787538 0.116554946607445 0.178208690662958 0.224163694246626 0.258087955040982 0.312060656069985 0.356244822640454 0.375422990871051 0.357765430769407 0.326078432690101 0.322770251373171 0.310810217255553 0.293209564351343 0.280352711115379 0.259696232570169 0.245925170703544 0.219042766001127 0.204749249041773 0.195220869950899 0.181943425625414 0.189705650267998 0.194802287608846 0.233933095037085 0.282245603553896 0.300678016118238 0.309476043791881 0.282733711917462 0.248690233899099 0.22222374220225 0.196602537727709 0.199233102895563 0.209834600211639 0.234289498898374 0.273018250702952 0.324772518882645 0.413563704854532 0.496583491845616 0.555343061074494 0.543535843823034 0.502215083301422
-9999 -9999 -9999 -9999 -9999 -9999 -9999 -9999 -0.109812365730189 -0.043033106194516 0.152236813429236 0.0358165982698277 -0.100319079668647 -0.051210918968383 0.00398183520944834 0.0500247686734321 0.0879666879355285 0.179161856574757 0.280367973168925 0.345129545784026 0.415516929562667 0.477396931209708 0.537705358480647 0.555237514406665 0.531340011425721 0.505814085074638 0.502182531663734 0.486008568490151 0.457012126282706 0.424018471512752 0.421607439875762 0.407857098740344 0.396119655008431 0.387713905333334 0.38695545318292 0.399560460644885 0.40023892671563 0.421666569515229 0.441515241938807 0.458442933372824 0.441668829852334 0.389602752987212 0.329803225106054 0.268560889851917 0.225682893124048 0.190529817093133 0.197066914542157 0.212895604698704 0.242278734247687 0.283966774800699 0.347114047890993 0.44940054011213 0.552562391181159 0.636999394641432 0.652343105920677 0.642402391743406
-9999 -9999 -9999 -9999 -9999 -9999 0.0676141530770767 -0.0681349209340786 -0.193109224335074 -0.0381490044802923 0.102136022545639 0.0216004720387336 -0.101697763797384 -0.0712701866557544 -0.0141313801698158 0.0691641224895009 0.129880371757929 0.212661722168767 0.327994245246174 0.427932372260619 0.509046050174246 0.572892776457011 0.605841521756294 0.622322579482208 0.623818255916477 0.614008034423381 0.599714311597173 0.569525316710631 0.531740597266585 0.494142726730988 0.472647239688272 0.488640789644859 0.499323008150474 0.507817238709168 0.522901625402082 0.535340335485601 0.553516817376891 0.564962954770806 0.574782503547931 0.562080274015715 0.48610831528323 0.395541696847688 0.305001509823794 0.232769071940283 0.183083920581324 0.156742071037707 0.15583558918436 0.172263935387869 0.198584627287004 0.231488792787041 0.28535689931944 0.374428510275441 0.477878906446289 0.574446396423702 0.635174965169004 0.653809945024865
-9999 -9999 -9999 -9999 -9999 0.0878058924187696 -0.062929896548727 -0.213099104808121 -0.183749961295741 0.000269742517741145 0.0801554230148264 0.012226886289103 -0.0964423068211852 -0.0729536446982114 0.0123259167909112 0.143557622871451 0.183633860972694 0.264250941598526 0.348658893683447 0.469996255047837 0.545049025941985 0.603663303784193 0.603010395929865 0.608376700462967 0.618963501348979 0.591701706245239 0.564133975593818 0.515107996764079 0.474306914558083 0.45574967649608 0.428058573529162 0.427950234831308 0.439769128278877 0.459245869363323 0.494385287484013 0.522783848826554 0.557049037598422 0.576603973394598 0.580768281013285 0.540199347640227 0.422240812222052 0.32749137156638 0.234926462954236 0.171493832219483 0.130973773269175 0.101586401298575 0.111043322046556 0.117614795092698 0.135550852717461 0.159194281569985 0.185449491448472 0.263049504469282 0.337724356916723 0.409998474023342 0.467589584860457 0.479542959597939
-9999 -9999 -9999 -9999 -9999 0.0282278436718246 -0.130936663353644 -0.234965038241928 -0.102799712491259 0.0354920249963262 0.0661308871840088 0.0251081946480125 -0.0370259292193953 -0.0200173759764793 0.0517409626331601 0.14399299214078 0.176974448562295 0.275886365370482 0.378539194950952 0.480722458454997 0.560869819862536 0.595000305139052 0.594127468921054 0.583847315446853 0.55090981752683 0.510623653965795 0.466873081102701 0.424747438027658 0.386687430708651 0.362218888411245 0.350044763999264 0.354126966566486 0.373494399703873 0.395144929238779 0.429340026743227 0.466394430143036 0.487343837067517 0.49682773242216 0.490922218157095 0.458339307275269 0.356902109871372 0.259370470534544 0.182737472137804 0.129275661773199 0.0925885931428482 0.0737610718190161 0.0701691929210535 0.0760216472705232 0.0883313044597044 0.0986967083964563 0.120032188708852 0.159628451661586 0.206845608456 0.245625099271969 0.269073941045218 0.279329308975561
-9999 -9999 -9999 -9999 -9999 -9999 -0.136199278506475 -0.194268607237056 -0.0208134768349335 0.0390728301019827 0.0679137161513957 0.0504566753285652 0.0171440917063772 0.0226327458593306 0.0545992007206031 0.144131612356367 0.140287930798712 0.264563583805744 0.371805568771442 0.452575140460624 0.537547097876094 0.533671830027866 0.534084017083554 0.504504984134794 0.455817932214564 0.419466892916473 0.371714551965157 0.342065670213878 0.310012697109385 0.287373218223883 0.278865260268857 0.27702993450528 0.293167665479384 0.30495902793598 0.325289452277485 0.351559780110957 0.357802905181606 0.364014913849575 0.359009697016128 0.34346176442301 0.281470230437176 0.201054659991614 0.136860267645584 0.0943517081842848 0.0611797665619075 0.0441651923379977 0.0401992135569226 0.0409420342538648 0.0467235018639473 0.0500329494263665 0.0563263623370755 0.0746702829837777 0.0927463334337779 0.0995169708180283 0.095875170816125 0.0978004827312645
-9999 -9999 -9999 -9999 -9999 -9999 -0.0419710323774669 -0.15619147706812 -0.0179191978959879 0.0571174531336792 0.0843396293701787 0.0734889626933663 0.0154665329374668 -0.0194847733263802 -0.0109513862934255 0.0188071477638522 0.089439808440244 0.217731995512451 0.318583801007925 0.391873556865147 0.4353278794714 0.456051842920397 0.458897533088113 0.434422491438935 0.38813493917361 0.342626385974257 0.320157355884217 0.302333560460258 0.282619839542907 0.267133202278384 0.25613872335355 0.256492953140043 0.261992281787498 0.264969753126575 0.269560098953046 0.272278613544483 0.274150686391178 0.271786784294832 0.264394720161728 0.255609907997307 0.236117293256697 0.176559362755162 0.126655668696453 0.0890274335763017 0.0592065182123286 0.0417417560790427 0.0335848443838165 0.0313461025935511 0.0364528900303541 0.0409083949703833 0.0446377221196587 0.0391849751359807 0.027152358069452 0.0191894481350298 0.00840518362611109 -0.00202758781324253
-9999 -9999 -9999 -9999 -9999 -9999 0.110175930792931 -0.103303884537125 -0.0920785769699562 0.0392345139869713 0.0907421342839442 0.0951904485612934 0.0284878964517387 -0.0140756503213458 -0.0226808540921354 -0.0168491853827518 0.0120357391041563 0.14122614055638 0.237027881451974 0.297802013631807 0.344619445482026 0.361150454588129 0.376662186231387 0.355248762703204 0.312891028273165 0.288025108184232 0.272347046801882 0.266120585561238 0.256257950088381 0.253979033798556 0.256261768954531 0.257988410591115 0.261222843743915 0.260420692376256 0.253736306129135 0.24580557512971 0.232623563753013 0.226409312524548 0.212061630931227 0.18866225801915 0.184155043757262 0.148704018856226 0.119486340803289 0.0910657285045087 0.0559944454264432 0.0457857942514617 0.0303475794009638 0.0304588392832476 0.0307253678275486 0.0253160503917305 0.0378393419995274 0.00524040092471267 -0.0155923749814442 -0.0351254939822742 -0.0587791067062191 -0.0586555442003804
-9999 -9999 -9999 -9999 -9999 -9999 -9999 -9999 -0.0672397766663305 -0.0439987584031279 0.0751183982911454 0.0929924836314085 0.0397625211931215 0.0116204085369818 -0.0042367033099841 -0.00409597116125843 -0.0119144910338863 0.0477146022965145 0.153865235224263 0.242399510758983 0.281248119899403 0.3057438031986 0.315426654328962 0.295759091839494 0.266599039843968 0.244074681347792 0.235821626549232 0.222118555815217 0.216181833872265 0.228226550961797 0.245508449722464 0.251784855378947 0.254259842643697 0.260166913882686 0.26356731370235 0.258558521142418 0.246923689632996 0.231582151904729 0.2127043454924 0.193207000806502 0.171651623985719 0.155979240311039 0.136997402257772 0.11169456135011 0.0862551184603769 0.0668168586289296 0.0539068156131705 0.043953232702396 0.0410350449687785 0.0380926139188162 0.0263244368726046 0.00235892823349609 -0.0325579896373696 -0.054569551733977 -0.070714610961292 -0.0782859399154393
-9999 -9999 -9999 -9999 -9999 -9999 -9999 -9999 0.13525242567901 -0.109504502807878 0.0385538448396428 0.0739039059623929 0.0396697891340033 0.0284642095251014 0.020120934993792 0.0223409916498078 0.0149378156197938 0.0554249548327923 0.139832414172719 0.209855575864076 0.245480195242644 0.25733947547463 0.255347785714461 0.230334968011073 0.211517096012812 0.200563922047177 0.189474207854057 0.171151143702595 0.163671711485371 0.18143893194649 0.204389990412285 0.213463468490059 0.21007860051416 0.223509972762437 0.246372459994687 0.256672603425521 0.25376340097658 0.239850604797241 0.225551401546577 0.206358428040241 0.186418510854484 0.165306847545921 0.149537879364555 0.131981109428521 0.103405994276734 0.0877208914641175 0.0666182034908998 0.050253358401181 0.0360862285164017 0.0152186815426423 0.00732503183267774 -0.018413776342507 -0.0425322596659118 -0.0631021037095307 -0.0805112907663655 -0.0806496221840732
-9999 -9999 -9999 -9999 -9999 -9999 -9999 -9999 -9999 -0.102179770749105 -0.0603620101004543 0.0166796386645924 0.0246187074052803 0.0528102340855645 0.0555248250379539 0.0593030097868914 0.084696024563668 0.142228836392537 0.205540671860841 0.233383327957538 0.232472985436414 0.230000096720392 0.215945037426902 0.183024523551684 0.169967142594329 0.16265066015221 0.150400175264452 0.128970693256667 0.122334269302887 0.133035280813966 0.150391065958385 0.154400852587625 0.150214450080617 0.162851513972757 0.189260983035272 0.213234271831132 0.218520985785325 0.21642165075396 0.215282760281782 0.209303418906445 0.200169998708547 0.184125850572454 0.166842419901471 0.148280289908056 0.128756546017728 0.104797364756073 0.0810865697780934 0.0531550119109637 0.0292109985018603 0.0121630789076967 -0.00409704163405533 -0.0182878227180719 -0.0361746346517259 -0.0484879185613066 -0.0673960740544127 -0.0788895973146246
-9999 -9999 -9999 -9999 -9999 -9999 -9999 -9999 -9999 -9999 -0.138251692584598 -0.0895348087628291 0.031918605693958 0.0933825803385434 0.106568312840726 0.107079173715615 0.168867410525694 0.274691527913653 0.293400612653705 0.2636531638683 0.226470023445641 0.204142107509823 0.17899237480145 0.146650950064046 0.125609742326165 0.119147703713704 0.106850575353372 0.0873621638120899 0.0808554097258938 0.0899631780867405 0.101752338936296 0.103330411164497 0.0948746860175436 0.101695395801514 0.123077748590861 0.142098249182093 0.152923279726204 0.155130413114705 0.164938244145668 0.174615627555138 0.177830107509155 0.171683612623704 0.163479692016584 0.154395095816263 0.13823778544787 0.118104261737166 0.0899438110432066 0.0562821685315978 0.0252254090493437 -0.00454468772965921 -0.0209471629930494 -0.0306170463210688 -0.0370907464557736 -0.0441198673505379 -0.0646938040161405 -0.0747590665829631
-9999 -9999 -9999 -9999 -9999 -9999 -9999 -9999 -9999 -9999 -9999 -0.0485630849559317 0.0501399013129471 0.173918159846523 0.183983550716379 0.159723806522779 0.202232672933338 0.382588277392274 0.387090782046984 0.296013670273178 0.233644171217806 0.191912673202609 0.150237656947607 0.114236180207356 0.0946395280792712 0.0810118693308577 0.0707404773821769 0.0556332829706869 0.0499119158669505 0.0545880128597996 0.0592965969018936 0.0612321912436032 0.0555523005614815 0.0581897952822003 0.0651625199178569 0.0674263214029324 0.0809728894764919 0.0852444955483336 0.0987404343430437 0.114399873687997 0.121965946147722 0.131800429799715 0.128880629473213 0.131582351383629 0.134318832313539 0.121795877856872 0.0893273035547603 0.0499057651570055 0.0145629960672119 -0.0156103626556467 -0.0326313656763765 -0.0415864222294922 -0.0516280496455249 -0.0560506901204439 -0.0599017948775032 -0.0595926717361028
