meets/meet004/_saidas_enm/CCSM_Maxent_6k_Cavanillesia_umbellata1.asc
NCOLS 154 
NROWS 168 
XLLCORNER -112 
YLLCORNER -55.5 
CELLSIZE 0.5 
NODATA_value -9999 
[rows 50 to 74 of 168, columns 56 to 111 of 154]
-9999 -9999 -9999 -9999 -9999 -9999 -9999 -9999 -9999 -9999 -9999 -9999 -9999 0.0320539809763432 0.0824912637472153 0.103014960885048 0.101547814905643 0.134776756167412 0.275072067975998 0.31404435634613 0.339476317167282 0.393919885158539 0.288394868373871 0.26317885518074 0.284222275018692 0.403144687414169 0.373276978731155 0.357662200927734 0.334573447704315 0.217794433236122 0.20473837852478 0.217642828822136 0.237249091267586 0.229872718453407 0.236751288175583 0.398798584938049 0.255233258008957 0.241499572992325 0.207072153687477 0.198530852794647 0.197940036654472 0.192180335521698 0.186834797263145 0.166418090462685 0.0356823913753033 0.0360724814236164 0.0582256726920605 0.076364628970623 0.125741511583328 0.213801339268684 0.222196727991104 0.20762412250042 0.44577744603157 0.442366123199463 0.445795387029648 0.209039181470871
-9999 -9999 -9999 -9999 -9999 -9999 -9999 -9999 -9999 -9999 -9999 -9999 -9999 0.0373755991458893 0.0753010436892509 0.0895228683948517 0.122787460684776 0.17967115342617 0.307514578104019 0.346912175416946 0.377597838640213 0.408502042293549 0.308102458715439 0.309825539588928 0.31560742855072 0.393608629703522 0.368883818387985 0.335283190011978 0.298313289880753 0.258524775505066 0.248161181807518 0.203520700335503 0.167356476187706 0.241105169057846 0.241222605109215 0.299787580966949 0.304209351539612 0.285675644874573 0.25981730222702 0.234373778104782 0.232084453105927 0.221214413642883 0.208846881985664 0.133902668952942 0.0371117815375328 0.0423121452331543 0.061332929879427 0.0906926020979881 0.190591081976891 0.212797969579697 0.2104232609272 0.446347266435623 0.441732496023178 0.437708795070648 0.440020769834518 0.211447268724442
-9999 -9999 -9999 -9999 -9999 -9999 -9999 -9999 -9999 -9999 -9999 0.0402234978973866 0.022951228544116 0.0396935902535915 0.0547075532376766 0.103362753987312 0.150046706199646 0.197445839643478 0.235471427440643 0.255999356508255 0.276583880186081 0.280224233865738 0.283561229705811 0.281812816858292 0.269895941019058 0.363371789455414 0.300767064094543 0.186713606119156 0.156413093209267 0.132662728428841 0.180048704147339 0.2235287129879 0.152480825781822 0.236156210303307 0.264640539884567 0.293552875518799 0.291875451803207 0.291044563055038 0.269373118877411 0.238294452428818 0.247547283768654 0.237020298838615 0.221272066235542 0.145605817437172 0.127554565668106 0.14217934012413 0.20413900911808 0.267009377479553 0.445156842470169 0.441702514886856 0.432328999042511 0.431947708129883 0.431269258260727 0.429680645465851 0.436416804790497 0.214782401919365
-9999 -9999 -9999 -9999 -9999 -9999 -9999 -9999 -9999 -9999 0.0530397705733776 0.0369744896888733 0.0260213762521744 0.0250567365437746 0.0529050901532173 0.104204997420311 0.149561658501625 0.183545663952827 0.208871975541115 0.217978924512863 0.223595798015594 0.218633726239204 0.208807170391083 0.206606686115265 0.203078806400299 0.188850879669189 0.147329747676849 0.116585433483124 0.0941114127635956 0.0821751281619072 0.0858160853385925 0.0850765332579613 0.127469837665558 0.225291863083839 0.282076120376587 0.300475299358368 0.299728840589523 0.294891834259033 0.281260371208191 0.262735515832901 0.249982163310051 0.23150210082531 0.178896710276604 0.1682448387146 0.187470152974129 0.230123087763786 0.294192880392075 0.428474456071854 0.457930654287338 0.525874853134155 0.52177482843399 0.519395709037781 0.417490243911743 0.418238252401352 0.423726171255112 0.21191294491291
-9999 -9999 -9999 -9999 -9999 -9999 -9999 -9999 -9999 -9999 0.0694753751158714 0.0628473982214928 0.0398065038025379 0.0506181716918945 0.0522170327603817 0.0842878222465515 0.121663257479668 0.153898686170578 0.173073202371597 0.172095686197281 0.16872863471508 0.159286364912987 0.14863021671772 0.14122000336647 0.128381416201591 0.103392124176025 0.0815740004181862 0.0611105486750603 0.0486309416592121 0.0436662845313549 0.0376788973808289 0.0561059042811394 0.0988490059971809 0.139719471335411 0.266473263502121 0.298173099756241 0.30391138792038 0.313078641891479 0.309381186962128 0.307825356721878 0.315542936325073 0.297789812088013 0.225105255842209 0.245547935366631 0.281767666339874 0.530501484870911 0.53000545501709 0.522650182247162 0.51533454656601 0.506320238113403 0.497264176607132 0.491060078144073 0.489354312419891 0.389762043952942 0.39387908577919 0.436701625585556
-9999 -9999 -9999 -9999 -9999 -9999 -9999 -9999 0.0593171045184135 0.111207231879234 0.187714129686356 0.116932153701782 0.0688432976603508 0.0779903084039688 0.0711058080196381 0.0587542988359928 0.0861178338527679 0.118838407099247 0.133809790015221 0.132466092705727 0.124149695038795 0.11312497407198 0.100987769663334 0.0893992111086845 0.0750158652663231 0.0532994754612446 0.0404555015265942 0.0289201438426971 0.0268886033445597 0.023256029933691 0.0224730093032122 0.0372201316058636 0.071414403617382 0.126400306820869 0.239491492509842 0.28884494304657 0.308866560459137 0.31880709528923 0.33100363612175 0.336768120527267 0.347912847995758 0.289171308279037 0.275235712528229 0.403888732194901 0.426567614078522 0.416684150695801 0.510952532291412 0.494698911905289 0.480936288833618 0.470368415117264 0.460022032260895 0.457333266735077 0.453488737344742 0.355854153633118 0.362246930599213 0.408292949199677
-9999 -9999 -9999 -9999 -9999 -9999 -9999 -9999 0.0580960437655449 0.19308203458786 0.263224810361862 0.260261088609695 0.1422059237957 0.125095337629318 0.104352928698063 0.0836353451013565 0.0649214759469032 0.0807958021759987 0.0941477939486504 0.0853051096200943 0.0737059637904167 0.065744161605835 0.0585751906037331 0.0503258034586906 0.0376995615661144 0.0269854683429003 0.0277472026646137 0.0253407880663872 0.0182311777025461 0.0219986662268639 0.0251271557062864 0.0302892029285431 0.0555925332009792 0.0978139787912369 0.142493858933449 0.262466490268707 0.296567291021347 0.323082745075226 0.336785852909088 0.283368140459061 0.270875632762909 0.366202682256699 0.397219777107239 0.407215863466263 0.399533152580261 0.388725310564041 0.376242637634277 0.459476500749588 0.443189471960068 0.428801745176315 0.419465214014053 0.416627317667007 0.415765970945358 0.32409942150116 0.327637732028961 0.382438689470291
-9999 -9999 -9999 -9999 -9999 -9999 -9999 0.102587185800076 0.143148362636566 0.229651302099228 0.285750329494476 0.294192403554916 0.283185094594955 0.257558226585388 0.226452633738518 0.123730458319187 0.1017956584692 0.0799016281962395 0.0555982775986195 0.044621467590332 0.0486350767314434 0.0482426881790161 0.0481158792972565 0.0382328256964684 0.0511467419564724 0.0347417518496513 0.0374765917658806 0.0408710949122906 0.0419144593179226 0.0426681451499462 0.0411161817610264 0.0412480346858501 0.0435383543372154 0.0725450292229652 0.116490922868252 0.157140538096428 0.193465396761894 0.223001644015312 0.244773760437965 0.247720390558243 0.265064209699631 0.367498815059662 0.384736269712448 0.376378744840622 0.364321261644363 0.351108759641647 0.333184570074081 0.315008878707886 0.298169106245041 0.312237769365311 0.280649274587631 0.278082758188248 0.283285617828369 0.288631290197372 0.293072372674942 0.364007622003555
-9999 -9999 -9999 -9999 -9999 -9999 -9999 0.147074699401855 0.212923154234886 0.290736794471741 0.319933027029037 0.3191978931427 0.306751012802124 0.285858005285263 0.274683177471161 0.242268547415733 0.14631412923336 0.119602434337139 0.0773006752133369 0.0682065412402153 0.0588442347943783 0.0575425997376442 0.0567496530711651 0.0615812875330448 0.0662994608283043 0.0684515833854675 0.0733723416924477 0.0738987103104591 0.0765962824225426 0.0814186856150627 0.079242929816246 0.0786887779831886 0.0734262391924858 0.069302074611187 0.0939913913607597 0.126621007919312 0.15815095603466 0.191021308302879 0.211328864097595 0.221364319324493 0.236997663974762 0.322998106479645 0.335799366235733 0.320202112197876 0.298825949430466 0.281007707118988 0.254699289798737 0.235718041658401 0.218414217233658 0.216098561882973 0.223095834255219 0.236631259322166 0.245124384760857 0.254851788282394 0.26651605963707 0.341761529445648
-9999 -9999 -9999 -9999 -9999 -9999 0.226265221834183 0.237521722912788 0.297753155231476 0.334770202636719 0.337336272001266 0.341675698757172 0.323941677808762 0.301164925098419 0.307507008314133 0.298133313655853 0.199167221784592 0.169325619935989 0.113345235586166 0.0999233573675156 0.0876405537128448 0.09037846326828 0.0933864787220955 0.100174203515053 0.104002200067043 0.106735721230507 0.112009182572365 0.121008068323135 0.125733464956284 0.124458894133568 0.124238342046738 0.12190118432045 0.12165530025959 0.120129235088825 0.115392178297043 0.13422155380249 0.161075353622437 0.259034812450409 0.28448498249054 0.290766596794128 0.280169188976288 0.266952961683273 0.248207315802574 0.226567566394806 0.229216948151588 0.240933567285538 0.244794324040413 0.252890676259995 0.257897794246674 0.261863589286804 0.270017594099045 0.277582883834839 0.290638327598572 0.301448285579681 0.300916761159897 0.320144712924957
-9999 -9999 -9999 -9999 -9999 -9999 0.327344328165054 0.322372496128082 0.356181025505066 0.375843524932861 0.382892638444901 0.370337128639221 0.350039958953857 0.339346528053284 0.332290410995483 0.346211731433868 0.241353586316109 0.21121820807457 0.150033310055733 0.140645936131477 0.131014361977577 0.136987924575806 0.144385606050491 0.15411052107811 0.159391582012177 0.160286754369736 0.233595669269562 0.243694454431534 0.250112861394882 0.253985494375229 0.252720713615417 0.253920912742615 0.251839101314545 0.249201536178589 0.247875988483429 0.242135614156723 0.243097960948944 0.241062998771667 0.242814585566521 0.249979972839355 0.252087831497192 0.263415157794952 0.271749258041382 0.28006312251091 0.114958234131336 0.295937448740005 0.301939308643341 0.303175061941147 0.304636985063553 0.309488564729691 0.126324355602264 0.131058856844902 0.135600492358208 0.139837920665741 0.142264112830162 0.345206826925278
-9999 -9999 -9999 -9999 -9999 -9999 0.392445921897888 0.365641385316849 0.388526260852814 0.401742786169052 0.410048544406891 0.396971046924591 0.378249943256378 0.365391194820404 0.382640451192856 0.395621240139008 0.295001447200775 0.266468912363052 0.190056338906288 0.177761077880859 0.170584991574287 0.187360003590584 0.27828386425972 0.293548554182053 0.292591959238052 0.28928878903389 0.299654334783554 0.306070894002914 0.306512892246246 0.301823765039444 0.302197575569153 0.296489715576172 0.294962584972382 0.291001468896866 0.284973233938217 0.284816324710846 0.280884832143784 0.283573001623154 0.284762740135193 0.288966655731201 0.296098679304123 0.120088919997215 0.126179292798042 0.130242213606834 0.13323912024498 0.136364653706551 0.13613523542881 0.137755692005157 0.138431206345558 0.139012813568115 0.142041519284248 0.144586637616158 0.150403529405594 0.155226811766624 0.156919956207275 0.161627382040024
-9999 -9999 -9999 -9999 -9999 -9999 -9999 0.396211177110672 0.40424320101738 0.420423477888107 0.433455526828766 0.419906705617905 0.402752161026001 0.396293938159943 0.411974877119064 0.435598194599152 0.459578663110733 0.435874789953232 0.251750826835632 0.241785496473312 0.230265811085701 0.330347657203674 0.351602822542191 0.350941389799118 0.350417107343674 0.347668409347534 0.347871452569962 0.346698254346848 0.34748700261116 0.346071988344193 0.342549294233322 0.340319156646729 0.335406064987183 0.3326595723629 0.33064129948616 0.326786190271378 0.326841741800308 0.325899243354797 0.327498883008957 0.333570927381516 0.138631701469421 0.142914623022079 0.146262899041176 0.149614572525024 0.15189902484417 0.152193710207939 0.153034150600433 0.152872815728188 0.153067827224731 0.154304012656212 0.156153410673141 0.159406110644341 0.163084462285042 0.166559815406799 0.169204145669937 0.170853018760681
-9999 -9999 -9999 -9999 -9999 -9999 -9999 -9999 0.407515913248062 0.433552324771881 0.455595254898071 0.44045090675354 0.422978639602661 0.416523873806 0.433075547218323 0.455994784832001 0.480769217014313 0.423457443714142 0.398302972316742 0.391317397356033 0.382138431072235 0.380507111549377 0.377425640821457 0.37622919678688 0.374916881322861 0.375416189432144 0.374952852725983 0.376418441534042 0.378395915031433 0.375158607959747 0.374645203351974 0.369568467140198 0.366408079862595 0.363102346658707 0.358967512845993 0.35720220208168 0.354978650808334 0.356143623590469 0.356852352619171 0.151010423898697 0.154101893305779 0.156081974506378 0.159502059221268 0.16207779943943 0.16240967810154 0.162651106715202 0.162128478288651 0.162590503692627 0.161703839898109 0.161675021052361 0.162682369351387 0.165334567427635 0.16849111020565 0.171542152762413 0.172117978334427 0.172126963734627
-9999 -9999 -9999 -9999 -9999 -9999 0.424554228782654 0.409682273864746 0.411179512739182 0.431136727333069 0.448967099189758 0.445281356573105 0.439076840877533 0.441074907779694 0.459696888923645 0.48180103302002 0.500300168991089 0.407892197370529 0.413792610168457 0.411982506513596 0.406478434801102 0.404000163078308 0.400429159402847 0.399429976940155 0.400224834680557 0.400390058755875 0.402053356170654 0.403375297784805 0.405744343996048 0.405520915985107 0.402596086263657 0.399639636278152 0.395312339067459 0.392456769943237 0.389758169651031 0.386226832866669 0.384994357824326 0.383388787508011 0.38383349776268 0.166432335972786 0.167779326438904 0.170049652457237 0.171667382121086 0.172102034091949 0.169535398483276 0.166463449597359 0.164182066917419 0.162206947803497 0.161136537790298 0.161246627569199 0.161888957023621 0.163972452282906 0.166156157851219 0.168089896440506 0.169552981853485 0.392644464969635
-9999 -9999 -9999 -9999 -9999 0.368548899888992 0.444038480520248 0.418044358491898 0.414340168237686 0.437338680028915 0.443664193153381 0.454545259475708 0.456108540296555 0.463863760232925 0.480880290269852 0.504854679107666 0.41972354054451 0.425069689750671 0.429030895233154 0.425864934921265 0.424381762742996 0.421191692352295 0.418628066778183 0.417947888374329 0.418240994215012 0.419533967971802 0.421282172203064 0.424157112836838 0.426822990179062 0.426563650369644 0.424910724163055 0.421627581119537 0.418570131063461 0.415877759456635 0.411135643720627 0.408732801675797 0.405788868665695 0.403872311115265 0.403447508811951 0.404389560222626 0.176870167255402 0.175496503710747 0.173853501677513 0.171820074319839 0.168233558535576 0.16432698071003 0.161914214491844 0.159521758556366 0.15826803445816 0.158079609274864 0.158162787556648 0.159991472959518 0.161473751068115 0.162523597478867 0.38075190782547 0.379595160484314
-9999 -9999 -9999 -9999 -9999 0.474471688270569 0.458943516016006 0.441507428884506 0.437804937362671 0.453915178775787 0.453362375497818 0.473314166069031 0.478589057922363 0.48910203576088 0.507912576198578 0.53397011756897 0.438590914011002 0.441621065139771 0.444543749094009 0.443409949541092 0.440803974866867 0.437644064426422 0.435111880302429 0.433886289596558 0.435075223445892 0.435913771390915 0.437433540821075 0.439391940832138 0.441305488348007 0.442727833986282 0.441628575325012 0.438718140125275 0.435195356607437 0.432455807924271 0.429353415966034 0.425644934177399 0.422612935304642 0.419366598129272 0.416086375713348 0.412214696407318 0.178655654191971 0.176129683852196 0.172995164990425 0.17024302482605 0.166808947920799 0.162782803177834 0.159744307398796 0.14500068128109 0.14358451962471 0.143012434244156 0.14277757704258 0.155310228466988 0.155663281679153 0.368217378854752 0.367637932300568 0.365485578775406
-9999 -9999 -9999 -9999 -9999 -9999 0.477665036916733 0.464217334985733 0.46176952123642 0.477243036031723 0.417926520109177 0.440944701433182 0.474653780460358 0.483069449663162 0.4979367852211 0.477270871400833 0.447866141796112 0.455956369638443 0.461704343557358 0.457511872053146 0.453869730234146 0.449124246835709 0.448380917310715 0.447967648506165 0.447924196720123 0.448705613613129 0.449532866477966 0.451519578695297 0.453270077705383 0.453734785318375 0.453207612037659 0.453088223934174 0.44956311583519 0.447246611118317 0.444138079881668 0.439293682575226 0.434144020080566 0.426993072032928 0.421120971441269 0.415448755025864 0.408333420753479 0.17606320977211 0.171961203217506 0.168747559189796 0.16565366089344 0.161065265536308 0.158141404390335 0.155305057764053 0.141423538327217 0.140358090400696 0.139318019151688 0.138667583465576 0.3354552090168 0.355011343955994 0.352715790271759 0.34970897436142
-9999 -9999 -9999 -9999 -9999 -9999 0.496694624423981 0.498494744300842 0.491587519645691 0.472574919462204 0.350629419088364 0.392577141523361 0.410033464431763 0.413682907819748 0.440496832132339 0.482972532510757 0.530052185058594 0.468089193105698 0.229278981685638 0.219442591071129 0.454645127058029 0.453067600727081 0.4559206366539 0.456216841936111 0.455172508955002 0.453547209501266 0.456154972314835 0.459496200084686 0.461034834384918 0.46078422665596 0.459313601255417 0.459065020084381 0.457544773817062 0.454749017953873 0.450306266546249 0.444142997264862 0.438106000423431 0.43095862865448 0.42431566119194 0.417712777853012 0.41059148311615 0.176510721445084 0.172260731458664 0.168719187378883 0.165511310100555 0.161505043506622 0.15787698328495 0.154695317149162 0.152450129389763 0.150846511125565 0.14900766313076 0.33085623383522 0.326181381940842 0.321902483701706 0.317742437124252 0.312944769859314
-9999 -9999 -9999 -9999 -9999 -9999 0.50976836681366 0.515919268131256 0.497582167387009 0.453351348638535 0.310529410839081 0.332771122455597 0.333577394485474 0.336880624294281 0.371620357036591 0.421254426240921 0.507365047931671 0.444607645273209 0.214260786771774 0.228713005781174 0.454453319311142 0.456015527248383 0.463274359703064 0.46520471572876 0.462771445512772 0.458201617002487 0.462537169456482 0.466867536306381 0.468451619148254 0.467490196228027 0.46427395939827 0.464777499437332 0.463176250457764 0.460214138031006 0.455008119344711 0.447742640972137 0.441644221544266 0.433875501155853 0.427031308412552 0.419931650161743 0.412492215633392 0.405789196491241 0.39818662405014 0.392260044813156 0.165967553853989 0.162400409579277 0.158531352877617 0.154929980635643 0.152146354317665 0.149743720889091 0.147468537092209 0.34642893075943 0.318118184804916 0.311390548944473 0.304184377193451 0.298088610172272
-9999 -9999 -9999 -9999 -9999 -9999 -9999 -9999 0.464128077030182 0.427476167678833 0.304452538490295 0.310287773609161 0.282311052083969 0.279920786619186 0.314049601554871 0.380318760871887 0.487737387418747 0.476706266403198 0.235406830906868 0.238442033529282 0.458735048770905 0.459611028432846 0.416297376155853 0.420929700136185 0.47023418545723 0.464706152677536 0.467925727367401 0.473648279905319 0.475670367479324 0.473522514104843 0.469936907291412 0.219111263751984 0.218728855252266 0.216378733515739 0.212028101086617 0.206575512886047 0.202152714133263 0.437185555696487 0.429853945970535 0.422863274812698 0.415116250514984 0.408353626728058 0.401342540979385 0.395122349262238 0.389394998550415 0.383680641651154 0.376691490411758 0.369834780693054 0.364168792963028 0.359155982732773 0.352628320455551 0.344722747802734 0.334990084171295 0.304881900548935 0.295557647943497 0.286483198404312
-9999 -9999 -9999 -9999 -9999 -9999 -9999 -9999 0.44371834397316 0.409964829683304 0.328547567129135 0.290914684534073 0.242168217897415 0.235358700156212 0.270394682884216 0.339156299829483 0.467956393957138 0.472115814685822 0.234228104352951 0.230904176831245 0.458863586187363 0.416650414466858 0.356755644083023 0.150558322668076 0.416968911886215 0.458708792924881 0.452636331319809 0.42223933339119 0.429969638586044 0.466751456260681 0.222852990031242 0.22310146689415 0.223200708627701 0.220671638846397 0.215463861823082 0.209470942616463 0.20478667318821 0.199721321463585 0.195026069879532 0.426217526197433 0.418495982885361 0.411918252706528 0.404847681522369 0.398935049772263 0.392833411693573 0.386776447296143 0.380464643239975 0.373172551393509 0.366842567920685 0.360243380069733 0.353695720434189 0.344781994819641 0.334082096815109 0.300848960876465 0.287035018205643 0.364173293113708
-9999 -9999 -9999 -9999 -9999 -9999 -9999 -9999 -9999 0.409831523895264 0.351371556520462 0.279037684202194 0.214516565203667 0.199118375778198 0.231282517313957 0.305687367916107 0.437613487243652 0.417678147554398 0.197809636592865 0.195595890283585 0.412951946258545 0.362677127122879 0.316928654909134 0.127995118498802 0.361353695392609 0.40215077996254 0.397605627775192 0.37874099612236 0.165494099259377 0.181428015232086 0.196138128638268 0.198997601866722 0.1962651014328 0.203927055001259 0.218214645981789 0.213614389300346 0.208761125802994 0.203669160604477 0.198456212878227 0.193771958351135 0.423656672239304 0.416767716407776 0.409912109375 0.403063893318176 0.397178709506989 0.390754491090775 0.383275389671326 0.375550031661987 0.368682861328125 0.362871021032333 0.355681538581848 0.346502840518951 0.325598657131195 0.290106296539307 0.309431314468384 0.351033478975296
-9999 -9999 -9999 -9999 -9999 -9999 -9999 -9999 -9999 -9999 0.352228492498398 0.275439977645874 0.201255977153778 0.182679921388626 0.20950473845005 0.276913374662399 0.397630840539932 0.438932180404663 0.152607977390289 0.373124569654465 0.363608121871948 0.327736526727676 0.283431649208069 0.110190331935883 0.318997919559479 0.351337313652039 0.352406948804855 0.338941901922226 0.144070819020271 0.157159477472305 0.167486414313316 0.170395746827126 0.166000530123711 0.170304238796234 0.180139511823654 0.187769278883934 0.192695304751396 0.19378799200058 0.200979545712471 0.197349816560745 0.191834911704063 0.421460598707199 0.41453543305397 0.407458335161209 0.399963229894638 0.392673522233963 0.384504079818726 0.375995576381683 0.368281334638596 0.360721081495285 0.323732882738113 0.298046976327896 0.274120956659317 0.24159874022007 0.324212968349457 0.315775543451309
-9999 -9999 -9999 -9999 -9999 -9999 -9999 -9999 -9999 -9999 -9999 0.275443106889725 0.203864172101021 0.178666234016418 0.197204858064651 0.251352280378342 0.344623327255249 0.353355437517166 0.281138032674789 0.316779792308807 0.321523249149323 0.298864603042603 0.262923270463943 0.258646965026855 0.280579775571823 0.299509346485138 0.308284938335419 0.309177249670029 0.128884717822075 0.137600839138031 0.144486978650093 0.147593036293983 0.146315693855286 0.147864386439323 0.150473698973656 0.150641515851021 0.155524536967278 0.156858280301094 0.162292301654816 0.169486090540886 0.174030557274818 0.411395698785782 0.413223773241043 0.409246921539307 0.401014268398285 0.392929166555405 0.384376436471939 0.375824391841888 0.363071531057358 0.32478666305542 0.291467607021332 0.271978884935379 0.256891578435898 0.241798654198647 0.285524189472198 0.263459473848343
