meets/meet004/_saidas_enm/CCSM_Maxent_21k_Aralia_warmingiana3.asc
NCOLS 154 
NROWS 168 
XLLCORNER -112 
YLLCORNER -55.5 
CELLSIZE 0.5 
NODATA_value -9999 
[rows 50 to 74 of 168, columns 56 to 111 of 154]
-9999 -9999 -9999 -9999 -9999 -9999 -9999 -9999 -9999 -9999 -9999 -9999 -9999 0.00211630878038704 0.00555655360221863 0.0172160267829895 0.0521352551877499 0.106428757309914 0.168319955468178 0.208651706576347 0.199803933501244 0.252547740936279 0.304162293672562 0.315240293741226 0.240257084369659 0.179394379258156 0.115299217402935 0.052493192255497 0.0288988072425127 0.0128983976319432 0.00842499546706676 0.0109283374622464 0.0250125974416733 0.0553353279829025 0.159042477607727 0.315036058425903 0.389603853225708 0.479147255420685 0.504863858222961 0.519187331199646 0.5716432929039 0.53573215007782 0.537514209747314 0.531061232089996 0.512470245361328 0.400764435529709 0.463201552629471 0.445927083492279 0.430748015642166 0.409783005714417 0.406290024518967 0.400749623775482 0.39647576212883 0.411577433347702 0.443015873432159 0.460976928472519
-9999 -9999 -9999 -9999 -9999 -9999 -9999 -9999 -9999 -9999 -9999 -9999 -9999 0.00815493799746037 0.0132736088708043 0.0312689654529095 0.072971522808075 0.126995012164116 0.181932270526886 0.228952780365944 0.245187744498253 0.284432291984558 0.336991846561432 0.346741318702698 0.278306126594543 0.215886071324348 0.142733290791512 0.0813598707318306 0.0508634150028229 0.0294831972569227 0.0214245244860649 0.0288118161261082 0.049025684595108 0.0998459309339523 0.206942781805992 0.334513813257217 0.426336914300919 0.501016557216644 0.525506317615509 0.535502970218658 0.5511314868927 0.535671055316925 0.523280799388885 0.506114482879639 0.485256373882294 0.460941225290298 0.44548699259758 0.442664712667465 0.433025360107422 0.420566618442535 0.419720351696014 0.411539107561111 0.410786151885986 0.422340601682663 0.449042469263077 0.473793148994446
-9999 -9999 -9999 -9999 -9999 -9999 -9999 -9999 -9999 -9999 -9999 0.0153695363551378 0.015693437308073 0.0173667687922716 0.0267225410789251 0.0479430370032787 0.0886692479252815 0.151350989937782 0.215455636382103 0.270764768123627 0.289739519357681 0.329592823982239 0.349417358636856 0.344470262527466 0.288874447345734 0.226637974381447 0.171796649694443 0.0998289734125137 0.0687934532761574 0.047137051820755 0.0343709625303745 0.0548250786960125 0.0892410352826118 0.157841369509697 0.291040539741516 0.380248814821243 0.441616892814636 0.50893759727478 0.519287049770355 0.52154415845871 0.527119696140289 0.505728900432587 0.499409437179565 0.483170092105865 0.454042911529541 0.452378362417221 0.4339759349823 0.43183496594429 0.429960578680038 0.426123052835464 0.414786368608475 0.420202255249023 0.429292351007462 0.443371951580048 0.470817089080811 0.492777049541473
-9999 -9999 -9999 -9999 -9999 -9999 -9999 -9999 -9999 -9999 0.0274230968207121 0.022539684548974 0.0244577545672655 0.0289955399930477 0.0367906391620636 0.0499564297497272 0.0900334566831589 0.162084341049194 0.224035158753395 0.267420619726181 0.312246769666672 0.317898094654083 0.314744263887405 0.284665167331696 0.238635241985321 0.189302146434784 0.134716898202896 0.0920482724905014 0.0696316733956337 0.0572959929704666 0.052550982683897 0.0610001981258392 0.114030815660954 0.199616655707359 0.326628357172012 0.417055904865265 0.464162945747375 0.499792188405991 0.506161630153656 0.502125859260559 0.503927171230316 0.491854161024094 0.484386831521988 0.472005218267441 0.445441007614136 0.438827872276306 0.427184641361237 0.423010736703873 0.415169447660446 0.408436328172684 0.415410816669464 0.417104333639145 0.438726961612701 0.453919142484665 0.475475549697876 0.500431299209595
-9999 -9999 -9999 -9999 -9999 -9999 -9999 -9999 -9999 -9999 0.0426635444164276 0.0379891619086266 0.0438321381807327 0.0394391119480133 0.0500512309372425 0.0506900101900101 0.0725193098187447 0.150980263948441 0.220781445503235 0.248808890581131 0.27355620265007 0.245037421584129 0.232820093631744 0.208078891038895 0.162880092859268 0.137743815779686 0.0990234911441803 0.0882009565830231 0.0814656838774681 0.0713618323206902 0.0644030570983887 0.0749183744192123 0.10904274135828 0.191202148795128 0.320284932851791 0.43227407336235 0.474106252193451 0.496672362089157 0.49906399846077 0.492264837026596 0.491359889507294 0.487695246934891 0.478260070085526 0.467872798442841 0.448765397071838 0.437393009662628 0.417607516050339 0.409721821546555 0.402094781398773 0.401244878768921 0.41059023141861 0.421612232923508 0.441796690225601 0.459775745868683 0.484596788883209 0.502395987510681
-9999 -9999 -9999 -9999 -9999 -9999 -9999 -9999 0.0758110955357552 0.0808336362242699 0.0875019058585167 0.0767875164747238 0.075275830924511 0.0642022788524628 0.0570871606469154 0.0639790222048759 0.0838179066777229 0.132238388061523 0.191387519240379 0.190714195370674 0.193663850426674 0.17937821149826 0.160543739795685 0.142896667122841 0.113459788262844 0.0996284782886505 0.094706118106842 0.0911592692136765 0.0834646821022034 0.0797768831253052 0.0770585536956787 0.0858996286988258 0.101085565984249 0.185892537236214 0.292357563972473 0.394028156995773 0.463587373495102 0.498629570007324 0.50057727098465 0.493423342704773 0.488290816545486 0.485619097948074 0.483966797590256 0.474932849407196 0.45818030834198 0.44621080160141 0.423776388168335 0.409932494163513 0.401106059551239 0.39651358127594 0.403148055076599 0.416619718074799 0.42489293217659 0.437576591968536 0.467684775590897 0.486703187227249
-9999 -9999 -9999 -9999 -9999 -9999 -9999 -9999 0.0788997337222099 0.117313601076603 0.176145777106285 0.15614940226078 0.125482931733131 0.0877162218093872 0.0668436288833618 0.0753767490386963 0.0989990830421448 0.133938014507294 0.156314939260483 0.152382776141167 0.130629539489746 0.118303626775742 0.115910612046719 0.112048469483852 0.102912046015263 0.0968481972813606 0.0963677242398262 0.0948550179600716 0.0942065641283989 0.0908717960119247 0.0914396047592163 0.10091196000576 0.112297549843788 0.169092029333115 0.278865188360214 0.363423883914948 0.420092850923538 0.475537717342377 0.491399854421616 0.505660176277161 0.500579297542572 0.494384407997131 0.484058916568756 0.477970212697983 0.452363818883896 0.430379301309586 0.404689103364944 0.37484335899353 0.364730000495911 0.334578424692154 0.32142585515976 0.327825874090195 0.340182721614838 0.3643718957901 0.393738031387329 0.417715132236481
-9999 -9999 -9999 -9999 -9999 -9999 -9999 0.0601703301072121 0.0819010958075523 0.156809478998184 0.225489258766174 0.222342416644096 0.17992390692234 0.123837053775787 0.0897698104381561 0.0861898437142372 0.113362371921539 0.145212218165398 0.169385388493538 0.151160269975662 0.132559314370155 0.12480641156435 0.120286919176579 0.116771139204502 0.110744595527649 0.107692159712315 0.105266757309437 0.107274986803532 0.104473687708378 0.105255916714668 0.106667742133141 0.112114697694778 0.124458454549313 0.161120429635048 0.245874732732773 0.314933210611343 0.37620598077774 0.420153379440308 0.440044373273849 0.430600345134735 0.425838619470596 0.407853960990906 0.374139845371246 0.363539725542068 0.334204345941544 0.323551595211029 0.303652465343475 0.272820889949799 0.275169998407364 0.252426564693451 0.251379281282425 0.259438872337341 0.279166013002396 0.308490812778473 0.344284176826477 0.376633435487747
-9999 -9999 -9999 -9999 -9999 -9999 -9999 0.0620225109159946 0.121814146637917 0.224868774414062 0.295203179121017 0.276847571134567 0.21268555521965 0.166803389787674 0.141393691301346 0.137514799833298 0.165030017495155 0.196111083030701 0.204494521021843 0.165333926677704 0.140899628400803 0.130634561181068 0.127243861556053 0.124806255102158 0.11912876367569 0.116200402379036 0.116358295083046 0.118936471641064 0.120945803821087 0.122238986194134 0.125811547040939 0.132339626550674 0.13960999250412 0.154613122344017 0.215801402926445 0.269318968057632 0.314456939697266 0.351816028356552 0.354142546653748 0.337469130754471 0.321071922779083 0.285999089479446 0.273866385221481 0.253700703382492 0.222507670521736 0.206372871994972 0.182996109127998 0.186741799116135 0.187673792243004 0.163916632533073 0.162026777863503 0.17259818315506 0.209645628929138 0.243601024150848 0.27328160405159 0.311426341533661
-9999 -9999 -9999 -9999 -9999 -9999 0.0649071559309959 0.108025439083576 0.197803258895874 0.293185412883759 0.363346666097641 0.321091800928116 0.241249412298203 0.195033594965935 0.188640102744102 0.198862701654434 0.231671765446663 0.257179200649261 0.271258026361465 0.215912118554115 0.163131713867188 0.142643287777901 0.1354710906744 0.132954403758049 0.129135653376579 0.126139983534813 0.127436816692352 0.133294731378555 0.134596392512321 0.138021260499954 0.142975404858589 0.146808236837387 0.154880240559578 0.159073710441589 0.200443640351295 0.237438231706619 0.256801128387451 0.271158128976822 0.273942321538925 0.253644019365311 0.234880581498146 0.216287955641747 0.179475426673889 0.169682174921036 0.139005124568939 0.127393394708633 0.120400995016098 0.101104386150837 0.107477590441704 0.108483575284481 0.114043086767197 0.124192178249359 0.158448532223701 0.189593315124512 0.213231205940247 0.25203812122345
-9999 -9999 -9999 -9999 -9999 -9999 0.0914075598120689 0.158538684248924 0.255094349384308 0.337517738342285 0.392866730690002 0.351558923721313 0.267753303050995 0.240272238850594 0.248745247721672 0.272564738988876 0.296122878789902 0.31626433134079 0.319387018680573 0.277288377285004 0.228618681430817 0.200441882014275 0.178250953555107 0.177216708660126 0.17555159330368 0.170162454247475 0.175353944301605 0.178999423980713 0.182295352220535 0.186409443616867 0.18448132276535 0.185918107628822 0.182224333286285 0.174052655696869 0.180803313851357 0.205101266503334 0.214972406625748 0.218487069010735 0.212350532412529 0.189099878072739 0.168575942516327 0.135989546775818 0.113554403185844 0.102577805519104 0.0780964642763138 0.079652838408947 0.0841422230005264 0.096476636826992 0.119692787528038 0.136884495615959 0.150543212890625 0.172835275530815 0.20149926841259 0.228760123252869 0.25766196846962 0.282636523246765
-9999 -9999 -9999 -9999 -9999 -9999 0.112022183835506 0.185636788606644 0.263302981853485 0.358333557844162 0.416977167129517 0.37968036532402 0.300892442464828 0.272371560335159 0.284512966871262 0.308367848396301 0.347114324569702 0.370092809200287 0.373608082532883 0.326748013496399 0.279199630022049 0.258639544248581 0.23798730969429 0.236790031194687 0.23014335334301 0.230433136224747 0.228996083140373 0.239358842372894 0.241156607866287 0.239638119935989 0.245141834020615 0.236910358071327 0.239254385232925 0.227685257792473 0.203749731183052 0.195753693580627 0.187019556760788 0.180389851331711 0.173116937279701 0.144287586212158 0.123462051153183 0.110031999647617 0.103206604719162 0.108532197773457 0.101055845618248 0.113906987011433 0.122309505939484 0.134853050112724 0.158877149224281 0.17161925137043 0.203788608312607 0.214816644787788 0.240030959248543 0.264521956443787 0.2855304479599 0.306393444538116
-9999 -9999 -9999 -9999 -9999 -9999 -9999 0.186306014657021 0.259488046169281 0.360645413398743 0.427357971668243 0.404062658548355 0.33126500248909 0.312847763299942 0.329911708831787 0.356247574090958 0.38758197426796 0.404954373836517 0.403751879930496 0.373742014169693 0.34035387635231 0.31858903169632 0.301214247941971 0.298708289861679 0.299173384904861 0.29893496632576 0.304571658372879 0.307542115449905 0.309949904680252 0.313551962375641 0.311440259218216 0.311933606863022 0.306198298931122 0.293907403945923 0.275819182395935 0.254607498645782 0.231344178318977 0.208566218614578 0.196791112422943 0.177294492721558 0.163967162370682 0.149826124310493 0.144050270318985 0.152847662568092 0.149756014347076 0.156595230102539 0.164002433419228 0.177869841456413 0.20681694149971 0.224846690893173 0.251428127288818 0.27453887462616 0.301669716835022 0.319836854934692 0.341127246618271 0.35286757349968
-9999 -9999 -9999 -9999 -9999 -9999 -9999 -9999 0.243348076939583 0.358454823493958 0.465365171432495 0.42489030957222 0.359666347503662 0.344484388828278 0.36884531378746 0.397756546735764 0.424482792615891 0.431527256965637 0.424854546785355 0.39080473780632 0.359745502471924 0.344508320093155 0.33190593123436 0.329544991254807 0.33223956823349 0.33771413564682 0.351093947887421 0.366216570138931 0.368031531572342 0.367734998464584 0.369104772806168 0.363308310508728 0.360563218593597 0.347013741731644 0.326300501823425 0.310452580451965 0.286701321601868 0.263909876346588 0.252043396234512 0.226250782608986 0.216345652937889 0.205294489860535 0.196114093065262 0.204895839095116 0.19862388074398 0.214235126972198 0.221851170063019 0.232547640800476 0.255253970623016 0.270322382450104 0.292523473501205 0.306280255317688 0.320025533437729 0.342061847448349 0.367546081542969 0.385611295700073
-9999 -9999 -9999 -9999 -9999 -9999 0.18125855922699 0.193095266819 0.253722935914993 0.350436955690384 0.423506081104279 0.424480825662613 0.388140171766281 0.38643741607666 0.425562649965286 0.464247852563858 0.473875522613525 0.46112596988678 0.440525025129318 0.418122053146362 0.394251227378845 0.377642065286636 0.364423006772995 0.365449160337448 0.375083297491074 0.384271770715714 0.402806669473648 0.419767796993256 0.434051662683487 0.437091052532196 0.435112416744232 0.432695150375366 0.4257932305336 0.413235723972321 0.395295172929764 0.375133991241455 0.351615577936172 0.328069031238556 0.31648463010788 0.292064011096954 0.275433659553528 0.257358878850937 0.249596789479256 0.261323183774948 0.260220676660538 0.267630636692047 0.276352226734161 0.286639124155045 0.289409846067429 0.288104712963104 0.28997939825058 0.301075339317322 0.316275060176849 0.33413502573967 0.350677102804184 0.365744054317474
-9999 -9999 -9999 -9999 -9999 0.20197294652462 0.215521246194839 0.230133295059204 0.277128785848618 0.351912677288055 0.413337409496307 0.42844146490097 0.411009222269058 0.430560290813446 0.488563746213913 0.537080943584442 0.526841223239899 0.495289981365204 0.467548489570618 0.43977290391922 0.420087277889252 0.41247633099556 0.397619545459747 0.400504797697067 0.415738672018051 0.427857786417007 0.444773197174072 0.462105095386505 0.478021919727325 0.495736986398697 0.494419097900391 0.48949009180069 0.484072059392929 0.471992880105972 0.450188845396042 0.433710813522339 0.415993243455887 0.392062991857529 0.380274385213852 0.345460325479507 0.33636999130249 0.327855050563812 0.312462121248245 0.320070952177048 0.309782594442368 0.318155437707901 0.309721022844315 0.290485441684723 0.288556188344955 0.287476718425751 0.291803687810898 0.30372953414917 0.316428005695343 0.332640528678894 0.345387071371078 0.350193977355957
-9999 -9999 -9999 -9999 -9999 0.280694454908371 0.261349350214005 0.274678915739059 0.322702705860138 0.387604057788849 0.433181166648865 0.445359498262405 0.466181337833405 0.492495596408844 0.535036563873291 0.581875801086426 0.567192018032074 0.529475450515747 0.500355005264282 0.485476762056351 0.466731578111649 0.454073309898376 0.445080608129501 0.447633445262909 0.458701014518738 0.470551013946533 0.488057672977448 0.503631234169006 0.516505539417267 0.530968129634857 0.539568603038788 0.541692316532135 0.533726871013641 0.523254573345184 0.50607568025589 0.487962543964386 0.468802571296692 0.449402421712875 0.438167631626129 0.414621323347092 0.396555364131927 0.377855777740479 0.366331040859222 0.352459520101547 0.336442649364471 0.320866376161575 0.309893518686295 0.299370229244232 0.297968685626984 0.299641668796539 0.301101863384247 0.311574846506119 0.321522772312164 0.331519305706024 0.341700851917267 0.345537334680557
-9999 -9999 -9999 -9999 -9999 -9999 0.312136560678482 0.333700686693192 0.381614863872528 0.423747688531876 0.46339014172554 0.454019397497177 0.477209180593491 0.49495741724968 0.5243239402771 0.603271722793579 0.579219222068787 0.55899852514267 0.546759903430939 0.524803638458252 0.505946278572083 0.495774507522583 0.492105603218079 0.494741916656494 0.501653015613556 0.512575089931488 0.524773776531219 0.541621804237366 0.551309764385223 0.561408519744873 0.568308293819427 0.568799793720245 0.568002045154572 0.560172498226166 0.547666966915131 0.531749963760376 0.515774369239807 0.495837271213531 0.475598901510239 0.447565346956253 0.420435011386871 0.399568259716034 0.375050246715546 0.360059231519699 0.34171062707901 0.328383475542068 0.32261648774147 0.314151287078857 0.314798206090927 0.315222769975662 0.314091682434082 0.324295669794083 0.329309910535812 0.335981607437134 0.34630012512207 0.346458315849304
-9999 -9999 -9999 -9999 -9999 -9999 0.35203292965889 0.404326468706131 0.442104488611221 0.442440688610077 0.437138319015503 0.399037390947342 0.373691201210022 0.382309645414352 0.422012060880661 0.489691108465195 0.551685273647308 0.585467040538788 0.579833745956421 0.559719085693359 0.539972901344299 0.530901253223419 0.53276515007019 0.537296950817108 0.540425360202789 0.545106768608093 0.559571981430054 0.575217843055725 0.582643389701843 0.588445544242859 0.590023040771484 0.592394471168518 0.590774297714233 0.582327842712402 0.569826543331146 0.553644239902496 0.537489593029022 0.517722845077515 0.497247993946075 0.469855457544327 0.442106157541275 0.417779445648193 0.394537180662155 0.379497498273849 0.363303393125534 0.350631177425385 0.344075232744217 0.34048193693161 0.341441988945007 0.343733578920364 0.344300508499146 0.346484243869781 0.34485200047493 0.344650059938431 0.349682599306107 0.34795144200325
-9999 -9999 -9999 -9999 -9999 -9999 0.376176089048386 0.421358317136765 0.456998944282532 0.429856419563293 0.406983375549316 0.350756287574768 0.281783610582352 0.267326861619949 0.310005068778992 0.378386944532394 0.507245600223541 0.601428031921387 0.611575305461884 0.588842213153839 0.563486814498901 0.56633585691452 0.570356249809265 0.575461685657501 0.575644910335541 0.574036657810211 0.587023079395294 0.60361111164093 0.609602212905884 0.613162636756897 0.61137992143631 0.612317502498627 0.612829506397247 0.605168223381042 0.591895878314972 0.576410114765167 0.56031459569931 0.541640520095825 0.521427154541016 0.491701632738113 0.466544270515442 0.444561868906021 0.420667141675949 0.405694365501404 0.387439876794815 0.377668082714081 0.374195903539658 0.371009588241577 0.372633665800095 0.374874472618103 0.375763356685638 0.3718281686306 0.362870365381241 0.356597423553467 0.358342409133911 0.351630479097366
-9999 -9999 -9999 -9999 -9999 -9999 -9999 -9999 0.362730443477631 0.381045162677765 0.37643975019455 0.302919715642929 0.225333377718925 0.210352033376694 0.240669637918472 0.326041102409363 0.476121753454208 0.601539075374603 0.596225738525391 0.605710625648499 0.596512258052826 0.594908773899078 0.604060888290405 0.60980486869812 0.604497313499451 0.603701055049896 0.613256931304932 0.627428412437439 0.632679045200348 0.634234547615051 0.6348557472229 0.635885238647461 0.637297451496124 0.630015969276428 0.61733478307724 0.602970838546753 0.586850762367249 0.569096803665161 0.54945170879364 0.5245441198349 0.499382972717285 0.476221919059753 0.455485194921494 0.440042734146118 0.423555791378021 0.412250399589539 0.406131833791733 0.404038995504379 0.404167920351028 0.402080029249191 0.386977523565292 0.3805772960186 0.372492969036102 0.357668459415436 0.34149956703186 0.323782414197922
-9999 -9999 -9999 -9999 -9999 -9999 -9999 -9999 0.30968502163887 0.332446426153183 0.334728389978409 0.261407434940338 0.18082931637764 0.16231395304203 0.19438736140728 0.274675875902176 0.447961777448654 0.604615449905396 0.563452661037445 0.625687181949615 0.61901843547821 0.624932527542114 0.633930861949921 0.638720989227295 0.632192194461823 0.627139151096344 0.634015738964081 0.64797705411911 0.652116596698761 0.653694450855255 0.654545605182648 0.654733657836914 0.658671140670776 0.653415322303772 0.641220808029175 0.629243910312653 0.613991439342499 0.598065197467804 0.579860866069794 0.555189371109009 0.533605694770813 0.513974249362946 0.49367755651474 0.478765785694122 0.460629880428314 0.449312210083008 0.444898307323456 0.440415263175964 0.435690820217133 0.414714694023132 0.394435852766037 0.382446557283401 0.367752611637115 0.34779879450798 0.328477203845978 0.304370909929276
-9999 -9999 -9999 -9999 -9999 -9999 -9999 -9999 -9999 0.290368765592575 0.282663851976395 0.208066195249557 0.133870795369148 0.126684173941612 0.160936370491982 0.239156991243362 0.421832621097565 0.608425259590149 0.588578641414642 0.63758784532547 0.641655087471008 0.645944476127625 0.653780579566956 0.659437298774719 0.652426958084106 0.648934423923492 0.654843628406525 0.664440751075745 0.669400811195374 0.670009613037109 0.671362996101379 0.673058450222015 0.675890862941742 0.672559440135956 0.663706541061401 0.654386937618256 0.640963733196259 0.628392219543457 0.610887467861176 0.590080499649048 0.569717645645142 0.549724519252777 0.533752024173737 0.515986979007721 0.497928291559219 0.485016703605652 0.478045254945755 0.47654977440834 0.451489210128784 0.422188818454742 0.399302035570145 0.385194361209869 0.371840506792068 0.351077437400818 0.322673797607422 0.298100888729095
-9999 -9999 -9999 -9999 -9999 -9999 -9999 -9999 -9999 -9999 0.226311683654785 0.166430070996284 0.114271074533463 0.108015492558479 0.141884550452232 0.207586884498596 0.380058765411377 0.594009399414062 0.63729864358902 0.648226320743561 0.65488463640213 0.663652241230011 0.669260263442993 0.673869132995605 0.670401930809021 0.667801976203918 0.670984447002411 0.67945921421051 0.682712316513062 0.685392916202545 0.686754405498505 0.687930881977081 0.692233920097351 0.690160810947418 0.683260917663574 0.67676717042923 0.66649204492569 0.655649900436401 0.641735076904297 0.622229754924774 0.605352759361267 0.587762653827667 0.569619238376617 0.553513407707214 0.535359025001526 0.522441685199738 0.514339566230774 0.503196895122528 0.468468517065048 0.440309315919876 0.413433641195297 0.394884437322617 0.37775918841362 0.357713729143143 0.3380326628685 0.315995514392853
-9999 -9999 -9999 -9999 -9999 -9999 -9999 -9999 -9999 -9999 -9999 0.122242651879787 0.113568402826786 0.109035141766071 0.128936514258385 0.18049156665802 0.322562396526337 0.52219694852829 0.628502786159515 0.648142099380493 0.653510093688965 0.668436229228973 0.679324507713318 0.68457967042923 0.68235319852829 0.683253824710846 0.684615314006805 0.690316379070282 0.694289147853851 0.696818053722382 0.69955986738205 0.701549410820007 0.704468011856079 0.704035043716431 0.700986862182617 0.697105050086975 0.687939703464508 0.679656863212585 0.666930139064789 0.650754868984222 0.636697292327881 0.619174718856812 0.605116546154022 0.588387846946716 0.56904923915863 0.556622385978699 0.545012712478638 0.528723239898682 0.492985188961029 0.460152238607407 0.429145276546478 0.405565857887268 0.383673220872879 0.367953836917877 0.359573841094971 0.345171332359314
