meets/meet004/_saidas_enm/CCSM_Maxent_0k_Aralia_warmingiana2.asc
NCOLS 154 
NROWS 168 
XLLCORNER -112 
YLLCORNER -55.5 
CELLSIZE 0.5 
NODATA_value -9999 
[rows 50 to 74 of 168, columns 56 to 111 of 154]
-9999 -9999 -9999 -9999 -9999 -9999 -9999 -9999 -9999 -9999 -9999 -9999 -9999 0.0030541920568794 0.00305706518702209 0.00427035475149751 0.0181897804141045 0.0530802384018898 0.0894099399447441 0.131985351443291 0.132648468017578 0.154553383588791 0.130095571279526 0.0620180480182171 0.0462319292128086 0.0340971201658249 0.0179195068776608 0.00768566550686955 0.00398441823199391 0.00320811336860061 0.00282716122455895 0.00372633105143905 0.00375870964489877 0.0137131223455071 0.0737363919615746 0.184215217828751 0.291532427072525 0.344172149896622 0.374054461717606 0.385325878858566 0.348783284425735 0.369171291589737 0.340744704008102 0.183057442307472 0.0480608940124512 0.00375297572463751 0.0089807054027915 0.00636010989546776 0.00667956238612533 0.0143523458391428 0.00971625279635191 0.0202380064874887 0.0392858721315861 0.0532566085457802 0.0595878139138222 0.0754694789648056
-9999 -9999 -9999 -9999 -9999 -9999 -9999 -9999 -9999 -9999 -9999 -9999 -9999 0.00362379243597388 0.0054729706607759 0.00838530715554953 0.0256284680217505 0.0631341263651848 0.097394123673439 0.106408275663853 0.113004386425018 0.109324917197227 0.0861649885773659 0.0484637804329395 0.0280863977968693 0.0176275819540024 0.00973065663129091 0.00605227006599307 0.00490794563665986 0.00381071120500565 0.00316037470474839 0.00277693849056959 0.00263828923925757 0.00481560779735446 0.0312733575701714 0.1206279322505 0.227416083216667 0.316228985786438 0.331854492425919 0.340986847877502 0.329753160476685 0.292838662862778 0.193460911512375 0.100631237030029 0.0429276823997498 0.0165726654231548 0.013410241343081 0.0136712910607457 0.0146052660420537 0.0189389605075121 0.0218040905892849 0.0322978273034096 0.0488673336803913 0.0619263164699078 0.0676481202244759 0.0748410299420357
-9999 -9999 -9999 -9999 -9999 -9999 -9999 -9999 -9999 -9999 -9999 0.00669107539579272 0.00747884949669242 0.00841630715876818 0.015460891649127 0.0163050219416618 0.0282014850527048 0.0657486170530319 0.0842198207974434 0.0748488828539848 0.0763726308941841 0.0622011981904507 0.0407718382775784 0.0249519720673561 0.0134153962135315 0.00848143175244331 0.00647330470383167 0.00521049927920103 0.00429416494444013 0.00348863913677633 0.00308615667745471 0.00288462731987238 0.00286219106055796 0.00384846213273704 0.020697021856904 0.0873571038246155 0.171146616339684 0.266452729701996 0.314409285783768 0.31487762928009 0.316701024770737 0.238295614719391 0.160307615995407 0.105425134301186 0.0797317028045654 0.0674063861370087 0.048449020832777 0.05244966968894 0.0503289327025414 0.0467447079718113 0.05539845302701 0.0647625029087067 0.0690230056643486 0.0704336911439896 0.0697857737541199 0.0740596503019333
-9999 -9999 -9999 -9999 -9999 -9999 -9999 -9999 -9999 -9999 0.0103009911254048 0.0125291859731078 0.0194930881261826 0.0240718070417643 0.0197449699044228 0.0189757868647575 0.0229950398206711 0.0425204820930958 0.0586362071335316 0.0592771358788013 0.0488577857613564 0.0332204699516296 0.0212928429245949 0.0131735792383552 0.0108972899615765 0.00859402772039175 0.00637489650398493 0.00498565752059221 0.00397345656529069 0.00336583890020847 0.00296206376515329 0.00282822456210852 0.00303018908016384 0.00411278335377574 0.0142130954191089 0.0674713030457497 0.136077582836151 0.202945426106453 0.251972436904907 0.268407642841339 0.263307332992554 0.195092529058456 0.145098611712456 0.113358221948147 0.0945734232664108 0.0955028608441353 0.0828659236431122 0.0836527049541473 0.0740772932767868 0.0783455669879913 0.0990167707204819 0.0982633158564568 0.0837028324604034 0.0766485780477524 0.0815973579883575 0.0837533995509148
-9999 -9999 -9999 -9999 -9999 -9999 -9999 -9999 -9999 -9999 0.0301660634577274 0.042648933827877 0.0463753081858158 0.0475463718175888 0.0385114438831806 0.0249315164983273 0.0242913495749235 0.0284663606435061 0.0294654741883278 0.0266518257558346 0.0225630886852741 0.0154306320473552 0.0143074337393045 0.0130054550245404 0.0115141794085503 0.00904380436986685 0.00674610491842031 0.00503909820690751 0.00398503337055445 0.00348147843033075 0.00302333128638566 0.0028826710768044 0.00304221780970693 0.00404362287372351 0.0107466354966164 0.0473620146512985 0.0996470227837563 0.148391485214233 0.182974606752396 0.204796880483627 0.195288330316544 0.143755868077278 0.110103689134121 0.0908702909946442 0.0854812264442444 0.0917891412973404 0.0756485685706139 0.0940804779529572 0.119915798306465 0.128370061516762 0.1550522595644 0.12873849272728 0.0944783389568329 0.080863431096077 0.0919406712055206 0.0980690494179726
-9999 -9999 -9999 -9999 -9999 -9999 -9999 -9999 0.012049506418407 0.0512058176100254 0.106705725193024 0.0887540802359581 0.0824095755815506 0.0814895927906036 0.0504922531545162 0.0306760743260384 0.027120990678668 0.0232892874628305 0.0177937429398298 0.015604579821229 0.0150057757273316 0.0140951154753566 0.0135096935555339 0.0126570761203766 0.0113441543653607 0.00962511170655489 0.00666598323732615 0.00504146236926317 0.00400104699656367 0.00346817984245718 0.00321073224768043 0.0029720279853791 0.00307338475249708 0.00392106454819441 0.00714055309072137 0.0253777354955673 0.0573598779737949 0.0948904976248741 0.116982035338879 0.107425414025784 0.0924407616257668 0.0685052573680878 0.0562236830592155 0.0501291714608669 0.0455556735396385 0.0607105977833271 0.0776187032461166 0.10216648876667 0.119571380317211 0.14305704832077 0.15270659327507 0.121949270367622 0.089033417403698 0.0758762210607529 0.0995160862803459 0.123390778899193
-9999 -9999 -9999 -9999 -9999 -9999 -9999 -9999 0.0283730421215296 0.130893558263779 0.219578579068184 0.178943619132042 0.148198664188385 0.0978617370128632 0.0627262368798256 0.0372553430497646 0.0295987632125616 0.0216116178780794 0.0113543821498752 0.011314257979393 0.0126704396679997 0.0115686105564237 0.0114147681742907 0.010420530103147 0.00887576304376125 0.00797946378588676 0.00597884925082326 0.0046407375484705 0.00395068619400263 0.00362345948815346 0.00350417522713542 0.00337639730423689 0.00342360767535865 0.00385774415917695 0.0050521232187748 0.0121431248262525 0.0209896620362997 0.0337939821183681 0.0400583744049072 0.0367255955934525 0.0313824489712715 0.0244343001395464 0.0207060854882002 0.0228361058980227 0.0290492363274097 0.0410170815885067 0.049987331032753 0.0689221322536469 0.0879215374588966 0.0932469815015793 0.0996917113661766 0.0795469433069229 0.063908077776432 0.0658558756113052 0.0985940173268318 0.13648433983326
-9999 -9999 -9999 -9999 -9999 -9999 -9999 0.0274504404515028 0.0755105093121529 0.197448194026947 0.33383384346962 0.280839860439301 0.203889772295952 0.122895188629627 0.0753226578235626 0.0475560165941715 0.0352160818874836 0.0210839379578829 0.00883016176521778 0.00746280001476407 0.00757339084520936 0.00741189252585173 0.00645530130714178 0.00601930171251297 0.00579049671068788 0.00492798909544945 0.004603561013937 0.00416208943352103 0.00389569066464901 0.00380879198201001 0.00375742721371353 0.00376694952137768 0.00384605233557522 0.0040309620089829 0.00416086707264185 0.00500759249553084 0.00819775089621544 0.00995629280805588 0.0109451850876212 0.0116092851385474 0.0106184789910913 0.00977176241576672 0.0102239931002259 0.0128747764974833 0.0169049650430679 0.0221498049795628 0.0265027713030577 0.0326568447053432 0.0367348305881023 0.0385533161461353 0.038580235093832 0.0357772521674633 0.0348680876195431 0.0472050122916698 0.0877347365021706 0.137015178799629
-9999 -9999 -9999 -9999 -9999 -9999 -9999 0.0747056230902672 0.143753543496132 0.303678125143051 0.417560070753098 0.353309988975525 0.220277711749077 0.12344990670681 0.082912988960743 0.0653240233659744 0.0490031316876411 0.0305426418781281 0.0108359986916184 0.00809551402926445 0.00676808785647154 0.00571659719571471 0.00489416904747486 0.00458412105217576 0.00461074989289045 0.00424745492637157 0.00437865685671568 0.00426805578172207 0.00413053669035435 0.00423803040757775 0.004061633720994 0.00405612075701356 0.00405498826876283 0.00403023650869727 0.00386948301456869 0.0034226099960506 0.00335100293159485 0.00369675550609827 0.00383383687585592 0.00405300967395306 0.00430854596197605 0.00455796206369996 0.00526552554219961 0.00633756956085563 0.00731992674991488 0.00995966978371143 0.0127432439476252 0.0165250338613987 0.016858771443367 0.0168884545564651 0.0168425664305687 0.0196084678173065 0.0212201699614525 0.0326789431273937 0.063369944691658 0.111963473260403
-9999 -9999 -9999 -9999 -9999 -9999 0.0840839296579361 0.178722247481346 0.279226660728455 0.380813032388687 0.460016161203384 0.371097266674042 0.178947523236275 0.115133181214333 0.0914282724261284 0.0801173821091652 0.062542200088501 0.0398659780621529 0.0155565422028303 0.0121701695024967 0.0101732527837157 0.00911935791373253 0.00861140340566635 0.00858879741281271 0.00800418946892023 0.00773846218362451 0.00753019331023097 0.00765128014609218 0.00779619580134749 0.00719437142834067 0.0069565256126225 0.00641552079468966 0.00604628771543503 0.00553074991330504 0.00472576590254903 0.00406332034617662 0.00314278784208 0.00274978834204376 0.0026703174225986 0.00268139527179301 0.00301427161321044 0.00363736762665212 0.00455345632508397 0.00634079752489924 0.00820933189243078 0.0120452344417572 0.0128162419423461 0.0141039108857512 0.014484983868897 0.0149829583242536 0.0160063318908215 0.0191515926271677 0.0231769047677517 0.0265099667012691 0.0446730777621269 0.0795965418219566
-9999 -9999 -9999 -9999 -9999 -9999 0.147310748696327 0.240572690963745 0.350576877593994 0.422614842653275 0.458290994167328 0.359975576400757 0.164981201291084 0.130782648921013 0.112395100295544 0.106269203126431 0.0760908499360085 0.0464164204895496 0.0225540678948164 0.0185553748160601 0.017316922545433 0.0159858837723732 0.0151906497776508 0.0148513792082667 0.014090821146965 0.0129603007808328 0.0132968733087182 0.0137416254729033 0.0137375229969621 0.0131772458553314 0.0120810307562351 0.011374275200069 0.0103284362703562 0.00934725068509579 0.00827393401414156 0.00712310755625367 0.00624422170221806 0.00552714010700583 0.00551569182425737 0.00586760928854346 0.00648746034130454 0.00790620129555464 0.00999956671148539 0.013185084797442 0.0172244291752577 0.0167172942310572 0.0171231739223003 0.0171770825982094 0.0175006072968245 0.0189514551311731 0.0197838470339775 0.0238364823162556 0.02714878693223 0.0268162693828344 0.030337305739522 0.0458407737314701
-9999 -9999 -9999 -9999 -9999 -9999 0.181381329894066 0.266394436359406 0.388660430908203 0.450205087661743 0.454068839550018 0.359154134988785 0.189483880996704 0.143349751830101 0.128977864980698 0.113196782767773 0.087346725165844 0.0520914569497108 0.0291377622634172 0.0247529968619347 0.0228339992463589 0.0222602225840092 0.0222765933722258 0.0219595171511173 0.0202532559633255 0.0192054081708193 0.0193964187055826 0.0204308293759823 0.0213246643543243 0.0195873975753784 0.0183644108474255 0.0169332791119814 0.0154747180640697 0.0141529925167561 0.0124780824407935 0.0107671897858381 0.0100765395909548 0.00991286896169186 0.0104644214734435 0.0113061368465424 0.0133587243035436 0.0157856456935406 0.019293611869216 0.0227949470281601 0.0217942018061876 0.0195882488042116 0.0195001028478146 0.0203737132251263 0.0213110186159611 0.0227492842823267 0.0249661132693291 0.0290449149906635 0.0294462516903877 0.0280867423862219 0.0286581460386515 0.0279453657567501
-9999 -9999 -9999 -9999 -9999 -9999 -9999 0.290123045444489 0.415139138698578 0.460365504026413 0.462760746479034 0.38009175658226 0.219939380884171 0.179775461554527 0.16365060210228 0.130049362778664 0.101523369550705 0.0615981817245483 0.0366833955049515 0.0324872098863125 0.0324875526130199 0.0319145396351814 0.031928688287735 0.0315300151705742 0.0302940458059311 0.0290101170539856 0.0298755913972855 0.030977776274085 0.0321952328085899 0.0313753113150597 0.0287481602281332 0.0270838681608438 0.0246681850403547 0.0230529233813286 0.0216371603310108 0.0194515101611614 0.0184746440500021 0.0174915101379156 0.0188362877815962 0.0214872639626265 0.0248929504305124 0.0290764961391687 0.033308070152998 0.0312171522527933 0.0286069605499506 0.0260905381292105 0.0270950198173523 0.0279211383312941 0.0295757371932268 0.0324718728661537 0.0355180837213993 0.0409118607640266 0.0372041426599026 0.033342644572258 0.0350823402404785 0.0343638174235821
-9999 -9999 -9999 -9999 -9999 -9999 -9999 -9999 0.393342941999435 0.449846237897873 0.499967634677887 0.399651110172272 0.248100459575653 0.215335831046104 0.195141419768333 0.141102984547615 0.117167092859745 0.0645935013890266 0.0428510755300522 0.0402050241827965 0.041202537715435 0.0410145930945873 0.0419763810932636 0.0421698354184628 0.0407583191990852 0.0400843881070614 0.0418387278914452 0.0441128797829151 0.0457040071487427 0.0451131053268909 0.0424223877489567 0.0398793630301952 0.0377820059657097 0.0358289778232574 0.0338965877890587 0.0328592769801617 0.0310120452195406 0.0299657937139273 0.0297979880124331 0.0328715667128563 0.0375481322407722 0.0424272865056992 0.040997039526701 0.0340426750481129 0.0297975968569517 0.0264609586447477 0.0265490058809519 0.0276498086750507 0.0293112955987453 0.0318780355155468 0.0360877960920334 0.0426962301135063 0.044637031853199 0.044535968452692 0.0472386181354523 0.0510789230465889
-9999 -9999 -9999 -9999 -9999 -9999 0.198528379201889 0.253909260034561 0.371920973062515 0.431556701660156 0.464246600866318 0.389631390571594 0.265739589929581 0.241728574037552 0.217921882867813 0.167955413460732 0.116801783442497 0.0683495178818703 0.0486053302884102 0.0471653901040554 0.0500664226710796 0.0511313900351524 0.0523858182132244 0.0537665262818336 0.0551658235490322 0.0563890300691128 0.0588916391134262 0.0611297748982906 0.0630745068192482 0.0639144405722618 0.0626374930143356 0.0600725896656513 0.0572289377450943 0.0551261864602566 0.0529923811554909 0.0508805215358734 0.0499199442565441 0.0484940111637115 0.0466756224632263 0.0473553873598576 0.0488244518637657 0.0495245158672333 0.0412905625998974 0.0338904298841953 0.0296176429837942 0.0268989708274603 0.02767981775105 0.0295222960412502 0.0317640602588654 0.0345740877091885 0.0386342592537403 0.0465089119970798 0.054805189371109 0.0577461421489716 0.0633030608296394 0.0684647783637047
-9999 -9999 -9999 -9999 -9999 0.0515281856060028 0.17292046546936 0.286042124032974 0.373071938753128 0.436707615852356 0.457507759332657 0.385402083396912 0.28370726108551 0.265972763299942 0.225129634141922 0.194189921021461 0.0970690250396729 0.0684334188699722 0.053061980754137 0.0532855130732059 0.0572422258555889 0.0595502518117428 0.0623840838670731 0.0657933056354523 0.0696152150630951 0.0745958983898163 0.0764867961406708 0.0796770229935646 0.0827196687459946 0.0837462246417999 0.0848714113235474 0.0839018896222115 0.0820963829755783 0.0795082598924637 0.0753136649727821 0.0718953236937523 0.0694327875971794 0.0663294941186905 0.060198962688446 0.0551624484360218 0.0543655902147293 0.0508865937590599 0.0427003763616085 0.0352564640343189 0.0306206569075584 0.0269693117588758 0.0292285121977329 0.0324203595519066 0.035290714353323 0.0374062173068523 0.040131289511919 0.0507943220436573 0.0626102015376091 0.0711802095174789 0.0792926251888275 0.0870684012770653
-9999 -9999 -9999 -9999 -9999 0.127724915742874 0.204860687255859 0.315819084644318 0.408521384000778 0.446641206741333 0.445235192775726 0.387235343456268 0.335542351007462 0.308745384216309 0.256738156080246 0.160252913832664 0.0939605906605721 0.0697192400693893 0.0565462335944176 0.0620825886726379 0.0672575309872627 0.0707883387804031 0.0743479207158089 0.0791792944073677 0.0855828449130058 0.089815765619278 0.0949339494109154 0.0984382107853889 0.102235235273838 0.105592034757137 0.107027687132359 0.106250897049904 0.103624500334263 0.100313447415829 0.0952397361397743 0.0902492478489876 0.0865253806114197 0.0813906192779541 0.0735069960355759 0.0653911903500557 0.0638595297932625 0.0561358705163002 0.0463357791304588 0.0388497523963451 0.0346545353531837 0.0323217436671257 0.033732108771801 0.0365555100142956 0.0397127792239189 0.0430846102535725 0.0483765080571175 0.0584529601037502 0.0716507658362389 0.0852847099304199 0.094950906932354 0.105646640062332
-9999 -9999 -9999 -9999 -9999 -9999 0.268349796533585 0.345094352960587 0.441799432039261 0.441271990537643 0.450377434492111 0.39401176571846 0.35318997502327 0.351588517427444 0.294160425662994 0.176117762923241 0.113555319607258 0.0798349753022194 0.0643751993775368 0.0752379670739174 0.0818968042731285 0.0895949006080627 0.0911755189299583 0.0977465063333511 0.106832236051559 0.108901709318161 0.117023177444935 0.119838923215866 0.123673982918262 0.12841959297657 0.129995375871658 0.128301918506622 0.124764330685139 0.120988771319389 0.115328624844551 0.109461173415184 0.105073302984238 0.0989084839820862 0.0898137092590332 0.0789999887347221 0.0741006806492805 0.064560741186142 0.0534088239073753 0.0456462167203426 0.0422017648816109 0.0389609672129154 0.0408132523298264 0.0430485047399998 0.0460922569036484 0.0497529022395611 0.0562115274369717 0.0670673549175262 0.0813865289092064 0.0989160984754562 0.11212769895792 0.123704165220261
-9999 -9999 -9999 -9999 -9999 -9999 0.295351564884186 0.342215567827225 0.414387553930283 0.451925277709961 0.424495011568069 0.380983233451843 0.3218052983284 0.292236745357513 0.294756203889847 0.2686847448349 0.238135278224945 0.091400146484375 0.0559825040400028 0.0778773799538612 0.120538018643856 0.12290508300066 0.118494525551796 0.122302234172821 0.13329666852951 0.144621089100838 0.144745022058487 0.143638074398041 0.144917726516724 0.14739678800106 0.149592086672783 0.145766526460648 0.140993669629097 0.136845320463181 0.132175698876381 0.127889469265938 0.123132936656475 0.115848787128925 0.105672627687454 0.0959479659795761 0.0865537077188492 0.0764285996556282 0.0665644779801369 0.0587193518877029 0.0544499233365059 0.0520174391567707 0.0522404983639717 0.0535010062158108 0.055535051971674 0.0572378225624561 0.0617886558175087 0.074245497584343 0.0906674489378929 0.107658758759499 0.121732339262962 0.136101424694061
-9999 -9999 -9999 -9999 -9999 -9999 0.384261578321457 0.329753547906876 0.395745903253555 0.440471231937408 0.413840681314468 0.359502702951431 0.297141522169113 0.259358257055283 0.250526487827301 0.258855551481247 0.267919391393661 0.0921994969248772 0.0434491038322449 0.0765923410654068 0.159454300999641 0.162050575017929 0.140069648623466 0.140723496675491 0.157973304390907 0.178609564900398 0.173349186778069 0.163675531744957 0.162173718214035 0.164546012878418 0.165117874741554 0.158325329422951 0.149834156036377 0.14487986266613 0.141826778650284 0.13716946542263 0.130098134279251 0.119472488760948 0.111426115036011 0.106124550104141 0.0985376611351967 0.0919934883713722 0.083654411137104 0.0758253633975983 0.0718929022550583 0.0687057822942734 0.0682390183210373 0.067659042775631 0.0681687518954277 0.067359983921051 0.0690327286720276 0.084187924861908 0.101930521428585 0.118846409022808 0.129346936941147 0.137309923768044
-9999 -9999 -9999 -9999 -9999 -9999 -9999 -9999 0.337784498929977 0.408437013626099 0.422682374715805 0.352909028530121 0.266880065202713 0.245256677269936 0.23979577422142 0.260686010122299 0.299920618534088 0.0779233202338219 0.025352630764246 0.0646157562732697 0.184001892805099 0.18277008831501 0.134422525763512 0.131798714399338 0.160950616002083 0.191699206829071 0.185250967741013 0.170613214373589 0.166862279176712 0.166428714990616 0.161731943488121 0.149852126836777 0.13777656853199 0.131651192903519 0.13145400583744 0.131018847227097 0.12602624297142 0.120603628456593 0.116318352520466 0.112572528421879 0.109621331095695 0.105533339083195 0.101682879030704 0.0958462283015251 0.091484434902668 0.0889167040586472 0.0871273726224899 0.0861635878682137 0.0852284803986549 0.0822621732950211 0.0851349383592606 0.0967934355139732 0.114088669419289 0.130008444190025 0.137925267219543 0.141972377896309
-9999 -9999 -9999 -9999 -9999 -9999 -9999 -9999 0.484674245119095 0.384334057569504 0.415921568870544 0.334158837795258 0.236051663756371 0.226468503475189 0.231379330158234 0.252796113491058 0.337508380413055 0.0815658718347549 0.0205277167260647 0.067580409348011 0.211458206176758 0.193854406476021 0.13249397277832 0.128053456544876 0.158673301339149 0.197119146585464 0.189855724573135 0.169595867395401 0.165991261601448 0.167406246066093 0.158305644989014 0.143667489290237 0.126655906438828 0.119226172566414 0.121079869568348 0.121256984770298 0.120391085743904 0.11808293312788 0.117096923291683 0.116940371692181 0.116256505250931 0.116428099572659 0.115703888237476 0.114621594548225 0.113237351179123 0.111403860151768 0.107409834861755 0.102773062884808 0.097969152033329 0.0911670848727226 0.0903753563761711 0.0980169996619225 0.112337440252304 0.132045388221741 0.149705111980438 0.16619984805584
-9999 -9999 -9999 -9999 -9999 -9999 -9999 -9999 -9999 0.373073160648346 0.381976664066315 0.289556920528412 0.198880538344383 0.200067907571793 0.219843626022339 0.249223649501801 0.347054988145828 0.156580492854118 0.0294477250427008 0.0747065022587776 0.219123184680939 0.203051209449768 0.132706493139267 0.128019779920578 0.162313923239708 0.196794927120209 0.189819663763046 0.168507426977158 0.160839885473251 0.167145356535912 0.158958837389946 0.139151975512505 0.120522685348988 0.110935069620609 0.111149057745934 0.112394958734512 0.112593822181225 0.111933380365372 0.113955974578857 0.116686843335629 0.120027035474777 0.122586324810982 0.124432265758514 0.126726627349854 0.127108156681061 0.125147193670273 0.120109714567661 0.112319394946098 0.105298213660717 0.0967219918966293 0.0914585590362549 0.0940212160348892 0.101254023611546 0.124006234109402 0.170157209038734 0.226356282830238
-9999 -9999 -9999 -9999 -9999 -9999 -9999 -9999 -9999 -9999 0.346837431192398 0.248892799019814 0.186178803443909 0.194313988089561 0.220728486776352 0.253525257110596 0.36437115073204 0.343425124883652 0.0656841248273849 0.114974088966846 0.236317306756973 0.206169009208679 0.143701002001762 0.138549774885178 0.173246935009956 0.205345571041107 0.197076797485352 0.175229832530022 0.166309893131256 0.166918382048607 0.159058898687363 0.13752044737339 0.117144681513309 0.107312381267548 0.106588117778301 0.106417708098888 0.106756471097469 0.106817342340946 0.109871581196785 0.115513570606709 0.121260352432728 0.127210095524788 0.131817072629929 0.136593580245972 0.139898583292961 0.139629527926445 0.135176360607147 0.125672087073326 0.117030702531338 0.105337880551815 0.0981194898486137 0.098234124481678 0.103816635906696 0.1288211196661 0.182595640420914 0.247494995594025
-9999 -9999 -9999 -9999 -9999 -9999 -9999 -9999 -9999 -9999 -9999 0.215430989861488 0.192544728517532 0.206344619393349 0.226963177323341 0.260054767131805 0.364082813262939 0.445785939693451 0.186854526400566 0.201985567808151 0.23311722278595 0.199312835931778 0.171190783381462 0.161563232541084 0.185851246118546 0.207308068871498 0.198669791221619 0.183054700493813 0.171417415142059 0.163814261555672 0.151264891028404 0.132413327693939 0.115467138588428 0.107648581266403 0.10579676181078 0.102927565574646 0.105202160775661 0.104981623589993 0.109688848257065 0.11706481128931 0.122212044894695 0.134003937244415 0.140869364142418 0.149429202079773 0.156920745968819 0.156788513064384 0.155279815196991 0.146000549197197 0.135751709342003 0.122486084699631 0.112913116812706 0.115020968019962 0.123978354036808 0.145111411809921 0.17858462035656 0.215078473091125
