meets/meet004/_saidas_enm/CCSM_Maha_21k_Aralia_warmingiana5.asc
NCOLS 154 
NROWS 168 
XLLCORNER -112 
YLLCORNER -55.5 
CELLSIZE 0.5 
NODATA_value -9999 
[rows 100 to 124 of 168, columns 56 to 111 of 154]
-9999 -9999 -9999 -9999 -9999 -9999 -9999 -9999 -9999 -9999 -9999 -9999 -9999 -9999 -9999 -9999 -9999 -9999 -9999 -9999 -9999 -9999 -9999 -9999 -9999 -9999 -9999 -9999 -200.005006805786 -175.826704386431 -187.179132549039 -253.949551869781 -316.530550728042 -354.282093905223 -353.916323564882 -304.605739951128 -250.955838790596 -196.404592142883 -109.010846150252 -44.9976682611763 -14.2970961748961 -3.5282336990276 -7.41197667804895 -8.90789895155479 -10.2837529210096 -9.16281377400797 -5.55416245252039 -2.64147811294804 -1.48577431212652 -0.975674904105263 -0.267287679954946 -0.149263950944028 -0.499726464192867 -0.511509191961969 0.0357654989561949 -0.065202015117638
-9999 -9999 -9999 -9999 -9999 -9999 -9999 -9999 -9999 -9999 -9999 -9999 -9999 -9999 -9999 -9999 -9999 -9999 -9999 -9999 -9999 -9999 -9999 -9999 -9999 -9999 -9999 -9999 -197.695619546154 -172.894460156749 -202.54321658632 -258.004805655505 -306.599016103802 -336.367530688897 -332.232952066453 -292.970582064987 -231.462331305572 -175.776575908204 -89.6724372867435 -35.5002173120236 -11.3158159661669 -4.64740203825748 -8.05365057327088 -9.2193663550128 -10.0642975636536 -9.27519783813871 -5.71600353120235 -4.34476919590656 -2.96343620079538 -1.74399982470292 -1.0399202397517 -0.416651668357223 -0.439298027416303 -0.837665535464732 -0.290326813030497 -0.439793696697789
-9999 -9999 -9999 -9999 -9999 -9999 -9999 -9999 -9999 -9999 -9999 -9999 -9999 -9999 -9999 -9999 -9999 -9999 -9999 -9999 -9999 -9999 -9999 -9999 -9999 -9999 -9999 -190.455424145311 -206.588114728425 -174.553479552796 -193.785102249236 -251.242412433811 -289.952059326613 -311.371312029286 -310.06347507583 -265.008291685996 -213.191915696757 -151.889068196774 -72.886850311454 -26.9261970504734 -9.75128381868573 -7.00468961128005 -8.92548230380825 -9.95397918041271 -10.4783092596369 -9.34312001498695 -6.66744854658561 -4.91312466133938 -3.46726403800706 -2.27077320742989 -1.40095288422722 -0.685802584854981 -0.220661425968869 -0.278786253554426 -0.828089647457127 -0.526726621731637
-9999 -9999 -9999 -9999 -9999 -9999 -9999 -9999 -9999 -9999 -9999 -9999 -9999 -9999 -9999 -9999 -9999 -9999 -9999 -9999 -9999 -9999 -9999 -9999 -9999 -9999 -9999 -199.02623320924 -208.030917267695 -168.693552303364 -190.985014185002 -243.518485857815 -274.063386439193 -292.129631643948 -291.312050965373 -252.205976781167 -194.503058900209 -128.747375683527 -58.5386581913318 -22.1310489387091 -9.18743737280565 -9.15556367623559 -10.7660823190541 -11.5813118078315 -11.3869262667818 -10.4930281478076 -7.98033600372444 -5.72526266835738 -4.07581886302498 -2.84261696058393 -2.06291712451501 -1.5072881972153 -0.838186910533262 -0.281095820313461 -0.667735498435245 -0.992754454828375
-9999 -9999 -9999 -9999 -9999 -9999 -9999 -9999 -9999 -9999 -9999 -9999 -9999 -9999 -9999 -9999 -9999 -9999 -9999 -9999 -9999 -9999 -9999 -9999 -9999 -9999 -9999 -197.974677097218 -201.238998063226 -174.172484168912 -195.784276258911 -245.782076187577 -271.937117260482 -282.297216989265 -280.983287564409 -240.658871518975 -180.993568750957 -106.964517461666 -45.2124357290232 -17.6871650442938 -8.40334863895276 -10.1432324644899 -12.2743421922975 -12.5323219694503 -12.5967177286727 -11.8473809225413 -9.37531593920837 -6.94349774311986 -5.09879130426364 -3.84272126348604 -2.83789195499867 -1.93709284350823 -1.30645469194928 -1.12504218165242 -0.995334917646842 -1.21549867323821
-9999 -9999 -9999 -9999 -9999 -9999 -9999 -9999 -9999 -9999 -9999 -9999 -9999 -9999 -9999 -9999 -9999 -9999 -9999 -9999 -9999 -9999 -9999 -9999 -9999 -9999 -9999 -189.152425735816 -189.153572248189 -169.587237759267 -202.167394225328 -254.362476761944 -277.365968283821 -285.053060033838 -280.383716758553 -241.260730139703 -170.888041705339 -89.000513944825 -35.4982825696248 -14.0759905954506 -8.9617171432205 -11.5131281949106 -14.3726755044679 -13.6445474155532 -13.1840935477632 -12.3341596502203 -10.4134519506623 -7.99493561238416 -6.22327232970342 -5.00123626885062 -3.79020449813308 -2.64891607540817 -1.82850012192692 -1.53975563833174 -1.50625944559287 -0.846693883146467
-9999 -9999 -9999 -9999 -9999 -9999 -9999 -9999 -9999 -9999 -9999 -9999 -9999 -9999 -9999 -9999 -9999 -9999 -9999 -9999 -9999 -9999 -9999 -9999 -9999 -9999 -9999 -169.139564267301 -175.566148210996 -173.300568110978 -217.74415704844 -266.216278252103 -294.275155461458 -293.773010299086 -285.922485854084 -248.872439192566 -164.68827084649 -75.6328236085557 -27.2479354546354 -10.9874134512489 -9.83034631798546 -13.0801702191207 -15.7572965258237 -14.5972778900223 -13.4207572300917 -12.3569486569193 -10.9468443834755 -8.75228014583174 -7.48689473149127 -6.47083263369994 -5.53724014011362 -4.15510535900661 -2.82800905819426 -2.09491259718793 -1.78176272983558 -1.21601941798742
-9999 -9999 -9999 -9999 -9999 -9999 -9999 -9999 -9999 -9999 -9999 -9999 -9999 -9999 -9999 -9999 -9999 -9999 -9999 -9999 -9999 -9999 -9999 -9999 -9999 -9999 -9999 -146.371477632984 -162.663263855946 -182.335980679888 -238.520741717164 -282.05057555894 -303.729088188637 -301.463424977224 -289.777168222094 -252.534490795571 -160.904616879447 -64.1328001226206 -21.4707714188018 -9.54726516884286 -10.9618274669742 -15.0348406457503 -17.6778340583503 -16.3440422803605 -14.8299228127208 -13.3214510889747 -11.7511586202391 -9.85657022925064 -8.18483577063478 -7.23753431413848 -6.83156082709429 -5.38301778752889 -3.91593395603264 -2.88892898439834 -2.09014371594675 -1.32597404118962
-9999 -9999 -9999 -9999 -9999 -9999 -9999 -9999 -9999 -9999 -9999 -9999 -9999 -9999 -9999 -9999 -9999 -9999 -9999 -9999 -9999 -9999 -9999 -9999 -9999 -9999 -9999 -124.710616531354 -152.159268475522 -191.341219478724 -259.995373790838 -290.753330836747 -310.225357827143 -301.527287141806 -285.503003182545 -253.799095954305 -149.730373920557 -53.9188868150329 -17.3034881643487 -9.7889050821095 -12.9658669170218 -17.5230442280388 -19.9301040528522 -18.9766574317722 -17.4614912352342 -15.9827593288074 -14.135022458047 -11.4734796564371 -9.88666970622917 -8.61587262082111 -8.30219919335505 -6.97291181926956 -5.14355556749835 -3.8647384091648 -2.68569663915973 -1.78296060825893
-9999 -9999 -9999 -9999 -9999 -9999 -9999 -9999 -9999 -9999 -9999 -9999 -9999 -9999 -9999 -9999 -9999 -9999 -9999 -9999 -9999 -9999 -9999 -9999 -9999 -9999 -9999 -117.251687812066 -152.45113694537 -196.122147410886 -252.840033620669 -281.218457645893 -291.531361445859 -277.69004337744 -262.484784203001 -224.264105092374 -125.740015114195 -44.8058624164149 -16.2169872992805 -10.8764359398548 -15.2064726277833 -20.1567648904719 -21.7597373424711 -20.7149899350773 -19.4134473107131 -18.0895825689371 -16.340518653653 -13.7435219332209 -11.5457447127354 -10.2127645640735 -9.51569281418834 -7.80521961659542 -6.06083943843842 -4.55378679693667 -3.07485438900777 -2.08642871474958
-9999 -9999 -9999 -9999 -9999 -9999 -9999 -9999 -9999 -9999 -9999 -9999 -9999 -9999 -9999 -9999 -9999 -9999 -9999 -9999 -9999 -9999 -9999 -9999 -9999 -9999 -89.5931512428469 -115.264515208081 -152.620656772388 -193.815028277064 -240.029302353812 -253.066304835128 -262.31951764274 -242.872400014237 -224.946650645003 -195.336905029662 -98.6179214929535 -38.3159328556226 -15.5906259049798 -11.6417354980971 -18.6956289432042 -23.0526488246072 -23.5730726414793 -22.4372990320225 -21.5540642620489 -20.2764322587032 -17.4349434967213 -14.8699525602017 -13.0328845417442 -11.989860192599 -10.4034038931036 -8.74355823509272 -6.86955315553699 -5.27816465698324 -3.70268458574168 -2.64627668444675
-9999 -9999 -9999 -9999 -9999 -9999 -9999 -9999 -9999 -9999 -9999 -9999 -9999 -9999 -9999 -9999 -9999 -9999 -9999 -9999 -9999 -9999 -9999 -9999 -9999 -9999 -90.9015714382126 -126.006134026819 -157.814788638915 -188.04753561729 -208.226781944169 -222.009747361252 -227.055065854559 -204.891787640966 -174.381795182962 -129.751584722994 -65.9767008547758 -28.3654442776627 -15.1988087729136 -14.8579344578952 -19.4198750245698 -23.1675764628212 -24.1927778550153 -23.98459312739 -22.3039530855084 -20.3530746125355 -18.1162601799089 -16.209373462499 -14.5412605165524 -13.4660985988658 -11.4161505341161 -9.3066604037746 -7.32569450991727 -5.66332891236831 -4.3529037766951 -3.21923461753362
-9999 -9999 -9999 -9999 -9999 -9999 -9999 -9999 -9999 -9999 -9999 -9999 -9999 -9999 -9999 -9999 -9999 -9999 -9999 -9999 -9999 -9999 -9999 -9999 -9999 -9999 -99.7407805288915 -137.336681892844 -167.685137005981 -182.464764988582 -182.106001361818 -187.334970331306 -196.209839574622 -164.323246801476 -120.463277089936 -78.8201738950531 -40.5637615935912 -21.8291199576042 -17.7811120104665 -19.1425288312317 -22.8074901432717 -24.0924427003475 -24.2761736886538 -23.7299982719401 -22.3018185890244 -21.4919401554838 -19.1595509007052 -17.4463919141043 -16.0313227047762 -14.6945979401146 -12.6866937251705 -10.3405938542104 -7.9077884137158 -6.40958795663344 -5.21506312453441 -4.03673414681327
-9999 -9999 -9999 -9999 -9999 -9999 -9999 -9999 -9999 -9999 -9999 -9999 -9999 -9999 -9999 -9999 -9999 -9999 -9999 -9999 -9999 -9999 -9999 -9999 -9999 -9999 -106.986621847178 -159.650367823972 -191.216224539651 -185.008258900068 -159.592029692293 -151.531911254349 -142.764203873973 -107.919010135102 -72.2718672364301 -45.1498434746769 -28.60584188805 -19.8461389545159 -20.8231702821466 -23.588871514585 -25.5776772424424 -25.7615981652384 -25.2267280694028 -24.1751258758401 -22.7262076332718 -21.3472035789591 -19.8534404045977 -18.8189870929913 -17.726754329139 -16.1752696075645 -13.9160735096608 -11.6176771392557 -9.3463626404493 -7.74440548985662 -6.52052391522553 -5.39898539693956
-9999 -9999 -9999 -9999 -9999 -9999 -9999 -9999 -9999 -9999 -9999 -9999 -9999 -9999 -9999 -9999 -9999 -9999 -9999 -9999 -9999 -9999 -9999 -9999 -9999 -62.6662006053683 -115.602651147385 -191.780767736588 -221.306629342813 -183.019713767466 -146.759494725471 -119.031115386381 -95.6060612430692 -63.6121644772424 -41.4125587149788 -40.9514460214648 -28.3090598481098 -22.9674839902516 -25.5862856176567 -28.005615816983 -29.7694756599971 -28.1759917740548 -26.9692663371505 -25.5560838119026 -24.2042105608171 -23.2602435842472 -21.1125954775583 -20.3059360366033 -19.659283539253 -17.7463954245587 -15.6052218394914 -13.4464275155201 -11.3181162343981 -9.69152328804923 -8.22218490402871 -7.20974550340926
-9999 -9999 -9999 -9999 -9999 -9999 -9999 -9999 -9999 -9999 -9999 -9999 -9999 -9999 -9999 -9999 -9999 -9999 -9999 -9999 -9999 -9999 -9999 -9999 -9999 -78.7042268723518 -124.703895116372 -186.964467190675 -206.650897540946 -171.841702673402 -129.642847482535 -94.8263384940938 -63.7222835492249 -37.5137325822187 -32.1291120223625 -36.5716752732795 -32.8651454651103 -28.3594206439698 -30.0883297054093 -31.0525890294723 -31.3407836435477 -30.1633441020168 -28.8572346118417 -27.4471460235242 -26.3344671831218 -25.3406457378393 -23.208817592914 -22.2657201111252 -21.6041013067851 -20.1372065269695 -17.6265883966748 -15.3703766511777 -13.4186256889955 -11.9164232227133 -10.5654407024266 -9.57991121427998
-9999 -9999 -9999 -9999 -9999 -9999 -9999 -9999 -9999 -9999 -9999 -9999 -9999 -9999 -9999 -9999 -9999 -9999 -9999 -9999 -9999 -9999 -9999 -9999 -9999 -83.3806793206413 -127.448925327823 -182.488617243375 -193.337057843769 -155.592099229666 -116.915357796724 -77.590562858307 -45.744574331822 -29.5383132336688 -33.263363686477 -40.8324194766712 -37.2085118592341 -33.5485323898096 -33.4513973164781 -33.4606907726767 -32.9962906645855 -31.9123702544649 -30.8453406055364 -29.6441062497439 -28.4426368815034 -27.7269617641365 -25.6231279696968 -24.8148397362917 -24.0618775527748 -22.5798183367939 -20.2070440089671 -17.9428346854216 -15.9550361883984 -14.4830361528207 -13.1980768701286 -12.3336720771944
-9999 -9999 -9999 -9999 -9999 -9999 -9999 -9999 -9999 -9999 -9999 -9999 -9999 -9999 -9999 -9999 -9999 -9999 -9999 -9999 -9999 -9999 -9999 -9999 -9999 -76.6646192122072 -125.12615768744 -175.444029818237 -180.454055196999 -143.663672545193 -103.267158040591 -66.3734743722043 -39.3505171537838 -31.0582914854561 -37.0230574701039 -43.040011664167 -42.3266084456258 -40.19250600449 -38.9442554218955 -37.067080505164 -35.6447568607061 -34.1728422819643 -33.16189157626 -32.1239330450237 -31.0418375837487 -29.9840339320269 -28.3987518138387 -27.1083827928896 -26.0781385761849 -25.3188547606377 -22.9396720093443 -20.5870916642247 -18.6353238692328 -17.2823636101485 -16.0663863691584 -15.3217358361388
-9999 -9999 -9999 -9999 -9999 -9999 -9999 -9999 -9999 -9999 -9999 -9999 -9999 -9999 -9999 -9999 -9999 -9999 -9999 -9999 -9999 -9999 -9999 -9999 -9999 -69.6290285312453 -119.680727536269 -174.684250072029 -176.558447346085 -136.251218250422 -96.2601989931412 -59.1766718262698 -38.3359528969772 -35.7248209665902 -41.0234102527261 -47.1796110525996 -48.0599847151366 -48.0430991176476 -47.1600236089259 -43.7769693253085 -40.6670471898759 -37.8097353644489 -36.4014021084019 -35.4587877956253 -34.5018308340203 -33.9031161514269 -31.6203551628352 -29.777134741497 -28.5803414468515 -28.0086786423654 -26.2380340640076 -24.021525326752 -21.8277736716578 -20.4379578469381 -19.199805430199 -18.5360674887149
-9999 -9999 -9999 -9999 -9999 -9999 -9999 -9999 -9999 -9999 -9999 -9999 -9999 -9999 -9999 -9999 -9999 -9999 -9999 -9999 -9999 -9999 -9999 -9999 -9999 -73.5174166004933 -119.626457823367 -171.917985655298 -171.587302508275 -129.714091394852 -86.5910321306795 -56.1034545607356 -40.5726350007191 -39.4672470937367 -43.4586686561519 -49.774099830002 -51.6405831442902 -51.3971792439055 -50.715319520016 -48.3469552347068 -45.4422052923495 -41.7966024484531 -40.3985617662228 -39.3150036264256 -37.7248216072953 -36.0959042688177 -34.3744905771674 -32.8939985219379 -31.6041245002421 -30.7947838993576 -29.106750008795 -26.989364710428 -25.1037574873494 -23.5988015639528 -22.3060956435423 -21.3566334030361
-9999 -9999 -9999 -9999 -9999 -9999 -9999 -9999 -9999 -9999 -9999 -9999 -9999 -9999 -9999 -9999 -9999 -9999 -9999 -9999 -9999 -9999 -9999 -9999 -9999 -72.3745532519785 -119.499529886379 -176.075219873941 -174.565194299677 -128.529280115164 -83.6461410934978 -56.0749509053536 -43.8878859093725 -42.6532772079267 -46.3326141029148 -51.4287492497926 -53.3462161128032 -53.8598705778886 -53.6070569011261 -51.1934207953008 -49.0421490504603 -45.7607221294422 -43.7597865400754 -42.2165549908191 -40.1397964564472 -38.4431795714877 -36.9373478879621 -35.6499521755609 -34.6014222344176 -33.8762511892754 -31.4350666416742 -29.4254780002582 -27.5999942935398 -25.864486326649 -24.5579738002032 -23.2120443502482
-9999 -9999 -9999 -9999 -9999 -9999 -9999 -9999 -9999 -9999 -9999 -9999 -9999 -9999 -9999 -9999 -9999 -9999 -9999 -9999 -9999 -9999 -9999 -9999 -9999 -71.9532412605613 -120.457384760488 -180.514210366042 -181.266106904114 -132.273904154618 -85.9339528522899 -59.4625114089518 -48.6232332317146 -46.7147268585706 -48.9367305491082 -53.1642948251116 -54.6536505240061 -55.7186633997179 -55.7981694226612 -53.8720676488866 -51.5580166193702 -49.4630985255262 -46.213390428515 -44.3081250988391 -42.4672844034988 -40.689930766456 -39.4034620388544 -38.3970467544569 -37.3194708089002 -36.3552416770435 -34.0205093897226 -31.6233537158868 -29.7991248741715 -27.9757179747407 -26.5233001039272 -25.5047792623621
-9999 -9999 -9999 -9999 -9999 -9999 -9999 -9999 -9999 -9999 -9999 -9999 -9999 -9999 -9999 -9999 -9999 -9999 -9999 -9999 -9999 -9999 -9999 -9999 -9999 -70.3140905457323 -117.900162558417 -180.476488917954 -187.98763426233 -139.136402902413 -90.2387168175845 -63.6634903898805 -53.6284348172469 -51.4410293525837 -53.4440110282018 -55.8432326981855 -57.0014099705622 -57.9424227456684 -57.972084967121 -55.9101440165515 -53.6870673856154 -51.7383385580536 -48.3724914778983 -46.2561906159447 -44.6036145707629 -43.3226592919139 -42.1205051185778 -41.0029252459148 -40.1871121950754 -38.6961164806762 -36.4408194336156 -34.0125372754564 -31.9767180858457 -30.7780314763119 -29.4991004644535 -28.6537784481569
-9999 -9999 -9999 -9999 -9999 -9999 -9999 -9999 -9999 -9999 -9999 -9999 -9999 -9999 -9999 -9999 -9999 -9999 -9999 -9999 -9999 -9999 -9999 -9999 -9999 -71.7675940426343 -117.243988725764 -178.393657032391 -190.904653763424 -146.539284785446 -96.0154817787687 -68.6806687826494 -58.0435303197137 -55.5877430463949 -55.8865230395528 -57.5129918708799 -58.7331935135146 -59.8298009335687 -59.2685016748019 -56.5177333232209 -54.3888861116219 -52.6012930082245 -49.8728443676349 -48.2048450128734 -47.0734442576993 -46.305234024612 -44.9411688391256 -43.9288052931794 -42.7708529957964 -40.453019442551 -37.9696544789918 -35.9355747671802 -35.291152256806 -33.5961147755672 -32.3361559947769 -32.0390636518238
-9999 -9999 -9999 -9999 -9999 -9999 -9999 -9999 -9999 -9999 -9999 -9999 -9999 -9999 -9999 -9999 -9999 -9999 -9999 -9999 -9999 -9999 -9999 -9999 -67.9536889147547 -75.6423276636081 -117.637204945007 -178.884801104205 -196.628933284372 -155.819292859811 -107.287506876851 -76.242181397292 -61.9104378479885 -58.4683283376001 -58.2484047198095 -59.4345359510805 -60.0308409801115 -60.389265493075 -59.5080704519499 -56.7279462431091 -54.7288635720058 -53.0671606673412 -51.2857224973914 -50.1078983105533 -49.4443619433113 -48.7600511755262 -47.8371428685642 -46.824049482039 -45.1332734063352 -42.860078263798 -40.3943917225135 -39.2411480470256 -38.7974421175724 -37.2686872102678 -35.2338108838978 -33.8992120573363
