meets/meet004/_saidas_enm/CCSM_Maha_21k_Aralia_warmingiana5.asc
NCOLS 154 
NROWS 168 
XLLCORNER -112 
YLLCORNER -55.5 
CELLSIZE 0.5 
NODATA_value -9999 
[rows 50 to 74 of 168, columns 56 to 111 of 154]
-9999 -9999 -9999 -9999 -9999 -9999 -9999 -9999 -9999 -9999 -9999 -9999 -9999 -502.89819039611 -225.621782420817 -87.3800148237256 -59.1286501098616 -61.3192860664089 -57.6169671551792 -40.7021366833182 -26.6342972770841 -13.5948183727805 -10.3110146017339 -14.1084845342495 -23.4107445791859 -33.6910924595261 -48.8662494395064 -77.1280895952659 -99.4570095987224 -136.01453593497 -152.043172642415 -136.407078022017 -99.2817811616083 -61.1700821735471 -21.9344775161119 -10.3055252035653 -5.32549540815443 -2.33089470881947 -2.64339769360757 -4.02327850274509 -3.69338291168948 -4.34497971953195 -3.91660206845182 -5.35283558616436 -8.60983388754297 -14.0064672067716 -15.2934122371695 -12.9568482459069 -10.5171073421137 -6.34167329417777 -3.89277305429253 -5.01877526099799 -4.41162535742983 -3.25614856319011 -2.1509729769184 -2.12433856745733
-9999 -9999 -9999 -9999 -9999 -9999 -9999 -9999 -9999 -9999 -9999 -9999 -9999 -291.279292614302 -154.684867354573 -70.8871732630165 -47.9674564196524 -43.1736002692849 -38.2932412798064 -32.6527512152225 -21.1490810444166 -8.86307359779815 -3.57621514660943 -4.23386062965128 -10.4934299065027 -17.2441323527965 -31.3175154940373 -52.2714928399335 -72.1781271120163 -97.7356949031951 -113.534610572208 -98.6660505453804 -74.8852203667034 -43.8469561556957 -17.1395387503284 -7.53081318781644 -4.40481809413106 -1.56482595918993 -1.4466969741418 -2.18442740995661 -2.19217342612557 -3.29736268556474 -3.11538626587896 -3.18302068242041 -4.30558059373262 -4.79230234864616 -5.25719235485026 -3.42701646165441 -2.82286496512205 -2.86117474629302 -2.7268030663086 -3.79010706440054 -3.41394842773065 -2.99787512049018 -2.7077319186241 -2.9610291017741
-9999 -9999 -9999 -9999 -9999 -9999 -9999 -9999 -9999 -9999 -9999 -282.059519726547 -208.869145389873 -177.96142748133 -115.856933858429 -61.7133236942439 -41.2413840668067 -28.7651371462778 -22.9808000716034 -22.8530476417858 -19.22891269538 -9.35687267272372 -4.64635827804555 -4.6436127919483 -8.91997261646231 -16.8328889435581 -27.8206656923155 -50.0082951824685 -68.8300374503218 -89.5519977726358 -104.375540654027 -82.1113104225291 -55.6044513002832 -29.6052624977976 -8.51424179071624 -4.00191315213924 -3.76015566392843 -1.31633684350851 -1.62610749288042 -2.40535140840721 -2.87860025654225 -3.4408972548117 -3.03947271743579 -3.23764024225904 -4.38010128783655 -3.91541347994181 -3.67301656909746 -3.42409719006256 -2.61427439097982 -2.35487374252222 -2.68381394470105 -3.23933544033914 -3.33419527849767 -3.25645479720876 -3.43890309091676 -3.90967641612988
-9999 -9999 -9999 -9999 -9999 -9999 -9999 -9999 -9999 -9999 -237.550833044752 -184.792087623222 -146.380416733208 -151.115808713754 -122.818374545505 -81.3831164426554 -45.9188099365463 -26.1414181583823 -18.088771694311 -16.5496333960215 -17.3677246813213 -15.7695800433313 -15.555626031752 -17.4285283919885 -22.2646153729396 -31.6946476544261 -46.3916491696054 -65.7222883074926 -84.3506085715457 -104.999804047847 -109.739888885571 -85.3359880707132 -51.8599720142091 -25.0597813147671 -6.73409201402386 -2.24172142548967 -3.36538845787623 -2.05297149794705 -2.16882449866605 -3.08070055869791 -3.39915516063469 -3.45245770540028 -3.16396756147754 -3.50623011248999 -4.17645662862004 -3.57985566032503 -3.17442926778787 -2.53536782800846 -2.28832083618329 -3.09825682079714 -3.686607348126 -4.64432161099903 -4.43140122048218 -4.50756110758174 -5.21382835368254 -5.65469892449481
-9999 -9999 -9999 -9999 -9999 -9999 -9999 -9999 -9999 -9999 -124.428674913868 -103.161684510905 -124.022140228093 -130.366731349155 -132.142865988863 -109.404433029467 -67.6848533440815 -39.2434068544825 -28.8954409408469 -24.8794801113076 -23.4970236652891 -27.3322462005917 -33.5862881924969 -39.4560300534738 -46.1152622420124 -55.1643570305064 -71.2019510925814 -93.3070923756821 -114.199406609765 -134.034319775752 -136.188695498913 -103.591081247524 -61.0244545921163 -30.6367588539892 -8.86224910807123 -1.89351897487547 -2.15597637996081 -3.38621663257712 -2.95016615146604 -3.03483451703741 -2.98994634606667 -2.87242171725507 -2.83004184490147 -2.93008159398607 -2.71709378475427 -2.62849174452298 -3.14282478436009 -3.55838096383756 -5.27219768670883 -7.47732126282642 -8.15041260808546 -9.44435751840032 -8.81389498776854 -8.93768283974662 -10.4289275852987 -10.5512967343403
-9999 -9999 -9999 -9999 -9999 -9999 -9999 -9999 -165.487181087854 -92.2003872713324 -48.4312099553095 -65.379137653155 -111.7551302319 -115.571519967844 -103.902856861852 -113.6202762015 -95.7590927321891 -64.4194559121828 -51.7346864161837 -46.4684724657057 -44.3727359307617 -47.7594228569928 -54.7782739391904 -62.9338655278608 -70.2623642960595 -82.814099607783 -102.674566779018 -128.52007944934 -152.871410139512 -157.886037033025 -151.711444033408 -111.958943844251 -71.529737810233 -35.9271611195182 -13.1733665033037 -3.02333994859045 -1.76195297713559 -3.41952553780501 -3.62528678640086 -2.7496306793353 -2.28148473044222 -2.01161859610797 -1.90840314212639 -1.94031923175509 -2.88475266650182 -4.42103585380728 -7.72995947314061 -12.1317213664469 -17.0342702311453 -20.9791578008748 -22.2262878872223 -22.9313916374854 -20.3903737991631 -19.5884184820304 -21.4839888961193 -22.0616029393095
-9999 -9999 -9999 -9999 -9999 -9999 -9999 -9999 -100.171434267638 -39.8330832753197 -24.2171394966347 -48.1341477163183 -107.452134601394 -105.341886839203 -85.4224548433395 -85.9650862145743 -97.7666433278055 -97.0087430428135 -84.5147216141135 -77.1320615300941 -77.5949806378209 -81.8503195957364 -84.6985286024589 -90.5937723108684 -106.030988692468 -125.052883163333 -144.421153087416 -167.202780957219 -179.758159453516 -182.798551222606 -169.15685504695 -125.874152276669 -79.1748417719851 -44.8870716879887 -18.9116032953544 -6.86875135093095 -2.88326229477371 -2.72210007021076 -3.40902194228308 -4.88637891905394 -4.16923421914231 -4.27339393669252 -4.54186906706521 -6.42836913139567 -9.10345475539761 -14.0307019809933 -22.01867947801 -30.8908174527773 -40.4353706765409 -42.8773106774333 -43.6866099410402 -41.7481067210281 -38.0023807587682 -36.6341743199763 -36.5402186865095 -36.563781242299
-9999 -9999 -9999 -9999 -9999 -9999 -9999 -110.705560409276 -56.2432208017834 -21.6256777119255 -17.4954109765768 -46.5299695514008 -115.598452153113 -119.822498290492 -83.1714610993507 -69.802381833605 -77.9129554927549 -97.157494153337 -102.173656891299 -114.428270791394 -119.053589455543 -121.220922544461 -123.20549991629 -129.815566661454 -144.327665660801 -153.342224343685 -155.356503253539 -153.871167354357 -158.719652265029 -162.8278920003 -166.661968288085 -133.168485574927 -90.6107986176706 -55.8757646415057 -29.3240856858407 -15.2275039804828 -8.22193861337391 -4.98663188237868 -4.92301167420752 -6.59486357640117 -9.29076047023728 -13.6381538328091 -16.7911481763163 -21.4394623485221 -27.9189552546919 -38.4717809700062 -41.8440335783453 -39.856146609599 -39.2816119128804 -39.9670271197297 -41.0731626285057 -41.8733691315316 -43.6366299557157 -47.5246237628386 -52.4664809377744 -56.500938073313
-9999 -9999 -9999 -9999 -9999 -9999 -9999 -76.4594066355317 -31.5927407539601 -12.1570510063959 -12.836940157279 -49.1522028951325 -118.889798021206 -136.439865048342 -89.5734338345669 -58.5096079295925 -63.4903391173768 -75.3017280577306 -82.2624047403904 -93.7951702005592 -102.506873607319 -110.427604015716 -118.966426180314 -117.69240731867 -118.286659757896 -121.823854716803 -120.768819870775 -124.573172085535 -123.954512880668 -119.747130508641 -120.89837565921 -121.419132909688 -102.820887506027 -72.2288318970328 -46.9769169193568 -30.790010188973 -21.1512358379075 -15.5944337584413 -14.7747607084243 -17.6297192099414 -22.690722340339 -30.2927812316863 -41.5824518139563 -54.667510402467 -54.1991503256526 -49.9212433342057 -49.1372368252578 -47.4093473127027 -47.5703863348761 -50.5655324465783 -49.7953876599637 -45.947820149904 -39.5301513198918 -36.2686353823767 -36.3781010513008 -39.0102427808352
-9999 -9999 -9999 -9999 -9999 -9999 -115.415281872424 -47.8931842581696 -14.2762117609426 -7.98632528001442 -10.9211952695891 -47.1497373622458 -129.435344006812 -163.470778899761 -97.9230432361807 -58.4610449968418 -54.0144459736621 -58.8461628998567 -63.9729757067281 -75.4740205412667 -83.9557094579971 -86.652010366346 -91.4401021499711 -91.3499795990097 -93.3607398490808 -94.8948768506139 -95.1345436014572 -92.9412527675691 -94.563632868279 -100.10228700492 -103.438812581023 -108.832618686486 -110.174957090133 -93.319959443324 -71.0765019922424 -57.4966910970843 -46.2712222293822 -41.7160383171716 -41.8883407419193 -46.0664998987303 -56.9659779402378 -65.31618237223 -64.7554580519372 -62.2772732333119 -62.427905156788 -65.3009663969472 -68.3701624181689 -73.835092620362 -73.7298503634502 -79.8068826019683 -73.3397442657722 -67.0239725503596 -54.8851207092536 -46.7320830465674 -43.0676396176764 -38.2222648256693
-9999 -9999 -9999 -9999 -9999 -9999 -90.1350561418887 -29.8250260590051 -8.92883395202872 -8.00470882103685 -15.2184536613996 -48.4865339475699 -131.170034779039 -166.285875869991 -105.653489633478 -59.1227549060482 -50.3467753360497 -51.7568532025327 -54.581348725182 -62.5055525075161 -66.8141631267156 -68.0546459328239 -69.9051892753849 -68.688254037461 -69.5287207326588 -71.9291487413078 -71.0694171996618 -71.4008354196737 -72.6120150277012 -75.4809236445661 -80.1442635115553 -83.1781258833938 -87.2647687610526 -90.6990330591026 -89.5583124024955 -80.9936960420134 -73.8352210378997 -71.6682615956639 -71.6151287445415 -67.5825469127612 -63.6187173349398 -65.1880527003035 -68.4774438257332 -71.8366909256495 -83.9704250649497 -81.8437711550355 -77.314874133899 -69.9776659822642 -61.1451483803841 -54.1353918730268 -49.6260490264663 -43.2872041805397 -37.5000256806281 -33.0834237849604 -30.3655699348059 -30.6239754468762
-9999 -9999 -9999 -9999 -9999 -9999 -74.7012001889711 -24.1686345947692 -10.1399752727711 -11.0951437383922 -17.6859118043308 -48.2520926491847 -128.117062974178 -155.251991574843 -98.896441517671 -59.3756235115569 -48.9800740417565 -49.0322328953762 -50.4058168873302 -55.6101436539602 -58.6699414775005 -55.5009962453501 -54.7835867061778 -53.7246493926415 -55.8224777715978 -58.358279517301 -58.1697869018445 -58.5228915163879 -59.7377581360319 -61.6927655737364 -64.592018275057 -66.131530620012 -68.4940209062754 -70.2752812498894 -73.2102499027816 -75.0276900238975 -71.2040266889986 -67.4066027292967 -63.8285526134232 -63.3710220494935 -66.5660856409983 -68.8866876222138 -67.7338315854641 -64.1202156668217 -64.3816816942557 -57.93951188602 -54.751917618145 -49.3171483286725 -42.8204037739068 -39.3656877402401 -33.0464217623774 -31.3632070438689 -27.5289325303034 -25.0682896872898 -24.7364393539484 -26.2716046166453
-9999 -9999 -9999 -9999 -9999 -9999 -9999 -28.0447776804782 -13.882108689558 -12.5922580610199 -16.0522541438844 -41.0482464315429 -104.408363528134 -131.304899436284 -95.4379693717776 -58.5008966632901 -48.2672327820465 -46.0336944563085 -46.0634579731687 -50.2735393934808 -50.1133774210861 -46.9817836737559 -44.6421312488533 -43.1353585893605 -44.6177246954767 -47.2441265071875 -47.3265556771481 -47.4012799667754 -47.5920879943588 -47.7732278001201 -49.3217848922066 -49.8642499626327 -51.449663974358 -51.3604438228672 -51.1573041723094 -51.3008397286822 -50.4004028666333 -49.9091209877591 -47.8972044050164 -46.7203296157251 -46.3856251313966 -46.4699227237006 -46.2133713647452 -42.910304200535 -41.604717558015 -39.0829098327293 -36.1681525655124 -33.4770492035192 -28.2086388316258 -24.7263029726075 -21.2511829823064 -18.7056724974744 -16.9214835764757 -16.1942526587491 -15.7830257980998 -16.8760609468455
-9999 -9999 -9999 -9999 -9999 -9999 -9999 -9999 -19.4030190500197 -14.7583024032034 -10.8996786567379 -32.7787845784584 -90.2617252902889 -106.588968018336 -75.9440597323719 -53.6722212938967 -42.6384262773769 -40.1040309856875 -41.4134188926597 -45.2431252059904 -44.0339421334935 -41.1451301939619 -37.2715415730186 -35.4449985441513 -37.1113827150491 -38.8866938426023 -38.45393164986 -38.1172021981861 -37.6706829408271 -36.7933209304066 -36.610083515635 -37.3418843326246 -38.2254910641255 -37.696484867829 -36.6472641831039 -34.4916034020425 -34.5942577554456 -33.6201814947321 -32.0941585106047 -32.4283884257001 -31.2048635119459 -31.3766176193834 -31.1153124702939 -28.7236562657554 -28.4809450102573 -24.8320938694869 -23.2370554534638 -21.8319196320696 -19.15837774303 -16.794051419404 -14.4079239871972 -12.9397699609453 -11.605640213322 -10.3291081490868 -9.38288813536635 -8.48365861177179
-9999 -9999 -9999 -9999 -9999 -9999 -40.2599194313751 -33.2479821016022 -22.2124281362525 -20.2175760610802 -19.4772711522212 -34.2408129946536 -63.5838197877853 -67.030105605419 -47.5370183579279 -33.033420883816 -30.999850759674 -36.3421866493197 -40.1736037997941 -42.3401069739216 -40.8348803765593 -37.6529146019322 -35.368737667158 -32.4251991162322 -30.7596658763444 -29.747678900471 -28.7999140710522 -28.768749205549 -28.6791190592794 -27.6209506722628 -27.3649955645741 -27.3966132855129 -27.7492965033234 -27.1032210002485 -26.398784059945 -25.2062403634059 -23.3226295529113 -21.8742205073206 -20.433222082697 -19.9504631536241 -19.9455856075781 -20.1364530203012 -19.9641162403962 -17.9062626529037 -16.9392152819984 -15.4998295750097 -13.8194448997443 -13.0395423422693 -12.935296701154 -12.0669498679818 -11.2239043868824 -9.90331379869486 -8.59243282634771 -7.38372744238984 -6.53444701433532 -6.22984260441812
-9999 -9999 -9999 -9999 -9999 -38.5833997750531 -33.1106611486951 -29.3480069845495 -25.2018006414339 -27.0919408747415 -31.7220217517652 -32.6569514475816 -39.8042239469156 -35.818737116385 -25.0891170490167 -16.0276315882219 -20.8193276631795 -30.3208284130254 -38.0107615487087 -38.6104061968094 -36.399988849149 -33.9329270742386 -33.8509267772209 -30.1666695245996 -25.5410760620832 -22.5354196659409 -21.4062134461928 -20.9985274298834 -20.5809237866003 -21.3431231367488 -21.0948100991432 -20.2055854760978 -20.6463240948474 -20.3906887058588 -20.0433497496925 -20.2825771232278 -17.0832342806479 -14.7905667793512 -13.1312538906477 -12.83773184509 -12.3379538346661 -11.9017493767734 -11.9828488636152 -10.7175015621367 -10.5626347691982 -9.51302645702199 -9.46417416786933 -10.3747927334878 -10.2889344171144 -10.0463671631313 -9.82634462084943 -8.4079882477625 -7.24783588904815 -6.07060234931958 -5.48222906460559 -5.93838795055421
-9999 -9999 -9999 -9999 -9999 -22.8673831046846 -26.483322531417 -23.4774857823136 -24.6292931034349 -30.3808535214689 -33.2202815895846 -29.8934259839505 -23.7424641919464 -17.3653082349089 -14.7563250294056 -15.169194573129 -19.7499533291619 -25.6519206666541 -32.1556842247003 -28.5802948027729 -24.0197591134168 -22.1162289321978 -22.0046012798879 -20.2024112775279 -17.6749528505063 -16.0430137551945 -15.9007565069117 -15.8822884911421 -14.9032044453658 -14.3298354506686 -14.2179568862473 -14.5794106836646 -15.0345602372531 -15.5588629107002 -15.4909146238522 -14.8457298559967 -12.4219859738455 -10.1592623251848 -8.71997756856395 -7.67009771454382 -7.34599376438634 -7.02189393256624 -6.90265239604664 -7.00451513305184 -7.5935640683056 -8.60009666746917 -8.95477569493185 -9.26753998041229 -9.22424852890494 -9.1778491913512 -9.10326304831792 -7.93875356286045 -6.73534130566165 -5.79935656068755 -5.14476295952271 -5.01400046128395
-9999 -9999 -9999 -9999 -9999 -9999 -19.6202980856602 -18.0826860533692 -22.2177725398612 -32.5751782703582 -44.8158911904969 -41.4995683908063 -21.8829697031634 -14.2152914721239 -15.7974784894665 -15.3927551459959 -20.0320249362364 -24.8694917919355 -25.2267779793368 -22.4549819179429 -16.7538693712765 -15.4532978644272 -14.0581696261486 -12.3957121367596 -11.0464546045637 -9.39244133196614 -9.20747425957031 -8.81672964197564 -9.04362658173007 -9.4460721521974 -8.62837896432533 -9.36574043846207 -9.95713834473696 -10.2630235985738 -11.2254505903929 -11.3170718700984 -9.3487019799859 -7.08265915778488 -5.41349079194804 -4.55819799165104 -4.30634264138326 -4.25065082161901 -5.00540342773909 -5.77162205566377 -6.83977776969053 -8.13033030579703 -8.44415338652902 -9.15096790553095 -9.19241758514181 -9.48050126950133 -9.23066333095159 -8.27714703708202 -7.3153509512026 -6.45432964190126 -5.69223676219435 -5.47375318778079
-9999 -9999 -9999 -9999 -9999 -9999 -19.4764071066454 -14.9272715972184 -17.5100546796922 -30.4019974198 -45.3484369469803 -60.495830151234 -55.0119809885734 -40.2852181694094 -30.2666812856469 -27.525256065601 -26.7095312124572 -24.349881639495 -22.1915872863578 -19.6298320267837 -14.235672368092 -12.0865862802838 -10.7277863386822 -9.0737347119257 -7.55410688210048 -6.24727086504087 -5.79239829033103 -5.48154729850877 -5.57584565857301 -6.02210677824035 -6.48139491150748 -6.79466694486691 -6.90309066248334 -6.67402442642621 -6.58382937348069 -6.31430644922248 -5.25575902707094 -4.36369665408003 -3.19505899079115 -2.59183952836267 -2.51891854366073 -2.79447768922094 -3.62297846958364 -4.4056593960074 -5.49606178929543 -6.70328236538864 -7.6815458882771 -8.69163344357474 -9.57107649519275 -10.6095372409219 -11.1556756151767 -9.95148007798902 -8.88298483319739 -8.49448633158883 -8.40948647866749 -8.92021212317974
-9999 -9999 -9999 -9999 -9999 -9999 -18.8076010003831 -19.5316715110586 -20.8237284661048 -35.0280302592287 -50.7413948267791 -66.2353908361036 -90.8896408065993 -84.1252062966741 -63.7790453118195 -51.941453635549 -38.9046132632933 -26.9024157423981 -23.374729728776 -18.5382791510762 -13.8040388005785 -10.9557262750077 -10.2111305482095 -8.53757296984953 -6.72633448339971 -5.25116468084717 -4.88931720459652 -4.65489509108965 -4.51541304269181 -4.68167263988742 -4.68125520055974 -4.8415744016719 -5.04367517132071 -4.5349256964035 -3.97238002202564 -3.42202174110442 -2.51004144208523 -2.04292440753868 -1.99228237932691 -1.65603389813108 -1.56619943230066 -1.6219389856309 -2.3745693961521 -3.09507324919746 -4.11052438996216 -5.19986131631253 -6.23045317947486 -8.12671171209274 -9.61949167484911 -11.3444742004297 -13.0273010097554 -11.7085830367181 -10.9793707695062 -11.078355024788 -11.8182417760701 -13.4641686512918
-9999 -9999 -9999 -9999 -9999 -9999 -9999 -9999 -49.1540434466954 -45.4221046358045 -47.2075350613072 -73.5420833024751 -111.722792788904 -109.886758722129 -89.4596654322438 -66.6061772975627 -46.9698471011681 -34.4789858625604 -29.100239000917 -18.2156278266083 -11.8153224436637 -9.56097434493998 -8.52894510209555 -7.2071505687992 -6.79209241032958 -5.34777619195253 -4.47373616351043 -3.8290011820191 -3.59492608342987 -3.65939933357509 -3.63424550105824 -3.773555624663 -3.5532761772863 -3.42507298863667 -2.79808120826075 -2.04488108813891 -1.42909214162742 -0.987394977587639 -0.818135949944687 -1.11124067412024 -1.12978676594028 -1.412684265785 -1.70515873041578 -2.16300864031995 -2.92158553867311 -4.0643009885718 -5.31977380287756 -7.00838081711183 -8.68273324770693 -10.8410229877564 -12.1805240349035 -12.3992343799631 -12.2849324826923 -13.2242585605292 -14.7281441826931 -16.4078103688187
-9999 -9999 -9999 -9999 -9999 -9999 -9999 -9999 -49.3604314148368 -55.2322382657091 -45.3303940409852 -81.8699899096042 -137.528657642031 -126.680703442599 -99.5940386178455 -74.926352493322 -50.5781024210886 -36.6454097752693 -33.0395738479842 -18.8137560585433 -10.4637914206584 -8.05457679884116 -7.86897583105583 -6.62583425126812 -5.70953308365046 -4.99472039672774 -4.49815393806548 -3.80596478569413 -3.81360197092388 -3.70576866797853 -3.07985722835179 -3.10978946269239 -2.61934782515241 -2.00209711174859 -1.79013763156481 -1.55978269334414 -1.17171086735683 -0.722293532379862 -0.450671513393922 -0.366367767076709 -0.63726380163397 -0.718078979913232 -1.01880111547304 -1.46101976314103 -2.13589404963941 -3.22073874005289 -4.19454681320383 -6.02328008239083 -8.01479106859726 -9.67784355539431 -11.4771293161277 -12.1850202334206 -12.8351683402716 -14.1478944627263 -15.5109818341146 -16.739750394355
-9999 -9999 -9999 -9999 -9999 -9999 -9999 -9999 -9999 -58.6660745663462 -44.7238658639573 -88.6068761697403 -169.950687455565 -144.403305073333 -100.235816316089 -76.2708470290186 -47.5346148435295 -32.3914772289898 -30.5753148572613 -17.9383866782157 -10.1315166536796 -7.79513771517794 -8.09459639616408 -7.16357922065772 -5.4353003693281 -4.37187036521152 -3.68900151502287 -3.56280257772712 -3.57878109767095 -3.51089261337534 -3.51466218179801 -3.45836596607742 -3.23868720609521 -2.11789835547843 -1.24906280512689 -0.602704710760698 -0.397098294863948 -0.462768186161975 -0.727837341255066 -0.401741814327374 -0.347795454290005 -0.502323783236819 -0.845176890279316 -0.904351587214272 -1.22002690796261 -1.91975040234155 -3.10347746573236 -4.97761999896864 -6.87401617359756 -9.38409892305745 -10.3573546631031 -10.8338162694966 -11.2630602271832 -12.5275339768893 -13.8044458934037 -14.6552343914206
-9999 -9999 -9999 -9999 -9999 -9999 -9999 -9999 -9999 -9999 -55.5982705646173 -108.329637688613 -177.179232988073 -153.585065895759 -102.822714321539 -72.3416305195257 -37.5468720064008 -25.5793037986446 -24.8512826077587 -16.6918228447194 -10.609479646737 -8.54129255844223 -8.42313747952002 -7.62785093563411 -5.89784528612556 -4.6390245161734 -4.10198397883924 -3.7448770426911 -3.56920199548029 -3.37833136199861 -3.23849929177227 -3.29478266972981 -3.18889404989348 -2.45507749313762 -1.7041873705946 -0.806336548539518 -0.298780517554447 0.0770371562585411 -0.000881021161823536 -0.428657766201512 -0.597341097551286 -0.386239540013496 -0.441109594422132 -0.581150283557838 -0.843538887665841 -1.11861593961326 -1.87033083177027 -3.59169720200392 -5.84744112530978 -6.95246771245437 -7.7349793855839 -8.48493987882535 -9.21392508901849 -10.5111575243396 -11.1394434698141 -12.0295099506671
-9999 -9999 -9999 -9999 -9999 -9999 -9999 -9999 -9999 -9999 -9999 -121.957101094904 -172.702838916493 -160.54263725543 -105.986029955929 -66.3612210053757 -34.9082121105954 -16.2408895330383 -16.458391794868 -16.6527331520236 -12.1040717088675 -10.389698188066 -8.98806268743754 -7.57374073116829 -6.3607148358746 -5.01677343120995 -4.4823849540672 -3.98164201367903 -3.64315056427243 -3.34469608428257 -3.13327543272029 -3.19076052125547 -3.16392014642265 -2.84293041365556 -2.17605093232363 -1.46643628291905 -0.794397169783009 -0.367076543589081 -0.0571705795336914 0.0546410461535377 -0.144425862154096 -0.452801492021967 -0.549338179230107 -0.608184034103372 -0.707006295996027 -0.921111719909693 -1.40441134831802 -2.65499260068753 -4.53178063890596 -4.85088250635055 -5.71749087893897 -6.75403916571916 -7.94686793807486 -9.07230983634253 -9.0469168399539 -9.56252181999534
