meets/meet004/_saidas_enm/CCSM_Maha_6k_Aralia_warmingiana3.asc
NCOLS 154 
NROWS 168 
XLLCORNER -112 
YLLCORNER -55.5 
CELLSIZE 0.5 
NODATA_value -9999 
[rows 75 to 99 of 168, columns 56 to 111 of 154]
-9999 -9999 -9999 -9999 -9999 -9999 -9999 -9999 -9999 -9999 -9999 -36.6185407154407 -46.7860712369292 -46.4256496642946 -33.8548804198501 -14.0837659089589 -0.533901326769588 -0.0234178386715223 -2.05658140855556 -1.98259627634214 -2.64275611313818 -3.58545502810024 -5.08123938035173 -6.18801482895898 -6.04561233648557 -6.17212114513851 -6.27523971064973 -6.46357009041324 -6.85970814127405 -7.00662626700947 -7.6519447078317 -8.32137289753038 -9.27690590071468 -9.86459127357647 -9.8431642833413 -10.0866281855249 -9.92951210784742 -10.1455644338758 -10.0736607671021 -9.73061610026057 -9.75680587214627 -9.39450882928743 -8.74780602619989 -7.78022419264135 -6.98983514684903 -7.58354666028495 -8.46019819133683 -10.1630163211002 -12.0949648906087 -14.1765477143297 -16.4991690828353 -17.7839422925925 -19.0303489368856 -19.1462746599871 -19.2201816291819 -23.1010602640831
-9999 -9999 -9999 -9999 -9999 -9999 -9999 -9999 -9999 -9999 -9999 -34.1051063033018 -36.0942534067746 -40.0151333208678 -36.130437082739 -24.5325069502368 -6.3128699257709 -0.952271365944727 -1.51603087210296 -1.0716363165798 -1.87285182474088 -2.38531262090185 -3.48657030913357 -4.86888963443955 -5.11244080968098 -5.61267644433129 -5.93917148664602 -6.1635771436545 -6.58246646787312 -6.86766694258263 -7.60535883774388 -8.34836117484175 -9.42700298948687 -10.1990460054596 -10.002065452226 -10.1575265008989 -10.1725100088883 -10.2335905228332 -10.2851187783669 -9.83555448222942 -10.0515561156789 -9.88603861826365 -9.2319471739537 -8.32520561399749 -6.92533144452324 -5.7659279449471 -6.42483004394403 -7.77841877657379 -9.34237194241921 -11.2162992833281 -13.1823634407167 -14.5146415912038 -15.7604724785364 -17.131971925349 -21.1426375232125 -26.0682672785545
-9999 -9999 -9999 -9999 -9999 -9999 -9999 -9999 -9999 -9999 -9999 -9999 -33.058932679578 -34.4000485857079 -35.9027839654914 -28.8018605654173 -17.1154833891674 -6.75263523850636 -3.42624086066468 -1.66742301673311 -0.69803376299789 -1.43934894271168 -2.33182040170679 -3.72276234303073 -4.06149190035045 -4.74818352487223 -5.14037001619769 -5.46335516982121 -6.04024150830073 -6.5534860993357 -7.33742025808137 -8.0440662413108 -8.86333372875715 -9.53417914093152 -9.62969517915657 -10.0360162934005 -10.3537347006571 -10.4806733163656 -10.4980695784004 -10.1583211712208 -10.3790191624745 -10.9581292834406 -10.909366713283 -10.1252338512521 -8.3742069267696 -7.03502280835716 -6.6138839847542 -7.15088325094 -8.02253135562252 -9.24118600048985 -11.0281665375438 -12.3042776943034 -14.389107065194 -17.8298525741072 -21.7085177300403 -26.2565494052177
-9999 -9999 -9999 -9999 -9999 -9999 -9999 -9999 -9999 -9999 -9999 -9999 -37.2916971070415 -32.0566520863824 -28.8974781665639 -26.0156548197217 -32.5823584082683 -34.9204177405676 -24.3037691052315 -6.47909465139965 -1.62270086456516 -0.733253614994026 -1.27921517010778 -3.18511106955907 -2.8598538014627 -4.25774624560996 -4.25349626949747 -4.49917844653683 -5.15760815395499 -5.87338131838435 -6.955055056234 -7.47719137315216 -8.01104519275978 -8.58656539467477 -8.76917397878197 -9.42912767410501 -9.95066538200932 -10.6821058458864 -11.0842376876678 -10.4395375741669 -10.6363844084394 -11.7356198611645 -13.5598785306636 -12.9099993802432 -10.4793160336246 -9.34523378580184 -8.2412843701827 -7.84157069616981 -8.18763419913747 -9.04048476362253 -10.9365934750889 -12.8461281064715 -15.3403564225948 -18.49368762437 -21.7931571462875 -25.5999956108268
-9999 -9999 -9999 -9999 -9999 -9999 -9999 -9999 -9999 -9999 -9999 -9999 -9999 -35.0624659687019 -30.0690967419591 -39.6149564054096 -58.3214598256014 -79.5833955391497 -69.8608914855026 -42.3219293051398 -12.8083068484527 -1.78836124022676 -1.52582386071821 -2.41572458311203 -2.98987599056847 -3.24532807891843 -3.17794839437336 -3.35735456526855 -4.22520620516825 -4.81990729628177 -5.86524234889352 -6.54284121736968 -7.1855817785399 -7.87967538990438 -8.34437152688816 -9.07895596996023 -9.76501428895475 -10.4534783816639 -11.1206281324188 -11.3211415503454 -11.4118067337077 -12.1233207969782 -13.6277021809495 -13.9949469027711 -12.1852077329332 -10.8856094714825 -9.47235582095062 -8.79876120142769 -8.96278974729881 -9.73892600034534 -11.5212685602216 -13.3090376144346 -15.7836298457214 -18.529971704056 -21.2152013091339 -24.3600391230999
-9999 -9999 -9999 -9999 -9999 -9999 -9999 -9999 -9999 -9999 -9999 -9999 -9999 -42.4704213978066 -32.0029565523119 -54.9086846468221 -83.2866439305488 -136.776711175429 -138.630228358381 -99.9628948422608 -72.5401418904527 -21.0080624551651 -10.8968296010469 -11.3124954789838 -13.446106235767 -4.35021582050593 -3.78518558093419 -3.74448774308114 -4.688997825668 -4.17611677443512 -4.98053506630167 -6.07765803389444 -6.21562455015486 -7.02362166093468 -7.690657030373 -8.75218283790167 -9.18148197492727 -10.026037271659 -10.777100234439 -11.1968640451219 -12.1254964843176 -12.1650530687493 -13.2252400305573 -14.6034911911492 -13.3342265530186 -11.99804635872 -10.7139999141433 -9.61596294728878 -9.6997214952833 -10.747225041877 -12.0749332236722 -13.962879985358 -16.0905238340035 -18.2049958106447 -20.3302698544797 -23.1548318741047
-9999 -9999 -9999 -9999 -9999 -9999 -9999 -9999 -9999 -9999 -9999 -9999 -9999 -9999 -29.81332820224 -48.8391131995394 -84.6534055858273 -139.004524711986 -156.804499312403 -141.199438715641 -108.073916719046 -74.0894599690954 -62.0948635969323 -60.6405491302519 -52.387055804864 -37.4938400573923 -24.0453783204376 -10.3795290579032 -8.33089421874225 -5.86801980404878 -5.97757678949086 -4.5526090860288 -5.58774325834968 -6.52493943086297 -6.87816661592064 -7.78831196044093 -8.43718609525504 -9.33712932848828 -10.1223475489018 -10.6907588377354 -11.2610031790415 -12.3781152809036 -13.3952692909092 -14.7330024415962 -14.176348318516 -12.9995662178478 -11.8184497792162 -11.1635921785453 -11.318029362046 -12.0109630900414 -13.3724803337483 -14.6537790220035 -16.1543426443753 -17.5461406702315 -18.5077500805255 -20.1241417268564
-9999 -9999 -9999 -9999 -9999 -9999 -9999 -9999 -9999 -9999 -9999 -9999 -9999 -9999 -28.1159934003393 -42.8130673199427 -69.6489942737969 -120.506155658607 -155.162033881388 -161.30831059288 -153.774923903723 -155.039799785158 -181.48248685117 -179.001170090581 -133.787694453498 -123.757702000378 -78.0812643286049 -40.037463039361 -23.6554935815701 -11.1012332817532 -7.857553578752 -6.30559436029061 -4.97764055719267 -5.37806192343256 -5.74287752004145 -6.68655512613857 -7.48261462244927 -8.18697006385045 -9.40640453720695 -9.86855812253002 -11.0719638450066 -12.9092623243472 -13.8711769060891 -14.6821348449698 -14.9011970226318 -14.1838511787536 -13.1735976151426 -12.6597978908531 -12.7222954395779 -13.1498350984086 -14.5635864550676 -15.0387387646578 -15.9506510374001 -16.5656938423507 -16.6196966967391 -16.7329081123057
-9999 -9999 -9999 -9999 -9999 -9999 -9999 -9999 -9999 -9999 -9999 -9999 -9999 -9999 -9999 -30.864549486318 -48.4859498443727 -88.787881222481 -133.336443662919 -171.991702757396 -214.323004435667 -226.801958985594 -256.376540706277 -261.359134054559 -247.817740171941 -244.988919185839 -195.302727954455 -158.930556661947 -108.060398926128 -49.4067383836564 -17.8784094794687 -5.91162542957086 -4.97604838549297 -7.11567507064254 -6.66467281504322 -6.84667623458601 -7.37346473495287 -8.03699908945597 -8.57834667642777 -9.30968483987846 -10.5595392013473 -12.4745411751261 -13.8024656101361 -15.2887131451719 -15.7961924300628 -14.7615339282071 -13.9929469753287 -13.5051101562521 -13.3509303524957 -13.3680042386726 -13.7329591908426 -14.3180989191367 -14.8314133239862 -15.1439515779444 -15.2885284556624 -15.1521685858124
-9999 -9999 -9999 -9999 -9999 -9999 -9999 -9999 -9999 -9999 -9999 -9999 -9999 -9999 -9999 -41.50633261868 -47.1099366464347 -65.7927529431249 -108.399868253384 -166.144588202164 -250.792574332484 -257.111318133055 -316.226140563921 -320.916868260014 -310.700091084278 -385.768881129794 -312.892934446247 -328.430191388139 -244.579010130679 -99.1165228737444 -40.8484941627047 -14.3948399999264 -5.29018471084396 -8.20749830314379 -8.11764722871853 -8.26547783196632 -8.81620910909813 -9.10940389233126 -9.48484672774812 -10.0736744213333 -11.0002929328737 -12.5866794084142 -13.9122776403925 -15.3438861498737 -15.4803332892772 -15.2608252840396 -14.5560133554853 -14.0392735977349 -13.5787887986789 -13.0601927164246 -12.8645474458934 -13.1070854332387 -13.4562455471578 -13.7317531229197 -14.1215537183917 -14.0765514085452
-9999 -9999 -9999 -9999 -9999 -9999 -9999 -9999 -9999 -9999 -9999 -9999 -9999 -9999 -9999 -38.3680422594956 -63.6347809871838 -61.684117247063 -80.6978494661392 -115.982242236005 -168.245100024986 -211.305155748023 -255.759353221832 -277.283925784148 -263.045432412833 -266.078187072836 -271.484238562509 -276.661824465871 -216.761343594453 -125.800347153964 -59.5046215758699 -21.6921902616414 -8.65429422058334 -8.0266596204992 -8.7187642198933 -8.66806029562096 -9.73994890515599 -10.8664854994751 -11.7261028436426 -12.0832519198363 -12.954052258925 -12.7829707792767 -13.5481975559816 -15.1306181302999 -15.6706621256572 -15.3977302604824 -14.8644630731155 -14.3845417577511 -13.8967385583655 -13.0274708242629 -11.9741751751994 -12.2482185156658 -12.3071119485853 -12.7650877600301 -13.888150045023 -13.9246153272833
-9999 -9999 -9999 -9999 -9999 -9999 -9999 -9999 -9999 -9999 -9999 -9999 -9999 -9999 -9999 -9999 -83.0962817468788 -79.5841984230801 -70.3445603485615 -78.3663807814475 -104.501607127798 -146.353817798881 -187.622642608468 -218.16134408806 -214.30167520155 -214.873681255238 -230.836956641353 -253.392083809589 -208.074953346058 -145.564566768464 -87.9958079236057 -40.4273819264529 -14.8683979198659 -12.4623218746302 -8.03871989302394 -7.92310536441778 -10.0071452405776 -11.6924801652961 -12.2522358660027 -11.9064284600164 -13.0559786308562 -12.3865278219136 -12.8853945084442 -14.2900501327639 -14.7829893892561 -15.0664063417378 -15.4890370160406 -15.1733687597337 -14.954912134648 -14.1334581776369 -12.8085147917359 -13.8770206751371 -13.7508168141884 -14.3728217630103 -16.1833111317464 -16.0050353992713
-9999 -9999 -9999 -9999 -9999 -9999 -9999 -9999 -9999 -9999 -9999 -9999 -9999 -9999 -9999 -9999 -9999 -67.0194515911537 -102.003520541465 -76.331979719055 -69.7628640136082 -97.1977099564263 -132.874864290451 -172.41457627785 -195.110046748019 -213.794579689489 -234.377902366992 -244.501525391125 -210.811261030728 -167.769357326972 -124.083205918807 -74.3343296364565 -46.0020647997265 -28.021607483829 -13.9688248844786 -7.88178078677257 -8.69685478388466 -10.0119811282077 -11.2655260491215 -10.5141798327859 -10.6099105962902 -11.10523160655 -12.1405563589744 -13.4559876362126 -14.27756547926 -14.4729607161428 -15.4758973096093 -16.4944503241811 -17.1067214528794 -17.6135386436878 -18.668427082977 -18.8898727605937 -19.5950109222471 -20.3146116366223 -20.527481883796 -20.6515157089569
-9999 -9999 -9999 -9999 -9999 -9999 -9999 -9999 -9999 -9999 -9999 -9999 -9999 -9999 -9999 -9999 -9999 -9999 -9999 -128.865542899099 -91.413704803243 -91.989594866749 -105.841352148793 -143.888714657903 -178.598340211608 -208.177081517588 -242.548418837526 -257.522123921949 -225.731141619112 -187.199345191521 -155.06775773815 -109.629798632988 -87.300396259971 -67.463290196594 -32.6368290180574 -14.0532924816186 -11.4062014867434 -9.0809403041785 -10.0048259466567 -9.13407170538638 -9.62878079078044 -9.86052121737143 -10.8520974147964 -12.0987314508203 -12.8913648407993 -13.7731946039489 -14.569020256407 -15.5082115191661 -17.2501147379431 -19.4371316190301 -21.827271039719 -22.093397187743 -22.5440192012926 -22.9856013299641 -23.7050074946233 -23.644997587669
-9999 -9999 -9999 -9999 -9999 -9999 -9999 -9999 -9999 -9999 -9999 -9999 -9999 -9999 -9999 -9999 -9999 -9999 -9999 -9999 -9999 -118.994302035534 -92.9410778013452 -106.223201570747 -138.15265568348 -185.602618839014 -218.208808292593 -238.801117629702 -233.72040595636 -196.525488075965 -168.887398751214 -137.340265462921 -129.231212891713 -110.6234019214 -70.9669642209026 -45.9374261539709 -21.5449895401292 -10.4022914633072 -9.5563448894213 -7.69109607664967 -8.03822890855711 -8.86011981033306 -9.71134839497878 -10.7164636350087 -12.0990828465928 -13.0495361283719 -13.7915477746334 -14.6665198760817 -16.3470197793857 -18.9510312908029 -21.5383881304887 -22.8942691628252 -23.2642757028002 -23.6246306397883 -23.6642175074087 -22.9326018208842
-9999 -9999 -9999 -9999 -9999 -9999 -9999 -9999 -9999 -9999 -9999 -9999 -9999 -9999 -9999 -9999 -9999 -9999 -9999 -9999 -9999 -9999 -9999 -94.5089402810277 -98.3584646626693 -124.074003635965 -158.246210401472 -194.036070233896 -212.33599265363 -204.530280328101 -193.533874482869 -164.563238940409 -162.026817411023 -142.895575599625 -109.643765203658 -83.4315193850994 -48.1483197255454 -19.8808597702015 -8.72090807767814 -6.78498219326738 -5.77782266622525 -7.10454897123573 -8.07157060008622 -9.3364149014512 -10.8349664710952 -12.0762653377353 -12.9748297615805 -13.6561019099979 -15.2725267326846 -17.8671429955221 -20.6050461977743 -21.8426241807131 -22.5136623283062 -23.2821734836712 -23.4597760185497 -22.7784783949582
-9999 -9999 -9999 -9999 -9999 -9999 -9999 -9999 -9999 -9999 -9999 -9999 -9999 -9999 -9999 -9999 -9999 -9999 -9999 -9999 -9999 -9999 -9999 -9999 -9999 -66.5061679846529 -95.3498284127075 -137.396137048367 -170.425997080898 -190.031699834223 -199.940627567739 -190.453089024099 -195.807151439268 -181.793414976912 -153.702299576056 -144.382200007239 -83.818036508416 -49.3625944085703 -23.2257468480951 -5.79690509659006 -3.79110408352891 -5.7748636747292 -6.44912164345932 -8.16047137625524 -9.6558882707551 -10.9281494052675 -11.8660297864219 -12.5265546965787 -14.1481733866603 -16.8926349666501 -19.6254452282643 -20.9562937208577 -21.2400695355457 -22.2110854886181 -23.884666461388 -24.6419963806042
-9999 -9999 -9999 -9999 -9999 -9999 -9999 -9999 -9999 -9999 -9999 -9999 -9999 -9999 -9999 -9999 -9999 -9999 -9999 -9999 -9999 -9999 -9999 -9999 -9999 -85.4869792698327 -83.5348279560191 -98.6094152853443 -130.287840712906 -164.382306277283 -189.676240506495 -202.575663209515 -216.741823233598 -199.776250390425 -168.415689545239 -149.564550017443 -103.773365595613 -66.4756293879127 -31.2865945434942 -6.50469836004169 -2.20342334079917 -4.91012048373234 -5.43551857963825 -7.16671479687789 -8.44037174452084 -9.36548721312738 -10.1697045235728 -10.7505885066146 -12.5629957828596 -15.809016596968 -18.6548584569372 -19.943759136501 -20.3599477760506 -21.6347157283827 -23.4504388685515 -24.9556831847246
-9999 -9999 -9999 -9999 -9999 -9999 -9999 -9999 -9999 -9999 -9999 -9999 -9999 -9999 -9999 -9999 -9999 -9999 -9999 -9999 -9999 -9999 -9999 -9999 -9999 -9999 -9999 -86.3101032516136 -95.6212029804515 -121.138035837848 -162.344758366566 -195.674490889451 -206.370665199156 -205.03987661232 -179.681382108052 -150.452050407043 -113.022579909803 -84.0892717888084 -39.6846385434606 -8.55742155711191 -2.29371833436131 -2.8029970119466 -4.42179911138441 -6.7002887715423 -7.1503122007819 -7.52840329573081 -8.73920923594026 -9.06712589091027 -11.0828497566295 -15.1613245972614 -18.9439859690407 -19.6566049366815 -19.4408045262689 -20.5918890424255 -22.8754645251145 -24.5926060096673
-9999 -9999 -9999 -9999 -9999 -9999 -9999 -9999 -9999 -9999 -9999 -9999 -9999 -9999 -9999 -9999 -9999 -9999 -9999 -9999 -9999 -9999 -9999 -9999 -9999 -9999 -9999 -102.663639749504 -91.2184422906643 -101.539220971825 -132.665016525795 -180.283851859379 -213.990160159882 -219.209800914378 -193.819863306707 -156.584177716151 -125.103238537045 -95.8532258918244 -50.490592071093 -13.8350981705642 -2.75915228181796 -2.99355148213185 -2.43028682650409 -3.98260767114631 -5.88391596537534 -6.84779425205921 -8.05392465871819 -9.03695228997864 -11.0837158174791 -14.1894247658556 -17.3185517789817 -19.0876872890361 -19.9486629322735 -21.1836070684403 -22.2777112829386 -22.8071669960042
-9999 -9999 -9999 -9999 -9999 -9999 -9999 -9999 -9999 -9999 -9999 -9999 -9999 -9999 -9999 -9999 -9999 -9999 -9999 -9999 -9999 -9999 -9999 -9999 -9999 -9999 -9999 -9999 -98.3312266256637 -84.8364552237445 -104.020906493456 -161.524420866808 -218.472250455433 -236.54177417711 -203.078278072702 -160.376906622965 -131.460871241596 -105.918571931785 -64.0001549100442 -22.5483709292257 -4.05702164032402 -2.23575146930578 -2.40975973485403 -2.80187579114481 -4.72592349398616 -7.04600896466275 -8.50437154394593 -10.1304140572774 -12.2870678388524 -13.3674166837461 -15.3268664352568 -18.0612809058092 -21.211814648731 -22.455199176845 -21.9168563531023 -21.1830500904535
-9999 -9999 -9999 -9999 -9999 -9999 -9999 -9999 -9999 -9999 -9999 -9999 -9999 -9999 -9999 -9999 -9999 -9999 -9999 -9999 -9999 -9999 -9999 -9999 -9999 -9999 -9999 -9999 -106.519926085309 -82.5721827710601 -94.6566345031512 -154.017323700609 -214.362411242799 -242.561022647281 -214.654980442541 -165.05618563627 -137.527189579128 -112.77533659511 -65.9817999062558 -27.4154475459978 -5.25720319458427 -0.944587267697119 -3.87903285067446 -2.9554605857049 -4.88919739219929 -6.00498068932955 -8.37889836562008 -10.4982383013955 -12.5606326832513 -12.7638411269175 -14.0289208936085 -16.3414275908405 -19.8158396168116 -21.2557974874684 -20.7200411566403 -18.9894223098928
-9999 -9999 -9999 -9999 -9999 -9999 -9999 -9999 -9999 -9999 -9999 -9999 -9999 -9999 -9999 -9999 -9999 -9999 -9999 -9999 -9999 -9999 -9999 -9999 -9999 -9999 -9999 -9999 -111.005287031585 -78.7293189295134 -84.981647145123 -148.496771952196 -217.476969058498 -253.373557614864 -219.415892651684 -167.498918686768 -141.011650230891 -110.232480642046 -66.1531851319342 -31.1943647286873 -6.36753922888047 -0.798451926883628 -4.79681575146139 -4.16883011677246 -6.17070405568913 -7.99199227883282 -7.9352358071962 -10.0396863942459 -12.210042187401 -12.0659584445845 -11.9000521788396 -14.9310951972864 -18.3635807685636 -19.2325387261651 -17.901272393458 -16.945686655005
-9999 -9999 -9999 -9999 -9999 -9999 -9999 -9999 -9999 -9999 -9999 -9999 -9999 -9999 -9999 -9999 -9999 -9999 -9999 -9999 -9999 -9999 -9999 -9999 -9999 -9999 -9999 -9999 -110.610832081628 -79.6853697494022 -91.15910649526 -151.165854828182 -221.794381651761 -258.085090219749 -233.637905568878 -185.259451320333 -147.102651992175 -107.122392071148 -61.8874676964402 -27.261087891405 -4.81614001529701 -1.76028996023151 -5.59303013223684 -5.33769075126207 -8.13296782789911 -8.77928330937753 -8.27724217278156 -7.87938190169342 -8.83065683734377 -10.1630101967558 -11.7043766149285 -13.3589022015127 -14.5354021702158 -14.598988534322 -13.8415446212348 -13.6577465858318
-9999 -9999 -9999 -9999 -9999 -9999 -9999 -9999 -9999 -9999 -9999 -9999 -9999 -9999 -9999 -9999 -9999 -9999 -9999 -9999 -9999 -9999 -9999 -9999 -9999 -9999 -9999 -9999 -109.328533227788 -80.7592176740284 -98.1993084028846 -161.604596495156 -230.917310886277 -264.122850244736 -239.772250646346 -203.699408686521 -147.833202651506 -102.669645489088 -57.5570659389184 -23.5939965983777 -3.63430469647279 -3.37607925377096 -5.79009311840574 -6.62344045868751 -9.44721974122604 -10.6244360442577 -8.98578518062963 -7.31894028584056 -6.81813432520688 -8.10628590819263 -11.3966004455366 -11.1774193348298 -10.81002017544 -10.6667424539757 -10.5563157373319 -10.3455790160795
