meets/meet004/_saidas_enm/CCSM_Maxent_0k_Aralia_warmingiana1.asc
NCOLS 154 
NROWS 168 
XLLCORNER -112 
YLLCORNER -55.5 
CELLSIZE 0.5 
NODATA_value -9999 
[rows 75 to 99 of 168, columns 56 to 111 of 154]
-9999 -9999 -9999 -9999 -9999 -9999 -9999 -9999 -9999 -9999 -9999 0.0900801345705986 0.0987585484981537 0.130142912268639 0.157891288399696 0.184785827994347 0.258953958749771 0.435374170541763 0.531929433345795 0.457026869058609 0.43403697013855 0.423480272293091 0.448392570018768 0.465843677520752 0.489852637052536 0.487365305423737 0.474386811256409 0.459879547357559 0.44469553232193 0.433568358421326 0.418147593736649 0.396449148654938 0.374893009662628 0.361985266208649 0.359315544366837 0.356833219528198 0.351232916116714 0.345063030719757 0.343614339828491 0.345512360334396 0.347044914960861 0.349021285772324 0.348311066627502 0.347705185413361 0.345377594232559 0.336773097515106 0.323310852050781 0.303488105535507 0.282873421907425 0.259199559688568 0.239574462175369 0.23025207221508 0.223397105932236 0.223005026578903 0.227561146020889 0.23076194524765
-9999 -9999 -9999 -9999 -9999 -9999 -9999 -9999 -9999 -9999 -9999 0.098027415573597 0.131172567605972 0.149095773696899 0.155040472745895 0.178293198347092 0.218112200498581 0.340168476104736 0.456506162881851 0.500034630298615 0.422437787055969 0.438385784626007 0.467710345983505 0.464724510908127 0.496997356414795 0.489585846662521 0.480652362108231 0.46551701426506 0.447217375040054 0.435957908630371 0.42125204205513 0.396602958440781 0.377441018819809 0.367341965436935 0.371372044086456 0.380857914686203 0.370446234941483 0.368150740861893 0.370106875896454 0.377487033605576 0.392916023731232 0.377955555915833 0.37666454911232 0.381709367036819 0.379963219165802 0.38779604434967 0.36800092458725 0.342905789613724 0.322575300931931 0.298466503620148 0.278695583343506 0.267194837331772 0.255877643823624 0.247539892792702 0.24050073325634 0.225354894995689
-9999 -9999 -9999 -9999 -9999 -9999 -9999 -9999 -9999 -9999 -9999 -9999 0.14141571521759 0.168365821242332 0.195268675684929 0.215470835566521 0.215592071413994 0.213262408971786 0.282076478004456 0.379485994577408 0.487682789564133 0.540334582328796 0.465691804885864 0.428687691688538 0.483089178800583 0.519777476787567 0.503365516662598 0.473883032798767 0.448003023862839 0.431792855262756 0.41631942987442 0.393306523561478 0.377302080392838 0.368773818016052 0.373290002346039 0.381600588560104 0.376935452222824 0.374090254306793 0.375194817781448 0.380736261606216 0.385809779167175 0.367347836494446 0.354609906673431 0.359425634145737 0.378376692533493 0.401030719280243 0.397250652313232 0.383147269487381 0.367349326610565 0.34467688202858 0.322779953479767 0.308930039405823 0.294915497303009 0.280435502529144 0.25387904047966 0.199324235320091
-9999 -9999 -9999 -9999 -9999 -9999 -9999 -9999 -9999 -9999 -9999 -9999 0.14164736866951 0.182620346546173 0.246066674590111 0.210525557398796 0.152153924107552 0.113234244287014 0.128419294953346 0.19474133849144 0.373304724693298 0.47537437081337 0.490755617618561 0.377521216869354 0.514852225780487 0.5687056183815 0.525134742259979 0.473918557167053 0.440373718738556 0.42436146736145 0.405890613794327 0.383731484413147 0.368554085493088 0.361752301454544 0.366061061620712 0.371368318796158 0.369910627603531 0.367258042097092 0.367169231176376 0.367851972579956 0.360332787036896 0.34040230512619 0.309639185667038 0.314918667078018 0.349763482809067 0.38040828704834 0.405726373195648 0.411804288625717 0.410545170307159 0.392895638942719 0.366551578044891 0.353714555501938 0.336559861898422 0.295625686645508 0.234896540641785 0.183091714978218
-9999 -9999 -9999 -9999 -9999 -9999 -9999 -9999 -9999 -9999 -9999 -9999 -9999 0.153765171766281 0.239203855395317 0.147213146090508 0.0981766879558563 0.0726761743426323 0.0532828383147717 0.0651973932981491 0.111080974340439 0.226699516177177 0.425647079944611 0.46404641866684 0.483235418796539 0.520916819572449 0.476220607757568 0.394814431667328 0.355998784303665 0.361958771944046 0.372608244419098 0.371162891387939 0.360298335552216 0.352840304374695 0.354817658662796 0.362364888191223 0.360660463571548 0.357988297939301 0.357031643390656 0.358712404966354 0.349437683820724 0.321283340454102 0.29224881529808 0.298253357410431 0.33316969871521 0.375801682472229 0.418413072824478 0.445960998535156 0.458004206418991 0.446530073881149 0.424002885818481 0.398470342159271 0.330136448144913 0.271636247634888 0.216273441910744 0.172239080071449
-9999 -9999 -9999 -9999 -9999 -9999 -9999 -9999 -9999 -9999 -9999 -9999 -9999 0.157296255230904 0.238496363162994 0.0984972268342972 0.0750915035605431 0.0307374615222216 0.0246504228562117 0.0342374667525291 0.0415180958807468 0.0614395588636398 0.195477873086929 0.353085070848465 0.43439993262291 0.450700372457504 0.404135286808014 0.307553142309189 0.247696340084076 0.272977352142334 0.297138422727585 0.270437240600586 0.304164975881577 0.326077520847321 0.336038142442703 0.347622960805893 0.337486118078232 0.339541792869568 0.341013252735138 0.346839815378189 0.349430531263351 0.322999238967896 0.288318425416946 0.296830326318741 0.335130453109741 0.380518943071365 0.434356719255447 0.484650522470474 0.508571982383728 0.494179278612137 0.461884707212448 0.390189319849014 0.318474680185318 0.261424958705902 0.213005676865578 0.174293637275696
-9999 -9999 -9999 -9999 -9999 -9999 -9999 -9999 -9999 -9999 -9999 -9999 -9999 -9999 0.291636437177658 0.136762246489525 0.0808312743902206 0.0255487468093634 0.0190115831792355 0.0213572103530169 0.0205358639359474 0.0172671563923359 0.0199146848171949 0.035673476755619 0.0876494944095612 0.208781272172928 0.366572707891464 0.248531386256218 0.1798185557127 0.179063573479652 0.163757592439651 0.193287998437881 0.211033523082733 0.236992478370667 0.283220440149307 0.304559946060181 0.294877111911774 0.289448320865631 0.296708792448044 0.315783441066742 0.335298478603363 0.326203495264053 0.315866529941559 0.329133361577988 0.353473424911499 0.395244896411896 0.446266889572144 0.490290701389313 0.513035416603088 0.473986148834229 0.422513693571091 0.363287836313248 0.306580513715744 0.259544461965561 0.213722676038742 0.177622079849243
-9999 -9999 -9999 -9999 -9999 -9999 -9999 -9999 -9999 -9999 -9999 -9999 -9999 -9999 0.310023546218872 0.171147719025612 0.0847812220454216 0.034973219037056 0.0210450496524572 0.0153251588344574 0.0111886607483029 0.00689935171976686 0.00937882252037525 0.0121175954118371 0.0178627744317055 0.0262004919350147 0.0473009385168552 0.18516506254673 0.18537226319313 0.197545558214188 0.102317541837692 0.154712080955505 0.166703477501869 0.174275010824203 0.220954552292824 0.240148305892944 0.244662702083588 0.232480555772781 0.241173714399338 0.268860250711441 0.314739555120468 0.314966410398483 0.332206964492798 0.352785617113113 0.367953598499298 0.398285388946533 0.442409247159958 0.474649995565414 0.448830723762512 0.420708358287811 0.346988946199417 0.34898054599762 0.286899417638779 0.264412969350815 0.221404939889908 0.186571568250656
-9999 -9999 -9999 -9999 -9999 -9999 -9999 -9999 -9999 -9999 -9999 -9999 -9999 -9999 -9999 0.224534213542938 0.153808504343033 0.0863644182682037 0.042638536542654 0.0174193941056728 0.00755299953743815 0.00379904848523438 0.00421612663194537 0.00483257090672851 0.00564500736072659 0.00701885111629963 0.0115513894706964 0.0163529682904482 0.0230573453009129 0.105489209294319 0.341773182153702 0.281513422727585 0.177303895354271 0.137496367096901 0.171712607145309 0.204867735505104 0.221675843000412 0.218875005841255 0.210260644555092 0.203580290079117 0.219277828931808 0.263203471899033 0.318970561027527 0.364275395870209 0.384601622819901 0.406257301568985 0.44001042842865 0.436621487140656 0.428123205900192 0.394113689661026 0.360266596078873 0.324521213769913 0.297092735767365 0.269115418195724 0.235311508178711 0.217701658606529
-9999 -9999 -9999 -9999 -9999 -9999 -9999 -9999 -9999 -9999 -9999 -9999 -9999 -9999 -9999 0.385959535837173 0.210915252566338 0.173789903521538 0.085726723074913 0.0280746836215258 0.00818659085780382 0.0040837787091732 0.00292207626625896 0.00234664371237159 0.00254800845868886 0.00151364109478891 0.0035961780231446 0.00464456900954247 0.00870512798428535 0.013818702660501 0.130774602293968 0.32007047533989 0.235582247376442 0.140125021338463 0.160467565059662 0.196497738361359 0.204097181558609 0.207821443676949 0.207947760820389 0.192085653543472 0.179307654500008 0.201639294624329 0.296227961778641 0.341352939605713 0.400083750486374 0.414508104324341 0.4358811378479 0.415127098560333 0.40168085694313 0.365197837352753 0.332308739423752 0.303485780954361 0.279884040355682 0.252854973077774 0.223425254225731 0.222014397382736
-9999 -9999 -9999 -9999 -9999 -9999 -9999 -9999 -9999 -9999 -9999 -9999 -9999 -9999 -9999 0.253732264041901 0.198269456624985 0.183537602424622 0.11982149630785 0.0614269860088825 0.0277075935155153 0.0130309434607625 0.00946668162941933 0.00495916930958629 0.00304516311734915 0.00275398953817785 0.00297971186228096 0.00302888243459165 0.00368497706949711 0.00613329047337174 0.0255959909409285 0.129920974373817 0.40167024731636 0.286306768655777 0.222792163491249 0.188841953873634 0.18083630502224 0.195612609386444 0.200713336467743 0.182386115193367 0.168400332331657 0.176225930452347 0.29081666469574 0.308245658874512 0.329797238111496 0.437690138816833 0.426055788993835 0.396804332733154 0.373930305242538 0.341594398021698 0.321790784597397 0.26799264550209 0.230274856090546 0.201647967100143 0.17137648165226 0.157583430409431
-9999 -9999 -9999 -9999 -9999 -9999 -9999 -9999 -9999 -9999 -9999 -9999 -9999 -9999 -9999 -9999 0.359337896108627 0.137158051133156 0.137719422578812 0.116578459739685 0.00984975323081017 0.0139110870659351 0.0130499927327037 0.0209311842918396 0.0140013610944152 0.0121967680752277 0.00376728922128677 0.00213176244869828 0.00198866310529411 0.00421884935349226 0.0125288516283035 0.0395517200231552 0.221989661455154 0.460039466619492 0.377509981393814 0.269788950681686 0.227228119969368 0.19353124499321 0.20108100771904 0.185264766216278 0.167891040444374 0.193971365690231 0.32721671462059 0.279421299695969 0.323306888341904 0.429762065410614 0.400368571281433 0.351575016975403 0.312461167573929 0.271810978651047 0.262948662042618 0.20034658908844 0.161536008119583 0.138095796108246 0.113934569060802 0.107114404439926
-9999 -9999 -9999 -9999 -9999 -9999 -9999 -9999 -9999 -9999 -9999 -9999 -9999 -9999 -9999 -9999 -9999 0.345624208450317 0.105773970484734 0.126971617341042 0.111036390066147 0.0764099732041359 0.0422872975468636 0.0268012844026089 0.0210727527737617 0.0129774818196893 0.00749812787398696 0.00504686636850238 0.00444205105304718 0.00543145928531885 0.00757630774751306 0.0175109636038542 0.0548368841409683 0.186655685305595 0.412361711263657 0.457407861948013 0.348154276609421 0.285735756158829 0.247876405715942 0.257186263799667 0.287467807531357 0.319810509681702 0.383883655071259 0.348876714706421 0.409131050109863 0.379660487174988 0.345210760831833 0.272464483976364 0.222726330161095 0.181201979517937 0.139278277754784 0.118020534515381 0.0950930342078209 0.0844167917966843 0.0786970853805542 0.0771598964929581
-9999 -9999 -9999 -9999 -9999 -9999 -9999 -9999 -9999 -9999 -9999 -9999 -9999 -9999 -9999 -9999 -9999 -9999 -9999 0.0608070828020573 0.0818282887339592 0.0882261767983437 0.0600504986941814 0.0374207384884357 0.0259536560624838 0.0172598995268345 0.0127643765881658 0.00999577715992928 0.00798600353300571 0.00701009714975953 0.00633829180151224 0.0087071405723691 0.0171528644859791 0.046872828155756 0.170137122273445 0.4225252866745 0.478291034698486 0.391572743654251 0.341212928295135 0.369319081306458 0.423086732625961 0.4149030148983 0.414685904979706 0.410493105649948 0.372869253158569 0.341663330793381 0.318626761436462 0.24583987891674 0.186343938112259 0.136910393834114 0.0946620106697083 0.0829673707485199 0.0684274956583977 0.0635230019688606 0.0639747008681297 0.06504225730896
-9999 -9999 -9999 -9999 -9999 -9999 -9999 -9999 -9999 -9999 -9999 -9999 -9999 -9999 -9999 -9999 -9999 -9999 -9999 -9999 -9999 0.0786800011992455 0.0815689116716385 0.0689491406083107 0.0427332744002342 0.0205184854567051 0.0165655557066202 0.0151250865310431 0.0141982156783342 0.00943130906671286 0.0072631468065083 0.00685385009273887 0.00701140472665429 0.0119395609945059 0.0402386747300625 0.131307020783424 0.348595887422562 0.552108466625214 0.431262195110321 0.432142108678818 0.393330216407776 0.405701518058777 0.402046620845795 0.362363636493683 0.349461793899536 0.326083362102509 0.305583208799362 0.280718475580215 0.210636705160141 0.136336579918861 0.0946606695652008 0.078008808195591 0.0691138580441475 0.0656431764364243 0.061810951679945 0.0674180537462234
-9999 -9999 -9999 -9999 -9999 -9999 -9999 -9999 -9999 -9999 -9999 -9999 -9999 -9999 -9999 -9999 -9999 -9999 -9999 -9999 -9999 -9999 -9999 0.09397142380476 0.0836631879210472 0.0495678372681141 0.0294000115245581 0.0233405157923698 0.0210849493741989 0.017150491476059 0.0127791091799736 0.00971011910587549 0.00640145456418395 0.00673573557287455 0.0113833034411073 0.0279993545264006 0.101994954049587 0.315452575683594 0.529602646827698 0.577011585235596 0.471758455038071 0.418654263019562 0.378102272748947 0.336217701435089 0.317864328622818 0.310998886823654 0.300199538469315 0.284077763557434 0.237060248851776 0.159169137477875 0.108340784907341 0.0890747234225273 0.0783704742789268 0.0711667314171791 0.0663045421242714 0.0655960291624069
-9999 -9999 -9999 -9999 -9999 -9999 -9999 -9999 -9999 -9999 -9999 -9999 -9999 -9999 -9999 -9999 -9999 -9999 -9999 -9999 -9999 -9999 -9999 -9999 -9999 0.0974740535020828 0.0639601796865463 0.0415278933942318 0.0326624996960163 0.0322727933526039 0.0350155979394913 0.0217172708362341 0.0124279474839568 0.0100082652643323 0.00767884869128466 0.0068864319473505 0.0262883082032204 0.0786028653383255 0.231434881687164 0.518759250640869 0.67327868938446 0.510307610034943 0.393079668283463 0.298650711774826 0.292337536811829 0.294488430023193 0.287347823381424 0.26772677898407 0.231834173202515 0.176553949713707 0.125153481960297 0.105345524847507 0.0936317518353462 0.0833506733179092 0.0690154656767845 0.0592178851366043
-9999 -9999 -9999 -9999 -9999 -9999 -9999 -9999 -9999 -9999 -9999 -9999 -9999 -9999 -9999 -9999 -9999 -9999 -9999 -9999 -9999 -9999 -9999 -9999 -9999 0.0685278102755547 0.08526661247015 0.0707963407039642 0.0609788000583649 0.0490137711167336 0.0444925092160702 0.0445350408554077 0.0294099915772676 0.0216235183179379 0.0154335116967559 0.0110083213075995 0.0191891323775053 0.0374537743628025 0.116732574999332 0.351698130369186 0.613325595855713 0.649792909622192 0.41798010468483 0.275138229131699 0.268289268016815 0.2931909263134 0.29412442445755 0.278601795434952 0.242416948080063 0.193009153008461 0.1568743288517 0.131928369402885 0.115450233221054 0.101085476577282 0.0829821899533272 0.0677268877625465
-9999 -9999 -9999 -9999 -9999 -9999 -9999 -9999 -9999 -9999 -9999 -9999 -9999 -9999 -9999 -9999 -9999 -9999 -9999 -9999 -9999 -9999 -9999 -9999 -9999 -9999 -9999 0.0807341709733009 0.0921043008565903 0.0214276760816574 0.00939255487173796 0.00979478470981121 0.0156633518636227 0.0517910197377205 0.0332640446722507 0.0250493921339512 0.0259262248873711 0.0345570258796215 0.0850352495908737 0.257357448339462 0.526104390621185 0.686730563640594 0.430814862251282 0.229238346219063 0.257284313440323 0.302419155836105 0.292687326669693 0.301486045122147 0.268232703208923 0.203989952802658 0.164245381951332 0.154204294085503 0.142244562506676 0.122783854603767 0.0948285087943077 0.078196294605732
-9999 -9999 -9999 -9999 -9999 -9999 -9999 -9999 -9999 -9999 -9999 -9999 -9999 -9999 -9999 -9999 -9999 -9999 -9999 -9999 -9999 -9999 -9999 -9999 -9999 -9999 -9999 0.0542511716485023 0.10211455821991 0.0364740751683712 0.0170464627444744 0.0172051656991243 0.0217496920377016 0.0556274391710758 0.0662426874041557 0.0491908080875874 0.0359897464513779 0.031752523034811 0.0625321418046951 0.191106632351875 0.450416445732117 0.668726086616516 0.560306906700134 0.294822692871094 0.251723080873489 0.267569214105606 0.261716544628143 0.265476703643799 0.241910770535469 0.200370371341705 0.166394159197807 0.158363223075867 0.150946140289307 0.141733691096306 0.119922064244747 0.107707716524601
-9999 -9999 -9999 -9999 -9999 -9999 -9999 -9999 -9999 -9999 -9999 -9999 -9999 -9999 -9999 -9999 -9999 -9999 -9999 -9999 -9999 -9999 -9999 -9999 -9999 -9999 -9999 -9999 0.0694368407130241 0.0978266447782516 0.0341821499168873 0.0370124951004982 0.133047625422478 0.104014106094837 0.102234996855259 0.0929938107728958 0.0514788329601288 0.0315435715019703 0.0489541850984097 0.158940061926842 0.410386085510254 0.617405533790588 0.6255943775177 0.351184815168381 0.282923549413681 0.214324876666069 0.211582958698273 0.203882053494453 0.19039012491703 0.181593269109726 0.178696841001511 0.162948444485664 0.144367501139641 0.132930517196655 0.127227321267128 0.147091314196587
-9999 -9999 -9999 -9999 -9999 -9999 -9999 -9999 -9999 -9999 -9999 -9999 -9999 -9999 -9999 -9999 -9999 -9999 -9999 -9999 -9999 -9999 -9999 -9999 -9999 -9999 -9999 -9999 0.0431300178170204 0.083416223526001 0.0800814479589462 0.188710510730743 0.112829774618149 0.0813734605908394 0.0945515334606171 0.0981055423617363 0.058127898722887 0.0319081582129002 0.0417222045361996 0.139253854751587 0.379606276750565 0.610241770744324 0.704159677028656 0.414843320846558 0.328802794218063 0.270019143819809 0.197100907564163 0.169697150588036 0.167053684592247 0.179391995072365 0.17949803173542 0.165832296013832 0.145424574613571 0.132323578000069 0.144463062286377 0.190806493163109
-9999 -9999 -9999 -9999 -9999 -9999 -9999 -9999 -9999 -9999 -9999 -9999 -9999 -9999 -9999 -9999 -9999 -9999 -9999 -9999 -9999 -9999 -9999 -9999 -9999 -9999 -9999 -9999 0.0370335727930069 0.10546763241291 0.0443092212080956 0.214464142918587 0.0800263658165932 0.0567037053406239 0.0791137963533401 0.0914728939533234 0.055391862988472 0.0249538403004408 0.0324299111962318 0.1263048350811 0.240056470036507 0.454176127910614 0.63604748249054 0.402800559997559 0.339033335447311 0.297297447919846 0.222123980522156 0.169746860861778 0.159291103482246 0.176919966936111 0.193047866225243 0.164931803941727 0.144819885492325 0.135942324995995 0.182766646146774 0.24490986764431
-9999 -9999 -9999 -9999 -9999 -9999 -9999 -9999 -9999 -9999 -9999 -9999 -9999 -9999 -9999 -9999 -9999 -9999 -9999 -9999 -9999 -9999 -9999 -9999 -9999 -9999 -9999 -9999 0.0368156395852566 0.109785243868828 0.210837185382843 0.159338891506195 0.0779800936579704 0.0564173981547356 0.0700624659657478 0.0732612162828445 0.0409455634653568 0.0217953771352768 0.0346535854041576 0.113700270652771 0.161417633295059 0.31052377820015 0.502977550029755 0.259587436914444 0.165694117546082 0.172407582402229 0.26363730430603 0.206123754382133 0.187462359666824 0.175539240241051 0.168501064181328 0.163556948304176 0.161372125148773 0.191296175122261 0.251055389642715 0.330874353647232
-9999 -9999 -9999 -9999 -9999 -9999 -9999 -9999 -9999 -9999 -9999 -9999 -9999 -9999 -9999 -9999 -9999 -9999 -9999 -9999 -9999 -9999 -9999 -9999 -9999 -9999 -9999 -9999 0.0345850326120853 0.100093983113766 0.220938757061958 0.123678363859653 0.0764128863811493 0.057932335883379 0.0671841502189636 0.0615823715925217 0.0331174917519093 0.0204522088170052 0.034568939357996 0.104334436357021 0.100430049002171 0.238974198698997 0.402665555477142 0.172832310199738 0.105202995240688 0.0875492766499519 0.192830517888069 0.259325563907623 0.227321103215218 0.187140941619873 0.15237520635128 0.190787762403488 0.219982460141182 0.270583212375641 0.347569972276688 0.4271499812603
