meets/meet004/_saidas_enm/CCSM_SVM_21k_Cavanillesia_umbellata5.asc
NCOLS 154 
NROWS 168 
XLLCORNER -112 
YLLCORNER -55.5 
CELLSIZE 0.5 
NODATA_value -9999 
[rows 100 to 124 of 168, columns 55 to 109 of 154]
-9999 -9999 -9999 -9999 -9999 -9999 -9999 -9999 -9999 -9999 -9999 -9999 -9999 -9999 -9999 -9999 -9999 -9999 -9999 -9999 -9999 -9999 -9999 -9999 -9999 -9999 -9999 -9999 -9999 0.0479735270481077 0.0717985123997682 0.0683159904029145 0.0871855869067347 0.0969468626472405 0.098312125134652 0.090520928298574 0.0639944829355336 0.00774230921096641 -0.0261305562951079 -0.00829575522226661 0.0193209896359214 -0.0297706898202759 -0.12148089013505 -0.131946768495638 -0.112160599527029 -0.103345384656114 -0.11145587905952 -0.111541004430943 0.00828367494709931 0.141771749304532 0.166591067741873 0.151696139430975 0.150050686302176 0.143514122142032 0.109023713327993
-9999 -9999 -9999 -9999 -9999 -9999 -9999 -9999 -9999 -9999 -9999 -9999 -9999 -9999 -9999 -9999 -9999 -9999 -9999 -9999 -9999 -9999 -9999 -9999 -9999 -9999 -9999 -9999 -9999 0.0477694848521753 0.0727183491086829 0.0724751754548988 0.0880594709415009 0.0953496465347692 0.0962777158831843 0.08625745827558 0.0611180670376404 0.00104408515295756 -0.0272949101664174 0.00394687299166924 0.0154723062483434 -0.0487539485006895 -0.127471441434276 -0.133476575391299 -0.127179467159103 -0.123978667225938 -0.127277193164633 -0.105703821023277 0.124505562609727 0.257966184413214 0.1222945562223 0.0305935778904221 0.0723577758139411 0.0817639125975467 0.0743721197935251
-9999 -9999 -9999 -9999 -9999 -9999 -9999 -9999 -9999 -9999 -9999 -9999 -9999 -9999 -9999 -9999 -9999 -9999 -9999 -9999 -9999 -9999 -9999 -9999 -9999 -9999 -9999 -9999 0.0640562922338647 0.0459463419496524 0.0758255684040951 0.0763685262116554 0.0885149463951118 0.0940203172382004 0.0936814968796182 0.0819199885728362 0.0539658455078328 -6.29031555849924e-05 -0.0206094432731842 0.0157284782118191 0.00137945732023581 -0.0647388175213862 -0.109810635381607 -0.0915184644644435 -0.101019520211075 -0.12301983794435 -0.13037952439004 -0.0970122247567781 0.0712648893647094 0.179683097947482 0.08749430021282 0.0203256771873056 0.0235366810526798 0.0487473865528096 0.049545117200805
-9999 -9999 -9999 -9999 -9999 -9999 -9999 -9999 -9999 -9999 -9999 -9999 -9999 -9999 -9999 -9999 -9999 -9999 -9999 -9999 -9999 -9999 -9999 -9999 -9999 -9999 -9999 -9999 0.0631415214030349 0.045245518096498 0.0786476194449339 0.0791876286403659 0.0891753087854582 0.0936608105144736 0.0929563477266277 0.0792417534153978 0.0529611580177724 -0.00488066129273523 -0.0239995529000473 0.00383038415886566 -0.0167519707846045 -0.0681619475458121 -0.0882719390758221 -0.0568168209029061 -0.0724322067686091 -0.109787635569842 -0.122110405070622 -0.107626733340469 0.00205076134726745 0.0809582784988775 0.0255118444472651 -0.0200166502493408 -0.0233038812063625 -0.0022046746097954 0.0103125972155229
-9999 -9999 -9999 -9999 -9999 -9999 -9999 -9999 -9999 -9999 -9999 -9999 -9999 -9999 -9999 -9999 -9999 -9999 -9999 -9999 -9999 -9999 -9999 -9999 -9999 -9999 -9999 -9999 0.0629063712205094 0.0470653172428758 0.0822167966857709 0.0829461238240548 0.0909678115036172 0.0949748216322256 0.0936938308756805 0.0782292418200408 0.0459229985574145 -0.0171818799347029 -0.0392730201144401 -0.0101165484474451 -0.0321348290733771 -0.0744161612582798 -0.085995067167439 -0.079629601167482 -0.0871220938534045 -0.101750215142108 -0.112414155754732 -0.111861168884207 -0.0663039933962792 -0.0150655616765149 -0.0317799588217509 -0.0739771104019357 -0.066980764766252 -0.0589358242195164 -0.0446355503565878
-9999 -9999 -9999 -9999 -9999 -9999 -9999 -9999 -9999 -9999 -9999 -9999 -9999 -9999 -9999 -9999 -9999 -9999 -9999 -9999 -9999 -9999 -9999 -9999 -9999 -9999 -9999 -9999 0.0655533571018173 0.0529910682467377 0.0849970240379062 0.0848130590421387 0.0932149375830203 0.0966895894577062 0.0957565384533628 0.0780052176293797 0.0372525861440191 -0.0270072340593933 -0.0303868984220764 -0.00299916381729709 -0.0348774541778763 -0.0691139629146791 -0.07543939153193 -0.0769777265681329 -0.0838038607488936 -0.0902297408679181 -0.0993462286634958 -0.0867839686536623 -0.060256050966465 -0.0294021897755535 -0.0261941382425845 -0.0646697506638573 -0.0721857960165324 -0.0820128598287108 -0.0676456497069853
-9999 -9999 -9999 -9999 -9999 -9999 -9999 -9999 -9999 -9999 -9999 -9999 -9999 -9999 -9999 -9999 -9999 -9999 -9999 -9999 -9999 -9999 -9999 -9999 -9999 -9999 -9999 -9999 0.0764512446756307 0.0658401247393622 0.0853814388397615 0.0862072667824354 0.0948533820554863 0.0983635410635741 0.097833036757097 0.077692143742174 0.028201970186205 -0.0236182308922128 -0.0181641628096775 0.000139046372443052 -0.0422031210094031 -0.0621301285650748 -0.0613397211428872 -0.0664416316276085 -0.0720881304182644 -0.0759124065122461 -0.0550806722110741 -0.0520230931506084 -0.0235899793787173 0.0118687607532724 0.0119167624429052 0.0131158412703264 -0.0420167447467448 -0.0716095508851219 -0.0684630194031536
-9999 -9999 -9999 -9999 -9999 -9999 -9999 -9999 -9999 -9999 -9999 -9999 -9999 -9999 -9999 -9999 -9999 -9999 -9999 -9999 -9999 -9999 -9999 -9999 -9999 -9999 -9999 -9999 0.0885435207938366 0.0774431420319883 0.0843614631837023 0.0881703110428299 0.0957666362205113 0.0991167329688486 0.0984723494282211 0.0783718643137767 0.0318582410064674 -0.0158631459533061 -0.00678815975343644 0.000399513350125225 -0.0490865201346042 -0.0538823279843129 -0.0473210085652404 -0.0521700007560956 -0.0631069247856202 -0.0705517670395506 -0.0609777725579476 -0.0600872217141148 -0.0384994634552467 -0.00642648919341948 0.0119246565808094 0.0214123681914483 -0.0230551064532614 -0.0582067157187583 -0.0599116210289641
-9999 -9999 -9999 -9999 -9999 -9999 -9999 -9999 -9999 -9999 -9999 -9999 -9999 -9999 -9999 -9999 -9999 -9999 -9999 -9999 -9999 -9999 -9999 -9999 -9999 -9999 -9999 -9999 0.0843342626880644 0.0799930295705203 0.0832276359109451 0.0903823451025014 0.0958807061432362 0.0991520987642689 0.0980385409235423 0.0755133769237361 0.0407815052924561 -0.00484821333412055 0.00535848818593693 -0.00272222518875231 -0.0517513357673478 -0.0421060057488798 -0.0334560864307724 -0.0375383311868635 -0.0479834730709617 -0.0615561409208007 -0.0733272104708809 -0.0775961251222961 -0.074256176497807 -0.0529478006335423 -0.0165917283734032 -0.00430951130380375 -0.0263706363387378 -0.0474724951336592 -0.0485481187478649
-9999 -9999 -9999 -9999 -9999 -9999 -9999 -9999 -9999 -9999 -9999 -9999 -9999 -9999 -9999 -9999 -9999 -9999 -9999 -9999 -9999 -9999 -9999 -9999 -9999 -9999 -9999 -9999 0.0596552113116361 0.0772558067028789 0.0830603177361734 0.0889998495683327 0.0941800569983802 0.0972923569739741 0.0926837162090169 0.0630761882451581 0.0288360696543467 0.00180455539508473 0.0195519840066224 -0.0159169983982817 -0.0520291695540547 -0.035529712219699 -0.0215829355328541 -0.0253166220395785 -0.0343833483101387 -0.0458728623512321 -0.0571853480912991 -0.0668755794165182 -0.0657208696594807 -0.0535721349824625 -0.0315982985002097 -0.0225772237658335 -0.0287035674591878 -0.036646819286819 -0.0345133156977304
-9999 -9999 -9999 -9999 -9999 -9999 -9999 -9999 -9999 -9999 -9999 -9999 -9999 -9999 -9999 -9999 -9999 -9999 -9999 -9999 -9999 -9999 -9999 -9999 -9999 -9999 -9999 0.0165390958079845 0.0432899590426138 0.074824237282935 0.0820107136499854 0.0874961151246289 0.0908323266464029 0.0932067590946467 0.0800440151404619 0.0355745135111264 0.0127418114271848 0.0265574476757939 0.0366597161602717 -0.00344404243535329 -0.0302820936911632 -0.0156450598323656 -0.00837418987411392 -0.0149061060853821 -0.0229607958116734 -0.031288798154377 -0.0401696950274023 -0.0434229892622333 -0.0412153262590012 -0.0350285069896669 -0.0299199318756182 -0.0276399207156853 -0.0273652117945382 -0.0259559000072376 -0.0220051461497169
-9999 -9999 -9999 -9999 -9999 -9999 -9999 -9999 -9999 -9999 -9999 -9999 -9999 -9999 -9999 -9999 -9999 -9999 -9999 -9999 -9999 -9999 -9999 -9999 -9999 -9999 -9999 0.0157857615653006 0.0476411589434294 0.0757452476677047 0.0805204323492429 0.0836775018376888 0.087652109021647 0.0869398441147063 0.0579986871043844 0.00284590200395107 -0.00406940321296212 0.0426277785639559 0.0313892495457135 0.0144885457906205 0.0070013915200563 0.0105225207600376 0.0115618635921753 0.00547718802955177 -0.00255183588170788 -0.00890896397231983 -0.0148560368206769 -0.0202065503470587 -0.0240517962764334 -0.0242093057888675 -0.0216042296822873 -0.0199157746679339 -0.0191293713309452 -0.0162249718332232 -0.010889731145698
-9999 -9999 -9999 -9999 -9999 -9999 -9999 -9999 -9999 -9999 -9999 -9999 -9999 -9999 -9999 -9999 -9999 -9999 -9999 -9999 -9999 -9999 -9999 -9999 -9999 -9999 -9999 0.0175076259221919 0.058828155891223 0.0756827287900438 0.0786522097199558 0.0828846472720057 0.084470324196685 0.0789845520177662 0.044718972816034 0.00201241625488147 0.0167016812470316 0.0434413762867256 0.0288453251831677 0.0270756480114179 0.0343162706254765 0.0382841680738338 0.0345408449525408 0.0272117649516965 0.0204239179845995 0.0143603501737127 0.00996382371788979 0.000600458330019815 -0.0102058567118162 -0.0153108550240159 -0.0125312325449245 -0.00912275655690048 -0.00968994361618031 -0.00648320884846698 -0.000462877160741726
-9999 -9999 -9999 -9999 -9999 -9999 -9999 -9999 -9999 -9999 -9999 -9999 -9999 -9999 -9999 -9999 -9999 -9999 -9999 -9999 -9999 -9999 -9999 -9999 -9999 -9999 -9999 0.0292444770855321 0.0692931578117155 0.0769772434457568 0.077585238756092 0.0773572747324141 0.0786087309500836 0.0679945013419013 0.0460525664192351 0.051295116041671 0.0616523961804973 0.0511631051483266 0.0364162028941358 0.040670575842529 0.0496275299310754 0.055021364307632 0.0513089158987442 0.0443967725590119 0.0391085985121173 0.037176147565745 0.0335053887428419 0.0187396086983987 0.00249689582818791 -0.00516030396120465 -0.00454233905206375 -0.00148097772599148 0.000863722926218946 0.00497708566286476 0.0102995346374343
-9999 -9999 -9999 -9999 -9999 -9999 -9999 -9999 -9999 -9999 -9999 -9999 -9999 -9999 -9999 -9999 -9999 -9999 -9999 -9999 -9999 -9999 -9999 -9999 -9999 -9999 0.0599825322323334 0.0469512473186431 0.076805512859756 0.0822731463527619 0.0762981778360709 0.0748912397268758 0.0709089370238945 0.0615604108878575 0.0557477604716008 0.0667780653122112 0.0792325687065971 0.0649164182777264 0.0488775025259141 0.0516389139635058 0.0589581453399938 0.0644910935268531 0.0584312493405001 0.0532216926061164 0.0508917515197732 0.051892920116055 0.0583311286550357 0.0364359548955768 0.0133855075139219 0.00493833206168981 0.00581619541082784 0.00733126754260954 0.00962608848468255 0.0152984248483397 0.0202669101468992
-9999 -9999 -9999 -9999 -9999 -9999 -9999 -9999 -9999 -9999 -9999 -9999 -9999 -9999 -9999 -9999 -9999 -9999 -9999 -9999 -9999 -9999 -9999 -9999 -9999 -9999 0.0285961830511491 0.0590681837214952 0.0761920547426705 0.0802315035460082 0.0748691625352787 0.0699755917775817 0.0639253289654984 0.0553263468969256 0.0526289577289939 0.0629737632201968 0.0652336797869121 0.0607753875932692 0.057779498567898 0.0596256178522537 0.060741534387858 0.0619148679593016 0.0584959222598852 0.0548187772591874 0.0530422972375689 0.0551733575388632 0.0562470928041304 0.0409748181912686 0.0236353012450646 0.0162042479361196 0.0150789259728109 0.0169625510871046 0.0195172517151196 0.0239360627329448 0.0277422562287563
-9999 -9999 -9999 -9999 -9999 -9999 -9999 -9999 -9999 -9999 -9999 -9999 -9999 -9999 -9999 -9999 -9999 -9999 -9999 -9999 -9999 -9999 -9999 -9999 -9999 -9999 0.0300992458220861 0.062877411313939 0.0760443489059288 0.0796554767971091 0.0715581315279826 0.0673653353388643 0.0572130086222035 0.0469113027462416 0.0476713147693179 0.0540558854281772 0.0560218065389432 0.0551804350622594 0.0569193155516899 0.0592692367633633 0.0593059127914491 0.0597703322948533 0.0571156990626047 0.0538758312145929 0.0517932024620983 0.0517796557119606 0.0539778011124226 0.0415985394096388 0.0298353102574464 0.0249706072468894 0.0239075128024411 0.0246937536733154 0.0265735078846837 0.0306771534575735 0.0342665862303474
-9999 -9999 -9999 -9999 -9999 -9999 -9999 -9999 -9999 -9999 -9999 -9999 -9999 -9999 -9999 -9999 -9999 -9999 -9999 -9999 -9999 -9999 -9999 -9999 -9999 -9999 0.022811206321374 0.0601468123931208 0.0732735668951082 0.07551233592778 0.0671576111993167 0.0584839554192132 0.0509540185109874 0.0437096560663983 0.0456486210087576 0.050622680139578 0.0528639511515441 0.0529854117917929 0.0529558220968732 0.0543347750981588 0.0551419102620115 0.0556066778411962 0.0548251049511513 0.0528351597020553 0.0506165202519734 0.0481843759340406 0.045272047841354 0.0396320156116099 0.0340287055904353 0.030578629277726 0.0299797327574351 0.0310728045153474 0.0330460979755839 0.0365058821081134 0.0391726972800306
-9999 -9999 -9999 -9999 -9999 -9999 -9999 -9999 -9999 -9999 -9999 -9999 -9999 -9999 -9999 -9999 -9999 -9999 -9999 -9999 -9999 -9999 -9999 -9999 -9999 -9999 0.0267804008830608 0.0573042491271722 0.0720978241775907 0.0738748508800315 0.0631116638823396 0.0541261555513988 0.0469682892498607 0.0448006838163124 0.0482686115114763 0.0505261464549258 0.0526819497605871 0.0523452498705238 0.0513126457255807 0.0521597133250608 0.0526099273994907 0.0531686319557674 0.0539023313520841 0.0537379178473256 0.0525502616501751 0.0501787467537295 0.0479581406143234 0.0430140834319708 0.0385246616782243 0.0356920057021378 0.0355759045795663 0.0362770941104175 0.0374001458571747 0.0405048838182188 0.0428967838014406
-9999 -9999 -9999 -9999 -9999 -9999 -9999 -9999 -9999 -9999 -9999 -9999 -9999 -9999 -9999 -9999 -9999 -9999 -9999 -9999 -9999 -9999 -9999 -9999 -9999 -9999 0.0317251607596766 0.0569777111291191 0.0711698831246861 0.0722082568151944 0.0612245388096482 0.0504984412727181 0.0461572517072889 0.046468262990856 0.0498479440590414 0.0516679712462648 0.0529580214833958 0.0523994456106727 0.0514210327246098 0.0517259415289373 0.052032795619026 0.0527459586145004 0.0545935893824002 0.0570386534427561 0.0570946937758536 0.0540189544265892 0.0501999208412435 0.0465001206369895 0.0433180432000968 0.0405565125687791 0.0397913468789073 0.0403601821339089 0.0416466279356636 0.043896845983872 0.0453563131896156
-9999 -9999 -9999 -9999 -9999 -9999 -9999 -9999 -9999 -9999 -9999 -9999 -9999 -9999 -9999 -9999 -9999 -9999 -9999 -9999 -9999 -9999 -9999 -9999 -9999 -9999 0.0345469764832524 0.0565411182057679 0.0724062141607708 0.0740055011426491 0.0611724352317999 0.0500089675751463 0.0465379992234165 0.0488013609916545 0.0518973693501666 0.0525842776275225 0.0531372350072562 0.0526817498384668 0.0519500923425436 0.0522400444237952 0.0521413884805601 0.0528839077368701 0.0555246449713658 0.0597762606796876 0.0601167494821462 0.0562056868290325 0.0522951390789467 0.0491331047461434 0.0465584016732395 0.044288046759039 0.043747619945082 0.0434673039838814 0.043873688140665 0.0457948760369865 0.0470910502677133
-9999 -9999 -9999 -9999 -9999 -9999 -9999 -9999 -9999 -9999 -9999 -9999 -9999 -9999 -9999 -9999 -9999 -9999 -9999 -9999 -9999 -9999 -9999 -9999 -9999 -9999 0.0376175433927295 0.056174280585425 0.0734512923889037 0.076873780863248 0.0636750547095515 0.0507649109165372 0.0490104170946045 0.0527500030403175 0.054980664573262 0.05487199253886 0.0543599278392952 0.0537830356703213 0.0536236249269305 0.0537224262853697 0.0524637672090992 0.0527324408037996 0.0559584353927145 0.0602407394689282 0.0608251914191958 0.0578232938871658 0.0536657425759668 0.0511273180371616 0.0492658696366537 0.0470344473115653 0.0462674974649619 0.04617181397857 0.0463017688475124 0.0469201867452839 0.0476091064746673
-9999 -9999 -9999 -9999 -9999 -9999 -9999 -9999 -9999 -9999 -9999 -9999 -9999 -9999 -9999 -9999 -9999 -9999 -9999 -9999 -9999 -9999 -9999 -9999 -9999 -9999 0.0409135907834166 0.0548603134682324 0.0736578916080601 0.0793466081253892 0.0666552385846712 0.0541553776754026 0.0526223778047515 0.0570886210439232 0.0587632927118071 0.0575218117169011 0.0561276166233892 0.0547455942115193 0.0544463820838752 0.0542773251468528 0.0522523918389616 0.0523503518448331 0.0554828309496948 0.0600060929588715 0.0608614001697524 0.0579125120839967 0.0546867801195581 0.0526573275843658 0.051201213981205 0.0495782911144889 0.0488469882487342 0.0481981656271905 0.0476491977338621 0.0484460954916523 0.0505246222071886
-9999 -9999 -9999 -9999 -9999 -9999 -9999 -9999 -9999 -9999 -9999 -9999 -9999 -9999 -9999 -9999 -9999 -9999 -9999 -9999 -9999 -9999 -9999 -9999 -9999 -9999 0.0451440279358561 0.0544047801700928 0.0735285559383586 0.0806019788338865 0.0693092769190636 0.0593685509143584 0.0574507472505467 0.060387584849969 0.0617304539303583 0.0584452997683899 0.0550666445019462 0.0547787854456144 0.053969178546741 0.0534373551327239 0.0522131525063312 0.0519145148563522 0.054669836397487 0.0591755192061095 0.0601446780179766 0.0579095061526404 0.0553441096088589 0.0535600025805062 0.0529416760195709 0.0510903704777796 0.0502605384514128 0.049400360146394 0.0487191276408172 0.0519854147741792 0.0521872632781168
-9999 -9999 -9999 -9999 -9999 -9999 -9999 -9999 -9999 -9999 -9999 -9999 -9999 -9999 -9999 -9999 -9999 -9999 -9999 -9999 -9999 -9999 -9999 -9999 -9999 0.0702233552477473 0.0478773515121358 0.0545099365597204 0.0740543792128182 0.0819372403997572 0.0716142438934846 0.059955750080413 0.05820154666891 0.0627344295483621 0.0645425192924495 0.0610200309310093 0.0573566890767235 0.0566088061624316 0.0558941842858168 0.0553036408270481 0.053693376462818 0.0531034799163877 0.0552018450320134 0.0584597558034933 0.0590922165818767 0.0572508191348804 0.054878027648351 0.0538776204309062 0.0531940498005868 0.051353207863481 0.0496609078188247 0.048616038477661 0.0499710915859526 0.0537500668849509 0.0543396596519392
