meets/meet004/_saidas_enm/CCSM_Gower_6k_Cavanillesia_umbellata2.asc
NCOLS 154 
NROWS 168 
XLLCORNER -112 
YLLCORNER -55.5 
CELLSIZE 0.5 
NODATA_value -9999 
[rows 104 to 129 of 168, columns 58 to 115 of 154]
-9999 -9999 -9999 -9999 -9999 -9999 -9999 -9999 -9999 -9999 -9999 -9999 -9999 -9999 -9999 -9999 -9999 -9999 -9999 -9999 -9999 -9999 -9999 -9999 -9999 0.41352509018725 0.511581398674731 0.279738436152434 0 0 0 0 0 0 0.047090518623247 0.234360417193005 0.411900138828125 0.406864747205787 0.396070264084581 0.405621149647114 0.406900710045551 0.402205575740982 0.381326011707866 0.365193414541968 0.411614657650637 0.461792417744197 0.497080666303988 0.518853542157577 0.514936024274383 0.5369867482601 0.536524094645342 0.535031572804316 0.534267778399647 0.523823453035005 0.531976651148914 0.540153781828787 0.538720899430217 0.530407724271094
-9999 -9999 -9999 -9999 -9999 -9999 -9999 -9999 -9999 -9999 -9999 -9999 -9999 -9999 -9999 -9999 -9999 -9999 -9999 -9999 -9999 -9999 -9999 -9999 -9999 0.422485205534617 0.535990930569242 0.236299243052984 0 0 0 0 0 0 0.0751064928760758 0.278836312008015 0.370906002854097 0.375036354198243 0.379536828434196 0.386326382214703 0.381620753415968 0.381985373097419 0.376103081135728 0.377798453870085 0.427070231961191 0.457199924711837 0.487724056865163 0.522638471065698 0.519389785213134 0.525251728094673 0.519316323753971 0.513954277143315 0.516811851115741 0.508002747116456 0.520482236459489 0.535141764993059 0.540166579992404 0.535373923681073
-9999 -9999 -9999 -9999 -9999 -9999 -9999 -9999 -9999 -9999 -9999 -9999 -9999 -9999 -9999 -9999 -9999 -9999 -9999 -9999 -9999 -9999 -9999 -9999 -9999 0.487654478604483 0.478272577745331 0.173247938167881 0 0 0 0 0 0 0.0982394335644894 0.322417444871738 0.353640128299905 0.374671222590247 0.38632279872889 0.368315142611451 0.369323509922842 0.376558951723769 0.391178805950126 0.428976006505413 0.44269640579276 0.47777310070796 0.507707365500173 0.527344483809341 0.55570163089902 0.541647199541266 0.522837354528308 0.513793532208285 0.508137767742616 0.517129245573445 0.521378235894322 0.526051229375833 0.532706530419997 0.534054816957059
-9999 -9999 -9999 -9999 -9999 -9999 -9999 -9999 -9999 -9999 -9999 -9999 -9999 -9999 -9999 -9999 -9999 -9999 -9999 -9999 -9999 -9999 -9999 -9999 -9999 0.582989818451365 0.416852040414861 0.115344068080469 0 0 0 0 0 0 0.114376507776784 0.298371987383076 0.361808428246882 0.369952411682987 0.375395342687703 0.363122031760541 0.357869281467175 0.360462061434363 0.375621358257181 0.416801369419739 0.429559218821444 0.462392139691294 0.4980148042664 0.529629339959902 0.559811249218106 0.543498325926844 0.525433206054764 0.513906284029751 0.510506195901597 0.519014031129335 0.517986850517427 0.520187238788115 0.525207318466922 0.526508635743509
-9999 -9999 -9999 -9999 -9999 -9999 -9999 -9999 -9999 -9999 -9999 -9999 -9999 -9999 -9999 -9999 -9999 -9999 -9999 -9999 -9999 -9999 -9999 -9999 -9999 0.543913673459426 0.369250666411479 0.0648511925821305 0 0 0 0 0 0 0.144378707158804 0.278836743643964 0.377010214972908 0.374706161576922 0.362093443350635 0.347134949714969 0.338412105338463 0.338214373710579 0.345298029291007 0.354611636900079 0.395000593569464 0.42284107879392 0.460981142152509 0.514618629816679 0.537129959710975 0.53289261571899 0.516461565377541 0.509368439156036 0.51678215937615 0.520043515410695 0.517554400568805 0.513818488627338 0.516407941071986 0.520885762558336
-9999 -9999 -9999 -9999 -9999 -9999 -9999 -9999 -9999 -9999 -9999 -9999 -9999 -9999 -9999 -9999 -9999 -9999 -9999 -9999 -9999 -9999 -9999 -9999 -9999 0.49075391639318 0.318601505301984 0.0518461753904574 0 0 0 0 0 0 0.193951910995656 0.320851737966728 0.434140321488184 0.395912846672091 0.360878257715191 0.344599889465695 0.336037150116038 0.328134540045752 0.33473455302309 0.344723007799691 0.376672855379961 0.407911381026393 0.44478007481126 0.488034924259422 0.509981727156568 0.515796828759269 0.506117321652385 0.506914903209003 0.516374409883309 0.519827610390474 0.514066005111693 0.507447946723655 0.509791034518673 0.516591978664799
-9999 -9999 -9999 -9999 -9999 -9999 -9999 -9999 -9999 -9999 -9999 -9999 -9999 -9999 -9999 -9999 -9999 -9999 -9999 -9999 -9999 -9999 -9999 -9999 0.52191334761318 0.438147185472101 0.279032620485815 0.052202299103389 0 0 0 0 0 0.0118722324046474 0.25550429520476 0.408799243159026 0.506092237251695 0.426109217855183 0.36872762742483 0.353978767709213 0.354797850180707 0.34318351669819 0.357751922306806 0.369516762193461 0.399459985700206 0.429168874831122 0.460583247245653 0.479827973858321 0.491433988534487 0.506432028495729 0.504200540687452 0.513301570798843 0.522174025708033 0.524448003419519 0.515252906805542 0.50314405228086 0.504326474617444 0.516922427249393
-9999 -9999 -9999 -9999 -9999 -9999 -9999 -9999 -9999 -9999 -9999 -9999 -9999 -9999 -9999 -9999 -9999 -9999 -9999 -9999 -9999 -9999 -9999 -9999 0.488995183202302 0.361617840355135 0.213166232454144 0.0577629744325168 0 0 0 0 0 0.138286013483502 0.347019967521617 0.521721482642533 0.495102326172056 0.451180564417807 0.405888887229983 0.379073406929621 0.37678253564216 0.36877843613439 0.382243768020848 0.39714390203042 0.419686075499033 0.438576037016235 0.461314278351462 0.482661871228055 0.494300521221445 0.501780791892367 0.50366647331971 0.509648974902523 0.519129470565162 0.520777746057408 0.513200465306268 0.504076526482002 0.507338010498184 0.52004901862105
-9999 -9999 -9999 -9999 -9999 -9999 -9999 -9999 -9999 -9999 -9999 -9999 -9999 -9999 -9999 -9999 -9999 -9999 -9999 -9999 -9999 -9999 -9999 -9999 0.442327958570858 0.264295292834241 0.128418086863164 0.0451479875106603 0 0 0 0 0.112534787499307 0.267435809016478 0.437425905391775 0.488387641648709 0.463884789513956 0.470488641940379 0.447589783651758 0.4282177153111 0.417261079456865 0.408967229524804 0.415970256674444 0.417515123004664 0.433110709225189 0.445541949491385 0.456723449080373 0.479640992687875 0.49524093028403 0.501669575850535 0.502655034449051 0.511665325580397 0.520217698417524 0.522661251796936 0.519631798487133 0.511862417300101 0.516929850184291 0.523210643909303
-9999 -9999 -9999 -9999 -9999 -9999 -9999 -9999 -9999 -9999 -9999 -9999 -9999 -9999 -9999 -9999 -9999 -9999 -9999 -9999 -9999 -9999 -9999 -9999 0.385551163350592 0.139963863721107 0.00845892573794715 0 0.0256389236937663 0.0331222755743358 0.0609308255915408 0.139451699936078 0.248032449764553 0.381922645677178 0.52209510903848 0.481223869564038 0.46036375873962 0.479907450454383 0.499687908196063 0.486722728543761 0.464835181144162 0.455415348777069 0.472686470578344 0.485740341504512 0.468644554544792 0.446722836048335 0.448388517043101 0.46782470418348 0.49009491667523 0.499862603129436 0.507400849481544 0.516541681881784 0.524153901619599 0.52990782800021 0.530635275620206 0.531108167765858 0.505154077238503 0.460723061615894
-9999 -9999 -9999 -9999 -9999 -9999 -9999 -9999 -9999 -9999 -9999 -9999 -9999 -9999 -9999 -9999 -9999 -9999 -9999 -9999 -9999 -9999 -9999 0.607330486643264 0.329336904367016 0.00791019879982391 0 0 0.0514230774888748 0.112690967392257 0.186937518256497 0.27856436044867 0.368598984718498 0.486691972831508 0.592941984395828 0.494987526644411 0.467547239996262 0.511670700809116 0.566515951173832 0.515697770972873 0.504568487891444 0.509331964389728 0.529793028472565 0.569471943024473 0.512302034220348 0.457226416910524 0.440775145470561 0.457647604475163 0.483828295860118 0.499965884309826 0.511505604498456 0.522644998129143 0.530454821513205 0.540227499251222 0.540118598033645 0.490398388239994 0.453115499663483 0.404393981116668
-9999 -9999 -9999 -9999 -9999 -9999 -9999 -9999 -9999 -9999 -9999 -9999 -9999 -9999 -9999 -9999 -9999 -9999 -9999 -9999 -9999 -9999 -9999 0.500340832654347 0.277865815466414 0.0183902611151817 0 0 0.082023360570174 0.180349229567263 0.287272333271411 0.386999540286086 0.461477515692228 0.549007360780146 0.604028502881756 0.539527951627911 0.51129021140478 0.522294328446034 0.55765424672208 0.530141010541314 0.518430178905123 0.520878467605074 0.556894803693042 0.579506983116641 0.525332868452006 0.468598737119042 0.44986555310615 0.455531172157804 0.487704987601373 0.499229477975298 0.509523936843984 0.52224799909374 0.532161328649909 0.539860515088172 0.495413000952086 0.44700144474395 0.410004100821083 0.363468658579715
-9999 -9999 -9999 -9999 -9999 -9999 -9999 -9999 -9999 -9999 -9999 -9999 -9999 -9999 -9999 -9999 -9999 -9999 -9999 -9999 -9999 -9999 -9999 0.450870162973038 0.249349632111499 0.0277393824599675 0 0 0.110321143752494 0.235246112387181 0.371494926946486 0.471001813809534 0.523616381518918 0.583211264328962 0.601161984761813 0.547197251175457 0.525689553272014 0.551714618987385 0.552973702324035 0.528687395117683 0.505651084551814 0.509915432669031 0.54944128118408 0.586156196188827 0.525051564815702 0.465041615523306 0.449318943538064 0.462231010811355 0.492222739358209 0.498429208804321 0.506480789499111 0.519990275050048 0.53298220286431 0.510012507661895 0.461855510617823 0.408727581846757 0.369728267562201 0.319981901462524
-9999 -9999 -9999 -9999 -9999 -9999 -9999 -9999 -9999 -9999 -9999 -9999 -9999 -9999 -9999 -9999 -9999 -9999 -9999 -9999 -9999 -9999 -9999 0.428701554772761 0.235987582371349 0.0303847230908308 0 0.00793543646381456 0.132480581750964 0.279368120622909 0.432466766654946 0.495830285718597 0.559751965854765 0.578601974417997 0.577223918708986 0.532439304763672 0.515031754538239 0.543960851559965 0.565201835733628 0.526043038551119 0.488583325570415 0.475276434949536 0.49001505613426 0.501235974067187 0.480995678306745 0.457397400376449 0.455658897830702 0.465716078745927 0.483153192729316 0.493277052076986 0.505385522656759 0.521760261078293 0.533279370388739 0.483682681974903 0.433082428889495 0.381097454964653 0.343490319893323 0.296442175788095
-9999 -9999 -9999 -9999 -9999 -9999 -9999 -9999 -9999 -9999 -9999 -9999 -9999 -9999 -9999 -9999 -9999 -9999 -9999 -9999 -9999 -9999 -9999 0.426547521884712 0.227739480334565 0.01884908324474 0 0.0186786416247701 0.145606124518038 0.317591753771676 0.455502376289665 0.501363955703358 0.570628641052187 0.568796362996338 0.552879200272282 0.520192844058086 0.513198033655181 0.5556481345751 0.570141670926556 0.526894116431656 0.467223190493477 0.448013274885847 0.450896061240599 0.441671144905394 0.455144667616567 0.452637251400705 0.458062136994721 0.469395806749115 0.475441787223469 0.489779697905341 0.503246565571433 0.521743495483954 0.511206160604313 0.465617949071401 0.415955673967266 0.362705447630896 0.324941378745336 0.273089374852725
-9999 -9999 -9999 -9999 -9999 -9999 -9999 -9999 -9999 -9999 -9999 -9999 -9999 -9999 -9999 -9999 -9999 -9999 -9999 -9999 -9999 -9999 -9999 0.392373158048819 0.203134365883506 0.00856700725741955 0 0.0310887210863591 0.184692834280288 0.343032838915543 0.48485534849039 0.522787825635109 0.576076819303986 0.554763481790102 0.52216562990243 0.493478328558377 0.495889127097016 0.530982793149051 0.549941433418236 0.501763002444939 0.434009908200926 0.409159969868878 0.420120445172197 0.441141428913282 0.443447018088903 0.442869948891408 0.454407877337131 0.464476320636339 0.470567990554805 0.483224478500663 0.497495326805181 0.51900852791898 0.509141533812424 0.454886438551457 0.402752556852251 0.352590434533117 0.316375985437642 0.271399561077424
-9999 -9999 -9999 -9999 -9999 -9999 -9999 -9999 -9999 -9999 -9999 -9999 -9999 -9999 -9999 -9999 -9999 -9999 -9999 -9999 -9999 -9999 -9999 0.376800569607875 0.183902916370509 0 0 0.0363621344727237 0.197842076681969 0.354117853203307 0.483835078886835 0.517680462480434 0.563826890020681 0.536182711352261 0.507314454542136 0.475817201363151 0.470982400877669 0.495722254319065 0.527117316405138 0.479177955128209 0.411857182851181 0.399614715498337 0.427016223710726 0.43979582999058 0.449805785682058 0.446131560889225 0.453788446218063 0.455824250104635 0.464565907781658 0.480325566459754 0.494210806094489 0.517094946494951 0.501057351265501 0.453717016561813 0.404683129415673 0.351667114747066 0.314468646389438 0.269324166441513
-9999 -9999 -9999 -9999 -9999 -9999 -9999 -9999 -9999 -9999 -9999 -9999 -9999 -9999 -9999 -9999 -9999 -9999 -9999 -9999 -9999 -9999 -9999 0.364440396528438 0.16251584876475 0 0 0.019597194719432 0.186027564144303 0.345801488466189 0.458123312216811 0.474320540108975 0.501710913919018 0.502752350190462 0.478905034071005 0.460000564148723 0.453724914318719 0.460010237932953 0.485785186286852 0.460767028875195 0.410325754592759 0.402217733996418 0.418838069177764 0.443903144640216 0.443158163536065 0.438657433336839 0.444774443619268 0.4503037622284 0.459084070359546 0.475601892250319 0.493517145626443 0.51844233716056 0.510143137507973 0.455060816606248 0.404506385894054 0.357344408653282 0.319780983869652 0.280791168798863
-9999 -9999 -9999 -9999 -9999 -9999 -9999 -9999 -9999 -9999 -9999 -9999 -9999 -9999 -9999 -9999 -9999 -9999 -9999 -9999 -9999 -9999 -9999 0.354283293101702 0.15038436235303 0 0 0.0014653663059051 0.165024933974234 0.326775223781656 0.417088944156215 0.44151116786018 0.465580034266677 0.469029523306394 0.452295340446084 0.436322612005589 0.430612703492726 0.437939810685316 0.458522468461409 0.46460929355632 0.416007371348934 0.404352595669387 0.427289976430496 0.445354200431123 0.442872124579223 0.430682641623753 0.435283965389008 0.440022101523331 0.451851060209707 0.469598273697538 0.487676831641416 0.508808007571244 0.515157908224287 0.465071488312961 0.419881773192963 0.366613410270266 0.328260229254127 0.287733956432143
-9999 -9999 -9999 -9999 -9999 -9999 -9999 -9999 -9999 -9999 -9999 -9999 -9999 -9999 -9999 -9999 -9999 -9999 -9999 -9999 -9999 -9999 -9999 0.340738729972884 0.133639766533869 0 0 0 0.138100611032247 0.296850551084056 0.401431670787056 0.416210606187174 0.449901899890823 0.444617874024678 0.431449710337629 0.413090480926181 0.414622727638458 0.432519726360769 0.452055770486921 0.480534688453257 0.425286551897875 0.414702598568171 0.432151614843723 0.450516723670988 0.442596196171638 0.425209890897809 0.428513096927382 0.435664710756617 0.444962192679531 0.46750718174414 0.476074528432698 0.511222253155973 0.512567842285742 0.480852298929835 0.432112356516289 0.378328260346931 0.341346515749884 0.295983945161226
-9999 -9999 -9999 -9999 -9999 -9999 -9999 -9999 -9999 -9999 -9999 -9999 -9999 -9999 -9999 -9999 -9999 -9999 -9999 -9999 -9999 -9999 0.418913140179282 0.317515256418821 0.111795554648789 0 0 0 0.0940392151363526 0.261005727622565 0.385070114474048 0.404574259863235 0.436498767079543 0.44551690392225 0.435120095262516 0.423940051106704 0.428951676090939 0.452023304766876 0.475479207185798 0.489701629107277 0.440011223084256 0.424576893725307 0.439717761192516 0.457023566017194 0.443186703440931 0.430276939837091 0.43877172093794 0.453446351304578 0.467961516552547 0.480322494900486 0.492005810484899 0.508913504929828 0.511814986564461 0.496966740343134 0.446760582534885 0.393977699934291 0.356477540615313 0.311284989463189
-9999 -9999 -9999 -9999 -9999 -9999 -9999 -9999 -9999 -9999 -9999 -9999 -9999 -9999 -9999 -9999 -9999 -9999 -9999 -9999 -9999 -9999 0.403977015125048 0.296036583987538 0.0819918309677924 0 0 0 0.0364733619613916 0.221845891554126 0.370071818549534 0.371818127975087 0.398736249547659 0.422569757725238 0.433466882118653 0.410754621055568 0.425965494477763 0.484793492676565 0.51482614799596 0.506045395972857 0.464373039455949 0.452130956048013 0.461048460493135 0.464632074287559 0.453942280144741 0.444098572598649 0.455286727232717 0.478423887327889 0.514165318861361 0.508262677819519 0.506998749286554 0.511549480405419 0.518621474789049 0.517571253779305 0.467906240892941 0.409819699553073 0.369475694654836 0.312931269915518
-9999 -9999 -9999 -9999 -9999 -9999 -9999 -9999 -9999 -9999 -9999 -9999 -9999 -9999 -9999 -9999 -9999 -9999 -9999 -9999 -9999 -9999 0.377797334850165 0.24239836848753 0.0420568980000068 0 0 0 0.0216148795405781 0.201735598068757 0.372619323050701 0.364868853112639 0.386526289530402 0.40625299498489 0.414101724786348 0.404910083676548 0.425604074337216 0.488942058096602 0.515889016104267 0.508211101220142 0.46663613872836 0.451923369834143 0.458409991081834 0.465496334276622 0.455952615685715 0.45261869406346 0.466941374930628 0.488252876985821 0.494167781774915 0.488474040758668 -9999 -9999 -9999 0.390813262992828 0.351665311418524 0.372262846310381 0.347504573527202 -9999
-9999 -9999 -9999 -9999 -9999 -9999 -9999 -9999 -9999 -9999 -9999 -9999 -9999 -9999 -9999 -9999 -9999 -9999 -9999 -9999 -9999 0.457894730236961 0.332554054312696 0.182389006083204 0 0 0 0 0.0172905701052851 0.191667937359717 0.360193947983507 0.37281676868213 0.392016317777229 0.418209551362528 0.4306757306154 0.438715409018025 0.461098245349605 0.485642890149916 0.496589299912294 0.495350009716469 0.474223913973666 0.460789297679889 0.464861289397941 0.46456386007548 0.459799898489379 0.455920408636742 0.454705243790236 0.45335521093171 0.458488041270778 0.455467038383701 0.456517777885565 -9999 -9999 -9999 -9999 -9999 -9999 -9999
-9999 -9999 -9999 -9999 -9999 -9999 -9999 -9999 -9999 -9999 -9999 -9999 -9999 -9999 -9999 -9999 -9999 -9999 -9999 -9999 -9999 0.411941938442683 0.265113244825074 0.0978219284970321 0 0 0 0 0.0255330093975176 0.188595583843383 0.345912074825091 0.415299504919272 0.416927815276276 0.428050008353614 0.43160520760926 0.438510328078185 0.448811768685287 0.46637192760485 0.475340244582616 0.466647826545598 0.449753748025001 0.439214969476988 0.4324815115028 0.428089305402251 0.418486892329862 0.412441639983704 0.41101267484332 0.412077482823869 0.416864147422961 0.418220064693244 0.428988132389072 -9999 -9999 -9999 -9999 -9999 -9999 -9999
-9999 -9999 -9999 -9999 -9999 -9999 -9999 -9999 -9999 -9999 -9999 -9999 -9999 -9999 -9999 -9999 -9999 -9999 -9999 -9999 0.440056305084564 0.360661116167567 0.186079857143375 0 0 0 0 0 0.022018402522722 0.184398091921882 0.34119595553018 0.42378211890607 0.421570797549525 0.406940323722129 0.414656884281421 0.421138056556096 0.430406951991943 0.444901205068985 0.455702279580192 0.436743989997002 0.413219329252608 0.398176270232977 0.391773894966327 0.381672727269751 0.375133049062079 0.366035275025634 0.364541851903578 0.369228075681281 0.374169358272085 0.384672897986466 0.399430664491204 0.442105433114719 -9999 -9999 -9999 -9999 -9999 -9999
