meets/meet004/_saidas_enm/CCSM_Maha_0k_Aralia_warmingiana1.asc
NCOLS 154 
NROWS 168 
XLLCORNER -112 
YLLCORNER -55.5 
CELLSIZE 0.5 
NODATA_value -9999 
[rows 50 to 74 of 168, columns 56 to 111 of 154]
-9999 -9999 -9999 -9999 -9999 -9999 -9999 -9999 -9999 -9999 -9999 -9999 -9999 -541.84757253079 -291.012564521727 -128.080764716084 -60.6011582932464 -55.0390368101481 -58.0444589473975 -45.8049493182433 -29.4798263568692 -17.9520703940204 -21.0302250957264 -33.9358027484416 -48.8293816487574 -64.048501889067 -83.0361027619936 -112.477509290689 -144.350442212936 -182.293514372443 -212.619720907836 -183.59645006999 -143.146851859813 -91.2112186352436 -41.232868206421 -17.9374353632837 -5.77942720995178 -4.01242898536997 -3.37776450358048 -3.12397245471636 -2.64484265334715 -1.88801614743361 -1.83066035805429 -3.31852554709856 -8.94164843626336 -24.0289325124498 -21.6737050133295 -23.2456519950533 -25.2779504097033 -23.8623073782066 -25.8355225467062 -29.6596735751256 -23.46278308861 -23.089816713204 -23.5979339173889 -20.0210204371176
-9999 -9999 -9999 -9999 -9999 -9999 -9999 -9999 -9999 -9999 -9999 -9999 -9999 -228.816787349486 -153.255595604586 -94.3979517267428 -52.6359271843683 -43.2715218582968 -43.1050010036857 -39.1322898543541 -32.0521114840331 -30.170048556668 -30.3631845592409 -41.0559121196394 -55.8524406010717 -74.2963571810519 -100.51908962813 -136.505045692287 -180.236854132735 -228.487438819423 -256.870439319108 -236.224776008717 -186.383306161824 -119.305810728195 -62.0115001854727 -27.3406055874749 -10.5726413076561 -4.15123604704387 -3.20121638693818 -2.28033916830776 -1.84686295077154 -1.85774925435697 -2.48278253939679 -4.03473824992375 -7.3991173105799 -11.5155728923348 -14.0796502928443 -14.3755661625854 -16.8653938120375 -20.9715126040337 -25.4233348048902 -26.4161174506286 -23.0277936975346 -23.8326585989966 -21.8707472951371 -18.7735458713904
-9999 -9999 -9999 -9999 -9999 -9999 -9999 -9999 -9999 -9999 -9999 -222.208438962953 -144.962092108605 -102.255585255553 -92.1665668754684 -76.9452561208734 -55.1225620355532 -37.8914728679384 -33.5636039169727 -40.8363167396969 -40.6580930083871 -45.3475581214234 -54.6553308327216 -68.7528478990491 -88.889276156899 -112.307624262821 -147.932890820661 -190.940730779869 -239.704308432206 -292.117487938935 -321.796069884455 -282.028095757657 -217.595243333417 -140.19662341438 -72.7513434661265 -33.3934934194653 -14.6483180625543 -7.14166801889742 -4.34357618523954 -3.38420435522548 -2.10177283177083 -2.5969300835604 -3.23247559439028 -4.37182421637225 -6.01987318704308 -6.93090483936853 -10.1725819458215 -10.5717653875993 -14.0029290234108 -22.5985786395369 -25.6374143424632 -22.5484463458411 -23.582128723613 -25.0285205652706 -20.7392714680793 -16.9027267233292
-9999 -9999 -9999 -9999 -9999 -9999 -9999 -9999 -9999 -9999 -204.05098030249 -123.538319656229 -77.7394384729423 -67.1911582366061 -66.6810947820736 -74.6495904281178 -73.5141179027156 -55.1630759979293 -47.9936617981658 -53.4875024618671 -58.3389988145459 -68.4190144941298 -83.2187819070481 -101.788515298146 -126.189969342437 -158.444108731309 -201.082293857339 -250.467491656476 -302.042602273635 -345.10337716615 -359.176262900246 -309.397019710793 -231.004678015545 -147.346235800516 -79.661979114359 -38.3435768983248 -18.2887256581075 -9.97393512348842 -8.06611782043895 -7.1833845431414 -4.99960146771741 -4.92437789869682 -5.09061806899972 -6.10485188495536 -8.5278694901768 -10.4692040936582 -13.8551674650427 -17.0478509391991 -23.6011673246077 -24.2671568553113 -20.9186785203295 -21.4800042876242 -25.5657287415468 -25.8907706322347 -19.0048911931966 -13.25102258914
-9999 -9999 -9999 -9999 -9999 -9999 -9999 -9999 -9999 -9999 -100.730388767319 -55.2532553141627 -63.4615031421405 -53.3749903295719 -50.8383343098924 -66.2802635303661 -88.4245840302651 -87.6856629456179 -79.5394755602777 -82.8364609532351 -88.5609075827379 -102.677988755715 -120.455538134605 -141.972854734102 -174.11880627433 -212.222539308406 -260.546177412613 -314.950710546118 -330.562864701439 -322.147189998885 -349.034908690236 -318.834625490291 -241.040136202094 -155.869745490971 -86.6988766273954 -44.563155863528 -25.3893957900713 -15.6678470854502 -12.2124158057826 -11.6580739103602 -10.6538407656036 -10.4300750356761 -10.2536349338265 -11.7546374987314 -15.0344230309883 -18.6548863057837 -26.3972270046745 -25.2131984428679 -20.0779611899092 -19.8598816077633 -20.9345431723222 -23.4911963949214 -27.1269972730191 -29.1198394802878 -19.1857424527871 -12.0074980268893
-9999 -9999 -9999 -9999 -9999 -9999 -9999 -9999 -167.790016766584 -86.8781941876144 -30.4001411174937 -27.0305645380402 -53.0755878179324 -52.0727627547885 -43.6404703102261 -58.8003265362846 -89.703729681627 -111.303516755782 -116.10652076272 -123.625943747378 -134.133688922263 -147.536253302684 -161.324206667776 -185.798591111315 -226.470963658473 -237.488081496835 -250.620941488921 -250.80291123824 -256.517226488963 -265.018495977026 -263.94670086337 -256.57202282632 -239.537691377066 -164.550339059809 -99.0184093906325 -57.6684240155081 -36.1841975372481 -25.083278494685 -19.9954443365295 -19.305716195418 -19.5536689769903 -21.1406947171283 -21.0460644428604 -23.5080959156672 -29.0624400747805 -24.4612920885672 -20.9781998505487 -20.6029422639198 -23.3640863246657 -29.443977011073 -33.3138443159566 -36.3739986220456 -38.7669317328217 -38.5414077712201 -23.7413960625926 -13.184802493454
-9999 -9999 -9999 -9999 -9999 -9999 -9999 -9999 -111.072001206546 -38.6552773502426 -7.43453258254782 -18.9356102120824 -46.6196425313147 -44.676246224524 -38.5013863851612 -53.1532068663473 -77.1849423473785 -112.784552017981 -129.364302226055 -139.315113380089 -152.488377347618 -160.720689746648 -169.691611787937 -171.362912835193 -177.772234980612 -183.293513168253 -188.911479790869 -198.282161185553 -200.08183174693 -196.414131080886 -193.225407233745 -190.479319362127 -188.088981374578 -178.518216330828 -115.209491029393 -76.3146181393014 -55.4668371787847 -41.5032428352736 -35.3942721323676 -34.573162939387 -35.79646760439 -38.6977350990862 -39.7789143168351 -35.2331731993531 -33.224207998419 -33.1048737382919 -38.7930617526892 -45.6949254230466 -58.0925316791897 -66.2588901620449 -67.1970042451502 -66.563145259016 -62.3729230108138 -51.2516425545073 -30.0406851682742 -16.0397511682501
-9999 -9999 -9999 -9999 -9999 -9999 -9999 -127.052878063899 -69.2738233180816 -22.6937165324842 -3.88008792256282 -14.8013140066162 -37.9063506392348 -41.7394962460621 -37.9774457476125 -47.6763493798118 -67.8412793024558 -94.5757483944117 -104.336252251117 -116.568756614298 -128.718629547615 -132.112603889413 -138.193242277498 -139.94215472754 -144.182974753075 -151.320885992541 -151.382222835257 -150.47041967517 -151.671598992977 -151.738438185644 -152.084193674696 -150.440579747351 -148.256001208 -143.762315933503 -136.648009234752 -101.016543003735 -79.3457466437286 -66.9028547973322 -60.4721114804414 -59.0097886887492 -56.836816555889 -56.7502585524972 -57.3216947239393 -58.8215104529531 -65.2969764134602 -76.8879339826197 -93.4734820219011 -108.43664618376 -119.593087020452 -125.313884079944 -122.858288656233 -112.50461521054 -95.0051849679643 -66.557918968066 -37.5548306143198 -19.1459388525766
-9999 -9999 -9999 -9999 -9999 -9999 -9999 -98.585895264438 -44.2086282635017 -9.77590264443077 -2.89742846661008 -13.2636646457461 -43.7308518409926 -52.6935812874552 -44.2939334008056 -43.034300749814 -60.2195545944322 -76.6041828242463 -83.9763882507989 -90.0284113282112 -97.9978483822953 -103.651938275519 -110.965154245269 -110.251738257157 -108.190505638993 -112.150388497176 -111.703211784602 -116.169558199941 -115.19753416906 -109.912162768492 -110.77829320671 -111.151877317772 -116.165457152185 -118.588550066345 -120.264912379478 -128.456283904374 -108.224784568905 -94.4495905801349 -89.0558792213801 -89.523643458478 -90.648284705564 -98.9791717579043 -108.693870078979 -124.107754991134 -148.828005981375 -166.963929277502 -185.163646466851 -191.231528808384 -192.119654921732 -178.570874844755 -167.911036186233 -144.566648878631 -124.503263368877 -85.6809148267878 -50.9120866886277 -26.1480524645439
-9999 -9999 -9999 -9999 -9999 -9999 -124.155483906887 -76.9591519941831 -28.3038697061514 -5.28301089360673 -0.653442310361053 -13.7687549548516 -63.8810659535758 -79.2377487571697 -53.3565631405095 -42.555732082055 -49.5365525549028 -59.3222522977706 -64.6431779229163 -69.6041562293266 -76.8705137212323 -80.1115416090328 -81.7574648455934 -81.2323713188506 -83.865620792021 -84.9155634387981 -86.9371120175464 -86.3099033771399 -84.9564548317269 -87.4257767143586 -86.7590163209995 -89.3714980052213 -91.0282277494477 -93.2386439062966 -100.041805029039 -105.934970184022 -115.057929854099 -121.411810048956 -130.544187178954 -137.365736165825 -141.720212301303 -149.630021783808 -152.893163537892 -158.299010810633 -166.229931489135 -169.627175716661 -173.096510638983 -170.549664439782 -168.319855190907 -163.347080268481 -153.784149767153 -135.835961182944 -115.590680437577 -95.2156836972518 -62.0502486891785 -35.4361767891776
-9999 -9999 -9999 -9999 -9999 -9999 -99.8436628745612 -58.3543694075419 -20.5457389207533 -2.18247006310615 -1.36788882760383 -18.0070093646418 -71.3511553434056 -75.3108201423511 -50.5486559312199 -37.7202756877956 -42.0852874838888 -48.3879224503479 -50.8527139897591 -52.9852947333353 -56.4071096288158 -58.5627980756032 -60.4914324388556 -60.6017850379423 -61.4245885050384 -63.6727163327643 -63.0278902615064 -62.3719748712451 -61.9495664913046 -62.6420687743938 -64.8588333355523 -66.536848548637 -69.8513989274986 -72.5698161054891 -76.1694385391434 -82.1520106788261 -87.0986923752921 -94.0238944416648 -98.9701725080955 -102.510219473339 -110.15741181935 -113.916313242556 -120.508771973759 -130.419076267528 -135.574185092918 -143.191527667922 -142.917107471104 -143.676408340113 -141.856576970349 -134.531096900442 -126.938301978705 -110.529837622867 -95.5863027959854 -80.9106574253445 -72.2839460492534 -49.9910553753937
-9999 -9999 -9999 -9999 -9999 -9999 -89.1873335968553 -51.5961881190495 -17.8082929908924 -1.45481685717815 -3.0996816062471 -19.2487606406664 -61.8916270126239 -61.208835284738 -42.9829915969834 -34.7892319432049 -36.8975138872531 -39.9576305744841 -41.0350943162778 -42.7826336661196 -45.5411212119624 -46.7213611414861 -47.4894142324564 -47.5246349461126 -49.1062309959771 -49.3175659397581 -49.7415018413613 -48.1000925688069 -46.7869150522522 -49.4712977941896 -50.2088980288519 -53.2300271017974 -55.0604036813269 -57.6301063504154 -61.7693855014524 -64.6543288963501 -69.4496047124861 -72.8354244567495 -77.8574027459678 -84.052711158356 -89.5246962696036 -97.8039989599906 -103.46500819502 -110.301904773652 -116.9344456182 -120.821384552109 -122.279572869043 -119.378897075471 -115.782773325962 -110.761897461784 -101.723102968187 -90.8032777756444 -77.7904426679787 -67.3236747983043 -63.7683673990674 -59.8768428719802
-9999 -9999 -9999 -9999 -9999 -9999 -9999 -43.0401453040692 -15.5229429616946 -1.15109430945483 -3.60508700950836 -15.5559834037252 -47.1554257347722 -45.8728270971032 -35.4475811284808 -31.694063048125 -32.5359426828624 -32.5556662523299 -33.0854326081365 -33.2693377482644 -34.0758982625435 -34.8416247286134 -35.9665361174522 -36.2187541596516 -35.9803980644314 -36.2593295815183 -35.5500832260987 -35.2020908497135 -34.4797448487356 -35.2276537893252 -37.2283183184018 -38.8232227337275 -41.334544742933 -43.0414080808537 -44.7688874548005 -48.0420198700946 -50.5349562158769 -53.9863434193652 -58.1706236232455 -62.2174403348959 -69.9138160766407 -76.0199034594703 -83.2414337720944 -88.7084281383561 -90.9354982495238 -94.2470570037348 -91.9682332422788 -90.1114210461472 -86.4821008384172 -80.8417113994904 -74.7560200977879 -65.4253818444754 -58.0315402094927 -50.4735891855362 -47.526065013334 -46.0775760171015
-9999 -9999 -9999 -9999 -9999 -9999 -9999 -9999 -13.6374340924053 -1.52342716627979 -2.04313660321914 -13.2664086180717 -38.2473516472516 -33.7854692595024 -28.6407809065417 -28.5658304088802 -28.509393425416 -27.7490752212397 -27.8379370756673 -27.5962723390995 -27.7367463293522 -28.1385315461241 -28.6731337507311 -28.82461397253 -28.5084127227521 -27.7558735384632 -27.5545586689924 -26.8641611069839 -26.4660570919835 -27.4459438842586 -28.4801534865788 -30.3919291697681 -31.8152105165846 -33.4255765922256 -35.7145402293134 -37.8150478570112 -40.0225194153679 -42.2046289659061 -45.2005373396025 -51.1853380835902 -57.4997934157466 -63.5284086325819 -68.9986174394709 -76.6529866916794 -82.9992548648623 -89.1491639376431 -89.1078278810506 -86.9867714175101 -83.660051679118 -78.603340280992 -71.4928959494961 -61.853978016124 -52.5156312284579 -42.9450408935108 -37.2273390741962 -35.006607412265
-9999 -9999 -9999 -9999 -9999 -9999 -36.2708413022946 -21.8584710459293 -7.25493615098455 -4.25396046248704 -5.49541671494921 -15.7020382066403 -32.7784548343155 -29.3137734586073 -24.7511357301271 -23.716881575628 -24.9438863982074 -24.8503247558187 -24.4074672673464 -23.3410719337202 -22.4847722713848 -22.1328185285041 -22.1013055083166 -22.0459390608463 -21.5554966305069 -21.27884022883 -20.8906236519887 -20.6990168812143 -20.5738277662328 -20.7629312060806 -21.5448040132113 -22.6688341616457 -23.9847786172106 -24.9904026819002 -26.082193442756 -27.9024607274755 -29.4165877274232 -31.9400155136657 -34.059701418526 -39.3416198453353 -48.1472525225365 -56.3291560203559 -66.0335142953028 -73.5324197495831 -78.732696465097 -82.9570293701864 -81.7364858589481 -79.1215555403969 -75.4722821375775 -70.2412139155213 -64.6785252510261 -55.8323601830525 -46.6323359836295 -37.8822914829511 -31.3853839892991 -26.889627421724
-9999 -9999 -9999 -9999 -9999 -49.0127307110787 -20.9261919383609 -12.825491415192 -7.82345961339734 -7.91341388890558 -9.91863774153232 -19.5540829835833 -30.9592890731584 -26.6304848104443 -22.8214777653885 -21.01356502968 -23.901437411167 -23.1804786747294 -22.5038652457745 -21.7278184045166 -20.302428407764 -19.6866271458331 -18.3722069159005 -17.787650324457 -17.6676584409438 -16.9134992828512 -16.6203096336788 -15.8766209896699 -15.4698592447221 -15.9524780131549 -15.99923340307 -16.7644564574081 -17.5173937734138 -18.2688180583214 -19.637709927275 -20.4731261567269 -23.1189257735343 -26.2942250194379 -29.9862743793474 -35.3372224446345 -44.1597036680936 -52.4583754471595 -60.5754119162609 -68.4693705393761 -72.994209131314 -76.8259969679625 -74.1538946688562 -70.0314202344052 -66.6035672602938 -63.3981811333736 -59.4273817104968 -50.2031640933661 -41.6711415460485 -33.7744971358823 -27.7394011285532 -21.7066191600434
-9999 -9999 -9999 -9999 -9999 -22.6741198685827 -14.5879421600447 -8.68819511322534 -9.70187244337214 -10.9756316358584 -15.3247468356987 -21.5024107837933 -25.4552444232255 -21.9524478633885 -20.4234023513909 -21.4657488511984 -22.7230402718322 -21.5406469135068 -20.7685182296091 -18.6006556326165 -17.5323848667106 -16.3926170097523 -15.2249867006227 -14.4281579656258 -13.5044346524913 -13.1444095566712 -12.6936329333128 -12.3502685888791 -12.1832960128649 -12.1589507855835 -12.4949410852624 -12.8583093868412 -13.569401475419 -14.2352039572262 -15.0909551463133 -16.7712563133376 -19.0427817251389 -22.6591314217499 -26.2960009024273 -30.0522815140059 -37.9978048555328 -45.4741158638138 -53.5674663650597 -60.4383361394508 -62.9483584359258 -64.6013260324477 -62.6225255949463 -59.8723486166973 -56.9803990886646 -53.5040363543035 -49.5680146273274 -43.236409533325 -36.8420899952402 -30.7461923559774 -26.0482486410473 -22.7905292405902
-9999 -9999 -9999 -9999 -9999 -9999 -8.29859532945559 -7.28146306437559 -8.47306387624405 -17.3466067393448 -17.9952604254047 -24.8157150496186 -25.1928139955082 -19.8283479894519 -20.5091157504019 -23.4551299150015 -23.0244210880138 -20.3708353823339 -19.1412785990285 -16.7577341793693 -15.9652105024154 -14.3691968758571 -13.2449320431751 -12.1496166044773 -11.1312120350037 -11.1458757407221 -10.540352115689 -9.86272840006433 -9.51660554716796 -9.62095689884393 -10.1416927064221 -10.3952669654596 -10.9927475661854 -11.3452213426191 -11.8503656941405 -13.5125986968627 -15.5922713334798 -19.1323912668416 -22.4375104827899 -25.0341507543349 -31.5204178924981 -37.4827074136798 -44.6232319847019 -49.9447293746527 -51.2107842379571 -53.1537160871082 -51.0223870328498 -49.107813089598 -46.8254671120177 -43.9959252425363 -41.5952287678835 -37.0218018051733 -32.6181073071098 -28.4807038293495 -25.6332264027482 -23.9594507056753
-9999 -9999 -9999 -9999 -9999 -9999 -10.1207178328772 -7.78271654304609 -10.1747164858801 -17.4606973565554 -23.1909231789749 -29.4169338444691 -36.3386187656871 -34.6817839146845 -26.8891484728977 -25.0667540298747 -21.6342707918162 -21.0962732227726 -18.080137173707 -14.8873140788159 -12.1463016627736 -11.0951112204988 -9.86385188502896 -8.84118190710835 -8.01625093013118 -7.35079850669625 -6.49300367791181 -5.71661409403906 -5.52411931585213 -5.82795239149814 -6.5069965435568 -7.0541000694136 -7.92933191765112 -9.13842685220615 -10.5663871425901 -11.7523866901653 -13.8484023271627 -16.8060867565286 -19.4185827056993 -21.4175339643538 -24.1939486982117 -29.363013434974 -34.7090993591682 -38.746615379402 -40.0763695324315 -40.9115092989837 -40.1225223198711 -38.9634576016762 -37.5838347214103 -35.8697478008749 -34.4233851187702 -32.3483464870753 -30.0358081522305 -27.6413448588833 -26.3908742214991 -26.1376317858437
-9999 -9999 -9999 -9999 -9999 -9999 -12.7368710232592 -10.7299813448952 -12.296915765898 -19.9210740428649 -28.751388407443 -39.9761460887077 -53.3700103982736 -51.4946421827951 -40.9791312112648 -30.3974392987899 -23.1630130787431 -22.1419472485667 -16.5507874795038 -13.8969475351418 -9.91544616142975 -8.17424672786472 -7.1847359245662 -6.16079338395268 -5.1233906318181 -4.59379204299209 -3.67990302355971 -3.06946165915653 -2.82890170542874 -2.92587709710605 -3.62936957431521 -3.73288438569404 -4.46582403889665 -5.32483991233363 -6.52453135763184 -8.75006217579771 -10.3245739275594 -13.1519501908239 -15.6991655505932 -17.1941704310976 -19.3409456869953 -21.2720181864641 -25.482625102822 -28.4765838759079 -28.9833882899858 -30.381840349919 -29.6397497751645 -29.6035938807761 -28.9947871694205 -27.787958392213 -27.8085620385607 -26.2451151554702 -26.596930260121 -25.8860768492923 -25.7837897629606 -27.7610749593779
-9999 -9999 -9999 -9999 -9999 -9999 -9999 -9999 -28.6296693014994 -24.5862492674677 -25.7585319135433 -43.1955510639604 -71.1058199716217 -66.7459795237092 -49.3339374976248 -33.1298514563796 -23.4383859974034 -26.3647848533064 -19.4045858180119 -12.907014910792 -8.13502647710025 -6.79309834352945 -6.80209783985317 -5.81911302390332 -4.16129891779013 -3.01565435830494 -2.41879094388301 -1.95201858338171 -1.67414782532716 -1.53038972335444 -1.66345679091746 -1.86122810012879 -2.16866338336422 -2.78778323723591 -3.76115505238196 -5.26793414900964 -6.78328556490646 -8.63979165043871 -10.6127271089337 -12.553151764671 -14.7024891579054 -16.3441319892436 -18.2121630814602 -20.0680908292846 -21.0756363117427 -21.8172738503865 -21.9353160017608 -21.8568097839685 -21.7730823657712 -21.66594937695 -21.6331492892007 -21.5538359499693 -22.2861851771069 -23.5719201257228 -25.3708767709862 -28.0998190837179
-9999 -9999 -9999 -9999 -9999 -9999 -9999 -9999 -20.5214836319828 -24.8007189923715 -20.4706665304369 -44.3542264435609 -88.8831118464201 -83.4707568838562 -58.7414883853481 -36.9490944875935 -21.6584083945182 -25.1820243920332 -19.4369446865734 -11.1886030387986 -7.17245908703836 -6.08225022506625 -5.4511847212248 -4.52133822564585 -3.57750542605383 -2.59789829920266 -2.09568946905053 -1.91437261599681 -1.5268296655862 -0.939594724049638 -0.853243726112413 -0.799300007863948 -1.08154726743728 -1.33973048115818 -1.68245689580766 -2.79835715223379 -3.60381276749207 -5.00358022321261 -6.31104786915214 -7.53699201414386 -9.42114210107018 -10.4337136810874 -11.9792436446289 -13.2557583796474 -14.0073776891165 -15.0184333342801 -15.387871518856 -16.2605800322179 -17.0955743906111 -17.6890757602964 -18.7097625965024 -18.8870348296437 -19.9662336366581 -21.3135392639944 -23.0377796193265 -26.087997829352
-9999 -9999 -9999 -9999 -9999 -9999 -9999 -9999 -9999 -23.8568376882911 -15.6377465456214 -44.3865383292402 -105.549689628613 -100.799690857881 -68.8232542543021 -38.0162419508032 -17.9685386551083 -19.3560551795282 -14.7312115843432 -9.83501855080573 -6.11725995911777 -4.95742496157553 -4.78455420875482 -3.89482573736786 -2.86484849600782 -2.16047209398962 -1.73655200084637 -1.36233062732164 -1.08729970636806 -0.917849075986917 -0.840425987694833 -0.755106924274014 -0.781969361904514 -0.844343952974775 -0.960073529380229 -1.4298927878932 -1.91019037747165 -2.51365124490616 -3.29098247302032 -4.21643055351509 -5.27905733218898 -6.23277708080005 -7.19062166649628 -8.34048169569402 -9.76858486240286 -10.8432973757388 -11.8287234234619 -13.0388384920552 -14.4023075333527 -15.9272259349698 -17.2357209943515 -17.9651112321674 -18.5207425520012 -19.4427466010023 -20.9218436108898 -23.0993550733777
-9999 -9999 -9999 -9999 -9999 -9999 -9999 -9999 -9999 -9999 -18.7749249707927 -51.2996683280055 -105.764251528052 -101.520676108045 -69.8468787700175 -37.3367582631949 -13.4308918604975 -11.2355607977707 -9.60458574035679 -7.03283600301197 -5.14820149132166 -4.17706083558325 -4.05696142244088 -3.52398716792068 -2.29131537865034 -1.59736254513971 -1.31420456414175 -1.17005647717112 -0.947788243313583 -0.565431168336375 -0.385047318428761 -0.458216400951659 -0.755736738624604 -1.04413453001484 -0.752687577572974 -0.830087476705072 -0.907256292058832 -1.20240748428671 -1.44919251601204 -1.71099346549311 -2.26745258181581 -2.84387893167929 -3.65700510778204 -4.67453255862697 -5.89689931524424 -7.27340621938769 -8.36538021780641 -10.064207860239 -11.8046163035384 -13.4536880805349 -15.2802119489814 -16.4223267077431 -17.4311924165949 -17.7542649283922 -17.8429761250365 -19.0216453495182
-9999 -9999 -9999 -9999 -9999 -9999 -9999 -9999 -9999 -9999 -9999 -62.8240486235886 -91.397616057096 -85.2861687103598 -62.410055189719 -35.3017938134496 -9.03174444278087 -4.44510752701067 -5.62848762967354 -5.34560891896848 -4.77952331780927 -3.81094168709767 -3.33098692250197 -2.88674964978212 -2.09661913067202 -1.53112312809996 -1.30416162872562 -1.14096493416344 -0.963988881366382 -0.674123154441926 -0.530490515548026 -0.519089485114438 -0.57986071566867 -0.644190953867197 -0.751188977736902 -1.13576136319444 -0.851590567147361 -0.690766206508895 -0.588414791521399 -0.575749837278785 -0.735029062938767 -0.962147021823088 -1.31905917274051 -2.05501889230966 -3.30054069534067 -4.74238956728016 -5.73288796897278 -7.08343821527156 -8.80287043363482 -10.83297396215 -13.0476921530947 -14.4769727851613 -15.5881345034541 -15.8567975664691 -15.1859705311072 -14.9415693157627
