meets/meet004/_saidas_enm/CCSM_SVM_6k_Cavanillesia_umbellata5.asc
NCOLS 154 
NROWS 168 
XLLCORNER -112 
YLLCORNER -55.5 
CELLSIZE 0.5 
NODATA_value -9999 
[rows 72 to 95 of 168, columns 56 to 111 of 154]
-9999 -9999 -9999 -9999 -9999 -9999 -9999 -9999 -9999 0.0528431726445223 0.108268604705042 0.0985398955534275 0.120528113648891 0.13783655790506 0.146444472975928 0.172159622507369 0.27047517936495 0.306920428466199 0.254303088099414 0.230274720541981 0.209908169506734 0.182850529535504 0.147828248986341 0.109665895028937 0.103314284516856 0.107341092348037 0.0943006318552285 0.0668690649587443 0.0611345319277158 0.0851809389617896 0.114435388062512 0.11829535525874 0.114586149890419 0.134556092160652 0.172620165207529 0.213547259098483 0.231631317136596 0.24562481928074 0.260011809214333 0.263662976146929 0.269702647032855 0.257482417439862 0.247274134979443 0.236275046825303 0.219060741310234 0.203667433168697 0.178048845949804 0.152484197876888 0.12325942099803 0.0921582867711165 0.0699465926240023 0.0551051405230681 0.0406987318989067 0.0343680287520177 0.0332012749016343 0.0330203803512881
-9999 -9999 -9999 -9999 -9999 -9999 -9999 -9999 -9999 -9999 0.0756594492674915 0.0389250107147313 0.122482312386578 0.144544792795764 0.148174169162775 0.154633322657126 0.243357813602257 0.31535862264736 0.251528629723216 0.213283086525391 0.183528341688014 0.143173340367031 0.102614970379689 0.0642647498853395 0.0531653221148705 0.0585615710122669 0.0479118210661912 0.0243804519264553 0.0210921937116364 0.0441035698201485 0.0679076126891969 0.0714286338343681 0.058915093566232 0.0739654388086322 0.111742703904482 0.144546575431623 0.164803819839277 0.172918099673301 0.195637014739028 0.223411741686484 0.24070000269934 0.240337844250039 0.232691925017221 0.232655075719531 0.236721115900146 0.226429149898608 0.196044383147352 0.158068926014288 0.120518856529277 0.085546999188495 0.0601604725923074 0.0443340932281522 0.0330217133357282 0.0247083420546647 0.0192999706884632 0.0229565641725313
-9999 -9999 -9999 -9999 -9999 -9999 -9999 -9999 -9999 -9999 -9999 0.0124398412556201 0.120078050587156 0.148120729298898 0.142712784720892 0.129464845450921 0.171499085843304 0.277903917909812 0.249032068533704 0.204062734352578 0.171960023069811 0.120914943064175 0.0653204401947581 0.0261353767206544 0.0136566331318672 0.00945511735525661 0.00346834525688322 -0.00959325763690427 -0.0107123931331558 0.0038095946617086 0.0185557798647324 0.02338814488048 0.0214890553206739 0.0309620932440819 0.0480075466587335 0.0614753374381694 0.0845532483000751 0.0976167214415113 0.121826592616131 0.147371631391555 0.164657944745672 0.1824533921432 0.182728298425948 0.196829816585393 0.218129912827581 0.21758122427622 0.185616477034963 0.147203811730504 0.110654017072975 0.0755508498317714 0.0531780408114307 0.0425251044115263 0.0355450335594157 0.0253792792000364 0.012278792509252 0.0150842753797875
-9999 -9999 -9999 -9999 -9999 -9999 -9999 -9999 -9999 -9999 -9999 0.0390224764881498 0.0940149613135197 0.124088367400282 0.125363114279246 0.112522560527192 0.114673498663929 0.222608717266259 0.259624661297045 0.232029915699267 0.177065217493208 0.110682937129741 0.0463746253465049 0.00588784654746932 -0.0137907294357166 -0.0237662542499695 -0.0302570313101925 -0.0377166794213195 -0.0372508556811396 -0.0274775252584729 -0.0185908690041999 -0.00809004901390847 -0.00370117474488119 0.0061010126133178 0.0181532305931227 0.0229459408364233 0.041546385043345 0.0518797090777036 0.0748320791506436 0.104290486920946 0.119927541439681 0.148304740920559 0.156138166898678 0.169726646550362 0.187174943888775 0.18168014158982 0.157280020173941 0.12122938408434 0.0896267271040452 0.0620168657812984 0.0451545004150356 0.0379535889828309 0.0336993353161442 0.024268437555406 0.0162962465434817 0.0296939238998288
-9999 -9999 -9999 -9999 -9999 -9999 -9999 -9999 -9999 -9999 -9999 0.05292111683413 0.0549763583015063 0.0779762809905664 0.114297002723454 0.120777489959645 0.0869909070301037 0.13246863612362 0.215696117509911 0.242975466074234 0.235652389009214 0.128679420190309 0.0493888438505067 0.00138480228073229 -0.0261335872700447 -0.0419884004806049 -0.050835703416619 -0.0560884026959844 -0.0573524001477325 -0.0539282890061842 -0.0495192468169808 -0.0397686461207484 -0.0226113212628208 -0.012003071682225 -0.00706395170711482 0.00360446113054325 0.00850778959322496 0.0226083053993811 0.0431261740235106 0.060714946152256 0.0971481206080205 0.127957758526235 0.153805807217671 0.165388631975338 0.151700157115301 0.123962877062148 0.101364134922142 0.0798300803480413 0.0603532734293191 0.0430493595530118 0.0347103615210951 0.0264252474296914 0.0238534429257835 0.0219774669258871 0.0369649273759672 0.0572502760874951
-9999 -9999 -9999 -9999 -9999 -9999 -9999 -9999 -9999 -9999 -9999 -9999 0.0688277421907817 0.0742103263948105 0.0947614886748117 0.106742367895958 0.106507107465005 0.107111612272667 0.125384473240826 0.189488483465981 0.243916779592818 0.193073614782093 0.0993629039263202 0.0253185815341357 -0.0247895616021787 -0.0510002967626711 -0.0620682934641212 -0.0662048992790988 -0.0701937429014511 -0.0726865668845182 -0.0733485577445852 -0.0653023010764178 -0.0532985615621246 -0.0425852020496437 -0.0333821760629219 -0.0259446842015398 -0.0218126740247377 -0.014356089174024 0.00370742240711358 0.0243880202026824 0.0605737996506518 0.113110876759927 0.156456571077713 0.166529838797848 0.135665282737697 0.0906896713757321 0.0602181130402968 0.0395789578434005 0.0265094668390722 0.0230480701435895 0.0219489813862461 0.0162716927739371 0.0182898646231079 0.0309180183031323 0.0471867828937311 0.0657638664146417
-9999 -9999 -9999 -9999 -9999 -9999 -9999 -9999 -9999 -9999 -9999 -9999 0.126458575981449 0.107577048785047 0.0968019908264471 0.0804283182945903 0.145620063294072 0.258543266243481 0.236993012430692 0.125088891096415 0.15278781444951 0.217288295203462 0.206626348523684 0.0985936128626131 -0.0153176737429552 -0.0500754959618007 -0.0614884709314815 -0.0657322867168827 -0.0739072959012836 -0.0828626300582054 -0.091807559424615 -0.0878375511456295 -0.0852769075499034 -0.0795835860598178 -0.0682449057724718 -0.0608269749472007 -0.0608874946048697 -0.0618529022298012 -0.0486143783798121 -0.0275754927847476 0.00732826726010471 0.0715081344632723 0.148321505352409 0.165589724495002 0.116677857789382 0.0641803938953652 0.0330466035233833 0.00639102825847754 -0.00235372995239008 0.00418201266037205 0.0166947953061226 0.0145868018021373 0.018064715832564 0.0302855135296102 0.0445851485529243 0.0589631136486496
-9999 -9999 -9999 -9999 -9999 -9999 -9999 -9999 -9999 -9999 -9999 -9999 -9999 0.123835775301424 0.103765024466744 0.110058118660637 0.19021474015521 0.318358945660475 0.368168787127249 0.332065060471038 0.240560979418328 0.218246445573003 0.321682381808595 0.2770461960253 0.141951163232939 0.0186403836116817 -0.0273099353587145 -0.0451222596765643 -0.0666979547683129 -0.0791131750948503 -0.0923185517976127 -0.0947091918937628 -0.098690209310098 -0.0990475466869065 -0.0944360077066101 -0.0957287350572082 -0.0903990266113867 -0.0898192121474121 -0.0802283010000811 -0.0677410798389341 -0.0429196467843703 0.0166402047139324 0.0853042342768758 0.118516191745969 0.112628372674303 0.0772659750724988 0.0293390382642937 -0.00967690722694009 -0.020807807897965 -0.0109561374037911 0.0034823323784321 0.0084364452193702 0.0133553700657561 0.0235483395876103 0.0353532850729633 0.0478470272219171
-9999 -9999 -9999 -9999 -9999 -9999 -9999 -9999 -9999 -9999 -9999 -9999 -9999 0.108864570356779 0.112886168716502 0.116170930775676 0.197553996218682 0.243935127954153 0.245137118416497 0.327467013876607 0.446701998357302 0.42694475647749 0.397494042543188 0.483380099542295 0.500480188022188 0.276433822893466 0.153954055825955 0.073332738361576 -0.00313922347230394 -0.0645097854812119 -0.0825893727566584 -0.0918906088458586 -0.094971425682061 -0.100515046014126 -0.109586648850137 -0.119191421466372 -0.107040301795901 -0.102993358830579 -0.0972233863004668 -0.100516730828038 -0.0948677708823332 -0.0570982840930425 0.0219979764204462 0.0629998518053897 0.0889966422729677 0.102591781720222 0.0256051680516403 -0.0271016593795494 -0.0380468982582303 -0.0269660865878182 -0.0101084718382368 -0.0034092873880141 0.00495182240222319 0.0143117734963433 0.0239099847503612 0.0339504809232583
-9999 -9999 -9999 -9999 -9999 -9999 -9999 -9999 -9999 -9999 -9999 -9999 -9999 -9999 0.140963222934108 0.116326095050318 0.241550792098509 0.213028755720596 0.177180019381015 0.253511555148374 0.441210103408388 0.688308109090247 0.614470636667736 0.375354090727307 0.313797405739682 0.407543347146054 0.535888296004352 0.516681259109821 0.301810828269245 0.105148439085983 -0.022378065115021 -0.058561882492073 -0.0803457298726215 -0.0906729158987239 -0.0933017783631351 -0.102477867776406 -0.0918087923802758 -0.0913049661252102 -0.0905105730947631 -0.0926311683070185 -0.0985348081773261 -0.0752089397109376 -0.0456640059429013 -0.00866988559619264 0.0448145603431881 0.0480060042555605 0.0102059535542405 -0.032388300101829 -0.0410607849371055 -0.0324093409900089 -0.0213204092586803 -0.0113530816406892 -0.00464773542849795 0.00375833983493629 0.0135763733588261 0.0192658828870813
-9999 -9999 -9999 -9999 -9999 -9999 -9999 -9999 -9999 -9999 -9999 -9999 -9999 -9999 0.194671981912161 0.0508631107216672 0.191871624302451 0.193760615759658 0.116103573115631 0.1968419999454 0.312491990804073 0.427617444568077 0.334878789657873 0.262519906836624 0.319049658489944 0.152165867061852 0.243383989827796 0.527905451703506 0.715006510755581 0.484224400941831 0.162122174634693 0.0291468228028199 -0.0376784039246112 -0.0575039008156822 -0.0624126425144554 -0.0777145340105644 -0.0478722174230237 -0.0475105989884529 -0.0723441637098778 -0.082053749583167 -0.104904901802788 -0.0924973532402625 -0.0848463752783236 -0.0493778723126837 -0.00056727559252906 0.0179573979897708 -0.00167591116488491 -0.0337668399110331 -0.0384653824009372 -0.0287209687526513 -0.0243521299884364 -0.0130904908384058 -0.00911719202836841 -0.00394371643852753 0.00475977538806066 0.0088803842711892
-9999 -9999 -9999 -9999 -9999 -9999 -9999 -9999 -9999 -9999 -9999 -9999 -9999 -9999 -9999 0.158085481162964 0.0640642262440815 0.16589195252457 0.0689107798334069 0.132411498680013 0.183024224609073 0.18554275596427 0.12926934544009 0.129853962547224 0.165233239809253 0.168721027367364 0.231670845341102 0.213077967075981 0.190021533925039 0.313606762490538 0.296718834628181 0.195826943429957 0.0238291840288539 -0.053334453177929 -0.0386786586120433 -0.00658535005093558 -0.020579715024761 -0.0475744565761725 -0.050340149913896 -0.025740714487211 -0.0129116333782914 -0.0593689830657297 -0.0945447406614094 -0.0850491907349917 -0.0442024256162972 -0.00870935767944381 -0.00889424293674274 -0.0194255757872105 -0.0159907514243303 -0.00486073685836791 0.00173756181923529 0.00306678126368959 -0.00186843402631209 -0.0010229379967438 0.00356843344768909 0.000250695483185681
-9999 -9999 -9999 -9999 -9999 -9999 -9999 -9999 -9999 -9999 -9999 -9999 -9999 -9999 -9999 0.141268881941488 0.0966017236220532 0.0756933266147741 0.0210647397469854 0.0605778654938319 0.116904716057032 0.104634892739134 0.086089006995136 0.081466990636668 0.0847940551036552 0.0896549021678079 0.10153937419043 0.102325896152784 0.158393998191105 0.470998306461933 0.294315974024209 0.318156867865539 0.128985827064886 -0.0444016358478755 -0.056764503708635 0.055643357494197 -0.00123306662016093 -0.0318582601249871 -0.00350948248053196 0.085462723301015 0.154000074699806 0.00482635622388322 -0.0956023515920442 -0.100395992754973 -0.0687866275373977 -0.0229510917411138 -0.00867000059298112 0.00245261575813283 0.0151248145033068 0.0332231798482812 0.0510748321110405 0.0412669298325516 0.0227422319623484 0.0193212006262041 0.0177469788774804 0.00771496367149171
-9999 -9999 -9999 -9999 -9999 -9999 -9999 -9999 -9999 -9999 -9999 -9999 -9999 -9999 -9999 0.121010970157071 0.12713438410763 0.0352161700585734 0.0330371431163552 0.00937913467584672 -0.00679252840925737 0.0390289070808549 0.074312677559737 0.0894148409113331 0.0998188263704677 0.100953403167633 0.100102704148472 0.100421914884919 0.200316567341557 0.574364151811881 0.64945879536214 0.416330003860809 0.266628353330941 0.0367726683518902 -0.073338905246347 -0.0631257745658358 -0.0606473533101003 -0.022136838158573 0.0188199164788401 0.14097412694255 0.212111274743707 0.0206336669152104 -0.103602512216096 -0.108384818158827 -0.0941500098283005 -0.0492527390964847 -0.0125415530775763 0.0217287199205096 0.0535273261863169 0.0771876786926856 0.0884250254784755 0.0893696755199318 0.0815190844362984 0.0780942129435339 0.0736255674460756 0.080223569538374
-9999 -9999 -9999 -9999 -9999 -9999 -9999 -9999 -9999 -9999 -9999 -9999 -9999 -9999 -9999 -9999 0.0925489084985234 0.0659697006543608 0.024538787249809 0.021665853938317 0.00477704262649925 -0.00577627583939994 0.036471848140953 0.0634738126225724 0.0787827437112311 0.0874115584670116 0.102072482579247 0.107531986506974 0.154474160106663 0.397366320689406 0.698734495040914 0.593709411160128 0.392009302202271 0.270172494718625 0.053795796987933 -0.0889197659128818 -0.119530310589483 -0.0778357952388704 -0.0316798464888381 0.066273946011456 0.16624107753757 -0.0296722005988121 -0.118709996801916 -0.115236428406309 -0.101105539974516 -0.0577504702872089 0.000688660881970227 0.0567742349056622 0.104322468143003 0.137008051316527 0.146763587756203 0.148671256349074 0.145507970302702 0.14902523175898 0.151341143388559 0.173198833001725
-9999 -9999 -9999 -9999 -9999 -9999 -9999 -9999 -9999 -9999 -9999 -9999 -9999 -9999 -9999 -9999 -9999 0.125031114364709 0.0538823349030716 0.0528179433762914 0.0259919914148561 0.021980366035826 -0.00845627020308137 0.000466598808394503 0.0303963806916276 0.0570194228771377 0.0812952204864471 0.0957165722983858 0.121624854284416 0.226381764339033 0.416121345004363 0.662057812234616 0.512168704254844 0.354448913177798 0.272773260460829 0.0124427732521415 -0.0988735361275104 -0.12175242926107 -0.123477026350306 -0.0897944334308834 -0.107877716156928 -0.110420566536845 -0.121181866549981 -0.111264605548589 -0.0837484518314276 -0.0201764186482246 0.0352230498616322 0.102307382172618 0.159369002514451 0.197110518216805 0.219044653391983 0.180970402736022 0.144573365568658 0.144860573371155 0.168452097564932 0.210685407194842
-9999 -9999 -9999 -9999 -9999 -9999 -9999 -9999 -9999 -9999 -9999 -9999 -9999 -9999 -9999 -9999 -9999 -9999 -9999 0.0440878490679684 0.0693875505889026 0.0369407469966759 0.12804978749122 0.0832817854200583 0.0228889687886499 0.0205227098739769 0.0462262777265781 0.0755338813138434 0.0940393184975024 0.145057012864035 0.255454084225597 0.513507527629081 0.612509550087786 0.451146810715817 0.322270930902633 0.237301009659284 0.0964594710299637 -0.0790444767844578 -0.134293404078667 -0.136278929473142 -0.140479104149908 -0.123422789633351 -0.110569218377117 -0.0921834205026426 -0.0311470510662276 0.0119358024601077 0.0448866072690032 0.0971418369040219 0.146757207174404 0.183737085376793 0.208163366128992 0.167015252500546 0.110359906484 0.111479350016102 0.136663085338154 0.185544829299604
-9999 -9999 -9999 -9999 -9999 -9999 -9999 -9999 -9999 -9999 -9999 -9999 -9999 -9999 -9999 -9999 -9999 -9999 -9999 -9999 -9999 0.0472797285795415 0.0192968356787453 0.0862236019084676 0.171828464326564 0.030203764467274 0.0163554286976457 0.0490767514227738 0.0689035770843243 0.0930077286891319 0.133692748839414 0.286151253108809 0.477568334756358 0.530270733931511 0.432010686977825 0.252922531956542 0.214864329951137 0.066258848802856 -0.0732056439592769 -0.109180067773755 -0.0842800479529814 -0.0682101347684329 -0.0609932518552059 -0.0030992440801173 0.0195053832075585 0.0345498773648757 0.0576111003452734 0.0585552753530616 0.0869286410034947 0.150895711556897 0.162477340036516 0.129456188694373 0.0818306199610912 0.0706128381751192 0.0881139742318451 0.0990012508280834
-9999 -9999 -9999 -9999 -9999 -9999 -9999 -9999 -9999 -9999 -9999 -9999 -9999 -9999 -9999 -9999 -9999 -9999 -9999 -9999 -9999 -9999 -9999 0.0622187595309202 0.0519288707892216 0.171671373234609 0.0616720018290148 0.019263825275462 0.0407683157121521 0.0571965611694195 0.0732274927077853 0.139403701502321 0.259413395628844 0.410350595876054 0.521639837021379 0.421234080732908 0.234992727538506 0.117542524784098 0.0776960614539618 0.0508926883823795 0.0835361407053145 0.0712477666454818 0.097592855106353 0.0818530312975885 0.0699760172664008 0.0655292942480224 0.0733148800212605 0.0609968126239805 0.0796654366394688 0.121411140610977 0.130283352732299 0.088667103481123 0.0422036450068931 0.0361219285323532 0.0476187134129908 0.0618343381890747
-9999 -9999 -9999 -9999 -9999 -9999 -9999 -9999 -9999 -9999 -9999 -9999 -9999 -9999 -9999 -9999 -9999 -9999 -9999 -9999 -9999 -9999 -9999 -9999 -9999 0.0201319211766036 0.0781663417603649 0.037847259881026 0.0140602424785082 0.037073716234108 0.0543841915551947 0.0651386248751653 0.098414157837637 0.161122111389779 0.313297950712153 0.382126897153947 0.452545637514922 0.23919358086604 0.0710342778414721 0.0763797608528208 0.142013148558935 0.136790984737922 0.207383472206217 0.181545155605782 0.136482366318334 0.117846505493759 0.105046520434576 0.123967595796916 0.112184306395296 0.118699481280381 0.120997417020518 0.0602495749271989 0.0035643991349163 -0.00128858943748755 0.0373239455546266 0.0752182471269425
-9999 -9999 -9999 -9999 -9999 -9999 -9999 -9999 -9999 -9999 -9999 -9999 -9999 -9999 -9999 -9999 -9999 -9999 -9999 -9999 -9999 -9999 -9999 -9999 -9999 0.0808720402396775 0.0400320520568108 0.0592628724318556 0.0461237193465681 0.0446241224215365 0.0509559099813341 0.0499012407230052 0.0504312963087178 0.0574702373984773 0.127578567516248 0.26851300295418 0.440516976227266 0.431390676617906 0.199242936695746 0.0144079121807226 0.0666435290822114 0.114974084535916 0.226361754683972 0.195540568502267 0.155651745930678 0.142915122540996 0.0958698730871845 0.109506179719447 0.0946193707807004 0.0875754966039872 0.0734046717383561 0.0182394695705138 -0.0149369010717939 -0.0102563948982902 0.0317796844987339 0.0765885325879163
-9999 -9999 -9999 -9999 -9999 -9999 -9999 -9999 -9999 -9999 -9999 -9999 -9999 -9999 -9999 -9999 -9999 -9999 -9999 -9999 -9999 -9999 -9999 -9999 -9999 -9999 -9999 0.0796420484690761 0.0581539863240724 0.0639965731484026 0.0849087695071359 0.0753987927730342 0.0676329907017598 0.0528064697040647 0.0328370070640874 0.0184810585294661 0.146052954067598 0.327975054367015 0.287245769804139 -0.00443142303041055 -0.0798585502332719 0.0353468515485726 0.207574060572223 0.180111772410445 0.137264077419657 0.120426635372315 0.0975477044353915 0.0492413996185177 0.0204682743027284 0.0331823652475575 0.0150856626434028 -0.00679137104376032 -0.0281433203199357 -0.0140974825532701 0.0466316553081705 0.0917391730503408
-9999 -9999 -9999 -9999 -9999 -9999 -9999 -9999 -9999 -9999 -9999 -9999 -9999 -9999 -9999 -9999 -9999 -9999 -9999 -9999 -9999 -9999 -9999 -9999 -9999 -9999 -9999 0.0949181493209458 0.0838052539111862 0.0631996024551147 0.0831865431994426 0.0836718872364075 0.0790732987812039 0.0723388829316776 0.0513797733730387 0.0185744308623612 0.00841354988375492 0.103890731521753 0.195126411813294 0.0155914699336911 -0.109608928009294 -0.0585377052975511 0.0450713907865973 0.0388875571631643 0.0765822588546985 0.0952994721296364 0.0603519608452529 0.026742016876188 -0.00553678571114269 -0.0349870041941647 -0.0352154941085877 -0.00817314170060957 0.00980912147978308 0.0358570476165322 0.0702886529333531 0.0928034498652439
-9999 -9999 -9999 -9999 -9999 -9999 -9999 -9999 -9999 -9999 -9999 -9999 -9999 -9999 -9999 -9999 -9999 -9999 -9999 -9999 -9999 -9999 -9999 -9999 -9999 -9999 -9999 -9999 0.0899529616913947 0.0535370002054992 0.0706703443227797 0.0781006828128595 0.0794095848256383 0.0793958024615615 0.0657518107501206 0.0388078866462419 -0.00306554694878114 0.0126449293719517 0.081141362756194 0.0152915084412514 -0.117474634891056 -0.115040534424172 -0.0710421379529144 -0.086375039721691 -0.0102735603539179 0.117740287757261 0.0537402194672442 0.0194254080073922 -0.00544670671825059 -0.0610454847983602 -0.0730361876765325 -0.0134543848097761 0.0814641673391294 0.122548106604858 0.114125794496766 0.100538499648913
