meets/meet004/_saidas_enm/CCSM_Maha_0k_Cavanillesia_umbellata2.asc
NCOLS 154 
NROWS 168 
XLLCORNER -112 
YLLCORNER -55.5 
CELLSIZE 0.5 
NODATA_value -9999 
[rows 50 to 74 of 168, columns 56 to 111 of 154]
-9999 -9999 -9999 -9999 -9999 -9999 -9999 -9999 -9999 -9999 -9999 -9999 -9999 -79.1610440999548 -41.5519922978872 -21.483644537717 -9.04808600929822 -7.2955385843586 -10.9831388312115 -8.88237112408191 -6.00304904186745 -3.06903085893869 -2.17736992130841 -0.59320203500083 -0.901086908619315 -1.75550289065447 -2.91729929304961 -6.21918385134221 -11.4388078979781 -20.0488488338047 -29.1270712518032 -23.7476101891718 -14.6131104738286 -5.96289798362649 -1.938964104562 -1.00213326358135 -1.37507578175022 -2.04756719403629 -1.74139722188302 -1.81673833994582 -2.22245977003687 -2.24609171194338 -2.86591616167711 -5.95484990050417 -12.9927455002826 -12.5392473779574 -12.5107707227893 -14.0538778367235 -13.5288349600618 -8.48123951686214 -6.79686298845374 -3.10891705216145 -0.651214260052347 0.0898292465639359 -1.07422928185282 -1.09021028723679
-9999 -9999 -9999 -9999 -9999 -9999 -9999 -9999 -9999 -9999 -9999 -9999 -9999 -22.9263367521791 -17.7802495207388 -18.1992530030147 -7.88411465105161 -4.30773553757063 -4.90563853434594 -3.84197740148202 -1.60702344036276 -0.20996720232476 -1.63633939351254 -0.224626160667089 -1.10538070614543 -3.30747029159384 -7.46424519097248 -16.2095035656989 -29.7790130535349 -45.3417226127831 -55.9713600275618 -47.4550736917083 -30.714384263658 -11.9056950763031 -3.89755420359211 -1.10975972720019 -0.0854717461444272 -1.49459635135831 -2.5635030227417 -2.27205034961612 -2.25193650395908 -2.76279348538004 -3.77500500653513 -6.51880729795854 -11.262603115214 -14.0727881777774 -13.673888986419 -11.0472980878912 -8.92015857526617 -6.27997323395375 -3.93666073283534 -1.84764122059003 -0.160733475880802 -0.480880730457897 -1.06202482549834 -0.600671048764076
-9999 -9999 -9999 -9999 -9999 -9999 -9999 -9999 -9999 -9999 -9999 -21.972212847707 -12.7480277874606 -11.9199829635509 -6.37936782511451 -11.1663600231744 -9.21420727050354 -3.70941630168174 -1.36520092180543 -0.499443111577349 -0.0434710447079141 -0.529761359740665 -3.12561220106284 -4.07167850000013 -6.83649780322488 -12.2831842287356 -22.5590323200672 -37.6716511160745 -58.0488740312235 -78.2864991848038 -88.8184740849881 -72.2572055741359 -48.1736430316423 -20.5475614407496 -4.9518844387583 -0.539819742151393 0.13309244835945 -0.752712278950108 -2.35628796890277 -3.33703299735134 -2.79024076340438 -3.67549971428255 -4.51644784140363 -6.22097237179335 -7.64307868684697 -7.68266243974725 -8.79631768038338 -5.95484069778271 -5.06750849634751 -3.17217214402573 -1.47048210331721 -0.827750397377343 -0.45956349996561 -2.09159166478732 -1.46711610325451 -0.675500567330898
-9999 -9999 -9999 -9999 -9999 -9999 -9999 -9999 -9999 -9999 -19.6160843221139 -13.3826065561441 -6.17674228594448 -5.49939921194859 -10.3577632458174 -15.4863273064401 -13.1502516972244 -5.39425512313213 -2.24606532423707 -1.13506804045716 -1.79530186349427 -4.70470456634378 -7.78331626887124 -11.1974805279551 -17.8313697412054 -29.152734122459 -45.1206044683281 -66.1444973191858 -89.005636423232 -106.74206258198 -112.23485015256 -89.2980544141609 -57.3842448752681 -26.1382973573279 -5.70028664574583 -0.195653349357696 0.336635105589463 -0.940705191804666 -2.65936171148007 -3.82569013656642 -4.37170744653941 -4.68528398891648 -4.96702586911332 -5.6792651264511 -7.19203289461863 -6.78894714583634 -5.65924206862675 -3.89722304508544 -2.70357150176039 -0.953871110905183 -0.587630026674501 -0.283908387557077 -1.78441113635541 -5.3890079154029 -3.00382383966491 -1.36637701443634
-9999 -9999 -9999 -9999 -9999 -9999 -9999 -9999 -9999 -9999 -7.52069107903789 -3.93265676168944 -7.43406414744857 -8.10550477109247 -13.1928710649516 -23.9816089527328 -26.1408554875126 -11.549583685122 -9.17718047626103 -8.26228422183713 -9.23971152250384 -12.5413209470721 -17.0392989291019 -24.2823843709136 -36.886867464949 -53.3864275509119 -76.1270121117751 -101.298574728467 -105.787780643223 -98.4097352726019 -110.978105847851 -100.166639559412 -65.8371106581236 -31.9037912919567 -7.79220623158709 -0.490414757629682 0.194981123647162 -1.83409976388573 -2.35356353559356 -2.82393981017933 -3.66639258286934 -4.398243283278 -5.17184519342327 -5.0908743024594 -4.47402318037827 -4.32891247085173 -3.70852626474484 -1.26551408382621 -0.648355036868517 -0.101964430610683 -1.15249183503392 -3.54640806028536 -5.67541708683741 -6.91647279585867 -3.75743047287035 -1.97930250772179
-9999 -9999 -9999 -9999 -9999 -9999 -9999 -9999 -20.0252104516564 -11.9786409315486 -6.91211789961843 -4.26826149109721 -7.37474504660778 -8.72202770508453 -13.457042726868 -24.2058234512867 -28.0376247021278 -23.5743855722318 -18.6816481409942 -19.3144596300477 -22.3457118240208 -26.5854900514434 -33.8915676208074 -46.57091502651 -66.1301762995055 -68.9695043857524 -73.190973007077 -71.4710745143887 -71.8324056138818 -73.8316120190808 -73.4387326361251 -72.1226725862452 -68.3234138681571 -36.6180282686502 -10.975514003764 -1.85716544023564 -0.594225402574735 -1.77512834654888 -1.84615888932425 -2.64395277062601 -3.38162276930091 -3.76724316239615 -3.59372000496768 -3.489851056527 -3.88581196230563 -2.01807824792046 -1.40804241441072 0.337117737008454 -0.071950112797124 -3.17865294365623 -5.16236017247575 -6.72114851803596 -8.02966942677076 -8.58225815267024 -3.77896221663577 -2.17276797570808
-9999 -9999 -9999 -9999 -9999 -9999 -9999 -9999 -12.3711049047064 -7.93356661000634 -3.17799228968985 -6.27499362460629 -8.49078096575544 -8.88357155937914 -13.2929073220755 -21.9092932665992 -20.7844086546298 -24.0667340512603 -24.1071589317061 -25.5497299325068 -29.3525888567355 -33.1154941224139 -38.6989264121884 -39.4626809175877 -39.9666484034692 -40.8376035082227 -42.429523858963 -46.2479747960379 -46.1630611081275 -43.0069358560972 -41.8300137722909 -43.0825605500636 -45.4656759424551 -43.5826875539654 -15.6864522746256 -4.62853063600428 -2.31408260787483 -2.37410846396632 -2.22928461008871 -2.69878385377379 -3.76267896352776 -4.32112237634403 -4.41836951840688 -3.02431494107693 -0.804801876157672 0.763285292779421 -0.38181818859832 -4.52575285149225 -8.07046140812457 -12.1770786771562 -15.6890246708589 -17.5874077041088 -16.829423258479 -12.7720484031101 -5.1507277208945 -1.88326224918807
-9999 -9999 -9999 -9999 -9999 -9999 -9999 -10.1257366847494 -8.57598419431658 -4.01475454502067 -2.62458687092091 -5.00911708999206 -6.08327212110064 -7.99715895558012 -8.99908365667027 -16.7424476856276 -15.3488463064948 -15.8191019951021 -15.4973907137507 -17.7730264832746 -20.6263602279401 -21.981215930047 -24.6703276122878 -25.0436489494971 -25.3517926477055 -26.5567648667951 -26.2742606970365 -26.1006142801133 -26.3245705365235 -25.7819280800497 -25.5102761305377 -26.4661574080061 -27.3723166767825 -27.0261891602719 -24.1344546807317 -9.89310066065646 -4.96756663325319 -4.49365066644678 -4.4932014500124 -4.63319764027408 -4.99262339226234 -3.58370920403983 -1.63935591929583 -0.950564069856914 -3.70081256252168 -10.0106248577985 -14.9385296686077 -21.594600623583 -30.5368316998894 -38.8026207009589 -42.8215141833684 -41.7697334702502 -36.7345878864049 -21.9438157458243 -8.75274025951817 -2.90175030789145
-9999 -9999 -9999 -9999 -9999 -9999 -9999 -7.40131981406185 -5.27772035911442 -0.355768176423333 -2.28979707579995 -3.8786023498186 -5.71662340450622 -6.76586580800571 -4.26453797646468 -7.52176846405086 -7.26199173500985 -10.5511038963506 -10.0200808631328 -10.0907025124977 -11.1994250743201 -12.6576002542247 -15.2985431988937 -14.7543834219087 -13.0370931913567 -13.3855330235587 -13.2207703410148 -14.8831443823671 -14.3601448428763 -12.1655424892028 -12.2421376953391 -12.6617933477687 -15.2796385021218 -16.7743637828803 -17.4838705099762 -20.4691039049643 -11.9975196506775 -7.23350049609176 -5.54049594285661 -5.26646499884413 -5.3840652868869 -8.15418642770654 -13.3946623249319 -22.6674567709559 -31.0305614293356 -41.7146096110545 -54.2316388235283 -61.7159653571619 -66.7447985138428 -63.2788104682441 -64.1485550163577 -57.1961560602286 -53.9530457502415 -32.8231769938447 -14.5107868980308 -4.7176764681942
-9999 -9999 -9999 -9999 -9999 -9999 -12.3095550096541 -6.74316659152229 -2.3673660962106 0.477566656446582 -2.70676531165983 -2.93765722238274 -10.0180884111252 -10.2115281496135 -2.57727393744538 -3.57892869495348 -4.07700582253088 -6.00146381443233 -5.82379298765623 -5.74937684284913 -6.50856311062085 -7.04787907748939 -7.35143960327126 -6.93198982399019 -6.99093835798039 -6.61087110065714 -7.25714649369536 -7.28125512918314 -6.85709105919005 -7.30970822261745 -6.90711786088471 -7.6096283187807 -8.1784342400019 -8.80850927393724 -10.6879051425616 -12.2261102041067 -14.6649660166517 -16.0019895149584 -19.4766915401055 -21.8537250811531 -23.7114650673379 -29.7767826779252 -30.2080731112722 -32.2373498788733 -37.0154475442721 -40.0097045091599 -43.1913064431053 -43.8159886252421 -45.5701858802846 -47.6555946648946 -47.5294747157786 -45.1611797792923 -41.2391705198301 -34.4072360089924 -17.7208634449132 -6.3514141007874
-9999 -9999 -9999 -9999 -9999 -9999 -12.3435125632398 -8.16697410166835 -5.44381748060423 -0.953994029065408 -2.36859469671168 -1.20939232296955 -12.5590415770636 -10.7627261508295 -2.02033863113114 -0.176832229389414 -1.58899234217926 -3.21177993787046 -3.22550704160784 -2.6578439985134 -2.42327526916206 -2.30115723259148 -2.43140873894291 -2.13922023263417 -1.88361203374211 -1.97294881141038 -2.05744790658546 -2.42332745143959 -2.51379466696709 -2.56337374297051 -2.907778849983 -3.2432123628273 -3.95853525311384 -4.43225845744417 -4.90193965884791 -5.69358725591461 -6.38406183880223 -7.84579948616864 -9.39181348532139 -10.7063620143138 -14.0973105232492 -17.1824066924074 -18.5525839582875 -20.5521149644051 -22.671440886288 -26.2110765001816 -27.0394699310749 -28.7192050949798 -30.1717765238179 -30.0672599374049 -30.11081583828 -26.6459444114259 -23.5058416766122 -19.0053542916132 -18.2262292370456 -8.92531550284093
-9999 -9999 -9999 -9999 -9999 -9999 -5.23802264456269 -9.06772265365659 -6.5240377923488 -2.48639921089202 -1.62616239958855 -0.14735425173215 -11.4407843116771 -8.04653483042991 -1.07053194236206 0.606019153246159 -0.0483669227402082 -1.5285547790084 -1.61581032212968 -1.07012410548115 -0.771693768859217 -0.385843315491187 -0.27172651653695 -0.116849047877205 -0.164914667927282 -0.193908097627654 -0.329014983652043 -0.416456844052941 -0.602934481390915 -0.902723253264595 -0.937181927506005 -1.39263150020481 -1.61145554400045 -1.96601817171252 -2.4608105825751 -2.40946021469771 -3.06932757194775 -3.57306329118191 -5.18708233504979 -7.61885523196373 -10.6076830459286 -12.8441642069475 -13.1776076248022 -14.6575878819763 -16.6598238702303 -17.8403828881108 -19.44384723932 -19.4467796984262 -19.5067297414892 -19.7571072061126 -18.041691475606 -15.5873638481961 -11.5353734817836 -9.20675937446523 -9.91047047848844 -9.21282134673984
-9999 -9999 -9999 -9999 -9999 -9999 -9999 -2.47603998722708 -7.62525174510815 -3.01640425364498 -0.676807902011234 0.36194436128198 -7.76792871167205 -5.35441092273858 -0.584175712831161 1 0.513284868730485 -0.898953748644009 -0.806427927028428 -0.256393660546596 0.205032839301776 0.636708500855003 0.787461214283029 0.822541646113219 0.782967633586131 0.669267481233911 0.681220283555073 0.642709991175924 0.49655628997763 0.394000654305436 0.289060168447639 0.181823243786926 -0.0347134397857074 -0.157091816089928 -0.220995545203403 -0.404546748013702 -0.523116604927997 -0.91908105282476 -2.15758613242839 -3.95176841898541 -7.50134873432611 -7.69117150474819 -8.48279584531604 -9.62127845521743 -10.2036569501425 -11.145873561717 -10.9106485815704 -10.8130525236568 -10.3759486327234 -9.5618658013002 -8.38835954418968 -6.43484020557245 -5.02188190970601 -4.36656996186153 -4.31746701676603 -4.62522653158069
-9999 -9999 -9999 -9999 -9999 -9999 -9999 -9999 -6.92880452326705 -4.51345159765677 -1.43952138442345 0.656088262011848 -5.72603202321858 -2.68429224680023 0.231550547258825 0.880936717417568 0.300260380383637 -1.22720513783453 -0.236271100828155 0.220589501545865 0.676329423459806 0.91649793344997 1 0.989291288902822 0.975195600315722 0.887918382128519 0.958136400168678 0.921704315994677 0.813611616042686 0.641795541913878 0.661698856989064 0.573293702885074 0.522104596895967 0.434449557220075 0.261503333227839 0.0245725902611175 -0.134916682329078 -0.38917591821721 -1.09235323560656 -3.17622963851218 -5.36756451903699 -5.41913439240062 -5.91672875443723 -7.13098386854128 -8.18811358488036 -9.1980416670898 -9.02978324724123 -8.32391290157418 -7.70809110602295 -7.00145129267213 -5.75786886463911 -4.47451187965793 -3.5517531497563 -3.30699236477744 -2.45747839975456 -1.79680249978078
-9999 -9999 -9999 -9999 -9999 -9999 -3.52555929280019 -4.23376895647521 -10.53261146847 -2.81372559086102 0.157933806361116 0.702428407591761 -3.91861023713119 -1.79825175245718 0.272923992101909 0.106088847037912 -0.562204509101547 -0.933611868730612 -0.0329208389309927 0.454077072319343 0.703457270703744 0.860507117757976 0.930495398130426 0.956823533428886 0.965967711429287 0.983268077253506 1 1 0.977789345502588 0.905132273769623 0.827802112988737 0.799817112576635 0.73868025614724 0.694984945062887 0.654679046259804 0.487696753573577 0.308186873954397 -0.0925449520333099 -0.47245605655277 -1.80031577277815 -4.22731565777295 -4.33274620909391 -5.00690060856857 -6.05244217339107 -6.95233282875843 -7.68978307477405 -7.50233007781491 -7.06638254377406 -6.54337664395295 -5.85201054903369 -5.10963449464174 -4.1547094872295 -3.61029305078096 -3.20988591738674 -1.54477478724532 -0.119181389686343
-9999 -9999 -9999 -9999 -9999 -1.99345249912992 -4.23638816411844 -7.60315229377712 -9.34782442068971 -1.08354385970936 0.684659659760323 0.694800576951403 -2.53603696239575 -0.891911370471848 -0.700989354082509 -1.42574881370018 -0.651717262084734 -0.116191269296841 0.25783535821476 0.794343928359453 0.952664620612192 1 0.916118699458236 0.909994635606084 0.867108188793596 0.768800576793836 0.730232221664457 0.73186828044601 0.772542914188811 0.832815792381732 0.834972159880018 0.828011495067557 0.810082230501338 0.774119796466082 0.705760226224282 0.762685307531375 0.427486176817392 -0.0201349937315962 -0.547221119023728 -1.61314488749107 -3.99427526443564 -4.64696057585786 -5.22560754251932 -5.95320764044416 -6.66995855809026 -7.44848638973758 -7.12174565145456 -6.79479061776361 -6.44335085281369 -5.95423448712759 -5.48625750468503 -4.77352552200214 -4.42923799200913 -3.64036704369429 -1.73792302252794 -0.585295348608905
-9999 -9999 -9999 -9999 -9999 -0.311682091073251 -5.10023417653328 -10.5430656384469 -5.00041096070156 0.124223932649703 1 0.639083206602072 -0.218166171930912 -1.06619502387146 -3.36238816558613 -1.4876461407342 -0.768418377213966 -0.0243369375287639 0.448458310077118 0.808557872198626 0.96511786182546 1 0.949448395108473 0.886267591960155 0.791516521726579 0.689298285588204 0.621157797242301 0.598977305348603 0.565815879303596 0.54057842995849 0.526110870794245 0.544157746259397 0.567105801964927 0.566660243594903 0.526437717489192 0.353454499452339 -0.0142600988381234 -0.628520931664483 -1.14255239938406 -1.75540438034726 -3.812867903795 -4.96294255671171 -5.30109290276464 -5.81465916869668 -6.31390195766074 -6.73053002578688 -6.69772371518784 -6.58623389608846 -6.38641176908157 -6.15728350664705 -5.98921530939987 -5.72064320438033 -5.87124089087937 -4.33884167516289 -3.15041272975429 -2.42917345611411
-9999 -9999 -9999 -9999 -9999 -9999 -4.69502497917228 -13.0734638144888 -2.36445792438347 0.0721286233986598 0.813935353513277 0.415416540574249 -0.0218473694673191 -1.17768746679533 -3.38853704194704 -2.82891472702834 -1.42004402561713 -0.333003792866407 0.175140662481412 0.422720486212493 0.0581227222353394 0.560847121461295 0.633586284707679 0.55091461324553 0.416275965938566 0.152291431348533 0.0344007326798329 -0.107586251678063 -0.183184452399304 -0.213922102244476 -0.316675433206431 -0.126466274143785 -0.0821411723358501 -0.039821469605918 -0.0248661431794042 -0.217220509714558 -0.633937544032316 -1.2824462749048 -1.93153845697351 -2.29401653628932 -3.76453758598302 -5.10802885623633 -5.27614021738508 -5.54961926446068 -5.95716248079923 -6.3059529894125 -6.26048566951377 -6.28729661747666 -6.23615843421557 -6.23810635894192 -6.62431574863745 -6.13452731633987 -5.38481880394011 -4.79859638895887 -4.48348184094852 -4.5295177462611
-9999 -9999 -9999 -9999 -9999 -9999 -5.8654778937022 -12.0882926187398 -2.67231045082318 0.510088272435377 0.325312224305724 -0.455924270151383 -1.32484265200437 -1.10185810284248 -0.91481816372602 -2.73031183569528 -2.49389267376467 -1.76823754280409 -1.4633537029844 -0.954445343950254 -0.961889147553697 -0.790960207960446 -0.547696356597055 -0.471034745264219 -0.578786140888007 -0.701043723463295 -0.58670366992654 -0.471495095235637 -0.531043577300067 -0.76510275180266 -1.09307937144621 -1.03654004789937 -0.936731639639962 -0.863687199949772 -0.840868065279039 -1.00483416743047 -1.44518421311002 -2.06097951850357 -2.58603252894045 -3.00551582824597 -3.60086978216359 -4.88302701831647 -4.89770605464091 -5.0290853641629 -5.29847643041916 -5.52672254321256 -5.58392658323203 -5.59687708684896 -5.52348477767586 -5.4901116033501 -5.61858324968614 -5.25158039752861 -4.53294346667591 -4.12684793799565 -3.96269636901607 -4.00023301268082
-9999 -9999 -9999 -9999 -9999 -9999 -8.21572905903381 -8.80081819346674 -8.32947684070495 -0.663167632528751 -0.949834031085892 -2.78822783940269 -5.80585663483931 -5.110610218643 -2.31332517989084 -1.42940732841926 -3.2424425807992 -2.65804437143535 -1.295037268803 -0.857991192594941 -0.885172820805087 -0.653891697845407 -0.378632332579297 -0.127976167217897 -0.085846316096728 -0.260122086643009 -0.176355579811138 -0.143463949381873 -0.182419347858259 -0.304750228539868 -0.593930254309975 -0.748143700360656 -0.877097357782799 -1.20901428868386 -1.63704807478428 -2.02114152437379 -2.39212553017771 -2.32242952868196 -2.72371152388677 -3.45606604894753 -3.7694304360516 -3.86318071596404 -4.42667752094343 -4.57251753939833 -4.92363773800242 -4.98219643722924 -5.10820678748797 -4.9609406060292 -4.91422022660075 -4.97273079112518 -4.82725876929694 -4.30639604275978 -3.76399134237871 -3.51299028900199 -3.4768957290321 -3.78991805844415
-9999 -9999 -9999 -9999 -9999 -9999 -9999 -9999 -15.2013220654494 -6.93837868032486 -1.74830463545636 -3.4537523551256 -9.77351671489121 -9.46352836197105 -5.09164095397418 -1.78491619116254 -2.28329596008089 -2.63307344425821 -1.69040573013237 -0.733277615144616 -0.874155673026176 -0.904540629647341 -0.60771051021247 -0.297492482389555 -0.0955645498754323 -0.138416366893851 -0.142218792268731 -0.173214825568499 -0.196266806535665 -0.207728247952368 -0.333546820597993 -0.347247191508268 -0.288877217876858 -0.393882062538862 -0.728263151495803 -1.09672599362892 -1.28025709091536 -1.45564878814952 -1.85958873404219 -2.44654945370886 -3.14682609071388 -3.14616508505392 -3.26563421353337 -3.52484501741636 -3.60622643143452 -3.70314693218417 -3.8143817568828 -3.94867074529416 -4.14703101901748 -4.33462568858836 -4.20444209671477 -3.67107400781284 -3.20203144855686 -3.17984132766568 -3.46699302047866 -3.99314929076802
-9999 -9999 -9999 -9999 -9999 -9999 -9999 -9999 -10.648886221049 -17.3648806758252 -1.56740445832356 -2.9241710907552 -8.47658161822049 -8.28595527582787 -6.54994402829421 -3.11703418915628 -1.45166946218214 -2.73506866344707 -1.68970015756779 -0.455624391953393 -0.999648459058691 -1.11168879105209 -1.34873563731429 -1.02914209102324 -0.220935010862379 -0.275648821284574 -0.249637001133335 -0.337832225991424 -0.370468055003482 -0.290277969810209 -0.31704443493511 -0.28665467324367 -0.158296462024255 -0.162772176259333 -0.372080076233898 -0.525004661675635 -0.779463054721629 -0.859510647578106 -1.19036823058784 -1.76663448149479 -2.19953753059537 -2.62234896001324 -2.64212915213682 -2.57081661307323 -2.31962517807584 -2.44992778606346 -2.60643397864039 -3.08148098532225 -3.62110068033275 -4.00863812069628 -4.14579557706898 -4.0351640817353 -3.6883296646667 -3.58826307051886 -3.72992278922185 -4.28389450789488
-9999 -9999 -9999 -9999 -9999 -9999 -9999 -9999 -9999 -14.2868837553958 -4.67413919209904 -3.7188498991285 -9.45653110653048 -7.54245869410567 -6.4406725536209 -4.06001646790561 -1.74755676753769 -2.83776701870767 -0.672288723865551 -0.335324022368127 -0.993594758391874 -1.60314259098971 -1.86742954315057 -1.75285793379404 -1.03921399537871 -0.569227123334744 -0.521556786058182 -0.520790266938987 -0.416413261421906 -0.430555465243889 -0.585006884375056 -0.494058932148884 -0.414956400784124 -0.337528819422638 -0.302498687385309 -0.364868674497098 -0.414937939606472 -0.532422300505414 -0.718522865112687 -0.972377407429694 -1.39142404023134 -1.75594666183258 -2.21831826041142 -2.27618328071776 -2.07885678371203 -1.99955247718748 -2.44890687463448 -3.18073420742382 -3.2111100738678 -3.28724378399967 -3.61207640728744 -4.10482820256439 -4.80474261482654 -5.04254253687013 -4.38595048775947 -4.14480216526472
-9999 -9999 -9999 -9999 -9999 -9999 -9999 -9999 -9999 -9999 -16.5865999968774 -8.20512883814935 -8.80025000684042 -5.44152878273759 -4.96945113492209 -2.09623347679012 -1.99599567118945 -1.56515663286035 -0.0935690278071823 -0.177126303100055 -0.929360549449463 -1.41684192565133 -2.24274089697588 -2.25166679109434 -1.63056962775047 -1.23294678586247 -1.14036791104693 -1.14832576297381 -1.00321764890384 -0.672893978730531 -0.549553519277356 -0.594813016967491 -0.76763957014746 -0.675210343319712 -0.61000910552834 -0.597840829513574 -0.552481441578341 -0.513698220248743 -0.563643581727218 -0.751629044682271 -1.00665558328909 -1.27949885655867 -1.54729119682582 -2.00734655645667 -1.89876022077867 -1.75048553647871 -2.26886829429521 -2.72697959783957 -2.77166001115211 -3.09640546339357 -3.52955788448813 -4.03492839535405 -4.65463596123614 -5.4255039207653 -4.64636589527042 -4.01584683045096
-9999 -9999 -9999 -9999 -9999 -9999 -9999 -9999 -9999 -9999 -9999 -25.4825281434753 -5.73145460760419 -3.06386838628447 -3.61903138761724 -0.598120510135804 -2.90142044054626 -0.306042007698479 -0.339306653523658 -0.320581488097182 -0.768984867925546 -1.30170824466179 -2.33943043669471 -2.4310712716112 -2.06658173179374 -1.86402504740534 -1.7575328706417 -1.68991410717462 -1.52315709060371 -1.19077464439269 -1.12023973342452 -1.03488116463378 -1.03963340628453 -1.04130820091767 -0.958503110363604 -0.938030892875509 -0.82738673043478 -0.754197247809588 -0.700945830188085 -0.709454483272102 -0.798361749170789 -0.972593973518974 -1.20506335252344 -1.5898560425242 -2.20347543100434 -2.022042774671 -2.45680937958886 -2.46260368922078 -2.59882872920771 -2.96132049295309 -3.51706807686708 -4.1351340944027 -4.96151913113757 -5.6623639890855 -4.89744444234365 -4.1910683773772
