meets/meet004/_saidas_enm/CCSM_Maxent_0k_Cavanillesia_umbellata4.asc
NCOLS 154 
NROWS 168 
XLLCORNER -112 
YLLCORNER -55.5 
CELLSIZE 0.5 
NODATA_value -9999 
[rows 100 to 124 of 168, columns 56 to 111 of 154]
-9999 -9999 -9999 -9999 -9999 -9999 -9999 -9999 -9999 -9999 -9999 -9999 -9999 -9999 -9999 -9999 -9999 -9999 -9999 -9999 -9999 -9999 -9999 -9999 -9999 -9999 -9999 -9999 0.0785569623112679 0.113114722073078 0.138935729861259 0.0414064638316631 0.0287211872637272 0.0251447353512049 0.0251858681440353 0.049848884344101 0.0637440010905266 0.0774825736880302 0.0532267354428768 0.0623459555208683 0.0800633281469345 0.121900297701359 0.190341278910637 0.0714986696839333 0.0712452530860901 0.0723783150315285 0.0951742678880692 0.223769709467888 0.255759686231613 0.252379715442657 0.235015481710434 0.230551540851593 0.218494057655334 0.19764518737793 0.37514391541481 0.415809601545334
-9999 -9999 -9999 -9999 -9999 -9999 -9999 -9999 -9999 -9999 -9999 -9999 -9999 -9999 -9999 -9999 -9999 -9999 -9999 -9999 -9999 -9999 -9999 -9999 -9999 -9999 -9999 -9999 0.0666440203785896 0.131621733307838 0.12815061211586 0.0366918407380581 0.0249601472169161 0.0230828318744898 0.025010509416461 0.0545063689351082 0.0688707381486893 0.0812877342104912 0.0554290153086185 0.0645248293876648 0.0836815237998962 0.127125650644302 0.19605179131031 0.0721357986330986 0.0683112442493439 0.068144828081131 0.0953657180070877 0.238403350114822 0.265133619308472 0.230890408158302 0.114385731518269 0.208398267626762 0.20622207224369 0.191892400383949 0.37489578127861 0.411139518022537
-9999 -9999 -9999 -9999 -9999 -9999 -9999 -9999 -9999 -9999 -9999 -9999 -9999 -9999 -9999 -9999 -9999 -9999 -9999 -9999 -9999 -9999 -9999 -9999 -9999 -9999 -9999 0.0461715161800385 0.057613380253315 0.134041488170624 0.0683527961373329 0.0338827446103096 0.0256132781505585 0.0251317266374826 0.0520520694553852 0.0615987405180931 0.0748747736215591 0.0891838595271111 0.107411585748196 0.0687547400593758 0.091445304453373 0.134331151843071 0.202440112829208 0.0718872621655464 0.0655621588230133 0.0652982965111732 0.0857348516583443 0.205033093690872 0.22788904607296 0.212354749441147 0.197527319192886 0.200175344944 0.209239602088928 0.197718843817711 0.37817308306694 0.281273394823074
-9999 -9999 -9999 -9999 -9999 -9999 -9999 -9999 -9999 -9999 -9999 -9999 -9999 -9999 -9999 -9999 -9999 -9999 -9999 -9999 -9999 -9999 -9999 -9999 -9999 -9999 -9999 0.0424371361732483 0.0504703484475613 0.138574182987213 0.0567042045295238 0.0308414734899998 0.0251577366143465 0.0262866020202637 0.0566363856196404 0.0653700456023216 0.0753284469246864 0.0888835862278938 0.057634387165308 0.0683925002813339 0.0937523618340492 0.135187566280365 0.196579679846764 0.0669762268662453 0.152685314416885 0.148778989911079 0.0727197155356407 0.0978777632117271 0.193443521857262 0.108823128044605 0.105664007365704 0.108326926827431 0.198239609599113 0.192703694105148 0.238092884421349 0.281522393226624
-9999 -9999 -9999 -9999 -9999 -9999 -9999 -9999 -9999 -9999 -9999 -9999 -9999 -9999 -9999 -9999 -9999 -9999 -9999 -9999 -9999 -9999 -9999 -9999 -9999 -9999 -9999 0.0389645285904408 0.0533457547426224 0.140677019953728 0.0479326397180557 0.0269362982362509 0.0243321750313044 0.0266068670898676 0.0582204461097717 0.0646847784519196 0.0676325783133507 0.0386407449841499 0.0469824336469173 0.0635375007987022 0.0918210297822952 0.128694340586662 0.169937968254089 0.143308520317078 0.138007670640945 0.13363017141819 0.164943069219589 0.204813852906227 0.228211626410484 0.232123166322708 0.224252566695213 0.232372507452965 0.234182998538017 0.228049278259277 0.217006087303162 0.268436580896378
-9999 -9999 -9999 -9999 -9999 -9999 -9999 -9999 -9999 -9999 -9999 -9999 -9999 -9999 -9999 -9999 -9999 -9999 -9999 -9999 -9999 -9999 -9999 -9999 -9999 -9999 -9999 0.0457426309585571 0.0527049079537392 0.115197248756886 0.0361938886344433 0.0221331194043159 0.02211475931108 0.0249826833605766 0.0533963888883591 0.0562914572656155 0.0561946034431458 0.0315101221203804 0.040259625762701 0.0596599578857422 0.0904041603207588 0.122996188700199 0.152199551463127 0.177629962563515 0.182269275188446 0.186378553509712 0.168248787522316 0.197801366448402 0.217651635408401 0.226907476782799 0.218839973211288 0.220640167593956 0.212611109018326 0.27008906006813 0.268686532974243 0.25763276219368
-9999 -9999 -9999 -9999 -9999 -9999 -9999 -9999 -9999 -9999 -9999 -9999 -9999 -9999 -9999 -9999 -9999 -9999 -9999 -9999 -9999 -9999 -9999 -9999 -9999 -9999 -9999 0.0611345320940018 0.0622856430709362 0.0812351107597351 0.0306422598659992 0.0177297908812761 0.0194363240152597 0.0231120940297842 0.0464864037930965 0.0431214161217213 0.0242762342095375 0.0271669514477253 0.0383008718490601 0.0619032718241215 0.0944276452064514 0.11892494559288 0.14444200694561 0.168797448277473 0.190905719995499 0.22525180876255 0.243148818612099 0.208929479122162 0.227061718702316 0.453099310398102 0.467486143112183 0.295080065727234 0.27488699555397 0.26382127404213 0.25813427567482 0.257487416267395
-9999 -9999 -9999 -9999 -9999 -9999 -9999 -9999 -9999 -9999 -9999 -9999 -9999 -9999 -9999 -9999 -9999 -9999 -9999 -9999 -9999 -9999 -9999 -9999 -9999 -9999 -9999 0.0916965529322624 0.078293688595295 0.054818719625473 0.0256629139184952 0.0139480270445347 0.0171026326715946 0.0212434027343988 0.0408480614423752 0.035313319414854 0.0197972133755684 0.0244138035923243 0.0387752167880535 0.0644450262188911 0.0957055911421776 0.116730600595474 0.133940100669861 0.154741942882538 0.179424047470093 0.212142243981361 0.230505704879761 0.255817621946335 0.279622882604599 0.446234524250031 0.459898889064789 0.436580449342728 0.264474809169769 0.2536441385746 0.253620386123657 0.255562752485275
-9999 -9999 -9999 -9999 -9999 -9999 -9999 -9999 -9999 -9999 -9999 -9999 -9999 -9999 -9999 -9999 -9999 -9999 -9999 -9999 -9999 -9999 -9999 -9999 -9999 -9999 -9999 0.138399481773376 0.148881316184998 0.0388493873178959 0.0193812940269709 0.0110689997673035 0.0153667340055108 0.0205556582659483 0.0202915072441101 0.0293470602482557 0.0177373196929693 0.0250174310058355 0.0426565669476986 0.07061717659235 0.0959863215684891 0.112503089010715 0.127598375082016 0.141624540090561 0.149552896618843 0.160749360918999 0.189668133854866 0.21203650534153 0.234811812639236 0.262136399745941 0.417951583862305 0.263753712177277 0.246387287974358 0.240085482597351 0.244985848665237 0.248470932245255
-9999 -9999 -9999 -9999 -9999 -9999 -9999 -9999 -9999 -9999 -9999 -9999 -9999 -9999 -9999 -9999 -9999 -9999 -9999 -9999 -9999 -9999 -9999 -9999 -9999 -9999 -9999 0.186610117554665 0.132462725043297 0.0314732827246189 0.0169291142374277 0.0112809585407376 0.015902079641819 0.0217186696827412 0.0210379045456648 0.0331428050994873 0.0416617020964622 0.0629484206438065 0.0576951988041401 0.0880778953433037 0.103444389998913 0.112937569618225 0.124455943703651 0.135367453098297 0.141434758901596 0.14541195333004 0.167374446988106 0.186906278133392 0.207838356494904 0.230344340205193 0.240749284625053 0.24055540561676 0.231919288635254 0.231162801384926 0.237631902098656 0.240491405129433
-9999 -9999 -9999 -9999 -9999 -9999 -9999 -9999 -9999 -9999 -9999 -9999 -9999 -9999 -9999 -9999 -9999 -9999 -9999 -9999 -9999 -9999 -9999 -9999 -9999 -9999 0.209031134843826 0.167869880795479 0.120853565633297 0.0261019617319107 0.0177537016570568 0.0137321632355452 0.0180254112929106 0.0249979496002197 0.0447004958987236 0.0393305718898773 0.0551481619477272 0.0992726162075996 0.158952489495277 0.110494412481785 0.114322185516357 0.119170568883419 0.122219868004322 0.129984393715858 0.135770097374916 0.147363871335983 0.162387117743492 0.180201664566994 0.196478605270386 0.20802903175354 0.215370759367943 0.221257552504539 0.221953555941582 0.225355252623558 0.23003613948822 0.232946768403053
-9999 -9999 -9999 -9999 -9999 -9999 -9999 -9999 -9999 -9999 -9999 -9999 -9999 -9999 -9999 -9999 -9999 -9999 -9999 -9999 -9999 -9999 -9999 -9999 -9999 -9999 0.190703853964806 0.148303538560867 0.0945416018366814 0.0188407581299543 0.0194886215031147 0.0172803793102503 0.0205064006149769 0.026974868029356 0.0287121161818504 0.0569796748459339 0.0804775804281235 0.133540838956833 0.197906315326691 0.130574300885201 0.130557671189308 0.129726439714432 0.128645956516266 0.131156161427498 0.139256179332733 0.148873507976532 0.161361545324326 0.172916278243065 0.184769377112389 0.194805279374123 0.201576426625252 0.207643643021584 0.211061298847198 0.215193241834641 0.219135627150536 0.218591168522835
-9999 -9999 -9999 -9999 -9999 -9999 -9999 -9999 -9999 -9999 -9999 -9999 -9999 -9999 -9999 -9999 -9999 -9999 -9999 -9999 -9999 -9999 -9999 -9999 -9999 -9999 0.156292915344238 0.107521444559097 0.0269768796861172 0.0165758449584246 0.021197572350502 0.0217249635607004 0.0237116683274508 0.0319713391363621 0.0757215768098831 0.0799488946795464 0.118974044919014 0.165392518043518 0.218091666698456 0.147689968347549 0.149832412600517 0.148009821772575 0.140745162963867 0.141337126493454 0.150308057665825 0.152303695678711 0.163716107606888 0.168229401111603 0.173259481787682 0.182243525981903 0.190741926431656 0.195728093385696 0.198972404003143 0.203630372881889 0.205672949552536 0.204032734036446
-9999 -9999 -9999 -9999 -9999 -9999 -9999 -9999 -9999 -9999 -9999 -9999 -9999 -9999 -9999 -9999 -9999 -9999 -9999 -9999 -9999 -9999 -9999 -9999 -9999 -9999 0.12367545068264 0.0710464417934418 0.015516797080636 0.0160853862762451 0.0241775587201118 0.0268106255680323 0.0354498475790024 0.0531535111367702 0.131334587931633 0.139786392450333 0.179639935493469 0.217641606926918 0.24874846637249 0.27973610162735 0.297039747238159 0.17538794875145 0.164243832230568 0.165292635560036 0.179956629872322 0.190513268113136 0.180571213364601 0.1656474173069 0.162509188055992 0.168065309524536 0.176822140812874 0.182737946510315 0.187245026230812 0.191470041871071 0.192379489541054 0.190689355134964
-9999 -9999 -9999 -9999 -9999 -9999 -9999 -9999 -9999 -9999 -9999 -9999 -9999 -9999 -9999 -9999 -9999 -9999 -9999 -9999 -9999 -9999 -9999 -9999 -9999 0.201767265796661 0.105692587792873 0.0354886241257191 0.00921759195625782 0.0191647168248892 0.0262660067528486 0.0325071923434734 0.0587886683642864 0.162207335233688 0.177064523100853 0.201821431517601 0.245410457253456 0.272963136434555 0.284151285886765 0.317054957151413 0.357135504484177 0.319461703300476 0.184981301426888 0.189516797661781 0.341584831476212 0.384992718696594 0.325267344713211 0.162922099232674 0.150422036647797 0.15408656001091 0.162592887878418 0.16945393383503 0.174048736691475 0.177276387810707 0.175895869731903 0.290594130754471
-9999 -9999 -9999 -9999 -9999 -9999 -9999 -9999 -9999 -9999 -9999 -9999 -9999 -9999 -9999 -9999 -9999 -9999 -9999 -9999 -9999 -9999 -9999 -9999 -9999 0.183726415038109 0.0837478116154671 0.0123377479612827 0.0110586117953062 0.0201135389506817 0.0283898245543242 0.0451309233903885 0.144487395882607 0.207617357373238 0.220327273011208 0.244308769702911 0.28231418132782 0.327199399471283 0.324274718761444 0.331224352121353 0.344314962625504 0.319044589996338 0.305020838975906 0.312100887298584 0.350013226270676 0.375212013721466 0.323640912771225 0.158800736069679 0.143171817064285 0.143118277192116 0.15131464600563 0.154316678643227 0.156215846538544 0.158708155155182 0.157384350895882 0.260459393262863
-9999 -9999 -9999 -9999 -9999 -9999 -9999 -9999 -9999 -9999 -9999 -9999 -9999 -9999 -9999 -9999 -9999 -9999 -9999 -9999 -9999 -9999 -9999 -9999 -9999 0.167313009500504 0.0625016763806343 0.008928332477808 0.0144161926582456 0.0221239384263754 0.0320517420768738 0.0572105720639229 0.176307886838913 0.239708036184311 0.255831897258759 0.260400623083115 0.287995427846909 0.331849038600922 0.324522465467453 0.319628655910492 0.322457820177078 0.299275934696198 0.169159054756165 0.170506939291954 0.316343396902084 0.357836753129959 0.296111673116684 0.143512696027756 0.131332680583 0.132539838552475 0.139509350061417 0.13963657617569 0.138878896832466 0.139613747596741 0.232934728264809 0.230909287929535
-9999 -9999 -9999 -9999 -9999 -9999 -9999 -9999 -9999 -9999 -9999 -9999 -9999 -9999 -9999 -9999 -9999 -9999 -9999 -9999 -9999 -9999 -9999 -9999 -9999 0.156931638717651 0.0586411841213703 0.010579526424408 0.0170377977192402 0.0221662428230047 0.0406290963292122 0.0669404938817024 0.187889069318771 0.262214034795761 0.269533902406693 0.262961000204086 0.27061852812767 0.271422803401947 0.258023679256439 0.278157114982605 0.292594522237778 0.267979085445404 0.14205165207386 0.13663575053215 0.143754914402962 0.14785473048687 0.139813587069511 0.128057301044464 0.123128794133663 0.122065000236034 0.123750038444996 0.12380389124155 0.123323611915112 0.124313659965992 0.209484830498695 0.206740275025368
-9999 -9999 -9999 -9999 -9999 -9999 -9999 -9999 -9999 -9999 -9999 -9999 -9999 -9999 -9999 -9999 -9999 -9999 -9999 -9999 -9999 -9999 -9999 -9999 -9999 0.144263595342636 0.062891885638237 0.0121087096631527 0.0163692887872458 0.0246827434748411 0.0480647943913937 0.0756112188100815 0.198653116822243 0.27131250500679 0.270110070705414 0.2561154961586 0.250664234161377 0.223329499363899 0.207725435495377 0.242235973477364 0.262413263320923 0.233970835804939 0.114953696727753 0.106049358844757 0.106669507920742 0.103330858051777 0.110725693404675 0.112232454121113 0.112637087702751 0.111274592578411 0.110293716192245 0.110846161842346 0.109992653131485 0.110191486775875 0.186167702078819 0.185047462582588
-9999 -9999 -9999 -9999 -9999 -9999 -9999 -9999 -9999 -9999 -9999 -9999 -9999 -9999 -9999 -9999 -9999 -9999 -9999 -9999 -9999 -9999 -9999 -9999 -9999 0.130999341607094 0.0639556348323822 0.0143513791263103 0.0168808046728373 0.0257462132722139 0.0495244562625885 0.0770972743630409 0.206644937396049 0.27253669500351 0.264681249856949 0.246544718742371 0.236246675252914 0.215609967708588 0.199355915188789 0.212463274598122 0.222029402852058 0.114097088575363 0.0925556272268295 0.084949903190136 0.0875689908862114 0.0923551023006439 0.0962386652827263 0.0988069623708725 0.101373732089996 0.101145297288895 0.10002189874649 0.09935362637043 0.0981548875570297 0.0989418998360634 0.170072391629219 0.166436329483986
-9999 -9999 -9999 -9999 -9999 -9999 -9999 -9999 -9999 -9999 -9999 -9999 -9999 -9999 -9999 -9999 -9999 -9999 -9999 -9999 -9999 -9999 -9999 -9999 -9999 0.129306495189667 0.0728335604071617 0.0139811467379332 0.0164851471781731 0.0252814386039972 0.0477369390428066 0.0738202333450317 0.194398492574692 0.245357185602188 0.252822577953339 0.237168833613396 0.225507199764252 0.194140881299973 0.179848819971085 0.187520980834961 0.191814631223679 0.0963204503059387 0.0779982209205627 0.0733325779438019 0.0787625834345818 0.0841886773705482 0.0884474217891693 0.0904282480478287 0.0925675854086876 0.0916946604847908 0.091596819460392 0.0920572355389595 0.0904964655637741 0.0907159373164177 0.155700773000717 0.153756260871887
-9999 -9999 -9999 -9999 -9999 -9999 -9999 -9999 -9999 -9999 -9999 -9999 -9999 -9999 -9999 -9999 -9999 -9999 -9999 -9999 -9999 -9999 -9999 -9999 -9999 0.138592898845673 0.0794463604688644 0.0123777082189918 0.0144041636958718 0.0220819376409054 0.0432333238422871 0.0641036108136177 0.0895784124732018 0.192985355854034 0.199023187160492 0.185012578964233 0.176391497254372 0.15799318253994 0.0862103402614594 0.162787616252899 0.0928250774741173 0.0837555900216103 0.0717612653970718 0.0686764568090439 0.0729020535945892 0.0786013379693031 0.0816057026386261 0.0830480828881264 0.0848183333873749 0.0845228955149651 0.0845555439591408 0.0850373208522797 0.0854872092604637 0.0862760543823242 0.148693457245827 0.144805625081062
-9999 -9999 -9999 -9999 -9999 -9999 -9999 -9999 -9999 -9999 -9999 -9999 -9999 -9999 -9999 -9999 -9999 -9999 -9999 -9999 -9999 -9999 -9999 -9999 -9999 0.165557265281677 0.0962846726179123 0.0143585857003927 0.0131761021912098 0.0193478018045425 0.035655252635479 0.0523467212915421 0.0704363882541656 0.0864673182368279 0.088599257171154 0.0823520720005035 0.0824654325842857 0.0772897079586983 0.0775074437260628 0.153611689805984 0.0872140154242516 0.079714834690094 0.0683905333280563 0.0654428750276566 0.0696309953927994 0.0740406513214111 0.076225757598877 0.0764497146010399 0.0777574628591537 0.0778142362833023 0.0784714221954346 0.0798791944980621 0.0797419771552086 0.0795131102204323 0.0780240818858147 0.136201709508896
-9999 -9999 -9999 -9999 -9999 -9999 -9999 -9999 -9999 -9999 -9999 -9999 -9999 -9999 -9999 -9999 -9999 -9999 -9999 -9999 -9999 -9999 -9999 -9999 -9999 0.198929443955421 0.109132751822472 0.0184423662722111 0.0125253349542618 0.0172507986426353 0.0272415392100811 0.041086457669735 0.0580075792968273 0.0711693987250328 0.0769415944814682 0.0785237923264503 0.0764198377728462 0.074708878993988 0.0786433070898056 0.155110538005829 0.162943005561829 0.0821982175111771 0.0678078979253769 0.0637303218245506 0.0667603984475136 0.070542499423027 0.0713916048407555 0.0706874281167984 0.0722495689988136 0.0732177942991257 0.0742219164967537 0.0763914510607719 0.073138065636158 0.0767228379845619 0.139953210949898 0.133452281355858
-9999 -9999 -9999 -9999 -9999 -9999 -9999 -9999 -9999 -9999 -9999 -9999 -9999 -9999 -9999 -9999 -9999 -9999 -9999 -9999 -9999 -9999 -9999 -9999 0.254465490579605 0.193653523921967 0.123119726777077 0.0468273535370827 0.0119518237188458 0.0167527906596661 0.0245850943028927 0.0356266871094704 0.0491972416639328 0.0611167810857296 0.0679450407624245 0.0705956667661667 0.0705296918749809 0.0704788267612457 0.0762491747736931 0.15835277736187 0.170687913894653 0.0864343196153641 0.0702661275863647 0.0644582659006119 0.0656813234090805 0.0681241452693939 0.0678341388702393 0.0675151571631432 0.0703752562403679 0.0743675380945206 0.0771975368261337 0.0771202072501183 0.0748088136315346 0.150602042675018 0.182178571820259 0.18156772851944
