meets/meet004/_saidas_enm/CCSM_Maha_0k_Aralia_warmingiana3.asc
NCOLS 154 
NROWS 168 
XLLCORNER -112 
YLLCORNER -55.5 
CELLSIZE 0.5 
NODATA_value -9999 
[rows 100 to 124 of 168, columns 56 to 111 of 154]
-9999 -9999 -9999 -9999 -9999 -9999 -9999 -9999 -9999 -9999 -9999 -9999 -9999 -9999 -9999 -9999 -9999 -9999 -9999 -9999 -9999 -9999 -9999 -9999 -9999 -9999 -9999 -9999 -178.420658844274 -121.649475984626 -128.8693108036 -176.209625178359 -226.33364101355 -255.293181135334 -246.843780350571 -204.203766259289 -164.951022698289 -120.293660799831 -67.6106397691475 -22.2940409092421 -2.54563611937328 -2.69781492247 -3.04737274599605 -5.21997914462344 -7.24405509925772 -6.61346299236214 -4.56429519137117 -2.620241286418 -1.32552386997835 -0.374247734151904 0.0536726703542184 0.249627148804223 0.434949390422078 0.64797574640709 0.800953206336607 0.15581142768994
-9999 -9999 -9999 -9999 -9999 -9999 -9999 -9999 -9999 -9999 -9999 -9999 -9999 -9999 -9999 -9999 -9999 -9999 -9999 -9999 -9999 -9999 -9999 -9999 -9999 -9999 -9999 -9999 -187.288054427917 -125.894387611928 -144.985367005544 -183.34487128155 -218.097094673803 -238.534874544648 -228.82443290896 -194.108355436109 -152.346126922249 -109.4559118098 -59.1369786033469 -17.7450235686509 -3.19619893339413 -4.44140554935243 -3.98497709505433 -6.57902723479644 -7.70850228959668 -7.01219921154784 -4.77194949411308 -3.79913417873757 -2.4359206041882 -0.39415222713314 -0.182898750246633 0.232884181168093 0.485085679484355 0.519942325804214 0.473864124034798 -0.302384828995297
-9999 -9999 -9999 -9999 -9999 -9999 -9999 -9999 -9999 -9999 -9999 -9999 -9999 -9999 -9999 -9999 -9999 -9999 -9999 -9999 -9999 -9999 -9999 -9999 -9999 -9999 -9999 -174.213162994569 -197.694193738572 -129.68073366657 -140.873182768409 -178.94587096711 -203.834096491716 -217.026544151353 -212.268670174723 -175.460340136111 -139.816199480332 -98.6555339479806 -47.3996580839258 -13.2332880235945 -3.3564316118551 -4.93763714533613 -5.55855191837949 -7.39549189065968 -8.14425905683336 -6.91788196873976 -4.89991336327209 -3.39342889600187 -2.04931447548168 -0.735444312142731 0.0157501078377922 0.189455140321289 0.193006874383828 0.366063626761663 0.0535775538865463 -0.495299972611869
-9999 -9999 -9999 -9999 -9999 -9999 -9999 -9999 -9999 -9999 -9999 -9999 -9999 -9999 -9999 -9999 -9999 -9999 -9999 -9999 -9999 -9999 -9999 -9999 -9999 -9999 -9999 -179.050369958284 -195.505514271463 -128.005103816389 -140.125651422174 -177.307800866909 -193.370073791683 -201.933077532786 -198.903167666867 -165.594499416213 -126.614504430393 -86.1442132700012 -37.0230990174268 -10.1813152721549 -3.63582423168146 -6.17228603288447 -7.16530383396332 -8.4079767186229 -8.60457013276536 -7.54672719387282 -5.36043992868986 -3.47355578924984 -2.21306264730774 -1.42564370846312 -0.671423584478989 -0.148405531068196 -0.0275590363137874 0.110568083435036 -0.209828147306646 -0.910839764790971
-9999 -9999 -9999 -9999 -9999 -9999 -9999 -9999 -9999 -9999 -9999 -9999 -9999 -9999 -9999 -9999 -9999 -9999 -9999 -9999 -9999 -9999 -9999 -9999 -9999 -9999 -9999 -179.484264601887 -184.08941055645 -125.667622820455 -141.2617660565 -178.367493777388 -193.410757523921 -195.288124547963 -191.018916000951 -158.460478401326 -116.652349038579 -68.1169596426993 -25.4284119183171 -7.83761545233914 -4.38336728763352 -7.75860039557895 -8.35084218646048 -8.8723459936731 -9.19369405255408 -8.3174703865803 -6.14892522216925 -4.36591638616708 -3.14238399955254 -2.32930895060679 -1.57513962198051 -0.940136536216515 -0.466227972845502 -0.139688231792604 -0.492926773212139 -1.71208243330186
-9999 -9999 -9999 -9999 -9999 -9999 -9999 -9999 -9999 -9999 -9999 -9999 -9999 -9999 -9999 -9999 -9999 -9999 -9999 -9999 -9999 -9999 -9999 -9999 -9999 -9999 -9999 -168.04628265003 -172.324773163378 -125.821067856651 -149.823617073158 -187.237568784764 -201.137125987786 -198.889224913463 -192.179456646873 -160.925027623372 -111.472998708179 -56.4319609160846 -19.8323373201779 -6.66160056780257 -5.01729703680132 -9.15892043355674 -9.80532924658448 -9.50748177189187 -9.47718795980742 -8.6102322113194 -6.85490785668045 -5.56506976548583 -4.49788162028007 -4.00881202495958 -3.15431529146223 -2.22044401272388 -1.37640808161421 -0.818429703352551 -0.829242505137067 -1.59982806504072
-9999 -9999 -9999 -9999 -9999 -9999 -9999 -9999 -9999 -9999 -9999 -9999 -9999 -9999 -9999 -9999 -9999 -9999 -9999 -9999 -9999 -9999 -9999 -9999 -9999 -9999 -9999 -148.68492019001 -155.086321083381 -129.961719206148 -167.553807247718 -200.548787735836 -214.278356550228 -208.196619464499 -198.637150175055 -170.346971441845 -112.055592073999 -52.6819242780731 -19.7386104939208 -5.39616380226878 -4.92124195941945 -10.2727133343718 -11.026686747577 -9.96416215034382 -9.48902220765696 -8.75974109464609 -7.73193323268685 -7.00734649276794 -6.52043597819095 -6.30075968240952 -5.43867862095731 -3.90253083623413 -2.69598701221463 -1.77223230979638 -1.35393915090805 -1.37305799099107
-9999 -9999 -9999 -9999 -9999 -9999 -9999 -9999 -9999 -9999 -9999 -9999 -9999 -9999 -9999 -9999 -9999 -9999 -9999 -9999 -9999 -9999 -9999 -9999 -9999 -9999 -9999 -124.642873638641 -141.887738489975 -138.083706048159 -186.437657759383 -215.873174433721 -224.905020426448 -215.616290970271 -203.581058397612 -178.828360807576 -116.258111048024 -53.121456572873 -21.2136830167955 -5.54633062989061 -5.40032625158978 -11.4181397471017 -12.8671525821926 -11.2678924337073 -10.0518726274878 -9.21473428834726 -8.36447506158375 -7.92778228773292 -7.94481673893942 -8.07014617988729 -7.80146648490645 -6.16390590491216 -4.46322262776521 -3.20555065042097 -2.44386531452093 -2.14501919642454
-9999 -9999 -9999 -9999 -9999 -9999 -9999 -9999 -9999 -9999 -9999 -9999 -9999 -9999 -9999 -9999 -9999 -9999 -9999 -9999 -9999 -9999 -9999 -9999 -9999 -9999 -9999 -104.804445678826 -121.884277609922 -146.108948509399 -206.496885246513 -225.849476585339 -231.908032147664 -215.985217985071 -202.71227013591 -189.757109188945 -118.470741514738 -56.4404444536346 -22.5455292762054 -6.75503393118557 -6.71444135580985 -12.8628463346401 -13.9707696794736 -13.3250276801962 -11.9903503600001 -10.6401928121943 -9.37980262018225 -8.73563309051517 -8.82669255863684 -9.84768516709789 -9.68728606855735 -8.40367450892413 -6.72873552874686 -5.25310754025921 -3.85873330270258 -2.38262528672976
-9999 -9999 -9999 -9999 -9999 -9999 -9999 -9999 -9999 -9999 -9999 -9999 -9999 -9999 -9999 -9999 -9999 -9999 -9999 -9999 -9999 -9999 -9999 -9999 -9999 -9999 -9999 -96.2953617212815 -115.395231956425 -148.758947444765 -198.563934514888 -217.803678766982 -215.728171067053 -196.153734291784 -184.835213444916 -173.011628143227 -108.607532020259 -56.7362985762285 -23.5364351260301 -8.2158704581182 -8.13647534751904 -14.4961242422554 -15.2421889147365 -15.0652884531257 -13.8139960053315 -12.5973397128681 -11.4591055581618 -11.0911739618225 -11.2705159922903 -11.1036243869298 -10.4980698920856 -9.43558871117975 -7.64489191350058 -5.71354943975151 -4.21870086737361 -2.57498681957114
-9999 -9999 -9999 -9999 -9999 -9999 -9999 -9999 -9999 -9999 -9999 -9999 -9999 -9999 -9999 -9999 -9999 -9999 -9999 -9999 -9999 -9999 -9999 -9999 -9999 -9999 -68.7248457911738 -92.3342743486329 -111.116660526569 -145.453509535791 -185.536384782785 -193.435522044554 -192.426994196711 -166.319007061605 -155.8237223724 -155.174126086502 -90.7332145573204 -52.1944067159709 -26.6927840959536 -10.2195927229278 -11.4192094366596 -16.2628672199173 -17.3116244635373 -16.8529675932696 -16.0512780513889 -14.9144081320167 -14.5677864992709 -14.4264941617688 -13.0601815258354 -12.0115259226352 -10.7558936998452 -9.53010024386343 -8.39912453176299 -6.62957606670933 -5.06854164344761 -3.44726450392191
-9999 -9999 -9999 -9999 -9999 -9999 -9999 -9999 -9999 -9999 -9999 -9999 -9999 -9999 -9999 -9999 -9999 -9999 -9999 -9999 -9999 -9999 -9999 -9999 -9999 -9999 -68.843301839011 -89.7848071056399 -111.501335649977 -137.703990342354 -156.631852623627 -163.847857410897 -162.274976878929 -133.929033959085 -115.125391343219 -99.2541991484173 -62.9944928092184 -35.6149344510388 -21.3471713193734 -13.1119936929445 -14.4019950649596 -18.8612532642519 -19.7688243613698 -19.9436578017221 -19.5000884517835 -18.5240145771945 -17.0581433422245 -15.4842204021887 -13.7265561339326 -12.3193130968905 -11.0248149877156 -9.68277784309128 -8.41553260887494 -6.72437139648646 -5.42684765945048 -4.02695748857704
-9999 -9999 -9999 -9999 -9999 -9999 -9999 -9999 -9999 -9999 -9999 -9999 -9999 -9999 -9999 -9999 -9999 -9999 -9999 -9999 -9999 -9999 -9999 -9999 -9999 -9999 -68.3447939419092 -95.6768012478637 -119.892124017669 -132.42389826564 -133.325053232659 -132.90297362207 -134.912736906031 -101.873803615979 -74.7922530933024 -61.7687856719252 -40.7815675829837 -22.5028392474949 -17.2885494060171 -17.087135373753 -19.5598565908815 -21.2957006604913 -21.8601234000615 -21.8240278891334 -21.3487899461213 -21.0467729374455 -18.77422585724 -16.3952697437019 -14.0567434478201 -12.8211357058608 -11.6033685421927 -10.0399839123488 -8.33497002031518 -6.72963612729318 -5.99791447814691 -4.75462000406376
-9999 -9999 -9999 -9999 -9999 -9999 -9999 -9999 -9999 -9999 -9999 -9999 -9999 -9999 -9999 -9999 -9999 -9999 -9999 -9999 -9999 -9999 -9999 -9999 -9999 -9999 -71.1027521625735 -112.334284122302 -138.216543689852 -132.011932704554 -111.285667192502 -100.960058162877 -87.7623707132922 -58.6015769519297 -42.1656857809844 -39.8345500193293 -29.9078613954606 -19.3364513248226 -19.5176324243011 -22.4814793224037 -23.9715706997302 -24.1623622402922 -23.275389204612 -22.8646526474759 -23.08312626639 -22.8949404679913 -20.846799390989 -17.7962519039792 -14.9510689017379 -13.473681049242 -12.3823892587946 -10.9422102391799 -9.46431988338742 -7.88481602289521 -6.89411002769123 -5.87996631226267
-9999 -9999 -9999 -9999 -9999 -9999 -9999 -9999 -9999 -9999 -9999 -9999 -9999 -9999 -9999 -9999 -9999 -9999 -9999 -9999 -9999 -9999 -9999 -9999 -9999 -37.5455965476566 -79.0220264283903 -137.039571776375 -161.506349961583 -125.867492651688 -96.6660422623464 -73.3788672839105 -50.0487285806823 -29.8739988555341 -29.5815580788743 -49.2023723005474 -32.8485869229131 -22.0180448827045 -25.6103350351304 -27.977341584656 -30.3359187958437 -27.4173148403003 -25.4084290744392 -24.3954513254888 -25.2366834662466 -26.2736911701818 -22.3841229642705 -19.3377707425576 -15.9924138570739 -14.5707086318158 -13.5441678702789 -11.9910763551723 -11.0260819293438 -9.6209420892911 -8.53980043374873 -7.49368991923158
-9999 -9999 -9999 -9999 -9999 -9999 -9999 -9999 -9999 -9999 -9999 -9999 -9999 -9999 -9999 -9999 -9999 -9999 -9999 -9999 -9999 -9999 -9999 -9999 -9999 -49.518137678185 -85.922198665038 -133.219866308475 -145.894816022567 -113.356716166606 -80.5190049818899 -53.1744237946711 -28.4646621576809 -17.8367132619671 -29.4097216245632 -41.247547681016 -35.7069737186009 -29.2528971663885 -30.9469801049963 -31.4975955506457 -31.6273779172726 -28.8606866447712 -26.8591850631575 -25.7192556521498 -26.5100110965384 -27.0738276674119 -23.8187032561957 -21.3545634444027 -17.8412997985116 -15.7818000739654 -14.6158093083258 -13.0994879078403 -11.8594286882841 -10.2978846513078 -9.11072928548873 -8.13373326238166
-9999 -9999 -9999 -9999 -9999 -9999 -9999 -9999 -9999 -9999 -9999 -9999 -9999 -9999 -9999 -9999 -9999 -9999 -9999 -9999 -9999 -9999 -9999 -9999 -9999 -54.0935578172486 -88.3939416512802 -127.664351656402 -131.409559713895 -98.2425253156829 -68.7829485879761 -39.3395833299219 -19.2027426498073 -19.8152054928106 -31.7132515674158 -43.4388657764037 -37.872612992907 -32.1072915308398 -31.9626555501861 -30.818341222633 -31.386129495082 -28.6012126753457 -26.7321932251534 -25.7515956787547 -26.5374629168566 -27.844219255466 -24.2360672802147 -22.0631002437012 -19.3558522253328 -17.118432461102 -15.391916740184 -13.5822758271215 -12.3138532361367 -10.8147546727421 -9.7710816234816 -8.73752424641182
-9999 -9999 -9999 -9999 -9999 -9999 -9999 -9999 -9999 -9999 -9999 -9999 -9999 -9999 -9999 -9999 -9999 -9999 -9999 -9999 -9999 -9999 -9999 -9999 -9999 -48.4292138799892 -85.6653135191416 -120.086855248591 -118.617291112458 -88.6073944729709 -55.9268029363393 -30.6559973958163 -20.1462416039723 -22.7652798611758 -33.3534863602348 -41.1100980947666 -37.6150294461722 -30.7302172181481 -28.5355294490563 -28.7679168248314 -28.9693488400655 -27.1695671620021 -25.6402072240723 -25.0813318724509 -25.6362499896555 -25.5509751671691 -23.9754498835151 -22.1906696079998 -20.2064094778626 -17.8178446612919 -16.0130470823119 -14.1353782653502 -12.7022891924445 -11.2088788812281 -10.2550020848042 -9.59414705121421
-9999 -9999 -9999 -9999 -9999 -9999 -9999 -9999 -9999 -9999 -9999 -9999 -9999 -9999 -9999 -9999 -9999 -9999 -9999 -9999 -9999 -9999 -9999 -9999 -9999 -43.8014794328019 -79.2757871721113 -116.491377501674 -111.757184610003 -78.0959724323976 -49.2629438232903 -27.4955873887706 -22.6102909927969 -26.4959359821558 -36.0342620228886 -43.0447641839225 -39.0754166086215 -33.6941589863176 -31.1438380066939 -29.9693884788578 -29.5279421866813 -27.0055130992566 -25.8084675994884 -25.645637334818 -26.1789787119874 -25.6986864339212 -23.8154039887867 -22.2348921810246 -20.7555101587885 -18.4859820722671 -16.6446162413729 -14.6301607657444 -13.175604233591 -11.7563886852608 -10.9537815168792 -10.2779496010539
-9999 -9999 -9999 -9999 -9999 -9999 -9999 -9999 -9999 -9999 -9999 -9999 -9999 -9999 -9999 -9999 -9999 -9999 -9999 -9999 -9999 -9999 -9999 -9999 -9999 -46.2546215918082 -78.054729219512 -111.949414802971 -105.218704493294 -71.301638293475 -42.5655535128707 -27.90372245406 -27.0096992219513 -31.340589076004 -39.0553958290116 -44.1334086371519 -40.6466978421047 -36.820783526597 -34.6441332136468 -32.5176982785946 -30.5727354132073 -28.157221253533 -27.9514826306257 -28.098709661648 -27.109749424929 -25.497707338363 -24.05273317242 -22.6928305256109 -21.2981582185769 -19.3827304897516 -17.2528667902236 -15.358630439249 -13.8950858926361 -12.4424878200439 -11.426672948543 -10.6274236775315
-9999 -9999 -9999 -9999 -9999 -9999 -9999 -9999 -9999 -9999 -9999 -9999 -9999 -9999 -9999 -9999 -9999 -9999 -9999 -9999 -9999 -9999 -9999 -9999 -9999 -45.8093483164304 -76.7384544346405 -113.667485158258 -105.636286937367 -67.4208613783365 -40.5393723679706 -29.692559163143 -29.6804881964729 -33.6290370791695 -38.8007714432486 -43.0510688183058 -40.2770622744423 -38.0968781499563 -36.5693835559284 -34.3512194184929 -32.1572353976166 -29.4043757784458 -29.7568603890755 -29.9033429770609 -28.0337671201728 -25.7388140355496 -24.1862138409593 -23.0917701059406 -21.8535536184112 -20.4950992421285 -18.2551628399829 -16.2526254537992 -14.7065792715152 -13.2004906127456 -12.1355337988219 -11.1002776665088
-9999 -9999 -9999 -9999 -9999 -9999 -9999 -9999 -9999 -9999 -9999 -9999 -9999 -9999 -9999 -9999 -9999 -9999 -9999 -9999 -9999 -9999 -9999 -9999 -9999 -45.8026193414469 -76.5333565822619 -117.61916074488 -109.572023729014 -70.3587414821757 -43.1320770249583 -32.9314242232094 -31.3317822639743 -33.0534161600086 -36.359570804924 -38.2805054945305 -38.6348851082618 -37.8417319322829 -37.1234356583156 -36.042088055528 -33.5894028633923 -30.6487239891615 -30.5285096763195 -30.5801179448795 -28.6936787038532 -26.2669932833656 -24.7575561022772 -23.5899471744354 -22.3547963145091 -21.7868362583785 -19.5904503493389 -17.2397941962852 -15.4044053123265 -13.9217596779519 -12.7378956983474 -11.8014081327095
-9999 -9999 -9999 -9999 -9999 -9999 -9999 -9999 -9999 -9999 -9999 -9999 -9999 -9999 -9999 -9999 -9999 -9999 -9999 -9999 -9999 -9999 -9999 -9999 -9999 -45.385427199333 -73.9844666713555 -116.858371513395 -114.494716152537 -74.7981846891102 -46.4619490838163 -35.7591037409763 -33.3748866324379 -33.7320958571806 -36.0022248007711 -38.1449032190468 -39.1739232886132 -39.0621065458387 -38.5130288610177 -37.5286238991034 -35.2387632051509 -31.7714382060076 -31.2532554912645 -31.1912354408504 -29.5672390556404 -27.3242949573883 -25.6488801758858 -24.3727195105077 -22.8652960096498 -22.224627527226 -20.3092089201273 -17.8768136838794 -15.9955900545025 -14.381530625982 -13.2325855374649 -12.2701334364459
-9999 -9999 -9999 -9999 -9999 -9999 -9999 -9999 -9999 -9999 -9999 -9999 -9999 -9999 -9999 -9999 -9999 -9999 -9999 -9999 -9999 -9999 -9999 -9999 -9999 -46.5503141789361 -74.039018224579 -114.8315243026 -117.486269649725 -81.6145621808747 -51.8021170542754 -39.427810890329 -36.2922028637288 -34.9046598891109 -37.1196547840968 -39.9435244451465 -40.5349873991788 -40.6295877232138 -39.8543411858468 -38.2791340672207 -36.3007707430942 -32.804795506521 -31.9418848786357 -31.768065171663 -30.7093443521124 -29.1427714183835 -27.1579234123469 -25.3123423903984 -23.5813761022279 -22.4389900827992 -20.3517680053359 -18.4819852362144 -16.8343940637761 -15.3514500563402 -14.4030273547386 -12.9301468504537
-9999 -9999 -9999 -9999 -9999 -9999 -9999 -9999 -9999 -9999 -9999 -9999 -9999 -9999 -9999 -9999 -9999 -9999 -9999 -9999 -9999 -9999 -9999 -9999 -57.3888381453778 -49.8804835029301 -74.4931480891397 -115.134604852037 -124.028990583657 -91.3938830190057 -58.9455180865363 -44.1474278676251 -39.0823511151606 -36.056510751535 -37.4151763518769 -39.9879048728432 -40.2535160736774 -40.1069926959845 -39.191973195839 -37.6332869919421 -36.0097080724982 -33.5292474292994 -32.783968406492 -32.4270936974017 -31.6418203872957 -30.4189108842551 -28.6051031903378 -26.6896619090853 -24.7228111139986 -23.1350950808008 -21.9592659043975 -20.2165930384795 -18.6205993459186 -17.4980063824395 -17.7966368611845 -17.8035439070003
