meets/meet004/_saidas_enm/CCSM_Maha_0k_Aralia_warmingiana2.asc
NCOLS 154 
NROWS 168 
XLLCORNER -112 
YLLCORNER -55.5 
CELLSIZE 0.5 
NODATA_value -9999 
[rows 100 to 124 of 168, columns 56 to 111 of 154]
-9999 -9999 -9999 -9999 -9999 -9999 -9999 -9999 -9999 -9999 -9999 -9999 -9999 -9999 -9999 -9999 -9999 -9999 -9999 -9999 -9999 -9999 -9999 -9999 -9999 -9999 -9999 -9999 -213.203366469824 -160.5822336099 -176.25273586854 -244.269995617405 -316.202709020336 -359.875318532357 -352.582593257732 -292.633565304196 -234.225190870792 -165.544666303677 -90.1532553849377 -27.7067062979417 -3.16151854830712 -2.65858924649607 -9.82759028460278 -25.5240399966089 -31.1589956378968 -30.0162912149876 -28.1441393857692 -24.122341774563 -20.568857900189 -17.2221494809492 -14.5312713473942 -12.7256541234567 -10.6425297876661 -7.43368348213598 -4.07281876692236 -1.61822863190902
-9999 -9999 -9999 -9999 -9999 -9999 -9999 -9999 -9999 -9999 -9999 -9999 -9999 -9999 -9999 -9999 -9999 -9999 -9999 -9999 -9999 -9999 -9999 -9999 -9999 -9999 -9999 -9999 -223.58552408259 -168.016017458017 -198.218869284875 -253.317189507315 -303.224540615189 -335.05206474784 -326.571190194675 -277.569723220155 -214.955418374466 -148.250949295687 -76.9110423398639 -20.7115440468512 -3.02537093724553 -4.922263887563 -13.0287712684066 -28.1548665313341 -31.3956603942557 -29.9911869771215 -26.3783950364579 -22.9587768714854 -19.6562258361558 -16.2768338501822 -13.6487971208456 -13.1233332092363 -10.9816500898438 -7.93407109661826 -4.85229678122557 -2.16470781926497
-9999 -9999 -9999 -9999 -9999 -9999 -9999 -9999 -9999 -9999 -9999 -9999 -9999 -9999 -9999 -9999 -9999 -9999 -9999 -9999 -9999 -9999 -9999 -9999 -9999 -9999 -9999 -204.350264059857 -237.330425169757 -171.890624528912 -191.892916474523 -245.060501342965 -281.797982941668 -303.904361048635 -302.544503099488 -249.887280855547 -195.809443604973 -132.291171007034 -59.4595171862003 -14.2310344507236 -3.91534365352396 -5.32791196937842 -13.3515101878829 -26.5844876620924 -29.8946894478283 -27.284422668024 -24.0921807597679 -20.7713872923428 -17.7969521558387 -15.2250532059426 -13.704531470131 -12.9547011406828 -12.3773219436437 -9.93574879758252 -5.90925251351338 -2.85074037868784
-9999 -9999 -9999 -9999 -9999 -9999 -9999 -9999 -9999 -9999 -9999 -9999 -9999 -9999 -9999 -9999 -9999 -9999 -9999 -9999 -9999 -9999 -9999 -9999 -9999 -9999 -9999 -211.059322195484 -235.489541992628 -168.473950945719 -189.71483060264 -240.252367568141 -265.479227618108 -281.735940801367 -283.311941773528 -234.349467953683 -175.45439655381 -114.305559960861 -44.7417609844421 -10.4252417493223 -4.04018785343954 -6.49984088391969 -14.446696053303 -25.8344496366329 -27.7859643007294 -25.5008214500321 -22.6571284153019 -19.2208808779173 -16.589584109008 -14.6358260214188 -12.9572494835692 -12.5198705034872 -12.7594725465475 -10.7671869157879 -6.63750605884178 -3.55535234758167
-9999 -9999 -9999 -9999 -9999 -9999 -9999 -9999 -9999 -9999 -9999 -9999 -9999 -9999 -9999 -9999 -9999 -9999 -9999 -9999 -9999 -9999 -9999 -9999 -9999 -9999 -9999 -213.340050424481 -222.853274661294 -164.512384590749 -188.785263846507 -239.335777254433 -264.16806194533 -271.77818852705 -271.344640378485 -222.610268680483 -159.401298196631 -88.8454896641473 -29.5745148206488 -7.93039207892485 -4.77298123275502 -8.16758152039244 -15.4909177425703 -24.1596757572805 -26.293259624631 -23.6674282810523 -21.4137777543093 -18.4981119026828 -15.9080066057127 -13.4980994072089 -12.077971975592 -11.3330493945405 -11.2536021272546 -9.96592809274188 -6.10320633078324 -3.11548506516057
-9999 -9999 -9999 -9999 -9999 -9999 -9999 -9999 -9999 -9999 -9999 -9999 -9999 -9999 -9999 -9999 -9999 -9999 -9999 -9999 -9999 -9999 -9999 -9999 -9999 -9999 -9999 -202.800986737687 -209.766001047998 -164.673923912846 -196.744478131437 -249.010555764808 -273.732406770802 -276.16048196569 -272.427624685243 -224.203542461115 -149.495919908393 -71.04485341518 -21.7967042587021 -7.53996554505198 -5.73437025835848 -9.6223462936414 -15.4426434054538 -22.9159156846745 -23.9902274022772 -22.3820371686492 -19.9125593977691 -17.5069621422812 -15.0893032143044 -12.9005909747399 -11.1295685573488 -10.1110146786661 -9.73435413732946 -8.64399915261659 -6.02588812345461 -3.14059526274922
-9999 -9999 -9999 -9999 -9999 -9999 -9999 -9999 -9999 -9999 -9999 -9999 -9999 -9999 -9999 -9999 -9999 -9999 -9999 -9999 -9999 -9999 -9999 -9999 -9999 -9999 -9999 -184.516803724292 -190.105094862686 -170.148466210553 -216.469473765833 -265.034982471617 -289.851294710523 -288.662758306209 -280.937411264203 -235.671021271199 -146.787102330278 -62.7671153881273 -20.615956843037 -6.26356537130592 -5.42116051738033 -10.754654186285 -14.9174234084815 -20.1065420145955 -21.3786713085624 -19.6319480417362 -18.2648650584328 -16.5966025997887 -14.5081702194501 -12.4330976622418 -10.6718447564996 -9.28404997096227 -8.72989651275306 -7.49873644880473 -6.25923720766645 -3.47415523223586
-9999 -9999 -9999 -9999 -9999 -9999 -9999 -9999 -9999 -9999 -9999 -9999 -9999 -9999 -9999 -9999 -9999 -9999 -9999 -9999 -9999 -9999 -9999 -9999 -9999 -9999 -9999 -156.557749409572 -174.140803782881 -180.011544399616 -239.452479444731 -283.984540579509 -303.269842563225 -299.128570588675 -286.714200015318 -244.498430703614 -148.931260372586 -59.6516809725912 -23.185547257995 -5.74955984157526 -5.83924054424316 -11.9020809941325 -14.7483539636395 -18.8391102360058 -19.6957028454955 -18.3343712790963 -17.1979052461435 -15.4290755018561 -13.6448438955677 -12.165577361177 -10.8920965033442 -9.48917743196471 -8.22633209611859 -6.94076395874203 -6.04166016192341 -4.52022570120967
-9999 -9999 -9999 -9999 -9999 -9999 -9999 -9999 -9999 -9999 -9999 -9999 -9999 -9999 -9999 -9999 -9999 -9999 -9999 -9999 -9999 -9999 -9999 -9999 -9999 -9999 -9999 -131.698594535237 -151.82616009586 -189.497238163346 -264.886961373819 -295.580430371604 -312.274460214864 -300.028592505995 -284.259986317088 -254.62369572694 -147.526070603333 -59.7906359317808 -23.4636976589694 -6.80860271821829 -7.27714858391112 -13.3693103843644 -15.6632990687142 -18.1871194366047 -18.6550281147857 -17.7373743743334 -16.7849291086259 -14.8553472661944 -12.8642453171508 -11.8230016111628 -10.9150059913518 -9.49336971692268 -8.49121891713343 -7.09932802589221 -6.17541650775005 -4.4482670613666
-9999 -9999 -9999 -9999 -9999 -9999 -9999 -9999 -9999 -9999 -9999 -9999 -9999 -9999 -9999 -9999 -9999 -9999 -9999 -9999 -9999 -9999 -9999 -9999 -9999 -9999 -9999 -120.503857995163 -145.645313268994 -191.714036591382 -255.813686452369 -283.342146090695 -290.718939336065 -273.6042178564 -258.156702914465 -229.517449546911 -130.702206564664 -59.3422280011975 -23.2412023725224 -8.13194314530934 -8.99390784243304 -15.0464979702285 -16.8734096384862 -18.5303473752873 -18.6790659173742 -17.7401223106127 -17.0354341274321 -14.9674178215724 -13.1136871652584 -12.162763761094 -11.3749968596398 -10.5288496803603 -9.55381025871215 -8.19314977694857 -6.92211712438394 -4.61299224295639
-9999 -9999 -9999 -9999 -9999 -9999 -9999 -9999 -9999 -9999 -9999 -9999 -9999 -9999 -9999 -9999 -9999 -9999 -9999 -9999 -9999 -9999 -9999 -9999 -9999 -9999 -86.4001763418655 -117.116976639584 -140.41860954334 -185.655000605499 -240.144105461002 -253.569072506911 -258.19159333338 -232.086304948018 -216.699252191087 -202.189034732379 -104.566446975001 -54.4596800868102 -26.0510173028655 -10.375864259989 -12.4113024703012 -16.87297841528 -19.0311668945395 -19.3636621268013 -19.6112290106243 -18.8983597810705 -17.0448971100478 -15.5297018834995 -13.9925263143321 -12.9663745150469 -12.0790987148992 -11.1620861642546 -10.9295056846911 -9.61309124257603 -7.60939671000654 -5.48362314048718
-9999 -9999 -9999 -9999 -9999 -9999 -9999 -9999 -9999 -9999 -9999 -9999 -9999 -9999 -9999 -9999 -9999 -9999 -9999 -9999 -9999 -9999 -9999 -9999 -9999 -9999 -86.1186855122086 -112.65137105583 -139.409950012044 -172.84422923868 -202.077523805695 -217.247035622046 -219.998054399462 -186.382454721843 -158.877714134769 -126.174205376436 -70.0901774260672 -35.6770950791597 -20.4970931072236 -13.9031231631741 -15.9225426542382 -19.4781594774361 -20.7110795577656 -21.1198806612445 -20.7506877895793 -19.7312898111722 -18.1429569473889 -16.4983335754127 -14.8652962520556 -13.8402617749328 -13.0457332462345 -12.3721286172502 -11.271071343015 -9.25826100681226 -7.65389698719326 -5.85061245869603
-9999 -9999 -9999 -9999 -9999 -9999 -9999 -9999 -9999 -9999 -9999 -9999 -9999 -9999 -9999 -9999 -9999 -9999 -9999 -9999 -9999 -9999 -9999 -9999 -9999 -9999 -83.9167031014397 -117.43672460384 -147.867912705201 -164.40169822165 -167.606303754823 -177.826515273293 -185.474420383636 -140.845735952742 -101.3836291952 -73.6906604669084 -41.7218101814184 -21.4825244731322 -16.938755181894 -18.5944497568271 -21.9558701358967 -22.940828471704 -22.9753050699031 -22.7218472841518 -22.3502166820812 -22.0605121378315 -19.6330459126318 -17.5027350061475 -15.6983743966003 -14.9502714487052 -13.6656557513689 -12.2018278087844 -10.5676032271936 -8.71904210179476 -7.83346546459576 -6.28622257140195
-9999 -9999 -9999 -9999 -9999 -9999 -9999 -9999 -9999 -9999 -9999 -9999 -9999 -9999 -9999 -9999 -9999 -9999 -9999 -9999 -9999 -9999 -9999 -9999 -9999 -9999 -84.8233984711963 -136.518728936506 -170.740337968419 -166.826745767124 -143.994286421217 -136.504950184181 -118.306620552176 -80.2857287879309 -55.1836716397827 -41.5314096531575 -29.3074127697654 -18.2916495770395 -20.4224892387939 -25.2058090100764 -27.3401964470969 -27.0796255398626 -25.7690061076821 -24.8657963784366 -24.624851942217 -23.9701634359622 -21.4725435016292 -19.0229713184956 -16.8875951951552 -15.287977580447 -14.1364239800709 -12.7129756424703 -11.2741406250179 -9.48338250699412 -8.33201093780501 -7.10427119450839
-9999 -9999 -9999 -9999 -9999 -9999 -9999 -9999 -9999 -9999 -9999 -9999 -9999 -9999 -9999 -9999 -9999 -9999 -9999 -9999 -9999 -9999 -9999 -9999 -9999 -43.9378605109073 -92.5829157494131 -166.20370717767 -197.183662186767 -160.367705060124 -127.387386532114 -98.2749103015543 -66.574396806895 -40.3195074450886 -31.1988963087992 -46.8468992970901 -30.7207199960133 -21.8820201443365 -28.6041842804862 -31.7679452386505 -34.6930812948651 -31.2643930569219 -28.9941503756334 -27.6536521989716 -28.0005549107785 -28.7230826018733 -23.8554230206994 -20.6269579767579 -17.5097108496522 -16.0193621164154 -14.9578366069585 -13.2558260844501 -12.4019705048775 -10.8303438409078 -9.78010680499074 -8.73279571381302
-9999 -9999 -9999 -9999 -9999 -9999 -9999 -9999 -9999 -9999 -9999 -9999 -9999 -9999 -9999 -9999 -9999 -9999 -9999 -9999 -9999 -9999 -9999 -9999 -9999 -57.785489496409 -100.398107522566 -160.779111018454 -179.896703982948 -144.169314272213 -104.959255521428 -67.6506278393974 -36.9706436199928 -19.7890429457735 -28.8145798740314 -38.015474074569 -33.394470317698 -29.9830403469245 -34.4429720779677 -35.5680350074575 -35.8469140220872 -32.4827424195426 -30.1027848565807 -28.7950041898354 -29.7191331004479 -30.3738275510302 -26.2007254175389 -22.7930152664516 -18.7267095911405 -16.5738374071191 -15.3684940847698 -13.9308439765951 -12.9278207867337 -11.3910062111821 -10.2961218980221 -9.39759279779149
-9999 -9999 -9999 -9999 -9999 -9999 -9999 -9999 -9999 -9999 -9999 -9999 -9999 -9999 -9999 -9999 -9999 -9999 -9999 -9999 -9999 -9999 -9999 -9999 -9999 -62.0879878638361 -102.69807002549 -153.859539563063 -162.337001116677 -124.014924755085 -88.1582287246114 -48.8211829243461 -21.5356257654995 -19.61730504972 -29.2260813050826 -40.0705751208138 -35.708628539143 -32.3535466602844 -34.0348928186473 -32.9372039157517 -34.453615159843 -31.1512202239405 -29.0681198482009 -28.0424920082163 -28.9190724915801 -30.353036519433 -26.2513448267716 -23.5236305586898 -19.5979406930119 -17.3409217721201 -15.8015876665945 -14.2378548979201 -13.2400131852673 -11.84643133994 -10.8199589358626 -9.51444802314987
-9999 -9999 -9999 -9999 -9999 -9999 -9999 -9999 -9999 -9999 -9999 -9999 -9999 -9999 -9999 -9999 -9999 -9999 -9999 -9999 -9999 -9999 -9999 -9999 -9999 -53.572360794055 -98.3471982389937 -143.155439799234 -143.369624653359 -108.19547984038 -69.0747341191633 -36.770701053778 -19.808738176483 -21.5305617517098 -30.9455840192372 -38.0540739552948 -35.0980100826415 -29.1471321361392 -27.5508777433136 -28.2632651511999 -29.0702886856706 -27.9623347969505 -26.8721210422241 -26.5827419731335 -27.2761798342679 -27.1549429129085 -25.3583987638355 -23.2082505125191 -19.8752445734833 -17.7707869788265 -16.268627126093 -14.6734144837915 -13.372174047475 -11.6698460393825 -10.6036805483372 -9.80110618548679
-9999 -9999 -9999 -9999 -9999 -9999 -9999 -9999 -9999 -9999 -9999 -9999 -9999 -9999 -9999 -9999 -9999 -9999 -9999 -9999 -9999 -9999 -9999 -9999 -9999 -46.3632621320148 -90.1673509245368 -136.993968474453 -132.677274790517 -94.9904417354257 -60.1088672501578 -30.1856209959834 -22.4558091318481 -25.0132503681415 -33.546145226565 -39.9530029918413 -36.4813416702688 -32.6005475650623 -30.3932532187245 -28.6395244001465 -28.2929270805003 -26.7468532639168 -26.4296914942031 -26.7335556088424 -27.4427566999863 -26.8535386634347 -24.753532953117 -22.9042025447046 -20.1809585638588 -18.3188592769701 -16.7186105824603 -14.6805533473609 -13.2099843779998 -11.6547419556905 -10.8294489101407 -10.0206801259693
-9999 -9999 -9999 -9999 -9999 -9999 -9999 -9999 -9999 -9999 -9999 -9999 -9999 -9999 -9999 -9999 -9999 -9999 -9999 -9999 -9999 -9999 -9999 -9999 -9999 -49.2213409147738 -88.8075006809649 -131.974012253833 -124.542003492253 -85.0451662758528 -49.8448179464574 -28.7391711567979 -26.1179271976942 -29.5115029883762 -36.4911284158029 -40.967267617431 -38.2472247193323 -35.8453026227898 -34.0706539708623 -31.6369065495663 -29.4003941507577 -27.6433377460577 -28.4271334052351 -29.1621410852799 -28.1381543716175 -26.286306398323 -24.67527114918 -23.1106734821198 -21.1259145138054 -18.8952044501037 -16.7507545072335 -14.9019122607187 -13.4718067725287 -11.9197496196342 -10.8863522452362 -10.0744143986318
-9999 -9999 -9999 -9999 -9999 -9999 -9999 -9999 -9999 -9999 -9999 -9999 -9999 -9999 -9999 -9999 -9999 -9999 -9999 -9999 -9999 -9999 -9999 -9999 -9999 -48.4685216607022 -87.7125808075779 -134.265960832741 -124.767092809607 -79.0209208539911 -46.0292646280728 -29.8000046924891 -29.1845236429187 -31.831442586082 -36.4266732036419 -40.2465987629651 -38.4019451052739 -37.2120875596127 -35.9619935234847 -34.064181013098 -31.5026895974936 -28.9582457159218 -30.1594598052368 -30.8733611783317 -28.8545299250237 -26.2973579995734 -24.6123792534723 -23.3714807064638 -21.9853349495949 -19.5109205044929 -17.254251493108 -15.3534481820276 -13.9140867806483 -12.393630733081 -11.3836161717926 -10.5037690088323
-9999 -9999 -9999 -9999 -9999 -9999 -9999 -9999 -9999 -9999 -9999 -9999 -9999 -9999 -9999 -9999 -9999 -9999 -9999 -9999 -9999 -9999 -9999 -9999 -9999 -48.0606112290038 -88.0646695875664 -139.577134752912 -129.564774017081 -81.5792760966742 -47.9703781714925 -32.9649373420082 -31.2542656466654 -31.7783610978262 -34.7466386853158 -36.9570821239408 -37.9902184125707 -37.5292074692922 -36.9113891303742 -35.6646579929397 -33.6479553122851 -30.5408863561646 -30.7864738716526 -31.3001376162246 -29.3115454226185 -26.6750134583376 -25.0822032077473 -23.8491925769694 -22.5297508091005 -20.3244793063879 -18.2099775692086 -16.0316101789413 -14.3464453128541 -12.9082708763384 -12.0120872092813 -11.2944290912729
-9999 -9999 -9999 -9999 -9999 -9999 -9999 -9999 -9999 -9999 -9999 -9999 -9999 -9999 -9999 -9999 -9999 -9999 -9999 -9999 -9999 -9999 -9999 -9999 -9999 -47.0950711935455 -85.2736024217312 -139.175715363209 -135.320055596997 -86.3350673250414 -50.9033280192813 -36.1956645104768 -33.7320732003511 -33.0189030200363 -35.2081628385247 -37.9876904975323 -38.8580893488481 -38.9100811561428 -38.4549706643908 -37.3217484787699 -35.0923994887598 -31.9741139209794 -31.4483783537946 -31.699680316319 -29.9855870088292 -27.6348312655067 -25.9573338352841 -24.678817697454 -23.1843054522235 -20.8954585643141 -18.7345686444527 -16.5588189654285 -14.888391958209 -13.5525989417977 -12.5334702285768 -11.5938285933103
-9999 -9999 -9999 -9999 -9999 -9999 -9999 -9999 -9999 -9999 -9999 -9999 -9999 -9999 -9999 -9999 -9999 -9999 -9999 -9999 -9999 -9999 -9999 -9999 -9999 -47.8049431236386 -84.8029802644165 -136.431909295576 -138.351918882355 -94.0079189903933 -56.3275733557224 -40.4924667489927 -36.9522133313747 -34.754625323172 -36.9177079238435 -39.5838073714563 -40.1869848608975 -40.657047566633 -39.9603858324985 -38.0028057023197 -35.944723089848 -33.0252993007677 -32.1130771572119 -32.1261350466575 -30.9877072952434 -29.3598371194927 -27.4734131737886 -25.7439588170515 -24.0891241241186 -21.6552901914556 -19.0055289684617 -17.3161304424362 -15.7943692036087 -14.2979431276778 -13.4096697354486 -12.1024479356144
-9999 -9999 -9999 -9999 -9999 -9999 -9999 -9999 -9999 -9999 -9999 -9999 -9999 -9999 -9999 -9999 -9999 -9999 -9999 -9999 -9999 -9999 -9999 -9999 -53.9879088378154 -51.1233177988195 -84.7377734530905 -136.514826607963 -146.080680559667 -105.81477652162 -64.6111118554252 -45.8714761630362 -40.1542688356795 -36.3607179064451 -37.4925091936006 -40.1358109537109 -40.3558287048616 -40.2207870921251 -39.2050598763637 -37.4515901486969 -35.9752072584366 -33.4065878454229 -32.8568368874652 -32.6792988106321 -31.8740435779526 -30.6575187576071 -28.9964779475192 -27.2396606572902 -25.3988529216743 -23.5749061902189 -20.5834893736777 -18.7147928705947 -17.2447618287755 -16.0028844358189 -16.1209424139682 -16.1765822747912
