meets/meet004/_saidas_enm/CCSM_Maxent_0k_Aralia_warmingiana4.asc
NCOLS 154 
NROWS 168 
XLLCORNER -112 
YLLCORNER -55.5 
CELLSIZE 0.5 
NODATA_value -9999 
[rows 100 to 124 of 168, columns 56 to 111 of 154]
-9999 -9999 -9999 -9999 -9999 -9999 -9999 -9999 -9999 -9999 -9999 -9999 -9999 -9999 -9999 -9999 -9999 -9999 -9999 -9999 -9999 -9999 -9999 -9999 -9999 -9999 -9999 -9999 0.047977264970541 0.126949280500412 0.210098177194595 0.122023038566113 0.0886668041348457 0.0755346491932869 0.0838757529854774 0.0749706849455833 0.0461600720882416 0.0387801192700863 0.0648913607001305 0.203801453113556 0.28733241558075 0.454018890857697 0.468073546886444 0.2024285197258 0.153775528073311 0.159057930111885 0.172454088926315 0.14758013188839 0.13795080780983 0.158487930893898 0.181467428803444 0.192637950181961 0.219511121511459 0.276087462902069 0.359311878681183 0.456443428993225
-9999 -9999 -9999 -9999 -9999 -9999 -9999 -9999 -9999 -9999 -9999 -9999 -9999 -9999 -9999 -9999 -9999 -9999 -9999 -9999 -9999 -9999 -9999 -9999 -9999 -9999 -9999 -9999 0.0451025627553463 0.138422846794128 0.215592384338379 0.125465512275696 0.0944496914744377 0.084836907684803 0.0891914591193199 0.0796559154987335 0.0525410249829292 0.0435618907213211 0.0785542950034142 0.22032468020916 0.29016101360321 0.453109443187714 0.417347967624664 0.186128839850426 0.163773968815804 0.170777857303619 0.192574843764305 0.136924907565117 0.132587224245071 0.19225013256073 0.246096462011337 0.244513273239136 0.268891304731369 0.324780821800232 0.405788213014603 0.52807754278183
-9999 -9999 -9999 -9999 -9999 -9999 -9999 -9999 -9999 -9999 -9999 -9999 -9999 -9999 -9999 -9999 -9999 -9999 -9999 -9999 -9999 -9999 -9999 -9999 -9999 -9999 -9999 0.0497845970094204 0.0414292737841606 0.15676175057888 0.255621433258057 0.136262461543083 0.099999912083149 0.0939306616783142 0.0932052582502365 0.0775971040129662 0.0611031837761402 0.0520064458250999 0.120681017637253 0.23833230137825 0.318444550037384 0.4618761241436 0.421378046274185 0.210159793496132 0.183867454528809 0.208727821707726 0.229049921035767 0.19326277077198 0.185676142573357 0.225026488304138 0.271019458770752 0.285483986139297 0.261467486619949 0.308674961328506 0.402792870998383 0.508764207363129
-9999 -9999 -9999 -9999 -9999 -9999 -9999 -9999 -9999 -9999 -9999 -9999 -9999 -9999 -9999 -9999 -9999 -9999 -9999 -9999 -9999 -9999 -9999 -9999 -9999 -9999 -9999 0.0464275516569614 0.0380313321948051 0.169707536697388 0.280128836631775 0.139323443174362 0.103474788367748 0.098443977534771 0.0891680419445038 0.0698572993278503 0.0675381422042847 0.056416492909193 0.157249838113785 0.240497663617134 0.325226843357086 0.456834197044373 0.430859833955765 0.235710501670837 0.222709909081459 0.247988805174828 0.267759948968887 0.271440714597702 0.254235565662384 0.273774951696396 0.296732872724533 0.302972227334976 0.287139028310776 0.323618084192276 0.394634813070297 0.484062552452087
-9999 -9999 -9999 -9999 -9999 -9999 -9999 -9999 -9999 -9999 -9999 -9999 -9999 -9999 -9999 -9999 -9999 -9999 -9999 -9999 -9999 -9999 -9999 -9999 -9999 -9999 -9999 0.0473568141460419 0.033505417406559 0.189642742276192 0.267508387565613 0.1268280595541 0.102852091193199 0.0940111577510834 0.0796428173780441 0.0630935207009315 0.0655064284801483 0.0669291839003563 0.149382278323174 0.222773179411888 0.324993133544922 0.440051376819611 0.447611004114151 0.284630089998245 0.267471194267273 0.305356025695801 0.310859739780426 0.337182968854904 0.327554196119308 0.337337553501129 0.363336861133575 0.357326209545135 0.367022454738617 0.420163601636887 0.468402653932571 0.518274009227753
-9999 -9999 -9999 -9999 -9999 -9999 -9999 -9999 -9999 -9999 -9999 -9999 -9999 -9999 -9999 -9999 -9999 -9999 -9999 -9999 -9999 -9999 -9999 -9999 -9999 -9999 -9999 0.044593770056963 0.0364546217024326 0.19247005879879 0.20794951915741 0.104462929069996 0.097433902323246 0.0828349888324738 0.067408911883831 0.0529779866337776 0.0538186803460121 0.059262752532959 0.119432717561722 0.206253051757812 0.319293856620789 0.420962572097778 0.440713286399841 0.33048078417778 0.316536784172058 0.33990404009819 0.355766177177429 0.379951924085617 0.370000272989273 0.369861513376236 0.401890605688095 0.411428958177567 0.437302350997925 0.493458867073059 0.553289592266083 0.613425374031067
-9999 -9999 -9999 -9999 -9999 -9999 -9999 -9999 -9999 -9999 -9999 -9999 -9999 -9999 -9999 -9999 -9999 -9999 -9999 -9999 -9999 -9999 -9999 -9999 -9999 -9999 -9999 0.0581980757415295 0.0514543429017067 0.199151769280434 0.13409560918808 0.0853185206651688 0.0829138234257698 0.0701457858085632 0.0557945407927036 0.0416960865259171 0.037541251629591 0.0587359517812729 0.108952604234219 0.20672033727169 0.323921620845795 0.403453379869461 0.44687756896019 0.401831954717636 0.381585627794266 0.397749185562134 0.40805396437645 0.393308788537979 0.378175020217896 0.389239370822906 0.393862813711166 0.439087808132172 0.484969407320023 0.540587186813354 0.595202624797821 0.622314095497131
-9999 -9999 -9999 -9999 -9999 -9999 -9999 -9999 -9999 -9999 -9999 -9999 -9999 -9999 -9999 -9999 -9999 -9999 -9999 -9999 -9999 -9999 -9999 -9999 -9999 -9999 -9999 0.0870930925011635 0.073419950902462 0.159895077347755 0.0858616679906845 0.0692334398627281 0.0724837705492973 0.0639961585402489 0.0450883097946644 0.0271238293498755 0.0273140948265791 0.061198927462101 0.107604973018169 0.211809247732162 0.320071995258331 0.388255596160889 0.437191665172577 0.428349882364273 0.437442898750305 0.456069737672806 0.462317883968353 0.466764807701111 0.445783853530884 0.439429312944412 0.442507803440094 0.488042294979095 0.533643126487732 0.564937174320221 0.586366593837738 0.607477843761444
-9999 -9999 -9999 -9999 -9999 -9999 -9999 -9999 -9999 -9999 -9999 -9999 -9999 -9999 -9999 -9999 -9999 -9999 -9999 -9999 -9999 -9999 -9999 -9999 -9999 -9999 -9999 0.133740589022636 0.11783779412508 0.116882666945457 0.0484335161745548 0.0539561808109283 0.0657854080200195 0.0644064545631409 0.0390963032841682 0.017957616597414 0.0246143713593483 0.0604081675410271 0.118058554828167 0.224419310688972 0.313900500535965 0.366911441087723 0.425200223922729 0.442444354295731 0.440236926078796 0.438742160797119 0.478363424539566 0.510099112987518 0.53439849615097 0.500361621379852 0.490188300609589 0.509126901626587 0.53820526599884 0.560843348503113 0.570541739463806 0.580995500087738
-9999 -9999 -9999 -9999 -9999 -9999 -9999 -9999 -9999 -9999 -9999 -9999 -9999 -9999 -9999 -9999 -9999 -9999 -9999 -9999 -9999 -9999 -9999 -9999 -9999 -9999 -9999 0.18474654853344 0.160351797938347 0.0980365425348282 0.0515273809432983 0.0607383660972118 0.072831355035305 0.0766143202781677 0.0424416996538639 0.0203039646148682 0.0332686118781567 0.0620660558342934 0.153149113059044 0.267399281263351 0.325462639331818 0.361120104789734 0.410820215940475 0.427116334438324 0.432254701852798 0.432689011096954 0.458160638809204 0.492043048143387 0.527294754981995 0.515857636928558 0.500657320022583 0.504249036312103 0.516444802284241 0.528068602085114 0.534696280956268 0.545066714286804
-9999 -9999 -9999 -9999 -9999 -9999 -9999 -9999 -9999 -9999 -9999 -9999 -9999 -9999 -9999 -9999 -9999 -9999 -9999 -9999 -9999 -9999 -9999 -9999 -9999 -9999 0.187249898910522 0.211951822042465 0.158225476741791 0.0849822387099266 0.060384027659893 0.0840316265821457 0.0893246904015541 0.098200686275959 0.0553433485329151 0.0235972423106432 0.0367762967944145 0.0696576535701752 0.160185843706131 0.308998376131058 0.345722228288651 0.357269316911697 0.387153655290604 0.404022306203842 0.399687230587006 0.412241518497467 0.439884901046753 0.46887594461441 0.498288571834564 0.494421899318695 0.488486409187317 0.486898124217987 0.489674121141434 0.497418910264969 0.500615656375885 0.508727967739105
-9999 -9999 -9999 -9999 -9999 -9999 -9999 -9999 -9999 -9999 -9999 -9999 -9999 -9999 -9999 -9999 -9999 -9999 -9999 -9999 -9999 -9999 -9999 -9999 -9999 -9999 0.161192089319229 0.152275785803795 0.131553173065186 0.0664301142096519 0.0807368978857994 0.124298103153706 0.119285024702549 0.122823216021061 0.0820111781358719 0.050694651901722 0.0566140599548817 0.10382603853941 0.198001325130463 0.316881239414215 0.367740988731384 0.364091575145721 0.365582853555679 0.368138462305069 0.381032168865204 0.399196624755859 0.424370855093002 0.448151975870132 0.473221361637115 0.473768830299377 0.467214643955231 0.467189311981201 0.470265001058578 0.476823627948761 0.477178603410721 0.47888121008873
-9999 -9999 -9999 -9999 -9999 -9999 -9999 -9999 -9999 -9999 -9999 -9999 -9999 -9999 -9999 -9999 -9999 -9999 -9999 -9999 -9999 -9999 -9999 -9999 -9999 -9999 0.131747871637344 0.111547604203224 0.109513320028782 0.0670648515224457 0.0960918441414833 0.154244929552078 0.149291440844536 0.159563466906548 0.111938692629337 0.0697474926710129 0.0901814699172974 0.155943721532822 0.244072094559669 0.319543123245239 0.386649250984192 0.385059624910355 0.370910465717316 0.372569233179092 0.388107568025589 0.387757480144501 0.41738224029541 0.430849701166153 0.444424033164978 0.444932699203491 0.432827055454254 0.437166303396225 0.444420367479324 0.448952853679657 0.442760765552521 0.442646116018295
-9999 -9999 -9999 -9999 -9999 -9999 -9999 -9999 -9999 -9999 -9999 -9999 -9999 -9999 -9999 -9999 -9999 -9999 -9999 -9999 -9999 -9999 -9999 -9999 -9999 -9999 0.116547025740147 0.0839687958359718 0.0612213388085365 0.0701503753662109 0.135947316884995 0.176695182919502 0.20595395565033 0.193860366940498 0.132242351770401 0.093866728246212 0.122024290263653 0.203954577445984 0.280670404434204 0.320197224617004 0.345689743757248 0.372838050127029 0.392239183187485 0.403078824281693 0.39940944314003 0.396755427122116 0.411358803510666 0.413620501756668 0.411789804697037 0.419278621673584 0.407334297895432 0.404859691858292 0.406854301691055 0.409259915351868 0.405835866928101 0.403433412313461
-9999 -9999 -9999 -9999 -9999 -9999 -9999 -9999 -9999 -9999 -9999 -9999 -9999 -9999 -9999 -9999 -9999 -9999 -9999 -9999 -9999 -9999 -9999 -9999 -9999 0.185819700360298 0.111737236380577 0.0578309334814548 0.0334077626466751 0.0780263543128967 0.162808015942574 0.177931755781174 0.254057675600052 0.196347236633301 0.127710670232773 0.0875254124403 0.143145427107811 0.240262478590012 0.30286893248558 0.309607774019241 0.307007879018784 0.334879726171494 0.347994297742844 0.353414297103882 0.345808476209641 0.3364537358284 0.36487078666687 0.3939129114151 0.377074629068375 0.383341073989868 0.379704922437668 0.374457329511642 0.368565917015076 0.367321521043777 0.362188547849655 0.359261602163315
-9999 -9999 -9999 -9999 -9999 -9999 -9999 -9999 -9999 -9999 -9999 -9999 -9999 -9999 -9999 -9999 -9999 -9999 -9999 -9999 -9999 -9999 -9999 -9999 -9999 0.145566016435623 0.117705821990967 0.0582433342933655 0.0411384180188179 0.0928840860724449 0.153692826628685 0.216679260134697 0.240309819579124 0.196326032280922 0.134227901697159 0.118409097194672 0.156681016087532 0.232779607176781 0.282297790050507 0.294146656990051 0.297550857067108 0.31005385518074 0.320099890232086 0.32354411482811 0.311916768550873 0.306316196918488 0.329213172197342 0.355087846517563 0.352181285619736 0.354511320590973 0.346914857625961 0.341217696666718 0.335931062698364 0.332932859659195 0.326712340116501 0.319222569465637
-9999 -9999 -9999 -9999 -9999 -9999 -9999 -9999 -9999 -9999 -9999 -9999 -9999 -9999 -9999 -9999 -9999 -9999 -9999 -9999 -9999 -9999 -9999 -9999 -9999 0.133241683244705 0.112698160111904 0.0409990847110748 0.0499570220708847 0.11111769080162 0.147520735859871 0.244562789797783 0.22600220143795 0.187147334218025 0.144068345427513 0.128215745091438 0.159075364470482 0.216922670602798 0.253579020500183 0.263107568025589 0.279625624418259 0.289888143539429 0.301610708236694 0.306818306446075 0.293986111879349 0.28096804022789 0.306583076715469 0.328212916851044 0.319778323173523 0.327290952205658 0.317017823457718 0.313472300767899 0.306896209716797 0.301844596862793 0.292557626962662 0.284720480442047
-9999 -9999 -9999 -9999 -9999 -9999 -9999 -9999 -9999 -9999 -9999 -9999 -9999 -9999 -9999 -9999 -9999 -9999 -9999 -9999 -9999 -9999 -9999 -9999 -9999 0.107136949896812 0.0930874943733215 0.0422057621181011 0.0503520183265209 0.0961181074380875 0.158245474100113 0.212397754192352 0.212130382657051 0.189688965678215 0.152558609843254 0.136715769767761 0.152306601405144 0.186182498931885 0.210852235555649 0.221781760454178 0.232695072889328 0.259543985128403 0.285979151725769 0.299935340881348 0.293832451105118 0.289836406707764 0.299320459365845 0.302853256464005 0.29981940984726 0.302441984415054 0.29570996761322 0.288577616214752 0.28055676817894 0.274424999952316 0.264403760433197 0.25390437245369
-9999 -9999 -9999 -9999 -9999 -9999 -9999 -9999 -9999 -9999 -9999 -9999 -9999 -9999 -9999 -9999 -9999 -9999 -9999 -9999 -9999 -9999 -9999 -9999 -9999 0.0857384726405144 0.0760961398482323 0.0423528142273426 0.044576171785593 0.0876070111989975 0.159591481089592 0.186234101653099 0.199370801448822 0.18728731572628 0.151784017682076 0.132440343499184 0.14143131673336 0.160860896110535 0.177469030022621 0.186101034283638 0.196140736341476 0.233556494116783 0.26658907532692 0.245959296822548 0.241253316402435 0.232429936528206 0.254821568727493 0.266038626432419 0.275148302316666 0.277442157268524 0.277997523546219 0.27047598361969 0.259708046913147 0.251609563827515 0.239792704582214 0.229895025491714
-9999 -9999 -9999 -9999 -9999 -9999 -9999 -9999 -9999 -9999 -9999 -9999 -9999 -9999 -9999 -9999 -9999 -9999 -9999 -9999 -9999 -9999 -9999 -9999 -9999 0.0730596929788589 0.0631383061408997 0.0466704405844212 0.0398440733551979 0.0825282111763954 0.152706295251846 0.173514872789383 0.177827805280685 0.170781672000885 0.145887821912766 0.12673357129097 0.13304029405117 0.147483348846436 0.159529358148575 0.167688637971878 0.18167881667614 0.217753633856773 0.208146169781685 0.189661502838135 0.1952093988657 0.207865819334984 0.22067603468895 0.233108624815941 0.247030779719353 0.253412932157516 0.259103357791901 0.253893047571182 0.243398427963257 0.235358491539955 0.224028870463371 0.214017942547798
-9999 -9999 -9999 -9999 -9999 -9999 -9999 -9999 -9999 -9999 -9999 -9999 -9999 -9999 -9999 -9999 -9999 -9999 -9999 -9999 -9999 -9999 -9999 -9999 -9999 0.0654072165489197 0.0571339540183544 0.0422665514051914 0.0370050631463528 0.0761179029941559 0.135345354676247 0.163590103387833 0.168549612164497 0.165107265114784 0.145000532269478 0.127545475959778 0.13403631746769 0.144673258066177 0.153546884655952 0.15935692191124 0.170720472931862 0.206134527921677 0.170508697628975 0.158729925751686 0.172640740871429 0.188985764980316 0.203045830130577 0.21295702457428 0.225227400660515 0.230426266789436 0.239225402474403 0.242897018790245 0.231868714094162 0.223520830273628 0.211330726742744 0.202408134937286
-9999 -9999 -9999 -9999 -9999 -9999 -9999 -9999 -9999 -9999 -9999 -9999 -9999 -9999 -9999 -9999 -9999 -9999 -9999 -9999 -9999 -9999 -9999 -9999 -9999 0.0619855858385563 0.0533194541931152 0.0394000075757504 0.031568419188261 0.0638523399829865 0.115300998091698 0.155550226569176 0.168660864233971 0.170080736279488 0.155223801732063 0.144829034805298 0.143616139888763 0.151342391967773 0.156086876988411 0.155299365520477 0.165202379226685 0.190549343824387 0.155889466404915 0.148523256182671 0.158691123127937 0.176180899143219 0.187106266617775 0.195628896355629 0.206837892532349 0.21279764175415 0.221311002969742 0.232478365302086 0.224808946251869 0.216289028525352 0.203739419579506 0.193345278501511
-9999 -9999 -9999 -9999 -9999 -9999 -9999 -9999 -9999 -9999 -9999 -9999 -9999 -9999 -9999 -9999 -9999 -9999 -9999 -9999 -9999 -9999 -9999 -9999 -9999 0.0647279992699623 0.056413110345602 0.0389046296477318 0.0267268791794777 0.0555602051317692 0.091254822909832 0.124570205807686 0.156708627939224 0.172077015042305 0.158797845244408 0.148513466119766 0.144658476114273 0.149479329586029 0.152346193790436 0.148592114448547 0.157561972737312 0.182219803333282 0.148619920015335 0.139667153358459 0.150455221533775 0.164826735854149 0.174249351024628 0.179887622594833 0.190417975187302 0.197624027729034 0.207816660404205 0.223031178116798 0.220166623592377 0.212756365537643 0.199972301721573 0.190940976142883
-9999 -9999 -9999 -9999 -9999 -9999 -9999 -9999 -9999 -9999 -9999 -9999 -9999 -9999 -9999 -9999 -9999 -9999 -9999 -9999 -9999 -9999 -9999 -9999 -9999 0.0672203525900841 0.0536513328552246 0.0353370867669582 0.024995056912303 0.044251587241888 0.0686760321259499 0.0950437933206558 0.126682534813881 0.150432765483856 0.155356481671333 0.139118373394012 0.139622911810875 0.140864506363869 0.142208233475685 0.143786206841469 0.149452954530716 0.176773846149445 0.147853851318359 0.136370733380318 0.143468365073204 0.154687941074371 0.161499530076981 0.166123658418655 0.177493184804916 0.188018590211868 0.20078182220459 0.215974777936935 0.217082872986794 0.20652848482132 0.192380756139755 0.190254300832748
-9999 -9999 -9999 -9999 -9999 -9999 -9999 -9999 -9999 -9999 -9999 -9999 -9999 -9999 -9999 -9999 -9999 -9999 -9999 -9999 -9999 -9999 -9999 -9999 0.0536754764616489 0.0705697536468506 0.0534367226064205 0.032409880310297 0.0248420052230358 0.0385381169617176 0.0635567381978035 0.0833237618207932 0.107163868844509 0.128185272216797 0.143038183450699 0.143171221017838 0.142999365925789 0.145137876272202 0.14670817553997 0.14643432199955 0.150678068399429 0.172347262501717 0.153512552380562 0.13895857334137 0.141922309994698 0.149421140551567 0.152903616428375 0.157916516065598 0.172211840748787 0.190459474921227 0.207761585712433 0.215887844562531 0.20725092291832 0.193927630782127 0.171510741114616 0.158519148826599
