meets/meet004/_saidas_enm/CCSM_Gower_6k_Cavanillesia_umbellata3.asc
NCOLS 154 
NROWS 168 
XLLCORNER -112 
YLLCORNER -55.5 
CELLSIZE 0.5 
NODATA_value -9999 
[rows 78 to 103 of 168, columns 59 to 117 of 154]
-9999 -9999 -9999 -9999 -9999 -9999 -9999 -9999 -9999 0.450500487116493 0.290824897023108 0.175773039801378 0.0942368106274784 0.0595327807583022 0.124747561023825 0.240459420758917 0.405755211435671 0.640314729288837 0.646496895321312 0.597369072955966 0.556561831574965 0.541085046636145 0.527441608640401 0.531253089381209 0.536073030489488 0.537699159548838 0.535610509546452 0.531116139613182 0.536094947765652 0.537186162454637 0.538746008357589 0.541859722724539 0.541205259575102 0.538912446824454 0.534887770760965 0.540711390285552 0.552333391259145 0.568578077855545 0.595412171755754 0.623716156232352 0.631223427541829 0.617571691327311 0.599548651306143 0.589139581229693 0.578344327559315 0.572671295219035 0.576127981749949 0.580999904438462 0.573090911433582 0.564784795095551 0.562967786485615 0.563880740661804 0.564711206180433 0.5727389066952 0.578801188564221 0.569840594748788 0.549868959594538 0.541187725754171 0.542406898289834
-9999 -9999 -9999 -9999 -9999 -9999 -9999 -9999 -9999 -9999 0.437717446670406 0.225803085485434 0.0173125517965113 0 0 0 0.0407924060107674 0.277909995920558 0.556043806712618 0.618530989824233 0.560716417311713 0.539442579243655 0.529713168274769 0.536559328356363 0.538479148916302 0.538687429455843 0.538855993234336 0.531927211663205 0.532514860328339 0.529095101086961 0.526847185544454 0.52597647193687 0.518855482495385 0.518722916182591 0.515279114353422 0.51927151224656 0.525907664972915 0.539919977368088 0.570783619997469 0.600057716357845 0.612534306432965 0.610631939778783 0.59708603825169 0.576355124430188 0.554678406976654 0.544001771181578 0.547328016711325 0.551889865288783 0.548137893273558 0.540169435820421 0.537142859230217 0.536904292999977 0.53827990095118 0.544867437174045 0.549211839805566 0.545755950266512 0.529310554553246 0.527050949796785 0.551547557284703
-9999 -9999 -9999 -9999 -9999 -9999 -9999 -9999 -9999 -9999 0.577697369956532 0.287389782048904 0 0 0 0 0 0 0.242116851992525 0.560028911757347 0.589368119830252 0.586088089464403 0.546179418608385 0.557395485061035 0.55084633727945 0.542418679682695 0.547696625446801 0.539901779387273 0.541254673070452 0.536299110513913 0.529947218217799 0.516699353848811 0.499531883509943 0.508912079211958 0.506386279174095 0.506976318814809 0.499793562504136 0.500019509696585 0.52911635420324 0.574092597370239 0.589265015653264 0.597531889321612 0.601540202213461 0.564986832532185 0.529735882542793 0.514359917074325 0.51666959948602 0.522842567109454 0.519806293784948 0.516297138623218 0.515545309634825 0.516220760236588 0.513549642016162 0.520169854905307 0.521185089703592 0.519489489520404 0.507175566779931 0.504079253401935 0.535251464713302
-9999 -9999 -9999 -9999 -9999 -9999 -9999 -9999 -9999 -9999 -9999 0.433099903044683 0.139705290016064 0 0 0 0 0 0 0.227900057831877 0.211684856248001 0.302662112605445 0.420964437243358 0.541808595645468 0.57179247886087 0.546837202557241 0.563694775894357 0.567988171046807 0.574927180680147 0.559756440615755 0.548377256495658 0.537111245219751 0.523312659475166 0.527736229964828 0.522331163998974 0.517190168002895 0.509233134099758 0.498644964401196 0.513898458787103 0.530973079574224 0.54748874340319 0.57293988147602 0.571453890152139 0.547907164129947 0.513398346394646 0.496449650321482 0.495801695938905 0.495520490644129 0.496638670224394 0.493572775369073 0.496874048487192 0.507801072558438 0.508486884054388 0.50523010964848 0.493124467447548 0.49216980403066 0.494759230585386 0.504704626348465 0.53811731461164
-9999 -9999 -9999 -9999 -9999 -9999 -9999 -9999 -9999 -9999 -9999 0.564993736015204 0.403687681190626 0.0239250381719599 0 0 0 0 0 0 0 0 0.0448979206226932 0.189110894597902 0.399308388337113 0.549766319586068 0.633188261942864 0.619935097254024 0.602848445993561 0.594285249023588 0.584871207085937 0.566998174324104 0.551531617447493 0.567659544736332 0.562770663832121 0.537059706412772 0.521850710739077 0.490688196162013 0.494986240433649 0.494103173452228 0.517261233110456 0.544988579936839 0.550422204777694 0.533903087317332 0.503552043286222 0.48954703664977 0.490559747640497 0.47954372614483 0.488417035023575 0.483440219350756 0.486434650602587 0.502959081342019 0.514473621246422 0.498747377855269 0.475200253337146 0.479687981671578 0.501126929886733 0.514427262886537 0.564872597032182
-9999 -9999 -9999 -9999 -9999 -9999 -9999 -9999 -9999 -9999 -9999 -9999 0.55488741565832 0.20848329916112 0 0 0 0 0 0 0 0 0 0 0 0.0592173490348009 0.350716764009425 0.59545665328091 0.640352817032918 0.614280837419856 0.594879758514317 0.593309095984706 0.600008908705901 0.586135767504578 0.565841739134535 0.558368346458738 0.565260599236263 0.564463341711821 0.527257370688652 0.48504044617464 0.477613279026751 0.510337499154441 0.530976798869573 0.524856831204861 0.511016137723647 0.507810503628787 0.513156592196965 0.514365628849325 0.510654303418985 0.499981652583212 0.498973457879694 0.505718931322912 0.502187726053043 0.501527816792559 0.49516343829063 0.510419854980025 0.541670304325697 0.578088316062796 0.612949339404346
-9999 -9999 -9999 -9999 -9999 -9999 -9999 -9999 -9999 -9999 -9999 -9999 0.49035910790944 0.364863027896003 0 0 0 0 0 0 0 0 0 0 0 0 0.123800456180149 0.415355864777618 0.630887638235 0.612147218933634 0.584129305937886 0.585036216799101 0.62545804997934 0.599273564921776 0.578614460282891 0.588881633410131 0.62303033285712 0.641270922497962 0.571690198238774 0.487729762375881 0.454351344762706 0.487635717336343 0.519419088572727 0.521105390517544 0.52417925529147 0.529047015911378 0.540344906861705 0.552709438585318 0.545900604289191 0.53078578648701 0.529090186303821 0.527953410246811 0.515876991080764 0.530781934359684 0.53512859513481 0.556653618470897 0.594524195390867 0.621438264509414 0.620632691542664
-9999 -9999 -9999 -9999 -9999 -9999 -9999 -9999 -9999 -9999 -9999 -9999 0.404305635619107 0.485088129291703 0.196457998952552 0 0 0 0 0 0 0 0 0 0 0 0 0.263673857377513 0.51723414085919 0.602773682109412 0.542380689737345 0.545826218382212 0.572176894601579 0.562999267664104 0.583591096686538 0.602731208274896 0.640726059952354 0.641690482377246 0.584890355409349 0.481237998008251 0.442534744943178 0.447706956453793 0.498172348227927 0.518560861170958 0.535354276663305 0.552399674415542 0.566459009330483 0.57384420157372 0.578003436429654 0.577838060618603 0.579468167077712 0.57926447518101 0.58529401234786 0.587836180957038 0.60105560308398 0.617311639794816 0.622489607951692 0.621298041140799 0.620482188859329
-9999 -9999 -9999 -9999 -9999 -9999 -9999 -9999 -9999 -9999 -9999 -9999 -9999 0.549658041854288 0.42570135300401 0.191911516396194 0 0 0 0 0 0 0 0 0 0 0 0 0.344508969556926 0.571468542676358 0.544053044324603 0.531328537944002 0.53048678170735 0.518226921581414 0.552688451132992 0.575837743880755 0.620505599794809 0.645120955615039 0.557890948334305 0.458558133466316 0.430385002525966 0.446889375636909 0.49552699941099 0.532505030762059 0.559222854565158 0.581704665549827 0.597194209917958 0.601873410687166 0.608203490460789 0.613690077462649 0.619908372108263 0.624349749642353 0.629333187885708 0.627517012191753 0.625564701003617 0.624277167420382 0.622780580247833 0.621651316530202 0.621143353410435
-9999 -9999 -9999 -9999 -9999 -9999 -9999 -9999 -9999 -9999 -9999 -9999 -9999 -9999 0.573162422014235 0.442376162665663 0.260100135462077 0.045682254429495 0 0 0 0 0 0 0 0 0 0 0.0415954980086471 0.368522912900464 0.479537223104298 0.572895249931832 0.514898152244108 0.503896210937976 0.507591065203199 0.505751076661286 0.526708508960729 0.499526304566919 0.485971465499667 0.451719677639374 0.453045340767319 0.482583718764685 0.531925750511461 0.559793500737267 0.590978126978754 0.614378341490463 0.629368219479197 0.641311679236193 0.631288638322999 0.62375215585792 0.627633281592066 0.631987614144492 0.629522453600942 0.627614745738568 0.626168000378088 0.625057144241979 0.623540058068628 0.622619983761097 0.62181914574993
-9999 -9999 -9999 -9999 -9999 -9999 -9999 -9999 -9999 -9999 -9999 -9999 -9999 -9999 -9999 -9999 0.498919728395687 0.38224436254829 0.118705071348691 0 0 0 0 0 0 0 0 0 0 0.0550444783385144 0.279066583938404 0.441761438587865 0.561426271395454 0.542016995785009 0.49301249009115 0.477006236893012 0.480129780826242 0.441113442791974 0.472214456163804 0.478022401515135 0.487927947685189 0.534447964085953 0.556718174811597 0.571188624694574 0.596443093686512 0.617426472498747 0.633558069405935 0.649411352003728 0.636727984658267 0.618532454215781 0.621292832284778 0.630138698941075 0.631171276000042 0.629541989709659 0.627915293952344 0.626897406593147 0.625531179770727 0.624795854861189 0.624414046064075
-9999 -9999 -9999 -9999 -9999 -9999 -9999 -9999 -9999 -9999 -9999 -9999 -9999 -9999 -9999 -9999 -9999 -9999 0.38158827816622 0.219608353101882 0 0 0 0 0 0 0 0 0 0 0.0436930746232677 0.254385106642404 0.373288419038914 0.536535530011277 0.549501147850923 0.486611051467709 0.50736843881017 0.529652729725349 0.532833125744627 0.525157164304289 0.558918935002358 0.564897038115903 0.570872086093983 0.580590464449256 0.579906008271442 0.594634105752115 0.624714749235827 0.635348129323613 0.625820975018119 0.607687658537816 0.603327829038101 0.613641752541547 0.617059032252693 0.622789074349498 0.627278166641545 0.629538652714376 0.628138424317256 0.627328777831116 0.627054483885984
-9999 -9999 -9999 -9999 -9999 -9999 -9999 -9999 -9999 -9999 -9999 -9999 -9999 -9999 -9999 -9999 -9999 -9999 -9999 -9999 0.300655373420999 0.0609308841045876 0 0 0 0 0 0 0 0 0 0 0.222016619529304 0.36663645326059 0.540282991272163 0.605004405090376 0.604722143619395 0.610073640500903 0.601861736592299 0.606032163892192 0.599144404723247 0.592187637722478 0.586748875631921 0.587877909636562 0.58247946583072 0.592373057122866 0.614349907887895 0.623908357623098 0.609501063405424 0.589569038889802 0.588214843885225 0.596668006301451 0.605524630187994 0.612199937029382 0.616870979971335 0.633095337568617 0.632722391353944 0.63206672588838 0.63195063334634
-9999 -9999 -9999 -9999 -9999 -9999 -9999 -9999 -9999 -9999 -9999 -9999 -9999 -9999 -9999 -9999 -9999 -9999 -9999 -9999 -9999 -9999 0.353694172233212 0 0 0 0 0 0 0 0 0 0 0.0924365054675093 0.342646839575659 0.513886759071623 0.649593689270282 0.627765931059837 0.619595236382134 0.639578079388242 0.63924231578887 0.618897575841884 0.607502046909039 0.601424206419782 0.609144728128612 0.607515836596121 0.61457542418637 0.621525548508366 0.598592120682037 0.571278020614925 0.570378482468387 0.595533135249376 0.617656626037126 0.614330626732506 0.607841297617784 0.620134742635141 0.63702949820558 0.637206100564792 0.636865830843966
-9999 -9999 -9999 -9999 -9999 -9999 -9999 -9999 -9999 -9999 -9999 -9999 -9999 -9999 -9999 -9999 -9999 -9999 -9999 -9999 -9999 -9999 0.571183653402691 0.29754593178318 0 0 0 0 0 0 0 0 0 0 0.0131845727346149 0.300179598485657 0.563878676929142 0.616681341265799 0.608827443293096 0.642869785364231 0.646935989239377 0.630196597483915 0.61722938980284 0.59915284981315 0.605106180302999 0.602350061496737 0.603513496823487 0.602392535331253 0.580205441785206 0.564794491829854 0.570086650615472 0.596761399060387 0.622208443100502 0.622330475729547 0.612255827973484 0.617430499575506 0.637509794795755 0.643649437792047 0.621632693156668
-9999 -9999 -9999 -9999 -9999 -9999 -9999 -9999 -9999 -9999 -9999 -9999 -9999 -9999 -9999 -9999 -9999 -9999 -9999 -9999 -9999 -9999 -9999 -9999 0.297280625394202 0.0292215854197584 0 0 0 0 0 0 0 0 0 0.0530716002130653 0.348223984131117 0.555816112857501 0.580324829653998 0.635839967255859 0.648136275180293 0.626371220142483 0.610942390787073 0.602784983626784 0.583716267606025 0.573086395146373 0.581822511271767 0.574162334158032 0.56841283487647 0.56226789480013 0.573529655452781 0.608091830605213 0.630682441778186 0.624362196970516 0.621677235066269 0.6229075680323 0.630811784485691 0.634155515239305 0.625321739532696
-9999 -9999 -9999 -9999 -9999 -9999 -9999 -9999 -9999 -9999 -9999 -9999 -9999 -9999 -9999 -9999 -9999 -9999 -9999 -9999 -9999 -9999 -9999 -9999 0.456310960046533 0.24174931467245 0 0 0 0 0 0 0 0 0 0 0.204820854879609 0.495104778622848 0.540745262439623 0.581654802801612 0.599927065849333 0.611990407005311 0.607709990508931 0.594390191684893 0.580494208783243 0.567606279113656 0.554318033823737 0.555540752169702 0.576559021514496 0.589991169192494 0.604116617714074 0.620679496291198 0.630799197845943 0.623535914039253 0.616337697382408 0.618339154531374 0.631611815282623 0.644314491861777 0.641732432622054
-9999 -9999 -9999 -9999 -9999 -9999 -9999 -9999 -9999 -9999 -9999 -9999 -9999 -9999 -9999 -9999 -9999 -9999 -9999 -9999 -9999 -9999 -9999 -9999 -9999 0.387705494161063 0.093762656567601 0 0 0 0 0 0 0 0 0 0.108406531360949 0.404184244920169 0.503547659830989 0.510068912897457 0.527127461015392 0.578211445905568 0.623874554584853 0.600170855724056 0.58686661012058 0.576929224233693 0.549701458471859 0.546422235461881 0.582664137916247 0.61590084863479 0.62347269829282 0.638809215508781 0.631802652715754 0.614401283624723 0.599399371922843 0.602833170316235 0.63036945400312 0.660354413106313 0.656223867797487
-9999 -9999 -9999 -9999 -9999 -9999 -9999 -9999 -9999 -9999 -9999 -9999 -9999 -9999 -9999 -9999 -9999 -9999 -9999 -9999 -9999 -9999 -9999 -9999 -9999 0.456747814928482 0.189386067505054 0 0 0 0 0 0 0 0 0 0.0768397318511987 0.362111608551799 0.464090983793801 0.468532619432302 0.482510129849567 0.500847318575679 0.541613319407672 0.584366025479668 0.600768966797244 0.60287576834325 0.566052676313611 0.554369439798738 0.582032114731402 0.61526864322162 0.630703149532713 0.649496576136062 0.628950379757348 0.595350448083957 0.574721025452234 0.579666075923718 0.618799583640761 0.654618734829942 0.660475539670086
-9999 -9999 -9999 -9999 -9999 -9999 -9999 -9999 -9999 -9999 -9999 -9999 -9999 -9999 -9999 -9999 -9999 -9999 -9999 -9999 -9999 -9999 -9999 -9999 -9999 0.507797631973764 0.248106220673398 0 0 0 0 0 0 0 0 0 0.0608714860263496 0.33252894036962 0.441570783287918 0.444176149679853 0.445512306533962 0.446040579305489 0.432094948562643 0.52629101805781 0.596702159238562 0.618727218291737 0.583031297379261 0.534212718655132 0.589345740777345 0.623911344668703 0.64766832745619 0.648168760698119 0.628407700655985 0.588326741326451 0.546866159928172 0.550533119478279 0.606700048470955 0.65297075437045 0.655063100989555
-9999 -9999 -9999 -9999 -9999 -9999 -9999 -9999 -9999 -9999 -9999 -9999 -9999 -9999 -9999 -9999 -9999 -9999 -9999 -9999 -9999 -9999 -9999 -9999 -9999 0.513486904854956 0.232022176702332 0 0 0 0 0 0 0 0 0 0.0973122070253316 0.365682375873285 0.411949252473107 0.422944685012379 0.424706568351965 0.404193326182767 0.403308665217625 0.454116630659792 0.519707333962271 0.564712401668223 0.585873345515262 0.593191113111049 0.614149042180487 0.637090959374046 0.639555543309455 0.632298806067342 0.618534894868362 0.586576123866388 0.560459918764612 0.561425341571617 0.595060582792258 0.630382640006666 0.638789676248982
-9999 -9999 -9999 -9999 -9999 -9999 -9999 -9999 -9999 -9999 -9999 -9999 -9999 -9999 -9999 -9999 -9999 -9999 -9999 -9999 -9999 -9999 -9999 -9999 -9999 0.526332684149859 0.192082402980903 0 0 0 0 0 0 0 0 0 0.136582019141902 0.379636944305312 0.392010375771368 0.416088164036599 0.421923605607117 0.387240113822393 0.366515535978188 0.410540303695741 0.469641766438148 0.519039853279112 0.58557879546653 0.637386445726225 0.626016105191962 0.622273242426525 0.619566436681679 0.614406408995143 0.613342894633016 0.590705027674364 0.568557488899149 0.56518063438626 0.583167263326712 0.606982676039823 0.604311503822659
-9999 -9999 -9999 -9999 -9999 -9999 -9999 -9999 -9999 -9999 -9999 -9999 -9999 -9999 -9999 -9999 -9999 -9999 -9999 -9999 -9999 -9999 -9999 -9999 -9999 0.51701632157154 0.141353820906719 0 0 0 0 0 0 0 0 0 0.190741261829521 0.393390101513849 0.393704116306882 0.412431034052772 0.413497674826059 0.388187471480559 0.382097391010616 0.435330204188318 0.513149552102197 0.558369143450598 0.571794338508545 0.568995967254394 0.591632497253801 0.603647624721959 0.604253294258604 0.600752821772428 0.596223893926509 0.580737225424671 0.560245527954141 0.551203389632949 0.556123884547626 0.558059379280822 0.552548579061476
-9999 -9999 -9999 -9999 -9999 -9999 -9999 -9999 -9999 -9999 -9999 -9999 -9999 -9999 -9999 -9999 -9999 -9999 -9999 -9999 -9999 -9999 -9999 -9999 -9999 0.522149032481192 0.0991515800064762 0 0 0 0 0 0 0 0 0.0200597597589267 0.237915890118409 0.399189811282622 0.402608242204232 0.426165727616542 0.427269162847388 0.396673840811038 0.390937757559127 0.468154181130547 0.55426928448827 0.589452918903624 0.564135113897277 0.528960276630561 0.562858731432705 0.584761586147207 0.589596485431989 0.597860502672869 0.584065949404716 0.566939595422358 0.54818969774449 0.53332845618592 0.52770023249913 0.513733215808028 0.503648877797271
-9999 -9999 -9999 -9999 -9999 -9999 -9999 -9999 -9999 -9999 -9999 -9999 -9999 -9999 -9999 -9999 -9999 -9999 -9999 -9999 -9999 -9999 -9999 -9999 0.415256770386897 0.489175244468352 0.0802681439569393 0 0 0 0 0 0 0 0 0.0894090772337851 0.302478255822345 0.415121412909827 0.415851324622057 0.444737896109521 0.442832155739117 0.401068321097793 0.403095868390874 0.461280524829767 0.539110897797715 0.57216746353123 0.559763879206453 0.545494138440342 0.556336282878446 0.582280528886812 0.586581712528825 0.58174746012497 0.568234972859604 0.555828997559246 0.54189970514954 0.527981304961929 0.516450293892409 0.496068688212168 0.480461993600089
-9999 -9999 -9999 -9999 -9999 -9999 -9999 -9999 -9999 -9999 -9999 -9999 -9999 -9999 -9999 -9999 -9999 -9999 -9999 -9999 -9999 -9999 -9999 -9999 0.409465055703913 0.472834269647127 0.0656442246693715 0 0 0 0 0 0 0 0 0.151591838562376 0.348363571366863 0.405946442611887 0.411941415386479 0.443447964783321 0.432440710198119 0.385736323013628 0.38005735751172 0.423119226229826 0.494588807159218 0.534438533015604 0.535563354194706 0.531042152202133 0.548877103224161 0.568719676742758 0.572996202234161 0.558174943100593 0.548700171031132 0.543428468369934 0.539013399126782 0.529324900406735 0.514626909347589 0.494203461594672 0.482148561208859
