meets/meet004/_saidas_enm/CCSM_SVM_21k_Aralia_warmingiana1.asc
NCOLS 154 
NROWS 168 
XLLCORNER -112 
YLLCORNER -55.5 
CELLSIZE 0.5 
NODATA_value -9999 
[rows 50 to 74 of 168, columns 56 to 111 of 154]
-9999 -9999 -9999 -9999 -9999 -9999 -9999 -9999 -9999 -9999 -9999 -9999 -9999 0.0982928008645573 0.097710040067815 0.0894374544374998 0.0706961764137555 0.0368491459362392 0.030661633352414 0.0816896336245094 0.119839901313539 0.178134845006945 0.16963538222644 0.107195883995756 0.010288070607135 -0.0142712584532944 0.00361127355251967 0.0583504230425655 0.0815628632863706 0.0928644257254744 0.0955738427278355 0.0933564839917129 0.0828020906783878 0.0550124877257295 0.00853122435332493 0.204304306730018 0.399325095356089 0.607168366563708 0.623260582580561 0.573808872832101 0.540512921711943 0.528481676716342 0.520430975064763 0.418754224212387 0.226399852844005 -0.0102337599843944 -0.0264324461144443 -0.0546954617917964 -0.0540438372044438 0.00916136676003892 0.0574465284979481 0.0153633730329847 0.0404563572017919 0.0984975488435547 0.195948994759458 0.25053199170438
-9999 -9999 -9999 -9999 -9999 -9999 -9999 -9999 -9999 -9999 -9999 -9999 -9999 0.0982179157480402 0.0950908429131184 0.0806382944297415 0.0706407347434003 0.0557551701153922 0.0551001682599805 0.0443667222979615 0.0315589814021006 0.0703754442708587 0.135476498202632 0.111495006846088 0.00905429975008748 -0.0303856259336942 -0.000876589323373145 0.0547864945242653 0.0793440996379954 0.0897389237279063 0.0928331755865104 0.0891797227458616 0.0745833150397895 0.0258457470344322 -0.012138088348614 0.182941700704592 0.441626222022876 0.619570216747811 0.636444512147418 0.584217729149351 0.558150737480466 0.49729381382647 0.460394580583969 0.37628744431037 0.266241580733225 0.178941291156244 0.152539161344531 0.212735059330327 0.203527609510578 0.155374817378097 0.130601660787404 0.0782123208485231 0.0902167525561426 0.128244521154533 0.189647689203607 0.242406535582242
-9999 -9999 -9999 -9999 -9999 -9999 -9999 -9999 -9999 -9999 -9999 0.0981606106533001 0.0973927834784095 0.0969274504122669 0.090276793526349 0.0715651614183057 0.0694610882451924 0.0772031363753152 0.0782865125639446 0.0300146721742747 -0.0181649150667628 0.0173652016560387 0.0319295789181362 0.0165066586927167 -0.00860504552722008 -0.014109259714828 0.0281239421828834 0.0595772908099809 0.0681894922950625 0.0737769952397144 0.0815307690628557 0.0762424603414723 0.0668245186116002 0.016743146250746 0.0218929136820859 0.242555095182277 0.448808726887234 0.626271617282723 0.6195928661565 0.563849998581337 0.531939831009759 0.443626473910942 0.421649114541511 0.361967214775941 0.284999302920102 0.30564355498071 0.268649958112017 0.333884821714244 0.326842564464161 0.219525027964102 0.165611013804877 0.131886709441302 0.135115834533357 0.163373367273465 0.207205448579445 0.25094105569768
-9999 -9999 -9999 -9999 -9999 -9999 -9999 -9999 -9999 -9999 0.0978608179842584 0.0961980304709368 0.0916946501177847 0.092518505619911 0.0915065064330094 0.0786252079659431 0.0605273083372056 0.058763961687191 0.0415407567788869 0.0082051664781857 -0.0248031992699772 -0.0253599122311514 -0.0180684179511851 -0.00881209990783072 0.0143846809199625 0.0346208310745917 0.047493617336303 0.0539704975611422 0.0610427828492546 0.0707938112615712 0.073969363683584 0.0675644223219312 0.0607954822552904 0.0371613977955833 0.062210322769272 0.266094615528569 0.413331686153255 0.561913467671552 0.590745256110254 0.550870491372187 0.515488652623901 0.447286811775205 0.416239645075086 0.374245115146098 0.299937719115265 0.304702533285045 0.271855110367031 0.283055461180491 0.235384836072552 0.134049784756931 0.105684713292715 0.0646126313107632 0.109527318507274 0.135076394931252 0.157463871262178 0.216802842929792
-9999 -9999 -9999 -9999 -9999 -9999 -9999 -9999 -9999 -9999 0.0872372720887234 0.0781093625587525 0.0777723527432205 0.0841691040382076 0.0909023415043503 0.0893940064041291 0.0664121939142042 0.0540486811723313 0.0464926618486866 0.0285808307361425 0.0137343093713576 0.0257169236478335 0.0312890625387501 0.0410254517095908 0.0464968232770715 0.0485127152065746 0.0535384410985961 0.064574280117793 0.0746542518498174 0.0821312265050274 0.0826162411764922 0.0697474730491389 0.0576388149840472 0.0526224667520994 0.0672612530214407 0.257291649662918 0.402290250200083 0.466622769897957 0.540692373730113 0.539145204406475 0.521400058470627 0.460119042101009 0.419228167564145 0.374343253320783 0.304432879856334 0.274417389311591 0.162668306321055 0.118278135408641 0.0410616213471979 -0.0273783666396967 -0.0208858559896014 -0.0221779785192143 0.0289672655721892 0.0667568151615842 0.0977619847825752 0.139929208262208
-9999 -9999 -9999 -9999 -9999 -9999 -9999 -9999 0.0953334899271961 0.0777726052993072 0.0565890695715955 0.059299365373881 0.0679509433043054 0.0748779369205507 0.0839219810975039 0.0904062732185413 0.0789713558836139 0.0632857372982811 0.0609699205974595 0.0558869733437913 0.0511267182072894 0.0515669400116581 0.0538899560680324 0.0560527755350567 0.0564192721576867 0.0614158350371205 0.0715727935656806 0.0830286867508422 0.0896279719873186 0.0902570330212522 0.0885165612532486 0.0743590764404427 0.0571064297853222 0.052993921709802 0.0472945506667027 0.134798221019062 0.280515219009735 0.375644066310435 0.405065878630381 0.426311115640818 0.424798387522626 0.393544251728648 0.377112176083507 0.316228262122845 0.187876769786565 0.0971721884605409 -0.0257652106353397 -0.0902486464449833 -0.121069303975543 -0.127258595509141 -0.105074579720494 -0.0851216930457939 -0.0479402228145556 -0.0272271096411262 -0.00609552026423221 0.0281515179640409
-9999 -9999 -9999 -9999 -9999 -9999 -9999 -9999 0.0780946529482412 0.0569900959729928 0.109215685274618 0.0742687555457114 0.0649239375214123 0.0704390099243742 0.0745424773917899 0.0789814984845733 0.0800620140754907 0.0785475028283294 0.0736520870495883 0.0675466806844968 0.0644235749319184 0.0655043324927626 0.0669545513489379 0.0685912765817733 0.075333423955386 0.0835413037613072 0.0893345979775078 0.0936367273710892 0.0950422612876629 0.0951326988085638 0.0933663690692374 0.082292105903717 0.0596357630215698 0.0507860780475068 0.0394888634099474 0.0501731276564922 0.104981879439014 0.191807420876545 0.220846805399529 0.203763023555339 0.21282854367642 0.176704471568236 0.126401017237583 0.0440970776350655 -0.0682983351517787 -0.133017303556191 -0.147026031312151 -0.113432059347276 -0.0712517467597433 -0.040311833346941 -0.0245681652326097 -0.023277092406191 -0.0279834830804445 -0.031604005276518 -0.0338564237204306 -0.0267615427854057
-9999 -9999 -9999 -9999 -9999 -9999 -9999 0.0877099406466065 0.0605204111656343 0.0985412606979557 0.253788862442728 0.117709591117159 0.0655448989407977 0.0708312326994809 0.066993733257635 0.0679579556634249 0.0682005926148048 0.0778585035249769 0.0802292934367685 0.082769847416181 0.0829445880578243 0.083379548954739 0.0838290844222917 0.0859367360396918 0.0900373138137761 0.0917054466682483 0.0919256185658111 0.0915953647382914 0.0923651752148578 0.0931738296463732 0.0938872269206098 0.0862487918560368 0.0668734479164774 0.0517402441190137 0.0392611505378814 0.00204165876247414 -0.0223125878456188 -0.0139632292184992 -0.0125109680089741 -0.0698779755989385 -0.117930462136615 -0.161332722160213 -0.16528124267069 -0.149456479318909 -0.105934297217667 -0.0544187829360592 -0.0203125786448293 0.00209355766781744 0.00949284010497758 0.0230635863343334 0.0277801498496423 0.02933734219645 0.0309175889910203 0.0292762200081482 0.0253825776300908 0.0229427977961073
-9999 -9999 -9999 -9999 -9999 -9999 -9999 0.0780843600442023 0.0642538781600792 0.244044883704795 0.405605851466563 0.136521107934784 0.0615791792228347 0.0737912908604407 0.0637812302693752 0.056877249746767 0.0601151445691288 0.0691381293900717 0.0724336226186617 0.0746379335468474 0.0755786442887872 0.078195322835523 0.0815385474490558 0.0806011870255908 0.0803236422624584 0.0813176625442462 0.0809466686236532 0.0828179624587896 0.0828011381356806 0.0812463371149648 0.0821509581710912 0.0830605044083251 0.0749647326867942 0.0598714730692327 0.050033845898968 0.0280415140565872 -0.0162332886207732 -0.0741256626655301 -0.0999682382300222 -0.104876822733643 -0.0967511996375852 -0.0501736181778165 -0.00645892582516627 0.0351037365218229 0.0482169329006618 0.0488292639157271 0.0531894809444207 0.0496640198775199 0.0484558629203445 0.0505858639158807 0.0499189914662138 0.0486658608378727 0.0474554168036375 0.046443150886409 0.0453231532154199 0.0438811516051315
-9999 -9999 -9999 -9999 -9999 -9999 0.0921641951437758 0.066272596532009 0.137285750522984 0.427448801829474 0.537539427882475 0.148692927110173 0.057420385850367 0.0794674050342865 0.0653380032339254 0.0565751286243688 0.0576030895787211 0.0632697088483533 0.0663956976675639 0.0683706768380206 0.0677522785684833 0.0674058477006508 0.0688642961520894 0.0682945083128111 0.0686348991509428 0.0689602564168202 0.0691214072561859 0.0686227909861092 0.0699232589806901 0.0732317853249241 0.0755154113215764 0.0783875029881991 0.0795176693054185 0.0725301843144421 0.0637061798908212 0.0571013442005572 0.044442995632111 0.0284463089683513 0.0228029208237706 0.0319637647757872 0.0519013442759476 0.0645313852907087 0.0686409893648672 0.0660893317068161 0.0655625988095896 0.0625575386772429 0.0590266811255977 0.0554787506184653 0.052463949255833 0.0549305456267986 0.0522250313666037 0.0510428559356363 0.0502737469351408 0.0520554801258414 0.0538103541203643 0.0556597853395286
-9999 -9999 -9999 -9999 -9999 -9999 0.0751199697104354 0.0364317897473082 0.2055140163949 0.437763366700373 0.461846957297172 0.106172290192759 0.0479116524101132 0.0776825581838658 0.0642108813626842 0.0523962017601848 0.0532544988391496 0.057252467733565 0.059469724206231 0.0635038197171792 0.063254515070963 0.0619208937495929 0.0612056621146547 0.0604135665501773 0.0607577075009125 0.0614499138889167 0.0614775065059868 0.061934422017388 0.0629967276614705 0.0649467595850827 0.0672354655987223 0.0689747125425121 0.0708407509020316 0.071962664055858 0.0716276664543899 0.0693543580985577 0.0673805780123897 0.0675660867799777 0.068009288110104 0.0662310545241814 0.0634449445136367 0.0630472208385136 0.0614697397538734 0.058196315931591 0.0598944248925126 0.0583473962718147 0.0586657579698158 0.0545328780106486 0.0488377136948988 0.0470176256667487 0.0466281572956242 0.046532164978358 0.0476212693188519 0.0484084028026923 0.0474935406709433 0.0475515650701341
-9999 -9999 -9999 -9999 -9999 -9999 0.0458132627493772 -0.00233675911492481 0.183916289047884 0.36022994202891 0.358578215589127 0.0655701251627932 0.032348539715017 0.0706872910915043 0.0545565989445758 0.0422296861720736 0.040399501009248 0.045286644068799 0.0473061585369969 0.0560918484632187 0.0598331337200984 0.05753158024246 0.0567803511458913 0.0559028174703716 0.0568933140580922 0.0584085619785242 0.0583359457489757 0.0590999590837969 0.0599807640040291 0.0610572878266351 0.0629324514873692 0.0633261014653604 0.0646647963289571 0.0646060744350789 0.0640622526114512 0.0639518599532872 0.0608553496510227 0.0583816400996602 0.0551037842481131 0.0526361963163847 0.0507938581573288 0.0511919508770678 0.0527387038671326 0.0516172855435574 0.0549732022038925 0.0527814479382879 0.0515038354611425 0.0498315965632988 0.044725452247124 0.0430839802072968 0.0395182311028459 0.039206309141012 0.0340054200761808 0.0304808557324435 0.031970660294439 0.0281947977199922
-9999 -9999 -9999 -9999 -9999 -9999 -9999 -0.0614408898163934 0.124855791732561 0.282828031460724 0.327957299919983 0.0686593091612882 0.0025383914615027 0.0496703885681739 0.0366094998194949 0.0172621245424281 0.015549907475678 0.0223187236509085 0.0263888222693335 0.0382362392628239 0.0451829140055982 0.0453448209336114 0.0459873522541193 0.0435609834552275 0.0432401900971413 0.0460157891982908 0.0453396414634259 0.0461709739975934 0.046436486435362 0.046794636353962 0.0498215552314232 0.0512801296129546 0.0543795156872916 0.0544450741052157 0.0539632632662388 0.0533026992657875 0.0511684644702736 0.0490537067015291 0.0466316463946903 0.0453288371755635 0.0449214576053325 0.0467886314678876 0.0477718223647645 0.0454987867005514 0.0451137316822627 0.0420114851769634 0.0378176820985591 0.0327055566836804 0.0232263680803079 0.0159312476707804 0.0101202800243529 0.0042615390733135 0.00174751417134389 0.000912558874879621 -0.000861023126584926 -0.00186955209314249
-9999 -9999 -9999 -9999 -9999 -9999 -9999 -9999 0.0643128790556407 0.204929008919805 0.468858791179794 0.10422307666204 -0.0237355448304865 0.0203369898294384 0.0045409581857993 -0.00579542001074218 -0.0131246688163958 -0.00331761910879103 0.0026855427210572 0.0209248769171098 0.0283414096506899 0.0276985258863199 0.0243833601789682 0.0203126136338384 0.0203180771099326 0.0196870020492497 0.0196424569383795 0.0172994063576824 0.0175905985783484 0.0195635967385241 0.019877169181998 0.0268815532508221 0.0317185053098132 0.0342002849590852 0.0369973386978411 0.0363799312204833 0.0375432911693014 0.0367313038521936 0.035506170638367 0.0356506849072138 0.0343204393111872 0.0345284590819072 0.0331429466947873 0.0290102256963469 0.0250077023020912 0.0154445369269179 0.00727697630058427 -0.00532148013729528 -0.0143252989625945 -0.0205633931325203 -0.0286170366482638 -0.0280907616978974 -0.0332655934780548 -0.0302502699393955 -0.016909286406165 -0.00141583382428978
-9999 -9999 -9999 -9999 -9999 -9999 -0.0682907304436869 -0.035688937369929 0.0383664687320588 0.120096471769809 0.226823069748069 0.0738761903477841 -0.0436057129725116 -0.0346367337088207 -0.0317473736678686 -0.0148326075344869 -0.0174045039075151 -0.0255573074196813 -0.0187074487025706 -0.00605577626627207 0.000852127534479108 -0.00102961430882403 -0.0023592487462249 -0.0116280218769143 -0.0220009156229269 -0.0265265825715028 -0.0310813340119472 -0.0277260869915155 -0.0226762557217913 -0.021642207288192 -0.016047492337005 -0.0110042320304217 -0.00251282513685402 -0.00100359168726089 0.00158972494346632 0.00710663215663893 0.00871616172946132 0.012967812325437 0.013750632821472 0.0121419831861745 0.0130265448498861 0.00855481811891723 0.00570367790960408 0.00184300636857687 -0.00438751946520621 -0.0103315929940163 -0.0288566134760702 -0.0472220733924267 -0.0579695498547744 -0.0661198012883668 -0.065415998263753 -0.0672568386460036 -0.0648050306236377 -0.0576410015819652 -0.0552096524389157 -0.0533542027970851
-9999 -9999 -9999 -9999 -9999 -0.0265588616230654 -0.0589266438882016 -0.0200169355571181 0.0196062666076615 0.0508542240867426 0.100041862223939 0.0830760657290093 -0.00830925596938636 -0.00502351847939653 0.0718802186267098 0.181352988246431 0.0512213271568162 -0.0326720065053459 -0.0395971810469568 -0.0189463021501006 -0.0184577827276444 -0.0249796595044591 -0.0283701771808749 -0.0420619040655505 -0.0546897757331519 -0.0604966186129252 -0.0548056125302077 -0.0489068697059359 -0.0350865079957722 -0.00910037340993419 -0.00799489853042368 -0.00266050746830748 -0.00181511661385364 -0.00812219392729663 -0.0100527360699949 -0.0162883377660059 -0.00855292084522064 -0.00213484833365601 0.00407768833703448 0.000830186571902369 0.000229433105704169 -0.00261703164788518 -0.0148392363350306 -0.0109019926545126 -0.00606644229724163 0.00337418502717091 -0.0249123430881941 -0.0599374490858392 -0.0698981309948404 -0.0644172080599167 -0.0502253318002237 -0.0649255187270904 -0.0667104402348471 -0.0595406678614951 -0.0651410285017772 -0.0820432194965722
-9999 -9999 -9999 -9999 -9999 -0.0481672199075779 -0.0463978898430474 -0.00164188791791942 0.0323266985071032 0.041975305465704 0.0667902853142031 0.112891432377853 0.155534411052131 0.208449270823169 0.247200983409706 0.231708426993337 0.114234015981096 0.0108340837392748 -0.0309227302596521 -0.0318671272302504 -0.0222844186749678 -0.0246679624946831 -0.038919877479929 -0.046347259362057 -0.0452002034015863 -0.0360427532233644 -0.0225626543144196 -0.00279233258170791 0.0309304502611821 0.0681319423606974 0.0952899353861998 0.10287658754071 0.0885671595877925 0.0681512949744706 0.0387619184920189 0.0226458860636097 0.0248120294757725 0.0351346098942787 0.0440563338386943 0.037142058241319 0.0322775162315799 0.0242274004532898 0.0220632591236591 0.0188795995944461 0.0175262735145856 0.00791367815921079 -0.012038395192982 -0.0348265464068209 -0.0384073307480227 -0.0317942341200237 -0.028063700403712 -0.0237812603233912 -0.0278479085835894 -0.0319832916122011 -0.0330465595467996 -0.041517691576943
-9999 -9999 -9999 -9999 -9999 -9999 -0.00464812529509784 0.0565641180819707 0.0997157012209927 0.0451025761003955 0.033079850888561 0.070562289395438 0.25137075672702 0.328001668181751 0.257537660994364 0.260817106071684 0.125213177317925 0.0496244332460929 0.0220789060401225 0.0199777025947218 0.0737033449615818 0.0594323729259608 0.0631488888777359 0.072356063886021 0.0869294340414686 0.130036677893622 0.143580566356798 0.182600228076311 0.192209624117595 0.208023250686826 0.25614920802601 0.238926738955091 0.230523931182038 0.203763032999912 0.157204310478351 0.127543795343496 0.127074234832466 0.132823284045275 0.128283473425364 0.0987816106892107 0.0785196942758285 0.0662415512083245 0.0573258583436966 0.0541036476720905 0.0382942928344848 0.03381371894529 0.0265002570190299 0.0168629341508521 0.0203745967999681 0.0265506520289794 0.0193598806414255 0.0342220221669909 0.0319363602666168 0.0347971303699751 0.0544928773574084 0.0627982713250813
-9999 -9999 -9999 -9999 -9999 -9999 -0.00135088816042322 0.134418402473181 0.18347973407627 0.117558403597701 0.0827211241219508 0.0151696355655294 0.015910351911612 0.0597770261720285 0.0835215044886922 0.0740188430475079 0.0637063553671872 0.0833297954480057 0.092576385980756 0.0966736278186524 0.153967160360394 0.186745059324879 0.22282927750361 0.256872806676738 0.280395760893817 0.318926867250901 0.361144317495984 0.415754760469435 0.424628850239261 0.412564342586575 0.390752636781227 0.386459020721183 0.376722957447202 0.352621642937184 0.314267497631509 0.276394297689465 0.275128740511243 0.26953193334546 0.247518642907678 0.199606780989262 0.154921565172553 0.13283677923369 0.114003205631062 0.10547261190694 0.0930967977895578 0.0862408217725389 0.0891998832649569 0.0969127129145705 0.112470254458411 0.128545347854034 0.133038363394601 0.127558718783486 0.111469736111618 0.111906056629233 0.131806785477795 0.138543795863993
-9999 -9999 -9999 -9999 -9999 -9999 -0.0289163332731052 0.0843498221057504 0.148945894142884 0.0897690151682795 0.0978378754012836 0.0366206273966539 3.23701759747386e-05 0.00839112476313408 0.00777889020366263 -0.00487154115772348 0.00295330085211953 0.074574664492021 0.104433709001729 0.133054409781094 0.218649900833921 0.298075347489808 0.355276471009021 0.407144425135154 0.433979666061102 0.474933401748074 0.517998979473195 0.582876181968364 0.591551858547358 0.569718378302525 0.550926653004143 0.536025545236458 0.526902747901326 0.515141939530711 0.487404906044929 0.454856818530991 0.445924164100143 0.434614324661481 0.400889257615674 0.321966401816654 0.262441762357657 0.227287443709274 0.194891498790063 0.182067605129258 0.158793294852114 0.158460442603181 0.173910667765445 0.195075079416735 0.215730096121893 0.22928395663653 0.237720320771241 0.214180058073379 0.185611809139808 0.174756214737447 0.180057990932399 0.169989567902887
-9999 -9999 -9999 -9999 -9999 -9999 -9999 -9999 -0.055376833609878 -0.0117084326961444 0.121391498069597 0.0285704404835815 0.0189984508723088 0.0369220631799762 0.0305515225793173 0.0189566040237484 0.00391745944931937 0.0241414024205307 0.0536895214877027 0.154679983814908 0.293124753155844 0.401144132557642 0.478772314239769 0.519910850332561 0.519586740741177 0.57308719538544 0.613274210374032 0.650279561731774 0.662351984367002 0.661836661027882 0.6664453366214 0.660621341179679 0.669465209931863 0.668672164706652 0.655475092416451 0.641340613697789 0.62763957190812 0.603828197655722 0.560552716431896 0.491895445839256 0.420053283594485 0.366165556266992 0.32493966495856 0.302183320321138 0.275267955428715 0.274137449235578 0.280875184264926 0.300091988395534 0.318398145708792 0.321772343458994 0.309251786726949 0.282323561790346 0.251803884619895 0.226619982026777 0.205513792160931 0.182914338483554
-9999 -9999 -9999 -9999 -9999 -9999 -9999 -9999 -0.0348989225670102 -0.0472878896242318 0.10544998997559 -0.00246175545266164 0.0327595019248139 0.0600029606705142 0.0583970057220714 0.0421880876339161 0.0086862821956582 0.0150849045885891 0.0371591367488597 0.161099789540461 0.351111910362338 0.464729743997213 0.538222333030004 0.580510163188598 0.596677794988534 0.617668164328868 0.640802245861149 0.680162258982997 0.682738513333786 0.688867697248897 0.710073227143871 0.70793491367121 0.723973816355768 0.7434967878172 0.750738501292949 0.761992332605422 0.755426590257534 0.741550102182897 0.707121830099326 0.642830928322646 0.580572575552434 0.526574456575975 0.493696379247742 0.467780151532646 0.422544610093364 0.418993239306156 0.425386063603628 0.432310409301344 0.434868012764445 0.41458782233004 0.385224583272026 0.346052506022477 0.306297607528672 0.265884878400528 0.225966196124354 0.187982797556611
-9999 -9999 -9999 -9999 -9999 -9999 -9999 -9999 -9999 -0.0255418771646465 0.0367486043572167 -0.0284687469056669 0.0489938979622043 0.0721902661378787 0.0794348293074394 0.0626337118121044 0.0350773015560154 0.0344719857739781 0.061665163229952 0.205507094422474 0.39478306916601 0.504970375404697 0.538734559501473 0.585341117672069 0.635107779738404 0.668607344437582 0.697907056931631 0.707571710745779 0.708416763871518 0.712215583778517 0.710486951165272 0.713466120820487 0.71878260616907 0.74764161775425 0.776710105270593 0.804679604495994 0.817722573307213 0.821924808215996 0.807401809118072 0.769055721779696 0.722004417552714 0.67453258137218 0.644501511303997 0.602908202565388 0.555568702639576 0.539348010281223 0.54097275632378 0.552633433767335 0.534694622032841 0.493811413606379 0.443764763981062 0.393617027883121 0.345954382519728 0.301769931996921 0.245594209025321 0.203587539100758
-9999 -9999 -9999 -9999 -9999 -9999 -9999 -9999 -9999 -9999 0.000241608604707066 -0.00819119945210856 0.0551980749989296 0.0725746931823552 0.0880349658430963 0.0917270342337799 0.0871274185250402 0.103807319291468 0.129586977020654 0.264735440485406 0.420568834663981 0.501046614157087 0.545056885545761 0.57447612992292 0.627573329037779 0.669317252748987 0.691757736135079 0.707072245809111 0.709688123582698 0.709348039306706 0.710710299093565 0.710662452812203 0.714491076388642 0.733757151498275 0.759983112998564 0.789188569627336 0.813258911898156 0.834244509905988 0.842931856853673 0.835280327843967 0.814579697084086 0.780406618832556 0.744553002581314 0.709534751687758 0.66077556403281 0.644676857272943 0.65226023312033 0.653216245674098 0.620747120658871 0.557966912820814 0.487824353217503 0.426987490200343 0.367210875294833 0.320039340397425 0.272410232680223 0.230762728559108
-9999 -9999 -9999 -9999 -9999 -9999 -9999 -9999 -9999 -9999 -9999 0.0464076520505851 0.0480492227834774 0.0618499030324526 0.0852693131631436 0.113994244854442 0.136965890772187 0.237985052262527 0.289957519247496 0.297943660446941 0.407580739809096 0.464774730877788 0.528582109166931 0.578189497873302 0.606016109898756 0.652663220228727 0.669487956818066 0.683303992128639 0.684039554974702 0.690391360460161 0.691938871966614 0.688864890610566 0.689944894830475 0.70390142201983 0.725437424617242 0.746123113290848 0.777833501583078 0.800411763191086 0.826659830987498 0.848107657898078 0.852663072277154 0.842977102183392 0.826635373131137 0.799491009710782 0.76271048057994 0.753602900567337 0.747239929618498 0.732088132374561 0.684821452924182 0.60523245273897 0.521942617973731 0.450345415460003 0.380164631562891 0.334934368385978 0.302913719828892 0.268712367477108
