meets/meet004/_saidas_enm/CCSM_Maxent_6k_Cavanillesia_umbellata4.asc
NCOLS 154 
NROWS 168 
XLLCORNER -112 
YLLCORNER -55.5 
CELLSIZE 0.5 
NODATA_value -9999 
[rows 75 to 99 of 168, columns 56 to 111 of 154]
-9999 -9999 -9999 -9999 -9999 -9999 -9999 -9999 -9999 -9999 -9999 0.296393781900406 0.274472564458847 0.243325605988503 0.251950711011887 0.296070128679276 0.37620136141777 0.424625754356384 0.45879402756691 0.489130228757858 0.499240070581436 0.264238059520721 0.249146983027458 0.244967132806778 0.247941911220551 0.251184284687042 0.255279690027237 0.25766584277153 0.109623469412327 0.193473562598228 0.194790124893188 0.196405336260796 0.194484904408455 0.192295372486115 0.188436955213547 0.182663843035698 0.180891335010529 0.177260160446167 0.175393790006638 0.174097567796707 0.372672587633133 0.373724281787872 0.371289044618607 0.371224582195282 0.372471123933792 0.363884150981903 0.34957492351532 0.328385800123215 0.30547884106636 0.279852658510208 0.255553007125854 0.22784087061882 0.208967223763466 0.19281892478466 0.183828547596931 0.236151114106178
-9999 -9999 -9999 -9999 -9999 -9999 -9999 -9999 -9999 -9999 -9999 0.307719022035599 0.270378410816193 0.244741290807724 0.252201557159424 0.273863673210144 0.329710632562637 0.402539968490601 0.43129089474678 0.464161902666092 0.497668921947479 0.400830835103989 0.249375030398369 0.245070099830627 0.241702646017075 0.241930574178696 0.244775161147118 0.103344388306141 0.105544872581959 0.106482326984406 0.106871053576469 0.108368135988712 0.187542259693146 0.184770911931992 0.179211303591728 0.171859368681908 0.169503718614578 0.165139764547348 0.162221029400826 0.351773947477341 0.345948368310928 0.351361900568008 0.349378794431686 0.346683412790298 0.342452466487885 0.327248811721802 0.315889894962311 0.300834655761719 0.282212674617767 0.261912524700165 0.242318972945213 0.222956165671349 0.203338891267776 0.202082455158234 0.201793491840363 0.204772338271141
-9999 -9999 -9999 -9999 -9999 -9999 -9999 -9999 -9999 -9999 -9999 -9999 0.271927446126938 0.257707834243774 0.251660645008087 0.261161953210831 0.287139713764191 0.334931939840317 0.385626375675201 0.441115379333496 0.472373157739639 0.482062339782715 0.395735204219818 0.253122121095657 0.24080953001976 0.233581647276878 0.236734658479691 0.101119004189968 0.103858254849911 0.104418307542801 0.103821218013763 0.104986600577831 0.104581326246262 0.102847024798393 0.0993335098028183 0.0946164354681969 0.09150131046772 0.0883482992649078 0.0862281769514084 0.14910688996315 0.332007348537445 0.33928969502449 0.342447489500046 0.336321413516998 0.320944309234619 0.30107170343399 0.285485297441483 0.271024256944656 0.255763173103333 0.242354571819305 0.231251120567322 0.228574767708778 0.225287467241287 0.215610951185226 0.217505648732185 0.219997152686119
-9999 -9999 -9999 -9999 -9999 -9999 -9999 -9999 -9999 -9999 -9999 -9999 0.309289872646332 0.258714705705643 0.259200125932693 0.238452240824699 0.238982409238815 0.257306486368179 0.289624214172363 0.348199993371964 0.423161149024963 0.460006654262543 0.487573593854904 0.259225130081177 0.233667239546776 0.220427855849266 0.233300521969795 0.101640217006207 0.105476088821888 0.10521649569273 0.10321819037199 0.104541659355164 0.103200942277908 0.10100931674242 0.0976916775107384 0.093031533062458 0.0887548923492432 0.0835208594799042 0.0810355395078659 0.080009438097477 0.0801160857081413 0.14771856367588 0.154728353023529 0.150183007121086 0.310903042554855 0.283772319555283 0.263191193342209 0.247837126255035 0.236832588911057 0.30840539932251 0.311417251825333 0.303797751665115 0.183030813932419 0.134666919708252 0.134691461920738 0.128805696964264
-9999 -9999 -9999 -9999 -9999 -9999 -9999 -9999 -9999 -9999 -9999 -9999 -9999 0.302124112844467 0.234981045126915 0.210008755326271 0.200780123472214 0.20323871076107 0.223234936594963 0.25640943646431 0.326277136802673 0.404588282108307 0.439849972724915 0.295943439006805 0.285554885864258 0.218196213245392 0.232840538024902 0.104777067899704 0.111145801842213 0.110765248537064 0.107756957411766 0.107271410524845 0.104530923068523 0.1012257412076 0.0968052744865417 0.0899624451994896 0.0859846696257591 0.0810478925704956 0.0779264122247696 0.0751941949129105 0.0746437981724739 0.140627413988113 0.148948758840561 0.146290689706802 0.314671456813812 0.289467841386795 0.266273140907288 0.196621105074883 0.188937276601791 0.191183149814606 0.193055272102356 0.192854672670364 0.189498841762543 0.187570989131927 0.178362786769867 0.10935090482235
-9999 -9999 -9999 -9999 -9999 -9999 -9999 -9999 -9999 -9999 -9999 -9999 -9999 0.37108650803566 0.236280336976051 0.172856271266937 0.169823467731476 0.167422369122505 0.171557903289795 0.200174152851105 0.236499026417732 0.314021170139313 0.396397650241852 0.400420576334 0.430121749639511 0.288110315799713 0.239503920078278 0.10927327722311 0.119044244289398 0.120044343173504 0.115953795611858 0.118821837007999 0.112281635403633 0.107415601611137 0.098473072052002 0.0883488208055496 0.0876282304525375 0.0821678340435028 0.0777941197156906 0.0709009617567062 0.0665344595909119 0.0710866376757622 0.146967858076096 0.146505415439606 0.318674445152283 0.302340090274811 0.161027684807777 0.193526849150658 0.182326704263687 0.18455658853054 0.187778428196907 0.188266411423683 0.189396247267723 0.177253589034081 0.148445010185242 0.0911697596311569
-9999 -9999 -9999 -9999 -9999 -9999 -9999 -9999 -9999 -9999 -9999 -9999 -9999 -9999 0.268344700336456 0.17456117272377 0.171226337552071 0.15885129570961 0.158972531557083 0.181875497102737 0.220949217677116 0.270001292228699 0.33344691991806 0.378515124320984 0.402799248695374 0.451776802539825 0.454361796379089 0.391295731067657 0.114764608442783 0.124259397387505 0.13732685148716 0.231044098734856 0.128831371665001 0.122367106378078 0.110794350504875 0.101335719227791 0.0986464992165565 0.0920552536845207 0.0849077180027962 0.0763989686965942 0.0691398531198502 0.0714513212442398 0.0750663056969643 0.0751654505729675 0.314048022031784 0.297571301460266 0.164509549736977 0.198120519518852 0.18566982448101 0.186090677976608 0.186217844486237 0.18513049185276 0.164353877305984 0.145959004759789 0.130559146404266 0.0829701721668243
-9999 -9999 -9999 -9999 -9999 -9999 -9999 -9999 -9999 -9999 -9999 -9999 -9999 -9999 0.330037087202072 0.189631044864655 0.165852084755898 0.158775702118874 0.151561513543129 0.171419516205788 0.198899656534195 0.210533782839775 0.250616937875748 0.275245845317841 0.33692792057991 0.373376905918121 0.408719390630722 0.478410482406616 0.395008414983749 0.424254208803177 0.257904648780823 0.246082425117493 0.246135458350182 0.242823556065559 0.127325177192688 0.11755358427763 0.119872517883778 0.113099135458469 0.0960957035422325 0.0838499292731285 0.0698049142956734 0.0692408010363579 0.0682243034243584 0.0707264691591263 0.187250465154648 0.180029898881912 0.166354164481163 0.204569801688194 0.193965047597885 0.195022895932198 0.18424491584301 0.172838747501373 0.141083538532257 0.127274632453918 0.117633551359177 0.0809110105037689
-9999 -9999 -9999 -9999 -9999 -9999 -9999 -9999 -9999 -9999 -9999 -9999 -9999 -9999 -9999 0.317964315414429 0.21038743853569 0.161272063851357 0.141196191310883 0.155262917280197 0.149450436234474 0.18667633831501 0.218659341335297 0.250901252031326 0.287614017724991 0.311369866132736 0.330636948347092 0.361578404903412 0.38807025551796 0.432446330785751 0.484314620494843 0.434987396001816 0.236698538064957 0.252676606178284 0.242779314517975 0.238932132720947 0.221294805407524 0.116666570305824 0.107526995241642 0.102936416864395 0.0976985096931458 0.0831142291426659 0.0689712166786194 0.0633430331945419 0.174443021416664 0.179105162620544 0.171337157487869 0.216914936900139 0.213849291205406 0.2147556245327 0.196195289492607 0.165513351559639 0.138169780373573 0.124311193823814 0.114076294004917 0.102626241743565
-9999 -9999 -9999 -9999 -9999 -9999 -9999 -9999 -9999 -9999 -9999 -9999 -9999 -9999 -9999 0.542047381401062 0.276552855968475 0.177639782428741 0.107216440141201 0.134795576334 0.136561363935471 0.171477645635605 0.19250662624836 0.214396521449089 0.283450722694397 0.281911700963974 0.340205818414688 0.312413841485977 0.331853270530701 0.374977588653564 0.395300656557083 0.487258672714233 0.429703623056412 0.231439143419266 0.231331810355186 0.253770172595978 0.232982650399208 0.212677001953125 0.211103901267052 0.226419404149055 0.232833683490753 0.177703410387039 0.0724531933665276 0.0605686977505684 0.16961994767189 0.179923936724663 0.175992727279663 0.175410583615303 0.235286757349968 0.225675031542778 0.206638842821121 0.176217138767242 0.146007090806961 0.13289076089859 0.118717797100544 0.104763977229595
-9999 -9999 -9999 -9999 -9999 -9999 -9999 -9999 -9999 -9999 -9999 -9999 -9999 -9999 -9999 0.637836575508118 0.382667034864426 0.249414578080177 0.15183599293232 0.10846272110939 0.0933880433440208 0.120778553187847 0.149493962526321 0.195168867707253 0.248020321130753 0.278921395540237 0.317963868379593 0.349418878555298 0.354403167963028 0.344333589076996 0.364923745393753 0.423858314752579 0.4367815554142 0.0964305251836777 0.106772869825363 0.209606990218163 0.116517052054405 0.213727101683617 0.223325371742249 0.250083923339844 0.262100040912628 0.190793931484222 0.0724396780133247 0.0595397688448429 0.152030900120735 0.17479296028614 0.183039247989655 0.189665213227272 0.257406979799271 0.246591433882713 0.344504922628403 0.314554303884506 0.218520477414131 0.204008504748344 0.188958451151848 0.178022027015686
-9999 -9999 -9999 -9999 -9999 -9999 -9999 -9999 -9999 -9999 -9999 -9999 -9999 -9999 -9999 -9999 0.449707984924316 0.187414333224297 0.155355855822563 0.0742279291152954 0.0290833376348019 0.032482922077179 0.037019606679678 0.0478394851088524 0.0683622509241104 0.0689868479967117 0.232602000236511 0.250470817089081 0.27171990275383 0.306056261062622 0.336228013038635 0.382607102394104 0.39581087231636 0.253987729549408 0.206812724471092 0.0941291525959969 0.0961715430021286 0.10931146889925 0.200482591986656 0.224001973867416 0.246968060731888 0.0968871340155602 0.0663011819124222 0.0581815280020237 0.157953321933746 0.181864038109779 0.203893169760704 0.219444170594215 0.362900495529175 0.342394173145294 0.306375771760941 0.28782656788826 0.112002573907375 0.105001360177994 0.0969477295875549 0.0923093631863594
-9999 -9999 -9999 -9999 -9999 -9999 -9999 -9999 -9999 -9999 -9999 -9999 -9999 -9999 -9999 -9999 -9999 0.529574692249298 0.17232258617878 0.147224485874176 0.040716614574194 0.0565593093633652 0.0530531853437424 0.0518399514257908 0.0569989830255508 0.0573940351605415 0.145323842763901 0.180658623576164 0.193228557705879 0.242878884077072 0.27286696434021 0.340086430311203 0.379086762666702 0.407131433486938 0.384208083152771 0.245608776807785 0.0774132162332535 0.0833164602518082 0.0869318023324013 0.0876742750406265 0.0743229985237122 0.0698892325162888 0.0631734654307365 0.0638037547469139 0.0729199722409248 0.0892667472362518 0.0995072796940804 0.197293475270271 0.211889788508415 0.199986681342125 0.182850435376167 0.154629707336426 0.136324122548103 0.125414982438087 0.113559141755104 0.106484718620777
-9999 -9999 -9999 -9999 -9999 -9999 -9999 -9999 -9999 -9999 -9999 -9999 -9999 -9999 -9999 -9999 -9999 -9999 -9999 0.131629064679146 0.131629303097725 0.13080820441246 0.138789519667625 0.150076568126678 0.135525822639465 0.116661109030247 0.111429914832115 0.130701065063477 0.14995676279068 0.191315934062004 0.249501913785934 0.307414919137955 0.340958744287491 0.37595146894455 0.393627554178238 0.228356808423996 0.25060373544693 0.178456753492355 0.0718759596347809 0.0711917877197266 0.0570595674216747 0.0638655573129654 0.0669111162424088 0.0734745338559151 0.092132642865181 0.102727226912975 0.190210357308388 0.215152308344841 0.234973534941673 0.233314007520676 0.221264362335205 0.185666248202324 0.154591023921967 0.138635635375977 0.121921226382256 0.114381641149521
-9999 -9999 -9999 -9999 -9999 -9999 -9999 -9999 -9999 -9999 -9999 -9999 -9999 -9999 -9999 -9999 -9999 -9999 -9999 -9999 -9999 0.158240273594856 0.180575668811798 0.194909527897835 0.160640105605125 0.135241314768791 0.118656866252422 0.101168885827065 0.10705841332674 0.158317789435387 0.193631932139397 0.25580421090126 0.316678017377853 0.332329779863358 0.340669065713882 0.372761875391006 0.37284454703331 0.233245939016342 0.170839488506317 0.182502433657646 0.0821692049503326 0.0838221460580826 0.0789793580770493 0.0956079289317131 0.10421933978796 0.190712228417397 0.198828712105751 0.201787665486336 0.217375323176384 0.242781713604927 0.229670181870461 0.197548985481262 0.161254853010178 0.140562132000923 0.1260606944561 0.11157313734293
-9999 -9999 -9999 -9999 -9999 -9999 -9999 -9999 -9999 -9999 -9999 -9999 -9999 -9999 -9999 -9999 -9999 -9999 -9999 -9999 -9999 -9999 -9999 0.220961734652519 0.210403233766556 0.165774166584015 0.142745539546013 0.0990917086601257 0.0442377701401711 0.0516028255224228 0.13006991147995 0.194703236222267 0.24512642621994 0.280442446470261 0.288255602121353 0.307497203350067 0.333191692829132 0.357030630111694 0.380381405353546 0.425324290990829 0.379943311214447 0.185042470693588 0.189677000045776 0.189196869730949 0.193906202912331 0.196826696395874 0.199579700827599 0.199634477496147 0.211495384573936 0.236561641097069 0.246650770306587 0.213097393512726 0.17099641263485 0.149201899766922 0.137119382619858 0.124394237995148
-9999 -9999 -9999 -9999 -9999 -9999 -9999 -9999 -9999 -9999 -9999 -9999 -9999 -9999 -9999 -9999 -9999 -9999 -9999 -9999 -9999 -9999 -9999 -9999 -9999 0.226749405264854 0.158785030245781 0.126838162541389 0.0404629446566105 0.042077649384737 0.0956573113799095 0.125656977295876 0.16212971508503 0.187442019581795 0.227032944560051 0.223327919840813 0.264020264148712 0.278253167867661 0.327067375183105 0.385603964328766 0.438807427883148 0.395412236452103 0.213644102215767 0.223837554454803 0.208526045084 0.204189851880074 0.202797576785088 0.212457835674286 0.216977968811989 0.23379610478878 0.246754258871078 0.229880675673485 0.190595805644989 0.0957657843828201 0.156315296888351 0.152783989906311
-9999 -9999 -9999 -9999 -9999 -9999 -9999 -9999 -9999 -9999 -9999 -9999 -9999 -9999 -9999 -9999 -9999 -9999 -9999 -9999 -9999 -9999 -9999 -9999 -9999 0.254874736070633 0.187118649482727 0.140478938817978 0.0387541465461254 0.0347261801362038 0.0294047184288502 0.0313045270740986 0.0430724062025547 0.12470356374979 0.17216794192791 0.202635869383812 0.216234341263771 0.232845112681389 0.267833173274994 0.32450807094574 0.366840779781342 0.444198369979858 0.212630122900009 0.236961036920547 0.216464176774025 0.204324379563332 0.19527380168438 0.205032274127007 0.208668366074562 0.219192504882812 0.227914407849312 0.218150451779366 0.122491173446178 0.118264079093933 0.194265052676201 0.185128897428513
-9999 -9999 -9999 -9999 -9999 -9999 -9999 -9999 -9999 -9999 -9999 -9999 -9999 -9999 -9999 -9999 -9999 -9999 -9999 -9999 -9999 -9999 -9999 -9999 -9999 -9999 -9999 0.184724494814873 0.125265747308731 0.0204143486917019 0.0158821605145931 0.0199495367705822 0.0199288036674261 0.0283934399485588 0.0890862196683884 0.109946183860302 0.179470524191856 0.204554170370102 0.230891987681389 0.252186864614487 0.16245724260807 0.381561666727066 0.423671960830688 0.246763095259666 0.219655320048332 0.196209356188774 0.195243701338768 0.188152104616165 0.187483981251717 0.204146981239319 0.204671934247017 0.120953492820263 0.120324425399303 0.211314171552658 0.224747523665428 0.224389553070068
-9999 -9999 -9999 -9999 -9999 -9999 -9999 -9999 -9999 -9999 -9999 -9999 -9999 -9999 -9999 -9999 -9999 -9999 -9999 -9999 -9999 -9999 -9999 -9999 -9999 -9999 -9999 0.204116806387901 0.162249371409416 0.0246324129402637 0.024819890037179 0.018596388399601 0.0163032095879316 0.0179627705365419 0.0259068328887224 0.0352663770318031 0.0592244006693363 0.156240344047546 0.189741417765617 0.1917335242033 0.135646760463715 0.197660863399506 0.358734846115112 0.211878791451454 0.220282673835754 0.202823132276535 0.192564219236374 0.189680367708206 0.107478573918343 0.107465505599976 0.111717894673347 0.210108518600464 0.219535484910011 0.224159732460976 0.227969199419022 0.223824769258499
-9999 -9999 -9999 -9999 -9999 -9999 -9999 -9999 -9999 -9999 -9999 -9999 -9999 -9999 -9999 -9999 -9999 -9999 -9999 -9999 -9999 -9999 -9999 -9999 -9999 -9999 -9999 -9999 0.165455162525177 0.0462539009749889 0.0356472507119179 0.0188957434147596 0.0168442036956549 0.0182555671781301 0.0215639732778072 0.0281845685094595 0.0426653623580933 0.11414510011673 0.142103731632233 0.0889077708125114 0.116839617490768 0.16406586766243 0.238477945327759 0.0974852740764618 0.202900677919388 0.228390365839005 0.209354743361473 0.200941205024719 0.198291420936584 0.107427828013897 0.109534710645676 0.210910782217979 0.240229234099388 0.2444708943367 0.22912834584713 0.209822311997414
-9999 -9999 -9999 -9999 -9999 -9999 -9999 -9999 -9999 -9999 -9999 -9999 -9999 -9999 -9999 -9999 -9999 -9999 -9999 -9999 -9999 -9999 -9999 -9999 -9999 -9999 -9999 -9999 0.157348364591599 0.0600302293896675 0.0485507063567638 0.028086680918932 0.0234911739826202 0.0397657193243504 0.0211697481572628 0.0259226020425558 0.0337751656770706 0.0485998950898647 0.0628097504377365 0.0738455653190613 0.0968600586056709 0.137510731816292 0.204615011811256 0.0825103670358658 0.0942125916481018 0.106389999389648 0.21248334646225 0.221899911761284 0.220529958605766 0.110948301851749 0.106480605900288 0.200856998562813 0.234304890036583 0.235038161277771 0.219144552946091 0.188695058226585
-9999 -9999 -9999 -9999 -9999 -9999 -9999 -9999 -9999 -9999 -9999 -9999 -9999 -9999 -9999 -9999 -9999 -9999 -9999 -9999 -9999 -9999 -9999 -9999 -9999 -9999 -9999 -9999 0.115542657673359 0.0731540843844414 0.0552645549178123 0.036838710308075 0.0627135261893272 0.051152192056179 0.0218144878745079 0.023732902482152 0.0301150139421225 0.0412582233548164 0.0520574636757374 0.0610076598823071 0.0772423669695854 0.127927511930466 0.190416052937508 0.0734070017933846 0.0798225402832031 0.0770392641425133 0.107525229454041 0.229378297924995 0.239370286464691 0.203503534197807 0.0948390662670135 0.192727565765381 0.224268183112144 0.222197875380516 0.199081376194954 0.168749645352364
-9999 -9999 -9999 -9999 -9999 -9999 -9999 -9999 -9999 -9999 -9999 -9999 -9999 -9999 -9999 -9999 -9999 -9999 -9999 -9999 -9999 -9999 -9999 -9999 -9999 -9999 -9999 -9999 0.136054694652557 0.0760418996214867 0.0635803863406181 0.0414815843105316 0.0614377707242966 0.0511226505041122 0.040714718401432 0.0230157077312469 0.0282736048102379 0.0364878475666046 0.0461969450116158 0.0562770254909992 0.0746734887361526 0.11786288022995 0.183545172214508 0.0706445276737213 0.0715769529342651 0.0712111294269562 0.086576983332634 0.107408918440342 0.12073939293623 0.208871200680733 0.202106982469559 0.207459390163422 0.213923558592796 0.198188334703445 0.173028469085693 0.146313682198524
-9999 -9999 -9999 -9999 -9999 -9999 -9999 -9999 -9999 -9999 -9999 -9999 -9999 -9999 -9999 -9999 -9999 -9999 -9999 -9999 -9999 -9999 -9999 -9999 -9999 -9999 -9999 -9999 0.143668755888939 0.165049910545349 0.0612174905836582 0.0420761071145535 0.0557538941502571 0.0462181493639946 0.0212361495941877 0.0203825086355209 0.0277878902852535 0.0366011224687099 0.0454478412866592 0.054437518119812 0.0699863210320473 0.115794606506824 0.189721196889877 0.0741769447922707 0.0690164789557457 0.0673347637057304 0.0757459104061127 0.0924751982092857 0.105769693851471 0.211977064609528 0.234737724065781 0.217354193329811 0.205167010426521 0.186093062162399 0.161871567368507 0.321850806474686
