meets/meet004/_saidas_enm/CCSM_SVM_6k_Aralia_warmingiana5.asc
NCOLS 154 
NROWS 168 
XLLCORNER -112 
YLLCORNER -55.5 
CELLSIZE 0.5 
NODATA_value -9999 
[rows 100 to 124 of 168, columns 55 to 109 of 154]
-9999 -9999 -9999 -9999 -9999 -9999 -9999 -9999 -9999 -9999 -9999 -9999 -9999 -9999 -9999 -9999 -9999 -9999 -9999 -9999 -9999 -9999 -9999 -9999 -9999 -9999 -9999 -9999 -9999 0.10602387534726 0.150350214041667 0.00474532482666895 0.00898649323134132 0.0410948777109131 0.054102394588363 0.0507645931904696 0.0379568199104537 0.0265579806411037 0.0173719266599003 0.00348638395648176 0.170244134428729 0.687369596349064 0.779420761749731 0.301719341201885 0.00712519725362792 -0.0364348628843164 -0.0448696253168922 -0.0987467877345034 -0.14320134883782 -0.149872368189278 -0.148755352981368 -0.149152583124975 -0.136065296878189 -0.113704094071979 -0.0712119518200384
-9999 -9999 -9999 -9999 -9999 -9999 -9999 -9999 -9999 -9999 -9999 -9999 -9999 -9999 -9999 -9999 -9999 -9999 -9999 -9999 -9999 -9999 -9999 -9999 -9999 -9999 -9999 -9999 -9999 0.101796175601572 0.127095264251299 -0.00298321204684582 0.0120854648782323 0.0355898948894855 0.0467930570988168 0.0445866818361008 0.0381133441504629 0.0271259603236713 0.0196025065652338 0.0149315328413536 0.238315750987641 0.73844996639705 0.675520188571302 0.212982132057653 -0.0325588513745028 -0.0183992142234014 -0.0102491893124789 -0.0691817806973165 -0.0931202975949498 -0.0851699137081905 -0.0950793763894593 -0.0931769833894673 -0.104929103315193 -0.0936788544415948 -0.052634528273469
-9999 -9999 -9999 -9999 -9999 -9999 -9999 -9999 -9999 -9999 -9999 -9999 -9999 -9999 -9999 -9999 -9999 -9999 -9999 -9999 -9999 -9999 -9999 -9999 -9999 -9999 -9999 -9999 0.0835281976780848 0.0944992414587942 0.114552231944936 -0.00136183725818323 0.00800748153787706 0.0274771611167466 0.0372567677893357 0.0390396846981987 0.0366590320136284 0.0266802408827331 0.0159374008327451 0.0361676755945454 0.345416412799793 0.754137070669718 0.545811759981477 0.135689018281834 -0.0627227676300471 -0.0403333210132144 0.00963760947080633 -0.00297028040669894 -0.0242082089985183 -0.0239197834025143 -0.0332932125501599 -0.0442385987128503 -0.0616815978419264 -0.0746392069252449 -0.0462097298176165
-9999 -9999 -9999 -9999 -9999 -9999 -9999 -9999 -9999 -9999 -9999 -9999 -9999 -9999 -9999 -9999 -9999 -9999 -9999 -9999 -9999 -9999 -9999 -9999 -9999 -9999 -9999 -9999 0.0838301051170194 0.0932841550239029 0.109802850889797 -0.00239763723635 0.0072906969947929 0.0214512076001281 0.0305256736777957 0.0379160054021409 0.0413059926626761 0.0245543931827693 0.0124163663184797 0.0629654756148217 0.436985778238382 0.686726093701933 0.422653401057375 0.0800498774312969 -0.0711138989962568 -0.0326760348486153 0.0176915206262514 0.0432126981700999 0.0537592290142109 0.0452004774753432 0.0412064309133879 0.0290587613338823 0.00259682882386786 -0.0316797423656554 -0.013089294662549
-9999 -9999 -9999 -9999 -9999 -9999 -9999 -9999 -9999 -9999 -9999 -9999 -9999 -9999 -9999 -9999 -9999 -9999 -9999 -9999 -9999 -9999 -9999 -9999 -9999 -9999 -9999 -9999 0.0851524708002733 0.0956204966881327 0.0990365767097813 0.00435963124300687 0.0114791827283369 0.0229743297701939 0.0299385038826854 0.0404874281120451 0.044353354995334 0.020450273277017 0.00988432785813914 0.102846804389902 0.516020684629231 0.650438701759619 0.3550341129863 0.0935390213445732 -0.03801306331808 -0.0185989334819326 0.0405400264636707 0.0537561994380277 0.0774018677799878 0.112668864439705 0.133286608304688 0.132351986879772 0.104135386091856 0.0840994712400978 0.0984270014129349
-9999 -9999 -9999 -9999 -9999 -9999 -9999 -9999 -9999 -9999 -9999 -9999 -9999 -9999 -9999 -9999 -9999 -9999 -9999 -9999 -9999 -9999 -9999 -9999 -9999 -9999 -9999 -9999 0.0866923861586769 0.0994586658018682 0.0830211219532529 0.0083182291046997 0.0233674503227346 0.0302033555841066 0.0354757591348226 0.0455440602238201 0.0487690353982885 0.0250594700495173 0.0225172132455217 0.136875271749042 0.534945081315796 0.575773897592692 0.292629886794143 0.0870224165144232 -0.0185213603953053 -0.00391551051846484 0.0391964772374935 0.0488080076848594 0.0763388386098496 0.118806662772093 0.160397233365485 0.216856418514658 0.221021197986774 0.215977876247551 0.238460688069264
-9999 -9999 -9999 -9999 -9999 -9999 -9999 -9999 -9999 -9999 -9999 -9999 -9999 -9999 -9999 -9999 -9999 -9999 -9999 -9999 -9999 -9999 -9999 -9999 -9999 -9999 -9999 -9999 0.095337638017537 0.103344552581054 0.0619320682430552 0.0204099653481949 0.036745202631134 0.0417209140355801 0.0437220582498156 0.0517900014176109 0.0544283485852635 0.0376135398459035 0.0378108272568333 0.158285847929383 0.553198245293562 0.50512066495546 0.242320942367889 0.0836766443199859 0.00208799508796853 0.005980862703172 0.027483395692261 0.0568358850552052 0.0818121672761652 0.118265240584608 0.171360381180115 0.228400657169099 0.280100463677732 0.332702671262707 0.366329199229087
-9999 -9999 -9999 -9999 -9999 -9999 -9999 -9999 -9999 -9999 -9999 -9999 -9999 -9999 -9999 -9999 -9999 -9999 -9999 -9999 -9999 -9999 -9999 -9999 -9999 -9999 -9999 -9999 0.115341166587696 0.106662641479429 0.0493550783388474 0.0356753142924921 0.0479078541703311 0.0480753380632796 0.0485891861658648 0.0579056236644984 0.062463267125251 0.0502694222667812 0.0484475221587774 0.181725261550519 0.545752003345344 0.431001178123295 0.179546109759553 0.0757163741970687 0.023479035618331 0.0257414640053467 0.0442677850878744 0.0739118247117849 0.103743403943078 0.143803631367822 0.189114072604233 0.244875561476547 0.303947058728648 0.367756573101765 0.456131264116486
-9999 -9999 -9999 -9999 -9999 -9999 -9999 -9999 -9999 -9999 -9999 -9999 -9999 -9999 -9999 -9999 -9999 -9999 -9999 -9999 -9999 -9999 -9999 -9999 -9999 -9999 -9999 -9999 0.139499487248444 0.107974502034534 0.0441214890507406 0.0500538587066334 0.0542997774301783 0.0507525502701509 0.0488661974299056 0.0610926721264158 0.0701997789737815 0.0582289499282702 0.0554247541886031 0.205685707594453 0.523289641063425 0.339365162765425 0.123426656821371 0.0619042695887424 0.0360535645036759 0.0507444884561634 0.0810512126898275 0.0976439282688824 0.132222932220074 0.16889734589276 0.214362758235037 0.259554064371148 0.32361497214772 0.403680374625256 0.489407997613712
-9999 -9999 -9999 -9999 -9999 -9999 -9999 -9999 -9999 -9999 -9999 -9999 -9999 -9999 -9999 -9999 -9999 -9999 -9999 -9999 -9999 -9999 -9999 -9999 -9999 -9999 -9999 -9999 0.151353639493026 0.0957919337036833 0.0449298924338276 0.0509908267632088 0.0533103025384598 0.042285280578672 0.0377477947284141 0.0558164068733212 0.0674405726904688 0.0564887796545881 0.0629961444832263 0.266148137523576 0.469421786980171 0.253295071935391 0.069200449217299 0.0300358858824671 0.0240062221031256 0.0385584518459437 0.069102442244556 0.0945473272586333 0.132171421305456 0.175728146556561 0.222697799652726 0.272986392095012 0.335134787046499 0.410843811212645 0.496610197449407
-9999 -9999 -9999 -9999 -9999 -9999 -9999 -9999 -9999 -9999 -9999 -9999 -9999 -9999 -9999 -9999 -9999 -9999 -9999 -9999 -9999 -9999 -9999 -9999 -9999 -9999 -9999 0.113931584478256 0.144453821113359 0.0832606852482279 0.0451348148471046 0.053731640435198 0.0498461775379696 0.0331535088832295 0.0171241961698229 0.0414969876037288 0.0641741284013364 0.0507780407694879 0.101213485193096 0.300189488155185 0.344485918497733 0.118058254408836 0.0138841691651518 -0.0100652898415278 -0.00506464770815074 0.0114535930386425 0.0338346561631791 0.0682979521147211 0.11189832212218 0.155457868580752 0.21910511512519 0.279471095405606 0.337049775462119 0.404706074267293 0.478728380166996
-9999 -9999 -9999 -9999 -9999 -9999 -9999 -9999 -9999 -9999 -9999 -9999 -9999 -9999 -9999 -9999 -9999 -9999 -9999 -9999 -9999 -9999 -9999 -9999 -9999 -9999 -9999 0.130271850333244 0.116181217090537 0.0625956956265334 0.0466479349772762 0.0540388515125295 0.049897306950924 0.0250831060541978 -0.00266577112999611 0.0123736638527148 0.0388743089011395 0.0495056237273224 0.202157630372672 0.317510417231975 0.183878563463833 0.0297984746295232 -0.0331811814560004 -0.0402661526797256 -0.0373182303896467 -0.0290265465003229 -0.0046103542049013 0.0324407933923574 0.0840674046233321 0.138053566706337 0.201760950500553 0.269518154110966 0.338416096320226 0.407881431748271 0.484221227210675
-9999 -9999 -9999 -9999 -9999 -9999 -9999 -9999 -9999 -9999 -9999 -9999 -9999 -9999 -9999 -9999 -9999 -9999 -9999 -9999 -9999 -9999 -9999 -9999 -9999 -9999 -9999 0.13520650057323 0.0813083694918816 0.0461329456880252 0.0480381174642807 0.0620858590666026 0.0463606105342892 0.0180494073200637 -0.0190967842266728 -0.0102616760193286 0.0317510286652018 0.128283850413918 0.297261376813334 0.20710625535726 0.0750607098692834 -0.017565226304762 -0.0464302171068242 -0.0530746656364806 -0.0525130401742294 -0.0434648885293775 -0.0318186901955713 0.0089082261752283 0.0679531528153169 0.128285026600186 0.189489445827642 0.254008453246064 0.324382239336006 0.405764565921444 0.477788800470014
-9999 -9999 -9999 -9999 -9999 -9999 -9999 -9999 -9999 -9999 -9999 -9999 -9999 -9999 -9999 -9999 -9999 -9999 -9999 -9999 -9999 -9999 -9999 -9999 -9999 -9999 -9999 0.118149684621853 0.0578299853321718 0.0419384987517499 0.0451302277646093 0.0477875662964763 0.0331016111067128 -0.00300599519139744 -0.00774066204140034 0.0567049616513655 0.143992810153177 0.270020449623524 0.234466490044352 0.0800086548624385 0.019968046273647 0.00890210858249568 -0.0133728057611973 -0.0313549828772779 -0.036764933969455 -0.0265978120569151 -0.0129857813509137 0.00732375037717203 0.0569051306647176 0.116633868859953 0.173883223226455 0.231632397687294 0.308350913720821 0.374308394483867 0.437874811377495
-9999 -9999 -9999 -9999 -9999 -9999 -9999 -9999 -9999 -9999 -9999 -9999 -9999 -9999 -9999 -9999 -9999 -9999 -9999 -9999 -9999 -9999 -9999 -9999 -9999 -9999 0.221434013203008 0.0891271631807998 0.0516327753546015 0.0491042021809117 0.0381170585991978 0.0309573548816728 0.0100497672098218 0.019238162351048 0.090826954116269 0.180057320451538 0.232222145837563 0.230495697289026 0.102784163875411 0.00824863783496999 0.0231236671986244 0.0634657146385769 0.0124626997905166 -0.00115839816523772 -0.000228125548557556 0.0103415977456066 0.0388937571085259 0.0162964732225501 0.0474656901021973 0.10427943579445 0.158501313578204 0.200805611172482 0.26556134027366 0.327859856811996 0.378748990562538
-9999 -9999 -9999 -9999 -9999 -9999 -9999 -9999 -9999 -9999 -9999 -9999 -9999 -9999 -9999 -9999 -9999 -9999 -9999 -9999 -9999 -9999 -9999 -9999 -9999 -9999 0.161538663720486 0.067969984349744 0.0449204686853739 0.0462013482499032 0.0332580667210162 0.00987451115126492 0.00327929352056117 0.0577540290153363 0.151752448589156 0.19599844904556 0.184742346215642 0.145382523813702 0.0727187665371452 0.0268279643873451 0.0285994499155181 0.0533378654319595 0.0261268547757995 0.0114732379695179 0.00958572437374661 0.0309399338563643 0.0430671283300565 0.0153056773239006 0.0318821054061647 0.0804741011277708 0.131933513253978 0.173146953404538 0.228598820754978 0.279058323303321 0.325999674112998
-9999 -9999 -9999 -9999 -9999 -9999 -9999 -9999 -9999 -9999 -9999 -9999 -9999 -9999 -9999 -9999 -9999 -9999 -9999 -9999 -9999 -9999 -9999 -9999 -9999 -9999 0.134820952570446 0.0566987742211838 0.0448022391578955 0.0469161922393258 0.0216745071205157 -0.00411317918611759 0.000694448987841156 0.0710091650751075 0.123463193285221 0.12190147953616 0.105230761164389 0.0946812667816668 0.0564790266322178 0.0360602773704489 0.0524653263183666 0.0491454703348553 0.0263126320004746 0.00443942630748728 0.00319216517706539 0.0232158962404466 0.0432329724028928 0.00858834303541933 0.0175585033110717 0.0587458596191811 0.103800993295345 0.138125301887688 0.185442256032883 0.227298417925029 0.262907229693161
-9999 -9999 -9999 -9999 -9999 -9999 -9999 -9999 -9999 -9999 -9999 -9999 -9999 -9999 -9999 -9999 -9999 -9999 -9999 -9999 -9999 -9999 -9999 -9999 -9999 -9999 0.122100960052123 0.054738040109344 0.039320698191823 0.0364300726809553 0.00868364928873183 -0.0218684079946769 -0.000178191892657442 0.0490123235019249 0.0649733889710147 0.0649967425056996 0.0674488222650894 0.0573455927025808 0.0339534327695934 0.0252794131546716 0.0424634745635011 0.0546567712797187 0.0244082447859069 -0.00387060564117081 -0.0149423085538457 -0.012499251252283 -0.00995440898291855 -0.0115350983796449 0.009809677324918 0.0459712998564294 0.082134936315458 0.11338664545555 0.154105554766498 0.185567598859994 0.207579088112961
-9999 -9999 -9999 -9999 -9999 -9999 -9999 -9999 -9999 -9999 -9999 -9999 -9999 -9999 -9999 -9999 -9999 -9999 -9999 -9999 -9999 -9999 -9999 -9999 -9999 -9999 0.117939770797173 0.0556572003869766 0.0387288030942315 0.031393484675359 -0.00198984711014916 -0.0279962066218744 0.000461338466080707 0.0290307793330698 0.0314377110610198 0.0497364376711159 0.0538453258857465 0.0453724892354722 0.0230148727999839 0.0130699001876101 0.0370760221949526 0.047916831884163 0.0218007454962888 -0.0135550455213094 -0.0252532179697028 -0.0284560534638282 -0.0303794267736321 -0.0192133253448529 0.00249876992050863 0.0323509878484467 0.0592026763690016 0.0873497637273647 0.118480232206939 0.144575404188804 0.158775664951887
-9999 -9999 -9999 -9999 -9999 -9999 -9999 -9999 -9999 -9999 -9999 -9999 -9999 -9999 -9999 -9999 -9999 -9999 -9999 -9999 -9999 -9999 -9999 -9999 -9999 -9999 0.110645979492283 0.0565474097211604 0.039877668509367 0.0280273367223897 -0.00313289860703492 -0.0229279363593291 -0.00179457333594985 0.0162998080112473 0.0240484326936859 0.0452716966052528 0.0560176511214869 0.0381629874598437 0.0193141219226351 0.0104560767497181 0.0197171558237214 0.0274969433081143 0.00448364041516897 -0.0245974249505143 -0.0349305911734002 -0.0352026944191232 -0.0299106563560525 -0.0229330404881911 -0.00700823167073267 0.0169983032278576 0.0426550706185167 0.0695671832273452 0.0958636328626373 0.113353920798959 0.121307298813471
-9999 -9999 -9999 -9999 -9999 -9999 -9999 -9999 -9999 -9999 -9999 -9999 -9999 -9999 -9999 -9999 -9999 -9999 -9999 -9999 -9999 -9999 -9999 -9999 -9999 -9999 0.109438627913103 0.0535125124989986 0.0436148361407756 0.0320673899977001 0.00074928890204734 -0.0212400857676381 -0.00975535673668415 0.00176772145523113 0.0135307309812376 0.0330084617147681 0.0401385241788703 0.0269857722364172 0.0111208318077803 0.000885908358414178 0.00652892310425696 0.00962476969644066 -0.00804746153305635 -0.0288774958119881 -0.0353387979119404 -0.0343623029365415 -0.0305039484468068 -0.0246137918038702 -0.0146628829813041 0.0030971348121403 0.0255950622345933 0.0500393365302946 0.0697430350104113 0.0851715986070039 0.0905889325145931
-9999 -9999 -9999 -9999 -9999 -9999 -9999 -9999 -9999 -9999 -9999 -9999 -9999 -9999 -9999 -9999 -9999 -9999 -9999 -9999 -9999 -9999 -9999 -9999 -9999 -9999 0.107819041093195 0.051490487305965 0.0452608373962496 0.0381757520085695 0.00845464834804927 -0.021572570688231 -0.0196504938933248 -0.012555076555222 -0.00775791069973586 0.00235727273387343 0.00236684875443288 -3.17726578628608e-05 -0.00811319866125015 -0.0115529322440752 -0.0069002465046451 -0.00566238703533284 -0.0163662244485359 -0.028862702894491 -0.03426298186596 -0.0352457204840008 -0.0315740402104238 -0.0287121212613276 -0.0206644111982265 -0.00530944836870406 0.013240905348974 0.0315667465929605 0.0525026873393327 0.0654848509941676 0.0694798841744451
-9999 -9999 -9999 -9999 -9999 -9999 -9999 -9999 -9999 -9999 -9999 -9999 -9999 -9999 -9999 -9999 -9999 -9999 -9999 -9999 -9999 -9999 -9999 -9999 -9999 -9999 0.107743586126222 0.0493036774693534 0.0441095995615772 0.0443118627137613 0.0159633130126852 -0.0160704016567368 -0.0247882146853665 -0.0233332101792444 -0.0190983753472797 -0.0124158612151732 -0.0120258988062987 -0.0109628727110337 -0.0150488502929182 -0.0170338656771122 -0.00807028042999736 -0.00978126214019848 -0.0178800819204273 -0.0282782360676535 -0.0332842398164158 -0.0347253342083953 -0.0338164617229951 -0.0325683584485088 -0.0260641962112939 -0.010990533395888 0.00655551573562557 0.0246857973300075 0.0435428049009117 0.0553359002138766 0.0583867385887019
-9999 -9999 -9999 -9999 -9999 -9999 -9999 -9999 -9999 -9999 -9999 -9999 -9999 -9999 -9999 -9999 -9999 -9999 -9999 -9999 -9999 -9999 -9999 -9999 -9999 -9999 0.10684783210475 0.0524816186134661 0.0470770620188807 0.0495004841307845 0.023486558280312 -0.00661471835952926 -0.0222772069282769 -0.0264243033436199 -0.0252018173730493 -0.0185739185091197 -0.0118497399927836 -0.0135453915410284 -0.0163481166230679 -0.0151725811692462 -0.00880965403130796 -0.00778881774924056 -0.0159042209900226 -0.0276194074749053 -0.0319505341853312 -0.0340254661242142 -0.0347507692942653 -0.0366702816277804 -0.030623965815719 -0.0163932554551151 0.00236575848892107 0.0276414537278943 0.0360127471180783 0.0454490426255274 0.0410004595278739
-9999 -9999 -9999 -9999 -9999 -9999 -9999 -9999 -9999 -9999 -9999 -9999 -9999 -9999 -9999 -9999 -9999 -9999 -9999 -9999 -9999 -9999 -9999 -9999 -9999 0.0971027214416182 0.101350198702034 0.0518907260775793 0.051473471116648 0.0561182878564672 0.0328235986271892 0.000485182437504006 -0.0204778660779843 -0.027138429311831 -0.0279584422612685 -0.0235450937995114 -0.0169784565719799 -0.0181927056968476 -0.0203788248572064 -0.0197772591611193 -0.0114832398970826 -0.00408775192219213 -0.0145926233408459 -0.0259921123991604 -0.0307681419274035 -0.0329744657146654 -0.0349081918174561 -0.0392840802331941 -0.0363610533961887 -0.0269005325611842 -0.014354729052246 0.00186561007909702 0.0107137490064427 0.0158088234331274 -0.000167106552096452
