meets/meet004/_saidas_enm/CCSM_SVM_6k_Cavanillesia_umbellata3.asc
NCOLS 154 
NROWS 168 
XLLCORNER -112 
YLLCORNER -55.5 
CELLSIZE 0.5 
NODATA_value -9999 
[rows 48 to 71 of 168, columns 56 to 111 of 154]
-9999 -9999 -9999 -9999 -9999 -9999 -9999 -9999 -9999 -9999 -9999 -9999 -9999 0.0368463668270044 0.0338704697790735 0.0787133203840329 0.267403284306271 0.357545008856742 0.143456819427172 -0.007099110899984 -0.00659459392693929 -0.0032813502356997 0.00666379070713263 0.0216499966311657 0.0496677263529458 0.0432688295103325 0.0703720220828153 0.0873606927115729 0.0947053463234761 0.0867158400934125 0.0823413956336455 0.0997126308166058 0.133835030887549 0.192515766659054 0.222737496748091 0.155336706838198 0.054368793171532 -0.0487861035029786 -0.0746985268769876 -0.0771553956910599 -0.0646291622281406 -0.0803658015029226 -0.0676592121757881 -0.0872978155494966 -0.134032820254765 -0.14233561677717 -0.12508299510951 -0.0798164485723235 -0.0537152426563481 -0.0184043706605417 0.0452332832260359 0.119096843485457 0.158534688380645 0.152330963518668 0.0761790903057613 0.00515875022196949
-9999 -9999 -9999 -9999 -9999 -9999 -9999 -9999 -9999 -9999 -9999 -9999 -9999 0.0367217208441556 0.032532065639212 0.129074549091991 0.381735056358191 0.314728716961091 0.0924149549713053 -0.0132091093343342 -0.00413570018119336 0.00160776246910477 0.0215762559814797 0.0409874638000818 0.0685748419078545 0.0863085228292632 0.104869178897881 0.106143632509952 0.101459744531262 0.0887068174282326 0.0941777838088013 0.126531363010368 0.18795777699998 0.269482376248014 0.293125772457796 0.19877124223682 0.0607408192032498 -0.03951677842639 -0.0742093730049733 -0.0885813016899553 -0.0929879730462095 -0.087888463114358 -0.0813536211782463 -0.0999138945046755 -0.128104306917385 -0.144090838520688 -0.143782213380025 -0.10990498404574 -0.0494740612963424 0.0223554773218858 0.0986573850615107 0.153910888358896 0.162089067555995 0.126258404840482 0.0554786693633589 0.0292641264193235
-9999 -9999 -9999 -9999 -9999 -9999 -9999 -9999 -9999 -9999 -9999 -9999 -9999 0.0363633507759047 0.0345388622834813 0.230671497100368 0.399173903478627 0.211593774319042 0.0284057391042601 -0.0246261131360447 0.00218928944369873 0.0269426976122704 0.0988952234113689 0.135254702699059 0.148545849879138 0.142918899466853 0.131693184428461 0.1122657549534 0.0730313636686681 0.037130747623772 0.0291516928792283 0.0695313718051255 0.146101516885139 0.29413983745626 0.421365754956026 0.364767767559035 0.186101460218172 0.0592552829103108 0.00376702136293394 -0.0260704454596751 -0.0171704208074431 -0.0412258522901367 -0.0415539502231416 -0.0606481787045566 -0.0896540982667084 -0.0805916301381088 -0.101526566178806 -0.05805964631651 0.000427312378682376 0.0838040387024774 0.152874963691733 0.195486851235616 0.176633539811754 0.124963506869543 0.0618551725770353 0.0652318500111491
-9999 -9999 -9999 -9999 -9999 -9999 -9999 -9999 -9999 -9999 -9999 -9999 -9999 0.0320613435541575 0.0413476125436816 0.208327297627802 0.322357339259597 0.131974063598883 0.00298225753222803 -0.0234658715029446 0.00667437839896756 0.067007176647875 0.144526587194712 0.176720651983726 0.159570902604286 0.115192708146445 0.0595191544821341 0.0144511880059633 -0.0143584268925868 -0.0169257359719862 -0.00853532868447854 -0.00325380732213021 0.0557831925199487 0.244256599316542 0.428416477115343 0.422357208703722 0.266202700382557 0.126808887524654 0.0614879460142367 0.0147419766062975 0.000271575533008439 -0.0171133482118124 -0.0208353506519612 -0.0383372484310319 -0.065799099792528 -0.067836024567075 -0.0685844096520482 -0.0274914994088275 0.0485618792908741 0.149757065953715 0.22298903172796 0.226110040446596 0.193309426408722 0.127723466231114 0.05377672414213 0.0797650836173274
-9999 -9999 -9999 -9999 -9999 -9999 -9999 -9999 -9999 -9999 -9999 0.0375433816975448 0.0337299906065773 0.0188621061278474 0.0191221728097752 0.147238001132446 0.157704568237238 0.0508613812343676 0.00166587246937555 0.0117485536579066 0.0318192226246523 0.0813938992662334 0.125291050888641 0.117122064835449 0.0667271837392697 0.0126809095772695 -0.0257379459432878 -0.0306589203691705 -0.0138148896195808 0.00932269836626531 0.0175611615759159 0.000245192164769203 0.00119824509744049 0.140395339367858 0.387150602613097 0.403223998296815 0.271144498950976 0.135541685780796 0.0732846378418085 0.0235882394529817 0.00770778774635961 -0.00535526623858917 -0.010427873286796 -0.0256256174844021 -0.0497016676890474 -0.0506159567421225 -0.0329533925800069 0.0249098040822163 0.119853822840274 0.222003195046387 0.255311105117931 0.224963190297071 0.17480306661699 0.107591372982109 0.0310747668357215 0.0856868766659619
-9999 -9999 -9999 -9999 -9999 -9999 -9999 -9999 -9999 -9999 0.0377101310334879 0.0325116370457993 0.00358451954092792 -0.00997113954867651 -0.0057300096382471 -0.00234057323452158 0.00545829058725233 0.040916710891764 0.0865093676998492 0.099944938238779 0.106912938399334 0.0987130829585436 0.0637627544651985 0.0225131464101907 -0.0179569728161975 -0.0379156901403557 -0.0294173125455354 -0.00341407846452074 0.0194789424583284 0.0314132311456146 0.0330813715141404 0.0160625734539088 -0.0138604782206533 0.0633229825684116 0.303764385892805 0.383417209928822 0.259748519386407 0.13153476227736 0.0693866411478796 0.0276178275890663 0.00262214115568271 -0.00852006417757256 -0.0114271281219909 -0.0137210038515808 -0.0142477978746008 0.00598441489937007 0.0582240781901471 0.135783796583001 0.202957091885867 0.234511252368678 0.220420683328262 0.16393637528863 0.104433160255569 0.0427152744186221 -0.018471948982633 0.0608609372295075
-9999 -9999 -9999 -9999 -9999 -9999 -9999 -9999 -9999 -9999 0.0323837545870086 -0.00345870117613661 -0.0148641217297631 -0.0111918214652859 -0.0190345902070699 -0.0307091537905991 -0.042054922347337 0.0277433801361673 0.0856840687554301 0.0877844459434831 0.0713971501589277 0.0197143092200289 -0.0185495083629485 -0.0408212752605504 -0.040412269903939 -0.0199371643703349 0.00831437561271731 0.0283795825050007 0.0370432625450512 0.0398109623842072 0.0400828021216604 0.0304446078086603 -0.010847239502475 -0.00174595288435359 0.187083445795525 0.327587575245803 0.274463360687822 0.154648497127965 0.0906415664792632 0.0549588262673765 0.0349592594459859 0.0312103167519237 0.0355931483061892 0.0496300440539579 0.0731331149582523 0.112130546683695 0.159022146223034 0.188036866287274 0.182729925348003 0.158239167554083 0.119123903545423 0.0621973053804151 0.0126127148761183 -0.0343023468154622 -0.0828090330926238 -0.00132605045016426
-9999 -9999 -9999 -9999 -9999 -9999 -9999 -9999 0.0384984896502827 0.0326777336649601 0.00912464433446103 0.0249034751423859 -0.00222168904043485 -0.0251352085186036 -0.0309352495691779 -0.022123559825326 -0.0431385586621242 -0.0267221129674713 0.00117344236740791 -0.0144257833531301 -0.0360714531472588 -0.0437048216166919 -0.0438035165300318 -0.0332998455851581 -0.00689885977503635 0.0198839013690954 0.0336492036912824 0.0389638217972164 0.0399260104550693 0.0400630536345979 0.040433438114323 0.0370173318186253 0.00384516055124695 -0.0373068121249444 0.0705762085042768 0.231586333859022 0.247150722709464 0.18436832927786 0.129134624344481 0.0938369610567644 0.0773057084421084 0.0838620486789614 0.101072733211759 0.126244262867429 0.146640968990915 0.158633791333487 0.147921656475075 0.108150031356735 0.0695206163544441 0.0499361726060206 0.013809645746206 -0.0167344497139277 -0.0684040693453531 -0.0896850589206316 -0.106387267509368 -0.0262052368306159
-9999 -9999 -9999 -9999 -9999 -9999 -9999 -9999 0.0347095885221488 -0.00942972576990281 0.123797307925366 0.10200767310705 -0.0286927568643695 -0.0585895793352233 -0.0496312775988811 -0.0395504503462945 -0.0304485484358762 -0.0428725924078366 -0.0453623317959791 -0.0435079134839206 -0.0292219075466985 -0.0189153622363584 -0.00950636077023775 0.00663745210065658 0.027522018620192 0.0371577704862073 0.0381642028054311 0.0389343501355094 0.0389993796146837 0.0387654898392103 0.0384700348339617 0.0379340483309887 0.0176868449919023 -0.0368359405858427 -0.0214210290147598 0.109051274168481 0.194297769798775 0.196849417372187 0.179770660322674 0.164335411622092 0.148081180915743 0.163437200891909 0.172749876893642 0.183863948154765 0.183857123599897 0.141378401581108 0.0775776394568657 0.00537379200685384 -0.0318779479384105 -0.035420046746826 -0.0446082528985181 -0.0536838324570271 -0.0857129809445742 -0.0918186580122595 -0.0929836660876163 -0.0142306764352827
-9999 -9999 -9999 -9999 -9999 -9999 -9999 0.0353450530774604 0.0120301477318886 -0.00619765122805072 0.162875203024307 0.0929717726779079 -0.0422118724179354 -0.084560901032449 -0.074502098617114 -0.0571015161823449 -0.0523792279734966 -0.0402002609667557 -0.0321866075803859 -0.0115454803509292 0.00600285719582916 0.011417581996729 0.0175389959235415 0.0201851660102885 0.0239546455382634 0.027964756431415 0.0282900839216922 0.0278705526773981 0.0277319680852748 0.0268764960278878 0.0264125419467365 0.0238971270954058 0.0213674451567358 -0.019204523571951 -0.0551192995937109 -0.00911943797650094 0.0814447136923609 0.158424728422074 0.183687510322866 0.180693637088223 0.176775632193391 0.172204240080701 0.162021000511391 0.143348751697542 0.100100423453372 0.0413896185912874 -0.0232746132825535 -0.0641420970166812 -0.0720084130280741 -0.0713845797062323 -0.0675793138384964 -0.0662057707902818 -0.0658933464970187 -0.0628569072388154 -0.074639774314585 0.0191902772476006
-9999 -9999 -9999 -9999 -9999 -9999 -9999 0.0212440051029689 -0.0365298100683478 0.0458361545648527 0.144031469328205 0.057838750994837 -0.0212317946701739 -0.0757974837808322 -0.0842479910607072 -0.0747635745578689 -0.0672462775252503 -0.0607103465522846 -0.0567211542305393 -0.0467729958449476 -0.0304026026656559 -0.0212992349110685 -0.0112301432712679 -0.0117076856633089 -0.0127706564563896 -0.00747042552687954 -0.00750473952889447 -0.00173177711244921 -0.00378091570237588 -0.0121404368601684 -0.0123060628612449 -0.0145081552168487 -0.0096323610899311 -0.00881206096871684 -0.0460401915421308 -0.059597239863827 -0.0296567117025173 0.0258962471872459 0.0582126258754344 0.0647023747227466 0.0632137432090263 0.0412129992388486 0.0205777639477718 -0.00505136117923788 -0.0316400678033613 -0.0520459188599949 -0.0609369864201243 -0.0517636768086541 -0.0366654439301328 -0.0328207235695175 -0.0370263187873779 -0.0465565860005392 -0.0532866802914515 -0.0578291608165974 -0.0653253788167561 0.0019705872936896
-9999 -9999 -9999 -9999 -9999 -9999 0.0106389642814704 -0.0373970279345264 -0.0578903148958516 0.0852229241253675 0.14415134378926 0.0827601567310368 -0.0144183671611386 -0.0688895475350234 -0.0797454303386678 -0.0752870859957985 -0.0660611672221931 -0.0634550664978804 -0.0658525143989764 -0.0652771350872079 -0.057199043229823 -0.0541127228352948 -0.0510976971744742 -0.051984349252937 -0.0485145378544948 -0.0460637656280237 -0.0442340293570726 -0.0461500177664585 -0.0491886475625318 -0.0475637515040462 -0.050055258582954 -0.0487539863591775 -0.0489147143049413 -0.0484259708736469 -0.0424890852787114 -0.0565527547734685 -0.0677493419614626 -0.0654756537365441 -0.059799583879438 -0.0556683854924647 -0.0565412409871484 -0.0539916279578204 -0.0481866339288166 -0.0362730195672236 -0.0368076970913216 -0.0466736408968348 -0.0512883603819806 -0.0564349138974669 -0.0563879489099762 -0.0591261532046439 -0.0630640248734022 -0.0617905302021973 -0.0654763651320092 -0.0581008266338734 -0.0623707690765017 -0.0496681070247046
-9999 -9999 -9999 -9999 -9999 -9999 -0.0545024182140034 -0.118842676684847 -0.0616734296087307 0.122667997995622 0.164258889458182 0.131153649685735 0.0135551014654238 -0.0521317095799655 -0.0651601537032337 -0.0543555719213124 -0.0461340651363867 -0.0466155237019569 -0.0511450761882934 -0.0597336809457117 -0.067731281556646 -0.0714230722003421 -0.0735357030293118 -0.0747312029026737 -0.0747054554257968 -0.0745717896419193 -0.0754535698553263 -0.0767155145692284 -0.0781873304119847 -0.0793908242740979 -0.0803645710213602 -0.0809350325723258 -0.0807664733950277 -0.080265836798519 -0.0784341528355258 -0.0761555258458652 -0.0735730347430136 -0.0695376727612863 -0.0670290467675954 -0.0656188084172495 -0.0622578554690194 -0.0604239585476645 -0.0586877349756207 -0.0587611596495528 -0.0668332321261348 -0.0828271367680228 -0.0893307034913175 -0.0946269819633958 -0.0938768191223314 -0.0967161471867803 -0.0978532528479849 -0.0957670082956283 -0.0928976747772082 -0.0780676919652445 -0.0647670059430673 -0.0599467208348354
-9999 -9999 -9999 -9999 -9999 -9999 -0.100194344080871 -0.14696224714994 -0.0290493579215623 0.177519254087624 0.226727234242033 0.19078699643503 0.066445496341808 -0.012610593620418 -0.0458646365936472 -0.032635666659253 -0.0155321115713957 -0.019633953258303 -0.0245296081064928 -0.0381598352821086 -0.0536269901468256 -0.0606756697116549 -0.0636753502199826 -0.0616391672868459 -0.0614609228806978 -0.0600575316587286 -0.0681150134154091 -0.0747094465799774 -0.077081407352066 -0.0818824160792465 -0.0843118683067715 -0.0883962073432044 -0.0907586882884171 -0.0931867725541075 -0.0925190166026416 -0.0929142409739267 -0.0936079339568295 -0.0936247173166789 -0.0916098270110994 -0.0880560829538061 -0.0848924025392291 -0.0776927284734057 -0.0728891666541129 -0.0707857548034425 -0.0927637788081631 -0.1172779952604 -0.123312982062746 -0.134713085243423 -0.135024585331123 -0.132940418792301 -0.1321042073748 -0.124925041990673 -0.123070008654711 -0.104433453470885 -0.0800964029592052 -0.0518857554399328
-9999 -9999 -9999 -9999 -9999 -9999 -9999 -0.107843935926429 0.0525112092899329 0.267152852015432 0.262947298623603 0.227151088962632 0.118341432636681 0.0458580965444502 -0.00186864475897031 0.0168548826726684 0.0327089344629304 0.0238473427812431 0.0206690092626218 0.0159855154265213 0.00540357480064357 -3.63741305975385e-05 -0.00688288095335915 -0.00718245382470573 -0.00585695393956243 -0.0122948571316295 -0.0203108652064606 -0.0377612056401223 -0.0520820101910196 -0.0591135368414948 -0.0689039481789405 -0.0728505155889815 -0.0792135784074334 -0.0841306671499517 -0.0863324540274216 -0.0923136977803408 -0.0944738600893685 -0.0990530377781773 -0.102614123005924 -0.102278664656083 -0.101061518389292 -0.09153559728317 -0.0848931218981755 -0.0775575189376431 -0.107108610793416 -0.136394196202119 -0.151428336333673 -0.160305445405349 -0.16053834807839 -0.159443101657073 -0.157613215090159 -0.148151731973463 -0.139552415065493 -0.114814487140203 -0.0860893146272514 -0.0647026163653403
-9999 -9999 -9999 -9999 -9999 -9999 -9999 -9999 0.157258429500741 0.306901264727647 0.2548255160237 0.253365239363283 0.156203935984592 0.083595564895959 0.0465835031107242 0.0734770448624389 0.0932204191438737 0.0893883127356697 0.0830049359892016 0.0754183451980844 0.0658159152124812 0.0600508823046589 0.0536748428402424 0.0471184543257448 0.042801089121304 0.036594610206452 0.0207274469563067 0.00139547273737806 -0.0227209391579065 -0.0362283475040557 -0.0490650620615776 -0.053500888244375 -0.0566345559430791 -0.0648664292297266 -0.0734624401992482 -0.0852949219104229 -0.0924300273765979 -0.102135330140891 -0.109815684551632 -0.110553746911575 -0.113148446017597 -0.105086263180496 -0.0952061759975228 -0.0809232187458279 -0.108600428142926 -0.135665237782222 -0.14897322685707 -0.156111073902726 -0.15409981535796 -0.153719145417015 -0.145953528230634 -0.137744390272063 -0.126916570650064 -0.110357575916871 -0.0960429615885739 -0.0812296132043389
-9999 -9999 -9999 -9999 -9999 -9999 -0.0913627716794235 -0.0327257283737858 0.196451662330415 0.286381311237182 0.269507149273056 0.253427686738562 0.166324980057141 0.117675387869855 0.113429484565055 0.134445691824063 0.154887899649052 0.145303853207817 0.138587008504544 0.140091040086258 0.134172212569995 0.129577284288518 0.11759998862188 0.109077167903837 0.103408072730783 0.0873510472096132 0.0712273632176768 0.0460623186800619 0.0220563165867175 0.00715398976158849 -0.00677478586946634 -0.0117957985958453 -0.0212873849422701 -0.0310840696977643 -0.0396264811565297 -0.0561765987071798 -0.0688383989709422 -0.08646866148166 -0.0986350069113771 -0.10277237702094 -0.104119818560648 -0.0917015922900598 -0.0764543275716432 -0.0593669462930728 -0.083175527839703 -0.101465732915878 -0.109200554581145 -0.112756128635736 -0.11321691217409 -0.112689959315917 -0.111135153576963 -0.101074727408537 -0.091313340648662 -0.0751644375431726 -0.0590376283219128 -0.0474403619549117
-9999 -9999 -9999 -9999 -9999 -0.0903244546914578 -0.0995229915484077 0.0245473631392933 0.216587314008222 0.27397875511669 0.266593450988947 0.259488320220875 0.180381430994365 0.148740986450619 0.166093070762468 0.183877763532472 0.21165610518015 0.199100970838173 0.189540980828329 0.19424218768453 0.191339834318834 0.18533878389031 0.172401872147971 0.161268554791813 0.153771328700254 0.132873362953142 0.114606010129477 0.0926981556843162 0.0751186997296272 0.0583706360955722 0.0493036372917781 0.0368178500529441 0.0263636227566921 0.0153824126346479 0.0014965847148149 -0.0101802845772914 -0.0321329641658808 -0.0504159980906139 -0.0645425189415529 -0.0715012102343636 -0.0734502166873172 -0.0583354917755298 -0.0363497396998388 -0.0268370796872484 -0.0508993704472372 -0.0701605370326637 -0.0760746667583986 -0.0770338957136166 -0.078051359205537 -0.0801832175568455 -0.0785000698688363 -0.0681681503253787 -0.0574575687129823 -0.0420146258441025 -0.0291910165524322 -0.0105201759214442
-9999 -9999 -9999 -9999 -9999 -0.0459450713723814 0.00998958129262884 0.116201656585759 0.252881311909556 0.260028667017908 0.265869714090728 0.260055389857663 0.231333085129368 0.222897683734033 0.246849164087262 0.271967418284817 0.270680288760364 0.252863768043116 0.240299177655572 0.248255124334699 0.252593459825653 0.244262846815893 0.228975796071044 0.21354863401348 0.20494396633596 0.182481604165446 0.164514231698987 0.147215803484798 0.132707904877833 0.123395118537377 0.110362163665483 0.100484713832603 0.08657213507361 0.0740102940876903 0.0628927488625172 0.0450417540586622 0.02848422524177 0.00728695774636623 -0.0085034665926671 -0.0172207840624295 -0.0240022564709142 -0.0205984123249802 -0.0168974735139241 -0.0130071021626385 -0.0233924787939555 -0.0382889071987358 -0.0432027200050836 -0.0451612711795703 -0.0456273415899575 -0.043650541419993 -0.0412827944585446 -0.0333863387570321 -0.0249157673630496 -0.0136640028117768 -0.00164788319149972 0.00737431778697184
-9999 -9999 -9999 -9999 -9999 -9999 0.110725961968691 0.25022093482083 0.279772354761384 0.265950787123611 0.257333572279047 0.252590630803802 0.239897033478529 0.240473025750197 0.253582151003829 0.300625977621639 0.300841852399113 0.290069687581768 0.283061872048192 0.285877303452326 0.293389080612449 0.275848037441619 0.268890265767628 0.254632696144841 0.240924893261784 0.219792436322828 0.20410907652508 0.193510065019497 0.186264926683946 0.181820930258204 0.172369503205229 0.175520265617057 0.163128527365414 0.156743255898612 0.149130222268126 0.129032780275061 0.109664769582171 0.0796128311877478 0.0569250300931974 0.0440271240792778 0.0252099703332576 0.0208810066173316 0.0122091708129389 0.00875605041936767 0.0106287435607103 -0.0046238053682025 -0.00659548755635053 -0.00862424489852071 -0.00893270300184645 -0.00576179844291963 -0.00376491372275312 0.00203880720008615 0.00694581990589677 0.0144966692878233 0.0224020816768049 0.0253290299640768
-9999 -9999 -9999 -9999 -9999 -9999 0.175408063266252 0.294656941773446 0.294920838015371 0.257210779001168 0.216213924882154 0.205466064825846 0.192159502259051 0.169735112182873 0.1860033718917 0.239786581850594 0.285387505451966 0.312161751214166 0.31271822142647 0.300750259077375 0.287342076824612 0.284778694104895 0.285427377744039 0.271651282130301 0.256729620999497 0.235853434600458 0.224510531122369 0.215519983757082 0.208990332634711 0.211028519041906 0.215927001939475 0.217900299632417 0.217451800388186 0.215006800248615 0.208263232740312 0.192883842420231 0.170165039436631 0.141909867905958 0.118107156074752 0.100693934132522 0.0818790694980934 0.0687779709398407 0.0556391732349968 0.0475320841743923 0.045652158417877 0.036757698773518 0.0317544471472574 0.027960057950682 0.0242320634775143 0.0224541811214118 0.0208112324776393 0.0263422988597132 0.031351642468892 0.0345879815182543 0.036615368453235 0.0352886730222678
-9999 -9999 -9999 -9999 -9999 -9999 0.121009847631016 0.24407367835132 0.285045125776328 0.267797282810078 0.177793936928906 0.142003523997357 0.115002020132 0.0971363858741524 0.102282395210244 0.147635120598749 0.255560471341768 0.310560796284333 0.314162313302259 0.300084096625333 0.277503642243655 0.276898234889115 0.277877832387645 0.263908754292977 0.253664895867467 0.244631368382954 0.233165990421994 0.215247782340012 0.209696517874168 0.226242966495581 0.236383653757915 0.248619843244722 0.24091972208421 0.24664784683552 0.256705427037098 0.24296517291653 0.235726668911572 0.200156212935138 0.179364474612255 0.172272626706573 0.142009061309741 0.133287989140075 0.110848611277385 0.0972485594757894 0.0976887724172962 0.0828243869237247 0.0792762380372018 0.0661072235854567 0.0567244693343638 0.0518117644746 0.036674817640172 0.050459535866123 0.0537489519495714 0.0543613654060224 0.054434788907594 0.042173286340862
-9999 -9999 -9999 -9999 -9999 -9999 -9999 -9999 0.210114670136886 0.283852178365985 0.146692134471564 0.0977412514125773 0.0606825035942415 0.0406319767214076 0.0522094377313781 0.115565114629326 0.237429706879785 0.298789399056229 0.298435005730215 0.289780534543472 0.271078117949221 0.263469500579677 0.254931809924236 0.235033996288661 0.228586919833205 0.226320101937059 0.21363156764436 0.191774797358401 0.186280878956102 0.20040153197938 0.216354697044901 0.219544330429505 0.214486474087805 0.223271861865676 0.240562884489299 0.250963587388946 0.243383845793262 0.229935607633055 0.218111433105716 0.205596957182469 0.192006364470222 0.175082358409864 0.158104637111063 0.144079930192076 0.135572888757384 0.12522486183426 0.11217688455423 0.0984135798527729 0.0816527079623111 0.0646158946916908 0.0565253516157136 0.0589479678794534 0.0658631181714351 0.0627625832026657 0.0539764627405238 0.0438538918815045
-9999 -9999 -9999 -9999 -9999 -9999 -9999 -9999 0.158604470818762 0.289489116756271 0.123255094067873 0.0654208621586276 0.0185951078059563 0.00850403547186246 0.0242694441007817 0.0844348401569138 0.235590879895051 0.303537965556858 0.28686079811334 0.278683026788227 0.255437453417866 0.236537089418945 0.21377113584024 0.189036806559207 0.189814033068914 0.194585057783445 0.180904190372177 0.150266603948848 0.143323588885014 0.167528839551125 0.182856171246971 0.187515447224894 0.169525460845664 0.181589797548049 0.21706260982298 0.232467247383032 0.245673952784361 0.234357492092127 0.234407270832264 0.239801370785004 0.225528566151997 0.220049732168889 0.19936785450808 0.185197369393254 0.183385961156057 0.164603404547211 0.149401718072738 0.125500376562117 0.100724987802118 0.0807733992570884 0.0605946006349293 0.0581982041064583 0.0593514773768078 0.0568009326239462 0.0514890593820397 0.0427975415565764
