meets/meet004/_saidas_enm/CCSM_Maha_21k_Cavanillesia_umbellata1.asc
NCOLS 154 
NROWS 168 
XLLCORNER -112 
YLLCORNER -55.5 
CELLSIZE 0.5 
NODATA_value -9999 
[rows 75 to 99 of 168, columns 56 to 111 of 154]
-9999 -9999 -9999 -9999 -9999 -9999 -9999 -9999 -9999 -9999 -9999 -74.504099128404 -49.8835672605546 -33.7279786889453 -22.7719601967225 -9.88365015762662 -2.02655944974091 -1.82618017077585 -2.02171008152981 -1.84772303553906 -1.06888040069128 -0.27836354134552 -0.19109806991972 -0.376877358078299 -0.446211733208324 -0.62527295230184 -0.480879891420757 -0.46063033038758 -0.370056782840259 -0.306527005770565 -0.347182929886773 -0.319191394426853 -0.389043070042491 -0.546180254816566 -0.735972084087448 -0.971578528132344 -1.08862151439391 -1.26657271457436 -1.42596316126578 -1.66237611200678 -1.92201988567196 -2.23449941733143 -1.79821861312256 -1.41620567307743 -1.13655890383433 -1.11487123368987 -1.34457137500307 -2.11061889219583 -2.92421269058657 -3.42862569149135 -4.11013611576523 -4.78979864306198 -4.6454446846119 -4.70432756407718 -4.74541613740348 -4.95012345769552
-9999 -9999 -9999 -9999 -9999 -9999 -9999 -9999 -9999 -9999 -9999 -71.499665759602 -44.2923942129087 -26.8604461810978 -22.0800873052829 -13.6084277528039 -4.14422913070979 0.161654184936883 -0.520554906969851 -1.71225021822554 -1.84148268017586 -1.70221496891397 -0.506012590621702 -0.0831663943533894 -0.350576521214001 -0.370403399036364 -0.417031467584496 -0.416288054625543 -0.383977133803748 -0.401203955335292 -0.494025551681131 -0.483851981467353 -0.613873123249813 -0.765685666939568 -0.989352258690617 -1.31264867857705 -1.43590729158185 -1.70249074148222 -1.89262809558724 -2.12822339085252 -2.61028739230262 -2.68602458476494 -2.25305293027665 -1.68617139980129 -1.29539293138626 -1.13827566173713 -1.40102934876445 -2.01752234036212 -2.83207496507063 -3.60980081128152 -4.08763036503559 -4.42984261790372 -4.71068502257482 -4.87755995270177 -4.82001001688788 -4.71195837891756
-9999 -9999 -9999 -9999 -9999 -9999 -9999 -9999 -9999 -9999 -9999 -9999 -62.1337156738371 -33.2096440797985 -23.0884394068735 -15.7616841495182 -8.85287811153568 -3.27404329150729 -0.400486127801571 -0.449728672303026 -2.17104947454233 -1.44937331744236 -1.82328874179048 -0.71159726473745 -0.413648611152427 -0.496204128882818 -0.562858932055126 -0.542292789111575 -0.5377618174972 -0.617027430900148 -0.622593953109955 -0.650097733851312 -0.712704772157363 -0.805136386186996 -1.0076742691984 -1.31239873320152 -1.54303555130968 -1.83748776311037 -2.08749880774748 -2.36528770761919 -2.80965699964433 -2.83210924234661 -3.07085320157235 -2.69276815858492 -2.13220218266586 -1.81740735854905 -1.8222698146247 -2.25138336297797 -2.84693709405631 -3.57017163465836 -4.03785768562893 -4.34862498776662 -4.70930957640105 -4.95033766630205 -4.79159267503053 -4.55237187136632
-9999 -9999 -9999 -9999 -9999 -9999 -9999 -9999 -9999 -9999 -9999 -9999 -89.2319487962307 -55.7322273147288 -21.8721835078632 -16.4735888984206 -18.2830463607613 -17.3569037799195 -12.615630834392 -5.11889350636483 -0.169287934100502 -2.98060488240124 -1.59738378896244 -0.843631115106778 -1.23123179051214 -0.83225609584628 -1.10158501942998 -1.25536445904741 -1.18932594056335 -1.28714377713373 -0.898348015448977 -0.976954805860202 -1.01914092268394 -0.996633622992154 -1.07670026826953 -1.26588895198988 -1.48077778980544 -1.84893031932345 -2.1119629588959 -2.35524794197389 -2.63947786369441 -3.05359244529396 -3.2967917682723 -2.90712419964227 -2.99728444376496 -3.09095985279226 -2.81027609229192 -3.01415815956595 -3.39762992781467 -3.96353693539552 -4.4157635879147 -4.74738591414035 -5.03434653763852 -5.03712641690556 -4.8917814394997 -4.80723080901074
-9999 -9999 -9999 -9999 -9999 -9999 -9999 -9999 -9999 -9999 -9999 -9999 -9999 -86.1925260510371 -28.0186710901879 -23.9385639503076 -32.6425310998646 -40.3529985912975 -35.3840310923487 -25.7521706904237 -10.4255486012022 -1.08783439382864 -1.03656367281625 -1.58141355165948 -0.329280536173684 -0.540946241940742 -1.15030213055778 -1.81835093804334 -1.97257564955779 -1.8725714444023 -1.89108965280426 -1.82879479224768 -1.76097672053938 -1.5220100009621 -1.49583451021196 -1.42222708129451 -1.52512032726237 -1.78407370270202 -2.0610952844469 -2.37696635952593 -2.69418470166844 -2.97121046276503 -3.44798315144633 -3.20418599077978 -3.10117719762789 -3.57987685748643 -3.45041511051007 -3.63366786528993 -3.91513462881756 -4.20211945159761 -4.69862313608139 -5.04057916301056 -5.09051147202968 -4.98020152890253 -4.6816473095118 -4.31842549309336
-9999 -9999 -9999 -9999 -9999 -9999 -9999 -9999 -9999 -9999 -9999 -9999 -9999 -68.2414970369798 -37.5175922457269 -32.801904451641 -46.7334863989817 -66.3219374949375 -67.1707533111888 -51.7222654093037 -34.0364201651873 -11.0981166147533 -2.25178118175807 -0.396142000097833 0.195465808200915 -0.890365270198074 -0.375123393926925 -1.05356032690005 -1.5829181585444 -2.35451938398356 -2.40130471102187 -2.38906607683436 -2.08060339596954 -1.90897437273596 -1.73849765579265 -1.84697560245983 -1.72916895553811 -1.77613428478909 -1.97920819783667 -2.35519517755932 -2.84360201763922 -2.96258491388185 -3.21103029868941 -3.71423052497167 -3.48905881512554 -3.73096288179443 -3.97790132540189 -4.29937825615278 -4.53430667177221 -4.70513890894946 -4.85027092609084 -4.97887304860973 -5.04665423008422 -4.90987208533951 -4.65736809734428 -4.82238547400483
-9999 -9999 -9999 -9999 -9999 -9999 -9999 -9999 -9999 -9999 -9999 -9999 -9999 -9999 -58.645039719363 -34.9298032019459 -50.5767674915976 -72.1796172418534 -78.86769773439 -70.033517732033 -47.9979599806196 -24.1139847791221 -4.0661762571811 0.601645328940021 -0.671525324659926 -1.36356057453742 0.601713638436067 -0.234869372095225 0.476648927415801 -1.12879863155589 -2.60978178123247 -2.49919135487599 -2.83719515949712 -2.39355048073557 -1.73242112135063 -1.47947587988474 -1.16135878468936 -1.19900696834232 -1.67552018612151 -2.15106827485139 -2.57833871978162 -2.86866192491759 -3.2244095541536 -3.84002057014822 -4.07784672578873 -4.41050387960626 -4.34782760815715 -4.67583893163436 -4.87895306150393 -4.94914840937212 -5.04882809926331 -4.76544976448035 -5.13255395789379 -5.45021169098872 -4.88372733436466 -4.59541040644083
-9999 -9999 -9999 -9999 -9999 -9999 -9999 -9999 -9999 -9999 -9999 -9999 -9999 -9999 -72.219414532534 -54.6839621674623 -53.3788333672669 -68.1709808787686 -82.7694979796118 -81.9663885695045 -68.0742855875897 -50.826104245242 -31.7972053767186 -20.4067258260718 -7.96849460483326 -4.47630106614182 -0.715434662569171 -2.03554341859257 -0.0788438361055961 -2.79490430576495 -2.53748049894738 -2.54765283939561 -2.25899895544771 -2.67566567998675 -1.61217638357852 -1.09344492026617 -0.572490605364662 -0.222182551734461 -0.342995066856375 -0.993836795564447 -2.42440449055173 -2.67366495039545 -3.15342797472924 -3.8130883275844 -4.47894375789746 -4.9162381475491 -4.58731488162463 -4.80397241084769 -4.80796800926981 -4.63857104914906 -5.03971941753507 -4.7796198856302 -5.44236731575098 -5.60825772534653 -4.78205652921046 -4.07615145488952
-9999 -9999 -9999 -9999 -9999 -9999 -9999 -9999 -9999 -9999 -9999 -9999 -9999 -9999 -9999 -80.2081127784886 -58.8295736874775 -57.8497131590494 -78.9951929687309 -92.0912533764823 -102.654886359131 -95.3610455643267 -87.0086390050974 -72.2313235828726 -51.433216077933 -35.6024307305027 -18.8089729897816 -8.84329277256847 -1.27538129089093 -1.2813452114407 -0.923491465513092 -1.04138663569131 -0.531628336067507 -2.42619756396519 -2.2441433362908 -1.37670380719113 -0.720495102896229 -0.406491277429653 -0.0368630720544241 0.163877732463582 -0.0636555206114235 -1.1275657690098 -2.93197877631029 -3.74502002898237 -4.40432428368707 -4.63841921520302 -4.53347350183585 -4.31920753683826 -4.20954828053396 -3.81468200390097 -3.7803133730965 -4.00713818153109 -4.58191878160214 -4.75248940330446 -4.46144755489701 -4.37777249838355
-9999 -9999 -9999 -9999 -9999 -9999 -9999 -9999 -9999 -9999 -9999 -9999 -9999 -9999 -9999 -72.156740852697 -74.2877340676229 -44.6736087139884 -63.6849887471058 -90.7828004063917 -126.528141752179 -123.024956625993 -146.535861941596 -138.301807496701 -109.267114050656 -105.152073536286 -66.0004059703595 -51.5157243352285 -25.1079270580283 -3.16981593410378 -0.999296975078622 -1.53846697463239 -0.651840343374108 -1.8987516934967 -2.17536375317948 -1.62559725856154 -1.07531359860897 -0.920282546695574 -0.665443796534251 -0.470880246998845 -0.0461821662258981 0.0751579717555236 -2.30949233007064 -3.63091249341165 -4.25164541490232 -4.12510093470807 -4.54702094787033 -4.33382804115354 -3.95559358266704 -3.3833756351659 -3.04511761568205 -3.13291579883141 -3.51939490560339 -3.70330439710829 -3.7438995928935 -3.99293915445207
-9999 -9999 -9999 -9999 -9999 -9999 -9999 -9999 -9999 -9999 -9999 -9999 -9999 -9999 -9999 -40.8103501538883 -100.154135687627 -51.9968283424026 -48.4152086740601 -64.4899124631406 -92.6766626774267 -115.81468789769 -141.224666442271 -152.742207866065 -139.285582036031 -128.796167691015 -107.027736123205 -89.2271043736108 -55.9071075722502 -23.0831591163433 -5.61299736372504 -4.59326876440304 -2.16080764432295 -1.22134178664418 -2.23725067032978 -1.5701072628447 -1.16664168803929 -1.38988769563277 -1.49859849068256 -2.36731934355811 -2.07871153471349 -0.0113985234449978 -1.56915516786226 -3.27107403389659 -4.00327395805339 -4.11449827719443 -4.34580706996297 -4.37686279440317 -3.83031873135161 -3.20099828318331 -2.85191305183607 -2.87346324647946 -2.79148378024605 -2.36727636586349 -2.02997294823427 -1.8532895367866
-9999 -9999 -9999 -9999 -9999 -9999 -9999 -9999 -9999 -9999 -9999 -9999 -9999 -9999 -9999 -9999 -55.2876642175183 -90.9197762521848 -51.9822762723095 -42.7882539385525 -60.0231224948238 -82.7975089689341 -112.482267848145 -133.022326520767 -135.369119554182 -143.972645113183 -134.144781502069 -133.621955640156 -98.5988080402176 -50.8418348409391 -20.8128497633523 -6.7634895657537 -4.58763815188007 -2.44310058417111 -0.726906942586183 -1.88361296591864 -1.52162465220822 -0.808329865224868 -0.511465376414251 -0.793151087106945 -1.23061433752413 -0.0384244019527846 -2.25863105452814 -3.3221225867402 -3.87735661622473 -3.83576468628289 -3.50191781569318 -3.57642558456838 -3.48764156911741 -2.66896936290639 -2.51818870473737 -1.91190919053182 -1.16731066173204 -0.898972256086144 -0.701228549292705 -0.651822509744689
-9999 -9999 -9999 -9999 -9999 -9999 -9999 -9999 -9999 -9999 -9999 -9999 -9999 -9999 -9999 -9999 -9999 -47.3406950204087 -87.5105678699014 -61.9425838663479 -37.003553793099 -49.4655998106982 -71.8061081027766 -95.5119350435867 -111.048122022085 -126.230820206619 -137.89603599037 -143.060888227653 -120.549718173353 -80.2524318070885 -41.4148567949367 -16.097203350458 -5.56717778521977 -4.8993167715187 -1.01884407143342 -0.914586382487223 -0.967206483781995 -1.38067943656377 -1.23371029794775 -0.687903471199187 -0.961414069416979 -1.32090102960316 -2.4297821057234 -3.03840600977406 -2.85880667055339 -2.59139612968574 -2.32301646769214 -1.70444723030116 -1.3162448207129 -0.946769136011489 -0.409953697908275 -0.24211855260061 -0.0737857185030952 -0.0481824689987489 -0.128792485031545 -0.0949371648405617
-9999 -9999 -9999 -9999 -9999 -9999 -9999 -9999 -9999 -9999 -9999 -9999 -9999 -9999 -9999 -9999 -9999 -9999 -9999 -94.9985732816543 -85.23368096839 -68.9279762278471 -67.6860288501724 -82.4553928599563 -97.625824400399 -109.64084059671 -132.262993008149 -148.312733444792 -134.739652004941 -103.550130512458 -68.0533733081105 -34.9941997126816 -14.8820739090997 -6.10536061198312 -4.53758989824793 -1.31620553498982 -1.24574988005502 -0.363130247195619 -0.694750328962303 -1.51084336866478 -2.43166389025692 -2.05703266428655 -2.21846376492584 -2.28380595584374 -1.99402476753989 -1.80441200018263 -1.49461368991813 -0.930271304702735 -0.599583484412457 -0.103485322706159 0.246335189272865 0.227428495818755 0.00486718686876175 -0.114921494236531 -0.203599775025702 -0.0220063296164927
-9999 -9999 -9999 -9999 -9999 -9999 -9999 -9999 -9999 -9999 -9999 -9999 -9999 -9999 -9999 -9999 -9999 -9999 -9999 -9999 -9999 -108.453786567165 -118.512341669083 -100.752940534489 -92.1275950508217 -101.153081608411 -114.143243451442 -131.735238558866 -136.452979855188 -119.033831243645 -99.7529420262378 -65.3100638901219 -33.7249539563718 -14.1655220803998 -4.3787137813633 -2.69089050416223 -1.10122535704898 -0.789129414308759 -0.437150179551767 -1.56613172277028 -1.4082916826914 -1.42582636871253 -1.42499758247019 -1.35702745660466 -1.3507906588049 -1.23716885212531 -1.11157288206546 -1.09450088645226 -0.813115748138526 0.0505784129161959 0.321876495032175 0.261361762830474 -0.0139737631619823 -0.258628218377738 -0.354492853977803 -0.380385402646509
-9999 -9999 -9999 -9999 -9999 -9999 -9999 -9999 -9999 -9999 -9999 -9999 -9999 -9999 -9999 -9999 -9999 -9999 -9999 -9999 -9999 -9999 -9999 -104.844802979778 -93.882276763695 -86.142170819089 -89.9219877137243 -104.064353528459 -120.643197463804 -121.877905348462 -116.904403985972 -93.0909279119011 -67.1235884500631 -40.0753790237985 -19.596128817428 -5.90405909203428 -2.23520860051269 -1.74312205990441 -0.0568524030113715 -1.09090452553053 -1.22678167933522 -0.84574956524848 -0.728475224996034 -0.645358206384903 -0.659718510506059 -0.700313151847567 -0.76740167697945 -0.794694966315411 -0.620964355534439 0.0832318926946592 0.342824601517562 0.293303170889709 0.00734323966573358 -0.245767597645209 -0.350385921182594 -0.474363231078259
-9999 -9999 -9999 -9999 -9999 -9999 -9999 -9999 -9999 -9999 -9999 -9999 -9999 -9999 -9999 -9999 -9999 -9999 -9999 -9999 -9999 -9999 -9999 -9999 -9999 -107.284979419559 -81.38345473364 -73.0524580057885 -91.1079627212967 -107.669541192025 -115.549910972802 -112.45226640882 -108.893290395574 -89.4242165717022 -55.3340592693146 -32.4307629938998 -13.1323036020724 -4.88137402182093 -2.03427282891784 -0.948523372583063 -1.53277110401164 -0.818859314924841 -0.332275130127131 -0.114252178324271 -0.155423426026231 -0.238485019612324 -0.270659163909264 -0.14320615242373 -0.114593214526452 0.225470462275236 0.371146261347259 0.246748484711553 -0.00358001775870975 -0.172097602809503 -0.160759597221425 -0.119250241861093
-9999 -9999 -9999 -9999 -9999 -9999 -9999 -9999 -9999 -9999 -9999 -9999 -9999 -9999 -9999 -9999 -9999 -9999 -9999 -9999 -9999 -9999 -9999 -9999 -9999 -94.6283207783372 -103.455643596401 -64.9760129256157 -66.6781266545669 -86.23049585217 -103.916637491442 -118.009061078256 -127.059714443046 -114.288253820516 -86.7888634151932 -63.5645232731352 -37.1512034341309 -19.5805940326036 -8.25674211320177 -2.14176915022753 -2.59462015694576 -1.91707504413726 -0.159108447321765 0.00745106288046149 0.0460012632705072 -0.0566923441945368 -0.173299901952811 -0.0780262360341075 -0.0625134573045305 0.0969797103089897 0.170322185351444 -0.0192720049953112 -0.0636919653981693 -0.0752313389972064 -0.00858740209104858 -0.0466555222570235
-9999 -9999 -9999 -9999 -9999 -9999 -9999 -9999 -9999 -9999 -9999 -9999 -9999 -9999 -9999 -9999 -9999 -9999 -9999 -9999 -9999 -9999 -9999 -9999 -9999 -9999 -9999 -90.4390901016358 -60.9116192133942 -61.6610771588549 -88.3905574713116 -110.632209422871 -121.874212838312 -121.389564092279 -105.73300075003 -85.8094865974933 -57.0191485629392 -37.5637720466192 -18.3119993211473 -6.39200923404925 -5.47194036897445 -2.99371515246579 -0.460371351587257 -0.686263093244114 -0.102131319179285 -0.128624082771759 -0.167000926356146 -0.334589472228352 -0.402976740976428 -0.348487656340055 -0.452793830052392 -0.254099274404409 -0.0948208233175971 0.0377918394528719 0.145229571233639 -0.0186139501859195
-9999 -9999 -9999 -9999 -9999 -9999 -9999 -9999 -9999 -9999 -9999 -9999 -9999 -9999 -9999 -9999 -9999 -9999 -9999 -9999 -9999 -9999 -9999 -9999 -9999 -9999 -9999 -85.6741143610974 -68.5040898641405 -50.6084715045598 -68.8064187166024 -99.4683871714129 -120.6952944161 -126.972131830511 -114.773061494975 -92.9661385993743 -69.4822988864386 -47.7339797802966 -25.5764575707706 -12.0930611899312 -9.02851965913098 -4.62392393207873 -1.31953339785767 -0.693772683894187 -0.634481569622241 -0.355645325160574 -0.278100019860389 -0.446011193134218 -0.650677525634984 -0.886568719938846 -0.682818278403613 -0.317082342627003 -0.00349266573428308 0.212768755377247 0.260362199430708 -0.0433795138108921
-9999 -9999 -9999 -9999 -9999 -9999 -9999 -9999 -9999 -9999 -9999 -9999 -9999 -9999 -9999 -9999 -9999 -9999 -9999 -9999 -9999 -9999 -9999 -9999 -9999 -9999 -9999 -9999 -61.264737896618 -42.0122456088295 -53.6915387924825 -88.43587232554 -122.723619033155 -135.774469088976 -120.15580550507 -95.8995521597527 -75.2032194707057 -55.9474061603521 -31.6502406358959 -16.2084622751793 -12.4434128304712 -7.54549278655606 -4.2335825442608 -1.45011570321797 -0.92352369897255 -0.782055247639393 -0.806917360453147 -0.935782371983941 -1.0961414349466 -1.16651632021963 -1.05089639812608 -0.42786154596625 0.116726161659821 0.397729310134507 0.387575020844076 0.131384778524481
-9999 -9999 -9999 -9999 -9999 -9999 -9999 -9999 -9999 -9999 -9999 -9999 -9999 -9999 -9999 -9999 -9999 -9999 -9999 -9999 -9999 -9999 -9999 -9999 -9999 -9999 -9999 -9999 -59.5288314095094 -38.1086691380801 -47.7753123846334 -84.6098241335952 -124.706057387561 -142.59114215819 -127.789260105278 -98.5668563020928 -78.8680026435614 -60.6493676856868 -34.3280891336233 -17.6291098879931 -14.4331179910904 -10.3084374213603 -7.22863195755354 -2.71556213785753 -1.85053501067117 -1.7205727847245 -1.60047378113107 -1.43919303711791 -1.14996930490057 -1.32291002049874 -1.25696647021732 -0.656853799807077 -0.0872836031198725 0.309936899110493 0.368944201187056 -0.106805180905822
-9999 -9999 -9999 -9999 -9999 -9999 -9999 -9999 -9999 -9999 -9999 -9999 -9999 -9999 -9999 -9999 -9999 -9999 -9999 -9999 -9999 -9999 -9999 -9999 -9999 -9999 -9999 -9999 -60.9059917986459 -36.2815313835651 -42.8172057649019 -84.3744729658534 -133.336323271468 -153.957367822941 -133.601357778487 -100.751881387675 -81.108560444271 -62.426520210497 -35.6041166577739 -18.9837306117674 -18.4780088975083 -13.5718461895633 -9.66808210691484 -5.02273804227461 -4.47732962507288 -4.00905538433741 -2.13686207598273 -1.95027298233137 -1.11525295769882 -1.36682610889331 -1.49770223725134 -0.962335777546768 -0.409376567062242 -0.010996136040426 -0.0598457059330928 -0.833697378199331
-9999 -9999 -9999 -9999 -9999 -9999 -9999 -9999 -9999 -9999 -9999 -9999 -9999 -9999 -9999 -9999 -9999 -9999 -9999 -9999 -9999 -9999 -9999 -9999 -9999 -9999 -9999 -9999 -59.2975104349415 -38.1535361813872 -47.2212300423406 -89.5770488804793 -137.234961906096 -158.8011895925 -143.055801788098 -110.691721570639 -85.1672505215157 -62.3939185188723 -33.1052351742977 -17.546444248859 -19.1760760018532 -16.0999050217928 -11.7022413514799 -7.99584220006787 -8.00755699292675 -7.10795184782054 -4.01188676032684 -1.81693622318729 -1.34341873337804 -1.51312979462881 -1.53476774549893 -1.19873757006093 -0.8109856772651 -0.655305306936586 -1.05242483864598 -1.9650936412591
-9999 -9999 -9999 -9999 -9999 -9999 -9999 -9999 -9999 -9999 -9999 -9999 -9999 -9999 -9999 -9999 -9999 -9999 -9999 -9999 -9999 -9999 -9999 -9999 -9999 -9999 -9999 -9999 -58.1585651290518 -41.6306164690401 -51.9747804744211 -97.137379810247 -144.638599222929 -164.991764029627 -147.983827639573 -121.623750634791 -87.4431589075741 -59.5938432840998 -29.0112940237004 -17.2983564670001 -23.656687009575 -18.8348341386735 -13.2725506244913 -10.7659075874338 -11.6500931219759 -11.546690636252 -6.71256146891211 -3.05298924661317 -1.59576223351291 -1.61005261709664 -2.06172881472678 -1.74276461802784 -1.47004079364439 -1.70033090242705 -2.26885342134475 -1.38414884889651
