meets/meet004/_saidas_enm/CCSM_Maha_21k_Aralia_warmingiana1.asc
NCOLS 154 
NROWS 168 
XLLCORNER -112 
YLLCORNER -55.5 
CELLSIZE 0.5 
NODATA_value -9999 
[rows 50 to 74 of 168, columns 56 to 111 of 154]
-9999 -9999 -9999 -9999 -9999 -9999 -9999 -9999 -9999 -9999 -9999 -9999 -9999 -552.685285199112 -245.511825992899 -92.2779574814079 -61.7614514025993 -65.9575348557715 -63.5401098823984 -45.9462885488565 -30.3460707149357 -15.0660228778934 -10.9251314315091 -14.9980957153291 -25.1173129706005 -36.4286554302575 -53.4981081053849 -85.2399132880078 -110.493942154916 -151.302610662656 -169.58287059861 -151.770208524985 -110.316628183371 -67.5197559884085 -23.2855080387188 -10.026014309819 -5.99947459841309 -2.52243053486999 -2.80931082273123 -4.2282428566939 -3.95365029256269 -4.59027663050079 -4.22844990618105 -5.05611932615433 -7.97383612511863 -12.7014994397024 -13.1045883672429 -10.9533630567868 -8.91862665140606 -5.559472275097 -3.46802550101908 -4.46176920665292 -3.86060630333232 -2.69406979637147 -1.62720656934551 -1.67704111750076
-9999 -9999 -9999 -9999 -9999 -9999 -9999 -9999 -9999 -9999 -9999 -9999 -9999 -317.07266131245 -165.708711864974 -73.6822706916353 -49.5519928876133 -46.14260930048 -41.6071713492518 -35.407464016961 -22.7435573248343 -9.30833943580926 -3.6626620259238 -4.58205606239902 -11.5877272082099 -19.1282834576816 -34.8667366401269 -58.303785433093 -80.5704097648406 -109.228343581033 -127.016074269162 -110.469726871552 -83.8991128310788 -48.9356558999938 -18.5614802138471 -7.44774044423857 -5.04927955138415 -1.75309079675726 -1.56260271940543 -2.2995793958782 -2.59802846531695 -3.48672377862286 -2.83149479954194 -2.87727170002426 -3.96337850077858 -4.52902259993923 -4.38238905604661 -2.94878746745051 -2.47123986923247 -2.51926977492592 -2.35183051871667 -3.23132560916193 -2.82334571862199 -2.38917161865245 -2.11016825982051 -2.43690669359816
-9999 -9999 -9999 -9999 -9999 -9999 -9999 -9999 -9999 -9999 -9999 -307.929506742092 -224.068854421249 -187.225742209281 -120.220399027159 -62.6465562070296 -41.55500710695 -29.5842541706081 -23.7530853083611 -23.0693369202217 -18.8181801655563 -8.68710062910908 -4.15654498561571 -4.51590933878522 -9.39880318725662 -17.9467019554285 -30.2344017461461 -54.8512473335703 -75.7788717189159 -99.3557789134458 -116.343926828443 -91.9013128150097 -62.5259040280251 -33.2888006558033 -9.26365748652021 -3.79419888677662 -3.67141713977772 -1.57528517892165 -1.87604957980422 -2.71242733498506 -3.1957403118912 -3.3807475895788 -2.97095716108798 -3.21475272351022 -4.17185054552751 -3.72319329906866 -3.46906904048943 -3.48550738430319 -2.65417913783675 -2.1188803474357 -2.2860330041541 -2.66482307880854 -2.66780950654914 -2.58839829339905 -2.80851439830344 -3.37675659194776
-9999 -9999 -9999 -9999 -9999 -9999 -9999 -9999 -9999 -9999 -258.387831414343 -198.027336153106 -151.685359033017 -152.542976358045 -124.360107478184 -82.2475534427105 -45.7259175589248 -25.4576724960616 -17.0982481004723 -15.2821211743596 -15.7634590094963 -14.3469071692955 -14.3881886303638 -16.7726816863195 -22.4390121306964 -32.809324317645 -49.4161383460369 -71.0886083189428 -92.5759698131801 -116.17579767127 -121.777093327409 -95.2005081427717 -58.167215161049 -28.2063328915836 -7.36705183068318 -1.96131403176542 -2.85446524023868 -2.47026459474402 -2.60047865754987 -3.57665188159951 -3.55122769992742 -3.57851577620037 -3.29877054456109 -3.4595678359272 -3.94908299238675 -3.4364751190258 -3.06994032264066 -2.48485903520737 -2.1480638874525 -2.69364706674856 -3.06427332175605 -3.86659341060789 -3.65273948043132 -3.74928065482782 -4.4628819310634 -5.05093590327148
-9999 -9999 -9999 -9999 -9999 -9999 -9999 -9999 -9999 -9999 -133.257073117778 -106.947709375622 -126.191764895124 -130.933246811134 -131.503626802202 -110.983869988168 -68.3049867456365 -38.9681758409716 -28.2507123485404 -23.7012759543833 -22.1224571184393 -26.2936828293848 -32.3064380896495 -38.6823201773691 -47.053807777704 -57.3432251419691 -76.5049984467513 -101.834811835621 -125.712528103082 -148.308869826943 -151.103251090619 -115.148674442172 -68.2246306672604 -34.4298621671683 -9.79258084150509 -1.66318468056479 -1.78520783256593 -3.53089406565661 -3.29827475780386 -2.92588428350521 -2.88422913176168 -2.69905324809746 -2.63686590616648 -2.72274484571381 -2.45312124546357 -2.38102705332421 -2.79401291411041 -3.12495611798234 -4.63689484495987 -6.50699081012481 -7.05912735210304 -8.25594710306662 -7.72884889225707 -7.92529010913204 -9.43821463545891 -9.70718167246688
-9999 -9999 -9999 -9999 -9999 -9999 -9999 -9999 -180.322994517678 -98.5637978385959 -49.3015843811585 -65.5470590364884 -113.255698791224 -116.342147999314 -103.56650670907 -115.064533581673 -96.8577103554858 -64.4440995485885 -51.6735949953875 -46.6571525208158 -44.0162949990582 -47.6009043552641 -54.8728440926499 -63.465890481383 -72.8991723885282 -88.2697450898304 -111.480280677523 -140.958057317354 -168.7526784302 -174.71856420742 -168.119923794747 -123.763378788719 -79.4009405596736 -39.959339947493 -14.5325820014054 -3.0377523084831 -1.34100320553783 -2.90888579428455 -3.13565022139248 -2.3375684596168 -1.92810009649589 -1.64449895385943 -1.52131230588158 -1.48140034837726 -2.2313923838043 -3.61370880752946 -6.65008569158618 -10.7549097017058 -15.281267574709 -18.8874664157042 -20.0816984772789 -20.7805929203415 -18.584923758612 -17.8961627806566 -19.7372783411463 -20.4563906971031
-9999 -9999 -9999 -9999 -9999 -9999 -9999 -9999 -107.875646840219 -40.794799112248 -23.105414478808 -48.0565832330617 -109.231678866832 -105.721080781293 -84.8162821338328 -86.6187400259665 -98.9057649438339 -97.3222641009058 -85.2894617357518 -78.1766648231714 -79.2127998269543 -84.0944391461601 -86.6065139383822 -93.9878258252396 -113.100488385081 -135.391322793696 -157.887495345499 -183.937432716488 -198.411428344038 -202.159579621298 -187.031022739031 -138.158924523776 -86.7493754660892 -49.1840178741369 -20.3829006570953 -7.20752951882154 -2.68410006589631 -2.10141229991586 -2.68546279808053 -4.00501375535742 -3.33918168462733 -3.38678902723733 -3.59534723496006 -5.26353668655144 -7.67399078229671 -12.2165928007406 -19.652560199262 -28.0119348461404 -36.9191191722282 -39.2657847886545 -40.1118592759285 -38.3478613580072 -34.9723271907741 -33.6333367602609 -33.4160667803489 -33.4947338020878
-9999 -9999 -9999 -9999 -9999 -9999 -9999 -119.544234550355 -59.0577027092148 -21.2739809800456 -17.4574892806395 -47.9314696917713 -117.130866610167 -118.862688406023 -81.6731839691212 -69.4332113170952 -77.7572473216205 -97.0198416068692 -101.835223629354 -116.400199355402 -123.34115786101 -126.505042568069 -129.649331395652 -138.182619133437 -155.848619728261 -166.835518121573 -169.516218747476 -168.049068163113 -173.891371003596 -178.798409958865 -183.19087825488 -145.042872666263 -97.4663513952537 -59.6670512336805 -30.9474700290743 -15.8767137093803 -8.18617150287727 -4.57566779732911 -4.21958947491233 -5.5498744341948 -7.89450556879229 -11.8462141587789 -14.9216711334852 -19.2435538510666 -25.4497996481724 -35.2721129769073 -38.719700639477 -37.512813938996 -37.0494095109756 -38.1349952003434 -39.1872326597473 -39.7938071925451 -41.1015178956695 -44.1143395506754 -48.1919862599893 -51.7025638022593
-9999 -9999 -9999 -9999 -9999 -9999 -9999 -81.9051264637091 -32.4873991413242 -11.8550778660717 -13.9879523190154 -51.4569715351733 -120.380499349 -134.813139559075 -87.079185767015 -56.604027251782 -61.5482067601221 -73.7637457669992 -81.7397336104339 -94.200615193748 -105.059685142759 -115.054226834761 -125.764825154388 -124.780686458047 -125.536524076522 -129.80690016123 -128.729382473002 -133.151119333256 -132.276357945203 -127.649581315828 -129.031593134125 -129.510349216209 -108.109168965756 -75.1675196881439 -48.2246961105538 -31.139743258893 -20.954297115723 -14.9814385471527 -13.9836604313273 -16.5148719233562 -21.1088327189962 -28.4659768081296 -38.9840420541178 -51.3997514926734 -51.9378346516326 -48.8387238442679 -49.3214224328867 -48.0005636094896 -48.5048274405177 -52.544133619752 -52.3155655226732 -48.6102706251133 -41.2644285985585 -36.9282264909048 -35.8367738510618 -37.1547523127136
-9999 -9999 -9999 -9999 -9999 -9999 -121.238831007103 -50.5081922266488 -14.3294533105266 -8.83173176780245 -11.7156404364062 -50.524172881628 -131.175979755558 -160.89794051745 -94.3245331124485 -55.3899274994963 -51.3218701335278 -56.77174979289 -62.3620067849622 -74.652829836695 -85.1200516462075 -89.2291665617516 -95.3294852706083 -95.6022889268121 -97.9989058948387 -99.6403230686354 -100.097720023552 -97.420857321047 -98.7736873312238 -104.202285849293 -106.697763028408 -112.232230613616 -113.588445964427 -94.4280989753972 -70.8687116033649 -56.4205944232739 -45.1905121847892 -40.1840464944883 -40.0752821201254 -44.0942383115822 -54.4298777272656 -62.6233627173536 -63.664948492468 -62.2034098352742 -64.3659430564795 -68.3242037846729 -72.2493772843396 -79.997404973111 -80.6769837629215 -88.3511793287958 -81.655202081856 -74.7901907207098 -61.3919569493017 -51.9177111946289 -46.7336822356856 -39.8943796488653
-9999 -9999 -9999 -9999 -9999 -9999 -94.8422248807119 -31.665468571722 -9.21732204661091 -8.77938135829775 -15.8505987232677 -52.6603487766807 -131.755463829247 -163.155665637378 -101.31404061349 -55.2803780168995 -47.0205948805333 -48.9863639907031 -52.3268023782045 -60.3899681083638 -65.8447595447152 -68.273454078796 -71.2945250273338 -70.1955898407782 -70.9100776879193 -73.4097350296485 -72.3480921973125 -72.6200084048557 -73.5749387914954 -76.0280415374919 -80.5910541823829 -83.4815624097513 -87.7747334040074 -91.4839206122614 -89.4951707678652 -79.6951752267383 -72.2031551696487 -69.6270374306543 -69.6740625223132 -66.8291243377189 -64.2377437847301 -67.8204918088306 -72.9665649624623 -77.7362543033133 -92.5136653411172 -90.4148803030406 -85.1078038267506 -77.162813312484 -67.4956789294824 -59.9996812179967 -55.3782038219297 -48.4028781050721 -42.0308751945737 -36.7843654981627 -32.8579258477967 -32.0599856068312
-9999 -9999 -9999 -9999 -9999 -9999 -79.0579412264545 -26.2977737994451 -11.1453823353567 -11.978027796882 -19.8131285713638 -51.5494615007593 -127.721296324505 -151.40188593044 -94.1442390405017 -55.0694361314663 -45.2195562596517 -45.6933755513251 -47.3775222048702 -52.7722992649804 -56.6836516161454 -54.4426265374042 -54.6064171279776 -53.6500374933559 -55.6825072980727 -57.8759447459436 -57.8442089945364 -57.8433995008323 -58.9513449250516 -60.9903205048196 -63.5001980116116 -65.4973278351423 -67.8074968462766 -69.9922715007609 -73.7456717885184 -75.7375137362768 -72.3826627046058 -68.8548654721388 -65.9950141765916 -67.2923132429302 -72.2742053560811 -75.6730141357077 -74.959408125487 -71.1392240965985 -71.7525614442218 -64.4511921929261 -60.6539089827791 -54.5109256688938 -47.4269898064224 -43.7059218134601 -36.682489994921 -34.8476548922602 -30.305319976089 -27.179802434562 -26.3676843381689 -27.0653745317431
-9999 -9999 -9999 -9999 -9999 -9999 -9999 -31.9590633292578 -15.7719708379699 -13.4756470933588 -17.7972851566506 -43.421122647073 -103.226241870354 -127.292138326426 -90.3917189650544 -53.9283860069109 -44.1287687498711 -42.3629897717413 -42.7358513018122 -46.8679151905979 -47.2229819940393 -44.830613620758 -43.1983066713885 -41.8186793987354 -43.0008655201653 -45.4000962477903 -45.3338427598387 -45.4377679463463 -45.6152465728174 -45.808262162159 -47.4531061429105 -48.0810733995167 -49.8982819000061 -50.1350225660767 -50.4051131334759 -51.254950057874 -51.138859146619 -51.6300151454158 -50.3379602101217 -50.1062807523678 -50.6981733781824 -51.4345649591342 -51.5357684369692 -47.9460151135464 -46.5983472830704 -43.7466240615956 -40.2035344230356 -36.7952206638164 -30.9905998716425 -27.1970342691322 -23.3178644186933 -20.3734268765714 -18.1816567665592 -17.1547049865332 -16.3541815235576 -17.1318823578077
-9999 -9999 -9999 -9999 -9999 -9999 -9999 -9999 -22.0700763887008 -15.4707859063078 -11.9177525279301 -34.4120486696859 -88.8861103952581 -102.592421324722 -71.3390478063517 -49.1865222573816 -38.7568871142512 -36.6748800022933 -38.1190354335299 -41.8682015177592 -41.1185065161564 -38.7381618583432 -35.4401406671658 -33.7894042510067 -35.1901457604261 -36.6569384500178 -36.232542446602 -35.8212807979182 -35.4588444329594 -34.8028809121833 -34.6980440864194 -35.5942939079892 -36.5653667708484 -36.3389417892334 -35.8320143455223 -34.2580046538027 -34.9053720153885 -34.6611922873646 -33.7265671179149 -34.8997643193815 -34.2154140632531 -34.8247512582811 -34.8820794187381 -32.2931425103529 -32.096341188515 -27.9517514567714 -25.8947694252488 -23.7965586233408 -20.6943357629955 -18.2114983770401 -15.5088599118608 -13.9639211242536 -12.4398750006308 -10.8849248330124 -9.69765712673378 -8.67448130216547
-9999 -9999 -9999 -9999 -9999 -9999 -46.3251526026073 -37.5392437837283 -24.5436277333909 -20.8717036408575 -20.9673758596741 -35.6783846218604 -63.3630612819054 -64.1260551877518 -44.2517878004031 -30.1453338820662 -28.2485986481069 -33.1221360568736 -36.6889130335255 -38.7495287088239 -37.5385822497935 -34.7729061442683 -32.8208111694003 -30.1181105548616 -28.477288591213 -27.5217453306754 -26.5994211352463 -26.6156438645086 -26.6145515864682 -25.6933657409237 -25.5612896788915 -25.6718225732603 -26.1423643361667 -25.6312073417979 -25.1363143467239 -24.3389906642719 -22.9529757524341 -22.1319612849045 -21.1202137872781 -21.2012763151395 -21.6878420178254 -22.2384424269904 -22.2686255306191 -20.0625889546636 -19.13821099182 -17.525558411211 -15.4108070630881 -14.1223307787095 -13.7919129414431 -12.9789108796278 -12.2485603858374 -10.8142309352443 -9.3227629229784 -7.88377150389132 -6.75187797300716 -6.16537869875789
-9999 -9999 -9999 -9999 -9999 -41.4858793567855 -36.8077431387172 -32.1884693988694 -26.9873025468307 -28.1342780351483 -33.6793418825803 -33.9166461852006 -40.5226264258396 -34.3070399486802 -24.8077281791725 -14.9453435294337 -19.2770738293442 -27.7945395458561 -34.6274837552983 -35.3340738643645 -33.3480239349192 -31.0808353731206 -30.9333454162084 -27.5406693062148 -23.3375243321495 -20.6016388881411 -19.6335821355451 -19.2871014789874 -18.999090435489 -19.9239393218405 -19.6920551668864 -18.9297108799336 -19.3661360109065 -19.0952004033072 -18.8454810725708 -19.0526548339566 -16.3225923439257 -14.5143981220587 -13.2148763153348 -13.4862321790826 -13.2156134652774 -12.9380848732394 -13.1468453251494 -11.8753132080657 -12.0028406724737 -10.8997050121323 -10.6989859694548 -11.507495067591 -11.3253101421947 -11.2201028901552 -11.1002517941636 -9.3095890822961 -7.87795586928416 -6.44583037318169 -5.53426821912518 -5.69316675436876
-9999 -9999 -9999 -9999 -9999 -26.1352724334927 -29.0581304533821 -25.2619530212042 -25.6642826376247 -32.8921853477556 -34.4152779298839 -30.7788634482814 -24.1948671116338 -17.3341336514365 -14.2729016454865 -13.4289667064415 -17.9678720094132 -23.854780201448 -29.8215795344995 -26.4109484978888 -22.3345592021764 -20.5665123781243 -20.3028480206135 -18.5829090105875 -16.2416659597641 -14.76968346124 -14.6577084564715 -14.7158947139948 -13.8774435812423 -13.3870494078036 -13.3493335644885 -13.7336737158081 -14.1777063094074 -14.6729984906716 -14.5781360433391 -13.923508924943 -11.7361474949775 -9.80638653676504 -8.592700628467 -7.81712766992053 -7.72415585722092 -7.61772408219175 -7.65622268646604 -7.93782614873491 -8.73770310316394 -9.89719472016334 -10.2352659463229 -10.4990376779909 -10.4166249124797 -10.351821109726 -10.2405570258789 -8.86255494866082 -7.38182130592631 -6.17552942671208 -5.27310421335711 -4.91964965703974
-9999 -9999 -9999 -9999 -9999 -9999 -21.6421624906107 -19.0253445900618 -22.599814104533 -34.5112591074992 -45.5837930134342 -42.679071237865 -22.4298405142249 -14.2308511067143 -15.4853339323544 -13.3529993319267 -17.8850564255441 -22.7091110060215 -23.6300778346225 -21.0496743260623 -16.058711067844 -14.9415064846455 -13.6370185828322 -12.0109403133198 -10.6016724384494 -8.90125424872145 -8.63224310375622 -8.24806665089161 -8.42623399580299 -8.81096189009894 -8.13016648261664 -8.80178381080192 -9.38751520012994 -9.63777529166433 -10.5118789538675 -10.6118730427935 -8.86523481797243 -6.81448366246835 -5.30237098838119 -4.59779246332707 -4.57389864510832 -4.70548427054237 -5.74998520026949 -6.69462724275661 -7.89921450349305 -9.33755899708421 -9.62946945883617 -10.3551676380431 -10.3551083504681 -10.6088568683379 -10.2835855349218 -9.16073721337587 -8.00800411679042 -6.96609154302748 -6.04640257973959 -5.75912446502926
-9999 -9999 -9999 -9999 -9999 -9999 -21.9101066493572 -15.1942863137189 -19.2026184440005 -32.1566522932757 -48.3385399285474 -63.9975999421671 -58.1612879473523 -42.2611637604953 -30.620892636321 -26.8024758730343 -23.4818994079606 -21.8524697702635 -20.6137380617239 -18.7315239615215 -13.639017092279 -11.6887082689683 -10.4816823263596 -8.87608474884876 -7.32409125160929 -6.04146915623426 -5.60406367094265 -5.31879345718968 -5.35531236158121 -5.74426310050874 -6.1747541098085 -6.47564431786933 -6.5659303889169 -6.28480525135577 -6.13712482603492 -5.84664217579808 -4.88883612756741 -4.27536306223458 -3.22466482769212 -2.68708463736681 -2.73086284342135 -3.18903780845817 -4.22475236448419 -5.1403670505076 -6.35404983252761 -7.67135980324522 -8.6909584991043 -9.72737066317318 -10.6208715276761 -11.6604629307041 -12.1761929196409 -10.819657731281 -9.6055123540698 -9.13162769193758 -8.97184846192568 -9.46450906647804
-9999 -9999 -9999 -9999 -9999 -9999 -22.4000058783536 -19.8524153053632 -21.810526141532 -37.5538556220405 -58.2543055979404 -74.8620342547042 -99.62862534628 -88.3433881577763 -64.0767538664754 -49.9931232920114 -35.0284880508985 -23.8509332091594 -21.4118208182062 -17.1141440997958 -13.3203525064706 -10.7231801770717 -10.1122909874954 -8.49601457737435 -6.64219254137738 -5.23951217074656 -4.82268636763416 -4.71671533959175 -4.56505006450688 -4.64170870714326 -4.58517615650299 -4.6950134051378 -4.89417153442253 -4.33844821261217 -3.74118211228304 -3.15139616600736 -2.25501332127189 -1.87991933352049 -1.84728588215638 -1.76189755473786 -1.73439737095652 -1.85205435903692 -2.78404699688801 -3.62053522216129 -4.72324698465214 -5.92212865307362 -6.990581708375 -8.97712958065297 -10.5049749272546 -12.2317751355325 -13.9437800512155 -12.5282210059303 -11.6665601011534 -11.7185757774147 -12.4245284091005 -14.233340138402
-9999 -9999 -9999 -9999 -9999 -9999 -9999 -9999 -49.9670513696313 -49.2247286699767 -56.247846391697 -84.2929070337961 -122.075231220171 -118.267771862121 -92.3078075632259 -65.9127113357564 -43.0659419585992 -30.4296295864597 -26.6672543718902 -16.8323653933431 -10.9001403616094 -9.25720405523611 -8.57850582077877 -7.25550242880326 -6.84161699707455 -5.45458157533107 -4.55986091285128 -3.87760055537071 -3.64108741735674 -3.72320460951288 -3.727483466698 -3.86523478093661 -3.64672758776655 -3.55938604022609 -2.8036842871275 -1.97428201630817 -1.32729146428911 -0.931243638265603 -0.744297185081612 -0.994431631317147 -1.0307729480463 -1.45823542757477 -2.02352195680686 -2.54453364103251 -3.37623045986121 -4.61594759808441 -5.93736995707492 -7.61785521251551 -9.35110053687212 -11.5671315179831 -12.7082248268731 -12.9928116139067 -12.9402642725826 -13.8977576435158 -15.4214841010118 -17.0929491359371
-9999 -9999 -9999 -9999 -9999 -9999 -9999 -9999 -53.7729018470003 -57.1980469631339 -54.4149236498716 -92.7576826550002 -149.911477124856 -138.718634533765 -105.769552968619 -75.4471307419316 -47.9453372870178 -32.250443082194 -29.9691651710498 -16.9562296584257 -9.4179261097815 -7.54966253441037 -7.96787722891505 -6.70332593665295 -5.72684293440246 -5.02410337787243 -4.52247821031733 -3.82165510615888 -3.82268065390953 -3.72822337487345 -3.1275913296281 -3.15189150083913 -2.65940155455328 -2.06329345945402 -1.90214352737924 -1.73704537877053 -1.22763553209458 -0.724775773674284 -0.394423393947037 -0.331333788262381 -0.609722750639871 -0.637031844787574 -1.0548435381188 -1.57302392977022 -2.31026166914147 -3.5140206457574 -4.54853123177957 -6.46900335297585 -8.42395525888784 -9.8990095925741 -11.7140086402994 -12.4614336864108 -13.1734165500662 -14.5670089801615 -16.1627224395997 -18.5589961710885
-9999 -9999 -9999 -9999 -9999 -9999 -9999 -9999 -9999 -61.8589348097667 -50.8350410599206 -97.6904272945908 -185.265783656956 -160.870651911213 -109.674738522148 -78.6642450933916 -46.9067102274255 -28.114002539799 -27.6213042350758 -16.1898271289946 -8.87953281060629 -7.26880638491917 -8.13508059254722 -7.30466353864749 -5.49510962526679 -4.4058529318492 -3.72638061174614 -3.60516426419564 -3.44435664760858 -3.24690528278029 -3.1470463044002 -3.1948252881072 -3.19250695707442 -2.15476974132594 -1.30310928324359 -0.68844719028665 -0.515969448845099 -0.638323464894768 -0.817299264441791 -0.402672322475696 -0.298120649939305 -0.505485072287932 -0.806202859369874 -0.936878922121615 -1.29097510711574 -2.07038390126249 -3.34541157699776 -5.03477980590815 -6.94442573715097 -9.47657003073687 -11.1165885830646 -11.662107398058 -12.192258334308 -13.6263428069827 -15.3652347362619 -16.1655140150415
-9999 -9999 -9999 -9999 -9999 -9999 -9999 -9999 -9999 -9999 -60.4381240927405 -119.282297387387 -194.768948311175 -172.283418290759 -114.492770004006 -75.5791667767515 -37.8992856211105 -21.8489664346382 -21.8430470496075 -14.5941447781419 -9.05832682487937 -7.57941777288535 -8.2303189885435 -7.61332532538923 -5.74044367073335 -4.44674206510057 -3.91163758579822 -3.54989168400221 -3.31400690600285 -3.01861477001831 -2.9408825666652 -3.06193487007059 -3.02980936829336 -2.48895053739761 -1.7659992114118 -0.87791129333868 -0.37472377747138 -0.00693865995534071 -0.134480888024144 -0.654131347787362 -0.654069919606976 -0.371080746437319 -0.397107022002433 -0.575341525778408 -0.788415201793157 -1.11513301047453 -1.83792177838355 -3.58787165069378 -5.85623837368348 -7.44041407280313 -8.21826837932737 -9.02587524205992 -9.84960524224918 -11.3428807948706 -12.3181287657307 -13.154483625126
-9999 -9999 -9999 -9999 -9999 -9999 -9999 -9999 -9999 -9999 -9999 -136.912760967152 -189.52632568517 -178.536903986328 -118.273774134588 -71.5832657140136 -36.739126757502 -15.5435878248584 -14.3974326555772 -13.9077240245324 -10.2519604129218 -9.01155411315304 -8.35813717318523 -7.33159301228111 -6.13743941531993 -4.75844880044944 -4.21349668923483 -3.80887437004508 -3.45828922357221 -3.10161545702658 -2.8856993332749 -2.91699627067851 -2.91534746828789 -2.35435689326483 -1.81930382922894 -1.47899896746277 -0.888133443416728 -0.453242797306951 -0.154887227913399 -0.0798135762133192 -0.153639341631618 -0.459677385830652 -0.648100561129598 -0.63458586175587 -0.680717981008222 -0.873796422127086 -1.38860717224833 -2.66967247158416 -4.67150529924349 -5.18361092450442 -6.04880206298274 -7.16196737514779 -8.50744681016415 -9.82717600293983 -9.97189454678272 -10.4292049869941
