meets/meet004/_saidas_enm/CCSM_Bioclim_0k_Cavanillesia_umbellata2.asc
NCOLS 154 
NROWS 168 
XLLCORNER -112 
YLLCORNER -55.5 
CELLSIZE 0.5 
NODATA_value -9999 
[rows 58 to 86 of 168, columns 67 to 133 of 154]
0.0813008130081301 0.0162601626016261 0 0 0 0 0 0 0 0 0 0 0 0 0 0 0 0 0 0 0 0 0 0 0 0 0 0 0 0 0 0 0 0 0 0 0 0 0 0 0 0 0 0 0.0162601626016261 0.16260162601626 0.227642276422764 0.24390243902439 0.195121951219512 0.16260162601626 0.16260162601626 0.065040650406504 0.032520325203252 0.0162601626016261 0.0162601626016261 0.0162601626016261 0.0162601626016261 0.0162601626016261 0.032520325203252 0.032520325203252 -9999 0.0162601626016261 0.016260162601626 0 -9999 -9999 -9999
0.0813008130081301 0.0162601626016261 0 0 0 0 0 0 0 0 0 0 0 0 0 0 0 0 0 0 0 0 0 0 0 0 0 0 0 0 0 0 0 0 0 0 0 0 0 0 0 0 0 0 0 0.0487804878048781 0.178861788617886 0.16260162601626 0.16260162601626 0.0813008130081301 0.065040650406504 0.065040650406504 0.032520325203252 0.0162601626016261 0.0162601626016261 0.0162601626016261 0.0162601626016261 0.0487804878048781 0.032520325203252 0.032520325203252 0.032520325203252 0.032520325203252 0.032520325203252 0.032520325203252 0.032520325203252 0.0162601626016261 -9999
0.065040650406504 0 0 0 0 0 0 0 0 0 0 0 0 0 0 0 0 0 0 0 0 0 0 0 0 0 0 0 0 0 0 0 0 0 0 0 0 0 0 0 0 0 0 0 0 0 0.0487804878048781 0.16260162601626 0.16260162601626 0.065040650406504 0.065040650406504 0.065040650406504 0.065040650406504 0.0487804878048781 0.0487804878048781 0.0487804878048781 0.0487804878048781 0.0487804878048781 0.0487804878048781 0.0487804878048781 0.0487804878048781 0.0487804878048781 0.0487804878048781 0.0487804878048781 0.0487804878048781 0.032520325203252 0.0162601626016261
0.0487804878048781 0.0162601626016261 0 0 0 0 0 0 0 0 0 0 0 0 0 0 0 0 0 0 0 0 0 0 0 0 0 0 0 0 0 0 0 0 0 0 0 0 0 0 0 0 0 0 0 0 0 0.0162601626016261 0.032520325203252 0.0487804878048781 0.0487804878048781 0.032520325203252 0.0162601626016261 0.032520325203252 0.0162601626016261 0.032520325203252 0.0162601626016261 0.0162601626016261 0.0162601626016261 0.0162601626016261 0.0162601626016261 0.0162601626016261 0.0162601626016261 0.0162601626016261 0.0162601626016261 0.0487804878048781 0.032520325203252
0.065040650406504 0.0162601626016261 0.0162601626016261 0.0162601626016261 0.00813008130081294 0 0 0 0 0 0 0 0 0 0 0 0 0 0 0 0 0 0 0 0 0 0 0 0 0 0 0 0 0 0 0 0 0 0 0 0 0 0 0 0 0 0 0 0 0 0 0 0 0 0 0 0 0 0 0 0 0 0 0 0 0.0162601626016261 0.0162601626016261
0.065040650406504 0.0162601626016261 0.0162601626016261 0.0162601626016261 0.0162601626016261 0.0162601626016261 0.0162601626016261 0.0162601626016261 0.0162601626016261 0.0162601626016261 0.0162601626016261 0.024390243902439 0.032520325203252 0.032520325203252 0.0162601626016261 0.0162601626016261 0.0162601626016261 0.0162601626016261 0.0162601626016261 0.0162601626016261 0 0 0 0 0 0 0 0 0 0 0 0.0162601626016261 0.0162601626016261 0.0162601626016261 0.032520325203252 0.032520325203252 0.0487804878048781 0.0487804878048781 0.0487804878048781 0.0487804878048781 0.0487804878048781 0.0487804878048781 0.0487804878048781 0.032520325203252 0.032520325203252 0.0162601626016261 0.0162601626016261 0 0 0 0 0 0 0 0 0 0 0 0 0 0 0 0 0 0 0 0
0.032520325203252 0.0162601626016261 0.0162601626016261 0.0162601626016261 0.0162601626016261 0.0162601626016261 0.0162601626016261 0.0162601626016261 0.0162601626016261 0.0162601626016261 0.0162601626016261 0.0487804878048781 0.065040650406504 0.065040650406504 0.065040650406504 0.0731707317073171 0.113821138211382 0.0813008130081301 0.0487804878048781 0.0487804878048781 0.0487804878048781 0.0487804878048781 0.032520325203252 0.032520325203252 0.032520325203252 0.032520325203252 0.032520325203252 0.032520325203252 0.0487804878048781 0.0487804878048781 0.0487804878048781 0.0487804878048781 0.0487804878048781 0.0487804878048781 0.0487804878048781 0.0487804878048781 0.0487804878048781 0.0487804878048781 0.0487804878048781 0.0487804878048781 0.0487804878048781 0.0487804878048781 0.0487804878048781 0.0487804878048781 0.0975609756097562 0.113821138211382 0.0813008130081301 0.0813008130081301 0.0487804878048781 0.0487804878048781 0.0487804878048781 0.0487804878048781 0.0487804878048781 0.0487804878048781 0.0487804878048781 0.0162601626016261 0 0 0 0 0 0 0 0 0 0 0
0.0162601626016261 0.0162601626016261 0.0162601626016261 0.0162601626016261 0.0162601626016261 0.0162601626016261 0.0162601626016261 0.0162601626016261 0.0162601626016261 0.032520325203252 0.056910569105691 0.065040650406504 0.065040650406504 0.113821138211382 0.113821138211382 0.113821138211382 0.0975609756097562 0.0975609756097562 0.0975609756097562 0.113821138211382 0.0975609756097562 0.113821138211382 0.113821138211382 0.0975609756097562 0.0975609756097562 0.0487804878048781 0.0487804878048781 0.0487804878048781 0.0487804878048781 0.0487804878048781 0.0487804878048781 0.0487804878048781 0.0487804878048781 0.0487804878048781 0.0487804878048781 0.0487804878048781 0.0487804878048781 0.0487804878048781 0.0487804878048781 0.0487804878048781 0.0487804878048781 0.0487804878048781 0.0487804878048781 0.0975609756097562 0.0975609756097562 0.0975609756097562 0.0975609756097562 0.0975609756097562 0.0975609756097562 0.0975609756097562 0.065040650406504 0.0487804878048781 0.0487804878048781 0.0487804878048781 0.0487804878048781 0.0162601626016261 0.0162601626016261 0 0 0 0 0 0 0 0 0 0
0.0162601626016261 0.0162601626016261 0.0162601626016261 0.0162601626016261 0.0162601626016261 0.0162601626016261 0.0162601626016261 0.0162601626016261 0.032520325203252 0.065040650406504 0.105691056910569 0.113821138211382 0.113821138211382 0.0975609756097562 0.0487804878048781 0.0487804878048781 0.0487804878048781 0.0487804878048781 0.0487804878048781 0.0487804878048781 0.0487804878048781 0.0975609756097562 0.0975609756097562 0.0975609756097562 0.0975609756097562 0.0487804878048781 0.0487804878048781 0.0487804878048781 0.0487804878048781 0.0487804878048781 0.0487804878048781 0.0487804878048781 0.0487804878048781 0.0487804878048781 0.0487804878048781 0.0487804878048781 0.0487804878048781 0.0487804878048781 0.0487804878048781 0.0487804878048781 0.0487804878048781 0.0487804878048781 0.065040650406504 0.065040650406504 0.0975609756097562 0.0975609756097562 0.065040650406504 0.065040650406504 0.065040650406504 0.0487804878048781 0.0487804878048781 0.0487804878048781 0.0487804878048781 0.0487804878048781 0.0487804878048781 0.0162601626016261 0.0162601626016261 0.0162601626016261 0 0 0 0 0 0 0 0 0
0.0162601626016261 0.0162601626016261 0.0162601626016261 0.0162601626016261 0.0162601626016261 0.0162601626016261 0.0162601626016261 0.0487804878048781 0.0487804878048781 0.0487804878048781 0.113821138211382 0.0975609756097562 0.0487804878048781 0.0975609756097562 0.0487804878048781 0.0487804878048781 0.0487804878048781 0.0487804878048781 0.0487804878048781 0.0487804878048781 0.0487804878048781 0.0487804878048781 0.0487804878048781 0.0487804878048781 0.0487804878048781 0.0487804878048781 0.0487804878048781 0.0487804878048781 0.0487804878048781 0.0487804878048781 0.0487804878048781 0.0487804878048781 0.0487804878048781 0.0487804878048781 0.0487804878048781 0.0487804878048781 0.0487804878048781 0.0487804878048781 0.0487804878048781 0.0487804878048781 0.0487804878048781 0.0487804878048781 0.065040650406504 0.065040650406504 0.065040650406504 0.065040650406504 0.0487804878048781 0.0487804878048781 0.0487804878048781 0.0487804878048781 0.0487804878048781 0.0487804878048781 0.0487804878048781 0.0487804878048781 0.0487804878048781 0.0162601626016261 0.0162601626016261 0.0162601626016261 0.0162601626016261 0.0162601626016261 0 0 0 0 0 0 0
0.0162601626016261 0.0162601626016261 0.0162601626016261 0.0162601626016261 0.0162601626016261 0.0162601626016261 0.0162601626016261 0.0487804878048781 0.0487804878048781 0.16260162601626 0.16260162601626 0.113821138211382 0.113821138211382 0.113821138211382 0.113821138211382 0.0975609756097562 0.0487804878048781 0.0487804878048781 0.0487804878048781 0.0487804878048781 0.0487804878048781 0.0487804878048781 0.0487804878048781 0.0487804878048781 0.0487804878048781 0.0487804878048781 0.0487804878048781 0.0487804878048781 0.0487804878048781 0.0487804878048781 0.0487804878048781 0.0487804878048781 0.0487804878048781 0.0487804878048781 0.0487804878048781 0.0487804878048781 0.0487804878048781 0.0487804878048781 0.0487804878048781 0.0487804878048781 0.0487804878048781 0.065040650406504 0.0487804878048781 0.0487804878048781 0.0487804878048781 0.0487804878048781 0.0487804878048781 0.0487804878048781 0.0487804878048781 0.0487804878048781 0.0487804878048781 0.0487804878048781 0.0487804878048781 0.0487804878048781 0.0162601626016261 0.0162601626016261 0.0162601626016261 0.0162601626016261 0.0162601626016261 0.0162601626016261 0.0162601626016261 0 0 0 0 0 0
0.0162601626016261 0.0162601626016261 0.0162601626016261 0.0162601626016261 0.0162601626016261 0.0162601626016261 0.0162601626016261 0.032520325203252 0.0487804878048781 0.16260162601626 0.16260162601626 0.113821138211382 0.113821138211382 0.16260162601626 0.16260162601626 0.113821138211382 0.0487804878048781 0.0487804878048781 0.0487804878048781 0.0487804878048781 0.0487804878048781 0.0487804878048781 0.0487804878048781 0.0487804878048781 0.0487804878048781 0.0487804878048781 0.0487804878048781 0.0487804878048781 0.0487804878048781 0.0487804878048781 0.0487804878048781 0.0487804878048781 0.0487804878048781 0.0487804878048781 0.0487804878048781 0.0487804878048781 0.0487804878048781 0.0487804878048781 0.0487804878048781 0.0487804878048781 0.0487804878048781 0.065040650406504 0.0487804878048781 0.0487804878048781 0.0487804878048781 0.0487804878048781 0.0487804878048781 0.0487804878048781 0.0487804878048781 0.0487804878048781 0.0487804878048781 0.0487804878048781 0.0487804878048781 0.0162601626016261 0.0162601626016261 0.0162601626016261 0.0162601626016261 0.0162601626016261 0 0 0 0 0 0 0 0 0
0.065040650406504 0.0162601626016261 0.0162601626016261 0.0162601626016261 0.0162601626016261 0.0162601626016261 0.0162601626016261 0.0162601626016261 0.0487804878048781 0.146341463414634 0.130081300813008 0.0487804878048781 0.0487804878048781 0.0975609756097562 0.146341463414634 0.113821138211382 0.0487804878048781 0.0487804878048781 0.0487804878048781 0.0487804878048781 0.0487804878048781 0.0487804878048781 0.0487804878048781 0.0487804878048781 0.0487804878048781 0.0487804878048781 0.0487804878048781 0.0487804878048781 0.0487804878048781 0.0487804878048781 0.0487804878048781 0.0487804878048781 0.0487804878048781 0.0487804878048781 0.0487804878048781 0.0487804878048781 0.0487804878048781 0.0487804878048781 0.0487804878048781 0.0487804878048781 0.065040650406504 0.065040650406504 0.0487804878048781 0.0487804878048781 0.0487804878048781 0.0487804878048781 0.0487804878048781 0.0487804878048781 0.0487804878048781 0.0487804878048781 0.0487804878048781 0.0487804878048781 0.0162601626016261 0.0162601626016261 0.0162601626016261 0.0162601626016261 0.0162601626016261 0.0162601626016261 0 0 0 0 0 0 0 0 0
0.0813008130081301 0.0162601626016261 0.0162601626016261 0.0162601626016261 0.0162601626016261 0.0162601626016261 0.0162601626016261 0.0162601626016261 0.0487804878048781 0.130081300813008 0.113821138211382 0.0487804878048781 0.0487804878048781 0.0487804878048781 0.113821138211382 0.0487804878048781 0.0487804878048781 0.0487804878048781 0.0487804878048781 0.0487804878048781 0.0487804878048781 0.0487804878048781 0.0487804878048781 0.0487804878048781 0.0487804878048781 0.0487804878048781 0.0487804878048781 0.0487804878048781 0.0487804878048781 0.0487804878048781 0.0487804878048781 0.0487804878048781 0.0487804878048781 0.0487804878048781 0.0487804878048781 0.0487804878048781 0.0487804878048781 0.0487804878048781 0.0487804878048781 0.0487804878048781 0.065040650406504 0.065040650406504 0.065040650406504 0.0487804878048781 0.0487804878048781 0.0487804878048781 0.0487804878048781 0.0487804878048781 0.0487804878048781 0.0487804878048781 0.0487804878048781 0.0487804878048781 0.0487804878048781 0.0162601626016261 0.0162601626016261 0.0162601626016261 0.0162601626016261 0.0162601626016261 0.0162601626016261 0 0 0 0 0 0 0 0
0.0813008130081301 0.0162601626016261 0.032520325203252 0.032520325203252 0.0162601626016261 0.0162601626016261 0.0162601626016261 0.032520325203252 0.0487804878048781 0.0813008130081301 0.0813008130081301 0.0487804878048781 0.0487804878048781 0.0487804878048781 0.0813008130081301 0.0487804878048781 0.0487804878048781 0.0487804878048781 0.0487804878048781 0.0487804878048781 0.0487804878048781 0.0487804878048781 0.032520325203252 0.0487804878048781 0.0487804878048781 0.0487804878048781 0.0487804878048781 0.0487804878048781 0.0487804878048781 0.0487804878048781 0.0487804878048781 0.0487804878048781 0.0487804878048781 0.0487804878048781 0.0487804878048781 0.0975609756097562 0.0975609756097562 0.0975609756097562 0.0487804878048781 0.0487804878048781 0.0975609756097562 0.065040650406504 0.065040650406504 0.0487804878048781 0.0487804878048781 0.0487804878048781 0.0487804878048781 0.0487804878048781 0.0487804878048781 0.0487804878048781 0.0487804878048781 0.0487804878048781 0.0487804878048781 0.0487804878048781 0.0162601626016261 0.0162601626016261 0.0162601626016261 0.0162601626016261 0.0162601626016261 0.0162601626016261 0 0 0 0 0 0 0
0.0813008130081301 0.032520325203252 0 0.032520325203252 0.032520325203252 0.0487804878048781 0.065040650406504 0.032520325203252 0.0487804878048781 0.065040650406504 0.065040650406504 0 0 0.0487804878048781 0.065040650406504 0.0487804878048781 0.0487804878048781 0.0487804878048781 0.0487804878048781 0.0487804878048781 0.0487804878048781 0.032520325203252 0.032520325203252 0.032520325203252 0.032520325203252 0.0487804878048781 0.0487804878048781 0.0487804878048781 0.0487804878048781 0.0487804878048781 0.0487804878048781 0.0487804878048781 0.0487804878048781 0.0487804878048781 0.113821138211382 0.113821138211382 0.0975609756097562 0.0975609756097562 0.0975609756097562 0.0975609756097562 0.0813008130081301 0.065040650406504 0.065040650406504 0.0487804878048781 0.0487804878048781 0.0487804878048781 0.0487804878048781 0.0487804878048781 0.0487804878048781 0.0487804878048781 0.0487804878048781 0.0487804878048781 0.0487804878048781 0.0487804878048781 0.0487804878048781 0.0487804878048781 0.016260162601626 0 0 0 0 0 0 0 0 0 0.0162601626016261
0.0813008130081301 0.032520325203252 0 0.032520325203252 0.0650406504065041 0.0813008130081301 0.065040650406504 0 0.065040650406504 0.065040650406504 0.0162601626016261 0 0 0 0.0162601626016261 0.0487804878048781 0.0162601626016261 0.0487804878048781 0.0487804878048781 0.0487804878048781 0.032520325203252 0.032520325203252 0.032520325203252 0.032520325203252 0.032520325203252 0.032520325203252 0.032520325203252 0.0487804878048781 0.0487804878048781 0.0487804878048781 0.0487804878048781 0.0487804878048781 0.0487804878048781 0.113821138211382 0.146341463414634 0.146341463414634 0.113821138211382 0.0975609756097562 0.0975609756097562 0.0813008130081301 0.0813008130081301 0.0813008130081301 0.065040650406504 0.065040650406504 0.0487804878048781 0.0487804878048781 0.0487804878048781 0.0487804878048781 0.0487804878048781 0.0487804878048781 0.0487804878048781 0.0487804878048781 0.0487804878048781 0.0487804878048781 0 0 0 0 0 0 0 0 0 0 0 0 0.032520325203252
0.0813008130081301 0.032520325203252 0 0.016260162601626 0.032520325203252 0.0813008130081301 0.065040650406504 0.065040650406504 0.065040650406504 0.065040650406504 0 0 0 0 0 0 0 0 0.0162601626016261 0.0162601626016261 0.032520325203252 0.032520325203252 0.032520325203252 0.032520325203252 0.032520325203252 0.032520325203252 0.032520325203252 0.0487804878048781 0.0487804878048781 0.0487804878048781 0.0487804878048781 0.0487804878048781 0.113821138211382 0.130081300813008 0.130081300813008 0.130081300813008 0.113821138211382 0.0813008130081301 0.0813008130081301 0.0813008130081301 0.0813008130081301 0.0813008130081301 0.0813008130081301 0.065040650406504 0.065040650406504 0.0487804878048781 0.0487804878048781 0.0487804878048781 0.0487804878048781 0.0487804878048781 0 0 0 0 0 0 0 0 0 0 0 0 0 0 0 0 0.0487804878048781
0.065040650406504 0.032520325203252 0.032520325203252 0.032520325203252 0.032520325203252 0.0731707317073171 0.0813008130081301 0.0813008130081301 0.065040650406504 0.065040650406504 0.0162601626016261 0 0 0 0 0 0 0 0 0 0 0.0162601626016261 0.0162601626016261 0.0162601626016261 0.0162601626016261 0.0162601626016261 0.0487804878048781 0.0487804878048781 0.0487804878048781 0.0487804878048781 0.0487804878048781 0.0813008130081301 0.0813008130081301 0.0813008130081301 0.0813008130081301 0.0813008130081301 0.0813008130081301 0.0813008130081301 0.065040650406504 0.065040650406504 0.065040650406504 0.065040650406504 0.065040650406504 0.065040650406504 0.065040650406504 0.065040650406504 0.065040650406504 0.0487804878048781 0 0 0 0 0 0 0 0 0 0 0 0 0 0 0 0 0 0 0.065040650406504
-9999 0.0813008130081301 0.032520325203252 0.032520325203252 0.032520325203252 0.032520325203252 0.0813008130081301 0.0813008130081301 0.113821138211382 0.0813008130081301 0.065040650406504 0.0162601626016261 0 0 0 0 0 0 0 0 0 0 0 0 0 0 0 0 0.0162601626016261 0.0487804878048781 0.0487804878048781 0.0487804878048781 0.0813008130081301 0.0813008130081301 0.0813008130081301 0.065040650406504 0.065040650406504 0.065040650406504 0.065040650406504 0.065040650406504 0.065040650406504 0.065040650406504 0.065040650406504 0.065040650406504 0.065040650406504 0.0487804878048781 0 0 0 0 0 0 0 0 0 0 0 0 0 0 0 0 0 0 0 0.016260162601626 0.0975609756097562
-9999 0.0813008130081301 0.0650406504065041 0.032520325203252 0.032520325203252 0.032520325203252 0.032520325203252 0.032520325203252 0.0813008130081301 0.0813008130081301 0.0813008130081301 0.065040650406504 0 0 0 0 0 0 0 0 0 0 0 0 0 0 0 0 0 0.0162601626016261 0.0487804878048781 0.0487804878048781 0.0487804878048781 0.0487804878048781 0.065040650406504 0.065040650406504 0.065040650406504 0.0162601626016261 0.065040650406504 0.065040650406504 0.0162601626016261 0.0162601626016261 0 0.0162601626016261 0.016260162601626 0 0 0 0 0 0 0 0 0 0 0 0 0 0 0 0 0 0 0 0 0.0487804878048781 0.178861788617886
-9999 -9999 0.0813008130081301 0.032520325203252 0 0 0 0 0.00813008130081301 0.0650406504065041 0.0813008130081301 0.0813008130081301 0 0 0 0 0 0 0 0 0 0 0 0 0 0 0 0 0 0 0.0162601626016261 0.032520325203252 0.032520325203252 0.0487804878048781 0.065040650406504 0.065040650406504 0 0 0 0 0 0 0 0 0 0 0 0 0 0 0 0 0 0 0 0 0 0 0 0 0 0 0 0 0 0.195121951219512 0.276422764227642
-9999 -9999 0.065040650406504 0.0650406504065041 0 0 0 0 0 0 0.032520325203252 0.0487804878048781 0.065040650406504 0.065040650406504 0 0 0 0 0 0 0 0 0 0 0 0 0 0 0 0 0 0.032520325203252 0.032520325203252 0.0487804878048781 0.065040650406504 0 0 0 0 0 0 0 0 0 0 0 0 0 0 0 0 0 0 0 0 0 0 0 0 0 0 0 0 0 0 0.16260162601626 0.16260162601626
-9999 -9999 -9999 0.0813008130081301 0.032520325203252 0 0 0 0 0 0 0 0 0.0162601626016261 0.0487804878048781 0.065040650406504 0.0406504065040652 0 0.00813008130081294 0.0162601626016261 0.0162601626016261 0.0162601626016261 0 0 0 0 0 0 0 0 0 0 0 0.0162601626016261 0.0162601626016261 0 0 0 0 0 0 0 0 0 0 0 0 0 0 0 0 0 0 0 0 0 0 0 0 0 0 0 0 0 0.0487804878048781 0.16260162601626 0.16260162601626
-9999 -9999 -9999 0.0813008130081301 0.065040650406504 0 0 0 0 0 0 0 0 0 0 0 0.0487804878048781 0.065040650406504 0.0813008130081301 0.0162601626016261 0.0162601626016261 0.0162601626016261 0.0162601626016261 0.0162601626016261 0.0162601626016261 0.0162601626016261 0.0162601626016261 0.0162601626016261 0.0162601626016261 0 0 0 0 0 0 0 0 0 0 0 0 0 0 0 0 0 0 0 0 0 0 0 0 0 0 0 0 0 0 0 0 0 0 0 0.0487804878048781 0.16260162601626 0.16260162601626
-9999 -9999 -9999 -9999 0.0813008130081301 0.032520325203252 0 0 0 0 0 0 0 0 0 0 0 0 0.0487804878048781 0.0975609756097562 0.0813008130081301 0.0162601626016261 0.0162601626016261 0.0162601626016261 0.0162601626016261 0.0162601626016261 0.0162601626016261 0.0162601626016261 0.0162601626016261 0.0162601626016261 0.0162601626016261 0 0 0 0 0 0 0 0 0 0 0 0 0 0 0 0 0 0 0 0 0 0 0 0 0 0 0 0 0 0 0 0 0.00813008130081301 0.211382113821138 0.260162601626016 0.260162601626016
-9999 -9999 -9999 -9999 0.113821138211382 0.0813008130081301 0 0 0 0 0 0 0 0 0 0 0 0 0 0.0487804878048781 0.0975609756097562 0.0487804878048781 0.0162601626016261 0.0162601626016261 0.0162601626016261 0.0162601626016261 0.0162601626016261 0 0 0 0.0162601626016261 0 0 0 0 0 0 0 0 0 0 0 0 0 0 0 0 0 0 0 0 0 0 0 0 0 0 0 0 0 0 0 0 0.130081300813008 0.219512195121951 0.260162601626016 0.276422764227642
-9999 -9999 -9999 -9999 0.016260162601626 0.032520325203252 0.032520325203252 0 0 0 0 0 0 0 0 0 0 0 0 0.032520325203252 0.0487804878048781 0.0731707317073171 0 0.032520325203252 0.0162601626016261 0.0162601626016261 0.00813008130081294 0 0 0 0.0162601626016261 0 0 0 0 0 0 0 0 0 0 0 0 0 0 0 0 0 0 0 0 0 0 0 0 0 0 0 0 0 0 0 0.032520325203252 0.211382113821138 0.341463414634146 0.341463414634146 0.308943089430894
-9999 -9999 -9999 -9999 -9999 0.0650406504065041 0.0162601626016261 0.0162601626016261 0 0 0 0 0 0 0 0 0 0 0 0 0.0487804878048781 0.0813008130081301 0 0 0 0.0162601626016261 0.0162601626016261 0.0162601626016261 0 0 0.0162601626016261 0 0 0 0 0 0.0162601626016261 0.0487804878048781 0 0 0 0 0 0 0 0 0 0 0 0 0 0 0 0 0 0 0 0 0 0 0 0.016260162601626 0.0487804878048781 0.284552845528455 0.341463414634146 0.341463414634146 0.308943089430894
