meets/meet004/_saidas_enm/CCSM_SVM_6k_Aralia_warmingiana5.asc
NCOLS 154 
NROWS 168 
XLLCORNER -112 
YLLCORNER -55.5 
CELLSIZE 0.5 
NODATA_value -9999 
[rows 75 to 99 of 168, columns 55 to 109 of 154]
-9999 -9999 -9999 -9999 -9999 -9999 -9999 -9999 -9999 -9999 -9999 -9999 0.291874481487328 0.195851402098486 0.220621790964536 0.316244805118576 0.516841407464173 0.846849544870917 0.922357015561927 0.63599687070851 0.491838902297629 0.409449753752943 0.320124431708188 0.246545932715137 0.188500002263985 0.169215557863613 0.149025120991218 0.12068748374299 0.0863086988475438 0.0561030649483378 0.0353354200905554 0.0108644361178564 -0.0121749477706022 -0.0374803557440678 -0.0477421533522578 -0.0461090584203016 -0.0470212367082568 -0.0350393353233807 -0.0294011532023833 -0.00601846530836303 0.0278702162481144 0.0518318421572403 0.0874256896572712 0.107108081397898 0.136866666185173 0.167287222294294 0.162096104658992 0.13619727433573 0.0930628335115158 0.0527763858944651 0.0125590098204093 -0.0149582116297676 -0.0256512700719134 -0.0304857119290762 -0.0306875244731616
-9999 -9999 -9999 -9999 -9999 -9999 -9999 -9999 -9999 -9999 -9999 -9999 0.308940466878916 0.284862915841039 0.247057104739114 0.279800936369377 0.367559315330599 0.633748308884376 0.895821402512091 0.859588235815656 0.740108655312605 0.470386302193692 0.378329871760545 0.285116329106102 0.1933895972925 0.166103944501598 0.129105251056095 0.101408674636227 0.0670561514046837 0.0324610290054635 0.00706297266218886 -0.0203274944090842 -0.0457992297925918 -0.064065570381065 -0.0723786912172476 -0.0689040167969579 -0.0601467012035474 -0.0620629750154442 -0.0527837549805891 -0.0314003612717081 -0.00323645338284967 0.0430301917524144 0.0628812273345097 0.0895967248707331 0.11621504072633 0.135497065259658 0.156346105548655 0.132579359755128 0.0942629412885223 0.0612747236163925 0.0265511922231983 0.00128963314741237 -0.0114994498757116 -0.021731756147224 -0.0315867387747026
-9999 -9999 -9999 -9999 -9999 -9999 -9999 -9999 -9999 -9999 -9999 -9999 -9999 0.396259839270022 0.292887546699651 0.267553251315895 0.315604701665267 0.411066952619565 0.539547507346328 0.682582998108134 0.83905300453727 0.768085911054969 0.570872535214651 0.363023319881057 0.212749967967693 0.173129732751537 0.14140621913626 0.100160319793909 0.0570616222667311 0.0159841073092552 -0.0178462525111538 -0.0496914057838025 -0.0759290004227546 -0.0939454630613592 -0.101655893719948 -0.0987405366308398 -0.0931956100686806 -0.095359135425698 -0.0916849236070114 -0.0738897083606989 -0.0476965927648449 -0.010802103256243 0.0185248991473474 0.0460721261378581 0.0674018849075984 0.0795989858021569 0.0911779913026272 0.0884442745999652 0.0725687359303268 0.0554301584985908 0.0338769079213014 0.0105117627023123 -0.00555253531218353 -0.022822654880307 -0.0388038463115509
-9999 -9999 -9999 -9999 -9999 -9999 -9999 -9999 -9999 -9999 -9999 -9999 -9999 0.359782964446625 0.38156852491207 0.323327804511317 0.313282801456109 0.23914995261092 0.200221738756244 0.256266860465225 0.525070683730311 0.86683253609336 0.84253710755013 0.523238065620643 0.264662813736157 0.235125123193946 0.1980816157138 0.117728254136174 0.0630451101839259 0.0108004286348347 -0.0295538283621013 -0.0710910920406643 -0.0947522757350416 -0.117739498470554 -0.130546166452284 -0.129517370358118 -0.131681761632846 -0.135356003582433 -0.14181048593543 -0.131093721671579 -0.107437115513019 -0.0834362955580613 -0.0475430983986491 -0.0107743049224563 0.0133402776866994 0.0197276952732192 0.0197620062410411 0.0384508417851888 0.0397211405617534 0.0377189040469522 0.0287733505196688 0.00818521887892576 -0.0109689553545452 -0.0310460620367687 -0.0454486245941826
-9999 -9999 -9999 -9999 -9999 -9999 -9999 -9999 -9999 -9999 -9999 -9999 -9999 -9999 0.389586582089174 0.343841667232785 0.199339030843924 0.121315011321907 0.0948848968749514 0.107334783316063 0.17224031051679 0.389472570226734 0.712684466496234 0.784746679945068 0.509857688745872 0.400148105622472 0.296957904524511 0.18313853361281 0.0928218756045196 0.0201294205971346 -0.0238965462816859 -0.0671669222680535 -0.0989713798113855 -0.125106281056823 -0.144557962489396 -0.154182575294349 -0.16430351304753 -0.170370789877258 -0.175873466598707 -0.170082454865848 -0.156233067554899 -0.140034201663035 -0.11265276167824 -0.079059585791263 -0.0433260231140196 -0.0132546297756249 0.00273717722043182 0.0141038252580086 0.0194545599136617 0.0231586646321363 0.0175706604469524 0.0018541377561101 -0.0159750003520875 -0.0352346439750144 -0.0480898651674656
-9999 -9999 -9999 -9999 -9999 -9999 -9999 -9999 -9999 -9999 -9999 -9999 -9999 -9999 0.170209064458003 0.358116163226666 0.121617218073145 0.0800525107654798 0.0727049374514952 0.0781890576045442 0.0892627934294046 0.106699209313471 0.242898191035858 0.511220134349024 0.497260642515775 0.448294305055851 0.445813524488656 0.301607488270595 0.170763604578833 0.0482745704442367 -0.0106254756260108 -0.0464501166546483 -0.0953756874973067 -0.116277632570872 -0.142645537365596 -0.162704046212876 -0.182855263371511 -0.188428770784454 -0.195887611870754 -0.194811243464913 -0.188402405822007 -0.181497383763792 -0.164841086108546 -0.135787426213032 -0.0960221616118185 -0.0408441744180704 0.0114890810048983 -0.000155627484354326 0.00645828949505806 0.0132940226960309 0.00389338812572798 -0.000944755391452001 -0.0213266082465996 -0.0383568120055313 -0.0505324767951121
-9999 -9999 -9999 -9999 -9999 -9999 -9999 -9999 -9999 -9999 -9999 -9999 -9999 -9999 -9999 0.361102684631851 0.195123637476668 0.0811003066933001 0.0637186869263757 0.0702864714055394 0.0771151563044989 0.0808786517199889 0.0795098952918472 0.0768124742078008 0.0783268614647621 0.104038073871906 0.166114520423186 0.255181127482333 0.253345621853014 0.106747701000668 0.0371947359998295 -0.0516310022332812 -0.0641155965735356 -0.104307792893595 -0.134866069164588 -0.154147440473341 -0.178526725243351 -0.190062778297321 -0.203034550120824 -0.206109131730966 -0.200494509443974 -0.191487269617938 -0.183582860491235 -0.170569844000657 -0.134557320961243 -0.0748544390138725 -0.037232173185517 -0.0263979389848751 -0.0239169837312089 -0.0163805260128513 -0.0167666874256328 -0.0232831708573361 -0.0312667853644114 -0.0426771490677518 -0.0520482087486849
-9999 -9999 -9999 -9999 -9999 -9999 -9999 -9999 -9999 -9999 -9999 -9999 -9999 -9999 -9999 0.229961747125976 0.230476690251486 0.112867523235465 0.0482273262764733 0.0599947496794975 0.0740392537996629 0.0774332885277084 0.0769260414368171 0.0792622852598227 0.0793424514731771 0.0753915619888447 0.0769986590954629 0.0763483975208801 0.118429126139442 0.163214629894403 0.179874511872048 -0.0410685456059312 -0.0331952200071389 -0.0662467387284269 -0.098457118748466 -0.12467381522739 -0.157170296316592 -0.164823376191092 -0.181357892672106 -0.205810158208817 -0.20376338546706 -0.200639900431055 -0.196740748406469 -0.188443370665048 -0.15700225075559 -0.109175961432068 -0.0703401013145646 -0.0527857954658042 -0.0508533789381858 -0.0408398044165198 -0.0347383547028118 -0.0394841083210703 -0.0374784544960959 -0.043773241990087 -0.0489481662460834
-9999 -9999 -9999 -9999 -9999 -9999 -9999 -9999 -9999 -9999 -9999 -9999 -9999 -9999 -9999 -9999 0.304730908121952 0.24663144639423 0.0428464606749653 0.0393649938529199 0.0693086831987063 0.0795881633267398 0.0817346234047375 0.0834738977388638 0.0840290892435629 0.084040314790804 0.084203518068064 0.0819323532082702 0.0782486941178887 0.0731969980421299 0.109179890580667 0.276160806865643 0.239633220167627 -0.0026161061960549 -0.125457209431382 -0.129127067048965 -0.125675027500492 -0.151363352460699 -0.182080257306391 -0.193148254536751 -0.184778090515564 -0.177591900341086 -0.198331977515434 -0.19971513831032 -0.176559758655503 -0.137634443127326 -0.0960744435701265 -0.0718130026573565 -0.0590666621524748 -0.0436637882278419 -0.0328592947251313 -0.0287865398771447 -0.0307911832658321 -0.0357408608432923 -0.0400303612242865
-9999 -9999 -9999 -9999 -9999 -9999 -9999 -9999 -9999 -9999 -9999 -9999 -9999 -9999 -9999 -9999 0.0691492166053441 0.368301572844985 0.0752510352295975 -0.00302243549885212 0.0525067481055088 0.078938792342309 0.0818822023311621 0.0843086110595398 0.0848808505567842 0.0851123755966547 0.0853924998227783 0.0851431386591915 0.085184890304398 0.0839610316719195 0.0768174067067567 0.187899340206487 0.441251308467391 0.189563456599367 -0.11491147946556 -0.15420829020176 -0.105960979922104 -0.158329744302596 -0.1880990060667 -0.180825194826308 -0.131760985068259 -0.0891331965727694 -0.184863764416777 -0.214716965534316 -0.187561057593181 -0.156116596096268 -0.112684536539657 -0.0794550413151593 -0.0561778041494601 -0.0320952810293421 -0.0135995321316303 -0.00161251183463385 -0.00925482700701341 -0.0213494392516732 -0.030312818332355
-9999 -9999 -9999 -9999 -9999 -9999 -9999 -9999 -9999 -9999 -9999 -9999 -9999 -9999 -9999 -9999 0.0559725435533147 0.269333738317506 0.194730704168982 0.0165418212282255 -0.00600438382751178 0.0526153770116317 0.0753097608305937 0.0822668798887256 0.0840639855874486 0.0847037208211513 0.0848742610869763 0.0848413026116155 0.0848625908094767 0.0836010208752238 0.0783239380892627 0.0989442790168714 0.340197311061033 0.582460593863137 0.135438000167314 -0.090283965708013 -0.168541706706869 -0.201956834464503 -0.201114155315436 -0.187747913346815 -0.107771123312388 -0.0643155567897556 -0.188446241693327 -0.222539352171384 -0.193788150878942 -0.16514434524006 -0.129425347704575 -0.0935251144192655 -0.0551072947031866 -0.021923408742562 0.0011269199186803 0.0202622876096514 0.00303121761618785 -0.0130053824128061 -0.0271044103223862
-9999 -9999 -9999 -9999 -9999 -9999 -9999 -9999 -9999 -9999 -9999 -9999 -9999 -9999 -9999 -9999 -9999 0.0847889125289608 0.203461051412455 0.145288936276037 0.023919451105511 -3.13095128258167e-05 0.0375019315093693 0.0712739999469794 0.0799976256643512 0.0827506478787195 0.0838317435286069 0.0845106277159731 0.0846890108059692 0.0840859147581334 0.0814177142899427 0.0817061581628962 0.152525431544109 0.528587319957291 0.548830119031322 0.248736350571789 -0.0748192020975409 -0.190127790121758 -0.230661874052592 -0.221858711801097 -0.160708252532524 -0.100443641536365 -0.210863999977499 -0.217980994097035 -0.193205615793257 -0.173552644116513 -0.147811674555729 -0.112617619451 -0.0654194286772269 -0.0276645187837774 -0.00423134140903658 0.0159402159291303 -0.0151586581004886 -0.0365257030086199 -0.0469133688824005
-9999 -9999 -9999 -9999 -9999 -9999 -9999 -9999 -9999 -9999 -9999 -9999 -9999 -9999 -9999 -9999 -9999 -9999 0.116193316429146 0.150295829865024 0.123750773228796 0.118659965478573 -0.0133228672708963 0.021283828635366 0.0592094559629758 0.0726894712678768 0.0796003865495282 0.083218152168591 0.0842199854795627 0.0844199689584263 0.0837090370200684 0.0826660192432444 0.088443781104466 0.149250445368705 0.319736768548959 0.536326150718949 0.273750298811067 -0.0244508551371611 -0.172168572443555 -0.231561179177906 -0.216228030983551 -0.211637359253746 -0.207930357019719 -0.201238107729225 -0.19708217586846 -0.188535942255877 -0.16125202275679 -0.127692901001202 -0.0904427618899299 -0.0556978688036981 -0.0314310916217658 -0.0296238073179004 -0.0686662558583331 -0.112390158723035 -0.11692384266552
-9999 -9999 -9999 -9999 -9999 -9999 -9999 -9999 -9999 -9999 -9999 -9999 -9999 -9999 -9999 -9999 -9999 -9999 -9999 -9999 0.0997445883809306 0.0905366508054077 0.0617663349477843 0.0124500831683322 0.0175305579318622 0.0443733718558119 0.0668083723749261 0.0766113335619492 0.0819709857868225 0.0836914701099359 0.0843854060666878 0.0837605114055179 0.0822357394270974 0.0832130226630111 0.104496217749364 0.264879732437176 0.514675750252063 0.324013583800532 0.0473249466609132 -0.128810316679106 -0.15882993829174 -0.155302639641936 -0.177514840651026 -0.188971053457114 -0.192588240908099 -0.177319742662216 -0.161139584346535 -0.142522676301051 -0.122545518215157 -0.0982156811938584 -0.0794727265934897 -0.0758066739967947 -0.115020809191277 -0.169189810474868 -0.16956845137113
-9999 -9999 -9999 -9999 -9999 -9999 -9999 -9999 -9999 -9999 -9999 -9999 -9999 -9999 -9999 -9999 -9999 -9999 -9999 -9999 -9999 -9999 0.122580164576233 0.163097356246736 0.0727338227929794 0.0305249643324381 0.0485760361613971 0.0637723992977033 0.07534328181391 0.0800584075772183 0.083387862002567 0.0842622001888961 0.0831410337249787 0.0805547785515126 0.0794751457730722 0.0945234400788743 0.169632941813095 0.360421712690523 0.351926401821725 0.0742990687887495 -0.0320360151434977 -0.118302738387583 -0.149822238243877 -0.162028457205999 -0.156013422741939 -0.151239527957456 -0.150365247782423 -0.139753699712732 -0.142979802759142 -0.140631801284802 -0.113943431577386 -0.120034651928481 -0.153547112897383 -0.194905326556195 -0.202453714020347
-9999 -9999 -9999 -9999 -9999 -9999 -9999 -9999 -9999 -9999 -9999 -9999 -9999 -9999 -9999 -9999 -9999 -9999 -9999 -9999 -9999 -9999 -9999 -9999 0.158954002182105 0.116585693171864 0.0351973685569766 0.02378953100375 0.0540766160202335 0.0686229033427534 0.076100477201476 0.0803283889534826 0.0829354893987652 0.0821655896188798 0.0804672516606956 0.0792153645311596 0.0853010143990944 0.148124939111591 0.384923998746365 0.433413740488557 0.269820981649677 0.0847378971397501 -0.0233673151518498 -0.056559313228023 -0.0949165189966441 -0.11709755235512 -0.125303422978289 -0.123436683059293 -0.136197198776091 -0.140494880047148 -0.13512598147121 -0.146654907432323 -0.186184018238499 -0.225107553244974 -0.231738687028338
-9999 -9999 -9999 -9999 -9999 -9999 -9999 -9999 -9999 -9999 -9999 -9999 -9999 -9999 -9999 -9999 -9999 -9999 -9999 -9999 -9999 -9999 -9999 -9999 -9999 -9999 0.259596069343696 0.0508270156396892 -0.00098827481392344 0.0352352442060971 0.0560096819863411 0.0680615349132999 0.0769596836218845 0.0812387307479647 0.0815438367166246 0.0808140154989163 0.0806960593868385 0.0847600988154916 0.13040949959977 0.312501901566323 0.588888116873711 0.345646954683434 0.109500534198281 0.0516311903747845 -0.019457388840008 -0.0649816949135964 -0.0801484034074298 -0.0944371190591521 -0.0895922274066934 -0.115630316076397 -0.136369749632671 -0.154025305193127 -0.208886701510602 -0.254280175086032 -0.262130189335279
-9999 -9999 -9999 -9999 -9999 -9999 -9999 -9999 -9999 -9999 -9999 -9999 -9999 -9999 -9999 -9999 -9999 -9999 -9999 -9999 -9999 -9999 -9999 -9999 -9999 -9999 0.109847098796684 0.192598012589947 0.0505316172503185 0.00103851789205989 0.0174552152417247 0.0424097765389065 0.0586655798853237 0.06998022258376 0.0750163222714172 0.0783037418855652 0.0792795034092742 0.0750086823191531 0.0851777639043048 0.192403211822151 0.632157988344511 0.640404998601428 0.26221851059822 0.108309369513703 0.0054227521147594 -0.041939124714506 -0.0488727120349252 -0.0837268584250497 -0.0858581945589928 -0.11920663299223 -0.154966310679033 -0.187327960088286 -0.2393552729893 -0.269800020724878 -0.273128183624633
-9999 -9999 -9999 -9999 -9999 -9999 -9999 -9999 -9999 -9999 -9999 -9999 -9999 -9999 -9999 -9999 -9999 -9999 -9999 -9999 -9999 -9999 -9999 -9999 -9999 -9999 -9999 -9999 0.156872578360725 0.0947015584831741 0.0286925178894093 0.0548956250000572 0.0526473205553392 0.0553407871750786 0.0576747209756416 0.062218683012194 0.0563700901412688 0.0569793922250597 0.0571034261061039 0.110683324520696 0.500110739991771 0.797806844936729 0.444178250634165 0.14591705521485 -6.54244089145495e-05 -0.0398295606163717 -0.0440016615911264 -0.0748262096329648 -0.106966489536148 -0.153419104309952 -0.191606206957767 -0.227976624499981 -0.258086681985568 -0.281151036612628 -0.278304729446832
-9999 -9999 -9999 -9999 -9999 -9999 -9999 -9999 -9999 -9999 -9999 -9999 -9999 -9999 -9999 -9999 -9999 -9999 -9999 -9999 -9999 -9999 -9999 -9999 -9999 -9999 -9999 -9999 0.143352978504962 0.143576382881435 0.0889880344292652 0.0428264060959974 0.0455837411684954 0.0475067699299115 0.0493597917906877 0.045711405545056 0.0383298472135445 0.0337692598844035 0.0319640970453 0.0473676204087279 0.331952293825369 0.834650219595022 0.664787644387556 0.205253445179516 -0.0339125858662518 -0.0631279701612969 -0.0613554510829583 -0.102850133402122 -0.139019021017863 -0.186865619620043 -0.23979633229869 -0.266057693754329 -0.265846053737407 -0.262588409040536 -0.248163559371681
-9999 -9999 -9999 -9999 -9999 -9999 -9999 -9999 -9999 -9999 -9999 -9999 -9999 -9999 -9999 -9999 -9999 -9999 -9999 -9999 -9999 -9999 -9999 -9999 -9999 -9999 -9999 -9999 -9999 0.136180188218825 0.15096082654387 0.0346854166664887 0.0200520563329708 0.0360938936699461 0.04636898911511 0.0384920537135252 0.022230520084618 0.016857829034282 0.0149526462789004 0.000887408495427289 0.187734608879426 0.747922125754378 0.84943543565535 0.329956847927645 -0.0264441674585758 -0.0898244948537019 -0.0571790619858862 -0.123521782229037 -0.169044075843494 -0.210061287935615 -0.262600574825253 -0.292523967544847 -0.272267667091185 -0.214988745060225 -0.184430773862059
-9999 -9999 -9999 -9999 -9999 -9999 -9999 -9999 -9999 -9999 -9999 -9999 -9999 -9999 -9999 -9999 -9999 -9999 -9999 -9999 -9999 -9999 -9999 -9999 -9999 -9999 -9999 -9999 -9999 0.11754260759902 0.167823935309154 0.0532031996559518 -0.000631304517891451 0.0306723854043265 0.0473827144300247 0.0379440444634764 0.0165502138323296 0.00801821308118827 0.00198023504284772 -0.0132762536122766 0.116514066692502 0.653189382228139 0.909520015200613 0.439219398473286 0.0323366862891354 -0.107605242730436 -0.150174310342272 -0.165508907078749 -0.172882701599909 -0.197073866683667 -0.257877942431107 -0.28427511841693 -0.274155738144529 -0.206983976557803 -0.168438191707236
-9999 -9999 -9999 -9999 -9999 -9999 -9999 -9999 -9999 -9999 -9999 -9999 -9999 -9999 -9999 -9999 -9999 -9999 -9999 -9999 -9999 -9999 -9999 -9999 -9999 -9999 -9999 -9999 -9999 0.108828492185858 0.182012471668111 0.0705002239021423 -0.00810406230510785 0.043056506448762 0.0587349685470166 0.0430947735217018 0.0172651054824329 0.00771774963212762 0.00568028519508795 -0.013869321408125 0.0760795112804453 0.549415474561526 0.920836626716522 0.454102758424323 0.0465804742259028 -0.0829511512549097 -0.139607010427077 -0.203933956190672 -0.187396369433418 -0.180499887191291 -0.238716283355806 -0.278110166031719 -0.25518144053988 -0.190240824347165 -0.146788271514903
-9999 -9999 -9999 -9999 -9999 -9999 -9999 -9999 -9999 -9999 -9999 -9999 -9999 -9999 -9999 -9999 -9999 -9999 -9999 -9999 -9999 -9999 -9999 -9999 -9999 -9999 -9999 -9999 -9999 0.108966259540101 0.182723497647821 0.0439943626018021 -0.00695513135721287 0.0437616210539213 0.059648321124125 0.0505291809629549 0.0302154229794965 0.0170946574697127 0.00928306250386929 -0.0108008882025104 0.0882617267384764 0.581227898083136 0.872544754149948 0.424739696082498 0.0469927841264676 -0.0588602292564384 -0.101412648125237 -0.170548343247199 -0.208670690586539 -0.218633706059324 -0.216719121722837 -0.218280855898742 -0.199731237399213 -0.166030647991565 -0.135933973354334
-9999 -9999 -9999 -9999 -9999 -9999 -9999 -9999 -9999 -9999 -9999 -9999 -9999 -9999 -9999 -9999 -9999 -9999 -9999 -9999 -9999 -9999 -9999 -9999 -9999 -9999 -9999 -9999 -9999 0.110330407881078 0.177379862622547 0.0150919154449686 0.000965866132954962 0.0467574399744912 0.0606891774182614 0.0533572029473406 0.0412414265211318 0.0244854983339374 0.0177804663623121 -0.00171710184666607 0.115149264064615 0.603034816363721 0.817824484247327 0.341277599993207 0.0111768359082994 -0.0435462408840789 -0.0673366123752132 -0.110431484702513 -0.156855179263401 -0.18940299226003 -0.184974825539071 -0.126323452370716 -0.143529051639415 -0.143559941720083 -0.110526803516418
