meets/meet004/_saidas_enm/CCSM_Maha_0k_Aralia_warmingiana2.asc
NCOLS 154 
NROWS 168 
XLLCORNER -112 
YLLCORNER -55.5 
CELLSIZE 0.5 
NODATA_value -9999 
[rows 75 to 99 of 168, columns 56 to 111 of 154]
-9999 -9999 -9999 -9999 -9999 -9999 -9999 -9999 -9999 -9999 -9999 -86.349134332437 -108.010573778936 -100.559886739303 -80.2329222280448 -47.985132240352 -16.5205481027825 -2.17848858051368 -2.14652184099868 -4.60643417757003 -6.9580559013238 -9.83149891942298 -13.0151412784266 -15.1231243621191 -14.131827814695 -13.5643572821135 -13.618170355513 -13.9419896269711 -14.2624549992334 -14.0416519831707 -14.4791382250671 -15.2053813077398 -15.6050366647547 -15.0163216343767 -13.7980738307397 -12.7347195650788 -11.3665626017436 -10.2691603422097 -8.76699858763482 -7.08471757166566 -5.85321188397407 -4.5503482092528 -3.80922249809494 -3.16142168214489 -2.67478180706004 -2.78805951172225 -3.24978219711054 -4.37333807889662 -5.85943955992116 -7.65935863048604 -9.67977742742719 -10.6836895191161 -11.618302298302 -11.7491183541782 -10.9113909008898 -10.4897990791296
-9999 -9999 -9999 -9999 -9999 -9999 -9999 -9999 -9999 -9999 -9999 -81.2570018628815 -84.9023103130653 -82.3117097754879 -79.1963951296601 -60.1499665843323 -26.8052451890508 -5.74925576433137 -1.42739712084092 -1.79314120415321 -5.47157664681666 -7.14108868564563 -9.72130413303378 -13.170291648164 -13.0220459177656 -13.9481199283017 -13.8894708173211 -14.0875841405837 -14.6125651830631 -14.6508562934377 -15.3014732639333 -16.2415357444808 -16.8465637753044 -16.1827057872486 -14.9894779713448 -13.3560196149205 -12.579728000382 -11.0985114760727 -9.39383456450099 -7.51226669547121 -5.2935364829181 -4.42076858436507 -3.28501407472675 -2.38560877678608 -1.97798854236541 -1.5479864407288 -1.92034283499214 -2.71181663274941 -3.69532291759714 -5.06371321058059 -6.55243857816037 -7.51464514539161 -8.32976297206397 -8.75213068713857 -8.82401028081023 -9.96637139437274
-9999 -9999 -9999 -9999 -9999 -9999 -9999 -9999 -9999 -9999 -9999 -9999 -85.7013987009319 -78.3914541279224 -72.3287193970564 -58.1969064593766 -39.7746688276579 -21.6720216072327 -8.54666449165393 -3.2320272390207 -1.70748174751086 -2.34241304462161 -6.3881873836839 -11.4351496588766 -11.6237209194428 -11.9190305207799 -12.5341112293143 -13.5519807176781 -14.6929778927331 -15.3201239485196 -16.1319274037918 -16.9478467119115 -17.5252216711211 -17.6966237520267 -16.9199029520292 -15.4199525674846 -14.4371608654904 -13.1653086801513 -11.3746617351705 -9.30800489450134 -7.10476423985106 -5.72728130896501 -4.59538024389328 -3.42617155185955 -2.32839436908022 -1.56646932382833 -1.36137502795475 -1.53933542767854 -1.95185738224523 -2.69797506840889 -3.7435182818781 -4.46303147435609 -5.15057477895424 -5.93010643899169 -6.71869652768348 -8.24072908522302
-9999 -9999 -9999 -9999 -9999 -9999 -9999 -9999 -9999 -9999 -9999 -9999 -94.4644289657018 -82.6010319985416 -60.4656161624834 -49.8838571702547 -62.3392387946461 -67.2015571014369 -51.9600143458054 -23.4345963472649 -4.08148335378476 -1.6145022061366 -2.97545897793942 -9.49065631955099 -8.10371155834218 -9.19466258365084 -10.9725839411962 -12.7988701009688 -14.7436656460452 -15.8700163614515 -17.2630349311852 -18.0609423492787 -18.6310206890853 -18.8373596620203 -18.0426346261179 -17.6146300070968 -17.4458477133143 -16.4711423118749 -14.7247024106349 -12.4476321105043 -10.4536089479689 -8.45562253234954 -7.35788919045667 -5.81686059024947 -3.88121217156062 -2.77991373513226 -1.72516836851404 -1.37700490901813 -1.19259693938634 -1.37532208413072 -2.0698948671135 -2.57903005212339 -3.2950815110364 -3.96055447847914 -5.38706802720856 -7.62214141554013
-9999 -9999 -9999 -9999 -9999 -9999 -9999 -9999 -9999 -9999 -9999 -9999 -9999 -90.086560368045 -62.841829102153 -70.5752895699282 -103.019587157905 -144.842195162242 -140.221821086353 -100.221987672757 -44.7298861635967 -8.67382430785459 -1.40530206353249 -3.89549989677588 -5.71774964971346 -6.99328196187495 -9.35827351627596 -12.8046614527711 -15.6308021223706 -16.2870494783219 -17.5820524574535 -18.4780578556978 -19.2456628131985 -19.702304059804 -19.3363948421384 -19.1823022233305 -19.1148945214261 -19.2559087354262 -17.6865674486489 -15.5196855071775 -13.4717122841796 -11.3845951175202 -9.83733900462301 -7.62067505196511 -4.94035542198521 -3.05301070154269 -1.78126661888605 -1.24037163868753 -0.867861740209412 -0.722516624254719 -0.973682675968381 -1.25552452961865 -2.19853148122602 -3.61577138323068 -5.03517386805318 -6.8872185385527
-9999 -9999 -9999 -9999 -9999 -9999 -9999 -9999 -9999 -9999 -9999 -9999 -9999 -83.1013090238624 -66.8293400308025 -90.7949769388952 -144.352549344274 -252.796787839659 -265.185334267803 -195.7327506541 -143.906957790179 -55.4655800636589 -7.65282316233766 -7.48200252936882 -9.90125768023417 -6.38091765553492 -8.14089337031264 -12.215143683643 -18.5326339740539 -17.6815772424907 -18.3070812437118 -20.6362690719317 -19.7969967420967 -20.4372640277661 -20.3980999460846 -20.7548173777783 -20.3858511749845 -20.3298801525643 -20.0089043302642 -18.0749021092927 -16.3335124424255 -13.8795966694481 -11.9779986754114 -9.10031677784222 -5.51783058582957 -2.81844729836944 -1.86817279676604 -1.30528849238547 -0.893851621964002 -0.739012940521666 -0.751146851560814 -1.47182056799204 -2.44513134017374 -3.5351823912558 -4.62089844251444 -6.31058632964155
-9999 -9999 -9999 -9999 -9999 -9999 -9999 -9999 -9999 -9999 -9999 -9999 -9999 -9999 -64.1150791686987 -87.4848798781433 -152.23806447426 -262.282347581337 -293.077962320631 -255.009945931022 -196.962293733826 -134.219663338539 -79.0050963367159 -58.0373240442708 -40.9370097651934 -27.833765922597 -16.6336459298494 -14.9644765434294 -19.5246520104013 -18.2920013091546 -22.603465696773 -20.0160650801356 -21.1137985384559 -21.8991663116691 -20.6987153550195 -20.9013925290866 -20.7210144399777 -20.6693319437448 -20.2818327747136 -19.2407425932507 -17.2123076659621 -15.014698092357 -12.7558887491407 -9.59158925999038 -6.08751058029618 -3.62637091806482 -2.36159677106961 -2.05620466006756 -1.74069392009934 -1.51655576678065 -1.68736578422905 -1.98031495950664 -2.62452388479364 -3.23391883356666 -3.52803822300344 -4.34414594296571
-9999 -9999 -9999 -9999 -9999 -9999 -9999 -9999 -9999 -9999 -9999 -9999 -9999 -9999 -60.3063736070521 -68.2525107818203 -130.149335400312 -223.298378244095 -281.628978050275 -286.689279302135 -264.975063640209 -257.125050128114 -249.325974179176 -219.389860492149 -143.056844094659 -110.908295445477 -60.3279603603992 -26.2037516670264 -20.1115935880052 -11.6713285498755 -20.6923285887905 -19.6965842842354 -20.2906458958889 -21.8070560607998 -20.314872505264 -20.8889338284072 -20.8866601570804 -20.7988534422376 -20.1887409020328 -19.0349067868488 -17.5871119339583 -15.3817949969712 -13.4975405867516 -10.6929441029969 -7.3561831835173 -4.88011282816616 -3.52601389903457 -3.17109835150044 -2.6946048239554 -2.23290561039288 -2.55857398623257 -2.29259909819087 -2.57696435309754 -2.7205177969751 -2.41646324004242 -2.43570008728521
-9999 -9999 -9999 -9999 -9999 -9999 -9999 -9999 -9999 -9999 -9999 -9999 -9999 -9999 -9999 -72.6478306170367 -98.3392085987153 -154.491872099351 -224.16877187618 -294.323370948659 -359.506046617292 -373.627547703687 -399.783634830495 -380.126270541736 -322.082669470666 -278.483930939027 -200.832112244967 -144.809420057187 -81.6669199725178 -25.0851390438998 -6.63681695518879 -7.31672578473215 -15.1497977074233 -22.9015362097184 -21.2259162364879 -20.18177706276 -20.2263828770394 -20.3996653617495 -19.9564062983136 -18.7480147169424 -16.7905303774037 -15.3407742103043 -14.3276454665934 -12.0142717778557 -8.79108287067 -6.16541544522442 -4.52668571552567 -3.61710452500522 -2.78146922193764 -2.0951503832603 -1.78233381138945 -1.68833410807887 -1.79060935532324 -1.77253681972899 -1.61175457771188 -1.4556747652455
-9999 -9999 -9999 -9999 -9999 -9999 -9999 -9999 -9999 -9999 -9999 -9999 -9999 -9999 -9999 -62.5478848900313 -94.913070146057 -107.437813628332 -170.53992479 -271.445665406121 -418.671385346204 -423.687665438705 -486.945573527096 -487.222634732044 -456.95785052668 -509.947939554658 -398.787602273691 -387.064932420528 -265.215545020408 -88.8084429368409 -20.176501445153 -4.59720293950124 -9.01700706139538 -20.7638247137654 -20.5018088723865 -18.7181084084707 -20.3599130677175 -20.5895717158293 -20.2799397611708 -19.6232809593233 -17.3387111342468 -15.866615405593 -15.326903883797 -13.4135438285937 -10.1667273031009 -7.21943160950663 -5.17504438800852 -3.77520060825244 -2.55902067062145 -1.61647933987428 -1.00795451569335 -0.898824908993288 -0.963019747915197 -1.00756217877428 -1.00879891416656 -0.852678594608146
-9999 -9999 -9999 -9999 -9999 -9999 -9999 -9999 -9999 -9999 -9999 -9999 -9999 -9999 -9999 -24.6322391812711 -119.526576058524 -106.716549763846 -131.626095910703 -187.624388719598 -271.896339724648 -347.465004610499 -412.540629431423 -433.574571180337 -413.286766689297 -412.2066186032 -412.0525892909 -407.909236761523 -312.757709162559 -170.717178340517 -64.6247029888551 -8.37448237138506 -3.62412691254258 -10.6666251706684 -16.3650037825467 -18.2023369804982 -18.8557585929946 -20.3063859182199 -21.8354753610755 -21.2132567636202 -19.8636003055477 -16.8858580710732 -15.8139863340105 -14.2643378341778 -11.3885026076097 -8.32966702841065 -6.04390773144811 -4.11069097571554 -2.71523314546753 -1.65334029548841 -0.78941597120912 -0.864781737467461 -0.887908824502868 -1.01213192492281 -1.42384069388627 -1.19772216625152
-9999 -9999 -9999 -9999 -9999 -9999 -9999 -9999 -9999 -9999 -9999 -9999 -9999 -9999 -9999 -9999 -67.267928803663 -143.723497570443 -127.135801514359 -130.837694497908 -167.776334647734 -237.760722903502 -308.090339200855 -352.368925745576 -351.863393971416 -354.861969994465 -384.296110207869 -423.497385695827 -353.847965485669 -235.788678221921 -131.677683359411 -39.821502293766 -5.1980060394981 -5.1441416800315 -6.95561847992178 -13.6942615150361 -17.8123719602444 -19.6708861452377 -21.0008086991661 -20.4155163872983 -19.8561333844578 -16.605291458044 -16.0931388425539 -14.8421674886727 -12.2195479001706 -9.60337019234447 -7.35581868937694 -5.27268773441052 -3.90914437570441 -2.8719591157513 -1.7557031238778 -2.52185252028553 -2.80572213214528 -2.99580953950562 -3.57023897298464 -2.93820276895446
-9999 -9999 -9999 -9999 -9999 -9999 -9999 -9999 -9999 -9999 -9999 -9999 -9999 -9999 -9999 -9999 -9999 -57.1502882792407 -171.978742828055 -140.712183965215 -132.216264703026 -166.465646627569 -227.576789791339 -286.579558515551 -322.074542218842 -363.081263465173 -405.266904734177 -433.147387544485 -380.243520684431 -291.238126354726 -200.3358187558 -104.252388382184 -36.6177950270884 -11.4987601555423 -4.49173671534482 -4.80206913696767 -10.3655404277445 -14.4174819544192 -18.1552588956622 -16.4557300157094 -15.6365092070066 -14.9301369484695 -14.5867035907551 -14.194686370838 -12.5376176425352 -10.7871373224035 -9.03748160385349 -7.97629176513866 -7.20198480576204 -6.63097367577134 -7.11593255557671 -7.55951115111487 -8.81473556559929 -8.69253500246846 -7.50013468059184 -6.08617133862903
-9999 -9999 -9999 -9999 -9999 -9999 -9999 -9999 -9999 -9999 -9999 -9999 -9999 -9999 -9999 -9999 -9999 -9999 -9999 -194.935372168132 -177.366907335291 -170.74355912866 -190.741932655712 -246.707760165111 -303.183524770043 -352.035459620434 -409.157590826397 -445.628214438706 -406.502161482327 -338.076373208449 -265.856208439545 -176.0651814524 -108.045463287363 -50.481439918173 -14.3664816914242 -4.62437463876902 -5.37915683768542 -8.67817289585382 -13.9973553281474 -13.365695691092 -12.174220621596 -12.4086674930269 -12.5695854437043 -12.4680481694035 -12.6114605580166 -11.7054676206642 -10.4935035654409 -10.3026404168274 -10.2294767936612 -10.625764060435 -12.6438414317241 -13.1006609123788 -14.72814766826 -13.9941404119141 -11.3699153561513 -9.04146274354848
-9999 -9999 -9999 -9999 -9999 -9999 -9999 -9999 -9999 -9999 -9999 -9999 -9999 -9999 -9999 -9999 -9999 -9999 -9999 -9999 -9999 -205.929599284096 -189.661428410472 -199.182927251418 -239.156644166977 -315.381231211659 -364.433269583543 -405.89570528576 -403.665421438685 -357.028494216526 -311.253857565041 -240.687244250201 -191.696272295308 -128.850834816897 -58.9939474321212 -23.0941518578319 -8.63051912803947 -3.52490884888263 -8.27524040095943 -8.15484138431162 -9.86984436684541 -10.8387162458165 -10.3850338980606 -11.5512991567148 -11.7781217165428 -11.751040059806 -10.8044396200163 -10.3057861961426 -10.7919931439487 -11.8765290651604 -14.0187631455791 -15.3557875679781 -15.9709313026299 -15.2029680513386 -13.514135184116 -10.4559349324977
-9999 -9999 -9999 -9999 -9999 -9999 -9999 -9999 -9999 -9999 -9999 -9999 -9999 -9999 -9999 -9999 -9999 -9999 -9999 -9999 -9999 -9999 -9999 -188.735302128159 -183.440403755538 -220.909553367736 -279.844864398972 -331.43104985308 -362.568667552661 -357.85106807892 -347.78600766718 -293.775641709753 -264.552459597044 -212.137256554243 -144.174951102702 -79.3346417714966 -29.5779126011049 -7.54693556482074 -2.40374241210996 -1.31824470663205 -4.49063776855407 -7.25930022642848 -8.54098301108981 -10.1573756802276 -11.1625035397995 -11.1276383828417 -10.1422277377567 -9.70889985465831 -10.1647863282396 -11.7482420530175 -14.097436568638 -15.4681439541194 -16.2386955333491 -16.001817636467 -14.8663050234921 -12.9128321336474
-9999 -9999 -9999 -9999 -9999 -9999 -9999 -9999 -9999 -9999 -9999 -9999 -9999 -9999 -9999 -9999 -9999 -9999 -9999 -9999 -9999 -9999 -9999 -9999 -9999 -146.414096599298 -187.388853712555 -239.523439535998 -286.831803308467 -320.634951172072 -333.003924618307 -326.033207052661 -336.202597849092 -302.920762415473 -238.327160921778 -197.001260923485 -103.35788503101 -45.7413759034159 -11.6643664842837 -1.64262393737757 0.0393554902343742 -4.01562278536337 -6.31697957863555 -10.0007644523418 -10.4603901342136 -10.1555738724545 -9.4338222569838 -8.73788070602186 -9.48272964948946 -11.507657271767 -13.8870807662526 -15.7243701792876 -16.5970193578048 -16.7267469554061 -16.4111572621298 -16.0431149580522
-9999 -9999 -9999 -9999 -9999 -9999 -9999 -9999 -9999 -9999 -9999 -9999 -9999 -9999 -9999 -9999 -9999 -9999 -9999 -9999 -9999 -9999 -9999 -9999 -9999 -184.53019724081 -176.89481308589 -189.031347436769 -221.97612095119 -269.58729081973 -298.531694409437 -323.90482461019 -355.818987270134 -334.281310386324 -281.707924607482 -239.137055665731 -160.965594747518 -95.5666043153699 -37.2491077575387 -5.54789911943197 0.263144604192586 -1.19875427992822 -4.90441486905043 -10.5195080434768 -10.9360022832382 -9.58042371139955 -9.32545311773739 -8.76924938033428 -9.49630117670778 -11.7477746616734 -14.3549704914981 -16.290734871494 -17.0353200487937 -17.1342454675821 -16.8560701777325 -17.1314875457459
-9999 -9999 -9999 -9999 -9999 -9999 -9999 -9999 -9999 -9999 -9999 -9999 -9999 -9999 -9999 -9999 -9999 -9999 -9999 -9999 -9999 -9999 -9999 -9999 -9999 -9999 -9999 -194.419864791267 -186.659510173263 -215.382385720505 -252.140734108436 -292.917677725296 -317.108120516069 -323.930881126724 -297.227968888657 -254.881064550757 -190.866735911522 -138.216841738959 -67.4284747347325 -16.1712219679395 -1.40861110171689 0.158180315541341 -4.88144414679285 -14.0909889486269 -11.8923342216169 -9.03825557606481 -9.69318429983868 -9.54441996735605 -10.4997741454393 -13.0034764509306 -15.9589097008023 -17.2259077659496 -17.4309462220323 -17.0519064353757 -16.6772081136031 -16.7264578760785
-9999 -9999 -9999 -9999 -9999 -9999 -9999 -9999 -9999 -9999 -9999 -9999 -9999 -9999 -9999 -9999 -9999 -9999 -9999 -9999 -9999 -9999 -9999 -9999 -9999 -9999 -9999 -221.919552209529 -182.085739274087 -186.51639804524 -208.214365391526 -263.339359082432 -309.697306261532 -326.808306063281 -305.709534555028 -253.44481944279 -209.090308329779 -164.348787111459 -92.4281194142504 -31.1569753839345 -4.91368566015236 -0.519616113757025 -2.76783762136292 -12.3045301220223 -13.8264820192346 -11.6355305406597 -12.0918948796612 -12.3173980133392 -13.4250109310615 -15.5832253005547 -17.5893328809882 -18.4485291875596 -18.0072442583683 -16.9759528121535 -15.8683593443785 -14.460294116584
-9999 -9999 -9999 -9999 -9999 -9999 -9999 -9999 -9999 -9999 -9999 -9999 -9999 -9999 -9999 -9999 -9999 -9999 -9999 -9999 -9999 -9999 -9999 -9999 -9999 -9999 -9999 -9999 -184.419052960523 -156.159744691207 -162.945201103802 -229.539113026451 -306.573064666207 -339.989578669062 -308.738218096319 -247.108917907046 -212.818507311857 -182.244014890803 -116.556412129548 -45.2024810463397 -7.45314059679003 0.00290319670699479 -3.97414105995335 -11.5198574589397 -13.8461080259592 -14.6057151578215 -15.3652107225705 -16.3991191051648 -17.4338544273771 -18.5406492449629 -20.1198500247674 -19.3290556957741 -18.6735200578067 -17.0465742503952 -14.5219640598646 -11.8969827221941
-9999 -9999 -9999 -9999 -9999 -9999 -9999 -9999 -9999 -9999 -9999 -9999 -9999 -9999 -9999 -9999 -9999 -9999 -9999 -9999 -9999 -9999 -9999 -9999 -9999 -9999 -9999 -9999 -194.516309554395 -147.04304842655 -151.785855567676 -212.270009696961 -295.150277422818 -339.865242288179 -318.096543135839 -248.594980372249 -217.433113698442 -189.211798196334 -123.697509917087 -51.2420565369757 -9.37493975899499 -0.0986354830350167 -3.62348034337112 -11.5758964891448 -15.7609985480243 -17.1184207621271 -19.6379041428517 -20.0625327100006 -20.5308293040321 -20.0802658671871 -20.0701729352033 -19.1282772122813 -18.4713380408556 -16.3110768976407 -12.4898903938149 -8.52051810566443
-9999 -9999 -9999 -9999 -9999 -9999 -9999 -9999 -9999 -9999 -9999 -9999 -9999 -9999 -9999 -9999 -9999 -9999 -9999 -9999 -9999 -9999 -9999 -9999 -9999 -9999 -9999 -9999 -207.193959264391 -141.264139108744 -138.297144055008 -204.019434169539 -298.911022039424 -351.012391356539 -324.697942931763 -245.561807159177 -220.063827230786 -193.652880667968 -127.54957897118 -54.7926606284486 -9.72228859436115 -0.0388695780439203 -3.78053093336335 -13.5733052881961 -19.5147754049425 -22.273404124095 -23.3852595962608 -22.7655822161671 -22.5190148625388 -20.1902604755698 -19.4770886355493 -18.0644515768965 -17.8308349927643 -14.6374185883619 -9.73395145101207 -5.822198696234
-9999 -9999 -9999 -9999 -9999 -9999 -9999 -9999 -9999 -9999 -9999 -9999 -9999 -9999 -9999 -9999 -9999 -9999 -9999 -9999 -9999 -9999 -9999 -9999 -9999 -9999 -9999 -9999 -206.923698760654 -144.620970695366 -143.292201647603 -209.306674057494 -306.271418288058 -362.494079251768 -349.779417551192 -278.954278373781 -235.103636442921 -192.049957748874 -115.633609359441 -46.6180393291863 -7.9886794443441 -0.753080554205639 -4.66844952266314 -16.8554711840504 -24.3046552452266 -25.4864055108796 -25.7082159025523 -24.2172152420931 -22.1828677550571 -19.5897495971277 -17.5064863757992 -16.2398038318344 -14.8515482556333 -11.2360665860273 -6.88707525628454 -3.45501066369311
-9999 -9999 -9999 -9999 -9999 -9999 -9999 -9999 -9999 -9999 -9999 -9999 -9999 -9999 -9999 -9999 -9999 -9999 -9999 -9999 -9999 -9999 -9999 -9999 -9999 -9999 -9999 -9999 -212.143128116371 -151.938145054096 -144.625547568337 -225.060922833719 -322.876731798879 -377.709824343094 -363.26303977007 -310.735528336589 -243.070052842475 -180.788932892835 -104.295070915928 -37.7845598662254 -5.25214349067754 -1.60469561480632 -7.1118170606695 -22.1689176142169 -28.0908814334261 -30.318189092932 -27.7783097185146 -24.4418819445716 -21.9757913086195 -18.5958618658408 -16.7119393054701 -14.1888902174563 -12.2573222480085 -8.76425792887078 -4.83883022232763 -1.84719637553933
