meets/meet004/_saidas_enm/CCSM_Maha_21k_Cavanillesia_umbellata3.asc
NCOLS 154 
NROWS 168 
XLLCORNER -112 
YLLCORNER -55.5 
CELLSIZE 0.5 
NODATA_value -9999 
[rows 50 to 74 of 168, columns 56 to 111 of 154]
-9999 -9999 -9999 -9999 -9999 -9999 -9999 -9999 -9999 -9999 -9999 -9999 -9999 -120.745731468798 -46.3341633613698 -10.5085692577105 -4.6528237301173 -12.1870227989716 -11.9641504860853 -7.05660044768178 -5.41620007652572 -5.76116154478287 -8.00235312256342 -6.45313855146861 -10.8895098248706 -16.1435056173425 -19.5756804713245 -26.7181752997311 -30.54949768744 -35.7271240195197 -39.6902915888859 -33.7561755485258 -26.2806880313224 -18.8378874719684 -12.0261786134086 -4.20329753829817 -1.73000142354758 -1.39507597100328 -2.66632897045773 -3.77527538744386 -3.10922716996538 -4.14856797681609 -4.63043104867314 -7.3122984957054 -16.1878020570487 -26.3944685476155 -25.9644520518098 -22.4993575258842 -19.7260441048464 -14.9840495885358 -11.3848296365532 -11.231732671474 -7.81798075801008 -4.6217087524509 -2.40818975789219 -2.14482666309843
-9999 -9999 -9999 -9999 -9999 -9999 -9999 -9999 -9999 -9999 -9999 -9999 -9999 -75.1265475784208 -35.8935658568334 -14.0705800005363 -6.09979381623228 -5.80622914786934 -5.39812752139801 -6.75762938896385 -7.66594375133006 -7.4199699615836 -7.10688577354492 -7.26645444339834 -9.23290242067982 -11.8455137419347 -13.2646203029967 -15.5957896662249 -16.9133022653095 -19.1551130292401 -20.2654321760533 -18.0235065359275 -14.4670203953597 -11.3693588917075 -9.00831977192047 -3.47014169646782 -1.72879523604673 -1.62033173913635 -2.57383272690097 -3.14699000014283 -3.11628231573278 -4.57449772775594 -4.99163585826377 -8.12499829318748 -12.4264315163089 -13.1104237913821 -13.4896952251708 -10.3766013388011 -9.75517002658172 -10.1378590384143 -9.81960317650641 -8.33166371562781 -5.40255650349416 -3.45980709970106 -2.08648262191224 -1.62472747332199
-9999 -9999 -9999 -9999 -9999 -9999 -9999 -9999 -9999 -9999 -9999 -59.563754706927 -49.9454613986023 -49.0341681737179 -34.0659296307769 -20.0483251445525 -12.4704543839351 -5.15913373402092 -3.24613027556442 -5.43976356535125 -7.5265547650528 -4.25619547700906 -4.20901899443802 -5.47921091685529 -6.38548054798185 -5.38390561626137 -6.76443168366662 -8.948612769959 -10.8642960117603 -15.1486735903445 -18.0934622170987 -15.6250645959649 -9.8578865461098 -6.71135510865588 -3.27114410195801 -1.68426274676922 -1.39232581669276 -1.60345906791872 -2.77299977810425 -3.13069970714947 -3.11262342820022 -4.85222216236016 -4.79354818960331 -6.8015517779126 -9.82063605247997 -9.26260816295276 -10.3106611708457 -8.10474381328813 -7.94732433376815 -8.96034064195346 -6.83729274719858 -5.32879982149388 -3.40696396401232 -2.30012719093759 -1.50706046201923 -1.24187833508732
-9999 -9999 -9999 -9999 -9999 -9999 -9999 -9999 -9999 -9999 -48.5011412655314 -31.7823734640582 -27.2170736173256 -32.6137877952617 -43.1509855310748 -30.2117048464421 -17.9425058963061 -9.77927439988943 -7.16519055330255 -5.95203939455734 -4.37839980346429 -3.94049584446614 -3.1242394867586 -2.55875586744146 -3.01353188727462 -3.75527555273824 -7.880744765216 -12.5311420959327 -19.1556614837281 -27.2654941671813 -28.7015252562365 -20.9562844380602 -11.6277910897227 -4.79587349935571 -1.80809533228497 -1.20859178025468 -1.73416203162591 -2.74295578795069 -3.37340767636629 -3.56033107846218 -3.90144087968989 -4.44632473727975 -4.81942012283753 -6.14265666812996 -8.58844007442106 -9.25075307063871 -9.98964055870322 -8.75084475386696 -8.45373523481212 -7.54173177472605 -5.27660108096259 -4.47846202619534 -2.68506607111316 -1.92525677036648 -1.40764595997615 -1.00474065413218
-9999 -9999 -9999 -9999 -9999 -9999 -9999 -9999 -9999 -9999 -19.7750322369951 -18.0274070893993 -30.5594749887942 -34.288499445544 -39.939062366516 -41.014090489998 -24.0192117535713 -13.9434775236539 -10.7978640836415 -6.36620807993579 -4.15712183104488 -3.61505939102251 -1.97557061757769 -2.26277868673092 -6.31371212411508 -9.79607001922278 -18.9995128974359 -28.7859870494635 -38.7508300807844 -47.3695703481231 -46.3227508221795 -32.6670478219533 -16.3774127746679 -6.69813771735774 -2.10619053787551 -1.52249865507237 -1.06243261910666 -2.22162018818273 -3.32738892346117 -4.02307331716222 -4.416334006571 -4.47547888430568 -5.03720837230375 -6.27125721838133 -8.08388955276195 -8.915119554858 -9.77122566640821 -8.43972731102609 -8.18918627583811 -7.06189143971556 -5.0312837563404 -4.40681480094054 -2.84414778962139 -2.10969659448764 -1.61866990412769 -1.15711538321042
-9999 -9999 -9999 -9999 -9999 -9999 -9999 -9999 -39.0219050832995 -29.5890724208364 -17.0905119831996 -18.8284253330194 -32.2604672511562 -32.3563469492482 -37.145445169907 -44.199387371673 -34.0029624067501 -18.9776064151711 -12.8628756413101 -10.4367626207954 -6.53223343116666 -5.87512843395354 -6.18768529121753 -7.15928517834445 -14.1991192690283 -23.6436009627426 -34.9637425228485 -49.3471178956364 -61.5219028119735 -63.3931272428071 -58.7503940626036 -38.9262386803885 -22.6193438784752 -9.93269970124139 -3.76900826098185 -3.21292427963739 -2.57338083435358 -1.39471730088658 -2.0540213755016 -3.54798810500722 -4.95007692553119 -5.56320418707644 -5.78543925651878 -6.10549492433625 -7.22681769099142 -7.90486441944564 -8.9832597427804 -7.88910753388625 -7.21453344828753 -6.3808950751185 -4.81911082483158 -3.7513913764604 -2.61248347926262 -2.08408467118193 -2.02138236844651 -2.27530368446732
-9999 -9999 -9999 -9999 -9999 -9999 -9999 -9999 -25.8124710539219 -14.5528753346992 -12.6664611158631 -9.76617412901378 -29.788848654185 -28.6032478510556 -30.6413445210784 -33.3760610498665 -35.9628818958038 -24.3912694926916 -19.0637257763207 -16.0856286124702 -14.930203954086 -15.8627453726349 -14.2834553505798 -20.1682124195231 -32.0988970604609 -46.0171641885599 -58.4924038567771 -72.0359678295969 -80.9422597854679 -82.3803283576299 -73.2151629557888 -47.8823628093026 -26.2153267600276 -13.327912609212 -5.91089384615033 -4.40441337615317 -4.61062822641262 -1.87473200720798 -1.93560341524614 -2.42923495528838 -3.5176674129995 -4.08423204916646 -5.04717737448045 -5.81425512892337 -5.65670323157067 -5.96985671354538 -6.54312323529282 -7.53255567873654 -8.06051368287525 -7.06425311491575 -5.9750714584548 -4.45795869050751 -3.12740078538307 -2.16443878962181 -1.36086714283383 -1.09653696419638
-9999 -9999 -9999 -9999 -9999 -9999 -9999 -23.9575858012144 -18.2525799854646 -10.3473864751229 -13.2357239562918 -7.19239980078217 -30.1755956399637 -31.0946035743612 -22.8808767305703 -27.9883899720617 -24.7938578657077 -20.4949343434911 -16.4501474745511 -23.1115982729017 -29.2886183926951 -32.1910778521017 -33.9950831920773 -39.8372335602356 -53.1998992278662 -60.8540174611211 -62.0505081614239 -61.7938891062089 -64.464798686381 -68.7775868966886 -72.4415693088897 -52.0289678061455 -27.7543968742133 -14.4135158408087 -6.43382596305201 -3.63816251464472 -3.60424166819806 -4.01728388522958 -3.63395021528086 -4.24513178549562 -4.89984892431429 -5.75152128178511 -6.93746863092163 -7.27328973499546 -8.47404723377465 -10.4777064886251 -8.56934481685914 -4.78543748307096 -2.29950414540785 -1.35083364362381 -0.9079397861537 -0.510280993942853 -0.0536914160094333 -0.237288112662154 -0.940281142580234 -1.46539207518854
-9999 -9999 -9999 -9999 -9999 -9999 -9999 -19.7070128532179 -10.3672451659818 -8.3505022328867 -11.367421644138 -5.77176408732153 -31.4460996334964 -35.9100415517239 -18.21955552583 -15.6295770800472 -11.9446297940671 -11.2861647911043 -11.5200381595517 -12.5109554385885 -17.7999709079701 -25.4938224247279 -32.3746894402075 -31.965042541671 -31.2600001438422 -32.7054435800212 -32.7696614966482 -36.1624190266681 -36.002329556669 -34.7050743995862 -37.0263875918922 -39.1768860815505 -28.0841763099192 -16.2722400195633 -7.51457151513723 -2.66374736857548 -1.25058268238859 -0.924967215199677 -1.22787825266718 -1.90321066521629 -4.02659818895247 -6.4745668946709 -10.4475226175585 -14.3639904581444 -10.7616548602928 -6.13163664241433 -3.21257044716839 -1.66477136010703 -2.31347289185861 -5.00259496169024 -8.17074090105251 -8.96684077103747 -8.63995989777351 -8.3338526923369 -6.22558044295534 -3.75967980927164
-9999 -9999 -9999 -9999 -9999 -9999 -21.2671790793796 -13.6025589402373 -5.34914752850634 -7.23116505161547 -11.8009370834394 -5.19694834432614 -38.4830098783727 -46.583524065909 -17.682456624859 -8.96564969813399 -6.91097668309615 -7.01713633423689 -6.17286221044662 -6.91389442592698 -11.4198620608682 -15.2232107556248 -20.0773052825132 -20.4506812755265 -20.8231409862031 -20.7046524437571 -21.5859259538352 -21.2408546612501 -21.3033817104132 -22.6062006614951 -20.4486496192039 -23.1785684794596 -25.7061565857038 -13.2449652206191 -4.6332303858481 -1.0075852738373 -0.0151944062129021 -0.364829993397481 -1.46263193635892 -4.14242038625351 -8.62116523967349 -11.1619744331157 -9.30188939131805 -6.00598038690064 -4.5107921740389 -4.64065954956274 -6.6608635223811 -12.968746488415 -18.334926344472 -25.8675066901988 -24.8619113356628 -23.9352648623823 -20.9000036592631 -18.5687448364843 -16.399886943307 -13.3621379630404
-9999 -9999 -9999 -9999 -9999 -9999 -18.8031536941704 -9.64753000854916 -2.78670074685404 -2.62009256048565 -5.52549995319007 -4.77978643232742 -42.9812652306504 -50.2368873320862 -20.2551279579134 -6.15090059525452 -4.20997692077837 -3.97386847034529 -3.32324167478292 -2.58863131225505 -4.19642212268378 -6.36670740780485 -9.60386702848981 -9.21508199279425 -8.0641270048683 -8.13776410439277 -7.87810142357983 -8.62562427681751 -8.37240267185852 -7.99313416647079 -8.86322571009558 -9.59450085629875 -11.7027014194737 -12.690304891447 -8.25067190766671 -3.49498291564436 -2.14139728960964 -2.62728901298893 -3.3304488367181 -3.20396150714939 -3.0929018416963 -4.20340995798751 -6.6048197258781 -10.4329145922624 -14.0532035746528 -14.1348123704987 -12.1867929603221 -11.638497024237 -12.222183354433 -11.9497556781421 -12.2282004533891 -11.260316428169 -10.9873298262459 -9.95166220422343 -8.40557317179657 -8.14556084374871
-9999 -9999 -9999 -9999 -9999 -9999 -17.5132473948494 -13.5445900944726 -4.39786265060017 -0.565845915344404 -1.34596755801251 -5.42488506808617 -42.5501394715762 -46.7574842892777 -18.3722451405547 -4.96020962912873 -2.61739992943565 -2.10740797324815 -1.38388821534119 -1.03138196601035 -1.88546712606381 -2.88209368021328 -4.6662147804697 -4.43478178475465 -3.83935319851468 -2.99129891785143 -3.51148756817442 -3.23440901024615 -3.29837260610223 -4.01477835947308 -3.5860718815234 -5.23310977088868 -5.7717983602427 -6.70606625804266 -8.43472320256692 -7.93529901532319 -7.1089102079967 -5.60314680595913 -6.27062663118355 -9.48567886231654 -11.6319526060305 -12.5571228395207 -11.1494732301836 -10.2539966925113 -9.21877355558574 -7.59313286613152 -7.19538474029216 -6.27661110096265 -5.95956657272656 -5.97156006130016 -5.84262214027142 -5.88347747170946 -4.66686346457168 -4.19195673811598 -4.5549744456988 -4.53286772388239
-9999 -9999 -9999 -9999 -9999 -9999 -9999 -26.5491989035628 -11.8455133329456 -0.734124827607343 -0.700816462989805 -4.66578045700289 -31.8404754596702 -37.701692477333 -18.3182215679019 -4.97867876480545 -1.91789361187841 -1.06665765157278 -0.434115157256902 0.0290369533916711 -0.0691196897948947 -0.43906296983651 -1.33171427321421 -1.13262456188351 -0.394011024935567 -0.210527577223234 -0.099192787027631 -0.317915068763159 -0.355016178189322 -0.427610550318806 -0.770987827906661 -1.11673855076497 -1.92779636652093 -2.23382258178142 -2.64553914103333 -3.61253525737775 -4.35964468056786 -5.9627581454392 -7.26486103070419 -7.01892876002251 -6.86240794474182 -6.2774118983861 -6.02294230820225 -5.42139533332805 -4.73179845892987 -4.29664722083303 -4.18015098654269 -4.33216926603439 -3.46901387831706 -3.08950166658026 -2.84348851346409 -2.70328905323175 -2.62647931028594 -2.69971700833111 -2.94449907052174 -2.85607733867919
-9999 -9999 -9999 -9999 -9999 -9999 -9999 -9999 -23.0788151926326 -2.50053014207923 -2.03677988030606 -3.45727946991699 -25.2698113394758 -27.4088651556266 -12.2952843484351 -4.27940981454063 -1.85568765921311 -1.11873301717925 -0.337282210887721 0.187339113761716 0.28570910880356 0.192552385024635 -0.127361665342794 -0.110010408424266 0.283168260004259 0.595953628079478 0.377000757502901 0.254960612220591 0.146831858443878 -0.143847895903801 -0.0915351888830207 -0.622221989369276 -0.983866869422813 -1.30362109647154 -2.11277014717095 -2.84824957659876 -3.45585314489131 -4.44342150783168 -5.05082215042882 -4.72351620398994 -4.23512746623009 -4.11845557453974 -3.86480038784431 -3.54173488383792 -3.28901806938069 -2.90459350776267 -2.88802536216678 -3.79012594057438 -3.5315550517903 -3.03136544997393 -2.9316980368005 -2.65097065391675 -2.70790688577008 -2.83969716349654 -2.87279671623642 -3.03576116673623
-9999 -9999 -9999 -9999 -9999 -9999 -66.3951978067151 -46.1907172616003 -21.4709598202076 -3.41309785868064 -1.12418185910221 -4.15106790106523 -13.5236221291017 -13.7789419747725 -5.06922703383861 -2.01190022112367 -2.65737018966981 -1.43398569024849 -0.161115799931483 0.268650547411908 0.470263155586502 0.555712029015766 0.561728348968382 0.5095857086068 0.489499972916427 0.422127257546388 0.210116640816582 -0.0839096683425404 -0.428683371849165 -0.615362721737069 -0.751381525181355 -0.92808212929481 -1.17837970491713 -1.08773113426819 -1.07485172772904 -1.47467889875631 -2.03276222362458 -3.20668873962111 -3.68426581390863 -3.16451352557914 -2.90742392653835 -2.64883347616039 -2.56378210187893 -2.45987960829616 -2.4342576651423 -2.43718393304045 -2.80138618785639 -3.76448438204074 -4.09609167819714 -4.49954870761142 -4.05818204388607 -3.94991388018199 -3.88083307268942 -3.92500599203983 -4.3761691161086 -4.63370350003366
-9999 -9999 -9999 -9999 -9999 -27.4517590474372 -58.782144208896 -39.5611769746745 -15.9947199690954 -5.36746144539435 -2.8987072263877 -3.94317679099487 -5.60654286943595 -3.2700770489418 -2.20427065680827 -3.22002400719813 -4.35207590056628 -2.93621696567446 -0.567554089222717 -0.406702917448784 -0.0380824959577977 0.0752790270024909 0.429011933576947 0.314037120240745 -0.255776701898323 -0.713857204434641 -1.27395932479487 -1.56293211869963 -2.06962713856537 -2.86668764628181 -2.79983800827161 -3.02156735689643 -2.82547447422299 -2.30591237597853 -2.08286703795074 -1.34652769622792 -2.14855521641456 -3.1469127457262 -3.52934919166594 -2.82888944199533 -2.56867282481197 -2.4518730200775 -2.4655456408195 -2.42728982320314 -2.46052228569591 -2.58782081534085 -2.92238752278525 -4.31075733336415 -4.96110937664608 -4.96419601752634 -4.66800207078316 -5.06001619012632 -5.5911334750525 -5.9113594280355 -7.06754567397179 -6.66846900976055
-9999 -9999 -9999 -9999 -9999 -37.6051896596695 -50.5284655571367 -31.7154837964602 -13.1584957712937 -6.06706966025311 -4.24548882232687 -3.80668010524257 -3.30605693426163 -3.54631214822709 -3.95050513876103 -1.46520692540029 -2.87233060793998 -4.21003475463271 -3.36817612193574 -3.18828103621413 -4.11737168551865 -4.058598010126 -2.92854163028646 -2.83081400882355 -3.33757098238534 -3.04102339125987 -2.59414299997239 -2.30559045535239 -2.30834134719555 -2.3188418005766 -2.42050557121273 -2.49150771539389 -2.50592539366188 -2.37996394333412 -2.4468145324454 -2.77329027715154 -3.42021260668854 -4.35965413089881 -3.90374994371902 -3.27122834538388 -2.89814082329948 -2.65140865063722 -2.6026081511317 -2.69874994209252 -2.91717798765599 -3.24583932631244 -3.80972956373464 -4.60441335379461 -5.04535241948847 -5.58157508983578 -5.98552305335223 -6.39459952160365 -7.03227349594883 -7.6785232059419 -8.41240628810934 -8.75715944790941
-9999 -9999 -9999 -9999 -9999 -9999 -40.6913779268108 -23.2766775019719 -8.97838401853396 -7.30447097354295 -6.15131150335371 -5.37468605632356 -4.59327260888294 -3.65887029481139 -4.54611318886644 -1.09081252713173 -2.65811371293081 -4.64531090176304 -4.66943471617156 -4.68318173793685 -3.24905737665204 -4.01069982809194 -3.72724140700421 -3.76532766913163 -4.0532686721411 -3.43954506492509 -3.84825506367823 -3.53256056195554 -3.40409687680487 -2.88224291436685 -3.00246551918427 -2.60714695550844 -2.52445082544389 -2.05478584195336 -1.6926665871013 -1.7669209894718 -2.20247426383451 -3.21190395477346 -3.7871648050417 -3.66830718071472 -3.24470841872884 -3.10757413481994 -3.16697535962856 -3.39698660246724 -3.71801103742358 -4.17485092143789 -4.73691907684074 -5.43451538495243 -5.90674933175467 -6.60688697873952 -6.85184605154356 -6.53567047739044 -6.94551286960307 -7.38075880667195 -7.51996085693459 -7.57337458270648
-9999 -9999 -9999 -9999 -9999 -9999 -45.4104975662313 -20.8477624116887 -5.78485824161098 -4.64311716942938 -4.95144614374881 -8.33485923106527 -7.31099084013257 -4.48961508616497 -4.53250110249439 -2.87548782744773 -3.47825280870799 -3.54121644713023 -2.58984229866636 -2.75018072701919 -1.84250689296474 -1.24064305645449 -0.727840216476879 -0.527405056709798 -0.6807781798846 -0.773596489913415 -0.648205937130053 -0.37523150059613 -0.595820848420888 -1.29145292700794 -2.08217556814514 -2.12815811264372 -2.25710595303256 -2.57360501495878 -2.26338272583868 -2.03664764865534 -2.67471114793245 -3.2749523854369 -3.34794466123249 -3.52679943929915 -3.7134406068685 -3.74299928439692 -3.92332767827073 -4.21901699645671 -4.59691076663769 -5.07240649356753 -5.78430130175613 -5.73627846529497 -5.39512534617379 -4.99098252925427 -4.76385604981921 -4.69429283356907 -5.10185221772823 -5.3195619209969 -5.15983188939002 -5.08586726359194
-9999 -9999 -9999 -9999 -9999 -9999 -50.5510941524708 -30.7681840394639 -9.08022282720974 -6.20690662603017 -5.13872445902616 -8.37149790140187 -18.8925455662994 -16.485006129081 -10.0354375906995 -6.62514591700298 -1.94367023685314 -4.5168534894104 -2.93175540329014 -2.23350955855053 -1.20712532574248 -0.482803946937204 -0.284337822661576 -0.00329102466244602 0.202366010582195 0.174458343179885 0.309630369292374 0.538148175704582 0.466319064530172 -0.110616427746291 -0.689032532335953 -1.3446017365306 -1.36071655995284 -1.60192067062941 -2.10905973014791 -2.38844465767649 -2.67007102929413 -3.10765471610535 -3.25824324696961 -3.38383091565894 -3.68657934864057 -3.99101115902689 -4.58246249396169 -4.8686360852461 -5.28614122967482 -5.52856844331798 -5.13975586933373 -4.73707915760675 -4.4828516152628 -4.14871918535725 -4.16664882079485 -3.7871348914449 -3.90318599401306 -4.06838872669581 -3.9524857205207 -3.95853845596108
-9999 -9999 -9999 -9999 -9999 -9999 -9999 -9999 -51.1793595110076 -15.5524982759598 -3.82089805503836 -10.198911197111 -26.7270997477923 -24.4926023476789 -16.2297172102157 -10.7534175116332 -3.09494170421766 -4.10464524656064 -5.74328147527886 -1.8428909102604 -0.67442179517196 -0.453851095309447 -1.24476744892995 -0.788681762975989 0.0890381867524375 0.292193458248323 0.441094651950955 0.542965789684977 0.615560862206486 0.524391872836705 0.257330519960197 0.0655822341917924 -0.0260422234885593 -0.372613245154671 -0.962745278088959 -1.49467138612966 -1.8116921788151 -1.76690732705561 -2.14530503719235 -2.48362169922651 -3.05878607924852 -3.27441603547684 -3.45847877348441 -3.7550997091892 -4.13440833550329 -4.21078182970352 -4.19468117340997 -3.95487572857223 -3.29480908753048 -3.04277982092648 -3.38293387537608 -3.76185605182583 -3.39962606034883 -3.55842627387213 -3.7174037358524 -3.9960855243042
-9999 -9999 -9999 -9999 -9999 -9999 -9999 -9999 -81.9313984055997 -33.8158360315177 -3.75068512543613 -13.6434261876937 -38.2771263618537 -31.0835220722133 -17.7747757474889 -10.6024376580478 -4.2001299749911 -3.65606349647157 -6.75315628363312 -2.36783197870032 -0.487029135866273 -0.616983075658888 -2.4303885314403 -2.21982154159176 -0.613747107918395 -0.0733072786977658 0.203895813033153 0.227828961124631 0.464140867777057 0.515511665542691 0.482033349505473 0.350473565162635 0.389530666339752 0.222991345977227 -0.220734078080326 -0.582969674171062 -1.21534747403651 -1.06672142369382 -1.3856658495769 -1.85710360580951 -2.12844160450969 -2.63084089915058 -2.35587328707972 -2.49422529143321 -3.04558386529187 -2.96424786401139 -2.95776988133812 -2.6154853093042 -2.16070968211096 -2.44836949888746 -2.57057334443502 -3.32201789644009 -3.77207705773265 -3.83600764207371 -3.99199620461083 -4.58206741170214
-9999 -9999 -9999 -9999 -9999 -9999 -9999 -9999 -9999 -61.0860759090122 -8.9078934918205 -19.1705573885337 -58.2349467264162 -38.6571696695654 -18.4008383734298 -9.58217891812075 -5.59854588663007 -2.98689122607895 -6.08736720934765 -1.38134467287407 -0.383136794470622 -1.28227202125662 -2.80439453381045 -2.5793420627069 -1.84436224497408 -0.965005487424366 -0.660951730234126 -0.369669121183922 -0.0100264748455909 0.313116725604846 0.400254339354889 0.412969729700796 0.350914026774842 0.329941810399356 0.199401277060991 -0.0433558249953525 -0.29446733067302 -0.723877071415546 -0.886778730153513 -0.984667953339383 -1.33692245887286 -1.45584811554877 -1.64912005107218 -2.01302307841759 -2.23734300171386 -2.38358577116903 -2.14358701732087 -1.90916240061865 -1.67029800486139 -1.80485683949902 -2.3063925790272 -2.84214561852763 -3.52736468867944 -4.14417010677146 -4.94576845158534 -5.13664949248595
-9999 -9999 -9999 -9999 -9999 -9999 -9999 -9999 -9999 -9999 -45.2795505797128 -48.8632901909683 -67.7349293499691 -42.5513632186601 -20.2219305106227 -8.62941000226056 -5.64686178681231 -3.51310194098726 -3.35423121021273 -0.854630050940241 -0.350916765089208 -0.768185779688389 -2.56471894055308 -2.78603770327991 -1.95994970342451 -1.47249402109967 -1.21075963790023 -1.03419094642637 -0.566518129390468 -0.059450105535356 0.143510281137063 0.254294418324977 0.213490556657409 0.18660571803948 0.113987991229235 -0.0542741867763405 -0.220675954400081 -0.342425647033251 -0.735769478789746 -0.958515758357025 -1.20936739757979 -1.46951994021178 -1.46294056401041 -1.71858328641849 -1.74997156535323 -1.79211329311091 -1.89631833580524 -1.71209822343691 -1.51849536163279 -1.99138435199959 -2.58711645758743 -3.09859982015139 -3.67911832866337 -4.13393271729977 -5.2406503826183 -5.22412450780061
-9999 -9999 -9999 -9999 -9999 -9999 -9999 -9999 -9999 -9999 -9999 -108.81493433235 -68.4918767695158 -41.8366988319471 -20.9267590740268 -8.53206155321095 -3.04752579088226 -3.83310093118132 -0.712886462227582 -1.32107207705434 -0.291383940550848 -0.506555112963592 -1.66441929328182 -2.07389677611472 -1.8602031360576 -1.84559335996383 -1.52161458051308 -1.3108024871851 -0.874292321975058 -0.446770883903291 -0.265892193072111 -0.081764642787828 -0.0739385885757866 -0.144022103621789 -0.18940225714903 -0.263756320771222 -0.291623046239048 -0.411595544578677 -0.611047658999641 -0.915962401728177 -1.20480922040718 -1.36300599728884 -1.49111523492213 -1.55757142118075 -1.38042462079575 -1.37748574549212 -1.60146637443482 -1.80196798571126 -1.80510657427832 -2.2122085354262 -2.85053587383001 -3.36113380448811 -3.94136665175586 -4.43991573204515 -5.19265834831538 -5.66111213287979
