meets/meet004/_saidas_enm/CCSM_Maxent_0k_Cavanillesia_umbellata5.asc
NCOLS 154 
NROWS 168 
XLLCORNER -112 
YLLCORNER -55.5 
CELLSIZE 0.5 
NODATA_value -9999 
[rows 100 to 124 of 168, columns 56 to 111 of 154]
-9999 -9999 -9999 -9999 -9999 -9999 -9999 -9999 -9999 -9999 -9999 -9999 -9999 -9999 -9999 -9999 -9999 -9999 -9999 -9999 -9999 -9999 -9999 -9999 -9999 -9999 -9999 -9999 0.172078028321266 0.0867558494210243 0.160450384020805 0.0581823103129864 0.0453334897756577 0.0418197028338909 0.0436264872550964 0.089580312371254 0.107821449637413 0.124837316572666 0.0780662447214127 0.0890024825930595 0.10549683868885 0.143006160855293 0.197736084461212 0.0667840763926506 0.0613297969102859 0.061802264302969 0.0662483796477318 0.139087826013565 0.147691056132317 0.151540979743004 0.152666702866554 0.154312744736671 0.156778633594513 0.162963569164276 0.301280438899994 0.380339920520782
-9999 -9999 -9999 -9999 -9999 -9999 -9999 -9999 -9999 -9999 -9999 -9999 -9999 -9999 -9999 -9999 -9999 -9999 -9999 -9999 -9999 -9999 -9999 -9999 -9999 -9999 -9999 -9999 0.16069184243679 0.0886882469058037 0.155601650476456 0.0538740083575249 0.0421881936490536 0.0404423289000988 0.0450088419020176 0.0947667881846428 0.112397626042366 0.128243684768677 0.0799555107951164 0.0908548086881638 0.108615852892399 0.147174686193466 0.201279908418655 0.0665088444948196 0.0631659403443336 0.0636423677206039 0.0703704729676247 0.150315806269646 0.158200323581696 0.156390085816383 0.082720547914505 0.158625543117523 0.162649050354958 0.16996556520462 0.313243418931961 0.389085620641708
-9999 -9999 -9999 -9999 -9999 -9999 -9999 -9999 -9999 -9999 -9999 -9999 -9999 -9999 -9999 -9999 -9999 -9999 -9999 -9999 -9999 -9999 -9999 -9999 -9999 -9999 -9999 0.108890622854233 0.147844895720482 0.258562743663788 0.0812840908765793 0.0513945333659649 0.0430983230471611 0.0430038347840309 0.0936145260930061 0.101302824914455 0.117525227367878 0.134775787591934 0.155540585517883 0.0947711244225502 0.11494342982769 0.152453169226646 0.205191969871521 0.0705629885196686 0.0661048963665962 0.0684604719281197 0.0741642341017723 0.154362916946411 0.16152361035347 0.161478474736214 0.161019504070282 0.162267252802849 0.164602890610695 0.170518532395363 0.313879549503326 0.243361368775368
-9999 -9999 -9999 -9999 -9999 -9999 -9999 -9999 -9999 -9999 -9999 -9999 -9999 -9999 -9999 -9999 -9999 -9999 -9999 -9999 -9999 -9999 -9999 -9999 -9999 -9999 -9999 0.0992167294025421 0.117351531982422 0.242424249649048 0.0722443833947182 0.0482980087399483 0.0426726602017879 0.0443848110735416 0.0987107381224632 0.106314599514008 0.118260577321053 0.13568814098835 0.0825963839888573 0.0952746570110321 0.117432981729507 0.153454720973969 0.201090142130852 0.0733098536729813 0.135047391057014 0.138388946652412 0.0767565295100212 0.0843666717410088 0.0885766670107841 0.0891212224960327 0.0893098190426826 0.0894060432910919 0.165290862321854 0.171768471598625 0.184372842311859 0.243839219212532
-9999 -9999 -9999 -9999 -9999 -9999 -9999 -9999 -9999 -9999 -9999 -9999 -9999 -9999 -9999 -9999 -9999 -9999 -9999 -9999 -9999 -9999 -9999 -9999 -9999 -9999 -9999 0.088227704167366 0.0924564749002457 0.237914830446243 0.0644559413194656 0.0439800769090652 0.0413864962756634 0.0446619167923927 0.100506789982319 0.105925992131233 0.112253330647945 0.0643379688262939 0.0752661749720573 0.0926421210169792 0.116811886429787 0.149166092276573 0.183326199650764 0.145241975784302 0.140464812517166 0.144267797470093 0.153690978884697 0.164747923612595 0.171726614236832 0.17565281689167 0.17528809607029 0.175797432661057 0.175044104456902 0.179515108466148 0.188447713851929 0.242168456315994
-9999 -9999 -9999 -9999 -9999 -9999 -9999 -9999 -9999 -9999 -9999 -9999 -9999 -9999 -9999 -9999 -9999 -9999 -9999 -9999 -9999 -9999 -9999 -9999 -9999 -9999 -9999 0.080688051879406 0.0643922537565231 0.113980315625668 0.0531967394053936 0.0381139330565929 0.0384340733289719 0.0427738800644875 0.0961550548672676 0.0994628444314003 0.102117709815502 0.0580655559897423 0.0698617473244667 0.0901031121611595 0.116301350295544 0.145200058817863 0.170593649148941 0.190178543329239 0.190899983048439 0.195530891418457 0.164416149258614 0.173904344439507 0.181224077939987 0.187087401747704 0.188154444098473 0.188404887914658 0.185456484556198 0.238001361489296 0.24242040514946 0.234511271119118
-9999 -9999 -9999 -9999 -9999 -9999 -9999 -9999 -9999 -9999 -9999 -9999 -9999 -9999 -9999 -9999 -9999 -9999 -9999 -9999 -9999 -9999 -9999 -9999 -9999 -9999 -9999 0.0719985067844391 0.0475833788514137 0.0823429748415947 0.0464589484035969 0.0324631780385971 0.034687228500843 0.0405053198337555 0.0895211100578308 0.087161161005497 0.0470231845974922 0.0532459877431393 0.0680237263441086 0.0925583392381668 0.119457624852657 0.141883343458176 0.164315536618233 0.183895975351334 0.198869243264198 0.218192502856255 0.22481182217598 0.187495246529579 0.195499554276466 0.408391118049622 0.417910873889923 0.255116552114487 0.24496066570282 0.238137036561966 0.233942568302155 0.232217043638229
-9999 -9999 -9999 -9999 -9999 -9999 -9999 -9999 -9999 -9999 -9999 -9999 -9999 -9999 -9999 -9999 -9999 -9999 -9999 -9999 -9999 -9999 -9999 -9999 -9999 -9999 -9999 0.061677061021328 0.122562453150749 0.0585373230278492 0.0404492020606995 0.027441393584013 0.0316513553261757 0.0384997464716434 0.0430862046778202 0.0786205008625984 0.0412121675908566 0.0492245852947235 0.0683461651206017 0.0951468199491501 0.120752297341824 0.140022933483124 0.155855655670166 0.172890320420265 0.189963772892952 0.210382089018822 0.221351757645607 0.235604539513588 0.24822336435318 0.41188508272171 0.418181538581848 0.403557598590851 0.236046358942986 0.229303568601608 0.228417813777924 0.228301554918289
-9999 -9999 -9999 -9999 -9999 -9999 -9999 -9999 -9999 -9999 -9999 -9999 -9999 -9999 -9999 -9999 -9999 -9999 -9999 -9999 -9999 -9999 -9999 -9999 -9999 -9999 -9999 0.194782227277756 0.120943911373615 0.04305699467659 0.0331885702908039 0.0235753934830427 0.0294679738581181 0.0379278734326363 0.0416832081973553 0.0696809366345406 0.0374448001384735 0.0493450798094273 0.0718613490462303 0.10075793415308 0.121539764106274 0.136960968375206 0.150341287255287 0.162107110023499 0.16836228966713 0.175960719585419 0.194384083151817 0.207451000809669 0.220008388161659 0.234099879860878 0.389444321393967 0.232981249690056 0.222578391432762 0.218446508049965 0.220455020666122 0.221222758293152
-9999 -9999 -9999 -9999 -9999 -9999 -9999 -9999 -9999 -9999 -9999 -9999 -9999 -9999 -9999 -9999 -9999 -9999 -9999 -9999 -9999 -9999 -9999 -9999 -9999 -9999 -9999 0.176035031676292 0.112025424838066 0.0360145196318626 0.029629610478878 0.0241709090769291 0.0308309588581324 0.040175125002861 0.0430457256734371 0.0744241252541542 0.0841814577579498 0.0584021024405956 0.085171103477478 0.112904936075211 0.127764239907265 0.137405753135681 0.1474319845438 0.15650899708271 0.16123303771019 0.163933679461479 0.178138047456741 0.189686730504036 0.201507419347763 0.213407441973686 0.218046456575394 0.217173472046852 0.211558237671852 0.21041251718998 0.213082671165466 0.213461682200432
-9999 -9999 -9999 -9999 -9999 -9999 -9999 -9999 -9999 -9999 -9999 -9999 -9999 -9999 -9999 -9999 -9999 -9999 -9999 -9999 -9999 -9999 -9999 -9999 -9999 -9999 0.206632733345032 0.16332820057869 0.103010393679142 0.032398596405983 0.0301460511982441 0.028116500005126 0.034455094486475 0.0450137965381145 0.0470210835337639 0.0798544362187386 0.0981602892279625 0.144134566187859 0.201656728982925 0.129738241434097 0.136577233672142 0.14203055202961 0.145499646663666 0.151802912354469 0.155912220478058 0.163673505187035 0.172916114330292 0.183122038841248 0.192149773240089 0.197900056838989 0.20119771361351 0.203832924365997 0.203287601470947 0.204410970211029 0.205707132816315 0.205910727381706
-9999 -9999 -9999 -9999 -9999 -9999 -9999 -9999 -9999 -9999 -9999 -9999 -9999 -9999 -9999 -9999 -9999 -9999 -9999 -9999 -9999 -9999 -9999 -9999 -9999 -9999 0.189539164304733 0.149121165275574 0.0879435986280441 0.0270489696413279 0.0345743447542191 0.0336038842797279 0.0390916839241982 0.0488794259727001 0.051603589206934 0.101157747209072 0.12502384185791 0.175905913114548 0.229020655155182 0.144220247864723 0.147647768259048 0.14899779856205 0.148960888385773 0.151265308260918 0.156728118658066 0.162730127573013 0.170163974165916 0.176440507173538 0.182784467935562 0.187624424695969 0.190459281206131 0.193071648478508 0.194106265902519 0.195507720112801 0.196128979325294 0.194257229566574
-9999 -9999 -9999 -9999 -9999 -9999 -9999 -9999 -9999 -9999 -9999 -9999 -9999 -9999 -9999 -9999 -9999 -9999 -9999 -9999 -9999 -9999 -9999 -9999 -9999 -9999 0.158705621957779 0.107897937297821 0.0302652735263109 0.0263539794832468 0.036996703594923 0.0401232726871967 0.0444731749594212 0.0547378621995449 0.121450759470463 0.125528752803802 0.161560595035553 0.205377742648125 0.246902525424957 0.156049519777298 0.160387769341469 0.1605064868927 0.155943781137466 0.156543180346489 0.162294387817383 0.163068220019341 0.169756561517715 0.171519860625267 0.173664972186089 0.177684783935547 0.18127715587616 0.183380201458931 0.184124022722244 0.18571949005127 0.185043856501579 0.182388216257095
-9999 -9999 -9999 -9999 -9999 -9999 -9999 -9999 -9999 -9999 -9999 -9999 -9999 -9999 -9999 -9999 -9999 -9999 -9999 -9999 -9999 -9999 -9999 -9999 -9999 -9999 0.129717901349068 0.0689717233181 0.0224803499877453 0.0282082837074995 0.0410644896328449 0.0455756857991219 0.0571392029523849 0.0726182833313942 0.167504459619522 0.188310250639915 0.214856877923012 0.242267116904259 0.270847707986832 0.294775038957596 0.179624572396278 0.176851853728294 0.1698307543993 0.170520216226578 0.179386094212532 0.185224264860153 0.178323417901993 0.168003931641579 0.164987117052078 0.166861161589622 0.170606359839439 0.172711163759232 0.173946216702461 0.175095960497856 0.173715487122536 0.170786768198013
-9999 -9999 -9999 -9999 -9999 -9999 -9999 -9999 -9999 -9999 -9999 -9999 -9999 -9999 -9999 -9999 -9999 -9999 -9999 -9999 -9999 -9999 -9999 -9999 -9999 0.18614137172699 0.103634841740131 0.044053703546524 0.0173041895031929 0.0342424213886261 0.0442122668027878 0.0529824942350388 0.0774637833237648 0.188129112124443 0.225938946008682 0.273303151130676 0.280432432889938 0.282668918371201 0.297235578298569 0.319107741117477 0.344487875699997 0.321815401315689 0.181335017085075 0.183786034584045 0.333567798137665 0.359048455953598 0.321423590183258 0.164412245154381 0.155345469713211 0.155790194869041 0.159605473279953 0.162159278988838 0.162828654050827 0.163076087832451 0.160122916102409 0.277202874422073
-9999 -9999 -9999 -9999 -9999 -9999 -9999 -9999 -9999 -9999 -9999 -9999 -9999 -9999 -9999 -9999 -9999 -9999 -9999 -9999 -9999 -9999 -9999 -9999 -9999 0.175482094287872 0.0740168243646622 0.0181302074342966 0.0205823853611946 0.0356693491339684 0.0473730675876141 0.0656194910407066 0.176908284425735 0.229597017168999 0.271924078464508 0.299028813838959 0.30773851275444 0.317433923482895 0.322017461061478 0.327492952346802 0.335806339979172 0.319564282894135 0.310126483440399 0.313944041728973 0.336085945367813 0.349999040365219 0.317185610532761 0.159689798951149 0.148608922958374 0.146744176745415 0.149897173047066 0.149831846356392 0.14902064204216 0.148819446563721 0.145817801356316 0.252587378025055
-9999 -9999 -9999 -9999 -9999 -9999 -9999 -9999 -9999 -9999 -9999 -9999 -9999 -9999 -9999 -9999 -9999 -9999 -9999 -9999 -9999 -9999 -9999 -9999 -9999 0.165772348642349 0.0625680759549141 0.0155798709020019 0.0264521036297083 0.0385450981557369 0.0517996810376644 0.0763716325163841 0.201959669589996 0.256613165140152 0.295044511556625 0.290479123592377 0.299350649118423 0.316082119941711 0.318776100873947 0.316133260726929 0.319794863462448 0.304547995328903 0.16853791475296 0.169087201356888 0.312862724065781 0.336677670478821 0.297509402036667 0.148162081837654 0.138922110199928 0.137663304805756 0.140014082193375 0.138165697455406 0.135522782802582 0.134022176265717 0.130113825201988 0.228529497981071
-9999 -9999 -9999 -9999 -9999 -9999 -9999 -9999 -9999 -9999 -9999 -9999 -9999 -9999 -9999 -9999 -9999 -9999 -9999 -9999 -9999 -9999 -9999 -9999 -9999 0.16528844833374 0.0619453601539135 0.0172142013907433 0.0314071103930473 0.038844145834446 0.059758797287941 0.0844443738460541 0.212360143661499 0.264872312545776 0.289596498012543 0.279390722513199 0.275471121072769 0.273179948329926 0.267908602952957 0.282888621091843 0.293787360191345 0.280008226633072 0.149299055337906 0.146012231707573 0.150134578347206 0.151914730668068 0.145680785179138 0.136621654033661 0.131969004869461 0.12914252281189 0.127988666296005 0.125792935490608 0.12316007912159 0.121839143335819 0.117916882038116 0.208066180348396
-9999 -9999 -9999 -9999 -9999 -9999 -9999 -9999 -9999 -9999 -9999 -9999 -9999 -9999 -9999 -9999 -9999 -9999 -9999 -9999 -9999 -9999 -9999 -9999 -9999 0.167242214083672 0.0682377740740776 0.0190865769982338 0.0305605512112379 0.0415099710226059 0.0660126879811287 0.0911803618073463 0.221608325839043 0.272204846143723 0.278488010168076 0.265742719173431 0.254310637712479 0.236656233668327 0.227798864245415 0.253193527460098 0.268559724092484 0.253719657659531 0.129502847790718 0.123881414532661 0.123969405889511 0.120931945741177 0.125153481960297 0.124759860336781 0.123554706573486 0.120289526879787 0.117617011070251 0.115716546773911 0.112611137330532 0.110565602779388 0.19392703473568 0.189840257167816
-9999 -9999 -9999 -9999 -9999 -9999 -9999 -9999 -9999 -9999 -9999 -9999 -9999 -9999 -9999 -9999 -9999 -9999 -9999 -9999 -9999 -9999 -9999 -9999 -9999 0.164296686649323 0.0714098289608955 0.0214456729590893 0.0310115292668343 0.0423945598304272 0.0676047876477242 0.0926031917333603 0.226473584771156 0.270400911569595 0.26631698012352 0.254995793104172 0.23943255841732 0.227306768298149 0.219139739871025 0.229842737317085 0.238956898450851 0.125791102647781 0.112436778843403 0.107535004615784 0.109123937785625 0.111864402890205 0.113676086068153 0.114164538681507 0.114582523703575 0.112353555858135 0.109390012919903 0.106615334749222 0.103357799351215 0.101810604333878 0.18079137802124 0.174442887306213
-9999 -9999 -9999 -9999 -9999 -9999 -9999 -9999 -9999 -9999 -9999 -9999 -9999 -9999 -9999 -9999 -9999 -9999 -9999 -9999 -9999 -9999 -9999 -9999 -9999 0.175224587321281 0.0837234109640121 0.0208918265998363 0.0302249304950237 0.0415001921355724 0.0660063549876213 0.090021476149559 0.217904627323151 0.250521451234818 0.245656564831734 0.237489879131317 0.223898738622665 0.21351920068264 0.204236552119255 0.210772648453712 0.215939119458199 0.111982218921185 0.100453652441502 0.097624808549881 0.101385377347469 0.104780621826649 0.10705603659153 0.107154071331024 0.107354894280434 0.104666374623775 0.102708004415035 0.100920811295509 0.0973457545042038 0.0953307375311852 0.168845623731613 0.163964495062828
-9999 -9999 -9999 -9999 -9999 -9999 -9999 -9999 -9999 -9999 -9999 -9999 -9999 -9999 -9999 -9999 -9999 -9999 -9999 -9999 -9999 -9999 -9999 -9999 -9999 0.183833435177803 0.0942103862762451 0.0190020203590393 0.0274393483996391 0.0376019068062305 0.061363223940134 0.0821434110403061 0.104611717164516 0.219146385788918 0.218079954385757 0.20589442551136 0.20103608071804 0.102575369179249 0.100109271705151 0.191772311925888 0.105757303535938 0.10150445997715 0.0944747179746628 0.0928807035088539 0.0958852097392082 0.0995014309883118 0.100896194577217 0.100963823497295 0.101010821759701 0.098982647061348 0.0970692858099937 0.0953037962317467 0.0934409871697426 0.0918446332216263 0.163304850459099 0.156646803021431
-9999 -9999 -9999 -9999 -9999 -9999 -9999 -9999 -9999 -9999 -9999 -9999 -9999 -9999 -9999 -9999 -9999 -9999 -9999 -9999 -9999 -9999 -9999 -9999 -9999 0.221473813056946 0.117684870958328 0.0220751985907555 0.0255516059696674 0.0341472253203392 0.0536837317049503 0.0718244835734367 0.0897274687886238 0.103260964155197 0.103876776993275 0.0980104729533195 0.0972474589943886 0.0930343344807625 0.0930898562073708 0.183627307415009 0.100720681250095 0.0974827408790588 0.0907775089144707 0.08927271515131 0.092197559773922 0.0949492752552032 0.0959929674863815 0.0952084809541702 0.0951894819736481 0.0935232788324356 0.0923552960157394 0.0915796384215355 0.0891727134585381 0.0870744362473488 0.0835188925266266 0.150645658373833
-9999 -9999 -9999 -9999 -9999 -9999 -9999 -9999 -9999 -9999 -9999 -9999 -9999 -9999 -9999 -9999 -9999 -9999 -9999 -9999 -9999 -9999 -9999 -9999 -9999 0.267626494169235 0.140589594841003 0.0272781997919083 0.0234365351498127 0.0312031842768192 0.0447413250803947 0.0610838457942009 0.0788716301321983 0.0909361243247986 0.0943853259086609 0.093978188931942 0.0920133143663406 0.0902011469006538 0.0930476859211922 0.184060573577881 0.190675005316734 0.0986323282122612 0.0895106047391891 0.0868749842047691 0.0888592600822449 0.0912082642316818 0.0913041532039642 0.090083472430706 0.0904175043106079 0.0896822810173035 0.0891338065266609 0.0888442993164062 0.0844123512506485 0.0849839299917221 0.15663880109787 0.149196073412895
-9999 -9999 -9999 -9999 -9999 -9999 -9999 -9999 -9999 -9999 -9999 -9999 -9999 -9999 -9999 -9999 -9999 -9999 -9999 -9999 -9999 -9999 -9999 -9999 0.316405475139618 0.265135109424591 0.162910550832748 0.0698260068893433 0.0211836379021406 0.0298408046364784 0.040620643645525 0.0548241026699543 0.0705125853419304 0.082327738404274 0.0872201547026634 0.0879607573151588 0.0875668302178383 0.0872552841901779 0.0916994586586952 0.187166959047318 0.196939364075661 0.101616278290749 0.0907726436853409 0.0865540057420731 0.0870547145605087 0.0883270725607872 0.0875474438071251 0.0866976752877235 0.0882620215415955 0.0901392474770546 0.0908432900905609 0.0891125947237015 0.0855427905917168 0.168280631303787 0.184060022234917 0.189079314470291
