meets/meet004/_saidas_enm/CCSM_Maxent_6k_Cavanillesia_umbellata5.asc
NCOLS 154 
NROWS 168 
XLLCORNER -112 
YLLCORNER -55.5 
CELLSIZE 0.5 
NODATA_value -9999 
[rows 75 to 99 of 168, columns 56 to 111 of 154]
-9999 -9999 -9999 -9999 -9999 -9999 -9999 -9999 -9999 -9999 -9999 0.358188182115555 0.32263520359993 0.256665289402008 0.255998879671097 0.293478488922119 0.336623102426529 0.377733409404755 0.410296976566315 0.432607918977737 0.430327892303467 0.200995489954948 0.185091063380241 0.177842602133751 0.181704476475716 0.184127941727638 0.183891221880913 0.0965901613235474 0.0960842370986938 0.096271350979805 0.176415860652924 0.17378006875515 0.169701144099236 0.167595952749252 0.166524633765221 0.164645403623581 0.164408892393112 0.162927433848381 0.164124310016632 0.166353076696396 0.294863998889923 0.298615038394928 0.299348533153534 0.302582383155823 0.306373476982117 0.304506719112396 0.296412497758865 0.283894628286362 0.270260989665985 0.253519982099533 0.239232659339905 0.228930652141571 0.220397457480431 0.217205077409744 0.219222098588943 0.269854635000229
-9999 -9999 -9999 -9999 -9999 -9999 -9999 -9999 -9999 -9999 -9999 0.370589733123779 0.322562009096146 0.2475426197052 0.263094633817673 0.292054086923599 0.316632807254791 0.354295045137405 0.38242107629776 0.409625053405762 0.438706547021866 0.209630385041237 0.194431871175766 0.180834397673607 0.180989652872086 0.177496448159218 0.178129374980927 0.0938493609428406 0.0929469019174576 0.0925354361534119 0.091435618698597 0.0898876562714577 0.088831789791584 0.163639903068542 0.162631571292877 0.162694945931435 0.160147026181221 0.159044250845909 0.159998431801796 0.285563349723816 0.29221522808075 0.292928665876389 0.294844776391983 0.297157406806946 0.296081364154816 0.29510235786438 0.286751925945282 0.275114208459854 0.263861835002899 0.250334650278091 0.238490879535675 0.229076817631721 0.230686977505684 0.23000867664814 0.228542864322662 0.227916464209557
-9999 -9999 -9999 -9999 -9999 -9999 -9999 -9999 -9999 -9999 -9999 -9999 0.333552181720734 0.309817850589752 0.283526420593262 0.284763187170029 0.302074640989304 0.338024139404297 0.363714754581451 0.386939972639084 0.412520796060562 0.42715921998024 0.207622066140175 0.184070765972137 0.181319460272789 0.179894104599953 0.177908211946487 0.0923221930861473 0.0904618352651596 0.0890212506055832 0.0873947963118553 0.0859720185399055 0.084924042224884 0.0842713192105293 0.084025464951992 0.0838188156485558 0.0823581367731094 0.0812916085124016 0.0815417170524597 0.153773486614227 0.278869122266769 0.281263828277588 0.283402740955353 0.28430101275444 0.281686782836914 0.278202801942825 0.271094083786011 0.26291897892952 0.254748374223709 0.251228839159012 0.248298838734627 0.246907144784927 0.24416421353817 0.240731850266457 0.239249289035797 0.237332627177238
-9999 -9999 -9999 -9999 -9999 -9999 -9999 -9999 -9999 -9999 -9999 -9999 0.372346311807632 0.322903096675873 0.311745375394821 0.260308414697647 0.271734625101089 0.310689836740494 0.335921794176102 0.355091124773026 0.376834839582443 0.401671528816223 0.431940674781799 0.187439560890198 0.18941093981266 0.186732426285744 0.179829806089401 0.0920676290988922 0.0887090936303139 0.0863769352436066 0.0836050137877464 0.0823115333914757 0.080615371465683 0.0797385796904564 0.0798607468605042 0.0793855041265488 0.0780245959758759 0.0759411454200745 0.0757679119706154 0.0763357356190681 0.0770732536911964 0.148011162877083 0.149594649672508 0.150498747825623 0.268222332000732 0.265755921602249 0.264803498983383 0.262123048305511 0.148059293627739 0.32137542963028 0.320384323596954 0.184774190187454 0.18143954873085 0.139816209673882 0.138259202241898 0.135053798556328
-9999 -9999 -9999 -9999 -9999 -9999 -9999 -9999 -9999 -9999 -9999 -9999 -9999 0.365544050931931 0.300180703401566 0.258049845695496 0.248251095414162 0.263981938362122 0.279346764087677 0.306115537881851 0.338209837675095 0.363372206687927 0.390601754188538 0.252457320690155 0.240451082587242 0.185965538024902 0.179693281650543 0.0905406251549721 0.0869543701410294 0.0850466638803482 0.0821787789463997 0.0801432505249977 0.0779997929930687 0.0765790715813637 0.0759464874863625 0.0746677592396736 0.0735619738698006 0.0718615725636482 0.0713955834507942 0.0711894407868385 0.0713222771883011 0.0736075043678284 0.144394308328629 0.149001926183701 0.273823380470276 0.275615274906158 0.275523990392685 0.196841567754745 0.194772973656654 0.195650160312653 0.195251554250717 0.193511858582497 0.189446330070496 0.185047253966331 0.171883627772331 0.114227183163166
-9999 -9999 -9999 -9999 -9999 -9999 -9999 -9999 -9999 -9999 -9999 -9999 -9999 0.427005469799042 0.305617928504944 0.227234333753586 0.234506979584694 0.230672270059586 0.232165992259979 0.255944311618805 0.283417969942093 0.325966775417328 0.354580849409103 0.371357053518295 0.387526571750641 0.244817465543747 0.184713467955589 0.0907021164894104 0.0836455598473549 0.0834505707025528 0.0818308219313622 0.0779133290052414 0.0771869122982025 0.0751796662807465 0.073108583688736 0.0707117021083832 0.0706337094306946 0.0692312866449356 0.0684668570756912 0.0670540481805801 0.0671087875962257 0.0702692344784737 0.0743336901068687 0.145438745617867 0.274147212505341 0.286841064691544 0.161150619387627 0.198892325162888 0.191785559058189 0.192258790135384 0.19308203458786 0.192804083228111 0.192458987236023 0.175911545753479 0.151792392134666 0.101495921611786
-9999 -9999 -9999 -9999 -9999 -9999 -9999 -9999 -9999 -9999 -9999 -9999 -9999 -9999 0.338574171066284 0.253145456314087 0.240550741553307 0.223717212677002 0.220379516482353 0.238632649183273 0.270746767520905 0.311173349618912 0.350816637277603 0.365887701511383 0.373798370361328 0.388923794031143 0.402528285980225 0.177726179361343 0.0794982388615608 0.0805959105491638 0.0778467953205109 0.148911818861961 0.0764471665024757 0.0744704231619835 0.0733538791537285 0.0710141733288765 0.0702626779675484 0.0685636922717094 0.067533440887928 0.0671918615698814 0.0683819726109505 0.0705372840166092 0.0724906623363495 0.0756283774971962 0.155602917075157 0.161522716283798 0.162601038813591 0.201193988323212 0.194018334150314 0.193308353424072 0.192539885640144 0.190837010741234 0.169466614723206 0.154298067092896 0.138167068362236 0.094161793589592
-9999 -9999 -9999 -9999 -9999 -9999 -9999 -9999 -9999 -9999 -9999 -9999 -9999 -9999 0.39605638384819 0.272224903106689 0.242441922426224 0.219129055738449 0.197147563099861 0.230667486786842 0.25361379981041 0.26562961935997 0.291379243135452 0.306064784526825 0.349639028310776 0.378493279218674 0.391439497470856 0.404372781515121 0.334078252315521 0.330099433660507 0.153735265135765 0.154663249850273 0.150136858224869 0.144217312335968 0.0751138105988503 0.07221669703722 0.0723055824637413 0.0703188553452492 0.0676218271255493 0.0690511986613274 0.0688164532184601 0.0696615055203438 0.0705235153436661 0.0741852298378944 0.152253732085228 0.15844438970089 0.161280035972595 0.20267841219902 0.19951619207859 0.199009478092194 0.191399425268173 0.176059171557426 0.151406183838844 0.139893099665642 0.129316613078117 0.0919295400381088
-9999 -9999 -9999 -9999 -9999 -9999 -9999 -9999 -9999 -9999 -9999 -9999 -9999 -9999 -9999 0.384065866470337 0.28129580616951 0.216835856437683 0.172860354185104 0.208688229322433 0.214643195271492 0.243830174207687 0.267058134078979 0.287056058645248 0.30806040763855 0.318667501211166 0.335632532835007 0.359714508056641 0.387042582035065 0.405870079994202 0.429604142904282 0.341695785522461 0.162504896521568 0.142640918493271 0.141952708363533 0.142460361123085 0.137726902961731 0.0696497708559036 0.0685460343956947 0.0719325467944145 0.0742083042860031 0.0723742246627808 0.0699610039591789 0.0710931345820427 0.147583842277527 0.156536146998405 0.161603778600693 0.207932189106941 0.210563406348228 0.210601627826691 0.190565198659897 0.167686179280281 0.147167131304741 0.136009752750397 0.126954510807991 0.11735738068819
-9999 -9999 -9999 -9999 -9999 -9999 -9999 -9999 -9999 -9999 -9999 -9999 -9999 -9999 -9999 0.570091128349304 0.342035204172134 0.21737352013588 0.146065071225166 0.174935862421989 0.201225250959396 0.229892075061798 0.24924273788929 0.264103829860687 0.304235398769379 0.314669072628021 0.333923608064651 0.322812527418137 0.331434994935989 0.375017046928406 0.378967076539993 0.411769658327103 0.323348969221115 0.145105972886086 0.140990778803825 0.14645890891552 0.137262508273125 0.131184652447701 0.131192654371262 0.14148473739624 0.149641141295433 0.0742276385426521 0.069173201918602 0.0692031905055046 0.144818678498268 0.155651763081551 0.163774520158768 0.170232489705086 0.222183495759964 0.208869472146034 0.193656906485558 0.171921893954277 0.150255247950554 0.13983716070652 0.12746524810791 0.118094474077225
-9999 -9999 -9999 -9999 -9999 -9999 -9999 -9999 -9999 -9999 -9999 -9999 -9999 -9999 -9999 0.623386323451996 0.444831728935242 0.30610665678978 0.178875669836998 0.147673010826111 0.134361043572426 0.153428614139557 0.175462812185287 0.208327874541283 0.254783689975739 0.289580672979355 0.32529604434967 0.343757480382919 0.345661163330078 0.345042675733566 0.369788140058517 0.379810243844986 0.390706121921539 0.0875100418925285 0.0771473720669746 0.0738784819841385 0.0696907937526703 0.129788234829903 0.129241928458214 0.139222547411919 0.146131619811058 0.13862481713295 0.0682249665260315 0.0680740922689438 0.139367088675499 0.153860598802567 0.164257779717445 0.175135150551796 0.22997322678566 0.215442568063736 0.196160197257996 0.299708485603333 0.217663899064064 0.200929462909698 0.183174327015877 0.17400150001049
-9999 -9999 -9999 -9999 -9999 -9999 -9999 -9999 -9999 -9999 -9999 -9999 -9999 -9999 -9999 -9999 0.57607102394104 0.380525529384613 0.278048157691956 0.0901500806212425 0.0532198809087276 0.055536400526762 0.0583914294838905 0.0686673149466515 0.083210788667202 0.0834489315748215 0.218938708305359 0.257142394781113 0.283756524324417 0.310863852500916 0.336766541004181 0.365076124668121 0.352447390556335 0.222934931516647 0.175097912549973 0.0765221938490868 0.0688095390796661 0.0670164451003075 0.126043409109116 0.131149053573608 0.140712276101112 0.0705090835690498 0.0667000263929367 0.06763656437397 0.140362814068794 0.152862787246704 0.164035007357597 0.176152050495148 0.312182456254959 0.287142336368561 0.269091337919235 0.235924452543259 0.112971022725105 0.103554949164391 0.0937319472432137 0.090816356241703
-9999 -9999 -9999 -9999 -9999 -9999 -9999 -9999 -9999 -9999 -9999 -9999 -9999 -9999 -9999 -9999 -9999 0.555719971656799 0.165217146277428 0.288825422525406 0.0967539921402931 0.0763304606080055 0.0731974691152573 0.0712029859423637 0.0734791457653046 0.0731134936213493 0.163660034537315 0.184581845998764 0.210907623171806 0.261685401201248 0.284752815961838 0.341659247875214 0.353667229413986 0.355578660964966 0.214931160211563 0.221431717276573 0.0764758214354515 0.0689351186156273 0.0643291175365448 0.0659844651818275 0.0650572776794434 0.0678924024105072 0.0681539922952652 0.0702547803521156 0.0752730816602707 0.0816037654876709 0.0864685699343681 0.169020369648933 0.172448024153709 0.156224742531776 0.136935442686081 0.117289662361145 0.100659966468811 0.0929104164242744 0.0882062986493111 0.0871739313006401
-9999 -9999 -9999 -9999 -9999 -9999 -9999 -9999 -9999 -9999 -9999 -9999 -9999 -9999 -9999 -9999 -9999 -9999 -9999 0.183232218027115 0.137300446629524 0.266800940036774 0.236271262168884 0.185617998242378 0.161742940545082 0.146657764911652 0.14024543762207 0.150269970297813 0.167256489396095 0.223140075802803 0.266176760196686 0.31372144818306 0.348051935434341 0.360546857118607 0.347010105848312 0.205148950219154 0.226656690239906 0.14854334294796 0.0677810683846474 0.0674813091754913 0.0650355517864227 0.0668202191591263 0.0704014301300049 0.0738499239087105 0.0793794617056847 0.0824518650770187 0.085168220102787 0.16307158768177 0.165617600083351 0.151654720306396 0.131789311766624 0.113205254077911 0.0946915298700333 0.0871449112892151 0.0838001519441605 0.0840591192245483
-9999 -9999 -9999 -9999 -9999 -9999 -9999 -9999 -9999 -9999 -9999 -9999 -9999 -9999 -9999 -9999 -9999 -9999 -9999 -9999 -9999 0.382972925901413 0.333237737417221 0.262436032295227 0.227715939283371 0.167694061994553 0.147686317563057 0.131019830703735 0.134793102741241 0.161897793412209 0.202255576848984 0.276445478200912 0.325670957565308 0.344325721263885 0.35044202208519 0.345196962356567 0.348909616470337 0.215131178498268 0.14941468834877 0.148672416806221 0.0753092393279076 0.0734188035130501 0.0746540352702141 0.0785581022500992 0.0823604688048363 0.0836445689201355 0.1591717004776 0.159821525216103 0.158860877156258 0.155728593468666 0.13316285610199 0.114078380167484 0.0967716798186302 0.0882808715105057 0.0822284743189812 0.0808132588863373
-9999 -9999 -9999 -9999 -9999 -9999 -9999 -9999 -9999 -9999 -9999 -9999 -9999 -9999 -9999 -9999 -9999 -9999 -9999 -9999 -9999 -9999 -9999 0.368203699588776 0.27922323346138 0.229888319969177 0.174427360296249 0.133045688271523 0.0606662407517433 0.0650216564536095 0.147798180580139 0.211158111691475 0.278938353061676 0.307216048240662 0.319051206111908 0.338900119066238 0.342637181282043 0.33517974615097 0.358654290437698 0.394799441099167 0.310010313987732 0.162523031234741 0.154273182153702 0.154684737324715 0.15570804476738 0.158702492713928 0.160740360617638 0.159986525774002 0.158398196101189 0.156160712242126 0.147430777549744 0.123790003359318 0.103397466242313 0.0922989100217819 0.0865937173366547 0.0832598581910133
-9999 -9999 -9999 -9999 -9999 -9999 -9999 -9999 -9999 -9999 -9999 -9999 -9999 -9999 -9999 -9999 -9999 -9999 -9999 -9999 -9999 -9999 -9999 -9999 -9999 0.363125801086426 0.270922213792801 0.156010240316391 0.0592041239142418 0.0580746568739414 0.121772490441799 0.146629929542542 0.190275445580482 0.239765003323555 0.273162752389908 0.274157732725143 0.309281170368195 0.318109333515167 0.33452969789505 0.355635821819305 0.402054786682129 0.323580652475357 0.172360315918922 0.157287433743477 0.160194486379623 0.16312412917614 0.163153737783432 0.165164336562157 0.160389795899391 0.155277848243713 0.148799017071724 0.137108072638512 0.0597105287015438 0.0527460277080536 0.0920162498950958 0.0895460247993469
-9999 -9999 -9999 -9999 -9999 -9999 -9999 -9999 -9999 -9999 -9999 -9999 -9999 -9999 -9999 -9999 -9999 -9999 -9999 -9999 -9999 -9999 -9999 -9999 -9999 0.452752768993378 0.352333873510361 0.240127548575401 0.0751953944563866 0.0535141825675964 0.0469835959374905 0.0483114644885063 0.0593674890697002 0.149141639471054 0.208612516522408 0.256602436304092 0.272122442722321 0.279958724975586 0.294421792030334 0.308087885379791 0.348971217870712 0.409516960382462 0.184179857373238 0.162310391664505 0.156516566872597 0.164773866534233 0.162826821208 0.164337918162346 0.158544689416885 0.150733560323715 0.143108725547791 0.133598446846008 0.066949762403965 0.061696033924818 0.108200863003731 0.101515091955662
-9999 -9999 -9999 -9999 -9999 -9999 -9999 -9999 -9999 -9999 -9999 -9999 -9999 -9999 -9999 -9999 -9999 -9999 -9999 -9999 -9999 -9999 -9999 -9999 -9999 -9999 -9999 0.372737854719162 0.220160111784935 0.0530095957219601 0.0406432971358299 0.0371265821158886 0.0367992967367172 0.0456559881567955 0.0657212883234024 0.146020174026489 0.198573067784309 0.232270121574402 0.25008562207222 0.257777452468872 0.162969350814819 0.366420030593872 0.329974353313446 0.161988958716393 0.155469357967377 0.162757605314255 0.161134704947472 0.159441292285919 0.0811716616153717 0.144266843795776 0.0710771605372429 0.0679214894771576 0.0655538514256477 0.0648338049650192 0.124436549842358 0.119953833520412
-9999 -9999 -9999 -9999 -9999 -9999 -9999 -9999 -9999 -9999 -9999 -9999 -9999 -9999 -9999 -9999 -9999 -9999 -9999 -9999 -9999 -9999 -9999 -9999 -9999 -9999 -9999 0.186126515269279 0.280151277780533 0.0666662901639938 0.0440731421113014 0.035505685955286 0.0319888256490231 0.0339478403329849 0.043513335287571 0.0557596310973167 0.0779357105493546 0.184962287545204 0.211622685194016 0.221110850572586 0.143216595053673 0.191441863775253 0.333081722259521 0.158850237727165 0.153202071785927 0.156442955136299 0.153184622526169 0.150540351867676 0.0757340863347054 0.070097342133522 0.0666572749614716 0.12519633769989 0.12486931681633 0.125284403562546 0.127493306994438 0.12986646592617
-9999 -9999 -9999 -9999 -9999 -9999 -9999 -9999 -9999 -9999 -9999 -9999 -9999 -9999 -9999 -9999 -9999 -9999 -9999 -9999 -9999 -9999 -9999 -9999 -9999 -9999 -9999 -9999 0.121385954320431 0.097621887922287 0.0585173927247524 0.0366756841540337 0.0319106690585613 0.0330694802105427 0.0380676314234734 0.0469076074659824 0.0639124810695648 0.0827788338065147 0.179354101419449 0.107089214026928 0.129200339317322 0.169099763035774 0.225355908274651 0.079462006688118 0.148052290081978 0.152647018432617 0.146135091781616 0.140889540314674 0.134340539574623 0.065886452794075 0.0624744445085526 0.122009374201298 0.126733124256134 0.129306644201279 0.130408078432083 0.131437689065933
-9999 -9999 -9999 -9999 -9999 -9999 -9999 -9999 -9999 -9999 -9999 -9999 -9999 -9999 -9999 -9999 -9999 -9999 -9999 -9999 -9999 -9999 -9999 -9999 -9999 -9999 -9999 -9999 0.128357797861099 0.119829759001732 0.070563517510891 0.047478448599577 0.0401665456593037 0.0700365304946899 0.0367509797215462 0.0442439466714859 0.0554787144064903 0.0709062367677689 0.0848171710968018 0.0962079465389252 0.115649223327637 0.151429191231728 0.204173013567924 0.0777867436408997 0.0710324645042419 0.0716750621795654 0.135089665651321 0.134598895907402 0.130161613225937 0.0639292895793915 0.0614448897540569 0.119209736585617 0.125049263238907 0.128714591264725 0.132581830024719 0.134765207767487
-9999 -9999 -9999 -9999 -9999 -9999 -9999 -9999 -9999 -9999 -9999 -9999 -9999 -9999 -9999 -9999 -9999 -9999 -9999 -9999 -9999 -9999 -9999 -9999 -9999 -9999 -9999 -9999 0.101306512951851 0.133998066186905 0.0766894593834877 0.0552980750799179 0.0940680429339409 0.0822113826870918 0.0370697416365147 0.0418671332299709 0.0517200008034706 0.0646636560559273 0.0764034166932106 0.0862815603613853 0.101424314081669 0.14527103304863 0.195652335882187 0.0736512392759323 0.0655880346894264 0.0603817328810692 0.0646145343780518 0.128020510077477 0.127858355641365 0.120881140232086 0.0590045601129532 0.118724688887596 0.124552227556705 0.12974588572979 0.134888231754303 0.138996705412865
-9999 -9999 -9999 -9999 -9999 -9999 -9999 -9999 -9999 -9999 -9999 -9999 -9999 -9999 -9999 -9999 -9999 -9999 -9999 -9999 -9999 -9999 -9999 -9999 -9999 -9999 -9999 -9999 0.112121529877186 0.128956988453865 0.078208714723587 0.0587844736874104 0.0930461138486862 0.0825379639863968 0.0387167893350124 0.0408051386475563 0.0497795678675175 0.0600907430052757 0.0715153589844704 0.083099365234375 0.100293204188347 0.139080017805099 0.192307606339455 0.07047238945961 0.0611677728593349 0.0585175231099129 0.0592418052256107 0.0625021979212761 0.0642642229795456 0.123731508851051 0.122899144887924 0.123358465731144 0.126075252890587 0.130606561899185 0.137142151594162 0.143479481339455
-9999 -9999 -9999 -9999 -9999 -9999 -9999 -9999 -9999 -9999 -9999 -9999 -9999 -9999 -9999 -9999 -9999 -9999 -9999 -9999 -9999 -9999 -9999 -9999 -9999 -9999 -9999 -9999 0.117055341601372 0.23582960665226 0.0745043158531189 0.0587248131632805 0.0878670811653137 0.079776793718338 0.0382939018309116 0.0385914295911789 0.0490593798458576 0.0602027662098408 0.0710400342941284 0.0820171609520912 0.097321979701519 0.138742685317993 0.197915568947792 0.0675128176808357 0.0598137378692627 0.0573754273355007 0.0575553923845291 0.0608649738132954 0.0637555345892906 0.13040417432785 0.137644171714783 0.135359719395638 0.134376436471939 0.138379842042923 0.145244285464287 0.273796528577805
