meets/meet004/_saidas_enm/CCSM_SVM_0k_Cavanillesia_umbellata2.asc
NCOLS 154 
NROWS 168 
XLLCORNER -112 
YLLCORNER -55.5 
CELLSIZE 0.5 
NODATA_value -9999 
[rows 75 to 99 of 168, columns 56 to 111 of 154]
-9999 -9999 -9999 -9999 -9999 -9999 -9999 -9999 -9999 -9999 -9999 0.00310340837872158 0.0330849001543809 0.188425922252629 0.208937331240452 0.184784798879657 0.179219877272919 0.384548195001465 0.466955861660848 0.373880352073039 0.255515080275517 0.192295494057235 0.138224339743769 0.099397031872565 0.0731791356408416 0.0554614580078601 0.0453166784268285 0.0332391949301585 0.0275901775073872 0.0284156167731685 0.0288389415714362 0.032107763255054 0.0293434934395437 0.0304484838652967 0.0325682859064697 0.0296476222383881 0.0377251524763936 0.0407061077602733 0.0525632070486303 0.0693319872112734 0.0782050698329539 0.0961747918762708 0.100460532426655 0.106984765763185 0.112631359590537 0.100316944759415 0.0697908621823498 0.0323662411689113 -0.000406141864973286 -0.0297878978908213 -0.0459315548922942 -0.0568068740436901 -0.0634192443807485 -0.0673682757369286 -0.0724023812059832 -0.0706238608692482
-9999 -9999 -9999 -9999 -9999 -9999 -9999 -9999 -9999 -9999 -9999 0.010356914232251 -0.0144449873207178 0.16120430261481 0.199315467826917 0.19686337603452 0.158442960028642 0.262839767822745 0.398063541631976 0.381071437738614 0.326438468077782 0.212957604513853 0.139473870250558 0.0963339299760292 0.0619065538642978 0.0455412046895925 0.0309548139075057 0.0202106772195796 0.013600388304876 0.0110368872620959 0.00859984270564229 0.0113530827336974 0.0148517495112545 0.0155894232980454 0.0129006630368936 0.0113265063318952 0.010835962951612 0.0150343782730922 0.0242145311147031 0.033315037079181 0.0544975807621276 0.0765154796540743 0.0939313878570054 0.097964622223528 0.0840140757664916 0.0611362007075572 0.0355535742842845 0.00702299548329827 -0.018889839756121 -0.041714858805486 -0.0558599526959644 -0.0652967678220939 -0.0726108080112085 -0.0773346635330694 -0.0835721047460918 -0.0875938026047239
-9999 -9999 -9999 -9999 -9999 -9999 -9999 -9999 -9999 -9999 -9999 -9999 -0.0742916520101873 0.0389198478743562 0.126105048090663 0.166627208461064 0.180753012267071 0.184937827304608 0.20695983781109 0.288313813888099 0.34963719286435 0.29650554149857 0.200286507759005 0.130160287773156 0.0704512577770804 0.0353144203997023 0.0196298221179433 0.0148019716497892 0.00876498030464395 0.0035439009708525 -0.00218933325932608 -0.00051180705255649 0.000860203092016343 0.00117255452278869 -0.000267617285901134 -0.00426715815870848 -0.00758660885395218 -0.00953040281656531 -0.00389063767504177 0.00557804156247882 0.0277110737803807 0.0661571776447733 0.0999770008239895 0.100861620818067 0.0653783147146685 0.0251026497936576 -0.0035471454765994 -0.0261140703441202 -0.0439573578136311 -0.0583141372121387 -0.0688680657657263 -0.0786438303909455 -0.0839487326905422 -0.0857419682631983 -0.088605658532857 -0.0878533249195123
-9999 -9999 -9999 -9999 -9999 -9999 -9999 -9999 -9999 -9999 -9999 -9999 0.0124070781848057 -0.0510702469556145 0.0464902996227339 0.125654437807926 0.220659397516163 0.358123624090844 0.344610007582328 0.187074908012088 0.246314515421233 0.31563521292436 0.333198482697873 0.236264737655748 0.0804401337898206 0.0348703728415168 0.0195171899194652 0.0192721917643906 0.0144712122290664 0.00687143834357201 -0.00371371232372081 -0.00270500603212598 -0.00465101840713927 -0.00792991559344974 -0.00950252546853247 -0.0147360118223876 -0.0229647885003668 -0.0319297464659061 -0.0320813497619319 -0.0233825439574442 -0.00401151585956322 0.0394668514054622 0.102037075861427 0.109186825746764 0.0520259978847911 -0.00365572493611072 -0.0320677115524849 -0.0553235860499552 -0.067490016973579 -0.0742015769396961 -0.0788124759965578 -0.0866841767089068 -0.0900591448634661 -0.0904584755597084 -0.0865863354277944 -0.077901288664766
-9999 -9999 -9999 -9999 -9999 -9999 -9999 -9999 -9999 -9999 -9999 -9999 -9999 -0.00298754095102027 0.00258286461539298 0.133684810157618 0.259540293917076 0.403812583651504 0.499038988600754 0.489562618133318 0.362621354542949 0.316824341140666 0.539010935834186 0.55287361268255 0.377939256059865 0.170642318902802 0.086441333551544 0.0622308627222963 0.0367836927170767 0.0230627859586973 0.0111561142960988 0.00753234036541384 0.00273140811410449 -0.00391811533697772 -0.0102254185370597 -0.0217617007078192 -0.0281213821634969 -0.0374593980068494 -0.0419377759304415 -0.0420386494621395 -0.0346414761108862 0.000803341189963558 0.0500319198880296 0.0682046345691706 0.0459704583084485 -0.000299815619980215 -0.0469552921042444 -0.0771725501300902 -0.0875096775206558 -0.0905934802250667 -0.092225666791551 -0.0964917837267151 -0.0961561622750873 -0.0909319429663623 -0.0848149401857045 -0.0768854273318979
-9999 -9999 -9999 -9999 -9999 -9999 -9999 -9999 -9999 -9999 -9999 -9999 -9999 0.0678265825727847 -0.0061581722320489 0.138788084310596 0.265643977536123 0.310024479304432 0.320035944492325 0.458491175949242 0.624487429639306 0.584017334500714 0.524305060670244 0.737036450813278 0.893253945492585 0.596540715015664 0.401315970162456 0.239871039894493 0.135310112019699 0.0555382707377487 0.0356633038714284 0.0350917017434249 0.0214138231233092 0.0119002862006495 0.00206792412816398 -0.0162234644116968 -0.0170380058279088 -0.0272981883541721 -0.0362320370783579 -0.0453506283320272 -0.0564845781797277 -0.0364440562310909 0.000908981034185075 0.0175916495340727 0.0222292709374338 0.0197337256155571 -0.0565194183918931 -0.0935378937202104 -0.100889691537449 -0.101860914687613 -0.100850787915272 -0.0996836449015673 -0.0964829947680326 -0.0918293292957391 -0.0869767651130708 -0.0784911053450479
-9999 -9999 -9999 -9999 -9999 -9999 -9999 -9999 -9999 -9999 -9999 -9999 -9999 -9999 0.0376455434999021 0.0500781055444298 0.279880076201706 0.293348186586767 0.269188230806518 0.33205305972742 0.514400201572186 0.758015461468749 0.669688598727822 0.428167218622012 0.371670480837902 0.57747840605637 0.921872484871219 0.949910116062314 0.593406281683216 0.31143312116943 0.141340481574908 0.0720157888670853 0.0541858255548917 0.0406603477902696 0.0289460581610013 0.017711683103485 0.0181502185913733 0.0152265208448339 0.00340818140867399 -0.0181617847774655 -0.0412731130975391 -0.0415378556453941 -0.037355993970932 -0.034171494026425 -0.0202311486390099 -0.0335308457639016 -0.0720999640351489 -0.101250842736809 -0.107006743745199 -0.106804644936069 -0.104223592080677 -0.101276434651973 -0.097371908316069 -0.0943986531467888 -0.0953035023245006 -0.0935762566278203
-9999 -9999 -9999 -9999 -9999 -9999 -9999 -9999 -9999 -9999 -9999 -9999 -9999 -9999 0.105571414320529 0.000657642552267579 0.156538845545029 0.29774043426423 0.2413518595054 0.269103087973568 0.312504408170688 0.313234793243829 0.218266409443713 0.219189482272148 0.394805263854258 0.303921515562109 0.381312045326177 0.700628248816687 1.13415422344263 0.89523041886526 0.401845055088906 0.204112342870462 0.0920529630645079 0.0685475939663558 0.0620584580042461 0.0555968664554773 0.069841898207104 0.0816749474183126 0.0733795787026074 0.0421343705965445 -0.0141317651781036 -0.0229109384360801 -0.0496082184981562 -0.0634697982797786 -0.0558278375961409 -0.0595951096957104 -0.0808880958933694 -0.103553161065706 -0.108011011928967 -0.106838435284987 -0.104284664367232 -0.102167043654262 -0.0993218943561984 -0.0979488773253153 -0.102076741201114 -0.106153228242129
-9999 -9999 -9999 -9999 -9999 -9999 -9999 -9999 -9999 -9999 -9999 -9999 -9999 -9999 -9999 0.064318572829873 -0.0362244392213847 0.250345351729046 0.219320797725514 0.231663844110559 0.185851494013874 0.122635972728858 0.0500759802913046 0.063699843102953 0.121235511235083 0.171774808867385 0.294926616131514 0.365747245060947 0.4140703178484 0.506512138552207 0.756364258702357 0.514698532433195 0.163468782350079 0.0887944426412398 0.0821161742023994 0.110236645381684 0.117489023917006 0.122401678828992 0.132637219217752 0.15347350694781 0.145074779163073 0.048983006741506 -0.0412156877425684 -0.075167285789963 -0.0773494896647681 -0.0735269180790326 -0.0825022341463124 -0.0946973219446072 -0.0973382175597808 -0.0944508316463677 -0.0943724780796172 -0.0972612840887331 -0.101606701485017 -0.103022816292166 -0.104945125517998 -0.106971649771723
-9999 -9999 -9999 -9999 -9999 -9999 -9999 -9999 -9999 -9999 -9999 -9999 -9999 -9999 -9999 0.135108664576163 0.0135185854726512 0.135244715532569 0.176229159536497 0.207285362676636 0.161647787424149 0.121389002777289 0.0858342069165787 0.0697531694044141 0.0545920306528124 0.0926293224476267 0.0868117593553121 0.107500237619948 0.170970230818094 0.759588647766895 0.628068330768118 0.859410763285356 0.429499100827693 0.150181710716785 0.0854654923714342 0.140158861574345 0.128323661124941 0.138044218115588 0.175547306081217 0.243244918166807 0.296058263637063 0.144804857297379 -0.0303528995974696 -0.0806670336910177 -0.0872225194446085 -0.0793104857794012 -0.0782233196132753 -0.0754610071194199 -0.0677417726914034 -0.0563479724071071 -0.0467955684717533 -0.0634201536641424 -0.0849024393561739 -0.0933590187006064 -0.0989677061269056 -0.106239160364549
-9999 -9999 -9999 -9999 -9999 -9999 -9999 -9999 -9999 -9999 -9999 -9999 -9999 -9999 -9999 0.305865522628257 0.0912443667126642 0.0284637181969113 0.154638478901134 0.187542536154269 0.142228624333758 0.132161098398887 0.121779934128918 0.117251298598066 0.110331739952247 0.0997830668512381 0.0775575131391489 0.0708360098227825 0.152534163718039 0.657443830033718 0.950175384710451 0.79036005196782 0.817424665945736 0.413734425678052 0.150716340181438 0.0810987392826886 0.0941774427892879 0.135374806462834 0.187546419736245 0.27130512514154 0.317135259135895 0.177685103883515 -0.0275042466563201 -0.0786680796546196 -0.0910532911929553 -0.0888044778460853 -0.0728604383856062 -0.0472940408259764 -0.0186856243812476 0.0013952348626286 0.00586128911098704 -0.00501904939757924 -0.0236478683210862 -0.0384284364305693 -0.051898192545574 -0.0531830890630747
-9999 -9999 -9999 -9999 -9999 -9999 -9999 -9999 -9999 -9999 -9999 -9999 -9999 -9999 -9999 -9999 0.224845396160155 0.060086925841247 0.0710739847055584 0.148121124466411 0.127866060758662 0.127942340492672 0.123922772607087 0.122909881385812 0.124834314723437 0.123802589720846 0.124777056410614 0.117806900337704 0.145604736792448 0.387578640031441 0.835765434446915 0.84870885309694 0.924030563320853 0.930697851871676 0.483407773919948 0.134869555732301 0.0750215997528345 0.0899751805244786 0.138295777128836 0.21378306086784 0.285975878762261 0.115442965107595 -0.0448516198766858 -0.0755047573421031 -0.0861217340775067 -0.0842537197764466 -0.0511404342335919 0.00042954986789856 0.0525785296244379 0.0851539531919273 0.0870228462718807 0.0685617376531177 0.048223214056969 0.0341639329159321 0.023954313985346 0.036781860005955
-9999 -9999 -9999 -9999 -9999 -9999 -9999 -9999 -9999 -9999 -9999 -9999 -9999 -9999 -9999 -9999 -9999 0.266359163587222 0.0761595391082578 0.0787491516215398 0.119923081177685 0.15896339385158 0.164646745396531 0.141711994549242 0.135760834088042 0.130616940985236 0.130440940081476 0.130765823185005 0.147252808073685 0.23600473306835 0.471520606561064 0.926777323903355 0.888493052395479 0.832548089312816 0.922579442784737 0.418983580277981 0.152220193242838 0.0614008775445223 0.0483415369803034 0.0592506336698046 0.0257536901912523 -0.00493476333488346 -0.0502413139374611 -0.0675663887942266 -0.0669701631428898 -0.0445256726736245 -0.00332492018812469 0.0628755128612876 0.123635540442598 0.163717684571207 0.181855838318624 0.116866740122007 0.0607733625456263 0.0428787328067903 0.0520003878803076 0.0848894308638746
-9999 -9999 -9999 -9999 -9999 -9999 -9999 -9999 -9999 -9999 -9999 -9999 -9999 -9999 -9999 -9999 -9999 -9999 -9999 0.0856579422981111 0.0724480148058947 0.0613535882069355 0.14701618798145 0.213025299408448 0.183600611235496 0.150097893659332 0.135937071685343 0.131698433686715 0.140366396668923 0.175781075737471 0.275810767186321 0.619062687182096 0.92901529332038 0.857247503542497 0.748176268717045 0.855773515220884 0.616982728779608 0.227513327220817 0.0682557220992908 0.0140251268009284 -0.0305271962074097 -0.0286565133525571 -0.0397357392218479 -0.0450342291152987 -0.0240751354915369 0.00161800114094018 0.0339285167082019 0.0873357210014571 0.136447475838405 0.172528114420197 0.192598053181389 0.116056621835342 0.0432560929560635 0.0191257644450006 0.0246101988551749 0.0575612676890252
-9999 -9999 -9999 -9999 -9999 -9999 -9999 -9999 -9999 -9999 -9999 -9999 -9999 -9999 -9999 -9999 -9999 -9999 -9999 -9999 -9999 0.0895867633222982 0.028706608869936 0.0140313051685154 0.203678250344981 0.192225268867097 0.154148194522624 0.135776802050026 0.133086654218597 0.147458522298958 0.17842717684591 0.322232694929005 0.546790812778971 0.814570980057904 0.85651193486961 0.600147083835842 0.72625549043661 0.527724108739926 0.249426051558995 0.0707469597521336 0.028378179370648 0.0147857446540338 0.0130104125681159 0.0256828834887542 0.0325723795894242 0.0433824974718215 0.0608549338119815 0.0672875300589716 0.0915581913443242 0.14237852356086 0.140505367369774 0.083326193312261 0.0140055516074761 -0.0154828703733348 -0.0221542224252714 -0.0278520266682147
-9999 -9999 -9999 -9999 -9999 -9999 -9999 -9999 -9999 -9999 -9999 -9999 -9999 -9999 -9999 -9999 -9999 -9999 -9999 -9999 -9999 -9999 -9999 0.0790338672060239 -0.00854964313460299 0.173220452138617 0.201955983555174 0.15288468088615 0.135759083018725 0.137324531155161 0.146504686334782 0.195401141263338 0.268542086428485 0.456995723302365 0.77895149550783 0.858242272169716 0.585642263242873 0.470207662450003 0.459642944055112 0.22813277879214 0.0999941272126416 0.0861966710106409 0.111688252156486 0.121920403083653 0.12012593963382 0.117640116455889 0.114603848387308 0.101473106621238 0.109371438732497 0.136241341720968 0.119584871769802 0.0551933764879685 -0.011719317863588 -0.0398385358260728 -0.0464977857148215 -0.0517534883402492
-9999 -9999 -9999 -9999 -9999 -9999 -9999 -9999 -9999 -9999 -9999 -9999 -9999 -9999 -9999 -9999 -9999 -9999 -9999 -9999 -9999 -9999 -9999 -9999 -9999 0.00950072952955661 0.0554563132031285 0.181876967272548 0.144119656569069 0.139350360555073 0.143153575072892 0.149323270039608 0.158942006005167 0.199238557312863 0.353031997899878 0.479086300091217 0.835031554486759 0.588775197766363 0.295488534248585 0.261578392271641 0.146341799371543 0.136662342652472 0.205012626922015 0.216977526169885 0.219909491977858 0.229312532410654 0.200227688499928 0.197465665928901 0.176160238115631 0.153484873307772 0.126026600849062 0.0391625550222103 -0.0286340533944098 -0.0493896826203492 -0.0481891855638486 -0.0417822257330964
-9999 -9999 -9999 -9999 -9999 -9999 -9999 -9999 -9999 -9999 -9999 -9999 -9999 -9999 -9999 -9999 -9999 -9999 -9999 -9999 -9999 -9999 -9999 -9999 -9999 0.0976820657750808 0.0309626576809453 0.0860633516535362 0.15182134806979 0.137335981152104 0.129637261711077 0.128455704844417 0.132380058661568 0.146860500365448 0.208283692708904 0.330082365845232 0.592162899297631 0.720366976603434 0.478011542170005 0.2033521438594 0.120577603240715 0.146197536892483 0.269544365417097 0.282632412690447 0.277844422806084 0.288879611643518 0.246485818143161 0.221475186314404 0.18300289281911 0.142292283588843 0.0951634698078679 0.019210785726734 -0.0289769574461743 -0.0443832463139716 -0.0428457891114882 -0.0369904494404182
-9999 -9999 -9999 -9999 -9999 -9999 -9999 -9999 -9999 -9999 -9999 -9999 -9999 -9999 -9999 -9999 -9999 -9999 -9999 -9999 -9999 -9999 -9999 -9999 -9999 -9999 -9999 0.0563705023567379 0.0968257705380682 0.129616355825486 0.120974202562595 0.119596307930048 0.121238634439663 0.126101813507318 0.144708991331612 0.174302647919497 0.324556729109938 0.513336895821508 0.535187054293361 0.183313415897029 0.0464612558912827 0.112529274209179 0.335534032152443 0.341202985051402 0.304814320578755 0.295197835646231 0.255857461828099 0.188483391324892 0.136537010260753 0.0979745725129325 0.0507645458789388 0.00937123705691967 -0.0219432478159924 -0.0335798755363951 -0.0314716553259097 -0.0271794633836657
-9999 -9999 -9999 -9999 -9999 -9999 -9999 -9999 -9999 -9999 -9999 -9999 -9999 -9999 -9999 -9999 -9999 -9999 -9999 -9999 -9999 -9999 -9999 -9999 -9999 -9999 -9999 0.0737439599231611 0.0819452660131029 0.115614918892276 0.120627314581954 0.117189477036366 0.116216314094127 0.118877733812877 0.127081907364761 0.143517914036828 0.205540054317367 0.331970882622726 0.434101304450157 0.223912597606866 0.0382852768750365 0.0453169130916964 0.172852720090299 0.212429713984527 0.260973786825724 0.313735740272062 0.265484686240495 0.184927461249197 0.119790632114711 0.0669161731807578 0.0337885904705918 0.0201529126968662 0.0100107253363914 -0.000564534403816708 -0.00852588800509108 -0.0217068214860445
-9999 -9999 -9999 -9999 -9999 -9999 -9999 -9999 -9999 -9999 -9999 -9999 -9999 -9999 -9999 -9999 -9999 -9999 -9999 -9999 -9999 -9999 -9999 -9999 -9999 -9999 -9999 -9999 0.0656613962303615 0.100792606546865 0.117432458816565 0.114581702693004 0.112841254605865 0.115518414172151 0.121709538988533 0.133498529703731 0.1702351880559 0.243478914886723 0.316073185082911 0.22203854256311 0.0290017746071392 -0.0141196324384174 0.025104111443092 0.0585011496832949 0.16304857472703 0.345969284359992 0.263871470695181 0.190197342932676 0.128486609405821 0.0598598617773377 0.0312390577257437 0.0355495321786927 0.0655685678389119 0.0636685106066276 0.0233088710310427 -0.0147431779995094
-9999 -9999 -9999 -9999 -9999 -9999 -9999 -9999 -9999 -9999 -9999 -9999 -9999 -9999 -9999 -9999 -9999 -9999 -9999 -9999 -9999 -9999 -9999 -9999 -9999 -9999 -9999 -9999 0.0589248911072029 0.0929097265573928 0.113505420459425 0.111872930705659 0.110695370343139 0.114618840190012 0.118965074251797 0.128150499645426 0.14889860339536 0.19268195649767 0.247346564774545 0.189861667259541 0.028036204329125 -0.0728846563448602 -0.030140833521042 0.00958395053831862 0.0372915606754365 0.0973738849666079 0.16323058094797 0.208261803160102 0.175914653895047 0.0752669623527583 0.0360016982765528 0.0437073900381282 0.084904241195145 0.0906179776372499 0.0515769164451529 -0.00411311221748328
-9999 -9999 -9999 -9999 -9999 -9999 -9999 -9999 -9999 -9999 -9999 -9999 -9999 -9999 -9999 -9999 -9999 -9999 -9999 -9999 -9999 -9999 -9999 -9999 -9999 -9999 -9999 -9999 0.0598568355177563 0.0901044573334702 0.110046736848758 0.109795545048556 0.111470274602271 0.115829377059387 0.118567078399112 0.123314536707557 0.135847310425047 0.16629962471113 0.200380814731313 0.15397202098115 0.0181711823626288 -0.0985976158549436 -0.0721380383860791 -0.0277214205656154 -0.0182061676118343 -0.0120216798175527 0.0457365942070618 0.192007339688558 0.215887643184708 0.0904101602575229 0.0280192712108818 0.0569647389230804 0.101253866066236 0.104887758543473 0.0602886268508562 0.0105230881093685
-9999 -9999 -9999 -9999 -9999 -9999 -9999 -9999 -9999 -9999 -9999 -9999 -9999 -9999 -9999 -9999 -9999 -9999 -9999 -9999 -9999 -9999 -9999 -9999 -9999 -9999 -9999 -9999 0.0570504838549983 0.0908588136591744 0.113407232256159 0.109385246717979 0.112331058714416 0.116542557650288 0.11902799160092 0.121742715370222 0.126936051075564 0.145379001266584 0.166295469260514 0.125780377593718 0.0041908713670446 -0.117916834325956 -0.0945748629026577 -0.0474037805494141 -0.0322422180619542 -0.0290472295965649 -0.0104413067359228 0.0462042929166502 0.0906905459226611 0.100999788272767 0.0937936036398753 0.0961788560647057 0.0981136333522586 0.0860112288803693 0.057956525802569 0.0184441985876388
-9999 -9999 -9999 -9999 -9999 -9999 -9999 -9999 -9999 -9999 -9999 -9999 -9999 -9999 -9999 -9999 -9999 -9999 -9999 -9999 -9999 -9999 -9999 -9999 -9999 -9999 -9999 -9999 0.0559410613312045 0.0929358267715141 0.115041140879317 0.110168155379658 0.113176107004109 0.116981946587016 0.119280492971312 0.119494029869884 0.120236205878587 0.130020133816423 0.147542134818249 0.104289328536739 -0.0106436151857063 -0.122610436095077 -0.103408454051224 -0.0551543196161324 -0.0386953015049851 -0.0323278362042395 -0.0306120186475724 0.00299324809115298 0.0390787141968069 0.101472684314177 0.207574386233477 0.122918623351716 0.083412059715865 0.0684108103077623 0.0494165117285181 0.0261059475303838
