meets/meet004/_saidas_enm/CCSM_SVM_6k_Aralia_warmingiana2.asc
NCOLS 154 
NROWS 168 
XLLCORNER -112 
YLLCORNER -55.5 
CELLSIZE 0.5 
NODATA_value -9999 
[rows 75 to 99 of 168, columns 55 to 109 of 154]
-9999 -9999 -9999 -9999 -9999 -9999 -9999 -9999 -9999 -9999 -9999 -9999 0.33286314914038 0.167397501600572 0.273653044792689 0.372186238147328 0.505652859465661 0.724203092927425 0.748310225236242 0.515658602211573 0.390111838142301 0.328760428298417 0.270782753309585 0.229332560656603 0.186947287190599 0.161933167350278 0.13855368548475 0.111196835095168 0.0807366150736894 0.0525227984636787 0.0299215631540214 0.0068108082135277 -0.0152831084834788 -0.0382896881237061 -0.0509290259041675 -0.056793131503645 -0.0637065060317422 -0.0629257273002769 -0.0656478550243307 -0.0564622856892459 -0.0405361881291241 -0.0300771968591809 -0.0111142083802063 -0.00253646452586637 0.01429516350055 0.0339407394162241 0.0302565297920747 0.0104466711290092 -0.0194229512154993 -0.0443548926099139 -0.0668234222991275 -0.0778910648220373 -0.0794255925342151 -0.0767778871421558 -0.0696840826372404
-9999 -9999 -9999 -9999 -9999 -9999 -9999 -9999 -9999 -9999 -9999 -9999 0.353374476987528 0.22928843968546 0.327063172169916 0.329860562907024 0.371971264533215 0.58367215709095 0.745856244051526 0.676528026918589 0.556599562127043 0.370269586179101 0.305548738057103 0.245315223185442 0.182763359393556 0.160057943989544 0.132078213848509 0.1040238196753 0.0712698744762347 0.0397522776843043 0.0152244135875168 -0.00905763845158503 -0.0335437829594398 -0.0531804061058958 -0.0643159605553849 -0.0688052647004964 -0.0688293055189597 -0.0767190625711931 -0.0776288524701777 -0.0698206064747406 -0.0587376401974719 -0.0327987028571662 -0.0240001777351304 -0.00943395282451065 0.00401549597199419 0.00924441508491342 0.0199923312227755 0.00405693029644966 -0.0200341414753916 -0.0381915143160318 -0.0560570908511681 -0.0671812834053634 -0.0685075362570847 -0.07018309925841 -0.0712302362028074
-9999 -9999 -9999 -9999 -9999 -9999 -9999 -9999 -9999 -9999 -9999 -9999 -9999 0.388246810973455 0.243229590756842 0.267971675721205 0.330299903813834 0.416586307830945 0.49572869922512 0.573319480971527 0.642636604819132 0.566986772726743 0.429603173413936 0.287199564806602 0.187224644265286 0.159366213327348 0.138113907084376 0.102466713190118 0.0650684620903961 0.0308810146562824 0.00207182280070223 -0.0248511030589441 -0.0500794058669949 -0.0693469644696925 -0.0802607464249989 -0.084643970929282 -0.0865248367268606 -0.0942192390548899 -0.0981774928002214 -0.0932865145987493 -0.0836731933701763 -0.0653765608684341 -0.0496710539628079 -0.0314174580182609 -0.0220360204014133 -0.0247209086145349 -0.020731834855952 -0.0212488063709246 -0.0277446704665421 -0.0341787680653798 -0.0458136474540192 -0.057569604845449 -0.0616846034322148 -0.0673966831268804 -0.0738824408524306
-9999 -9999 -9999 -9999 -9999 -9999 -9999 -9999 -9999 -9999 -9999 -9999 -9999 0.39849960420789 0.393632876409628 0.279928212023679 0.352105579972142 0.295356124087695 0.225804510660388 0.268190232026535 0.469278977926496 0.677575672022531 0.624211671765752 0.39492144587018 0.220479290713849 0.196096377396269 0.178032983658065 0.112541932505164 0.0682847083457047 0.0277969729027406 -0.00318370150929265 -0.0346504881406595 -0.0574887772051771 -0.0795281240037369 -0.0937719391626953 -0.0998897572085453 -0.106133826888267 -0.113526995236497 -0.122515720170753 -0.122296470853697 -0.116361462749843 -0.109147181897186 -0.0907895040788422 -0.0620434637405017 -0.0494334169652892 -0.060420710447857 -0.0626144140054833 -0.0458654654860527 -0.0370620548840452 -0.0316142264725345 -0.0375096645751086 -0.052662266361247 -0.0581669684109436 -0.0645957699826194 -0.0707732789162612
-9999 -9999 -9999 -9999 -9999 -9999 -9999 -9999 -9999 -9999 -9999 -9999 -9999 -9999 0.43415310272156 0.327087788567998 0.243715254296063 0.186249836662858 0.1239576604556 0.135551793137056 0.206763115112711 0.403915694373898 0.626676240006433 0.63588955354784 0.430622012781464 0.346600332063567 0.257983526955853 0.154170192768199 0.0864495141419016 0.0346948514675852 -0.00150801602451123 -0.0326348989794246 -0.0599530461653779 -0.0818102020581418 -0.0989584107596551 -0.110611085873265 -0.11992089100989 -0.129420050299258 -0.13717650104042 -0.139757052039106 -0.138517645370653 -0.137890125130752 -0.13158663473104 -0.111905116034728 -0.0906602982282179 -0.0776398884288695 -0.069399018895124 -0.0558109262041157 -0.0372318773041219 -0.0235169256266714 -0.0284361801683278 -0.0414414514613261 -0.0502583934067105 -0.0575330381414706 -0.0632250278553181
-9999 -9999 -9999 -9999 -9999 -9999 -9999 -9999 -9999 -9999 -9999 -9999 -9999 -9999 0.185466203708718 0.396658323490422 0.185470791913267 0.130209257597746 0.0869892552973491 0.09039563669335 0.110586779540448 0.134017994264644 0.299860670381513 0.51169368344409 0.471800166094822 0.418121456198586 0.396194161007589 0.247269984633699 0.143071904156643 0.0575568115785351 0.00367052021125547 -0.0198354278583016 -0.0593756906494282 -0.0781155039152961 -0.0984457099184353 -0.112563168644456 -0.12365031629126 -0.136939639104602 -0.14650003229905 -0.150708050898381 -0.147262826030561 -0.146529949911656 -0.154307739123981 -0.151083077956045 -0.126953968787183 -0.0932097878651941 -0.0582211007207141 -0.058260954798633 -0.0291263069189186 -0.00872461627185683 -0.0176116826508439 -0.0253557867609262 -0.0382188691236074 -0.0483867302453075 -0.056446690336005
-9999 -9999 -9999 -9999 -9999 -9999 -9999 -9999 -9999 -9999 -9999 -9999 -9999 -9999 -9999 0.420885001785526 0.218823653729115 0.112821871920009 0.0806210488191599 0.0791304189105784 0.0811073733628722 0.0840477664215095 0.0879858853324273 0.0905149511465501 0.0950036281213938 0.120986492394881 0.173962190919495 0.242632798096608 0.2332600484149 0.110857082240619 0.0299121122074524 -0.0370420257639402 -0.0533206330255771 -0.0780219865850432 -0.0971350481288104 -0.11371827811683 -0.130921727877195 -0.145365199089802 -0.15762884077406 -0.162820054604918 -0.160929194627178 -0.153207652560888 -0.160024818764309 -0.162164085338497 -0.144581673292964 -0.111356946239523 -0.0850539961338719 -0.0681274607734029 -0.042404131950919 -0.0213175921049147 -0.0209793594704051 -0.0259705520922522 -0.0330093379626398 -0.0397799263456601 -0.0490783716255934
-9999 -9999 -9999 -9999 -9999 -9999 -9999 -9999 -9999 -9999 -9999 -9999 -9999 -9999 -9999 0.232687349774706 0.273435297434199 0.130662976552748 0.0833321810975052 0.0747142536770209 0.0702937160818011 0.0659644975730038 0.0665679564413619 0.0888480175878882 0.0946148674548048 0.0887986749488509 0.0937775267068823 0.0917460269610579 0.132810814065915 0.165600527060369 0.129043137691903 -0.0549526945352063 -0.0421206465465377 -0.0597530547003463 -0.0783101886776781 -0.0991783470292261 -0.123072131544379 -0.133807386297076 -0.150046047760783 -0.168088340866117 -0.168664205772266 -0.154745616138041 -0.158011717286518 -0.15457447041167 -0.14696805855094 -0.12655779117957 -0.100157487609781 -0.0794732664566535 -0.0580252780467334 -0.0387229872625592 -0.0345205212489259 -0.0302128451775725 -0.0346693278865106 -0.0360705688587107 -0.0418920044785069
-9999 -9999 -9999 -9999 -9999 -9999 -9999 -9999 -9999 -9999 -9999 -9999 -9999 -9999 -9999 -9999 0.332384326708371 0.256788377852552 0.111851255872349 0.0807817046681513 0.0662622020039393 0.0685743870383212 0.070889170638796 0.0876518855418526 0.0966261194282254 0.100209058928389 0.103173333412701 0.0993964342570252 0.0949379295679469 0.087851804432827 0.120305160754625 0.200527636164618 0.133103420203791 -0.0328527529294467 -0.0987784862469281 -0.101853835503542 -0.100149171220377 -0.123990178962221 -0.15040279447882 -0.163115140159293 -0.164986095902921 -0.166055547144591 -0.175620520089017 -0.157027905079636 -0.136437378078434 -0.12951551480039 -0.110049856571735 -0.0886311370683739 -0.070414240128984 -0.0556741770195123 -0.0502749543107696 -0.0472203600564286 -0.0458195417076126 -0.0423071304423455 -0.0445581092706425
-9999 -9999 -9999 -9999 -9999 -9999 -9999 -9999 -9999 -9999 -9999 -9999 -9999 -9999 -9999 -9999 0.0455276356807364 0.397969999360171 0.16549648727185 0.109837642903529 0.0652796375321082 0.0704819745527279 0.0695561975148077 0.0841796508584853 0.0914258383307229 0.0993141566506972 0.106242127534099 0.10470278298189 0.106185508961636 0.10354341654639 0.0891655615728318 0.203591522737932 0.356620117118348 0.111086366570966 -0.0972811635742598 -0.124416263355866 -0.0781397329086269 -0.125242495994248 -0.15281724523974 -0.151676107346758 -0.11476546710817 -0.0820681924948462 -0.174424776002914 -0.169620101060916 -0.128111440900108 -0.129267183947825 -0.116060233890665 -0.0914629636021311 -0.0751612750125954 -0.0585712390415015 -0.0500905448992955 -0.0465964791415615 -0.0497336011177639 -0.051420324484621 -0.0574691077804074
-9999 -9999 -9999 -9999 -9999 -9999 -9999 -9999 -9999 -9999 -9999 -9999 -9999 -9999 -9999 -9999 0.0327952786541158 0.302452714599952 0.131739224865118 0.189425518572228 0.104551128997017 0.0725373730145445 0.0746558766248068 0.0843155009552301 0.0877408350891629 0.0872766652722048 0.0892440062888084 0.0916618623574676 0.0958877358752787 0.0901773300586098 0.0790694121006729 0.118317282742186 0.357683193329345 0.483771437917003 0.118584710886567 -0.0717188739280155 -0.139772000962794 -0.161677686222866 -0.161444578258076 -0.151158353511097 -0.0794954136833763 -0.0382427566226349 -0.175840251073492 -0.170816349934899 -0.123558923535021 -0.107027468341573 -0.116282736302371 -0.100409401244607 -0.0780266363289307 -0.0585416654770833 -0.0470459471722877 -0.0373709900432081 -0.0538180193700164 -0.0684202341814875 -0.0803844170326785
-9999 -9999 -9999 -9999 -9999 -9999 -9999 -9999 -9999 -9999 -9999 -9999 -9999 -9999 -9999 -9999 -9999 0.0850082910842805 0.233399765558196 0.106696697364561 0.235394660150125 0.124377838552658 0.0895489395532813 0.0863696360896706 0.0897010701932255 0.0905378311656032 0.0944380697079379 0.0859047456645879 0.0826399616301143 0.0746775690839261 0.0698606674687441 0.084022701933649 0.1899835079108 0.540779471167849 0.512033334602913 0.221563467595053 -0.0583934052638297 -0.139945586083959 -0.184930399762796 -0.181939551705092 -0.135932800504008 -0.0764416871070989 -0.19002044924724 -0.150661698973864 -0.112831067902796 -0.112175851821986 -0.128088526872185 -0.119971242994061 -0.0909952031905225 -0.0649924991086599 -0.0509807490667431 -0.0410448438251034 -0.0662802446170826 -0.0879661483105012 -0.0969242173385122
-9999 -9999 -9999 -9999 -9999 -9999 -9999 -9999 -9999 -9999 -9999 -9999 -9999 -9999 -9999 -9999 -9999 -9999 0.101432550234348 0.19470214679244 0.0736305945802941 0.280667917164966 0.176052484585738 0.0950409568695257 0.0794878281523704 0.0822231961145338 0.088680512634898 0.0897183592579617 0.0883691691466202 0.0818784395343884 0.0740123222893296 0.0810233004784601 0.100077290714043 0.185357995904715 0.343149243699758 0.500987137580446 0.254742955876861 4.64150013504971e-05 -0.127949337661536 -0.173025836232242 -0.177921804671691 -0.165292879449501 -0.157501787225949 -0.131336537783085 -0.131759400844386 -0.147763312021353 -0.153641928366582 -0.136113840151696 -0.108869945011598 -0.0777989362580257 -0.054355940994356 -0.048253338474632 -0.0879226843172682 -0.127148522189937 -0.132594014938966
-9999 -9999 -9999 -9999 -9999 -9999 -9999 -9999 -9999 -9999 -9999 -9999 -9999 -9999 -9999 -9999 -9999 -9999 -9999 -9999 0.147040976534432 0.0755304013309718 0.0398376030823846 0.0663691065993059 0.0715559645972067 0.0720540802437568 0.079612099925395 0.0846704705225831 0.0902782379624113 0.0891318412148187 0.0806089375974784 0.0779992235030181 0.0796645299104149 0.0932279803131647 0.128021910730575 0.292402115389077 0.493303303811151 0.283856365914939 0.0730126703561407 -0.0682670192222457 -0.102591043328863 -0.0759060742961066 -0.121285668281084 -0.137743758499615 -0.149607074703295 -0.162381122565281 -0.156491798038975 -0.145609538722395 -0.129687515908718 -0.10437633130254 -0.0811385357667397 -0.0671129074349244 -0.108469956725809 -0.159331702323715 -0.163247172520507
-9999 -9999 -9999 -9999 -9999 -9999 -9999 -9999 -9999 -9999 -9999 -9999 -9999 -9999 -9999 -9999 -9999 -9999 -9999 -9999 -9999 -9999 0.159156611984792 0.189587549668826 0.0766260409040161 0.0624404473057797 0.0650697008460104 0.0762910577503172 0.0853832590525136 0.0886682238742255 0.0885177111505305 0.0823165067983802 0.0724937785745573 0.0784312733161471 0.0885599194642448 0.114513822510748 0.191104498882214 0.336393663188549 0.298156914135263 0.103195443959887 -0.0206600426845205 -0.108232606429141 -0.132137017428794 -0.140776805511601 -0.146909170253282 -0.145652938175779 -0.147483938564707 -0.142344857445851 -0.146848294386366 -0.142740492222328 -0.110898637985819 -0.1085274792452 -0.139595460195098 -0.180409289171335 -0.190841028115342
-9999 -9999 -9999 -9999 -9999 -9999 -9999 -9999 -9999 -9999 -9999 -9999 -9999 -9999 -9999 -9999 -9999 -9999 -9999 -9999 -9999 -9999 -9999 -9999 0.184386349810982 0.130048314233766 0.0643162809062385 0.0763868013311639 0.0844310389642851 0.0850889946294047 0.0874341061872684 0.0873272688978583 0.0785925223307293 0.0723595188504399 0.078010663935951 0.0861071066084885 0.101336573059343 0.167285104763363 0.343667960712072 0.321640697693771 0.141950476332425 0.00409476966355676 -0.0561264488513893 -0.0706774186116118 -0.0974120341466104 -0.116482700339054 -0.126695263826834 -0.128655260133445 -0.142427366054156 -0.144427941566864 -0.132199807653884 -0.135130468042162 -0.171170185839607 -0.206991810486849 -0.214634329160545
-9999 -9999 -9999 -9999 -9999 -9999 -9999 -9999 -9999 -9999 -9999 -9999 -9999 -9999 -9999 -9999 -9999 -9999 -9999 -9999 -9999 -9999 -9999 -9999 -9999 -9999 0.294764581886558 0.0547673669734562 0.102954107267233 0.0935647949215144 0.0861126408567432 0.0824678640477897 0.084364963757932 0.0797328127522693 0.0750738433147542 0.0766938983359596 0.0875867593478426 0.0992480074195032 0.152869696968162 0.280320846968157 0.411099048763054 0.184102027188728 0.0362584837590283 0.0214566255203177 -0.0215185696934929 -0.0680180798649851 -0.0883469288152631 -0.104772824706515 -0.104319332816358 -0.123955782139838 -0.133650800136753 -0.14217640458541 -0.191070526631034 -0.230228687995794 -0.237757408835477
-9999 -9999 -9999 -9999 -9999 -9999 -9999 -9999 -9999 -9999 -9999 -9999 -9999 -9999 -9999 -9999 -9999 -9999 -9999 -9999 -9999 -9999 -9999 -9999 -9999 -9999 0.134615569056691 0.210077260279203 0.0756063135503978 0.135705894851683 0.109099103341878 0.0877693099048516 0.0808198676003491 0.0806595991533741 0.0806521415334968 0.0746972656700852 0.0729108745988478 0.0780352893840973 0.110892823272334 0.232631745561583 0.554146367987139 0.430577598930445 0.137322273509617 0.0597694981706446 0.00398516250364755 -0.0428763601407121 -0.0612362689754414 -0.0979711167955603 -0.103552108666922 -0.128285732779823 -0.149593554580327 -0.171783299428634 -0.215638066746706 -0.241495589382212 -0.245943388863424
-9999 -9999 -9999 -9999 -9999 -9999 -9999 -9999 -9999 -9999 -9999 -9999 -9999 -9999 -9999 -9999 -9999 -9999 -9999 -9999 -9999 -9999 -9999 -9999 -9999 -9999 -9999 -9999 0.147168842677997 0.12271844220854 0.169055297869905 0.110238640742087 0.0918669273834347 0.080552110024907 0.0780138865795146 0.0809556086508559 0.0809973033726825 0.0782979493716156 0.087250946891382 0.204331244314187 0.583355253649514 0.713437023337589 0.287572786681272 0.0758419169197735 0.00310813185032349 -0.0414197677513853 -0.0588999742183156 -0.0878897109777823 -0.120413192030204 -0.154475171869135 -0.177063027400883 -0.200764934756446 -0.227568687349919 -0.24971850471104 -0.250897216274249
-9999 -9999 -9999 -9999 -9999 -9999 -9999 -9999 -9999 -9999 -9999 -9999 -9999 -9999 -9999 -9999 -9999 -9999 -9999 -9999 -9999 -9999 -9999 -9999 -9999 -9999 -9999 -9999 0.174028140381094 0.121738489794471 0.2172417132612 0.13651842929022 0.101805871946475 0.0833684530866798 0.0764300218352699 0.0780523993617773 0.0876688511576085 0.0892539384627948 0.0905299641759349 0.185698177744785 0.563781202561594 0.875151581638655 0.52533487613255 0.105851479520409 -0.0485692109495572 -0.0618682566302863 -0.0660749417589499 -0.10274108072114 -0.134737018543136 -0.171146082320815 -0.208974175791979 -0.228728689189438 -0.23212212029962 -0.233740207680169 -0.225172898136062
-9999 -9999 -9999 -9999 -9999 -9999 -9999 -9999 -9999 -9999 -9999 -9999 -9999 -9999 -9999 -9999 -9999 -9999 -9999 -9999 -9999 -9999 -9999 -9999 -9999 -9999 -9999 -9999 -9999 0.130057620795424 0.240946485083028 0.191208558017643 0.108573798848768 0.0794036370020931 0.073113594152433 0.075144082744445 0.0881492261309256 0.0959264945946377 0.0922477176838924 0.156206155073551 0.484394125100246 0.900478402192349 0.781385878491834 0.26572219790708 -0.0268343692492193 -0.0857202199765921 -0.0474909634928664 -0.106999879835793 -0.144877690635613 -0.178483228828657 -0.222270651010909 -0.246857410757783 -0.236488525207411 -0.18492293096291 -0.160906388443686
-9999 -9999 -9999 -9999 -9999 -9999 -9999 -9999 -9999 -9999 -9999 -9999 -9999 -9999 -9999 -9999 -9999 -9999 -9999 -9999 -9999 -9999 -9999 -9999 -9999 -9999 -9999 -9999 -9999 0.121721717571297 0.225949593331519 0.215453072882314 0.10909803447823 0.0769235215947043 0.0773986813003846 0.0778597707543066 0.0904171856961886 0.0973650844334168 0.0910090503225687 0.156027683486865 0.437376099683975 0.927187894255305 0.937293110159669 0.415041274415676 0.0505554645138439 -0.0732617634299124 -0.123101895317448 -0.136261054523363 -0.139718949689321 -0.160902300824966 -0.218609340505762 -0.242079076855741 -0.239335518064271 -0.17696466768923 -0.146275394082756
-9999 -9999 -9999 -9999 -9999 -9999 -9999 -9999 -9999 -9999 -9999 -9999 -9999 -9999 -9999 -9999 -9999 -9999 -9999 -9999 -9999 -9999 -9999 -9999 -9999 -9999 -9999 -9999 -9999 0.118012137427191 0.22012215640248 0.236406044191423 0.105561852550069 0.0808255544177295 0.0844526141227185 0.0801973179276249 0.0923386968993861 0.0963146767453034 0.0888178093261416 0.145003133929903 0.40813311207206 0.900476395563746 0.995665565495418 0.458913785465933 0.0903665530772678 -0.0203886621672772 -0.0593025128150039 -0.15769469771872 -0.149900608868957 -0.1420366665231 -0.203705109725556 -0.233070656793452 -0.225500004240857 -0.162337975497162 -0.129659465880516
-9999 -9999 -9999 -9999 -9999 -9999 -9999 -9999 -9999 -9999 -9999 -9999 -9999 -9999 -9999 -9999 -9999 -9999 -9999 -9999 -9999 -9999 -9999 -9999 -9999 -9999 -9999 -9999 -9999 0.117881014634138 0.21056974794014 0.210548987154883 0.0985671858947929 0.0821245740351799 0.0859979037323065 0.0840731806744598 0.0893813978947753 0.0895207907221666 0.0873171638475224 0.149470439193401 0.426728968218742 0.931884946257457 0.98308274856665 0.455063263871129 0.104387432092668 0.0232103401235769 -0.0123845154744594 -0.0981264410061591 -0.160823621486558 -0.182374666568132 -0.187676936951813 -0.194478761122269 -0.180595489574936 -0.151717431160345 -0.137629753028335
-9999 -9999 -9999 -9999 -9999 -9999 -9999 -9999 -9999 -9999 -9999 -9999 -9999 -9999 -9999 -9999 -9999 -9999 -9999 -9999 -9999 -9999 -9999 -9999 -9999 -9999 -9999 -9999 -9999 0.120354024375889 0.184502122459072 0.184346074660723 0.0941178533621469 0.0830267271729164 0.0865886690163175 0.0859550375144611 0.0880934146686596 0.0854735759745911 0.0818475152322644 0.144714270988388 0.46055005743263 0.950856752848694 0.937157974346209 0.379152533914799 0.0708617356825116 0.0413661900059342 0.0325255961038635 -0.0244365060065244 -0.0952564344776623 -0.147294629710322 -0.163582735591294 -0.110131949142012 -0.135832951318859 -0.145967218677149 -0.131918559459872
