meets/meet004/_saidas_enm/CCSM_Maxent_21k_Aralia_warmingiana5.asc
NCOLS 154 
NROWS 168 
XLLCORNER -112 
YLLCORNER -55.5 
CELLSIZE 0.5 
NODATA_value -9999 
[rows 50 to 74 of 168, columns 56 to 111 of 154]
-9999 -9999 -9999 -9999 -9999 -9999 -9999 -9999 -9999 -9999 -9999 -9999 -9999 0.000138564515509643 0.000366106076398864 0.00192095641978085 0.0137378312647343 0.0497478656470776 0.117312140762806 0.204739689826965 0.260518163442612 0.338015139102936 0.402359247207642 0.388084203004837 0.320116430521011 0.253176152706146 0.146202087402344 0.0552165433764458 0.022705378010869 0.00825076829642057 0.00408397754654288 0.00648717768490314 0.0161701459437609 0.0403002016246319 0.117535203695297 0.240988880395889 0.336876422166824 0.422175824642181 0.44739904999733 0.445917069911957 0.411648988723755 0.450268298387527 0.454122394323349 0.408899039030075 0.325097322463989 0.164197400212288 0.218466430902481 0.207637697458267 0.212088257074356 0.250535637140274 0.272592186927795 0.263415157794952 0.278746396303177 0.301612019538879 0.330701768398285 0.340318650007248
-9999 -9999 -9999 -9999 -9999 -9999 -9999 -9999 -9999 -9999 -9999 -9999 -9999 0.000382861064281315 0.000621825514826924 0.00298870191909373 0.0189311467111111 0.0642111524939537 0.121375948190689 0.163572669029236 0.187832087278366 0.244245767593384 0.315441817045212 0.311659157276154 0.246454283595085 0.175789833068848 0.0935816541314125 0.0359150506556034 0.0149065284058452 0.00666312500834465 0.0041289352811873 0.00759340496733785 0.0177168101072311 0.0510917827486992 0.137086108326912 0.25658917427063 0.3751580119133 0.455263793468475 0.477865993976593 0.46108940243721 0.445729583501816 0.434562474489212 0.426454722881317 0.392097890377045 0.342769086360931 0.304087698459625 0.295583128929138 0.327617645263672 0.329339355230331 0.317786574363708 0.312137067317963 0.29495957493782 0.300364196300507 0.312574535608292 0.328450202941895 0.337596416473389
-9999 -9999 -9999 -9999 -9999 -9999 -9999 -9999 -9999 -9999 -9999 0.000791269761975855 0.000677055038977414 0.000663704995531589 0.000935329357162118 0.00361694092862308 0.0165600068867207 0.0634874925017357 0.118108540773392 0.142024278640747 0.144035816192627 0.185782939195633 0.218460142612457 0.204712003469467 0.147137492895126 0.0878632888197899 0.0459711775183678 0.0151820480823517 0.00619390979409218 0.00300659914501011 0.00202915142290294 0.00550865987315774 0.0174911171197891 0.0596026852726936 0.180972561240196 0.304703593254089 0.394876420497894 0.484924823045731 0.506320238113403 0.490887373685837 0.480800271034241 0.443565040826797 0.434005409479141 0.408383756875992 0.382272213697433 0.394760519266129 0.377737045288086 0.4215487241745 0.412765294313431 0.356975257396698 0.335712164640427 0.32042196393013 0.317734092473984 0.323172032833099 0.330797642469406 0.337492495775223
-9999 -9999 -9999 -9999 -9999 -9999 -9999 -9999 -9999 -9999 0.00218523293733597 0.00100781163200736 0.000974540016613901 0.00105525658000261 0.00126964063383639 0.00208993395790458 0.00862362142652273 0.0331695601344109 0.0634344294667244 0.0867515504360199 0.104803152382374 0.106159456074238 0.0992516204714775 0.0782851427793503 0.052917055785656 0.0290930401533842 0.0125107122585177 0.00471161911264062 0.00241721724160016 0.00205393065698445 0.00179380795452744 0.00296711549162865 0.0137603534385562 0.056062825024128 0.178101196885109 0.317185044288635 0.390510648488998 0.471650689840317 0.503528416156769 0.500764310359955 0.492029964923859 0.463136225938797 0.448469460010529 0.427905112504959 0.398625254631042 0.403931170701981 0.388538360595703 0.394606918096542 0.370178014039993 0.323197513818741 0.309708416461945 0.289279460906982 0.301703542470932 0.304256469011307 0.305221170186996 0.31866991519928
-9999 -9999 -9999 -9999 -9999 -9999 -9999 -9999 -9999 -9999 0.00172147096600384 0.00158410635776818 0.00262825819663703 0.00140159809961915 0.00171584181953222 0.00172332173679024 0.00245811278000474 0.0121110714972019 0.0277267973870039 0.0408415123820305 0.0508601851761341 0.0385897718369961 0.0302270278334618 0.0208847559988499 0.0118861934170127 0.00732106249779463 0.00309255090542138 0.00261441199108958 0.00243174354545772 0.0022017084993422 0.00191311235539615 0.00230738497339189 0.00731344381347299 0.0375108793377876 0.14398880302906 0.30934676527977 0.390973657369614 0.439143627882004 0.47862508893013 0.487582921981812 0.489120781421661 0.460121542215347 0.440109252929688 0.41747373342514 0.390080183744431 0.381578117609024 0.333035409450531 0.316158711910248 0.28237509727478 0.24688783288002 0.246257424354553 0.23774491250515 0.251131117343903 0.25879442691803 0.263996303081512 0.273832619190216
-9999 -9999 -9999 -9999 -9999 -9999 -9999 -9999 0.0033084659371525 0.00465773232281208 0.00768377585336566 0.00634637149050832 0.00628850050270557 0.00353105738759041 0.00193754921201617 0.00207333592697978 0.00250287679955363 0.00515374727547169 0.0109889851883054 0.0122905317693949 0.0142861297354102 0.0126496898010373 0.00998503528535366 0.00755375763401389 0.00426309835165739 0.00297415582463145 0.00275956303812563 0.00257056811824441 0.00230489880777895 0.00217158161103725 0.00205974210985005 0.00217251852154732 0.00357410754077137 0.0233388375490904 0.099145919084549 0.241665378212929 0.34599432349205 0.403533816337585 0.419319421052933 0.427054464817047 0.427449613809586 0.411205679178238 0.400478035211563 0.376721292734146 0.330440104007721 0.299766212701797 0.248897850513458 0.211050599813461 0.179506540298462 0.156867533922195 0.152411878108978 0.153727918863297 0.16235738992691 0.168757751584053 0.180749863386154 0.193731501698494
-9999 -9999 -9999 -9999 -9999 -9999 -9999 -9999 0.0037476250436157 0.0130474539473653 0.0424881465733051 0.0337648279964924 0.0148522909730673 0.00592892104759812 0.00220876140519977 0.00237086019478738 0.00289348582737148 0.0036403825506568 0.00449230521917343 0.00504644215106964 0.00438735214993358 0.00358880707062781 0.00357513409107924 0.00316325854510069 0.00292805163189769 0.00279076443985105 0.00267671002075076 0.00255360687151551 0.00248369434848428 0.0023726811632514 0.00235860329121351 0.00250613037496805 0.00268423138186336 0.0121984155848622 0.0602981299161911 0.158712133765221 0.244726926088333 0.319402992725372 0.339039474725723 0.334679514169693 0.337027162313461 0.321049600839615 0.301008641719818 0.270310193300247 0.219646409153938 0.176431149244308 0.131513372063637 0.097344845533371 0.0759485065937042 0.0606789253652096 0.0561451502144337 0.0550385527312756 0.0601654388010502 0.0687929689884186 0.0782724618911743 0.0897924080491066
-9999 -9999 -9999 -9999 -9999 -9999 -9999 0.00506205437704921 0.00738876080140471 0.0469419956207275 0.127109944820404 0.0863844007253647 0.0261954572051764 0.0108507974073291 0.00425315136089921 0.00270573981106281 0.00326880114153028 0.00396592356264591 0.00407537771388888 0.00357166398316622 0.00329501833766699 0.00315403589047492 0.0030108920764178 0.00293812830932438 0.00284161232411861 0.00274881906807423 0.00269025564193726 0.0027096550911665 0.00262163346633315 0.00264544761739671 0.00266553368419409 0.00275270617567003 0.00298881740309298 0.00625099847093225 0.029483363032341 0.0779012590646744 0.140264987945557 0.199704185128212 0.220121920108795 0.204170361161232 0.184067696332932 0.148345217108727 0.116887591779232 0.0963976681232452 0.0706828907132149 0.0533899143338203 0.0473644621670246 0.0388517491519451 0.0371862910687923 0.0312676541507244 0.0298851858824492 0.0301516205072403 0.0319190174341202 0.037516824901104 0.0461567156016827 0.0547631494700909
-9999 -9999 -9999 -9999 -9999 -9999 -9999 0.00835704430937767 0.0318677201867104 0.143511027097702 0.252364158630371 0.143943682312965 0.0347417443990707 0.0192646682262421 0.0109177157282829 0.00762510253116488 0.00822256319224834 0.00879923813045025 0.00724030425772071 0.00466092675924301 0.00333937560208142 0.00311729847453535 0.00300058978609741 0.00294691789895296 0.00284639582969248 0.00278685055673122 0.00280168442986906 0.00285574002191424 0.00290155247785151 0.00294953538104892 0.00303699844516814 0.0031712269410491 0.00331266596913338 0.00474120164290071 0.0124521059915423 0.0306367184966803 0.0575417242944241 0.0881952568888664 0.0951798185706139 0.0830569565296173 0.0683164745569229 0.0474776104092598 0.0396942161023617 0.0346176996827126 0.0273093972355127 0.0228451918810606 0.0172605477273464 0.0155184930190444 0.013561355881393 0.0101304603740573 0.00915983784943819 0.0108950017020106 0.0157755985856056 0.0206583775579929 0.0248348042368889 0.0309318788349628
-9999 -9999 -9999 -9999 -9999 -9999 0.0403032824397087 0.0499783977866173 0.132909178733826 0.254421591758728 0.341284334659576 0.178875014185905 0.0421289689838886 0.026462871581316 0.0189283322542906 0.015397441573441 0.0171944946050644 0.0169514715671539 0.0153154795989394 0.00943771563470364 0.00507009215652943 0.00370995118282735 0.00316435005515814 0.00310537801124156 0.00303098512813449 0.00297989533282816 0.00300609041005373 0.00313052674755454 0.00316175888292491 0.00324348406866193 0.00335760926827788 0.00343891000375152 0.00361670763231814 0.004230085760355 0.0095738498494029 0.0166249889880419 0.0224571991711855 0.0285638459026814 0.030900601297617 0.0292963311076164 0.0267702210694551 0.0233875997364521 0.0173143781721592 0.0146771855652332 0.0100168641656637 0.00746711762621999 0.00568361114710569 0.00334639521315694 0.00293503329157829 0.00336198857985437 0.00426771771162748 0.00539747811853886 0.00997254345566034 0.0133853424340487 0.0141084315255284 0.019254831597209
-9999 -9999 -9999 -9999 -9999 -9999 0.103764228522778 0.133651793003082 0.244888022542 0.318694412708282 0.348076462745667 0.193582370877266 0.0502137802541256 0.0383500307798386 0.0328099578619003 0.030018076300621 0.0295600052922964 0.0279144197702408 0.0241483394056559 0.0182435028254986 0.0121403830125928 0.00914168078452349 0.00695004221051931 0.00707938987761736 0.00718949921429157 0.00671964976936579 0.00709215551614761 0.00705928402021527 0.00719353510066867 0.00729002011939883 0.00667221611365676 0.00639746896922588 0.00558974733576179 0.00492732739076018 0.00615400355309248 0.0101195396855474 0.0132258012890816 0.0157764405012131 0.0158227067440748 0.0137114645913243 0.0117234969511628 0.0081010814756155 0.0057142935693264 0.00422405637800694 0.00230229087173939 0.00240159244276583 0.00292139733210206 0.00410234741866589 0.00621518958359957 0.00921891164034605 0.0128168174996972 0.0177972670644522 0.0245669987052679 0.0287327002733946 0.0304770153015852 0.0310241691768169
-9999 -9999 -9999 -9999 -9999 -9999 0.170249983668327 0.189676225185394 0.295290440320969 0.338916957378387 0.334142714738846 0.192040637135506 0.0609435848891735 0.0477767735719681 0.0423087030649185 0.0398047156631947 0.0435083769261837 0.0410757549107075 0.0367709770798683 0.0276042558252811 0.0195451509207487 0.0168218519538641 0.0139907961711287 0.0141474232077599 0.013640190474689 0.0138542857021093 0.0134295038878918 0.0144014740362763 0.0143516957759857 0.0135110868141055 0.0138872573152184 0.0121203046292067 0.011769819073379 0.0103630665689707 0.00809849519282579 0.00762468762695789 0.00768100470304489 0.00815107487142086 0.00787378381937742 0.00608252361416817 0.00439205765724182 0.00394649663940072 0.00465746037662029 0.00584723707288504 0.00651363935321569 0.0087698781862855 0.00950518157333136 0.0121691720560193 0.0170319676399231 0.0206064078956842 0.0287771746516228 0.0316171012818813 0.0377325154840946 0.0425566397607327 0.0438146591186523 0.0430760271847248
-9999 -9999 -9999 -9999 -9999 -9999 -9999 0.208334624767303 0.294586092233658 0.336788535118103 0.329102694988251 0.206865981221199 0.0701405704021454 0.0596594661474228 0.0566275082528591 0.0556642562150955 0.0584987141191959 0.0535658374428749 0.0472853370010853 0.0399716570973396 0.0327952206134796 0.0286099407821894 0.025171572342515 0.025388952344656 0.0262208189815283 0.0259847529232502 0.0270073562860489 0.0269257705658674 0.0271053202450275 0.027337696403265 0.0260228011757135 0.0254172701388597 0.0232855342328548 0.0213767103850842 0.0189515091478825 0.016069320961833 0.0138569502159953 0.0116537241265178 0.0110987070947886 0.0115009248256683 0.0123208304867148 0.0135702919214964 0.0153506314381957 0.0190131068229675 0.0219248998910189 0.0250568725168705 0.0268391277641058 0.0282520204782486 0.0373259149491787 0.0457213632762432 0.0559382513165474 0.0648382008075714 0.0732029005885124 0.0778477713465691 0.0828346759080887 0.0812388733029366
-9999 -9999 -9999 -9999 -9999 -9999 -9999 -9999 0.260606795549393 0.308649152517319 0.36563840508461 0.228049978613853 0.0867079198360443 0.0680747330188751 0.0674032792448997 0.068262979388237 0.0791476219892502 0.0663603991270065 0.0552015118300915 0.0459049828350544 0.0390738733112812 0.036123264580965 0.0340629257261753 0.035458829253912 0.03509172052145 0.036587305366993 0.0382362008094788 0.0411624684929848 0.0420017950236797 0.0425984300673008 0.0432982370257378 0.0402204170823097 0.0381938703358173 0.0355116687715054 0.0320314690470695 0.0314277485013008 0.0278309974819422 0.0264165289700031 0.0275626331567764 0.0264117177575827 0.0299127902835608 0.0318647474050522 0.0362507700920105 0.0434483848512173 0.0470444560050964 0.0566875673830509 0.0558271259069443 0.0547951236367226 0.0631607919931412 0.0741268917918205 0.0865892246365547 0.0964674279093742 0.106267057359219 0.117635779082775 0.13021744787693 0.144224360585213
-9999 -9999 -9999 -9999 -9999 -9999 0.181079804897308 0.168396413326263 0.228759869933128 0.266056597232819 0.282063782215118 0.214495211839676 0.123251497745514 0.0957953706383705 0.113840661942959 0.136368960142136 0.119819194078445 0.0842318683862686 0.0640482828021049 0.0554461888968945 0.0497353710234165 0.0464709885418415 0.0452932007610798 0.0498169958591461 0.0555198639631271 0.0601849444210529 0.0684805810451508 0.0752741396427155 0.0819070190191269 0.0856757462024689 0.0849792659282684 0.0833004266023636 0.0786004215478897 0.0743529498577118 0.0683933347463608 0.0633368790149689 0.060124259442091 0.0576205030083656 0.0598346255719662 0.0589566789567471 0.0599849447607994 0.0617771409451962 0.0661642849445343 0.0780133083462715 0.0903696790337563 0.100124090909958 0.102187938988209 0.098652683198452 0.0970126464962959 0.105238109827042 0.115574955940247 0.128079369664192 0.140005499124527 0.15123838186264 0.159784659743309 0.164775103330612
-9999 -9999 -9999 -9999 -9999 0.347103923559189 0.15880611538887 0.180321112275124 0.21863965690136 0.234313681721687 0.234978526830673 0.216648817062378 0.171554833650589 0.165260180830956 0.197515055537224 0.248192936182022 0.173642352223396 0.112439997494221 0.0798701643943787 0.0642710328102112 0.060753058642149 0.0620723515748978 0.0582543909549713 0.0657468885183334 0.0807638242840767 0.094612218439579 0.107067920267582 0.120476752519608 0.134301006793976 0.146087735891342 0.146739482879639 0.14558057487011 0.139469414949417 0.131260231137276 0.116266936063766 0.106204636394978 0.107108518481255 0.104472793638706 0.108234152197838 0.100178897380829 0.1037937104702 0.107594184577465 0.107515171170235 0.121597267687321 0.138666987419128 0.159032985568047 0.149137258529663 0.13392773270607 0.133160561323166 0.148790672421455 0.167733669281006 0.162902802228928 0.171682432293892 0.182846784591675 0.185930773615837 0.179463222622871
-9999 -9999 -9999 -9999 -9999 0.398334175348282 0.202804937958717 0.214577853679657 0.236385241150856 0.233522668480873 0.219400107860565 0.227428212761879 0.246393218636513 0.260803490877151 0.273133426904678 0.259700179100037 0.203828454017639 0.142797127366066 0.105146437883377 0.106317698955536 0.106612920761108 0.104904383420944 0.101201519370079 0.10966069996357 0.127492040395737 0.144396856427193 0.161160439252853 0.177431285381317 0.196795970201492 0.216032207012177 0.228026211261749 0.229661211371422 0.219590589404106 0.207861468195915 0.188922584056854 0.174151062965393 0.169815838336945 0.168092772364616 0.171443715691566 0.166330009698868 0.162584647536278 0.163075998425484 0.166861549019814 0.173402830958366 0.18457880616188 0.188816636800766 0.187885731458664 0.180826261639595 0.184157907962799 0.198658883571625 0.207094073295593 0.215220123529434 0.215523362159729 0.214653328061104 0.21770715713501 0.216409713029861
-9999 -9999 -9999 -9999 -9999 -9999 0.272983402013779 0.265537619590759 0.276765733957291 0.239608809351921 0.203525558114052 0.214620143175125 0.273956686258316 0.285967320203781 0.263791799545288 0.263823717832565 0.208091855049133 0.164525166153908 0.153508514165878 0.150757357478142 0.164106369018555 0.165108203887939 0.169759079813957 0.184669822454453 0.204192698001862 0.229600712656975 0.244011640548706 0.265694797039032 0.27591809630394 0.287850439548492 0.307866752147675 0.304465115070343 0.300323605537415 0.289762228727341 0.268700748682022 0.252215087413788 0.249003037810326 0.244586676359177 0.240779012441635 0.226290449500084 0.215305775403976 0.214160919189453 0.213005915284157 0.217140272259712 0.219984471797943 0.22615647315979 0.232045441865921 0.235970005393028 0.244539499282837 0.25786280632019 0.257202744483948 0.26925528049469 0.268299221992493 0.269723445177078 0.282962411642075 0.288894921541214
-9999 -9999 -9999 -9999 -9999 -9999 0.336531132459641 0.319985955953598 0.321300446987152 0.262172073125839 0.216093465685844 0.171099990606308 0.165536671876907 0.175742462277412 0.176257789134979 0.182946249842644 0.187645629048347 0.17684306204319 0.180330649018288 0.189941510558128 0.213703602552414 0.222456306219101 0.235425263643265 0.258010596036911 0.280530482530594 0.305313169956207 0.328380614519119 0.354389309883118 0.363700389862061 0.367466002702713 0.365895867347717 0.367197871208191 0.364854753017426 0.356061518192291 0.340771347284317 0.324875146150589 0.320296764373779 0.313872039318085 0.304937839508057 0.285471498966217 0.26752433180809 0.26077601313591 0.255872488021851 0.258109092712402 0.261727035045624 0.267181217670441 0.280633538961411 0.296438574790955 0.314136743545532 0.335647493600845 0.347691535949707 0.345972925424576 0.33677551150322 0.33773148059845 0.35351774096489 0.364829063415527
-9999 -9999 -9999 -9999 -9999 -9999 0.462920635938644 0.311827421188354 0.321182310581207 0.255285650491714 0.228681370615959 0.183136075735092 0.12468695640564 0.0982807502150536 0.0988607630133629 0.102228470146656 0.147855535149574 0.171689584851265 0.189628928899765 0.214638411998749 0.247191563248634 0.277919143438339 0.289418458938599 0.317303001880646 0.343515813350677 0.368107438087463 0.391376316547394 0.42143240571022 0.431231945753098 0.43290975689888 0.430094867944717 0.42750957608223 0.425321757793427 0.420696586370468 0.409317970275879 0.395910799503326 0.391282021999359 0.38296765089035 0.370915561914444 0.344233572483063 0.321941584348679 0.314215302467346 0.303092122077942 0.302874714136124 0.304311960935593 0.310557395219803 0.330962210893631 0.356484144926071 0.380572378635406 0.409103661775589 0.430746257305145 0.41991052031517 0.407103329896927 0.407153069972992 0.423340231180191 0.434019714593887
-9999 -9999 -9999 -9999 -9999 -9999 -9999 -9999 0.185290053486824 0.21458837389946 0.241633549332619 0.182436436414719 0.112951651215553 0.0869841948151588 0.0748443007469177 0.0820503383874893 0.122319363057613 0.146388158202171 0.151039928197861 0.222817897796631 0.288575798273087 0.320466250181198 0.341147363185883 0.366127759218216 0.377043277025223 0.410267531871796 0.432937443256378 0.455543637275696 0.467111200094223 0.474378943443298 0.48275089263916 0.481867671012878 0.487280279397964 0.484482228755951 0.47541755437851 0.467665165662766 0.45876607298851 0.447831720113754 0.432396948337555 0.408063113689423 0.385029673576355 0.368601679801941 0.357807546854019 0.35571676492691 0.353516519069672 0.364138543605804 0.379795610904694 0.405395478010178 0.432884782552719 0.45244088768959 0.440700054168701 0.439862877130508 0.443311810493469 0.436733573675156 0.425007432699203 0.410264432430267
-9999 -9999 -9999 -9999 -9999 -9999 -9999 -9999 0.216683998703957 0.183686763048172 0.233540579676628 0.163960561156273 0.0957972481846809 0.0798346921801567 0.0718865320086479 0.0708218589425087 0.111389733850956 0.1427281498909 0.122942820191383 0.235101222991943 0.315351784229279 0.355998665094376 0.373420655727386 0.399126589298248 0.418255895376205 0.43557021021843 0.452951341867447 0.479246288537979 0.486654818058014 0.497901856899261 0.512567698955536 0.511811792850494 0.523789346218109 0.530712425708771 0.526565670967102 0.527121603488922 0.51814216375351 0.507625162601471 0.492049247026443 0.466855257749557 0.445340722799301 0.430244296789169 0.423912733793259 0.422051578760147 0.41577136516571 0.426864087581635 0.443750828504562 0.46851921081543 0.482126593589783 0.463420063257217 0.444764852523804 0.438515245914459 0.434662669897079 0.42586413025856 0.415253520011902 0.398112535476685
-9999 -9999 -9999 -9999 -9999 -9999 -9999 -9999 -9999 0.162931129336357 0.195645466446877 0.129143893718719 0.0674813762307167 0.0733650699257851 0.0812641680240631 0.0707783699035645 0.114426128566265 0.16850571334362 0.14455409348011 0.249914973974228 0.338298410177231 0.374933481216431 0.383690118789673 0.414418399333954 0.441089332103729 0.465874671936035 0.488493174314499 0.503867745399475 0.513461828231812 0.51996123790741 0.524622142314911 0.528574526309967 0.536087810993195 0.552145838737488 0.559647083282471 0.570003986358643 0.563970744609833 0.558728337287903 0.543906271457672 0.52004599571228 0.500285685062408 0.482955783605576 0.477940320968628 0.470529407262802 0.460501581430435 0.468620508909225 0.485745519399643 0.518547236919403 0.494670152664185 0.465838074684143 0.444262027740479 0.43369647860527 0.42720639705658 0.41961196064949 0.41207879781723 0.399502336978912
-9999 -9999 -9999 -9999 -9999 -9999 -9999 -9999 -9999 -9999 0.159789308905602 0.100885987281799 0.0664123371243477 0.0695776268839836 0.087616041302681 0.0779713168740273 0.131650537252426 0.212000235915184 0.210488811135292 0.276962727308273 0.351318120956421 0.385118216276169 0.396506130695343 0.420371919870377 0.453032612800598 0.480714112520218 0.499610394239426 0.520702183246613 0.530402004718781 0.539635181427002 0.545054197311401 0.546981155872345 0.560103118419647 0.575095772743225 0.581879198551178 0.595209240913391 0.595036685466766 0.593731105327606 0.58424586057663 0.564442753791809 0.548147797584534 0.52838659286499 0.512275457382202 0.50391298532486 0.493250221014023 0.500294744968414 0.522670388221741 0.542515695095062 0.509439527988434 0.481060117483139 0.454774051904678 0.439852952957153 0.428714334964752 0.42251780629158 0.425101906061172 0.412284940481186
-9999 -9999 -9999 -9999 -9999 -9999 -9999 -9999 -9999 -9999 -9999 0.0818905159831047 0.0676193907856941 0.0609979741275311 0.0822172537446022 0.0929796770215034 0.141735196113586 0.238467782735825 0.267566025257111 0.295974314212799 0.336637049913406 0.367550909519196 0.398642420768738 0.431281596422195 0.452605545520782 0.486421078443527 0.502189338207245 0.522464096546173 0.535372138023376 0.548081636428833 0.559327065944672 0.562841534614563 0.574587881565094 0.592904984951019 0.607260584831238 0.618583500385284 0.617867529392242 0.616549849510193 0.610173165798187 0.599665105342865 0.588567197322845 0.569946706295013 0.555065393447876 0.543721675872803 0.534960269927979 0.545140564441681 0.563360989093781 0.56670069694519 0.53319263458252 0.5008425116539 0.471060514450073 0.453201055526733 0.440071552991867 0.43492129445076 0.437302500009537 0.432159513235092
