meets/meet004/_saidas_enm/CCSM_Maha_0k_Cavanillesia_umbellata4.asc
NCOLS 154 
NROWS 168 
XLLCORNER -112 
YLLCORNER -55.5 
CELLSIZE 0.5 
NODATA_value -9999 
[rows 100 to 124 of 168, columns 56 to 111 of 154]
-9999 -9999 -9999 -9999 -9999 -9999 -9999 -9999 -9999 -9999 -9999 -9999 -9999 -9999 -9999 -9999 -9999 -9999 -9999 -9999 -9999 -9999 -9999 -9999 -9999 -9999 -9999 -9999 -47.6172270826309 -22.8750223963215 -30.2883990899416 -56.7684540494939 -77.9185280163634 -84.5688745503815 -71.1848810239871 -51.286945722186 -33.4931908619913 -19.4969569540965 -8.38227782048825 -7.42899064267169 -11.0078583860852 -9.98546229402329 -4.66613476336079 -4.63141530424974 -5.48277313437103 -4.92486941907315 -3.03722321079355 -1.92022190220759 -0.698657850180392 -0.291313846493218 -0.361104388769589 -0.394639579194636 -0.519624749710967 -0.964734378207793 -1.08655011977857 -1.14339727480012
-9999 -9999 -9999 -9999 -9999 -9999 -9999 -9999 -9999 -9999 -9999 -9999 -9999 -9999 -9999 -9999 -9999 -9999 -9999 -9999 -9999 -9999 -9999 -9999 -9999 -9999 -9999 -9999 -50.953206708471 -24.0061406265066 -37.1200303738651 -60.8427669226671 -76.4912295179123 -79.5884246850989 -64.7143956926898 -47.9439768014682 -30.1694301658915 -17.1990207858271 -7.5919239040019 -9.7329873608792 -14.161737925786 -11.0234437562671 -6.19975864897832 -6.27951046117349 -6.93166883509343 -6.36025650060226 -3.83968408876748 -2.40702763893309 -1.78450426668321 -0.920355744384981 -0.259046140878609 -0.170191963984418 -0.355592564546636 -0.591187537742876 -0.526887083365967 -0.798008265258122
-9999 -9999 -9999 -9999 -9999 -9999 -9999 -9999 -9999 -9999 -9999 -9999 -9999 -9999 -9999 -9999 -9999 -9999 -9999 -9999 -9999 -9999 -9999 -9999 -9999 -9999 -9999 -72.7930432740063 -54.3471984922119 -24.564791270514 -37.7232925785529 -61.9067257579513 -72.9331028681014 -72.5782510801821 -58.8595889099844 -42.125966090855 -26.972028582266 -14.6590844338208 -7.01876360990197 -10.0933506136759 -15.433011536598 -12.3185700601763 -7.9336837708077 -7.78714903221094 -8.42955999271596 -7.56765149606431 -4.93087107919646 -2.74936652732267 -1.65774165953777 -0.995308706840919 -0.517067678713172 -0.420421610166482 -0.153875855738054 -0.363613476241478 -0.229319147369587 -0.346898491010853
-9999 -9999 -9999 -9999 -9999 -9999 -9999 -9999 -9999 -9999 -9999 -9999 -9999 -9999 -9999 -9999 -9999 -9999 -9999 -9999 -9999 -9999 -9999 -9999 -9999 -9999 -9999 -73.0594254328033 -51.5389332406238 -24.3458399910117 -42.3575586375277 -65.2452377961253 -72.3823251181217 -69.3335046974166 -54.3656080377865 -39.1092023322184 -23.7743355244416 -12.0521880149262 -7.33182229452544 -10.8756611576078 -17.4417056555587 -13.7177877840563 -9.74535179309075 -9.55620427392686 -10.2906558887276 -9.65351420976054 -6.65563475930061 -3.8688476716358 -2.35375055992213 -1.70144852712863 -1.04571826276923 -0.431650144801637 -0.149520568220222 0.0325323767680596 0.12848929215911 -0.00828945041647189
-9999 -9999 -9999 -9999 -9999 -9999 -9999 -9999 -9999 -9999 -9999 -9999 -9999 -9999 -9999 -9999 -9999 -9999 -9999 -9999 -9999 -9999 -9999 -9999 -9999 -9999 -9999 -69.3673537090607 -45.6219557939762 -25.4338066420307 -49.3280276966797 -72.0405248495095 -76.4933421046554 -69.5871413867902 -52.535032626886 -36.4093853783694 -21.5366073576966 -9.91771918112877 -9.7782718031133 -12.2008964421604 -17.8486377234193 -15.1208397062844 -12.0277028363935 -11.5506882896879 -12.2085402137272 -11.8383220818974 -8.79490213294626 -5.99879899859628 -4.17759738198644 -3.19316354625135 -2.50212751494389 -1.52585217202731 -0.787456675645857 -0.183281256295721 0.0805836977213084 -0.0540234291501307
-9999 -9999 -9999 -9999 -9999 -9999 -9999 -9999 -9999 -9999 -9999 -9999 -9999 -9999 -9999 -9999 -9999 -9999 -9999 -9999 -9999 -9999 -9999 -9999 -9999 -9999 -9999 -60.8401256155979 -41.0896023296367 -29.2187923023283 -61.3648081550742 -85.0423089992848 -84.2062566587311 -73.9988152758111 -53.0595907047907 -36.1237076466285 -20.3280973708664 -10.2588685434129 -11.3714695281815 -14.1649965479046 -19.3947405619239 -16.6994040030207 -14.0809849495839 -13.2449939806582 -13.5179253829761 -13.0172125415061 -10.1783314523756 -7.92272289540664 -6.1253202687493 -5.11266891604209 -4.40535104658183 -3.27240080094241 -2.45924038510062 -1.62329830146126 -0.913714783631846 -0.706652070044849
-9999 -9999 -9999 -9999 -9999 -9999 -9999 -9999 -9999 -9999 -9999 -9999 -9999 -9999 -9999 -9999 -9999 -9999 -9999 -9999 -9999 -9999 -9999 -9999 -9999 -9999 -9999 -50.4954180472885 -36.0276878579814 -36.4014485186971 -76.031952804305 -99.4713502011167 -97.1923995614002 -80.1184613990752 -54.7538046999957 -37.1178917933343 -19.7071928241405 -9.27943699474226 -12.3711820159732 -15.8088276560495 -20.5813121104024 -18.6134917280312 -15.825866927129 -14.4342711543808 -13.8453291655969 -12.32182777909 -10.9449955055885 -9.23152946722966 -7.75888760084248 -7.03642613401322 -6.02617822546217 -5.35956342399255 -4.80308511331677 -3.76933428674634 -2.91231077735026 -2.17109375945526
-9999 -9999 -9999 -9999 -9999 -9999 -9999 -9999 -9999 -9999 -9999 -9999 -9999 -9999 -9999 -9999 -9999 -9999 -9999 -9999 -9999 -9999 -9999 -9999 -9999 -9999 -9999 -40.7044372186528 -30.6805561878365 -45.3121987553165 -89.6168006924486 -112.256380336716 -105.882455834561 -83.6532159026126 -56.1663349196394 -37.7649971365741 -18.6456320339378 -9.16630904736704 -14.3101917247128 -16.7537412393042 -21.5079538142881 -20.6587167653304 -18.2629559268003 -16.8968984265922 -15.3968717442088 -13.8526900196745 -12.7167460029909 -11.3448906200623 -10.1308903165197 -9.53869708166257 -8.89572280133107 -8.4951074200406 -7.92427432666196 -6.88278063085472 -5.7402518878016 -4.70156619547202
-9999 -9999 -9999 -9999 -9999 -9999 -9999 -9999 -9999 -9999 -9999 -9999 -9999 -9999 -9999 -9999 -9999 -9999 -9999 -9999 -9999 -9999 -9999 -9999 -9999 -9999 -9999 -34.3531140833491 -27.0574477843881 -54.4882864458414 -103.566118467179 -119.805052447794 -110.025321896824 -83.1487363592288 -54.4551258640926 -36.6090705451001 -17.538347788945 -10.2001824346943 -15.6050991775054 -18.4254013491577 -23.0662002392072 -23.041671582947 -21.5603008087544 -20.4429206733442 -19.3750073676184 -18.0453005913897 -16.044678967439 -14.9338349821884 -13.7289616644272 -13.4126502626874 -13.1277756377851 -12.3970937910555 -12.1948592870306 -10.8617363105579 -9.38045025334369 -8.03080461709112
-9999 -9999 -9999 -9999 -9999 -9999 -9999 -9999 -9999 -9999 -9999 -9999 -9999 -9999 -9999 -9999 -9999 -9999 -9999 -9999 -9999 -9999 -9999 -9999 -9999 -9999 -9999 -28.1843850135031 -28.0267284516672 -58.8505541716298 -100.529495950013 -113.981670555261 -98.5221428548742 -71.4013035901868 -47.3537192733265 -32.0172055158604 -14.648181151613 -12.2165200027172 -17.2201039229082 -20.739896653941 -23.9973299627712 -25.3333716965636 -24.3156312739258 -23.6080558147988 -22.8975160047662 -21.9561094699792 -20.497948694042 -19.5750842108338 -18.4026354262293 -17.9795525647974 -17.7190701431393 -17.1624351365216 -16.7602434499177 -15.2783755839311 -13.7917123509493 -12.2968023853879
-9999 -9999 -9999 -9999 -9999 -9999 -9999 -9999 -9999 -9999 -9999 -9999 -9999 -9999 -9999 -9999 -9999 -9999 -9999 -9999 -9999 -9999 -9999 -9999 -9999 -9999 -33.0136489668501 -25.0800438337443 -30.5731676121617 -62.806698167123 -97.385113270071 -100.997370433606 -81.3681701420017 -55.7014957421226 -36.8452509236686 -26.9678811323433 -11.9018249743599 -16.4622175536284 -20.2879931031066 -22.8467419478807 -26.2585816500817 -27.8271064614301 -27.0239246419518 -26.3225759402136 -26.371995676164 -25.3633251922209 -24.7177424094074 -24.5354211592774 -23.4113638470739 -22.9105860033545 -22.2890862888257 -21.3005588468939 -21.200265805667 -19.6044608966943 -18.4088663690416 -17.1250428875955
-9999 -9999 -9999 -9999 -9999 -9999 -9999 -9999 -9999 -9999 -9999 -9999 -9999 -9999 -9999 -9999 -9999 -9999 -9999 -9999 -9999 -9999 -9999 -9999 -9999 -9999 -27.6078217206469 -23.996564953637 -40.1518738411298 -69.9752026344127 -90.0703384534115 -86.5541492712181 -62.986802341374 -41.183814591658 -25.6571926662432 -16.419309186446 -11.3778749705138 -22.1280959593887 -24.5718289544811 -26.8201833352434 -29.6835055170761 -31.5157686476183 -31.4043658425057 -31.033671564924 -31.1244757690304 -30.8738391299206 -30.0298337547361 -29.2563446862832 -27.9432686931765 -27.396345040526 -26.9314883781032 -26.0655586032509 -25.3409309842155 -23.7544030164233 -22.9682028970332 -22.2767247684428
-9999 -9999 -9999 -9999 -9999 -9999 -9999 -9999 -9999 -9999 -9999 -9999 -9999 -9999 -9999 -9999 -9999 -9999 -9999 -9999 -9999 -9999 -9999 -9999 -9999 -9999 -22.0319710415015 -33.7032656420087 -58.8917609853337 -80.7230174747746 -94.8460090630738 -72.1772398291391 -47.7643358425805 -30.2146212994753 -17.1481183260497 -11.4916074732826 -16.6007023818006 -25.8076085227765 -30.6353166065075 -32.0315640193661 -34.5037586073723 -35.1898542822844 -35.9524261019567 -35.8519125255125 -35.9622311410175 -36.9352348396216 -34.6251247653171 -33.4581556351596 -32.1534241373117 -32.1473620036962 -31.6802549703092 -30.5399647913517 -29.5156971874572 -27.9118274619399 -28.0237610129434 -27.6783737478394
-9999 -9999 -9999 -9999 -9999 -9999 -9999 -9999 -9999 -9999 -9999 -9999 -9999 -9999 -9999 -9999 -9999 -9999 -9999 -9999 -9999 -9999 -9999 -9999 -9999 -9999 -22.9525024243742 -53.9915390286846 -82.4419629695221 -88.599424126467 -78.9279799821527 -54.5909593969208 -32.343036408863 -19.8661848844464 -14.6186549009941 -18.1490836288379 -27.0043468657139 -31.6359769612922 -34.688481956414 -36.453359694904 -37.2840202520867 -38.2202161325596 -38.9433154226542 -38.6586104808291 -38.3246205503168 -37.9803037655963 -37.7313014563449 -37.8770063881373 -37.1738057849954 -37.3703111074831 -37.0529682615888 -36.295011730948 -35.3471993166112 -33.8341489350843 -33.6936422819521 -33.6941484824595
-9999 -9999 -9999 -9999 -9999 -9999 -9999 -9999 -9999 -9999 -9999 -9999 -9999 -9999 -9999 -9999 -9999 -9999 -9999 -9999 -9999 -9999 -9999 -9999 -9999 -13.9994651010224 -32.2288896802166 -81.5117210283864 -108.48788942146 -91.0405501835488 -68.3410361625752 -42.1715034650497 -22.8087097717836 -16.2146886800437 -23.2825517254521 -33.5762878495507 -33.9943942728645 -37.0593194277514 -39.2284616432306 -40.1021956737529 -39.8926678375069 -40.8275730588347 -41.59219521636 -40.9732082001128 -40.3491990067033 -38.6462401739777 -39.941840286932 -42.1875547409543 -42.7345116059667 -43.6497486606482 -43.0448488777589 -41.8786598037389 -41.9112752185245 -40.8473838198999 -41.1900541274696 -40.7289343209701
-9999 -9999 -9999 -9999 -9999 -9999 -9999 -9999 -9999 -9999 -9999 -9999 -9999 -9999 -9999 -9999 -9999 -9999 -9999 -9999 -9999 -9999 -9999 -9999 -9999 -17.0810975220081 -42.7808682175019 -87.9054666115373 -108.833432122007 -91.6491077063818 -59.0062675927438 -37.8744446257252 -24.9424465225837 -23.7651989369314 -32.1853914186768 -37.9753737793808 -39.8788875590175 -42.3472987176516 -43.1770851326485 -43.6168405068781 -43.4102231616172 -44.3191573968203 -44.8209235599053 -44.1352014567769 -43.1818008506544 -42.5466889964295 -44.3696662365074 -47.3889610142419 -48.2490823225224 -48.9941619866438 -48.7640703445085 -48.6534861233358 -48.8027858973137 -47.7973254370216 -48.0822692614395 -48.4062702081396
-9999 -9999 -9999 -9999 -9999 -9999 -9999 -9999 -9999 -9999 -9999 -9999 -9999 -9999 -9999 -9999 -9999 -9999 -9999 -9999 -9999 -9999 -9999 -9999 -9999 -20.6722716688411 -50.4949460134186 -94.5361008926933 -112.726409896987 -86.3691016496398 -54.0136657458776 -38.4262834788922 -32.6193290154832 -34.2787963126474 -41.5730970296332 -46.4878819259478 -47.3547028871886 -48.5616471147397 -48.0793676663807 -47.915635036024 -47.4619268021555 -48.1387658669361 -49.1274524620226 -48.8175626894674 -48.140101525619 -46.7984882842183 -49.5647961093324 -53.2929080005008 -54.2594998548032 -54.9196548720147 -54.3909285307023 -54.6719885141675 -55.5320971172811 -55.073596924169 -55.9165938869014 -55.9565258824192
-9999 -9999 -9999 -9999 -9999 -9999 -9999 -9999 -9999 -9999 -9999 -9999 -9999 -9999 -9999 -9999 -9999 -9999 -9999 -9999 -9999 -9999 -9999 -9999 -9999 -24.028351074302 -55.0527385329106 -96.4316274198092 -112.80508247438 -89.4149144082027 -58.3190493736897 -45.4794311846978 -41.742936718988 -43.3123702241922 -48.6651815492002 -52.6614201838311 -55.2078957854542 -56.5961936774996 -56.526020838755 -54.6572041152411 -52.9991166917782 -53.2861347278114 -54.3226830690989 -54.673895140494 -55.6708921634247 -56.4166524942352 -57.2382515651769 -58.2783740109131 -58.2833572040323 -59.7026345482945 -60.6022026630766 -61.1577174594777 -61.8972613394688 -61.2679984556356 -62.2356273819549 -62.9483435370106
-9999 -9999 -9999 -9999 -9999 -9999 -9999 -9999 -9999 -9999 -9999 -9999 -9999 -9999 -9999 -9999 -9999 -9999 -9999 -9999 -9999 -9999 -9999 -9999 -9999 -27.2116880316175 -58.2319469681274 -101.273957238899 -118.336515904758 -92.3388200273633 -62.8993519306267 -52.7268087904378 -50.3850689490289 -50.7322435883726 -54.6265733193314 -58.8437088024449 -61.658422741105 -63.5202021710407 -63.3937194775279 -60.281143032458 -58.7510013915945 -59.4532027328349 -61.0450840432472 -62.0115193492157 -64.2286493376992 -65.8909784037053 -63.8586161653005 -63.2129804645135 -62.6554117642977 -64.9073433129021 -66.0390639258111 -66.428220859137 -67.5582775177773 -67.3663771108142 -68.9512796386757 -69.0979785705082
-9999 -9999 -9999 -9999 -9999 -9999 -9999 -9999 -9999 -9999 -9999 -9999 -9999 -9999 -9999 -9999 -9999 -9999 -9999 -9999 -9999 -9999 -9999 -9999 -9999 -30.2107729893511 -62.172735638397 -104.593767232105 -122.308374725976 -100.870502778991 -70.5159642473619 -59.5915737674944 -56.9234896387574 -57.295521295583 -59.5201368345123 -62.3266219064973 -65.8968060330042 -67.8976779995471 -67.9672698783072 -65.9047055137847 -64.880324486934 -66.8700454515111 -69.6301278782585 -70.6517192786949 -70.6556521958625 -69.8143299326645 -69.1520157208491 -68.6625359083172 -67.6619758773959 -69.0680225888217 -70.5171111855529 -71.6769724715331 -72.9624206115988 -72.4173900589564 -73.3287633112256 -73.9646742132329
-9999 -9999 -9999 -9999 -9999 -9999 -9999 -9999 -9999 -9999 -9999 -9999 -9999 -9999 -9999 -9999 -9999 -9999 -9999 -9999 -9999 -9999 -9999 -9999 -9999 -32.2025240004352 -64.7982245015741 -110.352045476168 -129.169024674095 -110.214253505831 -78.8385615670209 -68.3473464160774 -64.3917168340199 -64.4854568288195 -66.4580551064134 -68.5220829644234 -71.3012179101587 -73.1204949906366 -73.2162380062708 -71.6275924149746 -70.6417858046034 -73.4802203294587 -76.8820782285009 -77.373046104356 -75.8917783865479 -73.6184706395442 -72.5266349707429 -72.7220744692438 -72.0593701279148 -73.8342921884345 -74.3811287418601 -75.011650135352 -76.6989656778117 -76.4204849335848 -77.7176786777074 -77.610479382275
-9999 -9999 -9999 -9999 -9999 -9999 -9999 -9999 -9999 -9999 -9999 -9999 -9999 -9999 -9999 -9999 -9999 -9999 -9999 -9999 -9999 -9999 -9999 -9999 -9999 -34.2403805682466 -67.7797961321799 -115.950531695947 -137.161607180367 -122.08780321338 -89.6009097345936 -78.0090334815655 -73.5647594937085 -73.0712590901099 -74.8936011109962 -77.7310992440021 -78.7563944008322 -79.79196799332 -79.1863817182883 -76.5189693825592 -75.696062323937 -78.9861519599695 -81.2247514110646 -81.5559672800458 -79.7781823822918 -77.3217375043241 -76.5732491434395 -76.2867787938374 -75.6712652937555 -77.0157436448769 -78.1170435377152 -78.6016170272056 -79.0085880622216 -78.6224535397527 -79.9335327568984 -80.8091722462642
-9999 -9999 -9999 -9999 -9999 -9999 -9999 -9999 -9999 -9999 -9999 -9999 -9999 -9999 -9999 -9999 -9999 -9999 -9999 -9999 -9999 -9999 -9999 -9999 -9999 -36.1147700234708 -69.6914324732679 -120.34643660227 -145.661459364963 -131.549565349831 -102.34243472789 -88.503388188714 -82.9256920098648 -81.6686830102552 -82.8581663375302 -85.2053174048915 -84.9043107309866 -84.966763820757 -83.3574532410034 -79.7029463467138 -78.6099276788575 -81.4304542315933 -84.5653113770052 -85.0389186885256 -83.8642764418567 -81.5241665646354 -80.2112994453937 -80.1364323869964 -78.8297509727547 -79.8786157494444 -80.1328442835617 -79.8768026398216 -81.1466854059768 -81.2145095255438 -82.5263501808311 -83.1468831253493
-9999 -9999 -9999 -9999 -9999 -9999 -9999 -9999 -9999 -9999 -9999 -9999 -9999 -9999 -9999 -9999 -9999 -9999 -9999 -9999 -9999 -9999 -9999 -9999 -9999 -38.2428014353762 -73.2504417052408 -124.407107731045 -153.116050976759 -141.786728388913 -116.30329579234 -100.316755513739 -91.3495909575429 -88.9550787534059 -88.2112857710565 -88.4676899711976 -88.5303656892037 -87.7132490844359 -85.1160597487819 -81.2379730602309 -78.9537758865261 -82.1928885696016 -86.7308159604492 -87.9335000056693 -87.7762511475218 -86.3328953111633 -84.8867355304835 -83.7759078513203 -81.8947545587717 -81.6468049925302 -80.3347798419371 -80.9882194594622 -83.6240266757217 -82.6504559291355 -83.2437038797561 -83.9065118031977
-9999 -9999 -9999 -9999 -9999 -9999 -9999 -9999 -9999 -9999 -9999 -9999 -9999 -9999 -9999 -9999 -9999 -9999 -9999 -9999 -9999 -9999 -9999 -9999 -30.0572450800789 -42.3964463470484 -79.735351497287 -129.203267264703 -159.456909718711 -150.092550387301 -128.576164195056 -109.871150096365 -98.8123029956783 -95.0843316786984 -94.0980670227229 -93.3664228974122 -92.811796231544 -91.2097414022709 -87.7072774605382 -82.7172241101576 -79.8911481601693 -83.3107625545321 -88.1528637873623 -89.8439237752661 -90.3566949973822 -89.8487408336131 -89.0484186558311 -87.7348950454359 -84.8626914677464 -82.8392552464575 -81.4030657707725 -82.3960672351226 -84.4498957024541 -81.3780573486939 -77.3017369603885 -75.1992772433649
