meets/meet004/_saidas_enm/CCSM_SVM_0k_Cavanillesia_umbellata1.asc
NCOLS 154 
NROWS 168 
XLLCORNER -112 
YLLCORNER -55.5 
CELLSIZE 0.5 
NODATA_value -9999 
[rows 72 to 95 of 168, columns 56 to 111 of 154]
-9999 -9999 -9999 -9999 -9999 -9999 -9999 -9999 -9999 -0.134119846781972 -0.0355787730982594 0.068178253071206 0.066317691150453 0.057204853834654 0.0444138135092881 0.100575185572484 0.25567994777327 0.378111571969505 0.408240072300363 0.420999689914691 0.369613581923266 0.347325721560317 0.326865282224053 0.271980220278965 0.241821112140511 0.213135434872822 0.188542731203502 0.157691087152751 0.136714246889243 0.121673174917828 0.114726039339766 0.109314773776352 0.09887484151582 0.105870216815126 0.129238400362389 0.152778938517324 0.160987874632151 0.163176165724801 0.166682802437021 0.166103318522693 0.162873783731658 0.153678508153756 0.143087527239881 0.130863204814768 0.117885486843178 0.0997564452115837 0.0828022829253676 0.0630204324966389 0.0463934423150996 0.0344698247596258 0.0228319584241836 0.013573652776026 0.00182081884539975 -0.00564342181955757 -0.0180419253804218 -0.0271063973080499
-9999 -9999 -9999 -9999 -9999 -9999 -9999 -9999 -9999 -9999 -0.180204681190942 -0.0697316251025542 0.058509334412706 0.0835518150492489 0.0858852574020003 0.154242593579148 0.376814812367608 0.539305305404866 0.501897437928186 0.450981290180325 0.378889391062063 0.332070590838292 0.278607368239869 0.222423614415973 0.184275338290793 0.157556529860936 0.133946345170837 0.106764547870973 0.0877164346965322 0.0818849542432976 0.0793352488839146 0.0686261799136756 0.0521210737528922 0.0507606696306566 0.066557350206649 0.0840739551254232 0.0964680854044682 0.101419623730774 0.114358622671451 0.127752927503536 0.135173866870031 0.133839830908779 0.131031289935607 0.12749212727808 0.117754323214388 0.104163699483081 0.0846354576040853 0.0610242559723277 0.0380635613911832 0.0154263050995071 0.0024217432139389 -0.00444125161203501 -0.00865886222007661 -0.0116983497184079 -0.022645313952373 -0.0286615885681954
-9999 -9999 -9999 -9999 -9999 -9999 -9999 -9999 -9999 -9999 -9999 -0.0356014719716286 0.049905485698667 0.131379702289886 0.148667539333466 0.191374148265016 0.390939876621364 0.623872845499593 0.572680420828728 0.4782667883225 0.397687036666857 0.322881924995519 0.243766223003144 0.180331305909715 0.145184928326969 0.113171237899476 0.0929706306051813 0.0677665175691566 0.0500528639315874 0.0440482821741943 0.0360448764341941 0.0292329778533909 0.0167657240954437 0.0140737235409032 0.0164322771390013 0.015873681325538 0.0290204386442259 0.0350174123518719 0.0501279838255251 0.0679814411846345 0.0785491735115377 0.0913146947992687 0.0927164176626184 0.0995967246000447 0.107179966604205 0.101405731402285 0.0784118434084776 0.0500098004866895 0.0237294756739833 0.00036238523796206 -0.0128672416767028 -0.0183940882347133 -0.0231285319198375 -0.0251069530306401 -0.0264383526260641 -0.0242859664393675
-9999 -9999 -9999 -9999 -9999 -9999 -9999 -9999 -9999 -9999 -9999 0.00712141948675182 0.0277126408717142 0.138698500614084 0.162783498195094 0.186258372472814 0.318809646192306 0.586081370866754 0.627235604407849 0.545809479175902 0.427508369146844 0.33267370569579 0.235531535033357 0.166942584322207 0.124131179547636 0.0906611656723899 0.0700303196841181 0.0462701573600836 0.0282848876802099 0.018622386196452 0.0074405109110478 0.00106589619994657 -0.00910784515327406 -0.0125389915231467 -0.0118679096718478 -0.0146077992018077 -0.00740303971727041 -0.00374405692057084 0.00872502427472716 0.0266832822608741 0.03767667117449 0.0569265705525425 0.0637996824262227 0.0732369160928766 0.0826476601323551 0.0768357125783178 0.0556729340307734 0.0284156069901557 0.00447247144678475 -0.0170111481850454 -0.02847161520581 -0.034184507405034 -0.0361948193746438 -0.0379876031028608 -0.0405420036691805 -0.0374568512241185
-9999 -9999 -9999 -9999 -9999 -9999 -9999 -9999 -9999 -9999 -9999 0.01034494398527 -0.010569494416677 0.12257185297724 0.142115894592001 0.138697052357989 0.202896999377571 0.40178971974036 0.531827568897366 0.545091773651797 0.519361805256273 0.366594416715722 0.247488668385295 0.171080468750727 0.120907049253158 0.0918976395683208 0.0623792995740329 0.0390123372526394 0.0195818407897042 0.00675475338102577 -0.00719503645750985 -0.0154601645702314 -0.0225076606047133 -0.0259771781457774 -0.0278663967714459 -0.0288046101666556 -0.0292664717494444 -0.0244683956777539 -0.0147410497244316 -0.00402927216690996 0.0178655272777651 0.0391262492847052 0.0578313769511059 0.06365013607278 0.0543033996352904 0.0377956433238332 0.0196963501083764 -0.000194138693852042 -0.0181454857028007 -0.0334015107699697 -0.041631526552415 -0.0475652196614365 -0.0500614825672639 -0.0516371795690134 -0.0531165108691047 -0.0511811344319721
-9999 -9999 -9999 -9999 -9999 -9999 -9999 -9999 -9999 -9999 -9999 -9999 -0.0442899101208928 0.030964529433002 0.0794474727612382 0.0973839469752078 0.116717023856565 0.187400579661712 0.28367750208489 0.424881772170106 0.519109341051459 0.459046787347606 0.32811971176472 0.2223171513138 0.137931550465702 0.0847837222200445 0.0567368236216033 0.042352987019552 0.0242372887869446 0.00828629055797225 -0.0097377025411704 -0.0195332081464432 -0.02871560650755 -0.0339876425962103 -0.0363173150019542 -0.0400672977647257 -0.0430442521701486 -0.0441898651149976 -0.0380178040742858 -0.0273409186845351 -0.00518674081551268 0.0320979661149728 0.0680981516059728 0.0717196985417209 0.0396902970853836 0.00558627125217315 -0.0161868916321095 -0.0328809449467063 -0.0452554723745214 -0.0527830221031989 -0.0577497389024803 -0.0639029844409681 -0.0666666209125745 -0.0659078783307788 -0.0644266806560612 -0.0592102978992761
-9999 -9999 -9999 -9999 -9999 -9999 -9999 -9999 -9999 -9999 -9999 -9999 0.0170941501678914 -0.0256625447564581 0.0198727756228138 0.0731196919143551 0.0954448223134994 0.170583897303962 0.20269477254528 0.197184740631728 0.367688640622407 0.478223554313939 0.494342339505915 0.353209066690509 0.15580997152049 0.0840169681567008 0.0649229723763948 0.0605845456381764 0.0445620919590822 0.0253890280287705 0.000471885075291167 -0.00938588583979377 -0.0206672904484151 -0.0315895442635852 -0.0377883576168075 -0.0454835513509835 -0.0535648484702216 -0.0610819143452946 -0.0610681083380326 -0.0523367433065386 -0.0346320468424411 0.00740544575120339 0.0746771883342468 0.0872792335844921 0.0332220905496198 -0.0167826991797763 -0.0403217993801516 -0.05896549267818 -0.0680208209062708 -0.0705980318312894 -0.0701806143276451 -0.0766985746949363 -0.0793178408544216 -0.0782563044634437 -0.0727145581626948 -0.063214650348126
-9999 -9999 -9999 -9999 -9999 -9999 -9999 -9999 -9999 -9999 -9999 -9999 -9999 0.00341643157491534 0.000502118752935321 0.0609274714801141 0.107191904302449 0.171163222008718 0.234919829328514 0.263205771460286 0.301800562221454 0.447175096998699 0.681408415505644 0.629776514962526 0.43641774230748 0.236174627096344 0.153934804884108 0.134335550998216 0.0943952336534183 0.0605080745563751 0.0325897025251354 0.0149510654643639 0.000226594529706359 -0.0158419080379392 -0.0291302160591266 -0.0435382197532196 -0.0531760648339357 -0.0625175220855183 -0.0673108982072685 -0.0665949961408094 -0.0603373239742787 -0.0286894679034237 0.0228871210035141 0.0483348568355363 0.0328501476839748 -0.00760335938955242 -0.0497807686593846 -0.0765017104184773 -0.0851472376415217 -0.086307337943011 -0.0858185044732363 -0.0886304935699496 -0.0886497221072979 -0.0840647461611294 -0.0779274083454746 -0.0698970215875598
-9999 -9999 -9999 -9999 -9999 -9999 -9999 -9999 -9999 -9999 -9999 -9999 -9999 0.0607529415725719 0.00411866763150021 0.0688762705740563 0.111380457146384 0.141461761146818 0.149361887144038 0.212177407817652 0.327959122460573 0.487068836199569 0.591845166316996 0.731386443632319 0.853838307434379 0.637226223252767 0.464932082491671 0.349855842553354 0.24073497110357 0.119280103770721 0.0803338942077498 0.0609109724529097 0.0296283007570552 0.00809233432887468 -0.00969266925121132 -0.0304217146907763 -0.0407090903473067 -0.0528432271856784 -0.0619997271342019 -0.0680836254695456 -0.075691693117 -0.0613057406830336 -0.0269960107810872 -0.00316918322158916 0.0116098295550849 0.0173022658687906 -0.0561683604542385 -0.089286028908711 -0.0953239193238233 -0.0962577490327968 -0.0948718019111696 -0.0940886225749691 -0.091332652928622 -0.0872864534492461 -0.0827968495095809 -0.0760533766510019
-9999 -9999 -9999 -9999 -9999 -9999 -9999 -9999 -9999 -9999 -9999 -9999 -9999 -9999 0.0279526805755549 0.0231403219617029 0.112880353133927 0.136467004957899 0.131849526227028 0.147200083819574 0.225276952856724 0.411409460937744 0.345293314777973 0.17054394651946 0.241825062524093 0.486383227743107 0.843585094727492 0.949325688012488 0.67533540347288 0.42173110988989 0.227119070444648 0.11453154254796 0.0732679249689122 0.0385612301934529 0.0137015739407809 -0.00515197724695143 -0.0167718387313067 -0.0258882748106765 -0.0371259585746653 -0.0509832642720429 -0.0647078625180986 -0.0645975602690608 -0.0592800794234752 -0.0505301619310645 -0.0296656890115194 -0.0354898250484912 -0.0689597592813861 -0.0939692257654354 -0.0993167125740815 -0.099520442885016 -0.0978857491492016 -0.0953767291068998 -0.0928249660208226 -0.0901849133802823 -0.0885737786101682 -0.0868251157909426
-9999 -9999 -9999 -9999 -9999 -9999 -9999 -9999 -9999 -9999 -9999 -9999 -9999 -9999 0.102326705945813 -0.00602813290989218 0.0677798546974985 0.134514245201595 0.123797376693776 0.12303198490427 0.104142737900604 0.0503421000311414 0.0140960800310292 0.015313645940893 -0.01029266020597 -0.0296943603611908 0.145854171739603 0.599384037443139 1.0495473339339 0.949941954295007 0.538630359662282 0.301711501912901 0.135953674780225 0.068627219645585 0.0378030155714068 0.0214263045372525 0.014942926696175 0.0163319012691555 0.00826490365737736 -0.0120248914033577 -0.0467403957026365 -0.0516857906541026 -0.0671326420303317 -0.0735541884222236 -0.0616524491523993 -0.0591619424996574 -0.0756390613978096 -0.0945632462694698 -0.0983837943352736 -0.0971351573315333 -0.0963934673725117 -0.0939923827229419 -0.0928303835142018 -0.0920341052300914 -0.0925486201001116 -0.0938142859118712
-9999 -9999 -9999 -9999 -9999 -9999 -9999 -9999 -9999 -9999 -9999 -9999 -9999 -9999 -9999 0.0530472044458303 -0.00294863160039666 0.110573288700626 0.113407522552132 0.114357460921673 0.0827227896621748 0.024307803167583 0.0192515391116311 0.0284672507953885 0.0196301484357504 0.0259700142877176 -0.00145461403765212 -0.0222671464032216 0.049974788068644 0.437482059636946 0.798177853882296 0.634168756432375 0.261069592654851 0.122513651655097 0.0599069717205599 0.0501956017203144 0.0465898206367752 0.0459212956034332 0.0509448092498107 0.0694356007037024 0.068413544000878 -0.00237011405627452 -0.0620685955975517 -0.0811975589936074 -0.0794048192862997 -0.0717581730782632 -0.0760019394673773 -0.0847875898783285 -0.0860510284934116 -0.0821383444302579 -0.0812055326197887 -0.0838153656764647 -0.0894530369169959 -0.0915857702812452 -0.0925043101778392 -0.0951420079107502
-9999 -9999 -9999 -9999 -9999 -9999 -9999 -9999 -9999 -9999 -9999 -9999 -9999 -9999 -9999 0.139738297355406 0.0295686513402247 0.0894048758601494 0.104519340618829 0.111244709411413 0.0978299156550948 0.0667576704494822 0.0697763764818758 0.0655666070551266 0.0524081737213069 0.0928940575263854 0.063427065952881 0.0862280914622773 0.0399013268465369 0.359040231382727 0.582271686580442 0.939979592416933 0.600802834973914 0.247026477063493 0.0985462608592629 0.0739199737394854 0.057929758241528 0.0596232155637086 0.084580225765428 0.146517455383856 0.204462005475347 0.0710502658260019 -0.056619049887062 -0.0823764377315391 -0.0857520372757776 -0.0767775806998131 -0.0714777435709549 -0.065871315859247 -0.0567200526202111 -0.0447632253738078 -0.0349438291480219 -0.0493745850132027 -0.0692823390557396 -0.0772761424362058 -0.082255416490557 -0.0907507248795922
-9999 -9999 -9999 -9999 -9999 -9999 -9999 -9999 -9999 -9999 -9999 -9999 -9999 -9999 -9999 0.275622806803982 0.0781236253505092 0.0833210076434766 0.124857953589777 0.116025587237084 0.101941424807677 0.0979497443882115 0.0951285410079973 0.0908782912091034 0.070845231521838 0.0557053490879108 0.0302578214963754 0.0276295895536843 -0.0368322693759166 0.158380038718382 0.796662699823809 0.818357220615501 0.949869617464898 0.538628954909917 0.233090116283485 0.0921677898278167 0.0545641284701393 0.0610937595034161 0.0949037713322237 0.179735148405007 0.239361258839518 0.0983034487788426 -0.0544005639703054 -0.0772001889196547 -0.084455512261528 -0.0834726824133561 -0.0673584636337495 -0.040239194818699 -0.0114197188167623 0.00746343042474146 0.0114071142305356 0.00236888158404264 -0.0138442354126547 -0.0259828194237318 -0.0361222913501576 -0.0356732476301186
-9999 -9999 -9999 -9999 -9999 -9999 -9999 -9999 -9999 -9999 -9999 -9999 -9999 -9999 -9999 -9999 0.219109124898167 0.0695551483580684 0.119066893029139 0.134689520330955 0.107588503534935 0.10522643165548 0.103985147376191 0.103034514800055 0.100349180840054 0.100538495090051 0.0793349190573418 0.0613203827641893 0.0116216197469544 0.0213167830980202 0.445046587589302 0.845865682241438 0.949856123088178 0.977977233561853 0.579324307109186 0.211738260187901 0.0948106625182483 0.0446711820442801 0.0584048850556563 0.122644732965672 0.205829260253783 0.0442781213098164 -0.0581851620367457 -0.0678438167467075 -0.0776060966227692 -0.0798635903268866 -0.0528639065300442 -0.00197785907731574 0.0494802480409486 0.0796497249282349 0.0811922720392501 0.0649847758404006 0.0454534529794524 0.0355378905798808 0.0326608016427938 0.0486347352303335
-9999 -9999 -9999 -9999 -9999 -9999 -9999 -9999 -9999 -9999 -9999 -9999 -9999 -9999 -9999 -9999 -9999 0.261109530124882 0.076328054481356 0.122547481143813 0.135707401068619 0.132343678795284 0.117468525512592 0.107486149294128 0.105813962814888 0.105410850974195 0.102121280559535 0.0966990839361579 0.0799373204420598 0.0362906912136736 0.111210514699755 0.606939226312359 0.819295468598296 0.802331113036795 0.951574572188101 0.498246770602149 0.213943015584884 0.0805760864064848 0.030991350400289 0.0158480508284879 -0.00948198691738 -0.0292640540305584 -0.0500721286050813 -0.061202057786568 -0.0672449907151856 -0.055590657831348 -0.0215697833004603 0.0378329592044563 0.0975833720498632 0.141111134693963 0.161446248301134 0.10125736157855 0.0484825077730898 0.0370306921497831 0.0577365656129582 0.102658094794663
-9999 -9999 -9999 -9999 -9999 -9999 -9999 -9999 -9999 -9999 -9999 -9999 -9999 -9999 -9999 -9999 -9999 -9999 -9999 0.0794268060398092 0.0948682923946968 0.116192740655252 0.128079383097221 0.127354822921705 0.117388107235972 0.110549508488668 0.107037899511964 0.105577177070447 0.102296331270825 0.0776172328729401 0.0294037238677864 0.181702040285306 0.452918298107426 0.654575585430415 0.714089960506772 0.87280400593096 0.650510437784487 0.282033548916728 0.108003862296366 0.0357739583570848 -0.00570433137394183 -0.0218184845970462 -0.0360930864056845 -0.047518351848359 -0.0421184378909135 -0.0263048519285013 0.000557352672324929 0.0458903041045973 0.0942875538697686 0.136913647635328 0.16234763393827 0.0918265408168732 0.0228337682686953 0.00683184752637817 0.0273203471876572 0.0749942524164768
-9999 -9999 -9999 -9999 -9999 -9999 -9999 -9999 -9999 -9999 -9999 -9999 -9999 -9999 -9999 -9999 -9999 -9999 -9999 -9999 -9999 0.0823051092251624 0.0632458557314643 0.0788625961183014 0.123013869570321 0.116756980792551 0.110706526378023 0.1074895913865 0.10597956313911 0.102371106923502 0.0876159410542084 0.0500338954233676 0.0500713533497604 0.268710938561724 0.605401992779283 0.53550047981896 0.722149769998075 0.559812161272896 0.29357369394524 0.116240438413515 0.0473262443811671 0.0135523096798065 -0.00335936892298061 -0.00589156692442266 -0.00431475954677341 0.0027352318034729 0.0183089725583486 0.0264391621130402 0.049952219339567 0.102426711357832 0.107662277078336 0.0568678096823791 -0.00594358714868115 -0.0275791917020886 -0.0254995495750721 -0.0214513497353623
-9999 -9999 -9999 -9999 -9999 -9999 -9999 -9999 -9999 -9999 -9999 -9999 -9999 -9999 -9999 -9999 -9999 -9999 -9999 -9999 -9999 -9999 -9999 0.0768424229881631 0.0589374346455168 0.11305203999842 0.125647160467096 0.113336394020599 0.108421293377414 0.108037572983025 0.106270259750602 0.0841479504048178 -0.00322208997438261 0.0128050024728416 0.261076968160013 0.507494087452205 0.501418995615179 0.5092821653716 0.507138155236911 0.278017004108261 0.117921448280958 0.0723955814322411 0.066252422419546 0.0629553389273129 0.0587939207013704 0.0591901279005196 0.0606191739346831 0.0530002189304541 0.0630410983612295 0.0927720503399953 0.0834926858905321 0.025401223722218 -0.0341660309238894 -0.0554389172426505 -0.055326481780466 -0.0500157917568322
-9999 -9999 -9999 -9999 -9999 -9999 -9999 -9999 -9999 -9999 -9999 -9999 -9999 -9999 -9999 -9999 -9999 -9999 -9999 -9999 -9999 -9999 -9999 -9999 -9999 0.0318160553013246 0.100808004127542 0.130471864456021 0.113503895536851 0.110517499376185 0.109166856774599 0.106225929361675 0.0878721799894093 0.0538224234592572 0.0328840967064167 0.0803457117791747 0.459916296678563 0.442951439488263 0.304351768247324 0.334397951515193 0.172316427073029 0.124677331881438 0.143073432262024 0.137253712131887 0.13849638704592 0.152606707016599 0.131378980480815 0.13307321839947 0.119001894910072 0.104389243005373 0.0844527937910275 0.00447573924715194 -0.0556751934381712 -0.0702796112598014 -0.0616408259989553 -0.0409903702170291
-9999 -9999 -9999 -9999 -9999 -9999 -9999 -9999 -9999 -9999 -9999 -9999 -9999 -9999 -9999 -9999 -9999 -9999 -9999 -9999 -9999 -9999 -9999 -9999 -9999 0.0825376615895473 0.0626639768728467 0.125957364843832 0.132310381312995 0.116047891102189 0.108699137386955 0.106637034388944 0.105859422515981 0.101911842024238 0.0849634923005126 0.0717045543519002 0.238777156454489 0.409595762501258 0.363717642204036 0.293593079495322 0.185087119570469 0.152715262345374 0.198547870549547 0.194541187244881 0.188301838099618 0.203030299452909 0.168190957196389 0.149015548054069 0.119167174173571 0.0883469187599566 0.0498334824125846 -0.0190021512820935 -0.0596733948381362 -0.0693361934508125 -0.0597443799585052 -0.0374757087716066
-9999 -9999 -9999 -9999 -9999 -9999 -9999 -9999 -9999 -9999 -9999 -9999 -9999 -9999 -9999 -9999 -9999 -9999 -9999 -9999 -9999 -9999 -9999 -9999 -9999 -9999 -9999 0.0844000701461931 0.133436321443908 0.119119331590846 0.10584245587882 0.104214905324181 0.104370929334562 0.105441787147599 0.106976495696166 0.111827848637926 0.155606326841132 0.256357258100891 0.33166125384214 0.219385345245173 0.162898493111798 0.134939813167921 0.25466013010686 0.255660990959181 0.214254394304837 0.206658260094249 0.172787202218514 0.116472984498663 0.073645247291302 0.0422505808131917 0.00506835244124332 -0.0319878906591097 -0.056382235373561 -0.0621741412276255 -0.0493468253846155 -0.0253609417328217
-9999 -9999 -9999 -9999 -9999 -9999 -9999 -9999 -9999 -9999 -9999 -9999 -9999 -9999 -9999 -9999 -9999 -9999 -9999 -9999 -9999 -9999 -9999 -9999 -9999 -9999 -9999 0.0735260860351342 0.11505347246316 0.115672487595746 0.106344017747258 0.102942844693949 0.101544456878668 0.102769099408866 0.105640612550988 0.108802418149405 0.121191194015176 0.172324204020378 0.249803231451382 0.211582326375161 0.151946929368184 0.105667431190544 0.135561655364365 0.135603313738863 0.174043674771781 0.225340966858103 0.180588895284907 0.109144760493179 0.0538317349102347 0.00882519307159119 -0.0184990819827436 -0.0280023620570344 -0.0321131889496405 -0.0339437679427536 -0.0267215699439969 -0.0227797101394803
-9999 -9999 -9999 -9999 -9999 -9999 -9999 -9999 -9999 -9999 -9999 -9999 -9999 -9999 -9999 -9999 -9999 -9999 -9999 -9999 -9999 -9999 -9999 -9999 -9999 -9999 -9999 -9999 0.0891370242831203 0.115915544086055 0.106977894169955 0.10194609825341 0.0994255005089115 0.100674096537934 0.103814833962774 0.106769786667187 0.111536086767795 0.135549443167484 0.176854019342771 0.181552823786273 0.112471280269835 0.084134802938454 0.0958632541731127 0.0551432614364155 0.0895657307982451 0.263465299841574 0.181488256841137 0.112152683778261 0.0554044912764337 -0.00173117604271195 -0.0228160574839155 -0.0190549015181072 0.0185014951473139 0.0307128339106746 0.0047306942814393 -0.0202717320346792
