meets/meet004/_saidas_enm/CCSM_Gower_0k_Aralia_warmingiana4.asc
NCOLS 154 
NROWS 168 
XLLCORNER -112 
YLLCORNER -55.5 
CELLSIZE 0.5 
NODATA_value -9999 
[rows 54 to 80 of 168, columns 60 to 119 of 154]
-9999 -9999 -9999 -9999 -9999 -9999 0 0 0 0 0 0 0 0 0 0 0 0 0 0 0 0 0 0 0 0 0 0 0 0 0 0 0 0 0 0 0 0 0 0 0 0 0 0 0 0 0.0126578661490324 0.0986677700367962 0.0866375315344006 0.053896517507126 0.304810882509111 0.479178752264798 0.584100180041892 0.514674830663298 0.408694560061535 0.259905280740716 0.169802664856974 0.0212651934250797 0 0
-9999 -9999 -9999 -9999 0 0 0 0 0 0 0 0 0 0 0 0 0 0 0 0 0 0 0 0 0 0 0 0 0 0 0 0 0 0 0 0 0 0 0 0 0 0 0 0 0 0.08970368777028 0.0218677699700831 0 0 0 0.224297367722227 0.444134557694839 0.572341853997186 0.583372942187511 0.479858637915198 0.375783602499502 0.295639071441667 0.142323920527863 0 0
-9999 -9999 -9999 -9999 0 0 0.118614275812926 0 0 0 0 0 0 0 0 0 0 0 0 0 0 0 0 0 0 0 0 0 0 0 0 0 0 0 0 0 0 0 0 0 0 0 0 0 0 0 0 0 0 0 0.136478116202879 0.388200573788104 0.529858784442189 0.609378777126606 0.522363726185536 0.449597916694046 0.364671954049997 0.199235004827641 0.039177739377935 0
-9999 -9999 -9999 0 0 0 0.312664392553561 0.0702743460581815 0 0 0 0 0 0 0 0 0 0 0 0 0 0 0 0 0 0 0 0 0 0 0 0 0 0 0 0 0 0 0 0 0 0 0 0 0 0 0 0 0 0 0.0376682771566758 0.318269207045775 0.477022501563639 0.602891463718422 0.520002818776631 0.443477817671845 0.368822615212466 0.202561870644887 0.0240409168099448 0
-9999 -9999 -9999 0 0 0.28238068095078 0.518079894898666 0.232251438210697 0 0 0 0 0 0 0 0 0 0 0 0 0 0 0 0 0 0 0 0 0 0 0 0 0 0 0 0 0 0 0 0 0 0 0 0 0 0 0 0 0 0 0 0.21036957168045 0.403561460274492 0.519440836931813 0.418551754971681 0.331290315847905 0.259553416736987 0.118055309882059 0.0108043266222811 0
-9999 -9999 0 0 0.126356483967546 0.416678437730143 0.616382036798654 0.1852238135512 0 0 0 0 0 0 0 0 0 0 0 0 0 0 0 0 0 0 0 0 0 0 0 0 0 0 0 0 0 0 0 0 0 0 0 0 0 0 0 0 0 0 0 0.0981291488243939 0.301463246971828 0.355892029975912 0.240140862863023 0.151236418954064 0.0521600202738041 0.00479012032158088 0 0
-9999 -9999 0 0 0.154786711599555 0.437280519483436 0.479984124959182 0.0351029541025264 0 0 0 0 0 0 0 0 0 0 0 0 0 0 0 0 0 0 0 0 0 0 0 0 0 0 0 0 0 0 0 0 0 0 0 0 0 0 0 0 0 0 0 0 0.150850018375715 0.274627704233225 0.158502160490776 0.0822160433600849 0.0290262127300733 0 0 0
-9999 -9999 0 0 0.161584889424123 0.442787674457741 0.356512377887699 0 0 0 0 0 0 0 0 0 0 0 0 0 0 0 0 0 0 0 0 0 0 0 0 0 0 0 0 0 0 0 0 0 0 0 0 0 0 0 0 0 0 0 0 0 0 0.140572715347415 0.137413666693838 0.121319223727074 0.143825596050886 0.107570262851516 0.112475513879801 0.0768268101344611
-9999 -9999 -9999 0.0169469290251636 0.186551444612402 0.459341916980367 0.317196578276751 0 0 0 0 0 0 0 0 0 0 0 0 0 0 0 0 0 0 0 0 0 0 0 0 0 0 0 0 0 0 0 0 0.0253941508021401 0.0659603403088646 0.0856348781699355 0.113259043027985 0.119512668158275 0.124176418789586 0.131586162039086 0.129082200899772 0.131493862617769 0.121757376511245 0.118289276655699 0.10893420433432 0.0828434145133046 0.0559108166429122 0.0139860101946608 0 0.0068774277408169 0.0263492971115159 0.0137717194425974 0 0
-9999 -9999 -9999 -9999 0.213700495629635 0.418413344012868 0.350542363037704 0 0 0 0 0 0 0 0 0 0 0 0 0 0 0 0 0 0 0 0 0 0 0 0 0 0 0.0556603166900442 0.0769863036249558 0.090243656351786 0.123082484012128 0.138036093107727 0.176526648477184 0.205954469582115 0.179847712915064 0.122672048559758 0.109451015860669 0.0910708148782738 0.093440777848655 0.123080149109515 0.149754896598919 0.223000394602077 0.287881488925959 0.286149771933927 0.263296163747113 0.258079125592065 0.218238012513641 0.194835358504438 0.155950729563264 0.119600047206029 0.0926643953106666 0.0560246639070726 0.019819309116801 0
-9999 -9999 0.058040014954957 0.144710675766426 0.288328721553772 0.252938873747461 0.200688736795653 0 0 0 0 0 0 0 0 0 0 0 0 0 0.00145241509189786 0.0203972066291517 0.0428806494266539 0.0565674921309373 0.0714141519659948 0.0839303381270667 0.0860398545475259 0.0796012435598636 0.0702968586840125 0.0755556413179397 0.088374497226295 0.125183057360437 0.177399425373498 0.24578652914086 0.259088905014794 0.282885019240969 0.299990273761979 0.25226509069154 0.181485815566215 0.123610679824198 0.0791509103763935 0.0402401424037101 0.0252589655557337 0.0180459502834451 0.0251531185242571 0.052631500207357 0.0871359482442379 0.143799867465722 0.206924730946371 0.270762410053929 0.335686284402491 0.354649666550424 0.237760778032114 0.179851633987162 0.14826058333959 0.150445975647109 0.164133235251871 0.0884167361918238 0 0
-9999 0.0949213000209551 0 0 0.0995099090030664 0.147400517652751 0.099651655165706 0 0 0 0 0 0 0 0 0 0 0 0 0.0403675733431504 0.132384179323004 0.203404009611157 0.228351751136196 0.246143395950329 0.26375619045925 0.270552918957816 0.262870276942753 0.272014988935395 0.260424738736742 0.257022830833393 0.254551861698203 0.250473741218967 0.327955945822049 0.396121258534929 0.40308329260833 0.330572071957523 0.244626225734474 0.184391750591943 0.114478166855022 0.0633168681572904 0.0258943068560534 0 0 0 0 0.0197216240963195 0.0427649244715388 0.0922958938619247 0.145553533828105 0.190574409142893 0.23762697741682 0.269752004915024 0.259930294769417 0.169873537938294 0.152839818193804 0.17438648561645 0.169359787897775 0.0711915245431054 0 0
-9999 0.174473219566733 0 0 0.0412622417696931 0.0333127834484845 0 0 0 0 0 0 0 0 0 0 0 0.0610091498272953 0.106277871368626 0.181780632500495 0.263340123781855 0.333826321457718 0.377976082115153 0.402642832717783 0.429274852175362 0.447797323528046 0.460780438224872 0.457590732665003 0.448044962412187 0.439976687454648 0.423281907799058 0.430415491884132 0.477597369720619 0.459064149495073 0.385366890661121 0.309330114453357 0.231045675884409 0.16812874935054 0.106287653599269 0.0594133540099343 0.0291588521426476 0.00317126824559566 0 0 0.00457357946799808 0.0220939190698421 0.0404789136142504 0.0710671510422272 0.101517800284857 0.130395513408568 0.156973482767601 0.171621053610618 0.174031178857324 0.16005483625186 0.131183600914654 0.0878411200830717 0.0295621591303914 0 0 0
-9999 -9999 0.0908567226744004 0.0113813168843199 0.0609766315899839 0 0 0 0 0 0 0 0 0 0 0.0298366672599889 0.16954835556518 0.183924334760179 0.232725870955061 0.308553814460044 0.38207671522022 0.457847543359668 0.500957137323616 0.534934526309272 0.567278082320269 0.594152744473716 0.618924944427497 0.605417924796209 0.601910852092829 0.596233163887774 0.575437658482566 0.581530242073197 0.532724355390221 0.46058552243342 0.39131013022288 0.320018591740812 0.241166699074107 0.19018794440006 0.132268500598356 0.0910353166082315 0.0650856925400934 0.0367825590792945 0.0371744651627912 0.0336835860157446 0.0358738551885027 0.0457250137924413 0.0493203148579335 0.0657176653914311 0.0756960477223096 0.0838926500973771 0.0934488103039202 0.0902572048933619 0.0769410782883931 0.0523070926592328 0.0150159008682985 0 0 0 0 0
-9999 -9999 0.107340133787466 0.0189205451348303 0 0 0 0 0 0 0 0 0 0 0 0.11932977464438 0.280313809857462 0.326218721528758 0.350170487811015 0.400603772478165 0.471801619270575 0.549160421332064 0.59865290720387 0.632483904564413 0.6300771848636 0.630868443976255 0.632675616170736 0.631351770313075 0.630790687636876 0.630978451524581 0.632076318020922 0.599975542140245 0.553788303321255 0.489832469387863 0.425203982103887 0.360724743020965 0.295287698425551 0.242986697970292 0.193840509098249 0.155673002349043 0.129919396100518 0.107973691870549 0.0985329658195091 0.0915861875725381 0.0879557769041938 0.0868387473994309 0.0825942425705002 0.0796382990329603 0.0704432106461546 0.0609159413674197 0.0472172366915202 0.0243178727324216 8.74532024652819e-05 0 0 0 0 0 0 0
-9999 -9999 0.0579266150302945 0 0 0 0 0 0 0 0 0 0 0 0 0.118433438615924 0.349505948448522 0.41086077494705 0.415419998578303 0.449103472726721 0.525342897003837 0.610005795446046 0.643584477147663 0.631725530898952 0.626727035309573 0.627569322019945 0.629579058314455 0.625835046393632 0.622914102997028 0.622630248178557 0.624411796124834 0.622474749577925 0.592258277458517 0.536785020638166 0.479423443810193 0.423163997578023 0.360740289708575 0.318269589384712 0.270645939452586 0.23514870585609 0.211676835125762 0.18481643427515 0.173651580568185 0.158445106305597 0.146726142741073 0.137658796304128 0.121407714189892 0.105013861661107 0.079561602040752 0.0519781506605559 0.019232939882452 0 0 0 0 0 0 0 0 0
-9999 -9999 -9999 -9999 0 0 0.0681848408606832 0 0 0 0 0 0 0 0 0.119920105721726 0.392367486627851 0.446487839125543 0.405278060641444 0.441194870652391 0.54301822658451 0.634364337480752 0.641621792274425 0.627562915957894 0.620825284970991 0.621252944837573 0.621896201826979 0.615958886799079 0.609815252393395 0.608757147661508 0.612872932079986 0.618178035053052 0.619730069258946 0.593634367012439 0.546684503529425 0.494089800234071 0.441841658516686 0.397339135677954 0.357000145336852 0.321897797605645 0.292347431131351 0.26634468921388 0.245002973797551 0.225447831899046 0.206151153682055 0.184862297003599 0.161118100128639 0.133487620018423 0.0989601110615879 0.060032630399724 0.0126776790517873 0 0 0 0 0 0 0 0 0
-9999 -9999 -9999 -9999 0.0202188836039491 0 0.21570007231966 0.0529954888324207 0 0 0 0 0 0 0 0.134735914921386 0.417958505590986 0.459353387887474 0.457286812216285 0.496570927390879 0.540478051969914 0.637720565003116 0.638290640007859 0.621939497970497 0.614604336023311 0.615430055331827 0.614290659881499 0.605909542630454 0.596123288803308 0.594381281722795 0.600462622697499 0.60738382049697 0.610792287305531 0.614097815323892 0.608122029068612 0.574890858859853 0.523969238262772 0.485369274486554 0.443903797072393 0.408315874464841 0.377241803049058 0.34490274948476 0.319355395958525 0.290405261181699 0.261949511070864 0.231829876718592 0.19905577501268 0.164654064669754 0.122467739173419 0.0741282938325932 0.016642473059472 0 0 0 0 0 0 0 0 0
-9999 -9999 -9999 -9999 -9999 0.0255184121052229 0.275878405668279 0.0868986695329302 0 0 0 0 0 0 0 0.169347826435093 0.414225995608304 0.482640614807238 0.48487603517216 0.546982116332677 0.599029864645914 0.636933059851914 0.634794476418806 0.618126123860569 0.609880638406054 0.609930119712931 0.608115657861634 0.596501467363013 0.584033945219449 0.580864048997618 0.586894583273297 0.594758576687735 0.599057044324014 0.602518305919824 0.607974945395201 0.613233438744378 0.598066334869918 0.563870071124739 0.525756070892057 0.488908477920921 0.450867158452815 0.416882228893561 0.381755136017908 0.34800198165977 0.311652012247878 0.269926257371983 0.228797495300304 0.187855293479943 0.144993982629883 0.0926388278794504 0.0281112645092084 0 0 0 0 0 0 0 0 0
-9999 -9999 -9999 -9999 -9999 -9999 0.323203280368841 0.0994173570968724 0 0 0.017185405343931 0 0 0.00178093266883894 0.11867482399289 0.255613290316086 0.407613120220691 0.471067874428676 0.524949759852751 0.589519722840327 0.625154236626686 0.639399551438772 0.631526722076677 0.615609204170566 0.606857198016633 0.605480778270414 0.601404976515083 0.588460092299368 0.574466822894188 0.569830601158732 0.575241072807604 0.581802205740066 0.586212889911585 0.590370203284049 0.596618322770773 0.604224085614944 0.612087858130691 0.618888003447265 0.593839587401769 0.561172591268711 0.52147036734096 0.483267880544632 0.444023765678449 0.401756856518004 0.358127021077101 0.309261709027874 0.260558471196979 0.215223423236743 0.166529902085604 0.11282140817874 0.0511068883757577 0 0 0 0 0 0 0 0 0
-9999 -9999 -9999 -9999 -9999 -9999 -9999 0.0955585262692499 0.0905565543299872 0 0.0554398046412532 0.113351838685297 0.122398579065526 0.206803833012115 0.277139112714815 0.315832896812063 0.381751532847106 0.461457067701236 0.551800652061465 0.610152250528827 0.624989724498783 0.632887479116413 0.627469254912733 0.615102904369839 0.605691736520718 0.600516301079513 0.593564398361936 0.581223892965936 0.568709982097175 0.563997992110563 0.566565055803518 0.570027642791476 0.576749810869981 0.579859622647746 0.588114827644683 0.598237510178858 0.60561729366171 0.617291789503088 0.624444930928546 0.609094147404619 0.579729117599747 0.540418929311223 0.496109055843122 0.450727367820057 0.403098406102998 0.347799097386462 0.293205349175951 0.243038908929515 0.188848208595287 0.136413117959394 0.0835683721049831 0.0330192242318865 0 0 0 0 0 0 0 0
-9999 -9999 -9999 -9999 -9999 -9999 -9999 0.115849072550623 0.11077872893291 0 0.0318708720982924 0.230149135550814 0.231624836791735 0.338485601203776 0.384641903863517 0.354285295532345 0.359354388448622 0.42914144402229 0.538923013185662 0.603109746824803 0.611735987325948 0.618487796557557 0.621280778072692 0.611037484853004 0.601904649355068 0.595603955979787 0.587789443872226 0.575831755908452 0.565700458325313 0.562579601612976 0.566575438042014 0.571969784086413 0.576840821130844 0.581417621118309 0.591398486692594 0.604444100711595 0.616481754001662 0.627144092038968 0.635132451416673 0.641203315636309 0.616053042197013 0.588233630759975 0.546795921457295 0.49963465592583 0.450410992727198 0.395770993121047 0.33883215664033 0.285849433933382 0.229609550616455 0.179023738471746 0.133637515998128 0.0888596872329726 0.0533286395909257 0.0212024460911513 0 0 0 0 0 0
-9999 -9999 -9999 -9999 -9999 -9999 -9999 0.0414465117811245 0.228433463629953 0.0600630875074558 0.0509864870222906 0.141445755934461 0.361274215151431 0.445112940701244 0.489196791729796 0.385369395198241 0.289403490986962 0.39098170943781 0.511152021621226 0.590444825001789 0.605143324813334 0.603764181275718 0.609491777470577 0.608692645243615 0.596776265335136 0.589748594366402 0.581968984252085 0.568086605989997 0.561954458316267 0.560958426116668 0.567444895291431 0.581496923748527 0.579969851094763 0.586745255757899 0.598026993725938 0.61265534686894 0.636703924707413 0.636350486801146 0.646624484938941 0.658357298034852 0.642972615056788 0.617587531110701 0.588305213385506 0.545635749894415 0.497546217556916 0.444226261284566 0.394396147713422 0.338067907388579 0.282962932267166 0.235033660367778 0.19185584486913 0.154632151613568 0.119000050502057 0.0885120892091638 0.0622780903134968 0.0381612911588221 0.0178045879583032 0 0 0
-9999 -9999 -9999 -9999 -9999 -9999 -9999 -9999 0.17471041728813 0.19063586582783 0.103226275361945 0.121054146879168 0.235017784354475 0.227683963800254 0.273975003492761 0.452063883023496 0.376473989691653 0.389705577073576 0.456245811721841 0.525103179228785 0.599824212258936 0.600548904834318 0.603322664888262 0.608032158156278 0.589202974598602 0.577562497155703 0.568659396296841 0.555092682264787 0.548330310624444 0.548197550510903 0.556202477290465 0.569063199104751 0.571433442063653 0.577443653659721 0.588116153036832 0.601602901742593 0.618815769575172 0.620262214206569 0.626331847550628 0.639589303414699 0.656186968391682 0.64173715721965 0.613802517271126 0.584031081423189 0.539271583765621 0.49173616128568 0.444206698369324 0.394666400966372 0.344523280751351 0.300114426705468 0.260121220607954 0.222835340601953 0.190920711609401 0.160662711737402 0.135306712024498 0.114059960958319 0.092221787984318 0.0713920768132715 0.0498337442162466 0.0285267497355799
-9999 -9999 -9999 -9999 -9999 -9999 -9999 -9999 0.0792151937169101 0.340156004884497 0.193885167886645 0.0896074962325819 0.0439793560105685 0.0116811363760002 0.0256592927616855 0.250517643004201 0.47321979723097 0.404470524414877 0.374103076671267 0.441066048404581 0.581164620353682 0.599581322411934 0.603198908492918 0.606989074535408 0.576718443255799 0.561419220786964 0.549965402738312 0.535954240539127 0.526864480286018 0.526396616857597 0.534963730806814 0.545577250233317 0.551721547335075 0.556732413251174 0.566245194498346 0.576646209383706 0.583188345028706 0.588267247741761 0.585940080027685 0.602943977698184 0.632946879763796 0.645226039589881 0.632380714368568 0.604035094854063 0.573604629571604 0.530415283612978 0.490251323063216 0.447717399543073 0.406508442474473 0.366457454521343 0.325957167296289 0.290813750398646 0.260993130671402 0.233519931217506 0.209154255505344 0.185516035217591 0.164026237601779 0.147088380562381 0.133595669497311 0.118039653874963
-9999 -9999 -9999 -9999 -9999 -9999 -9999 -9999 -9999 0.123855646237365 0.255470193058612 0 0 0 0 0.0151595239636098 0.194853634907486 0.318809448111962 0.403967325537506 0.485066558690766 0.574737682579414 0.602628868228103 0.582773022399163 0.521968087631581 0.518681244260256 0.541342843217548 0.53021396714397 0.516603736069708 0.507914798302819 0.506304577208831 0.513126001225582 0.52424705169142 0.52963079459863 0.535632391145733 0.54489489417553 0.55550642551381 0.561965724149529 0.559187260408889 0.556745004476584 0.578102152658834 0.617629764500955 0.644437847395483 0.634985274843822 0.619622635704065 0.596332416502391 0.569380853659486 0.534488774878201 0.49982497329332 0.464791549210516 0.429787534278441 0.395363929017131 0.363715925717088 0.337188742204246 0.312178397179199 0.288981443708103 0.266299085596891 0.244733886546172 0.229207927853202 0.214988279586645 0.202908632869574
-9999 -9999 -9999 -9999 -9999 -9999 -9999 -9999 -9999 0 0.331062065662701 0 0 0 0 0 0 0 0.00167295622720287 0.108347589707565 0.233853796333926 0.552044955741779 0.545607595455552 0.416696130942537 0.377367824317238 0.434552395330815 0.492614541851322 0.474637884305918 0.482887016399486 0.480949868863492 0.486796673368552 0.500376782552402 0.500889187848108 0.50996054108403 0.521376473196459 0.535154587276198 0.548818717631167 0.545573494955563 0.536497651320013 0.562355610339879 0.613151485329863 0.646814934046573 0.629490437850806 0.602988605838391 0.589767475925858 0.59294163131075 0.577318344574391 0.546013534403333 0.516723445390773 0.486917206349568 0.455963362651302 0.432275263407466 0.406622840184135 0.387073269182024 0.366309113210399 0.342294403971029 0.324395632081616 0.307545613827214 0.293589481915643 0.28397061673574
