meets/meet004/_saidas_enm/CCSM_SVM_0k_Aralia_warmingiana3.asc
NCOLS 154 
NROWS 168 
XLLCORNER -112 
YLLCORNER -55.5 
CELLSIZE 0.5 
NODATA_value -9999 
[rows 50 to 74 of 168, columns 56 to 111 of 154]
-9999 -9999 -9999 -9999 -9999 -9999 -9999 -9999 -9999 -9999 -9999 -9999 -9999 0.123757529775547 0.123757509060713 0.123715719497897 0.121186024013359 0.116613880172666 0.115323099041451 0.109478359349649 0.102279635186439 0.0872829227140131 0.0739324877935386 0.0728008122628431 0.0803095069756514 0.0922737978728851 0.107393214716731 0.12124469214947 0.123368931975324 0.123684669779226 0.123725133988649 0.123612649590239 0.123004930894694 0.116603343443857 0.0901661314747471 0.103818807368028 0.121129532525197 0.224907283676921 0.333520031027039 0.371197507521791 0.432977160182117 0.414793545256921 0.384978393460073 0.28972791509892 0.180618019346277 0.116422483040892 0.105547262710808 0.0953367531372313 0.0857852811314029 0.0727400636678885 0.0720161194056363 0.0847852210198584 0.0603771595759231 0.0527404257489034 0.0617338449716612 0.0496691494870495
-9999 -9999 -9999 -9999 -9999 -9999 -9999 -9999 -9999 -9999 -9999 -9999 -9999 0.123757201362518 0.12375480186677 0.12363173476447 0.120060630599676 0.112935266066623 0.112811993978983 0.110491520919435 0.104880228974216 0.098209687351258 0.0801026673635548 0.0777426303938417 0.0935864658621303 0.113933524458348 0.121333432155904 0.123247105246794 0.123639087103975 0.123741962324278 0.123750975822354 0.123726550194247 0.123476715666325 0.122204062221713 0.0998263010791364 0.0855317248214421 0.0676547157252174 0.115684423853956 0.217336619576437 0.311316327718869 0.37949833865106 0.367946498282728 0.337172139524714 0.265049574260327 0.186089750581473 0.145127859379692 0.115649718744736 0.0940212671452795 0.0680147215526531 0.0624704231608442 0.0732975359848091 0.0762140001335662 0.0596853691737154 0.0587819433068922 0.0532343623579072 0.042540979300105
-9999 -9999 -9999 -9999 -9999 -9999 -9999 -9999 -9999 -9999 -9999 0.123756159976176 0.123698040005822 0.123602506206441 0.123594993336518 0.123533154572129 0.121935782834712 0.113043613755758 0.106167978356564 0.110201734964343 0.1082390148133 0.10877676564322 0.111552675614789 0.116508076386763 0.121255059227688 0.122849631531962 0.123561820161091 0.123720890922537 0.123753412475352 0.123757242138578 0.123757417747195 0.123754858928889 0.123653087288978 0.122908967548824 0.110423265146429 0.0804285740009187 0.0609168082022297 0.00643847447904899 0.0576150502635094 0.143083445756198 0.251018019989706 0.252948386627074 0.254323692393198 0.214991414219634 0.15927603201832 0.13357737992074 0.0834784156861665 0.0495583192075641 0.0332065530275593 0.0651356593171468 0.0778677901983036 0.0645791341948306 0.0690026325469049 0.0734155110602088 0.0489486253544216 0.0446874211979646
-9999 -9999 -9999 -9999 -9999 -9999 -9999 -9999 -9999 -9999 0.123753590999524 0.123650110914991 0.122352706720488 0.121943280870225 0.123139427922666 0.123628537306293 0.123565366334825 0.120672284220919 0.114967900986529 0.116799873256893 0.118009941170666 0.120464709562404 0.122503060047983 0.123357304884747 0.123627282548686 0.123710019430964 0.123750420326138 0.123757078971624 0.123757505589277 0.123757527150498 0.123757526532685 0.123757237260026 0.123714968093554 0.123051402455302 0.116620580012285 0.0816643592968246 0.0677435746527513 0.0217222258336521 -0.00730165139255645 0.0148129606303971 0.0605296948667861 0.0969985425281681 0.118608367961096 0.105636156732535 0.0711636272070187 0.0502628961780078 0.0441943380001067 0.0493801529300502 0.0752834251900725 0.0758715144611892 0.061103700950608 0.062397958693246 0.0790108279306183 0.0834512841538869 0.0411519738635477 0.0660429188464595
-9999 -9999 -9999 -9999 -9999 -9999 -9999 -9999 -9999 -9999 0.122649286070047 0.116886376982544 0.119106879666754 0.119905951777106 0.12258383741775 0.123540624170857 0.123714357935586 0.123585939406984 0.122902133767719 0.123022959466797 0.123241229958125 0.12361031399717 0.123723017142898 0.123744668156218 0.123753560620122 0.123756785075067 0.123757487371473 0.123757527994923 0.123757528681923 0.123757525935514 0.123757527743625 0.123757479496326 0.123743561256649 0.123301859835083 0.119470197074878 0.0889380981897812 0.075292683132882 0.0650554712286139 0.0404488437778465 0.024982784800257 0.0170606000377643 0.0178852988028759 0.0245633951916761 0.0291469388525296 0.0417599582022357 0.0604872831866079 0.0870648738839849 0.0850105406320084 0.0681446494479997 0.0594389237489916 0.0573064670276737 0.0701385681142205 0.0820496860681135 0.085748309006528 0.0279282477576382 0.0545324078748332
-9999 -9999 -9999 -9999 -9999 -9999 -9999 -9999 0.123672266703564 0.116620506390289 0.0877383967190464 0.102376175703394 0.1174666016109 0.120059961289058 0.121869610365605 0.123200196809879 0.123674345053257 0.123740358528205 0.123734091295339 0.123743284585545 0.123750311077903 0.123754323699265 0.123754874159228 0.123756154791515 0.123757344712611 0.123757343088527 0.123757329297327 0.123757071702696 0.123757006820433 0.123757160492024 0.123756894675565 0.123756242824755 0.123752699430166 0.123565299575608 0.121736637887695 0.104471893534505 0.0848329480733344 0.083421215274408 0.0806443349087506 0.0797571434695318 0.0784223787415869 0.0793809221112227 0.0755838715312712 0.0826739022959025 0.0975528250025335 0.0880196808855721 0.0724227527276826 0.0565338354666505 0.0487524924192116 0.0538633999431417 0.0685189300789362 0.0769313317463162 0.080726923713238 0.0846102959119225 0.0314237397017105 -0.00495381300272313
-9999 -9999 -9999 -9999 -9999 -9999 -9999 -9999 0.120420008861531 0.0872532041454374 0.141732727562123 0.110667586334522 0.115185978172488 0.119338026596064 0.120952699034986 0.122617357136175 0.123449432718293 0.123733130078773 0.123747892843007 0.123752127212383 0.123754191493534 0.123753987724406 0.123753384581283 0.12375026122491 0.123749209428197 0.123746578902201 0.123741833853215 0.12373898665441 0.123735097478147 0.123730535284491 0.123721286756319 0.123708858392221 0.123692851868197 0.12368947924051 0.123161773671773 0.117852527519802 0.105495164990802 0.0961684495601795 0.095195330843699 0.0995010852542925 0.103893126083144 0.107156259298041 0.10762302940169 0.0957623241739632 0.0768286140113713 0.057314632436391 0.0500144768337525 0.053494405090922 0.0671499881665191 0.0772650935671034 0.0810716925925433 0.0826011164145277 0.0856561702850405 0.0878340586504625 0.0609919721501599 -0.0212584319428845
-9999 -9999 -9999 -9999 -9999 -9999 -9999 0.122971602539372 0.107735809507657 0.0993135256454182 0.342880021093115 0.137612775013399 0.107012319818522 0.118519950683667 0.119383345615741 0.121716465424244 0.122879640970707 0.123567866039451 0.123579972842499 0.123666582850966 0.123702871096946 0.123692383974246 0.123679408877828 0.123656863825231 0.123652051277686 0.123653298443715 0.123622969822818 0.123554031516256 0.123528036271402 0.123553388447753 0.123592984054284 0.123543043196494 0.123505686886092 0.123486385846741 0.123486800736062 0.122379960204113 0.118832873636286 0.114390871337315 0.111456173209368 0.111485133454554 0.108642116900049 0.103686839748815 0.0956046930209979 0.0828393455280834 0.0778168257538099 0.0798049906372927 0.0835544327082311 0.0766586848298794 0.0658419692133096 0.0577016617341876 0.055200631432922 0.0572153296063785 0.0699582136870971 0.0899165108028934 0.0942413300971621 0.0371698465569653
-9999 -9999 -9999 -9999 -9999 -9999 -9999 0.119652673367613 0.0921049496775734 0.18918263212275 0.476825005192331 0.137081430328751 0.0999579557557793 0.119109560005108 0.118725942113653 0.1189433738796 0.121285642277243 0.122358323648102 0.122192954166355 0.122491900895895 0.122891232338229 0.122987457403107 0.123035504374877 0.122806980661923 0.122572068378556 0.122593100233937 0.122409814116885 0.122504506543035 0.122508806242191 0.122432774057782 0.122640825758771 0.122777485982861 0.122922988973847 0.123003498761951 0.123114604364417 0.123313915007063 0.122519793323682 0.120127484957887 0.117975492288621 0.117541554449799 0.115587152427022 0.115819426223587 0.112960373428273 0.106341604777767 0.0957783402372309 0.0850305785867338 0.0853811101470365 0.0802046583552591 0.074791682067205 0.0636950343062632 0.0565722079973273 0.0502842368240032 0.0557295324122827 0.0814050410341075 0.10051087530168 0.0819926000290874
-9999 -9999 -9999 -9999 -9999 -9999 0.123482381534112 0.113130854637198 0.0944519364528658 0.269329372361749 0.602257292758008 0.0897684839660267 0.106123483098922 0.121716536251193 0.119491722271211 0.115944387936803 0.115931292956843 0.116872542171908 0.115762168585445 0.116812342084426 0.118769853387687 0.118577850796282 0.117999771943473 0.116868679030066 0.117063618638422 0.117052068341832 0.117029946128514 0.116182901596221 0.115787066273638 0.117306931560046 0.117879175093188 0.119168672727973 0.119998785118696 0.120651303768655 0.121569061353921 0.121921871522382 0.122239691644969 0.122242128202166 0.122062216912173 0.121763715038971 0.120580210148607 0.117093699408971 0.109889248800774 0.0955575253189716 0.081760166255391 0.0748077376599559 0.0738918234195743 0.0750670612578735 0.0748560005915476 0.071427642754311 0.0701839624585835 0.0640912912674109 0.0680800450668756 0.0766589333310719 0.0932890326342427 0.0839794582644904
-9999 -9999 -9999 -9999 -9999 -9999 0.119404332129697 0.0987364655800786 0.095764000415578 0.167936861758782 0.369794574465812 0.00092835892300569 0.109187214247665 0.120421660042194 0.117706948376423 0.10960960136543 0.107934567813861 0.108218270427945 0.104102184002352 0.10217765835257 0.102154257716139 0.100126251750097 0.0981262560503123 0.0953773635372958 0.0952461073551268 0.0973634534796697 0.0963599601771222 0.0961128300843375 0.0963463876715984 0.0979409539000496 0.10120650207643 0.103583408040474 0.107009780537556 0.109634094101361 0.112299129871137 0.11413320135992 0.114362547938076 0.114593835707234 0.112837447377638 0.110056182377488 0.106605896120342 0.099911252728942 0.0926459075811619 0.0872554015227622 0.0888990587509846 0.0936593985443984 0.0974126673011262 0.0989483944780365 0.098899139541827 0.0978386512762358 0.0952099586625086 0.0906088834155195 0.0866670163984369 0.0839605483625091 0.0857700228259035 0.0789698790980199
-9999 -9999 -9999 -9999 -9999 -9999 0.107753538622449 0.0750243378229815 0.144033518922724 0.14577033190256 0.233141273574727 -0.0227413805625676 0.0993696496001621 0.116972866182176 0.114292361615353 0.10554046074067 0.102118093795278 0.0981935327015804 0.0908185635663107 0.0862680923648186 0.083810204326719 0.076948253441986 0.071107574693179 0.0684256045860216 0.0716300792576013 0.074713367505198 0.0743344751700503 0.0740869549677102 0.0751468323953548 0.0772272626091799 0.0796976890066007 0.0823591219529041 0.0854554513800942 0.0888194359277115 0.0935392269044062 0.0964092053229935 0.0961964272563243 0.093660788813907 0.0899200834409174 0.0870966180848299 0.0831377247515001 0.082879477056448 0.0846628247212492 0.0901057834936501 0.0967024819480533 0.102552436111246 0.104170915673917 0.104833427635429 0.104018488063848 0.101790976225221 0.098364525442638 0.0908808224505631 0.0795828613564767 0.0715656391685347 0.0740172412659212 0.0727180052686324
-9999 -9999 -9999 -9999 -9999 -9999 -9999 0.0457649055128957 0.175303889943151 0.241035095032837 0.222416854502931 -0.0153347510426205 0.0838656131989959 0.107166168998971 0.108516572416786 0.104075916597807 0.100010433710085 0.0908524945493778 0.0813090240754634 0.0747535450862093 0.0681634840578903 0.060491183380222 0.0547392484001641 0.0532659816675632 0.0558112464858683 0.0584896836598612 0.0582279196061616 0.058079251132669 0.0597791326827343 0.0602988248682956 0.0608944844382074 0.0612257885724786 0.0628094755339346 0.0636577313112101 0.0639724030255671 0.0644417206920727 0.0626974910964357 0.0617976015575672 0.0584526078148555 0.0573272869326051 0.0623454112179369 0.0688287214089158 0.0780175114571972 0.0857739284931755 0.0899081941776914 0.0938294926781077 0.0928993308259804 0.0917939544683432 0.0890037297864925 0.0841765709052036 0.0771348865115994 0.0646000114545734 0.0521625296885358 0.0436790585551489 0.0440124972510625 0.0462303589703987
-9999 -9999 -9999 -9999 -9999 -9999 -9999 -9999 0.183074143420705 0.268280386437943 0.434815332178854 0.0113494178005806 0.0670965638063635 0.0949670586145658 0.100436648450438 0.100563320132266 0.0958834961330732 0.0847455147135477 0.0736655202490305 0.0670049367533548 0.0588950814885459 0.0520576159320785 0.0454498355857389 0.0432722276109236 0.046091403396179 0.0487467842378906 0.0471095753331505 0.0468853746379859 0.0481777616639375 0.0503826546973117 0.0504236343433167 0.0510539318344433 0.051361427243477 0.050970791585028 0.0494161955091275 0.0473456394470746 0.0465464926474772 0.0450584913786808 0.0442768601081414 0.0457998480319182 0.050230389931081 0.0576328760298437 0.0635527675596089 0.0740069658756284 0.0822146258955486 0.0893231224419996 0.0890399890490748 0.0861692759571755 0.082368747864939 0.0763784338537263 0.0648376893866211 0.0479835931787699 0.0289763046803058 0.0145609025681042 0.0128038263115507 0.0142239554488307
-9999 -9999 -9999 -9999 -9999 -9999 0.0450191743176422 0.0968850201702047 0.235425374483458 0.218012554316718 0.227612470338699 0.00827733652375473 0.0564181922082498 0.0818860662443568 0.0879784796346973 0.0891554263098636 0.0872433628011248 0.0799890851171323 0.0681438002475527 0.0567299279777948 0.0464818650872639 0.0366324666672806 0.0302341800260834 0.0243232825617505 0.0194102527699362 0.0170485300766678 0.0136342891349251 0.0141838500354688 0.0159842854283333 0.0199192033209302 0.0259892379688585 0.0283230255986981 0.0318476086844039 0.0331250556286378 0.0329939525986277 0.0324172366354559 0.0295724932981008 0.0272187635729869 0.0244096235386596 0.0207056068055831 0.0263944672194282 0.0358708783398612 0.0513229970568147 0.0656314663387309 0.0744534926375494 0.0807841523397141 0.0792092027414849 0.0753308638760708 0.0697662657429897 0.0606610765503978 0.0493222538615147 0.0290488752820303 0.00822550067976802 -0.00906561224144498 -0.0174767978587409 -0.0105772307745393
-9999 -9999 -9999 -9999 -9999 0.050031919332186 0.0864355203495586 0.158840646274016 0.189408817198085 0.209371357009793 0.206457446911989 0.0267705698875368 0.0513804706243324 0.0720184817671205 0.0804957036717465 0.0754504318450621 0.0777267996061365 0.0676049755431928 0.0572782220164336 0.0407349256238242 0.0227892355729641 0.00918744482248374 0.00131263106022073 -0.0102902261318583 -0.0260153949954904 -0.0373312959091027 -0.0392448756679309 -0.0374945171407773 -0.0335648178832219 -0.0276083655876803 -0.0183926382465276 -0.0142818118893293 -0.00897186112766968 -0.00586346486841605 -0.00283716326057631 -0.000677528182120024 -0.00642466620982596 -0.00902005789362825 -0.00702511238097669 -0.00173587686194454 0.0111704135742771 0.0249241929076437 0.0414533240965098 0.0564316129722512 0.0656558540420598 0.0731113006275107 0.0695048443406743 0.0631356354372148 0.0570291779697185 0.050068801692786 0.0419491398872963 0.0232453621110013 0.00412713988696811 -0.0105756173440035 -0.0168135256532548 -0.00494871244724693
-9999 -9999 -9999 -9999 -9999 0.0586993803062725 0.131357870853152 0.194620850305613 0.214398958289157 0.216111270169696 0.160484453107173 0.0645633507128464 0.0512746695644153 0.0589812217306288 0.075899773084161 0.0843172655877073 0.0788677243646992 0.0608030194654529 0.0421607206025369 0.0153129580996773 -0.0077961301057462 -0.0256508381720283 -0.0400890796108252 -0.0542231491770162 -0.0660574087475645 -0.0708767683304904 -0.0695032235633054 -0.0637848518992739 -0.0560210125306443 -0.0491273448932686 -0.0438507336278099 -0.0425811028782692 -0.0429192864324603 -0.0418300634269644 -0.0415116633223614 -0.0411133240069925 -0.0434412984731298 -0.0415987055386955 -0.0347969934040991 -0.0242650462148696 -0.00699481635294452 0.010311476438517 0.0290341928278101 0.043641740628716 0.0515856112577049 0.0562850873224335 0.0540863623493369 0.049775463693368 0.044950024754057 0.0386676780781947 0.0320064949833965 0.0230464945807861 0.0146930109545861 0.0085951658745525 0.00577838025063171 0.00863295251197166
-9999 -9999 -9999 -9999 -9999 -9999 0.217529997773053 0.261546903474193 0.285521625404487 0.200243046482312 0.17236269099308 0.0978142489230413 0.0766665383781433 0.077052468455959 0.0870620494067847 0.10533954809911 0.0874762599406996 0.0618046032447488 0.0333356036485997 0.00435182534950607 -0.0150083016641505 -0.0350707707167658 -0.0483324721095477 -0.0573047483976645 -0.0553046878631276 -0.0476704870697825 -0.031313435169688 -0.0171782905091693 -0.000959317384928493 0.0108591499198609 0.010724266363175 0.0103380889274332 -0.00615270200608797 -0.0124839380983113 -0.0210787909787892 -0.0323748119473192 -0.0364148204462691 -0.0410983670352146 -0.0383044313389104 -0.0297107131179892 -0.0145626413950534 0.000860663115306248 0.0171628374113786 0.0294848323305361 0.0354826978473586 0.0407734862540771 0.0389419188133336 0.0370252514873398 0.0348163202556414 0.0319270120815998 0.0296165064848007 0.0292139630717784 0.0296558404702007 0.03161818818384 0.0340788508740091 0.0357880527926519
-9999 -9999 -9999 -9999 -9999 -9999 0.178503025372426 0.336941254961701 0.289038795499744 0.215994047326685 0.169392056771792 0.095753486176154 0.0492739638286162 0.0582844817920611 0.0744134436412489 0.0903674451228119 0.0887117196940221 0.0845844632767594 0.0674753650410767 0.0303180475628379 0.000721329278806748 -0.00400990339662877 0.00712176323319691 0.00967486518164862 0.0123485062011658 0.0291355596458523 0.0581606977671663 0.0888126783959032 0.104621544803596 0.114413643952282 0.118435569935541 0.112381955912718 0.0951297074695207 0.0807751011315414 0.0628218003200779 0.0423167046442595 0.0252357067692908 0.00814845130952974 -0.00146344358468908 -0.00539032387765104 -0.00485662403790166 0.00450760702287767 0.0131777585288745 0.020713131632658 0.025931659837958 0.0289500989397821 0.0304232674245205 0.0315498995996438 0.0331850332743346 0.0352730758540387 0.037770930052077 0.0397949151485129 0.0415098980843803 0.0448517676371505 0.0477444951671315 0.0494589910269767
-9999 -9999 -9999 -9999 -9999 -9999 0.0734781741493185 0.284379357021418 0.300568766815945 0.189739933555641 0.186698039388063 0.092159871372518 0.0195246406248054 0.0407583633604047 0.0635667638140253 0.0827216742684023 0.0868944975067229 0.100648492230024 0.0977932276991391 0.0609546985250433 0.0342173822903944 0.0617229576625683 0.106941880519141 0.125949995453789 0.128859339383986 0.135718280136192 0.185444629058238 0.222165767449995 0.24235903900187 0.261382464891269 0.249609068005008 0.270775426929397 0.238541199284377 0.229236072261559 0.22345671970137 0.176662710844594 0.165116071411154 0.114214951493133 0.0875676956278254 0.0765050338755126 0.0472716980873932 0.0473631778251062 0.0384060087108252 0.0361005184846034 0.0387735102160958 0.0367610522437064 0.0389985719811881 0.0411275233538929 0.0447876801394108 0.0491648481350737 0.0562759848360347 0.0534517035768877 0.0511042048174143 0.0514010716636178 0.050010999085539 0.0500051690495538
-9999 -9999 -9999 -9999 -9999 -9999 -9999 -9999 0.141156501667334 0.179781718203381 0.239036024200217 0.0728674180074357 0.0156846047877033 0.0347296123846481 0.0529083633930361 0.0750552343433649 0.0888931194814563 0.0995943958531169 0.099460160217392 0.0854859849541221 0.0963674910016963 0.144110845931998 0.197597002199227 0.224991185794854 0.226782796709943 0.245065223832985 0.283080465210394 0.32746569565104 0.340485127090513 0.346113641997485 0.351954760884137 0.353321845595532 0.34812748918913 0.338774156500322 0.326846014601715 0.303200042827935 0.271222945034444 0.233210958812244 0.199032655441551 0.16753254556216 0.138376147185637 0.118672484833304 0.102115870703537 0.0884982715210627 0.0807448514729424 0.074839305337386 0.0735810606507545 0.0741706396710181 0.0773623755945791 0.0819278548422087 0.0817123604921254 0.0763459249391939 0.0637510472756545 0.0551775525933759 0.0469731456374324 0.0410178539234376
-9999 -9999 -9999 -9999 -9999 -9999 -9999 -9999 0.0698028867288975 0.246821381156769 0.294253114490483 0.0521559282521121 0.0176155663608027 0.0394467397361191 0.0450596522033063 0.0707936236610304 0.0841187917253011 0.102595388084648 0.109184290995852 0.119816002541372 0.159883166714202 0.222437214582131 0.277970979984045 0.306045985025104 0.315474862540388 0.329056790179315 0.364581598400905 0.397627370059823 0.408987851777357 0.420302840884498 0.408950572997406 0.418355922158048 0.402697610886443 0.40027180091949 0.410912437841597 0.387222908838312 0.377606685435573 0.338284504170612 0.311760686917012 0.29092346334618 0.249165046806945 0.231924303896269 0.201798892962884 0.18126491051872 0.168608762352771 0.14886054238097 0.13738296825016 0.121649055598144 0.110290261251139 0.09857771746181 0.091699222837816 0.0786233028054134 0.0621021649816482 0.0496118403051454 0.0386430271026151 0.0362395836802397
-9999 -9999 -9999 -9999 -9999 -9999 -9999 -9999 -9999 0.251111718198066 0.259326525442706 -0.000702787249419301 0.0418121824553274 0.0525684186661509 0.0411801726154576 0.0615357305387535 0.0914208737302617 0.12192853256759 0.140577011938612 0.164535807413853 0.236515142133169 0.296075060081825 0.325317309469065 0.351945517851299 0.365461743096395 0.386009165969839 0.40994595467948 0.431231043684801 0.440460495774452 0.443764715373007 0.439411203459327 0.432396350927292 0.422334421214264 0.410945892666916 0.40950008696704 0.400661920503844 0.395476389516401 0.385239288526743 0.375024688769515 0.361354266451467 0.34357957807029 0.32415394723545 0.30469016059399 0.281477581672969 0.252240244761865 0.222623090852013 0.188785326220984 0.152295894236352 0.125163300884715 0.109053541228988 0.0934194003732481 0.0822393193354305 0.0675396322227325 0.0588418106020453 0.0469779311312856 0.0399440225271111
-9999 -9999 -9999 -9999 -9999 -9999 -9999 -9999 -9999 -9999 0.214780373539409 0.0697802132715135 0.0563492503034894 0.0429969465364831 0.0252520402156483 0.0515901343251985 0.132355626666056 0.211048122201472 0.223904200250247 0.263648753459063 0.320950803598962 0.357697806529627 0.371142687393603 0.382568624528366 0.40766563455056 0.424264717552518 0.43278180955411 0.435559217937184 0.435910339225183 0.449527157969302 0.454948631994269 0.442173174162484 0.418550615638023 0.401731985942128 0.396113686087816 0.380685285260004 0.382061452537628 0.378361545317448 0.384943812862154 0.397920475185911 0.398975129788458 0.398368601428225 0.386804822954915 0.366523770635257 0.338816018744252 0.296864996275497 0.243068043901007 0.184860982733573 0.144022686771716 0.111436270813316 0.0885237660810572 0.0753737999276667 0.0651735489943075 0.0620775222083191 0.052388392323603 0.0492022432185827
-9999 -9999 -9999 -9999 -9999 -9999 -9999 -9999 -9999 -9999 -9999 0.134545914638595 0.0495399159283307 0.00789460723625773 0.0235882190089239 0.0546522291880567 0.214689357974427 0.438908659754447 0.409687309667906 0.387278064644425 0.384656970081246 0.399368357623524 0.412802952773963 0.416589191319609 0.429083460631006 0.436806049510854 0.434685909145983 0.429470871001074 0.422157074151663 0.42535955335585 0.41771074691632 0.407457897776083 0.389952639513092 0.38132852658461 0.37494187712024 0.347851153042264 0.351095980996562 0.353541209695854 0.366439419865148 0.386534733359419 0.397418471304815 0.421794409763101 0.429478979534452 0.422106220177226 0.39645299806966 0.346997675212208 0.291313172937082 0.224689825086682 0.16878658370787 0.123859000746468 0.0886147351179912 0.0685333733762228 0.0482836490758037 0.0488506004865384 0.0619932008662292 0.0741800758488116
