meets/meet004/_saidas_enm/CCSM_Maxent_6k_Aralia_warmingiana4.asc
NCOLS 154 
NROWS 168 
XLLCORNER -112 
YLLCORNER -55.5 
CELLSIZE 0.5 
NODATA_value -9999 
[rows 100 to 124 of 168, columns 56 to 111 of 154]
-9999 -9999 -9999 -9999 -9999 -9999 -9999 -9999 -9999 -9999 -9999 -9999 -9999 -9999 -9999 -9999 -9999 -9999 -9999 -9999 -9999 -9999 -9999 -9999 -9999 -9999 -9999 -9999 0.0795096307992935 0.224321842193604 0.199735373258591 0.105004645884037 0.0794467329978943 0.0662394538521767 0.066211424767971 0.0723776891827583 0.0682869404554367 0.0705300942063332 0.119461610913277 0.195660620927811 0.310588210821152 0.500334501266479 0.496547937393188 0.210312828421593 0.158746376633644 0.158785536885262 0.147278800606728 0.155663475394249 0.131575345993042 0.132523104548454 0.143544971942902 0.13435660302639 0.137232780456543 0.16562531888485 0.218070909380913 0.285511672496796
-9999 -9999 -9999 -9999 -9999 -9999 -9999 -9999 -9999 -9999 -9999 -9999 -9999 -9999 -9999 -9999 -9999 -9999 -9999 -9999 -9999 -9999 -9999 -9999 -9999 -9999 -9999 -9999 0.0708047896623611 0.215016141533852 0.169852867722511 0.10403073579073 0.0788290500640869 0.0709000006318092 0.0683896243572235 0.066454291343689 0.0650357529520988 0.0695850551128387 0.123306505382061 0.213847219944 0.328586518764496 0.487261593341827 0.452818870544434 0.204597309231758 0.182720944285393 0.187661111354828 0.191574409604073 0.164742037653923 0.144022598862648 0.170733362436295 0.206806570291519 0.179090231657028 0.172338038682938 0.199749574065208 0.244314447045326 0.343854129314423
-9999 -9999 -9999 -9999 -9999 -9999 -9999 -9999 -9999 -9999 -9999 -9999 -9999 -9999 -9999 -9999 -9999 -9999 -9999 -9999 -9999 -9999 -9999 -9999 -9999 -9999 -9999 0.0458906032145023 0.0596081167459488 0.21150703728199 0.200466588139534 0.109363414347172 0.0833652094006538 0.0813331007957458 0.0697869509458542 0.0636573955416679 0.065924160182476 0.0800852328538895 0.144554972648621 0.242095053195953 0.353445827960968 0.494613736867905 0.450045853853226 0.229314520955086 0.203852698206902 0.236592218279839 0.250525116920471 0.230668619275093 0.203057751059532 0.216804414987564 0.22760683298111 0.209271550178528 0.180714517831802 0.202108532190323 0.262404471635818 0.342402815818787
-9999 -9999 -9999 -9999 -9999 -9999 -9999 -9999 -9999 -9999 -9999 -9999 -9999 -9999 -9999 -9999 -9999 -9999 -9999 -9999 -9999 -9999 -9999 -9999 -9999 -9999 -9999 0.042033962905407 0.0532407090067863 0.223378673195839 0.219433277845383 0.109350144863129 0.0888035595417023 0.0888303890824318 0.0665285661816597 0.0575771443545818 0.068386510014534 0.0928874611854553 0.169754013419151 0.252837479114532 0.3523830473423 0.482495993375778 0.453378707170486 0.250845491886139 0.249131977558136 0.289137035608292 0.293785452842712 0.324605107307434 0.298096865415573 0.294458270072937 0.290919214487076 0.25528547167778 0.213378772139549 0.22875103354454 0.294646561145782 0.368221163749695
-9999 -9999 -9999 -9999 -9999 -9999 -9999 -9999 -9999 -9999 -9999 -9999 -9999 -9999 -9999 -9999 -9999 -9999 -9999 -9999 -9999 -9999 -9999 -9999 -9999 -9999 -9999 0.0436277352273464 0.0540484748780727 0.212913617491722 0.243481382727623 0.110758058726788 0.08737713098526 0.0847758427262306 0.0616933554410934 0.0525741055607796 0.0719994306564331 0.0992919355630875 0.138184785842896 0.246604889631271 0.357545644044876 0.46883824467659 0.468542009592056 0.293639898300171 0.302786737680435 0.364244431257248 0.336277782917023 0.361285269260406 0.387961149215698 0.39910501241684 0.392978459596634 0.344464749097824 0.321174174547195 0.334927141666412 0.375773638486862 0.444854378700256
-9999 -9999 -9999 -9999 -9999 -9999 -9999 -9999 -9999 -9999 -9999 -9999 -9999 -9999 -9999 -9999 -9999 -9999 -9999 -9999 -9999 -9999 -9999 -9999 -9999 -9999 -9999 0.0404360964894295 0.0531620681285858 0.221701219677925 0.198894262313843 0.0980178937315941 0.0816033110022545 0.0746783837676048 0.0552937351167202 0.0452740900218487 0.0680100172758102 0.0775004476308823 0.142262265086174 0.254858553409576 0.364813208580017 0.465280294418335 0.485522657632828 0.356600552797318 0.359297424554825 0.392050385475159 0.378932058811188 0.402551919221878 0.431757837533951 0.450106769800186 0.472914785146713 0.452411442995071 0.436895430088043 0.452926248311996 0.471100777387619 0.516993880271912
-9999 -9999 -9999 -9999 -9999 -9999 -9999 -9999 -9999 -9999 -9999 -9999 -9999 -9999 -9999 -9999 -9999 -9999 -9999 -9999 -9999 -9999 -9999 -9999 -9999 -9999 -9999 0.047159880399704 0.0579165928065777 0.213089287281036 0.131697550415993 0.081034354865551 0.0728784576058388 0.0637304782867432 0.0488787442445755 0.0377778559923172 0.0587822832167149 0.0652185305953026 0.147690579295158 0.249404668807983 0.35434702038765 0.453336030244827 0.49480414390564 0.42928871512413 0.399807751178741 0.414187848567963 0.426492303609848 0.446997702121735 0.480394542217255 0.497915148735046 0.487437307834625 0.513280630111694 0.535280287265778 0.55309933423996 0.566506326198578 0.587080359458923
-9999 -9999 -9999 -9999 -9999 -9999 -9999 -9999 -9999 -9999 -9999 -9999 -9999 -9999 -9999 -9999 -9999 -9999 -9999 -9999 -9999 -9999 -9999 -9999 -9999 -9999 -9999 0.0646922662854195 0.0706713646650314 0.148418828845024 0.0825710818171501 0.0648965835571289 0.06557647138834 0.0591652616858482 0.0423168577253819 0.0292237736284733 0.0410009026527405 0.0594670511782169 0.144966691732407 0.249159336090088 0.351156920194626 0.438418090343475 0.484053820371628 0.470223277807236 0.459959656000137 0.455691069364548 0.463020890951157 0.493153274059296 0.53075510263443 0.547280371189117 0.540071368217468 0.570371687412262 0.59942227602005 0.623584866523743 0.631094992160797 0.627476274967194
-9999 -9999 -9999 -9999 -9999 -9999 -9999 -9999 -9999 -9999 -9999 -9999 -9999 -9999 -9999 -9999 -9999 -9999 -9999 -9999 -9999 -9999 -9999 -9999 -9999 -9999 -9999 0.0922480747103691 0.112050034105778 0.106183484196663 0.0423784665763378 0.0493635162711143 0.0580008290708065 0.0550097227096558 0.0379899181425571 0.019777262583375 0.0347165539860725 0.0665230304002762 0.137504652142525 0.24744775891304 0.356514811515808 0.427961260080338 0.470587521791458 0.486877411603928 0.488085091114044 0.491580277681351 0.472738951444626 0.490009546279907 0.533833742141724 0.587787449359894 0.578629016876221 0.592923581600189 0.608641505241394 0.618188858032227 0.629517912864685 0.636197209358215
-9999 -9999 -9999 -9999 -9999 -9999 -9999 -9999 -9999 -9999 -9999 -9999 -9999 -9999 -9999 -9999 -9999 -9999 -9999 -9999 -9999 -9999 -9999 -9999 -9999 -9999 -9999 0.132175415754318 0.14727658033371 0.0830884054303169 0.0470704212784767 0.0589257590472698 0.0614919140934944 0.0588348358869553 0.0415406040847301 0.0225108582526445 0.0415633991360664 0.0926948338747025 0.162090554833412 0.254488408565521 0.358938276767731 0.419361054897308 0.455602139234543 0.470204681158066 0.476845860481262 0.480778187513351 0.472532898187637 0.468269556760788 0.51185554265976 0.557060778141022 0.577836632728577 0.586452901363373 0.581497669219971 0.587590873241425 0.598274290561676 0.602705121040344
-9999 -9999 -9999 -9999 -9999 -9999 -9999 -9999 -9999 -9999 -9999 -9999 -9999 -9999 -9999 -9999 -9999 -9999 -9999 -9999 -9999 -9999 -9999 -9999 -9999 -9999 0.228940293192863 0.186249136924744 0.128462448716164 0.0693196952342987 0.0569246113300323 0.0824181511998177 0.0824823528528214 0.0693288445472717 0.0500525198876858 0.0259862057864666 0.0532887540757656 0.125557765364647 0.237952664494514 0.284461945295334 0.363305181264877 0.406087547540665 0.434702157974243 0.447434425354004 0.445564389228821 0.445348799228668 0.437663823366165 0.461424052715302 0.496361881494522 0.517890274524689 0.532684683799744 0.552380204200745 0.549944043159485 0.565025746822357 0.564208686351776 0.568035960197449
-9999 -9999 -9999 -9999 -9999 -9999 -9999 -9999 -9999 -9999 -9999 -9999 -9999 -9999 -9999 -9999 -9999 -9999 -9999 -9999 -9999 -9999 -9999 -9999 -9999 -9999 0.171767175197601 0.133618921041489 0.109988607466221 0.0578001737594604 0.0807504206895828 0.127617463469505 0.112630851566792 0.0807381346821785 0.0621062964200974 0.055490143597126 0.0887440070509911 0.176843121647835 0.266839683055878 0.316782981157303 0.333509862422943 0.374489784240723 0.394682645797729 0.407699435949326 0.404120445251465 0.40034344792366 0.417348355054855 0.440389782190323 0.469074159860611 0.494030088186264 0.508814215660095 0.519983947277069 0.523593783378601 0.534340500831604 0.536684393882751 0.536328554153442
-9999 -9999 -9999 -9999 -9999 -9999 -9999 -9999 -9999 -9999 -9999 -9999 -9999 -9999 -9999 -9999 -9999 -9999 -9999 -9999 -9999 -9999 -9999 -9999 -9999 -9999 0.126974999904633 0.0975339636206627 0.0898911207914352 0.0698862299323082 0.0956479385495186 0.161293044686317 0.13666108250618 0.101525969803333 0.090416707098484 0.0819522440433502 0.145209684967995 0.213162243366241 0.271454066038132 0.337267577648163 0.356512576341629 0.360935032367706 0.359907627105713 0.359689176082611 0.36978417634964 0.370454668998718 0.401264846324921 0.425131142139435 0.442268788814545 0.463884711265564 0.477770507335663 0.489669531583786 0.491891503334045 0.503929376602173 0.498777955770493 0.496389508247375
-9999 -9999 -9999 -9999 -9999 -9999 -9999 -9999 -9999 -9999 -9999 -9999 -9999 -9999 -9999 -9999 -9999 -9999 -9999 -9999 -9999 -9999 -9999 -9999 -9999 -9999 0.104678981006145 0.0706828385591507 0.0555634237825871 0.0706250444054604 0.136155232787132 0.174328207969666 0.151318252086639 0.146342411637306 0.152760714292526 0.146903604269028 0.203244686126709 0.254482328891754 0.297009110450745 0.34764638543129 0.39020773768425 0.391245365142822 0.374974191188812 0.373007982969284 0.396707862615585 0.41639244556427 0.407604187726974 0.391914129257202 0.398852616548538 0.416439831256866 0.439158797264099 0.453045189380646 0.46050351858139 0.466937363147736 0.458638250827789 0.453071177005768
-9999 -9999 -9999 -9999 -9999 -9999 -9999 -9999 -9999 -9999 -9999 -9999 -9999 -9999 -9999 -9999 -9999 -9999 -9999 -9999 -9999 -9999 -9999 -9999 -9999 0.174644321203232 0.0947291776537895 0.0532953627407551 0.0329916588962078 0.0787373483181 0.157123163342476 0.165379047393799 0.172289043664932 0.217162474989891 0.180822387337685 0.154538512229919 0.226779088377953 0.304316848516464 0.318955183029175 0.376284241676331 0.366277635097504 0.396464794874191 0.390537261962891 0.403460919857025 0.407533317804337 0.399505198001862 0.427704513072968 0.374233603477478 0.359107375144958 0.371275246143341 0.398388743400574 0.417940348386765 0.428906917572021 0.426257520914078 0.417018383741379 0.408205658197403
-9999 -9999 -9999 -9999 -9999 -9999 -9999 -9999 -9999 -9999 -9999 -9999 -9999 -9999 -9999 -9999 -9999 -9999 -9999 -9999 -9999 -9999 -9999 -9999 -9999 0.132238999009132 0.0981772691011429 0.0564046986401081 0.0433668233454227 0.0929621011018753 0.147664576768875 0.159890428185463 0.201484620571136 0.243395000696182 0.210348963737488 0.19577668607235 0.235709488391876 0.31087988615036 0.354699045419693 0.363336861133575 0.354157000780106 0.365655660629272 0.375410944223404 0.380679398775101 0.370038956403732 0.365855902433395 0.392401963472366 0.351862072944641 0.335684388875961 0.337746679782867 0.370018064975739 0.381612300872803 0.391135483980179 0.392240464687347 0.381548225879669 0.369226932525635
-9999 -9999 -9999 -9999 -9999 -9999 -9999 -9999 -9999 -9999 -9999 -9999 -9999 -9999 -9999 -9999 -9999 -9999 -9999 -9999 -9999 -9999 -9999 -9999 -9999 0.114763922989368 0.0999967753887177 0.0424262620508671 0.0515184178948402 0.108704745769501 0.138257279992104 0.149191364645958 0.21527136862278 0.271205246448517 0.236458614468575 0.201974749565125 0.230809211730957 0.29054856300354 0.324637889862061 0.319034039974213 0.331541180610657 0.343339473009109 0.343684524297714 0.353944569826126 0.346159636974335 0.335451632738113 0.362819761037827 0.317601680755615 0.304406613111496 0.315071523189545 0.343460500240326 0.348677337169647 0.353634655475616 0.35718709230423 0.345408767461777 0.334001153707504
-9999 -9999 -9999 -9999 -9999 -9999 -9999 -9999 -9999 -9999 -9999 -9999 -9999 -9999 -9999 -9999 -9999 -9999 -9999 -9999 -9999 -9999 -9999 -9999 -9999 0.0877161175012589 0.0968375653028488 0.0395689196884632 0.0517120249569416 0.102749936282635 0.116852320730686 0.149372145533562 0.205992162227631 0.26288715004921 0.240676701068878 0.210250586271286 0.219128474593163 0.249076530337334 0.273125886917114 0.276511251926422 0.280564665794373 0.309327214956284 0.299923688173294 0.295314490795135 0.308660447597504 0.319954544305801 0.304854243993759 0.287946939468384 0.290211200714111 0.295743554830551 0.307443976402283 0.314820647239685 0.322775185108185 0.325499206781387 0.312915980815887 0.300038456916809
-9999 -9999 -9999 -9999 -9999 -9999 -9999 -9999 -9999 -9999 -9999 -9999 -9999 -9999 -9999 -9999 -9999 -9999 -9999 -9999 -9999 -9999 -9999 -9999 -9999 0.0744407325983047 0.0777636021375656 0.0386959575116634 0.0456264540553093 0.0882149487733841 0.117094449698925 0.16291332244873 0.211071893572807 0.264144837856293 0.226360112428665 0.198525935411453 0.200419843196869 0.211233720183372 0.228135243058205 0.232223242521286 0.240655288100243 0.277331084012985 0.255817264318466 0.249113470315933 0.250357031822205 0.24055840075016 0.260856449604034 0.264988243579865 0.273158311843872 0.277179479598999 0.276645421981812 0.287546068429947 0.294901549816132 0.298638641834259 0.284947454929352 0.271944373846054
-9999 -9999 -9999 -9999 -9999 -9999 -9999 -9999 -9999 -9999 -9999 -9999 -9999 -9999 -9999 -9999 -9999 -9999 -9999 -9999 -9999 -9999 -9999 -9999 -9999 0.0754241794347763 0.0653904750943184 0.0420563332736492 0.0407215282320976 0.0786132663488388 0.117793023586273 0.159169673919678 0.219952002167702 0.250134766101837 0.213519170880318 0.183910712599754 0.185658469796181 0.194911777973175 0.207666039466858 0.213381096720695 0.223235040903091 0.24380624294281 0.20466884970665 0.197201907634735 0.208331018686295 0.226998329162598 0.233101770281792 0.23580627143383 0.249224171042442 0.254643559455872 0.254306197166443 0.261663615703583 0.268913775682449 0.278933614492416 0.266001909971237 0.253931730985641
-9999 -9999 -9999 -9999 -9999 -9999 -9999 -9999 -9999 -9999 -9999 -9999 -9999 -9999 -9999 -9999 -9999 -9999 -9999 -9999 -9999 -9999 -9999 -9999 -9999 0.0685441792011261 0.0584345012903214 0.0385391861200333 0.0355647131800652 0.0733796060085297 0.108906984329224 0.150752887129784 0.202325358986855 0.233656734228134 0.202146947383881 0.17944809794426 0.18112875521183 0.186527043581009 0.195372819900513 0.201347053050995 0.21124854683876 0.206615924835205 0.173010349273682 0.179791927337646 0.200052991509438 0.213236525654793 0.225776612758636 0.223410069942474 0.231481060385704 0.228992283344269 0.233317777514458 0.243946239352226 0.250395566225052 0.263548374176025 0.250143796205521 0.238815978169441
-9999 -9999 -9999 -9999 -9999 -9999 -9999 -9999 -9999 -9999 -9999 -9999 -9999 -9999 -9999 -9999 -9999 -9999 -9999 -9999 -9999 -9999 -9999 -9999 -9999 0.0685686618089676 0.0569450445473194 0.0341742970049381 0.0323503501713276 0.0653157010674477 0.0959223136305809 0.129893511533737 0.169193878769875 0.190252512693405 0.197332501411438 0.185260236263275 0.179803222417831 0.167810469865799 0.165187746286392 0.183288380503654 0.191823676228523 0.178383886814117 0.160453259944916 0.167903393507004 0.181787878274918 0.203459575772285 0.205903619527817 0.204625859856606 0.211248248815536 0.212235942482948 0.214728087186813 0.226873829960823 0.239519134163857 0.253390222787857 0.239461705088615 0.227295026183128
-9999 -9999 -9999 -9999 -9999 -9999 -9999 -9999 -9999 -9999 -9999 -9999 -9999 -9999 -9999 -9999 -9999 -9999 -9999 -9999 -9999 -9999 -9999 -9999 -9999 0.0729852840304375 0.0604511648416519 0.0368574000895023 0.027474332600832 0.0564417466521263 0.0831360071897507 0.108441792428493 0.13324698805809 0.15678246319294 0.16077895462513 0.152043059468269 0.155736654996872 0.148875847458839 0.148783639073372 0.178848221898079 0.181657284498215 0.171759203076363 0.154205724596977 0.156610429286957 0.173466682434082 0.189341932535172 0.192470774054527 0.186194956302643 0.19364707171917 0.19463349878788 0.201410844922066 0.215031281113625 0.225861206650734 0.240285009145737 0.231997683644295 0.220733001828194
-9999 -9999 -9999 -9999 -9999 -9999 -9999 -9999 -9999 -9999 -9999 -9999 -9999 -9999 -9999 -9999 -9999 -9999 -9999 -9999 -9999 -9999 -9999 -9999 -9999 0.0777712985873222 0.058293804526329 0.0389454290270805 0.021492600440979 0.0444290973246098 0.0792215615510941 0.0995376333594322 0.11768239736557 0.133314162492752 0.143247738480568 0.152591779828072 0.148330494761467 0.143820703029633 0.153037324547768 0.176778569817543 0.18547098338604 0.176318719983101 0.152000829577446 0.152024745941162 0.163025468587875 0.176229923963547 0.17661640048027 0.171095699071884 0.178920894861221 0.184588417410851 0.194325849413872 0.207034230232239 0.206888884305954 0.233149453997612 0.220396667718887 0.216075330972672
-9999 -9999 -9999 -9999 -9999 -9999 -9999 -9999 -9999 -9999 -9999 -9999 -9999 -9999 -9999 -9999 -9999 -9999 -9999 -9999 -9999 -9999 -9999 -9999 0.0622856840491295 0.0807448923587799 0.0590502098202705 0.0360159166157246 0.0202867388725281 0.0323208495974541 0.0664344951510429 0.0911396965384483 0.112761475145817 0.122347429394722 0.133386790752411 0.140972167253494 0.137802943587303 0.134179100394249 0.142809242010117 0.172593995928764 0.183485344052315 0.17888617515564 0.152724385261536 0.146896183490753 0.15671868622303 0.167601048946381 0.162876337766647 0.160518690943718 0.173054218292236 0.187087088823318 0.200537279248238 0.206950575113297 0.210511460900307 0.218500912189484 0.192835494875908 0.17747887969017
