meets/meet004/_saidas_enm/CCSM_Maxent_6k_Aralia_warmingiana4.asc
NCOLS 154 
NROWS 168 
XLLCORNER -112 
YLLCORNER -55.5 
CELLSIZE 0.5 
NODATA_value -9999 
[rows 75 to 99 of 168, columns 56 to 111 of 154]
-9999 -9999 -9999 -9999 -9999 -9999 -9999 -9999 -9999 -9999 -9999 0.384172320365906 0.290835678577423 0.299478203058243 0.306720167398453 0.338051736354828 0.446699678897858 0.569003343582153 0.582068204879761 0.516617834568024 0.472087055444717 0.405663728713989 0.35847133398056 0.326217353343964 0.32643723487854 0.321486681699753 0.307834595441818 0.291504263877869 0.274590492248535 0.262656360864639 0.246893316507339 0.228302627801895 0.211598843336105 0.202531203627586 0.201683506369591 0.201207652688026 0.199549823999405 0.196422383189201 0.198942735791206 0.204980820417404 0.209898725152016 0.215358272194862 0.218687489628792 0.22610230743885 0.232694029808044 0.230229333043098 0.223721906542778 0.211630195379257 0.199262350797653 0.184531345963478 0.173238664865494 0.170212984085083 0.16973389685154 0.174608573317528 0.178223207592964 0.167969554662704
-9999 -9999 -9999 -9999 -9999 -9999 -9999 -9999 -9999 -9999 -9999 0.438508599996567 0.350800901651382 0.320063024759293 0.307817310094833 0.300324499607086 0.365615457296371 0.432916879653931 0.523290514945984 0.594824492931366 0.518694341182709 0.454190045595169 0.396604150533676 0.339681386947632 0.340102285146713 0.321862161159515 0.310643553733826 0.293533354997635 0.273677170276642 0.261855185031891 0.246177360415459 0.225369542837143 0.210946783423424 0.204071372747421 0.208952143788338 0.2170440107584 0.21023952960968 0.20979468524456 0.212972432374954 0.221111729741096 0.23644158244133 0.227027714252472 0.229523107409477 0.237259194254875 0.246291980147362 0.267865359783173 0.257043302059174 0.239611372351646 0.227013036608696 0.211602360010147 0.199757128953934 0.195246249437332 0.190530195832253 0.184347674250603 0.167597904801369 0.148755103349686
-9999 -9999 -9999 -9999 -9999 -9999 -9999 -9999 -9999 -9999 -9999 -9999 0.403794378042221 0.339470446109772 0.31059655547142 0.290341734886169 0.283041656017303 0.291650623083115 0.355830371379852 0.480209827423096 0.595119714736938 0.586050391197205 0.43974107503891 0.344415098428726 0.347517907619476 0.347855389118195 0.328309297561646 0.298126727342606 0.271352142095566 0.254572302103043 0.238953351974487 0.219731763005257 0.206843763589859 0.20158463716507 0.206566631793976 0.214684560894966 0.212233200669289 0.211543783545494 0.214063540101051 0.220654040575027 0.2275011241436 0.215645208954811 0.208489462733269 0.215214923024178 0.234046965837479 0.257243484258652 0.262222677469254 0.256902515888214 0.250606268644333 0.238392382860184 0.224186450242996 0.216869741678238 0.204881638288498 0.18765664100647 0.169169500470161 0.140031054615974
-9999 -9999 -9999 -9999 -9999 -9999 -9999 -9999 -9999 -9999 -9999 -9999 0.448499023914337 0.339185327291489 0.290792405605316 0.238292261958122 0.198334455490112 0.165107697248459 0.195781111717224 0.308282494544983 0.451838344335556 0.576848149299622 0.5410315990448 0.351345241069794 0.39618319272995 0.397918492555618 0.347868353128433 0.304296314716339 0.266452610492706 0.247092232108116 0.228279873728752 0.211034372448921 0.199466049671173 0.194363161921501 0.198990404605865 0.203485101461411 0.204242408275604 0.203814908862114 0.205055639147758 0.208283737301826 0.204786092042923 0.192175805568695 0.171654969453812 0.177955940365791 0.207742765545845 0.232541635632515 0.257853329181671 0.266853898763657 0.270031899213791 0.261542677879333 0.242195591330528 0.230641961097717 0.214795887470245 0.195263639092445 0.160610049962997 0.130108669400215
-9999 -9999 -9999 -9999 -9999 -9999 -9999 -9999 -9999 -9999 -9999 -9999 -9999 0.432898074388504 0.282496452331543 0.183893948793411 0.137540072202682 0.118859991431236 0.12296300381422 0.167860761284828 0.256475746631622 0.401909947395325 0.547709465026855 0.465548485517502 0.403175503015518 0.395298480987549 0.35202944278717 0.296359956264496 0.25468373298645 0.236204892396927 0.21975927054882 0.202741697430611 0.192559704184532 0.187001079320908 0.189074903726578 0.195172503590584 0.194341868162155 0.194611683487892 0.19578905403614 0.199158892035484 0.194242462515831 0.175745651125908 0.157136604189873 0.163451969623566 0.190492749214172 0.223990306258202 0.260295450687408 0.284635782241821 0.296662092208862 0.289282113313675 0.26967716217041 0.252403050661087 0.217017352581024 0.182264238595963 0.149801269173622 0.12255734950304
-9999 -9999 -9999 -9999 -9999 -9999 -9999 -9999 -9999 -9999 -9999 -9999 -9999 0.424597978591919 0.276286482810974 0.124642625451088 0.106673292815685 0.0966128259897232 0.0831093043088913 0.0900378003716469 0.096982941031456 0.178034663200378 0.328894674777985 0.421153455972672 0.411791265010834 0.396010965108871 0.328304439783096 0.279890805482864 0.222471505403519 0.214261010289192 0.208370387554169 0.174071401357651 0.179474160075188 0.173837766051292 0.179528743028641 0.178751707077026 0.181225433945656 0.179878383874893 0.182861059904099 0.187284290790558 0.18950366973877 0.181248143315315 0.150621965527534 0.155994355678558 0.185277029871941 0.224087998270988 0.264719605445862 0.307486683130264 0.328011333942413 0.315403133630753 0.304636508226395 0.257456332445145 0.212876409292221 0.177774623036385 0.148261353373528 0.123513244092464
-9999 -9999 -9999 -9999 -9999 -9999 -9999 -9999 -9999 -9999 -9999 -9999 -9999 -9999 0.323509603738785 0.165215015411377 0.118264585733414 0.0944957733154297 0.0740698277950287 0.0619512982666492 0.0560102872550488 0.0590564794838428 0.0662406831979752 0.090673953294754 0.14921610057354 0.249762013554573 0.328632235527039 0.24174776673317 0.17877222597599 0.178510367870331 0.147747859358788 0.153886258602142 0.148648098111153 0.146313473582268 0.157340541481972 0.160455390810966 0.155403509736061 0.155918955802917 0.162691116333008 0.176855355501175 0.18250747025013 0.181194841861725 0.16945007443428 0.174292340874672 0.189087450504303 0.22200371325016 0.262437701225281 0.301351428031921 0.308132082223892 0.293252021074295 0.263430863618851 0.229932814836502 0.193783432245255 0.168362557888031 0.148331955075264 0.124995961785316
-9999 -9999 -9999 -9999 -9999 -9999 -9999 -9999 -9999 -9999 -9999 -9999 -9999 -9999 0.406071871519089 0.213974058628082 0.173952758312225 0.111473210155964 0.0757365301251411 0.0507229864597321 0.0342893376946449 0.0199205987155437 0.00798094552010298 0.00749668106436729 0.0172552242875099 0.0333294346928596 0.0879460126161575 0.265817999839783 0.226629137992859 0.245120540261269 0.12465763092041 0.14306329190731 0.136539295315742 0.125639870762825 0.138972654938698 0.138480380177498 0.125833660364151 0.12430265545845 0.139329165220261 0.160582304000854 0.17499566078186 0.174328610301018 0.17357012629509 0.187147468328476 0.193388715386391 0.216765850782394 0.25362166762352 0.280517399311066 0.272108793258667 0.255661755800247 0.227696403861046 0.213997393846512 0.183469265699387 0.165648624300957 0.150879368185997 0.131274729967117
-9999 -9999 -9999 -9999 -9999 -9999 -9999 -9999 -9999 -9999 -9999 -9999 -9999 -9999 -9999 0.446822583675385 0.290998548269272 0.147387593984604 0.0831944048404694 0.0512648299336433 0.0284289512783289 0.0132536562159657 0.00495594553649426 0.00300827133469284 0.00269282283261418 0.00266699912026525 0.00561226531863213 0.0121748065575957 0.0411558337509632 0.179306998848915 0.358028054237366 0.276359975337982 0.164054691791534 0.106900125741959 0.110202379524708 0.109434701502323 0.112617917358875 0.117350108921528 0.123359546065331 0.128209039568901 0.137102201581001 0.157958164811134 0.164305910468102 0.17391337454319 0.205361664295197 0.21781899034977 0.246932879090309 0.259320050477982 0.263213336467743 0.249993339180946 0.233598232269287 0.215763449668884 0.194055944681168 0.177572667598724 0.162363559007645 0.150221019983292
-9999 -9999 -9999 -9999 -9999 -9999 -9999 -9999 -9999 -9999 -9999 -9999 -9999 -9999 -9999 0.574651896953583 0.399957418441772 0.239460662007332 0.120099782943726 0.068988136947155 0.0331839621067047 0.0160109959542751 0.00766511633992195 0.00373845035210252 0.00160977407358587 0.000533241895027459 0.000991343520581722 0.000731771404389292 0.00245614140294492 0.0316098779439926 0.148218810558319 0.390249878168106 0.25697648525238 0.124662011861801 0.112364120781422 0.0966487377882004 0.0964585542678833 0.101097658276558 0.0981166884303093 0.0897760987281799 0.0913084074854851 0.121518313884735 0.153067275881767 0.160078644752502 0.191168785095215 0.21777568757534 0.240145564079285 0.241096347570419 0.245472609996796 0.229498893022537 0.212075561285019 0.197997614741325 0.188261389732361 0.171580076217651 0.154135167598724 0.157908648252487
-9999 -9999 -9999 -9999 -9999 -9999 -9999 -9999 -9999 -9999 -9999 -9999 -9999 -9999 -9999 0.440342098474503 0.39635294675827 0.286699920892715 0.184281527996063 0.110666871070862 0.0590624958276749 0.0309273414313793 0.019324267283082 0.0125350626185536 0.00689271418377757 0.0042263213545084 0.00274317828007042 0.00207293289713562 0.00396337453275919 0.0163641590625048 0.0651182532310486 0.226216062903404 0.46051350235939 0.2429528683424 0.168667420744896 0.123807512223721 0.112279832363129 0.091822549700737 0.0801641941070557 0.0694474056363106 0.0647117793560028 0.104754224419594 0.146561875939369 0.15333403646946 0.175959214568138 0.218504682183266 0.229150682687759 0.225327968597412 0.220579147338867 0.207314983010292 0.202464669942856 0.168190628290176 0.146266639232635 0.128750890493393 0.109791494905949 0.103276714682579
-9999 -9999 -9999 -9999 -9999 -9999 -9999 -9999 -9999 -9999 -9999 -9999 -9999 -9999 -9999 -9999 0.304401814937592 0.269870519638062 0.226005107164383 0.176275506615639 0.0610228180885315 0.0474407896399498 0.0342947542667389 0.0299896989017725 0.0237453915178776 0.0208533592522144 0.0106274746358395 0.00847306102514267 0.0102369310334325 0.0165723729878664 0.0356482677161694 0.101251162588596 0.280740052461624 0.425934731960297 0.306707292795181 0.195019260048866 0.14775849878788 0.107014037668705 0.091120570898056 0.079791322350502 0.0673275515437126 0.118671484291553 0.145713835954666 0.152685344219208 0.175530657172203 0.207280874252319 0.199445903301239 0.183487966656685 0.168672546744347 0.151056721806526 0.153078064322472 0.113867029547691 0.0926658287644386 0.0796181410551071 0.0661122724413872 0.0641921833157539
-9999 -9999 -9999 -9999 -9999 -9999 -9999 -9999 -9999 -9999 -9999 -9999 -9999 -9999 -9999 -9999 -9999 0.347518175840378 0.230106860399246 0.216200232505798 0.167449608445168 0.115169018507004 0.0750664249062538 0.0467892438173294 0.0347296595573425 0.0237540621310472 0.0164389405399561 0.0144725069403648 0.0148880211636424 0.0197526849806309 0.0208829082548618 0.0409549064934254 0.0891585201025009 0.202449589967728 0.385482728481293 0.350888788700104 0.230097219347954 0.173595428466797 0.138050988316536 0.14419949054718 0.163715571165085 0.166569352149963 0.16240568459034 0.165969908237457 0.178452745079994 0.174906626343727 0.155824854969978 0.124231174588203 0.103573687374592 0.0873022750020027 0.068227119743824 0.059305977076292 0.0482402443885803 0.0434657819569111 0.0422921851277351 0.0430572666227818
-9999 -9999 -9999 -9999 -9999 -9999 -9999 -9999 -9999 -9999 -9999 -9999 -9999 -9999 -9999 -9999 -9999 -9999 -9999 0.138123363256454 0.189682692289352 0.171636581420898 0.122193686664104 0.0772900208830833 0.0552373565733433 0.0343366153538227 0.0260465145111084 0.0235746521502733 0.0219563953578472 0.0241593942046165 0.0178926512598991 0.0229125916957855 0.0297455713152885 0.059961412101984 0.174333184957504 0.370235651731491 0.34725633263588 0.241915315389633 0.17636214196682 0.184784203767776 0.193277612328529 0.19156676530838 0.186180397868156 0.184583827853203 0.167298331856728 0.149169981479645 0.141026899218559 0.10508381575346 0.0814066305756569 0.0617105327546597 0.0430487021803856 0.0384583845734596 0.032483272254467 0.0304534491151571 0.0324379689991474 0.0343941226601601
-9999 -9999 -9999 -9999 -9999 -9999 -9999 -9999 -9999 -9999 -9999 -9999 -9999 -9999 -9999 -9999 -9999 -9999 -9999 -9999 -9999 0.201542168855667 0.231034323573112 0.164646998047829 0.0932995602488518 0.0507388934493065 0.036145556718111 0.0328770205378532 0.0332677736878395 0.0270535498857498 0.0276972223073244 0.0210240446031094 0.0148215889930725 0.0200302619487047 0.0531880930066109 0.131864756345749 0.290276676416397 0.401687562465668 0.247338682413101 0.26460787653923 0.218459352850914 0.198373556137085 0.200275033712387 0.160759970545769 0.15310525894165 0.142249062657356 0.134059935808182 0.121768765151501 0.0923404693603516 0.0606133639812469 0.0426839962601662 0.0356054790318012 0.0322660021483898 0.0311756450682878 0.0300381872802973 0.0345953889191151
-9999 -9999 -9999 -9999 -9999 -9999 -9999 -9999 -9999 -9999 -9999 -9999 -9999 -9999 -9999 -9999 -9999 -9999 -9999 -9999 -9999 -9999 -9999 0.273831605911255 0.201608285307884 0.1207395195961 0.077700600028038 0.0520187243819237 0.04656782746315 0.0411765985190868 0.0382870323956013 0.0288434810936451 0.0148077737540007 0.0136221395805478 0.0215965062379837 0.0400772169232368 0.10623225569725 0.26146337389946 0.407839208841324 0.380333036184311 0.26970037817955 0.207165196537971 0.171629220247269 0.150376364588737 0.142674833536148 0.142305910587311 0.138905018568039 0.134472265839577 0.106267690658569 0.071320503950119 0.0488296635448933 0.0408632084727287 0.0364302136003971 0.0328579321503639 0.0310880094766617 0.0324128270149231
-9999 -9999 -9999 -9999 -9999 -9999 -9999 -9999 -9999 -9999 -9999 -9999 -9999 -9999 -9999 -9999 -9999 -9999 -9999 -9999 -9999 -9999 -9999 -9999 -9999 0.292411535978317 0.173696801066399 0.0975692719221115 0.0598261393606663 0.0674777179956436 0.0691348761320114 0.0499247871339321 0.0274041742086411 0.0192915722727776 0.0163984037935734 0.0154388742521405 0.0387043282389641 0.0857308283448219 0.195759877562523 0.40213406085968 0.468316853046417 0.288040339946747 0.191176742315292 0.133804231882095 0.137320503592491 0.14521998167038 0.143021523952484 0.132366374135017 0.113802574574947 0.079571358859539 0.0561111494898796 0.0465027056634426 0.0421166829764843 0.0368577726185322 0.0297773219645023 0.0275088958442211
-9999 -9999 -9999 -9999 -9999 -9999 -9999 -9999 -9999 -9999 -9999 -9999 -9999 -9999 -9999 -9999 -9999 -9999 -9999 -9999 -9999 -9999 -9999 -9999 -9999 0.305486500263214 0.263608992099762 0.178105190396309 0.121935613453388 0.0823101326823235 0.0674958005547523 0.0630809590220451 0.0591481439769268 0.0391901209950447 0.0276099275797606 0.0220597703009844 0.0359528660774231 0.0563519522547722 0.121839977800846 0.292631328105927 0.480827301740646 0.451724320650101 0.232997834682465 0.136369749903679 0.13432539999485 0.153512731194496 0.159013941884041 0.146262168884277 0.123556889593601 0.0925378501415253 0.068591944873333 0.0560258217155933 0.0478565655648708 0.0403171144425869 0.0327077023684978 0.0280784498900175
-9999 -9999 -9999 -9999 -9999 -9999 -9999 -9999 -9999 -9999 -9999 -9999 -9999 -9999 -9999 -9999 -9999 -9999 -9999 -9999 -9999 -9999 -9999 -9999 -9999 -9999 -9999 0.258561313152313 0.203210309147835 0.0824524387717247 0.0556125827133656 0.0537961646914482 0.0511782951653004 0.0667111277580261 0.0606461092829704 0.0614100508391857 0.0570276379585266 0.0670716762542725 0.115309253334999 0.243503779172897 0.422500342130661 0.554785311222076 0.282448828220367 0.129312366247177 0.141403838992119 0.169726580381393 0.160521030426025 0.166904628276825 0.143171042203903 0.097603477537632 0.0751064345240593 0.0638671815395355 0.0540545135736465 0.0453879982233047 0.0351578034460545 0.0318631641566753
-9999 -9999 -9999 -9999 -9999 -9999 -9999 -9999 -9999 -9999 -9999 -9999 -9999 -9999 -9999 -9999 -9999 -9999 -9999 -9999 -9999 -9999 -9999 -9999 -9999 -9999 -9999 0.184465423226357 0.238644257187843 0.120507881045341 0.0916272699832916 0.0800997018814087 0.0749618336558342 0.0640754923224449 0.0717538595199585 0.078780010342598 0.0816627889871597 0.0851642861962318 0.128945007920265 0.23266863822937 0.394835472106934 0.572524726390839 0.429289191961288 0.183241575956345 0.145186364650726 0.158801063895226 0.150654733181 0.144377470016479 0.124253079295158 0.0978109911084175 0.0760421827435493 0.0599498450756073 0.0535937361419201 0.0485704243183136 0.0428583286702633 0.0424415245652199
-9999 -9999 -9999 -9999 -9999 -9999 -9999 -9999 -9999 -9999 -9999 -9999 -9999 -9999 -9999 -9999 -9999 -9999 -9999 -9999 -9999 -9999 -9999 -9999 -9999 -9999 -9999 -9999 0.186640858650208 0.194096177816391 0.156596228480339 0.122772037982941 0.0922972038388252 0.0861455053091049 0.0796214416623116 0.0856414809823036 0.0981885194778442 0.0925826728343964 0.139556720852852 0.232444226741791 0.38407364487648 0.569127142429352 0.590013206005096 0.257590234279633 0.167857691645622 0.128297671675682 0.12156842648983 0.109362557530403 0.0946564376354218 0.0879627019166946 0.0723550692200661 0.0598496608436108 0.0517165660858154 0.0474051423370838 0.0491020455956459 0.0585793741047382
-9999 -9999 -9999 -9999 -9999 -9999 -9999 -9999 -9999 -9999 -9999 -9999 -9999 -9999 -9999 -9999 -9999 -9999 -9999 -9999 -9999 -9999 -9999 -9999 -9999 -9999 -9999 -9999 0.107495978474617 0.183139994740486 0.184803798794746 0.140519991517067 0.109929226338863 0.0811134576797485 0.0890687629580498 0.094929426908493 0.102494060993195 0.0944969207048416 0.139003813266754 0.233457013964653 0.359220951795578 0.524933695793152 0.608704090118408 0.296121805906296 0.202222406864166 0.159244000911713 0.107833854854107 0.0868899673223495 0.0743019282817841 0.0787719041109085 0.0744145512580872 0.0634349659085274 0.0537567958235741 0.0484822429716587 0.055842112749815 0.0772045701742172
-9999 -9999 -9999 -9999 -9999 -9999 -9999 -9999 -9999 -9999 -9999 -9999 -9999 -9999 -9999 -9999 -9999 -9999 -9999 -9999 -9999 -9999 -9999 -9999 -9999 -9999 -9999 -9999 0.081309475004673 0.208857640624046 0.17314986884594 0.161680981516838 0.0768208205699921 0.0576226823031902 0.0748803019523621 0.0919417440891266 0.102039255201817 0.0920560508966446 0.125232219696045 0.210573956370354 0.295017033815384 0.50912868976593 0.59772390127182 0.276749491691589 0.179365009069443 0.137247487902641 0.122094221413136 0.0811619758605957 0.0735863745212555 0.0766142755746841 0.0907569229602814 0.0678252950310707 0.0553785786032677 0.0537639036774635 0.0721748247742653 0.103201165795326
-9999 -9999 -9999 -9999 -9999 -9999 -9999 -9999 -9999 -9999 -9999 -9999 -9999 -9999 -9999 -9999 -9999 -9999 -9999 -9999 -9999 -9999 -9999 -9999 -9999 -9999 -9999 -9999 0.0810788050293922 0.236341640353203 0.249754667282104 0.14358925819397 0.0752200111746788 0.0556418746709824 0.0664481297135353 0.0879516527056694 0.0899680554866791 0.0826602727174759 0.119403034448624 0.190549328923225 0.295612573623657 0.485690176486969 0.575737833976746 0.251871973276138 0.155748263001442 0.133057788014412 0.119617015123367 0.116155557334423 0.0921855419874191 0.0856202095746994 0.0834117755293846 0.0743197947740555 0.0676220282912254 0.0790193974971771 0.107859037816525 0.151546075940132
-9999 -9999 -9999 -9999 -9999 -9999 -9999 -9999 -9999 -9999 -9999 -9999 -9999 -9999 -9999 -9999 -9999 -9999 -9999 -9999 -9999 -9999 -9999 -9999 -9999 -9999 -9999 -9999 0.0790514647960663 0.235307827591896 0.22029522061348 0.11656853556633 0.0719957202672958 0.0559292323887348 0.0647935718297958 0.079156681895256 0.0754960104823112 0.0702325701713562 0.112488396465778 0.186497136950493 0.291595906019211 0.471848964691162 0.529582262039185 0.215856522321701 0.155447170138359 0.140465721487999 0.121047653257847 0.12728114426136 0.127869457006454 0.101520478725433 0.0830127820372581 0.0907680094242096 0.0973301753401756 0.119390182197094 0.162642285227776 0.216342434287071
