meets/meet004/_saidas_enm/CCSM_Gower_21k_Cavanillesia_umbellata3.asc
NCOLS 154 
NROWS 168 
XLLCORNER -112 
YLLCORNER -55.5 
CELLSIZE 0.5 
NODATA_value -9999 
[rows 78 to 103 of 168, columns 60 to 119 of 154]
-9999 -9999 -9999 -9999 -9999 -9999 -9999 -9999 0.204207293342731 0.0241487646874682 0 0 0 0 0 0.114210866596208 0.3574468325541 0.539174720502077 0.631170267236181 0.592840020917548 0.572876520623111 0.555049141023758 0.564837263726367 0.572995538074277 0.574945378660961 0.576323510419722 0.565888761654304 0.572180215400998 0.572064253085297 0.571178130968411 0.569439094728825 0.569158952089864 0.560861868326252 0.556948372627301 0.561497203671038 0.56835359181484 0.584206798817199 0.609385620538347 0.63546021035375 0.643405376853696 0.631224506396665 0.613745724341494 0.603521196758399 0.591821145659152 0.585452339424666 0.588543084658987 0.592079714441207 0.583322120573101 0.574098707641169 0.571715037818426 0.573621708012667 0.574727135723164 0.579739841948139 0.581702352329549 0.573466560263826 0.551409943356792 0.542818636764683 0.543608014427837 0.530188472173114 0.517328102027822
-9999 -9999 -9999 -9999 -9999 -9999 -9999 -9999 -9999 0.188659705832217 0 0 0 0 0 0 0 0.271684166035786 0.555667730090459 0.613910224325446 0.58634768418449 0.567850025790989 0.572344661388212 0.57332708668824 0.569974274763143 0.567535214006096 0.559074348415153 0.562098932525706 0.563258954178647 0.564907133346136 0.566313956811874 0.558311627204666 0.557497898515108 0.550203164848036 0.549353970020686 0.549546709218948 0.558565336280255 0.584903592169828 0.610887110006116 0.622833982356986 0.620852782624442 0.607110566235062 0.587925723748518 0.566821640627005 0.55571688737087 0.558308306405248 0.561457752573943 0.556275445833096 0.547537492738657 0.543969360179251 0.544426966339148 0.545025772890328 0.548345509653215 0.549733869474186 0.544177640718792 0.528392419929964 0.524627961708925 0.546068371075824 0.563032082888333 0.552062927690158
-9999 -9999 -9999 -9999 -9999 -9999 -9999 -9999 -9999 0.372879876421164 0.0180619606732074 0 0 0 0 0 0 0 0.344104529137513 0.522910729086998 0.584416378978626 0.592552391090824 0.595933531864816 0.588383745683301 0.572538064746357 0.570158778378846 0.558808418797704 0.566593036795022 0.566231335322337 0.56724298365725 0.570442640313157 0.555016464357478 0.567253344551437 0.557704186574998 0.550606841225374 0.538415389567463 0.528910331807304 0.552466488899846 0.584098205976371 0.597796667728596 0.604631107278127 0.60682598614413 0.573344222013241 0.540121749140768 0.524677640868228 0.525662988471745 0.529739070510235 0.525688359379304 0.521044951968123 0.519396772800634 0.520435784522757 0.516764840013348 0.519854511792507 0.517316092716853 0.513398080730693 0.500771205853002 0.496935018364519 0.52520777328743 0.553746192163837 0.587212285372927
-9999 -9999 -9999 -9999 -9999 -9999 -9999 -9999 -9999 -9999 0.179862138417741 0 0 0 0 0 0 0 0 0.131726412127264 0.232522696697567 0.362528713448404 0.504350549136928 0.613081866839489 0.584017114754403 0.593327228089499 0.586870584280535 0.593959988869793 0.591616973191478 0.591377778439202 0.594411801179647 0.595416766878201 0.604538972643198 0.602016853023032 0.589577483979706 0.564443948243216 0.537177661208125 0.542885849744918 0.552307356191702 0.563449036737373 0.579712597353754 0.57615202433774 0.554517016124905 0.521201428036732 0.50425020815601 0.502560585411775 0.501161333368711 0.500875478954749 0.496879228934285 0.49881472366748 0.508121197622401 0.50702121602295 0.50147056621058 0.485887117194432 0.482565255119917 0.482509731353637 0.490651667368407 0.521042560992542 0.55605879687902 0.599092864836334
-9999 -9999 -9999 -9999 -9999 -9999 -9999 -9999 -9999 -9999 0.348365928034479 0.14141378111188 0 0 0 0 0 0 0 0 0 0 0.12581628161914 0.366589775776817 0.536613327515606 0.649079378613467 0.605419344741537 0.628430154659729 0.623212649604913 0.62548355479881 0.629174675729532 0.643113726429822 0.653771790586653 0.659921582809917 0.642223071826705 0.607622737179164 0.554561382005139 0.553325513293476 0.536224724606934 0.535019141585969 0.551507309195749 0.554344998715017 0.538959735008176 0.509092199372429 0.495188676366213 0.495667668474366 0.483365036451917 0.490766567028294 0.485415430845 0.487160710187492 0.500674105677999 0.509108006377662 0.493242820738831 0.467172287158426 0.469371453365466 0.485613483322331 0.493185038828945 0.543429796689701 0.580861882295208 0.617062937296822
-9999 -9999 -9999 -9999 -9999 -9999 -9999 -9999 -9999 -9999 -9999 0.310739372869786 0 0 0 0 0 0 0 0 0 0 0 0 0.0446982930008908 0.355736472738327 0.606651058030401 0.646968234981972 0.619826857143745 0.632110986784423 0.653540720183654 0.677253904111538 0.678315737015228 0.680340738902056 0.674641088329557 0.668123703589436 0.650844388726146 0.600963824827525 0.540162661389606 0.514850332732479 0.525180144236266 0.536054434012743 0.529684210903838 0.51664794787381 0.512336620404499 0.515730610242388 0.515224653242955 0.511173809280047 0.499770184076229 0.497934977485478 0.502884828267017 0.497633714562214 0.495214844265632 0.48655831717294 0.499681452315761 0.527325380660747 0.561439421761152 0.592976135895998 0.620098498944315 0.62298794767176
-9999 -9999 -9999 -9999 -9999 -9999 -9999 -9999 -9999 -9999 -9999 0.494119849990596 0.104034401838661 0 0 0 0 0 0 0 0 0 0 0 0 0 0.289394218497781 0.567148939423632 0.611019309388449 0.622345421950294 0.651567616722083 0.691612897166676 0.683655935619168 0.68674977810641 0.700863390542907 0.721741226616516 0.718526438405882 0.654568824564597 0.548460940641009 0.493728055949891 0.501952082126292 0.522911241241433 0.523601303360639 0.52702584455318 0.532832063088813 0.541709755422791 0.551854000655061 0.546786062246193 0.532252251510308 0.529458529375343 0.527946370152044 0.513001710112077 0.524898274781607 0.527680440534594 0.547248848853183 0.582185172806463 0.622057488738373 0.624871254170218 0.623824990204545 0.623340330840055
-9999 -9999 -9999 -9999 -9999 -9999 -9999 -9999 -9999 -9999 -9999 0.420656454964929 0.239565638950731 0 0 0 0 0 0 0 0 0 0 0 0 0 0 0.313466853071611 0.607217853807968 0.614616793247617 0.627291956328627 0.651666495549652 0.661087175846337 0.687018184014288 0.710958104566937 0.722437705775354 0.719116476872117 0.675081073193807 0.547212054395624 0.482621177382128 0.476559655787185 0.499339011479705 0.518663008961078 0.536182882534259 0.553066092442887 0.567142695514805 0.574994792156312 0.582328720975937 0.584409848152713 0.58626672147476 0.58447500385721 0.588214843885225 0.586236906635621 0.596740286335627 0.610590570717537 0.622612981265786 0.62625080468062 0.625106821523175 0.624323134475188 0.623927062286921
-9999 -9999 -9999 -9999 -9999 -9999 -9999 -9999 -9999 -9999 -9999 -9999 0.346554738330153 0.173112680448626 0 0 0 0 0 0 0 0 0 0 0 0 0 0.0303894977909166 0.374556180037944 0.616788000257195 0.619074035023483 0.616105591321965 0.612127083549842 0.64716242888208 0.669965661932371 0.712495712453099 0.720761513400306 0.641397628004758 0.515176169571442 0.464449231635091 0.466808194710159 0.490075840749204 0.525944725094428 0.55387676599698 0.579931967743451 0.598288221637998 0.604994764512681 0.616919915055582 0.626597956767248 0.631161333452406 0.632568879394506 0.639164040033853 0.634067049142791 0.63288313249534 0.630976899889649 0.629114441329952 0.627333128513252 0.626500361574687 0.625546345321095 0.62523480556164
-9999 -9999 -9999 -9999 -9999 -9999 -9999 -9999 -9999 -9999 -9999 -9999 -9999 0.354089548546408 0.197510206865313 0 0 0 0 0 0 0 0 0 0 0 0 0 0.0594582989409533 0.365448352837789 0.581661041154822 0.594094737730758 0.58708705180557 0.582226425234754 0.581912983887085 0.599758164051256 0.57073619898177 0.547000054560735 0.494222323735371 0.474058695328973 0.488929367957892 0.516231386794728 0.546711942003168 0.580511943472041 0.608739823865441 0.630049153989725 0.649619821531854 0.644567902875369 0.638992261212544 0.640788794259236 0.645840389242993 0.641279984352348 0.637805015025872 0.635016207900802 0.633328529714143 0.630832726675857 0.629251357517603 0.62773131972665 0.626968084197402 0.626700665213431
-9999 -9999 -9999 -9999 -9999 -9999 -9999 -9999 -9999 -9999 -9999 -9999 -9999 -9999 -9999 0.256867624589137 0.124651718383387 0 0 0 0 0 0 0 0 0 0 0 0 0.0683444013458635 0.330907734331607 0.553537817467331 0.604121987149752 0.554583166449326 0.526141050756061 0.519076116408764 0.479465488110525 0.501457017348952 0.495917658254606 0.498434160054097 0.522622198860029 0.537788555469189 0.558596020466884 0.589508060372996 0.618085326662961 0.644504250440072 0.668927661029193 0.661350617294076 0.646133201368976 0.6431140860481 0.645737621262612 0.645253506516063 0.639088039547388 0.627491479677115 0.633373944847337 0.634642886246555 0.633130171735786 0.632143836760178 0.630910204153359 0.630542982287974
-9999 -9999 -9999 -9999 -9999 -9999 -9999 -9999 -9999 -9999 -9999 -9999 -9999 -9999 -9999 -9999 -9999 0.131184570111356 0 0 0 0 0 0 0 0 0 0 0 0 0.0159347787072884 0.302107443236998 0.493458418547548 0.59337367608397 0.532120349357397 0.537976247052334 0.545761529209536 0.541101252137308 0.541046658194865 0.551135512492831 0.550740470193982 0.556716182331946 0.569625059496273 0.577009454747649 0.600272693572896 0.644324441300816 0.667600961163868 0.663087800365595 0.649689036711152 0.641209547645096 0.63513367695686 0.625772772129646 0.624303621308574 0.62012851897106 0.631106431728553 0.639531381156515 0.63763704556842 0.636653630187626 0.636450353950834 0.636041946364055
-9999 -9999 -9999 -9999 -9999 -9999 -9999 -9999 -9999 -9999 -9999 -9999 -9999 -9999 -9999 -9999 -9999 -9999 -9999 0.0465422149344574 0 0 0 0 0 0 0 0 0 0 0 0 0.17191188365245 0.394084894379223 0.574413991175208 0.615263444148926 0.610219957623127 0.600558957282136 0.604934114296046 0.602509400472422 0.595176578585937 0.591168389886587 0.591187515531369 0.592991659958321 0.609494717708713 0.645609597155461 0.667021748949161 0.66188915376566 0.64720606256654 0.638953182692946 0.632351430208765 0.623221313921575 0.617637833012253 0.611124829567496 0.622474962362336 0.647896919144487 0.646137066012209 0.645083397053033 0.627902119473852 0.601900360459359
-9999 -9999 -9999 -9999 -9999 -9999 -9999 -9999 -9999 -9999 -9999 -9999 -9999 -9999 -9999 -9999 -9999 -9999 -9999 -9999 -9999 0.0968192217135208 0 0 0 0 0 0 0 0 0 0 0 0.0218087239932264 0.277532385255548 0.473075778567992 0.640763381234221 0.634130941323606 0.65268000353224 0.653049386580946 0.641166872942712 0.636201623371284 0.627307820570403 0.634296485604482 0.639326945957081 0.655712640716375 0.669898306400747 0.659898275657704 0.640915020274994 0.636683272118972 0.6442025307044 0.649414294825977 0.628379999249192 0.601380614852778 0.606758868198155 0.633618844895004 0.645458917096764 0.620436041196253 0.566084423156054 0.535033354607481
-9999 -9999 -9999 -9999 -9999 -9999 -9999 -9999 -9999 -9999 -9999 -9999 -9999 -9999 -9999 -9999 -9999 -9999 -9999 -9999 -9999 0.338018888223269 0.0338776827261774 0 0 0 0 0 0 0 0 0 0 0 0 0.249373910573458 0.477633256875388 0.643314513301992 0.677233770887615 0.685468815638478 0.67258039459857 0.661225253066265 0.649009597910282 0.647261803399709 0.644448030115864 0.6506056669853 0.655829647328999 0.647242623758189 0.638347225893652 0.64201389386137 0.655128431643485 0.661026435995116 0.639460364338409 0.607499240158571 0.603261261858859 0.620534521527893 0.624480080490173 0.601602919425246 0.557125171988353 0.535410597421446
-9999 -9999 -9999 -9999 -9999 -9999 -9999 -9999 -9999 -9999 -9999 -9999 -9999 -9999 -9999 -9999 -9999 -9999 -9999 -9999 -9999 -9999 -9999 0.0205163941963585 0 0 0 0 0 0 0 0 0 0 0 0.0327090208524546 0.312321784533189 0.593906345501832 0.685536223006971 0.700201330052361 0.685574376022471 0.670071571135295 0.659151740509554 0.63873705210756 0.627125991953126 0.630723797880215 0.627941536013033 0.634795995393336 0.638758629204271 0.648497092186401 0.666281631853351 0.668959297718289 0.644669554975428 0.617089174312067 0.608482945181302 0.612095965229435 0.613416724373589 0.604203016815438 0.589395030154217 0.564799084358919
-9999 -9999 -9999 -9999 -9999 -9999 -9999 -9999 -9999 -9999 -9999 -9999 -9999 -9999 -9999 -9999 -9999 -9999 -9999 -9999 -9999 -9999 -9999 0.194206212185282 0 0 0 0 0 0 0 0 0 0 0 0 0.190393773703047 0.500932896854117 0.638034118245826 0.657596988658913 0.6708945786244 0.676579830426607 0.667332786362031 0.643325301850347 0.624922204705203 0.614934078083133 0.615728632530845 0.634274548889493 0.655786093559712 0.669983578050211 0.675883398852125 0.670053314838003 0.641362625158983 0.611738043528446 0.603300506688412 0.613195357184501 0.623897008588597 0.621280018858728 0.615324582496077 0.611238319912507
-9999 -9999 -9999 -9999 -9999 -9999 -9999 -9999 -9999 -9999 -9999 -9999 -9999 -9999 -9999 -9999 -9999 -9999 -9999 -9999 -9999 -9999 -9999 -9999 0.109729778138603 0 0 0 0 0 0 0 0 0 0 0 0.101805287523968 0.421638477837131 0.547924963614831 0.569981846185818 0.626847391461016 0.687676685039832 0.669095142713046 0.649971076795505 0.633892514404952 0.613852624924537 0.604422187417202 0.63820745425607 0.682205119930626 0.697491353619029 0.682891206809943 0.667996136294694 0.627881617992172 0.592041214766646 0.585573654977023 0.610832073290417 0.640314817368156 0.635829897944061 0.627616807187145 0.624128870583782
-9999 -9999 -9999 -9999 -9999 -9999 -9999 -9999 -9999 -9999 -9999 -9999 -9999 -9999 -9999 -9999 -9999 -9999 -9999 -9999 -9999 -9999 -9999 -9999 0.186739011822823 0 0 0 0 0 0 0 0 0 0 0 0.0566102828836104 0.369030705458061 0.487770010464835 0.498206353213974 0.537106463268588 0.588555131331349 0.632096700594818 0.663620748174743 0.662641144744269 0.624935628294398 0.607892063191466 0.637760568608638 0.683270845999163 0.695560343854935 0.68187219871957 0.651330542961696 0.601904831389308 0.561443805216385 0.558526815006998 0.59728797525439 0.630975290929655 0.636263837333467 0.628423808963019 0.623072800212027
-9999 -9999 -9999 -9999 -9999 -9999 -9999 -9999 -9999 -9999 -9999 -9999 -9999 -9999 -9999 -9999 -9999 -9999 -9999 -9999 -9999 -9999 -9999 -9999 0.245296429246846 0 0 0 0 0 0 0 0 0 0 0 0.0274135978585029 0.351898210227331 0.430622240436438 0.429539792657918 0.439656010343095 0.452370687157416 0.559959673540179 0.663414939605891 0.685229330383749 0.638871669216483 0.586809108993735 0.640709678237963 0.683555714432679 0.689439843782381 0.6661787842655 0.6342582461942 0.583937694191525 0.529107055964868 0.526634255885727 0.579955356970706 0.626827012011966 0.626090911193567 0.620912700645303 0.614739314007178
-9999 -9999 -9999 -9999 -9999 -9999 -9999 -9999 -9999 -9999 -9999 -9999 -9999 -9999 -9999 -9999 -9999 -9999 -9999 -9999 -9999 -9999 -9999 -9999 0.253230944458282 0 0 0 0 0 0 0 0 0 0 0 0.0566352975317012 0.359093370864766 0.391322040467859 0.382383378256554 0.37680961568023 0.396610479958129 0.477593088566285 0.572194694086463 0.622879012397104 0.643147650420762 0.651309472354393 0.662765083458184 0.674506830838912 0.66762942284474 0.644963962472771 0.61330408825698 0.57000628726954 0.533087631812076 0.53136413691377 0.562204666779198 0.598779899739898 0.604629154756063 0.600861366016192 0.592628645284956
-9999 -9999 -9999 -9999 -9999 -9999 -9999 -9999 -9999 -9999 -9999 -9999 -9999 -9999 -9999 -9999 -9999 -9999 -9999 -9999 -9999 -9999 -9999 -9999 0.265389468747692 0 0 0 0 0 0 0 0 0 0 0 0.0906105298447054 0.38703515408227 0.377387301947108 0.365142186170591 0.346712413556685 0.346362002802024 0.430998287762612 0.505735003992099 0.571486699650396 0.642493265026628 0.697056097789139 0.667472146544466 0.65663621605103 0.64161483744498 0.61786823061589 0.595042202302467 0.56168051179895 0.533412671659179 0.530792428085847 0.54761294130145 0.571323847646903 0.567134194268293 0.566710991590374 0.558348023166295
-9999 -9999 -9999 -9999 -9999 -9999 -9999 -9999 -9999 -9999 -9999 -9999 -9999 -9999 -9999 -9999 -9999 -9999 -9999 -9999 -9999 -9999 -9999 -9999 0.254674486397541 0 0 0 0 0 0 0 0 0 0 0 0.144763963887449 0.391122792502737 0.384502313949639 0.369754112403282 0.347546864034617 0.360263267664636 0.441438482639076 0.551091810772481 0.610700888214194 0.623603154017857 0.621261225833855 0.621925449433747 0.62025762949259 0.608148575777719 0.590963223878923 0.569569801393945 0.545487231177551 0.52544182323046 0.517701305449422 0.520362726935545 0.524716427805439 0.517913836612219 0.506752098438059 0.501822703780939
-9999 -9999 -9999 -9999 -9999 -9999 -9999 -9999 -9999 -9999 -9999 -9999 -9999 -9999 -9999 -9999 -9999 -9999 -9999 -9999 -9999 -9999 -9999 -9999 0.261192816513322 0 0 0 0 0 0 0 0 0 0 0 0.195348360405785 0.412282926398698 0.409630138991063 0.393472058843503 0.367872945948577 0.367292603042164 0.469424453324188 0.59736870037847 0.643070931854679 0.607107271354078 0.559585618693657 0.580497421589185 0.584847046785255 0.580810605912379 0.570758514753864 0.547216172186904 0.533448403460924 0.517157358504639 0.505523535485116 0.499713331990181 0.488046168144494 0.477014605307547 0.458154058593048 0.456486884452884
-9999 -9999 -9999 -9999 -9999 -9999 -9999 -9999 -9999 -9999 -9999 -9999 -9999 -9999 -9999 -9999 -9999 -9999 -9999 -9999 -9999 -9999 -9999 0.443807036183527 0.221191677269424 0 0 0 0 0 0 0 0 0 0 0.0148352584451424 0.250847901054401 0.43372240594176 0.455950508930775 0.439581358772162 0.391811791966129 0.389948159332355 0.47412298600572 0.576792274465666 0.619508227117625 0.594415526954605 0.566536184708974 0.562450140272228 0.569094794245094 0.565401533963592 0.551057805786433 0.534382477921416 0.524191210169377 0.51593437449472 0.505380873942089 0.497096409216268 0.479635114544832 0.464994108403711 0.445213036090348 0.445331123717677
-9999 -9999 -9999 -9999 -9999 -9999 -9999 -9999 -9999 -9999 -9999 -9999 -9999 -9999 -9999 -9999 -9999 -9999 -9999 -9999 -9999 -9999 -9999 0.42015110370826 0.200354850161115 0 0 0 0 0 0 0 0 0 0 0.0651382167505021 0.292284943252579 0.43884865758842 0.465817135331642 0.450965590507375 0.397601406504669 0.383543532741472 0.452789107884172 0.543570465753077 0.586449080340009 0.570435467386412 0.550842883648055 0.543042060149573 0.547948607706692 0.544772329478693 0.52740693949447 0.516946686989516 0.519588847839011 0.522165788187923 0.517845295312217 0.509136432420686 0.489957620289899 0.481957947322225 0.460024199993684 0.460798079090218
