meets/meet004/_saidas_enm/CCSM_Maxent_0k_Cavanillesia_umbellata2.asc
NCOLS 154 
NROWS 168 
XLLCORNER -112 
YLLCORNER -55.5 
CELLSIZE 0.5 
NODATA_value -9999 
[rows 75 to 99 of 168, columns 56 to 111 of 154]
-9999 -9999 -9999 -9999 -9999 -9999 -9999 -9999 -9999 -9999 -9999 0.260011345148087 0.28509858250618 0.239377602934837 0.247416689991951 0.282934814691544 0.294620126485825 0.337239027023315 0.344970107078552 0.362999886274338 0.339898228645325 0.238753467798233 0.227417007088661 0.0666831284761429 0.0685340613126755 0.0701835975050926 0.0718502774834633 0.0727156326174736 0.0743152052164078 0.0761678516864777 0.119193114340305 0.116745427250862 0.116467773914337 0.116304203867912 0.11516809463501 0.112963646650314 0.113027289509773 0.116304367780685 0.116619244217873 0.117304995656013 0.117043696343899 0.118717730045319 0.118912883102894 0.356025785207748 0.358374953269958 0.354274481534958 0.34196349978447 0.324844181537628 0.306694179773331 0.285751074552536 0.266254127025604 0.249664813280106 0.240904092788696 0.234299510717392 0.228014513850212 0.219892248511314
-9999 -9999 -9999 -9999 -9999 -9999 -9999 -9999 -9999 -9999 -9999 0.28415384888649 0.275001168251038 0.247881650924683 0.287137508392334 0.329476088285446 0.327778965234756 0.336900919675827 0.342266440391541 0.35655266046524 0.294237464666367 0.235901564359665 0.22870709002018 0.066571831703186 0.066462367773056 0.0666839107871056 0.0682161971926689 0.0698421150445938 0.0714688748121262 0.0727974399924278 0.0736945867538452 0.0724078342318535 0.0732204616069794 0.0729435011744499 0.071338452398777 0.0722710117697716 0.0690451413393021 0.109892159700394 0.109691768884659 0.108859151601791 0.109046816825867 0.112241558730602 0.342236399650574 0.341885030269623 0.336513221263885 0.323926001787186 0.314267724752426 0.301822692155838 0.287265032529831 0.271265894174576 0.258870393037796 0.251182913780212 0.247217565774918 0.242408439517021 0.239743277430534 0.240482717752457
-9999 -9999 -9999 -9999 -9999 -9999 -9999 -9999 -9999 -9999 -9999 -9999 0.273741722106934 0.323357373476028 0.307478547096252 0.311639487743378 0.321494579315186 0.349030345678329 0.360719084739685 0.366068601608276 0.36699166893959 0.364806950092316 0.235063776373863 0.0684317201375961 0.222859501838684 0.219330653548241 0.0658194720745087 0.068105012178421 0.0698131322860718 0.0681241974234581 0.0684597045183182 0.0699070245027542 0.0706826075911522 0.0705573335289955 0.0692243650555611 0.0673309341073036 0.0661003068089485 0.0649415031075478 0.0671141073107719 0.0667670369148254 0.104705773293972 0.109284475445747 0.112452387809753 0.337091058492661 0.323123425245285 0.304966121912003 0.290582925081253 0.279399275779724 0.272068500518799 0.269434034824371 0.265163421630859 0.259112268686295 0.252999901771545 0.248610839247704 0.247667342424393 0.247738897800446
-9999 -9999 -9999 -9999 -9999 -9999 -9999 -9999 -9999 -9999 -9999 -9999 0.321215331554413 0.32394939661026 0.338068664073944 0.280002236366272 0.296464115381241 0.343851417303085 0.366400152444839 0.374310314655304 0.367138236761093 0.36545592546463 0.366924107074738 0.233691692352295 0.219180256128311 0.211813762784004 0.219906806945801 0.067758321762085 0.0669993609189987 0.0675133392214775 0.0668551847338676 0.068389430642128 0.0685739815235138 0.0682106018066406 0.0674222707748413 0.0657982751727104 0.0638586357235909 0.0616307258605957 0.0610295720398426 0.0612918585538864 0.0653114393353462 0.107113309204578 0.115572616457939 0.115108035504818 0.106002241373062 0.303191304206848 0.286705166101456 0.274125903844833 0.183595016598701 0.266222536563873 0.267499625682831 0.259555488824844 0.173528969287872 0.170853346586227 0.169062420725822 0.151929333806038
-9999 -9999 -9999 -9999 -9999 -9999 -9999 -9999 -9999 -9999 -9999 -9999 -9999 0.316584348678589 0.305946260690689 0.283016949892044 0.277773141860962 0.304129153490067 0.325515270233154 0.353454351425171 0.329733550548553 0.359126448631287 0.345085084438324 0.2376309633255 0.209876358509064 0.209391713142395 0.218874573707581 0.0684311091899872 0.0683731064200401 0.0688756555318832 0.0679168552160263 0.068572424352169 0.0680775567889214 0.0672404915094376 0.0660286024212837 0.063295379281044 0.0619849339127541 0.059874027967453 0.0589334443211555 0.0583118312060833 0.059918936342001 0.0661600381135941 0.112124726176262 0.112985223531723 0.110869191586971 0.313718199729919 0.290511310100555 0.185936376452446 0.177617773413658 0.178409799933434 0.179435178637505 0.177367299795151 0.173373758792877 0.169364780187607 0.147276386618614 0.132855206727982
-9999 -9999 -9999 -9999 -9999 -9999 -9999 -9999 -9999 -9999 -9999 -9999 -9999 0.389077603816986 0.312658041715622 0.247998759150505 0.265376925468445 0.27587428689003 0.289216905832291 0.319487631320953 0.351107239723206 0.318114727735519 0.330337345600128 0.31798791885376 0.334707289934158 0.211872979998589 0.226970970630646 0.070941649377346 0.0710886791348457 0.0722736269235611 0.0708769336342812 0.0730101838707924 0.0710378289222717 0.0694269835948944 0.067203976213932 0.0624692104756832 0.0634580478072166 0.0611605122685432 0.0594322234392166 0.0580292865633965 0.0574721097946167 0.0631604567170143 0.109198205173016 0.110298804938793 0.110429793596268 0.323547273874283 0.201501786708832 0.178982123732567 0.188213855028152 0.189465463161469 0.191802769899368 0.190721184015274 0.183683589100838 0.147379457950592 0.133480161428452 0.121428683400154
-9999 -9999 -9999 -9999 -9999 -9999 -9999 -9999 -9999 -9999 -9999 -9999 -9999 -9999 0.349383562803268 0.258764177560806 0.265162974596024 0.22510789334774 0.233372330665588 0.297605991363525 0.328279614448547 0.345860302448273 0.365323573350906 0.359067291021347 0.36110708117485 0.366807818412781 0.365473300218582 0.334190130233765 0.0701403096318245 0.0751263275742531 0.0806166902184486 0.125431880354881 0.0799235552549362 0.0780601799488068 0.0741629302501678 0.071129746735096 0.0716872438788414 0.0708245262503624 0.0683595389127731 0.0654149651527405 0.0618762224912643 0.0636797621846199 0.0658431872725487 0.0657709538936615 0.106093712151051 0.21925576031208 0.200536280870438 0.179208114743233 0.187691614031792 0.187057316303253 0.186665117740631 0.177062347531319 0.158190041780472 0.132529869675636 0.125341758131981 0.117245025932789
-9999 -9999 -9999 -9999 -9999 -9999 -9999 -9999 -9999 -9999 -9999 -9999 -9999 -9999 0.441844165325165 0.274156928062439 0.249094739556313 0.214648380875587 0.198576688766479 0.279888778924942 0.30097484588623 0.274185121059418 0.264475435018539 0.269163250923157 0.356906980276108 0.390686571598053 0.405804663896561 0.384273290634155 0.35037237405777 0.369707465171814 0.117946654558182 0.135719314217567 0.137331575155258 0.136783599853516 0.130337983369827 0.126624554395676 0.131939232349396 0.133832544088364 0.131723493337631 0.1227101162076 0.0686391592025757 0.0681072846055031 0.0637470334768295 0.0611175037920475 0.0645694881677628 0.213141024112701 0.199405789375305 0.181560471653938 0.192328363656998 0.192280054092407 0.176453202962875 0.165197551250458 0.146679133176804 0.138466894626617 0.119647540152073 0.117736607789993
-9999 -9999 -9999 -9999 -9999 -9999 -9999 -9999 -9999 -9999 -9999 -9999 -9999 -9999 -9999 0.382276445627213 0.299684762954712 0.241389572620392 0.188084095716476 0.255667835474014 0.242987915873528 0.266138643026352 0.273328989744186 0.28850194811821 0.306824684143066 0.324752807617188 0.342321068048477 0.344927102327347 0.418426841497421 0.429036974906921 0.422648429870605 0.389407873153687 0.138033449649811 0.144215300679207 0.146731942892075 0.153937131166458 0.151379466056824 0.152484580874443 0.155628278851509 0.159544870257378 0.153317287564278 0.128085866570473 0.0663062036037445 0.0583878494799137 0.0607903860509396 0.209009096026421 0.201563164591789 0.191966831684113 0.187921419739723 0.204204231500626 0.185207858681679 0.167865946888924 0.149792596697807 0.140403047204018 0.134231880307198 0.11198379099369
-9999 -9999 -9999 -9999 -9999 -9999 -9999 -9999 -9999 -9999 -9999 -9999 -9999 -9999 -9999 0.556775748729706 0.338832288980484 0.23617722094059 0.144887417554855 0.198671847581863 0.219984695315361 0.274650275707245 0.292526870965958 0.297504752874374 0.334580361843109 0.347223609685898 0.350018173456192 0.329916685819626 0.335054844617844 0.417020916938782 0.423515737056732 0.4129578769207 0.111566931009293 0.113154880702496 0.144082888960838 0.168017506599426 0.161565005779266 0.162562638521194 0.179441511631012 0.204400107264519 0.213296800851822 0.156994447112083 0.0694523900747299 0.0556712672114372 0.0579101033508778 0.206591695547104 0.204563573002815 0.204168707132339 0.205673292279243 0.190183103084564 0.182301536202431 0.165114909410477 0.162707507610321 0.136881977319717 0.128158718347549 0.117032766342163
-9999 -9999 -9999 -9999 -9999 -9999 -9999 -9999 -9999 -9999 -9999 -9999 -9999 -9999 -9999 0.656032979488373 0.446151971817017 0.300432860851288 0.149050042033195 0.141911715269089 0.129940837621689 0.158683091402054 0.185230910778046 0.230891808867455 0.303756266832352 0.34297913312912 0.388625830411911 0.370880544185638 0.374082088470459 0.408611327409744 0.438758701086044 0.366887420415878 0.366953492164612 0.0716181695461273 0.119373582303524 0.136047154664993 0.146600544452667 0.164814546704292 0.188031286001205 0.227389588952065 0.242392420768738 0.171827360987663 0.0699854865670204 0.0541617125272751 0.0542289726436138 0.198649197816849 0.209172800183296 0.218076124787331 0.223874360322952 0.299418777227402 0.280363529920578 0.26721453666687 0.251791924238205 0.2415581792593 0.230806648731232 0.224266558885574
-9999 -9999 -9999 -9999 -9999 -9999 -9999 -9999 -9999 -9999 -9999 -9999 -9999 -9999 -9999 -9999 0.607538640499115 0.17211826145649 0.0983534157276154 0.12738610804081 0.0473152548074722 0.0550255365669727 0.0639648288488388 0.078325517475605 0.102864667773247 0.105084583163261 0.249766811728477 0.329187482595444 0.372244298458099 0.35963699221611 0.376458525657654 0.378719478845596 0.360532820224762 0.235340684652328 0.225756138563156 0.0698010623455048 0.120962284505367 0.144417062401772 0.1620162576437 0.193337500095367 0.226791307330132 0.151376828551292 0.0628482401371002 0.053754985332489 0.0542320944368839 0.0582963414490223 0.0663788020610809 0.242544546723366 0.354221522808075 0.336096346378326 0.315922111272812 0.0979949310421944 0.0929000452160835 0.0894125178456306 0.0825273841619492 0.0812250226736069
-9999 -9999 -9999 -9999 -9999 -9999 -9999 -9999 -9999 -9999 -9999 -9999 -9999 -9999 -9999 -9999 -9999 0.599008321762085 0.191156625747681 0.112731017172337 0.0254579056054354 0.0648581981658936 0.0676167607307434 0.0816307738423347 0.0899074077606201 0.0776860415935516 0.160449132323265 0.211712688207626 0.267657935619354 0.357362508773804 0.358609646558762 0.415025264024734 0.418500781059265 0.376144230365753 0.33876821398735 0.206855714321136 0.0663589239120483 0.070473238825798 0.117921151220798 0.122361451387405 0.113477811217308 0.0688579529523849 0.0577347353100777 0.0562562718987465 0.0607148259878159 0.0686450153589249 0.0740620791912079 0.129525378346443 0.140544801950455 0.132472679018974 0.127939492464066 0.11374282091856 0.103763096034527 0.0984384194016457 0.0941738188266754 0.0924134850502014
-9999 -9999 -9999 -9999 -9999 -9999 -9999 -9999 -9999 -9999 -9999 -9999 -9999 -9999 -9999 -9999 -9999 -9999 -9999 0.204932481050491 0.151486456394196 0.105553314089775 0.225631698966026 0.171584397554398 0.148656904697418 0.13295841217041 0.13604761660099 0.161592409014702 0.210486724972725 0.318761885166168 0.334627687931061 0.398259431123734 0.414625853300095 0.427706986665726 0.368685603141785 0.322897732257843 0.235104084014893 0.0609254986047745 0.0590395480394363 0.0589707903563976 0.0522677451372147 0.05586788803339 0.0571266151964664 0.0597484819591045 0.0678382441401482 0.074727937579155 0.124900624155998 0.14081671833992 0.15433956682682 0.153282180428505 0.150564074516296 0.130434095859528 0.113259769976139 0.104096755385399 0.0979091078042984 0.0962322279810905
-9999 -9999 -9999 -9999 -9999 -9999 -9999 -9999 -9999 -9999 -9999 -9999 -9999 -9999 -9999 -9999 -9999 -9999 -9999 -9999 -9999 0.17032353579998 0.130961239337921 0.258700400590897 0.232439577579498 0.161066323518753 0.140946999192238 0.133703306317329 0.14567232131958 0.200818493962288 0.248429402709007 0.366993933916092 0.402811706066132 0.406125009059906 0.417400270700455 0.377441704273224 0.347782999277115 0.223948106169701 0.199297770857811 0.0607579462230206 0.0639913529157639 0.0642019659280777 0.0665476024150848 0.0725376307964325 0.118552409112453 0.124572649598122 0.130744844675064 0.135290294885635 0.145562067627907 0.159721970558167 0.151333779096603 0.13465641438961 0.113943323493004 0.102965012192726 0.096124567091465 0.0898491442203522
-9999 -9999 -9999 -9999 -9999 -9999 -9999 -9999 -9999 -9999 -9999 -9999 -9999 -9999 -9999 -9999 -9999 -9999 -9999 -9999 -9999 -9999 -9999 0.152396515011787 0.278951853513718 0.237684950232506 0.174683213233948 0.124803707003593 0.112791553139687 0.131756588816643 0.172665923833847 0.301687777042389 0.361443012952805 0.378699332475662 0.394397675991058 0.405697703361511 0.39385187625885 0.345904260873795 0.337068021297455 0.356266915798187 0.353082627058029 0.12328714132309 0.123535603284836 0.131617531180382 0.13480481505394 0.13700059056282 0.138561084866524 0.139852851629257 0.147139117121696 0.161425933241844 0.164723992347717 0.140360683202744 0.116356126964092 0.103512316942215 0.0985420942306519 0.0929798856377602
-9999 -9999 -9999 -9999 -9999 -9999 -9999 -9999 -9999 -9999 -9999 -9999 -9999 -9999 -9999 -9999 -9999 -9999 -9999 -9999 -9999 -9999 -9999 -9999 -9999 0.143015295267105 0.104431234300137 0.139745503664017 0.0603110939264297 0.0673933625221252 0.160929501056671 0.19823294878006 0.27273878455162 0.32987454533577 0.35940870642662 0.33562633395195 0.38147759437561 0.38410821557045 0.371396094560623 0.355274140834808 0.378164917230606 0.378609150648117 0.143976002931595 0.152118533849716 0.153225034475327 0.153420120477676 0.151052117347717 0.155145525932312 0.158002704381943 0.164480566978455 0.168528184294701 0.153035670518875 0.121596731245518 0.109445124864578 0.105331875383854 0.104825310409069
-9999 -9999 -9999 -9999 -9999 -9999 -9999 -9999 -9999 -9999 -9999 -9999 -9999 -9999 -9999 -9999 -9999 -9999 -9999 -9999 -9999 -9999 -9999 -9999 -9999 0.217469230294228 0.134729772806168 0.0865605250000954 0.117888100445271 0.0530556477606297 0.0502776652574539 0.0675649344921112 0.144543066620827 0.203908979892731 0.291612565517426 0.339525163173676 0.342871248722076 0.355369746685028 0.350224554538727 0.328919380903244 0.340452343225479 0.39323565363884 0.158020675182343 0.170636981725693 0.162809476256371 0.160714730620384 0.155586585402489 0.156384199857712 0.156161859631538 0.158495396375656 0.158571094274521 0.146036803722382 0.133357375860214 0.124695643782616 0.120677269995213 0.117908291518688
-9999 -9999 -9999 -9999 -9999 -9999 -9999 -9999 -9999 -9999 -9999 -9999 -9999 -9999 -9999 -9999 -9999 -9999 -9999 -9999 -9999 -9999 -9999 -9999 -9999 -9999 -9999 0.13801597058773 0.0702327564358711 0.0150371100753546 0.0299935322254896 0.0352099575102329 0.0469214171171188 0.0657450556755066 0.155419051647186 0.17581732571125 0.246617764234543 0.287040889263153 0.295094341039658 0.277794599533081 0.27473920583725 0.356108814477921 0.158080026507378 0.182029455900192 0.169370666146278 0.159229606389999 0.156450182199478 0.147869661450386 0.144251003861427 0.147453650832176 0.144527927041054 0.140186175704002 0.132334768772125 0.131139948964119 0.138641104102135 0.135091409087181
-9999 -9999 -9999 -9999 -9999 -9999 -9999 -9999 -9999 -9999 -9999 -9999 -9999 -9999 -9999 -9999 -9999 -9999 -9999 -9999 -9999 -9999 -9999 -9999 -9999 -9999 -9999 0.193899095058441 0.100928895175457 0.0188434012234211 0.0310037769377232 0.0323099195957184 0.0381691344082355 0.04838977009058 0.0644374787807465 0.0797455683350563 0.172902897000313 0.218278855085373 0.241265371441841 0.237453013658524 0.248896583914757 0.312617808580399 0.374848186969757 0.155663818120956 0.165704384446144 0.162873402237892 0.158772453665733 0.149294570088387 0.142781659960747 0.139200493693352 0.138259992003441 0.140654712915421 0.142513558268547 0.142115831375122 0.141673237085342 0.137035936117172
-9999 -9999 -9999 -9999 -9999 -9999 -9999 -9999 -9999 -9999 -9999 -9999 -9999 -9999 -9999 -9999 -9999 -9999 -9999 -9999 -9999 -9999 -9999 -9999 -9999 -9999 -9999 -9999 0.10749413818121 0.0274142231792212 0.0457553640007973 0.0408300831913948 0.0470858290791512 0.0534682348370552 0.0597644448280334 0.0699534267187119 0.140407338738441 0.174981385469437 0.194103047251701 0.205467000603676 0.154562890529633 0.185865432024002 0.231281444430351 0.118523597717285 0.14686718583107 0.176440954208374 0.162503138184547 0.154343634843826 0.14828597009182 0.138039365410805 0.133994415402412 0.14260958135128 0.15788996219635 0.157694727182388 0.144816443324089 0.131618574261665
-9999 -9999 -9999 -9999 -9999 -9999 -9999 -9999 -9999 -9999 -9999 -9999 -9999 -9999 -9999 -9999 -9999 -9999 -9999 -9999 -9999 -9999 -9999 -9999 -9999 -9999 -9999 -9999 0.115660943090916 0.0323280692100525 0.0611774884164333 0.0628894120454788 0.106805749237537 0.104592375457287 0.0971519500017166 0.0656197220087051 0.0767142996191978 0.142172783613205 0.137376055121422 0.116536915302277 0.129503607749939 0.156179085373878 0.195981219410896 0.0643792599439621 0.0740095227956772 0.132296368479729 0.15086168050766 0.162909209728241 0.161730334162712 0.140850767493248 0.129815980792046 0.138854697346687 0.157276406884193 0.156663313508034 0.14230215549469 0.123091824352741
-9999 -9999 -9999 -9999 -9999 -9999 -9999 -9999 -9999 -9999 -9999 -9999 -9999 -9999 -9999 -9999 -9999 -9999 -9999 -9999 -9999 -9999 -9999 -9999 -9999 -9999 -9999 -9999 0.106278464198112 0.0355018638074398 0.061858844012022 0.0748822540044785 0.140648946166039 0.13242994248867 0.100133344531059 0.0603851974010468 0.0675633177161217 0.104533433914185 0.0759663805365562 0.0968892127275467 0.105350524187088 0.136051386594772 0.172810405492783 0.0538053289055824 0.0563390180468559 0.0574357062578201 0.125128790736198 0.167027950286865 0.174791112542152 0.141758173704147 0.115204885601997 0.13507491350174 0.153150036931038 0.150044143199921 0.132236406207085 0.114094667136669
-9999 -9999 -9999 -9999 -9999 -9999 -9999 -9999 -9999 -9999 -9999 -9999 -9999 -9999 -9999 -9999 -9999 -9999 -9999 -9999 -9999 -9999 -9999 -9999 -9999 -9999 -9999 -9999 0.121604591608047 0.0354033596813679 0.0889167115092278 0.0806817561388016 0.129981473088264 0.121775522828102 0.100707724690437 0.0567946173250675 0.0623590275645256 0.0598745830357075 0.0678062289953232 0.0879135802388191 0.0965630114078522 0.12176550924778 0.158720269799232 0.0477260649204254 0.0472696125507355 0.0495217554271221 0.0637560710310936 0.127045527100563 0.143765896558762 0.14437960088253 0.140125378966331 0.139728561043739 0.138643324375153 0.130064710974693 0.116575673222542 0.105098105967045
-9999 -9999 -9999 -9999 -9999 -9999 -9999 -9999 -9999 -9999 -9999 -9999 -9999 -9999 -9999 -9999 -9999 -9999 -9999 -9999 -9999 -9999 -9999 -9999 -9999 -9999 -9999 -9999 0.131687074899673 0.0635625496506691 0.0897287651896477 0.0787100940942764 0.111037440598011 0.101991921663284 0.0911791548132896 0.0512776933610439 0.0599741972982883 0.107489868998528 0.0782871842384338 0.0836202874779701 0.088266097009182 0.116287834942341 0.154676467180252 0.044129054993391 0.0427065789699554 0.042425125837326 0.0538769140839577 0.0660210177302361 0.120302438735962 0.142608776688576 0.162236854434013 0.142056316137314 0.129335641860962 0.1183697655797 0.109539404511452 0.305951803922653
