meets/meet004/_saidas_enm/CCSM_SVM_6k_Aralia_warmingiana2.asc
NCOLS 154 
NROWS 168 
XLLCORNER -112 
YLLCORNER -55.5 
CELLSIZE 0.5 
NODATA_value -9999 
[rows 50 to 74 of 168, columns 55 to 109 of 154]
-9999 -9999 -9999 -9999 -9999 -9999 -9999 -9999 -9999 -9999 -9999 -9999 -9999 -9999 0.10721273572495 0.106313513481487 0.097914596471433 0.0692952534518134 0.00442631567459933 0.0219726936778369 0.13578407095606 0.187213212015189 0.0596735971862152 -0.0675956878180409 -0.0614472917649961 -0.0139501645086173 0.021202136324753 0.0466740658843182 0.0729472389098224 0.084058926389061 0.09068769490477 0.0941537153750394 0.0945053785252267 0.0890717157181259 0.0654537382147438 -0.0295393803202497 -0.0673583756450157 -0.0680878883536742 -0.0374004286486226 -0.0367281047737159 -0.0487338994890057 -0.0424230640195485 -0.0617198799278887 -0.0710255517368308 -0.0696700301940543 -0.0335178919888899 0.011917672762796 -0.00323511103863361 0.00372123072461511 0.0634594117198004 0.153094932473781 0.19672524638817 0.172847263624077 0.151100596508715 0.103616238751926
-9999 -9999 -9999 -9999 -9999 -9999 -9999 -9999 -9999 -9999 -9999 -9999 -9999 -9999 0.105819619255929 0.0981115028980472 0.0833981586238045 0.0418558380805423 0.00553365661455102 0.0443754745683365 0.11587439565439 0.0930505766515619 0.000982533632326532 -0.0646810476158216 -0.0594216880012546 -0.0178448805946133 0.0216723882314707 0.0467422599510417 0.0618791659820614 0.0655988934806651 0.0679872834526771 0.0719701159232935 0.0717365182743865 0.0691521610946818 0.0397163442705568 -0.071455805439167 -0.179135395455131 -0.155710675824542 -0.102504707597826 -0.0789691005203116 -0.0726989896739043 -0.0657746505783605 -0.0688086885818456 -0.0762101038404015 -0.074872467057035 -0.0422788898362718 -0.0332363665139253 -0.0375838128519227 -0.0195443310852956 0.0478791358655573 0.141714017938219 0.165469351917347 0.171146656537215 0.130543624226866 0.0961756848562436
-9999 -9999 -9999 -9999 -9999 -9999 -9999 -9999 -9999 -9999 -9999 -9999 0.107094689107299 0.103955217055918 0.0913625595308148 0.0715340469244259 0.0571631789070912 0.0340034927459584 0.0178214936976493 0.0344208372282412 0.0273851932246763 0.0128385180972159 -0.0201535832107078 -0.0273804160104127 -0.00549251190676064 0.027520035927339 0.046397985263724 0.0551695075648447 0.0587634900382435 0.0650333240541927 0.0760021417760733 0.0810490188652414 0.0718750520211723 0.0655410528935041 0.0547544965889337 -0.0390285871137414 -0.171024986958781 -0.205792116448357 -0.160176118530617 -0.136675927267101 -0.125162924906481 -0.102668981755723 -0.100927665733644 -0.10065615262538 -0.0968618850281974 -0.0818660773287164 -0.0855591524217962 -0.0619904768944536 -0.0170419416794688 0.0838559607080881 0.195129658266799 0.182055354854244 0.170208257031172 0.133600157114793 0.0944848679174331
-9999 -9999 -9999 -9999 -9999 -9999 -9999 -9999 -9999 -9999 -9999 0.107102663323643 0.102353579527794 0.0833025323470581 0.071267126989659 0.0584725686358414 0.0545271343029938 0.0495147620669517 0.0189591679228838 -0.0197600787170245 -0.0277769336522855 -0.0226707253198138 0.000533879627716671 0.0244899116378449 0.039393423876896 0.0482199974832254 0.0521987230530997 0.0568052967796526 0.0668788119929554 0.079698216812545 0.0891400973963187 0.0907413039452968 0.0777797935273012 0.0616896275536883 0.0557405708375359 -0.00840022537583673 -0.140457224795048 -0.19101802339009 -0.161060846647532 -0.138908852774435 -0.132234983223299 -0.125950303732312 -0.126217861613928 -0.12173455155761 -0.116125117207301 -0.102147909765512 -0.0580054027841105 0.0251358345187326 0.128841839112786 0.206055383068777 0.210847232924864 0.183944664612782 0.149042709500745 0.11110618764384 0.059920372163742
-9999 -9999 -9999 -9999 -9999 -9999 -9999 -9999 -9999 -9999 -9999 0.100725594147637 0.0728971453794799 0.0577061932236978 0.0550605550523875 0.0620969588589785 0.0676823256925331 0.0556688532848179 0.0371784619975603 0.0180670749314629 0.0192155598949332 0.0267346330899775 0.0402130966460027 0.0451436518424193 0.0465531045726816 0.0493410902196685 0.057148563792579 0.0709400088978996 0.0855750272574327 0.0953089434158036 0.0999991941471713 0.100029659242436 0.0870364485175671 0.0623819429002496 0.0539186612537397 0.0184955204317159 -0.0977555409716504 -0.156198952766328 -0.139248969525095 -0.111337640882031 -0.0874063316051588 -0.0601787805511514 -0.0926611192810068 -0.0923717834864135 -0.0709486014207228 -0.0138217450122078 0.119852821941805 0.179747462825547 0.237877753245517 0.23029711045685 0.149491305079515 0.125215511584921 0.087975788684001 0.0553338281416036 0.0185609547228567
-9999 -9999 -9999 -9999 -9999 -9999 -9999 -9999 -9999 0.106551344058348 0.0952370045953499 0.0680633595579387 0.0605096567467505 0.048883087193693 0.0581933616089508 0.068974163833478 0.0700922460298126 0.0581187878466113 0.0530724520161236 0.0507703473290474 0.0490972667103537 0.0469800371837316 0.0463164756153425 0.0464410954478343 0.0495796575421305 0.0608620421216602 0.0778510906543216 0.0910909825858469 0.0998105581092424 0.103594277333218 0.104663949392222 0.103883055010454 0.0944834056168534 0.0691312032140095 0.0514494042247918 0.0391332510503511 -0.0335695395432591 -0.101353805265982 -0.114991818305857 -0.0942587808525814 -0.0716976650980515 -0.0483026637195918 -0.0582589521071349 -0.0604111013671049 -0.0315236979890956 0.0238056667663683 0.0910907619844768 0.11857679005338 0.0989597688544596 0.0704497101598473 0.0603730130359991 0.0591334850880936 0.0506459017053721 0.0248034827755216 0.0100164824855115
-9999 -9999 -9999 -9999 -9999 -9999 -9999 -9999 -9999 0.0985625669200696 0.0667054871517841 0.109607846309643 0.116451008421588 0.0751230187414127 0.0807532568844563 0.0714563337478926 0.066949608821642 0.0652608313226736 0.0588748891278287 0.0576997464631009 0.0525279356503637 0.0526807077934723 0.0557777151165006 0.0593434304224492 0.0683347068670451 0.0847664933191765 0.0971052625844289 0.0987326226645187 0.100259835011462 0.100100962493922 0.0988460290296096 0.0978160427162174 0.0967784901858655 0.0778753171116169 0.0535715636636164 0.047750013412353 0.018528975256194 -0.0342450942694154 -0.074383783813648 -0.0836851638857682 -0.0819840216690653 -0.069481690503985 -0.0746914578516105 -0.0690488134299369 -0.0598302380918898 -0.0467808766171712 -0.0173147812911909 0.00181846261788815 0.0167627770098465 0.0265487658386528 0.0401444527142602 0.0495118151720215 0.0516400398013479 0.0386255349095853 0.0347915054113458
-9999 -9999 -9999 -9999 -9999 -9999 -9999 -9999 0.103812189619492 0.0830837855631386 0.0704737784885255 0.255739081281583 0.214726993825223 0.180794862091776 0.122481870858835 0.0787039802040519 0.0669800855185858 0.0619546375439076 0.0630046810944213 0.0631597161341207 0.0648221357426504 0.0703872958685339 0.0735661504199233 0.0779510460385049 0.0798161857777249 0.082308915987068 0.0855398448697029 0.0857929484312475 0.0854266872339753 0.0852862341262832 0.0845327531724133 0.0841913295230648 0.0824026648370257 0.0811542464856919 0.0606628906237863 0.0493667048339722 0.0447748488580392 0.0218652101208096 -0.0159911897410435 -0.0394709012946073 -0.0417148621951591 -0.0417401551688952 -0.0326971190309144 -0.0229032883412688 -0.0130576725308326 0.00176885637010288 0.016666565215951 0.0294379280510348 0.0378486607632935 0.0459642563582928 0.0504969501827144 0.0530831314005832 0.0539945030284551 0.0564924386460103 0.0615359379918805
-9999 -9999 -9999 -9999 -9999 -9999 -9999 -9999 0.0972026544672718 0.0681111957937109 0.15610293665035 0.510011309204543 0.337514400168484 0.239294027384868 0.144769914796603 0.0833118725094881 0.0654450404773395 0.0597569931097119 0.0601610929523491 0.0597801852653077 0.0565623272673018 0.0570578552760886 0.0595798066187406 0.063922783403581 0.0639057717514414 0.0629911728443364 0.0651613952512819 0.065431010314627 0.0683259326277467 0.0675955649276538 0.0642064053822835 0.0642234721138151 0.0637174478669975 0.0662267433753124 0.0670644894634232 0.054201342325994 0.0495457125698574 0.0469941183137508 0.0371592826975177 0.0287239383233145 0.0285336853342792 0.0292752339575166 0.0376513579652208 0.0420434417374705 0.0464941726858613 0.0497364259863509 0.0501108767802815 0.0500777033816803 0.0527372513419596 0.0566000855473948 0.0597447572003446 0.0603211507933812 0.0585806304617713 0.0577973717025901 0.0591402875371961
-9999 -9999 -9999 -9999 -9999 -9999 -9999 0.105643995139649 0.0866496865147846 0.0643213336606811 0.332252030672518 0.716261272497376 0.405868988343233 0.209693582621559 0.125417932768822 0.0832920720249443 0.0629187096441735 0.0566655316911298 0.0583825283056923 0.0586001407142789 0.0554218450181051 0.0535328327663263 0.0539491070489412 0.0545801077885726 0.054549437876838 0.0548955067511392 0.0552118453385316 0.0560647144977505 0.0562333708580202 0.0558627436511634 0.0563900608820454 0.0563200035386777 0.0568559140779004 0.0574770683206842 0.0583014943465595 0.0595453329763132 0.0557899712009777 0.0518985172110638 0.050483124990617 0.0499110093529833 0.0504551315281219 0.051971932867301 0.0530067611827701 0.0544001458646687 0.0557683232621076 0.054639736427997 0.0542556611377725 0.0559762983609152 0.0591343554468379 0.0620106617213806 0.0636313461941571 0.0637844464005843 0.0608608432610826 0.0581816136852888 0.0590363453481402
-9999 -9999 -9999 -9999 -9999 -9999 -9999 0.099238650900364 0.0643193387336302 0.0868442661908727 0.413574842410929 0.620533074592993 0.404720266742447 0.226919237379097 0.144436831770763 0.0838292649519016 0.0568395250139919 0.0493223990012425 0.052121357961525 0.0531915897152049 0.0532010004105316 0.0529686588395379 0.0526966931060004 0.0527726293824822 0.0523966899232453 0.0518715610587717 0.0518898871406051 0.0518714833897966 0.0520978823869696 0.0521955289589013 0.0522912480480869 0.052837702766371 0.053093094343016 0.0537677190324308 0.054264277683571 0.0543345294134764 0.0548076941430899 0.0540236172966766 0.0536628906067823 0.0531297319551758 0.0522942669834049 0.0525484397570996 0.0522207802616483 0.0524140999384913 0.0525287388891753 0.0528260204407152 0.0543226611920928 0.0574544688436909 0.061071027019196 0.0637304580460592 0.0638600662986215 0.0622418280325528 0.0566054979350251 0.0491152920846192 0.0432362811953748
-9999 -9999 -9999 -9999 -9999 -9999 -9999 0.079305269252017 0.0279418383806244 0.206435522569559 0.44733347014977 0.568149387196889 0.446487852103729 0.282572353844272 0.199398257397824 0.0970623964912233 0.0532905835304909 0.0372320334456638 0.0388584935873272 0.0407111552039481 0.0450761669341417 0.0481413793160141 0.0477034696135242 0.0469157308683442 0.0453883455795816 0.0456702124154965 0.0457917235405686 0.0465121506809532 0.0465584021556607 0.0462671383323437 0.0469818164682492 0.0471590783444868 0.0480520272680734 0.0484396068674194 0.0491275596832018 0.0497130603486904 0.049935297143451 0.0493663601742059 0.0482079118560623 0.0473535918845394 0.0464564042258765 0.0460601236761632 0.0466555053935958 0.0454906046207357 0.044782617984755 0.0452373861880963 0.0480387708921742 0.0525942032477212 0.0549627331544502 0.0569826015438495 0.0575072776448702 0.0547353238336312 0.047748693846055 0.0342457521535668 0.0206801476305902
-9999 -9999 -9999 -9999 -9999 -9999 -9999 -9999 -0.0217543261520936 0.352240229083132 0.576061136166324 0.535408690675624 0.471717940434863 0.338710407517292 0.258834404555194 0.138408550261095 0.0620846027095422 0.0258986529126821 0.0186411548460164 0.0170826150813539 0.0193277982006733 0.0249471503041457 0.025194791447844 0.0254145363218751 0.0240908819998257 0.0238329031609327 0.0258116964476015 0.0253917338555284 0.0264019670451326 0.0263629538190527 0.0262172468450124 0.0279245387422498 0.0285877780053543 0.0310148113192355 0.0320175425018786 0.032244994299166 0.0333803168658934 0.0321398174178458 0.0317182583631757 0.0305047574563344 0.0279271358323995 0.028375484151872 0.0270345438860403 0.026375332665553 0.0245744276721735 0.0278046932953719 0.034705677024462 0.0390344762311562 0.0432841805559369 0.045358070810014 0.0447802041997215 0.0414984947913802 0.033609975764434 0.0225105217163711 0.0112547328402023
-9999 -9999 -9999 -9999 -9999 -9999 -9999 -9999 -9999 0.496482381815953 0.622196480210546 0.558443449835705 0.487647056979903 0.367753718102854 0.284915164997665 0.1668725882859 0.0811823320207115 0.0237799327948344 -0.000863141981126692 -0.00689888457921645 -0.00563609359807576 -0.00155799920497951 -0.00101247671675497 -0.00171494872173428 -0.00242688238256034 -0.00144253004138351 -0.00157553858099851 -0.000144880493709976 0.000318309146503659 0.00145690675137283 0.0020648702700688 0.00161097807095795 0.00406794855572151 0.00549497313214042 0.0068585575003946 0.00817231423089454 0.00770654688655292 0.00883366064620722 0.00795760397545858 0.00844743170614154 0.00887523180531358 0.00921755295148374 0.0105469935900193 0.0115377639465312 0.0122519928613322 0.0204501060828577 0.0297377991149717 0.0353310168063914 0.0396896999941881 0.0435000747848783 0.044648906633892 0.0442156670786409 0.0373298638257519 0.0308957881423231 0.0238219867962886
-9999 -9999 -9999 -9999 -9999 -9999 -9999 -0.0347189295846103 0.246709746883885 0.663846487780706 0.552792672899414 0.538863010532045 0.48393201377908 0.349401570950091 0.285084675921934 0.199948988559794 0.110456380771451 0.0339608103142039 -0.00964440808802114 -0.0233012689384356 -0.0274429031953956 -0.0277303798951714 -0.0291461354368497 -0.0279716946828188 -0.0272985816674084 -0.0266664041176846 -0.0232668109691959 -0.0193499840904403 -0.0137574680917859 -0.00827888338057814 -0.00724556648050784 -0.00858196592327132 -0.0101013354021366 -0.0111148100639803 -0.0114503910197801 -0.0116060627180393 -0.0113524917621409 -0.0105515255158625 -0.00868834622061943 -0.00632790670195232 -0.00187537464320592 0.00311920052294073 0.00885457367770587 0.0140419115148855 0.0182410114147997 0.0319339533733978 0.0418315741048788 0.0487453466713174 0.0525101032552141 0.0539345559564175 0.0546629686680937 0.0536481429992838 0.0504415397594185 0.0485619653566104 0.0485633892590325
-9999 -9999 -9999 -9999 -9999 -9999 -0.00104791705078888 0.210187548619243 0.468832002305391 0.518591155842297 0.506789167142931 0.564052388589833 0.477501431425844 0.31756360576247 0.2488129739356 0.20492893450789 0.147462537114826 0.0556112285015434 -0.00683933311428531 -0.0272697790115535 -0.0304974045721566 -0.0331756142184857 -0.0364230398425961 -0.0375726060672917 -0.0340790793340936 -0.0279516127444204 -0.0150298066605008 -0.00559872638226677 0.0102474876832367 0.0240559504600455 0.0258067452521311 0.0274351877640032 0.0205667523122139 0.0178048100665714 0.0153908239285997 0.00901515092088256 0.0100393732709927 0.00854981118220965 0.0127391423538635 0.0159435968843899 0.0235523477165436 0.0327935752071897 0.0358388444697387 0.0408163420742762 0.0389797633055945 0.0449778412175501 0.0486095509702011 0.0510135787838267 0.0533861156729854 0.0536231016170461 0.054130222990328 0.0528500154321462 0.0502680937767448 0.0515534185303229 0.056248947616551
-9999 -9999 -9999 -9999 -9999 -9999 0.115308643611579 0.491889942095159 0.499048037914866 0.472876452301258 0.461336456076556 0.483952978149573 0.44496532895433 0.336432382585357 0.264518368348858 0.237923873248266 0.180392686519206 0.0918190658085971 0.0192538220262728 -0.00853912918836963 -0.0154833570438319 -0.018697458493759 -0.0232576370266185 -0.0239622909027217 -0.0173371235155099 -0.00458824301097499 0.015331266363118 0.0353707783841271 0.0560511373151583 0.0751343915945861 0.0912414128959278 0.0965677180074104 0.0926359700360824 0.087014497987306 0.084916079626968 0.0828260871982818 0.0788421796634632 0.0773784486953386 0.0741605280795507 0.0717890288672873 0.0747328744650075 0.072657164572161 0.0711612649330593 0.0640108435507045 0.0544520075434149 0.0510882157755538 0.0486814625617676 0.0479221059109314 0.0473066787239519 0.0460574316417575 0.0458066895131311 0.0456255508249839 0.0437692158722127 0.0457648189123939 0.052511133417329
-9999 -9999 -9999 -9999 -9999 -9999 -9999 0.637622281807882 0.645525888800445 0.458209293963343 0.426949365494258 0.416958159987607 0.441620248540719 0.388121723209157 0.341249787445545 0.300263184428677 0.23869710402033 0.136961330248229 0.0588805227282031 0.0290791903542083 0.0223984567545035 0.0215025956694413 0.018736957700114 0.0182933984322195 0.0275905844890572 0.0451991461113335 0.0642867569649391 0.0927595924690285 0.113298134414828 0.137103402712773 0.160815228387777 0.170493737662213 0.18883938522986 0.182948923760834 0.188728984696608 0.194901323615746 0.186711465847705 0.176890408252904 0.155207388904987 0.139806076592708 0.133285016270188 0.114987430942398 0.105017467171458 0.0870749991638507 0.069645913867549 0.0583548150852168 0.0468514408152467 0.0427835190136356 0.0382729370761382 0.0344527708919997 0.0323676812680512 0.0327498059868537 0.0302471188785206 0.0327882796588127 0.0375894659712697
-9999 -9999 -9999 -9999 -9999 -9999 -9999 0.472729322622663 0.77344668093529 0.43292812625474 0.423414957623058 0.436212924779934 0.445302042997873 0.418630727392959 0.398520425969199 0.347195394123433 0.266475894746382 0.177812353976002 0.107799455495637 0.0760286524626588 0.0641158001538611 0.0698589713522 0.0747831294788659 0.0849198328307875 0.0919279736845001 0.100814502185452 0.122145643404576 0.137504302294195 0.150146455372703 0.164745091224589 0.18802609409784 0.214536105447195 0.224446358581109 0.231280044881578 0.24018165555807 0.246596285402568 0.246545285087807 0.228909306944212 0.205854595839854 0.186655101349744 0.171331808560689 0.152064277823393 0.131279785822087 0.107844775116747 0.085870414428654 0.0685489393380481 0.0525354873525886 0.0405398673098878 0.0297613776425586 0.0200942794130346 0.0106309721171084 0.00571951810243704 0.00804022678792399 0.014568377874271 0.0180013160814377
-9999 -9999 -9999 -9999 -9999 -9999 -9999 0.0337858234297325 0.728395118592389 0.576382758413561 0.422944271130729 0.466163288715279 0.466149917694373 0.372117404695477 0.379095046913667 0.365563933477402 0.281871808493882 0.219641556870257 0.13796789768489 0.101872518194903 0.100295738586916 0.121651708749431 0.143447857155519 0.157065206330893 0.160653006368572 0.162752771148746 0.173470786115318 0.182300119982704 0.174077765232207 0.177870438044633 0.20514713940609 0.2271719857521 0.242371578078463 0.233715772705529 0.246490277822407 0.269751832693508 0.270383249632006 0.268195820009707 0.233785478461294 0.216290645905934 0.211391669253956 0.181339710767563 0.163551953855225 0.131758621979238 0.105344753447658 0.0887343526889183 0.0627937563062877 0.0448219150898972 0.0230384913303235 0.00682937778505693 -0.0105270403976991 -0.0213895975045045 -0.0142522728111297 -0.00406955060800834 -0.00348252512283292
-9999 -9999 -9999 -9999 -9999 -9999 -9999 -9999 -9999 0.522859441345393 0.514931519858703 0.534247763868304 0.47484854146327 0.307499660547258 0.323753928776775 0.368243272827597 0.378528416086445 0.280277054889037 0.13538330508373 0.0866701406326616 0.119727783402873 0.179877806250271 0.200252293960022 0.205675463076748 0.200329838571265 0.193009234624784 0.200714433368274 0.194502727581906 0.178274184074745 0.169709100655938 0.177923265882424 0.191761697346024 0.189002731746374 0.176928883756772 0.184893452113065 0.208864294628849 0.230022507576325 0.226457159703407 0.21642831059984 0.208934917951582 0.198927487848849 0.188010399015888 0.164723684482978 0.140481669801184 0.117489625118263 0.0975155400104809 0.0748950716936623 0.047233194801096 0.0212434934958379 -0.00319454442943345 -0.0265635042633896 -0.0354727971132144 -0.0344638605762775 -0.0260248731595021 -0.0247926128975966
-9999 -9999 -9999 -9999 -9999 -9999 -9999 -9999 -9999 0.0278284502701275 0.699141429742929 0.558880027021232 0.442979121980765 0.232663701715378 0.261081839655491 0.344853773078931 0.441918049554281 0.368634055627639 0.158128209534756 0.093370729368995 0.150534650870208 0.228824324369138 0.240474549099648 0.231656153479807 0.215462975999976 0.205386609831671 0.207631156764539 0.193902604325246 0.165698405129912 0.147186546090902 0.150257304092722 0.15240140920053 0.142062455158248 0.11356099898568 0.116006876774475 0.146273132744153 0.165985916541917 0.178087389373929 0.170717424552954 0.1733862772011 0.1790967098407 0.171377473443798 0.161327880890914 0.138943663484915 0.120647849926415 0.1100786943063 0.0855421755013845 0.0533271613929044 0.0181343604514352 -0.0136695367832818 -0.04255850032694 -0.0569143206619472 -0.0618920817846246 -0.0562932867126362 -0.0513830917722063
-9999 -9999 -9999 -9999 -9999 -9999 -9999 -9999 -9999 -9999 0.785939449825112 0.530316374954087 0.372607946503438 0.172171653010312 0.202098897716837 0.314270841067356 0.491414442711777 0.484896009924924 0.236784418863938 0.121361890702236 0.175815500390979 0.260934174903737 0.265310003536133 0.236036892685008 0.210171781413402 0.201367428679521 0.197163431429217 0.17911636773073 0.1473293541652 0.122323330931065 0.115343888394731 0.109964752869487 0.0882519383582159 0.0599070267143917 0.0561296242102937 0.07095767708755 0.0887597883800131 0.0953238501874723 0.0976828048658628 0.108285231358567 0.11544363263578 0.125597458679973 0.118212329309459 0.111543569350192 0.107019436674739 0.100512029573082 0.088123611442683 0.0497513366308814 0.00962242567724203 -0.026463249788455 -0.0580654744749126 -0.0766577659962341 -0.0820585787098701 -0.0819255201822264 -0.0703966966944335
-9999 -9999 -9999 -9999 -9999 -9999 -9999 -9999 -9999 -9999 -9999 0.722714520702714 0.330378901620563 0.156930181460104 0.183545370491447 0.30322593091727 0.53988327040758 0.630105575379419 0.36383349458349 0.187351859470043 0.222124758014965 0.285152952316902 0.269375156623434 0.234334476306765 0.20407790454861 0.186986690212973 0.176240823336748 0.154486858656137 0.124177168905891 0.09746185790353 0.0823746297433089 0.0690539619192398 0.0457924522030589 0.0136419713866525 0.00294518097440138 0.0112419090049564 0.0204838980837592 0.0248412339010559 0.0226883755383847 0.033138676029162 0.0501207380177689 0.0635433791756698 0.0669691935770471 0.0658169374972483 0.0716826729825432 0.0821297717611523 0.0771719593497309 0.0421954872607966 -0.00170615280150044 -0.0377494063733097 -0.0688257798908576 -0.0845960924559607 -0.0874827949070572 -0.0829912752386939 -0.0667905812681148
-9999 -9999 -9999 -9999 -9999 -9999 -9999 -9999 -9999 -9999 -9999 -9999 0.399593246504603 0.156850216170637 0.237773957450382 0.361326163398947 0.557782670437163 0.74788566942607 0.567400087812028 0.317923867774818 0.293820416374112 0.298301677394639 0.267901598603664 0.234558776527527 0.195273378266575 0.176090100733159 0.155972129994488 0.132460985166803 0.100670729257801 0.0721732948922661 0.054289807604096 0.0336751138293035 0.0111647317277297 -0.0166640418964232 -0.0311506365233775 -0.0354259990594832 -0.0404538867582914 -0.0345383681545848 -0.0371635523222162 -0.0262474919977266 -0.0110404049524327 -0.00182098055378682 0.0149910087354178 0.0175869540792457 0.0312757770429787 0.0528553831089693 0.0518012684628038 0.0239851831745235 -0.0127244127343688 -0.0437040388064973 -0.0700067251925068 -0.0832560501450194 -0.0833121956093869 -0.0793374663572609 -0.0671764110383627
