meets/meet004/_saidas_enm/CCSM_Maxent_6k_Aralia_warmingiana2.asc
NCOLS 154 
NROWS 168 
XLLCORNER -112 
YLLCORNER -55.5 
CELLSIZE 0.5 
NODATA_value -9999 
[rows 75 to 99 of 168, columns 56 to 111 of 154]
-9999 -9999 -9999 -9999 -9999 -9999 -9999 -9999 -9999 -9999 -9999 0.415389448404312 0.328813433647156 0.331122666597366 0.347342967987061 0.380065500736237 0.468709796667099 0.572561979293823 0.545325756072998 0.502305805683136 0.409623056650162 0.305414319038391 0.242432072758675 0.204767689108849 0.211542755365372 0.210605755448341 0.195424556732178 0.17700868844986 0.160212010145187 0.149713188409805 0.136032089591026 0.119212597608566 0.105372495949268 0.0995130315423012 0.100927717983723 0.103004239499569 0.104156270623207 0.104190677404404 0.110428333282471 0.120448850095272 0.129644781351089 0.138743743300438 0.144909963011742 0.155994266271591 0.167107656598091 0.170327037572861 0.167287975549698 0.157907590270042 0.148366361856461 0.135400027036667 0.127914726734161 0.130409464240074 0.136905282735825 0.147977635264397 0.156966209411621 0.153965845704079
-9999 -9999 -9999 -9999 -9999 -9999 -9999 -9999 -9999 -9999 -9999 0.452873528003693 0.377076297998428 0.348591208457947 0.346904695034027 0.346426963806152 0.400009036064148 0.454628646373749 0.531856536865234 0.573558449745178 0.480823695659637 0.379717826843262 0.298499912023544 0.220655739307404 0.22600544989109 0.203306779265404 0.194053769111633 0.175781771540642 0.15526881814003 0.144948050379753 0.131604164838791 0.113207928836346 0.103718832135201 0.100201323628426 0.106219582259655 0.118386045098305 0.112822845578194 0.116091646254063 0.124117210507393 0.136950209736824 0.163316085934639 0.154995426535606 0.163015231490135 0.176071405410767 0.185813680291176 0.216877549886703 0.205881237983704 0.188008293509483 0.178641945123672 0.165378004312515 0.157577216625214 0.15872922539711 0.159569934010506 0.157005041837692 0.14438234269619 0.128223359584808
-9999 -9999 -9999 -9999 -9999 -9999 -9999 -9999 -9999 -9999 -9999 -9999 0.429939895868301 0.380478918552399 0.353884756565094 0.337417036294937 0.325786203145981 0.326211899518967 0.382006347179413 0.495021969079971 0.589726567268372 0.551321923732758 0.367913842201233 0.221571445465088 0.232269465923309 0.238883957266808 0.214864283800125 0.176645219326019 0.147309258580208 0.131702676415443 0.119054161012173 0.103390239179134 0.0950689390301704 0.0933770090341568 0.100282296538353 0.111567996442318 0.111305005848408 0.113615565001965 0.120931975543499 0.132477596402168 0.147552102804184 0.139592975378036 0.137367784976959 0.149266988039017 0.172456949949265 0.203997567296028 0.212413892149925 0.209832578897476 0.207986742258072 0.198753401637077 0.187695056200027 0.184748917818069 0.176565080881119 0.162800192832947 0.146213039755821 0.120919272303581
-9999 -9999 -9999 -9999 -9999 -9999 -9999 -9999 -9999 -9999 -9999 -9999 0.48105788230896 0.390422940254211 0.341857969760895 0.287921100854874 0.243111237883568 0.202203214168549 0.231012031435966 0.341259241104126 0.471355855464935 0.584679007530212 0.534883916378021 0.228079080581665 0.305142641067505 0.321389257907867 0.238591849803925 0.177680611610413 0.134662210941315 0.117154896259308 0.102552816271782 0.089401088654995 0.0818192660808563 0.0802703574299812 0.0870255976915359 0.0946044474840164 0.0978117436170578 0.100219644606113 0.105355799198151 0.112105146050453 0.113949693739414 0.108457133173943 0.0945787280797958 0.105359181761742 0.139184579253197 0.172184154391289 0.210852235555649 0.226359888911247 0.238241940736771 0.234573766589165 0.216178730130196 0.207705244421959 0.19306269288063 0.173422783613205 0.14441280066967 0.117453679442406
-9999 -9999 -9999 -9999 -9999 -9999 -9999 -9999 -9999 -9999 -9999 -9999 -9999 0.469451189041138 0.334092825651169 0.231848314404488 0.179210439324379 0.156013578176498 0.158480107784271 0.205671712756157 0.29084125161171 0.420736759901047 0.555795431137085 0.458945721387863 0.349386274814606 0.321304440498352 0.241096660494804 0.159124836325645 0.113141462206841 0.0995206907391548 0.0884042009711266 0.0770092457532883 0.0710737332701683 0.0693144276738167 0.0736902132630348 0.0816688239574432 0.0841406583786011 0.0871278196573257 0.0918113514780998 0.0984542816877365 0.098669745028019 0.0871896296739578 0.076058529317379 0.0869303867220879 0.12046355009079 0.167455747723579 0.221312925219536 0.260388046503067 0.286592155694962 0.284164935350418 0.263663679361343 0.244095906615257 0.208278656005859 0.173239275813103 0.141876727342606 0.113814242184162
-9999 -9999 -9999 -9999 -9999 -9999 -9999 -9999 -9999 -9999 -9999 -9999 -9999 0.471184641122818 0.327900022268295 0.166484236717224 0.144733086228371 0.129146918654442 0.114688009023666 0.121467232704163 0.125402048230171 0.206130340695381 0.344094157218933 0.416523724794388 0.380155831575394 0.357611507177353 0.233464896678925 0.142927914857864 0.0805088132619858 0.0757485777139664 0.0738817676901817 0.0521890409290791 0.057557187974453 0.055933091789484 0.0617165677249432 0.0679218247532845 0.0687451735138893 0.0721400529146194 0.0776791796088219 0.0880136415362358 0.0947525501251221 0.0871063247323036 0.0663096234202385 0.0772864297032356 0.115125745534897 0.175760358572006 0.234269887208939 0.301884204149246 0.34196013212204 0.330175578594208 0.323738366365433 0.269595444202423 0.219361737370491 0.178987413644791 0.145497620105743 0.118169583380222
-9999 -9999 -9999 -9999 -9999 -9999 -9999 -9999 -9999 -9999 -9999 -9999 -9999 -9999 0.373774230480194 0.209018036723137 0.157180085778236 0.125526145100594 0.100826092064381 0.0857389494776726 0.076043114066124 0.0753146409988403 0.0776337012648582 0.099381223320961 0.158405244350433 0.252081960439682 0.300820291042328 0.146626994013786 0.0615583993494511 0.0555138476192951 0.0350828431546688 0.0388788431882858 0.0372590385377407 0.0372417569160461 0.0453291498124599 0.0490904413163662 0.0484996177256107 0.0511354953050613 0.0583934262394905 0.0719579383730888 0.0852836146950722 0.084556870162487 0.0802037492394447 0.0928445532917976 0.118042573332787 0.168412402272224 0.230558902025223 0.292832255363464 0.327899038791656 0.322283625602722 0.295811712741852 0.260457426309586 0.219502776861191 0.183585941791534 0.150771141052246 0.120320074260235
-9999 -9999 -9999 -9999 -9999 -9999 -9999 -9999 -9999 -9999 -9999 -9999 -9999 -9999 0.453341722488403 0.255490124225616 0.218084096908569 0.143278613686562 0.100697927176952 0.0710427686572075 0.0490361154079437 0.0279360841959715 0.0195884648710489 0.0235217921435833 0.0303413458168507 0.0412501692771912 0.0938925221562386 0.241586551070213 0.17411544919014 0.163379326462746 0.029320951551199 0.036398034542799 0.0315116010606289 0.0264511071145535 0.0340830460190773 0.0349685922265053 0.0311283506453037 0.0315906219184399 0.0415356568992138 0.0575630255043507 0.0805675163865089 0.0842363387346268 0.0897668972611427 0.102981671690941 0.119462974369526 0.158509910106659 0.215358167886734 0.265155434608459 0.288502424955368 0.285156965255737 0.26907742023468 0.252130180597305 0.220796048641205 0.19540074467659 0.162222877144814 0.127629429101944
-9999 -9999 -9999 -9999 -9999 -9999 -9999 -9999 -9999 -9999 -9999 -9999 -9999 -9999 -9999 0.490093380212784 0.335809588432312 0.187994837760925 0.113543815910816 0.0717662125825882 0.0420211814343929 0.0198675822466612 0.0113160479813814 0.0102682616561651 0.0102570056915283 0.0110224755480886 0.0176004394888878 0.0286325756460428 0.0472135357558727 0.187157481908798 0.334041446447372 0.191715463995934 0.0517644546926022 0.0203644819557667 0.0223638508468866 0.0232490040361881 0.0251518599689007 0.0276882331818342 0.0318466760218143 0.0369081608951092 0.0451736785471439 0.062941737473011 0.0831273645162582 0.105632916092873 0.129470661282539 0.154760971665382 0.202130660414696 0.238244757056236 0.265333354473114 0.264404445886612 0.256136178970337 0.24247382581234 0.22772504389286 0.207887187600136 0.181736141443253 0.168706178665161
-9999 -9999 -9999 -9999 -9999 -9999 -9999 -9999 -9999 -9999 -9999 -9999 -9999 -9999 -9999 0.598989903926849 0.439251333475113 0.278357744216919 0.155997455120087 0.0904268324375153 0.0470073744654655 0.0240080989897251 0.0121692344546318 0.00750091066583991 0.00557711394503713 0.00365722482092679 0.00658904947340488 0.00846910662949085 0.0138999111950397 0.0369413644075394 0.162979111075401 0.38787117600441 0.152336701750755 0.0294895172119141 0.024541174992919 0.0200174041092396 0.0195235852152109 0.0213335268199444 0.0211066715419292 0.0192932281643152 0.0215358175337315 0.0382413119077682 0.0697391778230667 0.100580468773842 0.123657807707787 0.150760352611542 0.195464491844177 0.218589633703232 0.246216997504234 0.24215193092823 0.226533710956573 0.215406909584999 0.210395842790604 0.187377363443375 0.164532020688057 0.17878657579422
-9999 -9999 -9999 -9999 -9999 -9999 -9999 -9999 -9999 -9999 -9999 -9999 -9999 -9999 -9999 0.458877235651016 0.469014167785645 0.349192053079605 0.232987940311432 0.142572030425072 0.0797597169876099 0.0452211238443851 0.0294184274971485 0.0192999076098204 0.0103476084768772 0.00706825358793139 0.00683886790648103 0.00699984561651945 0.00974226277321577 0.020575288683176 0.0756167620420456 0.23932372033596 0.431303203105927 0.137000262737274 0.0589832924306393 0.03145357593894 0.0265469532459974 0.0187577679753304 0.0151355108246207 0.0134064191952348 0.0124026965349913 0.0284454561769962 0.0650614798069 0.0963760241866112 0.129340648651123 0.154850766062737 0.177402466535568 0.196862325072289 0.208486080169678 0.203972697257996 0.2105702906847 0.161486253142357 0.133252128958702 0.111089982092381 0.0882705077528954 0.0846785828471184
-9999 -9999 -9999 -9999 -9999 -9999 -9999 -9999 -9999 -9999 -9999 -9999 -9999 -9999 -9999 -9999 0.370240479707718 0.377693057060242 0.310260355472565 0.231988698244095 0.102682337164879 0.0772553086280823 0.0539799183607101 0.0446192026138306 0.0335429981350899 0.0291245076805353 0.0144916111603379 0.0114083243533969 0.0131761357188225 0.02146340534091 0.0430467613041401 0.112633347511292 0.293015420436859 0.396834820508957 0.237970322370529 0.0812135636806488 0.0452923066914082 0.0254346337169409 0.019370649009943 0.0158042851835489 0.0125744352117181 0.0350150763988495 0.0718319937586784 0.0989249348640442 0.123377233743668 0.136006429791451 0.130593091249466 0.131580576300621 0.126452252268791 0.114585757255554 0.125941976904869 0.0781086757779121 0.0563762634992599 0.0452007278800011 0.0349166579544544 0.0359553657472134
-9999 -9999 -9999 -9999 -9999 -9999 -9999 -9999 -9999 -9999 -9999 -9999 -9999 -9999 -9999 -9999 -9999 0.389757603406906 0.355232745409012 0.315256148576736 0.247658312320709 0.168164595961571 0.106307007372379 0.0679117664694786 0.0520905964076519 0.0381710790097713 0.0268260892480612 0.0227555856108665 0.0212494563311338 0.0253098849207163 0.0262801703065634 0.0490932390093803 0.100894629955292 0.215684086084366 0.386788457632065 0.316827952861786 0.128607273101807 0.0671349316835403 0.0422459729015827 0.0466560311615467 0.0646026581525803 0.0746804773807526 0.0906459391117096 0.0988619178533554 0.100058391690254 0.0868382379412651 0.0777101889252663 0.0590652711689472 0.0475573241710663 0.039556372910738 0.0277374666184187 0.0228539425879717 0.0164352767169476 0.0145065765827894 0.0152918016538024 0.0178994368761778
-9999 -9999 -9999 -9999 -9999 -9999 -9999 -9999 -9999 -9999 -9999 -9999 -9999 -9999 -9999 -9999 -9999 -9999 -9999 0.247965306043625 0.313329786062241 0.259967088699341 0.177671119570732 0.115509040653706 0.0850665122270584 0.0574419721961021 0.0450382232666016 0.0397682040929794 0.0339602790772915 0.0313154570758343 0.0239711608737707 0.0290767624974251 0.0366351120173931 0.0691882893443108 0.188883155584335 0.382511258125305 0.348088622093201 0.161437138915062 0.0855716317892075 0.0894796252250671 0.124901138246059 0.104078233242035 0.0982327237725258 0.0950594767928123 0.0725507512688637 0.0612908378243446 0.0578082017600536 0.0385504961013794 0.0275188311934471 0.0192575957626104 0.0111474590376019 0.00975422840565443 0.00759469997137785 0.00728521542623639 0.00911488011479378 0.011325647123158
-9999 -9999 -9999 -9999 -9999 -9999 -9999 -9999 -9999 -9999 -9999 -9999 -9999 -9999 -9999 -9999 -9999 -9999 -9999 -9999 -9999 0.32032111287117 0.313263773918152 0.227296873927116 0.136262476444244 0.0777831226587296 0.0609566569328308 0.0546246618032455 0.0514442510902882 0.038953173905611 0.0356780774891376 0.0285119991749525 0.019381508231163 0.025307210162282 0.0635085925459862 0.146627798676491 0.30490916967392 0.380347013473511 0.180068492889404 0.167862862348557 0.107723377645016 0.0895779952406883 0.0935073122382164 0.0632310137152672 0.0602497644722462 0.0543089099228382 0.0507532395422459 0.0463370494544506 0.0312365479767323 0.0171243902295828 0.0101759200915694 0.0079424437135458 0.00713187782093883 0.00720038544386625 0.00737411715090275 0.0102016665041447
-9999 -9999 -9999 -9999 -9999 -9999 -9999 -9999 -9999 -9999 -9999 -9999 -9999 -9999 -9999 -9999 -9999 -9999 -9999 -9999 -9999 -9999 -9999 0.356737703084946 0.264736592769623 0.165364980697632 0.117557935416698 0.0838138461112976 0.0727873742580414 0.0621344819664955 0.0538785867393017 0.040449995547533 0.0211646147072315 0.0187257397919893 0.028482910245657 0.0498197264969349 0.123396523296833 0.282803684473038 0.395308643579483 0.391654193401337 0.180791467428207 0.101033054292202 0.0701667293906212 0.0548965707421303 0.0513373501598835 0.0531946197152138 0.0532497204840183 0.0515438839793205 0.0367361307144165 0.0201583541929722 0.0115187158808112 0.00910045113414526 0.00802880059927702 0.00725394766777754 0.0070663602091372 0.00817879289388657
-9999 -9999 -9999 -9999 -9999 -9999 -9999 -9999 -9999 -9999 -9999 -9999 -9999 -9999 -9999 -9999 -9999 -9999 -9999 -9999 -9999 -9999 -9999 -9999 -9999 0.367313295602798 0.238781303167343 0.145514324307442 0.0986594036221504 0.10086777061224 0.0963216871023178 0.0699980854988098 0.0415557064116001 0.0292014684528112 0.0237741637974977 0.021743917837739 0.0505015589296818 0.105066418647766 0.221776843070984 0.423884600400925 0.450805366039276 0.20122104883194 0.0865119770169258 0.0430530719459057 0.0469837859272957 0.0547535382211208 0.0551548600196838 0.049580093473196 0.0384025946259499 0.0221633017063141 0.0130277890712023 0.0101224863901734 0.00907421205192804 0.007752048317343 0.00602819351479411 0.00568588823080063
-9999 -9999 -9999 -9999 -9999 -9999 -9999 -9999 -9999 -9999 -9999 -9999 -9999 -9999 -9999 -9999 -9999 -9999 -9999 -9999 -9999 -9999 -9999 -9999 -9999 0.41779226064682 0.352686554193497 0.250883728265762 0.182710841298103 0.137978509068489 0.113830961287022 0.0971921905875206 0.0846619680523872 0.0601483397185802 0.0414650589227676 0.032296184450388 0.0495826564729214 0.073769673705101 0.147868156433105 0.323896467685699 0.501785814762115 0.468015968799591 0.127010196447372 0.0433698706328869 0.0433561392128468 0.0589900426566601 0.0642929524183273 0.0565830692648888 0.0425388030707836 0.025891475379467 0.0159274339675903 0.0119590247049928 0.00981387309730053 0.0079380739480257 0.00656211609020829 0.00581139326095581
-9999 -9999 -9999 -9999 -9999 -9999 -9999 -9999 -9999 -9999 -9999 -9999 -9999 -9999 -9999 -9999 -9999 -9999 -9999 -9999 -9999 -9999 -9999 -9999 -9999 -9999 -9999 0.359885782003403 0.289014667272568 0.160884693264961 0.114582896232605 0.103492401540279 0.094106525182724 0.103413708508015 0.0882409289479256 0.0852059572935104 0.0793664380908012 0.0893296301364899 0.144146144390106 0.280448436737061 0.451366037130356 0.539299786090851 0.182174250483513 0.0377986766397953 0.0456428751349449 0.0677622780203819 0.062512144446373 0.0675836652517319 0.0517284050583839 0.0269008278846741 0.017361294478178 0.0130626522004604 0.0104903653264046 0.00857969280332327 0.00717362947762012 0.00636949948966503
-9999 -9999 -9999 -9999 -9999 -9999 -9999 -9999 -9999 -9999 -9999 -9999 -9999 -9999 -9999 -9999 -9999 -9999 -9999 -9999 -9999 -9999 -9999 -9999 -9999 -9999 -9999 0.284843802452087 0.350432515144348 0.221719771623611 0.169319123029709 0.143664717674255 0.130847424268723 0.116647407412529 0.116003036499023 0.114846937358379 0.108905173838139 0.108878843486309 0.160431995987892 0.271517336368561 0.427755981683731 0.58587646484375 0.376729786396027 0.0659908652305603 0.0443369187414646 0.0564765371382236 0.0521447509527206 0.0487235672771931 0.0373954512178898 0.0244915504008532 0.0161239113658667 0.01111398357898 0.0105236582458019 0.00958339776843786 0.0083037531003356 0.00866624340415001
-9999 -9999 -9999 -9999 -9999 -9999 -9999 -9999 -9999 -9999 -9999 -9999 -9999 -9999 -9999 -9999 -9999 -9999 -9999 -9999 -9999 -9999 -9999 -9999 -9999 -9999 -9999 -9999 0.286532372236252 0.307504743337631 0.244635984301567 0.195012405514717 0.159504681825638 0.141129598021507 0.131772875785828 0.134864538908005 0.131416082382202 0.114835038781166 0.162604719400406 0.273017704486847 0.419556766748428 0.586599409580231 0.58500075340271 0.112072676420212 0.0534780360758305 0.0363623350858688 0.0332021750509739 0.0276470687240362 0.021669352427125 0.0186074562370777 0.0132492166012526 0.0117090828716755 0.0102079436182976 0.00938170868903399 0.00925437733530998 0.0133169740438461
-9999 -9999 -9999 -9999 -9999 -9999 -9999 -9999 -9999 -9999 -9999 -9999 -9999 -9999 -9999 -9999 -9999 -9999 -9999 -9999 -9999 -9999 -9999 -9999 -9999 -9999 -9999 -9999 0.190053895115852 0.301653742790222 0.277268707752228 0.222869709134102 0.165093511343002 0.128359422087669 0.136270970106125 0.14399354159832 0.138931706547737 0.119104325771332 0.162785604596138 0.267785280942917 0.405661433935165 0.564052939414978 0.596058011054993 0.161918938159943 0.0703277438879013 0.046496756374836 0.0242747757583857 0.0172364972531796 0.0141075477004051 0.0145958485081792 0.0137177193537354 0.012377648614347 0.0105966161936522 0.00959642231464386 0.0117430193349719 0.0220267660915852
-9999 -9999 -9999 -9999 -9999 -9999 -9999 -9999 -9999 -9999 -9999 -9999 -9999 -9999 -9999 -9999 -9999 -9999 -9999 -9999 -9999 -9999 -9999 -9999 -9999 -9999 -9999 -9999 0.154114753007889 0.323760330677032 0.264396011829376 0.232517808675766 0.122486345469952 0.0963564366102219 0.117603115737438 0.139769420027733 0.137907147407532 0.11823096126318 0.152795121073723 0.247427895665169 0.360768288373947 0.551107227802277 0.591172993183136 0.162781789898872 0.0714882016181946 0.048263743519783 0.0267979316413403 0.0159971881657839 0.0144939441233873 0.0144876316189766 0.0184425916522741 0.012675660662353 0.0109063694253564 0.0100580314174294 0.0183615814894438 0.0377328656613827
-9999 -9999 -9999 -9999 -9999 -9999 -9999 -9999 -9999 -9999 -9999 -9999 -9999 -9999 -9999 -9999 -9999 -9999 -9999 -9999 -9999 -9999 -9999 -9999 -9999 -9999 -9999 -9999 0.153931021690369 0.336800843477249 0.313497096300125 0.203669801354408 0.119970425963402 0.0931421294808388 0.106145165860653 0.129945531487465 0.123232692480087 0.110341541469097 0.148743331432343 0.233198866248131 0.359453916549683 0.531737804412842 0.572216629981995 0.14254903793335 0.0650881603360176 0.0510757304728031 0.0323154591023922 0.0234188102185726 0.017118614166975 0.0161614306271076 0.0165874250233173 0.0145593211054802 0.013256149366498 0.0191378109157085 0.0367987230420113 0.0752721577882767
-9999 -9999 -9999 -9999 -9999 -9999 -9999 -9999 -9999 -9999 -9999 -9999 -9999 -9999 -9999 -9999 -9999 -9999 -9999 -9999 -9999 -9999 -9999 -9999 -9999 -9999 -9999 -9999 0.150552093982697 0.327892333269119 0.285516798496246 0.172048836946487 0.115401476621628 0.093145027756691 0.103454194962978 0.118579849600792 0.108079232275486 0.0963000357151031 0.141286119818687 0.234904631972313 0.359720200300217 0.529372692108154 0.549887716770172 0.10267549008131 0.0646792724728584 0.0556848086416721 0.0401025302708149 0.0322680324316025 0.0277629923075438 0.0213161818683147 0.0172683075070381 0.0207893270999193 0.0244160462170839 0.0387849472463131 0.0764784961938858 0.144654676318169
