meets/meet004/_saidas_enm/CCSM_Maha_6k_Cavanillesia_umbellata1.asc
NCOLS 154 
NROWS 168 
XLLCORNER -112 
YLLCORNER -55.5 
CELLSIZE 0.5 
NODATA_value -9999 
[rows 75 to 99 of 168, columns 56 to 111 of 154]
-9999 -9999 -9999 -9999 -9999 -9999 -9999 -9999 -9999 -9999 -9999 -23.4194667222102 -5.0063508205491 -7.98204515512169 -9.32186444774571 -7.37624534070172 -4.64575439563497 -5.32367083630159 -5.02551607968358 -4.20564450380614 -4.68695812547751 -6.19252236872808 -8.77529504705944 -10.1835714101118 -9.99665207844431 -9.96723874268507 -9.70453129973528 -9.52322392712939 -9.41577080001733 -8.98514461912121 -8.976890661513 -8.80360661708473 -8.91843681141316 -8.92278953658994 -8.60107526682869 -8.55420429355665 -7.99549576662501 -7.73528691224537 -7.22041849075818 -6.49718236426312 -6.08686560216788 -5.36495523010446 -4.89772336471726 -4.40168177651978 -4.07315774384493 -4.29686898632279 -4.64810020845483 -5.27647196239128 -6.07032785480497 -6.97015450147391 -8.02455628880841 -8.77713333581456 -9.5149792614324 -9.86287134088296 -10.3163347804631 -12.1500787355755
-9999 -9999 -9999 -9999 -9999 -9999 -9999 -9999 -9999 -9999 -9999 -26.1676171435807 -3.38197253943815 -6.24181932429488 -6.79729759471218 -5.21528926687973 -5.42249568642187 -3.67783345578247 -4.25700592696704 -3.96897012165247 -3.47839958324539 -4.7516805769409 -6.89989080081356 -8.49357662564337 -9.21510356217089 -9.69114586354633 -9.80295042984516 -9.58663449647431 -9.4964213690508 -9.36624993095562 -9.58298652815195 -9.45031865198816 -9.56771402467587 -9.62225487381027 -9.20761339867991 -9.28381551155956 -8.8963725367082 -8.57725250784753 -8.2258481247537 -7.57730504795382 -7.29360046684347 -6.65325691934139 -6.3014332756685 -5.84661834650562 -5.06277051713006 -4.865317102083 -4.98726964750568 -5.43707444548449 -6.13275790499201 -6.93480354044781 -7.87408779595484 -8.58678177786156 -9.28159443063216 -9.9663631804518 -11.6633272892462 -13.540366968285
-9999 -9999 -9999 -9999 -9999 -9999 -9999 -9999 -9999 -9999 -9999 -9999 -8.00942942502256 -2.91429813699634 -4.35131998703791 -4.55678419619515 -4.05853978777042 -4.18551032570464 -3.09455120670403 -2.0336974426311 -3.30707723886428 -3.99144576976179 -4.91359767188438 -6.49569733322703 -7.72360907648048 -9.05865617517876 -9.24784377692539 -8.98597130569282 -9.06344059908358 -9.2111909813335 -9.58337464519808 -9.54480680326833 -9.62774992255778 -9.71963104348626 -9.51818222518792 -9.59842809775109 -9.43956903152135 -9.28461280243082 -8.97923274966826 -8.40225071913785 -8.04875823966147 -7.53230570234242 -7.31379306025536 -6.99450665063813 -6.39588704872548 -6.1269411501488 -6.01311038204645 -6.26908122474164 -6.75332097386322 -7.3368803149139 -8.14031043019735 -8.86387452599132 -9.85392688382397 -11.3540610347549 -12.9735358895882 -14.6670168137009
-9999 -9999 -9999 -9999 -9999 -9999 -9999 -9999 -9999 -9999 -9999 -9999 -26.3117624741369 -6.83666206737261 -2.85521295119675 -8.89876534874444 -7.87794793524368 -5.46033763694153 -4.25800268755987 -3.01145607932695 -2.82559844118269 -3.5815447694756 -3.45921250119676 -4.65752246477127 -6.51433083583227 -8.95547592900701 -8.38112375419951 -7.92053289165736 -7.97392351264112 -8.43274171326344 -9.20678097749489 -9.15123453006037 -9.21229454932786 -9.40332521227157 -9.33661221865355 -9.69263618295856 -9.80900024149077 -10.0236425850874 -9.86859008583851 -9.02173453634122 -8.5585059047283 -8.19811506431738 -8.05767862769547 -7.90986592255954 -7.39954020890263 -7.52913189939627 -7.55456437765374 -7.61809929701028 -8.06197893889559 -8.49895505418616 -9.26611556571591 -10.2963824431216 -11.589360683836 -12.9709383477349 -14.3826627512823 -15.9570482320738
-9999 -9999 -9999 -9999 -9999 -9999 -9999 -9999 -9999 -9999 -9999 -9999 -9999 -22.2940205301896 -3.71806799418132 -9.58650449967287 -14.1597038799376 -14.7460513593452 -11.7328080526812 -6.27903846623535 -5.60601216481549 -2.40507870788957 -4.28695404328157 -4.10184030383602 -5.69172559185308 -6.8106125477358 -6.11152751850901 -5.92579735560455 -6.41845710552425 -6.8697722647883 -7.76171187673332 -8.04029508155888 -8.4039859070455 -8.86502417225702 -9.19220996783606 -9.87684421007843 -10.1371338973778 -10.4092945735337 -10.4181594037028 -9.99007016291759 -9.52795850643098 -8.81020322889314 -8.46353132884743 -8.34511600116707 -8.32624368071744 -8.73505365948346 -9.04232791113201 -9.42300844420142 -10.0464751453737 -10.4982002782067 -11.2432811948144 -12.0970591688879 -13.3263418731699 -14.5313188976406 -15.6540062033618 -16.843854039824
-9999 -9999 -9999 -9999 -9999 -9999 -9999 -9999 -9999 -9999 -9999 -9999 -9999 -30.3778885726089 -7.30659777832361 -15.7970869428597 -20.0186645609758 -31.9490764824125 -33.0977068531904 -21.8830231774092 -15.1061379805959 -8.9999333866176 -2.76221722132866 -6.50461738071572 -6.64419264451651 -5.55558505686776 -4.77997595118719 -4.04681904695015 -5.05211448130985 -5.28994341724034 -6.28825398368776 -6.56427627628506 -7.04234062686756 -7.70829236592458 -8.53222184040545 -9.79943439151494 -9.69985550302866 -10.1762984256563 -10.4566504802214 -10.7133276106392 -10.9194049343816 -9.84653607007824 -8.76796746603264 -9.01299400327249 -9.1699085171565 -9.73475991172393 -10.4190478985048 -11.192565431138 -12.0876340041244 -12.6504857241094 -13.3783758653077 -14.0876034694664 -14.9832680245819 -15.7507752038281 -16.4589196483694 -17.6979950246168
-9999 -9999 -9999 -9999 -9999 -9999 -9999 -9999 -9999 -9999 -9999 -9999 -9999 -9999 -16.9855451183419 -8.70235027146367 -16.6512836572601 -33.1307071219861 -40.5038634283216 -35.1710408109434 -23.5219733697243 -8.9935032282463 -8.89117873708238 -9.46444578152347 -9.02392456468767 -10.9357970038714 -6.96826207766379 -4.57800867179257 -4.5907662158934 -3.16906701140105 -4.17467680223047 -4.02096194599732 -5.26710768383511 -6.35512673052165 -7.09354300859489 -8.01278687848307 -8.27004620687354 -8.8732295778743 -9.43303302991972 -9.90649009725259 -10.3979556375613 -10.2805799916466 -10.1972647753703 -10.471009110551 -10.2030100318691 -10.7720226792699 -11.5321074216222 -12.62459445085 -13.7467389407942 -14.4144940565016 -15.2826115254204 -15.8052792658219 -16.406021658058 -16.6171962558165 -16.2564762842137 -16.5689112230405
-9999 -9999 -9999 -9999 -9999 -9999 -9999 -9999 -9999 -9999 -9999 -9999 -9999 -9999 -25.2988260412077 -17.0405048014502 -13.0672306863499 -27.4259466132834 -41.6498525396938 -42.1343984733562 -35.2789446890222 -22.7640582302726 -15.2197820825375 -15.0589027148231 -16.0332643336442 -22.3278141514194 -12.8725537316781 -8.58264486055059 -5.37751883949836 -1.6108554943403 -2.15761515665944 -3.08626783376948 -3.7100579960493 -3.8877688947439 -5.21098146238211 -6.4136255258514 -6.54784395659072 -6.92976206806214 -8.20239166738907 -8.876828163765 -10.5905901918472 -11.1991778299462 -11.727382393759 -11.4940484097142 -11.1006806108969 -11.710973742268 -12.5151931936954 -13.6276392385047 -14.7317724187414 -15.3196682004513 -16.7495975148263 -16.6453149892434 -17.1191071899326 -17.0046394075508 -15.8751540653216 -14.8488135174056
-9999 -9999 -9999 -9999 -9999 -9999 -9999 -9999 -9999 -9999 -9999 -9999 -9999 -9999 -9999 -27.770344312768 -11.7212687875976 -18.2587410947513 -36.8631254301491 -46.5828864488739 -55.1845887594555 -48.3899291877903 -43.6966437824773 -35.8450363590028 -28.6161886262004 -25.467608087999 -21.3538222791429 -20.9387197343278 -17.104004557764 -8.24246654872984 -4.56524065064761 -2.42722412356725 -2.93804151149622 -4.78868574627228 -4.91246403560198 -5.21587099010137 -6.00761283721065 -6.69471040335316 -7.08360404005659 -7.23811329629248 -7.75512880509367 -9.63399263076111 -11.8413009126305 -13.3271104135798 -12.5173475487364 -12.3344214443321 -13.0519389622139 -13.908104147499 -14.5931614825016 -14.7693414039032 -15.11257570078 -15.5749336172579 -16.1693820759154 -16.1129304926904 -15.5519071180557 -15.3716224305474
-9999 -9999 -9999 -9999 -9999 -9999 -9999 -9999 -9999 -9999 -9999 -9999 -9999 -9999 -9999 -33.1197316052726 -21.9202836428032 -11.077994141207 -29.6940174666504 -45.1078838625568 -70.3807171444189 -73.6129334890824 -89.0573774209689 -81.4371530595247 -64.0928212699663 -62.7313028498243 -41.6493481328099 -37.7317177163573 -25.8550253965702 -18.6848427199229 -9.35717784829401 -7.15835854708878 -3.77210765376056 -5.21298494704203 -5.80712739794614 -5.62118563375802 -6.28330653764444 -6.79905553547478 -6.70116822122981 -6.1291695149929 -6.05482879287026 -8.19372108201287 -11.5420597495683 -14.1446275516123 -13.1566073679819 -12.7419433008516 -13.540948165009 -13.9374689459092 -14.3081724733747 -14.0125636680669 -13.5822461946034 -13.8373152296734 -14.3953361693557 -14.2357043866831 -14.1447812220837 -14.6556700571188
-9999 -9999 -9999 -9999 -9999 -9999 -9999 -9999 -9999 -9999 -9999 -9999 -9999 -9999 -9999 -38.1255868795944 -46.5943309880248 -11.7370449400721 -13.6086586201742 -29.5416497935333 -54.9749145082349 -73.5352988933975 -95.4130617387599 -102.859580914098 -89.6361950981205 -81.3459084079946 -64.1444295945328 -53.4190071641071 -33.2689650940521 -15.9030085149209 -14.4086563218801 -7.4279581786461 -8.49134120112702 -8.47582856123666 -7.32140941092254 -6.57003181172061 -7.48217400604296 -7.35537446091211 -7.12542419998259 -6.20543624688822 -6.12149962561428 -7.73187465683867 -11.5421086567507 -14.3625131560304 -14.9569107755599 -13.2712951660287 -13.4479884154022 -13.7238351702597 -13.6199884626649 -13.0211105069544 -12.5989150637694 -11.952800174357 -11.5080914194529 -11.2622611187221 -11.2951645122514 -11.1476330024674
-9999 -9999 -9999 -9999 -9999 -9999 -9999 -9999 -9999 -9999 -9999 -9999 -9999 -9999 -9999 -9999 -57.2462093154685 -38.4917272347838 -12.1020928359205 -12.911613861327 -39.5912302650912 -53.9371827417557 -80.9198954757164 -96.8858689390641 -97.3030187160434 -106.489146757344 -87.7702221788876 -82.4035686762385 -56.5014243134343 -25.7599125810706 -12.7342659328044 -12.1606794265126 -12.9997697912904 -13.544405268444 -9.64669855215265 -7.4891336609175 -8.8780984740255 -8.44239739594131 -7.95226405380804 -6.57533613627481 -6.27063109815942 -8.34056308975345 -12.2472437922121 -14.520112126673 -14.3247442671964 -12.8591164820165 -12.3529231750345 -12.3606733947398 -12.1024949542575 -11.3988112953671 -11.0906527475405 -10.3568018429773 -9.51782277748626 -9.32431615555718 -9.63621561393776 -9.57693917163847
-9999 -9999 -9999 -9999 -9999 -9999 -9999 -9999 -9999 -9999 -9999 -9999 -9999 -9999 -9999 -9999 -9999 -50.749794104562 -55.922262791771 -15.8442501111382 -9.07599767461758 -20.9223118407225 -39.3149840355071 -58.6571050661 -70.6336318937266 -81.8496466783272 -87.8371347121575 -89.2698880153168 -73.6592792042512 -43.8092316346134 -22.7681520636508 -16.5238956496007 -14.9020046232146 -14.1916018949571 -13.552887754783 -10.6052405689769 -9.8021231474603 -9.3832000924951 -9.8220943335217 -8.802656101654 -9.85237784247453 -10.62717762297 -12.5779259074549 -13.3465762099138 -12.5439804103787 -10.9518170363027 -10.6271650196269 -10.0956579017905 -9.85785220348924 -9.83149960857518 -9.60760094284635 -9.48914505115805 -9.34517479291717 -9.35889995398886 -9.62814895355787 -9.94648414961839
-9999 -9999 -9999 -9999 -9999 -9999 -9999 -9999 -9999 -9999 -9999 -9999 -9999 -9999 -9999 -9999 -9999 -9999 -9999 -69.1611481432643 -27.1237285317467 -18.6674218430269 -19.3242908129195 -32.1902397468227 -47.1567491916327 -62.9544830823348 -79.3573516787183 -90.045583677452 -81.2540622216759 -64.0837921520022 -39.1700497757349 -22.0647332251747 -19.6933298874318 -17.8605952409539 -13.856717330549 -14.4843241285896 -10.7165979934333 -10.8131238758363 -10.5997481689997 -10.105652023635 -12.296210628246 -10.9793451684213 -11.2136577542068 -11.4552945040578 -9.92723178840648 -9.66808274101753 -9.61882080859083 -9.12899977973865 -9.15432461749948 -9.43862286009251 -9.65082156701836 -9.80684840420226 -10.0852123764667 -10.0589273358542 -10.1439250953705 -10.2538781691011
-9999 -9999 -9999 -9999 -9999 -9999 -9999 -9999 -9999 -9999 -9999 -9999 -9999 -9999 -9999 -9999 -9999 -9999 -9999 -9999 -9999 -69.1696893198086 -39.7058026871361 -28.7194820568539 -30.9944532390131 -48.5566156802154 -63.2770245766448 -80.6141535808556 -88.1244047381044 -76.3341501591239 -64.8998011535668 -40.2321191553805 -23.3918184250681 -19.3795785850643 -17.4326518408322 -13.3653601646402 -14.019434795219 -10.118355571895 -11.6776467944047 -9.0958739013564 -8.1747854068034 -8.62807793495427 -9.32334135024854 -8.48585857899145 -8.82205586339805 -8.9479548247802 -8.96308332529251 -9.24980419303026 -9.30199928001301 -9.29460567999255 -9.68995958822704 -10.1448029458559 -10.4674419603237 -10.5771023524647 -10.2722799558374 -10.0028890236622
-9999 -9999 -9999 -9999 -9999 -9999 -9999 -9999 -9999 -9999 -9999 -9999 -9999 -9999 -9999 -9999 -9999 -9999 -9999 -9999 -9999 -9999 -9999 -57.3599391678797 -32.3995540813348 -28.0710056366685 -37.7427768295923 -58.1475355787945 -75.5494626184383 -79.1979626576177 -75.8291835297429 -61.0502864824289 -40.921548904189 -25.126074451225 -16.6625503013744 -17.0939931928994 -11.4903043102408 -9.68365995880838 -9.76869315505667 -6.91493151914829 -5.68915632219211 -6.17268525221928 -6.55695782779548 -7.08556624485606 -7.69043291333656 -8.22979187289198 -8.55547218446405 -8.8163745367921 -8.98293615417994 -9.10777184074857 -9.55608027707035 -10.08639582033 -10.5666245882811 -10.7082099663268 -10.4557318967012 -9.97798612999585
-9999 -9999 -9999 -9999 -9999 -9999 -9999 -9999 -9999 -9999 -9999 -9999 -9999 -9999 -9999 -9999 -9999 -9999 -9999 -9999 -9999 -9999 -9999 -9999 -9999 -32.2241420285405 -19.2759990536794 -30.8861686733288 -52.4927493364369 -66.5293180825133 -73.893155964962 -73.7705460189162 -70.8297032021795 -55.3826987919378 -32.0576547047497 -19.0443578871983 -12.4633765545939 -14.573695840142 -8.19565879973299 -8.57656239495123 -7.18570017011589 -6.09266663664035 -5.58158423192424 -5.87227399956907 -6.76054880736382 -7.43444097734683 -7.88184120257231 -7.82327236809467 -8.21903194259357 -8.74710552856729 -9.25281295904672 -9.98045645176182 -10.459840027695 -10.6384099424557 -10.519735572057 -10.2076320960016
-9999 -9999 -9999 -9999 -9999 -9999 -9999 -9999 -9999 -9999 -9999 -9999 -9999 -9999 -9999 -9999 -9999 -9999 -9999 -9999 -9999 -9999 -9999 -9999 -9999 -53.8898303783985 -33.6211855314313 -17.7160481106039 -28.0804940030264 -47.5229956241781 -66.643133312924 -79.1985231428895 -84.4386170593874 -75.061797603971 -56.1418967111995 -36.9152675294907 -19.7783716448586 -13.0827960374144 -13.5558578467087 -7.87430111465052 -9.66662730890464 -7.25524302425127 -5.36954123037455 -5.43905806801168 -6.12873924933297 -6.7818738650866 -7.3145359193884 -7.2661378862995 -7.75613331753129 -8.62302643126634 -9.35194755813043 -10.0135484688125 -10.2123689120933 -10.3556973530615 -10.2694597713676 -10.1317554267757
-9999 -9999 -9999 -9999 -9999 -9999 -9999 -9999 -9999 -9999 -9999 -9999 -9999 -9999 -9999 -9999 -9999 -9999 -9999 -9999 -9999 -9999 -9999 -9999 -9999 -9999 -9999 -29.2616800285786 -16.5445150661447 -30.7747785846843 -63.0289035642165 -78.9186050682433 -85.8586438249332 -83.6684537613308 -69.7926492961158 -54.4523487859507 -34.1302914227082 -21.3475986672234 -13.1870362392817 -10.785655116634 -11.4432073964391 -9.81785409094856 -5.27839233424144 -5.1683954362052 -5.81483123183248 -6.38539250226533 -6.7686495436346 -7.10081120892324 -7.77581623344643 -8.85459910599848 -10.2324065085415 -10.1814489597725 -9.84560898738567 -9.83393137425451 -9.78251210894003 -9.80779213987843
-9999 -9999 -9999 -9999 -9999 -9999 -9999 -9999 -9999 -9999 -9999 -9999 -9999 -9999 -9999 -9999 -9999 -9999 -9999 -9999 -9999 -9999 -9999 -9999 -9999 -9999 -9999 -43.4650592274968 -17.6056499171323 -21.8275315262868 -47.1120348990409 -71.3080038091557 -85.2220525478618 -88.8354477314194 -78.0036315315571 -61.0441891233016 -42.2055737270462 -27.0705028235727 -14.4698005710244 -13.5918977918303 -11.6220598897717 -9.36883546801143 -5.63059108269834 -4.92125210986088 -5.50974266713417 -6.16040284776743 -6.67622179063796 -7.1180831290837 -7.84234310109936 -8.91920134708896 -9.74864343227142 -9.62413009686927 -9.39825676688856 -9.39393673698396 -9.31434345187739 -9.20503838500152
-9999 -9999 -9999 -9999 -9999 -9999 -9999 -9999 -9999 -9999 -9999 -9999 -9999 -9999 -9999 -9999 -9999 -9999 -9999 -9999 -9999 -9999 -9999 -9999 -9999 -9999 -9999 -9999 -20.2805422026202 -16.3613609259087 -34.1562345671341 -60.6039800625451 -83.2177746016579 -93.2618587371145 -81.26326761116 -62.7731899167983 -45.232058842984 -30.9464565139497 -16.2521516927945 -12.1059249181533 -9.93199350228821 -8.83447273066345 -5.97015457407836 -4.9378835280758 -5.38130673752837 -5.86964842240071 -6.61320637016209 -7.26174339478787 -7.98618386381145 -8.51300911541924 -8.8678020121151 -8.94201069553696 -9.0665601334876 -9.0542048371386 -8.8707411253913 -8.69244457793847
-9999 -9999 -9999 -9999 -9999 -9999 -9999 -9999 -9999 -9999 -9999 -9999 -9999 -9999 -9999 -9999 -9999 -9999 -9999 -9999 -9999 -9999 -9999 -9999 -9999 -9999 -9999 -9999 -23.249342973836 -15.4088633284563 -28.1778887331977 -54.8683541246188 -81.6569192123647 -94.7785587321877 -83.4386816586277 -61.6168735134282 -45.5834419581549 -31.1705422635001 -17.8044069897164 -11.816303874842 -9.71065028421851 -8.77574796673372 -5.41748854454923 -5.26873338021957 -5.95585117549422 -6.4159956977074 -6.60347241492159 -6.91677212701324 -7.32369062484061 -7.75866075502272 -8.14453732239753 -8.22175771931961 -8.41941490559436 -8.54575443461522 -8.32703160024009 -8.20187893231455
-9999 -9999 -9999 -9999 -9999 -9999 -9999 -9999 -9999 -9999 -9999 -9999 -9999 -9999 -9999 -9999 -9999 -9999 -9999 -9999 -9999 -9999 -9999 -9999 -9999 -9999 -9999 -9999 -23.1519856783978 -14.1818108357622 -26.2061572380954 -53.1620911850927 -86.3099724029743 -101.416899568736 -85.8994784049974 -61.8231459975809 -44.9192056794273 -32.246868086038 -19.257453755706 -11.652437714746 -11.2378860614058 -8.34513694406953 -5.18912940839384 -5.74894785392635 -6.70184961075352 -8.4063876869481 -6.91251021948452 -6.65809623536016 -6.81367529684328 -7.11513431834432 -7.77328468126259 -7.60811561704863 -7.85522348298755 -7.87516792925787 -7.55220932492585 -7.81658429455997
-9999 -9999 -9999 -9999 -9999 -9999 -9999 -9999 -9999 -9999 -9999 -9999 -9999 -9999 -9999 -9999 -9999 -9999 -9999 -9999 -9999 -9999 -9999 -9999 -9999 -9999 -9999 -9999 -24.857008925523 -14.0157352452122 -25.4375387355086 -54.8339803717302 -87.8027034493563 -103.561346914822 -90.4618620045034 -65.8552728681377 -46.591597387499 -31.9290510757759 -18.7773305952497 -11.7788583971601 -10.061639913381 -8.18072635436916 -5.26244636759807 -5.84820566529276 -7.51062352195057 -8.49043635023768 -7.60041429997785 -6.47240500020872 -6.37671306639629 -6.39279379007974 -6.61811509925415 -6.71133323166768 -6.67717114631292 -6.73195210353749 -6.81221323868001 -7.46992760125653
-9999 -9999 -9999 -9999 -9999 -9999 -9999 -9999 -9999 -9999 -9999 -9999 -9999 -9999 -9999 -9999 -9999 -9999 -9999 -9999 -9999 -9999 -9999 -9999 -9999 -9999 -9999 -9999 -26.5722594329098 -14.4327584972107 -27.3966227822932 -58.5333290756727 -91.848442247641 -106.514774774039 -91.927801098666 -71.0897687047585 -47.2239819164088 -30.8082729097174 -17.9548526327719 -11.7589840345942 -10.3266686164056 -7.77799606667946 -5.430317540849 -5.61138341948046 -7.6437511797537 -9.42335637011678 -7.97102664154993 -6.40486513884715 -5.94770808475976 -5.73845077325261 -5.84824627800501 -5.91636726281493 -5.8038285242185 -6.04540338962985 -6.54801692361062 -7.42408745154608
