meets/meet004/_saidas_enm/CCSM_Maha_21k_Aralia_warmingiana1.asc
NCOLS 154 
NROWS 168 
XLLCORNER -112 
YLLCORNER -55.5 
CELLSIZE 0.5 
NODATA_value -9999 
[rows 75 to 99 of 168, columns 56 to 111 of 154]
-9999 -9999 -9999 -9999 -9999 -9999 -9999 -9999 -9999 -9999 -9999 -142.075388916423 -165.102739106414 -157.556919942619 -125.557970256358 -77.5751420058538 -44.0457066053894 -13.5300132070941 -8.4515001238895 -12.9508211587343 -11.8326641479975 -10.4207290235777 -9.32279190536411 -8.12618441962245 -6.4842077704499 -5.29852768663439 -4.78917753836055 -4.23748392406918 -3.87635378265586 -3.48633481685767 -3.13418042333591 -3.0189572477949 -2.95021988493336 -2.59517659908675 -1.98884572090723 -1.5278569068215 -1.22125120753758 -1.06042311681907 -0.733848054013353 -0.349059626498683 -0.047571706448104 0.147851796543296 0.224058741603477 0.101360021388722 -0.00726331143410497 -0.377211922707347 -1.1420933489519 -2.32748315313287 -3.37054432562145 -3.35221856092873 -4.03688139697642 -5.08177721390535 -6.52923003887745 -7.67436969660423 -8.07463252140576 -8.70704169852364
-9999 -9999 -9999 -9999 -9999 -9999 -9999 -9999 -9999 -9999 -9999 -131.391940971355 -141.972944380717 -133.341879258418 -121.398080664546 -90.7819425351018 -58.6066892783281 -23.2712546984677 -10.8017567175665 -11.9073167637777 -15.5440974099219 -12.8403496250795 -10.9624783739401 -9.47831107484309 -7.63908543021009 -6.22629912312693 -5.83597506227917 -5.23842772043273 -4.7690066522492 -4.35654441111622 -3.85173997095551 -3.55605229246629 -3.08845579343161 -2.8029642208257 -2.53531626496536 -1.96152935025887 -1.51236922831257 -1.18130249905509 -1.07981036260759 -1.01340057965435 -0.475665682643463 -0.113030552323959 0.131266191909956 0.307911682603923 0.392523061261305 0.245287319536803 -0.181104923387101 -1.11103429567116 -2.1277102201433 -2.58341624523105 -2.86303802665172 -3.71138643204763 -4.81466481810095 -5.76925984326769 -6.5325133896527 -7.47103371821383
-9999 -9999 -9999 -9999 -9999 -9999 -9999 -9999 -9999 -9999 -9999 -9999 -145.892432284461 -130.638374704345 -116.145257545836 -95.732839029012 -74.3545910375093 -54.6676640077899 -31.1817180756741 -18.4073737339204 -14.1563463281626 -13.2652650119975 -12.641920960287 -11.7288974869368 -9.07227630099821 -7.26964427892027 -6.62012157880009 -6.60650755482308 -6.32113418203684 -5.91029949962032 -5.12098696965939 -4.74320459843745 -4.06008745587411 -3.57080859931295 -3.14646589827449 -2.78196245495762 -2.43719008456125 -1.817953807051 -1.42152641708512 -1.33854648642509 -1.4192975145114 -0.681409257271969 -0.273881761202928 -0.177110900389844 0.123177223878667 0.333593329311146 0.238328047851251 -0.340271189406834 -0.933098427288561 -1.59899259905335 -1.74505480348851 -2.20601086336269 -2.9515249333796 -3.7306424108657 -4.38767666649948 -5.10254349400776
-9999 -9999 -9999 -9999 -9999 -9999 -9999 -9999 -9999 -9999 -9999 -9999 -163.679106285915 -140.825463694343 -102.515994047992 -86.6123034602468 -100.847567725344 -109.429313902554 -92.5559368744753 -59.8833363156074 -22.8016383678053 -16.428838847826 -12.815343407195 -11.6239253899386 -9.59298413962403 -7.86461278440249 -8.39305213826211 -8.90808464896329 -8.78615562687834 -8.69175852708558 -7.12478490593147 -6.96049300517998 -6.28981213671532 -5.35447800478598 -4.50897676554905 -3.79135835993366 -3.48585601337272 -3.04959196587691 -2.25969948601128 -1.78051997985734 -1.35985209423996 -1.07450285964411 -0.805156899606277 -0.484604946862363 -0.248435386230368 -0.186630510147394 -0.240333512291254 -0.343649053071047 -0.720821975881956 -1.46278833551558 -1.23228567217822 -1.47874245623181 -1.93052727121854 -2.34742478832918 -2.77329104264968 -3.26140895193145
-9999 -9999 -9999 -9999 -9999 -9999 -9999 -9999 -9999 -9999 -9999 -9999 -9999 -160.45169031779 -105.484803884054 -108.831910251507 -140.64589128379 -174.916375356143 -166.319780006676 -140.444679672127 -84.867792171222 -34.7192081439246 -10.9514027062941 -5.78711999940658 -5.28367500546868 -7.23702268552842 -8.41968814350721 -10.6645402234768 -12.1437791189153 -11.8044066015919 -11.1140223491786 -10.396201317037 -9.27789271673226 -7.85827697175726 -6.69274716485546 -5.4835105497484 -4.61541914729531 -4.19178734014607 -3.53322388387991 -2.77396171943746 -1.96647623725636 -1.18363121786302 -0.941057541637279 -0.966609352571794 -0.665054431102737 -0.697394927075036 -0.853502210130629 -0.849312394384766 -1.12336690733378 -1.61426482398542 -1.60407168720294 -1.52308874587276 -1.6615501082396 -1.82250752195492 -1.98427851346134 -2.22217022090343
-9999 -9999 -9999 -9999 -9999 -9999 -9999 -9999 -9999 -9999 -9999 -9999 -9999 -116.121676228376 -109.955826565107 -130.199714955931 -181.501937803366 -238.116795879816 -243.684494718048 -212.49407308766 -162.464532812961 -89.7065815724521 -21.7286632497249 -5.80337789333733 -3.79348021874336 -3.32276855550787 -5.55466933741662 -11.0299156327019 -13.0951718443704 -13.6425779978646 -14.574092314022 -13.7465798620034 -12.5902663142101 -10.6184849915268 -9.30238270176549 -7.65412571107146 -5.86831027644122 -4.96376885056175 -4.41536582207195 -3.69721878435001 -3.04100960734218 -1.92330016026625 -1.1058025580148 -1.28655023276684 -1.00684303309155 -1.26601329178271 -1.38183953958071 -1.42574878643405 -1.57890222014901 -1.83856248633648 -2.29587386875456 -2.30251067969789 -2.30663020347693 -2.29498807695279 -2.38694215519318 -2.37940540235078
-9999 -9999 -9999 -9999 -9999 -9999 -9999 -9999 -9999 -9999 -9999 -9999 -9999 -9999 -112.230368877016 -126.701112321682 -192.550945595195 -256.151722921874 -273.808911229088 -259.831585126282 -204.588705087443 -155.908799317035 -104.536156467782 -74.3541938517426 -44.9286177816278 -20.0839336559195 -6.21512981147082 -4.94751679876716 -9.51888253325063 -12.9729576748473 -14.8195081213273 -14.8420150653162 -14.8163391272916 -13.2605785439484 -10.5358802705534 -8.45870162461159 -6.59505029736493 -5.22859865488262 -4.42168471545529 -4.02564971814627 -3.56555182298478 -2.62694014122781 -1.92393401807677 -1.81018326722571 -1.67140508598711 -1.61438194743137 -1.84102287291821 -2.01566018850911 -2.15654556551358 -2.23262076277194 -2.30524574971861 -2.1477344031558 -2.38561441441304 -2.42959170967298 -2.28066889145659 -2.23077050271597
-9999 -9999 -9999 -9999 -9999 -9999 -9999 -9999 -9999 -9999 -9999 -9999 -9999 -9999 -124.494839790217 -116.207464474282 -181.268105645701 -251.092728885588 -288.408206903984 -290.703916571107 -259.118115124386 -256.348714925761 -258.917348037498 -239.097062639484 -171.190093495842 -124.992186392419 -70.599140640517 -17.810940841107 -6.15876664425255 -5.86805962410007 -15.1645440401669 -13.857443221643 -14.809571529834 -14.6300178306832 -11.5626367245717 -9.35313799032399 -6.8634220449564 -5.36635785277159 -4.33806430694482 -3.75980028252852 -4.01862805059067 -3.02914104473145 -2.78798430566023 -2.594845998138 -2.52159428277666 -2.18956567536163 -2.34412097949707 -2.64406838699987 -2.76164138232972 -2.60887104812509 -2.73040920072899 -2.43691941507231 -2.73496368173876 -2.85318269365884 -2.34235809974881 -1.90770284546702
-9999 -9999 -9999 -9999 -9999 -9999 -9999 -9999 -9999 -9999 -9999 -9999 -9999 -9999 -9999 -145.686826200467 -166.208398800048 -223.511412188116 -288.10152162166 -320.190625705735 -350.454431361133 -349.422307010794 -389.770029175805 -389.260310450915 -349.999104799207 -319.161710650669 -241.727853103583 -180.074446976912 -101.462882829093 -28.1396566861147 -4.53060999716898 -9.44616901130646 -14.9393274436838 -16.0070892775365 -12.4763186890805 -9.35846177473908 -7.44861548556372 -6.38243173926061 -4.92284934839792 -3.63336229561738 -2.71356281714259 -2.58194554398384 -3.17118162095844 -3.45354560691977 -3.34735257296616 -3.25359685844111 -2.95342725909195 -3.0550739576406 -3.01505203076892 -2.78412050129713 -2.63285873578369 -2.48440071581037 -2.61956420123791 -2.59534086518278 -2.32169267549417 -2.19207392329418
-9999 -9999 -9999 -9999 -9999 -9999 -9999 -9999 -9999 -9999 -9999 -9999 -9999 -9999 -9999 -119.892159272199 -168.333523732817 -184.508052823517 -245.048665519143 -316.910993386465 -406.081008762724 -398.773540702309 -473.301534449817 -478.834431266972 -456.966787670536 -532.509025047628 -421.558705819568 -424.956065574698 -299.512043924706 -112.878656253978 -31.9860517759375 -8.13674381288925 -15.3573736698232 -14.9999147766894 -12.3885610686683 -9.0826810529807 -8.06153594450877 -7.54662491398124 -6.15134323571748 -4.45095589477543 -3.02403167761246 -2.72631435885057 -3.76561010556812 -4.50104490509085 -4.30897180126316 -4.26521343317888 -3.89487993887345 -3.55299040806816 -3.32523194553488 -3.11153652616083 -2.71264440234124 -2.41762705228706 -2.33212583191341 -2.15062027400052 -2.00103777165014 -2.19420033514759
-9999 -9999 -9999 -9999 -9999 -9999 -9999 -9999 -9999 -9999 -9999 -9999 -9999 -9999 -9999 -39.5458274448912 -194.357084705597 -181.460394185202 -210.059983787941 -250.817062985848 -313.694437460307 -365.837407035984 -408.506114202454 -427.848511753685 -409.673306234275 -414.772221456804 -412.352947011549 -411.315483553684 -322.374209586752 -187.4076122263 -87.1452542808938 -25.2699451116297 -12.5395184291448 -11.3852672901846 -10.1838881543632 -9.35086464824157 -8.76364139746288 -8.43275961967075 -7.29225536617767 -6.22057839053237 -5.04200031483664 -3.9480450199673 -4.44562117435417 -5.13858461495164 -5.03110544157338 -4.58663623821279 -4.64160902269307 -3.88055332984884 -3.31150664974844 -3.10250108952892 -3.06300731107536 -2.2187466371819 -1.64458026258095 -1.34149673545984 -1.20521966851221 -1.15108372509575
-9999 -9999 -9999 -9999 -9999 -9999 -9999 -9999 -9999 -9999 -9999 -9999 -9999 -9999 -9999 -9999 -80.2877885755734 -211.613495526868 -199.432496043011 -199.571728554205 -227.316072712226 -277.593198643999 -321.198471254153 -359.807172138189 -358.654302253779 -361.067737323316 -377.113551148122 -398.835405707073 -347.011137208173 -245.183344516077 -145.044570758959 -60.7546586938726 -17.3889127977247 -8.39891744308121 -7.46671209992585 -8.09671915871723 -7.61355630885528 -7.06904958943077 -6.15808607590078 -5.33657448331253 -4.32018405453262 -4.06755100192373 -5.39331400990332 -6.08547944778144 -5.647514335393 -4.86445523648979 -4.19747355869037 -4.09681819214158 -3.07246366223519 -2.62560176614091 -2.55845088198168 -1.81961551424022 -1.22132558742822 -0.978126705845293 -0.605885310667439 -0.709220996436668
-9999 -9999 -9999 -9999 -9999 -9999 -9999 -9999 -9999 -9999 -9999 -9999 -9999 -9999 -9999 -9999 -9999 -72.2543147825627 -193.367075721425 -216.594255489404 -197.958304031306 -220.597383068778 -266.293515100602 -316.436529078045 -345.184485372132 -375.605514088079 -408.436086691677 -428.830165748353 -381.944124192597 -291.831285199293 -206.844699701132 -123.454999140585 -58.986669164617 -18.8733680614245 -5.50007895697022 -4.79160527146115 -6.63816951377441 -6.37741386587558 -6.58410556748931 -5.52420428255298 -5.30711868891314 -5.48695968807709 -6.21306065326116 -6.25372894954594 -5.64308477905821 -4.63548274822381 -3.84993085052832 -3.26921341177869 -3.00879162515838 -2.50939017871501 -1.77287673832389 -1.47745379316025 -0.889894986613337 -0.508176443191788 -0.270976263172369 -0.38683339285767
-9999 -9999 -9999 -9999 -9999 -9999 -9999 -9999 -9999 -9999 -9999 -9999 -9999 -9999 -9999 -9999 -9999 -9999 -9999 -197.669987726978 -251.251311749436 -236.903295857394 -247.48679964247 -297.359204648176 -340.022965440684 -355.928809385805 -409.657294026877 -449.929659719388 -417.346796839737 -334.73971087663 -264.710933162795 -188.580149728 -130.183301512712 -70.5125514312941 -21.9813528552273 -5.51208856763979 -3.00504446916361 -5.2625652600844 -6.10349524303796 -6.26474055612645 -7.43186758905749 -6.68445700089651 -6.62197512221983 -6.26385521362442 -5.44699748427376 -4.70176993418941 -3.95086754985145 -3.28838736206182 -2.7341367143048 -1.41134833435198 -0.51392975975138 -0.583542912829145 -0.899055255975762 -0.379530003020418 0.0364338191005587 -0.00673015867524218
-9999 -9999 -9999 -9999 -9999 -9999 -9999 -9999 -9999 -9999 -9999 -9999 -9999 -9999 -9999 -9999 -9999 -9999 -9999 -9999 -9999 -212.726031507051 -265.924011128642 -280.751186186043 -308.670602580115 -348.51674854366 -377.217916289548 -405.226424859881 -404.66554491919 -363.954138166806 -316.605392255834 -246.300535467798 -202.015116867636 -146.946438062832 -78.0833049610354 -30.1312524879747 -7.37526351841216 -2.44521713410375 -4.56060349557162 -6.17779099739865 -6.2312315019615 -6.0554092061857 -6.4037065812876 -5.57461437354231 -5.22963697769137 -4.75329880773638 -3.96475178758227 -3.54008695079004 -3.10312440473312 -1.46933827221872 -0.634600629834898 -0.597931093778708 -0.678373451738656 -0.350516919382365 -0.106780079320662 -0.157709855663153
-9999 -9999 -9999 -9999 -9999 -9999 -9999 -9999 -9999 -9999 -9999 -9999 -9999 -9999 -9999 -9999 -9999 -9999 -9999 -9999 -9999 -9999 -9999 -205.348266413363 -244.675291898762 -285.043546675531 -325.121222107886 -356.022772811049 -381.266602647884 -371.209012303104 -360.233774239122 -301.094285079405 -268.056948601382 -219.687777740338 -157.398409938786 -96.9295807098435 -41.8059705764823 -13.2698383229488 -4.39682677258888 -3.85595893492821 -5.29749301482256 -4.19501954972992 -4.24877804764119 -4.23503868550223 -4.49363740333316 -4.20089536251112 -3.57664603834808 -3.28800331450902 -3.00184515122733 -1.57628395717776 -0.780076615409343 -0.706001706039892 -0.802386345891008 -0.438880563717776 -0.22916732119079 -0.180316132871661
-9999 -9999 -9999 -9999 -9999 -9999 -9999 -9999 -9999 -9999 -9999 -9999 -9999 -9999 -9999 -9999 -9999 -9999 -9999 -9999 -9999 -9999 -9999 -9999 -9999 -231.269544833952 -269.099748088664 -285.093981853738 -323.100687078989 -350.735650107526 -356.468825005485 -337.400269867995 -335.520330269032 -299.893659234866 -238.480075658666 -200.72160052923 -116.206276100387 -62.539010248192 -23.1448031727951 -7.86364122154737 -5.59839591443245 -3.59011560495413 -2.6734883180827 -2.34167634602844 -2.65559838006383 -2.84373077643812 -3.06744905410233 -2.77206825605974 -2.69764263628277 -1.70745036505816 -0.890473817660824 -0.787778942155847 -1.19488502947857 -0.728933222896221 -0.282159596653888 -0.178393457222878
-9999 -9999 -9999 -9999 -9999 -9999 -9999 -9999 -9999 -9999 -9999 -9999 -9999 -9999 -9999 -9999 -9999 -9999 -9999 -9999 -9999 -9999 -9999 -9999 -9999 -177.730366015182 -248.528300236017 -245.04842174861 -271.908002685651 -319.009830953793 -340.288383117022 -355.305610220836 -375.044968084011 -343.488815881554 -284.053990705916 -238.851105624782 -168.791045929871 -108.958518250175 -53.5568106166655 -19.8569373785537 -9.37726533866871 -4.80740228640601 -1.27202121702658 -1.11997710421733 -1.44845986067691 -1.68957405373142 -2.11492472780173 -2.31810214508522 -2.54861038921064 -1.82050418107504 -0.95046822029502 -0.895068567835223 -1.24708457548296 -0.885102153825088 -0.286551131229788 -0.178672849671096
-9999 -9999 -9999 -9999 -9999 -9999 -9999 -9999 -9999 -9999 -9999 -9999 -9999 -9999 -9999 -9999 -9999 -9999 -9999 -9999 -9999 -9999 -9999 -9999 -9999 -9999 -9999 -242.575917864348 -246.014746838707 -267.802347529118 -311.168912226748 -341.754029194098 -359.62627032343 -356.567939118025 -322.172356993137 -280.168349575133 -209.934829697533 -146.44016747159 -82.2178537010319 -38.6293484038132 -19.2266640763404 -6.67605085818824 -0.651858213622614 -0.141928189875406 -1.05336016387848 -1.18880487153886 -1.5248310432503 -2.13314723077401 -2.5046103173909 -1.85365321109932 -1.00635001014832 -1.04820610963425 -1.32712049598724 -1.04227157983889 -0.213776025396289 -0.0588305854130213
-9999 -9999 -9999 -9999 -9999 -9999 -9999 -9999 -9999 -9999 -9999 -9999 -9999 -9999 -9999 -9999 -9999 -9999 -9999 -9999 -9999 -9999 -9999 -9999 -9999 -9999 -9999 -215.400843960532 -254.640111602649 -245.917403357259 -268.566301901806 -320.364590939501 -362.097561520903 -373.705455380486 -346.374407592326 -296.611199985332 -244.550063020548 -185.292914979258 -109.797074677861 -53.0216917573419 -20.0999949822733 -8.14276247820764 -2.16990767177099 -1.31488606874485 -1.25037175347145 -1.05162054062688 -1.33831488321867 -1.8395816934636 -2.02804027766394 -1.76055065715332 -1.51166395864776 -1.32379425447865 -1.34390963782181 -0.782107122914292 -0.0818645039489458 0.0729675878142587
-9999 -9999 -9999 -9999 -9999 -9999 -9999 -9999 -9999 -9999 -9999 -9999 -9999 -9999 -9999 -9999 -9999 -9999 -9999 -9999 -9999 -9999 -9999 -9999 -9999 -9999 -9999 -9999 -237.392143387006 -217.640523358365 -222.0662548978 -287.099470910696 -357.666980310486 -384.41913255705 -357.223502120946 -304.468021843983 -263.579044550768 -220.021585017351 -143.505239760111 -68.1173379101309 -23.8076750501524 -9.74294129138447 -4.43579892588643 -3.16447299781075 -2.03027967280156 -0.0847947724089533 -0.40000461930071 -0.730823464124165 -1.01476563104003 -1.64229521443049 -2.06058584561654 -1.37374312234326 -1.3100079445052 -0.377838507196034 -0.0205506258038146 0.103185484853367
-9999 -9999 -9999 -9999 -9999 -9999 -9999 -9999 -9999 -9999 -9999 -9999 -9999 -9999 -9999 -9999 -9999 -9999 -9999 -9999 -9999 -9999 -9999 -9999 -9999 -9999 -9999 -9999 -229.996059484804 -206.963136211604 -206.934092503873 -268.063228094086 -346.050718374547 -387.831259125025 -370.489333510855 -309.699229718264 -274.484178968701 -239.04439321806 -161.034965354648 -77.34445242226 -28.3261271726758 -12.2041241270582 -6.10170902527051 -4.30982699570051 -3.86154849403348 -2.44955164274956 -1.00116584045516 -0.27431246324212 -0.424989815243566 -1.28901035312112 -1.8391082195428 -1.32918676351477 -0.90086002307818 -0.326321731117842 -0.172424846714044 0.388033465770015
-9999 -9999 -9999 -9999 -9999 -9999 -9999 -9999 -9999 -9999 -9999 -9999 -9999 -9999 -9999 -9999 -9999 -9999 -9999 -9999 -9999 -9999 -9999 -9999 -9999 -9999 -9999 -9999 -231.759169309372 -199.486074035122 -192.263261400629 -258.044586740673 -347.764951437253 -395.977516522099 -377.502524273706 -311.251181925636 -279.773861583931 -247.010104070291 -170.182646214087 -82.3021306346298 -29.8059035687903 -12.2463198814467 -7.0980629146091 -6.0688020460439 -6.67109548488628 -6.71240725865067 -2.48127350535687 -0.521889737012986 -0.389070619905707 -0.982203428363906 -2.31813829079384 -1.14398130950447 -0.503062065428978 -0.0642287577086647 0.158715406118704 0.289876859441011
-9999 -9999 -9999 -9999 -9999 -9999 -9999 -9999 -9999 -9999 -9999 -9999 -9999 -9999 -9999 -9999 -9999 -9999 -9999 -9999 -9999 -9999 -9999 -9999 -9999 -9999 -9999 -9999 -220.12262709246 -201.820724868319 -192.522223956937 -262.308873717431 -355.496755576048 -408.507172735015 -399.793645386573 -338.336233918944 -292.317759475394 -246.976507866606 -161.919600442023 -74.7456940458945 -27.4049946470818 -12.4374614354021 -7.0531798410796 -7.63907609596931 -9.43045823942677 -8.49648104771675 -4.81840710628652 -1.98460286654465 -1.01323447067707 -0.760233891350873 -0.709539097882185 -0.313174226554895 -0.114222357658118 -0.123225885116746 0.193488515706928 0.476272706425176
-9999 -9999 -9999 -9999 -9999 -9999 -9999 -9999 -9999 -9999 -9999 -9999 -9999 -9999 -9999 -9999 -9999 -9999 -9999 -9999 -9999 -9999 -9999 -9999 -9999 -9999 -9999 -9999 -210.257785148857 -201.972530644754 -191.222128106568 -275.057980129343 -370.665519880302 -423.307967400613 -415.524320120438 -369.471757188915 -297.94175557603 -239.463170025501 -145.689603032205 -63.4825685352771 -22.5621340761854 -10.8457925203678 -6.98837366139089 -9.40922702843175 -11.088505864918 -10.6662495162034 -6.36219150929928 -3.53548784706298 -1.67293162177817 -0.67263006514055 -0.298308047813593 0.0714831302023851 -0.127687094039477 -0.133270526731073 0.207698098897045 0.40004531567664
