meets/meet004/_saidas_enm/CCSM_Maha_0k_Aralia_warmingiana4.asc
NCOLS 154 
NROWS 168 
XLLCORNER -112 
YLLCORNER -55.5 
CELLSIZE 0.5 
NODATA_value -9999 
[rows 75 to 99 of 168, columns 56 to 111 of 154]
-9999 -9999 -9999 -9999 -9999 -9999 -9999 -9999 -9999 -9999 -9999 -73.9521534390078 -94.0657064721242 -85.7775818244448 -68.0359241440214 -41.1168732759617 -14.9945744896543 -2.20752673388113 -2.68079334867922 -5.18148453239145 -6.26191243243004 -4.73642682404529 -3.53928609295719 -3.03731352750253 -2.30084478400505 -1.80388057513515 -1.56690437256752 -1.37265860157263 -1.19359358583915 -0.928993513400119 -0.783173508851634 -0.701551337406559 -0.761328148461553 -0.752146626008014 -0.567503282017467 -0.532596620087689 -0.499623295378017 -0.632196679374755 -0.838773842586108 -1.1436741587267 -1.63550629402213 -2.09212391254568 -2.70928987752491 -3.12685098974497 -2.68674197920759 -2.74773739745209 -3.11464320049465 -4.0591249752955 -5.3382907899161 -6.90511677767597 -8.69672912882509 -9.62110337896784 -10.5194631869298 -10.6953309745001 -9.9742983796777 -9.62252752995984
-9999 -9999 -9999 -9999 -9999 -9999 -9999 -9999 -9999 -9999 -9999 -70.0771258053389 -75.0685065076439 -70.769118523152 -67.5014820775279 -51.2658627874698 -23.6530239260682 -3.5369138336225 -1.39978171642219 -1.98293334293321 -6.20892563283918 -5.19608744754571 -3.26303324829034 -2.63804755252095 -2.26332507295778 -2.15669063711361 -1.79850146367025 -1.57960776400433 -1.44016121024412 -1.25960793133364 -1.18585357086427 -1.11663351348716 -1.04351053286912 -1.0070561086017 -0.744305801500105 -0.573415676838648 -0.513320559577084 -0.421499644555311 -0.410687019632188 -0.413166574845441 -0.790725979325219 -1.2470637341688 -1.93687628324006 -2.32123358419986 -1.98861800287058 -1.55083097917378 -1.8477055810044 -2.49121020774412 -3.31346740538956 -4.49439074360192 -5.80012269002663 -6.68642526860087 -7.45481125097889 -7.87327997594335 -7.97795807815033 -9.04331910084881
-9999 -9999 -9999 -9999 -9999 -9999 -9999 -9999 -9999 -9999 -9999 -9999 -74.816113874135 -68.7357956124846 -62.6529248677762 -50.2067254631953 -34.445774273863 -19.4817568790122 -7.04816610731748 -2.25867386820643 -2.08052194139886 -2.80112799290054 -3.91499268563879 -2.76347461812062 -2.10367075301976 -1.83325748841805 -1.73530716179901 -1.7726886932042 -1.80840353514851 -1.77665600382851 -1.70474672244666 -1.59705653804201 -1.45042587018711 -1.30377568281827 -1.00667403447125 -0.791252967397231 -0.670683511102077 -0.588825063935549 -0.450713466623112 -0.288593030202768 -0.473736678725057 -0.993398696283443 -1.86244364136618 -2.41903172284996 -2.1396472595938 -1.5520570342893 -1.35008587733872 -1.44703506200518 -1.7423590451362 -2.34042552161848 -3.2382445597085 -3.87876452709751 -4.50949080172703 -5.22751305898589 -5.9547474146147 -7.34541444959789
-9999 -9999 -9999 -9999 -9999 -9999 -9999 -9999 -9999 -9999 -9999 -9999 -81.2369528437191 -74.2210098111515 -53.6867533845353 -44.3279382844487 -54.4922135325811 -58.6463196684327 -45.4049876608429 -20.9679188700928 -2.97901518596167 -1.61848872745026 -3.4959581827439 -3.34360027964931 -1.95846194331574 -1.37884204460045 -1.75848050751922 -2.19526271329906 -2.47279355213353 -2.59764624218758 -2.56145523985617 -2.45247773209812 -2.3302834072856 -2.07684700892661 -1.62227739024835 -1.37013544055221 -1.22883309960087 -1.17483832784228 -0.949805576676683 -0.544556203938847 -0.41585464191329 -0.890687934231036 -2.07146215949093 -2.70333173194353 -2.49910163849244 -2.44431379759459 -1.56652434541833 -1.26680303143099 -1.06548629158554 -1.15552425810886 -1.71889761519282 -2.16242686694697 -2.78363352312916 -3.37719613753971 -4.64465336409971 -6.64382029180088
-9999 -9999 -9999 -9999 -9999 -9999 -9999 -9999 -9999 -9999 -9999 -9999 -9999 -77.3751919811185 -56.8581628803637 -63.3191790439628 -89.894484125643 -123.706882557153 -118.501431826772 -84.5636485037609 -38.5812317780323 -6.85910775995545 -1.62749227135474 -4.05621181748568 -2.59217810986292 -1.40183253544026 -1.57983839613726 -2.91846599251176 -4.04556050613549 -3.81184553139637 -3.67287858240241 -3.4893322826708 -3.35151811277121 -3.03965377639453 -2.56349052620081 -2.26777276357789 -1.95758468323116 -1.81604352968052 -1.50975124648186 -1.07345821642607 -0.853249204934446 -0.924188908497137 -1.63683005438572 -2.20480187867208 -2.56188720329195 -2.53995167863687 -1.51070355547016 -1.08738301868849 -0.75041357253224 -0.566567714869783 -0.740532509525011 -0.973162377698877 -1.76599077573447 -2.98513840925346 -4.22883761483965 -5.86460794982167
-9999 -9999 -9999 -9999 -9999 -9999 -9999 -9999 -9999 -9999 -9999 -9999 -9999 -72.6711325455634 -61.3721090453579 -82.3850630970667 -125.078749303203 -212.606544727222 -221.91686601874 -163.857603066922 -120.633440235703 -44.9403848803465 -6.46730094416518 -7.38178637058476 -9.9906053943813 -4.66826237830607 -2.70297223198737 -3.46875260594301 -5.61187128773238 -5.35478075253365 -5.08347567447845 -5.09361004131198 -4.55071992819574 -4.09349890171711 -3.59265099761402 -3.36037639722567 -2.65768234782893 -2.32645448217596 -1.97157379329627 -1.57527874302072 -1.46982284118832 -1.07247724125198 -1.18024077918466 -1.50673535346671 -2.27444026026006 -2.24827917307849 -1.54781270026187 -1.15010802742042 -0.804152713324113 -0.606168154593378 -0.545934698847691 -1.13131653400724 -1.94416310076584 -2.8713398470126 -3.80490173838075 -5.26886530958945
-9999 -9999 -9999 -9999 -9999 -9999 -9999 -9999 -9999 -9999 -9999 -9999 -9999 -9999 -57.6349753012817 -78.9826137070654 -131.106083275231 -220.11761949808 -244.579987101029 -213.350302353334 -165.708957288602 -114.445412405053 -68.0264386051036 -52.3292684450962 -37.5299078871487 -26.4650914181172 -16.3641866136296 -9.75383014611452 -6.74482326753669 -5.45135058968562 -6.7206096360273 -5.84885343547584 -5.61714673835189 -5.30092864167802 -4.25863411084027 -3.70054881744744 -2.92598683128406 -2.37284777975791 -1.86709318176792 -1.4764218790663 -1.2897688931472 -0.947780583741099 -0.761083665900965 -0.807171740517377 -1.43391883520407 -2.39360275574272 -2.01344453751587 -1.80804889254198 -1.51954485352751 -1.2627694641976 -1.35541187941975 -1.57299825636201 -2.10201647580811 -2.60219981356473 -2.83032025991247 -3.51058949613559
-9999 -9999 -9999 -9999 -9999 -9999 -9999 -9999 -9999 -9999 -9999 -9999 -9999 -9999 -53.9972140604218 -61.2236526314463 -112.986287024467 -187.881749291665 -235.146642509191 -239.572203052689 -223.253410981493 -219.682094780988 -217.635631364916 -196.457928150153 -129.064400215156 -103.261881553034 -55.7563713533488 -25.4537365704089 -20.5634036129133 -12.5755078283067 -9.1020545882324 -5.91121538049399 -5.72061193264901 -5.96540848244842 -4.75504308355455 -4.18188743831805 -3.01160331337466 -2.39209828633848 -1.67854608909839 -1.0590244401228 -0.985480567551551 -0.631686540559995 -0.598695479137567 -0.759394825214541 -1.12661040843487 -2.00765196277294 -2.55155416955223 -2.74490542366385 -2.32024192703772 -1.86481496156519 -2.11857917772154 -1.85286951100363 -2.07762110030936 -2.17712324498919 -1.88290332118295 -1.88892299032593
-9999 -9999 -9999 -9999 -9999 -9999 -9999 -9999 -9999 -9999 -9999 -9999 -9999 -9999 -9999 -63.6681788026002 -87.2761584865755 -132.004410145847 -189.317207215388 -246.491762481417 -302.303638337918 -315.251424863749 -341.249989983855 -327.410258600913 -279.276441128533 -244.754884884788 -177.898872118934 -129.454669292709 -74.1189128785438 -23.1992180759022 -7.02882355777413 -7.83565022721997 -5.4208346121677 -7.15008956364955 -5.23276717819149 -3.38668067645816 -2.81687288455184 -2.49450776129824 -1.67126552215495 -0.705257414800572 -0.133866374984508 -0.102873357467894 -0.549687731659179 -0.881330844598652 -1.08056340093696 -1.67256180451037 -2.37741026002855 -3.08266741439519 -2.33935781154356 -1.71184119180978 -1.4151225894562 -1.31615415520628 -1.40039725831428 -1.36993285788436 -1.2136398521387 -1.08588423160841
-9999 -9999 -9999 -9999 -9999 -9999 -9999 -9999 -9999 -9999 -9999 -9999 -9999 -9999 -9999 -56.9618832601946 -86.507675664036 -93.4208721622134 -145.801229273673 -228.436125729866 -350.726659159234 -354.127084593377 -413.052163177817 -415.973094030768 -390.745374763025 -449.344289652662 -345.584472462529 -341.474803455376 -234.069010433551 -76.9909748586099 -18.0108216782368 -5.06945164874432 -7.97433004719212 -7.18942442734629 -5.21105070834668 -2.73783519982446 -3.01260790564083 -2.8630167661084 -2.02027185250135 -1.21858768836728 -0.634599607239295 -0.129234673513773 -0.569061857557117 -1.07190603539604 -1.08817363383953 -1.48320005621129 -2.24845992154556 -3.10025438628723 -2.10701559527407 -1.27478402578833 -0.726073924250599 -0.624035963334929 -0.677062096473326 -0.704781862682047 -0.701583810294412 -0.580092924113755
-9999 -9999 -9999 -9999 -9999 -9999 -9999 -9999 -9999 -9999 -9999 -9999 -9999 -9999 -9999 -31.8298650952959 -105.227291991259 -95.1301001168293 -113.338004343184 -158.573512456137 -228.376838736276 -290.16241646001 -345.346438698864 -365.118877883729 -346.606012716334 -346.007514735671 -346.60615172711 -345.469252851194 -264.747826797712 -142.505205892339 -53.350234901383 -7.30845504690566 -4.48690347770919 -4.50909431162925 -3.9504757312812 -4.05914404494841 -3.469556650517 -2.77443325112798 -2.29183566256023 -2.07002980504941 -2.32746267169734 -0.585077817641294 -0.507400307018898 -1.06416157908368 -1.13298745514056 -1.28938789632187 -1.85502685838189 -2.78834810856931 -2.20607969242544 -1.28352628352822 -0.549874223087144 -0.602191153363797 -0.631141685008161 -0.7413846243271 -1.08370484584273 -0.903294837377425
-9999 -9999 -9999 -9999 -9999 -9999 -9999 -9999 -9999 -9999 -9999 -9999 -9999 -9999 -9999 -9999 -63.6478106608205 -126.51532547901 -109.979991742819 -112.860880704119 -142.14959875026 -199.78077703379 -257.722394949482 -295.048898880394 -292.35785831893 -294.016551073098 -315.548644932631 -347.753859263804 -290.632137535298 -196.852543238763 -108.81011155611 -32.2488252055434 -5.11552218837873 -5.51869824274126 -4.01551411994943 -2.89394942885654 -2.84353202254987 -2.2980743446916 -1.8528737802555 -1.6225057586973 -2.3605862855477 -0.337639548409388 -0.607501375803799 -1.1325982938584 -1.02402905221647 -0.958233962579688 -1.07394470523109 -1.75312697261953 -2.24849352143692 -2.27147348804466 -1.36844409526261 -2.03272920600607 -1.86547432373245 -2.18273136403869 -2.88262393262181 -2.45947117597805
-9999 -9999 -9999 -9999 -9999 -9999 -9999 -9999 -9999 -9999 -9999 -9999 -9999 -9999 -9999 -9999 -9999 -54.2577906287547 -151.656148966428 -120.583377988152 -111.682556634978 -141.62050983393 -190.308110544465 -238.72351969368 -267.372967561408 -298.926562778281 -331.464897182935 -352.997249213451 -309.535837594628 -239.686027369733 -168.110315353028 -86.0317947104321 -30.8603890703944 -10.6564470690345 -5.13067307201348 -3.4184421542179 -1.38481054077144 -1.34395225436626 -1.690848513967 -0.62712892040224 -0.203499589225819 -0.104396161317311 -0.579285567891763 -0.754542302236793 -0.481512307960027 -0.203148038921225 -0.162733886243096 -0.237670619705269 -0.541628652840854 -0.936378101704531 -1.20500483902401 -1.29062605837991 -1.54059060862898 -2.06450543314613 -3.04195303866648 -4.3518586896384
-9999 -9999 -9999 -9999 -9999 -9999 -9999 -9999 -9999 -9999 -9999 -9999 -9999 -9999 -9999 -9999 -9999 -9999 -9999 -173.532803932743 -157.026741370313 -149.128745431204 -162.742436678863 -207.463947166109 -253.197624117059 -291.754701685406 -338.198252031487 -366.091064234138 -332.097054745089 -276.414087945443 -220.205306911143 -148.202272723867 -92.2409565666074 -44.4435044894364 -13.0889687848697 -5.0621854868732 -5.21593120177419 -1.26550007957393 -1.11737152599054 -0.953755518198734 -1.37324844976542 -0.724303421209474 -0.595990811571523 -0.359412609352832 0.069277862807621 0.242418992631215 0.307263697850895 0.271109566168391 -0.102485472158814 -0.857933314798934 -1.9291874009234 -2.28787233076156 -2.93571044376097 -3.28685734262413 -3.77004906109532 -4.72956104186614
-9999 -9999 -9999 -9999 -9999 -9999 -9999 -9999 -9999 -9999 -9999 -9999 -9999 -9999 -9999 -9999 -9999 -9999 -9999 -9999 -9999 -179.414828999149 -166.877817662636 -172.013882012487 -202.015603909633 -263.2130816871 -302.699758622981 -335.847089981978 -332.604244106274 -291.229052926237 -253.34540037273 -198.602971315675 -163.570218943506 -111.071321565343 -51.2259360063725 -20.9539440155459 -8.23805755493645 -3.39888771825268 -1.20294311184534 -0.716208496299528 -0.87594263081106 -0.657023634498318 -0.297014095267726 0.183231759769525 0.404562584888754 0.523558943595208 0.552706714433132 0.451325708210138 0.0394046068430106 -0.850909718642748 -2.14220539291888 -2.96710338459955 -3.45841078506022 -3.73049924172955 -3.89077219577299 -3.71244188214372
-9999 -9999 -9999 -9999 -9999 -9999 -9999 -9999 -9999 -9999 -9999 -9999 -9999 -9999 -9999 -9999 -9999 -9999 -9999 -9999 -9999 -9999 -9999 -162.137798484597 -159.639771533354 -187.567118490279 -234.61218733849 -275.497196955926 -300.546327962401 -294.583441635361 -284.86026830109 -240.980288649245 -221.461749781513 -181.270070444679 -123.870649454462 -69.0417845233506 -26.1933914075728 -6.64111279438014 -2.60449149364923 -1.2517657589642 -1.66577451953727 -0.721720134744706 -0.194942783940202 0.327370677263611 0.667719550388429 0.797711254218732 0.778577768165103 0.668056575192245 0.290057776234216 -0.671847901629218 -2.00006330805106 -2.71933365497299 -3.22847281603453 -3.61463269320069 -3.85668327986429 -4.18189146668636
-9999 -9999 -9999 -9999 -9999 -9999 -9999 -9999 -9999 -9999 -9999 -9999 -9999 -9999 -9999 -9999 -9999 -9999 -9999 -9999 -9999 -9999 -9999 -9999 -9999 -125.596077444443 -161.829724376878 -201.780905695134 -239.496031191167 -266.88506646708 -277.227682611591 -269.582562524993 -278.293410068139 -253.036619411245 -202.188123253342 -172.413124892615 -89.398508051377 -39.88123000711 -10.4233597082199 -1.50729209987407 -0.000877426889569044 -1.72967929781264 -0.759338807272475 0.191529663105662 0.754365234877933 0.968284251536482 0.937958010749386 0.836430439246326 0.442732595911421 -0.466809856046997 -1.73537645822355 -2.42312150523411 -2.68894906283665 -3.21378416001929 -4.20020049260145 -5.77714139817172
-9999 -9999 -9999 -9999 -9999 -9999 -9999 -9999 -9999 -9999 -9999 -9999 -9999 -9999 -9999 -9999 -9999 -9999 -9999 -9999 -9999 -9999 -9999 -9999 -9999 -163.801796158309 -156.833725499104 -164.148393316708 -189.139441788237 -228.181715946555 -251.685517259005 -271.503921252429 -297.058060956318 -278.558216866951 -235.068008549377 -201.827248617898 -137.155070158535 -82.7901149151824 -33.0821750598893 -5.81154681037625 0.341774515889023 -1.04496504655264 -0.548610248476421 0.390822069155931 0.669103418621944 0.971631000331931 1 0.96029993686542 0.696653681553627 -0.235080532539707 -1.51257240202515 -2.22102013402431 -2.45457107078021 -3.01994869714225 -4.25418446639865 -6.37091799825146
-9999 -9999 -9999 -9999 -9999 -9999 -9999 -9999 -9999 -9999 -9999 -9999 -9999 -9999 -9999 -9999 -9999 -9999 -9999 -9999 -9999 -9999 -9999 -9999 -9999 -9999 -9999 -170.189067618735 -160.58271130211 -184.723377572179 -216.437076222985 -249.604583463027 -268.571398090026 -273.015323992108 -248.131111559437 -211.489580415482 -158.884831417436 -115.992654224912 -57.094153756261 -14.2168039959854 0.115615791157073 0.171222258476066 0.204279250271033 0.294628502430924 0.663168191734147 0.859807707194899 0.951813259250648 0.939534488922783 0.886176684554553 -0.0726606594058232 -1.76239812278743 -2.2374058626412 -2.31761899088665 -2.78909293020737 -4.33135343285694 -6.61875935349816
-9999 -9999 -9999 -9999 -9999 -9999 -9999 -9999 -9999 -9999 -9999 -9999 -9999 -9999 -9999 -9999 -9999 -9999 -9999 -9999 -9999 -9999 -9999 -9999 -9999 -9999 -9999 -198.760759008111 -158.869491367051 -158.181553083523 -178.744707122368 -228.416614620589 -267.323469815308 -280.599151419599 -259.275015822276 -212.629810512381 -174.186220723294 -136.424780718447 -76.9715259386272 -26.484876113536 -4.26941348637025 -0.256045516802452 -1.59515522190756 0.375975809486315 0.365401715984917 0.805599442439335 0.817296982738138 0.791677328606788 0.525191152266616 -0.339382636846905 -1.54063965214841 -2.41465571207619 -2.82595805616677 -3.24493890270963 -4.34879046868559 -5.47408600699437
-9999 -9999 -9999 -9999 -9999 -9999 -9999 -9999 -9999 -9999 -9999 -9999 -9999 -9999 -9999 -9999 -9999 -9999 -9999 -9999 -9999 -9999 -9999 -9999 -9999 -9999 -9999 -9999 -166.699707078237 -134.894986841419 -139.719275882078 -201.634976177731 -269.101485767174 -296.94052682224 -265.873114989746 -211.067423575992 -178.953897331791 -151.46650452781 -97.0644648726633 -38.1895528722812 -7.01346107997834 0.0994662405844977 -4.31017688083742 -2.27673064347267 -0.15958950148595 0.0453317322399974 -0.0836510989079062 -0.408165239479336 -0.755007250136166 -1.0488090941514 -1.83042620104849 -2.45074327123732 -3.68100591263884 -4.22265033581861 -4.1392088355483 -4.15277718166398
-9999 -9999 -9999 -9999 -9999 -9999 -9999 -9999 -9999 -9999 -9999 -9999 -9999 -9999 -9999 -9999 -9999 -9999 -9999 -9999 -9999 -9999 -9999 -9999 -9999 -9999 -9999 -9999 -177.761168020461 -129.028246481983 -129.426910960049 -188.908685349828 -264.273791007521 -303.276542172859 -278.36644960598 -214.593838316352 -184.378223625767 -158.279658694014 -103.175194289369 -43.3525849354166 -8.60416011770524 -0.0733044385953423 -3.51819668914331 -3.17289081267242 -2.30002490608001 -0.744511924003313 -1.21219931747451 -2.08419560599106 -2.50067577031813 -1.72679839473733 -1.80570322596642 -2.1972016045335 -3.55783922032223 -4.06650532560744 -3.41512299721874 -2.60205450099609
-9999 -9999 -9999 -9999 -9999 -9999 -9999 -9999 -9999 -9999 -9999 -9999 -9999 -9999 -9999 -9999 -9999 -9999 -9999 -9999 -9999 -9999 -9999 -9999 -9999 -9999 -9999 -9999 -188.621030013118 -124.809148860551 -118.314332191847 -183.152808186729 -273.072306015293 -318.85672847963 -285.878703775216 -213.439038219422 -187.349349076952 -162.029605032579 -106.451215054719 -46.4583299441395 -8.91279570722766 -0.07964243439603 -3.63166515566909 -3.30322540629401 -3.79123815044631 -4.24211067807048 -2.29953817340191 -3.19094005397771 -3.89972804052264 -1.91945641980452 -1.44458527123134 -1.88099103661044 -3.39378869373406 -3.22287927593201 -2.10768795811368 -1.9036228860888
-9999 -9999 -9999 -9999 -9999 -9999 -9999 -9999 -9999 -9999 -9999 -9999 -9999 -9999 -9999 -9999 -9999 -9999 -9999 -9999 -9999 -9999 -9999 -9999 -9999 -9999 -9999 -9999 -188.443898514989 -126.972175487139 -124.444487919433 -188.718694788184 -278.735241548932 -327.443730237435 -307.531526373748 -241.408139209453 -199.728924982214 -161.085417362946 -96.9559354006003 -39.6413408413887 -7.14537470790672 -0.646026865596983 -4.4539668179003 -3.57381856703597 -5.50109222046119 -5.38586415875919 -3.9713268196744 -2.53860142727351 -2.19896156193707 -1.79645541487223 -1.56945194611976 -1.68087345651636 -1.83691091509835 -1.22709671589683 -0.862109679202088 -1.35859287900634
-9999 -9999 -9999 -9999 -9999 -9999 -9999 -9999 -9999 -9999 -9999 -9999 -9999 -9999 -9999 -9999 -9999 -9999 -9999 -9999 -9999 -9999 -9999 -9999 -9999 -9999 -9999 -9999 -193.258608618728 -131.865895121155 -129.46204428916 -202.832536840225 -291.980976600916 -338.493537119844 -317.834017994026 -267.859543383764 -206.448393874084 -152.108930732559 -87.8148956777348 -32.3625987380496 -4.31183653932146 -1.81353023672909 -3.71412733949762 -4.71793808112532 -6.97168049494149 -7.49557437059216 -5.25570308034093 -3.53443924693688 -2.17269552021152 -1.4223352365662 -3.03213218185711 -1.15521044206494 -0.34607832427088 0.133916421695682 -0.189240321158382 -1.68475566282599
