meets/meet004/_saidas_enm/CCSM_Maxent_21k_Cavanillesia_umbellata4.asc
NCOLS 154 
NROWS 168 
XLLCORNER -112 
YLLCORNER -55.5 
CELLSIZE 0.5 
NODATA_value -9999 
[rows 50 to 74 of 168, columns 56 to 111 of 154]
-9999 -9999 -9999 -9999 -9999 -9999 -9999 -9999 -9999 -9999 -9999 -9999 -9999 3.87706277251709e-05 0.000629756192211062 0.137770935893059 0.143426403403282 0.132581919431686 0.171415820717812 0.309584975242615 0.302831739187241 0.349422693252563 0.356019288301468 0.368509262800217 0.348614484071732 0.312250822782516 0.334619015455246 0.345971643924713 0.248762339353561 0.234229415655136 0.207237645983696 0.23321008682251 0.247835353016853 0.228662386536598 0.221672654151917 0.103806361556053 0.254913210868835 0.275271683931351 0.284836500883102 0.322601288557053 0.264601618051529 0.352706789970398 0.361289858818054 0.296770453453064 0.255740165710449 0.208922728896141 0.204824954271317 0.214773878455162 0.233412191271782 0.2756367623806 0.321678549051285 0.305631548166275 0.322776645421982 0.348055988550186 0.380252420902252 0.393489003181458
-9999 -9999 -9999 -9999 -9999 -9999 -9999 -9999 -9999 -9999 -9999 -9999 -9999 9.24311825656332e-05 0.0022808057256043 0.082421138882637 0.141411289572716 0.166970148682594 0.202306225895882 0.217540055513382 0.248705878853798 0.328089028596878 0.445702522993088 0.464928686618805 0.465274572372437 0.350001573562622 0.313601315021515 0.261647313833237 0.226174980401993 0.219103142619133 0.22312818467617 0.278543144464493 0.310323536396027 0.322202831506729 0.29911282658577 0.268599987030029 0.304047971963882 0.309857577085495 0.309677749872208 0.326903402805328 0.354103207588196 0.35212916135788 0.354752421379089 0.364924877882004 0.280971050262451 0.277276307344437 0.28396925330162 0.333116441965103 0.348770260810852 0.334394872188568 0.346385955810547 0.326121360063553 0.339308023452759 0.354118764400482 0.37165367603302 0.383572041988373
-9999 -9999 -9999 -9999 -9999 -9999 -9999 -9999 -9999 -9999 -9999 0.000194274442037567 0.000111143119283952 0.000174747925484553 0.00514671253040433 0.0463970750570297 0.0950495526194572 0.173930943012238 0.209237039089203 0.20020592212677 0.22172574698925 0.278231739997864 0.32795986533165 0.344084978103638 0.292950689792633 0.23950520157814 0.203731447458267 0.150345012545586 0.112206190824509 0.101111397147179 0.107399918138981 0.190372094511986 0.27364307641983 0.339801013469696 0.364733308553696 0.433794409036636 0.37684953212738 0.37465113401413 0.355752527713776 0.34199070930481 0.339780062437057 0.334640592336655 0.34236153960228 0.339469343423843 0.337608516216278 0.354106515645981 0.369339555501938 0.38717845082283 0.408006697893143 0.438176363706589 0.353256344795227 0.344167649745941 0.348703265190125 0.358859539031982 0.371402889490128 0.380824059247971
-9999 -9999 -9999 -9999 -9999 -9999 -9999 -9999 -9999 -9999 0.000676101597491652 0.000660901656374335 0.00490641361102462 0.0029359885957092 0.00245193671435118 0.01042147167027 0.0474850945174694 0.130522981286049 0.177673637866974 0.191402524709702 0.190441578626633 0.198151484131813 0.197652965784073 0.188787788152695 0.154477640986443 0.117491841316223 0.0864762961864471 0.0564558319747448 0.0445336475968361 0.0387889854609966 0.0329468958079815 0.0996949896216393 0.19605079293251 0.301769345998764 0.367946922779083 0.390371054410934 0.444400072097778 0.407002180814743 0.380939602851868 0.361476808786392 0.352606177330017 0.348175913095474 0.341928720474243 0.346495509147644 0.35090035200119 0.36645832657814 0.385021597146988 0.407556921243668 0.438034236431122 0.34537661075592 0.336383283138275 0.324124127626419 0.339554071426392 0.347186923027039 0.350215822458267 0.363782942295074
-9999 -9999 -9999 -9999 -9999 -9999 -9999 -9999 -9999 -9999 0.0106035694479942 0.0160040594637394 0.0117954593151808 0.00466974731534719 0.00131663761567324 0.00233771302737296 0.0156910419464111 0.0672786235809326 0.109338968992233 0.130883857607841 0.140037670731544 0.122549340128899 0.099135659635067 0.0722865983843803 0.0585338212549686 0.042141143232584 0.0293387696146965 0.0182654708623886 0.0122125744819641 0.00511105358600616 0.00527567369863391 0.0339815691113472 0.118978641927242 0.245584577322006 0.343544006347656 0.399841398000717 0.485342890024185 0.450323730707169 0.420642524957657 0.400309860706329 0.385387629270554 0.383696407079697 0.386213839054108 0.394555896520615 0.396821409463882 0.416318327188492 0.341260403394699 0.337334036827087 0.312602251768112 0.28616937994957 0.285451591014862 0.27998149394989 0.295703709125519 0.303813308477402 0.304496914148331 0.314111411571503
-9999 -9999 -9999 -9999 -9999 -9999 -9999 -9999 0.00225060456432402 0.0143446801230311 0.0501829124987125 0.0345718190073967 0.0173434931784868 0.0081821084022522 0.00326512614265084 0.00130675779655576 0.00428909016773105 0.0235422663390636 0.0461188927292824 0.0594725012779236 0.0636544153094292 0.0580689124763012 0.0457131564617157 0.0294872671365738 0.0226974468678236 0.0156349502503872 0.00940163433551788 0.00376062281429768 0.001127949799411 0.000994967296719551 0.00150803884025663 0.0155077334493399 0.0602559223771095 0.167353585362434 0.296274930238724 0.38459387421608 0.398670703172684 0.39136415719986 0.386171817779541 0.451211839914322 0.439025104045868 0.441041052341461 0.448384791612625 0.457624971866608 0.344480484724045 0.32012951374054 0.281308203935623 0.249571427702904 0.218369573354721 0.196322843432426 0.192948237061501 0.192628785967827 0.188655525445938 0.195321083068848 0.215789183974266 0.220497637987137
-9999 -9999 -9999 -9999 -9999 -9999 -9999 -9999 0.0124877896159887 0.060439120978117 0.122370503842831 0.0720066651701927 0.0266354437917471 0.0114231565967202 0.00707591651007533 0.00461402256041765 0.00333638302981853 0.00661616213619709 0.0132228415459394 0.0176298879086971 0.0181450173258781 0.0159111600369215 0.0146537711843848 0.0102046998217702 0.00604622205719352 0.00327542051672935 0.00116409780457616 0.000602860760409385 0.000622853403910995 0.000625338405370712 0.000625445856712759 0.00493148248642683 0.0293813049793243 0.0981980785727501 0.218001201748848 0.328149050474167 0.371340960264206 0.375080049037933 0.369209766387939 0.353598713874817 0.357573390007019 0.35087913274765 0.340692013502121 0.315770119428635 0.27729132771492 0.233776047825813 0.186499729752541 0.147310838103294 0.10647464543581 0.104561910033226 0.0993785336613655 0.102721087634563 0.101562924683094 0.106990449130535 0.12241617590189 0.126274764537811
-9999 -9999 -9999 -9999 -9999 -9999 -9999 0.0274701900780201 0.0519556999206543 0.152644261717796 0.293890833854675 0.123764663934708 0.0310629475861788 0.0121659422293305 0.0103977210819721 0.00978701002895832 0.00826472230255604 0.00712999189272523 0.00930344965308905 0.00624014437198639 0.00461739907041192 0.00405439827591181 0.00378182413987815 0.0026657129637897 0.00117418821901083 0.000683215737808496 0.000617589510511607 0.000684111670125276 0.00053110858425498 0.000543818867299706 0.000551367003936321 0.00274511403404176 0.0128766288980842 0.0494893379509449 0.137229055166245 0.233199834823608 0.294145911931992 0.330857366323471 0.328393936157227 0.297035485506058 0.26609006524086 0.227030202746391 0.200409650802612 0.176162376999855 0.146283015608788 0.113514050841331 0.0928291529417038 0.0936957895755768 0.091329999268055 0.0871292427182198 0.0921764299273491 0.0885686874389648 0.0823588818311691 0.0762349963188171 0.0719669759273529 0.0698871910572052
-9999 -9999 -9999 -9999 -9999 -9999 -9999 0.0829435586929321 0.148162841796875 0.3392274081707 0.317832738161087 0.157746687531471 0.0357377827167511 0.0143031943589449 0.0156710036098957 0.0211553256958723 0.0206628479063511 0.0165143273770809 0.0154607649892569 0.012090059928596 0.00873630493879318 0.00621387921273708 0.00430757878348231 0.00449248217046261 0.00473193265497684 0.00380879896692932 0.00388957327231765 0.00312893302179873 0.00345681165345013 0.00393570540472865 0.00344418757595122 0.00299562932923436 0.00655072601512074 0.0233042817562819 0.0638099685311317 0.123355112969875 0.177842527627945 0.218764543533325 0.224272310733795 0.200680524110794 0.170219585299492 0.132729813456535 0.100069031119347 0.0666593387722969 0.0667643845081329 0.0735467970371246 0.0753465294837952 0.0723208859562874 0.0650260969996452 0.0618960186839104 0.0702322497963905 0.0780074745416641 0.0883125588297844 0.0890177860856056 0.0831279531121254 0.0766473785042763
-9999 -9999 -9999 -9999 -9999 -9999 0.283282220363617 0.312170207500458 0.356283158063889 0.364053815603256 0.331187278032303 0.172625005245209 0.0377737656235695 0.012871578335762 0.0188616141676903 0.0285502877086401 0.0360679887235165 0.033456489443779 0.0319018810987473 0.0218422841280699 0.0153316808864474 0.0142098059877753 0.0118634384125471 0.0122262267395854 0.0117712533101439 0.0114923203364015 0.0110599249601364 0.0112264920026064 0.010810480453074 0.00832066405564547 0.00772852636873722 0.006372454110533 0.00540359597653151 0.0107681518420577 0.0282519366592169 0.0500869005918503 0.0772000551223755 0.0952427238225937 0.0977954491972923 0.0874256491661072 0.0615386888384819 0.0512814819812775 0.052965447306633 0.055172473192215 0.0587759427726269 0.0529096275568008 0.0449244454503059 0.0398021973669529 0.0351136028766632 0.0345386788249016 0.0550122559070587 0.0640805214643478 0.0854843482375145 0.0889264196157455 0.0699732601642609 0.0673719570040703
-9999 -9999 -9999 -9999 -9999 -9999 0.378898620605469 0.386047214269638 0.38727194070816 0.387286186218262 0.357595235109329 0.175064072012901 0.0392860621213913 0.0165249221026897 0.0244125854223967 0.045574888586998 0.0511173121631145 0.0499530583620071 0.0485054664313793 0.0378276892006397 0.0306860096752644 0.0290011242032051 0.0271384362131357 0.0292015261948109 0.0293794758617878 0.0272940434515476 0.0277193058282137 0.0262683611363173 0.0248883031308651 0.0221751369535923 0.0181744880974293 0.0157406274229288 0.0126256542280316 0.0110878860577941 0.0142357423901558 0.022850813344121 0.0328390039503574 0.039659321308136 0.0358906947076321 0.0413750372827053 0.0481804460287094 0.0514612644910812 0.0529495999217033 0.0502653084695339 0.0446985140442848 0.0492984801530838 0.0553110130131245 0.0644854381680489 0.0713737159967422 0.0895688682794571 0.111916117370129 0.143182829022408 0.158736437559128 0.155701726675034 0.131703853607178 0.108907304704189
-9999 -9999 -9999 -9999 -9999 -9999 0.42087310552597 0.416523367166519 0.393102169036865 0.397390007972717 0.300423234701157 0.16873100399971 0.0440261848270893 0.0213123727589846 0.0320876948535442 0.0553005263209343 0.0666082426905632 0.06593868881464 0.0648939684033394 0.0521164052188396 0.0430647768080235 0.0463483296334743 0.0467496365308762 0.0493636801838875 0.0472274273633957 0.0443281754851341 0.0439557954668999 0.042996633797884 0.0410096347332001 0.0372123084962368 0.0340341925621033 0.0303454548120499 0.0271452236920595 0.0249311253428459 0.022200770676136 0.0215408597141504 0.0266442578285933 0.0303272139281034 0.035761833190918 0.0425853468477726 0.0449139550328255 0.0513659305870533 0.0691747739911079 0.0809506475925446 0.100291714072227 0.111139290034771 0.108695723116398 0.120072565972805 0.133869081735611 0.146528646349907 0.175836876034737 0.180528447031975 0.187399178743362 0.181346252560616 0.165428921580315 0.142924606800079
-9999 -9999 -9999 -9999 -9999 -9999 -9999 0.398638218641281 0.377597987651825 0.396363615989685 0.29527959227562 0.182213515043259 0.0661126971244812 0.032212071120739 0.0462253540754318 0.0710415616631508 0.0830141007900238 0.0846897214651108 0.0835655182600021 0.0709337592124939 0.0654134675860405 0.068454347550869 0.0710628256201744 0.0756939426064491 0.0742649137973785 0.0688007548451424 0.0691896751523018 0.0681798905134201 0.0676695480942726 0.066965363919735 0.0623891577124596 0.0601683557033539 0.0548046119511127 0.0540319047868252 0.0537498034536839 0.0528069138526917 0.0565622821450233 0.0608866326510906 0.0632164999842644 0.0765674859285355 0.0941215232014656 0.119897939264774 0.142380729317665 0.158999249339104 0.180972710251808 0.189152240753174 0.184184938669205 0.172308370471001 0.186182677745819 0.20192776620388 0.231501132249832 0.243024155497551 0.240271121263504 0.234971284866333 0.226974964141846 0.211160317063332
-9999 -9999 -9999 -9999 -9999 -9999 -9999 -9999 0.344364076852798 0.306592375040054 0.314212441444397 0.202168196439743 0.0805229991674423 0.0515839718282223 0.0675365924835205 0.0876303985714912 0.106649354100227 0.108036741614342 0.10287369787693 0.0862861648201942 0.0831515118479729 0.0880477800965309 0.0975587517023087 0.103901468217373 0.0999970361590385 0.0965007394552231 0.097325935959816 0.0995364189147949 0.100635081529617 0.102128699421883 0.102873742580414 0.0976340025663376 0.0930277481675148 0.092096209526062 0.0923020467162132 0.0989730134606361 0.0998668521642685 0.109251193702221 0.123401433229446 0.128270164132118 0.151004433631897 0.173235133290291 0.205516442656517 0.225512012839317 0.244134321808815 0.255366951227188 0.237218707799911 0.213481172919273 0.216988414525986 0.25518074631691 0.264917820692062 0.284860759973526 0.29182294011116 0.293568521738052 0.294508993625641 0.30168628692627
-9999 -9999 -9999 -9999 -9999 -9999 0.215902268886566 0.193906262516975 0.230450063943863 0.263601303100586 0.255237370729446 0.192479252815247 0.116254664957523 0.0975237116217613 0.122428901493549 0.154848918318748 0.154471576213837 0.129338845610619 0.113880477845669 0.102654702961445 0.100744523108006 0.106675960123539 0.111771233379841 0.122283242642879 0.130464419722557 0.135807126760483 0.142814204096794 0.146118015050888 0.149806991219521 0.155208632349968 0.155057236552238 0.153254061937332 0.147966206073761 0.147113665938377 0.14583383500576 0.147418648004532 0.156300038099289 0.168199107050896 0.184839472174644 0.206257581710815 0.228047996759415 0.246078193187714 0.267949193716049 0.288549661636353 0.31866267323494 0.329446256160736 0.31324303150177 0.285468131303787 0.274300277233124 0.288080126047134 0.306979030370712 0.317939013242722 0.324263542890549 0.326509147882462 0.329649269580841 0.319897353649139
-9999 -9999 -9999 -9999 -9999 0.333996146917343 0.161622330546379 0.174055740237236 0.226129665970802 0.22455121576786 0.202853858470917 0.195501685142517 0.167408674955368 0.16914564371109 0.201586753129959 0.265470921993256 0.221652492880821 0.164542108774185 0.130636349320412 0.118046820163727 0.119236044585705 0.125861153006554 0.124360047280788 0.138353943824768 0.160833895206451 0.178997844457626 0.190596729516983 0.200137257575989 0.210264712572098 0.215038031339645 0.21594113111496 0.218298673629761 0.211992785334587 0.207217082381248 0.198591873049736 0.191234335303307 0.207279324531555 0.222716525197029 0.241720572113991 0.260169923305511 0.27771183848381 0.294447362422943 0.306107312440872 0.327234119176865 0.359951347112656 0.383877664804459 0.362559169530869 0.333201080560684 0.324931710958481 0.346495896577835 0.371753036975861 0.346707224845886 0.339399516582489 0.337594777345657 0.322625607252121 0.299851059913635
-9999 -9999 -9999 -9999 -9999 0.329243242740631 0.168458625674248 0.189373508095741 0.224306121468544 0.205857217311859 0.189008966088295 0.202556282281876 0.225804015994072 0.250285774469376 0.266792714595795 0.273577570915222 0.246603235602379 0.198142379522324 0.162504822015762 0.170197635889053 0.181529119610786 0.186360701918602 0.184647724032402 0.196693316102028 0.217639103531837 0.235388234257698 0.246200516819954 0.256734192371368 0.272778570652008 0.285388082265854 0.292687863111496 0.292042970657349 0.284797430038452 0.276486545801163 0.263522207736969 0.256173670291901 0.266361504793167 0.282086372375488 0.29835519194603 0.314053297042847 0.326561719179153 0.344981402158737 0.361356139183044 0.382182776927948 0.399401694536209 0.411464512348175 0.404097974300385 0.386181771755219 0.383140385150909 0.390117198228836 0.39098596572876 0.381842166185379 0.362400561571121 0.345687389373779 0.331757575273514 0.314857244491577
-9999 -9999 -9999 -9999 -9999 -9999 0.213395640254021 0.223355129361153 0.24317379295826 0.194193199276924 0.158208921551704 0.172599196434021 0.23965035378933 0.269192695617676 0.253868639469147 0.246102854609489 0.238085076212883 0.214448392391205 0.212132140994072 0.21687425673008 0.249274700880051 0.253387063741684 0.264596700668335 0.282272338867188 0.299715965986252 0.324986070394516 0.329366117715836 0.341256648302078 0.343475818634033 0.346563726663589 0.364331990480423 0.357433170080185 0.352737367153168 0.345016539096832 0.32829949259758 0.320327997207642 0.330223172903061 0.344372928142548 0.358643501996994 0.365554660558701 0.376389235258102 0.391695261001587 0.411404371261597 0.427191644906998 0.427003413438797 0.519823253154755 0.509575188159943 0.496347516775131 0.486761748790741 0.471633851528168 0.462093412876129 0.452189534902573 0.442694038152695 0.436335861682892 0.42742994427681 0.421898424625397
-9999 -9999 -9999 -9999 -9999 -9999 0.260197550058365 0.246898710727692 0.261150330305099 0.204779446125031 0.164661973714828 0.135411351919174 0.145887151360512 0.170386925339699 0.180474862456322 0.184012934565544 0.195166572928429 0.208635047078133 0.238882824778557 0.255090415477753 0.282731980085373 0.301070183515549 0.319622278213501 0.342905431985855 0.362788289785385 0.384050965309143 0.397476434707642 0.413387328386307 0.416146576404572 0.412037432193756 0.405842512845993 0.405085951089859 0.403506010770798 0.399348467588425 0.391112565994263 0.385025024414062 0.394576400518417 0.405847311019897 0.412543654441833 0.413078188896179 0.414740145206451 0.425724565982819 0.437635153532028 0.448307156562805 0.516814768314362 0.506934106349945 0.492846488952637 0.478064000606537 0.466232985258102 0.450091451406479 0.435478717088699 0.422462463378906 0.409348249435425 0.400155305862427 0.386596024036407 0.371893525123596
-9999 -9999 -9999 -9999 -9999 -9999 0.399918168783188 0.229214012622833 0.249493911862373 0.192766070365906 0.162587881088257 0.141745939850807 0.110577374696732 0.102575302124023 0.109381467103958 0.112803988158703 0.146651446819305 0.194811522960663 0.233149707317352 0.272008717060089 0.299310177564621 0.3328737616539 0.351429373025894 0.37852218747139 0.400933057069778 0.424064546823502 0.438565850257874 0.540676474571228 0.544023334980011 0.456151336431503 0.452678889036179 0.447624444961548 0.446464836597443 0.44575834274292 0.441428810358047 0.438087195158005 0.443220794200897 0.453097283840179 0.455249398946762 0.446777820587158 0.443917691707611 0.446694761514664 0.528765380382538 0.523053586483002 0.501471042633057 0.494142174720764 0.478748172521591 0.4632448554039 0.44937327504158 0.427491307258606 0.414419233798981 0.397454142570496 0.380327075719833 0.364351004362106 0.341715842485428 0.326143831014633
-9999 -9999 -9999 -9999 -9999 -9999 -9999 -9999 0.125592395663261 0.160870417952538 0.174920678138733 0.143411681056023 0.103622920811176 0.0828045979142189 0.0858468264341354 0.0907175242900848 0.121377423405647 0.178279519081116 0.219709113240242 0.281306177377701 0.322968691587448 0.3580242395401 0.370582759380341 0.393419861793518 0.415660858154297 0.443723738193512 0.535994648933411 0.537410914897919 0.539861917495728 0.542970776557922 0.54352080821991 0.545821487903595 0.546642065048218 0.545969784259796 0.544150829315186 0.541292428970337 0.538181900978088 0.535001039505005 0.53177410364151 0.529437363147736 0.526646196842194 0.522737920284271 0.518043637275696 0.511909902095795 0.503959476947784 0.484576225280762 0.471162527799606 0.455277800559998 0.440468341112137 0.421491771936417 0.401568204164505 0.380914241075516 0.358955532312393 0.340013593435287 0.313849568367004 0.290173083543777
-9999 -9999 -9999 -9999 -9999 -9999 -9999 -9999 0.147110015153885 0.13527449965477 0.170230567455292 0.132613986730576 0.082177147269249 0.0819577053189278 0.0869482979178429 0.0827376544475555 0.111636847257614 0.173076033592224 0.210419625043869 0.277836263179779 0.33667403459549 0.362966388463974 0.365928620100021 0.388590037822723 0.41805973649025 0.523416101932526 0.524544954299927 0.514913856983185 0.51780092716217 0.5267693400383 0.531403362751007 0.534711062908173 0.532464742660522 0.537551522254944 0.53567361831665 0.531087160110474 0.526001513004303 0.523392498493195 0.51950740814209 0.51545774936676 0.514020025730133 0.508378624916077 0.504356384277344 0.499055057764053 0.490126609802246 0.482697129249573 0.469731271266937 0.445019364356995 0.429952383041382 0.407407283782959 0.390411198139191 0.366168439388275 0.340641736984253 0.3155497610569 0.283276617527008 0.259538948535919
-9999 -9999 -9999 -9999 -9999 -9999 -9999 -9999 -9999 0.103197753429413 0.151345014572144 0.120280683040619 0.0656287744641304 0.0818282589316368 0.0945508033037186 0.088190846145153 0.116362258791924 0.17779640853405 0.2030079215765 0.269324541091919 0.32471776008606 0.348730891942978 0.351436913013458 0.378345668315887 0.486951947212219 0.499332517385483 0.499142676591873 0.496932595968246 0.500438809394836 0.505531072616577 0.510726928710938 0.511091709136963 0.50907951593399 0.511170327663422 0.515658915042877 0.520688652992249 0.519540965557098 0.513698041439056 0.509117662906647 0.507285594940186 0.503687560558319 0.500206649303436 0.494338363409042 0.488331764936447 0.484588831663132 0.476010739803314 0.463338047266006 0.446267575025558 0.419440656900406 0.400588810443878 0.377712309360504 0.352843225002289 0.324131160974503 0.298458516597748 0.266496300697327 0.237255662679672
-9999 -9999 -9999 -9999 -9999 -9999 -9999 -9999 -9999 -9999 0.103607848286629 0.0846706032752991 0.0677735283970833 0.0849039182066917 0.107295319437981 0.106634683907032 0.144603326916695 0.188572764396667 0.201684966683388 0.255344659090042 0.304106146097183 0.330005913972855 0.337716996669769 0.362310320138931 0.475195467472076 0.483033716678619 0.484729886054993 0.481447249650955 0.485463976860046 0.491515904664993 0.494376808404922 0.494885265827179 0.489349991083145 0.488262891769409 0.489227384328842 0.488491892814636 0.490620166063309 0.49221271276474 0.497626751661301 0.496678024530411 0.49196594953537 0.488577634096146 0.486394762992859 0.48163640499115 0.474892854690552 0.466529726982117 0.453653573989868 0.436982095241547 0.419271260499954 0.385911524295807 0.362998574972153 0.330653041601181 0.293748766183853 0.26524606347084 0.238515585660934 0.215320616960526
-9999 -9999 -9999 -9999 -9999 -9999 -9999 -9999 -9999 -9999 -9999 0.0639496967196465 0.0674141049385071 0.0819829776883125 0.122257836163044 0.139396116137505 0.169605940580368 0.20593997836113 0.218456700444221 0.235760778188705 0.272003501653671 0.29800820350647 0.196681335568428 0.218488231301308 0.376164257526398 0.46774360537529 0.472147673368454 0.471841365098953 0.477041959762573 0.480227291584015 0.482416480779648 0.482695132493973 0.476623028516769 0.472910016775131 0.466736614704132 0.461500912904739 0.461907565593719 0.460756778717041 0.464578866958618 0.468933552503586 0.472844868898392 0.478823572397232 0.47469100356102 0.469065696001053 0.463823318481445 0.455141633749008 0.442177385091782 0.425600707530975 0.406778693199158 0.379616051912308 0.336591362953186 0.305831730365753 0.273392498493195 0.246558532118797 0.219565197825432 0.195835024118423
