meets/meet004/_saidas_enm/CCSM_Maha_21k_Cavanillesia_umbellata2.asc
NCOLS 154 
NROWS 168 
XLLCORNER -112 
YLLCORNER -55.5 
CELLSIZE 0.5 
NODATA_value -9999 
[rows 100 to 124 of 168, columns 56 to 111 of 154]
-9999 -9999 -9999 -9999 -9999 -9999 -9999 -9999 -9999 -9999 -9999 -9999 -9999 -9999 -9999 -9999 -9999 -9999 -9999 -9999 -9999 -9999 -9999 -9999 -9999 -9999 -9999 -9999 -41.2034138510673 -23.2210145198048 -32.0175132566744 -59.4643949439108 -80.5171764205746 -85.852644738403 -72.0101895236082 -51.723276137166 -31.5898938090119 -15.8547345335169 -9.26147323816824 -14.4344462484336 -24.2246220779912 -19.7795357697746 -16.5071688809611 -16.1203520894661 -17.0019072029217 -15.723165426538 -10.599008807334 -5.70126821431599 -3.31893467907946 -2.35547342708155 -1.8085752690967 -1.43689142097151 -1.4954255587619 -1.94009895348281 -2.43151792776985 -3.23737940970868
-9999 -9999 -9999 -9999 -9999 -9999 -9999 -9999 -9999 -9999 -9999 -9999 -9999 -9999 -9999 -9999 -9999 -9999 -9999 -9999 -9999 -9999 -9999 -9999 -9999 -9999 -9999 -9999 -41.0539060564627 -22.8060375842597 -37.2548439468673 -62.5956628368416 -80.0655670188107 -82.5377400428785 -66.0324170577686 -47.6791941637034 -27.338187878515 -12.8085075563517 -10.2032655423594 -16.0243180956321 -25.3670603557506 -21.1027076045055 -18.2503291064614 -18.1913303597923 -19.1244097509395 -18.3839774221937 -12.6179016947093 -7.62467108784237 -5.18744317026812 -4.21831820856886 -3.69248050170938 -2.62789001654326 -2.33535144224306 -2.51842799706032 -3.13486851642075 -4.22780756326937
-9999 -9999 -9999 -9999 -9999 -9999 -9999 -9999 -9999 -9999 -9999 -9999 -9999 -9999 -9999 -9999 -9999 -9999 -9999 -9999 -9999 -9999 -9999 -9999 -9999 -9999 -9999 -60.911741039601 -42.5211206247886 -24.2205151119875 -39.3669834154214 -64.6012914949044 -76.6742662500912 -74.9273620966855 -59.4134899209898 -40.7146043770725 -23.3664048737441 -10.3753320509955 -11.1491394259029 -16.800543835095 -24.8809693281032 -22.6262295576844 -19.366237935147 -19.1769718664998 -20.9141213331917 -20.3653214025676 -15.3808751868877 -10.52895215411 -7.73540083310262 -6.78697318738543 -5.86781505254886 -4.71250603693761 -3.66182773043779 -3.43875503149794 -3.91980481117844 -4.66257048289314
-9999 -9999 -9999 -9999 -9999 -9999 -9999 -9999 -9999 -9999 -9999 -9999 -9999 -9999 -9999 -9999 -9999 -9999 -9999 -9999 -9999 -9999 -9999 -9999 -9999 -9999 -9999 -62.0523775744302 -41.7249063906899 -24.9830859942999 -44.4503535407345 -67.7408325414319 -76.9008016124012 -72.2165105130804 -54.248231296124 -36.6379729456475 -19.8079105266618 -9.08644265396368 -10.7639691233265 -19.1591124260753 -26.3740649818223 -23.9465893083631 -21.2149285261952 -21.3496684907333 -23.3240194885311 -22.9402460662527 -18.515803877629 -13.8798002546785 -11.1714425660701 -10.2398977582793 -9.17242651688828 -7.97309637757777 -6.67351117234281 -5.87589604476587 -5.73757868195957 -5.62960462050737
-9999 -9999 -9999 -9999 -9999 -9999 -9999 -9999 -9999 -9999 -9999 -9999 -9999 -9999 -9999 -9999 -9999 -9999 -9999 -9999 -9999 -9999 -9999 -9999 -9999 -9999 -9999 -58.0083514593001 -38.1038484988626 -29.0863596167176 -51.4005101642506 -74.6744504768287 -81.4260147661591 -72.1952248804189 -51.4821182014932 -32.8071499283345 -17.4730108196914 -10.877695868983 -13.0485074742223 -21.7337952217453 -26.8200605900136 -26.2319407813117 -24.3420654237547 -24.6020469227406 -25.963642196902 -25.9014125039575 -21.7682292867467 -17.8106519347037 -14.7816386312534 -13.555482751071 -12.9481036481159 -11.3386829925418 -10.3610337582235 -9.32574028961024 -8.34063529374973 -7.91906293418503
-9999 -9999 -9999 -9999 -9999 -9999 -9999 -9999 -9999 -9999 -9999 -9999 -9999 -9999 -9999 -9999 -9999 -9999 -9999 -9999 -9999 -9999 -9999 -9999 -9999 -9999 -9999 -51.2527663538452 -34.2519535855215 -34.1563791415534 -64.633275604321 -86.1287226082655 -89.767425962085 -76.974481087533 -51.845301711163 -31.3470941651637 -15.8317820638356 -13.4016345750141 -15.5689961674655 -24.5908363180623 -28.282415387971 -28.1179403455341 -27.1507480237858 -26.8411257779575 -27.0824638702867 -26.7874088988239 -23.168746302751 -20.5085873818244 -18.0689137541611 -16.8790213900317 -16.321796290181 -14.8569581922431 -14.1471122988588 -13.0142216700816 -11.6118219595799 -10.9176857845295
-9999 -9999 -9999 -9999 -9999 -9999 -9999 -9999 -9999 -9999 -9999 -9999 -9999 -9999 -9999 -9999 -9999 -9999 -9999 -9999 -9999 -9999 -9999 -9999 -9999 -9999 -9999 -41.5409092888787 -31.5695868006532 -43.5524629777076 -81.8733131855843 -102.246679511232 -101.298127326649 -83.0758142454313 -53.4454362158815 -31.0862308133963 -14.626017707441 -13.9305682436997 -17.3703659535984 -24.186369315715 -29.5363453793552 -30.4369738622485 -29.1513393002501 -28.2134059168911 -27.345584609088 -25.2095138347863 -23.9245160064703 -22.1610862681897 -20.1174332596475 -19.4346369189754 -18.2602705788655 -18.0141984735579 -17.9808279468751 -16.5640764705945 -15.2769748487966 -14.0669865448813
-9999 -9999 -9999 -9999 -9999 -9999 -9999 -9999 -9999 -9999 -9999 -9999 -9999 -9999 -9999 -9999 -9999 -9999 -9999 -9999 -9999 -9999 -9999 -9999 -9999 -9999 -9999 -32.8744962196024 -31.274213063414 -54.8277810584228 -96.9974412656891 -117.407409448379 -110.794724525073 -86.778856404717 -54.1263629061352 -30.6020295694237 -13.7204619322284 -14.2217196586 -19.3767830850558 -24.1211729096287 -31.1585237032481 -33.3424867326644 -32.4661026203544 -31.3917216058469 -30.0081764745709 -27.526666287966 -26.5143783444338 -25.148559944846 -23.5761286928477 -22.8920020287151 -22.3343291537791 -22.494567701549 -22.5089710084881 -21.2781730059093 -19.4165964698082 -18.1987581738897
-9999 -9999 -9999 -9999 -9999 -9999 -9999 -9999 -9999 -9999 -9999 -9999 -9999 -9999 -9999 -9999 -9999 -9999 -9999 -9999 -9999 -9999 -9999 -9999 -9999 -9999 -9999 -26.7612281760862 -33.1212398850701 -64.8883015035011 -111.20337507865 -127.046201744464 -116.09185458794 -86.5476776911253 -52.1127446182573 -29.9825648158144 -13.2139809954972 -13.0726940059392 -19.3437545883 -25.1515009110454 -34.1236236310775 -36.9908799737948 -37.0918589212839 -36.0853889942436 -35.2844820652195 -34.064409383318 -31.3081202586675 -30.4822343881011 -28.8446630673355 -28.3498187292965 -28.0790067086998 -27.724086379156 -28.2513516991317 -26.6002255405198 -24.4589649954282 -22.9776683291129
-9999 -9999 -9999 -9999 -9999 -9999 -9999 -9999 -9999 -9999 -9999 -9999 -9999 -9999 -9999 -9999 -9999 -9999 -9999 -9999 -9999 -9999 -9999 -9999 -9999 -9999 -9999 -25.1510503748055 -36.9909107782113 -70.0032439397463 -109.790046172698 -123.912338777152 -106.161251126552 -75.129226688042 -44.7554905669239 -25.0775996535699 -13.3430970917654 -12.7733005596671 -19.5477362792912 -26.5612215385497 -35.6800638550681 -40.0005300668994 -40.3396951618234 -39.9074667869281 -39.370127993362 -38.6972357045618 -37.0392985918426 -36.2247706906725 -34.6143603052697 -34.0405923762011 -34.0418843337325 -33.7679511321538 -33.8674848596324 -32.1085932613966 -29.9958425352215 -28.534983102648
-9999 -9999 -9999 -9999 -9999 -9999 -9999 -9999 -9999 -9999 -9999 -9999 -9999 -9999 -9999 -9999 -9999 -9999 -9999 -9999 -9999 -9999 -9999 -9999 -9999 -9999 -24.4706872243907 -26.1378351807309 -42.1457498346923 -73.7118763174126 -106.499183093554 -111.232688491568 -90.875417979355 -60.9185730878638 -34.808114395591 -19.1347330384108 -15.0749169552808 -14.3867790845199 -21.3860487786282 -29.606949297414 -39.2764108642757 -42.7700265106066 -42.7736350383979 -42.5546456122623 -42.7161790843005 -41.9077242655453 -41.4282364376701 -41.6239678327032 -40.3677915731379 -40.2166375547333 -39.7672638387754 -38.9134255722135 -39.4153684017048 -37.4479438284375 -35.7303806123407 -34.7934172723958
-9999 -9999 -9999 -9999 -9999 -9999 -9999 -9999 -9999 -9999 -9999 -9999 -9999 -9999 -9999 -9999 -9999 -9999 -9999 -9999 -9999 -9999 -9999 -9999 -9999 -9999 -23.4636602011865 -32.78112991692 -52.2984356480587 -80.6857125864528 -100.374418106743 -97.7270351811663 -74.7384759791232 -47.7048136064734 -26.1502244754886 -15.3590623751363 -14.5849006104527 -21.3470978469436 -27.2585456124426 -35.0606287171968 -42.5761885834214 -46.4114754060656 -46.900262692086 -46.9533521567845 -47.3749380666664 -47.3898057425036 -46.8859244911712 -46.6756279517795 -45.2709383352084 -44.9833930095785 -45.0070995712209 -44.4143717555556 -44.1099023852378 -42.3030525701152 -41.6958060378402 -41.1978748352522
-9999 -9999 -9999 -9999 -9999 -9999 -9999 -9999 -9999 -9999 -9999 -9999 -9999 -9999 -9999 -9999 -9999 -9999 -9999 -9999 -9999 -9999 -9999 -9999 -9999 -9999 -25.9112458192349 -46.5550091174827 -72.2996224224362 -92.102098773173 -103.878809599555 -83.9022009066306 -60.7704084919175 -39.2441608568655 -21.7975674452811 -18.1674960842662 -18.3995665954671 -30.0949049713257 -36.3560975673873 -41.6791321287811 -47.2625894232017 -49.1241575960298 -50.3950472025388 -50.7196877739063 -51.322365442113 -52.7538334165812 -51.0173855382522 -50.8740998209238 -49.9255530087651 -50.3728217804228 -50.1223367232705 -49.449517657403 -49.0337262732795 -47.6985348063625 -48.091441504206 -47.8211404553327
-9999 -9999 -9999 -9999 -9999 -9999 -9999 -9999 -9999 -9999 -9999 -9999 -9999 -9999 -9999 -9999 -9999 -9999 -9999 -9999 -9999 -9999 -9999 -9999 -9999 -9999 -33.8757545296623 -69.5865639587724 -98.6431443505489 -103.905141623603 -93.5811282637464 -69.4301575530147 -45.2693868631887 -30.4608364299946 -21.6797955544766 -20.9692614974585 -28.9057112653424 -36.084768638116 -43.1723387217445 -47.0976745615991 -49.0524749482621 -50.9021715248685 -52.2474984694749 -52.2939227081903 -52.1090867476243 -52.0822945107483 -53.2033095992126 -55.0461052497239 -54.9763622569874 -55.6163418723326 -55.7869436963904 -55.472050164364 -55.1757086205091 -53.8867496959265 -54.2921477010861 -54.6696499424896
-9999 -9999 -9999 -9999 -9999 -9999 -9999 -9999 -9999 -9999 -9999 -9999 -9999 -9999 -9999 -9999 -9999 -9999 -9999 -9999 -9999 -9999 -9999 -9999 -9999 -18.204823544123 -44.3730596063511 -100.605002862727 -128.931777530748 -110.224142741483 -86.5986860099641 -57.8716240438219 -33.6472688285726 -23.5229321649787 -26.0446496186683 -31.0584533271908 -36.6785515501526 -43.9738427753896 -49.9494440205272 -51.0355178489649 -50.2797962497707 -52.6513727297241 -53.7571630695857 -53.2504070478251 -52.6462575943618 -50.4517372686217 -53.8645859941217 -58.8360936985278 -60.5930047543228 -62.3035260962946 -61.8013441974605 -61.0366946380115 -61.9357807255103 -61.1748923021525 -61.8900477784382 -61.610146484977
-9999 -9999 -9999 -9999 -9999 -9999 -9999 -9999 -9999 -9999 -9999 -9999 -9999 -9999 -9999 -9999 -9999 -9999 -9999 -9999 -9999 -9999 -9999 -9999 -9999 -24.4466420157755 -56.7145718354455 -108.287599147842 -131.264232441377 -114.191889427077 -80.2164433700069 -53.793591063473 -34.7968764944254 -30.0820099535753 -37.8129416420486 -42.5829597744019 -45.5998035330316 -49.8254940919647 -53.6776217214018 -54.7170118783804 -54.2262132233419 -55.6572379875643 -56.4768687983586 -55.8437079989986 -54.3792087512118 -53.8095614564297 -57.833660234444 -63.3294441214725 -65.5028781994302 -67.1560590815616 -67.4189840147353 -68.0048459395753 -69.1278382493959 -68.3299285820069 -69.1559301887189 -69.9738606705158
-9999 -9999 -9999 -9999 -9999 -9999 -9999 -9999 -9999 -9999 -9999 -9999 -9999 -9999 -9999 -9999 -9999 -9999 -9999 -9999 -9999 -9999 -9999 -9999 -9999 -29.0572528275136 -65.5464422024411 -117.052376037582 -138.389575084612 -112.846431351246 -77.5526693518721 -55.1171876539044 -43.9044171636394 -43.8100468867889 -47.5727746478577 -53.3480004634295 -54.8632936881204 -56.7270046592845 -58.2981142348131 -58.3123997828803 -58.2983755429956 -59.2263205139677 -60.4267163446524 -60.3055809917144 -59.2883080402674 -57.5539856357521 -62.7475316102758 -69.1187306593737 -71.3988075724278 -72.9996057551878 -72.8217631492233 -73.9543502078413 -75.911998491787 -75.9075708698754 -77.4863341638235 -77.9923207229285
-9999 -9999 -9999 -9999 -9999 -9999 -9999 -9999 -9999 -9999 -9999 -9999 -9999 -9999 -9999 -9999 -9999 -9999 -9999 -9999 -9999 -9999 -9999 -9999 -9999 -32.3371401603848 -70.1176242469053 -119.687925909907 -139.393153046011 -118.965780593408 -82.5566822351388 -62.6278979039514 -55.7624875976917 -51.9303506342866 -55.5197240034052 -60.5073234882399 -63.3503882045134 -65.6239127478701 -66.0411362570697 -63.8209597044784 -62.160859223188 -63.5342658173247 -65.484943505177 -66.4441467349108 -67.6534952777096 -69.0402613476576 -71.4886443883364 -74.4073489249049 -75.3457208426724 -77.6187978637986 -79.3472153130995 -80.6768852262779 -82.4780219674637 -82.1473596470344 -83.8609880701606 -85.43699808881
-9999 -9999 -9999 -9999 -9999 -9999 -9999 -9999 -9999 -9999 -9999 -9999 -9999 -9999 -9999 -9999 -9999 -9999 -9999 -9999 -9999 -9999 -9999 -9999 -9999 -34.3873500461373 -73.4136395498578 -126.689652486564 -147.050456203904 -123.571737704515 -87.1232525491038 -71.6538098664997 -62.0563077755746 -58.939745325236 -62.3968872253095 -67.1679416340297 -70.1288707120172 -74.1814908758762 -74.7120867293794 -70.208733692068 -67.4130980484976 -68.7395148116769 -71.8106724338615 -73.6934067226023 -76.7035115116172 -79.5638178474616 -78.6901968979442 -79.7519587631943 -80.108486905124 -83.2117177834075 -85.1279329268272 -86.0019597780514 -88.2743260386553 -88.4792798334639 -90.8010092451602 -91.6833462943948
-9999 -9999 -9999 -9999 -9999 -9999 -9999 -9999 -9999 -9999 -9999 -9999 -9999 -9999 -9999 -9999 -9999 -9999 -9999 -9999 -9999 -9999 -9999 -9999 -9999 -37.8809648620051 -78.3281293126555 -130.606902812527 -151.443409984115 -130.589540170227 -95.2913162715815 -79.8600282612472 -67.6897968695427 -65.3890123302312 -67.374000535287 -70.5254379239657 -74.7880032368534 -78.4518612856481 -79.2926632084758 -76.5144631206006 -74.132439768977 -75.8493027829092 -80.2106805280203 -82.3156453002501 -83.3980213346976 -83.6814643986839 -84.5433203629061 -85.7815671734386 -85.4537660087456 -87.8454640836732 -90.2316342047468 -92.1455890533727 -94.2894894903159 -93.940844512599 -95.5303907817498 -97.0922383972248
-9999 -9999 -9999 -9999 -9999 -9999 -9999 -9999 -9999 -9999 -9999 -9999 -9999 -9999 -9999 -9999 -9999 -9999 -9999 -9999 -9999 -9999 -9999 -9999 -9999 -39.7344556667654 -82.5447790186365 -139.673280162963 -160.461867431647 -137.642187698471 -104.153816307266 -87.544471005144 -74.4249211678865 -72.4111312705531 -73.8501541021039 -76.045301583708 -79.9748163661069 -83.4324983738147 -84.5358187019201 -82.2817196160465 -80.3169183408029 -81.9167896257862 -86.9132183936543 -88.2227698755022 -87.8981408529894 -87.14073193077 -87.6534281701441 -89.8099639394311 -90.1469921201319 -93.2177727260479 -94.5491631505672 -95.9218450038033 -98.6308707193339 -98.9513946297956 -100.999416028799 -101.513883406921
-9999 -9999 -9999 -9999 -9999 -9999 -9999 -9999 -9999 -9999 -9999 -9999 -9999 -9999 -9999 -9999 -9999 -9999 -9999 -9999 -9999 -9999 -9999 -9999 -9999 -41.9613867721851 -86.6121133684111 -145.934879236499 -170.748576836127 -148.513571754465 -115.020045732882 -95.0847061244557 -83.5372641993466 -81.3437625526031 -82.7558124247941 -85.8835150585997 -87.7253514775829 -89.8212353284127 -90.1657910165182 -87.6555550336162 -85.989081941832 -87.1269238824985 -90.3535152492198 -91.4533235584685 -91.368092207406 -90.3421353620171 -91.7652300915435 -93.4923726737634 -93.9330529132189 -96.6364567220365 -99.0817366603517 -100.549620491199 -101.760295306732 -101.827531994255 -104.089502822246 -105.909497679954
-9999 -9999 -9999 -9999 -9999 -9999 -9999 -9999 -9999 -9999 -9999 -9999 -9999 -9999 -9999 -9999 -9999 -9999 -9999 -9999 -9999 -9999 -9999 -9999 -9999 -43.5887257140559 -89.5688325373127 -151.078013662163 -179.185653550835 -157.171036735074 -127.438417816693 -105.540125121706 -92.7415959459967 -89.9988725171392 -91.0426148773927 -93.5478713433319 -93.7544770444032 -94.8617085638509 -94.5137033884404 -90.6798503117115 -89.0859106578919 -89.515780771921 -92.9309610114156 -93.8079659239938 -93.9842525148214 -93.4021520138669 -94.3787508232905 -96.9333011857573 -97.5230100215731 -100.412800724961 -101.915899127419 -102.648379678617 -105.166649314763 -108.295265070509 -110.983507856513 -113.960088194471
-9999 -9999 -9999 -9999 -9999 -9999 -9999 -9999 -9999 -9999 -9999 -9999 -9999 -9999 -9999 -9999 -9999 -9999 -9999 -9999 -9999 -9999 -9999 -9999 -9999 -44.2618160805864 -92.9362379857904 -154.21126959177 -185.92456055493 -165.61397728066 -140.295978396797 -117.084949974925 -101.063567066867 -97.2290070289246 -96.2213610843268 -96.7688190855266 -97.3697175235745 -97.8769349102857 -96.2040444474913 -92.0097594138867 -89.528417592211 -90.0123826060984 -93.8554541323755 -95.3965315121795 -96.5174023115878 -96.5529019075622 -97.8291382158066 -100.161758370921 -100.113337611573 -102.434722070845 -102.791377679652 -104.567170322902 -111.325721720926 -112.275222440028 -116.457840920708 -123.355968122201
-9999 -9999 -9999 -9999 -9999 -9999 -9999 -9999 -9999 -9999 -9999 -9999 -9999 -9999 -9999 -9999 -9999 -9999 -9999 -9999 -9999 -9999 -9999 -9999 -30.1555319197445 -48.522571470125 -99.8117618265759 -157.721920865322 -189.906937709478 -172.286488552881 -147.388322539692 -124.463409388063 -108.149740732331 -103.408001339032 -101.653383889995 -101.536249633316 -101.549743465214 -101.14652825206 -98.7703878413303 -93.4484555481638 -89.7173005053753 -90.8170102518326 -94.6162431512542 -96.120437348804 -97.4279062832723 -98.3105850914872 -100.67336720104 -102.759510874529 -102.055454565663 -102.54877153003 -103.402224667786 -108.069530771063 -115.83105020885 -117.438450214128 -117.709123254059 -121.652341195512
