meets/meet004/_saidas_enm/CCSM_Maxent_6k_Aralia_warmingiana5.asc
NCOLS 154 
NROWS 168 
XLLCORNER -112 
YLLCORNER -55.5 
CELLSIZE 0.5 
NODATA_value -9999 
[rows 75 to 99 of 168, columns 56 to 111 of 154]
-9999 -9999 -9999 -9999 -9999 -9999 -9999 -9999 -9999 -9999 -9999 0.473887920379639 0.330350041389465 0.329148799180984 0.370170801877975 0.408277034759521 0.510720491409302 0.608531534671783 0.578084528446198 0.539042353630066 0.493487328290939 0.422581970691681 0.359552264213562 0.322432190179825 0.329694330692291 0.330224454402924 0.320317894220352 0.30618292093277 0.292698740959167 0.2823226749897 0.267541229724884 0.249773874878883 0.233891919255257 0.226289018988609 0.228076040744781 0.230122670531273 0.229114457964897 0.226234912872314 0.229819849133492 0.237473979592323 0.243601530790329 0.250446081161499 0.254540652036667 0.263322681188583 0.271345674991608 0.269017189741135 0.261952340602875 0.248305082321167 0.234329849481583 0.217653065919876 0.204909399151802 0.201949030160904 0.201976537704468 0.2079067081213 0.212297230958939 0.200911417603493
-9999 -9999 -9999 -9999 -9999 -9999 -9999 -9999 -9999 -9999 -9999 0.494746178388596 0.39484304189682 0.353545904159546 0.366045117378235 0.376048028469086 0.437484472990036 0.494885087013245 0.558090686798096 0.586487054824829 0.534712493419647 0.479347139596939 0.410772532224655 0.342911750078201 0.342680484056473 0.322504758834839 0.3154117166996 0.302172183990479 0.28541573882103 0.276914656162262 0.263303279876709 0.24517060816288 0.232158616185188 0.226883053779602 0.234718933701515 0.246575832366943 0.241152808070183 0.24152372777462 0.245881870388985 0.255741000175476 0.27410426735878 0.264168202877045 0.267757683992386 0.276895970106125 0.286913394927979 0.310951113700867 0.298955887556076 0.27964386343956 0.265741765499115 0.248574420809746 0.23549647629261 0.230705082416534 0.225824773311615 0.219039425253868 0.200279891490936 0.178950473666191
-9999 -9999 -9999 -9999 -9999 -9999 -9999 -9999 -9999 -9999 -9999 -9999 0.462916076183319 0.424150794744492 0.396534323692322 0.370895057916641 0.356182008981705 0.356235265731812 0.41812327504158 0.540907859802246 0.594983279705048 0.597641170024872 0.467180341482162 0.356858372688293 0.354936629533768 0.350961983203888 0.332481980323792 0.30420383810997 0.278529107570648 0.262881577014923 0.248118832707405 0.231964409351349 0.222395703196526 0.22003211081028 0.228336483240128 0.239727780222893 0.239815667271614 0.242344915866852 0.246878102421761 0.255115211009979 0.263898193836212 0.251645445823669 0.244477853178978 0.252581655979156 0.273709923028946 0.299357742071152 0.304761171340942 0.298869609832764 0.292071878910065 0.278862148523331 0.263299942016602 0.255320012569427 0.242055580019951 0.222831189632416 0.20199066400528 0.170152023434639
-9999 -9999 -9999 -9999 -9999 -9999 -9999 -9999 -9999 -9999 -9999 -9999 0.53678023815155 0.444305121898651 0.381513863801956 0.314371049404144 0.263867765665054 0.21776182949543 0.249810814857483 0.37201714515686 0.513351261615753 0.59599906206131 0.569597244262695 0.370880961418152 0.413888156414032 0.406428694725037 0.354401767253876 0.310542523860931 0.271625310182571 0.250958949327469 0.230483412742615 0.215867027640343 0.205814853310585 0.202692538499832 0.210919886827469 0.217586904764175 0.219890728592873 0.220491006970406 0.226498633623123 0.235438078641891 0.237363174557686 0.22439070045948 0.202221482992172 0.21005192399025 0.243877127766609 0.271611571311951 0.299897134304047 0.309729158878326 0.313485205173492 0.304654777050018 0.28369927406311 0.270888715982437 0.253145754337311 0.230646997690201 0.194422617554665 0.161223247647285
-9999 -9999 -9999 -9999 -9999 -9999 -9999 -9999 -9999 -9999 -9999 -9999 -9999 0.538763999938965 0.37821438908577 0.25433412194252 0.191583693027496 0.164973258972168 0.165787175297737 0.217151448130608 0.30939507484436 0.458346426486969 0.553528904914856 0.489768624305725 0.416822642087936 0.406887084245682 0.369064748287201 0.30633145570755 0.259126901626587 0.240648046135902 0.221239656209946 0.204997777938843 0.194397732615471 0.189160361886024 0.192726328969002 0.198307603597641 0.199601262807846 0.200983852148056 0.206500515341759 0.21448078751564 0.215248569846153 0.204819485545158 0.184634298086166 0.192735910415649 0.224353030323982 0.262621521949768 0.303062379360199 0.324788421392441 0.332692682743073 0.326901435852051 0.308282613754272 0.287740856409073 0.24777440726757 0.210433050990105 0.176360368728638 0.14713691174984
-9999 -9999 -9999 -9999 -9999 -9999 -9999 -9999 -9999 -9999 -9999 -9999 -9999 0.49305385351181 0.375984251499176 0.18115858733654 0.154094964265823 0.134704887866974 0.117512956261635 0.121515646576881 0.123034775257111 0.215135157108307 0.372309327125549 0.410197377204895 0.400423049926758 0.408992826938629 0.348603367805481 0.296206176280975 0.228727102279663 0.221753969788551 0.212025582790375 0.17769593000412 0.182448267936707 0.175450384616852 0.178142920136452 0.17420706152916 0.180687934160233 0.181032076478004 0.186769679188728 0.192672416567802 0.195834383368492 0.197100877761841 0.176198229193687 0.183410555124283 0.218189045786858 0.263577371835709 0.30821231007576 0.33699044585228 0.350905567407608 0.339275896549225 0.33167964220047 0.283188819885254 0.236940324306488 0.20057775080204 0.169928520917892 0.142738372087479
-9999 -9999 -9999 -9999 -9999 -9999 -9999 -9999 -9999 -9999 -9999 -9999 -9999 -9999 0.433875530958176 0.238407552242279 0.172336429357529 0.126533761620522 0.097357951104641 0.084473118185997 0.0723732262849808 0.0731843262910843 0.076621912419796 0.100979045033455 0.167268171906471 0.233362540602684 0.32144683599472 0.251401841640472 0.182181268930435 0.193075835704803 0.15978379547596 0.166175439953804 0.158168748021126 0.151790767908096 0.161176756024361 0.161273777484894 0.15907122194767 0.159716993570328 0.167393445968628 0.182406350970268 0.18800550699234 0.191334962844849 0.185397490859032 0.197545871138573 0.221967428922653 0.260197430849075 0.297617882490158 0.322181314229965 0.323283344507217 0.310009658336639 0.281901508569717 0.249869883060455 0.212695747613907 0.187416076660156 0.169331833720207 0.144293785095215
-9999 -9999 -9999 -9999 -9999 -9999 -9999 -9999 -9999 -9999 -9999 -9999 -9999 -9999 0.526238441467285 0.302277386188507 0.248837172985077 0.143364906311035 0.0933998078107834 0.0705950409173965 0.0457371920347214 0.0253969114273787 0.00922102481126785 0.008195411413908 0.01845533400774 0.0350809693336487 0.093979723751545 0.233694329857826 0.228634089231491 0.260489374399185 0.134366020560265 0.157150998711586 0.14875590801239 0.13500913977623 0.149644121527672 0.146046325564384 0.137509450316429 0.136652201414108 0.14755192399025 0.168275192379951 0.17820155620575 0.179157301783562 0.178687646985054 0.200137406587601 0.218576654791832 0.247742980718613 0.281157672405243 0.296347230672836 0.285898625850677 0.272721379995346 0.242636233568192 0.232804551720619 0.201244726777077 0.183860093355179 0.17267332971096 0.154103815555573
-9999 -9999 -9999 -9999 -9999 -9999 -9999 -9999 -9999 -9999 -9999 -9999 -9999 -9999 -9999 0.564916729927063 0.393076539039612 0.211627706885338 0.121981024742126 0.0694531723856926 0.0404428578913212 0.0171631518751383 0.00594862177968025 0.00333893112838268 0.00274013169109821 0.00255383155308664 0.00538746546953917 0.0121519239619374 0.042773500084877 0.193124607205391 0.352993100881577 0.300884246826172 0.183251574635506 0.11588442325592 0.119360744953156 0.119199894368649 0.123213872313499 0.129044890403748 0.13566155731678 0.145336806774139 0.158301547169685 0.170866325497627 0.166955322027206 0.175952449440956 0.217466413974762 0.240187898278236 0.269543826580048 0.2792749106884 0.284856379032135 0.276420295238495 0.262102544307709 0.243501380085945 0.218548476696014 0.201282575726509 0.187108278274536 0.173546582460403
-9999 -9999 -9999 -9999 -9999 -9999 -9999 -9999 -9999 -9999 -9999 -9999 -9999 -9999 -9999 0.60295569896698 0.460554093122482 0.294649869203568 0.168001085519791 0.0835919603705406 0.0401524305343628 0.0207940340042114 0.00974370911717415 0.00426472816616297 0.00156962859909981 0.000462813477497548 0.000868555624037981 0.000668119173496962 0.00227234163321555 0.0321776233613491 0.166034027934074 0.375491321086884 0.278834730386734 0.13776433467865 0.123262122273445 0.106498725712299 0.106005311012268 0.111363917589188 0.109408617019653 0.102314509451389 0.106230556964874 0.141572654247284 0.155691340565681 0.156848847866058 0.196504607796669 0.235000848770142 0.261613726615906 0.267554134130478 0.277662724256516 0.268961489200592 0.256944745779037 0.239872127771378 0.224288046360016 0.205390736460686 0.18588288128376 0.186859309673309
-9999 -9999 -9999 -9999 -9999 -9999 -9999 -9999 -9999 -9999 -9999 -9999 -9999 -9999 -9999 0.533261895179749 0.446707844734192 0.34147721529007 0.221950992941856 0.133640110492706 0.0730577111244202 0.039920412003994 0.0254945084452629 0.0151908351108432 0.00714791147038341 0.0041106091812253 0.00258047739043832 0.00186136155389249 0.00354902003891766 0.0158066414296627 0.0674198046326637 0.242245644330978 0.438553154468536 0.253377199172974 0.181583508849144 0.137471660971642 0.123688712716103 0.101899296045303 0.089852012693882 0.0794919729232788 0.075499065220356 0.122125171124935 0.147562772035599 0.147636651992798 0.171775326132774 0.228210628032684 0.24905426800251 0.256272494792938 0.261520236730576 0.254766196012497 0.251983642578125 0.212775781750679 0.187383219599724 0.166437432169914 0.14327697455883 0.135764211416245
-9999 -9999 -9999 -9999 -9999 -9999 -9999 -9999 -9999 -9999 -9999 -9999 -9999 -9999 -9999 -9999 0.356343865394592 0.319973528385162 0.278386026620865 0.21270826458931 0.0556645728647709 0.0453620478510857 0.0326459445059299 0.0321197062730789 0.0238159596920013 0.0187538042664528 0.00838573556393385 0.00641407864168286 0.00776871247217059 0.0152158113196492 0.0334837324917316 0.0998973101377487 0.302439421415329 0.398596733808517 0.315519243478775 0.20583687722683 0.151750490069389 0.117094822227955 0.102513946592808 0.0913193225860596 0.0784070566296577 0.136015191674232 0.142332002520561 0.144520103931427 0.170864388346672 0.215324506163597 0.221882656216621 0.218604117631912 0.206368863582611 0.188373446464539 0.192914292216301 0.145797446370125 0.120074093341827 0.104019798338413 0.087139219045639 0.0852281898260117
-9999 -9999 -9999 -9999 -9999 -9999 -9999 -9999 -9999 -9999 -9999 -9999 -9999 -9999 -9999 -9999 -9999 0.40285924077034 0.27087265253067 0.268749982118607 0.184980869293213 0.124969474971294 0.0836988538503647 0.0513260066509247 0.037909708917141 0.0236251000314951 0.0156066818162799 0.0126077942550182 0.0119027439504862 0.0164870452135801 0.0179394762963057 0.0388550199568272 0.0917593240737915 0.220480680465698 0.373453199863434 0.356102973222733 0.23320209980011 0.177896082401276 0.139602035284042 0.15281455218792 0.167165756225586 0.168432042002678 0.157681852579117 0.161942929029465 0.181358367204666 0.192216336727142 0.182534277439117 0.150303408503532 0.127562716603279 0.10956858843565 0.0869224518537521 0.0762359350919724 0.0624022148549557 0.0566013418138027 0.0556406266987324 0.0572532117366791
-9999 -9999 -9999 -9999 -9999 -9999 -9999 -9999 -9999 -9999 -9999 -9999 -9999 -9999 -9999 -9999 -9999 -9999 -9999 0.171601414680481 0.229789167642593 0.219620317220688 0.154426097869873 0.0982736498117447 0.0693432092666626 0.0415827035903931 0.0306455753743649 0.0247064344584942 0.0202982537448406 0.0196406841278076 0.0162877701222897 0.0212690737098455 0.0299237407743931 0.0624153129756451 0.194177091121674 0.36494979262352 0.364839226007462 0.241866365075111 0.173796981573105 0.184252426028252 0.184151619672775 0.189861878752708 0.186563193798065 0.188222989439964 0.184013873338699 0.17173507809639 0.165342912077904 0.126126378774643 0.0995071604847908 0.0768824145197868 0.0543175935745239 0.0489150211215019 0.0415437147021294 0.0392591059207916 0.0423196144402027 0.0453957431018353
-9999 -9999 -9999 -9999 -9999 -9999 -9999 -9999 -9999 -9999 -9999 -9999 -9999 -9999 -9999 -9999 -9999 -9999 -9999 -9999 -9999 0.247892528772354 0.291965752840042 0.209359496831894 0.119259223341942 0.0642212927341461 0.0453600287437439 0.0386288017034531 0.0349771045148373 0.0248123668134212 0.0230508074164391 0.0210718978196383 0.0145109249278903 0.0208455082029104 0.0598076693713665 0.152153179049492 0.3050197660923 0.413167387247086 0.245528221130371 0.272922039031982 0.235221579670906 0.213344395160675 0.212821796536446 0.183000341057777 0.177793875336647 0.166228607296944 0.157181367278099 0.144278407096863 0.111249074339867 0.0747261419892311 0.0532906465232372 0.0447907708585262 0.0408796481788158 0.0397858768701553 0.0387621596455574 0.0450521223247051
-9999 -9999 -9999 -9999 -9999 -9999 -9999 -9999 -9999 -9999 -9999 -9999 -9999 -9999 -9999 -9999 -9999 -9999 -9999 -9999 -9999 -9999 -9999 0.337758213281631 0.253350883722305 0.152834206819534 0.0991605296730995 0.0642958730459213 0.0520673841238022 0.0446788817644119 0.0383964776992798 0.0328490473330021 0.0164484716951847 0.014929722994566 0.0248377341777086 0.0472054444253445 0.128242656588554 0.313038319349289 0.407091289758682 0.424416899681091 0.308442205190659 0.237107917666435 0.19566011428833 0.171767368912697 0.164431378245354 0.16593274474144 0.162851735949516 0.157752752304077 0.126356646418571 0.0863417312502861 0.0599918067455292 0.050653338432312 0.0455348752439022 0.0414230078458786 0.0395230911672115 0.0416002385318279
-9999 -9999 -9999 -9999 -9999 -9999 -9999 -9999 -9999 -9999 -9999 -9999 -9999 -9999 -9999 -9999 -9999 -9999 -9999 -9999 -9999 -9999 -9999 -9999 -9999 0.355861872434616 0.217669293284416 0.123514719307423 0.064132422208786 0.0734249576926231 0.0787464752793312 0.0572485700249672 0.0350132063031197 0.0247478876262903 0.0202761571854353 0.0190812665969133 0.0487778075039387 0.110315285623074 0.245011329650879 0.444059103727341 0.502006351947784 0.328391164541245 0.216968208551407 0.151853010058403 0.157286792993546 0.168465614318848 0.167776331305504 0.155765265226364 0.134081050753593 0.09505445510149 0.0677939876914024 0.0566955804824829 0.0517385676503181 0.0456464067101479 0.0374129824340343 0.0348818302154541
-9999 -9999 -9999 -9999 -9999 -9999 -9999 -9999 -9999 -9999 -9999 -9999 -9999 -9999 -9999 -9999 -9999 -9999 -9999 -9999 -9999 -9999 -9999 -9999 -9999 0.344147473573685 0.322904884815216 0.223538666963577 0.150739729404449 0.0872167721390724 0.0685957446694374 0.0637395679950714 0.0732174217700958 0.05484838783741 0.0370196253061295 0.0288438461720943 0.047826461493969 0.0748186409473419 0.158842399716377 0.359761148691177 0.525437593460083 0.502693057060242 0.26333674788475 0.153623461723328 0.15244759619236 0.176532804965973 0.184664160013199 0.171497344970703 0.145126238465309 0.108847700059414 0.0810526460409164 0.0667794868350029 0.0576479285955429 0.0490369014441967 0.0403333529829979 0.03506825491786
-9999 -9999 -9999 -9999 -9999 -9999 -9999 -9999 -9999 -9999 -9999 -9999 -9999 -9999 -9999 -9999 -9999 -9999 -9999 -9999 -9999 -9999 -9999 -9999 -9999 -9999 -9999 0.30658221244812 0.253376334905624 0.0802639424800873 0.0550147593021393 0.0517265722155571 0.047469362616539 0.0720149949193001 0.0868304371833801 0.0818511247634888 0.0787695348262787 0.0910321772098541 0.153660148382187 0.309955209493637 0.494596809148788 0.563565969467163 0.317664861679077 0.144765719771385 0.1589375436306 0.192778661847115 0.184305265545845 0.193183869123459 0.166845396161079 0.114192299544811 0.0877738147974014 0.0745931640267372 0.0635754019021988 0.0542424991726875 0.04282121732831 0.0392413735389709
-9999 -9999 -9999 -9999 -9999 -9999 -9999 -9999 -9999 -9999 -9999 -9999 -9999 -9999 -9999 -9999 -9999 -9999 -9999 -9999 -9999 -9999 -9999 -9999 -9999 -9999 -9999 0.220162317156792 0.273799210786819 0.115507245063782 0.0893104523420334 0.0779198259115219 0.0722183883190155 0.0737878233194351 0.0908183231949806 0.088753342628479 0.106580317020416 0.106660544872284 0.173261225223541 0.298913478851318 0.459690928459167 0.599685788154602 0.472801119089127 0.20262847840786 0.161139950156212 0.178144529461861 0.170415088534355 0.164716511964798 0.143189743161201 0.11127832531929 0.0866929814219475 0.0697264149785042 0.0624619461596012 0.0569983869791031 0.0510646402835846 0.0512473694980145
-9999 -9999 -9999 -9999 -9999 -9999 -9999 -9999 -9999 -9999 -9999 -9999 -9999 -9999 -9999 -9999 -9999 -9999 -9999 -9999 -9999 -9999 -9999 -9999 -9999 -9999 -9999 -9999 0.215000063180923 0.182741522789001 0.147757068276405 0.117587745189667 0.117287553846836 0.116862200200558 0.104361720383167 0.109464459121227 0.123527273535728 0.107781104743481 0.160513639450073 0.294993162155151 0.445089876651764 0.610555946826935 0.603832483291626 0.263530045747757 0.183800831437111 0.142473474144936 0.135772898793221 0.122991986572742 0.10759536921978 0.0982102900743484 0.0803991630673409 0.0694906041026115 0.0606581345200539 0.0558362752199173 0.0578998625278473 0.069266639649868
-9999 -9999 -9999 -9999 -9999 -9999 -9999 -9999 -9999 -9999 -9999 -9999 -9999 -9999 -9999 -9999 -9999 -9999 -9999 -9999 -9999 -9999 -9999 -9999 -9999 -9999 -9999 -9999 0.140056699514389 0.170423492789268 0.170697689056396 0.170830696821213 0.167277008295059 0.131580129265785 0.130678072571754 0.126929745078087 0.129074364900589 0.109393745660782 0.157647237181664 0.280657649040222 0.399624586105347 0.553610503673553 0.583739340305328 0.285768091678619 0.19545391201973 0.165869981050491 0.118710517883301 0.0968036279082298 0.0839018300175667 0.0899687260389328 0.0839787498116493 0.0734873041510582 0.0630230903625488 0.05710169672966 0.0660553947091103 0.0914704948663712
-9999 -9999 -9999 -9999 -9999 -9999 -9999 -9999 -9999 -9999 -9999 -9999 -9999 -9999 -9999 -9999 -9999 -9999 -9999 -9999 -9999 -9999 -9999 -9999 -9999 -9999 -9999 -9999 0.112884201109409 0.199106827378273 0.161276519298553 0.209345236420631 0.125680968165398 0.0970875471830368 0.120276875793934 0.124170124530792 0.130372583866119 0.111200749874115 0.147864565253258 0.215332716703415 0.302752137184143 0.503963112831116 0.543599188327789 0.254465013742447 0.160178363323212 0.119193434715271 0.122663833200932 0.0895893201231956 0.0828182250261307 0.0872765779495239 0.0980175212025642 0.0785784795880318 0.0648787766695023 0.0633383318781853 0.0854586437344551 0.122374795377254
-9999 -9999 -9999 -9999 -9999 -9999 -9999 -9999 -9999 -9999 -9999 -9999 -9999 -9999 -9999 -9999 -9999 -9999 -9999 -9999 -9999 -9999 -9999 -9999 -9999 -9999 -9999 -9999 0.113035969436169 0.243363603949547 0.268162071704865 0.202699810266495 0.123010337352753 0.0937340930104256 0.108791328966618 0.124732032418251 0.123327977955341 0.114589020609856 0.151524931192398 0.187302485108376 0.268624573945999 0.437819093465805 0.485832393169403 0.219011664390564 0.12973228096962 0.110275261104107 0.10663440823555 0.115372486412525 0.102034196257591 0.0969404280185699 0.096368245780468 0.0864254608750343 0.0790989473462105 0.0929196923971176 0.127295821905136 0.178838938474655
-9999 -9999 -9999 -9999 -9999 -9999 -9999 -9999 -9999 -9999 -9999 -9999 -9999 -9999 -9999 -9999 -9999 -9999 -9999 -9999 -9999 -9999 -9999 -9999 -9999 -9999 -9999 -9999 0.111404977738857 0.271697252988815 0.301028221845627 0.175588890910149 0.11795461922884 0.0928607508540154 0.104424059391022 0.114525809884071 0.110204041004181 0.101531900465488 0.144019514322281 0.185452520847321 0.254765599966049 0.417923390865326 0.445626646280289 0.177186146378517 0.126978680491447 0.114654198288918 0.100831300020218 0.116390101611614 0.127822652459145 0.114030182361603 0.0959479808807373 0.105678349733353 0.113455876708031 0.139640256762505 0.190500274300575 0.253088414669037
