meets/meet004/_saidas_enm/CCSM_Gower_6k_Cavanillesia_umbellata5.asc
NCOLS 154 
NROWS 168 
XLLCORNER -112 
YLLCORNER -55.5 
CELLSIZE 0.5 
NODATA_value -9999 
[rows 52 to 77 of 168, columns 59 to 117 of 154]
-9999 -9999 -9999 -9999 -9999 -9999 -9999 -9999 0 0 0 0 0.089168781034893 0.284716439579702 0.472695724666275 0.549693655622223 0.545799969095143 0.521099883978625 0.462195261707748 0.394025817175174 0.301845600762577 0.167029542590043 0.0303897491372861 0 0 0 0 0 0 0 0.0616736713451638 0.393560715950216 0.605600385080639 0.595904675658509 0.59046061055012 0.572835757458168 0.543579423860493 0.551720573161649 0.537110812709465 0.511778579160384 0.483702025854233 0.448431473928336 0.466021288432683 0.543160513151717 0.605432288565418 0.690202999405733 0.755534374144466 0.720507609199648 0.659965224914918 0.590143810628937 0.531120805275513 0.462620988855393 0.536659660479768 0.626002957643595 0.687055608228938 0.714461130674477 0.717648776201826 0.708721098750428 0.68373396420552
-9999 -9999 -9999 -9999 -9999 -9999 -9999 0 0 0 0 0 0 0.114237049310886 0.309046690823556 0.406178863518046 0.413088634014743 0.381108308490054 0.286891409624814 0.171283087465114 0.0542535012497466 0 0 0 0 0 0 0 0 0 0 0.28670773575078 0.5587126428511 0.601280437697389 0.591426389341396 0.57597392868098 0.559196876351152 0.544921978350134 0.519066161855886 0.504818097203603 0.510865801776941 0.534459411738513 0.58318722070023 0.643495889507055 0.708509467390449 0.742702933839042 0.697756453864229 0.642637323724617 0.580938045174005 0.51932995344486 0.459353921213593 0.400368435255209 0.508401065775717 0.625664094321931 0.703448297373675 0.734790309977046 0.746319031081365 0.743984246948714 0.726974176132736
-9999 -9999 -9999 -9999 -9999 -9999 -9999 0 0 0 0 0 0 0 0.121281815166648 0.218865292157518 0.209286971709955 0.173875157627403 0.0511894902906919 0 0 0 0 0 0 0 0 0 0 0 0 0.169659633738954 0.474232389259359 0.607890090251689 0.611345604631864 0.603540870124363 0.59449226575687 0.595861210068821 0.570676892582606 0.57231705330368 0.590059662661572 0.625580585254598 0.69095349193633 0.734843123127173 0.690427708458451 0.638530839985487 0.576492108039266 0.530900544518624 0.467752973997579 0.407992897339099 0.36107336062592 0.306892215362311 0.455866427341393 0.601951862511809 0.70404868870739 0.74826254620145 0.764820758557152 0.767532995813285 0.760496148267238
-9999 -9999 -9999 -9999 -9999 0 0 0 0 0.0557274151846586 0.029219013701644 0 0 0 0 0 0 0 0 0 0 0 0 0 0 0 0 0 0 0 0 0.0389256726467996 0.339767860026845 0.528051693940205 0.61959053911656 0.625575928227132 0.623973910778641 0.628198307541282 0.620838622477594 0.627026481401354 0.658057551167884 0.699349810970504 0.675967077116814 0.618608327925022 0.552193081302286 0.492773872033554 0.436012644818824 0.379621792138474 0.328966366277333 0.27433678090295 0.232828958855708 0.203047855013093 0.387590804546863 0.569063752176079 0.691885409436606 0.742337944088513 0.766498747583833 0.773095067295933 0.771364969626285
-9999 -9999 -9999 -9999 -9999 0 0 0 0.134754954600635 0.275669635564076 0.0883354288522846 0 0 0 0 0 0 0 0 0 0 0 0 0 0 0 0 0 0 0 0 0 0.170836729562693 0.3620267138543 0.508207133693095 0.575055677302063 0.606488963485583 0.620575995857611 0.613475844638619 0.605132099652155 0.576383093745182 0.527283827899755 0.482172439206756 0.406050039516574 0.338142427513277 0.274007736825421 0.205616462410403 0.165316195378785 0.126151186951425 0.0992409502826649 0.088604261255833 0.0670366092462346 0.29676096517622 0.504076783272742 0.657659020585763 0.728464014020322 0.761045234193991 0.772714275399621 0.773346936653594
-9999 -9999 -9999 -9999 0 0 0 0.163336135893343 0.347040327776464 0.396628020291797 0.209924282597232 0 0 0 0 0 0 0 0 0 0 0 0 0 0 0 0 0 0 0 0 0 0 0.165028281810947 0.317745510939321 0.397303147047488 0.425569051314084 0.441145249337557 0.408541007661607 0.370464164536795 0.324785895194394 0.263501011728696 0.207047832416047 0.123273888718494 0.0505145824426669 0 0 0 0 0 0 0 0.211313108673608 0.431502710803529 0.612172232824156 0.693504622329474 0.743413004808251 0.763620626005271 0.767483303485778
-9999 -9999 -9999 -9999 0 0 0.0881792459890244 0.437359724456327 0.52332286374993 0.491788104957435 0.298035869634688 0.0868145893874156 0 0 0 0 0 0 0 0 0 0 0 0 0 0 0 0 0 0 0 0 0 0 0.0663337156905847 0.129492934857363 0.137722004976707 0.139674361438438 0.0839327682118383 0.0403822015209142 0 0 0 0 0 0 0 0 0 0 0 0 0.0984981982949431 0.339962205218685 0.539573545595555 0.63726782548829 0.695424541386474 0.729693472442903 0.740771363838065
-9999 -9999 -9999 0 0 0.0125559276242901 0.339917823843967 0.58758502132664 0.601353914229867 0.538416015290863 0.356583666089496 0.170263870608128 0 0 0 0 0 0 0 0 0 0 0 0 0 0 0 0 0 0 0 0 0 0 0 0 0 0 0 0 0 0 0 0 0 0 0 0 0 0 0 0 0 0.231011583963581 0.439274502917817 0.547382516390325 0.629960663459102 0.667009147889981 0.68990294483964
-9999 -9999 -9999 0 0.0169383763647851 0.319083948607776 0.561556003501041 0.678499646063198 0.63700813519902 0.574738709343505 0.424768201461578 0.271774392551778 0.139237473447183 0.0524392358806892 0 0 0 0 0 0 0 0 0 0 0 0 0 0 0 0 0 0 0 0 0 0 0 0 0 0 0 0 0 0 0 0 0.0112902103930727 0.0256186100131118 0.0525875035943182 0.0660931516785765 0.0783359093707714 0.0796534991004655 0.0697722828375485 0.0929813390019353 0.295640971503393 0.410287049106276 0.495783002668325 0.55070114799145 0.572384374630388
-9999 -9999 -9999 0.0722189121253627 0.262009642062008 0.549711512972001 0.68053705216153 0.707117740778419 0.683282459603731 0.616468683601802 0.465844025030004 0.333722169799097 0.206242183257148 0.166002551925383 0.104041488534041 0.0768940800602577 0.0240197497875917 0 0 0 0 0 0 0 0 0 0 0 0 0 0 0 0 0 0 0 0 0 0 0 0 0.0322693144908016 0.0840076794494201 0.103102836592945 0.138941079361883 0.156400062003054 0.165583473020798 0.189016980214015 0.188820232208895 0.207143096895538 0.218369888595774 0.200652532855924 0.201466662532285 0.168152504443982 0.144219636114206 0.247600253500205 0.342550600490074 0.393638719474043 0.425056255796813
-9999 -9999 -9999 -9999 0.535557331104288 0.684353802124196 0.761994213578252 0.716353050471651 0.722776010300726 0.629435206345401 0.519921553423719 0.409430261737608 0.316387568080703 0.267583532834948 0.213560021775189 0.189010337142003 0.161538972901168 0.122353045864068 0.103212941977994 0.0862739563992071 0.0881461719709221 0.0910305373017382 0.0805852252856343 0.0789818421174676 0.0674626139067471 0.0647119580679167 0.0580151761120162 0.0409474280097628 0.0311611935424213 0.00936923184595051 0 0 0 0 0 0 0.0296861488718477 0.0564893896786278 0.105708899609047 0.146475453759123 0.185692334684959 0.236661446038786 0.266927352796319 0.301901784190763 0.317912789146261 0.329503183032684 0.346200897889675 0.353663894598275 0.364673480481415 0.364406168940314 0.365258576431976 0.36319266492213 0.346421037988795 0.328087431313366 0.297158136077362 0.272353823907376 0.241006863186364 0.197485483609705 0.193511089101094
-9999 -9999 -9999 -9999 -9999 0.717072336800188 0.777478751916716 0.664135554306893 0.717474094915784 0.64524259442137 0.535259789046503 0.44161476491317 0.367718468306822 0.339537684648728 0.292352014818656 0.268996245702175 0.246409730190485 0.220340760853965 0.21143593483485 0.207859276595212 0.210228874516079 0.207513271482758 0.212025189456508 0.203902832515229 0.203635978899089 0.201663410537406 0.186696145268555 0.18302521194313 0.162028581442646 0.15033748141136 0.137339674981124 0.124126746091265 0.121615806212697 0.117842117284023 0.131410521197501 0.142471377439395 0.170315460422689 0.212159605658282 0.242654203703375 0.294074619928144 0.333302242842766 0.369426550817436 0.408078965398367 0.422901352287769 0.447030555513448 0.45755730290506 0.463618520063966 0.478151458733624 0.478306140269504 0.485331411277197 0.486791172055833 0.476258038420889 0.477135844372877 0.450249894389287 0.436851920148757 0.411536913055799 0.381890637949615 0.362890661974264 0.333524856426146
-9999 -9999 -9999 0.589170175559247 0.684542792739194 0.751502513385041 0.77776093596422 0.690020577631915 0.712008151471611 0.645903691551357 0.563677891022624 0.494847249961044 0.430501733953817 0.392809254195271 0.36185443869205 0.34522768783992 0.335507248053889 0.324319184050063 0.324132400652961 0.322198842671603 0.327207718968631 0.33731204351178 0.338935850592835 0.342939926912563 0.340889479132186 0.34046432252342 0.336425758766013 0.325225539353825 0.315860998617286 0.299999886807931 0.290871457811732 0.286394097946641 0.277639165073669 0.284175594578557 0.289399805348143 0.302552593235 0.335659332000376 0.364170489844259 0.405776123399035 0.442437835904758 0.473645527108888 0.510646964202919 0.535108906506656 0.556960450733028 0.569422890024821 0.577699108029153 0.589829195496871 0.592767212166411 0.599782315171562 0.599949305523539 0.599242311327434 0.59778633403169 0.588910989876534 0.581708626014252 0.565592005866386 0.554444977569718 0.546003036119982 0.526491649318898 0.519599718360593
-9999 -9999 0.606104504520805 0.676981356288957 0.730250071219502 0.768226474932725 0.737206769192443 0.668753208642391 0.698773054097015 0.651033334209147 0.574669994744191 0.497633601538923 0.460015132681181 0.433069130176953 0.415108364625435 0.407922332653997 0.387653513262097 0.394867935431965 0.394783327331699 0.410628609990913 0.421835284593731 0.427166853773164 0.441119677934429 0.443681809456921 0.455725190528319 0.461678043221411 0.452436006317504 0.45310387292288 0.443069668354771 0.437479171625483 0.431779893873798 0.419011353866487 0.418646858812811 0.417620652423648 0.42905052263994 0.439868388499552 0.462759469500292 0.489977840255254 0.51639837817649 0.555617891739928 0.580480450585946 0.609351133532554 0.589271710973703 0.582400166799007 0.574265062417382 0.57121725281786 0.573120026436389 0.575475388898696 0.587409041457485 0.600198622844434 0.611550536023597 0.623375166729736 0.631045318964705 0.633959482281878 0.632182385213264 0.623286835528597 0.595202060400805 0.567441941409083 0.531477136141026
-9999 -9999 0.64741679418435 0.721110997330171 0.752989493650732 0.770723396274258 0.695979067600715 0.653730832001039 0.670450387935129 0.669293680360183 0.601021470456826 0.544760442088308 0.504443084745584 0.472040025535038 0.448867104648715 0.441270986798392 0.449340089997022 0.451721486523992 0.457876816742539 0.471783836341974 0.484192307137479 0.504785723506289 0.518569677352627 0.530976860557371 0.541152292171021 0.548157078936942 0.553520678732059 0.553055000073492 0.551197715038821 0.545398963000637 0.541437587465277 0.538972187276007 0.534502420231936 0.537674150999583 0.540241265687926 0.547907317355589 0.567503224923697 0.585576069476625 0.612259404614728 0.637460337256605 0.618050976759845 0.599879578106947 0.583286799532248 0.574648222630537 0.567767349137497 0.564696088752173 0.565970725856219 0.56802537819996 0.575016107523194 0.582423514027995 0.589676787951051 0.596385361315086 0.599360677002278 0.598090475351654 0.59144821424851 0.579857004744225 0.562359007059242 0.539048635091851 0.511415203364552
-9999 -9999 -9999 0.757668603115876 0.775546383502389 0.740219589041793 0.672755512049147 0.625725910849633 0.648745843935529 0.66833513924287 0.626700568687216 0.56550525293064 0.529287108834637 0.515088249118831 0.487858615822996 0.487388521090093 0.498178717825083 0.493639577735016 0.510917832849956 0.52670424830747 0.545840751420987 0.568151881088602 0.582322050110677 0.601294096685361 0.615046534722496 0.628545142713227 0.638928054553249 0.640223677099737 0.645285026311281 0.641190556063995 0.641527348093962 0.641338032032837 0.635752882740949 0.640145500633108 0.640326413167918 0.645262656360952 0.661040854449851 0.670539613164687 0.667020090540577 0.640311818823735 0.619264777227093 0.602405778936293 0.584958042205974 0.579128182930775 0.571747955257094 0.567932964098819 0.567363394716017 0.56516175843249 0.568919137943292 0.570549458185748 0.572215563981229 0.574363917752376 0.572857893762562 0.566603174936704 0.556572857504504 0.542265291545808 0.523010894807763 0.499318711167065 0.47281773533895
-9999 -9999 -9999 0.712285826322895 0.766154485099763 0.747214811386913 0.664567899246885 0.610336227056432 0.647976350903518 0.695168796927754 0.653064975465298 0.586802495367284 0.543842236467971 0.530535434110327 0.52029006982846 0.523162238382536 0.527064472076131 0.532694484224691 0.54231253727551 0.563275195719355 0.583452191101858 0.607790504008348 0.628966976062305 0.648753256308856 0.668878672793453 0.683257581479181 0.695910112489185 0.703902127439348 0.708666209233171 0.711250165447791 0.712542191243647 0.713327335476585 0.712726269033926 0.713902554726931 0.71490921225931 0.717847494375942 0.723105876220407 0.698892718497744 0.676605601538661 0.653463563244158 0.633777659988729 0.617713080539871 0.603248118348894 0.594247582765822 0.586318312050703 0.580944668869301 0.577190975981091 0.572694718599786 0.5700321297639 0.565569047383393 0.561573275483395 0.556588471570848 0.548277289307629 0.539281046499702 0.526035085169063 0.510031162398274 0.490808813962886 0.467835575577063 0.443544692712061
-9999 -9999 -9999 0.583298594140379 0.741007818791729 0.73808091185133 0.714133365952918 0.611495166850426 0.598598101169918 0.554836798706769 0.579476785794555 0.612096896986141 0.554490284561891 0.564259039165903 0.557789128288938 0.569659439580494 0.571062568773516 0.563754991336868 0.584010353940186 0.601427604506505 0.627428302230091 0.658021355865378 0.671411663741105 0.697864631597782 0.701528714881653 0.706074207458973 0.723232740607066 0.740003805021878 0.744521021500022 0.746893200275892 0.755700079174816 0.767559734102853 0.766618656987156 0.771313036511643 0.768318576999714 0.752076233785215 0.733571279093496 0.711700379063471 0.693185509151965 0.671879020454882 0.654318214871608 0.639571451115862 0.624636989943699 0.615857205731433 0.605609202670384 0.597938028674847 0.591367495163605 0.582905785016286 0.575932115872777 0.565833692575662 0.555625904077526 0.544102617257657 0.529464439495436 0.517190728450388 0.50106688274629 0.484227107361753 0.465227857584962 0.443591864912141 0.422710412042428
-9999 -9999 -9999 -9999 -9999 0.729187795348244 0.736932190071346 0.61336199939271 0.513188469441655 0.448635424541636 0.459831622384762 0.545865504833745 0.590834335039606 0.586430024835092 0.593538758268809 0.605090472721929 0.601612331550491 0.60439952600907 0.614647367222562 0.635321403090538 0.636518903322621 0.664783105702864 0.687116276423838 0.681565989222504 0.667324151906778 0.670857616510682 0.688093882608903 0.704311119432121 0.708300073445177 0.708344365954528 0.717183044603755 0.731513994412503 0.745627818004084 0.751807500649057 0.756706210884898 0.763028992406235 0.746487191049174 0.728650333835717 0.710997471767501 0.693641270516284 0.677576309518097 0.662854781407381 0.64921390777604 0.637722268839147 0.626992199141921 0.617005358082159 0.60629965737449 0.595244974344679 0.583965555077845 0.570692207802458 0.556160011004564 0.539090501961268 0.520412654335313 0.503659738264393 0.484890210640048 0.467611884573487 0.450368937656985 0.430510087617776 0.413714630407515
-9999 -9999 -9999 -9999 -9999 0.567469072409574 0.733113680938402 0.591164014673842 0.465109531860044 0.353274775630643 0.35194791161274 0.447413319755516 0.601402528818285 0.631217759980021 0.635449586456714 0.636512435628774 0.655100103202497 0.642092514828487 0.640435185481208 0.599881280199598 0.599136800286083 0.633868850870359 0.658272493233877 0.653974160198398 0.636056293010145 0.63905787540755 0.657887804985384 0.671508495288267 0.67541473396779 0.671671107647772 0.68037328391635 0.697475560292602 0.711468071946168 0.71990378168165 0.724794232242088 0.732465302527095 0.741231915508427 0.745278265576495 0.731324010614781 0.71505751562902 0.700383590054479 0.686508573545351 0.672345783695159 0.660600854915881 0.647553751204481 0.635023594825852 0.621297569877952 0.607271913643364 0.593473701311305 0.577260200259601 0.559105670781637 0.537754202527424 0.51580496429872 0.497391059059454 0.477537324726874 0.461098889989822 0.445920857667239 0.427995960132228 0.415626827696151
-9999 -9999 -9999 -9999 -9999 -9999 0.756778891838859 0.639561739753522 0.457562224562614 0.283279971948416 0.25068636572437 0.351070384310848 0.530023630954737 0.654487361063655 0.63437128856073 0.613883393725821 0.630711368121951 0.639805195095603 0.611017174936986 0.574621651282382 0.572246670554745 0.602774991031787 0.628553087338631 0.624951716549407 0.611928917366369 0.614500463035052 0.629417035074512 0.642455411105793 0.643936456773543 0.641421732151556 0.648670744268055 0.662095547373059 0.675571335573413 0.68331501126748 0.689359146301213 0.698433387212893 0.707391601152133 0.717075875315395 0.721112688422887 0.725151463203287 0.721033924365637 0.706192358258485 0.692590611153127 0.678770500466976 0.665244260547118 0.650554713081941 0.633505411885275 0.616714667200445 0.600471177476059 0.583763808453612 0.563870713326523 0.539424642981028 0.515735282989469 0.497698216855409 0.480537175094526 0.465759675676277 0.452630295385484 0.439142815630612 0.427927140415672
-9999 -9999 -9999 -9999 -9999 -9999 -9999 0.694890214199343 0.479207153961469 0.252375385044593 0.194565158617942 0.285545575750165 0.465614750724336 0.660436579301432 0.610917371888844 0.58863836542046 0.605113200870322 0.614202786582433 0.589934434226418 0.552706317913117 0.549324545110261 0.577997649468116 0.60047397631073 0.599749133571039 0.589017252473667 0.592742406970103 0.606595345442907 0.617102388566769 0.618781944492681 0.614088659948678 0.619341257408312 0.63119462966741 0.64131175682248 0.648538484171183 0.652891151150603 0.661917371454393 0.673346175953013 0.683157121643168 0.689224870352869 0.694178706766369 0.702067696524499 0.71311319279465 0.710631677341736 0.696614859796318 0.681385517143353 0.665264678729144 0.646437426695461 0.627370301640262 0.609516415083999 0.590405558676472 0.569922725441415 0.546050617588913 0.523369586616819 0.507309875718994 0.491938092739005 0.479416404546276 0.46907034560884 0.457916812767065 0.448489050094432
-9999 -9999 -9999 -9999 -9999 -9999 -9999 -9999 0.524046009345281 0.266854622624291 0.17493073830269 0.245669427490203 0.408731800341341 0.643452456857284 0.592373394726846 0.56258284113258 0.585131749872802 0.589591754809696 0.570679385902334 0.541305408219251 0.535874403815377 0.554166857505547 0.568776033662471 0.573004875022959 0.571186641395944 0.575747701621373 0.585419647605753 0.592901109272873 0.595415894206847 0.593963004014299 0.597084253570297 0.602473849195552 0.606159977747944 0.614521948413471 0.619183351428207 0.628359169991557 0.639063000904143 0.646996266815832 0.65684429517739 0.661305669911937 0.671390856247991 0.686920175578414 0.693533908254787 0.687086437324206 0.674907147269374 0.661284524938457 0.64566854035052 0.631784551427174 0.619289554920877 0.597882547075982 0.577613729416272 0.557221873374025 0.537938078007012 0.523838131494556 0.511805558705169 0.501086160882853 0.491207354434111 0.482101988978234 0.472821827904253
-9999 -9999 -9999 -9999 -9999 -9999 -9999 -9999 0.567554375036808 0.310707615680346 0.199850623088323 0.227988383985227 0.359523197394536 0.562216775052259 0.611189057964342 0.577694698272294 0.581895633583421 0.579747422857328 0.563190780842674 0.537307281673101 0.5289824826136 0.538388855500071 0.546298351333522 0.551602991903857 0.554112162711925 0.559889229114937 0.56784748770038 0.572893884612488 0.577754977546946 0.578722435984768 0.581512632026068 0.584414062792496 0.584631543725922 0.591200173258958 0.594874190346724 0.603247669357016 0.614064286750579 0.620943448389436 0.633097152873022 0.639830488307052 0.649244799886491 0.66093171515252 0.664553409036632 0.660997511440558 0.651118503162814 0.640190387306964 0.628480921491504 0.618668857474011 0.615580276569813 0.611683875777775 0.592397685256709 0.575417455074467 0.558691871559005 0.546479131084236 0.53560173732062 0.526063033082125 0.517712745924791 0.5090425386297 0.500695428595431
-9999 -9999 -9999 -9999 -9999 -9999 -9999 -9999 0.615452285782815 0.368278659828392 0.24244163330457 0.239365104249411 0.300839199029159 0.458271653379434 0.659404768996531 0.626500105149859 0.612497586817762 0.58257499699654 0.566641874606934 0.547297065691534 0.532516394957335 0.531370067524124 0.528989146576961 0.53519455381742 0.541081096697824 0.546576351767309 0.551455378828658 0.554858149402859 0.560675778172208 0.566831492424955 0.569594000153387 0.569685531259281 0.570687302106087 0.573135001711097 0.577462192498635 0.584828217024096 0.59176950307549 0.603666172185047 0.617143742144587 0.627664403510495 0.635285843164251 0.637756502213514 0.633391149272243 0.630226858425049 0.625069950531649 0.61846578599411 0.611285626654443 0.605980470876632 0.601682240064859 0.601443244108139 0.599763226131078 0.596449425702725 0.583523643632006 0.571495989100923 0.561062616120392 0.552162280730143 0.54409261366939 0.537081527377713 0.527918311403312
-9999 -9999 -9999 -9999 -9999 -9999 -9999 -9999 -9999 0.453259474972995 0.325697550851904 0.272107098757568 0.286467621220751 0.362359895103672 0.496756738556513 0.625542278836846 0.67317969953744 0.627481379121478 0.593570127646997 0.56629145890018 0.542775126478196 0.532186465903398 0.525895433020511 0.52867619176932 0.533856354533482 0.537558374783129 0.53944528229549 0.540184982228537 0.545673950540133 0.550753650913252 0.553935379080128 0.555245138706963 0.555020347756357 0.55549610710407 0.557479116144197 0.564420266238063 0.572682667947734 0.585704841521695 0.605280809924552 0.621058051385659 0.62703079645019 0.62181556584386 0.61109006350571 0.604261063039136 0.598528625461467 0.593698147504565 0.592691504675955 0.591013374770735 0.586280166758553 0.583156905440031 0.582144972534663 0.583626194027187 0.588833980703282 0.589666286113367 0.588375831307318 0.579938796677727 0.562699976209988 0.555582566891935 0.556792142510818
