meets/meet004/_saidas_enm/CCSM_SVM_6k_Aralia_warmingiana4.asc
NCOLS 154 
NROWS 168 
XLLCORNER -112 
YLLCORNER -55.5 
CELLSIZE 0.5 
NODATA_value -9999 
[rows 75 to 99 of 168, columns 55 to 109 of 154]
-9999 -9999 -9999 -9999 -9999 -9999 -9999 -9999 -9999 -9999 -9999 -9999 0.582691349836629 0.614050866412281 0.58165178921835 0.623160050165475 0.774107051176529 0.984454130387764 0.964479636855318 0.774892842232688 0.690563420436702 0.630303811079802 0.5449115119814 0.462525728758752 0.400855160239922 0.376727038345194 0.353243639865585 0.325315566815669 0.29043292402473 0.257655516535939 0.231710290646491 0.200134832420954 0.170501939785348 0.136690241168323 0.117373664172239 0.110060180567927 0.100269426209853 0.104419564875813 0.102170530636816 0.116346922145878 0.140301322956276 0.156322894337333 0.184992971796608 0.202179735487155 0.228681095790913 0.25473442129725 0.247386591050488 0.221153932476932 0.177545487392895 0.133459484657398 0.0865444025160891 0.04884314236855 0.028954861513263 0.0161879439567064 0.0143059228128481
-9999 -9999 -9999 -9999 -9999 -9999 -9999 -9999 -9999 -9999 -9999 -9999 0.604960779507998 0.71433481106536 0.647284039681076 0.631677623212561 0.684627031900973 0.879907047798681 0.956717423037684 0.899144140647069 0.837601025569033 0.685588203764225 0.586390827330506 0.490467846013508 0.404465449266975 0.370968833225906 0.335260380801195 0.305279059343699 0.270256272788716 0.233811319790053 0.203026765372628 0.168744362005314 0.136689351652308 0.104646115473506 0.0860183254690653 0.0834191512898471 0.0791284949184199 0.0729864095477567 0.071599383211142 0.0822444917628524 0.10193130190193 0.129742690619897 0.144365282175789 0.161565676883924 0.184384873302242 0.208540438097937 0.22626215935907 0.205512132000031 0.168161926060937 0.131857385830928 0.0922911377749576 0.0585276420864194 0.0394165654448905 0.022315177393536 0.00605984565499057
-9999 -9999 -9999 -9999 -9999 -9999 -9999 -9999 -9999 -9999 -9999 -9999 -9999 0.794854441484161 0.706550682483881 0.650042355300911 0.660912475841317 0.717661813110812 0.771973300248058 0.847125774086312 0.930309427126172 0.867164131416768 0.722936417303503 0.558624197276388 0.428994358689181 0.376848030803973 0.338833360754337 0.299091167451734 0.26024444963263 0.219152065925905 0.180333085886028 0.14109957414035 0.107141121200183 0.0781210380557092 0.0602598994544164 0.0539192774352839 0.0482068624913952 0.0379814083956483 0.0322643889205721 0.0392950355513627 0.0550858735984016 0.0758920809079798 0.0909321398710966 0.105005949664136 0.121563692961869 0.138502643448572 0.151830758623152 0.149374728184335 0.132758469085328 0.112405075953281 0.0861917699151459 0.0567452845493427 0.034415975070645 0.00827166080286007 -0.023412239546687
-9999 -9999 -9999 -9999 -9999 -9999 -9999 -9999 -9999 -9999 -9999 -9999 -9999 0.728909850119893 0.78347180388446 0.695012555959178 0.5917906281726 0.514149325917938 0.433749415068189 0.514076166016847 0.781374289253738 0.942988009357735 0.90712842325196 0.695274453668947 0.487876222159431 0.418779178496934 0.374039535520896 0.312520525594166 0.267398120936163 0.217410816259706 0.171815253567393 0.122750948760421 0.0934186350775978 0.0614292817292014 0.0397326848826114 0.0307168099664794 0.0161857933161913 0.00476678356535909 -0.0129756698369822 -0.0124833837231578 0.00359036170562282 0.0136816182228235 0.0293562261530487 0.0416839734252453 0.0575133356047008 0.0723723722245644 0.0732242726152 0.0886979582706602 0.0880676046600437 0.0805729203902103 0.0661015855237729 0.0383263626868698 0.0110467397452272 -0.0209950458985965 -0.050233710958679
-9999 -9999 -9999 -9999 -9999 -9999 -9999 -9999 -9999 -9999 -9999 -9999 -9999 -9999 0.759480848907468 0.723610617824071 0.466328251979653 0.311603826449521 0.214762343060977 0.237681917144853 0.394095721321639 0.665420727545398 0.917556829634947 0.88286568448606 0.659031587313398 0.548267271141766 0.458637642240365 0.372610033289168 0.304623097737708 0.232276273451677 0.179761427690554 0.129068364074081 0.0894590071053545 0.0553401247746114 0.0278017254255472 0.00826014348856385 -0.0132609138615932 -0.0299953725688152 -0.0458665333017976 -0.0500220370659691 -0.0452689029011439 -0.0408000765637775 -0.0309117564092219 -0.0188171542112278 0.00301117929918615 0.0260627525690563 0.0371759954996154 0.0473228594876609 0.051335227396315 0.0490687141583293 0.0366731203879118 0.0129204413995745 -0.0128639870389171 -0.0429073217687062 -0.0681053972380348
-9999 -9999 -9999 -9999 -9999 -9999 -9999 -9999 -9999 -9999 -9999 -9999 -9999 -9999 0.48809958896604 0.73337954875317 0.306231621400238 0.191981169018891 0.0773111918868644 0.0624140081807961 0.122158071855055 0.174469203790212 0.493988564242366 0.762514833353833 0.696703281407404 0.640716772427188 0.598905617030938 0.491523232801259 0.402079502747564 0.289374065329071 0.19986388141499 0.155338026901431 0.100358623816204 0.0628299459952394 0.0290085752920173 0.00035071661142777 -0.031378040318179 -0.0447492013739434 -0.0645496515543708 -0.0732296488181975 -0.0758450940325021 -0.0812709488285304 -0.0747363638249482 -0.0652296333309598 -0.0468619425542453 -0.00909095864294562 0.0255695865527343 0.0195427483244333 0.0265552187782574 0.0272848063731883 0.0106003518560949 -0.00423748655083539 -0.0314380553300044 -0.0580717947470053 -0.0797820942027971
-9999 -9999 -9999 -9999 -9999 -9999 -9999 -9999 -9999 -9999 -9999 -9999 -9999 -9999 -9999 0.728819655498206 0.459361307315839 0.215271469274354 0.0609338040498558 0.0184768084494588 0.0242058558112588 0.0479753349887662 0.087074266191707 0.113080807594466 0.142470940275254 0.237182748255223 0.370199792770014 0.498515897693018 0.515452877500814 0.38843163146429 0.305228515421938 0.190405588651162 0.13445925563382 0.0808225033412052 0.0353807630079474 0.00470679271827001 -0.027947951162853 -0.0488766099939554 -0.0718316382433132 -0.0832742477292143 -0.0872101801633844 -0.0880044945499056 -0.0951685013566905 -0.0994722485180535 -0.0855844778843845 -0.0465153053653246 -0.0225888039150309 -0.0141966241906329 -0.0119697410231889 -0.0108140595046207 -0.019655513295323 -0.0358359411169499 -0.0516424383532245 -0.0701217055350928 -0.0853959768677082
-9999 -9999 -9999 -9999 -9999 -9999 -9999 -9999 -9999 -9999 -9999 -9999 -9999 -9999 -9999 0.597198506812987 0.464733241298863 0.339847440388949 0.098714810549812 0.00885825709529225 -0.0102702608095614 -0.0176700066855427 -0.0320408576882969 -0.0285392241623379 -0.0238636417563445 -0.0212603740014787 0.00268807766444262 0.0892580905491764 0.35695903399793 0.469153287188986 0.473742827312945 0.274575322576652 0.233332201861502 0.144653938826857 0.0698256842128655 0.0258488524707159 -0.0117053962767799 -0.0281087337558021 -0.0532027681923015 -0.0836965893020137 -0.0886959745404275 -0.098343065719251 -0.111233383334669 -0.119558520078904 -0.106397531413224 -0.0785370078394083 -0.0573719793232564 -0.045170557526126 -0.0447198850193973 -0.0418711073496701 -0.0451634435483854 -0.0600385483350288 -0.0636341649845705 -0.0752996325918135 -0.0830961253038186
-9999 -9999 -9999 -9999 -9999 -9999 -9999 -9999 -9999 -9999 -9999 -9999 -9999 -9999 -9999 -9999 0.679112169287572 0.605111144632514 0.222028994154275 0.032042780460337 -0.0258483153887151 -0.0371000043023472 -0.0347034183791807 -0.0201272305083912 -0.0104942918720971 -0.007296985583299 -0.00500364399634551 -0.0162454448631856 -0.023291392166356 -0.00312658877857774 0.244240670499105 0.493172246851596 0.463460376988148 0.236187756332232 0.0712811568146606 0.0288753655941757 0.0129976279339956 -0.0218131177486389 -0.0566269808135106 -0.070866644413825 -0.0714170400877276 -0.0765073597603999 -0.111222970059554 -0.128333518261528 -0.127274308534926 -0.105372800047177 -0.0802871503966388 -0.0665718702820209 -0.0601359498647173 -0.0529096541407864 -0.0496654007263807 -0.0521341566264518 -0.0593069374173877 -0.0671346573835578 -0.0722808921154551
-9999 -9999 -9999 -9999 -9999 -9999 -9999 -9999 -9999 -9999 -9999 -9999 -9999 -9999 -9999 -9999 0.444020915704088 0.783428834935629 0.422805183752627 0.112219717018157 -0.0188709715128601 -0.045930673898127 -0.0455863777966942 -0.0243357857249621 -0.00988830710173205 0.00144236741566561 0.0152169380770278 0.00730273419070115 0.010207952414922 -0.00380652097100975 0.0176743381057471 0.326234026087809 0.61379484354718 0.419779173492373 0.124106394786866 0.0371747398430822 0.0281462617296691 -0.0292174370251541 -0.0666145930706982 -0.068630637594655 -0.0346121093321922 -0.00704174397952695 -0.100706512380555 -0.140553416206186 -0.135755849191105 -0.118786377506973 -0.0947359615868367 -0.0775279339078702 -0.0646835075121691 -0.0498755295796806 -0.0374224898477766 -0.0289066409299885 -0.0379816584918315 -0.0507651779360938 -0.0589611197295454
-9999 -9999 -9999 -9999 -9999 -9999 -9999 -9999 -9999 -9999 -9999 -9999 -9999 -9999 -9999 -9999 0.357698064136035 0.63819723247407 0.654201535561982 0.403080271233524 0.122612087183354 -0.0343091599333309 -0.0565502373060384 -0.0456103068974909 -0.0308120802981355 -0.0164393784765751 -0.0105107352513861 -0.00658262987125113 -0.00272185297136057 -0.0116424041156825 -0.0103299134928153 0.134101374984629 0.541734853814333 0.669017321149813 0.329943554429484 0.128975305459141 0.0152096373581812 -0.0590235250556782 -0.0821503135463495 -0.0830267739469455 -0.0229129414656999 0.00491670928287846 -0.103740023649882 -0.144570086521139 -0.136959596949173 -0.125125813628412 -0.104052263841185 -0.087948500717891 -0.067061770216514 -0.0449849816764841 -0.0255814095688803 -0.00739347985737709 -0.021550419896345 -0.0337913863707248 -0.0462496638965481
-9999 -9999 -9999 -9999 -9999 -9999 -9999 -9999 -9999 -9999 -9999 -9999 -9999 -9999 -9999 -9999 -9999 0.369433855546612 0.513178461231111 0.582565517233128 0.45055617104492 0.13459795071273 0.019241977925841 -0.029964585140657 -0.0358408439851704 -0.0236581652377554 -0.0151739093613138 -0.0134706230043282 -0.0120892656196483 -0.0115104211859492 -0.00969535082188078 0.0333079696287176 0.271936472136877 0.677619627064147 0.617145025785398 0.385824658476363 0.124617804871484 -0.00517372153591333 -0.0838591425875942 -0.104734795291972 -0.0596259393660361 -0.0229878812238071 -0.116472381667079 -0.13552276838764 -0.130035505023032 -0.123449146146434 -0.112633833018353 -0.0989824413163263 -0.073848478023282 -0.0496135667936423 -0.02951656424298 -0.00955631015944469 -0.0362304847560997 -0.0488405468035262 -0.0586605500731342
-9999 -9999 -9999 -9999 -9999 -9999 -9999 -9999 -9999 -9999 -9999 -9999 -9999 -9999 -9999 -9999 -9999 -9999 0.465351015036907 0.359744029843512 0.521485356671207 0.576761396744808 0.317329684331491 0.0799676722931947 -0.0126723385707125 -0.0231080219066775 -0.0158102530329584 -0.0131044124549935 -0.00997841751573203 -0.00440704670451719 -0.00335750453172734 0.00425095447985252 0.0681584028290153 0.263764688634574 0.494038362174173 0.610907555653876 0.376427113516453 0.141989973943396 -0.00476675310658087 -0.0822666794192518 -0.0867572075699542 -0.0951800992719695 -0.105338229202072 -0.114992597503838 -0.126009684253001 -0.13098371343918 -0.118492056027435 -0.10456983168806 -0.0848404388483338 -0.0649038296563879 -0.0525165065969353 -0.0556191417715683 -0.0892667690481572 -0.127775098789321 -0.134323610259376
-9999 -9999 -9999 -9999 -9999 -9999 -9999 -9999 -9999 -9999 -9999 -9999 -9999 -9999 -9999 -9999 -9999 -9999 -9999 -9999 0.164292403946585 0.342998893878309 0.452579240385985 0.294776813367187 0.0950488294680829 0.00671253483324191 -0.0179073835922824 -0.0285899955323194 -0.0175561227810299 -0.00551175486452271 -0.00185101444375479 -0.00110767266161954 0.0128262136349461 0.0445354770632951 0.149154449045223 0.437762722778314 0.585181868623282 0.410767745181454 0.188759992127799 0.0333152779126192 -0.00960166201989443 -0.0353889175019332 -0.0629079536537195 -0.0897438145513272 -0.110346769752 -0.109483612461079 -0.110243876546052 -0.10666828477738 -0.101235557720084 -0.0947424711279148 -0.0941604803958734 -0.103629942475499 -0.141780675854105 -0.194647165255458 -0.196677451213184
-9999 -9999 -9999 -9999 -9999 -9999 -9999 -9999 -9999 -9999 -9999 -9999 -9999 -9999 -9999 -9999 -9999 -9999 -9999 -9999 -9999 -9999 0.28950473534883 0.479318115107413 0.359896476582053 0.138030011773423 -0.0137788189251479 -0.0272255045612388 -0.0247910044500604 -0.0162184685187345 0.00100108302854052 0.00481625897398774 0.00184837210732031 -0.00650070449651474 0.00752869567184972 0.115621823969606 0.302067372516972 0.481020845067471 0.412676732167536 0.202728386411591 0.114305413213662 0.0290037321621035 -0.0185377518478855 -0.0552767715265259 -0.0655398000279467 -0.0810260154292822 -0.0934502231504184 -0.095629034687022 -0.109785445985447 -0.122377414441287 -0.118820666243812 -0.139960409202126 -0.179170516492723 -0.220296679944261 -0.22921922180509
-9999 -9999 -9999 -9999 -9999 -9999 -9999 -9999 -9999 -9999 -9999 -9999 -9999 -9999 -9999 -9999 -9999 -9999 -9999 -9999 -9999 -9999 -9999 -9999 0.439254352173351 0.422908305993833 0.195941724014947 0.0779492142426013 0.0113647726698755 -0.0107867955324759 -0.0042032305772981 -0.00446932446021392 -0.00595861206512488 -0.0185233408140514 -0.0161311287550555 0.00544819135507613 0.0620926822798016 0.252535063600936 0.494646034888872 0.470164713328176 0.352126604369695 0.211881052512894 0.107603234783604 0.0494875890402152 -0.00272285651231186 -0.0379887910588039 -0.0608506968172836 -0.072378744763382 -0.0929403642188426 -0.11142491554754 -0.126053492291507 -0.154467791817133 -0.199209426058972 -0.240266976987891 -0.251392406651242
-9999 -9999 -9999 -9999 -9999 -9999 -9999 -9999 -9999 -9999 -9999 -9999 -9999 -9999 -9999 -9999 -9999 -9999 -9999 -9999 -9999 -9999 -9999 -9999 -9999 -9999 0.604087215026782 0.408659188660915 0.165597826779878 0.0529376394633768 0.0156919813717674 -0.00771669751067688 -0.0153002275912533 -0.0281367129861005 -0.0297921857030991 -0.0211761309382567 -0.0157009431650009 0.0570390848636996 0.219676338384165 0.439217669371783 0.578826504848825 0.398218369626759 0.227788534837281 0.152725907189426 0.0733648392859623 0.0163498815112827 -0.011037675976612 -0.035657507074755 -0.0421033196150826 -0.0777393362704943 -0.117052169505344 -0.150315944301125 -0.209681478542224 -0.254128882534525 -0.268151887915837
-9999 -9999 -9999 -9999 -9999 -9999 -9999 -9999 -9999 -9999 -9999 -9999 -9999 -9999 -9999 -9999 -9999 -9999 -9999 -9999 -9999 -9999 -9999 -9999 -9999 -9999 0.337902070548798 0.554635127498099 0.431936894509452 0.251773943163564 0.110882670522006 0.0304672548394095 -0.00962820813911114 -0.0362779061363122 -0.0391614393326705 -0.0304886671583952 -0.0225976726141084 0.0208403176268652 0.121500701059577 0.361783730757318 0.676759726718923 0.590509213611479 0.348258897930616 0.213763292346969 0.107167028901206 0.0509134908929832 0.0302611217402537 -0.00758421719279267 -0.0200887091824107 -0.0634542302755802 -0.119073244096402 -0.168403422091091 -0.224182559828366 -0.256026611968732 -0.268297509119989
-9999 -9999 -9999 -9999 -9999 -9999 -9999 -9999 -9999 -9999 -9999 -9999 -9999 -9999 -9999 -9999 -9999 -9999 -9999 -9999 -9999 -9999 -9999 -9999 -9999 -9999 -9999 -9999 0.523580369762036 0.470795111463841 0.285805203493401 0.09560515807946 0.0246979772847316 -0.00611003267146853 -0.0269614072473859 -0.0250800087951275 -0.00510706640507658 0.0304409032954829 0.090829237054402 0.322836938930773 0.685168473375739 0.716841520821742 0.471402799548668 0.255934253588789 0.110688435746886 0.0639725504840952 0.051229127897761 0.0141064763309433 -0.0181891187504331 -0.0727926940121548 -0.140127238931928 -0.200308857462665 -0.2331471946374 -0.25329529280867 -0.25954116518977
-9999 -9999 -9999 -9999 -9999 -9999 -9999 -9999 -9999 -9999 -9999 -9999 -9999 -9999 -9999 -9999 -9999 -9999 -9999 -9999 -9999 -9999 -9999 -9999 -9999 -9999 -9999 -9999 0.339767596877063 0.460475728472491 0.393950575886729 0.172043807083873 0.0441621966601151 -0.0121174103906139 -0.0346083393301565 -0.0269183695493952 0.00993796038245404 0.0400521138255178 0.0926909020232461 0.302236663259589 0.665509065760829 0.826353583214539 0.623614903707082 0.321295345427795 0.10973370746346 0.0586780920916604 0.0445666136061353 -0.000402491071393229 -0.040670379973354 -0.0959246867733611 -0.164420614650692 -0.211751353104401 -0.22660433892566 -0.231733634726611 -0.227874627850163
-9999 -9999 -9999 -9999 -9999 -9999 -9999 -9999 -9999 -9999 -9999 -9999 -9999 -9999 -9999 -9999 -9999 -9999 -9999 -9999 -9999 -9999 -9999 -9999 -9999 -9999 -9999 -9999 -9999 0.354500883248624 0.464252126150988 0.255446109889944 0.0552101210376288 -0.0412443125102057 -0.0618304079529107 -0.0440545259795817 0.0013097256286364 0.0425136937045348 0.0861837871166057 0.260776900318901 0.614314206441946 0.863257001758587 0.770751835284953 0.420345309850224 0.126774157450147 0.0445695948573595 0.0456616188061939 -0.0206107370290246 -0.0718939415627815 -0.121531641223439 -0.173607979447821 -0.213427123941794 -0.216004049411516 -0.189570157381348 -0.170569263440333
-9999 -9999 -9999 -9999 -9999 -9999 -9999 -9999 -9999 -9999 -9999 -9999 -9999 -9999 -9999 -9999 -9999 -9999 -9999 -9999 -9999 -9999 -9999 -9999 -9999 -9999 -9999 -9999 -9999 0.267118169063001 0.458734476234321 0.301281329026989 0.0432884397170781 -0.0626372911215469 -0.0776278612123114 -0.0685582633572467 -0.0143532280201245 0.033233379324346 0.0788126871479712 0.248615944528451 0.577733856242052 0.890042844893062 0.847626823418853 0.503778143294197 0.178166340185543 0.0336392965131992 -0.0205667879755028 -0.0539904408240336 -0.075519808178612 -0.10696110087752 -0.158032358659695 -0.188130220875607 -0.195098516452248 -0.163434122854369 -0.140103845131205
-9999 -9999 -9999 -9999 -9999 -9999 -9999 -9999 -9999 -9999 -9999 -9999 -9999 -9999 -9999 -9999 -9999 -9999 -9999 -9999 -9999 -9999 -9999 -9999 -9999 -9999 -9999 -9999 -9999 0.216672794128049 0.470746294106521 0.3270916758312 0.0316810066410198 -0.0641030136350663 -0.0698655719256126 -0.0768104105261895 -0.0231544569206658 0.0243337022564266 0.0611586792547447 0.220224735326351 0.552602235281024 0.866067662565406 0.882029689310505 0.519465934651232 0.18270686919818 0.0458304141182934 -0.0224912981725305 -0.0833583386227287 -0.0829102580471854 -0.0864378606584534 -0.129135107372597 -0.159303607705635 -0.158596925870186 -0.130512558304776 -0.101266445674361
-9999 -9999 -9999 -9999 -9999 -9999 -9999 -9999 -9999 -9999 -9999 -9999 -9999 -9999 -9999 -9999 -9999 -9999 -9999 -9999 -9999 -9999 -9999 -9999 -9999 -9999 -9999 -9999 -9999 0.212430407695031 0.478858619966877 0.298586421430369 0.00946994227076031 -0.0699635629965338 -0.0750702306954845 -0.0816874910664865 -0.0455022140684053 0.00124797961959328 0.0508099466392256 0.223517824805508 0.569944068223948 0.888319430459458 0.865035792583077 0.503410110330252 0.177927258230561 0.0564578193439638 0.00747416374483911 -0.0566026328021833 -0.0846510584752486 -0.092269090863646 -0.0916772964957223 -0.0971278915586495 -0.0926758769247136 -0.0749632521131567 -0.0541173235073742
-9999 -9999 -9999 -9999 -9999 -9999 -9999 -9999 -9999 -9999 -9999 -9999 -9999 -9999 -9999 -9999 -9999 -9999 -9999 -9999 -9999 -9999 -9999 -9999 -9999 -9999 -9999 -9999 -9999 0.20989056947576 0.495298272152668 0.249693006566975 -0.0111119123819622 -0.07664296193581 -0.0802835537019325 -0.0835068418635979 -0.0600226348078317 -0.0161717215554109 0.0398152088266482 0.219713451825486 0.594631888362881 0.892123994724311 0.829085480823424 0.439403312786916 0.133266964597592 0.0621033643240405 0.0314913925954381 -0.00326895830415808 -0.0341826152379379 -0.051207192422682 -0.0445911549024648 -0.0108943732851604 -0.0225853796461898 -0.0215873142695084 0.00122704415968711
