meets/meet004/_saidas_enm/CCSM_Maha_0k_Cavanillesia_umbellata5.asc
NCOLS 154 
NROWS 168 
XLLCORNER -112 
YLLCORNER -55.5 
CELLSIZE 0.5 
NODATA_value -9999 
[rows 75 to 99 of 168, columns 56 to 111 of 154]
-9999 -9999 -9999 -9999 -9999 -9999 -9999 -9999 -9999 -9999 -9999 -25.7097327707407 -5.36330001081676 -2.09330523132738 -3.49223210550315 -0.183990753828684 -0.176073140092647 -0.078073560856214 0.420904271822099 0.26904090665675 0.0752675471804947 -0.442384478663488 -0.626017580458152 -0.878220956890165 -0.71948401880231 -0.643803656583757 -0.573469133328371 -0.563808892459991 -0.554394006609363 -0.49318417639879 -0.491423245017471 -0.465082589258046 -0.484024281920565 -0.454662932951531 -0.382973677889118 -0.339387890984697 -0.288051772204761 -0.271848615906945 -0.27231088067816 -0.338421473737513 -0.434080277656046 -0.687777676863899 -0.954759677986588 -1.32821231553478 -1.36340254338047 -1.47750652140145 -1.7168338099459 -2.18487008964046 -2.71030691199711 -3.14467397918286 -3.73894680258252 -4.46068336316485 -5.27203442010905 -5.21697421398822 -4.43256668574469 -3.95675059806166
-9999 -9999 -9999 -9999 -9999 -9999 -9999 -9999 -9999 -9999 -9999 -26.3497901989926 -4.67041799247641 -1.6115235585083 -1.8726809219939 -1.12341300751608 1 -2.82449580892935 -0.192037185748872 0.377901991520363 0.323198548460572 -0.0748631874042516 -0.300402880600657 -0.487577709189983 -0.617256841080103 -0.720461811601137 -0.703650214918395 -0.680492410800832 -0.694088990106408 -0.688499998258535 -0.738336631670973 -0.717654969835428 -0.725635709771862 -0.710031036948906 -0.625429517900413 -0.577728526610317 -0.501993309705216 -0.454414135412731 -0.402536387023564 -0.391304010278926 -0.488258946361219 -0.668551683686343 -0.982147022241469 -1.32913068860756 -1.60695502289877 -1.70325110750074 -1.85029206334793 -2.05195808845648 -2.36267445776579 -2.87643950499971 -3.50927713590085 -4.1994633578915 -4.80476147221621 -4.49768380751969 -3.95108609360231 -3.8681033785432
-9999 -9999 -9999 -9999 -9999 -9999 -9999 -9999 -9999 -9999 -9999 -9999 -13.6693681845078 -1.41025476472641 -0.69906983038225 -1.54016279138913 0.0238339115725994 -0.123514457792849 -2.60636293659375 -2.50825180432745 0.0134982995419101 0.485808669262522 -0.187143419131808 -0.207311550966108 -0.346898546483415 -0.583680103254697 -0.670652179584512 -0.696423763075458 -0.776399036800756 -0.844391796215238 -0.913565746675242 -0.913845877779204 -0.916839372730486 -0.89643344272846 -0.839236875156372 -0.803237780020361 -0.7556644343334 -0.714289627286599 -0.641730819745455 -0.597670122178434 -0.643417242812721 -0.833834185752625 -1.09602886419334 -1.33228762905611 -1.55934235028075 -1.67042740120196 -1.8129289468833 -1.92146214422982 -2.14899854447274 -2.63231415296287 -3.16444256240085 -3.76127935079673 -4.0117782453027 -3.98701560884821 -3.81897355069515 -3.99187891868423
-9999 -9999 -9999 -9999 -9999 -9999 -9999 -9999 -9999 -9999 -9999 -9999 -33.2191192497544 -9.86763645357465 -0.45991110574403 -2.76741613122958 -3.09188453282275 -1.17837048073918 -1.82438651927963 -0.17915802985763 -2.83156649970802 -0.570015720766685 0.297249893255374 0.138548255592136 -0.184900579531335 -0.421858548312037 -0.594761202483314 -0.748575920569947 -0.868351339635716 -0.907649735630536 -1.11835447638314 -1.08786182419316 -1.08619424597632 -1.13653122436862 -1.06947949261233 -1.04879680613877 -1.01002690614774 -1.01484203802761 -0.93520562227701 -0.818501062459277 -0.809608212714479 -0.927989828434499 -1.26903414217949 -1.44797926158588 -1.47341877958639 -1.46084689012322 -1.5938961983416 -1.74246075685581 -1.96645755045716 -2.4041150404405 -2.90387669525773 -3.273608640884 -3.73603137372464 -4.03588653605914 -4.42818519277083 -5.21625947955469
-9999 -9999 -9999 -9999 -9999 -9999 -9999 -9999 -9999 -9999 -9999 -9999 -9999 -32.214438973844 -1.69133744688226 -3.62077442070009 -3.75431408247384 -1.1317810680814 0.00370197343649603 1 -0.150270952424902 -2.12724555161033 0.453438290190046 0.745300497689131 0.884244226026074 0.422234972595257 -0.0727633984472105 -0.147150580400035 -0.162258427519107 -0.241334549822728 -0.454043877302906 -0.46965871031509 -0.554127854663743 -0.754906134999032 -0.972441972736592 -1.32078866283387 -1.27247312026633 -1.2606948433099 -1.18532969285566 -1.07962838703691 -1.02184425477518 -1.0798716616207 -1.32504385157821 -1.49730500536134 -1.6141901946977 -1.66407257312131 -1.72251646886175 -1.7512443845352 -1.91362108511039 -2.27005534493648 -2.63740706612623 -2.96627949881009 -3.31249596997906 -3.79098254191933 -4.36563992482265 -4.98683141866256
-9999 -9999 -9999 -9999 -9999 -9999 -9999 -9999 -9999 -9999 -9999 -9999 -9999 -33.9475463346867 -5.71782997669949 -5.94385058497909 -4.219396529112 -8.61541088017921 -8.99063720931631 -2.95272909434375 -0.842183479674663 -2.05396459604038 -0.8698924039173 -1.0253160383395 -0.215604487036156 1 0.811404082575889 0.587799525041207 0.547922127349535 0.270088269453103 0.0637554412003599 0.171621821396604 -0.0641197229870638 -0.237945442811318 -0.467782358616297 -1.01833344785303 -1.06996616850793 -1.43215665479875 -1.36368616143102 -1.27680667902035 -1.25323911053964 -1.16464931537967 -1.33612940556564 -1.44455260149973 -1.6092623596395 -1.92462608021853 -1.77052709910621 -1.76426036866471 -1.91050306201611 -2.15805010614574 -2.5167282782634 -2.79227028256311 -3.16140297271696 -3.55308992462931 -3.96371382612485 -4.46200927185011
-9999 -9999 -9999 -9999 -9999 -9999 -9999 -9999 -9999 -9999 -9999 -9999 -9999 -9999 -18.2406650831829 -2.56885567696544 -2.17245033912718 -9.65282272335829 -11.8695494770358 -8.07191948972728 -3.61764979829421 -3.6427044970839 -1.63864649240086 -6.24292623943478 -6.3620357065577 -4.24431790261449 -0.695938079273443 1 0.41428385824257 1 0.771368834238991 0.291152991650484 0.267233666645577 0.150476194485779 -0.0278998803857085 -0.19587337362802 -0.294363584611258 -0.447687998580214 -0.747891448447078 -1.2112355597526 -1.31501932330369 -1.26160052728106 -1.27964447790721 -1.30731955940264 -1.50158601276134 -1.69102271618362 -1.755442477366 -1.79687782514616 -1.99872378982879 -2.28129265364939 -2.60898835138815 -2.88633946313283 -3.16176717703631 -3.38346347790705 -3.55171718414338 -3.76987851942444
-9999 -9999 -9999 -9999 -9999 -9999 -9999 -9999 -9999 -9999 -9999 -9999 -9999 -9999 -25.0353488191016 -15.9441641692311 -4.26098717629919 -6.72030152603193 -12.1669467567803 -10.8269016100221 -8.33901531573951 -9.55381345629159 -14.2274114093609 -14.4454080441414 -9.03493886966284 -16.4011174265093 -9.55272853050074 -2.95486461766331 -0.0300224399922686 1 0.193835508500668 0.72579586825126 0.241568043748718 -0.125164735857495 -0.203562799275864 -0.111423810865553 -0.120341251748648 -0.230382480494006 -0.280059095241438 -0.508814571354235 -1.1286217814902 -1.32632431421348 -1.29622414993249 -1.25526370999574 -1.39076626405942 -1.57975555447006 -1.70837840605786 -1.85950439324466 -2.10961617485673 -2.40838752890335 -2.78475875083896 -2.92580093068535 -3.1553241992295 -3.25085990355646 -3.25556238911985 -3.33228655494347
-9999 -9999 -9999 -9999 -9999 -9999 -9999 -9999 -9999 -9999 -9999 -9999 -9999 -9999 -9999 -29.1741020761797 -8.74052693569805 -3.11897412433143 -10.6835181766118 -12.8655391616002 -16.3030453673552 -16.7963764109423 -21.7707759558661 -22.9686741556939 -14.182366382739 -12.310259859804 -9.35177094100584 -9.74032876691659 -8.75451468133575 -4.59907493240547 -0.0109097232646842 0.332546413300139 -0.0331736579341408 -0.218926797983684 -0.506082241392768 -0.61618986352443 -0.645611351047681 -0.746029287383557 -0.732744680590361 -0.861386208660998 -0.850721482739649 -0.789093134513747 -1.41999062200904 -1.2807921037722 -1.35732571453447 -1.52905949836608 -1.73009790493558 -1.94695238705136 -2.17873018991498 -2.3999369442743 -2.6232369802956 -2.81701280405854 -2.99080204848506 -3.07272852386371 -3.14090842324266 -3.21068780379053
-9999 -9999 -9999 -9999 -9999 -9999 -9999 -9999 -9999 -9999 -9999 -9999 -9999 -9999 -9999 -34.7300921026333 -21.2873875269641 -2.35458926743777 -10.3786848430978 -13.2287470079939 -24.3740574439741 -24.3093367170415 -36.3653605590423 -37.8888338929239 -27.7708308420351 -27.7690581097214 -17.1010786270182 -20.8808176283375 -14.0690221151462 -1.37206037798167 -1.91945133349343 0.26531447833491 0.0754980877637572 0.273412228545086 -0.11640903815509 -1.09952406207412 -1.00997330044788 -1.37591837788886 -1.91747937531638 -3.07606164778473 -3.46740058676473 -1.13662006924493 -1.2076438802342 -1.33057475926015 -1.38951641700657 -1.52242448707659 -1.76323913694592 -2.01708189862013 -2.27254559069727 -2.53952496642778 -2.79778290524275 -2.91769142261671 -2.98496936130968 -3.06920204851574 -3.20951068231135 -3.27595980383606
-9999 -9999 -9999 -9999 -9999 -9999 -9999 -9999 -9999 -9999 -9999 -9999 -9999 -9999 -9999 -27.5769933340169 -45.6793366597378 -8.98460176543867 -5.07688967218207 -10.1729600934882 -21.2275554865558 -29.4540609478827 -42.7917851378282 -50.4338145643872 -43.5729215251774 -35.9935009891866 -25.6627345329023 -20.1711460973948 -9.93558751137048 -1.77934585097876 1 -0.366376236371238 1 0.630445335450696 0.794152122197623 -0.0366250323766173 -0.844540203585505 -1.60907817044911 -2.48539050510848 -4.49422076268063 -5.01407252528431 -1.65438717647092 -1.00254795454824 -1.32206344049443 -1.4305343205002 -1.52756623280053 -1.73171054666808 -2.03468463459121 -2.32052339884402 -2.65329120678766 -2.44371514527125 -2.03261946485671 -1.76154201671975 -1.57092695321843 -1.52286086282301 -1.15672300457372
-9999 -9999 -9999 -9999 -9999 -9999 -9999 -9999 -9999 -9999 -9999 -9999 -9999 -9999 -9999 -9999 -39.7001974745201 -38.7620695640165 -11.9233750551226 -7.10155238620112 -23.2733054356806 -27.6216703464319 -43.7982768175151 -53.774804428063 -53.4386835923631 -60.7105439591779 -42.8535992830268 -36.4895112566229 -22.9206647299723 -8.22542267249283 -0.813084763701258 -0.0654314925492445 1 0.581301139029776 0.663239964275849 0.6650977448179 0.536204202625747 -0.294270599405053 -1.27491388112381 -2.84843079789134 -4.52927722036843 -1.06037293382945 -1.06433685801456 -1.32805187298924 -1.41270666201783 -1.47322949702337 -1.6414428094649 -1.98555616170849 -2.36474441953385 -2.2807695817508 -1.64003598516201 -1.45940109351072 -1.04166726407588 -0.860408488987153 -0.887557027570001 -0.5156783928488
-9999 -9999 -9999 -9999 -9999 -9999 -9999 -9999 -9999 -9999 -9999 -9999 -9999 -9999 -9999 -9999 -9999 -34.150080502092 -52.8346241147683 -18.0690402179986 -10.5489793339874 -11.6735282843587 -17.5744771324858 -27.2876345364171 -34.8078877659264 -41.2195080220766 -41.500791731683 -39.2074103193871 -28.5532298491918 -16.0384391353463 -5.4261697894496 -0.0842864026355945 -1.24410350138005 0.431252331727853 0.0380573046883488 0.790356658691315 0.451509186956707 0.411640760629417 0.246202387942151 -0.244969185280625 -0.289390787617488 -0.520048478523953 -1.18531725766462 -1.29066525967598 -1.37980573303865 -1.55695713599974 -1.86932523160345 -2.26035411797301 -2.52537382792395 -2.10744462916211 -1.83842388188433 -1.87856142465456 -2.08448633609419 -1.95500314645685 -1.54571247947663 -1.05434921108225
-9999 -9999 -9999 -9999 -9999 -9999 -9999 -9999 -9999 -9999 -9999 -9999 -9999 -9999 -9999 -9999 -9999 -9999 -9999 -66.7718720912529 -36.3487377292908 -17.6247092298417 -9.27200046285314 -11.4388867569709 -18.1324388802955 -27.3320677564302 -36.3693278395962 -42.3569484749343 -35.2077127883778 -23.187044308521 -15.1502855794249 -3.20505022890635 1 -2.40690710428571 -0.0470189703023289 -0.376535524407198 0.927891544326727 0.40923153197858 0.292197066142613 0.0123101198664531 -0.852722789385217 -0.740882432893212 -1.01548452147522 -1.28904854184515 -1.26844147505072 -1.37100136073973 -1.56595598893029 -1.73766664338687 -2.08412087791774 -2.53018199381495 -2.65825456801827 -2.86984455682289 -3.12911090246897 -3.2024758995877 -2.50748369938588 -1.78482281996131
-9999 -9999 -9999 -9999 -9999 -9999 -9999 -9999 -9999 -9999 -9999 -9999 -9999 -9999 -9999 -9999 -9999 -9999 -9999 -9999 -9999 -68.4675334730744 -41.1108398079357 -20.1399298799203 -11.7289377955849 -17.3235690897833 -26.1455908686679 -37.8761062911345 -42.571203357199 -33.4914696805338 -25.2542172394727 -14.3159355240099 -2.30071271966225 0.463956127785601 -0.556547948933152 -1.77368836436023 -0.186285563278685 0.615082337384268 0.676947883049008 -0.114890468432644 -0.176764747272639 -0.344844057129467 -0.728377021665562 -0.761643304146689 -1.01116731600017 -1.16646049350496 -1.38123356830849 -1.59198099715227 -1.82508662991463 -2.38040858738291 -2.8367758369462 -3.00067692617071 -3.06821953449137 -3.2824553214469 -3.20069197584357 -2.44041395438511
-9999 -9999 -9999 -9999 -9999 -9999 -9999 -9999 -9999 -9999 -9999 -9999 -9999 -9999 -9999 -9999 -9999 -9999 -9999 -9999 -9999 -9999 -9999 -57.080885388331 -24.2968856571219 -11.5347788445717 -14.7595624348693 -26.2815661859404 -37.1974011469443 -38.8166133749382 -34.2406070105856 -23.3388421886921 -15.0111773964504 -5.061754549741 -0.654535058015052 -0.349044381330539 -2.0348738564188 -0.265517827095357 0.248695399020882 0.180104495763508 -0.843858752509489 -0.662976317921734 -0.966940065090832 -0.97063249712149 -0.994359742782834 -1.19946292640194 -1.41012487905287 -1.60183611627324 -1.83533208163607 -2.30005803119717 -2.73429428843731 -2.81857459343128 -2.84384940255891 -3.08012859837003 -3.18689991541411 -3.18795233456673
-9999 -9999 -9999 -9999 -9999 -9999 -9999 -9999 -9999 -9999 -9999 -9999 -9999 -9999 -9999 -9999 -9999 -9999 -9999 -9999 -9999 -9999 -9999 -9999 -9999 -38.9624682314603 -14.6879562752337 -12.9505144747278 -25.8184105969394 -34.3943154265172 -37.1117684766784 -35.0000803055716 -28.789771815898 -19.1178841193396 -11.9128038470789 -5.26605911746026 -1.1492216946578 -0.505619245448179 -2.48640461051508 -0.72664412295319 -0.609600840635714 -1.21317414231786 -1.42599675956934 -1.47368531009057 -1.38363099334889 -1.50874410874491 -1.62503230591925 -1.98327212042861 -2.12311864088616 -2.4049021689673 -2.7740522440841 -2.62860526037275 -2.48611941510345 -2.74150398263248 -3.20818045078086 -3.44493226422596
-9999 -9999 -9999 -9999 -9999 -9999 -9999 -9999 -9999 -9999 -9999 -9999 -9999 -9999 -9999 -9999 -9999 -9999 -9999 -9999 -9999 -9999 -9999 -9999 -9999 -74.2647924620201 -40.1683776529855 -14.083341814532 -14.9743065629078 -26.6547378191011 -39.0687947411863 -45.3097494617254 -43.3483578606259 -33.3555447931313 -19.6323218024054 -11.7793246095942 -6.44149131313246 -2.51483018756449 -1.55612458451383 -2.92873335919606 -1.39025063168918 -0.802096141087773 -1.19172168253188 -1.4686530941018 -1.51214096257739 -1.69062821956142 -1.74307109396757 -2.01388948288786 -1.99974227528845 -2.0673279883307 -2.30182787337293 -2.24992808287094 -2.24177122720291 -2.57284304796981 -3.11577882238941 -3.46281096280401
-9999 -9999 -9999 -9999 -9999 -9999 -9999 -9999 -9999 -9999 -9999 -9999 -9999 -9999 -9999 -9999 -9999 -9999 -9999 -9999 -9999 -9999 -9999 -9999 -9999 -9999 -9999 -40.6240322807175 -16.8483720813616 -22.1296506054397 -46.077851351734 -54.095048870665 -54.7289382395467 -47.9992199632326 -33.6849548099318 -22.1723635777376 -10.1429555204611 -5.83221226868208 -3.52107607200666 -0.761938674132102 -3.8381486208932 -0.530925733061739 -1.3223475871067 -0.824373715655645 -1.27014701736184 -1.637594548622 -1.64690196694833 -1.68182482108353 -1.48670149359469 -1.51392188775484 -1.70785987543732 -1.9169201541644 -2.07623829247975 -2.49592780856028 -3.0539415018567 -3.3720994724671
-9999 -9999 -9999 -9999 -9999 -9999 -9999 -9999 -9999 -9999 -9999 -9999 -9999 -9999 -9999 -9999 -9999 -9999 -9999 -9999 -9999 -9999 -9999 -9999 -9999 -9999 -9999 -64.5617942812611 -26.7296558830211 -20.8034531150082 -35.0097893626856 -51.185714816998 -56.7888033806722 -54.6060277448356 -42.2882419080017 -29.7033239297359 -15.5234202144523 -7.17246756132879 -4.04621068982434 -1.00382248487447 -3.99345501509217 -1.11075800045795 -1.40897753666347 -0.362688381129864 -0.708226118811397 -1.2060657814538 -1.2202174692942 -1.15454185166807 -1.03361275498814 -1.0196425058299 -1.29077362617788 -1.75421943495402 -2.29218780578733 -2.77838673110665 -2.89670430550022 -2.99317781253461
-9999 -9999 -9999 -9999 -9999 -9999 -9999 -9999 -9999 -9999 -9999 -9999 -9999 -9999 -9999 -9999 -9999 -9999 -9999 -9999 -9999 -9999 -9999 -9999 -9999 -9999 -9999 -9999 -32.7164160136995 -19.3683672897087 -24.8970767263228 -43.0891945414338 -53.9226546414493 -57.3220551059527 -45.0994471981086 -31.715115860222 -17.7636176514591 -8.48937945482334 -3.3844775843083 -2.03967259177769 -3.7291203165337 -2.10432550730019 -0.661694918625132 -0.338969300984925 -0.391822501971566 -0.987223309295942 -0.859315030862351 -0.776900056110405 -0.783546601918195 -0.817704611266869 -1.02930146956044 -1.68128032399721 -2.75224970251111 -2.92604955549617 -2.73138941278686 -2.57370295665488
-9999 -9999 -9999 -9999 -9999 -9999 -9999 -9999 -9999 -9999 -9999 -9999 -9999 -9999 -9999 -9999 -9999 -9999 -9999 -9999 -9999 -9999 -9999 -9999 -9999 -9999 -9999 -9999 -34.918650740133 -19.5939708586264 -21.4938982533425 -37.7778998004714 -51.5201648586278 -56.3546957605095 -44.7227276347896 -30.227629639423 -17.5876377957276 -8.19186779945489 -3.27521596274165 -2.73467216532883 -4.83296829545372 -3.58577735201663 -0.600923611284034 -0.527847960992643 -0.102142526031737 -0.210658312320241 -0.464348408357514 -0.875111166316832 -1.0496953678379 -0.796520071847691 -0.82072573366847 -1.44664288320255 -2.56682728202004 -2.67991365758094 -2.38529085504865 -2.09203763035194
-9999 -9999 -9999 -9999 -9999 -9999 -9999 -9999 -9999 -9999 -9999 -9999 -9999 -9999 -9999 -9999 -9999 -9999 -9999 -9999 -9999 -9999 -9999 -9999 -9999 -9999 -9999 -9999 -37.7859292470229 -19.5961749319887 -19.6276809924071 -36.4354334635424 -53.5610517243492 -59.991265382621 -45.3219799413879 -30.4148703359627 -16.6712266817363 -7.61773081098921 -3.12324499552718 -3.49207249111045 -7.7937657358507 -4.88113558184066 -1.33995655987807 -1.31384573223765 -0.894425741338401 -0.683515992075741 -0.134128607606016 -0.881812816619746 -1.361675069922 -0.773597845580628 -0.376702194991066 -1.19331806718192 -2.21599102411128 -2.29687749725566 -1.92060078072877 -1.78798507909675
-9999 -9999 -9999 -9999 -9999 -9999 -9999 -9999 -9999 -9999 -9999 -9999 -9999 -9999 -9999 -9999 -9999 -9999 -9999 -9999 -9999 -9999 -9999 -9999 -9999 -9999 -9999 -9999 -40.2150112216991 -20.3362122283565 -19.6869831004727 -36.5662522707741 -54.3137754454073 -60.4421985852279 -46.9948930755122 -30.5895917683144 -16.3924670155795 -6.93358334952741 -3.46462783819617 -3.77697905336753 -9.03806695232631 -6.12175975904219 -2.38094001591667 -1.70639004442707 -2.19034556927641 -2.0633072851806 -0.592914217717964 -0.00428157195124945 -0.343391285384897 -0.603364129053024 -0.810105913092978 -1.12876875522585 -1.47879851802079 -1.65055611549461 -1.52297300457488 -1.66586613948429
-9999 -9999 -9999 -9999 -9999 -9999 -9999 -9999 -9999 -9999 -9999 -9999 -9999 -9999 -9999 -9999 -9999 -9999 -9999 -9999 -9999 -9999 -9999 -9999 -9999 -9999 -9999 -9999 -43.9971608773391 -19.6832508100808 -19.6321104786327 -38.5364996001465 -57.7631096979922 -62.9728854927085 -47.7607665261326 -32.653015382882 -15.5740010082596 -6.54750885678215 -4.04691601393464 -4.73878341547829 -11.2021283141611 -7.43588038752774 -2.74539117936342 -2.55348004048945 -3.28466420168931 -3.35475616290742 -1.97560871550415 -0.140418755021128 0.190531814073969 -0.335094952144263 -1.25228225077602 -0.816535644586603 -0.751173633616661 -0.919568964700796 -1.41974516400008 -1.67554138070233
