meets/meet004/_saidas_enm/CCSM_Gower_21k_Cavanillesia_umbellata4.asc
NCOLS 154 
NROWS 168 
XLLCORNER -112 
YLLCORNER -55.5 
CELLSIZE 0.5 
NODATA_value -9999 
[rows 78 to 103 of 168, columns 59 to 117 of 154]
-9999 -9999 -9999 -9999 -9999 -9999 -9999 -9999 -9999 0.400701802920822 0.266485773908343 0.170398620775685 0.104175670362139 0.0739570423394489 0.11947131748491 0.206532609236111 0.333908835758258 0.514364369253833 0.552293991416006 0.52787058217688 0.544664233807838 0.581643177264765 0.56669230832578 0.57587480093124 0.583469559843038 0.585284719341333 0.58656765958214 0.576853668877865 0.582710553848043 0.582602601382479 0.581777686264751 0.580158770251966 0.579897977869521 0.572173997506963 0.568490069611296 0.572765448415086 0.579148246141327 0.593899999867511 0.616899547662574 0.640754891545763 0.648124385011548 0.636826088715142 0.620872158284769 0.611555809692981 0.600885174990997 0.595058197323093 0.597895530658089 0.601120993877191 0.593077359413091 0.584496530320137 0.582277507416881 0.584052478425704 0.585081551069945 0.589746286974547 0.591571176919265 0.58390804717739 0.56324754220889 0.555115243675905 0.577177031646994
-9999 -9999 -9999 -9999 -9999 -9999 -9999 -9999 -9999 -9999 0.389162794766957 0.211240604641097 0.0416945829431696 0 0 0 0.0486879958502744 0.230882044729151 0.450781352797992 0.565954886477485 0.583958073893331 0.595890756307105 0.578679462868758 0.582863641078705 0.57392071892931 0.569944435257181 0.578386396037846 0.570502460811092 0.573325614129868 0.574405509756178 0.575939844455738 0.577249494584932 0.569780489535289 0.569010235958909 0.562105238300727 0.561301413437228 0.561483855151124 0.570020643686592 0.594547930800669 0.618267596057309 0.629152720390546 0.627347594765666 0.614826683047568 0.597332487582549 0.577722111221112 0.567324378963791 0.569777346156345 0.572728722318554 0.567853095302132 0.55958198515499 0.556204487347497 0.556637644965947 0.557204459057087 0.560346832119586 0.561661015988394 0.55640164007485 0.541459776868415 0.537896442497766 0.55819135431027
-9999 -9999 -9999 -9999 -9999 -9999 -9999 -9999 -9999 -9999 0.525798622130344 0.261892385209342 0 0 0 0 0 0 0.208211763626687 0.504473890168551 0.562539631213362 0.617068956543062 0.601552082580773 0.604113417997823 0.557884828180495 0.538824735857244 0.551271495267474 0.556723454477239 0.573118315279787 0.577172579998929 0.57811435087835 0.581092998061055 0.566661377476973 0.578123996115823 0.569205502658896 0.56248734744513 0.550947248931634 0.541950018248484 0.564247639653637 0.593799022066234 0.606334947185648 0.612567579724728 0.614567394291349 0.583794159181073 0.552562442768097 0.537943467446765 0.538876170846958 0.542734479897689 0.538900186262088 0.534504862352605 0.532944740515237 0.533928240919161 0.530453424099569 0.533378023868845 0.530975225004234 0.527266540791226 0.515314282430624 0.51168305107479 0.538445276461347
-9999 -9999 -9999 -9999 -9999 -9999 -9999 -9999 -9999 -9999 -9999 0.382633472963097 0.140756490643552 0 0 0 0 0 0 0.233912536625499 0.215235353505269 0.30479915711533 0.420191194743257 0.546066383973162 0.593495956950008 0.555879901922612 0.533640281551711 0.524688143348606 0.540152720514718 0.557629542538964 0.590805847278851 0.603247894475158 0.60416443934888 0.612483633322092 0.610183824021281 0.598838919468424 0.575508652877936 0.549775648731715 0.555178865665726 0.564097008934652 0.574582462766741 0.58972095289896 0.586408018536272 0.566188613283831 0.534652978368435 0.518607411947266 0.51700806074068 0.515683566588937 0.515412984529458 0.511630242308535 0.513462329292117 0.522271585914431 0.521230373073099 0.51597627803618 0.501225406534368 0.498081021709344 0.498028464413404 0.50573540090772 0.534502599119766
-9999 -9999 -9999 -9999 -9999 -9999 -9999 -9999 -9999 -9999 -9999 0.507633014281514 0.354098119284912 0.0465545153075377 0 0 0 0 0 0 0 0.0306794915418782 0.0690597512204834 0.209924708470006 0.42379562551784 0.5746922780206 0.550198645853487 0.495360543090024 0.526862683893975 0.534231170018421 0.56095231662609 0.613563609739018 0.647853866339215 0.657736389955018 0.663436681657986 0.647027744787453 0.615293336096389 0.56623060882652 0.565060768918809 0.548873624710014 0.54773245241827 0.563339706079521 0.566025786254544 0.551462511608096 0.523190709917587 0.510030010955845 0.510483411934693 0.49883807309416 0.505844161819174 0.500778920989196 0.502430955226879 0.515222370030308 0.523205672401359 0.508188116629958 0.483510454423746 0.485592125695463 0.500966392109402 0.508133421836336 0.555693751136715
-9999 -9999 -9999 -9999 -9999 -9999 -9999 -9999 -9999 -9999 -9999 -9999 0.470406661435761 0.195802918732193 0 0 0 0 0 0 0 0 0 0 0 0.136634899888553 0.414162683121439 0.60057116920058 0.547577649868534 0.513549747435522 0.529058222320236 0.587255400631249 0.637199876102553 0.672548913140545 0.682216827733664 0.677051744875364 0.671031412513178 0.655022957707083 0.609223445377647 0.552601169196684 0.528641203270912 0.538419123548535 0.548712432237777 0.542682551277538 0.530342777160749 0.526261791145642 0.529474450161324 0.528995524945453 0.525161105574694 0.514366742281816 0.512629585342336 0.517314980260749 0.512344418004558 0.510054780781921 0.501860746286481 0.514282751196439 0.540449746346205 0.57271165766764 0.601938544655556
-9999 -9999 -9999 -9999 -9999 -9999 -9999 -9999 -9999 -9999 -9999 -9999 0.536840193913748 0.326356132823772 0 0 0 0 0 0 0 0 0 0 0 0 0.211938703487921 0.447058864824029 0.559579242634734 0.502430389601115 0.516729386546343 0.567857481905571 0.629715231783436 0.655094243591416 0.666380964370266 0.687010495000018 0.70978369948701 0.705685937323625 0.658475167137485 0.560456095971672 0.50864742716122 0.516432067983025 0.536271441318999 0.536924635463513 0.540166213565478 0.545662223045909 0.554065606579004 0.56366787484125 0.558870701367596 0.545113389082328 0.54246892724452 0.541037558208689 0.526891347080498 0.538152313543788 0.540785836422872 0.559308762657198 0.592020139758784 0.604137590237124 0.603136057682066
-9999 -9999 -9999 -9999 -9999 -9999 -9999 -9999 -9999 -9999 -9999 -9999 0.463164854196966 0.402155989293594 0.187981594333987 0 0 0 0 0 0 0 0 0 0 0 0 0.20775050875325 0.378307558904499 0.524301222396669 0.548173494529279 0.574755608556546 0.608580524532803 0.635470743994995 0.645021263958174 0.662906827376865 0.679610175393992 0.70367768964095 0.677450691100437 0.559273934018502 0.498133956210757 0.49239628375713 0.513958605959758 0.532250179503824 0.548834018135322 0.564815208155723 0.578020989925886 0.585330719704666 0.592153621657039 0.594088810430843 0.595815471082485 0.594149397111609 0.597596169795355 0.595787746999768 0.605371510372021 0.608072624843925 0.60625957273429 0.604596389144467 0.60338541891563
-9999 -9999 -9999 -9999 -9999 -9999 -9999 -9999 -9999 -9999 -9999 -9999 -9999 0.506290315978345 0.320804879247619 0.188293881700016 0 0 0 0 0 0 0 0 0 0 0 0 0.153524114346993 0.425951246466891 0.565428884355007 0.588365608919607 0.605252474945022 0.619397370093306 0.651609217000152 0.672736260712785 0.694350559364689 0.708529949424845 0.646262109120504 0.528949631612874 0.480932883689861 0.483165814356352 0.505190338998871 0.539142855116547 0.565582569823474 0.589924940007574 0.60678325225364 0.612898917843739 0.623764250839665 0.632582181109597 0.630057724433961 0.623234813198022 0.618265771835082 0.615244813166649 0.611617079509746 0.609599225558219 0.607627708885479 0.605742089525411 0.604860559090632
-9999 -9999 -9999 -9999 -9999 -9999 -9999 -9999 -9999 -9999 -9999 -9999 -9999 -9999 0.511876134442257 0.395731402502248 0.243653869776959 0.0728492953503318 0 0 0 0 0 0 0 0 0 0 0.0420021333262854 0.179974473861483 0.39129269421511 0.606246444513887 0.602958727512403 0.596567605287413 0.592058499373234 0.591767038003633 0.608123863366514 0.581366279789458 0.559073260706732 0.50911528768321 0.490028942207004 0.504105118852327 0.529948471706043 0.558800541149571 0.590464245116637 0.616311144533109 0.635735897353766 0.653835912378213 0.645418074348461 0.637230228357948 0.631690163785182 0.625333061311308 0.620505617377299 0.616827167766307 0.613875059266763 0.612088557405611 0.609446610138524 0.607772642336651 0.606163597221282
-9999 -9999 -9999 -9999 -9999 -9999 -9999 -9999 -9999 -9999 -9999 -9999 -9999 -9999 -9999 -9999 0.376718876407026 0.170913606274888 0.13325777599205 0 0 0 0 0 0 0 0 0 0 0.056010240212982 0.167612853969316 0.412961047007012 0.609600894081334 0.612103706358113 0.566251229392391 0.539328691679702 0.532641215844428 0.495146866068079 0.515963453050089 0.510720045501579 0.513102098065162 0.535997841615734 0.55035390472221 0.570049688508033 0.598775604022995 0.624826089442536 0.649143638883016 0.657158562089904 0.650080100927901 0.641268863325059 0.635427280164307 0.62913088067116 0.62471181308269 0.621829552987142 0.618154946698198 0.616251279621454 0.61347987739181 0.611878584378578 0.610834493577636
-9999 -9999 -9999 -9999 -9999 -9999 -9999 -9999 -9999 -9999 -9999 -9999 -9999 -9999 -9999 -9999 -9999 -9999 0.346506269484238 0.214301614718568 0.0263881892322992 0 0 0 0 0 0 0 0 0 0.048297300811861 0.248737209512121 0.412012068959701 0.584999237775711 0.602301107698164 0.544988534070682 0.550531568500111 0.557900906095866 0.553489613821349 0.553437936671513 0.562987773372977 0.562613837013827 0.568270284555548 0.580331889898918 0.587206223765613 0.608593122562241 0.648976857950628 0.660469828555742 0.654488490586693 0.647008927287366 0.640932306601764 0.634079817064745 0.629721807800647 0.62643366811622 0.623774449277785 0.621831745831474 0.618654622982476 0.616649362690241 0.615608362443889
-9999 -9999 -9999 -9999 -9999 -9999 -9999 -9999 -9999 -9999 -9999 -9999 -9999 -9999 -9999 -9999 -9999 -9999 -9999 -9999 0.283384925097566 0.0939628059043298 0 0 0 0 0 0 0 0 0 0 0.196667736269267 0.376733004192623 0.541509297203382 0.64182651463 0.622254994588842 0.617659735152399 0.608854199667275 0.612843657761474 0.610633035213716 0.603945383764874 0.600289851232188 0.600307294127708 0.601952702849972 0.616998949098278 0.650168896868049 0.667234904831395 0.66068245767605 0.651649689173078 0.643994777938333 0.637871360412062 0.629505628843479 0.624418365656491 0.618484188894837 0.628704533755921 0.627510013366253 0.625647110283768 0.624531742690891
-9999 -9999 -9999 -9999 -9999 -9999 -9999 -9999 -9999 -9999 -9999 -9999 -9999 -9999 -9999 -9999 -9999 -9999 -9999 -9999 -9999 -9999 0.285966595127253 0.0248370040815953 0 0 0 0 0 0 0 0 0 0.0771082671959679 0.264719869099358 0.455121630482443 0.600033186109128 0.645673817178327 0.639521935706262 0.656724403783496 0.657066787891985 0.646048073590606 0.641442584923643 0.633228957565397 0.639675485351348 0.644341459903123 0.659535379496373 0.672673918935478 0.663415078071791 0.645814469097974 0.641889335447866 0.648863780478468 0.646182450522402 0.634205849080038 0.609603564581331 0.614506241282806 0.635322023636376 0.635345401507718 0.626967890176263
-9999 -9999 -9999 -9999 -9999 -9999 -9999 -9999 -9999 -9999 -9999 -9999 -9999 -9999 -9999 -9999 -9999 -9999 -9999 -9999 -9999 -9999 0.430658512818919 0.273827673215075 0.013513988792594 0 0 0 0 0 0 0 0 0 0.0240833288898676 0.235230524341459 0.434223271390152 0.603409795408943 0.648040105047048 0.679401395177054 0.686863722754601 0.675156360111623 0.664645064067648 0.653322275393819 0.651701391262118 0.649091492044822 0.654801684612113 0.659643833863434 0.651683601295997 0.643432726196185 0.646833722969442 0.658993871424215 0.655963151293147 0.644465211354955 0.615180814560672 0.611318744885677 0.627057618317888 0.630652525721867 0.60980630992537
-9999 -9999 -9999 -9999 -9999 -9999 -9999 -9999 -9999 -9999 -9999 -9999 -9999 -9999 -9999 -9999 -9999 -9999 -9999 -9999 -9999 -9999 -9999 -9999 0.263744616229312 0.0493827062099288 0 0 0 0 0 0 0 0 0 0.0559984331063198 0.272945745978526 0.4809122294831 0.641734229180745 0.686924805102063 0.700213844329328 0.68695937811391 0.672834286335688 0.662723108659414 0.643794307257602 0.633063288505892 0.636361659412086 0.633806353153325 0.640138802781521 0.643814320969489 0.652847176267624 0.667135883046508 0.66473489629084 0.649296966153524 0.62391846760848 0.616077095291325 0.6193690173348 0.620572397355623 0.612177534717516
-9999 -9999 -9999 -9999 -9999 -9999 -9999 -9999 -9999 -9999 -9999 -9999 -9999 -9999 -9999 -9999 -9999 -9999 -9999 -9999 -9999 -9999 -9999 -9999 0.347410034255376 0.213567594470865 0 0 0 0 0 0 0 0 0 0 0.172934603463497 0.390449774067593 0.614311441153777 0.643142304999253 0.661281996707557 0.673596031486681 0.678808815769911 0.670299368916019 0.648050111902992 0.631055357267228 0.621954900097832 0.622678840531684 0.639655138077596 0.659603463525595 0.672752843205738 0.678177732308758 0.672817388985273 0.646229642432332 0.619042905018337 0.611354536801161 0.620370703614722 0.630121272858567 0.62773686146186
-9999 -9999 -9999 -9999 -9999 -9999 -9999 -9999 -9999 -9999 -9999 -9999 -9999 -9999 -9999 -9999 -9999 -9999 -9999 -9999 -9999 -9999 -9999 -9999 -9999 0.253432478470306 0.0947257429581696 0 0 0 0 0 0 0 0 0 0.105387348170378 0.324701743148476 0.561923587710527 0.559948754610148 0.580664032307285 0.632809447926797 0.68886442162386 0.671930540469718 0.654213477878886 0.639300784189916 0.620969558349283 0.612377227087229 0.643303081818075 0.683906268700345 0.695141853339534 0.684527978137877 0.67091334096525 0.63375176019479 0.60108588155504 0.595171005659667 0.618217450590304 0.645257754345663 0.641097793142753
-9999 -9999 -9999 -9999 -9999 -9999 -9999 -9999 -9999 -9999 -9999 -9999 -9999 -9999 -9999 -9999 -9999 -9999 -9999 -9999 -9999 -9999 -9999 -9999 -9999 0.247497637414465 0.167800420998874 0 0 0 0 0 0 0 0 0 0.08166489125147 0.290982762884041 0.521632096902112 0.503007702395481 0.51288646226962 0.549708254687161 0.597906517416956 0.637635087424512 0.666863644300019 0.665956959764412 0.631067587868937 0.615538726441576 0.642888575607447 0.68487199472515 0.696008334786172 0.683604586413293 0.655473577964591 0.610081658490374 0.572715738345033 0.569984180490845 0.605871011471021 0.636594930342852 0.641500291126249
-9999 -9999 -9999 -9999 -9999 -9999 -9999 -9999 -9999 -9999 -9999 -9999 -9999 -9999 -9999 -9999 -9999 -9999 -9999 -9999 -9999 -9999 -9999 -9999 -9999 0.212966482298639 0.21103592455854 0 0 0 0 0 0 0 0 0 0.0680534183071367 0.26894957063267 0.469890193460426 0.448913168417126 0.447888552616617 0.457464290760578 0.469499660060453 0.571334119905463 0.666673155536027 0.686646709067991 0.643919170582317 0.596314116974587 0.645624005273187 0.685130133160546 0.690462138273395 0.669231267455333 0.639640016606393 0.593649766120916 0.542136232017112 0.539795546320429 0.589946689072464 0.632790879649658 0.632120197926882
-9999 -9999 -9999 -9999 -9999 -9999 -9999 -9999 -9999 -9999 -9999 -9999 -9999 -9999 -9999 -9999 -9999 -9999 -9999 -9999 -9999 -9999 -9999 -9999 -9999 0.245419127177718 0.198896097872726 0 0 0 0 0 0 0 0 0 0.095251901567629 0.291001640114453 0.426534196364908 0.41171266170444 0.403251565733938 0.39797559277957 0.41671855553996 0.493374503284428 0.582724032449127 0.629193748499913 0.647885332341792 0.655454047449799 0.666071672832755 0.67692994179891 0.670573924622137 0.649570042133488 0.620469771488561 0.58068678517517 0.545904137489421 0.544272723817608 0.573424045014849 0.607231670587188 0.612565800728116
-9999 -9999 -9999 -9999 -9999 -9999 -9999 -9999 -9999 -9999 -9999 -9999 -9999 -9999 -9999 -9999 -9999 -9999 -9999 -9999 -9999 -9999 -9999 -9999 -9999 0.268394168536544 0.167269666808978 0 0 0 0 0 0 0 0 0 0.125029919478232 0.316393290145449 0.407654810958359 0.398522414980627 0.3869315194634 0.369486395001311 0.369154705655165 0.449269124648718 0.520012879540601 0.582064941221801 0.647278360935188 0.697363737964918 0.670428355522601 0.660391448876617 0.646463580486828 0.624628287256724 0.603822830434008 0.572936094924225 0.546211811420436 0.54373155969865 0.559653402724593 0.581913337873827 0.578013075884883
-9999 -9999 -9999 -9999 -9999 -9999 -9999 -9999 -9999 -9999 -9999 -9999 -9999 -9999 -9999 -9999 -9999 -9999 -9999 -9999 -9999 -9999 -9999 -9999 -9999 0.289434325163938 0.127490676049346 0 0 0 0 0 0 0 0 0 0.166667504369208 0.356584536315084 0.411524058967815 0.405257292970373 0.391297044140496 0.370276263262299 0.382313267119225 0.459151530842432 0.562946406506077 0.618097924255426 0.62985353386844 0.627719738619468 0.62832493102946 0.626805334360829 0.615772442121496 0.600102736534784 0.580280448632395 0.557641262995112 0.538666821809303 0.53133985696171 0.533859086582399 0.537980182112828 0.531541033214111
-9999 -9999 -9999 -9999 -9999 -9999 -9999 -9999 -9999 -9999 -9999 -9999 -9999 -9999 -9999 -9999 -9999 -9999 -9999 -9999 -9999 -9999 -9999 -9999 -9999 0.294381425902531 0.0937967286974472 0 0 0 0 0 0 0 0 0.0407376416936356 0.205287065535111 0.39412693724955 0.431553669597465 0.42904261276203 0.413747810967789 0.389516382836434 0.388967045932222 0.485642294023405 0.605944634081985 0.647814172477307 0.614823680990785 0.570985902101307 0.590450741576348 0.594495350643791 0.590741963945236 0.581387054147092 0.559277831808392 0.546245634177871 0.530824971490722 0.519812709169462 0.514312927634299 0.503269105788444 0.492826926672425
-9999 -9999 -9999 -9999 -9999 -9999 -9999 -9999 -9999 -9999 -9999 -9999 -9999 -9999 -9999 -9999 -9999 -9999 -9999 -9999 -9999 -9999 -9999 -9999 0.339305692145582 0.301860031161688 0.0793132266898149 0 0 0 0 0 0 0 0 0.0956517877669171 0.259457363888677 0.435317228132111 0.451847701263864 0.472888222561828 0.457393627601922 0.412176247231066 0.410412182967827 0.490089798023355 0.587004044749351 0.626122533223632 0.603251292441818 0.57745637256304 0.573652562948826 0.579838251591323 0.57640009540285 0.562914218305693 0.547129803807172 0.537483025299083 0.529667327893313 0.519677669610038 0.511835819291457 0.495307429864526 0.481448649306954
-9999 -9999 -9999 -9999 -9999 -9999 -9999 -9999 -9999 -9999 -9999 -9999 -9999 -9999 -9999 -9999 -9999 -9999 -9999 -9999 -9999 -9999 -9999 -9999 0.332945294036959 0.317178965174868 0.0648115544641455 0 0 0 0 0 0 0 0 0.14683347411021 0.297418343027287 0.451205320342917 0.456700072471771 0.482227704344376 0.468169633561769 0.417656539816778 0.40434973660173 0.469895725807367 0.555826904668772 0.595985042088415 0.581086320588958 0.562710778820453 0.555326730211241 0.559971135468228 0.556964556376099 0.540526947733064 0.53062555553053 0.533126553553344 0.535565815613704 0.531476153872712 0.523232579725117 0.505078434708473 0.497506160568109
