meets/meet004/_saidas_enm/CCSM_Gower_6k_Cavanillesia_umbellata1.asc
NCOLS 154 
NROWS 168 
XLLCORNER -112 
YLLCORNER -55.5 
CELLSIZE 0.5 
NODATA_value -9999 
[rows 78 to 103 of 168, columns 59 to 117 of 154]
-9999 -9999 -9999 -9999 -9999 -9999 -9999 -9999 -9999 0.505680492739842 0.362869073391412 0.260001745300678 0.187102890527793 0.156075161393162 0.214381546711552 0.317835706215768 0.465658671941939 0.673858974097718 0.629181431240601 0.580977897288635 0.541471824000595 0.526560171643769 0.513414921829374 0.517087226897664 0.521731168547765 0.52329791973777 0.521285536490617 0.516955277830772 0.521752285517733 0.522803654658878 0.524306543012434 0.527306560545918 0.526675995024503 0.524466904002556 0.520589188408211 0.52620015930122 0.537397784576364 0.553049298771895 0.579058868388189 0.606823743300528 0.614189831645566 0.600795482090124 0.583115293823688 0.572907672559364 0.562458999947532 0.556993052890504 0.560323519008582 0.565018302395761 0.557397346879168 0.54939452718776 0.547643866386577 0.548523484171981 0.549323625361322 0.557058195543315 0.558743854185235 0.549335918931382 0.535023341280484 0.526659101448529 0.521886831899379
-9999 -9999 -9999 -9999 -9999 -9999 -9999 -9999 -9999 -9999 0.494246871062438 0.304731959974013 0.11832744641116 0 0 0.00484339852474858 0.139320010082494 0.351319155978947 0.600082320843948 0.601736638400326 0.545474705635115 0.524977678712514 0.515603535789534 0.522199709317787 0.524049427905366 0.524250103110882 0.524412511807183 0.517736733701232 0.518302924459653 0.515008037236431 0.512842204007509 0.512003284382408 0.505142316848917 0.505014591176019 0.50169653927665 0.505543155333405 0.511936989894871 0.525437644712913 0.555174305858878 0.583614506837772 0.595853363869944 0.593986974642144 0.580700340211519 0.560542367606434 0.539657172381327 0.529370392410811 0.532575180562169 0.536970453893189 0.533355484597903 0.525677994225642 0.522761932645486 0.522532077626923 0.52385745545111 0.530204448733738 0.534390216126346 0.531060517898085 0.5152156234503 0.513038527837395 0.536640645216777
-9999 -9999 -9999 -9999 -9999 -9999 -9999 -9999 -9999 -9999 0.610880622864412 0.359797017791502 0.0289255675357516 0 0 0 0 0 0.319317560846758 0.539518731489455 0.568874399146131 0.56992202199665 0.531468523354198 0.542275036749204 0.53596503015943 0.527845107270925 0.532930329602543 0.525420111228757 0.526723604193159 0.521948993292528 0.515829039432467 0.50306491893059 0.486524316308579 0.495561995510066 0.493128424698274 0.493696919126146 0.486776440131836 0.486994136894963 0.515028514298218 0.558362456397534 0.573030679425484 0.581137562636638 0.585068301848537 0.549589187256376 0.515625420649319 0.500810906354346 0.503036251044088 0.508983813640226 0.506058409400629 0.502677390536264 0.501953014475536 0.502603801095466 0.500030218373703 0.506408695138829 0.507386858784084 0.505753173198362 0.493888891580402 0.490905639641257 0.520939602128047
-9999 -9999 -9999 -9999 -9999 -9999 -9999 -9999 -9999 -9999 -9999 0.490116770158973 0.227754759142211 0 0 0 0 0 0.0707988710170001 0.207292923743757 0.191077722159881 0.282072889992963 0.400407283572225 0.521288193601356 0.556146326385597 0.532102288416517 0.548344309881341 0.55248093232566 0.559166565017596 0.544549782350507 0.533586107506284 0.522731473016077 0.509436740650635 0.513698785098401 0.508491084340968 0.503537811076242 0.495871327124691 0.485669782923865 0.500366298150288 0.516817441608616 0.532730038341936 0.557251831758842 0.555820101194997 0.533133180495874 0.499884447290105 0.483554630422867 0.482930336001625 0.482659398877851 0.483736748291139 0.480782804146676 0.483963531750434 0.494491557105131 0.495152326292682 0.492014472537042 0.480350866124599 0.479431062105438 0.481925936120955 0.49150817718435 0.523700805928436
-9999 -9999 -9999 -9999 -9999 -9999 -9999 -9999 -9999 -9999 -9999 0.599964812120006 0.46380939682401 0.124239452507781 0 0 0 0 0 0 0 0 0.0242907865345732 0.168503760509782 0.378745364227133 0.529250381903213 0.616118405499006 0.603114191447672 0.586351226925473 0.577953755216733 0.568749256080937 0.551527085191277 0.536625287420436 0.552164305757773 0.5474539416385 0.522681816141243 0.508028174762937 0.478003554935587 0.482144656737172 0.481293834819907 0.503606281251593 0.530321167985925 0.535556384795136 0.519640460539275 0.490397680527294 0.476904064699242 0.47787979669341 0.467266023642477 0.475815324920335 0.471020236957917 0.473905326982119 0.489826370503427 0.500920458634909 0.485768456765353 0.463081152121322 0.467405011699359 0.48806111979572 0.500875793043885 0.5385802472138
-9999 -9999 -9999 -9999 -9999 -9999 -9999 -9999 -9999 -9999 -9999 -9999 0.599048002140058 0.289246909944771 0 0 0 0 0 0 0 0 0 0 0 0.038610214946681 0.330140567867911 0.57496634832383 0.623150740443329 0.597566864583799 0.57853675904655 0.576996493862572 0.583566643770064 0.569967971532475 0.550412877066773 0.543212374252521 0.549852957408525 0.549084811628227 0.513237411300005 0.472562031728869 0.465406066524004 0.496935366447817 0.516821025094429 0.510924527171123 0.497589224627014 0.4945006438013 0.499651520712273 0.500816409564702 0.497240602650084 0.486957662128654 0.485986281510116 0.492485444958151 0.489083181142182 0.488447368373684 0.482315384239824 0.497014715062243 0.527124058732738 0.53849156219603 0.537245452765562
-9999 -9999 -9999 -9999 -9999 -9999 -9999 -9999 -9999 -9999 -9999 -9999 0.535392923862721 0.429083198514674 0.0586795935716971 0 0 0 0 0 0 0 0 0 0 0 0.103193322092029 0.394797190756128 0.610418005573085 0.595473596942586 0.568034251578729 0.568908283584979 0.608532694473639 0.582845531241058 0.562719339366143 0.572654716855472 0.606150890169458 0.624051902492228 0.556047780525745 0.475153147934787 0.442993538452832 0.475062536936377 0.505685342931191 0.507310069802382 0.510271692845014 0.514961707884137 0.525847057967024 0.537760100588364 0.531199889899876 0.516636987501615 0.515003301915892 0.513908035073541 0.502272584621055 0.516633276034166 0.520821219114589 0.540976270009619 0.538880427580931 0.537573982628945 0.536620023387727
-9999 -9999 -9999 -9999 -9999 -9999 -9999 -9999 -9999 -9999 -9999 -9999 0.457023938678119 0.536616952419573 0.278495485426045 0.00770608937708772 0 0 0 0 0 0 0 0 0 0 0.0161694385411059 0.288835198369926 0.496703083610831 0.586277909961707 0.52780850452298 0.53112822018362 0.556516705240676 0.54767419803435 0.567515554392647 0.586236258131793 0.632083416904998 0.646675312658418 0.568767710207185 0.468898429411838 0.431608420080697 0.436591769029923 0.485214424262369 0.50485845357989 0.521038659914444 0.537461647412813 0.551007607730059 0.558123130737894 0.56213049172968 0.55882755681653 0.554897971420851 0.550729308760477 0.547351565662305 0.544565529379291 0.542126939187186 0.540531862887943 0.538818983186128 0.537407930162135 0.536441798159819
-9999 -9999 -9999 -9999 -9999 -9999 -9999 -9999 -9999 -9999 -9999 -9999 -9999 0.586787359442465 0.483499234801624 0.274430625241052 0.018694982545345 0 0 0 0 0 0 0 0 0 0 0.0626561673522432 0.308610666845879 0.550964780153722 0.529419793322373 0.517159920467009 0.516348900838594 0.504536707746556 0.537739879489849 0.560043879133548 0.603673904683926 0.638858517017497 0.542752408252122 0.447046716870367 0.419902323765045 0.43580404205929 0.482665669978024 0.518293453818576 0.544035680118009 0.56569751332424 0.5779289740272 0.571092623769593 0.564296297560936 0.557787172148387 0.553856862323699 0.549717257896983 0.546923148284179 0.544772433627115 0.542460507362795 0.540935810518682 0.539163552483137 0.537826278761611 0.537224749002917
-9999 -9999 -9999 -9999 -9999 -9999 -9999 -9999 -9999 -9999 -9999 -9999 -9999 -9999 0.606983892708106 0.498413798047992 0.335395821802272 0.14369186236644 0 0 0 0 0 0 0 0 0 0 0.140038028164957 0.349001321543608 0.458995947119764 0.557208829929088 0.501329487944111 0.490729280946613 0.494289218138345 0.492516416514105 0.512708591179346 0.48651894107986 0.473459055016791 0.440457966277012 0.441735223005999 0.470195011367886 0.517735325903234 0.544585489226999 0.574710636565342 0.587973619497916 0.578887254997436 0.570863981420953 0.56367010321745 0.557681842262639 0.553937420398702 0.550066518983316 0.547147276681663 0.54488816966098 0.543174934282828 0.541859458813263 0.540062925867735 0.538973374176574 0.538025022068194
-9999 -9999 -9999 -9999 -9999 -9999 -9999 -9999 -9999 -9999 -9999 -9999 -9999 -9999 -9999 -9999 0.394866556630552 0.444629703706514 0.208979155875513 0 0 0 0 0 0 0 0 0 0 0.152062318150448 0.258470965140325 0.421209922488254 0.546158639498813 0.527458090803144 0.480242977605307 0.464821190446703 0.467830678621263 0.430239016573667 0.46020438090347 0.465800249963411 0.475344096535954 0.520165441210849 0.541622458386368 0.555564521867564 0.580069838680923 0.590940673861097 0.581432903766897 0.573886246942701 0.567039508843847 0.560191776943464 0.555807990250513 0.551785439952322 0.549099811622221 0.547170411335153 0.54524407875649 0.544038696881845 0.542420811529875 0.541550040014811 0.541097902163346
-9999 -9999 -9999 -9999 -9999 -9999 -9999 -9999 -9999 -9999 -9999 -9999 -9999 -9999 -9999 -9999 -9999 -9999 0.444042877697109 0.299193453950853 0.0849750374068853 0 0 0 0 0 0 0 0 0 0.119102753809491 0.23378279728393 0.35271834153525 0.516012169725574 0.534668960129926 0.474075286594954 0.494074720916123 0.515545304145076 0.518609568459918 0.511213893650505 0.543742858134449 0.549502671670325 0.555259541628568 0.564623706112367 0.563964063988903 0.578295860451318 0.585661117579543 0.577716520182416 0.571126826233797 0.564310223858679 0.55987689877477 0.554817889324476 0.551857613480739 0.54990556236461 0.548398153744203 0.547166459666441 0.54550830966094 0.544549526559405 0.544224707760153
-9999 -9999 -9999 -9999 -9999 -9999 -9999 -9999 -9999 -9999 -9999 -9999 -9999 -9999 -9999 -9999 -9999 -9999 -9999 -9999 0.371660560807325 0.15732515950849 0 0 0 0 0 0 0 0 0 0.0604598964560491 0.201409485441184 0.346064572567504 0.519761733349019 0.588465867499927 0.588188944138332 0.593439233881531 0.585383613508323 0.589474189398479 0.582718870705648 0.575896739406075 0.570563234764506 0.57167041834856 0.5664442242447 0.576078570347775 0.594803608329012 0.586090024771904 0.578347934599197 0.570695097927418 0.56521928811582 0.561215316675688 0.557504069475953 0.554946900454556 0.552516590198349 0.551378284696384 0.55093664191212 0.550160203084304 0.550022726334356
-9999 -9999 -9999 -9999 -9999 -9999 -9999 -9999 -9999 -9999 -9999 -9999 -9999 -9999 -9999 -9999 -9999 -9999 -9999 -9999 -9999 -9999 0.419093656970674 0.0844084631756932 0 0 0 0 0 0 0 0 0 0.185493297028889 0.344630518361919 0.493354794427822 0.632221554503265 0.610796929067016 0.602780758001048 0.622390300396061 0.622060733233381 0.602096291568606 0.590916274089534 0.58495455094462 0.592527889035677 0.59092980298701 0.597855880145792 0.595196842517741 0.582177275127792 0.555650653508707 0.554783961868557 0.56691005834888 0.563983943125073 0.560529842070992 0.558704913862037 0.557608531092997 0.556037116423582 0.556246248879045 0.555843301588003
-9999 -9999 -9999 -9999 -9999 -9999 -9999 -9999 -9999 -9999 -9999 -9999 -9999 -9999 -9999 -9999 -9999 -9999 -9999 -9999 -9999 -9999 0.567683002056804 0.368879757932373 0.0774971621976238 0 0 0 0 0 0 0 0 0 0.114636756405165 0.37123507081197 0.607090117019287 0.599921970267298 0.592216604668991 0.625621258727795 0.629612421785726 0.61318195149008 0.600459654148371 0.58272715235604 0.588565717946779 0.585862487763356 0.587003406893861 0.58590413959327 0.564252641936269 0.549403869847201 0.554502786213889 0.577996908207516 0.572940639557228 0.569766651925193 0.566955553536776 0.565678649335241 0.565060834307807 0.564186435417161 0.563936389721905
-9999 -9999 -9999 -9999 -9999 -9999 -9999 -9999 -9999 -9999 -9999 -9999 -9999 -9999 -9999 -9999 -9999 -9999 -9999 -9999 -9999 -9999 -9999 -9999 0.368642491935726 0.128974920808522 0 0 0 0 0 0 0 0 0 0.150298432851742 0.414201616349676 0.540753335095131 0.564367701555626 0.618721174226475 0.630790556737498 0.609428594825915 0.594291554422471 0.586288992758556 0.567636187405838 0.557392995503539 0.565811086705242 0.558429646756524 0.552890089616499 0.546969531145592 0.557820070223441 0.586406124523462 0.582929326830961 0.578472661921633 0.576723382931181 0.575252038845211 0.572339625006169 0.572719947620821 0.570995790886918
-9999 -9999 -9999 -9999 -9999 -9999 -9999 -9999 -9999 -9999 -9999 -9999 -9999 -9999 -9999 -9999 -9999 -9999 -9999 -9999 -9999 -9999 -9999 -9999 0.490048750803856 0.31898895784425 0.0362757038770993 0 0 0 0 0 0 0 0 0.0273651430305952 0.285972439240193 0.525325148854719 0.526232794618443 0.565649458284078 0.583486384834645 0.595319750630589 0.591120285074471 0.578056666901754 0.564530940068342 0.552112985121668 0.539309958202395 0.540488029163349 0.560738819417957 0.573742779570239 0.587594869896986 0.600351882638593 0.595612495620387 0.592453624148299 0.589341000976692 0.587358068279499 0.585045971305722 0.58334585790411 0.581075532737032
-9999 -9999 -9999 -9999 -9999 -9999 -9999 -9999 -9999 -9999 -9999 -9999 -9999 -9999 -9999 -9999 -9999 -9999 -9999 -9999 -9999 -9999 -9999 -9999 -9999 0.449514340742148 0.186678965012704 0 0 0 0 0 0 0 0 0 0.199771570749913 0.464253541692851 0.4903934571333 0.496676587579479 0.51311224525983 0.562330935742563 0.606979146034358 0.583725456595232 0.570678690714091 0.561095504237965 0.534861956437272 0.531702473785119 0.566622201287775 0.61040842223244 0.6158138058792 0.610677047235221 0.607559419285861 0.597685032918384 0.582968903474107 0.586336246881382 0.595845980515849 0.593795499432432 0.590499810679543
-9999 -9999 -9999 -9999 -9999 -9999 -9999 -9999 -9999 -9999 -9999 -9999 -9999 -9999 -9999 -9999 -9999 -9999 -9999 -9999 -9999 -9999 -9999 -9999 -9999 0.434941847030485 0.272172704635491 0 0 0 0 0 0 0 0 0 0.17154873586509 0.426622227825409 0.452377535961797 0.456656985912083 0.470124109541448 0.48779171845158 0.527069154610821 0.568262389166303 0.584311992305364 0.586378020500272 0.550616111905012 0.539359487095593 0.566013091268399 0.617245122796336 0.629181751165712 0.624588895880435 0.61195897755281 0.57899833926694 0.558967937518259 0.563732830071421 0.602000152589202 0.605597104342768 0.602020958977289
-9999 -9999 -9999 -9999 -9999 -9999 -9999 -9999 -9999 -9999 -9999 -9999 -9999 -9999 -9999 -9999 -9999 -9999 -9999 -9999 -9999 -9999 -9999 -9999 -9999 0.401605297861352 0.324672457952891 0.035120023116047 0 0 0 0 0 0 0 0 0.157272053644715 0.400165391233363 0.430679657347004 0.433189889158862 0.434477256437106 0.434986239404158 0.421549831367474 0.512306344896861 0.580323890485602 0.601929155808646 0.566976049869589 0.51993878573319 0.573109842260115 0.622519374004579 0.636315051264634 0.630822442742884 0.611426561561019 0.572110563709112 0.532130188413202 0.535663249461339 0.590129442990355 0.616847944614405 0.61397725322944
-9999 -9999 -9999 -9999 -9999 -9999 -9999 -9999 -9999 -9999 -9999 -9999 -9999 -9999 -9999 -9999 -9999 -9999 -9999 -9999 -9999 -9999 -9999 -9999 -9999 0.403230860170162 0.310292244427112 0 0 0 0 0 0 0 0 0 0.189852501070831 0.40054919670654 0.402139752480873 0.412733688378199 0.414431236800371 0.394667032726486 0.393814675029587 0.442767394901718 0.505963063081682 0.549324777196047 0.569715063305642 0.576880794335034 0.597437561846868 0.619949079585178 0.622368180215202 0.615245364318326 0.601740469592531 0.570393826298394 0.545227573095669 0.54615774362736 0.578714083796125 0.613364560642697 0.621616447047633
-9999 -9999 -9999 -9999 -9999 -9999 -9999 -9999 -9999 -9999 -9999 -9999 -9999 -9999 -9999 -9999 -9999 -9999 -9999 -9999 -9999 -9999 -9999 -9999 -9999 0.407121736900915 0.274583409303396 0 0 0 0 0 0 0 0 0.0212117314144162 0.224962345608022 0.371007323610827 0.382928941001791 0.406127532282325 0.411749893540953 0.378332864483618 0.358365041626584 0.400782251266008 0.457725632574111 0.505319955359923 0.569431191779735 0.620239112807601 0.609080195784738 0.605408117780641 0.602752502958533 0.597690061358153 0.59664666010597 0.574442822606334 0.553029461618289 0.54977591246355 0.567107086551268 0.590406725526219 0.587786070332985
-9999 -9999 -9999 -9999 -9999 -9999 -9999 -9999 -9999 -9999 -9999 -9999 -9999 -9999 -9999 -9999 -9999 -9999 -9999 -9999 -9999 -9999 -9999 -9999 -9999 0.395054668795489 0.229228656269954 0 0 0 0 0 0 0 0 0.0680441509192451 0.273384339208849 0.384258286256699 0.384560834844607 0.402603941875266 0.403631634413719 0.37924562951279 0.373377927457622 0.424666952098055 0.499644737685556 0.543213142142338 0.556148118128503 0.553451928999289 0.575352342681763 0.587134938988326 0.587728961624174 0.584296159738438 0.579854881137654 0.564765146462535 0.545021010734889 0.536309044797457 0.541049868546139 0.542914688966787 0.537605114826961
-9999 -9999 -9999 -9999 -9999 -9999 -9999 -9999 -9999 -9999 -9999 -9999 -9999 -9999 -9999 -9999 -9999 -9999 -9999 -9999 -9999 -9999 -9999 -9999 -9999 0.377901172968534 0.191497023820831 0 0 0 0 0 0 0 0 0.120783634492362 0.315561619314136 0.389846220455197 0.393139827862057 0.41583711507371 0.416900258525382 0.387422120284482 0.38189548928971 0.456292366230632 0.53926298894192 0.573214946146711 0.548768569005248 0.514878135875717 0.547538793463281 0.568643609304498 0.573355734203378 0.581459816268077 0.567973191952956 0.551470645289726 0.53340539743601 0.5190868119812 0.513664102074999 0.500207088994892 0.490490979140063
-9999 -9999 -9999 -9999 -9999 -9999 -9999 -9999 -9999 -9999 -9999 -9999 -9999 -9999 -9999 -9999 -9999 -9999 -9999 -9999 -9999 -9999 -9999 -9999 0.241325480304539 0.351898436946819 0.174613966115865 0 0 0 0 0 0 0 0 0.182786573240192 0.373290781667787 0.405196081934273 0.405899341025032 0.433731123498229 0.431894970964084 0.391656136753927 0.393609648448441 0.449669700503692 0.524658108566995 0.556507618544508 0.544556949322133 0.530808266093192 0.541254511182377 0.566252499496836 0.57039930680233 0.565738756438606 0.552718722205666 0.54076574931384 0.527345083018405 0.513934911217137 0.502824953362769 0.483187579090329 0.468150760693327
-9999 -9999 -9999 -9999 -9999 -9999 -9999 -9999 -9999 -9999 -9999 -9999 -9999 -9999 -9999 -9999 -9999 -9999 -9999 -9999 -9999 -9999 -9999 -9999 0.234013864961758 0.34303553656459 0.161539201938568 0 0 0 0 0 0 0 0.0212169247323248 0.238382130373474 0.414326450526251 0.39635613436067 0.402132201564339 0.432488293829372 0.421882967566427 0.376883984380527 0.371412385489308 0.412901856248128 0.481761735681748 0.520156354514681 0.521240103009777 0.516883992059425 0.534067702403195 0.553185727196054 0.557306095972579 0.543026032990256 0.533897230863815 0.528818023669097 0.524564170046046 0.515229445467006 0.50106814944305 0.481390460955216 0.46977574352779
