meets/meet004/_saidas_enm/CCSM_SVM_6k_Aralia_warmingiana1.asc
NCOLS 154 
NROWS 168 
XLLCORNER -112 
YLLCORNER -55.5 
CELLSIZE 0.5 
NODATA_value -9999 
[rows 75 to 99 of 168, columns 55 to 109 of 154]
-9999 -9999 -9999 -9999 -9999 -9999 -9999 -9999 -9999 -9999 -9999 -9999 0.188942852909323 0.139325855505495 0.174659398105426 0.268556829906017 0.439443596217674 0.768858380487364 0.973390628492987 0.821010205175807 0.713789381329254 0.626399532989918 0.523905678911021 0.426717033072575 0.355845975503745 0.324354781733755 0.294206345185176 0.259780090075243 0.217044576432681 0.177857096143073 0.145134946198281 0.108784396114953 0.0767785210756533 0.0410738777707243 0.0218574387743725 0.0139778714732207 0.00524829082647782 0.0132201528179879 0.0162406422425769 0.0387264309739148 0.0732585435519747 0.100106337606284 0.14247865192022 0.171180251138158 0.21048933665632 0.249187651744882 0.245577035592554 0.216395205969738 0.167369485871176 0.119220162702598 0.0694876779355226 0.0322144395215165 0.0114187681041222 -0.00235372293009123 -0.00792900010825337
-9999 -9999 -9999 -9999 -9999 -9999 -9999 -9999 -9999 -9999 -9999 -9999 0.189505290270744 0.204877514029072 0.186475755311817 0.222466320266719 0.29904767363482 0.549140602751392 0.856570239898387 0.923278729907174 0.881802421726127 0.696497538112111 0.576419020426636 0.459608222564796 0.359434619742721 0.312158087522115 0.269123042664041 0.231916205094608 0.189028325989546 0.145933819469061 0.107867226058637 0.0689900931218189 0.0351648097845336 0.000991671164907892 -0.0180481277876358 -0.0232837758617674 -0.0279321455476434 -0.0312816144024802 -0.0295077257476337 -0.012386408499475 0.0143680670079071 0.0533804658769371 0.0808548877335751 0.109516816684316 0.142925787806917 0.175971713214333 0.199017605573025 0.180494174634409 0.141834676950933 0.104303743368298 0.0644435773713315 0.0315749922594585 0.0133810497525604 -0.00354434889917349 -0.0182054288130604
-9999 -9999 -9999 -9999 -9999 -9999 -9999 -9999 -9999 -9999 -9999 -9999 -9999 0.334018909162117 0.199399746612278 0.187780960281999 0.243279711264709 0.341668636550261 0.485657055232646 0.658400197128841 0.87009331786897 0.896424478212871 0.747349222884929 0.550746816989856 0.394423982984499 0.320864271434538 0.267535322600682 0.217656164912351 0.17294190979132 0.12641412753324 0.0810055897076499 0.0368682706588447 0.000419810376964758 -0.030829575549246 -0.0500360708766204 -0.059585824910528 -0.0669172399921735 -0.0762123127972097 -0.079607210327988 -0.0683468148926835 -0.0478165574070598 -0.0178735068551946 0.0108662645400412 0.0397621958834105 0.0649398370012533 0.0833110717952334 0.0998653753199776 0.102161417458762 0.0893852216234753 0.0716555886933521 0.0470217835225238 0.0202453994067916 0.00021229125615646 -0.0212836755211313 -0.0431672378731768
-9999 -9999 -9999 -9999 -9999 -9999 -9999 -9999 -9999 -9999 -9999 -9999 -9999 0.290355045952168 0.346639501511238 0.246742412300936 0.236670793775249 0.196486396885078 0.180077944960656 0.233266208337616 0.487496411096932 0.857401910120803 0.921621289725841 0.725941198349912 0.485307093420809 0.370449165887421 0.308508650037106 0.229361705683723 0.178749423405865 0.124832153784493 0.0729301925594095 0.0195837873842098 -0.0114459342890395 -0.0465339027655747 -0.0709304395498005 -0.0844800603441043 -0.101294824719353 -0.112252210475302 -0.128273997885922 -0.125482485143023 -0.107790336971637 -0.0921061598182534 -0.0626889182756134 -0.029190571293003 -0.00384057193986276 0.00607661515114793 0.00666442550733448 0.0280527947801358 0.032807114920905 0.0300612207309902 0.019153858435614 -0.00413167237587952 -0.025233564999377 -0.0485173894935031 -0.0658462479206908
-9999 -9999 -9999 -9999 -9999 -9999 -9999 -9999 -9999 -9999 -9999 -9999 -9999 -9999 0.323954682776949 0.302173249458752 0.153347495040525 0.106362482187458 0.0896550656221429 0.103369870930874 0.162402197007458 0.374433627015687 0.722417466704018 0.918053725341312 0.735957743343308 0.604573271307095 0.457809047917808 0.328838220204921 0.239376637986298 0.15157702294079 0.0884345651788391 0.0313257014989921 -0.0115505003851182 -0.0483315808169122 -0.0788549292166018 -0.1030838295569 -0.127135158571892 -0.144510363993014 -0.159043317289335 -0.162170004919582 -0.156843468560569 -0.149395507094027 -0.131513609021811 -0.103434413289781 -0.0700660269242169 -0.0429166516924374 -0.0298683937150374 -0.0190587513639393 -0.0103340155022594 -0.00680424839044924 -0.015102370434891 -0.0322873635111549 -0.0503945635797335 -0.0692114405951735 -0.0819582951230958
-9999 -9999 -9999 -9999 -9999 -9999 -9999 -9999 -9999 -9999 -9999 -9999 -9999 -9999 0.0903098011800021 0.351694984275958 0.102726417643514 0.0736513762616805 0.0722181476576683 0.0794843947721915 0.0914392899365773 0.111374427933831 0.237703215259498 0.539223167355624 0.616469226008216 0.619761693040911 0.67703572051129 0.542187285867297 0.405176396087549 0.254068617825845 0.130260308091472 0.0725839333307833 0.0192882171860849 -0.0318143548406641 -0.0699487306275542 -0.103350647172767 -0.136561093529107 -0.153810963729884 -0.173990756362822 -0.182402879947765 -0.182454571118757 -0.183503970153621 -0.177401152350197 -0.159052697011428 -0.127540572368685 -0.0798319499464744 -0.0352380344877438 -0.0463344402787371 -0.0358152663775992 -0.028543878688603 -0.0400829018438643 -0.0489580302607708 -0.066727622033607 -0.0826027287045755 -0.0937299649746335
-9999 -9999 -9999 -9999 -9999 -9999 -9999 -9999 -9999 -9999 -9999 -9999 -9999 -9999 -9999 0.340827239639152 0.188205628051305 0.0708644714759685 0.0619804420816107 0.0698608873172716 0.0749904935696839 0.0764048415901682 0.0737529727649488 0.0669397693281226 0.0576709351945697 0.0760297377544232 0.185709856673911 0.390917193608567 0.556467040379406 0.436496674866401 0.323692213506882 0.165042468548127 0.0762384862918055 0.00830060079350303 -0.0470913390572323 -0.0916096527140898 -0.128859267313128 -0.154108248597747 -0.178762452081467 -0.191781452489037 -0.195743346775175 -0.192569760400847 -0.196700182481088 -0.194448899973127 -0.170651491088764 -0.121436066401534 -0.0900179593174352 -0.0805044992909834 -0.0731757283470645 -0.0644977057191091 -0.067660992514519 -0.0755349192977516 -0.0835966776442844 -0.0929330259866321 -0.101016829165918
-9999 -9999 -9999 -9999 -9999 -9999 -9999 -9999 -9999 -9999 -9999 -9999 -9999 -9999 -9999 0.201948149923791 0.214618102801166 0.0923839162747191 0.0439709479542067 0.0588164995411776 0.068628232796195 0.0659190438693621 0.0654440860997813 0.0839587955389168 0.0893346648863365 0.0834504861407462 0.0783710722088313 0.0567067612836842 0.140508704635528 0.352855435302492 0.484513689584511 0.314075537499821 0.228579634819077 0.0990103181884551 0.00753349059691011 -0.059916073240722 -0.103564783601592 -0.125002149052607 -0.154222282228613 -0.190046752022655 -0.198900456902914 -0.201250773458677 -0.20804070457062 -0.207359961325531 -0.190552554385454 -0.15620361232305 -0.125218951449235 -0.110041781346825 -0.103986999537315 -0.0941481662711472 -0.0918215693516842 -0.0951076290801365 -0.0952486914092303 -0.0991977618235359 -0.103028574340281
-9999 -9999 -9999 -9999 -9999 -9999 -9999 -9999 -9999 -9999 -9999 -9999 -9999 -9999 -9999 -9999 0.247872973305865 0.210524575632696 0.0287073203361221 0.0381452263724623 0.0646886621462395 0.0699602423662745 0.0668374240336623 0.0795668103927966 0.0879153969106402 0.0915774320656476 0.0946443296037405 0.0923216514424144 0.0890991434603748 0.0731641619178625 0.0930998127514741 0.444727215976091 0.522644477257431 0.211312169421148 0.0193653617282833 -0.0440072847948467 -0.0694958612667385 -0.112986838515553 -0.153346060290944 -0.174046528923876 -0.180812486117215 -0.18771045406918 -0.215457860709976 -0.214988343629689 -0.201200840643009 -0.180457227702448 -0.150897506847229 -0.131836111909231 -0.120562834233823 -0.108673568133596 -0.102046197300927 -0.0994414480534507 -0.10017964152444 -0.101307379970452 -0.102928717966454
-9999 -9999 -9999 -9999 -9999 -9999 -9999 -9999 -9999 -9999 -9999 -9999 -9999 -9999 -9999 -9999 0.156014254111685 0.319644454242563 0.0291120783007319 -0.00438467466267456 0.0502820510314135 0.0745300687103263 0.068297622857432 0.0764996088163508 0.0817638456687053 0.0894881042107288 0.0970629617439548 0.0955605594138141 0.0972645647744487 0.0953252262442076 0.0791799078555164 0.183742695225054 0.588232460434101 0.456989327161044 0.0803015054347821 -0.0363731959309418 -0.0493356909100366 -0.113970275232767 -0.157244053641452 -0.162341613036301 -0.124053456861901 -0.0915563685885429 -0.20323632824248 -0.227628865132053 -0.203231814251163 -0.192579546331576 -0.167133523292926 -0.143749976012867 -0.126697616311672 -0.108687792907503 -0.0953130956547011 -0.0848129449073272 -0.0902985362509457 -0.098145729858 -0.103251725254551
-9999 -9999 -9999 -9999 -9999 -9999 -9999 -9999 -9999 -9999 -9999 -9999 -9999 -9999 -9999 -9999 0.160016220736721 0.262891599697075 0.104284112831152 -0.00573512512093421 -0.00637440389698529 0.0516977557609289 0.0737911726508201 0.0812412041397401 0.081372961009102 0.0783398931289471 0.0794943585364162 0.0818395060374629 0.086276010910544 0.0815544296201329 0.0746537234972706 0.100603272122651 0.37521467417214 0.731632436645239 0.345574429133643 0.0701359400862775 -0.0731827917020507 -0.153763599806173 -0.170262921526031 -0.166140069125993 -0.0925670073120358 -0.0531714240425651 -0.201894577739428 -0.230533787371646 -0.202609381998485 -0.18808652909657 -0.179105346535781 -0.158668521410647 -0.132172954534683 -0.106108646090338 -0.0866142679857019 -0.0696518309149697 -0.0820866319447476 -0.0933684977494954 -0.102438297249563
-9999 -9999 -9999 -9999 -9999 -9999 -9999 -9999 -9999 -9999 -9999 -9999 -9999 -9999 -9999 -9999 -9999 0.159426954065218 0.179818584654828 0.0661132987615815 0.0166117113642987 0.00477381423853257 0.0376910918378582 0.0736384486435067 0.0838703466504161 0.0847855468763087 0.087478285660075 0.078032049674617 0.0738310624710926 0.0663307733815681 0.0644840361949891 0.0794499829919095 0.167869466381082 0.568548905784093 0.680358265613092 0.426098876370192 0.0595565445603834 -0.0913457200390178 -0.176206746492346 -0.194678515778967 -0.143240118209525 -0.0888827697503343 -0.218718759301488 -0.216350909488378 -0.195283146177828 -0.193467938955781 -0.194050066473329 -0.177716335218497 -0.143772623634333 -0.111368101542565 -0.0892663956666104 -0.0709555363385199 -0.0938171007957044 -0.107360073744941 -0.111637086694633
-9999 -9999 -9999 -9999 -9999 -9999 -9999 -9999 -9999 -9999 -9999 -9999 -9999 -9999 -9999 -9999 -9999 -9999 0.206273943084237 0.151495894972492 0.0604923623133176 0.121976486180831 -0.00268435936400707 0.0230149225541708 0.0593224258222297 0.0737666756400746 0.0825851711510102 0.0844475672896873 0.0823230788842861 0.0754428505805634 0.0675502151676068 0.074792087547156 0.0921841930839218 0.154891324336172 0.332601237569948 0.623215246356982 0.41220474941737 0.0922074425596849 -0.0959649116640771 -0.175177420000595 -0.191960354841023 -0.198645063486126 -0.205221237521848 -0.19981707376919 -0.206945730695731 -0.21841626835629 -0.211714667145313 -0.190760492179256 -0.159854803795607 -0.125996055117358 -0.101584450598774 -0.0954154116789234 -0.133215679259287 -0.172621168064302 -0.173330398360174
-9999 -9999 -9999 -9999 -9999 -9999 -9999 -9999 -9999 -9999 -9999 -9999 -9999 -9999 -9999 -9999 -9999 -9999 -9999 -9999 0.113879815737466 0.0582740004616273 0.00582652847178478 -0.0105517859324394 0.0127594710854971 0.043476299753007 0.0680883658078134 0.079570602373161 0.0860333110469528 0.0847056819901144 0.0752661572369028 0.0710272661328739 0.0742322209036615 0.0844143730949768 0.103257685777449 0.262719928866118 0.582074823713312 0.467843986109856 0.170425289025413 -0.0392746031359513 -0.104425389649864 -0.128033865795301 -0.166295385740886 -0.19220202254442 -0.211076520473782 -0.214640422061922 -0.209207373971186 -0.198570845594297 -0.181912593625458 -0.158807077594883 -0.139997845596569 -0.131293037554125 -0.171575715543278 -0.22538507978461 -0.223472474593916
-9999 -9999 -9999 -9999 -9999 -9999 -9999 -9999 -9999 -9999 -9999 -9999 -9999 -9999 -9999 -9999 -9999 -9999 -9999 -9999 -9999 -9999 0.115510438476376 0.121106561285488 0.0391983501752292 0.0197462351438892 0.0469737095430653 0.0647429782778245 0.078487679035186 0.0838203376671686 0.0841436214445729 0.0775544236877022 0.0672633413848235 0.072616214084733 0.08134509405794 0.0899937189996542 0.152740162930537 0.392136952071307 0.458692841254059 0.193758586978926 0.0375005439506245 -0.0848850705598402 -0.138384212284551 -0.174934856794205 -0.18069881223127 -0.190223217569252 -0.196052346428641 -0.191387579220027 -0.199149746401773 -0.198027103270376 -0.170856667492611 -0.17425504267469 -0.208019272242464 -0.249075474081008 -0.25520916509054
-9999 -9999 -9999 -9999 -9999 -9999 -9999 -9999 -9999 -9999 -9999 -9999 -9999 -9999 -9999 -9999 -9999 -9999 -9999 -9999 -9999 -9999 -9999 -9999 0.12682399379107 0.0831468272190817 0.018031775306902 0.0201672936608572 0.0551689053630603 0.0703127604674422 0.0791762019400942 0.0826380273802606 0.0748782719174245 0.066797109987549 0.0722102329018278 0.0789213626619992 0.083557986578499 0.13003706399306 0.381438446197642 0.494559011862714 0.34546284530731 0.123150863424897 -0.00743347122194826 -0.0669522449173732 -0.116080914222592 -0.147795045587755 -0.166945205317027 -0.172395058992959 -0.188507424960455 -0.194403487366517 -0.187928149934177 -0.197823181788785 -0.237831361543136 -0.275503907054464 -0.280476179746836
-9999 -9999 -9999 -9999 -9999 -9999 -9999 -9999 -9999 -9999 -9999 -9999 -9999 -9999 -9999 -9999 -9999 -9999 -9999 -9999 -9999 -9999 -9999 -9999 -9999 -9999 0.19552448378318 0.00327428270664193 -0.00328216936604048 0.0357277404140176 0.0563735114045003 0.0692982436817059 0.0788563980582312 0.0772399810742295 0.0717828972668471 0.0716629248687958 0.081012175281562 0.0839011109328626 0.114391817076846 0.290773810557548 0.575247913838555 0.34339903311334 0.122769129338653 0.0471435193778638 -0.0235145672956756 -0.0885773888402583 -0.117651849892899 -0.138858093429583 -0.137741527013825 -0.163907651184596 -0.184921598279535 -0.200550424085219 -0.255843892551024 -0.297588093011972 -0.303636502247342
-9999 -9999 -9999 -9999 -9999 -9999 -9999 -9999 -9999 -9999 -9999 -9999 -9999 -9999 -9999 -9999 -9999 -9999 -9999 -9999 -9999 -9999 -9999 -9999 -9999 -9999 0.134485759690085 0.153468023623307 -0.000179932046298514 0.00104936428805569 0.0204928316638756 0.0416934535441981 0.0569911747476486 0.0707555868965645 0.0758595662929755 0.0720310321025726 0.0695570620745067 0.0690523674438885 0.0792400333150692 0.166076577545605 0.551526139539212 0.548551898683753 0.247836249810541 0.108250094065051 0.0151464601982683 -0.0501026235347081 -0.0790674411777068 -0.120819941737197 -0.126935536647117 -0.160406816214978 -0.197008548106655 -0.229531062255123 -0.278903698197008 -0.305249021599587 -0.30802271364483
-9999 -9999 -9999 -9999 -9999 -9999 -9999 -9999 -9999 -9999 -9999 -9999 -9999 -9999 -9999 -9999 -9999 -9999 -9999 -9999 -9999 -9999 -9999 -9999 -9999 -9999 -9999 -9999 0.12262901667649 0.0477176840963934 0.0417651710052687 0.061858668932263 0.0537178509788883 0.0528867615904228 0.0553220146582729 0.0626190148712978 0.0563254032270119 0.0535842965337868 0.0522587997433222 0.0984016870461151 0.414068906392266 0.64529035828395 0.377184864362828 0.145577662150085 0.0235319666892749 -0.0399201441179045 -0.0658716235259129 -0.102174894833096 -0.13817991917309 -0.184036475619972 -0.226497168243019 -0.264650270662982 -0.290951339607115 -0.308223625863769 -0.30599294143671
-9999 -9999 -9999 -9999 -9999 -9999 -9999 -9999 -9999 -9999 -9999 -9999 -9999 -9999 -9999 -9999 -9999 -9999 -9999 -9999 -9999 -9999 -9999 -9999 -9999 -9999 -9999 -9999 0.156671252256232 0.10384812180172 0.0968130722476082 0.0559313413286306 0.051923289113975 0.0482932436003923 0.0472363970086028 0.0432579975560143 0.0379863526202676 0.0345275283140797 0.0315129017989436 0.0482262397214935 0.289194918201056 0.681822949718353 0.553481130581462 0.200846746261322 0.000677516077873974 -0.0467406867561995 -0.070229581305615 -0.116309795098229 -0.156124082744072 -0.20298214823206 -0.255063129128527 -0.284984846157292 -0.287896359186473 -0.285420069545533 -0.271918076704652
-9999 -9999 -9999 -9999 -9999 -9999 -9999 -9999 -9999 -9999 -9999 -9999 -9999 -9999 -9999 -9999 -9999 -9999 -9999 -9999 -9999 -9999 -9999 -9999 -9999 -9999 -9999 -9999 -9999 0.127252057693759 0.142096397230332 0.0524133481120401 0.0323012208092143 0.0404605734963036 0.0468586339999677 0.0376271164756173 0.0224516779848954 0.0175952822834394 0.0156249608589236 0.00436237432642483 0.174739453236569 0.618494532897012 0.725360044823577 0.333881339323324 0.0269404087512378 -0.06458844525591 -0.0533687124797473 -0.124274139924444 -0.172501118541382 -0.215003983657889 -0.260924824381102 -0.289095393997991 -0.28173001760731 -0.231626862261713 -0.200796852450087
-9999 -9999 -9999 -9999 -9999 -9999 -9999 -9999 -9999 -9999 -9999 -9999 -9999 -9999 -9999 -9999 -9999 -9999 -9999 -9999 -9999 -9999 -9999 -9999 -9999 -9999 -9999 -9999 -9999 0.120469523111754 0.15538669720502 0.0637678027098628 0.0172687814194954 0.0399179469756062 0.0533445236047679 0.0415478832336515 0.0181017214433161 0.00766588226488096 0.00135075527653072 -0.00972660492129118 0.113937223222305 0.572657834241171 0.80143628627443 0.448331505919093 0.0961794633710148 -0.0553925571462136 -0.122450563658028 -0.148449005056925 -0.162222172435519 -0.188137954979449 -0.243277330910966 -0.268749802633102 -0.268614728636809 -0.210750955742512 -0.174598554579871
-9999 -9999 -9999 -9999 -9999 -9999 -9999 -9999 -9999 -9999 -9999 -9999 -9999 -9999 -9999 -9999 -9999 -9999 -9999 -9999 -9999 -9999 -9999 -9999 -9999 -9999 -9999 -9999 -9999 0.116491233608094 0.162260450357624 0.0789515572887607 0.0119427188951324 0.0547776717337582 0.067162267236374 0.0483021321465472 0.0193547416639587 0.00641212811216663 0.00463843878759695 -0.0116653144043608 0.0784299696141025 0.503166217679494 0.83731948274348 0.471157248687359 0.11532841827554 -0.0166083012844241 -0.0754075146082975 -0.163663117001939 -0.16229745823589 -0.159337816921049 -0.214276013005305 -0.243618137241878 -0.238390045340286 -0.182915293847493 -0.143456847250229
-9999 -9999 -9999 -9999 -9999 -9999 -9999 -9999 -9999 -9999 -9999 -9999 -9999 -9999 -9999 -9999 -9999 -9999 -9999 -9999 -9999 -9999 -9999 -9999 -9999 -9999 -9999 -9999 -9999 0.11649498495623 0.152979722825964 0.0398549173859085 0.0118943539797717 0.0549832508868484 0.0680508724189698 0.0561421919730378 0.0311458027661251 0.0154485593884864 0.00771774762735689 -0.0101491847373374 0.0899937839617186 0.539576952970831 0.812118579283328 0.456933007966063 0.12155673220033 0.016126579719972 -0.0297426886023063 -0.105602160837369 -0.155680452107556 -0.174345111094275 -0.180176151846226 -0.186815282527965 -0.174282961653374 -0.143755463736861 -0.120848367640071
-9999 -9999 -9999 -9999 -9999 -9999 -9999 -9999 -9999 -9999 -9999 -9999 -9999 -9999 -9999 -9999 -9999 -9999 -9999 -9999 -9999 -9999 -9999 -9999 -9999 -9999 -9999 -9999 -9999 0.118923424362951 0.127250810035005 0.00942475027137768 0.0169335563196643 0.0567699548814298 0.0684231608999264 0.0583654102245557 0.0420824763140902 0.0230809599373851 0.0158412416317374 -0.00314532976707099 0.112867721493279 0.567870679592811 0.777710676920222 0.383528919991715 0.0838611324571488 0.030121069075827 0.00892639223538388 -0.0338846549295521 -0.0847323276353816 -0.123962051925786 -0.136223675800931 -0.0891657393127464 -0.107529481882058 -0.108665089226983 -0.0870083103966857
