meets/meet004/_saidas_enm/CCSM_Maha_6k_Aralia_warmingiana4.asc
NCOLS 154 
NROWS 168 
XLLCORNER -112 
YLLCORNER -55.5 
CELLSIZE 0.5 
NODATA_value -9999 
[rows 50 to 74 of 168, columns 56 to 111 of 154]
-9999 -9999 -9999 -9999 -9999 -9999 -9999 -9999 -9999 -9999 -9999 -9999 -9999 -405.717832549161 -190.400752404024 -85.5635544520487 -53.1908135916651 -42.8034121537928 -35.2977889099316 -22.6528941437195 -10.0023880418066 -4.93371997397734 -10.2833833932685 -17.9702000647364 -24.1520050171093 -33.0687622224829 -44.4588438286761 -63.5298752172449 -82.1794780403544 -105.308840691562 -123.633223434856 -108.832702672538 -86.4890764076707 -54.8359576822146 -24.4161200849508 -13.0604735309249 -8.53260019187838 -13.0571975826658 -19.3469028571377 -22.2493602095961 -23.7765314782547 -24.3528019283434 -25.9460807421603 -32.8860029190491 -43.4551994223207 -48.725110126259 -32.6633988737234 -23.6090329161645 -16.288857143462 -10.9752162186948 -13.8482865670514 -15.2659932982005 -17.8742879071145 -20.4204168395152 -22.6619918253145 -21.50633209916
-9999 -9999 -9999 -9999 -9999 -9999 -9999 -9999 -9999 -9999 -9999 -9999 -9999 -222.222141021291 -113.755247088026 -57.6890611035918 -35.747735356302 -28.746654431876 -22.6578068445495 -14.6614065991722 -6.71932755147321 -5.94492812117815 -11.7249073981621 -19.4372307439128 -27.118493856538 -37.2376506489444 -50.6287538534566 -70.4380771610317 -92.1864722804292 -114.188186090227 -127.787267262617 -113.46309687519 -85.1993493665365 -51.9154567751806 -26.420451233742 -14.0166892225305 -9.51324846672746 -10.4322924897699 -13.7169433564838 -17.3944512619727 -18.4588407833233 -19.7987804784994 -22.9786307622851 -28.9920868867149 -41.5204077079494 -41.0412924397412 -29.2575492934879 -19.7875746095984 -12.8026906841821 -9.3454332312421 -10.8577051841944 -14.9155753234475 -15.8570005950792 -19.1480771896146 -22.6825704215591 -20.0093430357393
-9999 -9999 -9999 -9999 -9999 -9999 -9999 -9999 -9999 -9999 -9999 -312.424778966605 -198.433905196079 -118.440812450717 -70.6632131339786 -37.0061535391844 -24.8202671530482 -19.0865439140259 -15.0314511200163 -11.3113809774643 -9.18445416481658 -11.8923852364701 -18.5867526479281 -27.9937424501285 -39.5359469444543 -53.5035286573853 -74.188529018315 -98.7937878801896 -127.093808747945 -157.930671843627 -173.00619284534 -147.164026949802 -107.937845240798 -64.6913884533597 -31.1607664533355 -15.21386434249 -12.042251433867 -12.5646490170417 -14.8618109460704 -19.0416212956156 -17.3821409943669 -19.0582043660892 -22.5323816891333 -27.2267109390687 -34.1127596743423 -31.1657666245731 -19.8118967489389 -13.1484772283254 -7.79850024954767 -6.60754267461064 -9.7842367172478 -11.9822445475905 -14.4542826882216 -18.8278138078526 -23.323615794849 -19.0761188054807
-9999 -9999 -9999 -9999 -9999 -9999 -9999 -9999 -9999 -9999 -306.159974719782 -174.244184096148 -111.530079852709 -91.0638693062056 -60.213417732706 -36.0358191464885 -23.6406622575714 -19.6062309778204 -17.672855168098 -17.5631056969268 -19.254009452367 -24.7420243747571 -33.5096637348388 -44.5316175249081 -59.7697483453078 -80.2558008391136 -106.98818817087 -137.94533757183 -170.464239673183 -197.999073624124 -206.121420070455 -172.960491806057 -123.674800783129 -73.9222438561932 -36.9841673170427 -17.8678754507819 -12.3178005020341 -12.8090655454586 -15.3874799585165 -17.2756339605448 -18.9940985671009 -22.4325472678774 -24.3571765368701 -23.4467937435511 -20.2562644912054 -14.4619395982446 -9.33471303247599 -5.99684260745595 -5.62921705188702 -8.59127746609435 -10.5107336990794 -13.2843184709585 -16.6659343646209 -22.0041316340437 -26.8266981526698 -20.6823928165303
-9999 -9999 -9999 -9999 -9999 -9999 -9999 -9999 -9999 -9999 -165.868193918513 -79.9908885597858 -78.8104314637839 -61.2425911581648 -54.0253687864997 -40.9449166167182 -32.8269429912999 -32.9695297559491 -34.7667347927258 -34.8904523534323 -37.9279279139289 -44.5692249384852 -53.6420643146881 -66.8780160265119 -87.6983828169411 -113.466164999571 -145.732622762684 -181.757277446529 -215.242656811023 -240.145759047902 -243.535053546786 -197.342251158445 -139.353174289737 -85.3281056922826 -44.1289432823333 -21.5904498275209 -14.1463250487878 -10.8324803619056 -11.3554544341347 -13.0037194306079 -13.2847361484634 -16.1731580565081 -15.868329619269 -14.1292105684462 -11.105561751622 -6.5742569714325 -6.14120100420802 -6.49420666937132 -9.12210514340053 -13.072003595875 -15.5073705316599 -20.8793728407703 -25.8418927559658 -31.0708084811246 -37.1312096213602 -26.4699861900305
-9999 -9999 -9999 -9999 -9999 -9999 -9999 -9999 -242.635774559558 -152.837803283942 -72.2826393248044 -37.6468137425434 -54.529411289227 -50.0993463938181 -43.8495755779433 -52.977683058029 -50.800419308104 -51.3204568531752 -55.5414270926261 -58.3488864029408 -63.2647992864628 -70.9218043890366 -80.2492878890911 -94.972060466772 -121.083578386233 -153.88533690334 -190.287372265371 -228.214666760528 -260.45701622662 -275.234574897358 -267.6384042222 -216.461878706788 -155.472483946203 -97.6335170751069 -54.7313626253525 -29.5250776933408 -18.3139339975049 -13.006100864042 -10.8625126128669 -10.7620365226821 -10.8351691530472 -12.5602543135663 -13.221278722679 -11.6917069339897 -10.3756444288062 -9.68459724024489 -11.6285173748934 -15.6871419044267 -20.8800595932181 -26.2983983974866 -30.4268421793994 -35.205141804112 -40.8520660329427 -44.6939164884441 -46.7534878077896 -30.6117212731369
-9999 -9999 -9999 -9999 -9999 -9999 -9999 -9999 -156.827722517795 -79.6523520824375 -26.6924420320974 -15.8244193786922 -32.989198371986 -33.9714322637296 -33.3070659976894 -44.9184402666534 -68.0371407850872 -76.289802933194 -82.766280535495 -90.4933030440322 -101.923153962469 -111.163146781568 -119.076542402117 -135.467474335597 -167.985450411166 -204.337174844539 -217.184400364512 -230.490179601122 -233.109696590636 -228.874273820159 -224.549636966601 -219.081259745689 -169.465533993964 -113.735166172138 -69.5288223999263 -42.980962896922 -29.6170375959073 -20.841085292864 -17.6813756708101 -17.1037556359885 -16.9244653473288 -18.6289925173876 -19.9269012740716 -21.4079772174781 -23.497276396873 -26.7065132414911 -31.5197606588444 -36.6369818253186 -45.5675261163171 -51.6288391692558 -55.4351741879837 -59.6914265057812 -61.1579453434111 -60.3486571354512 -59.8256889621511 -36.0633121863509
-9999 -9999 -9999 -9999 -9999 -9999 -9999 -159.113244263803 -98.2271231814667 -44.9952828637351 -11.4012569560197 -13.1845674433457 -20.4416958178896 -20.3431368063134 -22.5738711337552 -35.9144505178014 -56.4767949637766 -87.9222481330527 -107.479224408375 -124.753295111869 -139.348515333278 -145.743266888127 -156.388966564539 -161.477125958513 -168.149540462102 -178.693516517856 -180.955961579981 -182.282732710046 -183.504568169534 -181.584359080209 -180.395056076288 -175.637934803779 -171.566144060735 -129.005143702422 -88.6951507387971 -63.2966452208259 -47.0686192319584 -37.8163984306723 -33.2075310595199 -31.5168893671942 -31.5921763658951 -34.467242948703 -38.710129383898 -43.6125420757363 -49.8475161017403 -55.8741683722198 -63.7560976140543 -73.3598513531052 -83.618348510131 -91.9051912540597 -95.5685694350328 -95.8571016137194 -90.1972281043495 -83.8366188988345 -77.4409987953378 -42.6753653052975
-9999 -9999 -9999 -9999 -9999 -9999 -9999 -117.002029969348 -55.1986731843563 -17.509164822966 -5.48255022302664 -13.3678984027719 -20.253883911665 -17.9059769061214 -17.5690551517292 -27.5774641881298 -46.5853182297219 -73.5305697491965 -90.6828674479405 -100.735273868702 -112.394445173155 -120.907832336279 -132.331857261217 -133.551267706216 -132.751925935763 -139.147192744648 -139.825396619369 -146.670978426624 -144.947442057126 -137.118472814035 -136.337463723069 -134.32398351022 -138.110959983784 -138.651183901672 -109.453848070092 -85.8377982234986 -70.3986448474946 -60.2535327806008 -56.3097545224514 -56.1599658321202 -57.5519469286484 -63.7817873770033 -70.9984252544052 -80.1865226984795 -92.2532313262296 -103.832502998443 -116.648119810486 -129.659758000722 -144.604451656243 -151.887337691499 -149.863432556248 -139.021746082489 -126.387866805036 -113.541147248166 -98.0245236602946 -55.2143785704241
-9999 -9999 -9999 -9999 -9999 -9999 -136.329149305602 -79.6735744782421 -30.244635035924 -6.91206336651578 -2.39593408166026 -11.3433207605185 -27.6470711832927 -23.4636224488269 -16.2552086031001 -25.1013916460834 -39.6657635527732 -59.7568490138552 -73.8377234571094 -82.1835598181834 -92.6078029217677 -98.494936637613 -103.474588979997 -104.522984467123 -108.508972560131 -110.853297107 -114.010518581039 -113.501036517385 -111.233165103159 -112.302630090884 -110.318464236961 -111.084057663088 -110.936401000477 -111.637894563128 -116.098624684022 -107.573715209116 -96.5505141414421 -90.2797652401056 -88.2609620446725 -91.0311813659567 -97.4771294791748 -106.776842017122 -118.769277920275 -135.291525205925 -140.341258248092 -137.828162531639 -139.415134226679 -140.544625842744 -143.512960007999 -145.159616093105 -143.140539571994 -133.220641258327 -120.280340787837 -103.65733893257 -91.5570870567544 -71.030088509854
-9999 -9999 -9999 -9999 -9999 -9999 -106.375507290909 -52.6551304165372 -17.1631259717735 -3.35682486758395 -2.13220845730749 -11.1261026037384 -26.2172600985716 -19.9057361577803 -15.4284533227681 -21.1523926476622 -35.0817015446403 -50.5260858973755 -59.9498379301702 -64.5874724902019 -69.9822403488671 -74.6377790895591 -79.1642930226939 -79.7372051581212 -80.5320662208905 -83.3068190951323 -84.3056368649562 -85.2324609876307 -84.6877360137972 -84.2531747851912 -85.5401372953787 -85.9649304619268 -88.2400600049576 -90.0481261982079 -92.3211400197971 -95.9630445438427 -99.3128483791981 -104.841619829257 -108.612987259818 -110.04331971872 -113.889210088063 -112.791986407086 -112.041113432297 -112.838334348436 -113.905755337946 -117.853378145493 -120.44380835194 -125.61775034203 -129.701363710771 -129.450222117037 -128.348699535245 -118.877910479321 -108.76677751904 -95.5664501581431 -81.7625840638045 -70.6151404659195
-9999 -9999 -9999 -9999 -9999 -9999 -82.7349805773091 -40.0815151780096 -10.7374237452606 -2.07579872068034 -1.29785607356138 -6.94040618201002 -19.4630438891762 -12.108847521666 -12.499052328475 -19.9469701548759 -30.2613488807943 -42.4744689988794 -49.9436790200779 -54.1982379962838 -57.9365839702423 -60.8758129876911 -63.4716406567738 -63.8102318984089 -66.0451572793394 -67.4023580085588 -67.90928334885 -66.4535420149799 -66.2680380824334 -68.4043618526626 -68.3251697759951 -70.9191368828372 -71.9827206766963 -74.036186575154 -77.5306077018985 -78.7819631954225 -82.7560527123129 -84.590339125397 -88.6734590593489 -93.0287245619052 -95.4860005324683 -97.9692712003182 -95.7178355454953 -95.5533563929813 -99.8586494894217 -105.030879402247 -110.821226729491 -114.126912483824 -116.95037894762 -118.085086733908 -115.044393133422 -108.419725627724 -98.1272892873591 -85.3942384259007 -75.7787557012689 -64.8138791862596
-9999 -9999 -9999 -9999 -9999 -9999 -9999 -28.9801892010259 -7.6834861622833 -0.755730327455268 -1.23418209769805 -3.87081001567537 -10.9623986830291 -8.45576453821363 -9.28839685865446 -16.7999425835243 -25.5762932527726 -34.793413374876 -40.6649120272253 -44.0465391907644 -46.6149845910346 -48.9387006857671 -50.3073597961717 -50.7293924924975 -51.1236170335209 -52.0980704779604 -51.324237524894 -50.7895383697463 -49.9406360455564 -50.8561589792106 -52.6539087453425 -53.9065427270812 -56.3211320379489 -58.0080946264669 -59.6974275620918 -62.7906586681394 -64.9460953573191 -68.537829777887 -71.8707677125518 -74.0934544346 -78.2560997370248 -78.7552870215076 -79.4012663977388 -78.457952678089 -83.0647959491569 -89.4764429743902 -91.1238241396691 -94.4404391131901 -96.3914259486147 -95.8426626621137 -94.1650440667401 -87.736256438523 -81.3184127273846 -73.3943992764808 -66.6330672653432 -60.5178435734657
-9999 -9999 -9999 -9999 -9999 -9999 -9999 -9999 -6.28071567015115 -0.377619562942605 -1.43531568748353 -2.32924039259394 -7.2388035425063 -6.99905805807695 -9.06757296098247 -14.7749477778866 -21.9037632523469 -30.2312117411533 -35.2054285230918 -37.4645494820954 -39.5829352466026 -40.6802083702247 -41.1812963322188 -41.4033494384807 -41.7382647396584 -41.3071346874034 -40.8931205524754 -39.7118312353829 -38.6531903378243 -40.4598890256761 -41.3441371435178 -43.4171373974414 -44.8448331795136 -46.7059174131957 -49.5043506801059 -52.2382177541854 -55.1755929084873 -58.2005473785822 -62.0312510136558 -64.9953408874571 -67.5907123907266 -69.1035588110636 -69.1559887520169 -68.4369537264393 -71.9859887918361 -74.9887404695799 -78.1181999012738 -79.1858074446959 -81.8640088520339 -83.4839794717208 -82.016320646626 -77.0436271518033 -70.6926244310641 -63.2805541508246 -59.389049417483 -55.5427900965338
-9999 -9999 -9999 -9999 -9999 -9999 -21.3002293236646 -7.58755272209125 -0.445293481219472 -0.924354581070502 -1.79535076359348 -2.17418550075089 -6.13273090813527 -6.79380531572416 -8.07079975934118 -12.9814335038388 -19.8668612757631 -26.6843361664772 -30.484301074143 -31.7305810333094 -32.3808630137006 -32.718011486044 -33.1305675770294 -33.0118076000662 -32.4008717731833 -32.0821329044309 -31.3451715697097 -30.732751806859 -29.9790679660664 -30.4017081501417 -31.734658377161 -32.9444239393049 -34.6387011940042 -36.0533869723796 -37.7383480434247 -40.5077219576383 -42.975892422908 -46.7658184576916 -50.1867370775014 -52.4346166421487 -55.1616794603274 -55.3844445645494 -55.5266123911538 -55.2738561640984 -60.1200647700455 -66.0682815324935 -69.6554791621659 -72.8616699722448 -75.1468316830383 -75.9317365024415 -75.6279823026664 -70.9516383198029 -65.5243727868089 -58.667123253019 -52.2759463275688 -47.0404600556681
-9999 -9999 -9999 -9999 -9999 -26.6251005128912 -8.0986321275743 -1.6363756761456 -1.99552278550311 -1.30795821505612 -1.60895672199814 -2.2624580571292 -6.05186104992557 -7.78736109783048 -8.4120989927763 -12.2342013822027 -18.2851115230342 -23.5867522981938 -26.7262645836316 -28.3786428398172 -28.2230560648883 -28.8228928986396 -27.4982770269727 -26.8961657203159 -26.9521133461953 -26.2789290620515 -26.0934847744862 -25.0946918619099 -24.3422409995282 -24.4617126659257 -24.9512523486354 -26.4582227582144 -27.2794762805002 -28.1729145231246 -30.1321441305318 -31.0689530436083 -34.4065890225089 -37.4964217146012 -40.7098655296911 -43.7654526788386 -46.8071734441746 -48.2190715915942 -48.4280310188458 -50.0506088870229 -55.4040482522689 -61.9095671297435 -64.811159251541 -66.6241468668812 -68.4998215085498 -70.4408595516309 -71.0841374110864 -65.7996258943701 -60.7887328731307 -54.3868290481865 -48.51281635118 -41.9348499104398
-9999 -9999 -9999 -9999 -9999 -10.3657553023034 -2.08617352920923 -0.785113695689641 -2.07497974904857 -3.56628150014564 -2.92710306405591 -3.37713993759523 -5.23407910274463 -8.39965197813914 -8.69351212269433 -13.1712215102069 -17.474714915609 -21.4757710275179 -23.8449484485286 -23.6668278002389 -23.6251234328601 -23.5711784601662 -23.2058317681505 -22.8261322948922 -21.8773722704474 -21.3983650527213 -20.7618699963836 -20.1648177365827 -19.7013408375508 -19.3111049562091 -19.8191685758275 -20.7889576676729 -21.9753976779564 -22.9982115498424 -24.1426613470107 -25.9703060963268 -28.3547750727001 -31.6176195296379 -35.2528788007516 -37.7625165678704 -40.7094233642033 -42.5404794461782 -44.5758749650913 -46.3194040367012 -49.5701510234528 -54.6487589176538 -57.7434155094749 -60.0686441134216 -61.7890958739778 -62.6047873161693 -62.3016860254201 -59.3134245677168 -55.4559218380017 -50.6722582271473 -46.2106083810588 -42.4478934456365
-9999 -9999 -9999 -9999 -9999 -9999 -0.492371744999706 -0.828331747149152 -2.57314422322704 -4.71050563702791 -5.91306603655422 -4.79865589722368 -5.02199087277031 -6.91811381869319 -8.00116849775878 -13.0227043136099 -15.1214850125499 -18.3697877304885 -19.1713473525192 -18.8338431064125 -19.0969664624688 -18.7362241828019 -18.482865088123 -17.9244336121527 -17.0206068146911 -16.9056148189515 -16.176984901407 -15.7189886163311 -15.432408633921 -15.4970099198942 -16.3025590338996 -16.3902779084451 -17.6947354086467 -18.326494590822 -18.9781436587904 -20.819894529481 -23.6263888850855 -26.5771518812208 -29.3360628256446 -31.5800490342359 -34.9796304768298 -36.8679504869816 -39.7729151780002 -41.7197034624084 -42.3077793784943 -47.5234947904645 -50.0301201016462 -52.6834243062772 -54.3888229289837 -55.2007849553463 -54.9949542566714 -53.0131335529561 -50.6978070234466 -47.5603787409477 -45.2016620769513 -43.38435106825
-9999 -9999 -9999 -9999 -9999 -9999 -2.55614693432917 -1.49891600193812 -4.68571612449191 -5.33241039946022 -8.46676837064146 -8.65959342623952 -7.87276750505014 -5.51467909503536 -5.64934122315609 -8.62398444393353 -12.3310809530488 -16.2829396831593 -16.6321113001006 -15.9545977708645 -15.4366604821559 -14.9927335025055 -13.9806839811248 -13.3488432984177 -12.8846435645284 -12.7384789377205 -12.3270613205717 -11.9239626206295 -12.0444216997008 -12.4217890853667 -13.1734087513814 -13.6767723087259 -14.3909302587408 -15.507180433665 -17.0434155679866 -18.4440957980761 -20.1451261748112 -22.5543942483719 -24.8781709162842 -26.8561779115948 -29.2471947744402 -31.4459379830482 -33.8837960651552 -35.5770583398581 -36.2845850281634 -39.2141798039844 -42.3700230620853 -45.2299656646836 -47.3405233739092 -48.8298140521043 -49.6352129233131 -48.2545023569094 -47.0875826695698 -45.5581656490736 -44.5207368821507 -44.0127250454227
-9999 -9999 -9999 -9999 -9999 -9999 -13.334126792552 -3.24222690263894 -6.26621344489108 -6.87880763876868 -12.7058660819926 -15.7349240554439 -18.9274745658248 -14.3354425744317 -8.66619463313292 -7.66048462272446 -9.75650094152651 -14.724930996991 -15.0349588977597 -13.0737454570378 -12.6420661435139 -11.4474663097526 -10.7661221571567 -9.93634655515848 -9.23610118032657 -9.476632691479 -8.95290371013403 -8.94976107263694 -9.17163897357094 -9.47641104425872 -10.7779207015541 -11.0368990477616 -12.0796425024921 -13.0983103901121 -14.4568761885872 -15.665817578991 -16.4960262032128 -19.0532498080208 -20.8247700230911 -21.6348441778888 -24.0863517859501 -25.2694797606141 -27.7347924559286 -29.2390640479737 -29.4287967698516 -31.5989400947373 -34.2453391020359 -37.7441498263243 -40.1949806517593 -41.9647057475124 -44.2355529711666 -42.7021970125837 -42.8067953842137 -42.2480923483182 -42.0436028689718 -43.5043926482254
-9999 -9999 -9999 -9999 -9999 -9999 -9999 -9999 -9.38810194448568 -9.64620589049966 -10.6096998115859 -19.0782799044439 -29.1436177057243 -23.8032734861564 -13.8764222329456 -7.31925111838573 -8.2904188052101 -14.0061710342093 -14.9269132018267 -11.6421380498156 -9.80828879835012 -9.37114549378665 -9.20451326592923 -8.61937219812089 -7.81765420995409 -7.48890048657085 -7.33973872001437 -7.20123798770466 -7.35281174270825 -7.86586552310412 -9.12336988735038 -9.85698996198898 -10.7518180691804 -11.9291950255798 -13.3354405545874 -14.7038519286421 -15.5529686140321 -16.7230160872325 -17.8240224183165 -18.8579554307123 -20.0759829127409 -21.3199272499822 -22.7258602006856 -23.8083828193518 -24.4967057675603 -25.2487657531675 -27.9482269064082 -30.7045991332845 -33.126475770405 -35.4338348324968 -37.1155692878842 -36.9767655715423 -37.0872197268228 -37.4300602714531 -38.2026210472302 -39.771362726408
-9999 -9999 -9999 -9999 -9999 -9999 -9999 -9999 -21.9229969238975 -11.3222850207311 -8.7217751114351 -21.8535305083246 -44.631317539145 -38.1119914024595 -20.8629018199231 -9.05117944999022 -5.50451596769488 -11.7974301096907 -13.2166424998316 -8.83339283895582 -7.8410794124331 -7.59013815949617 -8.47668969141488 -8.12620029494821 -6.63766795955784 -6.48908346006298 -6.36735326066478 -6.55650972523746 -6.74306682872373 -6.75213994663054 -7.70464946840751 -8.42609078184471 -9.66893438189355 -10.7946058370027 -11.8936310064753 -14.0953239368803 -14.2709562339953 -15.16108974389 -15.5755538365402 -15.7110527115418 -16.7776424869824 -17.0146788516451 -18.1909659919696 -18.953509043631 -19.1532701553589 -20.3884631279588 -21.6760520866357 -24.2250085552883 -26.3666556704957 -28.4673169128662 -30.3662814320512 -30.0221967349695 -30.4653501898558 -31.1123371800936 -32.2865235586464 -34.9288818060229
-9999 -9999 -9999 -9999 -9999 -9999 -9999 -9999 -9999 -9.50068178157285 -5.8765861410171 -19.9934318758948 -61.8627768804295 -57.5695932692186 -30.1140195548355 -8.70008543237485 -3.4736295219909 -8.14603925273142 -10.2303834661639 -7.83072321404888 -6.34050223308746 -6.81882235854177 -8.06899305823165 -8.01416506288536 -6.88021563119362 -6.21494367493615 -6.18781674174052 -6.32162026981863 -6.6200993790991 -6.7982190230142 -7.36562390634639 -8.16167335267973 -9.07261529053812 -9.87230447049545 -10.885928634693 -12.7682748586162 -14.0223874840032 -14.6667615064988 -14.5630229543165 -14.5035338366648 -14.4902323664364 -14.5987959802167 -14.7208461149508 -14.9901455683878 -15.5297138901455 -16.3042677920109 -17.9360681108831 -19.826969675616 -21.5194803604342 -23.1452921793258 -24.4980552382567 -24.8906346694191 -24.3050470304221 -24.9944113559041 -26.9710527668281 -29.3718454092989
-9999 -9999 -9999 -9999 -9999 -9999 -9999 -9999 -9999 -9999 -9.92896407116894 -27.2938520781288 -69.1350015990844 -67.1655456937516 -37.4936271460534 -9.31508229654388 -1.48932722156921 -5.0502435028296 -6.80856116951238 -5.59726803290834 -5.04973969846483 -5.68940205173941 -7.51201221622285 -7.99338429970426 -6.65563364105492 -6.29326034225508 -6.3668101405975 -6.54794448318987 -6.83358621501991 -6.87621546325144 -7.53434617011414 -8.29899441939699 -9.40365529720711 -10.1362332193449 -10.5445846111864 -11.3466574957444 -12.1602877782097 -13.3754408049017 -14.2305742145314 -13.3042447994493 -12.8160961120694 -12.3763002831255 -12.3282579477977 -12.2721096893923 -12.1933510750518 -12.8890461673117 -14.5815417881478 -17.1393312555087 -19.2127620148026 -20.9801818632262 -22.6805979490635 -23.1966381846261 -23.488600036205 -22.5073291614769 -22.2762781420709 -24.4943044979405
-9999 -9999 -9999 -9999 -9999 -9999 -9999 -9999 -9999 -9999 -9999 -41.7834414796509 -64.6928463717618 -61.8404119869869 -38.3835202516054 -10.9336868613695 -1.00162478086058 -0.310185996105405 -4.22280512309078 -3.89937241115853 -4.15901469832298 -5.01765455897825 -6.5667409736164 -7.31427194658689 -6.80352119978057 -6.72918261519891 -6.75677061163804 -6.90523692018236 -7.2374700822433 -7.23456134609782 -7.98049679862882 -8.70194949404163 -9.64474051517017 -10.5693188866617 -10.8507449159934 -11.6984576587974 -12.0158082843219 -12.5879850312535 -12.944888761595 -13.0246243870677 -12.3500159001668 -11.2713367909463 -10.6786339677151 -10.2443855860881 -10.0436538169178 -10.7462968433424 -12.0225578228339 -13.989878194878 -16.1764755086357 -18.4766120429232 -20.7548860265911 -21.8354444886636 -22.3809443803967 -21.5840052936164 -19.9304480659839 -21.3605276581396
