meets/meet004/_saidas_enm/CCSM_Maxent_21k_Aralia_warmingiana3.asc
NCOLS 154 
NROWS 168 
XLLCORNER -112 
YLLCORNER -55.5 
CELLSIZE 0.5 
NODATA_value -9999 
[rows 100 to 124 of 168, columns 56 to 111 of 154]
-9999 -9999 -9999 -9999 -9999 -9999 -9999 -9999 -9999 -9999 -9999 -9999 -9999 -9999 -9999 -9999 -9999 -9999 -9999 -9999 -9999 -9999 -9999 -9999 -9999 -9999 -9999 -9999 0.307285636663437 0.256563454866409 0.145466446876526 0.059215135872364 0.049101572483778 0.0475781373679638 0.0591268725693226 0.0473485365509987 0.0357420183718204 0.0367103070020676 0.066719226539135 0.117150187492371 0.147443383932114 0.238172143697739 0.385371088981628 0.473926961421967 0.480533182621002 0.474399656057358 0.559154391288757 0.694264590740204 0.680237054824829 0.679489195346832 0.69299703836441 0.69062465429306 0.682842910289764 0.676442801952362 0.653785347938538 0.624268174171448
-9999 -9999 -9999 -9999 -9999 -9999 -9999 -9999 -9999 -9999 -9999 -9999 -9999 -9999 -9999 -9999 -9999 -9999 -9999 -9999 -9999 -9999 -9999 -9999 -9999 -9999 -9999 -9999 0.306741803884506 0.257669597864151 0.112440876662731 0.0568775050342083 0.0544758774340153 0.0531755834817886 0.056196179240942 0.044169045984745 0.0353761538863182 0.03841657564044 0.0754918977618217 0.138180255889893 0.157254993915558 0.257266283035278 0.393999248743057 0.431645214557648 0.442119210958481 0.443465709686279 0.57785165309906 0.635414898395538 0.617920577526093 0.661566436290741 0.710244953632355 0.702304363250732 0.694539546966553 0.680817842483521 0.652793824672699 0.60818749666214
-9999 -9999 -9999 -9999 -9999 -9999 -9999 -9999 -9999 -9999 -9999 -9999 -9999 -9999 -9999 -9999 -9999 -9999 -9999 -9999 -9999 -9999 -9999 -9999 -9999 -9999 -9999 0.2934949696064 0.308397173881531 0.287504732608795 0.132679834961891 0.0620293840765953 0.0562524534761906 0.0501681677997112 0.0492579527199268 0.0388328284025192 0.0372132062911987 0.0463999174535275 0.0954304486513138 0.155630692839622 0.183256030082703 0.286137342453003 0.454758793115616 0.481241762638092 0.407491892576218 0.406597018241882 0.561191260814667 0.626859903335571 0.610698997974396 0.640395998954773 0.672968506813049 0.688414692878723 0.697034358978271 0.691718518733978 0.656861364841461 0.616592884063721
-9999 -9999 -9999 -9999 -9999 -9999 -9999 -9999 -9999 -9999 -9999 -9999 -9999 -9999 -9999 -9999 -9999 -9999 -9999 -9999 -9999 -9999 -9999 -9999 -9999 -9999 -9999 0.276123106479645 0.328487306833267 0.30839928984642 0.131878435611725 0.0609830804169178 0.0537568777799606 0.0456347987055779 0.0401032157242298 0.0361266098916531 0.0378928445279598 0.0555278062820435 0.108921326696873 0.139921635389328 0.18607822060585 0.298276662826538 0.457903802394867 0.480832874774933 0.387010425329208 0.375466287136078 0.493636786937714 0.613609492778778 0.609305918216705 0.62497889995575 0.634751498699188 0.648901402950287 0.661939918994904 0.665278375148773 0.645645916461945 0.611891329288483
-9999 -9999 -9999 -9999 -9999 -9999 -9999 -9999 -9999 -9999 -9999 -9999 -9999 -9999 -9999 -9999 -9999 -9999 -9999 -9999 -9999 -9999 -9999 -9999 -9999 -9999 -9999 0.291029304265976 0.315326035022736 0.315711438655853 0.136038228869438 0.0634098127484322 0.0505164675414562 0.03826067969203 0.0314049422740936 0.0303723532706499 0.0384528301656246 0.0613167136907578 0.0687187239527702 0.110123418271542 0.165463656187057 0.253409951925278 0.35527691245079 0.378143489360809 0.361073791980743 0.351008176803589 0.416546702384949 0.552431344985962 0.586061775684357 0.582571268081665 0.576563000679016 0.590451002120972 0.600700199604034 0.596604824066162 0.590556144714355 0.570611894130707
-9999 -9999 -9999 -9999 -9999 -9999 -9999 -9999 -9999 -9999 -9999 -9999 -9999 -9999 -9999 -9999 -9999 -9999 -9999 -9999 -9999 -9999 -9999 -9999 -9999 -9999 -9999 0.28159087896347 0.265235036611557 0.306138902902603 0.109577819705009 0.0577281080186367 0.044922549277544 0.0337509661912918 0.0261842012405396 0.0261560063809156 0.034932192414999 0.0374058187007904 0.0584217086434364 0.109522148966789 0.172041207551956 0.238929569721222 0.308382630348206 0.345164477825165 0.337910562753677 0.325071215629578 0.425587266683578 0.510874330997467 0.54321414232254 0.536535084247589 0.528087019920349 0.537007689476013 0.523774862289429 0.513248205184937 0.526167631149292 0.517225027084351
-9999 -9999 -9999 -9999 -9999 -9999 -9999 -9999 -9999 -9999 -9999 -9999 -9999 -9999 -9999 -9999 -9999 -9999 -9999 -9999 -9999 -9999 -9999 -9999 -9999 -9999 -9999 0.26655101776123 0.214380592107773 0.262588828802109 0.0825884416699409 0.0511766187846661 0.0416070558130741 0.0283549893647432 0.0225158147513866 0.019198389723897 0.0284174494445324 0.0303305108100176 0.0655816197395325 0.111948989331722 0.169383451342583 0.235484316945076 0.29480054974556 0.323310285806656 0.337501555681229 0.419562429189682 0.455100923776627 0.51253741979599 0.514361083507538 0.500428140163422 0.486579746007919 0.492056488990784 0.491581857204437 0.479512572288513 0.483391404151917 0.497430354356766
-9999 -9999 -9999 -9999 -9999 -9999 -9999 -9999 -9999 -9999 -9999 -9999 -9999 -9999 -9999 -9999 -9999 -9999 -9999 -9999 -9999 -9999 -9999 -9999 -9999 -9999 -9999 0.22784335911274 0.170430392026901 0.183778673410416 0.0714676305651665 0.0505923703312874 0.0388509295880795 0.0269173625856638 0.0174427293241024 0.0144786648452282 0.0235904771834612 0.029515603557229 0.0639292746782303 0.115918509662151 0.169645756483078 0.229104489088058 0.27684810757637 0.302237212657928 0.300481855869293 0.36788073182106 0.404246300458908 0.462405890226364 0.477217495441437 0.463433653116226 0.438656598329544 0.445231676101685 0.442271023988724 0.440203487873077 0.45420429110527 0.459511190652847
-9999 -9999 -9999 -9999 -9999 -9999 -9999 -9999 -9999 -9999 -9999 -9999 -9999 -9999 -9999 -9999 -9999 -9999 -9999 -9999 -9999 -9999 -9999 -9999 -9999 -9999 -9999 0.199536189436913 0.15168696641922 0.130536690354347 0.0686550810933113 0.0523358844220638 0.0420996733009815 0.0276647843420506 0.015888124704361 0.0107059497386217 0.0214422345161438 0.0363967679440975 0.0631295964121819 0.116280622780323 0.174517557024956 0.223958611488342 0.262581199407578 0.28346511721611 0.282949805259705 0.278680205345154 0.288852661848068 0.331492394208908 0.392394363880157 0.416490614414215 0.40303173661232 0.399147570133209 0.394447296857834 0.395055383443832 0.413173854351044 0.418900907039642
-9999 -9999 -9999 -9999 -9999 -9999 -9999 -9999 -9999 -9999 -9999 -9999 -9999 -9999 -9999 -9999 -9999 -9999 -9999 -9999 -9999 -9999 -9999 -9999 -9999 -9999 -9999 0.166245013475418 0.129257321357727 0.110085859894753 0.0590598583221436 0.0542519651353359 0.0518185272812843 0.03194884583354 0.0159717481583357 0.0128612462431192 0.0298540350049734 0.0625451654195786 0.0896194577217102 0.119276411831379 0.173742115497589 0.218201771378517 0.248032256960869 0.26526090502739 0.264350473880768 0.256139904260635 0.241623967885971 0.256582528352737 0.309099674224854 0.362646609544754 0.363626480102539 0.36122390627861 0.35591396689415 0.358039557933807 0.376652538776398 0.38364976644516
-9999 -9999 -9999 -9999 -9999 -9999 -9999 -9999 -9999 -9999 -9999 -9999 -9999 -9999 -9999 -9999 -9999 -9999 -9999 -9999 -9999 -9999 -9999 -9999 -9999 -9999 0.10261981934309 0.117422826588154 0.105330035090446 0.103539764881134 0.0414552986621857 0.0440589115023613 0.0642181932926178 0.0441853068768978 0.0238745305687189 0.0164694283157587 0.0349444411695004 0.083465687930584 0.164364174008369 0.161857113242149 0.175560176372528 0.206669867038727 0.231891453266144 0.243463441729546 0.234542846679688 0.228353410959244 0.211088344454765 0.229031726717949 0.266795694828033 0.29217666387558 0.308706670999527 0.320699065923691 0.316515922546387 0.329302579164505 0.346360713243484 0.350399345159531
-9999 -9999 -9999 -9999 -9999 -9999 -9999 -9999 -9999 -9999 -9999 -9999 -9999 -9999 -9999 -9999 -9999 -9999 -9999 -9999 -9999 -9999 -9999 -9999 -9999 -9999 0.0835542753338814 0.102612525224686 0.105392806231976 0.0720640793442726 0.0358050540089607 0.0355227962136269 0.0605598129332066 0.0619360506534576 0.0414538346230984 0.0384121015667915 0.0547535568475723 0.112383283674717 0.187451124191284 0.197911560535431 0.175066232681274 0.182236656546593 0.196695044636726 0.204908236861229 0.19881483912468 0.190336182713509 0.186860293149948 0.203601285815239 0.230168238282204 0.252881616353989 0.265727460384369 0.278744399547577 0.284808784723282 0.298712372779846 0.314954251050949 0.321536958217621
-9999 -9999 -9999 -9999 -9999 -9999 -9999 -9999 -9999 -9999 -9999 -9999 -9999 -9999 -9999 -9999 -9999 -9999 -9999 -9999 -9999 -9999 -9999 -9999 -9999 -9999 0.0749756917357445 0.0795839950442314 0.076043389737606 0.0363457463681698 0.0424773432314396 0.0476717725396156 0.0654574111104012 0.0840560644865036 0.07245784252882 0.0623559914529324 0.086827777326107 0.145510315895081 0.196370482444763 0.220884755253792 0.209808617830276 0.194488495588303 0.17322564125061 0.166421055793762 0.171891570091248 0.168016716837883 0.186682015657425 0.18846283853054 0.198686346411705 0.216595679521561 0.23509456217289 0.245517462491989 0.252653628587723 0.266356527805328 0.278407871723175 0.283016085624695
-9999 -9999 -9999 -9999 -9999 -9999 -9999 -9999 -9999 -9999 -9999 -9999 -9999 -9999 -9999 -9999 -9999 -9999 -9999 -9999 -9999 -9999 -9999 -9999 -9999 -9999 0.0727366358041763 0.0475445613265038 0.0457414053380489 0.0278602223843336 0.0525616928935051 0.0578447952866554 0.109650373458862 0.123830214142799 0.0916017889976501 0.081254817545414 0.114395618438721 0.180791169404984 0.214915826916695 0.248293563723564 0.273631691932678 0.248647585511208 0.215739831328392 0.210496932268143 0.231734290719032 0.244004979729652 0.215275123715401 0.178567096590996 0.172088176012039 0.183090314269066 0.200576096773148 0.215295240283012 0.226795002818108 0.241452500224113 0.251867771148682 0.25901785492897
-9999 -9999 -9999 -9999 -9999 -9999 -9999 -9999 -9999 -9999 -9999 -9999 -9999 -9999 -9999 -9999 -9999 -9999 -9999 -9999 -9999 -9999 -9999 -9999 -9999 0.112269401550293 0.0785099938511848 0.0299631990492344 0.0230108983814716 0.0271407309919596 0.0529182553291321 0.0661337226629257 0.171806633472443 0.150143682956696 0.104921527206898 0.0761308223009109 0.130669489502907 0.213979750871658 0.234586670994759 0.261099398136139 0.26815739274025 0.266591995954514 0.252428621053696 0.260303646326065 0.269414514303207 0.27327486872673 0.262214571237564 0.172167390584946 0.14630363881588 0.152339801192284 0.170656874775887 0.188218414783478 0.201517075300217 0.216214373707771 0.226091608405113 0.238688975572586
-9999 -9999 -9999 -9999 -9999 -9999 -9999 -9999 -9999 -9999 -9999 -9999 -9999 -9999 -9999 -9999 -9999 -9999 -9999 -9999 -9999 -9999 -9999 -9999 -9999 0.0942422077059746 0.07410679012537 0.0357504338026047 0.0147300278767943 0.0296512469649315 0.0519232153892517 0.0860906839370728 0.179085254669189 0.159928485751152 0.116641007363796 0.104677647352219 0.141163051128387 0.216212093830109 0.248403161764145 0.251986652612686 0.248641893267632 0.243406519293785 0.244303777813911 0.248780518770218 0.253527134656906 0.246755346655846 0.245439469814301 0.164867416024208 0.134900167584419 0.133909970521927 0.15156888961792 0.162262558937073 0.171845734119415 0.186274826526642 0.19593819975853 0.206928506493568
-9999 -9999 -9999 -9999 -9999 -9999 -9999 -9999 -9999 -9999 -9999 -9999 -9999 -9999 -9999 -9999 -9999 -9999 -9999 -9999 -9999 -9999 -9999 -9999 -9999 0.0998880565166473 0.0699432939291 0.0219691563397646 0.0154205914586782 0.0330869555473328 0.0521985068917274 0.0952849239110947 0.178231686353683 0.175290629267693 0.134173154830933 0.11539563536644 0.144922956824303 0.201153874397278 0.217911064624786 0.215287357568741 0.220590636134148 0.219297900795937 0.208383351564407 0.218480914831161 0.229329794645309 0.225045889616013 0.218949049711227 0.137973353266716 0.115670494735241 0.117986738681793 0.133657991886139 0.13943262398243 0.145880341529846 0.15787062048912 0.167006403207779 0.177999570965767
-9999 -9999 -9999 -9999 -9999 -9999 -9999 -9999 -9999 -9999 -9999 -9999 -9999 -9999 -9999 -9999 -9999 -9999 -9999 -9999 -9999 -9999 -9999 -9999 -9999 0.0685534551739693 0.0561250559985638 0.023065185174346 0.0147986989468336 0.0296743977814913 0.0476461537182331 0.0916623249650002 0.164404645562172 0.189619153738022 0.146333575248718 0.124495200812817 0.137939184904099 0.164021745324135 0.166150256991386 0.178035244345665 0.188687965273857 0.193296447396278 0.160896986722946 0.153290674090385 0.161085963249207 0.161912053823471 0.137844666838646 0.113327242434025 0.105439141392708 0.104439429938793 0.11019117385149 0.11692600697279 0.125216081738472 0.138485699892044 0.147848576307297 0.15879000723362
-9999 -9999 -9999 -9999 -9999 -9999 -9999 -9999 -9999 -9999 -9999 -9999 -9999 -9999 -9999 -9999 -9999 -9999 -9999 -9999 -9999 -9999 -9999 -9999 -9999 0.0523139946162701 0.0445785969495773 0.023424593731761 0.012312282808125 0.0255914386361837 0.0509501546621323 0.0857999622821808 0.145652920007706 0.187529370188713 0.144754230976105 0.10954574495554 0.113434590399265 0.127904981374741 0.130679875612259 0.146439135074615 0.160241261124611 0.159263283014297 0.11700738966465 0.102901041507721 0.0990409031510353 0.0868331640958786 0.0931787192821503 0.091256245970726 0.0915318951010704 0.090626984834671 0.0915984213352203 0.0998571813106537 0.108236730098724 0.120477065443993 0.129805460572243 0.142376810312271
-9999 -9999 -9999 -9999 -9999 -9999 -9999 -9999 -9999 -9999 -9999 -9999 -9999 -9999 -9999 -9999 -9999 -9999 -9999 -9999 -9999 -9999 -9999 -9999 -9999 0.046186301857233 0.0364904217422009 0.0229369625449181 0.0126695204526186 0.0227235313504934 0.0426238588988781 0.074254147708416 0.140160411596298 0.167474746704102 0.131030961871147 0.0994249060750008 0.10103590041399 0.111521318554878 0.113612987101078 0.124876834452152 0.137552633881569 0.116244681179523 0.0804103836417198 0.0794721469283104 0.0824995785951614 0.0810538306832314 0.0814088732004166 0.081574521958828 0.0814419463276863 0.0791302695870399 0.0788179934024811 0.0843861177563667 0.0916763171553612 0.104784235358238 0.11562205851078 0.126240864396095
-9999 -9999 -9999 -9999 -9999 -9999 -9999 -9999 -9999 -9999 -9999 -9999 -9999 -9999 -9999 -9999 -9999 -9999 -9999 -9999 -9999 -9999 -9999 -9999 -9999 0.0435697697103024 0.0332544445991516 0.0198218952864408 0.0110877454280853 0.020189056172967 0.0378553681075573 0.0595186352729797 0.111483551561832 0.143218874931335 0.125196382403374 0.0985203832387924 0.0989913195371628 0.100135870277882 0.100910998880863 0.110174037516117 0.113281786441803 0.0892820581793785 0.066109873354435 0.0725212246179581 0.074785403907299 0.0770729631185532 0.0773440152406693 0.0765505358576775 0.0759011656045914 0.0739574730396271 0.0720533803105354 0.0751860290765762 0.0813738405704498 0.0919710770249367 0.101780571043491 0.11362948268652
-9999 -9999 -9999 -9999 -9999 -9999 -9999 -9999 -9999 -9999 -9999 -9999 -9999 -9999 -9999 -9999 -9999 -9999 -9999 -9999 -9999 -9999 -9999 -9999 -9999 0.0418041907250881 0.0313602909445763 0.0182959400117397 0.00820117630064487 0.0173487644642591 0.0359552316367626 0.0515774972736835 0.0667419880628586 0.0844235420227051 0.0991397276520729 0.0994716733694077 0.0953658521175385 0.0806243643164635 0.0734411776065826 0.0838848501443863 0.0858486741781235 0.0710626319050789 0.0598063357174397 0.0653282552957535 0.0686032772064209 0.0706902369856834 0.0729444548487663 0.0730725079774857 0.0726053044199944 0.0703951194882393 0.0678923353552818 0.0661789402365685 0.0739572793245316 0.0858613699674606 0.0933582037687302 0.102555312216282
-9999 -9999 -9999 -9999 -9999 -9999 -9999 -9999 -9999 -9999 -9999 -9999 -9999 -9999 -9999 -9999 -9999 -9999 -9999 -9999 -9999 -9999 -9999 -9999 -9999 0.0425554551184177 0.032342690974474 0.0180674474686384 0.00690880045294762 0.0150818256661296 0.0328798815608025 0.0475593842566013 0.0539282150566578 0.052601482719183 0.058553371578455 0.0602083913981915 0.0658679455518723 0.0612330585718155 0.0600856095552444 0.0772950723767281 0.0789719894528389 0.0685302764177322 0.0540923476219177 0.0590079464018345 0.0605641752481461 0.0624943375587463 0.0652909427881241 0.0679680705070496 0.0699536576867104 0.0684681534767151 0.066611684858799 0.0652385875582695 0.0643473640084267 0.0633857250213623 0.0689009875059128 0.0697987154126167
-9999 -9999 -9999 -9999 -9999 -9999 -9999 -9999 -9999 -9999 -9999 -9999 -9999 -9999 -9999 -9999 -9999 -9999 -9999 -9999 -9999 -9999 -9999 -9999 -9999 0.043301198631525 0.0295603610575199 0.0174214001744986 0.00702071469277143 0.0124344192445278 0.0287393536418676 0.0422888658940792 0.048581674695015 0.0496097281575203 0.0453758053481579 0.0559644997119904 0.056652620434761 0.0570936240255833 0.0615173354744911 0.077342689037323 0.0861802324652672 0.0744890123605728 0.0557755641639233 0.0524530448019505 0.0534509755671024 0.0545330867171288 0.0577231235802174 0.0616812147200108 0.0644584372639656 0.0658047869801521 0.0668520480394363 0.0639594942331314 0.0609233938157558 0.0589063130319118 0.0558827444911003 0.0550451204180717
-9999 -9999 -9999 -9999 -9999 -9999 -9999 -9999 -9999 -9999 -9999 -9999 -9999 -9999 -9999 -9999 -9999 -9999 -9999 -9999 -9999 -9999 -9999 -9999 0.0323932617902756 0.0440882258117199 0.0280687604099512 0.015257591381669 0.00858822837471962 0.00945995561778545 0.0217433851212263 0.034700769931078 0.0437067113816738 0.0469646081328392 0.0415852554142475 0.0420424118638039 0.0447650477290154 0.0465529188513756 0.0523353442549706 0.072671003639698 0.0908495411276817 0.0804561302065849 0.0620491504669189 0.056996788829565 0.0570940524339676 0.0574332438409328 0.0503185540437698 0.0538032501935959 0.0565231814980507 0.0582878552377224 0.0594024285674095 0.0582248046994209 0.0570894703269005 0.0560492165386677 0.0535665601491928 0.0528746284544468
