meets/meet004/_saidas_enm/CCSM_SVM_6k_Aralia_warmingiana5.asc
NCOLS 154 
NROWS 168 
XLLCORNER -112 
YLLCORNER -55.5 
CELLSIZE 0.5 
NODATA_value -9999 
[rows 50 to 74 of 168, columns 55 to 109 of 154]
-9999 -9999 -9999 -9999 -9999 -9999 -9999 -9999 -9999 -9999 -9999 -9999 -9999 -9999 0.0854330913009987 0.0848917785057081 0.0802677521916397 0.0584659999487803 -0.00385488684725993 0.0125091967360957 0.127347407469476 0.169980693029047 0.0241013339898916 -0.10839768329682 -0.100612500397958 -0.0457477623154761 -0.00394047469375003 0.0284517805979285 0.0576075057643081 0.0693484700490255 0.0751002783249109 0.0774255265143923 0.0774452261355774 0.0723883206943447 0.0492295601330305 -0.0453197709491834 -0.0775976852485056 -0.0593925011473081 -0.0187577330596727 -0.0232861975060299 -0.0371689137919073 -0.0402106267444827 -0.0608722055750641 -0.0796710663952259 -0.0956756953629229 -0.0772994310859099 -0.0437276975084265 -0.0847824024775006 -0.0952373575947195 -0.0552761039021124 0.0362547128606016 0.0913220563062581 0.116687339054901 0.127800930348742 0.0978069106639046
-9999 -9999 -9999 -9999 -9999 -9999 -9999 -9999 -9999 -9999 -9999 -9999 -9999 -9999 0.0845991777825926 0.0799510139544467 0.0706830711701739 0.0353858769298083 -0.00253631368821594 0.0332103136849262 0.10049119414254 0.0681816558319607 -0.0313847373627038 -0.096105615395836 -0.0863785131969155 -0.0375155580090459 0.0081166596409159 0.0383062056055588 0.0553752863147177 0.0597938835822661 0.0615550788194987 0.0639896443236997 0.0637889396927191 0.0609876637239888 0.0311131407067548 -0.0800276718695195 -0.183159063787212 -0.140441099058593 -0.0772010387226608 -0.0565174352097672 -0.0610702331036643 -0.0611585179641894 -0.0725831536577489 -0.0903597120295507 -0.103255260822491 -0.082089539469598 -0.0834668253839255 -0.109598086121794 -0.110992402306463 -0.0547999716384651 0.0536995878122949 0.113781196867202 0.153539658832605 0.131591935696202 0.102222552041504
-9999 -9999 -9999 -9999 -9999 -9999 -9999 -9999 -9999 -9999 -9999 -9999 0.0853746780408968 0.0835914129414335 0.0759684721702255 0.0638036876611862 0.0534244435948447 0.0325232641674104 0.0125411223382689 0.0239903183795927 0.0126482821591127 -0.00681257790963774 -0.0363852097870866 -0.0388066118915553 -0.0128609360700104 0.0232717143381585 0.0427799255337877 0.0527719024006428 0.055914863218619 0.0598850667014886 0.0667562654756365 0.0698887676774973 0.0640811816457156 0.0600316184123663 0.0487988926673984 -0.0449853392178943 -0.177662735864642 -0.20059118962123 -0.146745537248636 -0.124532401451347 -0.122561507646386 -0.103160543908046 -0.111222540315212 -0.11978651292581 -0.12697482836828 -0.121192068765158 -0.133027913445132 -0.133658562608543 -0.0996115751052251 0.00558701870897982 0.155371464330735 0.186296422823862 0.187864827358083 0.151888769170615 0.106967679225007
-9999 -9999 -9999 -9999 -9999 -9999 -9999 -9999 -9999 -9999 -9999 0.0853800335676286 0.0826577027802646 0.0711529139907136 0.0638423597196434 0.0557891171799196 0.0526463413087687 0.0487602413180654 0.0227675468152551 -0.0165277134636025 -0.0271090537396392 -0.023461704604968 0.000688568775256693 0.025309675129974 0.0398370583514416 0.0482496917554152 0.0517721155542784 0.0547641010797402 0.0611008521777384 0.0692164754863264 0.0750892267138651 0.0760617669428829 0.0680138427652079 0.057847059819814 0.052456514713422 -0.0117913965069353 -0.147755198969003 -0.200009928893276 -0.171127042842695 -0.149851918159367 -0.149288341556381 -0.149537610074088 -0.155048476499087 -0.154224073252254 -0.155394463627921 -0.153235504469541 -0.122388089398939 -0.0500524221793226 0.0609982072351641 0.163695422050147 0.204497294332295 0.204528609166242 0.171296496793426 0.126290255278915 0.0668549470233771
-9999 -9999 -9999 -9999 -9999 -9999 -9999 -9999 -9999 -9999 -9999 0.0817214010072496 0.0646557251361184 0.0548676680868803 0.053270692405514 0.0577101546356115 0.0608078461257577 0.0542291288033309 0.0430473415113832 0.025967421371816 0.0254645185932672 0.0313268358286458 0.0432693643441172 0.0475330071963338 0.0485461168052391 0.0501169940527497 0.0549701466431081 0.0637680615735572 0.0729561887358046 0.0788785036488345 0.0816210334446351 0.0816393108467365 0.0739385233415884 0.0584208108577419 0.0528452247891196 0.0177164367216425 -0.104025488190163 -0.171290838992969 -0.167797376600524 -0.146170768432491 -0.129145486623266 -0.110010260119966 -0.143668195711073 -0.146086834495981 -0.131010129736884 -0.0831571315717036 0.0459876764169161 0.114156686113921 0.196112321792294 0.214089269445799 0.151677110276509 0.139900166931914 0.098959758143946 0.0613974274347271 0.0209818964959513
-9999 -9999 -9999 -9999 -9999 -9999 -9999 -9999 -9999 0.0851085778868981 0.0787176670803841 0.0620891987134182 0.056610168207042 0.0497125416373204 0.055350737327501 0.061521930034529 0.0628781654909037 0.0559300886849632 0.0546549586757391 0.0532186472170248 0.0513491412715243 0.049376717771828 0.0486424760417319 0.0484145937408508 0.0501599174595124 0.0573206628477209 0.0681662977339811 0.0763704267980527 0.0815243119866896 0.0836323939737873 0.0842028133069168 0.0837936527884536 0.0784640657196256 0.0627874126708541 0.0516147493465148 0.0393836501958847 -0.0377136521156064 -0.118778380656624 -0.148588048903516 -0.141286406051586 -0.129287373395235 -0.114895813964366 -0.126756864622926 -0.130287902275458 -0.103936424707658 -0.048959646347444 0.0277955252906644 0.0723718360784106 0.0719199291203516 0.0558015684384515 0.0534961427689636 0.0540651728103212 0.0450907531996022 0.0177551178478709 0.00253722448833971
-9999 -9999 -9999 -9999 -9999 -9999 -9999 -9999 -9999 0.0806305914300009 0.0612634751970438 0.0858680944595102 0.0953981730551507 0.0677518303929926 0.0693306494249074 0.0625723721615661 0.060786383736426 0.0600782004164823 0.0566072837171225 0.0561084842954577 0.0521966265270455 0.052030459360122 0.0539658268473993 0.056248217693819 0.0620521943617879 0.0724844750250425 0.0799635805772224 0.0809105583856324 0.0817857037492976 0.0816965893553002 0.0809846401228999 0.0804003099271918 0.0798156532159045 0.0683105904512676 0.0528731185107595 0.0487878489081983 0.017582919358422 -0.0424740074390287 -0.0987179374084958 -0.119945141811509 -0.125687974204138 -0.120273987876734 -0.124650848223188 -0.121287356907716 -0.110358384988861 -0.0903431510767034 -0.0543581892873879 -0.024807914561063 -0.00257756915924867 0.0102628305961647 0.0241362607462944 0.0330159253252305 0.0353018666716008 0.0235872007689053 0.0206920164621668
-9999 -9999 -9999 -9999 -9999 -9999 -9999 -9999 0.0835809407565988 0.0714453429469394 0.0595718414941842 0.199571100577606 0.188542408058082 0.160318277696787 0.0987251224304753 0.06546809983413 0.0601357933030537 0.0581301727498494 0.0586573442342885 0.0585507489980264 0.0595796536495954 0.0632604405866489 0.0653453940202401 0.0681761908524677 0.0693847038219389 0.0709771020124907 0.0729973566950709 0.0731678632622208 0.0729580824660777 0.0728756331699993 0.0724102512758878 0.0721908237691703 0.0710755555300507 0.0703062389067724 0.0572897082876845 0.0503349646889693 0.045368017365556 0.0200532782452044 -0.0241587799168141 -0.0552219831618174 -0.061308486471759 -0.0655540959338855 -0.0545860734191626 -0.0430930743476188 -0.0317492187920025 -0.0144006577535144 0.00225108285001646 0.0175290494159809 0.0268948407287241 0.0351387285662408 0.0394041973763475 0.0410846331828512 0.0417043327344209 0.0426886079599099 0.0464924329249404
-9999 -9999 -9999 -9999 -9999 -9999 -9999 -9999 0.0797128190937638 0.0606769302532325 0.113856021044798 0.482718551630795 0.33805391745817 0.224985670416215 0.121034407586943 0.0685392158929782 0.0581025739360789 0.0567817640473045 0.0574028833507457 0.0569260914315152 0.0545769979828689 0.0547682441797442 0.0564123894100973 0.0592463936874934 0.0592810991400545 0.0587328009255058 0.0601581946808746 0.0603761427717702 0.062271571013202 0.0618203790947941 0.0596474437274405 0.0596422883102979 0.0593099462433486 0.0608995302459316 0.0613943151393785 0.0532069514453248 0.0503768212583625 0.0474254225601514 0.0360391475863991 0.0258715876327642 0.0246314967290349 0.0242097158676002 0.0332683326858886 0.0375326734179794 0.0423577743046988 0.0466004552844447 0.0474032086408899 0.0481196882883261 0.0501764888200323 0.0530037034651288 0.0545048145382317 0.0536364681187767 0.0507270790028473 0.048616902317959 0.0485133288095125
-9999 -9999 -9999 -9999 -9999 -9999 -9999 0.0845361455464497 0.0726969766002193 0.047218610366297 0.299237917146613 0.758649055243413 0.439706004267959 0.195943441753021 0.10842092862189 0.0702456034699146 0.055635954222399 0.0540445404812366 0.0566881234538464 0.0567253393279902 0.0543373380187052 0.0528042961079451 0.053024961206446 0.0534291053416778 0.0534359707213607 0.0536716249411162 0.0538831175334408 0.0544684950659699 0.0546168317053579 0.0543849259862637 0.0547257184221223 0.0546590075949522 0.0550010833612685 0.0553895381434862 0.0558970051790725 0.0566980755685558 0.05430220202484 0.0517078645361769 0.050341415733548 0.0494631012233739 0.0497602409818659 0.0510339544763996 0.0521325863021053 0.0533994611006215 0.0545062136483522 0.053542193697857 0.0523431191144074 0.0525125490437541 0.0532895389570346 0.0541717628692281 0.0541345533443169 0.0528605190773534 0.0496093645365425 0.0460320247260425 0.0461458561309425
-9999 -9999 -9999 -9999 -9999 -9999 -9999 0.0799572412050001 0.0538723861189803 0.0696903993957712 0.464745887970252 0.745232028460479 0.461406989371653 0.212918753525641 0.126717131151165 0.0719066573047554 0.0498972819700117 0.0470627893998646 0.0514622610405179 0.0522565785194817 0.0524519655018565 0.0524573239830483 0.0521860056471402 0.0521776988604696 0.0517915066737754 0.0513726080471869 0.0514239380245596 0.0513320462787848 0.0514347718858573 0.0514178627050161 0.0514183126097527 0.0518192204345128 0.051986445293718 0.0525019015008257 0.0528780010426892 0.0529909196224474 0.0533565520838148 0.0529093802309769 0.0527461773957102 0.0524008510480727 0.0517164998816049 0.0517806199585081 0.0511747183701333 0.0508474866556582 0.0500063302296523 0.0481976898504807 0.0472994047887985 0.0477554826797618 0.0494052720652345 0.0506483238912201 0.0496912324838881 0.0477825230932307 0.042511926931507 0.0360061521306788 0.0310638647305866
-9999 -9999 -9999 -9999 -9999 -9999 -9999 0.0638869097533878 0.0238334620043852 0.19616373115293 0.539387840780942 0.74127548481356 0.52704086548525 0.272022596453193 0.181271679151245 0.0822829176586512 0.0447844214129984 0.0334154084790165 0.0378159183940522 0.039734156295108 0.0442354532787874 0.0472199781255052 0.0464874163547047 0.0455615171549682 0.0440041661290987 0.0445017401276747 0.044770884491631 0.045229810093286 0.0448300798917073 0.044356580996214 0.0450543914205711 0.0451194276942791 0.0460485518912703 0.0464011247823027 0.047129573879676 0.0479821939982814 0.0482265008845587 0.047805039916383 0.0466356336513353 0.0457706640710295 0.0444477230813578 0.0431217378640191 0.0428403441512262 0.0398998476476408 0.0375801912893421 0.0356097548314344 0.035846616813663 0.0389862841586978 0.0401285881373075 0.0416264595162043 0.0420576235616905 0.0396652870697951 0.0336469081479719 0.0215460225919495 0.00919532807000173
-9999 -9999 -9999 -9999 -9999 -9999 -9999 -9999 -0.0154354422782094 0.338678722477402 0.685417785278865 0.72026881343474 0.568302697239301 0.339764363644738 0.245379076738034 0.120813049309186 0.0480921226975236 0.0167760881182697 0.0139447350868727 0.0131485858364103 0.0162514335814848 0.0227369939211537 0.0223557634296989 0.0218651112682259 0.0199357462004218 0.0194994146589483 0.0216625654354268 0.0208645117057943 0.0215393590529196 0.0209803633105984 0.0206748578233495 0.0226033391557647 0.0233888893376881 0.0262455451597434 0.0274316747661809 0.027753420088494 0.0291041438221214 0.0276035888371503 0.0269221162837618 0.025099297341369 0.0210260255506178 0.0200353882746421 0.0165778367098457 0.0141454308453941 0.0107864924878359 0.0123549730157738 0.0187951120267221 0.0229868660998828 0.0275068899668929 0.0300568621316744 0.0303427876181869 0.0279262719570949 0.0211402569034118 0.0106187755832667 -0.00027908829722878
-9999 -9999 -9999 -9999 -9999 -9999 -9999 -9999 -9999 0.471485760704789 0.747785251796212 0.764933859132968 0.603674726335487 0.380009781540386 0.278210482959024 0.152737447500714 0.0667312757683093 0.0104379088296853 -0.0101172500079081 -0.0154757082685198 -0.0130575436338021 -0.008137067124935 -0.00836740545746217 -0.0107007204174735 -0.0127144933023906 -0.0117856353371641 -0.0125577131296428 -0.0112996291787382 -0.0115871407569703 -0.0110104664889369 -0.00985558511099993 -0.0103250931186506 -0.00677300573848211 -0.00481489257310458 -0.00293923645179772 -0.00118192593111482 -0.00166591495396823 -0.000489079603233633 -0.00203033614464593 -0.00213539693590675 -0.00307939580464639 -0.00450380866114036 -0.00449294298159175 -0.005348539077703 -0.00604575073287766 0.00265496786177616 0.0131808030935909 0.0195687689090634 0.0246433439150671 0.029029525556002 0.0310740286478894 0.0311533212615648 0.0255335298067609 0.0196069297257139 0.0131190113957212
-9999 -9999 -9999 -9999 -9999 -9999 -9999 -0.0436730917383812 0.202897658758322 0.644174798459103 0.728210801902498 0.732258806304451 0.598332893909109 0.367350294820595 0.283411281136872 0.195218901571423 0.101253319644259 0.0211042710463189 -0.0231236754671866 -0.0372930192233343 -0.0411257019930428 -0.041491823052024 -0.0444267948563404 -0.044920099515853 -0.046114836373958 -0.0474334389844054 -0.0451120230398909 -0.0420089027451609 -0.0365339476550761 -0.0309890541624158 -0.0293186212105441 -0.0295880555218896 -0.0302489250380541 -0.0300190369747466 -0.0296249981665347 -0.0293530353177079 -0.028200683505504 -0.0273099056023741 -0.0250532174242882 -0.0227657376117754 -0.0194392269560448 -0.0153539601781214 -0.0111763894101009 -0.00707016772004532 -0.0037825944268457 0.0124073752291958 0.0244387880158972 0.0327787331518191 0.0375361109149889 0.040114858031559 0.0420051592165625 0.0418165961373365 0.040010990658905 0.0388723524785624 0.0394387560951351
-9999 -9999 -9999 -9999 -9999 -9999 0.0107915399395312 0.141377652490482 0.39914258314895 0.628957385603552 0.708218078608963 0.757197073245145 0.591669008752261 0.340635803934352 0.251942245554691 0.208863817812703 0.149261461734064 0.0474184154829668 -0.0210004174399875 -0.0443573713173939 -0.0457598195811677 -0.050615727724505 -0.0555745970460338 -0.0610217409041173 -0.0605234470740914 -0.0549650742575822 -0.0434151901959979 -0.0336561108402881 -0.0182733624142359 -0.00374420332953729 0.000188525561763297 0.00190603349329677 -0.00361527391008537 -0.00594523586175777 -0.00812054223434633 -0.0137699789960806 -0.0128061925367973 -0.0121771938655412 -0.00676364818495701 -0.00293619369707049 0.00400642824887448 0.0114091343390133 0.0127903955336287 0.0157025236407256 0.014706471970222 0.0257191855672875 0.0330380777435066 0.0377206841091381 0.0417191267304809 0.0433169524070218 0.044833149635342 0.04483517769838 0.0440829708740737 0.0470964077942053 0.0529336888840777
-9999 -9999 -9999 -9999 -9999 -9999 0.0810906450629891 0.39243249475251 0.471662734439396 0.64397507740167 0.642546007056231 0.626041453790724 0.544133630797147 0.384165931936639 0.291322609422849 0.257396736193749 0.190785190664756 0.0916614849590214 0.0107054872251863 -0.0216627896214657 -0.029437915002708 -0.0330482184550528 -0.0402073323620482 -0.0449598952002419 -0.0410051045870392 -0.0292402980160812 -0.00840722936063143 0.0134853463638307 0.035551471090594 0.0560410650115119 0.0737507225807246 0.0800911138374346 0.0763232907660756 0.070119640210676 0.0670604609722982 0.0636673264625474 0.0595073018897297 0.0595311614515471 0.0580462579999429 0.0549754013938946 0.0553109060813511 0.050785818045471 0.0486884868169405 0.0423270994352114 0.0348272835512353 0.035805604951824 0.0374038710456701 0.0397333178239636 0.0409668835950333 0.0413224173681673 0.0422582609721717 0.0430051597704478 0.0436961223951191 0.047781192288297 0.0562952787416917
-9999 -9999 -9999 -9999 -9999 -9999 -9999 0.536161157340043 0.655926401281272 0.635901943417591 0.588521416426021 0.522023925355666 0.539972990033066 0.452770715987453 0.386236115411788 0.330524396790863 0.254664484167652 0.144257778719463 0.0563986366168591 0.0215166277244854 0.0143591347596317 0.0148758065439313 0.00945333324158376 0.00783048038709294 0.0162200099278177 0.0341204929628611 0.0568178556970543 0.088728519712858 0.113307277358483 0.138888374340304 0.163331332566047 0.172891135961412 0.189286198160716 0.182210214385041 0.185795387792374 0.189037852878474 0.178669302860687 0.168621558320206 0.146271535360153 0.128595163667151 0.118935773034071 0.0984815084086076 0.0888726398352572 0.0729857353379791 0.0581508322788959 0.04993829304632 0.0425765467862467 0.0419868147717832 0.0395877335846784 0.0375569457330746 0.0367540339944917 0.0376423728951497 0.0383350720623526 0.0430155941037025 0.0500955520978433
-9999 -9999 -9999 -9999 -9999 -9999 -9999 0.415575234290262 0.72748400987595 0.565613584274908 0.573049122490854 0.540308228165108 0.541755983617074 0.491782786207269 0.451432719751829 0.384899778203832 0.291992165136314 0.19173791660197 0.110800932942944 0.073234981226083 0.0612645362998164 0.069150084544212 0.0765025361521825 0.0911628012244858 0.100913252012716 0.110960694988582 0.135476401926274 0.157622248067632 0.176858779049457 0.192650277138454 0.214245607968892 0.237286686760116 0.245645457155893 0.250880730734345 0.256747387787686 0.259807678924496 0.255619088094233 0.236569898293966 0.211517248737644 0.18907987292141 0.170286993348881 0.147840032795884 0.127224318487654 0.104964988490884 0.0852839633996456 0.0709350996207473 0.0581085283616612 0.0495333783621782 0.041202354187041 0.0336511940461441 0.0258938722412809 0.0221327048431613 0.0261211119891179 0.0335101749387626 0.0388014090231559
-9999 -9999 -9999 -9999 -9999 -9999 -9999 0.0239247403355036 0.636548666989253 0.588629499170561 0.573923340163504 0.583479272912558 0.569304101346769 0.443286867020214 0.421358791391326 0.400556949257313 0.30534094573369 0.241619027858476 0.141908523417204 0.0973342953968136 0.100286285210143 0.129154072026617 0.159761341504731 0.179176488421151 0.188566486344258 0.196109127679567 0.209160942135423 0.226297484172716 0.223624323561494 0.228826834809135 0.255234459362264 0.271795513437387 0.286355541959929 0.276152466929163 0.286364387048128 0.306599690694856 0.30105377398666 0.296769625848594 0.259351064403835 0.238120513124651 0.229464016837144 0.194992314752093 0.176769827348352 0.144828004967353 0.119911104782271 0.105763263160937 0.0821238260064625 0.0670404271263748 0.0473362481979407 0.0326515071397294 0.0164270064454856 0.00549806227305993 0.0139411657736696 0.0236605589339972 0.0254505212746596
-9999 -9999 -9999 -9999 -9999 -9999 -9999 -9999 -9999 0.464883897682972 0.613804457111657 0.684050316017901 0.570599021053314 0.365868845534437 0.356589632257676 0.397723444289019 0.414242305305789 0.311918931900013 0.136067863828383 0.0736649408941045 0.119335716540407 0.201377570208481 0.229947654487458 0.233978709032408 0.232769145553609 0.236682763536727 0.254256660400271 0.252347619934306 0.237559276092359 0.229523129560416 0.239863910461682 0.25233572738659 0.24748277394416 0.234625514533544 0.241244335516367 0.263985413186603 0.28159731433496 0.276010929881601 0.264024208631381 0.253355846557994 0.239837243089518 0.224551109214791 0.200162825221489 0.175164488156607 0.152251942551839 0.132653860456073 0.111722852152259 0.0853853877952224 0.0604482459206845 0.0367391383187394 0.0125492098985575 0.00216551918332009 0.0036059047873363 0.0117891207122476 0.0129599372483762
-9999 -9999 -9999 -9999 -9999 -9999 -9999 -9999 -9999 0.0314288954157362 0.702511686895561 0.753487450963605 0.543033004097576 0.27081447051213 0.281484124975076 0.371113430524178 0.485342055494446 0.425638659847574 0.162962096130913 0.0778608860596944 0.157655933155828 0.266798091387514 0.282081192365552 0.258080493150407 0.242225223796757 0.252402163326121 0.268321467551139 0.256393175320868 0.221974237864236 0.203364741329693 0.214191993303098 0.217688521881731 0.205433191766375 0.173092102597108 0.176344885110182 0.210689716055638 0.230034254922852 0.243329729408378 0.236417538367392 0.238592006890923 0.243037875362612 0.231970967045412 0.221883180215809 0.198293936492021 0.178913748325005 0.166755890858753 0.141630920536601 0.111232320513187 0.0756605935129919 0.0430331587983775 0.0107122974556352 -0.00748104507381353 -0.0128890696124399 -0.00832285779208797 -0.00511197189500467
-9999 -9999 -9999 -9999 -9999 -9999 -9999 -9999 -9999 -9999 0.722808623098174 0.786015911296283 0.486672098810464 0.19535900197209 0.208169443380743 0.32867372686876 0.541596236849876 0.571544333845637 0.267544037451017 0.116017802661194 0.192415643308284 0.312846750478347 0.310718429211426 0.25692705848015 0.227627359617158 0.239764003514559 0.254451926788862 0.235347312256185 0.194431686263617 0.167629618915684 0.168054038398002 0.167308954162942 0.142123384869364 0.109594204364132 0.108888823527342 0.13123464216708 0.153230295172445 0.164739764051858 0.171244952352693 0.185690909331643 0.196209744738188 0.207277884061524 0.201965074533255 0.195855035718127 0.190009380617692 0.180068819312316 0.164464555847819 0.126172710309753 0.0848312075729711 0.0457729196587033 0.00764281119361204 -0.0191489303267888 -0.030419295836274 -0.0349178743788778 -0.0267476257852762
-9999 -9999 -9999 -9999 -9999 -9999 -9999 -9999 -9999 -9999 -9999 0.748242486656898 0.400040544894236 0.17065602267415 0.186773653208833 0.314467907591879 0.593661788073105 0.764291173868755 0.439111193019899 0.204918259853816 0.259548141658072 0.348849005979437 0.316839751054029 0.248631405056393 0.211812697724183 0.2165075533598 0.223272847276838 0.198655368565182 0.157078204076987 0.128404264813588 0.120950395152536 0.11086071240251 0.0838522348063442 0.0449635718731298 0.0373856760872026 0.056942632650647 0.0759163529329373 0.0884858346651611 0.0922925348132945 0.111324506184761 0.137896362426352 0.157796074406348 0.167394082779212 0.169481620958786 0.176170412876437 0.184606439322578 0.175659687284944 0.137500254230752 0.0871493056624025 0.0435696503550168 0.00131927638769241 -0.0271457697727107 -0.0393399380885766 -0.0439184306472319 -0.031209437370897
-9999 -9999 -9999 -9999 -9999 -9999 -9999 -9999 -9999 -9999 -9999 -9999 0.361954907192482 0.176168479481336 0.214908214328251 0.340219293998976 0.595476815435039 0.897237582698119 0.694250059886552 0.368271689752856 0.357125905043708 0.362435469942947 0.310173177525088 0.248429054291816 0.198856425227644 0.193255883406285 0.183109208204367 0.158573637724265 0.120126542693312 0.0893574626070867 0.075810611389533 0.0552463821653727 0.0303508052635638 -0.00158149076530978 -0.0144060369545072 -0.0101122039064219 -0.00863665932120317 0.00939183011861683 0.0153404832254365 0.039664080425284 0.070639593591142 0.0907398037418821 0.12003275264065 0.129994301361997 0.149318857599625 0.172943588787058 0.168121994770279 0.135856404281045 0.0897570643202566 0.0465383305001161 0.0043175033137493 -0.0248160714689353 -0.0341530614077258 -0.0369514486271745 -0.0304197752130347
