meets/meet004/_saidas_enm/CCSM_Maxent_6k_Aralia_warmingiana3.asc
NCOLS 154 
NROWS 168 
XLLCORNER -112 
YLLCORNER -55.5 
CELLSIZE 0.5 
NODATA_value -9999 
[rows 100 to 124 of 168, columns 56 to 111 of 154]
-9999 -9999 -9999 -9999 -9999 -9999 -9999 -9999 -9999 -9999 -9999 -9999 -9999 -9999 -9999 -9999 -9999 -9999 -9999 -9999 -9999 -9999 -9999 -9999 -9999 -9999 -9999 -9999 0.290647476911545 0.291884362697601 0.153325870633125 0.0820947736501694 0.0690707489848137 0.0601282455027103 0.0605228506028652 0.0651419088244438 0.058191642165184 0.0561784133315086 0.0920035243034363 0.144833147525787 0.220199748873711 0.396576255559921 0.47805842757225 0.237224400043488 0.17882527410984 0.182860240340233 0.190654888749123 0.244080886244774 0.227382495999336 0.22482642531395 0.236065909266472 0.217306658625603 0.216449216008186 0.248841673135757 0.306813657283783 0.37547904253006
-9999 -9999 -9999 -9999 -9999 -9999 -9999 -9999 -9999 -9999 -9999 -9999 -9999 -9999 -9999 -9999 -9999 -9999 -9999 -9999 -9999 -9999 -9999 -9999 -9999 -9999 -9999 -9999 0.27899956703186 0.287411361932755 0.133205771446228 0.0785013735294342 0.0609097965061665 0.0584644265472889 0.0632065832614899 0.0585758350789547 0.0539621859788895 0.0565125904977322 0.0979168564081192 0.165207400918007 0.251915484666824 0.417051881551743 0.477914720773697 0.249912664294243 0.20202799141407 0.204654842615128 0.26212877035141 0.275082170963287 0.243056997656822 0.278608947992325 0.303182125091553 0.281014978885651 0.265494972467422 0.293640077114105 0.338105589151382 0.438823372125626
-9999 -9999 -9999 -9999 -9999 -9999 -9999 -9999 -9999 -9999 -9999 -9999 -9999 -9999 -9999 -9999 -9999 -9999 -9999 -9999 -9999 -9999 -9999 -9999 -9999 -9999 -9999 0.312605142593384 0.275045722723007 0.314544588327408 0.170829892158508 0.0826973840594292 0.0641475692391396 0.068772941827774 0.065476231276989 0.0546677969396114 0.0539327375590801 0.0656286552548409 0.121939942240715 0.194066911935806 0.286299973726273 0.436259508132935 0.488368302583694 0.283346891403198 0.232805743813515 0.261930137872696 0.322824686765671 0.350950539112091 0.324158132076263 0.336582571268082 0.337234407663345 0.317660301923752 0.279029786586761 0.299758762121201 0.36443156003952 0.4453204870224
-9999 -9999 -9999 -9999 -9999 -9999 -9999 -9999 -9999 -9999 -9999 -9999 -9999 -9999 -9999 -9999 -9999 -9999 -9999 -9999 -9999 -9999 -9999 -9999 -9999 -9999 -9999 0.283454537391663 0.276787400245667 0.333214193582535 0.199800863862038 0.0849441438913345 0.072233185172081 0.0769351869821548 0.0611205622553825 0.0480964854359627 0.0559002235531807 0.0781148970127106 0.13708958029747 0.196554452180862 0.282958984375 0.424555599689484 0.490058392286301 0.295769095420837 0.270670592784882 0.309550493955612 0.333933532238007 0.425716817378998 0.420957654714584 0.41243502497673 0.400861114263535 0.368133962154388 0.322876155376434 0.335730642080307 0.403014630079269 0.467472016811371
-9999 -9999 -9999 -9999 -9999 -9999 -9999 -9999 -9999 -9999 -9999 -9999 -9999 -9999 -9999 -9999 -9999 -9999 -9999 -9999 -9999 -9999 -9999 -9999 -9999 -9999 -9999 0.313148140907288 0.263429552316666 0.350906580686569 0.243775323033333 0.0935400053858757 0.0728035867214203 0.075970359146595 0.055621225386858 0.042924415320158 0.0594176761806011 0.0693617612123489 0.0857651010155678 0.174739643931389 0.282703667879105 0.4019795358181 0.446505665779114 0.307434320449829 0.31858167052269 0.377857118844986 0.357755213975906 0.424888670444489 0.481267362833023 0.505865037441254 0.49210661649704 0.45370352268219 0.425883173942566 0.43451800942421 0.469306588172913 0.522944152355194
-9999 -9999 -9999 -9999 -9999 -9999 -9999 -9999 -9999 -9999 -9999 -9999 -9999 -9999 -9999 -9999 -9999 -9999 -9999 -9999 -9999 -9999 -9999 -9999 -9999 -9999 -9999 0.273148566484451 0.204243347048759 0.310868978500366 0.197534263134003 0.0828163251280785 0.0697180703282356 0.0669358596205711 0.0490063093602657 0.0360812284052372 0.0542480796575546 0.0419513508677483 0.0785079523921013 0.181438431143761 0.291039258241653 0.398976594209671 0.440577656030655 0.363674372434616 0.367807179689407 0.398467361927032 0.406681418418884 0.456206053495407 0.510138690471649 0.552522301673889 0.568293333053589 0.54969996213913 0.527786076068878 0.534391641616821 0.547350406646729 0.576710045337677
-9999 -9999 -9999 -9999 -9999 -9999 -9999 -9999 -9999 -9999 -9999 -9999 -9999 -9999 -9999 -9999 -9999 -9999 -9999 -9999 -9999 -9999 -9999 -9999 -9999 -9999 -9999 0.220726385712624 0.164283812046051 0.209776312112808 0.126322269439697 0.0682951435446739 0.0638143196702003 0.0570241063833237 0.0426347330212593 0.0294257830828428 0.0406868271529675 0.0303933601826429 0.0805666297674179 0.17757049202919 0.282399952411652 0.388578832149506 0.432074815034866 0.427767962217331 0.401486992835999 0.4369036257267 0.460753500461578 0.510869383811951 0.567947864532471 0.594021320343018 0.598264396190643 0.611058115959167 0.617714822292328 0.623944878578186 0.625466644763947 0.624175727367401
-9999 -9999 -9999 -9999 -9999 -9999 -9999 -9999 -9999 -9999 -9999 -9999 -9999 -9999 -9999 -9999 -9999 -9999 -9999 -9999 -9999 -9999 -9999 -9999 -9999 -9999 -9999 0.180193945765495 0.133192300796509 0.134358704090118 0.0751672610640526 0.0514770001173019 0.0561781413853168 0.0503997318446636 0.0342259630560875 0.0203727502375841 0.0244753379374743 0.0274017136543989 0.0860518142580986 0.178318962454796 0.280295521020889 0.375678658485413 0.424648642539978 0.429462194442749 0.431632697582245 0.455119341611862 0.477919369935989 0.534475743770599 0.59882789850235 0.63346654176712 0.641698777675629 0.654065608978271 0.65520054101944 0.659914910793304 0.655640840530396 0.645736694335938
-9999 -9999 -9999 -9999 -9999 -9999 -9999 -9999 -9999 -9999 -9999 -9999 -9999 -9999 -9999 -9999 -9999 -9999 -9999 -9999 -9999 -9999 -9999 -9999 -9999 -9999 -9999 0.154926463961601 0.118133626878262 0.0878522619605064 0.0287497863173485 0.0335381217300892 0.0453970208764076 0.0443717576563358 0.0281668901443481 0.0125236995518208 0.0205034501850605 0.0313668586313725 0.0830922648310661 0.178158804774284 0.286811858415604 0.366815656423569 0.415335953235626 0.424841970205307 0.429965704679489 0.435957074165344 0.42352432012558 0.455977469682693 0.53022038936615 0.624351322650909 0.623049020767212 0.629688918590546 0.627954304218292 0.624736130237579 0.63681697845459 0.644369423389435
-9999 -9999 -9999 -9999 -9999 -9999 -9999 -9999 -9999 -9999 -9999 -9999 -9999 -9999 -9999 -9999 -9999 -9999 -9999 -9999 -9999 -9999 -9999 -9999 -9999 -9999 -9999 0.133560255169868 0.109556257724762 0.0624136738479137 0.0340500809252262 0.0410421043634415 0.04319703951478 0.0438578575849533 0.0298447255045176 0.0144379809498787 0.0268356073647738 0.0604869350790977 0.111457452178001 0.186932727694511 0.290299028158188 0.36013650894165 0.403579205274582 0.412612706422806 0.415960490703583 0.418135911226273 0.406643509864807 0.40337598323822 0.473581075668335 0.551192224025726 0.588185429573059 0.59973281621933 0.586849868297577 0.592576861381531 0.608721375465393 0.615329027175903
-9999 -9999 -9999 -9999 -9999 -9999 -9999 -9999 -9999 -9999 -9999 -9999 -9999 -9999 -9999 -9999 -9999 -9999 -9999 -9999 -9999 -9999 -9999 -9999 -9999 -9999 0.158367976546288 0.122562482953072 0.099101684987545 0.0510247275233269 0.0435244999825954 0.0587035976350307 0.0562830306589603 0.0469742938876152 0.0351997166872025 0.0169540923088789 0.0393282771110535 0.106472030282021 0.211772844195366 0.227817520499229 0.299654215574265 0.349041342735291 0.384376376867294 0.393484234809875 0.388541400432587 0.386260271072388 0.376588582992554 0.416860550642014 0.474642187356949 0.509981215000153 0.532869875431061 0.563032329082489 0.557364761829376 0.578522503376007 0.582675635814667 0.588135063648224
-9999 -9999 -9999 -9999 -9999 -9999 -9999 -9999 -9999 -9999 -9999 -9999 -9999 -9999 -9999 -9999 -9999 -9999 -9999 -9999 -9999 -9999 -9999 -9999 -9999 -9999 0.121068827807903 0.100054167211056 0.0967831388115883 0.0408464632928371 0.0659568607807159 0.0922543406486511 0.0774772092700005 0.0506143383681774 0.0407651476562023 0.0386212356388569 0.0707921534776688 0.154430404305458 0.242577105760574 0.277032196521759 0.276065826416016 0.320129036903381 0.344265699386597 0.357715874910355 0.352081060409546 0.34636390209198 0.372034937143326 0.407429069280624 0.452391237020493 0.492781311273575 0.51408463716507 0.529509484767914 0.532926976680756 0.545587658882141 0.551036775112152 0.550386190414429
-9999 -9999 -9999 -9999 -9999 -9999 -9999 -9999 -9999 -9999 -9999 -9999 -9999 -9999 -9999 -9999 -9999 -9999 -9999 -9999 -9999 -9999 -9999 -9999 -9999 -9999 0.086198627948761 0.0800849497318268 0.0783229693770409 0.0620119459927082 0.0782695859670639 0.121580883860588 0.0941160321235657 0.0650480762124062 0.063464842736721 0.0591230615973473 0.123994916677475 0.1845782995224 0.237989187240601 0.314794778823853 0.330022215843201 0.324498623609543 0.316875219345093 0.311362475156784 0.325691908597946 0.325397938489914 0.36437201499939 0.394677042961121 0.418297529220581 0.455329358577728 0.479506224393845 0.49503880739212 0.496345072984695 0.514212727546692 0.513548851013184 0.511734902858734
-9999 -9999 -9999 -9999 -9999 -9999 -9999 -9999 -9999 -9999 -9999 -9999 -9999 -9999 -9999 -9999 -9999 -9999 -9999 -9999 -9999 -9999 -9999 -9999 -9999 -9999 0.0778108015656471 0.068895548582077 0.0539246946573257 0.0587860122323036 0.104339443147182 0.129928350448608 0.105813831090927 0.109550304710865 0.140735417604446 0.142175689339638 0.19916158914566 0.228860110044479 0.266456305980682 0.339203000068665 0.403726637363434 0.397475808858871 0.36456710100174 0.355156123638153 0.390445530414581 0.418842047452927 0.395113974809647 0.36130028963089 0.367626935243607 0.39757913351059 0.435775727033615 0.456023305654526 0.468196153640747 0.480448931455612 0.476090401411057 0.473646014928818
-9999 -9999 -9999 -9999 -9999 -9999 -9999 -9999 -9999 -9999 -9999 -9999 -9999 -9999 -9999 -9999 -9999 -9999 -9999 -9999 -9999 -9999 -9999 -9999 -9999 0.121726430952549 0.0798912569880486 0.06248539686203 0.0279054753482342 0.0613436810672283 0.115032911300659 0.121137693524361 0.12762725353241 0.202798217535019 0.182677835226059 0.147837951779366 0.238771602511406 0.293938815593719 0.301992177963257 0.397480666637421 0.423198759555817 0.424826681613922 0.407103002071381 0.423793435096741 0.441659271717072 0.453825682401657 0.44797345995903 0.350331991910934 0.322395265102386 0.344359934329987 0.389315903186798 0.420200198888779 0.439468681812286 0.443485021591187 0.438627928495407 0.435609847307205
-9999 -9999 -9999 -9999 -9999 -9999 -9999 -9999 -9999 -9999 -9999 -9999 -9999 -9999 -9999 -9999 -9999 -9999 -9999 -9999 -9999 -9999 -9999 -9999 -9999 0.0982197001576424 0.0994213968515396 0.0605472736060619 0.0356606021523476 0.068762481212616 0.109490558505058 0.116360686719418 0.165822371840477 0.245475023984909 0.218658328056335 0.201385542750359 0.25382587313652 0.336493104696274 0.373861074447632 0.392764538526535 0.406233996152878 0.396082580089569 0.397422164678574 0.405035108327866 0.418307542800903 0.415024042129517 0.418460845947266 0.335025310516357 0.304971158504486 0.309419423341751 0.363034188747406 0.382543385028839 0.399644911289215 0.408922910690308 0.4040607213974 0.398749887943268
-9999 -9999 -9999 -9999 -9999 -9999 -9999 -9999 -9999 -9999 -9999 -9999 -9999 -9999 -9999 -9999 -9999 -9999 -9999 -9999 -9999 -9999 -9999 -9999 -9999 0.0903755724430084 0.117724299430847 0.0376127846539021 0.041358970105648 0.077734462916851 0.100406669080257 0.108086042106152 0.185971230268478 0.274407953023911 0.257879137992859 0.218720585107803 0.256655961275101 0.323775470256805 0.352157920598984 0.362816154956818 0.372152030467987 0.368653148412704 0.352964401245117 0.367698639631271 0.387019962072372 0.380139887332916 0.386332899332047 0.297724545001984 0.273690581321716 0.291161149740219 0.33893159031868 0.348272651433945 0.359179526567459 0.371976763010025 0.368024438619614 0.364205449819565
-9999 -9999 -9999 -9999 -9999 -9999 -9999 -9999 -9999 -9999 -9999 -9999 -9999 -9999 -9999 -9999 -9999 -9999 -9999 -9999 -9999 -9999 -9999 -9999 -9999 0.0744996145367622 0.132071167230606 0.0354170873761177 0.0401496700942516 0.072426401078701 0.0829726755619049 0.112962409853935 0.174926966428757 0.256656348705292 0.269174963235855 0.236048266291618 0.249740585684776 0.269905835390091 0.288553237915039 0.308805733919144 0.324862957000732 0.332412213087082 0.295425951480865 0.282482534646988 0.308946818113327 0.326569616794586 0.29606220126152 0.263249158859253 0.26342311501503 0.274043351411819 0.296146154403687 0.310144186019897 0.326806426048279 0.340313792228699 0.336531907320023 0.33284467458725
-9999 -9999 -9999 -9999 -9999 -9999 -9999 -9999 -9999 -9999 -9999 -9999 -9999 -9999 -9999 -9999 -9999 -9999 -9999 -9999 -9999 -9999 -9999 -9999 -9999 0.0689105987548828 0.103636376559734 0.0376253351569176 0.0345508493483067 0.0622354112565517 0.0900492444634438 0.135896265506744 0.185127541422844 0.265419006347656 0.258354216814041 0.225201278924942 0.229301020503044 0.230855256319046 0.237425029277802 0.263260304927826 0.27731528878212 0.299071282148361 0.237749487161636 0.220381900668144 0.22626656293869 0.211005240678787 0.236423477530479 0.237891331315041 0.248003587126732 0.257800370454788 0.260391771793365 0.280147969722748 0.296753585338593 0.312553346157074 0.308967530727386 0.30585053563118
-9999 -9999 -9999 -9999 -9999 -9999 -9999 -9999 -9999 -9999 -9999 -9999 -9999 -9999 -9999 -9999 -9999 -9999 -9999 -9999 -9999 -9999 -9999 -9999 -9999 0.0840236619114876 0.085179515182972 0.0460113026201725 0.0303438045084476 0.0549041964113712 0.089419037103653 0.132024616003036 0.208755001425743 0.263604462146759 0.244002014398575 0.206863239407539 0.211754828691483 0.212480500340462 0.21800434589386 0.233678817749023 0.249347105622292 0.247945368289948 0.172826141119003 0.155174091458321 0.171849355101585 0.197509765625 0.203323528170586 0.204710677266121 0.222668349742889 0.232744559645653 0.235495984554291 0.250184148550034 0.266648024320602 0.290557295084 0.288992762565613 0.287504464387894
-9999 -9999 -9999 -9999 -9999 -9999 -9999 -9999 -9999 -9999 -9999 -9999 -9999 -9999 -9999 -9999 -9999 -9999 -9999 -9999 -9999 -9999 -9999 -9999 -9999 0.0763071030378342 0.0755300149321556 0.0428918339312077 0.0263956319540739 0.0509572997689247 0.0810110867023468 0.125333890318871 0.191164806485176 0.243837982416153 0.231280922889709 0.203728422522545 0.203854203224182 0.195058271288872 0.194195851683617 0.213161885738373 0.224353134632111 0.196994513273239 0.135559469461441 0.137588649988174 0.166471779346466 0.183715373277664 0.199370563030243 0.194566711783409 0.205329850316048 0.203509703278542 0.211832970380783 0.230866059660912 0.245909154415131 0.273664206266403 0.272328168153763 0.272125661373138
-9999 -9999 -9999 -9999 -9999 -9999 -9999 -9999 -9999 -9999 -9999 -9999 -9999 -9999 -9999 -9999 -9999 -9999 -9999 -9999 -9999 -9999 -9999 -9999 -9999 0.0736676380038261 0.0716061145067215 0.0363965071737766 0.024043831974268 0.0434569120407104 0.0697869136929512 0.102560609579086 0.148245200514793 0.177217751741409 0.197612881660461 0.186577901244164 0.178045436739922 0.154592841863632 0.149771928787231 0.181571871042252 0.190945819020271 0.160436764359474 0.123730942606926 0.126757010817528 0.145860612392426 0.176274389028549 0.177439704537392 0.173714324831963 0.182045549154282 0.185059383511543 0.191379860043526 0.211598590016365 0.234579652547836 0.263790667057037 0.261515349149704 0.260609060525894
-9999 -9999 -9999 -9999 -9999 -9999 -9999 -9999 -9999 -9999 -9999 -9999 -9999 -9999 -9999 -9999 -9999 -9999 -9999 -9999 -9999 -9999 -9999 -9999 -9999 0.0744554027915001 0.07230344414711 0.039077315479517 0.0205301996320486 0.0380896925926208 0.0577821284532547 0.0797296240925789 0.102925591170788 0.132351189851761 0.144943416118622 0.137672543525696 0.144222214818001 0.130521774291992 0.129472583532333 0.179599806666374 0.179544150829315 0.155231386423111 0.119426384568214 0.116654627025127 0.140054360032082 0.163632690906525 0.164895325899124 0.153718009591103 0.161866992712021 0.164391666650772 0.175592437386513 0.197007954120636 0.217626661062241 0.244821757078171 0.250919967889786 0.25054869055748
-9999 -9999 -9999 -9999 -9999 -9999 -9999 -9999 -9999 -9999 -9999 -9999 -9999 -9999 -9999 -9999 -9999 -9999 -9999 -9999 -9999 -9999 -9999 -9999 -9999 0.0748325884342194 0.0662405341863632 0.0444264076650143 0.0161400754004717 0.0304231513291597 0.0552956610918045 0.0711750164628029 0.086919754743576 0.103779084980488 0.122713550925255 0.143582507967949 0.13715361058712 0.12817719578743 0.140970453619957 0.178964301943779 0.189803019165993 0.165334418416023 0.119380958378315 0.115463063120842 0.131040289998055 0.151399061083794 0.150141030550003 0.138322308659554 0.146079733967781 0.153598055243492 0.166120648384094 0.188325986266136 0.192872777581215 0.238618403673172 0.243862971663475 0.245253518223763
-9999 -9999 -9999 -9999 -9999 -9999 -9999 -9999 -9999 -9999 -9999 -9999 -9999 -9999 -9999 -9999 -9999 -9999 -9999 -9999 -9999 -9999 -9999 -9999 0.0505356974899769 0.0758330449461937 0.063580110669136 0.0431478396058083 0.0173695273697376 0.0224594380706549 0.0443581752479076 0.0651581212878227 0.0832276567816734 0.09060899913311 0.108471930027008 0.125859454274178 0.119923278689384 0.112795405089855 0.123423114418983 0.168469041585922 0.190900161862373 0.168650060892105 0.123965725302696 0.114262729883194 0.126857742667198 0.143977582454681 0.135818719863892 0.130237907171249 0.144739493727684 0.163155540823936 0.182151362299919 0.194431379437447 0.204285651445389 0.240144059062004 0.213491410017014 0.190120875835419
