meets/meet004/_saidas_enm/CCSM_Maha_21k_Aralia_warmingiana3.asc
NCOLS 154 
NROWS 168 
XLLCORNER -112 
YLLCORNER -55.5 
CELLSIZE 0.5 
NODATA_value -9999 
[rows 75 to 99 of 168, columns 56 to 111 of 154]
-9999 -9999 -9999 -9999 -9999 -9999 -9999 -9999 -9999 -9999 -9999 -136.435842390868 -161.183332547964 -152.495936440292 -121.381393729916 -75.4282438465405 -43.3792135700233 -14.3526727732882 -10.0810299441814 -14.8585657605882 -14.4577771335943 -13.1203373863644 -11.7780330738483 -10.4858794282061 -8.55624520173932 -6.99697634195103 -6.33239092367197 -5.55254487201259 -5.05097622171149 -4.49824969702155 -3.95062692468109 -3.72623520714665 -3.52679779764753 -3.09294037317879 -2.48633698416527 -1.88556756129286 -1.32252518167655 -0.753583482279563 -0.452708060172206 -0.135993967132503 0.0849791049085206 0.215720817863174 0.284945528153755 0.17707765921757 0.0420050318235402 -0.298592787068873 -1.03300573161058 -2.10282563258023 -3.26685122205617 -3.08749757461181 -3.60945597867529 -4.56880366840129 -5.67339894508301 -6.19449737991998 -6.46528644518777 -6.95448982863933
-9999 -9999 -9999 -9999 -9999 -9999 -9999 -9999 -9999 -9999 -9999 -125.925170603884 -137.986659288964 -129.809024145214 -117.366966020367 -88.120858000057 -56.6722689101928 -22.6361193132942 -10.5798825236206 -12.9352634423325 -17.5726762466403 -15.4674657059788 -13.571527453328 -12.1177809112054 -10.0886011779241 -8.17133085537023 -7.64950793938828 -6.83433002340333 -6.17267752797589 -5.57754015618055 -4.83958698861947 -4.3823346893331 -3.67301755227302 -3.20978916858235 -2.84391164869706 -2.23684286510296 -1.72169865963334 -1.29173433715847 -1.12419794155544 -0.647891287821456 -0.258652358607844 -0.00511533562314281 0.107750791288451 0.267352304575375 0.385299809112241 0.213746733333781 -0.248016061422883 -1.1685342529753 -2.21494649944802 -2.61716429169661 -2.72321652345763 -3.34566567401215 -3.97462741763716 -4.66910580649857 -5.24237643464284 -5.97831363512754
-9999 -9999 -9999 -9999 -9999 -9999 -9999 -9999 -9999 -9999 -9999 -9999 -141.556917564497 -127.228297865718 -113.769191855266 -93.2222994897482 -71.9388048145763 -52.9573422292477 -30.4087404320524 -18.0416975794385 -14.8659477525449 -14.8471918268991 -15.1733846821399 -14.5941595317639 -11.8140318916533 -9.4971338602834 -8.60753453477823 -8.57709303575507 -8.16516740189387 -7.54538140754843 -6.44867017716022 -5.90473825892141 -4.95353552707737 -4.25773961003656 -3.61269349430007 -3.01627892343622 -2.64096077916692 -1.9175319817553 -1.45497244575478 -1.32047877015453 -1.00014302360204 -0.47662377263822 -0.266640991476597 -0.25396180199774 -0.013220065973184 0.196533274957805 0.0640450164703301 -0.548416843529366 -1.23388958789443 -2.02209646785299 -1.82084811337612 -2.02290598007933 -2.51376734546693 -3.07989232654987 -3.56364198801525 -4.11196323679261
-9999 -9999 -9999 -9999 -9999 -9999 -9999 -9999 -9999 -9999 -9999 -9999 -155.836233277242 -136.760317033933 -100.193435472699 -85.1761078565442 -98.79768074974 -105.475873060972 -90.9262828206282 -58.7190791082166 -22.3939236405561 -16.2319083533807 -14.4069161619093 -14.1240134818202 -12.0399988935574 -10.050383879593 -10.6413031124322 -11.2495529328978 -11.0731030057036 -10.8067770048115 -8.81572855201271 -8.55568223377767 -7.63115560461315 -6.40241709344098 -5.26978068312852 -4.27294728802758 -3.75950921093272 -3.15377430898942 -2.28461134563481 -1.75720807759896 -1.29054254149616 -0.945098509442886 -0.756681667164333 -0.601595441561779 -0.380813043184905 -0.337789490885138 -0.470175969834451 -0.626589048315343 -1.12440124778347 -1.87134831595551 -1.40822437774502 -1.49905392962268 -1.78893230772715 -2.07411941618388 -2.36296702929868 -2.72614853055117
-9999 -9999 -9999 -9999 -9999 -9999 -9999 -9999 -9999 -9999 -9999 -9999 -9999 -152.679080968141 -102.600427224702 -107.103236189129 -138.368124529038 -171.260646625972 -162.346663022615 -135.94105339042 -83.6011181464957 -34.295066564132 -11.2312733254156 -7.08643811014091 -6.29904397781559 -7.78962689306155 -10.5473665524496 -13.3976392377882 -15.028081857191 -14.4014496933214 -13.4595122318398 -12.4781622935487 -11.0635115411252 -9.30859465757579 -7.80484895166384 -6.21895857452523 -5.07985011093676 -4.41978768975873 -3.55755258249378 -2.7197088081308 -1.86627104714942 -1.06403204254025 -0.774726512177309 -0.931303912199691 -0.788032062553034 -0.92375772558452 -0.547923353420692 -0.382222495455592 -0.461874604448252 -1.0058140892813 -1.83469296491688 -1.67607627435207 -1.74381338299408 -1.84320212275894 -1.93745914266985 -2.13014827704644
-9999 -9999 -9999 -9999 -9999 -9999 -9999 -9999 -9999 -9999 -9999 -9999 -9999 -110.377416320112 -106.498236937409 -128.564400866173 -178.629450370312 -235.269037872286 -240.758831122005 -208.542529906527 -158.641782925063 -88.0061563696516 -20.8436304810046 -5.36164751555748 -3.95454708217227 -4.24067748261008 -6.57234219240599 -13.2126042418652 -16.8248531401414 -16.8295265884423 -17.6918869005806 -16.7062605266104 -14.8665498450606 -12.4838520723681 -10.7876160874116 -8.67677808945877 -6.57287606573366 -5.34482840917837 -4.58363114375646 -3.63215397435237 -2.88961021209796 -1.78402526806227 -0.964629323503627 -1.08857873234555 -1.04822717751046 -1.05244375027159 -0.50112585925837 -0.162092603302706 -0.0322506157118598 -0.270112909118272 -0.639350661261651 -1.09709547931605 -1.50259670934954 -1.74273749050765 -2.40443486185361 -2.45949596046219
-9999 -9999 -9999 -9999 -9999 -9999 -9999 -9999 -9999 -9999 -9999 -9999 -9999 -9999 -108.190974661571 -123.113925226473 -188.313337411196 -252.163418742576 -270.431567183473 -255.96721927977 -200.323167748953 -152.01697483365 -97.2658718439944 -65.3107259785486 -38.5342660626927 -16.5522587098844 -5.53758872906294 -6.36983857589161 -11.4946858099734 -15.7590849500228 -18.9800402617056 -18.2092142081421 -17.8780936290308 -15.7598841711227 -12.2889877166682 -9.7746334053056 -7.54035609011769 -5.83766781336154 -4.76203445256784 -4.05055407735858 -3.43947388542157 -2.47563314134604 -1.75541732125882 -1.59568243905488 -1.46235893117922 -1.23549926848789 -0.573096712430769 -0.319154055890201 -0.120882860759806 -0.0424520344754784 -0.113997034997205 -0.101984567681481 -0.584149009326891 -1.21607639082738 -1.40414812283997 -1.89492191168829
-9999 -9999 -9999 -9999 -9999 -9999 -9999 -9999 -9999 -9999 -9999 -9999 -9999 -9999 -118.030556345595 -113.102619737289 -176.287746473047 -245.96452849634 -283.409873105019 -286.175073937991 -254.988570013064 -246.893208919887 -245.116547266507 -218.85781621507 -154.112817877584 -107.297059802182 -60.2410750080597 -15.0296971626871 -6.57507835513585 -7.32255772658135 -17.6826433428735 -17.0701323309224 -18.456258475222 -17.5971079991348 -13.5295521841131 -10.9433108968539 -8.03727646344683 -6.19987887061145 -4.87077873765273 -4.01296145550646 -3.95230301416191 -2.91217417844764 -2.59504467054008 -2.34353313329123 -2.02711222845369 -1.65715436942316 -0.906394940043016 -0.730687304374053 -0.45119241074123 -0.0842539179901485 -0.0757768564561128 0.0524890551770582 -0.413728475017406 -0.76385623985363 -0.614977820994363 -0.646242180478943
-9999 -9999 -9999 -9999 -9999 -9999 -9999 -9999 -9999 -9999 -9999 -9999 -9999 -9999 -9999 -137.400100731437 -161.335619528584 -217.9004210122 -280.748882935642 -313.977137914045 -345.378979522928 -343.477784705008 -377.502864265519 -374.22499978298 -334.159575518038 -296.916313092133 -219.774234114141 -159.676480786106 -88.3495285966189 -25.0828756667439 -4.99071310738455 -11.3875182027886 -18.2238159628369 -19.7421542174218 -15.0105715737534 -11.1269634914106 -8.75118247263057 -7.43894974820773 -5.684149362272 -4.10917556531983 -2.97145165106393 -2.63680709318165 -3.01602457603979 -3.16073380145475 -3.01922716219192 -2.21713791499071 -1.34931011993931 -0.950514091872074 -0.518858628897883 -0.0989063417698772 0.15528549416842 0.242331921991656 0.0466797840095581 -0.128952031472568 -0.144612192696434 -0.140927479186753
-9999 -9999 -9999 -9999 -9999 -9999 -9999 -9999 -9999 -9999 -9999 -9999 -9999 -9999 -9999 -110.441084132043 -162.35690410526 -178.611169687622 -238.451617907118 -310.186472865336 -399.941047407282 -395.48266882462 -469.988705988584 -474.379568630472 -445.261782314263 -508.877519984636 -400.608577122919 -393.442966919773 -271.423834120753 -103.404894341914 -29.81765957329 -9.02895168175306 -17.3578436972187 -18.9232361457732 -15.3661788533136 -10.9116830572796 -9.61248505944241 -8.87796943343175 -7.20296594898146 -5.16848242006264 -3.48071522380346 -3.04274963013258 -3.71242029604509 -4.20055760266727 -3.89154400301248 -3.0872684636377 -1.95583632292444 -1.1754344127864 -0.562337577120045 -0.145814336238483 0.180516325678333 0.357225931449191 0.360428190430594 0.251414687871977 0.150056906256186 0.0898862174727765
-9999 -9999 -9999 -9999 -9999 -9999 -9999 -9999 -9999 -9999 -9999 -9999 -9999 -9999 -9999 -39.3580082860364 -184.425407310573 -172.76269236291 -202.184917785187 -243.324874021648 -307.258614478293 -361.221720525555 -407.525681147222 -428.864664726085 -409.493938720254 -411.748147002435 -402.999371924431 -394.67563313147 -308.818952403098 -179.860386069959 -82.8457363969392 -25.4500066852144 -13.4679260433075 -12.9777419750232 -13.0092793131226 -11.6167930962321 -10.4937347186964 -9.99558316329017 -8.63895525587919 -7.2409383807236 -5.7923916777283 -4.42839643228612 -4.58536388912282 -4.95704382671773 -4.66593425599585 -4.10851981275073 -2.76244707076731 -1.54616508185592 -0.799089590043016 -0.354823306341157 -0.0504885542468847 0.155200016371488 0.236295511785995 0.127484299623344 -0.146540375585688 -0.217361968722414
-9999 -9999 -9999 -9999 -9999 -9999 -9999 -9999 -9999 -9999 -9999 -9999 -9999 -9999 -9999 -9999 -75.2107883195543 -197.750080282625 -184.159823371538 -191.13056992224 -219.227032819699 -270.913754057571 -317.358239662592 -357.880349665214 -358.170793565513 -361.972211304426 -375.84793651272 -396.438287509967 -341.031388276154 -236.491658233129 -140.569116525185 -58.7651817717919 -18.1044356105666 -9.38826252654208 -8.64063586423767 -10.2170504549031 -9.56956925600199 -8.62791357229071 -7.3401937284066 -6.25230356765455 -5.28150889945157 -4.5499265573846 -5.56147990314702 -5.93143266551664 -5.30776712328257 -4.43034385050784 -3.73023204405133 -2.53259877108208 -1.57310467643153 -1.06154363500591 -0.632278825726161 -0.705798811330968 -0.882851007362214 -0.993891775732711 -0.757037047716776 -0.929039921611452
-9999 -9999 -9999 -9999 -9999 -9999 -9999 -9999 -9999 -9999 -9999 -9999 -9999 -9999 -9999 -9999 -9999 -67.5304574256392 -181.145862965934 -199.564586317658 -181.460791486423 -211.143185501991 -258.396170521819 -309.825575805465 -339.598290878838 -369.816094920979 -403.092440309349 -423.755248336059 -377.488977132196 -286.586288704826 -200.089350021966 -119.202721487737 -55.5457876707584 -17.8001466004156 -5.9648469682501 -5.55236434098196 -7.52340995168202 -7.79448001382989 -7.89500146164304 -6.39964187978397 -5.90456360809863 -5.86961302491877 -6.32472625647601 -6.15419961257948 -5.43383628013226 -4.3671502794676 -3.52693963049582 -2.91675951011077 -2.61289389562379 -2.26309967531091 -1.55734798096748 -1.15929069831085 -0.723075223153186 -0.492712833021879 -0.166871363020634 -0.263890867248061
-9999 -9999 -9999 -9999 -9999 -9999 -9999 -9999 -9999 -9999 -9999 -9999 -9999 -9999 -9999 -9999 -9999 -9999 -9999 -185.609531346179 -233.364730419603 -223.170226919877 -239.690508809865 -288.984488032035 -331.282772171359 -348.068407198105 -401.533977432333 -441.34870397173 -410.821919705696 -330.930143497365 -258.498586247321 -182.098754749937 -123.393898812895 -64.3258928577563 -20.4719034995005 -5.71787383674459 -3.81373093530826 -5.59635934905648 -7.42968591467431 -7.23688248891396 -7.83011676900994 -7.02054877855598 -6.79089269023403 -6.26349340021079 -5.40610339974882 -4.59803061252257 -3.77900222483215 -3.10656339407854 -2.62044072796991 -1.31538029457793 -0.435456833755267 -0.452976426485616 -0.761958857265409 -0.372072223373495 0.0912418784218529 0.0937290902318501
-9999 -9999 -9999 -9999 -9999 -9999 -9999 -9999 -9999 -9999 -9999 -9999 -9999 -9999 -9999 -9999 -9999 -9999 -9999 -9999 -9999 -203.083027663079 -252.493159956531 -272.914746754559 -299.911854703762 -339.836914731015 -367.912553077446 -396.304300834883 -397.338949030476 -358.904776953373 -312.81621025614 -240.671478214367 -194.229371893501 -138.273416891255 -72.4626322173998 -27.3765478406399 -7.10494294203849 -3.017063838169 -4.95871253516047 -7.23422925924778 -7.0937330968645 -6.66934560173933 -6.70745177806391 -5.81379212080182 -5.29900608060965 -4.75742556501528 -3.88739273617038 -3.39338337980419 -2.94657993128415 -1.4548306917838 -0.615481768943634 -0.499965410918252 -0.7214013913719 -0.370192768282834 -0.0899432438210126 -0.0799700984374672
-9999 -9999 -9999 -9999 -9999 -9999 -9999 -9999 -9999 -9999 -9999 -9999 -9999 -9999 -9999 -9999 -9999 -9999 -9999 -9999 -9999 -9999 -9999 -198.177574447761 -237.350349121893 -277.27545496445 -314.785922680369 -344.57031791609 -371.094463286738 -363.451471886136 -354.61107926754 -297.304232368327 -261.131198530108 -209.521455402658 -150.882826908208 -91.0336490015647 -39.4980665502343 -12.8529513423829 -4.69293453726467 -3.95246265784732 -5.91867505934062 -4.7631740594751 -4.60267680649666 -4.50829988805112 -4.7279300774798 -4.29534290847081 -3.54766257674506 -3.18708329408915 -2.85384789076726 -1.6176785434814 -0.812160716331372 -0.645346155964494 -0.898903287292118 -0.510624425012149 -0.263536566054681 -0.147818311270874
-9999 -9999 -9999 -9999 -9999 -9999 -9999 -9999 -9999 -9999 -9999 -9999 -9999 -9999 -9999 -9999 -9999 -9999 -9999 -9999 -9999 -9999 -9999 -9999 -9999 -217.227446427871 -259.486703666446 -274.577256666909 -311.335345071631 -339.816374989927 -348.68029531787 -332.721325907023 -332.07841032849 -296.081302121944 -231.925372286212 -191.105192452245 -111.02113875897 -59.7600433830485 -22.364537034015 -7.83768542905125 -4.92451827445275 -3.98474028808335 -2.93154143512459 -2.62906822436188 -2.83320727257872 -2.91437953612564 -3.09798586883941 -2.71017966580637 -2.57714023722 -1.81181335222128 -0.977002967046435 -0.792225560977922 -1.08817103313072 -0.886748452485096 -0.369087092941503 -0.140100244222718
-9999 -9999 -9999 -9999 -9999 -9999 -9999 -9999 -9999 -9999 -9999 -9999 -9999 -9999 -9999 -9999 -9999 -9999 -9999 -9999 -9999 -9999 -9999 -9999 -9999 -166.317217511369 -234.194317968308 -233.575556460054 -260.431108906538 -305.789456297337 -328.384553490202 -345.427718122565 -367.865476211065 -339.248582041705 -280.933625215381 -234.549832476529 -164.236218188455 -104.641709675673 -50.9871033855663 -19.1635351106388 -8.75998353570528 -5.00501280886745 -1.38960336010118 -1.28479677462213 -1.58914639920576 -1.69726592443241 -2.09340053474942 -2.24928323150585 -2.47024719525141 -1.98819844940482 -1.09072551897136 -0.971728502822094 -1.22626754964143 -1.12675592754804 -0.426580621778917 -0.216188366295942
-9999 -9999 -9999 -9999 -9999 -9999 -9999 -9999 -9999 -9999 -9999 -9999 -9999 -9999 -9999 -9999 -9999 -9999 -9999 -9999 -9999 -9999 -9999 -9999 -9999 -9999 -9999 -225.856393102747 -227.290364364907 -248.795248535079 -292.029921331475 -327.872387962504 -347.488872706425 -347.313083589497 -316.197667709205 -274.921887270023 -206.42117103353 -143.847716164331 -80.4017828819488 -37.3280340143297 -17.769371823806 -5.58138606792549 -0.559364894635793 -0.298760871078244 -1.10090488236092 -1.16327236308971 -1.48696577112092 -2.08915018326784 -2.47748995397439 -2.06257885013416 -1.18771435205453 -1.22067447983701 -1.41715339829857 -1.08434855652715 -0.378686486850981 -0.120951459517232
-9999 -9999 -9999 -9999 -9999 -9999 -9999 -9999 -9999 -9999 -9999 -9999 -9999 -9999 -9999 -9999 -9999 -9999 -9999 -9999 -9999 -9999 -9999 -9999 -9999 -9999 -9999 -198.185335489823 -230.400672339804 -219.367421513242 -247.355590465461 -305.497816653038 -348.300416381529 -362.036937750846 -337.361580620146 -288.581446370475 -239.084706826589 -181.487569565279 -107.487143098198 -51.4552288770986 -18.6547865418662 -5.96981497762834 -2.23930720554596 -1.47504610843971 -1.43861077768243 -1.00509301329337 -1.29382996003127 -1.81516867314142 -2.24003972434099 -2.06964394570519 -1.86436727868721 -1.63548861167634 -1.37277958842727 -0.925347486868003 -0.268714532240824 0.0771681345784146
-9999 -9999 -9999 -9999 -9999 -9999 -9999 -9999 -9999 -9999 -9999 -9999 -9999 -9999 -9999 -9999 -9999 -9999 -9999 -9999 -9999 -9999 -9999 -9999 -9999 -9999 -9999 -9999 -216.616450467612 -191.472489132961 -204.6858188932 -273.976371173017 -345.647688787722 -373.855557880003 -346.954603566833 -296.073594416038 -256.587144618491 -213.969443868558 -139.44380051249 -66.0723237729981 -22.4444623880675 -6.40002169915995 -4.46958383423982 -3.65362894691351 -2.29769033746468 -0.156012318025371 -0.515309145003137 -0.896316843616292 -1.27682408540426 -2.0567186454083 -2.61153126447024 -1.74797478567645 -1.08675970702338 -0.711008506563243 -0.235664932702315 0.02860499879267
-9999 -9999 -9999 -9999 -9999 -9999 -9999 -9999 -9999 -9999 -9999 -9999 -9999 -9999 -9999 -9999 -9999 -9999 -9999 -9999 -9999 -9999 -9999 -9999 -9999 -9999 -9999 -9999 -212.824305337605 -179.82451555662 -188.879178760516 -257.294639097856 -338.452014632185 -381.193142876732 -361.437852649227 -301.056068959853 -267.225092005001 -231.242715637652 -155.519888005034 -74.6691720049438 -26.671958635605 -7.31689714879512 -5.96214616985654 -4.63942507437448 -4.12978711785169 -2.55252112653949 -1.19457728371681 -0.44850206264814 -0.675978062720599 -1.7359419749932 -2.3996583982384 -1.56981760417126 -0.736515368086562 -0.535430922158687 -0.108054119920011 0.42225490946074
-9999 -9999 -9999 -9999 -9999 -9999 -9999 -9999 -9999 -9999 -9999 -9999 -9999 -9999 -9999 -9999 -9999 -9999 -9999 -9999 -9999 -9999 -9999 -9999 -9999 -9999 -9999 -9999 -217.641703909338 -172.806654624793 -172.601707062939 -249.095311466165 -345.719163674655 -394.991178091253 -369.979892043696 -302.912731756388 -272.065600944545 -238.726627456535 -163.871457908879 -79.173393324103 -28.0305193359327 -6.66093283157107 -6.51430963052666 -6.13410091946222 -6.72710830294313 -6.59437729472181 -2.58583276036921 -0.60536255058495 -0.55062964725538 -1.38935413747785 -2.90845657002569 -0.98822792436491 -0.397755143836284 -0.2112079141787 0.24032111927887 0.356261328826906
-9999 -9999 -9999 -9999 -9999 -9999 -9999 -9999 -9999 -9999 -9999 -9999 -9999 -9999 -9999 -9999 -9999 -9999 -9999 -9999 -9999 -9999 -9999 -9999 -9999 -9999 -9999 -9999 -205.839026852101 -175.436460077044 -180.719676486211 -255.069181449609 -353.427519594389 -406.985463686906 -392.534577763919 -329.888387878578 -284.304867316035 -238.786689617075 -155.611530161318 -71.7107579311268 -25.4938995992161 -5.74679886719955 -6.46726505293744 -7.4549978926217 -9.17454563068511 -8.06260224313724 -4.77292092564279 -2.18006366386359 -1.32709132348434 -1.08181457478866 -0.496127601426956 -0.161579428236998 -0.00466818108099765 -0.0117645508143966 0.29379006968814 0.52938935036863
-9999 -9999 -9999 -9999 -9999 -9999 -9999 -9999 -9999 -9999 -9999 -9999 -9999 -9999 -9999 -9999 -9999 -9999 -9999 -9999 -9999 -9999 -9999 -9999 -9999 -9999 -9999 -9999 -196.03426137015 -177.429513993179 -182.352194240083 -269.047551402397 -368.227808426133 -420.459735175093 -407.079298131974 -359.945696091571 -289.890020529095 -231.180212391929 -139.994793229456 -60.9633286774622 -20.8299952916418 -4.13398703898939 -6.33557778038801 -8.9179272405313 -10.1933015076959 -9.84642670902127 -6.0490985060086 -3.62302500468201 -1.90830794448026 -0.59860632570201 -0.37604078101077 0.171194047932737 0.0327501002958897 0.0232496802271318 0.309627062615132 0.471761070522218
