meets/meet004/_saidas_enm/CCSM_Gower_0k_Cavanillesia_umbellata5.asc
NCOLS 154 
NROWS 168 
XLLCORNER -112 
YLLCORNER -55.5 
CELLSIZE 0.5 
NODATA_value -9999 
[rows 52 to 77 of 168, columns 58 to 115 of 154]
-9999 -9999 -9999 -9999 -9999 -9999 -9999 -9999 -9999 0 0 0 0 0 0 0.0452852126916241 0.185029864929211 0.206706915614071 0.187046249297782 0.102992024498107 0.00329774671092176 0 0 0 0 0 0 0 0 0 0 0 0 0.318619357592811 0.562779654263019 0.658527372112381 0.668826336121157 0.676278712709489 0.704183986923404 0.696271213641757 0.692417805426262 0.677818979183392 0.655240126526286 0.646696290053204 0.614331868053982 0.622793908723904 0.586328718371233 0.50687605981739 0.490576907210914 0.548959621163627 0.489420690942183 0.419523465656402 0.504934691034977 0.605971636407254 0.664861358592808 0.698540258795933 0.704993089129327 0.671601517619868
-9999 -9999 -9999 -9999 -9999 -9999 -9999 -9999 0 0 0 0 0 0 0 0 0 0.00255994169171958 0 0 0 0 0 0 0 0 0 0 0 0 0 0 0 0.23261115089889 0.490761465923988 0.604500217782471 0.621257311423157 0.628600261611679 0.661088335845892 0.66769756503406 0.668677734608361 0.655202386459544 0.624342924764561 0.602134447829467 0.565659278132225 0.537890088638866 0.487124053989291 0.499256054066062 0.551126587284132 0.480079835325654 0.408536488740886 0.345364718867912 0.494890004179566 0.617891246739447 0.692889195888649 0.733343402123589 0.739385686870021 0.702493662813793
-9999 -9999 -9999 -9999 -9999 -9999 -9999 -9999 0 0 0.161532329829156 0.000316562139080157 0 0 0 0 0 0 0 0 0 0 0 0 0 0 0 0 0 0 0 0 0 0.150088295539933 0.382778849197757 0.549185154350935 0.5653565713469 0.572594700845971 0.591956625182944 0.60377283444484 0.609873762189224 0.594749511083593 0.556038746439198 0.517455717405313 0.460819388752554 0.478640945814164 0.542668864109177 0.46840423637029 0.414155453808874 0.346642167481619 0.287830414920804 0.260555516001174 0.466466717366752 0.610276882561682 0.698201347211162 0.749628448450881 0.758493180073767 0.726792816102053
-9999 -9999 -9999 -9999 -9999 -9999 0 0 0.0343893025143676 0.164933441357329 0.260999824445209 0.131043314791392 0 0 0 0 0 0 0 0 0 0 0 0 0 0 0 0 0 0 0 0 0 0.0159252372119802 0.262622571461581 0.4343531701522 0.512810221625829 0.507147497989726 0.503975175232159 0.49469216714885 0.502861036851592 0.484975390221513 0.441573003049395 0.481339360586207 0.505386030379566 0.424266208836537 0.353200929015824 0.290384676109408 0.233873970619975 0.189363550694299 0.146513474745744 0.155343672211192 0.401777643301534 0.58072912624738 0.688628261587081 0.751469147064272 0.768147869239337 0.75216168456732
-9999 -9999 -9999 -9999 -9999 -9999 0 0 0.314468638991968 0.393215609450859 0.413464820806213 0.146577643994541 0 0 0 0 0 0 0 0 0 0 0 0 0 0 0 0 0 0 0 0 0 0 0.0757422844469475 0.259709796397267 0.363307306464724 0.41783041997658 0.415523765047587 0.396703397472533 0.393057087921028 0.412283134816214 0.355486075116964 0.308530015297178 0.222623009444972 0.150594865116335 0.0846979935708346 0.0180802780410562 0 0 0 0.0579204770003562 0.329350109692493 0.533447147386276 0.652884595548353 0.737043070958488 0.764737474532259 0.766135401550571
-9999 -9999 -9999 -9999 -9999 0 0 0.170746412051721 0.472689943435468 0.543135604245172 0.491455011949923 0.225101794028163 0 0 0 0 0 0 0 0 0 0 0 0 0 0 0 0 0 0 0 0 0 0 0 0.0337361613278285 0.131654336074536 0.170053271091153 0.194122393068154 0.160235093341371 0.12123064937796 0.0749322536873598 0.0123508404436652 0 0 0 0 0 0 0 0 0 0.247036581772892 0.477131273167123 0.608488884388886 0.712363693013334 0.746834662056202 0.763714372782399
-9999 -9999 -9999 -9999 -9999 0 0.137512960221266 0.448692726593924 0.642734319355809 0.59649555544882 0.55051334417436 0.309699054629328 0.0539209236232748 0 0 0 0 0 0 0 0 0 0 0 0 0 0 0 0 0 0 0 0 0 0 0 0 0 0 0 0 0 0 0 0 0 0 0 0 0 0 0 0.132306205183455 0.390363753344875 0.546431974487958 0.661989183144003 0.711749035334863 0.732120620097547
-9999 -9999 -9999 -9999 0 0.179381133589668 0.454909633642921 0.61438673954729 0.658665553603849 0.615987187167259 0.475106261967058 0.358085589289025 0.147068100587765 0 0 0 0 0 0 0 0 0 0 0 0 0 0 0 0 0 0 0 0 0 0 0 0 0 0 0 0 0 0 0 0 0 0 0 0 0 0 0 0.0531971114578851 0.297403505715932 0.463814006333562 0.587928956296518 0.643675395943497 0.684365747243304
-9999 -9999 -9999 -9999 0.285427742981835 0.479159275155143 0.565927324044687 0.676961312752474 0.684515337350878 0.650168033827733 0.427049484661148 0.362036067143713 0.272695094064247 0.141314917541481 0.0895587434961916 0.0658093370275118 0.0665704634697347 0.0460804025456532 0.00539667478279016 0 0 0 0 0 0 0 0 0 0 0 0 0 0 0 0 0 0 0 0 0 0 0 0 0 0 0 0 0 0 0 0 0.00342071421412216 0.00441039060194859 0.176958673776621 0.341322621561562 0.475973816980775 0.537171309748236 0.573057041691279
-9999 -9999 -9999 -9999 0.443222346245133 0.501676405728833 0.568704669479477 0.67905470501009 0.716471060583978 0.648591870678192 0.445721749232446 0.396544470224693 0.352286022523622 0.228374072361891 0.217626147214348 0.196292274802788 0.19921381306848 0.17748941282779 0.146385701615982 0.135023504320268 0.136842575315887 0.149877696022957 0.140829549258733 0.144112781594183 0.124812819953949 0.12479797904839 0.122045627106067 0.0945305882003022 0.0891547881810806 0.0568803415336303 0.0402251706059078 0.0152322375933694 0 0 0 0 0 0 0 0 0.00187627064231699 0.0273920275563935 0.0485822965389286 0.0889293477585466 0.0926303869209623 0.118351796383494 0.127634570797503 0.120641818782175 0.139261925605865 0.13023413208355 0.142900350281019 0.154696043361004 0.13078635511229 0.130694906865657 0.206325009644361 0.332761115157705 0.397400547169486 0.44321352459055
-9999 -9999 -9999 -9999 -9999 0.50925589052093 0.578630227917759 0.685333031107603 0.736171109142794 0.654980449135239 0.4769258291272 0.443646710851282 0.438777012463767 0.357595321151745 0.337158828829632 0.315190119015055 0.316125520091124 0.316111809921227 0.301968002897946 0.299818474405221 0.297673539526121 0.306067555710101 0.312285329771351 0.304440285751083 0.300270415314971 0.285682794544508 0.277852379416862 0.264034365606083 0.240940361795265 0.223353181998458 0.195040267741468 0.17850778163303 0.165530752470576 0.14417511339753 0.140147432970866 0.131317659531291 0.13476202169852 0.153774211112874 0.163088646125408 0.192642401429061 0.213077480331596 0.236811621868844 0.27060528254865 0.286995154621767 0.310007462781033 0.315217044657997 0.319102181720319 0.325274867697062 0.323188943085303 0.325197977672073 0.317086998758389 0.31419789847199 0.30640465627922 0.284669726062681 0.262233527723007 0.227308071316906 0.199296498113735 0.221386267315083
-9999 -9999 -9999 -9999 -9999 -9999 0.589335979713457 0.699236791306379 0.689759290773976 0.657361504255134 0.500561574099183 0.484686432755375 0.470120803182517 0.418066237541789 0.413187295872266 0.397158472062565 0.399019780746544 0.401768953069379 0.397137893592821 0.401598207387989 0.412012720646773 0.42039761108151 0.420484649573974 0.424623798243914 0.413415797554762 0.407943884429743 0.400606964747412 0.377949165775054 0.367246832027282 0.340510187988694 0.322360467200235 0.304900141810465 0.286108728534041 0.278522976335177 0.269940763334516 0.276163484364286 0.279790460340866 0.290834496889793 0.318190879448038 0.330647982219088 0.362629329312886 0.386745557806497 0.406576667585193 0.434664402844815 0.438943647250074 0.454847653470787 0.458349062631091 0.45487440846917 0.462777418205238 0.454128428024293 0.45305164017478 0.45167940454161 0.433378243314764 0.429173525191349 0.396811975126063 0.377633397499454 0.348800741859637 0.315289835766214
-9999 -9999 -9999 -9999 0.53492599228668 0.56682616497571 0.638824186524153 0.725184986991187 0.71309890472872 0.637028429325428 0.512307927949081 0.497810379682519 0.495649740701256 0.488037565083541 0.471879898886421 0.465417491198991 0.469248632186106 0.482333843104039 0.49091285350278 0.504071808725303 0.513062447698688 0.522272501100899 0.532407258406135 0.533267186324156 0.532821295539668 0.525713286052565 0.518951438533014 0.507763998502221 0.489431446720428 0.473798124712733 0.453054060224885 0.441118036988774 0.432997338804535 0.421564255069669 0.423608941728867 0.42282033059604 0.429987365863626 0.449092370979326 0.46264680272318 0.487339985640764 0.507523942976524 0.526028323486822 0.535026875033973 0.518937661490114 0.512710769530907 0.50971269619819 0.512666774453892 0.524088101075346 0.538289103390038 0.561438729867645 0.584192728157681 0.580005541608069 0.572282599802431 0.558402311069825 0.545796289033195 0.52561719650376 0.511076900008451 0.498427982985902
-9999 -9999 -9999 0.546323678498297 0.57267326162785 0.620971781520713 0.689302290706221 0.700565855961942 0.689335628498278 0.612321806294137 0.516711258300304 0.509648543502472 0.524434162182321 0.517443676646597 0.507559638715573 0.515056890164728 0.525573177102348 0.528567566230579 0.548053976873528 0.557868641758557 0.580984739730519 0.594930364644913 0.601684665882869 0.611743120364257 0.60959992525527 0.612972698295485 0.611547827147091 0.596253256421703 0.588496832085232 0.574993417893378 0.563261863035906 0.555305750092121 0.541101012619294 0.538644179131606 0.536206590558038 0.540995376742736 0.54602777096258 0.555832602239454 0.571037954588687 0.577778590483986 0.549459565239573 0.528529449872158 0.512974847692086 0.497180076548136 0.497254119670408 0.496687407074925 0.500285256622817 0.510409186193437 0.519987081393266 0.540397161133579 0.562155177332156 0.580216613376278 0.598770967890218 0.611438908681498 0.617591337768144 0.618413037617263 0.610430328824416 0.596061258862785
-9999 -9999 -9999 0.607624114511296 0.623129484401061 0.657855556037936 0.675246864975615 0.673202468405633 0.640675677246891 0.584521569951001 0.543883239461882 0.552509384909196 0.555963346946882 0.562649507809562 0.54669217296631 0.542341555468899 0.550467433893343 0.574945275443639 0.590215963974662 0.60637746881251 0.626280865809598 0.640584200214577 0.658989649972896 0.668792781698913 0.675756274205314 0.678479078783747 0.678345179686696 0.675801893184003 0.667674604787347 0.660001572205919 0.648190575124368 0.641068527393148 0.635956520304666 0.628747241603112 0.62913540166717 0.627853094567307 0.631885662782728 0.627045841571763 0.596175747134476 0.571365561364365 0.54611339142852 0.526906963127393 0.514331748488455 0.503530068563716 0.501469461933276 0.501249917344546 0.50411293602224 0.511395225183924 0.51903690619873 0.531724314750605 0.544164703019764 0.555962479833054 0.56682071328475 0.572742690258473 0.573693080851184 0.568079577535336 0.556284447173969 0.538577196146343
-9999 -9999 -9999 -9999 0.684592765575788 0.667562258317502 0.680239367033102 0.629070916459166 0.612693703201822 0.57543770523269 0.547024293606459 0.566247837698711 0.562256099870245 0.56929020721364 0.558464392459629 0.572463888100007 0.586347193276832 0.610609354468966 0.618504408261585 0.642137195549384 0.664287196534341 0.685183077797902 0.704297123053287 0.714610968088222 0.724459368310838 0.730112559391339 0.734668779450416 0.735538605327402 0.731099759996662 0.729236139280009 0.721085022123143 0.718383561329444 0.715300592162111 0.708819051025358 0.710273504011289 0.685796917309451 0.659315512798745 0.631260655004498 0.600166795002728 0.580064217787499 0.556727674941982 0.539882161589423 0.529264657689161 0.517500524873974 0.517663419742972 0.516212443794161 0.517122824176072 0.521217435762479 0.522711814443328 0.529527335762209 0.533615416365523 0.536964077841384 0.54086817664678 0.539564269784469 0.534124064425065 0.523953261818495 0.508453263075503 0.488253760824299
-9999 -9999 -9999 -9999 0.691143909560373 0.669501154246365 0.662132835079413 0.634072333031251 0.606794136454563 0.591363408588991 0.553970582717627 0.531789160894482 0.534128541025175 0.526902830266015 0.561511197238811 0.5954087123692 0.611501607752362 0.628835478629414 0.644579070921109 0.663095642462539 0.688845939693158 0.708729968820115 0.727944781123807 0.742041793616994 0.752835537690386 0.753843407390064 0.759579132482101 0.767168385272887 0.767513450691146 0.767123164464834 0.765260136694931 0.764038479658942 0.75574707707966 0.73844703860102 0.719639359265504 0.696565841983679 0.672370751933482 0.647312411358222 0.621508461259273 0.600884479625982 0.581504542572764 0.56628941159675 0.555767965616736 0.546802209934958 0.542945270902825 0.540107215860929 0.538624038345374 0.538167684175825 0.536433623018 0.535225994076636 0.531469408501411 0.527531510132564 0.521837674804172 0.512319606447138 0.502248287880489 0.487274183779028 0.469438891884352 0.448473326027738
-9999 -9999 -9999 -9999 0.579885164189288 0.661840349562163 0.654003067179503 0.641902872712593 0.62855489728903 0.608085020115646 0.570602721098366 0.552494526773946 0.52927857956359 0.518960602566644 0.542913468932777 0.610366076521402 0.648742071333691 0.66170460490163 0.663557122230752 0.688447208859434 0.691219203735091 0.693332382397313 0.714865689423376 0.73235142225247 0.726755595412578 0.715761038237109 0.720935724877368 0.739238236357921 0.757738980048156 0.762574916750931 0.765919878797441 0.774456356572845 0.767121518698598 0.74976152634747 0.734568172218886 0.713538462350949 0.692757053648459 0.671595308381952 0.647318541921632 0.630570966620819 0.6117914160776 0.597793704994559 0.588537984709525 0.577946057041149 0.573543392927911 0.567421934232547 0.562634238059202 0.558929840515893 0.552290580719355 0.545592993122441 0.535194660085871 0.523816537827624 0.510206065715466 0.492875020945847 0.478410118127443 0.459649260279597 0.439894878354721 0.417944942843467
-9999 -9999 -9999 -9999 -9999 -9999 0.601815774092828 0.647477895412715 0.644656125884133 0.537737286562176 0.466624758235325 0.474761948726046 0.558171618560365 0.543613353632035 0.536831834587897 0.570476862164758 0.627469564300313 0.678857500589 0.691043626148764 0.680202621440037 0.651746042223962 0.651187251671466 0.676758781469919 0.697207280310971 0.691864107537089 0.678429019705076 0.682731431466404 0.701149353510453 0.718369030745747 0.723599779932807 0.724884159458043 0.733743797033606 0.74740509365902 0.760630485915017 0.751780402803489 0.735266767869359 0.717090466146489 0.698123650824211 0.678695103281824 0.661650108667878 0.645843681629156 0.63200168685674 0.620349018454265 0.610095293534033 0.601679562612293 0.593968335602474 0.586359029209355 0.57796414220321 0.568513966153927 0.557225737193833 0.543119777942607 0.527164363945182 0.507481386514948 0.485965909120414 0.46625983023603 0.444039462317468 0.423195273331836 0.401966921703087
-9999 -9999 -9999 -9999 -9999 -9999 0.560298142848275 0.659923111285237 0.620578236167935 0.491688280206392 0.374124488953402 0.369172807246596 0.461058746376176 0.566611972893952 0.553712450338053 0.575235457182714 0.621868490837338 0.663649327251738 0.676593163733472 0.652087642158354 0.614308480782723 0.612383575696794 0.643716060420037 0.665916347479535 0.661124381281439 0.644442766697878 0.647720410345376 0.666965009362286 0.681941124665719 0.686734056877832 0.68496871992946 0.694070678798883 0.710402264081296 0.724253223503162 0.731363152090448 0.735529848593659 0.742328903647947 0.72710512808962 0.708940069875276 0.694932704995873 0.679478968073499 0.665900602255814 0.653825624101576 0.641073285887345 0.630999135387012 0.61958315782021 0.608362132169862 0.596484982970506 0.583561091156839 0.569958558400449 0.552723646111985 0.532974922071193 0.509129344093774 0.484125708671398 0.462435220260585 0.438770284488884 0.418350645303973 0.39850708853511
-9999 -9999 -9999 -9999 -9999 -9999 -9999 0.671197956224367 0.6691746469568 0.481937180152779 0.304921292507489 0.268531918826758 0.365792913682454 0.541429317956753 0.591021006188594 0.615360627597663 0.62029031046796 0.637618184339855 0.64823117722327 0.621531327719565 0.58803776537242 0.584811994122035 0.612591498713758 0.635879622846661 0.631704669734758 0.61878529436351 0.621521796381265 0.636629081054633 0.649871224709248 0.65241501357518 0.650873259293214 0.658344836950251 0.672330358546836 0.685791227197373 0.693119906336508 0.698472239376638 0.706944643333441 0.715589649972488 0.724894174314469 0.723256768164241 0.70958119793731 0.696227742332096 0.68212589681779 0.669207468201397 0.655605377747667 0.642295413703225 0.627961441217118 0.611507622079723 0.595289216577291 0.579144377835785 0.561926576815074 0.540537264298366 0.513896321079953 0.487453018112894 0.466171624683826 0.444897393244039 0.426174337775709 0.408564783167261
-9999 -9999 -9999 -9999 -9999 -9999 -9999 -9999 0.635008012977184 0.503533894005625 0.274025980222144 0.213295085717046 0.300935358273536 0.478137633016282 0.643100690967252 0.616291835338975 0.593316321519825 0.609791815290351 0.620076149760489 0.598100766097672 0.565049109673692 0.561920601212368 0.587299740885907 0.607573969776079 0.60645938689237 0.596061401128708 0.599238451538821 0.612350076988506 0.62225888654311 0.624459377538901 0.620922570219827 0.626405472576741 0.638216162349849 0.648183599244025 0.655455274356031 0.660127025476473 0.669027234618508 0.679918398649298 0.689705837998376 0.695861142334064 0.70124885295419 0.709415542608412 0.708043457486897 0.694163779540365 0.679524570812525 0.663360771048435 0.646288045300359 0.627018867092757 0.607813600008709 0.589936519487542 0.570724917948222 0.548782708695825 0.523454399647785 0.498336818591425 0.479250063306496 0.460147799353047 0.444067140982812 0.429656356955596
-9999 -9999 -9999 -9999 -9999 -9999 -9999 -9999 -9999 0.547629439378125 0.289288218192209 0.194331481254062 0.261203857275105 0.422077948896681 0.655960074530098 0.596771329429768 0.567268986372992 0.589388850976672 0.594787668202399 0.578336241981093 0.551498003047135 0.546203547024579 0.564451188908973 0.57772615352871 0.581360160258148 0.578933891852993 0.583016659627287 0.592023426759922 0.59854664545627 0.601141986759117 0.599239837692267 0.602170397103573 0.607641198218231 0.611077472611905 0.619656607317372 0.624382219085999 0.633498830701367 0.644406553950209 0.652624316612167 0.662504600641755 0.667918035857367 0.678499646063198 0.694197343170116 0.701318344629181 0.694430982604669 0.681974183812074 0.663880255753284 0.642215409850718 0.620687323378467 0.600905068101436 0.579535916485601 0.558420927811159 0.536831596458134 0.515936303335244 0.498948980201597 0.484017740336739 0.470349918460785 0.457048542728148
-9999 -9999 -9999 -9999 -9999 -9999 -9999 -9999 -9999 0.591414696855856 0.333578750649571 0.220701745529586 0.245856679387378 0.374843086393059 0.575512935440391 0.616098813471561 0.582024711456341 0.586289101110413 0.583919852065942 0.569806871819932 0.545890843687253 0.538385334915654 0.547969120109711 0.555766742319876 0.561268998690949 0.563254357854066 0.568423391523411 0.575568299018241 0.579717761626943 0.583949711610315 0.583956882603256 0.586100774377792 0.588361047841026 0.588221860043634 0.594671639185485 0.598770971289016 0.607231705387601 0.618132416090246 0.625791835939539 0.638644959105023 0.646493856725861 0.656491592726344 0.668543046926278 0.672626602845341 0.668704585936875 0.658699042089767 0.6481535148075 0.636676851214445 0.627122138442229 0.617786647300797 0.595609436339432 0.575661809114403 0.557286976091324 0.538993324246667 0.52437786546876 0.511024686475304 0.499068795435819 0.488239759942997
-9999 -9999 -9999 -9999 -9999 -9999 -9999 -9999 -9999 0.626371173068439 0.392872573729099 0.264211059570336 0.258307208432129 0.317146204221507 0.472707031210412 0.663777270441527 0.631179424913455 0.616952221943407 0.588368924177534 0.573413075745951 0.554624533479759 0.540524844359936 0.540619522933722 0.539082033424749 0.545467241940792 0.550994182270029 0.555965760629853 0.560957421858858 0.563844115033665 0.568886489442962 0.573855721768745 0.57560908321002 0.574600242571742 0.574743884255983 0.576826389673136 0.581562006075819 0.588880886050545 0.596232094272132 0.608355413781498 0.623017195279503 0.635512893258748 0.643885647502968 0.64619624365194 0.642365603491573 0.639273369112141 0.633734617855972 0.627039873915237 0.620421301968647 0.61560846168989 0.611332062794898 0.611317277158136 0.597748338825321 0.580721925065387 0.565864179701811 0.551306947468729 0.538851315636495 0.528097684232612 0.518073591715587
-9999 -9999 -9999 -9999 -9999 -9999 -9999 -9999 -9999 -9999 0.477786762508573 0.349141783046107 0.292286442656754 0.303882535237979 0.378009886323056 0.509700901142133 0.613104174055898 0.679570096928773 0.634623074747481 0.601433772059588 0.573993861773157 0.551028130762622 0.541164710577728 0.535676873882551 0.538610526583185 0.544214668299281 0.547714129209793 0.549954101045117 0.550547445254542 0.555668160845014 0.559965422576059 0.562204966094058 0.562216964090371 0.561086431241895 0.561231891485857 0.562969992972376 0.569668956707673 0.578107802666439 0.591975816069091 0.612564930772701 0.629791367039402 0.636500634924213 0.631484881612299 0.62083531308706 0.613851743222128 0.607861712128999 0.603356020351411 0.602835173193919 0.601457683206539 0.597275773771477 0.594317674271676 0.59393702385955 0.596785075451445 0.592938145509371 0.580353171676247 0.568327920583762 0.557968913822763 0.549288710303444
