meets/meet004/_saidas_enm/CCSM_Maxent_21k_Aralia_warmingiana4.asc
NCOLS 154 
NROWS 168 
XLLCORNER -112 
YLLCORNER -55.5 
CELLSIZE 0.5 
NODATA_value -9999 
[rows 75 to 99 of 168, columns 56 to 111 of 154]
-9999 -9999 -9999 -9999 -9999 -9999 -9999 -9999 -9999 -9999 -9999 0.0606501065194607 0.0645761266350746 0.0649800449609756 0.0723610445857048 0.0962456166744232 0.121078826487064 0.196539595723152 0.266111612319946 0.286497861146927 0.338079065084457 0.380438625812531 0.431518197059631 0.475630789995193 0.510712444782257 0.539460122585297 0.552354872226715 0.572400331497192 0.585791289806366 0.599786877632141 0.618940114974976 0.628507614135742 0.639379799365997 0.659094631671906 0.672427177429199 0.683888971805573 0.685891151428223 0.687958359718323 0.680903196334839 0.666602909564972 0.652986168861389 0.632293939590454 0.615656435489655 0.604142725467682 0.595661759376526 0.601652204990387 0.58181220293045 0.550263226032257 0.517290830612183 0.485957860946655 0.453298628330231 0.43067878484726 0.408060640096664 0.389694929122925 0.375241041183472 0.361681282520294
-9999 -9999 -9999 -9999 -9999 -9999 -9999 -9999 -9999 -9999 -9999 0.0836770609021187 0.0927256345748901 0.092868335545063 0.0850669294595718 0.107591435313225 0.109826929867268 0.150877743959427 0.203166499733925 0.22225134074688 0.261486560106277 0.326633989810944 0.383330196142197 0.43465468287468 0.482134848833084 0.518514573574066 0.531402230262756 0.551047921180725 0.569217622280121 0.585327982902527 0.609347939491272 0.624719679355621 0.646659255027771 0.664235591888428 0.678213119506836 0.692944943904877 0.698926985263824 0.700926780700684 0.688983023166656 0.677745878696442 0.662657678127289 0.653610587120056 0.641571819782257 0.635520875453949 0.624851942062378 0.616976618766785 0.595402240753174 0.570733368396759 0.541016936302185 0.510141670703888 0.480523318052292 0.453033685684204 0.423705756664276 0.401888459920883 0.385431677103043 0.370321273803711
-9999 -9999 -9999 -9999 -9999 -9999 -9999 -9999 -9999 -9999 -9999 -9999 0.0950720310211182 0.110691726207733 0.121754348278046 0.131791651248932 0.119739629328251 0.104058787226677 0.119724258780479 0.155867785215378 0.203944608569145 0.255081832408905 0.329090625047684 0.37535834312439 0.432710230350494 0.484215021133423 0.508710265159607 0.51806253194809 0.535431742668152 0.556184530258179 0.585462272167206 0.598010301589966 0.619952738285065 0.639093935489655 0.660939514636993 0.683410048484802 0.696507275104523 0.708687007427216 0.702398538589478 0.691358983516693 0.673153221607208 0.656505525112152 0.636905491352081 0.627792179584503 0.628809988498688 0.621098399162292 0.608088374137878 0.584756731987 0.558124184608459 0.527803003787994 0.494782090187073 0.469400316476822 0.445111453533173 0.425569474697113 0.410228401422501 0.397461920976639
-9999 -9999 -9999 -9999 -9999 -9999 -9999 -9999 -9999 -9999 -9999 -9999 0.089395746588707 0.110468924045563 0.173820853233337 0.180738940834999 0.131305605173111 0.083501011133194 0.0685794204473495 0.078456848859787 0.144953981041908 0.188446119427681 0.266926169395447 0.344023466110229 0.407329082489014 0.454486221075058 0.466971933841705 0.471891194581985 0.488880604505539 0.50866037607193 0.547156810760498 0.548160433769226 0.565833628177643 0.59330141544342 0.621420919895172 0.653826296329498 0.679382979869843 0.70321786403656 0.716218531131744 0.707151591777802 0.692041635513306 0.667644619941711 0.638354182243347 0.623454630374908 0.621880054473877 0.617129147052765 0.601904809474945 0.586529791355133 0.564657270908356 0.533346772193909 0.50605320930481 0.486810684204102 0.468743234872818 0.455148875713348 0.441329598426819 0.392597943544388
-9999 -9999 -9999 -9999 -9999 -9999 -9999 -9999 -9999 -9999 -9999 -9999 -9999 0.086706131696701 0.188040345907211 0.139933168888092 0.0929067581892014 0.0669817328453064 0.0512255802750587 0.038588609546423 0.0472216755151749 0.0912538021802902 0.183077871799469 0.285718649625778 0.356098026037216 0.417515873908997 0.429284155368805 0.422682791948318 0.433546304702759 0.450648128986359 0.471010029315948 0.487723737955093 0.509211540222168 0.53959983587265 0.570862412452698 0.613853096961975 0.646717846393585 0.67834347486496 0.702890634536743 0.718322694301605 0.706322371959686 0.68514758348465 0.657851994037628 0.637677729129791 0.623424530029297 0.609542489051819 0.598089635372162 0.586614906787872 0.569882869720459 0.547529518604279 0.52445924282074 0.511058330535889 0.500009000301361 0.491184860467911 0.441309332847595 0.401620209217072
-9999 -9999 -9999 -9999 -9999 -9999 -9999 -9999 -9999 -9999 -9999 -9999 -9999 0.178018867969513 0.184998705983162 0.0993006452918053 0.0852843448519707 0.0511495172977448 0.0430097691714764 0.0332960225641727 0.0383171066641808 0.032783143222332 0.0984740257263184 0.184686213731766 0.225239619612694 0.329651921987534 0.366119921207428 0.368319362401962 0.374813616275787 0.399479597806931 0.404812902212143 0.41126024723053 0.449895709753036 0.484515607357025 0.515597641468048 0.567314743995667 0.604846715927124 0.64863109588623 0.681585729122162 0.707626163959503 0.718910098075867 0.701563060283661 0.679296553134918 0.655596554279327 0.629281282424927 0.598806262016296 0.596303820610046 0.590249836444855 0.578217148780823 0.561575651168823 0.542378306388855 0.535863816738129 0.53101521730423 0.49135759472847 0.445133298635483 0.403771370649338
-9999 -9999 -9999 -9999 -9999 -9999 -9999 -9999 -9999 -9999 -9999 -9999 -9999 -9999 0.187038570642471 0.147784218192101 0.0673287138342857 0.044597152620554 0.0364368818700314 0.0234163850545883 0.0271227490156889 0.0213741846382618 0.0201890449970961 0.0314199663698673 0.0730631351470947 0.142488151788712 0.196279376745224 0.280253350734711 0.323802471160889 0.33084636926651 0.326452732086182 0.354856163263321 0.355421006679535 0.379923850297928 0.442813217639923 0.485903471708298 0.526779294013977 0.580962538719177 0.644811928272247 0.681972861289978 0.712934553623199 0.715240061283112 0.697317123413086 0.67395293712616 0.64655739068985 0.622005224227905 0.611494123935699 0.608084499835968 0.591253161430359 0.573100090026855 0.557085752487183 0.548559010028839 0.492171615362167 0.455759257078171 0.436840206384659 0.408014953136444
-9999 -9999 -9999 -9999 -9999 -9999 -9999 -9999 -9999 -9999 -9999 -9999 -9999 -9999 0.168396383523941 0.120057463645935 0.0642925947904587 0.0360500328242779 0.0279725175350904 0.0203501302748919 0.0204573087394238 0.0134814968332648 0.00693064229562879 0.00615824200212955 0.011820643208921 0.028184162452817 0.0440002791583538 0.103759467601776 0.181600674986839 0.221795573830605 0.266867607831955 0.325005918741226 0.32034957408905 0.308081746101379 0.372593760490417 0.386812597513199 0.430357128381729 0.471145391464233 0.549666821956635 0.646960854530334 0.692318022251129 0.712554931640625 0.712847650051117 0.691444516181946 0.664440155029297 0.6414435505867 0.632429361343384 0.630541861057281 0.602531611919403 0.586938202381134 0.555364429950714 0.529179811477661 0.459037065505981 0.426831215620041 0.420852094888687 0.424750924110413
-9999 -9999 -9999 -9999 -9999 -9999 -9999 -9999 -9999 -9999 -9999 -9999 -9999 -9999 -9999 0.116819016635418 0.0772427693009377 0.0422088615596294 0.0227484293282032 0.0170684512704611 0.0158949121832848 0.012365048751235 0.00395280029624701 0.00240813032723963 0.0023845131509006 0.00266574881970882 0.0039246566593647 0.00511111039668322 0.0145899672061205 0.0660088434815407 0.190402507781982 0.289700120687485 0.332946449518204 0.266214907169342 0.30546435713768 0.339537531137466 0.3796666264534 0.407110542058945 0.465378880500793 0.534511804580688 0.621119320392609 0.677830278873444 0.710662305355072 0.707148253917694 0.685756742954254 0.667915225028992 0.654687404632568 0.648294627666473 0.634823083877563 0.625050723552704 0.599349617958069 0.546043336391449 0.480874985456467 0.446207642555237 0.427973091602325 0.400871127843857
-9999 -9999 -9999 -9999 -9999 -9999 -9999 -9999 -9999 -9999 -9999 -9999 -9999 -9999 -9999 0.271541208028793 0.102360755205154 0.0689451396465302 0.0331932455301285 0.0186464171856642 0.016369866207242 0.0166871044784784 0.0056317443959415 0.00315058929845691 0.00177362060640007 0.000469492835691199 0.000838555919472128 0.000550136319361627 0.00251620775088668 0.0138026215136051 0.0788161233067513 0.152540385723114 0.278979539871216 0.314126461744308 0.310096770524979 0.333959966897964 0.343751490116119 0.355634123086929 0.376899123191833 0.400365740060806 0.462246298789978 0.604578912258148 0.686181783676147 0.683061718940735 0.696704924106598 0.690682232379913 0.671653866767883 0.652116537094116 0.637026786804199 0.631599247455597 0.599313199520111 0.556199967861176 0.505397260189056 0.474893093109131 0.445882648229599 0.419607907533646
-9999 -9999 -9999 -9999 -9999 -9999 -9999 -9999 -9999 -9999 -9999 -9999 -9999 -9999 -9999 0.215283498167992 0.105863571166992 0.0757864639163017 0.0429927036166191 0.02806780859828 0.0196145623922348 0.0180376805365086 0.0207635071128607 0.0114973271265626 0.00801368337124586 0.00478019751608372 0.0032179388217628 0.00186273385770619 0.00332787353545427 0.010324839502573 0.0268280152231455 0.0666397511959076 0.177282735705376 0.333842754364014 0.396051079034805 0.365631848573685 0.361558675765991 0.328861743211746 0.313206166028976 0.296070396900177 0.317194759845734 0.491832077503204 0.640969336032867 0.634536921977997 0.634885907173157 0.681230485439301 0.684173166751862 0.659628093242645 0.645001292228699 0.642475247383118 0.606483399868011 0.573443233966827 0.534868776798248 0.508234679698944 0.483622461557388 0.457504272460938
-9999 -9999 -9999 -9999 -9999 -9999 -9999 -9999 -9999 -9999 -9999 -9999 -9999 -9999 -9999 -9999 0.34458202123642 0.0726999938488007 0.0582078024744987 0.0445584617555141 0.0295676626265049 0.0243166219443083 0.0307045672088861 0.0309943817555904 0.0266346242278814 0.0227299686521292 0.0165471024811268 0.0105523243546486 0.0065410197712481 0.00757392635568976 0.0161126684397459 0.0321711115539074 0.0857204347848892 0.207736983895302 0.354183673858643 0.438233643770218 0.449959933757782 0.404490947723389 0.388486474752426 0.360320806503296 0.332706779241562 0.532709360122681 0.638286530971527 0.593741774559021 0.611151337623596 0.661384999752045 0.702376663684845 0.684628009796143 0.670717000961304 0.667224586009979 0.63559490442276 0.604887187480927 0.565532207489014 0.534083604812622 0.499475985765457 0.47330716252327
-9999 -9999 -9999 -9999 -9999 -9999 -9999 -9999 -9999 -9999 -9999 -9999 -9999 -9999 -9999 -9999 -9999 0.315154999494553 0.10680091381073 0.0514679439365864 0.041921503841877 0.0317905060946941 0.0235785730183125 0.0197165179997683 0.0209131482988596 0.0201791003346443 0.0147119639441371 0.0106298523023725 0.007546441629529 0.00693249003961682 0.00895492732524872 0.0168734230101109 0.0365882143378258 0.0890671461820602 0.203269675374031 0.370890527963638 0.462642312049866 0.508220374584198 0.512312412261963 0.542770743370056 0.580190181732178 0.606529235839844 0.610937595367432 0.595011353492737 0.626822412014008 0.670035541057587 0.684750854969025 0.69709324836731 0.705892860889435 0.693229138851166 0.655345797538757 0.609898388385773 0.559818923473358 0.524454414844513 0.490930587053299 0.465191632509232
-9999 -9999 -9999 -9999 -9999 -9999 -9999 -9999 -9999 -9999 -9999 -9999 -9999 -9999 -9999 -9999 -9999 -9999 -9999 0.088835284113884 0.0543298237025738 0.0392783358693123 0.0305635277181864 0.020416596904397 0.016785703599453 0.0224212966859341 0.0202391091734171 0.0146002033725381 0.0102611174806952 0.00837069284170866 0.00657064421102405 0.00959780532866716 0.0180893409997225 0.0402332283556461 0.0872321054339409 0.204588532447815 0.333912700414658 0.454283028841019 0.516506254673004 0.553546667098999 0.544479727745056 0.590419232845306 0.595845937728882 0.614153861999512 0.639170825481415 0.652795255184174 0.667952597141266 0.678668558597565 0.683741629123688 0.687130212783813 0.624790132045746 0.566823661327362 0.490390479564667 0.464166909456253 0.474749147891998 0.455435514450073
-9999 -9999 -9999 -9999 -9999 -9999 -9999 -9999 -9999 -9999 -9999 -9999 -9999 -9999 -9999 -9999 -9999 -9999 -9999 -9999 -9999 0.094757080078125 0.0393337644636631 0.028272844851017 0.0199306104332209 0.0161598809063435 0.0193926282227039 0.0219655521214008 0.0172501560300589 0.00991044100373983 0.00742780230939388 0.00642581656575203 0.00715747615322471 0.014139142818749 0.0364442281424999 0.0794119089841843 0.169199481606483 0.321471810340881 0.438945055007935 0.493122547864914 0.540938019752502 0.576183080673218 0.595506608486176 0.612855136394501 0.629181623458862 0.640333473682404 0.657270550727844 0.671359241008759 0.675921380519867 0.665352880954742 0.622101843357086 0.542835295200348 0.481573432683945 0.461516469717026 0.46143051981926 0.481620311737061
-9999 -9999 -9999 -9999 -9999 -9999 -9999 -9999 -9999 -9999 -9999 -9999 -9999 -9999 -9999 -9999 -9999 -9999 -9999 -9999 -9999 -9999 -9999 0.100171320140362 0.0483077317476273 0.0254353377968073 0.0182324815541506 0.0189087204635143 0.0193550419062376 0.0158284679055214 0.0116010447964072 0.00851426646113396 0.00675930408760905 0.00875608623027802 0.0170087218284607 0.0338217727839947 0.0759987905621529 0.165010467171669 0.282193303108215 0.403984844684601 0.517475783824921 0.57644784450531 0.610372602939606 0.623741626739502 0.621417939662933 0.633786141872406 0.652866423130035 0.663406670093536 0.665703892707825 0.654667615890503 0.611665070056915 0.572815418243408 0.50704950094223 0.47258460521698 0.4702507853508 0.494242161512375
-9999 -9999 -9999 -9999 -9999 -9999 -9999 -9999 -9999 -9999 -9999 -9999 -9999 -9999 -9999 -9999 -9999 -9999 -9999 -9999 -9999 -9999 -9999 -9999 -9999 0.047505795955658 0.0290744639933109 0.0251982156187296 0.0190482083708048 0.022780379280448 0.0261071771383286 0.0184452328830957 0.0136489504948258 0.0118701513856649 0.012022434733808 0.0162319578230381 0.0390409678220749 0.0826845541596413 0.170786812901497 0.306076467037201 0.470504969358444 0.572672069072723 0.630294740200043 0.645454168319702 0.648886680603027 0.64996349811554 0.644949913024902 0.653123736381531 0.650194704532623 0.639849126338959 0.596682608127594 0.570419311523438 0.548111140727997 0.502093136310577 0.455721139907837 0.443517446517944
-9999 -9999 -9999 -9999 -9999 -9999 -9999 -9999 -9999 -9999 -9999 -9999 -9999 -9999 -9999 -9999 -9999 -9999 -9999 -9999 -9999 -9999 -9999 -9999 -9999 0.133596122264862 0.0496046096086502 0.0407914891839027 0.0338540226221085 0.0281286258250475 0.0315158441662788 0.0314647033810616 0.0268872939050198 0.0221622865647078 0.0155839268118143 0.0157593823969364 0.0289389751851559 0.0559596233069897 0.113140486180782 0.213016405701637 0.388071238994598 0.540900468826294 0.659635424613953 0.677880942821503 0.672041356563568 0.679454743862152 0.667526245117188 0.662264406681061 0.648353517055511 0.636611759662628 0.603443026542664 0.565999507904053 0.538634538650513 0.519843101501465 0.490024030208588 0.45436218380928
-9999 -9999 -9999 -9999 -9999 -9999 -9999 -9999 -9999 -9999 -9999 -9999 -9999 -9999 -9999 -9999 -9999 -9999 -9999 -9999 -9999 -9999 -9999 -9999 -9999 -9999 -9999 0.0559256114065647 0.0482560880482197 0.0413660667836666 0.0170130599290133 0.0302530210465193 0.04378741979599 0.0383322983980179 0.0271736066788435 0.0204436872154474 0.0230639334768057 0.0406257472932339 0.0889162346720695 0.17648908495903 0.309299767017365 0.515813291072845 0.695630013942719 0.678461194038391 0.697907626628876 0.6980140209198 0.68902975320816 0.669924974441528 0.657553434371948 0.641141474246979 0.620743870735168 0.559647142887115 0.518182694911957 0.514085650444031 0.493177145719528 0.482820063829422
-9999 -9999 -9999 -9999 -9999 -9999 -9999 -9999 -9999 -9999 -9999 -9999 -9999 -9999 -9999 -9999 -9999 -9999 -9999 -9999 -9999 -9999 -9999 -9999 -9999 -9999 -9999 0.0775162875652313 0.0505982711911201 0.0584909915924072 0.0290960650891066 0.0367530696094036 0.0684350728988647 0.0643492117524147 0.0487770847976208 0.0339453108608723 0.0263993050903082 0.0301314126700163 0.0640720650553703 0.15571928024292 0.316155672073364 0.49091437458992 0.624890267848969 0.692298293113708 0.695588409900665 0.709391295909882 0.700616478919983 0.684843420982361 0.662156403064728 0.636224567890167 0.584516108036041 0.5268594622612 0.497992366552353 0.508325934410095 0.512978196144104 0.53093409538269
-9999 -9999 -9999 -9999 -9999 -9999 -9999 -9999 -9999 -9999 -9999 -9999 -9999 -9999 -9999 -9999 -9999 -9999 -9999 -9999 -9999 -9999 -9999 -9999 -9999 -9999 -9999 -9999 0.0592607147991657 0.0795843899250031 0.090978592634201 0.0922583490610123 0.107898354530334 0.0964372456073761 0.0769462138414383 0.054663885384798 0.0341588631272316 0.0255226418375969 0.0478233769536018 0.136938646435738 0.331217020750046 0.478332579135895 0.578288316726685 0.63832688331604 0.678496181964874 0.67584228515625 0.682451128959656 0.686144173145294 0.663339674472809 0.605707585811615 0.538478434085846 0.511050701141357 0.488222181797028 0.505582511425018 0.547650218009949 0.594657897949219
-9999 -9999 -9999 -9999 -9999 -9999 -9999 -9999 -9999 -9999 -9999 -9999 -9999 -9999 -9999 -9999 -9999 -9999 -9999 -9999 -9999 -9999 -9999 -9999 -9999 -9999 -9999 -9999 0.0517414957284927 0.0924365669488907 0.122573517262936 0.128449335694313 0.0754113718867302 0.06790941208601 0.0852959156036377 0.0694166570901871 0.038794994354248 0.0263959113508463 0.0388587638735771 0.122085958719254 0.296811401844025 0.462412804365158 0.527772068977356 0.624413311481476 0.682664632797241 0.709225237369537 0.6829514503479 0.631817042827606 0.609062612056732 0.585745215415955 0.550438225269318 0.526443004608154 0.514554142951965 0.538956880569458 0.606295764446259 0.636649191379547
-9999 -9999 -9999 -9999 -9999 -9999 -9999 -9999 -9999 -9999 -9999 -9999 -9999 -9999 -9999 -9999 -9999 -9999 -9999 -9999 -9999 -9999 -9999 -9999 -9999 -9999 -9999 -9999 0.0446770489215851 0.096998006105423 0.119666524231434 0.109464682638645 0.0504189021885395 0.0456837899982929 0.0728385597467422 0.0795826092362404 0.0402952991425991 0.0220555439591408 0.0302464887499809 0.112999714910984 0.261394888162613 0.385772377252579 0.452771306037903 0.539283394813538 0.597180426120758 0.633060097694397 0.690346658229828 0.581518113613129 0.555339813232422 0.589225828647614 0.578897416591644 0.565567195415497 0.54383659362793 0.58030366897583 0.631878912448883 0.632404208183289
-9999 -9999 -9999 -9999 -9999 -9999 -9999 -9999 -9999 -9999 -9999 -9999 -9999 -9999 -9999 -9999 -9999 -9999 -9999 -9999 -9999 -9999 -9999 -9999 -9999 -9999 -9999 -9999 0.0436079949140549 0.0883859470486641 0.156064406037331 0.0878130346536636 0.0490906536579132 0.0454909428954124 0.0669316798448563 0.0698383525013924 0.033045269548893 0.0203968267887831 0.0313331000506878 0.114531524479389 0.220224350690842 0.342513889074326 0.437792062759399 0.522197604179382 0.553663730621338 0.573544263839722 0.673450529575348 0.677916049957275 0.639377236366272 0.621503591537476 0.630104601383209 0.62438040971756 0.621630728244781 0.645498752593994 0.643250942230225 0.61447286605835
-9999 -9999 -9999 -9999 -9999 -9999 -9999 -9999 -9999 -9999 -9999 -9999 -9999 -9999 -9999 -9999 -9999 -9999 -9999 -9999 -9999 -9999 -9999 -9999 -9999 -9999 -9999 -9999 0.0457675904035568 0.0856684446334839 0.173150360584259 0.0706294551491737 0.0485264956951141 0.0477322228252888 0.0701489895582199 0.060440331697464 0.0303222257643938 0.0184448082000017 0.0345344394445419 0.123736441135406 0.19619457423687 0.324532955884933 0.483846604824066 0.567687630653381 0.570438325405121 0.566900908946991 0.614298105239868 0.700861990451813 0.683479011058807 0.638465642929077 0.588655352592468 0.64753383398056 0.652819514274597 0.651438415050507 0.627216994762421 0.601680159568787
