meets/meet004/_saidas_enm/CCSM_Maha_0k_Aralia_warmingiana2.asc
NCOLS 154 
NROWS 168 
XLLCORNER -112 
YLLCORNER -55.5 
CELLSIZE 0.5 
NODATA_value -9999 
[rows 50 to 74 of 168, columns 56 to 111 of 154]
-9999 -9999 -9999 -9999 -9999 -9999 -9999 -9999 -9999 -9999 -9999 -9999 -9999 -441.670037931207 -241.681428658524 -113.500745922295 -71.3713023992926 -80.562301163988 -84.7759451658098 -66.0508705373513 -42.0401939508214 -21.2297272125496 -18.4303262591585 -30.2164614766636 -42.0961985230528 -54.3060964639337 -70.9189097757284 -96.5945032797022 -123.646188234199 -155.207311486892 -179.889577419477 -155.352112877968 -122.595789315132 -79.0084303131152 -36.7896931444851 -15.263194140471 -5.70199949672817 -4.81667031302673 -4.21450487818985 -3.88184912287914 -3.08267913578501 -2.35473185121368 -2.13343317174894 -3.64994867331971 -9.59111129799146 -25.539170910029 -23.1033894954912 -24.928397588828 -27.1538958104479 -25.6582675136509 -27.5934775398682 -32.0488173319195 -24.5547391587228 -23.4226822565985 -25.1509145518704 -22.048140967311
-9999 -9999 -9999 -9999 -9999 -9999 -9999 -9999 -9999 -9999 -9999 -9999 -9999 -196.910854862683 -143.668121174595 -93.5208416036964 -65.0934798181299 -62.2686786186955 -62.2005553795948 -54.742760119652 -42.0672454255629 -34.7918255576685 -30.1034656129773 -39.0666262130482 -51.8472883971433 -68.415575675481 -90.1148974394534 -119.837736438262 -156.052749250248 -195.876656772942 -218.997132279482 -201.400504432314 -160.10818330027 -104.634826968631 -55.4506661268622 -26.260073088835 -10.3193076286247 -4.46039780954836 -3.76821269282911 -2.70393513048106 -2.11356323337929 -2.05105806822892 -2.71890940511112 -4.38585417763929 -7.92505355020312 -12.3809145712341 -15.0333237516825 -15.4320385944185 -18.029563825443 -22.5463010866611 -27.573932025131 -28.6007548225247 -24.0806976378725 -24.1972553871915 -23.4444685848534 -20.1663559216846
-9999 -9999 -9999 -9999 -9999 -9999 -9999 -9999 -9999 -9999 -9999 -188.962798199709 -127.379948365853 -101.273098206008 -109.448832052507 -90.7353349443682 -67.8854564544146 -50.2043467681679 -44.2275675285802 -51.3658176885223 -47.7773945034058 -48.944564979443 -55.1595641348955 -66.5697677737201 -82.7216021922016 -101.106914668362 -131.207002140601 -167.111973321049 -207.855622477764 -251.235409200631 -275.389599431464 -241.888145929669 -187.670724286498 -122.708988469276 -65.3782585065438 -30.8842935221118 -14.8688136281275 -7.07343544769021 -4.87703624916778 -3.87454521889355 -2.19930281431639 -2.6461616049107 -3.35938566939959 -4.58093015160807 -6.23943793357386 -7.22648714230662 -10.6631686729941 -11.0085493675636 -14.8760339779357 -24.7327017331536 -28.1319036517427 -24.0947875652805 -24.4502557799582 -26.2979617476002 -23.1023988794952 -19.0824294336397
-9999 -9999 -9999 -9999 -9999 -9999 -9999 -9999 -9999 -9999 -172.800201855985 -113.991357437557 -89.1497192047503 -87.1369227467139 -83.4704348695736 -89.4206512846308 -85.5194070009157 -62.1494743928078 -52.79283462146 -58.9413267919739 -62.6255204254272 -70.0917628510644 -81.8252560475944 -96.7389369152984 -116.153859085102 -142.260003040693 -178.085208385708 -219.813441078462 -263.062643350043 -298.586256357145 -309.541208637108 -267.267307090537 -200.882352695387 -130.004194928979 -72.879254254575 -35.9297303193185 -18.2781199786803 -10.9773828870862 -9.25990019420229 -8.11988273607296 -5.36579923712029 -5.11542789391536 -5.20157040236688 -6.29901881286086 -8.9867079737196 -11.1776800221462 -15.5980842683517 -18.9354731920324 -25.9058887721079 -26.8099431296865 -22.2810985065922 -21.9123549808021 -25.8371802192619 -27.5144753301167 -21.4735086178026 -17.5093623963061
-9999 -9999 -9999 -9999 -9999 -9999 -9999 -9999 -9999 -9999 -86.8809428546625 -62.1988556906699 -90.5926830819486 -78.681665820087 -68.2320734487239 -74.1391439152003 -92.8630990686686 -93.2172591514577 -82.5506794252259 -85.562988597955 -90.4335429007924 -101.913641475815 -116.472691778155 -133.279738246202 -158.986632258383 -190.31776233563 -231.162122704764 -276.692355273303 -289.512903555287 -281.438624681932 -303.160420098308 -277.9582556692 -211.580630851138 -138.753846934084 -80.2048856342766 -42.4004337378106 -25.0823336411156 -16.5909764054764 -13.4029943231649 -12.9642246440359 -11.9383314611244 -11.4426299354629 -10.9205476513156 -12.5740202235757 -16.865107698008 -20.4624303272958 -28.8417871474119 -27.6325117351382 -22.1483742544542 -21.1731506706628 -20.2892142680235 -23.4561582147341 -27.3918409851908 -29.6099264564963 -21.3407611647749 -16.9308831898478
-9999 -9999 -9999 -9999 -9999 -9999 -9999 -9999 -143.968157867046 -72.4769896425359 -26.0662808367315 -36.5661009466245 -78.4376794781059 -77.3054772762804 -58.2053895071511 -62.9312757657823 -89.5668530885211 -113.052366223939 -118.710040975804 -124.030230967122 -130.972248726962 -141.718238958556 -151.244168797695 -169.831127364588 -203.06819917633 -211.032045663364 -221.489705991949 -221.1459985353 -225.732786160466 -232.807928935386 -231.521170081319 -226.017666008387 -212.270261227548 -147.845852464985 -91.5754158932359 -55.2558760118831 -35.8018385014473 -25.7482769240184 -21.208350226816 -20.8878945215075 -21.3018890815447 -23.1481357516601 -23.158796185971 -25.8315458537908 -31.7883812485137 -26.7192336633958 -22.6001022302413 -21.4960050620043 -23.8649931523511 -27.0581945369328 -29.3488538777946 -32.7614895331884 -35.7036311699006 -36.4965672762513 -24.5994721218559 -16.9250489126923
-9999 -9999 -9999 -9999 -9999 -9999 -9999 -9999 -93.213068299287 -31.3777628151449 -7.40763770149431 -27.5741549634825 -66.7571782457998 -65.6427570325205 -50.0105361993911 -55.6452116948765 -77.8188921939132 -113.225657582955 -129.763886958025 -136.868234627464 -145.781065756934 -151.20067242963 -156.982236989568 -156.891306150787 -161.142521669941 -164.4404171495 -168.65819599899 -176.174827754059 -177.637924744322 -174.514585789929 -171.695838915974 -169.881563264648 -168.442300721478 -161.168512774449 -107.09093434338 -73.5195547596902 -54.9607764802026 -42.2363724509166 -36.5774982808943 -36.2990209257596 -37.8634812112678 -41.0845604121078 -42.2510157046485 -36.8756880263869 -33.8036989013224 -32.6662072190112 -37.2543251025807 -42.8268511251483 -48.8680811333147 -56.1030105598705 -59.3193219885751 -60.5533337802129 -57.1598322703842 -47.8269841044565 -30.7579180669481 -19.9142787945487
-9999 -9999 -9999 -9999 -9999 -9999 -9999 -105.581629041703 -55.8129070593115 -17.2729722717509 -3.69504331137097 -20.4693916453172 -51.9490963813502 -58.7700881763451 -49.8137386942514 -51.1306725898305 -69.6182313702162 -96.5726172367662 -105.131857707184 -114.201959407291 -122.814947600398 -124.513244874277 -128.756554874351 -129.446592821183 -132.114787049573 -137.529979645188 -137.090488180733 -135.851082694133 -136.705275935081 -136.836193562286 -137.504905838235 -136.159506582045 -134.65971702949 -131.42673257168 -125.956616005797 -95.660625317713 -77.670346079818 -67.4014299934313 -61.5215213249467 -60.0629733773481 -57.3272479087075 -56.1363611041832 -55.428022738644 -55.6563624044826 -60.8345071400184 -69.9009893835406 -79.7270387331598 -91.7902679246079 -104.932164936307 -113.348227832268 -113.873490547303 -105.313028403433 -90.2840940710187 -64.4952313404427 -38.6245833930507 -23.3140485139549
-9999 -9999 -9999 -9999 -9999 -9999 -9999 -79.693548836998 -34.3430382257213 -7.08054245034243 -2.90925835907084 -17.2648187842148 -56.8132216997836 -70.9689703092763 -58.1639022657607 -48.7204394512412 -64.1248225650677 -78.7532529457127 -85.0206478284381 -89.2707229972413 -94.7288310785475 -98.6724238285445 -104.319276950203 -103.131764979504 -100.673432790756 -103.557127933687 -102.756275717106 -106.430299541132 -105.7197608467 -101.499159574535 -102.536208436812 -103.270589630258 -107.587995753743 -109.926804196327 -111.810706272226 -119.410026215613 -101.935538289984 -89.834798826629 -84.73762653815 -84.3605104490779 -84.3001325258362 -90.557204457617 -98.504584662601 -109.879505614226 -125.717686744393 -143.591812960139 -162.061611616464 -170.373259300962 -174.184446800917 -163.946669346822 -155.798978323763 -135.470335859156 -118.450015891223 -83.0079668143488 -50.8812125741485 -29.4241304069773
-9999 -9999 -9999 -9999 -9999 -9999 -103.083667083604 -62.069436981257 -21.9618102289848 -3.99017943549728 -2.34645919039173 -18.8786042415367 -81.4930343678856 -102.992869994936 -68.295583002679 -48.1778140822047 -52.9173463081219 -61.7680886833215 -66.2318838881781 -69.8523823886219 -75.1726774956197 -77.2195510279755 -78.1371076805132 -77.2629747626024 -79.0684122314229 -79.621491444286 -81.1321880205878 -80.5081071856987 -79.3919767962135 -81.7232705253178 -81.5385370219115 -84.1517176268726 -85.9878577224657 -88.2396883517608 -94.0368156367724 -98.8846711765239 -106.604106803336 -111.731058299305 -119.146601183646 -124.434985296727 -127.237068723221 -133.893457947695 -132.81609911602 -133.264797058706 -142.759702242062 -148.819179463451 -153.828681866898 -153.410350089945 -153.616538419261 -151.49949750486 -144.09765158038 -128.626286895688 -111.219978757996 -92.3379404411302 -61.1544645303749 -37.2365352389215
-9999 -9999 -9999 -9999 -9999 -9999 -83.5446789960136 -47.7777090441703 -16.4720797893706 -1.83308845559144 -5.36005953896942 -24.7882261729346 -89.2674747433805 -96.3982961582471 -63.7170305816834 -43.1830782551457 -45.1546157833446 -50.8319201107863 -52.7362158555318 -53.860390485195 -55.8379317710526 -57.0407909110713 -58.2415425301637 -57.9471431951664 -58.3575686620188 -60.1409167238315 -59.7124236832877 -59.5133146182261 -59.3620986764459 -60.0746504183887 -62.187493406578 -63.8374803811702 -66.9104124459815 -69.4540912148917 -72.6328532740093 -77.31866117977 -81.0954494361099 -86.5020672702862 -90.2634903309754 -92.9529496846364 -99.4825857784778 -100.964748168133 -103.314815149174 -109.742566105363 -117.11381950974 -127.069813919784 -128.647417892263 -131.028330804964 -131.214468680393 -126.248786868652 -120.578756095577 -105.767844757277 -92.2571908690902 -78.2299071444018 -70.4536929791952 -48.660535650663
-9999 -9999 -9999 -9999 -9999 -9999 -75.5886321687527 -43.0136188362285 -14.8607237480857 -1.32050159095959 -7.00062652978136 -24.1737734958804 -76.0200656068762 -77.3359720691614 -53.0840851786649 -39.4848883050378 -39.9278393360476 -42.1958009886035 -42.7322570159014 -43.598527651489 -45.2021403775856 -45.592795773526 -45.8802239803798 -45.6666336833884 -46.9334650514726 -47.1334261256027 -47.7608365229302 -46.7609159603024 -46.0691533889445 -48.4227170967374 -49.1923393759549 -51.8719724334254 -53.6164362590075 -55.9103578638299 -59.4308723532576 -61.77229884661 -65.3666067650048 -67.7912885620347 -71.9168144680354 -77.4751601517041 -79.7525302157749 -83.8175389250676 -87.5975956201086 -94.7347279175204 -103.131313420791 -109.007598983855 -112.146535606981 -110.905082822963 -108.26820369437 -104.631110662959 -97.1106492596091 -86.2862458087524 -72.3628934020461 -61.8983014513928 -59.5635701599304 -55.5681217742157
-9999 -9999 -9999 -9999 -9999 -9999 -9999 -37.1476712652308 -13.3658699674124 -1.15591997992328 -5.93849133792612 -18.6358194360688 -56.7130620204174 -56.6436592602531 -42.769622465827 -35.9638173931331 -35.5349743474807 -34.6711073101039 -34.8154087360131 -34.4392950703006 -34.4325301579839 -34.693374121104 -35.4674443163194 -35.553045488085 -35.2483048029664 -35.5476530628397 -35.171665391281 -35.2486103371204 -35.0198870572345 -35.8363842794559 -37.6371209210832 -39.0722720384223 -41.3348174012278 -42.820692956646 -44.2068878220765 -46.8613297781948 -48.7447818651055 -51.5851480091724 -55.3982103533998 -57.2475409253741 -60.7726982638222 -65.0267003547996 -72.0043907273966 -78.6744851975632 -82.5673149468647 -86.8816467046565 -84.6061891532924 -83.048679985026 -80.0709456033604 -75.4533032464382 -70.6955838175846 -60.9985484579708 -52.5691761422443 -45.7696656050907 -43.4779242905522 -42.2333087303877
-9999 -9999 -9999 -9999 -9999 -9999 -9999 -9999 -12.3831966306228 -1.61275158687061 -3.04897576361641 -16.1742743380969 -44.8024539167852 -40.7118798520359 -33.4727786084026 -31.9035566424298 -31.1294203295163 -29.8688804907159 -29.8156336381421 -29.1945414604559 -28.7805127125009 -28.94355785642 -29.2950367311742 -29.270639895068 -29.000280191961 -28.2973262234576 -28.3983359296319 -28.0336931000966 -27.6782975151131 -28.54514650982 -29.4731265696281 -31.3101264102519 -32.6876640355421 -34.1128467092667 -35.987545268463 -37.5253867566773 -39.331296358827 -40.9391832418861 -42.5678864381335 -45.6305669615843 -49.7499196498788 -55.642396197913 -61.5666042804577 -70.1594613278937 -74.7461774208549 -79.0330563567053 -78.7324584100976 -76.3978454539344 -73.6934271033948 -70.0043387486085 -64.4143608981961 -56.6675442301893 -46.7987175208894 -38.0201430147687 -33.4025384832336 -31.2897617387557
-9999 -9999 -9999 -9999 -9999 -9999 -32.3159842208766 -21.5101324785449 -7.7159110658718 -4.49467295188922 -7.75975938225954 -18.5508992993755 -37.4000339102748 -34.0014127568966 -27.8004901688974 -26.0259148375363 -27.3401191535692 -27.2305406988524 -26.8329689385011 -25.6993710920913 -24.3023004662274 -23.403611911298 -22.9856668755243 -22.6324690258588 -21.906076178903 -21.4829146021012 -20.8321783587005 -20.5494064894868 -20.3041350695854 -20.4512290979933 -21.2728556331357 -22.3441398070502 -23.7631295373179 -24.7262925451478 -25.6643657313961 -27.0001471666947 -27.8286725091795 -29.3925090651629 -30.6535742899453 -34.270007560803 -41.8727971898858 -49.5593424018749 -58.8423627731594 -64.3839339404983 -68.2158012996682 -71.410565822222 -69.9911541293315 -67.5291087519221 -64.5131604621976 -60.4566641310805 -56.3031912880903 -49.9578193621065 -41.3226667039695 -33.0720947521715 -27.1117354921953 -23.1891089846248
-9999 -9999 -9999 -9999 -9999 -45.8417130758891 -19.4259342097771 -13.7118532076692 -8.73648165290531 -9.03610459560739 -12.1508448945382 -23.5128831167778 -34.0232441695543 -29.4851957779028 -24.6906541748248 -22.6942771384578 -25.4027148530321 -24.6625705218448 -23.7894893302553 -22.0089790657658 -20.2147628101145 -19.4742851552392 -18.2363676198997 -17.1454302653267 -16.3900679909796 -15.5752492372444 -15.3973688388427 -14.8193804230238 -14.5375587853618 -15.0598848405068 -15.1636952673721 -15.8479688380726 -16.4695975094839 -17.081534437625 -18.2913497729408 -19.0081488649633 -20.7783638726902 -23.0468989345477 -25.9350403212012 -30.4408454650691 -38.3645629159716 -46.3031919125272 -53.2589782105078 -58.2510511397582 -61.7856163367688 -65.1819149393535 -62.7179572980475 -58.9357521577272 -55.8918518430656 -53.2149010055676 -50.1445781850019 -44.1277699181378 -37.0982795576499 -29.3359433400143 -23.3989740461692 -18.7275729087764
-9999 -9999 -9999 -9999 -9999 -20.4008954253413 -14.0313161172623 -9.10611088593966 -9.79606852118009 -13.0126209683083 -16.9122517407408 -25.6420872076423 -30.305321279829 -25.5756093311206 -22.6335724643429 -23.0226287324896 -24.2081351543139 -22.4742222001868 -21.2422602390602 -18.6980726162605 -17.3972842375397 -16.2462150646297 -14.8935420852303 -13.9284764716297 -12.9825642423954 -12.6626987769665 -12.3083173532305 -12.0478671779916 -11.9320546471304 -11.909083211813 -12.1716819038823 -12.4359335489655 -12.949788742979 -13.3861115527589 -13.9376073395026 -15.1681573214319 -16.9409940820645 -19.8929362418053 -22.9008019210992 -26.050237086958 -33.2937250239852 -40.4905690193596 -46.6426628429954 -50.8495039199641 -53.1780553969677 -54.6941351884802 -52.951841030346 -50.4251458623386 -47.8426527730419 -44.8482689386239 -41.8986188927787 -37.7147876561071 -32.7554184166296 -26.581878050169 -21.8701769687895 -18.5659708615426
-9999 -9999 -9999 -9999 -9999 -9999 -7.77653817376596 -7.22181681967472 -10.4390705278597 -18.5945691011864 -21.5312039821554 -29.6827441528629 -30.0997778169957 -23.0052759673192 -22.4717217320652 -24.9264866221634 -24.6603795493282 -21.5267020283337 -20.1533253518549 -17.4920651288452 -16.9969954031466 -14.7636486546737 -13.5917965573345 -12.451749507339 -11.418178418962 -11.5511903207467 -11.0290731997675 -11.0739527573347 -10.9160141731238 -10.7258017685002 -11.1627798905078 -10.7100279813366 -11.0917670551195 -11.1934931389352 -11.3519060396185 -12.5601788532194 -14.2880077069317 -17.3059620796523 -20.0999427979888 -22.1765207431189 -28.0307353168004 -33.8950028490517 -38.6058118831703 -42.0570188772389 -43.2368678424703 -44.9994274623401 -43.1748676366512 -41.446908561457 -39.4081563731492 -36.9276135152171 -34.8273997659082 -31.7906086904117 -29.2230372466618 -24.8030698030476 -21.8155876850796 -19.8396028575155
-9999 -9999 -9999 -9999 -9999 -9999 -9.86729025833013 -7.35646387585762 -11.397140650395 -19.0413866310161 -29.0269869785096 -37.4376717021875 -46.9532219922403 -43.5993098191537 -32.2096787461838 -28.170945050906 -23.3586894736434 -22.5097302320753 -21.7979829731051 -18.0299122981765 -14.8064115520904 -14.1452037379584 -13.4146208084088 -12.6463289295504 -11.8122720080205 -11.0192032628899 -11.3662215229576 -11.4518478855009 -11.6083482918443 -11.5514490183838 -10.8983775651199 -10.8372010819199 -10.8588239557351 -10.8650194079826 -10.9731442835956 -11.7578419717569 -13.5858175101459 -16.1967966025527 -18.3761247620948 -19.8797326198682 -22.1385950567404 -27.175214544744 -30.1519937421417 -32.6430576308647 -33.8340808168556 -34.5928992353854 -33.9614011372413 -32.9749837385667 -31.7749373517937 -30.3029121583126 -28.9402373178761 -26.9017118724244 -25.8375164280667 -24.639143831076 -23.062602523244 -22.3753595684843
-9999 -9999 -9999 -9999 -9999 -9999 -12.9536467749396 -10.2430233176856 -13.5215921984315 -22.2640911462819 -33.8986523579591 -48.2966271820153 -66.3347263424522 -64.671113319007 -47.7785338185051 -33.4553158265407 -25.349099276371 -23.7454238208858 -23.665416257699 -17.4017871334849 -12.4566206164892 -11.7130431194725 -11.9916202785148 -11.1311773365015 -9.69932621894849 -9.28955049738898 -9.50663919342603 -10.4040849622381 -10.6552469570824 -10.1285069556749 -9.93255935759578 -9.61928881276159 -10.0686997282552 -10.2068710903779 -10.388649719002 -11.5005985087863 -12.077816672329 -13.9053225505014 -15.4694023239343 -16.5770465597614 -18.7184941834196 -19.8958124569188 -22.207944603038 -24.0671662703854 -24.5008926459995 -25.688524079379 -25.1009324864805 -25.1194650251145 -24.6227628728131 -23.6617296836542 -23.648275747922 -21.8773592141944 -21.890229174106 -22.0024897065134 -22.3462833707364 -24.0264208691905
-9999 -9999 -9999 -9999 -9999 -9999 -9999 -9999 -31.8576059927254 -27.0985844675164 -27.2073251094647 -51.1838668020793 -87.1373056355528 -83.5416749614084 -63.1799776360006 -39.5291254318886 -26.672612382194 -28.8081905391742 -28.3135023346444 -18.5088765283376 -10.9876262836036 -10.9760037045226 -12.6628200473855 -12.1145358165741 -9.9935597899494 -8.76068252788659 -9.25443679746082 -10.2606064954752 -10.7692512196551 -9.94909826386208 -9.01264178552443 -8.90467302924671 -8.97282073509687 -8.8601540947238 -8.68295867532697 -8.88518543281894 -9.5057633930121 -10.4375651586251 -11.4573994300358 -12.5416299093754 -13.7611323099261 -14.746900980059 -15.8462020524183 -17.1011420393477 -17.9033100515517 -18.4927338342229 -18.5942190511329 -18.5440786407027 -18.4997563174906 -18.4657102627552 -18.3338587174406 -17.9829203268691 -18.320162159314 -19.2368395717372 -20.6409301270105 -22.8455455192967
-9999 -9999 -9999 -9999 -9999 -9999 -9999 -9999 -23.5445941762564 -27.8528441340804 -23.0953452898907 -53.0343446866078 -109.910931766888 -104.379894362023 -74.6477052920416 -46.9827331994588 -25.5132286299056 -27.8943311234735 -29.622306350712 -17.4443362759157 -9.94047143548823 -10.6713572856549 -14.2390060340959 -14.070750686019 -10.5260349872009 -8.92408688782649 -9.31238852486368 -10.7252254747143 -11.2437282475384 -10.4480560723792 -9.46493374530666 -9.14273997351203 -9.49498446437674 -9.03750734342438 -7.98922899034129 -7.79266498657612 -7.62797243014175 -8.20802659735295 -8.5817512915466 -8.86350508436479 -9.84107989238128 -10.1837380001269 -11.0680433423888 -11.7317778031953 -12.0457771002801 -12.8244358752503 -13.1228694232143 -13.9010070674139 -14.6976535398042 -15.3350873936904 -16.2008351674485 -16.1194942152847 -16.6943050458136 -17.5634488467602 -18.8571564346438 -21.3054599657802
-9999 -9999 -9999 -9999 -9999 -9999 -9999 -9999 -9999 -27.6541289419992 -20.3555013564023 -53.6015574860806 -136.283540214814 -131.97748288371 -86.9934356307634 -49.9470211718266 -22.032541216688 -20.5086654530573 -25.3024214320128 -17.070875500479 -9.58706498067475 -11.078176633155 -15.3373308361199 -15.7068528440752 -12.3483030329105 -9.74635457483295 -10.0861459062336 -11.3623976680063 -11.6718615375403 -11.4637561048819 -10.7014060367265 -10.6162808061883 -10.7622663931841 -10.2804930515711 -9.18152934782441 -8.30172398319371 -7.86268328609584 -7.58769377243598 -7.36020477700289 -7.33799473074564 -7.37278189801345 -7.59503279590631 -7.82288580591772 -8.16303944623039 -8.80689011359138 -9.42403015999408 -10.2637986952095 -11.4292916082553 -12.7716235974164 -14.2815014998587 -15.5465358515101 -16.0459729927476 -16.301335220919 -16.6165092209961 -17.2871570906232 -18.8530350418065
-9999 -9999 -9999 -9999 -9999 -9999 -9999 -9999 -9999 -9999 -22.4242539905609 -66.8489286712973 -140.564043972127 -136.530352264118 -90.9847976926054 -48.0413337349797 -18.4265309481094 -11.9639858609526 -18.1576671273877 -13.5402548563956 -8.95640666226365 -10.8706410526882 -15.6774097660924 -16.5769970069473 -13.2201564501486 -11.0494446053807 -11.4324448715933 -12.7860085934061 -12.9525548933902 -12.0821569222633 -11.9647276266156 -12.231716510037 -12.5878332355104 -12.0155397458733 -10.5827892096418 -9.55033619443198 -8.76189664146562 -8.31053646691802 -7.52189647588987 -6.61046838651696 -6.07425377174251 -5.78819380233989 -5.82295916520778 -5.87946038710612 -5.99190320728351 -6.53093064900708 -7.47771341552208 -9.12616389464532 -10.8574060962518 -12.5549680902385 -14.3611197203844 -15.3125315898829 -16.0138439207543 -15.6871294510742 -14.9575527013696 -15.5628614104981
-9999 -9999 -9999 -9999 -9999 -9999 -9999 -9999 -9999 -9999 -9999 -83.6633343719858 -121.78009559626 -114.991967180535 -82.6954404769172 -44.3716986317271 -15.5254076414275 -4.99533597175571 -9.90761253259144 -9.25032764049633 -8.96300221173953 -11.1929058049997 -14.5235125163122 -15.9035548540786 -14.0013373308655 -12.8349485572867 -12.9449999479114 -13.4057331100929 -13.6367675063457 -13.1954007744464 -13.4576454924529 -14.1206287177646 -14.218859699949 -13.6593958997206 -12.4692437143346 -11.6934326281433 -10.4319879012557 -9.53315040741352 -8.35613989277346 -7.10642407361053 -6.25738493115091 -5.29071608143635 -4.78281866283195 -4.37884166605375 -4.2510753906333 -4.61442910571217 -5.36616509810699 -6.68446789499512 -8.3988571052845 -10.4416065139685 -12.6281711328532 -13.7914592063302 -14.4795286592508 -14.2095227986474 -13.0203444059964 -12.3946069759696
