meets/meet004/_saidas_enm/CCSM_Gower_0k_Cavanillesia_umbellata5.asc
NCOLS 154 
NROWS 168 
XLLCORNER -112 
YLLCORNER -55.5 
CELLSIZE 0.5 
NODATA_value -9999 
[rows 104 to 129 of 168, columns 58 to 115 of 154]
-9999 -9999 -9999 -9999 -9999 -9999 -9999 -9999 -9999 -9999 -9999 -9999 -9999 -9999 -9999 -9999 -9999 -9999 -9999 -9999 -9999 -9999 -9999 -9999 -9999 0.374843349032409 0.391953163477521 0.230735991112148 0 0 0 0 0 0 0 0.179369227779079 0.373100348482613 0.447740344990184 0.433276149648043 0.427640448407351 0.424023425124343 0.414626608109861 0.394052689982309 0.38778579824971 0.440458770534538 0.498425318695819 0.532235628350078 0.5433729971533 0.534524008221137 0.542142552899554 0.538017433844076 0.532524190537116 0.527278771226082 0.519640863333371 0.530439375886455 0.542696039063971 0.544833913951203 0.539235681787521
-9999 -9999 -9999 -9999 -9999 -9999 -9999 -9999 -9999 -9999 -9999 -9999 -9999 -9999 -9999 -9999 -9999 -9999 -9999 -9999 -9999 -9999 -9999 -9999 -9999 0.421833064072473 0.454242113627306 0.182729135553595 0 0 0 0 0 0 0.0044451173213923 0.228961362231221 0.413221153191151 0.421587557913243 0.421286925151062 0.414756618262975 0.402248736240274 0.400210569333139 0.399043244128583 0.405905114627658 0.458094509495777 0.502292932148223 0.532003898454344 0.549902172424966 0.541886681853532 0.541341368474368 0.524917590698685 0.51544495538408 0.514524574029347 0.509607700685515 0.525042194240016 0.543303968551695 0.550549834222539 0.55013616555354
-9999 -9999 -9999 -9999 -9999 -9999 -9999 -9999 -9999 -9999 -9999 -9999 -9999 -9999 -9999 -9999 -9999 -9999 -9999 -9999 -9999 -9999 -9999 -9999 -9999 0.502207500663787 0.448957299006837 0.113378648190195 0 0 0 0 0 0 0.0309094047174013 0.243524401076463 0.391319143773586 0.426542906215347 0.432279447052554 0.411145001591751 0.396902225862408 0.401157229335842 0.425468625027527 0.472167291291841 0.49200917933097 0.530054249098266 0.558564501893145 0.573421328265695 0.58846802494882 0.56494335413918 0.534836334352989 0.520756134182618 0.515822538062805 0.521227892494498 0.528969154686879 0.539261708965175 0.548115224363017 0.551357053935297
-9999 -9999 -9999 -9999 -9999 -9999 -9999 -9999 -9999 -9999 -9999 -9999 -9999 -9999 -9999 -9999 -9999 -9999 -9999 -9999 -9999 -9999 -9999 -9999 -9999 0.568844141204304 0.381576236817074 0.0494341067998524 0 0 0 0 0 0 0.0515584464714892 0.202804672375167 0.379859853223986 0.433552515524778 0.431886901890058 0.40860578008098 0.388842727985761 0.392391854283583 0.419886109758564 0.465418205229269 0.486486136791623 0.519983114432768 0.552766670788838 0.579361468057124 0.597136118811751 0.574324680173331 0.541799170183737 0.526385548665422 0.52505765966442 0.53009536449485 0.533004373104565 0.53773830179387 0.543883104688293 0.548400768906268
-9999 -9999 -9999 -9999 -9999 -9999 -9999 -9999 -9999 -9999 -9999 -9999 -9999 -9999 -9999 -9999 -9999 -9999 -9999 -9999 -9999 -9999 -9999 -9999 -9999 0.521743227884644 0.328645914967512 0 0 0 0 0 0 0 0.0846152746159202 0.181941232868123 0.381791328649185 0.447470768811967 0.422397921004945 0.398184850206621 0.374979546697667 0.372841923280751 0.386018339137212 0.399322501913947 0.444651912310359 0.477812925609995 0.514142339149785 0.557785374276892 0.577168570238176 0.564622005743081 0.538495856119317 0.528128740892475 0.532174018122781 0.536509366362017 0.535904077312606 0.535294890473305 0.538993515873693 0.543797479045865
-9999 -9999 -9999 -9999 -9999 -9999 -9999 -9999 -9999 -9999 -9999 -9999 -9999 -9999 -9999 -9999 -9999 -9999 -9999 -9999 -9999 -9999 -9999 -9999 -9999 0.462928041833471 0.27257750740676 0 0 0 0 0 0 0 0.0960861469596391 0.227863103620171 0.438180955085143 0.479230840983947 0.430001251729274 0.395048260961378 0.373041339240944 0.365829296327534 0.374019181562769 0.388283080798614 0.426067878789366 0.460634233947179 0.496616744186736 0.533846295720862 0.552175589812253 0.550083733992758 0.535697242978107 0.532613588234276 0.538872055711306 0.542252445427428 0.53786630018446 0.532043630764193 0.534061302840615 0.540778326437961
-9999 -9999 -9999 -9999 -9999 -9999 -9999 -9999 -9999 -9999 -9999 -9999 -9999 -9999 -9999 -9999 -9999 -9999 -9999 -9999 -9999 -9999 -9999 -9999 0.498383988605923 0.40524320824864 0.229277098925378 0 0 0 0 0 0 0 0.159756944143686 0.323980074265606 0.530589463237116 0.516431724902106 0.438049433441724 0.407420474748866 0.385876132673796 0.377630295293362 0.391059313081744 0.409211320600706 0.438875136222671 0.472442148346684 0.501399583852406 0.520850687021246 0.531934995587897 0.539627724009387 0.53700664891092 0.539983428770663 0.54652542902842 0.550422087302264 0.54064089791054 0.528088379906837 0.529066850904451 0.539786653248783
-9999 -9999 -9999 -9999 -9999 -9999 -9999 -9999 -9999 -9999 -9999 -9999 -9999 -9999 -9999 -9999 -9999 -9999 -9999 -9999 -9999 -9999 -9999 -9999 0.461933952373558 0.32069400547857 0.156823465131167 0 0 0 0 0 0 0.0907322669989912 0.289757362021897 0.460571702959246 0.603623316940995 0.538164166773171 0.473932864376973 0.434748759815616 0.414312521685801 0.406613757976739 0.417566673303541 0.434294855896137 0.456716074961359 0.478769644425318 0.500322033550485 0.517944318849844 0.529203525020926 0.535761745114033 0.537600747531291 0.542094019128662 0.549044407178793 0.550270953642648 0.541919498729704 0.530726052046126 0.532356208366361 0.54333942586618
-9999 -9999 -9999 -9999 -9999 -9999 -9999 -9999 -9999 -9999 -9999 -9999 -9999 -9999 -9999 -9999 -9999 -9999 -9999 -9999 -9999 -9999 -9999 -9999 0.410658754932643 0.214190836163426 0.0636246191154241 0 0 0 0 0 0.0682607412031422 0.236025577565908 0.418990707423367 0.579136765499333 0.578778529198681 0.552951878676204 0.509062010100878 0.481440887851727 0.4560564683238 0.448596601414464 0.460054972075423 0.462930535133176 0.480333789787734 0.487536654034628 0.49743087933317 0.515744833735315 0.532782953491766 0.537006397440605 0.538311402642897 0.544470287874988 0.551375788473802 0.552393488840634 0.547974023780863 0.537889058248013 0.541245181078689 0.507827928159162
-9999 -9999 -9999 -9999 -9999 -9999 -9999 -9999 -9999 -9999 -9999 -9999 -9999 -9999 -9999 -9999 -9999 -9999 -9999 -9999 -9999 -9999 -9999 -9999 0.347816254573264 0.0772859637871584 0 0 0 0 0.010677715183279 0.101721545142236 0.222483046524283 0.368414291849011 0.513415055697236 0.60958504740126 0.574188334194951 0.569553429609152 0.565366252586547 0.53957328068608 0.51413479504032 0.509146504126886 0.52764440906482 0.541088515072131 0.523472013590028 0.498670250783117 0.494728202117324 0.508630989980109 0.526890752529264 0.537151370077491 0.543806406242066 0.551305753990935 0.557386348131467 0.560507929914507 0.559200890460476 0.523650801797912 0.492295239901669 0.451016041918374
-9999 -9999 -9999 -9999 -9999 -9999 -9999 -9999 -9999 -9999 -9999 -9999 -9999 -9999 -9999 -9999 -9999 -9999 -9999 -9999 -9999 -9999 -9999 0.596180335639283 0.285618066168187 0 0 0 0 0.0626876856219805 0.155122382883638 0.262233191532242 0.360384178777064 0.487735280064716 0.600030047394554 0.619866956102866 0.577394258712916 0.596126880523259 0.607325685464226 0.58114526558447 0.560281575963445 0.563123987873508 0.591105657220864 0.627269987654188 0.571221274787364 0.510068771508986 0.490005966797689 0.503132717266839 0.521875428556913 0.537265160395255 0.549228609184897 0.558364617748381 0.563517076866119 0.552737911457166 0.522271397369595 0.475064079812123 0.443411395287481 0.400057116378473
-9999 -9999 -9999 -9999 -9999 -9999 -9999 -9999 -9999 -9999 -9999 -9999 -9999 -9999 -9999 -9999 -9999 -9999 -9999 -9999 -9999 -9999 -9999 0.473131739527776 0.229388607585398 0 0 0 0.0206600409839748 0.138827240473888 0.265012386606815 0.380586226942284 0.460693491636649 0.5404872016088 0.543120885348536 0.583446304279039 0.597473906057467 0.600446609850418 0.600076560358588 0.591404017550072 0.575371075756531 0.580028606537303 0.613977421134603 0.634675724044756 0.586339298060993 0.523104238253608 0.497499153523829 0.503855694423904 0.526295270822157 0.537748989282279 0.547469197122495 0.557867999653564 0.549466638030283 0.510865957478675 0.470671151082569 0.430077959738344 0.399095072917938 0.360121606400257
-9999 -9999 -9999 -9999 -9999 -9999 -9999 -9999 -9999 -9999 -9999 -9999 -9999 -9999 -9999 -9999 -9999 -9999 -9999 -9999 -9999 -9999 -9999 0.418790584538008 0.19786271663964 0 0 0 0.0499288402013589 0.196488031130106 0.355743011296894 0.471608685686252 0.528175853859317 0.487462534296506 0.51172103160669 0.556778484370356 0.576583401801351 0.58605333244716 0.594217307780816 0.586969404981622 0.563929337914693 0.562740917826273 0.597078708956511 0.624773142648054 0.575024709130752 0.514935979465507 0.495194679552578 0.505684386558227 0.529231312490789 0.536777433718341 0.545055836504632 0.553117561126599 0.506236341873417 0.469211390303934 0.427934064239737 0.384780870120797 0.354371664451466 0.313871257207742
-9999 -9999 -9999 -9999 -9999 -9999 -9999 -9999 -9999 -9999 -9999 -9999 -9999 -9999 -9999 -9999 -9999 -9999 -9999 -9999 -9999 -9999 -9999 0.394566044866191 0.182594389531824 0 0 0 0.0735784158779303 0.242977888939188 0.41976832572925 0.529920624392032 0.543118405632613 0.490592273935351 0.510804663858507 0.563933212573917 0.584970749505556 0.582605097765174 0.584250587217991 0.58261802295418 0.538057166153925 0.519558255334729 0.530430574425413 0.537679834945516 0.522252256824691 0.501080593757193 0.495482864534142 0.50372568427079 0.519579378841232 0.531424636582588 0.543631131432162 0.526294615182497 0.476359411630844 0.431704615491863 0.389146564668257 0.348183854885249 0.319590094158305 0.284315452445703
-9999 -9999 -9999 -9999 -9999 -9999 -9999 -9999 -9999 -9999 -9999 -9999 -9999 -9999 -9999 -9999 -9999 -9999 -9999 -9999 -9999 -9999 -9999 0.391936059853688 0.173156339494652 0 0 0 0.0837371308932386 0.277395783001382 0.468505382755998 0.570578625171933 0.521500918495575 0.478380349297074 0.509045418124971 0.487596481891987 0.497088304140706 0.553322137225898 0.576591539228329 0.571471253659002 0.502447586392256 0.468952997719108 0.466473374673111 0.459707691569716 0.476342201469788 0.482293497956433 0.489087848675795 0.499319295667425 0.510171245662552 0.525283102802266 0.540767638949552 0.499488906062504 0.441037630651665 0.401854603997503 0.358442027851113 0.317699574803068 0.289436624928125 0.2503924638746
-9999 -9999 -9999 -9999 -9999 -9999 -9999 -9999 -9999 -9999 -9999 -9999 -9999 -9999 -9999 -9999 -9999 -9999 -9999 -9999 -9999 -9999 -9999 0.354286525211146 0.145798372308261 0 0 0 0.123915372961514 0.303146946697271 0.475872475019724 0.5603443158687 0.504510355843524 0.475354081440865 0.497513717017323 0.456117984090775 0.454741574593336 0.489272064706113 0.53280678091368 0.543454347800364 0.462616322973957 0.424476071692245 0.429413942807421 0.444922494369838 0.456359615789136 0.467172965090835 0.480051262888269 0.491803602348048 0.504006325142889 0.51879076793182 0.529862163760593 0.486869689237018 0.430954840072877 0.380859142153694 0.336246537163647 0.295928390374379 0.269719845854628 0.237930979502862
-9999 -9999 -9999 -9999 -9999 -9999 -9999 -9999 -9999 -9999 -9999 -9999 -9999 -9999 -9999 -9999 -9999 -9999 -9999 -9999 -9999 -9999 -9999 0.336820860481607 0.124555665810557 0 0 0 0.134291353474647 0.308457222252901 0.471133868865454 0.552308417373504 0.514854603533781 0.490330213047955 0.472111466650831 0.430827212456123 0.424486163596671 0.447556295403458 0.482087814920949 0.518797054689708 0.433146139494929 0.399439058405182 0.415795945076941 0.435330033449897 0.449051636950363 0.460049313993324 0.473084655002789 0.483935599116654 0.497596849741401 0.514490499801597 0.528442082151059 0.480581054591853 0.418031982801235 0.37372154163608 0.329593288530719 0.28668010339805 0.25805538878237 0.225060734189451
-9999 -9999 -9999 -9999 -9999 -9999 -9999 -9999 -9999 -9999 -9999 -9999 -9999 -9999 -9999 -9999 -9999 -9999 -9999 -9999 -9999 -9999 -9999 0.323068901384461 0.100331751513015 0 0 0 0.117562753742728 0.292196886940732 0.443690503486135 0.515659781475474 0.503691010718916 0.462405040641852 0.433904558924715 0.410058070783661 0.402315099899787 0.408211160358473 0.432379150732981 0.48792494741547 0.427517605158229 0.39715419911854 0.410328603212477 0.432623584179318 0.443891591811442 0.451616382698157 0.463761518790749 0.476083187044822 0.491430923340475 0.509183344528107 0.52890088049622 0.484883231442467 0.42652421843092 0.373539602935673 0.326794929781164 0.286309858139851 0.257631928277096 0.228049621897987
-9999 -9999 -9999 -9999 -9999 -9999 -9999 -9999 -9999 -9999 -9999 -9999 -9999 -9999 -9999 -9999 -9999 -9999 -9999 -9999 -9999 -9999 -9999 0.31126246045616 0.0864793696527593 0 0 0 0.0904793402034295 0.264009392266156 0.411651840551497 0.4798980447644 0.460362797710717 0.418378866298047 0.397293747258976 0.380182669743079 0.375858916805692 0.380450223936926 0.401961922428154 0.460297548041897 0.430249830136146 0.40012947015639 0.415052347354005 0.43368654920294 0.441138620532495 0.444531080823761 0.45367202679222 0.466059957474427 0.48180514260373 0.500721871352131 0.507638374386573 0.49728497987657 0.4361336645609 0.386874520851684 0.344046634441366 0.296157929713686 0.26335868037729 0.231123950819954
-9999 -9999 -9999 -9999 -9999 -9999 -9999 -9999 -9999 -9999 -9999 -9999 -9999 -9999 -9999 -9999 -9999 -9999 -9999 -9999 -9999 -9999 -9999 0.295844260501773 0.067492911282838 0 0 0 0.0570810393990794 0.229006456517392 0.376597324830418 0.448683537209524 0.427746782761421 0.384680191932266 0.371404057861503 0.353878293604229 0.356482606472785 0.37600649453491 0.397799028473645 0.448573760019454 0.439838016060724 0.409210817660075 0.422000597906453 0.439791996992987 0.441863735187242 0.438470897690503 0.446990586244517 0.460227857917329 0.472739763465079 0.490410914281739 0.481900120336102 0.477887091746118 0.453615511849253 0.409026756878167 0.361546873995605 0.311087810034725 0.279002761610595 0.239934855108176
-9999 -9999 -9999 -9999 -9999 -9999 -9999 -9999 -9999 -9999 -9999 -9999 -9999 -9999 -9999 -9999 -9999 -9999 -9999 -9999 -9999 -9999 0.381075481616223 0.269321300154638 0.0420243026578349 0 0 0 0.00754427582213313 0.185698456254188 0.346616193139189 0.430292451983529 0.421261969521767 0.382236812243535 0.373267143221317 0.364489050718376 0.373476749598915 0.399061489540838 0.422740985915999 0.45747044480867 0.458300840889646 0.426803303727048 0.43390734013995 0.447407146822145 0.446083029875875 0.444350147931758 0.455739112785638 0.475156393197043 0.482869734779294 0.478328850397391 0.470275871571937 0.469306591326762 0.474741093772174 0.431934689747278 0.383659691129032 0.332605002965424 0.297592691926315 0.257534967694112
-9999 -9999 -9999 -9999 -9999 -9999 -9999 -9999 -9999 -9999 -9999 -9999 -9999 -9999 -9999 -9999 -9999 -9999 -9999 -9999 -9999 -9999 0.363917956810989 0.244855311768037 0.00900140411675765 0 0 0 0 0.14271363170854 0.326582126863839 0.416128766039506 0.419101488454495 0.401593831370008 0.391480119609321 0.396401825749206 0.411275113342727 0.434241706114596 0.468031569776258 0.470549776775116 0.473365230464031 0.449346611630446 0.448940235600596 0.455826121514801 0.453107601669078 0.454327705265392 0.45669834762861 0.464388487168116 0.474444474326902 0.466554919578807 0.465131472957471 0.472379348807657 0.482419380505142 0.459421346498464 0.410843223964224 0.354577741025795 0.316007287543507 0.263648219377642
-9999 -9999 -9999 -9999 -9999 -9999 -9999 -9999 -9999 -9999 -9999 -9999 -9999 -9999 -9999 -9999 -9999 -9999 -9999 -9999 -9999 -9999 0.332989552686915 0.18410865259379 0 0 0 0 0 0.119825904057169 0.303889732341918 0.406359056146937 0.415154313708479 0.400275054819417 0.400308591839833 0.40964894881337 0.425674568004389 0.449353672819186 0.471635359177243 0.467049096191453 0.456587494894549 0.449004981457129 0.440296445163501 0.435503964543067 0.429830756799428 0.428243397273781 0.430448119050571 0.437662868145817 0.446583645120443 0.44281909774419 -9999 -9999 -9999 0.383172670834173 0.341037394215099 0.361954530675219 0.334021207080406 -9999
-9999 -9999 -9999 -9999 -9999 -9999 -9999 -9999 -9999 -9999 -9999 -9999 -9999 -9999 -9999 -9999 -9999 -9999 -9999 -9999 -9999 0.419327998019114 0.281533227402787 0.11599695435371 0 0 0 0 0 0.108261060237548 0.289718560489577 0.391162482475694 0.395415006343172 0.385946585437694 0.39228448872066 0.402640601909883 0.419883982559807 0.443454529134391 0.457883597107286 0.448065959849582 0.431560446646622 0.417573642363047 0.409871094475149 0.407808345128746 0.39832419447033 0.397934660494264 0.399126931248818 0.400304585204651 0.408336404806396 0.407335042798589 0.411097361772392 -9999 -9999 -9999 -9999 -9999 -9999 -9999
-9999 -9999 -9999 -9999 -9999 -9999 -9999 -9999 -9999 -9999 -9999 -9999 -9999 -9999 -9999 -9999 -9999 -9999 -9999 -9999 -9999 0.367177354531868 0.205361482298593 0.0211041583499838 0 0 0 0 0 0.104634574676079 0.274612507094678 0.370704009658802 0.379571583680816 0.366570942877317 0.375447420533071 0.388764956500718 0.406312312069809 0.428852657093522 0.438607984502649 0.423787633625632 0.397483914036244 0.379623447347344 0.370095297898869 0.364417747451519 0.35728749496276 0.353504489381101 0.353604729457608 0.357003840031236 0.364223425645173 0.367746667712507 0.381601166991543 -9999 -9999 -9999 -9999 -9999 -9999 -9999
-9999 -9999 -9999 -9999 -9999 -9999 -9999 -9999 -9999 -9999 -9999 -9999 -9999 -9999 -9999 -9999 -9999 -9999 -9999 -9999 0.397619397662967 0.309136272719369 0.116994166943973 0 0 0 0 0 0 0.100532681835748 0.269901520286607 0.359615869382366 0.358378561080484 0.344220002709273 0.357701217143816 0.372708440204216 0.390047376546875 0.412759722565716 0.426300534607465 0.398581212697586 0.361544322253211 0.338103874103347 0.328032602996814 0.317199551826991 0.312454731210714 0.305227280720308 0.305204057075639 0.311963621613079 0.318674290361904 0.33178882348031 0.349729126085067 0.398425473304107 -9999 -9999 -9999 -9999 -9999 -9999
