meets/meet004/_saidas_enm/CCSM_Maha_21k_Aralia_warmingiana5.asc
NCOLS 154 
NROWS 168 
XLLCORNER -112 
YLLCORNER -55.5 
CELLSIZE 0.5 
NODATA_value -9999 
[rows 75 to 99 of 168, columns 56 to 111 of 154]
-9999 -9999 -9999 -9999 -9999 -9999 -9999 -9999 -9999 -9999 -9999 -125.595239036406 -150.254262147067 -141.379262895304 -112.235617939783 -69.990332854365 -42.182371794064 -13.3689810668828 -8.81867943710427 -13.1960558270614 -14.0155642961707 -12.4617208463997 -10.5820173928584 -8.8651379868077 -7.1417194078188 -5.77749621088466 -5.26686127817654 -4.64410479171293 -4.26696444910919 -3.88986041168523 -3.4734494711852 -3.35600520026452 -3.25671896625536 -2.9026903758369 -2.43453446982743 -1.92383749862396 -1.60687557401525 -0.978367927112741 -0.575226871160631 -0.307446685522105 -0.0213640266730728 0.0773150334626397 0.155893082087008 0.0429931193587096 -0.0126931906578938 -0.384292334636609 -1.16792363232039 -2.16907396561275 -3.12418628499599 -3.09590989246654 -3.76323671436235 -4.70808645067547 -6.01009303517087 -6.89874180105266 -7.33542137185434 -7.97110539297838
-9999 -9999 -9999 -9999 -9999 -9999 -9999 -9999 -9999 -9999 -9999 -115.47723904842 -130.122576846549 -119.459657463274 -107.026273563051 -79.5032507615095 -53.0854117443967 -22.811617025123 -10.9479242360175 -12.1736139738251 -15.9052673627829 -14.8682074548958 -13.27433841523 -10.9554345665899 -8.99098136957179 -7.11699345943395 -6.68331303280723 -5.98469670879675 -5.44400751868375 -4.98963116404064 -4.36083046454926 -3.98703617709884 -3.42850667479393 -3.05186294558668 -2.84322836493422 -2.36748617127214 -1.88359283354975 -1.52329591894252 -1.40460697885317 -0.888824982945803 -0.387176765655429 -0.0645094548862695 -0.00242681441103865 0.159739001151818 0.302915108887467 0.173352412421897 -0.258252948224197 -1.11135298048474 -2.23307605649393 -2.39865520078388 -2.58989339325804 -3.36633891322611 -4.30809185344948 -5.20355412472059 -5.94074188874878 -6.82466186896334
-9999 -9999 -9999 -9999 -9999 -9999 -9999 -9999 -9999 -9999 -9999 -9999 -130.774885518237 -118.429199398155 -102.764690798355 -82.9270416479284 -64.4116410404708 -49.0500301909439 -29.1986386593415 -18.6747289234737 -14.0458344661213 -13.8339112377269 -14.5481678496512 -14.3042035087163 -11.306162867226 -9.09951430718627 -8.3092242210727 -8.19218464375275 -7.7401123281286 -7.21960233580236 -6.12586062369556 -5.67278813746494 -4.80582818363852 -4.16684910427332 -3.66075717036743 -3.16389703414675 -2.86856286667764 -2.18434060127341 -1.76144290573446 -1.6747756271806 -1.22696970751513 -0.584757686443867 -0.262255748609039 -0.153747689456273 -0.0454407032891533 0.201174353974696 0.0933634327233092 -0.287733023966612 -0.961736689599875 -1.7228843154909 -1.67339253724836 -2.04741795417902 -2.70114511430365 -3.41108057462697 -4.03489100246861 -4.70268078376629
-9999 -9999 -9999 -9999 -9999 -9999 -9999 -9999 -9999 -9999 -9999 -9999 -145.875624938457 -126.754355505066 -90.8999044588983 -74.6315859920276 -85.6941961659193 -93.6704804568384 -81.9365098995372 -54.5716460991293 -22.285184256471 -16.3560182936902 -13.3678599122875 -12.9904886932666 -12.5234039995122 -10.3705352855015 -11.0246557183813 -11.5505209385668 -11.2042764015383 -10.9260298304257 -8.76512466719435 -8.56305449015255 -7.76304857689622 -6.55056847020852 -5.50427850677881 -4.53978015733827 -3.99380604876498 -3.44014975870562 -2.59122260336203 -2.11842769394476 -1.65509968035202 -1.26929928010085 -0.835855310382095 -0.564550773989014 -0.238981028699855 -0.119605206533224 -0.155505219580812 -0.257803329277281 -0.673562857431057 -1.73271179102046 -1.3370391333989 -1.51254993785495 -1.89184249639885 -2.26504037981007 -2.67118027860576 -3.12785521307998
-9999 -9999 -9999 -9999 -9999 -9999 -9999 -9999 -9999 -9999 -9999 -9999 -9999 -143.587068199605 -94.2616313520044 -94.1870679407086 -120.057049017545 -148.861033340828 -142.446752263224 -122.504200060964 -77.6972481314098 -33.7439673145689 -12.1793166802374 -5.90539037228735 -5.25804538326346 -7.25165828066829 -11.0243267831563 -13.932351394508 -15.5333514783351 -15.0672835970366 -13.979340471453 -12.9907070062647 -11.5812420064907 -9.74244879209915 -8.3105425725303 -6.68021261405139 -5.48001219523852 -4.7515157292572 -3.90738409835534 -3.11465080595019 -2.24914914054793 -1.39602337020466 -1.05314079484807 -0.959736995282368 -0.632716065782471 -0.602037544978088 -0.566076179758998 -0.387887853150561 -0.486672614919528 -1.08292733980049 -1.9415112407367 -1.81487993594591 -1.90665857360101 -2.04303636359797 -2.21137962369332 -2.46389683185733
-9999 -9999 -9999 -9999 -9999 -9999 -9999 -9999 -9999 -9999 -9999 -9999 -9999 -101.688003752774 -98.0019878560901 -112.717588271487 -156.029730905605 -203.298907744879 -207.365750681239 -182.726805391559 -140.331663918936 -82.0958674553264 -21.2928879939883 -6.36370551298248 -4.37365654659654 -3.29301821772164 -5.52195563096829 -12.1528271246111 -16.1461110574828 -17.2982114403795 -18.1647500459301 -16.8678131977369 -15.7164965079503 -13.1854867180148 -11.565919875917 -9.36414188250206 -7.07151475307804 -5.7509361761728 -4.93529065438535 -4.03436456551171 -3.3001281965374 -2.1622371328491 -1.28487836187693 -1.40581671329462 -0.90895307159819 -1.11588295399498 -0.504374248372564 -0.128989263986052 0.00612797881811 -0.239018153290683 -0.624110260012039 -1.09292849616177 -1.51142338566683 -1.77065901870614 -2.4323782778716 -2.78751353415194
-9999 -9999 -9999 -9999 -9999 -9999 -9999 -9999 -9999 -9999 -9999 -9999 -9999 -9999 -99.1748439715882 -112.091657154936 -167.802168592636 -220.683168220536 -234.373170995495 -223.90959265545 -176.556041133801 -138.994410651748 -95.3460652924574 -68.8781841147565 -42.1395879694121 -19.1562732283324 -6.27603251508762 -5.5447358016416 -9.84472999482397 -13.8641449459303 -17.7080670660573 -18.5886991003828 -18.3654421429711 -16.321547820079 -13.1213040589288 -10.4277295642067 -8.07539839440209 -6.24879685589325 -5.13119708458937 -4.45296915855276 -3.91690805589633 -2.94301376362995 -2.20021466122566 -2.03537613367156 -1.41927530696348 -1.19499827940585 -0.53801666222078 -0.26489564252735 -0.0668011423987918 0.0186236532721954 -0.0409809776300489 -0.0310876650717919 -0.505005556574067 -1.1457897816963 -1.37016100821658 -1.87552896967589
-9999 -9999 -9999 -9999 -9999 -9999 -9999 -9999 -9999 -9999 -9999 -9999 -9999 -9999 -109.538418518614 -100.368147598961 -161.956253324541 -219.46500345386 -249.424913631341 -251.014504366296 -223.138699889633 -222.274966585596 -233.043953086329 -217.404607684367 -156.978324312204 -116.895489284531 -65.8001297727962 -17.0991592789041 -6.20741557418482 -6.98447877772333 -16.3688368604943 -16.3189373654057 -18.2544114580459 -18.1096360119472 -14.5316237917479 -11.6003094550114 -8.46536889714072 -6.5820238274014 -5.25712223278299 -4.51577600620333 -4.49203401510692 -3.44619996087606 -3.17543519633094 -2.92633918447802 -2.13485961395221 -1.56195437333266 -0.854996666527579 -0.690119870611368 -0.434447334286693 -0.0651776009118072 -0.0304188626936279 0.114824567563053 -0.307466289006046 -0.650530808283899 -0.542683262904952 -0.597586833341871
-9999 -9999 -9999 -9999 -9999 -9999 -9999 -9999 -9999 -9999 -9999 -9999 -9999 -9999 -9999 -131.183750201208 -152.188865623199 -198.943069786945 -253.159417479141 -277.718403731801 -300.819280279165 -300.480532056126 -338.523661430613 -345.50468823012 -315.678861906287 -290.220997036576 -220.295634006961 -164.44431918378 -93.2433704283409 -26.8043320697374 -5.47216634534982 -10.189249789007 -18.5608592472521 -19.5301400739982 -15.5107023601797 -11.7112921550829 -9.34142949038645 -8.05915277240195 -6.27165313546103 -4.72157018443853 -3.30119796840511 -3.11576530425605 -3.65589886306571 -3.87515662389373 -3.39628830051172 -2.11522488320046 -1.32390492154791 -0.977664269253999 -0.567262490104237 -0.156583478027661 0.120106990471944 0.254733499366074 0.110103688969216 -0.0466290446165105 -0.0748158279683047 -0.0813954408769124
-9999 -9999 -9999 -9999 -9999 -9999 -9999 -9999 -9999 -9999 -9999 -9999 -9999 -9999 -9999 -106.91123061261 -151.302849671496 -165.422757928153 -216.989298332014 -276.437914144926 -349.545664170784 -342.226147360081 -407.179119087227 -415.347648738782 -400.894171855077 -475.458919317503 -383.330135967514 -390.878053694676 -275.291683470723 -103.839148827282 -30.3182249291943 -9.51121059765714 -15.5631339434508 -18.1975756484846 -15.3358890963263 -11.5295674529744 -10.0757245653207 -9.55622173646376 -7.91468132568098 -5.74809248615303 -3.67414631021891 -3.41427511887672 -4.41522029918515 -5.23755540496694 -4.8945614628971 -3.03140911847961 -2.00453365165081 -1.25336470288454 -0.660912418050314 -0.263506630062796 0.081186107615615 0.300811185274819 0.358784467133482 0.278430441305168 0.183206237720684 0.135823689426081
-9999 -9999 -9999 -9999 -9999 -9999 -9999 -9999 -9999 -9999 -9999 -9999 -9999 -9999 -9999 -32.3189558578143 -175.160447461842 -160.722332047446 -186.896124973521 -222.51393777057 -272.913970021494 -316.290434042755 -350.878621995867 -367.868492206504 -354.246863843949 -360.703373770845 -360.608700137292 -362.824743267926 -289.342071114957 -170.197892356714 -80.5090319042878 -25.3643335730142 -13.3963042380362 -11.4483337718865 -12.6339137278984 -11.7723921433072 -11.1886578792102 -10.740502739877 -9.19397086145563 -7.76548488379009 -5.81812521056226 -5.39387655618976 -6.05343323329996 -6.77475910136648 -6.52385025015552 -4.44328662640527 -2.8467306494127 -1.6747550632568 -0.941182430415348 -0.514575524828021 -0.209830816985045 0.0492788972594482 0.180134558457281 0.100717765185095 -0.150693314235516 -0.229693934551206
-9999 -9999 -9999 -9999 -9999 -9999 -9999 -9999 -9999 -9999 -9999 -9999 -9999 -9999 -9999 -9999 -70.3812071905479 -191.784136386321 -175.6696392413 -176.879717766633 -202.393217121691 -242.900189063448 -278.415433742889 -310.728673782432 -309.557005712186 -311.427909694567 -326.782189001679 -346.250247731423 -302.875941178566 -215.452773930286 -132.739838274414 -57.3797938346428 -18.519206788281 -8.45612582897363 -7.43843594667202 -10.3273996633573 -9.6057915083972 -8.94405110760144 -7.75152175894967 -6.63662211862038 -5.04519884637578 -5.50816657963277 -7.24962457358316 -8.01946822759648 -7.53330407945558 -6.0982622563185 -4.2166134376425 -2.67184614763842 -1.72437956890428 -1.22786979291267 -0.815278780163607 -0.786829366733512 -0.89877462712415 -0.747818822184906 -0.473338040565177 -0.553062666177685
-9999 -9999 -9999 -9999 -9999 -9999 -9999 -9999 -9999 -9999 -9999 -9999 -9999 -9999 -9999 -9999 -9999 -63.2039653315656 -174.292693903983 -193.936170824236 -173.820031849186 -197.282240210478 -234.96311013714 -276.458818635575 -300.494931088738 -327.56733488758 -356.520488667905 -374.718541511974 -334.564765476156 -255.431543708831 -184.755277023497 -113.592442621681 -55.7884818712858 -18.8471396365479 -6.55480658178775 -4.81994783212697 -7.23402300875867 -8.74056056915712 -8.61031449234752 -7.54904416556605 -7.3008122281079 -7.63216001393806 -8.44107619798555 -8.42705395602224 -7.76820649556013 -6.49841183071216 -5.23132615564238 -4.17867392509441 -3.45426652228187 -2.83937852470464 -2.00105493525688 -1.34018696267917 -0.867993865405084 -0.554645313322327 -0.384313807614175 -0.465777435004272
-9999 -9999 -9999 -9999 -9999 -9999 -9999 -9999 -9999 -9999 -9999 -9999 -9999 -9999 -9999 -9999 -9999 -9999 -9999 -180.4895422649 -232.464153204023 -211.608181287324 -223.68895125817 -265.557306127786 -300.017465475843 -310.659801016506 -357.385383594238 -394.537912544408 -366.790020052393 -293.010153493901 -232.816889302978 -168.908186167481 -120.554024353393 -66.7228279763686 -21.6360836764075 -6.45368836919881 -2.98819754123693 -5.22434798230436 -8.32199970437063 -8.74446274326036 -10.182930288452 -9.275271226439 -9.15455317624182 -8.71394749037122 -7.7664254162506 -6.8059073193371 -5.7691169645568 -4.65894000203595 -3.34082118201777 -1.84902333710746 -0.806566625128798 -0.812549829281557 -1.00600524225748 -0.465093787341788 -0.0622848156471705 -0.0786854330345317
-9999 -9999 -9999 -9999 -9999 -9999 -9999 -9999 -9999 -9999 -9999 -9999 -9999 -9999 -9999 -9999 -9999 -9999 -9999 -9999 -9999 -191.974711671306 -241.290943523531 -254.443046051342 -278.686109709916 -307.485490130149 -330.841402497781 -354.492847556316 -354.97591080699 -320.87437900012 -278.96560732512 -217.117835047808 -183.463361752821 -135.640830282894 -72.9349323998681 -28.9418436681274 -8.00377683166804 -2.56298506885499 -4.53872038961922 -7.73652679600996 -9.0914736414491 -8.73746128090339 -9.21850331600575 -8.10713099627942 -7.65016153422083 -7.01084625380856 -5.92594793868742 -5.09875383735331 -3.79059232951785 -1.98957371868084 -0.989235360321984 -0.804108887519194 -0.752414227916095 -0.39994978084938 -0.193911970632445 -0.311689391833655
-9999 -9999 -9999 -9999 -9999 -9999 -9999 -9999 -9999 -9999 -9999 -9999 -9999 -9999 -9999 -9999 -9999 -9999 -9999 -9999 -9999 -9999 -9999 -186.893767583001 -221.889353655718 -258.093816739995 -291.990536354176 -315.440231721581 -336.430748911217 -327.602473490213 -317.171227826381 -264.197431069876 -235.031180377466 -193.809847244858 -143.714117488169 -89.6936735854945 -39.252403956088 -13.3730397350524 -4.22648527248397 -3.98640267906544 -6.61476178721788 -6.49198390056844 -6.56001449751823 -6.47380691802678 -6.82633303285697 -6.4439800639106 -5.50154938566229 -4.83003082115564 -3.97771087944068 -2.14207482616428 -1.18329528069809 -0.955128952318455 -0.911735493499258 -0.499967047724884 -0.316194756715765 -0.320979355309822
-9999 -9999 -9999 -9999 -9999 -9999 -9999 -9999 -9999 -9999 -9999 -9999 -9999 -9999 -9999 -9999 -9999 -9999 -9999 -9999 -9999 -9999 -9999 -9999 -9999 -211.061688135135 -242.001093709052 -255.277815928351 -288.249342860395 -310.39710695026 -311.794727090391 -294.876266074599 -292.156215054455 -260.454053550415 -208.236802383904 -176.323539324458 -104.055745943351 -56.5552793411445 -21.3090639011883 -7.04443778650352 -5.37818192102262 -5.07805562373553 -4.53161890197266 -3.82569575463245 -4.3279344597803 -4.65512892028929 -4.84777820824485 -4.13641084511491 -3.62216107417954 -2.31382186371391 -1.32531861269847 -1.07972332789466 -1.38255545739605 -0.833869697069257 -0.338768292484358 -0.176167399317862
-9999 -9999 -9999 -9999 -9999 -9999 -9999 -9999 -9999 -9999 -9999 -9999 -9999 -9999 -9999 -9999 -9999 -9999 -9999 -9999 -9999 -9999 -9999 -9999 -9999 -162.241041409635 -223.577534786808 -217.998803641693 -240.794005877034 -282.487736722322 -301.579183520628 -312.069627486038 -327.206364218829 -298.37142977266 -246.592178246761 -207.434898943653 -146.663146797863 -94.9196416617063 -46.5710798696266 -18.382886052555 -8.44389078308491 -5.53838238051117 -2.16819272745811 -1.79287143700043 -2.38066832775534 -2.81985617041463 -3.34286708018682 -3.42962744291569 -3.47538857572884 -2.4592460519368 -1.41108721157101 -1.22064086232507 -1.47891628595592 -1.01572180538129 -0.33950239696319 -0.197104389942724
-9999 -9999 -9999 -9999 -9999 -9999 -9999 -9999 -9999 -9999 -9999 -9999 -9999 -9999 -9999 -9999 -9999 -9999 -9999 -9999 -9999 -9999 -9999 -9999 -9999 -9999 -9999 -217.799593524833 -216.479914111287 -233.73095593401 -271.088592568466 -300.80122670388 -316.898213661489 -311.633572082168 -281.051076792425 -245.254477073142 -183.016898151718 -127.104746104919 -71.2836715888012 -34.4027572058345 -16.9397753250704 -5.54892225101389 -0.585424417390678 -0.284801667693135 -1.47029630615257 -1.9409045711843 -2.34001525123912 -3.22208350185732 -3.51110272988871 -2.50177327071144 -1.44680573827546 -1.41838902657821 -1.61790995548309 -1.21940659543222 -0.27436166194795 -0.114688783920984
-9999 -9999 -9999 -9999 -9999 -9999 -9999 -9999 -9999 -9999 -9999 -9999 -9999 -9999 -9999 -9999 -9999 -9999 -9999 -9999 -9999 -9999 -9999 -9999 -9999 -9999 -9999 -196.047742349618 -229.274689544619 -211.760452255588 -231.003738262188 -277.723709432372 -316.642142808476 -328.350114726114 -303.360348081809 -259.827935889761 -214.288852378224 -162.449661033634 -96.0829155052798 -46.7861060377985 -18.6121541956858 -5.85203914391628 -2.84597046877019 -1.58233976155892 -1.55857160400237 -1.31794593581936 -1.7002171882779 -2.44567524867583 -2.63307643186452 -2.3600426720688 -2.03724284065684 -1.7315405221102 -1.57639061546737 -0.931352392246434 -0.161524797727744 0.0528902724750761
-9999 -9999 -9999 -9999 -9999 -9999 -9999 -9999 -9999 -9999 -9999 -9999 -9999 -9999 -9999 -9999 -9999 -9999 -9999 -9999 -9999 -9999 -9999 -9999 -9999 -9999 -9999 -9999 -222.680775152356 -188.641737297119 -188.982475086804 -247.851657834615 -311.740100414814 -335.491223340789 -312.887060519724 -267.251303828222 -231.102555236089 -194.489160468439 -126.787331274459 -60.0070786740521 -21.0588602854477 -6.21624094581114 -5.80238049729405 -4.37475354270595 -2.67806885574868 -0.227860400615574 -0.615745456014472 -1.01556102755843 -1.36530804871685 -2.13631217653094 -2.59933469363534 -1.72322542623393 -1.38678626940695 -0.47102579668741 -0.156663748776847 -0.0410840451530863
-9999 -9999 -9999 -9999 -9999 -9999 -9999 -9999 -9999 -9999 -9999 -9999 -9999 -9999 -9999 -9999 -9999 -9999 -9999 -9999 -9999 -9999 -9999 -9999 -9999 -9999 -9999 -9999 -222.092505472897 -180.667223441836 -174.874898930167 -231.581936041687 -301.087206416638 -336.13360563856 -323.138224244838 -271.785630497241 -241.769691168751 -211.492990121355 -143.693919980542 -68.5434241553468 -25.3833190658613 -7.05948259435255 -6.42871285747671 -5.59087327876614 -4.39482580301963 -2.71514670442493 -1.15870722726654 -0.348238722320607 -0.527212908742503 -1.62620768662965 -2.32106452707851 -1.62825507369441 -0.979207124440328 -0.430320907522206 -0.245047152884045 0.363766170071272
-9999 -9999 -9999 -9999 -9999 -9999 -9999 -9999 -9999 -9999 -9999 -9999 -9999 -9999 -9999 -9999 -9999 -9999 -9999 -9999 -9999 -9999 -9999 -9999 -9999 -9999 -9999 -9999 -229.3921547567 -174.967177842187 -160.971213557437 -223.539276993949 -298.412024070851 -339.356117261577 -328.109596843678 -272.815995688571 -246.745534618419 -219.299591169731 -152.850189929339 -73.3151005725632 -26.7603878272131 -6.52402399564442 -6.7684625011885 -7.18643079131448 -6.96952724034351 -6.82249174712519 -2.43944316148358 -0.379260217305849 -0.313302383882367 -1.21087585278812 -2.95209614188405 -1.3151094664851 -0.571961573908515 -0.147978427317417 0.1343656725727 0.35471102496959
-9999 -9999 -9999 -9999 -9999 -9999 -9999 -9999 -9999 -9999 -9999 -9999 -9999 -9999 -9999 -9999 -9999 -9999 -9999 -9999 -9999 -9999 -9999 -9999 -9999 -9999 -9999 -9999 -216.232672726437 -176.458310614775 -162.948367543248 -228.422566204347 -305.323005484135 -350.593685352583 -347.184073426513 -296.221405898617 -257.868640066299 -219.676146275816 -145.456284233169 -66.9637341004951 -24.2399614323377 -5.75182922194108 -6.66845810005005 -8.05872930374844 -9.14782102750844 -8.29194457070567 -4.64037473248537 -1.93876327355744 -1.07028921611659 -0.910351587657838 -0.73164623149433 -0.341929990637992 -0.146612140610605 -0.102864825154227 0.227864222399688 0.463747798655698
-9999 -9999 -9999 -9999 -9999 -9999 -9999 -9999 -9999 -9999 -9999 -9999 -9999 -9999 -9999 -9999 -9999 -9999 -9999 -9999 -9999 -9999 -9999 -9999 -9999 -9999 -9999 -9999 -205.381309523842 -174.743212879924 -163.878466601588 -239.86998209255 -318.896661269308 -364.326459147953 -361.474876920457 -323.88882893236 -262.624133355336 -212.833977404754 -130.505733390188 -56.6935143372277 -19.0313903610245 -4.26911266185517 -7.37343601134082 -8.9312786084989 -10.4567419537594 -9.97180762688865 -5.94220094258856 -3.45290836971272 -1.70517440986242 -0.582666713929449 -0.157299499149877 0.0631380097453866 -0.0992629604014681 -0.106536522367869 0.202555132399363 0.45510787940713
