meets/meet004/_saidas_enm/CCSM_SVM_21k_Cavanillesia_umbellata2.asc
NCOLS 154 
NROWS 168 
XLLCORNER -112 
YLLCORNER -55.5 
CELLSIZE 0.5 
NODATA_value -9999 
[rows 72 to 95 of 168, columns 56 to 111 of 154]
-9999 -9999 -9999 -9999 -9999 -9999 -9999 -9999 -9999 -0.115736369345864 0.029268512560528 0.153453395821005 0.112428225500944 0.126485498762058 0.122419040579992 0.081092038846114 0.0579580396679161 0.0381710200424241 0.0623526066076378 0.101980458148737 0.104551612402376 0.119727794434667 0.130033916587137 0.126512849773603 0.134956739186824 0.135453903140453 0.130994745787347 0.117868883250388 0.110177862386092 0.112603299033494 0.113047554582278 0.113776526247067 0.111892889843537 0.124326343749133 0.146041083200208 0.169573574068208 0.189054947117725 0.204430288054748 0.220129130601289 0.239751431738731 0.254717354219842 0.278308338697054 0.286875392117435 0.290507207968397 0.299430858938151 0.287229766099186 0.278116935908599 0.246180254249354 0.212564520463368 0.17592688249293 0.126332696689202 0.0784065558062206 0.0294607268485024 -0.00118971209946817 -0.0345109614184845 -0.0558940567813428
-9999 -9999 -9999 -9999 -9999 -9999 -9999 -9999 -9999 -9999 -0.0803239007904065 0.0817771755899644 0.12337655693452 0.149558726887005 0.152468501369292 0.124167531410407 0.109688601417569 0.132222001925469 0.151755921826285 0.152956167572174 0.125402816645602 0.113557407405814 0.121572235072201 0.104159505322736 0.101354143536113 0.100143872434545 0.0971096071191341 0.0860294663262876 0.0831928673981103 0.0834143036223596 0.0858053665720144 0.086595956944716 0.0802950855456923 0.088176407723296 0.105077213662208 0.1238315872912 0.142473412368042 0.15822093229739 0.176731557654242 0.194314862283543 0.206022961502363 0.217360650244989 0.238128126192806 0.244217633339519 0.237582065753741 0.230678707465621 0.225485362271391 0.20874827095256 0.17757264865335 0.124345319794923 0.0829396836503777 0.0459884461972127 0.00826795070067193 -0.0156698069452582 -0.0498162930302167 -0.0662818818994884
-9999 -9999 -9999 -9999 -9999 -9999 -9999 -9999 -9999 -9999 -9999 0.0629686828155792 0.130074646637899 0.174864440419143 0.204669813043227 0.193850388959138 0.162941180387142 0.265301784096314 0.27082658882664 0.181596081624521 0.168519885146693 0.127561668540612 0.109676225024084 0.0957367078230698 0.0835554157599551 0.0747629265673759 0.0721275726333025 0.0639393435866528 0.0600947353718055 0.0613303957334726 0.0625167366171277 0.0623183844473336 0.0577641909871759 0.0614109149241844 0.0676977027162136 0.0739093671667392 0.0908597181171098 0.103007161871406 0.123301736595507 0.143037710860573 0.15694824395104 0.170552727096439 0.178244505789005 0.187087983523413 0.195501553886099 0.193044047416135 0.186164503678759 0.163851953295617 0.130271262171232 0.0854634530211033 0.0483665442280717 0.015929118321995 -0.0158987761652928 -0.0362212193605062 -0.0558864239435827 -0.0632839999196796
-9999 -9999 -9999 -9999 -9999 -9999 -9999 -9999 -9999 -9999 -9999 0.0669988224109244 0.12266032472022 0.205206211368546 0.233580265316839 0.262685763266991 0.236589095244219 0.331930992333959 0.414686990574862 0.29426300372829 0.207847341650845 0.16802670209241 0.131146821336194 0.100815349790558 0.0715321027886838 0.0590053094041762 0.0525467455585103 0.0471733635545861 0.0448280323254022 0.0446428030067171 0.0440210029793391 0.0464737420200667 0.0450264565638809 0.0482905818135531 0.0504247838036436 0.0491486081716708 0.0617511366077388 0.0701600797674588 0.0876593402109599 0.105004363573153 0.113478011304855 0.12740084555573 0.132886080647753 0.139775950110143 0.144601802764263 0.144869008896862 0.131954915989649 0.111486561363494 0.0833454544863711 0.0452187269085201 0.0134796680536248 -0.0150677420966466 -0.0366647777146081 -0.0496004161879331 -0.0591881460288722 -0.0624925735235015
-9999 -9999 -9999 -9999 -9999 -9999 -9999 -9999 -9999 -9999 -9999 0.0631012586267601 0.0737120269881034 0.218736328520064 0.263661486024326 0.300256560308548 0.352922215258305 0.378260797774403 0.387565419959001 0.300269410306745 0.255884576555566 0.202051140774575 0.151437230914476 0.120868717952901 0.0696607853949748 0.0559921517382948 0.0465331727090598 0.0397392244402115 0.0354259021210608 0.0331057626028273 0.0308994373213911 0.033698789418646 0.0400320501321836 0.0440556865399347 0.0406009846610614 0.0435392029627243 0.044804711922277 0.0564989785167261 0.0708573708160833 0.0769204976447949 0.0997661106531774 0.123659118267137 0.138220829055911 0.136173021046792 0.115449953534837 0.0957184402610259 0.0815783910978637 0.0641893933221423 0.0395543954034829 0.0113449048051856 -0.0109059567820506 -0.0332435644619299 -0.0469673953903524 -0.0532585813691723 -0.0566824930964199 -0.0557850905190299
-9999 -9999 -9999 -9999 -9999 -9999 -9999 -9999 -9999 -9999 -9999 -9999 0.0153273760740955 0.118268551082369 0.214465902690458 0.282794759501111 0.430333463436755 0.547459708913733 0.500221643564788 0.324864929810566 0.279886124931191 0.259194804791512 0.198170187385175 0.154621758832568 0.107568959249922 0.0634092786574754 0.0465041956438688 0.0415110822110137 0.0356412792174715 0.0305552098776701 0.0253946000261338 0.0298623678211506 0.0337730887118159 0.0375590286658672 0.0372443566654235 0.0364769522134095 0.0343256584997073 0.0383820722648692 0.0506869310846052 0.0616862887307599 0.087578315672644 0.13571613130755 0.173543156606071 0.169157745965723 0.119867439669967 0.0678337283188539 0.0372226916407699 0.0140395962396747 -0.00521920777824791 -0.018644567765184 -0.0310870462126328 -0.0477255108258882 -0.0575819710364819 -0.0611148985701723 -0.0623079750065732 -0.0613935285231099
-9999 -9999 -9999 -9999 -9999 -9999 -9999 -9999 -9999 -9999 -9999 -9999 0.0645787695241525 0.0300309869639683 0.140490034578509 0.225224638401412 0.357415895565889 0.516354805904333 0.626732706812832 0.534442374472771 0.351412771127291 0.259882113363462 0.261033583919601 0.227798309117376 0.1268276775437 0.084237791397899 0.0597947447338351 0.0527822189600065 0.0447240317188645 0.0359427773831817 0.024090288070523 0.0274996620572206 0.027588190631244 0.0270519460843182 0.0268879328825374 0.0306851427314238 0.0183661174404315 0.0139724199242299 0.0194482335613346 0.026639990521298 0.0570733761220791 0.118638037175645 0.19776339618287 0.202095607433211 0.124922173110951 0.0525139994052813 0.0077582027808798 -0.0261395152049702 -0.0444332432547123 -0.0473531764334454 -0.0455494448798171 -0.062226684449925 -0.0732790347368762 -0.0761858372280094 -0.0767244963760812 -0.076790697567968
-9999 -9999 -9999 -9999 -9999 -9999 -9999 -9999 -9999 -9999 -9999 -9999 -9999 0.0487281585424153 0.0765114963670721 0.203990301246199 0.260135023451064 0.266374760504696 0.321797148163092 0.435818709669926 0.476804431452041 0.418517507367802 0.425757080356092 0.494977135023156 0.38583355271442 0.184658176035089 0.114752537472556 0.0833550485984701 0.0607523192503245 0.048826197574635 0.0378257342216229 0.0332472322628319 0.030302093618197 0.0281694944352079 0.0301295570558195 0.0224981654053501 0.0231909372583464 0.0138339712085386 0.0107190703223911 0.00702185285710666 0.0184012586396596 0.0719806203903464 0.14191622838769 0.163924662203248 0.128361345396235 0.0610465340162897 -0.00464531847848748 -0.0548501279131741 -0.0760661780093153 -0.0758767407397791 -0.0740690116734473 -0.0831917837347262 -0.0923098858773153 -0.0957287487656797 -0.0968545939062256 -0.0989854551070541
-9999 -9999 -9999 -9999 -9999 -9999 -9999 -9999 -9999 -9999 -9999 -9999 -9999 0.0857767294692284 0.0341924996987536 0.180654859967375 0.211323774725546 0.159035004590742 0.153609905951491 0.211740954928836 0.287078408968376 0.618706704147011 0.676589512839001 0.734306807361812 0.810765511999328 0.517396899784572 0.357587528180134 0.198076993809907 0.117275899590367 0.0676712573897607 0.0549231185994455 0.0478685076222125 0.0418851163198842 0.0375068578060479 0.0402194280831972 0.0268054472727661 0.0419173684636768 0.0330217542881326 0.022087870584228 -0.00181446644088329 -0.0232795644980413 0.00871941025616041 0.0702197902527481 0.0953338766230803 0.0938731631044623 0.0779672380584192 -0.0183663273272524 -0.0798437798826231 -0.100308605522647 -0.100571182971258 -0.0966959906139729 -0.104019150188191 -0.109594161695438 -0.112729609914029 -0.111169435186694 -0.106800238734984
-9999 -9999 -9999 -9999 -9999 -9999 -9999 -9999 -9999 -9999 -9999 -9999 -9999 -9999 0.022370565520798 0.138413433153117 0.225466432290124 0.16386151020372 0.145642533058399 0.156866845167518 0.216726192133573 0.482709429036149 0.869810120707475 0.917144308121411 0.836448569790024 0.7695505016423 0.88060592408225 0.789195476585607 0.485847420149893 0.246126841972654 0.107952486481522 0.0650415634702379 0.0545920543785873 0.0513104417350913 0.0597939498924827 0.0693249337726839 0.0952454697778141 0.108949688257163 0.0971602999207123 0.0511644818352514 -0.00196890922753401 -0.00129838251212794 0.00469391363167104 0.0155294087629839 0.0388462503951739 0.0153996203277747 -0.0386146545491341 -0.0915255145935669 -0.109532264169267 -0.110902561631112 -0.112336972833388 -0.116049128395443 -0.116796065866719 -0.114155226047915 -0.114368123302452 -0.11429848563708
-9999 -9999 -9999 -9999 -9999 -9999 -9999 -9999 -9999 -9999 -9999 -9999 -9999 -9999 0.082279605708071 0.0354488507181748 0.180221957519619 0.182442607939437 0.146077337243117 0.144267322919567 0.156410316289952 0.165480932250224 0.16322380373591 0.228493880808213 0.509906091129308 0.670263745609884 0.855392767343001 0.755152333695566 0.945114421963185 0.673244986958224 0.249462225546128 0.126563516823054 0.0601583805714498 0.0579340328495371 0.0828969587990002 0.114208652195486 0.159309253131452 0.20855942477348 0.205836470136405 0.143302408851148 0.0340322337689035 0.0232309569850772 -0.0187582600752003 -0.033656256955679 -0.0156549093110546 -0.0191099336806619 -0.0542378301342611 -0.0959058188429874 -0.109783016193393 -0.111012301847002 -0.117356826145455 -0.116304111812808 -0.11480890672801 -0.113225816297191 -0.115756316539733 -0.118934264204944
-9999 -9999 -9999 -9999 -9999 -9999 -9999 -9999 -9999 -9999 -9999 -9999 -9999 -9999 -9999 0.0658191222506202 0.0519575474348959 0.198803875339825 0.153996939896637 0.139872783888469 0.127875331438241 0.116705317332465 0.0946836479363211 0.0849443151397853 0.0820936669592032 0.103885971517659 0.214970542851584 0.396567674008444 0.708932772407217 0.745832280148149 0.58514132677693 0.313137908604429 0.0822756235889004 0.0502389032619218 0.0729314829263483 0.133556666824433 0.182943675240175 0.216751112487153 0.245523459334241 0.267224267278806 0.253360121042259 0.125280263429262 -0.00858255630802907 -0.0563887311767963 -0.0522359148017781 -0.0439400637182527 -0.060440159552891 -0.081110311612039 -0.0881498504164793 -0.0895618151153262 -0.0933167611378707 -0.100046875479659 -0.107731846108715 -0.11005139236366 -0.112432346792722 -0.117014282120594
-9999 -9999 -9999 -9999 -9999 -9999 -9999 -9999 -9999 -9999 -9999 -9999 -9999 -9999 -9999 0.124723343128531 0.0193301939091954 0.172538201605599 0.164658195755905 0.143837996678264 0.124154137572829 0.118621755200746 0.118070845213863 0.118220660435911 0.111376298006856 0.117989355016636 0.100197142527851 0.103929435592794 0.132659793928212 0.714110172528242 0.802887987384289 0.530272601056675 0.213947143447065 0.0832954357066487 0.0572693981855292 0.13324947009708 0.15916103239147 0.188171110947772 0.244048898796542 0.330538037322329 0.426270126018235 0.245568742325186 0.00717100059555198 -0.0734155118401672 -0.0740169321567599 -0.0557364765000969 -0.0584715854525078 -0.0557360860883861 -0.0513147263780619 -0.0463621022626825 -0.0410324344759394 -0.0567599534026774 -0.0807207760366066 -0.0895109022456571 -0.0968280093363322 -0.108483829502611
-9999 -9999 -9999 -9999 -9999 -9999 -9999 -9999 -9999 -9999 -9999 -9999 -9999 -9999 -9999 0.280499111390599 0.0855277807011212 0.0553354374713321 0.170688079041416 0.164622053295026 0.132028718916191 0.123647344529864 0.121124868502904 0.120661279658719 0.119602067304917 0.117092269440561 0.110626634347789 0.106629669639795 0.107266231969244 0.28562537527976 0.659900271472461 0.512354814587353 0.417076744451416 0.260509615192511 0.0959731659071561 0.0734907866248239 0.114041263341563 0.156935767465565 0.206355433662599 0.287357794144605 0.360517511364592 0.239899262387364 0.00571445998189063 -0.0734510578058422 -0.0867812736542697 -0.0749890223801328 -0.054499187604995 -0.028869489856476 -0.00387412386257524 0.00980946088603946 0.010420631819272 0.0118838822150897 0.00103368770976986 -0.0077496002220927 -0.0225225288724435 -0.030578698418944
-9999 -9999 -9999 -9999 -9999 -9999 -9999 -9999 -9999 -9999 -9999 -9999 -9999 -9999 -9999 -9999 0.198312876753139 0.0646943994321652 0.0823405483058809 0.170215768951222 0.137074032955602 0.129992011193571 0.12351337989673 0.122407927328364 0.122231693156526 0.122115455686459 0.12144874991718 0.120566100553268 0.120199036264702 0.145480163203065 0.288229992396338 0.501312044782161 0.512028430375061 0.570439718996468 0.320020923889862 0.099831276035891 0.0665540184065532 0.102345730128488 0.163999028424186 0.251423245591905 0.345073278902196 0.169215721635493 -0.0303660072755818 -0.0759456478336912 -0.0826991556922136 -0.0735145875954217 -0.0332715542787642 0.0161060049191014 0.0687896005228117 0.100774640147294 0.101115728806823 0.123677041287108 0.125573977086815 0.116120713258254 0.101047135013614 0.103852597207634
-9999 -9999 -9999 -9999 -9999 -9999 -9999 -9999 -9999 -9999 -9999 -9999 -9999 -9999 -9999 -9999 -9999 0.220264294690693 0.0749428487157604 0.0743250962887448 0.143096841545332 0.16627997306955 0.14637590654638 0.129337089747216 0.124930817316182 0.123144510672606 0.122517511165542 0.122274195369403 0.122500899390428 0.125979341576777 0.153253176628951 0.353773231611411 0.657742408268206 0.711706471627424 0.635620563067119 0.311352018897003 0.113881926487412 0.0470701928851368 0.0429921568093811 0.0706179677825521 0.0380657827685413 0.0116407270555344 -0.0445702774036886 -0.064734851829889 -0.0574846515929119 -0.0348011787410065 0.00800390972035042 0.0760047807906754 0.151871456361286 0.216576883887558 0.277830360384477 0.233846855949745 0.183615382577337 0.165877655832249 0.161129103909214 0.177643889895372
-9999 -9999 -9999 -9999 -9999 -9999 -9999 -9999 -9999 -9999 -9999 -9999 -9999 -9999 -9999 -9999 -9999 -9999 -9999 0.0909322899944807 0.0816201011618388 0.0842279023540122 0.15771984672333 0.160604631387246 0.137907662733265 0.126582691395899 0.123353871821125 0.122517474007874 0.122619795224294 0.123446567004074 0.128672284722949 0.190059426348265 0.42788705463877 0.751355910571783 0.75997167601696 0.662042774229251 0.490678648687343 0.15203569627301 0.0288114821920713 -0.0114043812590137 -0.0464583778005108 -0.0344573086089534 -0.0400452103086047 -0.0401134912466293 -0.0170335549125138 -4.81833693165012e-05 0.0324537692240246 0.0941424603661541 0.171759430671401 0.259663357191137 0.348286258033769 0.292850653063482 0.204162291936725 0.169146570676755 0.152607057948617 0.163994750475025
-9999 -9999 -9999 -9999 -9999 -9999 -9999 -9999 -9999 -9999 -9999 -9999 -9999 -9999 -9999 -9999 -9999 -9999 -9999 -9999 -9999 0.0957848866728578 0.0815169093640766 0.0961426510086597 0.148714980881133 0.137059629152212 0.12673824476214 0.123207204347974 0.122670964161817 0.122970488816791 0.124031173640446 0.134864286478198 0.187305534972857 0.418660649850858 0.825432567629395 0.84674501322086 0.706656585344782 0.413776303960477 0.183250188190337 0.0354906219143208 0.00581476271573594 -0.000312078749976685 0.00712375113600333 0.0187300329310745 0.0214394782251529 0.0300908099255177 0.0503404739510241 0.0630254680693307 0.114922754883291 0.238790594716981 0.310675279780045 0.27684938467312 0.199135755599063 0.149304039187011 0.0961570492486005 0.0441662451906448
-9999 -9999 -9999 -9999 -9999 -9999 -9999 -9999 -9999 -9999 -9999 -9999 -9999 -9999 -9999 -9999 -9999 -9999 -9999 -9999 -9999 -9999 -9999 0.0905649558964032 0.0747562782539481 0.148224796463092 0.142835379064353 0.126874393579498 0.123573177494826 0.123169474503705 0.123359507343159 0.125576238606434 0.131290261217773 0.180464449496944 0.380921944159506 0.76292468141553 0.847834584957493 0.564578162405992 0.405998359562006 0.173016416050057 0.060567729646629 0.0589106433693827 0.0953629872414056 0.103092478306088 0.0897153051951318 0.0868898493175254 0.0897864427678394 0.0913572434817906 0.129946434947585 0.227911758155852 0.285813793404909 0.249950512981244 0.175437535538016 0.123097002038733 0.0733696123114583 0.0219547177782776
-9999 -9999 -9999 -9999 -9999 -9999 -9999 -9999 -9999 -9999 -9999 -9999 -9999 -9999 -9999 -9999 -9999 -9999 -9999 -9999 -9999 -9999 -9999 -9999 -9999 0.0705242512856549 0.103389602558608 0.146075131972436 0.127887108452908 0.124612929762162 0.124191671977091 0.12404104084356 0.123795398334375 0.126460824122268 0.154134889013882 0.226262851527878 0.586140000222584 0.807604892924165 0.549479220860569 0.238553588485518 0.0847735079367153 0.0970659892591467 0.200824761618888 0.225328586269445 0.207924449444689 0.196182526565226 0.166313035015126 0.185648233670834 0.197495588328259 0.242582427795142 0.278166374434323 0.229244360864188 0.141594930059771 0.105766265541623 0.0939862395120272 0.0874153963012628
-9999 -9999 -9999 -9999 -9999 -9999 -9999 -9999 -9999 -9999 -9999 -9999 -9999 -9999 -9999 -9999 -9999 -9999 -9999 -9999 -9999 -9999 -9999 -9999 -9999 0.108343102204332 0.0707595569984206 0.112214092423926 0.139263411811872 0.127570072267703 0.124091966295486 0.123079076043791 0.123100740738871 0.124181937150295 0.130607383595494 0.15328068659768 0.283989144283089 0.509960993084221 0.629193801961693 0.314218365502495 0.100003893231929 0.0919313066671905 0.270734259446085 0.343946642037206 0.313809051718692 0.289489191923387 0.23915015612735 0.225798043283027 0.205134219984234 0.217481883157289 0.226498372103129 0.180269091786294 0.126060366928244 0.113277565577693 0.121796927414822 0.119034330389802
-9999 -9999 -9999 -9999 -9999 -9999 -9999 -9999 -9999 -9999 -9999 -9999 -9999 -9999 -9999 -9999 -9999 -9999 -9999 -9999 -9999 -9999 -9999 -9999 -9999 -9999 -9999 0.0662987977679159 0.105614828051996 0.128830089535843 0.121704606253504 0.121486874206008 0.121830296738821 0.122730589779074 0.125307882202936 0.132020478826401 0.177992299226243 0.280425183146712 0.438510904949467 0.325143381440578 0.134016571356631 0.074672577556435 0.319080947485663 0.439094479546093 0.385907806439183 0.333607239199955 0.286917974284761 0.205849116308929 0.15825916164681 0.161572435329428 0.147519565933943 0.141100740521042 0.121355853421072 0.12420666062918 0.151320236894431 0.147420322544324
-9999 -9999 -9999 -9999 -9999 -9999 -9999 -9999 -9999 -9999 -9999 -9999 -9999 -9999 -9999 -9999 -9999 -9999 -9999 -9999 -9999 -9999 -9999 -9999 -9999 -9999 -9999 0.0763422506297003 0.0862355238729987 0.124383609823873 0.122119702059968 0.120082231836518 0.120509190802386 0.121397855390925 0.122821445965583 0.12690339014181 0.147044058196363 0.201379910446992 0.321221983164943 0.306386477176933 0.15011893606212 0.0488325409832546 0.125762348883931 0.230053526328167 0.311923023438489 0.370682233214758 0.325553047434482 0.230531066170474 0.157495990803645 0.115341060055104 0.101881201532608 0.125893801817256 0.160165149097173 0.185889584156712 0.185436126505949 0.147658224705482
-9999 -9999 -9999 -9999 -9999 -9999 -9999 -9999 -9999 -9999 -9999 -9999 -9999 -9999 -9999 -9999 -9999 -9999 -9999 -9999 -9999 -9999 -9999 -9999 -9999 -9999 -9999 -9999 0.0714939387529157 0.115877632607469 0.123455530555102 0.118590509406473 0.119624148543123 0.120773976695903 0.121586180460643 0.124908912677611 0.139070917609349 0.171243724889662 0.257540615701731 0.279596192814179 0.14687950664535 0.0327446038508366 -0.0125684817097934 0.0236097732252554 0.159502974335793 0.434244236869576 0.346921920887216 0.263484757528445 0.187747392252625 0.106790154384811 0.0695243535312041 0.130864857202543 0.239086971696529 0.274747702635314 0.203414470567049 0.135850652443411
