meets/meet004/_saidas_enm/CCSM_Maha_0k_Cavanillesia_umbellata5.asc
NCOLS 154 
NROWS 168 
XLLCORNER -112 
YLLCORNER -55.5 
CELLSIZE 0.5 
NODATA_value -9999 
[rows 50 to 74 of 168, columns 56 to 111 of 154]
-9999 -9999 -9999 -9999 -9999 -9999 -9999 -9999 -9999 -9999 -9999 -9999 -9999 -85.0956393837127 -44.1187569685439 -21.9167981156627 -9.13830751865886 -7.67533694629735 -11.5119112945112 -9.45829020303624 -6.16885183019331 -3.13186241541242 -2.21056152761324 -0.595568866743949 -0.978314333036996 -1.94207074285346 -3.34603425951337 -7.14280101584663 -12.8294795535898 -21.8581510067401 -31.0656239399803 -25.1970559374191 -15.6819820983334 -6.39177389322865 -1.7985789553674 -0.28882731678539 -1.50460726531071 -2.30136921966019 -1.95655359049036 -2.02130299143032 -2.34885125524258 -2.34684478196273 -3.01220223306897 -6.10138761022642 -11.4618320205111 -11.7119468714112 -11.5625736320593 -13.0504640434918 -13.4275747234647 -8.49418489964491 -6.96393435014472 -3.23926088312416 -1.07393703924546 0.0405054440322667 -1.08231981826898 -1.09955230099401
-9999 -9999 -9999 -9999 -9999 -9999 -9999 -9999 -9999 -9999 -9999 -9999 -9999 -25.2531762190348 -19.1884306474647 -18.7260012576427 -7.87374453580723 -4.64375852183603 -5.32586639407731 -4.04473521141371 -1.62169425631016 -0.195676175562978 -1.63458167691777 -0.305468927676215 -1.33845647463922 -3.80257841884777 -8.25796596005406 -17.2683402841034 -31.0161879194236 -46.7880013139853 -57.3390250322624 -48.7103749004109 -31.7454500868538 -12.6516840435639 -3.8605738747726 -1.16581434565806 -0.10701627294821 -1.65757713622666 -2.86484733030564 -2.51201220108926 -2.49590102101242 -3.00982240642906 -4.06914523540847 -6.76840974092229 -9.82080010023615 -13.1639795423635 -12.7885655812331 -11.3357047767621 -9.1762298561672 -6.45916336897677 -4.10070638572606 -2.00927032814868 -0.563979174739885 -0.506228835032207 -1.05686788532859 -0.651609746677376
-9999 -9999 -9999 -9999 -9999 -9999 -9999 -9999 -9999 -9999 -9999 -23.4366882748039 -13.7257593499138 -12.686106115734 -6.88555663370747 -11.2933387607126 -9.13611705836524 -3.81604485345716 -1.48170657798211 -0.532051722491044 -0.073288391864661 -0.706902901394387 -3.53952517938464 -4.54528770656144 -7.55486342291335 -13.1414158057312 -23.6609404981241 -38.8941993389273 -59.1958647987153 -80.7981002388862 -94.5141003645306 -76.5319543045656 -48.8842041693552 -21.1872366731556 -5.09892060736387 -0.438014260817741 0.0190884340112708 -1.0089512322217 -2.64575088636644 -3.70250206066195 -3.12383660886422 -4.02360994004345 -4.90370627667395 -6.22675786254009 -7.20932471188901 -7.35329445451925 -8.600857517615 -6.10136836100589 -5.33352848441231 -3.29584623644205 -1.59884143943605 -1.44921802092194 -0.52123104060923 -2.04453735930277 -1.44199754126106 -0.730999512313805
-9999 -9999 -9999 -9999 -9999 -9999 -9999 -9999 -9999 -9999 -20.7612286729078 -13.8678247386491 -6.42551102426179 -5.76557500347691 -10.4864747490388 -15.5369569649254 -13.2020232043503 -5.40594806712741 -2.30937960899032 -1.34153911498453 -2.13077423496652 -5.26188193922516 -8.51486252593705 -12.1589051616268 -18.9600697376998 -30.3421207078631 -46.4282375446969 -67.4727167983796 -92.0845042906842 -113.566770123556 -118.77346890923 -95.1245797607952 -60.5082009212721 -26.6211247109731 -6.03951542613397 -0.168840393833889 0.235521695444936 -1.28974077587703 -3.22920125126466 -4.18712561775794 -4.40394283519156 -4.8396099350958 -5.28883819595511 -5.89058561534098 -7.05983950244892 -7.09099000737372 -5.82825372059418 -4.00715338958705 -2.74313174987852 -1.05827117702732 -1.18579306216959 -0.337930968991239 -1.79361716930717 -5.15176208570823 -2.87109529140982 -1.38571780115323
-9999 -9999 -9999 -9999 -9999 -9999 -9999 -9999 -9999 -9999 -7.87082370887096 -4.00810626043784 -7.62062054524717 -8.65244121290637 -13.3022483837224 -23.4902776022883 -25.8729497267799 -12.0067465758035 -9.66843977932453 -8.95190416035079 -10.1095917431059 -13.617540577054 -18.3532472534726 -25.7287618752275 -38.3817113510597 -54.8393536180221 -77.4931357445564 -105.390349885627 -110.956518668169 -102.590105065163 -117.727928275727 -106.118007047593 -70.2276904742072 -32.3108184742653 -8.22581016788315 -0.559678149937208 0.204309960007004 -1.98897004181812 -2.54126660243931 -3.02404483778593 -3.90767600546178 -4.68775285852755 -5.38945353531198 -5.37542173434529 -4.63165078135402 -4.34489130512052 -3.61859563752727 -1.27996515627115 -0.71712891837596 -0.304879030678165 -1.1141107680572 -3.36500695176781 -5.41359850084023 -7.28708282842723 -3.91162638127114 -1.96498532333008
-9999 -9999 -9999 -9999 -9999 -9999 -9999 -9999 -21.0560980980234 -11.9119192503997 -7.07522502268574 -4.36972590661287 -8.05786199457363 -9.59942981093281 -13.4686998889012 -23.4472448610621 -28.5533084400616 -24.6121484872049 -19.9409969775057 -20.7356836510768 -23.8859966159651 -28.2545359362993 -35.4268762861964 -47.8892458206 -67.2694783152142 -70.086440693698 -74.2395063363459 -72.4767423851945 -72.891854220593 -74.9786619070408 -74.8574509191891 -74.3795402354911 -71.5334991276339 -37.1313776265162 -11.5569319448753 -2.11432423384419 -0.613129722806284 -1.97094702619467 -1.97627195562578 -2.71572569497967 -3.4084396958522 -3.78555521206115 -3.65645946767567 -3.52320276608755 -3.82582409556263 -2.07597039414254 -1.54062891523316 0.2306900687333 -0.140013963561509 -3.04065389720222 -5.47356853811097 -7.03103291954792 -8.41245048629337 -8.91703971160307 -3.90481536284944 -2.1899697566235
-9999 -9999 -9999 -9999 -9999 -9999 -9999 -9999 -12.6227742489306 -8.58772961540213 -3.4071799033724 -6.45537398213193 -8.9264749334136 -9.71875947051475 -13.1684225011891 -21.8824959898409 -21.3105574908154 -25.0446248581649 -25.4662797345198 -27.1116642512236 -31.0227693275886 -34.6978486835039 -40.0528500012639 -40.6832852551537 -41.23397962606 -42.0753843251844 -43.5951840120718 -47.29086251641 -47.2075184867061 -44.1600462602763 -42.9352396125574 -43.9977394024313 -46.1142046378806 -44.1743477248149 -16.5058585130771 -5.19245707029532 -2.54914285751086 -2.76163414446197 -2.50849948303497 -2.90564785530266 -3.90118235470757 -4.47471609458521 -4.60378302946084 -3.32922331586852 -0.751837589352486 0.745068221431957 -0.335158779896805 -4.21944100754273 -8.57107909429099 -12.5141596865902 -15.8192180067913 -17.6714118899808 -17.0327299758311 -12.9970378924947 -5.24613163760031 -1.91901725588396
-9999 -9999 -9999 -9999 -9999 -9999 -9999 -10.5341156953179 -8.46240438369347 -4.15984241755545 -2.80888889020765 -5.02988872439469 -6.49822612815884 -8.79498986332021 -9.04081682917737 -16.1362294954332 -15.3574599391219 -16.7139862350293 -16.5255835447611 -18.9602481529716 -21.9245725097239 -23.2089286952544 -25.7921483321764 -26.1174774525502 -26.4625625668907 -27.7192130848402 -27.3955305711372 -27.1246387633304 -27.3266580576129 -26.8410890986013 -26.6388615402318 -27.448932603488 -28.2283160224575 -27.8184048229412 -24.9898263237238 -10.7731882026672 -5.62389592811307 -4.85192143139025 -5.23604043753922 -5.36433331829974 -5.70287118567376 -3.70891789628606 -1.87756804741578 -1.18637101332543 -3.74268262729242 -9.65113730267251 -15.9712922621226 -22.2948563017504 -30.7680537413621 -38.552447503323 -42.2314635844415 -41.1952614531312 -36.3071964747311 -21.8648860452776 -8.73732385938511 -2.92106013773168
-9999 -9999 -9999 -9999 -9999 -9999 -9999 -7.41971075871435 -5.55129382012208 -0.34320599735881 -2.64204780245974 -3.97569735715005 -6.10976714501664 -7.60531817463921 -4.53272692273626 -7.31516488949628 -7.31008881678519 -11.2061983672081 -10.7275914862264 -10.9017275561697 -12.1004081569272 -13.5472170286959 -16.1261289951645 -15.544114699664 -13.8528012291165 -14.2363407514109 -14.0350340201426 -15.6682680611497 -15.1648281347617 -13.0234651530242 -13.1454622167678 -13.5726757712178 -16.1319233318454 -17.5955875619743 -18.3307642825521 -21.356962113761 -12.8946563463581 -8.04407779651993 -6.29666086893469 -6.02008723545465 -6.0770953240325 -8.73850068617585 -13.6292346996132 -23.307623671077 -32.7319782011938 -42.8220213939965 -54.775174640579 -61.5884818104106 -66.0553793470572 -62.3901184369347 -62.9725680659131 -56.1651288295293 -52.8991854788673 -32.3524565227899 -14.3659944399348 -4.71540516375104
-9999 -9999 -9999 -9999 -9999 -9999 -11.6025933745458 -6.71241520701787 -2.19950844538643 0.467719872210696 -3.1370584567 -3.0621752623728 -10.1579852798294 -10.7922391716742 -2.84471499412699 -3.49730713196132 -4.07053700641845 -6.19220290462461 -6.25372572640583 -6.25452316805999 -7.09783776896711 -7.61460117509248 -7.88021347892781 -7.43765306889669 -7.52258226162139 -7.17577261659782 -7.79445991964481 -7.77942727475266 -7.35779829468474 -7.85854462050947 -7.50362267649201 -8.24717205674381 -8.84580776685843 -9.51007357118356 -11.4286962078549 -12.9852681589221 -15.4403534649242 -16.7885868379585 -20.1543004656869 -22.439946683334 -24.107425775562 -29.6710753903988 -32.5561955534757 -33.9617434309951 -38.142742602526 -40.5656482757528 -43.4220228934258 -43.768091128326 -45.2649494868516 -47.098924408866 -46.7750469605777 -44.3785571093765 -40.447088111366 -33.8910467308568 -17.6100417180435 -6.40997338429828
-9999 -9999 -9999 -9999 -9999 -9999 -12.3784429557816 -8.46738371557932 -4.85332824240695 -0.868773841941041 -2.30951925329586 -1.32124546329563 -13.2817034509725 -11.0663492406099 -2.16712994643142 -0.173756053277109 -1.60454716267725 -3.34415814338542 -3.47954632095802 -2.92654536511031 -2.72530170668538 -2.60299568904933 -2.71525058805648 -2.41326015537042 -2.17701893511485 -2.29773117186316 -2.36437169896175 -2.7030557768419 -2.78878474773188 -2.85782856960766 -3.23555513756977 -3.59319685285548 -4.3391879390556 -4.8522874411848 -5.37913461947224 -6.21626529267227 -6.91495487395045 -8.35339765150325 -9.79285069919636 -10.9820183326736 -14.1404829095719 -16.9256682861843 -19.9768000143989 -21.6126820398338 -23.3764849554416 -26.5780246742929 -27.2170677927914 -28.7322612191918 -30.0333929850432 -29.8159487025452 -29.7699747982299 -26.3791981643517 -23.3456070025212 -19.0916545863283 -18.3053570682201 -9.12787290139573
-9999 -9999 -9999 -9999 -9999 -9999 -5.38365207712595 -9.70460613154375 -6.36889274032436 -2.66785887411779 -1.58932015310922 -0.20515270801526 -11.9969667484933 -8.27865815971234 -1.15392718567823 0.607250574520825 -0.0940224174578537 -1.66280639379984 -1.7344045814629 -1.1927570964382 -0.913952104697545 -0.524505164828113 -0.390489390055339 -0.229735803090346 -0.301106688372828 -0.342398586508916 -0.478061622406271 -0.552260473528589 -0.73022981624066 -1.04267627224492 -1.09673854708673 -1.5630779660826 -1.80497128942079 -2.18299934790017 -2.71809823314517 -2.72311128521471 -3.37149287802121 -3.83824386402459 -5.33116958392576 -7.59743863743871 -10.3532683483254 -13.8341280871437 -13.9554280969622 -15.2351481708881 -17.0426931396092 -18.034133834144 -19.5195609366935 -19.43395699386 -19.443846020816 -19.6503430577425 -17.9518979524812 -15.624526144938 -11.7851790090149 -9.56172570607965 -10.2511644789244 -9.60230031995703
-9999 -9999 -9999 -9999 -9999 -9999 -9999 -2.33847869415344 -7.52947154736172 -3.09641935640476 -0.687074788817646 0.34529128986161 -8.05151804663522 -5.58891645331012 -0.651439991441994 1 0.469689600811371 -1.00975346987387 -0.837335383367926 -0.274852164141891 0.183279802941135 0.610614765221846 0.762895039013643 0.800105681653673 0.760522033624925 0.645478927462252 0.656569499816869 0.612640301132675 0.463132520482947 0.35790844408864 0.2463626251226 0.134945086948817 -0.0915933018790664 -0.221242461629868 -0.293294466113383 -0.488272347295394 -0.604899865162476 -0.991209441999815 -2.14204219178561 -3.8119921006366 -7.15544326629275 -8.12441517965524 -8.81213514015375 -9.8281791821094 -10.3068804611765 -11.1747213252993 -10.8994232178804 -10.7901329250484 -10.3554971790521 -9.54894716847069 -8.4204314833964 -6.55202374753554 -5.24038607894406 -4.64740294732126 -4.60116607352639 -4.93905914504935
-9999 -9999 -9999 -9999 -9999 -9999 -9999 -9999 -6.3977745638893 -4.47007482357558 -0.939020016522152 0.651174975660537 -5.61122262797282 -2.96655095373117 0.146217072457448 0.878619550191899 0.260747977475791 -1.3209313078688 -0.244682242282517 0.222368071016587 0.677673932030874 0.916613673419161 1 0.989055310680193 0.976976399201033 0.89597125714754 0.958855514893603 0.916742097400617 0.801914254857684 0.629609771510893 0.653963017236173 0.572128374911882 0.523642679153866 0.441152922466481 0.279926044866055 0.0606479638347742 -0.093322358447792 -0.335177988659887 -1.00403782296896 -2.98650422446138 -5.54906999339884 -5.56979989560665 -5.98776102914642 -7.15722947610358 -8.19182088479527 -9.19215598850932 -9.04481641498703 -8.37458200132847 -7.78060257766705 -7.07671342700412 -5.84918533226556 -4.56595353916367 -3.63019234742397 -3.04087956606232 -2.40869915709417 -1.76006728719864
-9999 -9999 -9999 -9999 -9999 -9999 -3.34381798963853 -3.96223530972477 -9.76181523505385 -2.74618691609549 0.149719887237222 0.695976986778498 -3.80806529029115 -2.05938419779413 0.168804340750321 0.10688818994666 -0.583131172030606 -1.31810027400376 -0.272854957503697 0.305376464406745 0.641981086363627 0.82312051074724 0.864953648317676 0.879234861991543 0.889384900034241 0.922988894003884 0.977234082325693 1 0.977386565917138 0.90464503555386 0.828616170560202 0.803733156438952 0.744467664541341 0.701683494863745 0.661672079447237 0.499528213917671 0.325952416376647 -0.0633440775363932 -0.435417984261753 -1.73682386790362 -3.32698711548151 -4.28481477400734 -4.99443736958013 -6.05769052180128 -6.96389659206648 -7.7189911138514 -7.53939627595328 -7.11167965705653 -6.58824730556566 -5.88022663828039 -5.12100867320095 -4.05669045599567 -2.67813893802667 -1.70346436863662 -1.36992498106638 -0.16288081362875
-9999 -9999 -9999 -9999 -9999 -2.01545440304249 -3.8953291181882 -7.02221512540976 -8.844221976441 -1.03092942387797 0.674935889456206 0.688424522646109 -2.52358720061193 -1.15020543157741 -0.730241487712731 -1.56098455870112 -1.10004292657907 -0.566500014472965 -0.0636057656836975 0.560826120499428 0.791317322749822 0.912525856543562 0.872472655932284 0.862403976014098 0.848532041328563 0.752374351975009 0.71793738655053 0.750141311179899 0.791204153236875 0.848474380765572 0.852446991323231 0.845041613953005 0.828957954030368 0.79555340550068 0.726588578094899 0.769283516418711 0.44461427378176 -0.00532834866812659 -0.553743596146428 -1.67735732327834 -2.50619044624659 -3.40622415514509 -4.62223605832019 -5.90773291557239 -6.65938916754076 -7.47087803282417 -7.13831809590757 -6.78096222568097 -6.04336301539818 -5.47440028363597 -4.83799348248715 -3.36656025521583 -2.23840970372824 -1.58419748250085 -1.66430678610459 -0.967754052153607
-9999 -9999 -9999 -9999 -9999 -0.234782444087186 -4.660627519466 -9.67718662635363 -4.71293172256918 0.152298801515929 1 0.618886333643784 -0.322900190248722 -1.2941070274484 -3.57699882408222 -1.54393297635592 -0.804641892917764 -0.049548370849914 0.432956376037749 0.803111424600216 0.964389846934739 1 0.950939080924413 0.885194702284875 0.783544509115172 0.675629346735937 0.603129202150403 0.578794573960587 0.544357188219794 0.519277943478851 0.509321717915949 0.532333374303598 0.563131957089082 0.56890042016281 0.534876511340296 0.36499539908487 -0.0110770748243003 -0.642679985347966 -1.19134055548737 -1.51701670797894 -1.94579647634295 -2.70174363041186 -3.82729294929207 -5.02879847885249 -5.87898521604351 -6.42889001451229 -6.1886761522732 -5.64566491600174 -5.10687505688286 -4.52702597911323 -3.88922633710316 -3.07044406001199 -2.41660982097704 -2.17094040289772 -2.41830287485527 -3.02696268417358
-9999 -9999 -9999 -9999 -9999 -9999 -4.29220630565749 -12.0401642354099 -2.22440606196781 0.127691449624886 0.811779182865237 0.396478018844999 -0.085587365396633 -1.26451997861174 -3.48839486471526 -2.42244850300814 -1.45243377586473 -0.332039655699861 0.19277626512744 0.443170305708794 0.113595433960119 0.574318763595113 0.632245873460117 0.534936845529174 0.382196678534913 0.111741166349456 -0.0209328915759333 -0.0748175812426148 -0.103095046704305 -0.145334180013459 -0.13286455779228 -0.198525091749804 -0.142668839919676 -0.0947300871909025 -0.0707718685138676 -0.255045796135427 -0.465826189476349 -0.476074046830934 -0.700250182232288 -1.14314727598293 -1.58095650366973 -2.11776762415556 -3.016229734565 -3.93138114161478 -4.47608946046365 -5.06281593136626 -4.89102682901219 -4.65099059063496 -4.32601897373535 -3.93621236419581 -3.58073165163181 -3.12872680000872 -2.90330501375475 -3.01944621582786 -3.28942587477174 -3.80632462141744
-9999 -9999 -9999 -9999 -9999 -9999 -5.67408027555131 -11.221183292341 -2.50178591441149 0.533227317801469 0.285912933968676 -0.56020396179742 -1.42424701671253 -1.20145631539694 -1.06585873024408 -3.02739361139562 -2.60949013594073 -1.69989731695211 -1.56576112828902 -0.858279431738097 -0.918636956848317 -0.842972895876748 -0.581521546265056 -0.481170110981429 -0.277356244680852 -0.119311216180171 -0.0844951847487323 -0.107580794909816 -0.106051677049933 -0.0364751483254093 -0.00048362218746667 0.0436188401084043 0.0987765220602952 0.119528099332872 0.0903835311168394 0.0238286550566453 0.0264899843162036 -0.0617031191204185 -0.295825873863852 -0.653740117227612 -1.09806156059451 -1.49727404107494 -2.09258183075384 -2.72475000134394 -3.20805508514287 -3.57280042393177 -3.68396857613106 -3.68051336401017 -3.56987731195286 -3.41309163424335 -3.23589356475267 -3.02905104360081 -3.14782165599162 -3.40157005449489 -3.74725664084755 -4.20980135483159
-9999 -9999 -9999 -9999 -9999 -9999 -8.18799895448999 -8.50589985702873 -7.68163101148719 -0.572780170575316 -1.13927945192408 -3.12829479349823 -6.15699530984089 -5.34797289549019 -2.47165312467798 -1.63561135280379 -3.54176079115791 -2.34931517279436 -1.45425035921156 -0.969503924146555 -0.955847093679431 -0.70259559923054 -0.413387341500813 -0.154694548641326 -0.0952589117081235 -0.252325647075036 -0.166219810814335 -0.0653186867811077 -0.0989183380383172 -0.27129766825256 -0.194553071725246 -0.0864962558890039 0.0409313208653509 0.152245702297457 0.196358784480495 0.20185155053831 0.135977083785506 0.0716788246859467 -0.0937007184243193 -0.382667176002627 -0.677986607522783 -1.01060899809759 -1.36326172169344 -1.77307238351575 -2.15936645160795 -2.46088391079124 -2.63838951693501 -2.78562543252265 -2.85105866647171 -2.90627273865167 -2.95078867888723 -2.95558804292995 -3.2928513669047 -3.78418854871402 -4.08818087041795 -4.42212954962768
-9999 -9999 -9999 -9999 -9999 -9999 -9999 -9999 -15.1294983033701 -6.39843499382406 -2.05268251472415 -3.5424112437489 -10.0869268085637 -9.42715544109211 -5.44778295360462 -1.94718801878921 -2.48474933271377 -2.68057061575459 -1.86498158659624 -0.840979383648489 -0.938674225416581 -0.668729666796998 -0.625623208324603 -0.313841034552619 -0.118438969033728 -0.0480414086459269 0.117802910237504 0.264404296323159 0.284911107769901 0.156483182896778 -0.0180436688250865 -0.137803866020819 -0.194552802245509 -0.346245317095921 -0.135012793382278 -0.0180118659686448 0.00471646238579815 -0.0326243468010721 -0.0808395503269081 -0.160356320039875 -0.342497808010189 -0.531003546615124 -0.758978770879777 -1.05001058443401 -1.34833095686684 -1.60585705275487 -1.79769480426933 -1.97251262085196 -2.10277049747073 -2.25251797280519 -2.43043400886663 -2.68206652612844 -3.23306990553074 -3.66951251691667 -3.95459730288796 -4.48629031030148
-9999 -9999 -9999 -9999 -9999 -9999 -9999 -9999 -10.8778386160138 -16.0317263981837 -1.57141903856813 -2.93190276037001 -8.70465619151036 -8.61906472446044 -6.69048408110511 -3.35488929516981 -1.53972428973282 -2.80036433317561 -1.83592084877391 -0.543734693805489 -0.73213278182286 -0.637823460836144 -0.774510990604532 -0.545715059492098 -0.18967230267341 0.0686465074169321 0.157969359270881 0.22106115190329 0.265760593790562 0.268904732071386 0.275526341535619 0.201093224813609 0.203906282078846 0.0729296620354883 -0.260425198291404 -0.510894167047466 -0.551232780311794 -0.478605073093484 -0.367552505510968 -0.28788448421363 -0.294928307996667 -0.380664412146035 -0.47921056403433 -0.630803301761542 -0.919340789981455 -1.09065466956763 -1.31030077799394 -1.57374261493633 -1.89597699615012 -2.30038512384967 -2.6376740978674 -2.97124019088799 -3.42218617256132 -3.91838569655076 -4.06773180345137 -4.63028177394153
-9999 -9999 -9999 -9999 -9999 -9999 -9999 -9999 -9999 -14.3731767382161 -4.77278457952125 -3.84184218645373 -9.41695884810659 -7.86030893308781 -6.64076182747891 -4.3086156636385 -1.6949740391152 -1.55671538767076 -0.774214302453417 -0.410564400776021 -0.627853592450158 -0.694241702504622 -0.964081949205045 -0.775561296184297 -0.2453282738396 0.0183904529495723 0.0682060600439953 0.0521696353694439 0.0821364200533098 0.17819335070362 0.226173735020932 0.22383386913023 0.187866662229885 0.143561333617201 0.0602400862079773 -0.108256437220566 -0.282961609492408 -0.520864290461846 -0.738393677279465 -0.692476457681329 -0.518984891906867 -0.419708679231789 -0.424569301356025 -0.514607259376322 -0.651042120112334 -0.889253822184744 -1.15506581988438 -1.64666982493287 -2.19209124270197 -2.73843915672603 -3.3248519006653 -3.70189461989054 -4.14212151737611 -4.62770668492725 -4.57048671377948 -4.36146486882232
-9999 -9999 -9999 -9999 -9999 -9999 -9999 -9999 -9999 -9999 -16.3212464966929 -7.91166514341057 -8.5441234480957 -5.75797437013663 -5.18589713726087 -2.2441561557015 -1.85159896571383 0.237454332855824 -0.145617745346334 -0.230178872784752 -0.447969585135507 -0.646814120372754 -1.05431924084771 -1.03988631648821 -0.416876247670632 -0.112693617696712 -0.0840703091848682 -0.145766254172249 -0.112247677685236 -0.0171260283869188 0.0306152383258786 0.0502441852918274 0.0384982163247582 0.0267132581787884 0.00498179344754324 -0.0683995649419715 -0.134644781687223 -0.212565172152941 -0.381120344474964 -0.686715525640328 -1.04193533373984 -0.790437750612774 -0.63339957870073 -0.595967571937441 -0.704110779831843 -0.909192074056786 -1.21869687711595 -1.81810524017988 -2.5240266204833 -3.21713645047691 -3.69845801522446 -4.23412851714022 -4.88627803648125 -5.36189014083009 -4.71250439164372 -4.13652817494021
-9999 -9999 -9999 -9999 -9999 -9999 -9999 -9999 -9999 -9999 -9999 -26.3755989370653 -5.4764554797898 -3.35508385916718 -3.99538154767179 -0.688631637005483 -3.02322985439401 1 -0.368100126235706 -0.266911221981251 -0.368123674847167 -0.61079740961771 -0.95624048618795 -1.02675616133124 -0.657889813861839 -0.443607019155696 -0.370061265428745 -0.372929185570645 -0.338065562749353 -0.245662263923609 -0.212870146459081 -0.184572232771802 -0.200334502013076 -0.169430969632492 -0.136590769391582 -0.175496264530305 -0.158180421396528 -0.190156408141851 -0.238068971998132 -0.354449474973299 -0.544440900131619 -0.812033681968651 -1.10860424408115 -0.952318305664859 -0.912135758557443 -1.09180175888429 -1.39186234476065 -1.96586730398616 -2.69885183245326 -3.14552872324503 -3.74656493948162 -4.3956646974784 -5.25211146743684 -5.7822734841729 -4.87419214085646 -4.22881340592714
