meets/meet004/_saidas_enm/CCSM_Maha_21k_Aralia_warmingiana3.asc
NCOLS 154 
NROWS 168 
XLLCORNER -112 
YLLCORNER -55.5 
CELLSIZE 0.5 
NODATA_value -9999 
[rows 100 to 124 of 168, columns 56 to 111 of 154]
-9999 -9999 -9999 -9999 -9999 -9999 -9999 -9999 -9999 -9999 -9999 -9999 -9999 -9999 -9999 -9999 -9999 -9999 -9999 -9999 -9999 -9999 -9999 -9999 -9999 -9999 -9999 -9999 -191.894205436848 -181.203751784414 -208.095579658963 -285.609559628354 -361.141078606453 -403.801364217547 -397.82749144311 -340.214180525708 -277.822029645028 -213.706130536887 -117.96995098646 -48.9980549671576 -15.8288578000547 -3.39363310151485 -6.92899459595099 -8.79300035862286 -10.3179938213214 -9.14360691580323 -5.74530087215232 -2.85105657215101 -1.58333619700749 -0.954191855417703 -0.20321885998753 -0.029681191851227 -0.362191499504137 -0.36999329514182 0.160844940606047 -0.0386797990562791
-9999 -9999 -9999 -9999 -9999 -9999 -9999 -9999 -9999 -9999 -9999 -9999 -9999 -9999 -9999 -9999 -9999 -9999 -9999 -9999 -9999 -9999 -9999 -9999 -9999 -9999 -9999 -9999 -189.704643922703 -180.930824848198 -225.423765357198 -290.706628812807 -347.274561241362 -381.049474591753 -373.565879446968 -328.209649902016 -257.220982345364 -191.756428906272 -98.026991980833 -39.6251779555936 -12.8286923141543 -4.54465059112526 -7.82834608172205 -9.46466061909645 -10.2550240752555 -9.33822314997776 -5.92908144142479 -4.70392676043194 -3.51665074371038 -1.76049541789777 -0.938149887408716 -0.323614894005015 -0.356604748556636 -0.649639962184356 -0.135617145871653 -0.463057616006896
-9999 -9999 -9999 -9999 -9999 -9999 -9999 -9999 -9999 -9999 -9999 -9999 -9999 -9999 -9999 -9999 -9999 -9999 -9999 -9999 -9999 -9999 -9999 -9999 -9999 -9999 -9999 -177.587423581271 -198.992815836273 -182.68113927554 -216.110609147405 -282.078838227892 -327.943718334431 -353.090939696084 -349.750674285752 -298.653964814981 -237.345628532835 -166.771151786349 -80.388030823182 -30.6377104886222 -11.2549555005939 -6.90959346266122 -9.09199715038977 -10.3625157886081 -10.7931199520121 -9.46065339168654 -6.82060849632744 -5.82186220522809 -4.21526397312123 -3.02979942096571 -1.50874322291416 -0.714835581208723 -0.202250197455813 -0.278114926844923 -0.654113614150013 -0.376846714061484
-9999 -9999 -9999 -9999 -9999 -9999 -9999 -9999 -9999 -9999 -9999 -9999 -9999 -9999 -9999 -9999 -9999 -9999 -9999 -9999 -9999 -9999 -9999 -9999 -9999 -9999 -9999 -185.953255453777 -200.367535919145 -177.344951381218 -213.391503063283 -273.986850378282 -311.059980869129 -332.736537034811 -330.639475174801 -285.037325885203 -216.505433653371 -141.264973924719 -64.3859015386007 -24.8739473898029 -10.579038183279 -9.13196130650362 -11.1779808337342 -12.0719127773475 -11.6916159747947 -10.5824895533159 -8.08944099133401 -6.748115364017 -5.39786479345544 -4.61790760760857 -2.96969286140062 -1.63966767606525 -0.899323832791811 -0.330429015595151 -0.724860588472958 -0.80437220274818
-9999 -9999 -9999 -9999 -9999 -9999 -9999 -9999 -9999 -9999 -9999 -9999 -9999 -9999 -9999 -9999 -9999 -9999 -9999 -9999 -9999 -9999 -9999 -9999 -9999 -9999 -9999 -186.236256808356 -194.317557690166 -182.873879772471 -218.924336366032 -276.645395997901 -310.531607348491 -324.387013748942 -320.926985116991 -272.487054528363 -200.645997083774 -116.036636355612 -48.5285489436366 -20.1763766971541 -9.53300482982704 -10.1702621354003 -12.6394164646513 -12.9010714908912 -12.8427962420397 -11.9077473295063 -9.45346323069664 -7.89557670178691 -6.93096938573827 -5.88009971188339 -4.60904076567737 -3.17703187787543 -1.95260056119422 -1.24138667628335 -1.12749676535637 -1.05776091315723
-9999 -9999 -9999 -9999 -9999 -9999 -9999 -9999 -9999 -9999 -9999 -9999 -9999 -9999 -9999 -9999 -9999 -9999 -9999 -9999 -9999 -9999 -9999 -9999 -9999 -9999 -9999 -180.13190362054 -183.890371905987 -181.30559713171 -226.599199279839 -288.768288188577 -319.539267204024 -329.812350753542 -321.418766066881 -272.472629749353 -188.444041316866 -95.5677240549749 -37.2702638388735 -16.609955729737 -9.96382308088098 -11.587412711813 -14.6873328738119 -13.9386340983286 -13.4488003514757 -12.5017856547709 -10.5595905361957 -9.46461356106758 -8.16131629683827 -6.69343706885895 -5.31689086078707 -4.0651783875771 -3.22194082651837 -2.5291554817239 -1.59237228977001 -0.874362919298442
-9999 -9999 -9999 -9999 -9999 -9999 -9999 -9999 -9999 -9999 -9999 -9999 -9999 -9999 -9999 -9999 -9999 -9999 -9999 -9999 -9999 -9999 -9999 -9999 -9999 -9999 -9999 -165.797849202836 -173.814568998444 -189.691830656512 -244.646393881352 -305.214356449993 -341.187184943845 -342.423929435572 -328.094220321272 -279.153258789142 -180.56595820857 -80.9577944765399 -28.4922581996381 -13.0143639494919 -10.882230443561 -13.2078809337583 -16.2349690875011 -14.9617280602836 -13.7724939078486 -12.7287994698776 -11.746626712232 -9.56263159155606 -7.68789524145089 -6.57701690253932 -5.72374823098236 -5.19447154637402 -3.65817505721897 -2.94229628852914 -2.25038647490411 -1.38062610737056
-9999 -9999 -9999 -9999 -9999 -9999 -9999 -9999 -9999 -9999 -9999 -9999 -9999 -9999 -9999 -9999 -9999 -9999 -9999 -9999 -9999 -9999 -9999 -9999 -9999 -9999 -9999 -146.921916484625 -165.649513777832 -202.238439125284 -268.753717591894 -323.77798876068 -353.671819216616 -351.61052023309 -332.921381926999 -282.162309672548 -175.521014031108 -68.8865768769012 -22.753942104916 -11.3001542723928 -12.0180574244618 -15.2430518788128 -18.2490119601183 -16.7661759569919 -15.2212250202928 -13.7213163023501 -12.4358602531216 -10.0479873159991 -8.18140852096269 -7.09362584143727 -6.5224151010805 -6.2990273938305 -5.05346179439372 -3.73422774082724 -2.57747281429713 -1.55083409045605
-9999 -9999 -9999 -9999 -9999 -9999 -9999 -9999 -9999 -9999 -9999 -9999 -9999 -9999 -9999 -9999 -9999 -9999 -9999 -9999 -9999 -9999 -9999 -9999 -9999 -9999 -9999 -129.729204022752 -159.738030577608 -212.786256098629 -293.16381725727 -331.307253585198 -359.743977881954 -350.754679846869 -327.391033187097 -283.085596790114 -163.345365763491 -58.0654678544377 -18.4895123603897 -11.2963797612575 -13.9308702127488 -17.7865082103563 -20.0925834372531 -19.6171459875371 -17.8115140466953 -16.2360010186964 -14.3827556913563 -12.0844350282234 -9.69547142058477 -8.27531939381316 -7.77088041978979 -7.30604008315336 -6.43091218890912 -4.88105378674284 -3.38728881202908 -2.11689830735042
-9999 -9999 -9999 -9999 -9999 -9999 -9999 -9999 -9999 -9999 -9999 -9999 -9999 -9999 -9999 -9999 -9999 -9999 -9999 -9999 -9999 -9999 -9999 -9999 -9999 -9999 -9999 -125.670636555769 -164.197271567495 -218.101272044901 -284.306260628277 -317.423996729288 -333.6058166561 -320.254101152939 -299.416635195817 -249.714593490027 -137.695772126078 -47.9086208726488 -16.3741397786414 -10.8884911911872 -16.1266059760623 -20.4974621372925 -21.8521896432673 -21.7787653472204 -20.1519383502654 -18.654512180277 -16.5663108481204 -13.5655167566416 -11.1741111365118 -9.73310959254377 -9.18085798540672 -8.77973062157613 -7.49917433548905 -5.71050691726393 -3.8880047317353 -2.52346186765592
-9999 -9999 -9999 -9999 -9999 -9999 -9999 -9999 -9999 -9999 -9999 -9999 -9999 -9999 -9999 -9999 -9999 -9999 -9999 -9999 -9999 -9999 -9999 -9999 -9999 -9999 -98.5273864517729 -123.715983599547 -167.454855765311 -215.562105016425 -268.998538461084 -284.547655067911 -295.50414748532 -275.456449449266 -254.238009840977 -216.28092764599 -107.964925796755 -39.734775358563 -16.2914058425679 -12.0744665356425 -18.4014789675038 -22.373186669996 -23.9728857444544 -23.5669545964082 -21.8254085233429 -19.7219879169295 -16.897405657719 -14.4068346198086 -12.531049439994 -11.3610405752674 -10.6127515361266 -10.0011272433419 -8.46872067389299 -6.60726724643748 -4.60683026340336 -3.2194614478161
-9999 -9999 -9999 -9999 -9999 -9999 -9999 -9999 -9999 -9999 -9999 -9999 -9999 -9999 -9999 -9999 -9999 -9999 -9999 -9999 -9999 -9999 -9999 -9999 -9999 -9999 -100.500831327378 -136.416694431675 -174.099238829572 -209.335814526217 -232.883820970655 -248.99271434565 -254.718874299178 -228.072390626146 -195.316246477197 -143.896220943716 -72.2612232032582 -30.005679125007 -16.3974650710976 -15.6629001076941 -19.6883020154418 -23.0239853585595 -23.7647185844752 -23.4423143428907 -21.8228258943984 -19.9032618447427 -17.6636300467331 -15.6889209214213 -13.9402324510345 -12.7231552203674 -11.9654733416588 -11.3100216359417 -8.96285765373331 -6.90280057090169 -5.25630915643907 -3.76994111975059
-9999 -9999 -9999 -9999 -9999 -9999 -9999 -9999 -9999 -9999 -9999 -9999 -9999 -9999 -9999 -9999 -9999 -9999 -9999 -9999 -9999 -9999 -9999 -9999 -9999 -9999 -108.754339094739 -150.437153938541 -186.306260054354 -203.480512231545 -201.15404981825 -210.414720858114 -219.605201092909 -182.419668826547 -134.347070797952 -87.3817939001073 -43.8765946123932 -24.0793033863005 -19.2545152443354 -20.3010695270804 -23.5878398661739 -24.5249521782895 -24.4240929794487 -23.7013396891612 -22.1901874180646 -21.2985953854311 -18.7944337268022 -16.8814188610205 -15.3416452074287 -14.2272605772363 -13.3786290210846 -12.3185328699653 -9.41959691913339 -7.57657041120472 -6.06085224427705 -4.52415108300859
-9999 -9999 -9999 -9999 -9999 -9999 -9999 -9999 -9999 -9999 -9999 -9999 -9999 -9999 -9999 -9999 -9999 -9999 -9999 -9999 -9999 -9999 -9999 -9999 -9999 -9999 -115.74369084674 -176.567806423366 -213.613521353936 -206.909711076164 -178.716953862173 -170.713836969385 -160.28741491966 -118.872923266889 -81.296642338258 -51.1838225881006 -32.1108467989477 -22.0622743698313 -22.3805104328008 -24.915940642183 -26.7814930259707 -26.6834477455771 -25.8730161258753 -24.592937770374 -22.9696738082507 -21.3690400278938 -19.5591017805172 -18.236109829444 -16.9751631993781 -15.8610329675754 -14.990188612187 -13.6344223566224 -10.9020755813803 -8.90882738406453 -7.32627841520757 -5.83298064420153
-9999 -9999 -9999 -9999 -9999 -9999 -9999 -9999 -9999 -9999 -9999 -9999 -9999 -9999 -9999 -9999 -9999 -9999 -9999 -9999 -9999 -9999 -9999 -9999 -9999 -66.1240399364125 -125.800008959909 -214.448380936189 -248.369813122487 -204.84194858529 -165.109842320177 -134.603044592735 -107.362648075135 -70.8702844968616 -49.1178739461047 -47.2500982958208 -32.197209259596 -25.0563220915011 -27.0324417808828 -29.4976622064396 -31.2943499327309 -29.4159561354002 -27.9988775972393 -26.3611166854102 -24.6640408927646 -23.3949934406682 -20.9347809828978 -19.728505832913 -18.853986782123 -17.8319683144712 -16.826813747093 -15.5667095402416 -12.9758506498425 -10.9135488365334 -8.97641306960315 -7.6060790680648
-9999 -9999 -9999 -9999 -9999 -9999 -9999 -9999 -9999 -9999 -9999 -9999 -9999 -9999 -9999 -9999 -9999 -9999 -9999 -9999 -9999 -9999 -9999 -9999 -9999 -83.1991846352045 -136.87093651612 -208.479270281592 -231.463475131112 -192.246766988456 -145.993974085873 -107.370087554092 -70.7884436752367 -43.4095994137824 -38.7267942313361 -42.3717844104863 -36.482391074518 -30.6462707236552 -31.7939957916088 -32.6887024553821 -32.9795294312158 -31.6549588344176 -30.1331410968366 -28.5039420412488 -27.0803970668046 -25.6373643062816 -23.0823663081051 -21.7364911868666 -20.8123079778652 -19.7849197321803 -18.7377277116518 -17.5480644833673 -15.1229179619633 -13.1861831574045 -11.3555336021573 -9.92369895244241
-9999 -9999 -9999 -9999 -9999 -9999 -9999 -9999 -9999 -9999 -9999 -9999 -9999 -9999 -9999 -9999 -9999 -9999 -9999 -9999 -9999 -9999 -9999 -9999 -9999 -89.0212333521483 -140.402002205162 -203.448101974239 -216.305366459832 -173.93051969307 -131.813194447981 -87.4245078138606 -50.5543748740398 -34.3405239648876 -38.9245823753034 -46.0802183014471 -41.6515440361647 -36.3719834729415 -35.6547822554095 -35.6784922105563 -34.9233689978306 -33.6944209348835 -32.3856611592424 -30.9413300635561 -29.4154381713388 -28.2881441124854 -25.707961392153 -24.3930846254568 -23.3196798247247 -22.0722898548729 -20.9628701437033 -20.2543566114062 -17.7657205334279 -15.8335884403013 -14.0342606167785 -12.7200855873591
-9999 -9999 -9999 -9999 -9999 -9999 -9999 -9999 -9999 -9999 -9999 -9999 -9999 -9999 -9999 -9999 -9999 -9999 -9999 -9999 -9999 -9999 -9999 -9999 -9999 -85.9429061521011 -137.379388012209 -195.354279773333 -201.559493329771 -159.796278383688 -115.232812147718 -73.5493151787848 -43.5134205133822 -35.1529938709416 -41.9649305325621 -48.5139016958562 -47.7859403695458 -44.7309014450444 -42.7430965327352 -40.4712519856936 -38.6936561746196 -36.5423236271705 -34.9661708587772 -33.5393308039399 -32.1500429804752 -30.7180692387258 -28.5966254327959 -26.7895055996027 -25.4417651317981 -24.3907840575056 -23.5528412200343 -22.7837961952653 -20.5530017633436 -18.7523493904114 -17.021087560154 -15.8071020306892
-9999 -9999 -9999 -9999 -9999 -9999 -9999 -9999 -9999 -9999 -9999 -9999 -9999 -9999 -9999 -9999 -9999 -9999 -9999 -9999 -9999 -9999 -9999 -9999 -9999 -81.4031910587606 -133.407246558772 -194.074071652722 -196.584164502604 -150.436016952253 -106.625646150835 -65.2252899629545 -42.1590310770219 -39.2485291515527 -45.8722152114775 -53.2901377391626 -53.9472357777552 -54.1340748441225 -52.6140590647279 -48.4029740049927 -45.1071059964814 -40.9057764906486 -38.4582739990623 -36.9624160059963 -35.6262090743274 -34.7100036138804 -31.9848531487788 -29.6127060404734 -28.0874149271464 -27.1130480545102 -26.4275861778383 -25.5831064927942 -23.9813463893067 -22.1225747339287 -20.35206217625 -19.2429076349184
-9999 -9999 -9999 -9999 -9999 -9999 -9999 -9999 -9999 -9999 -9999 -9999 -9999 -9999 -9999 -9999 -9999 -9999 -9999 -9999 -9999 -9999 -9999 -9999 -9999 -86.7481677022942 -135.771501941792 -193.647590004493 -192.100935754025 -143.46029169276 -95.4259434898495 -61.6641256401467 -44.816492799398 -43.2107744085795 -48.7569511629594 -56.1483295566016 -58.1425117220733 -58.1681511523953 -56.9797382117958 -54.1016424019312 -49.9779346521823 -45.3141090124476 -42.6457986295046 -40.8960251922174 -38.9525361103417 -37.0453350545766 -34.8681575257475 -32.9262457186851 -31.3369153081663 -30.1219748187718 -29.3077107631606 -28.471005336248 -26.615575506093 -24.5486816215522 -22.8172696724218 -21.4758724763152
-9999 -9999 -9999 -9999 -9999 -9999 -9999 -9999 -9999 -9999 -9999 -9999 -9999 -9999 -9999 -9999 -9999 -9999 -9999 -9999 -9999 -9999 -9999 -9999 -9999 -86.1133812842247 -136.744197446999 -199.532079845217 -196.466396888874 -142.080142080632 -91.3616891835704 -61.1019560443987 -48.1163222841898 -46.7440128659017 -51.6444733996858 -57.6361175130738 -60.0770854988215 -60.6950134206409 -60.0691434002188 -57.2343563799412 -54.4705014643737 -49.6513007498036 -46.173854898722 -43.9476115905966 -41.5453585118378 -39.6032168754446 -37.7036392598936 -35.9424515877535 -34.5955248978692 -33.4157277064027 -32.4732533147125 -31.5136655984213 -29.2303999623733 -27.1519921102644 -25.3891453153568 -23.7139883935652
-9999 -9999 -9999 -9999 -9999 -9999 -9999 -9999 -9999 -9999 -9999 -9999 -9999 -9999 -9999 -9999 -9999 -9999 -9999 -9999 -9999 -9999 -9999 -9999 -9999 -86.4410711778482 -138.872815963758 -204.685068872828 -203.111698900009 -146.216270084551 -93.4822559940939 -64.2105717822008 -52.4969482499795 -50.3606291434935 -53.5214801459321 -58.4880642936765 -60.874695947341 -61.9433142759328 -61.8881164830518 -59.9779489835964 -57.1540536318303 -53.3167588607469 -48.9308212097845 -46.2911822977716 -44.0981552424415 -42.0801059157379 -40.357048292179 -38.9349461174372 -37.5389905403457 -36.5531333039038 -35.6284540432081 -34.0101732633656 -31.8043535390379 -29.6363703443412 -27.7710074275114 -26.3863023472855
-9999 -9999 -9999 -9999 -9999 -9999 -9999 -9999 -9999 -9999 -9999 -9999 -9999 -9999 -9999 -9999 -9999 -9999 -9999 -9999 -9999 -9999 -9999 -9999 -9999 -85.4766639040869 -137.039349910302 -206.20055472678 -210.812497244998 -153.137554521339 -97.8683131908148 -68.6684703331221 -57.0738538390944 -54.6196847842474 -57.3478241176985 -61.1814243852707 -62.9515938888702 -64.0135139869594 -64.0480910757372 -62.3016336844123 -59.5896259822553 -55.9569557955471 -51.4394865064922 -48.5747097042022 -46.6142022835924 -45.1052055458697 -43.460657851326 -41.7970370106738 -40.6339307320752 -39.5425783359204 -38.3196987710548 -36.2441801273149 -34.3510684287885 -32.8065081273417 -31.136147476987 -29.9810017467979
-9999 -9999 -9999 -9999 -9999 -9999 -9999 -9999 -9999 -9999 -9999 -9999 -9999 -9999 -9999 -9999 -9999 -9999 -9999 -9999 -9999 -9999 -9999 -9999 -9999 -88.4956382020836 -138.108155137178 -206.426523520722 -215.612336266282 -161.54992322489 -104.656143647257 -74.852521176039 -62.2524186621731 -58.8187415521725 -60.2759022574698 -63.1072637309539 -64.721881365906 -66.1686389486557 -65.71583306543 -62.9808765114517 -60.5646245475478 -57.273435711613 -53.3361159732417 -50.9679060581875 -49.581061631212 -48.6788672350535 -46.7377303642451 -45.0578221367812 -43.4896550672982 -41.8898354706168 -39.7702389445736 -38.0945154986134 -38.0534801458056 -36.0555098925365 -34.357944686228 -33.6528177224147
-9999 -9999 -9999 -9999 -9999 -9999 -9999 -9999 -9999 -9999 -9999 -9999 -9999 -9999 -9999 -9999 -9999 -9999 -9999 -9999 -9999 -9999 -9999 -9999 -88.1986091719348 -93.4066610367592 -139.753765296037 -209.671401517499 -224.434867377853 -173.471555264625 -116.561086223177 -83.1041732076546 -67.0993655960129 -61.9658743778182 -62.1325543219216 -64.5104847574595 -65.4864692844672 -66.0904528871283 -65.323201544341 -62.7260347643792 -60.685135221493 -57.8264579172694 -55.1729548237106 -53.4407275815275 -52.5891739681807 -51.7262166407036 -50.1971257200254 -48.5279408683623 -46.715917149293 -44.2555350199179 -41.88772343533 -41.2133740549356 -41.4415172601693 -40.2038868668879 -37.8491930068029 -36.081732079758
