meets/meet004/_saidas_enm/CCSM_Maha_21k_Aralia_warmingiana2.asc
NCOLS 154 
NROWS 168 
XLLCORNER -112 
YLLCORNER -55.5 
CELLSIZE 0.5 
NODATA_value -9999 
[rows 100 to 124 of 168, columns 56 to 111 of 154]
-9999 -9999 -9999 -9999 -9999 -9999 -9999 -9999 -9999 -9999 -9999 -9999 -9999 -9999 -9999 -9999 -9999 -9999 -9999 -9999 -9999 -9999 -9999 -9999 -9999 -9999 -9999 -9999 -240.629004129682 -251.26447329703 -294.229023506556 -404.086951207989 -511.662108817523 -575.724946341464 -575.392514819009 -495.284774388971 -405.596118559346 -310.394169141175 -169.916847205866 -68.7200560548911 -19.3411914914899 -4.01103091185259 -7.75487110491272 -9.48244164504535 -11.2077968804001 -9.94315213826555 -6.33414311740341 -3.22514658837467 -1.74327391306149 -0.91835897477946 -0.190372700168813 0.0700501768393579 -0.311240415406256 -0.572470707478038 0.162358477524128 -0.130628250585221
-9999 -9999 -9999 -9999 -9999 -9999 -9999 -9999 -9999 -9999 -9999 -9999 -9999 -9999 -9999 -9999 -9999 -9999 -9999 -9999 -9999 -9999 -9999 -9999 -9999 -9999 -9999 -9999 -237.726631606454 -251.287518617382 -319.735139234183 -410.677666164768 -491.393878813239 -542.568491073393 -539.853165031928 -477.017239299192 -374.220485305572 -276.878953235544 -139.321109951171 -53.7089234232821 -14.0168269510021 -4.56994399588091 -8.58421131586446 -10.5156295013758 -11.3524218938162 -10.2465608388737 -6.59808607473404 -5.27414314350721 -3.73067098880882 -1.74348843490454 -0.882952727416584 -0.24703869933344 -0.325590256912139 -0.829996737717261 -0.163942484381381 -0.539068674150376
-9999 -9999 -9999 -9999 -9999 -9999 -9999 -9999 -9999 -9999 -9999 -9999 -9999 -9999 -9999 -9999 -9999 -9999 -9999 -9999 -9999 -9999 -9999 -9999 -9999 -9999 -9999 -222.804941328371 -251.657504416316 -253.281156476835 -304.440294481539 -397.106235647744 -462.90307727311 -502.044654782386 -504.560250324866 -432.766823507293 -344.057453109749 -238.61774137294 -112.229094446921 -39.599887690152 -11.6699997290313 -6.89011281926713 -9.4205941268452 -11.5603056002647 -11.9716998830459 -10.3018493012529 -7.39953180473788 -6.24639974867658 -4.46129107601109 -3.01070293596928 -1.46483736820556 -0.647023713857426 -0.142685631060314 -0.299002439996608 -0.812558278645338 -0.443892045017
-9999 -9999 -9999 -9999 -9999 -9999 -9999 -9999 -9999 -9999 -9999 -9999 -9999 -9999 -9999 -9999 -9999 -9999 -9999 -9999 -9999 -9999 -9999 -9999 -9999 -9999 -9999 -233.497061493829 -253.921359167614 -245.476945599935 -298.986955842238 -383.931075389197 -437.121197499283 -471.298173748148 -475.803166447232 -411.567404409825 -311.931019111239 -200.250953474431 -88.3626838489866 -30.9821218814014 -11.8671876677918 -9.27160990684018 -11.4152623435628 -13.2560150646916 -12.7086592651237 -11.3503172503034 -8.57905658557374 -6.9959757460584 -5.71393975351041 -4.55134135855341 -2.8700739487835 -1.57131041354816 -0.892201957439435 -0.279821081969336 -0.967105907043895 -0.901953772306129
-9999 -9999 -9999 -9999 -9999 -9999 -9999 -9999 -9999 -9999 -9999 -9999 -9999 -9999 -9999 -9999 -9999 -9999 -9999 -9999 -9999 -9999 -9999 -9999 -9999 -9999 -9999 -234.712047879412 -248.431606741376 -252.250136631448 -304.743902200965 -385.845477203813 -434.31244583283 -457.56028968864 -459.94041247472 -391.767403417738 -287.545664794447 -162.817623616674 -65.4076797702884 -23.6869285710148 -10.5453948890773 -10.4032029115953 -13.1574512509655 -13.7729191571145 -13.7344558668963 -12.6517586033381 -9.88936436945334 -8.04710316787652 -6.89846258230076 -5.72101669293142 -4.36078836637395 -2.99011570918292 -1.85681365993936 -1.19492807161056 -1.31771032035394 -1.09706933493026
-9999 -9999 -9999 -9999 -9999 -9999 -9999 -9999 -9999 -9999 -9999 -9999 -9999 -9999 -9999 -9999 -9999 -9999 -9999 -9999 -9999 -9999 -9999 -9999 -9999 -9999 -9999 -227.912533289651 -238.044528795772 -248.297754077838 -312.983808366778 -400.398240840384 -444.574848868159 -463.204288879133 -459.239425509439 -390.499857457986 -267.872325977926 -132.315515411215 -48.6278575929687 -20.0173147408579 -10.5533893302004 -11.8734723832995 -15.5387158937349 -14.7340608213084 -14.1718298186223 -13.1029649048173 -10.8461061520138 -9.50952263876269 -7.9284105830424 -6.29279495458235 -4.87401431371497 -3.68179792751613 -2.95007023497312 -2.45500442005539 -1.91578261819912 -0.943622475916828
-9999 -9999 -9999 -9999 -9999 -9999 -9999 -9999 -9999 -9999 -9999 -9999 -9999 -9999 -9999 -9999 -9999 -9999 -9999 -9999 -9999 -9999 -9999 -9999 -9999 -9999 -9999 -211.252439290446 -229.491517882677 -255.691852033914 -334.754722484113 -419.502387197223 -472.545424875596 -478.758085526131 -467.754553120646 -399.42109502602 -254.101712940322 -109.637863652759 -35.4186343290389 -15.3461244107035 -10.8864121630273 -13.4696625613837 -17.1791471051118 -15.6552677222626 -14.3180582419428 -12.9515936821293 -11.8319461690924 -10.118442838946 -8.0354479862013 -6.67840634615116 -5.62586483897151 -4.52195408097637 -3.18740435389971 -2.5786969162159 -2.32396287254518 -1.38816999839697
-9999 -9999 -9999 -9999 -9999 -9999 -9999 -9999 -9999 -9999 -9999 -9999 -9999 -9999 -9999 -9999 -9999 -9999 -9999 -9999 -9999 -9999 -9999 -9999 -9999 -9999 -9999 -191.861861406037 -221.698369345665 -269.068432705078 -363.980622321643 -442.220346549916 -487.605611870407 -491.267801722741 -472.504173982977 -401.99319929573 -245.14877647976 -90.5540585742043 -26.3793002440312 -12.7032373315614 -11.6577510556722 -15.5593509183516 -19.675410441161 -17.5065404570859 -15.7974971248023 -13.9830910237398 -12.8186870146687 -10.5344454617121 -8.46138840207725 -7.16614183916701 -6.4059384294448 -5.9519779000214 -4.33831318840378 -3.23124228543112 -2.44030610445904 -1.8732161278696
-9999 -9999 -9999 -9999 -9999 -9999 -9999 -9999 -9999 -9999 -9999 -9999 -9999 -9999 -9999 -9999 -9999 -9999 -9999 -9999 -9999 -9999 -9999 -9999 -9999 -9999 -9999 -169.456281756567 -212.161536930384 -281.908307733326 -393.905424352682 -451.160251581428 -495.509737642332 -490.634476118548 -463.977311310598 -400.23765848542 -224.560941923598 -73.0893598704192 -19.921280878183 -11.2569736192794 -13.4438979537957 -18.3144597345655 -21.9262846546311 -20.6344459676536 -18.6822819601549 -17.0615979298725 -14.8530796892067 -12.6270933830787 -10.0333288326868 -8.36274233494488 -7.68309556851089 -7.15334578415717 -5.75689670557402 -4.34308892296112 -2.95719634217737 -2.15432133264733
-9999 -9999 -9999 -9999 -9999 -9999 -9999 -9999 -9999 -9999 -9999 -9999 -9999 -9999 -9999 -9999 -9999 -9999 -9999 -9999 -9999 -9999 -9999 -9999 -9999 -9999 -9999 -163.547589907149 -215.837208696183 -287.021070787775 -379.872940994175 -431.604111807666 -461.377075854524 -450.551417278414 -423.911354747085 -350.25594887906 -185.743102627498 -58.2179483228418 -17.9891846327558 -12.5326359928729 -15.6886746133323 -21.3701998699508 -23.6768077071444 -22.882219766844 -21.1557917962962 -19.6066411591668 -17.533620257518 -14.2666425340032 -11.6404837724718 -9.92780675041965 -9.19193297015059 -8.6658872562089 -6.7429740191628 -5.05844629850664 -3.44795773220966 -2.39077161273434
-9999 -9999 -9999 -9999 -9999 -9999 -9999 -9999 -9999 -9999 -9999 -9999 -9999 -9999 -9999 -9999 -9999 -9999 -9999 -9999 -9999 -9999 -9999 -9999 -9999 -9999 -131.052416571311 -163.008487096292 -217.556934618533 -281.511922601606 -356.310284768171 -386.158223133707 -410.060805705569 -389.670561731567 -360.77238637825 -301.75484022878 -141.299313212475 -45.962133578676 -18.0833472407658 -12.6228361503173 -19.8417490317522 -23.8561094764853 -25.5805890091153 -24.5738525431698 -23.1526064815147 -20.9677679782776 -17.9129569306759 -15.1412238984729 -13.051403254447 -11.6651466326645 -10.7659444592746 -9.63204043550503 -7.62671435515752 -5.88136937724483 -4.17372318129196 -3.03369083703192
-9999 -9999 -9999 -9999 -9999 -9999 -9999 -9999 -9999 -9999 -9999 -9999 -9999 -9999 -9999 -9999 -9999 -9999 -9999 -9999 -9999 -9999 -9999 -9999 -9999 -9999 -132.174396148128 -178.892655050199 -224.610628226721 -269.387542539899 -304.620020168766 -335.70878247663 -354.159174335513 -323.681363016115 -276.531996586221 -198.041752600426 -91.8212436608835 -32.5572633187095 -16.744685762903 -16.2227892119738 -20.5356920749537 -24.2179485742947 -25.1300915142444 -24.8474170214017 -23.1053737334831 -21.0315010316513 -18.5987827219513 -16.4492470198988 -14.5591140241237 -13.1649539942847 -12.2573952817446 -10.2180108444962 -8.0803477773604 -6.28357855368752 -4.86802369323101 -3.52904410022092
-9999 -9999 -9999 -9999 -9999 -9999 -9999 -9999 -9999 -9999 -9999 -9999 -9999 -9999 -9999 -9999 -9999 -9999 -9999 -9999 -9999 -9999 -9999 -9999 -9999 -9999 -141.495450919074 -194.085543834716 -237.414221622641 -259.274715185639 -260.455551873346 -281.437038960193 -305.153082143076 -257.679189060347 -188.661910547941 -116.730348924207 -53.066675887759 -24.1818010303343 -18.970657161427 -20.2952350567841 -24.0213335488977 -25.3322952480936 -25.4051045902011 -24.7518142570849 -23.1586249716583 -22.1980592937996 -19.5976600492143 -17.6589911682993 -16.1026183202584 -14.8130719351797 -13.8447145223101 -11.3336203213576 -8.69503269579905 -7.09440526653076 -5.68136541952396 -4.20136642499537
-9999 -9999 -9999 -9999 -9999 -9999 -9999 -9999 -9999 -9999 -9999 -9999 -9999 -9999 -9999 -9999 -9999 -9999 -9999 -9999 -9999 -9999 -9999 -9999 -9999 -9999 -147.030321611372 -224.962815431304 -272.324020655467 -264.986827425905 -231.858280088824 -227.789228432933 -221.169399656837 -165.881311316188 -110.872152348248 -63.5588691722666 -33.3527402852699 -22.365432766417 -22.1736430690118 -24.6692855995422 -26.7743544229505 -26.9724919135 -26.331452885465 -25.1380101679664 -23.4160088300009 -21.7441482990446 -20.0801854120103 -18.9814358036387 -17.8455970111866 -16.6242804697597 -15.1732840452553 -12.7154289382158 -10.193009000682 -8.26836274707527 -6.7702166460011 -5.36757378423428
-9999 -9999 -9999 -9999 -9999 -9999 -9999 -9999 -9999 -9999 -9999 -9999 -9999 -9999 -9999 -9999 -9999 -9999 -9999 -9999 -9999 -9999 -9999 -9999 -9999 -79.3856518819806 -156.896304357431 -270.73710787383 -316.908248705823 -264.52813463763 -214.670664497022 -179.030767581815 -146.441166619425 -96.6953109801566 -61.6107476350369 -46.4807302726994 -32.0244162567389 -24.7350726181759 -26.7356875233451 -29.1993652259496 -30.9205810065867 -29.3291762002393 -27.9838527670329 -26.3809025418806 -24.5573353912661 -23.1147847383929 -21.1197522430139 -20.4495525387371 -19.8612992976946 -18.7372510216174 -16.9224971781907 -14.3946079594872 -12.0075221888323 -10.0418010288547 -8.2461759720644 -6.96876488142841
-9999 -9999 -9999 -9999 -9999 -9999 -9999 -9999 -9999 -9999 -9999 -9999 -9999 -9999 -9999 -9999 -9999 -9999 -9999 -9999 -9999 -9999 -9999 -9999 -9999 -101.787243984123 -169.413340097838 -260.798449451047 -293.759406586085 -248.240949162845 -190.064500114072 -140.579873576963 -93.0002306744406 -55.2639283057212 -40.6551870766792 -39.7415058857175 -34.3064273634987 -29.4246529722297 -31.2754063781848 -32.3349729253667 -32.5444792026328 -31.2704410214209 -29.8590302858143 -28.2646911267492 -26.6237790534616 -25.1147256114156 -23.1019941882403 -22.4138207465754 -21.9342201348974 -20.9938158369132 -18.726432334177 -16.1548052257417 -13.9203064211847 -12.0904234159808 -10.4241022299375 -9.14768886247267
-9999 -9999 -9999 -9999 -9999 -9999 -9999 -9999 -9999 -9999 -9999 -9999 -9999 -9999 -9999 -9999 -9999 -9999 -9999 -9999 -9999 -9999 -9999 -9999 -9999 -108.73561470967 -172.308451326216 -251.759601297878 -271.536706650266 -223.724460373472 -170.903990384242 -111.685117920034 -62.0474531820778 -37.1525557997984 -37.1148628536496 -43.7221736380136 -39.6933245159851 -34.9689963287892 -34.680179749067 -34.7487131413419 -34.2370908708006 -33.1582431736303 -32.0932890892282 -30.7284484391936 -28.9584825810541 -27.5901298864388 -25.7693029021683 -25.2444762273537 -24.6799306089982 -23.567087463024 -21.1720352525124 -18.6325931033662 -16.3592791453378 -14.5911173535808 -12.997400314455 -11.8875010431097
-9999 -9999 -9999 -9999 -9999 -9999 -9999 -9999 -9999 -9999 -9999 -9999 -9999 -9999 -9999 -9999 -9999 -9999 -9999 -9999 -9999 -9999 -9999 -9999 -9999 -102.875934385215 -167.906539620916 -241.184928354419 -252.283363702062 -204.026866817111 -146.876943865567 -90.4140714655426 -48.9135271111438 -34.9390196406709 -40.5762750895898 -46.2943002911246 -45.7101534310377 -43.8799119427356 -42.7163175182104 -40.0695484238027 -37.9316345937334 -36.1496401302419 -34.9973592300435 -33.7365353959035 -32.2319121819976 -30.8273981720294 -29.165421765259 -27.9591446148541 -27.1259783920892 -26.3283104167857 -23.9350039989017 -21.2840203446423 -19.0392086249957 -17.4480625298824 -15.9696114522788 -14.9953021560281
-9999 -9999 -9999 -9999 -9999 -9999 -9999 -9999 -9999 -9999 -9999 -9999 -9999 -9999 -9999 -9999 -9999 -9999 -9999 -9999 -9999 -9999 -9999 -9999 -9999 -94.6444358740524 -161.644541727314 -238.789165500856 -244.595275274261 -190.171376304783 -133.989435834229 -77.1203878826225 -44.0487099299311 -38.7852108439512 -44.7195246699604 -50.9666786910152 -52.5607651111208 -52.1833079872229 -51.1649937603152 -48.1002234193727 -44.4168583635644 -41.2011595485765 -39.018635816775 -37.6394206180742 -36.251419137579 -35.6026418773004 -33.158090843133 -31.2246208163887 -30.1849526101175 -29.2829262460611 -27.3642595055713 -24.9019172765234 -22.4238012012736 -20.8470048631771 -19.3656731766222 -18.5685987259507
-9999 -9999 -9999 -9999 -9999 -9999 -9999 -9999 -9999 -9999 -9999 -9999 -9999 -9999 -9999 -9999 -9999 -9999 -9999 -9999 -9999 -9999 -9999 -9999 -9999 -101.816945631812 -164.520015834741 -238.026024743669 -237.987246371202 -179.120644715462 -116.314196966424 -70.6050582091493 -45.4305683718597 -43.3133343314449 -47.2275698625496 -54.0179796199861 -55.5519674322235 -56.1270920993924 -55.533230360804 -52.4218541642955 -49.8246105712195 -45.7059522029919 -43.5005447473055 -41.757903654535 -39.970391092383 -38.3411058773932 -36.5197041940333 -35.0038766568264 -33.5732925247523 -32.3027489259889 -30.8399021157378 -28.2472290103236 -25.99442108333 -24.0614511358071 -22.2747669491279 -20.8938898297344
-9999 -9999 -9999 -9999 -9999 -9999 -9999 -9999 -9999 -9999 -9999 -9999 -9999 -9999 -9999 -9999 -9999 -9999 -9999 -9999 -9999 -9999 -9999 -9999 -9999 -101.543595129995 -166.464018697265 -245.268434438069 -242.52769813873 -175.400905465407 -109.210772301842 -68.3124971203567 -48.2830329881152 -46.7216129781675 -50.5731190356187 -56.1386360584216 -57.3741023382423 -58.9534451757745 -58.9476268650586 -55.9396815921785 -53.0264010115545 -50.0772998869172 -47.2877863537544 -44.8910863042837 -42.69725494856 -41.2792123292514 -39.7726208569537 -38.2246798590771 -36.8282690623908 -35.7015764521395 -33.2833179142283 -30.8587151815747 -28.5572482971263 -26.3875088741331 -24.6200723538387 -22.9296772372531
-9999 -9999 -9999 -9999 -9999 -9999 -9999 -9999 -9999 -9999 -9999 -9999 -9999 -9999 -9999 -9999 -9999 -9999 -9999 -9999 -9999 -9999 -9999 -9999 -9999 -101.935860655158 -170.121692278229 -252.946947429954 -250.981648947123 -179.293968648104 -110.341493277778 -70.877260199169 -53.0899621671928 -51.1915483008648 -53.6666578151558 -57.126828359414 -59.1999903876376 -60.9151897763062 -61.3345304386937 -59.3979411045983 -56.3435234810354 -53.790379225019 -50.4114759183976 -47.3608799140132 -45.5167777629408 -44.1163042278143 -42.5411378779278 -41.2264566542434 -39.8541719765044 -38.600690081696 -35.888540264985 -33.0723723320585 -30.8553400827759 -28.627928929417 -26.7802828395026 -25.442752974325
-9999 -9999 -9999 -9999 -9999 -9999 -9999 -9999 -9999 -9999 -9999 -9999 -9999 -9999 -9999 -9999 -9999 -9999 -9999 -9999 -9999 -9999 -9999 -9999 -9999 -100.806793806164 -168.67825985872 -255.680909696197 -260.427569266273 -186.807269582498 -114.555695278316 -75.1255155904023 -58.3229822323759 -55.5107742569581 -57.3206029790346 -60.3362111644023 -62.0835947813118 -63.6118628225787 -63.9432798033466 -62.0060550122955 -59.0521108876831 -55.5837489215113 -52.8037653528938 -49.8105679376453 -48.1339356092534 -46.9792910577138 -45.5120355921076 -44.0920713447509 -42.982360404106 -40.9861057533435 -38.372198607726 -35.5983150377618 -33.1767426042727 -31.7297196416118 -30.118595273509 -29.0639138578453
-9999 -9999 -9999 -9999 -9999 -9999 -9999 -9999 -9999 -9999 -9999 -9999 -9999 -9999 -9999 -9999 -9999 -9999 -9999 -9999 -9999 -9999 -9999 -9999 -9999 -103.956160881493 -169.857246795457 -255.533871841643 -265.638107896538 -196.458377910766 -121.67248316782 -81.4792705114405 -63.5064077753048 -58.7644880349921 -59.9959732786605 -62.5477871789235 -64.254926278125 -66.0839740319274 -65.6719177821231 -62.4619745333595 -59.6596782768974 -56.4769214542622 -54.4097294008118 -52.3549327018195 -51.1671544967029 -50.2003611242104 -48.5997173152639 -47.3736942253528 -45.0611465675939 -42.7287455216092 -39.933711408538 -37.635170625813 -36.7963765536931 -34.8517342688395 -33.2984848658809 -32.9090182243459
-9999 -9999 -9999 -9999 -9999 -9999 -9999 -9999 -9999 -9999 -9999 -9999 -9999 -9999 -9999 -9999 -9999 -9999 -9999 -9999 -9999 -9999 -9999 -9999 -97.6713921498058 -109.667824268573 -171.831405336209 -259.469832701016 -276.639876085048 -211.489959869062 -136.4794491017 -91.1578639946219 -68.2886598954364 -60.9802472256107 -62.2895872543371 -64.2638261917854 -65.153239241317 -65.8823304828933 -64.9414156100569 -61.6424671362501 -59.0877548563166 -57.5697319349459 -55.897521829763 -54.5543590605207 -53.6986827363105 -52.8722406162179 -51.8154735663805 -50.0920434019682 -47.5733275136512 -45.0029514141607 -42.4983955975469 -41.1581545614869 -40.5805823376248 -38.8578999793006 -36.5386107398783 -35.0187727581301
