meets/meet004/_saidas_enm/CCSM_SVM_6k_Aralia_warmingiana1.asc
NCOLS 154 
NROWS 168 
XLLCORNER -112 
YLLCORNER -55.5 
CELLSIZE 0.5 
NODATA_value -9999 
[rows 50 to 74 of 168, columns 55 to 109 of 154]
-9999 -9999 -9999 -9999 -9999 -9999 -9999 -9999 -9999 -9999 -9999 -9999 -9999 -9999 0.0982839237522489 0.0976190936301143 0.091555161067476 0.0613906676562278 -0.018071906566261 -0.00752248908022035 0.10976120966759 0.155920600925159 0.0191719745804828 -0.123828371256983 -0.124449115896551 -0.0728683212701933 -0.0289601076903321 0.0125517012124401 0.051690738421159 0.0696581052596141 0.0802905419983783 0.0850347285959307 0.0843638911556753 0.0753051183530733 0.0436057741359737 -0.0514740192873997 -0.0368003720604294 -0.0107415223835173 0.0150518504284072 -0.0109252364462179 -0.0382754157946197 -0.0454351129148252 -0.07703600820251 -0.106107371853148 -0.147706628391653 -0.149167027217282 -0.112631830895694 -0.167408783607772 -0.159800700006778 -0.0719230842826042 0.117931018660561 0.308021403283669 0.474190054865588 0.567926100008535 0.565042850454264
-9999 -9999 -9999 -9999 -9999 -9999 -9999 -9999 -9999 -9999 -9999 -9999 -9999 -9999 0.097197410485855 0.0911270617201437 0.0768402752543119 0.0325758603061562 -0.0100174435272172 0.0284596092222696 0.108763905833183 0.0900645901616552 0.00140233828529523 -0.068748248022371 -0.0695538357403902 -0.0314065979484552 0.00822797064876779 0.0347806981867307 0.0509097933859274 0.0564921715864261 0.0604856691296338 0.0648508316243072 0.0637650249890483 0.0588702976729853 0.0286017443120075 -0.0678159640749749 -0.111153747334891 -0.048078670295185 -0.0131788266307779 -0.0197862295777734 -0.0500771985575408 -0.0593354571197977 -0.0832851328767243 -0.114869887864802 -0.150617892069133 -0.149324434285078 -0.155350311545356 -0.1820432522072 -0.155064280250084 -0.024273261091041 0.223265197209404 0.433587152502464 0.572860767730258 0.593714303737309 0.563498033307317
-9999 -9999 -9999 -9999 -9999 -9999 -9999 -9999 -9999 -9999 -9999 -9999 0.098147336752081 0.0956097922109304 0.0857759046712835 0.0688492321230258 0.0535364229922858 0.0360144062792299 0.0234439348631695 0.0457066410001691 0.0424378013585945 0.0290815620668502 -0.000661069150734661 -0.0112039486202642 0.00194626766600048 0.0256506664500865 0.0411685981497951 0.0474343178132913 0.0516474640402483 0.0585791417791763 0.0691949903001645 0.0739428540239666 0.0653170949778 0.057833530189074 0.0466308092003964 -0.0264341581454218 -0.114588781612541 -0.115774358756259 -0.0821549738206954 -0.0912240469072555 -0.121018900909713 -0.10388442917927 -0.124988544984627 -0.147236152005836 -0.172776910667449 -0.185111716731459 -0.197669481556855 -0.178548191621143 -0.0941511845028686 0.119767122732181 0.437559261382677 0.577709039821608 0.632148143658553 0.600258150312913 0.539318509528786
-9999 -9999 -9999 -9999 -9999 -9999 -9999 -9999 -9999 -9999 -9999 0.0981450058390526 0.0940010021421439 0.07909742615862 0.0689150518752233 0.0573655905808173 0.0551042761983187 0.0589634470279136 0.0366806559972493 -0.000710544182426054 -0.013373394257716 -0.0133613905965912 0.00357872746297666 0.0230401894191574 0.0357952938361468 0.0428799957554227 0.0461092229059133 0.0511397405579256 0.0611356816696805 0.072796585174026 0.0812020447439006 0.0826335217256179 0.0708137126447168 0.0554047219281679 0.0495725343472438 0.00377271286859321 -0.0869202525834288 -0.121943237483593 -0.11346578886432 -0.1200896868186 -0.146794866304755 -0.164726322730464 -0.1860833979891 -0.192920488251272 -0.195088094076186 -0.188214248758444 -0.132003660359497 -0.0066842814581034 0.199987535690915 0.42370323549863 0.579145824977422 0.634835129644055 0.609207523081161 0.548156557327972 0.469027767202727
-9999 -9999 -9999 -9999 -9999 -9999 -9999 -9999 -9999 -9999 -9999 0.0919671039209939 0.0682542110203338 0.0572877692128422 0.0558020245492832 0.060707925329884 0.0651839848461583 0.0596934051862951 0.0426708184826375 0.0211032129078529 0.0183583896510366 0.0227748019204524 0.0363405822636417 0.0414358495847181 0.0429633994320865 0.0456233688078129 0.0528239104730217 0.065141246440544 0.0781919376715646 0.0868188908357857 0.0910563397515802 0.0910621155076307 0.0789800277489109 0.0565274257109732 0.0485728029228343 0.0273422923856305 -0.054479268848188 -0.103475274993729 -0.104751031777167 -0.102618893233451 -0.101103302140889 -0.0910820128200884 -0.138888281103148 -0.140355762071092 -0.109808772899308 -0.0291551547089821 0.156977259336903 0.307679917146505 0.484562055374157 0.585584659143778 0.570437863215574 0.558945058339497 0.497151702613568 0.436630826686268 0.377880234734607
-9999 -9999 -9999 -9999 -9999 -9999 -9999 -9999 -9999 0.0974719181253236 0.0859358950281272 0.0606187141904059 0.0586528413617388 0.0489000011326358 0.0600192210179478 0.0683039487918271 0.0657512602823359 0.0562874729801109 0.0522066583805929 0.0476661721452866 0.0458273124577262 0.0441695772444717 0.0439635982568768 0.044536915198768 0.0474332593373934 0.0570633579263569 0.0715459916440447 0.0831002241678654 0.0909456613075204 0.0944995717559947 0.0955286608734572 0.0947227594804934 0.0857160567363645 0.0626768791586629 0.0465175345346689 0.0404991226681927 -0.0106662274324135 -0.0695889529902898 -0.096822580121842 -0.0924376935704457 -0.0901514397174376 -0.0798632426039427 -0.0886917520358815 -0.079064940647375 -0.0134997064603515 0.0956989207464435 0.245030135451628 0.361898421170919 0.405307534927578 0.402694120510437 0.396863727527961 0.374080031197189 0.345250169858599 0.297350600237624 0.267530535069025
-9999 -9999 -9999 -9999 -9999 -9999 -9999 -9999 -9999 0.0891399550438614 0.0590981796480095 0.122321563602653 0.147952224951922 0.0901239454862623 0.092434291825454 0.0748950350952525 0.0643084090534102 0.0605860015426745 0.0556060028519784 0.0543075885113871 0.0499739971331694 0.0502715361316002 0.0531511665629658 0.0564269135376138 0.0638435416503915 0.0776723926721856 0.0884685368579484 0.0899258089296068 0.091328361601409 0.0911649417934315 0.0899254922453125 0.0888821630288852 0.0877853265789361 0.0704417655213566 0.0485752704123002 0.0446657347270025 0.024624766281347 -0.0180755911743692 -0.0593670717514005 -0.076788163578875 -0.0850630975616722 -0.0800706860614729 -0.0772060428748962 -0.0542167813000873 -0.00883523652871288 0.0532678112803448 0.136560899072371 0.195429706975311 0.224920924557145 0.21492425610736 0.200710349414361 0.195679122854978 0.187444808422963 0.177863151122557 0.180866699210532
-9999 -9999 -9999 -9999 -9999 -9999 -9999 -9999 0.0944066455384233 0.0738625165992637 0.0727038351880609 0.315082679290689 0.289033623694349 0.241646958576298 0.168102813412843 0.0964448005657331 0.067698873439427 0.0587808694338453 0.058230251069175 0.0585383841645993 0.0601913592158917 0.0650941231243041 0.0676706661463258 0.0712815003149893 0.0727619447200658 0.0748988177861368 0.0777300625083909 0.0778569618717511 0.0774174773786962 0.0772834291297451 0.0766092553565271 0.0763630569934816 0.0747575089934477 0.0734340936802574 0.0549755918273746 0.0449849750092591 0.0418975950436916 0.0244500973535689 -0.00729849124187809 -0.0273333783010137 -0.036279854745575 -0.0365400240493712 -0.0215306142105245 -0.00315329258454816 0.0251689297565502 0.0582018888001292 0.0874622943255379 0.104619004549272 0.104801285334041 0.0963949518338775 0.0904656988057542 0.0911579476560824 0.0918460545336461 0.103008137738826 0.115717243612094
-9999 -9999 -9999 -9999 -9999 -9999 -9999 -9999 0.0874450221523837 0.06314792784252 0.224611487014995 0.628827621787137 0.439931440321516 0.307181104235169 0.207076198109424 0.120009686304276 0.0779640218810454 0.0611668970966334 0.0565546552210684 0.0552976802505143 0.0522495587250232 0.0527774758304098 0.0547979013670786 0.0583047511982981 0.0580247345376198 0.0570955994674847 0.058857014993673 0.0588502623818576 0.0612467008934188 0.0604991058333465 0.0574172283373307 0.0574812063871103 0.0570262525426563 0.059264031881988 0.0600879775917662 0.0488603221811852 0.0449811301964598 0.043502627398471 0.0366169962643526 0.0303403786038883 0.0297159346097633 0.0306277107109372 0.0376503430464943 0.0435835775201555 0.0503999044287348 0.0542097292884778 0.0564219179044553 0.0549167935557717 0.0550116102913184 0.0562114726754344 0.0588398815150258 0.0609089468370823 0.0635857456370903 0.0681778717670166 0.0760591305886525
-9999 -9999 -9999 -9999 -9999 -9999 -9999 0.0962463303698488 0.0772812688973374 0.107332359619965 0.496382116694525 0.827840575661566 0.508438884316444 0.254420662687558 0.167115787995297 0.131492545013428 0.0913743102142352 0.0695344529997927 0.0596937496881672 0.056358701317541 0.0514374756912993 0.0489634988862337 0.0489704559550864 0.0492457540388581 0.0489589674792151 0.0489729407192182 0.0490741449902653 0.0496202699187769 0.0496186836782941 0.0493011218816679 0.0497475725440806 0.0497509342684743 0.0502474894015342 0.050825892247207 0.051551957199875 0.0525454446875318 0.0493621397780084 0.0466814229835572 0.0464323428997028 0.0466379636185831 0.0466585751279289 0.0469823624830024 0.0471999076856577 0.0478926956058718 0.0498101261664469 0.0505819006669169 0.0532228240649839 0.0568554288406582 0.0619848654032434 0.0660704507808205 0.069430834824785 0.0732759785539426 0.0772629025379188 0.0876630282968262 0.104616993843976
-9999 -9999 -9999 -9999 -9999 -9999 -9999 0.0889786382368788 0.0585112920608917 0.201795496907295 0.672274066285933 0.770638711955051 0.50303218983744 0.269539611189452 0.193536577014674 0.14105415731579 0.109942260250745 0.0782130301529348 0.062507198073451 0.0584000903515724 0.0538859227964025 0.0508371229835567 0.0501030171859904 0.04993164659007 0.0498393035836859 0.0490411621841551 0.0483204868572056 0.0486497036212421 0.0492380054966932 0.0498448459180186 0.0502560586701136 0.0505018945050748 0.050836920912594 0.0510121786696715 0.0510228728910477 0.0504724527715499 0.0502997847904618 0.0493076676261838 0.0487097555854366 0.0483479594406477 0.0481671592357702 0.0486944405785891 0.0494727085950264 0.0507812568275819 0.0539065312108159 0.0609677810121131 0.0687966377893636 0.0763164234655413 0.0812181319338144 0.0850814812650524 0.0903254014967914 0.0943562461239439 0.103899949623555 0.115654073243406 0.132524831312719
-9999 -9999 -9999 -9999 -9999 -9999 -9999 0.0677256031975905 0.0114977764855633 0.275410060793747 0.726995950586234 0.768444287690693 0.569633155833819 0.336986101025746 0.290942601652588 0.188185412099954 0.134056899491164 0.0964944347020856 0.069930992297091 0.0618712083148631 0.0572585261846633 0.0549656728847696 0.0563245317349702 0.0572036632599578 0.0566174978432041 0.0541524350351175 0.0521262936561007 0.0544315766111842 0.0578210021577524 0.0591303686047807 0.0591181653014402 0.0595527808288948 0.0592253552237635 0.0592127616014394 0.0583609439554426 0.0561180952332243 0.0551716322504008 0.054634989669995 0.0548495427352816 0.054897058836156 0.0563815267780201 0.0591370150841246 0.0611027702897985 0.066307015961285 0.0714578674380882 0.0813459081539107 0.0904339617890335 0.0957499441504164 0.102214815306978 0.105942678506156 0.10951282366527 0.116572277665977 0.124979968479987 0.140563005655113 0.162256106186414
-9999 -9999 -9999 -9999 -9999 -9999 -9999 -9999 -0.0770198193931393 0.306137729908068 0.812527011049568 0.773549957755674 0.631199194523659 0.437236388423182 0.392912014129237 0.29632986554354 0.21729794228746 0.146072304005515 0.0950563039861569 0.0775277696296731 0.0654940690101415 0.058141638793646 0.0609164087039061 0.0655863149354246 0.066313426445105 0.0635807359059616 0.0621873402412821 0.0673173673385525 0.0753473237876435 0.0822247178846349 0.0840678121407165 0.0834055897314265 0.0834245385420551 0.0810882607411295 0.0795352813583906 0.077667133265683 0.0750938166851833 0.0754977477500385 0.0758865356497817 0.0784563149649952 0.0846450283108822 0.0889132596745885 0.0959640006543008 0.102265634865484 0.108739253592432 0.12118654364555 0.126392829892667 0.133723622365921 0.135796395710116 0.138326809852374 0.144625350386603 0.151099759410227 0.165958724379525 0.181900915950601 0.203470019701689
-9999 -9999 -9999 -9999 -9999 -9999 -9999 -9999 -9999 0.374542305675074 0.839734394850938 0.799940605202075 0.678267275386566 0.502349345985732 0.469093083529611 0.392628552335199 0.311625630086328 0.21665792291772 0.134894456356484 0.108209746134998 0.0892540428101663 0.0772251263676554 0.0780075502545609 0.0847352568370053 0.0890394482149822 0.087044055850191 0.0872059246250239 0.10030975674869 0.116644017766019 0.132452459433066 0.133321530516079 0.134751310735618 0.129372286933455 0.125879775115086 0.12252734645158 0.118829156944768 0.118856277078245 0.115604379813184 0.117937549323331 0.120098068025128 0.125464207725967 0.134942106313678 0.140959156671233 0.152739935345183 0.159744092989582 0.168013284018653 0.175151351334537 0.173745878688015 0.176970792850715 0.171489423028652 0.170884867977394 0.174034171219124 0.191287135876619 0.213393330972521 0.244149662735978
-9999 -9999 -9999 -9999 -9999 -9999 -9999 -0.183040896254555 0.00260374240139177 0.604227141629291 0.803481472629482 0.773221725097621 0.681877167352202 0.516091601964072 0.495337317981414 0.481559727257295 0.410318160652146 0.291794217721377 0.18725244399716 0.149500985738391 0.135077283243109 0.124947834563032 0.121647083859959 0.120094460386932 0.125327212996615 0.141015973236782 0.157929752701291 0.182477090965597 0.206583293103085 0.23027738048777 0.240005506989797 0.235174867403321 0.229059065929477 0.218583606021889 0.212088627301713 0.206572530430516 0.199848808800344 0.20023637944429 0.198459731984536 0.199444682044132 0.207064193201795 0.210818636419246 0.222607866491051 0.231026726526426 0.227718698921796 0.213887520810581 0.192984563948538 0.18064618960816 0.169534602335827 0.163697063889913 0.164011984552991 0.167154179174332 0.182745726455909 0.204957228392784 0.235580555401931
-9999 -9999 -9999 -9999 -9999 -9999 -0.12106196903715 -0.0876781516886471 0.290370359606567 0.66490904532084 0.749032500447721 0.738614771769022 0.669984513306541 0.504825970388961 0.476585594513439 0.506514372277582 0.489246182654738 0.362854786767365 0.245979015651103 0.203909434948695 0.194280676199933 0.199086269301788 0.193036183909608 0.188818428806593 0.199422556018791 0.231425094718429 0.274403723072897 0.303707245259226 0.341556806006425 0.373436368918616 0.38449323293326 0.384176505950817 0.373810066385398 0.363931097310994 0.352752341500533 0.331644132746742 0.322427358511814 0.318200117474645 0.317140339373206 0.312856296636117 0.309511061887899 0.298894056232902 0.279318406617322 0.254171086449298 0.22684384032908 0.2032245999681 0.174836181400003 0.165525367712464 0.155743834072731 0.150404684891692 0.149109915971075 0.148501489472276 0.165010313431793 0.185446526002344 0.213089752921439
-9999 -9999 -9999 -9999 -9999 -9999 -0.153445742075856 0.174013877180715 0.456662515118439 0.697662443611954 0.687262038289134 0.664632391323173 0.622259351273565 0.542771846613572 0.504310865758011 0.519986305277187 0.483957827048861 0.398982143842227 0.305093807901516 0.272276183560337 0.274602591771605 0.280312895113487 0.283755314277894 0.291777709817883 0.312320594616482 0.34839035549839 0.397296601265282 0.43990246583939 0.476601872801539 0.506967153620233 0.530733924925753 0.53759884912822 0.530121722058823 0.516641212756909 0.505259403781795 0.490926198673816 0.474278528903449 0.464513191118116 0.449171342110651 0.423690926154181 0.390450616223229 0.34752348528847 0.312598862926852 0.270991747405785 0.234399836667243 0.205082684797368 0.175957222542228 0.160675739520811 0.149198127216961 0.142531131581571 0.140791933278256 0.14198336415157 0.15032315373127 0.164738444688693 0.185443472419355
-9999 -9999 -9999 -9999 -9999 -9999 -9999 0.323764785894834 0.686467464652982 0.701987978215195 0.624953481618568 0.560810706593051 0.582549343164355 0.563726387499944 0.554106456138622 0.550787184324169 0.498877107373997 0.432317557755961 0.351811821043589 0.339138029016601 0.351764955617374 0.36182506564595 0.383810247792106 0.402881563019617 0.433257873898217 0.470041449585571 0.512040360040116 0.554178305298912 0.583784539334535 0.610019644084551 0.631719095309908 0.638508604509442 0.651790359460893 0.643208821027918 0.642388595655753 0.638609286726357 0.618417170002952 0.592852816080223 0.546515917868883 0.500398822782527 0.45557793941168 0.394267543409746 0.351599803603451 0.296938554515542 0.253836758060317 0.221387452272023 0.182045741221 0.166376845071018 0.149371455810865 0.138959322839426 0.133385077627551 0.131424597706221 0.134493295084365 0.141427422789958 0.151735787252566
-9999 -9999 -9999 -9999 -9999 -9999 -9999 0.183779234122136 0.720949072119381 0.64964216338127 0.603980605238722 0.542786419506541 0.542056388798275 0.529908202401519 0.549455798369595 0.555670284872721 0.520673055493135 0.452199331053205 0.378869291699193 0.373557985336156 0.400679330213405 0.436669707994217 0.463266046180703 0.494820009723925 0.524512339493211 0.554446656878243 0.591509704443685 0.613740949285058 0.625314601876305 0.635141807352792 0.652518110540419 0.671017082801249 0.676012258317986 0.679769305818586 0.684356391650877 0.68430617162482 0.671841888162669 0.639538320101712 0.59455313970755 0.549017977941429 0.502651694764144 0.447816130591085 0.394653365308577 0.338949191636958 0.292674245552439 0.255663979416932 0.216698188065467 0.186961691211485 0.161236381132295 0.141956873829538 0.125237343699616 0.114260126839078 0.115132354184439 0.118574259356352 0.12064415843247
-9999 -9999 -9999 -9999 -9999 -9999 -9999 -0.0557423009429894 0.485268309634552 0.62347986687072 0.588463030801603 0.531447717536615 0.519189870368302 0.426520784657883 0.449991365960865 0.500231274822161 0.482937191302852 0.48118146579108 0.395027690448059 0.381213617900541 0.442616589000304 0.50417088512874 0.543507120193133 0.5550503780516 0.576284236227217 0.61007292931165 0.636352325275824 0.640492876503745 0.617323792538037 0.610846097440717 0.631756345426093 0.649919418818185 0.652929471116496 0.64488999998657 0.654755347957497 0.669894121149837 0.667226134236431 0.649232212694285 0.603385244553125 0.568615422809895 0.539404107924966 0.487547863705358 0.443106350245895 0.385023925901979 0.33869217970953 0.301955713014623 0.257834851412218 0.219333439889868 0.178451303268621 0.148009392082075 0.117394002301826 0.0951406350675694 0.0969881097201942 0.0991542432354813 0.0928152670020489
-9999 -9999 -9999 -9999 -9999 -9999 -9999 -9999 -9999 0.273813278098549 0.590900500871616 0.581032910314856 0.482140574674401 0.32294101958306 0.347785417921001 0.437659708489712 0.532507826614777 0.522978866940278 0.391904810209935 0.359943218617492 0.460122739818313 0.566383465144874 0.581823282915006 0.559896293946871 0.561238206636098 0.59480830538118 0.625463501394116 0.609025095281989 0.567376023086488 0.54885377076488 0.557781565957594 0.562923611138821 0.552793010421904 0.53263178691199 0.539842061002211 0.56678365568321 0.584585455654838 0.5769138116603 0.559930799679716 0.544525170039754 0.524771869273535 0.497945401281197 0.458774484956117 0.416252033242023 0.376656712663997 0.339860589010999 0.302305715768088 0.251798954048258 0.204023271802663 0.161843561404884 0.12086010364545 0.0960200279414369 0.0871155694330942 0.0841368688778161 0.0734663380529137
-9999 -9999 -9999 -9999 -9999 -9999 -9999 -9999 -9999 -0.066239711650775 0.612303467315569 0.613127939594248 0.433753005538 0.224091432498058 0.255833137563774 0.371192117004584 0.547980660329465 0.604676513515799 0.427514561273508 0.371863459207994 0.498269515489892 0.606425427019009 0.594010201621401 0.532004228689107 0.512629553909228 0.548998711243286 0.576990696153884 0.547580364179711 0.486686018959394 0.455823714623247 0.463060027696347 0.466245066416547 0.442216879491517 0.402887438155731 0.403365230689735 0.437127415652475 0.462127316347986 0.472788863352699 0.470819225616101 0.475760642926428 0.47883700282513 0.470734094696706 0.453485748217607 0.423201802989649 0.395593954434469 0.369957114844695 0.332876363386651 0.283353813254829 0.225919287976109 0.174316270569903 0.122065441602877 0.0898278347097878 0.071549938535116 0.0631498631959749 0.0505103625907614
-9999 -9999 -9999 -9999 -9999 -9999 -9999 -9999 -9999 -9999 0.54484246950427 0.672228856727571 0.395535485089573 0.151261679310068 0.181778236839574 0.31159149481981 0.556978357805919 0.703825536619893 0.535881433229955 0.416124051151536 0.512662715499778 0.612917229950006 0.577144982129793 0.494889741222416 0.458674734164854 0.486262921955395 0.505798786939261 0.473115863121435 0.410336369591528 0.371613231193827 0.36923512048031 0.36061992916865 0.329039447876832 0.284858836623944 0.282602970473361 0.307314947957544 0.324736274668241 0.339250001061618 0.344265016766299 0.364554209067148 0.387177576691093 0.402896168941946 0.401499301301687 0.393757123190443 0.384834418778231 0.374188682471345 0.34930613962139 0.293502228935652 0.230504328821755 0.173799787064431 0.122080880590506 0.0800112430692697 0.0554798532425262 0.0371515951562582 0.0272138755424754
-9999 -9999 -9999 -9999 -9999 -9999 -9999 -9999 -9999 -9999 -9999 0.657022692113755 0.329231747513441 0.131244174859574 0.154282600058199 0.277211716462232 0.559440268110827 0.819044267318958 0.677585987889793 0.493498752627889 0.54635538805924 0.60618185674864 0.548896378002852 0.45780060087093 0.411299406596332 0.419055380989388 0.423391407571097 0.389014751697318 0.334366790619437 0.295851647898447 0.277398219968156 0.257358064985759 0.22468812536829 0.179048850673256 0.16601353107633 0.179556866213344 0.194964636291108 0.209624988867723 0.216984478894078 0.240837871961436 0.273286182822534 0.29951875044818 0.318408534174335 0.32918877113902 0.340213616300957 0.348733994284784 0.335879227502519 0.284059936883502 0.214765681409637 0.154738374599289 0.0969338584186426 0.0544758895901716 0.0315407326055753 0.0146486894241852 0.0143146467189796
-9999 -9999 -9999 -9999 -9999 -9999 -9999 -9999 -9999 -9999 -9999 -9999 0.27321468910265 0.1286379789776 0.176753118115259 0.295482185157456 0.52839310680867 0.862486270568021 0.849444809410992 0.616488976939318 0.60420524193226 0.594224328052558 0.522915135269247 0.436281474679698 0.376191046030999 0.364840534555077 0.347332443005969 0.317106080364134 0.268475552871906 0.228397827411176 0.205398386555473 0.173653611071667 0.143096578271958 0.100698841398411 0.0806317389324727 0.0791146310714779 0.0735119917839649 0.0923698867933589 0.0970864319671705 0.125262980865601 0.164644093392622 0.189543819265712 0.229455597971478 0.245629879525451 0.270636140981594 0.302116793285924 0.295151503432446 0.25460670158946 0.194342076402542 0.137103619159091 0.0821585015805327 0.0398109456353412 0.0197958476761232 0.00406763251371489 0.00179557370665806
