meets/meet004/_saidas_enm/CCSM_Gower_0k_Cavanillesia_umbellata4.asc
NCOLS 154 
NROWS 168 
XLLCORNER -112 
YLLCORNER -55.5 
CELLSIZE 0.5 
NODATA_value -9999 
[rows 104 to 129 of 168, columns 58 to 115 of 154]
-9999 -9999 -9999 -9999 -9999 -9999 -9999 -9999 -9999 -9999 -9999 -9999 -9999 -9999 -9999 -9999 -9999 -9999 -9999 -9999 -9999 -9999 -9999 -9999 -9999 0.215048352196329 0.236297927689171 0.286595397591109 0 0 0 0 0 0 0.0489894659269655 0.239240486428627 0.411023548461894 0.463657375955577 0.449193180613436 0.443557479372745 0.439940456089737 0.430543639075255 0.409969720947703 0.403702829215104 0.456375801499932 0.514342349661213 0.548152659315472 0.559290028118694 0.550441039186531 0.558059583864948 0.55393446480947 0.54844122150251 0.543195802191475 0.535557894298765 0.546356406851849 0.558613070029365 0.560750944916596 0.555152712752914
-9999 -9999 -9999 -9999 -9999 -9999 -9999 -9999 -9999 -9999 -9999 -9999 -9999 -9999 -9999 -9999 -9999 -9999 -9999 -9999 -9999 -9999 -9999 -9999 -9999 0.273407342607017 0.314024243549374 0.242337978344648 0 0 0 0 0 0 0.077978316624617 0.284959370955407 0.408715468820025 0.437504588878637 0.437203956116456 0.430673649228369 0.418165767205668 0.416127600298533 0.414960275093977 0.421822145593052 0.474011540461171 0.518209963113617 0.547920929419738 0.56581920339036 0.557803712818925 0.557258399439762 0.540834621664079 0.531361986349474 0.530441604994741 0.525524731650909 0.54095922520541 0.559220999517089 0.566466865187933 0.566053196518934
-9999 -9999 -9999 -9999 -9999 -9999 -9999 -9999 -9999 -9999 -9999 -9999 -9999 -9999 -9999 -9999 -9999 -9999 -9999 -9999 -9999 -9999 -9999 -9999 -9999 0.37457961230156 0.434412653950996 0.178403909793859 0 0 0 0 0 0 0.10237568755668 0.239122746157188 0.386832024360644 0.442459937180741 0.448196478017948 0.427062032557145 0.412819256827802 0.417074260301236 0.441385655992921 0.488084322257235 0.507926210296364 0.545971280063659 0.574480569488821 0.589332696240563 0.604068843220182 0.58085767899809 0.550753365318383 0.536673165148012 0.531739569028199 0.537144923459892 0.544886185652273 0.555178739930569 0.564032255328411 0.567274084900691
-9999 -9999 -9999 -9999 -9999 -9999 -9999 -9999 -9999 -9999 -9999 -9999 -9999 -9999 -9999 -9999 -9999 -9999 -9999 -9999 -9999 -9999 -9999 -9999 -9999 0.511445479798212 0.427891213634912 0.119453571474298 0 0 0 0 0 0 0.12141199575299 0.198410019166992 0.375382447132129 0.449469546490172 0.447803932855451 0.424522811046374 0.404759758951155 0.408308885248977 0.435803140723958 0.481335236194663 0.502403167757016 0.535900145398162 0.568683701754231 0.595267800948464 0.612420145380497 0.590235282433507 0.557716201149131 0.542302579630816 0.540974690629813 0.546012395460244 0.548921404069959 0.553655332759264 0.559800135653687 0.564317799871662
-9999 -9999 -9999 -9999 -9999 -9999 -9999 -9999 -9999 -9999 -9999 -9999 -9999 -9999 -9999 -9999 -9999 -9999 -9999 -9999 -9999 -9999 -9999 -9999 -9999 0.559246730177616 0.378288309881565 0.0688441409473133 0 0 0 0 0 0 0.0802206214077454 0.177546579659949 0.377312285366884 0.46338779977736 0.438314951970339 0.414101881172015 0.390896577663061 0.388758954246145 0.401935370102606 0.415239532879341 0.460568943275753 0.493729956575389 0.530059370115179 0.573701654734426 0.593076761911308 0.580536418396103 0.554412887084711 0.544045771857869 0.548091049088175 0.552426397327411 0.551821108278 0.551211921438699 0.554910546839087 0.559714510011259
-9999 -9999 -9999 -9999 -9999 -9999 -9999 -9999 -9999 -9999 -9999 -9999 -9999 -9999 -9999 -9999 -9999 -9999 -9999 -9999 -9999 -9999 -9999 -9999 -9999 0.504128909031104 0.325744593413263 0.05548782876911 0 0 0 0 0 0 0.0916914937514645 0.223465727451652 0.433654113857145 0.495147871949341 0.445918282694668 0.410965291926772 0.388958370206337 0.381746327292928 0.389936212528163 0.404200111764007 0.44198490975476 0.476551264912573 0.51253377515213 0.549763326686256 0.568092620777646 0.566000764958152 0.551614273943501 0.54853061919967 0.5547890866767 0.558169476392821 0.553783331149854 0.547960661729587 0.549978333806009 0.556695357403355
-9999 -9999 -9999 -9999 -9999 -9999 -9999 -9999 -9999 -9999 -9999 -9999 -9999 -9999 -9999 -9999 -9999 -9999 -9999 -9999 -9999 -9999 -9999 -9999 0.537355948916414 0.450070381738021 0.285250447950186 0.0559594767244584 0 0 0 0 0 0.0265854456849184 0.155362290935511 0.319550033953751 0.525991073329918 0.5323487558675 0.453966464407118 0.42333750571426 0.40179316363919 0.393547326258756 0.406976344047138 0.4251283515661 0.454792167188065 0.488359179312078 0.5173166148178 0.53676771798664 0.547852026553291 0.55554475497478 0.552923679876314 0.555900459736056 0.562442459993814 0.566339118267658 0.556557928875934 0.544005410872231 0.544983881869845 0.555703684214177
-9999 -9999 -9999 -9999 -9999 -9999 -9999 -9999 -9999 -9999 -9999 -9999 -9999 -9999 -9999 -9999 -9999 -9999 -9999 -9999 -9999 -9999 -9999 -9999 0.503197312130136 0.370836290183738 0.21845559522652 0.0618355272741464 0 0 0 0 0.00218086322663069 0.157526258568154 0.285343076008859 0.456025882500162 0.618664423489104 0.554081197738565 0.489849895342367 0.45066579078101 0.430229552651195 0.422530788942133 0.433483704268935 0.450211886861531 0.472633105926753 0.494686675390712 0.516239064515879 0.533861349815238 0.54512055598632 0.551678776079427 0.553517778496685 0.558011050094056 0.564961438144187 0.566187984608042 0.557836529695098 0.54664308301152 0.548273239331755 0.518481778114956
-9999 -9999 -9999 -9999 -9999 -9999 -9999 -9999 -9999 -9999 -9999 -9999 -9999 -9999 -9999 -9999 -9999 -9999 -9999 -9999 -9999 -9999 -9999 -9999 0.455145484846252 0.271342454015787 0.132535774954722 0.0487355777831106 0.00518707984504141 0 0 0.0118209769594694 0.136809806163945 0.291490468470513 0.435386276568468 0.612179152034658 0.594685356210689 0.568868909641598 0.524979041066272 0.497357918817121 0.471973499289194 0.464513632379858 0.475972003040816 0.47884756609857 0.496250820753128 0.503453685000022 0.513347910298564 0.531661864700709 0.54869998445716 0.552923428405999 0.554228433608291 0.560387318840382 0.567292819439196 0.568310519806028 0.563891054746257 0.534018362402377 0.503332282534597 0.463303250991308
-9999 -9999 -9999 -9999 -9999 -9999 -9999 -9999 -9999 -9999 -9999 -9999 -9999 -9999 -9999 -9999 -9999 -9999 -9999 -9999 -9999 -9999 -9999 -9999 0.396253522960861 0.14513013989641 0.0111008141543157 0 0.0347908192052122 0.0487064488732614 0.0837241354948338 0.167657250992941 0.278987025320247 0.415556682752721 0.551442101204692 0.618600692471008 0.590099052027052 0.584493931715387 0.581280461907326 0.555490311651474 0.530051826005714 0.52506353509228 0.543561440030214 0.557005546037525 0.539389044555422 0.51458728174851 0.510645233082718 0.524548020945503 0.542807783494658 0.553068401042885 0.55972343720746 0.567222784956329 0.573302737605092 0.560444107839145 0.520250835505115 0.480329498280083 0.44658925849099 0.40217066242607
-9999 -9999 -9999 -9999 -9999 -9999 -9999 -9999 -9999 -9999 -9999 -9999 -9999 -9999 -9999 -9999 -9999 -9999 -9999 -9999 -9999 -9999 -9999 0.618531917120573 0.337965368925859 0.0117123798586726 0 0 0.0605565418878095 0.13167201793621 0.216887371077579 0.316050563851601 0.408031375671304 0.489300972307858 0.518429239625269 0.558483229608005 0.558360183182875 0.541584895153208 0.521558500018657 0.563020721271123 0.576197174445244 0.579038809793075 0.59389349021938 0.582644150296154 0.587133884484565 0.52598580247438 0.505922997763083 0.519049748232232 0.537792459522307 0.553182191360649 0.565145640150291 0.574280739953482 0.547228573211999 0.512736570325414 0.478845186299594 0.428047620640923 0.393987661219245 0.347336168539461
-9999 -9999 -9999 -9999 -9999 -9999 -9999 -9999 -9999 -9999 -9999 -9999 -9999 -9999 -9999 -9999 -9999 -9999 -9999 -9999 -9999 -9999 -9999 0.513691160250686 0.285353247549508 0.0218420289599467 0 0 0.092926820671273 0.2018649135365 0.318655047273933 0.426963439859538 0.502034831865656 0.43784379792788 0.441114707827653 0.491411245454795 0.509120820022711 0.512873800776026 0.512406620485844 0.540274586893649 0.563482578627421 0.573806347000651 0.562336291004983 0.561045170065239 0.602017830544286 0.539021269219002 0.513416184489223 0.519772725389298 0.542212301787551 0.553666020247673 0.563386228087889 0.553921622691099 0.509082409801091 0.466572330909756 0.423320597435215 0.379640180726663 0.346300958991841 0.304363451698237
-9999 -9999 -9999 -9999 -9999 -9999 -9999 -9999 -9999 -9999 -9999 -9999 -9999 -9999 -9999 -9999 -9999 -9999 -9999 -9999 -9999 -9999 -9999 0.462766114140742 0.256289594942584 0.0310372905064487 0 0.0037473905458717 0.119909665157397 0.255022275260434 0.40368197109983 0.512263851848387 0.480937828713004 0.371989683925065 0.402117583417448 0.458076796013713 0.48274696448213 0.494702567839994 0.505009428002245 0.532449750295167 0.558217578070451 0.570301133143527 0.557560876576171 0.543585575558591 0.590934718020334 0.5308530104309 0.511111710517972 0.521601417523621 0.545148343456183 0.552694464683735 0.553831522133762 0.513160656194763 0.461590620131628 0.421749817779955 0.3773332359988 0.330898121167935 0.298232614289934 0.255360665425343
-9999 -9999 -9999 -9999 -9999 -9999 -9999 -9999 -9999 -9999 -9999 -9999 -9999 -9999 -9999 -9999 -9999 -9999 -9999 -9999 -9999 -9999 -9999 0.440064428834058 0.242213756270364 0.0332940033061441 0 0.0113469958632835 0.141712159270812 0.29800572890842 0.463682390492559 0.55158445971616 0.441111628138455 0.375876671650264 0.400979498273001 0.466962402749356 0.493335827920147 0.490349238582941 0.492426637031064 0.528154885385826 0.553974197119319 0.535475286300123 0.546347605390807 0.55359686591091 0.538169287790085 0.516997624722587 0.511399895499536 0.519642715236184 0.535496409806625 0.547341667547982 0.522782411822921 0.483198211169676 0.429441466055484 0.381390548184904 0.33559583895608 0.29168247138124 0.261414374560515 0.224074191124364
-9999 -9999 -9999 -9999 -9999 -9999 -9999 -9999 -9999 -9999 -9999 -9999 -9999 -9999 -9999 -9999 -9999 -9999 -9999 -9999 -9999 -9999 -9999 0.437599775514573 0.233512837776448 0.0212943064730505 0 0.0214740290187702 0.151077457293496 0.330259972353455 0.509355635325457 0.502173856812718 0.414263737627566 0.360710042266501 0.398794598773059 0.475398824899351 0.502645531690628 0.487145239616467 0.482757237825509 0.526586105359999 0.51836461735765 0.484870028684502 0.482390405638505 0.47562472253511 0.492259232435182 0.498210528921827 0.505004879641189 0.515236326632818 0.526088276627946 0.54120013376766 0.501477504943291 0.45433002301731 0.391433365165476 0.349270360102816 0.302556136518229 0.259413153964447 0.229495238954128 0.188164808223535
-9999 -9999 -9999 -9999 -9999 -9999 -9999 -9999 -9999 -9999 -9999 -9999 -9999 -9999 -9999 -9999 -9999 -9999 -9999 -9999 -9999 -9999 -9999 0.40231704572993 0.208291585323822 0.0100916246902707 0 0.0322587250854623 0.188117694216171 0.354392311808603 0.516259601818203 0.462505389080101 0.393162267187962 0.356951561572373 0.398586299794592 0.46117412343143 0.489254870679443 0.488487323512204 0.491820509771674 0.529686776241947 0.478533353939351 0.440393102657639 0.445330973772815 0.460839525335232 0.47227664675453 0.483089996056228 0.495968293853663 0.507720633313442 0.519923356108283 0.534707798897214 0.487183324451725 0.440751079573357 0.380583750255138 0.32667813485624 0.279046152149656 0.236367136181677 0.20862392427508 0.174973629242369
-9999 -9999 -9999 -9999 -9999 -9999 -9999 -9999 -9999 -9999 -9999 -9999 -9999 -9999 -9999 -9999 -9999 -9999 -9999 -9999 -9999 -9999 -9999 0.385949344641131 0.188707978848041 0 0 0.0350984402895655 0.197683288844687 0.359368761565291 0.511818883969116 0.452745714026507 0.406009330662316 0.375551204496409 0.416083273999955 0.468021310264575 0.468103645634871 0.489723493910903 0.500357786536811 0.534714085655102 0.449063170460322 0.415356089370576 0.431712976042335 0.45124706441529 0.464968667915757 0.475966344958718 0.489001685968182 0.499852630082048 0.513513880706795 0.53040753076699 0.485597028999858 0.433984176732451 0.366678073662633 0.318997699921604 0.272003315926854 0.226577306564699 0.1962764433195 0.161349753916108
-9999 -9999 -9999 -9999 -9999 -9999 -9999 -9999 -9999 -9999 -9999 -9999 -9999 -9999 -9999 -9999 -9999 -9999 -9999 -9999 -9999 -9999 -9999 0.37306189034878 0.166376003167004 0 0 0.0156519942145306 0.18226122790927 0.344130617920916 0.486100721599969 0.482219428299594 0.452174711652067 0.450445186195776 0.463616456951131 0.454582562177602 0.447326346343332 0.452851756150726 0.475500447081905 0.517820938535537 0.443434636123623 0.413071230083934 0.426245634177871 0.448540615144711 0.459808622776836 0.467533413663551 0.479678549756143 0.492000218010216 0.507347954305869 0.525100375493501 0.490560309514324 0.438613546125835 0.375816167485962 0.318801924275837 0.269041096497955 0.226185381227224 0.19582818666324 0.164513658916649
-9999 -9999 -9999 -9999 -9999 -9999 -9999 -9999 -9999 -9999 -9999 -9999 -9999 -9999 -9999 -9999 -9999 -9999 -9999 -9999 -9999 -9999 -9999 0.361997650937945 0.153605521442708 0 0 0 0.157293085886886 0.317715105289709 0.456076141011746 0.503640890247307 0.485449624291685 0.46238027820556 0.44262065661672 0.426585251928469 0.422533307913921 0.426835986563409 0.446995371062602 0.501663778916496 0.44616686110154 0.416046501121784 0.430969378319398 0.449603580168334 0.457055651497889 0.460448111789154 0.469589057757614 0.481976988439821 0.497722173569124 0.516638902317525 0.501555475283485 0.451958482100999 0.386156438782606 0.333150999873426 0.287302991880101 0.236610116425257 0.2018902744275 0.167768008225839
-9999 -9999 -9999 -9999 -9999 -9999 -9999 -9999 -9999 -9999 -9999 -9999 -9999 -9999 -9999 -9999 -9999 -9999 -9999 -9999 -9999 -9999 -9999 0.347548702553294 0.136101945374116 0 0 0 0.126503262566451 0.285000943283056 0.423225296568085 0.490779872652978 0.471159288845678 0.430800041343746 0.418358499756295 0.401934477243674 0.404375072275947 0.422671608299083 0.443094173772554 0.490676996509341 0.455755047026118 0.425127848625469 0.437917628871847 0.455709027958381 0.457780766152636 0.454387928655897 0.462907617209911 0.476144888882723 0.488656794430473 0.513331187522583 0.519232166825459 0.470639273078644 0.404967829291797 0.356987975204034 0.305897114867464 0.252414230735174 0.218450410394321 0.177094843776461
-9999 -9999 -9999 -9999 -9999 -9999 -9999 -9999 -9999 -9999 -9999 -9999 -9999 -9999 -9999 -9999 -9999 -9999 -9999 -9999 -9999 -9999 0.360899863109782 0.322693084764081 0.112622488608488 0 0 0 0.0808354243331446 0.245075388858092 0.3951289023326 0.466830302661411 0.465082137682697 0.428510262568596 0.420104463894767 0.411878198450946 0.420300893551922 0.444277271335919 0.466468177013069 0.499014399039738 0.47421787185504 0.442720334692442 0.449824371105344 0.463324177787539 0.462000060841268 0.460267178897152 0.471656143751031 0.491073424162437 0.509419315294651 0.518561559319743 0.511014823920286 0.495468801881359 0.438205280854167 0.381638120228827 0.329691673388309 0.275191384295215 0.238128892566013 0.195725548456899
-9999 -9999 -9999 -9999 -9999 -9999 -9999 -9999 -9999 -9999 -9999 -9999 -9999 -9999 -9999 -9999 -9999 -9999 -9999 -9999 -9999 -9999 0.400131603842507 0.299765129203555 0.0821787478456047 0 0 0 0.0227993944169058 0.205447769447944 0.376354260000578 0.4320457970049 0.463057473356163 0.44665041972485 0.43717249755237 0.441784804967633 0.455723096427377 0.477245914558791 0.476078624062615 0.500011061197754 0.495947924758107 0.46526364259584 0.46485726656599 0.471743152480195 0.469024632634472 0.471999652202006 0.487119682126973 0.505497544755204 0.514921371132074 0.507527786299192 0.506193823396854 0.512986067910967 0.455960769346952 0.411215213851143 0.358942589675794 0.298450757883001 0.257621773141546 0.202196767671942
-9999 -9999 -9999 -9999 -9999 -9999 -9999 -9999 -9999 -9999 -9999 -9999 -9999 -9999 -9999 -9999 -9999 -9999 -9999 -9999 -9999 -9999 0.38235888863881 0.24360975220476 0.0392842363543912 0 0 0 0.00617746277991194 0.184347621427833 0.355088402887466 0.422648602784945 0.446663012034024 0.445414546901385 0.44544597564653 0.454199159299882 0.469217342045477 0.475623550815053 0.465798416747749 0.48749286387307 0.498186954994836 0.477526844001559 0.472121866775339 0.476429930485344 0.473112255690004 0.471624684123816 0.473690808006604 0.48045200825007 0.488811988431847 0.485284096013019 -9999 -9999 -9999 0.242466635391123 0.190136626535617 0.216114714826947 0.181422855929347 -9999
-9999 -9999 -9999 -9999 -9999 -9999 -9999 -9999 -9999 -9999 -9999 -9999 -9999 -9999 -9999 -9999 -9999 -9999 -9999 -9999 -9999 0.460985422475131 0.334137319954157 0.180817720743275 0 0 0 0 0.000586408918578085 0.173686016215625 0.341808089280803 0.426816220323743 0.440860021095006 0.431986824136078 0.437926300707494 0.447631385956055 0.463790776658259 0.450130777925859 0.446585355729867 0.474168388413845 0.474733210107348 0.461625673964513 0.454407339970156 0.452474263545877 0.443586325671085 0.443221279405574 0.444338599108525 0.445442220884942 0.452969127216665 0.452030714950126 0.455556519053063 -9999 -9999 -9999 -9999 -9999 -9999 -9999
-9999 -9999 -9999 -9999 -9999 -9999 -9999 -9999 -9999 -9999 -9999 -9999 -9999 -9999 -9999 -9999 -9999 -9999 -9999 -9999 -9999 0.414397504411325 0.263202691243891 0.0933362515376234 0 0 0 0 0.00863404797801404 0.170342766798061 0.327651664636914 0.417702459467705 0.42601258125366 0.413829214291702 0.422147679992297 0.434628020782826 0.436868096395679 0.415424500483378 0.416433518653265 0.455040502436461 0.442798868726911 0.42606118455644 0.4171320138368 0.411811377601202 0.405129362159425 0.401584171894028 0.401678110466353 0.404863538945511 0.411629271664179 0.414931028219947 0.427914576595905 -9999 -9999 -9999 -9999 -9999 -9999 -9999
-9999 -9999 -9999 -9999 -9999 -9999 -9999 -9999 -9999 -9999 -9999 -9999 -9999 -9999 -9999 -9999 -9999 -9999 -9999 -9999 0.433953730513484 0.360005124121854 0.18173704893446 0 0 0 0 0 0.00575056870789969 0.166561240409249 0.323236829868137 0.407311365370472 0.406151839365966 0.392883346305043 0.405517076059709 0.417889371728572 0.400864709857448 0.380713323535356 0.370795884403313 0.433171349471378 0.409118587748928 0.387151702740791 0.377713553228096 0.367561512285306 0.363114970640896 0.356341867464297 0.35632010375361 0.362654734215865 0.36894354268022 0.381233642216951 0.398046143488697 0.443681237700117 -9999 -9999 -9999 -9999 -9999 -9999
