meets/meet004/_saidas_enm/CCSM_Maxent_21k_Cavanillesia_umbellata5.asc
NCOLS 154 
NROWS 168 
XLLCORNER -112 
YLLCORNER -55.5 
CELLSIZE 0.5 
NODATA_value -9999 
[rows 50 to 74 of 168, columns 56 to 111 of 154]
-9999 -9999 -9999 -9999 -9999 -9999 -9999 -9999 -9999 -9999 -9999 -9999 -9999 0.00069504213752225 0.00928750541061163 0.117668345570564 0.130918934941292 0.116253256797791 0.342113733291626 0.348611772060394 0.352980583906174 0.387800455093384 0.395907372236252 0.405314236879349 0.388245820999146 0.361193090677261 0.369709104299545 0.36590713262558 0.384355902671814 0.359621942043304 0.142213553190231 0.373778641223907 0.401382505893707 0.355160266160965 0.318724781274796 0.154716566205025 0.275964051485062 0.285707831382751 0.291118323802948 0.313430637121201 0.346544235944748 0.344673573970795 0.360491096973419 0.392548978328705 0.443076997995377 0.183041855692863 0.181168779730797 0.18556734919548 0.452633798122406 0.437069654464722 0.478818327188492 0.47848916053772 0.48199474811554 0.487555056810379 0.494763106107712 0.497143656015396
-9999 -9999 -9999 -9999 -9999 -9999 -9999 -9999 -9999 -9999 -9999 -9999 -9999 0.00185873289592564 0.0287655163556337 0.0823276564478874 0.116685196757317 0.318960726261139 0.358727812767029 0.378342598676682 0.399312198162079 0.436381459236145 0.455303013324738 0.468787044286728 0.464943617582321 0.447042793035507 0.450152456760406 0.419766277074814 0.170267134904861 0.170061945915222 0.17245988547802 0.186532974243164 0.449018746614456 0.448569923639297 0.38116380572319 0.332746714353561 0.308847159147263 0.308531075716019 0.308021306991577 0.317536175251007 0.338967591524124 0.353195548057556 0.358184009790421 0.378758281469345 0.413857281208038 0.435100495815277 0.443617403507233 0.450819998979568 0.457547098398209 0.459650993347168 0.467757970094681 0.474070489406586 0.481649100780487 0.487739771604538 0.495508998632431 0.500750660896301
-9999 -9999 -9999 -9999 -9999 -9999 -9999 -9999 -9999 -9999 -9999 0.00252799945883453 0.00524999899789691 0.00865984335541725 0.0225627291947603 0.0573856756091118 0.0851172804832458 0.308892220258713 0.372306525707245 0.370470553636551 0.41187646985054 0.430472701787949 0.482515126466751 0.492319196462631 0.436023443937302 0.17558890581131 0.162702307105064 0.151777371764183 0.132794037461281 0.111444443464279 0.11706580966711 0.145562246441841 0.182979196310043 0.451731294393539 0.442952960729599 0.38735967874527 0.351825624704361 0.346247583627701 0.334909558296204 0.333576798439026 0.336103469133377 0.3454929292202 0.351312667131424 0.366580635309219 0.378821820020676 0.399229735136032 0.414133131504059 0.426013857126236 0.439858257770538 0.452996551990509 0.462411940097809 0.476469486951828 0.486000180244446 0.492889910936356 0.502404987812042 0.506427943706512
-9999 -9999 -9999 -9999 -9999 -9999 -9999 -9999 -9999 -9999 0.00526197766885161 0.0150544196367264 0.0281322002410889 0.0214785523712635 0.0112469010055065 0.0218136422336102 0.0564408004283905 0.115469045937061 0.145886242389679 0.161635279655457 0.172980427742004 0.17697699368 0.177554056048393 0.176483258605003 0.158313453197479 0.144470930099487 0.120583936572075 0.0922030955553055 0.0693684294819832 0.0574351288378239 0.0610045865178108 0.10121276974678 0.150096192955971 0.441391468048096 0.466949582099915 0.433019280433655 0.405883520841599 0.387283265590668 0.373883128166199 0.365119785070419 0.364204794168472 0.363287299871445 0.367888480424881 0.37871190905571 0.393853276968002 0.410597234964371 0.423428624868393 0.438414126634598 0.452176034450531 0.466443777084351 0.478595614433289 0.487713307142258 0.496369510889053 0.502072989940643 0.508799910545349 0.512204885482788
-9999 -9999 -9999 -9999 -9999 -9999 -9999 -9999 -9999 -9999 0.0286870878189802 0.0487063825130463 0.0526621825993061 0.0251766107976437 0.00978612154722214 0.00885850749909878 0.0340377725660801 0.0998806729912758 0.140684828162193 0.158488780260086 0.166811496019363 0.157817468047142 0.15303660929203 0.13235530257225 0.107935100793839 0.0888838022947311 0.0590384714305401 0.0382021628320217 0.0253942720592022 0.0197860691696405 0.0240614898502827 0.050166979432106 0.110980950295925 0.161782652139664 0.473276078701019 0.462257295846939 0.448365896940231 0.436414748430252 0.420257836580276 0.408895194530487 0.404978185892105 0.401223391294479 0.406142115592957 0.418847352266312 0.431654721498489 0.438603043556213 0.454733043909073 0.469459444284439 0.48098611831665 0.456329762935638 0.460789293050766 0.467730700969696 0.470954030752182 0.473427265882492 0.477405518293381 0.477350831031799
-9999 -9999 -9999 -9999 -9999 -9999 -9999 -9999 0.00601250492036343 0.0206530541181564 0.0589379444718361 0.0628432482481003 0.0596669688820839 0.0334769785404205 0.014004242606461 0.00679047126322985 0.0208106227219105 0.0709094181656837 0.109729751944542 0.120193287730217 0.124915614724159 0.121216155588627 0.110408455133438 0.0909594744443893 0.0678581595420837 0.0435850992798805 0.0262167975306511 0.0137394368648529 0.00864817388355732 0.00871788430958986 0.0118133509531617 0.0339556783437729 0.0775468945503235 0.136474207043648 0.437784910202026 0.486417770385742 0.483333557844162 0.479113608598709 0.473428338766098 0.462276577949524 0.454863488674164 0.456466883420944 0.461883187294006 0.467905610799789 0.475077629089355 0.48370572924614 0.458918064832687 0.198154121637344 0.20103408396244 0.202463656663895 0.201545715332031 0.20226739346981 0.189788684248924 0.189330697059631 0.20126274228096 0.198060020804405
-9999 -9999 -9999 -9999 -9999 -9999 -9999 -9999 0.0231227539479733 0.0541816838085651 0.259792327880859 0.0808420032262802 0.0727328360080719 0.0397149622440338 0.022412670776248 0.0152988126501441 0.0185055136680603 0.0414593778550625 0.0661608949303627 0.0723578929901123 0.06973896920681 0.0656971707940102 0.0657911598682404 0.0483336336910725 0.0269288718700409 0.0143379457294941 0.00820004194974899 0.0044922879897058 0.00392632558941841 0.00417057378217578 0.00521769095212221 0.0186228323727846 0.0576871149241924 0.112104371190071 0.163628742098808 0.454422414302826 0.502596914768219 0.505265593528748 0.503207147121429 0.506516337394714 0.504548370838165 0.507713377475739 0.510812699794769 0.481721729040146 0.484574258327484 0.209480151534081 0.211695909500122 0.210180625319481 0.197711244225502 0.204602986574173 0.200761929154396 0.199531614780426 0.187066748738289 0.185876861214638 0.195373892784119 0.191394805908203
-9999 -9999 -9999 -9999 -9999 -9999 -9999 0.0278050396591425 0.0521749928593636 0.253022313117981 0.300619661808014 0.272895038127899 0.0839620977640152 0.0551630184054375 0.0353796258568764 0.0265303123742342 0.0342039726674557 0.0448557399213314 0.0557596310973167 0.0387942753732204 0.0294410362839699 0.0268452223390341 0.0249198190867901 0.0183270312845707 0.00953602977097034 0.0070939245633781 0.00673085497692227 0.00687025021761656 0.00623587938025594 0.00514366384595633 0.00442793127149343 0.013633263297379 0.0423247590661049 0.0894360542297363 0.149555802345276 0.185103267431259 0.473421037197113 0.485563427209854 0.48863872885704 0.48734712600708 0.211866930127144 0.214289024472237 0.214412540197372 0.21714061498642 0.217274934053421 0.218379810452461 0.202583119273186 0.192688569426537 0.183582648634911 0.176878288388252 0.184058427810669 0.182268664240837 0.17938432097435 0.181830286979675 0.18411785364151 0.182677999138832
-9999 -9999 -9999 -9999 -9999 -9999 -9999 0.172740235924721 0.244375944137573 0.335219383239746 0.326582700014114 0.297458380460739 0.0938435792922974 0.074540302157402 0.0596360974013805 0.0541979931294918 0.067268393933773 0.0747964605689049 0.0795218572020531 0.0686741769313812 0.0511155501008034 0.0386838018894196 0.0279129594564438 0.0288097746670246 0.0298595651984215 0.0255208499729633 0.0254006832838058 0.0210807640105486 0.0225491728633642 0.0242911390960217 0.0214902553707361 0.0193634834140539 0.0352007746696472 0.0744350776076317 0.124296136200428 0.168249726295471 0.19450369477272 0.211668506264687 0.216345086693764 0.217332109808922 0.219631969928741 0.219455450773239 0.221632301807404 0.210458934307098 0.202979728579521 0.192347288131714 0.176908493041992 0.157679408788681 0.138581693172455 0.127245739102364 0.126629739999771 0.124167114496231 0.129212662577629 0.134400770068169 0.138415336608887 0.142833426594734
-9999 -9999 -9999 -9999 -9999 -9999 0.243853598833084 0.300030469894409 0.351514756679535 0.363461792469025 0.310528427362442 0.313506186008453 0.104313164949417 0.0900044664740562 0.0816023722290993 0.079804040491581 0.097020111978054 0.104708455502987 0.111969336867332 0.0972307771444321 0.0739100649952888 0.0659161582589149 0.0572134293615818 0.0569056384265423 0.0551311150193214 0.0548667050898075 0.0521791651844978 0.05312480032444 0.0524611622095108 0.0464528650045395 0.0462044104933739 0.0394459962844849 0.0348056070506573 0.0628516003489494 0.109653472900391 0.147379472851753 0.174436658620834 0.197031229734421 0.20554555952549 0.211296513676643 0.201861053705215 0.200337871909142 0.1916863322258 0.179440885782242 0.163826033473015 0.142143025994301 0.118869937956333 0.0875024423003197 0.0660436376929283 0.0534804984927177 0.0635298639535904 0.0679709762334824 0.0788556411862373 0.0840539485216141 0.0830482915043831 0.0937893465161324
-9999 -9999 -9999 -9999 -9999 -9999 0.338349968194962 0.38125941157341 0.392446905374527 0.383806943893433 0.334547609090805 0.33684229850769 0.117796324193478 0.110570587217808 0.107725635170937 0.115322761237621 0.122630409896374 0.129385024309158 0.135595247149467 0.129414781928062 0.11237969994545 0.103215865790844 0.0936095044016838 0.0968972593545914 0.0999873578548431 0.0973865762352943 0.0985405668616295 0.0949788093566895 0.094264805316925 0.0920669659972191 0.0844759196043015 0.0790823251008987 0.0690794140100479 0.0644677504897118 0.079902283847332 0.114163123071194 0.140858933329582 0.162545934319496 0.159633025527 0.160542026162148 0.157437026500702 0.146488904953003 0.131967529654503 0.112386934459209 0.0883248746395111 0.0880777761340141 0.0992207825183868 0.100598059594631 0.0969105586409569 0.102756433188915 0.107122309505939 0.121710076928139 0.125636503100395 0.126933678984642 0.127996385097504 0.126057967543602
-9999 -9999 -9999 -9999 -9999 -9999 0.388731747865677 0.411589026451111 0.408232182264328 0.405440926551819 0.360714584589005 0.354135006666183 0.13220876455307 0.127097472548485 0.126698657870293 0.137807905673981 0.146459668874741 0.151541516184807 0.157722800970078 0.150022014975548 0.134086176753044 0.130747064948082 0.124637804925442 0.127498432993889 0.128710836172104 0.13049852848053 0.12795689702034 0.128517121076584 0.126777783036232 0.120139874517918 0.119209468364716 0.1085170134902 0.102778106927872 0.0968509241938591 0.0886381044983864 0.0885302945971489 0.0967534407973289 0.103023782372475 0.1047098711133 0.104297399520874 0.0917747691273689 0.0908340364694595 0.103204503655434 0.108603566884995 0.120567843317986 0.129012122750282 0.131113395094872 0.139670684933662 0.138062849640846 0.140277624130249 0.150363981723785 0.151080712676048 0.158315122127533 0.161513432860374 0.158376723527908 0.161304444074631
-9999 -9999 -9999 -9999 -9999 -9999 -9999 0.420561820268631 0.404649823904037 0.413305759429932 0.378424078226089 0.363971292972565 0.150342836976051 0.143018662929535 0.155342325568199 0.161653697490692 0.169610872864723 0.173226431012154 0.177419573068619 0.173606798052788 0.164144515991211 0.159966841340065 0.154885083436966 0.158475920557976 0.163269236683846 0.16231170296669 0.163890108466148 0.16134424507618 0.160645976662636 0.159072920680046 0.153241738677025 0.149085268378258 0.140237510204315 0.137287437915802 0.134191408753395 0.128094553947449 0.127340868115425 0.123938538134098 0.117675483226776 0.123606190085411 0.125479772686958 0.136029899120331 0.142265543341637 0.146999061107635 0.157623246312141 0.161978259682655 0.169540703296661 0.172750651836395 0.171380162239075 0.173880100250244 0.184170961380005 0.186429858207703 0.187177643179893 0.187549248337746 0.188462883234024 0.188104256987572
-9999 -9999 -9999 -9999 -9999 -9999 -9999 -9999 0.389896631240845 0.412821561098099 0.359629660844803 0.363411992788315 0.158865436911583 0.161086440086365 0.166297659277916 0.174489572644234 0.183343976736069 0.184296473860741 0.189745023846626 0.185058534145355 0.178876012563705 0.177665770053864 0.177900239825249 0.180248752236366 0.182467117905617 0.184968248009682 0.181893274188042 0.181603372097015 0.180606886744499 0.177822813391685 0.177236631512642 0.170903429389 0.165922030806541 0.16221909224987 0.156700983643532 0.154523551464081 0.151204228401184 0.150499954819679 0.150819674134254 0.144985675811768 0.150180488824844 0.154189601540565 0.161790937185287 0.165860220789909 0.172080397605896 0.433900982141495 0.180168300867081 0.185687199234962 0.186528861522675 0.197825774550438 0.199874207377434 0.200387015938759 0.202512264251709 0.476447522640228 0.474973231554031 0.473876178264618
-9999 -9999 -9999 -9999 -9999 -9999 0.39933443069458 0.386101603507996 0.382422208786011 0.411874026060104 0.384602040052414 0.1410241574049 0.161999702453613 0.167987540364265 0.175351962447166 0.175363123416901 0.179746776819229 0.189612001180649 0.197185605764389 0.198437362909317 0.195228651165962 0.194997608661652 0.194982945919037 0.197295725345612 0.200223654508591 0.200686499476433 0.200893819332123 0.199169650673866 0.197571665048599 0.197400227189064 0.195188969373703 0.192819476127625 0.188233211636543 0.186530724167824 0.184061765670776 0.179849892854691 0.178134605288506 0.175159990787506 0.175340011715889 0.178296819329262 0.179842069745064 0.185464233160019 0.188715621829033 0.457548439502716 0.46357735991478 0.466961264610291 0.472596615552902 0.203586220741272 0.205265402793884 0.480275213718414 0.479039222002029 0.47873792052269 0.479040116071701 0.4793621301651 0.479643642902374 0.479806333780289
-9999 -9999 -9999 -9999 -9999 0.388132065534592 0.366226583719254 0.345004886388779 0.392760932445526 0.376507550477982 0.350958943367004 0.140452042222023 0.162649229168892 0.169344678521156 0.162342950701714 0.409038990736008 0.173705369234085 0.189390420913696 0.199875444173813 0.194801986217499 0.197622075676918 0.200523629784584 0.20403727889061 0.206180244684219 0.207298994064331 0.208191260695457 0.207973390817642 0.208695217967033 0.208544015884399 0.206149756908417 0.205922290682793 0.204259619116783 0.202127024531364 0.201154962182045 0.197266012430191 0.196409106254578 0.193734034895897 0.190944388508797 0.190400883555412 0.190865144133568 0.192636623978615 0.463579267263412 0.468967258930206 0.470883250236511 0.508062899112701 0.509262084960938 0.510866284370422 0.47478923201561 0.473674416542053 0.504220843315125 0.499946564435959 0.502105057239532 0.500173509120941 0.500186443328857 0.464895576238632 0.464974761009216
-9999 -9999 -9999 -9999 -9999 0.38844633102417 0.358052223920822 0.38714411854744 0.404303431510925 0.373546212911606 0.136655107140541 0.364540278911591 0.377731382846832 0.385288715362549 0.38676843047142 0.399336814880371 0.167712166905403 0.179399356245995 0.189942538738251 0.191972732543945 0.189893111586571 0.191021263599396 0.195469483733177 0.198814302682877 0.200883314013481 0.202551007270813 0.203478813171387 0.204268008470535 0.204531043767929 0.204827427864075 0.48051643371582 0.48153167963028 0.20773284137249 0.208503410220146 0.207394301891327 0.205388814210892 0.203103587031364 0.472192525863647 0.471269845962524 0.47151181101799 0.471657335758209 0.473810762166977 0.474944591522217 0.511411011219025 0.510236501693726 0.507450461387634 0.503734707832336 0.499403476715088 0.495733380317688 0.489080250263214 0.483973801136017 0.480407863855362 0.478321969509125 0.478377044200897 0.477014243602753 0.47554937005043
-9999 -9999 -9999 -9999 -9999 -9999 0.405187517404556 0.403931796550751 0.418677181005478 0.371175438165665 0.135051041841507 0.133075803518295 0.351606875658035 0.358065456151962 0.372350752353668 0.385629057884216 0.16342294216156 0.172969877719879 0.182047814130783 0.183794066309929 0.177424639463425 0.181853532791138 0.182867094874382 0.186393171548843 0.456345081329346 0.458856552839279 0.461823731660843 0.462065547704697 0.465271949768066 0.469079613685608 0.470686018466949 0.476387351751328 0.479513496160507 0.485216915607452 0.490846008062363 0.489998579025269 0.487780839204788 0.483509421348572 0.482116162776947 0.516732513904572 0.515120387077332 0.514624357223511 0.512195467948914 0.509778618812561 0.505406677722931 0.500017940998077 0.493975013494492 0.486033946275711 0.480430513620377 0.47146412730217 0.465692758560181 0.459942877292633 0.454207420349121 0.45041298866272 0.444078594446182 0.439713537693024
-9999 -9999 -9999 -9999 -9999 -9999 0.426915943622589 0.430021524429321 0.429968178272247 0.352630466222763 0.120286226272583 0.124698907136917 0.133486717939377 0.13780389726162 0.141716092824936 0.149950310587883 0.159773901104927 0.166001632809639 0.17344331741333 0.176813125610352 0.428418666124344 0.424820691347122 0.422061622142792 0.427792638540268 0.472117245197296 0.478164225816727 0.479344129562378 0.478523761034012 0.481810390949249 0.488189399242401 0.495664983987808 0.499650418758392 0.503895819187164 0.509945094585419 0.515884160995483 0.521606206893921 0.52233475446701 0.522278845310211 0.520452201366425 0.518328070640564 0.516060769557953 0.513005018234253 0.509330928325653 0.505618929862976 0.499902248382568 0.493604689836502 0.485079824924469 0.475974380970001 0.468612879514694 0.456472545862198 0.443498969078064 0.434233844280243 0.426097065210342 0.418232917785645 0.406053066253662 0.393529981374741
-9999 -9999 -9999 -9999 -9999 -9999 0.443518966436386 0.414503931999207 0.4095099568367 0.348470151424408 0.294011235237122 0.302708148956299 0.118699140846729 0.122937835752964 0.134822145104408 0.147997558116913 0.160818174481392 0.167680233716965 0.177733212709427 0.1771090477705 0.419897556304932 0.413976907730103 0.438661217689514 0.443654924631119 0.456692546606064 0.463253378868103 0.464510023593903 0.461182534694672 0.464719295501709 0.473542124032974 0.480919599533081 0.485427349805832 0.488659590482712 0.494191974401474 0.500508666038513 0.506524682044983 0.508269369602203 0.508231043815613 0.510107517242432 0.511759519577026 0.512723207473755 0.508469700813293 0.504506945610046 0.500333964824677 0.49253585934639 0.487388372421265 0.477932780981064 0.465078562498093 0.45115265250206 0.431234776973724 0.416475594043732 0.407617151737213 0.398315638303757 0.38570973277092 0.365812122821808 0.349749803543091
-9999 -9999 -9999 -9999 -9999 -9999 -9999 -9999 0.151535242795944 0.362178236246109 0.271806657314301 0.278614372014999 0.103897966444492 0.0986043363809586 0.114665374159813 0.133833020925522 0.154147908091545 0.180132895708084 0.191844910383224 0.178103119134903 0.413602948188782 0.432071715593338 0.420597016811371 0.426718175411224 0.43968454003334 0.447771191596985 0.448862195014954 0.447364687919617 0.450576692819595 0.45722571015358 0.463611096143723 0.467011243104935 0.468891680240631 0.473811507225037 0.479795515537262 0.485628694295883 0.487767249345779 0.489602267742157 0.492326527833939 0.494250118732452 0.496299415826797 0.494926899671555 0.492877960205078 0.490252435207367 0.485839158296585 0.478930741548538 0.466912299394608 0.452070325613022 0.436731070280075 0.418137639760971 0.401499330997467 0.387271344661713 0.374386757612228 0.359006404876709 0.335307896137238 0.313507229089737
-9999 -9999 -9999 -9999 -9999 -9999 -9999 -9999 0.140868902206421 0.132444158196449 0.280956447124481 0.26718857884407 0.0881114900112152 0.0850572362542152 0.0974874421954155 0.117946855723858 0.147072553634644 0.183400943875313 0.199843764305115 0.181305259466171 0.405295550823212 0.42609378695488 0.41029566526413 0.414089977741241 0.427886039018631 0.435263186693192 0.438440471887589 0.435994386672974 0.439628720283508 0.446289479732513 0.449790000915527 0.452997028827667 0.452669590711594 0.455519467592239 0.46049901843071 0.464300453662872 0.466856569051743 0.469007164239883 0.471818000078201 0.473861366510391 0.476883262395859 0.476068377494812 0.474378228187561 0.472946226596832 0.46970522403717 0.464755117893219 0.453107267618179 0.43742036819458 0.421413153409958 0.400688976049423 0.384427398443222 0.366142511367798 0.349140137434006 0.329712808132172 0.303253144025803 0.28232479095459
-9999 -9999 -9999 -9999 -9999 -9999 -9999 -9999 -9999 0.118947014212608 0.299550771713257 0.28058198094368 0.083222821354866 0.225658342242241 0.238924503326416 0.107224091887474 0.134167373180389 0.173510640859604 0.189192831516266 0.17339052259922 0.398133665323257 0.414566397666931 0.406686395406723 0.410923153162003 0.416110992431641 0.423468917608261 0.425449162721634 0.426970064640045 0.43090283870697 0.435228288173676 0.439520210027695 0.44112965464592 0.441281735897064 0.442326813936234 0.443892419338226 0.445488184690475 0.446656495332718 0.447558283805847 0.450421780347824 0.453880816698074 0.456731021404266 0.456973344087601 0.456087023019791 0.455743491649628 0.45658403635025 0.453025639057159 0.440320998430252 0.423308730125427 0.404961884021759 0.384821653366089 0.363505035638809 0.342905879020691 0.320262432098389 0.300954550504684 0.280246317386627 0.259901851415634
-9999 -9999 -9999 -9999 -9999 -9999 -9999 -9999 -9999 -9999 0.272368788719177 0.0907396674156189 0.079780101776123 0.219235777854919 0.251985311508179 0.0992792025208473 0.12350258231163 0.156163513660431 0.170790076255798 0.162983745336533 0.389783143997192 0.415345311164856 0.404366165399551 0.406939655542374 0.412443220615387 0.416582852602005 0.418864488601685 0.419431209564209 0.423432886600494 0.42855978012085 0.431456178426743 0.433163285255432 0.431303769350052 0.430807709693909 0.430542021989822 0.429007291793823 0.429043501615524 0.42870306968689 0.4303859770298 0.432693839073181 0.434910148382187 0.436360150575638 0.437473475933075 0.439042598009109 0.440315723419189 0.437879770994186 0.425749570131302 0.407703429460526 0.388918101787567 0.365870624780655 0.344011068344116 0.323525905609131 0.299743950366974 0.280026972293854 0.259624570608139 0.241739436984062
-9999 -9999 -9999 -9999 -9999 -9999 -9999 -9999 -9999 -9999 -9999 0.0829017534852028 0.0793876200914383 0.232253149151802 0.265760868787766 0.275152891874313 0.316128671169281 0.135966211557388 0.0797834992408752 0.153638362884521 0.38235542178154 0.414158403873444 0.250617533922195 0.250956863164902 0.408967226743698 0.410220205783844 0.413589328527451 0.415185958147049 0.419845432043076 0.423207879066467 0.425702095031738 0.427306026220322 0.425056487321854 0.423018246889114 0.418921411037445 0.415168076753616 0.414182007312775 0.412512063980103 0.413216024637222 0.413960158824921 0.414776712656021 0.416561782360077 0.416164189577103 0.417679458856583 0.421469062566757 0.418840557336807 0.40716552734375 0.390585988759995 0.372090369462967 0.349986225366592 0.328893095254898 0.308928817510605 0.286840051412582 0.267986863851547 0.248545080423355 0.232917115092278
