meets/meet004/_saidas_enm/CCSM_Maha_6k_Aralia_warmingiana4.asc
NCOLS 154 
NROWS 168 
XLLCORNER -112 
YLLCORNER -55.5 
CELLSIZE 0.5 
NODATA_value -9999 
[rows 75 to 99 of 168, columns 56 to 111 of 154]
-9999 -9999 -9999 -9999 -9999 -9999 -9999 -9999 -9999 -9999 -9999 -43.9432390872791 -57.5323413260859 -56.1936621371296 -41.3721351752167 -17.2020711791266 -0.602238194248123 -0.103597538127251 -1.99459846591216 -3.37779919351755 -2.97436500124937 -3.66540476724316 -5.30872923584736 -6.55784529162231 -6.4296972728951 -6.58282263460794 -6.72227183848935 -6.9654052528494 -7.41758091399594 -7.59191940208253 -8.29872735872404 -9.02795199254389 -10.0639442336399 -10.9115040886729 -11.1797401669392 -11.7578685128337 -11.9511445059825 -12.5612707495094 -12.9207591079 -13.0040797073311 -12.4609828902631 -10.9730107563098 -10.0688350691918 -8.86424918500355 -7.83942077502162 -8.35614193469967 -9.22457853619298 -11.010009063285 -13.028043608793 -15.2058668887211 -17.5692708892717 -18.7232612150457 -19.7613704632134 -19.6379114256401 -19.5284027966415 -23.4122287568025
-9999 -9999 -9999 -9999 -9999 -9999 -9999 -9999 -9999 -9999 -9999 -40.7407392662879 -45.3873348518735 -47.7185124994383 -43.7750494845127 -29.8839147611558 -7.50171636706252 -1.47350889849588 -1.64505082194111 0.0570142819795125 -2.69209885655089 -2.47995245916217 -3.64432199012319 -5.16883636950893 -5.48183078544942 -6.0583661834979 -6.42910845601796 -6.70290166617729 -7.18708683052192 -7.51896183344845 -8.33611791372686 -9.15475058224476 -10.3076397531898 -11.1121196378859 -10.906292983345 -11.4245278351512 -11.7370699889746 -12.1816127494586 -12.69228351125 -12.6320642474984 -11.9605030802936 -11.4805798670379 -10.6447205829192 -9.52214994448393 -7.90383030000118 -6.52202199561 -7.19495255214294 -8.6318249278263 -10.2526513769044 -12.1935405135051 -14.1866998750172 -15.4217568587464 -16.5286686822288 -17.8071716723326 -21.8799051417125 -26.9076612855718
-9999 -9999 -9999 -9999 -9999 -9999 -9999 -9999 -9999 -9999 -9999 -9999 -43.5376228463752 -43.6436723849486 -44.6191300723719 -35.4286774783512 -20.3909083571906 -7.2384328934275 -3.5822399800365 -1.81966550001997 0.298378148203322 -1.94115230991677 -2.57348444871134 -3.92050835486325 -4.367910858245 -5.14946798196953 -5.60494740553488 -5.98926285048625 -6.65482996576965 -7.24879295148225 -8.13070425372462 -8.92193237318849 -9.8111593821079 -10.5134658342849 -10.5646907265786 -10.9314654160969 -11.343008226825 -11.8483820868281 -12.3294334902437 -12.4096902140804 -13.2103618467483 -12.8107370363251 -12.6643979006737 -11.6770478006308 -9.65389031649097 -8.08896694629666 -7.5741756893919 -8.10816660389142 -8.97826469393125 -10.1998813484796 -12.0129738149004 -13.2538146333606 -15.3389498302137 -18.8634424770632 -22.8585347886583 -27.5449838210856
-9999 -9999 -9999 -9999 -9999 -9999 -9999 -9999 -9999 -9999 -9999 -9999 -51.2340334923039 -44.1519413332993 -38.3009958828627 -33.6886852623475 -40.578870750471 -40.7930143213793 -26.9663853348159 -6.99023739189647 -1.72446489448666 -0.143295608460794 -3.03112185852641 -3.22565505159391 -3.08696705221409 -4.60622856821128 -4.65910537026681 -4.96372652140993 -5.7321147999617 -6.5598524471625 -7.79198488222942 -8.39421319083817 -9.00264862770314 -9.62436992465299 -9.77029357481858 -10.4328888763814 -10.9512563973995 -11.6897093387405 -12.2563773532723 -12.0284546187705 -12.7886975750794 -14.7028967344802 -15.8892576654638 -15.0163376285264 -12.1799861121834 -10.8316965251417 -9.47442605069895 -8.97398486704732 -9.25750772248768 -10.0668850092589 -12.0085144925144 -13.9865575639311 -16.6011429342883 -19.8969511394708 -23.3125906082951 -27.2890022135688
-9999 -9999 -9999 -9999 -9999 -9999 -9999 -9999 -9999 -9999 -9999 -9999 -9999 -48.4720527631276 -41.4520693329231 -51.6575785736907 -73.1683997729337 -97.8534179555255 -84.4009687753621 -50.4090891151762 -14.6981205536518 -2.00407261873792 -1.16366917471563 -5.41414762527655 -5.11179476883406 -4.087007735984 -3.40271801921173 -3.7030681327305 -4.72884638734382 -5.42993765901847 -6.63062603960756 -7.42257967528569 -8.1661398537842 -8.94254631176182 -9.42499781160592 -10.1913439060513 -10.8983023977466 -11.6003807310064 -12.2290337518693 -12.3756442844831 -13.0531848016454 -14.5684557767989 -16.9342190392587 -16.4652743286211 -14.1899902100735 -12.5361139361385 -10.8425394187007 -10.0357237222138 -10.1265480545668 -10.8763387950012 -12.7253697149734 -14.6154401439219 -17.2716118755803 -20.1977519351005 -23.0380384827388 -26.3861415704141
-9999 -9999 -9999 -9999 -9999 -9999 -9999 -9999 -9999 -9999 -9999 -9999 -9999 -50.3107940171227 -45.2648798561561 -70.9417110937865 -104.462049950161 -170.344404121274 -172.398399502362 -122.214275133659 -87.0967920490035 -22.3349202741536 -10.7763284855784 -10.4139761560783 -13.4138798537822 -7.64749436312634 -5.93958313374718 -3.86311585003706 -5.18922853632566 -4.74206635301807 -5.66555904768109 -6.99201377526057 -7.13657008111404 -8.06088847094377 -8.79225189082621 -9.94657685573209 -10.3880483252007 -11.2635631820062 -12.002136977087 -12.3532330277975 -13.2344470022315 -13.9658854730487 -16.0165313063557 -18.0026614441062 -15.5497681042666 -13.6680354861885 -12.200451732458 -10.9359526527643 -10.9473539309299 -12.0359006180213 -13.3783650558147 -15.4393228060506 -17.757411187845 -20.0509180365034 -22.3477051696084 -25.4309963841072
-9999 -9999 -9999 -9999 -9999 -9999 -9999 -9999 -9999 -9999 -9999 -9999 -9999 -9999 -44.0190076476015 -63.5104679686007 -105.552690718642 -172.644775011233 -194.409555503481 -173.253157285401 -128.328266290216 -80.4256816360295 -60.0635807108439 -55.8602757641328 -49.4799733391971 -34.7627486645752 -22.9744169043161 -14.948495094294 -10.4010532627989 -6.4354828935402 -6.82821232179299 -5.32397052727099 -6.53358574116587 -7.60216093947615 -7.95436046552423 -8.96331203837244 -9.6681080783351 -10.6299815365324 -11.4108677687385 -11.9042584195106 -12.3935708598673 -13.8193378527566 -15.6711741424303 -17.8858565128053 -16.5867500355181 -14.9668797371737 -13.5068314999501 -12.7303890776682 -12.8169584983931 -13.5050841765388 -14.9395687568991 -16.3052076453057 -17.9508947216422 -19.4740421496724 -20.524508627432 -22.3462182389999
-9999 -9999 -9999 -9999 -9999 -9999 -9999 -9999 -9999 -9999 -9999 -9999 -9999 -9999 -40.9341017396686 -55.4174509562341 -87.1541361700464 -149.099123513254 -191.77491277326 -197.540863184873 -183.048876064811 -173.490269814497 -185.378666571653 -173.524078739565 -126.089146865428 -115.560720517153 -73.2272647478038 -37.1903340454207 -28.1209299993088 -16.8078726551669 -9.78677099893073 -6.91879772250224 -5.80302432418523 -6.37128755439195 -6.72744987643341 -7.80468646991671 -8.70332018274232 -9.47570459847547 -10.7394484783134 -11.0933398782242 -12.2588127166844 -14.1081323193539 -15.7076515374073 -17.3992364594086 -17.5166209356654 -16.4265545790801 -15.1229684679746 -14.4922421217555 -14.4590224046391 -14.8324743667354 -16.3456014878229 -16.7960778586262 -17.7855720672076 -18.4551236372513 -18.523315487241 -18.7304342743943
-9999 -9999 -9999 -9999 -9999 -9999 -9999 -9999 -9999 -9999 -9999 -9999 -9999 -9999 -9999 -42.3321812846101 -63.2072623256928 -110.450812314645 -164.458872527468 -210.885178928546 -259.523688573496 -265.855145738956 -286.352741597343 -279.074245317065 -252.811280382595 -243.085886814121 -187.215429479899 -148.395771823968 -100.000953375624 -47.6873286230138 -16.9063130074255 -9.98460159428112 -5.57184951371729 -8.3699122202624 -7.87610506015931 -8.04432409264332 -8.62562606949769 -9.36353398934763 -9.89926660647288 -10.5584254106775 -11.7439568733185 -13.6945745752965 -15.3330383714762 -17.5435313352027 -18.6889785422128 -17.1950603551325 -16.1320475806987 -15.4575968373334 -15.1501268292785 -15.0683341394992 -15.3985614676816 -15.9972944771914 -16.5401735078886 -16.8778521405581 -17.0449842263295 -16.9019438879769
-9999 -9999 -9999 -9999 -9999 -9999 -9999 -9999 -9999 -9999 -9999 -9999 -9999 -9999 -9999 -46.5614603521316 -60.7907606482522 -82.1257932117726 -133.383906764083 -204.772465072402 -309.502574986205 -312.362509701047 -380.277561018381 -376.520228965791 -345.425317066042 -410.158562465765 -320.91582452078 -328.016028116052 -236.611415716719 -93.426510898278 -39.3665782498548 -13.7285406708711 -8.03257865649905 -9.29261164431528 -9.43329630575446 -9.58160150210213 -10.2945463605239 -10.6351672837805 -10.9940281479854 -11.4868809532418 -12.4047747306267 -14.085007206029 -15.3002388856822 -17.1519117123879 -18.0841612006128 -17.8304553339591 -16.7920950503497 -16.0441896692748 -15.3617201537088 -14.6803266013972 -14.3974625141573 -14.648206333241 -15.0278852404755 -15.350353830427 -15.7973317242973 -15.6906364157691
-9999 -9999 -9999 -9999 -9999 -9999 -9999 -9999 -9999 -9999 -9999 -9999 -9999 -9999 -9999 -50.1082486074285 -77.1918444921527 -74.2047657561394 -97.0588208652031 -141.442839075074 -206.541232239209 -260.863599736449 -316.433898472094 -341.073529432941 -317.012103348478 -313.315440057383 -308.271646651474 -304.44398704291 -230.214241771892 -128.005597332236 -57.1771696180365 -20.9608649921923 -9.01750512185028 -10.3713570420749 -9.62028586343207 -9.95086077267909 -11.2695945753954 -12.6035731322553 -13.5599997990128 -13.7766909619082 -15.0542296315554 -14.3601771216956 -14.9306772703468 -16.5463949683564 -17.6641746591451 -18.0252570227256 -17.2232558338075 -16.4622555548309 -15.7495325441408 -14.689050331037 -13.4273215944368 -13.8180361256265 -13.9426350777334 -14.493628383221 -15.8077846155463 -15.7913091853877
-9999 -9999 -9999 -9999 -9999 -9999 -9999 -9999 -9999 -9999 -9999 -9999 -9999 -9999 -9999 -9999 -96.2046822887156 -92.4418720128325 -85.5297368405072 -93.2041885403683 -126.258323942416 -179.636726882674 -233.925057519995 -273.132614050203 -268.439125347232 -269.578236996368 -284.877895554425 -309.603687620069 -247.621683988031 -163.369700459625 -91.7821916817428 -38.2545542541236 -14.556144267445 -13.8451817369627 -11.3145515396065 -8.79536555305568 -11.3775461750457 -13.4254846310479 -14.0898951019448 -13.5761874516704 -15.0582691732531 -13.8218447294558 -14.2598689480064 -15.6211267463311 -16.2526445256092 -17.4058262105889 -18.1107087039136 -17.5578085713687 -17.1779997467961 -16.1983892982826 -14.6012829865236 -16.0100589269244 -16.0155540586952 -16.7597675486404 -18.8261330403263 -18.4693077588923
-9999 -9999 -9999 -9999 -9999 -9999 -9999 -9999 -9999 -9999 -9999 -9999 -9999 -9999 -9999 -9999 -9999 -77.8812927914596 -116.658554384006 -90.3225288337688 -85.7347024353427 -116.014338023901 -163.385802589967 -214.02159393431 -244.213141825856 -269.579625392555 -296.453446928774 -309.23726588446 -264.056284615095 -201.3676503068 -137.706197246175 -75.124748386465 -43.3823498229856 -27.4412549839076 -13.3595418390221 -11.3596076806923 -10.3837597403865 -11.167562903061 -12.8311010179785 -11.8715358462971 -11.8721301834283 -12.3372919208927 -13.4013519812411 -14.7278409938216 -15.6047254185786 -16.533556270879 -18.1530593238267 -19.6398388750375 -20.1865182833403 -20.7251884123209 -22.0368733055691 -22.4335301145909 -23.7680194093019 -24.2986074281526 -24.2849498724551 -24.0365979957264
-9999 -9999 -9999 -9999 -9999 -9999 -9999 -9999 -9999 -9999 -9999 -9999 -9999 -9999 -9999 -9999 -9999 -9999 -9999 -143.914480460831 -103.293866496837 -110.443793762401 -127.507081944554 -175.665336529544 -220.158719600333 -259.460338180935 -304.328902339788 -326.057669202212 -286.808566622137 -233.576731381637 -182.674995146114 -119.195511941283 -86.1127817727201 -63.7862039044092 -31.5969732919341 -13.3895735265252 -14.1363405459883 -11.5778499790781 -11.0450368011398 -10.1764246628059 -10.6709053773066 -10.9193778347577 -11.973270162137 -13.2705341606435 -14.0755614287504 -15.5248420150922 -16.816496566987 -18.2727473688483 -20.6322657532407 -23.4398859072274 -26.4391779435748 -26.8974649154739 -27.5135109997956 -28.2916289591147 -29.0296198737263 -27.8291451869053
-9999 -9999 -9999 -9999 -9999 -9999 -9999 -9999 -9999 -9999 -9999 -9999 -9999 -9999 -9999 -9999 -9999 -9999 -9999 -9999 -9999 -136.889817182347 -112.632257650488 -130.619682994032 -169.704172661382 -228.281610601425 -270.902476842775 -299.94173322635 -296.120384997274 -249.608232636011 -211.445640284261 -161.783102968118 -136.748701736995 -108.525681547944 -67.3773650145037 -43.7585994783172 -20.1689802030204 -10.9001057717284 -12.3541067579318 -9.08048003159811 -8.81533426324831 -9.79273633633601 -10.6998241055657 -11.7968227411469 -13.2290601770869 -14.5237747257183 -15.7728062001344 -17.0334532034129 -19.3108177189053 -22.7512160392629 -26.0231233112329 -27.7639371336174 -28.3382648607024 -28.9752859835809 -29.328886693391 -27.9218016130774
-9999 -9999 -9999 -9999 -9999 -9999 -9999 -9999 -9999 -9999 -9999 -9999 -9999 -9999 -9999 -9999 -9999 -9999 -9999 -9999 -9999 -9999 -9999 -116.146124493237 -122.156266454508 -153.282668677452 -194.046270778871 -240.699554246582 -266.005413826351 -258.62814053801 -245.387451140304 -204.018005854528 -187.802720878828 -154.253500139475 -111.27672360816 -80.1632549328551 -44.2534839341011 -19.27177248748 -8.54237887797639 -7.46083415151621 -7.61846449947866 -7.74233156502052 -8.83942816504054 -10.2870724571585 -11.9014025888456 -13.3027299885423 -14.7145595368029 -15.7671870632143 -17.9654777403019 -21.3619406146651 -24.842007060825 -26.4173187506715 -27.3441669280846 -28.4989747456281 -28.9910474428111 -28.4808899560736
-9999 -9999 -9999 -9999 -9999 -9999 -9999 -9999 -9999 -9999 -9999 -9999 -9999 -9999 -9999 -9999 -9999 -9999 -9999 -9999 -9999 -9999 -9999 -9999 -9999 -80.745494134233 -115.382985620938 -166.273559988034 -209.338202993334 -236.52866455212 -251.494396490647 -240.442559251782 -243.641349924284 -218.741872530891 -173.987745669499 -153.158182650308 -84.1414583045782 -47.6776465956999 -21.0778323833339 -5.95223629645922 -4.18713154638113 -6.97123521075855 -6.99707565202226 -9.02516488496706 -10.6198109284402 -11.9731845642703 -13.384679080167 -14.5717407189158 -16.6789077670608 -20.1316034239553 -23.6072673826794 -25.2417649144232 -25.6636906024413 -27.0868568873779 -29.4640079070236 -30.6988410167759
-9999 -9999 -9999 -9999 -9999 -9999 -9999 -9999 -9999 -9999 -9999 -9999 -9999 -9999 -9999 -9999 -9999 -9999 -9999 -9999 -9999 -9999 -9999 -9999 -9999 -96.0837006897903 -98.6698605108877 -117.423828696899 -156.737785817261 -198.063623428815 -232.554337901369 -252.184451278865 -272.020341822424 -249.768509452525 -205.107770098957 -174.115145730567 -116.002127150185 -70.0132173713279 -30.7886252804412 -5.9213417428232 -2.76105387535193 -5.40046690575392 -5.86576962060356 -7.95676925715287 -9.34859171235327 -10.2143596063239 -11.1061363174339 -12.194320612414 -14.5560994372068 -18.5904976618538 -22.1718133287156 -23.7998634165593 -24.4997439633601 -26.359554697393 -28.944336154238 -31.1000395481392
-9999 -9999 -9999 -9999 -9999 -9999 -9999 -9999 -9999 -9999 -9999 -9999 -9999 -9999 -9999 -9999 -9999 -9999 -9999 -9999 -9999 -9999 -9999 -9999 -9999 -9999 -9999 -101.9913528685 -116.311339857526 -149.659468648405 -199.992806500338 -237.461614172864 -254.027386584287 -255.011515075329 -224.376958553037 -186.347160702821 -136.267191018265 -98.0652117667722 -43.8901792102507 -8.66556105292106 -2.49556325833971 -3.04947990698697 -4.79175396655955 -7.51372292892436 -7.9805521878502 -8.26497982481583 -9.5680060516746 -9.90408547140673 -12.176168438063 -17.3680463539847 -22.0684522447908 -23.2188941643399 -23.297426560122 -25.0958239182983 -28.3342078680679 -30.7343330483578
-9999 -9999 -9999 -9999 -9999 -9999 -9999 -9999 -9999 -9999 -9999 -9999 -9999 -9999 -9999 -9999 -9999 -9999 -9999 -9999 -9999 -9999 -9999 -9999 -9999 -9999 -9999 -113.674904065352 -103.804530824771 -120.992079047047 -163.007990857218 -220.854485576279 -260.891399970033 -271.045185583785 -240.951965127601 -193.661905223425 -153.662795731894 -115.662260824067 -59.2981471315971 -15.4040056766785 -2.90426355954912 -3.16987070986484 -2.83791431607266 -4.53117897670897 -6.68243145271007 -7.631373251999 -8.97142253652481 -10.0669470171561 -12.3936832641573 -15.971886090656 -19.7666111108345 -22.4742096285996 -24.0115360690024 -25.9456702856434 -27.6825176818873 -28.6612518147462
-9999 -9999 -9999 -9999 -9999 -9999 -9999 -9999 -9999 -9999 -9999 -9999 -9999 -9999 -9999 -9999 -9999 -9999 -9999 -9999 -9999 -9999 -9999 -9999 -9999 -9999 -9999 -9999 -105.119817607106 -97.5049084535797 -126.865717485959 -197.596005095489 -269.121781787114 -294.638886179104 -253.007223015414 -198.992126388723 -161.554236373906 -128.559616011534 -76.1975205977141 -26.0701470970303 -4.0519816212995 -2.53703207776966 -3.07872907242072 -3.18204449385015 -5.42945504117572 -7.97811654464526 -9.6575926624596 -11.5366704834928 -14.0122323989323 -15.3445135382573 -17.6587451905564 -21.168582169336 -25.6992435319874 -27.638081830207 -27.32613586276 -26.7595727668249
-9999 -9999 -9999 -9999 -9999 -9999 -9999 -9999 -9999 -9999 -9999 -9999 -9999 -9999 -9999 -9999 -9999 -9999 -9999 -9999 -9999 -9999 -9999 -9999 -9999 -9999 -9999 -9999 -115.993361067355 -91.8243860945816 -114.251488971826 -187.31220829399 -268.273801307752 -305.582450074295 -269.382728655017 -205.546503052108 -169.347023867484 -136.050215709333 -78.1954854924119 -31.6964787313931 -6.65764529814815 -1.12791347059152 -4.88791885407299 -3.24751791369573 -5.56509499585747 -6.93554413132585 -9.73982370374938 -12.1637443113392 -14.5139458533202 -14.8070709061295 -16.2230937303808 -18.9994542664568 -24.0073665997423 -26.1891829104602 -25.9386572367382 -24.1635151756557
-9999 -9999 -9999 -9999 -9999 -9999 -9999 -9999 -9999 -9999 -9999 -9999 -9999 -9999 -9999 -9999 -9999 -9999 -9999 -9999 -9999 -9999 -9999 -9999 -9999 -9999 -9999 -9999 -120.608945139407 -86.406450178428 -101.557440919875 -182.263548178271 -276.226601020053 -322.315908917824 -276.793350297944 -208.772967056318 -173.635189555828 -132.74292807579 -77.5624457110886 -35.9161859430311 -8.58298818169831 -0.915227873184625 -5.44047360863851 -4.46962317815799 -6.85584445852852 -9.06017609712177 -9.34691776993096 -11.8187741244881 -14.2294009889781 -14.0270633130566 -13.8184229928301 -17.294138462083 -22.2144993760434 -23.7288712935244 -22.5893666371518 -20.9622851365699
-9999 -9999 -9999 -9999 -9999 -9999 -9999 -9999 -9999 -9999 -9999 -9999 -9999 -9999 -9999 -9999 -9999 -9999 -9999 -9999 -9999 -9999 -9999 -9999 -9999 -9999 -9999 -9999 -120.71442571745 -88.5214445826705 -111.381628316231 -187.872644614102 -281.098286010998 -327.523499248082 -294.852289619635 -231.299112537216 -181.103339696972 -128.773361299429 -71.5615877240592 -30.9248663419848 -6.55691311394924 -1.88920676067904 -6.59861871231164 -5.65980402953392 -8.88890463276378 -9.78115470101267 -9.59344468392057 -9.37409597557659 -10.4987685233834 -11.861438259139 -13.4091643477474 -15.5493242087197 -17.5470062183881 -18.0839481148668 -17.6620854378704 -16.1300051138989
-9999 -9999 -9999 -9999 -9999 -9999 -9999 -9999 -9999 -9999 -9999 -9999 -9999 -9999 -9999 -9999 -9999 -9999 -9999 -9999 -9999 -9999 -9999 -9999 -9999 -9999 -9999 -9999 -119.639781621395 -92.0764890169202 -120.556415616386 -201.944605580763 -291.949409824505 -334.200342290657 -301.947794768937 -254.110059432748 -182.233323122105 -122.439842283494 -65.4452879460384 -26.3659315293232 -4.97550237076955 -3.64810149998986 -6.51325740755099 -7.00449070048279 -10.1802422461395 -11.6492008735433 -10.1249618276621 -8.53895990588568 -8.12596240478986 -9.48537310221334 -12.9134840342471 -12.910646046967 -12.8261751816022 -13.1471705951594 -13.6097496194738 -12.0824393401411
