meets/meet004/_saidas_enm/CCSM_Gower_21k_Cavanillesia_umbellata3.asc
NCOLS 154 
NROWS 168 
XLLCORNER -112 
YLLCORNER -55.5 
CELLSIZE 0.5 
NODATA_value -9999 
[rows 52 to 77 of 168, columns 60 to 119 of 154]
-9999 -9999 -9999 -9999 -9999 -9999 -9999 0 0 0 0 0 0 0.293403293209878 0.375019948460152 0.452144530132036 0.535695031452593 0.604380667092081 0.620879748235393 0.57779880226471 0.480393369601119 0.395761492860655 0.207694236769433 0.0225463781303482 0 0 0 0 0.0789649993343389 0.3504422761568 0.477665698485462 0.540579535674961 0.584907007065042 0.649701045190126 0.647605153322733 0.640761125210302 0.63413768093846 0.615936260471082 0.611675441130045 0.603390768490904 0.582165699521671 0.589706374943203 0.587565596177605 0.591922373584975 0.603563469577322 0.617403458133682 0.630106499738968 0.660340062766389 0.687503360937705 0.7106179177902 0.71023053777821 0.698300775999627 0.671446097636899 0.63379253575439 0.595061038049882 0.542759851713939 0.479015724477982 0.393340602747723 0.269396927062097 0.284282072653523
-9999 -9999 -9999 -9999 -9999 -9999 0 0 0 0 0 0 0 0.100715265153288 0.2870679933108 0.404234816821487 0.478046450744294 0.458857514360956 0.414072646274437 0.344976401841025 0.233029853358419 0.0976364132886743 0 0 0 0 0 0 0 0.226912997454968 0.54421140891342 0.620082258194282 0.649694425372363 0.673774394799421 0.666033884425126 0.645472996366726 0.634043391708062 0.612071634294037 0.605241739836383 0.598746175466989 0.581565287908814 0.588756108890696 0.591043050889202 0.605169624830487 0.619384658283472 0.633730590927853 0.662531284594283 0.680217970039039 0.694872835072375 0.694300521035784 0.690481758513218 0.678938872682832 0.657564959128865 0.624150199465766 0.585718597220095 0.542025251020339 0.470125477939261 0.381832580196357 0.308756704707169 0.300194279580587
-9999 -9999 -9999 -9999 -9999 -9999 0 0 0 0 0 0 0 0 0.0839550771509928 0.205814459402981 0.265547902869968 0.193081386459519 0.159491611553698 0.0637215518801396 0 0 0 0 0 0 0 0 0 0.0741082069837974 0.420755226236393 0.673527171732199 0.698528888252345 0.706122597099645 0.691352032819058 0.666255165651673 0.649690511045338 0.628813390293511 0.619857535885089 0.61638195581215 0.608801737231415 0.616208317406403 0.618802114320329 0.640235454116289 0.656854648481683 0.659550342903109 0.652913754365858 0.6403346320007 0.649557448782925 0.653425193484188 0.650531909329064 0.635561182144758 0.61879798172017 0.591880891115583 0.558865547162685 0.514580329791371 0.44554241017426 0.363694814294539 0.271134726432038 0.298772238144151
-9999 -9999 -9999 -9999 0 0 0 0 0 0 0 0 0 0 0 0 0 0 0 0 0 0 0 0 0 0 0 0 0 0 0.304944924120894 0.584670503511678 0.711139256993664 0.733022331773236 0.721594699560464 0.694613079855208 0.675753730498806 0.66267848397258 0.662713132185352 0.660615416111156 0.657002908966591 0.666700883916312 0.656199832487767 0.61526518785866 0.577983243593642 0.550080552646242 0.545582972929625 0.543280849018664 0.560973561653699 0.568952823809589 0.569523420555847 0.575653386478217 0.569766694800171 0.541478219723021 0.506967970256249 0.472710300591573 0.402830266739598 0.316543445169886 0.247438111184559 0.249738946243004
-9999 -9999 -9999 -9999 0 0 0.0823084433437695 0.158108721839546 0.151044309451664 0 0 0 0 0 0 0 0 0 0 0 0 0 0 0 0 0 0 0 0 0 0.17812387378575 0.447745279742876 0.610830077639572 0.710508997230445 0.711577419399629 0.700339069171018 0.705714953088027 0.698705453213849 0.6892368696421 0.663517124122754 0.626075922714208 0.582152613755474 0.525830080048676 0.474725412973319 0.429017390333913 0.405683714348924 0.398367199801558 0.405778394411467 0.427658280578981 0.440982921380858 0.449610063846252 0.462450375624362 0.474062570236815 0.465762147134947 0.438178446489462 0.387702241081564 0.318270714563978 0.234261719190767 0.185274222083915 0.218622655596961
-9999 -9999 -9999 0 0 0 0.273464960617685 0.211972889413689 0.168718253225044 0 0 0 0 0 0 0 0 0 0 0 0 0 0 0 0 0 0 0 0 0 0.0588027104101672 0.310932664145985 0.494727692943044 0.633120312829001 0.65825860334599 0.636439804696181 0.608737587693055 0.567618474558818 0.53766669152614 0.503934067480266 0.461342668376963 0.404970683306488 0.387195854136372 0.396710524135777 0.344002053011758 0.281363502568943 0.25826179562143 0.248280155897567 0.241575600133992 0.275866501820992 0.323045811262967 0.350159042528056 0.365461225643381 0.358188891766429 0.328747687178607 0.297913727093072 0.234799949365694 0.136712093598767 0.0933981333450349 0.124938732548099
-9999 -9999 -9999 0 0 0.281307884508587 0.279884067613607 0.215874518701101 0.193414269038049 0.154199485973436 0 0 0 0 0 0 0 0 0 0 0 0 0 0 0 0 0 0 0 0 0 0.150107777639933 0.328458077507276 0.481658250271806 0.538053218531192 0.522537339866617 0.485087742612804 0.437517405663066 0.375644435648692 0.312978632824882 0.316724581870777 0.278144156798374 0.165462885240717 0.0767927147864234 0 0 0 0 0 0 0.0553408218401825 0.12354269803188 0.166726765026484 0.203114545326965 0.196699316550807 0.1355748562071 0.0751467876889885 0 0 0
-9999 -9999 0 0 0.250717032590299 0.386953162681379 0.301310798941567 0.243424171840683 0.216545229808523 0.236219026405393 0.0812579899141315 0 0 0 0 0 0 0 0 0 0 0 0 0 0 0 0 0 0 0 0 0.00894461751485276 0.140764932893901 0.263166856250527 0.312555623175293 0.333108369257616 0.300439385684671 0.264789186135167 0.19933110380321 0.125986217796625 0.016450440836637 0 0 0 0 0 0 0 0 0 0 0 0 0 0 0 0 0 0 0
-9999 -9999 0.0151028866119103 0.239915609511766 0.490764779308412 0.416968533013819 0.351235442780728 0.292742408693362 0.269931735352125 0.235588276845881 0.255761103034795 0.155122448957227 0.102861118755113 0.0676412470511196 0.0457258938255753 0 0 0 0 0 0 0 0 0 0 0 0 0 0 0 0 0 0 0.0309278148800938 0.0488567595306229 0.0340678678123919 0.00747621591629111 0 0 0 0 0 0 0 0 0 0 0 0 0 0 0.00130890093394065 0 0 0 0 0 0 0 0
-9999 -9999 0.231771980605854 0.415694174072784 0.51336695245367 0.455942369309744 0.409024582753331 0.354420932269709 0.327520205915044 0.247862870668413 0.314378770606916 0.259147868354262 0.236005737606847 0.201993420918477 0.184464332666285 0.104760471982707 0.00276444041435142 0 0 0 0 0 0 0 0 0 0 0 0 0 0 0 0 0 0 0 0 0 0 0 0 0 0 0 0 0 0.0210092843403435 0.0332131729941705 0.0866692667647362 0.121662708652492 0.124573646271355 0.151386922357132 0.133801438663818 0.138592082978155 0.113355335088582 0.0547518499024401 0.0358164091711181 0 0 0
-9999 -9999 -9999 0.56458938037146 0.53427823852864 0.49173577373562 0.462239781259566 0.411541622591308 0.390347298755206 0.294531349781991 0.327257287971239 0.391103661003472 0.361902679858518 0.321084620928879 0.292941246350152 0.241659486585888 0.177918927947083 0.142286196384643 0.106409791287126 0.118216509039812 0.135834218699482 0.129668741162582 0.140767194365225 0.133077485156471 0.132077914831605 0.129151146913479 0.103912137552582 0.0888641660258839 0.0505100364098582 0.0281194915225212 0 0 0 0 0 0 0 0 0 0 0.0434582034562113 0.0794213925157572 0.131787033082655 0.161250470875337 0.182308867811336 0.215783802376525 0.240830798687884 0.270465684275257 0.290014619773983 0.302427977209124 0.320493387519814 0.32295895662996 0.319754805119844 0.30813805095831 0.289897164607133 0.265936875937562 0.233596917292717 0.200159933043172 0.159929488938658 0.132482152830632
-9999 -9999 -9999 -9999 0.539932220807374 0.508814286501155 0.504695267194001 0.455172927234929 0.437953786765658 0.345027157709508 0.381783535989721 0.413597389576472 0.434900854506075 0.398969022788296 0.370601949855391 0.307468372762719 0.257710703328352 0.240288893622056 0.23265282368625 0.24246499440283 0.252248331360038 0.266331785367381 0.265090732307782 0.278093485706538 0.275526433070762 0.263563885809711 0.261949124613949 0.230623506528549 0.208503560819232 0.182621940247645 0.143403221876359 0.122485460188272 0.0890989350176262 0.0671529105872607 0.060134151651716 0.0478533729728994 0.0661876863581167 0.0783839425462276 0.115217656723258 0.152300556771715 0.192730151694631 0.243975869259681 0.271350838285363 0.315719704240401 0.337099654130172 0.361031640509114 0.39262946366998 0.406668220868723 0.43432603181403 0.450463375795524 0.457229242942457 0.468837794099398 0.45068793139442 0.453328719141813 0.434121359466305 0.412930888812928 0.399087418511182 0.370272624817629 0.355941111078034 0.334417407798869
-9999 -9999 0.499776216347345 0.522370725157849 0.513251990642631 0.485416260600421 0.481797013259397 0.468129034221356 0.477659101003452 0.45635787488206 0.485082863822124 0.515540045216529 0.501781633737872 0.454399483950773 0.420853940084228 0.39653033507991 0.362243962655726 0.350666974421974 0.342555789815522 0.358904758330465 0.383937006815116 0.394684460248239 0.411477673430968 0.415758898921877 0.418966985024376 0.420897328912598 0.407994975992357 0.394786726900244 0.368170492420159 0.351177681985284 0.326417735676875 0.292732837633521 0.268823432068723 0.23935207912641 0.234124476149839 0.232111483988253 0.230635591265933 0.254683723962215 0.277374408496731 0.309465534625043 0.354992346292233 0.388182984724403 0.431683088889063 0.461330754432392 0.482231944637779 0.516926028855609 0.534099690921849 0.556475534180078 0.57084440516798 0.579650657699786 0.59066707396176 0.593791158700203 0.595936010842547 0.588869393864861 0.581115684328187 0.576341316746857 0.563559134367824 0.557174528533378 0.545840239379581 0.539588385818822
-9999 0.498485553610984 0.508947371986874 0.551279270148429 0.482843433092902 0.468026905356666 0.446642226149727 0.476745644752947 0.513251277701167 0.561869485032977 0.584423247290233 0.591893680839072 0.552157397521284 0.496146852266567 0.441132380622443 0.426228837063303 0.410339044453035 0.415466420468454 0.419157613956938 0.440598988993107 0.466092654044282 0.488091385809972 0.49997113483729 0.51812295851829 0.529071404811752 0.527051606402886 0.525869753215693 0.514197302278972 0.498319517864216 0.484175775766306 0.446552979891151 0.430647143694278 0.408480725208917 0.381763962123257 0.37431900547477 0.355058670144043 0.362529210835996 0.377064493139171 0.402188997128384 0.427048692363357 0.463566438317627 0.498979855424821 0.524727184474328 0.542588328162506 0.532737805001358 0.517198435615109 0.510779311674668 0.523719098237783 0.531651920558397 0.549709904678938 0.567642522339188 0.579462939235716 0.589251247826383 0.59986316719519 0.597068959692173 0.596810669634501 0.583846371661513 0.567037306964769 0.55133931716796 0.526188579609776
-9999 0.54608206879745 0.546230165251475 0.58739451640677 0.504938201997793 0.47685205126642 0.48663467756207 0.496845603442102 0.54748298385057 0.618396357031207 0.640807172216169 0.627968773658983 0.589809210436897 0.534604141558856 0.485532821380677 0.498798253237519 0.470358098073598 0.462309274573094 0.47337694568068 0.496468918993618 0.52657631993856 0.548975772816597 0.571921502019056 0.588176367901842 0.598991225275698 0.607323854234294 0.607559981487776 0.601879611957579 0.588393700611487 0.577552298443113 0.559257564253417 0.537279026001733 0.517478212239654 0.49333708802642 0.485992799027221 0.476025311310512 0.468952852773136 0.479838029005458 0.492844595189707 0.514900918057552 0.545150800888831 0.569912065347645 0.544471109782722 0.522423222172066 0.512973456512513 0.503079042354947 0.496593660635592 0.501367372963003 0.508935126724898 0.520672089089297 0.532432531812306 0.54156788032522 0.547084121742899 0.548608613049502 0.541348137524964 0.532016947854691 0.52013802593081 0.5019366564047 0.484043418891596 0.458606311939463
-9999 -9999 0.604536817118313 0.617856600931316 0.53927542348384 0.502600288702599 0.494394154218796 0.467511626913698 0.51949931845462 0.587818003636273 0.641049596598421 0.624787700211677 0.584970115372733 0.549156687102165 0.541937851002598 0.538365649757644 0.495461237019326 0.505571063556731 0.514654918700342 0.539895591414765 0.570930841408573 0.59596974330733 0.619818950987607 0.643413576521388 0.660777001657058 0.666252850097144 0.675413640507926 0.674642295388101 0.666980386417541 0.66088211870521 0.645777060540743 0.626503601092138 0.614158110779126 0.591278265889463 0.581915464348477 0.57033147394221 0.559297562303764 0.568050499152505 0.572864502810875 0.58545381374653 0.579233940407083 0.552807862227096 0.535190125279023 0.513998724412568 0.506353558771742 0.495543477870823 0.48880440099616 0.49266638688729 0.493437838391819 0.498406201888571 0.507341787785322 0.509519140853032 0.508550007173721 0.505598777797132 0.494884779768653 0.486504352828249 0.468552798770484 0.449824701119052 0.429985861214163 0.406149610095096
-9999 -9999 0.675870709479337 0.68471330366854 0.6010567919131 0.492514127578733 0.410161011446642 0.354908218619947 0.356425900377926 0.412320511140518 0.517959899598891 0.566979352979839 0.548197117680844 0.550958069678867 0.568046699322528 0.568693363744509 0.54220716444007 0.532332505639605 0.540798211498742 0.567621922757835 0.600441662081611 0.626464483268942 0.656028759930032 0.682554497061614 0.697900211167819 0.710850411213546 0.709847583866705 0.708459424047287 0.706993230151932 0.704171013775462 0.6990814793159 0.695120190675435 0.680950601385211 0.66381743264073 0.656154468088265 0.643300211652899 0.631674610404109 0.630641509285303 0.630957233319721 0.613770935655548 0.584751587803757 0.560946254468413 0.541123532380687 0.5252851581284 0.51625239819725 0.50625802148028 0.497486231117494 0.494883627986586 0.489920114098537 0.487791681458626 0.488773302880348 0.48300160170184 0.480622565532169 0.471607324812461 0.457568677537214 0.446870925697893 0.427934597972748 0.412942335766043 0.390310909309282 0.367372260141147
-9999 -9999 0.593706558417375 0.666283942765767 0.632983086062459 0.466467702375316 0.310399015681329 0.220087004177147 0.164762940816449 0.21215567435161 0.339801435351948 0.493976905227102 0.501490680402819 0.536019656145472 0.563190306727774 0.597939936867056 0.562559786397989 0.571578290995791 0.567624758215401 0.59544665338414 0.632465843832444 0.651774136029771 0.683573675423026 0.698255415028567 0.698565644650229 0.708630368885687 0.719201763957462 0.722969688769114 0.726297479685518 0.736230984207717 0.734273307134044 0.732972279180546 0.738180355241061 0.726410490508233 0.719523603619224 0.71223607605638 0.696369808712934 0.673111406933082 0.645125484715986 0.623598494493129 0.592708491589944 0.575987124832945 0.559676011029876 0.543498406648771 0.534013848103246 0.520867770800488 0.511291309113553 0.503735376272873 0.493245248306176 0.484364402367667 0.477927274254913 0.464192576205166 0.45815008500067 0.4456110579768 0.429226836831938 0.419231550813336 0.397364907649136 0.380749178308784 0.361733620101445 0.339667658019526
-9999 -9999 -9999 -9999 0.563763564632584 0.445811827579756 0.258520465119538 0.112390699618279 0.0245564940825652 0.0490461156268666 0.177664784274219 0.37711064930277 0.480173026293112 0.494658821109401 0.52829719578988 0.602219301582384 0.609756438383262 0.592076959989833 0.589871999594453 0.61902256891991 0.646852007497441 0.672664841075052 0.684450030014668 0.672415634350338 0.672652852821984 0.680862311758268 0.690237608876165 0.692194980927938 0.693409982060035 0.703636988093427 0.718255661183498 0.733964142887484 0.743653931049647 0.753147746688847 0.756520721165134 0.735628988810243 0.712953930648117 0.688425055051875 0.664887415532257 0.644594632895028 0.621156894805292 0.601577699995802 0.583661719753646 0.568692261405514 0.556555850730105 0.541944741278045 0.529221803032345 0.515807689079128 0.503057400976107 0.488176679769585 0.472331795732673 0.456504370287095 0.443642298703456 0.428431501004543 0.411031468696598 0.397490997475431 0.379353824644534 0.365386224136796 0.346649033469044 0.326747815472205
-9999 -9999 -9999 -9999 0.617301253045351 0.451357799226723 0.238310503218627 0.05748804407448 0 0 0.0428194356965029 0.265038233108396 0.478376300743877 0.484298930865256 0.509249953451718 0.599351459715844 0.638402757634282 0.635713688393436 0.621854320568813 0.624579537082845 0.648952624871539 0.665105291306096 0.662731745871824 0.648830085753087 0.648942266137223 0.658327985705588 0.664144057566066 0.665980346251456 0.663079749451883 0.671891757993261 0.687534083973152 0.701930896343945 0.714243286656979 0.723722680847256 0.735388552011022 0.744416256658454 0.7266679144501 0.706699458054941 0.685649718232137 0.668741089336705 0.645308076558979 0.628793127894793 0.613438363041031 0.595688639814905 0.581618773693041 0.564156983248375 0.54791775012137 0.531096558855804 0.514880080174342 0.495589246052963 0.47588098186242 0.454303072276412 0.437221780500512 0.422304020407516 0.403931520314277 0.390075460806721 0.370570940801839 0.357664919639323 0.342243891403108 0.32128642863062
-9999 -9999 -9999 -9999 -9999 0.497790963823112 0.311479547783484 0.051384095189056 0 0 0 0.170485861335636 0.506598996007192 0.508989381676805 0.523225249352389 0.609780983608774 0.640284609432761 0.623905794937888 0.600492265910396 0.601617574140079 0.621340913140622 0.639395153557238 0.637602456438851 0.630527326427388 0.631433804234759 0.636245856419541 0.64111652638372 0.63964149207802 0.637125842347062 0.644006898360889 0.656225751203726 0.670031656746185 0.680282786362477 0.690422589823037 0.703477631838786 0.714746224158794 0.7266693249855 0.726343418573608 0.710266641225222 0.692102646797954 0.674360199003708 0.657424733229523 0.639370560534647 0.623731828167717 0.605205945954496 0.583871503536029 0.564220545215391 0.545308311691136 0.527490942027134 0.507721390906599 0.481963846059374 0.461179029356735 0.444359010249743 0.42802758921964 0.412459557219597 0.397314835439271 0.382415503859349 0.366449137124412 0.348160535261745 0.329966015807929
-9999 -9999 -9999 -9999 -9999 -9999 0.390370112882048 0.0888658752501517 0 0 0 0.0838648193884138 0.442833158143964 0.553884013507132 0.555904941664399 0.599110375978634 0.612358091316624 0.602016728830533 0.578102467528027 0.582585102890082 0.602629494618555 0.618353432348972 0.619836860987643 0.613220739971342 0.615126523539137 0.620998001453005 0.623449270872631 0.621827701297882 0.615913878061735 0.619797078350574 0.629421791803348 0.639027503803839 0.649105416202712 0.656925554334561 0.669587609167329 0.682924688027627 0.694939439678485 0.70395264654718 0.710980028322709 0.717429099637378 0.700457105408223 0.685094853206906 0.668527884848183 0.649591213778893 0.629648120531606 0.606584156863274 0.583709054379774 0.562882873367605 0.541751594913757 0.519183562317828 0.496795768078316 0.474321468943552 0.457895601783947 0.446087471411823 0.430586182151563 0.416176054849619 0.399166294802097 0.383455017484971 0.367822061348408 0.345503555893248
-9999 -9999 -9999 -9999 -9999 -9999 -9999 0.156170643416829 0 0 0 0.00768584717003806 0.337017123204141 0.612875245715472 0.573881925855117 0.589345244007351 0.589715337653136 0.584080342775335 0.566534856389207 0.566636074355488 0.585840703406895 0.596515622105686 0.601729223196308 0.600071253340191 0.603567893137867 0.60667515381463 0.608665750059611 0.607106539158304 0.601991766138318 0.60322785407674 0.605977615307009 0.609029773392052 0.618797509086067 0.626129473504345 0.638657936086287 0.651588687329386 0.662655999247035 0.674551167560907 0.680525831082209 0.692347926689783 0.708324417965585 0.709106846606084 0.691286639004048 0.673997815559219 0.653617910618572 0.627034328660618 0.602750872301302 0.579901136022151 0.555972428030092 0.534490709312013 0.516097150098625 0.497430945578273 0.482952378173498 0.471325138206019 0.459866785861643 0.444026508953 0.431297619748384 0.412813942375615 0.39124797495104 0.372839466513176
-9999 -9999 -9999 -9999 -9999 -9999 -9999 0.222024655682064 0 0 0 0 0.219627371729457 0.525253290773653 0.607570629246562 0.605593578623405 0.595263513334947 0.581995231719191 0.564348973379841 0.560723723070434 0.572371227783561 0.581752600614476 0.59044459600483 0.590102073093731 0.593868334805837 0.596731841245724 0.596150620352343 0.596699302811094 0.593624917508609 0.594075860470973 0.594031026978984 0.592813443722851 0.600231834240862 0.605725495895402 0.61681923813662 0.629911540061814 0.639125080230075 0.653439016246726 0.662033234342976 0.672715786020724 0.684017332550248 0.686872579649012 0.683775733863173 0.673745509223887 0.663416527110004 0.652632918376254 0.627523043902424 0.604158198691745 0.578796856687352 0.557812034378703 0.542443043666469 0.526118745244444 0.513705444326216 0.502582381803587 0.489895744814801 0.475540963672187 0.461592579738936 0.442648916980628 0.421601918307449 0.402010105345901
-9999 -9999 -9999 -9999 -9999 -9999 -9999 0.290278875264583 0 0 0 0 0.0713954389103699 0.340408186622129 0.526074421104594 0.63668324464273 0.607847208394095 0.599538219136261 0.574848544149912 0.559398591270395 0.565929275407212 0.570683863182931 0.578143462931842 0.580138358397144 0.583435468366723 0.584902821096402 0.584903206633115 0.586594628548678 0.588725026669414 0.588943357081928 0.584997020566612 0.585067059736141 0.586575502903896 0.592480607826642 0.60155957624324 0.608919333862767 0.623420349139547 0.63922805093049 0.652292139559809 0.661224546788925 0.662350177919105 0.65783582811265 0.653794038322856 0.647555371787735 0.640039110021296 0.633372865992501 0.627584956670964 0.621568381961161 0.603886903328379 0.584328739621339 0.56828944842376 0.553999370841975 0.541928924014364 0.530834285190982 0.519724051207847 0.505831559014906 0.494706980989557 0.477275668705473 0.457382937523865 0.440808490477603
-9999 -9999 -9999 -9999 -9999 -9999 -9999 -9999 0.0657069018213292 0 0 0 0 0.107137904582684 0.277120589199687 0.429744622280634 0.596224118200674 0.627671952555956 0.605707679131562 0.575037165556894 0.565216764683936 0.563745783373428 0.567894126007269 0.574574113285951 0.578537481452529 0.579332329642498 0.576363891340653 0.58091187355566 0.582242232239987 0.582803959230829 0.579700902740126 0.576724530157524 0.574893042862123 0.576960174084275 0.584378234142247 0.592260538719148 0.606169572632497 0.627324539040582 0.644760538399892 0.651875082790668 0.646179711999664 0.634713882553076 0.627167116949114 0.619748143266327 0.614093151236385 0.613156062677949 0.610512591867577 0.604889816451703 0.600099693422367 0.598480720010805 0.598435864186542 0.583874432658933 0.571940717288479 0.559909286377949 0.548790511581838 0.537374372228517 0.525759571099832 0.509185305913896 0.492698454924843 0.477516451777608
