meets/meet004/_saidas_enm/CCSM_Maha_0k_Cavanillesia_umbellata3.asc
NCOLS 154 
NROWS 168 
XLLCORNER -112 
YLLCORNER -55.5 
CELLSIZE 0.5 
NODATA_value -9999 
[rows 100 to 124 of 168, columns 56 to 111 of 154]
-9999 -9999 -9999 -9999 -9999 -9999 -9999 -9999 -9999 -9999 -9999 -9999 -9999 -9999 -9999 -9999 -9999 -9999 -9999 -9999 -9999 -9999 -9999 -9999 -9999 -9999 -9999 -9999 -62.7586325133106 -27.0742450976751 -33.0029542252394 -64.3977178808603 -89.8593746384209 -98.2555649179901 -83.904489608624 -61.8224125782956 -42.5573167565289 -25.9633210647137 -10.7484392180642 -9.50581141125964 -13.9686657708609 -13.2673273653119 -10.4324185826461 -10.0527201569303 -11.503145267796 -10.4755783932029 -6.17892919149438 -1.9879056088085 -0.393258226963707 -0.0111576480758309 -0.0386339003021738 -0.141323623648689 -0.30859510629431 -0.745803486272782 -1.69374705919724 -1.65379244444337
-9999 -9999 -9999 -9999 -9999 -9999 -9999 -9999 -9999 -9999 -9999 -9999 -9999 -9999 -9999 -9999 -9999 -9999 -9999 -9999 -9999 -9999 -9999 -9999 -9999 -9999 -9999 -9999 -67.2534956336338 -28.0271779069455 -40.8151204627913 -69.6616069403995 -89.2049330271534 -92.998671145231 -76.2408007121844 -57.7040578246231 -38.4224669787881 -22.8742925664 -9.3764782996868 -11.9405932702334 -16.1591851810266 -16.327875073953 -12.528724339027 -12.5300644367938 -13.9459279919408 -13.0503319997306 -7.75076755898186 -3.9255672418806 -1.74532364032781 -0.595986971669074 0.000811625353675849 0.120258767694812 -0.0592857912639553 -0.565013567301335 -1.50592725668555 -1.54897637825636
-9999 -9999 -9999 -9999 -9999 -9999 -9999 -9999 -9999 -9999 -9999 -9999 -9999 -9999 -9999 -9999 -9999 -9999 -9999 -9999 -9999 -9999 -9999 -9999 -9999 -9999 -9999 -99.6076176220206 -71.2899113932426 -27.9850950528233 -41.8620246549852 -71.6311736117802 -85.2569664630431 -84.5435032545817 -69.0389030065881 -50.5842754248959 -34.3891711006896 -19.6338131557537 -7.99011190191299 -11.6470941592031 -16.6422851114329 -19.0207357971862 -14.8522000452014 -14.7217426160961 -16.4400286205934 -15.172879835887 -10.0050182596468 -5.39976174096835 -3.2940980593225 -2.34861174677578 -1.42349929568735 -0.332843179732688 0.0902646132545269 -0.239884801666606 -1.13266411783023 -1.47183894756912
-9999 -9999 -9999 -9999 -9999 -9999 -9999 -9999 -9999 -9999 -9999 -9999 -9999 -9999 -9999 -9999 -9999 -9999 -9999 -9999 -9999 -9999 -9999 -9999 -9999 -9999 -9999 -100.188220869481 -66.3221321611915 -27.1216346547275 -48.2123533675243 -76.5242146341862 -85.1241708730923 -80.6172525542388 -63.5637810223438 -46.9267565880242 -30.1785531436931 -16.0359049491952 -7.98847951165176 -12.8269269957469 -19.56165088046 -21.5737284118808 -17.6126919347235 -17.6688991138014 -19.7778193059516 -19.0362849995903 -13.5192582033113 -8.09036163942945 -5.2432976073619 -4.24996764635562 -3.24761331242428 -2.19369400406625 -1.31611781724505 -0.629225531590952 -1.26965047350641 -1.55582985772053
-9999 -9999 -9999 -9999 -9999 -9999 -9999 -9999 -9999 -9999 -9999 -9999 -9999 -9999 -9999 -9999 -9999 -9999 -9999 -9999 -9999 -9999 -9999 -9999 -9999 -9999 -9999 -95.7453927784989 -56.9064516280382 -28.196888488254 -57.7022653217514 -85.812938034139 -90.3165409230144 -80.8114126767575 -61.2298002362349 -43.9803612817524 -27.098722387952 -12.087628970026 -11.4284769511231 -14.0327813276437 -20.5489377349636 -23.6205148768212 -21.8575733651649 -21.5513233287082 -23.2281245394534 -23.0115438752864 -17.4566601933493 -12.2510787358806 -8.88545727944787 -7.17875240810147 -6.23375735217417 -4.54952922660985 -3.40346105612796 -2.5334278856868 -2.23306146787851 -1.5958031490323
-9999 -9999 -9999 -9999 -9999 -9999 -9999 -9999 -9999 -9999 -9999 -9999 -9999 -9999 -9999 -9999 -9999 -9999 -9999 -9999 -9999 -9999 -9999 -9999 -9999 -9999 -9999 -83.7457862854726 -49.3685098097265 -32.6985151344364 -73.8354336132227 -102.793290541727 -99.9086668814553 -86.152097633942 -62.1430181103009 -44.3493525918327 -25.5736788391058 -11.8053551494283 -13.1112901486908 -15.2375392932559 -22.9557756403215 -26.0569382549094 -25.4265499769151 -24.6211011386777 -25.4060827100777 -24.7721720118493 -19.5517437175408 -15.427827836498 -12.209940985864 -10.39718330469 -9.48835085545549 -7.75968716756987 -6.72237640273518 -5.61337494918626 -4.56747768891571 -4.14107647950931
-9999 -9999 -9999 -9999 -9999 -9999 -9999 -9999 -9999 -9999 -9999 -9999 -9999 -9999 -9999 -9999 -9999 -9999 -9999 -9999 -9999 -9999 -9999 -9999 -9999 -9999 -9999 -67.7043101835214 -42.8067684657901 -41.4875199337754 -92.2909541610645 -121.528852952866 -115.910174820546 -93.4883090346773 -64.7137049721536 -46.8333563304992 -25.1650186614279 -11.7835211976279 -13.957895554053 -15.9024009518694 -25.1980786042195 -28.6967493640818 -27.8502578634261 -26.5668905513962 -25.568718791023 -22.5681428975812 -20.3087723805511 -17.222358447806 -14.5116722646745 -13.2396096288178 -11.4863216732363 -10.9982676450665 -10.7818970220818 -9.47296781246011 -8.29103414809002 -7.12999173542343
-9999 -9999 -9999 -9999 -9999 -9999 -9999 -9999 -9999 -9999 -9999 -9999 -9999 -9999 -9999 -9999 -9999 -9999 -9999 -9999 -9999 -9999 -9999 -9999 -9999 -9999 -9999 -52.2073121902592 -34.9867803213791 -52.7869512786925 -109.741684699479 -138.563050984872 -126.969319663728 -97.9604491974059 -66.862592592298 -49.5428011197444 -23.9978897392359 -11.9381234060524 -13.4646535069285 -17.0527036420255 -27.7305466496702 -31.8850101333688 -30.9348145948141 -30.6532694009406 -28.2883884755742 -25.3410211057606 -23.4905050954545 -20.9298616135103 -18.5787223155549 -17.3026020029341 -16.1004745469264 -16.1400478801909 -16.000840518011 -14.8306844429767 -13.2383956281739 -11.662315121029
-9999 -9999 -9999 -9999 -9999 -9999 -9999 -9999 -9999 -9999 -9999 -9999 -9999 -9999 -9999 -9999 -9999 -9999 -9999 -9999 -9999 -9999 -9999 -9999 -9999 -9999 -9999 -42.0835014880097 -29.6574327105576 -64.7059011800649 -128.861318075953 -149.907086127644 -132.740116571633 -97.5715257458642 -65.3449690721514 -50.3796413503243 -22.5068745953758 -13.1961613394734 -13.7938151454258 -19.2762099337134 -31.8669148493096 -36.0750165250846 -36.0147363455846 -36.4107660815113 -35.2736602810834 -33.381391589256 -29.6588159030071 -27.658510416172 -25.1970775387072 -23.9800395731157 -23.3353998479376 -22.6794581558211 -23.2498095490929 -21.568876890943 -19.3785878812788 -17.4092190042702
-9999 -9999 -9999 -9999 -9999 -9999 -9999 -9999 -9999 -9999 -9999 -9999 -9999 -9999 -9999 -9999 -9999 -9999 -9999 -9999 -9999 -9999 -9999 -9999 -9999 -9999 -9999 -34.6103286041181 -30.1567556693246 -70.9722304115912 -126.726477766318 -144.3413424943 -119.513214150292 -83.8304300726832 -56.9721314706946 -43.5450056970977 -18.548817276212 -15.7506713674089 -14.8871709156086 -22.2229157706667 -35.3023718926325 -40.3199945318617 -40.4027137197617 -41.218039064797 -41.1234747742258 -39.8694834391001 -37.249879330969 -35.4478660210685 -33.0687514684346 -31.8806219062188 -31.3601241351396 -30.8904592478989 -30.9243012917832 -28.9433491054256 -26.8021468731431 -24.6597547833263
-9999 -9999 -9999 -9999 -9999 -9999 -9999 -9999 -9999 -9999 -9999 -9999 -9999 -9999 -9999 -9999 -9999 -9999 -9999 -9999 -9999 -9999 -9999 -9999 -9999 -9999 -45.6880685865771 -28.6454093577726 -33.0605381386102 -77.8493424757839 -125.957310623393 -130.269319921289 -99.3278883599189 -65.2770698530781 -44.3041992111393 -36.1383809694636 -14.5076892631583 -20.6322237837973 -17.7562366382907 -27.2752503845215 -40.5446723162309 -44.9043754828044 -44.9685428853539 -45.2208476395599 -46.2007486652986 -44.7788768349906 -43.498446295317 -42.9916787390739 -40.8833890440671 -40.1050750039217 -39.3045974083378 -37.8998755504244 -38.3104354573378 -36.0579053892983 -34.4241999177387 -32.6926062719142
-9999 -9999 -9999 -9999 -9999 -9999 -9999 -9999 -9999 -9999 -9999 -9999 -9999 -9999 -9999 -9999 -9999 -9999 -9999 -9999 -9999 -9999 -9999 -9999 -9999 -9999 -35.2714913490016 -24.4496703255602 -46.5495523083757 -91.0746557861588 -121.429108826917 -114.25057176549 -77.4425091910022 -48.3891061968558 -30.1376414770682 -20.7115361950004 -14.4933605947407 -19.0384889563736 -23.7564288005731 -35.1429540765037 -45.429340225583 -50.560652054191 -51.735993717159 -52.219670894662 -52.8193365037927 -52.6861877286862 -51.5013906311595 -50.3826372895616 -48.2697712709977 -47.5557680110065 -47.0840294511395 -46.0997444630033 -45.4130194554341 -43.182230124563 -42.2319236480088 -41.4847117686684
-9999 -9999 -9999 -9999 -9999 -9999 -9999 -9999 -9999 -9999 -9999 -9999 -9999 -9999 -9999 -9999 -9999 -9999 -9999 -9999 -9999 -9999 -9999 -9999 -9999 -9999 -23.725206253048 -36.2406037273705 -73.8228798802922 -109.581340044749 -135.669075781687 -97.2526070774388 -58.8758226463394 -35.3421511298619 -19.0061352979648 -14.8281944311915 -21.1087627055333 -24.088967530194 -35.0128834980772 -44.5193447474542 -51.6675632440956 -54.5903789054675 -57.3930331914474 -58.2036383111418 -58.9712665791118 -61.093848371676 -57.9576346702631 -56.915641483093 -55.2125670260973 -55.4113868645518 -54.8294180953714 -53.5226912890995 -52.5423635027791 -50.2741471483201 -50.7475313686455 -50.5850244652409
-9999 -9999 -9999 -9999 -9999 -9999 -9999 -9999 -9999 -9999 -9999 -9999 -9999 -9999 -9999 -9999 -9999 -9999 -9999 -9999 -9999 -9999 -9999 -9999 -9999 -9999 -22.593928716274 -63.17727460505 -106.456567561321 -122.025758013463 -112.352751273042 -74.1867697993273 -39.7288666905827 -22.5454311140326 -14.9849138734929 -22.6663764867125 -24.0535457769631 -33.0625315484589 -45.7976787960364 -51.9090395557765 -54.2015891276946 -57.3761683859549 -60.1081278370932 -60.6507711083509 -60.6274802568025 -60.6681877129535 -61.8416781885761 -63.7577487801499 -63.4727069305561 -64.189423431014 -63.9090060489236 -63.1587830558331 -62.164542354206 -60.0485527538014 -60.1867717845814 -60.5691631347484
-9999 -9999 -9999 -9999 -9999 -9999 -9999 -9999 -9999 -9999 -9999 -9999 -9999 -9999 -9999 -9999 -9999 -9999 -9999 -9999 -9999 -9999 -9999 -9999 -9999 -15.7836050527557 -35.766509441912 -100.858533300439 -142.564188596853 -126.505760756762 -96.7034327475423 -57.262423394589 -27.7193969348533 -17.9578019186887 -23.8231518493011 -30.491250853548 -33.6272615858328 -45.6773080479571 -55.5226971528222 -56.9120609207159 -56.1831281341144 -59.8442615992545 -62.6231300449657 -62.4910112694737 -61.9119132623693 -59.1220060184826 -63.8740017158327 -70.3557059032134 -72.6344347937554 -74.6596069016488 -73.8796029518806 -72.3195348626342 -72.8940172990108 -71.5196387800017 -72.5136851418564 -72.0213554227572
-9999 -9999 -9999 -9999 -9999 -9999 -9999 -9999 -9999 -9999 -9999 -9999 -9999 -9999 -9999 -9999 -9999 -9999 -9999 -9999 -9999 -9999 -9999 -9999 -9999 -17.379079711557 -51.6170604320828 -114.858470432676 -148.409797817474 -130.072110991694 -82.9262442899053 -51.6825793770369 -31.7939874000351 -25.6795010082209 -32.2363962871222 -39.8787161119438 -46.6508127239581 -55.2002049733764 -60.5291328241031 -61.8486996920602 -61.7719650881867 -64.6855963915335 -66.8908756781573 -66.5894229994798 -65.2375270465743 -64.7420132173836 -70.3340714047926 -78.1200369751785 -81.1175650450441 -83.1651898952248 -83.1194161463511 -83.5129827848937 -84.2885012266841 -82.973154963016 -83.8537290131788 -84.6797708787041
-9999 -9999 -9999 -9999 -9999 -9999 -9999 -9999 -9999 -9999 -9999 -9999 -9999 -9999 -9999 -9999 -9999 -9999 -9999 -9999 -9999 -9999 -9999 -9999 -9999 -21.569482604093 -63.5998690601258 -128.343870699097 -159.217424531433 -123.961041236372 -76.0753656909784 -52.8126540307394 -39.1416583106121 -37.0303599581073 -44.7149194918437 -55.5990020566732 -59.0982100597228 -63.595463129691 -67.3196310203359 -67.67356612056 -67.9639460737914 -70.4306459374374 -73.5909710453215 -74.0474111589412 -73.1710537430475 -70.9859539609411 -78.5016770465736 -87.4883928248918 -90.6784603733936 -92.6849648942182 -92.1137645608486 -93.3414588867319 -95.3947036840118 -95.0279142866012 -96.8251437001048 -96.8000091582664
-9999 -9999 -9999 -9999 -9999 -9999 -9999 -9999 -9999 -9999 -9999 -9999 -9999 -9999 -9999 -9999 -9999 -9999 -9999 -9999 -9999 -9999 -9999 -9999 -9999 -24.7868795625094 -69.915321575235 -131.723955305968 -160.524483911768 -128.997253459662 -82.1260750108913 -59.6447333759689 -49.1785245729456 -49.7410977805509 -56.873939738408 -64.6585810458013 -68.5956855299482 -71.2417186764426 -72.6442513286778 -71.638893028484 -71.6503140970341 -75.8330392130004 -80.7630220975082 -83.5332812844785 -86.4157186583834 -88.5414712428435 -91.8130148181347 -95.6368195374087 -96.8722082411908 -99.9541139625885 -101.852701668479 -103.402956888763 -105.206613092358 -103.996777712859 -105.684825484784 -106.646035101933
-9999 -9999 -9999 -9999 -9999 -9999 -9999 -9999 -9999 -9999 -9999 -9999 -9999 -9999 -9999 -9999 -9999 -9999 -9999 -9999 -9999 -9999 -9999 -9999 -9999 -28.2045406201484 -73.8442340850892 -138.315628925681 -169.01642290372 -133.542492167956 -87.634396286837 -66.3755473894041 -59.6664801380112 -61.8382750862724 -67.1109186880286 -73.7609299759174 -76.2479318133667 -79.2436572602091 -80.0242391994983 -76.9585421609024 -75.8170916893289 -81.5751611931043 -89.6300700489703 -94.5790458446733 -100.427897182767 -104.198358311415 -102.270803670071 -102.778703478473 -102.544512448724 -107.228534222334 -109.311628547628 -110.544309255539 -112.898120143497 -112.436982796072 -115.296597799276 -114.996670594002
-9999 -9999 -9999 -9999 -9999 -9999 -9999 -9999 -9999 -9999 -9999 -9999 -9999 -9999 -9999 -9999 -9999 -9999 -9999 -9999 -9999 -9999 -9999 -9999 -9999 -31.5552275677808 -78.706219531133 -142.452428847838 -174.714729551179 -143.072303205485 -94.490374626296 -74.0320811346867 -69.2469429300609 -71.3870030666451 -75.0202562644682 -78.0134792624493 -81.8851509649409 -85.1323788198199 -85.8453535779529 -83.8325772149518 -83.791509847912 -91.0900064406674 -102.581806408667 -108.47923940264 -109.99552163305 -109.174704019795 -109.500113967139 -109.940557017723 -108.807576161068 -112.054643987392 -115.049131694181 -117.667083496013 -120.328791771287 -119.124984595311 -120.572565743373 -121.342329421299
-9999 -9999 -9999 -9999 -9999 -9999 -9999 -9999 -9999 -9999 -9999 -9999 -9999 -9999 -9999 -9999 -9999 -9999 -9999 -9999 -9999 -9999 -9999 -9999 -9999 -34.1170419844103 -82.4437875085089 -150.729722201692 -184.051803320976 -153.586074320959 -103.620463152512 -85.3803821593643 -80.4671578261983 -82.0628655093713 -84.0543626458846 -85.9984947480248 -90.0491687521129 -92.8263334420333 -93.3411671761294 -91.8239100346867 -91.4946208016259 -99.5962400152667 -113.477474254103 -118.828178850172 -117.518702063058 -113.765535363425 -113.127773761956 -114.711662625292 -114.134086343181 -118.278034322827 -119.53000953289 -121.329462808275 -124.858825589819 -124.226204949923 -126.419508995817 -125.610759742923
-9999 -9999 -9999 -9999 -9999 -9999 -9999 -9999 -9999 -9999 -9999 -9999 -9999 -9999 -9999 -9999 -9999 -9999 -9999 -9999 -9999 -9999 -9999 -9999 -9999 -36.7683132308119 -86.7116222655306 -159.450987469697 -195.770139386526 -169.325240744262 -118.297215318359 -98.9038334297414 -94.2415841344475 -95.0332484796966 -96.9282100255635 -100.06837958506 -101.360177099784 -103.187690666903 -102.441316452351 -98.5192016747363 -98.3194421325076 -106.061623779799 -118.621231292817 -124.025812113762 -122.083765570152 -118.030567911788 -118.03276622872 -118.867772688307 -118.537439147167 -121.465906428865 -123.874154437708 -125.651224568987 -127.124688371132 -126.344889399534 -128.27978081067 -129.445396672986
-9999 -9999 -9999 -9999 -9999 -9999 -9999 -9999 -9999 -9999 -9999 -9999 -9999 -9999 -9999 -9999 -9999 -9999 -9999 -9999 -9999 -9999 -9999 -9999 -9999 -39.330618303515 -89.6544989581731 -165.812963632036 -207.478763794173 -182.59839829317 -136.929756825825 -115.907864778001 -108.997607300496 -108.069597651113 -108.950363114322 -111.268754199833 -110.476416639142 -110.729285377454 -108.369557755478 -102.843541457879 -102.164187376678 -109.227782501334 -121.939231550353 -127.608987078012 -126.686787006089 -122.799525281704 -121.89216792076 -123.465963601066 -122.024565849547 -124.819796688486 -125.546980764391 -125.797251173128 -128.847106931757 -128.999443219764 -131.192005884523 -132.037667609702
-9999 -9999 -9999 -9999 -9999 -9999 -9999 -9999 -9999 -9999 -9999 -9999 -9999 -9999 -9999 -9999 -9999 -9999 -9999 -9999 -9999 -9999 -9999 -9999 -9999 -42.0581163998341 -94.2293126690534 -170.753161120617 -216.228270189175 -196.828803835809 -157.895318570306 -134.825566273937 -122.302439454757 -119.535075960993 -116.851022340425 -115.666828614176 -115.642036387032 -114.300114625333 -110.542941473726 -105.200976164399 -102.572941461032 -110.071216815518 -123.639870374175 -129.914659664702 -130.429033304857 -127.90160416379 -127.133043393976 -127.466907703068 -125.396019000578 -126.001084581468 -124.372980128265 -125.79326117513 -130.915323304236 -129.046681018878 -130.217955781846 -131.870670322588
-9999 -9999 -9999 -9999 -9999 -9999 -9999 -9999 -9999 -9999 -9999 -9999 -9999 -9999 -9999 -9999 -9999 -9999 -9999 -9999 -9999 -9999 -9999 -9999 -26.4640023025405 -47.551195181069 -103.862833120429 -176.543778192127 -223.722151459022 -208.287457298562 -174.925640385728 -148.428077546801 -134.251359327402 -130.258748776918 -126.890642814956 -123.962435546661 -123.084189419 -120.657112058803 -115.550740993027 -108.500137913898 -104.916474302119 -112.160955400526 -124.371186429885 -130.448160195333 -131.898845182414 -131.178845374673 -131.54308174591 -131.297445725332 -127.49706498145 -125.28229788943 -123.813235676291 -126.245342646837 -130.234309956767 -124.160635036719 -116.566560133277 -113.211386447105
