meets/meet004/_saidas_enm/CCSM_SVM_0k_Cavanillesia_umbellata5.asc
NCOLS 154 
NROWS 168 
XLLCORNER -112 
YLLCORNER -55.5 
CELLSIZE 0.5 
NODATA_value -9999 
[rows 50 to 74 of 168, columns 55 to 109 of 154]
-9999 -9999 -9999 -9999 -9999 -9999 -9999 -9999 -9999 -9999 -9999 -9999 -9999 -9999 0.102451794926295 0.0931548212265993 0.0861481414006402 0.0920664628049616 0.0501074975046085 0.0118048359398481 -0.00739411115553473 0.0446461640383402 0.158441132581544 0.389839496682549 0.440919725696071 0.316228513794278 0.190171429140107 0.0734138578978196 0.0393854137566092 0.0535444417475706 0.0666093847966086 0.0705013524082166 0.0661913725217112 0.0499371644500969 0.0557000616700195 0.449597423934414 1.0569040399243 0.775220570662009 0.475793410730414 0.315586725992853 0.208102871935723 0.197361640626419 0.132490157411702 0.110844008258175 0.0369234334013593 -0.0968286269760607 -0.103574361898608 -0.131778666685474 -0.0857732493072411 -0.0562591963624329 -0.00933650158717581 0.0561104970422784 0.0621806174109765 0.205443753567688 0.248677542886454
-9999 -9999 -9999 -9999 -9999 -9999 -9999 -9999 -9999 -9999 -9999 -9999 -9999 -9999 0.0907299811812257 0.0800371072477 0.0690606113605851 0.0449406204180354 0.0389494764820499 0.0207649826433048 0.0134973559771375 0.0294186739308162 0.0609603344968984 0.156991979994959 0.145364490711459 0.0665685326332434 0.0234437993269855 0.0295456829925038 0.0481791782405621 0.057564188417644 0.0584078179469931 0.0603803045366092 0.0648882663563052 0.0636619708809566 0.0415901800550209 0.184819142590459 0.778507221273807 0.895127902783955 0.575146809669377 0.401727040207835 0.274596115818874 0.209897343607213 0.152910990833983 0.123640295807457 0.060583831377547 -0.032983704122836 -0.0616180242753823 -0.067502309332201 -0.0209997314322539 0.0294273537606317 0.0613929257732819 0.0831461524252665 0.1268322882653 0.251252840175964 0.259850380515503
-9999 -9999 -9999 -9999 -9999 -9999 -9999 -9999 -9999 -9999 -9999 -9999 0.0988209184109311 0.0806166271740001 0.0635824450826571 0.0538417106498592 0.0555009364257056 0.042212491981498 0.0370385223564731 0.0428942625642226 0.0199035735571426 0.0243498114091281 0.0260968669909169 0.0233473485563409 0.0200152234224347 0.0251704753505731 0.0374866159965144 0.0500911883743721 0.052282674577347 0.0508760413360544 0.0557136383363869 0.0616146658361474 0.0584548405427013 0.0631052676525964 0.0487544632349552 0.0644613545409803 0.482618623019501 0.773352737937658 0.566093677645763 0.360040060120186 0.261068008634595 0.19998494384082 0.149677064540981 0.13225989965287 0.0888466050831462 0.0341659147243242 0.0238016815428661 0.00191792446375189 0.0616778828207623 0.105890963372097 0.0739602289805844 0.117052151940408 0.22746848189476 0.261166720006815 0.229491275211879
-9999 -9999 -9999 -9999 -9999 -9999 -9999 -9999 -9999 -9999 -9999 0.0997492865929386 0.082475169350742 0.047339734283615 0.0336952168904642 0.0540018519134319 0.0695535608398951 0.0639320954902156 0.0367433184598004 0.0256924194282366 0.022323018644075 0.0227094455157492 0.0261135137950905 0.031627860747792 0.0376965088389312 0.04429046793281 0.0485517446364326 0.0479207000331203 0.0490469548500646 0.0579914896175566 0.0686315444954873 0.0708548368866772 0.058445257585521 0.0577333552717926 0.0502360244070395 0.0322506301643337 0.283338645801999 0.560382180061265 0.46456910305887 0.290852726948145 0.177369830663004 0.150490359943417 0.137268258869128 0.127274130478698 0.0989200346603211 0.0594767356694882 0.0338612726556913 0.0322018480114497 0.0520442377323588 0.0372437175691575 0.112188444639002 0.251687628452999 0.290207636148425 0.22111934182215 0.150442765048045
-9999 -9999 -9999 -9999 -9999 -9999 -9999 -9999 -9999 -9999 -9999 0.0735663869685609 0.0443606355102414 0.0155359464506277 0.0380469357061849 0.0641016299961797 0.077665394831514 0.0675714182771916 0.052372454209729 0.0411355383031506 0.0401711653917703 0.0409527305344378 0.0434361776531466 0.045870817421523 0.0472468662861401 0.0479531651759373 0.0482796620167545 0.0541355063011122 0.066640707169891 0.068849054432773 0.0639954869856083 0.0697051126508743 0.0606358404245655 0.0527883234410349 0.051124145915205 0.0236326782599096 0.143388074343565 0.355008481216502 0.338621529602307 0.245230568551908 0.140682951775306 0.0793383896242187 0.108419443548764 0.117899448018621 0.103171089748747 0.0616407518214989 0.00600853293773707 -0.0204545081805113 0.0297657113688231 0.159855010156919 0.282397604909034 0.330600417344174 0.266336664001445 0.178418151874131 0.0930182329384985
-9999 -9999 -9999 -9999 -9999 -9999 -9999 -9999 -9999 0.0946937364635186 0.0538213149179313 0.127834133204276 0.0852953300959546 0.0250227417807776 0.0467668764167131 0.0630409264241813 0.0704024383040825 0.0640929026573114 0.0543074172628366 0.0526330080393205 0.049977278652961 0.0487603037044179 0.0495348156655949 0.0493253792492911 0.0495675657966795 0.0521106898914712 0.0514731583957657 0.0510897983599068 0.0495349157602442 0.0493331749567669 0.049971650089687 0.0497358468816838 0.0492038659961687 0.049442950860576 0.0500760790077392 0.0266644828085423 0.0434354036879693 0.162214936736814 0.229800129900522 0.208999062563046 0.139806045457495 0.0917938427303939 0.0671866894440537 0.0859361142805077 0.0618887519935498 0.00839787050118518 0.0913096054459306 0.223454715125803 0.331407126972484 0.374830583006155 0.349077912661115 0.26173985812012 0.172745835680246 0.101171018414808 0.0620260535397996
-9999 -9999 -9999 -9999 -9999 -9999 -9999 -9999 -9999 0.0648837600968192 0.093278415093888 0.398650237317804 0.167101138265174 0.0294231951655468 0.0499651538835285 0.0608179984459175 0.0629903479072562 0.0575654458997357 0.0536214406392176 0.0530263849627174 0.0507410689160275 0.0500736627403678 0.0493465260578198 0.0486703006092789 0.0480647245402479 0.0477851537252785 0.0481561719937417 0.0484276691103109 0.0488034814175157 0.0491582267828143 0.049433704007437 0.0498211275084267 0.049778214177901 0.0500023641332528 0.0492498312045269 0.0362876579257548 0.0199933820671424 0.0383342586508896 0.0849897870522046 0.11209024709625 0.0933525719973359 0.066271701922571 0.0469692149632437 0.0452617565512743 0.123989627544658 0.226201318349387 0.310104952206271 0.29457963039454 0.242533803042369 0.155483164389846 0.072270999783993 0.0302578880562758 0.000203906441788859 -0.0167228424354446 0.0208406499078443
-9999 -9999 -9999 -9999 -9999 -9999 -9999 -9999 0.0855278459709533 0.0659236534359634 0.295480860558638 0.401653793352701 0.209332748323361 0.0468382662307709 0.0462830388531932 0.056694348336129 0.0565456242152481 0.0518278569294156 0.0511042805232876 0.0482317556733701 0.046084798634931 0.0463483155056813 0.0460069100034826 0.0459849473363946 0.0461227487466378 0.0469696653109758 0.0481753002062921 0.0483905902691864 0.0484210686309378 0.0485513578815679 0.0483457987978138 0.0479509983477283 0.0475134442392616 0.0469577049208842 0.0460236852027951 0.0441722939409712 0.0296010947152403 0.0228085802322052 0.0244457757722841 0.0289483933439725 0.0302489651494089 0.0411318305559515 0.0553746908276505 0.0760238367582297 0.10393530075214 0.100689816506433 0.0752818271667036 0.0273809199570237 -0.000209079557611347 -0.00918821538951914 -0.012422484280778 -0.0208322325919056 -0.0350524116841904 -0.0527043625781624 -0.0192380042883444
-9999 -9999 -9999 -9999 -9999 -9999 -9999 -9999 0.0807203015955547 0.210311613352727 0.502687824336072 0.330247618101711 0.185776155761809 0.0304499579986243 0.0323212401721265 0.0524084594522352 0.0506031819309596 0.0475060176231292 0.0432548645651453 0.0380819622993772 0.0360677068894508 0.036486609399624 0.0362621664145313 0.0370135990025195 0.0353723377283236 0.0337392672099421 0.0349992751828205 0.0339787357684913 0.0354945468505856 0.0347806413089768 0.0325599440119843 0.0335727677654775 0.034025847314571 0.0362808258414682 0.0375440989048016 0.0387156665307294 0.0422011676888754 0.0316035923619437 0.0230124490849568 0.021504450260424 0.0218457865424275 0.0219995618378072 0.0208833588692671 0.0200405109991634 0.0196206507873952 0.0287517667862888 0.040679301634626 0.0557931538337585 0.05756301327968 0.0547934753800174 0.0386984930449386 0.0254908435107959 -0.00156262764984672 -0.0245197392638726 -0.04736729989811
-9999 -9999 -9999 -9999 -9999 -9999 -9999 0.101703806045806 0.0868391613060336 0.278442060909614 0.492349718137325 0.293871664192438 0.185806278602682 -0.0111859088602493 0.0289309612976145 0.0450634129192988 0.046056680910152 0.0397679170380287 0.0329387865515875 0.0283989751948069 0.0264325018101935 0.0251189344704917 0.0223955471258983 0.0199785093743773 0.0187342891126485 0.0190074215363429 0.0197048102388587 0.0189513985397914 0.0178444574049894 0.0177099826604669 0.0185347323921726 0.0193864762958109 0.020710251991088 0.0221202174729622 0.023915881498891 0.0274427075795231 0.0300478241073582 0.0332036495886455 0.0350500126344607 0.0384829740153403 0.0410890534399639 0.0423460346261214 0.0437682975444625 0.040645654225722 0.0346317887344749 0.033821232403449 0.0302939476739825 0.0306827748482812 0.0264027554147389 0.0220720512032692 0.0144393614431669 0.00218369932766094 -0.0187686782677582 -0.0396593452519 -0.0479435006389509
-9999 -9999 -9999 -9999 -9999 -9999 -9999 0.124231823939632 0.0449464420450426 0.0500050109348797 0.277656560566424 0.2364478867375 0.131253932424217 -0.0364252978197314 0.00281417393831707 0.0206862424800552 0.0383697094158947 0.037565481934537 0.0351065943581794 0.0412314997601578 0.0428858649485783 0.0397566063593678 0.0407535336158301 0.042164741087386 0.0491364798194442 0.051968636101447 0.0481842966622912 0.0488707303452679 0.0462866049020103 0.0453084472902431 0.0422896521636646 0.0355400320480735 0.0309154908204513 0.0248671692419592 0.0219333600132964 0.0202008925541587 0.0191943546138117 0.0190516083483422 0.0194382681216372 0.0201650702061742 0.0219748269883091 0.0234508697618875 0.0252085218083843 0.0236533360529264 0.0219509051588171 0.0225493088326303 0.0198485677528925 0.0197120692908465 0.0177775138750836 0.0153614032650071 0.0118145328585507 0.0058354444344022 0.00675757281906003 0.00960329005888511 0.0295412749752708
-9999 -9999 -9999 -9999 -9999 -9999 -9999 0.161854780371741 0.0309241279869514 -0.149320407296459 0.0581683281876048 0.172979595562982 0.0875140849151014 -0.0707726468190932 -0.0249686126718391 0.000235431538009978 0.0358904488282847 0.044955610101611 0.0593494047942889 0.0886269138394724 0.100637980120665 0.102884588118589 0.124663782095487 0.148270334522501 0.165439933450617 0.151765302476674 0.142342622454772 0.134168135976098 0.131322025089343 0.124717685733568 0.110958088138057 0.10279043060382 0.0882716677631253 0.0775917581862318 0.0659471809947453 0.0520423331508167 0.0475622035825779 0.0460696370667873 0.0524558447808305 0.0600738037220229 0.0661271996375111 0.077351849112977 0.0690012370545342 0.0723265645384905 0.0608963828009987 0.0442005356186529 0.0303488860535582 0.0253727784023334 0.0245829637028566 0.0288964266999142 0.034468358577758 0.0517251385469814 0.077746530940599 0.130224646441297 0.169052769500742
-9999 -9999 -9999 -9999 -9999 -9999 -9999 -9999 0.0395070366114384 -0.192526650381176 -0.0781030818397843 0.135896383173259 0.0950463674614153 -0.0892470664661453 -0.0607373863322587 -0.017199058519772 0.0291911987544081 0.0558333407668229 0.109153166424468 0.168470290344129 0.206791105638571 0.237110349056568 0.282693500832638 0.317708232071486 0.3339009030588 0.323374334792723 0.298961541748468 0.290756295443015 0.274245098563538 0.254678688633353 0.243115915121019 0.228293949279405 0.218275269030666 0.198095139086085 0.187302716746907 0.180961983773863 0.172159595172907 0.180542977660396 0.185092038166362 0.205381004456747 0.225131240849691 0.208692573075128 0.19161170787073 0.148744173292572 0.103425345236591 0.0705566802245191 0.042768033855482 0.0403284269268223 0.0476036040955172 0.066673784772089 0.0959678408508424 0.136282492023923 0.211173171537512 0.288179526426224 0.352331286789261
-9999 -9999 -9999 -9999 -9999 -9999 -9999 -9999 -9999 -0.203563754921635 -0.119453756516177 0.20811538078382 0.135137206452304 -0.091590149263383 -0.0590229020753886 -0.00112346759903559 0.0501012485962111 0.0916532655294077 0.175645484075998 0.256616640251714 0.303594946925004 0.355715449136305 0.39971679477521 0.440214200426373 0.450096897247478 0.434227310046373 0.413286429374518 0.402781248072214 0.382048470334871 0.353108181806038 0.324689999728237 0.321394305133774 0.316499168605528 0.311504340704849 0.305979511974458 0.304782534132755 0.309581215966328 0.311212056972459 0.324580078103048 0.331400607661667 0.320400927673766 0.276797567088177 0.211925173817825 0.145850679731783 0.100259731080415 0.0735731023088068 0.0572185681830132 0.069384729700162 0.0954042814972667 0.127150073580482 0.159870389954423 0.217513114818091 0.291356960458643 0.368693131625 0.432073848536945
-9999 -9999 -9999 -9999 -9999 -9999 -9999 0.0323034200175875 -0.13983641860346 -0.29679854734531 -0.0923814982355818 0.160448173048104 0.132770480969173 -0.0688806535253697 -0.0552585780054274 0.0236241033362897 0.119267174011231 0.166627929173382 0.219217370466966 0.301445410366619 0.371071700620833 0.4227819378681 0.460753312788815 0.475819768363422 0.478973711419313 0.472941500007932 0.457352834926257 0.43789210770193 0.407137947183328 0.37218216123794 0.34064044748956 0.323422607908088 0.337457386301591 0.348369930513368 0.354354261352849 0.364851924233904 0.370491392992029 0.378519234839739 0.380904371122649 0.384189536976795 0.36662422565108 0.303603491694439 0.235326032191561 0.170472283680439 0.117930638352094 0.0834628944881102 0.0692323350025469 0.0767532989692787 0.100298344279967 0.129394060149501 0.158233291363399 0.203492622457515 0.274694130182571 0.352143447619525 0.42213935351365
-9999 -9999 -9999 -9999 -9999 -9999 0.0466712940289882 -0.131866847315133 -0.311701583492447 -0.269364539775224 -0.0144948700936048 0.166759955893874 0.141456534380255 -0.0287692468449871 -0.00779272481097548 0.124989108413215 0.259860451765555 0.270623910395951 0.293584261984694 0.337361854632426 0.423597105585814 0.463594456547303 0.491563774499418 0.474174116022591 0.462678112822825 0.4592108882109 0.424432860929609 0.396597593093012 0.350516349393537 0.313589221309458 0.298148451823609 0.274476117874306 0.271494055315693 0.277865802290967 0.288294860901029 0.312218778669808 0.331473966647058 0.350129342714342 0.366946893279254 0.382362746215162 0.365607200224438 0.28214339927295 0.211535461710123 0.147548811647585 0.0992944479244636 0.069593592130637 0.0499841295732872 0.0634713851123567 0.0775529004522324 0.0985827937767916 0.119119537671343 0.143226390489038 0.209771002418424 0.268661427057299 0.324413433428961
-9999 -9999 -9999 -9999 -9999 -9999 -0.019592240082504 -0.226377142390732 -0.332902032937588 -0.150829678261875 0.0798358579660788 0.206680395007516 0.1938524050079 0.13363198593665 0.170672601430109 0.268275071937431 0.362520861495821 0.345636176061843 0.371124014027524 0.415502447779818 0.473696079098394 0.516004120360789 0.518890542337129 0.495007744603953 0.466512926616168 0.427612905038778 0.384980866504877 0.345134881256308 0.306698936001904 0.270689836011443 0.2459508446362 0.227759978463175 0.224697730391095 0.230624987117078 0.238138078736577 0.257410216510315 0.27950395010066 0.294283018452085 0.306849588443693 0.316888429574143 0.312472522707056 0.243775256874009 0.17417934128367 0.119823448515986 0.0800758112086377 0.0532411331576736 0.0420985630641476 0.0442950487042988 0.0548029243365123 0.0698468440851299 0.0811734113776945 0.101503238357373 0.137464273900206 0.177703598438233 0.208317120240152
-9999 -9999 -9999 -9999 -9999 -9999 -9999 -0.241946237038137 -0.283726496509504 -0.0284920850154305 0.122353825934949 0.230022572313345 0.212448965527454 0.220131516498497 0.266439815222505 0.311594345929072 0.427772448245128 0.37720759417355 0.433427629280675 0.47619502667983 0.506847218435017 0.544728489526962 0.516851735157298 0.498758532517546 0.453277895972989 0.396195553120018 0.355699841298709 0.311783500168705 0.28680864252792 0.254842789838336 0.227070010859816 0.208320435314446 0.197407063625119 0.19842384789001 0.195760709716001 0.19964998271535 0.208891088010471 0.211903003699461 0.219800959738765 0.225484919641508 0.230016947771521 0.194338277510237 0.136490704381554 0.0921155183212072 0.0617065095444755 0.0388310496804937 0.0292776581876924 0.0304986034424291 0.0355903299879539 0.0444435276798031 0.0499600439559986 0.0562619075027531 0.0738751116183266 0.0891740541150439 0.093773145935014
-9999 -9999 -9999 -9999 -9999 -9999 -9999 -0.119961104977498 -0.247322981203836 -0.00744551536309684 0.152281131391454 0.218456344435176 0.194525895271404 0.124749462221284 0.108452488017812 0.168688499487877 0.239587070663698 0.344944738856502 0.460851662785177 0.508128822743887 0.509496731676468 0.484908503626796 0.489550691386647 0.495861252140845 0.45962559605945 0.392031744953351 0.331597095339171 0.311319318459893 0.297296788178975 0.273540231207557 0.24861947581758 0.225343063582747 0.218071136835545 0.213287590615359 0.203642861321209 0.194350942578803 0.18310124601633 0.17999627673733 0.176561191949644 0.172859631219391 0.172432418053216 0.16594610413421 0.125124513087632 0.0911246858066379 0.0655997873980558 0.0459607231901005 0.0361314955243736 0.0345392105409315 0.0373582773276624 0.0457352389863107 0.0533601111992612 0.0580218990021946 0.0514204994605617 0.0372962313294166 0.0277983738040327
-9999 -9999 -9999 -9999 -9999 -9999 -9999 0.0918266973330363 -0.199242159771112 -0.14520365066584 0.0761644592965964 0.164055188246818 0.152446111510001 0.0669892950677511 0.041918696566081 0.0705700711112885 0.123190863356093 0.259803527521708 0.42862887699815 0.478204271145447 0.473831435007579 0.432870593080506 0.447012427244589 0.478240074529665 0.448197297730562 0.372949569825109 0.319434937954938 0.302070714350229 0.295581426561276 0.277897433445423 0.263760648596942 0.252579367202087 0.249628520770549 0.246186995453878 0.237333548389204 0.222458418900928 0.202568779899509 0.188207413672903 0.17770029097877 0.162792069248668 0.14283370885439 0.138229652997799 0.114574896768868 0.0952507216590913 0.0767664391937151 0.0529557830396699 0.0483561373722348 0.041094618879056 0.0461789305392328 0.0501649290209268 0.0492309483657137 0.0612073563132391 0.0282192496357789 0.00398339905813438 -0.0172663761756477
-9999 -9999 -9999 -9999 -9999 -9999 -9999 -9999 -9999 -0.164249852433221 -0.103607973834104 0.0946061760046462 0.10069551490468 0.0532635917537576 0.0500873226952482 0.0680513850627456 0.129952287273501 0.229254052441757 0.340819653081535 0.408179732227383 0.445467627617612 0.41265561975516 0.435145052485305 0.469643237482936 0.438079996029012 0.367299641164284 0.310112732027083 0.293157522233824 0.275346060217855 0.256984613340474 0.253544278336958 0.25735847885979 0.258188482401604 0.256798268889152 0.257595763549627 0.255349824485515 0.245057155688135 0.231248283427472 0.214662479419677 0.194401067728073 0.173418281858104 0.151132639553489 0.137942254923117 0.123613562939766 0.105398247572325 0.0870820146770496 0.0739221677547087 0.0677959358513578 0.0635943931074681 0.0641293588813187 0.0635968904598679 0.0527415700937444 0.0286049052592082 -0.00749578172205112 -0.0313260975812978
-9999 -9999 -9999 -9999 -9999 -9999 -9999 -9999 -9999 0.110847218723529 -0.213279624802485 -0.00689635369877561 0.024178953694052 0.0411221071649412 0.0606866582032192 0.0823990122577828 0.14298567735352 0.253739497542758 0.351835997266076 0.39148227588404 0.424866610975719 0.40318373187377 0.415763041628815 0.420271713390499 0.379126588318479 0.334946564083371 0.287393332357465 0.264479376724927 0.239717396898391 0.21566025623542 0.213473243288897 0.221659822555207 0.223818204402796 0.21709240100233 0.227137298913587 0.247680719516236 0.257094970533426 0.254958827172459 0.241942295323398 0.227940355687942 0.208842264311302 0.187040638786791 0.167109598585184 0.151555023992816 0.135442380014296 0.110927758922674 0.0982612497982438 0.084912883935332 0.0754538238238857 0.0662247943593863 0.0495001103500045 0.0412631691938621 0.0160922512820675 -0.00922968696503823 -0.0330340291872551
-9999 -9999 -9999 -9999 -9999 -9999 -9999 -9999 -9999 -9999 -0.210937188215156 -0.15659064496114 -0.0661341359057493 0.0279179500930429 0.0804647459024004 0.107795182978929 0.164926374258343 0.320731461854628 0.44959993937996 0.451972530747762 0.456487908618851 0.412386532247722 0.399810029654741 0.379372287248501 0.321119958589728 0.28869541489122 0.26019363202457 0.23626379129716 0.203884331438169 0.182907720734441 0.173215120482451 0.171824679870543 0.166844144405082 0.155822996748376 0.164714983659742 0.190783725216024 0.215925838803854 0.223898083835411 0.224909877728142 0.226136540079872 0.2210843874087 0.212440029131194 0.196730535611053 0.180197738764068 0.162319934741374 0.142941957226338 0.122229485877089 0.106470589065304 0.0877834275157934 0.0688897362247939 0.0520128066588902 0.0345402153136573 0.0179171231605867 -0.00240979615145448 -0.0192886668197009
-9999 -9999 -9999 -9999 -9999 -9999 -9999 -9999 -9999 -9999 -9999 -0.244199479567183 -0.15194235102314 0.0445168678046126 0.112983313853953 0.137611753145167 0.181232023698677 0.361864241460719 0.567950688531922 0.532863172167822 0.478423823751138 0.418055871020291 0.380484621911384 0.331376886350835 0.273466593083941 0.233498928206031 0.208719579259381 0.18399032721038 0.153018234060385 0.132417746327107 0.127125384107078 0.126188024669243 0.115722085871833 0.0986410199661166 0.0993059610595861 0.118852665830755 0.139521055389731 0.154168026001959 0.160930673248118 0.174832866207344 0.187960995454928 0.194055160857211 0.189773806667491 0.182679974573556 0.174560576068463 0.159703072631146 0.142717249222997 0.122155274349639 0.096805334287677 0.0697019908535231 0.0398584776909495 0.0197563425220512 0.00544338414878748 -0.0067990040536956 -0.0196704029934926
-9999 -9999 -9999 -9999 -9999 -9999 -9999 -9999 -9999 -9999 -9999 -9999 -0.0869455840003756 0.0502446212621766 0.138411122542619 0.166516307721228 0.182686072418763 0.303528332710857 0.610369917355293 0.601536084188433 0.503661522613319 0.432990266705561 0.368429666451622 0.295160439730436 0.229851454849121 0.194327064383575 0.163390881059204 0.140825817971017 0.111161403536092 0.0908735210698681 0.0835064817458729 0.0751667286067726 0.0672731731735209 0.0524276347632272 0.0508163435328151 0.0560582757646397 0.0581171523052074 0.0755365664624748 0.0837091901890816 0.102564586521651 0.123812640101623 0.135793229370859 0.149543849832984 0.149506958923036 0.154531649422299 0.159110682802237 0.150745882529787 0.124548728647664 0.0920189373929117 0.0602101908984028 0.0289582674408642 0.0080403205219482 -0.00479190125641332 -0.0184076685085889 -0.0302380470196429
