meets/meet004/_saidas_enm/CCSM_SVM_21k_Cavanillesia_umbellata1.asc
NCOLS 154 
NROWS 168 
XLLCORNER -112 
YLLCORNER -55.5 
CELLSIZE 0.5 
NODATA_value -9999 
[rows 48 to 71 of 168, columns 56 to 111 of 154]
-9999 -9999 -9999 -9999 -9999 -9999 -9999 -9999 -9999 -9999 -9999 -9999 -9999 0.106349304783261 0.105887732023645 0.122208574236361 0.470012464010497 0.511305018188895 0.15882881352144 0.0577155804686558 0.04898574459549 0.0256109092459785 -0.00210387505300647 -0.00517595173009727 0.023724623881118 0.0499111599983386 0.0449691353289898 0.0418756985190443 0.0390184397545548 0.051557945612591 0.0595993658597567 0.0363285701901203 0.00710841137492002 0.0243843658691391 0.115855104799817 0.0949574320888837 0.0432034723182085 0.0337648314651036 0.0431047803916985 0.0470828023584375 0.0510703233416125 0.071317607749492 0.0966128841150615 0.10110623412548 0.0325635607826992 -0.054293422949113 -0.141188483354142 -0.10635342888837 -0.0757021198524518 -0.0276465492389853 0.0429660779675357 0.113836038429277 0.190615379316147 0.309515819496585 0.333542614557172 0.275176834490759
-9999 -9999 -9999 -9999 -9999 -9999 -9999 -9999 -9999 -9999 -9999 -9999 -9999 0.106316283638177 0.104788997694995 0.127063198195396 0.463366668431043 0.427824680471556 0.157730893328621 0.0570984546812136 0.0401301906740349 -0.00967662543831715 -0.0629357783021574 -0.0857178144495314 -0.0642311368637383 -0.0406571292837739 -0.032393868099389 -0.0518687404340298 -0.0582737686516168 -0.0285230940861003 0.00161785551892712 -0.0254453618997127 -0.054573774200232 -0.00877386070208269 0.115023138270171 0.140733795304147 0.0688789705889258 0.00736662008279371 -0.010564162958515 -0.00500946698899396 0.00504733661955359 0.019466037651462 0.0343542884610487 0.0309449821818316 -0.0392813062075192 -0.140674279578134 -0.17773243879917 -0.166119147015092 -0.134261733347318 -0.0787989262411453 -0.0144708375895585 0.0602688380405627 0.128636724545819 0.200363273689446 0.251297570479318 0.240435311417705
-9999 -9999 -9999 -9999 -9999 -9999 -9999 -9999 -9999 -9999 -9999 -9999 -9999 0.10619497064079 0.102805339876256 0.146467844840781 0.416267321986495 0.308611183571973 0.109847898620345 0.0277353977165898 0.0413591925526399 -0.00297632882436233 -0.0237199499440015 -0.0300922748697366 -0.0688539182008399 -0.0607930201427574 -0.0153635763056477 -0.0288839685453381 -0.0324638396756513 -0.0213925240633603 0.0145645452169157 -0.0316809690168456 -0.0647500715185801 0.0191103026689236 0.257204689756168 0.289905456242198 0.153782127952287 0.0394417439742164 -0.0150952593432316 -0.0312653422155395 -0.0122143282848583 -0.0445496512198736 -0.0448267747065643 -0.0753839127437588 -0.139066180696228 -0.173636400269122 -0.182757311573158 -0.156865443768097 -0.135150247618198 -0.108940487051024 -0.0659652138020987 0.0164870805819605 0.0982935372951682 0.165101629597754 0.214277728914185 0.214249966084934
-9999 -9999 -9999 -9999 -9999 -9999 -9999 -9999 -9999 -9999 -9999 -9999 -9999 0.10160954855985 0.0983454114381381 0.124448654288208 0.294837151945519 0.262523952841007 0.1186495949147 0.0391166597147586 0.0737590766933036 0.136898739107316 0.201864351613241 0.248633177897067 0.231767826763682 0.215905304561017 0.216844025898197 0.169794030169105 0.130547729453394 0.104913652115104 0.0964804480388518 0.0891396274653577 0.104148824742642 0.26335570510367 0.486407486896512 0.473086678249971 0.225424818072757 0.0627413246750709 -0.00577934981722861 -0.0394697451507688 -0.0416117801558339 -0.0681454039228578 -0.0743578184957752 -0.10030473874071 -0.144681346414109 -0.165376078551723 -0.176935005177474 -0.143624023956687 -0.121845802376216 -0.0847068002976021 -0.00572388920860384 0.0573589896212651 0.155089027652463 0.206071197145936 0.217568256197138 0.197837643608422
-9999 -9999 -9999 -9999 -9999 -9999 -9999 -9999 -9999 -9999 -9999 0.10274137790903 0.0977022334924133 0.0983849961314308 0.0968259437341709 0.0979729857318625 0.134017884746957 0.178078624117879 0.112520588710864 0.0632403719932887 0.107516413214947 0.199753507252571 0.347476998623251 0.420758955032551 0.39916898111307 0.291070292599559 0.176014541882307 0.0966430562298708 0.0758353026609715 0.0740315215141634 0.0795895506659557 0.0901221785330344 0.17721088029404 0.483258066077576 0.859680665890642 0.621414381627291 0.281128805546481 0.0783279606339921 -0.00142428259547006 -0.0453252147532854 -0.0602462158053144 -0.0908824622960896 -0.0892372589333502 -0.108556731638487 -0.139423821860827 -0.129435639202107 -0.152789471471756 -0.10689828243162 -0.0849085430898567 -0.0417651648844968 0.0588680015668649 0.119386262656082 0.194407618528739 0.210720501784496 0.177158093190765 0.152206944406898
-9999 -9999 -9999 -9999 -9999 -9999 -9999 -9999 -9999 -9999 0.103210970502437 0.0997509764532723 0.099802823690341 0.100610059826296 0.0997303835963426 0.0964368159312938 0.0775601751414283 0.0963011100888244 0.170616612364587 0.193495541180729 0.154086067159429 0.157919149589604 0.141133855846541 0.132798905443987 0.092842971264549 0.0430796095400074 0.0388854393785511 0.0510696217245069 0.0575133295537575 0.0616956098342585 0.0623382896265066 0.0620166186376918 0.100807941699083 0.399722703569049 0.885151380277118 0.711320642707762 0.35987088626577 0.113502368813346 0.0317212613739894 -0.0174795660467863 -0.045552338419904 -0.0706798406785769 -0.0803319600790872 -0.0948106739099873 -0.11794977854065 -0.116141620119851 -0.11283555057508 -0.0759084018960079 -0.0366285170796481 0.043402181403582 0.134339288132058 0.176343096479062 0.180750788343855 0.162048054353056 0.11560547684498 0.0536579927730071
-9999 -9999 -9999 -9999 -9999 -9999 -9999 -9999 -9999 -9999 0.0954997852784708 0.0932462854617485 0.0923144637244633 0.1000101364902 0.101316673147096 0.098444389852316 0.0819462584996053 0.0330677079477087 0.0251467487175202 0.0524138755602694 0.0535936805195212 0.0145797044580173 -0.0228971277225137 -0.0208832695914146 0.0146230760229999 0.0341950192554439 0.0525711748558089 0.0578064459267622 0.0599899127994278 0.0610409671289298 0.0608554492980898 0.0564816635714036 0.054321486126974 0.203960270986357 0.692291522537172 0.688433586571213 0.447150620469917 0.175223834063076 0.0786843777186201 0.0296460723554134 -0.0144482290415911 -0.0314531735761052 -0.046043644055147 -0.0570528009109998 -0.0603760718551319 -0.0709527263256165 -0.0442754710935048 0.0149009617285265 0.0645345748564584 0.13851337193051 0.166144771247609 0.136002722834527 0.0976915408620241 0.0470479872234421 -0.0203419124868907 -0.05513397732482
-9999 -9999 -9999 -9999 -9999 -9999 -9999 -9999 0.0977815137400881 0.0899074637920633 0.0740668515773866 0.0748735504559259 0.0797832008614166 0.094654591178353 0.10006802478922 0.0956286924933447 0.0797634304382772 0.0528716927769478 0.0192524629904002 0.00884474578895034 -0.00269120393559891 0.00564715341852562 0.0212907580474327 0.0367082947262069 0.0497253472674806 0.0566744615146212 0.0594166414643877 0.0612893253831606 0.0610169683548037 0.0604086827872142 0.0596034716062447 0.0556503528601198 0.048260493708728 0.0743696574588684 0.459743916218835 0.67141574677122 0.430241087583517 0.212535899046431 0.119500207790116 0.0583379170424693 0.0102115412081826 0.0106997194906605 0.014686938143448 0.0209436089961468 0.0253246471135546 0.0372243788863951 0.0689037091089479 0.0811307943123842 0.0715945901011523 0.055704717790258 0.0282515716955195 -0.00908008754784234 -0.0373129218665141 -0.0574685670072032 -0.0984017612413031 -0.128282555850118
-9999 -9999 -9999 -9999 -9999 -9999 -9999 -9999 0.0878762399021995 0.0667744372891293 0.0799278980422396 0.0521764026842715 0.0675399890162932 0.0885342801147975 0.0956721992214237 0.0911951265038267 0.0779019040029137 0.0668827105293758 0.0586996037444137 0.0521226354322945 0.0518872283833854 0.0534841071193685 0.0549895698051611 0.055953179476454 0.0585422965468546 0.0625120642453238 0.0637426699870394 0.0656013466112913 0.0670413879993343 0.0661394564309033 0.0632599989078548 0.0582664169616766 0.0492845949839735 0.0297347665259752 0.174291008560215 0.511169721010102 0.535376345345584 0.299510287178837 0.202853152347133 0.14255873693878 0.102164144440366 0.112797611709533 0.113241369274723 0.117586668509814 0.154487152603346 0.122327958941839 0.0519302134456383 -0.0209170919214042 -0.0842487630797548 -0.0860064242058862 -0.0875528602144492 -0.0927020546958874 -0.0939835718240461 -0.107658561912123 -0.12627034399157 -0.142952674689765
-9999 -9999 -9999 -9999 -9999 -9999 -9999 0.0992405928003399 0.0800907210491172 0.0854524972084282 0.0527741207726993 0.0052313648575702 0.0633629618310235 0.0798289745545465 0.0857011007100049 0.0856641604701388 0.0710550627494559 0.0659182083903233 0.0657939621519946 0.0649307763762942 0.0632416699632327 0.0631679767682697 0.0628197577774394 0.0643434587353726 0.0673280646763947 0.0672829376797484 0.0664610911348643 0.0659654265267665 0.0657330408688991 0.0665348764696857 0.0678669563050655 0.0620080290389128 0.0519929916192023 0.0296854473953936 0.0206532284282476 0.247958522545075 0.447328784725078 0.49119721360789 0.407017294876057 0.321950840872409 0.23872925444003 0.181356837135905 0.155307088398521 0.0986047349321819 0.0355520653329058 -0.0485608710144326 -0.0637951291537186 -0.0476609330268793 -0.0589712320411632 -0.0466664950526014 -0.0500468191680197 -0.0593813721886998 -0.0791897244635063 -0.104949259949364 -0.129961929624538 -0.143767577872773
-9999 -9999 -9999 -9999 -9999 -9999 -9999 0.0952245084241112 0.0922654354028642 0.105923821080777 0.0128753283752075 -0.0233827174778599 0.0605943385656796 0.0764187482242997 0.0643404971175101 0.0562977357336242 0.0463369407166393 0.0492382514928199 0.0522133245103178 0.0586117505435474 0.0579302512293036 0.0578827220158368 0.0594624093904134 0.0582804521931345 0.0578735481866071 0.058324005668313 0.058147651995491 0.0598543574014033 0.0600913168995824 0.0589902920588139 0.0601829757362866 0.0617202421173763 0.056125142811137 0.0437451096560443 -0.0097264357557254 -0.0206019283541503 0.0950426428270358 0.244699790525255 0.279824326047104 0.2141714496794 0.117372000099648 0.0330022623015607 -0.0428459378870692 -0.055009172307951 -0.0319214178962695 -0.0181278019502129 0.00177057511934209 -0.0020895870851248 -0.00162636399338334 0.0157815082457529 0.0190184120388437 0.0165042423095749 -0.00135229974135187 -0.0249543220284971 -0.0552450326576977 -0.0943811707261736
-9999 -9999 -9999 -9999 -9999 -9999 0.104877366258691 0.0966881197723318 0.139309118870782 0.104066058140145 0.0870679851995919 -0.000283932689206234 0.0665603647166464 0.0844427695369939 0.0471777819519132 0.0144743976783345 -0.00727633323456495 -0.00460821112518484 0.00025776739794553 0.0380799162800113 0.0515028750399922 0.0517168315618229 0.0520702522150959 0.0514162883410139 0.0513529712795265 0.0515090105149734 0.0515271940223767 0.0516887595363185 0.0526355663764083 0.0548512373468912 0.0571496596765076 0.0592907938711953 0.0607565791934896 0.0569296624281447 0.0296105472979103 -0.0228977595686534 -0.0597913760147369 -0.0678974171162351 -0.0682726480625012 -0.0557278155770297 -0.0447015907304493 -0.0215897034544987 0.00487981625569728 0.0102536703956569 0.0306587321991643 0.03768626719403 0.041083867391709 0.0453315013276959 0.0455848022178232 0.0495085404200111 0.0474359866150142 0.043802880171908 0.0328471057126939 0.0221788292512971 0.0119602425955584 -0.0160070458916021
-9999 -9999 -9999 -9999 -9999 -9999 0.105248127165165 0.0884313139522031 0.0597902337877472 0.140190045874411 0.132427532525067 0.0263464309465146 0.0650235762911184 0.0839199793789876 0.0305714533382871 -0.0437000759296194 -0.070167129509083 -0.0733020716635399 -0.0658434378467026 -0.0206694468826693 0.0160291467036053 0.0284578959695774 0.0365914660591898 0.0345858464727639 0.0347567445093324 0.0380133790396808 0.0364909955948562 0.0372649536383383 0.0383584940062598 0.0413015491586128 0.0470198186666672 0.0503732395470494 0.0545631508466012 0.0564255639116799 0.0544621697295213 0.0390475154008261 0.018186854528179 0.00468687495931741 0.00510402813865102 0.0102256447793962 0.0159446908780728 0.0336466872728144 0.0428997280463221 0.0449532642955609 0.049391515775839 0.0490888994911483 0.0493193880428042 0.0460196759904224 0.0393555830231825 0.0361520024568611 0.036986696612355 0.038190354713262 0.0385240678811267 0.0263049716750932 -0.00391515946188087 -0.0384888360516841
-9999 -9999 -9999 -9999 -9999 -9999 0.113236102425621 0.061329080286737 -0.00507644783558681 0.117221412315868 0.154998230237563 0.0597874823354637 0.0592770215454803 0.0729975108833184 0.00311541213416644 -0.0777350878137412 -0.119968777691248 -0.133653284947916 -0.133819332624269 -0.0836792626066595 -0.0347809350363338 -0.0267757303769698 -0.012857121884548 -0.0156018516484656 -0.00997429002809186 -0.00747698704789412 -0.005596537658343 -0.0100877494578925 -0.00791308416977682 -0.000376751695691069 0.00265056849713613 0.0138235877336415 0.019526120907973 0.0273394565009811 0.0373558052822976 0.0395953099033383 0.0341038132824715 0.0276251549181689 0.0245621077703839 0.0305917874236396 0.0369797978112577 0.0401412861894143 0.0429957179825131 0.0427711243838603 0.0495386838196069 0.0491111091014451 0.0463723685156457 0.0490653270630229 0.0507371190130858 0.0592282373650155 0.0680447619269836 0.0715580050683599 0.0748413530226024 0.0625181352230436 0.0237167637381897 -0.0304405321877917
-9999 -9999 -9999 -9999 -9999 -9999 -9999 0.038953937003963 -0.0721930408679815 0.0730332228782499 0.175423289140402 0.0904837618045272 0.0313051268923983 0.0464301818617053 -0.0191520215551101 -0.10336620254963 -0.140691167654303 -0.16163496026644 -0.167213323023897 -0.145825223729398 -0.117014153921722 -0.101984282738291 -0.0869569749969188 -0.0874752228807072 -0.0898854433965294 -0.0880089036303227 -0.0932234510585786 -0.0940880253470132 -0.0957329460322849 -0.0982132037721561 -0.0911327729699735 -0.0878056094014416 -0.07380523237951 -0.0632870169094754 -0.0494643815439417 -0.0323201139657683 -0.0199575155901662 -0.00679557834631722 -0.00173941574533698 0.0105430934908282 0.0237908715419161 0.0428659672694179 0.0588513466139004 0.0709864984337999 0.0957569095149713 0.108478985846801 0.118406937992552 0.114263128871672 0.141380474661466 0.182838264753454 0.209881705106304 0.228115488532155 0.210164608580917 0.187246900046403 0.154505342247862 0.096819935665333
-9999 -9999 -9999 -9999 -9999 -9999 -9999 -9999 -0.0903392163088593 0.0677068944687022 0.236329685543389 0.142156543854856 0.0176459274596087 0.0114772241891085 -0.056419155138429 -0.107879050203326 -0.125575670303054 -0.146035067180571 -0.162831421547365 -0.158962135362263 -0.139721156494612 -0.127180220140697 -0.109548801179458 -0.101244877144822 -0.109218072981731 -0.119317490513348 -0.131359473963756 -0.143888128095165 -0.145532927534858 -0.145638960362324 -0.14863505531598 -0.14619062751309 -0.14502719084492 -0.132279266452605 -0.110402468515287 -0.0897385747997253 -0.0662843326799235 -0.0383255208144618 -0.0147593134513568 0.0208444171581458 0.0601807595799398 0.0931506647293947 0.142799489968216 0.179335999331471 0.21578722004915 0.259304374675326 0.254121443865494 0.239112648652084 0.260665341466942 0.313938797146661 0.348344981099121 0.383949077315668 0.406999820277164 0.397160672216975 0.365996315904108 0.347701436948181
-9999 -9999 -9999 -9999 -9999 -9999 0.0424406566085528 -0.0257743388225887 -0.0775729350483254 0.0880372463716761 0.212666286059488 0.143326074008501 0.0102493514060615 -0.0267472800298569 -0.0434818065940765 -0.007817393918302 -0.0275076598143004 -0.104808990177084 -0.143245785677554 -0.15429430700688 -0.146799880432485 -0.128250015940269 -0.109880957429777 -0.0887829461338498 -0.0757398872288953 -0.0733454448778306 -0.0763865296282445 -0.0950275064163503 -0.1113299440678 -0.106235758610224 -0.113010926764848 -0.11881456792997 -0.129113685094131 -0.119326416828543 -0.10347196866915 -0.0808732054900377 -0.0356996900778604 0.0114223623713354 0.0553886334157068 0.122233780904445 0.172857091468099 0.238452496090561 0.287636985934433 0.335279022738216 0.39944325249152 0.430042613907518 0.436643596260525 0.410746705699939 0.40682729215736 0.451386569996127 0.495911547226014 0.531558507133353 0.552824519781241 0.557383057436714 0.538736761234432 0.492399413678292
-9999 -9999 -9999 -9999 -9999 0.0875892077079751 -0.0295984498625509 -0.085146056238434 -0.0425395862193388 0.0901302301137967 0.180831861851066 0.15668545043911 0.051662125566574 0.0321612212245936 0.0947345180571439 0.236823361894564 0.16870121450765 -0.00777984933191211 -0.106049118150148 -0.130254071566735 -0.124275779503873 -0.10281883577543 -0.0917394672572241 -0.0530805016633447 0.00654102953223873 0.0517367488116913 0.0587836673344184 0.0507608318957228 0.038117496850375 -0.00711116358887132 -0.0137954115280296 -0.012279686270773 -0.0346393204339714 -0.0350405432289578 -0.0322577816069575 -0.0317062132092167 0.0279211133507328 0.097845023814404 0.153579192110218 0.246461891071699 0.29162423272528 0.348038136985754 0.405309336046609 0.445415009826128 0.516474710454921 0.53735827003939 0.537349490603056 0.50357002858413 0.496948866572838 0.503124932570186 0.519210390301197 0.536223250046101 0.532205131312095 0.529104006249411 0.486660438900066 0.429400930620364
-9999 -9999 -9999 -9999 -9999 0.0145589447642511 -0.0971354798288921 -0.125507527195615 -0.0291065213631603 0.109635053041219 0.201823823602027 0.188493110422413 0.17744774242471 0.214688116353774 0.293764432822642 0.353398420299143 0.261993116092606 0.101245746017386 -0.0140545989198177 -0.0030263541072082 0.0326499534534257 0.0623148024017231 0.0776075153890798 0.123845361860821 0.190627852292673 0.230266835216069 0.229243700597371 0.216339297907095 0.205451270084032 0.16755728587866 0.122163238176587 0.0861834832182937 0.0656312817389711 0.0515323286229013 0.0474634087358096 0.049790527215655 0.102376987593273 0.163973613845745 0.207904646785604 0.295453852408219 0.35396732549555 0.438045199743451 0.491357623986439 0.544251938013288 0.575217521037417 0.569097442587732 0.54424384464481 0.510491778488245 0.495883102223737 0.459597726150871 0.436844040359121 0.432922702342642 0.426590758464496 0.423855012859665 0.393500355920652 0.352021029829633
-9999 -9999 -9999 -9999 -9999 -9999 -0.138717078062646 -0.150030899243652 0.00979593114704169 0.126483060129651 0.200449108952275 0.183682764210994 0.21041078502749 0.257553079043655 0.289836778230944 0.382365792085325 0.304192507639038 0.173215606276237 0.128859928469453 0.119733962717337 0.19229248050694 0.224812577677048 0.285879716177559 0.346539577361769 0.385341130927634 0.420133362026273 0.39623342048801 0.376502715967864 0.346733658359366 0.292123344584743 0.258562681476007 0.213443984033369 0.169674943602076 0.147165217692291 0.119654544717602 0.11316615958299 0.153848549570721 0.21346515840628 0.286607632880207 0.380679979699506 0.463870022381199 0.530387271413619 0.584735556344054 0.597144210188974 0.578440247683551 0.546423266648063 0.507558565730803 0.456365014464388 0.428527271547212 0.372295489239817 0.338808741325823 0.323121413450452 0.298695573650069 0.279399316994115 0.237878502289563 0.221029608120541
-9999 -9999 -9999 -9999 -9999 -9999 -0.0847839190107184 -0.169572852426524 0.0388978359932252 0.161340537738124 0.192039394333869 0.143078510256225 0.0926132103912974 0.0789965695252629 0.124241837906487 0.168533689494469 0.199323654596491 0.193774375058426 0.220228098537474 0.211771914136755 0.232975643459255 0.286209312177973 0.351737124895156 0.400079487533023 0.428141458512043 0.430600940525476 0.425850171689315 0.41338851658136 0.390671648895209 0.349471963677126 0.310742337769587 0.28404535417574 0.261435596034306 0.247183797363294 0.2352901789155 0.232309400766501 0.267192733581851 0.320459798887123 0.37390757147379 0.449962204270062 0.514968232722481 0.567107591420366 0.596150180175565 0.590095330924594 0.561328956039745 0.523794081184518 0.467733599770965 0.411883601102799 0.375367539250845 0.320497936582419 0.276746250982289 0.23617998021486 0.19296517781253 0.173276299850375 0.136651437954452 0.10253598789759
-9999 -9999 -9999 -9999 -9999 -9999 0.0858512647384066 -0.177339867041292 -0.0242453032322775 0.130899706764391 0.170525416218131 0.131382989236001 0.0617721295111653 0.0393578112326829 0.0289547357112336 0.0294312043839018 0.0781806991588629 0.169782038939368 0.235560640721077 0.232283305081396 0.219047406521813 0.28438455776076 0.341739492681585 0.381992938762446 0.39792051733584 0.392479148352846 0.395921392759487 0.388070498828843 0.378647471392691 0.34845016266657 0.328020895425142 0.321075053902364 0.309727763400513 0.303646962155986 0.300268238408298 0.296406108453882 0.317912838442746 0.357684067952595 0.392380933634256 0.453620452676626 0.504331767749318 0.522309409270941 0.557997057825251 0.552121893221088 0.506579407336983 0.485510148967858 0.419065898897963 0.365525648611595 0.320374093862101 0.245657075902638 0.218997757913524 0.163767410476676 0.112540071517112 0.0798585563804676 0.035882041372751 0.025702049037829
-9999 -9999 -9999 -9999 -9999 -9999 -9999 -9999 -0.108598090710807 0.0451157045023443 0.1635877408369 0.130670551718455 0.0711269763774001 0.0569529988037131 0.0422057905684917 0.0237633753628565 0.0279786229740607 0.0847184519592653 0.168045907792365 0.249528864744117 0.249325840079534 0.291165394372701 0.32977083564765 0.354678475881881 0.37228042492321 0.359471800588911 0.366194290149156 0.360675450790818 0.350265178112617 0.335115301707857 0.316657714969101 0.314404282835122 0.308136923720178 0.309226356954808 0.312896768371073 0.31132290665733 0.327441192215448 0.348045135529587 0.367391862104989 0.411604428531638 0.44710956627875 0.486327874933109 0.507911645515293 0.498336992378999 0.47970294990528 0.441511922885921 0.397589892279029 0.340797259710131 0.294103706527387 0.235055900212574 0.177966861233557 0.12548451954952 0.0694031057677915 0.0420879909605118 0.0105318596975261 -0.00977387430709364
-9999 -9999 -9999 -9999 -9999 -9999 -9999 -9999 -0.0282064582637679 -0.0436165930595321 0.137622283130535 0.135226679213435 0.0878880846432858 0.0744078875623855 0.0541595541792024 0.036051166097074 0.0312357009292402 0.0853507865252967 0.173286840496757 0.278015325032093 0.267079822395038 0.294238191750703 0.314140046930955 0.321142286232417 0.334074092578864 0.333914791669763 0.337795785231123 0.326342633411915 0.323644518891989 0.308309200677677 0.292342287805432 0.292137692489504 0.278173768946741 0.274588425022547 0.282409220764815 0.285066647322047 0.293543421176135 0.31114258725704 0.323862120672144 0.351885908748222 0.38186320368458 0.392818584140857 0.419121354202858 0.41247817230997 0.387494090605103 0.365694691362458 0.325770257433389 0.284946729025529 0.244733765365219 0.182090137444575 0.147902236796656 0.0972397334697693 0.0473875735345496 0.0153662140910213 -0.018718262600641 -0.0286819587622567
