meets/meet004/_saidas_enm/CCSM_Gower_21k_Cavanillesia_umbellata1.asc
NCOLS 154 
NROWS 168 
XLLCORNER -112 
YLLCORNER -55.5 
CELLSIZE 0.5 
NODATA_value -9999 
[rows 78 to 103 of 168, columns 59 to 117 of 154]
-9999 -9999 -9999 -9999 -9999 -9999 -9999 -9999 -9999 0.285423874095297 0.124439479010454 0.0106003589528388 0 0 0 0.0534100511582885 0.204961035551698 0.422449880550716 0.542957548644841 0.517807390089815 0.535069598242044 0.557190784518388 0.54001436912788 0.549445079934048 0.557305456064398 0.559184098501752 0.560511907977026 0.550458182565977 0.55651990478158 0.556408176813203 0.555554411318306 0.553878875737556 0.553608962466871 0.545614845526722 0.541844250561853 0.546226981692528 0.552833009806766 0.568108935056094 0.592764225704847 0.618348425646907 0.626146966004787 0.614190890590394 0.597041871526906 0.587010957810395 0.575537340136848 0.569309320234581 0.572322720105925 0.575790904785622 0.567256329652803 0.558368343552798 0.556071713091709 0.557908761497308 0.558973824673523 0.563803921806094 0.565695283966707 0.557208953326326 0.536508056241703 0.528230459977436 0.523088621875328
-9999 -9999 -9999 -9999 -9999 -9999 -9999 -9999 -9999 -9999 0.271523288607337 0.0589878421185313 0 0 0 0 0 0.0822580107455638 0.345752721686327 0.556994180769318 0.575309297443982 0.570172205453165 0.552347831424042 0.55667834604716 0.55762489822828 0.554394513749689 0.552044514946317 0.54389259664877 0.546806738504383 0.547924402133064 0.549512398274674 0.550867851783361 0.543157726093876 0.542373710590692 0.53534534307709 0.534527156477049 0.534712857831133 0.543402171018962 0.568780467086403 0.594237319107814 0.605958253036382 0.604014521615935 0.590532197070945 0.571717307104458 0.551356997596806 0.540657732812912 0.543154526552971 0.546188971146585 0.541195895593011 0.532777007602411 0.529339164891586 0.529780061628194 0.530357002844053 0.533555519895239 0.534893183956498 0.529539840097102 0.514331014381086 0.510704014812 0.531361530706359
-9999 -9999 -9999 -9999 -9999 -9999 -9999 -9999 -9999 -9999 0.436253762784445 0.118997468184564 0 0 0 0 0 0 0.0553994269700585 0.410517549039931 0.502381210626448 0.563919880319273 0.576254433629634 0.579570138510933 0.548740049212111 0.529034072078659 0.541899999514366 0.543636377413155 0.551136741200956 0.550788247205662 0.551762955346741 0.554845776998827 0.539982885645382 0.551772937914362 0.542572466071666 0.535734279269414 0.523987996720004 0.514830014780517 0.537526022175807 0.568004279105226 0.58139721673423 0.588099629470044 0.590252998938979 0.557641407859347 0.525632048818257 0.510751879943928 0.511701247721044 0.515628492208587 0.511725692213553 0.507251838157924 0.505663842016314 0.506664914374444 0.503128013877222 0.506104866734559 0.503659137667332 0.499884191326832 0.487718384974054 0.484022275321436 0.511262654653886
-9999 -9999 -9999 -9999 -9999 -9999 -9999 -9999 -9999 -9999 -9999 0.263657673581963 0 0 0 0 0 0 0 0.10202805062857 0.111119278039144 0.211915562609447 0.341955719244932 0.483815999453839 0.585012437059057 0.546666390525243 0.523675578956705 0.514572486944813 0.530406636332054 0.548476011925894 0.575102553491256 0.57807785818364 0.579063374580315 0.588009237278948 0.585535727939792 0.573337100489996 0.549066126309345 0.522795463834163 0.528295218685339 0.537372700175675 0.548107543854425 0.563777664928479 0.560346683684729 0.539501674693379 0.507402600525333 0.491070352007009 0.489442425594914 0.488094267039488 0.487818850558449 0.483968523034244 0.485833343454892 0.494799992848304 0.493740176919172 0.488392208288495 0.473377786677823 0.470177221920459 0.470123725596539 0.47796835998564 0.507249534488473
-9999 -9999 -9999 -9999 -9999 -9999 -9999 -9999 -9999 -9999 -9999 0.414328558116246 0.229282264712882 0 0 0 0 0 0 0 0 0 0 0.10520914753102 0.346017882430578 0.516090010875068 0.540790370919165 0.484761404491637 0.51678287602964 0.524286303171465 0.5519049347161 0.604818019726137 0.625860697919532 0.63632453016259 0.642363744123986 0.624986480133487 0.591034681873632 0.53954442055986 0.538353679416925 0.521877323576272 0.520715762246384 0.536601866781017 0.539335938474538 0.524512465465033 0.495735538608714 0.482339700750696 0.482801202530729 0.470947799351844 0.478079064100928 0.472923323887779 0.47460487460543 0.487624830398013 0.495750768423418 0.480464897762427 0.455346325976056 0.457465189944503 0.47311414450731 0.480409225750693 0.528819303485459
-9999 -9999 -9999 -9999 -9999 -9999 -9999 -9999 -9999 -9999 -9999 -9999 0.380678776269914 0.0406980653658661 0 0 0 0 0 0 0 0 0 0 0 0.0240911589127708 0.335161637320242 0.586167033244289 0.538080815817241 0.503250468230925 0.519014609157388 0.578663754770038 0.628051457981277 0.660365118820153 0.662319233266889 0.656819146076303 0.650424254634228 0.633449765366519 0.584503079209267 0.525671467162197 0.50128341455509 0.511236034473563 0.521713251118701 0.515575635792849 0.503015390037392 0.49886149007219 0.502131548857995 0.50164406680582 0.497741138829149 0.48675391536387 0.484985721078531 0.489754828768807 0.484695458727695 0.482364913133022 0.474024477885395 0.486668423630907 0.513302937897724 0.542987351628943 0.541454432384811
-9999 -9999 -9999 -9999 -9999 -9999 -9999 -9999 -9999 -9999 -9999 -9999 0.544695255699816 0.195862593865371 0 0 0 0 0 0 0 0 0 0 0 0 0.0974147090618733 0.361589604142666 0.550492551199838 0.491947801449285 0.506482525503538 0.558929741203434 0.620694372941901 0.645639087051114 0.656731599927149 0.671391353591436 0.666200163644691 0.661460519992848 0.637107232821893 0.533666735937071 0.48093241467936 0.488856141719614 0.509049980146126 0.509714844746034 0.513014339308159 0.518608544606829 0.527162069278681 0.536935898851423 0.532053015486591 0.518049904764943 0.515358194992994 0.513901252046824 0.499502294124498 0.510964457441608 0.513645032811209 0.532498903507011 0.544479811382139 0.542759735772673 0.541639327851666
-9999 -9999 -9999 -9999 -9999 -9999 -9999 -9999 -9999 -9999 -9999 -9999 0.472523617111873 0.317036605363377 0.0314317622426215 0 0 0 0 0 0 0 0 0 0 0 0 0.0548529559049643 0.319248736856111 0.514179187380601 0.538696662602302 0.565947387108626 0.599919860233515 0.626351795122599 0.635739430767319 0.653317241577413 0.667222017710672 0.66231582068399 0.657243687998342 0.532463452593792 0.470231102189286 0.464390916185896 0.486338486972859 0.504956871458106 0.521837009360878 0.538103731281483 0.551666329211432 0.559231707670407 0.566298944445446 0.56830462310624 0.570094177939499 0.562973589569979 0.556813780164375 0.552592111268759 0.549000339934959 0.547161833258797 0.545133583718057 0.543272991110544 0.541918286633251
-9999 -9999 -9999 -9999 -9999 -9999 -9999 -9999 -9999 -9999 -9999 -9999 -9999 0.4127087941446 0.25762320569853 0.0318017442620147 0 0 0 0 0 0 0 0 0 0 0 0 0.0674445359472063 0.374036031814914 0.556459064957781 0.579793198899279 0.596648529921929 0.595453842357777 0.629834682539136 0.652234938822776 0.672046131792858 0.664723987726058 0.624176269679287 0.501597353508617 0.45272270243455 0.454995528311311 0.477413559592839 0.511972696771363 0.538884803207035 0.563989082334554 0.581879257502648 0.58845640924417 0.589339006624557 0.578344100617508 0.571756420424619 0.564123674235331 0.558564840151778 0.555185313441387 0.551126991518683 0.548869631496478 0.546664108685085 0.544554678635754 0.543568516302092
-9999 -9999 -9999 -9999 -9999 -9999 -9999 -9999 -9999 -9999 -9999 -9999 -9999 -9999 0.419447245722766 0.279436229836234 0.0973894125778668 0 0 0 0 0 0 0 0 0 0 0 0 0.0970343801952309 0.334019263767851 0.576715726188143 0.577766930927002 0.570894866147124 0.566200357301196 0.565898279355434 0.583320751826801 0.555128616414765 0.532259193902463 0.481408634347552 0.461981277940068 0.476308950091047 0.50261403962636 0.531981601733608 0.564548031809431 0.592130642293882 0.607541713083406 0.598778431688404 0.588944524784655 0.579780253668279 0.573582619653424 0.566470970680652 0.561070540715036 0.556955483186088 0.55365297870947 0.551654430758115 0.548698901624313 0.54682624478929 0.545026216539174
-9999 -9999 -9999 -9999 -9999 -9999 -9999 -9999 -9999 -9999 -9999 -9999 -9999 -9999 -9999 -9999 0.332505740386124 0.154965775125535 0 0 0 0 0 0 0 0 0 0 0 0 0.0832055168460533 0.359007158349883 0.580411760800499 0.587600137786268 0.539565409548192 0.512161853629624 0.505354894346597 0.467190642458772 0.488379154161605 0.483042063970002 0.485466676067262 0.508771492105818 0.523384051378913 0.543431734776918 0.573269020452213 0.601299403589887 0.61042146915315 0.602744222758585 0.594298073892587 0.584298990256899 0.577763307312299 0.570719566367172 0.565775984349215 0.562551618825456 0.558440860795756 0.556311240883781 0.553210891329785 0.551419535305643 0.550251517753225
-9999 -9999 -9999 -9999 -9999 -9999 -9999 -9999 -9999 -9999 -9999 -9999 -9999 -9999 -9999 -9999 -9999 -9999 0.220136664349416 0.062614369519398 0 0 0 0 0 0 0 0 0 0 0 0.117095624908512 0.357909248264809 0.535975493804426 0.577059824130278 0.517922819000225 0.523564889430823 0.531065893126804 0.526575785403381 0.526523184950915 0.536243646181374 0.535863028795402 0.541620538661826 0.554058050028195 0.561172805146213 0.583825323555845 0.614755613434999 0.606765052970242 0.599556900975914 0.590725673589713 0.58392225992263 0.576255909152961 0.57138063268326 0.567702212317191 0.56472736158945 0.562554071946073 0.558999845387935 0.556756573810039 0.555592013640835
-9999 -9999 -9999 -9999 -9999 -9999 -9999 -9999 -9999 -9999 -9999 -9999 -9999 -9999 -9999 -9999 -9999 -9999 -9999 -9999 0.144460724706492 0 0 0 0 0 0 0 0 0 0 0 0.0417226567313217 0.256549612865711 0.455220311002573 0.616513289687018 0.598530888322477 0.593582783864477 0.584106047146346 0.58839690604023 0.586018743020021 0.578827834700042 0.57489721727712 0.574915972779478 0.576685201239006 0.592871259637084 0.624302827495017 0.614991324935195 0.607023608069999 0.598211502336343 0.591620732753641 0.586123068250929 0.580510164277662 0.576382990215861 0.57190391626314 0.570242614860685 0.568906312710917 0.566822295212792 0.565574540779267
-9999 -9999 -9999 -9999 -9999 -9999 -9999 -9999 -9999 -9999 -9999 -9999 -9999 -9999 -9999 -9999 -9999 -9999 -9999 -9999 -9999 -9999 0.189411739154135 0 0 0 0 0 0 0 0 0 0 0 0.122347325762009 0.350981455212964 0.525872663984404 0.623553727780773 0.617043687957883 0.635252374326667 0.635615115567975 0.623949773146564 0.619076156065035 0.610347482331423 0.617206177158762 0.622143801572135 0.632571037547044 0.624976012115591 0.615608183787203 0.607317174679519 0.60140987294795 0.593503262137912 0.589800334693626 0.584860790142018 0.582330107787368 0.580585745499217 0.577645557522704 0.577671710194523 0.575913539295652
-9999 -9999 -9999 -9999 -9999 -9999 -9999 -9999 -9999 -9999 -9999 -9999 -9999 -9999 -9999 -9999 -9999 -9999 -9999 -9999 -9999 -9999 0.40507510318585 0.133137783928242 0 0 0 0 0 0 0 0 0 0 0 0.0874098658741076 0.325805857704851 0.529949040257287 0.626057779318135 0.659321028118511 0.667267795981716 0.654805276590795 0.643643973329684 0.631647965580586 0.629932223123878 0.627170377351088 0.633215336036572 0.636806897219842 0.627569113305161 0.61809527790555 0.612181057358106 0.606318166237823 0.601316043488725 0.597873157375227 0.590913520420137 0.586756053482882 0.592818564183205 0.591442516636986 0.585129805281597
-9999 -9999 -9999 -9999 -9999 -9999 -9999 -9999 -9999 -9999 -9999 -9999 -9999 -9999 -9999 -9999 -9999 -9999 -9999 -9999 -9999 -9999 -9999 -9999 0.121191896290533 0 0 0 0 0 0 0 0 0 0 0 0.132092921870304 0.38209394188982 0.619384779652221 0.66733284368041 0.681484582366052 0.667369661107228 0.652339049819581 0.641607744213805 0.621564794072119 0.61016909244436 0.613699422529518 0.610969212991502 0.617696468614273 0.621585972968685 0.622747124169742 0.614870915334512 0.611951337013207 0.607892496339602 0.600322090403247 0.591878621681623 0.595423312544891 0.596719093583603 0.58767963502453
-9999 -9999 -9999 -9999 -9999 -9999 -9999 -9999 -9999 -9999 -9999 -9999 -9999 -9999 -9999 -9999 -9999 -9999 -9999 -9999 -9999 -9999 -9999 -9999 0.276482237104534 0.0617447400592802 0 0 0 0 0 0 0 0 0 0 0.0136048608893601 0.273073661529445 0.5507890954742 0.620874832686201 0.640080948064924 0.653148083668416 0.658689979569631 0.64964676619449 0.626068368766419 0.608006983068207 0.598207751204905 0.598987279093943 0.617184645280586 0.638302614331249 0.636964792710494 0.630687899396064 0.625650570173254 0.622987349452366 0.595072159834317 0.58679453879941 0.596501912875461 0.607001175389539 0.604433677988155
-9999 -9999 -9999 -9999 -9999 -9999 -9999 -9999 -9999 -9999 -9999 -9999 -9999 -9999 -9999 -9999 -9999 -9999 -9999 -9999 -9999 -9999 -9999 -9999 -9999 0.200954642074773 0 0 0 0 0 0 0 0 0 0 0 0.193869616236342 0.479865249774624 0.533150330035121 0.55440180870295 0.609895760825458 0.669398376462532 0.651379199933618 0.632592156294097 0.616809661150825 0.597146750413528 0.587894660687056 0.621044969821951 0.654458396384929 0.649130378358861 0.644065390745243 0.640764497188846 0.610910428136101 0.575753150202951 0.569426237651883 0.594183323242669 0.623113442053265 0.618711290741411
-9999 -9999 -9999 -9999 -9999 -9999 -9999 -9999 -9999 -9999 -9999 -9999 -9999 -9999 -9999 -9999 -9999 -9999 -9999 -9999 -9999 -9999 -9999 -9999 -9999 0.232812337638964 0.00752214540729201 0 0 0 0 0 0 0 0 0 0 0.153462252379589 0.432810922659721 0.475191926370546 0.485247187561229 0.522726865677175 0.572334533636631 0.615046988653821 0.645997753783982 0.645034782797473 0.608020152791413 0.591298914411046 0.620606331341954 0.665146768710774 0.663478798279094 0.659584503130041 0.633927178153835 0.585425874283119 0.546175533074788 0.543365056344473 0.580898369087074 0.613946274335053 0.619137221883468
-9999 -9999 -9999 -9999 -9999 -9999 -9999 -9999 -9999 -9999 -9999 -9999 -9999 -9999 -9999 -9999 -9999 -9999 -9999 -9999 -9999 -9999 -9999 -9999 -9999 0.197711916762896 0.0587453476774755 0 0 0 0 0 0 0 0 0 0 0.127358458727868 0.417487511272837 0.420130898967246 0.419087976614089 0.428834802061599 0.441085204275886 0.544745594253849 0.645795439587835 0.66703669417431 0.621696926854585 0.570622302418038 0.62350101586043 0.665421665008389 0.671099813875068 0.648512357613669 0.617168643447624 0.567849586463054 0.515019555583686 0.512637049444727 0.56401162361628 0.609875766791136 0.609153587060422
-9999 -9999 -9999 -9999 -9999 -9999 -9999 -9999 -9999 -9999 -9999 -9999 -9999 -9999 -9999 -9999 -9999 -9999 -9999 -9999 -9999 -9999 -9999 -9999 -9999 0.230699561977092 0.0443627050191266 0 0 0 0 0 0 0 0 0 0 0.153484617151873 0.397352087453353 0.382265740163153 0.373653471920299 0.368283234484928 0.387361073044028 0.465386613315306 0.556533854779923 0.6060024314715 0.625893995851356 0.633906486413174 0.645156617186668 0.656689612146739 0.649938366159845 0.627676788300097 0.596608587633429 0.554425357324006 0.518854781274822 0.517194219545503 0.546908611886775 0.582361420060042 0.588097713873941
-9999 -9999 -9999 -9999 -9999 -9999 -9999 -9999 -9999 -9999 -9999 -9999 -9999 -9999 -9999 -9999 -9999 -9999 -9999 -9999 -9999 -9999 -9999 -9999 -9999 0.254053359978778 0.0068933351243885 0 0 0 0 0 0 0 0 0 0 0.183860752415356 0.378135388819007 0.368839826620635 0.357041839490213 0.339285027379669 0.33894741182345 0.420493214979247 0.492500930736128 0.555851712659131 0.625251686982712 0.678449452451418 0.649783760214911 0.639137450929312 0.624389470571389 0.60108641324822 0.578696059027624 0.546403596350444 0.519167952338532 0.516643386583423 0.532849701171756 0.555694807173186 0.551658138386717
-9999 -9999 -9999 -9999 -9999 -9999 -9999 -9999 -9999 -9999 -9999 -9999 -9999 -9999 -9999 -9999 -9999 -9999 -9999 -9999 -9999 -9999 -9999 -9999 -9999 0.275440375572166 0 0 0 0 0 0 0 0 0 0 0.00617992401748979 0.232277552698275 0.382073767708896 0.375695034980498 0.361485361898069 0.340089008018095 0.352341073993652 0.430552187637378 0.536201540223074 0.59405461912952 0.606712878176085 0.604415240375666 0.60506690222485 0.603430623978885 0.591550575849037 0.574696021888179 0.554004809667548 0.530801611048111 0.51148815829682 0.504030284412228 0.50659452447455 0.51078925058169 0.504235055030101
-9999 -9999 -9999 -9999 -9999 -9999 -9999 -9999 -9999 -9999 -9999 -9999 -9999 -9999 -9999 -9999 -9999 -9999 -9999 -9999 -9999 -9999 -9999 -9999 -9999 0.280469032084191 0 0 0 0 0 0 0 0 0 0 0.0519343950035115 0.277503394179114 0.402461242350935 0.399905321094964 0.384337250926217 0.359672885966616 0.359113734198185 0.457516254617335 0.580977531921706 0.625818693108009 0.590528964502522 0.544385197966392 0.56453403639825 0.568725971680034 0.56483586663762 0.555150117329642 0.532467420024513 0.519202379398662 0.503506199612108 0.492297183971344 0.486699139223589 0.475458000192146 0.464829253289781
-9999 -9999 -9999 -9999 -9999 -9999 -9999 -9999 -9999 -9999 -9999 -9999 -9999 -9999 -9999 -9999 -9999 -9999 -9999 -9999 -9999 -9999 -9999 -9999 0.326133900444095 0.288070926410688 0 0 0 0 0 0 0 0 0 0 0.116112580086326 0.32712370400576 0.423117862373841 0.444534309370694 0.428762876382071 0.382737608455715 0.380942026100236 0.462043221051975 0.560963555171073 0.602695394249722 0.578081511852931 0.551081965060675 0.547145121950419 0.5535471473366 0.549988745924502 0.536168776924214 0.520102346264217 0.51028321119227 0.502327872687881 0.492159731694096 0.484177773009384 0.467354075008163 0.453247683106124
-9999 -9999 -9999 -9999 -9999 -9999 -9999 -9999 -9999 -9999 -9999 -9999 -9999 -9999 -9999 -9999 -9999 -9999 -9999 -9999 -9999 -9999 -9999 -9999 0.319668647549914 0.281979531637193 0 0 0 0 0 0 0 0 0 0 0.161086796938173 0.364174806453931 0.428056929676952 0.454040657323839 0.43973141452847 0.388315816049864 0.374771263530616 0.441488346429825 0.528954836038164 0.570269925625041 0.554838865990474 0.535961702636889 0.528445725089476 0.53317311076636 0.530112813882239 0.513381518622333 0.50330322073714 0.505848903462217 0.508331747203935 0.504169016505837 0.495778156493558 0.477299655936646 0.469592089879885
