meets/meet004/_saidas_enm/CCSM_Gower_0k_Aralia_warmingiana1.asc
NCOLS 154 
NROWS 168 
XLLCORNER -112 
YLLCORNER -55.5 
CELLSIZE 0.5 
NODATA_value -9999 
[rows 54 to 80 of 168, columns 60 to 119 of 154]
-9999 -9999 -9999 -9999 -9999 -9999 0 0 0 0 0 0 0 0 0 0 0 0 0 0 0 0 0 0 0 0 0 0 0 0 0 0 0 0 0 0 0 0 0 0 0 0 0 0 0 0 0.0118846601052091 0.0978945639929727 0.063603685719813 0.0308626716925384 0.281777036694524 0.459966122472467 0.566488861814522 0.513901624619474 0.407921354017712 0.259132074696892 0.169029458813151 0.0204919873812563 0 0
-9999 -9999 -9999 -9999 0 0 0 0 0 0 0 0 0 0 0 0 0 0 0 0 0 0 0 0 0 0 0 0 0 0 0 0 0 0 0 0 0 0 0 0 0 0 0 0 0 0.0666698419556924 0 0 0 0 0.20126352190764 0.423516854063618 0.55467804324283 0.582599736143687 0.479085431871375 0.375010396455679 0.294865865397844 0.14155071448404 0 0
-9999 -9999 -9999 -9999 0 0 0.0955804299983384 0 0 0 0 0 0 0 0 0 0 0 0 0 0 0 0 0 0 0 0 0 0 0 0 0 0 0 0 0 0 0 0 0 0 0 0 0 0 0 0 0 0 0 0.113444270388292 0.365340234009679 0.512025217685969 0.607374177351131 0.521590520141713 0.448824710650223 0.363898748006174 0.198461798783818 0.0384045333341115 0
-9999 -9999 -9999 0 0 0 0.289630546738973 0.069501140014358 0 0 0 0 0 0 0 0 0 0 0 0 0 0 0 0 0 0 0 0 0 0 0 0 0 0 0 0 0 0 0 0 0 0 0 0 0 0 0 0 0 0 0.0146344313420882 0.295235361231187 0.457723418323384 0.585364035150322 0.519229612732808 0.442704611628021 0.368049409168642 0.201788664601064 0.0232677107661213 0
-9999 -9999 -9999 0 0 0.259346835136192 0.500203023401477 0.231478232166874 0 0 0 0 0 0 0 0 0 0 0 0 0 0 0 0 0 0 0 0 0 0 0 0 0 0 0 0 0 0 0 0 0 0 0 0 0 0 0 0 0 0 0 0.187335725865862 0.381317005095757 0.51866763088799 0.417778548927857 0.330517109804082 0.258780210693164 0.117282103838236 0.0100311205784578 0
-9999 -9999 0 0 0.198228611223465 0.465121157558071 0.611361555260837 0.184450607507377 0 0 0 0 0 0 0 0 0 0 0 0 0 0 0 0 0 0 0 0 0 0 0 0 0 0 0 0 0 0 0 0 0 0 0 0 0 0 0 0 0 0 0 0.0750953030098063 0.27842940115724 0.355118823932089 0.239367656819199 0.15046321291024 0.0513868142299807 0.00401691427775741 0 0
-9999 -9999 0 0.0712560928440411 0.226658838855474 0.509152646739354 0.479210918915358 0.0343297480587029 0 0 0 0 0 0 0 0 0 0 0 0 0 0 0 0 0 0 0 0 0 0 0 0 0 0 0 0 0 0 0 0 0 0 0 0 0 0 0 0 0 0 0 0 0.127816172561128 0.273854498189401 0.157728954446952 0.0814428373162616 0.0282530066862499 0 0 0
-9999 -9999 0 0.070583698604918 0.233457016680041 0.51465980171366 0.355739171843876 0 0 0 0 0 0 0 0 0 0 0 0 0 0 0 0 0 0 0 0 0 0 0 0 0 0 0 0 0 0 0 0 0 0 0 0 0 0 0 0 0 0 0 0 0 0 0.117538869532827 0.136640460650015 0.120546017683251 0.143052390007062 0.106797056807693 0.111702307835978 0.14282017644062
-9999 -9999 -9999 0.088819056281082 0.258423571868321 0.531214044236286 0.316423372232927 0 0 0 0 0 0 0 0 0 0 0 0 0 0 0 0 0 0 0 0 0 0 0 0 0 0 0 0 0 0 0 0 0.00236030498755258 0.042926494494277 0.062601032355348 0.0902251972133974 0.0964788223436878 0.101142572974999 0.108552316224498 0.106048355085184 0.108460016803182 0.0987235306966572 0.0952554308411114 0.0859003585197323 0.059809568698717 0.0328769708283246 0 0 0 0.00331545129692834 0 0 0
-9999 -9999 -9999 -9999 0.285572622885553 0.417640137969044 0.349769156993881 0 0 0 0 0 0 0 0 0 0 0 0 0 0 0 0 0 0 0 0 0 0 0 0 0 0 0.0495986058794881 0.0539524578103683 0.0672098105371984 0.100048638197541 0.11500224729314 0.153492802662597 0.182920623767527 0.207119529953638 0.194544175815676 0.181323143116587 0.162942942134192 0.165312905104574 0.194952276365433 0.221627023854837 0.266206514554979 0.264847643111372 0.26311592611934 0.240262317932525 0.235045279777478 0.195204166699054 0.17180151268985 0.136792969956358 0.0965662013914413 0.0696305494960789 0.0329908180924851 0.0109526345726676 0
-9999 -9999 0.0246279329027721 0.143937469722603 0.287555515509949 0.252165667703637 0.19991553075183 0 0 0 0 0 0 0 0 0 0 0 0 0 0.000679209048074503 0.0196240005853283 0.0421074433828306 0.0557942860871139 0.0706409459221714 0.0831571320832434 0.0852666485037025 0.0788280375160403 0.069523652640189 0.0747824352741162 0.0876012911824715 0.124409851316613 0.176626219329674 0.227162501993732 0.236055059200206 0.259851173426382 0.276956427947391 0.308118426231135 0.253357942822133 0.195482807080117 0.151023037632312 0.112112269659629 0.0971310928116521 0.0899180775393635 0.0970252457801756 0.124503627463275 0.159008075500156 0.21567199472164 0.27879685820229 0.342634537309848 0.407558411658409 0.353876460506601 0.23698757198829 0.179078427943338 0.147487377295767 0.149672769603286 0.163360029208047 0.160288863447742 0.0366413928808608 0
-9999 0.0615092179687702 0 0 0.098736702959243 0.146627311608927 0.0988784491218825 0 0 0 0 0 0 0 0 0 0 0 0 0.0395943672993271 0.131610973279181 0.202630803567334 0.227578545092373 0.245370189906506 0.262982984415426 0.269779712913993 0.262097070898929 0.271241782891572 0.259651532692919 0.256249624789569 0.25377865565438 0.249700535175144 0.327182739778226 0.37462771482009 0.380819665612791 0.392883711103851 0.316498352990392 0.256263877847862 0.186350294110941 0.135188995413209 0.0977664341119719 0.0597660542545713 0.0599441933834334 0.0585807488800555 0.067236755873992 0.0915937513522379 0.114637051727457 0.164168021117843 0.217425661084024 0.262446536398812 0.309499104672738 0.341624132170942 0.259157088725594 0.169100331894471 0.152066612149981 0.173613279572627 0.193800434535369 0.143063651799024 0.0199863560002311 0
-9999 0.141061137514548 0 0 0.0404890357258696 0.0325395774046611 0 0 0 0 0 0 0 0 0 0 0 0.0602359437834719 0.105504665324803 0.181007426456671 0.262566917738031 0.333053115413895 0.37720287607133 0.40186962667396 0.428501646131539 0.447024117484222 0.460007232181048 0.45681752662118 0.447271756368363 0.439203481410825 0.422508701755234 0.429642285840309 0.476824163676795 0.482012142535523 0.457239017917039 0.381202241709275 0.302917803140327 0.240000876606459 0.178159780855187 0.131285481265853 0.101030979398566 0.0750433955015141 0.0700858159342147 0.0695576172226724 0.0764457067239165 0.0939660463257607 0.112351040870169 0.142939278298146 0.173389927540776 0.202267640664486 0.22884561002352 0.243493180866536 0.245903306113243 0.231926963507778 0.203055728170572 0.15971324733899 0.10143428638631 0.0357250452019943 0 0
-9999 -9999 0.090083516630577 0.0106081108404964 0.0602034255461604 0 0 0 0 0 0 0 0 0 0 0.0290634612161654 0.168775149521357 0.183151128716355 0.231952664911238 0.30778060841622 0.381303509176396 0.457074337315845 0.500183931279793 0.534161320265449 0.566504876276445 0.59334274034521 0.61140304440214 0.603724083381763 0.597484763026697 0.593730327121705 0.574664452438743 0.580437762971565 0.582459132493285 0.532457649689338 0.463182257478799 0.391890718996731 0.313038826330026 0.262060071655979 0.204140627854275 0.16290744386415 0.136957819796012 0.108654686335213 0.10904659241871 0.105555713271663 0.107745982444421 0.11759714104836 0.121192442113852 0.13758979264735 0.147568174978228 0.155764777353296 0.165320937559839 0.16212933214928 0.148813205544312 0.124179219915151 0.086888028124217 0.0382903782133384 0 0 0 0
-9999 -9999 0.106566927743643 0.0181473390910069 0 0 0 0 0 0 0 0 0 0 0 0.118556568600557 0.279540603813639 0.325445515484934 0.349397281767191 0.399830566434342 0.471028413226751 0.548387215288241 0.597489831797333 0.628666535481983 0.629758032369368 0.630524159276601 0.632273931534576 0.63099213405969 0.630448872657018 0.630630672732715 0.631693668469439 0.632889485202643 0.625660430577173 0.561704596643781 0.497076109359806 0.432596870276884 0.36715982568147 0.314858825226211 0.265712636354167 0.227545129604961 0.201791523356437 0.179845819126468 0.170405093075428 0.163458314828457 0.159827904160112 0.158710874655349 0.154466369826419 0.151510426288879 0.142315337902073 0.132788068623338 0.119089363947439 0.09618999998834 0.0719595804583837 0.0359336299274254 0 0 0 0 0 0
-9999 -9999 0.0245145329781096 0 0 0 0 0 0 0 0 0 0 0 0 0.117660232572101 0.348732742404699 0.410087568903227 0.41464679253448 0.448330266682898 0.524569690960013 0.607952001414126 0.642836302050146 0.631354023151548 0.626514291254045 0.627329825005378 0.629275727462665 0.625650633953262 0.622822466422738 0.622547627484772 0.624272589379476 0.627054130537645 0.626753625706639 0.608657147894085 0.551295571066111 0.495036124833942 0.432612416964494 0.39014171664063 0.342518066708504 0.307020833112009 0.28354896238168 0.256688561531069 0.245523707824104 0.230317233561516 0.218598269996992 0.209530923560046 0.193279841445811 0.176885988917026 0.15143372929667 0.123850277916474 0.0911050671383704 0.0494085918574741 0.0146077203101668 0 0 0 0 0 0 0
-9999 -9999 -9999 -9999 0 0 0.0674116348168597 0 0 0 0 0 0 0 0 0.119146899677903 0.391594280584028 0.44571463308172 0.40450485459762 0.440421664608568 0.542245020540687 0.630399434432811 0.640935956553004 0.627323622414561 0.620799994051216 0.621214070458922 0.621836896130017 0.616088163854027 0.610139665377212 0.609115168480048 0.613100226139332 0.618236826866327 0.619739564903796 0.621271604835819 0.618556630785344 0.56596192748999 0.513713785772604 0.469211262933872 0.42887227259277 0.393769924861563 0.364219558387269 0.338216816469798 0.316875101053469 0.297319959154965 0.278023280937973 0.256734424259518 0.232990227384557 0.205359747274342 0.170832238317506 0.131904757655642 0.0845498063077057 0.032786073465095 0 0 0 0 0 0 0 0
-9999 -9999 -9999 -9999 0 0 0.214926866275836 0.0522222827885973 0 0 0 0 0 0 0 0.133962708877562 0.417185299547163 0.458580181843651 0.456513606172462 0.495797721347055 0.53970484592609 0.633492340912862 0.637710609327693 0.621878817088648 0.614776636719703 0.615576129287887 0.614472923652067 0.606358009920267 0.596839777839452 0.595096878337279 0.60108409666551 0.607785461338153 0.611085667418164 0.614286204280204 0.617311999187133 0.619851853185845 0.595841365518691 0.557241401742473 0.515775924328312 0.480188001720759 0.449113930304977 0.416774876740678 0.391227523214444 0.362277388437617 0.333821638326783 0.303702003974511 0.270927902268599 0.236526191925672 0.194339866429338 0.146000421088512 0.0885146003153905 0.0283587655010192 0 0 0 0 0 0 0 0
-9999 -9999 -9999 -9999 -9999 0.0247452060613994 0.275105199624456 0.0861254634891068 0 0 0 0 0 0 0 0.168574620391269 0.413452789564481 0.481867408763415 0.484102829128336 0.546208910288854 0.59783721412092 0.632766621405171 0.63432549191821 0.618186564492458 0.610202974580043 0.610250884247051 0.608494053868489 0.597218150138174 0.584744240944332 0.581572720800256 0.587606344488985 0.595474366588574 0.599723162687084 0.603074486670732 0.608357810752937 0.613449282284671 0.619114172643398 0.623204246581702 0.597628198147975 0.56078060517684 0.522739285708733 0.488754356149479 0.453627263273827 0.419874108915689 0.383524139503796 0.341798384627902 0.300669622556223 0.259727420735861 0.216866109885802 0.164510955135369 0.0999833917651268 0.0363638845070262 0 0 0 0 0 0 0 0
-9999 -9999 -9999 -9999 -9999 -9999 0.322430074325017 0.0986441510530489 0 0 0.0164121993001075 0 0 0.00100772662501558 0.117901617949066 0.254840084272263 0.406839914176867 0.470294668384852 0.524176553808928 0.588746516796503 0.624991448267028 0.638784299186517 0.631161528953751 0.615749587948346 0.607275565596433 0.605942864100351 0.601996519163068 0.589172655517631 0.575172217429354 0.570533620580305 0.575946863987193 0.582511358155788 0.586924301899116 0.591083745042775 0.597335065410384 0.604726086887831 0.612340087940475 0.618924245034904 0.624751899931991 0.631249862402296 0.593342494596878 0.555140007800551 0.515895892934367 0.473628983773922 0.429999148333019 0.381133836283792 0.332430598452897 0.287095550492662 0.238402029341523 0.184693535434658 0.122979015631676 0.0625490408924524 0.0166285305879783 0 0 0 0 0 0 0
-9999 -9999 -9999 -9999 -9999 -9999 -9999 0.0947853202254264 0.0897833482861639 0 0.0547653799441921 0.112578632641473 0.121625373021703 0.206030626968291 0.276365906670991 0.315059690768239 0.380978326803282 0.460683861657413 0.551027446017642 0.613740846949998 0.627548626743541 0.634552207306726 0.627232936259154 0.615259369391289 0.606147121832458 0.601136070098915 0.594279576491091 0.581932749114869 0.569412427431113 0.564698023515205 0.567266402302265 0.570730763156508 0.577456374968659 0.580567779887704 0.588827213985562 0.598929658827276 0.606075043449505 0.617378730509036 0.624304671745776 0.633547815359109 0.643083550153094 0.612291056567141 0.56798118309904 0.522599495075975 0.474970533358916 0.419671224642381 0.365077476431869 0.314911036185434 0.260720335851206 0.208285245215313 0.155440499360902 0.104891351487805 0.0640218304320191 0.0280990062622057 0 0 0 0 0 0
-9999 -9999 -9999 -9999 -9999 -9999 -9999 0.115075866506799 0.110005522889087 0 0.0311964474012314 0.229474710853753 0.230851630747911 0.337712395159952 0.383868697819694 0.353512089488521 0.358581182404799 0.428368237978466 0.538149807141839 0.610068969930636 0.627866242169906 0.629516986857238 0.621241019646614 0.611323076928781 0.602480321246865 0.59632017896428 0.588501663520599 0.576537849692089 0.566401361895024 0.563278906383142 0.567276789859531 0.572673899400878 0.577547431853632 0.582126576513221 0.592112555235854 0.60493911380006 0.616594423594233 0.626918101304535 0.634652732054465 0.644854282890386 0.655709672351491 0.659609659435557 0.618668048713214 0.571506783181749 0.522283119983116 0.467643120376966 0.410704283896249 0.357721561189301 0.301481677872374 0.250895865727664 0.205509643254046 0.160731814488891 0.125200766846844 0.0930745733470697 0.0643100919314505 0.0382566937235171 0.0111827850297317 0 0 0
-9999 -9999 -9999 -9999 -9999 -9999 -9999 0.040673305737301 0.22766025758613 0.0593886628103948 0.0503120623252296 0.140771331237399 0.360501009107608 0.465021711134661 0.488423585685972 0.384596189154417 0.288630284943139 0.390208503393987 0.510378815577403 0.589671618957966 0.625376148456593 0.62239748201049 0.618849386180206 0.609052714806984 0.597493088887946 0.590461817677937 0.582678222107619 0.568788731971421 0.562653442828596 0.5616569003666 0.568146692527621 0.582205919769787 0.580678064804213 0.587456940473836 0.598725828860053 0.612889551933965 0.63617429174683 0.635832079839635 0.645779752216906 0.657139904241123 0.664531681436533 0.68245139407435 0.659674967669368 0.617507877150334 0.569418344812835 0.516098388540485 0.466268274969341 0.409940034644498 0.354835059523085 0.306905787623697 0.263727972125048 0.226504278869486 0.190872177757976 0.160384216465082 0.134150217569415 0.110033418414741 0.0896767152142217 0.0615501662135239 0.0345863798903078 0.00675975240474869
-9999 -9999 -9999 -9999 -9999 -9999 -9999 -9999 0.173937211244306 0.189961441130769 0.102551850664883 0.120379722182107 0.234343359657414 0.299556091056172 0.345847130748679 0.451290676979673 0.375700783647829 0.388932371029753 0.455472605678018 0.524329973184961 0.598569239248345 0.632782078831864 0.630250175868403 0.608413206305414 0.589915918391814 0.578269477589569 0.569361815715922 0.555788151522991 0.549022315552915 0.54888948742702 0.556898515091203 0.569765825390025 0.572137282612738 0.578150573210648 0.588828540056702 0.602188157831097 0.618854305476372 0.620254807706567 0.626131655565312 0.638968024204192 0.655038509248505 0.674659015065081 0.678057658892643 0.65577547379826 0.611143711021539 0.563608288541599 0.516078825625242 0.466538528222291 0.41639540800727 0.371986553961387 0.331993347863872 0.294707467857871 0.26279283886532 0.232534838993321 0.207178839280416 0.185932088214237 0.164093915240237 0.14326420406919 0.121705871472165 0.100398876991498
-9999 -9999 -9999 -9999 -9999 -9999 -9999 -9999 0.0784419876730866 0.339481580187436 0.193210743189584 0.0889330715355208 0.0433049313135074 0.0835532636319187 0.0975314200176041 0.322389770260119 0.499015359238973 0.403697318371053 0.373329870627444 0.440292842360757 0.580391414309859 0.631854037037318 0.635323789071723 0.607403253414305 0.577424991285003 0.562117931099739 0.550658245316431 0.536639905267759 0.527545488375176 0.527077385262621 0.535648888102182 0.546267844782489 0.552415289577434 0.557428722535498 0.56694637713372 0.577352720407853 0.583898207556769 0.588979712166706 0.586651352256055 0.60348663813646 0.632536579173348 0.656882603663401 0.669549063783281 0.66518998412209 0.645476756827522 0.602287410868897 0.562123450319135 0.519589526798991 0.478380569730392 0.438329581777261 0.397829294552208 0.362685877654565 0.332865257927321 0.305392058473424 0.281026382761263 0.257388162473509 0.235898364857697 0.2189605078183 0.20546779675323 0.189911781130882
-9999 -9999 -9999 -9999 -9999 -9999 -9999 -9999 -9999 0.123082440193542 0.254795768361551 0 0 0 0 0.0144850992665486 0.266725762163404 0.329360627877134 0.403194119493683 0.484293352646943 0.57396447653559 0.604677951676232 0.581999816355339 0.521194881587757 0.517908038216433 0.542031268500831 0.530896691158773 0.517279487630066 0.50858922299988 0.506979001905892 0.513800425922643 0.524926718884782 0.530313219857006 0.536317890992503 0.54558513915705 0.556202106730647 0.562664714433289 0.559884827299339 0.557441320211332 0.57880940955556 0.617705970645291 0.656792345272879 0.664917862711003 0.654206562883811 0.646661267007468 0.641252980915405 0.60636090213412 0.571697100549239 0.536663676466435 0.50165966153436 0.46723605627305 0.435588052973006 0.409060869460165 0.384050524435118 0.360853570964022 0.338171212852809 0.31660601380209 0.301080055109121 0.286860406842564 0.274780760125493
-9999 -9999 -9999 -9999 -9999 -9999 -9999 -9999 -9999 0 0.33038764096564 0 0 0 0 0 0 0 0.0735450834831214 0.180219716963483 0.305725923589844 0.551271749697956 0.544834389411728 0.415922924898714 0.376594618273415 0.433779189286992 0.491841335807499 0.475312309002979 0.483561441096547 0.481624293560553 0.487471098065613 0.501051207249463 0.501563612545169 0.510634965781091 0.522054669806575 0.535839842346396 0.549510972768145 0.546264087580925 0.537183594435315 0.563054800360418 0.61336993189869 0.665729209229273 0.66026766163018 0.635122080516059 0.622441237162452 0.625485679466711 0.631324737367791 0.617885661659251 0.588595572646691 0.558789333605487 0.52783548990722 0.504147390663385 0.478494967440054 0.458945396437943 0.438181240466318 0.414166531226947 0.396267759337535 0.379417741083133 0.365461609171561 0.355842743991659
