meets/meet004/_saidas_enm/CCSM_SVM_6k_Cavanillesia_umbellata3.asc
NCOLS 154 
NROWS 168 
XLLCORNER -112 
YLLCORNER -55.5 
CELLSIZE 0.5 
NODATA_value -9999 
[rows 72 to 95 of 168, columns 56 to 111 of 154]
-9999 -9999 -9999 -9999 -9999 -9999 -9999 -9999 -9999 0.31775483798864 0.16556857145162 0.0525767387744838 0.00098088353069814 -0.0117318307700371 -0.00109483842179431 0.0610962219760106 0.22050929926196 0.307360815954886 0.274671975757989 0.257611060425782 0.235344144786243 0.205465483275281 0.171994179806951 0.142856661921391 0.145224668143974 0.153186865509904 0.140021034941333 0.113373280469711 0.105452033910333 0.121771982779008 0.13915334435187 0.13502449193303 0.123727077487673 0.133710879797454 0.158502601436263 0.184092662903159 0.194416409646922 0.202272996446385 0.213023671138392 0.216832991358134 0.225017839663015 0.217135924059127 0.212476133000553 0.208608187440866 0.199980494604498 0.192023197637846 0.165304668439332 0.137500504126063 0.105528026230112 0.06922695144562 0.0437619547203904 0.0302897633915812 0.0218011448781081 0.0205946332508999 0.0328924657873959 0.0425320662616838
-9999 -9999 -9999 -9999 -9999 -9999 -9999 -9999 -9999 -9999 0.29325504867667 0.0819082869570067 -0.0034960819830776 -0.0121329314029882 -0.00431480785225113 0.0420901328917322 0.189944840216476 0.286560236439351 0.247389663233389 0.226199406083012 0.206022019721607 0.170859263864987 0.130903519579911 0.100489129915092 0.0997715990848828 0.106876417751791 0.0970736553064899 0.0752206363503135 0.0699476058256096 0.0857642896531915 0.0984586027826079 0.0947821448441453 0.0762256147699882 0.0823995823663096 0.109065043442443 0.130942411757595 0.1431598036926 0.144482625656989 0.160906031691684 0.184347024674616 0.199441140530826 0.200540562350537 0.195365838045388 0.199498323858999 0.211936232563555 0.208722927216512 0.179937071832153 0.140001398473614 0.100241050091996 0.064609278365471 0.0347925448607255 0.0175147573443652 0.00519003962891657 0.0023021202932984 0.0174740712929191 0.0303910550194237
-9999 -9999 -9999 -9999 -9999 -9999 -9999 -9999 -9999 -9999 -9999 0.141728551882968 0.00280556415371397 -0.0134854670570879 -0.00902563342779383 0.0235501712536109 0.127881679700283 0.226070188001217 0.206140070694135 0.196521513648012 0.185393713467335 0.147819787906803 0.0979963405655663 0.0651126766743942 0.0610077511465792 0.0596353839754432 0.0556049934939836 0.0437899784247157 0.0405528763896493 0.0509108104541265 0.0569069043607782 0.0546051307154184 0.0455927557069126 0.0466738400635695 0.0571141843171619 0.0630647045373971 0.0793460159151427 0.0872206845507089 0.1055438675504 0.126314087893604 0.140381089024127 0.155589349825433 0.156776527850069 0.171112144604563 0.194398916857752 0.197956617486687 0.169581476836299 0.13331847955903 0.0967104436660209 0.059215259151406 0.0324042391568135 0.0216754969564744 0.0204314197352584 0.0135199773724688 0.00271702977265786 0.00175549739822239
-9999 -9999 -9999 -9999 -9999 -9999 -9999 -9999 -9999 -9999 -9999 0.189013782879106 0.00881528915512642 -0.0168569651234994 -0.0130395806981665 0.0104134598220376 0.0777260981377032 0.164736074711177 0.178659151911596 0.183687537260108 0.174569654306033 0.134426690341972 0.0809303146491399 0.0468562757176817 0.0358806211884291 0.0301197340454202 0.0258418891632976 0.0190658028416713 0.0173764943924248 0.0236459206576568 0.0255894353797353 0.0283353216505328 0.0244926498688033 0.0267376700337582 0.0339337162949181 0.0341334540535164 0.0481514625053032 0.0538831355830994 0.0719698065295478 0.0973429077561176 0.109812732019597 0.135371134003011 0.142541031737636 0.156347826526507 0.175326861117466 0.171639257563731 0.151770696570486 0.117367397053135 0.08552365415645 0.0572751395622836 0.0365928605894401 0.0322694784421808 0.0316112019873519 0.023313474819308 0.0149496979950591 0.0196829990461219
-9999 -9999 -9999 -9999 -9999 -9999 -9999 -9999 -9999 -9999 -9999 0.233374363509998 0.0427478841991505 -0.0274944065677158 -0.0127711704628746 0.00576774321966289 0.0364617436190958 0.103789231315171 0.143051208167536 0.1766508692671 0.196301189069982 0.140592640366495 0.0847583344717314 0.0437092342582564 0.0272794386058894 0.0146658461409653 0.00815886011248912 0.00410075639564389 0.00144130038454721 0.00226510646694139 0.000644021976636378 0.00246292009784799 0.00912074985205374 0.0126891791428331 0.0161117518770612 0.0226333333584309 0.0240449001634769 0.0346136594490297 0.0508650186843038 0.0666900295700097 0.0989077770276949 0.124252289785411 0.147820219908169 0.159354393092125 0.150245503035057 0.129038223073283 0.108035836337865 0.0872243985248847 0.0672505976793023 0.048441211722161 0.0385683931988265 0.0289748867732388 0.0293746226472649 0.0272574173596428 0.0407214644208275 0.0634520163215671
-9999 -9999 -9999 -9999 -9999 -9999 -9999 -9999 -9999 -9999 -9999 -9999 0.16726690271902 0.0326401509065553 -0.000190814762159375 0.00204668760722138 0.0230695347063651 0.0713312606831766 0.107320752425253 0.149116916584476 0.188991838682314 0.169383213066541 0.115555580238332 0.0611256219855422 0.0264471569402202 0.00776879620265414 0.000720096778558277 -0.0018663061188679 -0.00677407676037417 -0.0119500599398445 -0.0184210414238155 -0.0176076924920206 -0.013903510275127 -0.00975187808604516 -0.00340641925816515 0.000920966406399215 0.001849801089015 0.00612870007882577 0.0209525770440346 0.0403129748565585 0.0727123190647359 0.118207933270224 0.155971584975636 0.166576205582514 0.143322887042378 0.105345782182895 0.0784810376593764 0.0571835017176225 0.0424444998172358 0.0391210740950358 0.0361673090866402 0.0288696442251675 0.02743844561625 0.035805110527325 0.0516630758013439 0.0718681296407504
-9999 -9999 -9999 -9999 -9999 -9999 -9999 -9999 -9999 -9999 -9999 -9999 0.323999091787346 0.205204971637999 0.0632895214348174 -0.0010993882538583 0.0168649344066351 0.0776577430273025 0.096407141539522 0.085043044134878 0.129474870828796 0.175589920990804 0.168697041542687 0.0952519357636387 0.03295868062414 0.00363595824609969 0.00384646745941136 0.00321681319501421 -0.00548969756132844 -0.0171567913964193 -0.0331157344375374 -0.0347202969769734 -0.0386034690320193 -0.0388472437717067 -0.0311670900929361 -0.0282561606210478 -0.0322228880346384 -0.0372377407348632 -0.0269185350974808 -0.00593341380909357 0.0260451625412936 0.082374905817294 0.150140827941419 0.167684511983047 0.128780840071541 0.0829687610112826 0.0542820853072226 0.0271933781519169 0.0159530216162219 0.0224611723959506 0.0345553637958381 0.0260324427392883 0.0224304051871001 0.0299685190892338 0.0422454860573022 0.054754849903951
-9999 -9999 -9999 -9999 -9999 -9999 -9999 -9999 -9999 -9999 -9999 -9999 -9999 0.323999670618037 0.138251679996773 0.0102342711750882 0.0252801654789798 0.0638877147585749 0.0846697173791611 0.0857043988849858 0.0990922390180087 0.146923321489736 0.183928091377187 0.133181278113713 0.0606393625734721 0.0171545068851512 0.0105746281049355 0.012057339258063 0.00354563216172393 -0.00952132889297658 -0.0285834182727888 -0.037390638488419 -0.0482416774707992 -0.0550385363749216 -0.0553153351448822 -0.0619713558064918 -0.0615335432994575 -0.0655644211656436 -0.0588249460922696 -0.0466807526557133 -0.0231575566191218 0.0325569253190625 0.0951315796075211 0.128355386137172 0.128683938615892 0.0992484743641797 0.0551271437347338 0.0128511410453846 -0.00313966783059505 0.00648119916575396 0.0190961935243588 0.0194824243874673 0.0156475896010249 0.0193889419201947 0.028395333716969 0.0387220779126665
-9999 -9999 -9999 -9999 -9999 -9999 -9999 -9999 -9999 -9999 -9999 -9999 -9999 0.2235966644659 0.226965717625971 0.00939155759517735 0.0295444331793647 0.041610931574794 0.0411413275940644 0.0695295108588909 0.123977126987762 0.220405566479386 0.254969982019452 0.229379049383947 0.22187692536357 0.11108958339529 0.0684664966896637 0.056796176307419 0.0296242420381158 0.000827262752083668 -0.0164253284577797 -0.03446575815267 -0.0408450722834371 -0.0536944479575455 -0.0698894385848695 -0.0880373599101951 -0.0787715927248162 -0.0799508084845887 -0.0775370368063944 -0.0836283258059483 -0.0810545321987261 -0.0410778726697333 0.0360912182379734 0.0767783061542994 0.107960229230113 0.127604744998408 0.0519224037041665 -0.0073548474099186 -0.0256606065158367 -0.0165570003991852 0.000795100941614446 0.000861587075221326 0.00316328913129665 0.00807041544791287 0.0146039370373224 0.0197618746538357
-9999 -9999 -9999 -9999 -9999 -9999 -9999 -9999 -9999 -9999 -9999 -9999 -9999 -9999 0.390313525047559 0.0781458121727076 0.0406404074722591 0.0392413756789857 0.0313668047858787 0.0442970925811689 0.100442175886454 0.246394377395768 0.404175262574809 0.419036067244596 0.334706876718902 0.284011385137787 0.266866430922629 0.222122532404943 0.132706759657685 0.0556605955452651 0.00919453652469415 -0.00139257890982369 -0.0265356105816246 -0.0420475549393557 -0.0508263352020314 -0.067883255193785 -0.0621436260612566 -0.0674164503410596 -0.0701723763676093 -0.0743662794144478 -0.083094998580939 -0.0606720632753725 -0.0319080283130976 0.00664533768545655 0.0659208963068726 0.0735537152141582 0.03615491020805 -0.0156788710501142 -0.0326916744835179 -0.0259615832201833 -0.0185089605840538 -0.0112426441929657 -0.0103396701637674 -0.00392486608907688 0.0106091054261311 0.0135195496050941
-9999 -9999 -9999 -9999 -9999 -9999 -9999 -9999 -9999 -9999 -9999 -9999 -9999 -9999 0.490932312328723 0.162934978517016 0.0369811055665546 0.038486776934117 0.0267334289779134 0.0250256888369049 0.025954018820013 0.0276369685419589 0.0297077315067681 0.0871272572935047 0.223486694243953 0.255931975237497 0.357251664799867 0.388656183936795 0.369498509412743 0.211900975410799 0.101184529143152 0.045617708907193 0.0156175653437896 -0.00369460444850589 -0.0159149684556583 -0.0389888960955372 -0.0158802757018582 -0.0211428996798521 -0.0508923134946113 -0.0616558492503219 -0.0908200774090072 -0.0822982090237799 -0.0785535981771651 -0.0376522345447115 0.0186037454456541 0.0405155191637679 0.0210209945336516 -0.019377727621528 -0.0299549263128275 -0.0202258032589559 -0.0248943535887456 -0.0108846426749196 -0.0126139580020999 -0.00864547096179935 0.00889755319178115 0.0183780682531399
-9999 -9999 -9999 -9999 -9999 -9999 -9999 -9999 -9999 -9999 -9999 -9999 -9999 -9999 -9999 0.422642663579899 0.0798744268661327 0.0173591374558454 0.0212973941553592 0.0165999917513817 -0.0142224880673036 -0.0634106654331706 -0.0918900878226104 -0.0849467436705045 -0.0630169587056649 -0.0223458445212456 0.0588029750700877 0.177182452142208 0.314163238419861 0.304609638022628 0.146974382617813 0.108277262982494 0.0524985293157954 -0.00648190392211828 0.00354548887192357 0.028029798458487 0.0092636020613876 -0.0217997799005975 -0.0274419275350475 -0.00492585170016713 0.00642686863996667 -0.0438649479289814 -0.0908607501200485 -0.0857561725110406 -0.0324572653566559 0.0111344556291234 0.0128430839964032 0.000506691415270211 0.00429521296775337 0.0188230291690574 0.0259006321989269 0.0243184972129268 0.0121437560792755 0.0100978015006299 0.0168253704073775 0.0102185623754572
-9999 -9999 -9999 -9999 -9999 -9999 -9999 -9999 -9999 -9999 -9999 -9999 -9999 -9999 -9999 0.226862366834445 0.234099370712712 -0.0252999603482116 -0.00195243146810653 0.0172760118639787 -0.00789165867404412 -0.0471143708030441 -0.0524032618765768 -0.0635807705316143 -0.0744493967867042 -0.0199258133956429 -0.0583398798809194 -0.0272330992336926 -0.00313447782439835 0.315935262970739 0.240030787798206 0.159182713674595 0.0791018458791692 -0.015309622849661 -0.0203739113103079 0.0774684758543935 0.0212536411783187 -0.011492515513247 0.0129840162260811 0.0938821823289986 0.155782400001415 0.0181613184792955 -0.0933036925593079 -0.110037391306063 -0.0628868298338492 -0.00496549866988905 0.0139599953085737 0.0292186034734503 0.0467398947793022 0.0718436095661275 0.0945578638898759 0.083155539934664 0.0584451835131384 0.0524310560586749 0.0487250921357203 0.0315677348216641
-9999 -9999 -9999 -9999 -9999 -9999 -9999 -9999 -9999 -9999 -9999 -9999 -9999 -9999 -9999 0.203493679236533 0.249241195296739 0.035981043857109 -0.0523734834781711 0.00172245724585085 0.00684260844289936 -0.0060255374511714 -0.0139065357133403 -0.0233932183044056 -0.0499313986048134 -0.0668774411238864 -0.0926689699794623 -0.0991139209558586 -0.105794740014223 0.112797486745143 0.375904509358003 0.292186810175616 0.111312299171137 -0.0144224761072553 -0.0589086920251166 -0.0336874270546525 -0.0390355782415819 -0.00908781558265503 0.0255337088050624 0.138165264493131 0.202383095321763 0.0305457691489167 -0.103789595966617 -0.122124070335226 -0.102859375485914 -0.0347200236806044 0.0108615276652342 0.0533554192515053 0.0922970362447034 0.122677753672269 0.139700273096526 0.140906554619636 0.133452838544314 0.129726025791845 0.123501997107761 0.132873807722821
-9999 -9999 -9999 -9999 -9999 -9999 -9999 -9999 -9999 -9999 -9999 -9999 -9999 -9999 -9999 -9999 0.0776873611444492 0.140525459899621 -0.0172380112435728 -0.0613677407053065 -0.00471554734471619 0.00868895174854684 0.0116403550163722 0.00730556919823916 -0.00141878369813758 0.00118794586546278 -0.032563924448171 -0.0532717449351242 -0.0824902808937066 -0.015676266416199 0.227916258671141 0.399068400589351 0.23871439752774 0.0867436588828442 -0.0264430890543694 -0.0767199768264248 -0.104980416217675 -0.066144067639368 -0.0242350046827133 0.0697583742995771 0.159604033495547 -0.0179655931902049 -0.124464533501979 -0.131018659815055 -0.106136131464499 -0.0427889609494874 0.0257663091181798 0.0894978341072392 0.142148678294956 0.179761380564347 0.195022800236528 0.1950472962613 0.193243108762926 0.198313309941387 0.201516649255878 0.22831468394528
-9999 -9999 -9999 -9999 -9999 -9999 -9999 -9999 -9999 -9999 -9999 -9999 -9999 -9999 -9999 -9999 -9999 0.160922764601341 0.0939805393790002 0.0179069410889238 -0.0707558028017645 -0.0257057193968591 0.0152202407130099 0.0127536578056049 0.010160743671988 0.0108256826256768 0.00266013818350225 -0.00730327129149455 -0.0255507232188983 -0.0405070789140409 0.0361283119687156 0.269050937606053 0.371832465661142 0.250957897829089 0.0903683700641645 -0.0588026732864079 -0.106844768741432 -0.110725370873179 -0.116603503980118 -0.0743734485918202 -0.0944981314505195 -0.0994518508153606 -0.121718906267223 -0.112282039499919 -0.0743532269258845 0.000430492781294756 0.0594449670495655 0.127737232532107 0.184966608376831 0.224846405047398 0.247125899727953 0.211690052928743 0.175601989030956 0.178867786199269 0.208992466048085 0.259188873584461
-9999 -9999 -9999 -9999 -9999 -9999 -9999 -9999 -9999 -9999 -9999 -9999 -9999 -9999 -9999 -9999 -9999 -9999 -9999 0.0376113461933027 0.0576073841791824 -0.0300250034691398 -0.0137855448999173 0.0194072842909099 0.0185045171018984 0.0153645244326156 0.0121870844841268 0.0113965809944273 0.00306096543948614 -0.0218629100894142 -0.0343803422576833 0.0848008345165678 0.245898331374612 0.340954850486969 0.243821216308686 0.0640234778590153 -0.0295147708147472 -0.114972280911748 -0.137693478359944 -0.123470304692533 -0.13138841059563 -0.106651586779248 -0.0950352277429257 -0.0766466117163041 -0.0103724856756813 0.0320194760001075 0.0655091993027552 0.11596862779608 0.163641221340181 0.20052869660619 0.223407967380693 0.184708472194102 0.127124004985402 0.132624844272102 0.167386233166734 0.226677546545876
-9999 -9999 -9999 -9999 -9999 -9999 -9999 -9999 -9999 -9999 -9999 -9999 -9999 -9999 -9999 -9999 -9999 -9999 -9999 -9999 -9999 0.031376218184793 0.0347729067369431 -0.0147617242933533 0.021032481219718 0.0182399355970599 0.014090610141148 0.0145831189292466 0.013666435126081 0.0046731282048173 -0.00894957101626981 -0.0112267719278238 0.0405260961339933 0.183929826475745 0.298465487128685 0.218140840488647 0.0838621916027654 -0.0417669635595133 -0.11923604202026 -0.0954505633650294 -0.0531486620487148 -0.0378918764767347 -0.0318089706803573 0.0204642627961275 0.0411527865346705 0.0543399751130153 0.0767936291389961 0.0783645146504937 0.103497772490945 0.164259427752198 0.174058542210732 0.141110844014131 0.09353548915187 0.0851913038635019 0.110869027660808 0.131296662723815
-9999 -9999 -9999 -9999 -9999 -9999 -9999 -9999 -9999 -9999 -9999 -9999 -9999 -9999 -9999 -9999 -9999 -9999 -9999 -9999 -9999 -9999 -9999 0.0786390979890438 0.00123906733207052 0.0105708005619741 0.0145408507895678 0.016758472180307 0.0170858319429606 0.0171026749189838 0.0108652743336114 -0.0100382733273341 -0.0438330298220639 0.00744066148101341 0.148562797362843 0.241360018489441 0.190709545714381 0.0520641551779935 -0.00264352353006769 0.0308501062320061 0.100193562853878 0.0965534410569072 0.119352930448554 0.102005723749029 0.088638423326854 0.0846797753694983 0.0923958726308229 0.0812127917819442 0.0966090890102092 0.133095631828885 0.139205474718279 0.0968956778975045 0.048510717137182 0.0439086623435203 0.061453363650633 0.0852005029630438
-9999 -9999 -9999 -9999 -9999 -9999 -9999 -9999 -9999 -9999 -9999 -9999 -9999 -9999 -9999 -9999 -9999 -9999 -9999 -9999 -9999 -9999 -9999 -9999 -9999 0.103635030401999 -0.0263035278264731 -0.00405775717615603 0.0116339263127307 0.0172920175630706 0.0175449579300196 0.0105667630442771 -0.0120793103711126 -0.0297354294498149 -0.00951583735432043 0.0438976120001764 0.186651425073603 0.154293180032616 0.0602118015364132 0.0548168890400572 0.146326265182345 0.155511474362591 0.218753388309506 0.190037424805091 0.149840831439525 0.134276362109207 0.122618748062597 0.140545428367693 0.126986793743805 0.129025672009117 0.127545745306061 0.0647698294527254 0.00348358716117347 -0.00184927507968141 0.0453880707436048 0.0930865675550122
-9999 -9999 -9999 -9999 -9999 -9999 -9999 -9999 -9999 -9999 -9999 -9999 -9999 -9999 -9999 -9999 -9999 -9999 -9999 -9999 -9999 -9999 -9999 -9999 -9999 0.0877699151092833 0.0915698534596827 -0.0332078754184763 -0.0218821441270293 0.00271366384636029 0.0151480125161876 0.0179881265603527 0.0141638298428801 0.00389964862974274 -0.00791122723471016 0.0022340454114757 0.108723558778698 0.175310272388367 0.118335776180898 0.0175854862424939 0.0909644380647838 0.144069817266922 0.2380759820781 0.204080714650968 0.167167025117445 0.158743053601093 0.116924812729747 0.128391507457824 0.110302794532639 0.0963505484997816 0.0770484378837487 0.017442179273104 -0.0192864043947545 -0.0141708971978834 0.0362191603877555 0.0907072830607842
-9999 -9999 -9999 -9999 -9999 -9999 -9999 -9999 -9999 -9999 -9999 -9999 -9999 -9999 -9999 -9999 -9999 -9999 -9999 -9999 -9999 -9999 -9999 -9999 -9999 -9999 -9999 0.118482063000216 -0.0170514642546513 -0.019681727730151 0.0165848463066862 0.020219707042802 0.0207441261252829 0.0175414100175431 0.0117038397031415 0.0138580007838945 0.0504470822304749 0.120101669987655 0.127261594172864 -0.0139247467473585 -0.03333921591904 0.0897879170630644 0.227131276370786 0.191619049457411 0.154679655822482 0.142913369583911 0.11946975513919 0.0761372888899198 0.0421209629577413 0.0410715275519825 0.0122930149393061 -0.0128401585667154 -0.0351655702816007 -0.0185250353894404 0.0521444047516023 0.105659793242234
-9999 -9999 -9999 -9999 -9999 -9999 -9999 -9999 -9999 -9999 -9999 -9999 -9999 -9999 -9999 -9999 -9999 -9999 -9999 -9999 -9999 -9999 -9999 -9999 -9999 -9999 -9999 0.155177554528642 0.0702861463019545 -0.026931951571012 0.00271195008856079 0.0180150856582519 0.0216971555582815 0.021007620953409 0.015540314824206 0.0106424950566264 0.017878590116534 0.0580070063742987 0.0882126226990853 -0.023837192574856 -0.0674115648103359 0.0225912198096464 0.108929187314657 0.0834681379591112 0.105904679121074 0.120863485312343 0.0849340303983093 0.050400937672952 0.0111676337062506 -0.0309129321947645 -0.041727002028266 -0.0167073548411008 0.00366136932679989 0.0337459418796059 0.075324041097823 0.106275834335232
-9999 -9999 -9999 -9999 -9999 -9999 -9999 -9999 -9999 -9999 -9999 -9999 -9999 -9999 -9999 -9999 -9999 -9999 -9999 -9999 -9999 -9999 -9999 -9999 -9999 -9999 -9999 -9999 0.116015955244861 -0.00883417670769088 -0.0169745320263142 0.0106560414609112 0.0215903796358861 0.0234018898950291 0.0175398951535665 0.00778262274695757 0.00458517750597087 0.0251957727300265 0.0381818267004047 -0.0335016983643751 -0.0880681732857451 -0.0303390517299666 0.00834656763283348 -0.0284955435821151 0.0344700759335511 0.13771739963643 0.0739813817250025 0.0349086564054575 0.00226062084828627 -0.0608491637440378 -0.0826247788965137 -0.0226145064021899 0.0728050812178554 0.118489964694475 0.118296185740137 0.112996951742663
