meets/meet004/_saidas_enm/CCSM_SVM_21k_Cavanillesia_umbellata4.asc
NCOLS 154 
NROWS 168 
XLLCORNER -112 
YLLCORNER -55.5 
CELLSIZE 0.5 
NODATA_value -9999 
[rows 50 to 74 of 168, columns 56 to 111 of 154]
-9999 -9999 -9999 -9999 -9999 -9999 -9999 -9999 -9999 -9999 -9999 -9999 -9999 0.113826253467818 0.110782838456981 0.185816177231702 0.485776674511692 0.34975837435538 0.132625085221342 0.0601914473011099 0.0965765387422171 0.0551382156801455 0.0590878094610454 0.0678512327087352 0.0327936926737522 0.019640515259951 0.0141501507679371 -0.0308035139760934 -0.0378083601788828 -0.0244486308367169 0.00674680840965924 -0.0350900070239441 -0.0568258232786094 0.0390469325501054 0.23102052216065 0.210432049385965 0.060098058065027 -0.0102827887895489 -0.0410039801066749 -0.0483762053709494 -0.0363770518380456 -0.0375083577712351 -0.0214690950381641 -0.0501906534022731 -0.13187206850866 -0.183016135586705 -0.213362595971842 -0.205394846508123 -0.207610055722838 -0.193257101075751 -0.156731253484611 -0.134452359297881 -0.0862176770898623 -0.0339026638165644 0.0282886362727634 0.06097729745573
-9999 -9999 -9999 -9999 -9999 -9999 -9999 -9999 -9999 -9999 -9999 -9999 -9999 0.113370314438991 0.106278583458872 0.14393371388496 0.348489856501924 0.308267250759076 0.145347716647798 0.0363793119234819 0.0247837319343071 0.0402578732117414 0.0899787811227858 0.127139346042103 0.128933551752197 0.113476306988077 0.136413830641889 0.12319012119803 0.106562726742969 0.0971725656125189 0.0948483292473518 0.0852510058349094 0.102207934471123 0.276136317438541 0.457566833498583 0.379840005135677 0.144374841231798 0.0316579640007567 -0.00885763129294737 -0.0328287328009464 -0.0308804912001213 -0.0443664552976656 -0.0404586429944975 -0.0607424038136679 -0.103849682422911 -0.130584874576107 -0.145398600932098 -0.109402244356004 -0.10743681790814 -0.113019955725743 -0.0906520789707824 -0.0885469014409111 -0.0330841292893191 0.00471505197343947 0.0299317682770594 0.048295597587692
-9999 -9999 -9999 -9999 -9999 -9999 -9999 -9999 -9999 -9999 -9999 0.113327583615227 0.110811845991463 0.109872424016375 0.103315995092168 0.105130063769103 0.159579391583662 0.20600449044891 0.112558494487484 0.0108783926162594 -0.00292454157911165 0.0316859016034674 0.111638759727282 0.150396934575795 0.149893977438714 0.112847250741203 0.0895718519814639 0.0716932014021604 0.0655608421073353 0.071137904435393 0.0794689754651766 0.0884513808963565 0.164458550871641 0.438402379840899 0.706279350158529 0.47658864627122 0.194741240103454 0.0668158426648404 0.0258950016659272 -0.00201130242994257 -0.00777374822656074 -0.0357599438065513 -0.0332369510151196 -0.0472895687018999 -0.0665311922198475 -0.0461711935037906 -0.0646583682071623 -0.00760655147194766 -0.0183447925562907 -0.0706484436880653 -0.0460196320586347 -0.0424426791361662 -0.00086680341746409 0.0159262499699634 0.0107924601162218 0.0286587772993645
-9999 -9999 -9999 -9999 -9999 -9999 -9999 -9999 -9999 -9999 0.11267309387998 0.109110963307019 0.105072958708544 0.106311890081827 0.10650228905293 0.0990811013868636 0.079831509144666 0.0987375425807044 0.132854984017786 0.114252982746102 0.0568949970094014 0.0501833566326845 0.0376387878307236 0.0370508456776237 0.0266938826435879 0.0128847590164219 0.0247497028942131 0.0430657309085636 0.0536732343787125 0.0614132546004815 0.0630614156177676 0.0609892932313876 0.0969084947560919 0.338252495946481 0.673213469522651 0.507652706952992 0.227664553870816 0.0808282402337961 0.0558664512605735 0.0381681366960374 0.0292517623458567 0.00420850518713545 -0.00431680065102263 -0.0185691286033702 -0.0414892430683988 -0.0368005603543924 -0.0526734726289581 -0.0434230963433064 -0.0625912790180059 -0.0736281285640534 -0.0426935909929555 -0.0341042923153064 -0.0231939108212174 -0.0234673245440308 -0.0364486149171461 -0.0342910464525047
-9999 -9999 -9999 -9999 -9999 -9999 -9999 -9999 -9999 -9999 0.0990083921037116 0.0928407216205627 0.0901934577662455 0.102789816507972 0.10699146674491 0.104692253000166 0.0800545576744601 0.0336456402367099 0.0348565811967919 0.0505244084806291 0.0425637148317475 0.00938832362133929 -0.0172508709983356 -0.0169088558813098 0.00853869412196612 0.0261240034294367 0.0466280460726373 0.0563670897821326 0.0656698078910515 0.0749905985845413 0.0738181573938892 0.056693037083241 0.0556076623431551 0.184159455942045 0.510105448346592 0.467141414310606 0.284931838140361 0.0872565102195232 0.06202596834963 0.0573879348442866 0.051547882382438 0.0296634730931564 0.014494442315245 -0.00584139110863269 -0.0316758791106731 -0.0594863429719484 -0.100508936848952 -0.104336317017064 -0.112114779927446 -0.0833059643698171 -0.0600955381482474 -0.0747189533408533 -0.0783861028682561 -0.0870888964822149 -0.0979490462551527 -0.0874038112113554
-9999 -9999 -9999 -9999 -9999 -9999 -9999 -9999 0.108178724420267 0.0895823347497622 0.0730347666079071 0.0727936536610883 0.0738619661571794 0.0929977506609846 0.103684602589 0.102788807099296 0.0819998017847576 0.0473098101918445 0.0207369863456188 0.0118435552708882 0.000569516484879795 0.00470737649739933 0.0160473143331925 0.0292902997608789 0.0432168631992018 0.053410354404837 0.0621307165381983 0.0768170686351568 0.0890383684444261 0.0901233732535259 0.0852508243387288 0.0599111957359327 0.0463374367993722 0.0749026500668164 0.328111861381059 0.423373359538262 0.234751087634394 0.0818772436261913 0.026260229490044 0.0102328486272834 -0.00251070774830792 -0.00284590524311357 -0.00584396206038051 -0.0267012370683201 -0.0752734177480089 -0.111776350379868 -0.131418322312583 -0.12951347979284 -0.111985587070604 -0.0913875749108474 -0.0867597443495816 -0.093024158081256 -0.103701547717759 -0.106332990283509 -0.10901218927593 -0.103394660268773
-9999 -9999 -9999 -9999 -9999 -9999 -9999 -9999 0.0879731188523161 0.0675776039672147 0.104015245030774 0.0614357731648832 0.0573207180493642 0.0836810264361696 0.0959461773109144 0.0932789871861715 0.0802324738449613 0.0661008633839005 0.0551268116843233 0.0474202864376186 0.0468906091582568 0.0492711106696966 0.0510451714906369 0.0539429608899915 0.0619079370272071 0.0755346107440776 0.0873665105439235 0.0981795189690562 0.102370154514047 0.102579580025261 0.0970815565229083 0.0705229452842532 0.0457674910388735 0.0318463973876357 0.11674764688271 0.2906600700197 0.272796358285855 0.0916953642045137 0.0233785120047581 -0.0255321723054185 -0.0531296533704471 -0.0543460833691709 -0.0677894503611164 -0.0859531794142858 -0.0758557294773349 -0.0842180242675279 -0.0778440844764272 -0.0647648845387507 -0.0565524292903436 -0.042087308214135 -0.039367372143872 -0.0431301759628579 -0.0512964965412638 -0.0600427071590002 -0.0654328388625888 -0.0710294040283919
-9999 -9999 -9999 -9999 -9999 -9999 -9999 0.100986452739141 0.077193204714409 0.110884206197216 0.0992163705589739 0.0223093457319182 0.0432909162388086 0.0687395571208083 0.0811326795331582 0.0835930944695263 0.0677990977422428 0.0644603944301551 0.0640162699477888 0.0658744107785068 0.0662092934153169 0.0672144093936973 0.0679888626403565 0.0730755747627021 0.084800048861213 0.090296184167985 0.0913302639759439 0.0904951091706966 0.0927562232038983 0.0955468010052749 0.0976963504602503 0.0767859693552222 0.0502390042226511 0.0263870830716321 0.0124287521562012 0.119836094613671 0.198520030255463 0.190065615238951 0.118456989612487 0.0454875569152591 -0.0115068189568044 -0.0294934271757037 -0.0202894717133824 -0.0223493091204027 -0.017199958511766 -0.0234998590074144 -0.02264354964854 -0.0209242109843484 -0.0298899534148322 -0.0251000538682349 -0.0257570890856745 -0.0291836970618883 -0.0361109262720752 -0.0420175202600382 -0.0465727633532698 -0.0479331053919057
-9999 -9999 -9999 -9999 -9999 -9999 -9999 0.0948080160483162 0.101114997567177 0.15498656512967 0.0471828588946849 -0.0112981949403064 0.0351779428501605 0.0601152155949387 0.0538631841076646 0.0494097457999371 0.0402730654201344 0.0448126130634571 0.0483640946092341 0.055485459041844 0.0571034623760907 0.0592498751476896 0.0635021870163978 0.0622384862238726 0.0620584541964392 0.0637608369871762 0.0635283279418222 0.0669004837451893 0.0667918861442303 0.064538876229026 0.0664142749897672 0.0680734573809952 0.0565740636248095 0.038467696211486 -0.00525083100111179 -0.0187350829784717 0.0336143615369478 0.090403999086701 0.0959685819610985 0.0651339171686617 0.0278730135354349 0.0102222698088066 -0.00614630577436293 -0.00119459961260537 0.00161610038752197 -0.00142252897310824 0.00194925027520093 -0.00487423432674444 -0.00505561814646927 0.00834255057812572 0.0121768657428073 0.0119475048869563 0.00158995813949492 -0.0111690621699497 -0.0265458384171521 -0.0426163907098874
-9999 -9999 -9999 -9999 -9999 -9999 0.108292040776439 0.0994130461188242 0.162332360943258 0.144463427941202 0.0638143899393557 -0.00982330941975468 0.0364910673020004 0.0683322550871738 0.0364865102535553 0.0133062313415196 0.000725349620154636 0.00602722550193341 0.0108354840026475 0.0354227728820224 0.0470286182567283 0.0479760995648227 0.0495819424365309 0.0489507849385447 0.0492926445216523 0.0496966813675843 0.0498931589778187 0.0495738206092223 0.0508064806913874 0.0541052063851975 0.0566968299708052 0.0598230131585581 0.0614977365050232 0.0538584464652178 0.0267446960586419 -0.00910844423677204 -0.0299589893933557 -0.0289100733020358 -0.0251566769553426 -0.0147413468574395 -0.00382304192091876 0.00885977810124172 0.0161372398410387 0.0136806957727027 0.0226602271520692 0.0277436835394666 0.0319011024269282 0.0387248713403472 0.039936069430077 0.0449417981659088 0.0438800616557133 0.0426492815868265 0.039346857120049 0.0331853287426169 0.0227763055750557 0.00159939244081442
-9999 -9999 -9999 -9999 -9999 -9999 0.102872840102595 0.086283748083748 0.0973006118376685 0.126802440009055 0.0726168922346865 -0.0116093268732391 0.0317482543881093 0.0664300590184854 0.0247448592090925 -0.0227096745528346 -0.0324806740790669 -0.0293457181283771 -0.0243547818731143 -0.00255289022243627 0.0176249072486552 0.0254955153585791 0.0317492032434932 0.0297625452756353 0.0297595829388224 0.0326624584476142 0.0314215004433631 0.0324196390106481 0.0336615823423596 0.036735387513047 0.0424484600959589 0.0460081890575764 0.0505753893423869 0.0528574367342068 0.05042360309625 0.0363323941447007 0.0207682485975988 0.0134273522400413 0.0140928790635854 0.0140200944709348 0.0141390655689353 0.0249587753559499 0.0329346346135584 0.0363942332867623 0.0444797614971366 0.0438332712791952 0.0429885553055508 0.0386825882118436 0.032098188693387 0.029630631248769 0.0322266922800897 0.0332279754465754 0.0342296585497796 0.0238697092445929 0.000652704177911523 -0.0211068959085163
-9999 -9999 -9999 -9999 -9999 -9999 0.106502183898812 0.0674615429812778 0.0378858339099375 0.068554473397005 0.0626172772715479 -0.00813877660643769 0.0236618235025957 0.0566159945892344 0.00685800527135105 -0.0381344307425048 -0.0505725978238513 -0.0501362801429522 -0.0485742568532914 -0.0320691731526534 -0.0119941675155098 -0.0102066422135341 -0.00340692453519026 -0.00559090152398201 -0.00218885413526126 -1.01312960267275e-05 0.00112289447027536 -0.000716430478434393 0.00116700375842804 0.00644037522376356 0.00954202983225094 0.016927716740201 0.0216574356229579 0.0269283061773224 0.033902169098394 0.0355554501012003 0.0298059676046255 0.023212311331216 0.0194483185387128 0.0230933769461935 0.029584328726503 0.0331390814882964 0.0352741040058044 0.0339374817456091 0.0391172789905086 0.0343495987380008 0.0308101305687154 0.0289447504156771 0.0263755542689221 0.0312226258248176 0.0310882732241148 0.0328845988065735 0.024103490368221 0.0128805334664086 -0.00466373830458539 -0.0327075928003097
-9999 -9999 -9999 -9999 -9999 -9999 -9999 0.0512406705722533 -0.0319630458586725 0.0083028385885181 0.0615312763763298 0.00207625831475911 -0.00643618919265226 0.0331258754208265 -0.00512063689348008 -0.0452209096521168 -0.048953209841822 -0.0502347096597265 -0.0517239484353099 -0.0505364681780737 -0.0463155415514234 -0.0440513635740947 -0.0402108648441935 -0.0410362585700014 -0.0412204901310723 -0.0396342833571211 -0.0410785506516118 -0.0413335279748565 -0.0418789408701383 -0.0429360085592388 -0.0400162860996269 -0.0385178193412354 -0.0320839846973478 -0.0282908472955504 -0.0231613993989092 -0.0157769924952925 -0.0111879095632108 -0.00509406862773665 -0.00378116733655637 0.00236681832095681 0.0111123102741476 0.0240503466988259 0.0349005975215058 0.0386524154182106 0.0514744016584917 0.0536402893671488 0.0545362085918089 0.0468192098102082 0.0520740123131813 0.0707716705729274 0.0764447837973354 0.0786697683945242 0.0594982065733705 0.0471455768726933 0.0350815900535584 0.00999561044560709
-9999 -9999 -9999 -9999 -9999 -9999 -9999 -9999 -0.0626806425115291 -0.0239125140883703 0.118763891474037 0.0341215547873976 -0.0252892367015817 0.00324821703597494 -0.0302921588633003 -0.0384969712093821 -0.0274386805863636 -0.0255925108967478 -0.0342336855926749 -0.047029030866852 -0.0494097262187027 -0.0478488762666091 -0.0427392210590308 -0.0395898517180366 -0.0421038931394597 -0.0452621042385744 -0.0495458245813183 -0.0527657940957185 -0.0539107183900162 -0.0557053142010506 -0.0586184208828763 -0.0595028384439075 -0.0605049891176151 -0.0586174276287079 -0.0536642439852805 -0.0490076800326367 -0.041609780771621 -0.0318237478175556 -0.0230969035763965 -0.00445586933711334 0.0152012946238586 0.0356417406441112 0.0660317138137086 0.0809580132017427 0.101381829700825 0.113605393387003 0.101926689884411 0.0859503525357686 0.0879085927402233 0.112014781944148 0.120225424983452 0.138722510129164 0.144269799296584 0.133415798246745 0.120279925590333 0.112784214908991
-9999 -9999 -9999 -9999 -9999 -9999 0.0412690329309052 -0.0322193902246891 -0.0906432514662565 -0.0310650771732982 0.0701169839525468 0.0329685904808615 -0.0479769987596992 -0.0462004888343421 -0.03205159172142 0.0348604482172273 0.0538242768007023 0.0114256753279864 -0.0128642060985646 -0.0277403149874334 -0.0353223140676068 -0.0319181776369711 -0.0275902335888672 -0.0185234118704309 -0.0107000909745493 -0.00973378010255788 -0.00879739197411383 -0.0161655188082736 -0.0229299274856308 -0.0219248840036568 -0.0281355077999632 -0.0321578569032574 -0.0401990891140423 -0.0418960861664378 -0.0420004883054948 -0.0407520092497787 -0.0293922158459961 -0.0157274265275405 -0.00188926646262433 0.0264583414983946 0.050628612474317 0.0872752472424752 0.116158703632856 0.133921314377274 0.168329441111492 0.17818245330928 0.169469845833676 0.145088809903475 0.145669087951897 0.177090619960032 0.210542053167024 0.234485385361724 0.242792486186427 0.236484291013115 0.215168796125139 0.174451194642845
-9999 -9999 -9999 -9999 -9999 0.134601651154016 -0.048451908449312 -0.104869449421089 -0.0990513408034077 -0.0446048578043418 0.0376908107882714 0.0449051124177295 -0.0287141137493855 -0.0176138300010082 0.0966619838046488 0.268502547617671 0.226243123725806 0.0904401549759311 0.0225157582809795 0.000783982322601462 -0.00873781723933947 -0.00133946287643977 -0.00181229818719375 0.01498871903138 0.0456576842775471 0.0639792191477767 0.0694427265766312 0.0634320954194423 0.0570493008335626 0.0418705333129804 0.0327323958254038 0.0304906379518164 0.0148412265542113 0.00497104702347728 -0.0025399913760375 -0.0136048738366658 0.00113545732585385 0.0212064338424887 0.0368731550483288 0.074517833434673 0.0877529375149058 0.115631101841637 0.145776083387383 0.162505500304055 0.212302939831916 0.223862996820185 0.224314170163646 0.215211871268227 0.218801030382002 0.243568274982235 0.278853676896578 0.277884762364322 0.274249598001423 0.260150338446649 0.209259298817291 0.15128272962704
-9999 -9999 -9999 -9999 -9999 0.0814998715391797 -0.103579247971619 -0.154105839737149 -0.118633729633675 -0.0387532416448612 0.0572864648260679 0.0751502964615855 0.088327870234403 0.159844121234829 0.293174850638753 0.408044674009117 0.34004623949518 0.204642217390198 0.110696760948065 0.0994079601632328 0.105881796568155 0.112573956365695 0.112020853836347 0.130824514761762 0.162380321436256 0.180165333163886 0.180697690227449 0.17479111994466 0.169992869024345 0.15283755973409 0.129390092467971 0.108641800965476 0.0876380804512655 0.0646599135307924 0.0452023815136398 0.0302471075912211 0.0422463006094701 0.060546956311938 0.0700900272725272 0.0994109879903156 0.1197946956724 0.158484430414163 0.187698260379076 0.222769149234422 0.258377117362955 0.275571357127588 0.275700354523625 0.265887452250357 0.269050530602535 0.265749922151823 0.265202262624232 0.266334617790182 0.253397065595431 0.236347815370178 0.200001485963604 0.154078338309734
-9999 -9999 -9999 -9999 -9999 -9999 -0.122811599526978 -0.185889168692341 -0.104799502552616 -0.0285633247430945 0.0694879322851116 0.0653025493002924 0.126004379711573 0.210529081445651 0.280934918283211 0.459674480686502 0.382494759314062 0.287659549819077 0.2443597590849 0.210452811978397 0.247890044519935 0.242580388541079 0.278007583995175 0.303982325943723 0.312631276983298 0.334900399229583 0.315737204901471 0.313224127854377 0.291374437409516 0.254453522617178 0.24040463893121 0.200202229304453 0.170670879976735 0.138862407234599 0.101314220848664 0.0775872557389145 0.0835610258223453 0.104863803246012 0.126299580582669 0.156164661355746 0.190591458949004 0.224045751892843 0.267855683916309 0.290499901426044 0.29960600396427 0.30675551599272 0.300696713906027 0.289112533950259 0.285751391484869 0.267365755988847 0.247279162255227 0.242146791742845 0.219252332456731 0.197482218474849 0.164640466000574 0.152009321071448
-9999 -9999 -9999 -9999 -9999 -9999 -0.0425446077918915 -0.201464923187096 -0.0831940776219226 0.00865872533771556 0.0640548313216076 0.0387656486739847 0.006292105451005 0.00859228482779223 0.0716620187255297 0.165257686809939 0.26162534238108 0.329538414645555 0.367855966302598 0.319165666537529 0.295789839706674 0.328394981485407 0.383671874058963 0.408144073735001 0.404204951773569 0.39180823009423 0.39584821346821 0.400888284340788 0.381839829449676 0.340387823215146 0.297079136161724 0.27566039576052 0.254122798499122 0.226288667582548 0.196009018463198 0.167970558216042 0.176891003270347 0.195613703485932 0.205711435135825 0.227576012485316 0.249513188086021 0.281283642323714 0.309863294854238 0.320125172222312 0.323435615150474 0.323941846984344 0.315724476223164 0.305803633918399 0.304393346210204 0.289131781370074 0.269793417079107 0.234318510777204 0.192868366407193 0.176109107118441 0.153332776467964 0.133317439365226
-9999 -9999 -9999 -9999 -9999 -9999 0.16324335001083 -0.199887133396506 -0.130070750935626 -0.0146373622319514 0.0502375821494069 0.0412229233650473 0.0153575316213431 0.00309960654794239 -0.0107735588065429 0.00830238113296394 0.123080671254947 0.314071634187079 0.398853752174078 0.356893922852182 0.306437232044752 0.362107781667242 0.433359839630402 0.457824677728087 0.436709875049601 0.414680022000681 0.421752218841741 0.433957481056816 0.418047346116634 0.372949227090496 0.342958666575768 0.324401421228843 0.31541065289355 0.294936934185932 0.268871800133522 0.244397901048887 0.238687478809553 0.259071930943311 0.260542442443164 0.266948260489878 0.28300616514959 0.288164094258144 0.319858202337941 0.328286657171053 0.316125384494204 0.324045515956391 0.308436023943383 0.307706988684192 0.300582448186201 0.26861316152386 0.263125749196103 0.212024247350173 0.165515014424803 0.139137597972244 0.107486066286142 0.101210710600778
-9999 -9999 -9999 -9999 -9999 -9999 -9999 -9999 -0.165038473982049 -0.0800097328016782 0.0435016188274724 0.0517922902694647 0.0492536495037353 0.0437685460530602 0.0170048102200301 -0.00215470037442828 0.0675434679232145 0.230817732220714 0.34553885134275 0.392757023403973 0.355057704931481 0.411384153270455 0.47920207853793 0.492567489337091 0.469271212876517 0.437649711192921 0.440704102846773 0.440191559217185 0.42481506291798 0.395916688416086 0.367938622997154 0.359560411224762 0.353069810548127 0.342863902159683 0.328176387966633 0.308019180265935 0.305634558246769 0.304433512812361 0.294344873897833 0.299252771751995 0.299526502433048 0.316898395442948 0.33058858296455 0.329368028654192 0.326484034048326 0.322368948950023 0.31812445453395 0.307765015266921 0.299837103240439 0.275668976984199 0.238957045396633 0.19672731472865 0.149975323572076 0.126368110267162 0.0974786457191147 0.0756514851287254
-9999 -9999 -9999 -9999 -9999 -9999 -9999 -9999 -0.0280035489088735 -0.126076267887372 0.0169058439537658 0.0583492372580149 0.0775043850153849 0.0780987011211816 0.048534607625714 0.0118475980170137 0.0519145169914622 0.226828015801581 0.338617248930182 0.408252211672891 0.386440064128657 0.433605096350199 0.495405084355147 0.498577681161293 0.472537384187891 0.446582818336534 0.439848277070938 0.432516985661567 0.416929853473788 0.385064181056486 0.367048217001026 0.355650585609716 0.348138032012155 0.338388050039056 0.329993804321921 0.323860735593212 0.31421433925139 0.318160590934181 0.307888199081443 0.302209600333623 0.304799177778595 0.297340450796643 0.319041116094463 0.316995827504229 0.299323191507521 0.303093691584333 0.295276973198459 0.292284916513888 0.281822338486273 0.244706897195728 0.222303732230428 0.179738173725045 0.137693843996322 0.107121298592392 0.0721243081672683 0.055231795678454
-9999 -9999 -9999 -9999 -9999 -9999 -9999 -9999 -9999 -0.115079838833181 -0.0460936245277901 0.0615066257753396 0.0994277805306307 0.101523451192891 0.0816327157917955 0.0374458729549348 0.0632781661753667 0.28467597869233 0.405393808480125 0.467665403418625 0.434288090075793 0.462197912818705 0.498275096898281 0.493433133850567 0.473066015507306 0.442779175080339 0.428320197152307 0.411231830103522 0.390710272095059 0.372325774110495 0.352262422723129 0.341189652223006 0.32433189504136 0.315088257273031 0.311909227538367 0.307437687950272 0.310607164189922 0.307024879518375 0.304657576531891 0.309733629962159 0.30515493411223 0.31193143881363 0.307202773778897 0.298829855446865 0.297067135551402 0.28661696636965 0.289781144867822 0.278031735498624 0.260847962535566 0.237274456272832 0.199252308147901 0.160031329916715 0.118648121857587 0.0906966247698892 0.0616082418011906 0.0401988386061628
-9999 -9999 -9999 -9999 -9999 -9999 -9999 -9999 -9999 -9999 -0.0806591545166523 0.0521330595018864 0.107331376206119 0.114483510707745 0.102519389761606 0.0746019102901931 0.102269547704023 0.364707040453749 0.499180939233471 0.515345020161929 0.468051387380281 0.471565558096215 0.503750602950148 0.482276229979518 0.452846168325218 0.423882714979809 0.408067223856634 0.385319633712418 0.367298500804365 0.341585357213657 0.325449789024595 0.314141662234824 0.292179205779573 0.277615448185178 0.271715112079198 0.265424673395359 0.268164971047773 0.274452534934851 0.276829014761906 0.279774925368924 0.277582071174222 0.278017088348356 0.288733042720524 0.282168234556625 0.263569776329689 0.254236361680667 0.257661535235158 0.255816124930069 0.237348061531801 0.197654660809659 0.163177267975803 0.130255030749495 0.0949396242927474 0.0700593665795141 0.0418507604940297 0.0226237286008455
-9999 -9999 -9999 -9999 -9999 -9999 -9999 -9999 -9999 -9999 -9999 0.0767606173385449 0.106876242490102 0.115544287785209 0.127192599018244 0.123523161364961 0.127634599679027 0.425871241325816 0.589530343359561 0.507730035571727 0.51466769570547 0.492191033449413 0.489455266341783 0.470942009748936 0.440988186306442 0.408437253325617 0.391853979659237 0.367149818253111 0.344104524901278 0.321188789333687 0.301688895635369 0.286427241527328 0.261079213586741 0.244582212116905 0.230155568864464 0.221757945859802 0.225281501594547 0.224890160840208 0.233047293594888 0.241990202646084 0.24479963067638 0.248423679962272 0.24965235245591 0.246244437645076 0.241549435456696 0.235439208015092 0.234240752700325 0.222902981081183 0.20042486569978 0.165825219352425 0.134516724830718 0.106352669896973 0.0790362046201259 0.0564274450622947 0.0317130687083995 0.0158463646835736
