meets/meet004/_saidas_enm/CCSM_Gower_6k_Aralia_warmingiana5.asc
NCOLS 154 
NROWS 168 
XLLCORNER -112 
YLLCORNER -55.5 
CELLSIZE 0.5 
NODATA_value -9999 
[rows 54 to 80 of 168, columns 60 to 119 of 154]
-9999 -9999 -9999 -9999 -9999 -9999 0 0 0 0 0 0 0 0 0 0 0 0 0 0 0 0 0 0 0 0 0 0 0 0 0 0 0 0 0 0 0 0 0 0 0 0.0838640178636694 0.272119180967644 0.505552598209146 0.481210225448305 0.399208561284273 0.33891619961425 0.254522884041606 0.177030090558142 0.117518556257288 0.0498422837787713 0.238930854824044 0.432877701058205 0.562732817501084 0.627901081909259 0.650025469628314 0.644562644306318 0.649591880655351 0.620569426692652 0.520483888841309
-9999 -9999 -9999 -9999 0 0 0 0 0 0 0 0 0 0 0 0 0 0 0 0 0 0 0 0 0 0 0 0 0 0 0 0 0 0 0 0 0 0 0 0 0.119563622725396 0.352005650629379 0.455219040912699 0.367074420773996 0.287343734748782 0.213081229558716 0.141044910000597 0.0773853127070928 0.00922122992532282 0 0 0.151152600496026 0.389384964905216 0.546775116713304 0.618716554874767 0.66182178867416 0.677633586289872 0.672353164608465 0.613634563384298 0.518611588793032
-9999 -9999 -9999 -9999 0 0 0 0 0 0 0 0 0 0 0 0 0 0 0 0 0 0 0 0 0 0 0 0 0 0 0 0 0 0 0 0 0 0 0 0.125961794366658 0.291645548672198 0.273437437557123 0.174565819637188 0.0888347460756787 0.00881066507139161 0 0 0 0 0 0 0.0372010130893663 0.302170187492583 0.50438348233178 0.597591923225869 0.650694830002251 0.676391506114649 0.67862064156874 0.631242288912799 0.500064520312126
-9999 -9999 -9999 0 0 0 0 0.0999371040007349 0.161746446925968 0 0 0 0 0 0 0 0 0 0 0 0 0 0 0 0 0 0 0 0 0 0 0 0 0 0 0 0 0 0.0582263060469588 0.0721691285641706 0 0 0 0 0 0 0 0 0 0 0 0 0.207264805948287 0.446542385771391 0.548809668181973 0.620383151897813 0.655868021624673 0.663696948970246 0.626288968597613 0.493638833239292
-9999 -9999 -9999 0 0 0 0.21481854673057 0.290531590594042 0.263276304921327 0.0387917755388764 0 0 0 0 0 0 0 0 0 0 0 0 0 0 0 0 0 0 0 0 0 0 0 0 0 0 0 0 0 0 0 0 0 0 0 0 0 0 0 0 0 0 0.0911053742949073 0.350385771555077 0.479670945968226 0.551262103422716 0.599360093507808 0.616287986949416 0.611999420150992 0.497216256244028
-9999 -9999 0 0 0 0.0910499974202791 0.413878335432154 0.357233582627908 0.128758362775441 0.00121516563237634 0 0 0 0 0 0 0 0 0 0 0 0 0 0 0 0 0 0 0 0 0 0 0 0 0 0 0 0 0 0 0 0 0 0 0 0 0 0 0 0 0 0 0 0.217288020255987 0.360712710468146 0.470165632249159 0.516117446516387 0.544284137129888 0.543932132144426 0.458723976248462
-9999 -9999 0 0 0.0650545228704997 0.379456375853032 0.553400628598666 0.394070908895056 0.116985927067748 0.0387128622572334 0 0 0 0 0 0 0 0 0 0 0 0 0 0 0 0 0 0 0 0 0 0 0 0 0 0 0 0 0 0 0 0 0 0 0 0 0 0 0 0 0 0 0 0.0358035406226349 0.179939933688485 0.2912909243013 0.365101420161201 0.393776307393266 0.406065013310988 0.305390105690701
-9999 -9999 0 0 0.363792681703769 0.532768294621842 0.633744335254328 0.474365524125098 0.197471482716875 0.244185181316172 0.0637819218214724 0 0 0 0 0 0 0 0 0 0 0 0 0 0 0 0 0 0 0 0 0 0 0 0 0 0 0 0 0 0 0 0 0 0 0 0 0 0 0 0 0 0 0 0 0.0943350453301487 0.158823620328078 0.19895086765618 0.2045758530583 0.183839624170919
-9999 -9999 -9999 0.12306303458488 0.483944433613207 0.652601045661946 0.635288360994945 0.520941228666061 0.324177543699409 0.323512329158599 0.178853206613775 0.061690113197628 0.000794862468962987 0 0 0 0 0 0 0 0 0 0 0 0 0 0 0 0 0 0 0 0 0 0 0 0 0 0 0 0 0 0.0436154716738847 0.0635932082744198 0.0780551259868312 0.0988897050885796 0.108201661640307 0.122084855740959 0.121745804653467 0.122826976404766 0.120206627349908 0.0991643849683038 0.0762886213221395 0.0376965832094466 0.00674699469412532 0 0 0 0 0
-9999 -9999 -9999 -9999 0.465116955181403 0.702543354130466 0.637486035322905 0.546440946424437 0.381618091606694 0.344681063272937 0.220306236282696 0.125947040027328 0.0905756786167361 0.031699743857793 0.0025575754049777 0 0 0 0 0 0 0 0 0 0 0 0 0 0 0 0 0 0 0 0 0 0 0 0.0338491249391015 0.0827954040909505 0.12811352797755 0.177139257072138 0.196171706895581 0.227340510236261 0.241148839740482 0.218923712254972 0.223656783385698 0.268365868182338 0.277581179742676 0.279496002724445 0.265679296145241 0.266830747146666 0.231563437825343 0.214163635826328 0.181525228994321 0.143922655706792 0.119823574573818 0.0830731702614581 0.059616213970908 0
-9999 -9999 0.0775709408449109 0.350425754662111 0.627312116181976 0.658493015150124 0.619835283018051 0.543335037860718 0.371228097885215 0.382262456627526 0.290063462366866 0.205973854603452 0.15777154788988 0.118509255598765 0.0976753819349099 0.0855467000547622 0.071586789583208 0.0713537305391916 0.0689411329439258 0.075190959960083 0.087798634169817 0.0898247399792623 0.0948208274994586 0.0922623806197421 0.091731891323941 0.0866927720922501 0.0727176947059888 0.0610330859797067 0.0412423786006466 0.0298523783745758 0.0242657511579067 0.0133417808401319 0.0214976128643912 0.0280161235381791 0.0444275188688702 0.085736462848074 0.121446875346159 0.174218391474712 0.221367743952718 0.262252367039071 0.310915853775422 0.331824009077884 0.30052606536052 0.275313224729356 0.245448588289615 0.204249232317474 0.193867576605562 0.228189325386337 0.281266175986715 0.359344131373361 0.427369016330681 0.415631856680379 0.40610712242407 0.384793769342559 0.370052431039819 0.324151200519536 0.248228692465704 0.143731890808012 0.0339992238748064 0
-9999 0.110368196278673 0.30458405501784 0.371567037974115 0.562683805961494 0.568775555751168 0.642154870692626 0.514415485478423 0.323948248436316 0.352223689579557 0.293718424272063 0.244372867272576 0.209285003715375 0.186121156869513 0.176940588125423 0.151232138618501 0.160382726252124 0.160275411512598 0.18037316073474 0.194796808441437 0.201672887947418 0.219667726809475 0.222972086081676 0.238745589197303 0.246554169418559 0.234431042861821 0.235307108545629 0.222182612899277 0.214972596730531 0.207622286600743 0.191154808957531 0.190684722781348 0.189361233113682 0.204102239692651 0.218053949448695 0.247972716842354 0.283676074961505 0.318727255748252 0.371603546200108 0.358195207491707 0.306341174305229 0.255171454485042 0.237745690566158 0.217115624775167 0.209386589029964 0.18385779612034 0.153627925534586 0.202202250968768 0.23598327982912 0.307495052681728 0.34165547521085 0.361106454302369 0.368496572257679 0.363989976186793 0.341431473353539 0.270210413188635 0.200128018335418 0.112096065746596 0.000439366665949792 0
-9999 0.190546648007705 0.423375260418869 0.357348647159933 0.495614941506679 0.458867248842377 0.483406010998152 0.430198253647571 0.331838506889598 0.318153748687707 0.357245159896617 0.302650678877693 0.260146370388203 0.22974958064206 0.219862868566724 0.230370013269264 0.233493780440766 0.24156795802887 0.259810317411757 0.276086974104818 0.303100130995495 0.321676250681675 0.339017123422385 0.35247357798598 0.361737027284469 0.368830096127217 0.368214261443426 0.365758103058245 0.35808956905496 0.352850865486906 0.349590507903304 0.343679484231569 0.347873925566672 0.35126879504001 0.361406731185117 0.387321252537599 0.411221605937367 0.446659904166161 0.385896295474817 0.328153695244674 0.282072276723439 0.239994130261722 0.218087292750778 0.200924526963959 0.193406926170249 0.191725541947792 0.179012995661416 0.193045031961774 0.225930558594628 0.256198701868859 0.273211183008783 0.280756379173001 0.277535235055984 0.260690917253705 0.2312964063227 0.187686392908499 0.130629012934758 0.0637759242095525 0 0
-9999 -9999 0.42788945879846 0.478098451008258 0.458655046498896 0.372463374002571 0.343673060768565 0.385465666121401 0.339467785643432 0.341894563327917 0.384679043306117 0.336602170168439 0.316947876842007 0.280896208763013 0.280279567864486 0.294433473756712 0.288479313397606 0.311283739636805 0.332826931102426 0.358673810198813 0.388179065015916 0.406918342409144 0.432007841548245 0.450417301532121 0.468324292381281 0.481689352147014 0.48325215322193 0.489357235299862 0.484418418419115 0.484824662465949 0.484596306341222 0.4777002758199 0.48315785549115 0.483376075145196 0.489330252300442 0.508627522669242 0.512584050359521 0.45284085054546 0.384605661291745 0.331231809835681 0.28847854846451 0.244232286859879 0.229448164277357 0.21073241395405 0.201329906843384 0.192879105571391 0.189168691314061 0.191284044341217 0.207734364804234 0.211918237551487 0.217366315112875 0.213547141745801 0.198074948680816 0.173523490051718 0.138502503319002 0.0916738073466563 0.0346731727826904 0 0 0
-9999 -9999 0.331264144022144 0.427033562116404 0.366012256000558 0.355297079905965 0.316331476696832 0.353789567776245 0.374164327954245 0.39019790345117 0.376352638565113 0.356030882932333 0.334997361814068 0.311542124001528 0.327913732534699 0.333353452310078 0.341288587249594 0.354007938996302 0.381729914003571 0.408412892367878 0.440635271401316 0.468873022285467 0.493540670964022 0.51846361117766 0.536048541634937 0.551899045256174 0.562531728510485 0.56911931331133 0.572835481751523 0.57469363455586 0.575822805477153 0.574958369720837 0.576650068575588 0.578097813289969 0.574271786368654 0.562887465153903 0.537825522807034 0.477978678408907 0.417957581553821 0.368035483414319 0.327296813645915 0.290614663342094 0.267789923483522 0.24768183772903 0.228697943969926 0.192639387796338 0.173548681091661 0.179227699407767 0.187436052926032 0.185763138095439 0.173561708992092 0.153218220476041 0.131197892145546 0.0989496571480344 0.0604460828349972 0.0141993512021779 0 0 0 0
-9999 -9999 0.0661992616935303 0.29907054619164 0.286147882064175 0.358162853794154 0.377515790899714 0.405588201509998 0.422843295408492 0.455770095188702 0.398539665122507 0.31050487561139 0.311915249929653 0.313921791931959 0.390172729080337 0.392028291080029 0.382364417597326 0.40915103234643 0.432184398376232 0.466871482230915 0.504838195840537 0.521642394106773 0.554462861302078 0.577173914997893 0.600878342820531 0.627246994015894 0.632373871681067 0.651113291200131 0.647985152073558 0.634814589997372 0.618063919207811 0.600580244732757 0.573465653045284 0.541692152189956 0.525096383089241 0.522070148839162 0.518942521745761 0.505703688236475 0.465544308102873 0.420124919362354 0.382728139651404 0.344855372188133 0.322590442639244 0.291873374857415 0.241438005687872 0.200891932765308 0.173865942355687 0.179504938225871 0.179211023388633 0.171205608484829 0.142999771377322 0.107200284262546 0.0776711649279855 0.0388790700040568 0 0 0 0 0 0
-9999 -9999 -9999 -9999 0.27227176654272 0.375214083358735 0.526917497023231 0.439771477479123 0.335935601397249 0.353747388954834 0.468116602855085 0.396708638221587 0.334523762870661 0.29888085647399 0.397554112391684 0.432428689839086 0.436114602831853 0.44987917419151 0.477138997799218 0.508092288463801 0.536310944935767 0.565309253047081 0.591483467923089 0.622062162668231 0.645224751203248 0.64946194311535 0.649541423188779 0.629120437532155 0.606137243558064 0.584770015395274 0.567823573435054 0.542611530241676 0.521842170452183 0.499172823128675 0.486872518623242 0.485407186233983 0.482274503395098 0.478442824038312 0.469913523326396 0.467083166126463 0.442084097388251 0.40718074725845 0.378038740445373 0.331686953639515 0.284866111617281 0.250057423077792 0.22268748977353 0.221541013458064 0.208083776608264 0.172512955357082 0.130731491517252 0.085422743370223 0.045117178407482 0 0 0 0 0 0 0
-9999 -9999 -9999 -9999 0.0355417216883702 0.426762159904998 0.56316805762046 0.362143900309768 0.187289813763464 0.185249888584675 0.333991381481839 0.456044621597745 0.408846278748315 0.347873333087958 0.454254245049416 0.505569592168751 0.485506375811103 0.505434177486473 0.524544065914851 0.554808320117102 0.588633106924004 0.60657001169907 0.636520457313208 0.653796811958942 0.646641255133038 0.6467100524009 0.639388464702578 0.608978771043829 0.583008074859338 0.556589779762859 0.530781224777108 0.498316350726911 0.479203197571082 0.462420617351258 0.455927981355575 0.455984097483455 0.456381469814003 0.462511806059062 0.46069364351576 0.465046852136028 0.470409800332332 0.463109442820981 0.436263417547149 0.382849814143781 0.345422156799287 0.312117228285212 0.29289644863129 0.265827413284247 0.224711088562656 0.179723120403309 0.127460597999884 0.0743371777700678 0.0300354663129623 0 0 0 0 0 0 0
-9999 -9999 -9999 -9999 -9999 0.503934607452664 0.639038143073164 0.350137053333929 0.0796795684865015 0.0295700492691355 0.183900775175877 0.467028199604651 0.500457241765274 0.485001072228326 0.543808760658864 0.536109032934292 0.536529865828671 0.544538516074681 0.568051525284507 0.598592292945134 0.616417131072642 0.642589343008916 0.666538190037372 0.652266606889308 0.644178227481161 0.643521234938697 0.616770634366753 0.592926104151983 0.568408325986951 0.54809918462075 0.523370838626811 0.478089643158469 0.461607284222801 0.444026452083888 0.436532493931352 0.444322113932654 0.445498097537533 0.457617778256353 0.465465268014531 0.471410421037587 0.482589805888623 0.478057376384938 0.449767482691781 0.410915137445933 0.387712541323275 0.367345080928714 0.324764906012932 0.283572532077783 0.241203792113494 0.191386634115358 0.131549376841257 0.0741695326553423 0.0307744521973472 0 0 0 0 0 0 0
-9999 -9999 -9999 -9999 -9999 -9999 0.662710594021701 0.384754525441947 0.0321667532209302 0 0.0831627153485666 0.362947642009133 0.564840685521919 0.575845369691991 0.593264874963278 0.595551404928352 0.591112770107881 0.601298489872513 0.613465471151621 0.617257146062695 0.638815221156289 0.652237365668555 0.651797425232634 0.645365601224513 0.642587130419786 0.628633001463347 0.591761151866111 0.570118762770141 0.548885445687986 0.526033489337492 0.503372764574672 0.478532960568719 0.465014936088296 0.449897952689101 0.442910793316479 0.444824353277177 0.445387969636569 0.460764840853007 0.473745553408981 0.481953238562987 0.48949068671463 0.482742722337095 0.451700683297237 0.403640640999176 0.375066699113435 0.363875839573043 0.351786862858955 0.306510633200176 0.258046814358472 0.206200295404339 0.147767940467242 0.0925367780647294 0.0538989840153277 0.0169162644177174 0 0 0 0 0 0
-9999 -9999 -9999 -9999 -9999 -9999 -9999 0.457350218727909 0.0544271815014135 0 0.0218876200938822 0.272549629028351 0.611858885338253 0.616788240393288 0.629210339137653 0.641062475876533 0.632290919043233 0.634556808066662 0.609286251442851 0.603546989548715 0.621894948908741 0.633477954930734 0.635888477969433 0.63484432929817 0.637496311278911 0.616111329421377 0.580345530028144 0.558870172439699 0.532744700298253 0.505126393570913 0.48859493302335 0.462273312515573 0.453210557863 0.443478969111261 0.441122793191912 0.452048954015891 0.45567405587692 0.470739482583625 0.484505820929915 0.48923395542958 0.493117542204655 0.476926987133962 0.455478350880939 0.42053678358581 0.383994622857335 0.359479624028825 0.33274296255118 0.322875345129076 0.277007943234552 0.22560761421482 0.175112102413977 0.127910674606187 0.0936640424721686 0.0647150736969133 0.038925450955426 0.0151581931605111 0 0 0 0
-9999 -9999 -9999 -9999 -9999 -9999 -9999 0.32372012041422 0.121846919691053 0 0 0.196896158280967 0.517789281240091 0.653375958690206 0.638637632451239 0.641118335629597 0.639840930889759 0.629644823184311 0.605110199348465 0.596028191834277 0.606290151147119 0.614249157544548 0.619470821476032 0.621843235141234 0.627285260992366 0.607183253475716 0.57485397796047 0.54771258552796 0.516332433582691 0.485759314936428 0.466602321055694 0.446342645262123 0.4359036425733 0.421275948133928 0.411233649411394 0.412467674827315 0.413286050466319 0.43043126792763 0.448119422161114 0.473194212452563 0.495775342311358 0.482541055002527 0.468081331751123 0.439332688712549 0.405452073577614 0.373368663465109 0.337337622723093 0.318713010753213 0.305433062915801 0.26309871049727 0.220038013378616 0.178710253705531 0.148816823657982 0.122191955124659 0.0745410709903296 0.0403481444573657 0.0134317988735508 0.0160195001426793 0.0155538563601801 0
-9999 -9999 -9999 -9999 -9999 -9999 -9999 0.288820405411947 0.210356835509205 0.0170072220147404 0.0123555355602406 0.10667518292684 0.351265668203857 0.660637702340396 0.667328525160067 0.659535048542592 0.641523501490822 0.632058824290132 0.615241863743636 0.599883542363567 0.598632947089407 0.596035461939523 0.602805301641795 0.609063289355583 0.614525485557412 0.618366681599645 0.585827122806612 0.557147784509463 0.510955807080217 0.477572673330377 0.46999103372803 0.440573556590289 0.433782803665246 0.414721021912805 0.396067643809919 0.399185642487511 0.376833106440211 0.376527518389579 0.373647569885126 0.394370858863028 0.455496939348299 0.493438807036767 0.490544617741371 0.46647360468737 0.435378956777625 0.400181200829815 0.358803411452939 0.3421615781581 0.326598266400756 0.312308585604776 0.226625114791561 0.127770507165785 0.0756896318081883 0.0137636516543187 0 0 0 0 0 0.0109391509134865
-9999 -9999 -9999 -9999 -9999 -9999 -9999 -9999 0.343291902624945 0.144892496157277 0.0625023558754907 0.0845802711388034 0.201257306826258 0.413167923813794 0.519630068295735 0.658883332675478 0.667829391211735 0.648080892562008 0.631825659669422 0.610747128033703 0.599523603567977 0.592660349871879 0.595694041336541 0.601345382205261 0.605384131427274 0.607420763774487 0.605370796071119 0.578542329579786 0.542042361826708 0.510203500240829 0.489058592529956 0.461894528652385 0.445615239954482 0.426830313207006 0.403826161712043 0.395258856881917 0.368646431746821 0.339304142279478 0.309808016535623 0.318163952823224 0.378521136477057 0.431526584598683 0.456228202639732 0.452108226675963 0.434899514610052 0.405329921737457 0.363839986131905 0.34117769302919 0.300846323852977 0.226682647057574 0.146441395088762 0.0609334393769331 0.00984520405829192 0 0 0 0 0 0.0214600513851677 0.0804956605226257
-9999 -9999 -9999 -9999 -9999 -9999 -9999 -9999 0.329035417814404 0.292207307613345 0.151574982139707 0.0522996500743829 0.0100453770454038 0.0894483495892862 0.230334596298063 0.437916004518312 0.671790875320168 0.672646230687356 0.646199349696859 0.620042050563088 0.6053828968811 0.591293707257373 0.595229714803358 0.600207130632926 0.601886387773023 0.594750870582565 0.584403754977911 0.573290341812732 0.567281455608813 0.568137717871694 0.540313085112377 0.50435795334476 0.481994974933098 0.456282214412816 0.43037059236436 0.423505114991674 0.391326234669626 0.333990328782408 0.26517965412904 0.254851361678357 0.320965107137269 0.355842584255686 0.386411811830818 0.409197090574646 0.397345860676545 0.369621145065207 0.317326399762216 0.275887742915501 0.22347167957331 0.15967423317212 0.0950075492735668 0.0255894506232404 0 0 0 0 0 0.00750013886756407 0.0944159674947859 0.19044107157399
-9999 -9999 -9999 -9999 -9999 -9999 -9999 -9999 -9999 0.371532447667774 0.21248961418548 0 0 0 0 0 0.275954067151761 0.555297667677288 0.658290174856502 0.62376032988793 0.60368676760996 0.593639482159579 0.600709316582108 0.602691860565594 0.581569845665725 0.571140776646555 0.562406663286627 0.551709202357386 0.546517420413017 0.547636272285043 0.557470461128227 0.548897886527657 0.515995908869579 0.487254459018623 0.45551517708986 0.43690671835915 0.405144817925069 0.351899539531436 0.290093626715332 0.261415042809525 0.267868662214408 0.280331902014729 0.31623537121037 0.344860591854948 0.336707686100304 0.306463640898286 0.255745196303943 0.216579480865201 0.168415802402196 0.116821866803315 0.0668267445389115 0.0130482504334672 0 0 0 0 0 0.0155125491610036 0.0918165930122636 0.203858596569258
-9999 -9999 -9999 -9999 -9999 -9999 -9999 -9999 -9999 0.130102183676399 0.287884258660388 0 0 0 0 0 0 0.194249167971509 0.279635851663526 0.344519822847222 0.413621610379452 0.610353819912272 0.620788155401874 0.614060407397952 0.545896915988827 0.538379512621222 0.538458152555367 0.50719001158983 0.519451464224622 0.520364485593018 0.533157909353512 0.549427097976359 0.552735939475091 0.524001589198154 0.487249198131635 0.466520601944469 0.43453686413363 0.396038877676913 0.33160482424528 0.270779461354259 0.240825161984696 0.212604751704597 0.259499802011978 0.302015729694753 0.295133536598125 0.258319973658243 0.209087779269223 0.17347322210508 0.133070562947069 0.0960560539766211 0.0610439180036964 0.0122015255619352 0 0 0 0 0 0.0503312433119734 0.0850156955089139 0.188808489300765
