meets/meet004/_saidas_enm/CCSM_SVM_6k_Aralia_warmingiana4.asc
NCOLS 154 
NROWS 168 
XLLCORNER -112 
YLLCORNER -55.5 
CELLSIZE 0.5 
NODATA_value -9999 
[rows 100 to 124 of 168, columns 55 to 109 of 154]
-9999 -9999 -9999 -9999 -9999 -9999 -9999 -9999 -9999 -9999 -9999 -9999 -9999 -9999 -9999 -9999 -9999 -9999 -9999 -9999 -9999 -9999 -9999 -9999 -9999 -9999 -9999 -9999 -9999 0.195445774701667 0.469506235876456 0.184047421593554 -0.0308411092379615 -0.0778206958940735 -0.0844286079032817 -0.081685744503905 -0.0564464999373527 -0.0161534990561515 0.0519870157050119 0.251104210563772 0.624999582891337 0.887979371693962 0.777311612944951 0.406971934081719 0.125786205716124 0.0676018497265339 0.0615799881420158 0.0179962814077785 -0.00953498447461953 -0.00646568864011621 0.00344091457677681 0.00831005290183323 0.0141069211389369 0.0252914877191531 0.0514596432478056
-9999 -9999 -9999 -9999 -9999 -9999 -9999 -9999 -9999 -9999 -9999 -9999 -9999 -9999 -9999 -9999 -9999 -9999 -9999 -9999 -9999 -9999 -9999 -9999 -9999 -9999 -9999 -9999 -9999 0.169736458397795 0.43413475581841 0.109233817647751 -0.0402275131604066 -0.0726265614618965 -0.0807622050596486 -0.0757777598520761 -0.0519567197056573 -0.00487192262481301 0.067013728015986 0.278298860398807 0.65508801395382 0.858142706852221 0.663439921816666 0.32656893783147 0.0865945448883912 0.0902039087451071 0.103218462491493 0.0580200977305324 0.0455218107954455 0.0592444185555545 0.0660421873993869 0.074948417018962 0.0641247842266869 0.0640139938185468 0.0883437253855476
-9999 -9999 -9999 -9999 -9999 -9999 -9999 -9999 -9999 -9999 -9999 -9999 -9999 -9999 -9999 -9999 -9999 -9999 -9999 -9999 -9999 -9999 -9999 -9999 -9999 -9999 -9999 -9999 -0.00520629217141372 0.134689495040293 0.389219106634969 0.116763480586235 -0.0369977132740674 -0.0659014989074295 -0.0740239053090187 -0.0677328691216189 -0.0356920912763518 0.0120634534768195 0.104722219817427 0.343327926984865 0.70257939354331 0.79416756178091 0.554904322418914 0.259593476821981 0.0679413915285835 0.0791372141249343 0.136752605721491 0.131543853297962 0.120316105026077 0.127441122554021 0.130327499966163 0.127765752601218 0.11377799630949 0.0995317206480365 0.117663964636842
-9999 -9999 -9999 -9999 -9999 -9999 -9999 -9999 -9999 -9999 -9999 -9999 -9999 -9999 -9999 -9999 -9999 -9999 -9999 -9999 -9999 -9999 -9999 -9999 -9999 -9999 -9999 -9999 -0.00741712376307146 0.119629861017277 0.36375210559949 0.0866875768669002 -0.0403307355017283 -0.0632338394885359 -0.068436114739569 -0.0604108656370949 -0.0280405407870286 0.0312690488755711 0.150415995077107 0.419719207479109 0.748768823017844 0.708234112294817 0.463764356835317 0.209792055640694 0.06287936263072 0.0979058429297099 0.156700197966045 0.18729920569161 0.202226000862587 0.201678093485425 0.207467522759174 0.201746324886045 0.183238896934244 0.15516256467596 0.169214952781062
-9999 -9999 -9999 -9999 -9999 -9999 -9999 -9999 -9999 -9999 -9999 -9999 -9999 -9999 -9999 -9999 -9999 -9999 -9999 -9999 -9999 -9999 -9999 -9999 -9999 -9999 -9999 -9999 -0.002246532444237 0.1359887521451 0.312562499988152 0.0586412792180387 -0.0488730473616648 -0.0683559766096027 -0.0706711137936599 -0.0578782033649614 -0.0251437785808268 0.0452659893772833 0.221021947182019 0.517971871866795 0.794178209281894 0.679620063224037 0.424782831723165 0.225624090205527 0.0977147911056677 0.120068207937822 0.188705193882531 0.208631727689372 0.237392247457561 0.272536397685151 0.294708670508394 0.298096742480957 0.277707335970004 0.265469338606422 0.273988470730922
-9999 -9999 -9999 -9999 -9999 -9999 -9999 -9999 -9999 -9999 -9999 -9999 -9999 -9999 -9999 -9999 -9999 -9999 -9999 -9999 -9999 -9999 -9999 -9999 -9999 -9999 -9999 -9999 0.00856328435299936 0.16707912030985 0.25374435974996 0.00340728773904908 -0.0605065666318751 -0.0731171602949282 -0.0765917079919645 -0.0633530698261019 -0.0366335144313791 0.0458900787795465 0.252537256831867 0.561118217438595 0.779048392386844 0.618936778128583 0.38424732987434 0.220954764847105 0.119464915566044 0.141240635324498 0.194257401062184 0.210527303733066 0.243434787033485 0.286845223220353 0.32727696857599 0.37892686690827 0.384186375142518 0.380563023320485 0.393868949006758
-9999 -9999 -9999 -9999 -9999 -9999 -9999 -9999 -9999 -9999 -9999 -9999 -9999 -9999 -9999 -9999 -9999 -9999 -9999 -9999 -9999 -9999 -9999 -9999 -9999 -9999 -9999 -9999 0.0755000068373415 0.205542620437979 0.168145236400451 -0.0369162663329595 -0.0638436281373592 -0.0721304111650145 -0.0809115611492314 -0.0708381087216203 -0.0522010375082338 0.0341834921931826 0.24762087210018 0.567768947770301 0.734582727842034 0.544625277862593 0.347469760096529 0.217876272298013 0.141580000945197 0.154418716752372 0.184128810845097 0.219954040698054 0.250012327848004 0.286341290685219 0.335832827381459 0.386189191608538 0.434471740655132 0.484134775272009 0.505229911350801
-9999 -9999 -9999 -9999 -9999 -9999 -9999 -9999 -9999 -9999 -9999 -9999 -9999 -9999 -9999 -9999 -9999 -9999 -9999 -9999 -9999 -9999 -9999 -9999 -9999 -9999 -9999 -9999 0.191535957786347 0.244144993515692 0.0928191052936919 -0.0493708464689772 -0.0580018054319074 -0.0688932374187213 -0.0828217785100981 -0.0753724162657714 -0.058622579513618 0.0205099766534586 0.237427559323709 0.562732178281321 0.681325028541024 0.482042316160478 0.292146219456462 0.208623279361376 0.16317172273458 0.174503333022781 0.200053372430991 0.235860233313201 0.266636177774506 0.304153766258857 0.34299118045846 0.390686866688054 0.445496243153318 0.501054244598164 0.575393358116352
-9999 -9999 -9999 -9999 -9999 -9999 -9999 -9999 -9999 -9999 -9999 -9999 -9999 -9999 -9999 -9999 -9999 -9999 -9999 -9999 -9999 -9999 -9999 -9999 -9999 -9999 -9999 -9999 0.312697992992874 0.278388329458678 0.0388034076852403 -0.0476579315763049 -0.0512091108112779 -0.067024573235793 -0.0831623566168106 -0.074473316322169 -0.0602327673863682 0.0114432989495635 0.240472385424705 0.539000725440673 0.612872814568244 0.408063246195163 0.239440452046256 0.1931541078803 0.174006323498001 0.199263323642482 0.238492455079434 0.255726220235813 0.289146309826697 0.318581791500299 0.349923285078234 0.384080363439232 0.442708831589959 0.510490961464822 0.581394583699708
-9999 -9999 -9999 -9999 -9999 -9999 -9999 -9999 -9999 -9999 -9999 -9999 -9999 -9999 -9999 -9999 -9999 -9999 -9999 -9999 -9999 -9999 -9999 -9999 -9999 -9999 -9999 -9999 0.403939845513191 0.254333452469556 0.0213666688665376 -0.0418218245126787 -0.047329321071414 -0.0670191318579472 -0.0740220609768504 -0.0638084742715225 -0.0508153300778085 0.0280975070105794 0.270255621056509 0.496148824834292 0.499275343264824 0.328123420365243 0.181031750466224 0.153663492447751 0.156035286360351 0.180662596065247 0.22005040973555 0.245660757475289 0.277872160292986 0.311036667127101 0.341306007985751 0.377466785009588 0.430960538432597 0.493933376152603 0.563407313609353
-9999 -9999 -9999 -9999 -9999 -9999 -9999 -9999 -9999 -9999 -9999 -9999 -9999 -9999 -9999 -9999 -9999 -9999 -9999 -9999 -9999 -9999 -9999 -9999 -9999 -9999 -9999 0.375315526478736 0.43302852690055 0.212407104619304 0.0108026503504897 -0.0291599697924678 -0.0328795811712204 -0.0424734982049867 -0.0314094077667852 -0.0326691101751758 -0.0355388085288646 0.0754038381860958 0.292966864286331 0.385344011921523 0.34810824463596 0.198643797671693 0.110200306119813 0.0966057838225288 0.112458743120438 0.137414972057804 0.166049010608542 0.200146473426391 0.235345585334418 0.267717135403714 0.318765009401124 0.367506486453892 0.412961788404585 0.465610559915044 0.52448741354228
-9999 -9999 -9999 -9999 -9999 -9999 -9999 -9999 -9999 -9999 -9999 -9999 -9999 -9999 -9999 -9999 -9999 -9999 -9999 -9999 -9999 -9999 -9999 -9999 -9999 -9999 -9999 0.421396433247366 0.357601766060926 0.115587902977002 0.00327903133367069 -0.00501521665714472 0.00288601683216666 0.012243024085148 0.0469826423730053 0.0485603639305399 0.055954325414483 0.199807395350142 0.3823041390531 0.326421514530315 0.186458199128577 0.0795343452739608 0.029358043622662 0.0330990602005041 0.0480170125159809 0.0605628728667836 0.0919866838488202 0.132105094115308 0.183116534811705 0.231271015710311 0.283116470831564 0.337968235983142 0.392674678263781 0.446218563540893 0.505918132316043
-9999 -9999 -9999 -9999 -9999 -9999 -9999 -9999 -9999 -9999 -9999 -9999 -9999 -9999 -9999 -9999 -9999 -9999 -9999 -9999 -9999 -9999 -9999 -9999 -9999 -9999 -9999 0.434167838377516 0.197505509468852 0.020554676596676 -0.00596170338424656 0.0165039798773746 0.0491252687298758 0.077290920403906 0.137975907960547 0.172878511453108 0.191521657127331 0.346251865343862 0.370695900900182 0.200598615444233 0.0655498927019671 -0.0227565808882033 -0.039594416317177 -0.0338584160777479 -0.0190608523614911 -0.00166762168893353 0.0158241997601469 0.076581785061121 0.147407453362521 0.209379022530821 0.256807084828625 0.306932800535211 0.3638402432599 0.425743458316688 0.480887510311898
-9999 -9999 -9999 -9999 -9999 -9999 -9999 -9999 -9999 -9999 -9999 -9999 -9999 -9999 -9999 -9999 -9999 -9999 -9999 -9999 -9999 -9999 -9999 -9999 -9999 -9999 -9999 0.355854177982753 0.0571064185194352 -0.0307665507737391 -0.0125031883578098 0.0451388187572095 0.102498089362579 0.17298834341367 0.262069830588665 0.290259160749701 0.327142030931188 0.364871882593686 0.239120735887227 0.0652016316712079 -0.0154256750517064 -0.0401549418993359 -0.0575225685923316 -0.0574346301760732 -0.0464203329174275 -0.0298310326001929 -0.00576228730874273 0.0428519623147583 0.116393303487146 0.182224566759312 0.22785172074313 0.271443511314434 0.3333810028242 0.382200867721854 0.431098066807857
-9999 -9999 -9999 -9999 -9999 -9999 -9999 -9999 -9999 -9999 -9999 -9999 -9999 -9999 -9999 -9999 -9999 -9999 -9999 -9999 -9999 -9999 -9999 -9999 -9999 -9999 0.578485138335333 0.204798000596834 -0.0176768018882452 -0.0423341375913734 -0.0103866345114189 0.0538032129492047 0.139529763810385 0.27152513332995 0.326167108326195 0.329372287538404 0.305053098675868 0.235470609938691 0.0818477227399938 -0.0388169312779831 -0.0451242295246176 -0.00989317891982489 -0.0537345614580365 -0.0528482148141337 -0.0379304465986624 -0.0191557046032297 0.0156238623129329 0.0257792235995302 0.0892027811870404 0.156453543368789 0.199548444034033 0.230193144188925 0.283705567288287 0.330977618818193 0.371452066552843
-9999 -9999 -9999 -9999 -9999 -9999 -9999 -9999 -9999 -9999 -9999 -9999 -9999 -9999 -9999 -9999 -9999 -9999 -9999 -9999 -9999 -9999 -9999 -9999 -9999 -9999 0.456812987896032 0.105618338875645 -0.0349176392138825 -0.0381341409768667 0.0018136762212535 0.070211233328855 0.160331397116988 0.26620935435318 0.302265902405813 0.282180826367885 0.219352646593275 0.133746179719418 0.0234053083342092 -0.0469090925065062 -0.0515790730890122 -0.0251425324455937 -0.0472383002940994 -0.0493088580591973 -0.0384565262758877 -0.00851593040393706 0.0138244925303864 0.0101025874070341 0.0548536270932533 0.116844656099124 0.164454960505427 0.194940031735153 0.241062356606535 0.281884072078229 0.322316922788177
-9999 -9999 -9999 -9999 -9999 -9999 -9999 -9999 -9999 -9999 -9999 -9999 -9999 -9999 -9999 -9999 -9999 -9999 -9999 -9999 -9999 -9999 -9999 -9999 -9999 -9999 0.380092465774426 0.0536966005759899 -0.0382098119611942 -0.0290416475539577 0.0149601764700041 0.0812523683954695 0.148119302136127 0.219766238954804 0.218634675772381 0.16863992933448 0.109643585545947 0.0749107555214293 0.00358295374760076 -0.0364332950750759 -0.018397980224054 -0.0276269639739113 -0.0437377642944021 -0.0562479291392772 -0.0472885107391815 -0.0200475210203656 0.00940380444922356 -0.00592025763561538 0.0294219064556858 0.083958455322467 0.126990274947853 0.155766262490334 0.196954100120831 0.23230947657286 0.265270794330538
-9999 -9999 -9999 -9999 -9999 -9999 -9999 -9999 -9999 -9999 -9999 -9999 -9999 -9999 -9999 -9999 -9999 -9999 -9999 -9999 -9999 -9999 -9999 -9999 -9999 -9999 0.344740552966375 0.0448374230531433 -0.0416754246187441 -0.0348953492673194 0.0020109694019057 0.0569475973184773 0.119802392909066 0.147857754145905 0.118651492037676 0.076550203516524 0.0560988381870628 0.0330514774712369 -0.000764444317125967 -0.0170063745569818 -0.00559269278625102 0.00357981916402955 -0.0334293454131007 -0.0591653757154786 -0.0631119982185522 -0.0568605177165876 -0.0460004416496965 -0.0271137526862709 0.0171749056726322 0.0656197633888744 0.101603547067835 0.128571306073997 0.165314325700182 0.193350746489478 0.215873254232671
-9999 -9999 -9999 -9999 -9999 -9999 -9999 -9999 -9999 -9999 -9999 -9999 -9999 -9999 -9999 -9999 -9999 -9999 -9999 -9999 -9999 -9999 -9999 -9999 -9999 -9999 0.321230701669793 0.0480170373675104 -0.0436471018902862 -0.0417067126655803 -0.0135879267696587 0.0356554389599621 0.089916586113536 0.0872065280334984 0.0430176979124632 0.036433550023362 0.0316651326506092 0.0222934926323409 0.0012926039497172 -0.0111271571823892 0.00876647953469217 0.0145703729861835 -0.0260716605503533 -0.0664630913543743 -0.0743601538750627 -0.0741794226165128 -0.0650713366124931 -0.0344091869522958 0.00657832495214883 0.0474749147559562 0.0737981458507285 0.101483364387122 0.130311357171612 0.154614783581878 0.171015432707624
-9999 -9999 -9999 -9999 -9999 -9999 -9999 -9999 -9999 -9999 -9999 -9999 -9999 -9999 -9999 -9999 -9999 -9999 -9999 -9999 -9999 -9999 -9999 -9999 -9999 -9999 0.291326028237722 0.0488861393773548 -0.0400981148885452 -0.0462148025864539 -0.0255519157250558 0.0394327914863591 0.0695940941896551 0.0451863116225245 0.0104873469271239 0.0199979510165814 0.0364753186271717 0.0135052394495827 -0.00532566966964604 -0.0133203617337246 -0.00447745904837005 -0.00342814341740777 -0.0437780562929695 -0.0849617031164017 -0.0932783260611848 -0.0825777900042771 -0.0628834880807734 -0.0386562409383739 -0.00715979536869971 0.0280095658589608 0.0565753551506415 0.0834083911967827 0.107927949226251 0.124274623891913 0.134667485752906
-9999 -9999 -9999 -9999 -9999 -9999 -9999 -9999 -9999 -9999 -9999 -9999 -9999 -9999 -9999 -9999 -9999 -9999 -9999 -9999 -9999 -9999 -9999 -9999 -9999 -9999 0.28293496368845 0.0437973291155723 -0.0371640855949894 -0.0451935441844191 -0.0302191180226956 0.0238424942494325 0.0372225685201683 0.00572024504974816 -0.01718607788502 -0.00162861866912073 0.00993346138680706 -0.0046607695160264 -0.0199064496268818 -0.028816431473068 -0.0202235974919922 -0.0207219675667731 -0.0550133842169146 -0.0936042106950153 -0.100751883804196 -0.085841736078067 -0.0630204911350776 -0.0422951344996363 -0.0191727464327555 0.00951560981459887 0.0364349145755167 0.0633408837433984 0.0816161867155803 0.095774180521178 0.103218682721649
-9999 -9999 -9999 -9999 -9999 -9999 -9999 -9999 -9999 -9999 -9999 -9999 -9999 -9999 -9999 -9999 -9999 -9999 -9999 -9999 -9999 -9999 -9999 -9999 -9999 -9999 0.271827336988727 0.03980497785918 -0.0374116893239724 -0.0405516762947968 -0.0370659148155708 -0.00432715810246748 0.00489843684458013 -0.0242449616054835 -0.0469912669350645 -0.0440603411375992 -0.042968922946988 -0.0428379827350958 -0.0480643095128823 -0.0470482987535578 -0.0338828375279915 -0.0328879691102036 -0.0602016079046656 -0.0916162542714138 -0.0997061468178239 -0.0875223940220637 -0.065867331693609 -0.0482264639545037 -0.0277772002410063 -0.00121793373401274 0.0230051264597835 0.0426700071504219 0.063307630085978 0.075258386489143 0.0807324754766219
-9999 -9999 -9999 -9999 -9999 -9999 -9999 -9999 -9999 -9999 -9999 -9999 -9999 -9999 -9999 -9999 -9999 -9999 -9999 -9999 -9999 -9999 -9999 -9999 -9999 -9999 0.266123660803072 0.038805390764073 -0.0363333862642253 -0.0357946969533139 -0.0395116709254241 -0.0197760782369606 -0.0191210004193971 -0.0452556606825806 -0.0638460018466945 -0.0625412634703185 -0.0594171721832589 -0.0547372976151422 -0.0561254253973731 -0.0529344277097558 -0.0349627533699616 -0.0353461376812915 -0.0589094273270663 -0.0889577781342882 -0.0986595627369137 -0.0903147286700811 -0.0727079006558332 -0.0566173137481601 -0.0365121845977938 -0.00799474807124589 0.0153096387024495 0.0365835658032865 0.0558023510726104 0.0652029064631837 0.0681469249760678
-9999 -9999 -9999 -9999 -9999 -9999 -9999 -9999 -9999 -9999 -9999 -9999 -9999 -9999 -9999 -9999 -9999 -9999 -9999 -9999 -9999 -9999 -9999 -9999 -9999 -9999 0.257729947410629 0.0417950449414761 -0.0289552524248494 -0.0305745975147943 -0.0461227312937015 -0.0285754238943243 -0.0306012263096155 -0.0560812633492036 -0.0729841255862894 -0.0684748339020519 -0.0562874859583776 -0.05706789483177 -0.0563648381287118 -0.0505039634081504 -0.038211540901296 -0.0348905705473834 -0.0568408545002643 -0.0873108516125692 -0.0963179916700463 -0.0923879162277116 -0.0814186218269304 -0.0679287418992853 -0.0449149090640173 -0.0158139220985192 0.0113839503062106 0.04375124734964 0.0486458012084744 0.0552077443499272 0.0481554166253503
-9999 -9999 -9999 -9999 -9999 -9999 -9999 -9999 -9999 -9999 -9999 -9999 -9999 -9999 -9999 -9999 -9999 -9999 -9999 -9999 -9999 -9999 -9999 -9999 -9999 0.205156342969663 0.228350840467375 0.0339432572692505 -0.0201131240729361 -0.0204729337107716 -0.0483870020385143 -0.0476553819000989 -0.0453138472820824 -0.0642174719633462 -0.0802891029712153 -0.0783449534442571 -0.0676771704090384 -0.067796530627615 -0.0666478636070809 -0.061684412504559 -0.0491848592689503 -0.0397386904442079 -0.0622797999324398 -0.087206485236588 -0.0946457638845095 -0.0918359958416685 -0.0851259870460011 -0.0765614205767789 -0.0582067527758707 -0.0341233017196805 -0.0127613459010244 0.00899115122651678 0.016570064395742 0.0188054113137722 -0.00195657043235936
