meets/meet004/_saidas_enm/CCSM_SVM_0k_Cavanillesia_umbellata3.asc
NCOLS 154 
NROWS 168 
XLLCORNER -112 
YLLCORNER -55.5 
CELLSIZE 0.5 
NODATA_value -9999 
[rows 72 to 95 of 168, columns 56 to 111 of 154]
-9999 -9999 -9999 -9999 -9999 -9999 -9999 -9999 -9999 -0.031137220030848 -0.0343243845302807 -0.0658304681565446 -0.0658083638608508 -0.056454656437132 -0.0478156513704659 0.0255994803196366 0.197181098008875 0.335570247074396 0.35236113705457 0.357408042083449 0.339390827055035 0.326163097128659 0.303595478264484 0.266790669444992 0.259154817583151 0.255351057659412 0.238606366702329 0.210838789110796 0.199091440262657 0.201142586161547 0.205044798762433 0.196588679699911 0.180364529335301 0.18236319353218 0.199748621368369 0.216504265931426 0.218691696425611 0.21607161105421 0.21658281981309 0.213118979383201 0.210063265706258 0.197002509066421 0.185628589955309 0.175514852934149 0.164092205355018 0.152482981355039 0.132009390265573 0.108540386329903 0.08187405733166 0.0524918941449014 0.0290075283636622 0.0141226699636694 0.00202477651905286 -0.00470806389849998 -0.00684565355529654 -0.0104279476650739
-9999 -9999 -9999 -9999 -9999 -9999 -9999 -9999 -9999 -9999 -0.036308058943404 -0.0928790717031576 -0.0573735402285225 -0.0420693149219807 -0.0362702397993775 0.0242416165345678 0.202521278853032 0.375481451909578 0.37382509932909 0.348962560395224 0.326869963822056 0.303783329098887 0.266331153897435 0.230606270164511 0.217261194587859 0.214188741407199 0.198913468834479 0.173065894512488 0.161722867642407 0.164953027427043 0.167349231848228 0.155986326620278 0.134437718959716 0.130306837020385 0.142833347702688 0.15443296505307 0.161072403714476 0.160363433928812 0.16914808876778 0.180282798164397 0.186319030310456 0.182690939607098 0.176138998729493 0.174255341292696 0.173700626383232 0.16655378624119 0.143886195110293 0.111603503218947 0.0773910247725038 0.041849896942738 0.0137746428888203 -0.00321721754960247 -0.0165697102443953 -0.0222530510491738 -0.0215300084385483 -0.0246600015524839
-9999 -9999 -9999 -9999 -9999 -9999 -9999 -9999 -9999 -9999 -9999 -0.0797529797983996 -0.0500061343204498 -0.0256311722232797 -0.0130609477435904 0.0258755324247405 0.160693276692272 0.357819279229208 0.365082375309417 0.332946338170065 0.314345710261661 0.283526043840574 0.236080515824128 0.194661257386825 0.182712289011858 0.171966163889524 0.160914355825295 0.140995276096052 0.13042855631487 0.130098058958079 0.126526205488595 0.117146477077486 0.0990486623064142 0.092559247977374 0.0921306206864707 0.0882766921064941 0.0979672026271647 0.0994381227968433 0.111209106828871 0.125903060102817 0.133918912860698 0.14398141019437 0.142723599967694 0.150588456066268 0.164112351163433 0.163991819159723 0.138273338264957 0.104981604224128 0.070143496469289 0.0333190976990257 0.00602288294320141 -0.00666700936328868 -0.0124125547344238 -0.0212344633595634 -0.0357316010825954 -0.0499004938542296
-9999 -9999 -9999 -9999 -9999 -9999 -9999 -9999 -9999 -9999 -9999 -0.0581427798760726 -0.0595128190274092 -0.0338181880616945 -0.0151925316703349 0.0113249907387772 0.0895300003219062 0.26420046389119 0.324469255435745 0.318775419930011 0.295921030782366 0.264187566170357 0.21608149169694 0.177082404420556 0.157111725903531 0.142692728504372 0.132165298324275 0.116450474320926 0.106888400696847 0.102762147708198 0.09480100822828 0.0870169896568784 0.0726083180238628 0.0658146908295074 0.0629152022827638 0.0561988844235387 0.0612337878462936 0.0618414559338234 0.0731486288092041 0.0903094910791715 0.0996769558494188 0.118327621920805 0.123513995463799 0.133233645174496 0.145960680249037 0.141650730413593 0.12052615489692 0.0884753457809289 0.0575757309113153 0.0272095004429702 0.00458270716619086 -0.00433208880511071 -0.00931717905998003 -0.0199130707588859 -0.0364701475613945 -0.0531269495386255
-9999 -9999 -9999 -9999 -9999 -9999 -9999 -9999 -9999 -9999 -9999 -0.0562254587010856 -0.0662543761180625 -0.0541134612325359 -0.022461732224718 0.000671784294962507 0.0318328400485733 0.14643586320626 0.218844227728991 0.261053911240825 0.307805377175699 0.257311960003712 0.210490410057695 0.168111618099346 0.145396363898533 0.127922749784369 0.114593041098947 0.101695886053405 0.0903809517038399 0.0829122151728273 0.0732508859378224 0.0641739962926193 0.0565581797814568 0.0502523868038714 0.044377514428781 0.0420660777486299 0.0374881164401031 0.0403451021592395 0.0502225517742951 0.0607359799979166 0.0847818657764294 0.105251142579604 0.124471133263736 0.130863300112102 0.12082596537756 0.103884247837191 0.0833402330018739 0.0606508329862514 0.0384212729574969 0.0172309435710856 0.00418037104575414 -0.00962774529927701 -0.0156461594193336 -0.0251176813540819 -0.0334128015026118 -0.0288838253713179
-9999 -9999 -9999 -9999 -9999 -9999 -9999 -9999 -9999 -9999 -9999 -9999 -0.0507148539889976 -0.0494238059128279 -0.0303569152385438 -0.00822566521806528 0.0239060275053383 0.0868276315573607 0.12681886241198 0.170233243489282 0.250511403286921 0.268394967874528 0.233938459806418 0.183378951877305 0.140469988152341 0.117180720778596 0.103417106933207 0.0945055123848293 0.0827873723121837 0.0708873547936859 0.0562297286176559 0.0466805430237877 0.0380627714235302 0.032059100217173 0.0275820556549871 0.0226824021105582 0.0158078211680501 0.0126116966037304 0.0201420274356282 0.0326108987573963 0.0587162259701086 0.0968933261848875 0.131823917212668 0.138036623211279 0.10984230506213 0.0720881452122744 0.0454760858018451 0.0238915112514094 0.00808803206690817 0.00113834140261804 -0.00598054432687756 -0.0185297253706027 -0.0299846131426468 -0.0358917860958549 -0.0361617992739465 -0.0283914052403018
-9999 -9999 -9999 -9999 -9999 -9999 -9999 -9999 -9999 -9999 -9999 -9999 0.000579945128386716 0.000936459423052927 0.00805765746495385 -0.0120789600165426 0.029925528184183 0.122305763193346 0.14241911490227 0.0927213281771033 0.149239930322706 0.222590301865693 0.277938333463935 0.225870239251979 0.140176530912148 0.112676115906007 0.103551724018882 0.0986701135996094 0.0842693293619973 0.0685698716823494 0.0459498734303906 0.0368525951839738 0.0233916913625477 0.0133186040635278 0.00898025545754472 0.0020434802081063 -0.0092511827163248 -0.0219422932391658 -0.0197311717453801 -0.0065700990028954 0.0173314499539887 0.0652646816796482 0.128474676560386 0.1435835494006 0.0997372819187154 0.0485216176457695 0.0192472578441691 -0.0102813792195208 -0.0251953876496457 -0.0234279759013912 -0.0180650050973083 -0.0351050120427077 -0.0484902685868021 -0.0547594353289076 -0.0498338836449384 -0.038428605033218
-9999 -9999 -9999 -9999 -9999 -9999 -9999 -9999 -9999 -9999 -9999 -9999 -9999 0.00563481619510575 0.0508888615029751 0.00560167752494078 0.0392159415457695 0.0956065946764644 0.136699961665219 0.146320894056689 0.156896723447476 0.187264770399975 0.284908962063444 0.286254729522066 0.215259301893606 0.151869858841694 0.124820432159292 0.12051856817693 0.0997745738754171 0.076871435484834 0.0536705308791011 0.0373177955536058 0.0207074682938846 0.00619719642255329 -0.00447136557975897 -0.0195817438139661 -0.029378901265183 -0.0421860695511001 -0.0445335870997354 -0.0403024702801129 -0.0266221818584464 0.0168416549914266 0.0726557766968935 0.102175157469888 0.0955419834829075 0.0600297424036814 0.011756982885181 -0.0329134452144818 -0.052622550454708 -0.0500896515839338 -0.0457808608625526 -0.0549425053943695 -0.0636035918436368 -0.062953258131754 -0.0581700950887989 -0.050105293112264
-9999 -9999 -9999 -9999 -9999 -9999 -9999 -9999 -9999 -9999 -9999 -9999 -9999 0.0225943890719852 0.095929060293317 0.00854338853598763 0.0398092271659398 0.0595021641024351 0.0651357770250783 0.11559727149292 0.196401722381004 0.322656958072916 0.360514844985681 0.362525494470688 0.40371085937971 0.294097527028992 0.238464086794749 0.208949324116841 0.165696504572874 0.0975553831851101 0.0750821657914751 0.053138832492337 0.0301450684663024 0.0112289707571164 -0.00526808479239083 -0.0296442789756919 -0.0323093318432388 -0.045183346683921 -0.052120039756199 -0.0583651429772102 -0.0661160877120345 -0.0342998506973722 0.0131955907490314 0.0463918892644334 0.0717381494455739 0.0872106269841226 0.00368664155424619 -0.0578660195565709 -0.0804351701251989 -0.0785696918484443 -0.0679740856748105 -0.0715715340944883 -0.0725351697555649 -0.0712586408826284 -0.0686698047792562 -0.0652592344481777
-9999 -9999 -9999 -9999 -9999 -9999 -9999 -9999 -9999 -9999 -9999 -9999 -9999 -9999 0.163806682439036 0.0337237543555971 0.0466593628048361 0.0532557547161904 0.0461896321420363 0.0612715342284844 0.133638632334799 0.306367231073967 0.446392870165153 0.449719553759004 0.426546719321971 0.429953484642964 0.461694836110359 0.452342671498462 0.346544686610027 0.22556763831462 0.139850994761397 0.0795173476201703 0.0526325752500216 0.0290816726172905 0.0111317551216674 -0.00653599908620961 -0.0106183002137569 -0.0163497599083077 -0.0244565780953381 -0.039445311493038 -0.0568107323083446 -0.0494634170631615 -0.0347785469604975 -0.0131713372452946 0.0233526066772116 0.0244006460179626 -0.0184034238571638 -0.070872234853357 -0.0908695104472223 -0.0894368177783323 -0.0862318013293459 -0.0828133980465871 -0.0848571639965511 -0.0819652870591837 -0.0731834925957722 -0.0739857944664863
-9999 -9999 -9999 -9999 -9999 -9999 -9999 -9999 -9999 -9999 -9999 -9999 -9999 -9999 0.176591408495727 0.0468845107745465 0.0120319849243929 0.0456338186905832 0.0358616307986191 0.0382315817834922 0.0394959613446769 0.04558093413132 0.0389266908646831 0.075199855872756 0.231660339564943 0.30479561453342 0.453659404936785 0.5409646194482 0.595587729223339 0.434079135965215 0.285278420225601 0.186928381255171 0.101950761391559 0.0540996633090631 0.0363193806229315 0.0209418243228555 0.0287728229858405 0.0333593784520421 0.0287340987537364 0.00908928877391302 -0.0341358407969704 -0.0352217817894598 -0.0563786478092691 -0.0548608283675546 -0.0241057173099608 -0.0121276276853369 -0.0339082673359341 -0.0755048842908585 -0.0888850058389558 -0.0836622930192162 -0.0917803052716122 -0.0809278756001362 -0.0866254551387701 -0.0864830079052404 -0.0754225068334436 -0.0724455424485408
-9999 -9999 -9999 -9999 -9999 -9999 -9999 -9999 -9999 -9999 -9999 -9999 -9999 -9999 -9999 0.0978078767334259 -0.016406900158239 0.011450392846596 0.0238533809637784 0.0275038362019231 0.00239480533897113 -0.037503707534945 -0.049867288646988 -0.0446183815268519 -0.0377000111591556 -0.00411220879671359 0.0960933950904083 0.238841982923834 0.425866289573627 0.510337364807171 0.375755223219957 0.309226703876895 0.172356077764938 0.0854531959865328 0.0586590488782415 0.0729168366195236 0.0685773359714288 0.065657779665013 0.0752010241083302 0.10019376618901 0.102674168125887 0.0266166401309019 -0.0538065774160475 -0.0796762176356712 -0.0605891025209286 -0.0374845409613184 -0.0398062871021712 -0.0543210683690201 -0.0543645555498136 -0.0434682480556167 -0.0401222834654183 -0.0450706822137636 -0.0615217532058029 -0.0678767134685003 -0.0665176811612705 -0.077204643994121
-9999 -9999 -9999 -9999 -9999 -9999 -9999 -9999 -9999 -9999 -9999 -9999 -9999 -9999 -9999 0.109233131383482 0.0732883417714985 -0.0404445672723477 -0.0075127493757966 0.0223100062348767 0.00670787021279573 -0.0337054485880836 -0.0397550434202609 -0.0442846239693563 -0.0579913750763758 -0.0098668195699439 -0.0420110657005007 -0.00910960022272284 0.0172720019882319 0.482342502786954 0.510684438017729 0.439262864685653 0.317487543845458 0.15181238252676 0.0823731656417206 0.110785305913543 0.0821075254720707 0.0793972960427876 0.111077279749996 0.180465395703814 0.238575456585865 0.104817575560952 -0.05009575080977 -0.100087628040952 -0.0858160295208717 -0.0518119726169415 -0.0365351128562676 -0.02303366789925 -0.00451614122198551 0.0171240524594348 0.0350844997873801 0.0181361348749772 -0.0114464678627501 -0.0239625472158478 -0.031871941782552 -0.0528507073211121
-9999 -9999 -9999 -9999 -9999 -9999 -9999 -9999 -9999 -9999 -9999 -9999 -9999 -9999 -9999 0.401266125824198 0.0770320007645667 -0.00977656490265216 -0.0636169326901176 -0.00521176071275625 0.00620433987070129 -0.00451172236516495 -0.0147585944370782 -0.0233388327295033 -0.0509251039255877 -0.0664514146646161 -0.0831294966640297 -0.08189919387962 -0.0839429285395397 0.18473404173053 0.578581850500734 0.564283416874849 0.437182518092651 0.288990086737375 0.144292229597615 0.0766478156994066 0.0609622336463725 0.0815810443180735 0.124346739184819 0.215542726969422 0.271417170428291 0.130183071503202 -0.0532169879644783 -0.108054807727809 -0.106161943195882 -0.0747000534872619 -0.0348735864403503 0.0101781676833571 0.0511150241713105 0.0782275949805648 0.0886460118427686 0.0810552120654723 0.065644204725737 0.0539978070789025 0.0430523541951286 0.0485552864506684
-9999 -9999 -9999 -9999 -9999 -9999 -9999 -9999 -9999 -9999 -9999 -9999 -9999 -9999 -9999 -9999 0.218183284159941 0.0294433067927421 -0.0366497055104603 -0.0690186926613515 -0.0134935091540739 0.00410876930846793 0.00863548770610623 0.00434047431641715 -0.00453072467581622 -0.00401054918018295 -0.0393873779558966 -0.0599053207911366 -0.0829403235271498 0.00420379911207253 0.313947600558516 0.621647682468816 0.570584036172453 0.477367484499365 0.288889119931191 0.118442291476612 0.0619369166290722 0.056890151021121 0.0852197954680449 0.158655851721676 0.23908738885868 0.0758326995127576 -0.0769391077430192 -0.112255172896388 -0.105501549607897 -0.077589886493983 -0.0184196499409606 0.0508788108470579 0.109550541141311 0.143993156600761 0.152127128948736 0.136693026532383 0.120830471337595 0.115013253813106 0.115593571902639 0.139807581360343
-9999 -9999 -9999 -9999 -9999 -9999 -9999 -9999 -9999 -9999 -9999 -9999 -9999 -9999 -9999 -9999 -9999 0.285471266939363 0.0198916245793543 -0.00639627023765466 -0.0579617096166439 -0.0335843831893417 0.00825032106427032 0.0108560600029306 0.00867730967395774 0.00870660679189222 -0.000335904390556196 -0.0113582834978758 -0.0297783304809465 -0.0390382254014507 0.0662613209956378 0.41655476987452 0.651016090144825 0.587873501637509 0.451485432617488 0.236065510381334 0.110668519624663 0.0452762346121077 0.016966353004867 0.0282116253951826 -0.00094941617564398 -0.0277154406226519 -0.0768294671347057 -0.0922982337348939 -0.07693722538014 -0.0377661528257709 0.0158747146210322 0.0839588612832881 0.143951224858805 0.185707674649294 0.204162351797164 0.152813059409952 0.102723771949983 0.0966528926060308 0.127689175435272 0.181459876942533
-9999 -9999 -9999 -9999 -9999 -9999 -9999 -9999 -9999 -9999 -9999 -9999 -9999 -9999 -9999 -9999 -9999 -9999 -9999 0.00999123082299697 0.0107772094176278 -0.0397473657047152 -0.0316231223635526 0.0109866860053328 0.0190640353601902 0.0162776235187088 0.0119403805172311 0.00941826704436594 0.000338924547225727 -0.0254263800956305 -0.03338546909574 0.135745709096995 0.382739708073299 0.611811991672748 0.565979663685236 0.410564155949034 0.286869472708292 0.126482806288387 0.033231105251407 -0.00169078979448273 -0.0422722420080152 -0.0399146127292787 -0.0533707236147195 -0.0547463882860315 -0.0284098487963937 0.000809079227582221 0.0374556465557102 0.0856503643180526 0.132790238363615 0.171107381369673 0.190341773154977 0.128872065921662 0.0602766711549916 0.049971103074131 0.0857102516225475 0.14639112754346
-9999 -9999 -9999 -9999 -9999 -9999 -9999 -9999 -9999 -9999 -9999 -9999 -9999 -9999 -9999 -9999 -9999 -9999 -9999 -9999 -9999 -0.00935449682307299 -0.0336134169427819 -0.0412971544399485 0.0108233587727505 0.022394940474054 0.0163210661293812 0.0137134584286162 0.0098096881346787 0.00103832822684724 -0.0124253750553527 -0.00471720349872429 0.0709032718744586 0.29996379572164 0.558300145068946 0.513235414245917 0.385799220575223 0.228424267741387 0.126348643586963 0.0579378468957736 0.0381649924604489 0.0214020885749472 0.0150338616640934 0.0207377424241461 0.0268458999184728 0.0371370702735946 0.0570045372771437 0.0660152128981369 0.0891516985287371 0.137685470817245 0.139349060016974 0.0910518334998445 0.0276883838104772 0.00889015726078579 0.0213669546521555 0.0395104099507123
-9999 -9999 -9999 -9999 -9999 -9999 -9999 -9999 -9999 -9999 -9999 -9999 -9999 -9999 -9999 -9999 -9999 -9999 -9999 -9999 -9999 -9999 -9999 -0.00884341446429499 -0.0386051196041106 0.000787193429259869 0.0177489878696767 0.0185221870131603 0.0160346402805842 0.0151700191121837 0.00836793502770111 -0.0133945738172911 -0.0475999027926107 0.0272474390196971 0.249831861910634 0.470028475196395 0.458634012543948 0.267024996981632 0.206837432052545 0.160633101659352 0.136724229460701 0.115949153573949 0.11587599428676 0.110018331202683 0.104512504800408 0.104123209089591 0.105472425081209 0.0969568294720723 0.105414694769851 0.130874229083214 0.118428309480891 0.0599982713387903 -0.00675131500636261 -0.030893151426868 -0.0227257442742141 -0.00387135396193883
-9999 -9999 -9999 -9999 -9999 -9999 -9999 -9999 -9999 -9999 -9999 -9999 -9999 -9999 -9999 -9999 -9999 -9999 -9999 -9999 -9999 -9999 -9999 -9999 -9999 -0.0441649530882199 -0.0512830419411351 -0.00134735174969408 0.0127679461498713 0.0175019475701421 0.0162616599463699 0.00717503324190227 -0.0198969875797914 -0.0351610170371189 0.00131514738984034 0.0778543649641141 0.359649381159628 0.373295490910151 0.210206164228914 0.153200088454462 0.185278799353585 0.188095756206542 0.210700044128684 0.194766530521156 0.189614076243866 0.200028835584616 0.178257194367875 0.179317871920033 0.1632687936403 0.14432675881323 0.121751676121626 0.0369757216413373 -0.0417036972955742 -0.0625314442914408 -0.0369641491142523 0.00278067514087665
-9999 -9999 -9999 -9999 -9999 -9999 -9999 -9999 -9999 -9999 -9999 -9999 -9999 -9999 -9999 -9999 -9999 -9999 -9999 -9999 -9999 -9999 -9999 -9999 -9999 -0.0103862651384768 -0.0330522909337342 -0.0452892526432816 -0.0177248895287934 0.00381293225495333 0.0133201100969833 0.0152313701669996 0.00986594543160713 -0.00161763849416297 -0.00923902012384287 0.0135539240387997 0.165844009676174 0.303216513839122 0.278978604362262 0.108866159628218 0.141111737173326 0.212634145639117 0.276543498433541 0.256868161764625 0.242062979618514 0.250796261193904 0.216802635385227 0.197545246706614 0.165880333498744 0.129968537656172 0.0868350915600714 0.00716259319888485 -0.0544284841012853 -0.068100905887341 -0.036184865281342 0.00544624471610761
-9999 -9999 -9999 -9999 -9999 -9999 -9999 -9999 -9999 -9999 -9999 -9999 -9999 -9999 -9999 -9999 -9999 -9999 -9999 -9999 -9999 -9999 -9999 -9999 -9999 -9999 -9999 -0.00733369438580495 -0.0210655721616407 -0.0134213348755922 0.0130598376379499 0.0166405035843559 0.0170583015397229 0.0136431827335026 0.0100094416117815 0.01936384512378 0.0775463152895827 0.171692020801681 0.2300193717408 0.0541859794008238 0.0450513027008496 0.185936640539205 0.326439202787956 0.302297122064085 0.266124095555449 0.259081296320833 0.223865881039978 0.168046267458313 0.120553510622955 0.0808401483914981 0.035470137152687 -0.0132077983877249 -0.0556852776092765 -0.0597596943783096 -0.0194781056870555 0.0224125167310157
-9999 -9999 -9999 -9999 -9999 -9999 -9999 -9999 -9999 -9999 -9999 -9999 -9999 -9999 -9999 -9999 -9999 -9999 -9999 -9999 -9999 -9999 -9999 -9999 -9999 -9999 -9999 0.0214965382382207 0.0338055844561231 -0.0150593231720234 -0.00244392992896941 0.0124007209416409 0.0170396723415267 0.0162105672293283 0.0112765601651164 0.0107291603504621 0.0325105388183123 0.0940837731619424 0.153612064604423 0.041252430997785 -0.00570989838761449 0.122980235199497 0.220584139607035 0.204651633842363 0.229620968609049 0.271953394012806 0.228373743619972 0.157542871155238 0.0947290561775047 0.037027270399451 -4.60107887854111e-05 -0.0124174601744166 -0.0140867899368195 -0.00824791516880918 0.0138676113723628 0.029726686783608
-9999 -9999 -9999 -9999 -9999 -9999 -9999 -9999 -9999 -9999 -9999 -9999 -9999 -9999 -9999 -9999 -9999 -9999 -9999 -9999 -9999 -9999 -9999 -9999 -9999 -9999 -9999 -9999 0.0665454784350834 0.0031603826255357 -0.0243541806125999 0.00338911834820366 0.0172267457148011 0.0191931340829851 0.0119378512914436 0.00326882546050183 0.0113958471407857 0.0501628672899102 0.0796171397452753 0.0168681762217375 -0.0475103445156519 0.0546872811556052 0.112673255173804 0.0824956758616686 0.146981549967879 0.295297639102798 0.219506665905845 0.150846468407968 0.0905384738812255 0.0150552791493868 -0.0270523867451288 -0.0055788274752584 0.0510116976921038 0.0729309570100397 0.0547384308607896 0.0360187896338613
