meets/meet004/_saidas_enm/CCSM_Gower_0k_Aralia_warmingiana5.asc
NCOLS 154 
NROWS 168 
XLLCORNER -112 
YLLCORNER -55.5 
CELLSIZE 0.5 
NODATA_value -9999 
[rows 54 to 80 of 168, columns 60 to 119 of 154]
-9999 -9999 -9999 -9999 -9999 -9999 0 0 0 0 0 0 0 0 0 0 0 0 0 0 0 0 0 0 0 0 0 0 0 0 0 0 0 0 0 0 0 0 0 0 0 0 0 0 0 0 0 0.076001274841958 0.026057916125969 0 0.25283565296018 0.443987218338072 0.554904543805305 0.492008335468459 0.386028064866697 0.237238785545878 0.147136169662136 0 0 0
-9999 -9999 -9999 -9999 0 0 0 0 0 0 0 0 0 0 0 0 0 0 0 0 0 0 0 0 0 0 0 0 0 0 0 0 0 0 0 0 0 0 0 0 0 0 0 0 0 0.0292449963483993 0 0 0 0 0.169146822099927 0.404811787286611 0.542682489381774 0.560706446992673 0.45719214272036 0.353117107304664 0.272972576246829 0.119657425333025 0 0
-9999 -9999 -9999 -9999 0 0 0.0592957688078526 0 0 0 0 0 0 0 0 0 0 0 0 0 0 0 0 0 0 0 0 0 0 0 0 0 0 0 0 0 0 0 0 0 0 0 0 0 0 0 0 0 0 0 0.0778641286772059 0.342283943320974 0.498523959825296 0.588048031064406 0.499697230990698 0.426931421499208 0.342005458855159 0.176568509632803 0.0165112441830968 0
-9999 -9999 -9999 0 0 0 0.26099889208232 0.0476078508633433 0 0 0 0 0 0 0 0 0 0 0 0 0 0 0 0 0 0 0 0 0 0 0 0 0 0 0 0 0 0 0 0 0 0 0 0 0 0 0 0 0 0 0 0.266824750924572 0.441576774847802 0.574436923746919 0.497336323581793 0.420811322477007 0.346156120017627 0.179895375450049 0.00137442161510659 0
-9999 -9999 -9999 0 0 0.229520842405141 0.486280530913531 0.209584943015859 0 0 0 0 0 0 0 0 0 0 0 0 0 0 0 0 0 0 0 0 0 0 0 0 0 0 0 0 0 0 0 0 0 0 0 0 0 0 0 0 0 0 0 0.154669737472808 0.359455670530612 0.496774341736975 0.395885259776842 0.308623820653067 0.236886921542149 0.0953888146872212 0 0
-9999 -9999 0 0 0.167990423931396 0.4495278157322 0.595647312836203 0.162557318356362 0 0 0 0 0 0 0 0 0 0 0 0 0 0 0 0 0 0 0 0 0 0 0 0 0 0 0 0 0 0 0 0 0 0 0 0 0 0 0 0 0 0 0 0.0380027432551615 0.249355992371482 0.333225534781074 0.217474367668185 0.128569923759226 0.029493525078966 0 0 0
-9999 -9999 0 0.0410179055519726 0.196420651563405 0.478914459447286 0.457317629764344 0.0124364589076882 0 0 0 0 0 0 0 0 0 0 0 0 0 0 0 0 0 0 0 0 0 0 0 0 0 0 0 0 0 0 0 0 0 0 0 0 0 0 0 0 0 0 0 0 0.0928028342257868 0.251961209038386 0.135835665295938 0.0595495481652468 0.00635971753523512 0 0 0
-9999 -9999 0 0.0403455113128496 0.203218829387973 0.484421614421591 0.333845882692861 0 0 0 0 0 0 0 0 0 0 0 0 0 0 0 0 0 0 0 0 0 0 0 0 0 0 0 0 0 0 0 0 0 0 0 0 0 0 0 0 0 0 0 0 0 0 0.0821202118472754 0.114747171499 0.0986527285322359 0.121159100856048 0.0849037676566783 0.0898090186849633 0.118460750098311
-9999 -9999 -9999 0.0585808689890136 0.228185384576252 0.500975856944217 0.294530083081913 0 0 0 0 0 0 0 0 0 0 0 0 0 0 0 0 0 0 0 0 0 0 0 0 0 0 0 0 0 0 0 0 0 0.00456525164945909 0.0250157198182772 0.0537293347508807 0.0602295922191781 0.0650772732425603 0.0727792441621838 0.0701765310546595 0.0726833046086879 0.0625628280514418 0.0589579522366733 0.0492339317754914 0.0221141655831814 0 0 0 0 0 0 0 0
-9999 -9999 -9999 -9999 0.255334435593485 0.39574684881803 0.327875867842866 0 0 0 0 0 0 0 0 0 0 0 0 0 0 0 0 0 0 0 0 0 0 0 0 0 0 0.011500499758745 0.0160260602040753 0.0298062603722979 0.0639401955382126 0.0794835495411335 0.119492106943679 0.150080511257603 0.175233781142456 0.164305988523608 0.151084955824519 0.132704754842124 0.135074717812505 0.164714089073365 0.191388836562769 0.236651055912202 0.235238592890237 0.233438579925611 0.209683664304856 0.204260875038918 0.162848496228602 0.138522881352124 0.102133661241162 0.0603204173479472 0.0323224691581498 0 0 0
-9999 -9999 0.0597017628772201 0.122044180571588 0.265662226358934 0.230272378552622 0.178022241600815 0 0 0 0 0 0 0 0 0 0 0 0 0 0 0 0.0202141542318158 0.0339009969360992 0.0487476567711567 0.0612638429322286 0.0633733593526877 0.0569347483650255 0.0476303634891743 0.0528891461231015 0.0657080020314568 0.102516562165599 0.154732930178659 0.196067213907628 0.20531047844449 0.230045070939639 0.247824927603697 0.280215902094611 0.223119755530065 0.165244619788048 0.120784850340244 0.0818740823675601 0.0668929055195837 0.0596798902472951 0.0667870584881071 0.094265440171207 0.128769888208088 0.185433807429572 0.248558670910221 0.312396350017779 0.377320224366341 0.331983171355586 0.215094282837275 0.157185138792324 0.125594088144752 0.127779480452271 0.141466740057033 0.130050676155674 0.00640320558879237 0
-9999 0.0965830479432181 0 0 0.0768434138082282 0.124734022457913 0.0769851599708677 0 0 0 0 0 0 0 0 0 0 0 0 0.0177010781483123 0.109717684128166 0.180737514416319 0.205685255941358 0.223476900755491 0.241089695264412 0.247886423762978 0.240203781747914 0.249348493740557 0.237758243541904 0.234356335638555 0.231885366503365 0.227807246024129 0.305289450627211 0.352266065871387 0.358921133364995 0.371887489151218 0.286260165698324 0.226025690555793 0.156112106818872 0.10495080812114 0.0675282468199034 0.0295278669625029 0.029706006091365 0.0283425615879871 0.0369985685819235 0.0613555640601695 0.0843988644353888 0.133929833825775 0.187187473791955 0.232208349106743 0.27926091738067 0.311385944878874 0.237263799574579 0.147207042743456 0.130173322998966 0.151719990421612 0.171907145384354 0.112825464506955 0 0
-9999 0.176134967488996 0 0 0.0185957465748549 0.0106462882536463 0 0 0 0 0 0 0 0 0 0 0 0.0383426546324571 0.0836113761737882 0.159114137305656 0.240673628587017 0.31115982626288 0.355309586920315 0.379976337522945 0.406608356980524 0.425130828333208 0.438113943030033 0.434924237470165 0.425378467217349 0.41731019225981 0.40061541260422 0.407748996689294 0.454930874525781 0.467424061250591 0.427000830624971 0.350964054417207 0.272679615848259 0.20976268931439 0.147921593563119 0.101047293973784 0.0707927921064976 0.0448052082094457 0.0398476286421463 0.0393194299306039 0.046207519431848 0.0637278590336922 0.0821128535781004 0.112701091006077 0.143151740248707 0.172029453372418 0.198607422731451 0.213254993574468 0.215665118821174 0.20168877621571 0.172817540878504 0.129475060046922 0.0711960990942413 0.00548685790992576 0 0
-9999 -9999 0.0681902274795623 0 0.0383101363951457 0 0 0 0 0 0 0 0 0 0 0.00717017206515069 0.146881860370342 0.16125783956534 0.210059375760223 0.285887319265205 0.359410220025382 0.43518104816483 0.478290642128778 0.512268031114434 0.54461158712543 0.571526165845313 0.598406638135586 0.583750084918657 0.579944537942649 0.57378364223078 0.552771163287728 0.558863746878358 0.57143087652387 0.50221946239727 0.43294407018673 0.361652531704662 0.282800639037957 0.23182188436391 0.173902440562206 0.132669256572082 0.106719632503943 0.0784164990431445 0.0788084051266411 0.0753175259795946 0.0775077951523527 0.0873589537562913 0.0909542548217835 0.107351605355281 0.11732998768616 0.125526590061227 0.13508275026777 0.131891144857212 0.118575018252243 0.0939410326230828 0.0566498408321485 0.00805219092126996 0 0 0 0
-9999 -9999 0.0846736385926281 0 0 0 0 0 0 0 0 0 0 0 0 0.0966632794495421 0.257647314662624 0.30355222633392 0.327503992616176 0.377937277283327 0.449135124075737 0.526493926137226 0.576409321148246 0.613119552326708 0.638707562749523 0.639472878940452 0.641220799587573 0.63994035851213 0.63939767198925 0.639579279683914 0.640641150557425 0.641835701876097 0.595422243285105 0.531466409351713 0.466837922067737 0.402358682984815 0.336921638389401 0.284620637934142 0.235474449062099 0.197306942312893 0.171553336064368 0.149607631834399 0.140166905783359 0.133220127536388 0.129589716868044 0.128472687363281 0.12422818253435 0.12127223899681 0.112077150610005 0.10254988133127 0.0888511766553702 0.0659518126962715 0.0417213931663153 0.00569544263535704 0 0 0 0 0 0
-9999 -9999 0.0595883629525575 0 0 0 0 0 0 0 0 0 0 0 0 0.0957669434210862 0.326839453253684 0.388194279752212 0.392753503383465 0.426436977531883 0.502676401808999 0.588728412645076 0.632690713671547 0.640301864652569 0.635467254164481 0.636281924917136 0.638225768218383 0.634604510786767 0.631779336026117 0.631504787923006 0.633227924461208 0.63600652218958 0.635317610129126 0.578418960602016 0.521057383774043 0.464797937541873 0.402374229672425 0.359903529348562 0.312279879416436 0.27678264581994 0.253310775089612 0.226450374239 0.215285520532035 0.200079046269447 0.188360082704923 0.179292736267978 0.163041654153742 0.146647801624957 0.121195542004602 0.0936120906244059 0.060866879846302 0.0191704045654058 0 0 0 0 0 0 0 0
-9999 -9999 -9999 -9999 0 0 0.045518345665845 0 0 0 0 0 0 0 0 0.097253610526888 0.369700991433013 0.423821343930705 0.382611565446605 0.418528375457553 0.520351731389672 0.61516002208699 0.64987365844196 0.636275728889906 0.629759003836999 0.630172642068612 0.630794808664923 0.625052159703511 0.619109955934079 0.618086543160615 0.622067383827667 0.627198548998337 0.628699696836825 0.630230115562571 0.588318443493275 0.535723740197921 0.483475598480536 0.438973075641804 0.398634085300702 0.363531737569495 0.333981371095201 0.30797862917773 0.286636913761401 0.267081771862896 0.247785093645905 0.226496236967449 0.202752040092489 0.175121559982273 0.140594051025438 0.101666570363574 0.0543116190156373 0.00254788617302648 0 0 0 0 0 0 0 0
-9999 -9999 -9999 -9999 0.0218806315262121 0 0.193033577124822 0.0303289936375826 0 0 0 0 0 0 0 0.112069419726547 0.395292010396148 0.436686892692636 0.434620317021447 0.473904432196041 0.517811556775075 0.618801885994236 0.646651724282495 0.630836685262751 0.623742020428588 0.62454066697289 0.623438628750442 0.61533230222894 0.605823417489832 0.604081410409319 0.61006396983477 0.616758243116226 0.62005495691467 0.623252106965216 0.626274699972772 0.616524798823703 0.565603178226622 0.527003214450404 0.485537737036243 0.449949814428691 0.418875743012908 0.38653668944861 0.360989335922375 0.332039201145549 0.303583451034714 0.273463816682442 0.24068971497653 0.206288004633604 0.164101679137269 0.115762233796443 0.058276413023322 0 0 0 0 0 0 0 0 0
-9999 -9999 -9999 -9999 -9999 0.00285191691038467 0.253211910473441 0.064232174338092 0 0 0 0 0 0 0 0.146681331240255 0.391559500413466 0.4599741196124 0.462209539977321 0.524315621137839 0.57681836007472 0.617947359128038 0.639006616951748 0.627148339812165 0.619173198143045 0.619221057111991 0.617466085813196 0.606201596049538 0.593734073905974 0.590564177684143 0.596594711959821 0.604458705374259 0.60870447599812 0.612052253607182 0.617329986870253 0.622416070601423 0.628074966367178 0.605504011088589 0.567390010855906 0.530542417884771 0.492501098416665 0.458516168857411 0.423389075981758 0.38963592162362 0.353285952211728 0.311560197335833 0.270431435264154 0.229489233443793 0.186627922593733 0.1342727678433 0.0697452044730584 0.0061256972149577 0 0 0 0 0 0 0 0
-9999 -9999 -9999 -9999 -9999 -9999 0.300536785174003 0.0767508619020342 0 0 0 0 0 0 0.0960083287980517 0.232946795121248 0.384946625025853 0.448401379233838 0.502283264657913 0.566853227645489 0.611825274865463 0.647724277961575 0.640109574152336 0.624713942079212 0.616248886946719 0.61491759571677 0.610975426805876 0.598160220985892 0.584166951580712 0.579530729845257 0.584941201494128 0.59150233442659 0.595913018598109 0.600070331970573 0.606318451457297 0.613702106099184 0.621308050007857 0.627885239740281 0.633706727806789 0.602806531232561 0.56310430730481 0.524901820508482 0.485657705642299 0.443390796481854 0.399760961040951 0.350895648991724 0.302192411160829 0.256857363200593 0.208163842049454 0.15445534814259 0.0927408283396077 0.032310853600384 0 0 0 0 0 0 0 0
-9999 -9999 -9999 -9999 -9999 -9999 -9999 0.0728920310744117 0.0678900591351491 0 0.0457396759547287 0.0906853434904583 0.0997320838706882 0.184137337817277 0.254472617519977 0.293166401617224 0.359085037652267 0.438790572506398 0.529134156866627 0.595544715613721 0.630545615134556 0.638656071389032 0.636185138698685 0.624224242271951 0.615121637303129 0.610115888269833 0.60326452704846 0.590924021652461 0.578410110783699 0.573698120797088 0.576265184490042 0.579727771478001 0.586449939556505 0.589559751334271 0.597814956331208 0.607911811824936 0.615049635193597 0.626341360679519 0.633259972877914 0.642493335386894 0.621363057563597 0.582052869275073 0.537742995806972 0.492361307783907 0.444732346066848 0.389433037350312 0.334839289139801 0.284672848893365 0.230482148559137 0.178047057923244 0.125202312068833 0.0746531641957365 0.0337836431399506 0 0 0 0 0 0 0
-9999 -9999 -9999 -9999 -9999 -9999 -9999 0.0931825773557845 0.0881122337380722 0 0.0221707434117681 0.220449006864289 0.208958341596896 0.315819106008937 0.361975408668679 0.331618800337507 0.336687893253784 0.406474948827451 0.516256517990824 0.591221120162351 0.615909875154201 0.623419019022386 0.628271358559096 0.620292115198291 0.611458716929796 0.605304084666311 0.597489572558751 0.585531884594977 0.575400587011837 0.572279730299501 0.576275566728539 0.581669912772937 0.586540949817369 0.591117749804833 0.601098615379118 0.613914907586109 0.625557883719124 0.635870636902748 0.643597082858234 0.653787838402265 0.662654699978151 0.630703990742992 0.588429861421145 0.54126859588968 0.492044932691048 0.437404933084897 0.38046609660418 0.327483373897232 0.271243490580305 0.220657678435596 0.175271455961978 0.130493627196823 0.0949625795547757 0.0628363860550012 0.034071904639382 0.00801850643144875 0 0 0 0
-9999 -9999 -9999 -9999 -9999 -9999 -9999 0.0187800165862863 0.205766968435115 0.0503629588209314 0.0412863583357662 0.131745627247936 0.338607719956593 0.443128421983647 0.466530296534957 0.362702900003403 0.266736995792124 0.368315214242972 0.488485526426388 0.567778329806951 0.608604492369954 0.607042087311413 0.613423048017169 0.618024155576095 0.60647639402166 0.599448723052926 0.59166911293861 0.577786734676521 0.571654587002791 0.570658554803193 0.577145023977955 0.591197052435052 0.589669979781288 0.596445384444424 0.607708197550801 0.621856932557967 0.645117032434522 0.64477518265633 0.654712328396164 0.666060459095489 0.673444414304448 0.66442526410933 0.630786048874698 0.587269689858265 0.539180157520766 0.485860201248416 0.436030087677272 0.379701847352429 0.324596872231016 0.276667600331628 0.23348978483298 0.196266091577418 0.160633990465907 0.130146029173014 0.103912030277347 0.0797952311226721 0.0594385279221532 0.0313119789214554 0.00434819259823926 0
-9999 -9999 -9999 -9999 -9999 -9999 -9999 -9999 0.152043922093291 0.180935737141305 0.0935261466754203 0.111354018192644 0.225317655667951 0.269317903764104 0.315608943456611 0.429397387828658 0.353807494496814 0.367039081878738 0.433579316527003 0.502436684033946 0.577680311739914 0.603331492655471 0.606531985025406 0.612178009724923 0.598903103285127 0.587262625842227 0.578359524983365 0.564792810951311 0.558030439310969 0.557897679197427 0.565902605976989 0.578763327791275 0.581133570750177 0.587143782346245 0.597816281723356 0.611166862681664 0.627815374191863 0.629214394409116 0.635085023381239 0.647907808561242 0.663961287801275 0.664251078940392 0.660057940448281 0.625886434186189 0.580905523729471 0.53337010124953 0.485840638333174 0.436300340930222 0.386157220715201 0.341748366669318 0.301755160571804 0.264469280565803 0.232554651573251 0.202296651701252 0.176940651988348 0.155693900922169 0.133855727948168 0.113026016777122 0.0914676841800967 0.0701606896994298
-9999 -9999 -9999 -9999 -9999 -9999 -9999 -9999 0.0565486985220719 0.330455876197973 0.184185039200121 0.0799073675460574 0.0342792273240441 0.0533150763398502 0.0672932327255356 0.292151582968051 0.477122070087958 0.381804029220038 0.351436581476429 0.418399553209743 0.558498125158844 0.602215051398874 0.606389189184625 0.610566096454015 0.586418571942324 0.571119349473488 0.559665531424836 0.545654369225652 0.536564608972542 0.536096745544121 0.544663859493339 0.555277378919841 0.5614216760216 0.566432541937698 0.575945323184871 0.586346338070231 0.59288847371523 0.597967376428285 0.595640208714209 0.612463968933793 0.641483169292336 0.653565389849784 0.647931698418958 0.641566058278807 0.615238569535454 0.572049223576828 0.531885263027066 0.489351339506923 0.448142382438323 0.408091394485193 0.367591107260139 0.332447690362496 0.302627070635252 0.275153871181356 0.250788195469194 0.227149975181441 0.205660177565629 0.188722320526231 0.175229609461161 0.159673593838813
-9999 -9999 -9999 -9999 -9999 -9999 -9999 -9999 -9999 0.101189151042527 0.245770064372088 0 0 0 0 0.00545939527708528 0.236487574871336 0.30746733872612 0.381300830342668 0.462400063495928 0.552071187384576 0.584873254512144 0.560106527204325 0.499301592436742 0.496014749065418 0.539800138704774 0.539914095830495 0.526303864756232 0.517614926989343 0.516004705895356 0.522826129912107 0.533947180377944 0.539330923285155 0.545332519832257 0.554595022862055 0.565206554200335 0.571665852836053 0.568887389095413 0.566445133163109 0.587802281345359 0.626668254529916 0.652611262456565 0.64116867463087 0.628319359543294 0.619574011246597 0.611014793623336 0.576122714842051 0.54145891325717 0.506425489174366 0.471421474242291 0.436997868980981 0.405349865680938 0.378822682168096 0.353812337143049 0.330615383671953 0.307933025560741 0.286367826510022 0.270841867817052 0.256622219550495 0.244542572833424
-9999 -9999 -9999 -9999 -9999 -9999 -9999 -9999 -9999 0 0.321361936976177 0 0 0 0 0 0 0 0.0433068961910529 0.149981529671415 0.275487736297776 0.529378460546941 0.522941100260714 0.394029635747699 0.3547013291224 0.411885900135977 0.469948046656484 0.484338012992443 0.492587145086011 0.490649997550016 0.496496802055076 0.510076911238926 0.510589316534632 0.519660669770554 0.531076601882983 0.544854715962723 0.558518846317691 0.555273623642087 0.546197780006537 0.572055739026404 0.622336804184105 0.655488788402622 0.635259030123425 0.606146532275555 0.590891382376479 0.594553869359047 0.601578299916737 0.587647474367183 0.558357385354623 0.528551146313418 0.497597302615151 0.473909203371316 0.448256780147985 0.428707209145874 0.407943053174249 0.383928343934879 0.366029572045466 0.349179553791064 0.335223421879493 0.32560455669959
