meets/meet004/_saidas_enm/CCSM_Maxent_21k_Aralia_warmingiana1.asc
NCOLS 154 
NROWS 168 
XLLCORNER -112 
YLLCORNER -55.5 
CELLSIZE 0.5 
NODATA_value -9999 
[rows 75 to 99 of 168, columns 56 to 111 of 154]
-9999 -9999 -9999 -9999 -9999 -9999 -9999 -9999 -9999 -9999 -9999 0.0295968092978001 0.0443622618913651 0.0527385026216507 0.0616637654602528 0.0844543427228928 0.106570921838284 0.182510182261467 0.25728639960289 0.281563252210617 0.348547846078873 0.405203074216843 0.4703628718853 0.52331668138504 0.562024354934692 0.593592941761017 0.60681140422821 0.628256797790527 0.642064392566681 0.65614265203476 0.676032960414886 0.685460329055786 0.697446763515472 0.717608690261841 0.728521108627319 0.719914257526398 0.709523975849152 0.696981847286224 0.683668255805969 0.668583989143372 0.653963565826416 0.639382541179657 0.625245451927185 0.607918858528137 0.587190866470337 0.564430594444275 0.541404545307159 0.514891564846039 0.483108192682266 0.451435297727585 0.418020606040955 0.392207145690918 0.365271985530853 0.343508660793304 0.32718688249588 0.311620324850082
-9999 -9999 -9999 -9999 -9999 -9999 -9999 -9999 -9999 -9999 -9999 0.0425066873431206 0.0670116990804672 0.0784345790743828 0.0715560466051102 0.0929595157504082 0.0922569409012794 0.128580152988434 0.181334346532822 0.204094603657722 0.25263985991478 0.332900643348694 0.408332347869873 0.472749054431915 0.528198480606079 0.569677770137787 0.583916425704956 0.605440974235535 0.624898135662079 0.641901075839996 0.667553901672363 0.68375700712204 0.706659555435181 0.724184572696686 0.736220836639404 0.727347910404205 0.719296455383301 0.708072066307068 0.694097459316254 0.679113328456879 0.660039961338043 0.645843029022217 0.627694427967072 0.612586259841919 0.603575229644775 0.584016501903534 0.563788712024689 0.542807817459106 0.513306677341461 0.481030404567719 0.450679838657379 0.420021057128906 0.388172298669815 0.364319652318954 0.345663517713547 0.32838386297226
-9999 -9999 -9999 -9999 -9999 -9999 -9999 -9999 -9999 -9999 -9999 -9999 0.0629677847027779 0.0877654552459717 0.104243613779545 0.115856394171715 0.0992503613233566 0.0792286023497581 0.0922705233097076 0.130211383104324 0.184333682060242 0.244194716215134 0.334598690271378 0.39781728386879 0.466785132884979 0.528445601463318 0.556689441204071 0.567602574825287 0.587461829185486 0.610900402069092 0.643657922744751 0.660157203674316 0.684964895248413 0.703977525234222 0.722013175487518 0.742137134075165 0.735102355480194 0.724311053752899 0.712011456489563 0.698659121990204 0.679133892059326 0.660632610321045 0.637920260429382 0.622876167297363 0.614509165287018 0.601329863071442 0.586324751377106 0.564542233943939 0.537614524364471 0.506380975246429 0.472747057676315 0.445072889328003 0.41834419965744 0.396159172058105 0.377829521894455 0.362099438905716
-9999 -9999 -9999 -9999 -9999 -9999 -9999 -9999 -9999 -9999 -9999 -9999 0.0513963811099529 0.0760857164859772 0.150269642472267 0.142949253320694 0.0890242531895638 0.0579567514359951 0.0452442988753319 0.0560918040573597 0.121184967458248 0.168582618236542 0.257462501525879 0.354505896568298 0.431001156568527 0.490619271993637 0.506637990474701 0.51308286190033 0.533948123455048 0.561244368553162 0.608866095542908 0.619089424610138 0.641185879707336 0.669749140739441 0.695076525211334 0.723310649394989 0.744007408618927 0.7436283826828 0.731562912464142 0.718773066997528 0.703725576400757 0.679426968097687 0.64872670173645 0.629745781421661 0.621736288070679 0.61065810918808 0.591853260993958 0.574904143810272 0.552191913127899 0.519383430480957 0.491422325372696 0.47004497051239 0.449591815471649 0.433147668838501 0.415441542863846 0.345891952514648
-9999 -9999 -9999 -9999 -9999 -9999 -9999 -9999 -9999 -9999 -9999 -9999 -9999 0.0512102469801903 0.155432060360909 0.107079297304153 0.0633288770914078 0.0389253534376621 0.0337545722723007 0.0247213654220104 0.0325892716646194 0.0703573599457741 0.161764442920685 0.274118155241013 0.358607023954391 0.435556709766388 0.454981654882431 0.452576667070389 0.470914393663406 0.501042723655701 0.536559164524078 0.564983487129211 0.593413233757019 0.628484189510345 0.659446060657501 0.698343455791473 0.727711975574493 0.753945112228394 0.748964786529541 0.737008512020111 0.721551954746246 0.701697409152985 0.673090636730194 0.649224579334259 0.629583656787872 0.608738124370575 0.594795227050781 0.581834077835083 0.564200401306152 0.540537714958191 0.516063868999481 0.500126123428345 0.486344397068024 0.47417825460434 0.399700552225113 0.33976212143898
-9999 -9999 -9999 -9999 -9999 -9999 -9999 -9999 -9999 -9999 -9999 -9999 -9999 0.112013950943947 0.142832726240158 0.0741907134652138 0.055171474814415 0.0302701108157635 0.0247313007712364 0.0218570102006197 0.0256570149213076 0.0202363841235638 0.072332851588726 0.152114555239677 0.198082074522972 0.324391841888428 0.368081361055374 0.382018893957138 0.407832860946655 0.451099574565887 0.474291026592255 0.502829730510712 0.542772054672241 0.586081326007843 0.620204865932465 0.668167531490326 0.705534756183624 0.741092383861542 0.761136293411255 0.749503016471863 0.736896514892578 0.719213247299194 0.696326434612274 0.669548511505127 0.638420820236206 0.601080060005188 0.597543001174927 0.591030657291412 0.578249990940094 0.560254514217377 0.539534032344818 0.529689252376556 0.521052002906799 0.458064168691635 0.391265273094177 0.336925387382507
-9999 -9999 -9999 -9999 -9999 -9999 -9999 -9999 -9999 -9999 -9999 -9999 -9999 -9999 0.132799163460732 0.113037534058094 0.0494279377162457 0.0327676646411419 0.026875913143158 0.0155340004712343 0.0170098505914211 0.0113204540684819 0.00926525052636862 0.0146845513954759 0.0419634468853474 0.101176425814629 0.160403415560722 0.260828584432602 0.327735751867294 0.355409115552902 0.398245573043823 0.434455037117004 0.444174140691757 0.479663014411926 0.550883054733276 0.599873721599579 0.642851412296295 0.695205450057983 0.749739766120911 0.757842540740967 0.74614953994751 0.731168806552887 0.713107585906982 0.688945233821869 0.65783828496933 0.62764173746109 0.61581289768219 0.612287580966949 0.58042323589325 0.555799663066864 0.533657968044281 0.518570363521576 0.4286028444767 0.383515894412994 0.372352629899979 0.328260958194733
-9999 -9999 -9999 -9999 -9999 -9999 -9999 -9999 -9999 -9999 -9999 -9999 -9999 -9999 0.106723226606846 0.0747542232275009 0.0441847145557404 0.0263519771397114 0.0208802968263626 0.0137473326176405 0.0124952998012304 0.00581835629418492 0.00421896483749151 0.00607044622302055 0.00894157961010933 0.0155840422958136 0.0213436670601368 0.0691360160708427 0.147352784872055 0.191804170608521 0.292399376630783 0.376748651266098 0.39514946937561 0.394834995269775 0.475334703922272 0.498961359262466 0.549313545227051 0.593731343746185 0.668777048587799 0.750925183296204 0.753608524799347 0.739309847354889 0.725610673427582 0.704518556594849 0.67713475227356 0.649152934551239 0.638473391532898 0.636336386203766 0.56596964597702 0.54950088262558 0.479350507259369 0.46009948849678 0.355802237987518 0.318200975656509 0.32930052280426 0.343246668577194
-9999 -9999 -9999 -9999 -9999 -9999 -9999 -9999 -9999 -9999 -9999 -9999 -9999 -9999 -9999 0.0714618563652039 0.0531504824757576 0.0314776599407196 0.0163937639445066 0.0114805912598968 0.00904655270278454 0.00531781977042556 0.00149361847434193 0.00154757418204099 0.00211411248892546 0.00295132328756154 0.00446737976744771 0.00453040888532996 0.00633013248443604 0.0405434928834438 0.158701524138451 0.273918896913528 0.360552877187729 0.339238464832306 0.396295517683029 0.443978726863861 0.494133174419403 0.525455236434937 0.585834324359894 0.650583386421204 0.725767135620117 0.742955267429352 0.734000980854034 0.718563795089722 0.696981132030487 0.675000846385956 0.65995728969574 0.651460587978363 0.638035237789154 0.625463128089905 0.593085289001465 0.519958019256592 0.410479724407196 0.359595626592636 0.341055542230606 0.29169762134552
-9999 -9999 -9999 -9999 -9999 -9999 -9999 -9999 -9999 -9999 -9999 -9999 -9999 -9999 -9999 0.196375906467438 0.073158398270607 0.0562028475105762 0.0251836683601141 0.0126218963414431 0.00948789063841105 0.00817354954779148 0.0022096608299762 0.00112815573811531 0.00102296739351004 0.000597662234213203 0.00113202340435237 0.00149683235213161 0.0034972345456481 0.00602063070982695 0.0543378069996834 0.127674654126167 0.270363509654999 0.377474933862686 0.391399413347244 0.432329177856445 0.451553732156754 0.46649694442749 0.490760147571564 0.515626311302185 0.577228367328644 0.707920610904694 0.744772553443909 0.674261748790741 0.687860012054443 0.694280385971069 0.675318002700806 0.657551944255829 0.641755938529968 0.631424009799957 0.582208693027496 0.522519052028656 0.454936802387238 0.412918418645859 0.370149224996567 0.337759673595428
-9999 -9999 -9999 -9999 -9999 -9999 -9999 -9999 -9999 -9999 -9999 -9999 -9999 -9999 -9999 0.175483167171478 0.0721468925476074 0.0604037716984749 0.033586423844099 0.0207551065832376 0.0137155633419752 0.0119463726878166 0.0112451696768403 0.00599936675280333 0.0038274466060102 0.00195041461847723 0.0013980467338115 0.00121155299711972 0.00176197220571339 0.00469402642920613 0.0156648941338062 0.0490940622985363 0.158960148692131 0.338256269693375 0.446035742759705 0.456828713417053 0.463640242815018 0.431644856929779 0.417148530483246 0.396498292684555 0.421470284461975 0.600948631763458 0.71136599779129 0.623962879180908 0.603633999824524 0.672490119934082 0.688567578792572 0.666428327560425 0.650763928890228 0.641511917114258 0.583690226078033 0.5317542552948 0.476570636034012 0.439070194959641 0.402945816516876 0.366625934839249
-9999 -9999 -9999 -9999 -9999 -9999 -9999 -9999 -9999 -9999 -9999 -9999 -9999 -9999 -9999 -9999 0.257312148809433 0.0520452596247196 0.0459879487752914 0.0357569828629494 0.0234580766409636 0.0187122635543346 0.0248276237398386 0.0215362403541803 0.0166145991533995 0.0148945990949869 0.00898358877748251 0.00499416794627905 0.00344747817143798 0.00386635237373412 0.00919360108673573 0.0214050617069006 0.0680449679493904 0.193270459771156 0.355524808168411 0.481065481901169 0.543179869651794 0.508918583393097 0.49957463145256 0.469753861427307 0.441606760025024 0.640791952610016 0.70168137550354 0.527273714542389 0.552472591400146 0.653042614459991 0.710462689399719 0.689345359802246 0.674677550792694 0.662988245487213 0.612208604812622 0.570148289203644 0.511317849159241 0.46942526102066 0.423929214477539 0.386802554130554
-9999 -9999 -9999 -9999 -9999 -9999 -9999 -9999 -9999 -9999 -9999 -9999 -9999 -9999 -9999 -9999 -9999 0.24074225127697 0.0796489045023918 0.0396999642252922 0.034285232424736 0.0248865056782961 0.0178847052156925 0.0145402634516358 0.0157764907926321 0.0157288294285536 0.0108441840857267 0.00735558941960335 0.00482406374067068 0.00397285213693976 0.00497424090281129 0.00981959607452154 0.0237773526459932 0.0668658092617989 0.183997079730034 0.376404404640198 0.489486485719681 0.563867926597595 0.609859347343445 0.641244769096375 0.666076600551605 0.676969528198242 0.629492044448853 0.555746793746948 0.631626546382904 0.726209282875061 0.731123983860016 0.719701051712036 0.707644164562225 0.695002853870392 0.644518911838531 0.591187119483948 0.544518649578094 0.502499401569366 0.444403320550919 0.392186909914017
-9999 -9999 -9999 -9999 -9999 -9999 -9999 -9999 -9999 -9999 -9999 -9999 -9999 -9999 -9999 -9999 -9999 -9999 -9999 0.0601157397031784 0.0436701774597168 0.0288506522774696 0.021584291011095 0.0138931404799223 0.0117691988125443 0.0174548178911209 0.0156189976260066 0.0110974116250873 0.00733578857034445 0.00542323850095272 0.00373057392425835 0.00526761263608932 0.00994912534952164 0.0249899625778198 0.0644485503435135 0.186031937599182 0.331637114286423 0.478465884923935 0.559029459953308 0.603419482707977 0.513136446475983 0.625612616539001 0.616853594779968 0.643251001834869 0.695399522781372 0.708187282085419 0.722078323364258 0.731839716434479 0.726594269275665 0.712433397769928 0.669473707675934 0.602225542068481 0.515189528465271 0.477371424436569 0.467074662446976 0.414043217897415
-9999 -9999 -9999 -9999 -9999 -9999 -9999 -9999 -9999 -9999 -9999 -9999 -9999 -9999 -9999 -9999 -9999 -9999 -9999 -9999 -9999 0.0637030750513077 0.023775476962328 0.0176040753722191 0.0130438040941954 0.0111657818779349 0.0145849287509918 0.0178263876587152 0.0138290524482727 0.00722585711628199 0.00495034083724022 0.00374224781990051 0.00350064737722278 0.00695398263633251 0.0216309912502766 0.0551960654556751 0.143182128667831 0.318537533283234 0.461375027894974 0.525191783905029 0.585904240608215 0.627277255058289 0.648422420024872 0.666473388671875 0.68342387676239 0.694443225860596 0.71075052022934 0.724506974220276 0.732543885707855 0.719371736049652 0.671293139457703 0.589021861553192 0.517002880573273 0.484606325626373 0.465786397457123 0.455113381147385
-9999 -9999 -9999 -9999 -9999 -9999 -9999 -9999 -9999 -9999 -9999 -9999 -9999 -9999 -9999 -9999 -9999 -9999 -9999 -9999 -9999 -9999 -9999 0.066401295363903 0.0314482152462006 0.0168913789093494 0.0129941031336784 0.0151214757934213 0.0158495027571917 0.012721223756671 0.00851286854594946 0.00555083435028791 0.00361289945431054 0.00436126301065087 0.00888109859079123 0.0194498505443335 0.053353525698185 0.140216171741486 0.273265272378922 0.417475461959839 0.548226296901703 0.621767222881317 0.660438179969788 0.675498068332672 0.673376202583313 0.685519218444824 0.704801559448242 0.715174317359924 0.727299749851227 0.721211373806 0.672502756118774 0.627095699310303 0.551346242427826 0.506113708019257 0.489660650491714 0.496168941259384
-9999 -9999 -9999 -9999 -9999 -9999 -9999 -9999 -9999 -9999 -9999 -9999 -9999 -9999 -9999 -9999 -9999 -9999 -9999 -9999 -9999 -9999 -9999 -9999 -9999 0.0293763447552919 0.0203129313886166 0.019465334713459 0.0154627515003085 0.0195570327341557 0.0223519280552864 0.0145229501649737 0.00947004836052656 0.00735679548233747 0.00667062774300575 0.00691584870219231 0.0232039336115122 0.0590503141283989 0.145414158701897 0.305299818515778 0.498948603868484 0.612564742565155 0.678359746932983 0.704893946647644 0.706003367900848 0.700302243232727 0.694127202033997 0.703178405761719 0.71379017829895 0.722050487995148 0.671367704868317 0.628170013427734 0.603195190429688 0.548399209976196 0.486919581890106 0.465399712324142
-9999 -9999 -9999 -9999 -9999 -9999 -9999 -9999 -9999 -9999 -9999 -9999 -9999 -9999 -9999 -9999 -9999 -9999 -9999 -9999 -9999 -9999 -9999 -9999 -9999 0.0817712619900703 0.0331535488367081 0.0315519124269485 0.0282298382371664 0.0247222892940044 0.0289362780749798 0.0287381932139397 0.0227687060832977 0.0171588212251663 0.0106252357363701 0.00970934424549341 0.0182880703359842 0.0313284583389759 0.0919342562556267 0.204449415206909 0.411009132862091 0.581828117370605 0.707575976848602 0.734071791172028 0.737900733947754 0.730133950710297 0.716620743274689 0.711170613765717 0.708485066890717 0.720241248607635 0.683885335922241 0.637159407138824 0.604529321193695 0.574336647987366 0.542584776878357 0.497013032436371
-9999 -9999 -9999 -9999 -9999 -9999 -9999 -9999 -9999 -9999 -9999 -9999 -9999 -9999 -9999 -9999 -9999 -9999 -9999 -9999 -9999 -9999 -9999 -9999 -9999 -9999 -9999 0.0406956598162651 0.0397815890610218 0.0381703339517117 0.00412192195653915 0.015998262912035 0.0439129434525967 0.0358164981007576 0.0227600708603859 0.0157859474420547 0.0164248589426279 0.0300827566534281 0.0742963403463364 0.170294165611267 0.330243587493896 0.559848487377167 0.695747792720795 0.716210842132568 0.728336930274963 0.726412236690521 0.727843225002289 0.719314634799957 0.712387323379517 0.725241780281067 0.699038326740265 0.646547496318817 0.606562972068787 0.574350237846375 0.545396208763123 0.535808086395264
-9999 -9999 -9999 -9999 -9999 -9999 -9999 -9999 -9999 -9999 -9999 -9999 -9999 -9999 -9999 -9999 -9999 -9999 -9999 -9999 -9999 -9999 -9999 -9999 -9999 -9999 -9999 0.0562642775475979 0.041467797011137 0.0553423687815666 0.00771690253168344 0.0153732504695654 0.0738776847720146 0.0667816922068596 0.0470692552626133 0.0302613507956266 0.0207376908510923 0.0227174796164036 0.0532887130975723 0.151558086276054 0.343593508005142 0.538112699985504 0.672881543636322 0.730106174945831 0.73036253452301 0.721266865730286 0.723996877670288 0.729455828666687 0.733728766441345 0.730168342590332 0.690625786781311 0.638505876064301 0.591871917247772 0.566081762313843 0.561809182167053 0.577343463897705
-9999 -9999 -9999 -9999 -9999 -9999 -9999 -9999 -9999 -9999 -9999 -9999 -9999 -9999 -9999 -9999 -9999 -9999 -9999 -9999 -9999 -9999 -9999 -9999 -9999 -9999 -9999 -9999 0.0490240640938282 0.0772915184497833 0.0804480090737343 0.10236643999815 0.0989126488566399 0.086722269654274 0.0799099579453468 0.0527517236769199 0.0284528583288193 0.0190468188375235 0.0379673764109612 0.131957948207855 0.310769647359848 0.523758471012115 0.633229672908783 0.695804476737976 0.74024897813797 0.71468859910965 0.72187614440918 0.728169977664948 0.732793390750885 0.71140992641449 0.651160359382629 0.624565601348877 0.567502796649933 0.555004477500916 0.589496552944183 0.62930566072464
-9999 -9999 -9999 -9999 -9999 -9999 -9999 -9999 -9999 -9999 -9999 -9999 -9999 -9999 -9999 -9999 -9999 -9999 -9999 -9999 -9999 -9999 -9999 -9999 -9999 -9999 -9999 -9999 0.0450253374874592 0.0916542485356331 0.131915554404259 0.118489757180214 0.0729084089398384 0.0639788657426834 0.0740984603762627 0.0682311356067657 0.0324843935668468 0.0194258186966181 0.0295948889106512 0.115243285894394 0.293354541063309 0.491239488124847 0.524243116378784 0.656827569007874 0.744795620441437 0.741631269454956 0.732847511768341 0.695250868797302 0.670607268810272 0.690591871738434 0.660212814807892 0.637446761131287 0.576894164085388 0.584953308105469 0.642180681228638 0.636190116405487
-9999 -9999 -9999 -9999 -9999 -9999 -9999 -9999 -9999 -9999 -9999 -9999 -9999 -9999 -9999 -9999 -9999 -9999 -9999 -9999 -9999 -9999 -9999 -9999 -9999 -9999 -9999 -9999 0.0376576967537403 0.0958051458001137 0.0997098833322525 0.10455098003149 0.0508287437260151 0.0449166372418404 0.0639464482665062 0.0689996257424355 0.0332389250397682 0.0152887254953384 0.0214923117309809 0.105056077241898 0.182065978646278 0.254581570625305 0.293443739414215 0.371819078922272 0.470035970211029 0.53298145532608 0.74153059720993 0.657992899417877 0.626165390014648 0.680329740047455 0.680425405502319 0.660427510738373 0.597164571285248 0.624568939208984 0.653747320175171 0.636902928352356
-9999 -9999 -9999 -9999 -9999 -9999 -9999 -9999 -9999 -9999 -9999 -9999 -9999 -9999 -9999 -9999 -9999 -9999 -9999 -9999 -9999 -9999 -9999 -9999 -9999 -9999 -9999 -9999 0.0353844277560711 0.0828361958265305 0.169590070843697 0.0847838595509529 0.0492505766451359 0.0440736785531044 0.0576096847653389 0.0594005137681961 0.0258954185992479 0.0134855741634965 0.0217633582651615 0.10533119738102 0.100433073937893 0.131600186228752 0.199077576398849 0.270949184894562 0.285527497529984 0.290866255760193 0.629553020000458 0.736818253993988 0.699461102485657 0.691256821155548 0.684850752353668 0.670891404151917 0.663791120052338 0.665919363498688 0.65222030878067 0.638314545154572
-9999 -9999 -9999 -9999 -9999 -9999 -9999 -9999 -9999 -9999 -9999 -9999 -9999 -9999 -9999 -9999 -9999 -9999 -9999 -9999 -9999 -9999 -9999 -9999 -9999 -9999 -9999 -9999 0.0342701263725758 0.0763124972581863 0.167500108480453 0.0678795054554939 0.0484695956110954 0.0459773950278759 0.059276532381773 0.0551984272897243 0.0228181891143322 0.0115469470620155 0.0236983876675367 0.0938207656145096 0.060529999434948 0.112940810620785 0.204135552048683 0.270505219697952 0.276390939950943 0.274612784385681 0.417868137359619 0.732477486133575 0.730093896389008 0.697436392307281 0.65088427066803 0.680257678031921 0.679772615432739 0.669015288352966 0.653250396251678 0.620521366596222
