meets/meet004/_saidas_enm/CCSM_SVM_0k_Aralia_warmingiana1.asc
NCOLS 154 
NROWS 168 
XLLCORNER -112 
YLLCORNER -55.5 
CELLSIZE 0.5 
NODATA_value -9999 
[rows 50 to 74 of 168, columns 56 to 111 of 154]
-9999 -9999 -9999 -9999 -9999 -9999 -9999 -9999 -9999 -9999 -9999 -9999 -9999 0.0982893898729631 0.0977265046720338 0.0906216786661148 0.072864999288223 0.038980154323806 0.00670445005648918 -0.011687171333682 -0.0330969572712168 -0.0563548605917495 -0.0588360464526891 -0.0347302283234192 0.0129701879073637 0.0443948882223998 0.0618218798524647 0.0720857157207761 0.0754738932605951 0.0821635718612616 0.0872144594406747 0.0821137285724175 0.0748562702038124 0.0690084058117801 0.01639495539578 -0.000505456882077537 0.097387748411503 0.215177773708889 0.314149502846653 0.340611060461418 0.345147956437867 0.347923678914276 0.296418683535091 0.1579481116279 -0.0370054058960575 -0.151598137467014 -0.16104685504303 -0.167644312089508 -0.170639710370692 -0.162784938099862 -0.144434588216418 -0.115180791096047 -0.0395230298025308 0.0667055100164972 0.142121659441013 0.21770944698387
-9999 -9999 -9999 -9999 -9999 -9999 -9999 -9999 -9999 -9999 -9999 -9999 -9999 0.0956603253277665 0.0893479689085674 0.0751948241135713 0.0574954344233197 0.037855655762397 0.0186975296625085 0.00650719405319178 -0.000948267440532891 0.00212181125290378 0.00491283736987297 0.0234993342279831 0.0419339509374103 0.0504713049153906 0.0534147922188546 0.0623442920550985 0.07627807008725 0.0880520537383919 0.0918612206369821 0.0886413021009236 0.0793251641545705 0.0706815338288262 0.0505734294875061 -0.0289739314100559 0.00127306345052031 0.169613775262447 0.219878392211508 0.275330831021338 0.303969266019061 0.274790816646009 0.219757889971129 0.114487416877496 -0.0163418313102686 -0.0897550882522208 -0.121548948185805 -0.110372869839962 -0.140169746485212 -0.162831258185684 -0.149592909278485 -0.107829273388705 -0.0139640583261048 0.0932796152475055 0.169427137335918 0.246859279685051
-9999 -9999 -9999 -9999 -9999 -9999 -9999 -9999 -9999 -9999 -9999 0.0959588979967768 0.0860748778640089 0.0755050820792119 0.0716184940805289 0.0636858246836871 0.0528435393475387 0.0429681034026055 0.0301501966484606 0.0324555476469985 0.0344847534009683 0.0427626710092461 0.0486782221507484 0.050734540264648 0.0508918048304428 0.0539218512644414 0.0658831629940966 0.0803077715600578 0.0906019646497875 0.0956055228605087 0.0967268908068099 0.094049648582853 0.0843245866812876 0.0692052504775503 0.0591140512745099 -0.00316631049587568 -0.0684612734695618 0.0159229334975681 0.12561397215242 0.149637581179873 0.235888798237569 0.191111016222989 0.157179414347047 0.0933024411455796 0.015954632874798 -0.00454210531230836 -0.0798067413461286 -0.0584195133643306 -0.114379794435009 -0.156286247212364 -0.129969833709268 -0.0542515576767886 0.0339381362675521 0.124791094836092 0.219993332876547 0.343256456527933
-9999 -9999 -9999 -9999 -9999 -9999 -9999 -9999 -9999 -9999 0.0955703862217364 0.0836605393017406 0.0662761217816717 0.0572904214549881 0.0574130084391648 0.0651936293390486 0.0632246582160453 0.0510232609400081 0.0475802429471027 0.0517105433383461 0.0541620523102923 0.0548715033664712 0.0545284037975075 0.0560063934954447 0.0617427742284744 0.0726171607326932 0.0852066555423681 0.0934120703073997 0.0967252379445717 0.0976914558806549 0.0977740199109114 0.0961149934957287 0.0869181743476832 0.0671776036282046 0.0593458525568592 0.0170215976042892 -0.0723743674662163 -0.108435124260115 -0.0638290232945309 -0.0277195037724502 0.0463208632740393 0.0552630022443643 0.0531053949433495 0.0121439965283689 -0.0706199035028259 -0.108153712273414 -0.152638327395544 -0.158687202319373 -0.151004529529659 -0.116502367288512 -0.0419478555083707 0.0451185130892419 0.095867658192457 0.17515880544877 0.315070185693636 0.490908398912704
-9999 -9999 -9999 -9999 -9999 -9999 -9999 -9999 -9999 -9999 0.0760045180017337 0.0537499776552879 0.0486486430698206 0.0503955557982782 0.0590785678040581 0.0686404972287797 0.071349320959606 0.0656174524523521 0.0612350641022183 0.0615790814641807 0.0620640994929834 0.0625977765671769 0.0671324042884209 0.0731716773804897 0.0825314698475676 0.0903266669337084 0.0955283441687357 0.0975103989813689 0.0976814553525017 0.0973956913634795 0.0977413920914468 0.0968682902949162 0.0892886149673397 0.0676343873669321 0.0558329143704097 0.0334192340526123 -0.0336431568879734 -0.110549187165117 -0.140511485235139 -0.138101248977613 -0.106786091209387 -0.0952619200894202 -0.0906881082982122 -0.11470280327937 -0.154359782626993 -0.165507345471026 -0.137608112533487 -0.108743066286494 -0.0623875529450094 0.00532800660510097 0.113672587531011 0.14592056984137 0.146460222202656 0.186306203708608 0.352657317218028 0.566014303008901
-9999 -9999 -9999 -9999 -9999 -9999 -9999 -9999 0.0898272647398451 0.0614840526930688 0.0512352561763265 0.0373523295768597 0.038384639519 0.0550580474800498 0.0596984734407782 0.064017255358401 0.0694931078058247 0.0735302386333164 0.0736781473734255 0.07321933125183 0.0744005210580778 0.078395757103537 0.0816491573240284 0.0872037870088422 0.093425285784801 0.093921157544071 0.0943243213913669 0.0935457380768969 0.0935760393760826 0.0941636115338556 0.093734803759063 0.0927435399534022 0.0902874744350694 0.0703302195721392 0.0538248664330151 0.0481791356102692 0.0113717860585872 -0.0471212692229054 -0.0959582443467362 -0.124617260771357 -0.137675893005247 -0.144861778140958 -0.145043341593641 -0.13658898918627 -0.108676133006119 -0.101486050732334 -0.073911619288756 -0.0288221033976149 0.0185336204921173 0.0908364422937324 0.133180905627432 0.144270448961172 0.132165001163866 0.15004087203016 0.313668619081544 0.524800607940952
-9999 -9999 -9999 -9999 -9999 -9999 -9999 -9999 0.067422509859 0.0592748817967392 0.205839485939067 0.0842285549005656 0.0436365024443818 0.0598815186266785 0.0605898295560977 0.0606877368412165 0.0616133736102169 0.072339746561199 0.0758473719773344 0.0764220465385237 0.0789214642468045 0.0802547632792965 0.0819769062139185 0.0810034300752611 0.0814391631469814 0.0817354464758164 0.0815452318885193 0.0825901271999753 0.0822008646566077 0.0808247181357011 0.0795619422871238 0.078448298965115 0.0776454191371259 0.075845776143494 0.055265934315109 0.0530021367332824 0.0475709926048412 0.0227716990855954 -0.00379646365326891 -0.0159865537049027 -0.017181672585269 -0.00857213830114434 -0.00605390588556265 -0.0196631706183779 -0.0183313210503291 -0.00808583651299699 0.0178004277795228 0.0430915778248964 0.0696367105964931 0.0820693232214246 0.0911022098230002 0.0938504045738665 0.095655268205418 0.125029245791887 0.262614101734944 0.45239075847474
-9999 -9999 -9999 -9999 -9999 -9999 -9999 0.0828899568761325 0.0570301672967723 0.134961160854049 0.488953293951006 0.244258986670817 0.0731817718239161 0.0624498790994531 0.0588921077651143 0.0573319872596302 0.0573253378375339 0.0650795531175755 0.0648841908638662 0.0637602439422337 0.0650573861172125 0.0647576250681188 0.0653039250216399 0.0646741766323433 0.0653212808675229 0.0668106773007731 0.0659793224484232 0.0644426231238487 0.064320138119674 0.0646226433008923 0.0652344034338611 0.0642073960008001 0.0633407056292181 0.0620872692409783 0.0602624127285709 0.0522385683198387 0.055074953177631 0.0569882170571506 0.0538722422506589 0.0534068497660244 0.0495743240882037 0.0466765478245437 0.0425827965925382 0.0379411938533656 0.0398464798271979 0.0450875227502237 0.0489996510450477 0.0509790521640605 0.0512416457139749 0.0512142875576689 0.0528222770064432 0.0552032292269719 0.0653695820853697 0.104709558111708 0.227719279015956 0.394911806333579
-9999 -9999 -9999 -9999 -9999 -9999 -9999 0.0736709732365204 0.0593617196004951 0.292332515079077 0.676660601951334 0.355863409414004 0.0621955618156356 0.0503503782620384 0.0549635355866629 0.0537950601666449 0.0561773665459462 0.0595848145627894 0.0586912874123054 0.055400281389149 0.0531172345523849 0.052363667016085 0.0524686568753045 0.0512970459026268 0.0503849629684373 0.0508145474191922 0.0504476788973294 0.0511629918852763 0.0511447497065858 0.0508012452563539 0.051454651367036 0.0518802025769741 0.052439006210007 0.0529829850274912 0.0536887194127323 0.0562043075445913 0.0514828679782653 0.051438300014837 0.0522649841720501 0.0525282862538399 0.0511669996491897 0.0494204772201803 0.0482700292395824 0.0484700591147847 0.0507938835596629 0.0534681732797195 0.0572719384878082 0.0576363563280399 0.0569046465875872 0.0535519717753442 0.0516080085030181 0.0503067436097411 0.0546143335819343 0.0842854170415464 0.174670882683919 0.313373854012215
-9999 -9999 -9999 -9999 -9999 -9999 0.0832660269196866 0.0513391285822361 0.0920014963904293 0.443331683481971 0.806947955139745 0.346612912408315 0.00927117448945713 0.051423225048692 0.0527709295679629 0.0521049102651963 0.0536002229050132 0.056092412250084 0.055043822520322 0.0524049879274233 0.0498253352874907 0.0481988508807971 0.0472548905693356 0.0466783264406988 0.046417351276171 0.0465705037877159 0.0462756775640639 0.0460594915741782 0.0461837577848439 0.046630837919573 0.0472499083802533 0.0477349122976138 0.0481790736897753 0.0485373469980209 0.048827931055791 0.0491702099384934 0.050339630871849 0.0512558447936856 0.0525751838369627 0.053937916258713 0.0546067059094308 0.0551711696591719 0.0543528671762604 0.0529333341875212 0.0535143609638419 0.0548282634865359 0.05600528069489 0.0572023474838835 0.0577376106734593 0.0570649410083958 0.0577605641591032 0.0582109859785241 0.0666223798693182 0.0781024109319007 0.133399886717196 0.227315422138175
-9999 -9999 -9999 -9999 -9999 -9999 0.0494194861545339 0.00579854608029634 0.124309027920481 0.450574957320751 0.672024169074575 0.223638558478798 -0.00827438195017172 0.0362840429034441 0.038937720032367 0.0403616593683453 0.044242571213962 0.0476097561145735 0.0457012611299236 0.0443001909472542 0.0441992380933336 0.043448030189083 0.0429075015072125 0.0421367962099893 0.0423316376507845 0.0434330340676178 0.042856557944746 0.042527093736948 0.0425977658370195 0.0431046580387059 0.044117647231752 0.0448076977793341 0.0455407132754549 0.0460972512322192 0.0465900942570646 0.0465772982296997 0.0467483517445931 0.0471129108918349 0.0475035815285478 0.048227990474527 0.0492169911238213 0.0495879362609885 0.0503799831640599 0.0531191181601816 0.0576387074785075 0.0625445049878043 0.0658219196610775 0.0678605868797882 0.0694010576739736 0.0716944540097512 0.0741627628892281 0.0797613535319651 0.0873655414733049 0.092369811212837 0.101998431457432 0.145432474934396
-9999 -9999 -9999 -9999 -9999 -9999 0.0225833350083022 -0.031912862338877 0.136635125217169 0.440274278637289 0.541777738976558 0.15188382678476 -0.0347335943482643 0.014012918020761 0.0188980091066633 0.0264737172955645 0.0263795994146543 0.0283940986047568 0.0247685983669644 0.0260438407916688 0.029355980220968 0.0287218142403322 0.0275218221510422 0.0257166314464886 0.0277920763516665 0.0285025138733056 0.0298566363990517 0.0294084113654922 0.0301485565235971 0.0332130177610246 0.0340671230825312 0.036942214627451 0.0384904541952613 0.0402330024342168 0.0420918566369802 0.0430910012403647 0.0434720721623456 0.0436030405913999 0.0439829201801907 0.0451062059914393 0.0467033824935155 0.0502035166652295 0.0549407363482457 0.0610461074340478 0.0671101410080482 0.0735230350380163 0.0767045779762103 0.0808478238995021 0.0839034507591536 0.0871433182291541 0.093365215042029 0.0954500729963353 0.0948231185312257 0.096503512712987 0.104123497394689 0.105293940701897
-9999 -9999 -9999 -9999 -9999 -9999 -9999 -0.0672486561824366 0.10985696567814 0.435789587855469 0.499907986345485 0.177478083685016 -0.0575978886158337 -0.022894217613125 -0.0130996048891098 -0.0032577621504048 -0.00252895360167116 -0.00240380801667966 -0.00639453855701932 -0.00864510498629911 -0.00604913144770913 -0.00572113963864707 -0.00400029376006839 -0.00546240618698701 -0.00776209894587021 -0.00603515828936185 -0.00494289495230349 2.38533892248372e-05 0.00502612058594254 0.00969940875515912 0.0137480538329116 0.0166224710905182 0.0209603193613516 0.0232745800889968 0.0246752239823019 0.0271489370485034 0.0275803691686433 0.02921176013329 0.0318511991651537 0.0361557938146162 0.0472064910879473 0.0582615464876801 0.070581820955314 0.0821925991117182 0.0910527109081709 0.0964820520995111 0.102859750477154 0.106446806526209 0.110997256068133 0.118668953458724 0.123136112050604 0.123258232688062 0.109353657195506 0.0926487249099253 0.10156270183533 0.0985180872224539
-9999 -9999 -9999 -9999 -9999 -9999 -9999 -9999 0.0777266583225468 0.392708971815447 0.623020236374898 0.20700486034243 -0.0696473310989164 -0.0389884473569873 -0.0333253483823703 -0.0265156112733705 -0.0317308756859659 -0.0319355428060191 -0.0339382067282824 -0.0359615211677535 -0.0331344912678304 -0.030249092108237 -0.0262491693141477 -0.0252426422876666 -0.0292929833742283 -0.0328557669860162 -0.0241705349725471 -0.0148624983568379 -0.00269236681201712 0.0120906232267303 0.0134651425945723 0.0136863728380719 0.013241281630206 0.0151989540676836 0.0180614124617552 0.021721519105428 0.0219185621630876 0.0229195173893705 0.0282787265377283 0.0445197470828324 0.0681110565381586 0.0901631188781296 0.112209740183338 0.113150091419289 0.107761522912242 0.0996141042534723 0.0951534200059343 0.0872263279435737 0.0844637545078696 0.0898576189628462 0.088204809659691 0.0983827647276728 0.0985711187728261 0.0938751225312287 0.100362453767916 0.0966220820298584
-9999 -9999 -9999 -9999 -9999 -9999 -0.0870398307849681 -0.07420541809892 0.129293827688627 0.336672517453633 0.449041423865735 0.152243036398446 -0.0751685337781378 -0.0594565161047296 -0.0552940201923218 -0.0500198605696439 -0.053865476900736 -0.0559254731136706 -0.0554354822816433 -0.0549780147275289 -0.0505288534897447 -0.0445553481229621 -0.0385778993548462 -0.0302119651035726 -0.0233514627955254 -0.0133331867780792 0.00366998803490032 0.0227459927337168 0.043744227876866 0.0631509591281006 0.0694122961567428 0.0601547001454974 0.0507853007176064 0.0467053660150307 0.0422213442879043 0.0434093023451819 0.0467457098889772 0.0529436886497883 0.0579206818059516 0.0731720086175302 0.0901215382977591 0.0987541160547862 0.0969970010312428 0.0915728136322704 0.0844810821833931 0.0750187343995661 0.0680571232209214 0.0603270421245963 0.0572334578472438 0.061938072610939 0.0674014195931073 0.0776157737726897 0.0847051818989895 0.082948547125887 0.0792288235371169 0.0550463959724817
-9999 -9999 -9999 -9999 -9999 -0.0119163420646603 -0.0894183354711564 -0.0173227526260891 0.147256285652918 0.332882698421542 0.39712634810665 0.110612648693083 -0.07367562656202 -0.0622529927915948 -0.0365839038785972 -0.021233599347961 -0.0452175561216567 -0.0584737391053112 -0.0615888771101418 -0.0437492442817917 -0.030084167312536 -0.0154376278090693 -0.0187715466382984 0.00210585611736325 0.0445591047943367 0.0881344966239842 0.115797168390127 0.144632260569924 0.172544282639696 0.186647622818429 0.191638200457188 0.193818259811668 0.177497259722174 0.161189818175982 0.1379894881736 0.114268627957464 0.116353222731888 0.105788193491162 0.0872145050003857 0.0780348938979318 0.0832881925568104 0.0882503695186447 0.0770651488233524 0.0688507784635966 0.060710290508029 0.0498394609919142 0.0464558716740675 0.0390095815371031 0.0365830943735724 0.0431380806204963 0.0489435588586899 0.059440684219581 0.0730513105480789 0.0717455516062455 0.0596722323570441 0.0119072813668116
-9999 -9999 -9999 -9999 -9999 -0.049162526414231 -0.0647342082983999 0.0418883697470927 0.202032903408572 0.311795864585279 0.264592858224609 0.0910171153656753 -0.0101788615065841 0.000227377047231636 0.0107131827069931 0.0143942611358012 -0.018113836420949 -0.0229755667953773 -0.015480028033344 0.0131975199818921 0.0491802601688769 0.0679117934926776 0.0805383240044337 0.119156185230039 0.1748489974175 0.230318768905911 0.276414578821234 0.310654501638651 0.344294444520192 0.365848106227535 0.373613806622784 0.363365500735061 0.336885989074996 0.308035727769567 0.264886099758959 0.225742093977603 0.205984139463671 0.178956014235254 0.142462343127795 0.106368088239943 0.100543773756052 0.0938445694165888 0.077878283152028 0.0648044022800082 0.0552098905635613 0.044240448347099 0.0392796690939943 0.034213196449873 0.0327394281863219 0.0369323224991148 0.0409306144512838 0.050253824211751 0.0567400870678499 0.0572919478153541 0.0527297554895536 0.0309063552818236
-9999 -9999 -9999 -9999 -9999 -9999 0.0251301428789463 0.145475430706602 0.300304249840006 0.222965054883069 0.231256254420748 0.116717624140789 0.0455970841393887 0.0678150685972984 0.0535417809577484 0.0705988647426847 0.0119952665637766 0.0437589407586604 0.0788456890223731 0.125214974407135 0.194553208537346 0.195345172967183 0.221426421000059 0.274458286935278 0.334220395269064 0.392382485477202 0.440832681733706 0.477598429656813 0.512526511198042 0.537370840522012 0.550987177152294 0.534031564188627 0.50453320060869 0.472699504219762 0.419827739588007 0.365050839442731 0.334499507311926 0.286902265322824 0.232181559097925 0.169637496821208 0.133595036591068 0.123482515577736 0.0988683142369738 0.0809656822204085 0.0678767467399948 0.0520297186381684 0.0499599081827309 0.0445810845590929 0.0423322357588939 0.0444886751799877 0.0422829797056601 0.0493965572500322 0.050371406058517 0.0478917698579448 0.0492328284767038 0.037737848450666
-9999 -9999 -9999 -9999 -9999 -9999 -0.0202346585298411 0.221377373634438 0.271324078957657 0.261272098323686 0.23688907973665 0.154044130120743 0.035652535004667 -0.00224363146390977 0.00600018618141185 0.00232280050425127 0.0353431818868672 0.113721727963178 0.164337557351019 0.221201816347564 0.31791762050309 0.34633509639108 0.369593107991668 0.408514573980105 0.462873006739671 0.522340851101372 0.560657159265049 0.590966563255419 0.617406551981572 0.637005071707528 0.649941657681174 0.642826147118906 0.622216573835042 0.597588227447873 0.557767162150361 0.509219833175966 0.465792977354718 0.409605030041291 0.342762270535029 0.269604997790939 0.203622768295204 0.179794627854652 0.150669884230542 0.126722303963071 0.109365194352795 0.0928456649306472 0.0841236823325994 0.0764952852016071 0.0711957853368247 0.0668057495502595 0.0629702419281286 0.0621104568028735 0.0567400025816077 0.050044436204312 0.0407535594285523 0.0260325112615303
-9999 -9999 -9999 -9999 -9999 -9999 -0.0803291930632576 0.14095708226292 0.249676219858924 0.242574896049595 0.280393650148149 0.167311233649715 0.0374219863860386 0.00379382609974416 -0.00909041528994448 -0.0103926522011091 0.0211185883375354 0.126659056744986 0.188013937799448 0.255836501920974 0.406336426019621 0.455040302815392 0.463225845678774 0.49080200248695 0.546891214382402 0.605368355624777 0.630996067874662 0.634127618112912 0.649351028881642 0.677811063392173 0.69967106302706 0.703528715808915 0.685577342812252 0.675446898602494 0.657901808808231 0.617752357887983 0.583257509806441 0.519826821788618 0.456205975833621 0.389380540076409 0.309296059476358 0.270987903005106 0.230325154407435 0.200463214135999 0.18025705778878 0.154363362669149 0.141425087540281 0.124378499835835 0.110827493769591 0.0971049997450029 0.0853799914165745 0.0792095105393409 0.0675276772192905 0.0514311513802717 0.0316152236329942 0.0108706639627725
-9999 -9999 -9999 -9999 -9999 -9999 -9999 -9999 -0.0256682521549206 0.193419072314835 0.380830449006842 0.197883010284179 0.0152915216462796 0.0189936077453521 0.0226412779670758 0.0289162915023455 0.02951940181273 0.0702128480319641 0.131979648585641 0.269778865836104 0.469455339746042 0.505951375449423 0.477996577632712 0.49850179534564 0.561157676902071 0.623855038469922 0.629973839660952 0.614569022002119 0.617578677654411 0.644547003241324 0.672428442091101 0.671173629931658 0.65886258874048 0.659814334396339 0.664410864323915 0.657238222474349 0.626720953300932 0.5848900863294 0.537574411829456 0.4827860554235 0.425297166069945 0.371469453323792 0.327099331988397 0.292164494231624 0.260942817918791 0.23289522768916 0.20704678892264 0.183007155886541 0.160111082869585 0.135424284768466 0.116509120981676 0.101080082074691 0.0825047070901503 0.061212092534513 0.0338628571925322 0.00823894488634425
-9999 -9999 -9999 -9999 -9999 -9999 -9999 -9999 -0.0695704545002971 0.188333249770475 0.43368657690107 0.180500729243739 -0.00976413359416006 0.0189767904050743 0.0391592354997687 0.0603195767825012 0.0582611104492087 0.0820490838323988 0.128440259963073 0.298051147948722 0.508642219263618 0.529448073182559 0.499907075598497 0.508524669672905 0.550681558695033 0.607490544466094 0.603439636499485 0.572791077786072 0.565504389586418 0.585970962139201 0.600062759334172 0.59253560049161 0.568785147897714 0.573030808285643 0.599591686777816 0.613017484198803 0.606930060313484 0.585615245653646 0.56497954772369 0.5392321122669 0.501468228071122 0.464626942102789 0.421538805512785 0.383161382787683 0.349722110374768 0.314024615649922 0.280888627887718 0.24279695411519 0.204784387294411 0.163405642454866 0.134134555132827 0.10973823253024 0.0876008906486586 0.0628556335717942 0.032122254124055 0.00834605799664612
-9999 -9999 -9999 -9999 -9999 -9999 -9999 -9999 -9999 0.133486324013567 0.342805529086919 0.0937420462387958 -0.0223277091149603 0.0105124069629153 0.0447125472579687 0.0875342584193624 0.136935107197362 0.169716819505677 0.201901548568115 0.332226498503245 0.523280121257169 0.544850264088993 0.501118687769442 0.501895474712621 0.541475067223206 0.578327890575638 0.568347708206939 0.535086654097664 0.52260431616528 0.529955254624796 0.52931346967324 0.509055100181286 0.47715662126645 0.472025355192203 0.493424585115616 0.510032228596182 0.518338736925645 0.515289434113897 0.521256629091194 0.524302296341699 0.519249678337368 0.498601656392345 0.474205219529013 0.448705045558567 0.418203432226297 0.384867940565198 0.336560174569826 0.280532648491606 0.225257090453959 0.172496149892548 0.128292405166284 0.0992089246852691 0.0722700117492305 0.0550302628476148 0.0379896666485238 0.0206132604287846
-9999 -9999 -9999 -9999 -9999 -9999 -9999 -9999 -9999 -9999 0.200935570128762 0.0465435256168464 -0.00870620689805557 0.00484079423158323 0.0472780907629006 0.12673639575048 0.273572378344616 0.339910577322919 0.329619614741253 0.422043169169415 0.540841794398392 0.545352980385927 0.506024372547883 0.495379756564815 0.523594841150837 0.54784562290497 0.531318325308583 0.494480050246789 0.475385204674172 0.475618216876856 0.471768978300108 0.445113487458761 0.406912759791932 0.388687478744448 0.39177428910948 0.393366464213593 0.405613641988704 0.4137897229173 0.432840295603236 0.457204245019298 0.47330381289402 0.480036682749121 0.477429997021347 0.469890997567751 0.454891526438795 0.426730647185844 0.372944947400294 0.301503690669781 0.23486929600664 0.168406358642323 0.116860113154337 0.0850919760608102 0.0595499781177707 0.0498479377917657 0.0417298693084334 0.0326843870295683
-9999 -9999 -9999 -9999 -9999 -9999 -9999 -9999 -9999 -9999 -9999 0.0486076667543925 0.000138258295594385 0.00832119895907663 0.0766570591314247 0.172241995345008 0.411185802681408 0.594666359192935 0.525174249015946 0.522687019769119 0.545219830346427 0.541747942948413 0.51987579706583 0.496872625205572 0.506501554238374 0.5094213812695 0.491008489843071 0.457820800887482 0.433137524792298 0.421857316736391 0.402894554835379 0.379353219838233 0.344600925421067 0.330091632737564 0.323014969180088 0.304305380179124 0.316729383770222 0.321999971020487 0.345104310589058 0.376666701842687 0.39646098058642 0.430371556012609 0.441515506896138 0.451905095180001 0.457519364414932 0.434662893255137 0.384238558515154 0.31331634881062 0.243310845805587 0.173605395941731 0.115586435628037 0.0824031598519021 0.0535572441442276 0.0447787466632123 0.0481855881136212 0.0508399215271789
