meets/meet004/_saidas_enm/CCSM_Maxent_6k_Cavanillesia_umbellata3.asc
NCOLS 154 
NROWS 168 
XLLCORNER -112 
YLLCORNER -55.5 
CELLSIZE 0.5 
NODATA_value -9999 
[rows 75 to 99 of 168, columns 56 to 111 of 154]
-9999 -9999 -9999 -9999 -9999 -9999 -9999 -9999 -9999 -9999 -9999 0.222989946603775 0.198118150234222 0.183620512485504 0.196176752448082 0.239327803254128 0.330122172832489 0.361983120441437 0.385077714920044 0.429131388664246 0.394660592079163 0.384750425815582 0.351453632116318 0.339885681867599 0.344440191984177 0.349896371364594 0.355111509561539 0.0745548978447914 0.0761068388819695 0.0778148546814919 0.0782018229365349 0.0787737146019936 0.0768849924206734 0.0753525123000145 0.0731149390339851 0.0696525052189827 0.0693954676389694 0.0678290352225304 0.0679993107914925 0.069050207734108 0.335921436548233 0.344982802867889 0.347073942422867 0.353952080011368 0.364211112260818 0.354145109653473 0.340899556875229 0.312736511230469 0.283335417509079 0.253233134746552 0.221137508749962 0.203523203730583 0.189429402351379 0.183776766061783 0.185523122549057 0.178785935044289
-9999 -9999 -9999 -9999 -9999 -9999 -9999 -9999 -9999 -9999 -9999 0.240967065095901 0.200125604867935 0.185473933815956 0.189756095409393 0.20636959373951 0.264476746320724 0.343363642692566 0.3590027987957 0.39912474155426 0.441340833902359 0.370374202728271 0.347213566303253 0.333714067935944 0.327482968568802 0.326172113418579 0.330543577671051 0.068724513053894 0.0704732984304428 0.0710021927952766 0.0709869191050529 0.0720858350396156 0.0715256258845329 0.0697745308279991 0.0664926022291183 0.0625359863042831 0.0614542886614799 0.0597345866262913 0.0591707453131676 0.298764020204544 0.298857122659683 0.312481343746185 0.317286312580109 0.319886416196823 0.31871896982193 0.301587879657745 0.288896203041077 0.271712720394135 0.250664949417114 0.229078203439713 0.209996074438095 0.19053827226162 0.195090815424919 0.196734428405762 0.199055925011635 0.2072584182024
-9999 -9999 -9999 -9999 -9999 -9999 -9999 -9999 -9999 -9999 -9999 -9999 0.207176938652992 0.189845845103264 0.184497475624084 0.191717356443405 0.212398260831833 0.253242075443268 0.308263689279556 0.383821099996567 0.4183269739151 0.419860363006592 0.358652234077454 0.345509976148605 0.320860534906387 0.307954519987106 0.31247690320015 0.0654381737112999 0.0677182152867317 0.0677483379840851 0.0666375830769539 0.0674629136919975 0.0669790431857109 0.0653861463069916 0.0623229406774044 0.0582867227494717 0.0557515062391758 0.0534655749797821 0.0525696538388729 0.051994189620018 0.276663601398468 0.295037746429443 0.30772203207016 0.305741876363754 0.288560122251511 0.263685375452042 0.246308699250221 0.230422407388687 0.214823260903358 0.213581442832947 0.211427733302116 0.209058180451393 0.201702430844307 0.199849292635918 0.204731479287148 0.211996406316757
-9999 -9999 -9999 -9999 -9999 -9999 -9999 -9999 -9999 -9999 -9999 -9999 0.238109961152077 0.191333934664726 0.185692638158798 0.17048904299736 0.164540067315102 0.171092078089714 0.199287012219429 0.265463650226593 0.365143746137619 0.407095819711685 0.422862708568573 0.354295432567596 0.307665556669235 0.284306555986404 0.305078744888306 0.0654878988862038 0.0685914382338524 0.0676636472344398 0.0649239867925644 0.065920390188694 0.0642948225140572 0.062209352850914 0.0595218762755394 0.0555651523172855 0.0519235506653786 0.0476355515420437 0.0463038496673107 0.0467262752354145 0.0484428964555264 0.0537597462534904 0.0610420815646648 0.0604342147707939 0.277138411998749 0.246678099036217 0.22444985806942 0.211019709706306 0.202283829450607 0.20586208999157 0.211696892976761 0.203352570533752 0.198077097535133 0.197715029120445 0.195029690861702 0.197150394320488
-9999 -9999 -9999 -9999 -9999 -9999 -9999 -9999 -9999 -9999 -9999 -9999 -9999 0.23194308578968 0.171255379915237 0.142306998372078 0.126110583543777 0.125504717230797 0.138609692454338 0.169781059026718 0.241861969232559 0.336954325437546 0.359985023736954 0.341219633817673 0.273977488279343 0.275047391653061 0.300513446331024 0.0677006542682648 0.0737129375338554 0.0727099850773811 0.0688842535018921 0.067914143204689 0.064784474670887 0.0614750310778618 0.0575678609311581 0.0514872409403324 0.0483663119375706 0.0444790124893188 0.0425678491592407 0.0413041636347771 0.0421646237373352 0.0499730221927166 0.0597519800066948 0.0616908930242062 0.294287532567978 0.261409372091293 0.229063183069229 0.201662540435791 0.226690500974655 0.231923565268517 0.237331628799438 0.236761525273323 0.23025293648243 0.227826029062271 0.191246598958969 0.194463014602661
-9999 -9999 -9999 -9999 -9999 -9999 -9999 -9999 -9999 -9999 -9999 -9999 -9999 0.299002528190613 0.173422619700432 0.11349343508482 0.106349796056747 0.0982248857617378 0.0982727631926537 0.118551716208458 0.145125016570091 0.219909623265266 0.309496492147446 0.287119060754776 0.305810928344727 0.321228384971619 0.309668004512787 0.0716089382767677 0.0811440646648407 0.0818112343549728 0.0770610123872757 0.0789283365011215 0.0721913352608681 0.0670261904597282 0.0582670606672764 0.0489599853754044 0.0489716790616512 0.0447563491761684 0.041709877550602 0.036679819226265 0.0353260636329651 0.0423111394047737 0.0567319542169571 0.0583113133907318 0.290208280086517 0.275730311870575 0.22443687915802 0.223824948072433 0.204271897673607 0.208334669470787 0.215266808867455 0.215609699487686 0.216570302844048 0.219152688980103 0.184682667255402 0.184483096003532
-9999 -9999 -9999 -9999 -9999 -9999 -9999 -9999 -9999 -9999 -9999 -9999 -9999 -9999 0.205248236656189 0.126006692647934 0.110466159880161 0.0953942611813545 0.091955304145813 0.103136941790581 0.125855699181557 0.160708352923393 0.21005080640316 0.25273060798645 0.286965429782867 0.352182894945145 0.34774774312973 0.319595783948898 0.0732694789767265 0.0846064835786819 0.0990718007087708 0.0984530746936798 0.0894466713070869 0.0819858238101006 0.0703733861446381 0.0610028766095638 0.0590919330716133 0.0534121617674828 0.0476546585559845 0.0422924757003784 0.0386150665581226 0.0419573932886124 0.0457898303866386 0.0473469197750092 0.271628499031067 0.254617989063263 0.220739707350731 0.220748394727707 0.199302926659584 0.199772104620934 0.200106605887413 0.204275846481323 0.204721629619598 0.211184084415436 0.229073911905289 0.194722354412079
-9999 -9999 -9999 -9999 -9999 -9999 -9999 -9999 -9999 -9999 -9999 -9999 -9999 -9999 0.264983743429184 0.153581455349922 0.118990048766136 0.100583866238594 0.0909301117062569 0.0964503437280655 0.107942581176758 0.115294590592384 0.0364008136093616 0.0411916971206665 0.053153570741415 0.225350379943848 0.271886110305786 0.380034923553467 0.325159072875977 0.37900847196579 0.120574049651623 0.111518979072571 0.110803835093975 0.107103191316128 0.0886265262961388 0.0776810497045517 0.0813568755984306 0.0747665837407112 0.0580967217683792 0.0507043115794659 0.0391853153705597 0.0387049913406372 0.0376207083463669 0.0410947129130363 0.249208375811577 0.241727009415627 0.216134741902351 0.222755312919617 0.204616263508797 0.206446751952171 0.194370254874229 0.204794093966484 0.203316316008568 0.209068328142166 0.23485541343689 0.214394003152847
-9999 -9999 -9999 -9999 -9999 -9999 -9999 -9999 -9999 -9999 -9999 -9999 -9999 -9999 -9999 0.255293935537338 0.156942293047905 0.108981519937515 0.0901133567094803 0.0896901860833168 0.0811736881732941 0.0956307500600815 0.028381584212184 0.0321596078574657 0.0366372019052505 0.0395288951694965 0.046001210808754 0.0554508306086063 0.069133348762989 0.313726544380188 0.409453928470612 0.40738719701767 0.106493636965752 0.114635564386845 0.107672266662121 0.106210820376873 0.0927857011556625 0.0783074870705605 0.0704557374119759 0.0715958029031754 0.0680911466479301 0.0513807684183121 0.0373381450772285 0.0329765826463699 0.216450393199921 0.231107160449028 0.218064874410629 0.200701862573624 0.234223321080208 0.241823241114616 0.24455814063549 0.241642892360687 0.230392292141914 0.231106579303741 0.243627935647964 0.242198064923286
-9999 -9999 -9999 -9999 -9999 -9999 -9999 -9999 -9999 -9999 -9999 -9999 -9999 -9999 -9999 0.496595442295074 0.218810394406319 0.129976153373718 0.0625106766819954 0.084661178290844 0.0741276144981384 0.0884178057312965 0.0933886095881462 0.026070162653923 0.0335282683372498 0.0342929922044277 0.0406415648758411 0.0405255630612373 0.0439858883619308 0.0627547055482864 0.280080884695053 0.418058007955551 0.394538164138794 0.0983176529407501 0.0982483401894569 0.12036045640707 0.101659774780273 0.0861811563372612 0.0878861397504807 0.110149368643761 0.120018109679222 0.0717523843050003 0.0398342236876488 0.0297089517116547 0.20105829834938 0.226643353700638 0.221564412117004 0.222029715776443 0.268292218446732 0.286937683820724 0.305958896875381 0.299227088689804 0.280425280332565 0.28086906671524 0.283148258924484 0.264275729656219
-9999 -9999 -9999 -9999 -9999 -9999 -9999 -9999 -9999 -9999 -9999 -9999 -9999 -9999 -9999 0.545374691486359 0.338354200124741 0.196168154478073 0.10397431999445 0.0603228323161602 0.0443022288382053 0.0599920265376568 0.0756965652108192 0.10295270383358 0.0334421806037426 0.0364432409405708 0.0402830876410007 0.0438515022397041 0.0432035587728024 0.0512303858995438 0.0671793520450592 0.331867188215256 0.339977383613586 0.0577723681926727 0.0666252672672272 0.0829346477985382 0.0771017223596573 0.0870233103632927 0.0958779901266098 0.130195453763008 0.149919733405113 0.0810665488243103 0.0393456295132637 0.0284218899905682 0.16509535908699 0.210879430174828 0.229160293936729 0.244722828269005 0.263115376234055 0.33565166592598 0.348453998565674 0.312686800956726 0.319437682628632 0.325303345918655 0.329311698675156 0.337711870670319
-9999 -9999 -9999 -9999 -9999 -9999 -9999 -9999 -9999 -9999 -9999 -9999 -9999 -9999 -9999 -9999 0.478739976882935 0.2530517578125 0.184730663895607 0.0759131535887718 0.0144755681976676 0.0189231038093567 0.0216652899980545 0.030218031257391 0.0487097725272179 0.0116379652172327 0.0348389036953449 0.0359503366053104 0.038929171860218 0.0452257581055164 0.0562934130430222 0.0817922875285149 0.297630041837692 0.268881678581238 0.247489184141159 0.0548094660043716 0.0554200448095798 0.0692459344863892 0.0781326815485954 0.100581236183643 0.133047997951508 0.0662632659077644 0.033885333687067 0.0270114745944738 0.172258913516998 0.218967154622078 0.262838125228882 0.295758157968521 0.327351152896881 0.358574390411377 0.364990949630737 0.392867088317871 0.0936091020703316 0.0985267013311386 0.101906575262547 0.107489623129368
-9999 -9999 -9999 -9999 -9999 -9999 -9999 -9999 -9999 -9999 -9999 -9999 -9999 -9999 -9999 -9999 -9999 0.460283994674683 0.211647227406502 0.191194295883179 0.0514973849058151 0.0436734855175018 0.0426285415887833 0.0392268523573875 0.0437968634068966 0.0435771644115448 0.0195954944938421 0.0300268717110157 0.0311526507139206 0.0368878543376923 0.0434838160872459 0.0594657212495804 0.0773786082863808 0.304076373577118 0.259530186653137 0.2508824467659 0.0402356013655663 0.0450477749109268 0.0476323291659355 0.0503260567784309 0.0403888300061226 0.0388480350375175 0.0316212326288223 0.0317109487950802 0.0391581244766712 0.054995059967041 0.066049836575985 0.0828659981489182 0.0978923812508583 0.110046945512295 0.124490164220333 0.120148658752441 0.119519665837288 0.121428728103638 0.123678758740425 0.129985302686691
-9999 -9999 -9999 -9999 -9999 -9999 -9999 -9999 -9999 -9999 -9999 -9999 -9999 -9999 -9999 -9999 -9999 -9999 -9999 0.192529603838921 0.171177104115486 0.157389417290688 0.134848594665527 0.103433698415756 0.0870769321918488 0.0604894049465656 0.0569283738732338 0.0778093859553337 0.0250552743673325 0.0301642902195454 0.0375879779458046 0.048354871571064 0.055632408708334 0.0703844353556633 0.287534654140472 0.225216343998909 0.260455876588821 0.196492090821266 0.0352241024374962 0.035405158996582 0.0252204649150372 0.0319864526391029 0.0361625738441944 0.0406000874936581 0.058007501065731 0.0686683356761932 0.0760621502995491 0.0941784083843231 0.110701359808445 0.126727133989334 0.148299038410187 0.138539806008339 0.127786755561829 0.127484202384949 0.125483259558678 0.131893917918205
-9999 -9999 -9999 -9999 -9999 -9999 -9999 -9999 -9999 -9999 -9999 -9999 -9999 -9999 -9999 -9999 -9999 -9999 -9999 -9999 -9999 0.164111003279686 0.185686856508255 0.139962032437325 0.108249545097351 0.0876356735825539 0.0669824406504631 0.050925076007843 0.0558383725583553 0.0269208792597055 0.0319199338555336 0.0389026887714863 0.0461271107196808 0.0507016256451607 0.209781110286713 0.261696219444275 0.26289638876915 0.241241171956062 0.183929517865181 0.209789648652077 0.0464800223708153 0.0481556691229343 0.0480128712952137 0.0651010274887085 0.0718461349606514 0.0768826082348824 0.0824609100818634 0.0836312025785446 0.0951095595955849 0.12237361073494 0.13731424510479 0.13177102804184 0.118306241929531 0.112309731543064 0.11642324924469 0.11123076826334
-9999 -9999 -9999 -9999 -9999 -9999 -9999 -9999 -9999 -9999 -9999 -9999 -9999 -9999 -9999 -9999 -9999 -9999 -9999 -9999 -9999 -9999 -9999 0.217257156968117 0.150990024209023 0.110288217663765 0.0967379584908485 0.0489796064794064 0.0347816571593285 0.0440469533205032 0.0733828768134117 0.0295617133378983 0.0335406288504601 0.0388679429888725 0.157036766409874 0.182139739394188 0.223837226629257 0.267417460680008 0.274778664112091 0.331279903650284 0.336663752794266 0.0735770165920258 0.0773215368390083 0.0835940018296242 0.0838220044970512 0.0833903700113297 0.0845173075795174 0.0832438915967941 0.0915431678295135 0.111341178417206 0.124765619635582 0.116636291146278 0.103701859712601 0.101674623787403 0.104830518364906 0.106164649128914
-9999 -9999 -9999 -9999 -9999 -9999 -9999 -9999 -9999 -9999 -9999 -9999 -9999 -9999 -9999 -9999 -9999 -9999 -9999 -9999 -9999 -9999 -9999 -9999 -9999 0.230058565735817 0.153159692883492 0.0766498371958733 0.0269484501332045 0.032018143683672 0.048332542181015 0.0696281120181084 0.0887424051761627 0.0970213934779167 0.116846166551113 0.118360355496407 0.154017686843872 0.181799903512001 0.239877745509148 0.30479297041893 0.363204777240753 0.360881358385086 0.0973376333713531 0.105392932891846 0.0986186787486076 0.0922723188996315 0.0894948989152908 0.0962933376431465 0.0983698442578316 0.109936729073524 0.12002208083868 0.107146538794041 0.0919898673892021 0.0909451320767403 0.105463400483131 0.117362387478352
-9999 -9999 -9999 -9999 -9999 -9999 -9999 -9999 -9999 -9999 -9999 -9999 -9999 -9999 -9999 -9999 -9999 -9999 -9999 -9999 -9999 -9999 -9999 -9999 -9999 0.297411382198334 0.207739681005478 0.14825277030468 0.0525831691920757 0.0218545198440552 0.0176547449082136 0.0205169841647148 0.0343857444822788 0.0675772875547409 0.0938387289643288 0.108145952224731 0.124867089092731 0.143878266215324 0.181984961032867 0.243170127272606 0.27880322933197 0.363830208778381 0.097282350063324 0.114013455808163 0.101638644933701 0.0953599214553833 0.0856193825602531 0.0917958542704582 0.0929557383060455 0.0989248901605606 0.103723876178265 0.0934662371873856 0.0871596932411194 0.0894526317715645 0.103889375925064 0.119018606841564
-9999 -9999 -9999 -9999 -9999 -9999 -9999 -9999 -9999 -9999 -9999 -9999 -9999 -9999 -9999 -9999 -9999 -9999 -9999 -9999 -9999 -9999 -9999 -9999 -9999 -9999 -9999 0.228268399834633 0.146875098347664 0.0153218936175108 0.0102329179644585 0.00900210812687874 0.00907824281603098 0.0178108606487513 0.0391049608588219 0.0510032288730145 0.110454775393009 0.128804206848145 0.15535494685173 0.165562555193901 0.166381731629372 0.283759564161301 0.405693352222443 0.120962373912334 0.099066935479641 0.0894734337925911 0.0872292816638947 0.0791177451610565 0.0765066593885422 0.0862631648778915 0.0848081856966019 0.0857834964990616 0.0846717432141304 0.0895387455821037 0.109069339931011 0.120002426207066
-9999 -9999 -9999 -9999 -9999 -9999 -9999 -9999 -9999 -9999 -9999 -9999 -9999 -9999 -9999 -9999 -9999 -9999 -9999 -9999 -9999 -9999 -9999 -9999 -9999 -9999 -9999 0.269683390855789 0.239104822278023 0.0226732324808836 0.0122785568237305 0.00875703897327185 0.0077009336091578 0.00974264927208424 0.0160406939685345 0.0235668700188398 0.0505012609064579 0.0906325578689575 0.11879213899374 0.110793873667717 0.131459414958954 0.210868582129478 0.307042747735977 0.0899138450622559 0.0967874601483345 0.0897839143872261 0.0845952183008194 0.0802391096949577 0.0760754123330116 0.0734504163265228 0.0766369923949242 0.0890502780675888 0.0973116829991341 0.103588409721851 0.110642127692699 0.111558340489864
-9999 -9999 -9999 -9999 -9999 -9999 -9999 -9999 -9999 -9999 -9999 -9999 -9999 -9999 -9999 -9999 -9999 -9999 -9999 -9999 -9999 -9999 -9999 -9999 -9999 -9999 -9999 -9999 0.200636595487595 0.0507694631814957 0.020832248032093 0.0100780762732029 0.0100512485951185 0.0116783622652292 0.0135409459471703 0.018328407779336 0.0331962704658508 0.0573056936264038 0.0794300884008408 0.0821672976016998 0.109173625707626 0.160818263888359 0.257375687360764 0.0595043264329433 0.0816220939159393 0.105284363031387 0.0932498648762703 0.0885650739073753 0.0845871940255165 0.0736522004008293 0.0745690688490868 0.0914417281746864 0.119360834360123 0.127073466777802 0.116125747561455 0.102885462343693
-9999 -9999 -9999 -9999 -9999 -9999 -9999 -9999 -9999 -9999 -9999 -9999 -9999 -9999 -9999 -9999 -9999 -9999 -9999 -9999 -9999 -9999 -9999 -9999 -9999 -9999 -9999 -9999 0.20032300055027 0.070508286356926 0.0298579689115286 0.0198067035526037 0.0205658115446568 0.0181520022451878 0.0156571753323078 0.0182982198894024 0.026399927213788 0.0441926866769791 0.0578788779675961 0.0639119893312454 0.0816050320863724 0.12326068431139 0.203459396958351 0.0450195334851742 0.0544427819550037 0.067575640976429 0.0892075151205063 0.100453697144985 0.10115797072649 0.0802234262228012 0.0741850733757019 0.0866110920906067 0.118159309029579 0.122898578643799 0.112519465386868 0.0891840979456902
-9999 -9999 -9999 -9999 -9999 -9999 -9999 -9999 -9999 -9999 -9999 -9999 -9999 -9999 -9999 -9999 -9999 -9999 -9999 -9999 -9999 -9999 -9999 -9999 -9999 -9999 -9999 -9999 0.1973567456007 0.100996345281601 0.0348291620612144 0.0294316317886114 0.0371338687837124 0.0309976264834404 0.0178119353950024 0.017232671380043 0.0249520763754845 0.0372309386730194 0.0461738556623459 0.0496524386107922 0.0573632419109344 0.109489530324936 0.180955708026886 0.0366907976567745 0.040502741932869 0.0375225245952606 0.0665107890963554 0.100009068846703 0.111753165721893 0.0847608372569084 0.0603488460183144 0.0832095593214035 0.113780938088894 0.11576583981514 0.099531464278698 0.0773729756474495
-9999 -9999 -9999 -9999 -9999 -9999 -9999 -9999 -9999 -9999 -9999 -9999 -9999 -9999 -9999 -9999 -9999 -9999 -9999 -9999 -9999 -9999 -9999 -9999 -9999 -9999 -9999 -9999 0.26764777302742 0.140238732099533 0.0638289675116539 0.036683451384306 0.0346018821001053 0.0291294008493423 0.0206745229661465 0.0178680475801229 0.0247995089739561 0.0348119623959064 0.0412937924265862 0.0438244640827179 0.0519956052303314 0.0914882197976112 0.16678561270237 0.0339070037007332 0.0330984890460968 0.0325859822332859 0.0450103022158146 0.0655921921133995 0.0815398320555687 0.0849243104457855 0.0820521637797356 0.0890073403716087 0.0995951369404793 0.0925431698560715 0.0780594646930695 0.0621788054704666
-9999 -9999 -9999 -9999 -9999 -9999 -9999 -9999 -9999 -9999 -9999 -9999 -9999 -9999 -9999 -9999 -9999 -9999 -9999 -9999 -9999 -9999 -9999 -9999 -9999 -9999 -9999 -9999 0.327665060758591 0.227447286248207 0.0747319906949997 0.0390391871333122 0.0292854178696871 0.0240537784993649 0.0197219625115395 0.0171139389276505 0.0268209427595139 0.0381294526159763 0.0425904542207718 0.0417977683246136 0.0430060140788555 0.0832783579826355 0.169630169868469 0.0360268950462341 0.0298628937453032 0.0286666676402092 0.0356487855315208 0.0503062307834625 0.064269170165062 0.0867749005556107 0.109548918902874 0.0962866842746735 0.0884621739387512 0.0771241784095764 0.0635416507720947 0.279448956251144
