meets/meet004/_saidas_enm/CCSM_Maxent_6k_Aralia_warmingiana1.asc
NCOLS 154 
NROWS 168 
XLLCORNER -112 
YLLCORNER -55.5 
CELLSIZE 0.5 
NODATA_value -9999 
[rows 50 to 74 of 168, columns 56 to 111 of 154]
-9999 -9999 -9999 -9999 -9999 -9999 -9999 -9999 -9999 -9999 -9999 -9999 -9999 0.00234916782937944 0.00122293166350573 0.00223901774734259 0.00807763170450926 0.0384430326521397 0.0987557023763657 0.190603032708168 0.234805315732956 0.192379087209702 0.120464809238911 0.0666491165757179 0.0595190450549126 0.0568693801760674 0.038028821349144 0.0247853454202414 0.0170296616852283 0.00955322198569775 0.00627993745729327 0.00771050527691841 0.0101452441886067 0.0181875582784414 0.0506753101944923 0.124614141881466 0.135115802288055 0.138914242386818 0.120042316615582 0.11791504919529 0.113684341311455 0.109059624373913 0.0994720086455345 0.0554112158715725 0.0229811947792768 0.00744791328907013 0.0166960675269365 0.0225344393402338 0.0402998812496662 0.10075881332159 0.137285128235817 0.265052020549774 0.298995196819305 0.297138661146164 0.287312746047974 0.288446664810181
-9999 -9999 -9999 -9999 -9999 -9999 -9999 -9999 -9999 -9999 -9999 -9999 -9999 0.0011955036316067 0.00145102979149669 0.00586266163736582 0.0230693072080612 0.0678232908248901 0.1316037774086 0.196657165884972 0.206996932625771 0.185289114713669 0.144923493266106 0.100085094571114 0.0781099274754524 0.070566214621067 0.0528375618159771 0.034648735076189 0.0230650641024113 0.015155054628849 0.0113713182508945 0.0127577651292086 0.0175432302057743 0.0287981778383255 0.0572574287652969 0.125008657574654 0.166465565562248 0.175295487046242 0.162069723010063 0.141029998660088 0.137885719537735 0.118004851043224 0.0795784890651703 0.0448240377008915 0.0210284721106291 0.0140495020896196 0.020374147221446 0.0337495096027851 0.0637439638376236 0.14110104739666 0.245617106556892 0.317226022481918 0.33913180232048 0.331334948539734 0.304959446191788 0.298199743032455
-9999 -9999 -9999 -9999 -9999 -9999 -9999 -9999 -9999 -9999 -9999 0.00660390499979258 0.00145488046109676 0.00175575353205204 0.00457021128386259 0.0201427787542343 0.0485491529107094 0.100999496877193 0.150094017386436 0.165325790643692 0.172232896089554 0.15280856192112 0.127747341990471 0.0975638777017593 0.0691925063729286 0.058856587857008 0.0366603843867779 0.021820355206728 0.0147429378703237 0.0122316293418407 0.0108394026756287 0.0108491592109203 0.0155660314485431 0.0277478974312544 0.0667282193899155 0.121854670345783 0.160371392965317 0.187150090932846 0.172135546803474 0.144433259963989 0.147744491696358 0.112106427550316 0.0771088898181915 0.0524866953492165 0.0370395593345165 0.0382874757051468 0.0561247169971466 0.0869682058691978 0.154691278934479 0.298119395971298 0.404765546321869 0.402837306261063 0.397671103477478 0.370981603860855 0.317575097084045 0.303521007299423
-9999 -9999 -9999 -9999 -9999 -9999 -9999 -9999 -9999 -9999 0.0168634224683046 0.00336241256445646 0.00193328224122524 0.00310493772849441 0.00910440273582935 0.0324628688395023 0.0676628947257996 0.099455326795578 0.114222332835197 0.113445997238159 0.105567306280136 0.086903415620327 0.0694693848490715 0.0580001212656498 0.0434543788433075 0.0300654154270887 0.0176641959697008 0.01351357717067 0.0115794185549021 0.0109854219481349 0.0107421465218067 0.0113946469500661 0.0133615210652351 0.0275658667087555 0.0637115091085434 0.122240453958511 0.160424277186394 0.183894604444504 0.182383522391319 0.163036584854126 0.139096796512604 0.0984491407871246 0.0756188631057739 0.0695567801594734 0.075703538954258 0.106005251407623 0.150356620550156 0.234997063875198 0.34726095199585 0.44656178355217 0.457378268241882 0.434707581996918 0.416119307279587 0.374498963356018 0.315773457288742 0.301425367593765
-9999 -9999 -9999 -9999 -9999 -9999 -9999 -9999 -9999 -9999 0.0101390751078725 0.00696825375780463 0.00621023448184133 0.0127856321632862 0.0184239856898785 0.0381068848073483 0.0571122914552689 0.0687005147337914 0.0705741494894028 0.0631401985883713 0.0560362450778484 0.0466857179999352 0.0375974513590336 0.0308262091130018 0.0225962679833174 0.0164962410926819 0.013760426081717 0.0109526729211211 0.00992374215275049 0.0102894259616733 0.0105444518849254 0.0120858764275908 0.0131748151034117 0.0234356448054314 0.0571006573736668 0.110478304326534 0.149239405989647 0.181124046444893 0.19103878736496 0.196076110005379 0.180764377117157 0.131477311253548 0.11308778077364 0.116629511117935 0.148333847522736 0.230065613985062 0.297791689634323 0.418910562992096 0.479277342557907 0.462635844945908 0.446999192237854 0.404461830854416 0.369742691516876 0.330661475658417 0.280318140983582 0.285289794206619
-9999 -9999 -9999 -9999 -9999 -9999 -9999 -9999 0.0224063564091921 0.0300306007266045 0.0287970043718815 0.0287214387208223 0.0221932157874107 0.0355532430112362 0.0368927866220474 0.0260816402733326 0.0356929190456867 0.0442630238831043 0.0405106171965599 0.0349333398044109 0.0310060530900955 0.0252676010131836 0.0203664191067219 0.0160955283790827 0.0150223532691598 0.0136013329029083 0.0110482228919864 0.00951800215989351 0.00903741922229528 0.00958345457911491 0.010503314435482 0.0117619009688497 0.013402346521616 0.0196872483938932 0.0437129512429237 0.0847876444458961 0.12074488401413 0.151038527488708 0.168865874409676 0.161643475294113 0.152315318584442 0.129086375236511 0.118869230151176 0.138867229223251 0.184793204069138 0.271807849407196 0.366875737905502 0.403183937072754 0.383125960826874 0.373008668422699 0.357355773448944 0.330134719610214 0.298242121934891 0.275844871997833 0.259231477975845 0.304403722286224
-9999 -9999 -9999 -9999 -9999 -9999 -9999 -9999 0.0312207266688347 0.0556778647005558 0.110190644860268 0.101143017411232 0.0876266211271286 0.0854999274015427 0.0627501606941223 0.0406147129833698 0.0261371005326509 0.0257864352315664 0.0185593962669373 0.0153303826227784 0.0139540797099471 0.0126710394397378 0.0118886567652225 0.0115008568391204 0.0107983648777008 0.0104839336127043 0.00966734811663628 0.0089495200663805 0.00868447590619326 0.00945955142378807 0.0104912733659148 0.0118102887645364 0.0132373832166195 0.0152601758018136 0.0301088448613882 0.0546892918646336 0.0761318057775497 0.0992290377616882 0.107295021414757 0.102703519165516 0.10109805315733 0.0920569375157356 0.0959044918417931 0.114630773663521 0.150884181261063 0.225083276629448 0.271885305643082 0.274557262659073 0.251658707857132 0.239595979452133 0.23569667339325 0.222607314586639 0.219592392444611 0.224485516548157 0.229846552014351 0.305130362510681
-9999 -9999 -9999 -9999 -9999 -9999 -9999 0.0528362691402435 0.0427577309310436 0.116556763648987 0.236378699541092 0.185988530516624 0.222816333174706 0.198145806789398 0.116816230118275 0.0667642131447792 0.0454411096870899 0.0264243464916945 0.0127455936744809 0.0105028497055173 0.0100807771086693 0.0107135940343142 0.0109561681747437 0.0114246057346463 0.011715360917151 0.011217144317925 0.0116431480273604 0.0119662517681718 0.0117216380313039 0.0117911417037249 0.0114085730165243 0.0114544741809368 0.012643632479012 0.014450398273766 0.0200681146234274 0.0299877692013979 0.0421118848025799 0.0496029928326607 0.0562910512089729 0.0570224262773991 0.0583823397755623 0.0602410323917866 0.0645942762494087 0.0825282633304596 0.114044219255447 0.159183830022812 0.158219441771507 0.14864955842495 0.132040187716484 0.123190589249134 0.121590599417686 0.125789761543274 0.143422901630402 0.164686545729637 0.188269898295403 0.292118728160858
-9999 -9999 -9999 -9999 -9999 -9999 -9999 0.0535921864211559 0.0914488062262535 0.280651330947876 0.399263471364975 0.316400408744812 0.306657791137695 0.244596153497696 0.161135226488113 0.107410714030266 0.0714671760797501 0.0415217876434326 0.0188954491168261 0.0134637057781219 0.0121452603489161 0.0124008916318417 0.0125776110216975 0.0131788970902562 0.013589832931757 0.0135512929409742 0.0147679969668388 0.0157232135534286 0.0162300784140825 0.0166240446269512 0.0165357831865549 0.0168384872376919 0.0170499924570322 0.016500337049365 0.0154042122885585 0.0196065902709961 0.0248114317655563 0.0289007127285004 0.0315468497574329 0.0331701561808586 0.0345325283706188 0.0343789011240005 0.0393534824252129 0.0504215694963932 0.066635750234127 0.0794817954301834 0.0736303478479385 0.0637128427624702 0.0541406311094761 0.0508852601051331 0.0549295619130135 0.0659366622567177 0.0839816331863403 0.105205945670605 0.136701926589012 0.241537496447563
-9999 -9999 -9999 -9999 -9999 -9999 0.0755424350500107 0.106085419654846 0.228265106678009 0.386525809764862 0.509184122085571 0.398777157068253 0.27936127781868 0.201249226927757 0.18117992579937 0.146024227142334 0.107463039457798 0.0606382228434086 0.0312591157853603 0.0228593703359365 0.0179811995476484 0.0171982441097498 0.0168943163007498 0.0176329426467419 0.0177070535719395 0.0177610050886869 0.0192114505916834 0.0212416648864746 0.0223122593015432 0.0227710362523794 0.0229660142213106 0.0233637522906065 0.0242567006498575 0.0242523606866598 0.0234398208558559 0.0230300687253475 0.0254001300781965 0.0282167438417673 0.0299649462103844 0.0298963245004416 0.0300359632819891 0.028726615011692 0.0267008673399687 0.0330607183277607 0.0460212342441082 0.0486249439418316 0.0483949445188046 0.0484444014728069 0.0476744882762432 0.0484257638454437 0.0511934980750084 0.0614000111818314 0.0763220563530922 0.101443529129028 0.129273548722267 0.18113349378109
-9999 -9999 -9999 -9999 -9999 -9999 0.0929417312145233 0.156934350728989 0.289154231548309 0.454905390739441 0.573007762432098 0.461556851863861 0.300996512174606 0.23670668900013 0.201609402894974 0.18698114156723 0.13968563079834 0.0776828676462173 0.0470635704696178 0.037793543189764 0.0331702418625355 0.0325854569673538 0.0331222377717495 0.0347198657691479 0.034670777618885 0.0333756543695927 0.0356453061103821 0.038012720644474 0.0398966185748577 0.0411946028470993 0.0409683622419834 0.041618425399065 0.0411564595997334 0.0398989915847778 0.0380653962492943 0.0369427688419819 0.0354614108800888 0.0353774800896645 0.036783330142498 0.0402086600661278 0.0437124744057655 0.0481602065265179 0.0531620867550373 0.0607204660773277 0.0599991157650948 0.0565750859677792 0.0547476932406425 0.0522538982331753 0.0510159134864807 0.0529820285737514 0.0552392825484276 0.0641694515943527 0.075322151184082 0.0928904712200165 0.11889261007309 0.14989823102951
-9999 -9999 -9999 -9999 -9999 -9999 0.129345566034317 0.185911878943443 0.318554013967514 0.482002824544907 0.596558690071106 0.524833023548126 0.359822750091553 0.338142782449722 0.263241320848465 0.227458938956261 0.188634276390076 0.104689702391624 0.0676231905817986 0.0552820935845375 0.0500051863491535 0.053246084600687 0.0568658784031868 0.0583224780857563 0.0548907406628132 0.0516720153391361 0.0559043996036053 0.0623226314783096 0.0652595907449722 0.0660342425107956 0.0660859346389771 0.0663327276706696 0.0658147409558296 0.0641950964927673 0.0605381652712822 0.0573644079267979 0.0609893463551998 0.0653784424066544 0.070545457303524 0.0815805420279503 0.082669585943222 0.0769693925976753 0.0766605734825134 0.0747042819857597 0.0682788640260696 0.0614053569734097 0.0579237192869186 0.0567430555820465 0.0560043565928936 0.0568045414984226 0.0596752315759659 0.0666648969054222 0.0761032029986382 0.0928012505173683 0.110384993255138 0.13207334280014
-9999 -9999 -9999 -9999 -9999 -9999 -9999 0.222501933574677 0.342069625854492 0.513694584369659 0.621658504009247 0.566372811794281 0.436061501502991 0.425970435142517 0.373293280601501 0.325570195913315 0.268567472696304 0.150125965476036 0.101789921522141 0.0849116742610931 0.075258806347847 0.0776077583432198 0.083781935274601 0.0864739045500755 0.0844034180045128 0.0822136476635933 0.089204728603363 0.0990774109959602 0.107827194035053 0.111401237547398 0.110924243927002 0.111894972622395 0.109161533415318 0.107888109982014 0.107332654297352 0.106195613741875 0.112181678414345 0.119796812534332 0.123604200780392 0.114276267588139 0.102780669927597 0.0971715375781059 0.0926554501056671 0.0913859307765961 0.0828390046954155 0.0736904367804527 0.0711454376578331 0.068077564239502 0.0670581012964249 0.0688980594277382 0.0711030513048172 0.0784116089344025 0.0860428139567375 0.0989671647548676 0.114636912941933 0.12966550886631
-9999 -9999 -9999 -9999 -9999 -9999 -9999 -9999 0.358164966106415 0.550613522529602 0.658679664134979 0.600286722183228 0.481663942337036 0.490155845880508 0.463680237531662 0.41685551404953 0.324941784143448 0.186078101396561 0.135279357433319 0.116751872003078 0.106907829642296 0.106901124119759 0.115214064717293 0.121710240840912 0.120600692927837 0.121851399540901 0.134770646691322 0.15188093483448 0.16801318526268 0.171877861022949 0.175222173333168 0.17267407476902 0.171376973390579 0.171122580766678 0.173278480768204 0.182001158595085 0.168295577168465 0.152650654315948 0.138426035642624 0.125715360045433 0.114436000585556 0.108891203999519 0.105318956077099 0.103599093854427 0.0944586768746376 0.0869609862565994 0.0820516124367714 0.0801178067922592 0.0765214115381241 0.0753422528505325 0.075879268348217 0.0836893990635872 0.0930672287940979 0.108354076743126 0.120953999459743 0.13280189037323
-9999 -9999 -9999 -9999 -9999 -9999 0.223671659827232 0.320004463195801 0.455330580472946 0.579328656196594 0.647772550582886 0.603975653648376 0.491713911294937 0.502036929130554 0.526568114757538 0.504866898059845 0.353338956832886 0.221339672803879 0.167749792337418 0.153708755970001 0.149212643504143 0.148121148347855 0.150168910622597 0.15634985268116 0.170090228319168 0.184730723500252 0.205034092068672 0.226406708359718 0.247333392500877 0.259386658668518 0.261660367250443 0.261871695518494 0.254578977823257 0.244828432798386 0.232541128993034 0.215596199035645 0.199889630079269 0.179314762353897 0.161680191755295 0.148035481572151 0.135615512728691 0.130980849266052 0.127217635512352 0.121003024280071 0.102927155792713 0.0885116532444954 0.0813968181610107 0.0762939751148224 0.0734471157193184 0.0724904760718346 0.0733392313122749 0.0802195370197296 0.0900205597281456 0.105173960328102 0.123812206089497 0.144610434770584
-9999 -9999 -9999 -9999 -9999 0.161022856831551 0.247593253850937 0.343471109867096 0.504003465175629 0.589625179767609 0.657714307308197 0.606061935424805 0.49061107635498 0.492217183113098 0.553569555282593 0.55224335193634 0.363772481679916 0.244730576872826 0.197993412613869 0.187705740332603 0.192877516150475 0.191411152482033 0.195000573992729 0.204572185873985 0.226819768548012 0.260015875101089 0.282512545585632 0.301194816827774 0.305276989936829 0.305264413356781 0.30026188492775 0.288994491100311 0.281427800655365 0.273153007030487 0.259766936302185 0.250354558229446 0.227087289094925 0.206612065434456 0.187933132052422 0.169375047087669 0.151703044772148 0.139488443732262 0.128019705414772 0.116130761802197 0.0981246009469032 0.0828829556703568 0.0789985582232475 0.0756788104772568 0.0735577493906021 0.0715513527393341 0.0710488855838776 0.0797336995601654 0.0894460827112198 0.104074358940125 0.122792571783066 0.148139178752899
-9999 -9999 -9999 -9999 -9999 0.227005943655968 0.355930745601654 0.408711522817612 0.536129355430603 0.579059422016144 0.628274977207184 0.597604990005493 0.536567270755768 0.516935527324677 0.557547271251678 0.482515394687653 0.36406022310257 0.267188400030136 0.227642700076103 0.228615120053291 0.233788579702377 0.239342898130417 0.24885468184948 0.265107899904251 0.289598196744919 0.318931311368942 0.317088305950165 0.317046940326691 0.317844390869141 0.31878724694252 0.312053710222244 0.303002655506134 0.294084548950195 0.286323457956314 0.277961879968643 0.265205204486847 0.247460052371025 0.226829349994659 0.204047098755836 0.179398074746132 0.156849801540375 0.140505373477936 0.125680685043335 0.114123143255711 0.101083219051361 0.0883955955505371 0.0826749354600906 0.0791094377636909 0.0772080346941948 0.0763068795204163 0.0774646252393723 0.0836482346057892 0.0927151590585709 0.10559257119894 0.119927249848843 0.13606558740139
-9999 -9999 -9999 -9999 -9999 -9999 0.40903115272522 0.512485980987549 0.566882967948914 0.578881323337555 0.600968062877655 0.588760614395142 0.55430406332016 0.545541644096375 0.559989452362061 0.497066229581833 0.396416962146759 0.293916761875153 0.261332422494888 0.273021757602692 0.279775202274323 0.302893489599228 0.315214425325394 0.337462723255157 0.355798810720444 0.340305089950562 0.340174943208694 0.334612727165222 0.329148381948471 0.324683099985123 0.315453618764877 0.314878135919571 0.30528312921524 0.298434168100357 0.292391806840897 0.278934121131897 0.257686734199524 0.231711030006409 0.207774430513382 0.185889303684235 0.163133710622787 0.147073358297348 0.129589229822159 0.11815582960844 0.110505066812038 0.0963564291596413 0.0914138108491898 0.0866546034812927 0.0844006240367889 0.0832089558243752 0.084005706012249 0.0897796303033829 0.0971199572086334 0.106856949627399 0.115931779146194 0.125414371490479
-9999 -9999 -9999 -9999 -9999 -9999 0.40600797533989 0.518077194690704 0.556991457939148 0.570457458496094 0.557392060756683 0.532863616943359 0.50533527135849 0.499806374311447 0.507393538951874 0.518758893013 0.490537017583847 0.318407863378525 0.269921392202377 0.301880151033401 0.353208065032959 0.373712420463562 0.394244194030762 0.391675770282745 0.386460542678833 0.377958118915558 0.364729762077332 0.352210819721222 0.341442704200745 0.332777291536331 0.324296027421951 0.316568374633789 0.309114724397659 0.300024926662445 0.289792716503143 0.275238275527954 0.255655348300934 0.233499497175217 0.213109910488129 0.194702863693237 0.176007330417633 0.159482479095459 0.143988028168678 0.132957115769386 0.125250950455666 0.114530347287655 0.106403112411499 0.100274875760078 0.0966645032167435 0.0935870334506035 0.0927985310554504 0.0974365621805191 0.102848716080189 0.109736368060112 0.114659316837788 0.118767760694027
-9999 -9999 -9999 -9999 -9999 -9999 0.335020661354065 0.443157702684402 0.502532780170441 0.540793299674988 0.544315457344055 0.497840762138367 0.437007308006287 0.441409230232239 0.441791176795959 0.440915822982788 0.514493107795715 0.338073521852493 0.265965819358826 0.334594666957855 0.428664565086365 0.450304597616196 0.429476231336594 0.420190453529358 0.416532039642334 0.411950141191483 0.392553746700287 0.373174846172333 0.358350455760956 0.34659942984581 0.332857310771942 0.322187006473541 0.3099325299263 0.299175471067429 0.288423150777817 0.273980438709259 0.258805453777313 0.238650396466255 0.221742197871208 0.207792669534683 0.191027954220772 0.177857995033264 0.16317991912365 0.152840375900269 0.145585954189301 0.136349812150002 0.127100512385368 0.118377722799778 0.112851344048977 0.107157737016678 0.10380095243454 0.108513019979 0.112188391387463 0.116399325430393 0.117822200059891 0.117222175002098
-9999 -9999 -9999 -9999 -9999 -9999 -9999 -9999 0.38390240073204 0.493494957685471 0.562734067440033 0.498041719198227 0.393502414226532 0.391361653804779 0.412601143121719 0.449328660964966 0.524720847606659 0.333220511674881 0.229239135980606 0.347012042999268 0.481656312942505 0.470732271671295 0.437204509973526 0.425155252218246 0.426045358181 0.424013435840607 0.407689929008484 0.389843881130219 0.374332100152969 0.358813881874084 0.340667724609375 0.324156016111374 0.308272540569305 0.294901460409164 0.284639298915863 0.27291539311409 0.259822368621826 0.246442377567291 0.233282312750816 0.220127433538437 0.207509428262711 0.195690840482712 0.184797212481499 0.175821423530579 0.167786687612534 0.161221474409103 0.150131195783615 0.140858888626099 0.133563116192818 0.125374868512154 0.121152229607105 0.123107060790062 0.126319900155067 0.129819840192795 0.129890978336334 0.127787977457047
-9999 -9999 -9999 -9999 -9999 -9999 -9999 -9999 0.338428616523743 0.457539945840836 0.559130489826202 0.477294892072678 0.343865036964417 0.359736114740372 0.396929621696472 0.450239956378937 0.556166529655457 0.363276779651642 0.236129745841026 0.396422058343887 0.501255035400391 0.483490884304047 0.437956631183624 0.422142833471298 0.430394291877747 0.432593494653702 0.41829988360405 0.399123877286911 0.383241534233093 0.370392084121704 0.35245081782341 0.332474946975708 0.311147421598434 0.296202003955841 0.286910623311996 0.275159746408463 0.266173750162125 0.255318075418472 0.245242610573769 0.235288545489311 0.224482998251915 0.216864302754402 0.207686349749565 0.1997891664505 0.192371144890785 0.184764221310616 0.176303520798683 0.165878176689148 0.157231286168098 0.146269172430038 0.140196815133095 0.141148000955582 0.143340647220612 0.147705927491188 0.149180993437767 0.148483335971832
-9999 -9999 -9999 -9999 -9999 -9999 -9999 -9999 -9999 0.447542995214462 0.504370868206024 0.427056312561035 0.303530067205429 0.322096675634384 0.377916306257248 0.454491376876831 0.574954569339752 0.498759061098099 0.305949658155441 0.404693573713303 0.51056694984436 0.490678489208221 0.437037497758865 0.418664246797562 0.429216831922531 0.436479359865189 0.424822896718979 0.406241685152054 0.389151990413666 0.376698106527328 0.361223191022873 0.337816894054413 0.315486431121826 0.300866514444351 0.2913838326931 0.281066566705704 0.272274971008301 0.263347774744034 0.256101429462433 0.24872213602066 0.241917118430138 0.23568494617939 0.22956919670105 0.223516777157784 0.215975493192673 0.207817018032074 0.198768481612206 0.188788592815399 0.179616034030914 0.169011950492859 0.1603973954916 0.157460033893585 0.159049212932587 0.164907738566399 0.174497574567795 0.184998601675034
-9999 -9999 -9999 -9999 -9999 -9999 -9999 -9999 -9999 -9999 0.420276075601578 0.36279684305191 0.277987450361252 0.289362579584122 0.331537455320358 0.429377496242523 0.592670559883118 0.6676886677742 0.407482504844666 0.451241970062256 0.525506198406219 0.496855974197388 0.444079756736755 0.424815207719803 0.435917437076569 0.44069841504097 0.428652048110962 0.41115203499794 0.394421249628067 0.382434159517288 0.36560133099556 0.341998517513275 0.318171322345734 0.303202241659164 0.296667277812958 0.290315628051758 0.28263646364212 0.273995280265808 0.267845988273621 0.263249427080154 0.258964389562607 0.255823999643326 0.251280158758163 0.246668085455894 0.24001257121563 0.232126578688622 0.222747325897217 0.209873676300049 0.198878020048141 0.184969529509544 0.174386560916901 0.16992361843586 0.168500572443008 0.179129511117935 0.195709645748138 0.208142727613449
-9999 -9999 -9999 -9999 -9999 -9999 -9999 -9999 -9999 -9999 -9999 0.282429128885269 0.279602736234665 0.279231041669846 0.303209602832794 0.367068499326706 0.518227934837341 0.655983090400696 0.520870983600616 0.524643301963806 0.535073280334473 0.499412715435028 0.464010179042816 0.439992398023605 0.44489586353302 0.443629384040833 0.431800991296768 0.414998024702072 0.397446542978287 0.385246813297272 0.366745322942734 0.344598442316055 0.323153525590897 0.308501005172729 0.301843345165253 0.294847756624222 0.290382981300354 0.282523453235626 0.280199319124222 0.27929812669754 0.276448786258698 0.277214556932449 0.274900585412979 0.272326439619064 0.266767680644989 0.257893979549408 0.249995216727257 0.237240687012672 0.223731979727745 0.207381844520569 0.193516537547112 0.187718421220779 0.185644552111626 0.192495986819267 0.204691961407661 0.207410350441933
