meets/meet004/_saidas_enm/CCSM_Maxent_0k_Cavanillesia_umbellata1.asc
NCOLS 154 
NROWS 168 
XLLCORNER -112 
YLLCORNER -55.5 
CELLSIZE 0.5 
NODATA_value -9999 
[rows 50 to 74 of 168, columns 56 to 111 of 154]
-9999 -9999 -9999 -9999 -9999 -9999 -9999 -9999 -9999 -9999 -9999 -9999 -9999 0.00430033868178725 0.00738786952570081 0.0406064502894878 0.052493292838335 0.0606666691601276 0.0724390894174576 0.101282350718975 0.131252586841583 0.179985284805298 0.246934235095978 0.211319848895073 0.212158054113388 0.225170567631721 0.128194898366928 0.0728004053235054 0.0663898289203644 0.0481322556734085 0.0425330586731434 0.057976096868515 0.0568696595728397 0.129286229610443 0.233524411916733 0.478419423103333 0.460164248943329 0.461466997861862 0.475126564502716 0.474248468875885 0.498271107673645 0.482475638389587 0.49251514673233 0.412725925445557 0.108562760055065 0.070922389626503 0.0715765953063965 0.0735232755541801 0.0698263123631477 0.0770657882094383 0.0819863379001617 0.0651366412639618 0.0939986407756805 0.124187909066677 0.203572943806648 0.22476102411747
-9999 -9999 -9999 -9999 -9999 -9999 -9999 -9999 -9999 -9999 -9999 -9999 -9999 0.0172054264694452 0.0169176999479532 0.0281187649816275 0.0517462156713009 0.0709627121686935 0.0837400108575821 0.0918402820825577 0.105749055743217 0.116419963538647 0.162493318319321 0.174247145652771 0.147182062268257 0.0919459387660027 0.0735122635960579 0.0559298470616341 0.0310237035155296 0.0218574702739716 0.0160462949424982 0.0259700808674097 0.0431680679321289 0.0599296018481255 0.184889078140259 0.295210957527161 0.467544734477997 0.503261804580688 0.501426160335541 0.497760057449341 0.503613293170929 0.500410974025726 0.408901959657669 0.42459824681282 0.119311667978764 0.111889570951462 0.1055026948452 0.113042391836643 0.102946206927299 0.0844384431838989 0.0726204439997673 0.0722435116767883 0.0991470515727997 0.128482535481453 0.216934591531754 0.235042050480843
-9999 -9999 -9999 -9999 -9999 -9999 -9999 -9999 -9999 -9999 -9999 0.0450763367116451 0.0451211705803871 0.0307098813354969 0.0179867967963219 0.0226151663810015 0.0392671562731266 0.0734365805983543 0.0903205350041389 0.07489924877882 0.0799882337450981 0.0808371752500534 0.0816525742411613 0.0780710130929947 0.0681073218584061 0.0566925518214703 0.0400520972907543 0.0278998538851738 0.014538861811161 0.00776861701160669 0.00822919700294733 0.0122417062520981 0.0312185008078814 0.0507200993597507 0.129575446248055 0.231366127729416 0.319213211536407 0.474777489900589 0.499754935503006 0.503846228122711 0.504069864749908 0.507063090801239 0.415131211280823 0.426701903343201 0.40413835644722 0.175473421812057 0.11170869320631 0.118495360016823 0.101368620991707 0.193185985088348 0.177645429968834 0.226322785019875 0.266762644052505 0.418239921331406 0.226589605212212 0.245233446359634
-9999 -9999 -9999 -9999 -9999 -9999 -9999 -9999 -9999 -9999 0.0669819414615631 0.0472578555345535 0.040334764868021 0.0366093032062054 0.0298407152295113 0.0210446752607822 0.0227509811520576 0.0470192842185497 0.0658903419971466 0.0588632486760616 0.0567413456737995 0.0521104484796524 0.0459474250674248 0.0404790304601192 0.0318456031382084 0.0258358903229237 0.0177322179079056 0.00845358241349459 0.00675127934664488 0.0070902812294662 0.00792136136442423 0.0093198399990797 0.0233113337308168 0.0438200086355209 0.09602390229702 0.183896690607071 0.266448020935059 0.30577552318573 0.336733758449554 0.352529793977737 0.491410255432129 0.505867540836334 0.412054479122162 0.401045918464661 0.277534782886505 0.257061302661896 0.226209625601768 0.203291445970535 0.16463528573513 0.1746536642313 0.224826216697693 0.270062357187271 0.288960456848145 0.439696997404099 0.224642172455788 0.24745537340641
-9999 -9999 -9999 -9999 -9999 -9999 -9999 -9999 -9999 -9999 0.102670550346375 0.0760424807667732 0.0486638136208057 0.0511898994445801 0.0438427329063416 0.0299329459667206 0.0181649923324585 0.0243142228573561 0.0385655611753464 0.036236584186554 0.0340989716351032 0.0280033759772778 0.022212278097868 0.0188985206186771 0.0135370371863246 0.0101268738508224 0.00783847644925117 0.00673896260559559 0.00626449845731258 0.00630891509354115 0.00731231831014156 0.00906558986753225 0.0167908873409033 0.0357072427868843 0.0620510689914227 0.158286198973656 0.214406743645668 0.242708399891853 0.267903298139572 0.287217497825623 0.318690568208694 0.254746317863464 0.266068339347839 0.254989773035049 0.218309625983238 0.182399407029152 0.142131567001343 0.169034063816071 0.268931597471237 0.263101994991302 0.431894332170486 0.408482313156128 0.40979865193367 0.413732469081879 0.215339437127113 0.240441128611565
-9999 -9999 -9999 -9999 -9999 -9999 -9999 -9999 0.0600194409489632 0.257343173027039 0.280145108699799 0.110681481659412 0.0677956938743591 0.0649537816643715 0.0565347336232662 0.0409007370471954 0.0229920651763678 0.0171493347734213 0.0195281784981489 0.0177477616816759 0.0158542189747095 0.0135440668091178 0.0128978928551078 0.0112949721515179 0.00739049166440964 0.00802352838218212 0.00923969130963087 0.00714858993887901 0.00772514007985592 0.00753099285066128 0.00856818631291389 0.00969068706035614 0.0121512394398451 0.0263280943036079 0.0457385443150997 0.115865454077721 0.160924702882767 0.190783679485321 0.211982131004333 0.216268330812454 0.176414012908936 0.159663558006287 0.170761331915855 0.159825429320335 0.129716455936432 0.149151355028152 0.180712789297104 0.292199462652206 0.334721803665161 0.472780019044876 0.462804108858109 0.364255487918854 0.365943104028702 0.377764314413071 0.437602996826172 0.222605153918266
-9999 -9999 -9999 -9999 -9999 -9999 -9999 -9999 0.141073197126389 0.322420626878738 0.344338268041611 0.165828377008438 0.105720058083534 0.0779077932238579 0.0679775476455688 0.0527062155306339 0.0341421701014042 0.0197866279631853 0.0175406727939844 0.0154781024903059 0.013807175680995 0.0140417413786054 0.0144990673288703 0.0167160015553236 0.0162833333015442 0.0179774109274149 0.0154369901865721 0.0147349340841174 0.0157834347337484 0.0166889447718859 0.0179708637297153 0.0190073661506176 0.0199581645429134 0.019433019682765 0.0365716069936752 0.0541864186525345 0.0731018558144569 0.0922210142016411 0.104483172297478 0.104132868349552 0.0990867912769318 0.092815101146698 0.0928597971796989 0.118381701409817 0.150704339146614 0.192759901285172 0.220733493566513 0.345300495624542 0.358039021492004 0.409735411405563 0.402963101863861 0.311653584241867 0.319201052188873 0.350120574235916 0.413733839988708 0.452370673418045
-9999 -9999 -9999 -9999 -9999 -9999 -9999 0.208422690629959 0.275790929794312 0.331578075885773 0.337719142436981 0.328602731227875 0.148125857114792 0.0918576940894127 0.0720653012394905 0.0616982020437717 0.0446615256369114 0.031012611463666 0.0224790833890438 0.0202969592064619 0.0185722783207893 0.0196123998612165 0.0208420716226101 0.0224976539611816 0.0231366269290447 0.0215986035764217 0.0234072804450989 0.0265129469335079 0.0277175456285477 0.0269588325172663 0.0254439171403646 0.0270359367132187 0.0278032552450895 0.0306230764836073 0.0304694809019566 0.0425300374627113 0.0504022277891636 0.0578332953155041 0.0642716735601425 0.064290776848793 0.0717274099588394 0.0818008407950401 0.0997441634535789 0.134751081466675 0.176939517259598 0.309139281511307 0.293552100658417 0.273035764694214 0.255858212709427 0.24508735537529 0.246517866849899 0.252360999584198 0.270442724227905 0.325079739093781 0.394432544708252 0.436522096395493
-9999 -9999 -9999 -9999 -9999 -9999 -9999 0.274955987930298 0.309783518314362 0.351785957813263 0.347646296024323 0.341054320335388 0.149536654353142 0.0810567066073418 0.0671496689319611 0.0700516402721405 0.0541779436171055 0.0511545315384865 0.0393214784562588 0.0379914790391922 0.0362610816955566 0.0369945801794529 0.0384889952838421 0.0422223582863808 0.044981200248003 0.0461653172969818 0.0485068820416927 0.0484596602618694 0.0480917617678642 0.0471283383667469 0.0444404818117619 0.0424062311649323 0.0416188351809978 0.0406751185655594 0.0389162003993988 0.0356175526976585 0.0450201742351055 0.0187148470431566 0.0210519321262836 0.021896731108427 0.0237771552056074 0.0275335181504488 0.0369576252996922 0.0495116412639618 0.209240958094597 0.191832825541496 0.1720050573349 0.169939503073692 0.173591494560242 0.190166801214218 0.213733002543449 0.230642899870872 0.242514237761497 0.302022248506546 0.371429324150085 0.419904619455338
-9999 -9999 -9999 -9999 -9999 -9999 0.325995296239853 0.325182735919952 0.340828031301498 0.367351502180099 0.355253398418427 0.358522236347198 0.104369789361954 0.0535118952393532 0.0604524202644825 0.0776298567652702 0.0814032107591629 0.0831696763634682 0.0645724833011627 0.0611363016068935 0.0571002699434757 0.061208002269268 0.0654984265565872 0.0703787207603455 0.0714126378297806 0.0717254430055618 0.0741274803876877 0.0777170285582542 0.0776492953300476 0.0720929577946663 0.0676192790269852 0.0624250322580338 0.058464489877224 0.055645976215601 0.0526633113622665 0.05233408883214 0.0520750768482685 0.0177662130445242 0.0174248274415731 0.0188394021242857 0.0228882916271687 0.030871381983161 0.0647003427147865 0.0769348964095116 0.0785332173109055 0.0826540440320969 0.22292822599411 0.229906603693962 0.234741047024727 0.237491577863693 0.0936938300728798 0.106568902730942 0.114225931465626 0.121292747557163 0.14922796189785 0.405272424221039
-9999 -9999 -9999 -9999 -9999 -9999 0.37625190615654 0.351447403430939 0.352150827646255 0.383041858673096 0.386936098337173 0.375391125679016 0.09016352891922 0.061953067779541 0.0726562142372131 0.0966774076223373 0.105847120285034 0.113236308097839 0.0908125042915344 0.0904377624392509 0.0891535729169846 0.0963703170418739 0.104216851294041 0.110274717211723 0.109941892325878 0.106851786375046 0.109765350818634 0.112468630075455 0.112093016505241 0.10815604776144 0.102214083075523 0.0977013036608696 0.0924765020608902 0.0874942466616631 0.0819465294480324 0.0813121125102043 0.0856099799275398 0.0314778536558151 0.037352692335844 0.0409365259110928 0.0517337471246719 0.0995465144515038 0.103332042694092 0.104871034622192 0.107705317437649 0.108406446874142 0.110499367117882 0.110881097614765 0.111786775290966 0.114309392869473 0.116745002567768 0.132636532187462 0.138246029615402 0.14362695813179 0.144946560263634 0.166432648897171
-9999 -9999 -9999 -9999 -9999 -9999 0.397616922855377 0.355058342218399 0.353112787008286 0.392900437116623 0.408438891172409 0.366994619369507 0.108337983489037 0.0815442129969597 0.0918907523155212 0.110629990696907 0.125270009040833 0.14209920167923 0.116531006991863 0.119397386908531 0.119933560490608 0.136275991797447 0.152049407362938 0.159257009625435 0.151591271162033 0.143148183822632 0.146060526371002 0.147727578878403 0.149396374821663 0.146974548697472 0.140775993466377 0.138822108507156 0.13310170173645 0.128607988357544 0.121704638004303 0.115264616906643 0.0431445389986038 0.0491724722087383 0.0614381469786167 0.111133545637131 0.131485596299171 0.131398931145668 0.123508274555206 0.124630399048328 0.125075131654739 0.127161398530006 0.126835092902184 0.128703624010086 0.130061015486717 0.130987480282784 0.146444886922836 0.149639815092087 0.156324878334999 0.161667630076408 0.16149140894413 0.163838073611259
-9999 -9999 -9999 -9999 -9999 -9999 -9999 0.34944412112236 0.376192986965179 0.40210947394371 0.426561653614044 0.395032495260239 0.137155637145042 0.115030184388161 0.119621910154819 0.13004232943058 0.144796580076218 0.13788078725338 0.146665543317795 0.156534284353256 0.165160536766052 0.185544341802597 0.205226048827171 0.213379576802254 0.205105319619179 0.194595023989677 0.195631414651871 0.198728993535042 0.202557116746902 0.204861357808113 0.200775891542435 0.197681844234467 0.190882369875908 0.188243925571442 0.186694130301476 0.0677623525261879 0.07137081772089 0.0767190083861351 0.136830449104309 0.153006032109261 0.1529770642519 0.154135555028915 0.154135301709175 0.154510304331779 0.155772507190704 0.155941799283028 0.15730507671833 0.15805684030056 0.159451141953468 0.161747187376022 0.164637610316277 0.16886793076992 0.173148572444916 0.176932632923126 0.178171694278717 0.177714943885803
-9999 -9999 -9999 -9999 -9999 -9999 -9999 -9999 0.374690622091293 0.413438588380814 0.44611456990242 0.416515946388245 0.163728967308998 0.150289133191109 0.150456681847572 0.15408992767334 0.174279108643532 0.151030376553535 0.17997245490551 0.192351549863815 0.209311366081238 0.230991035699844 0.257069528102875 0.26842987537384 0.257946521043777 0.249582096934319 0.255375027656555 0.261232405900955 0.267853438854218 0.273863166570663 0.27577331662178 0.266949087381363 0.259954184293747 0.258950561285019 0.262981116771698 0.153779551386833 0.157189086079597 0.16829876601696 0.167964980006218 0.167059078812599 0.167467325925827 0.166636854410172 0.167016983032227 0.16508375108242 0.163043409585953 0.148421317338943 0.148246556520462 0.148490816354752 0.149357929825783 0.151267051696777 0.154011130332947 0.17157281935215 0.176563069224358 0.181371942162514 0.184539243578911 0.18414831161499
-9999 -9999 -9999 -9999 -9999 -9999 0.365746229887009 0.354213446378708 0.38860809803009 0.421359300613403 0.447243690490723 0.307206928730011 0.182296350598335 0.173450440168381 0.185869365930557 0.205440074205399 0.21914778649807 0.173688739538193 0.202921286225319 0.227249220013618 0.247718870639801 0.269768327474594 0.286488234996796 0.393703550100327 0.405275136232376 0.413484960794449 0.424261689186096 0.429549604654312 0.432853788137436 0.435478448867798 0.435004830360413 0.43149197101593 0.427034884691238 0.423987865447998 0.420820415019989 0.184591874480247 0.183327689766884 0.181872144341469 0.181674838066101 0.179442837834358 0.17567452788353 0.172482222318649 0.168699756264687 0.15263806283474 0.150345534086227 0.148331061005592 0.14775837957859 0.147854521870613 0.148805439472198 0.15092733502388 0.153559923171997 0.157514810562134 0.174802735447884 0.178238719701767 0.180721282958984 0.411826699972153
-9999 -9999 -9999 -9999 -9999 0.12678574025631 0.388598173856735 0.372256994247437 0.405474990606308 0.435047119855881 0.45045405626297 0.291058242321014 0.197672128677368 0.197802439332008 0.227406293153763 0.276306122541428 0.199467062950134 0.211122319102287 0.229667037725449 0.261774808168411 0.288004547357559 0.40137380361557 0.408850938081741 0.43154364824295 0.435833513736725 0.437611520290375 0.440463006496429 0.44370773434639 0.446467041969299 0.447683125734329 0.448638170957565 0.44776326417923 0.445218980312347 0.442217499017715 0.437520295381546 0.433257728815079 0.19112440943718 0.187056928873062 0.183816641569138 0.180179670453072 0.175304844975471 0.171377375721931 0.153997838497162 0.150706678628922 0.148312851786613 0.145943820476532 0.145837739109993 0.145748674869537 0.146519765257835 0.14840205013752 0.150212973356247 0.153667390346527 0.15688844025135 0.172157883644104 0.398618370294571 0.397541433572769
-9999 -9999 -9999 -9999 -9999 0.345043331384659 0.294935196638107 0.401756078004837 0.43397444486618 0.454100549221039 0.340594798326492 0.279941856861115 0.241508141160011 0.258266776800156 0.280185252428055 0.312231332063675 0.228766277432442 0.250125110149384 0.27728059887886 0.311826437711716 0.43850439786911 0.45397275686264 0.451145887374878 0.449368208646774 0.449534982442856 0.206135779619217 0.207346424460411 0.208786115050316 0.209922105073929 0.210325717926025 0.209959506988525 0.455308705568314 0.452274441719055 0.448710292577744 0.443920701742172 0.437533855438232 0.193330377340317 0.188480138778687 0.184472963213921 0.180666670203209 0.175300791859627 0.170781478285789 0.153359606862068 0.149968907237053 0.147541552782059 0.145588710904121 0.144841372966766 0.144681811332703 0.145140573382378 0.146253824234009 0.147534787654877 0.149383187294006 0.150921687483788 0.361188620328903 0.361563503742218 0.382034182548523
-9999 -9999 -9999 -9999 -9999 -9999 0.456378668546677 0.44546777009964 0.466870367527008 0.328532099723816 0.32203471660614 0.27181538939476 0.246497362852097 0.271864801645279 0.281642496585846 0.326943099498749 0.239714100956917 0.291448891162872 0.138241708278656 0.21687026321888 0.218289032578468 0.464861899614334 0.463990688323975 0.46245339512825 0.460942029953003 0.213452473282814 0.21382649242878 0.215122386813164 0.21574105322361 0.215179353952408 0.213994920253754 0.212792545557022 0.210385397076607 0.207654789090157 0.204035773873329 0.199196487665176 0.194953784346581 0.18962350487709 0.185238882899284 0.181161403656006 0.175404652953148 0.171153083443642 0.153627827763557 0.150304287672043 0.147781163454056 0.145480826497078 0.144821777939796 0.144262596964836 0.144199535250664 0.144632667303085 0.144718527793884 0.14506983757019 0.144849553704262 0.347323298454285 0.345528960227966 0.342480838298798
-9999 -9999 -9999 -9999 -9999 -9999 0.479257375001907 0.483178168535233 0.475891768932343 0.333766102790833 0.254182398319244 0.25420743227005 0.208221659064293 0.19366717338562 0.213275671005249 0.236856564879417 0.308411210775375 0.319053769111633 0.227170139551163 0.231609478592873 0.46966889500618 0.468855023384094 0.472523242235184 0.472439169883728 0.469260334968567 0.466616868972778 0.468757718801498 0.220045611262321 0.220462709665298 0.219233617186546 0.217115178704262 0.215835928916931 0.213621184229851 0.210516333580017 0.206420108675957 0.201324582099915 0.19667948782444 0.19154766201973 0.1868856549263 0.182657852768898 0.178218245506287 0.173454031348228 0.169007778167725 0.152574926614761 0.149934187531471 0.14772455394268 0.146307319402695 0.145246267318726 0.144716575741768 0.144542366266251 0.14383439719677 0.142332971096039 0.339895516633987 0.335646778345108 0.331161171197891 0.325708508491516
-9999 -9999 -9999 -9999 -9999 -9999 0.496845453977585 0.485230475664139 0.46504020690918 0.322844922542572 0.228966951370239 0.22837869822979 0.182868748903275 0.161998853087425 0.166006907820702 0.187064990401268 0.270248502492905 0.317565470933914 0.235604748129845 0.242817357182503 0.470751255750656 0.472959220409393 0.482126921415329 0.483926355838776 0.478723466396332 0.472138941287994 0.475618064403534 0.225576356053352 0.225933626294136 0.22406992316246 0.220877334475517 0.21993388235569 0.217809706926346 0.214485466480255 0.209780529141426 0.203996241092682 0.199351385235786 0.194102644920349 0.189487978816032 0.185119077563286 0.180848449468613 0.176939979195595 0.172459363937378 0.168864607810974 0.165716484189034 0.163149535655975 0.161136969923973 0.147005543112755 0.145750164985657 0.144733801484108 0.143502160906792 0.139903604984283 0.33250817656517 0.325189530849457 0.316972196102142 0.309722602367401
-9999 -9999 -9999 -9999 -9999 -9999 -9999 -9999 0.265021800994873 0.388525366783142 0.349982470273972 0.310065448284149 0.156814500689507 0.148614138364792 0.155546829104424 0.181881099939346 0.25015714764595 0.287074089050293 0.159567520022392 0.25459623336792 0.477233499288559 0.479428857564926 0.220103874802589 0.221432819962502 0.490118384361267 0.481998652219772 0.484200924634933 0.232493564486504 0.232816755771637 0.229897290468216 0.22640897333622 0.225364953279495 0.223808899521828 0.220242500305176 0.214786812663078 0.208429351449013 0.203425571322441 0.198244050145149 0.19336998462677 0.189085468649864 0.184654057025909 0.181113362312317 0.177358999848366 0.173539817333221 0.170312136411667 0.167344689369202 0.16483736038208 0.162438735365868 0.16049887239933 0.158813372254372 0.143652111291885 0.338740080595016 0.32839423418045 0.317811340093613 0.306506276130676 0.295349448919296
-9999 -9999 -9999 -9999 -9999 -9999 -9999 -9999 0.425086677074432 0.376478165388107 0.351870149374008 0.304456532001495 0.137110248208046 0.137260973453522 0.149769932031631 0.173826709389687 0.252308696508408 0.289557039737701 0.151823818683624 0.2615787088871 0.480370312929153 0.463076770305634 0.178489744663239 0.178485989570618 0.212231382727623 0.490764260292053 0.488399863243103 0.211715191602707 0.216535523533821 0.236359119415283 0.232509762048721 0.231906861066818 0.23090523481369 0.227266386151314 0.221025928854942 0.214042171835899 0.208848968148232 0.203531354665756 0.19858905673027 0.193960443139076 0.189309731125832 0.185663983225822 0.181908920407295 0.178610697388649 0.175155401229858 0.171845480799675 0.168477207422256 0.164818063378334 0.161559849977493 0.15830186009407 0.154798582196236 0.33531728386879 0.32384392619133 0.310312151908875 0.295176178216934 0.30899640917778
-9999 -9999 -9999 -9999 -9999 -9999 -9999 -9999 -9999 0.378285318613052 0.340902000665665 0.282996088266373 0.120135717093945 0.123467206954956 0.146443009376526 0.174869850277901 0.266530185937881 0.284202724695206 0.202772125601768 0.222266256809235 0.454293340444565 0.406478464603424 0.15326152741909 0.151884764432907 0.176045909523964 0.44039723277092 0.195338696241379 0.183248370885849 0.187495589256287 0.203902810811996 0.218916207551956 0.222487032413483 0.220050469040871 0.227671131491661 0.228773057460785 0.221442237496376 0.215940028429031 0.21060349047184 0.205207914113998 0.200290188193321 0.195309475064278 0.191144615411758 0.187203153967857 0.183122485876083 0.179318219423294 0.175271928310394 0.394057601690292 0.38586899638176 0.378505080938339 0.372171491384506 0.364441990852356 0.355234414339066 0.322296321392059 0.307503491640091 0.28821074962616 0.357917666435242
-9999 -9999 -9999 -9999 -9999 -9999 -9999 -9999 -9999 -9999 0.322160750627518 0.264214217662811 0.180279701948166 0.185328707098961 0.219113692641258 0.188560530543327 0.293164700269699 0.45637121796608 0.170942053198814 0.178347915410995 0.400106221437454 0.367156714200974 0.132485508918762 0.131168082356453 0.150023728609085 0.38831752538681 0.167357251048088 0.159419432282448 0.164001017808914 0.177730515599251 0.188483580946922 0.191566362977028 0.187298476696014 0.191388934850693 0.200717747211456 0.207556530833244 0.212446585297585 0.213907271623611 0.212926909327507 0.207153677940369 0.201580032706261 0.196852043271065 0.192474260926247 0.187741219997406 0.182694420218468 0.405962735414505 0.396879941225052 0.387508928775787 0.378841698169708 0.370446413755417 0.346118062734604 0.320676177740097 0.296604245901108 0.263344645500183 0.289798736572266 0.345095664262772
-9999 -9999 -9999 -9999 -9999 -9999 -9999 -9999 -9999 -9999 -9999 0.247784867882729 0.202999070286751 0.190402984619141 0.213618546724319 0.272057324647903 0.380017876625061 0.381364077329636 0.306816190481186 0.346393167972565 0.355162441730499 0.335653096437454 0.119465328752995 0.116908967494965 0.128945395350456 0.138332739472389 0.14299912750721 0.142926841974258 0.148177474737167 0.157622098922729 0.164620071649551 0.16817332804203 0.166379183530807 0.167834490537643 0.169870838522911 0.168959558010101 0.173543110489845 0.174752399325371 0.18016642332077 0.187615439295769 0.192930728197098 0.200426608324051 0.196671381592751 0.191026985645294 0.417632699012756 0.408471435308456 0.398605436086655 0.388687252998352 0.37897977232933 0.348333805799484 0.313778251409531 0.293490886688232 0.278661042451859 0.245395675301552 0.229721277952194 0.292376637458801
