meets/meet004/_saidas_enm/CCSM_SVM_21k_Aralia_warmingiana2.asc
NCOLS 154 
NROWS 168 
XLLCORNER -112 
YLLCORNER -55.5 
CELLSIZE 0.5 
NODATA_value -9999 
[rows 100 to 124 of 168, columns 56 to 111 of 154]
-9999 -9999 -9999 -9999 -9999 -9999 -9999 -9999 -9999 -9999 -9999 -9999 -9999 -9999 -9999 -9999 -9999 -9999 -9999 -9999 -9999 -9999 -9999 -9999 -9999 -9999 -9999 -9999 0.0929952851662154 0.0883034629149436 0.0890085524695028 0.0883262643061959 0.094963784783645 0.098177483221626 0.095855338987187 0.0880282289217332 0.0724984490938751 0.0606360574325548 0.0681953546447087 0.269524360215344 0.687541277515239 0.869333133609882 0.664665066159071 0.442335053659591 0.407244567316016 0.430133840655149 0.399804183012609 0.324294703062228 0.343178750607646 0.396142562198872 0.459630142186771 0.500990401055094 0.540388125964788 0.613227432053891 0.710187110648807 0.813556337755279
-9999 -9999 -9999 -9999 -9999 -9999 -9999 -9999 -9999 -9999 -9999 -9999 -9999 -9999 -9999 -9999 -9999 -9999 -9999 -9999 -9999 -9999 -9999 -9999 -9999 -9999 -9999 -9999 0.0931121955146476 0.0854389860664326 0.0868114614812364 0.0889803821778331 0.0928616672973357 0.0960433318993946 0.0941944714512701 0.086642968333873 0.0675239764982207 0.0549275460600681 0.0807226494630935 0.335689773938805 0.694822301677433 0.717456348985582 0.470479424776545 0.30138330994117 0.324247243348205 0.377329429999406 0.318754496192852 0.253106821548786 0.315456076198654 0.397079164603509 0.558527756710541 0.573707841785213 0.610945882966046 0.679863990189359 0.758502492989139 0.871034235908989
-9999 -9999 -9999 -9999 -9999 -9999 -9999 -9999 -9999 -9999 -9999 -9999 -9999 -9999 -9999 -9999 -9999 -9999 -9999 -9999 -9999 -9999 -9999 -9999 -9999 -9999 -9999 0.120839466201676 0.0951774860407121 0.0877174365726923 0.0858120171445322 0.0865772627696972 0.0908905986105295 0.0946294564014032 0.09287181309402 0.0834411549244823 0.0636425881742363 0.0516060824258734 0.112322184705061 0.423461152688352 0.663060280590475 0.546223945414132 0.297557175316151 0.181702242779886 0.247144800564035 0.321557999720607 0.289716328862181 0.252279642281617 0.299912046880916 0.384535735971362 0.51429572099657 0.580950233456576 0.609328337926575 0.68267275014283 0.787907296407872 0.87683958462213
-9999 -9999 -9999 -9999 -9999 -9999 -9999 -9999 -9999 -9999 -9999 -9999 -9999 -9999 -9999 -9999 -9999 -9999 -9999 -9999 -9999 -9999 -9999 -9999 -9999 -9999 -9999 0.118867982448053 0.0971022520704787 0.0909250583988739 0.0831167243341309 0.0849063449200793 0.0891741244726168 0.0938632034832568 0.0922432175389255 0.0822151576699134 0.0600249957551752 0.0560925383100259 0.1606973693692 0.497224362518186 0.597683127982137 0.419892445734708 0.208745178738255 0.130890316935226 0.213805291584681 0.302234184509063 0.296632485285924 0.267446496028026 0.302606625273549 0.390675937904366 0.506983068288586 0.595223141592669 0.617002556034604 0.701811679935419 0.827749288113672 0.911621226559327
-9999 -9999 -9999 -9999 -9999 -9999 -9999 -9999 -9999 -9999 -9999 -9999 -9999 -9999 -9999 -9999 -9999 -9999 -9999 -9999 -9999 -9999 -9999 -9999 -9999 -9999 -9999 0.120131779898651 0.0991776408123495 0.0945645127436148 0.0791394910396855 0.0825549265046268 0.0890820649866327 0.0947845548546619 0.0925373648203816 0.078826320665317 0.0573674862939136 0.0769367013374996 0.234944860364277 0.573219527634906 0.600777566974657 0.396090293338753 0.235938872064116 0.172895669973584 0.219899005007772 0.299105034771864 0.308499954140271 0.306536021132225 0.331335579666043 0.412597828302669 0.544843472793075 0.620005965979129 0.714680444999871 0.805409343174222 0.890289274646595 0.96643454530264
-9999 -9999 -9999 -9999 -9999 -9999 -9999 -9999 -9999 -9999 -9999 -9999 -9999 -9999 -9999 -9999 -9999 -9999 -9999 -9999 -9999 -9999 -9999 -9999 -9999 -9999 -9999 0.124653950142743 0.102069754837251 0.0927846359387501 0.0737724757214006 0.0832981373653055 0.0906396789985592 0.096194717603737 0.0929968689794913 0.0753175612608561 0.0549833665909105 0.0933692290981569 0.280455419693729 0.598431513800877 0.549608836196284 0.35786509403479 0.247010504407743 0.19203306172322 0.212187655460121 0.263626040884015 0.266543892200736 0.290053712919219 0.324126538789686 0.380811622156092 0.500832539886655 0.600591873299279 0.733736696451547 0.845461907077089 0.922217019379388 0.992806613188041
-9999 -9999 -9999 -9999 -9999 -9999 -9999 -9999 -9999 -9999 -9999 -9999 -9999 -9999 -9999 -9999 -9999 -9999 -9999 -9999 -9999 -9999 -9999 -9999 -9999 -9999 -9999 0.13459222241082 0.102557663869891 0.0873715774219113 0.0741312188450844 0.0860725524152383 0.0932853269037187 0.0984445429528424 0.0933866478071195 0.0723091191523462 0.0538493728181812 0.100184244061598 0.323179522421256 0.618177652838778 0.480532599575977 0.317024283143324 0.232609889435856 0.187942944214415 0.196699980729799 0.194068961724989 0.225706420068668 0.250517123826186 0.274872477832657 0.324499582195142 0.376069536204073 0.507592013468651 0.672400411255208 0.810604845193147 0.9039710348664 0.958654314549042
-9999 -9999 -9999 -9999 -9999 -9999 -9999 -9999 -9999 -9999 -9999 -9999 -9999 -9999 -9999 -9999 -9999 -9999 -9999 -9999 -9999 -9999 -9999 -9999 -9999 -9999 -9999 0.14274694597242 0.0988858098125747 0.0848847735088141 0.0802267164887999 0.0887513641523457 0.0950446462752741 0.0993322282271804 0.093932005986622 0.0727708379751705 0.0544956895192272 0.108362618644532 0.362158768160936 0.612995148522829 0.42136914491038 0.274538560375726 0.216342740535959 0.192112910479359 0.200168621232261 0.205832776130006 0.237533453536805 0.25546492038329 0.270621764329363 0.295353523310642 0.325643971781381 0.436567903670434 0.597418918107274 0.74832034413979 0.860063312118807 0.923529056769159
-9999 -9999 -9999 -9999 -9999 -9999 -9999 -9999 -9999 -9999 -9999 -9999 -9999 -9999 -9999 -9999 -9999 -9999 -9999 -9999 -9999 -9999 -9999 -9999 -9999 -9999 -9999 0.14202063161523 0.0947049681754116 0.0843231258312707 0.0852242024003232 0.0887883476816175 0.0947198104382923 0.0991098474619453 0.0927585135186103 0.0747190811642346 0.052377486759093 0.12204733730641 0.405590783100264 0.574668818344503 0.34880449569361 0.231785912681463 0.204796168257808 0.19963406014158 0.221747222064404 0.259217068700699 0.27400789230551 0.303393764508742 0.304860925060318 0.288637322141751 0.306366663973718 0.397280101056863 0.544828814614338 0.679143785670193 0.789042305717027 0.87658854785142
-9999 -9999 -9999 -9999 -9999 -9999 -9999 -9999 -9999 -9999 -9999 -9999 -9999 -9999 -9999 -9999 -9999 -9999 -9999 -9999 -9999 -9999 -9999 -9999 -9999 -9999 -9999 0.129988462877578 0.0926847059866495 0.0856839987343023 0.0844071147000604 0.0850405232875375 0.089444875055522 0.0960684236150133 0.0878347744387789 0.0685308873496638 0.052588538724059 0.160763374758273 0.42727478134613 0.468251497147007 0.279626372375946 0.187075411292626 0.180378105316474 0.186889126696088 0.207965750456159 0.241881641059899 0.265246516957757 0.284225506873989 0.287353392877094 0.280395217965232 0.303469572153821 0.3763829990636 0.490918348616986 0.608343535653461 0.714394341933293 0.809887236294845
-9999 -9999 -9999 -9999 -9999 -9999 -9999 -9999 -9999 -9999 -9999 -9999 -9999 -9999 -9999 -9999 -9999 -9999 -9999 -9999 -9999 -9999 -9999 -9999 -9999 -9999 0.116745928311628 0.119247474254846 0.0920053384767854 0.0855458537428676 0.0834529113199758 0.0778190822985703 0.0814163834865024 0.0904174026969182 0.0788989665044398 0.059364251334878 0.0679944066405708 0.193732941685272 0.327284967616681 0.306610430058004 0.171120209836491 0.132577403500142 0.144700309198468 0.159311539893056 0.171013241483691 0.192658459772186 0.204193282340356 0.217604614783228 0.229751679713016 0.258704630026901 0.299255998309596 0.356131464392807 0.439933031137401 0.535951212359713 0.633905288655239 0.715130172174792
-9999 -9999 -9999 -9999 -9999 -9999 -9999 -9999 -9999 -9999 -9999 -9999 -9999 -9999 -9999 -9999 -9999 -9999 -9999 -9999 -9999 -9999 -9999 -9999 -9999 -9999 0.117998514741244 0.107019476478395 0.0902204667342114 0.0853175865715763 0.079572225436726 0.0738319318529191 0.0778131953376567 0.0875400131435146 0.07292631521 0.0599637656512187 0.118011512918033 0.243106968149246 0.255202449121045 0.169289166527512 0.101185002254166 0.0826842498200648 0.0922671762231272 0.10524920526207 0.11388678772808 0.126835770637197 0.145225962404434 0.174078992398112 0.200120158154884 0.229686317517369 0.272704349725245 0.335735475288077 0.416439475535931 0.50705685321804 0.574297954542323 0.65354786928528
-9999 -9999 -9999 -9999 -9999 -9999 -9999 -9999 -9999 -9999 -9999 -9999 -9999 -9999 -9999 -9999 -9999 -9999 -9999 -9999 -9999 -9999 -9999 -9999 -9999 -9999 0.117549631637759 0.0963902147102541 0.0871331701339657 0.0836758024764388 0.0818281425052991 0.0744976171234928 0.0833390136712468 0.092884464864315 0.091517007397567 0.10446430076487 0.199545703266117 0.244365274555582 0.16633765199195 0.10222960983264 0.0651652058860935 0.0558567755287606 0.0579548046055663 0.0634784799753028 0.0673394010555665 0.0728582187114732 0.0959113762803756 0.139771452641141 0.179828622683118 0.20414023284613 0.235117086046292 0.300894501420246 0.392441319049607 0.462191377796909 0.50999494095261 0.582485506725758
-9999 -9999 -9999 -9999 -9999 -9999 -9999 -9999 -9999 -9999 -9999 -9999 -9999 -9999 -9999 -9999 -9999 -9999 -9999 -9999 -9999 -9999 -9999 -9999 -9999 -9999 0.109771917789263 0.0908237827986612 0.086193024457222 0.0790197128523659 0.0703877254518531 0.0763564511610801 0.0973316526763748 0.123718463668722 0.149268471154523 0.178568736633754 0.205888848907213 0.175750155753916 0.104496767152156 0.0797721417623153 0.0730073318780921 0.0600485151665664 0.0514572193358393 0.0488611102793815 0.0460063033224501 0.0450945543316868 0.0591392269708127 0.104685996855105 0.151125011245397 0.17864564647662 0.205085116612596 0.25327622811881 0.319798463743135 0.381557428112399 0.425124120367579 0.474404253474779
-9999 -9999 -9999 -9999 -9999 -9999 -9999 -9999 -9999 -9999 -9999 -9999 -9999 -9999 -9999 -9999 -9999 -9999 -9999 -9999 -9999 -9999 -9999 -9999 -9999 0.163384656307945 0.0991620664051912 0.0901922925140502 0.0892391153994991 0.072917117298556 0.0675262150862032 0.0858503599123618 0.130942161649887 0.17375321197238 0.17356067907824 0.169267807731321 0.166061486753508 0.109222141483461 0.0757300403974582 0.081282168453272 0.0971212144064978 0.0710722069086128 0.0588519024517602 0.0542762072534958 0.0512649243894299 0.0573397443326826 0.0390718428496445 0.0744547629766769 0.123694065954684 0.147656063600389 0.167190997732063 0.202748267294753 0.24010863286945 0.285508859374842 0.327877161289597 0.361671120627557
-9999 -9999 -9999 -9999 -9999 -9999 -9999 -9999 -9999 -9999 -9999 -9999 -9999 -9999 -9999 -9999 -9999 -9999 -9999 -9999 -9999 -9999 -9999 -9999 -9999 0.128503698942511 0.092439388111632 0.088497706667945 0.0859760122932717 0.0671777970225305 0.0639031254475516 0.0944441409206832 0.144174551388884 0.169463732929923 0.154199962600296 0.146425030632151 0.131867639589964 0.0990844635983352 0.0816738791266867 0.0803426746192349 0.0850559816958649 0.0713651632518256 0.0604283330252865 0.0559537021103051 0.0580223360686279 0.053696850039529 0.0283870807820095 0.0458740216931067 0.0857216531936641 0.112650689062214 0.127048920052639 0.154730092990259 0.181708132716699 0.213677036760522 0.242088187852619 0.261627097958129
-9999 -9999 -9999 -9999 -9999 -9999 -9999 -9999 -9999 -9999 -9999 -9999 -9999 -9999 -9999 -9999 -9999 -9999 -9999 -9999 -9999 -9999 -9999 -9999 -9999 0.116406718151149 0.0888398932667258 0.0881234896033356 0.0849293497904868 0.0614363210457374 0.0650241831801411 0.0938674033749414 0.120761717213477 0.12241643447038 0.117081083073922 0.11215942156726 0.104948852896704 0.0895087528010963 0.0806787584429972 0.0801106651580851 0.0765390721212861 0.0666445264483089 0.0560224573551356 0.0503347548691398 0.0483749389724145 0.050321678967576 0.0217981334130746 0.0321331041344773 0.0606166674332744 0.0795970457207518 0.0914675627503643 0.113737646133521 0.132116248666032 0.152572565967334 0.167463354989285 0.181081668916585
-9999 -9999 -9999 -9999 -9999 -9999 -9999 -9999 -9999 -9999 -9999 -9999 -9999 -9999 -9999 -9999 -9999 -9999 -9999 -9999 -9999 -9999 -9999 -9999 -9999 0.110582526321638 0.0867762483415832 0.0857868256386107 0.08077015831072 0.055840517510064 0.0556568069983487 0.0811523676410333 0.0917873126851489 0.0856625083731639 0.0928208047316589 0.0945526853847334 0.0872310494206644 0.0735601788019641 0.0686773851336572 0.0719745064599592 0.0739585398814073 0.0617615175481219 0.0500006235535242 0.0426832209248557 0.0345210596620206 0.025291833636947 0.0185528875479304 0.0273032327296791 0.0449319323077737 0.0579707182918563 0.0673685231039218 0.0831006479985717 0.0940082172240676 0.106723239048492 0.114326541598999 0.115032493633921
-9999 -9999 -9999 -9999 -9999 -9999 -9999 -9999 -9999 -9999 -9999 -9999 -9999 -9999 -9999 -9999 -9999 -9999 -9999 -9999 -9999 -9999 -9999 -9999 -9999 0.105078561411258 0.084483867268975 0.0848577575013518 0.0801435843633331 0.0538481053588674 0.0509844651635751 0.0682407371485771 0.0704563525190915 0.068975902089289 0.0822719680544632 0.0861094996764726 0.0795249349193006 0.0668858059361856 0.0628528765594714 0.0670482820159296 0.0698508784183426 0.0582111169597161 0.0466975251247447 0.0407661278766399 0.0323542301925357 0.0282181552313793 0.0234366598905162 0.0254657932222708 0.0340438414218257 0.0394033504033349 0.0487126831747957 0.0567280999250892 0.0628114421453989 0.0695231316456263 0.0704498599542354 0.070653024285827
-9999 -9999 -9999 -9999 -9999 -9999 -9999 -9999 -9999 -9999 -9999 -9999 -9999 -9999 -9999 -9999 -9999 -9999 -9999 -9999 -9999 -9999 -9999 -9999 -9999 0.0996080814831287 0.0820046593572252 0.0839582192599984 0.0792121325315817 0.0539778404167152 0.0499776619201134 0.061517555579715 0.0589301835038857 0.0634429094166854 0.077507508469261 0.0829775812348954 0.0755742879526176 0.0668241039940964 0.0629935282917454 0.0628975010283102 0.0621946663179773 0.0534946751978508 0.0462160201221449 0.0422539365438036 0.0360163461173744 0.0298783649354367 0.025276168365602 0.0237578320055846 0.0261451886577371 0.029802680662368 0.0351443888444898 0.0393318384674424 0.041378253473945 0.0445157275545491 0.0465064387179457 0.0469408487680457
-9999 -9999 -9999 -9999 -9999 -9999 -9999 -9999 -9999 -9999 -9999 -9999 -9999 -9999 -9999 -9999 -9999 -9999 -9999 -9999 -9999 -9999 -9999 -9999 -9999 0.0962847137637826 0.0787755696223529 0.0844521066221044 0.0813285999575358 0.0571106973191914 0.0490272163763475 0.0553815061252097 0.0532603601693367 0.0574123169295366 0.0688003040237748 0.0752281194480133 0.069683752130679 0.063803879790697 0.0608874332346204 0.0595022112870144 0.0582114534814624 0.0520315585685644 0.0474133411857837 0.0438776192766669 0.0362863173272479 0.0313017242375984 0.0260740910151529 0.0221380313815144 0.0213132034036759 0.0217225117409421 0.0253990115395601 0.0248567877073581 0.024622238843425 0.0255608824906211 0.025105509344282 0.0272420340289978
-9999 -9999 -9999 -9999 -9999 -9999 -9999 -9999 -9999 -9999 -9999 -9999 -9999 -9999 -9999 -9999 -9999 -9999 -9999 -9999 -9999 -9999 -9999 -9999 -9999 0.0919216395437601 0.0759936211836822 0.0841725342696497 0.0833011451981157 0.0615243648786244 0.0488938720073661 0.0549433583626363 0.0523893439701472 0.0509612301689257 0.056233797350758 0.0595799128419049 0.0602294352818628 0.0588534139195789 0.0581728069552758 0.0571061273484006 0.0552522762273583 0.0514825227533243 0.0481329227629578 0.0441158715685479 0.0380840037240428 0.0318056822649296 0.0267492841301301 0.0231455682056774 0.0208496461215905 0.0199532960754261 0.019068418726469 0.0176863273709982 0.0147163973427667 0.0126245871015223 0.0128675982039225 0.0118815125980159
-9999 -9999 -9999 -9999 -9999 -9999 -9999 -9999 -9999 -9999 -9999 -9999 -9999 -9999 -9999 -9999 -9999 -9999 -9999 -9999 -9999 -9999 -9999 -9999 -9999 0.0876229566729474 0.0721417899242087 0.0831965431870584 0.0857285434465395 0.0673618362153645 0.0519482288928712 0.0566079705413646 0.055548970061423 0.0517339366722308 0.0535794640988927 0.0559843789502229 0.0573732056409769 0.0574134219439545 0.0574896904894695 0.0569219106715104 0.0550540082756531 0.0518320784038233 0.0485694613049821 0.0447743526167853 0.0377643999483122 0.0322609235800513 0.0276823045553172 0.0240914468938829 0.0233355155248823 0.0209208176231637 0.0194856420956688 0.0171024027908015 0.0124782405625984 0.0148595734616283 0.0126116832836924 0.0142671007890225
-9999 -9999 -9999 -9999 -9999 -9999 -9999 -9999 -9999 -9999 -9999 -9999 -9999 -9999 -9999 -9999 -9999 -9999 -9999 -9999 -9999 -9999 -9999 -9999 -9999 0.0859499963096969 0.070041268175793 0.0829584781566141 0.0874493883335465 0.0725139637013024 0.0586174206360143 0.0611646592759314 0.0595559116870809 0.0547572790197108 0.0539229213365662 0.0551758262089143 0.0566552567360933 0.0572223722258144 0.0574250208305841 0.0567051816461681 0.0557501565714666 0.0524090087672225 0.0491063943406543 0.045489725784172 0.0393655186421955 0.0343051296761378 0.0285361018234314 0.0262297445713519 0.0243387399875566 0.0230456544970309 0.023615796096502 0.0173598179883668 0.0187306701947591 0.0154845475770835 0.0145086962223857 0.0268050172158632
-9999 -9999 -9999 -9999 -9999 -9999 -9999 -9999 -9999 -9999 -9999 -9999 -9999 -9999 -9999 -9999 -9999 -9999 -9999 -9999 -9999 -9999 -9999 -9999 0.0909168986704901 0.083280705512484 0.0673629429433485 0.0831776824457629 0.0890630352574155 0.0765599327377472 0.0616883629691936 0.0626732186449792 0.0629924040626841 0.0580492344023085 0.0547320711876529 0.0552761348411328 0.0560064974082751 0.0564605615796019 0.0566814551915468 0.0566010992728304 0.0571919034229047 0.0540692001240416 0.0506576721597504 0.0473371403793106 0.0421246337261789 0.0362055576705039 0.0302457101929865 0.0261982687479771 0.0228086412630643 0.0180831739158701 0.0149032611637163 0.0135097962884415 0.0174724736326966 0.0171254115760728 0.0105070960502434 0.0151511438027183
