meets/meet004/_saidas_enm/CCSM_Maha_0k_Cavanillesia_umbellata2.asc
NCOLS 154 
NROWS 168 
XLLCORNER -112 
YLLCORNER -55.5 
CELLSIZE 0.5 
NODATA_value -9999 
[rows 75 to 99 of 168, columns 56 to 111 of 154]
-9999 -9999 -9999 -9999 -9999 -9999 -9999 -9999 -9999 -9999 -9999 -25.0499234065514 -5.70407161058112 -1.93094777534266 -3.11786266273584 -0.092873847553596 -0.137147467902884 -0.552699409705151 0.432982178232291 -0.00973334875829091 -0.476821872790847 -0.675557654164723 -1.76694110162387 -2.34943594558149 -2.22957856471597 -2.17433768089799 -2.05389420365112 -1.90979588846193 -1.80414572447238 -1.53689738734748 -1.51833480198458 -1.40561357901664 -1.48095607552752 -1.51571175876391 -1.42455301987356 -1.34065253045631 -1.20545183509613 -1.10380200418006 -1.02543834677387 -1.01430888344234 -1.03556867007741 -1.19207831675755 -1.36221386899368 -1.65321511826 -2.11901173313027 -2.30109588366424 -2.39179195286905 -2.35344583584337 -2.50492133800984 -2.90287831104523 -3.45909425750787 -4.15277853331231 -4.94136150302791 -5.36899952069283 -4.50223806414957 -3.9624540874149
-9999 -9999 -9999 -9999 -9999 -9999 -9999 -9999 -9999 -9999 -9999 -25.9381603298678 -4.92683479564882 -1.54793307090625 -1.8487939018922 -0.986709858093069 1 -2.66971077543914 -0.0804314257512295 0.426791983558653 -0.160872686645752 -0.346953676137634 -0.965984049545243 -1.56772403239399 -1.90653731017289 -2.08065407294223 -2.08693673050884 -1.89259428287843 -1.78207220679701 -1.62420515692277 -1.72661313600479 -1.63917659607407 -1.73879809177535 -1.83016006957881 -1.74270049774459 -1.81705938098111 -1.64062716257729 -1.52632679376221 -1.41175176786283 -1.34208442738048 -1.42474636168017 -1.44120753641747 -1.6646326591241 -1.94048938587445 -2.10235073966919 -2.21863840335243 -2.22663283957509 -2.27980123359946 -2.46477438063822 -2.82221306528372 -3.3231161009512 -3.88785632087497 -4.6085103378968 -4.69815939897617 -4.06581318796082 -3.91702410030505
-9999 -9999 -9999 -9999 -9999 -9999 -9999 -9999 -9999 -9999 -9999 -9999 -14.5939299275579 -1.37986765741347 -0.603680983652151 -1.34362296150965 0.0758144863044659 -0.0641062732581257 -2.3454703412495 -2.38762209248431 0.0668353220938402 0.231764945267974 -0.367082259346901 -0.54184410781318 -1.13685020545531 -1.86532527377246 -1.85781716599241 -1.51826007563263 -1.42563799845211 -1.3705247852088 -1.51491736231448 -1.42326036080856 -1.49583878667586 -1.60504314956252 -1.61819587087754 -1.8125131421657 -1.82158595034748 -1.89751813827736 -1.80598070365114 -1.70255017898382 -1.69229032918819 -1.71506743794109 -1.8464717884489 -2.0143322966721 -2.22073014656097 -2.26675913098712 -2.41149189244324 -2.41740746980321 -2.54466078206823 -2.8935261555317 -3.28718169861431 -3.76544247678542 -4.26499453478106 -4.25749819003049 -4.02739813317426 -4.15146665924786
-9999 -9999 -9999 -9999 -9999 -9999 -9999 -9999 -9999 -9999 -9999 -9999 -31.8249309446509 -10.6044025894252 -0.370910177797967 -2.4047134529059 -2.81541736024899 -1.20165461715535 -1.72879822420911 -0.126128715710634 -2.77555960911034 -0.473514430964316 0.269537434037694 0.17974890369532 -0.807035581704704 -2.15600551254952 -1.48108906072005 -0.960028955115557 -0.786824297577883 -0.823745150309557 -1.1163681698515 -1.01196025581065 -1.00012020207431 -1.15080223759364 -1.24471006276757 -1.53433426878902 -1.76707404415312 -1.98621641063019 -2.06906900537469 -1.87031172491387 -1.77529024892081 -1.81176212439416 -1.94330938643812 -2.06403397393521 -2.14167176363576 -2.18902885395752 -2.34787771821886 -2.4646749170413 -2.64232755073972 -2.96798422554573 -3.32093481995792 -3.59031872857765 -3.93583027098144 -4.31039367612492 -4.78539849780175 -5.43584717100158
-9999 -9999 -9999 -9999 -9999 -9999 -9999 -9999 -9999 -9999 -9999 -9999 -9999 -30.6845468221353 -1.72298195014586 -3.55549262127357 -3.63960187975685 -0.939206604065028 0.0644756082114968 1 -0.164939161740232 -1.83747492882109 0.489280672006475 0.290626092489442 -0.0842977437959485 -0.958601668280447 -0.479986192177569 -0.0608833924704035 -0.0704171594203333 -0.137084033194261 -0.354169871672052 -0.367832874479811 -0.450569206028631 -0.65045363235426 -0.854397679511897 -1.2603471939648 -1.50055498328496 -1.80801136008391 -1.98894841959569 -1.94354489974073 -1.94232630259962 -1.85895793645982 -1.98614203594268 -2.10317511408276 -2.29156272080935 -2.45678342416322 -2.62893260551653 -2.72484590030884 -2.90128201452995 -3.17349983520416 -3.41230811160219 -3.62301269593782 -3.84089467127419 -4.17319355020998 -4.59942899879271 -5.05554239462196
-9999 -9999 -9999 -9999 -9999 -9999 -9999 -9999 -9999 -9999 -9999 -9999 -9999 -33.3990454472086 -6.13819021132224 -5.73268021068989 -3.78577159105223 -8.00218755179216 -8.35678742641417 -2.66283890459635 -0.80846418472823 -1.95540155145244 -0.914432683583358 -0.948184092782432 -0.158452760011297 0.368996976084967 0.193252386703658 0.609424960066057 0.57011302467136 0.345671317411369 0.15419669260197 0.246463295941491 0.0452732142191647 -0.125102876794517 -0.344499184356703 -0.891228087167843 -0.930957597766469 -1.28211820708471 -1.609714670947 -1.80631689178345 -2.19144520871129 -1.8832037515375 -1.76369425351878 -2.08146513249693 -2.34455953346636 -2.78634544400733 -2.8138509027348 -2.98907500764904 -3.20569219867945 -3.36804579046057 -3.65005294235433 -3.77273762542193 -3.99858347695516 -4.23513562880652 -4.47944632906249 -4.85065089151522
-9999 -9999 -9999 -9999 -9999 -9999 -9999 -9999 -9999 -9999 -9999 -9999 -9999 -9999 -19.6803031070116 -2.67714469538682 -1.91450419279515 -9.01715552036544 -10.9418143533773 -7.42337087339258 -3.44931766764959 -3.42973988640447 -1.54217111788648 -5.73185082607502 -6.10876737345394 -3.91417006565021 -0.652763399387496 1 0.400620038862118 1 0.778280828512121 0.315652216832124 0.31986010656845 0.231642231330935 0.0876819130845504 -0.0646323156055886 -0.152385492148257 -0.294661654744192 -0.580414659247115 -1.02282896733424 -1.54777200988031 -1.60479071333081 -1.67178628513758 -2.01767826719645 -2.36496201614152 -2.67421334634669 -2.91043201908331 -3.14116498555505 -3.44298538068308 -3.69754328320859 -3.9596882060803 -4.11790090597013 -4.26358332327971 -4.31510163575718 -4.27551336069176 -4.32396140313476
-9999 -9999 -9999 -9999 -9999 -9999 -9999 -9999 -9999 -9999 -9999 -9999 -9999 -9999 -23.664035045793 -16.9062088820261 -4.54086110865432 -6.15159515362552 -11.1410715219557 -10.0084164569796 -7.90465134283438 -9.26904276791076 -14.7181046772128 -14.2874126462347 -8.49757234032993 -15.436338666108 -9.15612096018475 -3.66318881355951 0.0192478439595566 -0.724379126248792 0.170726384124664 0.704733461016225 0.223444194529499 0.221055832498642 -0.0112742408020479 -0.0259059812636235 -0.032945285525094 -0.142755202751737 -0.162285331547015 -0.342974285026794 -0.917608862715828 -1.10366367195368 -1.53909112093613 -2.16895522842047 -2.39269027520961 -2.65732540216874 -2.94922290678893 -3.27568311269824 -3.62840267440014 -3.90568326059449 -4.29719521842243 -4.30211852314883 -4.43576149841443 -4.39203119772792 -4.15889634936044 -4.01093548138804
-9999 -9999 -9999 -9999 -9999 -9999 -9999 -9999 -9999 -9999 -9999 -9999 -9999 -9999 -9999 -27.8581992488302 -9.40469054944807 -2.66413924591092 -9.80217533267003 -11.8317880937751 -15.4731608087048 -16.2032119587379 -21.1773691594388 -23.2788326155965 -14.4136782652465 -12.4598016459222 -9.0794448083534 -9.11599421689804 -7.92364060858432 -4.54557056028626 -0.815651013948533 -0.34173548756043 0.192590208622557 0.413273814115676 0.613632848821328 0.706988832711996 0.667025007931473 0.698814350235626 0.60539370097989 0.473007702540277 0.0130277343946386 -0.618290048092461 -1.26843396170748 -2.28447377777916 -2.52127530361951 -2.72777653498922 -3.04190081541128 -3.37513997555879 -3.66313700012797 -3.84508347130626 -4.02449933537474 -4.15523241582796 -4.29670122363203 -4.27494491133257 -4.1831999807943 -4.1792940771131
-9999 -9999 -9999 -9999 -9999 -9999 -9999 -9999 -9999 -9999 -9999 -9999 -9999 -9999 -9999 -33.3766859094168 -22.5712112242997 -1.97864943185703 -9.75441459985715 -12.0604618120985 -22.9654911472841 -22.8095333964378 -34.452168398487 -36.4484306521721 -26.4194169522045 -26.9705389784969 -17.0041471643329 -20.8146024200694 -13.8606953352391 -1.20639772073584 -1.98978856316327 0.246320659566286 0.0534717601493248 0.234676301431807 0.50773430916429 0.932662297164921 0.914032888016745 0.972542029483295 0.973291264002876 0.700419969185441 0.455588491597948 0.0576988565102101 -0.992219013218073 -2.38634392720593 -2.69288621837332 -2.82481235812031 -3.17132910660045 -3.45987898251777 -3.7373111095288 -3.868779523906 -3.7046347635527 -3.74089383094971 -4.13340715706002 -4.08971671066377 -3.80457450234364 -4.03309822323784
-9999 -9999 -9999 -9999 -9999 -9999 -9999 -9999 -9999 -9999 -9999 -9999 -9999 -9999 -9999 -24.2853362787702 -46.367744233259 -8.99102758243055 -4.65768358832181 -9.53625817195749 -20.1171527588278 -27.9374310423406 -40.9200476074838 -48.7982111546881 -39.9084889906881 -33.1726300660277 -24.0008361966339 -19.2628360726465 -9.7314022479886 -1.89258391986882 1 -0.450624478751015 1 0.640214366478981 0.806357030667247 0.456036040477347 0.853248925281916 1 0.857827227493523 0.116322176949733 -0.342221625813318 0.344298945483719 -0.80011706915363 -2.22562118335807 -2.9018593365018 -2.99422261038568 -3.17468287509191 -3.47640764800588 -3.72442882352491 -3.49978928805499 -2.7072800459229 -2.35524781472511 -2.03791723881167 -1.83918342976555 -1.7694744748517 -1.36094031344285
-9999 -9999 -9999 -9999 -9999 -9999 -9999 -9999 -9999 -9999 -9999 -9999 -9999 -9999 -9999 -9999 -37.6657971275638 -40.2726151253918 -11.8150409625289 -6.7917184187226 -23.0724884777367 -27.1083051610493 -42.9218997467858 -52.6811879113194 -52.883785457858 -56.2461960178994 -41.4503882220661 -35.6071943862842 -22.5397375719049 -7.75704854340471 -0.81097111821966 -0.0773066496962453 1 -0.252422518136251 0.0583490147444785 0.701586298807418 0.562895171459203 0.69141540478803 0.900235652854336 0.627958587887245 -0.130246779769703 0.1430177242064 -0.855712990097737 -2.16174437123077 -2.68085242541862 -2.87337689796508 -2.8314601572551 -3.16280392652699 -3.33497080280481 -2.58137627239785 -1.89406572551763 -1.62823827977757 -1.17333792705352 -0.948893261914221 -0.94567226629082 -0.534975023735459
-9999 -9999 -9999 -9999 -9999 -9999 -9999 -9999 -9999 -9999 -9999 -9999 -9999 -9999 -9999 -9999 -9999 -35.9831030088755 -55.0365666588824 -18.0499814065115 -10.3857324474142 -11.3508178593793 -16.8503781996582 -26.1914910981052 -33.5207494836085 -39.8379266402988 -39.9098000161922 -37.4502456511936 -27.4540412123463 -15.7563618174402 -5.04832608696706 -0.0723975612408601 -1.36878287751067 0.450414679723072 0.00956288939553707 -0.148003886599224 0.510694974567717 0.470966518715253 0.295713765038975 0.156691266249218 -0.168213042204111 -0.343522593076683 -0.952119440374528 -1.61739010414549 -1.72828692338117 -1.69662495829434 -1.80763276067449 -1.94279783576069 -2.23854755261117 -2.14225907458487 -1.81608106532055 -1.79620010819939 -1.7310759609921 -1.89453448528239 -1.50851355192665 -1.00611196537401
-9999 -9999 -9999 -9999 -9999 -9999 -9999 -9999 -9999 -9999 -9999 -9999 -9999 -9999 -9999 -9999 -9999 -9999 -9999 -69.2571026783985 -36.8981961490238 -17.6580132096926 -8.9433641581068 -10.5350141783929 -16.6375854849304 -25.476301417918 -33.9632335756975 -39.7200175153501 -33.2853475408742 -22.3073197097744 -14.4803468375303 -2.95102537616012 1 -2.51862721210338 -0.0157760949817194 -0.427187750351282 0.320345757293108 0.0999635746516851 0.36476337761133 0.136514219383092 -0.64141329574476 -0.524039995650753 -0.773398884386984 -1.01859432793579 -0.995550453705841 -1.09933621031137 -1.29755829107383 -1.39685025055378 -1.15687440725406 -1.18829294429117 -1.13831540575814 -1.37485706547177 -1.61698788085377 -1.87461706030927 -2.30706283672464 -1.70084912357946
-9999 -9999 -9999 -9999 -9999 -9999 -9999 -9999 -9999 -9999 -9999 -9999 -9999 -9999 -9999 -9999 -9999 -9999 -9999 -9999 -9999 -71.0446807861343 -43.3192230058407 -20.8192348145922 -11.2229800252162 -15.9242470666086 -24.1513543433183 -35.3617078727826 -40.2867876962924 -32.2577929201839 -24.7916172797808 -13.0986280174222 -2.12954662340351 0.460652668845394 -0.556331731993274 -1.72003894634648 -0.124515470514592 0.067704418329936 -0.148566409355359 0.0118049849148857 -0.0325652992568515 -0.169963309219633 -0.510148586569416 -0.550528079123738 -0.77981266654757 -0.937263094869659 -1.15617900972706 -1.35012202599001 -1.18776943771706 -0.977464989633995 -1.12829003571929 -1.43193661746419 -1.81815531497402 -2.12380149886583 -2.27696212218273 -2.36204999213354
-9999 -9999 -9999 -9999 -9999 -9999 -9999 -9999 -9999 -9999 -9999 -9999 -9999 -9999 -9999 -9999 -9999 -9999 -9999 -9999 -9999 -9999 -9999 -60.7476106732241 -25.6049077214015 -11.3573809789042 -13.6765284239951 -24.4741930419521 -35.1319680270263 -37.1201507602122 -32.9201314812451 -22.9401286646736 -13.7287807254354 -4.72744700531332 -0.669665076528168 -0.295394659909214 -1.98021345902829 -0.244369854331968 0.298457924589341 0.240915404920896 -0.703517159350471 -0.531974410815153 -0.207178645762888 -0.122346045109088 -0.368896569593278 -0.647338756553063 -0.856651860430426 -0.929834268836421 -0.879351554405598 -0.816896058531597 -1.02207263258144 -1.33833278667142 -1.78223701396257 -2.09770489553116 -2.2216336853509 -2.54393394282573
-9999 -9999 -9999 -9999 -9999 -9999 -9999 -9999 -9999 -9999 -9999 -9999 -9999 -9999 -9999 -9999 -9999 -9999 -9999 -9999 -9999 -9999 -9999 -9999 -9999 -41.2669092229524 -14.9008194568402 -11.9991589378799 -24.5107875177535 -32.628975786001 -35.0541683450345 -33.635980008091 -27.6733150688284 -18.4854081431242 -11.1810100182302 -5.16853267509533 -1.21052500031681 -0.376671646762588 -2.50955545818991 -0.581690799665268 -0.491365726621012 -1.03731413436619 -0.0211966639757 0.486062550900547 0.238460456404959 -0.162309316212132 -0.335204641742378 -0.317739611243148 -0.402331533122921 -0.540054131324998 -0.775136576551129 -1.13766868632573 -1.53314911740691 -1.85403847608642 -2.12706434028256 -2.79204257234593
-9999 -9999 -9999 -9999 -9999 -9999 -9999 -9999 -9999 -9999 -9999 -9999 -9999 -9999 -9999 -9999 -9999 -9999 -9999 -9999 -9999 -9999 -9999 -9999 -9999 -73.3064653924586 -42.0594272252221 -13.8670559903903 -14.0022792117663 -25.1588855032454 -37.2441023757811 -43.4659487681995 -41.233388453881 -31.8127001920114 -19.0094223055209 -11.5931091008408 -6.50453727582345 -2.31985831888523 -1.28319312949811 -2.69703677427162 -1.34122392315869 -0.959838491406492 -0.342742355489192 0.548308964483782 0.479295679033119 0.0824191200615764 -0.0613400313167871 -0.0764730446116091 -0.172536843321289 -0.415647170190749 -0.732822560804052 -1.06836277899572 -1.30576344838779 -1.57899472670189 -2.00097744640932 -2.8535185355599
-9999 -9999 -9999 -9999 -9999 -9999 -9999 -9999 -9999 -9999 -9999 -9999 -9999 -9999 -9999 -9999 -9999 -9999 -9999 -9999 -9999 -9999 -9999 -9999 -9999 -9999 -9999 -41.9147082112288 -16.3377209420994 -21.3435012757878 -43.655468703827 -52.7955958652196 -52.9181539432237 -46.0626341623671 -32.4073468900606 -21.5961573902282 -10.1223059125016 -6.06244619640879 -3.39753117617652 -0.827049595046632 -3.43643954314399 -0.962195106106794 -1.13755477501477 0.0729766515712494 0.410688843373456 0.178454458188989 0.146155506692493 0.0513832594571388 -0.054969129169163 -0.381798317446238 -1.09053458706419 -1.06169505219758 -1.05269742763092 -1.27925179831576 -1.9194767281103 -2.94170229189772
-9999 -9999 -9999 -9999 -9999 -9999 -9999 -9999 -9999 -9999 -9999 -9999 -9999 -9999 -9999 -9999 -9999 -9999 -9999 -9999 -9999 -9999 -9999 -9999 -9999 -9999 -9999 -66.5197863958421 -26.429392731831 -20.1096355710824 -32.8737377035766 -48.6386261843739 -54.2900716910374 -51.8297082522926 -40.2258522412709 -28.7797739153992 -15.2010317133367 -7.24823161623458 -4.43779229109927 -1.06600929676688 -4.258455752328 -1.86265807337169 -1.37718951157452 -0.236872060299014 0.188300616750777 0.114389771760855 0.149337458613602 0.139115633286206 0.104571096312455 -0.239537313870034 -0.669322070544745 -0.813918994001002 -0.904268993737489 -1.18520364303847 -1.86219688273273 -2.61777916771469
-9999 -9999 -9999 -9999 -9999 -9999 -9999 -9999 -9999 -9999 -9999 -9999 -9999 -9999 -9999 -9999 -9999 -9999 -9999 -9999 -9999 -9999 -9999 -9999 -9999 -9999 -9999 -9999 -31.9950756077388 -18.377067531282 -22.9114100925359 -40.5652801243345 -50.398795430928 -53.3343957432541 -42.2751037533447 -30.2272164604009 -17.1307050916318 -8.36731777984422 -3.61139126198436 -2.02544272250567 -4.03200280505786 -3.05012082228597 -1.71568265530357 -0.206628458726446 -0.0429539559846261 -0.129834679725418 -0.194504520943146 -0.351718152045522 -0.280311155197238 -0.0638297132685843 -0.115633051722764 -0.456947798684474 -0.88304270252792 -1.30828092404383 -1.7519485547119 -2.26812106708568
-9999 -9999 -9999 -9999 -9999 -9999 -9999 -9999 -9999 -9999 -9999 -9999 -9999 -9999 -9999 -9999 -9999 -9999 -9999 -9999 -9999 -9999 -9999 -9999 -9999 -9999 -9999 -9999 -34.4443857333202 -18.7595688392956 -19.5827572558931 -35.6172489695552 -47.3292111245952 -51.4299290248115 -41.0229848979895 -28.3580114415297 -16.6945587405876 -7.9032304485232 -3.46845433249362 -2.68889472808408 -5.23031928012505 -4.38335744519208 -1.80633449345736 -0.327275946098213 0.0350910541477979 -0.0892663559401738 -0.392361017704303 -0.647591218583607 -0.533061309166387 -0.126187565670042 -0.140920755280717 -0.276483625122132 -0.756328027662619 -1.24222206345728 -1.55560707600137 -1.93762015194619
-9999 -9999 -9999 -9999 -9999 -9999 -9999 -9999 -9999 -9999 -9999 -9999 -9999 -9999 -9999 -9999 -9999 -9999 -9999 -9999 -9999 -9999 -9999 -9999 -9999 -9999 -9999 -9999 -37.6149253104521 -18.9285495610202 -17.9743917176365 -34.1158419113745 -48.7457571972875 -54.3591171337204 -41.3447760221498 -28.4682890397621 -15.6910455736512 -7.35315656148169 -3.32537977993898 -3.43970051695292 -8.38603531840902 -4.95844729083081 -2.63771110404894 -1.10954960210608 -0.752431518027298 -0.564059253138739 -0.0373931215193122 -0.789608632172978 -0.694194256099927 -0.148630362554184 -0.242929488016267 -0.30713735613155 -0.779949887875448 -1.08276465878169 -1.3266330866283 -1.99240549482764
-9999 -9999 -9999 -9999 -9999 -9999 -9999 -9999 -9999 -9999 -9999 -9999 -9999 -9999 -9999 -9999 -9999 -9999 -9999 -9999 -9999 -9999 -9999 -9999 -9999 -9999 -9999 -9999 -40.2969602636566 -19.6936359342417 -17.6309897118856 -34.0179124415864 -49.5301378660997 -54.8092948757292 -42.6759410958966 -28.2744677835889 -15.3609449609759 -6.68386396741872 -3.69892275847067 -3.81891382989554 -9.3286672709751 -6.06072785345849 -3.94175242721214 -2.58716970796217 -2.65795810537554 -2.12233795258949 -0.502892080319147 0.0638595048279575 -0.313504764536382 -0.343811689867049 -0.431924414506637 -0.495439821417367 -0.624091825968631 -0.824666940565615 -1.36215817725787 -2.11970801857432
-9999 -9999 -9999 -9999 -9999 -9999 -9999 -9999 -9999 -9999 -9999 -9999 -9999 -9999 -9999 -9999 -9999 -9999 -9999 -9999 -9999 -9999 -9999 -9999 -9999 -9999 -9999 -9999 -44.4063375997701 -18.9733702385688 -18.3960202584225 -35.7182228060388 -52.9130441713406 -57.3790111879603 -43.4798737371953 -30.0603397869484 -14.5252967522087 -6.37155038498416 -4.29985715666607 -4.86521594323686 -10.108947028298 -7.37965414969204 -5.615106564808 -4.31275443304778 -5.00040145243582 -5.02278117120334 -1.96064720080274 -0.0566653411277007 0.250568076676497 -0.298180191268435 -1.24461669009413 -0.791464623163971 -0.571552054742363 -0.85266804853443 -1.28275126748971 -1.88274546656606
