meets/meet004/_saidas_enm/CCSM_Maxent_0k_Aralia_warmingiana1.asc
NCOLS 154 
NROWS 168 
XLLCORNER -112 
YLLCORNER -55.5 
CELLSIZE 0.5 
NODATA_value -9999 
[rows 50 to 74 of 168, columns 56 to 111 of 154]
-9999 -9999 -9999 -9999 -9999 -9999 -9999 -9999 -9999 -9999 -9999 -9999 -9999 0.00062791898380965 0.000517055043019354 0.000994363916106522 0.00455826055258512 0.0136298891156912 0.0257120337337255 0.046690322458744 0.0480002611875534 0.0624729432165623 0.0783447995781898 0.0481221340596676 0.0328599847853184 0.0211078189313412 0.0103762224316597 0.00341690657660365 0.00172676355578005 0.00125868280883878 0.00112507492303848 0.00160416448488832 0.00209121243096888 0.00698358612135053 0.0471720509231091 0.158123418688774 0.235550090670586 0.279345571994781 0.314705491065979 0.335313051939011 0.348813205957413 0.359738677740097 0.32978218793869 0.202544823288918 0.0796084180474281 0.013210722245276 0.0219076629728079 0.0181690864264965 0.0175871625542641 0.0267775803804398 0.0227410160005093 0.0293094217777252 0.0626763999462128 0.100293852388859 0.129326701164246 0.169755816459656
-9999 -9999 -9999 -9999 -9999 -9999 -9999 -9999 -9999 -9999 -9999 -9999 -9999 0.000608882633969188 0.0012450166977942 0.00247568311169744 0.00764454994350672 0.0200395472347736 0.0325739234685898 0.0350525602698326 0.0380605980753899 0.0363126359879971 0.044806145131588 0.0281428433954716 0.0168115198612213 0.00881650764495134 0.00510377623140812 0.00320453313179314 0.00249338592402637 0.00178935972508043 0.00153445126488805 0.00151388684753329 0.00172573234885931 0.00285957287997007 0.0190559029579163 0.0852470472455025 0.203473806381226 0.302268087863922 0.315733820199966 0.337698340415955 0.310924738645554 0.285979688167572 0.224009037017822 0.14727845788002 0.0801073461771011 0.043087549507618 0.0353763438761234 0.0378521643579006 0.0357122085988522 0.0347514376044273 0.033604372292757 0.0435139201581478 0.0769017115235329 0.11594232916832 0.147136270999908 0.174594447016716
-9999 -9999 -9999 -9999 -9999 -9999 -9999 -9999 -9999 -9999 -9999 0.00185681867878884 0.0017288135131821 0.0022080154158175 0.00454532448202372 0.00583456689491868 0.010039497166872 0.024419266730547 0.0300951041281223 0.0233080163598061 0.0240163318812847 0.0221263598650694 0.0186977703124285 0.0113099059090018 0.00668464740738273 0.00434345239773393 0.00337531487457454 0.00268149259500206 0.00218469277024269 0.00168787478469312 0.00155917007941753 0.0016852222615853 0.00196306291036308 0.0025369671639055 0.011269873008132 0.0554207675158978 0.137378662824631 0.243727892637253 0.302089542150497 0.29816147685051 0.296297371387482 0.24479703605175 0.19538189470768 0.148728013038635 0.11603756248951 0.104231089353561 0.0768294185400009 0.0844866931438446 0.0720710679888725 0.0513038262724876 0.0535614937543869 0.0782806053757668 0.101604387164116 0.132774814963341 0.166945531964302 0.200569957494736
-9999 -9999 -9999 -9999 -9999 -9999 -9999 -9999 -9999 -9999 0.00457616802304983 0.00308793992735445 0.00465890532359481 0.00673019094392657 0.00670085614547133 0.00735054351389408 0.00963432993739843 0.016098827123642 0.0211586784571409 0.0211180932819843 0.0193778518587351 0.0150044057518244 0.0111162411049008 0.00695930933579803 0.00531158689409494 0.00426313141360879 0.0033008090686053 0.00263953395187855 0.0021469141356647 0.00180286634713411 0.00157566368579865 0.00175966683309525 0.00218912423588336 0.00290355458855629 0.00747569883242249 0.0365741662681103 0.0939763933420181 0.15862825512886 0.212203919887543 0.219561517238617 0.223235055804253 0.1928391456604 0.166281044483185 0.13891476392746 0.109703704714775 0.1013353317976 0.0814462080597878 0.0743170827627182 0.0571133457124233 0.0646337121725082 0.0998675674200058 0.124931335449219 0.129066914319992 0.162952855229378 0.219145342707634 0.261382848024368
-9999 -9999 -9999 -9999 -9999 -9999 -9999 -9999 -9999 -9999 0.0114167723804712 0.0123629691079259 0.012019450776279 0.0160309411585331 0.0161589235067368 0.0108044054359198 0.0102481236681342 0.0133815985172987 0.0166298039257526 0.0145164681598544 0.012774326838553 0.00899649783968925 0.00803952384740114 0.00690915761515498 0.00550575507804751 0.00434423191472888 0.0034903809428215 0.0027663460932672 0.00231152307242155 0.00203229277394712 0.00179187790490687 0.00187012611422688 0.00230532442219555 0.00302241579629481 0.00617403816431761 0.0244723204523325 0.057438600808382 0.0948696956038475 0.123241886496544 0.13619390130043 0.145352438092232 0.129065006971359 0.114760473370552 0.0979516059160233 0.0804131180047989 0.070277601480484 0.0497206039726734 0.0620673038065434 0.09467463940382 0.123284287750721 0.185109585523605 0.185356348752975 0.163103550672531 0.184958055615425 0.257672846317291 0.31750699877739
-9999 -9999 -9999 -9999 -9999 -9999 -9999 -9999 0.00991514604538679 0.0406090244650841 0.064724788069725 0.0376359671354294 0.0271060075610876 0.0311187673360109 0.0236147828400135 0.0150898061692715 0.0119089018553495 0.0133073311299086 0.0105882696807384 0.00882021430879831 0.0084778806194663 0.00772594241425395 0.00727238226681948 0.00650659902021289 0.00531106488779187 0.00447644433006644 0.00350418500602245 0.00293699745088816 0.00248792977072299 0.00221093324944377 0.00209397962316871 0.00212183455005288 0.00236420100554824 0.00295441807247698 0.004828498698771 0.0131953032687306 0.0291320756077766 0.0478198453783989 0.0623107589781284 0.0612972304224968 0.057984359562397 0.0497309416532516 0.0476189590990543 0.0420818403363228 0.0325488150119781 0.044096976518631 0.0617522001266479 0.0872012600302696 0.114236250519753 0.168175756931305 0.204933524131775 0.198321595788002 0.168498694896698 0.174880802631378 0.267356961965561 0.343177080154419
-9999 -9999 -9999 -9999 -9999 -9999 -9999 -9999 0.0227112881839275 0.0988422855734825 0.172439768910408 0.104086212813854 0.0661537051200867 0.0425772778689861 0.0315150059759617 0.0198781099170446 0.0133824311196804 0.0141353169456124 0.00854496192187071 0.00748297339305282 0.00694820936769247 0.00633198535069823 0.00604429421946406 0.00556073896586895 0.00476923584938049 0.00423807138577104 0.00354644493199885 0.00301110954023898 0.00271808914840221 0.00255235028453171 0.00250539463013411 0.00257380912080407 0.00273238518275321 0.00313793262466788 0.00394463445991278 0.00771105475723743 0.0118936421349645 0.0178726501762867 0.0220538228750229 0.020976671949029 0.0180888622999191 0.016057850793004 0.014874723739922 0.0180869661271572 0.0264474842697382 0.0416287295520306 0.0546256937086582 0.0815823897719383 0.124267369508743 0.151823103427887 0.177089348435402 0.164741992950439 0.146210208535194 0.161930650472641 0.256100207567215 0.345619589090347
-9999 -9999 -9999 -9999 -9999 -9999 -9999 0.018576392903924 0.0471158847212791 0.176502272486687 0.329544693231583 0.214158311486244 0.114727191627026 0.0568230710923672 0.0351271145045757 0.0241717752069235 0.0159018766134977 0.0141830174252391 0.00764291314408183 0.00617535971105099 0.005516123957932 0.00523621123284101 0.0047224354930222 0.00441342126578093 0.00407316908240318 0.0035426092799753 0.00334888231009245 0.00314394431188703 0.00297040631994605 0.00292864535003901 0.00290971272625029 0.00300106289796531 0.00316973007284105 0.00342951854690909 0.00360571802593768 0.00434308592230082 0.00650336779654026 0.00801787432283163 0.00871904380619526 0.00877460092306137 0.00821988098323345 0.00765810860320926 0.0089542455971241 0.0140802934765816 0.0224059112370014 0.0350050814449787 0.0472996979951859 0.0676670148968697 0.0875371396541595 0.084045022726059 0.0871905162930489 0.0992748588323593 0.108773902058601 0.133962199091911 0.234798729419708 0.333780765533447
-9999 -9999 -9999 -9999 -9999 -9999 -9999 0.049749668687582 0.104620814323425 0.292259335517883 0.431393921375275 0.301991969347 0.120657369494438 0.0489586219191551 0.0323112532496452 0.0287410598248243 0.0222369898110628 0.0174960047006607 0.00962310284376144 0.00727133313193917 0.00574047397822142 0.00490347109735012 0.00433911336585879 0.00408743368461728 0.00392742268741131 0.00367934303358197 0.00382923684082925 0.00380724854767323 0.00365718966349959 0.00356982741504908 0.00349457375705242 0.00354250846430659 0.00355213438160717 0.00360478926450014 0.00360780605114996 0.00341453496366739 0.00348147354088724 0.00389689160510898 0.0039793592877686 0.00388278742320836 0.00454823719337583 0.0054249120876193 0.00787944346666336 0.0122042195871472 0.0172601863741875 0.0275943223387003 0.0375213846564293 0.0419657677412033 0.0415481962263584 0.0427990444004536 0.0465168952941895 0.0600991062819958 0.0798135995864868 0.114213526248932 0.18826662003994 0.281462639570236
-9999 -9999 -9999 -9999 -9999 -9999 0.0830183178186417 0.117424383759499 0.216661065816879 0.36129492521286 0.478380560874939 0.311422407627106 0.0729797407984734 0.0396886169910431 0.0333688892424107 0.0324538573622704 0.0307526662945747 0.022444985806942 0.013165196403861 0.0102800605818629 0.00820293836295605 0.00767848128452897 0.00770884240046144 0.00796628650277853 0.00750840548425913 0.00714474450796843 0.00722505804151297 0.00755907595157623 0.00757420249283314 0.00680925836786628 0.00632124627009034 0.00572846131399274 0.00534992199391127 0.00498225493356586 0.00444468203932047 0.0040785251185298 0.00344466045498848 0.0032178983092308 0.00342199834994972 0.00360295176506042 0.00434239115566015 0.00630229990929365 0.00949972216039896 0.0166390556842089 0.0265789125114679 0.0345982685685158 0.0342422164976597 0.0357314683496952 0.0370882526040077 0.0401030667126179 0.045106902718544 0.0580534972250462 0.0773121640086174 0.105863444507122 0.148708492517471 0.216602548956871
-9999 -9999 -9999 -9999 -9999 -9999 0.116592325270176 0.146015986800194 0.250763863325119 0.405607372522354 0.443063050508499 0.273993313312531 0.0578231625258923 0.0443608835339546 0.0399342253804207 0.0407757088541985 0.0385898277163506 0.0258564874529839 0.0185375940054655 0.0154582243412733 0.0138921411707997 0.0139190275222063 0.0142892450094223 0.0143759856000543 0.0133907301351428 0.0121421227231622 0.0129017159342766 0.0140946032479405 0.014283643104136 0.0134841175749898 0.0122579354792833 0.0114655019715428 0.0104956887662411 0.00951080210506916 0.00833881553262472 0.00739438831806183 0.00691932579502463 0.00675053894519806 0.00757436314597726 0.00885396264493465 0.0112796481698751 0.0160487219691277 0.0243744011968374 0.0389432162046432 0.0473190173506737 0.0425647348165512 0.0427419133484364 0.0428358651697636 0.0444826707243919 0.0496198125183582 0.0550134479999542 0.0697350949048996 0.0874623209238052 0.105682455003262 0.114189296960831 0.146216005086899
-9999 -9999 -9999 -9999 -9999 -9999 0.123293809592724 0.158001989126205 0.266007512807846 0.423130542039871 0.410757929086685 0.257001429796219 0.0707252770662308 0.0490133091807365 0.0457942858338356 0.0454912297427654 0.0461386777460575 0.0312280766665936 0.0246900897473097 0.0218059327453375 0.0198404081165791 0.0215910281985998 0.0235273148864508 0.0238192919641733 0.0212520509958267 0.0192429032176733 0.0204430259764194 0.0222574416548014 0.0241636335849762 0.0226606484502554 0.0209267921745777 0.0198516044765711 0.0181571692228317 0.0167520716786385 0.0146820228546858 0.0123731261119246 0.012441567145288 0.0132628194987774 0.016211312264204 0.0202415063977242 0.0283147972077131 0.0400813482701778 0.0565491318702698 0.0626746863126755 0.0557764545083046 0.0506466552615166 0.0504172705113888 0.0526516251266003 0.0558834411203861 0.0613698288798332 0.0695823431015015 0.0839536041021347 0.101593822240829 0.102690696716309 0.105413854122162 0.10188577324152
-9999 -9999 -9999 -9999 -9999 -9999 -9999 0.183293789625168 0.285544395446777 0.414325922727585 0.410031646490097 0.280062586069107 0.0929291620850563 0.0672299936413765 0.0622685179114342 0.0569301657378674 0.0551464892923832 0.0401619859039783 0.0335582084953785 0.0318119339644909 0.0321591012179852 0.0348165184259415 0.0378929600119591 0.0385308153927326 0.0357638821005821 0.0331687442958355 0.0348339080810547 0.0376702435314655 0.0409707650542259 0.0413870178163052 0.0384841710329056 0.0365579091012478 0.0334433168172836 0.0315783843398094 0.0297893732786179 0.0273729432374239 0.0268806722015142 0.0269600134342909 0.0335942357778549 0.0445646643638611 0.0620618723332882 0.0836127921938896 0.0872724652290344 0.0788403525948524 0.0732611045241356 0.0680949464440346 0.0704031512141228 0.0728519633412361 0.077787734568119 0.0861451849341393 0.0959749817848206 0.113603584468365 0.129102155566216 0.105015657842159 0.108663886785507 0.103482782840729
-9999 -9999 -9999 -9999 -9999 -9999 -9999 -9999 0.289393723011017 0.38135153055191 0.465203106403351 0.302295207977295 0.115641660988331 0.0945799127221107 0.0843989625573158 0.0716236755251884 0.0627495646476746 0.0493788123130798 0.0444757118821144 0.0442539192736149 0.047239501029253 0.0510759614408016 0.0567592568695545 0.058950811624527 0.0552966184914112 0.0530734956264496 0.0573208183050156 0.0624718591570854 0.0675043761730194 0.0703014135360718 0.0678998678922653 0.0632069334387779 0.0592976920306683 0.0569434016942978 0.0553739070892334 0.0567486174404621 0.0549373850226402 0.056390143930912 0.0610174015164375 0.0777974799275398 0.105296492576599 0.114360108971596 0.103730700910091 0.0870979949831963 0.0761634036898613 0.0669803842902184 0.0666821077466011 0.0680373758077621 0.0717245414853096 0.0786192417144775 0.0886630117893219 0.108250580728054 0.130061522126198 0.126414075493813 0.124056786298752 0.124176599085331
-9999 -9999 -9999 -9999 -9999 -9999 0.116817869246006 0.13578288257122 0.2486192882061 0.345801681280136 0.399037748575211 0.28349032998085 0.131431639194489 0.114420630037785 0.111273922026157 0.108991481363773 0.0762647241353989 0.0586618818342686 0.0543388277292252 0.0586318597197533 0.0649878606200218 0.0706635117530823 0.0751085802912712 0.0802716016769409 0.0848024860024452 0.0888792499899864 0.0958951711654663 0.10226359218359 0.108879387378693 0.114016957581043 0.113650105893612 0.108459614217281 0.102412439882755 0.0990843698382378 0.0960182547569275 0.0951850563287735 0.0973166450858116 0.100513517856598 0.103014662861824 0.116761192679405 0.13821679353714 0.117216862738132 0.0967712923884392 0.0810152366757393 0.0714105293154716 0.0648016929626465 0.0653164237737656 0.0680815204977989 0.0724843144416809 0.0793108344078064 0.088761530816555 0.10716624557972 0.129102230072021 0.148333087563515 0.142309829592705 0.130488649010658
-9999 -9999 -9999 -9999 -9999 0.0684630498290062 0.091617189347744 0.15468741953373 0.252826333045959 0.346543610095978 0.38204100728035 0.270444720983505 0.147513017058372 0.136133566498756 0.1462432295084 0.142278209328651 0.0882079750299454 0.0727283880114555 0.0663654655218124 0.0754420161247253 0.0858270153403282 0.0935295298695564 0.0964403972029686 0.106027357280254 0.121788419783115 0.138104379177094 0.146584898233414 0.155749469995499 0.16479766368866 0.169374197721481 0.170578077435493 0.170985624194145 0.16503781080246 0.158720597624779 0.149684995412827 0.140667349100113 0.143501400947571 0.142438694834709 0.135285079479218 0.13454869389534 0.133809953927994 0.114049680531025 0.0947958528995514 0.0800928249955177 0.0708528533577919 0.0632523447275162 0.0667024627327919 0.0715081989765167 0.0765865370631218 0.081910640001297 0.0882366895675659 0.107722751796246 0.130210295319557 0.1571434289217 0.157703727483749 0.135104268789291
-9999 -9999 -9999 -9999 -9999 0.149656742811203 0.114517100155354 0.203252032399178 0.292528301477432 0.351676791906357 0.347720623016357 0.265815943479538 0.204288050532341 0.203389585018158 0.204818248748779 0.147095143795013 0.102907717227936 0.0914325416088104 0.0880909562110901 0.104011371731758 0.119762577116489 0.128788590431213 0.13563571870327 0.150137931108475 0.170408219099045 0.189004302024841 0.205460175871849 0.216818302869797 0.228765666484833 0.237524703145027 0.241561830043793 0.238522559404373 0.230000898241997 0.220077037811279 0.204887390136719 0.192719802260399 0.189416915178299 0.184711709618568 0.172687366604805 0.159682124853134 0.143313765525818 0.121106833219528 0.100456573069096 0.0861462205648422 0.078098863363266 0.0731834173202515 0.0750691220164299 0.0792391896247864 0.0844159424304962 0.090783379971981 0.0995286107063293 0.11526820063591 0.135367766022682 0.159064546227455 0.179218724370003 0.167684212327003
-9999 -9999 -9999 -9999 -9999 -9999 0.18675309419632 0.262531280517578 0.347618192434311 0.328903913497925 0.344284057617188 0.269710391759872 0.224888980388641 0.238139823079109 0.224908098578453 0.172321870923042 0.124487340450287 0.121087901294231 0.123017936944962 0.146697580814362 0.173257052898407 0.179362699389458 0.187776252627373 0.207726046442986 0.231620267033577 0.251593470573425 0.27214840054512 0.286085247993469 0.299497932195663 0.310553282499313 0.31840381026268 0.308357268571854 0.297917783260345 0.285471677780151 0.265660554170609 0.250202417373657 0.245546072721481 0.232399091124535 0.207376882433891 0.185678288340569 0.156485676765442 0.135383859276772 0.113546796143055 0.0992538258433342 0.0924941301345825 0.0860431417822838 0.088882751762867 0.0919959470629692 0.0966323763132095 0.102733671665192 0.111005298793316 0.12516325712204 0.14239701628685 0.160166919231415 0.176863431930542 0.192283600568771
-9999 -9999 -9999 -9999 -9999 -9999 0.210717648267746 0.299434870481491 0.35077965259552 0.346908450126648 0.315407395362854 0.263264268636703 0.193230375647545 0.165009826421738 0.173558726906776 0.176326006650925 0.191147521138191 0.150296747684479 0.1391671448946 0.177261009812355 0.243372187018394 0.254173934459686 0.257282018661499 0.272316306829453 0.297482311725616 0.326397776603699 0.343284159898758 0.358476102352142 0.357784420251846 0.352613657712936 0.345955967903137 0.337849199771881 0.328195005655289 0.316503077745438 0.303215742111206 0.285434812307358 0.263938337564468 0.239631175994873 0.21795117855072 0.199481442570686 0.180052027106285 0.15835377573967 0.138032585382462 0.123605832457542 0.115507617592812 0.110401824116707 0.1102150157094 0.111718684434891 0.114651024341583 0.117808148264885 0.123118363320827 0.135671228170395 0.149245887994766 0.16319365799427 0.171696126461029 0.1776472479105
-9999 -9999 -9999 -9999 -9999 -9999 0.296542167663574 0.245761200785637 0.325499892234802 0.33181095123291 0.312916427850723 0.247250765562057 0.175904735922813 0.139772891998291 0.132461190223694 0.141293853521347 0.206462383270264 0.154967308044434 0.13334621489048 0.187819734215736 0.305094301700592 0.326072752475739 0.314077645540237 0.324279129505157 0.355547875165939 0.393623322248459 0.402528285980225 0.387344181537628 0.376504153013229 0.369362115859985 0.358236074447632 0.347533822059631 0.33354839682579 0.320986539125443 0.308169066905975 0.290927201509476 0.274194926023483 0.251139730215073 0.23293362557888 0.220058634877205 0.202965945005417 0.18910813331604 0.169635981321335 0.155104488134384 0.147338882088661 0.140342116355896 0.139077916741371 0.137410387396812 0.137712061405182 0.137588858604431 0.138359546661377 0.150534406304359 0.160905808210373 0.169439896941185 0.171973839402199 0.169446066021919
-9999 -9999 -9999 -9999 -9999 -9999 -9999 -9999 0.175790011882782 0.283773243427277 0.344119340181351 0.257051289081573 0.151330828666687 0.133887141942978 0.130646571516991 0.14864806830883 0.202169999480247 0.124518819153309 0.0941240563988686 0.182650983333588 0.351237088441849 0.369227290153503 0.325307995080948 0.334145396947861 0.383219510316849 0.435002744197845 0.425889164209366 0.410154938697815 0.395364791154861 0.382629215717316 0.368217051029205 0.352216899394989 0.334427684545517 0.319040983915329 0.307846456766129 0.294271945953369 0.279394567012787 0.263732820749283 0.249790355563164 0.23756805062294 0.22621613740921 0.216231986880302 0.20502895116806 0.19196580350399 0.182514518499374 0.175856471061707 0.171683758497238 0.168880850076675 0.166653960943222 0.162737220525742 0.162795037031174 0.168790563941002 0.175560191273689 0.179006785154343 0.174963176250458 0.166978076100349
-9999 -9999 -9999 -9999 -9999 -9999 -9999 -9999 0.35416966676712 0.245674595236778 0.345760017633438 0.240201115608215 0.126201331615448 0.123174056410789 0.129731699824333 0.147691711783409 0.220433413982391 0.132299080491066 0.0856146439909935 0.19601608812809 0.390601754188538 0.396457105875015 0.354144096374512 0.363079458475113 0.397713124752045 0.457722067832947 0.447758197784424 0.43028312921524 0.41441211104393 0.40035954117775 0.379936963319778 0.359925329685211 0.336585760116577 0.32026806473732 0.311349123716354 0.298648476600647 0.28893917798996 0.276796758174896 0.266825586557388 0.258535534143448 0.248641058802605 0.242997378110886 0.235376745462418 0.228538498282433 0.221960633993149 0.214490845799446 0.206501036882401 0.197146013379097 0.188525378704071 0.178579390048981 0.173167809844017 0.174369364976883 0.177489086985588 0.181948304176331 0.182181358337402 0.179145589470863
-9999 -9999 -9999 -9999 -9999 -9999 -9999 -9999 -9999 0.218817412853241 0.29590231180191 0.189126044511795 0.0951641947031021 0.103901728987694 0.126184612512589 0.150383308529854 0.243668332695961 0.211711585521698 0.118797391653061 0.216441452503204 0.405977666378021 0.422219514846802 0.372487396001816 0.388351559638977 0.431419998407364 0.470450729131699 0.463531255722046 0.445911556482315 0.43160605430603 0.417178869247437 0.398423701524734 0.372727513313293 0.347188770771027 0.327627152204514 0.316493183374405 0.305836200714111 0.297255247831345 0.288122236728668 0.281447321176529 0.275798946619034 0.270631581544876 0.266330718994141 0.261637479066849 0.256844520568848 0.249874949455261 0.240809053182602 0.228950440883636 0.214906886219978 0.202506959438324 0.189235836267471 0.178668618202209 0.175017163157463 0.174262419342995 0.181788474321365 0.19717600941658 0.211937069892883
-9999 -9999 -9999 -9999 -9999 -9999 -9999 -9999 -9999 -9999 0.232356265187263 0.138695359230042 0.0879757329821587 0.10493528842926 0.133993610739708 0.16228574514389 0.276645451784134 0.359705746173859 0.199100986123085 0.284022480249405 0.42405116558075 0.429757535457611 0.40258115530014 0.419184148311615 0.463744640350342 0.480347186326981 0.469441711902618 0.45186311006546 0.437627643346786 0.42905268073082 0.414999067783356 0.389025539159775 0.36130490899086 0.340235561132431 0.328621447086334 0.31715315580368 0.309102326631546 0.300997257232666 0.295981973409653 0.293712437152863 0.291120976209641 0.289890825748444 0.286940097808838 0.283147603273392 0.277150690555573 0.267576426267624 0.254521727561951 0.237032771110535 0.22163525223732 0.204168975353241 0.190209791064262 0.183404147624969 0.180366933345795 0.189999237656593 0.211427614092827 0.232327923178673
-9999 -9999 -9999 -9999 -9999 -9999 -9999 -9999 -9999 -9999 -9999 0.0940939337015152 0.0984423533082008 0.126460328698158 0.151012718677521 0.180630415678024 0.293611496686935 0.467024981975555 0.344416201114655 0.37112495303154 0.418584614992142 0.426919758319855 0.439949303865433 0.456385791301727 0.481375515460968 0.48343762755394 0.472394496202469 0.457092225551605 0.441877633333206 0.431180447340012 0.41557377576828 0.393346846103668 0.370826631784439 0.354569047689438 0.343998163938522 0.331276506185532 0.324921846389771 0.317321360111237 0.314048141241074 0.312901675701141 0.310251146554947 0.313576936721802 0.312931746244431 0.311318904161453 0.306052505970001 0.29501348733902 0.283799380064011 0.266235768795013 0.248153880238533 0.227349385619164 0.209327101707458 0.201837107539177 0.198487609624863 0.204814285039902 0.218969061970711 0.232448101043701
