meets/meet004/_saidas_enm/CCSM_Maha_6k_Aralia_warmingiana5.asc
NCOLS 154 
NROWS 168 
XLLCORNER -112 
YLLCORNER -55.5 
CELLSIZE 0.5 
NODATA_value -9999 
[rows 75 to 99 of 168, columns 56 to 111 of 154]
-9999 -9999 -9999 -9999 -9999 -9999 -9999 -9999 -9999 -9999 -9999 -30.0051764271347 -43.5101988917905 -42.2797565352596 -30.3301079331852 -12.3330155321505 -0.651651347638461 0.177992290874331 -1.1271437916213 -2.36673327666559 -2.92062327221331 -4.06337225759713 -5.53437951219987 -6.65781712703924 -6.64652470212105 -6.86297252626243 -6.96965170554041 -7.12688604873664 -7.53381071199903 -7.6775010491677 -8.3313122909694 -8.98269328904456 -9.69580384319731 -10.198062034624 -10.1512346367877 -10.3758301172474 -10.2224728412616 -10.4532282604318 -10.4211430026641 -10.1080535473442 -10.1772363439511 -9.66958336395404 -9.04429540710439 -8.18230485851562 -7.51503289117175 -8.28271083397792 -9.27894895891086 -11.1203181512032 -13.2019058947011 -15.4206365931634 -17.9412269759717 -19.4055407345793 -20.860326919703 -21.0646654372625 -21.1709209714722 -25.3406602881767
-9999 -9999 -9999 -9999 -9999 -9999 -9999 -9999 -9999 -9999 -9999 -28.2124422977645 -34.6081118222534 -36.8507837390947 -32.3129556878956 -21.158975881545 -5.55060346529456 -0.999805092957126 -1.56664855247791 0.159962667719651 -2.08637687702952 -2.74759108761407 -3.98987121654153 -5.30607917833865 -5.59311295525553 -6.06259039055004 -6.44794243989648 -6.66825002165093 -7.07959380876183 -7.35279289588819 -8.0944905508682 -8.83789470881144 -9.93681536028529 -10.5972390067191 -10.1618218572677 -10.2845601786973 -10.284421160638 -10.3212443258215 -10.3887323446533 -9.93813008581022 -10.1432149389188 -10.0053024857557 -9.50270800557178 -8.70104798913895 -7.28442210389017 -6.12654240865881 -6.85600295175334 -8.31434049882908 -10.0180530299158 -12.0436784155495 -14.1870776732511 -15.688724423204 -17.1058835034383 -18.6276584015856 -22.9357661727206 -28.2102046005844
-9999 -9999 -9999 -9999 -9999 -9999 -9999 -9999 -9999 -9999 -9999 -9999 -31.14777225054 -32.8926947563056 -32.9048171732963 -25.3681391425875 -14.4550883577343 -6.09286795457215 -3.75156231809303 -1.80914195660343 0.333765966742161 -1.07174795776219 -2.6427172231866 -4.09411814449353 -4.46149389714108 -5.18440371085909 -5.55618804533796 -5.82261793124965 -6.36384947285068 -6.84931799583304 -7.62080931395947 -8.32025347852904 -9.14887551056495 -9.8324238339098 -9.903129804481 -10.2324592691981 -10.2889269036684 -10.3821897123245 -10.3955138022454 -10.0401365074401 -10.2601415741435 -10.9031271598282 -11.0584879684711 -10.3913317067317 -8.61424454974103 -7.24722490062132 -6.82749218056364 -7.42381576888516 -8.39125776065078 -9.73995412775163 -11.6898989868092 -13.081971361639 -15.336168547744 -19.014229806898 -23.1266464588929 -27.9631958498976
-9999 -9999 -9999 -9999 -9999 -9999 -9999 -9999 -9999 -9999 -9999 -9999 -34.3143168632278 -29.1237230744857 -26.6951840755989 -22.9849988525821 -28.0161628267752 -30.626833180706 -21.794158206393 -5.97884620208991 -1.54232893047213 0.00933565380838808 -1.64793385725734 -3.31749792472402 -3.30000207864952 -4.79769404935266 -4.61677132854284 -4.7424683211819 -5.30954732097015 -5.98198086587851 -7.03265759174372 -7.54598275889223 -8.05524313335808 -8.63978452675226 -8.83417303703586 -9.48738772437164 -10.0013261357423 -10.699045503193 -10.8207003469346 -10.1793995087745 -10.3894869052924 -11.5685283046673 -13.5148902106306 -13.0394032685548 -10.5761090856055 -9.40876171399805 -8.34424119582025 -7.94649240028593 -8.36192524319343 -9.33882161486929 -11.3966288372038 -13.4044499049748 -15.997605079571 -19.3103664072405 -22.7872120677475 -26.7785697264981
-9999 -9999 -9999 -9999 -9999 -9999 -9999 -9999 -9999 -9999 -9999 -9999 -9999 -32.2088805526758 -27.1261798238064 -35.1976480422894 -50.2912420195185 -68.8782733585449 -60.1937114277694 -36.337042565158 -11.3910487170698 -1.97775411560856 -1.36038669514843 -3.07815081561593 -3.52648417017094 -3.57163418545481 -3.57138183145321 -3.48119484485111 -4.17535028883548 -4.76564042512634 -5.78175979726822 -6.43690359420469 -7.05184280200594 -7.7462747922372 -8.22469860733801 -8.94322350975625 -9.62421552162416 -10.2923106688768 -10.9884919782903 -10.915391949076 -11.0151901011596 -11.8050805210086 -13.4216288517693 -13.8414501543842 -12.1929237392534 -10.9553708078996 -9.50817825062871 -8.7916493852088 -8.98161436069493 -9.83806746064516 -11.733537794791 -13.5809290192963 -16.1135709811142 -18.9592284196577 -21.7459953056231 -25.0196705274728
-9999 -9999 -9999 -9999 -9999 -9999 -9999 -9999 -9999 -9999 -9999 -9999 -9999 -37.6443682348294 -28.4136319600582 -48.4974168172576 -72.1597675014596 -118.738683241 -119.462652331657 -85.3999313785405 -63.1118633190317 -20.2503400041576 -12.2398568145482 -12.7850300256677 -14.9062520400353 -5.24179859761619 -4.30827069024121 -3.64143264508746 -4.38169522013899 -3.94236016037494 -4.76760398200715 -5.77004865161917 -5.96340730808267 -6.76307018811985 -7.41710229976286 -8.44409681073857 -8.91029175024042 -9.74465748085033 -10.5149595990723 -10.9233527865162 -11.6116095081433 -11.6745596946869 -12.8829690671295 -14.3038071239578 -13.2330110032051 -12.1330756541836 -10.6979793407406 -9.47855715755444 -9.54894244034507 -10.6423983525134 -12.0444935922396 -13.9693576478847 -16.1289265154024 -18.299975197045 -20.4950692287585 -23.3709534216528
-9999 -9999 -9999 -9999 -9999 -9999 -9999 -9999 -9999 -9999 -9999 -9999 -9999 -9999 -26.558309214191 -44.0848951175544 -74.7118547520299 -121.078682953889 -135.450827934925 -121.66362921904 -95.1571790163235 -70.4878050629404 -66.3465934713496 -68.3818953735755 -59.3641231649041 -42.2322482774903 -26.5495873665886 -11.7307543113049 -7.95306917246217 -5.32299952001392 -5.44756412545824 -4.1990464280063 -5.20584809772852 -6.13714835944767 -6.55406215118069 -7.44559609949696 -8.11891077490808 -9.01104176173677 -9.8099976392973 -10.3776148136011 -10.9335738837207 -11.7925155485053 -12.8331576178867 -14.1887298691834 -13.8753457324034 -12.876275786288 -11.6530778141487 -10.8809684138238 -11.0077624052342 -11.7190713227097 -13.1045014149219 -14.413914534524 -15.9269039836143 -17.3719821002702 -18.4128260196886 -20.0621204392724
-9999 -9999 -9999 -9999 -9999 -9999 -9999 -9999 -9999 -9999 -9999 -9999 -9999 -9999 -25.1922358928724 -40.7610334515349 -63.7204918624119 -105.631938461039 -134.556476279094 -139.427559108494 -135.239590980694 -143.739218616475 -183.461815480669 -191.159348855349 -147.223621048937 -139.816512551409 -88.3312098332345 -43.9323076630581 -27.4459758386713 -13.0359226103397 -7.47203039593259 -6.1083460346759 -4.68347255944864 -4.96140705170345 -5.41564977968625 -6.32492945566789 -7.19657238943485 -7.89336379644489 -9.07912173414093 -9.5379843202727 -10.6675076269915 -12.2962069808034 -13.1476038155015 -13.9863209845149 -14.3673461946974 -13.8747241134399 -12.8712276244297 -12.2510235562298 -12.2933141008913 -12.7445256209292 -14.1240631657004 -14.6602745495853 -15.5632235101053 -16.2159936599933 -16.3576389527309 -16.5255766167259
-9999 -9999 -9999 -9999 -9999 -9999 -9999 -9999 -9999 -9999 -9999 -9999 -9999 -9999 -9999 -28.1929594013517 -44.5582714008612 -78.8580302471028 -116.194431854876 -148.723924168987 -186.584861424315 -203.023696722686 -239.46531241592 -254.747882751576 -251.08924952184 -258.344568821635 -212.796029232659 -177.480118893565 -122.663185254185 -55.5994552596757 -20.5817947738758 -7.20651247506389 -4.98451415549692 -6.74122986790518 -6.3577543134617 -6.62436630249873 -7.10758171728791 -7.70692085631903 -8.2704039430131 -9.08769915749965 -10.3863560814866 -11.9246509974641 -13.0436365091366 -14.4342026349103 -14.9622603117793 -14.2592700972191 -13.5675658810214 -13.0685160761531 -12.9400445239538 -12.9914551435222 -13.3700769850437 -13.9522871080134 -14.4366201020381 -14.7682843878994 -14.9602539008585 -14.8245021495116
-9999 -9999 -9999 -9999 -9999 -9999 -9999 -9999 -9999 -9999 -9999 -9999 -9999 -9999 -9999 -38.6582020850028 -45.4238345620006 -61.1592982571355 -96.4461240103084 -145.308373741249 -218.124393674085 -224.910187610075 -278.317904797978 -288.78833151638 -294.525832385702 -380.874950214989 -317.303021725842 -343.849097204464 -264.07410991999 -110.04191606997 -46.7131646726645 -15.5007410160384 -6.15026532929379 -8.20810948461412 -7.96522211349349 -8.26579582543773 -8.62027514353841 -8.80321553431406 -9.2537817555968 -10.0655449125732 -10.8555431400801 -12.1516024495128 -13.1613003247422 -14.4170894192606 -14.5658075618968 -14.6292372339731 -14.0591140442573 -13.6144373527855 -13.2081576757945 -12.7328854307142 -12.5967775155036 -12.8206349272044 -13.1228283223886 -13.4165047028189 -13.8209527852049 -13.753314775085
-9999 -9999 -9999 -9999 -9999 -9999 -9999 -9999 -9999 -9999 -9999 -9999 -9999 -9999 -9999 -36.4629354685926 -61.3040985729154 -56.0029141703467 -73.4427877533796 -104.125896645501 -147.186125469345 -183.949537223598 -222.333066363585 -242.307910644894 -235.139553277209 -242.477254960901 -254.823992394059 -266.781993798742 -215.77643199936 -130.055594640062 -65.1281475128981 -25.4746654007211 -9.05767303250546 -8.63849132375746 -8.72069501070149 -8.63717971376916 -9.50442862587522 -10.640588592379 -11.5929653922123 -12.2531537405238 -12.956381063129 -12.3910745794218 -13.0380462820885 -14.188435527411 -14.6358003666325 -14.6021278581955 -14.2785690134955 -13.9487975900335 -13.5663713786737 -12.75618373985 -11.7313859967021 -12.0304438416078 -12.1017688218 -12.5922575297667 -13.7380356817346 -13.8404656382521
-9999 -9999 -9999 -9999 -9999 -9999 -9999 -9999 -9999 -9999 -9999 -9999 -9999 -9999 -9999 -9999 -80.2692278433088 -76.3794196617328 -66.1492097676721 -70.423946555931 -95.9627543263949 -131.198433907141 -165.114702056555 -190.650137665745 -188.089926953048 -189.308237091018 -206.469429819781 -227.38155211205 -190.488409655225 -139.318339898533 -89.7845755822436 -45.5036469369525 -16.5334054703516 -13.4151199415753 -9.04585054166185 -7.86919979645666 -9.92333232216417 -11.5333802515643 -12.0869170568009 -11.9729644080923 -12.9916941756961 -12.137315925077 -12.3437455970591 -13.6258803040747 -13.7836737026401 -14.0873810508986 -14.8275555899893 -14.7265893061626 -14.6538834775858 -13.9094876208666 -12.6235704840834 -13.6976869128756 -13.5752001791356 -14.2518827562761 -16.134322482679 -16.1026940765762
-9999 -9999 -9999 -9999 -9999 -9999 -9999 -9999 -9999 -9999 -9999 -9999 -9999 -9999 -9999 -9999 -9999 -64.3830374994417 -99.3967456714784 -74.1028738822802 -67.2181713785017 -88.6667919083476 -120.244972855896 -153.437721127731 -173.137423237915 -190.888450248804 -208.852019407117 -216.852549304016 -187.118969136694 -152.456190401357 -120.63739907005 -78.0973820474241 -52.0187754296779 -31.6194368528561 -15.851963991067 -8.81679678861693 -8.80211336776716 -10.0517495036369 -11.0178758354579 -10.2900766583681 -10.2711436985282 -10.6808991571379 -11.5686399691155 -12.8422176627028 -13.4023133856911 -13.6717878300976 -14.6762152710258 -15.7496550999966 -16.7011970025589 -17.3286926874429 -18.4215699066723 -18.5346696565599 -19.1784781744671 -19.8885031152286 -20.3608972677672 -20.8152229023107
-9999 -9999 -9999 -9999 -9999 -9999 -9999 -9999 -9999 -9999 -9999 -9999 -9999 -9999 -9999 -9999 -9999 -9999 -9999 -128.181657423189 -92.0514434694673 -86.0442157074925 -98.8047943668552 -130.370940925255 -159.866200775149 -187.113324496512 -217.107428554439 -229.356302648682 -199.317731488421 -165.279008597101 -142.722605089847 -107.831525510199 -92.8717009974897 -76.041936433269 -36.9891629328282 -16.5828422391602 -13.166730842917 -9.39775449184514 -9.87177993414308 -8.9831986300685 -9.20893595463455 -9.45447286674305 -10.3812783554317 -11.5844758839367 -12.2214984484879 -13.110985892304 -13.8994364501964 -14.9166495962549 -16.7464934412682 -19.0217782549326 -21.5774057750346 -21.8231944550463 -22.2312394861756 -22.7519429413463 -23.5661335810885 -23.647449393605
-9999 -9999 -9999 -9999 -9999 -9999 -9999 -9999 -9999 -9999 -9999 -9999 -9999 -9999 -9999 -9999 -9999 -9999 -9999 -9999 -9999 -113.213889413165 -88.3752177383878 -100.632908218805 -125.592924337599 -165.135288525387 -195.982108743656 -213.446837045423 -207.164955933158 -173.171508783054 -149.215368084238 -125.759671892656 -128.912993208499 -117.676159716744 -78.5371217676751 -51.8026020358553 -25.7039749561845 -11.2547703674807 -9.96156604876428 -7.64186760245028 -8.05100331032268 -8.72096959468475 -9.38680505951835 -10.4596300306239 -11.6632492322658 -12.4646241641457 -13.1966464508316 -14.0301521725009 -15.7785051246463 -18.5482729709615 -21.2607221980399 -22.6196367523049 -22.9352130389646 -23.334245367549 -23.4996168717623 -22.8055179178213
-9999 -9999 -9999 -9999 -9999 -9999 -9999 -9999 -9999 -9999 -9999 -9999 -9999 -9999 -9999 -9999 -9999 -9999 -9999 -9999 -9999 -9999 -9999 -90.5475280977696 -92.4924645759406 -113.462036300354 -143.657584651073 -175.987794336072 -190.660420764646 -181.968256282744 -169.977270558842 -144.276731074754 -147.81587997065 -138.280945289914 -111.560771577467 -90.1236615159083 -54.5698197089418 -23.1221564533433 -10.4002765006909 -7.2282331033346 -5.90750582582888 -7.06049472794771 -8.04885984384311 -9.21779352158808 -10.6658763869936 -11.5887097939321 -12.4329039748913 -13.0623221807523 -14.7170870908108 -17.4496959416142 -20.2944122651508 -21.4916355340634 -22.0958181983878 -22.9246042134282 -23.2244351790842 -22.6564131072639
-9999 -9999 -9999 -9999 -9999 -9999 -9999 -9999 -9999 -9999 -9999 -9999 -9999 -9999 -9999 -9999 -9999 -9999 -9999 -9999 -9999 -9999 -9999 -9999 -9999 -64.1195093369307 -88.5668202387376 -126.011148035155 -157.15096521234 -172.061595063635 -176.683916085802 -165.532819127859 -169.020502041782 -158.564532495824 -140.598328658925 -139.641753754073 -84.9815956178418 -52.1027351776103 -27.0864805757043 -7.02106566143738 -4.19480552251171 -5.81661286728258 -6.52162189209196 -8.22956493851266 -9.5915980215203 -10.55088665277 -11.4121164007397 -12.0647473246932 -13.6934215763643 -16.4958299862172 -19.3221422177176 -20.5551525679456 -20.7194493844023 -21.7483569439856 -23.6550970476289 -24.6532648587972
-9999 -9999 -9999 -9999 -9999 -9999 -9999 -9999 -9999 -9999 -9999 -9999 -9999 -9999 -9999 -9999 -9999 -9999 -9999 -9999 -9999 -9999 -9999 -9999 -9999 -85.9143070073361 -77.1887489930529 -89.4460118235119 -118.658394410369 -148.599072574715 -173.055292538994 -182.062502008679 -189.583807737923 -171.775529614539 -145.458391580924 -132.928526809692 -94.6718942439201 -63.1318046499886 -31.3213457622547 -7.75470919869531 -2.58486720856188 -4.91202099395579 -5.52753611946203 -7.2978548476173 -8.46117900501605 -9.25862171570838 -9.7698317328005 -10.3263697665422 -12.1295644052169 -15.395144322398 -18.2584874564539 -19.4469374674635 -19.8077158143827 -21.1751962494217 -23.2479747376772 -25.0371681139719
-9999 -9999 -9999 -9999 -9999 -9999 -9999 -9999 -9999 -9999 -9999 -9999 -9999 -9999 -9999 -9999 -9999 -9999 -9999 -9999 -9999 -9999 -9999 -9999 -9999 -9999 -9999 -82.3512503780683 -91.0432007351517 -114.913386227063 -153.290559700701 -177.321551691897 -187.723677521496 -182.208171121351 -156.078092872194 -131.033075474009 -98.4244859575968 -74.5492535048918 -35.6165827517569 -7.44641051495968 -2.36447780282943 -3.10062392533629 -4.47047711884999 -6.85488225540956 -7.14982224520003 -7.40562991888292 -8.58986980637407 -8.84231099549786 -10.6027075044891 -14.6649175633967 -18.4070416419573 -19.0935876946388 -18.8709283678801 -20.1529198843338 -22.7639761842264 -24.7747149132637
-9999 -9999 -9999 -9999 -9999 -9999 -9999 -9999 -9999 -9999 -9999 -9999 -9999 -9999 -9999 -9999 -9999 -9999 -9999 -9999 -9999 -9999 -9999 -9999 -9999 -9999 -9999 -104.141616792226 -92.9333928668043 -100.777364873166 -127.130317612643 -165.753793168938 -192.256949949547 -197.780883883116 -173.56004509467 -138.467190774176 -109.413179769807 -84.2632886466815 -44.5547452191942 -11.9239758997227 -2.5534610479155 -2.56527207997926 -2.33202012876078 -3.9586985939254 -5.83286348232549 -6.74288379785212 -7.90275540064289 -8.83291316956565 -10.8611246864926 -13.8884366458083 -16.6813901666922 -18.5595150535039 -19.5459573017698 -20.9682502219106 -22.297220446319 -23.018018575481
-9999 -9999 -9999 -9999 -9999 -9999 -9999 -9999 -9999 -9999 -9999 -9999 -9999 -9999 -9999 -9999 -9999 -9999 -9999 -9999 -9999 -9999 -9999 -9999 -9999 -9999 -9999 -9999 -105.439996441749 -86.9564687411244 -98.8430248667859 -146.512831993075 -195.531643089614 -212.340299560033 -183.195748905818 -144.085880943155 -116.052083813651 -93.6802043924296 -57.081383349279 -20.1310317397126 -3.75927273834344 -2.14627896325248 -2.37186489881512 -2.67439538400692 -4.55291983688196 -6.99146252782917 -8.35643516464356 -9.92336172046283 -12.0554425496701 -13.0238270855262 -14.9737231526647 -17.5417000397909 -21.0779140792282 -22.5686242104694 -22.1027785437075 -21.4211164272554
-9999 -9999 -9999 -9999 -9999 -9999 -9999 -9999 -9999 -9999 -9999 -9999 -9999 -9999 -9999 -9999 -9999 -9999 -9999 -9999 -9999 -9999 -9999 -9999 -9999 -9999 -9999 -9999 -120.778787322342 -86.967967333482 -90.3820567715319 -136.519502424245 -191.227867887513 -216.538825158576 -192.423224576067 -149.111522372013 -123.212099283168 -100.439676401507 -59.1232251457549 -25.0774216187157 -4.56874063797988 -0.862378002261017 -3.90386506550116 -2.91483044238409 -4.57621632444426 -5.66765788505488 -8.09191575046423 -10.2847063706655 -12.3995470725269 -12.4474991668992 -13.7175284885339 -15.8284399432346 -19.7387218975506 -21.4462072978533 -21.0209272075111 -19.199527756958
-9999 -9999 -9999 -9999 -9999 -9999 -9999 -9999 -9999 -9999 -9999 -9999 -9999 -9999 -9999 -9999 -9999 -9999 -9999 -9999 -9999 -9999 -9999 -9999 -9999 -9999 -9999 -9999 -128.227310011385 -83.5889923929524 -82.0435906862702 -131.285682952468 -191.786164779935 -221.406714226479 -195.943078461841 -151.229318075593 -127.137702187429 -98.1849794973377 -59.3126682735072 -29.2057723917417 -5.60651477320266 -0.671827251513367 -4.54231094002325 -4.20426103485691 -5.83380761786904 -7.41506935391506 -7.3587872196391 -9.71179429777445 -12.0781454313173 -11.8331877459973 -11.5207922198216 -14.5151033680232 -18.349662765004 -19.4635505123458 -18.1856353537267 -17.1141157358364
-9999 -9999 -9999 -9999 -9999 -9999 -9999 -9999 -9999 -9999 -9999 -9999 -9999 -9999 -9999 -9999 -9999 -9999 -9999 -9999 -9999 -9999 -9999 -9999 -9999 -9999 -9999 -9999 -127.094320566197 -83.5200618421895 -83.8550297918457 -133.943478943274 -196.072754599321 -225.972707657136 -207.931676691607 -166.777607335005 -132.232181563554 -95.6739580491541 -55.5635091375213 -25.9488054528317 -4.34603291470488 -1.60730318928938 -5.68984022418771 -5.39737725741611 -7.77307131202183 -8.23854019849511 -7.52844913498028 -7.20730995155187 -8.3578972512359 -9.93854274998962 -11.6807368150945 -13.1553693548339 -14.542172515478 -14.7322070487933 -13.9754416639821 -13.5377003750661
-9999 -9999 -9999 -9999 -9999 -9999 -9999 -9999 -9999 -9999 -9999 -9999 -9999 -9999 -9999 -9999 -9999 -9999 -9999 -9999 -9999 -9999 -9999 -9999 -9999 -9999 -9999 -9999 -125.099596645754 -82.1002495019861 -86.7216562713685 -143.496867124823 -204.724622306404 -232.388897410297 -213.673039364092 -183.218416857888 -132.105355309291 -91.7069909729678 -51.9049144100736 -22.7448063097984 -3.43896156678011 -3.08729327779923 -6.39001881704004 -6.61544070502214 -9.16035255719705 -10.1064739276042 -8.29090406909201 -6.59010634897474 -6.20649615846876 -7.89477386668736 -11.3363701243131 -11.1110829936626 -10.7719228681137 -10.6952417798916 -10.5558117440272 -10.3455385444248
