meets/meet004/_saidas_enm/CCSM_Maxent_6k_Aralia_warmingiana5.asc
NCOLS 154 
NROWS 168 
XLLCORNER -112 
YLLCORNER -55.5 
CELLSIZE 0.5 
NODATA_value -9999 
[rows 50 to 74 of 168, columns 56 to 111 of 154]
-9999 -9999 -9999 -9999 -9999 -9999 -9999 -9999 -9999 -9999 -9999 -9999 -9999 0.000318639766192064 0.000411143060773611 0.00344950472936034 0.0165840182453394 0.0671622231602669 0.14580212533474 0.240369126200676 0.28643074631691 0.252543121576309 0.13894522190094 0.0773100256919861 0.0682786330580711 0.0631266161799431 0.039409264922142 0.0239582676440477 0.0142949558794498 0.00710636144503951 0.00431696511805058 0.00642954325303435 0.0100563978776336 0.0221829693764448 0.0621401779353619 0.137918666005135 0.167805880308151 0.17790587246418 0.161937907338142 0.159828066825867 0.142315551638603 0.143912956118584 0.128118082880974 0.07744250446558 0.0308957379311323 0.00880402605980635 0.0196419302374125 0.0228711850941181 0.0359292551875114 0.0813993886113167 0.0942474976181984 0.185793802142143 0.252019912004471 0.227869912981987 0.195793554186821 0.188875570893288
-9999 -9999 -9999 -9999 -9999 -9999 -9999 -9999 -9999 -9999 -9999 -9999 -9999 0.000756664201617241 0.00138382019940764 0.00847325194627047 0.0345465838909149 0.0970627218484879 0.171700656414032 0.234465435147285 0.245656862854958 0.200272843241692 0.137146785855293 0.0915007218718529 0.0667030587792397 0.0549317747354507 0.0354155004024506 0.0191869009286165 0.00999156292527914 0.0051532294601202 0.00354551756754518 0.00497928494587541 0.0094923609867692 0.0221632458269596 0.0574715472757816 0.125728756189346 0.176499024033546 0.193275019526482 0.185185968875885 0.167195647954941 0.158763393759727 0.145348221063614 0.101128943264484 0.0585223063826561 0.0284297466278076 0.0181173328310251 0.0234499089419842 0.0338632799685001 0.0558337904512882 0.108484588563442 0.17039293050766 0.260285466909409 0.279725730419159 0.250190287828445 0.205538481473923 0.194922924041748
-9999 -9999 -9999 -9999 -9999 -9999 -9999 -9999 -9999 -9999 -9999 0.00343235349282622 0.00121788983233273 0.00120319298002869 0.00358820683322847 0.0207782834768295 0.0537989363074303 0.119278639554977 0.175122857093811 0.190044984221458 0.185699507594109 0.138590142130852 0.100626468658447 0.0717474892735481 0.044891569763422 0.0321362279355526 0.0159233454614878 0.00730097992345691 0.00396702857688069 0.00342763774096966 0.00307601923123002 0.0029381369240582 0.00562347425147891 0.0164676904678345 0.0558962151408195 0.115987710654736 0.162834540009499 0.195657521486282 0.188279449939728 0.166194528341293 0.167266741394997 0.135766088962555 0.0950229540467262 0.0660659000277519 0.0486957803368568 0.0481884516775608 0.0620048008859158 0.0855646356940269 0.132671609520912 0.22522035241127 0.31347319483757 0.352213025093079 0.318724691867828 0.27154016494751 0.202752396464348 0.193271085619926
-9999 -9999 -9999 -9999 -9999 -9999 -9999 -9999 -9999 -9999 0.00643016491085291 0.00241001485846937 0.00127839634660631 0.00178431766107678 0.00538971135392785 0.0215693712234497 0.0552776120603085 0.0975020229816437 0.110930800437927 0.104921638965607 0.091075174510479 0.0667005255818367 0.0458871573209763 0.0321171507239342 0.0208323709666729 0.0112458765506744 0.00485446769744158 0.00368894473649561 0.00321642123162746 0.0030709826387465 0.00296922167763114 0.00296752620488405 0.00345251802355051 0.0129255931824446 0.0461721085011959 0.107696279883385 0.154865860939026 0.187259823083878 0.19190089404583 0.177527159452438 0.161743968725204 0.11877728253603 0.0918249934911728 0.0827629268169403 0.0868811085820198 0.112908817827702 0.144673213362694 0.203140169382095 0.273949414491653 0.346987187862396 0.409728974103928 0.359182000160217 0.314482122659683 0.255969673395157 0.187173262238503 0.184301659464836
-9999 -9999 -9999 -9999 -9999 -9999 -9999 -9999 -9999 -9999 0.00472936267033219 0.00391753017902374 0.00584891298785806 0.00877867732197046 0.0089498870074749 0.0165256857872009 0.0343403331935406 0.0461424700915813 0.048211146146059 0.0438092350959778 0.0373178422451019 0.0270339101552963 0.0185776613652706 0.0122109837830067 0.00666884193196893 0.00452494295313954 0.00380493188276887 0.00309105264022946 0.00278605450876057 0.00284260674379766 0.00285086943767965 0.00302460207603872 0.00309780100360513 0.00858459435403347 0.0349088050425053 0.093060128390789 0.134326532483101 0.175386384129524 0.19040659070015 0.195683166384697 0.189623355865479 0.139215841889381 0.118286684155464 0.11732979118824 0.140885025262833 0.204147472977638 0.243381068110466 0.323030740022659 0.391202867031097 0.410024493932724 0.370794713497162 0.308475732803345 0.256580352783203 0.208290904760361 0.157061338424683 0.176481127738953
-9999 -9999 -9999 -9999 -9999 -9999 -9999 -9999 0.00692304084077477 0.00933471601456404 0.0100667113438249 0.0167854074388742 0.0208818949759007 0.0285637956112623 0.0179781187325716 0.00922252237796783 0.0156932603567839 0.0208830516785383 0.0209352355450392 0.0172631610184908 0.0130319846794009 0.0095156142488122 0.00664415489882231 0.00424267118796706 0.00411402015015483 0.00393930543214083 0.00318040978163481 0.00271135824732482 0.00252631469629705 0.00260884128510952 0.0027620738837868 0.00290211709216237 0.00311082624830306 0.00552806491032243 0.0222748331725597 0.0622742995619774 0.105783179402351 0.143211707472801 0.16677924990654 0.161140039563179 0.150524973869324 0.12528170645237 0.111772567033768 0.123250193893909 0.153504863381386 0.211107179522514 0.267153739929199 0.324978798627853 0.330155909061432 0.299610704183578 0.266206622123718 0.224395975470543 0.183364197611809 0.155011296272278 0.133390471339226 0.188519507646561
-9999 -9999 -9999 -9999 -9999 -9999 -9999 -9999 0.00899874977767467 0.0158692207187414 0.0550800301134586 0.0723749548196793 0.0806272178888321 0.0612101294100285 0.0328278690576553 0.0161513816565275 0.00771540636196733 0.00801521446555853 0.00624479213729501 0.0044824006035924 0.00376757513731718 0.00349133228883147 0.00335852173157036 0.00326629565097392 0.00310583016835153 0.00305282743647695 0.00274164509028196 0.00248416373506188 0.0023652957752347 0.00250097061507404 0.00268785725347698 0.00286839413456619 0.00306153576821089 0.00340723711997271 0.0120578445494175 0.0329049080610275 0.0562252625823021 0.0833481997251511 0.0948291197419167 0.0923074930906296 0.0907317698001862 0.0803189277648926 0.0798906683921814 0.088878870010376 0.10681413859129 0.146729290485382 0.182736441493034 0.21003146469593 0.175609305500984 0.151029571890831 0.137603998184204 0.118186175823212 0.108078233897686 0.105474323034286 0.101543039083481 0.180099293589592
-9999 -9999 -9999 -9999 -9999 -9999 -9999 0.0154256485402584 0.0132271302863955 0.0420768149197102 0.150693103671074 0.151587083935738 0.187700539827347 0.135785177350044 0.0664176121354103 0.0290478691458702 0.0148281184956431 0.00593551201745868 0.00294930837117136 0.00258251931518316 0.00263690622523427 0.00279650161974132 0.00279919640161097 0.00289095425978303 0.00299938931129873 0.00287666078656912 0.0029444582760334 0.00295895175077021 0.00287524308077991 0.00289156707003713 0.00280430587008595 0.00277396640740335 0.00295521900989115 0.00324644311331213 0.00596246775239706 0.0135832000523806 0.0245237797498703 0.0335500203073025 0.0406074337661266 0.0429571680724621 0.0440607741475105 0.0434209816157818 0.0435782596468925 0.0502713285386562 0.0613263174891472 0.0787536427378654 0.0944888591766357 0.0786735266447067 0.0615431368350983 0.0507295243442059 0.0463100671768188 0.0446931272745132 0.0499593764543533 0.0574065633118153 0.0659242942929268 0.159254938364029
-9999 -9999 -9999 -9999 -9999 -9999 -9999 0.0165113843977451 0.0312312878668308 0.164353802800179 0.314390510320663 0.275740414857864 0.255597651004791 0.178611904382706 0.104310795664787 0.0568026527762413 0.0271898433566093 0.0121020087972283 0.00489677954465151 0.00313711655326188 0.00288647902198136 0.00294462242163718 0.00291809649206698 0.00301323598250747 0.00313398195430636 0.00312148313969374 0.00335759483277798 0.00350591004826128 0.00357887079007924 0.00365814287215471 0.00364452763460577 0.00367473438382149 0.00368522200733423 0.00355186546221375 0.00332210375927389 0.00617954088374972 0.0102027356624603 0.0141993872821331 0.0166705548763275 0.0178737565875053 0.0185293443500996 0.017119025811553 0.0177974049001932 0.0194915868341923 0.0210084188729525 0.0254280809313059 0.0235844161361456 0.0173729863017797 0.0125527018681169 0.0111906919628382 0.0121748810634017 0.0155550157651305 0.0201750416308641 0.0266690421849489 0.038009874522686 0.114156469702721
-9999 -9999 -9999 -9999 -9999 -9999 0.0252163801342249 0.03800343349576 0.153326585888863 0.337321639060974 0.440101206302643 0.349377155303955 0.244361609220505 0.164590954780579 0.129824787378311 0.0794552639126778 0.0458899065852165 0.0221085045486689 0.0100502194836736 0.00673109386116266 0.00460544507950544 0.00401825504377484 0.00366068072617054 0.00377201032824814 0.00374967511743307 0.00378665304742754 0.00401045195758343 0.00430765887722373 0.00447293091565371 0.00455042300745845 0.00457286741584539 0.0046272361651063 0.00474816653877497 0.00470874225720763 0.00457010185346007 0.00453298445791006 0.00637209042906761 0.0081590972840786 0.00921939313411713 0.00918440241366625 0.00867986772209406 0.00742361322045326 0.00593303050845861 0.00586379179731011 0.00897416844964027 0.0134998913854361 0.0135765112936497 0.0143291680142283 0.0143567062914371 0.0145232602953911 0.0155799333006144 0.0186735093593597 0.023905185982585 0.0336456224322319 0.043486263602972 0.0721523761749268
-9999 -9999 -9999 -9999 -9999 -9999 0.0534384660422802 0.13155934214592 0.315152764320374 0.494792222976685 0.530447244644165 0.408237546682358 0.26883202791214 0.204022765159607 0.161181166768074 0.110962249338627 0.0654407888650894 0.0329630076885223 0.0183338057249784 0.0140668321400881 0.0114237172529101 0.0103517984971404 0.00973094720393419 0.0101235788315535 0.0101341484114528 0.0094916932284832 0.00989722367376089 0.0101059786975384 0.0105022704228759 0.0107951639220119 0.0103994160890579 0.010362901724875 0.00975642073899508 0.0091797299683094 0.00859448127448559 0.00796218495815992 0.00756516726687551 0.00726538011804223 0.00749569432809949 0.00852502137422562 0.00934163294732571 0.0110715804621577 0.0128955012187362 0.0173837393522263 0.0242268480360508 0.0228252224624157 0.0229377821087837 0.0218219198286533 0.0210843607783318 0.0219949502497911 0.0224986523389816 0.0263468362390995 0.0306816212832928 0.0386500060558319 0.0507808737456799 0.0659094452857971
-9999 -9999 -9999 -9999 -9999 -9999 0.111269854009151 0.216049581766129 0.397860616445541 0.553957343101501 0.583141267299652 0.470554232597351 0.324723809957504 0.284612536430359 0.21368844807148 0.136349275708199 0.0967364683747292 0.0496848821640015 0.0299449358135462 0.0232939776033163 0.0198883730918169 0.019824892282486 0.0201080907136202 0.0206455327570438 0.0193224288523197 0.0183833129703999 0.0188767556101084 0.0204959940165281 0.0211971309036016 0.0205441582947969 0.0204605739563704 0.0195374917238951 0.0189836807549 0.0179683137685061 0.0164191722869873 0.0155729046091437 0.0158606506884098 0.0170728377997875 0.0182565152645111 0.0213543996214867 0.0253118686378002 0.0278227459639311 0.0344112850725651 0.0363016277551651 0.0337446518242359 0.0314130745828152 0.029236288741231 0.0288518480956554 0.0282287802547216 0.0280225314199924 0.0293883811682463 0.0324194729328156 0.0375387631356716 0.0467172525823116 0.0550909303128719 0.0683229938149452
-9999 -9999 -9999 -9999 -9999 -9999 -9999 0.322672009468079 0.452420026063919 0.60088837146759 0.593173682689667 0.511332154273987 0.390346169471741 0.362353891134262 0.289680302143097 0.205132693052292 0.146942183375359 0.0770986825227737 0.0490271933376789 0.0402771309018135 0.0350120179355145 0.0346878804266453 0.0358075685799122 0.0368418768048286 0.0364687256515026 0.0352308340370655 0.0374515540897846 0.0398223027586937 0.0422474481165409 0.0427440665662289 0.0412230119109154 0.0407247468829155 0.0383201092481613 0.037099689245224 0.0365975573658943 0.035285621881485 0.0372149534523487 0.0392149165272713 0.0432176180183887 0.051655650138855 0.0531667917966843 0.0530802346765995 0.052709799259901 0.0540861785411835 0.0503555163741112 0.0448638424277306 0.0436196103692055 0.0412769131362438 0.0401384718716145 0.0408640392124653 0.0416832529008389 0.0462037175893784 0.0507017560303211 0.0590031780302525 0.0690353512763977 0.078630693256855
-9999 -9999 -9999 -9999 -9999 -9999 -9999 -9999 0.489387512207031 0.596702814102173 0.611025810241699 0.544736504554749 0.433124929666519 0.417735278606415 0.340964317321777 0.261224359273911 0.192158132791519 0.0987735092639923 0.0678406953811646 0.0581199526786804 0.0527850165963173 0.0519128665328026 0.0548839569091797 0.0576992928981781 0.0572671853005886 0.0583268441259861 0.0624937638640404 0.0688582062721252 0.0744432285428047 0.0739664882421494 0.0745232105255127 0.0713876262307167 0.0697631239891052 0.0682967379689217 0.0676785930991173 0.0702141597867012 0.0708330497145653 0.0766447484493256 0.0787124782800674 0.0728816986083984 0.0683665499091148 0.0666171312332153 0.0673014298081398 0.0686295256018639 0.0630993992090225 0.0583344548940659 0.0547655932605267 0.0536922439932823 0.0512962825596333 0.0499522052705288 0.0508280768990517 0.0555148869752884 0.0622182711958885 0.0730130523443222 0.0815076902508736 0.0913690105080605
-9999 -9999 -9999 -9999 -9999 -9999 0.27312433719635 0.374456375837326 0.538252949714661 0.591640651226044 0.60211968421936 0.546607136726379 0.444706618785858 0.414753794670105 0.383552730083466 0.320482760667801 0.206800997257233 0.120975710451603 0.0879584327340126 0.0799569115042686 0.0777099877595901 0.0773743018507957 0.0786447003483772 0.0820333510637283 0.089115709066391 0.0957314670085907 0.104994349181652 0.114039614796638 0.122908145189285 0.127327859401703 0.126647025346756 0.125497803092003 0.122718498110771 0.12168674916029 0.122306622564793 0.123453728854656 0.130166724324226 0.117444023489952 0.105809584259987 0.0989371538162231 0.0920704901218414 0.0917507335543633 0.0915114209055901 0.0896608009934425 0.0775302574038506 0.0673933178186417 0.0628258362412453 0.0593486651778221 0.0570397339761257 0.0560237690806389 0.0562027916312218 0.061376977711916 0.0688684582710266 0.0812299996614456 0.0967366695404053 0.115027651190758
-9999 -9999 -9999 -9999 -9999 0.246898710727692 0.282017678022385 0.393182963132858 0.527238786220551 0.57791393995285 0.617185890674591 0.543993890285492 0.42588672041893 0.386849761009216 0.381800353527069 0.352117091417313 0.203981503844261 0.133573070168495 0.106114134192467 0.0979196801781654 0.101602144539356 0.101591169834137 0.106966212391853 0.113452881574631 0.124093718826771 0.142123147845268 0.153008207678795 0.170044332742691 0.184670880436897 0.192015022039413 0.195631057024002 0.195106819272041 0.195317283272743 0.194036394357681 0.189996480941772 0.183864235877991 0.164240792393684 0.149324953556061 0.135461285710335 0.123359881341457 0.112933114171028 0.106835253536701 0.10349029302597 0.0968265235424042 0.0825268179178238 0.0702898800373077 0.0671334192156792 0.0652517378330231 0.06330506503582 0.0608044825494289 0.0598505884408951 0.0670549347996712 0.0753656625747681 0.0890176743268967 0.107183791697025 0.134661614894867
-9999 -9999 -9999 -9999 -9999 0.263228535652161 0.371011912822723 0.425412535667419 0.540299534797668 0.554478108882904 0.556354522705078 0.515113413333893 0.434869647026062 0.387042671442032 0.376863270998001 0.291336447000504 0.201140940189362 0.142236843705177 0.118389397859573 0.120201796293259 0.123502925038338 0.128267899155617 0.136636063456535 0.147389352321625 0.163146957755089 0.184941053390503 0.206632256507874 0.22713877260685 0.24623891711235 0.246229901909828 0.239740312099457 0.232920259237289 0.226083397865295 0.220537438988686 0.215239152312279 0.205210953950882 0.19078017771244 0.173535823822021 0.156576260924339 0.140662759542465 0.126173049211502 0.116698950529099 0.108005829155445 0.100891798734665 0.0908354744315147 0.0799882039427757 0.0751467645168304 0.0722558200359344 0.0703799650073051 0.0692197903990746 0.0701297074556351 0.0756708234548569 0.0843513160943985 0.0975165814161301 0.112862043082714 0.131544426083565
-9999 -9999 -9999 -9999 -9999 -9999 0.411799252033234 0.491214096546173 0.541559278964996 0.531824171543121 0.514174938201904 0.518093109130859 0.458481281995773 0.417039424180984 0.392061591148376 0.297492772340775 0.227388277649879 0.157051756978035 0.135020166635513 0.144597336649895 0.147179141640663 0.165356829762459 0.174879789352417 0.191367834806442 0.212240666151047 0.234942570328712 0.264715820550919 0.264592200517654 0.259581357240677 0.256007969379425 0.246789738535881 0.248167425394058 0.240955367684364 0.237039744853973 0.234624937176704 0.22446882724762 0.207927495241165 0.187104970216751 0.169151112437248 0.154807612299919 0.138812214136124 0.128329113125801 0.115995891392231 0.108169987797737 0.103982396423817 0.0910061821341515 0.0862988904118538 0.0819636434316635 0.0796967595815659 0.0783927366137505 0.079724907875061 0.0853211358189583 0.093331590294838 0.104473456740379 0.115032233297825 0.12686388194561
-9999 -9999 -9999 -9999 -9999 -9999 0.423473715782166 0.480560213327408 0.507178008556366 0.528259813785553 0.503233909606934 0.475110411643982 0.449210435152054 0.435972064733505 0.42182195186615 0.369775414466858 0.318881124258041 0.169293954968452 0.132955268025398 0.157467648386955 0.196745380759239 0.209913551807404 0.22331503033638 0.242596641182899 0.264711529016495 0.296626687049866 0.291459113359451 0.278525143861771 0.268815696239471 0.26326596736908 0.25810718536377 0.252110719680786 0.246976748108864 0.241272509098053 0.235513776540756 0.225991129875183 0.210488691926003 0.193025678396225 0.178131014108658 0.166070282459259 0.153537571430206 0.142032310366631 0.131005465984344 0.123451687395573 0.118885226547718 0.109608247876167 0.101678721606731 0.0956583097577095 0.0918522030115128 0.0885277464985847 0.0880475789308548 0.0939849317073822 0.101411990821362 0.110417298972607 0.117382846772671 0.124252676963806
-9999 -9999 -9999 -9999 -9999 -9999 0.395707666873932 0.436263293027878 0.471303552389145 0.523746490478516 0.496276646852493 0.452270478010178 0.40510419011116 0.395325630903244 0.387869358062744 0.381444990634918 0.35613426566124 0.180044755339622 0.125237122178078 0.176419407129288 0.251775562763214 0.275618880987167 0.275656819343567 0.297126471996307 0.327687174081802 0.336214810609818 0.316838473081589 0.295252293348312 0.282367348670959 0.276305258274078 0.266410797834396 0.258717089891434 0.247922316193581 0.241131588816643 0.236171156167984 0.226478844881058 0.21610464155674 0.199481680989265 0.187635034322739 0.180441930890083 0.168656229972839 0.160422116518021 0.149602383375168 0.14242085814476 0.138730227947235 0.131051957607269 0.121962711215019 0.112920075654984 0.107197307050228 0.101380608975887 0.0979509428143501 0.105617664754391 0.112413913011551 0.119743354618549 0.124048627912998 0.125826478004456
-9999 -9999 -9999 -9999 -9999 -9999 -9999 -9999 0.444971084594727 0.513556301593781 0.52202832698822 0.455219268798828 0.376603484153748 0.361178904771805 0.365922629833221 0.388693869113922 0.386266201734543 0.179892122745514 0.103138774633408 0.178247183561325 0.309565782546997 0.327138364315033 0.304544419050217 0.322757005691528 0.334435999393463 0.341364651918411 0.325558871030807 0.306399703025818 0.292997092008591 0.282956510782242 0.26959690451622 0.255611479282379 0.241871312260628 0.232503280043602 0.22799363732338 0.222140610218048 0.213500469923019 0.204705074429512 0.196736067533493 0.189133629202843 0.182165130972862 0.174784168601036 0.167847469449043 0.162399873137474 0.157727539539337 0.153777286410332 0.143020048737526 0.133834943175316 0.126475438475609 0.118374787271023 0.115344166755676 0.120223373174667 0.127690389752388 0.135123044252396 0.1386878490448 0.139890179038048
-9999 -9999 -9999 -9999 -9999 -9999 -9999 -9999 0.44971826672554 0.512671172618866 0.542563021183014 0.457065254449844 0.343706667423248 0.34350574016571 0.359306186437607 0.392189562320709 0.44342714548111 0.202514573931694 0.10587016493082 0.21170711517334 0.372770726680756 0.379387229681015 0.323569059371948 0.309652209281921 0.331593096256256 0.34343895316124 0.33016362786293 0.3082654774189 0.294849365949631 0.290082693099976 0.276668697595596 0.259695023298264 0.239737913012505 0.228928238153458 0.226032078266144 0.219631746411324 0.215672820806503 0.209030419588089 0.204169288277626 0.200252532958984 0.19463674724102 0.191812425851822 0.186581507325172 0.182434663176537 0.179316893219948 0.174293965101242 0.167131334543228 0.15705518424511 0.14875628054142 0.138541758060455 0.133727267384529 0.13811120390892 0.144999757409096 0.154686242341995 0.161642268300056 0.165789216756821
-9999 -9999 -9999 -9999 -9999 -9999 -9999 -9999 -9999 0.534615695476532 0.547371089458466 0.432353585958481 0.326458126306534 0.319568127393723 0.351434886455536 0.403612792491913 0.502705335617065 0.314957350492477 0.145779743790627 0.248752653598785 0.414717316627502 0.38423290848732 0.319636642932892 0.30288153886795 0.322929412126541 0.339929729700089 0.329333692789078 0.309634298086166 0.294755786657333 0.288144022226334 0.278371512889862 0.25879380106926 0.23925045132637 0.228525668382645 0.224118635058403 0.218940332531929 0.214763939380646 0.210510209202766 0.208441004157066 0.20654371380806 0.205457374453545 0.20411704480648 0.202745631337166 0.2013870626688 0.198391050100327 0.193917810916901 0.186339825391769 0.177159920334816 0.168971613049507 0.159641027450562 0.152835443615913 0.152986511588097 0.15896287560463 0.170948281884193 0.190211370587349 0.211248442530632
-9999 -9999 -9999 -9999 -9999 -9999 -9999 -9999 -9999 -9999 0.559517025947571 0.423066228628159 0.312973946332932 0.321538120508194 0.366897463798523 0.429155647754669 0.539753615856171 0.499507367610931 0.245790511369705 0.335048854351044 0.432395577430725 0.392778098583221 0.323500752449036 0.302210181951523 0.327273160219193 0.339009195566177 0.327806502580643 0.309370279312134 0.294768691062927 0.28822249174118 0.275983929634094 0.255789428949356 0.235005632042885 0.225458949804306 0.223780259490013 0.221960932016373 0.218609347939491 0.213913902640343 0.212813198566437 0.214204698801041 0.215471014380455 0.217486828565598 0.217824667692184 0.218403667211533 0.217765614390373 0.214194193482399 0.206545352935791 0.194241970777512 0.184291079640388 0.172206342220306 0.16373747587204 0.162515565752983 0.165224060416222 0.183416903018951 0.212150290608406 0.23558683693409
-9999 -9999 -9999 -9999 -9999 -9999 -9999 -9999 -9999 -9999 -9999 0.443295776844025 0.321008771657944 0.323882877826691 0.373066484928131 0.438893258571625 0.552353858947754 0.593511700630188 0.424148142337799 0.440426200628281 0.445648312568665 0.397050678730011 0.341094315052032 0.313092291355133 0.331457644701004 0.33657318353653 0.325928270816803 0.309825509786606 0.29414963722229 0.285726845264435 0.270438075065613 0.251953631639481 0.23429299890995 0.224106892943382 0.223250329494476 0.219502195715904 0.219308078289032 0.215603649616241 0.218051478266716 0.22285221517086 0.225180700421333 0.231825441122055 0.23462250828743 0.23785974085331 0.239112287759781 0.234744563698769 0.22939895093441 0.217992544174194 0.205924823880196 0.191542610526085 0.180070847272873 0.178373709321022 0.181925281882286 0.195852011442184 0.216930747032166 0.225581005215645
