meets/meet004/_saidas_enm/CCSM_SVM_6k_Cavanillesia_umbellata5.asc
NCOLS 154 
NROWS 168 
XLLCORNER -112 
YLLCORNER -55.5 
CELLSIZE 0.5 
NODATA_value -9999 
[rows 48 to 71 of 168, columns 56 to 111 of 154]
-9999 -9999 -9999 -9999 -9999 -9999 -9999 -9999 -9999 -9999 -9999 -9999 -9999 0.103520890820255 0.101722469379031 0.0734531328235362 0.126630427515487 0.429615974447851 0.314140607780524 0.0730390621420521 -0.005885158609573 -0.0699647477252927 -0.08002720433336 -0.0551529665466331 -0.0476281131829204 -0.0435696419786494 -0.0350651491922307 -0.0420553029789835 -0.0456605686911465 -0.0271062194369255 -0.00840520316679838 -0.0202550476240276 -0.0444050877672394 -0.0543810428085831 0.00572047258663932 0.0324332294367406 -0.0351508544301254 -0.11548889562968 -0.130879086951145 -0.137762419212778 -0.137916603585465 -0.138173968433367 -0.123261613488223 -0.171556568620533 -0.229544490100912 -0.284273046859507 -0.257880365790444 -0.160836533471757 -0.0733359346895415 0.0544968619492081 0.196159231260779 0.242451853091464 0.201930169557906 0.123100859084497 -0.0117532024421425 -0.0828575563304297
-9999 -9999 -9999 -9999 -9999 -9999 -9999 -9999 -9999 -9999 -9999 -9999 -9999 0.103492027893586 0.0989758911298261 0.0745217192968172 0.301314593661309 0.45736911216106 0.245831002017177 0.039332710075931 -0.0255372896765142 -0.0501613409169117 0.000979196416343864 0.0577740258753647 0.094722851822652 0.0915575453655472 0.0870775444648471 0.057291150794087 0.0305693255326071 0.0146954735521388 0.00691178150504573 -0.011052935334793 -0.0327656650766102 0.0114177534254781 0.113424900985564 0.103093921214988 0.00197976391345794 -0.0770030871006571 -0.0986655363995375 -0.109765602869619 -0.106060973261714 -0.102492416900338 -0.0963534898559311 -0.130861699402469 -0.176569462264498 -0.207104162567854 -0.239590764069708 -0.214989281946971 -0.115203788677565 0.0275742058633593 0.156568532746614 0.199407919265338 0.159167362700824 0.0677244029483933 -0.0372408889746274 -0.0711048777895498
-9999 -9999 -9999 -9999 -9999 -9999 -9999 -9999 -9999 -9999 -9999 -9999 -9999 0.103157724619368 0.0908332800077226 0.158175859489343 0.433480700565076 0.376753265247561 0.142231272003003 -0.00107762462138217 -0.0131477910233851 0.0414760004718316 0.199940268505257 0.286632990908533 0.341509357477469 0.328396768709007 0.294144701024181 0.189365511925007 0.112285880953863 0.0657499333386904 0.0576076299133935 0.0625674105733752 0.106203984806657 0.242715518306576 0.474601270306539 0.525255863464503 0.282449097734678 0.119066393965813 0.0499004905269977 0.00825767360384089 0.038190890242365 -0.0167751875801358 -0.0238707172520455 -0.0598517240185477 -0.0951183556353476 -0.0658991592835588 -0.135351950365318 -0.105769262289076 -0.047637623980519 0.057030426368309 0.140302231878434 0.190928263756269 0.13135431535649 0.0481268082077017 -0.0372590084929786 -0.0414868194844085
-9999 -9999 -9999 -9999 -9999 -9999 -9999 -9999 -9999 -9999 -9999 -9999 -9999 0.0965416593613679 0.0826252272918432 0.195090937305343 0.416412823030838 0.277297673348204 0.084853397776418 0.00112339333854589 0.0443133458422597 0.184087327025258 0.353139365584549 0.439956274385229 0.436605609157612 0.346123352808455 0.212340900901429 0.09584509089209 0.0446346774027336 0.0427563094208998 0.0496832825756945 0.044668374750517 0.0897779052508549 0.32469646090513 0.605384398907543 0.662963255160351 0.44494366723831 0.225337388495143 0.130290694121267 0.0603606616221668 0.0443947194478143 0.0109733120649044 0.00129463752935444 -0.0343271474147646 -0.0704779577883474 -0.0791389241380928 -0.106145253926208 -0.077383216769801 0.0097911517345084 0.134966210336123 0.227539280643894 0.208334181407209 0.152596741280918 0.054012123909629 -0.0415045886807807 -0.0296365317791979
-9999 -9999 -9999 -9999 -9999 -9999 -9999 -9999 -9999 -9999 -9999 0.101743207739286 0.088842351862007 0.0810006184104302 0.0653066766140331 0.170088383352336 0.246002601103144 0.165806200069198 0.079463192002859 0.0887768077762907 0.13965885439716 0.252605048480263 0.34332540055339 0.334052076272066 0.23097410975095 0.124743389145142 0.0422225399431475 0.0290114165333313 0.0476109594058368 0.0666340650693121 0.071865410947198 0.0567546174137383 0.0381824783730557 0.180119486296899 0.582481755626428 0.65169383997595 0.435158262361405 0.204833850433639 0.11119888792742 0.0418204181565091 0.0218419940203418 0.00221068184582324 -0.00301676038792276 -0.0322772356041147 -0.0732052262169209 -0.0870160708886067 -0.0908749231391847 -0.0240169881732381 0.0973867313463705 0.209390401991975 0.263649212298884 0.198579313420613 0.123752203989016 0.0325820337762562 -0.0609836727056089 -0.0231851000358954
-9999 -9999 -9999 -9999 -9999 -9999 -9999 -9999 -9999 -9999 0.102396326531052 0.0922285877785991 0.0774681014524078 0.0647887288131244 0.0576244118617933 0.0630465774965083 0.0926184518688841 0.137268014678298 0.191043409478152 0.218861032909967 0.244640232588029 0.241362829466597 0.18349635670043 0.116553844504878 0.0503250949357752 0.0207485893421305 0.0324333965461847 0.0557063278731089 0.068862761007336 0.073800330410466 0.0754606393273097 0.0687730527111193 0.034456259784393 0.0897164469081333 0.464061606281978 0.647841822192456 0.425977751021543 0.177154786620663 0.0657999454737099 0.00472538287840124 -0.0278273039456408 -0.0357526631828916 -0.0360723893633727 -0.0455588122076543 -0.0605390791699141 -0.0509228995378777 0.00990920881660579 0.106744521400843 0.186137343295662 0.217978246840945 0.195040176226793 0.113649462716128 0.0306951469936571 -0.0392430666075075 -0.0981652643213779 -0.0420980568661344
-9999 -9999 -9999 -9999 -9999 -9999 -9999 -9999 -9999 -9999 0.0932075940304178 0.0698458761560525 0.0383394684878811 0.0543234244232829 0.0648288192597872 0.0630716337327573 0.0439584909359816 0.0886270476187474 0.14076317915518 0.151197183797292 0.137409749998228 0.0826280965087433 0.0393674086569012 0.0172361820875457 0.0212792530281515 0.0417639046653179 0.060377796974849 0.0665585913240981 0.0679016235964524 0.0705436954121102 0.0729041834854436 0.0725522736723453 0.0453031955351915 0.0275975159992719 0.296725721507732 0.580391836816139 0.487272593995668 0.245596538652514 0.103361857989782 0.0245927302035733 -0.019415205125834 -0.0125201726592115 -0.00231740256172186 0.0148606425286138 0.0395205468816945 0.0689099188834245 0.137850404790796 0.15357309375978 0.128792824987982 0.124528361511731 0.0808172321466711 0.0206853255586846 -0.0362641869673291 -0.0875030688223241 -0.131208227113921 -0.0933039342075604
-9999 -9999 -9999 -9999 -9999 -9999 -9999 -9999 0.0985311704251031 0.0888497429582912 0.0619752102619902 0.0746982327343736 0.0468250900246897 0.0557425172756477 0.0666743606321864 0.0667638124716985 0.0382815218942619 0.0283153241038687 0.0405053091984218 0.0319775475490361 0.0182646144858087 0.014152145263048 0.0176437002871866 0.0298343827792732 0.0492873026809203 0.0612696032809507 0.0630136857217279 0.0634172621717514 0.0672496361719392 0.0714213396157424 0.0722525740067362 0.0711687382689981 0.0582529572306014 0.00949188573352105 0.137845655547963 0.447603390238908 0.498338404140004 0.370762375192721 0.244302823555647 0.158815687358604 0.121947555760702 0.127603843984062 0.162498286462458 0.208276481577782 0.240238000945156 0.245085139723785 0.209264826332085 0.146816499664748 0.0921810098331641 0.0631026071610617 0.0147658118466377 -0.024839884883076 -0.0832688186747488 -0.105772245752216 -0.123923830112997 -0.0929094025612132
-9999 -9999 -9999 -9999 -9999 -9999 -9999 -9999 0.0891574678841279 0.0542899829570123 0.139456911408215 0.202174415931618 0.0895737762057547 0.0630302355208934 0.0592102769686501 0.0540630722468141 0.0501712545203507 0.0274657048654622 0.0190843057206863 0.0227543589705441 0.0344269884183148 0.0407221982452265 0.0452999880059736 0.0526415625448962 0.0585376849172131 0.060380821105764 0.0615524385368429 0.0627200461680162 0.0634173431627202 0.0653650645511579 0.0672390943333773 0.0692346623273944 0.0648972072471389 0.0239629326703469 0.0302026558438865 0.248733283218906 0.431661952682817 0.465137624493512 0.431499329911021 0.401425198153581 0.384819302941888 0.417162305979459 0.448539544536286 0.48263737119677 0.48246676933739 0.378764018378002 0.236567457331912 0.0902358952506833 0.0173827283726715 -0.00600713795981417 -0.0272453182891128 -0.0443666704176679 -0.0770653701685646 -0.0878188564864688 -0.0934087488091811 -0.0464626828869045
-9999 -9999 -9999 -9999 -9999 -9999 -9999 0.0993667063707389 0.0802326282732737 0.0377849195103675 0.266462391809586 0.254800756231539 0.102177020607955 0.0532353742325341 0.0490708876714216 0.0425769215179488 0.0325689565872687 0.0352389276713638 0.0384209286357211 0.0476937985100854 0.0539346051382895 0.0563808230410245 0.0591381789091691 0.0608501712034737 0.0625195884125976 0.0641419692169167 0.0654160542434126 0.0665114672052328 0.06663559039165 0.0664092005904346 0.0655495081963509 0.0645487992397165 0.064988166263181 0.0437894090761922 0.00449107897749046 0.0664136665950602 0.230209049368365 0.390554691674885 0.462053887447198 0.471329163956986 0.486561173686939 0.485568766562348 0.470089583045974 0.424098190334353 0.319417924051841 0.189125726192459 0.0582813330199431 -0.0154950758479478 -0.037464261340023 -0.0426416612277853 -0.0430456321223782 -0.0467303973154532 -0.0543870641483111 -0.0596009879384644 -0.0700469676421642 0.00032013302225925
-9999 -9999 -9999 -9999 -9999 -9999 -9999 0.0943282723344358 0.0434086904916875 0.122848263241622 0.299993712241902 0.208165757090747 0.0940945995627965 0.0485921679295659 0.0427135960014959 0.032473752292359 0.0194286507415487 0.0157238641181928 0.0180558379192413 0.0256428183790616 0.0372151228888797 0.04302672877645 0.0494895159195859 0.0497013143654854 0.0492373247686921 0.053058888835267 0.0534932259572419 0.0575127879103 0.0564082601210229 0.0508191062087849 0.0506915862698172 0.0491188142022024 0.0527668651152554 0.0534309583761848 0.0225073996610274 0.0049788293392421 0.0442732157155551 0.140734638961271 0.206847938235547 0.222927787641488 0.230473932432837 0.179593157932505 0.140319581099826 0.0810896810276095 0.0218689380158278 -0.00854524916600186 -0.0160366896898937 -0.00108460656660331 0.0183148217430441 0.0246550262355489 0.018791856255658 0.00240474324384687 -0.0138067533244253 -0.029714333537971 -0.0492799588691852 -0.0205375858804119
-9999 -9999 -9999 -9999 -9999 -9999 0.101728285185426 0.0727426271918274 0.0311724697028855 0.184355111060351 0.26346522126729 0.198769464600317 0.0781466701214575 0.0406927685961793 0.0422764601900857 0.0328530074508293 0.0250909556856527 0.0119357615559175 0.00697941072726077 0.00782787273862551 0.0159933733997657 0.0180838870711547 0.0199048833124182 0.0187214308381254 0.0217499699813885 0.0241540944708336 0.025293670916535 0.0228755770742758 0.0196649431020414 0.0214115533598235 0.0196192568456794 0.0209434650805734 0.0212216579020771 0.0227004332590067 0.0287221191175977 0.0137332941043775 -0.0022973888842992 -0.000643187323243311 0.00663728772141564 0.00904936166323322 0.00620256588259788 0.00416617574991712 0.00991326608633775 0.0216727627083405 0.0184979920484885 0.00835952387758593 0.0062511680405849 0.00487085648422764 0.0058981745637719 0.00516466835283508 0.000194963517397173 -0.0128414013258479 -0.0297388832997607 -0.0449416957948119 -0.0608054636176493 -0.0645256544681341
-9999 -9999 -9999 -9999 -9999 -9999 0.0980126382033144 0.0561305435152307 0.00954308230279904 0.161348928334924 0.210472330167408 0.194512948205105 0.0754863825925494 0.0307112897751517 0.0444554782324928 0.0603838964787103 0.0535568050152682 0.0364421393270605 0.0297435031229468 0.0202017449382614 0.00959186756659358 0.00301630325331564 -0.00240747863421731 -0.00386358781622664 -0.00337587478498791 -0.00332861834371301 -0.00580533247590731 -0.00917005110515662 -0.0109816374741949 -0.0118883423274915 -0.0122743107702167 -0.0132400294641148 -0.0129262566674028 -0.0114178063023192 -0.0089575583924536 -0.00557032911545352 -0.00514558788380359 -0.00291412589379586 -0.00242684607686378 -0.00403197524525795 -0.00162945893568528 -0.0028278222271233 -0.00175035168538656 -0.00220205957306657 -0.00656312763916861 -0.0148025733245554 -0.015808410439233 -0.0154421694180445 -0.0135655614537415 -0.0159288306519001 -0.0194538730055142 -0.0296478818585612 -0.0423195888202262 -0.0497670162822312 -0.0561540963977022 -0.0609705030241675
-9999 -9999 -9999 -9999 -9999 -9999 0.108854943160567 0.0690013089473751 -0.0634253517791226 0.121672438623397 0.228550135705072 0.213715353969155 0.0888017361187616 0.0319174282510415 0.0449869978968814 0.0794027332250934 0.097098846236672 0.0834327571668672 0.077470257160054 0.059321494053171 0.0398151166466734 0.0296747902538226 0.021309008491617 0.024098396990694 0.0226174502705278 0.0247244334604391 0.0130600068413707 0.00670290052392125 0.00400814281045764 -0.00468232185103618 -0.00558961116456314 -0.0140136190109546 -0.0168080968733885 -0.0197385824339671 -0.0206943842909297 -0.0184288083926137 -0.022178097286675 -0.0223594450646498 -0.0225006283909665 -0.0212509056753629 -0.0174177983916353 -0.011347242115452 -0.000988947714467225 0.0044721618943967 -0.0107212859805091 -0.0247577098104608 -0.0315430829309757 -0.0387445787844415 -0.0385393415919715 -0.0374172131953026 -0.0398020100080924 -0.0454378014661563 -0.0583697983601694 -0.0598940455796812 -0.0522516524981911 -0.0263732279938185
-9999 -9999 -9999 -9999 -9999 -9999 -9999 0.123887006814217 -0.063747321604052 0.154056540684397 0.249158883712348 0.227497606646932 0.108803069807479 0.0462815315990605 0.0450128556453413 0.108134760756705 0.148390218170381 0.146618392424422 0.15080888030471 0.151961384064475 0.138609162937325 0.133720844027124 0.122780817541051 0.126317178544724 0.133098842434265 0.124548754118067 0.113653384665765 0.0871940371025373 0.0694484638240424 0.0591915274819103 0.0441842402732428 0.0355923901690291 0.0221863567518775 0.0148135327851187 0.0121998973047892 0.00397403641782629 0.00183155566508186 -0.00476198277894546 -0.0100611498224231 -0.00893530192333497 -0.00957009988738378 0.00204895125619275 0.0093315676766601 0.0179360253767937 -0.0168887037411197 -0.048114902989949 -0.0652759819490645 -0.0719862458714856 -0.0709080396783124 -0.0705780187637009 -0.0716609696171902 -0.0739278645950113 -0.0793175509429251 -0.0699036309157794 -0.0521719421288214 -0.0333851307097329
-9999 -9999 -9999 -9999 -9999 -9999 -9999 -9999 -0.0371962892470246 0.190055626184616 0.245900637799498 0.244306195209614 0.125896268652324 0.0592974853912765 0.0605120187009795 0.135889908179952 0.196890857996938 0.221225404249212 0.229779756380699 0.234309730881874 0.232045586167438 0.231426655222407 0.229266942476964 0.226283812486119 0.223886677090875 0.222410956318989 0.191104356217497 0.157616791195519 0.118736922381885 0.0973633731527761 0.0827843779118507 0.0712081536551952 0.0645269997370145 0.0525367416935691 0.0388838314093677 0.0232424801450166 0.0148883998344075 0.00406295173792343 -0.00826768980330694 -0.0126927622848804 -0.0201469577554681 -0.0165197578345095 -0.0121233372872098 0.000232699365049549 -0.0399314423140496 -0.0742515260469012 -0.0854080380799411 -0.0918291460023391 -0.0834196725291771 -0.0786724242196991 -0.0721639892312919 -0.0738358297216408 -0.077448096939416 -0.0790355344071476 -0.0731853604722743 -0.0645082987130051
-9999 -9999 -9999 -9999 -9999 -9999 0.139202458289698 -0.0566636225581781 -0.0365134298366186 0.217094564847712 0.257157377588452 0.245219719609974 0.132095842051992 0.0831543398335127 0.100709202144474 0.162983119311737 0.236368855590149 0.273116339691289 0.289854544814282 0.305315800715252 0.312029361991927 0.320241912489522 0.318342855262019 0.313636233728686 0.302175479447636 0.272597119175961 0.234480992012568 0.18295466748446 0.132646970487609 0.104738091690542 0.0894114501050313 0.0851400263658799 0.0771141806867799 0.0676418183530867 0.0593791988169577 0.039459283275481 0.0208916513472464 -0.00478432210979901 -0.0243465700718005 -0.0363969934461965 -0.0442210659011162 -0.0396948181923868 -0.0299264536626918 -0.0110854422112949 -0.0420826740215085 -0.0554371302684387 -0.0581684708896117 -0.0553752982857963 -0.0498111285591424 -0.0455595157139528 -0.0424174859702588 -0.0383849241239118 -0.0390932660521965 -0.0378656689930301 -0.0382024530023309 -0.0442907970272796
-9999 -9999 -9999 -9999 -9999 0.150983196783955 -0.0606514205481523 -0.180291764146919 0.0804083309462941 0.240747113584848 0.246259633494546 0.251783064262846 0.15411422343627 0.129665675454148 0.163955593398324 0.186511946886339 0.2670562149848 0.307649859667524 0.324400874525721 0.33640098609158 0.341855853330409 0.349087277295351 0.352547361358279 0.341020440188792 0.31277266125833 0.258201808124203 0.210507557136455 0.15299604321092 0.103449602395546 0.0684390705918088 0.0587473047343255 0.0487390184774847 0.042800674899316 0.0370238939446705 0.0329545637290682 0.0251107161717377 -0.00718243380283023 -0.0358480246750097 -0.0559173541297566 -0.0665355627399146 -0.0664004457522677 -0.0404802730893682 -0.00762713429640816 0.00925937287662776 -0.0195053390554552 -0.0328626721281308 -0.0335937393067836 -0.0321583984588026 -0.0276946660906988 -0.0232628747160858 -0.0163879356277288 -0.0113116358750097 -0.00755952586582781 -0.00540916107197431 -0.0124078361245616 -0.0196872610423079
-9999 -9999 -9999 -9999 -9999 0.0576766325316057 -0.142715128002052 -0.0991509975410992 0.182853300453705 0.253727122737725 0.252704021887022 0.256802316764312 0.232368299162968 0.237024667391043 0.269033350504105 0.299833542588708 0.318374949226835 0.330809781131642 0.335235786188193 0.355291170777129 0.368153056370702 0.36827244597798 0.356865322918857 0.332162196521674 0.303226617242926 0.242066992293213 0.187494162098964 0.135690069462326 0.0913647592656815 0.0597706359549414 0.0365556278221656 0.0298140157287385 0.020560363123871 0.011522102497424 0.00697861004032835 -0.00699246165997824 -0.025531905610172 -0.0482492460666616 -0.0564524501248897 -0.0522104414866025 -0.0426172566662973 -0.0273691995136944 -0.0116223257520283 0.00104151998136637 -0.00823808118444525 -0.01743406772296 -0.0165875089495236 -0.0136123974981761 -0.00804844888320105 -0.00212499488838558 0.00181056490519665 0.00957360885662045 0.01341172464348 0.0145746587582666 0.0129082405035127 0.00383378135564033
-9999 -9999 -9999 -9999 -9999 -9999 -0.0961836912316487 0.0452377658357533 0.237306390011598 0.257503503607547 0.243648453656801 0.250689931995917 0.257917425704711 0.270197150808401 0.286195549109845 0.332333222869303 0.344654204928043 0.346461854348363 0.344377699861456 0.35837080271994 0.375236673574325 0.355853183235031 0.346525259933448 0.317007790980937 0.281471421418098 0.228220742330392 0.179080487148969 0.143733665611225 0.1144955827002 0.0935337826013707 0.0743088372925096 0.071121987677533 0.0602889037121409 0.0525910228213722 0.0446113752103387 0.0273987244508409 0.0153289567425869 -0.00169177997725301 -0.0101980389821261 -0.00962217734037357 -0.011241715405246 -0.00506665893566438 -0.00174411610022035 0.00375889795120521 0.0063492200454372 0.000373700734396909 0.00520217807334689 0.0100780643572801 0.0164846928308475 0.0232792090445553 0.0236361081976697 0.0314652894087265 0.0328701561650681 0.0327539966042992 0.0326106084843638 0.0269940253501172
-9999 -9999 -9999 -9999 -9999 -9999 0.0530730126057304 0.0578523957735383 0.233023432283798 0.25413936476873 0.223442719568786 0.232893619655654 0.226022266388893 0.206177979402913 0.22951841841556 0.290918066308038 0.332010296317437 0.352036215772529 0.346383733649593 0.343769088789969 0.335793373349178 0.331287143435701 0.326253358116802 0.297091324920163 0.263055039555035 0.21348000066036 0.185243014452914 0.164892629319916 0.145982487722644 0.137934775805693 0.135272469410016 0.136445281257256 0.135814192362639 0.131700220748395 0.123824414492506 0.108272296253418 0.0933467816650924 0.075361626620526 0.0610266908570963 0.0523898826352931 0.0421926005518347 0.0390065662122636 0.0347490656199761 0.0334402948582852 0.0336357167129721 0.0308829673630919 0.0355377789696107 0.04144289952352 0.0474508760211908 0.0534127169558692 0.0554598359541409 0.05546873349645 0.0523281222386762 0.0495287951677051 0.0472879424791102 0.0410490823405106
-9999 -9999 -9999 -9999 -9999 -9999 0.172513598264953 0.0230929641426503 0.110852273459009 0.249203765625767 0.183710094600526 0.187836417701836 0.181877542455565 0.162978741186268 0.163545735506154 0.209352107599356 0.29475160321792 0.330504010876053 0.323332514622927 0.313903219395085 0.293100935026467 0.287677352682668 0.290737050056304 0.264101519883996 0.233603616144445 0.2083119157151 0.188687104210598 0.173109703857916 0.163302688852754 0.176501960428777 0.185378026868963 0.203928257898838 0.199766605741556 0.207705276378379 0.21997884884378 0.20248111260509 0.201353121463977 0.171106424367793 0.152997538536914 0.145449876868643 0.115808630983674 0.109901569387764 0.0926389331561217 0.083042975649202 0.0807096642238321 0.0721430447350144 0.0766946100086225 0.0771557897194717 0.0780344932700325 0.0799217684336633 0.0758896347300343 0.0744118089977451 0.0681948386588236 0.0618157352694501 0.0562783270678784 0.0476723527447952
-9999 -9999 -9999 -9999 -9999 -9999 -9999 -9999 0.0383432092019259 0.183581929663359 0.147538550222745 0.15221067083388 0.154236676581563 0.146732046884945 0.148094382549106 0.187896764322098 0.271363877475495 0.298520295188729 0.28415136685914 0.277672662033026 0.259783861270116 0.256918823829762 0.251398050979705 0.221063933826547 0.199766935530495 0.184257992487508 0.172019774870033 0.153401395255582 0.147023736453184 0.164068348399208 0.189481583238511 0.200135089960228 0.203972495254275 0.220063119364511 0.242498142994889 0.256608203352291 0.252267376899679 0.241454166032996 0.228493783392046 0.212427935159905 0.193558590006711 0.17563905500839 0.157949719802337 0.142640446601227 0.130920625041938 0.119493774134647 0.114359848637327 0.109358187297267 0.101980645760349 0.0928638062670527 0.086165916192423 0.0804448135374187 0.0744421249554962 0.0656135813532913 0.055473173562045 0.0469626465184104
-9999 -9999 -9999 -9999 -9999 -9999 -9999 -9999 0.182379839354689 0.085225855051494 0.110000619618922 0.116208724519532 0.13533248436645 0.13824572930202 0.146128183317598 0.178627689186798 0.269709063549539 0.293246990897074 0.257934308158209 0.247646323397978 0.229921531550243 0.215272899290324 0.197055916596554 0.162499064948169 0.150152574684007 0.149803829865731 0.136819814317108 0.108949238309113 0.103472624791918 0.134827132529061 0.161291328911275 0.176230695323614 0.166466318742967 0.189724263291572 0.23822680087516 0.26306979699426 0.28225232485565 0.273355737322176 0.273029404982682 0.275009380314772 0.254533329933767 0.243780203034499 0.219000536495167 0.199713343588766 0.188621520502777 0.167570257069115 0.154141161526107 0.136878672832028 0.118581307587231 0.10112183012005 0.0858242166600709 0.0749331500022425 0.0664558671694623 0.0567856940079796 0.046474871303137 0.0416216610087521
