meets/meet004/_saidas_enm/CCSM_SVM_21k_Aralia_warmingiana2.asc
NCOLS 154 
NROWS 168 
XLLCORNER -112 
YLLCORNER -55.5 
CELLSIZE 0.5 
NODATA_value -9999 
[rows 75 to 99 of 168, columns 56 to 111 of 154]
-9999 -9999 -9999 -9999 -9999 -9999 -9999 -9999 -9999 -9999 -9999 0.104194199773635 0.0656849157164699 0.0660178182839432 0.0868419118069359 0.112774592367809 0.0848236193478495 0.121945648152634 0.14263022573991 0.0867807648609112 0.148800212941551 0.206374902895625 0.281020033161356 0.332841785032392 0.375224880492415 0.41294388548482 0.415384445012387 0.433889583341235 0.43704784287363 0.441950850117447 0.451960612578596 0.44995622363214 0.452701497314768 0.464319015351357 0.48021742021809 0.49719600046545 0.512512128612004 0.529477415372799 0.547653865567051 0.565533377375672 0.578695398574506 0.576468953813447 0.569907030197806 0.559581002914234 0.545849365425626 0.544927715252122 0.547333365941077 0.547654948730913 0.53111289888769 0.494179883976284 0.449443272858217 0.412388237216964 0.375918112486568 0.352672654140597 0.332527604420351 0.316469442970043
-9999 -9999 -9999 -9999 -9999 -9999 -9999 -9999 -9999 -9999 -9999 0.107602099595775 0.0666252418594246 0.0587886217755005 0.0785788013034633 0.100654272006139 0.0869196246330947 0.101125340334215 0.115503640146368 0.0423082800179848 0.0343694145621223 0.125357452141818 0.212306205268952 0.277217669213895 0.334332579243362 0.379304233627202 0.382961787480944 0.398928287811988 0.407026248778071 0.416194340669091 0.429420524991911 0.432407182889666 0.441621580449641 0.450259682015163 0.466517780938518 0.484665550704581 0.496224134152298 0.511194643730754 0.533878803722251 0.564335064781654 0.591014082451409 0.594409909574385 0.601865236174766 0.606068606412777 0.603955152227836 0.620934431024263 0.622775365231357 0.617014019128783 0.600689725455705 0.563600480716965 0.518420070296458 0.477511881737584 0.419435065115578 0.375406007963662 0.337055944820323 0.295967063992854
-9999 -9999 -9999 -9999 -9999 -9999 -9999 -9999 -9999 -9999 -9999 -9999 0.100782160060696 0.0590862173820382 0.0710013780944483 0.0954891208904166 0.0999294249548837 0.0706007585130052 0.0563908216318141 0.0220575337816889 0.00314977952153106 0.0374929433128283 0.123217140103122 0.18642668429298 0.282386964773521 0.349532622121666 0.364666668214045 0.35344735541796 0.355413760452933 0.365732154373255 0.389712165850107 0.391250524496978 0.406187746734157 0.418347892160242 0.434126866194654 0.452487529657213 0.46420057752177 0.477744604802555 0.497755666959837 0.52505642591135 0.550448339824533 0.55610595224158 0.564611362201925 0.583627226247754 0.612320088850984 0.647445048679891 0.664728262227453 0.668951708190813 0.657370455650689 0.614770206042825 0.558360335522726 0.5154027066362 0.467791896471474 0.427084509402568 0.385756349459581 0.346647574127478
-9999 -9999 -9999 -9999 -9999 -9999 -9999 -9999 -9999 -9999 -9999 -9999 0.108933020499401 0.105154821609278 0.0910785428162891 0.124675782060891 0.0973699543911007 0.0748886761315043 0.0642256092122188 0.0447538136861232 0.0539434879276542 0.00723031897859988 0.0491103712056591 0.145228918051294 0.277167734086138 0.358255159436107 0.323806621792778 0.29650139576281 0.294620648076217 0.300767126506335 0.343905716061549 0.339301016376536 0.35269531055234 0.373090627179454 0.393620995704599 0.409012338563141 0.427439971000322 0.435841929449716 0.453222439671164 0.480894116159089 0.494174288790174 0.501036469655737 0.496847255105402 0.521444948373475 0.572427953247186 0.623780422487403 0.670682435360739 0.697394324969343 0.698661320785695 0.653464458886506 0.592688685513971 0.568495989912475 0.535597136465262 0.502532033325913 0.469692109353854 0.440782698533909
-9999 -9999 -9999 -9999 -9999 -9999 -9999 -9999 -9999 -9999 -9999 -9999 -9999 0.111294283905101 0.108514447268279 0.101850554419716 0.0865376672910348 0.0805475109746483 0.0772254788115994 0.070846201836361 0.0613257554840766 0.0297727646278304 0.0516338140535573 0.16911956864442 0.300581817076182 0.376790007728051 0.319016168051323 0.24635605971143 0.229178718146225 0.246372449723323 0.268258984537486 0.28007246673909 0.298629665457989 0.321990416471671 0.34200898160939 0.368835964806598 0.383259467453483 0.395593817882885 0.412257266138751 0.436097500410148 0.453527284343059 0.455201538314377 0.45313843525405 0.481859178792097 0.532939458462491 0.590875124290464 0.655387553644559 0.71247450312317 0.734323985709664 0.704911109080358 0.661113442688504 0.638930970492311 0.621790525293726 0.604891649116478 0.584315948439571 0.569742184221978
-9999 -9999 -9999 -9999 -9999 -9999 -9999 -9999 -9999 -9999 -9999 -9999 -9999 0.107678197341642 0.130378150195944 0.0928985308094154 0.0794289309941213 0.0891459001177923 0.0899791364722436 0.0818729582148542 0.0804885244630378 0.0584100539402537 0.0667168157773289 0.120166145381565 0.158718908091305 0.323504758791837 0.26946399862299 0.183467930968459 0.165223951812453 0.197182880549048 0.205141404356986 0.211060946359362 0.2432367050869 0.271745112228204 0.291498076329974 0.32507655934792 0.341652636447246 0.358097283430841 0.375152135387621 0.402363029093377 0.430660126603601 0.441600314332414 0.437667053654737 0.469617250970375 0.523286694113832 0.569206288058131 0.650557695219163 0.734245597029313 0.772255005986449 0.756112455429444 0.729910779396822 0.721186920450007 0.712995595163695 0.707289666361025 0.679284646376264 0.644982691648163
-9999 -9999 -9999 -9999 -9999 -9999 -9999 -9999 -9999 -9999 -9999 -9999 -9999 -9999 0.155426564333271 0.094068279806237 0.074010029194262 0.0840891252918092 0.0870323988097099 0.0835579706349955 0.0751174474433375 0.0562831762483657 0.0501923564097183 0.0513723076655326 0.0506439139452572 0.0710110323130421 0.0865452612242931 0.104492455431596 0.108669602144464 0.0956151223725744 0.116953711228314 0.159310528541672 0.181483913792451 0.215353657065236 0.259686597307138 0.288052402860581 0.311269593729534 0.326651955887322 0.33917012580479 0.363905596222564 0.405560169027082 0.431773056471851 0.458196854500425 0.49639757766086 0.532576390972186 0.58237869302035 0.652106469397097 0.734043973175913 0.778275403158154 0.77843406423138 0.77486562300856 0.779555484760159 0.762123471571918 0.730636202946363 0.711086723100654 0.693350061802393
-9999 -9999 -9999 -9999 -9999 -9999 -9999 -9999 -9999 -9999 -9999 -9999 -9999 -9999 0.113823977689762 0.123541178487556 0.0706206304413482 0.0777439888889249 0.0836607435456163 0.0849874996728532 0.0788946458818054 0.0754425110798115 0.0890166238203554 0.0926104130971279 0.0778881377692062 0.071953110029037 0.0547179292639908 0.0303602485845478 0.00232830192550909 -0.0691816100045238 -0.0433967121946943 0.0663176516257688 0.12892109674946 0.176508394888775 0.241301403340232 0.27908973518242 0.321543004441351 0.349450775713764 0.348344718320893 0.347327977603414 0.382453012843378 0.415101320711755 0.470354320844506 0.525989312765985 0.554515418599777 0.590372708079406 0.655794284382728 0.728008853484163 0.771138940862702 0.781223955861391 0.797164109191366 0.789537548887874 0.764912025068897 0.745016920050363 0.738105274696608 0.729916929990664
-9999 -9999 -9999 -9999 -9999 -9999 -9999 -9999 -9999 -9999 -9999 -9999 -9999 -9999 -9999 0.118654260826925 0.0749367050612749 0.0708232356173807 0.0799076540573353 0.0849200353706632 0.0902808616607049 0.0910769139742932 0.0994683278342598 0.101960526278227 0.101117041483311 0.101483947250062 0.0941228349546752 0.0870672341748408 0.0688276916299959 0.0357771160882443 -0.0270526101008284 -0.011690947919658 0.0642436271814563 0.124097726373322 0.21213493457192 0.294521638972646 0.334349376133671 0.355472195552931 0.370797403410955 0.383322774203245 0.384646533358876 0.386381066559724 0.456840051630353 0.535801701517119 0.576268228057529 0.608068881236541 0.657412819715862 0.705723606260651 0.730812727576277 0.746899207593193 0.754464925579458 0.755676106324767 0.756031582431645 0.749313423620549 0.745198867447158 0.759925733560046
-9999 -9999 -9999 -9999 -9999 -9999 -9999 -9999 -9999 -9999 -9999 -9999 -9999 -9999 -9999 0.082530613501416 0.101681964942691 0.0575683302338178 0.0715972718035777 0.0793332927440341 0.0938014791954131 0.093108908424046 0.103732353175028 0.105228933816294 0.104671583397311 0.106947592045141 0.105379776442257 0.106418089507915 0.102300968106362 0.06451669438728 0.0741058420840505 -0.00491600260216107 -0.0219066439890914 0.0764991102050019 0.171117233392347 0.300815825135558 0.318875221546251 0.336142095144832 0.38100951265213 0.455279530705667 0.521159214117033 0.391584453638354 0.437746836091407 0.546348956274812 0.591749164895821 0.615002757928919 0.649122945111404 0.661667512582474 0.676519842110157 0.690380225022579 0.693194825937707 0.703076042334996 0.71764041214934 0.71339723077774 0.711782905608705 0.737627151053069
-9999 -9999 -9999 -9999 -9999 -9999 -9999 -9999 -9999 -9999 -9999 -9999 -9999 -9999 -9999 0.105762251286282 0.115592115963105 0.0419858021192364 0.0686789729952546 0.0731524175481287 0.0779320580307977 0.0862841652461314 0.0958278527621431 0.100269824380047 0.0999158146257766 0.100541127523017 0.1003300637227 0.102182658812726 0.0950721442570047 0.0729583627874666 0.0700982148191914 0.0725543268798938 0.0201201591474329 0.110090369298306 0.166661947958574 0.229617077463094 0.276222395559105 0.309976596054079 0.362499121522259 0.473884934520872 0.547602600687978 0.382717703458134 0.430483191054747 0.548328179357689 0.609431313911592 0.625901748623087 0.624602796125371 0.620213623083076 0.619342119353781 0.632324838982702 0.649296394663536 0.63535481875824 0.625424859752739 0.612290440687957 0.599218007674429 0.595420597550856
-9999 -9999 -9999 -9999 -9999 -9999 -9999 -9999 -9999 -9999 -9999 -9999 -9999 -9999 -9999 -9999 0.121144234009338 0.0937572190928543 0.0465409189923103 0.0733377988316481 0.0812595295133622 0.0793022543950275 0.0893360496341193 0.0949503623125926 0.0965418940168665 0.0988137281551003 0.097293862358807 0.0991732204018733 0.0940324037823526 0.0852797178385001 0.079799858333736 0.0879371394013587 0.0933239206221063 0.13205187976421 0.186170780125666 0.240611832204236 0.269390912102808 0.288769880823524 0.325734169948237 0.400828905956141 0.503318337827432 0.359449759138649 0.456544813999972 0.546852227909644 0.587138778257953 0.60001285411213 0.573085603547504 0.55543071763133 0.543919430056374 0.550103810199032 0.570297286282362 0.53767114336249 0.519100866805867 0.503776161922338 0.482355281051595 0.483224824665686
-9999 -9999 -9999 -9999 -9999 -9999 -9999 -9999 -9999 -9999 -9999 -9999 -9999 -9999 -9999 -9999 -9999 0.133268171252264 0.112474180366756 0.0585012981994562 0.0794197215488232 0.0810998361685573 0.07956783982085 0.0840671433508486 0.0900590313113949 0.0961086688085709 0.0995695391321396 0.101276641981562 0.0996528361120422 0.0930195366485127 0.0905664555027672 0.078015914228897 0.084851382274036 0.107069363460119 0.160939390240722 0.341551808152722 0.365212665652657 0.35671027394488 0.333957348625992 0.347424043948782 0.379917416390309 0.409813166050249 0.482630850473209 0.528650370803624 0.532947618695168 0.523606796622394 0.506172659760632 0.479060921792217 0.463557237706629 0.459546233108781 0.448054937993188 0.43366270978298 0.405564719631622 0.395654150056779 0.401816283777926 0.410864840168606
-9999 -9999 -9999 -9999 -9999 -9999 -9999 -9999 -9999 -9999 -9999 -9999 -9999 -9999 -9999 -9999 -9999 -9999 -9999 0.116795039828535 0.0841559545101681 0.0654483086288138 0.0750189024315593 0.0825243462796518 0.086704011001737 0.0915376962666292 0.097207607761922 0.10224889765547 0.102061243088911 0.0970911609073121 0.0929736974611425 0.0816601070818651 0.0722794707190919 0.0778647579153001 0.11069756983509 0.235954193814569 0.34267041684977 0.472970880356184 0.476730404045912 0.472311157582633 0.502743123638054 0.477575724254759 0.485993900533908 0.493604114086824 0.475380384224628 0.471099119873385 0.462330999284415 0.43614003483768 0.420288355327585 0.412919778902265 0.399966362728597 0.373822950649003 0.329029247696023 0.32131064941205 0.343926499925642 0.365955932313396
-9999 -9999 -9999 -9999 -9999 -9999 -9999 -9999 -9999 -9999 -9999 -9999 -9999 -9999 -9999 -9999 -9999 -9999 -9999 -9999 -9999 0.110714653488274 0.0988879028756756 0.0903164382398997 0.0892035829827346 0.0871692130588332 0.0925236569578425 0.0982391383348618 0.100852548003803 0.100533598640146 0.0962496874376356 0.0854712573007781 0.0810170093775222 0.0716878559937323 0.0676490157163415 0.0919474170746242 0.163819008379259 0.419215210565438 0.5393842842874 0.518491791791153 0.459782840229974 0.448844123415767 0.439056517546126 0.432900053262841 0.440785947258448 0.441888884440762 0.444938008482909 0.445719994652472 0.422541478571542 0.404955671871749 0.393260406485359 0.356829449998553 0.318395700356678 0.308680456612924 0.324722552523102 0.376498985022028
-9999 -9999 -9999 -9999 -9999 -9999 -9999 -9999 -9999 -9999 -9999 -9999 -9999 -9999 -9999 -9999 -9999 -9999 -9999 -9999 -9999 -9999 -9999 0.107873230154882 0.091992918894653 0.0852650333491465 0.0895892824594491 0.0949786213024361 0.0978728451655457 0.0997888765001105 0.098541265804719 0.091144627726306 0.0812846722640669 0.0751770443754828 0.0666375903183907 0.06403696464525 0.0936332679618347 0.175095064622108 0.349548395780465 0.461442489223693 0.467362382321214 0.450734577089607 0.419497863541872 0.407189812254425 0.408401957934002 0.422279482511278 0.437492626315897 0.444283050860862 0.429528307471836 0.411669993910528 0.39731239778913 0.362688170071274 0.324086596926315 0.308554155990836 0.320718998799377 0.35756640043959
-9999 -9999 -9999 -9999 -9999 -9999 -9999 -9999 -9999 -9999 -9999 -9999 -9999 -9999 -9999 -9999 -9999 -9999 -9999 -9999 -9999 -9999 -9999 -9999 -9999 0.0965304647023922 0.0794485317307279 0.0862263565987091 0.0929153268407322 0.096131711301325 0.0964165387412223 0.0960367276822074 0.0923468054333572 0.0831794052298669 0.0750718173226289 0.0777473700386178 0.065807347940462 0.0907415879341943 0.186086093254002 0.413734560330435 0.51993878981871 0.483946032348214 0.451327205322272 0.42916904529456 0.421101131985042 0.429902760517235 0.434356588814026 0.442625695976429 0.437070731473574 0.421877729596983 0.404676184276524 0.365000122704004 0.333310101053589 0.316143150592756 0.304431454681605 0.2963375969383
-9999 -9999 -9999 -9999 -9999 -9999 -9999 -9999 -9999 -9999 -9999 -9999 -9999 -9999 -9999 -9999 -9999 -9999 -9999 -9999 -9999 -9999 -9999 -9999 -9999 0.109465759376395 0.0931518621713621 0.0693722829918227 0.0875670044299189 0.0936568648662675 0.0932102155945666 0.0947519433240518 0.0961803542365244 0.0927739793613819 0.0830859747534985 0.0738689939705708 0.0644182577810767 0.0738870562533815 0.143415475797948 0.338815458809685 0.544468039339811 0.530449439778493 0.508269030361627 0.488798175539053 0.461403555237371 0.458925346305689 0.453217831854339 0.453991349875093 0.444082458819058 0.424099589192949 0.395428811193736 0.360923453801432 0.339682027011351 0.322660126775979 0.310167261242958 0.286230077068829
-9999 -9999 -9999 -9999 -9999 -9999 -9999 -9999 -9999 -9999 -9999 -9999 -9999 -9999 -9999 -9999 -9999 -9999 -9999 -9999 -9999 -9999 -9999 -9999 -9999 -9999 -9999 0.0850308437273234 0.0715507159517954 0.0971110604724279 0.0995510747466103 0.0941266345996536 0.093068615397868 0.0931172319438621 0.0913199461594955 0.0854277980969498 0.0722320015192148 0.0723110163025493 0.124402668076398 0.303270900380813 0.558881616536316 0.595145743564043 0.550484466161028 0.52302743293162 0.490516757687372 0.477629715141958 0.463566224668457 0.455118305048105 0.44548318690486 0.414783133963311 0.380732527516608 0.35889086990896 0.345951365352329 0.334174527375428 0.322978374913006 0.298729840516513
-9999 -9999 -9999 -9999 -9999 -9999 -9999 -9999 -9999 -9999 -9999 -9999 -9999 -9999 -9999 -9999 -9999 -9999 -9999 -9999 -9999 -9999 -9999 -9999 -9999 -9999 -9999 0.103161812195913 0.0804892485261376 0.100911485261734 0.100992011343085 0.0928454148710005 0.0896986850985056 0.0903253270181388 0.0896299749072308 0.0875927376165653 0.0802489477494425 0.07543846673791 0.104917606892737 0.268888697804004 0.617003892749157 0.694686737464982 0.546361681309361 0.466866446503411 0.466026046293296 0.483063586334968 0.465389088582128 0.440774441742128 0.423790957920274 0.399957371308892 0.376595081799947 0.357875283513907 0.350285384185284 0.350400521960708 0.350844931234241 0.345186924875629
-9999 -9999 -9999 -9999 -9999 -9999 -9999 -9999 -9999 -9999 -9999 -9999 -9999 -9999 -9999 -9999 -9999 -9999 -9999 -9999 -9999 -9999 -9999 -9999 -9999 -9999 -9999 -9999 0.0896281396193879 0.101408005947628 0.105279274443239 0.087130662855263 0.0869539657954279 0.0895805231179918 0.0879962141550278 0.0846850195616036 0.0803827987235543 0.0758617992892616 0.0801347628665307 0.216665865787701 0.591132187671316 0.808680982371541 0.659776697458083 0.46474473601028 0.42660433413187 0.488722296166029 0.446253002308947 0.411960412869219 0.389635751216516 0.377260866006926 0.362612168976626 0.353280993353505 0.369508488947075 0.389397415703859 0.385193373946577 0.398747489558093
-9999 -9999 -9999 -9999 -9999 -9999 -9999 -9999 -9999 -9999 -9999 -9999 -9999 -9999 -9999 -9999 -9999 -9999 -9999 -9999 -9999 -9999 -9999 -9999 -9999 -9999 -9999 -9999 0.0948793034663718 0.107674923984919 0.111048416973295 0.0843871204643198 0.0898510509231046 0.0948210083322167 0.0911225614512357 0.0844324017990406 0.0786215480057484 0.0724900600522068 0.0728946710475139 0.185234193331723 0.563629322803402 0.874224130104619 0.7711535573595 0.558118201271797 0.450460790708512 0.402241615732058 0.387113171432155 0.401004254343051 0.388892980691013 0.368857280800892 0.374714949219179 0.363480695164572 0.377297081435359 0.40582610465303 0.425422345915564 0.478086412185704
-9999 -9999 -9999 -9999 -9999 -9999 -9999 -9999 -9999 -9999 -9999 -9999 -9999 -9999 -9999 -9999 -9999 -9999 -9999 -9999 -9999 -9999 -9999 -9999 -9999 -9999 -9999 -9999 0.0979145412147511 0.10754933924132 0.123956713268949 0.0838613064223955 0.0962056395771734 0.0998950538169742 0.0933694380689506 0.0851596467487924 0.0775342805735362 0.0706202671221677 0.0685793201688794 0.169345165605848 0.543707743220551 0.918961139024896 0.82465880781741 0.608114133733854 0.51446958876823 0.468840892358986 0.363362894178169 0.37447237487657 0.410654177130799 0.376512081487977 0.418627925546716 0.38327141126401 0.390638633361821 0.421009477174778 0.468789998224238 0.560246856238042
-9999 -9999 -9999 -9999 -9999 -9999 -9999 -9999 -9999 -9999 -9999 -9999 -9999 -9999 -9999 -9999 -9999 -9999 -9999 -9999 -9999 -9999 -9999 -9999 -9999 -9999 -9999 -9999 0.0959565028682403 0.104254280277029 0.107948851497698 0.084791251104921 0.09670713016703 0.100463851260436 0.0960093964764018 0.0877234017242874 0.0771553790642417 0.0680247976579151 0.0660313240312053 0.179859637659382 0.567805994533169 0.92151145173893 0.832425865115526 0.60579091512662 0.514239175269565 0.490464274014644 0.425369867339516 0.362354268797407 0.367762699072157 0.391522974667578 0.404141752418835 0.411315650793485 0.424187752364999 0.46097000570882 0.537167988712901 0.650981537864859
-9999 -9999 -9999 -9999 -9999 -9999 -9999 -9999 -9999 -9999 -9999 -9999 -9999 -9999 -9999 -9999 -9999 -9999 -9999 -9999 -9999 -9999 -9999 -9999 -9999 -9999 -9999 -9999 0.09418149937415 0.0927623247211421 0.0986871985566253 0.0870596449240961 0.0972302519565872 0.100376196562826 0.0965984891039581 0.0904524978164755 0.0758352856090661 0.064775435458298 0.0633235923256734 0.211839668306794 0.618387411547077 0.92121026521096 0.76271743006898 0.529782938034034 0.469941291308958 0.468438372192715 0.454310354468108 0.429977505603831 0.40350797931273 0.394264406303711 0.448423135748657 0.448659264191323 0.467056475187481 0.524663632491983 0.627281775904806 0.739361214754586
