meets/meet004/_saidas_enm/CCSM_SVM_6k_Cavanillesia_umbellata1.asc
NCOLS 154 
NROWS 168 
XLLCORNER -112 
YLLCORNER -55.5 
CELLSIZE 0.5 
NODATA_value -9999 
[rows 50 to 74 of 168, columns 56 to 111 of 154]
-9999 -9999 -9999 -9999 -9999 -9999 -9999 -9999 -9999 -9999 -9999 -9999 -9999 0.106218514513546 0.10325703970526 0.164693751898583 0.450820609061224 0.351114272969314 0.114543771660621 -0.0533919504642852 -0.0295756330903116 0.162493850718287 0.31043130988179 0.315852510532139 0.256367482289797 0.166963117358749 0.129995444253342 0.0705654544982063 0.065938793234218 0.0713289327015019 0.0770608229420167 0.0712525484306109 0.0569926271232304 0.104223306330416 0.37213688621795 0.561181112623876 0.41290607534399 0.244110785920203 0.157679575740143 0.109841449095823 0.10463085285739 0.0701030726450322 0.0529582410743937 0.00329377821281152 -0.0417876640953804 -0.0289964765126233 -0.0623112423860544 -0.00951351746385132 0.0906036313567753 0.226871802092791 0.274144692501924 0.273144967527465 0.136229721952006 0.00498197220600333 -0.109868097767105 -0.127054699394968
-9999 -9999 -9999 -9999 -9999 -9999 -9999 -9999 -9999 -9999 -9999 -9999 -9999 0.101290140254598 0.0989933824545499 0.212906496505456 0.398477815298439 0.248818035565355 0.0583059303803874 -0.0510466171717222 0.0662920509588336 0.292437874821579 0.465297426235698 0.498581069059251 0.420735337380477 0.283518883262312 0.161295177022177 0.0803489709423675 0.0544547023317347 0.0530530862332729 0.0562377168873667 0.0560641373907356 0.0756880739326183 0.222475492651942 0.534094957131802 0.741031482836511 0.583853346276888 0.350585578358532 0.234219817454377 0.150259632448798 0.118244946913383 0.0842871576227898 0.0635842486629965 0.0201614041517117 -0.0233549864740463 -0.0330904638955115 -0.032898680394065 0.0332897855062302 0.1619635433099 0.290644724797576 0.334836350117556 0.239575097953431 0.12586265226473 -0.00796132442752817 -0.11718732011271 -0.123037370287879
-9999 -9999 -9999 -9999 -9999 -9999 -9999 -9999 -9999 -9999 -9999 0.105061322487708 0.0925670118649508 0.084953400387068 0.084565905312551 0.156277650106708 0.190873438563209 0.113186319735325 0.0307018399085319 0.0613952580372452 0.141592017955407 0.266482198231063 0.344981158111586 0.307970412358572 0.193041186891229 0.10632279678933 0.0498742613363206 0.0429741301951286 0.05040823833952 0.0599022378837694 0.0634441294551131 0.0544872436493675 0.0485862570946422 0.131416071779433 0.502166939009179 0.724904038335601 0.589097369859644 0.355982951398272 0.239651116678724 0.148724833126604 0.117715339588612 0.0878889520283724 0.0683404601360005 0.0331302062376962 -0.00868348786871714 -0.01164689442377 0.0301953672870273 0.138093356674989 0.277399682400856 0.325206695914049 0.310057246666997 0.17313677921495 0.0559416794894071 -0.0492196150455584 -0.142053083949568 -0.122336051560714
-9999 -9999 -9999 -9999 -9999 -9999 -9999 -9999 -9999 -9999 0.105487553470681 0.0957296276723034 0.0857993992277448 0.0795480336686334 0.0730982027570133 0.0566577355923955 0.0199315236462231 0.0117336006856957 0.0988112495875041 0.14941258187084 0.180895036474789 0.16968827930299 0.117231995701052 0.0778507648264766 0.0463757889625836 0.0358157062823397 0.0428677121859334 0.0532547203457857 0.061640573952646 0.0675978192368082 0.069152219874892 0.0599876970536715 0.0419119062339132 0.0746891623721846 0.38678294182025 0.697989023306515 0.58291418072529 0.349643133180059 0.223156072128728 0.148050926730173 0.100594238189495 0.0719176150207886 0.0583971695283175 0.0529744788116791 0.0598135495352665 0.10578035681321 0.195524665415286 0.285599262696646 0.307284341342421 0.257418146608762 0.165127536471579 0.0460488038622976 -0.0577092081199355 -0.122087335366356 -0.167261266664793 -0.139140257840057
-9999 -9999 -9999 -9999 -9999 -9999 -9999 -9999 -9999 -9999 0.0949443429287627 0.0825456688407436 0.0625322956415075 0.0672166366571227 0.0737874448418981 0.06836000255834 0.00362396339806231 -0.0444343079821105 -0.0125204459150683 0.0251757912150287 0.0311362258790329 0.0181695248408464 0.0173427631231436 0.0233489132947593 0.0357049078667714 0.0469722500824266 0.0568258265149199 0.0624370502068516 0.0661548721230042 0.0704384321934368 0.0724886076989061 0.0664379568081513 0.0456561538688267 0.0348486845026065 0.231758155815845 0.596044058199543 0.609645872334051 0.431653879541215 0.29207611621283 0.203640519042394 0.155168981011408 0.145959286412953 0.152422679592935 0.179215771076021 0.222221574324276 0.250913415868826 0.284855803036701 0.219986536448309 0.121134253374934 0.093173440234727 0.0299079342738293 -0.0253668266515494 -0.0784981073743509 -0.120808002969015 -0.150524023212351 -0.161451023784187
-9999 -9999 -9999 -9999 -9999 -9999 -9999 -9999 0.102318300166497 0.0874429787442539 0.0667108117625059 0.0755707029143902 0.0351595489122327 0.0340473819664629 0.0653449313196392 0.073719068407967 0.0311721322995525 -0.0356065682594247 -0.0469200142410234 -0.0194063497034438 0.00474887369962129 0.0169419315306959 0.0281257877844036 0.0401708684628058 0.0514301293674918 0.0592919387740112 0.0620628825567766 0.0642855129726952 0.0692546980848514 0.0740471924473565 0.0745148877650256 0.0693984831014408 0.0548358695516147 0.0248273745787878 0.0968856990429015 0.413274357743329 0.569955490743107 0.523493166530013 0.434101345589579 0.358698046464839 0.32545793083532 0.326959553799473 0.362936623199745 0.41811533222754 0.445991271552078 0.412281100308927 0.31150713419989 0.197859603939838 0.120326472974542 0.0755483494919005 0.0218129713290589 -0.0176391237261544 -0.0662839652098297 -0.0860078102694269 -0.10687049028054 -0.136618192527305
-9999 -9999 -9999 -9999 -9999 -9999 -9999 -9999 0.0917159939237385 0.0602177296080855 0.0978868819151228 0.0945859650296734 -0.0231061061696354 -0.00228622988727717 0.0411153879576963 0.0554161869050706 0.0566584639188328 0.0212958173098294 0.00925562557858756 0.0289861547041824 0.0432152619053666 0.0472069836795623 0.0494212398157886 0.0543501961594988 0.0594709952052825 0.0620698545455936 0.0630933309480958 0.0642410749728848 0.0647858794806067 0.0663139482848864 0.0678657232034351 0.0698542545065867 0.0625858407359643 0.036065642951436 0.023084473780048 0.195019513245613 0.41580231115868 0.537696771933183 0.552318485952092 0.541552499448211 0.535822812945744 0.564929037835226 0.600814540123176 0.63095917183813 0.610488762247331 0.47802953382901 0.303418531098768 0.137901628021222 0.0607020327713428 0.0330033174101537 0.0111339892614332 -0.00531226017475656 -0.0325936669815425 -0.0462008057899562 -0.0573573435634605 -0.0665727105374981
-9999 -9999 -9999 -9999 -9999 -9999 -9999 0.101274005356385 0.0822941267667419 0.0444825212310465 0.14966867562214 0.0665776023390235 -0.120233020522587 -0.0963560240688487 -0.00216390140111372 0.0368059761862116 0.0325365272236658 0.0427497694459011 0.0471894148804792 0.054820755189849 0.0580951190437979 0.0596808055335043 0.0615387947168795 0.0626324703884013 0.0633305790598672 0.0642454088907046 0.0649548202640608 0.0655261772754778 0.0654366654249333 0.0651216231863987 0.0646039677990471 0.0640943767191178 0.0651231088609897 0.0506398119705895 0.0186685025815248 0.0445664780527831 0.181750012678553 0.365207503767707 0.474019246715178 0.493323262263594 0.518642695128877 0.504313096323086 0.477066903124636 0.426761877819386 0.323614751037919 0.202689456593725 0.0873420776239388 0.0249953086463836 0.00682183135945136 0.00307798182563351 0.00297650814757999 -0.000716992729801802 -0.00860216101426992 -0.0164640169490307 -0.0276250777399672 -0.0117402218977201
-9999 -9999 -9999 -9999 -9999 -9999 -9999 0.0954283771416894 0.0573499528963717 0.0582731976774877 0.137935919925725 -0.00368425305562003 -0.16699723119452 -0.153852771911108 -0.055521250984568 -0.00501676183223754 -0.00390110189249054 0.0113194355261904 0.02224538735024 0.0369581254012512 0.0480245118346689 0.0518325809268462 0.0557423543120398 0.0556892661320129 0.0548126864661131 0.0566084280540282 0.0565504689888446 0.058873507687134 0.0582266354622327 0.0549702957690009 0.0552104024649984 0.0546768424104927 0.0576288700896364 0.0587768490588533 0.0375782746961561 0.0167817278939089 0.0329314878385611 0.1074426277142 0.171383270477857 0.1898842543323 0.200433095453624 0.155081894073339 0.125127477020604 0.0797062706211795 0.0356504169458103 0.0156629033420961 0.0117897934350425 0.023217299210191 0.037191354411076 0.0445262763602235 0.0442667062923425 0.0354938212154567 0.0248593535170875 0.0123249546076322 -0.00523154741323417 -0.0114810685315662
-9999 -9999 -9999 -9999 -9999 -9999 0.104967674596373 0.0831983860440714 0.0343235356917945 0.0524172502907665 0.153388272762179 0.0135591098787093 -0.172685959338815 -0.166187177694914 -0.100233646865353 -0.0419066252102663 -0.041893978650158 -0.0334160168861957 -0.0166711992594893 0.00804853897696128 0.0290930118588758 0.0334553182431027 0.0358585565455824 0.0352810337520494 0.037774309750657 0.039448187164152 0.0399891763504217 0.0381969521666022 0.0360245741734698 0.037276202501332 0.0363477452650685 0.0373741819766622 0.037837549932178 0.0392741183608348 0.0434602871858902 0.0323549225038283 0.0181026581581975 0.0174537690836668 0.0229209761511598 0.0259008516990821 0.0250589194940268 0.0232750227852797 0.0259827934097293 0.0307120464801121 0.0288710463914276 0.0262119381108312 0.0289226178272945 0.0329892957348419 0.0373204849462233 0.0400189299868353 0.0390826104409157 0.0294264887264912 0.0166429788264184 0.000824849163083619 -0.0157695576667979 -0.0301231787585739
-9999 -9999 -9999 -9999 -9999 -9999 0.10386900138684 0.0708157368756024 -0.00715265275101179 0.0319963841607929 0.111946840013833 0.0215375466813594 -0.176076008174537 -0.206505581403039 -0.143681261563895 -0.0747465911356313 -0.0554654975283871 -0.054751198672861 -0.0425650618573987 -0.0225094797688454 -0.00523492541626752 0.00175547659324243 0.00497324471283572 0.00563127472650904 0.00847057113544553 0.0118874649948472 0.0110091486146819 0.00953140188866303 0.00802783719856487 0.00732616453181373 0.00798092196005085 0.00751597889526212 0.0090960955123181 0.0111764225404938 0.0140057877901815 0.0178155288266539 0.018214428380812 0.0196994749503968 0.0194426750101889 0.0177026502416833 0.0188811134258938 0.0181276368278993 0.019208613163562 0.0200436279915743 0.0211052358504982 0.021508711161346 0.0256633187401578 0.0300236669420555 0.0339147619057296 0.0344809330036493 0.0328669815858521 0.0247124886513569 0.0133926087232029 0.00332004092208404 -0.00762153913704444 -0.018811231270841
-9999 -9999 -9999 -9999 -9999 -9999 0.111345679965501 0.0714217718345754 -0.0905337026379512 0.0091899427979622 0.138606192192099 0.0551741092059468 -0.168418311105471 -0.249419151818555 -0.171287274118586 -0.0762284851815833 -0.0460973870507425 -0.0454690280860334 -0.0347981742146459 -0.0233937606054245 -0.0130971319218521 -0.00337762024371974 0.00324324355204958 0.0124525261627269 0.017189444276939 0.021848402032358 0.0142402852376038 0.0079216732384168 0.00675518957167404 0.00354262675309891 0.00269369428745658 -0.000690856311163335 -0.00180242615413151 -0.00192983660254126 0.000430330964696912 0.00340634411668389 0.0039225262547406 0.00564197641858566 0.00720673654557363 0.00958788165431351 0.0138390429491429 0.0186490748944471 0.0282699379240423 0.034251794251793 0.0287794896008603 0.0241831973713992 0.0227874737782927 0.0215658919870082 0.0234372911701536 0.0250563752502305 0.0233823940433948 0.0176299169067741 0.0066614724037431 0.00234459564402256 0.00423040521054946 0.0233249280194313
-9999 -9999 -9999 -9999 -9999 -9999 -9999 0.125436162667778 -0.0920598468510161 0.058847987242903 0.173479826814264 0.0816232092587475 -0.152228172893069 -0.248819574688161 -0.188140522367691 -0.0541914832646087 0.0111928785344403 0.0127035751841958 0.0352159158537419 0.0586022610814592 0.066221009330942 0.0851365969091178 0.0940529474614437 0.107916668365534 0.118355291531988 0.1113047417259 0.101964131059693 0.0760408550813171 0.0581001504744519 0.0541900238541593 0.0440945508443316 0.0392015000101981 0.0296884007302514 0.0261433178209909 0.0281790383242065 0.0257995703111401 0.0294094017750835 0.0284972575544898 0.0280259611728787 0.0333486735711735 0.0349814765627609 0.0464544689728797 0.0535969187263975 0.0619430089565701 0.0367198660025899 0.0144419945901063 0.0035228112693097 0.000194035647487545 0.0016335368440632 0.00165273299359986 6.62349367069881e-05 -0.00397290293410696 -0.00991254128928681 -0.00499682184629424 0.00744383763926615 0.024277220513224
-9999 -9999 -9999 -9999 -9999 -9999 -9999 -9999 -0.0659842645938711 0.114097331824634 0.200875029881291 0.124300893399844 -0.116791240161604 -0.223067354055648 -0.159079713028672 -0.00774054758696729 0.0867004059850555 0.119260981012983 0.14752537033289 0.167396937451238 0.181875803337269 0.198386703887396 0.218702856222641 0.228916311280973 0.228527047026157 0.229838652975558 0.197018982416502 0.160899318215927 0.11529882707918 0.101506201704494 0.0929604278932534 0.0836024484033421 0.0798431356893027 0.07242528360274 0.0661740823093255 0.0590314145413544 0.0561962688267201 0.0524346188367128 0.0450883152872176 0.0442309437970128 0.0404211834788429 0.0439473895117831 0.0481729330643936 0.0582182815055304 0.0229378075706324 -0.00549236899833438 -0.013829433263641 -0.0188582674996678 -0.0125313738937291 -0.00908113291981355 -0.00574219677914273 -0.00916865054892102 -0.0145990454746437 -0.0192869357581725 -0.0162210048925113 -0.0096923221262521
-9999 -9999 -9999 -9999 -9999 -9999 0.159993405384115 -0.0349102148362314 -0.0852872549582686 0.155324714139198 0.197053553528535 0.126786691424122 -0.0864934427873408 -0.162625179653141 -0.0972052646697899 0.0271103992262242 0.136427511155929 0.195082936758546 0.234477065663497 0.26579586433333 0.288698787151521 0.317689116488401 0.334086674916932 0.342820048626433 0.340586876443223 0.312754773233033 0.27039283011339 0.207924080347967 0.142509327146079 0.112011448288377 0.102440437755887 0.103681149704179 0.100910079889253 0.096720425828333 0.0960967536543903 0.0836516799395559 0.0725786030673848 0.0534885044984988 0.0386082022197464 0.0300616424043404 0.0238812017364688 0.02737091639296 0.0344414319663299 0.048736156033927 0.0145802104716832 0.000208131652528587 -0.0033558280947259 -0.00148021114930502 0.00273214588481691 0.00562556791436447 0.00763320383668209 0.00848210090697366 0.00628523358063016 0.00532131798272706 0.00342563654205397 -0.00142178270800164
-9999 -9999 -9999 -9999 -9999 0.203100929884032 -0.00418226490586798 -0.126432412490945 0.0622658077006763 0.197804294431756 0.193981550500121 0.146076574219071 -0.0351532760487144 -0.079317150166595 -0.0156449021278226 0.057429885715902 0.162829231854294 0.233235694389537 0.277218338254375 0.29597358577354 0.322313104975747 0.350861787966379 0.383402565150948 0.387367959336952 0.361224776829056 0.304084279704636 0.244101643628663 0.171997156930406 0.103422368695118 0.05448494410479 0.0499114319961558 0.047869523128708 0.0499962834841635 0.051884333544676 0.0595628098252699 0.0592661731273579 0.0336974679036911 0.01132884979885 -0.00387414519240903 -0.010013852239005 -0.00631481023104419 0.0189079558570778 0.0450644209583581 0.0536205209600693 0.020128755836998 0.00595883882788967 0.00526985772533239 0.00569558911107904 0.00949674370576625 0.0137508588582955 0.0187095356940178 0.0200888034040724 0.0208667012018944 0.0203263281059441 0.0142134156629951 0.00761907487028374
-9999 -9999 -9999 -9999 -9999 0.109734356427933 -0.0904114575190776 -0.0555364844192789 0.166825059999228 0.219283848029134 0.200728137232304 0.168321650644618 0.0829655740409311 0.0639527905965208 0.102950560420015 0.155504772581564 0.18972418280795 0.225662159385712 0.257678467609962 0.297755403974353 0.327413445208727 0.351558458400532 0.366150478971985 0.355491084786149 0.331003500284804 0.261181476479904 0.192021591470009 0.123664625097888 0.0622944199081335 0.0163123399256651 -0.00986257288358289 -0.00769564139611717 -0.00736656618025033 -0.00833989904950855 -0.00204963384396428 -0.00603429053943505 -0.0164522435314166 -0.031068600534163 -0.0272943968012638 -0.0119742210130423 0.00354449196273698 0.0165419700395299 0.0265587458169685 0.0322218868966241 0.018264023859058 0.00872838616309307 0.00932651512348942 0.0121355535893127 0.0169573642052567 0.0218036637282732 0.0245806158110938 0.0285650486250569 0.0296540737385926 0.0286218714132178 0.0258301764978286 0.0177904681562707
-9999 -9999 -9999 -9999 -9999 -9999 -0.0730619000179916 0.0220038438231719 0.21008971909582 0.232130199441408 0.20793159080834 0.186471087878196 0.138395022424662 0.116671894712214 0.12028142480911 0.182746167168653 0.202117153069799 0.215691675826854 0.23833883942038 0.274031234418902 0.303555439683028 0.309443561232875 0.31868466275367 0.300870103181688 0.27020225500846 0.20843515965622 0.145977710961455 0.0969422461850894 0.0565393746012893 0.0276171921872665 0.00477034959845041 0.000488231099302294 -0.00252721288293412 -0.00435307460549395 -0.00432816634876831 -0.00940195226007756 -0.00709447734406737 -0.00687912978048011 -0.0013019035451734 0.00879172629549152 0.0144260069350874 0.0193377985632464 0.0200031188490959 0.0220063152419797 0.0201513993279982 0.0148890978294267 0.0192333006898853 0.0240895287380843 0.0296460390470321 0.0352395228495114 0.0354696807518834 0.0399074346827396 0.0397765016838805 0.038191943969918 0.0373780256445118 0.0323443572927093
-9999 -9999 -9999 -9999 -9999 -9999 0.0606181907843985 0.0154100357398369 0.205720148874021 0.227443476214761 0.202568654279681 0.177866360556023 0.0951674706454889 0.0260842559045484 0.0415566364721564 0.117033780525192 0.172199318055684 0.202542217154613 0.219220684906223 0.237953812109152 0.249291300663295 0.256641219831647 0.258579497631382 0.236271177048858 0.210882519373643 0.159588474955712 0.122688052806045 0.0941558603745156 0.0704404888939327 0.060829910244464 0.0584663191957581 0.0611672309864604 0.0635554162613362 0.0642886235599692 0.063939730425024 0.0591227727114446 0.0554700470755116 0.0500537973819093 0.0470458616420589 0.0473026961054397 0.0442603398821322 0.0431737073986711 0.0396803407790929 0.0375096629103612 0.0356226736210404 0.0330653326102149 0.0377862495775158 0.0435470679160784 0.048521482637376 0.0529041191901071 0.0541582359614337 0.0538674150103967 0.0517066842266107 0.0489517763491679 0.0466108516862111 0.0415238376991369
-9999 -9999 -9999 -9999 -9999 -9999 0.2063186134692 -0.00704735778040722 0.0757863755000404 0.214123116789626 0.187488448823008 0.163241488201812 0.0423090950478942 -0.0499754168338554 -0.0571183924753254 0.00623584552225759 0.128684185010424 0.183440889717296 0.200990326100667 0.204931808575977 0.194524797465676 0.194819753083838 0.199562201541772 0.177845969143331 0.154692966388673 0.131800120748412 0.108059700473488 0.0909876590061294 0.0811963645478243 0.095690103606142 0.107091401837736 0.128687137367116 0.127330072966915 0.13882334531683 0.156155629118771 0.145734040871719 0.151490171723405 0.130368360384687 0.119967961331609 0.118164287424019 0.0964848513785236 0.0930396802672988 0.0796272152555581 0.0713550226482146 0.0683779767068961 0.0612130717372021 0.0662979470091598 0.0673929555019007 0.0678956736244589 0.0687205567814914 0.0640476791031857 0.0643695461820994 0.061005419588824 0.0560248783116062 0.0516956936139137 0.0452254316222651
-9999 -9999 -9999 -9999 -9999 -9999 -9999 -9999 0.0177387218675268 0.126518226024313 0.167305526007397 0.137301104678298 0.0323439522376656 -0.0445999608876975 -0.0767283725246103 -0.0214182446460306 0.102116899784311 0.160815910443118 0.176487123391422 0.17258533425689 0.155414864966299 0.155958517714609 0.154858529837964 0.129327007872782 0.110796064595586 0.0962278792018685 0.0859493573885053 0.070878301797461 0.067044267804576 0.08606752302628 0.115651282837511 0.12981331871062 0.137207905158389 0.156184215752483 0.181409149522862 0.200201414544725 0.200042941183511 0.193823756728261 0.185286294019715 0.173381564500488 0.159260290816884 0.144539501562501 0.12985081007137 0.116645647336288 0.106480703565313 0.0962198912009973 0.0928744255171451 0.0891201743481863 0.0820214214957816 0.073128200377174 0.0676105897225904 0.0637496718302627 0.0610896345518107 0.0546807893438195 0.0470278907858842 0.0416562477710161
-9999 -9999 -9999 -9999 -9999 -9999 -9999 -9999 0.21815190780941 0.0166160060520861 0.156695690614087 0.133610792052892 0.0310811267107108 -0.0226803922287714 -0.052059469816886 -0.0192990040379057 0.120340147293854 0.175777770677292 0.171405746128676 0.156089321341031 0.126976966813284 0.11770342132719 0.107445243123285 0.0786704255494932 0.0657612542859682 0.0640563604776476 0.0554573582336721 0.0346701692835413 0.0336457204120582 0.0667501776882773 0.0954533513608319 0.115450112090538 0.109713418140175 0.13565190328811 0.186288248454975 0.213364454838627 0.234972220714733 0.226876907105032 0.22784731701814 0.231682234702565 0.212825063605411 0.203385040878483 0.180365632378664 0.162743714799333 0.153851996647072 0.134770683763805 0.122755086607604 0.10735232606623 0.0900798158149819 0.0744443771888353 0.0607172746156918 0.0523107129496474 0.0475859388505425 0.0416730536515439 0.0357245993277036 0.0345476086904968
-9999 -9999 -9999 -9999 -9999 -9999 -9999 -9999 -9999 0.00768310602115913 0.141743225146208 0.0962068884223881 0.0241371477357257 0.0091688631785552 -0.0183356240515449 0.00908075098273015 0.144186641425099 0.206485684705045 0.180251234601262 0.14348995628882 0.114477460887731 0.0924330513561442 0.0681328477305267 0.036976158226889 0.0280455119515063 0.031049279075346 0.022820627598143 0.00399229434023979 0.00379422234592891 0.0289683797601196 0.0612299327129895 0.069301202751427 0.0709614308472735 0.0919717203961015 0.129439274183455 0.172975929350515 0.190712998239688 0.205392005763921 0.218952958126875 0.220260705220366 0.226194304491679 0.212786146277271 0.202792113186133 0.192808524926611 0.176929903937082 0.163945543918543 0.140055695366319 0.116354559518849 0.0885499718623432 0.0592911511550561 0.040054052307843 0.0287841314976573 0.0191231145676213 0.0173324360755346 0.0212008355695587 0.0252816701678242
-9999 -9999 -9999 -9999 -9999 -9999 -9999 -9999 -9999 -9999 0.0244969900842412 -0.0166191744594363 0.0254376275218692 0.0444137428855106 0.0318531603328411 0.0493704890729685 0.172869121826252 0.229242342656259 0.176146091151075 0.132241773939164 0.0967822681136703 0.0624895453514041 0.0328261824525412 0.00196044410983098 -0.00950362437302127 -0.00430375109939091 -0.00990274699623855 -0.0255148779003939 -0.0232387248248242 0.00302517423677973 0.0304850814106037 0.038072214875383 0.0303829076802721 0.0469402045320307 0.0841072634206226 0.11616944883911 0.134536176239809 0.140799621779094 0.161078327744117 0.186157178479989 0.201190344441203 0.197311658107606 0.186983202572904 0.186270913671437 0.191558076637406 0.183055555555599 0.154467070383588 0.118702328451024 0.0828686843166757 0.050768373948328 0.0286498346999783 0.0163475387084818 0.00930060088486784 0.00617106031458808 0.00713736223823663 0.0139668597808648
-9999 -9999 -9999 -9999 -9999 -9999 -9999 -9999 -9999 -9999 -9999 -0.0344786102366243 0.0405814296871587 0.0931688772621936 0.0834617207052309 0.0744958002943401 0.156586364334378 0.215731934153988 0.17039751757835 0.125404644695659 0.092010935141742 0.0470165251145641 0.00300930578680353 -0.0273018433640452 -0.0379417801155279 -0.039648576311192 -0.0413596292388551 -0.0470530005104243 -0.042323736443394 -0.0243875742190869 -0.00476367942904576 0.00363724905290258 0.00707357070380588 0.0186302206969745 0.0349628318009104 0.0486604747790048 0.0681114492351632 0.0792151428609752 0.0988609501908774 0.118248609126311 0.13165728417322 0.143874303720558 0.140587669756927 0.152414452668653 0.172606135706645 0.173433673021366 0.142386938306953 0.10623924225816 0.0721563998446801 0.0400898929493384 0.0210558641222519 0.013353847764096 0.0101436795067489 0.0045867460280874 -0.00172862774291571 0.00370076729313579
