meets/meet004/_saidas_enm/CCSM_Maha_6k_Aralia_warmingiana5.asc
NCOLS 154 
NROWS 168 
XLLCORNER -112 
YLLCORNER -55.5 
CELLSIZE 0.5 
NODATA_value -9999 
[rows 50 to 74 of 168, columns 56 to 111 of 154]
-9999 -9999 -9999 -9999 -9999 -9999 -9999 -9999 -9999 -9999 -9999 -9999 -9999 -467.497427415676 -217.561777464681 -94.5448804353961 -50.7989827322592 -35.0641335502515 -27.1874420803554 -16.92878576335 -7.45729904080879 -4.61099743144316 -9.1521255117609 -14.9918442393376 -22.4537199181101 -33.3495817839614 -44.7515746571957 -66.0176080791675 -86.0954889711311 -111.01992214329 -131.045626335627 -115.593565261905 -90.0698874763269 -55.4430457692793 -23.1571029567819 -11.6628852855739 -8.70110060268523 -13.4440116905027 -19.8769542496259 -22.8630423039077 -23.9020743751254 -24.4972090348439 -25.5305263734848 -31.7330827238802 -40.8019352077942 -42.8562201494954 -28.0706446242356 -18.7703744635199 -11.9267256721252 -8.02501497214037 -10.6974763733361 -13.4260968738204 -15.2920615545968 -18.0409952563929 -20.8552927475877 -20.6661588667881
-9999 -9999 -9999 -9999 -9999 -9999 -9999 -9999 -9999 -9999 -9999 -9999 -9999 -248.179232763926 -123.71517173801 -57.6588796554288 -32.1501224343301 -23.056054751397 -17.5609122514333 -11.4668205353194 -5.38569827049848 -4.95049151796985 -9.10653985144952 -15.0619641874756 -22.9821514810983 -34.6185953963573 -48.2967948991844 -68.9195637211614 -91.2612961952699 -113.865921847811 -128.146182434539 -112.610257225674 -81.5945879665629 -46.2425083726745 -21.0085071616235 -10.4755546399872 -8.3030384605468 -9.74291626351773 -13.300375588551 -17.108412862213 -18.1486493065933 -19.412965535963 -22.0851957752799 -27.2234479114383 -38.3809702198923 -36.5452130932786 -24.8447811442698 -15.6262543031763 -9.26021280083321 -6.6444078624183 -8.5508477946559 -11.9079809667798 -13.6740574747679 -16.5792597130604 -20.6272830598233 -19.4354841624145
-9999 -9999 -9999 -9999 -9999 -9999 -9999 -9999 -9999 -9999 -9999 -356.307015344051 -212.900480075558 -122.043923241756 -67.4596187206761 -33.8792536487788 -21.0424161826466 -15.3112035308927 -12.2800925189505 -9.33755221882658 -7.37024249636161 -9.13501834248034 -14.2565489714851 -22.2278032261574 -33.9110346811959 -49.3437992028861 -70.2343424187106 -95.3450048286996 -124.513719376222 -157.183780286319 -173.128405164668 -145.174238498451 -103.689580358259 -58.2859640813534 -25.3307031481679 -11.1856485734517 -9.57266988572424 -11.0592638496721 -13.7457847227087 -18.0642133248772 -16.6066257423109 -18.0938968866043 -21.1221750301389 -25.1784048544277 -31.2738900610792 -28.0053576587043 -16.6599702536919 -10.3526937742246 -5.74755093346222 -5.06123052356977 -8.57561309844375 -10.9477976250657 -12.474534931655 -15.9087448164015 -21.288395414192 -19.0228575425766
-9999 -9999 -9999 -9999 -9999 -9999 -9999 -9999 -9999 -9999 -348.800055021564 -186.369801086236 -105.379079848809 -80.0122239924459 -53.4739845372907 -31.916853913958 -19.7261613655233 -15.8267853241766 -14.0177218359265 -13.6616623248474 -14.6956604643729 -19.1378081168977 -26.8102247554805 -37.2869040400753 -53.0086114868383 -74.3620961502118 -101.454385213761 -132.722186941124 -166.009875936279 -195.143437276424 -203.935316325718 -168.859077728548 -117.146383710947 -66.0182184567006 -30.1533971907058 -12.97091564422 -9.12583702923444 -11.1371322513184 -13.5840956233386 -15.7180108712386 -17.332759040894 -20.4762023789808 -22.1276255403179 -20.9855046261078 -17.6276687048649 -12.0474181224468 -7.16039447600567 -4.51530277678274 -4.63414288720505 -7.90120612166189 -9.66675324186391 -11.626183453136 -14.1403493016441 -18.5214749823338 -24.1489397333734 -20.3040715859609
-9999 -9999 -9999 -9999 -9999 -9999 -9999 -9999 -9999 -9999 -181.238050355002 -80.0857912105104 -65.5295172222956 -50.3620562590757 -45.5659185874998 -36.4429057850648 -27.616813455583 -25.4173860434143 -25.7882581320335 -26.1402373094818 -28.7128476050457 -35.1033888021949 -44.2770956741467 -57.5137957034109 -78.8312575353139 -105.161350140487 -137.417799939917 -173.439906479909 -207.356019350096 -233.833346080846 -237.847311821474 -190.500087990716 -129.783444211918 -75.2178310689585 -35.734678276822 -15.7662470157799 -9.97629512155557 -8.24176660431729 -9.51693862620581 -11.3533683652173 -11.2106414326756 -13.6516644755272 -13.1990479344768 -11.3770690879142 -8.50815384153095 -4.79559692287364 -4.51608266251465 -5.5519914844916 -7.70089973085294 -11.4055389756654 -13.8162132469402 -18.5477719892518 -22.7425268118402 -27.1866301476947 -32.7768672321767 -24.4480030320979
-9999 -9999 -9999 -9999 -9999 -9999 -9999 -9999 -252.824492365801 -162.09778826555 -78.6303035000909 -36.7380967536715 -43.6216862010553 -39.6293820392653 -36.7106796110467 -46.0080076132781 -42.2981969696498 -39.5249712966259 -41.3422260274954 -44.6354346770483 -50.8824785872261 -58.438687094312 -67.5533142861356 -82.4471784639978 -109.116747717106 -142.848127733362 -178.758464396468 -215.811005974154 -248.143259717323 -263.385195174258 -256.309449599085 -205.679160683704 -143.071995642209 -85.5704379965822 -44.8138587091543 -22.5813340086917 -13.1708598554758 -9.20353546699272 -7.73668675931144 -7.76436480851298 -7.73307895788372 -8.86096997646647 -9.16087681732128 -8.16250770303582 -7.45963495563273 -7.8074742487466 -10.8008927626651 -15.0619104910273 -20.7236556980983 -23.9752885582029 -27.8430004964866 -31.8557602634987 -36.9426033915292 -39.8274019184209 -41.1247055219649 -26.6936903268157
-9999 -9999 -9999 -9999 -9999 -9999 -9999 -9999 -158.498997290959 -84.303241934006 -28.8715031336239 -13.8737057663088 -25.9991940944975 -27.1712245741065 -28.205499705029 -38.9914328407444 -56.6728381217453 -59.365711000218 -63.0221064270116 -71.7930107782656 -84.9862742901335 -93.7960717101172 -101.497514010202 -117.817262165784 -150.869899527833 -188.380857369985 -201.498057044172 -214.883040371308 -217.561212157786 -214.516286640808 -211.29667572895 -204.355976019587 -154.789188812267 -99.5306924273573 -57.5207230466557 -34.1249225518061 -22.4282415676708 -15.166245206559 -12.6182113367269 -12.0724497651413 -11.9862449086238 -13.1371569791505 -14.2190770941279 -16.359214552176 -20.3855192564944 -26.2331910144607 -31.403310439071 -37.1913910965257 -44.3425735730997 -50.2115806254012 -53.8257671622218 -56.9600512453598 -57.4609020105691 -55.166511906365 -52.9101750552911 -31.2916365653326
-9999 -9999 -9999 -9999 -9999 -9999 -9999 -172.130680228159 -102.062800787432 -49.2470269149349 -12.5489921552631 -11.0270229054608 -16.845307310835 -17.0341411771176 -19.5607115205392 -31.979835818671 -47.1272696598739 -69.9601329264368 -84.3655715844463 -101.479192507514 -117.559591899143 -124.960198659118 -136.010132317153 -142.197775776446 -150.849403656128 -162.677506572768 -165.866061169057 -167.602962791919 -168.696960080297 -166.788508370124 -164.768921749047 -158.676839415637 -153.857739631467 -112.499260203102 -74.5588859530286 -51.4032039305063 -36.9612917900033 -28.6491056902334 -24.8677676177303 -23.8087664323317 -24.2727738045455 -27.3713031778974 -31.940678679655 -38.6661336726206 -47.9008381284326 -56.6457269379899 -63.7997072775943 -72.1296274215814 -83.3537462542139 -91.729916570821 -94.4503613135337 -93.0942369433006 -85.0850177200817 -76.7311567833329 -68.9769455332193 -36.7806089280539
-9999 -9999 -9999 -9999 -9999 -9999 -9999 -129.005155967461 -60.68507041354 -19.7242534785664 -4.42820092348369 -10.7962328086697 -17.5918243474125 -15.3802819490543 -15.1655742426984 -24.1642424732262 -38.2898019085395 -57.8138196302036 -70.4550551840952 -80.5497773752179 -93.1319278780269 -102.209122061899 -113.613872976011 -115.733726835047 -116.47913690079 -123.957432620729 -125.600913027374 -132.784874783751 -131.365278154334 -123.22896939659 -122.053860798947 -119.369151663522 -122.558872893703 -121.981934109823 -93.3789538320562 -71.3595474233877 -57.2657765882289 -48.0097745877974 -44.9046625724248 -45.7833681605985 -47.9883407901727 -54.8645505515567 -63.2417454999621 -76.9512887674349 -92.2203697274103 -102.896153376026 -115.493815192975 -130.225040321983 -146.299235397914 -153.8804416177 -150.271384612325 -136.915863033711 -120.899260638847 -105.787009379567 -88.8103738663849 -47.9492794429638
-9999 -9999 -9999 -9999 -9999 -9999 -157.51262301834 -92.017723107854 -35.418787901615 -7.33349158184868 -2.02967337481981 -9.67275000451264 -23.4099601355229 -20.395497873589 -13.8292478037209 -21.1674272380297 -31.4973940155356 -45.7839730075297 -56.3380869152556 -64.6198427255823 -75.6842951821206 -81.9055527716979 -87.1491579266422 -88.8672759558501 -93.8503711185484 -97.0846702488124 -100.674284637931 -101.520555263621 -99.6708402357396 -100.981489082985 -98.5905600659805 -99.3451991676079 -99.3843532135326 -100.01975539381 -104.480260791632 -96.2081174515055 -84.5932701095076 -79.2478995673667 -78.3716911972423 -82.5465084002908 -91.3774516133939 -102.979367296302 -116.020434063035 -132.731814115082 -138.159933105854 -137.637901415502 -140.757798874781 -143.230865883177 -146.555320351538 -147.738792814372 -144.317200461748 -131.385476771121 -115.427309413178 -96.528898352246 -83.2571310959878 -62.8064580910352
-9999 -9999 -9999 -9999 -9999 -9999 -125.476568631492 -62.8698344853097 -21.0601381148387 -3.20803874043756 -2.42626572622923 -9.66334764720577 -21.30615756672 -17.7441855882061 -13.0497978560293 -16.8776709899692 -26.9333104027376 -37.8288214078669 -44.6767240323623 -49.2735752555354 -55.165216698847 -60.182941714296 -65.0041298084379 -66.105036395676 -67.5346087625893 -70.7381921691694 -72.3733399083192 -74.7547089488869 -74.8214988789234 -74.755199239274 -76.1317628028762 -76.4819178853654 -78.6625857771487 -80.3857340861074 -82.9370015109158 -87.1205493613591 -91.2432197163889 -98.2107797129046 -103.468056952676 -106.316655312225 -111.370703966596 -111.140891950276 -111.143809230909 -112.558648641194 -113.846510041575 -118.489084670104 -122.274958135355 -128.268025603693 -132.338923353852 -131.31575992987 -128.856705432474 -117.170868444047 -104.739219363242 -89.9174450983247 -75.3410449247186 -63.3722766866953
-9999 -9999 -9999 -9999 -9999 -9999 -97.2753027421692 -48.3961371740511 -13.5203981327348 -2.26034714820498 -1.71106709686463 -6.17607826288638 -15.8307550328848 -11.2134792698827 -10.5982801807392 -15.4905542885359 -22.4967050806946 -31.0867325970246 -36.4222647983274 -40.3231747678407 -44.3415396429113 -47.7854340188585 -51.4183351813677 -52.8876539675982 -55.237295244303 -56.3088819120305 -58.2254229079952 -57.7518686403365 -57.7105486422198 -60.0975368546212 -59.9050791076612 -62.6658190170178 -63.6860456478213 -65.845227451336 -69.7811734279882 -71.2076581618201 -76.4782698801082 -79.5562615204142 -85.2272573223537 -90.8391894438983 -94.0929744543919 -97.0512057302342 -95.3741949313427 -95.3932999894131 -99.7202652682508 -105.757192037709 -112.25966196469 -115.81764521844 -118.56051562731 -119.57105363327 -115.922074803948 -107.246352872063 -94.8959358058873 -80.7837301199085 -70.6631567161121 -59.1217765641328
-9999 -9999 -9999 -9999 -9999 -9999 -9999 -34.1377382131016 -9.41731085294946 -0.679773683505905 -1.62509503946181 -3.79765803000017 -9.21326661582929 -8.18701711996644 -7.84762196875545 -12.7948393386313 -19.0907348205087 -25.7129298694949 -30.1665097680053 -32.2964348918458 -34.835708382381 -37.7179229396287 -41.1875105584213 -42.6813227111724 -43.0110363508746 -43.9288107914986 -44.1001066009768 -43.5888663692666 -42.574125653067 -43.7863264315807 -45.6960702238059 -47.0946732514079 -49.5593168146392 -51.4506793171634 -53.658762453823 -57.3927303487094 -60.5991060258168 -65.3881262158428 -69.908988245785 -72.7526345362047 -77.2266723076703 -78.0273421284698 -78.7629004751473 -77.8187591032293 -82.3712353719196 -89.660860622964 -93.1479608747279 -97.5998509678313 -99.9691781569334 -99.3557624991713 -97.0796631471726 -89.4196553897016 -81.4112588979186 -71.6101442010162 -63.0013294921708 -56.0914736643456
-9999 -9999 -9999 -9999 -9999 -9999 -9999 -9999 -7.07694144740765 -0.226891303440827 -1.68031403678215 -2.5807107383916 -6.40588163651379 -6.68871400473299 -7.68571169182065 -11.5220095523692 -16.5454750553091 -22.7117436178012 -26.4720252550957 -28.932238201915 -30.5888105332252 -32.2899900126624 -34.252167550397 -35.1486682585746 -35.6561094460217 -35.3850264588343 -34.9122378214856 -33.6555369521706 -32.3954502202923 -34.4789291231964 -35.6457652531311 -37.7800022001246 -39.366856809275 -41.5093105600177 -44.9044029935335 -48.4646597942177 -52.184629249041 -56.2815473094843 -60.608458682107 -63.7919593059773 -66.4642229828994 -67.8225004628708 -67.741734392007 -66.9588333119833 -71.8307510063851 -77.1923065557895 -81.507638071985 -83.5365755884534 -86.9721940880679 -88.7822284869822 -87.3920153143499 -81.1338896326217 -73.7049173272843 -64.8061567599188 -59.692869838276 -55.2785223956769
-9999 -9999 -9999 -9999 -9999 -9999 -22.2243692240818 -7.80072879933122 -0.337532362268952 -1.01808170428783 -1.96423368666622 -2.42211280646119 -5.64104215188328 -6.17830738993113 -6.35645237172831 -10.3756145295981 -15.2094819109404 -19.5510857179401 -22.5493604718719 -23.9185483614524 -24.982896936328 -25.7884098561838 -26.7124362923522 -27.1072344341553 -26.9022569406203 -26.8368751018292 -26.1780124662485 -25.5473482629559 -24.6814937043189 -25.1973744279435 -26.7730149997636 -28.1702155054982 -30.0931636421338 -31.7993914380152 -33.9540863318247 -37.3350934110994 -40.5524108958703 -45.1887445231488 -48.8230030153789 -51.2188883957584 -53.8898570520853 -54.0116243189259 -54.0956895653959 -55.1511971224938 -63.0442544247308 -71.4591436734299 -76.7479329790215 -81.0965617793174 -83.9927267964899 -85.0914186044888 -84.6005009371615 -79.1215331551548 -72.6608439185009 -64.5979589530368 -57.0434732075664 -50.671856350915
-9999 -9999 -9999 -9999 -9999 -29.540692101728 -8.08138144410253 -1.44499835224713 -2.01813249908732 -1.52702991492143 -1.5647813017584 -2.4180583305112 -5.49029908112441 -6.88985510202398 -7.06877674053658 -10.0348968895909 -14.7450548618881 -18.0469404700356 -19.7976629655573 -21.3260344275124 -21.1912960451805 -21.6713604351699 -21.3093395465588 -21.1798211316596 -21.5006192517736 -21.2408877727755 -21.0655847258593 -20.245611682468 -19.5850143141153 -19.9841372195936 -20.428675908233 -22.0585536727629 -23.1901723554356 -24.3822519348306 -26.7358309140758 -28.1259712860628 -32.0286274235684 -35.8049467017073 -39.0361970170327 -42.1531500395517 -45.5007814692262 -48.3477031365166 -50.5415689360737 -53.7789994802449 -61.8030616178098 -70.3611812602811 -73.8192000352493 -76.0335622233768 -78.112872006821 -80.078626494837 -80.5335279367775 -74.4793450923125 -68.8270610093648 -61.8584424037819 -55.6809777058389 -48.683717513334
-9999 -9999 -9999 -9999 -9999 -10.4707123516428 -2.10490044759405 -0.94725581929821 -1.92636943577176 -3.82394998151923 -2.99350023249703 -3.22168826127319 -4.34584119317318 -6.54336745608348 -6.95007822340945 -9.81396916205061 -13.1796064657664 -16.53014793922 -18.6339831753863 -18.6828013909008 -18.9020143495567 -18.8849197011075 -18.3367058715249 -18.1001263169599 -17.6318322755471 -17.8383796949544 -17.7579754124744 -17.5279081211189 -17.2099311068692 -16.9091354925362 -17.4521780700371 -18.4382176344083 -19.6449620453618 -20.4916646964567 -21.425994732808 -23.1975552325722 -25.9089594478321 -29.425325409434 -33.1495760328822 -37.5171332405454 -42.2531667141841 -45.8750773290881 -49.6478046943463 -52.2504673084253 -56.2357003053925 -62.2413448111415 -65.8477689900106 -68.5364279321228 -70.422723955354 -71.190700926477 -70.7895530818352 -67.3506760683497 -63.1433929263333 -58.0706340970607 -53.3946897415001 -49.5998716549012
-9999 -9999 -9999 -9999 -9999 -9999 -0.395780420691944 -0.857947956099337 -2.78879799996866 -4.84684238118851 -5.74804571651444 -4.8577469687324 -4.28917496757443 -5.26099185429279 -6.69306584638039 -9.76830713137126 -11.4237139686183 -14.5715699317478 -15.6678866738614 -15.185864645813 -15.4189871204776 -14.9815477929416 -14.7424313284764 -14.2834319005573 -13.6556948207288 -13.7741623259649 -13.312915470905 -13.1562082348483 -13.070774893426 -13.2584988911689 -14.1876146823757 -14.2032134761945 -15.476752403035 -16.3420996140248 -17.2473381582604 -19.1041965564316 -21.9208935861338 -26.2299800557152 -30.3461185920921 -34.1212111595224 -39.0213364766983 -41.5568663126012 -45.0387730341199 -47.3181294230607 -48.0783144068168 -54.1449930352381 -56.9892458873902 -59.9631093599361 -61.7972680293959 -62.5765170549882 -62.4490180519898 -60.209974556902 -57.8545890496595 -54.6489594761697 -52.2791174129411 -50.6038250425153
-9999 -9999 -9999 -9999 -9999 -9999 -2.24174700017791 -1.06067764543148 -4.86917902318831 -5.57662864297783 -8.86790029007112 -8.69548652367399 -7.22633535632902 -5.07762354406255 -5.11372354103442 -7.34245081737982 -9.40860788776006 -13.8596625104769 -14.3274606641995 -13.3244706254091 -12.530778376986 -12.192864420366 -11.4158676066666 -10.8939675826312 -10.3648447544158 -10.2840694560817 -10.1534368086252 -10.0204458235488 -10.2633923527108 -10.6062933797707 -11.2582867755705 -11.7138582260187 -12.3191345066696 -13.2561389283269 -14.5417571413427 -16.7206222506476 -19.609647523781 -23.4019219503545 -26.9948555635787 -29.8712105939345 -32.8020561572326 -35.4568503418168 -38.363931975254 -40.3549245048323 -41.2098321039039 -44.6053516517395 -48.1327636744002 -51.2409918145712 -53.4354096804164 -54.8494085081424 -55.7009975749381 -54.4489039296569 -53.5866133164071 -52.236626645987 -51.3095364092028 -51.0553064030691
-9999 -9999 -9999 -9999 -9999 -9999 -11.5742181175502 -3.70046726089825 -6.01181325547147 -6.99674299375368 -12.6824847454744 -14.3804084760461 -16.4465892701367 -12.541614034863 -7.83282819146395 -7.24650590652317 -8.32027199601526 -12.7055077096507 -13.0629639154587 -11.3717298796478 -10.1590908178689 -9.58925218922408 -9.26169945148557 -8.54374033234555 -7.64082872483784 -7.65273052583717 -7.3856039436692 -7.63043815840845 -7.88546509973627 -8.01171439815545 -9.09819258263699 -9.24803026586597 -10.1871544568326 -10.9761567565003 -11.9833773259165 -14.3162154586751 -16.3102715158824 -20.0005530806132 -22.7476543340462 -23.9278206257815 -26.876365982602 -28.3671457853139 -31.2886669865045 -33.0520739737215 -33.3402084316949 -35.8264644012753 -38.7388802521182 -42.4901382596542 -45.0179640310255 -46.6396035493296 -48.9794307709084 -47.8215902413521 -48.5280324838273 -48.2811077269137 -48.2397535019027 -50.1375610481449
-9999 -9999 -9999 -9999 -9999 -9999 -9999 -9999 -8.47794236483971 -8.94624916429665 -9.85488197475659 -15.5487872845788 -25.8413320520431 -21.2967062657174 -12.9183660485553 -6.85547260707025 -7.1153623832073 -11.8832240365939 -12.5422276947806 -10.5930899406372 -8.46201176125257 -8.30549126503063 -8.5392627276306 -8.06049505334327 -7.02373641483532 -6.44335399656434 -6.39049565495152 -6.43654686256026 -6.56842572781793 -6.84466605039117 -7.81434842160423 -8.40494408369268 -9.14971956310567 -10.0640324544868 -11.0949154126093 -12.8667945249746 -14.755818712367 -17.032432053871 -19.0143685537597 -20.4149565901528 -22.0586811769251 -23.6013741365659 -25.3281453937694 -26.6596548555735 -27.5229255637609 -28.4290726960883 -31.3988048888241 -34.3401331423029 -36.8220525319159 -39.0840109246162 -40.9401885956408 -41.1674144826339 -41.8730077337193 -42.6595878774101 -43.7322155799185 -45.6983285371899
-9999 -9999 -9999 -9999 -9999 -9999 -9999 -9999 -16.9820865693485 -10.7008375453941 -6.91907041651769 -17.2331219891698 -37.726046133459 -30.6171188677833 -18.0900937420119 -7.58296219599756 -4.63211415709887 -10.002476220282 -10.9522022010899 -8.44041996543431 -7.06300020699368 -7.16925495344314 -8.42883402314618 -8.16969746930462 -6.47129902101193 -6.01035735154365 -5.93437052888846 -6.26697810932034 -6.38981167323276 -6.12687359494861 -6.77079928839091 -7.29611306838521 -8.3569152144498 -9.17294131405627 -9.82713260419835 -11.5871515695838 -12.6305159783353 -14.480327516589 -15.9316783820646 -16.4193671577505 -17.8992782878063 -18.3705731589859 -19.8560443879019 -20.8547928941878 -21.2431343747729 -22.7211273995977 -24.1119082963041 -26.8394832117972 -29.0363280516864 -31.1113044788816 -33.1612266684345 -33.0638301040849 -34.0791412789841 -35.2755036250625 -36.9036707621016 -40.1805062224464
-9999 -9999 -9999 -9999 -9999 -9999 -9999 -9999 -9999 -7.71484417919669 -3.86665964434947 -17.5883752834498 -48.4458882335246 -43.3718362872077 -23.624634228732 -8.39524282535785 -3.59997305893887 -7.11281180764986 -8.66281407643635 -7.71938933602077 -6.01470839087037 -6.80802406328587 -8.35522747919691 -8.31703347055689 -7.0624825744016 -6.1443284388814 -6.12909760014665 -6.36588071559037 -6.57995635878273 -6.5036937354842 -6.7672365845593 -7.36099039261254 -8.05187413445433 -8.54700978145943 -9.15323850059194 -10.5426811919943 -11.4263278650071 -12.4312740451697 -13.4510574450355 -14.3195461087395 -14.7069393339465 -15.0822912581208 -15.4623441202249 -16.0185185948485 -16.8482231461694 -17.8778768754554 -19.6733674412335 -21.6463957511658 -23.3558585546808 -24.9370288102272 -26.3024422571088 -26.8734432716969 -26.5212075075302 -27.8570061516663 -30.845251752302 -34.0632245298219
-9999 -9999 -9999 -9999 -9999 -9999 -9999 -9999 -9999 -9999 -7.16568760657828 -21.7204113832974 -51.5871049201498 -49.2163359441936 -27.8758602484411 -8.03866364020441 -1.43496896910296 -3.60210515552748 -6.26683517196358 -5.73865488848497 -4.99587249638984 -5.96362016165822 -7.70526466127272 -8.14844910884031 -7.09086879693544 -6.50314556525571 -6.57463996211022 -6.84055349872984 -7.03792816597391 -6.85351251261593 -7.21636384386842 -7.76653541050537 -8.62936202611622 -9.04798219223917 -9.07782924360084 -9.46844304513581 -9.91237539062143 -10.7607806071208 -11.288719626106 -11.6062850917695 -12.1541602087232 -12.0102402373277 -12.2431741835244 -12.5144222222738 -12.7898128624765 -13.7877852227818 -15.6692919146098 -18.3403228636353 -20.4380856342633 -22.1477533842584 -23.8721583245774 -24.5375076401989 -25.0996825538626 -24.6848873782646 -25.2981503350863 -28.2625101019995
-9999 -9999 -9999 -9999 -9999 -9999 -9999 -9999 -9999 -9999 -9999 -28.3590748647564 -48.1247205975545 -45.5139057765163 -27.9906437897035 -8.10442188189045 -0.90710283061353 -0.0105698660444529 -4.13813926175097 -3.9049456780305 -4.29356410969487 -5.48179220184341 -6.80472282452985 -7.45853836050633 -7.22394984055622 -7.1634012480369 -7.17992530998348 -7.32998938100117 -7.58993007711869 -7.44707670718681 -7.94633130282408 -8.42974626184811 -9.09414370008089 -9.67672940265238 -9.6334968469533 -10.097961295306 -10.0660467773178 -10.2828710170464 -10.2868745691513 -10.022862657666 -10.1925496606917 -10.2255215730981 -9.90690339771694 -9.84818138310276 -10.0965671842276 -11.1099452225796 -12.5590621746299 -14.6047014672611 -16.8494177748347 -19.1643224718368 -21.5274921639295 -22.9073405710464 -23.881871575982 -23.5125076397434 -22.209775930098 -24.0413236149169
