meets/meet004/_saidas_enm/CCSM_SVM_0k_Aralia_warmingiana3.asc
NCOLS 154 
NROWS 168 
XLLCORNER -112 
YLLCORNER -55.5 
CELLSIZE 0.5 
NODATA_value -9999 
[rows 100 to 124 of 168, columns 56 to 111 of 154]
-9999 -9999 -9999 -9999 -9999 -9999 -9999 -9999 -9999 -9999 -9999 -9999 -9999 -9999 -9999 -9999 -9999 -9999 -9999 -9999 -9999 -9999 -9999 -9999 -9999 -9999 -9999 -9999 0.123550104491935 0.120536966360858 0.0787374886724209 0.101421035687659 0.114054813051299 0.117029016869446 0.109961151860233 0.0873225890780921 0.0559881474720559 0.0441286739358145 0.0366283091135281 -0.036916391609643 0.337082681551427 0.618259122305883 0.293352862503926 0.101837942464065 0.0779205543048 0.088711786437902 0.10455175482619 0.162132255751697 0.254485939668686 0.339187504982041 0.372410657686757 0.409673322538962 0.454392447079913 0.515724893069125 0.587047206120534 0.64781806764306
-9999 -9999 -9999 -9999 -9999 -9999 -9999 -9999 -9999 -9999 -9999 -9999 -9999 -9999 -9999 -9999 -9999 -9999 -9999 -9999 -9999 -9999 -9999 -9999 -9999 -9999 -9999 -9999 0.123595244825807 0.118068456697534 0.0864553538703888 0.103737587008306 0.112504810084036 0.115225047515929 0.105927597402898 0.0833354394034402 0.0500181675244241 0.0418524359317655 0.0346279335748942 -0.0149766901351446 0.372208426897389 0.459271772732658 0.158317346145196 0.0345768315579253 0.0438489701107957 0.062367628826196 0.062324736762233 0.102015545016681 0.1935073275264 0.311248930197861 0.444998791708972 0.472393540411018 0.502053624157229 0.558914430794426 0.642287276156661 0.723279063112671
-9999 -9999 -9999 -9999 -9999 -9999 -9999 -9999 -9999 -9999 -9999 -9999 -9999 -9999 -9999 -9999 -9999 -9999 -9999 -9999 -9999 -9999 -9999 -9999 -9999 -9999 -9999 0.122868883135859 0.123612603234918 0.119330413939371 0.0922941055913803 0.103005085562093 0.109877047321895 0.112060290277866 0.101712622910345 0.0775734989400514 0.0474623654087719 0.0403796743077605 0.0251105906542799 0.0377569958513331 0.391369807123485 0.320815927363219 0.0811157765711165 -0.00137027206554935 0.0243176941123306 0.0516417094659126 0.0596373529946604 0.103753739969777 0.182315105684433 0.268830453561023 0.378759696272583 0.465941875184366 0.505131696599341 0.559196837677432 0.655595733671944 0.753760711059407
-9999 -9999 -9999 -9999 -9999 -9999 -9999 -9999 -9999 -9999 -9999 -9999 -9999 -9999 -9999 -9999 -9999 -9999 -9999 -9999 -9999 -9999 -9999 -9999 -9999 -9999 -9999 0.123055724655668 0.12363404488813 0.120009672062767 0.0975519594120847 0.103512207477159 0.107616300416019 0.109757143180195 0.0979958534557987 0.0780073162200885 0.0464980754159545 0.040968556680181 0.0210768997481307 0.092871267828884 0.369051491974585 0.233640300751856 0.0485656616765209 -0.00641916737769777 0.0291712562460568 0.061180180011666 0.075219288654141 0.109600233742048 0.172437220823493 0.235269505055054 0.316454252604006 0.403020513243197 0.451468462926543 0.552759909967115 0.65794296857049 0.751361177622077
-9999 -9999 -9999 -9999 -9999 -9999 -9999 -9999 -9999 -9999 -9999 -9999 -9999 -9999 -9999 -9999 -9999 -9999 -9999 -9999 -9999 -9999 -9999 -9999 -9999 -9999 -9999 0.123206892142705 0.123666306292853 0.120256876941092 0.101126888208029 0.103927470856121 0.107300706574416 0.109466337067514 0.0978187575412383 0.0758348433870012 0.0450665523608295 0.0419540858232321 0.0196672019284593 0.158371797976189 0.379284177367678 0.205277270229529 0.069187411419831 0.0231747010638354 0.0420979670044121 0.0749689394635282 0.0821009869367547 0.107199401063855 0.150622847006743 0.207099078988267 0.288827631915151 0.361946273522012 0.45289952345441 0.564076823185803 0.677836508033113 0.775025141265598
-9999 -9999 -9999 -9999 -9999 -9999 -9999 -9999 -9999 -9999 -9999 -9999 -9999 -9999 -9999 -9999 -9999 -9999 -9999 -9999 -9999 -9999 -9999 -9999 -9999 -9999 -9999 0.123508049782403 0.123772110853692 0.118743370220195 0.102733131992658 0.104357940194062 0.107848459715737 0.111484316820141 0.0984472791956587 0.0724329197546734 0.0450434185793139 0.0533314164034489 0.0412455238115818 0.195502446845203 0.34485822595356 0.179136904410711 0.0826686784788775 0.0420334113594041 0.050026355788698 0.0694064805273804 0.0704761170166731 0.0911638330857851 0.128076369746388 0.170542420105442 0.241886589274764 0.32294005059679 0.431096904176124 0.55820375488245 0.672524767015278 0.776383996956374
-9999 -9999 -9999 -9999 -9999 -9999 -9999 -9999 -9999 -9999 -9999 -9999 -9999 -9999 -9999 -9999 -9999 -9999 -9999 -9999 -9999 -9999 -9999 -9999 -9999 -9999 -9999 0.124896600200045 0.124141148230185 0.116904007159178 0.105111250104878 0.104688333412172 0.109079641882611 0.114098789039622 0.0989439566282767 0.0657941351280079 0.0503704518074753 0.0668977319141714 0.0668982331111296 0.219716751067094 0.279087233089506 0.154390137031707 0.0906737011279435 0.0568616340851275 0.0483626816554552 0.0442526446544811 0.0604384747719991 0.0830598048531327 0.109582993886889 0.140482063689624 0.174830770483852 0.245328605898964 0.367403745012614 0.502739376640988 0.626661850011628 0.728958902823063
-9999 -9999 -9999 -9999 -9999 -9999 -9999 -9999 -9999 -9999 -9999 -9999 -9999 -9999 -9999 -9999 -9999 -9999 -9999 -9999 -9999 -9999 -9999 -9999 -9999 -9999 -9999 0.131099385692481 0.12453821609228 0.116735230950336 0.108445243417084 0.106139901973204 0.109910337999228 0.115571939893716 0.0996746086428292 0.0687454599029375 0.0612354894168172 0.079179108781011 0.0855195515475317 0.227443797656981 0.23624336951697 0.132559668948216 0.0953981181215695 0.0701083546716402 0.0653926588358864 0.0615105825061814 0.0753111230230724 0.0896130858017464 0.108848207813626 0.129105528933109 0.149545833680677 0.195284355950181 0.302090242958883 0.434616664075365 0.553779759654627 0.657253493204139
-9999 -9999 -9999 -9999 -9999 -9999 -9999 -9999 -9999 -9999 -9999 -9999 -9999 -9999 -9999 -9999 -9999 -9999 -9999 -9999 -9999 -9999 -9999 -9999 -9999 -9999 -9999 0.143967437378207 0.124075057890443 0.116665448868585 0.112615933994152 0.108594829330855 0.110479385654077 0.115627928922907 0.0966907032866101 0.0805587228739195 0.0720049703394604 0.092371199301525 0.10065700604921 0.220739839232717 0.193100008711369 0.114936106504064 0.0978734609826071 0.0858706573987271 0.0892737408315091 0.104377148866441 0.101444924645682 0.113641029713424 0.119330066189329 0.119010182836582 0.131076277819155 0.170514045328169 0.264450077288996 0.376322844250749 0.476293928652561 0.591248033194097
-9999 -9999 -9999 -9999 -9999 -9999 -9999 -9999 -9999 -9999 -9999 -9999 -9999 -9999 -9999 -9999 -9999 -9999 -9999 -9999 -9999 -9999 -9999 -9999 -9999 -9999 -9999 0.15118311372333 0.121909889748823 0.117088220029028 0.114181273916415 0.110323559730253 0.109035832324651 0.110961547563273 0.0883021988530339 0.0755127560817886 0.0786555718951127 0.104153534443243 0.113003720113237 0.193922152594964 0.148970828368462 0.0961497753740276 0.0921550305661739 0.0903425354803928 0.0964283506663793 0.10872311391535 0.110032687523158 0.114373397282945 0.116256557736228 0.115393311373216 0.126505794135695 0.161847086487665 0.235183259250432 0.324538126959647 0.415866767111002 0.531392900020582
-9999 -9999 -9999 -9999 -9999 -9999 -9999 -9999 -9999 -9999 -9999 -9999 -9999 -9999 -9999 -9999 -9999 -9999 -9999 -9999 -9999 -9999 -9999 -9999 -9999 -9999 0.137702313868852 0.149025943408266 0.120110523772755 0.117010215744489 0.116624013247218 0.112196122402981 0.107745253024531 0.0975001171186686 0.073660908867312 0.0734940908642553 0.0946672415635001 0.113324702156891 0.117914370464173 0.14782447049998 0.0969251248607534 0.0749116421065248 0.0781459834845077 0.0831204759850012 0.0855454638706922 0.0906283513975957 0.0912161771778177 0.0933524244126422 0.0975915551909849 0.109125198553982 0.129049461044028 0.156703380720931 0.211973608962289 0.281029280419984 0.364015512885138 0.470547066772584
-9999 -9999 -9999 -9999 -9999 -9999 -9999 -9999 -9999 -9999 -9999 -9999 -9999 -9999 -9999 -9999 -9999 -9999 -9999 -9999 -9999 -9999 -9999 -9999 -9999 -9999 0.140526474981127 0.137951349903922 0.117563502163939 0.116812721336202 0.117037985084337 0.113458348510522 0.103180831901789 0.0701220417351721 0.0557861692401421 0.0646435079135512 0.104167554092211 0.113968265957875 0.132738693068131 0.12491328935134 0.0833638333259836 0.0691896643864127 0.069004303288161 0.0709655653999333 0.0726758335973446 0.0749733286235357 0.0786108957366674 0.084475839635154 0.0918465908541964 0.103599770001077 0.123909771454248 0.160024355852213 0.215700723500752 0.28542256179678 0.364758515014696 0.465005715234819
-9999 -9999 -9999 -9999 -9999 -9999 -9999 -9999 -9999 -9999 -9999 -9999 -9999 -9999 -9999 -9999 -9999 -9999 -9999 -9999 -9999 -9999 -9999 -9999 -9999 -9999 0.143448777959539 0.124709307617335 0.115410873888305 0.116098962397097 0.119171622695794 0.11195905817002 0.0913896269306853 0.030393368077289 0.031128430905959 0.0828102804433764 0.107680151997186 0.127662715558795 0.137518960338608 0.123432599334572 0.0969528728903814 0.083555020529519 0.075215282296341 0.0722607042403943 0.0711875746506274 0.0703021083953693 0.0703667328002646 0.076995664012412 0.0882793351160564 0.0980114841954426 0.113294367343001 0.152474077934513 0.221704846448668 0.290491682859957 0.352500264363134 0.44260627706279
-9999 -9999 -9999 -9999 -9999 -9999 -9999 -9999 -9999 -9999 -9999 -9999 -9999 -9999 -9999 -9999 -9999 -9999 -9999 -9999 -9999 -9999 -9999 -9999 -9999 -9999 0.13995356073277 0.11793438017625 0.110461511586075 0.112022856152125 0.111628834420919 0.0998830931973264 0.0483344629074742 -0.00165370117616231 0.0604281800770134 0.116371151152319 0.132441442543467 0.144056020422709 0.132490667285273 0.125589940222563 0.12055155579739 0.106584669651931 0.0927912167648128 0.0863278252609663 0.085013659771464 0.0812045578275307 0.0683307118124911 0.0686727742352379 0.0825067019596465 0.0951707542738068 0.110357191398873 0.144323680185767 0.19707930650367 0.25578665482757 0.31466815319335 0.379447884819683
-9999 -9999 -9999 -9999 -9999 -9999 -9999 -9999 -9999 -9999 -9999 -9999 -9999 -9999 -9999 -9999 -9999 -9999 -9999 -9999 -9999 -9999 -9999 -9999 -9999 0.180834164121066 0.127705033987955 0.111282511449745 0.104786058959819 0.103549870738205 0.10302900884977 0.0765279489900667 0.0255111749254321 0.0603632810923256 0.146977986493296 0.143391755959818 0.160269812742675 0.146033281443144 0.125572613312661 0.128210902151844 0.133585558190004 0.118541431506771 0.106050937862475 0.101617578686223 0.102857685047679 0.110814567152233 0.0758041086195113 0.0608010283557655 0.0767742621148831 0.0893352383376724 0.101306524035852 0.12650083475519 0.160287290138267 0.200671924589049 0.240326924835169 0.272266029247613
-9999 -9999 -9999 -9999 -9999 -9999 -9999 -9999 -9999 -9999 -9999 -9999 -9999 -9999 -9999 -9999 -9999 -9999 -9999 -9999 -9999 -9999 -9999 -9999 -9999 0.157150147604002 0.120485852277553 0.108891692801871 0.104344204630411 0.0957581666261307 0.0852229925143046 0.056885590006658 0.0535874029357006 0.142635696261238 0.173937543681412 0.144619079797195 0.143898804857125 0.138455665743042 0.127195375588462 0.124404700145648 0.124759226239949 0.115466730175925 0.105884178647842 0.10234158052228 0.105547589473203 0.104263673329138 0.072688561786359 0.0523540997879766 0.0626264819720979 0.0763525688368299 0.0859207732944185 0.107772551932622 0.130572304445496 0.156120832735111 0.176547445553102 0.184134198527783
-9999 -9999 -9999 -9999 -9999 -9999 -9999 -9999 -9999 -9999 -9999 -9999 -9999 -9999 -9999 -9999 -9999 -9999 -9999 -9999 -9999 -9999 -9999 -9999 -9999 0.147237589046601 0.117163978860119 0.108692259996765 0.104408699609395 0.0861572080495654 0.0706700774700263 0.0502350452164854 0.0876901324891248 0.161999268122028 0.144737496708587 0.124099624634868 0.124429875161937 0.122915614959112 0.119414395001847 0.117697141174944 0.116081840870685 0.107505485694927 0.0962244383887951 0.0907013380834341 0.0915243713006246 0.096321562047942 0.0633994428791948 0.0464423504908155 0.0540647944275424 0.0642644634305297 0.0703881383522922 0.0885363365318054 0.101972101407362 0.113518431991439 0.111208351453513 0.105002115647334
-9999 -9999 -9999 -9999 -9999 -9999 -9999 -9999 -9999 -9999 -9999 -9999 -9999 -9999 -9999 -9999 -9999 -9999 -9999 -9999 -9999 -9999 -9999 -9999 -9999 0.14209475140909 0.115188736791856 0.102061186441084 0.0923208773358518 0.0698592940689113 0.0532457999036426 0.055741015163877 0.0962438965875711 0.130071632017806 0.122881698370861 0.114862397974999 0.110458013299589 0.101952555419134 0.0990538268762443 0.10361875328423 0.105548967176738 0.0955000182284275 0.0826030767678181 0.0752504601332423 0.068887024221073 0.0610647987046706 0.0485224679932227 0.0428531529584613 0.047993825479849 0.055550695307886 0.0622134899503916 0.0723906695507657 0.0755080974882076 0.0758976913904961 0.0606399711346756 0.0351076288813433
-9999 -9999 -9999 -9999 -9999 -9999 -9999 -9999 -9999 -9999 -9999 -9999 -9999 -9999 -9999 -9999 -9999 -9999 -9999 -9999 -9999 -9999 -9999 -9999 -9999 0.135782836802622 0.112707158414698 0.0941825476883452 0.0782169858837893 0.0539175065061949 0.0518925324388638 0.061520708222971 0.0913470940245432 0.11032944242408 0.10991686113639 0.106841687810234 0.100240524126118 0.0850899201838156 0.0804095965644261 0.0884519711395312 0.0929936713590613 0.0819508420222844 0.0704578813511766 0.0661743310110103 0.0590743484930584 0.0533706183861091 0.0453384710504087 0.0416795730963235 0.0445146537205379 0.0494219988932443 0.0554417002112012 0.0608150105394263 0.0557109104290182 0.0458276858085259 0.017652061426819 -0.0075239312618478
-9999 -9999 -9999 -9999 -9999 -9999 -9999 -9999 -9999 -9999 -9999 -9999 -9999 -9999 -9999 -9999 -9999 -9999 -9999 -9999 -9999 -9999 -9999 -9999 -9999 0.131755997662263 0.109184630126364 0.0854731212764142 0.0648708209432192 0.0462712038575191 0.0501191132769783 0.0609619709611617 0.0852364084044667 0.0996239293452584 0.103469068274808 0.103008682722312 0.0935340591060683 0.0794293925825107 0.0739181051347688 0.0764353481406611 0.0774520203154964 0.0683187267623256 0.0646527885553385 0.0658162964928127 0.0593995279679398 0.0511799681306286 0.0441373843749635 0.040431478022867 0.0411032054735977 0.0451061676110287 0.0502688365850812 0.0515478548583833 0.0426809269013953 0.0299657647343262 0.00278098037356739 -0.0267642662195349
-9999 -9999 -9999 -9999 -9999 -9999 -9999 -9999 -9999 -9999 -9999 -9999 -9999 -9999 -9999 -9999 -9999 -9999 -9999 -9999 -9999 -9999 -9999 -9999 -9999 0.129484591657341 0.104494070760061 0.0804649707440038 0.060175235399604 0.0430271369333811 0.0482199402880747 0.0540840594873596 0.0734348744263872 0.0873673124734954 0.0922603463064076 0.0939082361915205 0.0825127891732015 0.0699072210449109 0.0649836049055247 0.0649293982866422 0.0652660306325876 0.059035157058393 0.0628385442321739 0.0665207248067601 0.057935884680086 0.049800200543637 0.0431339692677914 0.0389412095588352 0.0385146592244207 0.0418670376539313 0.0461264787382399 0.0462452640596785 0.0361126955803419 0.0213947958140211 -0.00828996274975236 -0.0327653245752048
-9999 -9999 -9999 -9999 -9999 -9999 -9999 -9999 -9999 -9999 -9999 -9999 -9999 -9999 -9999 -9999 -9999 -9999 -9999 -9999 -9999 -9999 -9999 -9999 -9999 0.125657961423169 0.0995025779810874 0.0777869914830813 0.0614276133896879 0.0443066767547482 0.0450450710970562 0.0488889826871785 0.059190411624768 0.0687704054871758 0.0721114695980366 0.0685625148242472 0.0640708536157406 0.0570849028216004 0.0548847803061888 0.0561968694138787 0.054851970353392 0.052764206932117 0.0597580292089522 0.0637805254228129 0.0567445925696466 0.04760546734083 0.0415487032585948 0.0387929740896308 0.0384165006679811 0.0403945337367731 0.0426763987593073 0.0429750768321487 0.0345195937090434 0.0195077673494378 -0.00616199476171364 -0.0326297956458699
-9999 -9999 -9999 -9999 -9999 -9999 -9999 -9999 -9999 -9999 -9999 -9999 -9999 -9999 -9999 -9999 -9999 -9999 -9999 -9999 -9999 -9999 -9999 -9999 -9999 0.120750984932737 0.0936535342625884 0.0699385331701206 0.0621133746406169 0.0469035004910923 0.0440151049778525 0.0447848145972312 0.0513135121920273 0.0572699041643898 0.0577836119603966 0.0551759868676814 0.0536149427025637 0.050355962544858 0.0498440794037609 0.0516767893799744 0.0503032248449712 0.0489544059672393 0.0562256313151779 0.0606941832493895 0.0530599212910021 0.045229206655041 0.0406283647788585 0.0386261056630114 0.0393700091829557 0.0419892064831929 0.0451181267987432 0.0468646309480052 0.0383624768070094 0.0270422379560202 0.00121796607435098 -0.0215472566597453
-9999 -9999 -9999 -9999 -9999 -9999 -9999 -9999 -9999 -9999 -9999 -9999 -9999 -9999 -9999 -9999 -9999 -9999 -9999 -9999 -9999 -9999 -9999 -9999 -9999 0.113642596450823 0.0893239081270206 0.0628643412616225 0.0593578246404367 0.0490416933292185 0.0476855088811542 0.0462915067876686 0.0490707682264718 0.0518244691200509 0.0518356005832121 0.0507404936195678 0.0494026027812208 0.0473877918275443 0.0479146438854813 0.0504421979162259 0.0509788553529719 0.0471365416704849 0.0526767238322203 0.0565805090728674 0.0500359930100247 0.0431544638669219 0.0391360459820811 0.0387814187210564 0.0396879408928269 0.0431011291800035 0.0510754169105895 0.0481838342153303 0.0452850463508376 0.0301043083075487 0.00362080644846563 -0.010137996047383
-9999 -9999 -9999 -9999 -9999 -9999 -9999 -9999 -9999 -9999 -9999 -9999 -9999 -9999 -9999 -9999 -9999 -9999 -9999 -9999 -9999 -9999 -9999 -9999 0.11546513171707 0.110678830000557 0.0812887662772272 0.0597160921225873 0.0596751896239799 0.0493018944016215 0.0458537041214408 0.0455459485519416 0.0490339395014254 0.0502202644971633 0.0480525387673247 0.0468378398735007 0.045707095762287 0.0445765713411038 0.0455855597456731 0.0495432068546144 0.0519494504670831 0.0470868468812353 0.0490156298287665 0.0517569814977804 0.0468151718127173 0.0409097197851642 0.0375208697753815 0.0362542010891997 0.0352605103945498 0.035170982105908 0.0380001739569714 0.0387774897141066 0.036640274885937 0.0211925415411056 0.00554495918269154 0.00125405678148155
