meets/meet004/_saidas_enm/CCSM_Maha_6k_Cavanillesia_umbellata2.asc
NCOLS 154 
NROWS 168 
XLLCORNER -112 
YLLCORNER -55.5 
CELLSIZE 0.5 
NODATA_value -9999 
[rows 75 to 99 of 168, columns 56 to 111 of 154]
-9999 -9999 -9999 -9999 -9999 -9999 -9999 -9999 -9999 -9999 -9999 -12.4488568031044 -1.32742350324193 -6.61379880217107 -8.765784826699 -7.47188325620189 -6.22760046100083 -4.42067833675085 -4.91440587667658 -4.19852600286076 -4.66304090102844 -6.03443572801228 -8.39826656304629 -9.61729314779635 -9.40068450615699 -9.32429658619753 -8.98150453587083 -8.69026653732318 -8.47670604386202 -7.95707881436355 -7.83117657804719 -7.53963875762327 -7.51870951062812 -7.43959739768222 -7.0828172292701 -6.99032491471297 -6.43865513684344 -6.16371171060176 -5.68366915246841 -5.02026165655107 -4.64388661721135 -3.99602554152024 -3.58504242149328 -3.15489757264582 -2.87299639389305 -3.05875332946541 -3.34121329595291 -3.85782245384919 -4.51014418702768 -5.24413294470581 -6.10684189015082 -6.69310795751882 -7.26613565897417 -7.51339567595812 -7.84275270035186 -9.30935549295421
-9999 -9999 -9999 -9999 -9999 -9999 -9999 -9999 -9999 -9999 -9999 -18.4982685826257 -1.50331008207284 -5.14685282272962 -5.90781440567552 -4.87387520224651 -5.36230565735785 -3.06074629924702 -3.17667143205241 -3.63430799777555 -3.44862470950532 -4.62096003782191 -6.59687971407154 -7.95465198924492 -8.60312927905736 -8.97219543672365 -9.00563630681257 -8.684093454611 -8.4743599931675 -8.24095065704001 -8.33063531060415 -8.06808527110708 -8.04640441358156 -8.01512654598552 -7.58975750681935 -7.62278310695614 -7.2111082176997 -6.86489673776655 -6.52101229233002 -5.91501094642226 -5.62652796565 -5.03569580743102 -4.69311617143753 -4.28136205540112 -3.60509244446197 -3.40282485379221 -3.50302681138073 -3.87314933926638 -4.43682083352449 -5.0889595353474 -5.84601614095375 -6.40579429712711 -6.94359517505405 -7.48909544620006 -8.87733528469871 -10.4364150160797
-9999 -9999 -9999 -9999 -9999 -9999 -9999 -9999 -9999 -9999 -9999 -9999 -2.64947332735681 -1.80095560579647 -3.20517081549533 -3.8252727943583 -3.78911925773853 -5.68678180002578 -2.18429196141985 -1.48005486189658 -3.05883553155686 -3.7760535800695 -4.71008622358575 -6.02091281555234 -7.11881866351738 -8.35857339577222 -8.43690095186862 -8.05245493565715 -7.99031545633988 -8.00395425761023 -8.23088469102855 -8.05615215358324 -8.01688051553621 -8.02912526651793 -7.79931927937532 -7.83887565245262 -7.6284011600061 -7.43240531340655 -7.12158728461319 -6.56735939593851 -6.21205315110003 -5.70254204032839 -5.47762980420061 -5.18126235756748 -4.64522960024932 -4.39110599966774 -4.26926995005998 -4.46665780614488 -4.84622662104496 -5.30021653301524 -5.94459213787854 -6.50624250602529 -7.29914501469024 -8.5279241038795 -9.85767523931862 -11.2711974411054
-9999 -9999 -9999 -9999 -9999 -9999 -9999 -9999 -9999 -9999 -9999 -9999 -13.5922526488777 -2.01398732844392 -1.87882894372595 -7.81751320177744 -6.45167706778366 -4.43804444633422 -3.94863518736307 -4.99565982115926 -2.27947675417796 -2.93581170289815 -3.30465832088608 -4.31593263070509 -5.9859321049049 -8.32219882078311 -7.60592567634786 -7.01256722444096 -6.89391335841895 -7.19246643535955 -7.77966762170669 -7.60770726513379 -7.5463620585407 -7.65211110553104 -7.55602088750122 -7.84074598784005 -7.90261111235905 -8.02766412900525 -7.8494239375546 -7.054505929291 -6.58878864911083 -6.21654512827331 -6.03674674021337 -5.89997011607761 -5.44925502813354 -5.53204657637445 -5.51788734189174 -5.53550578711758 -5.86672730574134 -6.18304461211366 -6.78994325868003 -7.62047993063937 -8.66734360738842 -9.80232543816661 -10.9606576564518 -12.2675704987134
-9999 -9999 -9999 -9999 -9999 -9999 -9999 -9999 -9999 -9999 -9999 -9999 -9999 -11.0115977403577 -2.42127424791186 -7.21886761484549 -10.2084042022713 -6.37445253789565 -6.69996660240641 -4.7737204141707 -5.52720277312607 -1.81297496907882 -3.31273239365938 -3.89536087407419 -5.34092257914497 -6.31683129422006 -5.46646852511613 -5.12016285471586 -5.37336473711878 -5.65379039669012 -6.35861494470779 -6.48615294648223 -6.71984659643135 -7.07347986182379 -7.33252638867865 -7.92653942452333 -8.10683614270771 -8.29827306466765 -8.26870408451502 -7.8461946546883 -7.37780678418183 -6.66480523043915 -6.3059283701493 -6.20020501150718 -6.17012284236232 -6.48395016428596 -6.69894867382767 -6.9907987292622 -7.4740189367322 -7.78893686700496 -8.37185367070354 -9.05311764393369 -10.0674415418245 -11.0664795915402 -11.9847618002902 -12.9752520725026
-9999 -9999 -9999 -9999 -9999 -9999 -9999 -9999 -9999 -9999 -9999 -9999 -9999 -23.3082919537421 -2.23272922187469 -11.483666716396 -11.6391496490102 -9.18993145207738 -11.3319721841101 -11.1283675541137 -9.71566196019539 -5.69631358194058 -2.313217033218 -5.37314986950363 -6.09490302532234 -5.26562565861022 -4.38968749604983 -3.4860735642867 -4.09159897548401 -4.1170714067697 -4.96047585054045 -4.99784325611527 -5.38415347258851 -5.92052868373554 -6.64747820289495 -7.77988734007816 -7.62731355597218 -8.00694890684703 -8.23174818587101 -8.45469249061967 -8.59583880000343 -7.55862090343367 -6.51090891250019 -6.7201050541281 -6.84807224210333 -7.26622472604733 -7.82989371762975 -8.4687725829182 -9.19282344305774 -9.61100004501905 -10.1554541078977 -10.7333767755599 -11.4631961423926 -12.0885336984993 -12.6635467049942 -13.7013957610615
-9999 -9999 -9999 -9999 -9999 -9999 -9999 -9999 -9999 -9999 -9999 -9999 -9999 -9999 -8.28629840194929 -2.19301774310742 -4.43198354781449 -10.1940895392035 -15.9660510231862 -15.3778984086889 -11.038097686394 -1.92965080521068 -3.56548436262566 -8.1043097781052 -8.08520926375778 -9.23918344901987 -6.32709081425259 -4.22355083142132 -3.77933851657337 -2.29792430292732 -2.84524628632159 -2.87336433901618 -3.73568803640568 -4.54405079700269 -5.2176069411787 -6.01544950164261 -6.18852226754298 -6.6929155338886 -7.19829594061287 -7.64104416352409 -8.09137667898791 -7.90742682600244 -7.76014432473422 -7.97138343707894 -7.70323320036426 -8.14624046984816 -8.7612572755236 -9.69462150037038 -10.6305790950022 -11.1347844683219 -11.8210621374235 -12.2097026602097 -12.6868823511387 -12.8335599215138 -12.4835296935011 -12.7365209476197
-9999 -9999 -9999 -9999 -9999 -9999 -9999 -9999 -9999 -9999 -9999 -9999 -9999 -9999 -18.6761644674242 -8.41393872563587 -0.446779633890321 -8.91730892379752 -18.4649282136536 -17.7476171460747 -15.4466840958942 -7.26115884240883 -3.46541190964316 -6.29115127466581 -8.32659053616205 -20.2383254219472 -11.8271568967412 -7.28252100664301 -5.00736767633285 -1.4279861938638 -1.26247412811181 -2.01309237905648 -2.43275860476564 -3.02396835838557 -3.85362609849122 -4.48438844212309 -4.51468213028903 -4.81219053063164 -5.97959810253183 -6.64670258593884 -8.24385342908911 -8.72409664547681 -9.13634165722157 -8.87618971629895 -8.47387614883751 -8.95508710031268 -9.6201613283833 -10.5720180279078 -11.4939676909185 -11.9190664951514 -13.1206991080484 -12.9490564081696 -13.3062958303815 -13.167907672483 -12.1468768812758 -11.2613174892921
-9999 -9999 -9999 -9999 -9999 -9999 -9999 -9999 -9999 -9999 -9999 -9999 -9999 -9999 -9999 -20.8591937681832 -1.57103223457333 -6.42988467920619 -18.7849387305256 -19.4316784346801 -17.31151906063 -19.7573780561114 -16.102967045004 -11.4730617886204 -8.98033568165999 -10.1933400294972 -10.326425950012 -12.7338888866446 -15.5000073915281 -7.47599860677491 -3.83829710622299 -2.11861093459498 -1.9832393073566 -3.07888676903926 -3.42022809433571 -3.60525202960493 -4.02843774213859 -4.55536539271865 -4.9201321405777 -5.08383603685985 -5.56297834839318 -7.23709081370473 -9.22895185867768 -10.5357598818412 -9.73829082789106 -9.51055375635513 -10.0879215511822 -10.7917612607577 -11.3277306551723 -11.3974421258756 -11.6261854429874 -11.9711275904013 -12.4485966019018 -12.3690039361052 -11.8535874224934 -11.6803719399512
-9999 -9999 -9999 -9999 -9999 -9999 -9999 -9999 -9999 -9999 -9999 -9999 -9999 -9999 -9999 -27.1214524716405 -9.78103160732114 -4.49923131156982 -17.7293902973242 -18.4871753561764 -22.6418144945512 -30.4429846796729 -40.5297361566123 -36.6407493767551 -25.7011940838336 -25.2738487361555 -15.4322515699034 -16.3809820705387 -12.3315543710758 -9.90977295772746 -8.50269048895174 -6.24360571992012 -3.33608042864314 -3.68979800945928 -3.96109342555301 -3.64533891660935 -4.12815485984891 -4.54853913632538 -4.45586198694472 -3.99474901337724 -4.0049202941756 -5.86377548224188 -8.91822622786074 -11.2949778024318 -10.3296883410991 -9.88050916852992 -10.5202513176913 -10.7931565149911 -11.0358498884532 -10.6848775944207 -10.2478185913466 -10.4300335227459 -10.8824105603752 -10.7298700639958 -10.6340502926242 -11.0435417491641
-9999 -9999 -9999 -9999 -9999 -9999 -9999 -9999 -9999 -9999 -9999 -9999 -9999 -9999 -9999 -30.8784435554467 -28.4758271739111 -4.01151723742239 -7.47271904398442 -16.741734101113 -32.3280758930203 -42.5624614762814 -55.3264909434461 -56.2256199413072 -46.4995642669487 -39.7444554922992 -27.2714803948755 -20.449247982045 -10.8473626676798 -4.30529756034225 -7.40661118454415 -7.04332499585509 -7.9513481719402 -7.61166061083304 -5.88031557778799 -4.70504730598302 -5.27729028644076 -4.98178251003759 -4.70824891397495 -3.97720646869932 -3.97596145114388 -5.39659050218453 -8.91700745418675 -11.523250581502 -12.0219364491974 -10.3942045592557 -10.4586023590913 -10.6047200317565 -10.4273065054179 -9.83044758599149 -9.3944105181892 -8.84041235692567 -8.45744022100277 -8.25214287051619 -8.28765869883597 -8.15610294239049
-9999 -9999 -9999 -9999 -9999 -9999 -9999 -9999 -9999 -9999 -9999 -9999 -9999 -9999 -9999 -9999 -47.653108531359 -23.3948694823987 -6.17871947053577 -9.30462144301982 -31.1421247217136 -39.8792867165486 -58.1433588917205 -65.06575772685 -61.9741375114696 -68.2984500920417 -49.8470386368173 -43.7527945384563 -27.3576202538322 -9.35523645895464 -4.19281779827222 -10.5734036302885 -11.9764019464621 -12.9738624009227 -8.84602035688005 -6.07984342465592 -6.91221625594135 -6.11481594325481 -5.50515827328975 -4.31440162579939 -4.07275315046214 -5.9723208989372 -9.63141368815847 -11.7285102002637 -11.4921402895535 -10.0549436652017 -9.50188111984879 -9.42426566452542 -9.13689755836046 -8.48289536398669 -8.17691022967943 -7.57120012103941 -6.88558896063647 -6.74401072469818 -7.01682283688153 -6.9982351664168
-9999 -9999 -9999 -9999 -9999 -9999 -9999 -9999 -9999 -9999 -9999 -9999 -9999 -9999 -9999 -9999 -9999 -42.7856765641454 -36.0625946051458 -9.64712316321534 -7.80602217081215 -15.6145441147245 -26.7424052475461 -38.2587820161073 -47.0278630120835 -56.9936071217023 -58.5705588146166 -57.3089001134455 -43.4512175585893 -21.749501720021 -9.15807205959795 -7.55795373090762 -13.1516145700038 -12.9899438890011 -12.4568653708251 -9.65619134834485 -8.34559007598697 -7.46574292113307 -7.54472998951296 -6.57810853657854 -7.56990170426721 -8.25601406575548 -10.0390252530318 -10.676154046257 -9.84039772301906 -8.30636288895917 -7.95301087169058 -7.43375710886702 -7.20283045565426 -7.16272823299214 -6.96142493713167 -6.84504237239322 -6.7034320091304 -6.74015252118024 -7.01989678663015 -7.35096730556723
-9999 -9999 -9999 -9999 -9999 -9999 -9999 -9999 -9999 -9999 -9999 -9999 -9999 -9999 -9999 -9999 -9999 -9999 -9999 -53.1689135334001 -18.6731399704563 -7.77448155728987 -4.16457433081305 -10.0546660043317 -20.5043176965803 -34.4676502473942 -45.6108425997724 -55.3792038316753 -52.9795317072016 -37.0352461450923 -18.7111768331811 -8.79731415350142 -8.82627304468777 -15.5097599343474 -12.5743261690094 -13.0673439885285 -9.75874375501991 -9.39590804578201 -8.74781667725469 -8.15807744322928 -10.1482753704162 -8.77613311069612 -8.86721732569251 -8.97253291601236 -7.45752571933195 -7.14564993047783 -7.05591181511589 -6.56420754183266 -6.54450368105009 -6.74970441937986 -6.87917842996854 -6.98702308588448 -7.15615029687931 -7.18162000530015 -7.36181720454595 -7.56831209100955
-9999 -9999 -9999 -9999 -9999 -9999 -9999 -9999 -9999 -9999 -9999 -9999 -9999 -9999 -9999 -9999 -9999 -9999 -9999 -9999 -9999 -45.8117196877986 -17.9510971286576 -6.92967504282067 -6.59982599297454 -18.4717217435629 -30.8722963856314 -48.8785712849918 -59.6666101835643 -53.1983639935691 -39.3569023338016 -19.6760396398637 -8.1917123774284 -7.71239061184006 -11.8596700978525 -11.8646138325935 -11.6569596208812 -8.92719720244972 -10.2375934359941 -7.55924111973609 -6.42641703752262 -6.67416069599104 -7.17017145321027 -6.26377608271487 -6.47501483523148 -6.51944397222469 -6.4907873569847 -6.69706390628975 -6.66887251079741 -6.5914682664144 -6.85717972372816 -7.18837199797248 -7.42853955814777 -7.55540281253593 -7.39223545643454 -7.27251396098103
-9999 -9999 -9999 -9999 -9999 -9999 -9999 -9999 -9999 -9999 -9999 -9999 -9999 -9999 -9999 -9999 -9999 -9999 -9999 -9999 -9999 -9999 -9999 -30.8650728308466 -9.68796084553696 -5.04609919974922 -14.0965609860391 -34.3298388806004 -51.3993021084898 -57.5733463906741 -54.8662449974883 -35.0930590555033 -17.6316418410987 -7.95848114300531 -4.75452709156643 -7.72152082973793 -9.5182510812595 -8.00714146947231 -8.15062403322515 -5.75631407624262 -4.40641877556151 -4.6160058694002 -4.73532406016866 -5.06111615147501 -5.51425087427448 -5.93511211081304 -6.17995757602844 -6.3649281529476 -6.43473217479759 -6.44766712724272 -6.73831998034502 -7.12179275375265 -7.48666738232674 -7.6220730305537 -7.47809004064373 -7.19135280769901
-9999 -9999 -9999 -9999 -9999 -9999 -9999 -9999 -9999 -9999 -9999 -9999 -9999 -9999 -9999 -9999 -9999 -9999 -9999 -9999 -9999 -9999 -9999 -9999 -9999 -15.8799375972154 -4.42074720060526 -15.125972155546 -36.1894119992039 -47.9291529513364 -52.0151692160519 -52.078254967562 -42.6030231561619 -27.1731071116638 -11.7315306515154 -4.61614141381497 -3.4462953518257 -7.74017483196424 -6.54986597765396 -6.43865309172059 -5.73923105381905 -4.7560142530506 -3.99523892675893 -4.0374629281843 -4.74121510527934 -5.30217133313119 -5.64981280704154 -5.55836339861197 -5.82645462794527 -6.16202465235219 -6.49545031025772 -7.01909899343885 -7.37503808042011 -7.52306217220548 -7.4789406686017 -7.33941175462656
-9999 -9999 -9999 -9999 -9999 -9999 -9999 -9999 -9999 -9999 -9999 -9999 -9999 -9999 -9999 -9999 -9999 -9999 -9999 -9999 -9999 -9999 -9999 -9999 -9999 -44.9673743768936 -16.791387404378 -6.44572764308312 -17.6614337258372 -35.4780118261249 -51.4855187667958 -60.1022723537518 -58.3835691822114 -49.0481264044097 -29.9407278944318 -15.4537787232878 -6.47296551851603 -3.97969366902978 -7.31405594554692 -6.159321719378 -7.18121247822665 -5.90217604808156 -3.93401862625543 -3.71628495308161 -4.23636296039547 -4.80303889025195 -5.23754456460517 -5.14322612665135 -5.47919876115367 -6.07789620147461 -6.56523062807236 -7.02992848437597 -7.15653082669258 -7.27290039547742 -7.26191318321778 -7.2666405230643
-9999 -9999 -9999 -9999 -9999 -9999 -9999 -9999 -9999 -9999 -9999 -9999 -9999 -9999 -9999 -9999 -9999 -9999 -9999 -9999 -9999 -9999 -9999 -9999 -9999 -9999 -9999 -16.1109183619986 -10.6566381398102 -25.8778875869701 -54.6167032056959 -64.8702452373211 -68.6111907935125 -63.6235259599256 -49.7107839797761 -38.1917152599259 -19.3818380169323 -9.67940938594387 -6.53809813767961 -9.3853753007332 -9.55875243139844 -8.05846061838425 -3.94285634353828 -3.47615356019461 -4.00310668616507 -4.53203716623796 -4.80484184868551 -5.07204828233454 -5.55566787393774 -6.26701117360942 -7.27823793645302 -7.14761911420719 -6.84133861012057 -6.84625448435124 -6.89137316090364 -7.04729092836206
-9999 -9999 -9999 -9999 -9999 -9999 -9999 -9999 -9999 -9999 -9999 -9999 -9999 -9999 -9999 -9999 -9999 -9999 -9999 -9999 -9999 -9999 -9999 -9999 -9999 -9999 -9999 -31.0394411750583 -15.1197609912603 -19.619331142768 -41.7415481121675 -59.783378010028 -68.4662759416808 -69.2815666735458 -59.4664024795153 -46.2559619388887 -30.1870795750974 -18.0849372528334 -10.6134493839395 -12.3766926391299 -9.65926810788956 -7.8579477766648 -4.42725376916878 -3.43731152012277 -3.76144652766763 -4.32461908924881 -4.71033466091475 -5.03516668413939 -5.54878958360582 -6.2955965718141 -6.83865158335146 -6.64229238929693 -6.45744530300879 -6.51520198736505 -6.56481344521076 -6.60931355106712
-9999 -9999 -9999 -9999 -9999 -9999 -9999 -9999 -9999 -9999 -9999 -9999 -9999 -9999 -9999 -9999 -9999 -9999 -9999 -9999 -9999 -9999 -9999 -9999 -9999 -9999 -9999 -9999 -18.1288024779967 -15.407233232444 -30.2476010330312 -50.1937383085357 -63.6369114629867 -68.1445261721356 -61.2317453559172 -47.8693140652718 -32.7205491651291 -21.2970099357275 -11.5355293953492 -10.7636132494209 -10.4061951792462 -7.24127540385006 -5.304987307386 -3.89386022091663 -3.86369328148472 -3.97535951659415 -4.53431795716084 -4.99249857970369 -5.49899136174469 -5.86275895212401 -6.02567445922463 -6.04603612101197 -6.19176329287525 -6.30605895174648 -6.2802644401744 -6.24802636720641
-9999 -9999 -9999 -9999 -9999 -9999 -9999 -9999 -9999 -9999 -9999 -9999 -9999 -9999 -9999 -9999 -9999 -9999 -9999 -9999 -9999 -9999 -9999 -9999 -9999 -9999 -9999 -9999 -19.1646539583571 -14.7790716080626 -24.9698207468948 -44.1208277017713 -57.908549766485 -63.7354371568496 -57.7743842991495 -44.610922642442 -30.8052881152037 -19.0150696608001 -12.6937784061941 -10.205607712154 -11.2373324809289 -7.2939733840031 -5.48129213712092 -4.48368922930466 -4.69835722778921 -4.58977694333733 -4.41454292708242 -4.55215876993733 -4.8065466818068 -5.16859826533561 -5.46000583907581 -5.48794122485919 -5.68994246488944 -5.93717155790188 -5.91999872517406 -5.91747986545747
-9999 -9999 -9999 -9999 -9999 -9999 -9999 -9999 -9999 -9999 -9999 -9999 -9999 -9999 -9999 -9999 -9999 -9999 -9999 -9999 -9999 -9999 -9999 -9999 -9999 -9999 -9999 -9999 -19.6416414505789 -13.5191410464454 -23.7163942775308 -41.9956968176406 -58.4363804903446 -65.1107976191668 -57.2258141641518 -43.2449756912889 -27.9018276707822 -20.2224165048757 -13.7946689027778 -9.83340006558067 -12.971018883987 -7.1863975955386 -5.62246111107569 -4.99409487097596 -5.64624639091986 -6.57244846480962 -4.83856944092027 -4.25542561355556 -4.32721754989084 -4.64544340433205 -5.28350523444113 -5.06672422035261 -5.28424928173348 -5.4588843037815 -5.36849848917459 -5.67812683222747
-9999 -9999 -9999 -9999 -9999 -9999 -9999 -9999 -9999 -9999 -9999 -9999 -9999 -9999 -9999 -9999 -9999 -9999 -9999 -9999 -9999 -9999 -9999 -9999 -9999 -9999 -9999 -9999 -20.8898615738677 -13.088522480993 -21.3331422469175 -42.1205850458171 -58.8680246342073 -66.2114138605259 -57.4130268355444 -41.2370275912879 -26.9221005047961 -19.7111214536839 -13.5400246515888 -10.0615366621999 -11.9739816828078 -7.74479470990844 -5.87236069152525 -5.14708191840287 -6.54365575549682 -7.02544975608795 -5.81261783815957 -4.54145030088146 -4.09287327387827 -4.12895344553667 -4.3578271816288 -4.44437038411282 -4.46412430859508 -4.64554617912875 -4.85284651492042 -5.47004039498337
-9999 -9999 -9999 -9999 -9999 -9999 -9999 -9999 -9999 -9999 -9999 -9999 -9999 -9999 -9999 -9999 -9999 -9999 -9999 -9999 -9999 -9999 -9999 -9999 -9999 -9999 -9999 -9999 -22.2556867625797 -12.8898110159927 -21.5597319089372 -42.9555603548396 -61.3259777587887 -68.4363275352079 -57.1914109680539 -41.4356625120138 -25.9377306704287 -18.9228213589484 -12.4811619709281 -10.125857785692 -12.1340845759988 -8.24035701994994 -5.9968840947454 -4.9065503407577 -6.71453068882738 -8.10062122646615 -6.59115775882789 -4.98687120042002 -4.15012211703786 -3.70862058963907 -3.82131791541798 -3.93471769502006 -3.89833223627527 -4.22574804444961 -4.76324421545618 -5.52406863216217
