meets/meet004/_saidas_enm/CCSM_Maxent_6k_Aralia_warmingiana3.asc
NCOLS 154 
NROWS 168 
XLLCORNER -112 
YLLCORNER -55.5 
CELLSIZE 0.5 
NODATA_value -9999 
[rows 50 to 74 of 168, columns 56 to 111 of 154]
-9999 -9999 -9999 -9999 -9999 -9999 -9999 -9999 -9999 -9999 -9999 -9999 -9999 0.00177690724376589 0.00410811090841889 0.0164933037012815 0.0579188168048859 0.14604951441288 0.226617708802223 0.305076092481613 0.314886033535004 0.348563104867935 0.317954212427139 0.22846382856369 0.181149005889893 0.14865954220295 0.115608029067516 0.0807872116565704 0.0608077123761177 0.0411704257130623 0.0297245066612959 0.0356653332710266 0.0446269400417805 0.0841446742415428 0.192079216241837 0.302528709173203 0.385662704706192 0.444075465202332 0.461138755083084 0.472234100103378 0.478452324867249 0.46721088886261 0.455871134996414 0.377743422985077 0.233010172843933 0.0865108296275139 0.129241317510605 0.118366718292236 0.128289327025414 0.182484567165375 0.163924306631088 0.247560575604439 0.298241168260574 0.286414474248886 0.269039988517761 0.26476976275444
-9999 -9999 -9999 -9999 -9999 -9999 -9999 -9999 -9999 -9999 -9999 -9999 -9999 0.00854913331568241 0.0161721426993608 0.0507293008267879 0.113391175866127 0.199261009693146 0.279044777154922 0.345788389444351 0.357790410518646 0.37775993347168 0.344065427780151 0.279311209917068 0.216379091143608 0.180537402629852 0.145173206925392 0.105800323188305 0.0780932009220123 0.0580168105661869 0.046087522059679 0.0505480691790581 0.068190410733223 0.118693739175797 0.231333762407303 0.348518162965775 0.422145158052444 0.464105993509293 0.479437381029129 0.476750820875168 0.478523880243301 0.464170455932617 0.397084414958954 0.305486261844635 0.218458592891693 0.151543393731117 0.14434415102005 0.152125582098961 0.169274494051933 0.213375851511955 0.255490720272064 0.311571180820465 0.336349368095398 0.319303900003433 0.285859644412994 0.274955689907074
-9999 -9999 -9999 -9999 -9999 -9999 -9999 -9999 -9999 -9999 -9999 0.0180643703788519 0.0185179952532053 0.025492275133729 0.0513801351189613 0.113209307193756 0.185119211673737 0.273104935884476 0.342202037572861 0.371176272630692 0.386298567056656 0.372377574443817 0.327716737985611 0.28096941113472 0.211558759212494 0.165691345930099 0.117842733860016 0.0815226063132286 0.0624499842524529 0.0522325150668621 0.0461368784308434 0.0460808537900448 0.0585703402757645 0.108596406877041 0.225256398320198 0.34231299161911 0.431365251541138 0.485464990139008 0.490262240171432 0.484229207038879 0.479546785354614 0.440269947052002 0.377927094697952 0.320980191230774 0.285483151674271 0.268127977848053 0.251392394304276 0.265934735536575 0.288180828094482 0.337199509143829 0.386170446872711 0.40358954668045 0.390634208917618 0.356839269399643 0.297567993402481 0.281361758708954
-9999 -9999 -9999 -9999 -9999 -9999 -9999 -9999 -9999 -9999 0.0278265681117773 0.0302080996334553 0.0346214585006237 0.0478913672268391 0.0786921009421349 0.139844104647636 0.233710005879402 0.333734720945358 0.376207232475281 0.374113410711288 0.351093620061874 0.305066615343094 0.258700847625732 0.215026244521141 0.169058501720428 0.120526134967804 0.08088768273592 0.0676177814602852 0.0579958967864513 0.0521156042814255 0.0484948195517063 0.0491077490150928 0.0544952638447285 0.105767883360386 0.211072251200676 0.334588348865509 0.415838986635208 0.47070786356926 0.49181404709816 0.483923137187958 0.474340975284576 0.421482086181641 0.37375220656395 0.343354880809784 0.329194843769073 0.34226992726326 0.346179157495499 0.372221976518631 0.393872052431107 0.42253166437149 0.457748055458069 0.427081525325775 0.402179449796677 0.355739831924438 0.294764399528503 0.277775943279266
-9999 -9999 -9999 -9999 -9999 -9999 -9999 -9999 -9999 -9999 0.0473064370453358 0.0539889000356197 0.0805964320898056 0.098790280520916 0.117429055273533 0.150409027934074 0.232366502285004 0.319528192281723 0.330183506011963 0.303388178348541 0.278383940458298 0.236728325486183 0.19581139087677 0.159377828240395 0.118747778236866 0.0974117070436478 0.0813629329204559 0.0672029331326485 0.05881642177701 0.0551302693784237 0.0517761930823326 0.0555630326271057 0.0601149387657642 0.0974472239613533 0.196612149477005 0.319753766059875 0.381359666585922 0.43142169713974 0.45789247751236 0.476501047611237 0.467889100313187 0.413401871919632 0.371383607387543 0.353417098522186 0.364622205495834 0.392383933067322 0.400656163692474 0.436185091733932 0.457424521446228 0.462615340948105 0.439580470323563 0.392638981342316 0.354990988969803 0.312947392463684 0.261518806219101 0.261397033929825
-9999 -9999 -9999 -9999 -9999 -9999 -9999 -9999 0.0684843957424164 0.089967168867588 0.0889374241232872 0.114362671971321 0.14701122045517 0.171355575323105 0.163029313087463 0.153405651450157 0.209391415119171 0.265543222427368 0.26668518781662 0.231413885951042 0.191553801298141 0.166321933269501 0.143430471420288 0.121818259358406 0.109904550015926 0.0988000333309174 0.0801740065217018 0.0692181885242462 0.0614615567028522 0.0577532313764095 0.0573641918599606 0.0598783791065216 0.0666727498173714 0.0888940766453743 0.165998563170433 0.259399652481079 0.330730706453323 0.37894269824028 0.404031902551651 0.393045544624329 0.369952321052551 0.335859954357147 0.307113409042358 0.303366750478745 0.316969782114029 0.343490749597549 0.36923211812973 0.390350311994553 0.384721517562866 0.370477676391602 0.350738614797592 0.321169167757034 0.286222785711288 0.263877928256989 0.247006699442863 0.28605642914772
-9999 -9999 -9999 -9999 -9999 -9999 -9999 -9999 0.112820602953434 0.129059374332428 0.190157383680344 0.229132547974586 0.247569426894188 0.23297917842865 0.20409694314003 0.186592668294907 0.196110963821411 0.209805428981781 0.170649290084839 0.141934007406235 0.132512554526329 0.124956138432026 0.121964663267136 0.11441583186388 0.101229287683964 0.0919741541147232 0.0793683230876923 0.069868378341198 0.0650775283575058 0.0635774880647659 0.0646034702658653 0.0677771046757698 0.0725311040878296 0.081926204264164 0.132892861962318 0.191451027989388 0.235258355736732 0.273149102926254 0.282064586877823 0.270533978939056 0.254756152629852 0.231989681720734 0.216046214103699 0.212896317243576 0.221465826034546 0.242334991693497 0.264444947242737 0.282283812761307 0.254397481679916 0.241901025176048 0.236249834299088 0.222595661878586 0.217021733522415 0.221607580780983 0.228472366929054 0.296951770782471
-9999 -9999 -9999 -9999 -9999 -9999 -9999 0.104594834148884 0.128565549850464 0.169705107808113 0.275976330041885 0.32096540927887 0.342742025852203 0.317132294178009 0.256528228521347 0.214987486600876 0.225804030895233 0.193927228450775 0.129672586917877 0.111419312655926 0.104915022850037 0.103016056120396 0.0964490696787834 0.0924093574285507 0.0874206200242043 0.0783685445785522 0.0756023824214935 0.0726948603987694 0.0704405754804611 0.0709338262677193 0.0717696249485016 0.0746244639158249 0.0791183710098267 0.0849974453449249 0.100309640169144 0.128878429532051 0.155689433217049 0.166207030415535 0.171517163515091 0.171292886137962 0.161762744188309 0.152761340141296 0.143012270331383 0.14176307618618 0.147591978311539 0.157236382365227 0.17216569185257 0.159685254096985 0.140715301036835 0.130540877580643 0.127948001027107 0.132701694965363 0.150583207607269 0.173406854271889 0.197154298424721 0.293897598981857
-9999 -9999 -9999 -9999 -9999 -9999 -9999 0.106605179607868 0.1480383425951 0.280600488185883 0.390772730112076 0.413374960422516 0.406655102968216 0.359520643949509 0.30503061413765 0.271960586309433 0.265482783317566 0.225388124585152 0.133686497807503 0.106411576271057 0.0991867035627365 0.0946079343557358 0.0883333683013916 0.0851159989833832 0.082496389746666 0.0765870586037636 0.0769247934222221 0.0761546567082405 0.0768016055226326 0.0792780816555023 0.0808325931429863 0.0836310982704163 0.0857580974698067 0.0870314761996269 0.0852592885494232 0.0948999971151352 0.107263319194317 0.111376039683819 0.111373260617256 0.109450593590736 0.103842571377754 0.0966896861791611 0.0912095382809639 0.0879407003521919 0.0863713398575783 0.089925155043602 0.0897639766335487 0.0765721276402473 0.0649401620030403 0.0595006495714188 0.0623105391860008 0.0730702877044678 0.0924603566527367 0.115755163133144 0.150028139352798 0.250414550304413
-9999 -9999 -9999 -9999 -9999 -9999 0.0829158574342728 0.126015275716782 0.240333914756775 0.388355433940887 0.489489823579788 0.476552665233612 0.426098227500916 0.374259382486343 0.348305881023407 0.328357636928558 0.31175023317337 0.256139814853668 0.162554994225502 0.131513267755508 0.1089973077178 0.0978913307189941 0.0939731374382973 0.0908011347055435 0.0859754830598831 0.0825914964079857 0.0822608098387718 0.0831183865666389 0.0847695991396904 0.0856824070215225 0.087462954223156 0.0891357883810997 0.0913293436169624 0.0913650915026665 0.0886915177106857 0.0837657302618027 0.0843523889780045 0.0844484344124794 0.0823122337460518 0.0769717693328857 0.070679284632206 0.0632863715291023 0.0558065734803677 0.053090762346983 0.0563482046127319 0.0617986284196377 0.058185338973999 0.055196475237608 0.0525365248322487 0.0517346821725368 0.0532806813716888 0.0638505518436432 0.0785414502024651 0.1054762378335 0.136627286672592 0.191435500979424
-9999 -9999 -9999 -9999 -9999 -9999 0.0908968672156334 0.182072713971138 0.308030813932419 0.465790152549744 0.554473280906677 0.527605354785919 0.457750767469406 0.409460514783859 0.394120633602142 0.390344023704529 0.347544282674789 0.277458608150482 0.194637879729271 0.166372686624527 0.14911200106144 0.13550740480423 0.126309916377068 0.123048320412636 0.118325166404247 0.111733712255955 0.110965818166733 0.110193774104118 0.111483946442604 0.112502694129944 0.110966265201569 0.111107930541039 0.10856544226408 0.105436749756336 0.100542649626732 0.0941281318664551 0.0862772986292839 0.0775497853755951 0.0720832347869873 0.0694155767560005 0.0659947395324707 0.0657749697566032 0.0659876987338066 0.068785771727562 0.0719363391399384 0.0636130943894386 0.0586927346885204 0.0538806617259979 0.051263015717268 0.0519447922706604 0.0533940494060516 0.0618779808282852 0.0729260146617889 0.0916360020637512 0.119958534836769 0.155066460371017
-9999 -9999 -9999 -9999 -9999 -9999 0.118594273924828 0.209123313426971 0.332994401454926 0.490597426891327 0.583220660686493 0.560402929782867 0.493838340044022 0.451913058757782 0.438886404037476 0.416919142007828 0.389517664909363 0.301143020391464 0.224745884537697 0.196656659245491 0.179271593689919 0.167204424738884 0.157712668180466 0.151261657476425 0.142612516880035 0.136888027191162 0.137851253151894 0.143906250596046 0.144191667437553 0.139443933963776 0.139077290892601 0.13437157869339 0.131637245416641 0.126975163817406 0.119131095707417 0.113676577806473 0.106757216155529 0.102197110652924 0.0957865193486214 0.0912641733884811 0.089004285633564 0.086197666823864 0.0884550288319588 0.0858124867081642 0.0744112282991409 0.0636078491806984 0.0578386969864368 0.054493423551321 0.052706815302372 0.0526700541377068 0.0547441393136978 0.0617339573800564 0.0710836499929428 0.0883553326129913 0.107840493321419 0.133299574255943
-9999 -9999 -9999 -9999 -9999 -9999 -9999 0.243663713335991 0.359051138162613 0.525557160377502 0.602262794971466 0.585010528564453 0.525392055511475 0.496833920478821 0.487924218177795 0.460391193628311 0.427187114953995 0.328137785196304 0.251077502965927 0.222332537174225 0.204855129122734 0.19028040766716 0.180147007107735 0.173904627561569 0.169690877199173 0.166453242301941 0.170837178826332 0.176997736096382 0.182096391916275 0.177950829267502 0.171980410814285 0.168529599905014 0.162336975336075 0.157037630677223 0.151015818119049 0.14200547337532 0.136087313294411 0.128832563757896 0.123803086578846 0.121885634958744 0.113154150545597 0.105113931000233 0.0987113416194916 0.0962453112006187 0.0835565179586411 0.0715017318725586 0.0667791739106178 0.0623763985931873 0.0605492740869522 0.0614264123141766 0.063114732503891 0.0701065808534622 0.0778510272502899 0.091401681303978 0.107945650815964 0.124953754246235
-9999 -9999 -9999 -9999 -9999 -9999 -9999 -9999 0.376837283372879 0.551733076572418 0.645852446556091 0.611369788646698 0.550415635108948 0.525457084178925 0.521732985973358 0.484089940786362 0.447368770837784 0.329436480998993 0.261712998151779 0.239137202501297 0.2234216183424 0.211230754852295 0.20151475071907 0.196360185742378 0.194080844521523 0.19416968524456 0.200245052576065 0.209213688969612 0.217258557677269 0.209427118301392 0.203479021787643 0.198556646704674 0.194455295801163 0.188293427228928 0.179803729057312 0.171803578734398 0.163524687290192 0.156165644526482 0.147522464394569 0.131834700703621 0.117477767169476 0.110579580068588 0.10535341501236 0.103067599236965 0.0908984616398811 0.080676332116127 0.0746276825666428 0.0715718045830727 0.0678785815834999 0.0662701278924942 0.0668810233473778 0.0740819871425629 0.0830254480242729 0.0977378562092781 0.110318377614021 0.122529625892639
-9999 -9999 -9999 -9999 -9999 -9999 0.261218130588531 0.349634736776352 0.457995563745499 0.567439436912537 0.631060004234314 0.616733849048615 0.566298484802246 0.552059710025787 0.545123040676117 0.515267431735992 0.433907330036163 0.337045550346375 0.27680104970932 0.258299320936203 0.249493405222893 0.238977432250977 0.230727225542068 0.226378306746483 0.227417081594467 0.229413434863091 0.23606638610363 0.24339671432972 0.251168519258499 0.250586092472076 0.243927285075188 0.239382043480873 0.233353838324547 0.227483227849007 0.220516577363014 0.211100786924362 0.203873261809349 0.182480722665787 0.162480682134628 0.146727353334427 0.132862865924835 0.127246871590614 0.122899666428566 0.117090865969658 0.0971982851624489 0.0819764137268066 0.074385792016983 0.069171629846096 0.0661390274763107 0.0647203922271729 0.0652619525790215 0.0716270431876183 0.0807991102337837 0.0953698679804802 0.113213025033474 0.133599951863289
-9999 -9999 -9999 -9999 -9999 0.17609678208828 0.336435854434967 0.434600353240967 0.514944553375244 0.595880508422852 0.645081877708435 0.631156384944916 0.586017310619354 0.574857413768768 0.562539279460907 0.525654017925262 0.409075766801834 0.337215602397919 0.291389256715775 0.276061505079269 0.271830439567566 0.263534784317017 0.26055720448494 0.258361101150513 0.258114635944366 0.263337224721909 0.267980605363846 0.276087313890457 0.284174561500549 0.287852615118027 0.285679310560226 0.279087066650391 0.274449467658997 0.268675416707993 0.259170323610306 0.250511735677719 0.224415734410286 0.201493322849274 0.181253865361214 0.161790788173676 0.14423631131649 0.133167952299118 0.123740002512932 0.113047398626804 0.0935696586966515 0.0776335895061493 0.0731930583715439 0.0696265250444412 0.0672140643000603 0.0646728575229645 0.0638350546360016 0.0720942243933678 0.081063374876976 0.0953106731176376 0.113429687917233 0.139278188347816
-9999 -9999 -9999 -9999 -9999 0.268978267908096 0.409707397222519 0.503715515136719 0.573557674884796 0.628105759620667 0.669053792953491 0.656743168830872 0.632529199123383 0.610479533672333 0.596001207828522 0.5089231133461 0.415998458862305 0.348123252391815 0.304421156644821 0.299287796020508 0.295806586742401 0.291002720594406 0.288394331932068 0.287188112735748 0.29042249917984 0.293539971113205 0.300535887479782 0.307618409395218 0.314497739076614 0.313615262508392 0.304417639970779 0.294926762580872 0.285804569721222 0.277868539094925 0.269769191741943 0.256421446800232 0.237087190151215 0.214737921953201 0.191961407661438 0.168575525283813 0.147935420274734 0.13331650197506 0.120381221175194 0.11032784730196 0.0970189720392227 0.0836959108710289 0.0774114951491356 0.073561042547226 0.0713521093130112 0.0700014382600784 0.070878267288208 0.076689787209034 0.0853918790817261 0.0980026498436928 0.1120914965868 0.128379911184311
-9999 -9999 -9999 -9999 -9999 -9999 0.456880003213882 0.550740957260132 0.617047429084778 0.662989854812622 0.695585072040558 0.666410505771637 0.648691654205322 0.636508762836456 0.615642547607422 0.539309740066528 0.458513736724854 0.373535454273224 0.325683951377869 0.327799260616302 0.322005033493042 0.327392876148224 0.323014259338379 0.323922216892242 0.328539878129959 0.327045887708664 0.336765468120575 0.331102102994919 0.321543514728546 0.313417464494705 0.300923109054565 0.299443066120148 0.289676517248154 0.28267702460289 0.276991158723831 0.263478189706802 0.241920977830887 0.216148614883423 0.193453386425972 0.173555552959442 0.153100579977036 0.138747796416283 0.122982561588287 0.113137900829315 0.106701508164406 0.0919678211212158 0.086296908557415 0.0812343209981918 0.0787253975868225 0.0772284790873528 0.0780504122376442 0.0835476517677307 0.0907703042030334 0.100563704967499 0.109429225325584 0.119104623794556
-9999 -9999 -9999 -9999 -9999 -9999 0.469113796949387 0.562727928161621 0.638631105422974 0.661262392997742 0.664945542812347 0.623432338237762 0.583321750164032 0.570240497589111 0.585488259792328 0.595488011837006 0.575802326202393 0.406376034021378 0.325226813554764 0.340712428092957 0.372883319854736 0.370668202638626 0.368089199066162 0.368277370929718 0.37030565738678 0.374260991811752 0.361714720726013 0.345035374164581 0.330393373966217 0.318544179201126 0.307276219129562 0.298415333032608 0.290463089942932 0.28110945224762 0.271172493696213 0.256812393665314 0.237337365746498 0.21570885181427 0.196870028972626 0.180738762021065 0.164402171969414 0.149744749069214 0.136031374335289 0.126679286360741 0.12042985111475 0.109692864120007 0.100907564163208 0.0944399312138557 0.0906838476657867 0.0876242965459824 0.0869571566581726 0.0916666910052299 0.0971494317054749 0.104304291307926 0.109684698283672 0.114541217684746
-9999 -9999 -9999 -9999 -9999 -9999 0.454200208187103 0.53263247013092 0.608659446239471 0.629019856452942 0.629152357578278 0.566763520240784 0.488249003887177 0.477241903543472 0.503823816776276 0.542760014533997 0.599799752235413 0.428304582834244 0.316056877374649 0.35618194937706 0.418386250734329 0.421003550291061 0.40940523147583 0.409724801778793 0.413877308368683 0.410402357578278 0.386566519737244 0.364005297422409 0.345606565475464 0.330624163150787 0.314003884792328 0.302309989929199 0.289724588394165 0.278756499290466 0.267991274595261 0.253659307956696 0.23875829577446 0.219182252883911 0.2038504332304 0.192308813333511 0.177936509251595 0.166670635342598 0.153747171163559 0.145144626498222 0.139493823051453 0.131021931767464 0.12109163403511 0.112065382301807 0.10655277967453 0.101219244301319 0.098226323723793 0.103285253047943 0.107192762196064 0.112193539738655 0.114730291068554 0.115148268640041
-9999 -9999 -9999 -9999 -9999 -9999 -9999 -9999 0.507372498512268 0.570566952228546 0.587205231189728 0.514146089553833 0.422421663999557 0.404687732458115 0.441220968961716 0.514212787151337 0.612442076206207 0.428422302007675 0.275980472564697 0.347696632146835 0.453474193811417 0.454922825098038 0.428663015365601 0.426377534866333 0.424226224422455 0.417937695980072 0.399254262447357 0.379657745361328 0.361678898334503 0.34296840429306 0.321088969707489 0.303790181875229 0.287583917379379 0.273718804121017 0.263278156518936 0.251206070184708 0.238624751567841 0.226040050387383 0.214330077171326 0.203278079628944 0.192698165774345 0.182949528098106 0.173819229006767 0.166624680161476 0.160335943102837 0.155234694480896 0.14379595220089 0.134366095066071 0.127368003129959 0.119928695261478 0.116262540221214 0.119014665484428 0.122869111597538 0.127400517463684 0.129083722829819 0.128494501113892
-9999 -9999 -9999 -9999 -9999 -9999 -9999 -9999 0.439832001924515 0.516516447067261 0.548168778419495 0.471141397953033 0.361037850379944 0.340903043746948 0.39046049118042 0.476617693901062 0.622998237609863 0.4422966837883 0.266323685646057 0.366285681724548 0.489674359560013 0.483738631010056 0.442033380270004 0.422890096902847 0.425715059041977 0.423099726438522 0.406879961490631 0.387230187654495 0.369233071804047 0.353922337293625 0.333566874265671 0.312608480453491 0.29107391834259 0.275461584329605 0.26556384563446 0.253053307533264 0.244565904140472 0.234481781721115 0.225758343935013 0.217691347002983 0.208633244037628 0.203138872981071 0.195708826184273 0.189671754837036 0.18420447409153 0.177871212363243 0.170225322246552 0.159973949193954 0.152070745825768 0.142257839441299 0.137213945388794 0.139807492494583 0.143148735165596 0.148898363113403 0.152255982160568 0.152708917856216
-9999 -9999 -9999 -9999 -9999 -9999 -9999 -9999 -9999 0.485354721546173 0.501328229904175 0.405043363571167 0.300829321146011 0.283173590898514 0.337474137544632 0.440992951393127 0.601229012012482 0.527773439884186 0.301940143108368 0.38773649930954 0.513120353221893 0.491460651159286 0.439062088727951 0.418111950159073 0.423583626747131 0.425924628973007 0.413100689649582 0.394380807876587 0.375381499528885 0.360333800315857 0.342136323451996 0.318348199129105 0.296166360378265 0.281355440616608 0.271220505237579 0.259513437747955 0.251221597194672 0.243050545454025 0.236776202917099 0.231140613555908 0.225822031497955 0.221781820058823 0.217652589082718 0.213360801339149 0.207695826888084 0.200867891311646 0.192639008164406 0.183419451117516 0.175723031163216 0.1673913449049 0.16081514954567 0.15998150408268 0.164332613348961 0.171828120946884 0.182200267910957 0.193779855966568
-9999 -9999 -9999 -9999 -9999 -9999 -9999 -9999 -9999 -9999 0.434077680110931 0.343384891748428 0.257501244544983 0.257555097341537 0.308085054159164 0.408523440361023 0.573130190372467 0.641748309135437 0.390758514404297 0.449655830860138 0.526487708091736 0.496709436178207 0.441106557846069 0.416478157043457 0.42943948507309 0.429472833871841 0.416365474462509 0.399418830871582 0.381039530038834 0.366539776325226 0.347155451774597 0.322919577360153 0.298985660076141 0.28384530544281 0.277062296867371 0.27047660946846 0.263334155082703 0.255292922258377 0.250043302774429 0.24686598777771 0.243852734565735 0.242788434028625 0.240208432078362 0.23720520734787 0.232276976108551 0.225467562675476 0.216626822948456 0.204197019338608 0.194703444838524 0.183319225907326 0.175001725554466 0.173070847988129 0.174301400780678 0.188461363315582 0.208092615008354 0.221681490540504
-9999 -9999 -9999 -9999 -9999 -9999 -9999 -9999 -9999 -9999 -9999 0.289750188589096 0.252253502607346 0.259606331586838 0.295943021774292 0.36843678355217 0.523582518100739 0.655599236488342 0.52645468711853 0.5318323969841 0.538388967514038 0.500848650932312 0.45056825876236 0.419731825590134 0.435579806566238 0.433449536561966 0.42043748497963 0.403163403272629 0.384071826934814 0.370387583971024 0.349618315696716 0.326746791601181 0.304898262023926 0.289259493350983 0.282710045576096 0.275624603033066 0.271738409996033 0.264922112226486 0.263536304235458 0.264337033033371 0.262974143028259 0.265553295612335 0.26543515920639 0.264201521873474 0.259755551815033 0.251411736011505 0.244475677609444 0.232601150870323 0.220299899578094 0.206037476658821 0.194007128477097 0.19028240442276 0.190666049718857 0.20135985314846 0.219054281711578 0.223698303103447
