meets/meet004/_saidas_enm/CCSM_Maxent_0k_Cavanillesia_umbellata5.asc
NCOLS 154 
NROWS 168 
XLLCORNER -112 
YLLCORNER -55.5 
CELLSIZE 0.5 
NODATA_value -9999 
[rows 75 to 99 of 168, columns 56 to 111 of 154]
-9999 -9999 -9999 -9999 -9999 -9999 -9999 -9999 -9999 -9999 -9999 0.285974353551865 0.294966131448746 0.264867007732391 0.276309370994568 0.319812834262848 0.360325664281845 0.397338658571243 0.42920595407486 0.451833844184875 0.371742427349091 0.349797666072845 0.193307384848595 0.0987279266119003 0.100653819739819 0.101772822439671 0.101360976696014 0.0998927354812622 0.0991536676883698 0.182656213641167 0.180759400129318 0.177644610404968 0.172979310154915 0.170434087514877 0.169091179966927 0.167102172970772 0.166790798306465 0.165568515658379 0.166781216859818 0.169163197278976 0.170662805438042 0.173798054456711 0.175020337104797 0.30943176150322 0.31281903386116 0.310707151889801 0.301355570554733 0.287340044975281 0.272374510765076 0.254218459129333 0.238747000694275 0.227838695049286 0.220774322748184 0.222376301884651 0.225481927394867 0.226052805781364
-9999 -9999 -9999 -9999 -9999 -9999 -9999 -9999 -9999 -9999 -9999 0.310631960630417 0.289644449949265 0.247588559985161 0.274073332548141 0.306887477636337 0.329333931207657 0.363532900810242 0.391093343496323 0.42420706152916 0.452055692672729 0.360027670860291 0.201848432421684 0.100049667060375 0.100191712379456 0.0980275869369507 0.0981991067528725 0.0974728390574455 0.0963797718286514 0.0958922058343887 0.0947152674198151 0.0928036496043205 0.169620350003242 0.167496606707573 0.166060894727707 0.16599452495575 0.163503512740135 0.162733718752861 0.163966283202171 0.165659010410309 0.170628845691681 0.171794518828392 0.304766774177551 0.307794004678726 0.305671900510788 0.302950143814087 0.293270021677017 0.280303984880447 0.267736375331879 0.253025978803635 0.24028767645359 0.235786184668541 0.237051546573639 0.236878782510757 0.238046318292618 0.238750442862511
-9999 -9999 -9999 -9999 -9999 -9999 -9999 -9999 -9999 -9999 -9999 -9999 0.301354199647903 0.29304701089859 0.280733197927475 0.28540363907814 0.300654828548431 0.336517840623856 0.363757818937302 0.394337981939316 0.427637875080109 0.447178572416306 0.35711008310318 0.101981945335865 0.188304200768471 0.18705153465271 0.0982964709401131 0.0963879376649857 0.0944452211260796 0.0930059403181076 0.0912529081106186 0.0895875096321106 0.0882425457239151 0.0873035937547684 0.0868105590343475 0.0864426791667938 0.0849678516387939 0.083970844745636 0.157614752650261 0.159041255712509 0.162617042660713 0.164795696735382 0.166885375976562 0.295637995004654 0.293225556612015 0.289542317390442 0.281047582626343 0.271409839391708 0.262934803962708 0.261314302682877 0.258182168006897 0.256594330072403 0.254170000553131 0.251913815736771 0.251661479473114 0.249882891774178
-9999 -9999 -9999 -9999 -9999 -9999 -9999 -9999 -9999 -9999 -9999 -9999 0.341345638036728 0.30100491642952 0.294739872217178 0.254742532968521 0.261943966150284 0.293421387672424 0.322763383388519 0.35705554485321 0.386562585830688 0.416696488857269 0.451478034257889 0.194560393691063 0.196401834487915 0.194245100021362 0.187504097819328 0.0966712310910225 0.0931976586580276 0.0909863635897636 0.0880088955163956 0.0865735784173012 0.0847369506955147 0.083609402179718 0.0834469944238663 0.0828798487782478 0.0813218727707863 0.0792939588427544 0.0791578963398933 0.0798842161893845 0.151831224560738 0.155234038829803 0.157357826828957 0.158518314361572 0.158645704388618 0.27928826212883 0.278825521469116 0.275997996330261 0.274812251329422 0.2757308781147 0.274911850690842 0.270709276199341 0.266951024532318 0.263636499643326 0.260433375835419 0.239425629377365
-9999 -9999 -9999 -9999 -9999 -9999 -9999 -9999 -9999 -9999 -9999 -9999 -9999 0.341602802276611 0.277884066104889 0.242455691099167 0.233650475740433 0.248325392603874 0.271365314722061 0.30675932765007 0.351039409637451 0.373843729496002 0.402208298444748 0.262693881988525 0.196810856461525 0.19284388422966 0.187313854694366 0.0955796837806702 0.0921550542116165 0.0901424959301949 0.0871346518397331 0.0850247517228127 0.0828265473246574 0.0812154039740562 0.0804077461361885 0.0789841860532761 0.0777193605899811 0.0758954659104347 0.0753590762615204 0.0752892568707466 0.0755555555224419 0.147660076618195 0.153602600097656 0.158469408750534 0.163140431046486 0.290902763605118 0.291449904441833 0.16584512591362 0.209301799535751 0.211557641625404 0.211107715964317 0.209082052111626 0.160900592803955 0.15594008564949 0.134620532393456 0.114515826106071
-9999 -9999 -9999 -9999 -9999 -9999 -9999 -9999 -9999 -9999 -9999 -9999 -9999 0.383474677801132 0.282906740903854 0.208486765623093 0.217711567878723 0.22102315723896 0.230018973350525 0.258370339870453 0.288652688264847 0.338428676128387 0.354223847389221 0.369518131017685 0.394906401634216 0.251648247241974 0.191819384694099 0.0961786285042763 0.0894522145390511 0.0890779122710228 0.0874336212873459 0.0833635032176971 0.0826177820563316 0.0803962871432304 0.0787689834833145 0.076175756752491 0.0759299322962761 0.0742977485060692 0.073368601500988 0.0723585933446884 0.0729386955499649 0.0763881653547287 0.150137573480606 0.156031280755997 0.164622902870178 0.3039191365242 0.298583686351776 0.215834900736809 0.214424312114716 0.21538057923317 0.21666257083416 0.213896617293358 0.207212880253792 0.141659438610077 0.121158488094807 0.104563340544701
-9999 -9999 -9999 -9999 -9999 -9999 -9999 -9999 -9999 -9999 -9999 -9999 -9999 -9999 0.321133196353912 0.230679169297218 0.220510616898537 0.214427351951599 0.217787325382233 0.235705211758614 0.265356332063675 0.295724630355835 0.32779124379158 0.340736925601959 0.356354862451553 0.386226326227188 0.411945283412933 0.315712571144104 0.0845876932144165 0.160651698708534 0.156389519572258 0.159170717000961 0.155052989721298 0.0809488147497177 0.0798827931284904 0.0777487084269524 0.0769922658801079 0.0757222473621368 0.07449921220541 0.0746060311794281 0.0754023492336273 0.0774714723229408 0.0797167643904686 0.0830401256680489 0.164731204509735 0.300475120544434 0.176201522350311 0.17351359128952 0.217584848403931 0.217972546815872 0.216876402497292 0.209977984428406 0.183255255222321 0.163682192564011 0.112647600471973 0.0993245393037796
-9999 -9999 -9999 -9999 -9999 -9999 -9999 -9999 -9999 -9999 -9999 -9999 -9999 -9999 0.414365440607071 0.252906858921051 0.226317420601845 0.213563650846481 0.197877541184425 0.223422020673752 0.23967257142067 0.236781284213066 0.237124741077423 0.245069459080696 0.310524433851242 0.345638751983643 0.380683928728104 0.411182552576065 0.343761384487152 0.34386357665062 0.16537044942379 0.166660875082016 0.16256320476532 0.156454101204872 0.155177533626556 0.150860100984573 0.150462791323662 0.148785144090652 0.147866979241371 0.149850949645042 0.0787251740694046 0.0796851068735123 0.0798168778419495 0.0817669630050659 0.0867869481444359 0.171678259968758 0.175037503242493 0.173911273479462 0.221149638295174 0.223713114857674 0.213745698332787 0.195526376366615 0.168674468994141 0.154828786849976 0.107989229261875 0.0986568927764893
-9999 -9999 -9999 -9999 -9999 -9999 -9999 -9999 -9999 -9999 -9999 -9999 -9999 -9999 -9999 0.407314628362656 0.276918530464172 0.21176366508007 0.170325577259064 0.207553371787071 0.198801934719086 0.221139147877693 0.234019100666046 0.250654995441437 0.277842968702316 0.29504320025444 0.318033367395401 0.330320030450821 0.380865842103958 0.421239197254181 0.452375859022141 0.364368289709091 0.178779259324074 0.158303260803223 0.158350750803947 0.159846529364586 0.156455904245377 0.153449684381485 0.155410036444664 0.161138609051704 0.163522630929947 0.157834395766258 0.0803268626332283 0.0804058760404587 0.0849893540143967 0.170379251241684 0.176056191325188 0.179208144545555 0.230533704161644 0.23316353559494 0.212760478258133 0.188903748989105 0.167102709412575 0.15376327931881 0.140860557556152 0.129703670740128
-9999 -9999 -9999 -9999 -9999 -9999 -9999 -9999 -9999 -9999 -9999 -9999 -9999 -9999 -9999 0.597292959690094 0.363662898540497 0.218916833400726 0.145859181880951 0.173252940177917 0.178874880075455 0.214588657021523 0.224226012825966 0.240085661411285 0.289732366800308 0.295660704374313 0.31385201215744 0.298435717821121 0.311446398496628 0.38279116153717 0.403449565172195 0.447133153676987 0.208758816123009 0.16369540989399 0.160725325345993 0.166913002729416 0.158813133835793 0.15570655465126 0.159922793507576 0.170243382453918 0.177486523985863 0.163163170218468 0.0798061862587929 0.078774556517601 0.0836570262908936 0.169922381639481 0.178983151912689 0.18609145283699 0.193817853927612 0.231867969036102 0.358393996953964 0.193418622016907 0.171390876173973 0.157184064388275 0.110404886305332 0.133270487189293
-9999 -9999 -9999 -9999 -9999 -9999 -9999 -9999 -9999 -9999 -9999 -9999 -9999 -9999 -9999 0.639128029346466 0.449273079633713 0.316293358802795 0.187143683433533 0.149413332343102 0.132501214742661 0.149169877171516 0.167274102568626 0.197234004735947 0.251434892416 0.290523409843445 0.326363623142242 0.329160571098328 0.335952460765839 0.358610063791275 0.390615910291672 0.418429255485535 0.431946724653244 0.100121587514877 0.166636854410172 0.160822257399559 0.157261401414871 0.155545353889465 0.155003666877747 0.168024197220802 0.172576949000359 0.162225857377052 0.0791847258806229 0.0777246505022049 0.0821774378418922 0.168696865439415 0.180361196398735 0.192440629005432 0.201109632849693 0.322425425052643 0.299696445465088 0.269308537244797 0.243315562605858 0.224959120154381 0.205182999372482 0.194959089159966
-9999 -9999 -9999 -9999 -9999 -9999 -9999 -9999 -9999 -9999 -9999 -9999 -9999 -9999 -9999 -9999 0.592299222946167 0.169239297509193 0.0971015095710754 0.176918551325798 0.0516762547194958 0.0552050434052944 0.0577862747013569 0.066074401140213 0.0825731828808784 0.0863968282938004 0.232947885990143 0.281507074832916 0.310764372348785 0.317892402410507 0.343529522418976 0.409207880496979 0.392699211835861 0.409371793270111 0.198470219969749 0.0887942388653755 0.154483899474144 0.152275308966637 0.150410711765289 0.156466990709305 0.165073335170746 0.155431270599365 0.0772148221731186 0.0773334130644798 0.082574188709259 0.0884126424789429 0.0956613644957542 0.328730523586273 0.340324372053146 0.318569898605347 0.299628376960754 0.147828042507172 0.130169481039047 0.119455181062222 0.108188860118389 0.104765512049198
-9999 -9999 -9999 -9999 -9999 -9999 -9999 -9999 -9999 -9999 -9999 -9999 -9999 -9999 -9999 -9999 -9999 0.557982206344604 0.188692465424538 0.11242787539959 0.0265129432082176 0.0696633458137512 0.0738894939422607 0.0699802339076996 0.0730708390474319 0.0759714171290398 0.177977725863457 0.213402032852173 0.25559264421463 0.29260316491127 0.315138399600983 0.368748694658279 0.390933305025101 0.391050189733505 0.397797703742981 0.198994070291519 0.0901597216725349 0.154160559177399 0.145327553153038 0.14645904302597 0.145137503743172 0.0793435871601105 0.0785663202404976 0.0798165649175644 0.0848129838705063 0.0903463959693909 0.177995577454567 0.187317952513695 0.192897990345955 0.178704738616943 0.157435745000839 0.135805144906044 0.117112599313259 0.108293421566486 0.103080362081528 0.101966619491577
-9999 -9999 -9999 -9999 -9999 -9999 -9999 -9999 -9999 -9999 -9999 -9999 -9999 -9999 -9999 -9999 -9999 -9999 -9999 0.206937417387962 0.153666198253632 0.100495904684067 0.220426142215729 0.168585523962975 0.165162786841393 0.15210397541523 0.149605870246887 0.170029103755951 0.200919359922409 0.257781386375427 0.286234438419342 0.340526521205902 0.365247070789337 0.388943582773209 0.378893464803696 0.38182258605957 0.256887048482895 0.0907315239310265 0.0797268822789192 0.0787122473120689 0.0762663781642914 0.0768136829137802 0.0798147916793823 0.0835688561201096 0.0880309194326401 0.170143187046051 0.176830470561981 0.182465702295303 0.185654744505882 0.176252901554108 0.153528764843941 0.131759613752365 0.110664889216423 0.101632162928581 0.0983699485659599 0.0987679958343506
-9999 -9999 -9999 -9999 -9999 -9999 -9999 -9999 -9999 -9999 -9999 -9999 -9999 -9999 -9999 -9999 -9999 -9999 -9999 -9999 -9999 0.159550726413727 0.11770836263895 0.247409343719482 0.205894500017166 0.172839343547821 0.138166159391403 0.146258860826492 0.156390056014061 0.200194656848907 0.24840684235096 0.308285504579544 0.344469487667084 0.355773478746414 0.373516380786896 0.372162282466888 0.380975276231766 0.241797357797623 0.172240972518921 0.0901738926768303 0.0873697474598885 0.084558017551899 0.0854315459728241 0.162845104932785 0.170225352048874 0.173354938626289 0.177038565278053 0.179414987564087 0.178660705685616 0.177641376852989 0.154462307691574 0.132443606853485 0.112223707139492 0.102683514356613 0.0958725959062576 0.0947772189974785
-9999 -9999 -9999 -9999 -9999 -9999 -9999 -9999 -9999 -9999 -9999 -9999 -9999 -9999 -9999 -9999 -9999 -9999 -9999 -9999 -9999 -9999 -9999 0.134365200996399 0.263479948043823 0.211081832647324 0.169204726815224 0.130710318684578 0.133806839585304 0.148904651403427 0.18019899725914 0.247370600700378 0.297580152750015 0.318288415670395 0.328147888183594 0.350985139608383 0.366765141487122 0.365645468235016 0.390912175178528 0.426809936761856 0.341686397790909 0.183928713202477 0.175003543496132 0.172185212373734 0.174136310815811 0.178309857845306 0.180529952049255 0.18063822388649 0.178578197956085 0.175435706973076 0.16712598502636 0.143624126911163 0.11968656629324 0.106408037245274 0.100444011390209 0.0966396778821945
-9999 -9999 -9999 -9999 -9999 -9999 -9999 -9999 -9999 -9999 -9999 -9999 -9999 -9999 -9999 -9999 -9999 -9999 -9999 -9999 -9999 -9999 -9999 -9999 -9999 0.131859570741653 0.0890138447284698 0.153095752000809 0.0589600428938866 0.0681198239326477 0.144648760557175 0.171451151371002 0.217968881130219 0.254959881305695 0.283526599407196 0.277558892965317 0.320391327142715 0.341861724853516 0.362109482288361 0.390219986438751 0.440332233905792 0.359851837158203 0.197623074054718 0.180848896503448 0.180740416049957 0.185735985636711 0.185294955968857 0.186629086732864 0.181206151843071 0.174474656581879 0.166008576750755 0.154332056641579 0.131746798753738 0.117217771708965 0.10565546900034 0.102255113422871
-9999 -9999 -9999 -9999 -9999 -9999 -9999 -9999 -9999 -9999 -9999 -9999 -9999 -9999 -9999 -9999 -9999 -9999 -9999 -9999 -9999 -9999 -9999 -9999 -9999 0.207164704799652 0.127657622098923 0.0814138576388359 0.142408281564713 0.0537434928119183 0.0551940500736237 0.057121142745018 0.132707670331001 0.172069817781448 0.23330694437027 0.267156004905701 0.280041962862015 0.29995322227478 0.321205496788025 0.344921112060547 0.389137804508209 0.460899353027344 0.212989002466202 0.190024107694626 0.181568577885628 0.18812669813633 0.187216654419899 0.186996534466743 0.179372355341911 0.169206559658051 0.159427806735039 0.148580357432365 0.140862837433815 0.134724333882332 0.124129086732864 0.115534007549286
-9999 -9999 -9999 -9999 -9999 -9999 -9999 -9999 -9999 -9999 -9999 -9999 -9999 -9999 -9999 -9999 -9999 -9999 -9999 -9999 -9999 -9999 -9999 -9999 -9999 -9999 -9999 0.136138945817947 0.0756335705518723 0.0154018495231867 0.0366159491240978 0.038779255002737 0.0440183244645596 0.0545087829232216 0.14542980492115 0.168282389640808 0.220021978020668 0.252347260713577 0.27366304397583 0.289766997098923 0.324079483747482 0.41917359828949 0.218528509140015 0.187613368034363 0.184373527765274 0.186288431286812 0.184210404753685 0.182490527629852 0.173291400074959 0.161375150084496 0.149430170655251 0.14295157790184 0.137701779603958 0.135537073016167 0.137303620576859 0.135613024234772
-9999 -9999 -9999 -9999 -9999 -9999 -9999 -9999 -9999 -9999 -9999 -9999 -9999 -9999 -9999 -9999 -9999 -9999 -9999 -9999 -9999 -9999 -9999 -9999 -9999 -9999 -9999 0.209255695343018 0.11824531853199 0.0201839935034513 0.045707106590271 0.0370458774268627 0.0366294719278812 0.0417756736278534 0.0537494532763958 0.0675121694803238 0.169630199670792 0.208374992012978 0.236601874232292 0.253864467144012 0.291250765323639 0.376407116651535 0.371815502643585 0.184599697589874 0.180324867367744 0.182849451899529 0.175544142723083 0.171323537826538 0.161723151803017 0.14996050298214 0.141644656658173 0.137836575508118 0.137177363038063 0.137006223201752 0.138019025325775 0.139088660478592
-9999 -9999 -9999 -9999 -9999 -9999 -9999 -9999 -9999 -9999 -9999 -9999 -9999 -9999 -9999 -9999 -9999 -9999 -9999 -9999 -9999 -9999 -9999 -9999 -9999 -9999 -9999 -9999 0.142229050397873 0.0303844474256039 0.0623788423836231 0.041242279112339 0.0389049015939236 0.0406660921871662 0.0480754151940346 0.0584738329052925 0.143985763192177 0.178398936986923 0.202739432454109 0.225428029894829 0.263610899448395 0.199846833944321 0.265887051820755 0.173875540494919 0.173193499445915 0.179301142692566 0.166971325874329 0.157093405723572 0.149557769298553 0.141030669212341 0.133303716778755 0.134395897388458 0.138296499848366 0.140242755413055 0.140547901391983 0.140917435288429
-9999 -9999 -9999 -9999 -9999 -9999 -9999 -9999 -9999 -9999 -9999 -9999 -9999 -9999 -9999 -9999 -9999 -9999 -9999 -9999 -9999 -9999 -9999 -9999 -9999 -9999 -9999 -9999 0.14773827791214 0.0373919941484928 0.0830917730927467 0.0568668805062771 0.0923372134566307 0.0842839106917381 0.0893670991063118 0.0541561394929886 0.125816255807877 0.153380081057549 0.181403651833534 0.110816083848476 0.131176486611366 0.173180624842644 0.234070748090744 0.0896928161382675 0.157243669033051 0.157932952046394 0.154144391417503 0.150968015193939 0.143462061882019 0.134973526000977 0.129418909549713 0.131127253174782 0.135948240756989 0.139265313744545 0.142203003168106 0.144866928458214
-9999 -9999 -9999 -9999 -9999 -9999 -9999 -9999 -9999 -9999 -9999 -9999 -9999 -9999 -9999 -9999 -9999 -9999 -9999 -9999 -9999 -9999 -9999 -9999 -9999 -9999 -9999 -9999 0.120760470628738 0.0424375496804714 0.0870394259691238 0.0641564503312111 0.10789467394352 0.095805898308754 0.0880148187279701 0.0502085760235786 0.0600154995918274 0.141384020447731 0.0886393263936043 0.0975349396467209 0.112380295991898 0.156352743506432 0.213799878954887 0.0819994807243347 0.0739791542291641 0.0698073357343674 0.140317589044571 0.147082149982452 0.144861578941345 0.135407224297523 0.125319480895996 0.129356414079666 0.133894309401512 0.138957366347313 0.143800958991051 0.148683160543442
-9999 -9999 -9999 -9999 -9999 -9999 -9999 -9999 -9999 -9999 -9999 -9999 -9999 -9999 -9999 -9999 -9999 -9999 -9999 -9999 -9999 -9999 -9999 -9999 -9999 -9999 -9999 -9999 0.139129549264908 0.0405827984213829 0.0939580649137497 0.0658283531665802 0.104453258216381 0.0940162464976311 0.0890150144696236 0.047308687120676 0.0566718690097332 0.130816623568535 0.0816641673445702 0.0923616364598274 0.107656680047512 0.145195931196213 0.201745584607124 0.0751319378614426 0.0665650814771652 0.064983606338501 0.0674474686384201 0.136891186237335 0.139752879738808 0.14010851085186 0.138814508914948 0.137796998023987 0.137258991599083 0.140395596623421 0.145304456353188 0.152021184563637
-9999 -9999 -9999 -9999 -9999 -9999 -9999 -9999 -9999 -9999 -9999 -9999 -9999 -9999 -9999 -9999 -9999 -9999 -9999 -9999 -9999 -9999 -9999 -9999 -9999 -9999 -9999 -9999 0.146775037050247 0.0832489207386971 0.0867522284388542 0.0632748901844025 0.0946595296263695 0.0860595181584358 0.0852364599704742 0.043322928249836 0.105420485138893 0.12689782679081 0.0791891440749168 0.0892754122614861 0.101654268801212 0.141565218567848 0.199315905570984 0.0688717141747475 0.062583401799202 0.0598603822290897 0.064058743417263 0.0686836466193199 0.137950882315636 0.145790621638298 0.152101904153824 0.148847326636314 0.147114217281342 0.151863232254982 0.159352704882622 0.294517517089844
