meets/meet004/_saidas_enm/CCSM_Maha_21k_Cavanillesia_umbellata4.asc
NCOLS 154 
NROWS 168 
XLLCORNER -112 
YLLCORNER -55.5 
CELLSIZE 0.5 
NODATA_value -9999 
[rows 100 to 124 of 168, columns 56 to 111 of 154]
-9999 -9999 -9999 -9999 -9999 -9999 -9999 -9999 -9999 -9999 -9999 -9999 -9999 -9999 -9999 -9999 -9999 -9999 -9999 -9999 -9999 -9999 -9999 -9999 -9999 -9999 -9999 -9999 -52.3713076416396 -38.3325197097363 -55.9157087845658 -94.2444259989149 -125.213187886038 -136.305071479433 -121.255092844779 -94.1950939897934 -66.3018771413868 -41.764421685639 -19.333168377328 -16.7566463813681 -25.3404667237634 -22.7502747401629 -17.175434327791 -13.3760595981457 -13.726849768087 -12.8256007923712 -8.3652794076426 -4.47486197919124 -2.89185388184007 -2.55990194709175 -2.1100786007238 -1.50069253221843 -1.42194572176862 -1.84791052712895 -1.5141118941693 -1.40561003032287
-9999 -9999 -9999 -9999 -9999 -9999 -9999 -9999 -9999 -9999 -9999 -9999 -9999 -9999 -9999 -9999 -9999 -9999 -9999 -9999 -9999 -9999 -9999 -9999 -9999 -9999 -9999 -9999 -52.1175237745935 -38.6700745992054 -64.2505223321566 -97.9365353149933 -122.019284188177 -129.331668269179 -112.664657166629 -89.830229406655 -60.3867501030389 -36.1411784459345 -16.8711281949131 -18.4833734763471 -28.1899614354107 -25.8511492028853 -18.510357968192 -15.0253049225363 -15.8064379267832 -15.3105334946938 -10.1934326915724 -6.00435178214753 -4.16864772312049 -3.7865960101005 -3.58566793020449 -2.52939231944373 -2.1923255708105 -2.27600728195734 -2.44218226684625 -2.50201132296469
-9999 -9999 -9999 -9999 -9999 -9999 -9999 -9999 -9999 -9999 -9999 -9999 -9999 -9999 -9999 -9999 -9999 -9999 -9999 -9999 -9999 -9999 -9999 -9999 -9999 -9999 -9999 -65.8922042435643 -54.5501745481121 -39.2727925852528 -63.415520511267 -97.752652879346 -115.947001698542 -118.761708464201 -104.092792937977 -80.1981361289062 -54.599359230958 -30.520544200219 -14.7649751490809 -19.2870063541394 -28.6665277585022 -28.1522291183441 -19.7491296387237 -16.649735191206 -17.9701903406221 -17.669085443615 -12.9576565248323 -8.63338253446943 -6.37819886010196 -5.83755553091259 -5.37685723928669 -4.63275461619049 -3.66072319724069 -3.31648269779775 -3.62078320821477 -4.14346666892599
-9999 -9999 -9999 -9999 -9999 -9999 -9999 -9999 -9999 -9999 -9999 -9999 -9999 -9999 -9999 -9999 -9999 -9999 -9999 -9999 -9999 -9999 -9999 -9999 -9999 -9999 -9999 -68.2316002597527 -53.1425122206841 -38.3813896912968 -66.7467708584648 -99.1956772094779 -113.729957221285 -113.78140648829 -97.572296376967 -75.3874690851089 -48.6787194195116 -25.1430764354561 -13.8341474454156 -21.7511369169222 -31.0383986217402 -29.985200117468 -21.9060957699979 -19.166054029235 -20.8686041371362 -21.1649828655141 -16.7287734241001 -12.0975512007329 -9.56318089628958 -8.96710864961679 -8.21072450740451 -6.95890172595339 -5.66651296260203 -5.46906345141531 -5.60705333628736 -5.85160315807379
-9999 -9999 -9999 -9999 -9999 -9999 -9999 -9999 -9999 -9999 -9999 -9999 -9999 -9999 -9999 -9999 -9999 -9999 -9999 -9999 -9999 -9999 -9999 -9999 -9999 -9999 -9999 -65.5585627936481 -48.0104091833057 -41.2543803445761 -72.6239720377059 -105.247981694298 -117.987820341732 -113.23126969302 -94.4127306226809 -70.3649460344985 -43.9701743636058 -21.3992033897189 -15.7481598958918 -24.2101517954582 -31.3449685782354 -32.4879097865055 -25.6724894950908 -23.1698549820254 -24.308831921249 -24.9411372963929 -20.8399877242796 -16.8380385932495 -14.0222565521285 -13.0840578816216 -12.5893100635326 -10.876732396854 -9.67000657894424 -9.09005329254562 -9.02427686407591 -9.023651296698
-9999 -9999 -9999 -9999 -9999 -9999 -9999 -9999 -9999 -9999 -9999 -9999 -9999 -9999 -9999 -9999 -9999 -9999 -9999 -9999 -9999 -9999 -9999 -9999 -9999 -9999 -9999 -60.7321116538147 -42.6219057573966 -45.3245702458712 -85.6065938436128 -117.630083469955 -127.337693693767 -118.777685797758 -94.9781822821319 -68.997195023123 -40.244415024147 -19.3208985482321 -17.9933761626004 -26.8126941952162 -33.1887072722741 -34.5474039946852 -29.2331183500754 -26.2128586435648 -26.4528877523195 -26.6661399490962 -23.0261329817568 -20.346332209619 -18.0693121482657 -17.0910950954468 -16.693687877185 -15.1305212830119 -14.1953011963435 -13.3965202765845 -12.508488626245 -12.6554628994915
-9999 -9999 -9999 -9999 -9999 -9999 -9999 -9999 -9999 -9999 -9999 -9999 -9999 -9999 -9999 -9999 -9999 -9999 -9999 -9999 -9999 -9999 -9999 -9999 -9999 -9999 -9999 -52.1216114773675 -39.11518695259 -55.3727348978384 -104.171225318033 -134.985667108397 -141.343251548546 -126.704748128315 -97.336266769276 -69.1165427956025 -37.453792136817 -17.9506448582917 -19.6687056885111 -27.8921687956713 -35.4406204936088 -37.0146876636494 -31.8943726143815 -28.6967882747784 -27.5817411469218 -25.7747041771516 -24.4488705013112 -22.5927317576795 -20.8155020875263 -20.4249670150609 -19.478376675717 -19.1313349390827 -18.774841401337 -17.5950402403119 -16.6446586456737 -16.0800762863117
-9999 -9999 -9999 -9999 -9999 -9999 -9999 -9999 -9999 -9999 -9999 -9999 -9999 -9999 -9999 -9999 -9999 -9999 -9999 -9999 -9999 -9999 -9999 -9999 -9999 -9999 -9999 -42.1399003058724 -38.7101785999951 -67.6357141258027 -121.553082325914 -151.213814463689 -152.089427357135 -131.484371616114 -98.6344413219341 -68.7905486455152 -35.6605338444679 -17.9059039390953 -22.0423152045475 -29.0811296080967 -38.0636361560045 -40.4508563089066 -36.1136945196937 -32.8095563918186 -30.997431647472 -28.7460233328936 -27.5832854698929 -26.3282310814025 -25.0024058601573 -24.6244011738355 -24.3018841691804 -24.2958670501363 -24.1168124879741 -22.9584493738661 -21.1984280811386 -20.3460241688791
-9999 -9999 -9999 -9999 -9999 -9999 -9999 -9999 -9999 -9999 -9999 -9999 -9999 -9999 -9999 -9999 -9999 -9999 -9999 -9999 -9999 -9999 -9999 -9999 -9999 -9999 -9999 -34.9659899403119 -40.5746197584715 -79.9027072269499 -138.051978878667 -159.993208182183 -157.302029457749 -130.977587235333 -95.8050418483141 -68.1945605442104 -33.2969125947545 -17.1580453582437 -23.0244759345955 -31.7486982934537 -42.1797639849489 -43.9453870552666 -41.28099848178 -38.5684665348786 -37.1946413126156 -35.9411319266283 -33.2066118045166 -32.3254549757542 -31.0409057794779 -30.8805610222366 -30.8820474984178 -30.392414223079 -30.4995919507449 -28.8739104001344 -26.6496712759645 -25.2827342015645
-9999 -9999 -9999 -9999 -9999 -9999 -9999 -9999 -9999 -9999 -9999 -9999 -9999 -9999 -9999 -9999 -9999 -9999 -9999 -9999 -9999 -9999 -9999 -9999 -9999 -9999 -9999 -33.7295496581357 -45.4886758663737 -85.9173929207663 -135.155080271205 -153.299218167352 -143.012059289093 -115.2608767402 -84.711901796322 -58.7318445218342 -27.7997584217995 -17.5752561812387 -25.1457479962639 -34.9703924936172 -44.4668245817331 -46.584528232185 -44.9130194380709 -43.0580038081071 -42.052720152278 -41.3674963480971 -39.6302093335011 -38.9234536487689 -37.6361940084413 -37.2415771612656 -37.3254193374094 -36.7197789840279 -36.4224097015679 -34.5945251195242 -32.2986331699383 -30.8630939216918
-9999 -9999 -9999 -9999 -9999 -9999 -9999 -9999 -9999 -9999 -9999 -9999 -9999 -9999 -9999 -9999 -9999 -9999 -9999 -9999 -9999 -9999 -9999 -9999 -9999 -9999 -36.2761864951924 -34.894162599924 -50.8886448700743 -89.8709981228427 -129.578182265988 -136.327337132667 -121.223745671708 -94.2723931885277 -68.5307799789916 -48.3304832291936 -22.1554486581328 -20.3680492790083 -29.5063531613737 -38.9044173647484 -47.7145102352848 -48.9901053561406 -47.5747134762914 -46.4418594747095 -46.345975429619 -45.4259883800828 -45.0968452669891 -45.3130601432658 -44.2728774479392 -43.9895085028373 -43.3731723465213 -42.2887715859483 -42.0564623967632 -39.9648690889631 -38.076665453595 -37.0278600588242
-9999 -9999 -9999 -9999 -9999 -9999 -9999 -9999 -9999 -9999 -9999 -9999 -9999 -9999 -9999 -9999 -9999 -9999 -9999 -9999 -9999 -9999 -9999 -9999 -9999 -9999 -34.0535558141857 -41.4962761409175 -63.6881406141529 -97.017201310975 -119.742122204782 -118.446530745377 -98.2368974031175 -73.365626037077 -50.7613800145988 -32.7276962821229 -20.8230391521873 -28.7394485339692 -37.6070199477316 -45.5700226078485 -51.2281710067875 -53.0608835236974 -52.6999116814315 -52.0045240720775 -52.1225264434208 -52.0329233820337 -51.4060433877613 -51.1159297181537 -49.8239041649648 -49.3622701129662 -49.0678500622533 -47.9097798275375 -46.9173580118745 -44.8896769415611 -44.0004167108205 -43.3091709569404
-9999 -9999 -9999 -9999 -9999 -9999 -9999 -9999 -9999 -9999 -9999 -9999 -9999 -9999 -9999 -9999 -9999 -9999 -9999 -9999 -9999 -9999 -9999 -9999 -9999 -9999 -35.0075626610138 -57.5101720536404 -87.7174703438871 -109.234127016428 -120.592068126959 -100.859436737324 -78.6092142058017 -57.3832827604192 -36.2112966985151 -24.5162634084646 -25.5140001350002 -39.3301542009457 -48.0503338273064 -53.0080693970782 -56.1969658866442 -56.7781915521743 -57.5611352376573 -57.404877734582 -57.5177960143777 -58.6917426827169 -56.6220454116032 -56.0372946176461 -55.0333465331935 -55.21700380832 -54.8086321802438 -53.4187093001704 -52.1066989101295 -50.5070758373876 -50.4897189307747 -49.9431593588527
-9999 -9999 -9999 -9999 -9999 -9999 -9999 -9999 -9999 -9999 -9999 -9999 -9999 -9999 -9999 -9999 -9999 -9999 -9999 -9999 -9999 -9999 -9999 -9999 -9999 -9999 -41.6919729172115 -86.1078618554251 -119.151545053017 -122.354491496519 -108.529918170821 -83.034016400486 -57.1108903809467 -40.1074088385536 -29.2572405729179 -29.1474195696321 -38.224014662215 -48.2664985731581 -55.687493881227 -57.7227424754424 -58.6967661113014 -59.7872730343011 -60.9339028249958 -60.5586368037766 -59.8015545018592 -59.253707524155 -59.6878280763308 -60.8736843343815 -60.5813052946169 -60.8924828830709 -60.6718008052166 -59.7377695339857 -58.6567697207908 -57.0805731992079 -57.0621886199083 -57.0603845163816
-9999 -9999 -9999 -9999 -9999 -9999 -9999 -9999 -9999 -9999 -9999 -9999 -9999 -9999 -9999 -9999 -9999 -9999 -9999 -9999 -9999 -9999 -9999 -9999 -9999 -20.9658419672266 -54.9794208598708 -123.177199191138 -154.777552909095 -129.242649736505 -100.744553265802 -69.3839804198502 -42.7096193772745 -30.9531167777598 -33.6239301611914 -42.3161531534085 -48.9687921561324 -56.916059032029 -60.7156243642226 -61.3821500557286 -60.4207214736671 -62.4875812955758 -63.8017946756294 -63.0593140410764 -61.6398884863415 -58.8581122235836 -61.5935880138433 -65.4692781403996 -66.7531599412251 -67.9193697207046 -67.0746614335533 -65.9571968969556 -65.9853429161367 -64.8743595748799 -65.0249140463498 -64.1875591212312
-9999 -9999 -9999 -9999 -9999 -9999 -9999 -9999 -9999 -9999 -9999 -9999 -9999 -9999 -9999 -9999 -9999 -9999 -9999 -9999 -9999 -9999 -9999 -9999 -9999 -30.0203628313849 -69.321647869948 -129.80794628397 -154.829934839816 -132.259615795309 -93.4414848083006 -64.1532214962414 -43.0720158913214 -37.5276139258577 -46.877184053045 -55.5343747601801 -59.1373405541062 -62.2070341641054 -64.8128683270213 -65.4076089795271 -64.9667540783598 -66.669242893221 -67.5690691903366 -66.7502269021765 -64.7860112513798 -63.5054349952401 -66.581548482844 -71.0752545614885 -72.7466310295451 -73.8281741037896 -73.5859000384686 -73.5359000849458 -73.8871004332649 -72.6026472410673 -72.6703907491789 -72.8103515896362
-9999 -9999 -9999 -9999 -9999 -9999 -9999 -9999 -9999 -9999 -9999 -9999 -9999 -9999 -9999 -9999 -9999 -9999 -9999 -9999 -9999 -9999 -9999 -9999 -9999 -36.2711946257487 -79.3192787786701 -137.988842194048 -160.280475346513 -129.487073021139 -89.9875792724597 -65.1799009492887 -52.3003366404026 -52.0702931822407 -59.8588236108156 -67.4791528506006 -68.4161001174545 -69.3594805599142 -70.5409438996685 -70.488685068527 -70.2195382867293 -71.2694750217307 -72.5793869056535 -72.2022245966878 -70.670204843873 -68.3041613058656 -72.7495148479008 -78.0179753709216 -79.7133097834561 -80.6083065678125 -79.9823041448395 -80.2251995465846 -81.2624139743166 -80.571740462182 -81.3404691676956 -81.2224232809723
-9999 -9999 -9999 -9999 -9999 -9999 -9999 -9999 -9999 -9999 -9999 -9999 -9999 -9999 -9999 -9999 -9999 -9999 -9999 -9999 -9999 -9999 -9999 -9999 -9999 -41.3022829731227 -84.9920368188368 -140.776995860008 -160.791579474778 -135.319887877153 -95.4831409739276 -72.8865063935535 -64.5960072860891 -63.5534489955764 -69.5073718015189 -74.9236900882956 -77.949204547637 -80.2277742882019 -80.3430320606452 -77.5953589519504 -75.4803039376447 -76.7377130897985 -78.6569586498459 -79.4261480050073 -80.180195906093 -80.9185866739468 -82.3717066954148 -84.295228868011 -84.7611420669853 -86.1510920306773 -87.0037377507464 -87.3826575599493 -88.269955621181 -87.2985212274631 -88.2120433538918 -89.1009880938655
-9999 -9999 -9999 -9999 -9999 -9999 -9999 -9999 -9999 -9999 -9999 -9999 -9999 -9999 -9999 -9999 -9999 -9999 -9999 -9999 -9999 -9999 -9999 -9999 -9999 -44.4174963834826 -89.2653098358188 -148.923765897091 -169.200552881164 -140.087499967776 -100.363910021951 -82.0729608699103 -73.7068987887537 -72.6978982028449 -76.5330234561352 -82.0215835059456 -85.6687393085457 -90.7028881251852 -91.237289975616 -85.7169657141001 -82.2718279685594 -83.1739086408773 -86.1330811608721 -87.8282393744164 -89.9373382646727 -92.3579471234595 -90.6704355471894 -90.7227593763225 -90.2478089602806 -92.3411607442246 -93.440638791974 -93.4354571009371 -94.6921923016573 -94.197558239891 -95.6686713294427 -95.9303129570462
-9999 -9999 -9999 -9999 -9999 -9999 -9999 -9999 -9999 -9999 -9999 -9999 -9999 -9999 -9999 -9999 -9999 -9999 -9999 -9999 -9999 -9999 -9999 -9999 -9999 -48.7161559047809 -95.1327652448823 -153.647543718302 -174.00891650266 -146.967546674126 -107.866864504395 -90.3645896613384 -81.4533567978937 -79.7093524179067 -81.959517044128 -85.8486090725225 -91.1098354812714 -95.6107610199835 -96.6116513055025 -93.3294244075379 -90.3261871353005 -91.6153206486738 -95.8309370841279 -97.0546770060015 -97.4451937214576 -97.4553246883199 -97.4590758769023 -97.586383017673 -96.3875346759801 -97.7418451389998 -99.1820221095594 -100.119248390463 -101.323846937071 -100.31692854475 -101.05351122414 -101.869914547009
-9999 -9999 -9999 -9999 -9999 -9999 -9999 -9999 -9999 -9999 -9999 -9999 -9999 -9999 -9999 -9999 -9999 -9999 -9999 -9999 -9999 -9999 -9999 -9999 -9999 -50.8492648380126 -99.7793975247884 -163.56898822948 -183.814404653312 -154.142331681139 -116.22460934194 -100.593962768528 -89.8378477224206 -87.4586735498065 -89.2685834487433 -92.1341063299594 -96.9173888619165 -101.173227161908 -102.562100080931 -100.018515471708 -97.6326553834023 -98.6362172557212 -103.43740568233 -103.584418285868 -102.745329690029 -101.660054197368 -101.266741065853 -102.353766374925 -101.873527769052 -103.858490695787 -104.302100911127 -104.790520205662 -106.445974518589 -106.046649022761 -107.205931791744 -107.038281459662
-9999 -9999 -9999 -9999 -9999 -9999 -9999 -9999 -9999 -9999 -9999 -9999 -9999 -9999 -9999 -9999 -9999 -9999 -9999 -9999 -9999 -9999 -9999 -9999 -9999 -53.4180040211961 -104.204093661562 -170.133961954069 -194.325855445697 -165.451703617145 -127.21443747978 -109.946289341397 -100.110484680142 -97.4397877282854 -99.3692739318403 -103.414551906748 -105.780724157875 -108.279724769908 -108.842810604827 -106.024267450809 -104.209841362984 -104.702931382593 -107.359486578655 -107.791055358286 -107.168394535506 -105.389160185373 -105.886847326887 -106.716208627787 -106.312874832131 -108.081491419369 -109.618437151355 -110.046347795193 -110.349490616409 -109.684774387078 -111.096161033998 -112.189508751467
-9999 -9999 -9999 -9999 -9999 -9999 -9999 -9999 -9999 -9999 -9999 -9999 -9999 -9999 -9999 -9999 -9999 -9999 -9999 -9999 -9999 -9999 -9999 -9999 -9999 -55.2313487704168 -107.175398498025 -175.653433253652 -203.489711592626 -174.74551619869 -139.488542630136 -121.332794232761 -110.08814301833 -107.055286168875 -108.640329995606 -112.013231531812 -112.51100639549 -113.954396794191 -113.47615352375 -109.228848516046 -107.683332032502 -107.371838600639 -110.295076791447 -110.656939175929 -110.436918825576 -109.198555040077 -109.303551249522 -110.794386782088 -110.550615756447 -112.462422549671 -113.204040211601 -113.030687816224 -114.500142352698 -116.904604882371 -118.771878984844 -121.08667583394
-9999 -9999 -9999 -9999 -9999 -9999 -9999 -9999 -9999 -9999 -9999 -9999 -9999 -9999 -9999 -9999 -9999 -9999 -9999 -9999 -9999 -9999 -9999 -9999 -9999 -56.504104591091 -110.978405212572 -179.42123846346 -211.07749798646 -184.212147223444 -152.420537807445 -133.701283364439 -118.950491630362 -114.929304233329 -114.37979019214 -115.636459114693 -116.547695291741 -117.267390062073 -115.317514179989 -110.902140760452 -107.98751805565 -107.8188308742 -111.350321577662 -112.528362411051 -113.495202755481 -113.327555126386 -113.586479352283 -114.786013652983 -113.791532378801 -115.042583615697 -114.57026584956 -115.592935634003 -121.533702692318 -121.778580195207 -125.035748696744 -131.123480529739
-9999 -9999 -9999 -9999 -9999 -9999 -9999 -9999 -9999 -9999 -9999 -9999 -9999 -9999 -9999 -9999 -9999 -9999 -9999 -9999 -9999 -9999 -9999 -9999 -40.400948332451 -61.7208750836699 -118.264892247276 -183.702730631841 -216.374826303955 -192.458770794083 -161.006680361654 -141.456484403627 -126.282739837037 -121.439421022404 -119.887727750372 -120.489208920433 -120.70551267312 -120.440393525374 -117.842754292795 -111.864165831005 -107.605525975804 -108.350716673117 -112.133516511943 -113.457051155923 -114.714804082125 -115.491084580496 -117.342164399349 -118.369706599795 -116.78544600253 -116.244362773883 -116.133146728913 -120.033039312459 -127.018787255197 -127.954877235495 -127.43960592185 -130.49647739957
