meets/meet004/_saidas_enm/CCSM_Gower_21k_Cavanillesia_umbellata5.asc
NCOLS 154 
NROWS 168 
XLLCORNER -112 
YLLCORNER -55.5 
CELLSIZE 0.5 
NODATA_value -9999 
[rows 78 to 103 of 168, columns 59 to 117 of 154]
-9999 -9999 -9999 -9999 -9999 -9999 -9999 -9999 -9999 0.352562930113238 0.208922703850655 0.10469516053675 0.0328618799412354 8.31654259522141e-05 0.049453356231534 0.143890377842894 0.281289416232244 0.473850108141553 0.617523126337554 0.62362796016684 0.586128165219677 0.567445121906497 0.550775277360386 0.559959114351194 0.567555948759039 0.569371604304201 0.570654895146973 0.560938249802894 0.566796735342852 0.566688753376034 0.565863612825467 0.564244254395242 0.563983390743444 0.556257299571195 0.552573038645902 0.556848912111048 0.563233454128531 0.577992506593493 0.601789782469744 0.626471284198334 0.633991963990064 0.622461881355232 0.605916938843671 0.596238677478766 0.585163725447879 0.579151686613195 0.582060801535564 0.585408479665929 0.577169168246853 0.568583199886675 0.566363570568742 0.568139026641721 0.569168380510979 0.573835269871988 0.575661707973605 0.567994555923229 0.547330511243496 0.539198212710511 0.561261700940614
-9999 -9999 -9999 -9999 -9999 -9999 -9999 -9999 -9999 -9999 0.340249872425207 0.148997229060739 0 0 0 0 0 0.170302668766074 0.406001872040121 0.630562404422251 0.606072650080819 0.579984951903874 0.562764542746849 0.566949864409199 0.567864680705406 0.564742604159631 0.56247139582662 0.554585429845698 0.55740923090794 0.558489421648175 0.560024175650789 0.561334183681227 0.553863458569895 0.553093204993516 0.546188207335333 0.545384382471834 0.54556682418573 0.554103612721198 0.578640987202947 0.603211051803473 0.614519638157727 0.612644288057509 0.599636277577943 0.581476424389585 0.561806929474102 0.551407347998397 0.553860315190951 0.556812175978007 0.551936064336738 0.543664954189596 0.540287456382103 0.540720614000554 0.541287428091693 0.544429801154193 0.545743985023 0.540484609109456 0.525542745903021 0.521979411532372 0.542274323344876
-9999 -9999 -9999 -9999 -9999 -9999 -9999 -9999 -9999 -9999 0.486051383451411 0.203940168683631 0 0 0 0 0 0 0.145711788211175 0.463296164690309 0.566543735626521 0.620186405259802 0.58585590260248 0.589056399041683 0.581909975569301 0.56712995804458 0.564914410519208 0.554333708059882 0.561594057807557 0.561257248076003 0.562199276322611 0.565178737510148 0.550744346511579 0.562208924195934 0.553288471693502 0.546570316479737 0.535030217966241 0.52603298728309 0.548330608688243 0.577891443127062 0.590819993075877 0.59728928876758 0.599366901758189 0.567880636803596 0.536645411802703 0.522026436481371 0.522959139881564 0.526817448932295 0.522983155296694 0.518587831387211 0.517027709549843 0.518011209953767 0.514536393134176 0.517460992903451 0.51505819403884 0.511349509825832 0.49939725146523 0.495766020109396 0.522528245495953
-9999 -9999 -9999 -9999 -9999 -9999 -9999 -9999 -9999 -9999 -9999 0.333282556433865 0.0725417841327493 0 0 0 0 0 0 0.188403499896715 0.219630480476835 0.309218760087063 0.424706614618878 0.550338346065023 0.605288549281294 0.577815974432011 0.586589342355802 0.580477657897483 0.587188296602184 0.584970461310283 0.584744046024997 0.587615969918835 0.588567243277367 0.597202076613243 0.594814706372501 0.583039935965026 0.559592866236934 0.533858617766322 0.539261834700333 0.548179977969258 0.558666423016465 0.573809914304079 0.570495210474393 0.550271582318437 0.518735947403041 0.502690380981872 0.501091029775286 0.499766535623543 0.499495953564064 0.495713211343141 0.497545298326723 0.506354554949037 0.505313342107705 0.500059247070786 0.485308375568974 0.48216399074395 0.48211143344801 0.489818369942326 0.518585568154372
-9999 -9999 -9999 -9999 -9999 -9999 -9999 -9999 -9999 -9999 -9999 0.466667206371524 0.302833019411035 0 0 0 0 0 0 0 0 0.0350741447500529 0.073454404428658 0.21431936167818 0.428314103235051 0.578498778420633 0.641313827466344 0.597877037672196 0.619816823553221 0.614878074336414 0.61702765179345 0.620521567067938 0.633715895584312 0.643804530948189 0.649625757991971 0.632872826018039 0.600121084745828 0.550313577861126 0.549143737953415 0.53295659374462 0.531815421452876 0.547422675114127 0.55010875528915 0.535545480642702 0.507273678952193 0.494112979990451 0.494566380969299 0.482921042128766 0.48992713085378 0.484861890023802 0.486513924261485 0.499305339064914 0.507288641435965 0.492271085664564 0.467593423458352 0.469675094730069 0.485049361144008 0.492216390870943 0.539776720171321
-9999 -9999 -9999 -9999 -9999 -9999 -9999 -9999 -9999 -9999 -9999 -9999 0.436902171732068 0.132251680626024 0 0 0 0 0 0 0 0 0 0 0 0.141029553096728 0.418672988671188 0.639576611006733 0.639237759077531 0.612284550074405 0.624568679715082 0.643585805952267 0.666075847127208 0.667100465994428 0.669054497680761 0.663558843938826 0.657389663757354 0.641033531496542 0.593817938353841 0.53668413823129 0.512724172305518 0.522502092583141 0.532795401272384 0.526765520312144 0.514425746195355 0.510344760180248 0.51355741919593 0.513078493980059 0.5092440746093 0.498449711316422 0.496712554376942 0.501397949295355 0.496427387039164 0.494137749816528 0.485943715321087 0.498365720231045 0.524532715380811 0.556795106663664 0.586257007978075
-9999 -9999 -9999 -9999 -9999 -9999 -9999 -9999 -9999 -9999 -9999 -9999 0.552108022498518 0.273230069562856 0 0 0 0 0 0 0 0 0 0 0 0 0.184179668425412 0.420016776391295 0.615934763782024 0.603477002319108 0.614803114880954 0.641718119563248 0.679931600840862 0.67225350676505 0.675238919416721 0.688857892361352 0.710413123292061 0.706639325053194 0.644558981761936 0.544539065006278 0.492730396195827 0.500515037017632 0.520354410353605 0.521007604498119 0.524249182600084 0.529745192080515 0.53814857561361 0.547750843875856 0.542953670402202 0.529196358116934 0.526551896279126 0.525120527243295 0.510974316115105 0.522235282578395 0.524868805457478 0.543391731691805 0.576111051693582 0.60871597451015 0.60776984359187
-9999 -9999 -9999 -9999 -9999 -9999 -9999 -9999 -9999 -9999 -9999 -9999 0.479091209535673 0.380565303402998 0.12376774285798 0 0 0 0 0 0 0 0 0 0 0 0 0.145211456369378 0.428839524377767 0.620800700968223 0.606741469118717 0.618739435786991 0.641811715587993 0.650729076845572 0.675497918508131 0.698602062460371 0.711222545017197 0.707354903618627 0.663979167371052 0.543356903053108 0.482216925245363 0.476479252791736 0.498041574994364 0.51633314853843 0.532916987169928 0.548898177190329 0.562105889856462 0.569417617238515 0.576244646832048 0.578181477335458 0.579909602810559 0.578242115415317 0.581750097693918 0.579881855207941 0.589820051011162 0.602930355730573 0.610720575597231 0.609149394102271 0.608005410944826
-9999 -9999 -9999 -9999 -9999 -9999 -9999 -9999 -9999 -9999 -9999 -9999 -9999 0.465234438368928 0.327937259918863 0.124106486840999 0 0 0 0 0 0 0 0 0 0 0 0 0.214031242269683 0.473115872253955 0.62281374659413 0.610960573671257 0.608150725122577 0.604384777234229 0.63754828785899 0.659133211722902 0.700086341463926 0.709282329312527 0.632091483214088 0.51303260064748 0.465015852724467 0.467248783390958 0.489273308033477 0.523225824151153 0.54966553885808 0.574014074466443 0.591285284716148 0.597633516873441 0.608921541951574 0.618082514566175 0.622402083554232 0.623734428486557 0.622062629455504 0.619208780736743 0.615781721916992 0.613875489311301 0.612013030751603 0.610231717934903 0.609398950996338
-9999 -9999 -9999 -9999 -9999 -9999 -9999 -9999 -9999 -9999 -9999 -9999 -9999 -9999 0.471194959764174 0.347259109692068 0.184156507754624 0 0 0 0 0 0 0 0 0 0 0 0 0.23777723532119 0.440906901981129 0.636428301373528 0.587315846230707 0.580682560203948 0.576149443850652 0.57585773521796 0.59267669246103 0.565452093920994 0.543156229741338 0.493198256717816 0.47411191124161 0.488188087886933 0.51403144074065 0.542883510184177 0.574553837098398 0.601178488799873 0.621349324545366 0.639874389299611 0.635092379690429 0.629814628043586 0.631515177651894 0.628738978664645 0.624178573773999 0.620703604447523 0.617914797322454 0.616227119135795 0.613731316097509 0.612149946939254 0.610629909148302
-9999 -9999 -9999 -9999 -9999 -9999 -9999 -9999 -9999 -9999 -9999 -9999 -9999 -9999 -9999 -9999 0.394267773135946 0.289558146688386 0.0644077872283033 0 0 0 0 0 0 0 0 0 0 0 0.230977379209818 0.452856647896697 0.628878507808946 0.596807369419375 0.550334198426997 0.523411660714308 0.516724184879034 0.479229835102685 0.500046422084696 0.494803014536185 0.497185067099768 0.52008081065034 0.534436873756816 0.554132657542639 0.582974221455953 0.610024689069349 0.635032128016177 0.658150668132861 0.650978443397214 0.636574048922783 0.633716235989251 0.632326714580218 0.628152095937714 0.625429273422211 0.618928299194066 0.620159572626925 0.617541475668206 0.616028761157437 0.615042426181829
-9999 -9999 -9999 -9999 -9999 -9999 -9999 -9999 -9999 -9999 -9999 -9999 -9999 -9999 -9999 -9999 -9999 -9999 0.294731899860023 0.152317564298411 0 0 0 0 0 0 0 0 0 0 0 0.202198900371555 0.430073758038583 0.581380082159066 0.586633308771533 0.529071503105288 0.534614537534717 0.541983875130473 0.537572582855955 0.53752090570612 0.547070742407583 0.546696806048434 0.552353253590154 0.564417421352339 0.571293633837294 0.593163732194643 0.63486192554654 0.656894849910939 0.652622813923697 0.639939906516932 0.631913451430847 0.626162196513471 0.617301417099118 0.615910758653997 0.611958719665467 0.622350115066836 0.622429970578167 0.620535634990071 0.619552219609277
-9999 -9999 -9999 -9999 -9999 -9999 -9999 -9999 -9999 -9999 -9999 -9999 -9999 -9999 -9999 -9999 -9999 -9999 -9999 -9999 0.227253531178959 0.0217837936629819 0 0 0 0 0 0 0 0 0 0 0.133189764483911 0.326986277638627 0.5028159481274 0.627564891799913 0.607353571378098 0.602579543395841 0.593434701681966 0.597576107018202 0.595280938470862 0.58833988753399 0.584545844482426 0.584563948300668 0.586271702635739 0.601893050901502 0.636078419331198 0.656346583288923 0.651488207460557 0.637589590324956 0.629777637373518 0.623528596966609 0.614886275744305 0.609601103678681 0.603436070712942 0.61417979953778 0.630795508566139 0.62903565543386 0.627981986474685
-9999 -9999 -9999 -9999 -9999 -9999 -9999 -9999 -9999 -9999 -9999 -9999 -9999 -9999 -9999 -9999 -9999 -9999 -9999 -9999 -9999 -9999 0.26751594002023 0 0 0 0 0 0 0 0 0 0 0.00350135833225285 0.207007193670927 0.41063330039151 0.565265684761219 0.631491122369519 0.625213034074458 0.642771074841629 0.643120722848355 0.631873056711386 0.627173085714807 0.618754452449327 0.625369733814838 0.630131431573739 0.645641687205326 0.659069454797789 0.649603696071852 0.63163465978558 0.62762900139681 0.634746528272125 0.639679843276748 0.619769347797681 0.594212460522802 0.599303369725228 0.624728297440929 0.635935789661641 0.612249811889215
-9999 -9999 -9999 -9999 -9999 -9999 -9999 -9999 -9999 -9999 -9999 -9999 -9999 -9999 -9999 -9999 -9999 -9999 -9999 -9999 -9999 -9999 0.458482029784179 0.216886600199445 0 0 0 0 0 0 0 0 0 0 0 0.175019546437699 0.388333056067445 0.568868800778139 0.63390595500874 0.66605641951198 0.674002850814699 0.661608246968997 0.650859777008698 0.639296768118328 0.637642353090543 0.634978911377337 0.640807563951086 0.645752442501274 0.637624198160449 0.629204055050839 0.632674823811693 0.645088690692458 0.650671582144657 0.63025772180621 0.600004185805181 0.595992630130841 0.612343030708487 0.616077790144291 0.59442288802055
-9999 -9999 -9999 -9999 -9999 -9999 -9999 -9999 -9999 -9999 -9999 -9999 -9999 -9999 -9999 -9999 -9999 -9999 -9999 -9999 -9999 -9999 -9999 -9999 0.20594931852903 0 0 0 0 0 0 0 0 0 0 0 0.215929957128542 0.438153961532354 0.627470713100047 0.674067895758501 0.688219035091532 0.674104711626032 0.659233462510874 0.648897046085028 0.629573054005014 0.618582338396397 0.621987924211447 0.619354310353265 0.625842556275492 0.62959347830137 0.638811644056955 0.655646008456916 0.658180614567384 0.635188600819931 0.609081758187422 0.600935334382813 0.604355321473492 0.605605516369376 0.596884069910077
-9999 -9999 -9999 -9999 -9999 -9999 -9999 -9999 -9999 -9999 -9999 -9999 -9999 -9999 -9999 -9999 -9999 -9999 -9999 -9999 -9999 -9999 -9999 -9999 0.344642480130173 0.151521358721843 0 0 0 0 0 0 0 0 0 0 0.107445988684112 0.341623183732447 0.587289361521036 0.628907675817043 0.647425360019752 0.660012499148029 0.665425397689187 0.656641002894285 0.633916167156919 0.616496292972322 0.607041802365441 0.607793906122911 0.625348969113542 0.645711215680851 0.659150170635643 0.664753373938123 0.659216181593462 0.632058350466665 0.60401652246863 0.596029778225415 0.605395976173392 0.615525870047041 0.613048698325502
-9999 -9999 -9999 -9999 -9999 -9999 -9999 -9999 -9999 -9999 -9999 -9999 -9999 -9999 -9999 -9999 -9999 -9999 -9999 -9999 -9999 -9999 -9999 -9999 -9999 0.277740576217911 0.0226113658433658 0 0 0 0 0 0 0 0 0 0.0341762096629867 0.271464701583324 0.52459965200584 0.544031723644754 0.564749654528598 0.618318622703215 0.676133341061445 0.658309201766518 0.640206878035134 0.624987345599718 0.60601812804526 0.597091530875891 0.629071750997774 0.670853537784833 0.685604035147883 0.671515579391057 0.657268912005247 0.619297593574749 0.585372036914922 0.579264590651433 0.603158955536445 0.631066523941929 0.626821220475909
-9999 -9999 -9999 -9999 -9999 -9999 -9999 -9999 -9999 -9999 -9999 -9999 -9999 -9999 -9999 -9999 -9999 -9999 -9999 -9999 -9999 -9999 -9999 -9999 -9999 0.338728760797905 0.101876844342057 0 0 0 0 0 0 0 0 0 0.00844401419858232 0.23548381452255 0.483008251128321 0.487090671430087 0.496969431304226 0.533791223721767 0.582072204589911 0.623287476801288 0.653127287910281 0.652200021788983 0.616508999378914 0.600376021467183 0.628648741126567 0.67188191337323 0.683740701444245 0.670532284456781 0.641493711951538 0.594708669722798 0.556799188456224 0.554067149525451 0.590338478533546 0.622225980732314 0.627231975769302
-9999 -9999 -9999 -9999 -9999 -9999 -9999 -9999 -9999 -9999 -9999 -9999 -9999 -9999 -9999 -9999 -9999 -9999 -9999 -9999 -9999 -9999 -9999 -9999 -9999 0.373167061067959 0.148775208723216 0 0 0 0 0 0 0 0 0 0 0.211595230524923 0.453973162495032 0.432996137451732 0.431971521651224 0.441547259795184 0.453582629095059 0.555417192447907 0.652932475083547 0.673771758794887 0.629700478920616 0.580419467053134 0.631440288565254 0.672156798028473 0.677834706414923 0.655548655710994 0.625333537422961 0.577742060559521 0.526219201051718 0.523878515355036 0.574035841982289 0.618299332067753 0.617602558935352
-9999 -9999 -9999 -9999 -9999 -9999 -9999 -9999 -9999 -9999 -9999 -9999 -9999 -9999 -9999 -9999 -9999 -9999 -9999 -9999 -9999 -9999 -9999 -9999 -9999 0.391387670212334 0.135606910251805 0 0 0 0 0 0 0 0 0 0.0231820999890814 0.235503958058628 0.410617165399514 0.395795630739046 0.387334534768544 0.382058561814176 0.400801524574566 0.477457472319034 0.566810217627369 0.614562262376205 0.633748007116917 0.64147376708436 0.652317338824586 0.663431759428163 0.65692179096852 0.635467278996885 0.605498898066789 0.564772413614388 0.529987106524027 0.528355692852214 0.557507688692118 0.59175069391368 0.597287440562985
-9999 -9999 -9999 -9999 -9999 -9999 -9999 -9999 -9999 -9999 -9999 -9999 -9999 -9999 -9999 -9999 -9999 -9999 -9999 -9999 -9999 -9999 -9999 -9999 -9999 0.401016727509847 0.101301125283755 0 0 0 0 0 0 0 0 0 0.0554828764237276 0.262598908288057 0.391737779992965 0.382605384015233 0.371014488498006 0.353569364035917 0.353237674689771 0.433352093683324 0.504095848575207 0.566150946283564 0.633128583595748 0.685184033720329 0.656772917475033 0.64651591864598 0.632297087797411 0.609819191820918 0.588212690577251 0.557019605254472 0.530294780455042 0.527814528733256 0.543736371759199 0.56599930150542 0.562097973652709
-9999 -9999 -9999 -9999 -9999 -9999 -9999 -9999 -9999 -9999 -9999 -9999 -9999 -9999 -9999 -9999 -9999 -9999 -9999 -9999 -9999 -9999 -9999 -9999 -9999 0.392530896784378 0.0581521053865913 0 0 0 0 0 0 0 0 0 0.100647948352949 0.305486228068207 0.395607028002421 0.38934026200498 0.375380013175102 0.354359232296905 0.366396236153831 0.443234499877038 0.547029375540684 0.603034779290203 0.615247715255459 0.613030909356272 0.613659645457011 0.612080932194326 0.600618829345881 0.584351639886739 0.564365966027945 0.541724232029718 0.52274979084391 0.515422825996316 0.517942055617005 0.522063151147434 0.515624002248717
-9999 -9999 -9999 -9999 -9999 -9999 -9999 -9999 -9999 -9999 -9999 -9999 -9999 -9999 -9999 -9999 -9999 -9999 -9999 -9999 -9999 -9999 -9999 -9999 -9999 0.397693149429103 0.0216036465911885 0 0 0 0 0 0 0 0 0 0.142539313149925 0.345547015121072 0.415636638632071 0.413125581796636 0.397830780002396 0.37359935187104 0.373050014966828 0.469725263058011 0.590414890753398 0.633675387396538 0.599633158732689 0.555068879482775 0.574540322102296 0.578588362439361 0.574831791531517 0.565472873955846 0.543360800842998 0.530328603212477 0.514907940525328 0.503895678204068 0.498395896668905 0.48735207482305 0.476909895707031
-9999 -9999 -9999 -9999 -9999 -9999 -9999 -9999 -9999 -9999 -9999 -9999 -9999 -9999 -9999 -9999 -9999 -9999 -9999 -9999 -9999 -9999 -9999 -9999 0.474267331733442 0.366013872193069 0.00589311939143478 0 0 0 0 0 0 0 0 0.0236158640751022 0.201298855231254 0.389500396647531 0.43593067029847 0.456971191596435 0.441476596636528 0.396259216265673 0.394495152002433 0.474172767057961 0.571091399569541 0.611371568168121 0.587619496636674 0.561541118194958 0.557736269075487 0.563923648143246 0.560484552375299 0.546997187340299 0.531212772841778 0.521565994333689 0.51375029692792 0.503760638644644 0.495918788326063 0.479390398899132 0.46553161834156
-9999 -9999 -9999 -9999 -9999 -9999 -9999 -9999 -9999 -9999 -9999 -9999 -9999 -9999 -9999 -9999 -9999 -9999 -9999 -9999 -9999 -9999 -9999 -9999 0.469229315067493 0.349511951618792 0 0 0 0 0 0 0 0 0 0.0791336024647423 0.242351100558152 0.422303526323174 0.440783041506377 0.466310673378982 0.452252602596375 0.401739508851385 0.388432705636337 0.453978694841973 0.539909873703379 0.580079317673122 0.565172058213231 0.546793747855059 0.539409699245847 0.544054104502834 0.541047525410705 0.52460991676767 0.514708524565136 0.51720952258795 0.51964878464831 0.515559122907318 0.507315548759724 0.489161403743079 0.481589129602715
