meets/meet004/_saidas_enm/CCSM_Maha_6k_Cavanillesia_umbellata2.asc
NCOLS 154 
NROWS 168 
XLLCORNER -112 
YLLCORNER -55.5 
CELLSIZE 0.5 
NODATA_value -9999 
[rows 50 to 74 of 168, columns 56 to 111 of 154]
-9999 -9999 -9999 -9999 -9999 -9999 -9999 -9999 -9999 -9999 -9999 -9999 -9999 -66.0021668216376 -24.2641279378326 -8.25159610726072 -6.42845852931976 -6.26269812827857 -4.82019031209057 -3.63094383876247 -4.351775673655 -4.86448808675403 -6.63206690303489 -6.11809227664051 -4.70139669885612 -3.9513325709186 -2.90086124675742 -3.86580219872278 -5.77065899418371 -9.38594391060415 -13.140921985814 -10.5891105586928 -7.21719945250089 -4.42393531322222 -3.39804525470201 -3.7962870215734 -5.91630447010271 -5.19475540224859 -6.73360922874311 -8.19436665481068 -10.3247943225242 -11.2545731572541 -13.9456551934036 -16.036335981287 -15.3251916957497 -15.7556128816918 -11.6868431681559 -11.6756454842183 -11.7605016668639 -3.44503571490496 -0.764891124181296 -0.783805086330951 -0.616494009278395 -2.31655264513694 -6.54527328566807 -8.17945226689554
-9999 -9999 -9999 -9999 -9999 -9999 -9999 -9999 -9999 -9999 -9999 -9999 -9999 -33.6519825109002 -13.5894861256546 -7.79325775861109 -5.69542724544335 -5.62197995058349 -4.60372886993173 -2.98473461718862 -2.89060505241437 -3.64414733575379 -1.47992768673192 -0.211946145231928 0.389135701664813 -0.0705453815301018 -1.71398659974987 -5.9403305891056 -12.5728300003219 -20.3199022627159 -24.6872243795362 -18.6854524386945 -9.1534804632419 -1.58187826213313 -0.159687618253551 -1.45307304960525 -4.07614113960599 -4.41467988070562 -5.35832508054637 -7.62987722516095 -9.38926454848687 -11.5632321795573 -14.6539471515555 -15.4690026361591 -15.0459487903017 -14.2330384981808 -12.05557129129 -13.1327396120505 -7.71116087981069 -1.52936183391247 -0.252390553956548 -0.59490382497641 -0.921578241260623 -3.77894288545397 -8.12533956170584 -8.04803804008336
-9999 -9999 -9999 -9999 -9999 -9999 -9999 -9999 -9999 -9999 -9999 -66.9879957492502 -36.156607620304 -20.819399909319 -11.7044751157812 -8.69029430956225 -6.67380710472753 -4.24143842094378 -2.73504346499287 -2.49312373426491 -2.43427917054733 -1.88138251263009 -0.220635197462256 0.345229972766165 -0.704717873233572 -4.12127989065566 -9.77587367419473 -18.1411371917069 -27.783194527283 -38.1736238288671 -43.4221013975835 -32.8100193165776 -19.1240152130239 -5.72470195267351 0.00285322453031378 -0.531904376967606 -3.21420891566935 -3.57483044560986 -5.0478384711064 -7.71704595832424 -8.99402198676362 -11.322158274191 -13.6105391800256 -15.8014651744894 -15.1511729887013 -14.5959427620062 -12.7164553190718 -8.65416067217395 -3.01407170766782 -0.244974692532714 -0.491121808239886 -0.61381364729511 -3.05425625894397 -6.84635557396775 -11.2103729445116 -8.79605490802345
-9999 -9999 -9999 -9999 -9999 -9999 -9999 -9999 -9999 -9999 -70.0348455021652 -27.8391326587701 -16.0867332807483 -13.7487479816195 -16.4406491586197 -11.8198688928996 -8.90155372163703 -3.60626626224403 -1.78621428480154 -1.49776197448436 -1.76668185775532 -1.01142793157012 -0.891580413419566 -2.2164384555674 -6.12084280536545 -13.0805099327301 -23.0976132680019 -33.4046268512331 -46.1414031843611 -58.337245002894 -61.9574092609483 -46.346365001293 -26.2068224042575 -10.6963646018395 -0.970369535427801 0.253541458335137 -2.15899592857675 -3.78192315315158 -4.66645369109839 -7.03311618645552 -9.17950795463559 -10.8254397020029 -11.9866240853052 -12.0457972209486 -11.0353151182027 -8.69900628211856 -6.56824064694672 -2.05111909773044 -0.287147462766673 -0.440853598937489 -0.921092226524821 -3.19487582175002 -7.10834249628695 -11.4007486923209 -15.391675408953 -10.5556350659074
-9999 -9999 -9999 -9999 -9999 -9999 -9999 -9999 -9999 -9999 -33.1377840669134 -12.4577885777578 -6.71961856534805 -14.1475460740145 -20.4397646011572 -18.5616381375788 -13.0127490486134 -5.10165005639762 -2.47751326598548 -1.84808251298366 -1.44969360101607 -2.46637572458197 -4.65342288503323 -8.74425104909276 -16.6911307281263 -27.5903656202489 -39.4670601314863 -54.2250761579364 -70.3387244112766 -84.0282068960983 -86.4309509279579 -62.9705383784462 -34.847126097625 -15.3865058204086 -2.80668849865663 0.472348311625276 -0.619224609611386 -3.62720851904289 -4.248811190467 -4.85636090373588 -5.75721559234025 -6.32667203384425 -6.87009945092456 -6.41310945987856 -5.36588595760365 -2.84672514341616 -0.601458362188633 -0.0977691778116745 -0.68058130542755 -1.63123423729672 -4.09285059280989 -7.78913189589839 -12.0814469943583 -16.1275813524072 -19.7235704058515 -11.8377410887627
-9999 -9999 -9999 -9999 -9999 -9999 -9999 -9999 -73.119328684788 -48.5932608754475 -23.6561800626368 -10.591079922903 -7.98393781233739 -11.8306284257757 -19.6589107701073 -23.7478253994534 -17.9288321983251 -8.97642386576871 -5.4767550691411 -5.58851652771929 -7.33096019207082 -9.59263641211443 -13.0463322271062 -19.4165953353299 -31.8215873658401 -45.6083013415632 -61.4936681724506 -80.8207250619749 -98.7460792017463 -109.046572442412 -106.242086849893 -76.9016535983756 -44.6728162506211 -20.5996692692526 -5.45245577876011 0.243881407017462 0.307666913216273 -1.39064565430797 -3.00861251974818 -4.31516553287442 -4.74789283613056 -4.75669758000638 -3.87999823358017 -2.05673593622736 -0.4425103241726 0.0865477495838382 -0.288008649321253 -1.73262814560908 -2.41355680486003 -5.18063541603461 -9.46771933454444 -14.0851710385646 -18.7454256445658 -22.3889623460315 -25.5597277910477 -14.3842195876432
-9999 -9999 -9999 -9999 -9999 -9999 -9999 -9999 -51.9540446669599 -32.5622956960045 -15.8767125382595 -7.4176832749634 -8.34343569993534 -11.916445669132 -16.8075774879015 -20.4653800327794 -25.6853573791494 -17.1415665966566 -14.2290478699593 -16.9596886313791 -22.0197844615325 -25.7149265860774 -29.2242024462469 -38.3122904761816 -53.1228732285509 -71.5164072046563 -76.8869232426773 -82.932825407073 -83.6134081141313 -81.5261331839424 -80.7608752875672 -81.5194082096454 -53.8538894573553 -27.6490949984489 -9.90523708711997 -1.32823681692139 0.707898771308519 0.499694696615194 -0.0968692820838126 -0.566611397589801 -0.710829992014631 -0.318061964968912 0.260995579857552 0.717995321784594 -0.0383501342603847 -2.13007235421218 -2.86094369129148 -5.26273646576312 -9.83159748235116 -15.9620385984198 -21.7388363488225 -27.2721954553722 -30.9548893025211 -32.9728850717027 -35.5150511270187 -18.4938500406356
-9999 -9999 -9999 -9999 -9999 -9999 -9999 -48.9865869252241 -37.411761020204 -24.9297283710455 -10.6882270949661 -7.54226280791524 -7.11869914811621 -9.63396801205752 -14.013029323436 -17.3499393346981 -20.9783606998194 -25.417116470298 -27.2753783194281 -33.6261023952265 -40.1167642691449 -43.4087997815118 -48.5002200776857 -50.8811154488858 -53.3852829805279 -57.1176465600376 -58.0885255527823 -58.6786093714157 -58.9893824708198 -58.0739664059224 -57.5981015242964 -56.0964547638928 -55.8093542406517 -35.1711028072952 -17.3458401643024 -5.64280906237641 -1.01019654885867 0.686801713618086 0.966508541602743 0.939974870916014 0.866083796018393 0.724970081938698 0.026214516459461 -2.29515351343945 -5.32838063670659 -6.93098246597092 -11.7935813619369 -18.8674551563821 -27.777952628941 -37.5745990705844 -44.8723937056651 -49.8573428614023 -51.8683252913887 -51.6773376094381 -50.5309839727048 -24.0397200276052
-9999 -9999 -9999 -9999 -9999 -9999 -9999 -34.7218681297052 -22.095157629307 -12.378019648234 -7.2355742806605 -6.69747940767917 -5.87107303906321 -7.42220922980264 -10.4532069046054 -13.2254510247656 -15.506150289633 -18.7072063832672 -20.3993308002571 -22.6278841220393 -26.9723914502995 -32.0735155622553 -36.7553458891371 -37.0811106644489 -36.1636720653925 -38.1528861895997 -38.7282437115669 -42.3221633855727 -41.9250747976459 -38.3419799678633 -38.2493847571661 -37.9523982845586 -40.5980231704189 -41.1732264323613 -26.7208136974203 -14.3241271987347 -7.30834101082397 -3.38543645199559 -2.17286406761515 -2.19582874492613 -2.59599405918016 -4.73960687494942 -8.25994826934713 -11.8942991519664 -17.5911054796992 -25.618049930265 -38.2061244678605 -50.6952360043928 -65.4353990948414 -75.1146027489333 -80.3845316835148 -78.4480932666883 -77.7303711192947 -72.9567643673333 -64.1200583902893 -30.6553486267012
-9999 -9999 -9999 -9999 -9999 -9999 -20.4896432422076 -19.5596896121507 -10.0507181036703 -8.06554091546028 -8.2539791375769 -5.77485784089736 -5.48556387786806 -6.07744877733171 -7.8764335770838 -11.1996255450654 -11.2096986867769 -12.5227463200237 -14.0225594030234 -15.9292420903292 -19.5710862842964 -23.0790393578254 -25.4621451544772 -25.5929686677015 -26.6081562882876 -27.0494082779801 -28.483565506553 -29.057445479881 -28.5262926550016 -29.3333298557868 -28.7100800104425 -29.5459877168028 -30.2004816063959 -30.8202782323744 -32.6245558409169 -27.3488273080339 -20.74324821461 -17.3046579015291 -15.9415752045509 -16.2621359464229 -18.1604419378664 -21.6172944362836 -26.7512404494256 -36.7774356148675 -42.3483460599469 -45.0254050523772 -49.5279337667341 -52.229148331023 -56.6945050178002 -61.5244152149386 -64.0761874242195 -64.3169251442485 -61.5525397392036 -55.0128815737831 -50.4969437578127 -37.2337051114371
-9999 -9999 -9999 -9999 -9999 -9999 -11.8968409046077 -8.6198947173425 -2.77803418447402 -2.88719559917878 -6.43918599181855 -3.75050818569986 -4.63104407226276 -4.74967417869853 -5.68546354555927 -8.16681670973908 -8.11018428986447 -8.4705726216535 -8.86659926418068 -9.6364954685517 -11.5111145414521 -14.1315215663594 -17.0067878696468 -17.2143395363526 -17.1152427417403 -17.7229165657163 -18.0621416121334 -18.9293895861359 -19.0753743038763 -19.1309620998852 -19.8955979476918 -20.3767044070359 -21.6975511348996 -22.4818685282915 -23.0158338259212 -24.3556076156927 -24.8601091067844 -26.5035035782931 -27.4180686119878 -27.0849366060481 -27.9646920312528 -26.5219903096458 -25.5442883748268 -26.1095948296782 -27.6174632759022 -31.5075180951692 -33.950216080312 -38.1853645719935 -42.6310088194971 -45.2625878766774 -47.7396768304375 -45.9315117180706 -43.674987474338 -38.607362959529 -33.0953383200324 -27.6180571907017
-9999 -9999 -9999 -9999 -9999 -9999 -11.3197284777884 -5.40863445806556 -3.36314762805917 -1.14943519328446 -2.91479770451931 -2.42086290100787 -3.10217264859284 -2.89638938468368 -4.71337884775632 -6.74591650470854 -5.84686637939567 -5.83371629640655 -5.87864040258693 -6.69173136638575 -8.00770275874026 -9.94753324221862 -11.9940814359377 -12.1893223948459 -12.403846863423 -12.2958799420212 -13.0593094285543 -13.31276673225 -13.443842963742 -14.330687669817 -14.3799494817592 -15.5468845801733 -16.009807913036 -16.7561267925162 -17.6704666521645 -17.5800867335178 -19.0091886162608 -19.2243927567286 -20.2237726910239 -21.272684316756 -21.4516372060022 -21.6107063802356 -19.9052118619188 -19.4603658671541 -21.4052658988454 -23.2648596410744 -27.2864145560215 -30.0037977433049 -33.0603892145244 -36.2936685473927 -36.9946230964528 -35.4116220324347 -30.6271175866038 -25.6733595775758 -22.9831831735764 -17.0994881837533
-9999 -9999 -9999 -9999 -9999 -9999 -9999 -4.94438961562845 -2.76631299845536 -1.69940371459964 -1.289608903872 -1.81661138000329 -1.50507492159951 -1.91237263452886 -4.04996693570976 -4.77097084301064 -5.11346603898101 -4.52752127554267 -4.31472382859314 -4.22025797652701 -4.64992523232868 -5.78789276873562 -7.44713268483576 -7.83099837260197 -7.48556162754133 -7.6738388189445 -8.27471488300761 -8.67033249781027 -8.93055178218865 -9.18731981727321 -9.7530306524338 -10.1518155242354 -10.9383374793536 -11.4026595046251 -11.6533012847203 -12.3586817246391 -12.6522573149516 -13.4541315249288 -14.2192077506485 -14.3802936264223 -15.1647188260164 -14.4917052543007 -14.0982619312753 -13.3127000061756 -14.5672775466742 -17.042681288515 -18.8534924931895 -21.3686151252992 -23.6005770874104 -25.0713787475804 -25.4598524464601 -23.3709362216981 -20.596260757948 -17.3319999892303 -14.8004390663286 -12.1786199943756
-9999 -9999 -9999 -9999 -9999 -9999 -9999 -9999 -3.06494456417236 -1.50727971831872 -2.19966473497681 -1.72157483153681 -0.971473155354877 -2.13350394299711 -4.11374038836925 -4.55685773275828 -4.53118032297063 -4.4062817817946 -4.1151257516034 -3.82897186380183 -3.9297220848758 -4.37321057328883 -5.26299282821831 -5.64867291456059 -5.66949330686983 -5.37734886105635 -5.76984818974968 -5.87728465568108 -6.13170583440819 -6.52557358021174 -6.68116130543897 -7.25679575809328 -7.60723359446081 -8.06674353093718 -8.69379786406287 -9.24489422339089 -9.7487863386738 -10.1248726601325 -10.8685098271144 -11.1883922183804 -11.3199894928707 -11.3452192057386 -10.7755062188363 -10.0417641760676 -11.5216730334377 -13.5560561522462 -15.2617674422838 -16.2690937097717 -17.7053856887922 -19.1425297286096 -18.6914048064245 -17.609325783985 -15.3198508621006 -12.8672176762255 -11.8161332584749 -10.2439843598854
-9999 -9999 -9999 -9999 -9999 -9999 -1.92645265583822 -6.71728819065939 -2.51465144781478 -0.819571511943712 -1.46286689247994 -1.93253840384834 -0.971491376065047 -2.08341818951599 -3.45495870155392 -4.78938501851355 -4.29646157396453 -4.26489328388621 -3.76416686862409 -3.6277606066012 -3.54714717390347 -3.44364308711797 -3.44182619027616 -3.54373020908205 -3.67556522837081 -3.59306216210681 -3.53927783902928 -3.67555713761416 -3.86726941043847 -4.04169059898937 -4.27133753807704 -4.46806681790111 -4.81775456205915 -5.06550658802719 -5.2700086817783 -5.75631540820456 -6.0592439592581 -6.69142431232985 -7.19986802771478 -7.19803893035492 -7.38656969364613 -6.95461103638925 -6.62912336046045 -6.41333272974367 -8.13018812710644 -10.1468599101592 -11.4831901124099 -12.6523531172872 -13.7669573151158 -14.5410131366725 -14.8658202484063 -13.8092302371349 -12.3097945276736 -10.2569789125546 -8.41062952782742 -6.6598095611518
-9999 -9999 -9999 -9999 -9999 -3.46417217077846 -6.04634801263119 -5.73782125776783 -1.7491121488316 -0.443635484355559 -2.14391294203703 -1.9864180613125 -1.16351042600798 -2.62137939133562 -4.71750987045487 -5.9757335725761 -4.31407852081263 -3.48256260719215 -3.36646634167666 -3.41641853147267 -3.15905108658773 -3.01215199538518 -2.82088734036531 -2.65544867695259 -2.39613980009665 -2.22798263318037 -2.29336912292167 -2.29392273963081 -2.40447603515864 -2.73936715554423 -2.70921893042335 -2.91750227392454 -2.99645495008246 -3.07609350188507 -3.32436914395233 -3.34847855550629 -3.88185804318945 -4.29316365734546 -4.71930492048406 -4.89916318523375 -4.93750381583133 -4.96069345201399 -4.64608758342966 -4.9327640236271 -6.6375691475428 -8.65114012193882 -9.83165786397564 -10.574980391384 -11.4355909478916 -12.439891799575 -13.076620155242 -11.8582673684989 -10.702915928887 -8.871072050047 -7.07960069783409 -5.04999332166155
-9999 -9999 -9999 -9999 -9999 -1.48715520730898 -6.29347357005872 -2.73620889628625 -1.25283088072649 -0.477884088272274 -1.85479217905971 -2.45413207813752 -2.54409455784975 -3.66773101491671 -5.32728612118414 -6.30420914342604 -4.93839053471852 -3.71713671317523 -3.27219062944461 -2.9194101489006 -2.70763423433395 -2.38780734027053 -2.02967192736847 -1.80915839744608 -1.57046624907194 -1.52737189639229 -1.58075246988884 -1.674746136609 -1.8258395069321 -1.98382167938438 -2.12557777121437 -2.12977288644405 -2.16655965406856 -2.16441176726131 -2.11833071906151 -2.245214600652 -2.50926048936559 -2.99168428195278 -3.33912187132526 -3.50956698073299 -3.78604461974712 -4.0056663258287 -4.34405610864424 -4.7254650029127 -5.73264280461754 -7.263331654731 -8.41657663055238 -9.29154404458418 -10.0481940096984 -10.5830103167971 -10.7107423263908 -10.2501292095941 -9.39457517580503 -8.18246884006244 -7.02816354223721 -5.98655160206914
-9999 -9999 -9999 -9999 -9999 -9999 -5.891450975456 -1.53746884288989 -0.551921697098772 -0.486664704062821 -2.04469205530803 -2.59695657206645 -3.66611451776968 -5.11044665725883 -5.99483661215663 -7.9338756662114 -5.32879336741996 -4.26107256615353 -3.62735924093921 -3.05013413260973 -3.05796370124531 -2.36843979816705 -1.94430193517868 -1.57294775091038 -1.25517489467309 -1.32594844695148 -1.32756394426475 -1.50699593016747 -1.59780502103853 -1.67723798405353 -1.92271171424347 -1.75345443706603 -1.74103193403374 -1.62290220714051 -1.4712332346579 -1.53679126296133 -1.71285758862092 -2.14154179275133 -2.48018234192295 -2.66759085081698 -3.12882477313715 -3.47898678687212 -4.11546099060694 -4.58171051531613 -4.92527462597072 -6.35435342681003 -7.32026874133789 -8.25873401169579 -8.96234038889433 -9.43547207054237 -9.44916512259201 -9.27654777893985 -8.83221322211913 -8.14377313496276 -7.67969527395943 -7.25368583233673
-9999 -9999 -9999 -9999 -9999 -9999 -8.17760070301806 -1.97160000141931 -0.65815821631681 -0.754925075018264 -3.02238478064268 -3.54339660015153 -2.70331966409452 -3.12052749711371 -5.18139542222502 -5.08487069702085 -5.69341821411865 -5.30659460692252 -4.94647488140222 -3.80488796461749 -3.1098324528396 -2.95195616645732 -2.80540403558048 -2.44340849662922 -1.75413321175482 -1.50638741187799 -1.69688159705717 -1.98229568567529 -2.09564937637891 -1.93666020050595 -1.79425505708743 -1.75369856179042 -1.66553658436349 -1.5275615296148 -1.37349101056938 -1.35639624607129 -1.58666820383629 -1.95643490218429 -2.22226546255169 -2.38975305112373 -2.69163524998796 -3.12247123243558 -3.66177680267159 -4.09306477365644 -4.43349015183491 -5.30930994485818 -6.3568892950149 -7.35741605390256 -8.17949293397607 -8.85980063506948 -9.28675900601327 -9.07132701023487 -8.84766738834714 -8.59263011057605 -8.49263514971612 -8.45473404222377
-9999 -9999 -9999 -9999 -9999 -9999 -8.98249908121387 -7.87898182457953 0.0822146187692334 -0.786691943325642 -4.12125869563189 -5.60701118033698 -4.47992373977931 -4.35535359490559 -3.45130341863205 -4.18436315355995 -4.17151964571048 -5.6360362741772 -5.44759479378378 -3.90033255724769 -3.37250888477995 -3.62101605344538 -4.25981628237577 -3.83130135854923 -2.47618398339929 -1.90918558696893 -2.10039119129383 -2.69432195347483 -2.71820200410229 -2.18033743462847 -2.02959924384477 -1.85580090274091 -1.91904829403959 -1.7147085398378 -1.45956901378207 -1.47348297642819 -1.57266699548002 -1.98750238557807 -2.16220635741447 -2.1577107166249 -2.43259818297099 -2.72558815180602 -3.22245635336929 -3.58414975422283 -3.9062979859433 -4.4546710585296 -5.36642252055528 -6.43392109299503 -7.32033216684726 -8.11475267532182 -8.97540284567411 -8.66682813483476 -8.72817225229709 -8.77035630180316 -9.01620807331336 -9.4688062447419
-9999 -9999 -9999 -9999 -9999 -9999 -9999 -9999 -14.0364471132792 -0.233551947461082 -4.85938280192188 -7.12081696219535 -3.57354297416542 -4.47282825264724 -5.67382699787451 -4.33382382106778 -4.38386057273051 -4.85160482746029 -4.83568029495475 -4.19844178643207 -3.99687662897029 -4.97736834535006 -6.16775405439635 -5.91437055475843 -4.23363899097782 -3.16941432590058 -3.29714894840113 -3.75596581480929 -3.62987198898869 -3.06493960808326 -2.86151510496799 -2.763376538486 -2.80697369522834 -2.61154427678301 -2.24116019820746 -2.09886465921169 -2.14331614393412 -2.27501818772273 -2.31199100049265 -2.30588200419063 -2.40944847949954 -2.60984428924825 -2.90527765816384 -3.16852155636348 -3.42901044087364 -3.73092801216248 -4.53014730539828 -5.42101940684067 -6.25764449594579 -7.0898000770312 -7.75279964033813 -7.89293762999752 -8.09638508117319 -8.44767278408953 -8.98523880798025 -9.6685516638075
-9999 -9999 -9999 -9999 -9999 -9999 -9999 -9999 -11.6418659592338 -3.28335630931164 -3.70019096124664 -4.46653792046759 -4.02526092659233 -4.60171972373791 -5.65046764366296 -5.73729486021604 -4.47430085457738 -4.13668079691443 -4.33592143025515 -3.74996179431472 -4.7328712252662 -6.03174535206241 -8.05693097712574 -7.86004162298693 -5.55314039324105 -4.54564735023714 -4.542070109359 -5.14731487335701 -4.93579344061482 -3.93401567367742 -3.62087314332739 -3.4603304176606 -3.7361785038402 -3.51863749599368 -2.96472415998187 -2.87482653635195 -2.68568319552474 -2.75448567821238 -2.62644889702828 -2.4540675660987 -2.48689243398021 -2.49489280567669 -2.68540557725532 -2.83005230575179 -3.02016661941994 -3.31651685025189 -3.77595893010031 -4.50974539912671 -5.20819596943102 -5.97102505854841 -6.62368590758396 -6.81421314903762 -7.17492450352453 -7.74968861890635 -8.6048548701624 -9.63696510909842
-9999 -9999 -9999 -9999 -9999 -9999 -9999 -9999 -9999 -10.6952332459706 -0.963656962464973 -0.945735758153216 -4.92488063597833 -6.21924203947956 -6.27078314012554 -7.78790275499082 -5.52244625295159 -4.24828211118162 -4.25864572084004 -4.62417794801949 -5.4464580183945 -7.37528618342474 -9.17031459403375 -9.09776013698863 -7.41768478872023 -6.03539610865405 -5.96449341189219 -6.21163490614656 -6.00975015957814 -5.25668677802468 -4.73856569776168 -4.61318204688333 -4.61965997063721 -4.31492632501529 -3.89921558308097 -3.79979831352252 -3.57165626479025 -3.41997302079989 -3.18000131922683 -2.87057887353964 -2.68885901508797 -2.568260509316 -2.54554250069142 -2.60433411270236 -2.6833771038824 -2.94131946969815 -3.40258828024125 -4.02737469580317 -4.59674833724785 -5.09650795937836 -5.64190205294142 -5.98799381560902 -6.20990148376191 -6.893296104677 -8.08418316977902 -9.41493806737551
-9999 -9999 -9999 -9999 -9999 -9999 -9999 -9999 -9999 -9999 -6.05364340657048 -0.799691092805854 -3.86110837098684 -7.13861991757485 -6.73861087967755 -8.71112195643967 -5.27745777986104 -4.64290442250244 -4.60450448567261 -4.80757858749537 -5.84285823083844 -7.49902088515034 -9.74001405734385 -10.1771641005679 -8.40616615239155 -7.44055045950222 -7.27658333309109 -7.36575054632837 -7.07005572211147 -6.23660173942044 -5.86109274267946 -5.68214037332081 -5.82792250187565 -5.52899184937628 -4.91189859802977 -4.54190527913482 -4.22419798750894 -4.12560243425074 -3.75532893420362 -3.26656456540325 -2.99723154114178 -2.73440115246633 -2.59398900370942 -2.52898586989199 -2.56926326622858 -2.80413035036591 -3.25979012599035 -3.98854882267046 -4.67488073442256 -5.30131833691764 -5.96760504219 -6.32811378316371 -6.73676422486967 -6.96678334816393 -7.7175218996694 -9.06277727206642
-9999 -9999 -9999 -9999 -9999 -9999 -9999 -9999 -9999 -9999 -9999 -5.7756084789845 -2.37466108484145 -8.12728025476621 -9.06903931891282 -9.25884048280552 -5.77903494885206 -6.18257609043576 -5.32299225717936 -4.91517847394393 -5.79353587118889 -7.39393623472021 -9.63310412027487 -10.2145700620842 -9.46225736819977 -8.97034794366582 -8.56902457829832 -8.27721389597358 -7.9452897426262 -7.22188859002328 -7.02058740472886 -6.78447210552441 -6.72027371262145 -6.6115966347077 -6.12081500912587 -5.99683049776975 -5.46606036654506 -5.09591223089358 -4.5747587624818 -3.89846126879034 -3.51164136173045 -3.07024064525624 -2.82785654795425 -2.68754318085155 -2.62031982842454 -2.86404324658832 -3.24856950948698 -3.86723526317558 -4.59733086490166 -5.36904000947551 -6.22423552453182 -6.76393513814444 -7.27889248393779 -7.46506680427165 -7.53223796476306 -8.48430334966331
