meets/meet004/_saidas_enm/CCSM_SVM_21k_Aralia_warmingiana3.asc
NCOLS 154 
NROWS 168 
XLLCORNER -112 
YLLCORNER -55.5 
CELLSIZE 0.5 
NODATA_value -9999 
[rows 100 to 124 of 168, columns 56 to 111 of 154]
-9999 -9999 -9999 -9999 -9999 -9999 -9999 -9999 -9999 -9999 -9999 -9999 -9999 -9999 -9999 -9999 -9999 -9999 -9999 -9999 -9999 -9999 -9999 -9999 -9999 -9999 -9999 -9999 0.122819329908163 0.113207215377744 0.105234605938916 0.119508269042475 0.122319937284625 0.122791668412672 0.120578587969997 0.1103769817966 0.0846849532657212 0.07449526406153 0.0449205196512042 -0.0526122064849143 0.0785691867864894 0.386197666084315 0.399631593937294 0.284523399737357 0.252901040840526 0.273422797659157 0.32726719628197 0.382643807610609 0.474916547140089 0.570674746135768 0.672646700885795 0.755726527646776 0.806651914955177 0.848650322568905 0.877321362430181 0.88090338786955
-9999 -9999 -9999 -9999 -9999 -9999 -9999 -9999 -9999 -9999 -9999 -9999 -9999 -9999 -9999 -9999 -9999 -9999 -9999 -9999 -9999 -9999 -9999 -9999 -9999 -9999 -9999 -9999 0.12277583393219 0.109840570031458 0.110960634598573 0.119946553720358 0.121855758640629 0.122382638593595 0.119433322872288 0.108365222314851 0.0772667337748678 0.0651273778436743 0.0268646738456771 -0.0623133629111052 0.129095613302825 0.313297397175385 0.267785091049445 0.191231921277194 0.197320970538586 0.228972759432887 0.248495576367947 0.263975024705449 0.356015552202719 0.470442894250006 0.658241056958823 0.72396575840511 0.775522611946879 0.8285705663787 0.861262262379347 0.859462881386797
-9999 -9999 -9999 -9999 -9999 -9999 -9999 -9999 -9999 -9999 -9999 -9999 -9999 -9999 -9999 -9999 -9999 -9999 -9999 -9999 -9999 -9999 -9999 -9999 -9999 -9999 -9999 0.123905338547077 0.122851511843049 0.111043866366696 0.109774974227028 0.119246141952443 0.121324104014417 0.121903587047035 0.118111586712352 0.104075830788506 0.0711898147637771 0.0510870139504102 0.00209110500164822 -0.0556995051527647 0.152476557330401 0.224810764099269 0.157905015631643 0.116828020570211 0.148465032051721 0.18857335467415 0.198997272072065 0.214337085853008 0.281657406888812 0.371402909346321 0.524267497613104 0.631939983112649 0.703228293216319 0.776827757540395 0.841654041633965 0.866222334132206
-9999 -9999 -9999 -9999 -9999 -9999 -9999 -9999 -9999 -9999 -9999 -9999 -9999 -9999 -9999 -9999 -9999 -9999 -9999 -9999 -9999 -9999 -9999 -9999 -9999 -9999 -9999 0.123868384875886 0.122911694146426 0.110074389691441 0.109627888278305 0.118703134890934 0.120809804224261 0.121735483531925 0.117137852268122 0.102650964441913 0.067048874881205 0.0431690568082176 -0.0226582829041246 -0.0376613526346006 0.157452719817919 0.167855536640265 0.110500806929376 0.0868244301668289 0.123570250130662 0.165927721938941 0.177702468569091 0.183599080411305 0.226351515200511 0.301146493489812 0.422961164258781 0.544897194908314 0.611926426239457 0.711410440658483 0.813639208933883 0.858891704313301
-9999 -9999 -9999 -9999 -9999 -9999 -9999 -9999 -9999 -9999 -9999 -9999 -9999 -9999 -9999 -9999 -9999 -9999 -9999 -9999 -9999 -9999 -9999 -9999 -9999 -9999 -9999 0.124125363642081 0.12276146363233 0.113201530595985 0.11045677959548 0.118047014985291 0.120773829931993 0.121978710529592 0.116899249137146 0.0987474634232693 0.0639888027296895 0.0436661252558981 -0.0400235171135452 -0.00660120016787613 0.174020105313596 0.161561610830495 0.120084230824576 0.101559081726129 0.12272143700863 0.1568473398255 0.167294158559334 0.175099054893882 0.199574123377472 0.260690282733342 0.376061362443448 0.470968819409575 0.591221003127058 0.693272537900937 0.777417580033619 0.832941876985662
-9999 -9999 -9999 -9999 -9999 -9999 -9999 -9999 -9999 -9999 -9999 -9999 -9999 -9999 -9999 -9999 -9999 -9999 -9999 -9999 -9999 -9999 -9999 -9999 -9999 -9999 -9999 0.124869730574423 0.122495834885255 0.112418913532266 0.110583276496089 0.118315827295911 0.12110850666176 0.122416729607442 0.11704805105785 0.0955746521524324 0.0635018692375625 0.0471312412419283 -0.0271824374990245 0.0337599790674755 0.171341305188276 0.149574703373339 0.125065720422559 0.109075744358483 0.116526131821249 0.136131409671569 0.136360126297715 0.147661234612225 0.166537118178915 0.19948378590149 0.288383226472318 0.385532382888941 0.524016721130616 0.641257483806935 0.733781551742168 0.800295600544441
-9999 -9999 -9999 -9999 -9999 -9999 -9999 -9999 -9999 -9999 -9999 -9999 -9999 -9999 -9999 -9999 -9999 -9999 -9999 -9999 -9999 -9999 -9999 -9999 -9999 -9999 -9999 0.127251066227399 0.121544708883243 0.113296966187049 0.111357449246856 0.118602736961823 0.12162203026747 0.122889777196486 0.117197051231527 0.0937350285650169 0.064755555858929 0.0487717864741557 -0.0164980016078886 0.0763748708067241 0.155242973763255 0.135629596900657 0.11909847106119 0.106191284699575 0.107489322893709 0.101180094859031 0.110861110517588 0.117343781406163 0.125352773929874 0.144038838709281 0.170409958290728 0.268847619353228 0.420804277444495 0.558725303228742 0.664879440600858 0.730869791833324
-9999 -9999 -9999 -9999 -9999 -9999 -9999 -9999 -9999 -9999 -9999 -9999 -9999 -9999 -9999 -9999 -9999 -9999 -9999 -9999 -9999 -9999 -9999 -9999 -9999 -9999 -9999 0.13136064722145 0.11974171510498 0.114432511945942 0.113554840277031 0.118799352515543 0.121883246356519 0.123037648243722 0.117678471569243 0.0958192907087503 0.0661225864616127 0.0493689715548432 -0.000242494728667664 0.115859058641659 0.143535459423354 0.12357813763635 0.114389002207128 0.108311264142765 0.10853978472779 0.10388509008048 0.111772115475164 0.112386575690793 0.11260694493402 0.118599754147522 0.130741730610571 0.20317216877697 0.334841325619347 0.47733258019599 0.60796053528936 0.694283186540856
-9999 -9999 -9999 -9999 -9999 -9999 -9999 -9999 -9999 -9999 -9999 -9999 -9999 -9999 -9999 -9999 -9999 -9999 -9999 -9999 -9999 -9999 -9999 -9999 -9999 -9999 -9999 0.134703361098355 0.118547505558278 0.114702149407039 0.115317016526767 0.118331396855917 0.121695847626505 0.122985600382062 0.116842888559733 0.0988130931407039 0.061710377083239 0.0515793159783519 0.0255642009280461 0.138603075883331 0.130043490673676 0.114540875925916 0.113954150768925 0.113736792502816 0.118579227845105 0.12885811723997 0.127525645823374 0.133558872837043 0.12571358330678 0.11172433506058 0.119752745970924 0.17619082442876 0.295837626231951 0.416563324190191 0.544644230041676 0.661509683800589
-9999 -9999 -9999 -9999 -9999 -9999 -9999 -9999 -9999 -9999 -9999 -9999 -9999 -9999 -9999 -9999 -9999 -9999 -9999 -9999 -9999 -9999 -9999 -9999 -9999 -9999 -9999 0.133261939873618 0.119152598150214 0.115190655554083 0.114453108939155 0.116621127495826 0.12040211530957 0.122111510479059 0.11272533507933 0.091066486930903 0.0591676094484732 0.056512358409548 0.0751431554151214 0.143944956855667 0.115752721158668 0.10583483217235 0.108883911554432 0.111699396532834 0.115539263010482 0.122540628006401 0.124211498651883 0.124324284816295 0.117837853440031 0.110701075442523 0.124613323921479 0.175335331714223 0.268556668469153 0.374628072295897 0.497822842115959 0.622290385322653
-9999 -9999 -9999 -9999 -9999 -9999 -9999 -9999 -9999 -9999 -9999 -9999 -9999 -9999 -9999 -9999 -9999 -9999 -9999 -9999 -9999 -9999 -9999 -9999 -9999 -9999 0.127892426766468 0.130579471627489 0.119523750360894 0.114326013121863 0.113913006060878 0.113677417515334 0.117889058437092 0.119211948791021 0.102581492739998 0.078172140137911 0.0737703116575291 0.0856414763533091 0.11495714364321 0.116574771533416 0.0959218863954036 0.0953845248225685 0.100596762296225 0.104256971847903 0.103293598846977 0.104697961524322 0.100531536725746 0.0969801118729431 0.094840715727021 0.106523561808219 0.130680943192401 0.170838734362032 0.247017689638583 0.334621801864956 0.448143163361473 0.552578005700485
-9999 -9999 -9999 -9999 -9999 -9999 -9999 -9999 -9999 -9999 -9999 -9999 -9999 -9999 -9999 -9999 -9999 -9999 -9999 -9999 -9999 -9999 -9999 -9999 -9999 -9999 0.127719838681811 0.126108002049172 0.118008317724662 0.11265698180192 0.110964739961577 0.111846725115484 0.11500507493406 0.111773697582117 0.0891179628039949 0.0669021698768913 0.0820900707868232 0.0956048502352088 0.114555541661724 0.0960674768754745 0.0860899772033004 0.0877862113513634 0.0897960543047409 0.0910987126971212 0.0883828431940313 0.0851681778710869 0.081769367527519 0.0830291952056371 0.0862479406380106 0.0977605373938599 0.124581600281347 0.172360811969997 0.244592330679784 0.330009616491394 0.41302716130243 0.50876477605131
-9999 -9999 -9999 -9999 -9999 -9999 -9999 -9999 -9999 -9999 -9999 -9999 -9999 -9999 -9999 -9999 -9999 -9999 -9999 -9999 -9999 -9999 -9999 -9999 -9999 -9999 0.128059638981113 0.121579453492898 0.113343564959067 0.10978965097724 0.111464275192174 0.109804265313685 0.110899243740358 0.0983620639534307 0.0720042860646862 0.0640156254666322 0.0816505417519595 0.104392930271547 0.0997997984277605 0.0911894292957861 0.0874216712116562 0.085856471075861 0.0836955053626768 0.0816515608383993 0.0760059889868231 0.0718908192346305 0.067470811452558 0.0725597028502085 0.0819260791530076 0.0923864016817972 0.112084275181188 0.159742063559289 0.239422269646908 0.306913016210692 0.36809160056526 0.447420883831728
-9999 -9999 -9999 -9999 -9999 -9999 -9999 -9999 -9999 -9999 -9999 -9999 -9999 -9999 -9999 -9999 -9999 -9999 -9999 -9999 -9999 -9999 -9999 -9999 -9999 -9999 0.125901776807285 0.116558554809011 0.108906001790265 0.105491911840445 0.102005774854131 0.101437984818353 0.0917647129290131 0.0656576953860716 0.0679490357981452 0.0962710099679672 0.109416439953077 0.102445062635821 0.0930792791095056 0.0916428115201634 0.0918895044255807 0.0872816801622138 0.0817282434370147 0.0768216685618995 0.069247427754166 0.0611335169806022 0.0549373941004902 0.0623725420077598 0.0751374958249328 0.0864422032869878 0.104036815169423 0.140507858313775 0.197386903145208 0.253585171745743 0.301057963724316 0.350231804402003
-9999 -9999 -9999 -9999 -9999 -9999 -9999 -9999 -9999 -9999 -9999 -9999 -9999 -9999 -9999 -9999 -9999 -9999 -9999 -9999 -9999 -9999 -9999 -9999 -9999 0.144191677167144 0.12155972309991 0.112357042222929 0.108841113271953 0.100152943061521 0.0974134724650757 0.0871871600623362 0.0629585416447773 0.052238122099375 0.101005580437481 0.130165013132561 0.120257048278476 0.0940443327160807 0.0910811567813563 0.0937495070593671 0.0987340548097693 0.0894179345342554 0.0820076428474509 0.0763386855656383 0.0692299772323676 0.068561188544399 0.0500777829140525 0.053747971223032 0.0693383712716713 0.079630432361557 0.0911233664296371 0.116133816103264 0.150392551257645 0.188529264486202 0.225253236025938 0.251208791355747
-9999 -9999 -9999 -9999 -9999 -9999 -9999 -9999 -9999 -9999 -9999 -9999 -9999 -9999 -9999 -9999 -9999 -9999 -9999 -9999 -9999 -9999 -9999 -9999 -9999 0.132040627987724 0.11713464035257 0.10818531273244 0.105453893911704 0.0954201095017498 0.0883245036797901 0.0745101921971363 0.0563583453532676 0.0741378984865002 0.114622367597994 0.11620929115472 0.10558340126773 0.0929418248678771 0.0925170200961305 0.0927642835977754 0.0936752900930346 0.0871353810275499 0.0802100591365585 0.0748087269185725 0.0705681768316168 0.0651055324274898 0.0463894813748608 0.0457305517379901 0.0579075914774804 0.0681203387560308 0.0768987317419358 0.0968133987250737 0.119109725877509 0.142665674302303 0.162490538080477 0.170283269334937
-9999 -9999 -9999 -9999 -9999 -9999 -9999 -9999 -9999 -9999 -9999 -9999 -9999 -9999 -9999 -9999 -9999 -9999 -9999 -9999 -9999 -9999 -9999 -9999 -9999 0.127839122910651 0.113267637680195 0.106151946668472 0.104392982438057 0.089174492031516 0.0834081588997888 0.0668664125263718 0.0616690624803175 0.0817745008818259 0.0975660490488818 0.0981957417342791 0.0924437334314588 0.0875165203404777 0.0887749648566874 0.0889515373906806 0.088942045261538 0.0833718117516009 0.0770328048562701 0.0714898242340805 0.0647920490683717 0.0623726077626381 0.0449272447247814 0.0446410168316787 0.0528823949098829 0.0590444460620771 0.0647756090559529 0.0797714250986741 0.0947802307118705 0.108373770048512 0.115124798895886 0.11630183560587
-9999 -9999 -9999 -9999 -9999 -9999 -9999 -9999 -9999 -9999 -9999 -9999 -9999 -9999 -9999 -9999 -9999 -9999 -9999 -9999 -9999 -9999 -9999 -9999 -9999 0.124983263720536 0.110279986332774 0.101829022202965 0.0974024047329022 0.0791483228911108 0.0696056863574362 0.06320775558675 0.0651188722211764 0.0744425268516918 0.0841520081997314 0.0888895727549739 0.0842828489216868 0.0773445292583989 0.0778978091055377 0.0800910165282199 0.0811509062947122 0.0771127922506144 0.0732477778669396 0.0692682974685846 0.0611832723441517 0.052867110667276 0.046442687236313 0.0462397936155858 0.0497533917545254 0.0539109200816887 0.0594128650773765 0.0700999369201506 0.079293979287246 0.0867062261124816 0.0882175093860565 0.0806668096075552
-9999 -9999 -9999 -9999 -9999 -9999 -9999 -9999 -9999 -9999 -9999 -9999 -9999 -9999 -9999 -9999 -9999 -9999 -9999 -9999 -9999 -9999 -9999 -9999 -9999 0.121587871613207 0.106993119442191 0.0985898129813505 0.0931240212249735 0.0713987318109084 0.0629416993154325 0.060293088606009 0.0669976634318392 0.0723361775864586 0.0797872393801257 0.0864003216375918 0.0812990763948448 0.0727218807963022 0.0720775785466484 0.0741984672854598 0.0756434649840415 0.0728203537079185 0.0721962727587766 0.0712061956912037 0.0648068664804793 0.0611733562007131 0.0537854672465855 0.0497482217365688 0.0494778120957193 0.0511302380523821 0.0561186661538287 0.0617920762969072 0.0684447590968397 0.0725664940635754 0.0711089725511419 0.0654284200231034
-9999 -9999 -9999 -9999 -9999 -9999 -9999 -9999 -9999 -9999 -9999 -9999 -9999 -9999 -9999 -9999 -9999 -9999 -9999 -9999 -9999 -9999 -9999 -9999 -9999 0.119232651187837 0.103748107678535 0.0967083506454112 0.089367474375511 0.0677986376296777 0.0583029564733105 0.0600402698706153 0.0655921612742473 0.0701615144592113 0.0782830009080904 0.0855967240827455 0.0793614068314285 0.0724871991986499 0.0708880704416651 0.0709448861070345 0.0710022596191014 0.0704525571088992 0.0742560343900821 0.0758031980032549 0.0702577062691268 0.0629800509009886 0.0573530684176562 0.0532260693317935 0.0505201960125805 0.0511404508032418 0.0546144778569516 0.0590142381309903 0.0632176511318478 0.0655527908739856 0.0660065294457774 0.0623912502409422
-9999 -9999 -9999 -9999 -9999 -9999 -9999 -9999 -9999 -9999 -9999 -9999 -9999 -9999 -9999 -9999 -9999 -9999 -9999 -9999 -9999 -9999 -9999 -9999 -9999 0.117021209805745 0.0990344013081874 0.0966946833607111 0.0913068594314749 0.0684417368953409 0.0573084768172039 0.0593618616295551 0.0654268085766205 0.0688381606959483 0.0739009044238602 0.0794673443481297 0.0749237669215775 0.0705112687639263 0.0694724634124714 0.0685229780280062 0.068629899423737 0.0699370559857075 0.0763354651826159 0.0778839556964304 0.0706042305138513 0.0643099773478042 0.0589777070432059 0.0548335005211898 0.0518352463206677 0.0520595383883575 0.0538862856396829 0.0554334243293115 0.0591786120898147 0.0613658431241242 0.062560889164352 0.0618586694100883
-9999 -9999 -9999 -9999 -9999 -9999 -9999 -9999 -9999 -9999 -9999 -9999 -9999 -9999 -9999 -9999 -9999 -9999 -9999 -9999 -9999 -9999 -9999 -9999 -9999 0.113996347697487 0.0951217960146089 0.0960500080776419 0.0944850103938378 0.072471541832176 0.0580564417725037 0.0630342212815195 0.0696723955633451 0.0702720308650882 0.0696147212461068 0.0695234075177969 0.0691615240528545 0.0688129747050709 0.0692566399194814 0.0673444197580512 0.0668290339973509 0.06962356438745 0.0754845343361046 0.0765186658899391 0.0715255572985606 0.0643733294497741 0.0602277332796752 0.0573881432249827 0.0542291989120006 0.0537068559304407 0.054356029066351 0.0556495522974194 0.0569721333549061 0.0582187303836973 0.0612970898273463 0.0618041948949997
-9999 -9999 -9999 -9999 -9999 -9999 -9999 -9999 -9999 -9999 -9999 -9999 -9999 -9999 -9999 -9999 -9999 -9999 -9999 -9999 -9999 -9999 -9999 -9999 -9999 0.110279970011545 0.0897021323474713 0.0949011241517709 0.0978058462740285 0.0781891202674965 0.0636445101775482 0.0686144368939137 0.0762576977637062 0.0757152818342404 0.0723290401992303 0.0702647878196896 0.0687592416437069 0.0687775495009834 0.0691069524222803 0.0663986193983632 0.0657269694971643 0.0682278050753505 0.0737994878613192 0.0747705529037342 0.0686970744795359 0.0633375474550836 0.0604884180331575 0.0589576749406385 0.0577131549246265 0.0569176383436374 0.056479561370692 0.0563202896467748 0.0578809981979053 0.0625736879598867 0.0654375075046733 0.0688022554975669
-9999 -9999 -9999 -9999 -9999 -9999 -9999 -9999 -9999 -9999 -9999 -9999 -9999 -9999 -9999 -9999 -9999 -9999 -9999 -9999 -9999 -9999 -9999 -9999 -9999 0.108788584871645 0.0881689340917761 0.0956329378821725 0.0998834930169782 0.0826354549252822 0.0733007932085827 0.0767171072300669 0.0814387392931533 0.080726989488896 0.073609688053236 0.0679208070966552 0.0680678763495575 0.0674071158571277 0.067218476133217 0.0655095560700837 0.0647079094099062 0.0663950284368514 0.0714257469014303 0.0719988406789149 0.0668379809212012 0.0620386398559024 0.059684980498744 0.0606704452153366 0.0590944927238669 0.0589714503322535 0.0590657606472543 0.0572171375373784 0.0636388344278024 0.064414548567549 0.0687089746727657 0.0782949082731642
-9999 -9999 -9999 -9999 -9999 -9999 -9999 -9999 -9999 -9999 -9999 -9999 -9999 -9999 -9999 -9999 -9999 -9999 -9999 -9999 -9999 -9999 -9999 -9999 0.113233097315342 0.107314730985874 0.0849377430338973 0.0984041402508625 0.102788609370013 0.0857072295340766 0.0728438677481809 0.0774616544287996 0.0852558876848474 0.0854517687929808 0.0776135934291022 0.0710272394221085 0.0698658909598182 0.0691951651628291 0.0687450932787237 0.0665625024620978 0.0660932779236547 0.0665973742466898 0.0693077219002228 0.0691684349870822 0.0646436776951043 0.0596495480378482 0.0582576872606997 0.0585518254282765 0.0566433183044042 0.0543748798107351 0.0535333390205193 0.0566293261415127 0.0646689958058233 0.0666255199284209 0.0660424499225908 0.0720470018757744
