meets/meet004/_saidas_enm/CCSM_Maxent_21k_Cavanillesia_umbellata1.asc
NCOLS 154 
NROWS 168 
XLLCORNER -112 
YLLCORNER -55.5 
CELLSIZE 0.5 
NODATA_value -9999 
[rows 75 to 99 of 168, columns 56 to 111 of 154]
-9999 -9999 -9999 -9999 -9999 -9999 -9999 -9999 -9999 -9999 -9999 0.0892137438058853 0.0878712683916092 0.125830993056297 0.141226246953011 0.174156531691551 0.226228535175323 0.303602874279022 0.203967392444611 0.2043197453022 0.220488265156746 0.314879894256592 0.324990421533585 0.323572129011154 0.336442708969116 0.34577003121376 0.361574202775955 0.361714363098145 0.370481908321381 0.376997828483582 0.376958101987839 0.380451381206512 0.375937938690186 0.373224288225174 0.366360455751419 0.356912970542908 0.362102478742599 0.363571882247925 0.374142706394196 0.387502402067184 0.395297646522522 0.413787424564362 0.423545658588409 0.43703892827034 0.432267934083939 0.42445096373558 0.416356235742569 0.40694472193718 0.377930641174316 0.348279118537903 0.318814039230347 0.299784868955612 0.28337836265564 0.266490280628204 0.248631373047829 0.218856498599052
-9999 -9999 -9999 -9999 -9999 -9999 -9999 -9999 -9999 -9999 -9999 0.1076705083251 0.161320492625237 0.143017947673798 0.143808409571648 0.158163517713547 0.206792652606964 0.279783964157104 0.344796538352966 0.238275811076164 0.206171631813049 0.216984078288078 0.303281486034393 0.32328799366951 0.330271929502487 0.33525076508522 0.348033279180527 0.352351874113083 0.360455244779587 0.363959640264511 0.364743173122406 0.369442820549011 0.371246486902237 0.368221253156662 0.354257613420486 0.344904094934464 0.341966181993484 0.342935234308243 0.348454296588898 0.349941521883011 0.361200034618378 0.384229928255081 0.399300873279572 0.408727914094925 0.406680762767792 0.388365477323532 0.374866962432861 0.357599496841431 0.33583390712738 0.314867228269577 0.295894742012024 0.275542140007019 0.260633528232574 0.248648777604103 0.247021779417992 0.256624430418015
-9999 -9999 -9999 -9999 -9999 -9999 -9999 -9999 -9999 -9999 -9999 -9999 0.109141729772091 0.157004281878471 0.147613018751144 0.152379259467125 0.172711119055748 0.210923045873642 0.253816366195679 0.305974423885345 0.246555730700493 0.240309700369835 0.226125240325928 0.223058924078941 0.32389909029007 0.321792662143707 0.331422388553619 0.349017560482025 0.361373692750931 0.365907460451126 0.360847115516663 0.371121287345886 0.371061205863953 0.36837050318718 0.356389105319977 0.342170894145966 0.33258906006813 0.327097326517105 0.328830301761627 0.330626904964447 0.340461611747742 0.369130671024323 0.391085028648376 0.394977897405624 0.37659415602684 0.347643196582794 0.327944129705429 0.308642268180847 0.291568368673325 0.281036287546158 0.267752230167389 0.250194489955902 0.235087648034096 0.231517761945724 0.237107068300247 0.246096476912498
-9999 -9999 -9999 -9999 -9999 -9999 -9999 -9999 -9999 -9999 -9999 -9999 0.0927939191460609 0.174878671765327 0.156615540385246 0.142537474632263 0.139515921473503 0.139954835176468 0.160702541470528 0.213199526071548 0.281746387481689 0.234237402677536 0.242343381047249 0.226608544588089 0.305760085582733 0.294333845376968 0.323625236749649 0.349446147680283 0.363579779863358 0.37365311384201 0.355169206857681 0.370119452476501 0.369428485631943 0.364078909158707 0.354649215936661 0.346813499927521 0.325255483388901 0.31116858124733 0.308053612709045 0.306815207004547 0.32110595703125 0.351603776216507 0.387428820133209 0.389720290899277 0.354746103286743 0.31480872631073 0.287692576646805 0.263115346431732 0.246423423290253 0.241818651556969 0.239942580461502 0.221863761544228 0.211342453956604 0.210405811667442 0.21358335018158 0.215895250439644
-9999 -9999 -9999 -9999 -9999 -9999 -9999 -9999 -9999 -9999 -9999 -9999 -9999 0.0910984054207802 0.161274999380112 0.126205116510391 0.111843220889568 0.0993529409170151 0.107728153467178 0.129637077450752 0.163193851709366 0.231230214238167 0.3295918405056 0.31273427605629 0.300273716449738 0.290629595518112 0.317671746015549 0.325619101524353 0.337100058794022 0.354701489210129 0.358105182647705 0.367275089025497 0.36910092830658 0.369352638721466 0.367000102996826 0.34511399269104 0.336109906435013 0.315672487020493 0.303870767354965 0.292403101921082 0.294320285320282 0.324313819408417 0.357136428356171 0.362510710954666 0.340345084667206 0.301266133785248 0.260799825191498 0.225605338811874 0.20565390586853 0.202346280217171 0.203405737876892 0.199734315276146 0.192220702767372 0.18963885307312 0.191814661026001 0.184865102171898
-9999 -9999 -9999 -9999 -9999 -9999 -9999 -9999 -9999 -9999 -9999 -9999 -9999 0.237587809562683 0.169170185923576 0.108734831213951 0.0967964604496956 0.0726122111082077 0.0710522681474686 0.0873097106814384 0.102225258946419 0.151242017745972 0.257361084222794 0.317184656858444 0.318706721067429 0.28794327378273 0.323246687650681 0.315563380718231 0.230348214507103 0.248208627104759 0.330030173063278 0.368329137563705 0.388277143239975 0.388522624969482 0.391389608383179 0.356332868337631 0.369535475969315 0.342248052358627 0.319023549556732 0.287177205085754 0.26142093539238 0.28439062833786 0.322511851787567 0.327392011880875 0.314680159091949 0.295408248901367 0.238735288381577 0.19208388030529 0.170422837138176 0.170939341187477 0.174233675003052 0.172992795705795 0.171635761857033 0.172716066241264 0.169073387980461 0.134210780262947
-9999 -9999 -9999 -9999 -9999 -9999 -9999 -9999 -9999 -9999 -9999 -9999 -9999 -9999 0.201801136136055 0.139618083834648 0.104771830141544 0.0783094987273216 0.0642437934875488 0.0716964080929756 0.0905053466558456 0.130272448062897 0.18616983294487 0.229279890656471 0.255859702825546 0.301759660243988 0.337972342967987 0.333349078893661 0.306450217962265 0.243531569838524 0.259603500366211 0.29010945558548 0.404686391353607 0.444359421730042 0.448191374540329 0.445509523153305 0.456213980913162 0.44068056344986 0.402206808328629 0.340330123901367 0.280990213155746 0.276867002248764 0.277432143688202 0.275982826948166 0.279430687427521 0.256239652633667 0.219866797327995 0.178444653749466 0.158698126673698 0.156247586011887 0.154573947191238 0.156250730156898 0.153871342539787 0.15288333594799 0.134933724999428 0.111049495637417
-9999 -9999 -9999 -9999 -9999 -9999 -9999 -9999 -9999 -9999 -9999 -9999 -9999 -9999 0.221993386745453 0.180351540446281 0.126762628555298 0.0864742994308472 0.0701838657259941 0.0654736831784248 0.0763196125626564 0.0999813601374626 0.138512596487999 0.16497839987278 0.184599131345749 0.224571123719215 0.244657501578331 0.314042985439301 0.379919022321701 0.290986210107803 0.286295056343079 0.309913963079453 0.335498094558716 0.483712255954742 0.526193737983704 0.556631088256836 0.570206105709076 0.575301945209503 0.524010121822357 0.431155383586884 0.315351128578186 0.298960447311401 0.258370757102966 0.239769920706749 0.24518983066082 0.235708728432655 0.210106194019318 0.174684673547745 0.15815232694149 0.15709288418293 0.14471010863781 0.151154294610023 0.143659472465515 0.12882587313652 0.111194968223572 0.103662595152855
-9999 -9999 -9999 -9999 -9999 -9999 -9999 -9999 -9999 -9999 -9999 -9999 -9999 -9999 -9999 0.111003622412682 0.0916629582643509 0.102265790104866 0.0786360502243042 0.0632883235812187 0.0631933584809303 0.070868968963623 0.0861216709017754 0.104215182363987 0.125665619969368 0.146837085485458 0.170557305216789 0.197170928120613 0.227910116314888 0.273598372936249 0.371067494153976 0.31797581911087 0.325876116752625 0.374628603458405 0.500162780284882 0.521768271923065 0.518153607845306 0.513387084007263 0.601510167121887 0.570274531841278 0.51232498884201 0.390845060348511 0.270215898752213 0.218506798148155 0.217833518981934 0.221379011869431 0.207201778888702 0.189120903611183 0.180650487542152 0.183007702231407 0.18111789226532 0.175930991768837 0.152733340859413 0.126881062984467 0.108195066452026 0.0897108018398285
-9999 -9999 -9999 -9999 -9999 -9999 -9999 -9999 -9999 -9999 -9999 -9999 -9999 -9999 -9999 0.336599141359329 0.0930700302124023 0.121712207794189 0.0895178020000458 0.0665692687034607 0.0619946531951427 0.0696040093898773 0.0756066218018532 0.0802147760987282 0.0938666239380836 0.108591392636299 0.124148495495319 0.155204147100449 0.167605862021446 0.185603827238083 0.234794050455093 0.318278908729553 0.274177670478821 0.320542335510254 0.529199421405792 0.515987396240234 0.519705653190613 0.518756151199341 0.513581871986389 0.503202259540558 0.486250311136246 0.514873266220093 0.292086482048035 0.198353573679924 0.196613326668739 0.212272420525551 0.205409541726112 0.204342037439346 0.206509932875633 0.216815426945686 0.228950887918472 0.221449360251427 0.177621811628342 0.149429872632027 0.122344106435776 0.096540242433548
-9999 -9999 -9999 -9999 -9999 -9999 -9999 -9999 -9999 -9999 -9999 -9999 -9999 -9999 -9999 0.429615080356598 0.0905858799815178 0.0726617127656937 0.0587652213871479 0.0889679417014122 0.0671534240245819 0.0701736807823181 0.0703768283128738 0.0728144720196724 0.0755852460861206 0.0835886597633362 0.0912803262472153 0.100668348371983 0.106439933180809 0.12561622262001 0.165072187781334 0.165317729115486 0.223830729722977 0.251573294401169 0.441284954547882 0.550184905529022 0.582115292549133 0.517170548439026 0.520118415355682 0.518952012062073 0.509269893169403 0.571827530860901 0.299905568361282 0.192717730998993 0.174285188317299 0.18979300558567 0.205310955643654 0.220062553882599 0.237434238195419 0.256170719861984 0.265386164188385 0.278029561042786 0.24841083586216 0.221135079860687 0.190548256039619 0.170232713222504
-9999 -9999 -9999 -9999 -9999 -9999 -9999 -9999 -9999 -9999 -9999 -9999 -9999 -9999 -9999 -9999 0.337082624435425 0.0615496784448624 0.0554523542523384 0.0599472187459469 0.0326079092919827 0.0439814180135727 0.0521213933825493 0.0676815956830978 0.066568598151207 0.0653595775365829 0.0686791688203812 0.0707938373088837 0.0703444480895996 0.0842899605631828 0.114416100084782 0.171105191111565 0.17916701734066 0.287377297878265 0.358723282814026 0.429792374372482 0.451976507902145 0.540453255176544 0.490277051925659 0.501920998096466 0.505569815635681 0.499746054410934 0.253498315811157 0.176059976220131 0.168805599212646 0.186555176973343 0.225746169686317 0.257260948419571 0.29221647977829 0.324389696121216 0.332437843084335 0.363308995962143 0.349022001028061 0.32040736079216 0.283144563436508 0.26529997587204
-9999 -9999 -9999 -9999 -9999 -9999 -9999 -9999 -9999 -9999 -9999 -9999 -9999 -9999 -9999 -9999 -9999 0.332098752260208 0.0893648713827133 0.0462222993373871 0.032044030725956 0.0418607927858829 0.0821483507752419 0.0666498318314552 0.0656643211841583 0.0634718835353851 0.061980627477169 0.0601769350469112 0.0586519278585911 0.0611734390258789 0.0824889466166496 0.125872507691383 0.182592779397964 0.256980508565903 0.334664076566696 0.30582070350647 0.343375474214554 0.369040161371231 0.390620499849319 0.418070763349533 0.356266111135483 0.308628886938095 0.221574127674103 0.188411682844162 0.200182259082794 0.232125237584114 0.272611945867538 0.326665133237839 0.378084570169449 0.420243173837662 0.467354863882065 0.458045989274979 0.422558635473251 0.384618490934372 0.342672914266586 0.317694544792175
-9999 -9999 -9999 -9999 -9999 -9999 -9999 -9999 -9999 -9999 -9999 -9999 -9999 -9999 -9999 -9999 -9999 -9999 -9999 0.0927370488643646 0.0338577665388584 0.0397362895309925 0.044525358825922 0.0418940559029579 0.0596058145165443 0.0662632659077644 0.0661628469824791 0.0590864084661007 0.0538594238460064 0.057975560426712 0.0649651139974594 0.0963811650872231 0.137866273522377 0.185374557971954 0.249495774507523 0.28888988494873 0.297746747732162 0.273969143629074 0.263899087905884 0.258980274200439 0.202996984124184 0.231911346316338 0.221978142857552 0.220255091786385 0.250673890113831 0.27183586359024 0.303367495536804 0.361606508493423 0.420429795980453 0.477748155593872 0.540946245193481 0.525017023086548 0.48777848482132 0.435830146074295 0.377393335103989 0.347735047340393
-9999 -9999 -9999 -9999 -9999 -9999 -9999 -9999 -9999 -9999 -9999 -9999 -9999 -9999 -9999 -9999 -9999 -9999 -9999 -9999 -9999 0.0822165980935097 0.0372487716376781 0.0338131487369537 0.0338874757289886 0.0581672973930836 0.0655603036284447 0.0643053725361824 0.0639290288090706 0.058872677385807 0.0605814680457115 0.0734021365642548 0.106659546494484 0.142758756875992 0.181468307971954 0.240332245826721 0.322537839412689 0.263435155153275 0.233287200331688 0.254599392414093 0.285651028156281 0.285920828580856 0.284778833389282 0.301702052354813 0.296251207590103 0.303984940052032 0.323812037706375 0.337504029273987 0.386028319597244 0.483563095331192 0.542145371437073 0.535040676593781 0.50433075428009 0.467162042856216 0.395618677139282 0.330982863903046
-9999 -9999 -9999 -9999 -9999 -9999 -9999 -9999 -9999 -9999 -9999 -9999 -9999 -9999 -9999 -9999 -9999 -9999 -9999 -9999 -9999 -9999 -9999 0.0894609838724136 0.0513101704418659 0.0395257398486137 0.0331403873860836 0.0360355339944363 0.0617187768220901 0.0619824342429638 0.0600749924778938 0.0646567121148109 0.0791318416595459 0.102240823209286 0.129853636026382 0.166993334889412 0.209714874625206 0.291787415742874 0.297948092222214 0.312690168619156 0.351146161556244 0.363891988992691 0.387882381677628 0.390311479568481 0.37618699669838 0.362319976091385 0.355381280183792 0.360295563936234 0.398570775985718 0.481146037578583 0.537274897098541 0.529481053352356 0.497787237167358 0.473776340484619 0.440827578306198 0.384931743144989
-9999 -9999 -9999 -9999 -9999 -9999 -9999 -9999 -9999 -9999 -9999 -9999 -9999 -9999 -9999 -9999 -9999 -9999 -9999 -9999 -9999 -9999 -9999 -9999 -9999 0.0443519167602062 0.0329780504107475 0.0397524163126945 0.0240224823355675 0.0530210137367249 0.0617531724274158 0.0658805444836617 0.0649810805916786 0.0699843987822533 0.0864369720220566 0.106940723955631 0.140278786420822 0.178321689367294 0.251045733690262 0.325846582651138 0.345403403043747 0.395566672086716 0.469708740711212 0.4943807721138 0.465764820575714 0.445676654577255 0.423771977424622 0.433410972356796 0.449764937162399 0.497812777757645 0.538585901260376 0.52357405424118 0.484742790460587 0.471073657274246 0.476990789175034 0.47095599770546
-9999 -9999 -9999 -9999 -9999 -9999 -9999 -9999 -9999 -9999 -9999 -9999 -9999 -9999 -9999 -9999 -9999 -9999 -9999 -9999 -9999 -9999 -9999 -9999 -9999 0.122468754649162 0.0434792302548885 0.0428347438573837 0.0406286008656025 0.022312069311738 0.0377449057996273 0.0428475737571716 0.065963476896286 0.0631416067481041 0.0668191388249397 0.0797578245401382 0.103279061615467 0.129872709512711 0.170237600803375 0.251785427331924 0.289142578840256 0.372462540864944 0.498351514339447 0.539038479328156 0.533493638038635 0.493351638317108 0.463299214839935 0.457339823246002 0.455975264310837 0.478090912103653 0.502263128757477 0.492300927639008 0.476925075054169 0.480174899101257 0.497190445661545 0.495406866073608
-9999 -9999 -9999 -9999 -9999 -9999 -9999 -9999 -9999 -9999 -9999 -9999 -9999 -9999 -9999 -9999 -9999 -9999 -9999 -9999 -9999 -9999 -9999 -9999 -9999 -9999 -9999 0.0470909997820854 0.0436817184090614 0.0148799046874046 0.00337097607553005 0.012933038175106 0.0224199090152979 0.0399671159684658 0.0669835135340691 0.0654479786753654 0.0837237909436226 0.102190472185612 0.1330875903368 0.19775527715683 0.197575226426125 0.319181889295578 0.482753306627274 0.542865872383118 0.538118004798889 0.509657084941864 0.485642731189728 0.439928382635117 0.421717375516891 0.439779698848724 0.440169900655746 0.464106529951096 0.475476562976837 0.489671885967255 0.515726983547211 0.503304541110992
-9999 -9999 -9999 -9999 -9999 -9999 -9999 -9999 -9999 -9999 -9999 -9999 -9999 -9999 -9999 -9999 -9999 -9999 -9999 -9999 -9999 -9999 -9999 -9999 -9999 -9999 -9999 0.0765722468495369 0.0405975058674812 0.016920417547226 0.00929376110434532 0.00991532579064369 0.0191590134054422 0.0295496303588152 0.0417223200201988 0.0479145534336567 0.0799430757761002 0.0917286351323128 0.128484159708023 0.159313276410103 0.156671926379204 0.238478064537048 0.386978685855865 0.495596468448639 0.53235399723053 0.525726854801178 0.510565876960754 0.460263937711716 0.429010689258575 0.41823822259903 0.425093531608582 0.461992412805557 0.433489292860031 0.455459803342819 0.521203637123108 0.492868304252625
-9999 -9999 -9999 -9999 -9999 -9999 -9999 -9999 -9999 -9999 -9999 -9999 -9999 -9999 -9999 -9999 -9999 -9999 -9999 -9999 -9999 -9999 -9999 -9999 -9999 -9999 -9999 -9999 0.0522920526564121 0.0260948985815048 0.02687500230968 0.018931295722723 0.0329551920294762 0.0448918677866459 0.0447505414485931 0.0475503765046597 0.0730972811579704 0.0875732824206352 0.12193550914526 0.120348826050758 0.128322675824165 0.165044412016869 0.225657418370247 0.325676023960114 0.442118465900421 0.536885201931 0.526946425437927 0.490403443574905 0.462285131216049 0.427148282527924 0.414862275123596 0.474635064601898 0.438762843608856 0.456552237272263 0.507164299488068 0.472755670547485
-9999 -9999 -9999 -9999 -9999 -9999 -9999 -9999 -9999 -9999 -9999 -9999 -9999 -9999 -9999 -9999 -9999 -9999 -9999 -9999 -9999 -9999 -9999 -9999 -9999 -9999 -9999 -9999 0.0633167251944542 0.0268975552171469 0.0368473492562771 0.0325126424431801 0.0454078167676926 0.0460937991738319 0.0502857901155949 0.0504574663937092 0.0637624338269234 0.0804217308759689 0.091843917965889 0.0893284529447556 0.0859414935112 0.108202420175076 0.14826725423336 0.211726009845734 0.284508854150772 0.369654059410095 0.462382078170776 0.529423713684082 0.530003428459167 0.452552109956741 0.417983055114746 0.471079558134079 0.468745321035385 0.523232340812683 0.497615665197372 0.422119051218033
-9999 -9999 -9999 -9999 -9999 -9999 -9999 -9999 -9999 -9999 -9999 -9999 -9999 -9999 -9999 -9999 -9999 -9999 -9999 -9999 -9999 -9999 -9999 -9999 -9999 -9999 -9999 -9999 0.0574446022510529 0.0303447209298611 0.0324810370802879 0.0394236482679844 0.0427823215723038 0.0435952208936214 0.0488277859985828 0.0486445315182209 0.0598250068724155 0.0675184577703476 0.0700390860438347 0.0644462555646896 0.0547643005847931 0.0742604583501816 0.100632078945637 0.13753479719162 0.160782411694527 0.180196300148964 0.331997364759445 0.533272802829742 0.559624254703522 0.477831900119781 0.372295796871185 0.469997674226761 0.533548951148987 0.513917565345764 0.468123465776443 0.376396954059601
-9999 -9999 -9999 -9999 -9999 -9999 -9999 -9999 -9999 -9999 -9999 -9999 -9999 -9999 -9999 -9999 -9999 -9999 -9999 -9999 -9999 -9999 -9999 -9999 -9999 -9999 -9999 -9999 0.0743749737739563 0.0368386991322041 0.0517322160303593 0.0443298406898975 0.0428082495927811 0.0436465479433537 0.048582635819912 0.0507946163415909 0.0510485656559467 0.0631521791219711 0.065668523311615 0.0531594790518284 0.0435461774468422 0.055194940418005 0.0784619003534317 0.101765275001526 0.108076050877571 0.124847032129765 0.2118009775877 0.353339552879333 0.447664529085159 0.479896873235703 0.485960394144058 0.502660751342773 0.519333302974701 0.484340488910675 0.410513162612915 0.325948655605316
-9999 -9999 -9999 -9999 -9999 -9999 -9999 -9999 -9999 -9999 -9999 -9999 -9999 -9999 -9999 -9999 -9999 -9999 -9999 -9999 -9999 -9999 -9999 -9999 -9999 -9999 -9999 -9999 0.0827864408493042 0.062335018068552 0.0579935312271118 0.0429353676736355 0.043499693274498 0.0440320707857609 0.0493095107376575 0.0468402728438377 0.0524148494005203 0.0629547387361526 0.0660207644104958 0.0476513765752316 0.0356318354606628 0.0501537322998047 0.0747528076171875 0.0935767367482185 0.0882650390267372 0.0893069058656693 0.155902594327927 0.246131181716919 0.343822836875916 0.465359091758728 0.521696627140045 0.499652624130249 0.468628734350204 0.417561262845993 0.344997972249985 0.280851155519485
