meets/meet004/_saidas_enm/CCSM_Gower_6k_Aralia_warmingiana3.asc
NCOLS 154 
NROWS 168 
XLLCORNER -112 
YLLCORNER -55.5 
CELLSIZE 0.5 
NODATA_value -9999 
[rows 54 to 80 of 168, columns 60 to 119 of 154]
-9999 -9999 -9999 -9999 -9999 -9999 0 0 0 0 0 0 0 0 0 0 0 0 0 0 0 0 0 0 0 0 0 0 0 0 0 0 0 0 0 0 0 0 0 0 0 0.126753014398909 0.315008177502883 0.548441594744386 0.509821631799104 0.436245292314622 0.382152044151965 0.303359416763361 0.228806849713807 0.171553298102805 0.106444794268895 0.288358979284888 0.466452653293151 0.585483069716985 0.624822712092771 0.61548199496812 0.610258168253962 0.624716478418412 0.639138025530493 0.563372885376549
-9999 -9999 -9999 -9999 0 0 0 0 0 0 0 0 0 0 0 0 0 0 0 0 0 0 0 0 0 0 0 0 0 0 0 0 0 0 0 0 0 0 0 0 0.162452619260635 0.394894647164618 0.486496911098966 0.407415105721013 0.334934980928462 0.263490138787991 0.194187016491777 0.132942787419247 0.0673649817482772 0.0175386491963254 0 0.203911201664395 0.427431734144677 0.570679129053424 0.63741911847653 0.657473665004315 0.65831840075338 0.673435165770119 0.651744778008833 0.561500585328272
-9999 -9999 -9999 -9999 0 0 0 0 0 0 0 0 0 0 0 0 0 0 0 0 0 0 0 0 0 0 0 0 0 0 0 0 0 0 0 0 0 0 0.0327211115067033 0.168850790901897 0.334534545207437 0.321556315543101 0.226436077996797 0.143957807145863 0.0669699945188205 0 0 0 0 0 0 0.0942831578340889 0.349011729615176 0.531336999117238 0.617821821996992 0.667802849397079 0.692683548100305 0.694848764318963 0.66730982250879 0.542953516847365
-9999 -9999 -9999 0 0 0 0 0.154638920142422 0.204635443461208 0 0 0 0 0 0 0 0 0 0 0 0 0 0 0 0 0 0 0 0 0 0 0 0 0 0 0 0 0.00111338483999779 0.101115302582198 0.127924515389333 0.0543576348988545 0 0 0 0 0 0 0 0 0 0 0 0.25789440153666 0.47871236846736 0.572566580110421 0.638965218617606 0.672806233055265 0.680381890452962 0.662952613215578 0.536527829774532
-9999 -9999 -9999 0 0 0 0.265161538786865 0.333420587129282 0.306165301456567 0.0958135636801798 0 0 0 0 0 0 0 0 0 0 0 0 0 0 0 0 0 0 0 0 0 0 0 0 0 0 0 0 0 0 0 0 0 0 0 0 0 0 0 0 0 0 0.146142283339701 0.392442342692768 0.508399670350082 0.57484170146205 0.619462151533497 0.635166138805933 0.64366358153191 0.540105252779267
-9999 -9999 0 0 0 0.146089007570779 0.44940675608037 0.400122579163147 0.17164735931068 0.0441041621676157 0 0 0 0 0 0 0 0 0 0 0 0 0 0 0 0 0 0 0 0 0 0 0 0 0 0 0 0 0 0 0 0 0 0 0 0 0 0 0 0 0 0 0.0153570573594033 0.267537315711464 0.401707490945585 0.499888898077622 0.542231477644755 0.568368250159438 0.559322079925586 0.474113924029621
-9999 -9999 0 0 0.121079851593315 0.418523978392063 0.576825608807683 0.436959905430296 0.159874923602987 0.0816018587924728 0.00724432327463653 0 0 0 0 0 0 0 0 0 0 0 0 0 0 0 0 0 0 0 0 0 0 0 0 0 0 0 0 0 0 0 0 0 0 0 0 0 0 0 0 0 0 0.0929387081750618 0.23160628776897 0.338732406476609 0.405644964216901 0.431371569513431 0.421454961092147 0.32078005347186
-9999 -9999 0 0.0525673824282304 0.404470787054207 0.557685016312205 0.651408747919697 0.517254520660337 0.240360479252114 0.287074177851412 0.106670918356712 0 0 0 0 0 0 0 0 0 0 0 0 0 0 0 0 0 0 0 0 0 0 0 0 0 0 0 0 0 0 0 0 0 0 0 0 0 0 0.000181861785423454 0 0 0 0 0.0352702333382711 0.149249414410595 0.211291168170436 0.249895910140161 0.255307472718994 0.199229571952078
-9999 -9999 -9999 0.0933486158175707 0.454306832338259 0.669646494283411 0.670868967033178 0.5638302252013 0.367066540234648 0.36826083543537 0.230560793220898 0.117843094129249 0.0592583269674233 0 0 0 0 0 0 0 0 0 0 0 0 0 0 0 0 0 0 0 0 0 0 0 0 0 0 0 0.0221391984775622 0.0584706430272374 0.100454239456162 0.11967398209878 0.133587186687923 0.153631261570367 0.162589904483831 0.175946343354134 0.175620156520529 0.176660306524904 0.174139378580201 0.153895519564301 0.13188770662613 0.0947599250655208 0.0649846237862226 0.0273554731263671 0 0 0 0.00212439133441411
-9999 -9999 -9999 -9999 0.435448387659035 0.709536245618956 0.672802160607574 0.589329942959677 0.424507088141933 0.387324178596125 0.270441014785744 0.179661988900305 0.145632685339841 0.0889906173950603 0.0609541591660573 0.0338411193203526 0.00254771312887048 0 0 0 0 0 0 0 0 0 0 0 0 0 0 0 0 0 0 0 0 0.0293329542944591 0.0910584468018489 0.138147609474415 0.181746276108321 0.228911874239165 0.24722219611293 0.270232545002322 0.21832760164659 0.176034715719733 0.180767786850459 0.227699107499456 0.29466458063564 0.327385007032423 0.314092533018437 0.315200295742287 0.281271096333619 0.264531476468743 0.233131433905391 0.196955574961133 0.173770859567152 0.138414836659292 0.115847882649525 0.000993887795474491
-9999 -9999 0.0478565220776018 0.320711335894802 0.596096943648783 0.690312163092301 0.657250196360125 0.586224034395957 0.414117094420454 0.421041544788448 0.337551516821532 0.256652431382183 0.210279013394953 0.172506408395534 0.152463012185305 0.140794515949131 0.127364271475387 0.127140055142171 0.124818996164951 0.130831692658717 0.142961007329257 0.144910238766376 0.149716765065036 0.147255390607249 0.146745029101147 0.141897103797338 0.128452267870959 0.11721099579448 0.0981711861230132 0.0872133445305588 0.0818386847534474 0.0713291909933983 0.0791755749795844 0.0854467607534526 0.1012354760103 0.140977078775117 0.175332569169185 0.226101831930633 0.27146224680211 0.310795628229267 0.356899703483072 0.347213956859043 0.312542106948314 0.250219237539053 0.202559591754376 0.161360235782234 0.150978580070323 0.185300328851097 0.238377179451476 0.316455134838122 0.388882577478869 0.450979984552625 0.442434560231221 0.423312594106784 0.410086924237954 0.339541148300695 0.263618640246863 0.159121838589172 0.0493891716559658 0
-9999 0.0806537775113643 0.317696587855319 0.414456034509354 0.605572802496734 0.611664552286407 0.662374628717569 0.557304482013663 0.366837244971555 0.395112686114796 0.341067802404383 0.293594511257809 0.259837949093974 0.237552983389773 0.228720743176457 0.203987721956699 0.212791118600854 0.212687875590062 0.232023077343352 0.245899463964801 0.252514651717932 0.269826731596634 0.27300571708835 0.288180742994276 0.295693050582352 0.284029898889876 0.284872724947576 0.27224619804511 0.265309743831938 0.258238318681896 0.242395648983912 0.241943398786267 0.240670124875847 0.254851829160271 0.26827418406951 0.297057775573819 0.331406479245732 0.363945036867702 0.411478557522343 0.373585155272866 0.321731122086389 0.270561402266202 0.253135638347317 0.232505572556326 0.19167056816031 0.140968799585101 0.110738928999347 0.159313254433528 0.193094283293881 0.264606056146489 0.33885853274378 0.376496402083528 0.383886520038838 0.379379923967953 0.356821421134698 0.285600360969795 0.215517966116577 0.127486013527756 0.0158293144471092 0
-9999 0.160832229240396 0.438483413976747 0.400237643695172 0.538503938041919 0.501756245377616 0.526295007533392 0.473087250182811 0.374727503424837 0.361042745222946 0.398596465462641 0.349445098939699 0.308769537163735 0.279526060399356 0.270014469298263 0.280122952612943 0.283128198017475 0.29089602569471 0.308446234687047 0.324105323550722 0.34985047303533 0.366604822208134 0.382242591220412 0.394315485960907 0.402626490006292 0.408990266818444 0.40843775075414 0.406234128580846 0.399354054531769 0.394653981681608 0.391728846109145 0.386425579467835 0.390188758579729 0.393234575857648 0.402330154145919 0.425580207647028 0.447023185029545 0.471448962661844 0.401286243255977 0.343543643025834 0.297462224504598 0.255384078042882 0.233477240531938 0.216314474745119 0.187971410215896 0.148836545412552 0.136123999126177 0.150156035426535 0.183041562059388 0.233693302577195 0.283981922778358 0.29614632695416 0.292925182837144 0.276080865034865 0.246686354103859 0.203076340689659 0.146018960715917 0.0791658719907119 0.000522564049437957 0
-9999 -9999 0.452195418880694 0.520987447543497 0.501544043034135 0.41535237053781 0.386562057303805 0.42835466265664 0.382356782178672 0.384783559863157 0.423209663921466 0.38006694836963 0.362340162652333 0.328732086546285 0.328138842195858 0.341755721528881 0.336027473527462 0.357231510570961 0.376661949123751 0.399878225426819 0.426349821939475 0.44316237255689 0.465672230615459 0.482188874844763 0.498240217691589 0.510266480227898 0.511717473471578 0.51738577827977 0.512800300293633 0.513177480330621 0.512965461539842 0.50663519151727 0.511629922104707 0.511832529620622 0.517360725731188 0.535277407115675 0.527973998140681 0.468230798326619 0.399995609072904 0.34662175761684 0.303868496245669 0.259622234641039 0.244838112058516 0.22612236173521 0.185399968065423 0.149990109036151 0.146279694778822 0.148395047805978 0.167321912622662 0.19988017238001 0.217512144310934 0.228937089526961 0.213464896461976 0.188913437832877 0.153892451100161 0.107063755127816 0.0500631205638499 0 0 0
-9999 -9999 0.301549725254835 0.469922558651644 0.408901252535797 0.398186076441204 0.359220473232071 0.396678564311485 0.417053324489485 0.433086899986409 0.419241635100352 0.397507037492865 0.377886358349308 0.354431120536768 0.372230590705003 0.37713683410021 0.384280508679512 0.395692087716146 0.420563756897629 0.444503256535722 0.473412609182851 0.498731533958642 0.521269917458772 0.544409790116323 0.560728097692755 0.57543259166823 0.585296519691733 0.591407814533316 0.594855299720314 0.596579105939333 0.597626636504052 0.596824700447339 0.598394087528812 0.566824456549381 0.541435217417768 0.528404471841291 0.515142216217929 0.492484456907916 0.43334752933498 0.383425431195478 0.342686761427075 0.306004611123253 0.283179871264682 0.233721651809723 0.185808947434686 0.149750391261099 0.130659684556422 0.136338702872528 0.144547056390793 0.16063816415373 0.171561790487498 0.168608168257201 0.146587839926705 0.114339604929194 0.0758360306161567 0.0295892989833373 0 0 0 0
-9999 -9999 0.0364848429262212 0.341959542726879 0.329036878599415 0.401051850329393 0.420404787434953 0.448477198045237 0.465732291943732 0.498659091723942 0.441428661657746 0.353393872146629 0.354804246464892 0.356810788467199 0.428138502329537 0.429803279972182 0.421133022380128 0.445165502762816 0.465830634301209 0.496939415139425 0.531759180954458 0.547361152658429 0.577811040864678 0.598880059252167 0.620870629674362 0.64533279705459 0.650088995566765 0.642793755372805 0.625641323217104 0.609801189542135 0.591394929197792 0.571548460094703 0.540512499405917 0.504761107687895 0.4866867261806 0.483390867336431 0.479984581978059 0.465890766238065 0.445904036180291 0.435514867143514 0.398118087432563 0.360245319969293 0.322897914830568 0.248984378322176 0.198549009152633 0.158002936230069 0.130976945820448 0.136615941690632 0.136322026853394 0.145801509930153 0.148150327225186 0.122590232043705 0.0930611127091451 0.0542690177852163 0.0137544794298537 0 0 0 0 0
-9999 -9999 -9999 -9999 0.31516076307796 0.418103079893974 0.569806493558471 0.443875158301525 0.34003928221965 0.357851069777236 0.496268229057943 0.439597634756826 0.3774127594059 0.341769853009229 0.440443108926923 0.466049808311949 0.469356744724805 0.481706076444228 0.506132640043773 0.53478046529221 0.560971528933074 0.587873226009152 0.612155015039588 0.640522834977839 0.646093678171147 0.645445828254338 0.629288993952442 0.603544242937914 0.577909123721054 0.553451722299256 0.534054450433451 0.505762398411776 0.483142577045293 0.459098050406603 0.446304573314867 0.444780489391134 0.441522203702577 0.437536895692334 0.42866561830093 0.42572177979817 0.424998770143589 0.420349548121572 0.354729517054148 0.288797957104276 0.241977115082042 0.207168426542553 0.179798493238291 0.178652016922824 0.174069029964305 0.172095423099789 0.146121439298412 0.100812691151382 0.0605071261886414 0.0153498286900775 0 0 0 0 0 0
-9999 -9999 -9999 -9999 0.00582730292106104 0.469651156440237 0.567316247605372 0.366247581132169 0.191393494585865 0.189353569407077 0.338095062304241 0.487237607592478 0.451735275283555 0.390762329623197 0.497143241584655 0.53243825082952 0.513810421703532 0.532312524150524 0.55005522950319 0.57813152260997 0.609510738419707 0.626150784345456 0.654093744872512 0.649785289120011 0.642622152255097 0.64269102240142 0.614827133258903 0.581161598859193 0.55143496623523 0.521196002007793 0.49287806307204 0.458207238309485 0.438327755899767 0.420872289208865 0.414119335260525 0.414177701327495 0.41459100603922 0.42096713406769 0.419076073497887 0.423603821143024 0.429181793205689 0.421588732680912 0.39397100415483 0.339960817608542 0.302533160264048 0.269228231749973 0.250007452096051 0.25591576567525 0.240101036343816 0.195113068184468 0.142850545781044 0.0897271255512272 0.0454254140941217 0 0 0 0 0 0 0
-9999 -9999 -9999 -9999 -9999 0.484588438030302 0.641504887413423 0.35424073415633 0.083783249308903 0.0336737300915372 0.188004455998279 0.471131880427053 0.527691654468771 0.527890068763565 0.539715374371841 0.560784215401579 0.561174621593581 0.568604237213892 0.590417228809184 0.618749863834759 0.635285945660487 0.659963421801102 0.663601025460794 0.64825346307043 0.640156515463758 0.630551889726488 0.589973819692211 0.562787361682844 0.534723771123305 0.511738979444305 0.48480744304931 0.437169554258347 0.420026346025729 0.40174062203219 0.393946198576368 0.402048138247534 0.403271272138458 0.415876883452136 0.424039013129864 0.430222533137334 0.44185014804136 0.437135993769839 0.40771183547106 0.368026140910694 0.344823544788035 0.34223000691221 0.336083643159872 0.298962479858942 0.256593739894653 0.206776581896517 0.146939324622416 0.0895594804365017 0.0461643999785067 0.00487693213747775 0 0 0 0 0 0
-9999 -9999 -9999 -9999 -9999 -9999 0.633645626519701 0.388858206264349 0.0362704340433317 0 0.0872663961709682 0.367051322831534 0.587438536455085 0.597647569300201 0.602742651626682 0.615928835519738 0.611811119102859 0.621260399611161 0.632547694147257 0.634955750004164 0.654177578948857 0.666816274730378 0.661948141949043 0.646734042202485 0.638563732918207 0.603008630048352 0.561453931559116 0.536681574854064 0.512595293026839 0.487707324607884 0.463466385731331 0.437630646187403 0.423570625442436 0.407847536576763 0.400580231663258 0.402570514546908 0.403156728732031 0.419150125445354 0.432651291099091 0.441188057969178 0.4490277151269 0.442009195573851 0.40972254647815 0.360751644463937 0.332177702578196 0.320986843037804 0.310984566761192 0.319095782468001 0.273436762139631 0.221590243185498 0.163157888248401 0.107926725845889 0.0692889317964871 0.0323062121988769 0.00218048872729115 0 0 0 0 0
-9999 -9999 -9999 -9999 -9999 -9999 -9999 0.440782961126006 0.0585308623238151 0 0.0259913009162838 0.276653309850752 0.631057266336364 0.635630223350337 0.649611682974427 0.658486673477054 0.650012040500072 0.653985339711031 0.63255268793589 0.627700022139871 0.64342970072454 0.653061864880005 0.655125220198457 0.644884615496858 0.615484689538383 0.589249350885955 0.54838735859778 0.523806189846472 0.495016475906904 0.465290325324119 0.448096046782904 0.42071907828307 0.411292958467541 0.401171188091321 0.398720542854451 0.410084780881278 0.413855228807489 0.429524693849134 0.44384298444044 0.448760690370516 0.452799986992705 0.435960282308328 0.413651677148934 0.377647787050571 0.341105626322096 0.316590627493586 0.289853966015941 0.279986348593836 0.272331638910822 0.24099756199598 0.190502050195137 0.143300622387347 0.109053990253328 0.0801050214780729 0.0543153987365854 0.0305481409416706 0.00796837518041371 0 0 0
-9999 -9999 -9999 -9999 -9999 -9999 -9999 0.294005701646911 0.125950600513455 0 0 0.200999839103368 0.521914223901038 0.670395971098712 0.657478436670655 0.659202156334135 0.658327411784029 0.649965637650369 0.628999440285914 0.621450021539744 0.629980275218544 0.636842272935375 0.641349379826758 0.63971953124544 0.608850343776134 0.57910640978232 0.542101606776134 0.51131793601745 0.477141946066419 0.445146736461365 0.425221655561828 0.404149681446344 0.393292133838394 0.378386951598688 0.368344652876155 0.369578678292075 0.37039705393108 0.387600347945139 0.405997697041758 0.432077844491119 0.455564349839535 0.44179944252068 0.426759966214385 0.396858665318133 0.362563077042375 0.33047966692987 0.294448626187854 0.275824014217974 0.262544066380562 0.27848865827843 0.235427961159775 0.194100201486691 0.143149605987358 0.0810606177464528 0.0316520744550902 0 0 0 0 0
-9999 -9999 -9999 -9999 -9999 -9999 -9999 0.259105986644638 0.214460516331607 0.021110902837142 0.0164592163826421 0.110778863749242 0.355369349026259 0.670063702592967 0.676920516482886 0.671813601046294 0.659479606869539 0.651923316673659 0.637700297958062 0.624654781667217 0.623615224345571 0.62145606481473 0.627083494067244 0.632359975278144 0.621290758275266 0.591727615779516 0.554661710796972 0.521834706568767 0.471353465318466 0.436631856866393 0.428746236430932 0.39814928497399 0.391086261294876 0.371832025377566 0.35317864727468 0.356296645952272 0.333944109904972 0.33363852185434 0.330758573349887 0.351481862327789 0.413671010908618 0.453134132726104 0.450123902822166 0.425087778395717 0.392746411112232 0.357292204294575 0.3159144149177 0.29927258162286 0.283709269865516 0.269419589069536 0.183736118256322 0.0848815106305453 0.032800635272949 0 0 0 0 0 0 0
-9999 -9999 -9999 -9999 -9999 -9999 -9999 -9999 0.347395583447347 0.148996176979679 0.0666060366978923 0.088683951961205 0.20536098764866 0.417271604636196 0.535020016076894 0.668605382809004 0.677231910179482 0.663969994233503 0.651736299217464 0.633815366330727 0.624355582543383 0.618650502908502 0.621172258938502 0.625869936035625 0.618216026798843 0.608603722090623 0.581069424769058 0.546323375526441 0.505142519513027 0.47057099523316 0.448578296411237 0.420325107331028 0.403393111303256 0.383941316671767 0.360937165176803 0.352369860346678 0.325757435211581 0.296415145744238 0.266919020000384 0.275274956287985 0.335632139941817 0.388739580614795 0.414431593718811 0.410146430039514 0.392247746027564 0.362440925202218 0.320950989596665 0.29828869649395 0.257957327317737 0.183793650522335 0.103552398553522 0.0180444428416937 0 0 0 0 0 0 0 0.0376066639873863
-9999 -9999 -9999 -9999 -9999 -9999 -9999 -9999 0.299320999047095 0.296310988435747 0.155678662962109 0.0564033308967845 0.0141490578678054 0.0935520304116878 0.234438277120465 0.442019685340714 0.685614203999554 0.680226589985049 0.662681546401934 0.641839593250026 0.629226120109916 0.617514481235193 0.620786287507793 0.624923764416121 0.603453646769782 0.590683581687921 0.580331165306831 0.569212058794743 0.563200094267973 0.53441402709603 0.503259171602074 0.464491074994559 0.441231467731486 0.414487771058269 0.387537239635229 0.380616118456434 0.348437238134387 0.291101332247169 0.222290657593801 0.211962365143118 0.278076110602029 0.312953587720447 0.343522815295578 0.366308094039407 0.354456864141306 0.326732148529967 0.274437403226976 0.232998746380262 0.18058268303807 0.116785236636881 0.0521185527383273 0 0 0 0 0 0 0 0.0515269709595464 0.147552075038751
-9999 -9999 -9999 -9999 -9999 -9999 -9999 -9999 -9999 0.341818028900465 0.216593295007881 0 0 0 0 0 0.280057747974162 0.570687615458447 0.670961133196037 0.645030520459084 0.627816212653281 0.619464406622652 0.62534120648638 0.616039131304199 0.577495804196841 0.567061392416903 0.558322804613655 0.547619863427791 0.542425421759065 0.543544846813403 0.551874014551494 0.512608842292386 0.476775438433388 0.446701827358177 0.413689979880383 0.394335427285469 0.362255821389829 0.309010542996197 0.247204630180093 0.218526046274286 0.224979665679168 0.23744290547949 0.27334637467513 0.301971595319709 0.293818689565064 0.263574644363047 0.212856199768704 0.173690484329962 0.125526805866957 0.0739328702680754 0.0239377480036721 0 0 0 0 0 0 0 0.0489275964770243 0.160969600034019
-9999 -9999 -9999 -9999 -9999 -9999 -9999 -9999 -9999 0.100387764909089 0.29198793948279 0 0 0 0 0 0 0.209639115752668 0.295025799444685 0.359909770628382 0.429011558160612 0.633475418609917 0.642479880335234 0.610006790910122 0.54180459945351 0.534283344957131 0.534362025178127 0.503086330767428 0.515347783402221 0.516260804770617 0.529059066687747 0.545336589935913 0.528246831347914 0.485494390812514 0.446696355539398 0.425136659976804 0.391870555319775 0.353149881141674 0.288715827710041 0.227890464819019 0.197936165449456 0.169715755169357 0.216610805476738 0.259126733159514 0.252244540062885 0.215430977123003 0.166198782733983 0.13058422556984 0.0901815664118293 0.0531670574413817 0.0181549214684569 0 0 0 0 0 0 0.007442246776734 0.0421266989736744 0.145919492765526
