meets/meet004/_saidas_enm/CCSM_Maha_21k_Aralia_warmingiana1.asc
NCOLS 154 
NROWS 168 
XLLCORNER -112 
YLLCORNER -55.5 
CELLSIZE 0.5 
NODATA_value -9999 
[rows 100 to 124 of 168, columns 56 to 111 of 154]
-9999 -9999 -9999 -9999 -9999 -9999 -9999 -9999 -9999 -9999 -9999 -9999 -9999 -9999 -9999 -9999 -9999 -9999 -9999 -9999 -9999 -9999 -9999 -9999 -9999 -9999 -9999 -9999 -206.895229850143 -205.105104881708 -216.982862785482 -291.596825502683 -365.957991211042 -409.1755967482 -406.374960925553 -348.265626640426 -285.274731960939 -221.374564902401 -122.633039034112 -50.8186237880743 -16.9976113047752 -9.34567231201298 -7.66697704001372 -9.80150567669533 -11.4124850178758 -10.1305395268392 -6.29520547906063 -3.13507927926553 -1.7962567083694 -1.05750077275369 -0.333783079671082 -0.231955440592418 -0.619154156389294 -0.569555562865274 -0.0271122874116347 -0.216662905789898
-9999 -9999 -9999 -9999 -9999 -9999 -9999 -9999 -9999 -9999 -9999 -9999 -9999 -9999 -9999 -9999 -9999 -9999 -9999 -9999 -9999 -9999 -9999 -9999 -9999 -9999 -9999 -9999 -204.43518272415 -203.752148166501 -233.205149209846 -296.376875660278 -353.183864205461 -387.498448743894 -381.363454586898 -335.381757466659 -263.848536596139 -198.737004232482 -101.677779190539 -40.6343063167226 -13.4074310515485 -9.30067172952397 -8.80042071066738 -10.601512763063 -11.4980780133138 -10.4870427434389 -6.6002025875931 -4.49636714780285 -2.8980691232404 -1.7727445166033 -1.28559047266828 -0.583754254104513 -0.619549179994749 -0.980481994705467 -0.394030675030562 -0.723905365732554
-9999 -9999 -9999 -9999 -9999 -9999 -9999 -9999 -9999 -9999 -9999 -9999 -9999 -9999 -9999 -9999 -9999 -9999 -9999 -9999 -9999 -9999 -9999 -9999 -9999 -9999 -9999 -189.736396385674 -215.387134847248 -206.108530651193 -224.879070248809 -288.392159387645 -333.88014331465 -358.577216957946 -356.203466816101 -304.165464533614 -243.373747798112 -172.280595035535 -83.174592921707 -31.0695151907795 -11.9726320395192 -10.5780310572152 -9.78976108448347 -11.3911252488867 -12.0481056355494 -10.627186353387 -7.55833366596504 -5.16004882590832 -3.47788956296211 -2.43111566913978 -1.56861671231059 -0.871859865853221 -0.375032753169269 -0.479222365182572 -0.957358605711746 -0.682024435681199
-9999 -9999 -9999 -9999 -9999 -9999 -9999 -9999 -9999 -9999 -9999 -9999 -9999 -9999 -9999 -9999 -9999 -9999 -9999 -9999 -9999 -9999 -9999 -9999 -9999 -9999 -9999 -198.851114044274 -217.286264904066 -200.476973123597 -222.349889175788 -279.88230937489 -316.07084374763 -336.813107363656 -335.352860071367 -289.768549419491 -222.155512229387 -146.146813207589 -66.6517675119839 -25.4621949838895 -12.7849060161412 -12.4803243872893 -11.7699689817355 -13.0385251450838 -12.9629407204544 -11.8484823495336 -8.9324056262261 -6.18692041324624 -4.24686715811696 -3.07685239049633 -2.35821003702904 -1.6680546842159 -0.956700535807153 -0.429685401106527 -0.937135425694228 -1.13317006496962
-9999 -9999 -9999 -9999 -9999 -9999 -9999 -9999 -9999 -9999 -9999 -9999 -9999 -9999 -9999 -9999 -9999 -9999 -9999 -9999 -9999 -9999 -9999 -9999 -9999 -9999 -9999 -199.528691141772 -212.746031893281 -207.352900640199 -229.080191908307 -282.97540371727 -314.602977938102 -326.431813018106 -324.108244081259 -276.815958053 -206.354257028303 -120.712995681436 -50.5982010504882 -20.8447955799584 -14.6760280735197 -14.358113335946 -13.6209501106345 -14.1629554973027 -14.2579800781135 -13.2962899309546 -10.3988148010367 -7.74619600094824 -5.56814002362729 -4.25144040057839 -3.27179167659755 -2.29727898912921 -1.60187881744841 -1.32942737716359 -1.27485645250437 -1.43285441551392
-9999 -9999 -9999 -9999 -9999 -9999 -9999 -9999 -9999 -9999 -9999 -9999 -9999 -9999 -9999 -9999 -9999 -9999 -9999 -9999 -9999 -9999 -9999 -9999 -9999 -9999 -9999 -193.78697965795 -205.036265918149 -203.754992567962 -236.110047648608 -294.122789582457 -322.04115228253 -330.354786353409 -323.831435125634 -277.365715152102 -194.489437439467 -99.7189464308349 -39.1077072800288 -18.8441363335572 -15.9200583137833 -16.2951639644994 -16.0333940820011 -15.3909668242822 -14.8164928711006 -13.7473000775054 -11.3798813532504 -8.90591057256645 -6.78973942666942 -5.35927952920792 -4.19552144687804 -3.02956850671966 -2.21785022569002 -1.95000990289271 -1.79745926088176 -1.09154888669017
-9999 -9999 -9999 -9999 -9999 -9999 -9999 -9999 -9999 -9999 -9999 -9999 -9999 -9999 -9999 -9999 -9999 -9999 -9999 -9999 -9999 -9999 -9999 -9999 -9999 -9999 -9999 -179.821236818113 -198.369033289716 -208.709890214371 -253.393110814371 -309.25976975689 -342.694242816566 -341.079724081423 -330.382585664765 -285.481946515578 -187.237739605798 -84.6119864425992 -29.8350969290384 -15.256998944502 -16.3173557071872 -18.269620590539 -17.3304364087444 -16.3831543837093 -14.9602109234154 -13.4596830801897 -12.2527559508896 -9.50748419470469 -7.99485845301728 -6.88339306491363 -5.96828400409693 -4.49929126516934 -3.17044519687632 -2.53402849195328 -2.2495506230036 -1.386203114617
-9999 -9999 -9999 -9999 -9999 -9999 -9999 -9999 -9999 -9999 -9999 -9999 -9999 -9999 -9999 -9999 -9999 -9999 -9999 -9999 -9999 -9999 -9999 -9999 -9999 -9999 -9999 -163.769092351216 -190.82772676778 -219.522324251971 -278.280739275603 -328.173551202342 -354.195312221313 -349.876960501163 -334.9906036134 -289.431081547217 -182.68088061639 -71.9051492450418 -23.4867155007776 -13.7638784720179 -17.3081151501532 -20.515710682472 -19.44712773033 -18.2883020688486 -16.5018284800901 -14.5317302229552 -13.248855762295 -10.8428441435231 -9.32564997540596 -8.10017297804487 -7.45947586723761 -6.18733251207178 -4.97756947543724 -3.84712311892469 -2.48888867351374 -1.48480516783799
-9999 -9999 -9999 -9999 -9999 -9999 -9999 -9999 -9999 -9999 -9999 -9999 -9999 -9999 -9999 -9999 -9999 -9999 -9999 -9999 -9999 -9999 -9999 -9999 -9999 -9999 -9999 -144.781183021142 -181.982281876005 -229.90737599422 -305.115497241665 -337.714055564955 -361.492888813826 -349.528267538757 -329.881124435131 -291.097991954473 -170.773502765089 -60.7493953542866 -18.8396782644563 -13.0856716417941 -19.3095285698782 -22.9997934722138 -21.9639933282373 -20.9909836933551 -19.4257934733496 -17.6785157020964 -15.3451219925848 -13.0154140020526 -11.1323782283798 -9.49173477482412 -8.9021149272155 -7.46265125511067 -5.71929656944848 -4.48752563572111 -3.1621070747947 -1.89934688817664
-9999 -9999 -9999 -9999 -9999 -9999 -9999 -9999 -9999 -9999 -9999 -9999 -9999 -9999 -9999 -9999 -9999 -9999 -9999 -9999 -9999 -9999 -9999 -9999 -9999 -9999 -9999 -138.525448385683 -184.293646851176 -236.013349531082 -298.687307761398 -327.176842713442 -338.136750630198 -321.096734369512 -302.76898776023 -257.269392728153 -144.03052919406 -50.7844821884004 -17.4162325073088 -11.6936569078712 -19.9158596160873 -24.9659483138078 -23.965272742891 -22.8891356615975 -21.3940285809919 -19.8074518899719 -18.0687604113242 -15.6070917876935 -12.8850108149918 -11.169478279653 -10.1785534189628 -8.33334154241602 -6.56167055252435 -5.03703330936179 -3.46961245190742 -2.31646474995544
-9999 -9999 -9999 -9999 -9999 -9999 -9999 -9999 -9999 -9999 -9999 -9999 -9999 -9999 -9999 -9999 -9999 -9999 -9999 -9999 -9999 -9999 -9999 -9999 -9999 -9999 -105.626620795254 -136.513124390444 -185.054682592271 -233.945616218323 -286.228086730523 -297.084093557633 -303.76656491706 -279.22398602098 -258.508470411726 -223.759305456972 -112.793857801738 -41.3596243235535 -16.1871571355274 -12.6981810511588 -21.0379408734693 -26.1082913793762 -25.8495650648217 -24.6736418712661 -23.5438133948958 -22.1454017714314 -19.6652969978482 -16.6650531196525 -14.420319846558 -13.0115468524499 -11.3169737694254 -9.45522027546121 -7.38915984389126 -5.73804751277248 -4.07569965024943 -2.82498243431194
-9999 -9999 -9999 -9999 -9999 -9999 -9999 -9999 -9999 -9999 -9999 -9999 -9999 -9999 -9999 -9999 -9999 -9999 -9999 -9999 -9999 -9999 -9999 -9999 -9999 -9999 -107.540392024109 -149.720745201142 -191.564180540439 -228.566610203 -250.816821622607 -263.571852098012 -265.188941382715 -233.684476236368 -199.558817304275 -148.585171737843 -74.5495243278843 -29.9775716513082 -15.7467698626469 -16.1145507224065 -21.912245888887 -26.3988895373074 -27.5756287102058 -27.3112222158138 -25.3696040039854 -23.0769882597333 -20.412680356713 -18.0654234193617 -15.9901282964704 -14.5362048710254 -12.494274763507 -10.108696124766 -7.92111424360683 -6.17102260321799 -4.67261416505811 -3.34163358151963
-9999 -9999 -9999 -9999 -9999 -9999 -9999 -9999 -9999 -9999 -9999 -9999 -9999 -9999 -9999 -9999 -9999 -9999 -9999 -9999 -9999 -9999 -9999 -9999 -9999 -9999 -117.337266188762 -163.596497841589 -203.136188108361 -222.400412246378 -222.658500280921 -224.612878842417 -230.683290996863 -188.277448643247 -137.367443725576 -89.9827127176094 -44.1329998045514 -23.0498921177052 -18.8191110791744 -20.7564908522671 -25.4238926011738 -27.1912824569199 -27.5291543597314 -26.9308097516306 -25.2085165555383 -24.1765128913282 -21.4089819514934 -19.3170861890898 -17.5511850815727 -16.2069122295278 -13.9188076146297 -11.2767411590173 -8.61715672217571 -6.88143763729576 -5.42229770632551 -4.05502057771355
-9999 -9999 -9999 -9999 -9999 -9999 -9999 -9999 -9999 -9999 -9999 -9999 -9999 -9999 -9999 -9999 -9999 -9999 -9999 -9999 -9999 -9999 -9999 -9999 -9999 -9999 -125.516787630114 -188.068374637688 -228.287764574389 -223.659051236966 -193.835225230383 -182.538049013512 -168.574988777826 -122.23909327484 -81.7004714127842 -50.0317133011628 -30.2575744662185 -20.9228521275808 -22.2815651440695 -25.4332524100965 -27.7884993897316 -28.3478915213736 -28.0550516744254 -26.9449005039855 -25.0894195183561 -23.3579243708589 -21.7919455807569 -20.6800789492826 -19.3430667893825 -18.0056787945863 -15.2285759414145 -12.5227119002309 -9.95180198107815 -8.07258987312445 -6.58126702357534 -5.24203482515284
-9999 -9999 -9999 -9999 -9999 -9999 -9999 -9999 -9999 -9999 -9999 -9999 -9999 -9999 -9999 -9999 -9999 -9999 -9999 -9999 -9999 -9999 -9999 -9999 -9999 -73.7117019291996 -137.435359320032 -224.807525498143 -260.872462668905 -219.100481253829 -177.866554756293 -143.325530865724 -112.550611144626 -72.0459989801665 -46.899160779897 -42.3183087210677 -28.9991370079555 -24.2277617644191 -27.4842030476114 -29.8806354827633 -31.2934680777951 -30.4301914669866 -29.4109248514246 -27.8310436703519 -25.8579834628313 -24.2708143849115 -22.6400165560575 -22.1376165196247 -21.3881204132919 -19.6730902274695 -16.9900153282799 -14.3414765787796 -11.8029883125272 -9.85576245450045 -8.08409068562474 -6.8257895500413
-9999 -9999 -9999 -9999 -9999 -9999 -9999 -9999 -9999 -9999 -9999 -9999 -9999 -9999 -9999 -9999 -9999 -9999 -9999 -9999 -9999 -9999 -9999 -9999 -9999 -92.5569448195197 -149.83841513547 -222.217673873347 -245.770644640675 -205.12598735624 -156.290102616637 -114.18465847323 -73.7561573564662 -42.9028119790383 -35.1097521331576 -37.5361773160846 -33.0009451770768 -29.5000510554084 -31.9559432547111 -33.0644562113714 -33.2446893701043 -32.4058240697759 -31.1927634102035 -29.5803207392688 -27.7285413663527 -26.2038774910618 -24.5397658283839 -24.0122337783496 -23.3498018358989 -22.0847755583988 -18.93151900984 -16.2044053562983 -13.8438172057279 -11.9790376783462 -10.2819770944297 -8.97037989498314
-9999 -9999 -9999 -9999 -9999 -9999 -9999 -9999 -9999 -9999 -9999 -9999 -9999 -9999 -9999 -9999 -9999 -9999 -9999 -9999 -9999 -9999 -9999 -9999 -9999 -98.2230774527692 -153.454418095193 -218.909487149699 -231.539637661609 -185.371666425253 -140.796976369638 -92.4823156133317 -52.3315964977148 -33.3635092697302 -35.3176119846282 -41.3992352378159 -38.3194224083159 -35.190113327003 -35.5709502502551 -35.7257132438463 -35.3137878311275 -34.4420120197163 -33.4731215757435 -32.0675687951487 -30.0754605702642 -28.5655482041072 -27.111627487568 -26.7192689156288 -25.9351917545165 -24.5278484567831 -21.5125312193592 -18.826768972708 -16.401600622742 -14.5280746498011 -12.8229751988288 -11.5814542154427
-9999 -9999 -9999 -9999 -9999 -9999 -9999 -9999 -9999 -9999 -9999 -9999 -9999 -9999 -9999 -9999 -9999 -9999 -9999 -9999 -9999 -9999 -9999 -9999 -9999 -90.9568056540619 -147.771493352564 -208.378523036771 -213.915997784924 -168.686723855656 -121.082076082461 -77.1013428115639 -44.9499219243702 -34.511299974573 -39.5291567834467 -44.7216234267218 -44.733891932053 -43.6088301710245 -42.6271010268895 -40.2061436154647 -38.3587948740943 -37.0813859515008 -36.2878941233556 -35.1707110373433 -33.5809871719254 -32.1316932891068 -30.5304647088973 -29.2510070082511 -28.0896853384829 -27.0333965695662 -24.4102044655473 -21.5503165836681 -19.0991004681952 -17.3044997254128 -15.6255975195047 -14.4463641521886
-9999 -9999 -9999 -9999 -9999 -9999 -9999 -9999 -9999 -9999 -9999 -9999 -9999 -9999 -9999 -9999 -9999 -9999 -9999 -9999 -9999 -9999 -9999 -9999 -9999 -82.8277282195253 -140.514623447712 -204.058498352209 -206.018805370119 -157.07402687612 -110.328008774407 -67.7063910580735 -43.5160700350824 -39.4072221460767 -43.8470843650959 -49.70044014596 -51.2281314930935 -52.496598021278 -51.9866845787694 -48.056728424253 -44.2273454805834 -41.3226462993528 -40.1231045587729 -39.1554122516392 -37.8074238497872 -37.0761716279147 -34.4368314507098 -32.2875048988159 -30.8534002599981 -29.8886931542141 -27.9978035682657 -25.2743145249521 -22.4689963247245 -20.5842134692227 -18.8400311082825 -17.701365944731
-9999 -9999 -9999 -9999 -9999 -9999 -9999 -9999 -9999 -9999 -9999 -9999 -9999 -9999 -9999 -9999 -9999 -9999 -9999 -9999 -9999 -9999 -9999 -9999 -9999 -87.3682791570087 -140.627950277189 -200.66509822042 -198.743205463771 -148.946490301805 -99.0889198655612 -64.0720438275574 -45.6979818446809 -43.3547170120926 -46.6083826396498 -52.5784433424511 -55.1979742606632 -56.2065923410817 -56.0079453680883 -53.0363891160887 -49.7616889126048 -45.9841518384174 -44.6367100144385 -43.5212741940544 -41.6006950275187 -39.6112627845867 -37.5745272188692 -35.7832821829209 -34.2159586376172 -33.0249954264307 -31.1623388921777 -28.6295961770178 -26.0233161674774 -24.1620476111454 -22.2514847272135 -20.9060113445348
-9999 -9999 -9999 -9999 -9999 -9999 -9999 -9999 -9999 -9999 -9999 -9999 -9999 -9999 -9999 -9999 -9999 -9999 -9999 -9999 -9999 -9999 -9999 -9999 -9999 -85.8336825044886 -140.35249787416 -205.443847184621 -202.194138435202 -147.524930322611 -95.4977366727397 -63.8718237080114 -49.2841655578326 -47.1220970487655 -50.2835660011897 -54.9377808982159 -57.441450997644 -59.2256648854587 -59.4574330472936 -56.5374313970786 -53.8521602075275 -50.6506224306579 -48.4284810916147 -46.7331306461396 -44.2519495930945 -42.3021040658092 -40.5194484969194 -38.8936888152827 -37.5827015780291 -36.4883288492555 -33.8878430290486 -31.4941629017709 -29.2001614441766 -27.1022953025169 -25.3939696566175 -23.7377691639225
-9999 -9999 -9999 -9999 -9999 -9999 -9999 -9999 -9999 -9999 -9999 -9999 -9999 -9999 -9999 -9999 -9999 -9999 -9999 -9999 -9999 -9999 -9999 -9999 -9999 -85.0795087159986 -141.335632335584 -210.399361611385 -209.70064914902 -151.873385938052 -98.0405179947935 -67.6884717833372 -54.8386040779503 -52.1908022708242 -54.1553689262629 -58.1819331807231 -60.0790897633796 -61.860891070019 -62.2836416166248 -59.996549567159 -57.2014631763285 -55.0144305959598 -51.1912070038442 -49.0000943803133 -46.8877718607055 -44.8312076319581 -43.299150096509 -42.0551384243495 -40.7098189808175 -39.5027952725061 -36.8465640381425 -34.0282086319895 -31.7636358988629 -29.54278931173 -27.7083260234838 -26.3460774851293
-9999 -9999 -9999 -9999 -9999 -9999 -9999 -9999 -9999 -9999 -9999 -9999 -9999 -9999 -9999 -9999 -9999 -9999 -9999 -9999 -9999 -9999 -9999 -9999 -9999 -82.7506667708802 -138.058890866902 -210.146906585561 -217.471725578486 -159.730672939888 -103.678520627218 -73.4185729558377 -60.7273302657672 -57.8575122838499 -59.5011290047207 -62.0872491688222 -63.3741821813014 -64.7256012123135 -64.9298808000119 -62.3854829056265 -59.7328975268358 -57.2069239689678 -53.5818779210322 -51.1026598354927 -49.1188544584825 -47.7187626515326 -46.3733109680773 -45.0213849677194 -44.0562864015118 -42.3422565840745 -39.8441017462361 -37.0371756586872 -34.4627792784772 -33.0659093050947 -31.4208413411095 -30.3520352474756
-9999 -9999 -9999 -9999 -9999 -9999 -9999 -9999 -9999 -9999 -9999 -9999 -9999 -9999 -9999 -9999 -9999 -9999 -9999 -9999 -9999 -9999 -9999 -9999 -9999 -84.1325436709279 -136.93698736399 -207.532466939142 -220.947278807907 -168.333762070668 -112.002506060969 -81.0188781621744 -66.9522954883657 -62.6566169697874 -62.5221836323808 -64.0946497658604 -65.5231376814739 -66.9312761379181 -66.3231055027882 -62.9003710623187 -60.2443508537219 -57.9553205754308 -55.1447922089901 -53.1570051757973 -51.7377652283909 -50.8858626099619 -49.4451314731337 -48.3799054428355 -47.0482729834972 -44.5470188412004 -41.925094558765 -39.4246084112918 -38.6169032942044 -36.5855900430489 -34.9151138126516 -34.7220276641334
-9999 -9999 -9999 -9999 -9999 -9999 -9999 -9999 -9999 -9999 -9999 -9999 -9999 -9999 -9999 -9999 -9999 -9999 -9999 -9999 -9999 -9999 -9999 -9999 -78.3522067299499 -88.4112247028362 -136.681797156591 -207.681409194365 -227.783054105456 -179.376360542715 -123.953378125037 -89.9831662511304 -72.8189633204825 -66.7441786001835 -65.4590658723869 -66.5008766782634 -67.0940844345587 -67.5630126326706 -66.4970960327311 -62.84854734732 -60.1010010983182 -58.5516338223936 -56.4224219291234 -55.0459812180026 -54.2000586473787 -53.4232940735686 -52.5589548714268 -51.5424792865317 -50.0039381917606 -47.3683276413783 -44.3797996200697 -43.0284519647875 -42.5176795680985 -40.8277795084483 -38.2735126083824 -36.7273688406444
