meets/meet004/_saidas_enm/CCSM_SVM_6k_Aralia_warmingiana3.asc
NCOLS 154 
NROWS 168 
XLLCORNER -112 
YLLCORNER -55.5 
CELLSIZE 0.5 
NODATA_value -9999 
[rows 75 to 99 of 168, columns 55 to 109 of 154]
-9999 -9999 -9999 -9999 -9999 -9999 -9999 -9999 -9999 -9999 -9999 -9999 0.227480640077743 0.0343854782271524 0.0729692553397105 0.166626370207189 0.268609034989026 0.508658299308067 0.756864624755992 0.638278103034295 0.520300175115613 0.436823607166359 0.373069831196012 0.323189264403841 0.279284491070387 0.25186888770753 0.225925195511845 0.203391739525212 0.179686629311538 0.154930906097734 0.135177174600448 0.113090778016113 0.0939555802093038 0.0720774792898718 0.058318104397167 0.0506695440345362 0.0420956964871809 0.0424951295011254 0.0399085703678287 0.0492014687213242 0.0657247968120432 0.0778980414503352 0.0993058516361383 0.112458842526729 0.133011482558347 0.151117848469653 0.139175277361693 0.114199676267796 0.082904695869493 0.0572862514754401 0.0341404141862258 0.0226196639783909 0.0157470788076126 0.0131991513500513 0.0151246689243468
-9999 -9999 -9999 -9999 -9999 -9999 -9999 -9999 -9999 -9999 -9999 -9999 0.231981215959058 0.0373516456580924 0.0244841408593037 0.0881222260567316 0.137735904544637 0.29551617413884 0.589553618270204 0.688901278099651 0.661127421887075 0.515024329346605 0.435732680991473 0.356129205553141 0.29322397856476 0.259284839387633 0.232043416448151 0.203575265721754 0.175685229502626 0.148158741549999 0.12440475090142 0.0993272441268415 0.0770823275965381 0.0533660843759381 0.0392546843135821 0.0322904167043048 0.0258884576993454 0.0190153790429728 0.0150453608208486 0.0213525665284482 0.0325625148801928 0.0543682438440143 0.0657485117321169 0.0782375032295089 0.0935875905072346 0.110494822740399 0.128558346134104 0.111763789667361 0.0811600403287855 0.0562267192228416 0.0337220988671879 0.0185621237913287 0.0142709577192996 0.00834480901711304 0.00630741936896329
-9999 -9999 -9999 -9999 -9999 -9999 -9999 -9999 -9999 -9999 -9999 -9999 -9999 0.251072235318785 0.00965782157766165 0.0209162180624846 0.0734999577848494 0.143762766587378 0.255127590056067 0.378515491593135 0.552964118681967 0.636412887561513 0.553799302306446 0.423731866437658 0.326724533842425 0.279451422801905 0.238796400096706 0.204386895977204 0.176435242274506 0.146733365412771 0.117896823152506 0.0885694702167714 0.0631754571839012 0.0398038115747248 0.0240733012544115 0.0134284812984553 0.00431039146855899 -0.00690871007072236 -0.014578808973625 -0.0125570482988231 -0.00581663057871584 0.00964223989741436 0.0234722937286782 0.0381317824282875 0.0470070074317167 0.0495058366034503 0.0599717313928673 0.0616445193110746 0.0537024322774579 0.0429925290168103 0.0257303142024831 0.0116462242221748 0.00525137486405181 0.00122044841463192 0.00197975823077939
-9999 -9999 -9999 -9999 -9999 -9999 -9999 -9999 -9999 -9999 -9999 -9999 -9999 0.293590923916281 0.285020294546385 0.0777566675701003 0.0791013081123326 0.101097341123544 0.129953313899294 0.148482127559685 0.253803139941646 0.52277565319169 0.63794560811897 0.547508780154236 0.401119312387636 0.32511981040232 0.266880625539631 0.218986606452074 0.190114572183629 0.157216911014257 0.123145566822536 0.0864070889728428 0.0637458361212088 0.0371127315652321 0.0164027964077796 0.00121718585610225 -0.014662156667655 -0.0273898450601386 -0.0436015093391401 -0.0472949724900281 -0.0447151653513278 -0.0399262128136617 -0.0231188552664445 -0.00142443528086655 0.00931824575269691 0.00227236472858949 0.00100796446651941 0.016753773663527 0.0229811933819776 0.0246078417453159 0.016954646477206 0.00364739889582755 0.00106044153557799 0.000317126486675146 0.00357225536464911
-9999 -9999 -9999 -9999 -9999 -9999 -9999 -9999 -9999 -9999 -9999 -9999 -9999 -9999 0.321844160180706 0.189095518115501 0.0745178292194764 0.0975208414834588 0.108294649074368 0.116673900842143 0.139081234913871 0.263510938563908 0.513146624861524 0.741137257939136 0.631097903682613 0.522240615895363 0.398662168966559 0.306618260446601 0.248361986521186 0.191005524865796 0.146222516751824 0.10381218694192 0.0714973305919209 0.0424039103496239 0.0164719934182642 -0.00657035727495459 -0.028421884460066 -0.0459506472274934 -0.0614106792923047 -0.0691687871439941 -0.07372532642837 -0.0752620699659218 -0.0690757563096472 -0.0529928878030257 -0.0348745688470996 -0.0236126045489198 -0.0160573452914733 -0.00775312485387503 0.00368443391849627 0.0120936642230992 0.00860694104591603 0.00262671216453331 -0.000264091459659277 0.001398549901718 0.00608995895445374
-9999 -9999 -9999 -9999 -9999 -9999 -9999 -9999 -9999 -9999 -9999 -9999 -9999 -9999 0.150840195690864 0.288142681599587 0.0899768572607728 0.0955786059346504 0.100807759435227 0.106653372423192 0.114095611152852 0.12432358690812 0.203955405037886 0.43533216741366 0.504194486092959 0.493216186362375 0.576874036220938 0.457487290336776 0.371856545708567 0.265569574378496 0.189442736037696 0.143764693022737 0.105237194958882 0.0626766892028698 0.0293015064650577 -0.00166025979363166 -0.0306878020192073 -0.0498137300232515 -0.0698729430754003 -0.0811018081061867 -0.0876821754189153 -0.0924831896457958 -0.0969804653082598 -0.0929172241763481 -0.070155705337596 -0.0403704380977686 -0.0101932471770712 -0.0144914569744717 -0.00102300006220463 0.0107158477282372 0.00768616001660916 0.00768024318432209 0.00465090979995658 0.0046660973687041 0.00663010416076115
-9999 -9999 -9999 -9999 -9999 -9999 -9999 -9999 -9999 -9999 -9999 -9999 -9999 -9999 -9999 0.295589672554244 0.144601492252231 0.0931737405190281 0.0884702650462988 0.0929688416985596 0.0985999122539044 0.0988885731893022 0.0947442685342409 0.0932755418389239 0.103494727735538 0.12447292287105 0.175943632702862 0.298953771826784 0.448162841260735 0.38154387427054 0.319983238868444 0.213339663751373 0.159365069593895 0.103146497724645 0.056719073577894 0.012288393197246 -0.02278429352501 -0.0490520446625952 -0.0733839992940288 -0.0887556271263783 -0.0984171963514706 -0.101385588357834 -0.107843764054957 -0.107969266822841 -0.0888204083327837 -0.0586602540353096 -0.0359240545568472 -0.0268108307577914 -0.0152800336539306 -0.00214853506394985 0.00136270873618621 0.00426395032634641 0.00531676180060353 0.00658633455524593 0.00624138694505366
-9999 -9999 -9999 -9999 -9999 -9999 -9999 -9999 -9999 -9999 -9999 -9999 -9999 -9999 -9999 0.179779583634951 0.173895284504457 0.0977028517024764 0.0715268409985282 0.0804045229373253 0.0903705387594377 0.0896694279340099 0.0908668652639313 0.113913576371034 0.117811993736288 0.111498487733163 0.115709462903288 0.110336046664283 0.162725633582768 0.28090372552089 0.352778174283398 0.246341736877203 0.22665304638882 0.168713575070901 0.108411817885582 0.0435489810344021 0.00208038479668599 -0.0254344760361729 -0.0560140924747691 -0.0883432450574996 -0.103434618799914 -0.105000290241283 -0.108950097223 -0.107093784052234 -0.0959631122413104 -0.0748121556033478 -0.0495977116138941 -0.0361698644388915 -0.026676540658676 -0.013504436705412 -0.00692783192629087 0.00173662249939083 0.0031542057376619 0.00589047194271458 0.00512684622796694
-9999 -9999 -9999 -9999 -9999 -9999 -9999 -9999 -9999 -9999 -9999 -9999 -9999 -9999 -9999 -9999 0.228656504891572 0.159067331254492 0.0486019992216197 0.0666033653758529 0.0834747643221421 0.0951702030246799 0.0924931278477318 0.111254765909034 0.119450429187469 0.121870730736196 0.123094167849553 0.121522574148334 0.117674596292498 0.108836741196455 0.130013673277152 0.238788006083167 0.328923994912338 0.209643158565781 0.102472829049397 0.0516549861075165 0.0219611264820682 -0.0178076970244577 -0.0538871009749711 -0.0783867060783721 -0.0955162441969728 -0.107361106233013 -0.121884327664244 -0.111815467529294 -0.0917711495047878 -0.0807467955788628 -0.0612778060668489 -0.044664438216228 -0.0328830000124064 -0.0208763472783876 -0.0149193044466671 -0.0101259049021208 -0.00636435717108852 -0.00224264569820404 -0.00231265822709953
-9999 -9999 -9999 -9999 -9999 -9999 -9999 -9999 -9999 -9999 -9999 -9999 -9999 -9999 -9999 -9999 0.143374398051276 0.2704170079006 -0.0103027066593067 0.0304929798250249 0.066898499405426 0.0945363124951099 0.0934292971851729 0.106572586010961 0.113325402948163 0.120775367656987 0.123684352242398 0.123414028478333 0.123685581859049 0.123168493966116 0.108504349727955 0.160119279768366 0.355376588972039 0.310990623576381 0.124394475605085 0.0451982620688302 0.0227829089000418 -0.023458087125609 -0.0582184001492091 -0.0727243007503122 -0.0624664900770117 -0.0495049998559233 -0.120738216038743 -0.121218159707452 -0.0898646865360605 -0.0861665190766244 -0.0684934582869788 -0.0468249598917206 -0.0332877688600175 -0.01970894404196 -0.0139923831154839 -0.0112566389455904 -0.0132678162000945 -0.0138213951484424 -0.0174136209573498
-9999 -9999 -9999 -9999 -9999 -9999 -9999 -9999 -9999 -9999 -9999 -9999 -9999 -9999 -9999 -9999 0.134868138706909 0.212179325633379 0.025370147253295 -0.038801259661684 0.0271274813036215 0.0841357178253573 0.10210735355966 0.112372489530618 0.11269825059154 0.109143195910087 0.111277402288522 0.114265977144544 0.118493405155162 0.114541766634823 0.102581148294375 0.11158974490871 0.291254884531094 0.524584755976863 0.289180439257304 0.110803126384502 0.00794069236172273 -0.0524756356480338 -0.0713240288296492 -0.0779893654505259 -0.0451491889407775 -0.0292127539624715 -0.123580805203598 -0.123225888143477 -0.0895533061282399 -0.0751485484941448 -0.0746880851169714 -0.0561383703934336 -0.0346482492854632 -0.0180175408889618 -0.0119152502903352 -0.0083004115009091 -0.0232226616058798 -0.0369011694922736 -0.0461502698851265
-9999 -9999 -9999 -9999 -9999 -9999 -9999 -9999 -9999 -9999 -9999 -9999 -9999 -9999 -9999 -9999 -9999 0.136336670014897 0.153648980184569 0.0411437261649871 -0.0377048379900233 0.0608821041027505 0.0920453159826551 0.113312159513093 0.117822732760367 0.117531838667501 0.119513020493333 0.108182110057513 0.102663137511188 0.0922459187734352 0.0867783138508193 0.0977707060484914 0.144173344301349 0.446684888031765 0.515852924833065 0.350242673057379 0.101266466883384 -0.00461649574138967 -0.0726786235268385 -0.0945158309143842 -0.076984481950447 -0.0524567711080388 -0.12945007283836 -0.110541543400413 -0.0855421756708533 -0.0838028510196629 -0.0878200025719676 -0.0738661520898194 -0.0464173841939143 -0.0249692694863229 -0.0186864841654641 -0.0148074882499339 -0.0399047390860807 -0.0659189057280158 -0.0756196337986986
-9999 -9999 -9999 -9999 -9999 -9999 -9999 -9999 -9999 -9999 -9999 -9999 -9999 -9999 -9999 -9999 -9999 -9999 0.152698011698473 0.139013435039449 0.0616435814703213 0.0558659926400876 0.000518205055025256 0.0689399096348107 0.097175068091121 0.108222466367776 0.116166420171866 0.115773280582673 0.112552593953434 0.102859536044935 0.0909353542734961 0.102899176654732 0.10752827235718 0.141900754935305 0.251199137524932 0.451828609414395 0.346300213524538 0.119969520288186 -0.0200784200076446 -0.0728646669087401 -0.0970446194854716 -0.103463007406401 -0.107988462455698 -0.0973806186577746 -0.0969021823649978 -0.106170307499632 -0.10829555529316 -0.0926007312745222 -0.0724834954084725 -0.0495848782988044 -0.0333780372390033 -0.0346546001805684 -0.0693831435885768 -0.104619346891404 -0.109350043028416
-9999 -9999 -9999 -9999 -9999 -9999 -9999 -9999 -9999 -9999 -9999 -9999 -9999 -9999 -9999 -9999 -9999 -9999 -9999 -9999 0.122888057445552 0.0990188285020475 0.0312182825456326 0.0251470471041261 0.048709484355803 0.0709597154703545 0.0994399661988599 0.110423148935973 0.117115149294318 0.114547210218452 0.100559071635726 0.0978434219556071 0.098191834788981 0.108398601778168 0.120584686876559 0.206240489623114 0.417224274561023 0.364539289083615 0.178238484203085 0.0221438577904483 -0.0318229377187285 -0.0488104229799573 -0.0789631665572292 -0.0960714602635508 -0.106561149881167 -0.116281339162217 -0.112758084382983 -0.1053676065325 -0.098042602936245 -0.0804599888469554 -0.0639136307680821 -0.0582279174646888 -0.0897756953961614 -0.127536236143977 -0.130143326800407
-9999 -9999 -9999 -9999 -9999 -9999 -9999 -9999 -9999 -9999 -9999 -9999 -9999 -9999 -9999 -9999 -9999 -9999 -9999 -9999 -9999 -9999 0.134006780534312 0.149174476865435 0.0782426523079295 0.0644082739485845 0.0646595689844006 0.0921895270386507 0.111503974223754 0.116791879724306 0.113910096230463 0.103238083420436 0.0875364356809346 0.10123447722641 0.111129497851527 0.116479335497879 0.147350362505761 0.261567327338472 0.356823577288672 0.194184400701196 0.0688982891783668 -0.0240747938853856 -0.0597987694894454 -0.0861120258513883 -0.0940770477603247 -0.100625560155151 -0.106223538348557 -0.104941492870812 -0.110222648599956 -0.108779424820194 -0.0894484653535145 -0.0900540675316707 -0.111200739828462 -0.138234639106957 -0.142508251675479
-9999 -9999 -9999 -9999 -9999 -9999 -9999 -9999 -9999 -9999 -9999 -9999 -9999 -9999 -9999 -9999 -9999 -9999 -9999 -9999 -9999 -9999 -9999 -9999 0.1564901974253 0.115348014916617 0.0639777506261592 0.060836093989015 0.097408054567752 0.110442732764237 0.114978780917292 0.114445145075965 0.100231112214918 0.0920559201520555 0.102027430222458 0.109117623728632 0.11469093471837 0.133892942896583 0.229947553107878 0.325885948955026 0.244735114206095 0.117001231453571 0.0340000120371762 -0.00742592867249658 -0.0456804416283915 -0.071165239852813 -0.0868035258568716 -0.0921755651822846 -0.106732919159742 -0.110363735773648 -0.104848271818563 -0.109434292717482 -0.133738135055905 -0.155467037193933 -0.158161245235974
-9999 -9999 -9999 -9999 -9999 -9999 -9999 -9999 -9999 -9999 -9999 -9999 -9999 -9999 -9999 -9999 -9999 -9999 -9999 -9999 -9999 -9999 -9999 -9999 -9999 -9999 0.204145291000804 0.0225222073482544 0.0429845882086624 0.0923168496180579 0.104921903231137 0.108579520569092 0.111517120047976 0.10657602227451 0.100882490291426 0.102488600503498 0.113848969455797 0.114369671910587 0.125072928129336 0.161742092759934 0.321707069051397 0.250082304715062 0.129503321710234 0.0880111812646752 0.0277640863959351 -0.025792825597752 -0.0507654224175279 -0.0698115855523377 -0.0758047381969609 -0.0952591382561823 -0.106986588634621 -0.115482352811811 -0.148568051347791 -0.173677347830093 -0.176207641764417
-9999 -9999 -9999 -9999 -9999 -9999 -9999 -9999 -9999 -9999 -9999 -9999 -9999 -9999 -9999 -9999 -9999 -9999 -9999 -9999 -9999 -9999 -9999 -9999 -9999 -9999 0.135858651354885 0.14612220975681 0.0189691468090952 0.0441734303352377 0.084271084296427 0.102184140646589 0.107751730955104 0.109705887779867 0.10780414530878 0.101322932531051 0.0998204114605332 0.100735370243747 0.110689477596552 0.133767007281658 0.288810031693775 0.353030156573172 0.208452040023414 0.139626960417976 0.0627518651695936 0.00702675812866976 -0.0200417790369875 -0.0574697471717851 -0.0700460176048553 -0.0956556534519132 -0.115479141067657 -0.133717699697032 -0.164867397671998 -0.183993516521515 -0.185181989092035
-9999 -9999 -9999 -9999 -9999 -9999 -9999 -9999 -9999 -9999 -9999 -9999 -9999 -9999 -9999 -9999 -9999 -9999 -9999 -9999 -9999 -9999 -9999 -9999 -9999 -9999 -9999 -9999 0.111605614375945 0.0653911203931302 0.0787653498919145 0.11534603488107 0.112844807319175 0.109771819725593 0.10726347509397 0.1032265923748 0.0938060926960458 0.0845336271907045 0.0839674106980525 0.0965729822466303 0.192509287407943 0.426775938388587 0.293570067739351 0.169945463487692 0.0721701668301987 0.0201747687577765 -0.00576309836667566 -0.0407242255851422 -0.0756899950024137 -0.110822559269278 -0.132709038648609 -0.145913306645002 -0.170840046626721 -0.192437339620282 -0.193368456699286
-9999 -9999 -9999 -9999 -9999 -9999 -9999 -9999 -9999 -9999 -9999 -9999 -9999 -9999 -9999 -9999 -9999 -9999 -9999 -9999 -9999 -9999 -9999 -9999 -9999 -9999 -9999 -9999 0.133592345862909 0.114525589693325 0.107504570272394 0.108034589605676 0.113260948953895 0.111384179193357 0.108934003886852 0.103089897055796 0.093492394060139 0.0750924710377404 0.0628887640311038 0.0447642860562192 0.0830938423343707 0.450662443735503 0.462763202483679 0.221448967417823 0.0702595843918988 0.0237617584995273 -0.00258039285561157 -0.0443261634664328 -0.0804261590022393 -0.117438594288379 -0.151846216981812 -0.168431792520382 -0.176634423538516 -0.183431927511696 -0.178112237889927
-9999 -9999 -9999 -9999 -9999 -9999 -9999 -9999 -9999 -9999 -9999 -9999 -9999 -9999 -9999 -9999 -9999 -9999 -9999 -9999 -9999 -9999 -9999 -9999 -9999 -9999 -9999 -9999 -9999 0.127629340179412 0.131236623130899 0.0955572248121403 0.103425006316156 0.109448566841178 0.110307061427056 0.104211218120954 0.0900867096846948 0.0689918234716325 0.0507003981297148 0.00217005161001432 -0.0241531861796671 0.371014022991586 0.654603609700337 0.348799113654906 0.105349978375669 0.0219729915425384 0.0160564887966041 -0.0431174552717215 -0.083126097876927 -0.117563386821261 -0.156212568151733 -0.179841456177894 -0.181164717463625 -0.150837972365522 -0.134266613204137
-9999 -9999 -9999 -9999 -9999 -9999 -9999 -9999 -9999 -9999 -9999 -9999 -9999 -9999 -9999 -9999 -9999 -9999 -9999 -9999 -9999 -9999 -9999 -9999 -9999 -9999 -9999 -9999 -9999 0.126352395490747 0.138972284308526 0.100792605799787 0.0961723585210781 0.109274957567925 0.1139887093725 0.109352169180279 0.0917371592995251 0.066926418611387 0.0393175927394018 -0.0101781682955445 -0.0737234848228554 0.305057765699833 0.736127702138996 0.438006927061429 0.153933405039392 0.0379378939506991 -0.0216598731587283 -0.0529990504641753 -0.0730571121900467 -0.100356770581949 -0.145544720272734 -0.16932037995601 -0.178103240731438 -0.143997577312649 -0.120290714623787
-9999 -9999 -9999 -9999 -9999 -9999 -9999 -9999 -9999 -9999 -9999 -9999 -9999 -9999 -9999 -9999 -9999 -9999 -9999 -9999 -9999 -9999 -9999 -9999 -9999 -9999 -9999 -9999 -9999 0.125613690875233 0.141949514451508 0.1082108654218 0.0938211270856796 0.114051779878785 0.11813230249662 0.11246201551876 0.0949634839524627 0.0681937633583521 0.0458035195966185 -6.17059073041437e-05 -0.0921477420123011 0.222914550854744 0.760394793133008 0.440591096853955 0.155112077211278 0.0614095518110708 0.0159618810845905 -0.04884724439646 -0.0677795092702121 -0.0808175986817988 -0.125808764013572 -0.148454706609032 -0.158636354169324 -0.126989882344952 -0.10174590810732
-9999 -9999 -9999 -9999 -9999 -9999 -9999 -9999 -9999 -9999 -9999 -9999 -9999 -9999 -9999 -9999 -9999 -9999 -9999 -9999 -9999 -9999 -9999 -9999 -9999 -9999 -9999 -9999 -9999 0.125655760546639 0.139663075364179 0.0886695897001252 0.0951856231939707 0.114760297888111 0.118759766558944 0.115686859414094 0.101132940968916 0.0740702508376769 0.0501796431007993 0.0029481174918296 -0.0831234318312213 0.266262376618701 0.711184313630507 0.408299813802003 0.153217221759482 0.0787300163358027 0.0464240035512034 0.000156328227036873 -0.0410323472744204 -0.073333462466913 -0.0969875169630189 -0.114162559340349 -0.115471006780794 -0.103197901565365 -0.0899149463197444
-9999 -9999 -9999 -9999 -9999 -9999 -9999 -9999 -9999 -9999 -9999 -9999 -9999 -9999 -9999 -9999 -9999 -9999 -9999 -9999 -9999 -9999 -9999 -9999 -9999 -9999 -9999 -9999 -9999 0.125944370716839 0.128304751503912 0.0721074289493418 0.09958650400434 0.115778205549866 0.119119148746421 0.116433403885671 0.105510316432964 0.0782766999750228 0.0557516803317842 0.0134871967734277 -0.0706785977707504 0.307963711517192 0.661552006855309 0.338494120124231 0.13015570890632 0.0871095099306071 0.0686582717372374 0.0481788017735886 0.0193268387233375 -0.0173654088160901 -0.054731863075637 -0.0436453556997565 -0.0621820145635302 -0.0706430458237292 -0.0580993623340518
