meets/meet004/_saidas_enm/CCSM_SVM_0k_Cavanillesia_umbellata2.asc
NCOLS 154 
NROWS 168 
XLLCORNER -112 
YLLCORNER -55.5 
CELLSIZE 0.5 
NODATA_value -9999 
[rows 100 to 124 of 168, columns 56 to 111 of 154]
-9999 -9999 -9999 -9999 -9999 -9999 -9999 -9999 -9999 -9999 -9999 -9999 -9999 -9999 -9999 -9999 -9999 -9999 -9999 -9999 -9999 -9999 -9999 -9999 -9999 -9999 -9999 -9999 0.0546155639142172 0.0934604684107262 0.115422137093087 0.110328667164575 0.112625454344499 0.116332852089414 0.119117808326739 0.119062038514052 0.117927706719306 0.120765564396237 0.131539134465902 0.0810321374060535 -0.0297702156833076 -0.124974701784248 -0.108086686756025 -0.064786400713948 -0.0462863081210282 -0.0481762987871442 -0.0512609691388682 0.00875246923343248 0.0708300534111272 0.0774075064285681 0.0654930282638404 0.0699073643219195 0.0657615371840139 0.0574858646331084 0.0430245325637938 0.018596143225807
-9999 -9999 -9999 -9999 -9999 -9999 -9999 -9999 -9999 -9999 -9999 -9999 -9999 -9999 -9999 -9999 -9999 -9999 -9999 -9999 -9999 -9999 -9999 -9999 -9999 -9999 -9999 -9999 0.0540189545485953 0.0930360906735965 0.113781434142081 0.109174071055414 0.111281513964516 0.115311462299742 0.118970903378457 0.118308441556744 0.117501119554859 0.120503350591704 0.124317309078517 0.0623969193609758 -0.0449402634398371 -0.117447513343651 -0.100511910961273 -0.0675528987904248 -0.0560735660400377 -0.0585423063018245 -0.0575705478124449 0.0709851428165412 0.137008577113321 0.0512722667835771 0.0218759207296035 0.0419667651537838 0.0504743593195551 0.0499963420813915 0.0448931868236997 0.0140423903266222
-9999 -9999 -9999 -9999 -9999 -9999 -9999 -9999 -9999 -9999 -9999 -9999 -9999 -9999 -9999 -9999 -9999 -9999 -9999 -9999 -9999 -9999 -9999 -9999 -9999 -9999 -9999 0.0888902993833834 0.0500683836032141 0.0909348043014526 0.11135034923872 0.106164288702628 0.109010721227931 0.11401086904172 0.118957059290667 0.117919617494239 0.11898867884041 0.132215729677033 0.108767526990732 0.0381087477156511 -0.0590092459292531 -0.101407655774818 -0.081016545979988 -0.0653460299583028 -0.0612470446975815 -0.0687968967755699 -0.0674731369487253 0.0172538510274762 0.0707266695774263 0.031172521580765 0.00889060821868143 0.0291678913783152 0.0535640665509676 0.0560323126871915 0.0487090308503866 0.0356399260615223
-9999 -9999 -9999 -9999 -9999 -9999 -9999 -9999 -9999 -9999 -9999 -9999 -9999 -9999 -9999 -9999 -9999 -9999 -9999 -9999 -9999 -9999 -9999 -9999 -9999 -9999 -9999 0.0880446121104981 0.0460554849224191 0.0910425838104439 0.106990095104229 0.101990110643304 0.105545985117824 0.112387496712385 0.11881829111973 0.113928268329162 0.112452914468474 0.124212971475351 0.0828091027165381 0.0195971636632514 -0.0651332430198857 -0.0865790041065037 -0.0640290811142191 -0.0579977736922172 -0.059482881175309 -0.0672496930672248 -0.0791468766060137 -0.0357035065224803 0.00619008678532551 -0.00622677369437669 -0.012357409517792 0.0030936398582605 0.0299375226383739 0.0557776725783463 0.0643071094328658 0.059917005024241
-9999 -9999 -9999 -9999 -9999 -9999 -9999 -9999 -9999 -9999 -9999 -9999 -9999 -9999 -9999 -9999 -9999 -9999 -9999 -9999 -9999 -9999 -9999 -9999 -9999 -9999 -9999 0.0845871363099777 0.0410711430498634 0.094984741473987 0.101265242644386 0.0965245432667483 0.102050741587803 0.111012716364305 0.117003923958361 0.10644376171055 0.0930507655543608 0.0836279390814477 0.0607855244380393 0.00784858128455346 -0.0731206476657916 -0.0799795030798051 -0.0669584224618028 -0.0561025586817148 -0.0547899978561503 -0.0622369720933818 -0.0811755657182043 -0.0651062468437832 -0.0389153923542219 -0.0329096608696217 -0.0461927029062231 -0.0291468819363725 -0.00659001189068958 0.0237065724429665 0.0549333795894312 0.0837517800529188
-9999 -9999 -9999 -9999 -9999 -9999 -9999 -9999 -9999 -9999 -9999 -9999 -9999 -9999 -9999 -9999 -9999 -9999 -9999 -9999 -9999 -9999 -9999 -9999 -9999 -9999 -9999 0.0818707712637215 0.0397298521630655 0.101887845086256 0.093939826293379 0.090883568966043 0.0992842701951243 0.110417518334508 0.11413854886073 0.0910369889589549 0.0693609355677456 0.0628556765148877 0.0581235725695802 0.00563743228206526 -0.0708576597290546 -0.0700125903926667 -0.0573584224595735 -0.0511736699979015 -0.0540500835179519 -0.0647882292664072 -0.0712444107658324 -0.0531965669678316 -0.0306041662324353 -0.0160585101704099 -0.0363672278146234 -0.0351283045384715 -0.0326064546406973 -0.0053349456413031 0.0363228448906597 0.0744273855377008
-9999 -9999 -9999 -9999 -9999 -9999 -9999 -9999 -9999 -9999 -9999 -9999 -9999 -9999 -9999 -9999 -9999 -9999 -9999 -9999 -9999 -9999 -9999 -9999 -9999 -9999 -9999 0.0887760289061494 0.0499622936911222 0.107515082410045 0.0896038059858397 0.0886381776333771 0.0977862084344363 0.110861840070681 0.109759571285806 0.0741875642354509 0.0551937942956873 0.0532649312858324 0.061631046841236 0.00823822865835189 -0.059716125037921 -0.0563369931786904 -0.050197701055092 -0.0481854954634929 -0.0512837499201136 -0.0401275135964822 -0.0386664339895957 -0.00830449777070807 0.0260216327710058 0.0407612169108953 0.0609215828921602 0.00171896202846217 -0.0332178581744543 -0.0223967782770869 0.00978830199569208 0.0477135376578963
-9999 -9999 -9999 -9999 -9999 -9999 -9999 -9999 -9999 -9999 -9999 -9999 -9999 -9999 -9999 -9999 -9999 -9999 -9999 -9999 -9999 -9999 -9999 -9999 -9999 -9999 -9999 0.120099870317284 0.0731955636583472 0.108256689868557 0.0902756990462938 0.0899253857425455 0.0981213207076484 0.111946754195217 0.104851600229661 0.0669756235668395 0.0534388605887148 0.0524082833431554 0.0693551001296757 0.0107279272534228 -0.0514645917864923 -0.0436088535528372 -0.0384241053467261 -0.0408061897086476 -0.0488863519757344 -0.040146947057512 -0.0386319714222775 -0.0134654729121479 0.0247394528616974 0.0623923245007116 0.087343672589319 0.0246851816050278 -0.0265632998268211 -0.0277824320573649 0.0025621111413125 0.0433038054483592
-9999 -9999 -9999 -9999 -9999 -9999 -9999 -9999 -9999 -9999 -9999 -9999 -9999 -9999 -9999 -9999 -9999 -9999 -9999 -9999 -9999 -9999 -9999 -9999 -9999 -9999 -9999 0.166887835645262 0.106187072642254 0.106739675843643 0.0943776848182958 0.0922033895811226 0.0984826524228644 0.112441721828879 0.0987051056349269 0.0673430729082197 0.0546867042822232 0.0571146751270919 0.0782701719601703 0.0106258710310121 -0.0431007358332239 -0.0317784320458973 -0.0253204356696831 -0.0278056020631267 -0.039616737404412 -0.0535394807094149 -0.0580833664479714 -0.0519013455897132 -0.0254690508183906 0.0286719400452896 0.0499773877799921 0.0159017622560532 -0.0243878604424805 -0.02707946005011 -0.00250007204323538 0.0358876929560983
-9999 -9999 -9999 -9999 -9999 -9999 -9999 -9999 -9999 -9999 -9999 -9999 -9999 -9999 -9999 -9999 -9999 -9999 -9999 -9999 -9999 -9999 -9999 -9999 -9999 -9999 -9999 0.190365313116687 0.119901382968877 0.106128836216023 0.0960665989939011 0.0924761097051411 0.0966698564773926 0.112376475053296 0.090586822309525 0.0594976145145065 0.0501072141977759 0.0671521761479645 0.0709788187505627 0.00131464805478509 -0.0344814825111937 -0.0192370797552393 -0.0140476824839022 -0.0175542261245066 -0.0281738857155019 -0.0414450507446401 -0.0512937295342761 -0.0484445720369664 -0.0312497248751329 0.000419774905927262 0.0133328739018881 -0.000178611376888849 -0.0197875383323904 -0.0183251213905738 0.00225428622019619 0.031679364442098
-9999 -9999 -9999 -9999 -9999 -9999 -9999 -9999 -9999 -9999 -9999 -9999 -9999 -9999 -9999 -9999 -9999 -9999 -9999 -9999 -9999 -9999 -9999 -9999 -9999 -9999 0.204539894228327 0.18722059524731 0.123377223709078 0.105078858261568 0.0994314825642577 0.0934256342367115 0.0974611407667999 0.112992131466516 0.0821032410920892 0.0565473112108959 0.0561587563372842 0.0783084095646948 0.0626494802006042 0.0106885229760629 -0.0153144702503377 -0.0039557323786471 -0.00299418319290534 -0.00856332845193714 -0.0164819267271964 -0.0260694115653702 -0.0288973258411546 -0.0225990053630129 -0.0113744535751735 -0.00516197674686886 -0.00470661243358766 -0.00522779542043211 -0.0113110340790961 -0.00751500760408347 0.00684519032497755 0.0277152369505345
-9999 -9999 -9999 -9999 -9999 -9999 -9999 -9999 -9999 -9999 -9999 -9999 -9999 -9999 -9999 -9999 -9999 -9999 -9999 -9999 -9999 -9999 -9999 -9999 -9999 -9999 0.19972963649051 0.163401905190209 0.114910767086148 0.103617689128557 0.100560401455207 0.0966058651784177 0.102903907840913 0.115913062819687 0.0856414521730282 0.0502184812127434 0.0653755020851214 0.0704828605902807 0.0671955899260923 0.0369778247811599 0.0148422597901535 0.0153164215035796 0.0131914716290208 0.00706695347665987 0.00170243722243574 -0.0031759793439175 -0.0066912783302005 -0.0067411447030416 -0.0033566740399954 -0.000244677275811955 -0.000214712362025693 -0.00254338293714751 -0.0041769631539248 0.000134470455484592 0.0123550540169538 0.0272610639084389
-9999 -9999 -9999 -9999 -9999 -9999 -9999 -9999 -9999 -9999 -9999 -9999 -9999 -9999 -9999 -9999 -9999 -9999 -9999 -9999 -9999 -9999 -9999 -9999 -9999 -9999 0.186039827380298 0.129434819321774 0.104432553752641 0.101217230559278 0.104745039531243 0.0992442452082247 0.10886220209525 0.117871265074755 0.0950390017997788 0.0608764941534468 0.0663730192376511 0.0667832320955343 0.0648623799510138 0.0570385725933837 0.0442748845734247 0.0375455650008898 0.030330173591296 0.0252525937999763 0.0224824794806732 0.0181348942280081 0.0144460759989774 0.00632125235641201 0.00190772513077148 0.00517641401128416 0.00931749482655725 0.00486562154796655 0.00231522865006284 0.00636218695215435 0.0155966699911148 0.0263689265919621
-9999 -9999 -9999 -9999 -9999 -9999 -9999 -9999 -9999 -9999 -9999 -9999 -9999 -9999 -9999 -9999 -9999 -9999 -9999 -9999 -9999 -9999 -9999 -9999 -9999 -9999 0.162838579972595 0.107458700423311 0.0926343297874785 0.0938038856841708 0.0955712206327503 0.0979123854632296 0.106719760007347 0.105423984408533 0.07848841818281 0.0742078962426865 0.0842224687121977 0.0772745899769375 0.0670146198284551 0.0676430247304241 0.0694803641236748 0.0603477757344126 0.0501936210800433 0.0468091571365373 0.0514765407084661 0.0547754373943875 0.0394907836353478 0.0179072375914332 0.00770725354778523 0.00821768334120204 0.0120385891615841 0.0119898072138437 0.011880950257493 0.0139292953142718 0.018826621415912 0.025131160185114
-9999 -9999 -9999 -9999 -9999 -9999 -9999 -9999 -9999 -9999 -9999 -9999 -9999 -9999 -9999 -9999 -9999 -9999 -9999 -9999 -9999 -9999 -9999 -9999 -9999 0.291131063523772 0.13606551407479 0.0932532744955914 0.0840631835252605 0.0829773974843794 0.0907342536475697 0.0930226301788963 0.0928354929405818 0.0772576102439347 0.0882396930959563 0.116542385323128 0.116082712767014 0.0859116775707066 0.0677465968956579 0.0765725131245872 0.0881254564385087 0.0726690911646463 0.0645738726016568 0.0661568877834243 0.0783489975473867 0.0991842180986518 0.065606960393262 0.0272270745431384 0.013187204163061 0.0141030188203555 0.0172393438380418 0.018714424369644 0.0203126766829457 0.0208550212976134 0.0225282195718827 0.0246762747217646
-9999 -9999 -9999 -9999 -9999 -9999 -9999 -9999 -9999 -9999 -9999 -9999 -9999 -9999 -9999 -9999 -9999 -9999 -9999 -9999 -9999 -9999 -9999 -9999 -9999 0.213151037086151 0.119035897820893 0.0903919374649217 0.0829923999724808 0.0754294562012918 0.0830791835730791 0.0828533473439659 0.077045041115738 0.0915499060473867 0.110694668548187 0.111532228026512 0.105313994465793 0.0896099389478567 0.0769896378734389 0.0760489039918024 0.0790960944891458 0.0707797547221655 0.0652280657221395 0.0676521063311397 0.0817858443717539 0.0918839902198625 0.0677773646241429 0.0354721844550758 0.0227387802333642 0.0215715574503873 0.0252442134413129 0.0255094553637261 0.0257267090759362 0.0251200622623495 0.0251294111130256 0.0254281575460741
-9999 -9999 -9999 -9999 -9999 -9999 -9999 -9999 -9999 -9999 -9999 -9999 -9999 -9999 -9999 -9999 -9999 -9999 -9999 -9999 -9999 -9999 -9999 -9999 -9999 0.182045813038808 0.11081627134282 0.0901657246439325 0.0826828135972136 0.069439349174184 0.0788840558010799 0.0731268461466278 0.0742047439350236 0.0978780952809337 0.100912753124519 0.0963355489632335 0.0905543283070193 0.0809994361557753 0.0743618083616705 0.0728436565375746 0.0713923691588471 0.0645996969380048 0.0574168339070955 0.0569626953496779 0.0679211851861478 0.0829838281279641 0.0580464039555806 0.0352625198600269 0.0280694065680805 0.0285526185645285 0.0313079338073184 0.0306179256916723 0.0304828481135659 0.0294063119769034 0.0288927808640305 0.0276893865062413
-9999 -9999 -9999 -9999 -9999 -9999 -9999 -9999 -9999 -9999 -9999 -9999 -9999 -9999 -9999 -9999 -9999 -9999 -9999 -9999 -9999 -9999 -9999 -9999 -9999 0.155772524997312 0.106022082858428 0.0829857088152305 0.0710466569765745 0.0573667709151521 0.0637550028810103 0.0635943209405296 0.0672851093618146 0.0832030929873833 0.0894393043330352 0.0888549109936145 0.0831270300049122 0.0709495469526152 0.0650060726109854 0.0670983953976212 0.068144361064389 0.0585860566816714 0.0484223167055751 0.0440528933177123 0.0444561107835099 0.0448780389325613 0.0402829760039716 0.0346653543773082 0.0319934658428389 0.0328838139451243 0.0346045961742839 0.0347876738659529 0.0346699396328443 0.0330211842411502 0.0320285968137632 0.0309833293779136
-9999 -9999 -9999 -9999 -9999 -9999 -9999 -9999 -9999 -9999 -9999 -9999 -9999 -9999 -9999 -9999 -9999 -9999 -9999 -9999 -9999 -9999 -9999 -9999 -9999 0.141073566894109 0.101831995118828 0.0758360793937049 0.0600045801446023 0.0466316857704337 0.0565498498857068 0.0572537524618467 0.0612757557094104 0.0744672982119312 0.0836037000642347 0.0861791265985242 0.0813254486908641 0.0685954614973753 0.0626089921260676 0.0656688838361575 0.0664020942598018 0.0537026597009308 0.0424359424874143 0.0388113736076888 0.0370843913194251 0.0359826293530638 0.0352394667485692 0.0349503538222334 0.034807049315742 0.0368919024261098 0.0378125800512125 0.0381803642427603 0.0382322286444126 0.0366861724291313 0.0361372137893953 0.0345905133587656
-9999 -9999 -9999 -9999 -9999 -9999 -9999 -9999 -9999 -9999 -9999 -9999 -9999 -9999 -9999 -9999 -9999 -9999 -9999 -9999 -9999 -9999 -9999 -9999 -9999 0.132752523260704 0.0975923714223886 0.0699165469714967 0.0516774262539259 0.0411020279179249 0.0511665238691587 0.0535220072788314 0.0611230279981774 0.0726595594231909 0.0814844752239586 0.0860556306610449 0.0807699077397929 0.070542356982167 0.0650219664295575 0.0641698834678626 0.0612941823418372 0.0491704338415814 0.0421109342983429 0.0421024410663429 0.0400764747546417 0.0380617204963777 0.0373140590998685 0.0375785044564309 0.0378253993261322 0.0395132181484183 0.0408153582501312 0.041530793664857 0.0417505001413462 0.0400210132845041 0.0389017186943387 0.0378585018827532
-9999 -9999 -9999 -9999 -9999 -9999 -9999 -9999 -9999 -9999 -9999 -9999 -9999 -9999 -9999 -9999 -9999 -9999 -9999 -9999 -9999 -9999 -9999 -9999 -9999 0.128274068391998 0.0928431321064208 0.0669192581055805 0.0494340122846113 0.0391625368978527 0.0478583757682506 0.0503392136088392 0.0576414644861181 0.0672496882775309 0.0758631218502684 0.0818675158470849 0.0754938422963987 0.0673725960301205 0.062957043089069 0.0614541256186453 0.058416842770022 0.0480525004000195 0.0455817591834534 0.0472207406630866 0.0436715729124623 0.0407717895436295 0.0397832346981025 0.0404035634031692 0.040805421602349 0.0426917426288758 0.0433597582173008 0.0439060450117964 0.0444592685336155 0.0430503813696574 0.0424139377705309 0.0409652916187397
-9999 -9999 -9999 -9999 -9999 -9999 -9999 -9999 -9999 -9999 -9999 -9999 -9999 -9999 -9999 -9999 -9999 -9999 -9999 -9999 -9999 -9999 -9999 -9999 -9999 0.124630603083551 0.0885331667241427 0.0648903379804737 0.0502497022138019 0.0395015669346019 0.0454344972970273 0.0493000417170987 0.0515129080950176 0.0562905784857682 0.0624065048535777 0.0641278388885608 0.0635924124500578 0.0595951313565811 0.057849211744335 0.0585089177153661 0.0555513899640692 0.0487343159736565 0.0480113956391868 0.0495638254706061 0.0465599270909034 0.0435151895765645 0.0427779112630878 0.0429697142364662 0.043206979265219 0.0446441864953753 0.0457921370516899 0.0462434351066726 0.0462477968803055 0.0450803958369558 0.0446618648140898 0.0444998962185011
-9999 -9999 -9999 -9999 -9999 -9999 -9999 -9999 -9999 -9999 -9999 -9999 -9999 -9999 -9999 -9999 -9999 -9999 -9999 -9999 -9999 -9999 -9999 -9999 -9999 0.12135724490771 0.0841328461427594 0.060107656329042 0.0517808297479931 0.0407976105663504 0.0444575112666417 0.0491907302543462 0.0500653207213029 0.0517926856116816 0.0556012566505076 0.0573945513173376 0.0587311714282825 0.0570994729555827 0.056518530611145 0.0583512368822593 0.0558132189741652 0.0500035005386919 0.0496158211219342 0.0511866952935922 0.0486536495229447 0.0462315955646218 0.0454016694078808 0.0457668221001773 0.0454316793412243 0.0465662222375792 0.0469700702199757 0.0469666485664441 0.0476052856058212 0.046964129829262 0.0471064590283004 0.0470731743461373
-9999 -9999 -9999 -9999 -9999 -9999 -9999 -9999 -9999 -9999 -9999 -9999 -9999 -9999 -9999 -9999 -9999 -9999 -9999 -9999 -9999 -9999 -9999 -9999 -9999 0.117847293926799 0.0817649477385187 0.0578636101529389 0.0528801940806564 0.0425482048081304 0.0457656641521038 0.0514115521176922 0.0522935813617548 0.0518901971185629 0.0550350131617787 0.0584690960348028 0.0583865546428593 0.0578304822258391 0.0582516603825511 0.0595098261533313 0.0588211028582853 0.0518261759557731 0.0504272828438352 0.0520423223426753 0.0505382528171225 0.0488706175012017 0.0482309272061247 0.0482968060923303 0.0476543543890295 0.0478726950444994 0.0472325132438456 0.0478077236874818 0.0491631392147688 0.0485377610416536 0.0492424463685768 0.0488807357277496
-9999 -9999 -9999 -9999 -9999 -9999 -9999 -9999 -9999 -9999 -9999 -9999 -9999 -9999 -9999 -9999 -9999 -9999 -9999 -9999 -9999 -9999 -9999 -9999 0.138794037954093 0.111877696030356 0.0771716200641157 0.0577749354875529 0.0567111239528519 0.0449031617494279 0.0446117346257117 0.0518977244383513 0.0550881171106626 0.0537704096997614 0.0546841045127611 0.0571179538004115 0.0572229804162605 0.0567289633364636 0.0572521057830133 0.0597449634541657 0.0601837633409882 0.0536521239777776 0.0510687566892439 0.0521572962388195 0.0516262652540289 0.0507974972821336 0.0505571675978621 0.0504411931732704 0.0493078596216606 0.0488080827931398 0.0485989482279367 0.0495506475565846 0.0507655959991909 0.0516218609709427 0.058341131809969 0.0636705257669997
