meets/meet004/_saidas_enm/CCSM_Gower_6k_Cavanillesia_umbellata3.asc
NCOLS 154 
NROWS 168 
XLLCORNER -112 
YLLCORNER -55.5 
CELLSIZE 0.5 
NODATA_value -9999 
[rows 52 to 77 of 168, columns 59 to 117 of 154]
-9999 -9999 -9999 -9999 -9999 -9999 -9999 -9999 0 0 0 0 0.0720673704565443 0.267615029001353 0.457099376113126 0.536523584264102 0.532555732279363 0.507174346751318 0.446239922967984 0.376924406596826 0.284744190184228 0.149928132011694 0.0132883385589374 0 0 0 0 0 0 0 0.0445722607668151 0.376459305371867 0.571281898964917 0.603446982727849 0.59800291761946 0.580378064527509 0.551121730929834 0.559262880230989 0.544653119778805 0.519320886229724 0.491244332923574 0.455973780997677 0.473563595502023 0.550702820221057 0.612974595634759 0.697842171180175 0.737873705082378 0.70801983683973 0.646950867578441 0.57712945329246 0.517564575048613 0.446680204889907 0.523241322547504 0.612988600307118 0.674106332543813 0.702119056592274 0.705229891384023 0.696517338690491 0.670719606869043
-9999 -9999 -9999 -9999 -9999 -9999 -9999 0 0 0 0 0 0 0.0971356387325376 0.291945280245208 0.389077452939697 0.396005306014008 0.364006897911705 0.269789999046465 0.154181676886766 0.0371520906713979 0 0 0 0 0 0 0 0 0 0 0.269606325172432 0.545698285514623 0.608822744766729 0.598968696410736 0.583516235750321 0.566739183420492 0.552464285419474 0.526608468925226 0.512360404272944 0.518408108846282 0.542001718807853 0.590729527769571 0.651298740860002 0.715806462193214 0.729660019681501 0.685330583536176 0.629622966388139 0.567923687837528 0.505341763809279 0.443301442627875 0.383267024676861 0.494026012859811 0.612649736985454 0.691264459635044 0.72195291851722 0.733182192320127 0.730908051931181 0.714330582882864
-9999 -9999 -9999 -9999 -9999 -9999 -9999 0 0 0 0 0 0 0 0.104180404588299 0.201763881579169 0.192185561131607 0.156773747049055 0.0340880797123432 0 0 0 0 0 0 0 0 0 0 0 0 0.152558223160605 0.458688576247854 0.610166731678599 0.618887911701205 0.611083177193704 0.602034572826211 0.603403517138162 0.578219199651947 0.579859360373021 0.597601969730912 0.633122892323939 0.698578635813004 0.723027548316354 0.677620415940885 0.62551648264901 0.563477750702789 0.517335923405748 0.451987642515587 0.390891486760751 0.343971950047572 0.289790804783963 0.439694718195941 0.588937505175332 0.691864850968759 0.735075226528002 0.751169556876771 0.75378316732359 0.746997729773842
-9999 -9999 -9999 -9999 -9999 0 0 0 0 0.0386260046063099 0.0121176031232954 0 0 0 0 0 0 0 0 0 0 0 0 0 0 0 0 0 0 0 0 0.0218242620684508 0.322666449448497 0.514378545186245 0.625561045010381 0.633118235296472 0.631516217847981 0.635743246445114 0.628380929546934 0.634568788470694 0.665962508901869 0.701583108572859 0.662952719780336 0.605593970588545 0.539070618052356 0.47786395586903 0.419314594310594 0.362520381560126 0.311864955698985 0.257235370324602 0.21572754827736 0.185946444434744 0.370489393968514 0.556049394839601 0.67913949380233 0.729304510184233 0.752786528120664 0.759711642550904 0.75768468195434
-9999 -9999 -9999 -9999 -9999 0 0 0 0.117653544022286 0.258568224985728 0.0712340182739358 0 0 0 0 0 0 0 0 0 0 0 0 0 0 0 0 0 0 0 0 0 0.153735318984344 0.344925303275951 0.493825215924707 0.562041319965586 0.593474606149106 0.607561638521134 0.600461487302142 0.592117742315677 0.563368736408705 0.513581427106159 0.466900080894308 0.388948628938225 0.321041016934928 0.256906326247072 0.188515051832055 0.148214784800436 0.109049776373076 0.0821395397043161 0.0715028506774843 0.0499351986678859 0.279659554597872 0.489553291424088 0.644644663249286 0.715784521062315 0.747527549527726 0.75926529728882 0.760007315275115
-9999 -9999 -9999 -9999 0 0 0 0.146234725314995 0.329938917198116 0.379526609713448 0.192822872018883 0 0 0 0 0 0 0 0 0 0 0 0 0 0 0 0 0 0 0 0 0 0 0.147926871232598 0.300644100360972 0.38020173646914 0.408695478225942 0.424533461090146 0.391439597083258 0.353362753958446 0.307684484616045 0.246399601150347 0.189946421837698 0.106172478140145 0.0334131718643182 0 0 0 0 0 0 0 0.194211698095259 0.414728863084958 0.599157875487679 0.680826884080162 0.730351647248912 0.750012576714049 0.75373528198981
-9999 -9999 -9999 -9999 0 0 0.0710778354106757 0.420684313942004 0.493571776240293 0.473831140048897 0.28093445905634 0.0697131788090669 0 0 0 0 0 0 0 0 0 0 0 0 0 0 0 0 0 0 0 0 0 0 0.049232305112236 0.112391524279015 0.120620594398358 0.12257295086009 0.0668313576334896 0.0232807909425655 0 0 0 0 0 0 0 0 0 0 0 0 0.0813967877165944 0.322860794640336 0.526210710236925 0.624253468151812 0.68284491858736 0.716984353980737 0.7277786203299
-9999 -9999 -9999 0 0 0 0.322816413265618 0.571423023499165 0.518722746965166 0.493078598982704 0.339482255511147 0.15316246002978 0 0 0 0 0 0 0 0 0 0 0 0 0 0 0 0 0 0 0 0 0 0 0 0 0 0 0 0 0 0 0 0 0 0 0 0 0 0 0 0 0 0.213910173385233 0.422631273554107 0.534168423332549 0.616946306122625 0.653994790553504 0.677073557011808
-9999 -9999 -9999 0 0 0.301982538029427 0.548541646164564 0.61978034703093 0.563820750435208 0.54117630366172 0.407881168712049 0.25467298197343 0.122136062868834 0.0353378253023405 0 0 0 0 0 0 0 0 0 0 0 0 0 0 0 0 0 0 0 0 0 0 0 0 0 0 0 0 0 0 0 0 0 0.00851719943476315 0.0354860930159695 0.0489917411002279 0.0612344987924227 0.0625520885221168 0.0526708722591998 0.0758799284235866 0.278539560925044 0.393185638527928 0.480975962764819 0.537550266964171 0.559370017293911
-9999 -9999 -9999 0.055117501547014 0.244908231483659 0.536541781753875 0.667522694825053 0.67415258402762 0.622171496335514 0.595519197328333 0.450013430335444 0.316620759220748 0.189140772678799 0.148901141347035 0.0869400779556924 0.059792669481909 0.00691833920924301 0 0 0 0 0 0 0 0 0 0 0 0 0 0 0 0 0 0 0 0 0 0 0 0 0.0151679039124529 0.0669062688710714 0.0860014260145963 0.121839668783534 0.139298651424705 0.14848206244245 0.171915569635666 0.171718821630546 0.190041686317189 0.201268478017425 0.183551122277575 0.184365251953936 0.151051093865633 0.127118225535857 0.230498842921857 0.325449189911725 0.376537308895694 0.408174064296616
-9999 -9999 -9999 -9999 0.522117996422016 0.671339444787719 0.748443231389733 0.722614025957306 0.677276547277626 0.616420849008924 0.505954305380309 0.392328851159259 0.299286157502354 0.250482122256599 0.196458611196841 0.171908926563655 0.144437562322819 0.10525163528572 0.0861115313996458 0.0691725458208584 0.0710447613925734 0.0739291267233895 0.0634838147072856 0.0618804315391189 0.0503612033283984 0.0476105474895681 0.0409137655336675 0.0238460174314141 0.0140597829640726 0 0 0 0 0 0 0 0.012584738293499 0.0393879791002791 0.0886074890306978 0.129374043180774 0.16859092410661 0.219560035460438 0.24982594221797 0.284800373612414 0.300811378567912 0.312401772454335 0.329099487311326 0.336562484019927 0.347572069903067 0.347304758361966 0.348157165853628 0.346091254343781 0.329319627410446 0.310986020735017 0.280056725499013 0.255252413329027 0.223905452608015 0.180384073031356 0.176409678522746
-9999 -9999 -9999 -9999 -9999 0.695140089176329 0.765734345750019 0.675243140084722 0.72187761683698 0.632228237084893 0.521814786896462 0.425010867683836 0.350617057728473 0.322436274070379 0.275250604240308 0.251894835123827 0.229308319612136 0.203239350275616 0.194334524256501 0.190757866016863 0.19312746393773 0.19041186090441 0.194923778878159 0.186801421936881 0.18653456832074 0.184561999959057 0.169594734690207 0.165923801364781 0.144927170864297 0.133236070833012 0.120238264402775 0.107025335512917 0.104514395634348 0.100740706705674 0.114309110619152 0.125369966861046 0.153214049844341 0.195058195079933 0.225552793125027 0.276973209349796 0.316200832264417 0.352325140239087 0.390977554820018 0.405982943921874 0.430556765279861 0.441443401471186 0.447711839729542 0.462741631003291 0.462901600796808 0.470167052009893 0.471676719139934 0.460783478372171 0.461691294784056 0.433886167023251 0.420167975108257 0.39443550247745 0.364789227371266 0.345789251395916 0.316423445847797
-9999 -9999 -9999 0.545497891753636 0.658479802790122 0.733309278841163 0.746590526163581 0.702068294284902 0.720299648532714 0.63288933421488 0.550663533686147 0.48000821851199 0.413711063094914 0.375707843616923 0.344753028113702 0.328126277261572 0.31840583747554 0.307217773471715 0.307030990074612 0.305097432093254 0.310106308390283 0.320210632933432 0.321834440014486 0.325838516334214 0.323788068553837 0.323362911945071 0.319324348187664 0.308124128775476 0.298759588038937 0.282898476229582 0.273770047233384 0.269292687368292 0.26053775449532 0.267074184000208 0.272298394769795 0.285451182656651 0.318557921422027 0.34706907926591 0.388674712820686 0.425847771801333 0.458081650434119 0.496351412116295 0.521661030403476 0.543928794519874 0.556408532688344 0.552968612492067 0.554929601693819 0.559762478738002 0.573327598401053 0.586934948187062 0.586227953990957 0.584771976695213 0.575896632540056 0.568694268677775 0.552577648529908 0.541365407582025 0.532762667247532 0.51275907029365 0.497551276494231
-9999 -9999 0.565601252240307 0.64973667707878 0.709642125732636 0.727803892483376 0.732937281249127 0.680028507081329 0.711135239787703 0.63801897687267 0.561655637407714 0.482889829972874 0.443985259615721 0.416321608834406 0.398058981676979 0.390820922075649 0.370552102683748 0.377766524853616 0.37768191675335 0.393527199412565 0.404898959123734 0.410320134507864 0.424507459915537 0.427112652472021 0.439548652773873 0.445705021798353 0.436147017820808 0.436837717472522 0.42649022328412 0.420805768626609 0.415010704694223 0.402027567375865 0.4016569463549 0.400613492799533 0.412235461674922 0.423235140406124 0.446823419915828 0.474972333260703 0.502306415965036 0.542560662974525 0.567466093249469 0.572104513841269 0.548966610450825 0.541087035509303 0.531758540632102 0.528263628347997 0.530445531999167 0.533146417646463 0.546830694029248 0.561496460914696 0.57451365884733 0.588072920264573 0.596868256190793 0.600209916764562 0.598172125960268 0.587971631194553 0.555766920767149 0.523939452333254 0.482748633987837
-9999 -9999 0.614518741110114 0.699610124304611 0.753283500259609 0.749540897307426 0.708240867732145 0.664258357862155 0.681787327725907 0.656279323023706 0.588007113120349 0.531496404758112 0.489932116024207 0.456421259917574 0.432456102419753 0.424661311785616 0.432945258207318 0.435408070000167 0.441773838858664 0.456156312119619 0.468989004138902 0.490286468930577 0.504554575289001 0.517415146722161 0.527819528175734 0.534957739451482 0.54042350305222 0.539948954323966 0.538056292431492 0.532147087973533 0.52811025766607 0.525597897473195 0.521042992009237 0.524275136696268 0.526891148807246 0.534703220506674 0.554488867587219 0.572561712140148 0.59924504727825 0.60807771663201 0.581967690813362 0.56113061346399 0.542103734069273 0.532197909067698 0.524312144762127 0.520794602329172 0.52225445578918 0.524607667792504 0.532619761348328 0.541113807692646 0.549431110760937 0.557123807661186 0.560535591437276 0.559079055782046 0.551462398912385 0.538170800746107 0.518117921425316 0.491420340551003 0.460139273250678
-9999 -9999 -9999 0.748112663135497 0.769308262185502 0.754057580933485 0.684176173676004 0.634672766196566 0.658992004117873 0.679595253450503 0.613686211350739 0.552490895594163 0.515661023505227 0.500949910657549 0.472780656711103 0.4722944903634 0.483453582713261 0.478759258346611 0.496631869034023 0.512979768291311 0.532597291411413 0.555137523752125 0.5693076927742 0.588279739348884 0.602032177386019 0.61553078537675 0.625913697216772 0.62720931976326 0.632270668974804 0.628176198727518 0.628512990757485 0.62832367469636 0.622738525404471 0.627131143296631 0.627312055831441 0.632248299024474 0.648026497113374 0.65752525582821 0.638128337340515 0.607494118184623 0.583359551434872 0.564027398851104 0.544020142020427 0.537335063399145 0.528872182922526 0.524501825082547 0.523849492091801 0.521327938046353 0.525631298949621 0.527498519540733 0.529408388161328 0.531871897688486 0.530144945406761 0.522978805469175 0.511490991751924 0.495104406422818 0.47319290437811 0.44652187511145 0.416688900970027
-9999 -9999 -9999 0.690038371170423 0.769093610865739 0.761301294162268 0.675691187741967 0.618414448663495 0.646546538436954 0.636949180949006 0.640050618128821 0.573788138030807 0.530560709506911 0.516956904029516 0.506335866613536 0.509309704850942 0.513353714870207 0.519198203672046 0.529001873186975 0.550260838382878 0.570437833765381 0.594776146671871 0.615952618725828 0.635738898972379 0.655864315456975 0.670243224142704 0.683362505367173 0.691718289700717 0.696463771812204 0.698985464021652 0.700246356665801 0.701012581760596 0.700425998846675 0.701573940306115 0.702556341030484 0.705423821168402 0.70181807881077 0.674769598691402 0.649297466561115 0.622575176115396 0.600001421796258 0.581580226435624 0.564993306419918 0.55467242470285 0.545579958549251 0.539418021278619 0.53511367517123 0.529957833035655 0.526906018597368 0.521794409783532 0.51721801591025 0.511508874684019 0.50199000210044 0.491686523448723 0.476597329688054 0.458581215214422 0.436942018698422 0.411080328504287 0.38373532486804
-9999 -9999 -9999 0.538527522974436 0.747742495397259 0.74481678707786 0.721904672051504 0.600425125776166 0.51523699791324 0.459884579133874 0.491050993459632 0.596533356560601 0.541411577564525 0.551244681829426 0.544773256410182 0.556645082244017 0.558048211437039 0.550740634000391 0.570995996603709 0.588413247170028 0.614413944893613 0.645006998528901 0.658397306404628 0.685445893867546 0.701929408435004 0.718014597234106 0.734664257549161 0.737885518330888 0.748288482055678 0.748040573432916 0.751227141084197 0.756426961460388 0.752902077182048 0.757623846020046 0.752835336814111 0.73395854873347 0.713239023453892 0.689194345627819 0.668330138487404 0.643772681783396 0.623555202056608 0.606645141202135 0.589519848396678 0.579452101480971 0.567700753302519 0.558904245727137 0.55136983862862 0.541666826096916 0.533670144821693 0.522097510327509 0.510406437385468 0.497208712259429 0.480457860696572 0.466640961779299 0.44848984632338 0.429532786521027 0.408144739115767 0.383788428083345 0.360281526015362
-9999 -9999 -9999 -9999 -9999 0.711294126810686 0.688872453353859 0.53391143014551 0.40720479966696 0.325571604360465 0.339724934295475 0.448537046325165 0.577819977703129 0.573415667498615 0.580524400932331 0.592076115385452 0.588597974214014 0.591385168672593 0.601633009886085 0.622307045754061 0.646074943207857 0.670460852836551 0.693742654718851 0.693306646341668 0.678547547173544 0.682209346795317 0.700071632046316 0.716872283101624 0.721004190208195 0.721050056117825 0.730202710643671 0.745042737963612 0.75965792610418 0.766057129262646 0.763817614482896 0.746387314401806 0.727633521465434 0.707909595891489 0.688416359886858 0.668844375304426 0.65043210332569 0.633348944042909 0.617702111504971 0.60452469054949 0.5922205582966 0.580768683643849 0.568492495223463 0.555816130031936 0.542882060607317 0.527662011974154 0.511018154903321 0.49146829105706 0.470267984128738 0.451408704561873 0.430279262540732 0.410828512572351 0.391417590015449 0.369061863813489 0.350154694360675
-9999 -9999 -9999 -9999 -9999 0.519735719507741 0.684124144381316 0.505833834711703 0.346396841599849 0.205106134293228 0.203430714998071 0.324026718096801 0.51878423816642 0.618203402643544 0.622435229120237 0.638241078522374 0.645589806578342 0.62907815749201 0.645481902335731 0.607369397441267 0.606582897147072 0.643275314909634 0.669056362255445 0.664515420135205 0.645586221967358 0.6487572214742 0.668649961202682 0.682883865413374 0.686931978221248 0.683052383834607 0.692070622119397 0.709791128134076 0.72428472533892 0.733020096309323 0.738084270065581 0.746027839342002 0.744771523098406 0.726265400493588 0.710805211667092 0.692910062328204 0.67645175322214 0.660738406161299 0.644318269894331 0.630762725151994 0.615798415947221 0.6014301307839 0.585690547441855 0.569607377983174 0.553785017627862 0.535193054401927 0.514391845818105 0.489937815170305 0.465080963899561 0.444351857076905 0.42200188978528 0.403496631653779 0.386410247788741 0.366231632174055 0.352307314423996
-9999 -9999 -9999 -9999 -9999 -9999 0.725745159753189 0.567050731736992 0.336856144677723 0.116724323446314 0.0755686691895989 0.202322669144254 0.428499113543361 0.641473003727178 0.643806111488719 0.622161826636207 0.639939615630907 0.649546721827186 0.619133831011715 0.580584809910798 0.578032925128493 0.610426436831471 0.637659515872375 0.633854874358468 0.620097034552767 0.622813724940565 0.638572227063241 0.652346522914973 0.65391116264837 0.651254500434779 0.658912665630038 0.673095199503576 0.687094267578726 0.695119192661133 0.701382849966774 0.710783368961232 0.720063443910692 0.730091734386805 0.729742837375742 0.714681407624901 0.699524819076219 0.683007144035375 0.667658913418046 0.651827963855555 0.636090699869437 0.619239608117267 0.599689235877152 0.580435349457377 0.56180899832855 0.542650718480361 0.519849292352618 0.491850985803885 0.46500252147878 0.444697634177473 0.425378914806048 0.408743423310229 0.393963270864198 0.378779994694678 0.366154159675014
-9999 -9999 -9999 -9999 -9999 -9999 -9999 0.63660283307186 0.364222806461502 0.0777013787369313 0.00660918673610977 0.119585081047254 0.347035498523915 0.669577533541196 0.61902839482022 0.595491903339845 0.612896621308599 0.622499246855516 0.596861125636751 0.557089174522654 0.553516525676039 0.584212324843419 0.607995546860896 0.607229792113639 0.595892175762787 0.599827587657966 0.614462421971875 0.625562509909802 0.627336864336115 0.62237867861802 0.627927746325951 0.640450153713636 0.651138317812385 0.658772940429651 0.663371283242801 0.672906966873111 0.684788290423228 0.694955568504279 0.701243697131815 0.706375821463756 0.714548255916375 0.703606401566166 0.68801149448142 0.672199484372919 0.65485465864523 0.636114128267955 0.614518330655726 0.592654127068846 0.572181139696437 0.550266789525441 0.526780716832489 0.499439774743531 0.473596694922796 0.455517778016452 0.438213282999968 0.424117228481692 0.412470347598963 0.399914468184848 0.389301342017405
-9999 -9999 -9999 -9999 -9999 -9999 -9999 -9999 0.420938191084305 0.0959841821688285 0 0.069258981850215 0.275131222017819 0.571971988426297 0.599437747404906 0.567654895617146 0.591787365299537 0.596499104503374 0.576349811151118 0.545044767863003 0.539307223459349 0.558632150764559 0.57430579269292 0.578847581482019 0.576894555087762 0.581794752628431 0.592091512728573 0.599995247531056 0.602651973460798 0.60111707837078 0.604414499361573 0.610108297767551 0.614002480993004 0.622836423009567 0.627760927722047 0.637454653326383 0.648762636267138 0.657143676319663 0.667547552989803 0.672260739306232 0.682761953737024 0.698855296114843 0.705095927295898 0.68866743920806 0.671488036078432 0.652523332538832 0.629507492576867 0.606199152948776 0.583387963927041 0.558840625177663 0.535598445011837 0.512234315525972 0.49014840942826 0.474124150489424 0.460578708419335 0.448511548322328 0.437390668123616 0.42714047454753 0.416693508098295
-9999 -9999 -9999 -9999 -9999 -9999 -9999 -9999 0.475970677381787 0.15135696319622 0.0130660576416007 0.0474399316311073 0.212995960414254 0.469219299954886 0.619315415563734 0.583886803345409 0.588368594198474 0.586092458880484 0.568307764782862 0.54082097666637 0.532026304317859 0.541963597330356 0.550319525659668 0.55592357392669 0.558574368854674 0.564762213659504 0.573308623043472 0.578728322125464 0.583951573513193 0.58499110900368 0.587963975038082 0.591029170095672 0.591258926218055 0.598198306269022 0.602079694427316 0.610925794349523 0.622352929733291 0.629620369128978 0.642460060272245 0.649573442653208 0.659519122439131 0.671865677568558 0.675676171248986 0.671935187570049 0.66149858239676 0.649953655287791 0.637583276797331 0.623380684913989 0.599791579431417 0.574666559062917 0.552551153895792 0.533079985139001 0.513917917807544 0.499930555144337 0.487472577205928 0.476628791524518 0.46722861311396 0.457468290637049 0.44807168881291
-9999 -9999 -9999 -9999 -9999 -9999 -9999 -9999 0.536555373564044 0.224051404304337 0.0652506421351796 0.0614301465003763 0.138896201997668 0.337752947346855 0.595883866887071 0.635490658034664 0.620697801185555 0.5890863026478 0.572013909766109 0.551374610050977 0.53575967985634 0.534548650724328 0.532033344412627 0.538589000961073 0.544807795616485 0.550613217160258 0.555767629185988 0.55936246097272 0.565606892199645 0.572217541186464 0.575184210555154 0.575282506217948 0.57635831239763 0.5789874027966 0.583636975555385 0.591466700268189 0.598799770539672 0.611367918564553 0.625606197591 0.636720672419938 0.644772285930324 0.647382395395771 0.642770650592121 0.639427758947824 0.633979781773871 0.627002861030419 0.619417434841615 0.613812842287468 0.609272008160706 0.595375750906302 0.574855135995475 0.557197270063617 0.542375322344929 0.528583254239278 0.516633153100593 0.506439518086014 0.497197255058867 0.489167394207626 0.478717336132842
-9999 -9999 -9999 -9999 -9999 -9999 -9999 -9999 -9999 0.331416955818891 0.170284619897064 0.102616436674416 0.12074933959341 0.21657783317008 0.38642077364328 0.549317916943048 0.684615767603867 0.636527317658857 0.600702027040507 0.571637596775982 0.546597440839211 0.535411128749353 0.528765013624742 0.531702725622501 0.537175270232543 0.541086242123936 0.543079651598993 0.543861102118202 0.549659882063137 0.555026293923757 0.558387607095366 0.559774904260523 0.559533814222725 0.560044420341344 0.562173982592569 0.569628114631738 0.578501369513744 0.592392803730142 0.613073690653343 0.629741440616077 0.636051302930865 0.630541711158528 0.619210833600642 0.611996386604135 0.605940395355151 0.600837272671466 0.599773812306078 0.598000964388769 0.593000601818219 0.589701055515798 0.588632006487974 0.585196814485161 0.571033157847912 0.559231077260762 0.547939308465944 0.538264591261492 0.52992596417846 0.520629048812052 0.511742140862663
