meets/meet004/_saidas_enm/CCSM_Maha_0k_Aralia_warmingiana5.asc
NCOLS 154 
NROWS 168 
XLLCORNER -112 
YLLCORNER -55.5 
CELLSIZE 0.5 
NODATA_value -9999 
[rows 50 to 74 of 168, columns 56 to 111 of 154]
-9999 -9999 -9999 -9999 -9999 -9999 -9999 -9999 -9999 -9999 -9999 -9999 -9999 -487.734967899625 -262.100904067054 -117.941939483591 -59.1104435237843 -56.1564444132621 -59.0943628088128 -46.7768713336088 -30.0001301451722 -18.0840874123506 -18.5854626252084 -28.9271944304561 -41.9332526829082 -55.377260328721 -72.0492739363676 -98.2362043810419 -126.358665188826 -159.876961533184 -186.589677602383 -160.74306848284 -124.482192013889 -78.8949248649058 -35.2389070293348 -15.0679863757677 -5.80218281021796 -4.83317048226884 -4.26017644786551 -3.96507770884596 -3.40811876175733 -2.52750297490116 -2.36814865298154 -3.83184190015642 -9.66779145003748 -25.0846333109782 -22.5832854751014 -23.731017692191 -25.4748548129358 -23.7086896322478 -24.9632972630072 -29.2867441212713 -21.8793111145467 -20.5291477963781 -21.6804231500296 -18.6453760751038
-9999 -9999 -9999 -9999 -9999 -9999 -9999 -9999 -9999 -9999 -9999 -9999 -9999 -205.621538549924 -140.973059941835 -89.0643562806489 -52.5084007216657 -44.4631568753816 -44.7050837783087 -40.8677564543824 -33.6006334862778 -30.8307198612301 -28.2406116806893 -36.3358362409788 -49.0192475611524 -65.6617452971076 -88.2756602285239 -119.62774660288 -158.097258605399 -200.830967608351 -225.861840656827 -207.03300422 -162.249151452044 -103.314873833495 -53.0738755903824 -22.996283448956 -9.15752754719032 -4.29725858512522 -3.72296660106575 -2.80236901031759 -2.22510001350288 -2.18237279980143 -2.71282873266081 -4.20446154620203 -7.61717752498702 -11.5524709575203 -13.9854888492441 -13.8929718354583 -16.304494137897 -20.7012424585909 -25.3443360089488 -26.0359758664645 -21.3193790393355 -21.0609763505693 -19.9642347287175 -16.7901289283137
-9999 -9999 -9999 -9999 -9999 -9999 -9999 -9999 -9999 -9999 -9999 -199.370597210054 -130.996924178386 -95.3432747188721 -91.1685167443588 -76.6368156456969 -55.7851073938421 -39.0563822687695 -34.7667182950488 -42.4969799640739 -41.5180048240101 -44.5626161584861 -51.3002729149153 -62.3654620229088 -79.0514171594666 -98.8630548967678 -129.997436175825 -167.772077318925 -210.87944180524 -257.473191683517 -283.82787876208 -247.788921521751 -189.910456510159 -121.517032937052 -62.9296062351919 -28.6277921278499 -12.7070427630085 -6.80995035163679 -4.6311930983406 -3.7578140843149 -2.23036520140531 -2.66779662697692 -3.23180059684053 -4.31504561396565 -5.94966210715807 -6.78585451346661 -9.94566831238926 -10.0301012942388 -13.5924532686179 -23.0576518580856 -26.1040531287321 -21.7357714632621 -21.6304022183108 -22.8477070647984 -19.2816724296393 -15.5625871277177
-9999 -9999 -9999 -9999 -9999 -9999 -9999 -9999 -9999 -9999 -183.551191744282 -111.969146719485 -73.915914544195 -66.8478651855821 -66.6451966580526 -74.5005082333348 -73.4816570618671 -54.9674087398159 -47.6154481283566 -53.2859447990936 -57.1865028840778 -64.8964581584335 -76.7307353752118 -91.8752163353882 -112.253846618595 -139.924242783225 -177.201611102033 -220.711996900038 -266.322540335969 -304.661195290824 -317.080124142496 -272.060734157349 -201.729038156622 -127.793479269002 -69.5638227831542 -33.4150808639761 -16.3207298903384 -9.73134432107235 -8.51896842266038 -7.6954929448553 -5.18376292239754 -4.90739707494025 -4.97117346265007 -5.97849348905878 -8.5416992400093 -10.598928948461 -14.5972732667156 -17.9022010610088 -24.9446593165203 -24.8481823555744 -20.0858688766571 -19.6404644531348 -22.9058535826798 -23.1494808001313 -16.7760930928006 -12.796831261896
-9999 -9999 -9999 -9999 -9999 -9999 -9999 -9999 -9999 -9999 -90.6518413988721 -52.3609371012815 -63.7788796351555 -54.257273817527 -51.6486839592878 -64.9779835466993 -85.1546911709487 -85.0577302089581 -75.8218687874396 -78.810278157104 -83.5292581452376 -95.0793934753928 -110.02259767673 -127.777823325873 -155.059337139722 -187.974924597151 -230.338935117975 -278.219944259894 -291.738328337204 -284.011034328089 -307.764546359578 -280.368970860935 -210.58303064096 -135.329926325751 -75.9308962374546 -39.4167786066256 -22.9282750365467 -15.2645053515347 -12.5965503541328 -12.4448294597604 -11.3979194855655 -10.6783295967814 -10.1823156662074 -11.7130654221176 -15.7268601044031 -19.9384693328021 -28.2114089815796 -26.3894033056605 -19.7073251102996 -17.8727620240279 -18.0890515604241 -21.2075161673231 -24.0908045683701 -24.8994963488159 -16.2929247685249 -11.6229788415304
-9999 -9999 -9999 -9999 -9999 -9999 -9999 -9999 -150.742433369519 -78.3059127279035 -27.9095995536907 -27.7350728157851 -54.2335322311144 -53.0798470873522 -44.3748501897834 -57.2100907272865 -84.497438848089 -104.497161568192 -108.848019806803 -114.570341579554 -122.757509060767 -134.028732614995 -145.026645301333 -165.60757978237 -200.945896416267 -210.331967374582 -221.311857593076 -220.940955078926 -225.632613765385 -232.980623475938 -231.791557157085 -224.86079762279 -209.428772970258 -143.269092190707 -86.6977272840237 -51.434537888167 -32.9862546679334 -23.7415482970719 -19.6683534933067 -19.6307116735968 -20.1612712572749 -21.8992127052102 -21.5020161902229 -24.1554320569517 -30.3161331881047 -24.7104478243667 -19.8198067271708 -18.1301590151619 -19.7289037275212 -24.4851040408555 -28.7328281792264 -31.0595585402396 -33.0439283404526 -32.5794857551584 -19.6947929172455 -12.0507559456545
-9999 -9999 -9999 -9999 -9999 -9999 -9999 -9999 -99.4399392547367 -34.8241197860626 -7.52695114282535 -20.4331591988222 -47.5109218203166 -45.9103751643932 -39.2507556809 -51.41092929725 -72.756548719793 -104.601363127848 -118.915956040235 -126.958745191099 -137.667921718366 -144.06577444831 -151.174029289323 -152.084974693502 -157.353479924788 -161.904626495254 -166.299722519595 -174.075064028117 -175.396434682378 -172.058619508697 -169.119288915015 -166.46182429319 -164.132256116417 -155.814920001035 -101.143875893545 -68.2476501903596 -50.5515396240597 -38.7466471083306 -33.5824870080055 -33.4341186676579 -35.0763582879389 -38.0677122746393 -39.0121742747498 -33.1992914025655 -29.6646444697833 -28.3691318062869 -32.7822019576362 -38.7247612683406 -50.0181630344258 -57.4465986975053 -58.3787507802001 -57.6329828910891 -53.7750340687025 -44.0094056103907 -25.7879874603827 -14.9509920881439
-9999 -9999 -9999 -9999 -9999 -9999 -9999 -114.833208657584 -62.6640729447015 -20.937738624223 -3.98352644271629 -15.3574043638752 -38.6259228388507 -43.3820835543392 -39.1886443428179 -46.4124084089944 -64.3468038188848 -88.4187692893343 -95.6349644346655 -105.219366009941 -115.12177304285 -117.556488870015 -122.208499295422 -123.401123366644 -126.952912533498 -132.93294177854 -132.781914030193 -131.67190057399 -132.559286496754 -132.667032796417 -133.046824475145 -131.430924742472 -129.420771238562 -125.530487352446 -119.511995443365 -89.0827851505085 -71.3105232047782 -61.4002095438736 -56.0598133777515 -55.0097758725517 -52.4754777805491 -51.2601350252993 -50.4602524904244 -50.5121946372644 -55.5978212777725 -65.9367276409164 -81.2271377492181 -94.8517081715994 -105.498838545102 -111.015007502999 -108.786814120956 -98.828063553687 -82.469111285147 -57.038713180931 -32.2569125444286 -17.9273097982041
-9999 -9999 -9999 -9999 -9999 -9999 -9999 -90.2759781315872 -40.5654627442779 -9.31587462732046 -2.6114925196987 -12.4780340755004 -44.5309003105292 -55.0341151602421 -46.3538772014581 -42.8488088130574 -58.3194757368753 -71.6830978249871 -76.6129101428268 -81.1748259842194 -87.467881652492 -91.8203222760934 -97.5449711249501 -96.6461339964001 -94.8022884062494 -98.0565434912123 -97.5547978497522 -101.284739676899 -100.461937108848 -96.0955086655365 -96.9939091191312 -97.4202397258881 -101.596958211137 -103.648599259901 -105.155660869339 -112.20510583938 -94.6960745834461 -82.5993931808162 -77.8034616696575 -78.0584760301277 -78.4523133650107 -85.2243300470729 -93.5013608190555 -107.496921989269 -130.474206405041 -146.995326563594 -164.212610878022 -170.79873038479 -172.350403742724 -160.105016451088 -150.090134970541 -127.889290776482 -108.948129067336 -73.8142593300404 -43.5505235796199 -23.4662499993892
-9999 -9999 -9999 -9999 -9999 -9999 -114.894695662292 -71.8669355714022 -26.5376629719323 -5.05711221404288 -0.635940231789311 -13.0356732782175 -65.6280168721513 -82.870643309789 -56.3776938926617 -42.8150178932864 -48.126575106801 -55.7841513798358 -58.9801997937253 -62.771221776812 -68.5583528473292 -70.7380289938226 -71.7483509667639 -71.0548665008858 -73.1883934451729 -74.0740984218024 -75.6354845550688 -74.9532865446287 -73.8167883481274 -76.0793351608377 -75.7291876973708 -78.1337337934607 -79.7124302851015 -81.7012249248072 -87.4792011956966 -92.3871307618424 -99.9820568226578 -105.238543850892 -112.915958389025 -118.764454573769 -122.627203109968 -129.826965673621 -133.331427388812 -138.66933660234 -146.641765291144 -151.072422303833 -154.933957867106 -153.277802122841 -151.535328793778 -146.959988362102 -138.074636303396 -120.743525987385 -101.63229052531 -82.5302879636259 -53.1080595850464 -31.0602821538768
-9999 -9999 -9999 -9999 -9999 -9999 -92.4449055890684 -54.7110287254653 -19.4321477531664 -2.12171079370688 -1.19360011561182 -17.2894172704155 -74.1228669957784 -79.0567708331245 -53.8184629950081 -38.6906244869766 -41.1233590756847 -45.7054619737466 -46.5557118166921 -47.8533791140051 -50.2975338000695 -51.5496672997956 -52.7447091954755 -52.6317118276689 -53.3285325021089 -55.2799751151982 -54.6556360161944 -54.0306311292723 -53.6929464267664 -54.3769962909246 -56.3809399146422 -57.9001462022305 -60.7907081763631 -63.2096625916276 -66.3923581573311 -71.3564512957012 -75.3374304354525 -81.0341318721775 -85.1025412630212 -88.1230889958263 -95.0328453389881 -98.7319717823803 -105.360580333709 -114.200172372879 -120.203424005813 -128.311882346836 -128.661451323491 -129.74688720484 -128.191322568629 -121.3343691924 -114.039257524946 -98.208666499746 -83.8411348458432 -69.925123306955 -62.1741276886423 -43.3229160399116
-9999 -9999 -9999 -9999 -9999 -9999 -82.7065922354572 -48.0220601237632 -16.7265659739093 -1.43483724851502 -2.85217843915028 -18.7673815353741 -64.7198291825723 -64.7137807230337 -46.1146514403985 -35.8702455057995 -36.5185023790271 -37.858934550131 -37.4931631254795 -38.377147249016 -40.2892054692666 -40.6195972876875 -40.8495544623494 -40.7485885878993 -42.2004318932008 -42.5567617365631 -42.8426792211201 -41.4771568110326 -40.4136025528683 -42.6417988028653 -43.3906783167117 -45.8901821790632 -47.519940904936 -49.7367779232873 -53.3072407396277 -55.8543427601989 -59.6529766409476 -62.3333450473451 -66.5299543559169 -72.0309640112226 -77.2375844155586 -85.2466708465139 -90.1506076196245 -97.384384016902 -104.326965638022 -108.871517000433 -110.540240055161 -108.123427227821 -104.732597570436 -99.7879438951129 -91.093692181198 -80.3009123461758 -67.7560233869889 -57.8980617101211 -54.7992256772733 -50.61151942862
-9999 -9999 -9999 -9999 -9999 -9999 -9999 -38.9346739363733 -14.1664038957743 -1.2128427599439 -3.35745392873416 -15.3023997619942 -50.0209605284752 -49.0371754996187 -38.3729892600878 -33.3320208281711 -32.7911167100313 -30.9770279881303 -30.1011453612878 -29.6546189463807 -29.8369245044358 -29.942142353925 -30.545320865275 -30.666625407276 -30.5752589207195 -30.9553561798301 -30.3743210049034 -30.0741700885051 -29.4910584713514 -30.0866512029063 -31.7701277986566 -33.1061030150629 -35.2495108654277 -36.6877498968431 -38.1320799573747 -40.8514021515003 -42.8688611859001 -45.7346447167697 -49.3008095192475 -53.02457690152 -60.3390378105857 -65.7801674620931 -72.631646366796 -78.8927460263406 -81.5704456690333 -85.1283846336796 -83.2144528230966 -81.4677524323316 -77.9383394310699 -72.4891590931078 -66.4942486763421 -57.9531795512531 -49.5585737696267 -42.7739281940986 -40.1717724169995 -38.9411822781328
-9999 -9999 -9999 -9999 -9999 -9999 -9999 -9999 -12.0489522095754 -1.82271300928229 -2.02519936811748 -13.2411694732882 -41.0561077923114 -36.5473158786059 -31.1251184955585 -30.0373390602132 -28.7176123469913 -26.2093564555659 -25.0316531593342 -24.3091765441392 -23.897587851634 -23.8515640671392 -24.0149603848256 -24.070235644234 -23.8903531587534 -23.359913524417 -23.1525006498576 -22.5654425373877 -22.2314271877823 -23.0235639242836 -23.8598899570933 -25.483276458198 -26.7001881435558 -28.0389232256272 -29.9225140208389 -31.6459752028125 -33.5263199821432 -35.3984433572604 -38.0298628645431 -43.563080060201 -49.4053979819434 -54.9812620626378 -60.3062712053358 -68.6934881097038 -74.9545635153436 -81.0480762928373 -80.8966281500713 -78.8324702284239 -75.7696397534647 -71.1672443105848 -64.5304074913931 -54.7056934065907 -45.0832137606402 -36.6823419433819 -31.5816828628346 -29.7716953158228
-9999 -9999 -9999 -9999 -9999 -9999 -31.672940113534 -19.3163616425433 -6.80869036549001 -4.9308277886868 -5.468372166487 -15.8120625070383 -35.60619501413 -32.048028083671 -26.9177186902677 -24.5429549528081 -24.6789856548591 -23.522572497636 -22.009464692494 -20.44261118648 -19.2634292742215 -18.6336646131887 -18.4223625450785 -18.2624031153293 -17.8073895202259 -17.551176856197 -17.1952545498946 -17.0264991594057 -16.9186380899595 -17.1622444600383 -17.8264471754123 -18.6748040929913 -19.7821714210629 -20.620052111334 -21.5281337000464 -23.0553055621436 -24.3478506887697 -26.5552716350282 -28.4401878601086 -33.641557638184 -41.6153503119682 -49.0649885373661 -58.2372685826563 -67.0598313895579 -72.6620260448889 -76.9199462314957 -75.9141287292721 -73.3895586184684 -70.018776985061 -65.0502337036325 -59.3439829972777 -50.6203218041528 -41.9649112750433 -33.6062302698135 -27.33221238219 -22.5559501753455
-9999 -9999 -9999 -9999 -9999 -46.6241206118434 -18.9137494862671 -12.6826279873476 -8.62242062566607 -8.08752608096442 -9.90492816236882 -19.9355843983689 -33.8211937143285 -29.1873077526657 -24.0974218018648 -20.7410174314623 -22.9803620029265 -21.5012508510592 -20.2783430344907 -18.8301544560557 -17.2202698951811 -16.5139650932962 -15.2668649988238 -14.7011427466261 -14.7121039097026 -14.1728386948668 -14.0076427015602 -13.4101547555364 -13.1007468955662 -13.5112647870592 -13.4722178743494 -14.0895050056869 -14.5893421532526 -15.143754914867 -16.3110030830631 -17.0398061954627 -19.291592665058 -22.1034709062151 -25.4700423253573 -30.7017018704391 -39.7165159941564 -47.5381707108691 -55.3675829998232 -63.2643771019663 -67.3156091034121 -70.9928072237183 -68.3431650956497 -64.2395010331866 -60.8448200467887 -57.767154872963 -54.2525873132393 -45.8954643762353 -37.6739241018679 -30.1164227586012 -24.4367971467313 -18.1487236708905
-9999 -9999 -9999 -9999 -9999 -20.6780722952958 -14.1417243411828 -9.57014243787796 -10.4137600190059 -10.9009692128185 -15.6036658638945 -24.3933815233254 -28.6312528105535 -23.6750513135053 -21.311298220866 -21.0727388077258 -21.8362728994095 -20.0017474591454 -18.6983068562796 -16.343279349379 -15.1540835273128 -14.3251115422301 -13.2253641609413 -12.3988378082837 -11.4915647701858 -11.1194234290896 -10.7154016512545 -10.4269268619506 -10.2986507436313 -10.299531523374 -10.6238316889994 -10.9630711684317 -11.6121749797911 -12.2190184028412 -12.9857236367728 -14.4557103041377 -16.5275625092155 -19.8326843479068 -23.146056616028 -26.5822522800046 -34.1960859921664 -41.5117065157723 -49.4498374845723 -55.207778440876 -57.7656810998767 -59.3958813467667 -57.4922094345909 -54.7554673352733 -51.9098122405255 -48.5671214468012 -45.2861929319706 -39.566975233063 -33.3829515131305 -27.5540783990627 -23.120328726968 -20.0100464474047
-9999 -9999 -9999 -9999 -9999 -9999 -8.23256188134594 -8.46636691089232 -9.34882434678159 -17.4512548977443 -22.509496150603 -29.1646774437587 -29.1589926849187 -22.5878807526158 -22.1675144588185 -22.886851869217 -22.3967678000901 -18.618498934855 -16.7804393451908 -14.3782678334638 -13.9465239974916 -12.3228274777348 -11.2507881069452 -10.2036391584898 -9.27294621191238 -9.23565244312867 -8.74098934452044 -8.67103464334326 -8.52110877317613 -8.45119618162735 -8.9525074738375 -8.7404636411699 -9.2915813850621 -9.63072764974608 -10.0981972337168 -11.6160269376468 -13.5335748623098 -16.8080540866384 -19.8449310342202 -22.178450177342 -28.3272602442635 -34.1698901043105 -41.1476018539662 -45.4532288607201 -46.7621974041999 -48.6585669631515 -46.6495486053659 -44.7669096792473 -42.5342723153238 -39.8010168277386 -37.5428787573936 -33.9188377286263 -29.6608913810054 -25.7001061310044 -23.028718326689 -21.42951869218
-9999 -9999 -9999 -9999 -9999 -9999 -9.8229903518144 -8.9081837161136 -11.3273339113533 -18.1017149314845 -27.9428710553674 -33.591172210255 -39.7110527840356 -38.1275587432404 -29.9966660308527 -26.8073275535143 -21.8038725901274 -19.6424879356541 -17.7683991374597 -14.4503440105573 -11.6428291732342 -10.5755237090112 -9.38230918007716 -8.3700993769792 -7.53917088161242 -6.88577080471093 -6.08499782481452 -5.36936237770572 -5.20334004912157 -5.48694799705182 -6.11585371230908 -6.609444807217 -7.39624964408372 -8.4843128398447 -8.97926093801178 -10.1114158731454 -12.0791730326904 -14.8564973689753 -17.2800391717288 -19.0770134208552 -21.6173468969402 -26.6396657988802 -31.8568020072823 -35.0317408749028 -36.3739625767144 -37.2078406673374 -36.491036984955 -35.3869947220437 -34.0453494501711 -32.3750461744259 -30.9496348024867 -28.9169811204279 -27.492185777499 -25.2026838884968 -24.014294624624 -23.759588459176
-9999 -9999 -9999 -9999 -9999 -9999 -11.3327014187082 -11.5539918991031 -13.1621142494413 -19.5326188124159 -30.8255267923312 -39.9751790839918 -51.3549109856041 -50.1478476908525 -41.1374807520819 -33.0436475000216 -24.9017469368463 -21.160374339095 -16.3595936686433 -13.6782467467444 -9.62841114734061 -7.91539576316178 -6.94103445091527 -5.9476435143507 -4.92221094337489 -4.39207961541896 -3.52268936985373 -2.94042311698153 -2.72260412954033 -2.81656417457978 -3.48879184803071 -3.57370419506477 -4.25173422826874 -5.03528586344449 -6.11919731234996 -8.18132385971892 -9.65666114298683 -12.3434227228322 -14.6810335693443 -15.3705022373881 -17.3020002615989 -19.1628721006444 -23.2307260478591 -25.5415552734448 -26.0827653341547 -27.4113540302601 -26.7525140998356 -26.7252231215454 -26.1310444501001 -24.9643073510433 -24.9373984947958 -23.4128920641909 -23.6712235743527 -23.7878854095522 -23.7089022089858 -25.5811123842097
-9999 -9999 -9999 -9999 -9999 -9999 -9999 -9999 -28.5554939426967 -23.6399391391565 -22.1628524060519 -37.661451698429 -64.7903122971683 -62.6088930591489 -47.7347892912327 -34.5439786582861 -26.0941743682624 -25.7298787164035 -19.4394916073189 -12.6926213108695 -8.00259935726895 -6.6525258595336 -6.62258601621997 -5.65402831326423 -4.04343807970154 -2.93924289814339 -2.34997693098057 -1.87249400235106 -1.60953887870488 -1.50905910945936 -1.68292636907115 -1.87506243661341 -2.17217531561884 -2.77299778271898 -3.68786816761561 -5.11922776222768 -6.54939226449411 -8.30141612597938 -10.1111614775214 -11.8303041835274 -13.7374500600096 -15.0492738625082 -16.332909136012 -17.8184572868727 -18.7670294005825 -19.4685829916181 -19.5831058259777 -19.5125789748445 -19.4122317009077 -19.2643120522098 -19.2111544224468 -19.1247724016321 -19.8017725862452 -21.0131721390445 -22.7275449952939 -25.3292737660817
-9999 -9999 -9999 -9999 -9999 -9999 -9999 -9999 -17.2630910276167 -24.7966468351377 -16.5886801018336 -37.1513732079655 -78.5793358769631 -75.5784992424646 -55.0494492034737 -36.6940113475333 -24.687201166069 -24.8883187930954 -19.6457247463264 -11.1895228020028 -7.12625990571877 -6.01958488103149 -5.28392440348139 -4.35897812385648 -3.52172420870277 -2.53584723747502 -2.02542157579358 -1.80926318906312 -1.4084041265489 -0.893532498761465 -0.874683883901862 -0.837917458594455 -1.12030663702701 -1.40935822615344 -1.77564446455772 -2.89581827420384 -3.66510322929208 -4.99966433656592 -6.20114475842347 -7.27226429626192 -8.97491989135598 -9.82950314810455 -11.0687873229166 -11.8607195447772 -12.2842863068188 -13.2017841900054 -13.565771562877 -14.4150772200878 -15.2148986717812 -15.768320582798 -16.7160292198466 -16.8998902007933 -17.9356061748806 -19.2363557457487 -20.8886627550055 -23.7963201664912
-9999 -9999 -9999 -9999 -9999 -9999 -9999 -9999 -9999 -22.9353028773331 -13.8308136430324 -38.2356993904936 -94.9485334929019 -91.8568854598336 -62.6722518511365 -36.8584207064036 -20.7165728962232 -19.2614278794779 -14.8986750042898 -9.88925466451415 -6.18061074607367 -4.95546394015814 -4.61010740466402 -3.68130656650522 -2.78072966916116 -2.15229591182505 -1.72212476771369 -1.3186231525571 -1.03465254664787 -0.87903340708693 -0.761737975260424 -0.689330884528915 -0.718173591110788 -0.834861921964997 -1.03560348653084 -1.58698559411805 -2.07593771495798 -2.66992124291815 -3.40326669751727 -4.23245862045889 -5.18459851704746 -6.00527003022996 -6.83653508997997 -7.85610539327997 -8.69354096821444 -9.47139453773671 -10.4197091556971 -11.617932146207 -12.927831297599 -14.3289969867196 -15.5509553591707 -16.2354885323181 -16.7910543323037 -17.7139436666432 -19.1523150862521 -21.2215473427253
-9999 -9999 -9999 -9999 -9999 -9999 -9999 -9999 -9999 -9999 -17.2834231393665 -46.9882073496914 -96.9817272115421 -92.9955632143933 -64.3948846483263 -35.0384916627736 -13.7672532097956 -11.2501967673315 -9.842306776735 -7.21975765949194 -5.32805426821666 -4.25849345413851 -3.88360897371433 -3.27523689440244 -2.19391912218689 -1.57564685454397 -1.28088946613902 -1.09225122478962 -0.860360096774927 -0.512581612346721 -0.345652915707701 -0.400472143871182 -0.665134838494128 -0.880220417891659 -0.69737649890002 -0.878759073043813 -1.01008351902118 -1.33460133226285 -1.59678361231126 -1.83720346340718 -2.34879071596994 -2.84288553235651 -3.56196788162336 -4.48006926341724 -5.54575171018796 -6.28183368706066 -7.32906211458282 -8.97323669846336 -10.6374059447575 -12.1713532775129 -13.8930659274287 -14.9738698914497 -15.9520546936485 -16.2969389502986 -16.3988483454908 -17.4831302636404
-9999 -9999 -9999 -9999 -9999 -9999 -9999 -9999 -9999 -9999 -9999 -55.5087528045028 -84.7944021338987 -77.5292804816886 -57.3991734128694 -32.1867505345223 -8.9123006742627 -4.56201207795361 -5.97538591223985 -5.67306562330741 -5.04997265129093 -3.92961995042586 -3.22989149741989 -2.68022745251434 -1.96965960450109 -1.44794652547785 -1.21528300040659 -1.02385638840438 -0.835051259557785 -0.56597686780268 -0.424603877798402 -0.399064875228417 -0.43838700176417 -0.512941867940477 -0.659332897352878 -0.978670785161289 -0.788568255533057 -0.683959421009733 -0.645954816121143 -0.676553424592315 -0.845461934196021 -1.04597669875016 -1.3536402234774 -2.03153826442699 -3.18751372969623 -4.11408744920412 -4.95541939365216 -6.24869066740812 -7.89251780630948 -9.80474243489369 -11.9206054284558 -13.3158617915653 -14.4310020507111 -14.6752766662119 -13.9428548222861 -13.6224991565244
