meets/meet004/_saidas_enm/CCSM_SVM_6k_Cavanillesia_umbellata2.asc
NCOLS 154 
NROWS 168 
XLLCORNER -112 
YLLCORNER -55.5 
CELLSIZE 0.5 
NODATA_value -9999 
[rows 48 to 71 of 168, columns 56 to 111 of 154]
-9999 -9999 -9999 -9999 -9999 -9999 -9999 -9999 -9999 -9999 -9999 -9999 -9999 0.122199301655387 0.12086314372608 0.124154300601121 0.227465974508675 0.407391575563818 0.296341334091914 0.0734628161154911 0.0111301032346215 -0.0270431683072284 -0.0794269838087371 -0.0920414448343163 -0.0567154838795941 -0.026721156829662 0.00582533062832219 0.0350119206106234 0.053300337140013 0.0702435747871067 0.0824323481642103 0.0924810508948647 0.10708953848542 0.124655976360769 0.105275928855864 0.0510389489517508 -0.037588123654809 -0.0684536739515652 -0.0674297104628666 -0.0753453940618421 -0.0693393734585334 -0.0920517349635406 -0.0890901878080071 -0.135191051364202 -0.182803514705672 -0.207858056293084 -0.155189216261627 -0.0486932884883111 0.0478693763861234 0.200632120728785 0.356001632358465 0.43301274186962 0.362753340394864 0.24865462436323 0.102290673667 0.0359554629074302
-9999 -9999 -9999 -9999 -9999 -9999 -9999 -9999 -9999 -9999 -9999 -9999 -9999 0.122184840072596 0.118312145758229 0.135174076354893 0.33614128370124 0.390526642371506 0.218614009648733 0.0356767678477361 0.0043257890508927 -0.00397419670299537 -0.0229543764921352 -0.0270067021799227 -0.0246751681469269 -0.0291221840773634 -0.0123770388761206 0.0141584523835096 0.0391284322142069 0.0622023802367244 0.0765445079618879 0.0819616306381167 0.0925459088547768 0.109150170116726 0.10545789607892 0.0490099539333627 -0.0355400875875018 -0.0803766835429774 -0.0888990179333327 -0.095276079647376 -0.0933684929012583 -0.0964220685421799 -0.098736239014156 -0.127584038090555 -0.156895300800817 -0.169837822383662 -0.17638748034948 -0.125496766869543 -0.00215969014121159 0.162057780630142 0.310750375247489 0.362075970929009 0.3097967579948 0.202051768112472 0.0898703433545829 0.0404783611063353
-9999 -9999 -9999 -9999 -9999 -9999 -9999 -9999 -9999 -9999 -9999 -9999 -9999 0.121940978479872 0.108915906436821 0.192724739757861 0.372848068460254 0.307158368548946 0.118111983800714 -0.00459336683376216 0.0264279466195698 0.11035140110424 0.217248225751039 0.264849315210556 0.264113737844435 0.210686579986731 0.1677057860366 0.0854939626044803 0.0532087938173358 0.0435296266178905 0.0505425915246225 0.0498314487985362 0.0642050196866465 0.151397824474661 0.371173917659738 0.473014868710725 0.230348960917287 0.0623203797258484 -0.00314898134140995 -0.0357603663268423 -0.0191501514382115 -0.0574332743547925 -0.0642566626541997 -0.0846325309888769 -0.0910212887004005 -0.047534932003288 -0.111408976743755 -0.0816504662673745 0.00158327631417932 0.147087442695789 0.245524398111508 0.314349519739421 0.252591451465183 0.165387563462427 0.0709909801145276 0.0465360920511714
-9999 -9999 -9999 -9999 -9999 -9999 -9999 -9999 -9999 -9999 -9999 -9999 -9999 0.114408098998465 0.0911994524362893 0.158958524626421 0.323211682817392 0.224466899959456 0.0687567224133098 0.00117912839118028 0.0883080821761925 0.264286800346685 0.437658826448335 0.511399704536703 0.468456688457869 0.332677023927525 0.184235344919591 0.0725475944582119 0.0365926137846989 0.0398720800350719 0.0466793636275125 0.0388017649847121 0.0656207883870286 0.271980313754914 0.567215749931144 0.631052293155646 0.390857845245617 0.15659321257981 0.0590826868045086 -0.00253377758826345 -0.0179784800060178 -0.0425454920627202 -0.0496934727045483 -0.0707458929640122 -0.0789292436909598 -0.0811448992689811 -0.102120514704086 -0.0640944619723534 0.0510255093205725 0.209620796297031 0.313215258741047 0.303332489732197 0.243880394313586 0.14845597455334 0.0595205593014239 0.0467199418345605
-9999 -9999 -9999 -9999 -9999 -9999 -9999 -9999 -9999 -9999 -9999 0.120597131522532 0.10553337530451 0.0944939727692163 0.0734091590237755 0.134363602678859 0.202766577583185 0.142051963434527 0.0689041852614274 0.0991779644414086 0.182326413720152 0.319403360295984 0.416855590575021 0.389358561824598 0.248851163569765 0.130046959497628 0.04450468690928 0.0312853056539438 0.0466440411677543 0.0638423285093145 0.0694878750500197 0.0537727256132349 0.0384983128144361 0.161097627564455 0.582597561055095 0.655819235829806 0.392942658365583 0.138831602244727 0.0456304176465896 -0.0174220563185554 -0.0333478186596505 -0.0498599833452449 -0.054856989968147 -0.0738529993354121 -0.0965470042463318 -0.106767636200691 -0.0908159610982937 -0.00222003775780899 0.15339286746432 0.281620460866563 0.336576634669616 0.268932105208656 0.187775260097775 0.106482470811657 0.0300439147001688 0.0401498749329595
-9999 -9999 -9999 -9999 -9999 -9999 -9999 -9999 -9999 -9999 0.121159231603011 0.109657223938293 0.0949242590372475 0.0845784715533047 0.0743113571552632 0.0701909155475567 0.0955894894740139 0.138747187110087 0.200685352822993 0.242884998638522 0.281120812744559 0.276640729931784 0.204719528647185 0.126755671270532 0.0570643074619405 0.028325577413142 0.0363116146375099 0.0551060193065723 0.0682320477999759 0.0754865892314987 0.0774090278396752 0.0658008023532297 0.0381612880170717 0.0967393037563353 0.482956984348891 0.685451949406634 0.42482061910233 0.1431703949945 0.021893645663795 -0.033255477301381 -0.0628333357925983 -0.0747211963565015 -0.0766581214351247 -0.080849902553056 -0.0801194166157386 -0.0457101247085307 0.0489595311853406 0.176219556410645 0.27453013689045 0.303066185408361 0.265230044337963 0.186585763829015 0.101302266321964 0.0454431321958509 0.00497065362083249 0.0290183292830925
-9999 -9999 -9999 -9999 -9999 -9999 -9999 -9999 -9999 -9999 0.108617203576129 0.0840092968075203 0.056096808684622 0.0666629027169177 0.0822423124727748 0.0819473235349831 0.0676681023616303 0.111475988646327 0.155017661926779 0.17215190300707 0.158017301647624 0.0997259085445258 0.0531707682957943 0.0303906357587007 0.0316480730383467 0.0462292006550689 0.0614643910606542 0.0686419647137647 0.0722613598253273 0.0771209160550642 0.0798509039462085 0.0735810776175244 0.047087481728466 0.0469040658876852 0.327105014272854 0.638377046244146 0.531007501283368 0.270139454040885 0.111368984690846 0.0228628311448422 -0.0189288460526111 -0.0260948504585395 -0.0166244552894323 0.0104509006399817 0.0608459266391827 0.13344992417581 0.226878579073327 0.25317025723629 0.234760176663676 0.237817731685861 0.194416465259015 0.152916669032057 0.10319590729129 0.0584672548241291 0.0252836701351699 0.0207571521643213
-9999 -9999 -9999 -9999 -9999 -9999 -9999 -9999 0.11707769854822 0.0986677083513184 0.0711017442200875 0.0823722382495735 0.0484863690639477 0.0531899479419797 0.0809579158275572 0.0888097303280723 0.0682051772488314 0.0613504207677448 0.0658651918314371 0.0561933673367631 0.0388125804619485 0.0324066851548517 0.0334066773167336 0.040764955719205 0.0540269869392464 0.0640834672899798 0.0666180075235336 0.0686004726462804 0.074681645355893 0.0807457725617345 0.0815043703628716 0.0759320182415371 0.059109191637498 0.0298106119257264 0.164415376052033 0.50508716783998 0.575908089993618 0.445950019759197 0.315630703391253 0.224804255752791 0.191587135041146 0.188424171136306 0.227069819461045 0.29430399824841 0.357830130886749 0.395796910476311 0.378758590108867 0.336483942786 0.293824900589523 0.261875651871932 0.211215941826934 0.168783221963457 0.113690655703502 0.088098714512806 0.0599835422671368 0.0449393988772677
-9999 -9999 -9999 -9999 -9999 -9999 -9999 -9999 0.103153331262727 0.0657600146856797 0.168253346535013 0.167931013738684 0.0447620054407662 0.0470248544236365 0.0716218995852942 0.0794749587955754 0.0748680516845427 0.0565344218716237 0.0465710708780792 0.0429991531424875 0.0464349390372993 0.0494782200272151 0.0516528446617008 0.0569126089346629 0.0622420914989677 0.0650112393387908 0.0664747117369902 0.0680644864751738 0.0688730477676688 0.071034082352096 0.0731069698295124 0.0754935181802925 0.0675510819619127 0.0380261627944231 0.0539490187806743 0.281549744906826 0.49694457037713 0.559859380212991 0.533949916926678 0.505521073524366 0.496771117393137 0.532208122323621 0.58014324958176 0.639844717132357 0.667343663468904 0.58841604139382 0.46207768507156 0.32012713712009 0.241855614565061 0.207098302512026 0.176025762627962 0.153057237298182 0.119031369325238 0.105711983605665 0.0928271598459099 0.112732656048527
-9999 -9999 -9999 -9999 -9999 -9999 -9999 0.115738620884443 0.0902902775598314 0.0813559663230337 0.248084341647708 0.14573606217117 -0.00308656897856013 0.00912902535415622 0.0567852080061524 0.0706006709187145 0.0636620884584472 0.0598763548967515 0.0571844213653375 0.0580266922045775 0.0601275935070914 0.0620625869448311 0.0644484035103659 0.0659578400656257 0.0671129913286227 0.0684775689291841 0.0695769604699565 0.0704475742313765 0.0704272891945883 0.0700854999687195 0.0693601960641888 0.0686004455565698 0.0696141082687216 0.0530860533671793 0.0266499745866756 0.0838536267173961 0.258970229331702 0.447884391603488 0.542570656425913 0.551566434381313 0.573633869699324 0.571754089422449 0.559737457147847 0.534282706690315 0.455713631799259 0.350625194749791 0.235614921820112 0.159146586945817 0.120791204297817 0.101601491336067 0.097560553987024 0.0940665874555388 0.0965255763593106 0.0987483212391989 0.0927934812994082 0.167314974917284
-9999 -9999 -9999 -9999 -9999 -9999 -9999 0.107555312756404 0.0697207229499678 0.168324909263313 0.197092942030384 0.0479946152903298 -0.0332262306050028 -0.0163915150364841 0.0394980313322608 0.0617086551253188 0.0541012966208876 0.047458926692463 0.0451561006713437 0.046086763701801 0.0508273224617031 0.0540590047342737 0.0583982560277904 0.0582768347099471 0.0570190108839926 0.059045881967454 0.0589413941152099 0.0618131836476851 0.0609904894568485 0.0570260579828373 0.0573475602748686 0.0569087153172048 0.0604006149272473 0.0617923954890132 0.0400861798961621 0.0261245376427618 0.0626297135095484 0.162193096042104 0.234812839953289 0.250361362197354 0.25925490904167 0.2057155980259 0.177920534511856 0.139398738512196 0.0946160025824843 0.0719053665995603 0.0530153702693445 0.0523057581792932 0.0569632027675945 0.0646340873147601 0.0708804184856748 0.0746351760676311 0.077503512239824 0.0800656475273981 0.0820534927062687 0.164188803992307
-9999 -9999 -9999 -9999 -9999 -9999 0.120101409129976 0.0915906055916458 0.112568778095994 0.175688419615016 0.13002293240345 0.0282522133280452 -0.0367275799189107 -0.022473859842689 0.0271879224257325 0.0637315154854267 0.0589316916346975 0.0430078639568678 0.0362094575532322 0.0342418272565184 0.0374335133144683 0.0388033413796773 0.0400761822333747 0.0389862335492016 0.0396866513406269 0.0401351470174286 0.041017831769193 0.0400632704452253 0.0386483326286002 0.0398951462930645 0.039548268501347 0.0408830112384346 0.0419596790923168 0.0435251665421503 0.0466587362525901 0.0368602070997033 0.0281180497467975 0.0343330874426278 0.044485970525567 0.0462719826096414 0.0402532105875417 0.0345513043882699 0.0319009398922607 0.0353507818374612 0.0388315501660339 0.0474076131765438 0.0561953088051906 0.0672342184389055 0.0756565491872419 0.0818279456850561 0.0875661170095554 0.090698952932429 0.0966011933369086 0.105159657465105 0.102080566878786 0.123220375393233
-9999 -9999 -9999 -9999 -9999 -9999 0.116433578107941 0.093256814940046 0.142851498791853 0.138429417151807 0.0797562074533751 0.0344936996674075 -0.0372144149204383 -0.0386926226589185 0.012033404453666 0.0739185865698342 0.0810064471845525 0.0596052955068728 0.0520589957046159 0.044725376591483 0.0355645877093821 0.03292136106308 0.0317679346704663 0.0323955317758957 0.0322106810188703 0.0307503890283479 0.0315125500811915 0.031955639134372 0.0327249739502376 0.0331832400581803 0.0325088277366032 0.0325463820078991 0.0321682470687712 0.0321057678927959 0.0318569031077561 0.0323233996326675 0.0315236951464147 0.0314772444904361 0.0315864301384532 0.0328458987829727 0.0352156210332663 0.0410855042183975 0.0483881110688069 0.0607633592598542 0.0794871737927352 0.0876283178917877 0.0964038444741527 0.0985577513437375 0.101191601050298 0.10446079246369 0.106169535250027 0.11184355716911 0.117129673856369 0.130325546254845 0.143076120560662 0.149519653521441
-9999 -9999 -9999 -9999 -9999 -9999 0.119867541699169 0.108309736069182 0.0922256399900988 0.133309655917063 0.124557680075483 0.0655567878735314 -0.0260228528183037 -0.0447198164074078 -0.001135268929146 0.0870154924730524 0.115078306386243 0.100596620227418 0.0953910535504511 0.0834527458102312 0.0687832375680328 0.0707688676734191 0.0744813065566928 0.0826183394877255 0.0789671599553556 0.0770839312771727 0.072188540148013 0.0728983325511698 0.074388715530306 0.0684192602223888 0.0673910048540913 0.0606856040907902 0.0581136972536668 0.0535663200553266 0.0485404330914699 0.0474571109180585 0.0471672872929102 0.0518102580234484 0.056051132496247 0.0654932466887824 0.0784538360350472 0.0891629392647648 0.113013062408867 0.129162168866207 0.12867233415752 0.122005540577161 0.11519388903979 0.110158184114192 0.10871891682801 0.108526641656435 0.110145882820592 0.115798745299009 0.12322419875764 0.142402335470633 0.164289151075526 0.205033918037078
-9999 -9999 -9999 -9999 -9999 -9999 -9999 0.15691390496754 0.0719138766767955 0.18254118743586 0.151085847043488 0.0815213762326317 -0.0150609639305659 -0.0397276906342949 -0.00830754189683441 0.111168452625602 0.174666572697748 0.17266752969884 0.186327579531348 0.198543156128198 0.190902821931911 0.203442027387553 0.211133165700938 0.224040622106071 0.230196110949032 0.218334904343335 0.214298301734276 0.194398270392111 0.180957746980509 0.177227354420562 0.163568149579329 0.157877671951875 0.143570330125199 0.136430535995547 0.135326161405467 0.127396006859517 0.132358850329856 0.132069247697403 0.135934897716056 0.150868440522993 0.156899007501138 0.176723543011047 0.188822766197817 0.201817651778692 0.170309279976376 0.135535591704045 0.116504756657714 0.104775656599051 0.101036844480908 0.0989535306359732 0.0991691381995333 0.104782035921084 0.112647679016093 0.134831215587856 0.163101037296469 0.195423173855182
-9999 -9999 -9999 -9999 -9999 -9999 -9999 -9999 0.0713706938689948 0.212467414252814 0.134008658585077 0.0961306595160185 -0.0031983967812233 -0.0280150297449412 0.0125402888273371 0.148880117712543 0.238956050124394 0.273447952613422 0.300644327697924 0.317417882756008 0.326780552999668 0.341231710181588 0.362730384871313 0.373633447872309 0.3711398183757 0.370630347258543 0.34529639793516 0.316612635481702 0.276925234396193 0.263868596405719 0.254898139643558 0.243906983870935 0.238657653326056 0.228857877029298 0.220068498062683 0.211909053934533 0.20604974555401 0.202411721057054 0.194970198499449 0.195789438267271 0.193199637823646 0.197245137941158 0.20123038777227 0.209920571832169 0.162576163517725 0.119188800449932 0.101191276652073 0.0883593360215492 0.0868183574124317 0.0856659078328905 0.0876561088479026 0.0926486837872125 0.0974379188691439 0.107267367973113 0.12119870846325 0.135058515185661
-9999 -9999 -9999 -9999 -9999 -9999 0.159669257181676 0.0360872788862521 0.0566416241390774 0.198706206432655 0.145861520104209 0.091047392785738 -0.00788678618904431 -0.0173837891276548 0.0394506019608239 0.15997022980465 0.268774879506173 0.331360454276048 0.373917833555872 0.406975869662125 0.432416409395688 0.461320735918258 0.478192053061838 0.487601041388016 0.488516294566432 0.466389984296241 0.431317266458363 0.377855889429844 0.321253940622983 0.296267206983207 0.288925508658294 0.290574628448228 0.287817652149164 0.283324117338209 0.281815126434984 0.268165051425043 0.255963802704073 0.234096902394094 0.215925532101228 0.203284613025371 0.191354373576126 0.18935365546596 0.189395200002169 0.194064359054492 0.13879040003251 0.10449737503724 0.086554522174951 0.0786537294361517 0.0762463871174122 0.0737914469066782 0.0750135562843904 0.0795056144903042 0.0852665788567429 0.0956761390576907 0.106000984591158 0.115744166477629
-9999 -9999 -9999 -9999 -9999 0.177341943300638 0.0281201525024047 -0.0713139029072438 0.109727865023456 0.176018402049047 0.141453472676856 0.0879155441013075 -0.00883172446041924 -0.00624823724435725 0.0719185801385672 0.166931050241711 0.269662013774289 0.343984864873588 0.39247058806805 0.421479803832423 0.449171271206254 0.480903952604126 0.509489686631071 0.514133392164274 0.497036321088791 0.44915747756064 0.398512286089628 0.335835473041686 0.278010826173591 0.239678073706845 0.23791221919975 0.239063004121269 0.242590894979774 0.245336213470855 0.25280798748402 0.251679667899465 0.226466258490211 0.20053690858466 0.180061819144074 0.164573602814652 0.155382736856852 0.165663727105444 0.172460435250933 0.166142303595657 0.112036039823916 0.0778600932488422 0.0681688661157908 0.0584565496806587 0.0568301750126217 0.0566194649104924 0.0579456233484589 0.0636610398470163 0.0677488833387968 0.0749760201821548 0.0807597949128126 0.0876300160900694
-9999 -9999 -9999 -9999 -9999 0.101944041407406 -0.0301016868283054 -0.0252511952365618 0.154948429922137 0.131124132728878 0.0919855013299468 0.0653306511963688 0.0169426094404744 0.024126530296376 0.0958442419935762 0.183521214660062 0.246181640920472 0.302641919775096 0.348398263281074 0.388414078601582 0.422428559464207 0.452082594949963 0.469359019520811 0.463911555638365 0.441254665837214 0.384835974447708 0.326127889590124 0.268594809283852 0.218535099132758 0.181973205459226 0.164517861146683 0.169012578119025 0.172868085351727 0.174777741785616 0.181452064311174 0.179114092311627 0.167019967762541 0.149035029556662 0.142901158828789 0.140866499891525 0.138523089783831 0.132762343578705 0.124715517181599 0.115335423792454 0.0839230412464375 0.0583629831472972 0.0475697950905269 0.0429163834646773 0.0429249310969269 0.0433068378512881 0.0445706230750573 0.0483261217930575 0.0520529025496311 0.0557880684274337 0.0585243574642403 0.0589561384155461
-9999 -9999 -9999 -9999 -9999 -9999 0.00365545233523012 0.0866955326640821 0.162163330364867 0.114132842536058 0.0626574895043347 0.065384043065672 0.0310406867871765 0.0335833263024043 0.078222058977192 0.165062760626658 0.207378349895461 0.247631711153029 0.287061923048191 0.326657354130081 0.367009817793983 0.380497066192989 0.393868043716441 0.380924503092844 0.354497558167811 0.30903870860267 0.256827066331262 0.216580829773612 0.184630436839705 0.164186811678369 0.150259673481226 0.149558283219383 0.150348034807597 0.151408644629156 0.153624443186043 0.151058876288367 0.147943688228894 0.140338762693591 0.134852996165259 0.129039773833168 0.119441454660621 0.107342829737051 0.0901813151135898 0.0787641170800794 0.0622935492162085 0.042851455680203 0.0371909463616827 0.034537308223425 0.0354801812706688 0.0367648590585121 0.0358873906406227 0.0392730543046841 0.0404570162546815 0.040677130259203 0.0413945272939697 0.0403758329670326
-9999 -9999 -9999 -9999 -9999 -9999 0.109019786222647 0.0977457867179092 0.140611720134203 0.101988555706546 0.0630729136017198 0.0746479129616435 0.0585576881875906 0.0190968715707735 0.0274818592675045 0.095757493104342 0.150120344556136 0.187793505470738 0.226227653350997 0.26506087135453 0.293212283020761 0.309519888849747 0.311723799364658 0.297027624331381 0.279505248448907 0.244900891537745 0.216090458347998 0.192000982552593 0.175209823709657 0.172273544237316 0.176267666115555 0.180203089387575 0.183859363591223 0.186748257754358 0.187829345637733 0.183551654745662 0.17546767996597 0.163104807110418 0.151389321303446 0.140380999746313 0.125200240033384 0.109724211376322 0.0920025729724795 0.0777622331597885 0.0636135279397951 0.0489192570907643 0.0427493499676675 0.0404530887025468 0.0406176860692574 0.040707758170319 0.0400282047159147 0.0388827465903115 0.03717019575035 0.0352767602745276 0.0326706927145833 0.0282701381272196
-9999 -9999 -9999 -9999 -9999 -9999 0.179191995713354 0.0864351484938926 0.0875359466380199 0.137823933206893 0.0819510442737132 0.0864522141664995 0.0695423894808078 0.0302091566380568 0.000342729292356569 0.0292701139205018 0.0857663989609632 0.132920846587226 0.171895681455433 0.204784415208492 0.228651570574251 0.233067203736045 0.235452754812131 0.220198655539535 0.208902986917063 0.202025288085478 0.18470222059455 0.170446108053382 0.166209617557349 0.185959306690102 0.202910333678848 0.221557143247538 0.220461972061486 0.231430597797778 0.246521288313234 0.237346747912304 0.236140845799943 0.210923179585505 0.194128157286285 0.182242697800931 0.155186661296404 0.138996058085776 0.115666739788763 0.0981582819753153 0.0825496523718879 0.067363601408039 0.0603042259822902 0.0539193616218091 0.0495776792396264 0.0448256337758162 0.0410093019113311 0.0382101649907762 0.0357711813891793 0.0306584651398747 0.0244672932156709 0.0200045578871534
-9999 -9999 -9999 -9999 -9999 -9999 -9999 -9999 0.101651754624573 0.159499550780674 0.0910442723982696 0.0938080288792776 0.0718854175034904 0.0407671631616964 0.0116646700089744 0.012469718447733 0.0518846430118349 0.0883077463200816 0.133836559358271 0.165370979993541 0.179890840342655 0.185962979369444 0.179405870289139 0.161751951214809 0.158355006885378 0.159216546751158 0.152802663711469 0.138128407314242 0.138524339011181 0.163316508586005 0.195042511139645 0.207274517283537 0.211528175990168 0.228083626891374 0.251057002066506 0.265907148631329 0.261386339251057 0.249946789448292 0.23654105313682 0.2195594142496 0.199381456790521 0.177259060639265 0.154818367745023 0.134334715687091 0.115939764047887 0.0981397126095543 0.0839741398921948 0.0715324336056165 0.0594148141928977 0.0469225771408708 0.0395041522052766 0.0338906934884921 0.0298935882287382 0.0240122451205369 0.0166686880583561 0.0128873703657292
-9999 -9999 -9999 -9999 -9999 -9999 -9999 -9999 0.198897164705128 0.121580238175283 0.10170950431283 0.0982842662608489 0.0729584057096885 0.0577152829888401 0.0346572637467082 0.0227717358756864 0.0572774913429688 0.0862170675777607 0.122092992102257 0.141003145529716 0.150574152123978 0.143690905831328 0.129448196792133 0.108356742290223 0.109447034958786 0.122371771530766 0.116998519453217 0.0957876269042012 0.0978587081516444 0.134225823051696 0.164026779599776 0.180591005900879 0.171424452810031 0.192753677850053 0.23711367629685 0.258735917010281 0.273860277420766 0.262619687668963 0.259546808946876 0.257685663159582 0.236692383701506 0.22173925939513 0.19470289242038 0.172606520870594 0.156179372015374 0.132161872081975 0.110944450350659 0.0877236861191054 0.0656236428637254 0.0447997809783508 0.0313716595429505 0.0204587390322238 0.0143087713834614 0.00876836842866929 0.00399960338402278 0.00739392219203711
