meets/meet004/_saidas_enm/CCSM_Maxent_6k_Cavanillesia_umbellata5.asc
NCOLS 154 
NROWS 168 
XLLCORNER -112 
YLLCORNER -55.5 
CELLSIZE 0.5 
NODATA_value -9999 
[rows 100 to 124 of 168, columns 56 to 111 of 154]
-9999 -9999 -9999 -9999 -9999 -9999 -9999 -9999 -9999 -9999 -9999 -9999 -9999 -9999 -9999 -9999 -9999 -9999 -9999 -9999 -9999 -9999 -9999 -9999 -9999 -9999 -9999 -9999 0.137452363967896 0.248355716466904 0.142578080296516 0.0553472526371479 0.0425894074141979 0.03840396925807 0.0394276604056358 0.042295154184103 0.0513488613069057 0.0598463229835033 0.0709590241312981 0.0833916366100311 0.101906880736351 0.141899943351746 0.199788630008698 0.0668393820524216 0.0606058165431023 0.0597336664795876 0.0622546151280403 0.0676615312695503 0.0708814561367035 0.0722686126828194 0.0726389139890671 0.140307351946831 0.143628463149071 0.149228036403656 0.156938970088959 0.292732417583466
-9999 -9999 -9999 -9999 -9999 -9999 -9999 -9999 -9999 -9999 -9999 -9999 -9999 -9999 -9999 -9999 -9999 -9999 -9999 -9999 -9999 -9999 -9999 -9999 -9999 -9999 -9999 -9999 0.132300153374672 0.255833089351654 0.139916241168976 0.0519794896245003 0.0404128022491932 0.0380770228803158 0.0415954813361168 0.0892050042748451 0.105206087231636 0.0623648725450039 0.0732187852263451 0.085832417011261 0.105865739285946 0.144630402326584 0.20346811413765 0.06754070520401 0.0641978457570076 0.0639152750372887 0.0691631585359573 0.0759380459785461 0.147936552762985 0.0770137682557106 0.0746181458234787 0.0769311040639877 0.149293437600136 0.15581052005291 0.292494773864746 0.373421460390091
-9999 -9999 -9999 -9999 -9999 -9999 -9999 -9999 -9999 -9999 -9999 -9999 -9999 -9999 -9999 -9999 -9999 -9999 -9999 -9999 -9999 -9999 -9999 -9999 -9999 -9999 -9999 0.103439204394817 0.127920463681221 0.263481557369232 0.0772467628121376 0.0497924908995628 0.041545458137989 0.0410450361669064 0.045078419148922 0.0970469787716866 0.110576838254929 0.124839529395103 0.0772603377699852 0.0902379006147385 0.111745938658714 0.149739548563957 0.206520020961761 0.0711105242371559 0.0671414509415627 0.0698000863194466 0.0745331272482872 0.0809515789151192 0.0834380835294724 0.0821535363793373 0.0804636478424072 0.0801437571644783 0.152430191636086 0.157546326518059 0.293291628360748 0.178006052970886
-9999 -9999 -9999 -9999 -9999 -9999 -9999 -9999 -9999 -9999 -9999 -9999 -9999 -9999 -9999 -9999 -9999 -9999 -9999 -9999 -9999 -9999 -9999 -9999 -9999 -9999 -9999 0.0958983153104782 0.111075051128864 0.262880504131317 0.0706282332539558 0.0468558594584465 0.041208304464817 0.0428229570388794 0.0926272869110107 0.102742165327072 0.111689761281013 0.0654803737998009 0.0767576396465302 0.0906368643045425 0.113239847123623 0.150055974721909 0.203967556357384 0.0728625431656837 0.0698190331459045 0.139420792460442 0.0764096155762672 0.0835068076848984 0.0866544544696808 0.0862201154232025 0.0848008990287781 0.0846855342388153 0.0837908685207367 0.086129292845726 0.170500695705414 0.178704053163528
-9999 -9999 -9999 -9999 -9999 -9999 -9999 -9999 -9999 -9999 -9999 -9999 -9999 -9999 -9999 -9999 -9999 -9999 -9999 -9999 -9999 -9999 -9999 -9999 -9999 -9999 -9999 0.0861271247267723 0.0898037254810333 0.235745444893837 0.0645695477724075 0.0432264655828476 0.0399471558630466 0.0431273877620697 0.0953655540943146 0.103003934025764 0.107076123356819 0.0589438490569592 0.0700993686914444 0.0889984965324402 0.11214467138052 0.146986469626427 0.18288317322731 0.142522633075714 0.141615957021713 0.150214791297913 0.152081146836281 0.161795735359192 0.168994218111038 0.17361481487751 0.171389073133469 0.0906564742326736 0.0888124406337738 0.17022530734539 0.175940439105034 0.230128571391106
-9999 -9999 -9999 -9999 -9999 -9999 -9999 -9999 -9999 -9999 -9999 -9999 -9999 -9999 -9999 -9999 -9999 -9999 -9999 -9999 -9999 -9999 -9999 -9999 -9999 -9999 -9999 0.0800958126783371 0.0616219192743301 0.117636606097221 0.053825780749321 0.0379404351115227 0.0369701832532883 0.041213646531105 0.0912270620465279 0.0971499085426331 0.0506149157881737 0.0540698580443859 0.068037249147892 0.0880553722381592 0.112717382609844 0.14251297712326 0.171430572867393 0.18837559223175 0.190584108233452 0.196068972349167 0.161170691251755 0.168919771909714 0.176512867212296 0.185243457555771 0.186489045619965 0.185569062829018 0.181475669145584 0.182486340403557 0.234834507107735 0.226201131939888
-9999 -9999 -9999 -9999 -9999 -9999 -9999 -9999 -9999 -9999 -9999 -9999 -9999 -9999 -9999 -9999 -9999 -9999 -9999 -9999 -9999 -9999 -9999 -9999 -9999 -9999 -9999 0.0697190687060356 0.0451978296041489 0.089122585952282 0.0453780852258205 0.032339658588171 0.0334410332143307 0.0387172885239124 0.0439462587237358 0.0853368267416954 0.0451146923005581 0.0504543781280518 0.0683969333767891 0.0898942947387695 0.113296858966351 0.139831259846687 0.165805444121361 0.183596029877663 0.190110608935356 0.207512229681015 0.214490965008736 0.226035088300705 0.236833482980728 0.246794492006302 0.257015883922577 0.253810584545135 0.247805461287498 0.240877330303192 0.231754571199417 0.227516740560532
-9999 -9999 -9999 -9999 -9999 -9999 -9999 -9999 -9999 -9999 -9999 -9999 -9999 -9999 -9999 -9999 -9999 -9999 -9999 -9999 -9999 -9999 -9999 -9999 -9999 -9999 -9999 0.0569153465330601 0.114274814724922 0.0563666447997093 0.0395149998366833 0.0271046459674835 0.0304861627519131 0.0361800417304039 0.0408641062676907 0.0388416461646557 0.0401063859462738 0.0487132370471954 0.0684638023376465 0.0916076228022575 0.114505559206009 0.138722613453865 0.159465044736862 0.175022050738335 0.181764304637909 0.194942966103554 0.202735364437103 0.216802686452866 0.231484368443489 0.242645770311356 0.25347438454628 0.245669767260551 0.237827509641647 0.23163902759552 0.228291183710098 0.225737869739532
-9999 -9999 -9999 -9999 -9999 -9999 -9999 -9999 -9999 -9999 -9999 -9999 -9999 -9999 -9999 -9999 -9999 -9999 -9999 -9999 -9999 -9999 -9999 -9999 -9999 -9999 -9999 0.158129647374153 0.109191864728928 0.039409976452589 0.032445877790451 0.0230674911290407 0.0278362296521664 0.0352297574281693 0.0389163345098495 0.0348796062171459 0.0368994921445847 0.0496237613260746 0.0689211189746857 0.094570629298687 0.117356799542904 0.138359516859055 0.154580533504486 0.166344955563545 0.172446176409721 0.175657361745834 0.17994412779808 0.190839558839798 0.204518839716911 0.223606929183006 0.229986637830734 0.228232502937317 0.221138715744019 0.217389911413193 0.219471365213394 0.218554452061653
-9999 -9999 -9999 -9999 -9999 -9999 -9999 -9999 -9999 -9999 -9999 -9999 -9999 -9999 -9999 -9999 -9999 -9999 -9999 -9999 -9999 -9999 -9999 -9999 -9999 -9999 -9999 0.156867519021034 0.0972752943634987 0.0313896350562572 0.0310903899371624 0.024306895211339 0.0286022685468197 0.0366640202701092 0.0398649536073208 0.0362206287682056 0.0407081879675388 0.0564520545303822 0.0783950164914131 0.100833795964718 0.121602818369865 0.139817282557487 0.15223403275013 0.160969778895378 0.165718540549278 0.167690798640251 0.169545918703079 0.175399273633957 0.187717378139496 0.202186703681946 0.208265885710716 0.210615396499634 0.206279724836349 0.205780372023582 0.208516955375671 0.207684084773064
-9999 -9999 -9999 -9999 -9999 -9999 -9999 -9999 -9999 -9999 -9999 -9999 -9999 -9999 -9999 -9999 -9999 -9999 -9999 -9999 -9999 -9999 -9999 -9999 -9999 -9999 0.212513074278831 0.138688042759895 0.0853544697165489 0.0299502778798342 0.0317177884280682 0.0282669868320227 0.0322466753423214 0.0399009324610233 0.0426667630672455 0.0374820455908775 0.0474827624857426 0.0710842907428741 0.0979961305856705 0.113457091152668 0.127996563911438 0.141373455524445 0.151609390974045 0.157155349850655 0.159772872924805 0.161435335874557 0.164597660303116 0.173632189631462 0.183464646339417 0.188991740345955 0.1923518627882 0.197328716516495 0.196032822132111 0.198623105883598 0.199615687131882 0.19812273979187
-9999 -9999 -9999 -9999 -9999 -9999 -9999 -9999 -9999 -9999 -9999 -9999 -9999 -9999 -9999 -9999 -9999 -9999 -9999 -9999 -9999 -9999 -9999 -9999 -9999 -9999 0.174104779958725 0.121777221560478 0.0710406452417374 0.0291708745062351 0.0358133725821972 0.0339000634849072 0.0383273102343082 0.0419148206710815 0.0448243692517281 0.0450627095997334 0.0587168969213963 0.082535594701767 0.108524180948734 0.125512942671776 0.132488325238228 0.140363931655884 0.14656263589859 0.151051759719849 0.153017178177834 0.155637457966805 0.162970006465912 0.16815473139286 0.174788862466812 0.180766478180885 0.183385968208313 0.185548231005669 0.185494020581245 0.186361089348793 0.186761513352394 0.184268698096275
-9999 -9999 -9999 -9999 -9999 -9999 -9999 -9999 -9999 -9999 -9999 -9999 -9999 -9999 -9999 -9999 -9999 -9999 -9999 -9999 -9999 -9999 -9999 -9999 -9999 -9999 0.132136017084122 0.0903896391391754 0.0280663333833218 0.0288175344467163 0.0373341552913189 0.0405759774148464 0.0432696826756001 0.0456761941313744 0.0504829101264477 0.0543490760028362 0.0734370723366737 0.093355305492878 0.114060178399086 0.13579036295414 0.145676717162132 0.14833091199398 0.148380175232887 0.14848630130291 0.152416482567787 0.152862295508385 0.158779785037041 0.162653312087059 0.165186017751694 0.170487299561501 0.172917008399963 0.174885749816895 0.174154758453369 0.17566229403019 0.174577459692955 0.171567812561989
-9999 -9999 -9999 -9999 -9999 -9999 -9999 -9999 -9999 -9999 -9999 -9999 -9999 -9999 -9999 -9999 -9999 -9999 -9999 -9999 -9999 -9999 -9999 -9999 -9999 -9999 0.107342161238194 0.0707970634102821 0.0244692247360945 0.0301005933433771 0.0398645326495171 0.043228454887867 0.0492589436471462 0.0559052526950836 0.0685952678322792 0.0807050317525864 0.0955277234315872 0.107983946800232 0.12545582652092 0.14528052508831 0.160963952541351 0.162816554307938 0.157297000288963 0.156166166067123 0.163928091526031 0.16942298412323 0.16359868645668 0.155399963259697 0.154571071267128 0.15796671807766 0.162529557943344 0.163742452859879 0.16394929587841 0.164399042725563 0.162255853414536 0.159227281808853
-9999 -9999 -9999 -9999 -9999 -9999 -9999 -9999 -9999 -9999 -9999 -9999 -9999 -9999 -9999 -9999 -9999 -9999 -9999 -9999 -9999 -9999 -9999 -9999 -9999 0.150620862841606 0.0875756144523621 0.0242982152849436 0.0185190364718437 0.0333597585558891 0.0420977175235748 0.0483256913721561 0.0573336444795132 0.0731721594929695 0.171570718288422 0.223359659314156 0.222513571381569 0.127274319529533 0.139698535203934 0.160078912973404 0.185009732842445 0.168810620903969 0.165184870362282 0.167953357100487 0.177391394972801 0.194476619362831 0.171571224927902 0.151697903871536 0.144533812999725 0.14598423242569 0.151566684246063 0.153652250766754 0.153273969888687 0.152920320630074 0.149494007229805 0.147516250610352
-9999 -9999 -9999 -9999 -9999 -9999 -9999 -9999 -9999 -9999 -9999 -9999 -9999 -9999 -9999 -9999 -9999 -9999 -9999 -9999 -9999 -9999 -9999 -9999 -9999 0.137527450919151 0.0756797939538956 0.0196101386100054 0.0214257650077343 0.0347219556570053 0.0447725281119347 0.0526813603937626 0.0680849999189377 0.0895918160676956 0.204415827989578 0.236518159508705 0.247767299413681 0.146151512861252 0.154725924134254 0.163330182433128 0.178780436515808 0.168007850646973 0.164199382066727 0.165645778179169 0.179658874869347 0.321349263191223 0.167688131332397 0.146776363253593 0.138909846544266 0.136870726943016 0.142720654606819 0.14211431145668 0.140738502144814 0.14025454223156 0.136639580130577 0.132944360375404
-9999 -9999 -9999 -9999 -9999 -9999 -9999 -9999 -9999 -9999 -9999 -9999 -9999 -9999 -9999 -9999 -9999 -9999 -9999 -9999 -9999 -9999 -9999 -9999 -9999 0.136331751942635 0.065365307033062 0.0166807658970356 0.0255421921610832 0.0375112555921078 0.0470698736608028 0.056337796151638 0.0776184871792793 0.0995044484734535 0.212488457560539 0.241954803466797 0.252517342567444 0.145347028970718 0.150901526212692 0.161560773849487 0.168894574046135 0.159481912851334 0.152163848280907 0.154519408941269 0.168706923723221 0.312163770198822 0.159406453371048 0.137751445174217 0.130691915750504 0.130428552627563 0.134522393345833 0.131930872797966 0.128692507743835 0.127090513706207 0.123062133789062 0.119498677551746
-9999 -9999 -9999 -9999 -9999 -9999 -9999 -9999 -9999 -9999 -9999 -9999 -9999 -9999 -9999 -9999 -9999 -9999 -9999 -9999 -9999 -9999 -9999 -9999 -9999 0.163897946476936 0.0651011541485786 0.0171598196029663 0.0306092016398907 0.0378376245498657 0.0478622615337372 0.0624601542949677 0.0819937661290169 0.102821350097656 0.1192646920681 0.230460539460182 0.229398295283318 0.120702341198921 0.122465513646603 0.137806355953217 0.15104965865612 0.144640073180199 0.137226745486259 0.136010676622391 0.141241177916527 0.144524171948433 0.137598022818565 0.129004567861557 0.126173809170723 0.124444998800755 0.123937085270882 0.12120632827282 0.118219345808029 0.116851449012756 0.112901963293552 0.108999095857143
-9999 -9999 -9999 -9999 -9999 -9999 -9999 -9999 -9999 -9999 -9999 -9999 -9999 -9999 -9999 -9999 -9999 -9999 -9999 -9999 -9999 -9999 -9999 -9999 -9999 0.182520672678947 0.073446199297905 0.0176206920295954 0.0301668532192707 0.0379468947649002 0.0534177236258984 0.0702739879488945 0.0890105292201042 0.110224977135658 0.124217145144939 0.227251261472702 0.217383325099945 0.106093503534794 0.103229120373726 0.122986450791359 0.134865880012512 0.13259844481945 0.123004876077175 0.121930621564388 0.123852655291557 0.12041275203228 0.124075911939144 0.121973849833012 0.120914556086063 0.118765264749527 0.115076199173927 0.113186798989773 0.109460406005383 0.107551380991936 0.103122629225254 0.100117422640324
-9999 -9999 -9999 -9999 -9999 -9999 -9999 -9999 -9999 -9999 -9999 -9999 -9999 -9999 -9999 -9999 -9999 -9999 -9999 -9999 -9999 -9999 -9999 -9999 -9999 0.183913096785545 0.0767425075173378 0.0194828752428293 0.0295329783111811 0.0377053320407867 0.0556614696979523 0.0722017884254456 0.0952293872833252 0.114191114902496 0.125615641474724 0.229110971093178 0.207963570952415 0.102843843400478 0.0994922444224358 0.108737275004387 0.119134910404682 0.117110580205917 0.10848642885685 0.107468731701374 0.110815808176994 0.115274161100388 0.115112148225307 0.113195307552814 0.113788388669491 0.111837044358253 0.107850879430771 0.104990758001804 0.101496383547783 0.100317277014256 0.0967651903629303 0.0929626002907753
-9999 -9999 -9999 -9999 -9999 -9999 -9999 -9999 -9999 -9999 -9999 -9999 -9999 -9999 -9999 -9999 -9999 -9999 -9999 -9999 -9999 -9999 -9999 -9999 -9999 0.202553555369377 0.0846317261457443 0.0185376331210136 0.02815867587924 0.0369613952934742 0.0555460229516029 0.0730628073215485 0.094494417309761 0.111304692924023 0.118980698287487 0.214661434292793 0.108792662620544 0.097799077630043 0.0926847085356712 0.0997782349586487 0.105866461992264 0.10479486733675 0.0987748950719833 0.101417116820812 0.108277089893818 0.110122941434383 0.111993610858917 0.108955979347229 0.10827773809433 0.104122497141361 0.101507499814034 0.099921278655529 0.0960953757166862 0.094703733921051 0.0908309072256088 0.0880240947008133
-9999 -9999 -9999 -9999 -9999 -9999 -9999 -9999 -9999 -9999 -9999 -9999 -9999 -9999 -9999 -9999 -9999 -9999 -9999 -9999 -9999 -9999 -9999 -9999 -9999 0.213454529643059 0.0919956937432289 0.0170281119644642 0.0265312809497118 0.0346356891095638 0.0525232776999474 0.0687798038125038 0.0871236696839333 0.0982457771897316 0.101048432290554 0.0955885648727417 0.0918689146637917 0.0860935151576996 0.0842744559049606 0.0894573107361794 0.0938170030713081 0.0945877954363823 0.0937338173389435 0.0976616963744164 0.101715907454491 0.106266021728516 0.105124674737453 0.102660126984119 0.101722694933414 0.0987429842352867 0.0958545431494713 0.0944426506757736 0.0925645679235458 0.0917195379734039 0.0881474018096924 0.0845818519592285
-9999 -9999 -9999 -9999 -9999 -9999 -9999 -9999 -9999 -9999 -9999 -9999 -9999 -9999 -9999 -9999 -9999 -9999 -9999 -9999 -9999 -9999 -9999 -9999 -9999 0.238478720188141 0.115671627223492 0.0207645632326603 0.0226065013557673 0.0325480550527573 0.0468607731163502 0.0628548637032509 0.0767342075705528 0.0881163254380226 0.0893437936902046 0.0845032259821892 0.0837827920913696 0.0799052938818932 0.0788321495056152 0.0875753834843636 0.0896699875593185 0.0914033204317093 0.090657614171505 0.0935277566313744 0.0985058695077896 0.101313523948193 0.100335076451302 0.0963286086916924 0.0956409126520157 0.0928075313568115 0.0912023559212685 0.090680256485939 0.0882529690861702 0.0868213996291161 0.0841513648629189 0.0812985450029373
-9999 -9999 -9999 -9999 -9999 -9999 -9999 -9999 -9999 -9999 -9999 -9999 -9999 -9999 -9999 -9999 -9999 -9999 -9999 -9999 -9999 -9999 -9999 -9999 -9999 0.272665798664093 0.138713002204895 0.0259055588394403 0.0189799722284079 0.0298170708119869 0.0432966724038124 0.0563385151326656 0.0707230418920517 0.0801298916339874 0.0827795118093491 0.0836693495512009 0.0809797942638397 0.0777182206511497 0.0798870101571083 0.0873558297753334 0.0911235436797142 0.0923926904797554 0.0891482830047607 0.0911147519946098 0.0943030789494514 0.0969045236706734 0.0949566140770912 0.0909143835306168 0.0904006361961365 0.0887625217437744 0.087813563644886 0.0875448808073997 0.0830945000052452 0.0845090225338936 0.0841613486409187 0.0803793221712112
-9999 -9999 -9999 -9999 -9999 -9999 -9999 -9999 -9999 -9999 -9999 -9999 -9999 -9999 -9999 -9999 -9999 -9999 -9999 -9999 -9999 -9999 -9999 -9999 0.325727880001068 0.258662492036819 0.153007462620735 0.033849723637104 0.0174773167818785 0.0268879439681768 0.0380218774080276 0.0518977269530296 0.0657870844006538 0.0761827453970909 0.0799417793750763 0.0806032419204712 0.0786111801862717 0.0761019214987755 0.0783412232995033 0.0882021188735962 0.0960595309734344 0.0944747254252434 0.0893831923604012 0.0888474956154823 0.0911538377404213 0.0933040976524353 0.089912436902523 0.0869217067956924 0.0880625993013382 0.0891605466604233 0.0893491059541702 0.0875404626131058 0.0842654854059219 0.0901208147406578 0.185105621814728 0.191619217395782
