meets/meet004/_saidas_enm/CCSM_Maxent_6k_Cavanillesia_umbellata4.asc
NCOLS 154 
NROWS 168 
XLLCORNER -112 
YLLCORNER -55.5 
CELLSIZE 0.5 
NODATA_value -9999 
[rows 100 to 124 of 168, columns 56 to 111 of 154]
-9999 -9999 -9999 -9999 -9999 -9999 -9999 -9999 -9999 -9999 -9999 -9999 -9999 -9999 -9999 -9999 -9999 -9999 -9999 -9999 -9999 -9999 -9999 -9999 -9999 -9999 -9999 -9999 0.154494166374207 0.180632829666138 0.117620728909969 0.0386798121035099 0.0264469385147095 0.0224602296948433 0.02195780351758 0.0236520431935787 0.0300932507961988 0.0361676141619682 0.0451181270182133 0.0556139722466469 0.0749932304024696 0.119121126830578 0.191532969474792 0.0730106979608536 0.0706153512001038 0.0677077174186707 0.0824338272213936 0.107003174722195 0.120200932025909 0.203635901212692 0.109635166823864 0.195790663361549 0.192927703261375 0.176953911781311 0.155895605683327 0.311725109815598
-9999 -9999 -9999 -9999 -9999 -9999 -9999 -9999 -9999 -9999 -9999 -9999 -9999 -9999 -9999 -9999 -9999 -9999 -9999 -9999 -9999 -9999 -9999 -9999 -9999 -9999 -9999 -9999 0.138248711824417 0.189073234796524 0.115105748176575 0.0351068452000618 0.0237792748957872 0.0215286333113909 0.023491557687521 0.0493067242205143 0.0623231716454029 0.0387878939509392 0.047466829419136 0.0581703707575798 0.0793675556778908 0.122264601290226 0.199973076581955 0.0765117928385735 0.0718931257724762 0.069436751306057 0.0917153134942055 0.121937081217766 0.226545691490173 0.115665584802628 0.0966403186321259 0.105074048042297 0.186159312725067 0.174647897481918 0.357866317033768 0.394233375787735
-9999 -9999 -9999 -9999 -9999 -9999 -9999 -9999 -9999 -9999 -9999 -9999 -9999 -9999 -9999 -9999 -9999 -9999 -9999 -9999 -9999 -9999 -9999 -9999 -9999 -9999 -9999 0.0554428733885288 0.120291613042355 0.183287784457207 0.0637524500489235 0.0326124392449856 0.0246203951537609 0.0239161346107721 0.0265867374837399 0.0570030137896538 0.0679948404431343 0.0779408365488052 0.0519073940813541 0.0626207813620567 0.0862877517938614 0.129114404320717 0.204489558935165 0.075613759458065 0.069461815059185 0.0692988783121109 0.0867355093359947 0.113471701741219 0.211899176239967 0.113071076571941 0.103340692818165 0.104807883501053 0.194381460547447 0.184586420655251 0.361757129430771 0.200473353266716
-9999 -9999 -9999 -9999 -9999 -9999 -9999 -9999 -9999 -9999 -9999 -9999 -9999 -9999 -9999 -9999 -9999 -9999 -9999 -9999 -9999 -9999 -9999 -9999 -9999 -9999 -9999 0.0501134805381298 0.0997533798217773 0.192734628915787 0.055223286151886 0.0297258086502552 0.0242313332855701 0.0254025608301163 0.0540731400251389 0.060881182551384 0.0685365870594978 0.0414673760533333 0.0501856431365013 0.0620801970362663 0.0873033478856087 0.129020214080811 0.199205830693245 0.0688064470887184 0.0609095171093941 0.154310241341591 0.0720613971352577 0.0946958065032959 0.10670330375433 0.103414945304394 0.0981324315071106 0.103378906846046 0.110679671168327 0.1850526034832 0.226613655686378 0.202766731381416
-9999 -9999 -9999 -9999 -9999 -9999 -9999 -9999 -9999 -9999 -9999 -9999 -9999 -9999 -9999 -9999 -9999 -9999 -9999 -9999 -9999 -9999 -9999 -9999 -9999 -9999 -9999 0.0445736050605774 0.0900615602731705 0.169318646192551 0.0485065914690495 0.026511924341321 0.0234040860086679 0.0257237628102303 0.0545561388134956 0.0603269189596176 0.0623041056096554 0.033102348446846 0.0410730317234993 0.0607182942330837 0.0849241316318512 0.124407939612865 0.16755485534668 0.144005253911018 0.144433781504631 0.144791632890701 0.161151334643364 0.195066720247269 0.218810558319092 0.228031754493713 0.219733893871307 0.0955421924591064 0.0950853899121284 0.222979724407196 0.20902356505394 0.250711739063263
-9999 -9999 -9999 -9999 -9999 -9999 -9999 -9999 -9999 -9999 -9999 -9999 -9999 -9999 -9999 -9999 -9999 -9999 -9999 -9999 -9999 -9999 -9999 -9999 -9999 -9999 -9999 0.0433988086879253 0.0755423903465271 0.202932372689247 0.0372234955430031 0.0222227443009615 0.0211594831198454 0.0240622609853745 0.0498606339097023 0.0527001321315765 0.0278570428490639 0.0275996383279562 0.0381289757788181 0.0589086711406708 0.0851314663887024 0.118166632950306 0.152121126651764 0.178023442625999 0.182955056428909 0.186341196298599 0.160730540752411 0.181838840246201 0.201600387692451 0.221955373883247 0.217116728425026 0.219717904925346 0.214099049568176 0.203805074095726 0.261709630489349 0.24150812625885
-9999 -9999 -9999 -9999 -9999 -9999 -9999 -9999 -9999 -9999 -9999 -9999 -9999 -9999 -9999 -9999 -9999 -9999 -9999 -9999 -9999 -9999 -9999 -9999 -9999 -9999 -9999 0.0537202544510365 0.0702535882592201 0.0870276689529419 0.0296223890036345 0.0178439822047949 0.0186558105051517 0.021968174725771 0.0234063901007175 0.0403340831398964 0.0223894435912371 0.0241529755294323 0.0381381921470165 0.0603014640510082 0.0855473503470421 0.115317136049271 0.145638972520828 0.167101427912712 0.175719678401947 0.203121498227119 0.216865926980972 0.244212195277214 0.267818123102188 0.28132227063179 0.301334202289581 0.290337204933167 0.278055489063263 0.264849096536636 0.251275032758713 0.246828556060791
-9999 -9999 -9999 -9999 -9999 -9999 -9999 -9999 -9999 -9999 -9999 -9999 -9999 -9999 -9999 -9999 -9999 -9999 -9999 -9999 -9999 -9999 -9999 -9999 -9999 -9999 -9999 0.0681918933987617 0.0754737854003906 0.0523848831653595 0.0248584356158972 0.0138574056327343 0.016395328566432 0.0196074303239584 0.020269488915801 0.0169959627091885 0.018062362447381 0.02262600697577 0.0379552617669106 0.0616701878607273 0.086733840405941 0.11425868421793 0.138438627123833 0.157044485211372 0.165695428848267 0.185687482357025 0.197940617799759 0.221412777900696 0.24714583158493 0.268389463424683 0.289553701877594 0.276657998561859 0.263335257768631 0.253763765096664 0.249551296234131 0.247697457671165
-9999 -9999 -9999 -9999 -9999 -9999 -9999 -9999 -9999 -9999 -9999 -9999 -9999 -9999 -9999 -9999 -9999 -9999 -9999 -9999 -9999 -9999 -9999 -9999 -9999 -9999 -9999 0.0941794738173485 0.127251490950584 0.0339557379484177 0.0188316032290459 0.0108353057876229 0.0142632918432355 0.0185950007289648 0.0181870181113482 0.0140304146334529 0.0161466691643 0.0235394798219204 0.0381303653120995 0.0644230619072914 0.0898613855242729 0.113998465240002 0.133066192269325 0.14709883928299 0.15493768453598 0.159413680434227 0.165379419922829 0.182944372296333 0.206015199422836 0.240128502249718 0.253319591283798 0.251107335090637 0.239944487810135 0.234522461891174 0.239531606435776 0.240089103579521
-9999 -9999 -9999 -9999 -9999 -9999 -9999 -9999 -9999 -9999 -9999 -9999 -9999 -9999 -9999 -9999 -9999 -9999 -9999 -9999 -9999 -9999 -9999 -9999 -9999 -9999 -9999 0.158390074968338 0.10819024592638 0.0256444104015827 0.0179327800869942 0.0115638952702284 0.0143037689849734 0.0189900286495686 0.018455944955349 0.0148701276630163 0.0188765879720449 0.0299523659050465 0.0476993843913078 0.0708964541554451 0.0944052487611771 0.115764409303665 0.130617663264275 0.141075015068054 0.14719146490097 0.150115981698036 0.152705252170563 0.162244781851768 0.182561859488487 0.207893088459969 0.220079883933067 0.225292652845383 0.219145461916924 0.219567030668259 0.226020708680153 0.226753205060959
-9999 -9999 -9999 -9999 -9999 -9999 -9999 -9999 -9999 -9999 -9999 -9999 -9999 -9999 -9999 -9999 -9999 -9999 -9999 -9999 -9999 -9999 -9999 -9999 -9999 -9999 0.217139378190041 0.133632853627205 0.0934149399399757 0.0239368882030249 0.018891230225563 0.0140649545937777 0.0164743755012751 0.0206840634346008 0.0200777854770422 0.0160241890698671 0.0245697181671858 0.0448688566684723 0.0699712261557579 0.0859789177775383 0.101495422422886 0.117435097694397 0.129975825548172 0.136778742074966 0.140246316790581 0.142645597457886 0.147706314921379 0.162649020552635 0.179315313696861 0.18990296125412 0.196904838085175 0.206530049443245 0.205983698368073 0.211841240525246 0.215948477387428 0.215840563178062
-9999 -9999 -9999 -9999 -9999 -9999 -9999 -9999 -9999 -9999 -9999 -9999 -9999 -9999 -9999 -9999 -9999 -9999 -9999 -9999 -9999 -9999 -9999 -9999 -9999 -9999 0.177142933011055 0.117360435426235 0.0730248764157295 0.0206408612430096 0.0205283332616091 0.0177113339304924 0.0203501302748919 0.0209788903594017 0.020765895023942 0.0219649355858564 0.033803403377533 0.0553669854998589 0.083994522690773 0.101342841982841 0.107458546757698 0.116159275174141 0.123914875090122 0.129612922668457 0.132297083735466 0.136464089155197 0.148076578974724 0.15722768008709 0.168852433562279 0.180189713835716 0.186277762055397 0.191432550549507 0.193013355135918 0.196197316050529 0.199677869677544 0.198146015405655
-9999 -9999 -9999 -9999 -9999 -9999 -9999 -9999 -9999 -9999 -9999 -9999 -9999 -9999 -9999 -9999 -9999 -9999 -9999 -9999 -9999 -9999 -9999 -9999 -9999 -9999 0.127588078379631 0.0905373692512512 0.0253749936819077 0.0189198944717646 0.0207094475626945 0.0222126301378012 0.0233365893363953 0.0230458974838257 0.0264298655092716 0.0294172167778015 0.0470536015927792 0.067808710038662 0.0892442688345909 0.115196049213409 0.125950306653976 0.128149017691612 0.127950310707092 0.127871498465538 0.133739605545998 0.135001137852669 0.14448469877243 0.151638194918633 0.15685161948204 0.167287737131119 0.173486635088921 0.178143620491028 0.178921028971672 0.183322414755821 0.184704050421715 0.182687550783157
-9999 -9999 -9999 -9999 -9999 -9999 -9999 -9999 -9999 -9999 -9999 -9999 -9999 -9999 -9999 -9999 -9999 -9999 -9999 -9999 -9999 -9999 -9999 -9999 -9999 -9999 0.100516863167286 0.0789364576339722 0.0174981951713562 0.0165509805083275 0.0233432687819004 0.0251151844859123 0.0267800856381655 0.0327405966818333 0.0448458902537823 0.0568627826869488 0.073680005967617 0.083935871720314 0.102447144687176 0.127668052911758 0.14930847287178 0.151030257344246 0.142824873328209 0.141144335269928 0.153103038668633 0.162242397665977 0.154261946678162 0.143136262893677 0.14325512945652 0.150671407580376 0.160176128149033 0.164391651749611 0.167106971144676 0.170138657093048 0.169953644275665 0.168360516428947
-9999 -9999 -9999 -9999 -9999 -9999 -9999 -9999 -9999 -9999 -9999 -9999 -9999 -9999 -9999 -9999 -9999 -9999 -9999 -9999 -9999 -9999 -9999 -9999 -9999 0.1551883071661 0.0912243872880936 0.040346447378397 0.010237299837172 0.0185498632490635 0.0246885754168034 0.0286400858312845 0.0349266864359379 0.0516562350094318 0.134416043758392 0.199658110737801 0.191500157117844 0.107509024441242 0.119911812245846 0.149105966091156 0.187760919332504 0.161546751856804 0.156621798872948 0.161327987909317 0.176783084869385 0.205488219857216 0.169245049357414 0.139900207519531 0.130746722221375 0.135423988103867 0.146097019314766 0.151868045330048 0.154508098959923 0.156751245260239 0.154957681894302 0.154960542917252
-9999 -9999 -9999 -9999 -9999 -9999 -9999 -9999 -9999 -9999 -9999 -9999 -9999 -9999 -9999 -9999 -9999 -9999 -9999 -9999 -9999 -9999 -9999 -9999 -9999 0.140827089548111 0.0895977020263672 0.0138727193698287 0.0110994698479772 0.0194712150841951 0.0264269262552261 0.0318345054984093 0.0459758937358856 0.0701575949788094 0.176220834255219 0.219101563096046 0.225810140371323 0.134517848491669 0.142412200570107 0.15456323325634 0.178715765476227 0.16230520606041 0.156955078244209 0.159726366400719 0.183065339922905 0.322502553462982 0.166031122207642 0.135197281837463 0.125037640333176 0.124395564198494 0.135950863361359 0.137876361608505 0.138788133859634 0.140842542052269 0.138895958662033 0.13692070543766
-9999 -9999 -9999 -9999 -9999 -9999 -9999 -9999 -9999 -9999 -9999 -9999 -9999 -9999 -9999 -9999 -9999 -9999 -9999 -9999 -9999 -9999 -9999 -9999 -9999 0.136387154459953 0.0675582960247993 0.00997370295226574 0.0138796009123325 0.0214336402714252 0.0279319826513529 0.0347182042896748 0.0555029772222042 0.0808041915297508 0.182545632123947 0.223568648099899 0.232853591442108 0.13518925011158 0.139828041195869 0.156036034226418 0.165686503052711 0.151680499315262 0.140904724597931 0.144793495535851 0.167975604534149 0.311872452497482 0.155401602387428 0.124095343053341 0.115481168031693 0.117632210254669 0.126559764146805 0.125411748886108 0.123734168708324 0.124354526400566 0.122179739177227 0.120228700339794
-9999 -9999 -9999 -9999 -9999 -9999 -9999 -9999 -9999 -9999 -9999 -9999 -9999 -9999 -9999 -9999 -9999 -9999 -9999 -9999 -9999 -9999 -9999 -9999 -9999 0.164673537015915 0.0642391592264175 0.00978995300829411 0.0165655110031366 0.0215102043002844 0.0283550415188074 0.0406077280640602 0.0593312941491604 0.083064116537571 0.106010995805264 0.206018179655075 0.202468037605286 0.105389036238194 0.106074385344982 0.126571342349052 0.145054847002029 0.133550360798836 0.12166815251112 0.119480356574059 0.127563655376434 0.133332505822182 0.124210499227047 0.113289900124073 0.1108692958951 0.1109704002738 0.113167710602283 0.112193390727043 0.111085303127766 0.112008579075336 0.109913773834705 0.107775889337063
-9999 -9999 -9999 -9999 -9999 -9999 -9999 -9999 -9999 -9999 -9999 -9999 -9999 -9999 -9999 -9999 -9999 -9999 -9999 -9999 -9999 -9999 -9999 -9999 -9999 0.166440322995186 0.0709879100322723 0.010699194855988 0.0161304455250502 0.0214960183948278 0.0339400246739388 0.0489518493413925 0.0667285546660423 0.0916696041822433 0.113051399588585 0.202926635742188 0.189600899815559 0.0899217873811722 0.0850160121917725 0.110514797270298 0.125987395644188 0.119491949677467 0.103776596486568 0.101396448910236 0.104259096086025 0.100230947136879 0.106286160647869 0.104867003858089 0.105075746774673 0.104827135801315 0.102119140326977 0.102353766560555 0.100470632314682 0.100839048624039 0.0983204171061516 0.0971642360091209
-9999 -9999 -9999 -9999 -9999 -9999 -9999 -9999 -9999 -9999 -9999 -9999 -9999 -9999 -9999 -9999 -9999 -9999 -9999 -9999 -9999 -9999 -9999 -9999 -9999 0.157268762588501 0.0694330781698227 0.0124515611678362 0.015655554831028 0.0213644374161959 0.0358764864504337 0.0507461130619049 0.0748449862003326 0.0977846384048462 0.199249088764191 0.207974091172218 0.179223045706749 0.0871070623397827 0.0820669382810593 0.0932590588927269 0.105802819132805 0.0997345149517059 0.0856708586215973 0.0832162350416183 0.0878832191228867 0.094708077609539 0.0955424383282661 0.0943378806114197 0.096702829003334 0.0964291393756866 0.0935259982943535 0.0924330949783325 0.0907135605812073 0.0919252783060074 0.0905107036232948 0.0885109379887581
-9999 -9999 -9999 -9999 -9999 -9999 -9999 -9999 -9999 -9999 -9999 -9999 -9999 -9999 -9999 -9999 -9999 -9999 -9999 -9999 -9999 -9999 -9999 -9999 -9999 0.163476377725601 0.0733581632375717 0.011805122718215 0.0147350318729877 0.0209669210016727 0.0357949659228325 0.0518662221729755 0.0741324052214622 0.0942732989788055 0.106633961200714 0.188140749931335 0.0953337177634239 0.0811331495642662 0.0741423070430756 0.0826347395777702 0.0892812460660934 0.0848262086510658 0.0744149759411812 0.0765125304460526 0.0857981964945793 0.089155025780201 0.0926016345620155 0.0899334847927094 0.0905194953083992 0.0872318223118782 0.0858942642807961 0.0862863212823868 0.0841541364789009 0.0851377546787262 0.0834218263626099 0.0825203582644463
-9999 -9999 -9999 -9999 -9999 -9999 -9999 -9999 -9999 -9999 -9999 -9999 -9999 -9999 -9999 -9999 -9999 -9999 -9999 -9999 -9999 -9999 -9999 -9999 -9999 0.16224493086338 0.0796177834272385 0.0105092646554112 0.0137192001566291 0.0193832498043776 0.0332887060940266 0.0473615415394306 0.0653413534164429 0.0774355009198189 0.0820800140500069 0.0765801891684532 0.0728093013167381 0.0660269185900688 0.0638540983200073 0.0702871307730675 0.074878878891468 0.073200985789299 0.0694712698459625 0.073055274784565 0.0785378664731979 0.0854454264044762 0.0848706066608429 0.0826617851853371 0.0828029587864876 0.0808885172009468 0.0792732909321785 0.0798543617129326 0.0799977481365204 0.0816308706998825 0.0801000073552132 0.0783802643418312
-9999 -9999 -9999 -9999 -9999 -9999 -9999 -9999 -9999 -9999 -9999 -9999 -9999 -9999 -9999 -9999 -9999 -9999 -9999 -9999 -9999 -9999 -9999 -9999 -9999 0.172204375267029 0.0973003804683685 0.0127577614039183 0.0115172723308206 0.0179532524198294 0.0283066239207983 0.04157879576087 0.0536220632493496 0.0654927045106888 0.0679849982261658 0.0634269043803215 0.0634076371788979 0.0591245256364346 0.0579143278300762 0.068913035094738 0.0707182362675667 0.0703589767217636 0.066906526684761 0.0692110285162926 0.075910285115242 0.0804056823253632 0.0797900557518005 0.0755770429968834 0.0757676288485527 0.0739792585372925 0.0737683027982712 0.0751539468765259 0.0746949762105942 0.0752408802509308 0.0749329850077629 0.0738374590873718
-9999 -9999 -9999 -9999 -9999 -9999 -9999 -9999 -9999 -9999 -9999 -9999 -9999 -9999 -9999 -9999 -9999 -9999 -9999 -9999 -9999 -9999 -9999 -9999 -9999 0.200986474752426 0.110858678817749 0.0165379233658314 0.00951950345188379 0.0160298831760883 0.0256893243640661 0.0356260016560555 0.0477309823036194 0.0568025819957256 0.0608990862965584 0.0636784806847572 0.0607814379036427 0.0573655590415001 0.0600199438631535 0.0690294355154037 0.0732023492455482 0.0724269300699234 0.0660569071769714 0.06754020601511 0.072016179561615 0.0761422142386436 0.0742092952132225 0.0697266906499863 0.0699966922402382 0.069521464407444 0.0697635114192963 0.0715785473585129 0.068218857049942 0.0725748464465141 0.0754179432988167 0.0724324733018875
-9999 -9999 -9999 -9999 -9999 -9999 -9999 -9999 -9999 -9999 -9999 -9999 -9999 -9999 -9999 -9999 -9999 -9999 -9999 -9999 -9999 -9999 -9999 -9999 0.2526615858078 0.187509372830391 0.119488418102264 0.0225227531045675 0.00928373727947474 0.0140737788751721 0.0218534227460623 0.0321803316473961 0.0432392321527004 0.052859965711832 0.057767927646637 0.0599741712212563 0.0578919798135757 0.0551538802683353 0.0576897747814655 0.0695465952157974 0.0791877210140228 0.0752284973859787 0.0671931281685829 0.0659631565213203 0.0693692862987518 0.0729169547557831 0.0691767632961273 0.0660143792629242 0.0681251958012581 0.070784404873848 0.0725879147648811 0.0721702203154564 0.0701382830739021 0.0808598399162292 0.176652207970619 0.192175880074501
