meets/meet004/_saidas_enm/CCSM_SVM_6k_Cavanillesia_umbellata3.asc
NCOLS 154 
NROWS 168 
XLLCORNER -112 
YLLCORNER -55.5 
CELLSIZE 0.5 
NODATA_value -9999 
[rows 96 to 119 of 168, columns 56 to 111 of 154]
-9999 -9999 -9999 -9999 -9999 -9999 -9999 -9999 -9999 -9999 -9999 -9999 -9999 -9999 -9999 -9999 -9999 -9999 -9999 -9999 -9999 -9999 -9999 -9999 -9999 -9999 -9999 -9999 0.125871337877349 0.0175424336362171 -0.0181540530747467 0.00826514420432828 0.0226759025617013 0.0254131443797432 0.0195376159435794 0.00588942781919538 -0.00307602398317819 0.00435781156647064 0.0107765369717693 -0.0473912657366692 -0.109391803265118 -0.0688013340436039 -0.0242372482278443 -0.0591351107931451 -0.075472371518927 -0.0356766732932772 0.0142484965193888 0.0358880115545072 0.027220339782087 -0.0511730382976486 -0.0773456919242045 -0.0334031777944979 0.0789923552343457 0.130344870243921 0.148289270980051 0.118513538153248
-9999 -9999 -9999 -9999 -9999 -9999 -9999 -9999 -9999 -9999 -9999 -9999 -9999 -9999 -9999 -9999 -9999 -9999 -9999 -9999 -9999 -9999 -9999 -9999 -9999 -9999 -9999 -9999 0.12588118256124 0.0375083037647772 -0.0199781232364852 0.00918116048260198 0.0257138238223848 0.0279675379431426 0.0207438132895617 0.00559753054883178 -0.00662286356773401 -0.000762828196002596 0.000766979849651739 -0.0645431854856182 -0.125731261764868 -0.0802575803411575 -0.0357337998729464 -0.0776512424012364 -0.109108214516968 -0.133134945126504 -0.0861269219736162 0.00724002075146224 0.0443541852628332 -0.028331602327178 -0.106002374064552 -0.0195339557561511 0.0901568683627067 0.14320584948855 0.154371423728972 0.130162161734381
-9999 -9999 -9999 -9999 -9999 -9999 -9999 -9999 -9999 -9999 -9999 -9999 -9999 -9999 -9999 -9999 -9999 -9999 -9999 -9999 -9999 -9999 -9999 -9999 -9999 -9999 -9999 -9999 0.135851617789259 0.0463818975200696 -0.0131494366972693 0.0109673931321962 0.0254875394616732 0.027939323995687 0.0219473445104492 0.00730527710427287 -0.00581877167187 -0.00517232704842269 -0.0101694671209912 -0.0733110308904711 -0.132082464327464 -0.087238687326588 -0.0430208553270907 -0.0823121668979199 -0.113957841878097 -0.129872726589709 -0.138742829360979 -0.105321330783408 -0.0576641653534534 -0.0213246787778695 -0.00493159470848992 0.0392008561508261 0.09441749834563 0.121207821038048 0.130769681855704 0.121468357654659
-9999 -9999 -9999 -9999 -9999 -9999 -9999 -9999 -9999 -9999 -9999 -9999 -9999 -9999 -9999 -9999 -9999 -9999 -9999 -9999 -9999 -9999 -9999 -9999 -9999 -9999 -9999 -9999 0.146999578780386 0.064991208941155 -0.0125020596373808 0.0126880853873066 0.0257624479778315 0.0278613360417753 0.0215120072209479 0.00917001237580017 -0.0054362438212574 -0.00191642474076648 -0.00768516253797258 -0.0846447828982202 -0.136119924801613 -0.083504240616806 -0.045197708274996 -0.0870051320967177 -0.107407229977187 -0.1189665062314 -0.133565463488401 -0.129946831508891 -0.103401024028356 -0.0134427137376014 0.102724648279601 0.0795210022109176 0.0748725206893322 0.0899738160046789 0.104230358775298 0.1223777286426
-9999 -9999 -9999 -9999 -9999 -9999 -9999 -9999 -9999 -9999 -9999 -9999 -9999 -9999 -9999 -9999 -9999 -9999 -9999 -9999 -9999 -9999 -9999 -9999 -9999 -9999 -9999 -9999 0.141794471711377 0.0649702635539767 0.000429228869744835 0.0152175077818316 0.0241562133510341 0.0258323885056946 0.019759853597949 0.00593656254523856 -0.00591325822862077 -0.00306296199312078 -0.0163326130182097 -0.100114368326702 -0.143413918066725 -0.0859777688580183 -0.0493040702848964 -0.0856535875913302 -0.100267820746499 -0.105963500992497 -0.11714628585832 -0.0853378566827164 -0.0395731738963579 -0.0184523137339462 -0.0190768145717305 0.021992187339105 0.0543666090290845 0.0747226850586069 0.0875821299476772 0.0935652059937476
-9999 -9999 -9999 -9999 -9999 -9999 -9999 -9999 -9999 -9999 -9999 -9999 -9999 -9999 -9999 -9999 -9999 -9999 -9999 -9999 -9999 -9999 -9999 -9999 -9999 -9999 -9999 -9999 0.136121757154647 0.065920900024846 0.00658325416283495 0.0171275415083635 0.0232199136491101 0.0239134454256646 0.0167464871702611 0.0044347975763937 -0.00646102314226127 -0.000117332537956205 -0.0199211885578827 -0.115663819050574 -0.143058902462836 -0.0951652586785942 -0.0590431247636834 -0.0898150421098732 -0.0870828462080187 -0.0876518037004754 -0.0852592403176858 -0.0184016606004434 0.0298691297052637 -0.00991376734508986 -0.0559978600246293 -0.016209847463839 0.024542727536073 0.04771132073708 0.0795809264128908 0.0692261846132378
-9999 -9999 -9999 -9999 -9999 -9999 -9999 -9999 -9999 -9999 -9999 -9999 -9999 -9999 -9999 -9999 -9999 -9999 -9999 -9999 -9999 -9999 -9999 -9999 -9999 -9999 -9999 0.0491412562116289 0.120778994946619 0.0658973534153406 0.0105720399738071 0.0179999556889453 0.0220567736381423 0.0212287558829513 0.0141665512948538 0.00189462292703502 -0.00705700148007199 -0.00436025307066501 -0.038967752719045 -0.131940414308293 -0.135851715956497 -0.0840661632576983 -0.0546674131417219 -0.083852851229366 -0.0850823661559009 -0.0717902931730082 -0.0598879095441874 -0.00759818674160279 0.0287863791418707 0.00652495750931281 -0.0193413133259879 -0.0140851693351759 0.0175804525977638 0.0337355823930937 0.0406755046022315 0.026994337475706
-9999 -9999 -9999 -9999 -9999 -9999 -9999 -9999 -9999 -9999 -9999 -9999 -9999 -9999 -9999 -9999 -9999 -9999 -9999 -9999 -9999 -9999 -9999 -9999 -9999 -9999 -9999 0.0494279648879353 0.117478885987894 0.0750334399882411 0.0156425099761005 0.0205694553119922 0.0223140253007776 0.0196557320498151 0.0121037082716448 0.00145809299030342 -0.00900621098602872 -0.0124952054001393 -0.0627912714810903 -0.148034486054293 -0.123309594390791 -0.0758615330167233 -0.0468083471204376 -0.0799550303202475 -0.0778494235585371 -0.0645433291225967 -0.0525086457701143 -0.0171643958159147 0.00974361299092263 0.00189754141909232 -0.0143744254956594 -0.00623983957183533 0.00488970620294099 0.0127867142154566 8.39377397267027e-05 -0.00647258024312075
-9999 -9999 -9999 -9999 -9999 -9999 -9999 -9999 -9999 -9999 -9999 -9999 -9999 -9999 -9999 -9999 -9999 -9999 -9999 -9999 -9999 -9999 -9999 -9999 -9999 -9999 -9999 0.0553644479939479 0.122194511635522 0.0724434730762011 0.0223588088022154 0.0240112128091344 0.02452458948454 0.0200600771759763 0.0109442711820615 0.000179549405257218 -0.0123169044646467 -0.0340434524913081 -0.0920502515781993 -0.159078597451272 -0.121395872773471 -0.0678375043117929 -0.0623835553942354 -0.0777188230678251 -0.0741758537780813 -0.0555539724453188 -0.0475826777945124 -0.0259140176095835 -0.0019890986503438 0.0106386197454802 -0.00492534178571025 0.00304119218554516 -0.00976234951066457 -0.0167790166005186 -0.0195811098294755 -0.0326599945191392
-9999 -9999 -9999 -9999 -9999 -9999 -9999 -9999 -9999 -9999 -9999 -9999 -9999 -9999 -9999 -9999 -9999 -9999 -9999 -9999 -9999 -9999 -9999 -9999 -9999 -9999 -9999 0.0623036106432222 0.13014657051503 0.0732251683431706 0.0277167032625096 0.0281899167299402 0.0274239634819876 0.0219814420040891 0.00996645333366031 -0.000555315702605863 -0.0122683366247398 -0.0398750405601322 -0.100358052566542 -0.161177718243089 -0.115704727264475 -0.0650031106728783 -0.0581615264056384 -0.0735837430098262 -0.0683017582476763 -0.0571918388478408 -0.0428633807204539 -0.0219549655227139 0.000760141654287005 0.0298975195875592 0.0269925634348653 0.0239378903867203 0.00709783824501115 -0.00532432851111836 -0.0118926118473745 -0.0258035426062564
-9999 -9999 -9999 -9999 -9999 -9999 -9999 -9999 -9999 -9999 -9999 -9999 -9999 -9999 -9999 -9999 -9999 -9999 -9999 -9999 -9999 -9999 -9999 -9999 -9999 -9999 -9999 0.0872498853385602 0.137109888504481 0.0656766461667817 0.031252552433938 0.0312689360815979 0.0302404111733493 0.0242340019650499 0.00906780551834935 -0.000437041930322069 -0.00660052121502797 -0.0365826745909254 -0.0996321004379411 -0.161474156058157 -0.106625694379964 -0.0607521423872823 -0.0542260274114917 -0.0633571947610446 -0.0602624778713524 -0.0434463819005583 -0.034149304135359 -0.00877773611091931 0.0228912601148588 0.0442988197907291 0.0767076380531821 0.0573321544256783 0.0436073523983684 0.0298837729276667 0.0144047715271691 0.0101385268202187
-9999 -9999 -9999 -9999 -9999 -9999 -9999 -9999 -9999 -9999 -9999 -9999 -9999 -9999 -9999 -9999 -9999 -9999 -9999 -9999 -9999 -9999 -9999 -9999 -9999 -9999 -9999 0.128610965771186 0.14573324038741 0.056356885169849 0.0333861816924192 0.033095132290354 0.0315597688608991 0.02505002007836 0.00873447770894242 0.00289255480149769 0.000466623664671373 -0.0313201534530945 -0.100485859144546 -0.15997607735691 -0.102535518550729 -0.0505394547315104 -0.045232066092003 -0.0571361534777329 -0.0576569967868968 -0.04440728948974 -0.0389435226056202 -0.0174578056240999 0.0149324392358026 0.0494432611013387 0.086560042489808 0.060557848384294 0.0434827704001196 0.0464692285912283 0.0582156015646064 0.0551532855564525
-9999 -9999 -9999 -9999 -9999 -9999 -9999 -9999 -9999 -9999 -9999 -9999 -9999 -9999 -9999 -9999 -9999 -9999 -9999 -9999 -9999 -9999 -9999 -9999 -9999 -9999 -9999 0.167573358043822 0.164709964474649 0.0496807004479679 0.0348327481395506 0.0340156345585896 0.032193631298607 0.0246629851760111 0.00773004457785809 0.00807488335621737 0.00800995845255714 -0.030439425042097 -0.100723321987909 -0.155200631079851 -0.0918992327367124 -0.0456697710266026 -0.0404325691279386 -0.0478241218292594 -0.0511237248103314 -0.0493760330657747 -0.0456185638588657 -0.0366164688450979 -0.0152488696478926 0.02949590059982 0.0504883660003018 0.0454800985586635 0.0287686575449593 0.0319636257529204 0.0482752707527535 0.0711430126735413
-9999 -9999 -9999 -9999 -9999 -9999 -9999 -9999 -9999 -9999 -9999 -9999 -9999 -9999 -9999 -9999 -9999 -9999 -9999 -9999 -9999 -9999 -9999 -9999 -9999 -9999 -9999 0.179908877058645 0.15112349022406 0.0478594652316046 0.0351698684677951 0.0337479174586414 0.0304176790374558 0.0197126819736637 0.00366985386849211 0.00769741430489845 0.00886095475279242 -0.0370723537645373 -0.112406055771488 -0.141612958833689 -0.0825264021593918 -0.0379815939304467 -0.0304881398060164 -0.0397407185232205 -0.0442661595427785 -0.0453629816098384 -0.0466405855428541 -0.0415046194937835 -0.0270420701786192 -0.00235692903704576 0.0111094783779316 0.0148569785460373 0.00857221437137656 0.0159565691738089 0.0321524795049116 0.0523712314414365
-9999 -9999 -9999 -9999 -9999 -9999 -9999 -9999 -9999 -9999 -9999 -9999 -9999 -9999 -9999 -9999 -9999 -9999 -9999 -9999 -9999 -9999 -9999 -9999 -9999 -9999 -0.0242957118856441 0.175286334704295 0.131889883450907 0.046771684768015 0.0354848700298337 0.032484236895087 0.026810227771071 0.0103562918989105 -0.00406789541866515 0.00811500148822097 0.00280704827062533 -0.0451128070439706 -0.0811142407479833 -0.102845157544024 -0.0559640525023454 -0.0286306585619243 -0.0177817383815459 -0.0279793532151155 -0.0347939570254696 -0.038319554858588 -0.0366077796416912 -0.0323669635094453 -0.0202620194920826 -0.0147998467708962 -0.0110952879734391 -0.00290319893139462 -0.006873871913322 0.00318698531609046 0.0149178035843255 0.031243340073405
-9999 -9999 -9999 -9999 -9999 -9999 -9999 -9999 -9999 -9999 -9999 -9999 -9999 -9999 -9999 -9999 -9999 -9999 -9999 -9999 -9999 -9999 -9999 -9999 -9999 -9999 0.0246819951287526 0.157281413673801 0.0938376869256193 0.0440956823079926 0.0348940941016582 0.029783847732156 0.0191864025089193 -0.00383494095414832 -0.0185612170127868 -0.00905348690457797 -0.0290046331987131 -0.0751458354892986 -0.0618693528145973 -0.0417607975491619 -0.0209169874914661 -0.0111382690740187 -0.00727102561910858 -0.0137070797169987 -0.0177209806953547 -0.0235151449062789 -0.0258135497217889 -0.0266011531680795 -0.0210678444022404 -0.0170675934900914 -0.0168774726245203 -0.0174725952879847 -0.0183331477914759 -0.0112988598745892 -0.00203849744315554 0.0126304730671008
-9999 -9999 -9999 -9999 -9999 -9999 -9999 -9999 -9999 -9999 -9999 -9999 -9999 -9999 -9999 -9999 -9999 -9999 -9999 -9999 -9999 -9999 -9999 -9999 -9999 -9999 0.0931683850672509 0.114296353671577 0.060642012563533 0.0409470729966752 0.035418050641154 0.0246998114013045 0.00892045582844925 -0.0218820772931507 -0.0429903888413862 -0.0352311407694224 -0.0688554975912192 -0.0775692325030135 -0.0372674412537218 0.0138417960846303 0.0285407819341509 0.0205853194142824 0.0134922316053352 0.003939340457499 -0.0031328758163397 -0.0120015367172184 -0.0144406745549419 -0.0184801849213516 -0.0200446830221596 -0.02054265083864 -0.021339320679794 -0.0243003117741187 -0.0281321550863635 -0.0223833906278283 -0.0169790633302766 -0.00539412595239008
-9999 -9999 -9999 -9999 -9999 -9999 -9999 -9999 -9999 -9999 -9999 -9999 -9999 -9999 -9999 -9999 -9999 -9999 -9999 -9999 -9999 -9999 -9999 -9999 -9999 -9999 0.147005021514256 0.0631920256321273 0.043084166717625 0.0366240770214015 0.029142840238012 0.0144672663609253 -0.014297335110284 -0.0509970795944384 -0.0586631697339192 -0.0522085719620648 -0.0453073475232362 -0.0343988966259034 0.00281423799195829 0.0423218971079419 0.0700808382830787 0.0601871696894182 0.0407685933767513 0.0279308322473043 0.0253662765238091 0.0206149516458951 -0.00254717870051385 -0.0245693342510124 -0.03096280176401 -0.0338819638824678 -0.0337079510414783 -0.0353161052629247 -0.037791747439954 -0.0345733316437307 -0.0312194013872809 -0.0235923383784305
-9999 -9999 -9999 -9999 -9999 -9999 -9999 -9999 -9999 -9999 -9999 -9999 -9999 -9999 -9999 -9999 -9999 -9999 -9999 -9999 -9999 -9999 -9999 -9999 -9999 0.416614675310119 0.141199175899572 0.0421556101428452 0.0373025833008998 0.0329659696210847 0.0237362319427462 0.000825860418433078 -0.0371237040207789 -0.0497775038162342 -0.0151558195993148 0.080132225571904 0.0611014689818824 0.0260071717750682 0.0321915464711236 0.0724006055203573 0.112281728894146 0.0757152182194391 0.0622271585237612 0.0594468475909866 0.0574528013342241 0.0780784532047663 0.0219347254202929 -0.0247149511340637 -0.0390879666464435 -0.0450443784532534 -0.0443912815098508 -0.0436837499463461 -0.0460234853879153 -0.0444652478783723 -0.0429243354045104 -0.0402962819492379
-9999 -9999 -9999 -9999 -9999 -9999 -9999 -9999 -9999 -9999 -9999 -9999 -9999 -9999 -9999 -9999 -9999 -9999 -9999 -9999 -9999 -9999 -9999 -9999 -9999 0.294812298037238 0.111348203528189 0.0438787902014131 0.0367967359193454 0.0296264891961041 0.0154349121507704 -0.00791218002196015 -0.0279035455103829 -0.0100256029070316 0.0544832019720652 0.0949635526800147 0.0908692540745104 0.0740173671356017 0.0675114294237108 0.0753848340338166 0.0958389105428642 0.0764950116626414 0.0644057045440242 0.0605117107596652 0.0703352809965584 0.0725141593318096 0.0196146505828233 -0.0249979192431605 -0.0396673657488281 -0.048033435554578 -0.047709582349393 -0.0506078886655589 -0.0522975524529708 -0.0501277654453561 -0.0495616230617316 -0.0481699227238758
-9999 -9999 -9999 -9999 -9999 -9999 -9999 -9999 -9999 -9999 -9999 -9999 -9999 -9999 -9999 -9999 -9999 -9999 -9999 -9999 -9999 -9999 -9999 -9999 -9999 0.249215167510355 0.0926400910826096 0.0431154226663142 0.036135745688867 0.0254888734556039 0.00801252201953295 -0.0083646492452224 -0.008759700962571 0.0243459994008499 0.0639899675492233 0.0764954531014518 0.0796328866901831 0.0744950602787046 0.0713398153964506 0.0850744510719233 0.0840323441991166 0.0699033225416165 0.0519515606921405 0.0480493806818053 0.055037474270705 0.0647776161322691 0.0132218929344947 -0.0289438145479781 -0.0421983560055266 -0.0493214364601496 -0.049049347402514 -0.0535774028749389 -0.0560287953556804 -0.0546037923414845 -0.0537364979389603 -0.0520606731600929
-9999 -9999 -9999 -9999 -9999 -9999 -9999 -9999 -9999 -9999 -9999 -9999 -9999 -9999 -9999 -9999 -9999 -9999 -9999 -9999 -9999 -9999 -9999 -9999 -9999 0.186247102741883 0.0827262889906947 0.0422081095406338 0.0347764909072334 0.0230371092765906 0.00492773914626443 -0.00540988259007841 0.00480350980266658 0.0340990203032943 0.0634413416063263 0.0624495214098374 0.0589642003113574 0.055826285687419 0.0584608626809719 0.0697074284357227 0.0766815600507265 0.0597914749451594 0.0400781080159544 0.0285285413224437 0.0192866144862822 0.00950658603748727 -0.0122301213906977 -0.0318729306217955 -0.0399711394568371 -0.0477696239934568 -0.0521810189677828 -0.0550450213680175 -0.0562519252825762 -0.0550487511866326 -0.0545407034890678 -0.0536080656137599
-9999 -9999 -9999 -9999 -9999 -9999 -9999 -9999 -9999 -9999 -9999 -9999 -9999 -9999 -9999 -9999 -9999 -9999 -9999 -9999 -9999 -9999 -9999 -9999 -9999 0.153360232503835 0.0713677240316558 0.0404276143186579 0.0338197114203772 0.020983338662657 0.00283527750352397 -0.00134451824820347 0.0169974446117944 0.0467045426676667 0.0602212406015101 0.0509931710226636 0.050123161764366 0.045716937572885 0.044388363631837 0.056275391363726 0.0613861945068079 0.0502377890883489 0.0279500783485874 0.0165169035868105 0.00228829837541511 -0.0102178907283466 -0.0188568634803657 -0.0317194527849952 -0.0384040803182609 -0.0472417654479988 -0.0519874291000925 -0.0539478036010068 -0.054960491837259 -0.0536573040479711 -0.0529652383422454 -0.0519684370932992
-9999 -9999 -9999 -9999 -9999 -9999 -9999 -9999 -9999 -9999 -9999 -9999 -9999 -9999 -9999 -9999 -9999 -9999 -9999 -9999 -9999 -9999 -9999 -9999 -9999 0.122543015589392 0.0596056896300314 0.0385123708421989 0.0328995728623588 0.0204313569941988 0.000996250361939011 -0.000658725945294536 0.0258996416382435 0.0454767033062439 0.0507710308458953 0.0455186069726478 0.0413998986538665 0.0398034029330886 0.039406034419999 0.0423439181478589 0.0442085774578234 0.0324014036521773 0.014324724662094 0.00486705154217715 -0.00387750424916988 -0.010607596494713 -0.0216811455611008 -0.0320107852560839 -0.036852287163851 -0.0443416004776024 -0.0496385654012523 -0.0518470032276263 -0.0524215845599434 -0.0508652237520283 -0.0494201040860645 -0.0478343054947748
