meets/meet004/_saidas_enm/CCSM_Maha_6k_Cavanillesia_umbellata5.asc
NCOLS 154 
NROWS 168 
XLLCORNER -112 
YLLCORNER -55.5 
CELLSIZE 0.5 
NODATA_value -9999 
[rows 100 to 124 of 168, columns 56 to 111 of 154]
-9999 -9999 -9999 -9999 -9999 -9999 -9999 -9999 -9999 -9999 -9999 -9999 -9999 -9999 -9999 -9999 -9999 -9999 -9999 -9999 -9999 -9999 -9999 -9999 -9999 -9999 -9999 -9999 -25.743441150105 -16.1451963277785 -26.9740482806471 -49.0344422248185 -65.6586326080737 -71.2197409493307 -58.4546747766358 -39.045391054069 -24.5275877554624 -17.6562340559103 -12.2252121741919 -9.99274278820481 -12.0828002084485 -6.22903930672588 -3.58918645582334 -3.74413521492085 -4.76678529694553 -5.04248953317193 -4.03732785505385 -3.02313952287236 -2.68506959481779 -2.63532918501321 -2.80812773953348 -2.92130690635999 -3.15589411193706 -3.44587858394133 -3.82484105000503 -4.63200604388385
-9999 -9999 -9999 -9999 -9999 -9999 -9999 -9999 -9999 -9999 -9999 -9999 -9999 -9999 -9999 -9999 -9999 -9999 -9999 -9999 -9999 -9999 -9999 -9999 -9999 -9999 -9999 -9999 -27.5622088349195 -17.830158039813 -31.8346116615336 -52.878979387202 -66.3972500437702 -68.2946222124191 -53.3376113952644 -35.6061104239933 -21.5157096421955 -16.3037450177446 -11.1272979306028 -10.2530294803604 -12.0533963896958 -7.67478368546341 -3.64946807703251 -3.93169160336482 -4.63287807210534 -4.657937638654 -3.30795473124322 -2.47593086406001 -2.25819921910361 -2.22623449493414 -2.56360727506101 -2.62726932732292 -2.96993559761809 -3.36670198474718 -3.68646332582603 -4.78758337126862
-9999 -9999 -9999 -9999 -9999 -9999 -9999 -9999 -9999 -9999 -9999 -9999 -9999 -9999 -9999 -9999 -9999 -9999 -9999 -9999 -9999 -9999 -9999 -9999 -9999 -9999 -9999 -64.7159892107597 -32.2633645989434 -20.4390290579986 -35.1629195126945 -56.1331772773852 -64.9128736065406 -62.4694194716264 -48.8165026610662 -31.1479620707878 -18.735189132568 -13.9738327027285 -9.67313396535871 -10.4739197531662 -11.9218316916988 -8.28210553215959 -4.33780032223477 -4.36849322280051 -5.36980298690274 -4.74311159455133 -3.28692116006506 -2.25170911698353 -1.90481235705467 -1.92406276775335 -2.17305380217283 -2.30169077183221 -2.49894738986208 -2.79193526394852 -3.15584113480163 -3.92523562091479
-9999 -9999 -9999 -9999 -9999 -9999 -9999 -9999 -9999 -9999 -9999 -9999 -9999 -9999 -9999 -9999 -9999 -9999 -9999 -9999 -9999 -9999 -9999 -9999 -9999 -9999 -9999 -66.5317218941877 -33.902977345314 -22.0626609844874 -40.1968399637375 -61.3052211564883 -66.9059338774785 -59.7209789364423 -45.0745353698612 -28.65428629153 -16.7052214451705 -12.8308484039085 -9.01943404942015 -10.9645839753152 -13.3339816050884 -9.36579946363006 -5.58672771177154 -5.51495456525111 -6.73045154852341 -6.44245795366902 -4.47662557403798 -2.68015764518225 -2.03085702051063 -1.91777051085547 -2.06237505689352 -2.0659910187464 -2.14302251556757 -2.39135919171632 -2.84757649765394 -3.45989881783788
-9999 -9999 -9999 -9999 -9999 -9999 -9999 -9999 -9999 -9999 -9999 -9999 -9999 -9999 -9999 -9999 -9999 -9999 -9999 -9999 -9999 -9999 -9999 -9999 -9999 -9999 -9999 -64.483043515207 -33.7929936852461 -25.1248241359886 -45.6529225547693 -67.0478745087579 -72.0002516625526 -60.6548926689082 -42.8545182095546 -26.4125658477642 -15.1562825851133 -12.0307274140247 -10.2738365769845 -11.7895026408034 -13.8364327479693 -10.6755881142253 -7.75912887806383 -7.53759319173821 -8.10073637071877 -8.36636524491194 -6.1865653439827 -4.16816915310328 -2.81659353440947 -2.18275418803142 -2.24890630146586 -2.01476129172446 -2.26565956037223 -2.59141866469317 -3.01817193377155 -3.98242968899311
-9999 -9999 -9999 -9999 -9999 -9999 -9999 -9999 -9999 -9999 -9999 -9999 -9999 -9999 -9999 -9999 -9999 -9999 -9999 -9999 -9999 -9999 -9999 -9999 -9999 -9999 -9999 -63.0948871029544 -33.8777965083756 -28.960620387654 -56.2857987801167 -77.2594068306254 -79.7195253468728 -64.9443797889598 -42.2770560426237 -25.3270827052254 -15.0710193711622 -12.0349947589249 -11.5429987959998 -12.0233985479953 -15.1667924593961 -12.4070022363341 -10.1088185262072 -9.34280977917601 -9.52439291010183 -9.19281952542425 -6.91749732852044 -5.61905119460988 -4.16482174440843 -2.99932306290352 -2.55663576875698 -2.32656788473108 -2.52655137958902 -3.03580163782658 -3.61056371370902 -4.6452394698272
-9999 -9999 -9999 -9999 -9999 -9999 -9999 -9999 -9999 -9999 -9999 -9999 -9999 -9999 -9999 -9999 -9999 -9999 -9999 -9999 -9999 -9999 -9999 -9999 -9999 -9999 -9999 -55.4083215134511 -33.4748540430764 -35.6045165374973 -69.6912067091989 -90.0508315330655 -90.0918102802131 -70.3988268783272 -41.9493934715029 -24.7985446028398 -15.3344875366073 -10.7936296971679 -11.6226952801817 -11.7565193721384 -16.2674409415777 -14.7239317261862 -12.2334581348483 -10.9505665066069 -10.1301957992044 -8.41539807665188 -7.54991939637671 -6.30215477138344 -5.16918057866765 -4.49888774584541 -3.39923640847733 -3.06428326307402 -2.91908914676628 -3.31072822798275 -4.0865299960334 -4.61514436753831
-9999 -9999 -9999 -9999 -9999 -9999 -9999 -9999 -9999 -9999 -9999 -9999 -9999 -9999 -9999 -9999 -9999 -9999 -9999 -9999 -9999 -9999 -9999 -9999 -9999 -9999 -9999 -45.259324162249 -31.6639500779199 -43.6334806771352 -82.2754266967118 -102.117005535697 -97.1555924362637 -73.8248986657 -42.0233810122369 -25.6623053262456 -15.4264970360021 -9.80143487269222 -10.3906346279429 -12.214526818442 -17.3432651663785 -17.0046313117729 -14.8362784743719 -13.3377958998538 -12.339934559565 -10.4304890920417 -9.69212823327812 -8.40919411517541 -7.11733149789334 -6.44635663506365 -5.56322602268845 -5.39258582627098 -5.15399816078518 -4.80109516041542 -4.57435401754365 -5.02490634269929
-9999 -9999 -9999 -9999 -9999 -9999 -9999 -9999 -9999 -9999 -9999 -9999 -9999 -9999 -9999 -9999 -9999 -9999 -9999 -9999 -9999 -9999 -9999 -9999 -9999 -9999 -9999 -36.2178779100938 -27.9344006651296 -51.9454146473788 -95.5201817997108 -109.862231066184 -101.394330869177 -73.7786162807147 -40.4805486296165 -26.8040510996902 -13.8062577223153 -9.12589058693314 -10.2487995959532 -13.3968889009815 -18.7439679489037 -19.6147776328233 -18.1662972335982 -16.7662287472033 -15.85930007528 -14.9908083023326 -13.1192747311272 -12.2522529439265 -10.7739988722589 -9.3495566349078 -9.11730973373479 -8.55081482303667 -8.72308455207404 -8.19535818340792 -7.40224478476268 -6.84680967362459
-9999 -9999 -9999 -9999 -9999 -9999 -9999 -9999 -9999 -9999 -9999 -9999 -9999 -9999 -9999 -9999 -9999 -9999 -9999 -9999 -9999 -9999 -9999 -9999 -9999 -9999 -9999 -29.4664634573163 -28.7186482203309 -56.0475402400175 -93.4747829126275 -105.849418239523 -92.0471456844083 -64.5337256095972 -35.2464568888798 -24.222654248846 -12.1836070180745 -9.54939806112682 -10.9336545893131 -15.1560657724233 -19.6609926313325 -21.6524630978679 -20.9674264732511 -20.118558216756 -19.4368093009831 -18.8059104586343 -17.4457352925754 -16.3791285460397 -14.8047996616851 -13.6103476026505 -13.3140842235589 -12.8603365902285 -13.018630846957 -12.2909523044362 -11.525743077282 -10.9139938444388
-9999 -9999 -9999 -9999 -9999 -9999 -9999 -9999 -9999 -9999 -9999 -9999 -9999 -9999 -9999 -9999 -9999 -9999 -9999 -9999 -9999 -9999 -9999 -9999 -9999 -9999 -36.5448092279286 -25.2293622282918 -30.8335354510088 -59.5528893000215 -91.2607660364103 -95.0884490815556 -78.7444488934077 -52.9382189700662 -28.4526947713289 -20.6146365515912 -10.6479423876429 -11.8808585291242 -12.8948024871395 -17.4380820572902 -21.4663374175815 -23.3492489390872 -22.8015217643749 -22.5852466554582 -21.9665893925767 -21.4530792036567 -20.0653639165854 -19.5008008570792 -18.3225695633781 -17.8019600152743 -17.4599559666917 -16.648199289495 -17.1913784365953 -16.2601100753377 -15.7838603820256 -15.4917683374462
-9999 -9999 -9999 -9999 -9999 -9999 -9999 -9999 -9999 -9999 -9999 -9999 -9999 -9999 -9999 -9999 -9999 -9999 -9999 -9999 -9999 -9999 -9999 -9999 -9999 -9999 -27.9202169489237 -26.0602401130929 -38.4794100400188 -65.5202389899196 -86.1791265390436 -83.390054620131 -64.2715206244111 -42.6559096237568 -25.245135345529 -16.0598771325912 -11.1254039757701 -14.6612668636262 -17.0205548158142 -20.8877005656907 -24.1569670589188 -26.1143628079879 -26.0146679714623 -26.10179635459 -26.1146583686287 -25.6885374991462 -24.7467339657903 -23.9995592104667 -22.7795389897702 -22.1063348763665 -21.7860509872966 -21.5126912246505 -21.6614192651259 -21.0663115084306 -21.0112555941193 -20.878996738815
-9999 -9999 -9999 -9999 -9999 -9999 -9999 -9999 -9999 -9999 -9999 -9999 -9999 -9999 -9999 -9999 -9999 -9999 -9999 -9999 -9999 -9999 -9999 -9999 -9999 -9999 -22.9889942012865 -32.2001259672179 -53.7376128434563 -74.8963908815023 -91.6491075583157 -70.363952415045 -53.0847026337793 -33.6391158054435 -21.1121614072616 -14.4372421334315 -15.7634431420473 -18.7786917425591 -24.1441197585975 -25.3844700858751 -27.7874255367684 -28.5730431599703 -29.5493298513246 -29.8980874853874 -30.3197132342428 -31.3328214101797 -29.3270090536358 -28.0896465534305 -26.9909662342508 -26.6467955511947 -26.499900137828 -26.0139015222272 -26.3037574441614 -25.6477822787503 -26.1730389191793 -26.4042594251625
-9999 -9999 -9999 -9999 -9999 -9999 -9999 -9999 -9999 -9999 -9999 -9999 -9999 -9999 -9999 -9999 -9999 -9999 -9999 -9999 -9999 -9999 -9999 -9999 -9999 -9999 -23.5814511359635 -48.2665916337324 -74.0429605712189 -84.5817381609025 -77.7987767544914 -59.4654288022666 -39.2385403319841 -25.209283713178 -19.1162160470624 -19.0201714815816 -19.6585831136621 -24.6078954892415 -28.1513556344781 -29.4553029071688 -29.960338649148 -31.0155718944752 -32.2075138161776 -32.4935567792714 -32.2797134927717 -31.965569478287 -32.0840998978767 -32.528937784671 -31.9209068421267 -31.968585729975 -31.5781597080449 -31.2617467335556 -31.5907603900075 -31.2898895930626 -32.0639180403935 -32.614392995773
-9999 -9999 -9999 -9999 -9999 -9999 -9999 -9999 -9999 -9999 -9999 -9999 -9999 -9999 -9999 -9999 -9999 -9999 -9999 -9999 -9999 -9999 -9999 -9999 -9999 -16.2330724011477 -30.1331987843172 -72.1045029605798 -97.3066746808466 -87.6020797163836 -72.0334390237066 -50.9711615371994 -29.8792696935043 -23.0897690230404 -22.0058868235607 -24.8736742247129 -25.4788764032445 -30.3395962584914 -32.2739909815456 -32.5701748353527 -31.5274054446497 -33.3311879523938 -34.2944617921682 -33.7826566625633 -33.5044490234408 -31.6121017619557 -33.4946550192965 -36.0215068693691 -36.9775968437799 -37.8068774451771 -37.14160240333 -36.5006226033589 -37.2099807323027 -37.2983901659156 -38.4594983533118 -39.1112546542784
-9999 -9999 -9999 -9999 -9999 -9999 -9999 -9999 -9999 -9999 -9999 -9999 -9999 -9999 -9999 -9999 -9999 -9999 -9999 -9999 -9999 -9999 -9999 -9999 -9999 -17.6485863987187 -38.768575467986 -78.0814327189487 -99.2258864214512 -89.1914000315601 -64.8031726546815 -46.8930424716993 -31.8865070762289 -28.0271283585428 -29.6650023615912 -30.9481231210982 -33.7797089614678 -34.5529515192967 -35.0703365634609 -35.4210857611143 -34.6401223878206 -36.3455799844255 -36.8714871373176 -36.5062431566553 -35.4465402487843 -34.7589799710265 -37.2689384448107 -40.4100585744839 -41.3767278029681 -42.6448347537293 -42.0792165496819 -42.5360716021815 -43.2881129103778 -43.0895926576088 -44.3971915932421 -45.6786981388715
-9999 -9999 -9999 -9999 -9999 -9999 -9999 -9999 -9999 -9999 -9999 -9999 -9999 -9999 -9999 -9999 -9999 -9999 -9999 -9999 -9999 -9999 -9999 -9999 -9999 -19.6897473112986 -45.8744332594587 -84.7964138121363 -104.024194159034 -84.5908648993426 -61.427963429352 -46.4307037219927 -37.4209997499527 -35.6074805926635 -35.5927933814557 -41.2317354756632 -41.675584764919 -40.4559456909411 -39.690107918635 -38.8982943002446 -38.2793211083034 -39.3448483676345 -40.7073190334312 -40.309584874398 -39.3327931635323 -37.9994824350467 -41.1501986951421 -45.215224666475 -46.4800361394926 -47.392724389525 -46.8786857657136 -47.9719954166832 -49.4855381209004 -49.784754642275 -51.236557366715 -52.2160871139525
-9999 -9999 -9999 -9999 -9999 -9999 -9999 -9999 -9999 -9999 -9999 -9999 -9999 -9999 -9999 -9999 -9999 -9999 -9999 -9999 -9999 -9999 -9999 -9999 -9999 -21.2534426714311 -49.0254963100319 -86.0180650245382 -103.671727618408 -86.8591117465839 -61.8239449774615 -49.7745710856237 -44.5382861004257 -40.1795365057081 -42.4914394322338 -47.1907701992143 -48.9706639285426 -49.6577570825268 -48.4238751947191 -45.3800236617524 -43.3194488901566 -43.8925510763012 -45.1966146818632 -45.4593697084779 -46.0099117069306 -46.3644955285894 -47.7735306725398 -49.322014833839 -49.4563102049489 -50.9669300729557 -52.2124286888637 -53.4901471245974 -55.0036485541113 -55.3095968873391 -56.934166163505 -58.3429307754744
-9999 -9999 -9999 -9999 -9999 -9999 -9999 -9999 -9999 -9999 -9999 -9999 -9999 -9999 -9999 -9999 -9999 -9999 -9999 -9999 -9999 -9999 -9999 -9999 -9999 -22.577513121592 -51.4617442949089 -90.5192659960631 -108.208858813242 -89.3635216198488 -62.7226818021297 -53.9630063744773 -46.7324045132731 -44.5762032590641 -48.1992549443859 -52.8368874412159 -53.8587212193679 -55.7094148859639 -55.4043724773726 -51.3539800139848 -49.2708128741232 -48.5893240292964 -50.3995649358697 -50.7136484084584 -52.2039465698409 -53.7912934904476 -52.3723575353359 -52.7379795125531 -52.7209153851638 -55.0326342650148 -56.9619551527137 -58.119470941385 -60.0805759614187 -60.7394248039209 -62.822608887683 -63.9001292247101
-9999 -9999 -9999 -9999 -9999 -9999 -9999 -9999 -9999 -9999 -9999 -9999 -9999 -9999 -9999 -9999 -9999 -9999 -9999 -9999 -9999 -9999 -9999 -9999 -9999 -24.8559149741448 -54.1045301388588 -92.9106937893428 -110.277804261199 -95.6872978151871 -66.1911039661575 -58.0598798176806 -49.6050498490341 -49.4736267558566 -52.0961613643546 -54.6890389276298 -57.6988251871169 -59.5593959033697 -59.2842443323602 -56.3568794934938 -54.2923176162896 -55.0671294784635 -57.5223157390484 -57.8466976510931 -57.4999822199085 -56.3732472029663 -56.6044748498783 -57.3513668342491 -56.7572726997113 -58.4994080147338 -60.9113360559717 -62.7179085881862 -64.8452153238192 -65.2011318445837 -66.6960294232425 -67.5891731441613
-9999 -9999 -9999 -9999 -9999 -9999 -9999 -9999 -9999 -9999 -9999 -9999 -9999 -9999 -9999 -9999 -9999 -9999 -9999 -9999 -9999 -9999 -9999 -9999 -9999 -25.8603079246685 -56.6629105745518 -98.7253677494304 -116.797449582064 -103.167645461409 -73.1517939664479 -62.173591732458 -54.9604887867145 -54.9162329039457 -56.941268686293 -59.4338955469058 -61.5953761783172 -63.6236765778996 -63.9229570836819 -61.1715241014233 -59.1792606183893 -60.7410100082357 -63.2957243025949 -62.5215992475875 -60.5612074652449 -59.1436641367168 -58.5897673717851 -60.279569125193 -60.3649450085811 -63.1743527461817 -64.5776030575782 -65.9581451096374 -68.4529554973032 -68.995901670559 -70.2923938763584 -70.4576644061591
-9999 -9999 -9999 -9999 -9999 -9999 -9999 -9999 -9999 -9999 -9999 -9999 -9999 -9999 -9999 -9999 -9999 -9999 -9999 -9999 -9999 -9999 -9999 -9999 -9999 -26.9634190398578 -58.5727172922735 -104.231833936193 -125.11378731163 -113.122495564964 -82.7737003957565 -68.6263134237685 -61.6206480494479 -61.4346079353934 -63.2299519239293 -66.1753732955659 -67.6612840049825 -68.9941474244966 -68.6568950241613 -65.4793240858183 -63.6126438456341 -65.0625557831056 -66.9010296186883 -65.7556207244157 -64.2153313041654 -62.0976924915193 -62.6335526823059 -63.7823957361591 -64.0558892262924 -66.124999184231 -68.3353505430636 -69.4770960602187 -70.856137030703 -70.6475961242378 -71.9077538196823 -72.8910690521125
-9999 -9999 -9999 -9999 -9999 -9999 -9999 -9999 -9999 -9999 -9999 -9999 -9999 -9999 -9999 -9999 -9999 -9999 -9999 -9999 -9999 -9999 -9999 -9999 -9999 -27.7390623259181 -60.1227222174228 -107.265252394643 -132.935358291616 -120.992177093105 -94.1931410493827 -77.1645621633576 -69.5653560711182 -67.6061193607045 -69.1960330919895 -71.5561390002412 -71.8439770189305 -72.8309149017085 -72.0359341601041 -67.6745493428215 -66.2025088252801 -67.1601972231585 -69.775698065376 -69.1545472196017 -67.9256858970734 -66.1317505821739 -65.9895671536515 -67.7817347229391 -67.332305551322 -69.5725087417147 -70.6837005745176 -70.8774116394144 -72.6831841236604 -73.1040275014916 -74.3198663581315 -75.2536772688872
-9999 -9999 -9999 -9999 -9999 -9999 -9999 -9999 -9999 -9999 -9999 -9999 -9999 -9999 -9999 -9999 -9999 -9999 -9999 -9999 -9999 -9999 -9999 -9999 -9999 -28.5645664490406 -62.3639879242228 -109.848558102772 -139.210897179785 -129.536029056265 -105.215597267345 -87.4563905329749 -75.7087722637082 -73.3648673329579 -73.256861737157 -73.5393989882983 -74.3885117199552 -75.1086603293951 -73.1891415704818 -69.2007519076078 -67.1410119546037 -68.0498127692235 -72.0454056442955 -71.9354275206118 -71.7940683052653 -70.598695268192 -70.5434014661392 -71.4504176330816 -70.6986163177981 -71.7004708767896 -71.0325920158065 -72.0132833930816 -75.1952487167767 -74.2295175712029 -74.8575578659018 -76.09701818061
-9999 -9999 -9999 -9999 -9999 -9999 -9999 -9999 -9999 -9999 -9999 -9999 -9999 -9999 -9999 -9999 -9999 -9999 -9999 -9999 -9999 -9999 -9999 -9999 -22.1611442563571 -32.6669059352371 -66.884055981004 -112.744769012739 -144.001008148629 -136.508004344969 -115.590044148199 -94.4942647890165 -82.0238762528554 -77.8819777170615 -77.0876984807483 -76.9354230844107 -77.6072540101423 -77.7751638359572 -75.5175153636231 -70.8599922588804 -67.7157285243782 -69.6908832812392 -73.8432656440302 -74.6857741561785 -74.8085481420317 -74.3423601228428 -75.1203102061217 -75.4538734015832 -73.2151983922562 -72.2914131840645 -71.7275926152503 -73.2884051026551 -75.6591015439249 -72.5819790939807 -68.7179183716803 -67.1714636302505
