meets/meet004/_saidas_enm/CCSM_Maxent_0k_Aralia_warmingiana5.asc
NCOLS 154 
NROWS 168 
XLLCORNER -112 
YLLCORNER -55.5 
CELLSIZE 0.5 
NODATA_value -9999 
[rows 100 to 124 of 168, columns 56 to 111 of 154]
-9999 -9999 -9999 -9999 -9999 -9999 -9999 -9999 -9999 -9999 -9999 -9999 -9999 -9999 -9999 -9999 -9999 -9999 -9999 -9999 -9999 -9999 -9999 -9999 -9999 -9999 -9999 -9999 0.0707053020596504 0.160742416977882 0.26144614815712 0.185857623815536 0.13784584403038 0.119778029620647 0.134001046419144 0.0969825387001038 0.060210969299078 0.0494720153510571 0.0770540311932564 0.200781941413879 0.306499809026718 0.466064453125 0.453819453716278 0.180496722459793 0.130653232336044 0.137000665068626 0.164056792855263 0.162684008479118 0.154913902282715 0.174035012722015 0.196988269686699 0.202911227941513 0.224266603589058 0.287210494279861 0.391157656908035 0.50579845905304
-9999 -9999 -9999 -9999 -9999 -9999 -9999 -9999 -9999 -9999 -9999 -9999 -9999 -9999 -9999 -9999 -9999 -9999 -9999 -9999 -9999 -9999 -9999 -9999 -9999 -9999 -9999 -9999 0.0678146332502365 0.171741411089897 0.276311069726944 0.181063637137413 0.130667060613632 0.119755804538727 0.135863199830055 0.105476543307304 0.0675769969820976 0.0547231175005436 0.0934945568442345 0.260851204395294 0.312275528907776 0.452037811279297 0.403960257768631 0.166174709796906 0.139775931835175 0.146792098879814 0.186934217810631 0.151656001806259 0.149174511432648 0.217160135507584 0.2337646484375 0.232340335845947 0.256473958492279 0.321158885955811 0.415762960910797 0.573315560817719
-9999 -9999 -9999 -9999 -9999 -9999 -9999 -9999 -9999 -9999 -9999 -9999 -9999 -9999 -9999 -9999 -9999 -9999 -9999 -9999 -9999 -9999 -9999 -9999 -9999 -9999 -9999 0.0787458568811417 0.0636496469378471 0.180505007505417 0.301834613084793 0.185163483023643 0.13494610786438 0.131450995802879 0.146378919482231 0.118495225906372 0.0774629339575768 0.0649201422929764 0.139542356133461 0.282461494207382 0.347549855709076 0.453850656747818 0.413794934749603 0.192571610212326 0.15849868953228 0.182610645890236 0.219792425632477 0.21235753595829 0.206943079829216 0.25248509645462 0.303358167409897 0.271175503730774 0.248566180467606 0.295454233884811 0.390101075172424 0.497776746749878
-9999 -9999 -9999 -9999 -9999 -9999 -9999 -9999 -9999 -9999 -9999 -9999 -9999 -9999 -9999 -9999 -9999 -9999 -9999 -9999 -9999 -9999 -9999 -9999 -9999 -9999 -9999 0.0741057693958282 0.0600289963185787 0.193537011742592 0.338630229234695 0.182012587785721 0.137295231223106 0.137898087501526 0.140651017427444 0.11048536747694 0.0845603570342064 0.0699476525187492 0.176832765340805 0.279103964567184 0.351726979017258 0.44183474779129 0.42023828625679 0.215132117271423 0.191356554627419 0.214176148176193 0.249060556292534 0.280963659286499 0.279974937438965 0.304136753082275 0.331256359815598 0.336867779493332 0.303480267524719 0.308306694030762 0.37745276093483 0.462975800037384
-9999 -9999 -9999 -9999 -9999 -9999 -9999 -9999 -9999 -9999 -9999 -9999 -9999 -9999 -9999 -9999 -9999 -9999 -9999 -9999 -9999 -9999 -9999 -9999 -9999 -9999 -9999 0.0749822035431862 0.053668636828661 0.218423992395401 0.314411789178848 0.159222006797791 0.138109922409058 0.135641053318977 0.126458048820496 0.099845863878727 0.0813338160514832 0.0748210847377777 0.154923006892204 0.245834916830063 0.344347804784775 0.42064905166626 0.401672422885895 0.251715034246445 0.230362325906754 0.266194850206375 0.285184592008591 0.332237005233765 0.342143386602402 0.362406194210052 0.387496739625931 0.384709924459457 0.390706419944763 0.410232663154602 0.433004438877106 0.48195880651474
-9999 -9999 -9999 -9999 -9999 -9999 -9999 -9999 -9999 -9999 -9999 -9999 -9999 -9999 -9999 -9999 -9999 -9999 -9999 -9999 -9999 -9999 -9999 -9999 -9999 -9999 -9999 0.0711702853441238 0.0579292736947536 0.227080941200256 0.228450939059258 0.12822388112545 0.133659049868584 0.121995508670807 0.107950113713741 0.0840054526925087 0.0666797682642937 0.0593863986432552 0.12955442070961 0.219994649291039 0.333805590867996 0.400333791971207 0.371691524982452 0.290225237607956 0.275751054286957 0.300124257802963 0.334586620330811 0.376391679048538 0.3852179646492 0.399286448955536 0.43089970946312 0.440250605344772 0.455061554908752 0.505084693431854 0.536417901515961 0.55996972322464
-9999 -9999 -9999 -9999 -9999 -9999 -9999 -9999 -9999 -9999 -9999 -9999 -9999 -9999 -9999 -9999 -9999 -9999 -9999 -9999 -9999 -9999 -9999 -9999 -9999 -9999 -9999 0.0900095701217651 0.0785514041781425 0.235431909561157 0.156216979026794 0.103349320590496 0.116030335426331 0.106625765562057 0.0899795591831207 0.053341943770647 0.0454124696552753 0.0566587075591087 0.117260850965977 0.221226781606674 0.342803627252579 0.388617008924484 0.367632448673248 0.356769621372223 0.346674054861069 0.38027012348175 0.399019509553909 0.404630035161972 0.408909499645233 0.424935728311539 0.433487862348557 0.480488389730453 0.508983314037323 0.555096566677094 0.592478096485138 0.610052704811096
-9999 -9999 -9999 -9999 -9999 -9999 -9999 -9999 -9999 -9999 -9999 -9999 -9999 -9999 -9999 -9999 -9999 -9999 -9999 -9999 -9999 -9999 -9999 -9999 -9999 -9999 -9999 0.128125324845314 0.107386529445648 0.228250116109848 0.102605991065502 0.0804852470755577 0.100489355623722 0.0966260954737663 0.0731781795620918 0.0348703190684319 0.0323887392878532 0.0669317096471786 0.117797426879406 0.228149488568306 0.338515669107437 0.376083225011826 0.368235766887665 0.355854690074921 0.38150155544281 0.435561895370483 0.450711905956268 0.472873836755753 0.47424778342247 0.475584387779236 0.482049196958542 0.522197902202606 0.541124880313873 0.554437458515167 0.567750096321106 0.583079755306244
-9999 -9999 -9999 -9999 -9999 -9999 -9999 -9999 -9999 -9999 -9999 -9999 -9999 -9999 -9999 -9999 -9999 -9999 -9999 -9999 -9999 -9999 -9999 -9999 -9999 -9999 -9999 0.18560902774334 0.162010803818703 0.169851690530777 0.0564333312213421 0.056000292301178 0.0876980498433113 0.0950924828648567 0.0634824112057686 0.0231118611991405 0.0303279012441635 0.0754090026021004 0.134665966033936 0.245186910033226 0.328282028436661 0.351582288742065 0.365415900945663 0.359883248806 0.355105966329575 0.355995297431946 0.419224411249161 0.467296332120895 0.510983347892761 0.50539618730545 0.495000302791595 0.510931015014648 0.520024597644806 0.532141029834747 0.542756795883179 0.557606935501099
-9999 -9999 -9999 -9999 -9999 -9999 -9999 -9999 -9999 -9999 -9999 -9999 -9999 -9999 -9999 -9999 -9999 -9999 -9999 -9999 -9999 -9999 -9999 -9999 -9999 -9999 -9999 0.244306653738022 0.210735142230988 0.140844583511353 0.0594650097191334 0.0626401007175446 0.0922708734869957 0.108275011181831 0.0680985525250435 0.0259282775223255 0.0485502742230892 0.0885621756315231 0.192000851035118 0.301328003406525 0.3422691822052 0.339776575565338 0.355783313512802 0.354943066835403 0.352385014295578 0.350626051425934 0.380960047245026 0.427734106779099 0.479031056165695 0.489870220422745 0.489297568798065 0.492906928062439 0.498620510101318 0.508962631225586 0.516942143440247 0.529919028282166
-9999 -9999 -9999 -9999 -9999 -9999 -9999 -9999 -9999 -9999 -9999 -9999 -9999 -9999 -9999 -9999 -9999 -9999 -9999 -9999 -9999 -9999 -9999 -9999 -9999 -9999 0.293275207281113 0.29632768034935 0.246934697031975 0.115841314196587 0.0697511956095695 0.0852633416652679 0.105389006435871 0.13129511475563 0.0867751315236092 0.0298194047063589 0.0553438030183315 0.0998845398426056 0.215141072869301 0.361455112695694 0.365513861179352 0.328266501426697 0.333341598510742 0.339020609855652 0.330491662025452 0.342319130897522 0.380095541477203 0.422069013118744 0.464831203222275 0.473257780075073 0.475144416093826 0.479194462299347 0.477840960025787 0.487930327653885 0.493213295936584 0.502057433128357
-9999 -9999 -9999 -9999 -9999 -9999 -9999 -9999 -9999 -9999 -9999 -9999 -9999 -9999 -9999 -9999 -9999 -9999 -9999 -9999 -9999 -9999 -9999 -9999 -9999 -9999 0.257899582386017 0.24026945233345 0.206370964646339 0.0809047371149063 0.0902928113937378 0.12466111779213 0.139362290501595 0.15696956217289 0.12184950709343 0.0767817720770836 0.0836275517940521 0.145976901054382 0.261855334043503 0.382823169231415 0.393726229667664 0.340317159891129 0.321742832660675 0.314084351062775 0.326458245515823 0.34838530421257 0.380715489387512 0.41412228345871 0.449585527181625 0.460296243429184 0.460930973291397 0.462571650743484 0.46364614367485 0.472718477249146 0.475360333919525 0.478852659463882
-9999 -9999 -9999 -9999 -9999 -9999 -9999 -9999 -9999 -9999 -9999 -9999 -9999 -9999 -9999 -9999 -9999 -9999 -9999 -9999 -9999 -9999 -9999 -9999 -9999 -9999 0.214898034930229 0.179409667849541 0.158119454979897 0.079911507666111 0.104898862540722 0.160947769880295 0.140986531972885 0.202593430876732 0.164259791374207 0.102870039641857 0.129581615328789 0.212700769305229 0.316007524728775 0.394830763339996 0.410004168748856 0.376530408859253 0.349476963281631 0.343047648668289 0.356902897357941 0.358305811882019 0.393455475568771 0.413181900978088 0.435500115156174 0.447028517723083 0.447580307722092 0.449693292379379 0.451538026332855 0.459174484014511 0.456528931856155 0.457132756710052
-9999 -9999 -9999 -9999 -9999 -9999 -9999 -9999 -9999 -9999 -9999 -9999 -9999 -9999 -9999 -9999 -9999 -9999 -9999 -9999 -9999 -9999 -9999 -9999 -9999 -9999 0.189066842198372 0.135945662856102 0.0831339731812477 0.0796526819467545 0.135061830282211 0.187868669629097 0.246171221137047 0.271909236907959 0.191276162862778 0.13713076710701 0.172270521521568 0.271019726991653 0.35710021853447 0.386769950389862 0.387228518724442 0.392579674720764 0.399621605873108 0.404080808162689 0.403498500585556 0.40490260720253 0.414646923542023 0.4133041203022 0.416728973388672 0.428305804729462 0.424500495195389 0.424641907215118 0.42643404006958 0.43050217628479 0.425686925649643 0.419240415096283
-9999 -9999 -9999 -9999 -9999 -9999 -9999 -9999 -9999 -9999 -9999 -9999 -9999 -9999 -9999 -9999 -9999 -9999 -9999 -9999 -9999 -9999 -9999 -9999 -9999 0.28401979804039 0.17815762758255 0.0957757905125618 0.0424259454011917 0.0830893591046333 0.163801401853561 0.192521318793297 0.334862351417542 0.273745775222778 0.184979274868965 0.129574805498123 0.200101539492607 0.313139766454697 0.36754447221756 0.352591007947922 0.332898557186127 0.365860521793365 0.386619925498962 0.391195029020309 0.373144447803497 0.352400958538055 0.396967262029648 0.404753714799881 0.376979410648346 0.384449064731598 0.387964308261871 0.388293653726578 0.382969290018082 0.382946759462357 0.372446656227112 0.364808231592178
-9999 -9999 -9999 -9999 -9999 -9999 -9999 -9999 -9999 -9999 -9999 -9999 -9999 -9999 -9999 -9999 -9999 -9999 -9999 -9999 -9999 -9999 -9999 -9999 -9999 0.228282317519188 0.182569265365601 0.0810386314988136 0.0484834499657154 0.0926751270890236 0.158819705247879 0.252872735261917 0.325505435466766 0.271715432405472 0.192718833684921 0.170474916696548 0.217215538024902 0.298522531986237 0.332265615463257 0.332708597183228 0.330328196287155 0.353238373994827 0.368863642215729 0.371272832155228 0.353367060422897 0.341158419847488 0.369860351085663 0.371119558811188 0.352696359157562 0.352923065423965 0.352400094270706 0.347636312246323 0.341629594564438 0.340196162462234 0.328716337680817 0.315207898616791
-9999 -9999 -9999 -9999 -9999 -9999 -9999 -9999 -9999 -9999 -9999 -9999 -9999 -9999 -9999 -9999 -9999 -9999 -9999 -9999 -9999 -9999 -9999 -9999 -9999 0.209078162908554 0.17413429915905 0.0507830418646336 0.0565519221127033 0.10495837032795 0.155903473496437 0.299369156360626 0.306112200021744 0.258061319589615 0.203636094927788 0.179743334650993 0.212663069367409 0.271178066730499 0.305603504180908 0.313717573881149 0.328832536935806 0.338460355997086 0.348795741796494 0.352905750274658 0.337885946035385 0.322878569364548 0.345135778188705 0.337742894887924 0.316966652870178 0.322486042976379 0.319823414087296 0.313991338014603 0.304652214050293 0.29997044801712 0.285344153642654 0.272664427757263
-9999 -9999 -9999 -9999 -9999 -9999 -9999 -9999 -9999 -9999 -9999 -9999 -9999 -9999 -9999 -9999 -9999 -9999 -9999 -9999 -9999 -9999 -9999 -9999 -9999 0.170409500598907 0.146478742361069 0.0543011352419853 0.0549317635595798 0.0961747765541077 0.183912426233292 0.274760603904724 0.283804804086685 0.253857851028442 0.205980807542801 0.182800084352493 0.198289707303047 0.234250962734222 0.259184867143631 0.270061254501343 0.280783385038376 0.307045191526413 0.320970565080643 0.323779433965683 0.321027547121048 0.318245053291321 0.315973818302155 0.304585367441177 0.295796036720276 0.29520770907402 0.289718210697174 0.281648874282837 0.272307902574539 0.267771631479263 0.251920580863953 0.235643863677979
-9999 -9999 -9999 -9999 -9999 -9999 -9999 -9999 -9999 -9999 -9999 -9999 -9999 -9999 -9999 -9999 -9999 -9999 -9999 -9999 -9999 -9999 -9999 -9999 -9999 0.138743191957474 0.121953926980495 0.0574619248509407 0.0476372912526131 0.0897159725427628 0.199754908680916 0.249673739075661 0.261395215988159 0.242370188236237 0.198151499032974 0.172544226050377 0.182075455784798 0.204103872179985 0.222180843353271 0.231024608016014 0.241806149482727 0.279462546110153 0.283405512571335 0.249116912484169 0.241239830851555 0.228944167494774 0.252827554941177 0.260944783687592 0.267966002225876 0.266420543193817 0.26545062661171 0.258064866065979 0.246717438101768 0.240021988749504 0.221590548753738 0.207416519522667
-9999 -9999 -9999 -9999 -9999 -9999 -9999 -9999 -9999 -9999 -9999 -9999 -9999 -9999 -9999 -9999 -9999 -9999 -9999 -9999 -9999 -9999 -9999 -9999 -9999 0.120054066181183 0.102804623544216 0.0674150586128235 0.0420730710029602 0.0851170867681503 0.184640675783157 0.229260757565498 0.232126593589783 0.219277739524841 0.188189074397087 0.164530247449875 0.170853093266487 0.186760678887367 0.200209379196167 0.209630817174911 0.22472171485424 0.254036635160446 0.211044266819954 0.180704414844513 0.185749500989914 0.200489059090614 0.212792962789536 0.223694428801537 0.237270638346672 0.240696460008621 0.243221908807755 0.23673290014267 0.225672394037247 0.220245629549026 0.204457134008408 0.188705250620842
-9999 -9999 -9999 -9999 -9999 -9999 -9999 -9999 -9999 -9999 -9999 -9999 -9999 -9999 -9999 -9999 -9999 -9999 -9999 -9999 -9999 -9999 -9999 -9999 -9999 0.10834227502346 0.0935958847403526 0.062444943934679 0.0396100692451 0.0769349485635757 0.158525034785271 0.207315981388092 0.21746326982975 0.209539115428925 0.185023978352547 0.163951545953751 0.170287251472473 0.181664764881134 0.191695153713226 0.198649063706398 0.211412444710732 0.230095535516739 0.16573677957058 0.145286589860916 0.160437077283859 0.179667472839355 0.193895310163498 0.202174142003059 0.213940382003784 0.215408936142921 0.222214996814728 0.22443214058876 0.212511390447617 0.206317558884621 0.189790323376656 0.17626865208149
-9999 -9999 -9999 -9999 -9999 -9999 -9999 -9999 -9999 -9999 -9999 -9999 -9999 -9999 -9999 -9999 -9999 -9999 -9999 -9999 -9999 -9999 -9999 -9999 -9999 0.101750798523426 0.0869478806853294 0.0572098903357983 0.0333171039819717 0.0620283111929893 0.130417227745056 0.184238329529762 0.208391591906548 0.212698772549629 0.194877207279205 0.182439938187599 0.180026978254318 0.187715739011765 0.193085983395576 0.193211540579796 0.204349666833878 0.206984862685204 0.150080949068069 0.135680347681046 0.146107360720634 0.166371777653694 0.176786065101624 0.183457583189011 0.193692833185196 0.197449862957001 0.203792586922646 0.212027564644814 0.205065667629242 0.199437394738197 0.183293089270592 0.167162045836449
-9999 -9999 -9999 -9999 -9999 -9999 -9999 -9999 -9999 -9999 -9999 -9999 -9999 -9999 -9999 -9999 -9999 -9999 -9999 -9999 -9999 -9999 -9999 -9999 -9999 0.102057956159115 0.0883268415927887 0.0564215518534184 0.0286015272140503 0.0493874326348305 0.0961088016629219 0.136785343289375 0.174542710185051 0.197562575340271 0.190003886818886 0.179173275828362 0.177812203764915 0.178460821509361 0.182259827852249 0.184779450297356 0.194921135902405 0.198071882128716 0.143411889672279 0.127296194434166 0.138971194624901 0.155488520860672 0.164003133773804 0.166732147336006 0.175949856638908 0.180612295866013 0.189463376998901 0.202605217695236 0.198963701725006 0.193105146288872 0.18018664419651 0.165715083479881
-9999 -9999 -9999 -9999 -9999 -9999 -9999 -9999 -9999 -9999 -9999 -9999 -9999 -9999 -9999 -9999 -9999 -9999 -9999 -9999 -9999 -9999 -9999 -9999 -9999 0.101548105478287 0.081978514790535 0.0544608607888222 0.0285640973597765 0.040371548384428 0.0657531321048737 0.095770888030529 0.133010908961296 0.161254242062569 0.176630467176437 0.16881699860096 0.168440952897072 0.16976135969162 0.175358533859253 0.178374275565147 0.184941694140434 0.197314590215683 0.144345387816429 0.125781878829002 0.133748397231102 0.147191822528839 0.152028039097786 0.152676746249199 0.162426710128784 0.170897766947746 0.181829124689102 0.196425631642342 0.193047434091568 0.189441904425621 0.17514842748642 0.167102992534637
-9999 -9999 -9999 -9999 -9999 -9999 -9999 -9999 -9999 -9999 -9999 -9999 -9999 -9999 -9999 -9999 -9999 -9999 -9999 -9999 -9999 -9999 -9999 -9999 0.0837933272123337 0.10285808891058 0.0779790654778481 0.0489784702658653 0.0313836336135864 0.0385116897523403 0.0606389157474041 0.0813226997852325 0.106346197426319 0.129572942852974 0.152607724070549 0.162021040916443 0.162682354450226 0.165765896439552 0.173138365149498 0.179485306143761 0.184487521648407 0.195421263575554 0.153314933180809 0.131390824913979 0.134606838226318 0.143486365675926 0.144507139921188 0.146369218826294 0.160126566886902 0.178140908479691 0.194579884409904 0.200441211462021 0.190455496311188 0.187336057424545 0.160239472985268 0.142410546541214
