meets/meet004/_saidas_enm/CCSM_Gower_6k_Cavanillesia_umbellata1.asc
NCOLS 154 
NROWS 168 
XLLCORNER -112 
YLLCORNER -55.5 
CELLSIZE 0.5 
NODATA_value -9999 
[rows 52 to 77 of 168, columns 59 to 117 of 154]
-9999 -9999 -9999 -9999 -9999 -9999 -9999 -9999 0 0 0 0 0 0.146843294390956 0.373512978378546 0.469765791417927 0.464887159307341 0.433805489719321 0.360440659519731 0.277000497316676 0.167127641407515 0.00747850983705878 0 0 0 0 0 0 0 0 0 0.276440620918388 0.494672724262111 0.482230285588527 0.475243953459851 0.452626098058058 0.415081641973996 0.425529124102629 0.406780516801429 0.374271831910365 0.33824137993745 0.292978917933403 0.315551808551444 0.414544056679643 0.494457007134997 0.603713017968627 0.709193582032653 0.678325670070407 0.605715549962161 0.519726069854153 0.446456712092123 0.360970659105735 0.453434721418083 0.563875127425624 0.639110053860576 0.671479892702607 0.675088920919088 0.664981071864572 0.635045589856349
-9999 -9999 -9999 -9999 -9999 -9999 -9999 0 0 0 0 0 0 0 0.175655169879864 0.291630009021972 0.299969573011427 0.261450746317572 0.149418893200183 0.0125155562735598 0 0 0 0 0 0 0 0 0 0 0 0.149201386659204 0.481047334588824 0.48912896484761 0.476483330885424 0.456653292076262 0.435123413688927 0.416804533118523 0.383623937756328 0.365339492241835 0.373100470834899 0.403377991772693 0.465910061197181 0.543639621634473 0.627279951156751 0.703419255191968 0.652081722390264 0.58436320206838 0.508397589555145 0.431597650793566 0.356903395584535 0.284635571093756 0.417964786028064 0.563457759129524 0.658882509063645 0.694486819918551 0.707501409875774 0.704865709189624 0.685647068364242
-9999 -9999 -9999 -9999 -9999 -9999 -9999 0 0 0 0 0 0 0 0 0.0688623873582385 0.0575197434470813 0.015585084903818 0 0 0 0 0 0 0 0 0 0 0 0 0 0.0105930629071196 0.375426014938857 0.497611087504141 0.502045525861264 0.492029762574099 0.480417749463734 0.482174506489695 0.449855641287002 0.451960448506184 0.474729419731853 0.520313180728659 0.604679168694236 0.661194308813379 0.643196175651606 0.579305363076695 0.502926484356116 0.446175806075394 0.367359610376011 0.293813694352397 0.237333212653657 0.173103840750084 0.35256171730848 0.534256885762905 0.659579652231236 0.709695413194503 0.728868648257254 0.732112502836415 0.723699012836441
-9999 -9999 -9999 -9999 -9999 0 0 0 0 0 0 0 0 0 0 0 0 0 0 0 0 0 0 0 0 0 0 0 0 0 0 0 0.212035168305996 0.44254257027097 0.51262619481772 0.520307204396641 0.518251346182557 0.523675863543944 0.51422785179846 0.522168689526531 0.562469822851145 0.615488216614881 0.625461442149555 0.554767372739228 0.472897470944763 0.398508823372811 0.328028669994713 0.259661317745344 0.199244042974573 0.134551706013402 0.0853981568513089 0.050131383514868 0.269254201456887 0.493785258299238 0.644962535880021 0.703007224065642 0.73087553477711 0.739167553546653 0.736846585924049
-9999 -9999 -9999 -9999 -9999 0 0 0 0 0.136130072062987 0 0 0 0 0 0 0 0 0 0 0 0 0 0 0 0 0 0 0 0 0 0 0.0119869793929035 0.238480833737324 0.417722872126475 0.501158833704255 0.528039155091333 0.54219595647251 0.546519392036098 0.538170439064578 0.502792332960571 0.441563284655818 0.385310804312168 0.291474934139157 0.210110331660161 0.134162052125445 0.0531731275465863 0.00544956463524893 0 0 0 0 0.161106417625144 0.412580132450814 0.602869750521506 0.687333851580302 0.724355311942274 0.738657970592267 0.739502002012759
-9999 -9999 -9999 -9999 0 0 0 0.00310477884642257 0.220647222213662 0.280132959736399 0.0582744467893483 0 0 0 0 0 0 0 0 0 0 0 0 0 0 0 0 0 0 0 0 0 0 0.00510861748328673 0.185956309788525 0.28094565924369 0.315245662452623 0.33431100205252 0.294473494879169 0.248637610897547 0.194293530498585 0.121719991735317 0.0548681554346188 0 0 0 0 0 0 0 0 0 0.0599190941703897 0.322508489560108 0.546840217824389 0.646924607181449 0.704220843019548 0.727433568478389 0.732053070467891
-9999 -9999 -9999 -9999 0 0 0 0.329677501803246 0.436578469323111 0.397281614478266 0.162616159063877 0 0 0 0 0 0 0 0 0 0 0 0 0 0 0 0 0 0 0 0 0 0 0 0 0 0 0 0 0 0 0 0 0 0 0 0 0 0 0 0 0 0 0.212265311817998 0.457085701894699 0.577749744114877 0.649252239517193 0.688725835130549 0.701238736528283
-9999 -9999 -9999 0 0 0 0.212212755408712 0.516577261170909 0.545155947964454 0.455635363128553 0.231948440292658 0.0113086000080714 0 0 0 0 0 0 0 0 0 0 0 0 0 0 0 0 0 0 0 0 0 0 0 0 0 0 0 0 0 0 0 0 0 0 0 0 0 0 0 0 0 0.0832460221041657 0.332021199640924 0.466870027213399 0.568749720888774 0.614407577727886 0.642560296551929
-9999 -9999 -9999 0 0 0.187541287233545 0.484546332609523 0.651230403316862 0.607038305431931 0.500768777571333 0.314265418468594 0.131517326574068 0 0 0 0 0 0 0 0 0 0 0 0 0 0 0 0 0 0 0 0 0 0 0 0 0 0 0 0 0 0 0 0 0 0 0 0 0 0 0 0 0 0 0.159780121487614 0.296575332807871 0.402254973928355 0.471028138704873 0.497871567714598
-9999 -9999 -9999 0 0.119953912268488 0.469788165956665 0.631100678994985 0.700380891359564 0.659230726193532 0.552132033803584 0.364983106626803 0.204875863934637 0.053914105966683 0.00626234783109025 0 0 0 0 0 0 0 0 0 0 0 0 0 0 0 0 0 0 0 0 0 0 0 0 0 0 0 0 0 0 0 0 0.00576607473066415 0.0335160262109198 0.0332830372882239 0.0549809675997747 0.0682757306240078 0.0472948438073056 0.0482589359012195 0.00880832089368144 0 0.10289031909171 0.215330488643666 0.276534519471285 0.314617998328981
-9999 -9999 -9999 -9999 0.452053547188916 0.635810454608343 0.725489586726968 0.70961312948289 0.680893936682818 0.568102530336718 0.432335621825131 0.295543955119903 0.184348234303754 0.126554511881256 0.0625798879233324 0.0335081594872367 0.000976579024527413 0 0 0 0 0 0 0 0 0 0 0 0 0 0 0 0 0 0 0 0 0 0 0 0.0295789820732386 0.0899365869079889 0.125777463696188 0.167194173804622 0.186154400585946 0.199879741198998 0.219653169618913 0.22849084785689 0.24166694051748 0.241345158043426 0.242371263352756 0.239884374406337 0.219913859451598 0.198203208480475 0.161576747275126 0.132203488994033 0.0950824284592544 0.0435444251357207 0.0388379484710043
-9999 -9999 -9999 -9999 -9999 0.675341601047271 0.745139814128119 0.657400081557743 0.696886688970942 0.587572039738519 0.451680738996149 0.334885691324126 0.245332415310999 0.211762594699236 0.155885340067591 0.128227445992136 0.101480501781461 0.0706096369013578 0.0600645448699749 0.0558290673636396 0.0586351444390678 0.0554193282237261 0.0607623399983651 0.0511438475905772 0.050827839626461 0.0484919248239154 0.0307676942348665 0.0264205762030726 0.00155637329767289 0 0 0 0 0 0 0 0.0113696926494392 0.0609215156201207 0.0970332085555334 0.157925248469427 0.204378586571613 0.2473885592915 0.293917300777072 0.311980386304338 0.341561694320281 0.354666735402075 0.362212513496498 0.38030497370475 0.380497541057883 0.389243496645259 0.391060793504577 0.37794780201055 0.379040607094085 0.345569538971109 0.329055946943741 0.298079885556516 0.262392493568685 0.239520831345924 0.204642205503543
-9999 -9999 -9999 0.583212680624044 0.638030698078825 0.714742983143338 0.745581770660082 0.68328619637219 0.69257070038005 0.588386294233059 0.487157496352793 0.401090029314876 0.321283289190759 0.275536031383395 0.238273453510873 0.218500694599356 0.206989753014513 0.193740851315581 0.193519662478409 0.191229943755364 0.197161453412329 0.209126991199789 0.211049903008978 0.215791528864618 0.213363389280172 0.212859918964462 0.20807745309651 0.194814156967008 0.183724670919053 0.164941947551895 0.154132064948885 0.148829976875107 0.13846238825789 0.146202825919192 0.152389334587456 0.167964861659904 0.207169850773724 0.24106145385954 0.291145201252871 0.335893134086847 0.374695413898937 0.420766354720325 0.451491689261739 0.478870792481071 0.494227208082125 0.50441180088664 0.519338909075091 0.5229543894088 0.531587072543996 0.531792568428261 0.530922551713051 0.529130847352194 0.518208978671004 0.509345855064435 0.489512978078212 0.475719006105232 0.465141594095836 0.440552992432958 0.431934159752757
-9999 -9999 0.586136846352731 0.629280496485695 0.688691107183991 0.73475118000656 0.73045978985019 0.662017931467824 0.692037409323308 0.59470432890607 0.500684218390633 0.40455883601632 0.357726556160554 0.324425794236459 0.302441732773078 0.29372875047433 0.269329688528824 0.278014216720633 0.277912367755503 0.296986494653131 0.310675514435562 0.317201380173341 0.334279702534888 0.337415763562252 0.35238588766531 0.359796759817425 0.34829109061122 0.349122536353671 0.336666499975723 0.329823705699779 0.322847762941074 0.307219009950941 0.306772866291856 0.305516784847624 0.319506999720852 0.332748118384652 0.361143057518362 0.395027965520193 0.42794075812585 0.477188620234143 0.507834480349165 0.543365550224826 0.528450224123294 0.520566228662871 0.511232500408459 0.50773562744425 0.50991875516479 0.512621156035451 0.526313109431634 0.540987103956289 0.554011604664761 0.56757847296078 0.576378743156804 0.579722278434963 0.577683344410021 0.567477127066598 0.535254349480468 0.503410212735064 0.462208228540273
-9999 -9999 0.642541649951474 0.67990729007322 0.685012277782005 0.718874826790797 0.689243826168968 0.64662453765447 0.663715182642325 0.617226634627428 0.533111958910616 0.46358467391205 0.413036151358777 0.372696680263612 0.343848065501334 0.334464905295637 0.34443689813786 0.347401565015195 0.355064507079364 0.372377743200252 0.387825394168577 0.413462711897204 0.430649270549973 0.446273134509018 0.459063807652309 0.467840522831189 0.474560896956532 0.473977420387194 0.471650317179055 0.464384714851273 0.459421271144523 0.456332224184742 0.45073178643086 0.454705837105345 0.457922328228347 0.467527581647479 0.491864896291188 0.514105074412952 0.546947584834545 0.577986855373559 0.561469818415908 0.540621051261571 0.521583497600714 0.511672115334061 0.503783006191975 0.500264510237081 0.501724759428577 0.504078609331604 0.512094204277962 0.520593015865671 0.52891498502264 0.536611997601374 0.540025695421659 0.538568342635626 0.530947412746684 0.517648357863342 0.497587103748811 0.470882285796462 0.439592738944144
-9999 -9999 -9999 0.702669160238415 0.714728372359011 0.710125784254726 0.666020404386796 0.617575513582772 0.641450880012258 0.648237240488314 0.564734355066985 0.48940622118458 0.444118136803582 0.426306482725725 0.392389683987151 0.391804449958268 0.405237466466802 0.399586564517379 0.421104240491142 0.440824127136588 0.464938257916082 0.492663123078622 0.510100725783802 0.533447448759241 0.550380413558459 0.567006264326703 0.579794600939675 0.581390382306514 0.587624301888066 0.582581259571915 0.582996076717061 0.582762901519851 0.575883832307006 0.581294094580502 0.58151691939384 0.587596749457761 0.607042850362289 0.618764085075043 0.617663872177249 0.587010566363534 0.562862459884892 0.543519461773727 0.523500980675543 0.516812151659523 0.508344523423871 0.50397273793021 0.503320228107534 0.500797990528866 0.505102517970737 0.50697024472086 0.508881029479076 0.511345921059264 0.509617999940355 0.50244930546251 0.490958377672688 0.474567350330753 0.452649908599939 0.42597164945275 0.396130588302885
-9999 -9999 -9999 0.689624266445408 0.702457131270114 0.687253877365722 0.657832444809127 0.601622301257947 0.640652571850222 0.672450379076811 0.597206643541963 0.515614296172787 0.462434199318797 0.445710168383463 0.432795314930394 0.436378102737061 0.441283532731188 0.448463678251082 0.46051754795306 0.486661945403563 0.511491460754878 0.54144336731591 0.567525824441024 0.591896021935734 0.616714525493671 0.634457745284637 0.649841419056256 0.659409472914994 0.664918926367255 0.667844462098473 0.669307283956695 0.67019621833361 0.66951569544205 0.670847477229039 0.671987207292348 0.675313908136569 0.68216249240816 0.65454516929187 0.628840972514905 0.602100084915867 0.579513666498934 0.56108213666685 0.54448591122617 0.534159239393132 0.525061672276754 0.518896278098817 0.514589517211003 0.509430782597372 0.506377583164607 0.501264588715419 0.496686954290802 0.49097626545242 0.481454812529295 0.471148540850023 0.456055256768464 0.438034258555479 0.416389196168914 0.390520495486789 0.363168079271622
-9999 -9999 -9999 0.577223274225538 0.669206215319201 0.665364659393002 0.685222943485629 0.602823499739089 0.563583209725432 0.514073969891477 0.541950357511842 0.546747428819685 0.475775773938316 0.487872648756378 0.479909092021998 0.494518302504886 0.496244972763642 0.487252374871612 0.51217832777844 0.533611741530873 0.565630683732221 0.60331686334799 0.61984017404566 0.652212982481394 0.671259872805502 0.689921069599801 0.709219105212469 0.712952506762319 0.725297895403977 0.724990805669678 0.728940118278799 0.735394395211285 0.731018947255562 0.736776867962789 0.73305206338671 0.71540824887312 0.694035965021368 0.669268625043396 0.647975139387883 0.62331224484197 0.603080660661254 0.586161113096624 0.569026212833772 0.558952817813204 0.547194877013053 0.53839343451056 0.53085480053569 0.521146344518695 0.513145177026768 0.501567771422731 0.489873529309386 0.476672226594535 0.459916834274952 0.446096189925605 0.427940154134784 0.40897795552522 0.387584110329934 0.363221196881943 0.339707922652923
-9999 -9999 -9999 -9999 -9999 0.661239668347173 0.6896200320627 0.580286308967321 0.466955236987984 0.393943380264913 0.406600836219295 0.503924319058884 0.520575819092338 0.515155939384691 0.523903842755572 0.538119213573197 0.533839063928857 0.537268944656113 0.54988877032458 0.575352391118242 0.606516562768415 0.634726293742114 0.661760060210065 0.674831254716149 0.660588814206421 0.664122428465501 0.681359424582756 0.697574675179201 0.701562878145741 0.701607155663416 0.710442842687066 0.724768941902451 0.738877988391331 0.745055579400507 0.746098166019961 0.728151854845704 0.708927394098835 0.68845905252076 0.668473991252404 0.64849980312654 0.629976419040231 0.61288106795094 0.597224286468354 0.584039472850345 0.571728437858463 0.560270138591602 0.547987063108988 0.535303586352136 0.522362260787587 0.507133781473184 0.490485412649282 0.470930249300758 0.44972419547438 0.430859803606196 0.409724633896787 0.390268611293555 0.370852426898062 0.348490640591412 0.329578345855472
-9999 -9999 -9999 -9999 -9999 0.561076101602656 0.702389897534915 0.555172674605036 0.412567585614994 0.28622749816006 0.284729560996192 0.392561773962605 0.555521638741332 0.570298050847865 0.575510270917291 0.594977885178383 0.604036034151782 0.583692176477409 0.60390288296939 0.590786133279308 0.590014507224194 0.626019304322706 0.651341077919799 0.64687723533087 0.628287564144964 0.631400127077921 0.650941577049831 0.664773334810186 0.668679738933233 0.664935954056921 0.673638498894555 0.690740102826061 0.704729804374991 0.713162658877693 0.718051454168428 0.725719928027999 0.726495068474802 0.707525567204429 0.691489133261484 0.673063854046216 0.656261432025074 0.64029163359876 0.623858222324952 0.610293003342861 0.595319522918705 0.580943177006345 0.565194763603519 0.549102571328872 0.533271334474063 0.514668940974228 0.493860018091286 0.469399358538458 0.444535769167613 0.423801043178022 0.401445017342811 0.382934742876767 0.36584372730019 0.345659641743618 0.3317315494428
-9999 -9999 -9999 -9999 -9999 -9999 0.720844234745878 0.609927319542889 0.404035250707206 0.207208234468674 0.170412320638215 0.283738893723526 0.486001654760774 0.598958555347196 0.62497235546589 0.605298809078031 0.622745164574084 0.632175431572965 0.602328078697031 0.56461825657173 0.56215890365291 0.593785358152336 0.620507143509702 0.61677271574237 0.603273066199439 0.605938378726816 0.621403010834459 0.634924889961905 0.636461396201375 0.633852502933349 0.641372968094909 0.655311340750854 0.668836347171507 0.676580350838619 0.68262474186362 0.691697791473749 0.700654712198592 0.710335709672271 0.711088676494704 0.695545329811449 0.679820159405575 0.662951701158954 0.647290304224953 0.631373275759456 0.615624780497299 0.598762645631344 0.579201305440463 0.559936617401378 0.5412998167067 0.522130788875427 0.499318944009517 0.47131304778701 0.444457305482961 0.424146914010524 0.404822957794596 0.388182956813416 0.373398797820232 0.358211405826324 0.345582148243629
-9999 -9999 -9999 -9999 -9999 -9999 -9999 0.672140547135442 0.428510560909191 0.172319105942599 0.108757920532606 0.209765943538669 0.413138742503404 0.653588493249119 0.602224636507486 0.57913705691101 0.59620882667175 0.605629848029527 0.580479780375338 0.541979911096194 0.538537717009739 0.568114260743535 0.591400441004489 0.590649168157966 0.579529582781806 0.583388831864584 0.597745015021349 0.608635178865132 0.61037597682345 0.605511559970186 0.610955684094026 0.623246280798951 0.633738409368923 0.641235755267174 0.645752524455319 0.65512630407559 0.666611093307444 0.676422454527103 0.682490460228198 0.687443725236044 0.695331576133772 0.683989083328555 0.668060462166939 0.651922942056331 0.634402393389779 0.615648225616055 0.594038719486795 0.572162249867047 0.551677776947725 0.529751132611135 0.506252247433404 0.478903893866515 0.453053808602619 0.434969990932679 0.417660805079921 0.40356092945714 0.391910891382521 0.379351608368674 0.368735605235612
-9999 -9999 -9999 -9999 -9999 -9999 -9999 -9999 0.47923888753856 0.188665157823175 0.0873128680976853 0.164771037178379 0.348834620812325 0.614329072584367 0.583006536267801 0.552159826400507 0.575504213535279 0.58012476550926 0.560537248340987 0.530375304218026 0.524847265425256 0.543466545781956 0.558567866923588 0.562944009064221 0.561062101030925 0.565784334414843 0.575802474738376 0.583553246982665 0.586158556764878 0.584653366806091 0.587887118027402 0.593473235712354 0.59729377241441 0.60596064753151 0.610792020352003 0.620306061652858 0.631405444508482 0.639635786649923 0.649857886352893 0.654491048646476 0.664655690787466 0.680185667841473 0.685515614323524 0.668730443398428 0.651197068082139 0.632069140709278 0.609036874940889 0.585714874639476 0.562890888316747 0.538329778269333 0.515074559012251 0.4917019029441 0.469610009883499 0.453581407149883 0.440032293233205 0.427961862016627 0.416837967212277 0.40658499505295 0.396135196680037
-9999 -9999 -9999 -9999 -9999 -9999 -9999 -9999 0.528461967990042 0.238172136050943 0.11453079596719 0.14526334361295 0.293281531617425 0.522423287628659 0.602506229134581 0.567800540597321 0.572151606594144 0.569926233005324 0.552788856142287 0.526305744151061 0.517832208001816 0.527406642185404 0.535457454990376 0.540856872238794 0.543410873770222 0.549372770309611 0.557607108780853 0.56282907329806 0.567862962608254 0.56886481111308 0.571754818109175 0.574760691834624 0.574986001440883 0.581791082283766 0.585597353161828 0.594275271855598 0.605486298046582 0.612616357291222 0.625219095014107 0.63220167193682 0.641968520317731 0.654102694564175 0.657817953985161 0.654171024372571 0.643912387976693 0.632575048039249 0.620432311408501 0.602906045612804 0.579303706410466 0.554164590658871 0.532036778532325 0.5125546862587 0.493385961610133 0.479394807306195 0.466933452306809 0.456086727133483 0.446684000558541 0.436921032290772 0.427521883271776
-9999 -9999 -9999 -9999 -9999 -9999 -9999 -9999 0.582651149234508 0.303165839571795 0.161187312768663 0.157771533559055 0.227031380215455 0.404837269761127 0.635716736424563 0.618378311423173 0.603862471175284 0.572855425088507 0.556359671773094 0.536474013126482 0.521429259868037 0.520262451291067 0.517838991028533 0.52415526871848 0.530146984979097 0.53574042238795 0.540706621797929 0.544170188817624 0.550186605534023 0.556555867621344 0.559414209483587 0.559508915894354 0.560545439165702 0.563078761341789 0.567559769983725 0.575189754398327 0.582380906296259 0.594709034648101 0.60867804032793 0.619585626187992 0.627488649102266 0.630050589623577 0.625523953464127 0.622242754083315 0.616895318021382 0.610048290165134 0.602606319030947 0.597107720142936 0.592652761956621 0.574885400562196 0.554353273384939 0.536685501216935 0.521855238240059 0.508055432648795 0.496101932938773 0.485905534672631 0.476660766288199 0.468628728733013 0.458175837896485
-9999 -9999 -9999 -9999 -9999 -9999 -9999 -9999 -9999 0.399170933000746 0.255094729982568 0.194594837953323 0.210806868726579 0.296483965976818 0.448365239444731 0.594066437581001 0.666444609840984 0.61939583974265 0.584246348047108 0.555997099797822 0.531871281563228 0.521093436054725 0.514690002870545 0.517520444736103 0.522793160164712 0.526561323478494 0.528481943892512 0.529234859858106 0.534821898185151 0.539992356286459 0.543230931589765 0.544567571797935 0.544335285128285 0.544827246537726 0.546879048128819 0.554060993605827 0.562610348553404 0.576097934795016 0.596382547293312 0.612735194433066 0.618928609752289 0.613520696174605 0.602403625018331 0.595325617143654 0.589384156381653 0.58437897624236 0.583336097237821 0.581597559600336 0.576693970045304 0.57345828052147 0.572409921012996 0.564700753657789 0.550529151070112 0.538720449399885 0.527422345811913 0.517742200996127 0.509398895861435 0.500098911842347 0.491209594863967
