meets/meet004/_saidas_enm/CCSM_SVM_6k_Aralia_warmingiana3.asc
NCOLS 154 
NROWS 168 
XLLCORNER -112 
YLLCORNER -55.5 
CELLSIZE 0.5 
NODATA_value -9999 
[rows 50 to 74 of 168, columns 55 to 109 of 154]
-9999 -9999 -9999 -9999 -9999 -9999 -9999 -9999 -9999 -9999 -9999 -9999 -9999 -9999 0.123757528902532 0.123754760536979 0.121457940066299 0.106546039813262 0.0931961370999459 0.0560106516404023 0.0730062901573424 0.108810990572646 0.0425149443855634 0.0497185585797861 0.0728050554592864 0.0835559184963124 0.0899903212220781 0.0930429390113355 0.103374374558187 0.111601881738765 0.119179475683955 0.121638235582999 0.120640259517664 0.116547295323052 0.111409880288756 0.106205810092803 0.129617915935993 0.148348056513907 0.168695932750961 0.155894546724425 0.147748767071585 0.14886688837989 0.139093251834903 0.132308789341217 0.122492805699572 0.119142505036576 0.118172093246494 0.11222467977708 0.11145864741945 0.111576536324284 0.0860567205987475 0.0479533927838126 -0.032784260215355 -0.0480174712186722 -0.0419607208148138
-9999 -9999 -9999 -9999 -9999 -9999 -9999 -9999 -9999 -9999 -9999 -9999 -9999 -9999 0.123755386329965 0.123612272996448 0.117969576568565 0.102961799973597 0.0876338608180777 0.0650278040407863 0.0781569823940689 0.0687689802716443 0.0391941985289742 0.0389516852168313 0.0505647814229095 0.0561100805951162 0.0607920635231536 0.0718346215739226 0.09400484129102 0.107481229679372 0.113089968404343 0.115176119550737 0.113633281153389 0.104212292315467 0.0856895790797502 0.089349748824965 0.0793524855431917 0.111426147074604 0.153127455880063 0.163069326468993 0.15415471773154 0.154860305402796 0.14553473041187 0.135474659283316 0.124865399267416 0.119774391307731 0.11786861359151 0.112546172549769 0.108867714537211 0.105156621086165 0.0771365535450369 0.0157973559516487 -0.0293170928800668 -0.0337076255501917 -0.0172689766283356
-9999 -9999 -9999 -9999 -9999 -9999 -9999 -9999 -9999 -9999 -9999 -9999 0.123757451612234 0.12375497696631 0.123671681921502 0.122269132142038 0.106875225594695 0.097326880501082 0.0894191293830932 0.0739426859542053 0.0678329984498717 0.0639924190518633 0.0586633167668215 0.053877683847842 0.0510628887525957 0.0571299869906244 0.0749865734478568 0.0972845884549497 0.108591857500906 0.113532732953858 0.118272606149705 0.119708058293218 0.115001027520327 0.108654247899612 0.0887899882528857 0.0742609978077231 0.0590331805012358 0.0464475974955212 0.0759226871041592 0.108536148794972 0.11960678772253 0.135437750184717 0.132454239988217 0.127625175375496 0.120371128162832 0.114843932296433 0.110287844145017 0.0980842291604581 0.0810881944004203 0.0651846694262658 0.0429192188595932 0.000768854455748924 -0.00626845676460175 0.0179269164721724 0.0267028989581418
-9999 -9999 -9999 -9999 -9999 -9999 -9999 -9999 -9999 -9999 -9999 0.123757406906603 0.123748136859356 0.123702075595376 0.123545616684849 0.121853448988794 0.113856253861799 0.100168971675019 0.0907558015066368 0.0791170670538343 0.0738359104429169 0.0699679998724997 0.0652511542950115 0.0656276195530291 0.0742382402073793 0.0916666906141398 0.105781955759419 0.112706592758794 0.117771239297278 0.12122884467233 0.122680933812864 0.122723293401611 0.118815449898432 0.108906793432734 0.0936316332215268 0.0659032043072474 0.0550237522878186 0.020619617486018 0.0228978261851664 0.0505180793821381 0.0759345543649064 0.0916900392221444 0.100838150825972 0.1055359973367 0.103404580008836 0.0934387870123808 0.0783386871749222 0.0622642305059714 0.0441203686350777 0.0225772924165749 -0.00545390306280968 0.00548329228804584 0.0285191381729351 0.0430029518517726 0.0315896141632348
-9999 -9999 -9999 -9999 -9999 -9999 -9999 -9999 -9999 -9999 -9999 0.12365790158296 0.122770566422882 0.121783108185332 0.121367757118498 0.122312130906589 0.12104286244346 0.111353728262426 0.0919678506713356 0.0854907409249037 0.0808619856098531 0.0795763900016789 0.0851939898171982 0.0971027329190662 0.108008026166252 0.115068100944272 0.117942331647732 0.121023435100098 0.123009476551457 0.123565265292121 0.123685182621796 0.123662683950105 0.122288056915532 0.112452859483212 0.101302039911361 0.063481717879673 0.0555587991878499 0.0287607224480345 0.000753529625031002 0.0100059632883977 0.0262951942268224 0.0443788947958406 0.0551215557525042 0.063101881343797 0.0574930032346974 0.0396121788502474 0.0428899169566966 0.0210544962594743 0.0168570080992436 0.00414370123947827 9.2875867940434e-05 0.0436360894829748 0.0653450198665266 0.0662744819486705 0.0488756220896501
-9999 -9999 -9999 -9999 -9999 -9999 -9999 -9999 -9999 0.123756831462312 0.123027576108472 0.110408266525408 0.114159947776889 0.11647256379334 0.118684449252173 0.121831334107733 0.122391909226096 0.11893685344469 0.108253054951121 0.101823989171487 0.102252922800579 0.10797025902258 0.113403315634217 0.117469931566727 0.119958675364942 0.121533491298816 0.122916483050183 0.123555178492612 0.12372796632863 0.12375142281843 0.123753942678031 0.123748182143666 0.123420880871986 0.118056015458441 0.107199966994367 0.0741793511238871 0.0538845819573596 0.0430315595399939 0.0196531090040727 0.00597026235538395 0.00854712775237887 0.0133073107491421 0.0160380044220439 0.0122082991227998 -0.00410259566557125 -0.0215086506776727 -0.0305181930739309 -0.0263503063383399 -0.00777373614406551 0.0218568220701997 0.061263560266607 0.0862425910756513 0.0903433849422733 0.0747393982296469 0.0684378819123661
-9999 -9999 -9999 -9999 -9999 -9999 -9999 -9999 -9999 0.123591055798594 0.104436070268789 0.106925469593932 0.11873977951888 0.11664559318309 0.11948461892252 0.119973645803556 0.120669049652744 0.121889786245991 0.120211433863325 0.118663258832536 0.120307197506925 0.121612566715808 0.122232449038773 0.122661280853451 0.123074357517013 0.123553829255128 0.1237247192448 0.123730600737767 0.123737568305774 0.123732998628653 0.123706849460461 0.123670500269674 0.123618674515072 0.121578387731465 0.113227930082961 0.0946348692711353 0.0574724979731418 0.0510532362819124 0.0428571035677203 0.0327137853445862 0.0286106379387392 0.0252308782799538 0.0235636946118266 0.014389954676553 0.00344080173568284 0.0012944429483065 0.010406971178219 0.0384614840147668 0.0649062492827852 0.0840393081530902 0.0946971707085933 0.0961574860016524 0.0937927625887554 0.0866498805537079 0.0834972758452066
-9999 -9999 -9999 -9999 -9999 -9999 -9999 -9999 0.123660790711624 0.12024585651458 0.0954366012656977 0.173914373371649 0.189328081166418 0.152542883386131 0.125234233821938 0.117300486049522 0.117631487405588 0.118556495642288 0.121306706530307 0.122223241374752 0.12285467630756 0.123200144056776 0.123205802311343 0.123233137374137 0.123194414950444 0.123218126879201 0.123300804633217 0.123208832031128 0.123058271475626 0.123012654660493 0.122947388029102 0.12300447622121 0.122909664119435 0.122671756113307 0.118369447139332 0.109117662931624 0.0834453863659234 0.0574428690532394 0.0504055513275029 0.0477707353077808 0.0482636944337392 0.0458719174827434 0.0442573712510943 0.0431875300342231 0.0449974010275427 0.0552469327465957 0.0712725955176138 0.0852912992031704 0.0920605612560877 0.0937109331218556 0.0925550511360657 0.0921165581205165 0.0901550106003697 0.0898069424078337 0.0899032177468793
-9999 -9999 -9999 -9999 -9999 -9999 -9999 -9999 0.122638728766074 0.105451800028904 0.121834396715313 0.488970874215346 0.275383165169982 0.165903365605765 0.130482741413194 0.115312679145079 0.111778675071649 0.112237395342384 0.116974798201721 0.118730460899247 0.12001842824253 0.121064317080315 0.12106320690596 0.121046092280623 0.120389293848044 0.119729163685701 0.119540957619959 0.118685071179299 0.118637482809785 0.118078774512779 0.116985984472962 0.117371478698132 0.117341501083173 0.118304342402498 0.119058162485617 0.115060017039441 0.106637621866966 0.0887651145002976 0.0678585304375174 0.0589949990930264 0.0576398389373827 0.0573056493206502 0.0644521829638577 0.0706537952259264 0.0786719713170156 0.0807114585148218 0.075566570068025 0.066084448826775 0.0652768064817658 0.0693193353724267 0.0773177823844963 0.0828000870225259 0.0849995364499321 0.0856990076021536 0.086249550585418
-9999 -9999 -9999 -9999 -9999 -9999 -9999 0.123717172441176 0.118181018151952 0.100710881099896 0.288838403018054 0.715154973629617 0.290719635805946 0.137268844533524 0.123316598416144 0.113406446871137 0.105021483027696 0.10249128601098 0.107629489196027 0.110449961565892 0.113765200418342 0.116740597398187 0.116306554900621 0.115527440780137 0.114135319895233 0.113160926032027 0.112580788686252 0.111001706031367 0.108587834754971 0.107461229879412 0.107578541109508 0.107926869119608 0.108266847452098 0.108282505152769 0.108866786301563 0.109849666421579 0.106396271124485 0.101614661265615 0.0956366002034267 0.0914764634204004 0.0902057720839464 0.0900804697572338 0.0884116767240716 0.0862001296503935 0.0759352953978457 0.065258407045688 0.0647526626016176 0.0713804725014197 0.0828489320882994 0.0909919715803819 0.0970262622221734 0.101104216906786 0.0988198618439602 0.097570083445522 0.0943440868329428
-9999 -9999 -9999 -9999 -9999 -9999 -9999 0.123672037522644 0.116976190486995 0.0974118874001338 0.331320672127574 0.47513759795623 0.220900556103777 0.136257851302562 0.123612079559492 0.111002627415884 0.0992158764199181 0.0941989024859061 0.0971820405101599 0.0980070328894393 0.100024906215536 0.104330475880269 0.104919428393503 0.104673136437236 0.102857487048728 0.101768556253373 0.101968003524925 0.100311943505709 0.0988918513142151 0.0981067762498783 0.0977371288879264 0.0981920721436608 0.0980572289590098 0.0982639422210544 0.0986852551351034 0.0985977648322277 0.0977590987103594 0.0949731151687536 0.0903385106061146 0.085463995098207 0.0805221925724744 0.0768128855913292 0.075541147087358 0.0759629820570193 0.0768030785291603 0.0837177834157483 0.0928315547101267 0.101495300439864 0.106923367213935 0.109875376169831 0.111325530249199 0.110894076485427 0.107931986864647 0.103569165232662 0.0994303780746458
-9999 -9999 -9999 -9999 -9999 -9999 -9999 0.122669760903717 0.102386236560367 0.129076111571581 0.205705675123456 0.338467072720721 0.222869912916921 0.151858079193387 0.133348334653182 0.109837161336941 0.0969648842628107 0.0890806260291044 0.0879286672090426 0.0871880895593148 0.0881283832790783 0.0908247820254584 0.0900529661570912 0.0887710151136348 0.0862066856704281 0.0860723064002651 0.0858268112355102 0.0873802040296849 0.0881118500374438 0.0879390771285545 0.0887327168560914 0.0892259946654439 0.0899462134906499 0.0903533274355505 0.0908229348644758 0.0905169553820709 0.090739147108392 0.0876225472782009 0.0848313361708782 0.0815534655584944 0.0792480145736587 0.0805133629564593 0.0823911264730456 0.0868753131251103 0.0906473517656042 0.0982730216837662 0.105324361000142 0.109253671144609 0.11161008368168 0.112568167422523 0.112534509404548 0.111268739043243 0.108123327406914 0.102922593154405 0.0964511946445477
-9999 -9999 -9999 -9999 -9999 -9999 -9999 -9999 0.0253994850786547 0.223636032430672 0.292923695615345 0.311637935704315 0.237756591440825 0.168061431492846 0.143966569115316 0.109646412077854 0.0956246562657469 0.0849064441092681 0.0814880005134414 0.0775976732576399 0.07313425438424 0.0707650778459822 0.0685775054646388 0.068234216940468 0.0667241557245678 0.0651617935113413 0.0660374355804297 0.06787524610489 0.0723810056325431 0.0756946560350506 0.0766844207424389 0.0785924660229416 0.0795100072865415 0.0811740009770507 0.081924009168779 0.0817007644005945 0.0823359061484956 0.0820375505958152 0.0827844195023368 0.0840481733929051 0.0859302479535802 0.0889537302200746 0.0905144297722198 0.0918752357295392 0.0917541434496451 0.0963006526880317 0.101352440857327 0.103546271814392 0.105887423949738 0.107021069332617 0.106568249905645 0.104968707031806 0.100242843717714 0.0931612556753354 0.0842537583976321
-9999 -9999 -9999 -9999 -9999 -9999 -9999 -9999 -9999 0.340584599095355 0.366653623620185 0.44177436718194 0.264112379675436 0.170823020819891 0.143445129703841 0.110573548823244 0.0998479112177338 0.0803662652540046 0.0743239710560302 0.0694737165492216 0.0656801600110019 0.0620732636334602 0.0597360568685746 0.0577554624130034 0.0567254244371416 0.0563850397073508 0.0557936852136485 0.059644971653617 0.0633377886194407 0.0673478810451509 0.0691426670819526 0.0696578780227063 0.0719805105616658 0.0730243357298644 0.0743780332654327 0.0758338357630585 0.0772018631858433 0.0784704523755026 0.079803252055219 0.0820279289128569 0.0833785156636744 0.0842090916908663 0.0845044247549706 0.0827831841792558 0.0803445265509656 0.0845898673677378 0.0892823651554309 0.0933408179556212 0.0949954486903281 0.0986358638626411 0.100330048154172 0.0995740682180732 0.0937053541924837 0.0845366252700239 0.0711316298459221
-9999 -9999 -9999 -9999 -9999 -9999 -9999 -0.0326648396146183 0.129580229583419 0.483794981628244 0.30135714476558 0.363980413893265 0.270338214716293 0.151766351738178 0.130698884729533 0.112503171955225 0.105398494582091 0.0822025201592361 0.0667078752735352 0.0603617478392217 0.0578049008924492 0.055271313553784 0.050844050168037 0.0472731946885571 0.0443728292130541 0.0418949330941566 0.0415336278812523 0.0412910182149985 0.0423063641342918 0.0425635134315041 0.0426770872411482 0.0445937175273237 0.0467588453007161 0.0505792684235646 0.0525036418229181 0.0536217909309123 0.0563198836554846 0.0567788583256972 0.0592364288007832 0.0606924543056978 0.0590609150513266 0.0592049824282138 0.0549718872001286 0.0516171542078239 0.0512803393987278 0.0663399880247987 0.0810033421869766 0.0892305860479694 0.0949902596519531 0.0985382353729659 0.100101408851217 0.0999569918124761 0.095270660392817 0.0881810766443348 0.0774133092288087
-9999 -9999 -9999 -9999 -9999 -9999 -0.0345308536000747 0.107163387547915 0.307085759166059 0.276964139670286 0.30359363120195 0.380925687247443 0.279197684620956 0.135015341628283 0.116182312466305 0.146950447436815 0.143048495300282 0.0976133099386541 0.0628763924318931 0.0509384837404686 0.0555022001677855 0.0481520628095702 0.0422553944361008 0.0298798588876625 0.022082969007696 0.0181640529015045 0.00968019785167601 0.00706092113648232 -0.000980117379940915 -0.00553105810365828 -0.00336053861400376 -0.00449707107537234 -0.00136455381895401 0.00110377476479773 0.00389627969559508 0.0104585330279773 0.012436032199057 0.0159334191546134 0.0183850868087602 0.0216865098007383 0.0242620176989359 0.0289267054767942 0.0339209027383967 0.0367913873837896 0.0433582655258382 0.0635700568434541 0.0808270296963255 0.0882248527644591 0.0932399780851095 0.0966896012093963 0.0995694950156835 0.100880136464963 0.0961220720234757 0.0917027249202174 0.0841760281146492
-9999 -9999 -9999 -9999 -9999 -9999 0.00660352371554035 0.322030725151879 0.297251613196876 0.277650917964867 0.31375355442798 0.348990152683296 0.285702361389172 0.190565688300755 0.172478083097853 0.201784157993136 0.19461853292304 0.134196620923615 0.0846259093498941 0.0639313960250942 0.0559410666313112 0.0514757756004079 0.0385040550571952 0.0197264914321861 0.00586876076884024 -0.00834896600314694 -0.0193138576301438 -0.027348898273419 -0.0343107955549108 -0.0384187368498728 -0.0401925891177184 -0.0410093002694218 -0.0410971081775102 -0.0393364055319376 -0.0369644737943894 -0.0337667950540241 -0.0286804053268964 -0.0236558301237572 -0.01552623398524 -0.00527702034942845 0.00762085104266247 0.0205564863265978 0.0301453182821946 0.0392771415832133 0.0463061358201347 0.0604733667155494 0.0756698770635382 0.0844419745746188 0.0897826542766191 0.0932617670372099 0.0955010123788538 0.0960742951176559 0.0943416980072682 0.0917613746908448 0.0882434081796423
-9999 -9999 -9999 -9999 -9999 -9999 -9999 0.465897344765733 0.439455170521597 0.307195003789889 0.329063151872531 0.312073150563854 0.290735112857431 0.2549919913131 0.24972440714698 0.254279266429816 0.247638088099034 0.168024318721332 0.113691703541332 0.0875537952404586 0.0748053009874417 0.0786470164102767 0.0513203236637411 0.0317895885974415 0.00944130265495574 -0.0109589740334979 -0.0202045491285319 -0.0279033373900721 -0.0283434834710705 -0.028655005951955 -0.0256450170923075 -0.024119475127823 -0.0190882294866871 -0.0223831696454228 -0.0201785259889763 -0.01685660434723 -0.0161732370428207 -0.0105352961667124 -0.00357340761736441 0.00606374876699994 0.01875166690671 0.0294580324384438 0.0395485928125014 0.0498313385390449 0.0547679672434058 0.0589890384858257 0.0721964349613805 0.0798341908080024 0.0850108195566148 0.0880780216586555 0.0899094478747524 0.0901125769464527 0.0895254773601923 0.0888163584860656 0.0873408135489691
-9999 -9999 -9999 -9999 -9999 -9999 -9999 0.33194219608944 0.596742856155727 0.3038799454526 0.312297662124853 0.304486197674493 0.268873323518089 0.219104171233686 0.230686669156321 0.246452842231794 0.230632683720939 0.184930997425599 0.150758827748622 0.129896998760802 0.106263616123681 0.0916265789855999 0.0880866013730615 0.0881724772761538 0.069763965010522 0.036067097408589 0.0141088308976866 0.0177831085332674 0.0270889791591824 0.0263654758192329 0.0265515832180722 0.0319616656222942 0.037437614535586 0.0403671329828326 0.0428435703813997 0.044672483696687 0.0453647788339535 0.0442396534897819 0.0443364549343595 0.0464917539761994 0.0509236891754695 0.0542879876962399 0.0596453948903685 0.0633953218842448 0.0644419085803271 0.0652156194987799 0.0703834325852293 0.0765070862117695 0.0802781147904035 0.0823757333550582 0.082992399681439 0.083386188430152 0.0827588735799494 0.0830030176684534 0.0825591524982509
-9999 -9999 -9999 -9999 -9999 -9999 -9999 0.0509362027781987 0.58122938242635 0.383630412345352 0.250382485147289 0.294916274790239 0.258104271521007 0.158297713839397 0.196698000799757 0.218768429667824 0.20200119552527 0.185664887634625 0.163447472155463 0.146505416374988 0.120974831859426 0.110884702390679 0.131149122016864 0.162498894090804 0.151051415609755 0.10359612589614 0.0724691046746749 0.0864368594261015 0.105191839365307 0.103996764406181 0.107382256980077 0.104432392240242 0.125739246239307 0.118788104296034 0.126368522253779 0.143850634756192 0.132026748049406 0.139701538974293 0.117300798492051 0.110805267460405 0.115698875232933 0.0984879094852576 0.0994188400863572 0.0901629215668323 0.0837372194734025 0.0816837193587648 0.0760891863739434 0.076892942287895 0.0764074733733608 0.0757985219607856 0.0727123113643123 0.0738507853386993 0.0713824024467987 0.0732464992722215 0.0718465619012313
-9999 -9999 -9999 -9999 -9999 -9999 -9999 -9999 -9999 0.401842852139167 0.287582443860191 0.310468223852014 0.228754098622688 0.118011022607482 0.173343933944649 0.221333913394932 0.258261370122978 0.213506433388049 0.145782323227167 0.127822710437161 0.131431773785282 0.152210841221153 0.192685912387317 0.229278891843115 0.222315333987225 0.176613243279438 0.143213520790054 0.152301079633814 0.171503592596065 0.166475990122211 0.157413718067972 0.155519038002935 0.159840843874425 0.161516914702702 0.165704000742939 0.176515147496573 0.183917952811464 0.179726229897155 0.171673265652669 0.164438852240269 0.155938787615287 0.146138977964065 0.133812853813768 0.121414347050512 0.110346070552982 0.101083181640065 0.0912120052243847 0.0830163091078681 0.0761544655066376 0.0704862768297044 0.064609888845666 0.0620887732159592 0.0596127274575478 0.0589826292433118 0.0587607307478456
-9999 -9999 -9999 -9999 -9999 -9999 -9999 -9999 -9999 0.0396770564677005 0.52715172897427 0.302743450600427 0.159730113042038 0.0885060384109078 0.151653160035596 0.210491144920266 0.30885375322899 0.267944653890995 0.158212870377633 0.135871119321347 0.155792165597645 0.198923686955593 0.240894724302168 0.272592584499408 0.262115354332542 0.224188268897384 0.192336035531484 0.195763581256213 0.206246328333355 0.196703911781469 0.193352562363441 0.186428576048854 0.188307694857888 0.17545214921144 0.177199617592203 0.197083104133732 0.200791924393495 0.210727224266467 0.199782751575317 0.198043854841104 0.19940593595856 0.18394390123472 0.175724326952412 0.156147896694037 0.141209261760526 0.130312706380204 0.113268550487035 0.0961881552948368 0.0796042318776484 0.0668373378361234 0.0532042721026806 0.0493781812045325 0.0424844667501585 0.0410647820513482 0.041351324922798
-9999 -9999 -9999 -9999 -9999 -9999 -9999 -9999 -9999 -9999 0.642444924144962 0.291551032499149 0.0734833135711325 0.0804995942403305 0.13705352344428 0.207266359024827 0.357203999137559 0.382619103881852 0.234062688719377 0.184624915033861 0.205582536451586 0.25561298018349 0.288340103558839 0.291155178125488 0.274921287460539 0.248708273196112 0.221338430092818 0.217900448858461 0.215051589550507 0.199668700047257 0.190687016777164 0.184640281523647 0.175533492876924 0.162775809019922 0.161362160764431 0.169639128166645 0.175848579834458 0.180944058313351 0.183311361701801 0.189012037701533 0.191624342211001 0.193135131870404 0.185048218091463 0.175949182962043 0.165459121923731 0.152191277390864 0.135475547054921 0.109898949719386 0.0853109639506573 0.0663752457089262 0.0533717016637648 0.0442799993959745 0.0392399851757385 0.0342429482803233 0.0354348644755346
-9999 -9999 -9999 -9999 -9999 -9999 -9999 -9999 -9999 -9999 -9999 0.540465189184125 0.112825675472714 0.0886870438977226 0.122636212135445 0.191663222509514 0.391145280930063 0.526801878349191 0.388752203474385 0.279122602730223 0.288519431100533 0.312106305641168 0.314762475761775 0.302829151526689 0.278491063114649 0.255082927466942 0.229105722973013 0.216971283960278 0.207921785292177 0.189014428078475 0.176256697781212 0.163689249446597 0.150202220325425 0.129376029364794 0.121851833748526 0.128418206755043 0.135050720796982 0.140314947660351 0.139586461402031 0.149013700114912 0.163341931478644 0.17197396447835 0.175572083486336 0.173447449907767 0.171262476739069 0.166061925107545 0.149733107937927 0.118995618989253 0.0869713341881292 0.064990021457128 0.0453451418707043 0.0363676129121203 0.0331709614385988 0.0326992202193506 0.0364529243175352
-9999 -9999 -9999 -9999 -9999 -9999 -9999 -9999 -9999 -9999 -9999 -9999 0.290970340351197 0.0577571447809928 0.121562715029466 0.216103077860076 0.377771965103873 0.612849398720135 0.615268989662693 0.436064985632475 0.389756473474076 0.364723664684986 0.338057755358207 0.310847976706552 0.278051096239086 0.254569439886449 0.229162503264217 0.211218291362841 0.19168293266518 0.169728390134478 0.156250065288869 0.136771723443865 0.121075306839442 0.0991095523544608 0.0856358764884402 0.0825299783823226 0.0762637835645121 0.0836253617137581 0.0828651618026748 0.0956035014052378 0.114970207314392 0.125389163946669 0.144605840949249 0.1497051502277 0.156929392736363 0.163463145084137 0.14787400467044 0.11983824628949 0.0864419506030125 0.0607476562467684 0.0412397856836996 0.0305796380173003 0.0271498580677245 0.0230148045619392 0.0262062612279773
