meets/meet004/_saidas_enm/CCSM_SVM_0k_Cavanillesia_umbellata3.asc
NCOLS 154 
NROWS 168 
XLLCORNER -112 
YLLCORNER -55.5 
CELLSIZE 0.5 
NODATA_value -9999 
[rows 48 to 71 of 168, columns 56 to 111 of 154]
-9999 -9999 -9999 -9999 -9999 -9999 -9999 -9999 -9999 -9999 -9999 -9999 -9999 0.0369716564776201 0.0364869011071295 0.0401398839135748 0.202390269021923 0.287222574216467 0.1084873961644 -0.0311359599315879 0.0024656000596503 0.0621834405009489 0.116678339256693 0.105036448252857 0.0899770057748839 0.0586643564230694 0.0698858907203507 0.0742297139131169 0.0710376514684697 0.0592050438507266 0.0557258009541262 0.0834550171692608 0.168639970733773 0.31599536854854 0.407853184870558 0.232571741055505 0.132516651979468 0.00954858356516075 0.000265956933174494 0.0165456613652241 0.0185650278789538 0.062810759751685 0.101441690582652 0.105222588650939 0.0548194682445857 -0.0154988075863192 -0.116031858756418 -0.118462952773336 -0.094486040637913 -0.0550034595727494 -0.00120324003662831 0.03116119073426 0.0563798313365977 0.0861869704050116 0.0823265064003741 0.050400966235453
-9999 -9999 -9999 -9999 -9999 -9999 -9999 -9999 -9999 -9999 -9999 -9999 -9999 0.0369718313218551 0.0365316274772894 0.0333115658849091 0.151676845717447 0.15181955331069 0.0373127966363856 -0.0395967363376036 0.00356277359907753 0.0687042228607684 0.140703327631198 0.140770531619259 0.126850353462995 0.108589560964237 0.0896887229593034 0.0585822938681213 0.0266769758581215 0.012276243571261 0.0126197233903534 0.0147607744814953 0.0500963613195053 0.202256330547481 0.473849209080263 0.468775207264847 0.265685898053245 0.112018009438996 0.0691920371648114 0.0587791456905465 0.0662349760546158 0.0822804317199161 0.0956219947085862 0.0782310072155949 0.00417957989013112 -0.0889284746244081 -0.132234125719773 -0.13052204247533 -0.105535413809037 -0.0631610325206571 -0.0138359569358767 0.0236933669078193 0.0703579477823502 0.104356573562297 0.0890731336498068 0.071048349056163
-9999 -9999 -9999 -9999 -9999 -9999 -9999 -9999 -9999 -9999 -9999 -9999 -9999 0.0369256488232176 0.0346804873752881 0.0287473121636391 0.0771872576804382 0.0500338182422213 -0.00015870703279891 -0.032794709155554 0.000962855598358736 0.0589151125878848 0.175310564342385 0.190761844941065 0.129292603668862 0.0673672623422273 -0.00463409677410881 -0.0324267586569623 -0.018073098133711 0.00686420743691318 0.0199204179308076 0.00781345447446341 -0.0135936419132879 0.0314491661817881 0.386995837007746 0.660192655035585 0.435123348919528 0.255073650148243 0.16470690698565 0.117671489708468 0.0995356504379331 0.0902241286090232 0.0842026367093784 0.0614391791854898 -0.0104654214482487 -0.0744333951253829 -0.0786504595495376 -0.0486057232057992 -0.0308810515985774 -0.00424825026738701 0.0319300720610051 0.0494264645921927 0.106500571760264 0.123091740336287 0.10218486242442 0.114094569056164
-9999 -9999 -9999 -9999 -9999 -9999 -9999 -9999 -9999 -9999 -9999 -9999 -9999 0.0276843179676268 0.0157249466161147 0.00245179367369419 0.0108653373838688 0.0213281094972392 -0.000115246702234895 -0.000256667883494821 0.00880610813565152 0.0302791302531695 0.066022497775851 0.0472539771062954 -0.00775025179172767 -0.0428235544197356 -0.0402556370147828 -0.0122441796505672 0.0165024909110347 0.0313088864074429 0.0345511652808469 0.0295372610765341 0.00910472485293751 -0.0148903840373349 0.183992558618226 0.548843660789643 0.518082621062896 0.325413594621856 0.227944135985346 0.16067408893395 0.126376274057446 0.101198049912308 0.088715358665815 0.0673720514343131 0.0229780807511603 -0.00204034197249658 -0.0126705140798333 0.0165555590327307 0.0365906881797016 0.0531294153470037 0.0762999194258056 0.101715521718731 0.154044296928146 0.148433008610504 0.127988632062885 0.132405021646029
-9999 -9999 -9999 -9999 -9999 -9999 -9999 -9999 -9999 -9999 -9999 0.0282586537591119 0.00571434242733015 -0.00831347718081205 -0.0219728966979421 -0.0159625546252535 -0.0207414644804468 -0.0068495133567209 0.0114735660230094 0.0104004280972073 0.00779781199993312 -0.00351043587431071 -0.0200743243373552 -0.0373913282730302 -0.0403346034458111 -0.0256634438582291 0.00416773607402771 0.025954579361682 0.035618203182133 0.0378298538692139 0.0380199713136476 0.0371765514325694 0.0257467637056562 -0.0109243989234138 0.0481000977377798 0.365750611718314 0.471416473169467 0.327770248166441 0.234130077276502 0.178247991835098 0.149216773560737 0.120820862644164 0.108029721643062 0.0908890599826732 0.0659844736942593 0.0635686133663021 0.0397292868409353 0.0695926595768343 0.0809609167179829 0.0728749823578889 0.113179886578852 0.159212448205235 0.169078840229032 0.138551002122196 0.129748113591822 0.155128513497305
-9999 -9999 -9999 -9999 -9999 -9999 -9999 -9999 -9999 -9999 0.0279842077431331 -1.52101570127794e-05 -0.0186659153871373 -0.0198637083039935 -0.0183909490726406 -0.00259048201822326 -0.00426112727782124 -0.0216469252420254 -0.0138600626979173 -0.0131817696509922 -0.0192495317838096 -0.0300668097285507 -0.0306419020117385 -0.0203856406078058 -0.00207681589809983 0.0180447000518871 0.0320419581126886 0.0371447090111238 0.0378822047433067 0.0377199176786916 0.0377542221875671 0.0382135035723621 0.0319711504015859 -0.00570852360604518 -0.006519152344724 0.22183339560046 0.347570005739455 0.270637436312676 0.189199891654439 0.140836239915029 0.132814518401985 0.124722097655504 0.118228396149537 0.101852318590062 0.072124632892186 0.0518279027055907 0.0386729896840308 0.0462061683362321 0.0491983284053888 0.0968520486900395 0.166455259633134 0.176823221562527 0.128953743027581 0.0770297443036586 0.112116467305781 0.173530841171606
-9999 -9999 -9999 -9999 -9999 -9999 -9999 -9999 -9999 -9999 -0.0165992644462934 -0.0130985492991607 -0.00179293993025631 -0.0131588817932735 -0.0150590750072188 0.00216089221527993 0.0111930096876767 -0.0046544569908748 -0.0195907086778126 -0.0204786773342009 -0.0196197206643765 -0.00988486316799325 0.00431734826849489 0.01742907198911 0.0294284748047411 0.0355834998579732 0.0376614200782247 0.0376766013754095 0.0376281645092686 0.0377327140027947 0.0377054359330776 0.0381782758113814 0.0353714301787963 0.00267882862183505 -0.0295572578231648 0.106972153996412 0.226537373247073 0.195507000267907 0.142547750423544 0.0946324146702171 0.071520107897451 0.0902038694599271 0.0969840801211459 0.0849040631628663 0.0530316804432938 0.0166704911520606 0.00918461740874965 0.0317268743440583 0.0827681476208765 0.142642047638216 0.174149479671605 0.133478914733829 0.0740807045156855 0.0186828766934374 0.0865464454914269 0.178739905538226
-9999 -9999 -9999 -9999 -9999 -9999 -9999 -9999 0.0246436739254212 -0.0388983493878309 0.0482761488983544 0.0346858156786861 -0.00863575320330912 -0.0167170152696971 -0.0201705538640037 -0.00825519975678746 0.00907495560832544 0.013134887971312 0.00856119740139688 0.0110384626500704 0.0168824714907053 0.0230662140651254 0.0279996967596822 0.0335759223103306 0.0371657123886966 0.0374300664019989 0.0376564865503491 0.0375360733940476 0.0375100818497351 0.0376027951316659 0.0375109289994714 0.037239753880028 0.0362422094955175 0.0127804760875765 -0.0347042036863621 0.00499044022006356 0.0986620481718746 0.128165074133398 0.107689259068526 0.0727093165998942 0.0464585164392701 0.0416386166044636 0.0507130795612616 0.0431341570546438 0.0247723883338468 0.0507140710447465 0.0914196607104327 0.124871391340006 0.146159903328751 0.146602897322217 0.11529156773278 0.0660314245829233 0.00724829026029711 -0.0211072186745341 0.0638852214839878 0.161964576179156
-9999 -9999 -9999 -9999 -9999 -9999 -9999 -9999 -0.0224116808444503 0.0117116098001766 0.23642596027229 0.0543572011166373 -0.0457509461107593 -0.0278814440733553 -0.0267903659922435 -0.0190179320904295 -0.00675973723852308 0.0116688872940202 0.0159323559271252 0.0200750347083548 0.0252078642680758 0.0272423002279855 0.0294266915953398 0.028971777435794 0.0294838942147791 0.0298635750085743 0.0297693431286878 0.0307350779246907 0.0302040891900576 0.028438827535823 0.0268928099491507 0.0259122783567138 0.0252904575216478 0.0231054324234179 -0.0218280694923789 -0.0382391387964729 -0.00344184740132014 0.040048400469427 0.0578825765611657 0.0511152053976873 0.0373339513757206 0.0333452666115644 0.0332312243079658 0.0580036202341393 0.0869611920311691 0.105825059552294 0.0964473251909062 0.0758693363016993 0.0471501331062368 0.0198636221841844 0.00384855563842706 -0.0177911453438245 -0.0465722315682014 -0.027470151056479 0.082497482531432 0.162811311752213
-9999 -9999 -9999 -9999 -9999 -9999 -9999 -0.00638491060829782 -0.0124258431829944 0.184544547868552 0.214211043534418 0.0603962142523229 -0.0522468095015771 -0.0358678346459995 -0.0263429355875638 -0.0264296757884916 -0.0179990358819873 -0.00508524573759528 -0.00683623586326071 -0.000852986549463031 0.0065176132046787 0.00696057249645227 0.00835407014645689 0.00756424850477311 0.00881065328281594 0.0110478337024537 0.00928079347025068 0.0061076749673204 0.00533095622541552 0.00540999072502873 0.00616287023855472 0.00468134106883905 0.00361670027910449 0.00169046903957432 -0.00263708620235348 -0.0351949972441646 -0.0394570956582506 -0.0244311597993445 -0.0110890214386306 -0.0085588521578443 -0.00360485437956271 -0.00262232729664591 -0.000226488203479092 0.00471182973640988 -0.00242701921774952 -0.0124908947973191 -0.0294352089613893 -0.0392606078422335 -0.0398031077342721 -0.039435344616674 -0.0416609151237486 -0.0498614854409248 -0.0570310508646947 -0.0116522257436064 0.118214898300969 0.208237294939518
-9999 -9999 -9999 -9999 -9999 -9999 -9999 -0.0364052442077296 0.102620032419863 0.300312114424945 0.187674200743583 0.0695207869691484 -0.0527893520050014 -0.023885517702044 -0.011588053322593 -0.0261567872620079 -0.020542342960049 -0.0226638884863071 -0.028647924969772 -0.0291174351073031 -0.0264579827019557 -0.0253891203620207 -0.0230681112082149 -0.0266744949301438 -0.0303953907024939 -0.0294086702010982 -0.0312122571093694 -0.0283958215509537 -0.0292838193256676 -0.0326909975191075 -0.0307928075907331 -0.0291977264285375 -0.0245536458837486 -0.0218309544691851 -0.0193753338807267 -0.0116426292205009 -0.0333493981102175 -0.0453317555419111 -0.0466966432188702 -0.0471064602246162 -0.0485958353161377 -0.0498815101167012 -0.0501259453466076 -0.0472118481771855 -0.0342328071052397 -0.0198218102250404 -0.00305004737259812 0.000109163347047303 -0.000627227976443157 -0.0111821656077908 -0.0184216668763617 -0.0324759145510767 -0.045861857162043 -0.0266030072187813 0.100405832043468 0.218890484129303
-9999 -9999 -9999 -9999 -9999 -9999 -0.041892368968057 -0.0783672793571844 0.153117715477984 0.299299215833276 0.180185539955246 0.0881979454284565 -0.0534658952184773 0.00968859035342784 0.00509797173514726 -0.0199901783456648 -0.0237171107893506 -0.0286569883330791 -0.0360044243194496 -0.0402584516481576 -0.0435590255999777 -0.0469659914798126 -0.0491536869012633 -0.0507868699021589 -0.0512918754932887 -0.0513564875503659 -0.0518167566304855 -0.0523860999274297 -0.0520496382771201 -0.0508182303076889 -0.0496835468389333 -0.0477911953257021 -0.0459522874975726 -0.0441764292675181 -0.0401324994619683 -0.0371128245168679 -0.0325555658697438 -0.0305711938785355 -0.0262398238835583 -0.0233945083100883 -0.0240735479994806 -0.0234353081264869 -0.0274907376255053 -0.0317147274597274 -0.0285549759683233 -0.029653637211486 -0.0269521051825826 -0.028868603471649 -0.0276819379173432 -0.0283840427122543 -0.0307940135167156 -0.0332198461196291 -0.0347117704987674 -0.0305387774983576 0.0500166688219849 0.170500483213355
-9999 -9999 -9999 -9999 -9999 -9999 -0.0903237467060974 -0.128943282484043 0.0499122132246029 0.207709245360019 0.167099176614772 0.0723303946246323 -0.0501788429190952 -0.000435681987703995 0.00343807199401996 -0.00544522977053885 -0.0111685741399774 -0.0169461568930185 -0.0191311720748019 -0.0226448767632447 -0.0301194615042527 -0.0329852877567224 -0.0336905170263631 -0.0305562856798862 -0.0297088578311483 -0.0327813271510006 -0.0327867228131103 -0.0351883276888379 -0.0357112402724184 -0.0367018988461883 -0.040460879984536 -0.0425535336860844 -0.0466523389555997 -0.0490486997517297 -0.0507816556559805 -0.0527626933602399 -0.0535216679871637 -0.0540282377252289 -0.0540575215535559 -0.0524744572049446 -0.0507597817993582 -0.0482440486279999 -0.0496253615907122 -0.050293278623361 -0.0504078155189993 -0.0544426213182699 -0.0531503984064931 -0.0510335350227042 -0.0448335461839196 -0.0377826183365178 -0.0319754818275897 -0.0147769517853931 -0.000479770931771206 0.0188821974507563 0.00106488302467839 0.0703351066958322
-9999 -9999 -9999 -9999 -9999 -9999 -0.103102752953649 -0.137551164328381 -0.0257551338176926 0.13625094331438 0.153109890130222 0.0644107378270333 -0.0666320374386033 -0.0215063816785609 -0.00410674511504533 0.00876149240137913 0.0130654744562933 0.0119861426115832 0.0175891319930788 0.0162529569641982 0.00980514113870767 0.0142243384183404 0.0231953571395874 0.0291459433533028 0.0221025907746036 0.0178292120890623 0.0115693963295017 0.00868629904133567 0.00176097595404479 -0.00552214846992211 -0.00865058031070176 -0.0165959679362735 -0.0214327357889062 -0.0285852052575487 -0.0364714003004983 -0.0387219312507039 -0.0417887072022567 -0.0404107715154465 -0.0388650434469698 -0.0354554097189972 -0.0305937667453582 -0.0352512229464404 -0.0358313489463485 -0.0437173677175861 -0.0589896603946575 -0.0782683868021861 -0.0730043807826241 -0.0695109157194492 -0.0566501575251737 -0.0384202230966702 -0.0158906938295059 0.0120134724480593 0.0422215735343114 0.0614526611963453 0.0414220819429595 0.0189658281597582
-9999 -9999 -9999 -9999 -9999 -9999 -9999 -0.111333579497789 -0.0412548219274164 0.101265148918131 0.151418974823813 0.0879544682823474 -0.0683336452600522 -0.0468057348339474 -0.0108728137546055 0.024978106221715 0.0397002259445042 0.0515822204213505 0.0664104738329384 0.0747887223601942 0.0780702876607298 0.0894008196988104 0.0982249819152625 0.100317346661247 0.0943088917816296 0.0829327276512433 0.0774100255936656 0.0664906183275711 0.0515803130881315 0.0418888234006973 0.033844956413233 0.0303846798224104 0.0229333067549891 0.0171384804234995 0.0130663384210088 0.00740957242708995 0.0095779952292222 0.00976327947848799 0.0129855048932341 0.0179087796410882 0.00913134734331433 0.00396047429914109 -0.0139603730233724 -0.0378283283655007 -0.0599318484117314 -0.0782023304050288 -0.0745014915327463 -0.0634099940521252 -0.0422605634756402 -0.0134153679735911 0.0170455727094022 0.0633859485603041 0.0982652215920642 0.127205277127544 0.122315246233441 0.0970565614276513
-9999 -9999 -9999 -9999 -9999 -9999 -9999 -9999 -0.0518489422287551 0.0761558103082486 0.172299231502726 0.118132823182663 -0.0588465699271061 -0.0453621545140879 0.000995119388196797 0.0499806797710465 0.0707661096145069 0.0953126270804484 0.116279690843284 0.126738811502614 0.136822142803059 0.144827743607298 0.151437783556589 0.148192867283624 0.139805929351514 0.1267515746313 0.120393055332065 0.107716361386094 0.0891151033058588 0.0693335106799773 0.0606595812825276 0.0608197658963233 0.059979516034482 0.0553539851156885 0.0521634008085838 0.0481944768982722 0.0466314276890553 0.0483763821803539 0.0503241684614006 0.0469397476547206 0.0321478635679984 0.0111015285117591 -0.0119962021710235 -0.0293227587534361 -0.0414243948654475 -0.0456727443548302 -0.0349166310349479 -0.0128976705806332 0.0122557542640226 0.0356814402425145 0.0700152695999369 0.108809234538095 0.14029854401128 0.163121251101456 0.164135439546922 0.15589905671804
-9999 -9999 -9999 -9999 -9999 -9999 -0.107914350481338 -0.150682007181859 -0.0777756528487702 0.06209156909648 0.15397461237241 0.111347713882619 -0.0354015321549919 -0.0309861461390441 0.0265707130622738 0.0949413518579572 0.121545291023673 0.129466469174002 0.150261905065386 0.172714121913085 0.184396154543297 0.190377396138461 0.185064292603249 0.17860575027753 0.174325260894643 0.163972933045189 0.155388660525343 0.139208975665126 0.121670428167776 0.105210172133795 0.0900359123804627 0.0909711213321204 0.0892049958187683 0.0861625745214774 0.0857408716317842 0.0815236036109971 0.0816491025415595 0.0799885352350097 0.0826666268021212 0.0812806624360127 0.0639837621604636 0.04634128382128 0.0264314645220204 0.00625568377265617 -0.00802355243016173 -0.0126242625341751 -0.00277812901585539 0.0159676032652295 0.0370625040371413 0.0560372271830835 0.081725577704822 0.11991496621984 0.154675541844996 0.181267289601587 0.190036214206956 0.177649939124843
-9999 -9999 -9999 -9999 -9999 -0.0407801053952914 -0.168033870972351 -0.169412491308085 -0.0549737112547288 0.0792551970709967 0.143596903295934 0.108415929153272 -0.00344393897487266 0.0107714092143977 0.102330189594605 0.188244381677077 0.195338002025239 0.182114255343475 0.186331698226454 0.2223432372614 0.231920718882505 0.236123364976745 0.217106899587235 0.206721053540769 0.209569514289358 0.198473894447178 0.188973366394552 0.171174468176027 0.157716661561917 0.148868774115908 0.133835787313275 0.126571000555765 0.118555415048706 0.112494359523636 0.109751633182812 0.106749343341816 0.110177316845109 0.113750976761862 0.118588687327747 0.113581801857552 0.083004985284876 0.0620209427570889 0.0400756422413251 0.0197998658143527 0.00700855836572634 -0.00201432132690282 0.010697837335245 0.0251307791215842 0.0409732307717339 0.0538123421441418 0.0695936686954483 0.106982845460781 0.138099229447624 0.162065406090453 0.167376037416154 0.149095895071749
-9999 -9999 -9999 -9999 -9999 -0.017693057865375 -0.173753526079722 -0.123494192570497 0.00310702188701917 0.101974414336031 0.148235751630717 0.128105699267348 0.0990105836295252 0.133313267134375 0.207020726266734 0.280561710525041 0.265059911227079 0.253360890949064 0.257966613619586 0.280334654973695 0.297706250583153 0.292316346098264 0.274232101418876 0.260274393149483 0.2502528068615 0.239508388408568 0.230884882278931 0.220487256704497 0.210404641576014 0.202149538200203 0.190823390925977 0.182470423494383 0.171262095787402 0.160361053878832 0.151475509311984 0.143095543680241 0.140394729120485 0.1360596595272 0.13302353413517 0.127838175313205 0.0993588940010205 0.0726852677933447 0.0492480210825258 0.030272111112506 0.017842577455235 0.0132360217559554 0.0189742517879258 0.0294641987932629 0.0415033599743763 0.0511675292831154 0.0649522289804706 0.0878103583046777 0.110706828552683 0.126222224226201 0.130553680833882 0.1241375324247
-9999 -9999 -9999 -9999 -9999 -9999 -0.0960808694025871 -0.0506160561186547 0.0736458200907363 0.0975379324059762 0.15221191629734 0.127622247854901 0.138275760779853 0.184653063859923 0.230260067076619 0.334034974892526 0.297174938174567 0.311922537136988 0.323576419263293 0.332783492112659 0.351653100591723 0.330534307234104 0.321487741243732 0.304219787497039 0.285626750004995 0.27634955797425 0.267189198291656 0.264886113799524 0.259077984343397 0.251798004268619 0.243297951660571 0.23314332001101 0.221319720686832 0.207849443879862 0.191368161835735 0.173898105819811 0.163385819638058 0.150795227963526 0.139676839303183 0.130902275759275 0.108309898860962 0.0827113016712041 0.059252210068813 0.0418593038392689 0.0313644917866603 0.0252604015481324 0.0296808395103335 0.0355340412354856 0.0432292455055856 0.0500057221945829 0.0572313912056608 0.0703628207522614 0.081525627439386 0.0868403898197384 0.0860546932089962 0.0852656093956246
-9999 -9999 -9999 -9999 -9999 -9999 -0.0189853808502395 0.00107641776521461 0.0867948420726303 0.112448440340686 0.125985090990493 0.104482507394459 0.0529675279311569 0.0504634908528476 0.112456717655105 0.188401604246333 0.268683286257901 0.348118910216727 0.375146608498307 0.362664955256864 0.34537183536628 0.347795280292681 0.353075397820887 0.338936723857447 0.313790395857728 0.295743534362363 0.293392315296278 0.292451490108302 0.28895636093786 0.284876699464265 0.278912912043356 0.272997172264781 0.263480350546314 0.250510356462422 0.233347193242168 0.211877194898876 0.195080479649384 0.175696531218556 0.157195517355081 0.142055599787937 0.126634370832325 0.10361625462042 0.0824594163567037 0.0660414828206379 0.0552749199058452 0.0490914587314418 0.0487465440384791 0.0503006249868255 0.0539954056412245 0.0574780491549691 0.0608247014451587 0.0638566782571659 0.0630699417145459 0.0621353002490824 0.058819639230587 0.0547698549509177
-9999 -9999 -9999 -9999 -9999 -9999 0.0757221419684996 0.00294801330935851 0.055117540909506 0.0901159974413181 0.0873172907642164 0.0624302393555923 -0.00434963026343416 -0.0270300712628839 0.012021753275566 0.0821751118376464 0.204042045842041 0.337778251400622 0.3742484354952 0.359956811671414 0.338288626276377 0.348132008453727 0.361039019996872 0.347067789973945 0.32021120435912 0.305647386274597 0.300074420258338 0.292022632579086 0.288771261028662 0.295373481666741 0.298962387186677 0.298537859599061 0.288823325307963 0.281174140263376 0.269756236327677 0.248579005741499 0.232021031057967 0.2067055365942 0.184673710768806 0.164345592869782 0.144638631389459 0.128177132662583 0.109963957688316 0.0951092042585652 0.0837958398489833 0.0756509800395285 0.0714342110355065 0.0676187071272149 0.0645302940421799 0.059312947232688 0.057257730362265 0.0535849277610894 0.0494963014498873 0.0421025343592396 0.030670150376559 0.0262614852763846
-9999 -9999 -9999 -9999 -9999 -9999 -9999 -9999 -0.0748622140749891 0.0315951930987482 0.0561435264996933 0.0257975471923347 -0.0328137608136697 -0.047726298990886 -0.0262989848641075 0.0537680498799224 0.173571290509153 0.282379168380331 0.335637465081721 0.354739451490908 0.34214069206144 0.350285991368295 0.359985889932145 0.34191090328831 0.316020963720309 0.300652657943028 0.289267099370853 0.271048949790005 0.264084388596636 0.273700152549873 0.285706094771848 0.284581988804712 0.276722677168444 0.275769935688269 0.276056276107904 0.270095628217854 0.254227119743005 0.234496634664814 0.214804548639637 0.194753254799336 0.174827296401185 0.158135917375984 0.142938368779878 0.128230151287037 0.115706942601271 0.105116980581147 0.0958360364841338 0.0863436060467372 0.0768981099268755 0.0657013905490293 0.056557753650279 0.0493997633182903 0.0411876830367193 0.0312680066469244 0.0182383797633973 0.00744969817365343
-9999 -9999 -9999 -9999 -9999 -9999 -9999 -9999 0.121469281900259 -0.0115507884486768 0.00697582158968163 -0.0221920948355143 -0.0532617860733413 -0.0583641055270868 -0.0434721525299953 0.0328611602063151 0.173740933233055 0.286855653735458 0.323929181737158 0.345379894291855 0.341422908664578 0.341232402355644 0.332287971762042 0.30670655827578 0.293118193329033 0.281987684303967 0.26631558349741 0.239899863720329 0.227552132222013 0.237360989164327 0.247408790025437 0.246422825456244 0.231584698149095 0.236290967644607 0.253995595080956 0.260696490736597 0.258048817396168 0.242436730752124 0.231532898012443 0.220219468160907 0.202644206641357 0.187819058658125 0.17072995777884 0.156631066078351 0.143972848944216 0.130621660081893 0.116459830391184 0.0996530434231553 0.081518308696865 0.0608821301742187 0.0461919094332979 0.0351565518935298 0.0289144554373829 0.0190494176890542 0.00478715430623788 -0.00446832945950443
