meets/meet004/_saidas_enm/CCSM_Gower_0k_Cavanillesia_umbellata2.asc
NCOLS 154 
NROWS 168 
XLLCORNER -112 
YLLCORNER -55.5 
CELLSIZE 0.5 
NODATA_value -9999 
[rows 78 to 103 of 168, columns 58 to 115 of 154]
-9999 -9999 -9999 -9999 -9999 -9999 -9999 -9999 -9999 -9999 0.607175769648177 0.49072045032882 0.405089980590331 0.343259693134355 0.31620499406735 0.361284457992426 0.444587302138303 0.562213773427812 0.69726918237726 0.657669455414612 0.608595475543462 0.569714596206654 0.554641686988252 0.541914681160864 0.545809162349547 0.550806461297116 0.552114945545328 0.551299830504555 0.546684172796048 0.551781041456558 0.552987396359105 0.553857543503432 0.55605358039849 0.554771460367329 0.551701052933951 0.548049224927448 0.553009409200527 0.564144451455584 0.580831480676891 0.606955448103492 0.635610199319818 0.643511230949924 0.630415163541859 0.611806727287697 0.602191638644853 0.591327324372848 0.586289776761455 0.590323636194935 0.595159120572335 0.588088519118796 0.58111878592358 0.579832696380696 0.58166318026481 0.584179556235705 0.59114544477933 0.597025899216066 0.592036176157058 0.572734450893744
-9999 -9999 -9999 -9999 -9999 -9999 -9999 -9999 -9999 -9999 -9999 0.596520054259994 0.441606137395198 0.287560224408013 0.185698286035173 0.147562148342952 0.187917103153552 0.298934720720867 0.469195038514546 0.636971592855846 0.631673028451713 0.576475354119022 0.555396906623297 0.545195490404107 0.551149324100418 0.553487804556534 0.55331579723752 0.553626920595052 0.547430177753289 0.548847574373882 0.546726534717621 0.544795035864528 0.544064004758719 0.537539756909995 0.537050099170004 0.533302412918009 0.536315740541655 0.542911914069908 0.556050380857586 0.585841444603935 0.6143248023969 0.626628717583124 0.623951856802475 0.610178306637576 0.59064910494123 0.569180016912367 0.559278077721818 0.563376433656922 0.568276210597728 0.565551481563648 0.559395180918914 0.55747545637635 0.558207255371975 0.560546887662817 0.567136662109261 0.571656205609004 0.56876113301718 0.554328771887813
-9999 -9999 -9999 -9999 -9999 -9999 -9999 -9999 -9999 -9999 -9999 0.593260266921227 0.485509548799733 0.212448671835862 0.0993397537682251 0 0 0.0506776226103924 0.147911980117493 0.447102177977266 0.509095041014078 0.553142705560534 0.601604478667622 0.562663703925085 0.572537487155677 0.567124247890553 0.558409338375489 0.562486961285533 0.555376685524782 0.558162717762588 0.554382012248461 0.548915916567598 0.543380838784839 0.52764600854416 0.536615601515204 0.532881353335007 0.53229698918425 0.531172030602307 0.529001590034483 0.557761623314828 0.590632472531033 0.604640790960723 0.611567531690696 0.615089414635439 0.580129229831704 0.54558276283516 0.531349669113312 0.534766778799078 0.541320590405758 0.539678586013684 0.538029542631621 0.538260037558365 0.540023752486437 0.538567577430084 0.544992127584231 0.546308802657159 0.544959364285372 0.533501680325528
-9999 -9999 -9999 -9999 -9999 -9999 -9999 -9999 -9999 -9999 -9999 -9999 0.590396942160229 0.377864363034674 0.156496700858197 0 0 0 0.0408031943203833 0.246717993924243 0.16995297595175 0.170273507765092 0.285016501604049 0.418369491723683 0.546988593330465 0.588752770863552 0.564737006431055 0.5805304522611 0.583692698484194 0.5904575330799 0.581853416122718 0.574073394771365 0.566359813577703 0.558164381523858 0.564657145890085 0.566566247956847 0.562364098914809 0.550810172764564 0.537854079808431 0.547974739615196 0.561545784333132 0.572799977491464 0.588547049227667 0.586334345585876 0.563896039099776 0.530700418273017 0.51513132425118 0.515723111336835 0.516763985983813 0.519531332902739 0.518301301397499 0.522386987150622 0.533113384041385 0.535019926475424 0.532168367639898 0.520874372192717 0.520118000722946 0.523492748487139
-9999 -9999 -9999 -9999 -9999 -9999 -9999 -9999 -9999 -9999 -9999 -9999 0.588998579885591 0.568343051286174 0.293320633825843 0.0123790130868305 0 0 0 0.0206794780331135 0 0 0 0.0398305331670258 0.203234277589439 0.418650586340599 0.564733688620586 0.649341738212017 0.634284522871813 0.619477259829055 0.615323823927347 0.608936978411817 0.601077865449811 0.594304884770938 0.608700654597871 0.616840005723047 0.611208798124007 0.593384837274518 0.55749081417269 0.559721790054423 0.545755538043991 0.54448979966226 0.56129916372023 0.564804324771681 0.549892416451582 0.521584158346921 0.509732034984398 0.512410434666185 0.503344983449649 0.513484456556932 0.510130953744343 0.5134634675686 0.529760137192069 0.541052084933071 0.526783412316368 0.505588757494999 0.51116555729115 0.531875417674703
-9999 -9999 -9999 -9999 -9999 -9999 -9999 -9999 -9999 -9999 -9999 -9999 -9999 0.643695443346924 0.432010352740651 0.126939970714261 0 0 0 0 0 0 0 0 0 0 0.0894269154260089 0.371754311321221 0.603755689417566 0.660965010639545 0.636381737133725 0.622025967290851 0.63049533415216 0.648246394372584 0.646758579758566 0.648044515307287 0.651868812615295 0.660312107640364 0.653306422010395 0.607129789266489 0.550264715031204 0.525092774902549 0.535817124087133 0.546994400282127 0.542124443062548 0.530595601312993 0.528704032730386 0.535443673672786 0.537570472502676 0.535889945638114 0.526625738940605 0.526258815589703 0.533488626198638 0.531136323725815 0.53156800578462 0.526670788476537 0.542116252237833 0.573901259470715
-9999 -9999 -9999 -9999 -9999 -9999 -9999 -9999 -9999 -9999 -9999 -9999 -9999 0.52128602408496 0.546308428407734 0.246375852296625 0.00968732184315346 0 0 0 0 0 0 0 0 0 0 0.141328160321584 0.422296738928983 0.635701646645364 0.638644734437028 0.61241075899038 0.628649256277954 0.676426038216401 0.664168210986213 0.668180480021722 0.689270709111483 0.688399747118868 0.696076331418469 0.660610399538243 0.558374911315359 0.506335530342056 0.514876512813564 0.535131654443801 0.539038933796102 0.544102143286298 0.552306022128131 0.564654586257361 0.577202929720654 0.571849329897986 0.558702032377412 0.556700399587698 0.557467265551635 0.546334526966029 0.562669591080349 0.568248182619406 0.589620767292091 0.616494142031912
-9999 -9999 -9999 -9999 -9999 -9999 -9999 -9999 -9999 -9999 -9999 -9999 -9999 0.441025089704124 0.632768035236928 0.426423746327041 0.20713568914806 0.000505006776156169 0 0 0 0 0 0 0 0 0 0.122030469471093 0.319018591807907 0.524326384384697 0.63061295759981 0.576551759155816 0.592025646285854 0.620758075071828 0.641804841389846 0.674737886559727 0.679508818709802 0.662113706371436 0.658129930623951 0.683919792741169 0.55893239932252 0.496478000779258 0.492642647106486 0.51567614207636 0.537902712830176 0.557969081547061 0.576500310538076 0.591278145088022 0.598812267934242 0.603689632481202 0.604956926412088 0.606581757333389 0.607014080340876 0.614055333420188 0.61854010129193 0.619493592843318 0.618217930880296 0.616800695070422
-9999 -9999 -9999 -9999 -9999 -9999 -9999 -9999 -9999 -9999 -9999 -9999 -9999 -9999 0.573290265775125 0.552041875067271 0.424662413377699 0.216790109325664 0 0 0 0 0 0 0 0 0 0 0.237648024912739 0.410426576362704 0.577204934519163 0.577860499367301 0.573142840294766 0.574273174105428 0.593875194231252 0.641826005182363 0.677283752412999 0.682838093043769 0.662954309340476 0.654871484467104 0.532739293718857 0.483697498627951 0.48886757278435 0.512865537364409 0.550922412659486 0.581509455590748 0.605246976500698 0.62203446298239 0.627512389160841 0.633742729783351 0.633587874969701 0.630394196015264 0.62678888290217 0.624258444458843 0.622453092466993 0.620342428595699 0.619093904288555 0.617630880309791
-9999 -9999 -9999 -9999 -9999 -9999 -9999 -9999 -9999 -9999 -9999 -9999 -9999 -9999 -9999 0.589148964551098 0.512562479127683 0.473180245436456 0.318435862492839 0.101949929454525 0 0 0 0 0 0 0 0 0.0465516490552697 0.302146382413873 0.377677868802058 0.491697330509643 0.607621462457123 0.553904768727179 0.56357736482571 0.581270370286864 0.594439020971157 0.615471361781826 0.59145464008831 0.567584981780768 0.516696667643187 0.498990408278931 0.516591722701527 0.548132924917504 0.579197779483652 0.611862846714907 0.637302126955009 0.65077221693625 0.644108199812919 0.63850895140938 0.633796436070631 0.630849363496893 0.627625072966273 0.625204450598676 0.623193567524115 0.621605341072444 0.620437684241318 0.618856754568213
-9999 -9999 -9999 -9999 -9999 -9999 -9999 -9999 -9999 -9999 -9999 -9999 -9999 -9999 -9999 -9999 -9999 0.453753758043388 0.435204570222381 0.369283064494607 0.180516455307611 0 0 0 0 0 0 0 0 0.0934500100612471 0.224084130442437 0.291753944766918 0.458194675490868 0.595308453291223 0.574930999715347 0.5482981492098 0.537055474398724 0.540532863435126 0.507877581076281 0.529019123518639 0.524272924541238 0.528857354730519 0.556256559273457 0.578003966781449 0.598411654197993 0.626002309904134 0.649388651285432 0.653235753465733 0.64685553853268 0.641427344816513 0.635965147317178 0.632511081141165 0.629403607530117 0.627200850539508 0.625617599766442 0.623867965216012 0.62286231056156 0.621371409090107
-9999 -9999 -9999 -9999 -9999 -9999 -9999 -9999 -9999 -9999 -9999 -9999 -9999 -9999 -9999 -9999 -9999 -9999 -9999 0.496796223521307 0.44515139402408 0.271195731578097 0.0602624120031351 0 0 0 0 0 0 0 0.0862107154798225 0.145773713525061 0.269727551188482 0.392752940797526 0.551959476905898 0.576464603661584 0.535375843405616 0.553034493601216 0.571230026760554 0.570425278232311 0.574059828717931 0.586509725168978 0.591914245034825 0.600526961733656 0.611964077067615 0.618416494962914 0.635142479505169 0.656853935178743 0.65007065287839 0.644745064589642 0.639213019870053 0.634070650990756 0.631894216251457 0.629622270164086 0.628120880677677 0.626985323930226 0.625919157250134 0.624485333636443
-9999 -9999 -9999 -9999 -9999 -9999 -9999 -9999 -9999 -9999 -9999 -9999 -9999 -9999 -9999 -9999 -9999 -9999 -9999 -9999 -9999 0.503377485814558 0.331915697092317 0.11732113494378 0 0 0 0 0 0 0 0.0331587688170037 0.176989956970048 0.237357973870029 0.384581164876797 0.554279568377485 0.624031309467012 0.618429059013782 0.627137741129719 0.624481700776223 0.633637851433762 0.63613541410414 0.634397631585159 0.633423744399455 0.634413386852923 0.634220678764384 0.644634087719631 0.664524309877803 0.657428886145103 0.650845573412297 0.628877802346125 0.619727822900652 0.626126753836541 0.633187062653128 0.632372773618618 0.630593638351453 0.629798249735296 0.629492887061086
-9999 -9999 -9999 -9999 -9999 -9999 -9999 -9999 -9999 -9999 -9999 -9999 -9999 -9999 -9999 -9999 -9999 -9999 -9999 -9999 -9999 -9999 -9999 0.541460086897842 0.271235650431666 0.00224095257823775 0 0 0 0 0 0 0 0.113579319182642 0.270878674929402 0.379393192159766 0.52579615382418 0.669714299351688 0.649199000189145 0.649850844998701 0.676201255640735 0.682376708789346 0.674864138883058 0.672749388015487 0.666154327823419 0.671698374725721 0.672802579472582 0.67007370529227 0.664825644503723 0.649260257610823 0.615039517404849 0.607310232968479 0.625276107763963 0.639452793250486 0.636868976133445 0.635598676810558 0.635047548702375 0.634017472807795
-9999 -9999 -9999 -9999 -9999 -9999 -9999 -9999 -9999 -9999 -9999 -9999 -9999 -9999 -9999 -9999 -9999 -9999 -9999 -9999 -9999 -9999 -9999 0.451254486636343 0.498276394809151 0.263127229427162 0.0547496952266321 0 0 0 0 0 0 0 0.098211399483436 0.278136578548507 0.458547605398773 0.648452605482828 0.644700165782937 0.650001578232079 0.694575533363755 0.708312692002434 0.700419657663836 0.692419891843177 0.681506970561954 0.68004115214134 0.675633565520219 0.671623180832216 0.665166713306609 0.637641923401549 0.610888713970941 0.607651855494461 0.629101801424457 0.647036827261177 0.644674190431727 0.63715092341513 0.641948887806559 0.641908998455934
-9999 -9999 -9999 -9999 -9999 -9999 -9999 -9999 -9999 -9999 -9999 -9999 -9999 -9999 -9999 -9999 -9999 -9999 -9999 -9999 -9999 -9999 -9999 -9999 -9999 0.482414213888559 0.305496416734266 0.074415498219889 0 0 0 0 0 0 0 0.0980487179208149 0.308038360412614 0.517710869316295 0.595249701396212 0.63120613167344 0.698148451847299 0.719606462701376 0.707116157349335 0.695796306490143 0.686705916543073 0.668388822679896 0.656450773695449 0.652032008970934 0.64121202004609 0.628733854220465 0.612536519156687 0.614933979377557 0.639161601280968 0.654463140848131 0.649824742987928 0.645238313996021 0.647180797419301 0.648267527022374
-9999 -9999 -9999 -9999 -9999 -9999 -9999 -9999 -9999 -9999 -9999 -9999 -9999 -9999 -9999 -9999 -9999 -9999 -9999 -9999 -9999 -9999 -9999 -9999 -9999 0.387036764689819 0.459537268320242 0.228945714834549 0.00180380268091529 0 0 0 0 0 0 0.0195013475246089 0.211299274512676 0.420379373260801 0.587482559367562 0.602821396737409 0.649995816977449 0.677434386798772 0.69384607549562 0.701215247701335 0.690392617984681 0.668414681213409 0.651582748686426 0.63710412791834 0.630069233341293 0.633884056886722 0.639846014815677 0.645699214366414 0.654426809670975 0.656906971000838 0.646733418360795 0.637826989009456 0.640703501142532 0.654527102532185
-9999 -9999 -9999 -9999 -9999 -9999 -9999 -9999 -9999 -9999 -9999 -9999 -9999 -9999 -9999 -9999 -9999 -9999 -9999 -9999 -9999 -9999 -9999 -9999 -9999 -9999 0.426607620543481 0.354854689774489 0.124621601148451 0 0 0 0 0 0 0 0.158690559954291 0.353242631500435 0.561962133405083 0.565807188872717 0.573511299425302 0.601769247220434 0.657674863939367 0.713072391481699 0.691734299420715 0.671881652752727 0.65736140465685 0.633496994636892 0.621719883080181 0.642057043250685 0.675572666030923 0.682715828887427 0.67054698949666 0.657092977221746 0.63624699432136 0.619267021377864 0.623369842103218 0.651242129203511
-9999 -9999 -9999 -9999 -9999 -9999 -9999 -9999 -9999 -9999 -9999 -9999 -9999 -9999 -9999 -9999 -9999 -9999 -9999 -9999 -9999 -9999 -9999 -9999 -9999 -9999 0.391348314395048 0.422347742812345 0.186052941629146 0 0 0 0 0 0 0 0.151681270676272 0.330693971464885 0.53131214742076 0.524247328214003 0.527420760864499 0.547053655779674 0.582504574201543 0.625407132865872 0.661593222547455 0.685532794205384 0.683587573223692 0.645118620991669 0.622682169719043 0.64405772710339 0.683604607267316 0.692408090479621 0.679226301387849 0.653763089622284 0.618632118007334 0.59338029028468 0.598454730943827 0.636432765389018
-9999 -9999 -9999 -9999 -9999 -9999 -9999 -9999 -9999 -9999 -9999 -9999 -9999 -9999 -9999 -9999 -9999 -9999 -9999 -9999 -9999 -9999 -9999 -9999 -9999 -9999 0.350552028017616 0.462135202292987 0.225446208611892 0 0 0 0 0 0 0 0.151438052302245 0.317098139553163 0.48492151499629 0.484573276964269 0.489489435554505 0.497729661181011 0.505006185087148 0.505743871238038 0.601145830982126 0.686194561233497 0.689323962958082 0.655492171471007 0.602285450224668 0.649746436955612 0.686972449225661 0.692019981485677 0.674187939064089 0.649765249215628 0.607363959243143 0.564506383522675 0.568765100447901 0.622284547423477
-9999 -9999 -9999 -9999 -9999 -9999 -9999 -9999 -9999 -9999 -9999 -9999 -9999 -9999 -9999 -9999 -9999 -9999 -9999 -9999 -9999 -9999 -9999 -9999 -9999 -9999 0.352216368259888 0.448064583665841 0.184834962177499 0 0 0 0 0 0 0.00730987796689442 0.17703554525842 0.342371485143465 0.456652163309025 0.451627476291316 0.460258557834688 0.461886740210055 0.45331158664169 0.464280636714633 0.53011874173662 0.604916362476428 0.646531304142248 0.658885432871398 0.661165126055466 0.668757873855562 0.675773289211383 0.671512261333199 0.657605376153933 0.636246641591485 0.601346496823132 0.572868191703543 0.574693209835341 0.608481920455141
-9999 -9999 -9999 -9999 -9999 -9999 -9999 -9999 -9999 -9999 -9999 -9999 -9999 -9999 -9999 -9999 -9999 -9999 -9999 -9999 -9999 -9999 -9999 -9999 -9999 -9999 0.341772931932681 0.417205510941847 0.134364947388647 0 0 0 0 0 0 0.027432335866486 0.206252161177108 0.367697722802674 0.425585772963243 0.430988261770929 0.444856991774598 0.444129544154602 0.424871251488501 0.420420306145746 0.483094961084858 0.54073661019991 0.59381560473285 0.653788251020055 0.702331255892754 0.672428538053607 0.655060430103639 0.645355890621121 0.634219267844882 0.624123804812926 0.59757728156273 0.577300067782508 0.575327102879296 0.59416309048257
-9999 -9999 -9999 -9999 -9999 -9999 -9999 -9999 -9999 -9999 -9999 -9999 -9999 -9999 -9999 -9999 -9999 -9999 -9999 -9999 -9999 -9999 -9999 -9999 -9999 -9999 0.346427809578989 0.377574606483274 0.0631983003668102 0 0 0 0 0 0 0.0577723424296768 0.243028121610044 0.40598488463598 0.439406893798257 0.431424679150272 0.440842591792823 0.436914323452191 0.417982511939961 0.423639044295446 0.491144494073468 0.578680861655157 0.624746144132588 0.632439863200616 0.626731503484987 0.631561448234493 0.628898981746159 0.6227174687191 0.615006013269201 0.603490522189351 0.585287733615793 0.566666841522878 0.559482336413147 0.565657066413489
-9999 -9999 -9999 -9999 -9999 -9999 -9999 -9999 -9999 -9999 -9999 -9999 -9999 -9999 -9999 -9999 -9999 -9999 -9999 -9999 -9999 -9999 -9999 -9999 -9999 -9999 0.328760509908476 0.345825973030056 0 0 0 0 0 0 0 0.101126594360847 0.284962213135936 0.438702822743283 0.447353785514658 0.440644348238394 0.450305553971306 0.443801143276188 0.419573835604111 0.419922713544313 0.504722577781394 0.611591223900904 0.647247816095608 0.611373207703937 0.569484613206454 0.593750271668336 0.604154622020945 0.604316040160192 0.600819883605322 0.586152922772344 0.570812166718456 0.55428141868243 0.542478952194742 0.538851568680747
-9999 -9999 -9999 -9999 -9999 -9999 -9999 -9999 -9999 -9999 -9999 -9999 -9999 -9999 -9999 -9999 -9999 -9999 -9999 -9999 -9999 -9999 -9999 -9999 -9999 0.36937893302556 0.32791560306464 0.332224662528076 0.0199414336598472 0 0 0 0 0 0 0.151905753055978 0.335282121713287 0.485673284134149 0.463544102398469 0.452472283071681 0.468449894476176 0.459315461157744 0.422752387520054 0.425755604594442 0.492128032947443 0.57800959797344 0.611563822304249 0.596545354184772 0.577982593848208 0.580851624778324 0.59512860787737 0.595334418996351 0.584989852715851 0.571140567596871 0.559929376268292 0.548457230383561 0.537288528958191 0.528632746959039
-9999 -9999 -9999 -9999 -9999 -9999 -9999 -9999 -9999 -9999 -9999 -9999 -9999 -9999 -9999 -9999 -9999 -9999 -9999 -9999 -9999 -9999 -9999 -9999 -9999 0.370776140234229 0.347914737418354 0.321358386029113 0.0123776148782992 0 0 0 0 0 0.0260611826702302 0.202716371443063 0.381124732970163 0.494034831344754 0.456538643597742 0.449928776034418 0.46571531085611 0.453958661794171 0.412633519456194 0.408225447961557 0.463103845570041 0.537537453240544 0.573825494342102 0.571691912485495 0.567340536855682 0.569453257705592 0.579331264330178 0.577338078328451 0.562125541144986 0.552782113814687 0.549786703620105 0.547780463491489 0.541701463755003 0.532188972683322
