meets/meet004/_saidas_enm/CCSM_Maxent_0k_Aralia_warmingiana1.asc
NCOLS 154 
NROWS 168 
XLLCORNER -112 
YLLCORNER -55.5 
CELLSIZE 0.5 
NODATA_value -9999 
[rows 100 to 124 of 168, columns 56 to 111 of 154]
-9999 -9999 -9999 -9999 -9999 -9999 -9999 -9999 -9999 -9999 -9999 -9999 -9999 -9999 -9999 -9999 -9999 -9999 -9999 -9999 -9999 -9999 -9999 -9999 -9999 -9999 -9999 -9999 0.0367701835930347 0.110537990927696 0.200803309679031 0.114231497049332 0.0886437073349953 0.0718902871012688 0.0689477175474167 0.0574617236852646 0.0318357683718204 0.0229813512414694 0.041807048022747 0.126337513327599 0.126991778612137 0.238722756505013 0.344738274812698 0.145019114017487 0.0899531915783882 0.0987642407417297 0.222006484866142 0.238158196210861 0.218221038579941 0.236700162291527 0.260916739702225 0.269396185874939 0.295553416013718 0.352915704250336 0.433419942855835 0.523160934448242
-9999 -9999 -9999 -9999 -9999 -9999 -9999 -9999 -9999 -9999 -9999 -9999 -9999 -9999 -9999 -9999 -9999 -9999 -9999 -9999 -9999 -9999 -9999 -9999 -9999 -9999 -9999 -9999 0.0348052196204662 0.124868921935558 0.188159689307213 0.120527885854244 0.0768483504652977 0.0718097686767578 0.0721576735377312 0.0539572723209858 0.0358714871108532 0.0255411397665739 0.0514587052166462 0.154753386974335 0.147632375359535 0.268428891897202 0.337507545948029 0.147344052791595 0.098871037364006 0.10260296612978 0.281376212835312 0.226232454180717 0.214081704616547 0.284214287996292 0.363790780305862 0.34407976269722 0.354488402605057 0.404843837022781 0.479295551776886 0.590213656425476
-9999 -9999 -9999 -9999 -9999 -9999 -9999 -9999 -9999 -9999 -9999 -9999 -9999 -9999 -9999 -9999 -9999 -9999 -9999 -9999 -9999 -9999 -9999 -9999 -9999 -9999 -9999 0.0371501184999943 0.0331362895667553 0.142334043979645 0.239309370517731 0.120066903531551 0.073170393705368 0.0818229019641876 0.0752242878079414 0.0524751767516136 0.0416344441473484 0.0311877857893705 0.0822844505310059 0.18908229470253 0.202306434512138 0.314910501241684 0.401483178138733 0.197970107197762 0.116197988390923 0.134958207607269 0.290252536535263 0.301795691251755 0.28536668419838 0.327203929424286 0.371809959411621 0.377177655696869 0.364241033792496 0.404801815748215 0.491915613412857 0.582580864429474
-9999 -9999 -9999 -9999 -9999 -9999 -9999 -9999 -9999 -9999 -9999 -9999 -9999 -9999 -9999 -9999 -9999 -9999 -9999 -9999 -9999 -9999 -9999 -9999 -9999 -9999 -9999 0.0340635143220425 0.0321320034563541 0.166840374469757 0.291044920682907 0.105225771665573 0.0719479024410248 0.0921044796705246 0.0711571350693703 0.0461831875145435 0.0419825464487076 0.0340762510895729 0.0966758355498314 0.169464036822319 0.201266407966614 0.310860604047775 0.405651867389679 0.210315614938736 0.126210868358612 0.132727175951004 0.253681033849716 0.39681938290596 0.370147943496704 0.386680215597153 0.405219405889511 0.405920147895813 0.38139545917511 0.42617654800415 0.513272225856781 0.593023836612701
-9999 -9999 -9999 -9999 -9999 -9999 -9999 -9999 -9999 -9999 -9999 -9999 -9999 -9999 -9999 -9999 -9999 -9999 -9999 -9999 -9999 -9999 -9999 -9999 -9999 -9999 -9999 0.0364469848573208 0.0274429116398096 0.211110666394234 0.290869146585464 0.08977922052145 0.0802905857563019 0.0942347496747971 0.0625179186463356 0.0395003333687782 0.0391327366232872 0.0424753688275814 0.0624681003391743 0.103234723210335 0.169427469372749 0.256323724985123 0.307355344295502 0.176755860447884 0.138795122504234 0.158565387129784 0.24906462430954 0.441180229187012 0.454111129045486 0.457981616258621 0.47834324836731 0.466532617807388 0.470762342214584 0.51098906993866 0.574889719486237 0.634156882762909
-9999 -9999 -9999 -9999 -9999 -9999 -9999 -9999 -9999 -9999 -9999 -9999 -9999 -9999 -9999 -9999 -9999 -9999 -9999 -9999 -9999 -9999 -9999 -9999 -9999 -9999 -9999 0.0322206541895866 0.0284601114690304 0.221871331334114 0.194357872009277 0.0765335261821747 0.0881559401750565 0.0844490379095078 0.0508002638816833 0.0301491767168045 0.0325976945459843 0.0232153702527285 0.0278442837297916 0.0714159831404686 0.148773044347763 0.215294241905212 0.227181360125542 0.177624210715294 0.167392030358315 0.194027215242386 0.337483674287796 0.49914363026619 0.499886006116867 0.493589729070663 0.519278228282928 0.522412955760956 0.541916251182556 0.58682906627655 0.628883123397827 0.686912715435028
-9999 -9999 -9999 -9999 -9999 -9999 -9999 -9999 -9999 -9999 -9999 -9999 -9999 -9999 -9999 -9999 -9999 -9999 -9999 -9999 -9999 -9999 -9999 -9999 -9999 -9999 -9999 0.0441295504570007 0.0429488271474838 0.228256925940514 0.125864565372467 0.0657938495278358 0.0900226235389709 0.0723331198096275 0.0395155511796474 0.0207367073744535 0.0199624821543694 0.0186034608632326 0.0242410600185394 0.0777368545532227 0.174712017178535 0.198893263936043 0.211631387472153 0.224499955773354 0.271333754062653 0.424295008182526 0.497089445590973 0.529503345489502 0.509143829345703 0.514264404773712 0.512790858745575 0.550723373889923 0.588410258293152 0.631633281707764 0.672230541706085 0.674842894077301
-9999 -9999 -9999 -9999 -9999 -9999 -9999 -9999 -9999 -9999 -9999 -9999 -9999 -9999 -9999 -9999 -9999 -9999 -9999 -9999 -9999 -9999 -9999 -9999 -9999 -9999 -9999 0.0707766339182854 0.0656333491206169 0.162169381976128 0.0640148520469666 0.0447154343128204 0.0765266194939613 0.0655617117881775 0.0298970062285662 0.0133497901260853 0.014990801922977 0.0169838219881058 0.0287048108875751 0.0891221612691879 0.174597457051277 0.186692431569099 0.204789727926254 0.220486909151077 0.297383666038513 0.455812871456146 0.529612123966217 0.598478972911835 0.574518620967865 0.563452482223511 0.561003744602203 0.598154127597809 0.628909826278687 0.64009302854538 0.644505441188812 0.644711077213287
-9999 -9999 -9999 -9999 -9999 -9999 -9999 -9999 -9999 -9999 -9999 -9999 -9999 -9999 -9999 -9999 -9999 -9999 -9999 -9999 -9999 -9999 -9999 -9999 -9999 -9999 -9999 0.117172338068485 0.115191407501698 0.1237633228302 0.018478712067008 0.0195396784693003 0.0545469969511032 0.0651883408427238 0.0239876806735992 0.0107234381139278 0.0172898136079311 0.0252614729106426 0.0481971204280853 0.116042219102383 0.158067733049393 0.158772975206375 0.197749480605125 0.211433082818985 0.215846359729767 0.219203367829323 0.383190840482712 0.52258038520813 0.637441575527191 0.602057099342346 0.58232980966568 0.58865088224411 0.601265251636505 0.610370397567749 0.612169325351715 0.614697456359863
-9999 -9999 -9999 -9999 -9999 -9999 -9999 -9999 -9999 -9999 -9999 -9999 -9999 -9999 -9999 -9999 -9999 -9999 -9999 -9999 -9999 -9999 -9999 -9999 -9999 -9999 -9999 0.172089919447899 0.167581960558891 0.0936662331223488 0.0175576210021973 0.0196802597492933 0.0417212098836899 0.0686688870191574 0.0250844191759825 0.0120048569515347 0.0184945780783892 0.0327700041234493 0.120859272778034 0.21161575615406 0.183679297566414 0.158255681395531 0.190443754196167 0.202077090740204 0.20584711432457 0.205776274204254 0.2896548807621 0.420967727899551 0.569753170013428 0.590228676795959 0.572023451328278 0.571213603019714 0.577863931655884 0.582586646080017 0.582687139511108 0.585602462291718
-9999 -9999 -9999 -9999 -9999 -9999 -9999 -9999 -9999 -9999 -9999 -9999 -9999 -9999 -9999 -9999 -9999 -9999 -9999 -9999 -9999 -9999 -9999 -9999 -9999 -9999 0.14310111105442 0.173839077353477 0.14708137512207 0.058184452354908 0.0203241780400276 0.0266114305704832 0.0319743230938911 0.0674406215548515 0.0322653576731682 0.0135443024337292 0.0162811782211065 0.0446047410368919 0.145156621932983 0.341062664985657 0.223617196083069 0.17515566945076 0.179016828536987 0.189889997243881 0.188203021883965 0.217529818415642 0.312955856323242 0.440737426280975 0.560907959938049 0.572542190551758 0.562839210033417 0.557017624378204 0.555986523628235 0.557211339473724 0.554382979869843 0.556079208850861
-9999 -9999 -9999 -9999 -9999 -9999 -9999 -9999 -9999 -9999 -9999 -9999 -9999 -9999 -9999 -9999 -9999 -9999 -9999 -9999 -9999 -9999 -9999 -9999 -9999 -9999 0.126754507422447 0.142450138926506 0.140056788921356 0.0226605907082558 0.0268534738570452 0.0399545319378376 0.0359612889587879 0.0704292878508568 0.0513443872332573 0.0238678976893425 0.0322447940707207 0.0841630473732948 0.207337632775307 0.371746093034744 0.346106022596359 0.24407596886158 0.199402168393135 0.186858296394348 0.219229280948639 0.27267974615097 0.355362743139267 0.443640768527985 0.534031629562378 0.552704155445099 0.541666388511658 0.537802755832672 0.537039160728455 0.537170588970184 0.531331241130829 0.528298914432526
-9999 -9999 -9999 -9999 -9999 -9999 -9999 -9999 -9999 -9999 -9999 -9999 -9999 -9999 -9999 -9999 -9999 -9999 -9999 -9999 -9999 -9999 -9999 -9999 -9999 -9999 0.112318724393845 0.120519079267979 0.135650113224983 0.0235690008848906 0.032034870237112 0.0518807172775269 0.043071337044239 0.109900593757629 0.078988142311573 0.0408988669514656 0.0684522390365601 0.157710656523705 0.287327647209167 0.394954472780228 0.483113944530487 0.401436567306519 0.311999946832657 0.292108654975891 0.337779343128204 0.3454330265522 0.423324823379517 0.455287307500839 0.496836692094803 0.526579260826111 0.510765790939331 0.510585427284241 0.512757182121277 0.512135207653046 0.502148032188416 0.497698277235031
-9999 -9999 -9999 -9999 -9999 -9999 -9999 -9999 -9999 -9999 -9999 -9999 -9999 -9999 -9999 -9999 -9999 -9999 -9999 -9999 -9999 -9999 -9999 -9999 -9999 -9999 0.115953490138054 0.108133435249329 0.0505905449390411 0.0243864469230175 0.0445397533476353 0.0588840767741203 0.120090737938881 0.181647747755051 0.110907144844532 0.0799270793795586 0.12114854902029 0.237271353602409 0.352092653512955 0.411625564098358 0.446435302495956 0.477840095758438 0.497689932584763 0.507515490055084 0.502319753170013 0.497466295957565 0.508588850498199 0.478351205587387 0.459316849708557 0.504979848861694 0.489353954792023 0.482593387365341 0.480004996061325 0.477603048086166 0.470471024513245 0.464308142662048
-9999 -9999 -9999 -9999 -9999 -9999 -9999 -9999 -9999 -9999 -9999 -9999 -9999 -9999 -9999 -9999 -9999 -9999 -9999 -9999 -9999 -9999 -9999 -9999 -9999 0.163035109639168 0.125115558505058 0.0824217200279236 0.0158176496624947 0.0267532598227262 0.0574520863592625 0.0595488473773003 0.265270560979843 0.194708839058876 0.12907986342907 0.0967291668057442 0.171481162309647 0.306476771831512 0.396313428878784 0.410412669181824 0.410364329814911 0.441337376832962 0.454564183950424 0.458452343940735 0.448415368795395 0.435616731643677 0.462950348854065 0.490053594112396 0.412987858057022 0.459159880876541 0.465636819601059 0.455796748399734 0.445948451757431 0.440410405397415 0.431795328855515 0.425313353538513
-9999 -9999 -9999 -9999 -9999 -9999 -9999 -9999 -9999 -9999 -9999 -9999 -9999 -9999 -9999 -9999 -9999 -9999 -9999 -9999 -9999 -9999 -9999 -9999 -9999 0.142750337719917 0.147576987743378 0.0592840015888214 0.0151972668245435 0.0313581228256226 0.0541254244744778 0.150031358003616 0.265844881534576 0.216579601168633 0.15934045612812 0.15187731385231 0.209446862339973 0.31489634513855 0.382540255784988 0.398857951164246 0.403538018465042 0.417082369327545 0.426914781332016 0.428696781396866 0.413588792085648 0.404948711395264 0.427834302186966 0.453380763530731 0.415333092212677 0.435169547796249 0.434822857379913 0.425237208604813 0.416393160820007 0.409295707941055 0.39945974946022 0.388483822345734
-9999 -9999 -9999 -9999 -9999 -9999 -9999 -9999 -9999 -9999 -9999 -9999 -9999 -9999 -9999 -9999 -9999 -9999 -9999 -9999 -9999 -9999 -9999 -9999 -9999 0.141622424125671 0.147985652089119 0.0166988112032413 0.0181449763476849 0.0372622162103653 0.0526423119008541 0.281386405229568 0.26703417301178 0.23115910589695 0.190601244568825 0.182265609502792 0.226720601320267 0.305215835571289 0.353665828704834 0.365413516759872 0.385617345571518 0.396149396896362 0.408479779958725 0.412731558084488 0.396286875009537 0.378907948732376 0.406118959188461 0.428140819072723 0.377604603767395 0.415536344051361 0.405857443809509 0.398934155702591 0.389094471931458 0.380152761936188 0.367128640413284 0.355577915906906
-9999 -9999 -9999 -9999 -9999 -9999 -9999 -9999 -9999 -9999 -9999 -9999 -9999 -9999 -9999 -9999 -9999 -9999 -9999 -9999 -9999 -9999 -9999 -9999 -9999 0.127575129270554 0.126401007175446 0.0238893311470747 0.0185415055602789 0.0358275957405567 0.125998586416245 0.261614620685577 0.268961042165756 0.251830279827118 0.214515194296837 0.200522243976593 0.223841890692711 0.268771320581436 0.301246553659439 0.315259367227554 0.328792750835419 0.361305981874466 0.392061203718185 0.407348334789276 0.399853050708771 0.393808603286743 0.401848971843719 0.383062481880188 0.359140187501907 0.38484588265419 0.38582444190979 0.374890446662903 0.363190054893494 0.352991551160812 0.33919084072113 0.324936777353287
-9999 -9999 -9999 -9999 -9999 -9999 -9999 -9999 -9999 -9999 -9999 -9999 -9999 -9999 -9999 -9999 -9999 -9999 -9999 -9999 -9999 -9999 -9999 -9999 -9999 0.108109831809998 0.106473587453365 0.0367881767451763 0.0168453212827444 0.0400224439799786 0.20586983859539 0.239504396915436 0.266497045755386 0.260900646448135 0.221232160925865 0.199899315834045 0.212302550673485 0.236609295010567 0.258253812789917 0.2699094414711 0.282968282699585 0.33094847202301 0.357118964195251 0.243347391486168 0.23298054933548 0.208659544587135 0.266595423221588 0.290542215108871 0.315848261117935 0.346285670995712 0.368730872869492 0.357207536697388 0.342341959476471 0.33001771569252 0.314250975847244 0.300336390733719
-9999 -9999 -9999 -9999 -9999 -9999 -9999 -9999 -9999 -9999 -9999 -9999 -9999 -9999 -9999 -9999 -9999 -9999 -9999 -9999 -9999 -9999 -9999 -9999 -9999 0.0938362702727318 0.0903140306472778 0.0703257992863655 0.0160952471196651 0.045878816395998 0.194975987076759 0.23153181374073 0.247436076402664 0.246115118265152 0.217580273747444 0.193342447280884 0.202071234583855 0.220602005720139 0.236178904771805 0.246733576059341 0.26559191942215 0.313770234584808 0.195846229791641 0.116517789661884 0.126367956399918 0.159125313162804 0.189609199762344 0.221944764256477 0.264122635126114 0.300160318613052 0.33931502699852 0.340647846460342 0.326196700334549 0.3137446641922 0.297961473464966 0.283793419599533
-9999 -9999 -9999 -9999 -9999 -9999 -9999 -9999 -9999 -9999 -9999 -9999 -9999 -9999 -9999 -9999 -9999 -9999 -9999 -9999 -9999 -9999 -9999 -9999 -9999 0.085470587015152 0.082820788025856 0.0668593123555183 0.0170149728655815 0.0444731861352921 0.154602944850922 0.225469648838043 0.241364330053329 0.243301153182983 0.218900501728058 0.195993274450302 0.204992294311523 0.218441143631935 0.229701235890388 0.236861914396286 0.252210974693298 0.300868332386017 0.116293236613274 0.0722289308905602 0.0951956585049629 0.129760548472404 0.161409750580788 0.189217105507851 0.226860776543617 0.256648659706116 0.300101399421692 0.32959195971489 0.314620554447174 0.301852852106094 0.285010904073715 0.271737664937973
-9999 -9999 -9999 -9999 -9999 -9999 -9999 -9999 -9999 -9999 -9999 -9999 -9999 -9999 -9999 -9999 -9999 -9999 -9999 -9999 -9999 -9999 -9999 -9999 -9999 0.0814760029315948 0.0777757242321968 0.0615787990391254 0.0125235375016928 0.0323207005858421 0.119966849684715 0.220786243677139 0.245912864804268 0.25292506814003 0.235060974955559 0.221422702074051 0.219493210315704 0.229267314076424 0.23460465669632 0.231968924403191 0.245023846626282 0.267512589693069 0.0994815453886986 0.0672018229961395 0.0818923264741898 0.117332004010677 0.140693321824074 0.159165516495705 0.190181359648705 0.220856934785843 0.265230387449265 0.318895697593689 0.307443380355835 0.294489085674286 0.277286112308502 0.262729406356812
-9999 -9999 -9999 -9999 -9999 -9999 -9999 -9999 -9999 -9999 -9999 -9999 -9999 -9999 -9999 -9999 -9999 -9999 -9999 -9999 -9999 -9999 -9999 -9999 -9999 0.0842731818556786 0.0814449861645699 0.0618915818631649 0.0108013423159719 0.022759897634387 0.0679953545331955 0.124181717634201 0.20172806084156 0.258564084768295 0.241574645042419 0.227483212947845 0.22168093919754 0.227526038885117 0.230148956179619 0.223167985677719 0.234881564974785 0.259745389223099 0.097943976521492 0.0640386939048767 0.0823589786887169 0.111484184861183 0.12738935649395 0.135610446333885 0.15741403400898 0.185507401823997 0.227690190076828 0.289921045303345 0.302805989980698 0.291620314121246 0.274284601211548 0.26146999001503
-9999 -9999 -9999 -9999 -9999 -9999 -9999 -9999 -9999 -9999 -9999 -9999 -9999 -9999 -9999 -9999 -9999 -9999 -9999 -9999 -9999 -9999 -9999 -9999 -9999 0.0863183960318565 0.0775415003299713 0.056566659361124 0.0154797714203596 0.018746268004179 0.0304878931492567 0.0579312518239021 0.113541275262833 0.178513541817665 0.238077118992805 0.214500710368156 0.21509425342083 0.215698301792145 0.216244012117386 0.217296972870827 0.224310979247093 0.264044940471649 0.109059721231461 0.0697923749685287 0.0856216698884964 0.113107480108738 0.119718641042709 0.117120668292046 0.136467307806015 0.16588568687439 0.200095534324646 0.273183971643448 0.300173193216324 0.284858167171478 0.265876054763794 0.261747628450394
-9999 -9999 -9999 -9999 -9999 -9999 -9999 -9999 -9999 -9999 -9999 -9999 -9999 -9999 -9999 -9999 -9999 -9999 -9999 -9999 -9999 -9999 -9999 -9999 0.062091127038002 0.0913836881518364 0.0771539807319641 0.0518795289099216 0.0289013832807541 0.0250897072255611 0.0357383266091347 0.0468211509287357 0.0701805874705315 0.108108706772327 0.180352762341499 0.222275346517563 0.221631690859795 0.223064213991165 0.223904073238373 0.222414657473564 0.227822974324226 0.259151220321655 0.140064269304276 0.087962880730629 0.0976030677556992 0.119781464338303 0.119587607681751 0.119761578738689 0.146867871284485 0.198039054870605 0.256331592798233 0.300955653190613 0.289368331432343 0.269882351160049 0.238810822367668 0.220165878534317
