meets/meet004/_saidas_enm/CCSM_Maxent_6k_Cavanillesia_umbellata3.asc
NCOLS 154 
NROWS 168 
XLLCORNER -112 
YLLCORNER -55.5 
CELLSIZE 0.5 
NODATA_value -9999 
[rows 100 to 124 of 168, columns 56 to 111 of 154]
-9999 -9999 -9999 -9999 -9999 -9999 -9999 -9999 -9999 -9999 -9999 -9999 -9999 -9999 -9999 -9999 -9999 -9999 -9999 -9999 -9999 -9999 -9999 -9999 -9999 -9999 -9999 -9999 0.315102398395538 0.243946686387062 0.0860823765397072 0.0351581908762455 0.0223454143851995 0.0189162995666265 0.0204389505088329 0.0226798001676798 0.0322357825934887 0.0393482409417629 0.0431728139519691 0.0435995981097221 0.0505552887916565 0.0883545652031898 0.170332819223404 0.0346414409577847 0.0306629873812199 0.0287544038146734 0.041577510535717 0.0652750954031944 0.0809066519141197 0.0804513990879059 0.0724458619952202 0.0781407132744789 0.0780719146132469 0.0693660229444504 0.0581568405032158 0.257719397544861
-9999 -9999 -9999 -9999 -9999 -9999 -9999 -9999 -9999 -9999 -9999 -9999 -9999 -9999 -9999 -9999 -9999 -9999 -9999 -9999 -9999 -9999 -9999 -9999 -9999 -9999 -9999 -9999 0.308709979057312 0.252337664365768 0.0753140300512314 0.0300081539899111 0.0178082454949617 0.0165304094552994 0.0225733201950788 0.0297428574413061 0.0406343899667263 0.0455444343388081 0.0475923418998718 0.0467972420156002 0.0570630729198456 0.0972937867045403 0.18750986456871 0.0377870239317417 0.0322701297700405 0.0302249882370234 0.0506330691277981 0.0828547850251198 0.0973565652966499 0.0777865424752235 0.058113094419241 0.0678817704319954 0.0717174857854843 0.0659996569156647 0.306557774543762 0.29652127623558
-9999 -9999 -9999 -9999 -9999 -9999 -9999 -9999 -9999 -9999 -9999 -9999 -9999 -9999 -9999 -9999 -9999 -9999 -9999 -9999 -9999 -9999 -9999 -9999 -9999 -9999 -9999 0.244718939065933 0.273042023181915 0.22287392616272 0.0663801729679108 0.0258091129362583 0.0180872920900583 0.0189126431941986 0.0270175151526928 0.038225993514061 0.0485038422048092 0.0533659085631371 0.0544597916305065 0.0513632595539093 0.0647736564278603 0.105696439743042 0.196159228682518 0.0378985367715359 0.0321901962161064 0.0319095887243748 0.0471560098230839 0.0746035575866699 0.0869133695960045 0.075610339641571 0.0653840973973274 0.0672882199287415 0.0761054530739784 0.0710008144378662 0.304324477910995 0.257154911756516
-9999 -9999 -9999 -9999 -9999 -9999 -9999 -9999 -9999 -9999 -9999 -9999 -9999 -9999 -9999 -9999 -9999 -9999 -9999 -9999 -9999 -9999 -9999 -9999 -9999 -9999 -9999 0.23576408624649 0.251041889190674 0.20873849093914 0.0510154329240322 0.0219104345887899 0.0173049215227365 0.0204793680459261 0.0319224298000336 0.0465548858046532 0.0506365895271301 0.0504991449415684 0.0493639297783375 0.0488673597574234 0.0642791539430618 0.104564316570759 0.189114928245544 0.0329579077661037 0.0265645999461412 0.150689899921417 0.0353489518165588 0.0559831447899342 0.0688088610768318 0.0656298324465752 0.0603410787880421 0.0658249706029892 0.0735819190740585 0.0700004994869232 0.292750090360641 0.254231929779053
-9999 -9999 -9999 -9999 -9999 -9999 -9999 -9999 -9999 -9999 -9999 -9999 -9999 -9999 -9999 -9999 -9999 -9999 -9999 -9999 -9999 -9999 -9999 -9999 -9999 -9999 -9999 0.216932356357574 0.239444807171822 0.167777061462402 0.0428670533001423 0.0187590532004833 0.0166419222950935 0.0213071089237928 0.0342366956174374 0.048662256449461 0.04471405595541 0.0331852696835995 0.0325635075569153 0.043228842318058 0.0602377243340015 0.0978147089481354 0.143053308129311 0.141462966799736 0.140884533524513 0.141535297036171 0.168751016259193 0.227381840348244 0.271227926015854 0.290062516927719 0.274627387523651 0.0586458332836628 0.0578096397221088 0.281051784753799 0.25931379199028 0.269006788730621
-9999 -9999 -9999 -9999 -9999 -9999 -9999 -9999 -9999 -9999 -9999 -9999 -9999 -9999 -9999 -9999 -9999 -9999 -9999 -9999 -9999 -9999 -9999 -9999 -9999 -9999 -9999 0.20987556874752 0.240555837750435 0.132335603237152 0.0308838970959187 0.0151858227327466 0.014934285543859 0.0197563879191875 0.0313367918133736 0.0441153906285763 0.0359752513468266 0.0248920004814863 0.0261693075299263 0.0398679114878178 0.0597343221306801 0.0895311608910561 0.123846381902695 0.15100859105587 0.130213618278503 0.163034006953239 0.171494379639626 0.208542302250862 0.244857355952263 0.284293860197067 0.275416165590286 0.27957546710968 0.267653971910477 0.249616146087646 0.285066306591034 0.254511773586273
-9999 -9999 -9999 -9999 -9999 -9999 -9999 -9999 -9999 -9999 -9999 -9999 -9999 -9999 -9999 -9999 -9999 -9999 -9999 -9999 -9999 -9999 -9999 -9999 -9999 -9999 -9999 0.222365275025368 0.234578534960747 0.0994360446929932 0.0232792999595404 0.0117841297760606 0.0129998866468668 0.0178816951811314 0.0271108690649271 0.0332862921059132 0.0292082726955414 0.020729212090373 0.0270745195448399 0.0415268987417221 0.0596240982413292 0.0869558155536652 0.117296472191811 0.139639049768448 0.149810314178467 0.190759405493736 0.21208681166172 0.217502728104591 0.254785478115082 0.324467033147812 0.361041694879532 0.340484231710434 0.317212879657745 0.294804275035858 0.273121386766434 0.268499463796616
-9999 -9999 -9999 -9999 -9999 -9999 -9999 -9999 -9999 -9999 -9999 -9999 -9999 -9999 -9999 -9999 -9999 -9999 -9999 -9999 -9999 -9999 -9999 -9999 -9999 -9999 -9999 0.246315389871597 0.283921480178833 0.0707434490323067 0.0175247881561518 0.00852064229547977 0.0110069578513503 0.0152059383690357 0.0231777131557465 0.0268736071884632 0.0244354233145714 0.0199635084718466 0.0284788440912962 0.0424454137682915 0.0603349059820175 0.0858815833926201 0.110335886478424 0.129489377140999 0.139306396245956 0.167980030179024 0.186529740691185 0.224993407726288 0.269893825054169 0.310012519359589 0.350355386734009 0.326851904392242 0.301977872848511 0.285521924495697 0.279126524925232 0.278205037117004
-9999 -9999 -9999 -9999 -9999 -9999 -9999 -9999 -9999 -9999 -9999 -9999 -9999 -9999 -9999 -9999 -9999 -9999 -9999 -9999 -9999 -9999 -9999 -9999 -9999 -9999 -9999 0.327836662530899 0.301731616258621 0.0507203228771687 0.0102488938719034 0.00594369880855083 0.00879103690385818 0.0138774402439594 0.0208926107734442 0.025378979742527 0.0251981150358915 0.0239041969180107 0.0297973360866308 0.0437966026365757 0.062787838280201 0.0856360495090485 0.105314150452614 0.119942374527454 0.129011511802673 0.134921818971634 0.142545983195305 0.169817268848419 0.207909926772118 0.268944263458252 0.295805901288986 0.29244789481163 0.273392736911774 0.263927578926086 0.273329138755798 0.276669085025787
-9999 -9999 -9999 -9999 -9999 -9999 -9999 -9999 -9999 -9999 -9999 -9999 -9999 -9999 -9999 -9999 -9999 -9999 -9999 -9999 -9999 -9999 -9999 -9999 -9999 -9999 -9999 0.349380731582642 0.254443675279617 0.0406318567693233 0.00976466853171587 0.00643411697819829 0.00828015245497227 0.0137394554913044 0.0214539356529713 0.0272020306438208 0.0304228141903877 0.0345957800745964 0.0396062545478344 0.0482466779649258 0.0662495344877243 0.0873139277100563 0.103372059762478 0.114451676607132 0.121750362217426 0.126042246818542 0.129534244537354 0.144516617059708 0.177234515547752 0.221772059798241 0.246263325214386 0.257841438055038 0.249131247401237 0.250773251056671 0.264377564191818 0.268703013658524
-9999 -9999 -9999 -9999 -9999 -9999 -9999 -9999 -9999 -9999 -9999 -9999 -9999 -9999 -9999 -9999 -9999 -9999 -9999 -9999 -9999 -9999 -9999 -9999 -9999 -9999 0.341515988111496 0.299522280693054 0.220699593424797 0.0304824467748404 0.011195014230907 0.00830704625695944 0.00934892799705267 0.0142847234383225 0.0230490304529667 0.0285271424800158 0.0387193746864796 0.0552393458783627 0.0654747858643532 0.0625382959842682 0.0722139999270439 0.0886829346418381 0.103106737136841 0.110796645283699 0.115222297608852 0.118804231286049 0.12662148475647 0.151059657335281 0.179308831691742 0.199926242232323 0.215034142136574 0.234201461076736 0.237776249647141 0.250406414270401 0.262155830860138 0.267304420471191
-9999 -9999 -9999 -9999 -9999 -9999 -9999 -9999 -9999 -9999 -9999 -9999 -9999 -9999 -9999 -9999 -9999 -9999 -9999 -9999 -9999 -9999 -9999 -9999 -9999 -9999 0.317274510860443 0.249533727765083 0.123707085847855 0.0183052290230989 0.0124074639752507 0.0110489269718528 0.0122754573822021 0.013790899887681 0.0204276125878096 0.028344577178359 0.04213797301054 0.0552126914262772 0.0717731341719627 0.0783563926815987 0.0788605511188507 0.0871432572603226 0.0965860858559608 0.103833228349686 0.10791502147913 0.114686667919159 0.133109986782074 0.149613291025162 0.170550316572189 0.193396061658859 0.208210110664368 0.221588462591171 0.229285851120949 0.238872185349464 0.252390712499619 0.256602704524994
-9999 -9999 -9999 -9999 -9999 -9999 -9999 -9999 -9999 -9999 -9999 -9999 -9999 -9999 -9999 -9999 -9999 -9999 -9999 -9999 -9999 -9999 -9999 -9999 -9999 -9999 0.278561621904373 0.180217981338501 0.0458843484520912 0.0157608259469271 0.0126494765281677 0.0139763010665774 0.0140324607491493 0.0151283387094736 0.0226232595741749 0.0305153448134661 0.0471363663673401 0.0559035129845142 0.0687834843993187 0.0941512584686279 0.103050231933594 0.104018978774548 0.103991858661175 0.104172967374325 0.113614544272423 0.117395408451557 0.133570969104767 0.148324236273766 0.159611776471138 0.182185888290405 0.198755174875259 0.211504593491554 0.219276815652847 0.232182264328003 0.244682863354683 0.250524163246155
-9999 -9999 -9999 -9999 -9999 -9999 -9999 -9999 -9999 -9999 -9999 -9999 -9999 -9999 -9999 -9999 -9999 -9999 -9999 -9999 -9999 -9999 -9999 -9999 -9999 -9999 0.226301953196526 0.11443030834198 0.0185997635126114 0.0112576205283403 0.0145831452682614 0.0147587042301893 0.0172881036996841 0.0236261487007141 0.0414982438087463 0.0586418956518173 0.0699567496776581 0.0662544220685959 0.079704113304615 0.108864411711693 0.138411149382591 0.139761373400688 0.128168985247612 0.126361668109894 0.146158158779144 0.163316309452057 0.154005289077759 0.140562996268272 0.144373521208763 0.162930697202682 0.186358332633972 0.201649218797684 0.215073734521866 0.228073701262474 0.240004867315292 0.249960273504257
-9999 -9999 -9999 -9999 -9999 -9999 -9999 -9999 -9999 -9999 -9999 -9999 -9999 -9999 -9999 -9999 -9999 -9999 -9999 -9999 -9999 -9999 -9999 -9999 -9999 0.400508761405945 0.192624971270561 0.0372242145240307 0.00776810571551323 0.0104530043900013 0.0149877741932869 0.0168724358081818 0.0229422338306904 0.0421243533492088 0.0774328112602234 0.143216639757156 0.113284341990948 0.0897772088646889 0.0982643216848373 0.139949098229408 0.203185096383095 0.158778011798859 0.152798220515251 0.161834850907326 0.190216332674026 0.243838474154472 0.183798313140869 0.14066606760025 0.130827680230141 0.146476656198502 0.171872556209564 0.190909668803215 0.20917272567749 0.224311396479607 0.23671655356884 0.250737458467484
-9999 -9999 -9999 -9999 -9999 -9999 -9999 -9999 -9999 -9999 -9999 -9999 -9999 -9999 -9999 -9999 -9999 -9999 -9999 -9999 -9999 -9999 -9999 -9999 -9999 0.317135840654373 0.151112794876099 0.017309382557869 0.0073814713396132 0.0119273867458105 0.0157496146857738 0.0187026802450418 0.0318565554916859 0.060917891561985 0.107929654419422 0.148390591144562 0.140582382678986 0.127897918224335 0.131925374269485 0.149678826332092 0.189835250377655 0.163934901356697 0.156845584511757 0.163031056523323 0.206254512071609 0.240385577082634 0.185135036706924 0.139035195112228 0.127516657114029 0.134514167904854 0.164661020040512 0.179874211549759 0.195253238081932 0.21117776632309 0.224903985857964 0.239955574274063
-9999 -9999 -9999 -9999 -9999 -9999 -9999 -9999 -9999 -9999 -9999 -9999 -9999 -9999 -9999 -9999 -9999 -9999 -9999 -9999 -9999 -9999 -9999 -9999 -9999 0.274621725082397 0.0917316824197769 0.00997164472937584 0.00808208342641592 0.0132528208196163 0.0163826271891594 0.0204648729413748 0.040024533867836 0.0695048049092293 0.103944711387157 0.144990906119347 0.146960824728012 0.132406756281853 0.133697107434273 0.160039559006691 0.173102989792824 0.151460215449333 0.135574668645859 0.142999604344368 0.185230776667595 0.232537686824799 0.171747282147408 0.125901892781258 0.117798559367657 0.130597069859505 0.156845018267632 0.167169541120529 0.179661482572556 0.195540264248848 0.212029322981834 0.226803541183472
-9999 -9999 -9999 -9999 -9999 -9999 -9999 -9999 -9999 -9999 -9999 -9999 -9999 -9999 -9999 -9999 -9999 -9999 -9999 -9999 -9999 -9999 -9999 -9999 -9999 0.242131382226944 0.0864646658301353 0.00950962863862514 0.0088505269959569 0.0130593720823526 0.0163072869181633 0.0255770850926638 0.0421249531209469 0.0684495195746422 0.102288663387299 0.124967090785503 0.119028620421886 0.0973165929317474 0.0955683588981628 0.124223567545414 0.15178070962429 0.130247622728348 0.111049853265285 0.107785023748875 0.121978849172592 0.134167790412903 0.124092780053616 0.112722173333168 0.114417091012001 0.124104112386703 0.139712139964104 0.151740521192551 0.166235134005547 0.182975873351097 0.200322225689888 0.0630088075995445
-9999 -9999 -9999 -9999 -9999 -9999 -9999 -9999 -9999 -9999 -9999 -9999 -9999 -9999 -9999 -9999 -9999 -9999 -9999 -9999 -9999 -9999 -9999 -9999 -9999 0.215969875454903 0.0928305760025978 0.00994665455073118 0.00877056457102299 0.0129852620884776 0.0217102598398924 0.0339989960193634 0.0492442212998867 0.0783254280686378 0.113656371831894 0.12437504529953 0.111563511192799 0.0827400386333466 0.0739476382732391 0.108958467841148 0.130320519208908 0.114757373929024 0.0888674184679985 0.084834598004818 0.0903099551796913 0.0866478234529495 0.0989285632967949 0.102478414773941 0.108696676790714 0.119065776467323 0.124312303960323 0.138410717248917 0.152726531028748 0.170513167977333 0.189948663115501 0.0595735982060432
-9999 -9999 -9999 -9999 -9999 -9999 -9999 -9999 -9999 -9999 -9999 -9999 -9999 -9999 -9999 -9999 -9999 -9999 -9999 -9999 -9999 -9999 -9999 -9999 -9999 0.186873733997345 0.0860254243016243 0.0127018261700869 0.00869283173233271 0.0132588120177388 0.0233559012413025 0.0354649946093559 0.0598714165389538 0.088395781815052 0.118313834071159 0.133275806903839 0.104834981262684 0.0817291140556335 0.0733941867947578 0.0875490978360176 0.103236451745033 0.0890566036105156 0.0667130053043365 0.0626093521714211 0.0698594823479652 0.0814186930656433 0.0862512066960335 0.0894593000411987 0.0983590483665466 0.107262052595615 0.113211736083031 0.125009641051292 0.138650193810463 0.157150864601135 0.177581056952477 0.0559575408697128
-9999 -9999 -9999 -9999 -9999 -9999 -9999 -9999 -9999 -9999 -9999 -9999 -9999 -9999 -9999 -9999 -9999 -9999 -9999 -9999 -9999 -9999 -9999 -9999 -9999 0.171008870005608 0.0765960291028023 0.01243447791785 0.00819593481719494 0.0137417027726769 0.0235202014446259 0.0370332188904285 0.0594160556793213 0.0844089612364769 0.106354437768459 0.113536946475506 0.0947660058736801 0.074690155684948 0.0641461908817291 0.0747766718268394 0.081795372068882 0.0710603222250938 0.0544311963021755 0.0559176728129387 0.0693114772439003 0.075997494161129 0.0840811282396317 0.085290253162384 0.0913122817873955 0.0953148975968361 0.101949989795685 0.115000650286674 0.12800444662571 0.147016361355782 0.168314874172211 0.0529047809541225
-9999 -9999 -9999 -9999 -9999 -9999 -9999 -9999 -9999 -9999 -9999 -9999 -9999 -9999 -9999 -9999 -9999 -9999 -9999 -9999 -9999 -9999 -9999 -9999 -9999 0.154119297862053 0.070667564868927 0.0109024560078979 0.007702078204602 0.0132808554917574 0.0220845751464367 0.032647829502821 0.0491324253380299 0.0622445531189442 0.0701992735266685 0.06528589874506 0.0619413517415524 0.0538118258118629 0.0510653518140316 0.0593634992837906 0.0640353709459305 0.0581519678235054 0.0504125766456127 0.0536567457020283 0.061759740114212 0.0734401643276215 0.0758655071258545 0.0765659585595131 0.0816004648804665 0.0861610993742943 0.0926484242081642 0.105867706239223 0.121365413069725 0.141376569867134 0.160930141806602 0.0508473366498947
-9999 -9999 -9999 -9999 -9999 -9999 -9999 -9999 -9999 -9999 -9999 -9999 -9999 -9999 -9999 -9999 -9999 -9999 -9999 -9999 -9999 -9999 -9999 -9999 -9999 0.138385206460953 0.0735860615968704 0.0118948053568602 0.00693039363250136 0.0126791996881366 0.0184155199676752 0.0277998838573694 0.0365776531398296 0.0485666841268539 0.0531092099845409 0.0493803508579731 0.0508069470524788 0.0461067222058773 0.0446463488042355 0.0593184344470501 0.060389868915081 0.056432519108057 0.049157939851284 0.050926249474287 0.0609228052198887 0.0691493079066277 0.0707435384392738 0.0685854330658913 0.0726455450057983 0.0771078690886497 0.0842136815190315 0.0965253561735153 0.111153900623322 0.127111345529556 0.149494335055351 0.046714324504137
-9999 -9999 -9999 -9999 -9999 -9999 -9999 -9999 -9999 -9999 -9999 -9999 -9999 -9999 -9999 -9999 -9999 -9999 -9999 -9999 -9999 -9999 -9999 -9999 -9999 0.131587326526642 0.074150413274765 0.0151778804138303 0.00619479920715094 0.0114509109407663 0.0173978582024574 0.023288557305932 0.0316224321722984 0.0398564264178276 0.0459220185875893 0.0519180484116077 0.0488474629819393 0.0453355610370636 0.0487791076302528 0.0604034923017025 0.0651761069893837 0.0607256963849068 0.049748670309782 0.0509146526455879 0.0581956319510937 0.065779447555542 0.0654014423489571 0.0620907358825207 0.065943755209446 0.0714223757386208 0.077779695391655 0.0908374339342117 0.097525455057621 0.12125302106142 0.151610136032104 0.0447901785373688
-9999 -9999 -9999 -9999 -9999 -9999 -9999 -9999 -9999 -9999 -9999 -9999 -9999 -9999 -9999 -9999 -9999 -9999 -9999 -9999 -9999 -9999 -9999 -9999 0.18433091044426 0.129643589258194 0.0758389458060265 0.020007349550724 0.00739240413531661 0.0101412301883101 0.0156038161367178 0.0215928349643946 0.0284706670790911 0.0367600359022617 0.0431582070887089 0.0477361269295216 0.0456323474645615 0.0425631776452065 0.0454953089356422 0.0607549138367176 0.0736261084675789 0.0653311088681221 0.0527318194508553 0.050903033465147 0.0568959563970566 0.0639456138014793 0.0610430911183357 0.0592317692935467 0.0649956166744232 0.0743928477168083 0.0843649283051491 0.0932147800922394 0.101605243980885 0.140876859426498 0.224784344434738 0.0886620581150055
