meets/meet004/_saidas_enm/CCSM_SVM_21k_Cavanillesia_umbellata4.asc
NCOLS 154 
NROWS 168 
XLLCORNER -112 
YLLCORNER -55.5 
CELLSIZE 0.5 
NODATA_value -9999 
[rows 75 to 99 of 168, columns 56 to 111 of 154]
-9999 -9999 -9999 -9999 -9999 -9999 -9999 -9999 -9999 -9999 -9999 0.082379280259661 0.098435267833448 0.110904936908922 0.130135909556074 0.159420871004362 0.16140742102381 0.361303430771897 0.575800165923047 0.532018410844846 0.505263415403433 0.511782246137148 0.502504833159347 0.474354706068539 0.42357760780055 0.394831719134373 0.373102238508184 0.351505383803094 0.331568081315375 0.307652338785087 0.282638089857225 0.263040139276742 0.240137691164462 0.220659850036851 0.20231053094529 0.186177272628964 0.184871075894142 0.182807382489748 0.190090553716237 0.198203043168325 0.20121671798184 0.2051667101809 0.20626904712829 0.204291105057569 0.20044075981318 0.200533001703632 0.191827789170978 0.180761449654929 0.161805285398189 0.133225945639016 0.107638152130975 0.0849766701829073 0.0661419645110473 0.051033907188385 0.0394198310492138 0.0290558419820888
-9999 -9999 -9999 -9999 -9999 -9999 -9999 -9999 -9999 -9999 -9999 0.0782337552589792 0.0753114386504884 0.0976797320931089 0.135653726806728 0.168694225822168 0.214973239454333 0.308716081273036 0.377098607674266 0.365396028509899 0.47081931925998 0.485391566253005 0.489461697493664 0.482012088883425 0.410027355637216 0.38788228491237 0.366809413401258 0.34556222698073 0.322300724497558 0.299836058469184 0.273321121198127 0.253074487291711 0.226489234514335 0.208910758245817 0.186016309743044 0.171343271280881 0.162717877262863 0.159444609614508 0.165720266663598 0.167535688185053 0.179177047830394 0.19400846141428 0.200429695382804 0.195402968959361 0.178252625691568 0.162957494819326 0.15366447368167 0.142219845596518 0.124536872814412 0.103564985798438 0.0878327732667071 0.0690215420794654 0.0600382659604412 0.0552217056711715 0.0539502824854314 0.0588794495926466
-9999 -9999 -9999 -9999 -9999 -9999 -9999 -9999 -9999 -9999 -9999 -9999 0.0651766262437423 0.0804695544097476 0.102717602450469 0.136268980478784 0.244716588784818 0.387415315549403 0.402622425426786 0.265663036046976 0.302057950352893 0.410179850666914 0.475465601493413 0.486800783748906 0.435429711725407 0.380398911138812 0.348780750555466 0.337157237527346 0.319062152399579 0.294441304571285 0.268766917612112 0.249469058400678 0.225639508180661 0.208288725629666 0.185884133095122 0.164813903010109 0.14872733917539 0.139432514383341 0.142139277424599 0.146489475626517 0.162154753531054 0.195155756196859 0.222733241950683 0.218725925686757 0.180184973767397 0.14129190563631 0.117645183829212 0.101013748935952 0.0868055350727032 0.0790731886771854 0.0736050980962669 0.061292942388406 0.0531554466934167 0.0496835916901273 0.05091697386997 0.0549436810847704
-9999 -9999 -9999 -9999 -9999 -9999 -9999 -9999 -9999 -9999 -9999 -9999 0.083896966473896 0.0723602513779488 0.082890184117407 0.09422680241599 0.187526481093319 0.38426516329155 0.489165362638398 0.404556673514133 0.280337183870036 0.251092199232049 0.427874437024883 0.526129526009428 0.415285826642285 0.385667495977675 0.349450351285228 0.334705164032827 0.319586253176528 0.295429397493994 0.271142919287303 0.256599250363195 0.232675917208643 0.209919935341693 0.185704095180359 0.164560680851775 0.139372505154275 0.117281138671704 0.113316758449379 0.11394564615273 0.132810878435487 0.177178784045239 0.238640225221767 0.244950796445662 0.186421043853901 0.131267554718948 0.0962474339319776 0.0688578731102639 0.0536587688855182 0.0541481651413442 0.0615876856062175 0.0460590989002226 0.0333300334660585 0.0291828731772656 0.0280200293499382 0.0260655450177973
-9999 -9999 -9999 -9999 -9999 -9999 -9999 -9999 -9999 -9999 -9999 -9999 -9999 0.0766509943095157 0.0710929662856974 0.088906871640779 0.134027803165587 0.190069546834121 0.257921162956588 0.344506214714256 0.397759012560865 0.354012933432763 0.424180224752816 0.622268736998483 0.59966542968958 0.456877307402008 0.389247741072832 0.363969847855234 0.332844883970997 0.301744015303724 0.282651667615447 0.259472732813358 0.237904193170043 0.21637410908477 0.193122472088553 0.16261284557984 0.141352411163373 0.115134562234242 0.101929327789762 0.0916367504562057 0.0955227034770803 0.13414803614749 0.18951160949175 0.2118135059629 0.188802329521782 0.138774369346279 0.0859892953065414 0.0435426747431325 0.0242008409918855 0.0255635707389015 0.0301315299390678 0.0210727873366711 0.00813932903720693 0.000475707326660746 -0.00394131178393192 -0.0110123077139562
-9999 -9999 -9999 -9999 -9999 -9999 -9999 -9999 -9999 -9999 -9999 -9999 -9999 0.0928985328297152 0.0688197200007349 0.0760572401493684 0.104481261929469 0.120038231544605 0.126796126307539 0.1769963249114 0.277757543770665 0.56708595348306 0.653112185402385 0.702888812969748 0.783993142811102 0.656343736459974 0.572685491435265 0.487184973496351 0.436032741788718 0.332733214624887 0.31048378771952 0.293574961356195 0.244884073571256 0.22285911212714 0.200294706374604 0.168146476851502 0.155856884264856 0.127413240382802 0.106940048424809 0.0796151138554013 0.057086213591145 0.0803235145279714 0.127803529684164 0.153298744949255 0.160410410776779 0.154770237501921 0.0742517312283261 0.0193707959153294 -0.00149883026426206 -0.00251108720270748 0.00168638662126641 -0.00771638765538391 -0.0177247458044629 -0.0255965085864122 -0.0274315730098318 -0.0271352087028864
-9999 -9999 -9999 -9999 -9999 -9999 -9999 -9999 -9999 -9999 -9999 -9999 -9999 -9999 0.072285957034039 0.0875147545402022 0.105599608720303 0.105684140937717 0.110594306416827 0.131186349131809 0.208793032698596 0.497442784281021 0.905751225514616 0.889865722384389 0.798561093927854 0.750737639761126 0.820478856519885 0.845683029935952 0.746685090559689 0.550653875521031 0.419759850893405 0.299716792114521 0.268556744188071 0.237217462248826 0.205741315545677 0.191129197341642 0.1875930426749 0.179062430140389 0.158996943860329 0.116932439091646 0.0716958078428996 0.0697217603317923 0.0744438880257264 0.0872662977907722 0.112456411738498 0.099042002901495 0.0542122981395048 0.0057830699957846 -0.0133893251562699 -0.0167202344148888 -0.0199060328357859 -0.0263454126252144 -0.0310361576842559 -0.030167135246924 -0.03101562394402 -0.0353445912937742
-9999 -9999 -9999 -9999 -9999 -9999 -9999 -9999 -9999 -9999 -9999 -9999 -9999 -9999 0.089223166606618 0.0670262068997149 0.102525177278464 0.0913348472471597 0.0961461329598903 0.113776356280165 0.139774365487318 0.174667162060193 0.194464819229375 0.262089953725778 0.537640668121048 0.582710448501033 0.78742941172569 0.737246476104533 0.859659100543544 0.666830814277141 0.525228930656687 0.427687884234001 0.304045161519546 0.236150830479791 0.205389296064753 0.208872545872188 0.22534875111227 0.245547540979307 0.2357746381893 0.182825426940734 0.0987178719094871 0.0883848230679689 0.0558699303344213 0.0467278174703057 0.0650857710182147 0.0664766484533089 0.0374911303540724 -0.000881545568624409 -0.015665583389822 -0.0189602792623272 -0.0287940782052653 -0.0283463101593577 -0.0304014556970713 -0.0302651361397819 -0.0325861785275847 -0.0376612308788632
-9999 -9999 -9999 -9999 -9999 -9999 -9999 -9999 -9999 -9999 -9999 -9999 -9999 -9999 -9999 0.075652356215029 0.0803021345392395 0.0826199722522609 0.0771507588370381 0.101609021539242 0.109059099618809 0.102510751357856 0.0776192901143234 0.0696452012301451 0.0768368485309968 0.110542791207922 0.251101414035775 0.427785836929437 0.699478694947976 0.761995813199946 0.506916815244776 0.441289633135039 0.324012519583288 0.267943357518319 0.213341176485326 0.216014170101273 0.234213786770456 0.249374705903774 0.263527970689319 0.272212580613464 0.257473532527665 0.162569215819574 0.0633914592180503 0.0277801602583945 0.0330279095442643 0.0422006440901879 0.0292244408889805 0.0106056020354055 0.00362541079588902 0.00118633333647011 -0.00277302921047123 -0.00934411307996691 -0.0189174284737162 -0.0226636512715594 -0.0262626750814011 -0.0360729620969365
-9999 -9999 -9999 -9999 -9999 -9999 -9999 -9999 -9999 -9999 -9999 -9999 -9999 -9999 -9999 0.102351394101172 0.0668287502581437 0.0748094736975794 0.0461325485102291 0.0830696478610199 0.104957354554772 0.102307330217076 0.104648884904881 0.105338604253815 0.0961164007507228 0.105766747483633 0.0864734359725044 0.091576838986983 0.145078950699798 0.798478890278097 0.833831036905385 0.478234653117013 0.420694069489386 0.356826870130039 0.248621670600588 0.213847134638877 0.22245204410921 0.229731932076402 0.25863345509921 0.311819423941851 0.379477384057139 0.246829881935999 0.0761044035821137 0.0149001797404917 0.014992075721495 0.0308639123779524 0.0288294197414878 0.0312373013653682 0.0353374078923605 0.0384758005040907 0.0431937336444321 0.0311532971113591 0.0108871816981753 0.00337612403566806 -0.00475239069293265 -0.0207300583740556
-9999 -9999 -9999 -9999 -9999 -9999 -9999 -9999 -9999 -9999 -9999 -9999 -9999 -9999 -9999 0.209983401460543 0.079057396066753 0.081090776910788 0.0683049345976566 0.0491859159570607 0.0753705691105285 0.0976621791548585 0.106616285504125 0.108617257896818 0.107425833877819 0.103841788174479 0.0959529091569471 0.0928943489465724 0.104496497496998 0.338039366699078 0.760741453733075 0.542656601293788 0.449535309756874 0.522833620062015 0.356891209041405 0.235813686801661 0.206238945129062 0.21060341036786 0.230317418249761 0.271227361550314 0.319750834036932 0.23785086281566 0.0806821741262313 0.021177361645998 0.00821982445385194 0.0149519394237467 0.0303668640798256 0.0522054532137066 0.0741209273062508 0.0841372472054612 0.0833305938565529 0.0865312280987445 0.0811564600825672 0.0768465811850649 0.0656497366778009 0.0604648177878976
-9999 -9999 -9999 -9999 -9999 -9999 -9999 -9999 -9999 -9999 -9999 -9999 -9999 -9999 -9999 -9999 0.104284481550224 0.0695606124906023 0.0879516751873431 0.0675517423965114 0.0396876352802112 0.0616164163616131 0.0948116175707584 0.105652546424547 0.108857215258922 0.110366291175258 0.110400893130466 0.10978769600974 0.110654672245685 0.154888408681645 0.345570409108189 0.6070293849848 0.518075874975562 0.621129698643411 0.540764908045546 0.332988688199883 0.263367984976046 0.212488623839776 0.214927963872668 0.254391896965283 0.310321542468728 0.194392095785918 0.0607565926983883 0.0226810947165659 0.0124686254741623 0.0158942644605164 0.0453049685711296 0.085119249797473 0.128849056720164 0.152382566053913 0.151609575623527 0.171292523501974 0.173799362527864 0.170763715360099 0.164192942455191 0.171008950103387
-9999 -9999 -9999 -9999 -9999 -9999 -9999 -9999 -9999 -9999 -9999 -9999 -9999 -9999 -9999 -9999 -9999 0.122789070895392 0.0714968272759782 0.0840819671409268 0.0928921887305983 0.055241865212123 0.0613140502776817 0.0838158454572295 0.0982280997896315 0.105952663577255 0.110618939448572 0.112194775719134 0.113067753411086 0.121151842448894 0.167140147154153 0.426452670383726 0.771975761669815 0.751928437696181 0.627014805111164 0.517654833897767 0.350066561844252 0.231714226910599 0.19119540247641 0.164237628658587 0.129617871987537 0.101990953231299 0.0574335168950205 0.0361709819820183 0.0350240717990373 0.0459647404749804 0.0738205248065022 0.122352494211538 0.179712797954274 0.230625288117263 0.278132760157213 0.245038438505777 0.204972766265313 0.196816183169485 0.207134822521533 0.239109046499587
-9999 -9999 -9999 -9999 -9999 -9999 -9999 -9999 -9999 -9999 -9999 -9999 -9999 -9999 -9999 -9999 -9999 -9999 -9999 0.0748393518444865 0.0778222128109561 0.0950298469032368 0.0951450655442949 0.0808394645478581 0.0842562541551881 0.0961513122031531 0.105551788935192 0.111044771936013 0.112166799009262 0.114693214166387 0.126953531231209 0.218057447649507 0.501667172128665 0.855521504345504 0.808464019486459 0.664213908421195 0.624209436444251 0.408543674249465 0.264455080880232 0.174704493156437 0.0988963368335754 0.092516962330378 0.07425678444418 0.0607800893402818 0.0687201329598571 0.0737106647509947 0.0915634752143665 0.130905561843228 0.185309986837115 0.251716812118442 0.31976703446936 0.278846619443039 0.209005393741871 0.18982134164966 0.195314777736068 0.22534358378926
-9999 -9999 -9999 -9999 -9999 -9999 -9999 -9999 -9999 -9999 -9999 -9999 -9999 -9999 -9999 -9999 -9999 -9999 -9999 -9999 -9999 0.0899259046227961 0.097715277900575 0.10516139228132 0.0985814752718168 0.0856417823091453 0.0950991918518976 0.105839007140701 0.109952614523634 0.112241391661319 0.114952536368701 0.135778785789767 0.213665355826008 0.48832005004043 0.916555857905003 0.903635212507976 0.681227221389041 0.535233887815238 0.451378833057819 0.261082403685963 0.179430428147343 0.144043200461492 0.116014205705552 0.111273455486821 0.0994427773577978 0.0981961153831314 0.10646439239435 0.110566732450999 0.143445627112577 0.23054430888711 0.283407857555992 0.260185050242588 0.204123986447308 0.172846694851176 0.139383605521237 0.106464688048805
-9999 -9999 -9999 -9999 -9999 -9999 -9999 -9999 -9999 -9999 -9999 -9999 -9999 -9999 -9999 -9999 -9999 -9999 -9999 -9999 -9999 -9999 -9999 0.0945358866062773 0.100108101035355 0.0991742404570707 0.0845635686015019 0.093033262067196 0.102479497054698 0.107695982250415 0.110064837322112 0.115937722213789 0.130180229226622 0.203463939790416 0.443275924410796 0.844629530660892 0.884045498348029 0.526021785114236 0.454577409188338 0.331683428440957 0.220781200760977 0.195343603823359 0.181798666093739 0.170597638676982 0.154101187781164 0.142671649417688 0.138345385442135 0.134061826002698 0.156267225387022 0.222207940238671 0.261435076897604 0.235142783755832 0.180959358265942 0.14586130257462 0.111913315788282 0.077427007050259
-9999 -9999 -9999 -9999 -9999 -9999 -9999 -9999 -9999 -9999 -9999 -9999 -9999 -9999 -9999 -9999 -9999 -9999 -9999 -9999 -9999 -9999 -9999 -9999 -9999 0.0852355600135267 0.10155512623794 0.0726750651508917 0.0817821123390772 0.0972600629472575 0.103636907125835 0.107954929361084 0.110415179414237 0.114332691328224 0.160897169043766 0.260444513623631 0.63997618111057 0.787045628075682 0.483477733970408 0.245371843749275 0.199238416971367 0.224415494520814 0.25679743709861 0.263542613403131 0.238165739104639 0.221410557801627 0.195166724592128 0.202704176994233 0.206396221953652 0.232303209720888 0.254504069960274 0.216166330688049 0.147958586130627 0.123492419480549 0.122478813743549 0.132988469836662
-9999 -9999 -9999 -9999 -9999 -9999 -9999 -9999 -9999 -9999 -9999 -9999 -9999 -9999 -9999 -9999 -9999 -9999 -9999 -9999 -9999 -9999 -9999 -9999 -9999 0.0884011076671425 0.0865881754434035 0.0970805134726731 0.0765244827480463 0.0823693471545873 0.0919160889059057 0.0999389048599288 0.104210277182191 0.104686262480214 0.113581761174644 0.149119428387692 0.287380971479519 0.503781350663519 0.547220967797465 0.235828441971577 0.141070650111705 0.212767090196677 0.314136398293967 0.358288694624864 0.324495839505712 0.295146933330297 0.252758016546052 0.236701783473692 0.216478777058031 0.218233674307228 0.218694545786848 0.179226304297183 0.133763980726223 0.125682759090336 0.141101205590228 0.15799610418109
-9999 -9999 -9999 -9999 -9999 -9999 -9999 -9999 -9999 -9999 -9999 -9999 -9999 -9999 -9999 -9999 -9999 -9999 -9999 -9999 -9999 -9999 -9999 -9999 -9999 -9999 -9999 0.082531378579228 0.0983169137931311 0.0862424778935091 0.0957253686679392 0.0974075648460859 0.100779243891634 0.0995548652795373 0.0969925368753193 0.0895118139885775 0.123617211655927 0.227926271513993 0.319757412516058 0.186142615942804 0.12083083236316 0.168491152565628 0.352637101056917 0.437200358903556 0.383789791809053 0.334290177848744 0.294300611211 0.229717651875785 0.191171381070038 0.183455108548126 0.165606051643928 0.151498014564194 0.129843392211863 0.132488390139459 0.163939788009838 0.18435047515788
-9999 -9999 -9999 -9999 -9999 -9999 -9999 -9999 -9999 -9999 -9999 -9999 -9999 -9999 -9999 -9999 -9999 -9999 -9999 -9999 -9999 -9999 -9999 -9999 -9999 -9999 -9999 0.0670940527317767 0.0853925431972123 0.0964764696319522 0.0904480801416648 0.0955330412448195 0.100504078085934 0.100876447414255 0.0950028733763135 0.0829943954567876 0.0748354022528606 0.107500410593075 0.180840736030369 0.15345887213095 0.0913675989282165 0.119603095586834 0.23066608704514 0.299790508313404 0.338859523635709 0.368144951708928 0.328454588149478 0.252913677735875 0.196094110235607 0.157368712014866 0.137158400975793 0.143881477328945 0.161890011807871 0.183065940228446 0.192530011557833 0.180164589542332
-9999 -9999 -9999 -9999 -9999 -9999 -9999 -9999 -9999 -9999 -9999 -9999 -9999 -9999 -9999 -9999 -9999 -9999 -9999 -9999 -9999 -9999 -9999 -9999 -9999 -9999 -9999 -9999 0.0645811730857403 0.0963172821732561 0.0843002310652892 0.0902222627397815 0.101926623397782 0.104703967921795 0.0983370190119323 0.0829168872942684 0.0623037681184568 0.0647058705849338 0.0885835900213511 0.115302628542931 0.0622347873987181 0.0813987644501281 0.151133491648009 0.18656190356566 0.238099612497704 0.419669072647252 0.346759754551696 0.278533320375118 0.218729319756306 0.155397727927943 0.122544899412691 0.153297166132746 0.225437980142218 0.255532769265387 0.207825885891728 0.166642893365891
-9999 -9999 -9999 -9999 -9999 -9999 -9999 -9999 -9999 -9999 -9999 -9999 -9999 -9999 -9999 -9999 -9999 -9999 -9999 -9999 -9999 -9999 -9999 -9999 -9999 -9999 -9999 -9999 0.0538375877948233 0.0918068784967014 0.0864223850482047 0.0895515556800352 0.104769536174823 0.108041362817301 0.102149150158191 0.084063668793462 0.0563633364073939 0.0417700844275002 0.0533110965384422 0.0818401106095006 0.0691183383463372 0.053484485628796 0.114390482025122 0.137980604506837 0.127281782586456 0.168145117957229 0.241252682131056 0.310217698446095 0.280356056561096 0.175015343588293 0.135248673186763 0.159959418029267 0.240557551085549 0.257773377150766 0.206953235937145 0.131080911323583
-9999 -9999 -9999 -9999 -9999 -9999 -9999 -9999 -9999 -9999 -9999 -9999 -9999 -9999 -9999 -9999 -9999 -9999 -9999 -9999 -9999 -9999 -9999 -9999 -9999 -9999 -9999 -9999 0.0512842769528726 0.0883119701384478 0.0871582947575412 0.0907689985978688 0.108044963005625 0.110494941847523 0.104664779258511 0.0859723275165223 0.0541873268240926 0.0344081888184138 0.0372411979312808 0.0555520209930002 0.0573498589010441 0.0462287904865576 0.0815320167524934 0.090667218143825 0.0596981488723846 0.0425284375587916 0.106736249481581 0.311732543643331 0.339321833737525 0.202476162747273 0.13054041454159 0.178196385283222 0.258624450645376 0.263969962649673 0.182828828622822 0.110732807009857
-9999 -9999 -9999 -9999 -9999 -9999 -9999 -9999 -9999 -9999 -9999 -9999 -9999 -9999 -9999 -9999 -9999 -9999 -9999 -9999 -9999 -9999 -9999 -9999 -9999 -9999 -9999 -9999 0.0482060406939275 0.0888292363510582 0.0813360991375996 0.0937989855667751 0.108422781095641 0.110805182435313 0.106333290714531 0.0884328165595382 0.0541578921018011 0.0282258734258226 0.0256878281453057 0.0489807972490575 0.0536982979489501 0.0297356802557475 0.0565586626433159 0.0609514435020895 0.0375574830221395 0.0190715634053742 0.0286342548730152 0.11734984556973 0.194467278436532 0.219287372331543 0.225148329891489 0.236340472819581 0.248167434250855 0.221111618815309 0.160216462724353 0.0967219022688017
-9999 -9999 -9999 -9999 -9999 -9999 -9999 -9999 -9999 -9999 -9999 -9999 -9999 -9999 -9999 -9999 -9999 -9999 -9999 -9999 -9999 -9999 -9999 -9999 -9999 -9999 -9999 -9999 0.0470520157358196 0.0904124186277238 0.0752460329296193 0.0966739739664357 0.109065724615872 0.110999801214507 0.106427663297824 0.0923023911070224 0.0538224801731479 0.024667024500002 0.0234135614762824 0.0460102955071474 0.0422670961705414 0.0162898802245607 0.0265649596519251 0.0245832643619649 0.0142172201460695 0.00712140087419 0.00102993667657203 0.0519796883344552 0.122671830581105 0.239826450236412 0.383709213383764 0.265156977633756 0.225551201984885 0.18888604053286 0.138455312750039 0.0909244678860292
