meets/meet004/_saidas_enm/CCSM_SVM_0k_Cavanillesia_umbellata4.asc
NCOLS 154 
NROWS 168 
XLLCORNER -112 
YLLCORNER -55.5 
CELLSIZE 0.5 
NODATA_value -9999 
[rows 50 to 74 of 168, columns 56 to 111 of 154]
-9999 -9999 -9999 -9999 -9999 -9999 -9999 -9999 -9999 -9999 -9999 -9999 -9999 0.11376230241397 0.109491994580684 0.0968501984376817 0.113170090903957 0.0501807510627367 0.00373021730950646 -0.0363661033566618 -0.012426217918016 0.00764737711093716 0.108469050009016 0.123924361279446 0.0572850185922584 0.0291978434504621 0.0331992794551059 0.0541761278990742 0.0623041006903435 0.0690087457521752 0.0763559640251079 0.0671327340846463 0.0589187784909033 0.058253314370813 0.270265633566382 0.882988126825616 0.69075126031109 0.440666763705139 0.294289447287376 0.19334662943632 0.176996800785961 0.126188798846318 0.108120951368393 0.0473589997234017 -0.0490839632454931 -0.0210489188077933 -0.0456646905309188 0.000754558379768067 0.0275939232383787 0.0380486006430514 0.0841275410308109 0.0701999379669667 0.116648623526402 0.146148748817521 0.135075638363638 0.146430112331694
-9999 -9999 -9999 -9999 -9999 -9999 -9999 -9999 -9999 -9999 -9999 -9999 -9999 0.102753652637187 0.0885444605099502 0.0764294494169194 0.0558685664668658 0.0162352152624322 -0.0181868689778009 -0.0275923878819285 -0.0336413940817473 -0.0301337732983267 0.000558732970345144 0.00510547574170311 0.000385499451911131 0.0166843003918098 0.0360337695031923 0.046558249807109 0.0603898473533855 0.0803356021856941 0.089088449873405 0.0792405078850558 0.0611866128204392 0.0537907534475288 0.111650070667164 0.539660387247226 0.743741138151931 0.529758980882599 0.374555359990122 0.257697377388024 0.199117083172779 0.149216129413562 0.124352765578875 0.0749617149510321 0.00564152503839804 -0.00576520868051766 -0.00810540203795512 0.0274415374410553 0.0671756096931216 0.0943767345817538 0.114123385536607 0.117100650596891 0.17211663961391 0.181227764244167 0.169281798674307 0.15718428484568
-9999 -9999 -9999 -9999 -9999 -9999 -9999 -9999 -9999 -9999 -9999 0.108184725556036 0.0901470260070507 0.0748572773367334 0.0640835112291989 0.0615911378540539 0.0417406167489164 -0.000516779828178549 -0.0180589911224364 -0.0282680273589911 -0.0292223271949634 -0.0239784127399854 -0.00982484552405438 0.00907141499408082 0.0284084797425531 0.0383450274503862 0.0485582291809095 0.0666979856819463 0.0881374031566106 0.102599525809901 0.106463583616832 0.0961398868400809 0.0697914690761106 0.0499444263634061 0.0509964212394308 0.270244758587731 0.543594418333579 0.468888436307973 0.32615693320961 0.241481989569751 0.196317100005298 0.152588691745007 0.138395953348394 0.102723761009952 0.0558438894265468 0.0462137577669996 0.0226541811642547 0.0588032309765955 0.0930178926711924 0.0950208273946159 0.122713072206983 0.170184625016603 0.185624753391448 0.173936420702614 0.17383672036674 0.166679902659931
-9999 -9999 -9999 -9999 -9999 -9999 -9999 -9999 -9999 -9999 0.108389340236162 0.0925185522494407 0.0653798908339733 0.0479145589532179 0.0621421511255307 0.0741435488961608 0.0635840680045447 0.0183913228053672 -0.01313131620436 -0.0108398251326621 -0.00251895410059522 0.0155828829319819 0.0299073563651835 0.0368451972744993 0.0425857029775701 0.054971880476751 0.0760703851090055 0.096223154992287 0.107151605239675 0.110979964391468 0.11126203476877 0.104313108316392 0.0768081810986541 0.0463518843880067 0.0348841386487826 0.12577477742208 0.319109457872313 0.309767164765383 0.219402560686341 0.146550187124148 0.132353544232074 0.129706017560652 0.126998069328784 0.1024459534223 0.0627120732159686 0.0335018285435848 0.0306288393490467 0.0454429352927961 0.0500128236997242 0.0874099958915902 0.167254441771699 0.191758932528076 0.143533046374371 0.125537326577443 0.154534341697688 0.158808864283387
-9999 -9999 -9999 -9999 -9999 -9999 -9999 -9999 -9999 -9999 0.0814366128773181 0.0480677460201793 0.0273399733290115 0.0359659770138042 0.0652099527790349 0.0835061001085203 0.0706613345041839 0.0467453628436195 0.0312380073014698 0.0333388387359478 0.0367595265488636 0.0414496546695906 0.0454757037936325 0.0527356946134832 0.069247371107284 0.0876479467086556 0.103192540108052 0.11042537457834 0.111065772433987 0.109780904070871 0.111214838512966 0.107720292335407 0.0841224827652867 0.0462979067460964 0.0294623023241101 0.040650634973763 0.142553705907643 0.159776775416526 0.12722186780104 0.077490740172628 0.0446219705866421 0.0774238320482767 0.0939056577422704 0.0842255377843183 0.0507290411243763 0.0118660696001913 0.00758868733836149 0.0105613568656109 0.0522860782284842 0.126812442953879 0.205489183644824 0.175727708865225 0.116500427314571 0.0922628300903539 0.13665982128639 0.163439996096248
-9999 -9999 -9999 -9999 -9999 -9999 -9999 -9999 0.0995894634160748 0.0590457846913761 0.0677303902943716 0.020603326866636 0.00141870082790818 0.0222011925476018 0.0598734252561998 0.0742794498847467 0.0660643975312202 0.0547298416714525 0.0514539792361787 0.0501511950399975 0.0522032945428145 0.0581379955886278 0.0656664273392263 0.0796676607336497 0.0968891077656712 0.0985747948369121 0.0997839267506446 0.0974016873464215 0.0971950034113035 0.0986740400624277 0.0971737922113457 0.0941419271131749 0.0875110848590711 0.050018326163245 0.031297216919681 0.00335026017460766 0.0228449093656626 0.0575239922304465 0.0617647092356739 0.0444537532681569 0.0297683025655614 0.0355880683252794 0.0501683341192026 0.0426226715842815 0.0196938237000176 0.0285077360619949 0.0578965605481849 0.0939554988128654 0.133451812846264 0.181925584815559 0.180717774110681 0.146552588087551 0.0915209321202627 0.0791870340203604 0.151460036883428 0.186943080649886
-9999 -9999 -9999 -9999 -9999 -9999 -9999 -9999 0.0667725671231185 0.0611148406463634 0.257925992504988 0.0200872955123295 -0.0449004542487595 0.00786208934372096 0.0496631891775546 0.064844811857521 0.055934603930083 0.0536407422091851 0.0543969553943787 0.0551242154255366 0.0607524941938007 0.0639735828364158 0.0682771038561712 0.0676611576438751 0.0691082324949421 0.0705335420361586 0.0703896914136383 0.0722856422463841 0.0712783726268252 0.0682744116564345 0.0657473836508012 0.0636998267606015 0.062389019384671 0.0590917316362826 0.035407327617718 0.0148419928882829 -0.00936952110806044 -0.0100468720866878 0.00293282819064467 0.00541204761298159 0.0048112775881089 0.00553292384421106 0.00677578950076202 0.0167981180453132 0.0375702404013247 0.0667282501104551 0.0746282488048546 0.0869153088974223 0.102959833409775 0.10396297240183 0.105498005753027 0.0964670541343173 0.0768739248554329 0.0919142081589472 0.207199779202309 0.257212844954627
-9999 -9999 -9999 -9999 -9999 -9999 -9999 0.0892129374382281 0.060811255039284 0.227895010467774 0.305597390589062 0.0468634892892632 -0.0745072247290834 -0.0227736036253092 0.0252128928903322 0.0520595471152736 0.0445466361298767 0.0458949971331267 0.044723788621728 0.0445262735941503 0.0464456356563403 0.0463067484689475 0.0466631369180162 0.0464724848169322 0.0477445020180801 0.0498354290323407 0.0490518048469865 0.0475335648868335 0.0472021802491051 0.0471109442259572 0.0471055132130122 0.0459442724537479 0.0450376340928345 0.0439321100195844 0.0418153540047477 0.0314831216528332 0.0168864433225362 0.00179845720110655 -0.00361875519672561 -0.00120871899953501 -0.000242106350471949 -0.00100672450137557 0.000386629648732206 0.00786034810942249 0.0216760420441683 0.0391229841256703 0.047401914894107 0.0538503927371563 0.0576299874934703 0.0601645946323146 0.0645640253442577 0.0661064187225415 0.0714510704851261 0.106694027227218 0.256538896433682 0.37301158464596
-9999 -9999 -9999 -9999 -9999 -9999 -9999 0.0751899988072232 0.1346680875617 0.421656100651291 0.290832292203462 0.05013541421638 -0.0809178314336342 -0.0305734347006102 0.000562040209048209 0.0185786290258235 0.0220895124058281 0.0282755994890916 0.0280284160825001 0.0314266952184365 0.0352529887589341 0.0358982638917697 0.0367133857980098 0.0357917335401507 0.0349910765415922 0.0362571059041822 0.0357089446567546 0.0364955155475247 0.0360134893993218 0.0346512149364194 0.0351536376615835 0.0351145291341668 0.036233389669556 0.036938300221615 0.0377640700341542 0.0404605368434626 0.0335808794986382 0.0259180017703236 0.0220049728760265 0.0231173087207641 0.0230181269431545 0.0272312394902228 0.031229757369546 0.03640670988422 0.0411032821643038 0.0442341729239173 0.0472469375957849 0.0500381083681395 0.0529340927755136 0.055407638137923 0.0585393488057249 0.0618284629234135 0.0675126072226738 0.0958103579362107 0.222281700037949 0.392974098885942
-9999 -9999 -9999 -9999 -9999 -9999 0.0991435149344014 0.0339865175261637 0.188770797345568 0.470772072247424 0.316147792162004 0.0761035866241483 -0.0599769850229445 0.00628986839328471 -0.0100534167095551 -0.0133031660816682 -0.0169033547233076 -0.0113893107294527 -0.00815924438297594 0.002816372416098 0.0152421477898 0.0171997844361728 0.0171722152087328 0.0157357090290932 0.0182086460894709 0.0194281765969885 0.020505446349798 0.0192661200716194 0.0180114285708148 0.0204179991911385 0.0203034005570673 0.0226975057007967 0.0242505144028339 0.026145544375539 0.0303566990086009 0.0330002146527483 0.0354794560806984 0.0369079354657496 0.0389777423470807 0.0404746595435576 0.0416413562275848 0.0426060934879878 0.0424389476620891 0.0427677831981936 0.0459498187200773 0.0517817090546393 0.0553843404106285 0.0598662020979238 0.0637551410526714 0.066461345416805 0.0714915104602236 0.0763708110750472 0.0870469495633559 0.0946813350157817 0.166557677628809 0.312588407512216
-9999 -9999 -9999 -9999 -9999 -9999 0.099757311239003 -0.0207915346167767 0.0502309540618253 0.30401969113599 0.252079353416518 0.0367800967928291 -0.0474364562714971 -0.00410274665026905 -0.0322493029768938 -0.0514386979779527 -0.0490240783067857 -0.0429288639510113 -0.0383245780629234 -0.0294095496821661 -0.0189510569841176 -0.0139377635929339 -0.00965403688649741 -0.0073052653138877 -0.00480985058973477 -0.00191301385902332 -0.00323172624290285 -0.0057660393715589 -0.007156190959894 -0.00688705946511592 -0.00504282723694671 -0.00351420333034763 0.000212617940186011 0.003507058791275 0.00820907240320345 0.0148355019098095 0.0188057061505793 0.0236447346016102 0.0265154874297237 0.028930134665671 0.0333939350230758 0.0369652442463667 0.0418734143005059 0.0493503407338645 0.0564915907523096 0.0610326264344013 0.0642171435273379 0.0673649180718983 0.0724277604014901 0.0794878490894781 0.0876563663740165 0.104110111356652 0.119752724963576 0.129887890011902 0.121783309496884 0.185637831614616
-9999 -9999 -9999 -9999 -9999 -9999 0.139444936335998 0.00922486531574584 -0.0515252502867378 0.121322260495751 0.172545667030947 0.0133388039164586 -0.0710440789372491 -0.0328111444943601 -0.0558732860430131 -0.0626275196580177 -0.0579456590521293 -0.0485891843723581 -0.0342054486099853 -0.0248244948681915 -0.0174003849697956 -0.00668826584995486 0.00495601680833968 0.0115135448949677 0.00806652266812585 0.00445092865554186 0.00137567030074048 -0.00364426380129607 -0.010405990183014 -0.0102978740283739 -0.0124853275348119 -0.0114937588292113 -0.0120042123583686 -0.0110992881743575 -0.0075070814973186 -0.00391928810588649 0.00327690114386198 0.00943835184067587 0.0179673533544258 0.0276851482279637 0.0388319026879663 0.0481836274291989 0.0566238210466395 0.0600345422481158 0.0571516335678067 0.0492233380188655 0.0546209746839837 0.0577546208569369 0.0677864182058551 0.0843553721201521 0.104808857049754 0.128837923079246 0.150670972793526 0.162794779686299 0.149109155089293 0.127280817606155
-9999 -9999 -9999 -9999 -9999 -9999 -9999 0.0703121271549871 -0.0539030247602699 0.0103312608000134 0.132823063187231 0.0323200421096729 -0.0978003722258021 -0.0740345093391613 -0.0720556809551315 -0.0608922486808713 -0.0450214526148912 -0.0234175079402868 0.00520773634419924 0.0216420897588131 0.0317665187757087 0.051989864154845 0.0691535565178978 0.0753712550019839 0.0674829845275577 0.0544882248072163 0.0500657269115057 0.0415829802448733 0.0302572269961472 0.0242062967569414 0.0182384619248281 0.015755572512186 0.0102354152755314 0.007719785351186 0.00736472636012009 0.00888527417216267 0.0163098439287955 0.0236007565516198 0.0404149370178891 0.059518848127631 0.0731980248503081 0.0827013375444734 0.0794581918008104 0.0685370872851814 0.0537731662994627 0.0414518905104664 0.0447383008964776 0.0554191563096858 0.0757752540168861 0.10553365738979 0.13704887201494 0.180872337044317 0.2059487716681 0.220222053474748 0.217161872960408 0.185071992629937
-9999 -9999 -9999 -9999 -9999 -9999 -9999 -9999 -0.0521172688082582 -0.0439804398131844 0.216105328742274 0.0837597628178852 -0.106084706172174 -0.0959077182637751 -0.0707364226088272 -0.0391741376902683 -0.011454158935646 0.0273754849854416 0.0681166554923716 0.0876438220019912 0.107168511569699 0.127598850316934 0.148183953039196 0.150915678135137 0.137968604943154 0.1226459208291 0.119440701677738 0.110193442411525 0.0948244577962842 0.0779212828358872 0.0717396206515464 0.0682443127654389 0.0646287964055587 0.0610454679386395 0.0616404553622222 0.0662700802688002 0.0680351870526072 0.077089788138106 0.0886657106264062 0.105183828902352 0.11164371686095 0.106219375683519 0.0942519219291805 0.0759688396912043 0.0590615019074328 0.0465914377369911 0.0524464037397458 0.0646017215380396 0.0866075072870008 0.115641330105304 0.151004681111986 0.203207783738284 0.240153451271365 0.262290699219371 0.260419913103046 0.24402673916648
-9999 -9999 -9999 -9999 -9999 -9999 0.06948918619532 -0.0580901944864037 -0.162890146265656 -0.0581496753808833 0.143023110335439 0.0827996456883364 -0.0891509002221079 -0.0894205843035374 -0.0405247916348598 0.0258500488170147 0.0592165467098291 0.0806560039505648 0.123458813502654 0.164259528566334 0.189441716389612 0.209163040175829 0.211027061723827 0.210907700054803 0.211082700416778 0.202040757263251 0.195661763667314 0.178001633336712 0.158106844665334 0.139251827120262 0.122301964846755 0.124574953664911 0.122800056144821 0.120607356818486 0.122004991890885 0.122192723500498 0.1283723004301 0.134206286032802 0.143068745414661 0.152585001601235 0.143006142222863 0.125898970999881 0.102688138121927 0.0788366428515479 0.0603104936853068 0.0509018772353191 0.0560759418330647 0.0700188527742092 0.0913488624709911 0.117281131915381 0.151049090418789 0.203222972040328 0.248275245339006 0.277535088857885 0.281508605992581 0.249185818291342
-9999 -9999 -9999 -9999 -9999 0.122188712216998 -0.0617952592799298 -0.19389388981446 -0.190016866252255 -0.0164469349874702 0.138003252510694 0.0988531395820508 -0.0488997367381543 -0.044358440582269 0.055050988941408 0.17172021943853 0.176220431886463 0.169899973711879 0.189435886343117 0.250873497986004 0.279822204154027 0.296102519050762 0.27390570257151 0.266734990061003 0.28046612299963 0.269183675574438 0.256041378048259 0.226388739691846 0.203365919721604 0.192039797201952 0.168522003493648 0.162498499457178 0.155014057372854 0.150637561215658 0.153431018093106 0.15194807555986 0.166654505981523 0.177744412465488 0.186315202594557 0.182105183645016 0.148399796310436 0.127295591248776 0.0987149117202952 0.0758465367649291 0.0615932970608082 0.0499287055516794 0.0623957323679371 0.0745976950302927 0.0924455056097289 0.111970639905047 0.135346482771395 0.184317963984498 0.225985803770134 0.249124733935044 0.240028724964588 0.189876492644637
-9999 -9999 -9999 -9999 -9999 0.0844029284323645 -0.126515530811705 -0.231363289543214 -0.124685972662825 0.0538061269801569 0.178026986645191 0.165328973824497 0.109685635959315 0.138287263134966 0.236249006428291 0.337913556526382 0.301629175944724 0.29290286434971 0.315113008741339 0.368228075851175 0.410045346009825 0.409589772478726 0.384529949152108 0.366827073070101 0.352682708095155 0.333740712303559 0.313814183845324 0.288541992412576 0.263842955725082 0.24493955889044 0.225823889084138 0.215609609534327 0.205902645482108 0.195923739822008 0.190723985401542 0.189341970871995 0.196246806713082 0.201934282392635 0.203222961296514 0.19651751412735 0.165014114678587 0.134738315166265 0.107290787661247 0.0857938073104265 0.0716037612076929 0.0655239353618504 0.07174989660908 0.0827980551099412 0.0976086406899381 0.110379170233398 0.1274791805815 0.158240079585685 0.185729822249574 0.198158754332989 0.191956428879316 0.166537138872379
-9999 -9999 -9999 -9999 -9999 -9999 -0.132769418139924 -0.209689970997893 -0.0340295742578547 0.0898261506749533 0.210748990327846 0.185546333591452 0.198182050422091 0.242105940586664 0.289883546892103 0.441142359256981 0.374338473534381 0.414244936755852 0.454797448059078 0.48586376822965 0.535449447742259 0.496906286939778 0.48419491858178 0.452711967129964 0.411539003719811 0.389438497269778 0.358200525514981 0.344165522823302 0.318975610281655 0.293379335131952 0.276048483750845 0.25604020198568 0.24723614790304 0.231956756998856 0.21601738421913 0.206338149909058 0.205011059506769 0.206378170497865 0.202911071412615 0.195624683969063 0.173064378960543 0.143891495603968 0.11751893960082 0.0981210452714206 0.083719133489416 0.0768908672478444 0.0821147660410199 0.0891901693175243 0.0994451246316001 0.107166621578202 0.113495330630379 0.131343970418911 0.143313303658772 0.144394492401808 0.136587729806474 0.128762175543698
-9999 -9999 -9999 -9999 -9999 -9999 -0.030530026119102 -0.181421167845413 -0.0183316312041035 0.118486370875822 0.190092540438052 0.14988073054822 0.0671654097981603 0.0519266927000583 0.1144137981119 0.205910390213983 0.338693112190957 0.497741161609167 0.570767604713068 0.561098144650051 0.536711377650776 0.546232683097243 0.562227759081239 0.532252194254311 0.467069557436895 0.411714969311796 0.400089376178449 0.393073601509218 0.370680883943157 0.34094456192262 0.312491156773164 0.30184228049577 0.292094032955782 0.275687420130758 0.257141960156795 0.237048174942778 0.230574058147762 0.223458225634688 0.212278807254028 0.20118112724229 0.188265791900865 0.163536452651464 0.140298526564146 0.121662187175862 0.107031260522542 0.0993605346613851 0.0992909031353172 0.102584198541268 0.110369541223331 0.117248193674637 0.12294249266665 0.122398922725268 0.115423787436109 0.111003616332067 0.105038476749307 0.0991322593658497
-9999 -9999 -9999 -9999 -9999 -9999 0.170559314250604 -0.121379037767537 -0.124022918825279 0.03909166150329 0.134890415673378 0.104833868991044 -0.00646205555294882 -0.0405219117026175 -0.0107387742275269 0.0523178510950658 0.246742223210435 0.495476689392523 0.588982484778193 0.568272934423617 0.524656584244346 0.554688703717214 0.597449931757015 0.567401444481608 0.482956674261199 0.42440822665763 0.408977160324268 0.405450129958238 0.382613388419081 0.356714884842427 0.34003115158647 0.33079010055932 0.326974648063245 0.313342956715721 0.29265943452761 0.271469712588612 0.255044401223295 0.244599125289341 0.227104936887957 0.203122510420847 0.192831227926548 0.173269378476376 0.158360744673456 0.143415735849881 0.123682010463177 0.118658906371794 0.111482544949771 0.113304988904939 0.114293238595699 0.109356448747849 0.117482876665802 0.0988796638827213 0.0885591545505887 0.0774642865385442 0.0619203507307953 0.0634740356340637
-9999 -9999 -9999 -9999 -9999 -9999 -9999 -9999 -0.0850383652526439 -0.105177626196835 0.0839483845295016 0.0659311097970485 -0.00636723935661848 -0.0339877403117149 -0.0376050526191359 0.0349301356519013 0.20882222728048 0.410793280321092 0.527393811303251 0.567991512823505 0.53731799818656 0.572717992336374 0.615758338495702 0.583429628953623 0.501538463578345 0.431457325857063 0.411368200296196 0.391302293862983 0.365551842045526 0.348690409020125 0.339905776081018 0.33507918944407 0.328794099564198 0.323682952240305 0.316220582526532 0.303037355053971 0.288455500587853 0.272147262310607 0.252764151869717 0.232623148178899 0.211627838253894 0.198309014375709 0.185397050601347 0.169848449832494 0.153521638980473 0.141396188857702 0.133649724930589 0.126565276584796 0.122683798256243 0.116313564185042 0.105829964092837 0.0908665994169289 0.0709853577297005 0.0575834849267298 0.0435655196413191 0.0338442459851387
-9999 -9999 -9999 -9999 -9999 -9999 -9999 -9999 0.203611049190824 -0.148749191755585 0.0202418500697587 0.0231114035522495 0.00658686476079656 -0.010181551030857 -0.0285018896139161 0.0265187606295625 0.222137056729344 0.432543708687055 0.522353286426669 0.562440752858286 0.542544033674415 0.567356522935057 0.584463431462694 0.539455649965909 0.476573237696712 0.415516939074569 0.385952615757754 0.358372730618364 0.324937671469285 0.305401845345354 0.300519950244669 0.292749456817692 0.28098331631854 0.281657766365543 0.291739924835526 0.296710221762776 0.290769604340229 0.279457768010221 0.266882171449745 0.249881278088232 0.233346999857324 0.215287995927039 0.202693253320611 0.188943115821382 0.167448890790866 0.156916809337583 0.142336836100406 0.129725696341045 0.115552943277555 0.0926358204903446 0.0816733899920086 0.0617171935805144 0.0489223877660722 0.0358644397306007 0.019073572062717 0.0148749565351452
-9999 -9999 -9999 -9999 -9999 -9999 -9999 -9999 -9999 -0.101594669387408 -0.0747810289272707 -0.0411108483220061 0.0192820672800472 0.0270544217299581 0.00063607270915178 0.0404846059196725 0.268281956926664 0.52993276083065 0.593029703675854 0.601220188114806 0.556772435965556 0.558180424427632 0.54448515839038 0.480449501352483 0.436232029750203 0.390739084551575 0.35980048455004 0.321247129989628 0.292221641748687 0.26980030830939 0.252899461333287 0.239106356964989 0.218775865398409 0.217363874505711 0.232636968277283 0.247205956085427 0.250922211794008 0.24824185188529 0.248989340809863 0.246513562123896 0.240628101758038 0.22808404440224 0.214285108852908 0.200215001718093 0.185852333111536 0.169127464051672 0.152483079138399 0.13002733904274 0.106056012433688 0.0817841688190054 0.0582693026351555 0.0409829099466835 0.0229706543634012 0.0156278094043191 0.0109907333190091 0.00758484155258465
-9999 -9999 -9999 -9999 -9999 -9999 -9999 -9999 -9999 -9999 -0.0798122105569265 -0.089601065481074 0.0302342065321327 0.0522096574744631 0.0365260556952214 0.0674105001701742 0.306324784419825 0.635301496849815 0.664228409645432 0.614554057206331 0.555835652252093 0.530226480022577 0.48831814382011 0.425244509255148 0.372212045870097 0.33481835337117 0.302829791560931 0.26542075148581 0.237083386372696 0.220265330705698 0.209373118207277 0.190385397556566 0.165352914673875 0.154945888225871 0.161245317240946 0.17054758837607 0.179201372953027 0.182122389934034 0.192522543722721 0.203589079128456 0.209549695656584 0.206985853186721 0.202583240802549 0.197706642821809 0.187489871571778 0.175426470825259 0.155963758143454 0.12827979722708 0.0970738294644226 0.0604344481333123 0.0335997302156874 0.0164263077774957 0.0031773564225584 -0.00189654208110823 -0.00657561015375635 -0.008256714466787
-9999 -9999 -9999 -9999 -9999 -9999 -9999 -9999 -9999 -9999 -9999 -0.0115324295506573 0.0222051216554781 0.0651280671815713 0.0741156714918803 0.0915391545959967 0.268128540563564 0.66022109832081 0.701234104434652 0.614649753559651 0.559354831163438 0.50900716792632 0.439086147231536 0.366558817508212 0.323767338946468 0.283819332530688 0.254501468166877 0.216132870426486 0.188337523750321 0.172819114219494 0.156340859532833 0.141403876836513 0.117718515006956 0.10802506211422 0.103089914855299 0.0951314598549861 0.105390526395722 0.107657555556028 0.121770487946451 0.13930348270898 0.148760294287766 0.162005360243662 0.161808096934015 0.168229564614099 0.176819834418859 0.172493763322141 0.148880402992639 0.116350412556561 0.0825857717697119 0.0461977451917469 0.0198803612229196 0.00684899089087043 -0.00261051274167956 -0.0101928924948466 -0.0215870368625662 -0.0304624530262292
