meets/meet004/_saidas_enm/CCSM_Maxent_6k_Cavanillesia_umbellata2.asc
NCOLS 154 
NROWS 168 
XLLCORNER -112 
YLLCORNER -55.5 
CELLSIZE 0.5 
NODATA_value -9999 
[rows 75 to 99 of 168, columns 56 to 111 of 154]
-9999 -9999 -9999 -9999 -9999 -9999 -9999 -9999 -9999 -9999 -9999 0.397543132305145 0.375315129756927 0.278933256864548 0.274919450283051 0.311058074235916 0.328389018774033 0.332238703966141 0.242709636688232 0.35675922036171 0.331690579652786 0.230007842183113 0.217584908008575 0.215149879455566 0.220668137073517 0.225668266415596 0.230360522866249 0.0697097256779671 0.0715226605534554 0.0735868066549301 0.0749453902244568 0.0763123705983162 0.117801018059254 0.117899745702744 0.117085553705692 0.115090258419514 0.115333206951618 0.114435061812401 0.114758342504501 0.115397296845913 0.34535026550293 0.348392874002457 0.347832232713699 0.349113702774048 0.351753503084183 0.348139375448227 0.337486684322357 0.322071492671967 0.305172324180603 0.285641819238663 0.2673100233078 0.251374304294586 0.236841931939125 0.230455502867699 0.224542558193207 0.216985076665878
-9999 -9999 -9999 -9999 -9999 -9999 -9999 -9999 -9999 -9999 -9999 0.403964728116989 0.3702532351017 0.257519215345383 0.285228222608566 0.324510335922241 0.326948553323746 0.341874539852142 0.347624540328979 0.357394158840179 0.359927475452423 0.229610845446587 0.221637144684792 0.217415437102318 0.216454356908798 0.216694891452789 0.220976859331131 0.0669610276818275 0.0687302798032761 0.0699681416153908 0.0709030628204346 0.07249366492033 0.0734553560614586 0.0733391717076302 0.0719326138496399 0.0702777504920959 0.0698734149336815 0.069086067378521 0.106797024607658 0.325122028589249 0.325095474720001 0.33151987195015 0.332625389099121 0.332024544477463 0.327848076820374 0.315814018249512 0.307576715946198 0.296922266483307 0.283742129802704 0.268890589475632 0.25468185544014 0.245155498385429 0.241842463612556 0.23743911087513 0.235263481736183 0.236759960651398
-9999 -9999 -9999 -9999 -9999 -9999 -9999 -9999 -9999 -9999 -9999 -9999 0.367071866989136 0.355250328779221 0.31866854429245 0.317998290061951 0.332520306110382 0.36585333943367 0.375098615884781 0.372357457876205 0.365721851587296 0.359296470880508 0.229620888829231 0.224005982279778 0.216761916875839 0.21244215965271 0.215634703636169 0.0654387250542641 0.0671166181564331 0.0678823366761208 0.0681658759713173 0.0695350617170334 0.0676508173346519 0.0701888129115105 0.0689918622374535 0.0671553462743759 0.0659155324101448 0.0647464394569397 0.0643879547715187 0.0639315247535706 0.311432480812073 0.321038514375687 0.327256262302399 0.324374556541443 0.311520576477051 0.29497629404068 0.282292068004608 0.271445691585541 0.263292014598846 0.260734349489212 0.256707400083542 0.250985473394394 0.245612129569054 0.241864293813705 0.241442903876305 0.242818668484688
-9999 -9999 -9999 -9999 -9999 -9999 -9999 -9999 -9999 -9999 -9999 -9999 0.409771889448166 0.364562004804611 0.368781447410583 0.293305069208145 0.316173851490021 0.377501279115677 0.397782862186432 0.386796683073044 0.368725478649139 0.362960278987885 0.361526995897293 0.228759348392487 0.214741602540016 0.206037625670433 0.213607296347618 0.0652825385332108 0.0670576021075249 0.0671286210417747 0.063966378569603 0.06516994535923 0.0650656968355179 0.0646654143929482 0.0638391226530075 0.0646231696009636 0.0627849102020264 0.0603382959961891 0.0597566328942776 0.0599598325788975 0.0611267387866974 0.100455388426781 0.107718117535114 0.107492685317993 0.309752732515335 0.290092080831528 0.274567693471909 0.181514203548431 0.175974786281586 0.175617754459381 0.176471337676048 0.170950636267662 0.166401907801628 0.164387702941895 0.163407519459724 0.159371837973595
-9999 -9999 -9999 -9999 -9999 -9999 -9999 -9999 -9999 -9999 -9999 -9999 -9999 0.403321176767349 0.342734754085541 0.310037016868591 0.305307507514954 0.337054997682571 0.353111237287521 0.373239159584045 0.377882152795792 0.360977947711945 0.345353156328201 0.236855328083038 0.2075524777174 0.205318346619606 0.21435235440731 0.0661879330873489 0.0659585669636726 0.0662959069013596 0.0650835111737251 0.0653145760297775 0.0643260627985001 0.0632466822862625 0.0617943629622459 0.0588847249746323 0.0575092621147633 0.0553952716290951 0.0566433407366276 0.055845782160759 0.0569298565387726 0.0629721432924271 0.106943525373936 0.108128353953362 0.318643897771835 0.298323094844818 0.191656142473221 0.17719891667366 0.188499286770821 0.189075723290443 0.190115362405777 0.187936320900917 0.183548614382744 0.181126669049263 0.149544462561607 0.133419767022133
-9999 -9999 -9999 -9999 -9999 -9999 -9999 -9999 -9999 -9999 -9999 -9999 -9999 0.453399032354355 0.351082801818848 0.281973779201508 0.299434930086136 0.305311143398285 0.310971707105637 0.334099471569061 0.359273463487625 0.365179359912872 0.343367457389832 0.330439180135727 0.338513016700745 0.231717199087143 0.223119959235191 0.0685677975416183 0.0683091059327126 0.0696932896971703 0.0680063217878342 0.0695196315646172 0.0671094283461571 0.0651844665408134 0.0611236840486526 0.0563630424439907 0.0570087470114231 0.0549014136195183 0.0533530004322529 0.0522106848657131 0.0521688722074032 0.0573303289711475 0.0641492009162903 0.104785740375519 0.316273838281631 0.306157678365707 0.190097063779831 0.188931003212929 0.178836077451706 0.179706200957298 0.181913539767265 0.180718928575516 0.179668068885803 0.161455273628235 0.131071135401726 0.118801288306713
-9999 -9999 -9999 -9999 -9999 -9999 -9999 -9999 -9999 -9999 -9999 -9999 -9999 -9999 0.381994426250458 0.299415558576584 0.306327491998672 0.29266631603241 0.292966097593307 0.316594541072845 0.350964933633804 0.38521671295166 0.40691477060318 0.401056408882141 0.394146740436554 0.38220226764679 0.368518173694611 0.232584357261658 0.0676751807332039 0.0725008025765419 0.0774615928530693 0.0780837684869766 0.0745407044887543 0.0715900436043739 0.0668443292379379 0.0625826343894005 0.0622295960783958 0.059551939368248 0.056596502661705 0.0544869117438793 0.0541127398610115 0.0567341819405556 0.0594510473310947 0.0605893768370152 0.214400410652161 0.205421045422554 0.188434600830078 0.188063770532608 0.177308976650238 0.176599010825157 0.176054462790489 0.171034336090088 0.152094572782516 0.142429262399673 0.134949147701263 0.112359039485455
-9999 -9999 -9999 -9999 -9999 -9999 -9999 -9999 -9999 -9999 -9999 -9999 -9999 -9999 0.433372765779495 0.309440106153488 0.283537745475769 0.272826939821243 0.245407342910767 0.306311547756195 0.335880994796753 0.330007076263428 0.338852941989899 0.34850949048996 0.409137427806854 0.445658266544342 0.432448476552963 0.391685634851456 0.347130924463272 0.364717721939087 0.135992184281349 0.129877761006355 0.128725543618202 0.0821041464805603 0.0749317333102226 0.0703425481915474 0.0731299668550491 0.0703634172677994 0.063106581568718 0.0593470260500908 0.05218455940485 0.0543320812284946 0.0535905174911022 0.0561760887503624 0.204217255115509 0.200035035610199 0.18714003264904 0.189790442585945 0.180680021643639 0.180501475930214 0.168209671974182 0.156698539853096 0.138474568724632 0.130733668804169 0.126785486936569 0.111373476684093
-9999 -9999 -9999 -9999 -9999 -9999 -9999 -9999 -9999 -9999 -9999 -9999 -9999 -9999 -9999 0.418196588754654 0.319117873907089 0.25847065448761 0.199451521039009 0.26798415184021 0.279211074113846 0.313822716474533 0.32557624578476 0.346236854791641 0.368458867073059 0.378800362348557 0.387571752071381 0.420500695705414 0.436400502920151 0.433375895023346 0.419865727424622 0.376449376344681 0.129607498645782 0.132140561938286 0.12882436811924 0.128974243998528 0.120745733380318 0.0717799365520477 0.069630928337574 0.0708574131131172 0.0695393308997154 0.0603191703557968 0.053164079785347 0.0501474104821682 0.18938572704792 0.195424452424049 0.188386529684067 0.17915515601635 0.195077612996101 0.19232676923275 0.17390775680542 0.156778514385223 0.139512285590172 0.130888745188713 0.125183060765266 0.11705756187439
-9999 -9999 -9999 -9999 -9999 -9999 -9999 -9999 -9999 -9999 -9999 -9999 -9999 -9999 -9999 0.586424231529236 0.369974851608276 0.240621045231819 0.149084657430649 0.207858234643936 0.276918113231659 0.311746716499329 0.33636075258255 0.327073812484741 0.373477816581726 0.388100028038025 0.397540748119354 0.376884937286377 0.383555144071579 0.43572324514389 0.416472643613815 0.397575318813324 0.364167124032974 0.0804588496685028 0.124533407390118 0.139723882079124 0.127722457051277 0.0759860873222351 0.121106520295143 0.136530309915543 0.143187209963799 0.0717895328998566 0.0527724549174309 0.0473376698791981 0.181628495454788 0.19365194439888 0.190804243087769 0.190033450722694 0.211074039340019 0.194712519645691 0.186756893992424 0.168735042214394 0.148777171969414 0.140341266989708 0.131160899996758 0.120322279632092
-9999 -9999 -9999 -9999 -9999 -9999 -9999 -9999 -9999 -9999 -9999 -9999 -9999 -9999 -9999 0.639593541622162 0.469606906175613 0.338278025388718 0.172289714217186 0.145397156476974 0.0901458412408829 0.172451511025429 0.202352091670036 0.249908789992332 0.301699548959732 0.352172613143921 0.405978918075562 0.424569338560104 0.423401415348053 0.41572830080986 0.42567366361618 0.39472895860672 0.347650676965714 0.0652168765664101 0.0670818835496902 0.0750315114855766 0.0722356587648392 0.0773106589913368 0.125644773244858 0.149521797895432 0.160890445113182 0.076374389231205 0.0522738583385944 0.046113558113575 0.163498446345329 0.186205819249153 0.194659620523453 0.201272532343864 0.204734683036804 0.211313247680664 0.195972502231598 0.16632704436779 0.154918640851974 0.148260727524757 0.141237378120422 0.203564867377281
-9999 -9999 -9999 -9999 -9999 -9999 -9999 -9999 -9999 -9999 -9999 -9999 -9999 -9999 -9999 -9999 0.5408034324646 0.375551372766495 0.236957505345345 0.0967849865555763 0.048680804669857 0.0582575388252735 0.0678654760122299 0.0838986858725548 0.106357581913471 0.0977416336536407 0.236068680882454 0.303512513637543 0.352093368768692 0.380079299211502 0.399441689252853 0.398001670837402 0.338493913412094 0.218773707747459 0.204739809036255 0.061210535466671 0.0611780062317848 0.0691599249839783 0.0736877396702766 0.131340891122818 0.151481509208679 0.0687379017472267 0.0482030287384987 0.0447070822119713 0.166541963815689 0.189897522330284 0.210197642445564 0.224366381764412 0.230018109083176 0.306272059679031 0.286827892065048 0.277538299560547 0.0815240144729614 0.0787418335676193 0.0754634439945221 0.0740236714482307
-9999 -9999 -9999 -9999 -9999 -9999 -9999 -9999 -9999 -9999 -9999 -9999 -9999 -9999 -9999 -9999 -9999 0.579616487026215 0.17491902410984 0.272690176963806 0.0747692957520485 0.0777141526341438 0.0839012265205383 0.0859967172145844 0.0927119627594948 0.0896366387605667 0.164151459932327 0.201864048838615 0.254743158817291 0.327449977397919 0.332884401082993 0.403337240219116 0.38203701376915 0.358130425214767 0.223596885800362 0.210180804133415 0.0554306320846081 0.0556564480066299 0.0568354092538357 0.0584214329719543 0.0529646649956703 0.05182234197855 0.0483388714492321 0.0486743152141571 0.0544319003820419 0.0648705214262009 0.0712438449263573 0.122867062687874 0.12464302778244 0.116304278373718 0.11145494133234 0.0988223031163216 0.0902748703956604 0.0859105661511421 0.0817071571946144 0.0800513550639153
-9999 -9999 -9999 -9999 -9999 -9999 -9999 -9999 -9999 -9999 -9999 -9999 -9999 -9999 -9999 -9999 -9999 -9999 -9999 0.188502803444862 0.138734608888626 0.268128454685211 0.225595831871033 0.204936414957047 0.177674099802971 0.154804617166519 0.151032745838165 0.166200995445251 0.188856720924377 0.280140995979309 0.335124164819717 0.381744652986526 0.41465625166893 0.400685518980026 0.35485714673996 0.213083639740944 0.220171257853508 0.18214912712574 0.0510697104036808 0.0506445430219173 0.0420874990522861 0.0486709177494049 0.0519376397132874 0.0553322285413742 0.0641369447112083 0.0700586661696434 0.0737563148140907 0.126108705997467 0.136444702744484 0.12929368019104 0.127553448081017 0.11198478937149 0.0974133834242821 0.0910663232207298 0.084824874997139 0.0832756981253624
-9999 -9999 -9999 -9999 -9999 -9999 -9999 -9999 -9999 -9999 -9999 -9999 -9999 -9999 -9999 -9999 -9999 -9999 -9999 -9999 -9999 0.388833522796631 0.320578157901764 0.297863036394119 0.276297241449356 0.189968407154083 0.160167887806892 0.141561716794968 0.145341694355011 0.180799379944801 0.236473947763443 0.33915963768959 0.399578303098679 0.415684789419174 0.413877606391907 0.368539839982986 0.334397077560425 0.212866708636284 0.176979705691338 0.185804709792137 0.0586523488163948 0.0573287010192871 0.0603830181062222 0.0682101175189018 0.0718152299523354 0.0743047147989273 0.0769201070070267 0.0771558284759521 0.126531481742859 0.13510762155056 0.128235444426537 0.114933535456657 0.0986289009451866 0.0898222699761391 0.0846825242042542 0.0785286426544189
-9999 -9999 -9999 -9999 -9999 -9999 -9999 -9999 -9999 -9999 -9999 -9999 -9999 -9999 -9999 -9999 -9999 -9999 -9999 -9999 -9999 -9999 -9999 0.358179152011871 0.318224608898163 0.280365794897079 0.193092748522758 0.0883489176630974 0.0761071071028709 0.0849301442503929 0.168743804097176 0.252711772918701 0.355763107538223 0.38470995426178 0.405866920948029 0.41739821434021 0.388526439666748 0.334085047245026 0.326242417097092 0.348321080207825 0.341447055339813 0.115403138101101 0.114205047488213 0.119791373610497 0.1201017126441 0.119698241353035 0.12036656588316 0.0770682170987129 0.124299913644791 0.136747390031815 0.136773988604546 0.117979921400547 0.0998559519648552 0.0913073942065239 0.0871967226266861 0.0825245827436447
-9999 -9999 -9999 -9999 -9999 -9999 -9999 -9999 -9999 -9999 -9999 -9999 -9999 -9999 -9999 -9999 -9999 -9999 -9999 -9999 -9999 -9999 -9999 -9999 -9999 0.343431681394577 0.312112182378769 0.153654828667641 0.0650429353117943 0.0701097622513771 0.135223239660263 0.172378197312355 0.245915904641151 0.324845910072327 0.364860326051712 0.347785234451294 0.390635997056961 0.377206385135651 0.362321615219116 0.340604454278946 0.361205786466599 0.352920979261398 0.127218335866928 0.134516373276711 0.130261942744255 0.126111924648285 0.124070554971695 0.128104686737061 0.129172682762146 0.136173531413078 0.141774326562881 0.127330109477043 0.0672960579395294 0.0617299191653728 0.0943554416298866 0.0951318144798279
-9999 -9999 -9999 -9999 -9999 -9999 -9999 -9999 -9999 -9999 -9999 -9999 -9999 -9999 -9999 -9999 -9999 -9999 -9999 -9999 -9999 -9999 -9999 -9999 -9999 0.454135537147522 0.327217638492584 0.217155307531357 0.0680550038814545 0.0557808317244053 0.0515984445810318 0.0571793578565121 0.0808167234063148 0.180269613862038 0.268478274345398 0.34221163392067 0.348972111940384 0.341588228940964 0.335257738828659 0.307659953832626 0.318303018808365 0.356612116098404 0.131807997822762 0.137296319007874 0.132035434246063 0.128008678555489 0.121049523353577 0.124923631548882 0.125699117779732 0.129831239581108 0.132444396615028 0.0809289366006851 0.076303094625473 0.0710952058434486 0.108100712299347 0.107711166143417
-9999 -9999 -9999 -9999 -9999 -9999 -9999 -9999 -9999 -9999 -9999 -9999 -9999 -9999 -9999 -9999 -9999 -9999 -9999 -9999 -9999 -9999 -9999 -9999 -9999 -9999 -9999 0.356584578752518 0.174801006913185 0.0402179397642612 0.0355551056563854 0.0340886078774929 0.0385078862309456 0.0549297593533993 0.0883364900946617 0.10168119519949 0.226571559906006 0.267893761396408 0.277598053216934 0.256914079189301 0.170005291700363 0.220238879323006 0.370907783508301 0.140987917780876 0.129079833626747 0.123280860483646 0.12185800075531 0.0747903138399124 0.0735963135957718 0.0788600370287895 0.0783604085445404 0.0778189599514008 0.0760486721992493 0.0776047483086586 0.124674394726753 0.122844338417053
-9999 -9999 -9999 -9999 -9999 -9999 -9999 -9999 -9999 -9999 -9999 -9999 -9999 -9999 -9999 -9999 -9999 -9999 -9999 -9999 -9999 -9999 -9999 -9999 -9999 -9999 -9999 0.184244468808174 0.234859451651573 0.0484094396233559 0.0365420766174793 0.0312963537871838 0.0300997421145439 0.0379961356520653 0.051463108509779 0.0652759596705437 0.0975535213947296 0.194313630461693 0.218421176075935 0.20976984500885 0.148451253771782 0.183791697025299 0.221194818615913 0.118779689073563 0.12447065860033 0.122864954173565 0.11953242123127 0.0753763988614082 0.0734703913331032 0.0722489953041077 0.0739481598138809 0.0796516090631485 0.127030745148659 0.130103975534439 0.133078932762146 0.131901875138283
-9999 -9999 -9999 -9999 -9999 -9999 -9999 -9999 -9999 -9999 -9999 -9999 -9999 -9999 -9999 -9999 -9999 -9999 -9999 -9999 -9999 -9999 -9999 -9999 -9999 -9999 -9999 -9999 0.0925514176487923 0.0691949650645256 0.0467165820300579 0.0329208336770535 0.0364842861890793 0.0413960739970207 0.0458868741989136 0.0543268285691738 0.0756418108940125 0.0994580164551735 0.172783017158508 0.117943599820137 0.132200300693512 0.155390948057175 0.193969294428825 0.0596681497991085 0.0725379958748817 0.132860288023949 0.12525250017643 0.122352033853531 0.0778744742274284 0.0719361305236816 0.0721852332353592 0.0807978138327599 0.142280757427216 0.145891413092613 0.137655034661293 0.12780749797821
-9999 -9999 -9999 -9999 -9999 -9999 -9999 -9999 -9999 -9999 -9999 -9999 -9999 -9999 -9999 -9999 -9999 -9999 -9999 -9999 -9999 -9999 -9999 -9999 -9999 -9999 -9999 -9999 0.100022882223129 0.0822407305240631 0.0608919970691204 0.0500948913395405 0.0550049878656864 0.0530071817338467 0.0483024828135967 0.0521958731114864 0.0631626471877098 0.0807960107922554 0.0944957658648491 0.100802786648273 0.110881768167019 0.131575390696526 0.166568249464035 0.0522706657648087 0.0565873049199581 0.0660777017474174 0.0786323845386505 0.129992544651031 0.13122570514679 0.075127013027668 0.0720065459609032 0.0785197764635086 0.142247721552849 0.144738897681236 0.1370869576931 0.120510935783386
-9999 -9999 -9999 -9999 -9999 -9999 -9999 -9999 -9999 -9999 -9999 -9999 -9999 -9999 -9999 -9999 -9999 -9999 -9999 -9999 -9999 -9999 -9999 -9999 -9999 -9999 -9999 -9999 0.0931588187813759 0.0903404057025909 0.0608806423842907 0.0622771568596363 0.1179418861866 0.109413757920265 0.0515978597104549 0.0491669848561287 0.0578753463923931 0.071867860853672 0.0817242860794067 0.0853007212281227 0.0905316919088364 0.121468812227249 0.153589367866516 0.0459590256214142 0.0470466017723083 0.0460024103522301 0.0652903020381927 0.128606274724007 0.137661278247833 0.077418252825737 0.0643314719200134 0.119050271809101 0.140376701951027 0.141510143876076 0.13010710477829 0.113783918321133
-9999 -9999 -9999 -9999 -9999 -9999 -9999 -9999 -9999 -9999 -9999 -9999 -9999 -9999 -9999 -9999 -9999 -9999 -9999 -9999 -9999 -9999 -9999 -9999 -9999 -9999 -9999 -9999 0.107666335999966 0.0925305560231209 0.0750684291124344 0.0706321075558662 0.112520635128021 0.104406595230103 0.0553062371909618 0.0491744950413704 0.0557982325553894 0.0660020336508751 0.0743022114038467 0.0787311643362045 0.0858039259910583 0.110429339110851 0.145476296544075 0.0433753095567226 0.0412160716950893 0.0417412780225277 0.0506989508867264 0.0634884908795357 0.0729024782776833 0.116824194788933 0.116495952010155 0.123528905212879 0.131473138928413 0.126908108592033 0.116239093244076 0.107412323355675
-9999 -9999 -9999 -9999 -9999 -9999 -9999 -9999 -9999 -9999 -9999 -9999 -9999 -9999 -9999 -9999 -9999 -9999 -9999 -9999 -9999 -9999 -9999 -9999 -9999 -9999 -9999 -9999 0.121146015822887 0.108288578689098 0.0796755403280258 0.0727574378252029 0.102863796055317 0.0939685851335526 0.0528593175113201 0.046974141150713 0.0564106069505215 0.0670310407876968 0.0735106691718102 0.0759167745709419 0.0787880197167397 0.106130950152874 0.146546304225922 0.0426335036754608 0.0390843190252781 0.0368090309202671 0.043369323015213 0.053530640900135 0.0626793876290321 0.117458887398243 0.135421067476273 0.126991674304008 0.121613003313541 0.114115975797176 0.107853524386883 0.309399366378784
