meets/meet004/_saidas_enm/CCSM_Maxent_21k_Cavanillesia_umbellata4.asc
NCOLS 154 
NROWS 168 
XLLCORNER -112 
YLLCORNER -55.5 
CELLSIZE 0.5 
NODATA_value -9999 
[rows 100 to 124 of 168, columns 56 to 111 of 154]
-9999 -9999 -9999 -9999 -9999 -9999 -9999 -9999 -9999 -9999 -9999 -9999 -9999 -9999 -9999 -9999 -9999 -9999 -9999 -9999 -9999 -9999 -9999 -9999 -9999 -9999 -9999 -9999 0.0896923542022705 0.0857108905911446 0.0977771729230881 0.053953479975462 0.0523965395987034 0.0529768615961075 0.0548240765929222 0.0576737336814404 0.0720853209495544 0.0474323071539402 0.0426319539546967 0.0599362999200821 0.0650622919201851 0.0845950394868851 0.117843396961689 0.14601930975914 0.150483503937721 0.147845551371574 0.184883683919907 0.260286390781403 0.458459287881851 0.463626772165298 0.452919006347656 0.450505644083023 0.44025257229805 0.409201264381409 0.368783354759216 0.202459827065468
-9999 -9999 -9999 -9999 -9999 -9999 -9999 -9999 -9999 -9999 -9999 -9999 -9999 -9999 -9999 -9999 -9999 -9999 -9999 -9999 -9999 -9999 -9999 -9999 -9999 -9999 -9999 -9999 0.0925442203879356 0.100798949599266 0.0870526880025864 0.0510355085134506 0.0454867742955685 0.0475684329867363 0.053793765604496 0.0559863895177841 0.0743709728121758 0.0539919435977936 0.0602318830788136 0.059864304959774 0.0672118067741394 0.0908914431929588 0.127937152981758 0.150230541825294 0.143874824047089 0.140839815139771 0.192300513386726 0.430254489183426 0.477441430091858 0.43498358130455 0.247755140066147 0.404115796089172 0.401088446378708 0.383876860141754 0.357931166887283 0.191741615533829
-9999 -9999 -9999 -9999 -9999 -9999 -9999 -9999 -9999 -9999 -9999 -9999 -9999 -9999 -9999 -9999 -9999 -9999 -9999 -9999 -9999 -9999 -9999 -9999 -9999 -9999 -9999 0.0547635927796364 0.0876653715968132 0.104445643723011 0.083351157605648 0.0472350642085075 0.0454818867146969 0.0488816015422344 0.0505500771105289 0.0548704899847507 0.0763115808367729 0.0682409703731537 0.0602296702563763 0.0617116503417492 0.0716004595160484 0.0980992913246155 0.145475178956985 0.166641965508461 0.143070369958878 0.13712877035141 0.184047237038612 0.395749628543854 0.438653498888016 0.409200608730316 0.244526147842407 0.243677511811256 0.250942975282669 0.240688920021057 0.21860346198082 0.196580454707146
-9999 -9999 -9999 -9999 -9999 -9999 -9999 -9999 -9999 -9999 -9999 -9999 -9999 -9999 -9999 -9999 -9999 -9999 -9999 -9999 -9999 -9999 -9999 -9999 -9999 -9999 -9999 0.0491679199039936 0.0786224901676178 0.10925517231226 0.070801816880703 0.0431829839944839 0.0427776873111725 0.0486288033425808 0.048941008746624 0.0537407137453556 0.0748608410358429 0.089652881026268 0.0544745214283466 0.0588410496711731 0.0708642303943634 0.0999024882912636 0.146595448255539 0.165170460939407 0.136364668607712 0.125693827867508 0.162046059966087 0.220060452818871 0.390415191650391 0.237484663724899 0.223597660660744 0.223130777478218 0.232258841395378 0.226746112108231 0.207284167408943 0.191469892859459
-9999 -9999 -9999 -9999 -9999 -9999 -9999 -9999 -9999 -9999 -9999 -9999 -9999 -9999 -9999 -9999 -9999 -9999 -9999 -9999 -9999 -9999 -9999 -9999 -9999 -9999 -9999 0.0451960973441601 0.0740632638335228 0.102888450026512 0.0613715276122093 0.0390892028808594 0.0419326908886433 0.0480977147817612 0.0468976199626923 0.0531339645385742 0.0683610439300537 0.0370385348796844 0.041512954980135 0.051517765969038 0.0649663656949997 0.0892225652933121 0.11937839537859 0.131701484322548 0.121826738119125 0.117279924452305 0.141635000705719 0.1798365265131 0.206148490309715 0.204460889101028 0.191296681761742 0.196799397468567 0.196014329791069 0.19153156876564 0.185574784874916 0.177188500761986
-9999 -9999 -9999 -9999 -9999 -9999 -9999 -9999 -9999 -9999 -9999 -9999 -9999 -9999 -9999 -9999 -9999 -9999 -9999 -9999 -9999 -9999 -9999 -9999 -9999 -9999 -9999 0.0489550717175007 0.0875892341136932 0.126210942864418 0.0462052412331104 0.0348724313080311 0.0396520346403122 0.046191044151783 0.0452840402722359 0.0502748414874077 0.0565818175673485 0.0299034267663956 0.0354980938136578 0.0475587658584118 0.0614371635019779 0.0816098004579544 0.100514434278011 0.115977004170418 0.116927474737167 0.115682892501354 0.14370284974575 0.168095797300339 0.187801882624626 0.194298446178436 0.18330480158329 0.184133470058441 0.175914257764816 0.171926394104958 0.173524156212807 0.169299244880676
-9999 -9999 -9999 -9999 -9999 -9999 -9999 -9999 -9999 -9999 -9999 -9999 -9999 -9999 -9999 -9999 -9999 -9999 -9999 -9999 -9999 -9999 -9999 -9999 -9999 -9999 -9999 0.0692673549056053 0.109766900539398 0.110009461641312 0.0371698960661888 0.0327382162213326 0.0394410789012909 0.0440808348357677 0.0437486097216606 0.0445298738777637 0.0251453332602978 0.0262537188827991 0.0354545675218105 0.0487758368253708 0.0614228807389736 0.0782947838306427 0.0964685156941414 0.108894623816013 0.119790390133858 0.140889957547188 0.151403591036797 0.173306480050087 0.19185996055603 0.19656041264534 0.325922876596451 0.18533793091774 0.171370670199394 0.165512204170227 0.165786519646645 0.168091535568237
-9999 -9999 -9999 -9999 -9999 -9999 -9999 -9999 -9999 -9999 -9999 -9999 -9999 -9999 -9999 -9999 -9999 -9999 -9999 -9999 -9999 -9999 -9999 -9999 -9999 -9999 -9999 0.10644144564867 0.189279094338417 0.0939688235521317 0.0308002680540085 0.0301659349352121 0.0376836135983467 0.0414977706968784 0.0388809964060783 0.0375089049339294 0.0222529415041208 0.0248574502766132 0.0350368954241276 0.0495362170040607 0.0616382695734501 0.0765745788812637 0.0908742919564247 0.101678878068924 0.107500463724136 0.127183720469475 0.138245448470116 0.155366495251656 0.173773899674416 0.185208395123482 0.314378976821899 0.179533004760742 0.163146927952766 0.157333418726921 0.160647034645081 0.164253324270248
-9999 -9999 -9999 -9999 -9999 -9999 -9999 -9999 -9999 -9999 -9999 -9999 -9999 -9999 -9999 -9999 -9999 -9999 -9999 -9999 -9999 -9999 -9999 -9999 -9999 -9999 -9999 0.156509637832642 0.154383197426796 0.0783142223954201 0.0145453056320548 0.0138046694919467 0.0347415432333946 0.0396698527038097 0.0359627231955528 0.0333286486566067 0.021089069545269 0.0253613945096731 0.0357314646244049 0.0513085499405861 0.063141718506813 0.0759656801819801 0.0865978673100471 0.0942314192652702 0.0970756113529205 0.0976937636733055 0.108680292963982 0.121655084192753 0.138227179646492 0.157865256071091 0.16656319797039 0.160308599472046 0.149075135588646 0.146556168794632 0.152309224009514 0.155927017331123
-9999 -9999 -9999 -9999 -9999 -9999 -9999 -9999 -9999 -9999 -9999 -9999 -9999 -9999 -9999 -9999 -9999 -9999 -9999 -9999 -9999 -9999 -9999 -9999 -9999 -9999 -9999 0.135064527392387 0.125659465789795 0.0685744285583496 0.012918864376843 0.0120481494814157 0.0318460091948509 0.0358891896903515 0.0339463651180267 0.0353979654610157 0.0446227937936783 0.0323223918676376 0.0444670282304287 0.0563681647181511 0.0655017644166946 0.0762106776237488 0.0838160887360573 0.0896515101194382 0.0916539877653122 0.0916820466518402 0.0923284515738487 0.103511810302734 0.117828398942947 0.133712068200111 0.14134182035923 0.142098233103752 0.137127339839935 0.137576326727867 0.143635228276253 0.146504476666451
-9999 -9999 -9999 -9999 -9999 -9999 -9999 -9999 -9999 -9999 -9999 -9999 -9999 -9999 -9999 -9999 -9999 -9999 -9999 -9999 -9999 -9999 -9999 -9999 -9999 -9999 0.132832184433937 0.114961326122284 0.104105830192566 0.0280591081827879 0.0116555858403444 0.0105398194864392 0.0151919387280941 0.0355230644345284 0.0367944203317165 0.040833618491888 0.0541686937212944 0.0854867696762085 0.0669156983494759 0.0687134116888046 0.0690654963254929 0.0767106711864471 0.0821678265929222 0.0856598392128944 0.0862921997904778 0.0867023095488548 0.0876829102635384 0.0972213372588158 0.107852131128311 0.116127595305443 0.121789701282978 0.12603060901165 0.126667514443398 0.129775479435921 0.134591087698936 0.136613085865974
-9999 -9999 -9999 -9999 -9999 -9999 -9999 -9999 -9999 -9999 -9999 -9999 -9999 -9999 -9999 -9999 -9999 -9999 -9999 -9999 -9999 -9999 -9999 -9999 -9999 -9999 0.114263020455837 0.0933181941509247 0.07468431442976 0.0184186343103647 0.00973801780492067 0.00977098476141691 0.0144304875284433 0.0194143019616604 0.0424385070800781 0.0501818209886551 0.0684098452329636 0.0549627281725407 0.0747831091284752 0.0787756368517876 0.0756707713007927 0.0745706334710121 0.0774329155683517 0.0798589959740639 0.0803823843598366 0.0801873281598091 0.0854105874896049 0.0908752977848053 0.0982764586806297 0.105299256742001 0.109863989055157 0.114245899021626 0.11659350246191 0.119734041392803 0.123129181563854 0.123312003910542
-9999 -9999 -9999 -9999 -9999 -9999 -9999 -9999 -9999 -9999 -9999 -9999 -9999 -9999 -9999 -9999 -9999 -9999 -9999 -9999 -9999 -9999 -9999 -9999 -9999 -9999 0.0924655273556709 0.0623190812766552 0.0380556061863899 0.0123595166951418 0.0114105325192213 0.0120584964752197 0.0162092354148626 0.0224922709167004 0.0298906788229942 0.0335306450724602 0.0865133032202721 0.0623677112162113 0.0764099508523941 0.0864340364933014 0.0867647379636765 0.0839766561985016 0.0786129608750343 0.0772952809929848 0.0802531987428665 0.0803683027625084 0.0856204256415367 0.0866080299019814 0.0894749239087105 0.095160000026226 0.100469805300236 0.103897601366043 0.105892434716225 0.109038174152374 0.111046440899372 0.110520921647549
-9999 -9999 -9999 -9999 -9999 -9999 -9999 -9999 -9999 -9999 -9999 -9999 -9999 -9999 -9999 -9999 -9999 -9999 -9999 -9999 -9999 -9999 -9999 -9999 -9999 -9999 0.0664058402180672 0.0378381758928299 0.0111237308010459 0.0103315776214004 0.0130890132859349 0.0154249118641019 0.0237761959433556 0.034418597817421 0.0863850265741348 0.105582967400551 0.124675944447517 0.0745468586683273 0.0843191295862198 0.0964034348726273 0.104260377585888 0.0989126712083817 0.0900504887104034 0.0889794528484344 0.0960811600089073 0.100542977452278 0.0934270098805428 0.0837892219424248 0.0819212719798088 0.0854410603642464 0.0904333367943764 0.0942339077591896 0.096804104745388 0.0995985418558121 0.100642010569572 0.100034929811954
-9999 -9999 -9999 -9999 -9999 -9999 -9999 -9999 -9999 -9999 -9999 -9999 -9999 -9999 -9999 -9999 -9999 -9999 -9999 -9999 -9999 -9999 -9999 -9999 -9999 0.140593037009239 0.0570417381823063 0.0205777324736118 0.00672538997605443 0.00976768415421247 0.0142900561913848 0.0200428254902363 0.036054503172636 0.0999611988663673 0.136477202177048 0.160331681370735 0.177335724234581 0.0909474417567253 0.0943615511059761 0.109129719436169 0.222508609294891 0.108779452741146 0.0991056859493256 0.101025313138962 0.113730184733868 0.226680532097816 0.104739718139172 0.0814913213253021 0.0741853043437004 0.0761838182806969 0.0811956897377968 0.0851883962750435 0.0877410992980003 0.0898997709155083 0.0898284390568733 0.0906242281198502
-9999 -9999 -9999 -9999 -9999 -9999 -9999 -9999 -9999 -9999 -9999 -9999 -9999 -9999 -9999 -9999 -9999 -9999 -9999 -9999 -9999 -9999 -9999 -9999 -9999 0.111574448645115 0.0438822396099567 0.00684799859300256 0.00644445745274425 0.0101508507505059 0.0157027393579483 0.0249405484646559 0.0446787029504776 0.124540291726589 0.163843125104904 0.187711477279663 0.204704478383064 0.189120978116989 0.107456624507904 0.110032945871353 0.117136590182781 0.105109468102455 0.0984038114547729 0.101093366742134 0.117369785904884 0.218628346920013 0.102701209485531 0.0788697525858879 0.0699759647250175 0.0694981813430786 0.0739025846123695 0.0758139789104462 0.0770040079951286 0.0789333805441856 0.0786717534065247 0.0780599862337112
-9999 -9999 -9999 -9999 -9999 -9999 -9999 -9999 -9999 -9999 -9999 -9999 -9999 -9999 -9999 -9999 -9999 -9999 -9999 -9999 -9999 -9999 -9999 -9999 -9999 0.0978154391050339 0.0350886583328247 0.00506571074947715 0.0069748954847455 0.0111845396459103 0.0169753488153219 0.0285604875534773 0.0495136119425297 0.136806517839432 0.175997734069824 0.193354859948158 0.197339817881584 0.187791004776955 0.103177353739738 0.102038949728012 0.10252607613802 0.0943526849150658 0.0874478965997696 0.0892715826630592 0.103038489818573 0.207300916314125 0.0923213288187981 0.0703947171568871 0.0632639452815056 0.0633719861507416 0.0667747110128403 0.0672272369265556 0.0672324076294899 0.0681965425610542 0.0674732252955437 0.0671060159802437
-9999 -9999 -9999 -9999 -9999 -9999 -9999 -9999 -9999 -9999 -9999 -9999 -9999 -9999 -9999 -9999 -9999 -9999 -9999 -9999 -9999 -9999 -9999 -9999 -9999 0.0904982313513756 0.0328494273126125 0.00575643498450518 0.00789839960634708 0.0112655833363533 0.0188049525022507 0.0306096132844687 0.0498291254043579 0.0742291882634163 0.171117708086967 0.183271244168282 0.168015331029892 0.0805407911539078 0.0750312209129333 0.0822370573878288 0.0886583402752876 0.0811087489128113 0.0732179135084152 0.0715361684560776 0.0749860778450966 0.0763624608516693 0.069811038672924 0.0621178112924099 0.058861430734396 0.0578418709337711 0.0584417842328548 0.0587656162679195 0.058928057551384 0.0601370260119438 0.0594815537333488 0.0587104745209217
-9999 -9999 -9999 -9999 -9999 -9999 -9999 -9999 -9999 -9999 -9999 -9999 -9999 -9999 -9999 -9999 -9999 -9999 -9999 -9999 -9999 -9999 -9999 -9999 -9999 0.0818170607089996 0.0341575965285301 0.00613403646275401 0.00754457013681531 0.0113126579672098 0.0207354612648487 0.0320323966443539 0.0504193864762783 0.0744574218988419 0.165470257401466 0.170865476131439 0.148126289248466 0.0635222569108009 0.0568740777671337 0.0681142136454582 0.0761717036366463 0.0695233419537544 0.0601435080170631 0.0569906979799271 0.0566296316683292 0.0531900934875011 0.0551053769886494 0.0540843904018402 0.0532837696373463 0.052162941545248 0.0512888208031654 0.0520131587982178 0.0520416721701622 0.0528463572263718 0.0519657507538795 0.0518093630671501
-9999 -9999 -9999 -9999 -9999 -9999 -9999 -9999 -9999 -9999 -9999 -9999 -9999 -9999 -9999 -9999 -9999 -9999 -9999 -9999 -9999 -9999 -9999 -9999 -9999 0.0715755820274353 0.0353619754314423 0.00683630956336856 0.00834736414253712 0.01130027230829 0.0199460722506046 0.0310938209295273 0.0512842424213886 0.0732079222798347 0.156082659959793 0.16122105717659 0.134921848773956 0.0608773194253445 0.0543686226010323 0.0577927082777023 0.061960507184267 0.0570831224322319 0.0493770875036716 0.0473101809620857 0.0477058254182339 0.0476135425269604 0.0475366599857807 0.0470934398472309 0.047586977481842 0.0467430204153061 0.0458390861749649 0.0458459742367268 0.0457890592515469 0.0469364337623119 0.0465588308870792 0.0457035563886166
-9999 -9999 -9999 -9999 -9999 -9999 -9999 -9999 -9999 -9999 -9999 -9999 -9999 -9999 -9999 -9999 -9999 -9999 -9999 -9999 -9999 -9999 -9999 -9999 -9999 0.0847047865390778 0.0395514331758022 0.00616913568228483 0.00745946262031794 0.0106319496408105 0.0181475356221199 0.0285295788198709 0.0470780804753304 0.0645898059010506 0.132926777005196 0.138686969876289 0.118100829422474 0.0544890612363815 0.0486081913113594 0.0501517131924629 0.051924504339695 0.0490000359714031 0.0429394245147705 0.0452357046306133 0.0454036295413971 0.0447940044105053 0.0447042696177959 0.0441180989146233 0.0432327315211296 0.0419103056192398 0.0414065234363079 0.0419196262955666 0.0416610091924667 0.0422457940876484 0.0415992364287376 0.0413155294954777
-9999 -9999 -9999 -9999 -9999 -9999 -9999 -9999 -9999 -9999 -9999 -9999 -9999 -9999 -9999 -9999 -9999 -9999 -9999 -9999 -9999 -9999 -9999 -9999 -9999 0.0914538204669952 0.0424628704786301 0.00603191973641515 0.00579115701839328 0.00984556507319212 0.0171134043484926 0.0248253643512726 0.0371290817856789 0.0482202544808388 0.0532387346029282 0.0515810884535313 0.0490272678434849 0.0437908098101616 0.0406394153833389 0.0425820127129555 0.043486975133419 0.0424860492348671 0.0405738800764084 0.0429878458380699 0.0431488528847694 0.0424764417111874 0.0422313921153545 0.0417915433645248 0.0409816093742847 0.0394800379872322 0.0377940759062767 0.0380430072546005 0.0387554503977299 0.0397045835852623 0.0387258045375347 0.0378806367516518
-9999 -9999 -9999 -9999 -9999 -9999 -9999 -9999 -9999 -9999 -9999 -9999 -9999 -9999 -9999 -9999 -9999 -9999 -9999 -9999 -9999 -9999 -9999 -9999 -9999 0.108444631099701 0.0511815398931503 0.00706589175388217 0.00466515636071563 0.00911263097077608 0.0160196088254452 0.0237243548035622 0.0315229445695877 0.0370249897241592 0.0398170575499535 0.0389732010662556 0.0399905182421207 0.0374847054481506 0.0364066287875175 0.0406339354813099 0.0414278656244278 0.0416682548820972 0.0395594798028469 0.0407650768756866 0.0407188609242439 0.0400813072919846 0.0399190336465836 0.0396254621446133 0.0389866009354591 0.0376666188240051 0.0361798293888569 0.0349320247769356 0.0351533219218254 0.0334104001522064 0.0325365550816059 0.0308947321027517
-9999 -9999 -9999 -9999 -9999 -9999 -9999 -9999 -9999 -9999 -9999 -9999 -9999 -9999 -9999 -9999 -9999 -9999 -9999 -9999 -9999 -9999 -9999 -9999 -9999 0.119309946894646 0.0579092241823673 0.00877043697983027 0.00412484537810087 0.00821701157838106 0.0147979520261288 0.0221993383020163 0.0296057611703873 0.0339670516550541 0.0345000885426998 0.0368831530213356 0.0366075038909912 0.0358637943863869 0.0368647836148739 0.041443195194006 0.0443923398852348 0.0440824553370476 0.0408144183456898 0.0403453260660172 0.0401054695248604 0.0395987369120121 0.0374511703848839 0.0375308021903038 0.0372007116675377 0.0362140201032162 0.0352881141006947 0.0336125567555428 0.0314429588615894 0.0296349972486496 0.0282851289957762 0.0259590167552233
-9999 -9999 -9999 -9999 -9999 -9999 -9999 -9999 -9999 -9999 -9999 -9999 -9999 -9999 -9999 -9999 -9999 -9999 -9999 -9999 -9999 -9999 -9999 -9999 0.173929259181023 0.128572374582291 0.0651194229722023 0.0207429211586714 0.00388773204758763 0.00706194480881095 0.0126715265214443 0.0198982022702694 0.0278325993567705 0.0328770503401756 0.0315998047590256 0.0326783023774624 0.0334590226411819 0.0336027592420578 0.0356904305517673 0.0428287647664547 0.0486352816224098 0.0480349734425545 0.0439404621720314 0.0426656529307365 0.0418643914163113 0.0407066307961941 0.0370803065598011 0.0351532548666 0.0350220836699009 0.0346053838729858 0.0338641293346882 0.0324604734778404 0.0306906457990408 0.0291898902505636 0.0274347849190235 0.0257284622639418
