meets/meet004/_saidas_enm/CCSM_Maha_21k_Cavanillesia_umbellata5.asc
NCOLS 154 
NROWS 168 
XLLCORNER -112 
YLLCORNER -55.5 
CELLSIZE 0.5 
NODATA_value -9999 
[rows 75 to 99 of 168, columns 56 to 111 of 154]
-9999 -9999 -9999 -9999 -9999 -9999 -9999 -9999 -9999 -9999 -9999 -51.2223827269618 -15.8327804091659 -10.5737321318408 -8.94612240152045 -6.57408829524003 -1.66026190573841 -2.8599545048393 -1.00017468921255 -1.17793886548294 -0.744894032125973 -0.219919994062475 -0.23887374594555 -0.418436227026154 -0.505696707912022 -0.685355446220256 -0.533356287940098 -0.487954685316923 -0.375635763465064 -0.282779453666622 -0.281827055250275 -0.216111761681384 -0.242620429644667 -0.346237873883061 -0.485196089755939 -0.66391508925436 -0.742282895692011 -0.871086641388274 -0.985395211765878 -1.15744669808432 -1.34423483126286 -1.66925666416284 -1.80563054383244 -1.74053392856858 -1.68781091837508 -1.94841310460966 -1.96380819356173 -1.9553781450783 -2.20517431741267 -2.58146315024893 -3.11894041119488 -3.74695785654829 -3.61781693973692 -3.55934206265753 -3.49327086051904 -3.58173539290868
-9999 -9999 -9999 -9999 -9999 -9999 -9999 -9999 -9999 -9999 -9999 -52.1060826990552 -13.7166794395205 -7.2873747933932 -6.4170735972991 -4.55039438925585 -2.64855408781644 0.272036500643073 -1.61458917037272 -1.18522859409605 -1.55310290370254 -1.24259218314323 -0.423835855041392 -0.112895442135784 -0.406108032218196 -0.428316833226866 -0.469881175738003 -0.452267865907118 -0.393380120845301 -0.384489921580225 -0.43928061138122 -0.385306555200879 -0.45780560226375 -0.560740757533979 -0.727328486962951 -0.984676716093233 -1.05797984354754 -1.2549246328856 -1.38726533223165 -1.5484042068126 -1.89289087700612 -2.00959903288462 -2.28680503042069 -2.0993307597738 -1.89202303420549 -2.37520424335314 -2.30225351365555 -2.38352325594526 -2.64313938652966 -2.87456264934322 -3.23283476345418 -3.44122602428314 -3.61839561598057 -3.77578452943653 -3.63443387233546 -3.46397503457304
-9999 -9999 -9999 -9999 -9999 -9999 -9999 -9999 -9999 -9999 -9999 -9999 -25.9552133762769 -8.18099461713058 -4.90600785214391 -4.03512019998025 -2.01260845474445 -0.891782351904515 -0.0989306862667112 -0.179202569583236 -1.42882985445453 -1.23259298920918 -1.32509035655682 -0.575870017333185 -0.380251398368063 -0.522190671217919 -0.585282557982199 -0.551265548768283 -0.529976764086928 -0.590119165446457 -0.57252194752811 -0.56025401908266 -0.578261737494225 -0.631749802997378 -0.783987431038614 -1.01992242913228 -1.18358741300185 -1.40097716467171 -1.58380415038817 -1.78528600051644 -2.10755390736926 -2.26724747677444 -2.4645854365796 -2.56403471941299 -2.44033248713594 -2.59603933895481 -2.54177432985586 -2.66172187509394 -2.84617847019293 -2.89892370925404 -3.22906311393075 -3.4115834033595 -3.64280330937428 -3.78094459026302 -3.65341364519198 -3.41430547217337
-9999 -9999 -9999 -9999 -9999 -9999 -9999 -9999 -9999 -9999 -9999 -9999 -59.0138395167889 -21.0821251279117 -3.62059106846845 -7.15396834347536 -4.98666483693155 -1.4764741281139 0.187959036591678 -0.174022836445511 0.0184875804970708 -1.91912222908382 -1.36932990963576 -0.558282998394003 -0.977676328476252 -0.758824255699661 -1.02908103578886 -1.16250687001699 -1.09998335032909 -1.19544548039293 -0.834878530499192 -0.874537288248762 -0.888428749114716 -0.840194065707228 -0.882529309890738 -1.01566046825387 -1.16452098135705 -1.43919728314721 -1.63372107910622 -1.8132397189874 -2.0200887624588 -2.32478947319655 -2.76380814936438 -2.7723678494535 -2.80592402138347 -3.09405810702337 -3.24107560032833 -3.45523168367498 -3.63839074165209 -3.58629317796342 -3.62556686783846 -3.83737200535505 -4.01039236383828 -3.94471330187159 -3.74027259051094 -3.61163428291097
-9999 -9999 -9999 -9999 -9999 -9999 -9999 -9999 -9999 -9999 -9999 -9999 -9999 -52.0253013454658 -5.31427177527228 -7.65155349367357 -10.517404403249 -9.75561845510793 -7.1858780852549 -3.26871766668608 -1.33458415596363 -0.596653590325335 -2.79859612180683 -0.627695447509846 0.122865112663599 -0.254940178666786 -0.893228524136759 -1.59491736021968 -1.99436680630029 -1.92042271041721 -1.78290852285245 -1.73388313841063 -1.58416875512983 -1.33960905702258 -1.29333009897289 -1.18994318347334 -1.23466883753822 -1.41180701889553 -1.61677722437813 -1.8598212284411 -2.0902423738803 -2.28552750169847 -2.65457415186922 -3.07226579356016 -2.95718081236822 -3.33519346934132 -3.75842719804897 -4.29314728685305 -4.60657876821108 -4.43937437713877 -4.32730722009888 -4.18713797092519 -4.16220570106776 -4.00249023210664 -3.67317742398827 -3.3109883627857
-9999 -9999 -9999 -9999 -9999 -9999 -9999 -9999 -9999 -9999 -9999 -9999 -9999 -52.9550238388529 -10.1274642889016 -11.7119115583263 -14.8696234510072 -23.3698523403991 -24.6178589492448 -15.2024964911077 -10.5731568022538 -1.03976378796707 -1.97852841124499 -0.327664004713455 0.259784067662388 -0.147835147112474 0.050832144139492 -0.773625828557434 -1.37567794369774 -2.19343823863983 -2.46145183704714 -2.41364738779516 -2.07430850038469 -1.80496571464003 -1.59425397510504 -1.59758829617671 -1.43116273966144 -1.42028488167341 -1.55890031547233 -1.85015230311643 -2.2300507172021 -2.2947498271954 -2.47543378535666 -2.94202053853864 -3.35666377341621 -3.47816134163579 -4.3942317545521 -5.35324985588259 -5.85028019832581 -5.62334613034951 -5.39992955490686 -4.96721411136244 -4.52838525840345 -4.06889054464181 -3.78015162509062 -3.88548127883264
-9999 -9999 -9999 -9999 -9999 -9999 -9999 -9999 -9999 -9999 -9999 -9999 -9999 -9999 -25.497575728927 -6.59208316979574 -13.1402010060419 -25.5764692451019 -31.5898932113424 -25.8209155508878 -15.8898476763549 -5.35220169647724 -2.24558064120232 0.645338051315776 -0.177787393250615 -0.665130454802358 0.682594661640324 0.0586738655869121 0.555483775600519 -0.910706045045496 -2.26324314983512 -1.31848196175174 -1.77685612343208 -2.1525728683193 -1.57402930424839 -1.35693066171707 -1.08282718127443 -1.15470870184868 -1.50186494321052 -1.69947743283764 -2.03561585620295 -2.24780545925638 -2.5090134874396 -2.97834375946332 -3.53729615295193 -4.16930914231721 -4.69421001306889 -5.41544508309415 -5.92265562776027 -6.29927615013229 -6.10801162208555 -5.4685726771909 -5.24492868262532 -4.95576709218771 -4.0871632038098 -3.8030155554292
-9999 -9999 -9999 -9999 -9999 -9999 -9999 -9999 -9999 -9999 -9999 -9999 -9999 -9999 -56.389280272194 -21.559443005827 -15.0170781666974 -23.5652290381226 -34.3741534165241 -32.0403193948855 -24.0221887422899 -16.5730804267653 -14.8771626962785 -10.2750735417248 -3.27913654929969 -2.86376337207922 -0.521571996849843 -1.26015375591273 0.073329959870964 -1.87820381501606 -1.67653143787668 -1.51038368491808 -1.0917719676651 -1.27994514925509 -1.46332220143653 -0.958231281131855 -0.460478052962725 -0.157048272168867 -0.24447867504512 -0.969882647537258 -1.9446008167827 -2.12271225487543 -2.48851077898572 -2.98631223710725 -3.56702556933606 -4.11710886376304 -4.4502733987459 -5.05281068648793 -5.50238423197307 -5.88985651595106 -6.56392916301835 -5.87852232326028 -5.90825304245128 -5.58778328009639 -4.30064751946312 -3.4349183148937
-9999 -9999 -9999 -9999 -9999 -9999 -9999 -9999 -9999 -9999 -9999 -9999 -9999 -9999 -9999 -60.0868223351381 -22.0119473139136 -19.0279308653774 -31.5329924277273 -36.4535518748737 -37.3020789095226 -33.6461297927241 -34.3677957749626 -32.0687571048964 -22.9413459464324 -15.2751353921546 -8.45219379567394 -6.05762716206811 -1.07058453238482 -0.54107249215955 -3.39519059446144 -0.828614376838486 -0.0118695799577968 -1.12542903868046 -1.19622359749029 -1.20694362546705 -0.619276084906313 -0.340383715045321 -0.00234443081668201 0.181932131038862 0.0254453787121069 -1.12395785937702 -2.33715551366133 -2.9723333979086 -3.48144505148339 -3.73253739536419 -4.01418401830048 -4.33014821390664 -4.71426876284191 -4.8643243862507 -5.22783876588253 -5.08857510637938 -5.32146634812071 -5.11174774551486 -4.42346316999826 -4.22329130824426
-9999 -9999 -9999 -9999 -9999 -9999 -9999 -9999 -9999 -9999 -9999 -9999 -9999 -9999 -9999 -60.3605089456702 -36.9482007372522 -14.7266433731979 -24.9247498122665 -35.4812799976667 -49.7043736872979 -51.3159436432378 -67.559406518419 -68.1094354611502 -55.558523059415 -50.5024746413656 -28.3946684892176 -21.5650728290022 -9.51823840638028 -1.31401342762901 -0.933637459466732 -4.32069903258606 -0.423859309204129 -0.9111590786429 -0.952510802915277 -1.12944657942965 -0.9420338567548 -0.827049813413741 -0.61312092081444 -0.419783700458518 -0.0224501067391014 0.134735746042952 -2.12151948049618 -2.93349790449486 -3.39769089313097 -3.36615876558592 -3.674165212186 -4.03492237100748 -4.24230007442605 -4.23903840976948 -3.99480205765281 -4.03753545187086 -4.14252044226305 -3.88502563796504 -3.54648178385164 -3.92601151253356
-9999 -9999 -9999 -9999 -9999 -9999 -9999 -9999 -9999 -9999 -9999 -9999 -9999 -9999 -9999 -22.9445376344716 -63.2617453589012 -22.0941821324406 -17.8267601630904 -25.1199252053517 -41.0642860174019 -53.9180390723609 -72.1677827625633 -81.2827708027066 -75.430972087605 -70.431835835408 -55.9243571265704 -43.2041682385879 -25.0390443057866 -9.20683367239985 -3.18202392405083 -3.95284084372909 -3.51111091788463 -0.787508021419342 -1.30418221366274 -1.11059757846704 -1.04594174879107 -1.27221681671348 -1.39246781205771 -2.14381881812715 -1.84803964512075 0.00281788400613114 -1.62393913229756 -2.71572549572 -3.35745264352985 -3.40750626807206 -3.5185946660299 -3.69440362221969 -3.70719480549129 -3.42024310038561 -3.08343019499387 -2.74877488457108 -2.4941918246574 -2.07488276328431 -1.75764306166571 -1.53990058523669
-9999 -9999 -9999 -9999 -9999 -9999 -9999 -9999 -9999 -9999 -9999 -9999 -9999 -9999 -9999 -9999 -30.1673269824292 -53.0916626999462 -24.0810557479093 -16.6166366650703 -30.4666542979013 -41.7013388960558 -65.2979397469044 -78.6019694997983 -81.3530008115106 -90.7631831005686 -75.7616785280734 -72.5792691501816 -48.8087878680478 -26.32322746158 -10.4581314613432 -6.4211126640204 -4.89177649630613 -1.66907287323278 -0.244024340739319 -1.5598577956717 -1.30948376828648 -0.687858424807732 -0.459178448659301 -0.713648045388323 -1.095028216015 -0.0218748895498055 -2.13581174433688 -2.82181315820683 -3.34829577741808 -3.23915197076127 -2.90804456731774 -2.90527442404696 -2.80431217660201 -1.986127886947 -1.7923695500255 -1.39511399220649 -0.84348775395597 -0.563756750891348 -0.436988112171036 -0.326514738065239
-9999 -9999 -9999 -9999 -9999 -9999 -9999 -9999 -9999 -9999 -9999 -9999 -9999 -9999 -9999 -9999 -9999 -25.8547988247611 -51.0405448814875 -32.5839354464763 -17.5369657170097 -20.776647131539 -32.5590195312504 -46.7159191216182 -58.2670730342721 -70.7593235248809 -76.1900716222433 -76.8314350674254 -61.5876688690989 -39.4360945726752 -23.1570094838999 -8.44477788716005 -3.88740160994494 -3.50620606959786 -1.70067035174869 -0.303012197454877 -0.705776107201499 -1.44005359906441 -1.16486781973826 -0.605689556107508 -0.997488972072067 -1.4573281507164 -2.28126775531074 -2.74307862736793 -2.57544542873375 -2.32103303368172 -2.10965203310585 -1.5301596659977 -0.998214628918995 -0.692692312021796 -0.193051749485762 -0.17850629756898 0.00742700015634701 0.0678857876667637 0.0500238063864651 -0.054113037562439
-9999 -9999 -9999 -9999 -9999 -9999 -9999 -9999 -9999 -9999 -9999 -9999 -9999 -9999 -9999 -9999 -9999 -9999 -9999 -58.0655786387773 -51.9075534335488 -32.6933781468975 -25.327328087182 -30.9935233621641 -40.9652569091958 -55.2295774278 -69.5642792671445 -81.4019172833981 -72.2307961692284 -53.341301665374 -38.0588366746145 -18.6706034302348 -5.34424545785867 -2.35225692993753 -3.93670514309015 -1.37251875260737 -0.389799429985197 -0.108016818464383 -0.578388527696179 -1.33424506223726 -2.30184473520766 -2.00703601966101 -2.13419330228548 -2.17477307809124 -1.84012160830418 -1.75151980874849 -1.59064937908058 -0.892866929922339 -0.465157320582074 -0.0177883807886239 0.317047455733427 0.268009293547764 0.124366547146665 0.041760550836938 -0.0219210119084019 -0.00941370377242956
-9999 -9999 -9999 -9999 -9999 -9999 -9999 -9999 -9999 -9999 -9999 -9999 -9999 -9999 -9999 -9999 -9999 -9999 -9999 -9999 -9999 -61.9522044450414 -64.2461244483036 -46.2105448966351 -36.410929719284 -42.0952475512939 -55.0730031541742 -72.7404103607441 -79.4290778094855 -67.7177634955763 -54.8771969781101 -37.3348508473787 -15.6087672584398 -4.07176741963021 -0.94918417497762 -2.33834202989446 -1.32869839665663 -1.39860385203307 -0.149259073249947 -1.21632180362076 -1.42400336729282 -1.41619181570116 -1.39166123381587 -1.33170149595273 -1.40668373123935 -1.39310698558593 -1.21670319362165 -1.11590146960842 -0.719441200230533 0.100746277356004 0.364697677567376 0.32706186533793 0.13231657318234 -0.0644826584310692 -0.147585073701077 -0.285412977026621
-9999 -9999 -9999 -9999 -9999 -9999 -9999 -9999 -9999 -9999 -9999 -9999 -9999 -9999 -9999 -9999 -9999 -9999 -9999 -9999 -9999 -9999 -9999 -55.7044223670664 -43.0644883623844 -33.5019418518309 -37.7905335930902 -54.2836047236535 -68.5810005148269 -71.9272457053322 -65.489392065375 -49.3855381847305 -35.250176535239 -19.3764892054063 -7.22630577222289 -1.01482586511483 -2.39661251317247 -2.25859372268178 -3.11047405021455 -1.9302166815192 -1.00969779869141 -0.819841070436891 -0.733904809888855 -0.803305795944115 -0.768884998470254 -0.790353689117338 -0.819252453812375 -0.767014301264798 -0.504397551906317 0.124764250325934 0.37302417635101 0.349947434666715 0.146503559073516 -0.0508543909151322 -0.144623511760176 -0.276095750160144
-9999 -9999 -9999 -9999 -9999 -9999 -9999 -9999 -9999 -9999 -9999 -9999 -9999 -9999 -9999 -9999 -9999 -9999 -9999 -9999 -9999 -9999 -9999 -9999 -9999 -60.2435279578827 -36.8536218540957 -31.987898288024 -48.7153050349813 -62.4294468724776 -66.3622773178297 -64.5915899871864 -57.7170024959598 -42.4343929265512 -27.4341079113366 -14.6306308375003 -5.50385639330591 -2.99247033089345 -1.84659299001722 -2.28881245133359 -1.80353761739068 -0.617793066241422 -0.296963465678421 -0.279137483734019 -0.258779753844657 -0.220581396957704 -0.239829546713818 -0.100086934225246 -0.0556779056726142 0.246245727414563 0.39148397448873 0.306613644017807 0.12519132554963 0.0056480488973375 0.0165093162197592 -0.071615096469803
-9999 -9999 -9999 -9999 -9999 -9999 -9999 -9999 -9999 -9999 -9999 -9999 -9999 -9999 -9999 -9999 -9999 -9999 -9999 -9999 -9999 -9999 -9999 -9999 -9999 -70.3995163106429 -57.8038679345226 -28.6213454268274 -31.6624492693634 -47.3008280423882 -62.1320392638831 -73.0903399138878 -74.29010805999 -62.7362772436376 -43.2379530273545 -29.0746671917503 -17.4766263151343 -9.96630305208215 -6.43136903322424 -2.08056340914393 -3.31920662897358 -1.27063425669088 -0.114824583745949 -0.195916302288845 -0.128786494962215 -0.0989124140118103 -0.109767418312292 -0.020276253585239 -0.00653050038298497 0.131063027984207 0.228549828367476 0.0736841029586776 0.0700977854370981 0.0853382748892759 0.141861221295734 0.00645405696272827
-9999 -9999 -9999 -9999 -9999 -9999 -9999 -9999 -9999 -9999 -9999 -9999 -9999 -9999 -9999 -9999 -9999 -9999 -9999 -9999 -9999 -9999 -9999 -9999 -9999 -9999 -9999 -50.3445248141074 -29.718974999463 -35.7222676181162 -61.1531424227548 -74.4548413425948 -80.8501844933362 -75.5890185885131 -60.7356099193619 -45.8560660752906 -26.7627444422151 -20.2497104895484 -13.6467647493101 -5.69582283753555 -5.24060097476656 -3.02392093507885 -0.241346995099344 -0.490503108451976 -0.323857731712921 -0.27096820430394 -0.230354660473873 -0.293999513290282 -0.338365315441106 -0.252654019735766 -0.299918896062252 -0.126529994062855 0.0374799342207239 0.172712913926801 0.264412249408734 0.0416586372066294
-9999 -9999 -9999 -9999 -9999 -9999 -9999 -9999 -9999 -9999 -9999 -9999 -9999 -9999 -9999 -9999 -9999 -9999 -9999 -9999 -9999 -9999 -9999 -9999 -9999 -9999 -9999 -52.5844486250727 -39.918993849756 -29.7838206230984 -46.9223175522831 -67.3920646093531 -79.6960542335127 -80.5566009462847 -69.6625531336378 -54.3331960505037 -34.9821549010291 -22.8920557691386 -16.1616248718203 -10.3991712435401 -8.86932387201027 -5.99962986307903 -0.941154007603022 -0.515825402080772 -0.503829289762124 -0.480352434045765 -0.446018284830526 -0.553584206772271 -0.650642052057434 -0.701713463629948 -0.516494505930968 -0.188063095149058 0.130466716185716 0.324630409266473 0.359703528025206 0.110120470792631
-9999 -9999 -9999 -9999 -9999 -9999 -9999 -9999 -9999 -9999 -9999 -9999 -9999 -9999 -9999 -9999 -9999 -9999 -9999 -9999 -9999 -9999 -9999 -9999 -9999 -9999 -9999 -9999 -41.0922344782461 -26.3314857551713 -35.0247648819351 -58.1015529081296 -77.8268566038111 -84.7054374974647 -72.8593420013802 -55.3255834096285 -37.8259911133088 -24.7777132110619 -14.7064949517403 -13.3391979683787 -12.0044296784646 -9.76484368598953 -3.48761805289691 -1.25871050020544 -0.759464298595709 -0.729876560706979 -0.894169618827596 -0.924550466369894 -0.95828268345486 -0.935380735658888 -0.836664878235076 -0.273752137402709 0.26032028465748 0.484304947016695 0.46018416783231 0.255240261859512
-9999 -9999 -9999 -9999 -9999 -9999 -9999 -9999 -9999 -9999 -9999 -9999 -9999 -9999 -9999 -9999 -9999 -9999 -9999 -9999 -9999 -9999 -9999 -9999 -9999 -9999 -9999 -9999 -42.7108175203888 -26.1136166922542 -30.9637480498299 -52.976283469969 -76.8690573513251 -85.6672028350225 -73.5781281848716 -54.6375224186312 -37.9953794596591 -24.6907818884086 -13.7386097578514 -14.0193335762248 -13.692591473728 -12.052644487548 -6.26678248471206 -2.4997058102264 -1.55269934750974 -1.31629992347102 -1.15472091090244 -1.24230629118793 -0.89456026327622 -1.0613760898312 -1.00421830686536 -0.456490766106534 0.0956668132144451 0.409421035079189 0.441465707737895 0.0585001374964204
-9999 -9999 -9999 -9999 -9999 -9999 -9999 -9999 -9999 -9999 -9999 -9999 -9999 -9999 -9999 -9999 -9999 -9999 -9999 -9999 -9999 -9999 -9999 -9999 -9999 -9999 -9999 -9999 -45.4982570367708 -25.3764256300124 -29.7566674416407 -52.6639365437977 -82.1311563373749 -92.9912277080312 -76.5193515059133 -55.387012228301 -37.5340114873765 -23.6673596136989 -12.4597807482207 -14.8439824231143 -17.2162388888672 -16.0596427660407 -8.58258719774106 -4.64424981112743 -3.94456398302819 -3.36966307112123 -1.53249089109001 -1.38887001256518 -0.822825068636762 -1.08063050448778 -1.21009411670659 -0.706353073421584 -0.192784346626763 0.121019645501062 0.0621387606218784 -0.559207292237413
-9999 -9999 -9999 -9999 -9999 -9999 -9999 -9999 -9999 -9999 -9999 -9999 -9999 -9999 -9999 -9999 -9999 -9999 -9999 -9999 -9999 -9999 -9999 -9999 -9999 -9999 -9999 -9999 -43.6374778123915 -25.2635518617346 -28.8329681434817 -55.6762367442935 -84.7522575778628 -95.4393640449395 -80.6219211992898 -58.274830860763 -38.1149483083314 -22.1019252153325 -10.676097696799 -13.7364031470025 -17.7405330921791 -18.7648808618957 -10.5356718631328 -7.29829533968661 -7.06549380293155 -6.1090926907547 -3.16939640697023 -1.22776611971709 -0.903286552085621 -1.15015560477826 -1.20507720198978 -0.893759541316087 -0.582293918812863 -0.504879974213409 -0.792377137281333 -1.6367319449543
-9999 -9999 -9999 -9999 -9999 -9999 -9999 -9999 -9999 -9999 -9999 -9999 -9999 -9999 -9999 -9999 -9999 -9999 -9999 -9999 -9999 -9999 -9999 -9999 -9999 -9999 -9999 -9999 -42.2353078137893 -24.4423169473184 -29.9343748033931 -59.8934694873004 -90.1622208966565 -100.23366742042 -83.2009239568368 -63.1792217909316 -37.6412381922473 -19.5554662466388 -9.11535603743296 -13.8792768708255 -21.7038381826875 -19.8130228397033 -12.0130684407256 -9.60380950412029 -10.219526406623 -9.99627527949815 -5.55780774552932 -2.32277242510888 -1.06882060258993 -1.12573241695509 -1.54648256451534 -1.37465629947347 -1.14684015802644 -1.31745346911849 -1.86863569664715 -2.74020393529141
