meets/meet004/_saidas_enm/CCSM_Maha_21k_Cavanillesia_umbellata3.asc
NCOLS 154 
NROWS 168 
XLLCORNER -112 
YLLCORNER -55.5 
CELLSIZE 0.5 
NODATA_value -9999 
[rows 75 to 99 of 168, columns 56 to 111 of 154]
-9999 -9999 -9999 -9999 -9999 -9999 -9999 -9999 -9999 -9999 -9999 -145.735018420123 -61.3582690518963 -34.9825277209373 -22.67656713322 -9.70946809285523 -1.72590322903342 -1.59342359918243 -2.2413796410747 -2.17581581430253 -1.16242210044808 -0.302207454805341 -0.522619624839801 -0.997556474265352 -1.10396933195994 -1.41724066189562 -1.11081973060284 -1.05367100349304 -0.82909378624728 -0.602766815148395 -0.559051763323899 -0.381023913373938 -0.353409435450484 -0.459189724811804 -0.552656448409431 -0.720310067641002 -0.720492469245914 -0.820474771431635 -0.920000570297464 -1.17098766236831 -1.49085369580746 -2.10545783374529 -1.89755707481522 -1.47130392723002 -1.1792391579398 -1.13646106218398 -1.33724153239252 -2.11852880495199 -2.28621933723881 -2.58889410438162 -3.06899336453921 -3.56810846557593 -4.13446955544934 -4.65904932765261 -5.34265007816541 -5.95911313667954
-9999 -9999 -9999 -9999 -9999 -9999 -9999 -9999 -9999 -9999 -9999 -150.366728293685 -55.8653995217001 -27.8126398090442 -22.2826139780735 -13.5426525555699 -4.06305259838921 0.27440244337293 -0.427932388428961 -1.90800229136338 -2.96663542647943 -1.94599267603859 -0.551809682789402 -0.266820418404878 -0.654500360831448 -0.828178466480012 -0.839838964780302 -0.824370028619176 -0.709904122865962 -0.65467179404054 -0.723919434209145 -0.602527165341437 -0.61888725306587 -0.712903025799414 -0.844408999748118 -1.10165871687244 -1.12889156475253 -1.25757590147708 -1.34933749789545 -1.50932121554123 -1.93497501476284 -2.15994171735242 -2.44420838709138 -1.75342399107756 -1.30927861025083 -1.13229767405222 -1.38897196315675 -2.02289376405627 -2.85225292139508 -3.01793947704999 -3.33367242501349 -3.72983604192186 -4.35619763843683 -4.92210629490765 -5.54093977044647 -5.84943171119671
-9999 -9999 -9999 -9999 -9999 -9999 -9999 -9999 -9999 -9999 -9999 -9999 -84.8995333446589 -38.6425148357916 -24.051311415701 -15.8018443623903 -9.0092629289532 -3.6648247216039 -0.549432058576324 -0.295706575610434 -2.41471876031268 -2.41166849197435 -2.09787222122845 -0.817254695754885 -0.497478301324981 -0.684599838398227 -0.748730240825543 -0.68385248435439 -0.65777103896081 -0.724227585741909 -0.752666721199839 -0.688748037068883 -0.683183929455797 -0.7224397519453 -0.857787552004289 -1.10273721103981 -1.25055160192837 -1.44258042692284 -1.57054415404437 -1.72584627828008 -2.0587677445399 -2.34289785363254 -2.77120211704943 -2.84886232708969 -2.18804335824295 -1.86030032062612 -1.83250834234553 -2.28712849683977 -2.89144449976079 -3.52732855814836 -3.97488399851034 -4.3312023940996 -4.75257109828128 -5.12747568397827 -5.60291256666706 -5.75970404151629
-9999 -9999 -9999 -9999 -9999 -9999 -9999 -9999 -9999 -9999 -9999 -9999 -153.895156688745 -74.4086931848118 -23.7366664300083 -16.4826770489887 -18.4488431808794 -18.7085321045909 -14.6230437040541 -6.19278045478791 0.0506515928117275 -2.69862070159161 -2.66018474996963 -1.06390030583837 -1.37573556913532 -0.954501241272169 -1.19099694327563 -1.34302227260241 -1.27309147802821 -1.35881594253284 -0.978055700409936 -1.00651386032794 -1.00464201494838 -0.934598066937441 -0.949115266383157 -1.07335875462835 -1.26159458373453 -1.55770501001218 -1.72342380344877 -1.8071320610518 -1.93775884560956 -2.20408557466178 -2.66754126502852 -3.08691316324543 -3.40889261916848 -3.35642164968964 -3.04080808566614 -3.27144508243794 -3.65474397899611 -4.09047744739828 -4.63883767273789 -4.84218817898402 -5.14864232732677 -5.38590807031347 -5.63375979874719 -5.90331507208137
-9999 -9999 -9999 -9999 -9999 -9999 -9999 -9999 -9999 -9999 -9999 -9999 -9999 -139.367877729903 -33.3357854359121 -23.6203417481526 -32.7722194401965 -41.5333616049092 -36.9746995138085 -27.7772178519691 -11.0872710067026 -0.844524227223073 -0.772714539894451 -1.66016142158397 -0.405690275949828 -0.598859829420776 -1.30096053820009 -2.10537343731292 -2.38177747810963 -2.32203571374573 -2.1297142253972 -2.06221590624621 -1.86921185614932 -1.54671768132183 -1.44184508612542 -1.28026205353019 -1.30335170455192 -1.50956735373736 -1.71921015582347 -1.91895684705267 -2.08716469900636 -2.15598729611779 -2.47458879411039 -2.95363126968427 -3.58144978047667 -4.01562473890419 -3.81241405449741 -4.11835828195679 -4.439765869356 -4.56625925537344 -4.91615299140216 -5.108880378101 -5.43173473020962 -5.46945024864283 -5.22888081639716 -4.96581238198061
-9999 -9999 -9999 -9999 -9999 -9999 -9999 -9999 -9999 -9999 -9999 -9999 -9999 -137.65461176253 -48.8271598697754 -32.2842806600139 -46.9776934776095 -66.9718407527367 -67.9003239751787 -52.9627268045116 -34.8137154504774 -12.0353694139582 -2.13046020284016 -0.293077708235386 0.13344393584199 -0.970759635948782 -0.53646836471606 -1.4350907482713 -1.96120791320605 -2.77636390762562 -2.86121772220596 -2.79660063881075 -2.55938770654441 -2.33120615169911 -2.18267314277063 -1.7980393996177 -1.55026361666328 -1.48101782371381 -1.62659047333305 -1.96137562755951 -2.42699554609565 -2.27766309774672 -2.29550467326733 -2.76092981001927 -3.63299273451979 -4.20214395636404 -4.53800139114197 -5.14859909120372 -5.47478453794452 -5.48035347561792 -5.42433347123889 -5.32096147361165 -5.13283737207048 -4.80053334684063 -4.79142862275404 -5.33302296016955
-9999 -9999 -9999 -9999 -9999 -9999 -9999 -9999 -9999 -9999 -9999 -9999 -9999 -9999 -83.6526239784095 -41.324647436595 -53.5011757133083 -73.2602311762615 -79.6230139359746 -71.0812776428254 -49.1581323616351 -24.1991276997793 -4.34764880197061 0.587090752948235 -0.801089024879699 -1.87747774436728 0.454119925673967 -0.233600633990145 0.321367714491099 -1.83515240090688 -3.45726892637929 -3.00964383559799 -2.97617370488927 -2.72642528003073 -2.19492919950118 -1.87618866479365 -1.62930928429356 -1.71222202438925 -1.71612010025315 -1.65866563631365 -2.06620788475098 -2.20832824564173 -2.39874492024364 -2.85029689029098 -3.59921171446825 -4.55277419312298 -5.05716875583578 -5.70491916925277 -6.0403236863684 -5.97137138164258 -5.91291309262159 -5.2832222101178 -5.50200989857573 -5.64925085398225 -4.88336025984342 -4.93479866724045
-9999 -9999 -9999 -9999 -9999 -9999 -9999 -9999 -9999 -9999 -9999 -9999 -9999 -9999 -139.541333915468 -80.1334487620343 -62.9230987460599 -69.9972926155243 -83.7318173944992 -83.1060910461891 -69.4640653407989 -50.9927139396405 -33.9503731655773 -23.4699376832738 -9.00996753039781 -4.62261231618474 -0.711670544316249 -3.21033342203193 -0.290916234092938 -2.62713252130638 -2.70931785880845 -3.13812873238417 -2.71887472641348 -2.65762797580845 -1.75530325989344 -1.22949308435993 -0.730147272397119 -0.437697666255495 -0.752718632271679 -1.61284190464075 -1.86415990972432 -1.99928459705473 -2.40360060125563 -2.93912627946033 -3.52926224007868 -4.37447427965563 -5.00769158453832 -5.63989898226374 -5.98567663233485 -5.59169808802961 -6.07980967025411 -5.46067986891894 -6.07752483320203 -6.06379379879913 -4.70787860869375 -4.03302441446088
-9999 -9999 -9999 -9999 -9999 -9999 -9999 -9999 -9999 -9999 -9999 -9999 -9999 -9999 -9999 -143.493619075885 -75.2325925260118 -60.6649697331573 -80.4874512441873 -93.633037282417 -105.501224117923 -95.3570565748945 -87.8574024228193 -74.0131302117994 -53.411781488912 -38.2850126453126 -21.2444617611432 -11.403674149218 -2.24568694661606 -1.32749339027962 -0.965724326481414 -1.43580733202794 -0.66243718868079 -2.65538091829501 -2.27010381657611 -1.46045371967302 -0.801458968579248 -0.49420519828523 -0.139859233544899 -0.0027760217701096 -0.297944563318161 -1.712985667804 -2.20222480470105 -3.00012715644832 -3.50993950949825 -4.08835026996143 -4.73732772107296 -5.17714804997846 -5.02570207176452 -4.35586732480988 -4.18744690701128 -4.32561185102139 -4.94921631670724 -5.0075212425193 -4.43066643664205 -4.23326253403541
-9999 -9999 -9999 -9999 -9999 -9999 -9999 -9999 -9999 -9999 -9999 -9999 -9999 -9999 -9999 -138.120813876326 -98.0685343163677 -47.2248047437845 -64.9215237604372 -92.6326868456799 -130.036400595389 -125.174105638831 -146.675597667412 -139.157986406442 -110.729290494859 -107.377316424712 -67.9716708435847 -54.1993978998254 -27.1429783188192 -3.24794539062435 -1.66797368530525 -1.09188992514086 -1.00187294023141 -2.20734357865644 -2.36786073755707 -1.80284146623265 -1.17401876488071 -1.08328547608401 -0.883728853269015 -0.677701553046203 -0.220484383759203 -0.114173279677443 -2.07713826989564 -3.03285009017377 -3.49147226475521 -3.91452195228186 -4.68833468750083 -5.13708029201382 -4.55502172179396 -3.62086087879189 -3.0310360890016 -3.04276994136866 -3.44433908721187 -3.54782422074324 -3.46659193902093 -3.75458832863159
-9999 -9999 -9999 -9999 -9999 -9999 -9999 -9999 -9999 -9999 -9999 -9999 -9999 -9999 -9999 -52.9205600801733 -141.290009267835 -61.4723692731054 -51.0292696677224 -65.9156868140687 -94.6916560243703 -118.592364381649 -146.041607925882 -159.434457322136 -146.520694084788 -134.944736978473 -110.181287240582 -91.9637933832315 -57.470152257957 -23.9398227143435 -6.36047536189161 -4.00156791801925 -1.63534035974068 -1.65003392169422 -2.32415189617193 -1.48873895654821 -1.25203057245254 -1.66119556175845 -1.9063532569519 -3.30443474542258 -2.99318658772724 -0.0898445191926396 -2.17146877149138 -2.76140815389233 -3.52220981300717 -4.00759372323238 -4.56340103809731 -4.83275463531118 -4.249881915197 -3.2512359406471 -2.69880882176776 -2.59929550081761 -2.62838596875415 -2.72331452825168 -2.92251913447654 -2.84558683197177
-9999 -9999 -9999 -9999 -9999 -9999 -9999 -9999 -9999 -9999 -9999 -9999 -9999 -9999 -9999 -9999 -71.2894133871135 -116.770316990042 -60.5250459574643 -44.6297326629444 -63.3675892704282 -86.449896320814 -120.880868923199 -143.255257949509 -146.6615989242 -158.555586713963 -142.945894513932 -141.338729407175 -102.17386963604 -52.5773182820737 -23.0540884128805 -8.58214091266 -4.11739045826514 -2.42848450023996 -0.949883580718642 -1.87562837666736 -1.61669574428001 -0.829037772451429 -0.570605705476146 -0.991309109893617 -1.75795021965483 -0.201793463828261 -2.2017935579132 -2.95930885183164 -3.57237960326182 -3.84330444624937 -3.83494900434904 -3.62195600006274 -3.32183752032524 -3.17067870859838 -2.95371783677251 -2.62181872341717 -1.97892633847706 -1.53900910087877 -1.21487421781518 -1.06674360054864
-9999 -9999 -9999 -9999 -9999 -9999 -9999 -9999 -9999 -9999 -9999 -9999 -9999 -9999 -9999 -9999 -9999 -59.7467580467962 -111.766903827867 -73.6020242582595 -39.2866409743469 -50.9791764995094 -73.7019071267749 -98.6164449571215 -115.587835492973 -132.622612208685 -143.771752166107 -147.803925462445 -123.806803631089 -83.0838761331361 -44.6203404467168 -18.2342693955849 -8.4531855252286 -4.89250151664581 -1.00810465891347 -1.0036008094184 -1.22891378106875 -1.62417923948611 -1.65511876723812 -1.02279793524188 -1.57314221587093 -1.91418274090821 -2.47467214717003 -2.87945479754115 -3.09645444839914 -3.00650217902606 -2.52333772672721 -2.16703307271782 -1.66592034962039 -1.29530196905802 -1.01278839844698 -0.892827140939139 -0.667228119937911 -0.546230212101582 -0.513831838595441 -0.389328934139716
-9999 -9999 -9999 -9999 -9999 -9999 -9999 -9999 -9999 -9999 -9999 -9999 -9999 -9999 -9999 -9999 -9999 -9999 -9999 -119.786857642389 -104.444612558792 -80.8790792335345 -74.7178502400017 -86.7498350294566 -99.7741687959647 -112.230195358665 -135.708975701735 -152.483863191876 -138.250581228701 -106.974917287752 -71.9776378797762 -38.1080657917545 -18.25673198363 -9.79640330998493 -5.71713841070997 -1.67354690287035 -1.31386662175676 -0.376162769656311 -0.688443337084328 -1.45144029377262 -2.45237636665755 -2.4375694920078 -2.63754083328915 -2.89078711146501 -2.42916771099203 -2.23836114880542 -2.04521721330113 -1.39511324567569 -0.821221541522815 -0.589324702929536 0.0357203226386533 -0.100628434746883 -0.453758526363705 -0.583320189906809 -0.571796980633004 -0.287411465874786
-9999 -9999 -9999 -9999 -9999 -9999 -9999 -9999 -9999 -9999 -9999 -9999 -9999 -9999 -9999 -9999 -9999 -9999 -9999 -9999 -9999 -140.614249641018 -152.189376666231 -121.875985156738 -101.225544797514 -103.62946429522 -116.108515426985 -136.152247882496 -143.234816587819 -124.792509105732 -104.815963227307 -70.7085753836257 -37.2877158388242 -16.3455899864517 -6.50640881287232 -4.78638034167074 -1.19638489211921 -1.31561466494326 -0.525804614205333 -1.56666511639614 -1.9073566656222 -1.95670916783457 -1.97831006577457 -1.7749826403266 -1.83267068317725 -1.78277404157643 -1.7126921222703 -1.69011044860986 -1.12049341737524 -0.383618199043411 0.153964100656271 -0.00611755379677548 -0.444846838110635 -0.7384050685107 -0.7786989816451 -0.721350279545354
-9999 -9999 -9999 -9999 -9999 -9999 -9999 -9999 -9999 -9999 -9999 -9999 -9999 -9999 -9999 -9999 -9999 -9999 -9999 -9999 -9999 -9999 -9999 -136.809156467573 -115.533337739108 -96.2302142277728 -93.1653300082026 -106.746452543383 -126.010703747077 -128.940928259688 -122.670245026223 -97.8142232967448 -70.9839537462595 -42.6684960900362 -21.6725049164882 -7.43469883256652 -3.8928225868788 -1.78966392420393 -0.337946163215003 -1.4963168875932 -1.58754612453325 -1.20944303530497 -1.03250962796039 -1.06441225076125 -1.20441435466348 -1.26801890504931 -1.31618702349425 -1.25198336581435 -0.868532139539777 -0.339302529605696 0.162268609485602 0.0324403269526742 -0.39213436397899 -0.668997810546258 -0.73521708680356 -0.80179918901099
-9999 -9999 -9999 -9999 -9999 -9999 -9999 -9999 -9999 -9999 -9999 -9999 -9999 -9999 -9999 -9999 -9999 -9999 -9999 -9999 -9999 -9999 -9999 -9999 -9999 -141.026032268748 -94.0693200739907 -75.0013907142511 -94.6634049308639 -112.873814247758 -120.742331029421 -119.025269395448 -114.027926202893 -92.8571511732515 -57.7753647417519 -33.7022769063401 -14.3790671342415 -6.15192172501099 -2.66334125993065 -1.2979162827528 -2.02035316196628 -1.19479148989538 -0.541231949257362 -0.485191851998771 -0.520155080142005 -0.573918013203516 -0.658420115510281 -0.532124495376271 -0.430369595478081 -0.0961821204521405 0.187863630032661 0.036512741399037 -0.388104786816207 -0.543705432611851 -0.383761186645201 -0.48338424744506
-9999 -9999 -9999 -9999 -9999 -9999 -9999 -9999 -9999 -9999 -9999 -9999 -9999 -9999 -9999 -9999 -9999 -9999 -9999 -9999 -9999 -9999 -9999 -9999 -9999 -143.636710924082 -131.303853405183 -71.7060710858618 -68.4178676974638 -89.0736183788626 -109.647621668667 -126.547152007335 -134.278504320133 -119.96462566526 -90.6124865729381 -66.2110742982928 -39.1332430194974 -22.2816611525601 -9.87387388753856 -3.82291616802055 -3.52636476808148 -2.58179530648734 -0.316858021950153 -0.243280024532738 -0.263036294751292 -0.354933193712657 -0.457384887082444 -0.416124404353342 -0.374341761867809 -0.282992799808141 -0.0549211721916922 -0.19132348543281 -0.391949804886086 -0.371878165061315 -0.159071796704465 -0.331742507307061
-9999 -9999 -9999 -9999 -9999 -9999 -9999 -9999 -9999 -9999 -9999 -9999 -9999 -9999 -9999 -9999 -9999 -9999 -9999 -9999 -9999 -9999 -9999 -9999 -9999 -9999 -9999 -111.593739813718 -66.2620859358046 -64.258001951606 -98.5934884678832 -122.042443734878 -133.340276980968 -130.520258446051 -112.073028635419 -90.4524424479147 -59.643255355971 -40.6241746046299 -21.1591743525361 -9.15960311942706 -9.61353178536576 -4.46782697821012 -0.700934359455273 -0.634468904797157 -0.399881394812722 -0.454996854901723 -0.497572356129122 -0.663980593258777 -0.671361960745737 -0.589713440361944 -0.964600438284817 -0.481309798443627 -0.336045832234144 -0.184434003857552 0.0560684013475552 -0.293320391200631
-9999 -9999 -9999 -9999 -9999 -9999 -9999 -9999 -9999 -9999 -9999 -9999 -9999 -9999 -9999 -9999 -9999 -9999 -9999 -9999 -9999 -9999 -9999 -9999 -9999 -9999 -9999 -105.480647189966 -78.2381300085159 -52.7196802784067 -75.3914568790869 -108.902899515254 -130.042913285078 -135.182854782725 -121.590129296571 -98.8173382316835 -72.5847319509667 -50.188667267963 -28.4954860561885 -16.2659337452729 -15.5459647336922 -7.32526469030451 -2.01722943662534 -0.898907450798801 -0.654003863540114 -0.528981906788357 -0.680873796778939 -0.858425717878857 -1.02801211357088 -1.12576945752566 -1.18147820673567 -0.515294352409895 -0.179864862180203 0.092545614892237 0.174737628797912 -0.196875185639932
-9999 -9999 -9999 -9999 -9999 -9999 -9999 -9999 -9999 -9999 -9999 -9999 -9999 -9999 -9999 -9999 -9999 -9999 -9999 -9999 -9999 -9999 -9999 -9999 -9999 -9999 -9999 -9999 -69.3783592282096 -43.9985188675603 -57.0203907520322 -94.6209611662825 -128.443971046025 -141.677216366212 -125.478086888969 -100.10885548387 -77.7852112854521 -57.8276417607473 -33.3358857049221 -20.6156059580846 -20.4617771470041 -12.1303117258074 -5.34344300185358 -1.35777133906028 -1.18438986687418 -0.82493037814798 -1.04072284581227 -1.34614349912344 -1.52952790356291 -1.48278640103561 -1.53647272296298 -0.623056669932375 0.00425178884469979 0.373404054199984 0.313350230266753 -0.0464132014236145
-9999 -9999 -9999 -9999 -9999 -9999 -9999 -9999 -9999 -9999 -9999 -9999 -9999 -9999 -9999 -9999 -9999 -9999 -9999 -9999 -9999 -9999 -9999 -9999 -9999 -9999 -9999 -9999 -67.1327085581303 -40.2167043173466 -50.0847802508339 -88.1054116170662 -127.843966120501 -145.072518200131 -130.084217913134 -101.177073599647 -80.6913770009182 -62.1561464200266 -35.6104353052245 -21.6935372220704 -23.4057465725521 -16.4645847633708 -8.79017366803644 -3.53373711437075 -2.00793149085644 -1.37266237042962 -1.10560989238444 -1.59386954690897 -1.53121175530025 -1.70307939009564 -1.69538010970919 -0.935776568591419 -0.217112061916621 0.218026936362284 0.235331871596294 -0.477684017343181
-9999 -9999 -9999 -9999 -9999 -9999 -9999 -9999 -9999 -9999 -9999 -9999 -9999 -9999 -9999 -9999 -9999 -9999 -9999 -9999 -9999 -9999 -9999 -9999 -9999 -9999 -9999 -9999 -68.9464573195099 -38.5190615386927 -45.6692701318237 -87.3639890269535 -135.490647992368 -155.665731223862 -135.336030626169 -102.905555458083 -82.4575716125857 -64.0855179733493 -36.8563999904454 -23.132881920356 -29.6003427578624 -22.1071169747669 -12.729361834956 -7.3237149126143 -6.40661478377135 -5.43848123636501 -2.03205902171499 -1.45607928649816 -1.62396264834726 -1.70404340363864 -1.35713453145524 -1.40276146304082 -0.602839953377859 -0.339859491479796 -0.453450060129536 -1.55806494675199
-9999 -9999 -9999 -9999 -9999 -9999 -9999 -9999 -9999 -9999 -9999 -9999 -9999 -9999 -9999 -9999 -9999 -9999 -9999 -9999 -9999 -9999 -9999 -9999 -9999 -9999 -9999 -9999 -67.4368230861332 -40.5390587731303 -48.5628261679256 -92.378293328037 -139.863945986933 -160.621465817153 -144.284702178798 -112.212007102959 -86.52065670023 -64.2443947905072 -34.2574479108422 -21.879231703078 -30.9904654667496 -25.9275199535442 -16.3407578417451 -12.2536278111043 -12.1904836681453 -10.4268671241187 -5.16306373983153 -1.53469831244803 -0.910027468436524 -1.2784428247188 -1.60264056286146 -1.7335697027859 -1.18081412463603 -1.25657729824341 -1.80983573477472 -1.96685670177989
-9999 -9999 -9999 -9999 -9999 -9999 -9999 -9999 -9999 -9999 -9999 -9999 -9999 -9999 -9999 -9999 -9999 -9999 -9999 -9999 -9999 -9999 -9999 -9999 -9999 -9999 -9999 -9999 -66.5560781153645 -44.2532318138487 -52.8216153114221 -99.9991303639533 -148.342812979797 -167.928719222225 -149.472557220576 -123.063137710624 -88.6774042964733 -61.6063663631273 -29.9928584426283 -22.4901945615131 -36.2608073575567 -28.571809202302 -19.107805307935 -16.4953392721234 -17.7657596229823 -17.4167171573786 -9.43918373551467 -3.64482126560025 -1.32830181491308 -1.08046040993328 -1.57406428279701 -1.49012621732906 -1.71543795125192 -2.00996468114083 -2.416277269895 -1.59055535365246
